{
"highlevel": {
    "danceability": {
        "all": {
            "danceable": 0.473457723856,
            "not_danceable": 0.526542246342
        },
        "probability": 0.526542246342,
        "value": "not_danceable"
    },
    "gender": {
        "all": {
            "female": 0.0258822515607,
            "male": 0.97411775589
        },
        "probability": 0.97411775589,
        "value": "male"
    },
    "genre_dortmund": {
        "all": {
            "alternative": 0.0726105421782,
            "blues": 0.0466657578945,
            "electronic": 0.0136805353686,
            "folkcountry": 0.595093369484,
            "funksoulrnb": 0.0688187554479,
            "jazz": 0.0650404766202,
            "pop": 0.0451706089079,
            "raphiphop": 0.0039693643339,
            "rock": 0.0889506116509
        },
        "probability": 0.595093369484,
        "value": "folkcountry"
    },
    "genre_electronic": {
        "all": {
            "ambient": 0.839911937714,
            "dnb": 0.0413558706641,
            "house": 0.070170596242,
            "techno": 0.00853344704956,
            "trance": 0.0400281734765
        },
        "probability": 0.839911937714,
        "value": "ambient"
    },
    "genre_rosamerica": {
        "all": {
            "cla": 0.219113051891,
            "dan": 0.0344064831734,
            "hip": 0.0175054837018,
            "jaz": 0.0640851259232,
            "pop": 0.321199327707,
            "rhy": 0.148219838738,
            "roc": 0.178352117538,
            "spe": 0.0171185545623
        },
        "probability": 0.321199327707,
        "value": "pop"
    },
    "genre_tzanetakis": {
        "all": {
            "blu": 0.0626613423228,
            "cla": 0.0348169617355,
            "cou": 0.104475811124,
            "dis": 0.0784321576357,
            "hip": 0.15692435205,
            "jaz": 0.313974827528,
            "met": 0.0448166541755,
            "pop": 0.0627359300852,
            "reg": 0.0627360641956,
            "roc": 0.0784258767962
        },
        "probability": 0.313974827528,
        "value": "jaz"
    },
    "ismir04_rhythm": {
        "all": {
            "ChaChaCha": 0.0885147377849,
            "Jive": 0.0172334313393,
            "Quickstep": 0.0520252622664,
            "Rumba-American": 0.0126067847013,
            "Rumba-International": 0.0547391138971,
            "Rumba-Misc": 0.0161364749074,
            "Samba": 0.0196055490524,
            "Tango": 0.135423064232,
            "VienneseWaltz": 0.557649433613,
            "Waltz": 0.0460661277175
        },
        "probability": 0.557649433613,
        "value": "VienneseWaltz"
    },
    "mood_acoustic": {
        "all": {
            "acoustic": 0.409375160933,
            "not_acoustic": 0.59062486887
        },
        "probability": 0.59062486887,
        "value": "not_acoustic"
    },
    "mood_aggressive": {
        "all": {
            "aggressive": 0.106306068599,
            "not_aggressive": 0.89369392395
        },
        "probability": 0.89369392395,
        "value": "not_aggressive"
    },
    "mood_electronic": {
        "all": {
            "electronic": 0.184089362621,
            "not_electronic": 0.815910637379
        },
        "probability": 0.815910637379,
        "value": "not_electronic"
    },
    "mood_happy": {
        "all": {
            "happy": 0.532008111477,
            "not_happy": 0.467991858721
        },
        "probability": 0.532008111477,
        "value": "happy"
    },
    "mood_party": {
        "all": {
            "not_party": 0.863187193871,
            "party": 0.136812776327
        },
        "probability": 0.863187193871,
        "value": "not_party"
    },
    "mood_relaxed": {
        "all": {
            "not_relaxed": 0.0755108445883,
            "relaxed": 0.924489140511
        },
        "probability": 0.924489140511,
        "value": "relaxed"
    },
    "mood_sad": {
        "all": {
            "not_sad": 0.867443859577,
            "sad": 0.132556140423
        },
        "probability": 0.867443859577,
        "value": "not_sad"
    },
    "moods_mirex": {
        "all": {
            "Cluster1": 0.143328055739,
            "Cluster2": 0.240125998855,
            "Cluster3": 0.1691378057,
            "Cluster4": 0.412689626217,
            "Cluster5": 0.0347185172141
        },
        "probability": 0.412689626217,
        "value": "Cluster4"
    },
    "timbre": {
        "all": {
            "bright": 0.984073340893,
            "dark": 0.0159266516566
        },
        "probability": 0.984073340893,
        "value": "bright"
    },
    "tonal_atonal": {
        "all": {
            "atonal": 0.0380000025034,
            "tonal": 0.962000012398
        },
        "probability": 0.962000012398,
        "value": "tonal"
    },
    "voice_instrumental": {
        "all": {
            "instrumental": 0.000298575236229,
            "voice": 0.999701440334
        },
        "probability": 0.999701440334,
        "value": "voice"
    }
},
"lowlevel": {
    "average_loudness": 0.918608188629,
    "barkbands_crest": {
        "dmean": 2.17418313026,
        "dmean2": 3.55971813202,
        "dvar": 4.35003995895,
        "dvar2": 11.0521287918,
        "max": 22.5824985504,
        "mean": 8.73862457275,
        "median": 8.0667924881,
        "min": 2.74225378036,
        "var": 10.8010969162
    },
    "barkbands_flatness_db": {
        "dmean": 0.0196858905256,
        "dmean2": 0.0291837230325,
        "dvar": 0.000442261894932,
        "dvar2": 0.000829457771033,
        "max": 0.469613552094,
        "mean": 0.170438915491,
        "median": 0.15870796144,
        "min": 0.0620357356966,
        "var": 0.00273623643443
    },
    "barkbands_kurtosis": {
        "dmean": 1.77872002125,
        "dmean2": 2.71325731277,
        "dvar": 16.7453022003,
        "dvar2": 40.3014144897,
        "max": 121.644393921,
        "mean": 2.2363884449,
        "median": 1.04975605011,
        "min": -1.81601285934,
        "var": 28.6619510651
    },
    "barkbands_skewness": {
        "dmean": 0.397184729576,
        "dmean2": 0.585210025311,
        "dvar": 0.195084363222,
        "dvar2": 0.420271873474,
        "max": 8.31117725372,
        "mean": 1.05137228966,
        "median": 0.935537993908,
        "min": -2.45505023003,
        "var": 0.819850921631
    },
    "barkbands_spread": {
        "dmean": 3.85243368149,
        "dmean2": 5.68290710449,
        "dvar": 26.6749897003,
        "dvar2": 48.4627456665,
        "max": 77.8863067627,
        "mean": 17.5865077972,
        "median": 15.6727542877,
        "min": 0.716680407524,
        "var": 106.453147888
    },
    "dissonance": {
        "dmean": 0.0226464979351,
        "dmean2": 0.0382052846253,
        "dvar": 0.000464392243885,
        "dvar2": 0.00120389671065,
        "max": 0.499851077795,
        "mean": 0.450219959021,
        "median": 0.454978913069,
        "min": 0.26771491766,
        "var": 0.000893191143405
    },
    "dynamic_complexity": 2.79999232292,
    "erbbands_crest": {
        "dmean": 2.62758874893,
        "dmean2": 4.17445755005,
        "dvar": 5.98351049423,
        "dvar2": 14.2377853394,
        "max": 26.6707210541,
        "mean": 10.2196626663,
        "median": 9.31302452087,
        "min": 3.77266025543,
        "var": 16.451669693
    },
    "erbbands_flatness_db": {
        "dmean": 0.01955710724,
        "dmean2": 0.0261572469026,
        "dvar": 0.000403968122555,
        "dvar2": 0.000695172231644,
        "max": 0.43210786581,
        "mean": 0.203259810805,
        "median": 0.200524091721,
        "min": 0.078672170639,
        "var": 0.00264348322526
    },
    "erbbands_kurtosis": {
        "dmean": 1.01362204552,
        "dmean2": 1.57550597191,
        "dvar": 2.54712319374,
        "dvar2": 5.56751394272,
        "max": 36.8585586548,
        "mean": 0.950002551079,
        "median": 0.335788249969,
        "min": -1.78366041183,
        "var": 5.79379796982
    },
    "erbbands_skewness": {
        "dmean": 0.347976267338,
        "dmean2": 0.518227458,
        "dvar": 0.10433806479,
        "dvar2": 0.222665071487,
        "max": 5.31506252289,
        "mean": 0.549747943878,
        "median": 0.592159986496,
        "min": -2.83709621429,
        "var": 0.575473546982
    },
    "erbbands_spread": {
        "dmean": 5.690782547,
        "dmean2": 8.47265052795,
        "dvar": 52.8189468384,
        "dvar2": 102.855636597,
        "max": 110.50592041,
        "mean": 27.219827652,
        "median": 24.1812114716,
        "min": 5.05163288116,
        "var": 211.612365723
    },
    "hfc": {
        "dmean": 5.01547193527,
        "dmean2": 6.74031448364,
        "dvar": 30.9660587311,
        "dvar2": 56.1358795166,
        "max": 76.6229400635,
        "mean": 21.0117034912,
        "median": 19.5006980896,
        "min": 0.000530928024091,
        "var": 181.036392212
    },
    "melbands_crest": {
        "dmean": 2.9137237072,
        "dmean2": 4.68859434128,
        "dvar": 8.34197902679,
        "dvar2": 21.2491779327,
        "max": 30.8378334045,
        "mean": 11.5672903061,
        "median": 10.4808959961,
        "min": 3.74367070198,
        "var": 19.6683940887
    },
    "melbands_flatness_db": {
        "dmean": 0.0226724427193,
        "dmean2": 0.0321140177548,
        "dvar": 0.000654813309666,
        "dvar2": 0.00115186162293,
        "max": 0.539511740208,
        "mean": 0.211406245828,
        "median": 0.200480058789,
        "min": 0.0406085625291,
        "var": 0.00401993049309
    },
    "melbands_kurtosis": {
        "dmean": 3.02938652039,
        "dmean2": 4.70377349854,
        "dvar": 36.285068512,
        "dvar2": 88.5696182251,
        "max": 115.158721924,
        "mean": 5.39089918137,
        "median": 3.14311599731,
        "min": -1.82490420341,
        "var": 70.5758895874
    },
    "melbands_skewness": {
        "dmean": 0.464196324348,
        "dmean2": 0.69911891222,
        "dvar": 0.294392198324,
        "dvar2": 0.657846152782,
        "max": 7.50412416458,
        "mean": 1.6125575304,
        "median": 1.43082141876,
        "min": -0.585432469845,
        "var": 1.15283334255
    },
    "melbands_spread": {
        "dmean": 5.07628202438,
        "dmean2": 7.63792848587,
        "dvar": 59.3977050781,
        "dvar2": 116.773841858,
        "max": 189.388519287,
        "mean": 23.1887550354,
        "median": 19.8349323273,
        "min": 0.84867721796,
        "var": 295.902496338
    },
    "pitch_salience": {
        "dmean": 0.0630298033357,
        "dmean2": 0.102099239826,
        "dvar": 0.00355436187238,
        "dvar2": 0.00950155034661,
        "max": 0.815527737141,
        "mean": 0.586206018925,
        "median": 0.592209219933,
        "min": 0.294339835644,
        "var": 0.00824627093971
    },
    "silence_rate_20dB": {
        "dmean": 0,
        "dmean2": 0,
        "dvar": 0,
        "dvar2": 0,
        "max": 1,
        "mean": 1,
        "median": 1,
        "min": 1,
        "var": 0
    },
    "silence_rate_30dB": {
        "dmean": 0.0030959751457,
        "dmean2": 0.00619674660265,
        "dvar": 0.00308637181297,
        "dvar2": 0.00925663951784,
        "max": 1,
        "mean": 0.998453199863,
        "median": 1,
        "min": 0,
        "var": 0.00154439464677
    },
    "silence_rate_60dB": {
        "dmean": 0.0193498451263,
        "dmean2": 0.0379550717771,
        "dvar": 0.0189753826708,
        "dvar2": 0.0380637869239,
        "max": 1,
        "mean": 0.0626450106502,
        "median": 0,
        "min": 0,
        "var": 0.058720394969
    },
    "spectral_centroid": {
        "dmean": 189.57925415,
        "dmean2": 267.375061035,
        "dvar": 55583.3867188,
        "dvar2": 96693.2578125,
        "max": 4418.13574219,
        "mean": 1239.5,
        "median": 1145.63684082,
        "min": 294.321289062,
        "var": 391096.53125
    },
    "spectral_complexity": {
        "dmean": 2.88003087044,
        "dmean2": 4.23315238953,
        "dvar": 7.71392297745,
        "dvar2": 15.9293756485,
        "max": 44,
        "mean": 18.6867752075,
        "median": 19,
        "min": 0,
        "var": 63.0580329895
    },
    "spectral_decrease": {
        "dmean": 1.96726590573e-09,
        "dmean2": 2.8443023492e-09,
        "dvar": 7.65448537029e-18,
        "dvar2": 1.54156158282e-17,
        "max": -2.9489260968e-13,
        "mean": -7.03577285321e-09,
        "median": -6.1662142059e-09,
        "min": -2.94071949014e-08,
        "var": 2.7369920853e-17
    },
    "spectral_energy": {
        "dmean": 0.00778601178899,
        "dmean2": 0.0111889978871,
        "dvar": 0.000114599410153,
        "dvar2": 0.000230390491197,
        "max": 0.115188755095,
        "mean": 0.0284604448825,
        "median": 0.0251931063831,
        "min": 1.16114426874e-06,
        "var": 0.000424579338869
    },
    "spectral_energyband_high": {
        "dmean": 0.000155219546286,
        "dmean2": 0.000202489783987,
        "dvar": 1.15766468411e-07,
        "dvar2": 1.58897947244e-07,
        "max": 0.00731533952057,
        "mean": 0.000344829168171,
        "median": 0.000136164031574,
        "min": 8.10672240448e-09,
        "var": 4.60595657614e-07
    },
    "spectral_energyband_low": {
        "dmean": 0.00373764522374,
        "dmean2": 0.00600883131847,
        "dvar": 7.29370294721e-05,
        "dvar2": 0.000157546222908,
        "max": 0.0780692473054,
        "mean": 0.00634312303737,
        "median": 0.00330589106306,
        "min": 2.04019219296e-08,
        "var": 0.000112337998871
    },
    "spectral_energyband_middle_high": {
        "dmean": 0.00218571862206,
        "dmean2": 0.00287334574386,
        "dvar": 9.04149419512e-06,
        "dvar2": 1.49029201566e-05,
        "max": 0.0492245554924,
        "mean": 0.00751097686589,
        "median": 0.00578711228445,
        "min": 8.11815468182e-08,
        "var": 5.07538570673e-05
    },
    "spectral_energyband_middle_low": {
        "dmean": 0.0044534704648,
        "dmean2": 0.0065903053619,
        "dvar": 3.00742776744e-05,
        "dvar2": 6.89094813424e-05,
        "max": 0.0697936788201,
        "mean": 0.015036647208,
        "median": 0.0127044264227,
        "min": 1.04899959297e-06,
        "var": 0.000132091881824
    },
    "spectral_entropy": {
        "dmean": 0.163582786918,
        "dmean2": 0.22245387733,
        "dvar": 0.0349489971995,
        "dvar2": 0.0598623156548,
        "max": 8.4768705368,
        "mean": 7.1978764534,
        "median": 7.22198629379,
        "min": 4.71415233612,
        "var": 0.204853266478
    },
    "spectral_flux": {
        "dmean": 0.0240483172238,
        "dmean2": 0.0384663008153,
        "dvar": 0.000689251988661,
        "dvar2": 0.0015746433055,
        "max": 0.256842255592,
        "mean": 0.0809091851115,
        "median": 0.0736769661307,
        "min": 0.000765806471463,
        "var": 0.00205423077568
    },
    "spectral_kurtosis": {
        "dmean": 3.25501465797,
        "dmean2": 4.9990940094,
        "dvar": 37.7890853882,
        "dvar2": 60.0982780457,
        "max": 147.647735596,
        "mean": 8.85552883148,
        "median": 6.73264408112,
        "min": -0.612395048141,
        "var": 138.933349609
    },
    "spectral_rms": {
        "dmean": 0.000682282843627,
        "dmean2": 0.000949853449129,
        "dvar": 5.82504412705e-07,
        "dvar2": 1.0820638181e-06,
        "max": 0.0106009095907,
        "mean": 0.00488142529503,
        "median": 0.0049576847814,
        "min": 3.36574485118e-05,
        "var": 3.93797608922e-06
    },
    "spectral_rolloff": {
        "dmean": 332.330932617,
        "dmean2": 541.031982422,
        "dvar": 439269.09375,
        "dvar2": 824066.6875,
        "max": 9345.41015625,
        "mean": 1449.08630371,
        "median": 1076.66015625,
        "min": 129.19921875,
        "var": 1365115.75
    },
    "spectral_skewness": {
        "dmean": 0.319831937551,
        "dmean2": 0.481827259064,
        "dvar": 0.151427000761,
        "dvar2": 0.248300373554,
        "max": 8.95596981049,
        "mean": 2.02826452255,
        "median": 1.93519556522,
        "min": 0.0723150223494,
        "var": 0.795419216156
    },
    "spectral_spread": {
        "dmean": 508119.125,
        "dmean2": 698329.5,
        "dvar": 585444229120,
        "dvar2": 906887430144,
        "max": 19599554,
        "mean": 3560074.5,
        "median": 3352890.25,
        "min": 650162.5,
        "var": 1.84815425946e+12
    },
    "spectral_strongpeak": {
        "dmean": 0.716648042202,
        "dmean2": 1.17773807049,
        "dvar": 0.944826602936,
        "dvar2": 2.31840348244,
        "max": 9.45860385895,
        "mean": 1.47604656219,
        "median": 1.16636526585,
        "min": 0,
        "var": 1.90921425819
    },
    "zerocrossingrate": {
        "dmean": 0.00794212892652,
        "dmean2": 0.00917030777782,
        "dvar": 0.000113995898573,
        "dvar2": 0.00011106760212,
        "max": 0.26123046875,
        "mean": 0.053287230432,
        "median": 0.0478515625,
        "min": 0.01318359375,
        "var": 0.000906147353817
    },
    "barkbands": {
        "dmean": [0.000836550723761, 0.00235018390231, 0.00137683900539, 0.00079309893772, 0.00130825326778, 0.000906158355065, 0.00137151312083, 0.00157018622849, 0.00134576344863, 0.000899022037629, 0.00085526611656, 0.000405122991651, 0.000258058687905, 0.000307464855723, 0.000287524162559, 0.000176998015377, 0.00025742847356, 0.000136191534693, 0.000218812667299, 0.00010030833073, 3.12277006742e-05, 4.79829104734e-05, 3.72605209122e-05, 2.44331949943e-05, 1.78485679498e-05, 1.12406069093e-05, 1.89668036832e-09],
        "dmean2": [0.00127712672111, 0.00379468756728, 0.00235616834834, 0.0013710987987, 0.00209503015503, 0.00141365360469, 0.00219244346954, 0.00244474294595, 0.00203549838625, 0.00131641014013, 0.00123457680456, 0.000562687695492, 0.00038900988875, 0.000475623470265, 0.000452050211607, 0.000265505048446, 0.000400863820687, 0.000207563105505, 0.000319205661071, 0.0001457738108, 4.69175356557e-05, 6.54465911794e-05, 5.23514318047e-05, 3.4055494325e-05, 2.62512112386e-05, 1.67869238794e-05, 2.90730461927e-09],
        "dvar": [7.59558997743e-06, 3.85699495382e-05, 7.41645180824e-06, 1.6581533373e-06, 4.60022693005e-06, 1.83343752269e-06, 8.15481143945e-06, 9.454699466e-06, 5.39798247701e-06, 6.99240399626e-06, 3.20066988024e-06, 8.0308205952e-07, 4.19935020091e-07, 2.67675687837e-07, 3.44600380231e-07, 1.22208874132e-07, 1.54311848632e-07, 5.22563965433e-08, 1.29476021016e-07, 5.96401577013e-08, 6.81866607621e-09, 1.83383601637e-08, 1.02818589198e-08, 2.67132649334e-09, 1.82830639517e-09, 8.52864945333e-10, 4.27045292295e-16],
        "dvar2": [1.73807165993e-05, 8.87782152859e-05, 1.94507447304e-05, 4.67799736725e-06, 1.11710869533e-05, 4.01955730922e-06, 2.12403592741e-05, 2.28110166063e-05, 1.27214580061e-05, 1.4371643374e-05, 7.06143646312e-06, 1.4478181356e-06, 1.00756903976e-06, 6.36730703718e-07, 8.40371342292e-07, 2.41074474161e-07, 3.5415590105e-07, 1.04732862383e-07, 2.4434820034e-07, 1.30819529431e-07, 1.46593768235e-08, 2.88786790037e-08, 1.68282507929e-08, 4.3351189305e-09, 3.75395714514e-09, 1.94524174546e-09, 4.36082736795e-16],
        "max": [0.0264940671623, 0.0580398961902, 0.0289242118597, 0.00969348475337, 0.0348061136901, 0.0253747310489, 0.0418865010142, 0.037975396961, 0.0301428847015, 0.0436844527721, 0.0260148048401, 0.0173848923296, 0.0123378681019, 0.00629646982998, 0.0103541361168, 0.00718648917973, 0.00585445249453, 0.0036383990664, 0.00480339396745, 0.00493555655703, 0.0014042861294, 0.00242828158662, 0.00227000797167, 0.00117138761561, 0.00088466797024, 0.000421232165536, 7.14491193321e-07],
        "mean": [0.000743871496525, 0.00301697920077, 0.00209915195592, 0.00113840261474, 0.00283149187453, 0.00226845033467, 0.00272894417867, 0.00253971712664, 0.00297121633776, 0.00152999127749, 0.00207662163302, 0.000730440893676, 0.000462481257273, 0.000566915841773, 0.000559432897717, 0.000386309053283, 0.000558959611226, 0.000273572688457, 0.000473287014756, 0.000197662069695, 6.2184939452e-05, 8.95851917448e-05, 6.64324543322e-05, 4.53679240309e-05, 2.93590910587e-05, 1.36379321702e-05, 1.66376645794e-09],
        "median": [1.18667267088e-05, 0.000945019128267, 0.000572491378989, 0.000572345801629, 0.00153114763089, 0.00124017673079, 0.00114780338481, 0.00130374077708, 0.00177468219772, 0.000442409305833, 0.000633178977296, 0.00029087162693, 0.000182042451343, 0.000219695415581, 0.000205246338737, 0.000131905006128, 0.000350874994183, 0.000123139921925, 0.000253306207014, 4.14665555581e-05, 1.43287779792e-05, 2.49998738582e-05, 2.04973021027e-05, 2.02712417376e-05, 1.17670051623e-05, 2.81184316009e-06, 3.256890313e-10],
        "min": [4.39358383009e-10, 3.7308902634e-09, 7.5483713724e-10, 3.57986307264e-10, 4.20547593194e-07, 4.78053948427e-07, 3.26867635181e-08, 2.92002031443e-08, 7.96697197103e-09, 6.51531495421e-09, 2.66844679686e-08, 1.87198629931e-08, 1.01751362891e-09, 2.88015522543e-09, 1.33212973985e-09, 3.74862985097e-09, 8.14898495904e-11, 5.99943983381e-10, 1.39908362673e-09, 8.42075242868e-10, 8.31906210585e-10, 1.36500566406e-09, 8.01161914588e-10, 6.30639207522e-10, 6.90363868502e-12, 6.17699641436e-12, 9.75815175192e-12],
        "var": [7.53828499001e-06, 4.4206113671e-05, 1.1852795069e-05, 2.29145985031e-06, 1.28413839775e-05, 9.41103735386e-06, 1.50086643771e-05, 1.33850808197e-05, 1.30133339553e-05, 1.31648721435e-05, 1.3093549569e-05, 2.32487855101e-06, 6.49511946449e-07, 7.37569905596e-07, 9.67019673226e-07, 6.03122543907e-07, 4.40869769136e-07, 1.68684962887e-07, 3.9502464233e-07, 2.3666096638e-07, 2.33966623853e-08, 4.85365809766e-08, 2.99534299586e-08, 8.84584228089e-09, 4.50004744579e-09, 1.10777553797e-09, 4.26140184651e-16]
    },
    "erbbands": {
        "dmean": [0.0955916047096, 0.478884756565, 1.42630708218, 2.23677968979, 3.24806380272, 5.72872591019, 6.64001750946, 6.94838523865, 14.6107778549, 24.8106250763, 39.1696815491, 31.3033752441, 23.1755905151, 34.69090271, 22.0638637543, 15.6155385971, 11.4098978043, 15.0386362076, 14.9469890594, 10.072022438, 9.40684986115, 12.212553978, 7.8712348938, 8.11010551453, 10.9949884415, 3.11825919151, 1.46657371521, 1.29900205135, 1.67414450645, 1.59023201466, 0.946604549885, 0.614262402058, 0.376461476088, 0.188554301858, 0.149937301874, 0.0707638412714, 0.0155912786722, 0.00113116623834, 2.44287148234e-05, 9.53453309194e-06],
        "dmean2": [0.152496531606, 0.81156951189, 2.44195342064, 3.79495429993, 5.32619380951, 9.21774768829, 10.4792861938, 10.8976564407, 23.0342311859, 40.2342529297, 59.9451904297, 47.1933670044, 34.195690155, 47.8034362793, 30.7713737488, 21.682756424, 17.0222969055, 23.102355957, 23.5307559967, 15.0217609406, 13.6948223114, 18.6152381897, 11.6330938339, 11.9907560349, 15.6354131699, 4.49330043793, 2.21837115288, 1.94021594524, 2.25329756737, 2.31787204742, 1.3091288805, 0.840563714504, 0.553193330765, 0.278167545795, 0.221104741096, 0.102103754878, 0.0241442248225, 0.0018086071359, 3.67565153283e-05, 1.34265092129e-05],
        "dvar": [0.0819088146091, 1.58713650703, 9.01058673859, 13.0740346909, 31.616519928, 95.9979095459, 104.316596985, 125.621047974, 837.495849609, 3033.90429688, 5821.42724609, 3345.73608398, 4904.30566406, 5375.36425781, 2697.37109375, 1067.78845215, 644.049987793, 693.221191406, 894.002807617, 376.584716797, 302.889923096, 324.942810059, 175.077667236, 164.422409058, 366.553924561, 37.0739173889, 16.5390758514, 12.3296089172, 23.7870254517, 18.0768318176, 7.59763669968, 1.99581730366, 0.680899679661, 0.150439932942, 0.166297376156, 0.0333365909755, 0.00178517354652, 1.20817321658e-05, 4.21483647983e-09, 1.631287605e-10],
        "dvar2": [0.171560660005, 4.33993816376, 25.033033371, 34.4600830078, 81.9561233521, 231.306854248, 254.679870605, 276.65802002, 2162.14306641, 7969.20361328, 13846.1689453, 7912.72412109, 10204.5039062, 8824.48242188, 5492.80029297, 1757.10900879, 1528.65551758, 1672.37939453, 2163.70800781, 884.190856934, 569.836975098, 714.94744873, 383.724029541, 321.575469971, 670.213378906, 76.6492156982, 37.9549026489, 23.6351795197, 41.0555496216, 31.6506500244, 12.1922588348, 2.96673631668, 1.2352257967, 0.310758948326, 0.357189446688, 0.0720102787018, 0.0042239157483, 3.01934342133e-05, 1.01856132417e-08, 3.31805249942e-10],
        "max": [3.6723086834, 10.1316518784, 30.417930603, 38.5864219666, 77.3348464966, 198.875930786, 156.941375732, 201.905502319, 460.269683838, 712.219604492, 1060.93395996, 703.677307129, 1143.36694336, 1166.58056641, 1213.73046875, 782.168640137, 456.329956055, 328.967254639, 669.329162598, 335.341247559, 388.277679443, 276.711669922, 196.80506897, 155.797195435, 317.516204834, 125.645378113, 91.5342178345, 53.8811798096, 76.5256118774, 67.6637268066, 70.2550811768, 29.3631534576, 19.7351036072, 8.31617355347, 8.16589069366, 2.62328624725, 0.592356920242, 0.0505925789475, 0.00100175233092, 0.000140147021739],
        "mean": [0.108986862004, 0.60441839695, 2.11878800392, 3.53779149055, 5.69391870499, 11.1633272171, 13.5941953659, 17.4743804932, 33.2058105469, 45.2338027954, 72.3328552246, 67.6503295898, 43.0601387024, 77.8268051147, 59.1773872375, 32.3994140625, 23.2186985016, 30.5150604248, 29.9026165009, 21.7845668793, 23.835111618, 28.4030380249, 17.6577911377, 18.5112552643, 25.429889679, 7.06357192993, 3.04215812683, 2.40050721169, 3.03026652336, 3.04538059235, 1.65269625187, 1.09123623371, 0.663066089153, 0.315900325775, 0.223350018263, 0.0921355113387, 0.0180683284998, 0.00117351778317, 4.14047681261e-05, 3.54318835889e-05],
        "median": [0.0255510397255, 0.250181853771, 0.817702710629, 2.1344602108, 3.14491081238, 5.57285928726, 7.66265821457, 9.9871673584, 15.7035970688, 24.8347396851, 40.5403556824, 43.7780532837, 18.4583015442, 28.9333553314, 17.4352340698, 15.1692695618, 10.7858552933, 13.2045764923, 13.9494695663, 9.43212604523, 8.84998703003, 18.8920860291, 10.1104021072, 10.3657855988, 10.7739744186, 2.31145095825, 0.750176727772, 0.625680506229, 0.816795945168, 1.04580628872, 0.475414484739, 0.397439211607, 0.300138682127, 0.144649848342, 0.0721441358328, 0.0186917595565, 0.00420429790393, 0.000194884312805, 2.20467500185e-05, 3.11746480293e-05],
        "min": [8.87878073286e-08, 6.07063100233e-07, 3.49940773958e-06, 5.2259720178e-06, 5.85401539865e-05, 0.00185094913468, 0.0017197659472, 0.00600092159584, 0.00141974491999, 0.00104417558759, 0.000432853354141, 0.000171407620655, 0.000216092783376, 0.000598635757342, 0.000826621369924, 0.000859184365254, 0.000133263485623, 0.00013102615776, 0.000114216927614, 9.85440856311e-05, 0.00017230900994, 3.49071888195e-05, 3.97879448428e-05, 6.64628023515e-05, 7.76984015829e-05, 4.40101248387e-05, 3.14469798468e-05, 3.32225863531e-05, 4.47943602921e-05, 3.25910878018e-05, 2.09834142879e-05, 9.37449203775e-06, 1.34160773086e-05, 9.15350824471e-07, 1.07176504116e-07, 4.47501484757e-08, 1.85061175273e-08, 5.95124216574e-09, 2.39688469073e-09, 1.5165375622e-09],
        "var": [0.0962492153049, 1.38387167454, 10.9857606888, 22.6112880707, 60.8955421448, 271.99710083, 307.702087402, 548.196350098, 2268.83007812, 3898.56640625, 9417.4453125, 6740.30175781, 9387.88476562, 18958.1347656, 15397.3193359, 4095.92651367, 1226.41577148, 1964.31884766, 2233.89282227, 1196.83850098, 1873.26831055, 1014.35699463, 535.552429199, 499.292724609, 1674.81665039, 185.925109863, 62.4987602234, 35.5739173889, 57.3704338074, 50.4415512085, 22.4499950409, 6.40292692184, 1.80072116852, 0.385200500488, 0.344899356365, 0.0546200200915, 0.00192656042054, 1.09868951768e-05, 4.73559857994e-09, 6.17877637943e-10]
    },
    "gfcc": {
        "mean": [-20.1530380249, 110.966972351, -138.661376953, 12.4420833588, -70.4391326904, 2.95539188385, -46.8421707153, 11.9107933044, -24.4514408112, -6.42177248001, -12.7228450775, -3.70524549484, -12.2722587585],
        "cov": [[8917.68554688, -379.791015625, 557.472290039, 733.97277832, 705.287963867, 962.131103516, 423.267669678, 1214.89819336, 287.156402588, 283.838226318, -362.36114502, -87.466255188, -593.922119141], [-379.791015625, 1719.5892334, 250.355667114, -200.967163086, 443.771911621, 91.9138793945, 423.34463501, -134.760665894, 241.154418945, -83.0116424561, 214.662750244, 29.7078647614, 174.080245972], [557.472290039, 250.355667114, 919.262023926, 283.444641113, 170.642105103, 364.125213623, 243.077331543, 122.556716919, 129.645004272, 199.861801147, -125.956459045, 98.3356323242, -25.4859142303], [733.97277832, -200.967163086, 283.444641113, 716.48425293, 70.3003158569, 175.472854614, 140.503875732, 125.442878723, 174.367248535, 100.000328064, -106.274902344, -12.7157735825, -18.3018531799], [705.287963867, 443.771911621, 170.642105103, 70.3003158569, 356.653503418, 166.148239136, 155.451263428, 137.12109375, 105.798545837, 18.6882133484, -9.93698310852, -1.57045662403, -23.2020359039], [962.131103516, 91.9138793945, 364.125213623, 175.472854614, 166.148239136, 457.4324646, 259.516937256, 173.406433105, 93.4711914062, 51.5822792053, -50.4675865173, 75.8685455322, -92.7466583252], [423.267669678, 423.34463501, 243.077331543, 140.503875732, 155.451263428, 259.516937256, 408.012664795, 69.6327819824, 98.868270874, 8.97170066833, 23.4134693146, 75.326133728, -2.19542598724], [1214.89819336, -134.760665894, 122.556716919, 125.442878723, 137.12109375, 173.406433105, 69.6327819824, 337.968933105, 69.3196258545, 52.7272224426, -91.209564209, -50.7477073669, -122.407165527], [287.156402588, 241.154418945, 129.645004272, 174.367248535, 105.798545837, 93.4711914062, 98.868270874, 69.3196258545, 238.971725464, 59.0774536133, -19.1016769409, -34.8458633423, 4.56112527847], [283.838226318, -83.0116424561, 199.861801147, 100.000328064, 18.6882133484, 51.5822792053, 8.97170066833, 52.7272224426, 59.0774536133, 155.323364258, -50.7078056335, 2.64287161827, -7.61444091797], [-362.36114502, 214.662750244, -125.956459045, -106.274902344, -9.93698310852, -50.4675865173, 23.4134693146, -91.209564209, -19.1016769409, -50.7078056335, 145.088729858, 41.687538147, 47.3719978333], [-87.466255188, 29.7078647614, 98.3356323242, -12.7157735825, -1.57045662403, 75.8685455322, 75.326133728, -50.7477073669, -34.8458633423, 2.64287161827, 41.687538147, 136.318710327, 21.5064563751], [-593.922119141, 174.080245972, -25.4859142303, -18.3018531799, -23.2020359039, -92.7466583252, -2.19542598724, -122.407165527, 4.56112527847, -7.61444091797, 47.3719978333, 21.5064563751, 158.522857666]],
        "icov": [[0.000286499358481, -0.000280819367617, 0.000344495405443, -0.000268489704467, 2.09664194699e-05, -0.000350046553649, 0.000209332676604, -0.000792584789451, 0.000324253633153, -0.000546013179701, 0.000369269459043, -0.000341868173564, 0.000495792657603], [-0.000280819367617, 0.00575849087909, -0.00329451751895, 0.00297754257917, -0.00547098554671, 0.00250591337681, -0.0043873838149, 0.00357285887003, -0.0044712391682, 0.00432964833453, -0.00594574352726, 0.00453321216628, -0.00269976840355], [0.000344495405443, -0.00329451751895, 0.0046758307144, -0.00190582091454, 0.0024316648487, -0.0028117808979, 0.0020293709822, -0.001911018393, 0.00259859627113, -0.00513457646593, 0.00529627641663, -0.00391744449735, 0.00133089080919], [-0.000268489704467, 0.00297754257917, -0.00190582091454, 0.00363811478019, -0.00236068177037, 0.00122855510563, -0.00265684491023, 0.00188631098717, -0.0034988427069, 0.00214646430686, -0.0019392009126, 0.00230899662711, -0.00189900398254], [2.09664194699e-05, -0.00547098554671, 0.0024316648487, -0.00236068177037, 0.00977098662406, -0.00265050656162, 0.00347094121389, -0.00441884761676, 0.00302552548237, -0.00300488620996, 0.00482687959448, -0.00363109819591, 0.0015390010085], [-0.000350046553649, 0.00250591337681, -0.0028117808979, 0.00122855510563, -0.00265050656162, 0.00745599763468, -0.00397204933688, 0.000699765747413, -0.00283135520294, 0.0031069801189, -0.00205885875039, -0.000668354798108, 0.00102275237441], [0.000209332676604, -0.0043873838149, 0.0020293709822, -0.00265684491023, 0.00347094121389, -0.00397204933688, 0.00829442869872, -0.00296993483789, 0.00253161648288, -0.00204658810981, 0.00300347339362, -0.0044751772657, 0.00116589176469], [-0.000792584789451, 0.00357285887003, -0.001911018393, 0.00188631098717, -0.00441884761676, 0.000699765747413, -0.00296993483789, 0.00990779325366, -0.00292733521201, 0.00206154328771, -0.0021579072345, 0.00494177592918, 0.000547265924979], [0.000324253633153, -0.0044712391682, 0.00259859627113, -0.0034988427069, 0.00302552548237, -0.00283135520294, 0.00253161648288, -0.00292733521201, 0.0105926394463, -0.00556265097111, 0.0032244073227, -0.000256114755757, 0.00119887781329], [-0.000546013179701, 0.00432964833453, -0.00513457646593, 0.00214646430686, -0.00300488620996, 0.0031069801189, -0.00204658810981, 0.00206154328771, -0.00556265097111, 0.014462698251, -0.00365200452507, 0.00260796630755, -0.00284414272755], [0.000369269459043, -0.00594574352726, 0.00529627641663, -0.0019392009126, 0.00482687959448, -0.00205885875039, 0.00300347339362, -0.0021579072345, 0.0032244073227, -0.00365200452507, 0.0186681747437, -0.00882301107049, 0.00176771415863], [-0.000341868173564, 0.00453321216628, -0.00391744449735, 0.00230899662711, -0.00363109819591, -0.000668354798108, -0.0044751772657, 0.00494177592918, -0.000256114755757, 0.00260796630755, -0.00882301107049, 0.0169178545475, -0.00331669673324], [0.000495792657603, -0.00269976840355, 0.00133089080919, -0.00189900398254, 0.0015390010085, 0.00102275237441, 0.00116589176469, 0.000547265924979, 0.00119887781329, -0.00284414272755, 0.00176771415863, -0.00331669673324, 0.0121381953359]]
    },
    "melbands": {
        "dmean": [0.000731934967916, 0.00069407641422, 0.000382723810617, 0.000309107243083, 0.000219389199628, 0.000162671945873, 0.000249127129791, 0.000269161741016, 0.000343395542586, 0.000187997735338, 0.000115723916679, 0.000141535536386, 8.67605776875e-05, 4.90723141411e-05, 3.36577249982e-05, 2.29651177506e-05, 3.23348031088e-05, 2.49991717283e-05, 2.08875226235e-05, 1.3830836906e-05, 1.19534188343e-05, 1.40398597068e-05, 1.17711751955e-05, 5.66052403883e-06, 7.02970373823e-06, 9.5182313089e-06, 6.50730453344e-06, 1.46790966937e-06, 1.0735224123e-06, 8.01405235507e-07, 8.00602492745e-07, 9.46058378304e-07, 1.12985094347e-06, 9.02053955087e-07, 6.06665992109e-07, 4.46077422112e-07, 3.95992714175e-07, 3.11630941496e-07, 1.97295364046e-07, 1.64360784538e-07],
        "dmean2": [0.00119143701158, 0.00118614698295, 0.000648558198009, 0.00050135521451, 0.000343832594808, 0.000256343773799, 0.0003933867265, 0.000435140187619, 0.000523460155819, 0.000284244248178, 0.000173238353455, 0.00019544584211, 0.00012489312212, 6.48733548587e-05, 5.03006813233e-05, 3.40243277606e-05, 4.99996822327e-05, 3.98260053771e-05, 3.23926469719e-05, 2.10581310967e-05, 1.74799952219e-05, 2.15670534089e-05, 1.83316333278e-05, 8.64190951688e-06, 1.06663028419e-05, 1.38684708872e-05, 9.17822853808e-06, 2.29786269301e-06, 1.70466023519e-06, 1.23670008634e-06, 1.21231857975e-06, 1.3419806919e-06, 1.63629374583e-06, 1.34888296088e-06, 8.64764274411e-07, 6.41904136955e-07, 5.62124114367e-07, 4.69498985467e-07, 2.93516421834e-07, 2.58230841155e-07],
        "dvar": [4.36675145465e-06, 2.43101385422e-06, 3.690453525e-07, 2.74964463642e-07, 1.09066220944e-07, 7.26533002648e-08, 2.41879547502e-07, 3.38392567301e-07, 4.28849318723e-07, 1.22543525549e-07, 1.35180059146e-07, 9.67164126564e-08, 3.57869467393e-08, 1.12221423265e-08, 6.22910167891e-09, 2.08462846985e-09, 3.35868333146e-09, 2.48255527246e-09, 1.73166647688e-09, 9.30066024196e-10, 4.70452177215e-10, 4.84954854052e-10, 5.13952436165e-10, 8.3819624852e-11, 1.30363289608e-10, 2.7109409162e-10, 2.2681417855e-10, 1.10788166835e-11, 1.05991881938e-11, 5.13059646851e-12, 4.89309157428e-12, 9.02819138893e-12, 9.85748895704e-12, 5.72885749256e-12, 3.12782091894e-12, 1.78949335818e-12, 7.49305077621e-13, 5.16182040687e-13, 2.1125744383e-13, 1.15312070331e-13],
        "dvar2": [8.94153617992e-06, 6.85142640577e-06, 9.92719719761e-07, 6.72688656778e-07, 2.68772623713e-07, 1.5925751029e-07, 6.16404236098e-07, 8.77527952525e-07, 1.02506055555e-06, 2.84163746755e-07, 2.82176841893e-07, 1.61277142752e-07, 7.81583366916e-08, 1.68261760081e-08, 1.35877566976e-08, 4.48574954959e-09, 8.23500201363e-09, 6.09980999045e-09, 4.28587210166e-09, 2.01113259379e-09, 9.24257503865e-10, 1.10225240046e-09, 1.1918287468e-09, 1.84879875298e-10, 2.70060140917e-10, 5.090348143e-10, 4.65505550773e-10, 2.17675131392e-11, 2.64429884239e-11, 1.15613751211e-11, 9.74433814888e-12, 1.82327174192e-11, 1.6868867414e-11, 1.16147785834e-11, 5.60932637145e-12, 3.07241320059e-12, 1.33052694296e-12, 9.64893312819e-13, 4.52556015666e-13, 2.70173315144e-13],
        "max": [0.0237886346877, 0.0139909125865, 0.00555384531617, 0.00935615506023, 0.00426637753844, 0.00484234653413, 0.00760120712221, 0.00660490198061, 0.00834569521248, 0.00433100387454, 0.00582058960572, 0.00494290003553, 0.00354517553933, 0.00241727614775, 0.00178102287464, 0.00098382064607, 0.000752438150812, 0.00109787494875, 0.000691882101819, 0.000673263508361, 0.000450081628514, 0.000342177489074, 0.000348453933839, 0.000143853932968, 0.00013476247841, 0.000224700153922, 0.000297308928566, 6.31945076748e-05, 7.58389869588e-05, 3.68197179341e-05, 3.45493936038e-05, 5.09677556693e-05, 5.62201566936e-05, 3.71294590877e-05, 4.59500661236e-05, 2.55198192463e-05, 1.79373200808e-05, 1.70799557964e-05, 9.78054413281e-06, 5.83737892157e-06],
        "mean": [0.000934942625463, 0.00102758605499, 0.000666709966026, 0.000607455498539, 0.000480692659039, 0.0004164915008, 0.000555325474124, 0.000481204479001, 0.00063610135112, 0.000401053606765, 0.000198116438696, 0.000298555125482, 0.000220675181481, 0.000102696096292, 6.52758681099e-05, 4.32751730841e-05, 6.04327615292e-05, 4.47523816547e-05, 3.99452874262e-05, 2.75640704785e-05, 2.7477481126e-05, 3.0725466786e-05, 2.33914652199e-05, 1.17515000966e-05, 1.46891406985e-05, 2.02698774956e-05, 1.39595440487e-05, 2.53876146417e-06, 2.01433545044e-06, 1.40217059652e-06, 1.34262631946e-06, 1.55464874751e-06, 2.00758495339e-06, 1.59754256401e-06, 1.00005638615e-06, 6.96795439126e-07, 6.57424322981e-07, 5.10283086896e-07, 3.09452332203e-07, 2.49828389087e-07],
        "median": [0.000247504329309, 0.000565863330849, 0.000393996568164, 0.000318667676765, 0.000296362297377, 0.000229981087614, 0.000252539699432, 0.000260963483015, 0.000334568874678, 0.000251127814408, 6.63487880956e-05, 0.000102589277958, 6.3789106207e-05, 3.61951388186e-05, 3.03780780087e-05, 1.84108739631e-05, 2.32369693549e-05, 1.93061787286e-05, 1.50865162141e-05, 1.03249603853e-05, 9.61286605161e-06, 1.77277470357e-05, 1.15575503514e-05, 5.87303884458e-06, 7.3065621109e-06, 9.52105165197e-06, 3.1783349641e-06, 7.72856481035e-07, 3.83017237482e-07, 3.07021849721e-07, 3.34122006507e-07, 3.97651092499e-07, 5.62798391002e-07, 5.20891262568e-07, 2.69879365078e-07, 1.75901831767e-07, 2.38290922994e-07, 2.15679918369e-07, 1.42715364859e-07, 9.97084512733e-08],
