{
"highlevel": {
    "danceability": {
        "all": {
            "danceable": 0.999975085258,
            "not_danceable": 2.49229178735e-05
        },
        "probability": 0.999975085258,
        "value": "danceable"
    },
    "gender": {
        "all": {
            "female": 0.684696018696,
            "male": 0.315304011106
        },
        "probability": 0.684696018696,
        "value": "female"
    },
    "genre_dortmund": {
        "all": {
            "alternative": 0.0106950411573,
            "blues": 0.0100257135928,
            "electronic": 0.124962419271,
            "folkcountry": 0.00913605932146,
            "funksoulrnb": 0.0167286191136,
            "jazz": 0.0261587593704,
            "pop": 0.0547154173255,
            "raphiphop": 0.70971763134,
            "rock": 0.0378603339195
        },
        "probability": 0.70971763134,
        "value": "raphiphop"
    },
    "genre_electronic": {
        "all": {
            "ambient": 0.0535304509103,
            "dnb": 0.717806994915,
            "house": 0.0697520300746,
            "techno": 0.0160553362221,
            "trance": 0.14285518229
        },
        "probability": 0.717806994915,
        "value": "dnb"
    },
    "genre_rosamerica": {
        "all": {
            "cla": 0.000530987337697,
            "dan": 0.0878879353404,
            "hip": 0.697707355022,
            "jaz": 0.000703080615494,
            "pop": 0.0310176610947,
            "rhy": 0.178980261087,
            "roc": 0.0027052378282,
            "spe": 0.000467509933515
        },
        "probability": 0.697707355022,
        "value": "hip"
    },
    "genre_tzanetakis": {
        "all": {
            "blu": 0.0626613423228,
            "cla": 0.0348169617355,
            "cou": 0.104475811124,
            "dis": 0.0784321576357,
            "hip": 0.15692435205,
            "jaz": 0.313974827528,
            "met": 0.0448166541755,
            "pop": 0.0627359300852,
            "reg": 0.0627360641956,
            "roc": 0.0784258767962
        },
        "probability": 0.313974827528,
        "value": "jaz"
    },
    "ismir04_rhythm": {
        "all": {
            "ChaChaCha": 0.00630873953924,
            "Jive": 0.0128260022029,
            "Quickstep": 0.144033461809,
            "Rumba-American": 0.0056518916972,
            "Rumba-International": 0.0130559271201,
            "Rumba-Misc": 0.0180726442486,
            "Samba": 0.789989948273,
            "Tango": 0.00225038058124,
            "VienneseWaltz": 0.00452126050368,
            "Waltz": 0.00328973750584
        },
        "probability": 0.789989948273,
        "value": "Samba"
    },
    "mood_acoustic": {
        "all": {
            "acoustic": 0.00709147797897,
            "not_acoustic": 0.992908537388
        },
        "probability": 0.992908537388,
        "value": "not_acoustic"
    },
    "mood_aggressive": {
        "all": {
            "aggressive": 0.0639042630792,
            "not_aggressive": 0.936095714569
        },
        "probability": 0.936095714569,
        "value": "not_aggressive"
    },
    "mood_electronic": {
        "all": {
            "electronic": 0.823130071163,
            "not_electronic": 0.176869958639
        },
        "probability": 0.823130071163,
        "value": "electronic"
    },
    "mood_happy": {
        "all": {
            "happy": 0.713402748108,
            "not_happy": 0.286597251892
        },
        "probability": 0.713402748108,
        "value": "happy"
    },
    "mood_party": {
        "all": {
            "not_party": 0.177207425237,
            "party": 0.822792589664
        },
        "probability": 0.822792589664,
        "value": "party"
    },
    "mood_relaxed": {
        "all": {
            "not_relaxed": 0.563859403133,
            "relaxed": 0.436140626669
        },
        "probability": 0.563859403133,
        "value": "not_relaxed"
    },
    "mood_sad": {
        "all": {
            "not_sad": 0.873538911343,
            "sad": 0.126461103559
        },
        "probability": 0.873538911343,
        "value": "not_sad"
    },
    "moods_mirex": {
        "all": {
            "Cluster1": 0.193791657686,
            "Cluster2": 0.127716958523,
            "Cluster3": 0.273401468992,
            "Cluster4": 0.190668016672,
            "Cluster5": 0.214421898127
        },
        "probability": 0.273401468992,
        "value": "Cluster3"
    },
    "timbre": {
        "all": {
            "bright": 0.84460234642,
            "dark": 0.155397683382
        },
        "probability": 0.84460234642,
        "value": "bright"
    },
    "tonal_atonal": {
        "all": {
            "atonal": 0.260867297649,
            "tonal": 0.739132702351
        },
        "probability": 0.739132702351,
        "value": "tonal"
    },
    "voice_instrumental": {
        "all": {
            "instrumental": 0.00134110753424,
            "voice": 0.998658895493
        },
        "probability": 0.998658895493,
        "value": "voice"
    }
},
"lowlevel": {
    "average_loudness": 0.954695940018,
    "barkbands_crest": {
        "dmean": 3.27019333839,
        "dmean2": 5.05353069305,
        "dvar": 9.55515003204,
        "dvar2": 20.8484802246,
        "max": 26.1011276245,
        "mean": 12.9028434753,
        "median": 11.8567667007,
        "min": 3.19247627258,
        "var": 33.1629753113
    },
    "barkbands_flatness_db": {
        "dmean": 0.027790049091,
        "dmean2": 0.0406966544688,
        "dvar": 0.000726719968952,
        "dvar2": 0.00139762996696,
        "max": 0.444512158632,
        "mean": 0.161403939128,
        "median": 0.144673839211,
        "min": 0.0425667650998,
        "var": 0.00424135383219
    },
    "barkbands_kurtosis": {
        "dmean": 10.5874118805,
        "dmean2": 15.4343090057,
        "dvar": 863.316162109,
        "dvar2": 1485.62463379,
        "max": 520.58996582,
        "mean": 16.4000473022,
        "median": 3.22744417191,
        "min": -1.83301460743,
        "var": 2243.57739258
    },
    "barkbands_skewness": {
        "dmean": 1.00165259838,
        "dmean2": 1.38947296143,
        "dvar": 1.73506617546,
        "dvar2": 3.06941056252,
        "max": 20.0833854675,
        "mean": 2.58542633057,
        "median": 1.88824737072,
        "min": -1.00681519508,
        "var": 7.26860666275
    },
    "barkbands_spread": {
        "dmean": 7.95776128769,
        "dmean2": 11.3029298782,
        "dvar": 83.6015853882,
        "dvar2": 137.787002563,
        "max": 92.9921264648,
        "mean": 26.0759944916,
        "median": 22.6088161469,
        "min": 0.296654313803,
        "var": 359.401519775
    },
    "dissonance": {
        "dmean": 0.0183166600764,
        "dmean2": 0.0305864401162,
        "dvar": 0.000350800168235,
        "dvar2": 0.000982049154118,
        "max": 0.49991646409,
        "mean": 0.468101561069,
        "median": 0.473088026047,
        "min": 0.275984615088,
        "var": 0.00053311366355
    },
    "dynamic_complexity": 1.96896362305,
    "erbbands_crest": {
        "dmean": 2.60909223557,
        "dmean2": 4.10941267014,
        "dvar": 6.13322496414,
        "dvar2": 14.5763883591,
        "max": 27.7566051483,
        "mean": 8.47217750549,
        "median": 7.48233366013,
        "min": 2.59538936615,
        "var": 16.2179794312
    },
    "erbbands_flatness_db": {
        "dmean": 0.0172890555114,
        "dmean2": 0.024836326018,
        "dvar": 0.000238154389081,
        "dvar2": 0.000448059319751,
        "max": 0.273047596216,
        "mean": 0.126994565129,
        "median": 0.12192133069,
        "min": 0.0605169385672,
        "var": 0.00116720155347
    },
    "erbbands_kurtosis": {
        "dmean": 1.12197351456,
        "dmean2": 1.67090582848,
        "dvar": 1.78860104084,
        "dvar2": 3.81411981583,
        "max": 12.9787511826,
        "mean": 0.661697983742,
        "median": -0.10252904892,
        "min": -1.67500007153,
        "var": 4.70548725128
    },
    "erbbands_skewness": {
        "dmean": 0.402162671089,
        "dmean2": 0.564505696297,
        "dvar": 0.126224040985,
        "dvar2": 0.248024955392,
        "max": 2.58968186378,
        "mean": 0.348370045424,
        "median": 0.367764502764,
        "min": -1.93303632736,
        "var": 0.598478555679
    },
    "erbbands_spread": {
        "dmean": 12.4441633224,
        "dmean2": 18.1569194794,
        "dvar": 147.928955078,
        "dvar2": 292.493621826,
        "max": 144.162780762,
        "mean": 50.2212562561,
        "median": 47.6941871643,
        "min": 6.81919956207,
        "var": 603.672485352
    },
    "hfc": {
        "dmean": 12.072684288,
        "dmean2": 15.98350811,
        "dvar": 663.006164551,
        "dvar2": 1249.4543457,
        "max": 247.438949585,
        "mean": 29.9376277924,
        "median": 21.8344535828,
        "min": 1.83805167675,
        "var": 1185.74084473
    },
    "melbands_crest": {
        "dmean": 4.85656642914,
        "dmean2": 7.5066576004,
        "dvar": 17.7280673981,
        "dvar2": 46.0327949524,
        "max": 36.6313323975,
        "mean": 19.7103672028,
        "median": 19.0288619995,
        "min": 4.27265167236,
        "var": 61.5769538879
    },
    "melbands_flatness_db": {
        "dmean": 0.03433746472,
        "dmean2": 0.047997944057,
        "dvar": 0.00104504753835,
        "dvar2": 0.00188823416829,
        "max": 0.551263689995,
        "mean": 0.22269667685,
        "median": 0.206535637379,
        "min": 0.054971948266,
        "var": 0.00715051079169
    },
    "melbands_kurtosis": {
        "dmean": 28.3113632202,
        "dmean2": 42.0901489258,
        "dvar": 3896.42211914,
        "dvar2": 7761.82324219,
        "max": 724.543884277,
        "mean": 46.6652603149,
        "median": 15.635892868,
        "min": -1.16940534115,
        "var": 9080.19140625
    },
    "melbands_skewness": {
        "dmean": 1.46680486202,
        "dmean2": 2.07549214363,
        "dvar": 3.05958175659,
        "dvar2": 5.7613492012,
        "max": 22.0155239105,
        "mean": 4.39183664322,
        "median": 3.40669560432,
        "min": -0.869280338287,
        "var": 12.7167577744
    },
    "melbands_spread": {
        "dmean": 8.44356632233,
        "dmean2": 11.4852132797,
        "dvar": 138.628814697,
        "dvar2": 237.963500977,
        "max": 163.135375977,
        "mean": 22.0379676819,
        "median": 17.2804584503,
        "min": 0.256490409374,
        "var": 416.319122314
    },
    "pitch_salience": {
        "dmean": 0.0971380099654,
        "dmean2": 0.153271317482,
        "dvar": 0.0110617093742,
        "dvar2": 0.0271677859128,
        "max": 0.826962292194,
        "mean": 0.443054288626,
        "median": 0.470699191093,
        "min": 0.0561506263912,
        "var": 0.0263409651816
    },
    "silence_rate_20dB": {
        "dmean": 0,
        "dmean2": 0,
        "dvar": 0,
        "dvar2": 0,
        "max": 1,
        "mean": 1,
        "median": 1,
        "min": 1,
        "var": 0
    },
    "silence_rate_30dB": {
        "dmean": 0.0634674951434,
        "dmean2": 0.127033308148,
        "dvar": 0.0594395399094,
        "dvar2": 0.112444855273,
        "max": 1,
        "mean": 0.83836042881,
        "median": 1,
        "min": 0,
        "var": 0.135512262583
    },
    "silence_rate_60dB": {
        "dmean": 0,
        "dmean2": 0,
        "dvar": 0,
        "dvar2": 0,
        "max": 0,
        "mean": 0,
        "median": 0,
        "min": 0,
        "var": 0
    },
    "spectral_centroid": {
        "dmean": 316.009033203,
        "dmean2": 428.510803223,
        "dvar": 105621.859375,
        "dvar2": 178949.71875,
        "max": 4314.92333984,
        "mean": 1480.88269043,
        "median": 1326.21398926,
        "min": 153.740600586,
        "var": 487648.625
    },
    "spectral_complexity": {
        "dmean": 4.26006174088,
        "dmean2": 6.14097595215,
        "dvar": 26.4928226471,
        "dvar2": 42.700553894,
        "max": 58,
        "mean": 19.2559928894,
        "median": 17,
        "min": 3,
        "var": 91.5950393677
    },
    "spectral_decrease": {
        "dmean": 5.85560266941e-09,
        "dmean2": 8.2262205936e-09,
        "dvar": 5.85029179231e-17,
        "dvar2": 9.57338540729e-17,
        "max": -1.00301589256e-09,
        "mean": -1.52286112609e-08,
        "median": -8.89763995815e-09,
        "min": -7.44590025192e-08,
        "var": 2.47961774938e-16
    },
    "spectral_energy": {
        "dmean": 0.0227786786854,
        "dmean2": 0.0319012477994,
        "dvar": 0.000846171809826,
        "dvar2": 0.00139807211235,
        "max": 0.283012151718,
        "mean": 0.0601916983724,
        "median": 0.0363397561014,
        "min": 0.00461659859866,
        "var": 0.00356264621951
    },
    "spectral_energyband_high": {
        "dmean": 0.00125420605764,
        "dmean2": 0.00164140132256,
        "dvar": 1.06184861579e-05,
        "dvar2": 2.04366224352e-05,
        "max": 0.0306282807142,
        "mean": 0.00223643239588,
        "median": 0.000906233966816,
        "min": 2.71023054665e-05,
        "var": 1.83450301847e-05
    },
    "spectral_energyband_low": {
        "dmean": 0.0205342266709,
        "dmean2": 0.0312421321869,
        "dvar": 0.00114779965952,
        "dvar2": 0.00207906891592,
        "max": 0.274918675423,
        "mean": 0.0429258458316,
        "median": 0.0175318587571,
        "min": 9.51072288444e-05,
        "var": 0.00370404380374
    },
    "spectral_energyband_middle_high": {
        "dmean": 0.00223919539712,
        "dmean2": 0.00306368735619,
        "dvar": 9.3213548098e-06,
        "dvar2": 1.76626799657e-05,
        "max": 0.0360503904521,
        "mean": 0.00513253966346,
        "median": 0.00298810983077,
        "min": 0.00012402102584,
        "var": 2.9147218811e-05
    },
    "spectral_energyband_middle_low": {
        "dmean": 0.00742626469582,
        "dmean2": 0.0124749690294,
        "dvar": 0.000198059307877,
        "dvar2": 0.000547107600141,
        "max": 0.101526990533,
        "mean": 0.0108487382531,
        "median": 0.00722488062456,
        "min": 0.000793350918684,
        "var": 0.000156848895131
    },
    "spectral_entropy": {
        "dmean": 0.16098549962,
        "dmean2": 0.233939647675,
        "dvar": 0.0254703145474,
        "dvar2": 0.050123501569,
        "max": 8.51229476929,
        "mean": 7.80331802368,
        "median": 7.81817865372,
        "min": 6.39800548553,
        "var": 0.118212610483
    },
    "spectral_flux": {
        "dmean": 0.0468140952289,
        "dmean2": 0.0675456225872,
        "dvar": 0.00253495876677,
        "dvar2": 0.00519403535873,
        "max": 0.454486757517,
        "mean": 0.121781729162,
        "median": 0.098561860621,
        "min": 0.0220211446285,
        "var": 0.00601611519232
    },
    "spectral_kurtosis": {
        "dmean": 0.949556171894,
        "dmean2": 1.5134241581,
        "dvar": 0.973098814487,
        "dvar2": 2.44369101524,
        "max": 11.5958852768,
        "mean": 2.29753160477,
        "median": 1.98957014084,
        "min": -0.752766370773,
        "var": 2.68935155869
    },
    "spectral_rms": {
        "dmean": 0.00136292225216,
        "dmean2": 0.00189385702834,
        "dvar": 1.82526684966e-06,
        "dvar2": 3.1508147913e-06,
        "max": 0.0166165400296,
        "mean": 0.00697523960844,
        "median": 0.00595427770168,
        "min": 0.00212226272561,
        "var": 1.0069667951e-05
    },
    "spectral_rolloff": {
        "dmean": 603.747314453,
        "dmean2": 947.212402344,
        "dvar": 1217098.75,
        "dvar2": 2241741.5,
        "max": 8613.28125,
        "mean": 1301.40356445,
        "median": 775.1953125,
        "min": 43.06640625,
        "var": 2886475
    },
    "spectral_skewness": {
        "dmean": 0.196083217859,
        "dmean2": 0.290968030691,
        "dvar": 0.0325769335032,
        "dvar2": 0.0676469430327,
        "max": 2.86399006844,
        "mean": 1.26010119915,
        "median": 1.24566924572,
        "min": 0.20796276629,
        "var": 0.146778807044
    },
    "spectral_spread": {
        "dmean": 732512.625,
        "dmean2": 1059175.125,
        "dvar": 608811155456,
        "dvar2": 1.07056562176e+12,
        "max": 17226402,
        "mean": 5816455,
        "median": 5547095.5,
        "min": 2862460.5,
        "var": 2.32027219558e+12
    },
    "spectral_strongpeak": {
        "dmean": 0.396146982908,
        "dmean2": 0.68248218298,
        "dvar": 0.464952737093,
        "dvar2": 1.08842539787,
        "max": 6.45800542831,
        "mean": 0.589272022247,
        "median": 0.265626013279,
        "min": 0.0555144250393,
        "var": 0.578713834286
    },
    "zerocrossingrate": {
        "dmean": 0.0147924274206,
        "dmean2": 0.0161711480469,
        "dvar": 0.000251235294854,
        "dvar2": 0.000256212690147,
        "max": 0.23486328125,
        "mean": 0.060330491513,
        "median": 0.05322265625,
        "min": 0.001953125,
        "var": 0.00169530452695
    },
    "barkbands": {
        "dmean": [0.00216137478128, 0.018204504624, 0.00353340315633, 0.00177403388079, 0.00370121141896, 0.00115863513201, 0.000881118292455, 0.000583981047384, 0.00116307858843, 0.000795811763965, 0.000393630558392, 0.000730679428671, 0.000461745134089, 0.000358556048013, 0.00024564267369, 0.000247765943641, 0.000165402991115, 0.000151993590407, 0.000143018900417, 0.000210589947528, 0.000330262730131, 0.000288941286271, 0.000259820459178, 0.000230570760323, 0.00014547695173, 5.87295471632e-05, 1.15526908928e-07],
        "dmean2": [0.00292382971384, 0.0272045675665, 0.00643161451444, 0.00315012619831, 0.00639884127304, 0.00201648939401, 0.00149474502541, 0.000926194246858, 0.00185919879004, 0.00117884215433, 0.000607138499618, 0.00108582247049, 0.000717625080142, 0.0005505506997, 0.000389925786294, 0.000358283083187, 0.0002465150028, 0.000223740877118, 0.000191399361938, 0.000296685990179, 0.000465424032882, 0.000402672769269, 0.000376848765882, 0.000323965592543, 0.000206997559872, 8.30984063214e-05, 2.10553295688e-07],
        "dvar": [7.63674779591e-06, 0.00104266428389, 9.84369689832e-05, 2.20599995373e-05, 7.63299176469e-05, 5.78094341108e-06, 3.00722831525e-06, 1.78021377906e-06, 3.74166233996e-06, 3.38209110851e-06, 8.81581627254e-07, 3.89224669561e-06, 1.12917541628e-06, 8.42549923163e-07, 3.13923550266e-07, 2.25879020377e-07, 1.16749497181e-07, 1.07785474768e-07, 8.03046233955e-08, 2.21374406806e-07, 9.22858930608e-07, 5.81970596158e-07, 2.69511701845e-07, 3.11532488695e-07, 1.1836016256e-07, 1.87441564492e-08, 6.44333599063e-13],
        "dvar2": [1.30656217152e-05, 0.00179374555591, 0.000278145569609, 6.27376575721e-05, 0.000208190787816, 1.58785005624e-05, 7.77654804551e-06, 4.11105247622e-06, 9.18061959965e-06, 7.38584594728e-06, 1.95208372133e-06, 8.75730256666e-06, 2.89401123155e-06, 2.02019464268e-06, 7.76111392042e-07, 4.64139645828e-07, 2.55837903751e-07, 2.25035748258e-07, 1.29706080543e-07, 3.61758964118e-07, 2.02204614652e-06, 1.06538880118e-06, 5.98600934154e-07, 6.32000990208e-07, 2.47446649837e-07, 3.60957344014e-08, 1.79333750541e-12],
        "max": [0.0269351769239, 0.25300565362, 0.0776075646281, 0.0438211150467, 0.0585331879556, 0.0208435021341, 0.0252881031483, 0.0162513181567, 0.0277454592288, 0.0269241370261, 0.0137167368084, 0.0314596891403, 0.0148559510708, 0.0129577899352, 0.0102050649002, 0.00512317800894, 0.00494003575295, 0.00396723905578, 0.00392061565071, 0.00546447653323, 0.00886573921889, 0.00789885874838, 0.00543174240738, 0.00511590158567, 0.00327943568118, 0.00123496167362, 1.24405332826e-05],
        "mean": [0.00380030670203, 0.0352099724114, 0.00328577449545, 0.00194836128503, 0.00331467203796, 0.00121601065621, 0.00116136507131, 0.000799292291049, 0.00172907463275, 0.00123009877279, 0.000549450749531, 0.000983301666565, 0.000684570113663, 0.000472998683108, 0.000347967928974, 0.000369128218153, 0.00024943560129, 0.000232303646044, 0.000227435069974, 0.000340316619258, 0.00046190424473, 0.000467466597911, 0.000454930675915, 0.000351708906237, 0.00021433107031, 8.94613476703e-05, 7.14344992048e-08],
        "median": [0.00205974560231, 0.0117674805224, 0.00121582183056, 0.00071892910637, 0.00086652871687, 0.000526700285263, 0.000565917172935, 0.000146602527821, 0.000932833005209, 0.000501244096085, 0.000133357869345, 0.000195151224034, 0.000209685560549, 0.000124659083667, 0.000123251666082, 0.000130414919113, 7.79848123784e-05, 9.60787729127e-05, 0.00010552839376, 0.000142260352732, 0.000121329925605, 0.000158601338626, 0.000232368867728, 0.000132314424263, 7.53636923037e-05, 2.35954285017e-05, 9.6722418963e-10],
        "min": [1.21123946428e-06, 2.30525820371e-05, 7.26215057512e-06, 3.78920685762e-06, 1.93001833395e-05, 2.41130856011e-05, 1.3190282516e-05, 2.30100840781e-06, 1.61886673595e-05, 1.22912879306e-05, 2.12021700463e-06, 1.99788996724e-06, 6.85269014866e-06, 1.70833243374e-06, 7.2736668244e-07, 5.47454146727e-06, 2.08859796658e-06, 1.31903573219e-06, 2.36062601289e-06, 7.06455148247e-06, 8.58775092638e-06, 3.78425465897e-06, 2.22147400564e-06, 1.00359545741e-06, 4.45732029064e-09, 1.42074737391e-11, 1.11062894992e-11],
        "var": [2.27212694881e-05, 0.00310098868795, 6.28016496194e-05, 1.56055557454e-05, 5.55791593797e-05, 4.77824596601e-06, 3.62045625479e-06, 3.11259418595e-06, 5.78651724936e-06, 5.65212667425e-06, 1.62526146141e-06, 5.85286124988e-06, 1.92577545022e-06, 1.17888487239e-06, 4.42705271553e-07, 4.07217925158e-07, 2.09107582805e-07, 1.68902857922e-07, 1.67406000173e-07, 4.23340253519e-07, 1.31041838358e-06, 9.73957753558e-07, 4.66878930183e-07, 5.03408500663e-07, 1.8446465333e-07, 3.45845627692e-08, 3.85115875821e-13]
    },
    "erbbands": {
        "dmean": [0.949290275574, 3.1679854393, 4.70136070251, 4.32339143753, 8.65581226349, 15.0799026489, 7.95036172867, 11.6094560623, 13.1148204803, 10.3380088806, 14.9074716568, 29.7079391479, 24.8467960358, 16.0419845581, 23.9444923401, 24.165014267, 21.4204139709, 19.2982616425, 14.1778812408, 10.1428022385, 13.0679454803, 8.74427604675, 8.70118618011, 6.65177440643, 8.07309150696, 10.0828619003, 12.5167627335, 11.9348678589, 10.5229005814, 9.12505245209, 7.85487031937, 5.79622745514, 3.36929702759, 2.05259346962, 0.890674710274, 0.357940196991, 0.103478483856, 0.00704743992537, 0.000155945526785, 3.34666547133e-05],
        "dmean2": [1.21667826176, 4.98209476471, 8.39044189453, 7.544008255, 15.4223890305, 25.9586315155, 14.0364179611, 20.1175785065, 22.1437454224, 16.9561824799, 23.461019516, 47.3243560791, 36.881816864, 23.7338752747, 35.7965660095, 35.4920768738, 33.0616569519, 29.6137905121, 21.9678535461, 15.3379964828, 19.2817573547, 12.7078046799, 12.8854932785, 9.08064460754, 11.271364212, 14.0733804703, 18.1531524658, 16.7830238342, 14.8891572952, 12.644241333, 11.753118515, 8.24155712128, 4.90936851501, 3.04050135612, 1.28933477402, 0.51333886385, 0.146640300751, 0.0107699539512, 0.000229715791647, 4.6279244998e-05],
        "dvar": [2.15732049942, 50.6915016174, 172.726165771, 125.146850586, 459.114593506, 1539.66906738, 387.123687744, 523.702514648, 590.717407227, 333.455230713, 1283.83459473, 2571.52514648, 3966.91381836, 1522.23303223, 2803.47607422, 3496.73217773, 2398.64208984, 2508.95410156, 1020.44927979, 311.572418213, 732.582275391, 292.583770752, 338.956390381, 112.875457764, 387.480834961, 530.766418457, 1350.02355957, 1043.86462402, 780.390014648, 466.797027588, 246.733291626, 164.922576904, 78.107963562, 28.90782547, 3.62500905991, 0.659827709198, 0.0590257793665, 0.000283432542346, 1.51627446598e-07, 2.19801621348e-09],
        "dvar2": [2.84454417229, 115.714309692, 475.297576904, 347.485687256, 1312.75683594, 4082.37963867, 1061.90808105, 1388.78088379, 1484.52233887, 823.569213867, 2942.25683594, 6507.68408203, 8528.20019531, 3060.54858398, 5862.12890625, 8543.453125, 5888.18359375, 5974.47851562, 2490.36083984, 627.276123047, 1571.91442871, 611.522583008, 717.297729492, 184.959213257, 673.246520996, 878.394104004, 2905.74707031, 2230.08349609, 1291.02709961, 933.105651855, 581.828308105, 353.472900391, 162.77532959, 64.3322601318, 6.96375656128, 1.3035081625, 0.120552554727, 0.000619281490799, 3.34250017886e-07, 4.33885238849e-09],
        "max": [12.6459627151, 54.4827232361, 91.8153610229, 126.484558105, 163.197052002, 323.422332764, 172.66293335, 251.597290039, 310.699188232, 196.399108887, 554.688781738, 759.260620117, 1062.78198242, 736.715820312, 720.832702637, 808.728820801, 697.061462402, 742.891784668, 508.107940674, 193.149429321, 361.32989502, 227.971313477, 206.786499023, 113.602905273, 250.619506836, 266.589691162, 350.788665771, 317.831268311, 299.921844482, 269.450714111, 150.14151001, 117.817436218, 81.9099884033, 54.1618232727, 17.5598735809, 6.89913129807, 2.18276596069, 0.168606802821, 0.0039561339654, 0.000477381283417],
        "mean": [1.54083704948, 5.68715238571, 5.25034379959, 4.83175086975, 8.79675006866, 13.1542320251, 6.70151853561, 13.1859846115, 17.7079906464, 16.1962623596, 18.367193222, 44.8680458069, 41.6871109009, 25.6133289337, 35.1817588806, 34.7076416016, 33.8951644897, 27.652338028, 20.5471343994, 15.9958047867, 19.7343349457, 14.0840730667, 13.4785337448, 11.9463634491, 11.8922786713, 16.1058692932, 18.1172142029, 17.6908283234, 16.7602767944, 14.8589010239, 13.353099823, 9.0134601593, 4.93881988525, 2.74573111534, 1.3535169363, 0.537353873253, 0.147524476051, 0.00914409384131, 0.000237322601606, 8.47485425766e-05],
        "median": [0.505893111229, 1.83072316647, 2.3956413269, 2.07116723061, 3.89991426468, 2.15758132935, 1.67626059055, 6.44812631607, 8.52367782593, 5.65437459946, 5.21772241592, 24.8677654266, 19.223941803, 8.50123310089, 7.89223241806, 9.39669895172, 10.6595335007, 7.64443349838, 7.38723564148, 5.92047643661, 6.78238391876, 4.68471670151, 5.62558269501, 5.65371417999, 4.90012264252, 6.49842453003, 5.03496694565, 5.18548583984, 5.6013584137, 6.15311813354, 6.41560411453, 3.70306420326, 1.44608712196, 0.898483514786, 0.462275385857, 0.133053779602, 0.0418319962919, 0.00290698907338, 0.000110676432087, 5.38054737262e-05],
        "min": [0.000229304612731, 0.0109621649608, 0.0176328849047, 0.0152558013797, 0.0666666924953, 0.0699833780527, 0.0588043816388, 0.242793425918, 0.358825802803, 0.182346612215, 0.196134895086, 0.537321567535, 0.490740329027, 0.408883750439, 0.336645931005, 0.139555260539, 0.352760672569, 0.423682659864, 0.0926905870438, 0.218409046531, 0.281435668468, 0.146214857697, 0.125785082579, 0.243483304977, 0.162822782993, 0.331936657429, 0.286926716566, 0.330497145653, 0.165567681193, 0.0654035136104, 0.0782601758838, 0.0330616794527, 0.00699744187295, 0.00195249950048, 0.000134165980853, 1.32603117891e-05, 4.92829576615e-06, 7.60986551995e-07, 6.24533686278e-06, 1.01064661067e-05],
        "var": [6.84337234497, 93.1076583862, 121.459411621, 90.7015380859, 292.967437744, 1177.11181641, 273.389526367, 476.359832764, 777.406311035, 758.384887695, 1622.40075684, 3863.52978516, 7063.31933594, 2727.71337891, 5159.92431641, 4883.21240234, 4477.87158203, 3631.70458984, 1451.52905273, 609.279724121, 1248.68127441, 588.873168945, 542.65838623, 302.471954346, 620.86138916, 1007.83026123, 1966.90661621, 1580.20617676, 1356.55456543, 777.133056641, 399.02911377, 263.765930176, 118.330856323, 38.5239677429, 6.45591259003, 1.20903897285, 0.0991095751524, 0.000407403189456, 2.1135306838e-07, 5.73497693779e-09]
    },
    "gfcc": {
        "mean": [33.148563385, 78.0173797607, -98.2258453369, 45.5452919006, -62.118270874, 37.371131897, -25.0130825043, 19.1684455872, -15.6407279968, 9.61105155945, -13.5938272476, 4.12104940414, -9.53697013855],
        "cov": [[1626.3782959, -760.369140625, 0.48297342658, 25.4806747437, -166.586791992, -30.0179443359, -374.055236816, -30.964761734, -172.735076904, 17.6646900177, -186.445419312, 136.9453125, -63.5036659241], [-760.369140625, 1076.10754395, -176.951400757, -209.049179077, 100.641166687, -27.5726222992, 241.498641968, -117.913879395, 99.0222473145, -116.242500305, 162.485855103, -116.553825378, 12.246430397], [0.48297342658, -176.951400757, 579.498046875, 158.935775757, 34.354259491, 57.1782646179, -10.0347900391, 47.2534370422, -15.0117111206, 29.9327869415, -27.2809753418, 10.0349969864, 37.6941261292], [25.4806747437, -209.049179077, 158.935775757, 386.746032715, 80.8087539673, -49.2246932983, -59.7976989746, -20.2556915283, 50.5243263245, -11.2226982117, -20.0173892975, -13.2941904068, 85.1081085205], [-166.586791992, 100.641166687, 34.354259491, 80.8087539673, 249.45375061, 51.1765327454, 49.0791473389, -3.29845333099, 53.3742256165, 8.6212682724, 9.36321258545, -29.637670517, 25.2940540314], [-30.0179443359, -27.5726222992, 57.1782646179, -49.2246932983, 51.1765327454, 179.264480591, 100.723434448, 47.5491905212, -4.55600595474, 3.22747445107, 20.3010463715, 4.24781274796, -16.1914749146], [-374.055236816, 241.498641968, -10.0347900391, -59.7976989746, 49.0791473389, 100.723434448, 288.354766846, 32.8566474915, 39.3146781921, -19.4037094116, 80.7043609619, -6.20698642731, -5.85253429413], [-30.964761734, -117.913879395, 47.2534370422, -20.2556915283, -3.29845333099, 47.5491905212, 32.8566474915, 123.950439453, 40.3859672546, 35.4392738342, 0.126259759068, 4.4559803009, -4.98922920227], [-172.735076904, 99.0222473145, -15.0117111206, 50.5243263245, 53.3742256165, -4.55600595474, 39.3146781921, 40.3859672546, 159.255935669, 26.4712562561, 34.9752731323, -35.5453033447, 25.1970863342], [17.6646900177, -116.242500305, 29.9327869415, -11.2226982117, 8.6212682724, 3.22747445107, -19.4037094116, 35.4392738342, 26.4712562561, 114.113296509, 6.83345985413, 1.30822181702, 4.48268556595], [-186.445419312, 162.485855103, -27.2809753418, -20.0173892975, 9.36321258545, 20.3010463715, 80.7043609619, 0.126259759068, 34.9752731323, 6.83345985413, 110.619094849, -2.27546787262, 24.1992511749], [136.9453125, -116.553825378, 10.0349969864, -13.2941904068, -29.637670517, 4.24781274796, -6.20698642731, 4.4559803009, -35.5453033447, 1.30822181702, -2.27546787262, 99.8827285767, 1.91077947617], [-63.5036659241, 12.246430397, 37.6941261292, 85.1081085205, 25.2940540314, -16.1914749146, -5.85253429413, -4.98922920227, 25.1970863342, 4.48268556595, 24.1992511749, 1.91077947617, 95.0897216797]],
        "icov": [[0.00140256620944, 0.000720890529919, 0.000124943762785, 0.000278855470242, 0.000274207413895, -0.00064888590714, 0.00125274504535, 0.000919605314266, -0.000105426704977, 0.00042876705993, 0.000468233018182, -0.000951456662733, 0.00039432675112], [0.000720890529919, 0.00516957743093, -0.000733404653147, 0.00454847421497, -0.00194338278379, 0.0027270023711, -0.0018197116442, 0.00488545186818, -0.00300935539417, 0.00497324299067, -0.00372801860794, 0.00350518198684, -0.0013977389317], [0.000124943762785, -0.000733404653147, 0.00242659822106, -0.00184548436664, 0.000484830699861, -0.00144830718637, 0.000461620918941, -0.00144783803262, 0.00130034552421, -0.0014087848831, 0.00112648063805, -0.000708916923031, -0.000105979197542], [0.000278855470242, 0.00454847421497, -0.00184548436664, 0.00852865725756, -0.00292571284808, 0.00364401075058, -0.00145468721166, 0.00487672537565, -0.00411693239585, 0.00550562655553, -0.00250842724927, 0.00340339215472, -0.00433497922495], [0.000274207413895, -0.00194338278379, 0.000484830699861, -0.00292571284808, 0.00638922536746, -0.00358948251233, 0.000630386814009, -0.000150152060087, -0.00026813452132, -0.00276100309566, 0.00277969799936, -0.000985174672678, 9.35940988711e-05], [-0.00064888590714, 0.0027270023711, -0.00144830718637, 0.00364401075058, -0.00358948251233, 0.0112999835983, -0.0044527198188, -0.000688785687089, -1.80381412065e-05, 0.00321024772711, -0.00340031948872, 0.00278937886469, -0.000240465800744], [0.00125274504535, -0.0018197116442, 0.000461620918941, -0.00145468721166, 0.000630386814009, -0.0044527198188, 0.00827577710152, -0.00222465861589, 0.000529594137333, -0.000223218128667, -0.00126874702983, -0.00296511501074, 0.00190938357264], [0.000919605314266, 0.00488545186818, -0.00144783803262, 0.00487672537565, -0.000150152060087, -0.000688785687089, -0.00222465861589, 0.0167467333376, -0.0068699605763, 0.00182416161988, -0.000999516691081, 0.00186525122263, -0.00119020976126], [-0.000105426704977, -0.00300935539417, 0.00130034552421, -0.00411693239585, -0.00026813452132, -1.80381412065e-05, 0.000529594137333, -0.0068699605763, 0.0119851175696, -0.00434153713286, -0.000103877537185, 0.000529361946974, 0.000271486846032], [0.00042876705993, 0.00497324299067, -0.0014087848831, 0.00550562655553, -0.00276100309566, 0.00321024772711, -0.000223218128667, 0.00182416161988, -0.00434153713286, 0.015539447777, -0.00528614036739, 0.00320154265501, -0.00166156271007], [0.000468233018182, -0.00372801860794, 0.00112648063805, -0.00250842724927, 0.00277969799936, -0.00340031948872, -0.00126874702983, -0.000999516691081, -0.000103877537185, -0.00528614036739, 0.0173596534878, -0.0040205414407, -0.00291785225272], [-0.000951456662733, 0.00350518198684, -0.000708916923031, 0.00340339215472, -0.000985174672678, 0.00278937886469, -0.00296511501074, 0.00186525122263, 0.000529361946974, 0.00320154265501, -0.0040205414407, 0.0153602175415, -0.00277623115107], [0.00039432675112, -0.0013977389317, -0.000105979197542, -0.00433497922495, 9.35940988711e-05, -0.000240465800744, 0.00190938357264, -0.00119020976126, 0.000271486846032, -0.00166156271007, -0.00291785225272, -0.00277623115107, 0.0156756471843]]
    },
    "melbands": {
        "dmean": [0.00624356791377, 0.00287675950676, 0.000834123929963, 0.000887966831215, 0.000370954105165, 0.000242856811383, 0.000197051733267, 0.000112086549052, 0.000139713200042, 0.00018394216022, 0.000122553188703, 6.7819171818e-05, 6.77557472955e-05, 9.61079786066e-05, 4.38685128756e-05, 4.2306517571e-05, 3.91692956327e-05, 2.31523135881e-05, 1.50081914398e-05, 1.75142686203e-05, 1.50579162437e-05, 1.00605248008e-05, 7.7754339145e-06, 7.8596849562e-06, 5.51596713194e-06, 6.23884216111e-06, 6.13439488006e-06, 7.28761551727e-06, 7.01774615663e-06, 9.65808158071e-06, 6.3816733018e-06, 5.77018863623e-06, 6.44426290819e-06, 4.89123794978e-06, 4.88120394948e-06, 4.05505670642e-06, 3.52757410838e-06, 2.52570293924e-06, 1.95257644009e-06, 1.76855076006e-06],
        "dmean2": [0.00840471126139, 0.0048292754218, 0.00144644966349, 0.00154464272782, 0.000640236074105, 0.000422228418756, 0.000332706957124, 0.000183301628567, 0.00022018502932, 0.000296054728096, 0.000182724077604, 0.000100986326288, 0.000101347402961, 0.000143094875966, 6.62034581183e-05, 6.56837364659e-05, 6.12554795225e-05, 3.61485545e-05, 2.38007105509e-05, 2.58539675997e-05, 2.30936548178e-05, 1.49611023517e-05, 1.15752072816e-05, 1.17507224786e-05, 8.08861477708e-06, 8.89169677976e-06, 8.92796651897e-06, 1.04229739009e-05, 1.07570385808e-05, 1.51810918396e-05, 9.38777975534e-06, 8.22567290015e-06, 9.24327378016e-06, 7.09070127414e-06, 7.56059216656e-06, 5.81056110605e-06, 5.18600381838e-06, 3.86681949749e-06, 2.83428403236e-06, 2.71752128356e-06],
        "dvar": [9.90488624666e-05, 5.51845696464e-05, 4.37152311861e-06, 4.18920262746e-06, 8.94650668215e-07, 2.32563522218e-07, 1.40136108939e-07, 4.07180174022e-08, 1.04499186193e-07, 9.15861022577e-08, 9.84650370128e-08, 2.87725523407e-08, 2.19631193232e-08, 7.00988493918e-08, 9.58457846423e-09, 8.8910816487e-09, 1.12702629451e-08, 2.83193801742e-09, 1.17104648201e-09, 1.03328035017e-09, 1.16129517114e-09, 4.33176855497e-10, 2.03645336705e-10, 3.56064788765e-10, 6.98522004128e-11, 2.52089737973e-10, 2.11413678231e-10, 2.67280142463e-10, 3.69365538155e-10, 9.01250185592e-10, 2.81933032475e-10, 2.00232774805e-10, 3.20671239562e-10, 1.1286604984e-10, 8.87204268385e-11, 6.77301270624e-11, 6.58612747673e-11, 4.32158094033e-11, 2.39559812959e-11, 2.06976744771e-11],
        "dvar2": [0.000139495226904, 0.000146365477121, 1.19486758194e-05, 1.14994518299e-05, 2.39344444708e-06, 6.23191453997e-07, 3.55830280796e-07, 9.74146701083e-08, 2.39697556026e-07, 2.32452094906e-07, 2.1333227096e-07, 5.87929065432e-08, 4.59913280793e-08, 1.60975289987e-07, 2.30124790335e-08, 2.2291274604e-08, 2.73535007977e-08, 6.90053347796e-09, 2.92721624717e-09, 2.1839603459e-09, 2.60166088673e-09, 9.53109147162e-10, 4.3847120379e-10, 7.81368247882e-10, 1.3798322207e-10, 4.78248496361e-10, 3.68854391475e-10, 4.61545829333e-10, 7.71951613743e-10, 2.2446464687e-09, 5.79174652682e-10, 3.27473909101e-10, 6.40997865897e-10, 2.36263203446e-10, 2.20218981939e-10, 1.42387143742e-10, 1.48740353367e-10, 9.23645465667e-11, 4.90197223091e-11, 4.76733270915e-11],
        "max": [0.0875816717744, 0.0528929270804, 0.0191105250269, 0.0125176887959, 0.00739177688956, 0.00486254598945, 0.00518831564113, 0.00239418167621, 0.00538107100874, 0.00416779564694, 0.00524538196623, 0.00304933567531, 0.00181852700189, 0.00451903790236, 0.00150760728866, 0.00122367043514, 0.00167100527324, 0.000664006161969, 0.000666517706122, 0.000421527016442, 0.000574929465074, 0.000278861436527, 0.000159301853273, 0.000262183719315, 9.10858434509e-05, 0.000196660577785, 0.000159445015015, 0.000200633978238, 0.000213460734813, 0.000279726256849, 0.000165190183907, 0.000137632974656, 0.000189880243852, 0.00013518347987, 9.26418360905e-05, 7.86439559306e-05, 7.59593531257e-05, 5.87948998145e-05, 5.2220926591e-05, 4.39207906311e-05],
        "mean": [0.0114794876426, 0.00435480335727, 0.000970196560957, 0.00083368626656, 0.00031218767981, 0.000269784417469, 0.000265705428319, 0.000176365007064, 0.000168064347235, 0.000280326406937, 0.000200657057576, 0.00010043146176, 9.71977497102e-05, 0.000128757383209, 6.72686219332e-05, 6.36567347101e-05, 5.10865284014e-05, 3.19664613926e-05, 2.14305564441e-05, 2.5416180506e-05, 2.18629702431e-05, 1.50334826685e-05, 1.21416269394e-05, 1.13414816951e-05, 9.41812049859e-06, 8.25967435958e-06, 9.0837947937e-06, 1.11890522021e-05, 1.05386861833e-05, 1.21429247883e-05, 9.53672133619e-06, 9.07715184439e-06, 9.63719321589e-06, 7.68773861637e-06, 7.98640849098e-06, 6.51292839393e-06, 5.07392178406e-06, 3.57276167051e-06, 2.67239147433e-06, 2.20882566282e-06],
        "median": [0.00389944482595, 0.00177147577051, 0.000434665300418, 0.000250953686191, 6.59105571685e-05, 0.000123755409732, 0.000125586258946, 5.52787314518e-05, 4.56354537164e-05, 0.000162411175552, 8.93711330718e-05, 3.14480639645e-05, 2.13388266275e-05, 2.65850576397e-05, 1.98127290787e-05, 2.14137980947e-05, 1.26866270875e-05, 1.07981204565e-05, 7.20716661817e-06, 9.62837384577e-06, 6.65072775519e-06, 4.73780391985e-06, 4.49266326541e-06, 4.44631268692e-06, 4.63295964437e-06, 3.09425035994e-06, 3.55677002517e-06, 4.50416246167e-06, 3.18432535096e-06, 3.19864943776e-06, 2.73166210718e-06, 3.0082635476e-06, 3.14924614031e-06, 3.24738266499e-06, 3.90943750972e-06, 2.77334265775e-06, 1.86488182408e-06, 1.0428849464e-06, 6.72379258049e-07, 7.42896077099e-07],
        "min": [3.98146448788e-06, 1.87814202945e-05, 4.25556936534e-06, 6.47112756269e-06, 1.83632187145e-06, 4.38389315605e-06, 5.29695125806e-06, 4.97971257118e-07, 9.56069925451e-07, 3.4115669223e-06, 2.2446802177e-06, 9.61729483606e-07, 4.85490147639e-07, 2.66797229642e-07, 5.55511235234e-07, 7.4457102528e-07, 1.14760069891e-07, 1.23441822097e-07, 5.43773985839e-08, 4.423725386e-07, 1.48423254132e-07, 1.40289770911e-07, 1.22359026022e-07, 1.1567600211e-07, 1.18674769567e-07, 4.53434445546e-08, 2.8427551868e-08, 1.94967114453e-07, 1.39011959277e-07, 2.22517286375e-07, 1.01509748163e-07, 1.08766336382e-07, 2.34679298217e-08, 3.22801447794e-08, 4.82043454042e-08, 1.08634512497e-09, 7.06101799253e-09, 1.14241005544e-09, 4.64884901408e-11, 7.36867771661e-12],
