{
"highlevel": {
    "danceability": {
        "all": {
            "danceable": 4.51097093901e-06,
            "not_danceable": 0.999995470047
        },
        "probability": 0.999995470047,
        "value": "not_danceable"
    },
    "gender": {
        "all": {
            "female": 0.6318141222,
            "male": 0.3681858778
        },
        "probability": 0.6318141222,
        "value": "female"
    },
    "genre_dortmund": {
        "all": {
            "alternative": 0.125029191375,
            "blues": 0.0161307491362,
            "electronic": 0.121717624366,
            "folkcountry": 0.488312274218,
            "funksoulrnb": 0.00633126776665,
            "jazz": 0.160252287984,
            "pop": 0.0407597012818,
            "raphiphop": 0.00260265055113,
            "rock": 0.0388642586768
        },
        "probability": 0.488312274218,
        "value": "folkcountry"
    },
    "genre_electronic": {
        "all": {
            "ambient": 0.969363629818,
            "dnb": 0.000969812972471,
            "house": 0.0258737523109,
            "techno": 0.00197506393306,
            "trance": 0.00181771139614
        },
        "probability": 0.969363629818,
        "value": "ambient"
    },
    "genre_rosamerica": {
        "all": {
            "cla": 0.985659003258,
            "dan": 0.000722712895367,
            "hip": 0.000262428686256,
            "jaz": 0.00746169732884,
            "pop": 0.000902940693777,
            "rhy": 0.0012523784535,
            "roc": 0.00114159088116,
            "spe": 0.00259727123193
        },
        "probability": 0.985659003258,
        "value": "cla"
    },
    "genre_tzanetakis": {
        "all": {
            "blu": 0.000124672296806,
            "cla": 0.960747361183,
            "cou": 0.0130011932924,
            "dis": 0.000738825649023,
            "hip": 9.18782898225e-05,
            "jaz": 0.0221479069442,
            "met": 0.000930647249334,
            "pop": 0.000299768784316,
            "reg": 0.000706280756276,
            "roc": 0.00121147755999
        },
        "probability": 0.960747361183,
        "value": "cla"
    },
    "ismir04_rhythm": {
        "all": {
            "ChaChaCha": 0.000337379024131,
            "Jive": 1.87775112863e-05,
            "Quickstep": 0.000557390798349,
            "Rumba-American": 0.00138798472472,
            "Rumba-International": 0.00285600707866,
            "Rumba-Misc": 0.000295298261335,
            "Samba": 0.000131738997879,
            "Tango": 0.00529120583087,
            "VienneseWaltz": 0.00679924525321,
            "Waltz": 0.982324957848
        },
        "probability": 0.982324957848,
        "value": "Waltz"
    },
    "mood_acoustic": {
        "all": {
            "acoustic": 0.962898612022,
            "not_acoustic": 0.0371013917029
        },
        "probability": 0.962898612022,
        "value": "acoustic"
    },
    "mood_aggressive": {
        "all": {
            "aggressive": 0.0103024793789,
            "not_aggressive": 0.989697515965
        },
        "probability": 0.989697515965,
        "value": "not_aggressive"
    },
    "mood_electronic": {
        "all": {
            "electronic": 0.288621783257,
            "not_electronic": 0.711378216743
        },
        "probability": 0.711378216743,
        "value": "not_electronic"
    },
    "mood_happy": {
        "all": {
            "happy": 0.0767078176141,
            "not_happy": 0.923292160034
        },
        "probability": 0.923292160034,
        "value": "not_happy"
    },
    "mood_party": {
        "all": {
            "not_party": 0.999026358128,
            "party": 0.000973613234237
        },
        "probability": 0.999026358128,
        "value": "not_party"
    },
    "mood_relaxed": {
        "all": {
            "not_relaxed": 0.00674348464236,
            "relaxed": 0.993256509304
        },
        "probability": 0.993256509304,
        "value": "relaxed"
    },
    "mood_sad": {
        "all": {
            "not_sad": 0.133878201246,
            "sad": 0.866121768951
        },
        "probability": 0.866121768951,
        "value": "sad"
    },
    "moods_mirex": {
        "all": {
            "Cluster1": 0.131519451737,
            "Cluster2": 0.113574743271,
            "Cluster3": 0.616489827633,
            "Cluster4": 0.131144270301,
            "Cluster5": 0.00727171450853
        },
        "probability": 0.616489827633,
        "value": "Cluster3"
    },
    "timbre": {
        "all": {
            "bright": 0.951783657074,
            "dark": 0.0482163690031
        },
        "probability": 0.951783657074,
        "value": "bright"
    },
    "tonal_atonal": {
        "all": {
            "atonal": 0.000764393829741,
            "tonal": 0.999235630035
        },
        "probability": 0.999235630035,
        "value": "tonal"
    },
    "voice_instrumental": {
        "all": {
            "instrumental": 0.996524333954,
            "voice": 0.00347568909638
        },
        "probability": 0.996524333954,
        "value": "instrumental"
    }
},
"lowlevel": {
    "average_loudness": 0.673578560352,
    "barkbands_crest": {
        "dmean": 1.56984257698,
        "dmean2": 2.53400397301,
        "dvar": 3.17868900299,
        "dvar2": 8.09840393066,
        "max": 23.7634048462,
        "mean": 10.2331972122,
        "median": 9.30285835266,
        "min": 3.91659355164,
        "var": 14.3750019073
    },
    "barkbands_flatness_db": {
        "dmean": 0.0169775411487,
        "dmean2": 0.0280630402267,
        "dvar": 0.000212198210647,
        "dvar2": 0.000559891748708,
        "max": 0.432100206614,
        "mean": 0.33115413785,
        "median": 0.330992668867,
        "min": 0.218616038561,
        "var": 0.000864254427142
    },
    "barkbands_kurtosis": {
        "dmean": 1.16112434864,
        "dmean2": 1.79376208782,
        "dvar": 3.30075597763,
        "dvar2": 6.95693969727,
        "max": 46.577835083,
        "mean": 3.57191181183,
        "median": 2.2133140564,
        "min": -1.60919690132,
        "var": 24.3244113922
    },
    "barkbands_skewness": {
        "dmean": 0.2511459589,
        "dmean2": 0.389183968306,
        "dvar": 0.0729965046048,
        "dvar2": 0.172480508685,
        "max": 5.39493227005,
        "mean": 1.36722922325,
        "median": 1.24003338814,
        "min": -0.122742943466,
        "var": 0.48870241642
    },
    "barkbands_spread": {
        "dmean": 0.797668457031,
        "dmean2": 1.21425378323,
        "dvar": 0.698394238949,
        "dvar2": 1.45542240143,
        "max": 16.3484630585,
        "mean": 6.20322227478,
        "median": 5.75697517395,
        "min": 0.879282236099,
        "var": 6.98149585724
    },
    "dissonance": {
        "dmean": 0.0303165130317,
        "dmean2": 0.0509412251413,
        "dvar": 0.000726012338419,
        "dvar2": 0.00206510582939,
        "max": 0.498267918825,
        "mean": 0.406863421202,
        "median": 0.406578689814,
        "min": 0.267929315567,
        "var": 0.00194837932941
    },
    "dynamic_complexity": 3.1905798912,
    "erbbands_crest": {
        "dmean": 1.74053883553,
        "dmean2": 2.65575218201,
        "dvar": 3.76297044754,
        "dvar2": 8.47719478607,
        "max": 28.6674442291,
        "mean": 11.5485343933,
        "median": 10.4674758911,
        "min": 4.0261516571,
        "var": 24.5859069824
    },
    "erbbands_flatness_db": {
        "dmean": 0.010641281493,
        "dmean2": 0.0167873725295,
        "dvar": 9.80854965746e-05,
        "dvar2": 0.000218034896534,
        "max": 0.442532837391,
        "mean": 0.364585042,
        "median": 0.366564333439,
        "min": 0.260478854179,
        "var": 0.000715018075425
    },
    "erbbands_kurtosis": {
        "dmean": 0.586328566074,
        "dmean2": 0.86234164238,
        "dvar": 0.768121182919,
        "dvar2": 1.49574911594,
        "max": 19.5606861115,
        "mean": 0.508188545704,
        "median": -0.152468204498,
        "min": -1.48675298691,
        "var": 5.83735132217
    },
    "erbbands_skewness": {
        "dmean": 0.198023676872,
        "dmean2": 0.293474346399,
        "dvar": 0.0405546240509,
        "dvar2": 0.085047930479,
        "max": 3.89814591408,
        "mean": 0.63497287035,
        "median": 0.555675625801,
        "min": -0.959425866604,
        "var": 0.503054380417
    },
    "erbbands_spread": {
        "dmean": 1.70604658127,
        "dmean2": 2.598757267,
        "dvar": 2.93173766136,
        "dvar2": 6.81044769287,
        "max": 34.3375205994,
        "mean": 14.5003290176,
        "median": 14.1836748123,
        "min": 3.64898061752,
        "var": 23.3043899536
    },
    "hfc": {
        "dmean": 1.70433998108,
        "dmean2": 2.44886302948,
        "dvar": 12.1475725174,
        "dvar2": 23.6792926788,
        "max": 76.9321289062,
        "mean": 9.7099905014,
        "median": 8.30364322662,
        "min": 0.143423184752,
        "var": 69.9363555908
    },
    "melbands_crest": {
        "dmean": 1.75942015648,
        "dmean2": 2.76067852974,
        "dvar": 3.24907445908,
        "dvar2": 7.4733710289,
        "max": 28.8376941681,
        "mean": 12.7998971939,
        "median": 12.1630926132,
        "min": 5.07005405426,
        "var": 17.3265895844
    },
    "melbands_flatness_db": {
        "dmean": 0.01699462533,
        "dmean2": 0.0268761236221,
        "dvar": 0.000253683247138,
        "dvar2": 0.000581319502089,
        "max": 0.550894916058,
        "mean": 0.441095918417,
        "median": 0.443907797337,
        "min": 0.327498495579,
        "var": 0.00136210373603
    },
    "melbands_kurtosis": {
        "dmean": 1.45453071594,
        "dmean2": 2.27425789833,
        "dvar": 4.32010316849,
        "dvar2": 9.76482772827,
        "max": 47.778629303,
        "mean": 5.01936292648,
        "median": 3.39308738708,
        "min": -0.717350244522,
        "var": 27.3103313446
    },
    "melbands_skewness": {
        "dmean": 0.275100082159,
        "dmean2": 0.422261059284,
        "dvar": 0.0810583457351,
        "dvar2": 0.199935972691,
        "max": 4.55068397522,
        "mean": 1.57375895977,
        "median": 1.46510505676,
        "min": -0.127556711435,
        "var": 0.467963576317
    },
    "melbands_spread": {
        "dmean": 1.11736047268,
        "dmean2": 1.72031676769,
        "dvar": 1.45136296749,
        "dvar2": 3.01296162605,
        "max": 25.3381404877,
        "mean": 8.48615169525,
        "median": 7.99231863022,
        "min": 1.21353685856,
        "var": 12.1717481613
    },
    "pitch_salience": {
        "dmean": 0.0425552986562,
        "dmean2": 0.0672182068229,
        "dvar": 0.00180263246875,
        "dvar2": 0.00447265291587,
        "max": 0.867105007172,
        "mean": 0.593558609486,
        "median": 0.597725391388,
        "min": 0.279334425926,
        "var": 0.00857130903751
    },
    "silence_rate_20dB": {
        "dmean": 0,
        "dmean2": 0,
        "dvar": 0,
        "dvar2": 0,
        "max": 1,
        "mean": 1,
        "median": 1,
        "min": 1,
        "var": 0
    },
    "silence_rate_30dB": {
        "dmean": 0.00773993786424,
        "dmean2": 0.0154918665066,
        "dvar": 0.0076801199466,
        "dvar2": 0.0168012175709,
        "max": 1,
        "mean": 0.983758687973,
        "median": 1,
        "min": 0,
        "var": 0.0159773025662
    },
    "silence_rate_60dB": {
        "dmean": 0.0154798757285,
        "dmean2": 0.0309837330133,
        "dvar": 0.0152406310663,
        "dvar2": 0.0393200777471,
        "max": 1,
        "mean": 0.0943542122841,
        "median": 0,
        "min": 0,
        "var": 0.0854523256421
    },
    "spectral_centroid": {
        "dmean": 29.818239212,
        "dmean2": 45.5551643372,
        "dvar": 1155.47875977,
        "dvar2": 2428.41210938,
        "max": 931.650268555,
        "mean": 479.923095703,
        "median": 467.502685547,
        "min": 301.630737305,
        "var": 8099.89648438
    },
    "spectral_complexity": {
        "dmean": 1.36455106735,
        "dmean2": 2.26491093636,
        "dvar": 1.67903387547,
        "dvar2": 3.7547750473,
        "max": 25,
        "mean": 13.2567672729,
        "median": 14,
        "min": 2,
        "var": 14.4198436737
    },
    "spectral_decrease": {
        "dmean": 1.12324516355e-09,
        "dmean2": 1.67880620516e-09,
        "dvar": 5.50029446978e-18,
        "dvar2": 1.05768193487e-17,
        "max": -1.35873229334e-10,
        "mean": -5.97462612717e-09,
        "median": -4.60841098615e-09,
        "min": -5.39737285976e-08,
        "var": 3.24982090403e-17
    },
    "spectral_energy": {
        "dmean": 0.00438387086615,
        "dmean2": 0.00654227985069,
        "dvar": 8.38752603158e-05,
        "dvar2": 0.000161331583513,
        "max": 0.210687324405,
        "mean": 0.0234303567559,
        "median": 0.0181865636259,
        "min": 0.000525824842043,
        "var": 0.000495295738801
    },
    "spectral_energyband_high": {
        "dmean": 5.1656593314e-07,
        "dmean2": 7.18407704881e-07,
        "dvar": 4.64272847597e-12,
        "dvar2": 7.20369944252e-12,
        "max": 5.6023876823e-05,
        "mean": 1.39075257266e-06,
        "median": 2.33012713124e-07,
        "min": 1.39432521085e-09,
        "var": 2.10033986731e-11
    },
    "spectral_energyband_low": {
        "dmean": 0.000986784230918,
        "dmean2": 0.00151377602015,
        "dvar": 3.36707853421e-06,
        "dvar2": 7.58163150749e-06,
        "max": 0.0234227254987,
        "mean": 0.00303789088503,
        "median": 0.00167267152574,
        "min": 8.37117841002e-06,
        "var": 1.30079733935e-05
    },
    "spectral_energyband_middle_high": {
        "dmean": 0.000429476989666,
        "dmean2": 0.00058080960298,
        "dvar": 4.05234658274e-07,
        "dvar2": 7.34929187729e-07,
        "max": 0.0109269795939,
        "mean": 0.00211278162897,
        "median": 0.00198115454987,
        "min": 1.9009483367e-05,
        "var": 2.18078321268e-06
    },
    "spectral_energyband_middle_low": {
        "dmean": 0.00380402011797,
        "dmean2": 0.00570591585711,
        "dvar": 7.30028696125e-05,
        "dvar2": 0.000141139971674,
        "max": 0.207696795464,
        "mean": 0.0191161241382,
        "median": 0.0136904949322,
        "min": 0.000409448810387,
        "var": 0.000446659774752
    },
    "spectral_entropy": {
        "dmean": 0.0935567617416,
        "dmean2": 0.148755535483,
        "dvar": 0.0124924443662,
        "dvar2": 0.0284225530922,
        "max": 7.51991176605,
        "mean": 6.03049039841,
        "median": 6.05030107498,
        "min": 5.09300136566,
        "var": 0.0728982537985
    },
    "spectral_flux": {
        "dmean": 0.014656053856,
        "dmean2": 0.023670271039,
        "dvar": 0.000486472854391,
        "dvar2": 0.00115715549327,
        "max": 0.26416939497,
        "mean": 0.0381677672267,
        "median": 0.031306732446,
        "min": 0.00382047635503,
        "var": 0.000740857154597
    },
    "spectral_kurtosis": {
        "dmean": 31.2236003876,
        "dmean2": 55.8171348572,
        "dvar": 697.084777832,
        "dvar2": 1949.69909668,
        "max": 206.583190918,
        "mean": 76.0183410645,
        "median": 72.7807540894,
        "min": 4.93651247025,
        "var": 1579.70239258
    },
    "spectral_rms": {
        "dmean": 0.000405646831496,
        "dmean2": 0.00060620502336,
        "dvar": 3.53214687721e-07,
        "dvar2": 6.87417127665e-07,
        "max": 0.0143369669095,
        "mean": 0.0043744686991,
        "median": 0.00421224255115,
        "min": 0.000716240087058,
        "var": 3.72290219275e-06
    },
    "spectral_rolloff": {
        "dmean": 67.2160873413,
        "dmean2": 111.868896484,
        "dvar": 12052.0322266,
        "dvar2": 24441.8105469,
        "max": 1507.32421875,
        "mean": 640.965637207,
        "median": 538.330078125,
        "min": 193.798828125,
        "var": 55679.3671875
    },
    "spectral_skewness": {
        "dmean": 1.79005074501,
        "dmean2": 3.20586395264,
        "dvar": 1.87538719177,
        "dvar2": 5.42923021317,
        "max": 10.9663963318,
        "mean": 5.5450630188,
        "median": 5.42829179764,
        "min": 1.61334002018,
        "var": 4.11743879318
    },
    "spectral_spread": {
        "dmean": 232177.34375,
        "dmean2": 404102,
        "dvar": 212245233664,
        "dvar2": 269723877376,
        "max": 16505869,
        "mean": 930065.8125,
        "median": 885064.1875,
        "min": 384310.65625,
        "var": 253928914944
    },
    "spectral_strongpeak": {
        "dmean": 0.263149559498,
        "dmean2": 0.434238553047,
        "dvar": 0.157069981098,
        "dvar2": 0.353949815035,
        "max": 6.27081441879,
        "mean": 1.07698583603,
        "median": 0.802479326725,
        "min": 0.0372117310762,
        "var": 0.838715970516
    },
    "zerocrossingrate": {
        "dmean": 0.00211109826341,
        "dmean2": 0.00278747710399,
        "dvar": 3.4845220398e-06,
        "dvar2": 5.4942170209e-06,
        "max": 0.05126953125,
        "mean": 0.0234745088965,
        "median": 0.02294921875,
        "min": 0.01220703125,
        "var": 2.89713952952e-05
    },
    "barkbands": {
        "dmean": [1.62838186952e-05, 0.000316969671985, 0.00064761925023, 0.000408770836657, 0.00125255971216, 0.00193775584921, 0.000867941591423, 0.000700025993865, 0.000142120377859, 0.000182549745659, 0.000122097670101, 0.000112301124318, 0.000133339286549, 7.44912176742e-05, 5.00754686072e-05, 1.37829902087e-05, 1.06468532977e-05, 6.63231185172e-06, 2.37782160184e-06, 4.8596268698e-07, 1.94229215822e-07, 4.83150124353e-08, 4.54450166387e-09, 2.8829487686e-09, 1.6345930165e-09, 1.11717313178e-09, 1.02958175319e-09],
        "dmean2": [2.69386655418e-05, 0.000480221002363, 0.00101733533666, 0.000613001757301, 0.00197971053421, 0.00296267843805, 0.00127901195083, 0.00105307006743, 0.000207709279493, 0.000242300957325, 0.00017042759282, 0.000181759751285, 0.000181983326911, 0.000103136335383, 7.52440100769e-05, 2.38986467593e-05, 1.7704853235e-05, 1.0607655895e-05, 3.61229376722e-06, 6.85594329752e-07, 2.60150898157e-07, 6.39650536982e-08, 6.41283648406e-09, 4.39500036364e-09, 2.71353983727e-09, 1.87647342109e-09, 1.81672343835e-09],
        "dvar": [6.82589873513e-10, 4.24476695571e-07, 1.70095745489e-06, 5.58973852094e-07, 2.76141213362e-06, 5.60772205063e-05, 4.52254198535e-06, 2.1754106001e-06, 1.17139919098e-07, 1.07200953892e-07, 4.61970763865e-08, 3.56127216605e-08, 5.32610862081e-08, 1.32044624124e-08, 9.05454733413e-09, 5.42621891864e-10, 1.04381481236e-09, 2.45619358186e-10, 5.03646881145e-11, 3.59027022521e-12, 1.3059737753e-12, 1.09042095286e-13, 2.1713795482e-16, 2.41312910409e-16, 3.65493327077e-17, 3.67616037965e-17, 4.83548031248e-18],
        "dvar2": [1.68393599065e-09, 9.38985806442e-07, 3.8040718664e-06, 1.35717618832e-06, 6.76472518535e-06, 0.000108867170638, 9.36939795793e-06, 5.3465801102e-06, 2.39243121314e-07, 1.66718152173e-07, 8.61871995994e-08, 1.06913972786e-07, 9.77591909646e-08, 2.2574743852e-08, 1.85478601367e-08, 1.58791735316e-09, 2.11600381661e-09, 6.20190787615e-10, 1.00865468755e-10, 5.49325212054e-12, 1.97750127905e-12, 1.9166288836e-13, 3.6335932021e-16, 4.95680292601e-16, 5.36247360658e-17, 3.96871695695e-17, 8.5337882876e-18],
        "max": [0.000342579965945, 0.0114456955343, 0.0172476768494, 0.0145377311856, 0.0214225202799, 0.185431614518, 0.0465739294887, 0.0221811793745, 0.0123866749927, 0.00789615977556, 0.0044352915138, 0.00255579431541, 0.00379196833819, 0.00313403108157, 0.00207376573235, 0.000314075441565, 0.00101187371183, 0.000350997957867, 0.000150813822984, 5.52453311684e-05, 3.66419735656e-05, 9.85068891168e-06, 2.85358368046e-07, 4.81571532873e-07, 1.83037002444e-07, 2.14757307049e-07, 6.32752090723e-08],
        "mean": [1.89826751011e-05, 0.000666702631861, 0.00164676317945, 0.00145752704702, 0.00427061086521, 0.00750219309703, 0.00301133585162, 0.00214880076237, 0.000490850477945, 0.000683026446495, 0.000398832838982, 0.000302868778817, 0.00041076814523, 0.000189576239791, 0.000143116762047, 3.38040954375e-05, 3.11032381433e-05, 1.56852966029e-05, 5.97066491537e-06, 1.22614574138e-06, 5.050747518e-07, 9.00945451576e-08, 8.19176637634e-09, 3.92025611973e-09, 1.8751498132e-09, 1.11234144118e-09, 1.03083785952e-09],
        "median": [6.93410811436e-06, 0.000165243269294, 0.000703796627931, 0.000891457428224, 0.00289455591701, 0.002039386658, 0.00190513255075, 0.000949660956394, 0.000314796459861, 0.000400515738875, 0.000220991394599, 0.000182363233762, 0.000216723230551, 0.000109433305624, 8.11457794043e-05, 2.03960316867e-05, 1.18813222798e-05, 7.75504577177e-06, 2.24611903832e-06, 2.33410744954e-07, 4.88335807347e-08, 1.39694931178e-08, 2.43052022952e-09, 1.44476075548e-09, 5.83058379355e-10, 4.04935279752e-10, 4.41405412221e-10],
        "min": [3.04619867109e-08, 2.18237062199e-07, 3.21259972225e-06, 8.33729063743e-06, 2.66638271569e-05, 2.32987622439e-05, 3.1318202673e-05, 5.59159707336e-06, 3.28180590259e-06, 3.61259958481e-06, 4.34431603935e-06, 1.92089282791e-06, 9.44849489315e-07, 4.68063603876e-07, 1.42718306506e-07, 7.70687336171e-08, 3.72411435023e-08, 1.7993757595e-08, 1.3652557973e-09, 3.18973042424e-10, 2.1583580756e-10, 1.74184222601e-10, 1.49582998765e-10, 6.21930631994e-11, 6.30243982003e-11, 8.79890257877e-11, 1.23867499591e-10],
        "var": [9.05233221715e-10, 1.38756092838e-06, 5.64121864954e-06, 3.43435931427e-06, 1.67967282323e-05, 0.000309361348627, 1.57879876497e-05, 8.67478047439e-06, 6.77168941365e-07, 6.5441292918e-07, 2.59842380501e-07, 1.17939457311e-07, 2.97620999845e-07, 7.33255163254e-08, 4.07501303812e-08, 1.73197090003e-09, 5.78264414131e-09, 7.46251394013e-10, 1.70771216612e-10, 1.56825039066e-11, 5.46174954222e-12, 2.35897998184e-13, 5.25913333709e-16, 2.97579694439e-16, 4.87413661318e-17, 3.71948909275e-17, 4.86514714515e-18]
    },
    "erbbands": {
        "dmean": [0.002860176377, 0.0952156111598, 0.630654513836, 1.03108024597, 1.77038156986, 5.36455726624, 8.75708198547, 20.2033805847, 10.8780183792, 20.7069988251, 8.57158088684, 3.89259433746, 3.31692099571, 6.32393693924, 4.96707487106, 5.28298139572, 6.73334121704, 4.41442108154, 2.85860228539, 1.18546307087, 0.669053077698, 0.52903598547, 0.352561920881, 0.141832351685, 0.0879921987653, 0.0291237011552, 0.0111038023606, 0.0060305967927, 0.00204070843756, 0.000370532739908, 0.000126882572658, 9.20055172173e-05, 3.6644811189e-05, 2.03841937036e-05, 1.09101201815e-05, 5.62909508517e-06, 2.61571994997e-06, 7.46286616504e-07, 2.06054710361e-06, 4.87227043777e-06],
        "dmean2": [0.00451647676528, 0.143668696284, 0.973020553589, 1.56683456898, 2.70927023888, 8.83120441437, 13.6853551865, 30.2966804504, 16.7896671295, 30.3814601898, 12.3122234344, 5.68471002579, 4.74188566208, 8.14921283722, 7.16416978836, 8.47604751587, 9.13359737396, 6.05625343323, 4.14261198044, 1.88968586922, 1.15626358986, 0.87790954113, 0.55593752861, 0.218138918281, 0.124017998576, 0.0397371761501, 0.0146239725873, 0.00836237333715, 0.00274885375984, 0.000509820063598, 0.000176117857336, 0.000134729809361, 5.92360156588e-05, 3.2922536775e-05, 1.77542751771e-05, 8.99600945559e-06, 4.11112569054e-06, 1.22778033074e-06, 3.06091078528e-06, 7.25927839085e-06],
        "dvar": [2.89837498713e-05, 0.0388063117862, 1.64744055271, 2.90365982056, 9.4056224823, 59.8649253845, 383.593261719, 7674.22314453, 697.44329834, 2785.0402832, 363.270874023, 93.3905792236, 25.2036304474, 156.3203125, 71.8819885254, 87.8054275513, 127.05178833, 40.2689857483, 32.4770927429, 3.08863401413, 2.14500975609, 1.20307815075, 0.626039505005, 0.124158136547, 0.115668401122, 0.0162528865039, 0.00313182361424, 0.00121170037892, 0.000158249327797, 3.0021603834e-06, 1.67204305512e-07, 4.90554839416e-07, 1.4347759425e-08, 4.56811877214e-09, 1.54502544092e-09, 5.4256821258e-10, 1.27930929739e-10, 7.47038802346e-12, 1.84396699299e-11, 1.03733979739e-10],
        "dvar2": [6.44064275548e-05, 0.0851059183478, 3.6131966114, 7.23366928101, 19.5255832672, 155.207717896, 903.13671875, 13825.5009766, 1627.67834473, 6080.2734375, 670.339050293, 184.645294189, 52.0336265564, 233.724868774, 146.7371521, 267.862304688, 232.96182251, 69.6793289185, 63.9582557678, 7.49950742722, 5.4547123909, 2.55728602409, 1.50884366035, 0.258511930704, 0.207752466202, 0.0237932652235, 0.00447749113664, 0.00193045451306, 0.000276176986517, 5.0861890486e-06, 2.74635425512e-07, 1.00803561054e-06, 2.70830113891e-08, 6.77394318416e-09, 1.9134174245e-09, 6.25539786636e-10, 1.43717093781e-10, 8.92189187113e-12, 3.53075658988e-11, 1.99518984667e-10],
        "max": [0.0710455700755, 3.37614893913, 14.8790273666, 30.8087978363, 53.6872825623, 93.5886688232, 336.395080566, 2365.67675781, 494.582763672, 1326.94543457, 424.630493164, 349.347351074, 81.377243042, 311.716217041, 151.865844727, 128.497070312, 190.201705933, 174.46685791, 133.011947632, 24.4385414124, 35.0969200134, 30.9321346283, 17.8297901154, 7.47704792023, 8.38782787323, 4.13615179062, 2.01152420044, 1.26061332226, 0.321605443954, 0.0420751422644, 0.00813697744161, 0.0228112470359, 0.00276859477162, 0.00200974824838, 0.00130522006657, 0.000803532719146, 0.000394001748646, 9.42628030316e-05, 0.000100214296253, 0.000234246341279],
        "mean": [0.00583332683891, 0.210873872042, 1.52791702747, 3.78837442398, 5.80682516098, 16.6806488037, 30.118106842, 79.2709579468, 45.5256996155, 58.7205619812, 32.8570365906, 14.9856243134, 14.855132103, 21.8359069824, 17.3629798889, 14.0440168381, 21.2270889282, 13.089805603, 8.3737411499, 3.64896607399, 1.85734975338, 1.53481781483, 0.898175895214, 0.354601740837, 0.223961159587, 0.0756445676088, 0.0297398399562, 0.0132562629879, 0.00420979782939, 0.00080221722601, 0.000251082004979, 0.000144432822708, 6.38236306258e-05, 3.78221229766e-05, 2.36405085161e-05, 1.58887669386e-05, 8.91915351531e-06, 1.91544609152e-06, 1.12036050268e-05, 2.62107223534e-05],
        "median": [0.0018675866304, 0.0582161508501, 0.606735229492, 2.5361135006, 3.34545040131, 11.1237545013, 15.2128829956, 15.3872213364, 29.11236763, 30.163602829, 15.4698171616, 9.42723178864, 8.74572563171, 12.895152092, 10.845746994, 8.83583927155, 12.0866260529, 9.37345600128, 4.72718715668, 2.72219634056, 1.04532265663, 0.72102445364, 0.45321637392, 0.182392433286, 0.0713388323784, 0.0167117025703, 0.00496701570228, 0.00131321372464, 0.00058140658075, 0.000204057127121, 8.51535005495e-05, 5.02087314089e-05, 3.15228680847e-05, 2.04325297091e-05, 1.55953985086e-05, 1.16442724902e-05, 6.74212060403e-06, 1.43724571444e-06, 8.74816123542e-06, 2.04194784601e-05],
        "min": [1.28868332467e-05, 0.000134145753691, 0.00332904770039, 0.0317114591599, 0.0924025550485, 0.0609635785222, 0.105088926852, 0.399704903364, 0.93043088913, 0.807007849216, 0.0923508778214, 0.112279370427, 0.170706868172, 0.0788152143359, 0.212200805545, 0.115288414061, 0.0908998176455, 0.0678484141827, 0.0106352688745, 0.00862392317504, 0.00523973023519, 0.00237543624826, 0.00110177730676, 0.000447030761279, 4.33856585005e-05, 1.61018560902e-05, 9.38231642067e-06, 6.22009974904e-06, 5.932361546e-06, 5.62657032788e-06, 5.71112650505e-06, 2.82320388578e-06, 2.08850383387e-06, 1.39095141094e-06, 1.10259429675e-06, 6.92745004471e-07, 4.04572915613e-07, 1.0999457345e-07, 2.62334737045e-07, 5.81427173074e-07],
        "var": [7.68271493143e-05, 0.131955698133, 5.10216188431, 14.8105258942, 52.9737701416, 297.770904541, 1648.54699707, 48116.4335938, 2515.70751953, 9213.66015625, 2365.75488281, 577.176391602, 256.624389648, 770.73638916, 375.142883301, 268.572113037, 707.337097168, 224.135437012, 160.445709229, 11.8038196564, 8.12058639526, 6.85141992569, 2.17210316658, 0.340719670057, 0.402093142271, 0.073749601841, 0.0130711579695, 0.00446129729971, 0.000454843131592, 7.52859841668e-06, 4.09448176697e-07, 6.31797547612e-07, 2.37128077174e-08, 6.97727609023e-09, 1.87813919972e-09, 6.89619972238e-10, 1.75821898707e-10, 9.19293807744e-12, 1.09421513517e-10, 6.12257688992e-10]
    },
    "gfcc": {
        "mean": [-170.660690308, 259.285369873, -138.924468994, -45.3118438721, -14.5079288483, -36.4996566772, -27.355266571, -21.4248027802, -15.6388607025, -11.3546600342, -0.0492635332048, -14.3111057281, -7.81458616257],
        "cov": [[3904.00708008, -314.494689941, -708.423156738, 721.811035156, 52.6750297546, -395.819152832, 222.661468506, -51.9912071228, 25.2715396881, 103.952026367, -96.3773727417, 27.1251182556, 146.606201172], [-314.494689941, 187.1640625, 126.85584259, -107.12386322, 99.6240310669, 73.3267440796, 17.976852417, 59.5856170654, 3.39329242706, -27.3088531494, 8.96793842316, 4.62472677231, -17.7866973877], [-708.423156738, 126.85584259, 381.201385498, -104.439025879, 6.71317100525, 140.061828613, -52.5019645691, 40.0730514526, 13.4647274017, -23.7639961243, 37.5538825989, 45.0113182068, 7.2159986496], [721.811035156, -107.12386322, -104.439025879, 319.677215576, 45.9977684021, -31.3566627502, 67.4822235107, -15.5443611145, 35.5215568542, 20.6951026917, -24.343919754, 2.89398646355, 19.9737796783], [52.6750297546, 99.6240310669, 6.71317100525, 45.9977684021, 174.451751709, 58.8019104004, 19.8557567596, 47.4819908142, 18.8331775665, -8.92261600494, 3.47762608528, -9.98301410675, -29.8023223877], [-395.819152832, 73.3267440796, 140.061828613, -31.3566627502, 58.8019104004, 172.813659668, 25.2137699127, 55.2969245911, 25.7088451385, -24.3373584747, 26.5665340424, 10.4216194153, -42.3660125732], [222.661468506, 17.976852417, -52.5019645691, 67.4822235107, 19.8557567596, 25.2137699127, 111.505439758, 49.8078613281, 6.59789800644, -4.33196210861, -4.76863193512, 5.40606641769, -4.85266923904], [-51.9912071228, 59.5856170654, 40.0730514526, -15.5443611145, 47.4819908142, 55.2969245911, 49.8078613281, 102.156822205, 19.7840766907, -20.206199646, 13.8131017685, -8.48750591278, -19.3038005829], [25.2715396881, 3.39329242706, 13.4647274017, 35.5215568542, 18.8331775665, 25.7088451385, 6.59789800644, 19.7840766907, 47.9811706543, 15.751616478, -4.8006939888, -6.32315778732, -7.7964515686], [103.952026367, -27.3088531494, -23.7639961243, 20.6951026917, -8.92261600494, -24.3373584747, -4.33196210861, -20.206199646, 15.751616478, 51.5586357117, 9.93607139587, -8.90921020508, 5.91068029404], [-96.3773727417, 8.96793842316, 37.5538825989, -24.343919754, 3.47762608528, 26.5665340424, -4.76863193512, 13.8131017685, -4.8006939888, 9.93607139587, 50.9740409851, 7.87780714035, -15.1406669617], [27.1251182556, 4.62472677231, 45.0113182068, 2.89398646355, -9.98301410675, 10.4216194153, 5.40606641769, -8.48750591278, -6.32315778732, -8.90921020508, 7.87780714035, 74.8519668579, 34.3162536621], [146.606201172, -17.7866973877, 7.2159986496, 19.9737796783, -29.8023223877, -42.3660125732, -4.85266923904, -19.3038005829, -7.7964515686, 5.91068029404, -15.1406669617, 34.3162536621, 65.3664627075]],
        "icov": [[0.000873116892762, -0.00119807897136, 0.00144880404696, -0.00209973216988, 0.000676760566421, 0.000626999710221, 0.000707050028723, -0.00143238564488, 0.000909569091164, -0.00141135195736, 0.000221348091145, -0.00108073826414, -0.000603434571531], [-0.00119807897136, 0.0486832484603, -0.0219972766936, 0.0292322225869, -0.0380077697337, 0.0175788514316, -0.0393477939069, 0.02218930237, -0.025121146813, 0.0254566781223, -0.007991948165, 0.0120167629793, -0.00633137160912], [0.00144880404696, -0.0219972766936, 0.0171519387513, -0.0145968049765, 0.0181398503482, -0.0129453865811, 0.0228843484074, -0.0144270835444, 0.0126885930076, -0.0131539357826, 0.00303783081472, -0.00799587927759, -0.00174556637648], [-0.00209973216988, 0.0292322225869, -0.0145968049765, 0.0257247537374, -0.0249833203852, 0.0109494999051, -0.0292537789792, 0.0209696721286, -0.0237254500389, 0.0205254498869, -0.00806128326803, 0.0103352218866, -0.00583729706705], [0.000676760566421, -0.0380077697337, 0.0181398503482, -0.0249833203852, 0.0384170934558, -0.0177557077259, 0.0352247022092, -0.0236639138311, 0.0236176084727, -0.0232142359018, 0.0100238248706, -0.0112014357001, 0.00852392427623], [0.000626999710221, 0.0175788514316, -0.0129453865811, 0.0109494999051, -0.0177557077259, 0.0255473237485, -0.0233222749084, 0.0121963461861, -0.0201324038208, 0.0173100735992, -0.00906852725893, 0.0024745289702, 0.00442735338584], [0.000707050028723, -0.0393477939069, 0.0228843484074, -0.0292537789792, 0.0352247022092, -0.0233222749084, 0.056510578841, -0.0369705483317, 0.0354826115072, -0.032931394875, 0.0176121480763, -0.017634510994, 0.00888844951987], [-0.00143238564488, 0.02218930237, -0.0144270835444, 0.0209696721286, -0.0236639138311, 0.0121963461861, -0.0369705483317, 0.0434670522809, -0.0350585952401, 0.0342362113297, -0.0216079112142, 0.0176975764334, -0.00992996990681], [0.000909569091164, -0.025121146813, 0.0126885930076, -0.0237254500389, 0.0236176084727, -0.0201324038208, 0.0354826115072, -0.0350585952401, 0.0652124285698, -0.045508865267, 0.0284955259413, -0.0151301920414, 0.013410137035], [-0.00141135195736, 0.0254566781223, -0.0131539357826, 0.0205254498869, -0.0232142359018, 0.0173100735992, -0.032931394875, 0.0342362113297, -0.045508865267, 0.0616178326309, -0.0316199287772, 0.0208141002804, -0.0156772155315], [0.000221348091145, -0.007991948165, 0.00303783081472, -0.00806128326803, 0.0100238248706, -0.00906852725893, 0.0176121480763, -0.0216079112142, 0.0284955259413, -0.0316199287772, 0.0436678789556, -0.0164726246148, 0.0180960968137], [-0.00108073826414, 0.0120167629793, -0.00799587927759, 0.0103352218866, -0.0112014357001, 0.0024745289702, -0.017634510994, 0.0176975764334, -0.0151301920414, 0.0208141002804, -0.0164726246148, 0.0309155881405, -0.019899982959], [-0.000603434571531, -0.00633137160912, -0.00174556637648, -0.00583729706705, 0.00852392427623, 0.00442735338584, 0.00888844951987, -0.00992996990681, 0.013410137035, -0.0156772155315, 0.0180960968137, -0.019899982959, 0.0390442572534]]
    },
    "melbands": {
        "dmean": [5.47124109289e-05, 0.000255456630839, 0.000189173661056, 0.000220671718125, 0.00032413189183, 0.000419378979132, 0.000166585014085, 0.000215557607589, 5.75686353841e-05, 2.21245227294e-05, 1.67383986991e-05, 2.67104060185e-05, 1.84382843145e-05, 1.35605441756e-05, 1.17369072541e-05, 1.4121890672e-05, 7.95934465714e-06, 4.30579939348e-06, 2.72342185781e-06, 1.21615528315e-06, 8.04137755495e-07, 6.67386132136e-07, 5.20384389802e-07, 1.99227798703e-07, 1.18745475675e-07, 7.77406299335e-08, 3.1655201127e-08, 2.1020618135e-08, 7.30347959887e-09, 3.46456419109e-09, 3.78628950415e-09, 1.47184042731e-09, 3.65129787516e-10, 1.3823465983e-10, 7.4486049273e-11, 6.49586287538e-11, 5.4406690958e-11, 2.43434664787e-11, 2.38805798053e-11, 1.46031346737e-11],
        "dmean2": [8.3934792201e-05, 0.000390775239794, 0.000285723945126, 0.000352121074684, 0.000508265511598, 0.000633012619801, 0.000256071361946, 0.000318277685437, 8.18045082269e-05, 3.23407584801e-05, 2.41051147896e-05, 3.45821863448e-05, 2.55305949395e-05, 2.20592264668e-05, 1.75381610461e-05, 1.88062531379e-05, 1.1119806004e-05, 6.21079834673e-06, 4.20382048105e-06, 2.02471596822e-06, 1.39433529966e-06, 1.13324244921e-06, 8.50699507282e-07, 3.07990717374e-07, 1.85639663641e-07, 1.13187702766e-07, 4.4008274358e-08, 2.93794482076e-08, 9.51593559506e-09, 5.16932452399e-09, 5.29354071688e-09, 2.01235295094e-09, 5.18296294771e-10, 1.97195010321e-10, 1.07959023665e-10, 9.19524040244e-11, 8.23933005156e-11, 3.99217672808e-11, 3.97085350712e-11, 2.39122038143e-11],
        "dvar": [1.18195115917e-08, 2.61998764017e-07, 1.00638430922e-07, 9.33788442126e-08, 3.83804234616e-07, 2.99147927763e-06, 1.58644539283e-07, 2.83269713464e-07, 1.91565199259e-08, 2.7533746394e-09, 6.40525466e-10, 2.95329294353e-09, 1.08402198329e-09, 4.89957296956e-10, 2.96744268047e-10, 5.85666959374e-10, 1.52741722048e-10, 7.35720373513e-11, 2.0830198677e-11, 4.06236416034e-12, 4.61499892121e-12, 2.15718567141e-12, 2.01342783591e-12, 2.63420226387e-13, 8.10123249408e-14, 8.71268050653e-14, 1.11823375402e-14, 1.10808028538e-14, 1.86567265204e-15, 3.07265145614e-16, 5.92507169901e-16, 9.22001054089e-17, 6.56651456293e-18, 4.51429735097e-19, 5.77078159951e-20, 1.31253762576e-19, 2.12827148035e-19, 4.67037361788e-21, 9.31273537825e-21, 2.6815810093e-21],
        "dvar2": [2.64581316856e-08, 5.7247211771e-07, 2.39664984747e-07, 2.14304506585e-07, 8.85367285264e-07, 5.52982737645e-06, 3.68201824585e-07, 6.42489283109e-07, 3.32502487765e-08, 5.51071765997e-09, 1.32617461457e-09, 4.40275949032e-09, 1.97675831259e-09, 1.4633831924e-09, 6.80252798535e-10, 1.01786756801e-09, 2.77312811603e-10, 1.41203077009e-10, 4.5376379737e-11, 1.1618676507e-11, 1.07173454139e-11, 4.90538209011e-12, 5.18543714911e-12, 5.4981003474e-13, 1.74806349951e-13, 1.63053896557e-13, 1.97677737081e-14, 1.66162673491e-14, 2.51732220342e-15, 6.56237928852e-16, 8.54315471837e-16, 1.56975904494e-16, 1.09402006189e-17, 7.45194761236e-19, 9.92485743259e-20, 2.61297127272e-19, 4.41346713622e-19, 7.70688942698e-21, 2.14824427323e-20, 3.26837316154e-21],
        "max": [0.0018446961185, 0.00584262423217, 0.00548790348694, 0.00494874920696, 0.0112175196409, 0.0455165207386, 0.00759672746062, 0.0125024020672, 0.00323362881318, 0.00189184455667, 0.000410288426792, 0.00135019654408, 0.000690114684403, 0.000311925308779, 0.000245627714321, 0.000483875250211, 0.000295651669148, 0.000203820760362, 6.39059871901e-05, 3.37026031048e-05, 5.9988033172e-05, 3.86441970477e-05, 3.96729410568e-05, 8.70805524755e-06, 6.08107575317e-06, 6.40662892692e-06, 2.30580326388e-06, 3.49496053786e-06, 1.63958861776e-06, 4.40978652705e-07, 9.37071376939e-07, 2.56145341382e-07, 8.14248721781e-08, 2.20550280261e-08, 5.22052268082e-09, 1.10386340069e-08, 1.50410315314e-08, 1.81976311797e-09, 3.03011393754e-09, 1.73736680598e-09],
        "mean": [0.000114111950097, 0.000644392508548, 0.000729960447643, 0.000704004021827, 0.00112359516788, 0.00165423168801, 0.000671523215715, 0.000609327864368, 0.000229021607083, 7.9657540482e-05, 7.15218193363e-05, 8.79358631209e-05, 6.06558605796e-05, 3.77368342015e-05, 3.13178315992e-05, 4.84438933199e-05, 2.05356554943e-05, 1.23086283565e-05, 7.93400431576e-06, 3.1404326819e-06, 2.08908454624e-06, 1.74917681761e-06, 1.28670330923e-06, 4.38379913703e-07, 2.69765280336e-07, 2.02512268288e-07, 7.06266831685e-08, 5.07805744121e-08, 1.82731714204e-08, 8.46471603921e-09, 7.49171924497e-09, 2.6051583113e-09, 6.78126610421e-10, 2.84206963519e-10, 1.33436747762e-10, 9.78033418142e-11, 7.08101424718e-11, 3.18030012048e-11, 3.01003666436e-11, 1.58632464803e-11],
        "median": [3.03677934426e-05, 0.000245789793553, 0.000474294356536, 0.00048200506717, 0.000602354004513, 0.000374844035832, 0.000426930462709, 0.000306753674522, 0.000111333632958, 5.24365386809e-05, 3.95933529944e-05, 4.89996018587e-05, 3.2825028029e-05, 2.53389152931e-05, 2.1732874302e-05, 2.76445880445e-05, 1.21714992929e-05, 6.83627331455e-06, 4.98286999573e-06, 1.87567513876e-06, 9.23779168716e-07, 7.75246860485e-07, 5.34219850579e-07, 2.25494105166e-07, 1.26112681187e-07, 5.52367716011e-08, 1.96243981065e-08, 7.46220329972e-09, 2.8443147837e-09, 7.76089748022e-10, 5.90535564893e-10, 3.23814391967e-10, 1.48048379112e-10, 6.52921952615e-11, 3.81699637175e-11, 2.74044623799e-11, 2.1121908042e-11, 1.35014924588e-11, 7.43677515402e-12, 5.28470800107e-12],
