{
"highlevel": {
    "danceability": {
        "all": {
            "danceable": 0.977348864079,
            "not_danceable": 0.0226511452347
        },
        "probability": 0.977348864079,
        "value": "danceable"
    },
    "gender": {
        "all": {
            "female": 0.865028381348,
            "male": 0.134971618652
        },
        "probability": 0.865028381348,
        "value": "female"
    },
    "genre_dortmund": {
        "all": {
            "alternative": 0.0465373471379,
            "blues": 0.0513656325638,
            "electronic": 0.0627633035183,
            "folkcountry": 0.0500792860985,
            "funksoulrnb": 0.111214995384,
            "jazz": 0.383403867483,
            "pop": 0.0446358136833,
            "raphiphop": 0.103364557028,
            "rock": 0.146635189652
        },
        "probability": 0.383403867483,
        "value": "jazz"
    },
    "genre_electronic": {
        "all": {
            "ambient": 0.287854194641,
            "dnb": 0.526547670364,
            "house": 0.0878200158477,
            "techno": 0.0196446403861,
            "trance": 0.0781334713101
        },
        "probability": 0.526547670364,
        "value": "dnb"
    },
    "genre_rosamerica": {
        "all": {
            "cla": 0.0276366584003,
            "dan": 0.160740226507,
            "hip": 0.364662021399,
            "jaz": 0.116494104266,
            "pop": 0.146275356412,
            "rhy": 0.100445099175,
            "roc": 0.0313386023045,
            "spe": 0.0524079278111
        },
        "probability": 0.364662021399,
        "value": "hip"
    },
    "genre_tzanetakis": {
        "all": {
            "blu": 0.0626541376114,
            "cla": 0.0348133966327,
            "cou": 0.0783501937985,
            "dis": 0.104547761381,
            "hip": 0.15693578124,
            "jaz": 0.313987255096,
            "met": 0.044816005975,
            "pop": 0.0627349764109,
            "reg": 0.0627352520823,
            "roc": 0.0784252434969
        },
        "probability": 0.313987255096,
        "value": "jaz"
    },
    "ismir04_rhythm": {
        "all": {
            "ChaChaCha": 0.336474269629,
            "Jive": 0.0408952124417,
            "Quickstep": 0.146872580051,
            "Rumba-American": 0.0163811407983,
            "Rumba-International": 0.0227337777615,
            "Rumba-Misc": 0.00696705142036,
            "Samba": 0.379513144493,
            "Tango": 0.0194784030318,
            "VienneseWaltz": 0.0245743338019,
            "Waltz": 0.0061100712046
        },
        "probability": 0.379513144493,
        "value": "Samba"
    },
    "mood_acoustic": {
        "all": {
            "acoustic": 0.557278513908,
            "not_acoustic": 0.442721486092
        },
        "probability": 0.557278513908,
        "value": "acoustic"
    },
    "mood_aggressive": {
        "all": {
            "aggressive": 0.224761620164,
            "not_aggressive": 0.775238394737
        },
        "probability": 0.775238394737,
        "value": "not_aggressive"
    },
    "mood_electronic": {
        "all": {
            "electronic": 0.628678023815,
            "not_electronic": 0.371321976185
        },
        "probability": 0.628678023815,
        "value": "electronic"
    },
    "mood_happy": {
        "all": {
            "happy": 0.620617926121,
            "not_happy": 0.379382103682
        },
        "probability": 0.620617926121,
        "value": "happy"
    },
    "mood_party": {
        "all": {
            "not_party": 0.615393579006,
            "party": 0.384606450796
        },
        "probability": 0.615393579006,
        "value": "not_party"
    },
    "mood_relaxed": {
        "all": {
            "not_relaxed": 0.750879406929,
            "relaxed": 0.24912057817
        },
        "probability": 0.750879406929,
        "value": "not_relaxed"
    },
    "mood_sad": {
        "all": {
            "not_sad": 0.351821184158,
            "sad": 0.648178815842
        },
        "probability": 0.648178815842,
        "value": "sad"
    },
    "moods_mirex": {
        "all": {
            "Cluster1": 0.193545401096,
            "Cluster2": 0.310694813728,
            "Cluster3": 0.125106349587,
            "Cluster4": 0.217098399997,
            "Cluster5": 0.153555050492
        },
        "probability": 0.310694813728,
        "value": "Cluster2"
    },
    "timbre": {
        "all": {
            "bright": 0.940528988838,
            "dark": 0.0594709962606
        },
        "probability": 0.940528988838,
        "value": "bright"
    },
    "tonal_atonal": {
        "all": {
            "atonal": 0.0537474937737,
            "tonal": 0.946252524853
        },
        "probability": 0.946252524853,
        "value": "tonal"
    },
    "voice_instrumental": {
        "all": {
            "instrumental": 0.00242965342477,
            "voice": 0.997570335865
        },
        "probability": 0.997570335865,
        "value": "voice"
    }
},
"lowlevel": {
    "average_loudness": 0.976685523987,
    "barkbands_crest": {
        "dmean": 3.39777612686,
        "dmean2": 5.5378704071,
        "dvar": 9.28776454926,
        "dvar2": 22.1812000275,
        "max": 24.0339622498,
        "mean": 10.8004770279,
        "median": 9.99881458282,
        "min": 2.53132033348,
        "var": 21.4750823975
    },
    "barkbands_flatness_db": {
        "dmean": 0.0280819907784,
        "dmean2": 0.0444467999041,
        "dvar": 0.000752703286707,
        "dvar2": 0.00174439873081,
        "max": 0.344906449318,
        "mean": 0.14680211246,
        "median": 0.139364644885,
        "min": 0.0545201897621,
        "var": 0.00196450576186
    },
    "barkbands_kurtosis": {
        "dmean": 3.96303844452,
        "dmean2": 6.41201162338,
        "dvar": 44.5539970398,
        "dvar2": 105.047966003,
        "max": 85.1781234741,
        "mean": 4.36934947968,
        "median": 1.9563574791,
        "min": -1.77957952023,
        "var": 65.4375686646
    },
    "barkbands_skewness": {
        "dmean": 0.729370474815,
        "dmean2": 1.12010776997,
        "dvar": 0.624588012695,
        "dvar2": 1.39335858822,
        "max": 8.4173822403,
        "mean": 1.64484012127,
        "median": 1.43547666073,
        "min": -1.59669911861,
        "var": 1.46360778809
    },
    "barkbands_spread": {
        "dmean": 8.87014389038,
        "dmean2": 13.2201948166,
        "dvar": 81.2902755737,
        "dvar2": 183.262512207,
        "max": 88.5647583008,
        "mean": 24.4033279419,
        "median": 21.4431724548,
        "min": 2.05502700806,
        "var": 200.638397217
    },
    "dissonance": {
        "dmean": 0.023434869945,
        "dmean2": 0.0388425737619,
        "dvar": 0.000508627563249,
        "dvar2": 0.00132962514181,
        "max": 0.49998742342,
        "mean": 0.455548048019,
        "median": 0.462945014238,
        "min": 0.236296162009,
        "var": 0.000997668481432
    },
    "dynamic_complexity": 2.09603786469,
    "erbbands_crest": {
        "dmean": 3.40940904617,
        "dmean2": 5.55857181549,
        "dvar": 10.5814628601,
        "dvar2": 26.4524326324,
        "max": 29.9485397339,
        "mean": 9.5708322525,
        "median": 8.28386116028,
        "min": 2.70536446571,
        "var": 21.9472255707
    },
    "erbbands_flatness_db": {
        "dmean": 0.0215042494237,
        "dmean2": 0.0322859250009,
        "dvar": 0.000401762430556,
        "dvar2": 0.000873950426467,
        "max": 0.336440593004,
        "mean": 0.164771109819,
        "median": 0.160780236125,
        "min": 0.0943154022098,
        "var": 0.00123996159527
    },
    "erbbands_kurtosis": {
        "dmean": 1.33684229851,
        "dmean2": 2.18130636215,
        "dvar": 4.51242160797,
        "dvar2": 11.2569732666,
        "max": 27.7002487183,
        "mean": 0.410338610411,
        "median": -0.330490112305,
        "min": -1.82394313812,
        "var": 6.04811906815
    },
    "erbbands_skewness": {
        "dmean": 0.524130523205,
        "dmean2": 0.809540331364,
        "dvar": 0.260400503874,
        "dvar2": 0.591804265976,
        "max": 3.87571811676,
        "mean": 0.579538285732,
        "median": 0.555749118328,
        "min": -2.00208902359,
        "var": 0.653260171413
    },
    "erbbands_spread": {
        "dmean": 13.267074585,
        "dmean2": 19.432472229,
        "dvar": 158.038543701,
        "dvar2": 343.669769287,
        "max": 122.171806335,
        "mean": 47.023399353,
        "median": 44.7046775818,
        "min": 4.15781593323,
        "var": 478.759094238
    },
    "hfc": {
        "dmean": 12.229434967,
        "dmean2": 16.3960494995,
        "dvar": 240.567382812,
        "dvar2": 529.861633301,
        "max": 184.728256226,
        "mean": 21.9872951508,
        "median": 16.8487052917,
        "min": 0.33426374197,
        "var": 409.951965332
    },
    "melbands_crest": {
        "dmean": 4.36760854721,
        "dmean2": 7.08167934418,
        "dvar": 14.1514081955,
        "dvar2": 32.413143158,
        "max": 30.960691452,
        "mean": 15.9077711105,
        "median": 15.0468244553,
        "min": 3.85602927208,
        "var": 41.8733444214
    },
    "melbands_flatness_db": {
        "dmean": 0.0354423448443,
        "dmean2": 0.0535678416491,
        "dvar": 0.00125912181102,
        "dvar2": 0.00263008731417,
        "max": 0.462417751551,
        "mean": 0.167511463165,
        "median": 0.160043492913,
        "min": 0.0270457509905,
        "var": 0.00405425438657
    },
    "melbands_kurtosis": {
        "dmean": 10.3287229538,
        "dmean2": 16.3593044281,
        "dvar": 268.57623291,
        "dvar2": 600.220947266,
        "max": 213.887557983,
        "mean": 16.6896514893,
        "median": 9.15428447723,
        "min": -1.36457753181,
        "var": 532.87890625
    },
    "melbands_skewness": {
        "dmean": 1.0139336586,
        "dmean2": 1.5226547718,
        "dvar": 1.20323562622,
        "dvar2": 2.4868991375,
        "max": 11.6488828659,
        "mean": 2.91021871567,
        "median": 2.49322915077,
        "min": -0.24479316175,
        "var": 3.53539419174
    },
    "melbands_spread": {
        "dmean": 10.6718349457,
        "dmean2": 16.6200237274,
        "dvar": 159.472930908,
        "dvar2": 362.826477051,
        "max": 160.297225952,
        "mean": 25.4826469421,
        "median": 20.873550415,
        "min": 1.47637939453,
        "var": 323.345581055
    },
    "pitch_salience": {
        "dmean": 0.0945768728852,
        "dmean2": 0.152650773525,
        "dvar": 0.0068658394739,
        "dvar2": 0.0179318692535,
        "max": 0.859307467937,
        "mean": 0.525417864323,
        "median": 0.53090429306,
        "min": 0.111456245184,
        "var": 0.0163582246751
    },
    "silence_rate_20dB": {
        "dmean": 0,
        "dmean2": 0,
        "dvar": 0,
        "dvar2": 0,
        "max": 1,
        "mean": 1,
        "median": 1,
        "min": 1,
        "var": 0
    },
    "silence_rate_30dB": {
        "dmean": 0.00464396271855,
        "dmean2": 0.00929511990398,
        "dvar": 0.00462232716382,
        "dvar2": 0.00920886639506,
        "max": 1,
        "mean": 0.99535959959,
        "median": 1,
        "min": 0,
        "var": 0.00461879977956
    },
    "silence_rate_60dB": {
        "dmean": 0.0673374608159,
        "dmean2": 0.1340046525,
        "dvar": 0.0628028959036,
        "dvar2": 0.14238460362,
        "max": 1,
        "mean": 0.0610982216895,
        "median": 0,
        "min": 0,
        "var": 0.0573654398322
    },
    "spectral_centroid": {
        "dmean": 394.161804199,
        "dmean2": 583.870117188,
        "dvar": 148292.15625,
        "dvar2": 309038.21875,
        "max": 3946.70068359,
        "mean": 1476.28308105,
        "median": 1344.27160645,
        "min": 222.245910645,
        "var": 445118.03125
    },
    "spectral_complexity": {
        "dmean": 5.04643964767,
        "dmean2": 6.84198284149,
        "dvar": 23.9297466278,
        "dvar2": 42.5560340881,
        "max": 49,
        "mean": 15.9520492554,
        "median": 15,
        "min": 0,
        "var": 76.9520568848
    },
    "spectral_decrease": {
        "dmean": 3.45660500223e-09,
        "dmean2": 4.93203033969e-09,
        "dvar": 1.62227191129e-17,
        "dvar2": 3.34010071957e-17,
        "max": -7.35664654195e-11,
        "mean": -5.89756377067e-09,
        "median": -4.3421937157e-09,
        "min": -4.04889277661e-08,
        "var": 3.09317307922e-17
    },
    "spectral_energy": {
        "dmean": 0.0139429802075,
        "dmean2": 0.0197945684195,
        "dvar": 0.000252951809671,
        "dvar2": 0.000518640328664,
        "max": 0.155355751514,
        "mean": 0.0242530759424,
        "median": 0.0185323543847,
        "min": 0.000320715626003,
        "var": 0.00048552575754
    },
    "spectral_energyband_high": {
        "dmean": 0.00101718166843,
        "dmean2": 0.00145884254016,
        "dvar": 2.90799243885e-06,
        "dvar2": 6.63685159452e-06,
        "max": 0.0223687496036,
        "mean": 0.00135197117925,
        "median": 0.000671478686854,
        "min": 6.57545479044e-06,
        "var": 3.59129103344e-06
    },
    "spectral_energyband_low": {
        "dmean": 0.00372425210662,
        "dmean2": 0.00517179118469,
        "dvar": 8.45403119456e-05,
        "dvar2": 0.000157052476425,
        "max": 0.137152552605,
        "mean": 0.00585558917373,
        "median": 0.00081914733164,
        "min": 1.05522963167e-06,
        "var": 0.000175584122189
    },
    "spectral_energyband_middle_high": {
        "dmean": 0.00203346787021,
        "dmean2": 0.00258915219456,
        "dvar": 6.48904324407e-06,
        "dvar2": 1.09826269181e-05,
        "max": 0.03602039814,
        "mean": 0.00426137633622,
        "median": 0.00248784013093,
        "min": 6.00286584813e-05,
        "var": 2.48326559813e-05
    },
    "spectral_energyband_middle_low": {
        "dmean": 0.0101174069569,
        "dmean2": 0.0155243258923,
        "dvar": 0.000157644768478,
        "dvar2": 0.000356253003702,
        "max": 0.109785176814,
        "mean": 0.0134498476982,
        "median": 0.00833421386778,
        "min": 0.000113135043648,
        "var": 0.000216268716031
    },
    "spectral_entropy": {
        "dmean": 0.229404881597,
        "dmean2": 0.347935736179,
        "dvar": 0.0499463789165,
        "dvar2": 0.115745954216,
        "max": 8.68347072601,
        "mean": 7.63349056244,
        "median": 7.6567697525,
        "min": 5.7443561554,
        "var": 0.121769122779
    },
    "spectral_flux": {
        "dmean": 0.0418566204607,
        "dmean2": 0.0662382468581,
        "dvar": 0.00164039258379,
        "dvar2": 0.00378166697919,
        "max": 0.280779391527,
        "mean": 0.0959488898516,
        "median": 0.0895192101598,
        "min": 0.0129881678149,
        "var": 0.0025901417248
    },
    "spectral_kurtosis": {
        "dmean": 1.33881044388,
        "dmean2": 2.10478425026,
        "dvar": 2.07737135887,
        "dvar2": 5.04470825195,
        "max": 19.3360881805,
        "mean": 2.59524297714,
        "median": 2.14992809296,
        "min": -0.869349002838,
        "var": 3.73804306984
    },
    "spectral_rms": {
        "dmean": 0.00141775235534,
        "dmean2": 0.00191716221161,
        "dvar": 1.78848085852e-06,
        "dvar2": 3.58085458174e-06,
        "max": 0.0123112387955,
        "mean": 0.00438880966976,
        "median": 0.00425209896639,
        "min": 0.000559368636459,
        "var": 4.39991481471e-06
    },
    "spectral_rolloff": {
        "dmean": 941.862060547,
        "dmean2": 1510.91113281,
        "dvar": 1521026.25,
        "dvar2": 3280805,
        "max": 10702.0019531,
        "mean": 1906.57971191,
        "median": 1291.9921875,
        "min": 107.666015625,
        "var": 2823890.75
    },
    "spectral_skewness": {
        "dmean": 0.246112674475,
        "dmean2": 0.36881929636,
        "dvar": 0.0540911741555,
        "dvar2": 0.118339151144,
        "max": 3.56115651131,
        "mean": 1.25936317444,
        "median": 1.20765411854,
        "min": 0.315980285406,
        "var": 0.143818989396
    },
    "spectral_spread": {
        "dmean": 739319.3125,
        "dmean2": 998980.625,
        "dvar": 438496264192,
        "dvar2": 935266680832,
        "max": 11978744,
        "mean": 5238789.5,
        "median": 5164684.5,
        "min": 1875143.125,
        "var": 1.42543054438e+12
    },
    "spectral_strongpeak": {
        "dmean": 0.636388897896,
        "dmean2": 1.01928412914,
        "dvar": 0.551503837109,
        "dvar2": 1.34508061409,
        "max": 7.33415699005,
        "mean": 1.09444046021,
        "median": 0.786864817142,
        "min": 0.0348508544266,
        "var": 0.970243155956
    },
    "zerocrossingrate": {
        "dmean": 0.0170830413699,
        "dmean2": 0.0195195246488,
        "dvar": 0.000240865338128,
        "dvar2": 0.000319174578181,
        "max": 0.31640625,
        "mean": 0.0757115408778,
        "median": 0.07080078125,
        "min": 0.009765625,
        "var": 0.00126237806398
    },
    "barkbands": {
        "dmean": [1.22217807075e-05, 0.0010160888778, 0.00243422575295, 0.000762360345107, 0.00522858090699, 0.0013406581711, 0.000693123729434, 0.00230290158652, 0.00209893286228, 0.000846476643346, 0.000331298069796, 0.000347176217474, 0.000311634707032, 0.000276544364169, 0.000258967018453, 0.000132998306071, 0.000176286557689, 0.00021999560704, 0.000157602829859, 0.000158259441378, 0.000207303542993, 0.000220610949327, 0.000222013783059, 0.000212333892705, 0.000139608702739, 1.22008004837e-05, 3.28941283101e-08],
        "dmean2": [2.12264149013e-05, 0.00152485480066, 0.00331499264576, 0.00119357812218, 0.00833182502538, 0.00216032378376, 0.00117601978127, 0.00356229348108, 0.00346431764774, 0.00127924990375, 0.000476274406537, 0.000511455524247, 0.000466468452942, 0.000423039105954, 0.000393279857235, 0.000200980997761, 0.000271351396805, 0.000335405289661, 0.000234375096625, 0.00022974894091, 0.000309108931106, 0.000325832865201, 0.000337336183293, 0.000323802756611, 0.000214115003473, 1.86657653103e-05, 6.15080892885e-08],
        "dvar": [1.26999644134e-09, 6.69863038638e-06, 4.90319580422e-05, 5.20837102158e-06, 7.81056078267e-05, 5.33129332325e-06, 2.19187859329e-06, 1.70780767803e-05, 2.10519174288e-05, 3.61400952897e-06, 5.04639899646e-07, 6.01660985922e-07, 5.13105874234e-07, 3.71099304175e-07, 2.07563516597e-07, 4.84925237743e-08, 7.33567517841e-08, 1.24389885059e-07, 5.42801572578e-08, 5.69066997969e-08, 1.28986314962e-07, 1.84028053241e-07, 1.59475391115e-07, 2.00694785235e-07, 8.38815878978e-08, 6.51750931002e-10, 2.41553552469e-14],
        "dvar2": [3.39268724225e-09, 1.37304732561e-05, 9.04615662876e-05, 1.08188260128e-05, 0.000185070341104, 1.25036103782e-05, 5.94594257564e-06, 3.78863369406e-05, 5.45913862879e-05, 8.16644478618e-06, 8.50864353197e-07, 1.23679228636e-06, 1.07861865217e-06, 8.3070654e-07, 4.58488301547e-07, 1.00573124939e-07, 1.7118911444e-07, 2.77284186723e-07, 1.27981166997e-07, 1.25244739024e-07, 2.97301767205e-07, 4.2838223635e-07, 3.80842749337e-07, 4.97357518725e-07, 2.03864956916e-07, 1.59293367386e-09, 6.84552647857e-14],
        "max": [0.000381826452212, 0.0358613282442, 0.107431903481, 0.0402162410319, 0.0808919519186, 0.0224751438946, 0.0281904134899, 0.0512041151524, 0.0464293733239, 0.022417191416, 0.01757090725, 0.00932617019862, 0.0092610353604, 0.00937727838755, 0.0073784054257, 0.00381591240875, 0.00415481440723, 0.00501479906961, 0.00366205256432, 0.00259061530232, 0.00493179215118, 0.00588547950611, 0.00440368661657, 0.00611853972077, 0.00411617103964, 0.000347005086951, 1.70479484041e-06],
        "mean": [1.00030010799e-05, 0.00166336016264, 0.00363981095143, 0.000850717595313, 0.00531173450872, 0.00134205177892, 0.00066679448355, 0.00291263614781, 0.00212292210199, 0.00110481411684, 0.000507069868036, 0.000456686684629, 0.000406617298722, 0.0003486390342, 0.000372546346625, 0.000199826419703, 0.000274704245385, 0.000335862016072, 0.000282414170215, 0.000252662488492, 0.000274759397143, 0.000268830684945, 0.000245139555773, 0.000238421765971, 0.000149669605889, 1.43928064062e-05, 1.971139163e-08],
        "median": [1.80559163709e-06, 0.000183911819477, 0.000227814976824, 0.000116844545119, 0.00139522738755, 0.000500359805301, 0.000277339509921, 0.000878628052305, 0.000375134579372, 0.000232473728829, 7.91646889411e-05, 0.000121902274259, 9.85451915767e-05, 8.76417616382e-05, 0.000144992474816, 8.56027982081e-05, 0.000154745895998, 0.000158302020282, 0.000153714281623, 0.000118293981359, 0.000136405855301, 0.000118569987535, 9.61323603406e-05, 0.000101542151242, 5.24726965523e-05, 4.43805356554e-06, 3.79967807218e-10],
        "min": [3.59923957305e-09, 3.01511903444e-07, 5.65931479457e-08, 1.760376378e-08, 2.56472708315e-06, 1.16058367894e-06, 2.03352624339e-06, 3.43950387105e-06, 4.19872719704e-07, 1.14269153073e-06, 2.70865029961e-07, 9.33688340865e-07, 5.1985830396e-07, 4.51760541864e-07, 2.48350352194e-06, 1.61464492976e-06, 2.22964649765e-06, 2.12530517274e-06, 3.83327733289e-06, 2.2983836061e-06, 9.08601180072e-07, 4.17232371319e-07, 2.50892725262e-07, 2.45682514333e-08, 2.09954744562e-11, 1.31051818703e-11, 7.67426139997e-12],
        "var": [9.37599109463e-10, 1.44959976751e-05, 9.90591506707e-05, 8.23865320854e-06, 8.54281679494e-05, 5.70991960558e-06, 1.69466636635e-06, 2.55432878475e-05, 2.17798806261e-05, 6.23406867817e-06, 1.77362710474e-06, 9.20356569623e-07, 8.36676463223e-07, 5.3267427802e-07, 4.24388446163e-07, 1.17114694831e-07, 1.23084987536e-07, 2.70028834848e-07, 1.26154674263e-07, 1.13275774538e-07, 1.58402414741e-07, 2.0495804165e-07, 1.67794752315e-07, 1.87136535601e-07, 8.34101854252e-08, 7.71884722806e-10, 1.42753427216e-14]
    },
    "erbbands": {
        "dmean": [0.0110768238083, 0.327633231878, 2.54600977898, 2.55163621902, 4.19688987732, 19.2341823578, 28.9532814026, 8.15565776825, 5.97569274902, 24.1480770111, 55.3746910095, 47.2899169922, 22.5411205292, 26.8896694183, 11.962761879, 14.029668808, 11.5943927765, 15.6362199783, 13.6186065674, 9.70920467377, 6.44637155533, 9.13275814056, 13.1331386566, 9.25202465057, 6.721616745, 7.96075057983, 8.65071487427, 7.68849039078, 7.86062765121, 6.48487329483, 6.17492961884, 5.19977903366, 3.18957901001, 2.2618162632, 0.55332159996, 0.100776061416, 0.016458787024, 0.00103105115704, 3.94249655074e-05, 2.00465019589e-05],
        "dmean2": [0.0178790669888, 0.477059006691, 3.48293852806, 3.70701241493, 6.84921312332, 30.9378299713, 45.5113677979, 13.0578584671, 9.99353313446, 37.4666481018, 88.4934768677, 77.9722824097, 34.7105102539, 38.1368103027, 16.6160449982, 20.6509933472, 17.1320915222, 23.2237281799, 19.874578476, 14.8071956635, 9.6161031723, 13.9631128311, 19.9890327454, 13.8590803146, 9.88253879547, 11.634522438, 12.6574478149, 11.1461496353, 11.6611642838, 9.83301734924, 9.40149974823, 7.95184230804, 4.89830541611, 3.4825732708, 0.84572070837, 0.153920412064, 0.0253786407411, 0.0016161830863, 5.85320594837e-05, 2.80957847281e-05],
        "dvar": [0.00111181871034, 0.681397080421, 54.3346557617, 41.1723937988, 92.1125717163, 1117.69335938, 2926.80444336, 184.450302124, 180.582839966, 1880.58496094, 12226.6357422, 10730.2402344, 2349.97729492, 3436.77758789, 796.623596191, 1057.61608887, 695.085510254, 882.836791992, 740.307128906, 299.471740723, 98.6302032471, 227.39781189, 420.504974365, 205.033905029, 110.442619324, 160.107070923, 189.802520752, 162.949142456, 208.235977173, 169.32232666, 129.230865479, 111.956245422, 59.9390525818, 22.7970981598, 1.28213965893, 0.0482794679701, 0.00107412680518, 5.33871889274e-06, 5.27783106108e-09, 5.24499832455e-10],
        "dvar2": [0.00265503977425, 1.32073056698, 99.9515304565, 86.0443191528, 224.626937866, 2760.53955078, 6705.46728516, 448.75567627, 473.669250488, 4138.51904297, 28569.9707031, 27923.9726562, 5465.09130859, 6825.24462891, 1460.65600586, 2223.43237305, 1453.51171875, 1808.96105957, 1488.7265625, 667.562133789, 209.654846191, 539.346069336, 936.872375488, 506.515686035, 245.061889648, 363.330596924, 429.472320557, 361.594940186, 486.287658691, 404.622924805, 310.134490967, 278.78527832, 154.643814087, 55.8924102783, 3.08718037605, 0.119118072093, 0.00254408479668, 1.30133767016e-05, 1.31638948631e-08, 1.1333622929e-09],
        "max": [0.713599860668, 11.2179956436, 119.081161499, 87.3999176025, 122.565498352, 245.496002197, 669.112182617, 128.281539917, 239.863494873, 503.42300415, 1209.08410645, 1031.1394043, 632.630371094, 950.463928223, 821.715393066, 469.545715332, 464.19241333, 422.441986084, 531.694946289, 335.94241333, 171.356643677, 226.775802612, 261.847564697, 211.398376465, 171.757446289, 148.011108398, 156.590255737, 162.968078613, 219.308990479, 199.753479004, 102.860984802, 145.346008301, 146.40675354, 67.3904571533, 18.2100582123, 3.24925541878, 0.400510758162, 0.0331850536168, 0.000865433830768, 0.00021802764968],
        "mean": [0.0156776290387, 0.543190360069, 3.94658470154, 3.45217108727, 5.07542848587, 18.391740799, 28.7421989441, 8.03128910065, 6.14075946808, 30.4849185944, 68.2597427368, 48.0737876892, 29.7524795532, 37.2082366943, 21.7281112671, 19.7351799011, 16.5976524353, 21.9446258545, 18.8985691071, 15.9444179535, 11.091383934, 14.2046976089, 20.2200088501, 16.5465068817, 11.6090869904, 12.5855321884, 12.3531341553, 9.9693813324, 9.55243015289, 7.52907991409, 6.85695457458, 5.84635782242, 3.43389630318, 2.37824654579, 0.609134972095, 0.116346769035, 0.0196833945811, 0.00115745456424, 5.1799324865e-05, 3.43093342963e-05],
        "median": [0.00216157361865, 0.0651594623923, 0.318340212107, 0.537186264992, 1.02144527435, 4.818546772, 7.11903572083, 2.93086004257, 2.8524312973, 12.3435659409, 18.732011795, 10.6696205139, 8.03408527374, 9.07126808167, 4.17307662964, 5.84559059143, 5.43378543854, 5.78275918961, 5.6777920723, 7.73064613342, 6.28840637207, 7.79217100143, 9.81114959717, 9.2214012146, 5.71383905411, 5.68618535995, 6.24268531799, 4.97433662415, 4.23470926285, 3.08554434776, 2.76389169693, 2.4824693203, 1.31528878212, 0.79794293642, 0.227329581976, 0.0418245494366, 0.00507286703214, 0.000222558213864, 2.56790681306e-05, 2.62927369477e-05],
        "min": [6.0276847762e-06, 6.22297084192e-05, 0.00010201457917, 0.000155032408657, 0.00159526721109, 0.011268957518, 0.0151615506038, 0.0227798931301, 0.0192180294544, 0.193689569831, 0.211582005024, 0.0535918064415, 0.0535262562335, 0.0698928758502, 0.0389864705503, 0.0612772330642, 0.106549553573, 0.065292686224, 0.0960558578372, 0.194599568844, 0.21982832253, 0.121430464089, 0.115427955985, 0.22957791388, 0.0860720127821, 0.12369132787, 0.097365193069, 0.0322041846812, 0.0151587994769, 0.0136502981186, 0.00619465857744, 0.0014707124792, 0.000317357596941, 4.21210861532e-05, 1.16758328659e-05, 4.80904054712e-06, 8.60912280132e-07, 1.21363598282e-07, 2.08284504311e-07, 4.28451613743e-07],
        "var": [0.00151933531743, 1.5496827364, 112.822349548, 67.2356948853, 130.848205566, 1094.51696777, 3331.4675293, 186.783935547, 143.484436035, 2652.79785156, 16442.3242188, 10357.5244141, 3633.56640625, 7445.96191406, 4014.26635742, 1583.1842041, 1203.91052246, 1656.61779785, 1296.82080078, 692.987792969, 226.093307495, 357.3934021, 860.760131836, 462.20614624, 251.60798645, 301.440765381, 278.50958252, 213.393127441, 236.016067505, 174.033493042, 135.037719727, 106.480384827, 50.0241775513, 22.1190357208, 1.32101476192, 0.0505047813058, 0.00153523567133, 6.7131159085e-06, 6.05967276357e-09, 9.11800523973e-10]
    },
    "gfcc": {
        "mean": [-6.57820510864, 72.5340805054, -133.4793396, 40.0508880615, -87.0284347534, 13.5451574326, -48.9144897461, 11.2686128616, -24.1888370514, -4.19118690491, -16.4302711487, -9.34947776794, -7.41693305969],
        "cov": [[3629.14428711, -710.312805176, 227.801452637, -250.826934814, -152.311798096, 296.510375977, -22.7461147308, 105.702774048, -239.534713745, 16.0232505798, -255.011779785, -10.5579385757, -187.190170288], [-710.312805176, 1200.48754883, 316.584350586, 244.072387695, 298.336639404, -64.8194274902, 178.133651733, -62.8762016296, 144.855712891, -132.275680542, 103.853630066, -126.534843445, 73.8242340088], [227.801452637, 316.584350586, 828.435974121, 435.605712891, 130.121337891, 20.9512310028, -21.9242401123, 26.0024013519, 33.1604957581, -14.5333938599, -46.1453742981, -28.6869354248, -69.2503738403], [-250.826934814, 244.072387695, 435.605712891, 709.451171875, 213.056213379, -22.6086997986, -1.73253583908, -32.7448806763, 121.066986084, -48.0102882385, 45.9502906799, -73.423789978, 7.07309007645], [-152.311798096, 298.336639404, 130.121337891, 213.056213379, 312.843170166, 76.4591064453, 112.81917572, 21.1791629791, 40.2679443359, -17.9064083099, 15.2034349442, -37.1245117188, -7.93813657761], [296.510375977, -64.8194274902, 20.9512310028, -22.6086997986, 76.4591064453, 224.019470215, 108.692008972, 70.9979705811, -18.0958099365, 12.5331726074, -32.2875823975, -15.990603447, -48.5069732666], [-22.7461147308, 178.133651733, -21.9242401123, -1.73253583908, 112.81917572, 108.692008972, 214.394638062, 72.7088546753, 30.2094287872, -3.00448226929, 12.2142248154, -29.5553951263, -28.1836662292], [105.702774048, -62.8762016296, 26.0024013519, -32.7448806763, 21.1791629791, 70.9979705811, 72.7088546753, 166.242797852, 59.3505935669, 49.8947105408, -30.2693309784, -16.1080093384, -41.501914978], [-239.534713745, 144.855712891, 33.1604957581, 121.066986084, 40.2679443359, -18.0958099365, 30.2094287872, 59.3505935669, 190.785354614, 47.4959564209, 25.7784557343, -58.4207611084, -1.92208886147], [16.0232505798, -132.275680542, -14.5333938599, -48.0102882385, -17.9064083099, 12.5331726074, -3.00448226929, 49.8947105408, 47.4959564209, 124.934898376, -2.39777565002, 16.0934295654, -35.3261528015], [-255.011779785, 103.853630066, -46.1453742981, 45.9502906799, 15.2034349442, -32.2875823975, 12.2142248154, -30.2693309784, 25.7784557343, -2.39777565002, 96.174949646, 11.4985027313, 34.9539680481], [-10.5579385757, -126.534843445, -28.6869354248, -73.423789978, -37.1245117188, -15.990603447, -29.5553951263, -16.1080093384, -58.4207611084, 16.0934295654, 11.4985027313, 103.417304993, 23.3202857971], [-187.190170288, 73.8242340088, -69.2503738403, 7.07309007645, -7.93813657761, -48.5069732666, -28.1836662292, -41.501914978, -1.92208886147, -35.3261528015, 34.9539680481, 23.3202857971, 103.042266846]],
        "icov": [[0.000440557399997, 0.000303280423395, -0.000330499577103, 0.000237524043769, 3.26432673319e-05, -0.000330446317093, -9.92655186565e-05, 9.95834270725e-05, 0.000236142514041, 0.000175051667611, 0.000366315740393, 0.000499042565934, 3.17589692713e-05], [0.000303280423395, 0.00434848526493, -0.00317581323907, 0.00304165179841, -0.00309344171546, 0.00215799803846, -0.00346675235778, 0.00276534608565, -0.00294092670083, 0.00324957119301, -0.00293352780864, 0.00409192405641, -0.00283625070006], [-0.000330499577103, -0.00317581323907, 0.0045574111864, -0.00376496347599, 0.002059700666, -0.00137336610351, 0.00289775361307, -0.00253844750114, 0.00230069644749, -0.00206823786721, 0.00313452724367, -0.00386771117337, 0.00342442491092], [0.000237524043769, 0.00304165179841, -0.00376496347599, 0.00557780545205, -0.00376527337357, 0.00140528893098, -0.00148050580174, 0.00274404557422, -0.00383444409817, 0.00339224608615, -0.00356546719559, 0.00371396634728, -0.00212871329859], [3.26432673319e-05, -0.00309344171546, 0.002059700666, -0.00376527337357, 0.00783195812255, -0.00276697077788, -0.000164017255884, -0.0015303021064, 0.00256598438136, -0.00269724056125, 0.00263965851627, -0.00251480378211, 0.00135476107243], [-0.000330446317093, 0.00215799803846, -0.00137336610351, 0.00140528893098, -0.00276697077788, 0.00903056655079, -0.00470010004938, -0.000274443416856, 0.000168267433764, 0.000863185094204, -0.00067123566987, 0.00239756982774, -0.000539808068424], [-9.92655186565e-05, -0.00346675235778, 0.00289775361307, -0.00148050580174, -0.000164017255884, -0.00470010004938, 0.0120093310252, -0.00507153104991, 0.00164909055457, -0.000277750572423, -0.000743154960219, -0.00251562870108, 0.00412635924295], [9.95834270725e-05, 0.00276534608565, -0.00253844750114, 0.00274404557422, -0.0015303021064, -0.000274443416856, -0.00507153104991, 0.0126588456333, -0.00595042994246, 0.000135081543704, 0.00135169446003, 0.00127030536532, -0.00104103225749], [0.000236142514041, -0.00294092670083, 0.00230069644749, -0.00383444409817, 0.00256598438136, 0.000168267433764, 0.00164909055457, -0.00595042994246, 0.0139691289514, -0.00758399534971, 0.000114246577141, 0.00403028680012, -0.000613623356912], [0.000175051667611, 0.00324957119301, -0.00206823786721, 0.00339224608615, -0.00269724056125, 0.000863185094204, -0.000277750572423, 0.000135081543704, -0.00758399534971, 0.0160820093006, -0.00346929044463, -0.00227944087237, 0.00360870920122], [0.000366315740393, -0.00293352780864, 0.00313452724367, -0.00356546719559, 0.00263965851627, -0.00067123566987, -0.000743154960219, 0.00135169446003, 0.000114246577141, -0.00346929044463, 0.0184811092913, -0.00563413416967, -0.000834278471302], [0.000499042565934, 0.00409192405641, -0.00386771117337, 0.00371396634728, -0.00251480378211, 0.00239756982774, -0.00251562870108, 0.00127030536532, 0.00403028680012, -0.00227944087237, -0.00563413416967, 0.0201834142208, -0.00748377805576], [3.17589692713e-05, -0.00283625070006, 0.00342442491092, -0.00212871329859, 0.00135476107243, -0.000539808068424, 0.00412635924295, -0.00104103225749, -0.000613623356912, 0.00360870920122, -0.000834278471302, -0.00748377805576, 0.0180040374398]]
    },
    "melbands": {
        "dmean": [0.000181214607437, 0.00101341377012, 0.000454022199847, 0.000731002714019, 0.00112891977187, 0.000187373618246, 0.000103401202068, 0.000307797483401, 0.000476575718494, 0.000284481735434, 0.000113929592771, 0.00011600896687, 4.02585319534e-05, 3.91491339542e-05, 2.98133363685e-05, 3.06127076328e-05, 2.93666544167e-05, 2.24141294893e-05, 1.85601256817e-05, 1.14637341539e-05, 7.82922688813e-06, 9.80964887276e-06, 1.11961489893e-05, 1.1299443031e-05, 8.08815093478e-06, 5.40974770047e-06, 4.69498809252e-06, 6.04276010563e-06, 5.20528283232e-06, 6.29140185993e-06, 4.47329603048e-06, 4.91950504511e-06, 3.77411447516e-06, 3.90972127207e-06, 3.86448846257e-06, 3.51849666913e-06, 3.10613881993e-06, 2.2468516363e-06, 2.25859298553e-06, 1.76558398834e-06],
        "dmean2": [0.000279445492197, 0.00139892287552, 0.000657369906548, 0.00118362891953, 0.00177697942127, 0.000303128384985, 0.000174888293259, 0.000466326426249, 0.000772038591094, 0.000469417776912, 0.00017752997519, 0.000166027559317, 5.6551558373e-05, 5.67537972529e-05, 4.43578137492e-05, 4.50112274848e-05, 4.40541953139e-05, 3.31500414177e-05, 2.82240871456e-05, 1.7587102775e-05, 1.2173887626e-05, 1.54004628712e-05, 1.70650309883e-05, 1.70784915099e-05, 1.25809228848e-05, 8.15070325189e-06, 7.02767147231e-06, 9.10893959372e-06, 7.65206459619e-06, 9.63576894719e-06, 6.5562430791e-06, 7.33106526241e-06, 5.79372817811e-06, 6.03302396485e-06, 6.09848848399e-06, 5.42970246897e-06, 4.75736578665e-06, 3.5002281038e-06, 3.5247417145e-06, 2.71018143394e-06],
        "dvar": [2.36151450395e-07, 7.84566873335e-06, 1.11308168016e-06, 1.46978322846e-06, 4.52923950434e-06, 9.9792593744e-08, 5.43816796039e-08, 2.85124713173e-07, 9.20289267015e-07, 4.04392324072e-07, 6.37082990806e-08, 6.70884716669e-08, 8.27181523277e-09, 7.49562723001e-09, 5.7624527372e-09, 4.99553465261e-09, 3.2137661421e-09, 2.65711852521e-09, 1.12612186243e-09, 3.86103121697e-10, 1.5479245663e-10, 2.70678562897e-10, 2.92488089304e-10, 3.47078005225e-10, 1.60481364309e-10, 7.28955229512e-11, 4.67615113298e-11, 1.08172741597e-10, 6.46082007338e-11, 1.76867853696e-10, 6.44507641701e-11, 8.20124107515e-11, 9.51583464803e-11, 5.3700904834e-11, 6.11661971073e-11, 6.0608400243e-11, 4.02821768997e-11, 2.81964278315e-11, 3.20568710466e-11, 1.25595315398e-11],
        "dvar2": [5.10383415531e-07, 1.43480656334e-05, 2.3042414341e-06, 3.66794552065e-06, 1.04962118712e-05, 2.40417534769e-07, 1.44840058169e-07, 6.04243780344e-07, 2.26006386583e-06, 1.03616559954e-06, 1.4794471781e-07, 1.35357922204e-07, 1.44062157759e-08, 1.56124091433e-08, 1.27409389705e-08, 9.98801930052e-09, 6.79476741539e-09, 5.52919754426e-09, 2.64752508805e-09, 8.17097611794e-10, 3.50681067518e-10, 6.70393740521e-10, 6.60525745211e-10, 7.83934084314e-10, 4.08358485915e-10, 1.71671052374e-10, 1.04986977445e-10, 2.56492549422e-10, 1.3479317662e-10, 4.33474561801e-10, 1.48644554998e-10, 1.88206839002e-10, 2.37734887332e-10, 1.28927257759e-10, 1.50856979686e-10, 1.570408803e-10, 1.00661000368e-10, 7.2167549714e-11, 8.33140570422e-11, 3.03239135191e-11],
        "max": [0.00896680820733, 0.044845752418, 0.01394628454, 0.0104088420048, 0.0241026375443, 0.00288929324597, 0.00450415723026, 0.00579805392772, 0.010457733646, 0.00670629460365, 0.00328244687989, 0.00402002362534, 0.00257291272283, 0.00122634228319, 0.000985020888038, 0.000969555112533, 0.000809477991425, 0.00114398333244, 0.000621922954451, 0.000394971255446, 0.000183063166332, 0.000253642094322, 0.000303344975691, 0.000301708263578, 0.000174747983692, 0.0001180576146, 7.29115708964e-05, 0.000128170402604, 0.000131341977976, 0.000208380326512, 9.72794441623e-05, 0.000140068485052, 0.000191379658645, 8.28366537462e-05, 7.79531474109e-05, 0.000123427031212, 8.82492531673e-05, 8.63720852067e-05, 0.000112412519229, 4.00907410949e-05],
        "mean": [0.000289968971629, 0.00160050520208, 0.000624828448053, 0.000765372475144, 0.00109807541594, 0.000184567572433, 0.000100593577372, 0.000390241941204, 0.000561019580346, 0.000285410351353, 0.00014519871911, 0.000154414199642, 6.77870993968e-05, 5.6522381783e-05, 3.99528471462e-05, 4.14702735725e-05, 3.97804433305e-05, 2.83313602267e-05, 2.66902097792e-05, 1.78085065272e-05, 1.23223999253e-05, 1.45280246215e-05, 1.65005058079e-05, 1.70763541973e-05, 1.34448582685e-05, 8.92117532203e-06, 7.16357408237e-06, 8.84383734956e-06, 7.97995471657e-06, 7.16669637768e-06, 5.56255145057e-06, 5.78736398893e-06, 4.37696144218e-06, 4.28137764175e-06, 4.06704111811e-06, 3.83386486646e-06, 3.42132329934e-06, 2.38656139118e-06, 2.29479292102e-06, 1.84941632142e-06],
        "median": [3.38969839504e-05, 0.00016320378927, 0.000100236058643, 0.000203043135116, 0.000253014557529, 6.94092668709e-05, 4.24332320108e-05, 0.000142598932143, 0.000142314151162, 5.17561347806e-05, 3.44763902831e-05, 3.09723509417e-05, 1.19379737953e-05, 1.38023042382e-05, 1.0796832612e-05, 1.03838738141e-05, 9.79129981715e-06, 7.17495368008e-06, 1.12037105282e-05, 7.95214691607e-06, 7.30436613594e-06, 8.08517415862e-06, 8.1841571955e-06, 7.69552389102e-06, 7.39265124139e-06, 4.38583583673e-06, 3.22072082781e-06, 3.81480776923e-06, 4.30797035733e-06, 2.97864289678e-06, 2.655862545e-06, 2.38028155763e-06, 1.91681965589e-06, 1.56744090418e-06, 1.46190609485e-06, 1.5216577367e-06, 1.51084861955e-06, 9.29395241656e-07, 7.37132097584e-07, 6.05999218806e-07],
        "min": [6.79481289012e-08, 4.80313815387e-08, 3.71332902205e-08, 1.90604239947e-07, 4.07697825722e-07, 1.21964120581e-07, 2.22951044293e-07, 2.53069674727e-06, 1.42507428791e-06, 1.56832882681e-07, 1.53046130436e-07, 2.30245262856e-07, 1.04109993515e-07, 1.06656976584e-07, 1.66582282191e-07, 4.5276721039e-08, 6.44054125587e-08, 3.02232336935e-08, 1.77747551788e-07, 1.34137735586e-07, 1.69068968603e-07, 9.82013261819e-08, 5.79059715733e-08, 1.19599846471e-07, 1.54006414732e-07, 6.7341261456e-08, 2.64086725821e-08, 6.84923620042e-08, 6.77525022752e-08, 2.02315888487e-08, 7.48800932371e-09, 7.66815855258e-09, 7.40712113867e-09, 3.5885550087e-09, 3.68080321778e-09, 7.35891680925e-10, 4.90608664805e-10, 1.3035882096e-10, 1.19741563886e-10, 1.56864674245e-13],
