{
"highlevel": {
    "danceability": {
        "all": {
            "danceable": 0.976132154465,
            "not_danceable": 0.0238678548485
        },
        "probability": 0.976132154465,
        "value": "danceable"
    },
    "gender": {
        "all": {
            "female": 0.689175963402,
            "male": 0.310824006796
        },
        "probability": 0.689175963402,
        "value": "female"
    },
    "genre_dortmund": {
        "all": {
            "alternative": 0.00235573295504,
            "blues": 0.00930751115084,
            "electronic": 0.310394436121,
            "folkcountry": 0.00177978503052,
            "funksoulrnb": 0.00482130562887,
            "jazz": 0.0248563475907,
            "pop": 0.00271004019305,
            "raphiphop": 0.624433577061,
            "rock": 0.0193412359804
        },
        "probability": 0.624433577061,
        "value": "raphiphop"
    },
    "genre_electronic": {
        "all": {
            "ambient": 0.223054528236,
            "dnb": 0.0621420294046,
            "house": 0.661895751953,
            "techno": 0.0321079045534,
            "trance": 0.0207998082042
        },
        "probability": 0.661895751953,
        "value": "house"
    },
    "genre_rosamerica": {
        "all": {
            "cla": 0.0045548574999,
            "dan": 0.018537690863,
            "hip": 0.846581876278,
            "jaz": 0.00623227702454,
            "pop": 0.00891664903611,
            "rhy": 0.0934889018536,
            "roc": 0.00343094998971,
            "spe": 0.0182567723095
        },
        "probability": 0.846581876278,
        "value": "hip"
    },
    "genre_tzanetakis": {
        "all": {
            "blu": 0.0514711849391,
            "cla": 0.0343172550201,
            "cou": 0.102957621217,
            "dis": 0.102972432971,
            "hip": 0.154464498162,
            "jaz": 0.308918833733,
            "met": 0.0441242866218,
            "pop": 0.0617748200893,
            "reg": 0.0617764405906,
            "roc": 0.0772226154804
        },
        "probability": 0.308918833733,
        "value": "jaz"
    },
    "ismir04_rhythm": {
        "all": {
            "ChaChaCha": 0.111170127988,
            "Jive": 0.166261896491,
            "Quickstep": 0.174185812473,
            "Rumba-American": 0.0171900745481,
            "Rumba-International": 0.107191078365,
            "Rumba-Misc": 0.00936095044017,
            "Samba": 0.379166662693,
            "Tango": 0.0168514102697,
            "VienneseWaltz": 0.0116021959111,
            "Waltz": 0.00701978662983
        },
        "probability": 0.379166662693,
        "value": "Samba"
    },
    "mood_acoustic": {
        "all": {
            "acoustic": 0.0127255022526,
            "not_acoustic": 0.98727452755
        },
        "probability": 0.98727452755,
        "value": "not_acoustic"
    },
    "mood_aggressive": {
        "all": {
            "aggressive": 0.464729756117,
            "not_aggressive": 0.535270214081
        },
        "probability": 0.535270214081,
        "value": "not_aggressive"
    },
    "mood_electronic": {
        "all": {
            "electronic": 0.984000325203,
            "not_electronic": 0.0159996859729
        },
        "probability": 0.984000325203,
        "value": "electronic"
    },
    "mood_happy": {
        "all": {
            "happy": 0.0763877481222,
            "not_happy": 0.923612236977
        },
        "probability": 0.923612236977,
        "value": "not_happy"
    },
    "mood_party": {
        "all": {
            "not_party": 0.240807726979,
            "party": 0.759192287922
        },
        "probability": 0.759192287922,
        "value": "party"
    },
    "mood_relaxed": {
        "all": {
            "not_relaxed": 0.66098088026,
            "relaxed": 0.33901911974
        },
        "probability": 0.66098088026,
        "value": "not_relaxed"
    },
    "mood_sad": {
        "all": {
            "not_sad": 0.732566952705,
            "sad": 0.267433047295
        },
        "probability": 0.732566952705,
        "value": "not_sad"
    },
    "moods_mirex": {
        "all": {
            "Cluster1": 0.450561791658,
            "Cluster2": 0.21738345921,
            "Cluster3": 0.0804645121098,
            "Cluster4": 0.0837243720889,
            "Cluster5": 0.167865872383
        },
        "probability": 0.450561791658,
        "value": "Cluster1"
    },
    "timbre": {
        "all": {
            "bright": 0.0360885746777,
            "dark": 0.963911414146
        },
        "probability": 0.963911414146,
        "value": "dark"
    },
    "tonal_atonal": {
        "all": {
            "atonal": 0.963853180408,
            "tonal": 0.036146838218
        },
        "probability": 0.963853180408,
        "value": "atonal"
    },
    "voice_instrumental": {
        "all": {
            "instrumental": 0.00750110577792,
            "voice": 0.992498874664
        },
        "probability": 0.992498874664,
        "value": "voice"
    }
},
"lowlevel": {
    "average_loudness": 0.960209906101,
    "barkbands_crest": {
        "dmean": 3.77475643158,
        "dmean2": 5.96546268463,
        "dvar": 10.4509468079,
        "dvar2": 21.9338169098,
        "max": 26.5055217743,
        "mean": 13.1667966843,
        "median": 12.301156044,
        "min": 2.15255379677,
        "var": 31.3091716766
    },
    "barkbands_flatness_db": {
        "dmean": 0.0471863821149,
        "dmean2": 0.0691823363304,
        "dvar": 0.00241749407724,
        "dvar2": 0.00495276739821,
        "max": 0.603996694088,
        "mean": 0.233905017376,
        "median": 0.22790248692,
        "min": 0.054083686322,
        "var": 0.00848170462996
    },
    "barkbands_kurtosis": {
        "dmean": 27.1603736877,
        "dmean2": 45.3410224915,
        "dvar": 10096.2480469,
        "dvar2": 28277.5,
        "max": 1961.30163574,
        "mean": 29.5022754669,
        "median": 10.5325241089,
        "min": -1.77114415169,
        "var": 7468.29003906
    },
    "barkbands_skewness": {
        "dmean": 1.52951705456,
        "dmean2": 2.41788244247,
        "dvar": 4.33952999115,
        "dvar2": 9.93640041351,
        "max": 25.5940971375,
        "mean": 3.35598945618,
        "median": 2.61382198334,
        "min": -1.27763175964,
        "var": 8.64843463898
    },
    "barkbands_spread": {
        "dmean": 7.80475568771,
        "dmean2": 11.4457197189,
        "dvar": 107.541297913,
        "dvar2": 199.552719116,
        "max": 73.8716125488,
        "mean": 15.1195936203,
        "median": 7.74037218094,
        "min": 0.0336777530611,
        "var": 281.432922363
    },
    "dissonance": {
        "dmean": 0.0201977938414,
        "dmean2": 0.0336137786508,
        "dvar": 0.000515657884534,
        "dvar2": 0.00145126844291,
        "max": 0.500000059605,
        "mean": 0.466304451227,
        "median": 0.476120084524,
        "min": 0.302890866995,
        "var": 0.00098227954004
    },
    "dynamic_complexity": 4.08669090271,
    "erbbands_crest": {
        "dmean": 3.16021704674,
        "dmean2": 5.25807142258,
        "dvar": 8.71283721924,
        "dvar2": 21.0025291443,
        "max": 27.2403182983,
        "mean": 9.17696762085,
        "median": 7.88576745987,
        "min": 2.59436440468,
        "var": 23.5924911499
    },
    "erbbands_flatness_db": {
        "dmean": 0.0259590558708,
        "dmean2": 0.0393739901483,
        "dvar": 0.000728354440071,
        "dvar2": 0.00138951605186,
        "max": 0.344182133675,
        "mean": 0.168220385909,
        "median": 0.156155690551,
        "min": 0.0765952691436,
        "var": 0.0027086858172
    },
    "erbbands_kurtosis": {
        "dmean": 2.6871752739,
        "dmean2": 4.4176568985,
        "dvar": 28.0761032104,
        "dvar2": 60.6658287048,
        "max": 84.7297897339,
        "mean": 2.41395354271,
        "median": 0.192273139954,
        "min": -1.8267364502,
        "var": 43.6401557922
    },
    "erbbands_skewness": {
        "dmean": 0.756246507168,
        "dmean2": 1.13988089561,
        "dvar": 0.629216551781,
        "dvar2": 1.3806630373,
        "max": 8.08999252319,
        "mean": 0.781536817551,
        "median": 0.791823387146,
        "min": -2.15919494629,
        "var": 1.75872242451
    },
    "erbbands_spread": {
        "dmean": 16.6853027344,
        "dmean2": 26.6078643799,
        "dvar": 313.835754395,
        "dvar2": 732.534545898,
        "max": 132.869750977,
        "mean": 49.6858558655,
        "median": 45.0345344543,
        "min": 2.29447102547,
        "var": 837.534484863
    },
    "hfc": {
        "dmean": 9.50961589813,
        "dmean2": 13.0775337219,
        "dvar": 658.221130371,
        "dvar2": 1408.87414551,
        "max": 258.129364014,
        "mean": 13.3469829559,
        "median": 3.26913261414,
        "min": 0.000545922259334,
        "var": 911.848999023
    },
    "melbands_crest": {
        "dmean": 4.89459276199,
        "dmean2": 8.38028717041,
        "dvar": 16.6920108795,
        "dvar2": 43.9200325012,
        "max": 35.0402297974,
        "mean": 18.5286827087,
        "median": 18.096118927,
        "min": 3.57998609543,
        "var": 40.0599479675
    },
    "melbands_flatness_db": {
        "dmean": 0.057657212019,
        "dmean2": 0.0830525383353,
        "dvar": 0.00362994824536,
        "dvar2": 0.00694047613069,
        "max": 0.739672005177,
        "mean": 0.307757377625,
        "median": 0.307024002075,
        "min": 0.0428555756807,
        "var": 0.0137007227167
    },
    "melbands_kurtosis": {
        "dmean": 41.6247291565,
        "dmean2": 67.7188644409,
        "dvar": 5352.63134766,
        "dvar2": 12021.2568359,
        "max": 939.483459473,
        "mean": 61.6999893188,
        "median": 26.0623073578,
        "min": -1.46357059479,
        "var": 8980.57421875
    },
    "melbands_skewness": {
        "dmean": 1.77155017853,
        "dmean2": 2.79823637009,
        "dvar": 4.65088748932,
        "dvar2": 10.0331106186,
        "max": 22.3662090302,
        "mean": 4.90326452255,
        "median": 3.83480262756,
        "min": -0.142566695809,
        "var": 12.0920705795
    },
    "melbands_spread": {
        "dmean": 7.52515268326,
        "dmean2": 11.4602918625,
        "dvar": 162.963516235,
        "dvar2": 321.679840088,
        "max": 111.672218323,
        "mean": 13.2444143295,
        "median": 5.62157535553,
        "min": 0.191172942519,
        "var": 373.326293945
    },
    "pitch_salience": {
        "dmean": 0.110883131623,
        "dmean2": 0.184390500188,
        "dvar": 0.0102391103283,
        "dvar2": 0.0252790823579,
        "max": 0.819508254528,
        "mean": 0.484351783991,
        "median": 0.49958601594,
        "min": 0.0636630132794,
        "var": 0.0259581897408
    },
    "silence_rate_20dB": {
        "dmean": 0,
        "dmean2": 0,
        "dvar": 0,
        "dvar2": 0,
        "max": 1,
        "mean": 1,
        "median": 1,
        "min": 1,
        "var": 0
    },
    "silence_rate_30dB": {
        "dmean": 0.0603715181351,
        "dmean2": 0.120836563408,
        "dvar": 0.0567269027233,
        "dvar2": 0.110883407295,
        "max": 1,
        "mean": 0.882443904877,
        "median": 1,
        "min": 0,
        "var": 0.10373724997
    },
    "silence_rate_60dB": {
        "dmean": 0.0178018584847,
        "dmean2": 0.0356312952936,
        "dvar": 0.0174849312752,
        "dvar2": 0.0405584834516,
        "max": 1,
        "mean": 0.0464037135243,
        "median": 0,
        "min": 0,
        "var": 0.0442503839731
    },
    "spectral_centroid": {
        "dmean": 442.159301758,
        "dmean2": 651.662475586,
        "dvar": 264094.25,
        "dvar2": 521214.375,
        "max": 3595.23754883,
        "mean": 1110.56945801,
        "median": 757.117492676,
        "min": 69.0871505737,
        "var": 766742.875
    },
    "spectral_complexity": {
        "dmean": 5.16253852844,
        "dmean2": 7.6243224144,
        "dvar": 78.2816162109,
        "dvar2": 124.113899231,
        "max": 62,
        "mean": 11.1786546707,
        "median": 6,
        "min": 0,
        "var": 180.953567505
    },
    "spectral_decrease": {
        "dmean": 4.92464025115e-09,
        "dmean2": 8.01915067683e-09,
        "dvar": 9.07548025031e-17,
        "dvar2": 1.86210174642e-16,
        "max": -8.07719234379e-14,
        "mean": -8.99704755142e-09,
        "median": -3.29974203517e-09,
        "min": -7.27114652932e-08,
        "var": 1.80841613648e-16
    },
    "spectral_energy": {
        "dmean": 0.0192705318332,
        "dmean2": 0.031083971262,
        "dvar": 0.00134788500145,
        "dvar2": 0.00275834742934,
        "max": 0.277580410242,
        "mean": 0.0351675078273,
        "median": 0.0128422388807,
        "min": 3.54368523858e-07,
        "var": 0.00268554547802
    },
    "spectral_energyband_high": {
        "dmean": 0.000808557844721,
        "dmean2": 0.00113171385601,
        "dvar": 5.78054232392e-06,
        "dvar2": 1.08938593257e-05,
        "max": 0.0255141984671,
        "mean": 0.000977461459115,
        "median": 7.41957628634e-05,
        "min": 1.70702629809e-09,
        "var": 8.69270661497e-06
    },
    "spectral_energyband_low": {
        "dmean": 0.0159772280604,
        "dmean2": 0.0267457235605,
        "dvar": 0.00116774078924,
        "dvar2": 0.00246272049844,
        "max": 0.258939146996,
        "mean": 0.0271898172796,
        "median": 0.00722395628691,
        "min": 5.60891351142e-08,
        "var": 0.00227761105634
    },
    "spectral_energyband_middle_high": {
        "dmean": 0.00167666201014,
        "dmean2": 0.00269725359976,
        "dvar": 2.73586210824e-05,
        "dvar2": 6.88775544404e-05,
        "max": 0.047943495214,
        "mean": 0.00181584665552,
        "median": 0.000239912376856,
        "min": 5.56033574739e-09,
        "var": 2.84036268567e-05
    },
    "spectral_energyband_middle_low": {
        "dmean": 0.00347083318047,
        "dmean2": 0.00600288528949,
        "dvar": 3.0732833693e-05,
        "dvar2": 7.95561354607e-05,
        "max": 0.0420285277069,
        "mean": 0.00570526625961,
        "median": 0.0036494738888,
        "min": 3.62942564891e-08,
        "var": 3.64831321349e-05
    },
    "spectral_entropy": {
        "dmean": 0.307089090347,
        "dmean2": 0.457030445337,
        "dvar": 0.132396310568,
        "dvar2": 0.263491928577,
        "max": 8.46130752563,
        "mean": 7.30983686447,
        "median": 7.4426317215,
        "min": 4.19133472443,
        "var": 0.446211367846
    },
    "spectral_flux": {
        "dmean": 0.0417378656566,
        "dmean2": 0.0669166073203,
        "dvar": 0.00359462061897,
        "dvar2": 0.00905791576952,
        "max": 0.461267858744,
        "mean": 0.100763440132,
        "median": 0.0635852068663,
        "min": 0.000672813330311,
        "var": 0.00743217952549
    },
    "spectral_kurtosis": {
        "dmean": 3.26936149597,
        "dmean2": 5.50999307632,
        "dvar": 29.4620265961,
        "dvar2": 70.3585281372,
        "max": 84.1505126953,
        "mean": 5.0996389389,
        "median": 2.54926919937,
        "min": -0.462916612625,
        "var": 51.4937095642
    },
    "spectral_rms": {
        "dmean": 0.00137711130083,
        "dmean2": 0.00211498583667,
        "dvar": 3.80809797207e-06,
        "dvar2": 6.52785547572e-06,
        "max": 0.016456309706,
        "mean": 0.00482320552692,
        "median": 0.00353963463567,
        "min": 1.85936914932e-05,
        "var": 1.10464779937e-05
    },
    "spectral_rolloff": {
        "dmean": 459.730010986,
        "dmean2": 739.285766602,
        "dvar": 859979,
        "dvar2": 1644618.5,
        "max": 7299.75585938,
        "mean": 788.83380127,
        "median": 301.46484375,
        "min": 64.599609375,
        "var": 1668705.75
    },
    "spectral_skewness": {
        "dmean": 0.428241491318,
        "dmean2": 0.649137854576,
        "dvar": 0.253886431456,
        "dvar2": 0.53729569912,
        "max": 7.94497346878,
        "mean": 1.40887856483,
        "median": 1.13041031361,
        "min": -0.170902758837,
        "var": 0.860940873623
    },
    "spectral_spread": {
        "dmean": 754684.75,
        "dmean2": 1165090.375,
        "dvar": 764228730880,
        "dvar2": 1.67819555635e+12,
        "max": 9442885,
        "mean": 4012344.75,
        "median": 3829916.5,
        "min": 1394593.75,
        "var": 1.75795221299e+12
    },
    "spectral_strongpeak": {
        "dmean": 0.203020095825,
        "dmean2": 0.325527966022,
        "dvar": 0.0663339868188,
        "dvar2": 0.14700986445,
        "max": 2.79291033745,
        "mean": 0.343326866627,
        "median": 0.20348122716,
        "min": 0,
        "var": 0.125819012523
    },
    "zerocrossingrate": {
        "dmean": 0.0124617535621,
        "dmean2": 0.0129782203585,
        "dvar": 0.000196442677407,
        "dvar2": 0.000195026048459,
        "max": 0.17138671875,
        "mean": 0.0346060357988,
        "median": 0.0224609375,
        "min": 0.00244140625,
        "var": 0.00102746824268
    },
    "barkbands": {
        "dmean": [0.00122797675431, 0.0125090079382, 0.00599663937464, 0.00150946143549, 0.00198676693253, 0.000660042918753, 0.000284436537186, 0.000202438357519, 8.03797447588e-05, 8.44774986035e-05, 5.02856455569e-05, 7.99005283625e-05, 0.000251977064181, 0.00020002356905, 0.000252833095146, 0.000165285164258, 0.000231781217735, 0.000230831210501, 0.000188095480553, 0.000234914332395, 0.000241099871346, 0.00021641542844, 0.000157859874889, 7.60545226512e-05, 4.49025610578e-05, 5.78501203563e-06, 1.99428651371e-09],
        "dmean2": [0.00196312740445, 0.0193889960647, 0.0106521034613, 0.0028176929336, 0.00342258857563, 0.00115062494297, 0.000480804068502, 0.000327388173901, 0.00014104944421, 0.000149291023263, 8.5762469098e-05, 0.000145916259498, 0.000446182035375, 0.000355184747605, 0.000414913898567, 0.000250407523708, 0.000417491566623, 0.000362865073839, 0.000287284783553, 0.000337884237524, 0.000348630303051, 0.00033930587233, 0.000224423842155, 0.000112597932457, 7.30868050596e-05, 9.30806527322e-06, 3.27804228206e-09],
        "dvar": [3.17056515087e-06, 0.000655537762213, 0.000273784477031, 9.15780674404e-06, 1.18003417811e-05, 8.79545041244e-07, 4.24466975346e-07, 2.58238202377e-07, 3.57626532832e-08, 5.16768636771e-08, 1.96617442327e-08, 5.53214078991e-08, 9.44183057072e-07, 6.40262783236e-07, 8.72089060522e-07, 1.86711631045e-07, 5.07643449055e-07, 4.62746839958e-07, 2.2591481752e-07, 3.2530590488e-07, 4.0110907662e-07, 5.5345299188e-07, 3.42774313822e-07, 4.83756004144e-08, 1.95668317104e-08, 1.67772643e-10, 1.96576613837e-16],
        "dvar2": [8.18649095891e-06, 0.00112017197534, 0.000758120673709, 2.71483058896e-05, 3.21251354762e-05, 2.49614708991e-06, 1.15693956104e-06, 6.81512290157e-07, 9.77409797542e-08, 1.326071839e-07, 4.8683723719e-08, 1.55854607442e-07, 2.58102772932e-06, 1.81742620953e-06, 2.21554000746e-06, 3.40019767009e-07, 1.41414193422e-06, 1.10659937036e-06, 4.78808772186e-07, 5.76026991439e-07, 7.47974354454e-07, 1.3413640545e-06, 6.59737224851e-07, 9.59857828775e-08, 4.74117634042e-08, 4.26610524684e-10, 2.26451479122e-16],
        "max": [0.0140382563695, 0.170246213675, 0.115683920681, 0.0214486997575, 0.0302314199507, 0.00748260319233, 0.00820964388549, 0.006980067119, 0.00178245094139, 0.00177456566598, 0.00124431680888, 0.00191853404976, 0.0100204702467, 0.0080924378708, 0.0094291344285, 0.00452569127083, 0.00704216165468, 0.00823414605111, 0.00493805669248, 0.0054890322499, 0.00731506897137, 0.00774900475517, 0.00800738111138, 0.00227602012455, 0.00171403284185, 0.00012847535254, 4.59798457086e-07],
        "mean": [0.00155051692855, 0.020575935021, 0.00456158211455, 0.00125484890305, 0.00249852333218, 0.00111803843174, 0.000391305540688, 0.000326643435983, 9.31695394684e-05, 8.36085455376e-05, 5.39486572961e-05, 7.77035020292e-05, 0.000207087388844, 0.000166381854797, 0.000234383769566, 0.000194076739717, 0.00021379312966, 0.000237021537032, 0.000227355092647, 0.000286984781269, 0.000290856900392, 0.00023436320771, 0.000169431252289, 7.67011661083e-05, 3.76176321879e-05, 5.65209575143e-06, 1.7271485353e-09],
        "median": [0.000738353468478, 0.00434980355203, 0.000928533496335, 0.000427770253737, 0.00132486980874, 0.000637578894384, 0.000189947953913, 7.1072478022e-05, 3.16806290357e-05, 1.06449824671e-05, 8.45390968607e-06, 1.53662749653e-05, 1.53915298142e-05, 1.5634288502e-05, 2.01338953048e-05, 1.86817414942e-05, 1.8473387172e-05, 2.37170279433e-05, 2.62600024143e-05, 2.94653800665e-05, 2.46237541432e-05, 1.63830336533e-05, 6.60343039272e-06, 3.18062984661e-06, 7.58715884785e-07, 2.59756745891e-07, 2.98800151288e-10],
        "min": [3.31864136172e-08, 1.23285319731e-08, 3.41162342821e-09, 3.66936814267e-09, 1.04113229149e-09, 1.90626359142e-09, 1.61346291883e-09, 1.03635133808e-09, 6.9445449391e-10, 3.3318733883e-10, 3.31660532371e-10, 3.829104811e-10, 4.00656507971e-10, 7.30363713952e-10, 1.14451315092e-09, 1.25118893024e-09, 2.77025485884e-10, 3.84219073224e-10, 2.78344014504e-10, 2.33624453116e-10, 2.80563960953e-10, 2.82805640017e-10, 7.74138600446e-11, 1.13108855615e-10, 1.13843075591e-11, 1.55877498409e-11, 2.2260622165e-11],
        "var": [4.17370893047e-06, 0.00149222719483, 0.000183026015293, 6.20146602159e-06, 1.24832486108e-05, 1.58596560595e-06, 4.72247080552e-07, 4.52325195965e-07, 3.66872683344e-08, 5.19093212858e-08, 2.1766670244e-08, 4.54203572531e-08, 7.2482515634e-07, 4.46021772404e-07, 7.77034756538e-07, 2.96987991533e-07, 4.28419326681e-07, 5.07807726535e-07, 3.22569064792e-07, 5.40522421488e-07, 6.2328479089e-07, 6.18083959125e-07, 4.66881886041e-07, 6.68643593826e-08, 1.84329742581e-08, 1.68518074495e-10, 1.92179612868e-16]
    },
    "erbbands": {
        "dmean": [0.510472178459, 3.06407642365, 7.47779226303, 5.41969871521, 3.96983361244, 9.00238132477, 8.57353591919, 4.6570482254, 4.80311584473, 4.23964977264, 3.79745960236, 1.78604114056, 2.42192459106, 2.54383921623, 2.62929916382, 3.63014101982, 8.58491897583, 11.0665178299, 12.5999717712, 11.4164390564, 8.72110366821, 13.560049057, 11.3242645264, 11.1782169342, 10.6248846054, 11.3037166595, 10.3202457428, 8.63875579834, 7.99238538742, 6.26589012146, 4.62404060364, 2.09383559227, 1.02858698368, 0.724074959755, 0.191834121943, 0.0381834432483, 0.0114163253456, 0.000868389324751, 2.5662340704e-05, 2.31701415032e-05],
        "dmean2": [0.79067337513, 4.55581283569, 12.7594995499, 9.87366485596, 7.02560758591, 15.698677063, 14.9889745712, 7.97890901566, 8.51941585541, 6.84082269669, 6.09243297577, 3.11070537567, 4.19251346588, 4.38825321198, 4.64399862289, 6.65348052979, 15.5602216721, 19.1700649261, 21.3546104431, 18.3833236694, 13.8151350021, 23.6972541809, 17.7749843597, 17.1507987976, 16.8982696533, 16.3228034973, 15.046339035, 12.1843338013, 11.996348381, 9.73605155945, 6.63144350052, 3.10365533829, 1.5815782547, 1.18049788475, 0.314025819302, 0.0624769628048, 0.0187717825174, 0.00144381925929, 3.78135227947e-05, 3.60628109775e-05],
        "dvar": [1.01699030399, 40.5509376526, 388.344787598, 168.020889282, 52.9503631592, 297.981781006, 147.789733887, 58.304813385, 101.111564636, 178.417068481, 63.980632782, 20.3863563538, 36.102935791, 46.3229408264, 75.7927246094, 110.057563782, 895.153808594, 1891.43322754, 2672.06958008, 1394.43395996, 525.059387207, 1850.93579102, 941.535400391, 1103.15979004, 704.460021973, 755.226745605, 651.750366211, 596.636779785, 683.504577637, 536.07409668, 333.655395508, 37.2379837036, 9.94120979309, 4.99734354019, 0.397250533104, 0.00975596625358, 0.000682379119098, 4.24760492024e-06, 2.69885647164e-09, 1.83254122987e-09],
        "dvar2": [2.16801929474, 75.3779067993, 1023.65856934, 480.689422607, 141.588394165, 808.172851562, 450.253387451, 164.116943359, 291.986175537, 474.968719482, 150.104476929, 55.3316116333, 96.025970459, 113.429550171, 204.969772339, 308.506378174, 2495.55419922, 5063.63720703, 7171.63818359, 3403.92602539, 1058.70202637, 5011.93017578, 2182.66333008, 2632.72851562, 1646.92077637, 1443.60986328, 1225.53295898, 1065.48132324, 1583.98168945, 1236.2265625, 689.858581543, 70.6989212036, 20.5966491699, 12.2334003448, 0.974432766438, 0.0232825614512, 0.00176748225931, 1.12130628622e-05, 6.38095087879e-09, 3.73323105762e-09],
        "max": [7.47470188141, 47.8330688477, 140.96395874, 92.8388442993, 65.3787231445, 133.642166138, 109.290428162, 79.8465576172, 111.51222229, 243.100997925, 84.2349853516, 43.8087081909, 44.6254768372, 60.2063903809, 75.8832626343, 96.6612472534, 274.106903076, 440.378753662, 549.207519531, 347.130584717, 187.254898071, 447.07723999, 300.66809082, 433.729980469, 257.1534729, 269.468811035, 278.057006836, 304.389007568, 273.415222168, 230.293075562, 271.301300049, 65.0298614502, 33.508140564, 27.2482185364, 6.82055807114, 0.893696367741, 0.226405695081, 0.0225715711713, 0.000563596084248, 0.000302887056023],
        "mean": [0.613782703876, 4.42820739746, 6.48524188995, 4.58758020401, 4.70551109314, 9.83007526398, 12.5247545242, 7.21384906769, 6.26950883865, 6.70254516602, 6.22036457062, 2.17143201828, 2.59913349152, 2.6260740757, 2.51683807373, 3.49029183388, 7.10623025894, 9.77932262421, 11.7052612305, 11.3819503784, 10.5038318634, 12.8770170212, 12.1713685989, 12.0868902206, 12.1760606766, 13.5009489059, 12.5209817886, 10.6379728317, 8.68353271484, 6.68953847885, 4.75520944595, 2.12946581841, 1.02950525284, 0.603670477867, 0.159256920218, 0.0344533212483, 0.0109177911654, 0.000829311902635, 3.66206877516e-05, 4.1788272938e-05],
        "median": [0.145484521985, 0.785416543484, 1.33562755585, 1.59570705891, 2.32245016098, 4.40803194046, 5.25934886932, 4.49412202835, 3.34959411621, 2.11815547943, 1.48228502274, 0.717114448547, 0.64758503437, 0.326739817858, 0.406447172165, 0.67165774107, 0.728290557861, 0.76706969738, 1.07993113995, 1.01440751553, 1.0660007, 1.03748488426, 1.22042524815, 1.35037863255, 1.33054757118, 1.26405251026, 1.22237670422, 0.816165745258, 0.652256309986, 0.330189317465, 0.179070517421, 0.0887321829796, 0.0375720150769, 0.0119499517605, 0.00328162987716, 0.00115235731937, 0.000625082000624, 5.08097145939e-05, 9.57415068115e-06, 1.50919768203e-05],
        "min": [4.71764820986e-07, 2.91228889182e-06, 3.14241742672e-06, 1.09785032691e-05, 5.38412450624e-06, 4.47697266281e-06, 3.01935142488e-06, 2.93044049613e-05, 2.41485104198e-05, 2.993993985e-05, 4.41975535068e-05, 1.8372624254e-05, 1.1971665117e-05, 1.18027874123e-05, 1.43442466651e-05, 1.65771834872e-05, 1.99529513338e-05, 3.16309342452e-05, 5.44204340258e-05, 6.798053073e-05, 5.21762485732e-05, 1.63426502695e-05, 1.9509870981e-05, 1.74597935256e-05, 1.34101210278e-05, 1.16467899716e-05, 1.11404224299e-05, 1.01180994534e-05, 1.26185223053e-05, 9.31981230679e-06, 5.37795585842e-06, 4.74225043945e-06, 4.22751963924e-06, 4.83809117213e-07, 1.44730734064e-07, 6.33207548617e-08, 3.27681597412e-08, 1.48809888856e-08, 3.65914676337e-09, 8.50507886341e-10],
        "var": [1.49082052708, 78.9862136841, 308.63458252, 112.4894104, 48.2737197876, 271.849761963, 287.016479492, 73.8629608154, 91.2889633179, 258.262145996, 160.17401123, 21.1442317963, 36.6498641968, 49.6250915527, 64.4171829224, 92.2540435791, 675.772705078, 1503.9095459, 2118.97460938, 1419.98864746, 809.419799805, 1629.33276367, 1152.84606934, 1208.91577148, 922.069213867, 1186.1619873, 1002.29174805, 960.661071777, 800.018188477, 646.233032227, 410.739471436, 51.9497528076, 13.0528249741, 4.69713973999, 0.361985445023, 0.00942211039364, 0.000670825131238, 3.89772640119e-06, 3.65442787142e-09, 3.61272189942e-09]
    },
    "gfcc": {
        "mean": [-83.5755691528, 127.191207886, -96.6039886475, 72.4234619141, -48.3106498718, 3.08245944977, -25.1608715057, -5.79573535919, -7.70597076416, 4.56786632538, -3.84939980507, -2.86653161049, -5.47503614426],
        "cov": [[8986.84082031, -3461.72680664, -579.834533691, 771.821533203, -552.712585449, 756.329711914, -922.919128418, 641.574645996, -705.586242676, 396.859741211, -527.447631836, 304.078308105, -171.566665649], [-3461.72680664, 2462.36791992, 132.64881897, -511.506286621, 212.397827148, -527.288024902, 474.42956543, -498.182952881, 511.131958008, -347.759857178, 329.769012451, -271.909851074, 136.734222412], [-579.834533691, 132.64881897, 1102.32214355, 139.922866821, 76.490562439, 50.009021759, -31.3065948486, 66.6564407349, 19.9492721558, 46.805644989, 67.5598449707, -4.1053185463, 84.7876205444], [771.821533203, -511.506286621, 139.922866821, 382.533996582, 11.4066228867, 107.919586182, -34.801486969, 51.907749176, -58.860584259, 27.4309158325, -23.714050293, 55.8817863464, 15.2702856064], [-552.712585449, 212.397827148, 76.490562439, 11.4066228867, 336.18963623, -19.5773277283, 210.269515991, -10.4136714935, 15.4499425888, -10.7946147919, -13.4401407242, 25.4999523163, 3.17624163628], [756.329711914, -527.288024902, 50.009021759, 107.919586182, -19.5773277283, 316.634887695, -93.4178085327, 165.95866394, -90.2183837891, 9.00412273407, -50.1175689697, -16.4514656067, 20.5601501465], [-922.919128418, 474.42956543, -31.3065948486, -34.801486969, 210.269515991, -93.4178085327, 332.958526611, -66.749671936, 136.98526001, -46.8340263367, 42.4157524109, -17.944644928, -20.2637710571], [641.574645996, -498.182952881, 66.6564407349, 51.907749176, -10.4136714935, 165.95866394, -66.749671936, 234.790130615, -82.6232681274, 124.129646301, -51.8090782166, 28.6119480133, -28.873588562], [-705.586242676, 511.131958008, 19.9492721558, -58.860584259, 15.4499425888, -90.2183837891, 136.98526001, -82.6232681274, 218.827423096, -63.1335258484, 108.467102051, -76.0722198486, 14.3556337357], [396.859741211, -347.759857178, 46.805644989, 27.4309158325, -10.7946147919, 9.00412273407, -46.8340263367, 124.129646301, -63.1335258484, 173.563217163, -39.5247688293, 85.9576873779, -52.1183128357], [-527.447631836, 329.769012451, 67.5598449707, -23.714050293, -13.4401407242, -50.1175689697, 42.4157524109, -51.8090782166, 108.467102051, -39.5247688293, 126.69909668, -45.5841827393, 51.5851135254], [304.078308105, -271.909851074, -4.1053185463, 55.8817863464, 25.4999523163, -16.4514656067, -17.944644928, 28.6119480133, -76.0722198486, 85.9576873779, -45.5841827393, 117.919616699, -34.0435447693], [-171.566665649, 136.734222412, 84.7876205444, 15.2702856064, 3.17624163628, 20.5601501465, -20.2637710571, -28.873588562, 14.3556337357, -52.1183128357, 51.5851135254, -34.0435447693, 97.2518463135]],
        "icov": [[0.000334305426804, -0.000189662896446, 0.00028064660728, -0.000699674070347, 0.000210944737773, -0.00036286530667, 0.000727521895897, -0.000479889247799, -0.000155836285558, -0.00013356085401, 0.000936172786169, -0.000439073628513, 0.000101701611129], [-0.000189662896446, 0.00893367361277, -0.00214124890044, 0.00779359741136, -0.0025896304287, 0.00687705678865, -0.00489760981873, 0.00596365705132, -0.00390674406663, 0.00349070201628, -0.00572793418542, 0.00805062893778, -0.00456748483703], [0.00028064660728, -0.00214124890044, 0.00182820099872, -0.00265682535246, 0.000137687995448, -0.00168847560417, 0.00210205418989, -0.00188658351544, 0.000461770308902, -0.00153940531891, 0.0015416671522, -0.00174120336305, 0.000238867665757], [-0.000699674070347, 0.00779359741136, -0.00265682535246, 0.0111171081662, -0.00221351464279, 0.00486725335941, -0.00555769726634, 0.00609083194286, -0.00317571870983, 0.00358130899258, -0.00622340012342, 0.0048751863651, -0.0045319404453], [0.000210944737773, -0.0025896304287, 0.000137687995448, -0.00221351464279, 0.0074591753073, -0.00229806499556, -0.0037424818147, -0.00219841930084, 0.00273704482242, -0.000714470806997, 0.00383952166885, -0.00399924116209, -0.00117311114445], [-0.00036286530667, 0.00687705678865, -0.00168847560417, 0.00486725335941, -0.00229806499556, 0.0141313550994, -0.00308387121186, -0.0036268173717, -0.00226813089103, 0.00875875912607, -0.00362503621727, 0.00662540085614, -0.00496235862374], [0.000727521895897, -0.00489760981873, 0.00210205418989, -0.00555769726634, -0.0037424818147, -0.00308387121186, 0.0130246058106, -0.00501793809235, -0.00342439813539, 0.000218350905925, 0.00416848063469, -0.00605275901034, 0.00550028681755], [-0.000479889247799, 0.00596365705132, -0.00188658351544, 0.00609083194286, -0.00219841930084, -0.0036268173717, -0.00501793809235, 0.0221166852862, -0.000423494231654, -0.0124340923503, -0.00457083433867, 0.0123076792806, -0.00205181539059], [-0.000155836285558, -0.00390674406663, 0.000461770308902, -0.00317571870983, 0.00273704482242, -0.00226813089103, -0.00342439813539, -0.000423494231654, 0.0167877264321, -0.00289520807564, -0.0074449852109, 0.0033722363878, 0.00596464844421], [-0.00013356085401, 0.00349070201628, -0.00153940531891, 0.00358130899258, -0.000714470806997, 0.00875875912607, 0.000218350905925, -0.0124340923503, -0.00289520807564, 0.025112496689, -0.00435964483768, -0.00995982345194, 0.00287322257645], [0.000936172786169, -0.00572793418542, 0.0015416671522, -0.00622340012342, 0.00383952166885, -0.00362503621727, 0.00416848063469, -0.00457083433867, -0.0074449852109, -0.00435964483768, 0.026532439515, -0.00585185596719, -0.00786893442273], [-0.000439073628513, 0.00805062893778, -0.00174120336305, 0.0048751863651, -0.00399924116209, 0.00662540085614, -0.00605275901034, 0.0123076792806, 0.0033722363878, -0.00995982345194, -0.00585185596719, 0.0301714334637, -0.00238792342134], [0.000101701611129, -0.00456748483703, 0.000238867665757, -0.0045319404453, -0.00117311114445, -0.00496235862374, 0.00550028681755, -0.00205181539059, 0.00596464844421, 0.00287322257645, -0.00786893442273, -0.00238792342134, 0.0230087656528]]
    },
    "melbands": {
        "dmean": [0.00374804972671, 0.00388261582702, 0.000902186147869, 0.000436713045929, 0.000318434234941, 0.000107210958959, 6.84653423377e-05, 4.63771903014e-05, 2.72714423772e-05, 1.11803865366e-05, 1.24336420413e-05, 1.06530378616e-05, 7.50122444515e-06, 8.78347145772e-06, 1.34007677843e-05, 2.3932867407e-05, 2.03462841455e-05, 2.06247877941e-05, 1.8409873519e-05, 1.24469415823e-05, 1.06309562398e-05, 1.30850248752e-05, 1.3253976249e-05, 1.03925367512e-05, 8.97872268979e-06, 8.0112276919e-06, 7.82707957114e-06, 7.71659506427e-06, 6.62618185743e-06, 6.2949338826e-06, 4.82180121253e-06, 4.48842683909e-06, 4.40173607785e-06, 3.20440562973e-06, 2.97337805932e-06, 1.66358518072e-06, 1.14972078791e-06, 7.57539169172e-07, 6.80676805587e-07, 5.78437550303e-07],
        "dmean2": [0.00538484426215, 0.0061847739853, 0.00163897429593, 0.000740816292819, 0.000551741046365, 0.000184802673175, 0.000120868869999, 7.55116270739e-05, 4.43601384177e-05, 1.93467676581e-05, 2.15804593608e-05, 1.84594700841e-05, 1.30308271764e-05, 1.60112886078e-05, 2.4379702154e-05, 4.25708385592e-05, 3.52355345967e-05, 3.60946178262e-05, 2.98561953969e-05, 1.95743250515e-05, 1.72523523361e-05, 2.27242217079e-05, 2.31686790357e-05, 1.62416181411e-05, 1.38919649544e-05, 1.31364531626e-05, 1.21741113617e-05, 1.12505376819e-05, 9.78791922535e-06, 9.32658076636e-06, 6.76044601278e-06, 6.8467179517e-06, 7.11983193469e-06, 4.90262027597e-06, 4.25923553848e-06, 2.53523421634e-06, 1.73152125171e-06, 1.15519571864e-06, 1.07925791326e-06, 9.63814727584e-07],
        "dvar": [4.99768393638e-05, 8.63164896145e-05, 4.08898404203e-06, 7.01450119323e-07, 2.06007797487e-07, 2.89460118097e-08, 2.00544594264e-08, 1.96655740581e-08, 2.98972491208e-09, 8.15519596298e-10, 9.6405572414e-10, 8.16802014914e-10, 5.1091875175e-10, 7.42667094489e-10, 1.73016623251e-09, 8.71552519044e-09, 6.2978466886e-09, 7.82809017608e-09, 4.57060389536e-09, 1.28702792868e-09, 7.56054774342e-10, 1.6190416785e-09, 1.91705407104e-09, 7.75852659896e-10, 7.44610317849e-10, 4.2672340661e-10, 3.741929544e-10, 3.77800596363e-10, 2.58932209007e-10, 2.95696744868e-10, 1.95734595199e-10, 1.88981955085e-10, 2.97328633936e-10, 1.39994613124e-10, 1.48134698952e-10, 3.2799943317e-11, 1.03247280517e-11, 5.67926304942e-12, 5.01743915512e-12, 3.11095962359e-12],
        "dvar2": [8.80138468347e-05, 0.000208579251193, 1.17751351354e-05, 1.92978313862e-06, 5.93985305386e-07, 8.1912773453e-08, 5.75918122081e-08, 5.27548422724e-08, 7.11857151003e-09, 2.22537122063e-09, 2.58921795115e-09, 2.00208072343e-09, 1.33985744721e-09, 2.09112038796e-09, 4.73400563195e-09, 2.39648905165e-08, 1.69700591357e-08, 2.16340119152e-08, 1.15020748481e-08, 2.7621678278e-09, 1.63466506997e-09, 4.35562608203e-09, 5.2091064795e-09, 1.72281355848e-09, 1.80829351493e-09, 1.05031261466e-09, 8.59664284203e-10, 7.0952965725e-10, 4.77338613081e-10, 6.12697947933e-10, 3.43147815718e-10, 4.3256367932e-10, 7.61111340619e-10, 3.02023489551e-10, 3.22947724118e-10, 6.13816775186e-11, 2.07724514673e-11, 1.19155735626e-11, 1.24178306526e-11, 7.62204188653e-12],
        "max": [0.0546441525221, 0.0720197856426, 0.0145901218057, 0.00753600243479, 0.00363404722884, 0.00178583106026, 0.00156695605256, 0.002504367847, 0.000554875878152, 0.000304247863824, 0.00023572453938, 0.000238213047851, 0.000181063616765, 0.000242310241447, 0.000321138941217, 0.000988008454442, 0.000794816121925, 0.000923332525417, 0.000673213042319, 0.000404533784604, 0.000256052968325, 0.000455773493741, 0.000474234431749, 0.000293069519103, 0.000352774804924, 0.000231205267482, 0.000203367992071, 0.000197891553398, 0.000163682067068, 0.000223084600293, 0.00017639050202, 0.000158382827067, 0.000194356078282, 0.000117705465527, 0.000193104642676, 6.55062322039e-05, 3.43793944921e-05, 2.70293967333e-05, 2.49845434155e-05, 2.12713421206e-05],
        "mean": [0.00573824625462, 0.004417182412, 0.000818292086478, 0.000492962484714, 0.000450701452792, 0.000170957122464, 9.24626001506e-05, 7.47287995182e-05, 4.2440751713e-05, 1.26344111777e-05, 1.29661193569e-05, 1.07337900772e-05, 7.58797477829e-06, 8.43026464281e-06, 1.17668305393e-05, 1.97115095943e-05, 1.77184610948e-05, 1.86794641195e-05, 1.69790146174e-05, 1.30808830363e-05, 1.22456995086e-05, 1.25452506836e-05, 1.28420015244e-05, 1.07454734461e-05, 9.49579225562e-06, 8.96132132766e-06, 8.64434150571e-06, 9.13249641599e-06, 7.96406129666e-06, 7.24773735783e-06, 5.8215800891e-06, 4.87887064082e-06, 4.43109684056e-06, 3.50312234332e-06, 3.02636340166e-06, 1.69092288616e-06, 1.14794204364e-06, 7.49500088659e-07, 5.83977907809e-07, 4.72564693155e-07],
        "median": [0.00141621055081, 0.000875319063198, 0.000323419575579, 0.000238615437411, 0.000209165693377, 0.000106713967398, 4.97682995046e-05, 2.02458650165e-05, 1.05680146589e-05, 3.8242374103e-06, 3.00852184409e-06, 1.23157258258e-06, 1.19987419112e-06, 1.62868309417e-06, 1.71212127498e-06, 1.45984449773e-06, 1.37978292969e-06, 1.70833141055e-06, 1.43534782637e-06, 1.3029391539e-06, 1.23091217574e-06, 1.07010714601e-06, 1.12290854304e-06, 9.17967952319e-07, 1.08661549802e-06, 9.83861013992e-07, 8.62572960614e-07, 8.32940997952e-07, 8.19448132461e-07, 5.11182349783e-07, 4.28387977536e-07, 3.50142329353e-07, 2.93984925293e-07, 1.4140654514e-07, 1.12660643481e-07, 6.29927399132e-08, 4.96966450214e-08, 2.69984230528e-08, 1.36636915116e-08, 8.05466360276e-09],
        "min": [8.33843749604e-09, 2.43112863174e-09, 1.61640012486e-09, 2.25974017276e-10, 1.3246201358e-10, 6.48643139201e-10, 3.56363688558e-10, 2.93104929217e-10, 2.01906560915e-10, 1.01394517782e-10, 5.48758399832e-11, 4.55147898537e-11, 4.54633830582e-11, 4.58925328295e-11, 4.24645110741e-11, 3.9483399189e-11, 6.16370912643e-11, 8.34007099493e-11, 9.27089516267e-11, 9.10001449195e-11, 5.35385694111e-11, 1.38891086132e-11, 1.97429347176e-11, 1.59883217776e-11, 1.41254412681e-11, 1.08586603251e-11, 8.99609380045e-12, 7.00149183422e-12, 6.98101602567e-12, 6.79562179098e-12, 5.65808597891e-12, 7.75556355248e-12, 4.18241222905e-12, 2.72888395908e-12, 3.89728532649e-13, 1.85614978249e-12, 8.27224465143e-13, 9.47235020456e-13, 1.42736882969e-13, 8.21877423974e-14],
