{
"highlevel": {
    "danceability": {
        "all": {
            "danceable": 0.139042556286,
            "not_danceable": 0.860957443714
        },
        "probability": 0.860957443714,
        "value": "not_danceable"
    },
    "gender": {
        "all": {
            "female": 0.160701990128,
            "male": 0.839298009872
        },
        "probability": 0.839298009872,
        "value": "male"
    },
    "genre_dortmund": {
        "all": {
            "alternative": 0.23992010951,
            "blues": 0.0349345430732,
            "electronic": 0.0610740184784,
            "folkcountry": 0.403540074825,
            "funksoulrnb": 0.00931791961193,
            "jazz": 0.0570542253554,
            "pop": 0.0981868058443,
            "raphiphop": 0.00383055326529,
            "rock": 0.0921417623758
        },
        "probability": 0.403540074825,
        "value": "folkcountry"
    },
    "genre_electronic": {
        "all": {
            "ambient": 0.70340025425,
            "dnb": 0.0505973175168,
            "house": 0.0817557275295,
            "techno": 0.0108348531649,
            "trance": 0.153411820531
        },
        "probability": 0.70340025425,
        "value": "ambient"
    },
    "genre_rosamerica": {
        "all": {
            "cla": 0.238677576184,
            "dan": 0.0238681528717,
            "hip": 0.0120184225962,
            "jaz": 0.0436944849789,
            "pop": 0.243580147624,
            "rhy": 0.232228383422,
            "roc": 0.163899332285,
            "spe": 0.0420334860682
        },
        "probability": 0.243580147624,
        "value": "pop"
    },
    "genre_tzanetakis": {
        "all": {
            "blu": 0.0514712184668,
            "cla": 0.0343172587454,
            "cou": 0.102957591414,
            "dis": 0.102972358465,
            "hip": 0.154464513063,
            "jaz": 0.308918863535,
            "met": 0.0441242903471,
            "pop": 0.0617748238146,
            "reg": 0.0617764443159,
            "roc": 0.077222622931
        },
        "probability": 0.308918863535,
        "value": "jaz"
    },
    "ismir04_rhythm": {
        "all": {
            "ChaChaCha": 0.0342381112278,
            "Jive": 0.022072955966,
            "Quickstep": 0.0826555192471,
            "Rumba-American": 0.0102841556072,
            "Rumba-International": 0.0715072453022,
            "Rumba-Misc": 0.0291628465056,
            "Samba": 0.0262603871524,
            "Tango": 0.125958070159,
            "VienneseWaltz": 0.467588096857,
            "Waltz": 0.130272626877
        },
        "probability": 0.467588096857,
        "value": "VienneseWaltz"
    },
    "mood_acoustic": {
        "all": {
            "acoustic": 0.511359870434,
            "not_acoustic": 0.488640099764
        },
        "probability": 0.511359870434,
        "value": "acoustic"
    },
    "mood_aggressive": {
        "all": {
            "aggressive": 0.0139950104058,
            "not_aggressive": 0.986005008221
        },
        "probability": 0.986005008221,
        "value": "not_aggressive"
    },
    "mood_electronic": {
        "all": {
            "electronic": 0.372728288174,
            "not_electronic": 0.627271711826
        },
        "probability": 0.627271711826,
        "value": "not_electronic"
    },
    "mood_happy": {
        "all": {
            "happy": 0.987728238106,
            "not_happy": 0.012271778658
        },
        "probability": 0.987728238106,
        "value": "happy"
    },
    "mood_party": {
        "all": {
            "not_party": 0.934360265732,
            "party": 0.065639719367
        },
        "probability": 0.934360265732,
        "value": "not_party"
    },
    "mood_relaxed": {
        "all": {
            "not_relaxed": 0.0484453812242,
            "relaxed": 0.951554596424
        },
        "probability": 0.951554596424,
        "value": "relaxed"
    },
    "mood_sad": {
        "all": {
            "not_sad": 0.275739192963,
            "sad": 0.724260807037
        },
        "probability": 0.724260807037,
        "value": "sad"
    },
    "moods_mirex": {
        "all": {
            "Cluster1": 0.174681648612,
            "Cluster2": 0.299646556377,
            "Cluster3": 0.439618200064,
            "Cluster4": 0.0593474544585,
            "Cluster5": 0.0267061609775
        },
        "probability": 0.439618200064,
        "value": "Cluster3"
    },
    "timbre": {
        "all": {
            "bright": 0.920771658421,
            "dark": 0.0792283192277
        },
        "probability": 0.920771658421,
        "value": "bright"
    },
    "tonal_atonal": {
        "all": {
            "atonal": 0.112569242716,
            "tonal": 0.887430787086
        },
        "probability": 0.887430787086,
        "value": "tonal"
    },
    "voice_instrumental": {
        "all": {
            "instrumental": 0.00140659627505,
            "voice": 0.998593389988
        },
        "probability": 0.998593389988,
        "value": "voice"
    }
},
"lowlevel": {
    "average_loudness": 0.979105830193,
    "barkbands_crest": {
        "dmean": 2.42731666565,
        "dmean2": 3.87220430374,
        "dvar": 4.93658065796,
        "dvar2": 12.0792894363,
        "max": 22.9282093048,
        "mean": 10.8691129684,
        "median": 9.9375629425,
        "min": 3.60862708092,
        "var": 17.376543045
    },
    "barkbands_flatness_db": {
        "dmean": 0.0187035910785,
        "dmean2": 0.0288417935371,
        "dvar": 0.00028267558082,
        "dvar2": 0.000658099306747,
        "max": 0.278332233429,
        "mean": 0.18044808507,
        "median": 0.182422503829,
        "min": 0.0822200104594,
        "var": 0.00120092590805
    },
    "barkbands_kurtosis": {
        "dmean": 2.36847567558,
        "dmean2": 3.60454654694,
        "dvar": 6.64816474915,
        "dvar2": 15.2036876678,
        "max": 37.3249511719,
        "mean": 5.96581459045,
        "median": 4.97417116165,
        "min": -1.83169198036,
        "var": 27.8894309998
    },
    "barkbands_skewness": {
        "dmean": 0.39439573884,
        "dmean2": 0.592157244682,
        "dvar": 0.126448318362,
        "dvar2": 0.281679958105,
        "max": 4.82596111298,
        "mean": 1.89423632622,
        "median": 1.90886425972,
        "min": -0.300774008036,
        "var": 0.690625548363
    },
    "barkbands_spread": {
        "dmean": 3.33255195618,
        "dmean2": 4.8985004425,
        "dvar": 16.0202503204,
        "dvar2": 32.5603141785,
        "max": 69.0701446533,
        "mean": 13.6405162811,
        "median": 11.118721962,
        "min": 2.39352273941,
        "var": 78.7934036255
    },
    "dissonance": {
        "dmean": 0.0194246228784,
        "dmean2": 0.0322017520666,
        "dvar": 0.000303887500195,
        "dvar2": 0.000846840557642,
        "max": 0.499929219484,
        "mean": 0.451780855656,
        "median": 0.455633819103,
        "min": 0.313516587019,
        "var": 0.000744573480915
    },
    "dynamic_complexity": 1.794475317,
    "erbbands_crest": {
        "dmean": 2.58083891869,
        "dmean2": 4.08832406998,
        "dvar": 5.92516183853,
        "dvar2": 13.5264358521,
        "max": 27.9515285492,
        "mean": 9.7782831192,
        "median": 8.6964931488,
        "min": 2.98620653152,
        "var": 18.9152030945
    },
    "erbbands_flatness_db": {
        "dmean": 0.0149291008711,
        "dmean2": 0.0222072564065,
        "dvar": 0.000218166285777,
        "dvar2": 0.000463826203486,
        "max": 0.274704486132,
        "mean": 0.183360442519,
        "median": 0.185300901532,
        "min": 0.104835338891,
        "var": 0.000964321196079
    },
    "erbbands_kurtosis": {
        "dmean": 0.917699933052,
        "dmean2": 1.47389829159,
        "dvar": 1.09388184547,
        "dvar2": 2.67437291145,
        "max": 9.46078681946,
        "mean": 0.780136287212,
        "median": 0.577666044235,
        "min": -1.83908498287,
        "var": 2.8510017395
    },
    "erbbands_skewness": {
        "dmean": 0.336594730616,
        "dmean2": 0.527104496956,
        "dvar": 0.102334216237,
        "dvar2": 0.241515800357,
        "max": 2.83575963974,
        "mean": 0.846653282642,
        "median": 0.893995165825,
        "min": -1.70361220837,
        "var": 0.426158368587
    },
    "erbbands_spread": {
        "dmean": 6.49780035019,
        "dmean2": 10.0373601913,
        "dvar": 49.0358505249,
        "dvar2": 106.595031738,
        "max": 93.6905517578,
        "mean": 35.4096031189,
        "median": 32.7371330261,
        "min": 7.65348577499,
        "var": 213.489822388
    },
    "hfc": {
        "dmean": 4.40462017059,
        "dmean2": 6.37986850739,
        "dvar": 30.6326255798,
        "dvar2": 63.4875450134,
        "max": 72.0292663574,
        "mean": 17.1327667236,
        "median": 13.5090236664,
        "min": 1.90888333321,
        "var": 128.29524231
    },
    "melbands_crest": {
        "dmean": 2.97280693054,
        "dmean2": 4.79289102554,
        "dvar": 6.8262052536,
        "dvar2": 18.0444564819,
        "max": 27.6037406921,
        "mean": 13.8835039139,
        "median": 13.2089366913,
        "min": 4.93096733093,
        "var": 18.0328865051
    },
    "melbands_flatness_db": {
        "dmean": 0.0206817481667,
        "dmean2": 0.0304999910295,
        "dvar": 0.000383038946893,
        "dvar2": 0.000814105907921,
        "max": 0.36186465621,
        "mean": 0.231991827488,
        "median": 0.235225602984,
        "min": 0.0828428789973,
        "var": 0.00194925477263
    },
    "melbands_kurtosis": {
        "dmean": 4.55057621002,
        "dmean2": 6.85926771164,
        "dvar": 24.2424240112,
        "dvar2": 55.2228393555,
        "max": 65.9666595459,
        "mean": 13.0209798813,
        "median": 11.2855291367,
        "min": -0.488187074661,
        "var": 90.1604614258
    },
    "melbands_skewness": {
        "dmean": 0.535520613194,
        "dmean2": 0.802447974682,
        "dvar": 0.222648814321,
        "dvar2": 0.52592676878,
        "max": 5.84862089157,
        "mean": 2.58720469475,
        "median": 2.55102539062,
        "min": -0.365299582481,
        "var": 1.08933770657
    },
    "melbands_spread": {
        "dmean": 3.44688248634,
        "dmean2": 5.17816925049,
        "dvar": 19.9363269806,
        "dvar2": 41.9234313965,
        "max": 110.245918274,
        "mean": 13.4961719513,
        "median": 11.3354558945,
        "min": 2.27481532097,
        "var": 82.2475204468
    },
    "pitch_salience": {
        "dmean": 0.0580728203058,
        "dmean2": 0.0961075276136,
        "dvar": 0.00284096435644,
        "dvar2": 0.00701707042754,
        "max": 0.805665373802,
        "mean": 0.564058423042,
        "median": 0.567106425762,
        "min": 0.250753909349,
        "var": 0.00822009053081
    },
    "silence_rate_20dB": {
        "dmean": 0,
        "dmean2": 0,
        "dvar": 0,
        "dvar2": 0,
        "max": 1,
        "mean": 1,
        "median": 1,
        "min": 1,
        "var": 0
    },
    "silence_rate_30dB": {
        "dmean": 0,
        "dmean2": 0,
        "dvar": 0,
        "dvar2": 0,
        "max": 1,
        "mean": 1,
        "median": 1,
        "min": 1,
        "var": 0
    },
    "silence_rate_60dB": {
        "dmean": 0,
        "dmean2": 0,
        "dvar": 0,
        "dvar2": 0,
        "max": 0,
        "mean": 0,
        "median": 0,
        "min": 0,
        "var": 0
    },
    "spectral_centroid": {
        "dmean": 161.108169556,
        "dmean2": 242.510650635,
        "dvar": 34654.8632812,
        "dvar2": 70844.0625,
        "max": 3087.44946289,
        "mean": 851.956298828,
        "median": 735.66607666,
        "min": 290.056060791,
        "var": 181101.296875
    },
    "spectral_complexity": {
        "dmean": 2.70278644562,
        "dmean2": 4.23702573776,
        "dvar": 7.81570100784,
        "dvar2": 15.5580701828,
        "max": 46,
        "mean": 16.9744777679,
        "median": 16,
        "min": 6,
        "var": 30.004781723
    },
    "spectral_decrease": {
        "dmean": 2.37427433269e-09,
        "dmean2": 3.67842800664e-09,
        "dvar": 7.81436862934e-18,
        "dvar2": 1.88796976867e-17,
        "max": -1.54483770221e-09,
        "mean": -8.48225312211e-09,
        "median": -7.78940556501e-09,
        "min": -2.65468287353e-08,
        "var": 1.57153546493e-17
    },
    "spectral_energy": {
        "dmean": 0.00925871636719,
        "dmean2": 0.014306942001,
        "dvar": 0.000118794756418,
        "dvar2": 0.000286209804472,
        "max": 0.10256268084,
        "mean": 0.0335680022836,
        "median": 0.0310408398509,
        "min": 0.00600947020575,
        "var": 0.000244119102717
    },
    "spectral_energyband_high": {
        "dmean": 0.000188252175576,
        "dmean2": 0.000266131595708,
        "dvar": 1.92956122191e-07,
        "dvar2": 3.29100032559e-07,
        "max": 0.00975711643696,
        "mean": 0.000411499029724,
        "median": 0.000174246815732,
        "min": 1.61562675203e-05,
        "var": 6.86930775373e-07
    },
    "spectral_energyband_low": {
        "dmean": 0.00400591176003,
        "dmean2": 0.00669137202203,
        "dvar": 5.22991322214e-05,
        "dvar2": 0.00014093478967,
        "max": 0.0703481733799,
        "mean": 0.00956405047327,
        "median": 0.00745189469308,
        "min": 4.83495532535e-05,
        "var": 7.40490722819e-05
    },
    "spectral_energyband_middle_high": {
        "dmean": 0.00121810834389,
        "dmean2": 0.00188165274449,
        "dvar": 3.57126737072e-06,
        "dvar2": 8.40479515318e-06,
        "max": 0.0306869596243,
        "mean": 0.00377465318888,
        "median": 0.00237832125276,
        "min": 0.000256349187111,
        "var": 1.43607076097e-05
    },
    "spectral_energyband_middle_low": {
        "dmean": 0.00739353056997,
        "dmean2": 0.0111313620582,
        "dvar": 7.3201394116e-05,
        "dvar2": 0.000174099986907,
        "max": 0.0838135480881,
        "mean": 0.0215867292136,
        "median": 0.0189963188022,
        "min": 0.00196344056167,
        "var": 0.000166811689269
    },
    "spectral_entropy": {
        "dmean": 0.157540291548,
        "dmean2": 0.236008748412,
        "dvar": 0.0244867373258,
        "dvar2": 0.0523224957287,
        "max": 8.32976818085,
        "mean": 7.24755573273,
        "median": 7.22548437119,
        "min": 6.46411895752,
        "var": 0.101656787097
    },
    "spectral_flux": {
        "dmean": 0.0229421034455,
        "dmean2": 0.0358278416097,
        "dvar": 0.000698784948327,
        "dvar2": 0.00159570062533,
        "max": 0.261317074299,
        "mean": 0.0797034502029,
        "median": 0.0706874281168,
        "min": 0.0176742952317,
        "var": 0.00167572707869
    },
    "spectral_kurtosis": {
        "dmean": 2.08819007874,
        "dmean2": 3.60833644867,
        "dvar": 3.79672431946,
        "dvar2": 11.0107107162,
        "max": 17.934967041,
        "mean": 4.50605201721,
        "median": 4.08907651901,
        "min": -1.10829019547,
        "var": 7.26869297028
    },
    "spectral_rms": {
        "dmean": 0.000754448235966,
        "dmean2": 0.0011428798316,
        "dvar": 6.3451676624e-07,
        "dvar2": 1.46527497691e-06,
        "max": 0.0100030573085,
        "mean": 0.00557295093313,
        "median": 0.0055030672811,
        "min": 0.00242134206928,
        "var": 1.6914563048e-06
    },
    "spectral_rolloff": {
        "dmean": 223.4480896,
        "dmean2": 382.342773438,
        "dvar": 223351.484375,
        "dvar2": 483471.875,
        "max": 7665.8203125,
        "mean": 794.16394043,
        "median": 581.396484375,
        "min": 150.732421875,
        "var": 585061.8125
    },
    "spectral_skewness": {
        "dmean": 0.257067114115,
        "dmean2": 0.428049653769,
        "dvar": 0.0509227886796,
        "dvar2": 0.128742858768,
        "max": 3.05562734604,
        "mean": 1.59480714798,
        "median": 1.58953118324,
        "min": 0.0969363749027,
        "var": 0.181519925594
    },
    "spectral_spread": {
        "dmean": 374283.84375,
        "dmean2": 560466.8125,
        "dvar": 348137259008,
        "dvar2": 509765287936,
        "max": 19373928,
        "mean": 3843369,
        "median": 3554015.5,
        "min": 2128740.5,
        "var": 972864094208
    },
    "spectral_strongpeak": {
        "dmean": 0.462561368942,
        "dmean2": 0.743692219257,
        "dvar": 0.402472853661,
        "dvar2": 0.990809440613,
        "max": 6.95064926147,
        "mean": 1.04621219635,
        "median": 0.734017014503,
        "min": 0.0501098632812,
        "var": 0.929089903831
    },
    "zerocrossingrate": {
        "dmean": 0.00591304060072,
        "dmean2": 0.00716952700168,
        "dvar": 4.52183448942e-05,
        "dvar2": 5.69935582462e-05,
        "max": 0.21533203125,
        "mean": 0.0372490994632,
        "median": 0.033203125,
        "min": 0.01025390625,
        "var": 0.000377415970434
    },
    "barkbands": {
        "dmean": [8.35018363432e-05, 0.00181496841833, 0.00187624769751, 0.00166227761656, 0.00336553133093, 0.00283089303412, 0.000992762041278, 0.0013045478845, 0.00111455190927, 0.000387390056858, 0.000308737100568, 0.000242862937739, 0.000214065599721, 0.000235810832237, 0.000137937968248, 0.000102288548078, 0.000179016948096, 0.000179749898962, 0.000131692475406, 5.42006200703e-05, 6.82037061779e-05, 5.73256620555e-05, 4.2974621465e-05, 2.92515323963e-05, 7.7449813034e-06, 8.96136384654e-07, 2.72794165035e-09],
        "dmean2": [0.000126062252093, 0.00294114346616, 0.00311237270944, 0.00277234893292, 0.0051536266692, 0.00433310959488, 0.00153566617519, 0.00198659417219, 0.00166031857952, 0.000625390268397, 0.000470142782433, 0.000398900418077, 0.000349577632733, 0.000372241222067, 0.000223577066208, 0.000168783357367, 0.000294600700727, 0.000286770402454, 0.000210060577956, 8.61938824528e-05, 0.000106455096102, 8.65838883328e-05, 6.25511529506e-05, 4.25095022365e-05, 1.1431456187e-05, 1.36251208005e-06, 3.87287135695e-09],
        "dvar": [1.24605152863e-08, 8.78093578649e-06, 1.26331069623e-05, 1.3917439901e-05, 2.67125033133e-05, 2.2619145966e-05, 7.7740778579e-06, 1.01807418105e-05, 9.19791727938e-06, 1.39824635426e-06, 6.11622169799e-07, 6.02150407758e-07, 2.1480605028e-07, 3.5311160218e-07, 1.55982874617e-07, 9.22452585428e-08, 2.94032616921e-07, 1.82356046707e-07, 1.0333852174e-07, 1.28369190833e-08, 1.63236748563e-08, 2.37506210254e-08, 2.12148361101e-08, 7.41002370575e-09, 2.66779209834e-10, 7.02858951596e-12, 2.09575665843e-15],
        "dvar2": [2.97188016418e-08, 2.51939363807e-05, 3.40814549418e-05, 3.66081440006e-05, 6.25517350272e-05, 5.23650996911e-05, 1.66568224813e-05, 2.05428514164e-05, 1.98218112928e-05, 3.58720240001e-06, 1.57834517722e-06, 1.46681134083e-06, 5.14726082201e-07, 8.80740344655e-07, 3.81086692869e-07, 2.40449224975e-07, 8.51535219226e-07, 4.56018881323e-07, 2.67244189445e-07, 2.52842209392e-08, 3.8221266152e-08, 4.63429259412e-08, 4.11553422452e-08, 1.69460498967e-08, 6.27604357373e-10, 1.34602728269e-11, 2.09935591318e-15],
        "max": [0.00133800588083, 0.0266840811819, 0.0320401601493, 0.0443559363484, 0.0455480404198, 0.05253469944, 0.0617106333375, 0.0508007965982, 0.0472517088056, 0.0245857052505, 0.0178130120039, 0.016703447327, 0.00685312319547, 0.00976483803242, 0.00883217900991, 0.00544568104669, 0.00920390430838, 0.0074215233326, 0.00751023646444, 0.00200377427973, 0.00185233145021, 0.00369923608378, 0.00411939853802, 0.00239741057158, 0.000244142051088, 7.05441998434e-05, 1.64183200013e-06],
        "mean": [0.000173556181835, 0.00472554750741, 0.00296824169345, 0.00243303156458, 0.00730678066611, 0.00521794473752, 0.00169612676837, 0.00280325813219, 0.00200205342844, 0.000714985828381, 0.000560124462936, 0.000419032730861, 0.00039998057764, 0.00037214148324, 0.000223737311899, 0.000161553689395, 0.000315525307087, 0.000361981423339, 0.00024418864632, 9.77354284259e-05, 0.000121723365737, 0.000101701334643, 8.22898218757e-05, 5.00757341797e-05, 1.35328455144e-05, 1.14818408292e-06, 2.46042786145e-09],
        "median": [9.07320791157e-05, 0.00289506930858, 0.00167233357206, 0.00111764029134, 0.00401277653873, 0.00259989546612, 0.000760583032388, 0.000909660535399, 0.000856930331793, 0.000344430445693, 0.000289121846436, 0.000194833090063, 0.000204590905923, 0.000153299872181, 9.15873679332e-05, 6.59187571728e-05, 6.87208521413e-05, 6.50861984468e-05, 9.01788007468e-05, 4.99591878906e-05, 6.59539946355e-05, 3.15966935887e-05, 2.39377823164e-05, 1.46711936395e-05, 4.58592967334e-06, 2.27829730193e-07, 5.22385412705e-10],
        "min": [3.95139096554e-07, 3.687239996e-06, 6.35552078165e-06, 1.16969767987e-05, 0.000124010723084, 2.52678910329e-05, 1.95346856344e-05, 8.69840823725e-06, 2.97516089631e-05, 8.98622602108e-06, 5.55560882276e-06, 5.57807106816e-06, 1.0786531675e-05, 1.27185357996e-05, 4.73728368888e-06, 4.80822836835e-06, 5.29134467797e-06, 2.34860158344e-06, 5.60694707019e-06, 4.36485061073e-06, 5.55834139959e-06, 1.91622712009e-06, 1.33008938974e-06, 3.62201404869e-07, 2.14951060423e-11, 8.2819419725e-12, 9.20531099263e-12],
        "var": [4.2536445477e-08, 2.17810193135e-05, 1.46007023432e-05, 1.55738089234e-05, 6.99960801285e-05, 5.69705043745e-05, 1.09316806629e-05, 3.42220300809e-05, 1.80645220098e-05, 2.10851158045e-06, 1.04162029402e-06, 9.24919618228e-07, 3.95429083255e-07, 6.33948104678e-07, 2.76669595678e-07, 1.4299803297e-07, 7.60826821988e-07, 6.17691398475e-07, 2.19876042706e-07, 2.56629242301e-08, 2.80789791418e-08, 6.79031870732e-08, 7.58732525696e-08, 2.04155323758e-08, 5.54974233236e-10, 1.36532582115e-11, 2.09880618879e-15]
    },
    "erbbands": {
        "dmean": [0.0566748157144, 0.427592605352, 1.65692949295, 4.73880672455, 7.40947771072, 12.2660884857, 18.3474941254, 26.2165126801, 14.0405550003, 18.5712356567, 29.6660614014, 23.9609050751, 11.2923564911, 11.9443416595, 10.1502466202, 7.64374446869, 9.65535831451, 8.93948745728, 8.36521053314, 6.67806243896, 6.40517044067, 10.2575883865, 9.13490772247, 7.73903465271, 5.47710466385, 2.15953016281, 3.01136898994, 2.44205403328, 2.07723093033, 1.79895412922, 1.14402425289, 0.781647801399, 0.39796897769, 0.13394664228, 0.0323044881225, 0.0063456390053, 0.0013554035686, 0.000128767700517, 6.75665887684e-06, 1.04484788608e-05],
        "dmean2": [0.0899300128222, 0.700358569622, 2.76816344261, 7.88251876831, 12.2090702057, 18.0630779266, 28.0246238708, 40.2392539978, 22.1543292999, 28.3841247559, 43.8978729248, 36.1021881104, 17.9969120026, 18.6290721893, 14.9863519669, 12.7881984711, 15.8574838638, 14.2031641006, 13.5572128296, 10.6069068909, 10.4499015808, 16.9879779816, 14.6639261246, 12.0684766769, 8.78462123871, 3.24228239059, 4.75516891479, 3.7847840786, 3.13853216171, 2.72644329071, 1.64627385139, 1.12729609013, 0.594011545181, 0.198006153107, 0.0481723882258, 0.0092011783272, 0.00210931408219, 0.000205198244657, 9.92861168925e-06, 1.60852978297e-05],
        "dvar": [0.00914589129388, 0.517531335354, 9.82082843781, 116.421173096, 280.449890137, 326.259277344, 755.510864258, 2811.32128906, 1567.77770996, 1754.68347168, 4246.23828125, 2909.99267578, 629.855773926, 649.175598145, 759.725830078, 426.909210205, 424.860839844, 414.128875732, 563.257202148, 359.138946533, 315.763793945, 956.403808594, 632.804138184, 226.064163208, 285.25692749, 23.6661434174, 28.0273132324, 27.5375595093, 34.3221282959, 25.4369277954, 13.5952796936, 6.46137666702, 0.891765117645, 0.0748803392053, 0.00563433859497, 0.0003836468386, 1.37935321618e-05, 1.49398545091e-07, 1.35703864812e-10, 1.52192633496e-10],
        "dvar2": [0.0273566599935, 1.42915391922, 27.1256809235, 314.407806396, 711.454589844, 696.908203125, 1744.14794922, 6639.26025391, 3864.44702148, 3746.65917969, 8819.77539062, 6179.90283203, 1563.22827148, 1649.46398926, 1570.3770752, 1070.07128906, 1039.50683594, 917.696166992, 1590.76586914, 890.866455078, 746.664916992, 2739.29785156, 1633.5456543, 559.160461426, 761.382141113, 45.8661270142, 65.1087493896, 64.2049255371, 70.5356521606, 45.3050308228, 23.7695541382, 13.9774274826, 1.89314484596, 0.169110357761, 0.0120374234393, 0.000786042946856, 3.00432257063e-05, 3.78714645421e-07, 2.58224552852e-10, 3.60485474804e-10],
        "max": [1.06819605827, 7.41663599014, 33.4839477539, 123.21346283, 184.258331299, 228.835220337, 308.030883789, 610.138427734, 792.697875977, 1124.98339844, 833.373657227, 810.740234375, 407.844940186, 483.447174072, 599.44342041, 372.947998047, 309.188110352, 363.904815674, 595.892944336, 374.809936523, 342.798187256, 584.502258301, 447.616790771, 216.284210205, 421.027435303, 96.7753219604, 76.2155990601, 80.2751541138, 121.820388794, 150.653564453, 106.117912292, 84.0837020874, 23.4107646942, 4.23841571808, 1.36644756794, 0.539801299572, 0.0736682862043, 0.00720105599612, 0.000253178674029, 0.000114657508675],
        "mean": [0.122654810548, 1.09576559067, 2.9563229084, 7.55891084671, 11.0578012466, 28.4178142548, 37.6104393005, 48.0214271545, 26.2552394867, 37.1430969238, 62.5783729553, 44.2302703857, 22.9569549561, 24.1082324982, 18.7766609192, 14.9471130371, 18.4858093262, 16.2778778076, 14.6091117859, 11.7084064484, 11.1424207687, 19.309671402, 17.894487381, 16.5921268463, 10.7581949234, 4.13801002502, 5.37694787979, 4.12372398376, 3.62691235542, 3.22225260735, 2.2258810997, 1.39329314232, 0.656638801098, 0.233208224177, 0.0563303343952, 0.00945524219424, 0.001622578362, 0.000128422441776, 2.12050381379e-05, 3.9022306737e-05],
        "median": [0.0723030045629, 0.671066880226, 2.15228056908, 3.41532444954, 5.40619850159, 12.2478933334, 22.3918685913, 19.4308586121, 15.6370811462, 17.1247711182, 20.3306674957, 21.5135192871, 13.3732347488, 13.2923669815, 10.2644252777, 8.11664104462, 9.31348800659, 8.67579364777, 6.53997898102, 4.91806554794, 3.38091850281, 4.4755115509, 3.26030445099, 3.77733016014, 5.55425024033, 2.04664111137, 2.96524739265, 1.84781861305, 1.13626611233, 0.97055631876, 0.673849642277, 0.403183549643, 0.19330008328, 0.0756624564528, 0.0188331250101, 0.00275704427622, 0.000369991350453, 2.30212099268e-05, 1.8049890059e-05, 3.66744789062e-05],
        "min": [0.000157203598064, 0.00258077448234, 0.00935340579599, 0.0198795180768, 0.175562694669, 0.588469386101, 1.1919195652, 0.588951826096, 0.726597189903, 0.587358772755, 1.01236867905, 1.0289901495, 0.578563213348, 0.780323266983, 1.02822673321, 0.25632661581, 0.777070999146, 0.846778690815, 0.709012448788, 0.414922297001, 0.413340359926, 0.292853027582, 0.158006891608, 0.284067362547, 0.480418592691, 0.221581578255, 0.346345692873, 0.152069836855, 0.074953623116, 0.05384747684, 0.0428307764232, 0.0125867407769, 0.0039811078459, 0.000267296854872, 3.66813401342e-05, 8.68893494044e-06, 3.30538114213e-06, 6.09239748428e-07, 2.93465245704e-06, 6.70299959893e-06],
        "var": [0.0180513076484, 1.27630400658, 10.1733665466, 134.309295654, 293.393554688, 1483.75732422, 1918.46813965, 6530.25048828, 1957.26367188, 4065.5637207, 12774.6640625, 6241.76367188, 1119.98864746, 1153.22729492, 1779.98376465, 813.93347168, 795.01373291, 752.992004395, 1060.78051758, 671.109924316, 619.632324219, 2531.12695312, 1706.9083252, 871.499389648, 467.737640381, 51.3753128052, 49.5735359192, 47.8597183228, 89.4869766235, 90.1227798462, 54.7767066956, 19.8693618774, 2.36268496513, 0.168930992484, 0.0122459866107, 0.000783255847637, 2.15188592847e-05, 1.34677463848e-07, 2.24648383229e-10, 3.26994598066e-10]
    },
    "gfcc": {
        "mean": [-7.19272851944, 140.980911255, -126.541809082, 45.9277496338, -74.9851989746, 10.7700147629, -32.899848938, -0.93806964159, -12.981962204, -8.1964302063, -0.387710720301, -11.5894613266, -0.0865052267909],
        "cov": [[1482.33984375, -790.70690918, 21.6601524353, -18.3425312042, -154.083343506, 50.4200057983, -265.891265869, 257.258483887, -136.686065674, 101.351547241, -147.323242188, 148.67048645, -155.081542969], [-790.70690918, 669.331359863, -61.4659729004, -23.22914505, 151.487731934, -38.8760261536, 199.665817261, -160.700195312, 124.556503296, -105.780128479, 116.246398926, -123.5337677, 111.297599792], [21.6601524353, -61.4659729004, 280.44052124, 39.8452377319, -25.6725196838, 66.7689666748, -36.7009391785, -9.31548976898, -76.2414550781, 27.8302326202, -43.85521698, 3.62527251244, -37.0310401917], [-18.3425312042, -23.22914505, 39.8452377319, 252.737319946, 30.9302921295, -2.77823424339, -0.118185602129, -1.18478548527, 29.6353530884, -48.0453491211, 35.0519218445, 11.1833410263, 40.6092224121], [-154.083343506, 151.487731934, -25.6725196838, 30.9302921295, 209.270874023, -61.4179916382, 18.7838630676, 44.3028945923, 47.7182197571, -20.0475387573, 12.066947937, 46.5138702393, 13.7339744568], [50.4200057983, -38.8760261536, 66.7689666748, -2.77823424339, -61.4179916382, 157.63293457, 45.9856376648, -23.917011261, -28.475189209, 17.399181366, -6.13872814178, -40.8159942627, 6.48154067993], [-265.891265869, 199.665817261, -36.7009391785, -0.118185602129, 18.7838630676, 45.9856376648, 154.804718018, -56.262462616, 35.7643966675, -19.4518089294, 48.1786727905, -50.4176864624, 30.7808876038], [257.258483887, -160.700195312, -9.31548976898, -1.18478548527, 44.3028945923, -23.917011261, -56.262462616, 160.332824707, 4.55040216446, 39.8855552673, -20.5021362305, 75.9453048706, -32.545425415], [-136.686065674, 124.556503296, -76.2414550781, 29.6353530884, 47.7182197571, -28.475189209, 35.7643966675, 4.55040216446, 128.269973755, -5.22811985016, 47.0632133484, -0.637463152409, 46.6130867004], [101.351547241, -105.780128479, 27.8302326202, -48.0453491211, -20.0475387573, 17.399181366, -19.4518089294, 39.8855552673, -5.22811985016, 100.768791199, -8.63245296478, 23.3541946411, -32.9895210266], [-147.323242188, 116.246398926, -43.85521698, 35.0519218445, 12.066947937, -6.13872814178, 48.1786727905, -20.5021362305, 47.0632133484, -8.63245296478, 96.2226257324, 2.91818928719, 48.4216842651], [148.67048645, -123.5337677, 3.62527251244, 11.1833410263, 46.5138702393, -40.8159942627, -50.4176864624, 75.9453048706, -0.637463152409, 23.3541946411, 2.91818928719, 140.904708862, 9.9303817749], [-155.081542969, 111.297599792, -37.0310401917, 40.6092224121, 13.7339744568, 6.48154067993, 30.7808876038, -32.545425415, 46.6130867004, -32.9895210266, 48.4216842651, 9.9303817749, 105.291465759]],
        "icov": [[0.00229368498549, 0.00139824219514, 0.000878059421666, -6.83573489368e-06, 0.000644418643788, -0.00156824698206, 0.00167100469116, -0.00165346893482, 4.19064199377e-05, 0.000945147068705, 0.000198363413801, -0.000658576376736, 0.00147313007619], [0.00139824219514, 0.0203495770693, -0.00787198729813, 0.0103763304651, -0.0132874585688, 0.00805808138102, -0.0109306657687, 0.00623941980302, -0.00761103723198, 0.0108243133873, -0.0120986485854, 0.0142387123778, -0.00887835677713], [0.000878059421666, -0.00787198729813, 0.00961724482477, -0.00618647411466, 0.00520593579859, -0.00694493437186, 0.00707837380469, -0.00203552050516, 0.00558939483017, -0.00592450471595, 0.00644228141755, -0.00722119212151, 0.00582037959248], [-6.83573489368e-06, 0.0103763304651, -0.00618647411466, 0.0109140127897, -0.0074985451065, 0.00449320627376, -0.00550314877182, 0.00303219351918, -0.00541311176494, 0.0085770059377, -0.0086114006117, 0.00771172950044, -0.00579926278442], [0.000644418643788, -0.0132874585688, 0.00520593579859, -0.0074985451065, 0.0169311072677, -0.00402179034427, 0.00596356531605, -0.00758011545986, 0.00334016117267, -0.00518394866958, 0.00980557128787, -0.0122398389503, 0.00721233990043], [-0.00156824698206, 0.00805808138102, -0.00694493437186, 0.00449320627376, -0.00402179034427, 0.0162679385394, -0.011438624002, 0.00243464368396, -0.00153216847684, 0.0016154445475, -0.00384866073728, 0.00963939446956, -0.00933813583106], [0.00167100469116, -0.0109306657687, 0.00707837380469, -0.00550314877182, 0.00596356531605, -0.011438624002, 0.0205312985927, -0.00286850938573, 0.0033034379594, -0.00469595147297, 0.00269271107391, -0.00732035934925, 0.00818311981857], [-0.00165346893482, 0.00623941980302, -0.00203552050516, 0.00303219351918, -0.00758011545986, 0.00243464368396, -0.00286850938573, 0.015439581126, -0.00448920205235, 0.000661131285597, -0.00371667556465, 0.000878526945598, -0.000645351305138], [4.19064199377e-05, -0.00761103723198, 0.00558939483017, -0.00541311176494, 0.00334016117267, -0.00153216847684, 0.0033034379594, -0.00448920205235, 0.0166152752936, -0.00737523194402, 0.00248713954352, -0.00305544235744, -0.00105631153565], [0.000945147068705, 0.0108243133873, -0.00592450471595, 0.0085770059377, -0.00518394866958, 0.0016154445475, -0.00469595147297, 0.000661131285597, -0.00737523194402, 0.0214817542583, -0.00902717933059, 0.00467048911378, 0.000419153395342], [0.000198363413801, -0.0120986485854, 0.00644228141755, -0.0086114006117, 0.00980557128787, -0.00384866073728, 0.00269271107391, -0.00371667556465, 0.00248713954352, -0.00902717933059, 0.0255553983152, -0.0107777211815, 0.00102445762604], [-0.000658576376736, 0.0142387123778, -0.00722119212151, 0.00771172950044, -0.0122398389503, 0.00963939446956, -0.00732035934925, 0.000878526945598, -0.00305544235744, 0.00467048911378, -0.0107777211815, 0.0239123087376, -0.0126029457897], [0.00147313007619, -0.00887835677713, 0.00582037959248, -0.00579926278442, 0.00721233990043, -0.00933813583106, 0.00818311981857, -0.000645351305138, -0.00105631153565, 0.000419153395342, 0.00102445762604, -0.0126029457897, 0.0236945096403]]
    },
    "melbands": {
        "dmean": [0.000493969069794, 0.000754043227062, 0.000803463393822, 0.000714170048013, 0.000617907673586, 0.00055333256023, 0.000212562823435, 0.000237786385696, 0.000252814817941, 0.000142564997077, 5.80673586228e-05, 5.20782850799e-05, 3.50697773683e-05, 2.96518410323e-05, 2.34280487348e-05, 1.94445074158e-05, 1.90725877474e-05, 1.66106819961e-05, 1.15945567813e-05, 7.00377950125e-06, 7.90478225099e-06, 1.35387081173e-05, 7.48590082367e-06, 7.99666850071e-06, 6.91764444127e-06, 4.7835692385e-06, 2.80568747257e-06, 1.35075686103e-06, 1.87481577996e-06, 1.80745530542e-06, 1.4107009747e-06, 1.31400383907e-06, 1.18518266845e-06, 9.91895717561e-07, 7.05702404957e-07, 6.29346914138e-07, 4.5816014449e-07, 3.40539742183e-07, 1.66216310049e-07, 1.04007156665e-07],
        "dmean2": [0.000786863500252, 0.00126017944422, 0.0013253793586, 0.00109665468335, 0.000942767830566, 0.000848242430948, 0.000334367097821, 0.000362885388313, 0.000368941255147, 0.000215681720874, 9.2956222943e-05, 8.13157312223e-05, 5.36677034688e-05, 4.70992999908e-05, 3.88259722968e-05, 3.22952510032e-05, 2.99920156976e-05, 2.67389787041e-05, 1.85076460184e-05, 1.16137816804e-05, 1.28717929329e-05, 2.23439365072e-05, 1.19525657283e-05, 1.26481609186e-05, 1.10342625703e-05, 7.7145468822e-06, 4.43490853286e-06, 2.08903065868e-06, 2.97403335026e-06, 2.88277260552e-06, 2.21208688345e-06, 2.05004471354e-06, 1.82716655672e-06, 1.51525375713e-06, 1.04012849533e-06, 9.31737361043e-07, 6.91844149969e-07, 5.18805165939e-07, 2.5724946795e-07, 1.56524308181e-07],
        "dvar": [6.59500926758e-07, 1.80433244168e-06, 2.61609784502e-06, 1.65590608958e-06, 7.10973949936e-07, 1.11355359422e-06, 3.55174250899e-07, 2.96979123959e-07, 3.68206940493e-07, 9.20637077684e-08, 2.00111802684e-08, 1.46902072728e-08, 1.0491166158e-08, 1.00189687657e-08, 4.83799000861e-09, 1.32983635215e-09, 2.17232432043e-09, 2.66154165374e-09, 1.53496382271e-09, 3.66211838632e-10, 5.45428258114e-10, 1.99878402718e-09, 4.25663976289e-10, 4.4603895577e-10, 1.99742472562e-10, 3.33068572722e-10, 3.83364520684e-11, 1.09289279016e-11, 1.07559768384e-11, 1.19114293082e-11, 1.01205172715e-11, 1.30326999193e-11, 9.84631560313e-12, 9.69312650978e-12, 5.87417354342e-12, 3.7895298878e-12, 2.0357368135e-12, 6.52784196056e-13, 1.63519127709e-13, 4.198502101e-14],
        "dvar2": [1.96494193005e-06, 4.92999197377e-06, 6.76434092384e-06, 3.96418954551e-06, 1.6357342929e-06, 2.63159267888e-06, 8.4336920736e-07, 6.32897695141e-07, 7.87994906659e-07, 1.97498820853e-07, 4.96869567712e-08, 3.74752744392e-08, 2.60253685269e-08, 2.35407320304e-08, 1.28187807036e-08, 3.18480841699e-09, 4.87121720738e-09, 7.52132045534e-09, 3.838573015e-09, 1.05756836621e-09, 1.26366461739e-09, 5.81785597475e-09, 1.08309894387e-09, 1.11437747918e-09, 5.11507169954e-10, 9.40868383204e-10, 8.35921054598e-11, 2.37256846114e-11, 2.42279217522e-11, 2.95360437497e-11, 2.39269975361e-11, 2.93146028285e-11, 1.84602159947e-11, 1.87088521758e-11, 1.15018272684e-11, 7.31345799893e-12, 4.84025059616e-12, 1.41328832318e-12, 3.91708367131e-13, 9.71936967758e-14],
        "max": [0.00827764626592, 0.0146305365488, 0.0179974064231, 0.0112572312355, 0.00925968214869, 0.0121368374676, 0.0128875337541, 0.0128849158064, 0.00879899784923, 0.00440953671932, 0.00247166026384, 0.00254356767982, 0.00260431086645, 0.00230430206284, 0.00126133835874, 0.000661983271129, 0.00082768604625, 0.001285049133, 0.000975697941612, 0.000407323299441, 0.000496059132274, 0.000834921724163, 0.000453764514532, 0.000469132763101, 0.000185174227227, 0.000478345231386, 0.000143699435284, 6.31074508419e-05, 4.81528659293e-05, 4.13793859479e-05, 5.19162713317e-05, 6.75160335959e-05, 7.83277646406e-05, 9.43679915508e-05, 7.00717428117e-05, 6.30681970506e-05, 3.89522610931e-05, 1.86357410712e-05, 8.82067070052e-06, 2.16542593989e-06],
        "mean": [0.00121690903325, 0.00159238290507, 0.00128036236856, 0.00142439268529, 0.00135689496528, 0.00102284341119, 0.000391686509829, 0.000497765780892, 0.000505147676449, 0.00025888447999, 0.000111436900625, 0.000101409961644, 6.32968294667e-05, 5.23469825566e-05, 4.26938677265e-05, 3.46368615283e-05, 3.12239790219e-05, 2.61436889559e-05, 1.8304806872e-05, 1.1955278751e-05, 1.27632238218e-05, 2.29886863963e-05, 1.4081979316e-05, 1.60519757628e-05, 1.34040383273e-05, 8.43889938551e-06, 5.46171395399e-06, 2.08214964914e-06, 3.30789885084e-06, 2.91731907964e-06, 2.21487789531e-06, 2.06773552236e-06, 1.96693122234e-06, 1.67084476743e-06, 1.26074769469e-06, 1.14064880563e-06, 7.46390242057e-07, 5.25905306858e-07, 2.6369070838e-07, 1.72509217577e-07],
        "median": [0.000657125958242, 0.00132218084764, 0.000649022869766, 0.000537895481102, 0.000954564777203, 0.000449838204077, 0.000226182033657, 0.000199516201974, 0.000147022248711, 0.000125647042296, 5.8890778746e-05, 5.66841044929e-05, 3.40032784152e-05, 2.55649083556e-05, 1.64082757692e-05, 2.07905868592e-05, 1.47491955431e-05, 1.02266039903e-05, 6.68397706249e-06, 5.42315001439e-06, 3.15142210638e-06, 4.71045041195e-06, 2.38076722781e-06, 3.19924606629e-06, 2.85195073957e-06, 3.23655694956e-06, 3.25081782648e-06, 8.23400739591e-07, 1.79386347554e-06, 1.4596893152e-06, 8.49713160278e-07, 6.30612532859e-07, 5.46251726519e-07, 4.77391324694e-07, 3.60697129054e-07, 3.25088535647e-07, 2.13669011373e-07, 1.53577261131e-07, 7.71713715153e-08, 5.72216976025e-08],
        "min": [1.0456152495e-06, 6.47461138215e-06, 4.56550833405e-06, 2.17042379518e-05, 3.98097290599e-05, 7.73197189119e-06, 6.16536635789e-06, 1.0915069879e-06, 5.56999884793e-06, 3.86794090446e-06, 2.19398020818e-06, 2.56070620708e-06, 3.80320216209e-06, 7.86779992268e-07, 8.95905145626e-07, 1.07785740511e-06, 1.19392120723e-06, 1.06452830551e-06, 2.54087552776e-07, 4.31288299296e-07, 2.72935977819e-07, 3.12121926527e-07, 1.09101101486e-07, 1.16183862531e-07, 1.52963636424e-07, 2.06332927633e-07, 3.08127397375e-07, 4.15631866701e-08, 1.97543116087e-07, 1.1655387766e-07, 5.46610010588e-08, 3.154086059e-08, 2.40392719064e-08, 2.30959518177e-08, 1.88823499059e-08, 1.40761189371e-08, 5.78393022366e-09, 1.37166145109e-09, 1.83948364353e-12, 9.21603627289e-14],
