{
"highlevel": {
    "danceability": {
        "all": {
            "danceable": 0.0211413763463,
            "not_danceable": 0.978858649731
        },
        "probability": 0.978858649731,
        "value": "not_danceable"
    },
    "gender": {
        "all": {
            "female": 0.595805764198,
            "male": 0.404194205999
        },
        "probability": 0.595805764198,
        "value": "female"
    },
    "genre_dortmund": {
        "all": {
            "alternative": 0.181453004479,
            "blues": 0.0407177992165,
            "electronic": 0.0303707476705,
            "folkcountry": 0.401987165213,
            "funksoulrnb": 0.0191340558231,
            "jazz": 0.0477890633047,
            "pop": 0.0736019685864,
            "raphiphop": 0.0021718533244,
            "rock": 0.202774330974
        },
        "probability": 0.401987165213,
        "value": "folkcountry"
    },
    "genre_electronic": {
        "all": {
            "ambient": 0.806326448917,
            "dnb": 0.0599718019366,
            "house": 0.0372077822685,
            "techno": 0.00569996191189,
            "trance": 0.0907940343022
        },
        "probability": 0.806326448917,
        "value": "ambient"
    },
    "genre_rosamerica": {
        "all": {
            "cla": 0.0725278481841,
            "dan": 0.0204072482884,
            "hip": 0.00902706570923,
            "jaz": 0.0305331517011,
            "pop": 0.212770596147,
            "rhy": 0.113546460867,
            "roc": 0.532692313194,
            "spe": 0.008495349437
        },
        "probability": 0.532692313194,
        "value": "roc"
    },
    "genre_tzanetakis": {
        "all": {
            "blu": 0.0626541376114,
            "cla": 0.0348133966327,
            "cou": 0.0783501937985,
            "dis": 0.104547761381,
            "hip": 0.15693578124,
            "jaz": 0.313987255096,
            "met": 0.044816005975,
            "pop": 0.0627349764109,
            "reg": 0.0627352520823,
            "roc": 0.0784252434969
        },
        "probability": 0.313987255096,
        "value": "jaz"
    },
    "ismir04_rhythm": {
        "all": {
            "ChaChaCha": 0.318124502897,
            "Jive": 0.0444672033191,
            "Quickstep": 0.339407265186,
            "Rumba-American": 0.0263564139605,
            "Rumba-International": 0.0242493543774,
            "Rumba-Misc": 0.0168292447925,
            "Samba": 0.0765324160457,
            "Tango": 0.0778795480728,
            "VienneseWaltz": 0.0631019026041,
            "Waltz": 0.0130521338433
        },
        "probability": 0.339407265186,
        "value": "Quickstep"
    },
    "mood_acoustic": {
        "all": {
            "acoustic": 0.58712464571,
            "not_acoustic": 0.412875384092
        },
        "probability": 0.58712464571,
        "value": "acoustic"
    },
    "mood_aggressive": {
        "all": {
            "aggressive": 0.0296920221299,
            "not_aggressive": 0.97030800581
        },
        "probability": 0.97030800581,
        "value": "not_aggressive"
    },
    "mood_electronic": {
        "all": {
            "electronic": 0.333047300577,
            "not_electronic": 0.666952669621
        },
        "probability": 0.666952669621,
        "value": "not_electronic"
    },
    "mood_happy": {
        "all": {
            "happy": 0.542208969593,
            "not_happy": 0.457791060209
        },
        "probability": 0.542208969593,
        "value": "happy"
    },
    "mood_party": {
        "all": {
            "not_party": 0.915015995502,
            "party": 0.0849839821458
        },
        "probability": 0.915015995502,
        "value": "not_party"
    },
    "mood_relaxed": {
        "all": {
            "not_relaxed": 0.290378034115,
            "relaxed": 0.709621965885
        },
        "probability": 0.709621965885,
        "value": "relaxed"
    },
    "mood_sad": {
        "all": {
            "not_sad": 0.579629063606,
            "sad": 0.420370906591
        },
        "probability": 0.579629063606,
        "value": "not_sad"
    },
    "moods_mirex": {
        "all": {
            "Cluster1": 0.265391230583,
            "Cluster2": 0.159160137177,
            "Cluster3": 0.171329408884,
            "Cluster4": 0.121395602822,
            "Cluster5": 0.282723635435
        },
        "probability": 0.282723635435,
        "value": "Cluster5"
    },
    "timbre": {
        "all": {
            "bright": 0.956242918968,
            "dark": 0.0437570624053
        },
        "probability": 0.956242918968,
        "value": "bright"
    },
    "tonal_atonal": {
        "all": {
            "atonal": 0.000486975273816,
            "tonal": 0.999513030052
        },
        "probability": 0.999513030052,
        "value": "tonal"
    },
    "voice_instrumental": {
        "all": {
            "instrumental": 0.00775518268347,
            "voice": 0.992244839668
        },
        "probability": 0.992244839668,
        "value": "voice"
    }
},
"lowlevel": {
    "average_loudness": 0.97776478529,
    "barkbands_crest": {
        "dmean": 2.74809646606,
        "dmean2": 4.63498258591,
        "dvar": 9.55318832397,
        "dvar2": 24.9969463348,
        "max": 23.2009010315,
        "mean": 8.31858158112,
        "median": 7.28280353546,
        "min": 2.94144272804,
        "var": 13.2820549011
    },
    "barkbands_flatness_db": {
        "dmean": 0.018571626395,
        "dmean2": 0.0293175205588,
        "dvar": 0.000273314421065,
        "dvar2": 0.000724658486433,
        "max": 0.258791953325,
        "mean": 0.138969138265,
        "median": 0.137556225061,
        "min": 0.0669444948435,
        "var": 0.000774460611865
    },
    "barkbands_kurtosis": {
        "dmean": 2.87202715874,
        "dmean2": 4.82949542999,
        "dvar": 21.4568023682,
        "dvar2": 56.4958724976,
        "max": 39.6467933655,
        "mean": 3.49082732201,
        "median": 1.91411304474,
        "min": -1.72043168545,
        "var": 22.7854213715
    },
    "barkbands_skewness": {
        "dmean": 0.561138451099,
        "dmean2": 0.899706244469,
        "dvar": 0.473577529192,
        "dvar2": 1.15977263451,
        "max": 5.82037162781,
        "mean": 1.46565830708,
        "median": 1.30878257751,
        "min": -0.631428837776,
        "var": 0.802557349205
    },
    "barkbands_spread": {
        "dmean": 4.13218212128,
        "dmean2": 6.33879947662,
        "dvar": 20.7510757446,
        "dvar2": 40.5545654297,
        "max": 74.1688613892,
        "mean": 17.4061126709,
        "median": 15.9200248718,
        "min": 3.74277162552,
        "var": 66.1350708008
    },
    "dissonance": {
        "dmean": 0.0205414500087,
        "dmean2": 0.0343496873975,
        "dvar": 0.000319224956911,
        "dvar2": 0.000849235977512,
        "max": 0.5,
        "mean": 0.452043920755,
        "median": 0.456467956305,
        "min": 0.351224929094,
        "var": 0.000658763339743
    },
    "dynamic_complexity": 1.10367357731,
    "erbbands_crest": {
        "dmean": 2.57748532295,
        "dmean2": 4.25745439529,
        "dvar": 5.22679281235,
        "dvar2": 14.1159820557,
        "max": 28.9177494049,
        "mean": 9.10054779053,
        "median": 8.28554153442,
        "min": 3.12060189247,
        "var": 12.8840703964
    },
    "erbbands_flatness_db": {
        "dmean": 0.017904728651,
        "dmean2": 0.0259050093591,
        "dvar": 0.000285951100523,
        "dvar2": 0.000576186866965,
        "max": 0.25306224823,
        "mean": 0.161686748266,
        "median": 0.163485094905,
        "min": 0.071092531085,
        "var": 0.000986521248706
    },
    "erbbands_kurtosis": {
        "dmean": 0.771106421947,
        "dmean2": 1.23219192028,
        "dvar": 0.775821864605,
        "dvar2": 1.68003451824,
        "max": 14.6204738617,
        "mean": 0.466974467039,
        "median": 0.134901046753,
        "min": -1.75719451904,
        "var": 2.17375135422
    },
    "erbbands_skewness": {
        "dmean": 0.29372292757,
        "dmean2": 0.451927781105,
        "dvar": 0.0637379661202,
        "dvar2": 0.147468030453,
        "max": 2.72902584076,
        "mean": 0.627058744431,
        "median": 0.6205483675,
        "min": -1.02511620522,
        "var": 0.242506548762
    },
    "erbbands_spread": {
        "dmean": 7.62673377991,
        "dmean2": 11.3720541,
        "dvar": 66.7816925049,
        "dvar2": 126.851203918,
        "max": 114.105621338,
        "mean": 35.3047866821,
        "median": 30.6549606323,
        "min": 5.54525375366,
        "var": 294.321655273
    },
    "hfc": {
        "dmean": 4.31785774231,
        "dmean2": 6.48496055603,
        "dvar": 20.0212020874,
        "dvar2": 44.0866928101,
        "max": 51.2809638977,
        "mean": 19.4618225098,
        "median": 18.1133766174,
        "min": 2.96110868454,
        "var": 60.8398399353
    },
    "melbands_crest": {
        "dmean": 3.46984410286,
        "dmean2": 5.84473609924,
        "dvar": 16.2340602875,
        "dvar2": 41.6567878723,
        "max": 29.6118030548,
        "mean": 10.9250955582,
        "median": 9.68839645386,
        "min": 4.44248104095,
        "var": 20.259721756
    },
    "melbands_flatness_db": {
        "dmean": 0.0220542699099,
        "dmean2": 0.0339678041637,
        "dvar": 0.000479757232824,
        "dvar2": 0.00114506331738,
        "max": 0.31202173233,
        "mean": 0.192266494036,
        "median": 0.188339844346,
        "min": 0.0849996954203,
        "var": 0.00122798618395
    },
    "melbands_kurtosis": {
        "dmean": 6.51832866669,
        "dmean2": 11.1194667816,
        "dvar": 128.463043213,
        "dvar2": 335.58706665,
        "max": 104.913505554,
        "mean": 9.7872428894,
        "median": 5.53623485565,
        "min": -1.12564015388,
        "var": 144.14541626
    },
    "melbands_skewness": {
        "dmean": 0.744513452053,
        "dmean2": 1.20931112766,
        "dvar": 0.908516824245,
        "dvar2": 2.19823169708,
        "max": 8.30910778046,
        "mean": 2.20287847519,
        "median": 1.90331470966,
        "min": -0.18707177043,
        "var": 1.61235618591
    },
    "melbands_spread": {
        "dmean": 4.73193883896,
        "dmean2": 7.29588651657,
        "dvar": 23.5256500244,
        "dvar2": 52.7180290222,
        "max": 88.5131225586,
        "mean": 18.7187213898,
        "median": 18.202293396,
        "min": 3.08486557007,
        "var": 63.6052131653
    },
    "pitch_salience": {
        "dmean": 0.0670005008578,
        "dmean2": 0.114937625825,
        "dvar": 0.00354189658538,
        "dvar2": 0.0100607387722,
        "max": 0.800521850586,
        "mean": 0.587937295437,
        "median": 0.592097401619,
        "min": 0.239795550704,
        "var": 0.00664706435055
    },
    "silence_rate_20dB": {
        "dmean": 0,
        "dmean2": 0,
        "dvar": 0,
        "dvar2": 0,
        "max": 1,
        "mean": 1,
        "median": 1,
        "min": 1,
        "var": 0
    },
    "silence_rate_30dB": {
        "dmean": 0,
        "dmean2": 0,
        "dvar": 0,
        "dvar2": 0,
        "max": 1,
        "mean": 1,
        "median": 1,
        "min": 1,
        "var": 0
    },
    "silence_rate_60dB": {
        "dmean": 0,
        "dmean2": 0,
        "dvar": 0,
        "dvar2": 0,
        "max": 0,
        "mean": 0,
        "median": 0,
        "min": 0,
        "var": 0
    },
    "spectral_centroid": {
        "dmean": 178.021072388,
        "dmean2": 275.345092773,
        "dvar": 32274.1699219,
        "dvar2": 70557.4140625,
        "max": 2415.82666016,
        "mean": 996.103149414,
        "median": 971.540100098,
        "min": 367.578704834,
        "var": 87843.8515625
    },
    "spectral_complexity": {
        "dmean": 2.80263161659,
        "dmean2": 4.42060422897,
        "dvar": 6.31786441803,
        "dvar2": 13.9942960739,
        "max": 36,
        "mean": 19.0757923126,
        "median": 19,
        "min": 5,
        "var": 23.2533283234
    },
    "spectral_decrease": {
        "dmean": 3.21824633609e-09,
        "dmean2": 5.37089883679e-09,
        "dvar": 2.54898700152e-17,
        "dvar2": 6.48612170638e-17,
        "max": -9.65614588289e-10,
        "mean": -8.31068014406e-09,
        "median": -6.92895296694e-09,
        "min": -3.33598144664e-08,
        "var": 2.52392210547e-17
    },
    "spectral_energy": {
        "dmean": 0.0124340262264,
        "dmean2": 0.0207109265029,
        "dvar": 0.000372631067876,
        "dvar2": 0.000947828171775,
        "max": 0.130558729172,
        "mean": 0.0331316627562,
        "median": 0.0278037078679,
        "min": 0.00537874456495,
        "var": 0.000374466791982
    },
    "spectral_energyband_high": {
        "dmean": 0.000223783106776,
        "dmean2": 0.000297028658679,
        "dvar": 9.15831463999e-08,
        "dvar2": 1.51985162233e-07,
        "max": 0.00351351546124,
        "mean": 0.000534115126356,
        "median": 0.000315892946674,
        "min": 1.8945800548e-05,
        "var": 3.12738166031e-07
    },
    "spectral_energyband_low": {
        "dmean": 0.00596264190972,
        "dmean2": 0.00984662864357,
        "dvar": 0.000224045157665,
        "dvar2": 0.000557941326406,
        "max": 0.0989278629422,
        "mean": 0.00851201824844,
        "median": 0.00473497295752,
        "min": 0.000353272887878,
        "var": 0.000196743960259
    },
    "spectral_energyband_middle_high": {
        "dmean": 0.00187463674229,
        "dmean2": 0.00290633994155,
        "dvar": 4.03629383072e-06,
        "dvar2": 9.60183751886e-06,
        "max": 0.0349629297853,
        "mean": 0.00605810852721,
        "median": 0.00511635188013,
        "min": 0.000206004959182,
        "var": 1.76103676495e-05
    },
    "spectral_energyband_middle_low": {
        "dmean": 0.0080295978114,
        "dmean2": 0.0136144990101,
        "dvar": 0.000231071549933,
        "dvar2": 0.000617214303929,
        "max": 0.118996411562,
        "mean": 0.0195153914392,
        "median": 0.0164295937866,
        "min": 0.00168590538669,
        "var": 0.00021015224047
    },
    "spectral_entropy": {
        "dmean": 0.143920749426,
        "dmean2": 0.209535136819,
        "dvar": 0.0158754680306,
        "dvar2": 0.0342927314341,
        "max": 8.43311595917,
        "mean": 7.4767665863,
        "median": 7.47364521027,
        "min": 6.44633722305,
        "var": 0.0647866651416
    },
    "spectral_flux": {
        "dmean": 0.0340609140694,
        "dmean2": 0.0555792115629,
        "dvar": 0.00189920619596,
        "dvar2": 0.00408747373149,
        "max": 0.295867055655,
        "mean": 0.0946153104305,
        "median": 0.0779396295547,
        "min": 0.0277930274606,
        "var": 0.00265824841335
    },
    "spectral_kurtosis": {
        "dmean": 1.46981155872,
        "dmean2": 2.4161093235,
        "dvar": 1.8195925951,
        "dvar2": 4.9335360527,
        "max": 13.5433349609,
        "mean": 4.02052211761,
        "median": 3.67242956161,
        "min": -0.640298843384,
        "var": 4.84617042542
    },
    "spectral_rms": {
        "dmean": 0.000937762553804,
        "dmean2": 0.00151571398601,
        "dvar": 1.54605083935e-06,
        "dvar2": 3.78187951355e-06,
        "max": 0.0112860249355,
        "mean": 0.00550724938512,
        "median": 0.00520822126418,
        "min": 0.00229075434618,
        "var": 1.99369378606e-06
    },
    "spectral_rolloff": {
        "dmean": 310.347869873,
        "dmean2": 517.013916016,
        "dvar": 300258.09375,
        "dvar2": 631915.3125,
        "max": 7708.88671875,
        "mean": 1048.7322998,
        "median": 882.861328125,
        "min": 129.19921875,
        "var": 610542.75
    },
    "spectral_skewness": {
        "dmean": 0.209489092231,
        "dmean2": 0.325040221214,
        "dvar": 0.0309211295098,
        "dvar2": 0.0756249055266,
        "max": 2.74535679817,
        "mean": 1.54702115059,
        "median": 1.5281509161,
        "min": 0.471635192633,
        "var": 0.128420889378
    },
    "spectral_spread": {
        "dmean": 494863.5,
        "dmean2": 680275,
        "dvar": 297524690944,
        "dvar2": 502007365632,
        "max": 11102290,
        "mean": 4282667,
        "median": 3987547.25,
        "min": 2562431.25,
        "var": 1.4391640064e+12
    },
    "spectral_strongpeak": {
        "dmean": 0.607989728451,
        "dmean2": 1.04528141022,
        "dvar": 0.578350663185,
        "dvar2": 1.45922422409,
        "max": 6.56827449799,
        "mean": 1.12621867657,
        "median": 0.877026319504,
        "min": 0,
        "var": 0.963370382786
    },
    "zerocrossingrate": {
        "dmean": 0.00740736257285,
        "dmean2": 0.00897287670523,
        "dvar": 6.75888149999e-05,
        "dvar2": 7.238190301e-05,
        "max": 0.21923828125,
        "mean": 0.0491253249347,
        "median": 0.0458984375,
        "min": 0.01025390625,
        "var": 0.000367697124602
    },
    "barkbands": {
        "dmean": [0.000583177723456, 0.00396631890908, 0.00175392115489, 0.00134289567359, 0.00599576393142, 0.00142525648698, 0.000808967452031, 0.00110465753824, 0.000859232794028, 0.00139551237226, 0.000598200655077, 0.000197254950763, 0.000249401578913, 0.000359767174814, 0.000331650051521, 0.000148269740748, 0.000108356864075, 0.000117973475426, 8.49216303322e-05, 6.80691155139e-05, 5.97587713855e-05, 5.85370326007e-05, 6.73538233968e-05, 3.12908086926e-05, 2.08145393117e-05, 1.12287898446e-05, 4.37498712813e-08],
        "dmean2": [0.00102803437039, 0.00659526139498, 0.00298670469783, 0.0023375893943, 0.01047781948, 0.00235945358872, 0.00124461972155, 0.00171323283575, 0.0013598036021, 0.00229866546579, 0.000934545241762, 0.000310806935886, 0.00038638128899, 0.00058749364689, 0.000539730244782, 0.000234807564993, 0.000171697131009, 0.000183268231922, 0.000130320506287, 0.000108362153696, 9.15109048947e-05, 8.69562791195e-05, 9.25002677832e-05, 4.57549031125e-05, 3.10870964313e-05, 1.71015108208e-05, 7.65759793353e-08],
        "dvar": [3.23841413774e-06, 0.000111532986921, 1.31420920297e-05, 4.06513436246e-06, 0.000212538579945, 2.91317314804e-06, 8.26098982998e-07, 2.9722450563e-06, 1.91359390556e-06, 3.14297608384e-06, 1.70158796209e-06, 1.39495966778e-07, 2.07828676935e-07, 3.24870029544e-07, 4.30867345358e-07, 8.84439685933e-08, 1.80757169232e-08, 4.96487082557e-08, 1.25508874405e-08, 6.9639423117e-09, 6.99122670866e-09, 8.7217619793e-09, 1.38205518141e-08, 3.78206754803e-09, 1.55830059967e-09, 4.17828299737e-10, 1.89043659199e-14],
        "dvar2": [8.89651619218e-06, 0.000283197703538, 3.52513197868e-05, 1.13457417683e-05, 0.000569846422877, 8.33365356812e-06, 1.88497847375e-06, 7.32159696781e-06, 4.97263044963e-06, 8.03249804449e-06, 3.83826909456e-06, 2.92078453867e-07, 4.60474126385e-07, 7.78597552653e-07, 1.06159325242e-06, 2.13802934468e-07, 4.25716422114e-08, 1.12925725659e-07, 2.88325683329e-08, 1.67508247273e-08, 1.48836036828e-08, 1.97734379981e-08, 2.284422429e-08, 7.20104775809e-09, 3.72900998968e-09, 9.23022658306e-10, 5.07179137555e-14],
        "max": [0.0146409533918, 0.0784346684813, 0.0297747235745, 0.018437743187, 0.108824238181, 0.0244000833482, 0.011566891335, 0.0294631551951, 0.0230840928853, 0.0221372079104, 0.0301188081503, 0.00614497391507, 0.00747427344322, 0.00905480328947, 0.00880657788366, 0.00613543018699, 0.00211644452065, 0.00390927912667, 0.00181732408237, 0.00131779036019, 0.00124851090368, 0.00127308140509, 0.00222098804079, 0.000991946668364, 0.000679479271639, 0.000341058766935, 1.43242800732e-06],
        "mean": [0.000472185609397, 0.00453960895538, 0.00249499944039, 0.00243206368759, 0.00679576816037, 0.00335934944451, 0.00176988274325, 0.00251292739995, 0.0017203646712, 0.00228265090846, 0.00112170679495, 0.000333848962327, 0.000499366549775, 0.000617285491899, 0.000623914471362, 0.000286528666038, 0.000231606129091, 0.000241031782934, 0.000190338774701, 0.00014107899915, 0.000121413933812, 0.000110905035399, 0.000128871863126, 5.84727458772e-05, 3.2000378269e-05, 1.3488714103e-05, 3.13418695441e-08],
        "median": [4.41390184278e-05, 0.00203223992139, 0.00152318261098, 0.00190441275481, 0.00338549353182, 0.00232260976918, 0.00133573717903, 0.00137836637441, 0.00106179667637, 0.00140977755655, 0.000436203263234, 0.000174906163011, 0.000238413238549, 0.000437472423073, 0.00030517653795, 0.000193897576537, 0.000165631252457, 0.000120670847537, 0.00015120684111, 0.000111868765089, 8.2599290181e-05, 6.08778354945e-05, 5.83109867875e-05, 2.56219027506e-05, 1.33921994347e-05, 3.0325447824e-06, 1.90462001726e-09],
        "min": [3.46717641264e-08, 4.62740499643e-05, 1.47392456711e-05, 3.62864193448e-05, 0.000163067830727, 5.12962287758e-05, 3.15632132697e-05, 1.25631613628e-05, 1.75927907549e-05, 1.05504586827e-05, 4.36910841017e-06, 6.43707880954e-06, 3.96005543735e-06, 4.04677575716e-06, 8.23128630145e-06, 3.45410580849e-06, 8.31598481454e-06, 5.08123321197e-06, 7.01059434505e-06, 7.31058071324e-06, 1.07572645902e-06, 3.43274996339e-06, 3.41508007295e-06, 1.36622065838e-06, 3.70581602738e-07, 1.22567633126e-11, 5.52761525788e-12],
        "var": [2.36157416111e-06, 9.37745789997e-05, 1.18337602544e-05, 4.41741076429e-06, 0.000154192384798, 1.16416404126e-05, 2.66003507932e-06, 8.48426043376e-06, 3.37852861776e-06, 7.58533587941e-06, 5.52920528207e-06, 2.87978195956e-07, 6.69211374316e-07, 5.86675810155e-07, 1.14704494081e-06, 1.29648611846e-07, 5.38925952753e-08, 1.41663633713e-07, 2.57206504983e-08, 1.27768222669e-08, 1.47583234522e-08, 1.79201826711e-08, 4.53318591553e-08, 1.12838707267e-08, 2.84228840464e-09, 7.20498438689e-10, 1.27754184727e-14]
    },
    "erbbands": {
        "dmean": [0.169782206416, 0.717200875282, 1.6811029911, 3.39838337898, 14.367805481, 22.2328948975, 9.67400169373, 12.1740703583, 11.4966468811, 19.6762065887, 16.5366592407, 21.5803508759, 31.7553520203, 33.5105018616, 21.3370914459, 8.03134632111, 11.5958509445, 13.0777397156, 21.7803153992, 9.88951301575, 6.63074350357, 4.8612780571, 6.28628921509, 4.17371034622, 4.0974946022, 3.4088037014, 2.6794154644, 2.13712239265, 1.82870566845, 2.18264508247, 2.02514910698, 0.955174028873, 0.455919772387, 0.282664448023, 0.13526698947, 0.0663851350546, 0.018447143957, 0.00108828931116, 3.11351614073e-05, 1.49002626131e-05],
        "dmean2": [0.285117328167, 1.22000718117, 2.91217947006, 5.8328909874, 25.3192653656, 38.6721076965, 15.8801469803, 20.5964202881, 17.5977478027, 31.1051902771, 26.5923671722, 34.3896484375, 51.3467636108, 56.0951347351, 32.3924446106, 12.4101657867, 18.0182685852, 21.328119278, 34.0964202881, 15.9086036682, 10.329076767, 7.55011463165, 9.56238079071, 6.42682361603, 6.39945650101, 5.44193458557, 4.15342855453, 3.20937252045, 2.6992790699, 3.22667145729, 2.78837823868, 1.37404811382, 0.674905836582, 0.424887835979, 0.200674965978, 0.100510627031, 0.028912704438, 0.00177091429941, 4.82482573716e-05, 2.44195925916e-05],
        "dvar": [0.24355211854, 3.47168803215, 13.312702179, 25.748500824, 1236.80725098, 2813.82958984, 136.835113525, 275.238525391, 173.873565674, 684.511413574, 1250.71057129, 1467.86218262, 2532.19360352, 2492.59472656, 2522.11621094, 194.920394897, 472.107910156, 305.291259766, 1683.57336426, 385.19140625, 90.9847412109, 33.2598876953, 103.257835388, 60.7028884888, 24.0465583801, 18.8150691986, 14.4747533798, 8.53880596161, 8.06419944763, 14.2473487854, 14.4148626328, 3.7358455658, 0.685499370098, 0.412334471941, 0.0628781020641, 0.0150344157591, 0.0011804678943, 5.31224259248e-06, 3.04601188716e-09, 5.18607268241e-10],
        "dvar2": [0.623994290829, 9.20123577118, 36.3061408997, 66.0751113892, 3343.52514648, 7562.69873047, 344.927734375, 835.118896484, 389.640686035, 1699.75170898, 3028.0715332, 3877.74243164, 6259.62255859, 6406.64697266, 5583.57519531, 410.780792236, 1010.4866333, 781.662658691, 3975.4128418, 975.410339355, 211.311019897, 77.9687347412, 226.308654785, 117.505722046, 51.5047988892, 47.1962852478, 31.8270111084, 17.4022521973, 16.8642425537, 30.6378440857, 25.1281108856, 6.91890907288, 1.45844745636, 1.10763144493, 0.137721508741, 0.0322245880961, 0.00272659724578, 1.31077540573e-05, 7.22893389593e-09, 1.30671506948e-09],
        "max": [3.33163905144, 16.9713592529, 30.8305587769, 43.1980323792, 252.220703125, 406.639221191, 161.619903564, 177.135070801, 174.700469971, 260.93069458, 582.709777832, 669.542236328, 733.697387695, 910.771057129, 1434.8470459, 283.20513916, 411.961700439, 209.787841797, 578.585083008, 331.707580566, 170.396728516, 126.808036804, 216.931167603, 189.588531494, 73.9992218018, 56.0605964661, 55.9782867432, 33.6655845642, 36.9855804443, 58.1912269592, 78.6057891846, 33.0798416138, 13.1334447861, 15.0162296295, 3.15928792953, 1.83158397675, 0.597179532051, 0.0521046109498, 0.00083854427794, 0.000156622540089],
        "mean": [0.154668793082, 0.925298094749, 2.57765412331, 5.99742698669, 15.3825998306, 24.6051025391, 24.2651081085, 27.3358192444, 26.8771324158, 46.6549530029, 36.0047836304, 45.7423820496, 60.4566230774, 55.8651313782, 43.7946853638, 16.6262359619, 24.3149108887, 24.978351593, 43.4982528687, 20.6235218048, 14.4594421387, 11.8680877686, 14.3080911636, 9.72788238525, 9.4131155014, 7.00936460495, 5.58157634735, 4.24791812897, 3.61312270164, 4.07205247879, 3.72529745102, 1.78625953197, 0.782693982124, 0.439010858536, 0.187902092934, 0.0826176777482, 0.0212016236037, 0.00117365689948, 4.82195464429e-05, 4.07912484661e-05],
        "median": [0.0349373668432, 0.527741491795, 1.64924252033, 4.79414653778, 7.71519756317, 11.3940029144, 16.8267478943, 18.9990615845, 18.4204483032, 30.1055679321, 23.051399231, 27.7914657593, 31.8581924438, 32.1154899597, 18.3670101166, 9.30475997925, 12.1319141388, 17.4708843231, 23.2940273285, 12.8787689209, 10.7059555054, 8.93043613434, 7.92276668549, 6.57068586349, 7.7175359726, 5.48285770416, 4.03230428696, 2.86186289787, 2.03875017166, 1.99945151806, 1.63282322884, 0.773726582527, 0.362005233765, 0.201618164778, 0.0640751048923, 0.0199358388782, 0.00531368143857, 0.000290096242679, 2.53628859355e-05, 3.44574436895e-05],
        "min": [0.00198991363868, 0.0145623469725, 0.0669676735997, 0.133055791259, 0.22242204845, 0.319607943296, 0.685898602009, 0.73267185688, 1.03075695038, 0.481546938419, 1.0765542984, 1.0906419754, 0.591633498669, 0.444239974022, 0.44504147768, 0.446178346872, 0.180530011654, 0.206709563732, 0.460476487875, 0.246770083904, 0.339822769165, 0.370497912169, 0.440095245838, 0.246842771769, 0.597198367119, 0.337997108698, 0.18360093236, 0.0826713219285, 0.125642761588, 0.0997153148055, 0.0853320807219, 0.0390447862446, 0.0156204309314, 0.00463302899152, 0.000413570000092, 8.71830488904e-05, 1.54903391376e-05, 2.03943181987e-06, 5.7408401517e-06, 1.04872424345e-05],
        "var": [0.196383938193, 2.72666358948, 10.9131717682, 26.2126960754, 876.81652832, 2066.26977539, 593.628356934, 722.087585449, 674.023132324, 2085.63769531, 1982.65039062, 2473.94628906, 7694.88769531, 4623.99609375, 8635.14160156, 504.118713379, 1503.15734863, 649.338317871, 4235.37255859, 710.063110352, 190.837097168, 130.670211792, 402.918060303, 203.255493164, 54.14220047, 31.4673805237, 29.446062088, 18.6251831055, 17.9551410675, 33.2211265564, 42.5509567261, 11.3096876144, 1.69329154491, 0.605535984039, 0.126721546054, 0.0277784690261, 0.00184956775047, 7.18806813893e-06, 4.10624778624e-09, 5.35736344176e-10]
    },
    "gfcc": {
        "mean": [23.8424530029, 116.950332642, -123.106231689, 34.3914108276, -71.4018478394, 14.6035804749, -39.3713417053, 6.52054166794, -20.2572803497, -2.52815461159, -15.7988405228, -5.18040895462, -7.25060939789],
        "cov": [[749.329467773, -363.152740479, 135.148269653, -23.6436901093, -4.64855670929, 48.9220581055, -36.7357139587, 45.4724960327, -80.7949981689, 74.1577911377, -114.948120117, 74.1526184082, -104.238388062], [-363.152740479, 520.221191406, -290.313201904, -51.3005981445, 94.6545944214, -47.9012374878, 84.9580841064, -74.2621459961, 73.3442306519, -83.888053894, 120.051071167, -103.215667725, 119.713523865], [135.148269653, -290.313201904, 461.698242188, 77.0274353027, -58.8401031494, 19.7229957581, -48.3498191833, 54.5097541809, -52.6385154724, 81.4436035156, -79.2238388062, 98.7067565918, -76.0226211548], [-23.6436901093, -51.3005981445, 77.0274353027, 198.542938232, -39.1748466492, -8.92033863068, -5.77309703827, -19.4414157867, 25.0547351837, -5.16891002655, 10.9645700455, -0.305609613657, 38.3513793945], [-4.64855670929, 94.6545944214, -58.8401031494, -39.1748466492, 187.925369263, 15.2990961075, 34.0980758667, 39.440246582, 13.9402856827, 17.9345092773, -0.463911503553, 13.5060148239, -9.86896514893], [48.9220581055, -47.9012374878, 19.7229957581, -8.92033863068, 15.2990961075, 106.173942566, 36.9121208191, 14.3922967911, 0.786246836185, 7.16103363037, 10.8697767258, 2.99150681496, -13.8927659988], [-36.7357139587, 84.9580841064, -48.3498191833, -5.77309703827, 34.0980758667, 36.9121208191, 108.946739197, 8.1310005188, 6.57749462128, 2.66789698601, 32.5227584839, -6.96281147003, 9.95289421082], [45.4724960327, -74.2621459961, 54.5097541809, -19.4414157867, 39.440246582, 14.3922967911, 8.1310005188, 107.05644989, 12.6630983353, 29.5461139679, -15.446144104, 24.7748279572, -38.0693511963], [-80.7949981689, 73.3442306519, -52.6385154724, 25.0547351837, 13.9402856827, 0.786246836185, 6.57749462128, 12.6630983353, 81.135307312, 2.03098535538, 20.8480949402, -26.0630950928, 26.1836509705], [74.1577911377, -83.888053894, 81.4436035156, -5.16891002655, 17.9345092773, 7.16103363037, 2.66789698601, 29.5461139679, 2.03098535538, 87.6096572876, -21.3580760956, 32.5071411133, -36.9694976807], [-114.948120117, 120.051071167, -79.2238388062, 10.9645700455, -0.463911503553, 10.8697767258, 32.5227584839, -15.446144104, 20.8480949402, -21.3580760956, 97.5296020508, -21.3917369843, 25.7152614594], [74.1526184082, -103.215667725, 98.7067565918, -0.305609613657, 13.5060148239, 2.99150681496, -6.96281147003, 24.7748279572, -26.0630950928, 32.5071411133, -21.3917369843, 89.1762390137, -17.8570137024], [-104.238388062, 119.713523865, -76.0226211548, 38.3513793945, -9.86896514893, -13.8927659988, 9.95289421082, -38.0693511963, 26.1836509705, -36.9694976807, 25.7152614594, -17.8570137024, 107.041213989]],
        "icov": [[0.00237192912027, 0.00171336100902, 0.000618165242486, 0.000162195487064, -0.000580788648222, -0.000320024118992, -0.000352177448804, 0.000441854441306, 0.000945544918068, -0.000648802320939, 0.00101352331694, 6.79362347e-05, 0.000181823415915], [0.00171336100902, 0.01585595496, -0.0021645934321, 0.00762853818014, -0.00906722899526, 0.0100174667314, -0.00885383412242, 0.00819451920688, -0.00736612314358, 0.0054802861996, -0.00999454874545, 0.009167089127, -0.00850836001337], [0.000618165242486, -0.0021645934321, 0.00567958224565, -0.00383668043651, 0.00305541371927, -0.00326971663162, 0.00266352016479, -0.00293111708015, 0.00375935062766, -0.00363449729048, 0.00403474690393, -0.00464170612395, 0.00307992240414], [0.000162195487064, 0.00762853818014, -0.00383668043651, 0.0110415099189, -0.00405922392383, 0.00600235769525, -0.00498329475522, 0.00550048751757, -0.00706610828638, 0.00386641710065, -0.00645297206938, 0.00509809656069, -0.00676565524191], [-0.000580788648222, -0.00906722899526, 0.00305541371927, -0.00405922392383, 0.0122491875663, -0.00638983398676, 0.00367182120681, -0.00687610404566, 0.00379713601433, -0.00443344330415, 0.00707000307739, -0.00736318295822, 0.00532571133226], [-0.000320024118992, 0.0100174667314, -0.00326971663162, 0.00600235769525, -0.00638983398676, 0.0186743065715, -0.0100416438654, 0.00533321266994, -0.00665034353733, 0.00508148269728, -0.00869671162218, 0.00674745161086, -0.00472608953714], [-0.000352177448804, -0.00885383412242, 0.00266352016479, -0.00498329475522, 0.00367182120681, -0.0100416438654, 0.0178847499192, -0.00617382815108, 0.00674667628482, -0.00567739177495, 0.00281521189027, -0.00464000971988, 0.00335119455121], [0.000441854441306, 0.00819451920688, -0.00293111708015, 0.00550048751757, -0.00687610404566, 0.00533321266994, -0.00617382815108, 0.0184300728142, -0.00980167929083, 0.00349480169825, -0.00472953310236, 0.00227135699242, -0.000480114220409], [0.000945544918068, -0.00736612314358, 0.00375935062766, -0.00706610828638, 0.00379713601433, -0.00665034353733, 0.00674667628482, -0.00980167929083, 0.0243782997131, -0.00877927150577, 0.00403088750318, 0.000669008877594, -0.000117898518511], [-0.000648802320939, 0.0054802861996, -0.00363449729048, 0.00386641710065, -0.00443344330415, 0.00508148269728, -0.00567739177495, 0.00349480169825, -0.00877927150577, 0.0204326696694, -0.00310673634522, -0.000521986978129, 0.00115788145922], [0.00101352331694, -0.00999454874545, 0.00403474690393, -0.00645297206938, 0.00707000307739, -0.00869671162218, 0.00281521189027, -0.00472953310236, 0.00403088750318, -0.00310673634522, 0.0222788527608, -0.00722678890452, 0.0063047898002], [6.79362347e-05, 0.009167089127, -0.00464170612395, 0.00509809656069, -0.00736318295822, 0.00674745161086, -0.00464000971988, 0.00227135699242, 0.000669008877594, -0.000521986978129, -0.00722678890452, 0.0237651877105, -0.00851646624506], [0.000181823415915, -0.00850836001337, 0.00307992240414, -0.00676565524191, 0.00532571133226, -0.00472608953714, 0.00335119455121, -0.000480114220409, -0.000117898518511, 0.00115788145922, 0.0063047898002, -0.00851646624506, 0.0205349791795]]
    },
    "melbands": {
        "dmean": [0.00128729548305, 0.000867825641762, 0.0007562264218, 0.00156275054906, 0.00038517214125, 0.000266160495812, 0.000172059939359, 0.000230526100495, 0.00013633313938, 0.000130864820676, 0.000165503792232, 0.000147449653014, 7.98506443971e-05, 2.76734263025e-05, 2.60647320829e-05, 2.20464644372e-05, 2.82662422251e-05, 4.0081795305e-05, 1.87039695447e-05, 1.2715649973e-05, 7.950098734e-06, 5.38253607374e-06, 7.36558968129e-06, 5.43032683709e-06, 3.62924333785e-06, 3.49471042682e-06, 2.63828314928e-06, 2.34601679949e-06, 1.74000069819e-06, 1.66328061368e-06, 1.27432861063e-06, 1.10072267034e-06, 1.23227255244e-06, 1.25266535633e-06, 1.22712629036e-06, 1.04917000954e-06, 4.87957947826e-07, 3.76109142053e-07, 2.38583737655e-07, 2.64184365051e-07],
        "dmean2": [0.00213485187851, 0.00148694601376, 0.00130565254949, 0.00274125952274, 0.000641398772132, 0.000447535392595, 0.000260264845565, 0.000363734201528, 0.000218241897528, 0.000207748365938, 0.000267566676484, 0.000248484895565, 0.000122990473756, 4.23260571552e-05, 4.02448531531e-05, 3.39687649102e-05, 4.64918120997e-05, 6.28677880741e-05, 3.04607492581e-05, 2.01056536753e-05, 1.26527638713e-05, 8.42974804982e-06, 1.15974025903e-05, 8.3707172962e-06, 5.69061103306e-06, 5.46610499441e-06, 4.17948331233e-06, 3.82384905606e-06, 2.76185528492e-06, 2.63776087195e-06, 1.92341190086e-06, 1.68232816122e-06, 1.88791057099e-06, 1.8614880446e-06, 1.71814338046e-06, 1.50915582253e-06, 7.32217813493e-07, 5.74689124733e-07, 3.62943666232e-07, 4.07732130725e-07],
        "dvar": [1.26468330564e-05, 4.19005255026e-06, 1.45894921388e-06, 1.60884465004e-05, 2.2839481062e-07, 1.17374533204e-07, 3.88635577053e-08, 1.01507673378e-07, 7.7991231251e-08, 5.32997219693e-08, 6.46016360406e-08, 5.00474257592e-08, 3.02606970592e-08, 3.23781446099e-09, 1.64494051713e-09, 2.13298401164e-09, 1.47587808641e-09, 5.28009724832e-09, 1.62845470442e-09, 7.00755120597e-10, 1.32049940427e-10, 4.93434217097e-11, 1.13427052473e-10, 1.09000766746e-10, 4.83274219254e-11, 1.6078128412e-11, 1.0805027012e-11, 8.66584928816e-12, 5.89644869389e-12, 6.40859023834e-12, 3.25017161622e-12, 2.90264296973e-12, 4.79613310872e-12, 4.44916369371e-12, 5.6966983214e-12, 4.05302224074e-12, 1.02335620446e-12, 5.07637009685e-13, 1.78268600511e-13, 4.55671904289e-13],
        "dvar2": [3.21400948451e-05, 1.12598227133e-05, 3.93775326302e-06, 4.31347907579e-05, 5.89233195569e-07, 3.49937295141e-07, 8.70116281249e-08, 2.49326689072e-07, 1.8444337968e-07, 1.40926303516e-07, 1.5980418766e-07, 1.29736079657e-07, 6.62204797663e-08, 7.04254565775e-09, 3.42378680962e-09, 4.4657220144e-09, 3.82742415539e-09, 1.25438273102e-08, 4.35135660837e-09, 1.68905878173e-09, 3.20702076007e-10, 1.20434676121e-10, 2.4261190279e-10, 2.35155728223e-10, 9.49363435088e-11, 3.569280288e-11, 2.51112134558e-11, 2.19304210208e-11, 1.29180841371e-11, 1.45116921951e-11, 7.08526423296e-12, 6.66239979852e-12, 1.10024975242e-11, 9.36075175706e-12, 1.03925540049e-11, 7.87375633443e-12, 2.0726486933e-12, 1.18865822133e-12, 3.85932171637e-13, 1.26891834713e-12],
        "max": [0.0248640272766, 0.0166304092854, 0.00997486151755, 0.0296811442822, 0.00500900577754, 0.00363981397822, 0.0026630780194, 0.00352600635961, 0.00402200641111, 0.00398859241977, 0.00368522875942, 0.00373644405045, 0.00436145160347, 0.00117679208051, 0.000801328395028, 0.000685493170749, 0.000399107346311, 0.00105858873576, 0.000643868930638, 0.000512776197866, 0.00017721207405, 0.000157747228513, 0.000206488475669, 0.000259949651081, 0.000169462495251, 5.56917620997e-05, 4.65923658339e-05, 3.89119013562e-05, 4.15675458498e-05, 5.10891841259e-05, 2.28807712119e-05, 2.22006074182e-05, 4.04391539632e-05, 3.31277005898e-05, 5.04346353409e-05, 3.88124208257e-05, 1.73229291249e-05, 1.11850267785e-05, 4.43225462732e-06, 1.68992919498e-05],
        "mean": [0.00131744751707, 0.00133541738614, 0.00126225838903, 0.00158055103384, 0.000908755813725, 0.00061689002905, 0.000391014124034, 0.000551597913727, 0.000288308598101, 0.000272246397799, 0.000302258966258, 0.000231160302064, 0.000156879788847, 5.16524596605e-05, 4.84833763039e-05, 4.47155471193e-05, 4.82435752929e-05, 7.58264577598e-05, 3.52795796061e-05, 2.32356524066e-05, 1.58581678988e-05, 1.18821299111e-05, 1.44727928273e-05, 1.09779703052e-05, 7.40095038054e-06, 7.34478862796e-06, 5.469608368e-06, 4.3921145334e-06, 3.48049866261e-06, 3.00421424981e-06, 2.32186380345e-06, 1.96947326003e-06, 2.20119227379e-06, 2.22561220653e-06, 2.18333025259e-06, 1.76557853138e-06, 8.55035523273e-07, 5.72439546431e-07, 3.99798608441e-07, 3.66347848058e-07],
        "median": [0.00043963920325, 0.000894967699423, 0.0009820968844, 0.000687773630489, 0.000675493618473, 0.000421022239607, 0.000265909184236, 0.000327257235767, 0.00020256859716, 0.00015220278874, 0.000157975649927, 0.000112335132144, 6.09411908954e-05, 2.55070099229e-05, 3.00580231851e-05, 1.85606677405e-05, 3.31540213665e-05, 4.18871750298e-05, 1.86041797861e-05, 1.40972060763e-05, 1.15380198622e-05, 8.43528778205e-06, 8.70506664796e-06, 5.60079615752e-06, 4.66781284558e-06, 5.748384865e-06, 4.41757083536e-06, 3.32190393237e-06, 2.58744876191e-06, 1.83919109986e-06, 1.49289553519e-06, 1.12654595341e-06, 1.11976794415e-06, 1.07150628992e-06, 9.26680570501e-07, 7.07772301212e-07, 3.5454328895e-07, 2.54020250168e-07, 1.85863015645e-07, 1.55192225293e-07],
        "min": [1.8873182853e-05, 2.94219462376e-05, 4.76401401102e-05, 5.21625188412e-05, 2.13442035601e-05, 7.51672632759e-06, 9.41599409998e-06, 3.40746714755e-06, 7.23450011719e-06, 2.27934401664e-06, 1.73908824763e-06, 1.66924132827e-06, 1.32014929477e-06, 7.11341726856e-07, 5.59149555102e-07, 3.7923535956e-07, 3.13646268069e-07, 6.7416794991e-07, 5.18622925938e-07, 2.95082116963e-07, 4.21586832999e-07, 3.1277306789e-07, 3.9132842744e-07, 2.33435102359e-07, 1.13970806126e-07, 3.20517045793e-07, 2.84602549527e-07, 1.60382299441e-07, 1.12508310224e-07, 1.76316046208e-08, 4.53184618721e-08, 3.52878366527e-08, 4.16702867767e-08, 5.83356971617e-08, 5.20307565921e-08, 2.65460666782e-08, 1.47757130975e-08, 1.39683675737e-09, 1.5038386092e-09, 3.42846410983e-11],
