{
"highlevel": {
    "danceability": {
        "all": {
            "danceable": 0.999794781208,
            "not_danceable": 0.000205207776162
        },
        "probability": 0.999794781208,
        "value": "danceable"
    },
    "gender": {
        "all": {
            "female": 0.237018436193,
            "male": 0.762981534004
        },
        "probability": 0.762981534004,
        "value": "male"
    },
    "genre_dortmund": {
        "all": {
            "alternative": 0.0235613640398,
            "blues": 0.0248395372182,
            "electronic": 0.266359508038,
            "folkcountry": 0.0281050093472,
            "funksoulrnb": 0.0146236233413,
            "jazz": 0.373404383659,
            "pop": 0.0687154009938,
            "raphiphop": 0.166422963142,
            "rock": 0.0339681990445
        },
        "probability": 0.373404383659,
        "value": "jazz"
    },
    "genre_electronic": {
        "all": {
            "ambient": 0.189008921385,
            "dnb": 0.0980068445206,
            "house": 0.514210939407,
            "techno": 0.0274654738605,
            "trance": 0.1713078022
        },
        "probability": 0.514210939407,
        "value": "house"
    },
    "genre_rosamerica": {
        "all": {
            "cla": 0.00570507161319,
            "dan": 0.534994482994,
            "hip": 0.209569752216,
            "jaz": 0.0093603534624,
            "pop": 0.149688005447,
            "rhy": 0.0597035437822,
            "roc": 0.0241461861879,
            "spe": 0.00683261966333
        },
        "probability": 0.534994482994,
        "value": "dan"
    },
    "genre_tzanetakis": {
        "all": {
            "blu": 0.0626613423228,
            "cla": 0.0348169617355,
            "cou": 0.104475811124,
            "dis": 0.0784321576357,
            "hip": 0.15692435205,
            "jaz": 0.313974827528,
            "met": 0.0448166541755,
            "pop": 0.0627359300852,
            "reg": 0.0627360641956,
            "roc": 0.0784258767962
        },
        "probability": 0.313974827528,
        "value": "jaz"
    },
    "ismir04_rhythm": {
        "all": {
            "ChaChaCha": 0.880342066288,
            "Jive": 0.0110440142453,
            "Quickstep": 0.014979400672,
            "Rumba-American": 0.00194756570272,
            "Rumba-International": 0.00370997819118,
            "Rumba-Misc": 0.00140252080746,
            "Samba": 0.0852720588446,
            "Tango": 0.000738086004276,
            "VienneseWaltz": 0.000378223892767,
            "Waltz": 0.00018606413505
        },
        "probability": 0.880342066288,
        "value": "ChaChaCha"
    },
    "mood_acoustic": {
        "all": {
            "acoustic": 0.013007636182,
            "not_acoustic": 0.986992359161
        },
        "probability": 0.986992359161,
        "value": "not_acoustic"
    },
    "mood_aggressive": {
        "all": {
            "aggressive": 0.0794766321778,
            "not_aggressive": 0.92052334547
        },
        "probability": 0.92052334547,
        "value": "not_aggressive"
    },
    "mood_electronic": {
        "all": {
            "electronic": 0.89977478981,
            "not_electronic": 0.100225202739
        },
        "probability": 0.89977478981,
        "value": "electronic"
    },
    "mood_happy": {
        "all": {
            "happy": 0.546802937984,
            "not_happy": 0.453197032213
        },
        "probability": 0.546802937984,
        "value": "happy"
    },
    "mood_party": {
        "all": {
            "not_party": 0.121924117208,
            "party": 0.878075897694
        },
        "probability": 0.878075897694,
        "value": "party"
    },
    "mood_relaxed": {
        "all": {
            "not_relaxed": 0.642469227314,
            "relaxed": 0.357530802488
        },
        "probability": 0.642469227314,
        "value": "not_relaxed"
    },
    "mood_sad": {
        "all": {
            "not_sad": 0.843692719936,
            "sad": 0.156307265162
        },
        "probability": 0.843692719936,
        "value": "not_sad"
    },
    "moods_mirex": {
        "all": {
            "Cluster1": 0.304419130087,
            "Cluster2": 0.214793875813,
            "Cluster3": 0.0285287257284,
            "Cluster4": 0.0748037546873,
            "Cluster5": 0.377454519272
        },
        "probability": 0.377454519272,
        "value": "Cluster5"
    },
    "timbre": {
        "all": {
            "bright": 0.9024990201,
            "dark": 0.0975009724498
        },
        "probability": 0.9024990201,
        "value": "bright"
    },
    "tonal_atonal": {
        "all": {
            "atonal": 0.128373637795,
            "tonal": 0.871626377106
        },
        "probability": 0.871626377106,
        "value": "tonal"
    },
    "voice_instrumental": {
        "all": {
            "instrumental": 0.974590539932,
            "voice": 0.0254094805568
        },
        "probability": 0.974590539932,
        "value": "instrumental"
    }
},
"lowlevel": {
    "average_loudness": 0.978951394558,
    "barkbands_crest": {
        "dmean": 3.40818762779,
        "dmean2": 5.34962081909,
        "dvar": 8.68605232239,
        "dvar2": 22.7444553375,
        "max": 23.7355690002,
        "mean": 11.8285274506,
        "median": 11.1823263168,
        "min": 2.50170254707,
        "var": 25.5140113831
    },
    "barkbands_flatness_db": {
        "dmean": 0.0355782210827,
        "dmean2": 0.0569078251719,
        "dvar": 0.00132088561077,
        "dvar2": 0.00331405410543,
        "max": 0.338186949492,
        "mean": 0.147098764777,
        "median": 0.136728852987,
        "min": 0.047035112977,
        "var": 0.00276479870081
    },
    "barkbands_kurtosis": {
        "dmean": 8.167760849,
        "dmean2": 13.2688064575,
        "dvar": 264.231994629,
        "dvar2": 664.884216309,
        "max": 151.86114502,
        "mean": 7.43891334534,
        "median": 2.16888856888,
        "min": -1.86791837215,
        "var": 268.622833252
    },
    "barkbands_skewness": {
        "dmean": 1.05076038837,
        "dmean2": 1.61666083336,
        "dvar": 1.60415053368,
        "dvar2": 3.86138892174,
        "max": 10.8907032013,
        "mean": 2.04240369797,
        "median": 1.74818730354,
        "min": -1.22995281219,
        "var": 3.06127810478
    },
    "barkbands_spread": {
        "dmean": 12.6021156311,
        "dmean2": 20.2304191589,
        "dvar": 182.180404663,
        "dvar2": 428.479003906,
        "max": 111.619491577,
        "mean": 33.0831336975,
        "median": 31.6837902069,
        "min": 1.42732989788,
        "var": 333.475799561
    },
    "dissonance": {
        "dmean": 0.014492219314,
        "dmean2": 0.0238131508231,
        "dvar": 0.000154095439939,
        "dvar2": 0.000400661578169,
        "max": 0.499971747398,
        "mean": 0.469340205193,
        "median": 0.472150892019,
        "min": 0.370403021574,
        "var": 0.00033932167571
    },
    "dynamic_complexity": 2.57326030731,
    "erbbands_crest": {
        "dmean": 2.64189815521,
        "dmean2": 4.25576972961,
        "dvar": 6.0596613884,
        "dvar2": 15.6303071976,
        "max": 24.0029411316,
        "mean": 8.21719455719,
        "median": 7.48317289352,
        "min": 2.56510210037,
        "var": 13.6144666672
    },
    "erbbands_flatness_db": {
        "dmean": 0.0180129334331,
        "dmean2": 0.0272137783468,
        "dvar": 0.000289650488412,
        "dvar2": 0.000633088755421,
        "max": 0.232731685042,
        "mean": 0.118879824877,
        "median": 0.115663126111,
        "min": 0.0532703027129,
        "var": 0.000967696600128
    },
    "erbbands_kurtosis": {
        "dmean": 0.84338003397,
        "dmean2": 1.35496759415,
        "dvar": 1.11722898483,
        "dvar2": 2.80436754227,
        "max": 13.3111190796,
        "mean": -0.099506765604,
        "median": -0.484915971756,
        "min": -1.79879927635,
        "var": 1.98570561409
    },
    "erbbands_skewness": {
        "dmean": 0.446931123734,
        "dmean2": 0.681616485119,
        "dvar": 0.192523688078,
        "dvar2": 0.45391279459,
        "max": 3.34323978424,
        "mean": -0.102978885174,
        "median": -0.157000973821,
        "min": -3.18847036362,
        "var": 0.595920860767
    },
    "erbbands_spread": {
        "dmean": 12.9437904358,
        "dmean2": 18.8768177032,
        "dvar": 177.50994873,
        "dvar2": 365.071533203,
        "max": 155.530990601,
        "mean": 54.5773506165,
        "median": 51.6156959534,
        "min": 12.9576663971,
        "var": 499.527740479
    },
    "hfc": {
        "dmean": 15.4372234344,
        "dmean2": 23.4428806305,
        "dvar": 787.74810791,
        "dvar2": 1772.86096191,
        "max": 206.196212769,
        "mean": 26.6536941528,
        "median": 18.8142757416,
        "min": 0.324645489454,
        "var": 907.042907715
    },
    "melbands_crest": {
        "dmean": 4.59223651886,
        "dmean2": 7.30668926239,
        "dvar": 19.5427761078,
        "dvar2": 45.3685874939,
        "max": 37.4870681763,
        "mean": 19.619354248,
        "median": 18.6075782776,
        "min": 3.84738063812,
        "var": 74.4835205078
    },
    "melbands_flatness_db": {
        "dmean": 0.0453671775758,
        "dmean2": 0.0705399662256,
        "dvar": 0.00217799609527,
        "dvar2": 0.00525168608874,
        "max": 0.423477232456,
        "mean": 0.19732581079,
        "median": 0.193007335067,
        "min": 0.026425268501,
        "var": 0.00574609963223
    },
    "melbands_kurtosis": {
        "dmean": 24.15650177,
        "dmean2": 39.4475669861,
        "dvar": 2097.01904297,
        "dvar2": 5243.69091797,
        "max": 470.784729004,
        "mean": 29.8218135834,
        "median": 14.9329242706,
        "min": -1.44867932796,
        "var": 2238.36547852
    },
    "melbands_skewness": {
        "dmean": 1.50079846382,
        "dmean2": 2.33904910088,
        "dvar": 3.13954257965,
        "dvar2": 7.3974776268,
        "max": 18.0219554901,
        "mean": 4.00301933289,
        "median": 3.47655820847,
        "min": -0.133035227656,
        "var": 6.38367557526
    },
    "melbands_spread": {
        "dmean": 12.1688451767,
        "dmean2": 19.399471283,
        "dvar": 200.617507935,
        "dvar2": 450.114501953,
        "max": 165.783691406,
        "mean": 28.3138866425,
        "median": 21.4191074371,
        "min": 0.794435143471,
        "var": 549.576599121
    },
    "pitch_salience": {
        "dmean": 0.0983904376626,
        "dmean2": 0.156933650374,
        "dvar": 0.00883884076029,
        "dvar2": 0.0198019165546,
        "max": 0.863228857517,
        "mean": 0.458042144775,
        "median": 0.460122108459,
        "min": 0.0544231273234,
        "var": 0.0263065267354
    },
    "silence_rate_20dB": {
        "dmean": 0,
        "dmean2": 0,
        "dvar": 0,
        "dvar2": 0,
        "max": 1,
        "mean": 1,
        "median": 1,
        "min": 1,
        "var": 0
    },
    "silence_rate_30dB": {
        "dmean": 0.088235296309,
        "dmean2": 0.17660728097,
        "dvar": 0.0804487541318,
        "dvar2": 0.167105257511,
        "max": 1,
        "mean": 0.922660470009,
        "median": 1,
        "min": 0,
        "var": 0.0713582038879
    },
    "silence_rate_60dB": {
        "dmean": 0.022445820272,
        "dmean2": 0.0441518202424,
        "dvar": 0.0219419077039,
        "dvar2": 0.0545960254967,
        "max": 1,
        "mean": 0.0317092016339,
        "median": 0,
        "min": 0,
        "var": 0.0307036358863
    },
    "spectral_centroid": {
        "dmean": 452.584228516,
        "dmean2": 672.589904785,
        "dvar": 226634.78125,
        "dvar2": 492073.59375,
        "max": 4312.91552734,
        "mean": 1999.11779785,
        "median": 2074.41381836,
        "min": 198.235641479,
        "var": 692229.6875
    },
    "spectral_complexity": {
        "dmean": 4.75154781342,
        "dmean2": 7.2958946228,
        "dvar": 41.6434326172,
        "dvar2": 88.8108139038,
        "max": 57,
        "mean": 16.5823669434,
        "median": 16,
        "min": 1,
        "var": 75.4434967041
    },
    "spectral_decrease": {
        "dmean": 6.44827258256e-09,
        "dmean2": 1.04327533279e-08,
        "dvar": 1.33139126809e-16,
        "dvar2": 3.39932162365e-16,
        "max": -4.7505738926e-11,
        "mean": -9.24924492551e-09,
        "median": -6.129909913e-09,
        "min": -6.95008850471e-08,
        "var": 1.27915977549e-16
    },
    "spectral_energy": {
        "dmean": 0.0254928655922,
        "dmean2": 0.0408149510622,
        "dvar": 0.00193877611309,
        "dvar2": 0.00492724915966,
        "max": 0.267400443554,
        "mean": 0.0373263433576,
        "median": 0.0252092313021,
        "min": 0.00021056321566,
        "var": 0.00190790602937
    },
    "spectral_energyband_high": {
        "dmean": 0.0016181434039,
        "dmean2": 0.0025324174203,
        "dvar": 1.01473915493e-05,
        "dvar2": 2.34596082009e-05,
        "max": 0.0219536684453,
        "mean": 0.00223422353156,
        "median": 0.00122362619732,
        "min": 8.55749294715e-06,
        "var": 1.10765022328e-05
    },
    "spectral_energyband_low": {
        "dmean": 0.019891673699,
        "dmean2": 0.0335780195892,
        "dvar": 0.00178485107608,
        "dvar2": 0.00484095653519,
        "max": 0.256079643965,
        "mean": 0.0243250876665,
        "median": 0.0140812397003,
        "min": 6.7076501864e-07,
        "var": 0.00146400032099
    },
    "spectral_energyband_middle_high": {
        "dmean": 0.00126217131037,
        "dmean2": 0.00186948641203,
        "dvar": 2.55261761595e-06,
        "dvar2": 5.82548273087e-06,
        "max": 0.0181770119816,
        "mean": 0.00303921778686,
        "median": 0.00240053236485,
        "min": 4.2014340579e-05,
        "var": 6.53236793369e-06
    },
    "spectral_energyband_middle_low": {
        "dmean": 0.00899374298751,
        "dmean2": 0.015746280551,
        "dvar": 0.000338897545589,
        "dvar2": 0.000925228639971,
        "max": 0.110585860908,
        "mean": 0.00941408239305,
        "median": 0.00438661128283,
        "min": 2.13190742215e-05,
        "var": 0.000239946108195
    },
    "spectral_entropy": {
        "dmean": 0.239326149225,
        "dmean2": 0.3782363832,
        "dvar": 0.0779101699591,
        "dvar2": 0.200460746884,
        "max": 8.68138027191,
        "mean": 7.75754976273,
        "median": 7.7475104332,
        "min": 6.37720155716,
        "var": 0.134163707495
    },
    "spectral_flux": {
        "dmean": 0.0500287562609,
        "dmean2": 0.0742321461439,
        "dvar": 0.00443477975205,
        "dvar2": 0.00720869097859,
        "max": 0.469321370125,
        "mean": 0.112994767725,
        "median": 0.0796938836575,
        "min": 0.00849189516157,
        "var": 0.00894532725215
    },
    "spectral_kurtosis": {
        "dmean": 0.946397602558,
        "dmean2": 1.49619233608,
        "dvar": 0.873290061951,
        "dvar2": 2.10826516151,
        "max": 9.16821193695,
        "mean": 2.41641831398,
        "median": 2.36026096344,
        "min": -0.845463275909,
        "var": 1.95646607876
    },
    "spectral_rms": {
        "dmean": 0.00169767660554,
        "dmean2": 0.00252109975554,
        "dvar": 4.78909259982e-06,
        "dvar2": 1.09113761937e-05,
        "max": 0.0161517318338,
        "mean": 0.00536337448284,
        "median": 0.00495927128941,
        "min": 0.000453241140349,
        "var": 7.65022650739e-06
    },
    "spectral_rolloff": {
        "dmean": 1127.4440918,
        "dmean2": 1885.33190918,
        "dvar": 2479968.5,
        "dvar2": 5314772.5,
        "max": 13307.5195312,
        "mean": 1996.69238281,
        "median": 990.52734375,
        "min": 43.06640625,
        "var": 4572727
    },
    "spectral_skewness": {
        "dmean": 0.209201708436,
        "dmean2": 0.312511950731,
        "dvar": 0.0346311442554,
        "dvar2": 0.0796158015728,
        "max": 2.21165370941,
        "mean": 1.12878167629,
        "median": 1.12059605122,
        "min": 0.179188147187,
        "var": 0.108523577452
    },
    "spectral_spread": {
        "dmean": 913805.5625,
        "dmean2": 1304656.75,
        "dvar": 1.03039873843e+12,
        "dvar2": 2.21585211392e+12,
        "max": 15964080,
        "mean": 5900879,
        "median": 5495131.5,
        "min": 2467379.25,
        "var": 2.86973283533e+12
    },
    "spectral_strongpeak": {
        "dmean": 0.339905232191,
        "dmean2": 0.582525610924,
        "dvar": 0.574391067028,
        "dvar2": 1.51977229118,
        "max": 12.3989486694,
        "mean": 0.488841295242,
        "median": 0.2608037889,
        "min": 0,
        "var": 0.599622786045
    },
    "zerocrossingrate": {
        "dmean": 0.0189356375486,
        "dmean2": 0.0223520100117,
        "dvar": 0.000346416636603,
        "dvar2": 0.000426351791248,
        "max": 0.29931640625,
        "mean": 0.0775570347905,
        "median": 0.06787109375,
        "min": 0.00390625,
        "var": 0.00196790136397
    },
    "barkbands": {
        "dmean": [0.00130575639196, 0.00844717118889, 0.00965902209282, 0.00475600222126, 0.00326882349327, 0.000840996101033, 0.000685683742631, 0.000562393222935, 0.00055705732666, 0.00019771780353, 0.000156755457283, 0.000150378618855, 0.000128824191052, 0.000201238610316, 0.000331946357619, 0.000174634464202, 0.000131848966703, 0.000147180558997, 0.000312469201162, 0.000209156132769, 0.000421965814894, 0.000298750324873, 0.00034896703437, 0.000265159353148, 0.000198433946935, 0.000168941944139, 2.43623476948e-09],
        "dmean2": [0.00227194372565, 0.0131178814918, 0.0179905761033, 0.00895985774696, 0.00597668206319, 0.00142700923607, 0.00114135420881, 0.000880640640389, 0.000899773440324, 0.000316434336128, 0.000250997662079, 0.000224103627261, 0.000196147739189, 0.000318284292007, 0.000508090888616, 0.000274802703643, 0.000202731273021, 0.000236522726482, 0.000493043218739, 0.000336457655067, 0.000671128567774, 0.000476319401059, 0.000572264543734, 0.000413714908063, 0.000303236680338, 0.000274642370641, 3.81807518934e-09],
        "dvar": [7.10025824446e-06, 0.000161066680448, 0.000894483760931, 0.000192982552107, 4.95335079904e-05, 2.40439612753e-06, 2.16278567677e-06, 9.19002900446e-07, 1.11497695343e-06, 1.93407629467e-07, 1.0881277035e-07, 7.75822499577e-08, 5.0150589459e-08, 2.05818949439e-07, 3.82728615023e-07, 1.16200219225e-07, 5.92509827868e-08, 5.81774486363e-08, 1.98556065811e-07, 1.19202184123e-07, 4.61744122049e-07, 3.57296187303e-07, 8.65792912919e-07, 3.32429777927e-07, 1.18347088574e-07, 1.21426467103e-07, 7.37910751451e-16],
        "dvar2": [1.91488543351e-05, 0.000421733275289, 0.00252381549217, 0.000553223420866, 0.000138600793434, 6.31114880889e-06, 5.49429705643e-06, 2.03539298127e-06, 2.88228602585e-06, 4.55305496416e-07, 2.71958839448e-07, 1.78587157507e-07, 1.11831624849e-07, 4.95725601013e-07, 8.43457655719e-07, 2.67449252078e-07, 1.15224366937e-07, 1.44368584643e-07, 4.80030337258e-07, 2.94383340815e-07, 1.08519941477e-06, 7.73790816311e-07, 2.2130175239e-06, 7.82159133905e-07, 2.56763939888e-07, 2.79453047369e-07, 7.53526386168e-16],
        "max": [0.0207555051893, 0.111060485244, 0.167078256607, 0.0825575590134, 0.0459516309202, 0.0159336142242, 0.0157980322838, 0.0125165516511, 0.0125924758613, 0.0055971108377, 0.00374836102128, 0.00364434486255, 0.00297559821047, 0.00787930563092, 0.00750021776184, 0.00478682946414, 0.00399351958185, 0.00178684049752, 0.0046210186556, 0.0031803289894, 0.00644565885887, 0.00480050500482, 0.00719617307186, 0.00487895589322, 0.00403677253053, 0.00379153992981, 9.66800826063e-07],
        "mean": [0.00255710002966, 0.0139532806352, 0.00615809811279, 0.00307753449306, 0.00276139494963, 0.00108405761421, 0.000768020865507, 0.000831879035104, 0.00084401818458, 0.000260552362306, 0.000233499580645, 0.000211883685552, 0.000193008963834, 0.000262066780124, 0.000527922587935, 0.000251845049206, 0.000218608402065, 0.000203829578822, 0.000552329758648, 0.000311356794555, 0.000692233326845, 0.000348547677277, 0.000324547203491, 0.000283433677396, 0.000238416614593, 0.000176888221176, 2.06995820484e-09],
        "median": [0.000966447347309, 0.00999181065708, 0.000410345906857, 0.000405433733249, 0.000874605786521, 0.000535840750672, 0.000240823137574, 0.000266672897851, 0.000365857878933, 0.000102289639472, 9.24181949813e-05, 7.99563131295e-05, 9.2237663921e-05, 8.5884683358e-05, 0.000148748091306, 7.8147619206e-05, 6.97711366229e-05, 0.000101083162008, 0.000301251362544, 0.000182145246072, 0.00039087983896, 0.000127356033772, 5.0523543905e-05, 7.93672006694e-05, 7.88260003901e-05, 5.67658971704e-05, 4.6208861737e-10],
        "min": [3.65432550886e-09, 1.58354083624e-07, 5.46854508343e-08, 7.26089297132e-07, 4.58777719814e-07, 5.32335150183e-07, 5.54525684038e-07, 3.94432618123e-07, 4.99420775668e-06, 1.26133500089e-06, 4.38166495087e-07, 2.93867771006e-07, 8.97267113942e-07, 4.88854311698e-07, 1.52480106408e-06, 8.70637620665e-07, 1.5836633338e-06, 1.19978346902e-06, 7.29819305434e-07, 1.40059592013e-06, 3.60202284355e-06, 2.64908294412e-07, 5.22148525306e-07, 2.00836154818e-07, 1.48365064678e-09, 1.49207556033e-11, 1.70456166543e-11],
        "var": [1.13062724267e-05, 0.000235525294556, 0.000524051487446, 0.000108974672912, 3.26933040924e-05, 2.38466577684e-06, 2.21668915401e-06, 2.18099762606e-06, 1.50533344367e-06, 2.42695278985e-07, 1.81831325108e-07, 1.28579074499e-07, 8.19160064225e-08, 2.5976271445e-07, 7.72094665535e-07, 2.00577460419e-07, 1.65360617643e-07, 7.3713536608e-08, 4.06081767323e-07, 1.50344163785e-07, 7.32380271984e-07, 4.02099288976e-07, 7.3858302585e-07, 3.53657895857e-07, 1.58830289365e-07, 1.22652153323e-07, 7.35574316945e-16]
    },
    "erbbands": {
        "dmean": [0.340596318245, 1.70911419392, 9.10149765015, 15.1142425537, 12.4535398483, 11.039639473, 6.52972841263, 7.17391586304, 9.48133087158, 9.37399101257, 12.7327156067, 12.387512207, 7.90577459335, 5.76483011246, 6.70775175095, 4.63379478455, 6.00166034698, 7.03367233276, 12.3271055222, 17.5134429932, 7.60590028763, 6.75637388229, 7.64673757553, 12.7917861938, 14.1193571091, 10.0462341309, 15.2994480133, 16.1390113831, 9.72225379944, 10.8699550629, 10.4529266357, 5.25355386734, 4.69728660583, 2.21043872833, 1.49795234203, 0.750325679779, 0.345176339149, 0.0316259786487, 0.000558831961825, 4.93722473038e-05],
        "dmean2": [0.5374532938, 2.76321697235, 16.8461475372, 27.8780403137, 22.8193759918, 20.1252784729, 11.3214139938, 12.0619125366, 15.9908361435, 15.2532024384, 19.7914810181, 19.991765976, 12.3769369125, 9.22095298767, 10.550614357, 6.78889894485, 9.09143447876, 10.9996805191, 19.7966747284, 26.3207778931, 12.1208429337, 10.1476678848, 12.1090803146, 20.0422706604, 22.2924308777, 16.0189285278, 24.3548355103, 25.4167728424, 15.4865159988, 17.591178894, 17.2275104523, 8.161652565, 7.45714712143, 3.30829048157, 2.38612675667, 1.22115361691, 0.563568115234, 0.0526061542332, 0.000914423086215, 7.34043132979e-05],
        "dvar": [0.234354406595, 11.1387844086, 765.91986084, 1952.55554199, 951.099060059, 675.880004883, 166.077972412, 186.525756836, 419.952789307, 381.555206299, 490.140869141, 677.335449219, 265.125793457, 163.955047607, 175.804626465, 65.8452529907, 110.074234009, 346.132263184, 691.675476074, 931.263183594, 198.750640869, 165.494445801, 177.819519043, 358.226531982, 479.077545166, 278.854980469, 755.962768555, 664.916259766, 344.764465332, 643.333618164, 803.174621582, 136.234970093, 108.813903809, 14.7159643173, 7.60003709793, 1.92520928383, 0.578607499599, 0.00600552093238, 1.70993109805e-06, 5.56168755494e-09],
        "dvar2": [0.640677571297, 29.5692443848, 2152.57348633, 5474.59619141, 2698.20898438, 1897.13012695, 446.345184326, 484.505096436, 1071.31213379, 944.688110352, 1121.2088623, 1798.2923584, 618.083984375, 409.327880859, 434.975830078, 142.403884888, 240.176895142, 802.724731445, 1704.06311035, 1914.28210449, 446.961853027, 304.743713379, 436.623596191, 883.951599121, 1188.52172852, 676.329223633, 1882.60998535, 1484.15283203, 746.293395996, 1493.54040527, 2079.86401367, 327.891082764, 263.497131348, 30.9931945801, 17.3496589661, 4.46679258347, 1.34521198273, 0.0143762314692, 4.02218802265e-06, 1.24840227045e-08],
        "max": [3.36179304123, 31.4666938782, 148.318466187, 278.151519775, 215.527069092, 182.96244812, 122.43069458, 168.707138062, 197.877243042, 298.506622314, 261.874542236, 341.855438232, 259.727111816, 221.218994141, 134.732299805, 130.534118652, 140.149520874, 381.693695068, 371.16506958, 364.294219971, 220.926345825, 241.631851196, 106.306182861, 212.045013428, 223.625350952, 138.403015137, 242.826217651, 333.933898926, 147.108703613, 174.519363403, 215.999328613, 98.4632644653, 88.0420455933, 33.0545349121, 37.8440704346, 13.7904319763, 8.12021541595, 1.15552580357, 0.0186318363994, 0.000783960102126],
        "mean": [0.649235904217, 2.18791389465, 6.18634462357, 10.1123256683, 9.37072372437, 9.30325889587, 7.48211669922, 9.32256507874, 10.7820262909, 12.3322229385, 19.3416252136, 18.6569747925, 12.3012189865, 9.04041481018, 10.8365802765, 7.537088871, 9.16088199615, 9.27944946289, 18.8200740814, 31.2086544037, 12.6844320297, 11.7677927017, 12.0866794586, 22.3859577179, 23.5462055206, 15.9173069, 24.0144252777, 25.9122047424, 12.5342321396, 10.8156728745, 9.45476913452, 5.64016342163, 4.88918828964, 2.81260967255, 1.60882294178, 0.79354429245, 0.349715352058, 0.028972979635, 0.000555621576495, 7.21977994544e-05],
        "median": [0.437565356493, 1.20714259148, 0.735236525536, 1.10479152203, 2.16522455215, 2.92211461067, 3.38984823227, 4.34315776825, 3.85459542274, 4.31963062286, 7.98772287369, 8.94356250763, 4.7995557785, 4.81255722046, 5.63059043884, 3.94108200073, 4.31285572052, 4.01488018036, 7.27821159363, 7.54247760773, 5.11147880554, 4.16659212112, 6.07143259048, 11.949213028, 12.5251121521, 9.4107875824, 13.2145214081, 14.3287630081, 5.41784477234, 2.28492379189, 1.36796438694, 1.37675106525, 1.38500249386, 0.97920191288, 0.493209630251, 0.28071257472, 0.0980298742652, 0.00746575649828, 0.000170013518073, 4.35010806541e-05],
        "min": [6.64038043396e-06, 3.32058443746e-05, 7.524931425e-05, 0.00163035513833, 0.00276064896025, 0.00165943452157, 0.00594022963196, 0.00582532631233, 0.00571973063052, 0.0313690677285, 0.0535963885486, 0.150450110435, 0.0410961322486, 0.0485134124756, 0.0194970201701, 0.0407045483589, 0.0514905005693, 0.0540057420731, 0.0938016697764, 0.118310697377, 0.0714372694492, 0.0884971022606, 0.0927225202322, 0.04450475052, 0.0858544632792, 0.0780592560768, 0.123253144324, 0.0990348085761, 0.0256231296808, 0.017865171656, 0.0194268357009, 0.004068010021, 0.00123569136485, 0.000478995032609, 5.75082667638e-05, 2.34806993831e-05, 9.63842558122e-06, 6.48858758723e-07, 2.82477031988e-07, 3.03343483665e-07],
        "var": [0.45702791214, 11.2272720337, 458.41015625, 1167.00622559, 576.640991211, 441.852416992, 140.443695068, 194.863754272, 418.277954102, 511.113220215, 1034.09851074, 750.117431641, 463.842071533, 193.824829102, 260.958374023, 117.297119141, 186.999221802, 386.4609375, 1025.93261719, 2784.64013672, 406.338348389, 484.47177124, 254.700332642, 718.398498535, 803.039428711, 374.317199707, 950.870178223, 1155.23693848, 409.588348389, 628.70111084, 664.507324219, 148.145355225, 106.162147522, 23.1077919006, 8.40349292755, 2.0121383667, 0.564153909683, 0.00545112090185, 1.61575917446e-06, 6.81738088204e-09]
    },
    "gfcc": {
        "mean": [18.9321289062, 59.8316459656, -94.9587249756, 48.1693840027, -58.5845222473, 18.2210197449, -29.9129657745, 20.7100734711, -25.9417533875, 18.2900428772, -20.5151824951, 3.1500275135, -6.41524744034],
        "cov": [[3192.53930664, -584.038818359, 346.903869629, 40.5551452637, -105.606773376, 49.6314964294, -216.203338623, -18.3690567017, -99.9564819336, 36.5529098511, -115.220016479, 65.8099517822, -162.675720215], [-584.038818359, 794.260559082, 55.7069587708, 111.189880371, 179.972885132, 21.1609745026, 128.838012695, 15.8364439011, 83.5416183472, -29.8898601532, 76.5312194824, -79.74168396, 76.1195526123], [346.903869629, 55.7069587708, 783.039978027, -3.94762039185, -90.6174240112, 67.5405960083, -66.3045272827, 0.603089034557, -14.3324556351, -13.7529525757, -4.19307279587, 41.4622154236, -121.351402283], [40.5551452637, 111.189880371, -3.94762039185, 316.534332275, 83.262550354, -11.8245563507, 95.8928146362, 52.1359443665, 61.3776855469, -38.3067169189, 34.3182945251, -15.5373363495, 22.5444583893], [-105.606773376, 179.972885132, -90.6174240112, 83.262550354, 404.032470703, 52.9430580139, 127.052124023, 51.4978408813, 29.4235553741, 55.0064277649, -0.51608222723, -9.22363471985, 73.2748718262], [49.6314964294, 21.1609745026, 67.5405960083, -11.8245563507, 52.9430580139, 224.287460327, 16.1872940063, -37.8920021057, -1.16326856613, 11.5691556931, 21.4546585083, -31.0172576904, 31.2498550415], [-216.203338623, 128.838012695, -66.3045272827, 95.8928146362, 127.052124023, 16.1872940063, 207.293060303, 95.5251235962, 49.256072998, 22.0098247528, 37.8049240112, 13.3165693283, 60.0769386292], [-18.3690567017, 15.8364439011, 0.603089034557, 52.1359443665, 51.4978408813, -37.8920021057, 95.5251235962, 172.671218872, 39.2392921448, 27.7478408813, 13.9083681107, 20.4914131165, 33.6187400818], [-99.9564819336, 83.5416183472, -14.3324556351, 61.3776855469, 29.4235553741, -1.16326856613, 49.256072998, 39.2392921448, 119.989730835, 14.0941705704, 35.3572845459, 15.8778400421, 17.2969245911], [36.5529098511, -29.8898601532, -13.7529525757, -38.3067169189, 55.0064277649, 11.5691556931, 22.0098247528, 27.7478408813, 14.0941705704, 119.450584412, 24.1999874115, 17.7223644257, 28.9681510925], [-115.220016479, 76.5312194824, -4.19307279587, 34.3182945251, -0.51608222723, 21.4546585083, 37.8049240112, 13.9083681107, 35.3572845459, 24.1999874115, 104.06073761, 30.3660507202, 41.3980255127], [65.8099517822, -79.74168396, 41.4622154236, -15.5373363495, -9.22363471985, -31.0172576904, 13.3165693283, 20.4914131165, 15.8778400421, 17.7223644257, 30.3660507202, 107.433822632, 17.9592323303], [-162.675720215, 76.1195526123, -121.351402283, 22.5444583893, 73.2748718262, 31.2498550415, 60.0769386292, 33.6187400818, 17.2969245911, 28.9681510925, 41.3980255127, 17.9592323303, 136.536499023]],
        "icov": [[0.000449292216217, 0.000165465156897, -6.35373216937e-05, -0.000433641806012, -1.21401362776e-05, -0.000324349995935, 0.000515825289767, -0.000237164713326, 0.000270445307251, -0.000378925178666, 0.00041801208863, -0.000458108697785, 0.000350019254256], [0.000165465156897, 0.0027832519263, -0.00113777793013, 0.000605899607763, -0.00125914032105, 0.00154730863869, -0.00115422776435, 0.00113182666246, -0.00153597025201, 0.00164886051789, -0.00237471866421, 0.00369009864517, -0.0018356324872], [-6.35373216937e-05, -0.00113777793013, 0.00231159385294, -0.000631813483778, 0.000671060057357, -0.00188672484364, 0.0010835089488, -0.0012999541359, 0.000961773563176, -0.000756832887419, 0.000814548810013, -0.00287860375829, 0.00280285719782], [-0.000433641806012, 0.000605899607763, -0.000631813483778, 0.00537534384057, -0.00120273407083, 0.00167132320348, -0.00222453312017, 0.000298345548799, -0.00230817333795, 0.00330950994976, -0.002749561565, 0.00309397885576, -0.00111830828246], [-1.21401362776e-05, -0.00125914032105, 0.000671060057357, -0.00120273407083, 0.00432095210999, -0.00149568007328, -0.00116950960364, -0.000247047457378, 0.000705621554516, -0.00259861699305, 0.00305882538669, -0.0017431396991, -0.000154859182658], [-0.000324349995935, 0.00154730863869, -0.00188672484364, 0.00167132320348, -0.00149568007328, 0.00762565108016, -0.00227387947962, 0.00315258884802, -0.0014862496173, 0.00135737401433, -0.00324702402577, 0.00561515940353, -0.00377408089116], [0.000515825289767, -0.00115422776435, 0.0010835089488, -0.00222453312017, -0.00116950960364, -0.00227387947962, 0.010548831895, -0.00490226875991, 0.000397121795686, -0.000889530987479, 0.000147428552737, -0.00313057750463, 0.000807454518508], [-0.000237164713326, 0.00113182666246, -0.0012999541359, 0.000298345548799, -0.000247047457378, 0.00315258884802, -0.00490226875991, 0.00998105481267, -0.00223624240607, -0.000651650305372, 2.51051119449e-06, 0.00203762296587, -0.00285495817661], [0.000270445307251, -0.00153597025201, 0.000961773563176, -0.00230817333795, 0.000705621554516, -0.0014862496173, 0.000397121795686, -0.00223624240607, 0.0119101852179, -0.00213032402098, -0.000762883806601, -0.00359618617222, 0.00239930325188], [-0.000378925178666, 0.00164886051789, -0.000756832887419, 0.00330950994976, -0.00259861699305, 0.00135737401433, -0.000889530987479, -0.000651650305372, -0.00213032402098, 0.0126283774152, -0.00469282502308, 0.00256898533553, -0.00227850233205], [0.00041801208863, -0.00237471866421, 0.000814548810013, -0.002749561565, 0.00305882538669, -0.00324702402577, 0.000147428552737, 2.51051119449e-06, -0.000762883806601, -0.00469282502308, 0.0173172969371, -0.00723643926904, -0.00117048190441], [-0.000458108697785, 0.00369009864517, -0.00287860375829, 0.00309397885576, -0.0017431396991, 0.00561515940353, -0.00313057750463, 0.00203762296587, -0.00359618617222, 0.00256898533553, -0.00723643926904, 0.0184235498309, -0.0054650013335], [0.000350019254256, -0.0018356324872, 0.00280285719782, -0.00111830828246, -0.000154859182658, -0.00377408089116, 0.000807454518508, -0.00285495817661, 0.00239930325188, -0.00227850233205, -0.00117048190441, -0.0054650013335, 0.0139880049974]]
    },
    "melbands": {
        "dmean": [0.00252840784378, 0.00387258687988, 0.00250387424603, 0.000865640759002, 0.000259182968875, 0.000159942152095, 0.000145530080772, 0.000106622122985, 0.000100204437331, 7.8448189015e-05, 3.97488329327e-05, 2.49424138019e-05, 2.43953654717e-05, 1.9029912437e-05, 1.21565853988e-05, 1.09701340989e-05, 1.5074858311e-05, 2.13499624806e-05, 2.39135861193e-05, 1.82247913472e-05, 9.15119380807e-06, 6.67569202051e-06, 8.13770293462e-06, 7.73022111389e-06, 1.14773465612e-05, 1.1889358575e-05, 8.82020049175e-06, 6.41140331936e-06, 1.00650895547e-05, 1.01472887764e-05, 9.38058838074e-06, 5.66422659176e-06, 5.88101238463e-06, 6.05804643783e-06, 6.91607283443e-06, 3.73974125978e-06, 3.14356907438e-06, 3.49007768818e-06, 2.55955501416e-06, 1.75107606992e-06],
        "dmean2": [0.00389156141318, 0.00697244284675, 0.0045737340115, 0.00158401799854, 0.000456683075754, 0.000270224671112, 0.000244235940045, 0.000171256979229, 0.000155848334543, 0.000127544757561, 6.21398212388e-05, 3.96856812586e-05, 3.84533341276e-05, 2.77125473076e-05, 1.83884476428e-05, 1.70479888766e-05, 2.38136781263e-05, 3.47468594555e-05, 3.66047206626e-05, 2.74641679425e-05, 1.4648700926e-05, 1.02672474895e-05, 1.23272075143e-05, 1.245214753e-05, 1.81599043572e-05, 1.89766815311e-05, 1.41805003295e-05, 1.02325593616e-05, 1.63772692758e-05, 1.58602870215e-05, 1.47734235725e-05, 9.10048856895e-06, 9.37594359129e-06, 9.89384716377e-06, 1.16200781122e-05, 5.91082607571e-06, 4.90362162964e-06, 5.61203978577e-06, 3.9295159695e-06, 2.68493295152e-06],
        "dvar": [1.2466989574e-05, 0.000118975935038, 5.01517715747e-05, 3.50920117853e-06, 3.13975590416e-07, 9.27246972537e-08, 9.71514140247e-08, 4.01075546108e-08, 3.1103585485e-08, 2.75274967265e-08, 6.72394762091e-09, 3.20438808821e-09, 2.5242683499e-09, 1.27132104843e-09, 4.64264099387e-10, 3.79212689028e-10, 1.77468462148e-09, 1.93545934835e-09, 2.61416444047e-09, 1.07604658517e-09, 3.33299304822e-10, 1.59080096318e-10, 2.03421127165e-10, 1.62124771941e-10, 2.93425311826e-10, 3.03191943773e-10, 2.39637365507e-10, 1.05208224077e-10, 4.03379551983e-10, 2.4666083065e-10, 2.57192156461e-10, 1.17526044452e-10, 1.54298948618e-10, 2.21762191943e-10, 3.83607895449e-10, 7.71762376228e-11, 4.64228586128e-11, 6.06306324591e-11, 2.43395893718e-11, 9.32279080323e-12],
        "dvar2": [3.30576149281e-05, 0.000332021241775, 0.00013925175881, 9.82705751085e-06, 8.62172782945e-07, 2.42952694407e-07, 2.48630954047e-07, 9.69023403741e-08, 7.28349576207e-08, 7.30924298864e-08, 1.55652184475e-08, 7.9745996473e-09, 6.28660412616e-09, 2.76901257479e-09, 9.9910080209e-10, 8.85318596211e-10, 4.20120160882e-09, 4.92626073267e-09, 5.88694559767e-09, 2.37731256902e-09, 7.43257677627e-10, 3.09464731618e-10, 4.3350850687e-10, 3.96291888194e-10, 7.3027345282e-10, 7.40604688687e-10, 6.21283746671e-10, 2.50112458522e-10, 1.03150654684e-09, 5.77135284008e-10, 5.63942281762e-10, 2.62521587802e-10, 3.35961425346e-10, 5.32610733295e-10, 1.00927322055e-09, 1.91474211486e-10, 1.10218223437e-10, 1.48206696915e-10, 5.40503787561e-11, 2.03878129656e-11],
        "max": [0.0247867368162, 0.0612486749887, 0.0430408529937, 0.0131418798119, 0.00443437928334, 0.00359368394129, 0.00319921621121, 0.00311098084785, 0.00245651416481, 0.00206063617952, 0.0013224206632, 0.000964406703133, 0.000572050281335, 0.000443138793344, 0.000317746686051, 0.000271642958978, 0.000857554667164, 0.000566100410651, 0.000740316347219, 0.000439240102423, 0.000229057972319, 0.000213316379813, 0.000171727544512, 0.000139591837069, 0.000192359191715, 0.000169365230249, 0.000184382835869, 9.11824172363e-05, 0.000185621291166, 0.000151272659423, 0.000253509671893, 9.85206061159e-05, 8.65116817295e-05, 0.000119515869301, 0.000149822692038, 7.49610044295e-05, 5.77565333515e-05, 6.4969091909e-05, 4.13738162024e-05, 2.69045394816e-05],
        "mean": [0.00471183191985, 0.00311330147088, 0.0017294868594, 0.000703361525666, 0.000278251915006, 0.000205900782021, 0.000165198434843, 0.000148426639498, 0.000152862892719, 0.000116654504382, 6.03407243034e-05, 3.67697211914e-05, 3.85073726648e-05, 2.76149003184e-05, 1.82891690201e-05, 1.60278941621e-05, 1.83934735105e-05, 3.05261128233e-05, 3.79454177164e-05, 2.98374343402e-05, 1.29917716549e-05, 1.08644881038e-05, 1.22742139865e-05, 1.11696945169e-05, 1.9049823095e-05, 1.96523287741e-05, 1.31092301672e-05, 9.68795120571e-06, 1.38590539791e-05, 1.71693591255e-05, 1.41055916174e-05, 7.05682623448e-06, 6.19481625108e-06, 5.81428867008e-06, 5.97134112468e-06, 3.78654158339e-06, 3.34380752065e-06, 3.49824017576e-06, 2.95737709166e-06, 2.18685863729e-06],
        "median": [0.00341245019808, 0.000827036099508, 0.000223425115109, 0.000197886678507, 0.000120846249047, 9.58970849751e-05, 5.8241730585e-05, 5.25313153048e-05, 6.57173222862e-05, 5.0732622185e-05, 2.11415117519e-05, 1.69817394635e-05, 1.75555378519e-05, 9.82863275567e-06, 8.02795784693e-06, 8.09527773526e-06, 6.6979660005e-06, 1.14996555567e-05, 9.99379062705e-06, 7.51511606722e-06, 4.05959644922e-06, 3.61901038559e-06, 3.88669423046e-06, 5.46596629647e-06, 9.10413291422e-06, 1.03293732536e-05, 6.15856470176e-06, 5.58877172807e-06, 6.96442202752e-06, 9.61643399933e-06, 7.06037553755e-06, 2.98330633086e-06, 1.6627734567e-06, 1.02599926777e-06, 7.82799304488e-07, 6.68429095185e-07, 8.55199004945e-07, 9.36565356824e-07, 9.29222949253e-07, 7.18369733477e-07],
        "min": [5.26275236723e-08, 3.74757931354e-08, 3.89926555044e-07, 1.34028340426e-07, 1.96564243993e-07, 1.04289028968e-07, 1.14512779703e-07, 3.28039249098e-07, 5.48577986592e-07, 6.43083410523e-07, 2.00134039119e-07, 2.04971271955e-07, 6.62281749442e-08, 3.36601821971e-08, 8.36487714651e-08, 7.96064583142e-08, 4.15115621877e-08, 9.99962921355e-08, 1.07498522084e-07, 8.03538355854e-08, 5.0218400105e-08, 7.88075311675e-08, 5.34830100207e-08, 2.567055013e-08, 2.97987430287e-08, 2.99560269923e-08, 3.16816333168e-08, 2.84918417748e-08, 2.24222702627e-08, 6.77663862803e-08, 3.52080959942e-08, 9.35526855983e-09, 2.71926503537e-09, 8.85764350755e-09, 6.18553919196e-09, 1.55339907604e-11, 4.89381174473e-11, 5.81673598177e-10, 5.24338350516e-10, 3.61040190799e-13],
