{
"highlevel": {
    "danceability": {
        "all": {
            "danceable": 0.520471930504,
            "not_danceable": 0.479528039694
        },
        "probability": 0.520471930504,
        "value": "danceable"
    },
    "gender": {
        "all": {
            "female": 0.245419561863,
            "male": 0.754580438137
        },
        "probability": 0.754580438137,
        "value": "male"
    },
    "genre_dortmund": {
        "all": {
            "alternative": 0.0251026116312,
            "blues": 0.515423953533,
            "electronic": 0.00872018840164,
            "folkcountry": 0.0987308993936,
            "funksoulrnb": 0.0388935767114,
            "jazz": 0.207338795066,
            "pop": 0.0208941102028,
            "raphiphop": 0.00359947513789,
            "rock": 0.0812963917851
        },
        "probability": 0.515423953533,
        "value": "blues"
    },
    "genre_electronic": {
        "all": {
            "ambient": 0.217106059194,
            "dnb": 0.475550711155,
            "house": 0.266279101372,
            "techno": 0.0104985944927,
            "trance": 0.0305655319244
        },
        "probability": 0.475550711155,
        "value": "dnb"
    },
    "genre_rosamerica": {
        "all": {
            "cla": 0.170755162835,
            "dan": 0.0337666347623,
            "hip": 0.0947533771396,
            "jaz": 0.083746381104,
            "pop": 0.0793518424034,
            "rhy": 0.188342392445,
            "roc": 0.258224338293,
            "spe": 0.0910598784685
        },
        "probability": 0.258224338293,
        "value": "roc"
    },
    "genre_tzanetakis": {
        "all": {
            "blu": 0.0690397620201,
            "cla": 0.0304395612329,
            "cou": 0.0913360714912,
            "dis": 0.0558686293662,
            "hip": 0.274306803942,
            "jaz": 0.274671167135,
            "met": 0.0391958393157,
            "pop": 0.0548672527075,
            "reg": 0.0554098971188,
            "roc": 0.0548650063574
        },
        "probability": 0.274671167135,
        "value": "jaz"
    },
    "ismir04_rhythm": {
        "all": {
            "ChaChaCha": 0.123189628124,
            "Jive": 0.182278037071,
            "Quickstep": 0.275846689939,
            "Rumba-American": 0.0230844262987,
            "Rumba-International": 0.0246156193316,
            "Rumba-Misc": 0.0132256457582,
            "Samba": 0.198673844337,
            "Tango": 0.0720767602324,
            "VienneseWaltz": 0.0582019686699,
            "Waltz": 0.0288073569536
        },
        "probability": 0.275846689939,
        "value": "Quickstep"
    },
    "mood_acoustic": {
        "all": {
            "acoustic": 0.111703187227,
            "not_acoustic": 0.88829678297
        },
        "probability": 0.88829678297,
        "value": "not_acoustic"
    },
    "mood_aggressive": {
        "all": {
            "aggressive": 0.071718044579,
            "not_aggressive": 0.928281962872
        },
        "probability": 0.928281962872,
        "value": "not_aggressive"
    },
    "mood_electronic": {
        "all": {
            "electronic": 0.286140739918,
            "not_electronic": 0.713859260082
        },
        "probability": 0.713859260082,
        "value": "not_electronic"
    },
    "mood_happy": {
        "all": {
            "happy": 0.395355939865,
            "not_happy": 0.604644060135
        },
        "probability": 0.604644060135,
        "value": "not_happy"
    },
    "mood_party": {
        "all": {
            "not_party": 0.616197049618,
            "party": 0.383802950382
        },
        "probability": 0.616197049618,
        "value": "not_party"
    },
    "mood_relaxed": {
        "all": {
            "not_relaxed": 0.989401698112,
            "relaxed": 0.0105983261019
        },
        "probability": 0.989401698112,
        "value": "not_relaxed"
    },
    "mood_sad": {
        "all": {
            "not_sad": 0.755808353424,
            "sad": 0.244191646576
        },
        "probability": 0.755808353424,
        "value": "not_sad"
    },
    "moods_mirex": {
        "all": {
            "Cluster1": 0.16056881845,
            "Cluster2": 0.463912278414,
            "Cluster3": 0.110823646188,
            "Cluster4": 0.159725964069,
            "Cluster5": 0.104969292879
        },
        "probability": 0.463912278414,
        "value": "Cluster2"
    },
    "timbre": {
        "all": {
            "bright": 0.973314583302,
            "dark": 0.0266853887588
        },
        "probability": 0.973314583302,
        "value": "bright"
    },
    "tonal_atonal": {
        "all": {
            "atonal": 0.259557306767,
            "tonal": 0.740442693233
        },
        "probability": 0.740442693233,
        "value": "tonal"
    },
    "voice_instrumental": {
        "all": {
            "instrumental": 0.216225653887,
            "voice": 0.783774375916
        },
        "probability": 0.783774375916,
        "value": "voice"
    }
},
"lowlevel": {
    "average_loudness": 0.957495391369,
    "barkbands_crest": {
        "dmean": 3.00297212601,
        "dmean2": 4.80760335922,
        "dvar": 7.06853914261,
        "dvar2": 16.4111652374,
        "max": 26.2408561707,
        "mean": 9.67921733856,
        "median": 8.71941566467,
        "min": 2.53135156631,
        "var": 18.1617355347
    },
    "barkbands_flatness_db": {
        "dmean": 0.0231637563556,
        "dmean2": 0.0347516871989,
        "dvar": 0.000463086616946,
        "dvar2": 0.000955585157499,
        "max": 0.397154480219,
        "mean": 0.169441819191,
        "median": 0.158921509981,
        "min": 0.081062361598,
        "var": 0.00226908945478
    },
    "barkbands_kurtosis": {
        "dmean": 2.12138199806,
        "dmean2": 3.13450026512,
        "dvar": 14.4901981354,
        "dvar2": 26.9209461212,
        "max": 64.4085006714,
        "mean": 1.72750580311,
        "median": 0.0363078117371,
        "min": -1.80924510956,
        "var": 30.4612693787
    },
    "barkbands_skewness": {
        "dmean": 0.598870754242,
        "dmean2": 0.8710308671,
        "dvar": 0.352686882019,
        "dvar2": 0.65044939518,
        "max": 7.76723384857,
        "mean": 1.05848002434,
        "median": 1.02399420738,
        "min": -4.55966901779,
        "var": 1.35355305672
    },
    "barkbands_spread": {
        "dmean": 6.40460586548,
        "dmean2": 9.89379692078,
        "dvar": 40.9003677368,
        "dvar2": 92.8040161133,
        "max": 69.525604248,
        "mean": 26.0747509003,
        "median": 25.261724472,
        "min": 0.950782835484,
        "var": 130.243988037
    },
    "dissonance": {
        "dmean": 0.0159719064832,
        "dmean2": 0.0258465707302,
        "dvar": 0.000384554761695,
        "dvar2": 0.000923150626477,
        "max": 0.499997019768,
        "mean": 0.469147801399,
        "median": 0.478898733854,
        "min": 0.238554731011,
        "var": 0.00110761797987
    },
    "dynamic_complexity": 1.68543696404,
    "erbbands_crest": {
        "dmean": 2.44671368599,
        "dmean2": 3.86717581749,
        "dvar": 6.11162233353,
        "dvar2": 13.5997896194,
        "max": 30.6108932495,
        "mean": 8.10458469391,
        "median": 7.0201883316,
        "min": 2.64127016068,
        "var": 16.7046108246
    },
    "erbbands_flatness_db": {
        "dmean": 0.0186583697796,
        "dmean2": 0.0275872219354,
        "dvar": 0.000380559096811,
        "dvar2": 0.000712066539563,
        "max": 0.423154354095,
        "mean": 0.203927114606,
        "median": 0.19312672317,
        "min": 0.111218936741,
        "var": 0.00214375788346
    },
    "erbbands_kurtosis": {
        "dmean": 1.10120809078,
        "dmean2": 1.73297953606,
        "dvar": 8.96126747131,
        "dvar2": 20.2641468048,
        "max": 66.5546798706,
        "mean": 0.103942610323,
        "median": -0.778059244156,
        "min": -1.75054371357,
        "var": 13.0567522049
    },
    "erbbands_skewness": {
        "dmean": 0.418762952089,
        "dmean2": 0.628529250622,
        "dvar": 0.185324519873,
        "dvar2": 0.372823774815,
        "max": 6.42754411697,
        "mean": -0.308435946703,
        "median": -0.295563310385,
        "min": -6.7284860611,
        "var": 0.753198742867
    },
    "erbbands_spread": {
        "dmean": 8.87926483154,
        "dmean2": 13.7384853363,
        "dvar": 76.1951217651,
        "dvar2": 162.745407104,
        "max": 98.8443450928,
        "mean": 41.4510192871,
        "median": 40.7728424072,
        "min": 2.40643930435,
        "var": 261.60055542
    },
    "hfc": {
        "dmean": 7.19109201431,
        "dmean2": 10.3217554092,
        "dvar": 87.4480667114,
        "dvar2": 174.518051147,
        "max": 124.957542419,
        "mean": 20.4770278931,
        "median": 16.06798172,
        "min": 0.42216283083,
        "var": 245.557235718
    },
    "melbands_crest": {
        "dmean": 4.2052283287,
        "dmean2": 6.73745965958,
        "dvar": 13.9123811722,
        "dvar2": 32.1305656433,
        "max": 32.4058227539,
        "mean": 13.9142417908,
        "median": 12.6566400528,
        "min": 3.79140901566,
        "var": 35.4944343567
    },
    "melbands_flatness_db": {
        "dmean": 0.0292385444045,
        "dmean2": 0.0428966917098,
        "dvar": 0.000731310166884,
        "dvar2": 0.00139562529512,
        "max": 0.458627730608,
        "mean": 0.183430463076,
        "median": 0.174746081233,
        "min": 0.0542765110731,
        "var": 0.00319790095091
    },
    "melbands_kurtosis": {
        "dmean": 5.81337499619,
        "dmean2": 8.61752128601,
        "dvar": 80.0747756958,
        "dvar2": 151.117614746,
        "max": 129.369186401,
        "mean": 8.8261013031,
        "median": 4.92196130753,
        "min": -1.76929748058,
        "var": 187.541702271
    },
    "melbands_skewness": {
        "dmean": 0.794087767601,
        "dmean2": 1.16540026665,
        "dvar": 0.658070087433,
        "dvar2": 1.20917773247,
        "max": 10.6916694641,
        "mean": 2.31936383247,
        "median": 2.14079093933,
        "min": -3.22627282143,
        "var": 2.27088570595
    },
    "melbands_spread": {
        "dmean": 10.9369478226,
        "dmean2": 16.9934005737,
        "dvar": 146.52015686,
        "dvar2": 323.482757568,
        "max": 146.943023682,
        "mean": 32.8065757751,
        "median": 27.6618366241,
        "min": 1.09139370918,
        "var": 432.401580811
    },
    "pitch_salience": {
        "dmean": 0.081952162087,
        "dmean2": 0.12680016458,
        "dvar": 0.00515515264124,
        "dvar2": 0.0118232527748,
        "max": 0.828347027302,
        "mean": 0.572714984417,
        "median": 0.584678471088,
        "min": 0.0866723284125,
        "var": 0.0145952925086
    },
    "silence_rate_20dB": {
        "dmean": 0,
        "dmean2": 0,
        "dvar": 0,
        "dvar2": 0,
        "max": 1,
        "mean": 1,
        "median": 1,
        "min": 1,
        "var": 0
    },
    "silence_rate_30dB": {
        "dmean": 0,
        "dmean2": 0,
        "dvar": 0,
        "dvar2": 0,
        "max": 1,
        "mean": 1,
        "median": 1,
        "min": 1,
        "var": 0
    },
    "silence_rate_60dB": {
        "dmean": 0.00464396271855,
        "dmean2": 0.00929511990398,
        "dvar": 0.00462234811857,
        "dvar2": 0.0123072452843,
        "max": 1,
        "mean": 0.00309358071536,
        "median": 0,
        "min": 0,
        "var": 0.00308398297057
    },
    "spectral_centroid": {
        "dmean": 353.408905029,
        "dmean2": 530.788085938,
        "dvar": 117830.554688,
        "dvar2": 246347.421875,
        "max": 4380.77246094,
        "mean": 1817.6463623,
        "median": 1780.65795898,
        "min": 281.449462891,
        "var": 484855.71875
    },
    "spectral_complexity": {
        "dmean": 4.91253852844,
        "dmean2": 7.27265691757,
        "dvar": 22.5673942566,
        "dvar2": 44.0169944763,
        "max": 59,
        "mean": 21.4926528931,
        "median": 20,
        "min": 1,
        "var": 96.2174682617
    },
    "spectral_decrease": {
        "dmean": 1.49074730338e-09,
        "dmean2": 2.18173989985e-09,
        "dvar": 2.45742083741e-18,
        "dvar2": 5.20894326006e-18,
        "max": -2.08963665815e-10,
        "mean": -4.81456474688e-09,
        "median": -4.46090853146e-09,
        "min": -1.49025094487e-08,
        "var": 6.66424016204e-18
    },
    "spectral_energy": {
        "dmean": 0.00601379806176,
        "dmean2": 0.00881789624691,
        "dvar": 4.0350962081e-05,
        "dvar2": 8.44472451718e-05,
        "max": 0.0583045072854,
        "mean": 0.0200285967439,
        "median": 0.0186042785645,
        "min": 0.000826968054753,
        "var": 0.000110016771941
    },
    "spectral_energyband_high": {
        "dmean": 0.000478225352708,
        "dmean2": 0.000709660060238,
        "dvar": 9.64187051977e-07,
        "dvar2": 1.8529750605e-06,
        "max": 0.0227089915425,
        "mean": 0.00090362172341,
        "median": 0.000545275164768,
        "min": 1.09384745883e-06,
        "var": 2.2898352654e-06
    },
    "spectral_energyband_low": {
        "dmean": 0.00229957560077,
        "dmean2": 0.00315817119554,
        "dvar": 1.27066650748e-05,
        "dvar2": 2.00656595553e-05,
        "max": 0.0538774058223,
        "mean": 0.00401656189933,
        "median": 0.00159193831496,
        "min": 3.78246824084e-07,
        "var": 3.99310920329e-05
    },
    "spectral_energyband_middle_high": {
        "dmean": 0.00241282139905,
        "dmean2": 0.00358455628157,
        "dvar": 1.13023415906e-05,
        "dvar2": 2.09591289604e-05,
        "max": 0.048638984561,
        "mean": 0.00583405373618,
        "median": 0.00392925133929,
        "min": 5.36108127562e-05,
        "var": 3.05312023556e-05
    },
    "spectral_energyband_middle_low": {
        "dmean": 0.00426328927279,
        "dmean2": 0.006663385313,
        "dvar": 2.6880619771e-05,
        "dvar2": 6.32294322713e-05,
        "max": 0.0486911796033,
        "mean": 0.00983663462102,
        "median": 0.00794961862266,
        "min": 8.75295154401e-06,
        "var": 5.01333706779e-05
    },
    "spectral_entropy": {
        "dmean": 0.166696235538,
        "dmean2": 0.24153521657,
        "dvar": 0.0280826613307,
        "dvar2": 0.0555060729384,
        "max": 8.15659713745,
        "mean": 7.49765586853,
        "median": 7.57685232162,
        "min": 5.51890182495,
        "var": 0.131980240345
    },
    "spectral_flux": {
        "dmean": 0.026099216193,
        "dmean2": 0.0416476801038,
        "dvar": 0.000666263455059,
        "dvar2": 0.00161646038759,
        "max": 0.242142677307,
        "mean": 0.0826188698411,
        "median": 0.0743252411485,
        "min": 0.0203190408647,
        "var": 0.00141944480129
    },
    "spectral_kurtosis": {
        "dmean": 1.98988080025,
        "dmean2": 3.54534387589,
        "dvar": 4.38797998428,
        "dvar2": 12.0732917786,
        "max": 30.6722183228,
        "mean": 3.07308363914,
        "median": 2.24953746796,
        "min": -0.632108688354,
        "var": 9.28300762177
    },
    "spectral_rms": {
        "dmean": 0.000672073161695,
        "dmean2": 0.00098885782063,
        "dvar": 4.64015386115e-07,
        "dvar2": 9.56547069109e-07,
        "max": 0.00754204532132,
        "mean": 0.00426867837086,
        "median": 0.0042603421025,
        "min": 0.000898219412193,
        "var": 1.31848844376e-06
    },
    "spectral_rolloff": {
        "dmean": 639.829833984,
        "dmean2": 1031.32653809,
        "dvar": 545985,
        "dvar2": 1127301.875,
        "max": 6029.296875,
        "mean": 2055.51123047,
        "median": 2024.12109375,
        "min": 129.19921875,
        "var": 1475793.125
    },
    "spectral_skewness": {
        "dmean": 0.262309908867,
        "dmean2": 0.440323501825,
        "dvar": 0.0580392293632,
        "dvar2": 0.151794090867,
        "max": 3.12575531006,
        "mean": 0.857108652592,
        "median": 0.808313012123,
        "min": -0.219070509076,
        "var": 0.164633914828
    },
    "spectral_spread": {
        "dmean": 337665.5625,
        "dmean2": 524420.5625,
        "dvar": 101870829568,
        "dvar2": 233638445056,
        "max": 5754887,
        "mean": 3223108.75,
        "median": 3258343.75,
        "min": 962275.8125,
        "var": 354162999296
    },
    "spectral_strongpeak": {
        "dmean": 0.718787252903,
        "dmean2": 1.20792901516,
        "dvar": 1.72736489773,
        "dvar2": 3.93088412285,
        "max": 15.4091968536,
        "mean": 1.15214765072,
        "median": 0.569621741772,
        "min": 0.0274015646428,
        "var": 3.14189195633
    },
    "zerocrossingrate": {
        "dmean": 0.0109715890139,
        "dmean2": 0.0127361603081,
        "dvar": 0.000105981373054,
        "dvar2": 0.000123639780213,
        "max": 0.21337890625,
        "mean": 0.0674107596278,
        "median": 0.06494140625,
        "min": 0.009765625,
        "var": 0.000790870632045
    },
    "barkbands": {
        "dmean": [1.96220753423e-06, 0.000676729425322, 0.00159370200709, 0.000636719749309, 0.00243448419496, 0.000930138339754, 0.00107574847061, 0.000605494191404, 0.000695610709954, 0.000448419537861, 0.000277762679616, 0.000460956129245, 0.000412740861066, 0.000306925270706, 0.000327973044477, 0.000332108989824, 0.000479526876006, 0.00052458216669, 0.000353593670297, 0.000256897357758, 0.000234467370319, 0.000103398313513, 5.19452987646e-05, 1.65289020515e-05, 3.25575888382e-06, 5.69801215988e-07, 3.28797122862e-09],
        "dmean2": [3.37232768288e-06, 0.000997068011202, 0.00213842233643, 0.00102255935781, 0.00399302272126, 0.00151104619727, 0.00169431301765, 0.000984841259196, 0.00107759807725, 0.000682305602822, 0.000457169051515, 0.000734311935958, 0.000653102353681, 0.000492421502713, 0.00051396159688, 0.000532363774255, 0.000770285143517, 0.000808614830021, 0.000554097932763, 0.000400686694775, 0.000346786226146, 0.000167681093444, 8.93166798051e-05, 2.73584191746e-05, 5.62877585253e-06, 1.03241086435e-06, 4.10520240024e-09],
        "dvar": [1.95762139138e-11, 1.21937000586e-06, 8.12225334812e-06, 1.23315555811e-06, 1.46006195791e-05, 2.37118888435e-06, 5.69347594137e-06, 2.25553435484e-06, 3.96647646994e-06, 1.36631365422e-06, 8.03765999535e-07, 3.37099231729e-06, 9.26290510961e-07, 7.82145775702e-07, 4.65763633883e-07, 3.66684844266e-07, 1.22335234209e-06, 1.0744465726e-06, 3.53729291191e-07, 2.01544182232e-07, 2.84107187554e-07, 8.78495711731e-08, 4.68010519228e-08, 1.63714131141e-09, 8.09432937343e-11, 4.47181961599e-12, 3.65640279352e-15],
        "dvar2": [3.90625067015e-11, 2.59502166955e-06, 1.18241987366e-05, 2.96097846331e-06, 3.41201084666e-05, 5.69714529775e-06, 1.27705061459e-05, 5.48563548364e-06, 7.82884217188e-06, 2.51579899668e-06, 1.73047487806e-06, 7.41319354347e-06, 1.99562509806e-06, 1.76328580892e-06, 1.01082287074e-06, 8.53132121392e-07, 3.15408556162e-06, 2.11228280023e-06, 8.3341097934e-07, 4.2848597559e-07, 5.11355835897e-07, 2.04135275794e-07, 1.35028614068e-07, 4.36460645403e-09, 2.24714885588e-10, 1.2910437476e-11, 3.69168849204e-15],
        "max": [0.000109794666059, 0.014860264957, 0.0456385016441, 0.02080421336, 0.0419747717679, 0.0198357123882, 0.0333237610757, 0.0261493436992, 0.0372462570667, 0.0192774664611, 0.0187275931239, 0.0444557107985, 0.0129335364327, 0.0152111202478, 0.0136009957641, 0.00770274270326, 0.0200215484947, 0.0204345379025, 0.00705812126398, 0.00829936470836, 0.0130816055462, 0.00527902226895, 0.00477897841483, 0.000649289169814, 9.88484316622e-05, 2.5516594178e-05, 1.66728796103e-06],
        "mean": [1.97834128812e-06, 0.00118682219181, 0.00246132351458, 0.000855908147059, 0.00381789286621, 0.00152384466492, 0.00145246647298, 0.000868412083946, 0.000980866374448, 0.000754098582547, 0.00031827625935, 0.000486349483253, 0.000572867633309, 0.000439336465206, 0.000509059696924, 0.000529571203515, 0.000687786319759, 0.000882150838152, 0.000589956820477, 0.000462984549813, 0.000413647969253, 0.000149476691149, 5.87553840887e-05, 2.12346749322e-05, 3.12888164444e-06, 4.33177802961e-07, 3.06650882465e-09],
        "median": [8.42863812522e-07, 0.000324666587403, 0.000511429389007, 0.000379623379558, 0.0021123404149, 0.000751991348807, 0.000574112404138, 0.000337703706464, 0.000319683633279, 0.000197946865228, 9.63681886788e-05, 0.000103939681139, 0.000183112162631, 0.000152978376718, 0.000255468970863, 0.000246343726758, 0.000237135434872, 0.000340629776474, 0.000310666917358, 0.00028631958412, 0.00023309532844, 5.74531077291e-05, 2.2053527573e-05, 1.10629371193e-05, 1.00460886188e-06, 8.70417693477e-08, 2.3705781782e-10],
        "min": [4.80124739966e-09, 1.87978997701e-07, 3.96475101638e-08, 1.99870235917e-08, 1.25272521245e-07, 3.70559945395e-07, 2.06123587532e-07, 1.35170608928e-07, 1.02614797015e-06, 2.54639900277e-07, 2.49405218256e-07, 3.27346924678e-07, 6.12685312262e-07, 8.5450841425e-07, 9.9975284229e-07, 3.09730950221e-07, 8.03836599061e-07, 7.97514928763e-07, 5.36378138349e-07, 3.26427652908e-07, 5.68546738577e-07, 1.83453906288e-07, 3.05714955573e-08, 1.83873698489e-08, 9.99000704383e-09, 9.08352282281e-11, 6.81433381944e-12],
        "var": [1.92638214408e-11, 3.16695059155e-06, 2.64010795945e-05, 2.55374493463e-06, 2.27738255489e-05, 5.0353255574e-06, 7.68626705394e-06, 3.79078687729e-06, 6.16286888544e-06, 3.67298093806e-06, 1.04600394479e-06, 4.15560543843e-06, 1.6238709577e-06, 1.46757417951e-06, 8.01670637429e-07, 5.93275785832e-07, 1.58409739015e-06, 2.55652412307e-06, 6.57989289721e-07, 4.25778722501e-07, 6.769946026e-07, 1.42772435652e-07, 2.98961033707e-08, 1.43046763323e-09, 5.52489026751e-11, 2.53317527545e-12, 3.65358598546e-15]
    },
    "erbbands": {
        "dmean": [0.00631272234023, 0.219629392028, 1.69521200657, 1.56628406048, 5.79740524292, 8.78988075256, 7.51961040497, 7.89824342728, 15.8661565781, 13.1690149307, 12.5497522354, 15.7706317902, 14.5806703568, 10.969376564, 12.8245182037, 19.2238788605, 19.5310020447, 15.3589468002, 15.8762302399, 18.1382255554, 16.6662063599, 25.4809818268, 25.6558113098, 22.0829162598, 17.1723499298, 12.3292694092, 10.3554906845, 8.4040145874, 3.88213801384, 2.30753588676, 1.45169711113, 0.562125265598, 0.162106662989, 0.0485692359507, 0.017919735983, 0.0047319335863, 0.000705665093847, 4.80627277284e-05, 4.99893985761e-06, 7.32533135306e-06],
        "dmean2": [0.00961495377123, 0.314310759306, 2.27117753029, 2.38588523865, 9.52216625214, 14.5235509872, 11.9076318741, 12.875626564, 25.1710453033, 21.9533576965, 19.8568840027, 24.3290462494, 22.7355308533, 17.3049602509, 20.0071487427, 30.0733165741, 29.9883365631, 24.9607658386, 23.9647064209, 28.8941135406, 26.8344497681, 40.5247039795, 40.4585990906, 33.5739707947, 27.0563278198, 19.2170219421, 15.8351631165, 12.4397544861, 6.14297056198, 3.85259056091, 2.49733042717, 0.939261555672, 0.269096851349, 0.0817723795772, 0.0319698750973, 0.00857404153794, 0.00127265241463, 8.48247073009e-05, 7.38170820114e-06, 1.07235528048e-05],
        "dvar": [0.00013880309416, 0.121436543763, 9.03138256073, 6.19136333466, 91.1667022705, 216.755050659, 136.147766113, 190.275863647, 1310.78588867, 935.505126953, 802.478027344, 2453.79003906, 1721.17053223, 699.845153809, 1771.20898438, 6446.38427734, 2229.74072266, 2408.18920898, 1560.0838623, 1257.26416016, 842.588989258, 3404.76708984, 2918.72998047, 2045.12805176, 914.370544434, 429.270935059, 339.602783203, 614.05871582, 117.334259033, 40.1494941711, 51.3384361267, 2.39495897293, 0.124331817031, 0.0126487612724, 0.00363975623623, 0.000288639741484, 7.24973142496e-06, 4.21130152972e-08, 1.21703924716e-10, 6.20706819277e-11],
        "dvar2": [0.000307293783408, 0.23797519505, 12.9706487656, 14.7923927307, 225.22052002, 509.955688477, 271.584838867, 482.133514404, 2885.83984375, 2218.8737793, 1735.81213379, 4967.390625, 3203.609375, 1471.56396484, 3950.82910156, 13150.1025391, 4777.71728516, 5904.26318359, 2982.59960938, 3036.1315918, 1892.95471191, 8608.02050781, 6619.87353516, 4177.20117188, 2240.55639648, 892.27130127, 720.067626953, 1139.04797363, 237.015930176, 108.109214783, 149.696212769, 6.51113414764, 0.329783409834, 0.0339269079268, 0.0104118986055, 0.000834401871543, 2.08484852919e-05, 1.15070783124e-07, 1.93333363208e-10, 1.28752383755e-10],
        "max": [0.283130735159, 3.90160799026, 46.6818389893, 43.7933273315, 106.438705444, 177.460800171, 257.851776123, 132.99822998, 516.172302246, 388.380310059, 555.216308594, 858.092895508, 773.466308594, 405.172119141, 778.969665527, 2231.55981445, 664.745300293, 821.978027344, 711.667602539, 552.337280273, 373.358215332, 942.269165039, 936.387329102, 794.78729248, 510.657653809, 390.957458496, 468.878601074, 595.027709961, 192.970855713, 73.0430603027, 168.441986084, 27.1218357086, 5.37840366364, 1.12158966064, 0.693043351173, 0.194310322404, 0.0373557880521, 0.0031171431765, 0.000261354027316, 8.17404797999e-05],
        "mean": [0.011895544827, 0.38557985425, 2.68780326843, 2.64962863922, 7.54973220825, 13.2196989059, 13.5577707291, 12.3772926331, 21.9886989594, 18.0221252441, 19.5370388031, 22.313659668, 24.8647422791, 17.2450714111, 15.240650177, 22.3528652191, 27.410528183, 21.2298870087, 24.1714763641, 29.0239925385, 28.0319805145, 38.5464439392, 41.9183006287, 41.1363754272, 29.4937610626, 22.4901733398, 18.5819034576, 14.2851066589, 6.20566701889, 2.77182722092, 1.60190141201, 0.723677873611, 0.200929805636, 0.0530474148691, 0.0146115934476, 0.00360305793583, 0.000557809195016, 4.26764818258e-05, 1.41739183164e-05, 2.51790461334e-05],
        "median": [0.00370709318668, 0.114334717393, 0.681690812111, 1.39261412621, 3.48061227798, 6.65287160873, 7.24092578888, 5.91807889938, 7.6474146843, 7.85985708237, 9.17199611664, 7.87664699554, 6.78360128403, 6.36156415939, 5.57180404663, 5.66844415665, 8.92705249786, 7.42330551147, 10.1311416626, 16.3980350494, 14.8130788803, 13.967549324, 18.4337024689, 16.7570915222, 15.7748355865, 14.0721712112, 11.5865859985, 7.19684791565, 2.59125590324, 0.937177300453, 0.598909676075, 0.361021459103, 0.0963945165277, 0.0202451273799, 0.00372392660938, 0.000769606733229, 0.000132379180286, 1.39404864967e-05, 1.20217564472e-05, 2.31898520724e-05],
        "min": [6.61952253722e-06, 4.87182260258e-05, 7.46819132473e-05, 7.53076528781e-05, 0.000676525989547, 0.00464503327385, 0.00306309899315, 0.00630703894421, 0.00891083758324, 0.00355014856905, 0.0235291235149, 0.0337436981499, 0.0147436205298, 0.0272048152983, 0.0357764288783, 0.0156198525801, 0.0285915676504, 0.0479990690947, 0.0357765778899, 0.0570607110858, 0.0330959931016, 0.0397583246231, 0.0969218164682, 0.0354989692569, 0.0419183932245, 0.0236897487193, 0.0247820634395, 0.0199025701731, 0.00815200991929, 0.00203663064167, 0.000872517819516, 0.000458561204141, 0.000228085918934, 8.0046178482e-05, 3.99639648094e-05, 7.6398919191e-06, 2.44849479714e-06, 2.7204632147e-07, 4.85986163312e-07, 9.42471615417e-07],
        "var": [0.0004628659226, 0.323418319225, 28.7360305786, 13.7717952728, 116.275947571, 337.249938965, 383.674468994, 293.977386475, 1896.92724609, 1201.17358398, 1457.98132324, 3421.94433594, 5291.21044922, 1090.19018555, 2047.58703613, 8935.87890625, 3972.82373047, 2964.68579102, 2705.27197266, 1855.609375, 1410.56958008, 4792.56542969, 4969.48583984, 5554.74121094, 1763.11364746, 924.079101562, 724.599243164, 1375.29345703, 233.813949585, 38.1994972229, 30.5715904236, 1.9473092556, 0.114322729409, 0.0102798594162, 0.00216742209159, 0.000163946810062, 4.12683675677e-06, 2.53899248293e-08, 1.5181828017e-10, 1.70217701045e-10]
    },
    "gfcc": {
        "mean": [-23.9501266479, 119.140083313, -165.70715332, 59.4256401062, -69.4460220337, -8.89425563812, -32.1405258179, -9.40699100494, -16.063085556, -12.4629383087, -8.04241657257, -14.6911039352, -3.53144454956],
        "cov": [[1425.50671387, -343.562194824, -41.7518043518, 165.066589355, -113.148742676, 160.128814697, -92.6039047241, 96.1390762329, -65.6181564331, 39.9067344666, -34.5137138367, 63.7066802979, -31.520526886], [-343.562194824, 831.695068359, 204.511978149, -56.3980560303, 201.815536499, 26.5465335846, 134.332260132, -99.1570587158, 92.2912979126, -56.3306236267, 80.758140564, -89.7098388672, 12.7572059631], [-41.7518043518, 204.511978149, 520.905273438, 285.669494629, 20.6463356018, 145.750167847, 71.6378479004, 8.35017108917, -8.14840698242, 17.8653202057, -9.81402492523, -31.3885231018, -29.8511543274], [165.066589355, -56.3980560303, 285.669494629, 520.86541748, 91.7824172974, 76.5453186035, 53.4347801208, 40.4316825867, 18.6863918304, 12.2552623749, -30.1106452942, -25.3648414612, -4.60680389404], [-113.148742676, 201.815536499, 20.6463356018, 91.7824172974, 316.077667236, 21.2968673706, -9.08821392059, -12.7226467133, 61.7934341431, 13.0578451157, 1.84888505936, -34.0952949524, -20.6862945557], [160.128814697, 26.5465335846, 145.750167847, 76.5453186035, 21.2968673706, 204.720993042, 79.0677642822, 13.5127887726, -15.0196714401, 43.0065536499, 15.7176418304, -13.3288898468, -10.8883638382], [-92.6039047241, 134.332260132, 71.6378479004, 53.4347801208, -9.08821392059, 79.0677642822, 271.887695312, 41.61485672, -6.23152542114, -23.1382884979, 54.9804382324, 3.44504189491, 7.89986515045], [96.1390762329, -99.1570587158, 8.35017108917, 40.4316825867, -12.7226467133, 13.5127887726, 41.61485672, 146.920257568, 21.8123397827, 0.253439486027, -0.380240172148, 29.4072380066, 2.78722190857], [-65.6181564331, 92.2912979126, -8.14840698242, 18.6863918304, 61.7934341431, -15.0196714401, -6.23152542114, 21.8123397827, 151.016784668, 33.043182373, 8.0386390686, -4.21284103394, 18.7615833282], [39.9067344666, -56.3306236267, 17.8653202057, 12.2552623749, 13.0578451157, 43.0065536499, -23.1382884979, 0.253439486027, 33.043182373, 125.118385315, 2.21671414375, -23.7201747894, 9.93987464905], [-34.5137138367, 80.758140564, -9.81402492523, -30.1106452942, 1.84888505936, 15.7176418304, 54.9804382324, -0.380240172148, 8.0386390686, 2.21671414375, 105.453697205, 17.8617916107, -12.2061071396], [63.7066802979, -89.7098388672, -31.3885231018, -25.3648414612, -34.0952949524, -13.3288898468, 3.44504189491, 29.4072380066, -4.21284103394, -23.7201747894, 17.8617916107, 109.939422607, 4.55124950409], [-31.520526886, 12.7572059631, -29.8511543274, -4.60680389404, -20.6862945557, -10.8883638382, 7.89986515045, 2.78722190857, 18.7615833282, 9.93987464905, -12.2061071396, 4.55124950409, 88.0997619629]],
        "icov": [[0.00135240261443, -0.000926563807297, 0.00164701265749, -0.00143476866651, 0.00131223211065, -0.0020355693996, 0.00137735030148, -0.00119217159227, 0.000844227324706, -0.000686615821905, 0.000747072452214, -0.00124889821745, 0.00113753124606], [-0.000926563807297, 0.00568401254714, -0.00489386543632, 0.00396633986384, -0.00414017122239, 0.00255392352119, -0.00295617664233, 0.00356134190224, -0.00348722981289, 0.00427131727338, -0.00371780758724, 0.00439920462668, -0.0035911006853], [0.00164701265749, -0.00489386543632, 0.0082378257066, -0.00564904185012, 0.00456924643368, -0.0052076568827, 0.00302495365031, -0.00302162230946, 0.00290912482888, -0.00337849999778, 0.00355897867121, -0.00378185929731, 0.00449751503766], [-0.00143476866651, 0.00396633986384, -0.00564904185012, 0.00638224044815, -0.00418045651168, 0.0030811408069, -0.00295221921988, 0.00210537575185, -0.00257635652088, 0.00289100967348, -0.00188804301433, 0.00350199453533, -0.00329072633758], [0.00131223211065, -0.00414017122239, 0.00456924643368, -0.00418045651168, 0.00734190596268, -0.00343536911532, 0.00288792978972, -0.00230911560357, 0.000828109506983, -0.00264704832807, 0.00260200514458, -0.00254405802116, 0.00412628473714], [-0.0020355693996, 0.00255392352119, -0.0052076568827, 0.0030811408069, -0.00343536911532, 0.0111372498795, -0.0045376745984, 0.00205973372795, -0.000368401524611, -0.00131128937937, -0.00204665958881, 0.0024809401948, -0.00197529839352], [0.00137735030148, -0.00295617664233, 0.00302495365031, -0.00295221921988, 0.00288792978972, -0.0045376745984, 0.00759630231187, -0.00371402874589, 0.00208156998269, -0.000180666029337, -0.000948146160226, -0.00176862289663, 0.000882167194504], [-0.00119217159227, 0.00356134190224, -0.00302162230946, 0.00210537575185, -0.00230911560357, 0.00205973372795, -0.00371402874589, 0.0107245258987, -0.0038824963849, 0.00233744666912, -0.00115266616922, 0.000617668265477, -0.00177837722003], [0.000844227324706, -0.00348722981289, 0.00290912482888, -0.00257635652088, 0.000828109506983, -0.000368401524611, 0.00208156998269, -0.0038824963849, 0.0107760028914, -0.00499104848132, 0.00121631636284, -0.00278809573501, 0.000323923391989], [-0.000686615821905, 0.00427131727338, -0.00337849999778, 0.00289100967348, -0.00264704832807, -0.00131128937937, -0.000180666029337, 0.00233744666912, -0.00499104848132, 0.0137888267636, -0.00396116450429, 0.00558032048866, -0.0040290299803], [0.000747072452214, -0.00371780758724, 0.00355897867121, -0.00188804301433, 0.00260200514458, -0.00204665958881, -0.000948146160226, -0.00115266616922, 0.00121631636284, -0.00396116450429, 0.0145806055516, -0.00536811258644, 0.00487765530124], [-0.00124889821745, 0.00439920462668, -0.00378185929731, 0.00350199453533, -0.00254405802116, 0.0024809401948, -0.00176862289663, 0.000617668265477, -0.00278809573501, 0.00558032048866, -0.00536811258644, 0.0146691333503, -0.00387124810368], [0.00113753124606, -0.0035911006853, 0.00449751503766, -0.00329072633758, 0.00412628473714, -0.00197529839352, 0.000882167194504, -0.00177837722003, 0.000323923391989, -0.0040290299803, 0.00487765530124, -0.00387124810368, 0.0155928768218]]
    },
    "melbands": {
        "dmean": [0.000117342817248, 0.000669338682201, 0.000349644571543, 0.000574468111154, 0.000282222143142, 0.000184738339158, 0.000231390993576, 0.000139293289976, 0.000103848949948, 0.000100145261968, 7.29335297365e-05, 4.65977573185e-05, 4.0176550101e-05, 4.73713662359e-05, 5.75718186155e-05, 3.29378381139e-05, 3.07787086058e-05, 2.74538178928e-05, 2.59825792455e-05, 2.40791323449e-05, 2.11021597352e-05, 2.47546176979e-05, 3.05344474327e-05, 2.56845214608e-05, 1.83357624337e-05, 1.4372933947e-05, 9.98192990664e-06, 8.6229383669e-06, 7.42501697459e-06, 5.77329183216e-06, 4.94955747854e-06, 2.40737995227e-06, 1.71759381828e-06, 1.12494547011e-06, 9.97168172034e-07, 4.70793480645e-07, 2.91953398346e-07, 1.30837165102e-07, 5.90842859083e-08, 3.57131213491e-08],
        "dmean2": [0.000174750923179, 0.000907858251594, 0.000536745938007, 0.000943640887272, 0.000449687737273, 0.000302786473185, 0.000368312263163, 0.00023283167684, 0.000161583549925, 0.000155644214828, 0.000113066249469, 7.31926629669e-05, 6.43185703666e-05, 7.65415898059e-05, 8.85061817826e-05, 5.31170117029e-05, 4.97552355228e-05, 4.21814329457e-05, 4.14229143644e-05, 3.84863305953e-05, 3.39757571055e-05, 3.99339769501e-05, 4.85267155454e-05, 3.97985895688e-05, 2.83325061901e-05, 2.27899145102e-05, 1.58692437253e-05, 1.35044529088e-05, 1.17109293569e-05, 8.78769515111e-06, 7.46914656702e-06, 3.78189565708e-06, 2.89616718874e-06, 1.90313642179e-06, 1.73493162947e-06, 7.85683198501e-07, 4.85738269163e-07, 2.17914376321e-07, 9.88788784184e-08, 6.04293006745e-08],
        "dvar": [3.8485858056e-08, 1.28324245452e-06, 2.2375071751e-07, 9.60109332482e-07, 1.65669845842e-07, 1.04081856023e-07, 2.82723561895e-07, 1.09217701549e-07, 5.33726627339e-08, 1.00111364532e-07, 4.20565378079e-08, 1.23007399822e-08, 1.76261085727e-08, 3.62561713985e-08, 2.82525132178e-08, 7.44227124372e-09, 9.49682998908e-09, 6.09582651023e-09, 3.16191783867e-09, 2.40829156617e-09, 1.57986301819e-09, 3.44705330946e-09, 4.47741799192e-09, 3.03403946411e-09, 1.57816992807e-09, 6.45300812785e-10, 3.88869686452e-10, 2.12920445164e-10, 1.60706711827e-10, 2.46010545268e-10, 2.39086667131e-10, 5.22818073556e-11, 2.1197746683e-11, 1.17023214036e-11, 2.98967656187e-11, 2.08970969869e-12, 5.36092654643e-13, 8.05929623168e-14, 1.45881096374e-14, 7.85292461619e-15],
        "dvar2": [8.26984134505e-08, 1.90713637949e-06, 5.18782201198e-07, 2.26321799346e-06, 3.59091302471e-07, 2.65178300651e-07, 6.27527128927e-07, 2.65318448101e-07, 1.06593063265e-07, 2.14762238215e-07, 7.65868293229e-08, 2.58083989735e-08, 3.55356810644e-08, 8.56429451801e-08, 6.22127487304e-08, 1.66149067837e-08, 2.22462031019e-08, 1.19018164213e-08, 7.56125295709e-09, 5.522187152e-09, 3.49381434894e-09, 8.57364135243e-09, 1.15383214094e-08, 6.14016659739e-09, 3.31394445219e-09, 1.47818390861e-09, 9.22424692185e-10, 4.52750337221e-10, 3.78997583317e-10, 5.08489028661e-10, 4.35018854272e-10, 1.07152189899e-10, 5.53839404893e-11, 3.24588619871e-11, 8.75357494823e-11, 5.78277399924e-12, 1.42809006808e-12, 2.16269290345e-13, 3.85132633521e-14, 2.14291051673e-14],
        "max": [0.00366080086678, 0.0170851200819, 0.00673939334229, 0.0105126602575, 0.006875612773, 0.00286453473382, 0.00775699550286, 0.00526515906677, 0.00478135654703, 0.00626222416759, 0.0037792797666, 0.001766657806, 0.00298546720296, 0.00357600068673, 0.00378709752113, 0.00122436578386, 0.00169813784305, 0.00132251589093, 0.00122292526066, 0.000619168509729, 0.000565423106309, 0.000788235047366, 0.00121183437295, 0.00120859697927, 0.000702924560755, 0.00035657454282, 0.000332097959472, 0.00027276595938, 0.000258053594735, 0.000373651098926, 0.000386922445614, 0.000133873385494, 6.18271005806e-05, 4.81849783682e-05, 0.000130724380142, 2.80274889519e-05, 1.00963552541e-05, 4.34093362855e-06, 1.14158183351e-06, 9.39218637086e-07],
        "mean": [0.000214625542867, 0.00109250529204, 0.000579469371587, 0.000820457353257, 0.000508361263201, 0.000287139322609, 0.000324763474055, 0.000194074309547, 0.000165859644767, 0.000134352856549, 0.000123277888633, 7.0443515142e-05, 4.80130329379e-05, 5.0617607485e-05, 7.25326899556e-05, 4.39318755525e-05, 4.06384097005e-05, 3.79068151233e-05, 3.95356400986e-05, 3.6552472011e-05, 3.25428154611e-05, 3.51959497493e-05, 4.35592774011e-05, 4.19685529778e-05, 3.20135004586e-05, 2.33157188632e-05, 1.62405867741e-05, 1.47977852976e-05, 1.24525249703e-05, 9.61949263001e-06, 7.88471970736e-06, 3.74938645109e-06, 2.05083324545e-06, 1.28537158162e-06, 1.01617706605e-06, 5.94149014432e-07, 3.68197106582e-07, 1.54337371328e-07, 6.64608776901e-08, 3.53108191575e-08],
        "median": [5.73467441427e-05, 0.000323880231008, 0.000336440483807, 0.000410274282331, 0.000290855998173, 0.000136442380608, 0.000119762597024, 8.38028499857e-05, 7.44539065636e-05, 4.44784091087e-05, 3.24270258716e-05, 2.35792831518e-05, 1.69579798239e-05, 1.15804950838e-05, 1.86444794963e-05, 1.50356945596e-05, 1.306325521e-05, 1.49530142153e-05, 2.04166117328e-05, 1.72444997588e-05, 1.43284205478e-05, 1.23934469229e-05, 1.62006181199e-05, 1.63590211741e-05, 1.2030025573e-05, 1.1797001207e-05, 8.42558802105e-06, 9.03679938347e-06, 7.57174211685e-06, 4.79249547425e-06, 3.76304683414e-06, 1.49045672515e-06, 6.69987514357e-07, 4.27242298429e-07, 3.46574950072e-07, 2.58365815853e-07, 1.85922431228e-07, 7.19628516777e-08, 2.64807855643e-08, 1.15228671049e-08],
