{
"highlevel": {
    "danceability": {
        "all": {
            "danceable": 0.999904334545,
            "not_danceable": 9.56636722549e-05
        },
        "probability": 0.999904334545,
        "value": "danceable"
    },
    "gender": {
        "all": {
            "female": 0.711543381214,
            "male": 0.288456618786
        },
        "probability": 0.711543381214,
        "value": "female"
    },
    "genre_dortmund": {
        "all": {
            "alternative": 0.0172654092312,
            "blues": 0.0110966609791,
            "electronic": 0.0399935804307,
            "folkcountry": 0.0124375801533,
            "funksoulrnb": 0.0245049167424,
            "jazz": 0.0234519112855,
            "pop": 0.0385551229119,
            "raphiphop": 0.789026081562,
            "rock": 0.0436687469482
        },
        "probability": 0.789026081562,
        "value": "raphiphop"
    },
    "genre_electronic": {
        "all": {
            "ambient": 0.117489121854,
            "dnb": 0.0780379995704,
            "house": 0.181442901492,
            "techno": 0.0168551895767,
            "trance": 0.606174767017
        },
        "probability": 0.606174767017,
        "value": "trance"
    },
    "genre_rosamerica": {
        "all": {
            "cla": 0.00153750530444,
            "dan": 0.57369941473,
            "hip": 0.0977773666382,
            "jaz": 0.00231785420328,
            "pop": 0.269251704216,
            "rhy": 0.0271010436118,
            "roc": 0.0263846740127,
            "spe": 0.00193043670151
        },
        "probability": 0.57369941473,
        "value": "dan"
    },
    "genre_tzanetakis": {
        "all": {
            "blu": 0.0962750017643,
            "cla": 0.0427837967873,
            "cou": 0.128372877836,
            "dis": 0.0770948305726,
            "hip": 0.128527656198,
            "jaz": 0.192860364914,
            "met": 0.07712546736,
            "pop": 0.0963750630617,
            "reg": 0.0642356872559,
            "roc": 0.0963492542505
        },
        "probability": 0.192860364914,
        "value": "jaz"
    },
    "ismir04_rhythm": {
        "all": {
            "ChaChaCha": 0.0858568623662,
            "Jive": 0.00858363881707,
            "Quickstep": 0.0118933320045,
            "Rumba-American": 0.0055942828767,
            "Rumba-International": 0.0215242542326,
            "Rumba-Misc": 0.00488520925865,
            "Samba": 0.8553596735,
            "Tango": 0.00234240526333,
            "VienneseWaltz": 0.00281262723729,
            "Waltz": 0.00114771584049
        },
        "probability": 0.8553596735,
        "value": "Samba"
    },
    "mood_acoustic": {
        "all": {
            "acoustic": 0.00302311056294,
            "not_acoustic": 0.996976912022
        },
        "probability": 0.996976912022,
        "value": "not_acoustic"
    },
    "mood_aggressive": {
        "all": {
            "aggressive": 0.0661808475852,
            "not_aggressive": 0.933819174767
        },
        "probability": 0.933819174767,
        "value": "not_aggressive"
    },
    "mood_electronic": {
        "all": {
            "electronic": 0.817781984806,
            "not_electronic": 0.182218030095
        },
        "probability": 0.817781984806,
        "value": "electronic"
    },
    "mood_happy": {
        "all": {
            "happy": 0.81787365675,
            "not_happy": 0.182126373053
        },
        "probability": 0.81787365675,
        "value": "happy"
    },
    "mood_party": {
        "all": {
            "not_party": 0.14584492147,
            "party": 0.854155063629
        },
        "probability": 0.854155063629,
        "value": "party"
    },
    "mood_relaxed": {
        "all": {
            "not_relaxed": 0.971834123135,
            "relaxed": 0.0281659010798
        },
        "probability": 0.971834123135,
        "value": "not_relaxed"
    },
    "mood_sad": {
        "all": {
            "not_sad": 0.845803499222,
            "sad": 0.154196470976
        },
        "probability": 0.845803499222,
        "value": "not_sad"
    },
    "moods_mirex": {
        "all": {
            "Cluster1": 0.325645804405,
            "Cluster2": 0.197169333696,
            "Cluster3": 0.0451818816364,
            "Cluster4": 0.209227532148,
            "Cluster5": 0.222775444388
        },
        "probability": 0.325645804405,
        "value": "Cluster1"
    },
    "timbre": {
        "all": {
            "bright": 0.778318583965,
            "dark": 0.221681386232
        },
        "probability": 0.778318583965,
        "value": "bright"
    },
    "tonal_atonal": {
        "all": {
            "atonal": 0.601081848145,
            "tonal": 0.398918122053
        },
        "probability": 0.601081848145,
        "value": "atonal"
    },
    "voice_instrumental": {
        "all": {
            "instrumental": 0.00185504567344,
            "voice": 0.998144924641
        },
        "probability": 0.998144924641,
        "value": "voice"
    }
},
"lowlevel": {
    "average_loudness": 0.946884214878,
    "barkbands_crest": {
        "dmean": 3.53394699097,
        "dmean2": 5.52235937119,
        "dvar": 11.7453985214,
        "dvar2": 28.1015586853,
        "max": 25.6521701813,
        "mean": 13.0401754379,
        "median": 12.3499450684,
        "min": 2.01368761063,
        "var": 35.9551391602
    },
    "barkbands_flatness_db": {
        "dmean": 0.030760128051,
        "dmean2": 0.0460345335305,
        "dvar": 0.000955987081397,
        "dvar2": 0.00230192719027,
        "max": 0.34872713685,
        "mean": 0.156491845846,
        "median": 0.148371249437,
        "min": 0.0351258181036,
        "var": 0.00303034344688
    },
    "barkbands_kurtosis": {
        "dmean": 5.09842061996,
        "dmean2": 7.79217243195,
        "dvar": 98.757270813,
        "dvar2": 218.245666504,
        "max": 169.922149658,
        "mean": 5.67377710342,
        "median": 1.10406351089,
        "min": -1.87690615654,
        "var": 190.042022705
    },
    "barkbands_skewness": {
        "dmean": 0.896098434925,
        "dmean2": 1.30934822559,
        "dvar": 0.914255082607,
        "dvar2": 2.09275555611,
        "max": 12.152633667,
        "mean": 1.6042573452,
        "median": 1.2515257597,
        "min": -2.7809882164,
        "var": 3.31727337837
    },
    "barkbands_spread": {
        "dmean": 10.1117534637,
        "dmean2": 15.5896110535,
        "dvar": 146.025558472,
        "dvar2": 321.58782959,
        "max": 121.798400879,
        "mean": 29.1313934326,
        "median": 25.6744041443,
        "min": 1.92243123055,
        "var": 366.065917969
    },
    "dissonance": {
        "dmean": 0.0185655802488,
        "dmean2": 0.0298183485866,
        "dvar": 0.000380778277759,
        "dvar2": 0.000939329562243,
        "max": 0.499989658594,
        "mean": 0.46887409687,
        "median": 0.476695537567,
        "min": 0.244320958853,
        "var": 0.00082784704864
    },
    "dynamic_complexity": 2.64178466797,
    "erbbands_crest": {
        "dmean": 2.97051310539,
        "dmean2": 4.78726148605,
        "dvar": 8.29660320282,
        "dvar2": 19.8340396881,
        "max": 28.7335700989,
        "mean": 8.56589984894,
        "median": 7.29624652863,
        "min": 2.46993303299,
        "var": 19.8598537445
    },
    "erbbands_flatness_db": {
        "dmean": 0.021882686764,
        "dmean2": 0.0319600254297,
        "dvar": 0.000370926951291,
        "dvar2": 0.000754985085223,
        "max": 0.353824287653,
        "mean": 0.144169613719,
        "median": 0.137999489903,
        "min": 0.058210901916,
        "var": 0.0019702615682
    },
    "erbbands_kurtosis": {
        "dmean": 1.41267764568,
        "dmean2": 2.14672541618,
        "dvar": 4.08755731583,
        "dvar2": 8.35136413574,
        "max": 30.036655426,
        "mean": 0.988912642002,
        "median": 0.0253086090088,
        "min": -1.74741446972,
        "var": 8.59199237823
    },
    "erbbands_skewness": {
        "dmean": 0.494342625141,
        "dmean2": 0.742182374001,
        "dvar": 0.201129123569,
        "dvar2": 0.421201169491,
        "max": 3.87889933586,
        "mean": -0.0311622228473,
        "median": -0.0650725439191,
        "min": -3.50422024727,
        "var": 0.790958166122
    },
    "erbbands_spread": {
        "dmean": 12.588596344,
        "dmean2": 19.2922992706,
        "dvar": 183.215148926,
        "dvar2": 464.862365723,
        "max": 155.846069336,
        "mean": 41.4361839294,
        "median": 38.6816711426,
        "min": 2.57089686394,
        "var": 440.405700684
    },
    "hfc": {
        "dmean": 18.0094604492,
        "dmean2": 27.0368328094,
        "dvar": 731.887268066,
        "dvar2": 1631.63635254,
        "max": 414.261047363,
        "mean": 35.9691390991,
        "median": 26.2245159149,
        "min": 0.445192188025,
        "var": 1395.42590332
    },
    "melbands_crest": {
        "dmean": 4.01053190231,
        "dmean2": 5.8338136673,
        "dvar": 16.0505313873,
        "dvar2": 36.0546875,
        "max": 36.244720459,
        "mean": 18.6477775574,
        "median": 17.3416614532,
        "min": 2.48947286606,
        "var": 72.7929458618
    },
    "melbands_flatness_db": {
        "dmean": 0.0388965196908,
        "dmean2": 0.0569324269891,
        "dvar": 0.00163419509772,
        "dvar2": 0.00375405466184,
        "max": 0.44403976202,
        "mean": 0.189713075757,
        "median": 0.181806579232,
        "min": 0.0143829127774,
        "var": 0.00725365476683
    },
    "melbands_kurtosis": {
        "dmean": 17.9201202393,
        "dmean2": 27.934305191,
        "dvar": 1538.16772461,
        "dvar2": 3712.44970703,
        "max": 659.094604492,
        "mean": 23.6412353516,
        "median": 7.07099437714,
        "min": -1.83042049408,
        "var": 2620.45996094
    },
    "melbands_skewness": {
        "dmean": 1.38225483894,
        "dmean2": 2.07553863525,
        "dvar": 2.83964705467,
        "dvar2": 6.98706054688,
        "max": 22.2197437286,
        "mean": 3.29761362076,
        "median": 2.47986841202,
        "min": -1.18504536152,
        "var": 8.50350761414
    },
    "melbands_spread": {
        "dmean": 14.2285957336,
        "dmean2": 21.3233795166,
        "dvar": 368.002960205,
        "dvar2": 802.171081543,
        "max": 223.596969604,
        "mean": 33.3137702942,
        "median": 24.8838386536,
        "min": 0.720570921898,
        "var": 973.431152344
    },
    "pitch_salience": {
        "dmean": 0.0939930155873,
        "dmean2": 0.148769035935,
        "dvar": 0.0112154632807,
        "dvar2": 0.0284384563565,
        "max": 0.892124295235,
        "mean": 0.473082065582,
        "median": 0.48105853796,
        "min": 0.0267270524055,
        "var": 0.0304581765085
    },
    "silence_rate_20dB": {
        "dmean": 0,
        "dmean2": 0,
        "dvar": 0,
        "dvar2": 0,
        "max": 1,
        "mean": 1,
        "median": 1,
        "min": 1,
        "var": 0
    },
    "silence_rate_30dB": {
        "dmean": 0.131578952074,
        "dmean2": 0.263361722231,
        "dvar": 0.11426564306,
        "dvar2": 0.21259559691,
        "max": 1,
        "mean": 0.839907169342,
        "median": 1,
        "min": 0,
        "var": 0.134464681149
    },
    "silence_rate_60dB": {
        "dmean": 0.0386996902525,
        "dmean2": 0.0774593353271,
        "dvar": 0.037202373147,
        "dvar2": 0.082302980125,
        "max": 1,
        "mean": 0.0510440841317,
        "median": 0,
        "min": 0,
        "var": 0.0484385192394
    },
    "spectral_centroid": {
        "dmean": 430.119445801,
        "dmean2": 647.346435547,
        "dvar": 193582.265625,
        "dvar2": 390015.21875,
        "max": 6076.65527344,
        "mean": 1944.97521973,
        "median": 1837.66149902,
        "min": 332.871551514,
        "var": 646609.9375
    },
    "spectral_complexity": {
        "dmean": 6.83204317093,
        "dmean2": 10.2610378265,
        "dvar": 57.3132858276,
        "dvar2": 116.4454422,
        "max": 55,
        "mean": 20.5676727295,
        "median": 19,
        "min": 0,
        "var": 146.110946655
    },
    "spectral_decrease": {
        "dmean": 4.54122517368e-09,
        "dmean2": 6.40622443981e-09,
        "dvar": 4.1774741825e-17,
        "dvar2": 7.75520933368e-17,
        "max": -8.69535693448e-11,
        "mean": -1.1789749621e-08,
        "median": -7.40609440442e-09,
        "min": -4.88973341817e-08,
        "var": 1.34528128493e-16
    },
    "spectral_energy": {
        "dmean": 0.0180965401232,
        "dmean2": 0.0255106743425,
        "dvar": 0.000610660295933,
        "dvar2": 0.00114095560275,
        "max": 0.187434524298,
        "mean": 0.0477597303689,
        "median": 0.031192805618,
        "min": 0.000437337119365,
        "var": 0.00198154407553
    },
    "spectral_energyband_high": {
        "dmean": 0.0016253713984,
        "dmean2": 0.00232029985636,
        "dvar": 8.39931090013e-06,
        "dvar2": 1.86790020962e-05,
        "max": 0.0354749709368,
        "mean": 0.00227733468637,
        "median": 0.000854301440995,
        "min": 5.01277691001e-06,
        "var": 1.35434920594e-05
    },
    "spectral_energyband_low": {
        "dmean": 0.014224620536,
        "dmean2": 0.0204084552824,
        "dvar": 0.000635066535324,
        "dvar2": 0.0012164900545,
        "max": 0.170928895473,
        "mean": 0.0298931412399,
        "median": 0.0108852135018,
        "min": 1.37294605906e-07,
        "var": 0.00168526510242
    },
    "spectral_energyband_middle_high": {
        "dmean": 0.00345997349359,
        "dmean2": 0.00549456942827,
        "dvar": 2.17520391743e-05,
        "dvar2": 5.54847865715e-05,
        "max": 0.0594058446586,
        "mean": 0.00762957753614,
        "median": 0.00491621112451,
        "min": 7.58505993872e-05,
        "var": 7.10876338417e-05
    },
    "spectral_energyband_middle_low": {
        "dmean": 0.00550887314603,
        "dmean2": 0.00919178780168,
        "dvar": 0.000106414256152,
        "dvar2": 0.000304389075609,
        "max": 0.0797042921185,
        "mean": 0.00882217753679,
        "median": 0.0058964905329,
        "min": 1.27187304315e-05,
        "var": 0.000105307350168
    },
    "spectral_entropy": {
        "dmean": 0.202791124582,
        "dmean2": 0.288293659687,
        "dvar": 0.0384054668248,
        "dvar2": 0.0792074203491,
        "max": 8.85912036896,
        "mean": 7.84344244003,
        "median": 7.82544612885,
        "min": 6.32611608505,
        "var": 0.129313960671
    },
    "spectral_flux": {
        "dmean": 0.0420115068555,
        "dmean2": 0.0644525662065,
        "dvar": 0.00261480710469,
        "dvar2": 0.00447261892259,
        "max": 0.409944623709,
        "mean": 0.113982990384,
        "median": 0.0974686667323,
        "min": 0.013340911828,
        "var": 0.00555317709222
    },
    "spectral_kurtosis": {
        "dmean": 1.24508321285,
        "dmean2": 1.88901054859,
        "dvar": 1.9275547266,
        "dvar2": 4.58564758301,
        "max": 36.7911109924,
        "mean": 3.37393951416,
        "median": 3.22923660278,
        "min": -1.282330513,
        "var": 4.88451194763
    },
    "spectral_rms": {
        "dmean": 0.00125313550234,
        "dmean2": 0.00172617414501,
        "dvar": 1.97266695068e-06,
        "dvar2": 3.38735685546e-06,
        "max": 0.0135226827115,
        "mean": 0.00606326479465,
        "median": 0.00551652116701,
        "min": 0.000653200084344,
        "var": 9.83165682555e-06
    },
    "spectral_rolloff": {
        "dmean": 1061.31066895,
        "dmean2": 1650.66882324,
        "dvar": 2768570.75,
        "dvar2": 5492848,
        "max": 13135.2539062,
        "mean": 2334.39746094,
        "median": 1442.72460938,
        "min": 64.599609375,
        "var": 7183127
    },
    "spectral_skewness": {
        "dmean": 0.233059123158,
        "dmean2": 0.334673702717,
        "dvar": 0.0403900034726,
        "dvar2": 0.0862872749567,
        "max": 4.55327272415,
        "mean": 1.38112878799,
        "median": 1.37841320038,
        "min": 0.0879375562072,
        "var": 0.164048030972
    },
    "spectral_spread": {
        "dmean": 853752.6875,
        "dmean2": 1262735.75,
        "dvar": 751506948096,
        "dvar2": 1.75783949107e+12,
        "max": 15294869,
        "mean": 5323925.5,
        "median": 5075536,
        "min": 1927282.75,
        "var": 2.34101696102e+12
    },
    "spectral_strongpeak": {
        "dmean": 0.587166011333,
        "dmean2": 0.988604724407,
        "dvar": 1.47163283825,
        "dvar2": 4.02677154541,
        "max": 11.6089229584,
        "mean": 0.956553518772,
        "median": 0.551273167133,
        "min": 0.0255546923727,
        "var": 1.83988523483
    },
    "zerocrossingrate": {
        "dmean": 0.0218543652445,
        "dmean2": 0.0239878091961,
        "dvar": 0.000684378435835,
        "dvar2": 0.000777353707235,
        "max": 0.43603515625,
        "mean": 0.0840164721012,
        "median": 0.06494140625,
        "min": 0.005859375,
        "var": 0.00439777644351
    },
    "barkbands": {
        "dmean": [0.000999137293547, 0.0125917205587, 0.00395367247984, 0.00169130170252, 0.00138516630977, 0.00116580817848, 0.00100242393091, 0.000797211541794, 0.00109528051689, 0.000761645496823, 0.000689332897309, 0.000979569624178, 0.000542126304936, 0.000545117538422, 0.000458717811853, 0.000356880016625, 0.000389120948967, 0.000441720621893, 0.00034511211561, 0.000297335151117, 0.00024449074408, 0.000342179089785, 0.000295328354696, 0.000306731817545, 0.000295919104246, 0.000198843743419, 8.90774813911e-08],
        "dmean2": [0.00094015232753, 0.0182612743229, 0.00751477247104, 0.00311427935958, 0.00225296244025, 0.0020222151652, 0.00168747478165, 0.00132706575096, 0.00173587817699, 0.00122907268815, 0.00106027012225, 0.00153426628094, 0.000912812305614, 0.000904947810341, 0.000756714667659, 0.000587425078265, 0.000636199838482, 0.000729095248971, 0.000570103817154, 0.000482959265355, 0.000382773869205, 0.000497501110658, 0.000424176163506, 0.000464087817818, 0.000461722927867, 0.000297335442156, 1.54198502855e-07],
        "dvar": [3.37168012265e-06, 0.000510006269906, 0.000205967488, 2.74558278761e-05, 8.12454254628e-06, 7.21402238923e-06, 6.41574479232e-06, 4.4482821977e-06, 6.98449912306e-06, 4.34644198322e-06, 3.50487175638e-06, 6.86796192895e-06, 1.0477727983e-06, 1.27340797462e-06, 8.01977648734e-07, 2.84273681928e-07, 3.39235839419e-07, 4.1307427523e-07, 4.00779299525e-07, 2.24359766321e-07, 1.86488179565e-07, 4.5948709726e-07, 3.09088960648e-07, 4.55490976492e-07, 5.91325090227e-07, 6.91894456395e-07, 2.07662879947e-13],
        "dvar2": [3.16316072713e-06, 0.0010143778054, 0.000591229298152, 8.00926572992e-05, 2.14568881347e-05, 1.99628339033e-05, 1.50843679876e-05, 1.10903374662e-05, 1.60038507602e-05, 1.01361993075e-05, 6.62054344502e-06, 1.69015092979e-05, 2.588677944e-06, 3.22263213093e-06, 1.86533918622e-06, 7.26994812794e-07, 8.01889143531e-07, 1.04588536942e-06, 1.00447414297e-06, 5.76659886065e-07, 4.51258387102e-07, 1.08820506739e-06, 6.28383986623e-07, 1.10861947178e-06, 1.34239076033e-06, 1.4579981098e-06, 5.56999216715e-13],
        "max": [0.0160536915064, 0.155722692609, 0.0889865458012, 0.0383098013699, 0.0467712767422, 0.0199605822563, 0.030757823959, 0.0307199805975, 0.0356401950121, 0.0345472767949, 0.0452082641423, 0.0473099723458, 0.0135241588578, 0.0175907351077, 0.0121392849833, 0.00584763055667, 0.00654592458159, 0.00690848752856, 0.0121370451525, 0.00771010154858, 0.00607209233567, 0.0096398377791, 0.00568127818406, 0.0146088525653, 0.0161152854562, 0.0222590714693, 7.29705334379e-06],
        "mean": [0.00175364816096, 0.0249635521322, 0.00240479083732, 0.00155896355864, 0.00222383602522, 0.00121030583978, 0.00120429054368, 0.000922128499951, 0.00154693878721, 0.00101938273292, 0.000822272326332, 0.00153691682499, 0.000653797935229, 0.000666869338602, 0.000601168780122, 0.00049578252947, 0.000571970362216, 0.000611520488746, 0.000471999373985, 0.000443245808128, 0.000319554499583, 0.000424550991738, 0.000346554530552, 0.000379888224415, 0.000371799047571, 0.000233924656641, 6.57346816979e-08],
        "median": [3.7740352127e-05, 0.00904665980488, 0.000153376924573, 0.000250829441939, 0.00101221480872, 0.000295748410281, 0.000159917486599, 0.000179039619979, 0.000328467402142, 0.000156409339979, 0.000177285255631, 0.000245156319579, 0.000190379942069, 0.000205568052479, 0.000259019259829, 0.000264297908871, 0.000287008209853, 0.000365415413398, 0.000264040747425, 0.000261917884927, 0.0001315115951, 0.000121082295664, 8.83551983861e-05, 0.000125739374198, 0.000110016691906, 5.80523374083e-05, 7.74956765426e-10],
        "min": [6.35051899955e-10, 9.85257919695e-09, 2.09800141704e-08, 1.75240941758e-08, 8.17105672013e-07, 6.01605847805e-07, 4.45169717977e-07, 4.01986255838e-07, 4.62114712718e-07, 1.5133184661e-06, 1.03557874809e-06, 1.67508994764e-06, 2.70140481007e-06, 2.64565846919e-06, 1.74105048245e-06, 3.04626632897e-06, 2.26781730817e-06, 3.42033831657e-06, 1.05407218598e-06, 1.50354571815e-06, 1.03893910364e-06, 9.02000351743e-07, 8.46416810418e-07, 1.46891787622e-09, 9.67207469671e-08, 4.54701554187e-11, 1.01260527741e-11],
        "var": [1.37133811222e-05, 0.00125796883367, 0.000114841568575, 1.70984112629e-05, 1.03997444967e-05, 6.53390225125e-06, 9.65371054917e-06, 5.11806410941e-06, 1.38514442369e-05, 8.47042065288e-06, 6.573855444e-06, 1.69580780494e-05, 1.60680997396e-06, 1.70428245383e-06, 1.06713150672e-06, 4.2064795025e-07, 5.93884010414e-07, 6.23871130756e-07, 5.85127565955e-07, 2.97777091873e-07, 2.30117549904e-07, 5.81116864851e-07, 4.17281029286e-07, 6.15917997493e-07, 1.09905965928e-06, 1.04190121419e-06, 1.62072652933e-13]
    },
    "erbbands": {
        "dmean": [0.503445327282, 2.52601337433, 4.27226209641, 5.61583280563, 4.45897340775, 4.62263250351, 6.29804992676, 11.1214294434, 13.6507110596, 13.7717342377, 19.9597454071, 22.203622818, 27.0855808258, 24.9282779694, 28.632724762, 30.8454399109, 22.6435947418, 25.3960132599, 23.9001312256, 20.2638225555, 19.1207046509, 22.2308559418, 22.1427612305, 21.2016983032, 14.7794694901, 14.0856637955, 9.91296195984, 11.0863294601, 11.7782640457, 9.99330234528, 8.27259731293, 6.90949249268, 4.97313070297, 3.47674703598, 2.20906400681, 1.23234534264, 0.290728151798, 0.0218039527535, 0.000435826019384, 4.38493225374e-05],
        "dmean2": [0.647755265236, 3.74851560593, 7.53938102722, 10.524066925, 7.69098472595, 7.31280851364, 10.2383670807, 19.3081169128, 22.8384742737, 23.191286087, 32.7774963379, 35.3856239319, 41.6257286072, 39.2898597717, 45.8529586792, 48.767036438, 37.0556106567, 42.4495925903, 39.9026031494, 33.1582679749, 31.3565692902, 35.9777030945, 36.71043396, 34.9415283203, 24.1438884735, 22.9696865082, 15.860877037, 16.6757774353, 16.8966274261, 14.9613246918, 11.8708257675, 10.4219427109, 7.61363220215, 5.61350679398, 3.36939811707, 1.84482467175, 0.439700871706, 0.0350987426937, 0.000680639059283, 6.39212667011e-05],
        "dvar": [0.828755676746, 23.7662906647, 193.484939575, 365.000030518, 109.171936035, 102.105773926, 186.486236572, 684.338195801, 1073.43444824, 1531.70117188, 2320.17724609, 3401.17724609, 4211.51269531, 4164.59130859, 4200.06005859, 7428.97119141, 2063.27661133, 2319.62109375, 2296.21362305, 959.03125, 843.975830078, 1098.6862793, 1043.60534668, 1292.76538086, 614.607788086, 485.614990234, 330.493530273, 372.506988525, 533.14074707, 414.983062744, 239.459991455, 258.131652832, 101.187133789, 117.444526672, 27.7995567322, 28.9690151215, 1.0095719099, 0.00551456771791, 2.06848085327e-06, 7.60551888135e-09],
        "dvar2": [1.31503403187, 49.6702919006, 531.393066406, 1058.84777832, 312.826141357, 258.806304932, 444.250305176, 1877.92871094, 2572.36376953, 3832.86474609, 6039.91552734, 8243.9609375, 9905.02539062, 9256.12304688, 9901.9453125, 17892.7148438, 5205.78662109, 5845.56347656, 5919.12109375, 2249.11328125, 2113.29418945, 2585.56396484, 2571.75366211, 3393.17553711, 1544.8001709, 1229.60412598, 851.329589844, 843.397766113, 1175.4642334, 988.223693848, 469.012695312, 625.343811035, 239.712051392, 324.694458008, 52.015586853, 62.3997154236, 2.10081505775, 0.0111421635374, 4.1928178689e-06, 1.54188484203e-08],
        "max": [8.28258323669, 36.0224609375, 90.2980651855, 126.484436035, 102.819618225, 167.948806763, 134.090530396, 213.412475586, 401.171661377, 587.200744629, 615.073730469, 971.202453613, 809.378051758, 1580.25146484, 1260.11474609, 1735.44567871, 762.575439453, 490.190795898, 729.151062012, 408.040649414, 379.363128662, 375.161560059, 395.425354004, 569.357543945, 314.477813721, 317.530517578, 289.001708984, 219.941833496, 337.19833374, 297.472381592, 175.269165039, 335.972198486, 167.692276001, 175.015594482, 132.147506714, 137.12713623, 24.4801807404, 2.07358193398, 0.0392335020006, 0.00215375400148],
        "mean": [1.07906913757, 4.11630487442, 3.39221096039, 4.30357980728, 6.24413585663, 7.31463813782, 8.20926856995, 11.5175704956, 16.2036952972, 16.2370605469, 22.9499816895, 28.9524822235, 38.8914909363, 37.079044342, 42.0094070435, 48.2074356079, 30.5577850342, 32.5001716614, 32.6820602417, 30.0138397217, 29.6385135651, 33.7425117493, 32.4589233398, 30.0937690735, 21.1748790741, 20.9628353119, 13.0877590179, 14.4629087448, 15.1067705154, 11.6975030899, 9.71248722076, 8.1260433197, 6.32288503647, 4.18922615051, 2.6101937294, 1.45072829723, 0.337378382683, 0.0223475191742, 0.000499054847751, 8.78414502949e-05],
        "median": [0.236652851105, 1.79358756542, 0.642826557159, 0.748999416828, 2.58602118492, 2.89378976822, 2.05867028236, 2.76448941231, 2.59923505783, 3.9607219696, 5.67482948303, 8.17518424988, 7.25266265869, 8.06091022491, 9.34167861938, 9.08412075043, 9.45979309082, 10.6195478439, 14.4419784546, 16.772851944, 18.513584137, 18.46144104, 19.9453487396, 16.6593112946, 12.7460327148, 11.9494228363, 6.20992851257, 5.27090883255, 4.53856658936, 3.00537800789, 2.36604523659, 2.24319338799, 2.26542401314, 1.36501252651, 0.64591729641, 0.374099314213, 0.0882126763463, 0.00466396240517, 0.000144946345245, 5.76321108383e-05],
        "min": [6.39895176846e-07, 3.66115341421e-06, 2.65902926913e-05, 0.000302870146697, 0.00136374204885, 0.00523708201945, 0.00627005053684, 0.00440415088087, 0.0108970999718, 0.0167691875249, 0.00944845937192, 0.0272126179188, 0.0427428595722, 0.0515218526125, 0.0613195113838, 0.106324911118, 0.124312691391, 0.176261469722, 0.157450929284, 0.249747335911, 0.33452335, 0.167128995061, 0.158281624317, 0.117761127651, 0.0709538161755, 0.0695318281651, 0.0585500337183, 0.041549757123, 0.0278147626668, 0.023069165647, 0.0240050181746, 0.0053238789551, 0.00397076876834, 0.00130879250355, 0.000492095656227, 0.00013841263717, 1.03125566966e-05, 1.35556160785e-06, 1.01097327843e-06, 9.37188303851e-07],
        "var": [2.97427248955, 38.6131477356, 128.580963135, 206.137756348, 97.441619873, 152.218475342, 279.61340332, 675.347229004, 1608.76977539, 1599.82348633, 2425.66625977, 4828.25390625, 8208.03027344, 10031.5136719, 9262.50390625, 17565.1132812, 4095.47753906, 3276.85620117, 3014.16796875, 1501.66796875, 1303.60192871, 2027.26062012, 1602.00439453, 1969.54968262, 801.134399414, 683.256530762, 374.255340576, 505.410369873, 740.608886719, 466.550567627, 330.671295166, 309.246002197, 152.753921509, 132.274154663, 60.0485916138, 42.21276474, 1.62410712242, 0.00950510986149, 3.52043502971e-06, 1.49601291355e-08]
    },
    "gfcc": {
        "mean": [23.1342029572, 49.746509552, -119.798110962, 37.8835868835, -55.5270385742, 24.3814659119, -40.8182029724, 20.606426239, -27.3780212402, 6.94615030289, -17.680223465, 4.67055273056, -9.71894550323],
        "cov": [[4024.4284668, -26.7832641602, 693.799682617, 166.783538818, 235.967498779, 323.586029053, 146.839950562, 206.405593872, 25.4860496521, 262.679290771, 24.8891353607, 218.057327271, 27.3448562622], [-26.7832641602, 1689.23620605, 355.98916626, 268.656066895, 470.390045166, 166.94921875, 323.972076416, 107.247543335, 164.262619019, -43.5116386414, 193.559616089, -41.8440170288, 210.682174683], [693.799682617, 355.98916626, 1130.95458984, 602.641906738, 492.285125732, 359.57321167, 216.709793091, 183.601745605, 130.196548462, 169.259033203, 61.5722961426, 107.037124634, 140.819839478], [166.783538818, 268.656066895, 602.641906738, 798.55456543, 366.664703369, 234.01550293, 132.146697998, 70.4082717896, 169.502120972, 71.5957641602, 80.9454574585, 28.8641815186, 136.520202637], [235.967498779, 470.390045166, 492.285125732, 366.664703369, 666.890014648, 375.596282959, 297.528625488, 186.503585815, 108.149780273, 111.555702209, 115.815040588, 92.4788208008, 149.585189819], [323.586029053, 166.94921875, 359.57321167, 234.01550293, 375.596282959, 559.960754395, 338.004577637, 126.278335571, 78.6579818726, 86.0144958496, 96.1212997437, 61.9498176575, 109.537590027], [146.839950562, 323.972076416, 216.709793091, 132.146697998, 297.528625488, 338.004577637, 380.079742432, 165.358062744, 108.901771545, 72.3413162231, 102.906059265, 59.3733978271, 96.1016540527], [206.405593872, 107.247543335, 183.601745605, 70.4082717896, 186.503585815, 126.278335571, 165.358062744, 235.8331604, 116.660964966, 91.4245758057, 60.7358436584, 43.3976821899, 69.3113021851], [25.4860496521, 164.262619019, 130.196548462, 169.502120972, 108.149780273, 78.6579818726, 108.901771545, 116.660964966, 189.080108643, 79.7066116333, 67.5682296753, 20.3242397308, 59.0302505493], [262.679290771, -43.5116386414, 169.259033203, 71.5957641602, 111.555702209, 86.0144958496, 72.3413162231, 91.4245758057, 79.7066116333, 157.203186035, 68.3087387085, 54.9867324829, 24.6568927765], [24.8891353607, 193.559616089, 61.5722961426, 80.9454574585, 115.815040588, 96.1212997437, 102.906059265, 60.7358436584, 67.5682296753, 68.3087387085, 179.061767578, 45.9268035889, 53.1490478516], [218.057327271, -41.8440170288, 107.037124634, 28.8641815186, 92.4788208008, 61.9498176575, 59.3733978271, 43.3976821899, 20.3242397308, 54.9867324829, 45.9268035889, 119.127975464, 35.3510742188], [27.3448562622, 210.682174683, 140.819839478, 136.520202637, 149.585189819, 109.537590027, 96.1016540527, 69.3113021851, 59.0302505493, 24.6568927765, 53.1490478516, 35.3510742188, 150.788803101]],
        "icov": [[0.00035716444836, -0.000215225285501, -3.00517840515e-05, -0.000135531721753, 0.000321939354762, -0.000380772718927, 0.000314609962516, -0.000458246242488, 0.000480263406644, -0.000669514527544, 0.000395129696699, -0.000727595994249, 0.000306849746266], [-0.000215225285501, 0.00185340736061, -0.000900477229152, 0.000999130774289, -0.00153345800936, 0.00170330388937, -0.00181944365613, 0.00177625368815, -0.00185754371341, 0.00252405996434, -0.00205842731521, 0.00258254772052, -0.00155266001821], [-3.00517840515e-05, -0.000900477229152, 0.00268703722395, -0.001918289694, 0.00030718909693, -0.00123013672419, 0.00107113574632, -0.00167997833341, 0.00177153258119, -0.00246162572876, 0.00188231351785, -0.00181302777492, 0.000639991718344], [-0.000135531721753, 0.000999130774289, -0.001918289694, 0.00378646422178, -0.00179865327664, 0.000718568684533, -0.00028085638769, 0.00273859035224, -0.00388004747219, 0.00242278794758, -0.00164855446201, 0.00223792297766, -0.00164643255994], [0.000321939354762, -0.00153345800936, 0.00030718909693, -0.00179865327664, 0.00509722623974, -0.00230746995658, 0.000558947329409, -0.00290360697545, 0.0029382368084, -0.0025355713442, 0.00139859563205, -0.00296134012751, 0.000489507510792], [-0.000380772718927, 0.00170330388937, -0.00123013672419, 0.000718568684533, -0.00230746995658, 0.00654131080955, -0.00564233539626, 0.00290211476386, -0.00084918003995, 0.00156125717331, -0.00193971639965, 0.00313264178112, -0.00198688055389], [0.000314609962516, -0.00181944365613, 0.00107113574632, -0.00028085638769, 0.000558947329409, -0.00564233539626, 0.0101646836847, -0.0043987929821, -0.000107331128675, -0.00080318027176, 0.000772487197537, -0.00343661778606, 0.00153379002586], [-0.000458246242488, 0.00177625368815, -0.00167997833341, 0.00273859035224, -0.00290360697545, 0.00290211476386, -0.0043987929821, 0.011583533138, -0.00609198724851, 0.000655362091493, -0.00148211012129, 0.00322894589044, -0.00301485997625], [0.000480263406644, -0.00185754371341, 0.00177153258119, -0.00388004747219, 0.0029382368084, -0.00084918003995, -0.000107331128675, -0.00609198724851, 0.0139227295294, -0.00658987648785, 0.00132710777689, -0.00174513878301, 0.00050598528469], [-0.000669514527544, 0.00252405996434, -0.00246162572876, 0.00242278794758, -0.0025355713442, 0.00156125717331, -0.00080318027176, 0.000655362091493, -0.00658987648785, 0.0161811131984, -0.0057800677605, 0.00092494499404, 4.63133183075e-05], [0.000395129696699, -0.00205842731521, 0.00188231351785, -0.00164855446201, 0.00139859563205, -0.00193971639965, 0.000772487197537, -0.00148211012129, 0.00132710777689, -0.0057800677605, 0.0107791852206, -0.00450236722827, 0.000431427906733], [-0.000727595994249, 0.00258254772052, -0.00181302777492, 0.00223792297766, -0.00296134012751, 0.00313264178112, -0.00343661778606, 0.00322894589044, -0.00174513878301, 0.00092494499404, -0.00450236722827, 0.0157224684954, -0.00400838302448], [0.000306849746266, -0.00155266001821, 0.000639991718344, -0.00164643255994, 0.000489507510792, -0.00198688055389, 0.00153379002586, -0.00301485997625, 0.00050598528469, 4.63133183075e-05, 0.000431427906733, -0.00400838302448, 0.0115864984691]]
    },
    "melbands": {
        "dmean": [0.00387710030191, 0.0023215841502, 0.000932285911404, 0.000316887249937, 0.000213622348383, 0.000243358590524, 0.000209118414205, 0.000156053341925, 0.000163192729815, 0.00015178672038, 0.000142308810609, 0.000105290324427, 9.06024069991e-05, 0.000106763603981, 7.18994124327e-05, 5.40031396667e-05, 4.84043157485e-05, 4.07722764066e-05, 3.93834634451e-05, 2.63210877165e-05, 2.33194841712e-05, 2.63842011918e-05, 1.74512751983e-05, 2.2685588192e-05, 1.76807443495e-05, 1.24240223158e-05, 1.08809872472e-05, 9.41857615544e-06, 6.79158983985e-06, 5.61796150578e-06, 7.07618301021e-06, 7.31832506062e-06, 5.94967877987e-06, 5.43474698134e-06, 4.84703878101e-06, 4.58947351945e-06, 4.36266373072e-06, 3.69975850845e-06, 3.54508551936e-06, 2.78516654362e-06],
        "dmean2": [0.00547485984862, 0.00351806241088, 0.00171816500369, 0.000517625594512, 0.000342626415659, 0.000421563803684, 0.000350689544575, 0.00025964458473, 0.000267785420874, 0.000239961402258, 0.000218791756197, 0.000167439968209, 0.000144608595292, 0.000168210463016, 0.000114662820124, 8.95658304216e-05, 8.17538311821e-05, 6.82443860569e-05, 6.3811588916e-05, 4.38348579337e-05, 3.83482292818e-05, 4.28031889896e-05, 2.88417249976e-05, 3.81942481908e-05, 2.93969314953e-05, 2.06380063901e-05, 1.77310685103e-05, 1.54895678861e-05, 1.1155597349e-05, 8.62761953613e-06, 1.08668973553e-05, 1.0619492059e-05, 9.05001888896e-06, 8.2497481344e-06, 7.15885289537e-06, 6.59567831462e-06, 6.80926359564e-06, 5.62149853067e-06, 5.77781065658e-06, 4.60699220639e-06],
        "dvar": [4.76337445434e-05, 3.14273274853e-05, 9.10999733605e-06, 4.67833530138e-07, 2.05136743148e-07, 3.22437273326e-07, 2.4477034799e-07, 1.73623803335e-07, 1.55171491656e-07, 1.61109383612e-07, 1.18163519858e-07, 7.40179544323e-08, 4.06756868188e-08, 7.03193592244e-08, 8.30315727285e-08, 1.00248174206e-08, 9.12434749978e-09, 8.24369195129e-09, 6.29087537618e-09, 1.58063107047e-09, 1.32815247689e-09, 1.72735248327e-09, 7.08675840233e-10, 1.17545029266e-09, 1.10476694459e-09, 5.29342458755e-10, 3.87365334253e-10, 2.26567237194e-10, 1.5085814542e-10, 1.06238212672e-10, 1.63163246802e-10, 2.17012047221e-10, 1.35358835252e-10, 1.32688637855e-10, 8.48684039712e-11, 9.43359002026e-11, 1.14439839549e-10, 5.49914280779e-11, 8.79774725293e-11, 8.82336426145e-11],
        "dvar2": [8.73768585734e-05, 7.45516445022e-05, 2.64197551587e-05, 1.2825395288e-06, 4.83874202928e-07, 8.8426588718e-07, 5.88267823787e-07, 4.26182111823e-07, 4.02502507768e-07, 3.78999999384e-07, 2.74603394246e-07, 1.74514340756e-07, 8.77901911167e-08, 1.54197010716e-07, 2.08925797551e-07, 2.44635334212e-08, 2.28623804333e-08, 2.09755963709e-08, 1.40701592599e-08, 4.06969213884e-09, 3.28972227237e-09, 4.09366673892e-09, 1.76270587016e-09, 3.04402636431e-09, 2.91420798604e-09, 1.31129529457e-09, 1.00954011817e-09, 5.80651748905e-10, 3.9473832536e-10, 2.57300986073e-10, 3.82826381706e-10, 4.94749852198e-10, 3.12445652684e-10, 3.14832659942e-10, 1.67991995315e-10, 1.98114025185e-10, 2.8913740846e-10, 1.30077532079e-10, 2.39517294887e-10, 2.4275825794e-10],
        "max": [0.055585321039, 0.039672806859, 0.0208102837205, 0.0115504441783, 0.00468023819849, 0.00430062413216, 0.00574084976688, 0.00732757011428, 0.0053318454884, 0.00632030377164, 0.0042200977914, 0.0058777872473, 0.00323312543333, 0.00370222819038, 0.00675190100446, 0.00144339818507, 0.00122352561448, 0.00162470294163, 0.00129038502928, 0.000433211418567, 0.000454893830465, 0.000512751925271, 0.000389735097997, 0.000405402999604, 0.000542159425095, 0.000397534051444, 0.000387617299566, 0.000165359073435, 0.000165194636793, 0.000155962159624, 0.000168024940649, 0.000224111790885, 0.000119396296213, 0.000183974392712, 7.63559437473e-05, 0.000184894772246, 0.000238642765908, 0.000135491573019, 0.000153697081259, 0.000161657459103],
        "mean": [0.00807640980929, 0.00298962485977, 0.000809429213405, 0.000498757290188, 0.00029659079155, 0.000252090307185, 0.000251763907727, 0.000184644726687, 0.000182405361556, 0.000205411095521, 0.000199876289116, 0.00015319576778, 0.000118965763249, 0.000170066443388, 9.68623862718e-05, 6.74771945341e-05, 5.80828018428e-05, 5.26935145899e-05, 5.11509279022e-05, 3.43277897628e-05, 3.3557331335e-05, 3.7806272303e-05, 2.49840177275e-05, 3.05459434458e-05, 2.4141603717e-05, 1.65061392181e-05, 1.55332309077e-05, 1.32670384119e-05, 8.48962372402e-06, 7.24027813703e-06, 8.7408334366e-06, 9.12978794076e-06, 7.16003660273e-06, 6.17122123003e-06, 5.41730469195e-06, 5.46212459085e-06, 4.86813814859e-06, 4.45054547527e-06, 4.24237714469e-06, 3.20336971527e-06],
        "median": [0.00248992629349, 0.0010777162388, 0.00017539410328, 0.000235491024796, 8.77680213307e-05, 5.92232645431e-05, 4.09750100516e-05, 3.86521896871e-05, 3.71367750631e-05, 4.57147725683e-05, 3.1753359508e-05, 2.58810014202e-05, 2.91983415082e-05, 2.92355125566e-05, 1.27264211187e-05, 2.14521605812e-05, 1.71994270204e-05, 1.74819670065e-05, 2.19511039177e-05, 1.71964566107e-05, 1.8164395442e-05, 1.86999277503e-05, 1.44301884575e-05, 1.7705720893e-05, 1.23996142065e-05, 9.11245115276e-06, 9.10925973585e-06, 7.34700824978e-06, 3.83466931453e-06, 2.85079249807e-06, 2.92562845061e-06, 2.65630751528e-06, 1.9350304683e-06, 1.53843939188e-06, 1.26113468468e-06, 1.35127334033e-06, 1.30655712383e-06, 1.48765138874e-06, 1.44017872117e-06, 9.1997810614e-07],
        "min": [2.14985540481e-09, 9.17627751562e-09, 1.09938177673e-07, 1.20497645639e-07, 2.21302570935e-07, 1.00345260989e-07, 1.53897886435e-07, 1.19362880469e-07, 7.05597855699e-08, 6.84767513803e-08, 2.0453374816e-07, 2.04084628308e-07, 1.32895280558e-07, 1.14665809292e-07, 1.94038634049e-07, 2.83626491182e-07, 2.8605657576e-07, 1.73251407887e-07, 1.47122278804e-07, 2.67564615797e-07, 3.5051488112e-07, 1.09852372532e-07, 6.9836204375e-08, 1.2979815267e-07, 6.86738630407e-08, 5.28484740414e-08, 3.4109667979e-08, 3.51745406135e-08, 4.27223092458e-08, 2.50488323417e-08, 7.24945481423e-09, 1.96921767781e-08, 7.80786724164e-09, 1.45974370369e-08, 6.91195101155e-09, 9.66458302276e-11, 4.82023101989e-12, 4.98007364513e-12, 1.91225124624e-09, 1.09524559561e-11],
