{
"highlevel": {
    "danceability": {
        "all": {
            "danceable": 0.854031026363,
            "not_danceable": 0.145968988538
        },
        "probability": 0.854031026363,
        "value": "danceable"
    },
    "gender": {
        "all": {
            "female": 0.03985542804,
            "male": 0.960144579411
        },
        "probability": 0.960144579411,
        "value": "male"
    },
    "genre_dortmund": {
        "all": {
            "alternative": 0.0199254266918,
            "blues": 0.457595318556,
            "electronic": 0.00534812221304,
            "folkcountry": 0.193162798882,
            "funksoulrnb": 0.0156721360981,
            "jazz": 0.195879340172,
            "pop": 0.0526498779655,
            "raphiphop": 0.00716219609603,
            "rock": 0.0526047833264
        },
        "probability": 0.457595318556,
        "value": "blues"
    },
    "genre_electronic": {
        "all": {
            "ambient": 0.494940757751,
            "dnb": 0.196342214942,
            "house": 0.270578742027,
            "techno": 0.0152263911441,
            "trance": 0.0229118894786
        },
        "probability": 0.494940757751,
        "value": "ambient"
    },
    "genre_rosamerica": {
        "all": {
            "cla": 0.108409404755,
            "dan": 0.0134966270998,
            "hip": 0.0529393218458,
            "jaz": 0.0873785838485,
            "pop": 0.505944371223,
            "rhy": 0.122572615743,
            "roc": 0.0889022275805,
            "spe": 0.0203568246216
        },
        "probability": 0.505944371223,
        "value": "pop"
    },
    "genre_tzanetakis": {
        "all": {
            "blu": 0.0626613423228,
            "cla": 0.0348169617355,
            "cou": 0.104475811124,
            "dis": 0.0784321576357,
            "hip": 0.15692435205,
            "jaz": 0.313974827528,
            "met": 0.0448166541755,
            "pop": 0.0627359300852,
            "reg": 0.0627360641956,
            "roc": 0.0784258767962
        },
        "probability": 0.313974827528,
        "value": "jaz"
    },
    "ismir04_rhythm": {
        "all": {
            "ChaChaCha": 0.238642007113,
            "Jive": 0.10332005471,
            "Quickstep": 0.0745322555304,
            "Rumba-American": 0.0194577388465,
            "Rumba-International": 0.109502285719,
            "Rumba-Misc": 0.0359322354198,
            "Samba": 0.079426176846,
            "Tango": 0.0451783724129,
            "VienneseWaltz": 0.194735631347,
            "Waltz": 0.0992732420564
        },
        "probability": 0.238642007113,
        "value": "ChaChaCha"
    },
    "mood_acoustic": {
        "all": {
            "acoustic": 0.678025305271,
            "not_acoustic": 0.321974694729
        },
        "probability": 0.678025305271,
        "value": "acoustic"
    },
    "mood_aggressive": {
        "all": {
            "aggressive": 0.137573421001,
            "not_aggressive": 0.862426578999
        },
        "probability": 0.862426578999,
        "value": "not_aggressive"
    },
    "mood_electronic": {
        "all": {
            "electronic": 0.10738915205,
            "not_electronic": 0.89261084795
        },
        "probability": 0.89261084795,
        "value": "not_electronic"
    },
    "mood_happy": {
        "all": {
            "happy": 0.780150294304,
            "not_happy": 0.219849690795
        },
        "probability": 0.780150294304,
        "value": "happy"
    },
    "mood_party": {
        "all": {
            "not_party": 0.698155283928,
            "party": 0.301844745874
        },
        "probability": 0.698155283928,
        "value": "not_party"
    },
    "mood_relaxed": {
        "all": {
            "not_relaxed": 0.632934808731,
            "relaxed": 0.367065221071
        },
        "probability": 0.632934808731,
        "value": "not_relaxed"
    },
    "mood_sad": {
        "all": {
            "not_sad": 0.290956199169,
            "sad": 0.709043800831
        },
        "probability": 0.709043800831,
        "value": "sad"
    },
    "moods_mirex": {
        "all": {
            "Cluster1": 0.0974500849843,
            "Cluster2": 0.440656989813,
            "Cluster3": 0.185270354152,
            "Cluster4": 0.269936859608,
            "Cluster5": 0.00668571703136
        },
        "probability": 0.440656989813,
        "value": "Cluster2"
    },
    "timbre": {
        "all": {
            "bright": 0.999999821186,
            "dark": 1.51677269855e-07
        },
        "probability": 0.999999821186,
        "value": "bright"
    },
    "tonal_atonal": {
        "all": {
            "atonal": 0.0208727549762,
            "tonal": 0.97912722826
        },
        "probability": 0.97912722826,
        "value": "tonal"
    },
    "voice_instrumental": {
        "all": {
            "instrumental": 0.103965207934,
            "voice": 0.896034777164
        },
        "probability": 0.896034777164,
        "value": "voice"
    }
},
"lowlevel": {
    "average_loudness": 0.965971648693,
    "barkbands_crest": {
        "dmean": 2.22024989128,
        "dmean2": 3.45449233055,
        "dvar": 5.2051281929,
        "dvar2": 12.481218338,
        "max": 24.6842460632,
        "mean": 10.3457460403,
        "median": 9.80095481873,
        "min": 2.73583889008,
        "var": 16.3450450897
    },
    "barkbands_flatness_db": {
        "dmean": 0.0219075605273,
        "dmean2": 0.0324499718845,
        "dvar": 0.000590586452745,
        "dvar2": 0.00117039028555,
        "max": 0.419201344252,
        "mean": 0.172988548875,
        "median": 0.162263184786,
        "min": 0.0538537502289,
        "var": 0.00324205122888
    },
    "barkbands_kurtosis": {
        "dmean": 1.75927698612,
        "dmean2": 2.68931722641,
        "dvar": 12.7097806931,
        "dvar2": 30.5749607086,
        "max": 56.2526779175,
        "mean": 2.40247797966,
        "median": 0.513791799545,
        "min": -1.73724293709,
        "var": 30.1247634888
    },
    "barkbands_skewness": {
        "dmean": 0.3992202878,
        "dmean2": 0.587592303753,
        "dvar": 0.239276692271,
        "dvar2": 0.518921971321,
        "max": 6.51198148727,
        "mean": 1.14957392216,
        "median": 1.02647280693,
        "min": -1.23859262466,
        "var": 0.994577646255
    },
    "barkbands_spread": {
        "dmean": 5.24039459229,
        "dmean2": 7.80019950867,
        "dvar": 52.3845481873,
        "dvar2": 113.282653809,
        "max": 89.8054199219,
        "mean": 22.7487449646,
        "median": 20.3323383331,
        "min": 1.91080057621,
        "var": 185.286849976
    },
    "dissonance": {
        "dmean": 0.0235804673284,
        "dmean2": 0.0390248075128,
        "dvar": 0.000507809687406,
        "dvar2": 0.00137955532409,
        "max": 0.499764919281,
        "mean": 0.45008829236,
        "median": 0.456871300936,
        "min": 0.296101570129,
        "var": 0.00104733882472
    },
    "dynamic_complexity": 3.03611540794,
    "erbbands_crest": {
        "dmean": 2.39920592308,
        "dmean2": 3.94256782532,
        "dvar": 6.45428514481,
        "dvar2": 16.0934715271,
        "max": 25.7077522278,
        "mean": 9.17980861664,
        "median": 8.48681735992,
        "min": 2.65772223473,
        "var": 12.5353460312
    },
    "erbbands_flatness_db": {
        "dmean": 0.0200646407902,
        "dmean2": 0.0275120995939,
        "dvar": 0.000484689197037,
        "dvar2": 0.000920514925383,
        "max": 0.43271318078,
        "mean": 0.186854049563,
        "median": 0.184049189091,
        "min": 0.0744810923934,
        "var": 0.00262706982903
    },
    "erbbands_kurtosis": {
        "dmean": 0.753574609756,
        "dmean2": 1.19070100784,
        "dvar": 0.986463606358,
        "dvar2": 2.20581793785,
        "max": 11.6177034378,
        "mean": 0.254613220692,
        "median": -0.244939565659,
        "min": -1.73903429508,
        "var": 2.61121726036
    },
    "erbbands_skewness": {
        "dmean": 0.328809499741,
        "dmean2": 0.489888101816,
        "dvar": 0.117896854877,
        "dvar2": 0.24252524972,
        "max": 2.77492904663,
        "mean": 0.237146690488,
        "median": 0.120422624052,
        "min": -3.016061306,
        "var": 0.569117546082
    },
    "erbbands_spread": {
        "dmean": 6.91542243958,
        "dmean2": 10.6174488068,
        "dvar": 73.753112793,
        "dvar2": 155.146331787,
        "max": 132.217407227,
        "mean": 32.0732192993,
        "median": 29.3268165588,
        "min": 7.2541012764,
        "var": 185.436477661
    },
    "hfc": {
        "dmean": 5.99816846848,
        "dmean2": 8.48318004608,
        "dvar": 60.3357925415,
        "dvar2": 125.125923157,
        "max": 79.2265014648,
        "mean": 18.0218429565,
        "median": 12.9558649063,
        "min": 0.0067202122882,
        "var": 237.856948853
    },
    "melbands_crest": {
        "dmean": 2.59956884384,
        "dmean2": 4.01485824585,
        "dvar": 7.21983623505,
        "dvar2": 16.297170639,
        "max": 30.4455871582,
        "mean": 14.0536441803,
        "median": 13.3554267883,
        "min": 4.26327228546,
        "var": 22.5357704163
    },
    "melbands_flatness_db": {
        "dmean": 0.0255255736411,
        "dmean2": 0.0360896848142,
        "dvar": 0.000933923060074,
        "dvar2": 0.00188955722842,
        "max": 0.457906335592,
        "mean": 0.212076559663,
        "median": 0.20422282815,
        "min": 0.0436470322311,
        "var": 0.00459280470386
    },
    "melbands_kurtosis": {
        "dmean": 3.83385062218,
        "dmean2": 5.87374782562,
        "dvar": 51.920715332,
        "dvar2": 119.400123596,
        "max": 95.761138916,
        "mean": 7.57163286209,
        "median": 4.34805011749,
        "min": -1.49042916298,
        "var": 106.756988525
    },
    "melbands_skewness": {
        "dmean": 0.499213159084,
        "dmean2": 0.73377597332,
        "dvar": 0.375916957855,
        "dvar2": 0.746689796448,
        "max": 7.73333215714,
        "mean": 2.03039765358,
        "median": 1.87673485279,
        "min": -0.351492553949,
        "var": 1.39588809013
    },
    "melbands_spread": {
        "dmean": 6.57541894913,
        "dmean2": 9.60476303101,
        "dvar": 93.0508117676,
        "dvar2": 205.279800415,
        "max": 191.030044556,
        "mean": 26.4919013977,
        "median": 23.6962871552,
        "min": 1.52838647366,
        "var": 313.774414062
    },
    "pitch_salience": {
        "dmean": 0.0603130199015,
        "dmean2": 0.0942162647843,
        "dvar": 0.00374785508029,
        "dvar2": 0.0090782372281,
        "max": 0.901618182659,
        "mean": 0.509191811085,
        "median": 0.503828406334,
        "min": 0.181405544281,
        "var": 0.0156220309436
    },
    "silence_rate_20dB": {
        "dmean": 0,
        "dmean2": 0,
        "dvar": 0,
        "dvar2": 0,
        "max": 1,
        "mean": 1,
        "median": 1,
        "min": 1,
        "var": 0
    },
    "silence_rate_30dB": {
        "dmean": 0,
        "dmean2": 0,
        "dvar": 0,
        "dvar2": 0,
        "max": 1,
        "mean": 1,
        "median": 1,
        "min": 1,
        "var": 0
    },
    "silence_rate_60dB": {
        "dmean": 0.0232198145241,
        "dmean2": 0.0464756004512,
        "dvar": 0.0226808246225,
        "dvar2": 0.0520609430969,
        "max": 1,
        "mean": 0.0518174804747,
        "median": 0,
        "min": 0,
        "var": 0.0491325706244
    },
    "spectral_centroid": {
        "dmean": 258.904998779,
        "dmean2": 384.730163574,
        "dvar": 98558.5859375,
        "dvar2": 214166.265625,
        "max": 4555.28564453,
        "mean": 1466.10620117,
        "median": 1411.48950195,
        "min": 266.473114014,
        "var": 454719
    },
    "spectral_complexity": {
        "dmean": 3.3250772953,
        "dmean2": 5.26026344299,
        "dvar": 20.0383033752,
        "dvar2": 46.3582687378,
        "max": 43,
        "mean": 16.0587787628,
        "median": 16,
        "min": 0,
        "var": 57.7723922729
    },
    "spectral_decrease": {
        "dmean": 1.68951275192e-09,
        "dmean2": 2.4528983289e-09,
        "dvar": 5.62949511838e-18,
        "dvar2": 1.16634418516e-17,
        "max": -1.26451269161e-12,
        "mean": -5.57983748095e-09,
        "median": -4.69059280306e-09,
        "min": -2.28865459917e-08,
        "var": 1.5717546678e-17
    },
    "spectral_energy": {
        "dmean": 0.00676615023986,
        "dmean2": 0.0098028415814,
        "dvar": 8.76875128597e-05,
        "dvar2": 0.000180106624612,
        "max": 0.0889832228422,
        "mean": 0.0226942449808,
        "median": 0.0190977230668,
        "min": 5.42858606423e-06,
        "var": 0.000253765028901
    },
    "spectral_energyband_high": {
        "dmean": 0.000375023693778,
        "dmean2": 0.000575111014768,
        "dvar": 4.70371873007e-07,
        "dvar2": 1.08259041554e-06,
        "max": 0.00754507817328,
        "mean": 0.00057157460833,
        "median": 0.000255130667938,
        "min": 1.36106606874e-07,
        "var": 9.03725549506e-07
    },
    "spectral_energyband_low": {
        "dmean": 0.00162914954126,
        "dmean2": 0.00252200826071,
        "dvar": 1.33799267132e-05,
        "dvar2": 3.09712086164e-05,
        "max": 0.0539930276573,
        "mean": 0.00649427110329,
        "median": 0.0059962850064,
        "min": 6.02151661866e-10,
        "var": 2.94154197036e-05
    },
    "spectral_energyband_middle_high": {
        "dmean": 0.00167338305619,
        "dmean2": 0.00240374868736,
        "dvar": 7.17182319931e-06,
        "dvar2": 1.3515057617e-05,
        "max": 0.0413793325424,
        "mean": 0.00529826804996,
        "median": 0.0034451673273,
        "min": 2.58735758507e-06,
        "var": 2.99673210975e-05
    },
    "spectral_energyband_middle_low": {
        "dmean": 0.0050615509972,
        "dmean2": 0.00753306830302,
        "dvar": 5.81216918363e-05,
        "dvar2": 0.000125259364722,
        "max": 0.073117159307,
        "mean": 0.0105862924829,
        "median": 0.00642640562728,
        "min": 1.96666928787e-06,
        "var": 0.000125309205032
    },
    "spectral_entropy": {
        "dmean": 0.221380695701,
        "dmean2": 0.304584145546,
        "dvar": 0.0592324696481,
        "dvar2": 0.117088191211,
        "max": 8.50134086609,
        "mean": 7.1855096817,
        "median": 7.16788959503,
        "min": 5.54321575165,
        "var": 0.242030590773
    },
    "spectral_flux": {
        "dmean": 0.0260679144412,
        "dmean2": 0.0395818352699,
        "dvar": 0.000866557587869,
        "dvar2": 0.00202282518148,
        "max": 0.23748485744,
        "mean": 0.0693113356829,
        "median": 0.05639500916,
        "min": 0.00117312907241,
        "var": 0.00231564138085
    },
    "spectral_kurtosis": {
        "dmean": 2.3410089016,
        "dmean2": 3.87469744682,
        "dvar": 4.91356801987,
        "dvar2": 12.6748390198,
        "max": 25.8308429718,
        "mean": 5.33380031586,
        "median": 4.74349784851,
        "min": -0.663770437241,
        "var": 10.4474382401
    },
    "spectral_rms": {
        "dmean": 0.000669574132189,
        "dmean2": 0.000937034317758,
        "dvar": 7.24968515442e-07,
        "dvar2": 1.39527594456e-06,
        "max": 0.00931734405458,
        "mean": 0.00437815720215,
        "median": 0.00431647151709,
        "min": 7.27748702047e-05,
        "var": 2.97246242553e-06
    },
    "spectral_rolloff": {
        "dmean": 477.481140137,
        "dmean2": 766.189758301,
        "dvar": 734130.8125,
        "dvar2": 1665741.875,
        "max": 9969.87304688,
        "mean": 1608.1270752,
        "median": 1291.9921875,
        "min": 86.1328125,
        "var": 1874192.625
    },
    "spectral_skewness": {
        "dmean": 0.284753531218,
        "dmean2": 0.455206155777,
        "dvar": 0.0659178569913,
        "dvar2": 0.15907150507,
        "max": 3.69693088531,
        "mean": 1.53143668175,
        "median": 1.49932956696,
        "min": -0.000785710581113,
        "var": 0.200039699674
    },
    "spectral_spread": {
        "dmean": 596003.375,
        "dmean2": 836303.3125,
        "dvar": 557114130432,
        "dvar2": 1.04252781363e+12,
        "max": 11734119,
        "mean": 3718879.25,
        "median": 3340200,
        "min": 1571974.75,
        "var": 1.81207682253e+12
    },
    "spectral_strongpeak": {
        "dmean": 0.509927868843,
        "dmean2": 0.836891651154,
        "dvar": 0.770776391029,
        "dvar2": 1.6394803524,
        "max": 14.0876569748,
        "mean": 0.905616223812,
        "median": 0.31666457653,
        "min": 0,
        "var": 1.43169558048
    },
    "zerocrossingrate": {
        "dmean": 0.00910236407071,
        "dmean2": 0.0101570822299,
        "dvar": 0.000117876421427,
        "dvar2": 0.000138951552799,
        "max": 0.23095703125,
        "mean": 0.0548102296889,
        "median": 0.0498046875,
        "min": 0.00341796875,
        "var": 0.000943753751926
    },
    "barkbands": {
        "dmean": [0.000141370474012, 0.00119771028403, 0.000401576136937, 0.000291030068183, 0.00215810840018, 0.000747155456338, 0.00120465783402, 0.00183414237108, 0.000721945543773, 0.000502147828229, 0.000244491966441, 0.000343163235812, 0.00024570315145, 0.000226514355745, 0.000248665601248, 0.000250824086834, 0.000331623625243, 0.000212136088521, 0.000240815803409, 0.000110041430162, 0.000116307688586, 7.27836522856e-05, 7.00192758814e-05, 5.36536608706e-05, 4.71871899208e-05, 1.26581944642e-05, 1.39923950204e-09],
        "dmean2": [0.000223150345846, 0.00188489921857, 0.000624405802228, 0.000475045002531, 0.0034300761763, 0.00124274729751, 0.0018790246686, 0.00283901416697, 0.0011010953458, 0.000736239133403, 0.000385170074878, 0.000517666747328, 0.000370171124814, 0.000354238844011, 0.000372043432435, 0.000400715158321, 0.00051701645134, 0.000333661737386, 0.00035891670268, 0.000176695015398, 0.000185058670468, 0.000117210620374, 0.000108841442852, 8.31330617075e-05, 7.1833434049e-05, 2.16170137719e-05, 2.17455764506e-09],
        "dvar": [2.40003430463e-07, 9.46565523918e-06, 7.80154152835e-07, 4.45948757033e-07, 2.26308129641e-05, 2.53585540122e-06, 1.14779995783e-05, 1.50792702698e-05, 5.13599934493e-06, 2.0660509108e-06, 1.10340761239e-06, 1.21508321627e-06, 3.1765026165e-07, 3.09539757382e-07, 2.10649872656e-07, 2.90748459975e-07, 7.81857750098e-07, 2.20324508859e-07, 2.99818111671e-07, 4.54472584011e-08, 5.90801967348e-08, 2.72904081555e-08, 3.91963546065e-08, 2.53783376536e-08, 2.20145874863e-08, 1.21504606376e-09, 2.97528581294e-16],
        "dvar2": [5.92785852405e-07, 2.25661406148e-05, 1.72173054125e-06, 1.15766135877e-06, 5.61977212783e-05, 6.49024195809e-06, 2.5147186534e-05, 3.13392592943e-05, 1.08497442852e-05, 3.55309225597e-06, 2.42912574322e-06, 2.97003430205e-06, 6.98372559782e-07, 6.75270655393e-07, 4.73371244425e-07, 7.02060958702e-07, 1.64592665897e-06, 4.96244922488e-07, 5.48663365407e-07, 1.15415545565e-07, 1.34059632728e-07, 6.92783075351e-08, 9.17511187026e-08, 5.41935598619e-08, 3.69607811024e-08, 3.23943738501e-09, 3.00765861809e-16],
        "max": [0.00774366920814, 0.0492071732879, 0.0136788738891, 0.00852587539703, 0.0392368286848, 0.0172715112567, 0.0619661137462, 0.068054407835, 0.036842469126, 0.0339466296136, 0.0307876951993, 0.0164023246616, 0.00946367625147, 0.0102746617049, 0.00789065379649, 0.00973632838577, 0.0221184007823, 0.00740506825969, 0.00969075970352, 0.00331826647744, 0.00408416008577, 0.00195322954096, 0.00327201234177, 0.00390881719068, 0.00398398656398, 0.000556479615625, 6.196643767e-07],
        "mean": [0.000173171691131, 0.00503452541307, 0.00112884200644, 0.000467215053504, 0.00323076266795, 0.0010574485641, 0.0015712819295, 0.00289844768122, 0.00114316330291, 0.000932581548113, 0.000343965017237, 0.00068546453258, 0.000505422067363, 0.000446171179647, 0.000571368436795, 0.000406762614148, 0.000686456158292, 0.00037388477358, 0.000363928003935, 0.000187216821359, 0.000173828681, 8.80312218214e-05, 9.21815808397e-05, 6.54018076602e-05, 5.48512543901e-05, 1.18640573419e-05, 1.24854970807e-09],
        "median": [8.68623010319e-06, 0.00436096638441, 0.000607835943811, 0.000157035610755, 0.00107437302358, 0.000426420301665, 0.00036859040847, 0.00101599562913, 0.000199533707928, 0.000173497683136, 5.98943515797e-05, 0.000217471184442, 0.000232788515859, 0.000135203939863, 0.000308814429445, 0.000143715646118, 0.000337650388246, 0.000140212432598, 0.000141660435474, 8.5093335656e-05, 8.91778690857e-05, 2.53095186054e-05, 1.91620511032e-05, 1.01899213405e-05, 5.66456083106e-06, 2.12037662095e-06, 2.84001960837e-10],
        "min": [2.16419382415e-11, 1.28202309879e-10, 1.18668921911e-10, 1.2241328784e-10, 2.96249275111e-10, 1.60411772754e-09, 1.15360776931e-07, 9.92272575218e-09, 3.93299117718e-08, 2.90283672655e-08, 6.14109962882e-09, 1.50672825328e-08, 1.70169016656e-07, 6.32058956285e-08, 1.99083714847e-07, 4.46710402002e-08, 6.10670412016e-08, 1.24456988715e-07, 7.90312597587e-08, 8.68452403324e-08, 9.02763375166e-08, 1.22346293097e-08, 3.01291191995e-09, 3.63275098891e-09, 6.03233296648e-11, 4.59519644558e-11, 1.0529866909e-11],
        "var": [2.32878335282e-07, 2.5427172659e-05, 2.19337312046e-06, 7.44676242448e-07, 2.95312438539e-05, 3.73951070287e-06, 1.82633084478e-05, 2.8192103855e-05, 8.79866092873e-06, 4.81741062686e-06, 1.31425861127e-06, 2.27306236411e-06, 6.22231539182e-07, 6.08406026004e-07, 6.26326198017e-07, 6.2290320102e-07, 2.05459309655e-06, 4.86327280669e-07, 5.78913159188e-07, 7.16333161677e-08, 7.78220794473e-08, 3.48770186065e-08, 7.30158689066e-08, 5.29666372984e-08, 5.56737695945e-08, 1.02450281592e-09, 2.97348030928e-16]
    },
    "erbbands": {
        "dmean": [0.0409750565886, 0.250648319721, 0.469366431236, 0.658827602863, 3.73951888084, 8.42724704742, 7.07864141464, 6.25456285477, 11.4079113007, 32.0815200806, 31.6310443878, 17.7664680481, 13.7678470612, 13.0452680588, 10.4848737717, 13.4318504333, 10.5424623489, 12.2449760437, 12.1546735764, 11.8189258575, 16.3050270081, 14.2410345078, 9.54582309723, 14.4402799606, 8.33709812164, 5.46545600891, 4.76504468918, 4.21347475052, 2.82387971878, 1.95198047161, 2.11686968803, 1.30137479305, 0.845376968384, 0.58511698246, 0.314973950386, 0.0899845287204, 0.020118849352, 0.00109441240784, 2.69544107141e-05, 9.16801764106e-06],
        "dmean2": [0.0668618530035, 0.393355429173, 0.733602702618, 1.0519425869, 5.82808732986, 13.7401666641, 11.1136550903, 10.3374214172, 17.6368541718, 48.7187423706, 47.8883590698, 26.9971981049, 20.3342666626, 19.0139007568, 16.8566894531, 19.4297332764, 15.8720979691, 18.5967884064, 17.3519802094, 18.957239151, 25.6421127319, 21.4260406494, 14.2471618652, 21.0845432281, 12.482416153, 8.75971221924, 7.39217662811, 6.84351491928, 4.66997003555, 3.10341453552, 3.34463047981, 1.98674845695, 1.3033413887, 0.873702526093, 0.489814460278, 0.152602091432, 0.0348765552044, 0.00185781309847, 4.3837200792e-05, 1.31793494802e-05],
        "dvar": [0.0180180240422, 0.328343123198, 0.989135563374, 1.89236271381, 112.469055176, 433.523406982, 249.250732422, 204.476394653, 1284.48022461, 5682.75585938, 5135.5703125, 3667.27441406, 1808.76916504, 1079.96118164, 1595.53540039, 1485.05615234, 685.596862793, 991.80078125, 536.381164551, 1372.2010498, 1029.80249023, 1614.25488281, 389.592681885, 1232.94726562, 336.102905273, 104.46081543, 75.4151000977, 104.396827698, 44.9201316833, 19.9624061584, 40.5789489746, 15.6455898285, 6.60878324509, 4.32615423203, 0.875767111778, 0.0481053106487, 0.00470379181206, 1.00581673905e-05, 4.76973394115e-09, 1.48488679685e-10],
        "dvar2": [0.0458347685635, 0.750498056412, 2.21583342552, 4.76359033585, 257.156311035, 1105.94775391, 589.902770996, 519.711303711, 2706.83032227, 11692.0439453, 11782.8828125, 7554.07910156, 3216.45483398, 2012.03063965, 3819.359375, 2958.42456055, 1472.29162598, 2110.97827148, 1109.33569336, 3525.15771484, 2350.02416992, 3600.62426758, 872.022644043, 2341.77856445, 641.939025879, 272.635284424, 172.277359009, 242.958251953, 118.918533325, 45.7362365723, 94.8973388672, 30.4779510498, 14.5594425201, 7.61255121231, 1.69857847691, 0.117883212864, 0.0130597297102, 2.73226178251e-05, 1.2729850063e-08, 3.24185622791e-10],
        "max": [2.17044234276, 8.08904933929, 15.3821220398, 15.6162261963, 134.510070801, 200.26109314, 180.994552612, 219.759750366, 768.04901123, 1139.09216309, 928.526489258, 1144.15722656, 878.940917969, 498.241973877, 984.727478027, 790.740722656, 453.910552979, 616.571289062, 349.261688232, 1075.56762695, 477.005584717, 911.127380371, 534.882446289, 454.411376953, 420.576843262, 140.435806274, 145.504592896, 182.03062439, 95.7076721191, 69.8358688354, 110.222335815, 114.753662109, 54.3119316101, 47.2965087891, 25.7073078156, 3.39794850349, 1.31041419506, 0.0574473850429, 0.00120253069326, 0.000121971090266],
        "mean": [0.151103511453, 1.09480750561, 1.56123960018, 1.39601778984, 6.22339916229, 11.155503273, 10.2277584076, 8.91942024231, 16.147857666, 46.2676811218, 52.3234367371, 29.733247757, 23.4968090057, 26.6881828308, 17.1958255768, 30.5767440796, 24.528886795, 25.325012207, 31.9947376251, 20.9220314026, 32.6767311096, 29.9799156189, 20.3491191864, 22.6318664551, 14.351266861, 9.88370418549, 7.75957155228, 5.4065952301, 3.34566378593, 2.62553310394, 2.67557907104, 1.670779109, 0.984128952026, 0.688967704773, 0.328061640263, 0.0860257074237, 0.0181978512555, 0.00107239640784, 3.86192114092e-05, 2.93558405247e-05],
        "median": [0.057417858392, 1.08721888065, 1.19186329842, 0.766454458237, 1.71097362041, 3.13297748566, 3.01714706421, 3.66586303711, 5.11142683029, 12.9088535309, 21.98960495, 6.33192873001, 5.81250047684, 5.94172000885, 7.43212509155, 10.4321889877, 12.086101532, 9.39511013031, 13.3597822189, 12.0861358643, 15.9835681915, 15.3933734894, 10.7383317947, 7.52470016479, 7.13624811172, 4.82269906998, 4.3448548317, 2.26291203499, 1.0082269907, 0.766957402229, 0.499248415232, 0.288965553045, 0.10783790797, 0.0565605349839, 0.0400172770023, 0.0148461749777, 0.00292986561544, 0.000154725057655, 1.81100167538e-05, 2.4151895559e-05],
        "min": [1.81442043612e-08, 6.35666168591e-08, 3.17684481388e-07, 8.51741333463e-07, 2.4212849894e-06, 8.95679568202e-06, 5.53150857741e-05, 0.000674089184031, 0.00275328173302, 0.00568574620411, 0.000666454958264, 0.0028469983954, 0.00517809111625, 0.0038300382439, 0.000751717831008, 0.00147150049452, 0.00522672059014, 0.0112041626126, 0.0137363234535, 0.00324698677287, 0.0033717926126, 0.00272170174867, 0.00521953590214, 0.00526810903102, 0.00759686948732, 0.00313008064404, 0.00517223170027, 0.000963296450209, 0.000487295968924, 0.000220921661821, 0.000322251376929, 0.000145055702887, 1.92772131413e-05, 3.86132524e-06, 5.69957592234e-07, 3.36337222961e-07, 8.94975258348e-08, 1.16461649213e-08, 5.42447597951e-09, 7.20134618604e-09],
        "var": [0.0440421104431, 0.970915615559, 2.35293483734, 3.64756059647, 207.937957764, 472.867462158, 366.937286377, 299.402954102, 1996.38781738, 11107.4404297, 8466.49707031, 5969.16552734, 3531.2800293, 2907.57568359, 1738.2208252, 4115.82861328, 1406.19628906, 1974.18566895, 2164.80859375, 1669.3482666, 2931.06958008, 3763.70800781, 1078.77844238, 2355.87280273, 750.498901367, 169.146911621, 116.398223877, 118.897743225, 50.9966964722, 36.8485565186, 72.6291656494, 35.4311180115, 13.8869409561, 10.1681060791, 1.7117613554, 0.0519648864865, 0.00347100943327, 9.19251579035e-06, 4.98128160942e-09, 4.25173923846e-10]
    },
    "gfcc": {
        "mean": [-27.3521633148, 104.427627563, -142.218917847, 35.3441085815, -57.5946731567, 8.01712322235, -34.0790748596, 13.7172307968, -15.9208526611, 6.80003261566, -11.3431549072, -3.45541644096, -9.76306152344],
        "cov": [[7073.42626953, -242.236602783, 1158.91625977, 492.554656982, 135.13835144, 581.857177734, -197.525619507, 348.694824219, -194.197967529, 178.561965942, -244.044448853, 305.139282227, -135.009811401], [-242.236602783, 2543.26953125, 1110.68847656, 460.010986328, 552.117553711, -57.7211799622, 325.730957031, -171.889404297, 77.1418838501, -334.399688721, 28.9982223511, -148.720016479, 226.856201172], [1158.91625977, 1110.68847656, 1799.44213867, 588.473999023, 173.031829834, 230.940673828, -10.3082780838, 21.5618686676, -120.235900879, -110.320373535, -139.477294922, 59.6762580872, 106.160171509], [492.554656982, 460.010986328, 588.473999023, 429.794067383, 165.194137573, 148.492706299, 18.663022995, -25.7033691406, 7.04236698151, -26.7791576385, 5.98611211777, -14.6697130203, 73.5465621948], [135.13835144, 552.117553711, 173.031829834, 165.194137573, 383.430633545, 85.8806228638, 58.6420402527, -1.24553596973, 54.9834365845, -3.17215538025, 32.3179473877, -34.4549674988, 57.5586547852], [581.857177734, -57.7211799622, 230.940673828, 148.492706299, 85.8806228638, 261.705657959, 33.0788955688, 74.0340270996, 13.6726551056, 50.9361763, 2.72825527191, 28.8604297638, 18.8245925903], [-197.525619507, 325.730957031, -10.3082780838, 18.663022995, 58.6420402527, 33.0788955688, 310.745300293, 38.4822807312, 76.9907302856, -38.3250160217, 46.6346931458, 2.21801686287, 29.7571659088], [348.694824219, -171.889404297, 21.5618686676, -25.7033691406, -1.24553596973, 74.0340270996, 38.4822807312, 143.87878418, 26.0053310394, 58.5377616882, 0.137165337801, 39.4785766602, -11.8628082275], [-194.197967529, 77.1418838501, -120.235900879, 7.04236698151, 54.9834365845, 13.6726551056, 76.9907302856, 26.0053310394, 161.019866943, 26.9557704926, 67.5501861572, -13.2091245651, 10.6896448135], [178.561965942, -334.399688721, -110.320373535, -26.7791576385, -3.17215538025, 50.9361763, -38.3250160217, 58.5377616882, 26.9557704926, 167.125320435, 20.5681800842, 34.9599685669, -21.4751338959], [-244.044448853, 28.9982223511, -139.477294922, 5.98611211777, 32.3179473877, 2.72825527191, 46.6346931458, 0.137165337801, 67.5501861572, 20.5681800842, 122.505065918, 10.5663604736, 33.9012107849], [305.139282227, -148.720016479, 59.6762580872, -14.6697130203, -34.4549674988, 28.8604297638, 2.21801686287, 39.4785766602, -13.2091245651, 34.9599685669, 10.5663604736, 137.085708618, 18.4363670349], [-135.009811401, 226.856201172, 106.160171509, 73.5465621948, 57.5586547852, 18.8245925903, 29.7571659088, -11.8628082275, 10.6896448135, -21.4751338959, 33.9012107849, 18.4363670349, 125.596359253]],
        "icov": [[0.000285437359707, -0.000289317715215, 0.000242950176471, -0.000475014181575, 0.00020524788124, -0.000507051940076, 0.000404244812671, -0.000720076845028, 0.00028880458558, -0.000150984807988, 0.000495512620546, -0.000806551426649, 0.000654605741147], [-0.000289317715215, 0.00313570164144, -0.00229173828848, 0.0013918147888, -0.00323254452087, 0.00269629480317, -0.00257063121535, 0.00260886945762, -0.0013386773644, 0.00240944349207, -0.00146863609552, 0.00279617286287, -0.00240809610114], [0.000242950176471, -0.00229173828848, 0.00315393158235, -0.00306152040139, 0.00232225027867, -0.00202322145924, 0.00197074236348, -0.00276472698897, 0.00146374944597, -0.000921010971069, 0.00264750258066, -0.00298076844774, 0.00147928541992], [-0.000475014181575, 0.0013918147888, -0.00306152040139, 0.00766162481159, -0.00220716930926, -0.000783698633313, -0.00126179005019, 0.00431357510388, -0.00156132795382, 0.00044831566629, -0.00284679164179, 0.00341413076967, -0.00261115771718], [0.00020524788124, -0.00323254452087, 0.00232225027867, -0.00220716930926, 0.0069118514657, -0.0032688791398, 0.00229319976643, -0.00239502242766, 0.000550536729861, -0.00273817917332, 0.00123409682419, -0.00165638455655, 0.00133676361293], [-0.000507051940076, 0.00269629480317, -0.00202322145924, -0.000783698633313, -0.0032688791398, 0.00912395585328, -0.00279450579546, -0.000317792408168, -0.000802673981525, 0.000606772606261, -0.0014273757115, 0.00242989812978, -0.00228285323828], [0.000404244812671, -0.00257063121535, 0.00197074236348, -0.00126179005019, 0.00229319976643, -0.00279450579546, 0.00651985919103, -0.00387406162918, -0.000444545032224, 0.000112621652079, 0.000644064159133, -0.00288539077155, 0.00191487174015], [-0.000720076845028, 0.00260886945762, -0.00276472698897, 0.00431357510388, -0.00239502242766, -0.000317792408168, -0.00387406162918, 0.0145239355043, -0.00314905610867, -0.00109546945896, -0.000947297783569, 0.00178342568688, -0.00216579856351], [0.00028880458558, -0.0013386773644, 0.00146374944597, -0.00156132795382, 0.000550536729861, -0.000802673981525, -0.000444545032224, -0.00314905610867, 0.0105521734804, -0.00207031168975, -0.00325815356337, -0.000114161812235, 0.00172546086833], [-0.000150984807988, 0.00240944349207, -0.000921010971069, 0.00044831566629, -0.00273817917332, 0.000606772606261, 0.000112621652079, -0.00109546945896, -0.00207031168975, 0.0111068254337, -0.00189605192281, 6.27919362159e-05, -0.000386712839827], [0.000495512620546, -0.00146863609552, 0.00264750258066, -0.00284679164179, 0.00123409682419, -0.0014273757115, 0.000644064159133, -0.000947297783569, -0.00325815356337, -0.00189605192281, 0.0149869145826, -0.00406763749197, -0.00147422414739], [-0.000806551426649, 0.00279617286287, -0.00298076844774, 0.00341413076967, -0.00165638455655, 0.00242989812978, -0.00288539077155, 0.00178342568688, -0.000114161812235, 6.27919362159e-05, -0.00406763749197, 0.013349452056, -0.00499149831012], [0.000654605741147, -0.00240809610114, 0.00147928541992, -0.00261115771718, 0.00133676361293, -0.00228285323828, 0.00191487174015, -0.00216579856351, 0.00172546086833, -0.000386712839827, -0.00147422414739, -0.00499149831012, 0.0132828839123]]
    },
    "melbands": {
        "dmean": [0.000347099557985, 0.000269692973234, 0.000177320413059, 0.000441007810878, 0.000299992709188, 0.000140931937494, 0.000191217288375, 0.000384861021303, 0.000233457743889, 0.000106926650915, 7.00675227563e-05, 5.77752798563e-05, 3.64416846423e-05, 3.94719754695e-05, 2.86610829789e-05, 2.59331936832e-05, 2.24917912419e-05, 2.03454965231e-05, 1.48521858137e-05, 1.6270289052e-05, 2.32361617236e-05, 1.92860406969e-05, 9.31432532525e-06, 1.15019956866e-05, 1.27999182951e-05, 8.33100148157e-06, 4.01176475862e-06, 3.74664864466e-06, 2.99381872537e-06, 3.25548603541e-06, 2.1940534225e-06, 1.75315039996e-06, 1.29673469473e-06, 1.06319578208e-06, 1.32304410272e-06, 1.05616413748e-06, 7.50136507577e-07, 6.21461595074e-07, 6.34492778318e-07, 4.68375276341e-07],
        "dmean2": [0.000547866337001, 0.000417695031501, 0.000269366952125, 0.000712408917025, 0.00047218814143, 0.00023221752781, 0.000294674187899, 0.000581776141189, 0.000354496238288, 0.000159410235938, 0.000104338658275, 8.38040505187e-05, 5.84050721955e-05, 6.15342287347e-05, 4.26411606895e-05, 3.90799759771e-05, 3.46427950717e-05, 2.98284230666e-05, 2.28948028962e-05, 2.64304380835e-05, 3.72248359781e-05, 2.92044296657e-05, 1.40364109029e-05, 1.72539948835e-05, 1.8887429178e-05, 1.26348850245e-05, 6.13851671005e-06, 6.19927322987e-06, 4.69897167932e-06, 5.25616906089e-06, 3.5845266666e-06, 2.97643578051e-06, 2.0962893359e-06, 1.66909467225e-06, 2.1081630166e-06, 1.60053252785e-06, 1.17408023925e-06, 9.79444621407e-07, 9.64580635809e-07, 6.91667366937e-07],
        "dvar": [1.00488500721e-06, 2.86305834152e-07, 1.77580162131e-07, 9.48049546423e-07, 5.25862049017e-07, 9.67814628439e-08, 3.3164090496e-07, 6.8394643904e-07, 2.95096725722e-07, 1.27194525135e-07, 4.92495537685e-08, 2.29713492672e-08, 2.55943586325e-08, 1.85931305907e-08, 8.72499050786e-09, 4.09078415586e-09, 3.84823151123e-09, 1.70401892596e-09, 1.06837316771e-09, 2.07271844133e-09, 2.339056282e-09, 3.53731777203e-09, 4.51800985513e-10, 6.03340599703e-10, 1.05906927672e-09, 4.39865255331e-10, 6.76759412399e-11, 5.16907731896e-11, 3.05620147245e-11, 5.2386362609e-11, 2.94690279123e-11, 1.94862615627e-11, 8.9711137824e-12, 6.58698573117e-12, 1.48956836449e-11, 1.39568504323e-11, 5.14715266936e-12, 3.67918542854e-12, 6.44358177926e-12, 2.79251123093e-12],
        "dvar2": [2.4579685487e-06, 6.59936461034e-07, 3.89870990603e-07, 2.37438644035e-06, 1.26787699628e-06, 2.45617115979e-07, 6.87568274316e-07, 1.3487472188e-06, 6.6718951075e-07, 2.58552574905e-07, 8.54015453911e-08, 4.15752197114e-08, 5.81610350991e-08, 4.71451926387e-08, 1.95477891651e-08, 8.69431904249e-09, 8.1629458748e-09, 3.70249830794e-09, 2.57239785029e-09, 5.63610225157e-09, 5.34762101267e-09, 7.90749865587e-09, 9.259512046e-10, 1.34012290154e-09, 2.04481276356e-09, 9.11877795495e-10, 1.43121195451e-10, 1.37973160674e-10, 7.16902232023e-11, 1.20649434887e-10, 6.91611837245e-11, 5.36583832922e-11, 1.9694352052e-11, 1.56794976308e-11, 3.64289397259e-11, 2.85793298749e-11, 1.10353514521e-11, 8.55112335107e-12, 1.26888907367e-11, 4.79961730082e-12],
        "max": [0.016524111852, 0.00652180379257, 0.00543207209557, 0.00866302102804, 0.00779818696901, 0.00427247909829, 0.0129033718258, 0.0135771250352, 0.00651581957936, 0.00654459698126, 0.00471894117072, 0.00243677594699, 0.00464253639802, 0.00203911261633, 0.00165182421915, 0.00125215039589, 0.00122674671002, 0.000514100596774, 0.00080783694284, 0.00116151804104, 0.000850736047141, 0.00142472446896, 0.000520926085301, 0.000462173979031, 0.000412227062043, 0.000436149915913, 0.000192350649741, 9.05917113414e-05, 8.60621585161e-05, 0.000126062397612, 8.69920913829e-05, 6.11268842476e-05, 5.07325712533e-05, 3.49647270923e-05, 5.4687334341e-05, 8.78422724782e-05, 6.35399483144e-05, 3.37236524501e-05, 7.3010683991e-05, 4.75928936794e-05],
        "mean": [0.00140642072074, 0.00105483399238, 0.000369580142433, 0.000640203128569, 0.0004258484405, 0.000200434224098, 0.000265327864327, 0.000572693475988, 0.000387826818042, 0.000168587721419, 0.000116280476504, 0.000114295558888, 5.36933257536e-05, 7.95883024693e-05, 5.8207744587e-05, 5.43328606e-05, 4.34171379311e-05, 4.96385036968e-05, 3.11260773742e-05, 2.53755588346e-05, 4.42310301878e-05, 3.60206977348e-05, 1.92359202629e-05, 2.02534756681e-05, 1.81325776794e-05, 1.29362115331e-05, 6.81519077261e-06, 6.32121600574e-06, 4.82710811411e-06, 4.35206766269e-06, 2.64819232143e-06, 1.91149388229e-06, 1.59449518833e-06, 1.40487418321e-06, 1.60101944857e-06, 1.31148544824e-06, 9.06487287011e-07, 6.88953093686e-07, 6.6286929723e-07, 5.4410128314e-07],
        "median": [0.000933200237341, 0.00107108987868, 0.000168232741999, 0.000214463667362, 0.000112325884402, 7.96296590124e-05, 7.55610526539e-05, 0.000165832403582, 0.000165589415701, 2.95019981422e-05, 2.56479670497e-05, 2.17089127545e-05, 1.47284599734e-05, 2.73242731055e-05, 2.97292735922e-05, 2.72049837804e-05, 1.2947471987e-05, 1.99523201445e-05, 1.88947797142e-05, 1.16156825243e-05, 2.03493036679e-05, 1.51286549226e-05, 8.73891076481e-06, 6.49284538667e-06, 4.77577123092e-06, 5.4437819017e-06, 3.00235456052e-06, 2.81624829768e-06, 2.50201674135e-06, 1.96907012651e-06, 9.31775502977e-07, 5.24392362422e-07, 4.34251944625e-07, 3.69439590031e-07, 2.8401484542e-07, 2.01463379312e-07, 1.48851000858e-07, 7.47353610109e-08, 4.28538697861e-08, 4.17990619894e-08],
        "min": [5.42080789978e-11, 3.93750379524e-11, 6.73831129783e-11, 7.41960035078e-11, 5.87718693157e-11, 3.92581578357e-10, 2.78379879148e-08, 7.06783254145e-08, 2.71021005638e-09, 5.31090327271e-09, 1.65242719508e-09, 1.02349213549e-08, 1.58800195216e-09, 1.73140279891e-09, 5.21908072315e-09, 1.71943632665e-08, 5.25949950259e-09, 1.76882490877e-08, 8.37788238783e-09, 1.53678159087e-09, 3.90056253963e-09, 1.60944990668e-09, 4.70597694147e-09, 7.02055968915e-09, 3.63945784621e-09, 4.52128556816e-09, 5.12506526107e-09, 9.95427629213e-10, 3.82764042683e-09, 8.0240220024e-10, 3.84194565051e-10, 2.30916438748e-10, 8.65624030788e-11, 6.08210426467e-11, 3.38994492199e-11, 3.28358382151e-11, 2.59236711958e-11, 6.03367095869e-12, 2.61882936127e-13, 4.48847197203e-14],
