{
"highlevel": {
    "danceability": {
        "all": {
            "danceable": 0.39697805047,
            "not_danceable": 0.603021919727
        },
        "probability": 0.603021919727,
        "value": "not_danceable"
    },
    "gender": {
        "all": {
            "female": 0.454075336456,
            "male": 0.545924663544
        },
        "probability": 0.545924663544,
        "value": "male"
    },
    "genre_dortmund": {
        "all": {
            "alternative": 0.073834143579,
            "blues": 0.0309197213501,
            "electronic": 0.0112702138722,
            "folkcountry": 0.47067835927,
            "funksoulrnb": 0.046694509685,
            "jazz": 0.0392046123743,
            "pop": 0.0866106450558,
            "raphiphop": 0.00242896610871,
            "rock": 0.238358825445
        },
        "probability": 0.47067835927,
        "value": "folkcountry"
    },
    "genre_electronic": {
        "all": {
            "ambient": 0.550993800163,
            "dnb": 0.287910878658,
            "house": 0.110183723271,
            "techno": 0.00453044008464,
            "trance": 0.0463811457157
        },
        "probability": 0.550993800163,
        "value": "ambient"
    },
    "genre_rosamerica": {
        "all": {
            "cla": 0.0104350326583,
            "dan": 0.00355259957723,
            "hip": 0.00172551884316,
            "jaz": 0.0234932713211,
            "pop": 0.701260209084,
            "rhy": 0.0633652061224,
            "roc": 0.195107862353,
            "spe": 0.00106027524453
        },
        "probability": 0.701260209084,
        "value": "pop"
    },
    "genre_tzanetakis": {
        "all": {
            "blu": 0.0626613423228,
            "cla": 0.0348169617355,
            "cou": 0.104475811124,
            "dis": 0.0784321576357,
            "hip": 0.15692435205,
            "jaz": 0.313974827528,
            "met": 0.0448166541755,
            "pop": 0.0627359300852,
            "reg": 0.0627360641956,
            "roc": 0.0784258767962
        },
        "probability": 0.313974827528,
        "value": "jaz"
    },
    "ismir04_rhythm": {
        "all": {
            "ChaChaCha": 0.0155549189076,
            "Jive": 0.0220816191286,
            "Quickstep": 0.740629911423,
            "Rumba-American": 0.00737661775202,
            "Rumba-International": 0.0487657301128,
            "Rumba-Misc": 0.00312875187956,
            "Samba": 0.0674951523542,
            "Tango": 0.0105463722721,
            "VienneseWaltz": 0.0679848790169,
            "Waltz": 0.0164360404015
        },
        "probability": 0.740629911423,
        "value": "Quickstep"
    },
    "mood_acoustic": {
        "all": {
            "acoustic": 0.107959538698,
            "not_acoustic": 0.892040431499
        },
        "probability": 0.892040431499,
        "value": "not_acoustic"
    },
    "mood_aggressive": {
        "all": {
            "aggressive": 0.052727419883,
            "not_aggressive": 0.947272598743
        },
        "probability": 0.947272598743,
        "value": "not_aggressive"
    },
    "mood_electronic": {
        "all": {
            "electronic": 0.193885862827,
            "not_electronic": 0.806114137173
        },
        "probability": 0.806114137173,
        "value": "not_electronic"
    },
    "mood_happy": {
        "all": {
            "happy": 0.951678574085,
            "not_happy": 0.0483214184642
        },
        "probability": 0.951678574085,
        "value": "happy"
    },
    "mood_party": {
        "all": {
            "not_party": 0.840135216713,
            "party": 0.159864768386
        },
        "probability": 0.840135216713,
        "value": "not_party"
    },
    "mood_relaxed": {
        "all": {
            "not_relaxed": 0.906882226467,
            "relaxed": 0.093117788434
        },
        "probability": 0.906882226467,
        "value": "not_relaxed"
    },
    "mood_sad": {
        "all": {
            "not_sad": 0.612716913223,
            "sad": 0.387283086777
        },
        "probability": 0.612716913223,
        "value": "not_sad"
    },
    "moods_mirex": {
        "all": {
            "Cluster1": 0.364215224981,
            "Cluster2": 0.297970145941,
            "Cluster3": 0.157715395093,
            "Cluster4": 0.133437752724,
            "Cluster5": 0.0466614700854
        },
        "probability": 0.364215224981,
        "value": "Cluster1"
    },
    "timbre": {
        "all": {
            "bright": 0.933335900307,
            "dark": 0.0666641294956
        },
        "probability": 0.933335900307,
        "value": "bright"
    },
    "tonal_atonal": {
        "all": {
            "atonal": 0.000570439384319,
            "tonal": 0.999429583549
        },
        "probability": 0.999429583549,
        "value": "tonal"
    },
    "voice_instrumental": {
        "all": {
            "instrumental": 0.0228174533695,
            "voice": 0.97718256712
        },
        "probability": 0.97718256712,
        "value": "voice"
    }
},
"lowlevel": {
    "average_loudness": 0.974812984467,
    "barkbands_crest": {
        "dmean": 2.57390522957,
        "dmean2": 4.35042619705,
        "dvar": 6.3113951683,
        "dvar2": 16.9385299683,
        "max": 23.7874832153,
        "mean": 8.81259155273,
        "median": 7.80792665482,
        "min": 2.793612957,
        "var": 15.1944637299
    },
    "barkbands_flatness_db": {
        "dmean": 0.0191462468356,
        "dmean2": 0.0305758025497,
        "dvar": 0.000329447211698,
        "dvar2": 0.000880058854818,
        "max": 0.30236530304,
        "mean": 0.131140753627,
        "median": 0.123514905572,
        "min": 0.0523108951747,
        "var": 0.00152867322322
    },
    "barkbands_kurtosis": {
        "dmean": 2.39625120163,
        "dmean2": 3.88701796532,
        "dvar": 13.7164964676,
        "dvar2": 35.9599914551,
        "max": 41.4206924438,
        "mean": 3.89668345451,
        "median": 2.10799980164,
        "min": -1.86165487766,
        "var": 34.2563171387
    },
    "barkbands_skewness": {
        "dmean": 0.469440221786,
        "dmean2": 0.742009341717,
        "dvar": 0.270159214735,
        "dvar2": 0.666501283646,
        "max": 5.54394292831,
        "mean": 1.56907832623,
        "median": 1.44527935982,
        "min": -0.823319077492,
        "var": 1.01418495178
    },
    "barkbands_spread": {
        "dmean": 5.55761575699,
        "dmean2": 8.79969882965,
        "dvar": 46.3696479797,
        "dvar2": 100.626586914,
        "max": 85.6410293579,
        "mean": 22.6515350342,
        "median": 21.1981620789,
        "min": 2.94878840446,
        "var": 136.210784912
    },
    "dissonance": {
        "dmean": 0.0212326403707,
        "dmean2": 0.0351069420576,
        "dvar": 0.000340415368555,
        "dvar2": 0.000905012013391,
        "max": 0.499999761581,
        "mean": 0.453446745872,
        "median": 0.458893299103,
        "min": 0.278426826,
        "var": 0.000929394736886
    },
    "dynamic_complexity": 1.25887715816,
    "erbbands_crest": {
        "dmean": 2.89075994492,
        "dmean2": 4.64684009552,
        "dvar": 7.29867553711,
        "dvar2": 17.6491203308,
        "max": 27.7078113556,
        "mean": 10.0643701553,
        "median": 9.03890037537,
        "min": 2.70686078072,
        "var": 20.6240997314
    },
    "erbbands_flatness_db": {
        "dmean": 0.0173085816205,
        "dmean2": 0.0251588169485,
        "dvar": 0.000250123441219,
        "dvar2": 0.000495108426549,
        "max": 0.267655730247,
        "mean": 0.147079259157,
        "median": 0.141653060913,
        "min": 0.0714596509933,
        "var": 0.00130041362718
    },
    "erbbands_kurtosis": {
        "dmean": 0.921242415905,
        "dmean2": 1.45503818989,
        "dvar": 1.04392170906,
        "dvar2": 2.36505413055,
        "max": 12.2981777191,
        "mean": 0.713119089603,
        "median": 0.344183206558,
        "min": -1.70688378811,
        "var": 2.94913268089
    },
    "erbbands_skewness": {
        "dmean": 0.35292071104,
        "dmean2": 0.537180364132,
        "dvar": 0.112515568733,
        "dvar2": 0.242886707187,
        "max": 3.34679818153,
        "mean": 0.617066919804,
        "median": 0.68278580904,
        "min": -2.9633500576,
        "var": 0.645363271236
    },
    "erbbands_spread": {
        "dmean": 8.28017711639,
        "dmean2": 12.622549057,
        "dvar": 64.3544845581,
        "dvar2": 143.96875,
        "max": 109.608100891,
        "mean": 38.5122451782,
        "median": 36.7550010681,
        "min": 10.1535301208,
        "var": 209.377700806
    },
    "hfc": {
        "dmean": 7.01166963577,
        "dmean2": 10.3525266647,
        "dvar": 83.1595001221,
        "dvar2": 179.288131714,
        "max": 139.661071777,
        "mean": 25.3092498779,
        "median": 21.0070762634,
        "min": 0.809748828411,
        "var": 249.743255615
    },
    "melbands_crest": {
        "dmean": 2.91159963608,
        "dmean2": 4.86269378662,
        "dvar": 7.72659444809,
        "dvar2": 20.0166873932,
        "max": 31.6689777374,
        "mean": 11.4506654739,
        "median": 10.4386882782,
        "min": 4.03792524338,
        "var": 21.5717964172
    },
    "melbands_flatness_db": {
        "dmean": 0.0232915561646,
        "dmean2": 0.0361664816737,
        "dvar": 0.000571292883251,
        "dvar2": 0.00144993525464,
        "max": 0.359846502542,
        "mean": 0.176591232419,
        "median": 0.168801560998,
        "min": 0.049098931253,
        "var": 0.00239880336449
    },
    "melbands_kurtosis": {
        "dmean": 5.52959108353,
        "dmean2": 9.00504112244,
        "dvar": 74.0150299072,
        "dvar2": 191.082489014,
        "max": 91.5722503662,
        "mean": 11.1133947372,
        "median": 7.19795227051,
        "min": -1.52915143967,
        "var": 165.33164978
    },
    "melbands_skewness": {
        "dmean": 0.647822320461,
        "dmean2": 1.02491903305,
        "dvar": 0.481785774231,
        "dvar2": 1.18222105503,
        "max": 8.04232501984,
        "mean": 2.38135766983,
        "median": 2.17196011543,
        "min": -0.257665783167,
        "var": 1.50755548477
    },
    "melbands_spread": {
        "dmean": 6.12805366516,
        "dmean2": 9.51312160492,
        "dvar": 64.4340896606,
        "dvar2": 132.846954346,
        "max": 144.674987793,
        "mean": 23.2392406464,
        "median": 20.7591075897,
        "min": 2.66199231148,
        "var": 213.326370239
    },
    "pitch_salience": {
        "dmean": 0.0677196979523,
        "dmean2": 0.109562836587,
        "dvar": 0.00330090569332,
        "dvar2": 0.00837511476129,
        "max": 0.82694119215,
        "mean": 0.588776469231,
        "median": 0.601079523563,
        "min": 0.206842467189,
        "var": 0.010077229701
    },
    "silence_rate_20dB": {
        "dmean": 0,
        "dmean2": 0,
        "dvar": 0,
        "dvar2": 0,
        "max": 1,
        "mean": 1,
        "median": 1,
        "min": 1,
        "var": 0
    },
    "silence_rate_30dB": {
        "dmean": 0,
        "dmean2": 0,
        "dvar": 0,
        "dvar2": 0,
        "max": 1,
        "mean": 1,
        "median": 1,
        "min": 1,
        "var": 0
    },
    "silence_rate_60dB": {
        "dmean": 0.00154798757285,
        "dmean2": 0.00309837330133,
        "dvar": 0.00154558743816,
        "dvar2": 0.00463794032112,
        "max": 1,
        "mean": 0.00077339517884,
        "median": 0,
        "min": 0,
        "var": 0.000772796454839
    },
    "spectral_centroid": {
        "dmean": 216.139663696,
        "dmean2": 329.344390869,
        "dvar": 62208.515625,
        "dvar2": 132892.75,
        "max": 4362.484375,
        "mean": 1212.36120605,
        "median": 1152.43127441,
        "min": 318.34197998,
        "var": 271289.6875
    },
    "spectral_complexity": {
        "dmean": 3.42260050774,
        "dmean2": 5.23237800598,
        "dvar": 11.2749681473,
        "dvar2": 24.8167133331,
        "max": 49,
        "mean": 20.0943546295,
        "median": 19,
        "min": 3,
        "var": 57.9880256653
    },
    "spectral_decrease": {
        "dmean": 2.24835328133e-09,
        "dmean2": 3.66166297283e-09,
        "dvar": 8.01277038081e-18,
        "dvar2": 2.08322145093e-17,
        "max": -4.83055928591e-10,
        "mean": -7.2406485252e-09,
        "median": -6.66656019277e-09,
        "min": -2.74143623358e-08,
        "var": 1.26031165459e-17
    },
    "spectral_energy": {
        "dmean": 0.00887302402407,
        "dmean2": 0.0143906474113,
        "dvar": 0.000119450560305,
        "dvar2": 0.000307903741486,
        "max": 0.10901606828,
        "mean": 0.029623510316,
        "median": 0.027486551553,
        "min": 0.00200276030228,
        "var": 0.000198774039745
    },
    "spectral_energyband_high": {
        "dmean": 0.000507223594468,
        "dmean2": 0.000750307634007,
        "dvar": 1.05274921225e-06,
        "dvar2": 2.1605501388e-06,
        "max": 0.0213741287589,
        "mean": 0.00104612100404,
        "median": 0.000651552341878,
        "min": 1.60694635269e-05,
        "var": 2.19105891119e-06
    },
    "spectral_energyband_low": {
        "dmean": 0.003641579533,
        "dmean2": 0.0063172923401,
        "dvar": 8.07331962278e-05,
        "dvar2": 0.00022482573695,
        "max": 0.0813112556934,
        "mean": 0.00557956518605,
        "median": 0.00378585187718,
        "min": 8.16601550468e-06,
        "var": 6.46277840133e-05
    },
    "spectral_energyband_middle_high": {
        "dmean": 0.00191690807696,
        "dmean2": 0.00285378075205,
        "dvar": 6.70350800647e-06,
        "dvar2": 1.38742780109e-05,
        "max": 0.037134308368,
        "mean": 0.00628866069019,
        "median": 0.00420490140095,
        "min": 9.4985945907e-05,
        "var": 3.38418540196e-05
    },
    "spectral_energyband_middle_low": {
        "dmean": 0.00614152895287,
        "dmean2": 0.0098197106272,
        "dvar": 5.26306466782e-05,
        "dvar2": 0.000133251407533,
        "max": 0.0993139892817,
        "mean": 0.0177330020815,
        "median": 0.015455971472,
        "min": 0.000496750464663,
        "var": 0.000103327933175
    },
    "spectral_entropy": {
        "dmean": 0.166479423642,
        "dmean2": 0.245175883174,
        "dvar": 0.0276058893651,
        "dvar2": 0.0592378228903,
        "max": 8.56488513947,
        "mean": 7.54699134827,
        "median": 7.56734132767,
        "min": 6.17685508728,
        "var": 0.117941200733
    },
    "spectral_flux": {
        "dmean": 0.0249552261084,
        "dmean2": 0.0393814556301,
        "dvar": 0.000766803277656,
        "dvar2": 0.00170090026222,
        "max": 0.263476371765,
        "mean": 0.0920732617378,
        "median": 0.0831494405866,
        "min": 0.0234451554716,
        "var": 0.00144899939187
    },
    "spectral_kurtosis": {
        "dmean": 1.14108514786,
        "dmean2": 1.8631978035,
        "dvar": 1.38381707668,
        "dvar2": 3.83666586876,
        "max": 14.8236370087,
        "mean": 3.81544017792,
        "median": 3.61028957367,
        "min": -0.674181938171,
        "var": 3.42644357681
    },
    "spectral_rms": {
        "dmean": 0.000780844362453,
        "dmean2": 0.00124652753584,
        "dvar": 7.13174074463e-07,
        "dvar2": 1.76336834556e-06,
        "max": 0.0103129595518,
        "mean": 0.00523049617186,
        "median": 0.00517843104899,
        "min": 0.00139782414772,
        "var": 1.54290307819e-06
    },
    "spectral_rolloff": {
        "dmean": 493.697753906,
        "dmean2": 827.936706543,
        "dvar": 892196.25,
        "dvar2": 2142227.75,
        "max": 12403.125,
        "mean": 1424.35754395,
        "median": 1119.7265625,
        "min": 129.19921875,
        "var": 1400727
    },
    "spectral_skewness": {
        "dmean": 0.186324298382,
        "dmean2": 0.296917587519,
        "dvar": 0.0335254445672,
        "dvar2": 0.0769917145371,
        "max": 3.14715242386,
        "mean": 1.57147991657,
        "median": 1.56885004044,
        "min": 0.00659613404423,
        "var": 0.117552898824
    },
    "spectral_spread": {
        "dmean": 579091.5,
        "dmean2": 848640.125,
        "dvar": 349743218688,
        "dvar2": 704381714432,
        "max": 10572479,
        "mean": 5120576.5,
        "median": 5080380,
        "min": 1981534.75,
        "var": 1.75896828314e+12
    },
    "spectral_strongpeak": {
        "dmean": 0.703473746777,
        "dmean2": 1.18371009827,
        "dvar": 1.19645619392,
        "dvar2": 3.23287320137,
        "max": 17.4689254761,
        "mean": 1.27314126492,
        "median": 0.921842217445,
        "min": 0.0398049242795,
        "var": 1.72178995609
    },
    "zerocrossingrate": {
        "dmean": 0.0111318295822,
        "dmean2": 0.0138027388602,
        "dvar": 0.000171541789314,
        "dvar2": 0.000211927908822,
        "max": 0.29541015625,
        "mean": 0.0702211111784,
        "median": 0.06591796875,
        "min": 0.0146484375,
        "var": 0.00090158788953
    },
    "barkbands": {
        "dmean": [0.000167520222021, 0.00269088288769, 0.000861610402353, 0.000937957025599, 0.00304916757159, 0.0026501964312, 0.000717604649253, 0.00112159596756, 0.000996905611828, 0.000889499555342, 0.000540949520655, 0.000419561372837, 0.000284314330202, 0.000435205700342, 0.000327316491166, 0.000269364682026, 0.000328595779138, 0.000229152385145, 0.000149529951159, 9.54340357566e-05, 0.000105593237095, 0.000150848718476, 8.76523336046e-05, 8.99708029465e-05, 7.57125599193e-05, 7.30339015718e-05, 4.66276217637e-09],
        "dmean2": [0.000275148195215, 0.00483336951584, 0.00138340110425, 0.00155173020903, 0.00502227479592, 0.00420792261139, 0.001121385023, 0.0017177069094, 0.00156361423433, 0.00141438422725, 0.000896849785931, 0.000639252830297, 0.000455630331999, 0.000718687078916, 0.00050222146092, 0.000428658269811, 0.000526910531335, 0.000356626667781, 0.000233266400755, 0.00015044650354, 0.000160738418344, 0.000243308168137, 0.000135931419209, 0.000138942836202, 0.000119569609524, 0.000116632058052, 8.27226376288e-09],
        "dvar": [1.33503561983e-07, 6.15638564341e-05, 1.63783022344e-06, 2.11178962672e-06, 1.43326078614e-05, 2.70252076007e-05, 1.00395288882e-06, 3.54014946424e-06, 2.41439556703e-06, 2.5450076464e-06, 1.08429821921e-06, 7.89694297509e-07, 7.95090954853e-07, 7.19846127595e-07, 5.77180628625e-07, 3.7936936792e-07, 5.47306342469e-07, 3.3464047533e-07, 7.50151940565e-08, 2.3992969389e-08, 5.88637760757e-08, 1.14756794289e-07, 5.28314956227e-08, 6.36237800222e-08, 3.04394696116e-08, 5.84174486562e-08, 1.28134009123e-15],
        "dvar2": [3.21495264188e-07, 0.00017534304061, 4.01341958423e-06, 5.68853693039e-06, 3.53154100594e-05, 6.78696014802e-05, 2.29798342843e-06, 6.83969574311e-06, 5.74925934416e-06, 6.16087254457e-06, 2.71892349701e-06, 1.38314373999e-06, 2.02372507374e-06, 1.8062773961e-06, 1.115190571e-06, 9.29469877065e-07, 1.3861770185e-06, 7.36788479117e-07, 1.59484059736e-07, 5.96498637151e-08, 1.10634736927e-07, 2.67971131507e-07, 1.09372642498e-07, 1.5102808959e-07, 7.80791324928e-08, 1.56672655294e-07, 2.37485909674e-15],
        "max": [0.00295968260616, 0.0702455937862, 0.0112674422562, 0.0141720343381, 0.0396726317704, 0.0761164799333, 0.020663516596, 0.0305155441165, 0.026710184291, 0.0212347451597, 0.0193665958941, 0.0187537036836, 0.020141819492, 0.0133568532765, 0.0184150189161, 0.0118911284953, 0.013281147927, 0.0124859251082, 0.00508321076632, 0.00229449104518, 0.00617014197633, 0.00758723448962, 0.00437535438687, 0.00487206084654, 0.00296072848141, 0.00424494827166, 9.7002180155e-07],
        "mean": [0.000191740648006, 0.00303284381516, 0.00169936905149, 0.00149237946607, 0.00595908472314, 0.00440138252452, 0.00136563635897, 0.00187393394299, 0.00162337324582, 0.00156108522788, 0.000930433219764, 0.000680401513819, 0.000431579304859, 0.000653171620797, 0.000574373581912, 0.000526754942257, 0.000664677238092, 0.000492198218126, 0.000326913286699, 0.000189014521311, 0.000182930773008, 0.000246569572482, 0.000156387730385, 0.000146659236634, 0.000124733240227, 9.59022218012e-05, 3.12567660643e-09],
        "median": [7.60817783885e-05, 0.00169019564055, 0.00121476245113, 0.000872160075232, 0.0040322500281, 0.00244876323268, 0.000825699185953, 0.000830868491903, 0.000856108032167, 0.000618518330157, 0.000295459671179, 0.00027358130319, 0.000167433667229, 0.000284520181594, 0.000243279791903, 0.000182483548997, 0.000240388355451, 0.00017749905237, 0.000164679426234, 0.000119350370369, 9.39876190387e-05, 0.000132701636176, 7.87907774793e-05, 7.29216262698e-05, 6.01688261668e-05, 3.19223254337e-05, 4.3277753603e-10],
        "min": [1.10797287789e-07, 9.52099640017e-07, 4.52292368891e-07, 6.56261818222e-06, 7.30142273824e-05, 2.95091358566e-05, 4.70273744213e-06, 9.30546684685e-06, 1.40853035191e-06, 3.0631433674e-06, 1.02654325929e-06, 9.74989575298e-07, 4.90261186314e-07, 9.40124550652e-07, 1.65953736087e-06, 8.7918817826e-07, 1.95075517695e-06, 1.86066631613e-06, 3.70643670067e-06, 1.82050348485e-06, 5.14277144248e-06, 9.52370442064e-07, 1.0060743989e-06, 3.2511752579e-07, 1.83647657082e-08, 2.74623015301e-11, 7.30583388925e-12],
        "var": [1.39819377409e-07, 3.9694019506e-05, 3.44485806636e-06, 3.14622525366e-06, 3.33452662744e-05, 4.05453210988e-05, 3.93386790165e-06, 9.49168861553e-06, 4.85831196784e-06, 5.67183451494e-06, 3.22907681038e-06, 2.18614445657e-06, 1.35220921038e-06, 1.20041352147e-06, 1.97165581994e-06, 1.00877548448e-06, 1.76250387085e-06, 1.12661393814e-06, 2.45693087209e-07, 5.25541743457e-08, 1.22273050351e-07, 2.06859397167e-07, 1.00361454258e-07, 8.25255241921e-08, 3.82571911928e-08, 5.91863802413e-08, 1.01669089373e-15]
    },
    "erbbands": {
        "dmean": [0.0814320892096, 0.596395134926, 1.05046033859, 2.01346421242, 6.79995298386, 10.4538078308, 19.3092975616, 22.8507385254, 10.2954349518, 17.7227840424, 22.5104255676, 23.9719810486, 32.6785850525, 13.8871145248, 23.9588832855, 18.2583370209, 11.9620428085, 23.2380447388, 16.2487716675, 13.8270664215, 15.5614690781, 15.0086708069, 12.549074173, 8.22009944916, 6.7745552063, 4.69507169724, 3.99266076088, 4.53950452805, 5.63125228882, 3.99966073036, 2.49533081055, 1.90687012672, 1.50194013119, 0.89781409502, 0.569057941437, 0.50021982193, 0.0897008106112, 0.00699102412909, 0.000135503010824, 1.55478428496e-05],
        "dmean2": [0.14467908442, 1.08302092552, 1.72597014904, 3.29737567902, 11.18501091, 17.1296615601, 30.8231048584, 37.2988128662, 15.6956501007, 27.8337554932, 35.059009552, 37.18542099, 51.821231842, 22.4664993286, 38.9333267212, 28.1836242676, 19.3077411652, 38.7291679382, 26.1182403564, 21.1156196594, 25.041349411, 23.4086341858, 19.4042491913, 12.6602373123, 10.5616264343, 7.38710069656, 6.36978149414, 7.10849523544, 9.00899505615, 6.39662075043, 3.92680478096, 2.9770898819, 2.31034517288, 1.40510630608, 0.900849223137, 0.814574241638, 0.144038841128, 0.0115642016754, 0.000219519410166, 2.44357870542e-05],
        "dvar": [0.0558877699077, 2.87920188904, 3.09171080589, 7.98297119141, 122.663978577, 187.756240845, 925.178527832, 2527.1315918, 223.651901245, 614.170288086, 1816.68310547, 1795.01379395, 3439.40991211, 1187.54638672, 1975.47619629, 1579.37463379, 1116.92749023, 1960.49035645, 2386.73583984, 694.013916016, 1547.49145508, 950.408752441, 1228.01257324, 260.178100586, 129.624984741, 54.5172042847, 60.3996543884, 153.555175781, 161.798919678, 103.284965515, 45.8228378296, 43.3891448975, 12.2630472183, 5.17070913315, 1.42126226425, 4.10623502731, 0.033672362566, 0.000324658554746, 9.30386221398e-08, 4.10501216352e-10],
        "dvar2": [0.156295672059, 8.28462314606, 8.17110157013, 20.3335151672, 316.183929443, 458.444030762, 2399.40014648, 6513.02783203, 471.809509277, 1398.57983398, 3549.07446289, 4206.75439453, 8257.81445312, 2983.58837891, 4691.99316406, 2923.06420898, 2904.33569336, 5006.10644531, 4736.36132812, 1407.83239746, 4103.84375, 2346.26513672, 2790.92919922, 482.975311279, 304.44418335, 128.69430542, 128.575927734, 306.454589844, 377.542480469, 244.326049805, 103.941543579, 108.088180542, 27.7392501831, 13.3499288559, 3.49523258209, 11.1375398636, 0.0812676399946, 0.000872847565915, 2.43794943344e-07, 1.00403096948e-09],
        "max": [2.17698264122, 14.6901922226, 14.4337100983, 29.9432487488, 130.5181427, 160.711151123, 425.926727295, 715.003356934, 308.440765381, 310.941802979, 796.435302734, 836.895080566, 692.313903809, 650.271972656, 952.202758789, 1000.05651855, 722.555603027, 699.246582031, 1285.66491699, 482.362762451, 776.717529297, 561.887573242, 736.040161133, 320.317474365, 145.0390625, 100.228103638, 170.57472229, 292.510955811, 276.578460693, 229.769042969, 122.410575867, 124.818397522, 57.2925834656, 45.1379776001, 13.3173894882, 35.8034858704, 2.14096832275, 0.287364751101, 0.00447026686743, 0.000215098203626],
        "mean": [0.0918527022004, 0.660985469818, 1.89362621307, 3.6956641674, 10.4126987457, 20.1209602356, 37.2729492188, 33.6100387573, 21.2044277191, 29.8649158478, 39.4063072205, 41.6436805725, 56.5218200684, 26.1134204865, 45.0010223389, 31.4372634888, 20.37840271, 36.843536377, 31.5413455963, 26.559928894, 32.8341407776, 34.9142532349, 28.3200798035, 20.0001564026, 14.2645120621, 9.58353805542, 7.17161989212, 7.8587012291, 9.24076271057, 6.67498731613, 4.26428937912, 3.11112689972, 2.32430243492, 1.32586598396, 0.948105573654, 0.629129767418, 0.130693480372, 0.00927851162851, 0.000206069395063, 4.73794389109e-05],
        "median": [0.0503536164761, 0.364802509546, 1.2775053978, 2.50372409821, 6.36436319351, 12.3655490875, 19.9620437622, 17.7620182037, 13.2447986603, 17.6649570465, 19.3334980011, 21.7686691284, 23.3945846558, 12.4925413132, 15.2060089111, 13.8819465637, 9.31131458282, 15.7420301437, 12.0568656921, 13.6528148651, 11.9211654663, 12.7319688797, 10.1490812302, 9.63516044617, 7.2933716774, 6.13698625565, 4.17849206924, 3.96849417686, 4.93483686447, 3.34178686142, 2.19564843178, 1.52683734894, 1.07706093788, 0.664526462555, 0.421577394009, 0.179844528437, 0.0549830570817, 0.00316752912477, 8.87945861905e-05, 4.23993624281e-05],
        "min": [5.74263867748e-05, 0.000448613864137, 0.00301877292804, 0.0219068992883, 0.122340746224, 0.281597316265, 0.285247981548, 0.35043862462, 0.150480344892, 0.186141684651, 0.22626028955, 0.18600268662, 0.48632517457, 0.159635305405, 0.124108955264, 0.153579518199, 0.0684565082192, 0.0514644831419, 0.0691341012716, 0.0734589248896, 0.0982635691762, 0.139453738928, 0.188283145428, 0.0896267518401, 0.230636402965, 0.127368733287, 0.182054147124, 0.129087105393, 0.0580985732377, 0.0309739857912, 0.0263604596257, 0.00982239469886, 0.00663844123483, 0.0019068288384, 6.45210966468e-05, 5.97613370701e-06, 1.7381919406e-06, 4.88771263463e-07, 1.15862178518e-06, 2.29179499911e-06],
        "var": [0.0379609167576, 1.81638813019, 4.52076864243, 15.1274290085, 170.100769043, 502.629882812, 2593.51586914, 2882.93798828, 832.039245605, 1373.15722656, 5172.04541016, 3696.19677734, 7684.16064453, 2519.53198242, 7497.66650391, 4078.67822266, 1940.13415527, 3496.62451172, 8290.85644531, 1800.68408203, 4303.32763672, 4481.99365234, 3826.40991211, 1150.94677734, 318.08706665, 130.824966431, 114.35749054, 291.096405029, 289.364593506, 180.733581543, 72.4418106079, 48.5016670227, 18.1884422302, 5.424223423, 2.25909900665, 3.86473846436, 0.0486680045724, 0.000404323160183, 1.25722564803e-07, 6.75139166795e-10]
    },
    "gfcc": {
        "mean": [36.3302459717, 83.6586227417, -112.538467407, 27.8101577759, -69.7923660278, 11.8578128815, -48.301776886, 10.5511207581, -28.6161994934, 3.73460507393, -20.7314949036, 5.61123275757, -10.6527843475],
        "cov": [[1345.73937988, -393.717529297, 19.9040241241, 26.7938213348, 121.120376587, 186.865890503, 54.9570007324, 137.145629883, -25.4215755463, 101.112915039, -70.3034973145, 80.4779434204, -96.5492782593], [-393.717529297, 690.245239258, -87.2139511108, 107.344741821, 147.917938232, 13.5821790695, 106.174308777, -101.409240723, 54.4323005676, -96.3277282715, 105.255310059, -69.5543212891, 63.3674468994], [19.9040241241, -87.2139511108, 604.25592041, 20.567440033, -5.97033166885, 59.1931838989, -7.65501260757, 80.0217437744, -14.8696594238, 100.48449707, -71.8092041016, 21.7976226807, -38.3350105286], [26.7938213348, 107.344741821, 20.567440033, 319.182647705, 90.4340362549, 54.4857597351, 26.7885971069, -33.5379447937, 63.0513572693, -70.3233566284, 45.5772476196, 1.37112438679, 20.7597255707], [121.120376587, 147.917938232, -5.97033166885, 90.4340362549, 269.543426514, 81.0512008667, 45.4758300781, 31.2279624939, 22.0771598816, -16.8906440735, -4.59316921234, 21.2556228638, -1.01430702209], [186.865890503, 13.5821790695, 59.1931838989, 54.4857597351, 81.0512008667, 203.162857056, 114.11605072, 19.9536190033, -13.2331037521, 22.4065093994, -5.66760253906, -26.6437549591, -11.3530864716], [54.9570007324, 106.174308777, -7.65501260757, 26.7885971069, 45.4758300781, 114.11605072, 165.864593506, 12.3234186172, -9.75870704651, 9.65283870697, 17.1105289459, -20.3799629211, -1.63505423069], [137.145629883, -101.409240723, 80.0217437744, -33.5379447937, 31.2279624939, 19.9536190033, 12.3234186172, 141.819076538, 31.857585907, 38.1933822632, -32.2278671265, 13.3511543274, -37.0537147522], [-25.4215755463, 54.4323005676, -14.8696594238, 63.0513572693, 22.0771598816, -13.2331037521, -9.75870704651, 31.857585907, 99.9299926758, 3.35753035545, 11.2482671738, -6.12887048721, -8.111951828], [101.112915039, -96.3277282715, 100.48449707, -70.3233566284, -16.8906440735, 22.4065093994, 9.65283870697, 38.1933822632, 3.35753035545, 130.556808472, -21.8743152618, -2.33521318436, -29.4468002319], [-70.3034973145, 105.255310059, -71.8092041016, 45.5772476196, -4.59316921234, -5.66760253906, 17.1105289459, -32.2278671265, 11.2482671738, -21.8743152618, 112.547935486, 20.9164237976, 6.35750865936], [80.4779434204, -69.5543212891, 21.7976226807, 1.37112438679, 21.2556228638, -26.6437549591, -20.3799629211, 13.3511543274, -6.12887048721, -2.33521318436, 20.9164237976, 109.886795044, 14.2536087036], [-96.5492782593, 63.3674468994, -38.3350105286, 20.7597255707, -1.01430702209, -11.3530864716, -1.63505423069, -37.0537147522, -8.111951828, -29.4468002319, 6.35750865936, 14.2536087036, 96.2299728394]],
        "icov": [[0.00137884716969, 0.000302828702843, 0.000646724482067, -0.000657132302877, -0.000124016427435, -0.00129896088038, 0.000329838308971, -0.000780401751399, 0.000773076666519, -0.000951062887907, 0.000841543427669, -0.00134694483131, 0.00105201022234], [0.000302828702843, 0.00551064033061, -0.00178821908776, 0.0022502662614, -0.00443768594414, 0.00289592961781, -0.00451906537637, 0.00402053631842, -0.00443360116333, 0.0033203153871, -0.00489515298977, 0.00490847881883, -0.00251787691377], [0.000646724482067, -0.00178821908776, 0.00344095774926, -0.00239412253723, 0.00203341874294, -0.00232288171537, 0.00240233913064, -0.00295613938943, 0.00325993727893, -0.00356480944902, 0.00346985366195, -0.00319687020965, 0.00179183587898], [-0.000657132302877, 0.0022502662614, -0.00239412253723, 0.00739351706579, -0.00308091007173, 0.000240561421379, -0.00217605615035, 0.00456686411053, -0.00708342297003, 0.00545836240053, -0.0041402853094, 0.00275693461299, -0.0020341000054], [-0.000124016427435, -0.00443768594414, 0.00203341874294, -0.00308091007173, 0.00864718854427, -0.00440004700795, 0.0035491453018, -0.00428229337558, 0.00318203656934, -0.002334845718, 0.00515778362751, -0.00579982250929, 0.00232799188234], [-0.00129896088038, 0.00289592961781, -0.00232288171537, 0.000240561421379, -0.00440004700795, 0.0134215643629, -0.00879740621895, 0.00244962889701, -0.000760727038141, 0.00118693802506, -0.00330418953672, 0.00632524583489, -0.00227618170902], [0.000329838308971, -0.00451906537637, 0.00240233913064, -0.00217605615035, 0.0035491453018, -0.00879740621895, 0.0146284261718, -0.00516410265118, 0.00520684057847, -0.00366842164658, 0.0021578038577, -0.00344628258608, 0.0016770727234], [-0.000780401751399, 0.00402053631842, -0.00295613938943, 0.00456686411053, -0.00428229337558, 0.00244962889701, -0.00516410265118, 0.0152720706537, -0.00957272015512, 0.00335373659618, -0.00167518947273, 0.00205009663478, 0.000469645339763], [0.000773076666519, -0.00443360116333, 0.00325993727893, -0.00708342297003, 0.00318203656934, -0.000760727038141, 0.00520684057847, -0.00957272015512, 0.0202629920095, -0.00666690198705, 0.00313881970942, -0.00256224744953, 0.00270835473202], [-0.000951062887907, 0.0033203153871, -0.00356480944902, 0.00545836240053, -0.002334845718, 0.00118693802506, -0.00366842164658, 0.00335373659618, -0.00666690198705, 0.0147379897535, -0.00384532194585, 0.00386115466245, -0.000763812335208], [0.000841543427669, -0.00489515298977, 0.00346985366195, -0.0041402853094, 0.00515778362751, -0.00330418953672, 0.0021578038577, -0.00167518947273, 0.00313881970942, -0.00384532194585, 0.0175354331732, -0.00940340850502, 0.00472168019041], [-0.00134694483131, 0.00490847881883, -0.00319687020965, 0.00275693461299, -0.00579982250929, 0.00632524583489, -0.00344628258608, 0.00205009663478, -0.00256224744953, 0.00386115466245, -0.00940340850502, 0.0180845502764, -0.00612788787112], [0.00105201022234, -0.00251787691377, 0.00179183587898, -0.0020341000054, 0.00232799188234, -0.00227618170902, 0.0016770727234, 0.000469645339763, 0.00270835473202, -0.000763812335208, 0.00472168019041, -0.00612788787112, 0.0148135563359]]
    },
    "melbands": {
        "dmean": [0.000736666785087, 0.00063338142354, 0.000452649401268, 0.000593615230173, 0.000629938964266, 0.000492150255013, 0.000151903077494, 0.000206284865271, 0.000181320283446, 0.000152152395458, 0.000160150710144, 5.63961766602e-05, 7.88796241977e-05, 5.79205661779e-05, 3.19821701851e-05, 2.81873708445e-05, 4.81412571389e-05, 2.81095435639e-05, 1.87859222933e-05, 1.91175276996e-05, 2.13173370867e-05, 1.82401690836e-05, 1.56408095791e-05, 1.02039603007e-05, 7.36061201678e-06, 5.95952496951e-06, 3.57816543328e-06, 3.26470444634e-06, 2.66548499894e-06, 2.58471914094e-06, 2.92809386337e-06, 3.35086110681e-06, 3.01313639284e-06, 2.09750555769e-06, 1.62687092597e-06, 1.20790650726e-06, 1.20822244298e-06, 1.17984302506e-06, 9.12391669772e-07, 7.61243597935e-07],
        "dmean2": [0.00130905944388, 0.00109193276148, 0.00072582642315, 0.00098495290149, 0.00101867958438, 0.000794249644969, 0.000232537524425, 0.000320219231071, 0.000281855813228, 0.000235251573031, 0.000254577142186, 9.1398920631e-05, 0.000128486892208, 9.0369314421e-05, 4.98467670695e-05, 4.46889098384e-05, 8.10504934634e-05, 4.60505507363e-05, 2.86896520265e-05, 2.96348262054e-05, 3.45532134816e-05, 2.91652231681e-05, 2.48170326813e-05, 1.58544062288e-05, 1.13820133265e-05, 9.4716433523e-06, 5.60049875276e-06, 5.13414306624e-06, 4.31038552051e-06, 4.00800399802e-06, 4.71644261779e-06, 5.36336665391e-06, 5.05299976794e-06, 3.36116272592e-06, 2.62176376964e-06, 1.88646527022e-06, 1.93482355826e-06, 1.83155748346e-06, 1.43366014527e-06, 1.20205083931e-06],
        "dvar": [4.74800617667e-06, 1.82930580195e-06, 4.47847412488e-07, 6.51956781894e-07, 8.77570585089e-07, 1.06911863895e-06, 4.50344934677e-08, 8.92819613796e-08, 1.05187901056e-07, 6.91263295494e-08, 8.30350828096e-08, 2.4900563389e-08, 2.13740865007e-08, 1.32954296461e-08, 5.74675418363e-09, 1.01709796141e-08, 9.17027254133e-09, 8.3988984656e-09, 1.2572036745e-09, 1.10940212572e-09, 3.37172112452e-09, 1.66600111484e-09, 1.55177848349e-09, 6.24128748683e-10, 2.41732939221e-10, 9.09093147983e-11, 4.51377546451e-11, 3.01306236905e-11, 2.52855080624e-11, 4.33978686321e-11, 6.82624373693e-11, 6.35540023386e-11, 4.77351144723e-11, 2.96230123764e-11, 1.92870493881e-11, 1.35839776927e-11, 1.89111972609e-11, 7.07297978866e-12, 5.20294007531e-12, 3.53608201747e-12],
        "dvar2": [1.34350084409e-05, 5.11521238877e-06, 1.17227295959e-06, 1.64135485647e-06, 2.33007631323e-06, 2.74755552709e-06, 9.51472500788e-08, 1.93572191165e-07, 2.09618121971e-07, 1.63765434991e-07, 1.99469354811e-07, 6.26399838666e-08, 5.35892432652e-08, 2.36308359547e-08, 1.15756213503e-08, 2.52686316315e-08, 2.33893118207e-08, 1.68035825254e-08, 2.49213449877e-09, 2.32053087856e-09, 8.75906192022e-09, 4.40061231899e-09, 3.17205728351e-09, 1.49451484521e-09, 4.71093553056e-10, 2.18349158199e-10, 1.03380193295e-10, 7.08812800121e-11, 6.36034905299e-11, 7.04827377018e-11, 1.48233175734e-10, 1.49786641424e-10, 1.18396195625e-10, 6.86472892419e-11, 4.64932051192e-11, 3.29340825445e-11, 4.76088196644e-11, 1.56644697213e-11, 1.29335717483e-11, 9.18616745171e-12],
        "max": [0.019859302789, 0.0113326068968, 0.00692431023344, 0.00702498480678, 0.0117824878544, 0.0150786079466, 0.00448198243976, 0.00383484642953, 0.00650456687436, 0.00533271953464, 0.00337757612579, 0.00304853520356, 0.00259322952479, 0.00248292973265, 0.00193557876628, 0.00247637182474, 0.0015838969266, 0.00237741786987, 0.000752307358198, 0.000550907047, 0.00127059349325, 0.00075219979044, 0.000860815460328, 0.000449934566859, 0.000316257210216, 0.000110989531095, 0.000135077163577, 9.4539791462e-05, 7.14065099601e-05, 0.000199534959393, 0.000170218714629, 0.000168848127942, 0.000124186757603, 0.000128891246277, 8.17129694042e-05, 6.61833619233e-05, 8.78656646819e-05, 3.72657632397e-05, 4.066321344e-05, 3.68550790881e-05],
        "mean": [0.000827758340165, 0.000967905099969, 0.000826662464533, 0.00105204433203, 0.00128381163813, 0.00075988197932, 0.000309365073917, 0.000345473847119, 0.000313008320518, 0.000255713472143, 0.000272986333584, 9.68821259448e-05, 0.000137400915264, 0.000102820464235, 5.16883810633e-05, 4.36592672486e-05, 7.21682736184e-05, 5.04989111505e-05, 3.25572946167e-05, 3.59751065844e-05, 4.08250743931e-05, 3.72726935893e-05, 3.29343019985e-05, 2.0646781195e-05, 1.56157293532e-05, 1.14922240755e-05, 7.12150085747e-06, 6.12104395259e-06, 4.48296032118e-06, 4.00910357712e-06, 4.87596162202e-06, 5.28466671312e-06, 4.54957262264e-06, 3.40787846653e-06, 2.58152635979e-06, 1.93259143089e-06, 1.84605153208e-06, 1.72819704858e-06, 1.27947259898e-06, 1.06707955183e-06],
        "median": [0.000469932012493, 0.000665238709189, 0.000572272634599, 0.000712064444087, 0.000716329726856, 0.00042037514504, 0.000193464904441, 0.000192888095626, 0.000149201703607, 0.00013461112394, 0.00010335137631, 3.49853908119e-05, 4.48369792139e-05, 3.90710774809e-05, 2.40740737354e-05, 1.64255143318e-05, 2.8599788493e-05, 1.6492076611e-05, 1.50914002006e-05, 1.61224088515e-05, 1.16146566143e-05, 1.2025833712e-05, 1.06982688521e-05, 7.73692227085e-06, 6.72157648296e-06, 5.08620314577e-06, 4.42658392785e-06, 3.47151649294e-06, 2.62239336735e-06, 1.93553773897e-06, 2.22441485676e-06, 2.74624858321e-06, 2.30385830946e-06, 1.65131325502e-06, 1.29978457153e-06, 9.26742131924e-07, 8.85142469542e-07, 7.62417585065e-07, 5.78670892537e-07, 5.1644241239e-07],
        "min": [6.21413278168e-07, 1.2580691191e-06, 6.65363768348e-06, 2.61884656538e-06, 4.13965017287e-06, 4.2050560296e-06, 9.66031393546e-07, 1.25700364606e-06, 1.42196824982e-06, 3.04660744632e-07, 4.32493465041e-07, 3.42631381045e-07, 3.55821413223e-07, 1.3949949107e-07, 1.38155499485e-07, 6.69255086905e-08, 7.34122309609e-08, 7.36922061151e-08, 1.34499842375e-07, 4.05542586179e-08, 1.15181229887e-07, 1.07438481223e-07, 1.20997640352e-07, 6.67398651899e-08, 5.1798874523e-08, 1.81927603649e-07, 3.6955537297e-08, 5.00249406343e-08, 9.88034898342e-08, 8.50776729067e-08, 3.65888226384e-08, 2.44587763376e-08, 5.54428636335e-09, 1.04260378109e-08, 1.18787744086e-08, 6.11558181873e-09, 2.63793675792e-09, 1.94734872672e-09, 7.39707392561e-11, 1.91486149853e-11],
