{
"highlevel": {
    "danceability": {
        "all": {
            "danceable": 0.288615643978,
            "not_danceable": 0.711384356022
        },
        "probability": 0.711384356022,
        "value": "not_danceable"
    },
    "gender": {
        "all": {
            "female": 0.98716455698,
            "male": 0.0128354337066
        },
        "probability": 0.98716455698,
        "value": "female"
    },
    "genre_dortmund": {
        "all": {
            "alternative": 0.063507348299,
            "blues": 0.00545986695215,
            "electronic": 0.00832332763821,
            "folkcountry": 0.513485372066,
            "funksoulrnb": 0.0117217255756,
            "jazz": 0.0717119053006,
            "pop": 0.314113974571,
            "raphiphop": 0.00381594081409,
            "rock": 0.00786053203046
        },
        "probability": 0.513485372066,
        "value": "folkcountry"
    },
    "genre_electronic": {
        "all": {
            "ambient": 0.937644064426,
            "dnb": 0.0191249158233,
            "house": 0.0204779300839,
            "techno": 0.00603129342198,
            "trance": 0.0167217962444
        },
        "probability": 0.937644064426,
        "value": "ambient"
    },
    "genre_rosamerica": {
        "all": {
            "cla": 0.0924380347133,
            "dan": 0.00928156729788,
            "hip": 0.0121659906581,
            "jaz": 0.16113191843,
            "pop": 0.324252784252,
            "rhy": 0.378969877958,
            "roc": 0.00723231257871,
            "spe": 0.0145275145769
        },
        "probability": 0.378969877958,
        "value": "rhy"
    },
    "genre_tzanetakis": {
        "all": {
            "blu": 0.0775341466069,
            "cla": 0.043059617281,
            "cou": 0.129193738103,
            "dis": 0.0775827988982,
            "hip": 0.129341751337,
            "jaz": 0.194092601538,
            "met": 0.0776259079576,
            "pop": 0.0970033109188,
            "reg": 0.0775879099965,
            "roc": 0.0969782173634
        },
        "probability": 0.194092601538,
        "value": "jaz"
    },
    "ismir04_rhythm": {
        "all": {
            "ChaChaCha": 0.00440814811736,
            "Jive": 0.00211796653457,
            "Quickstep": 0.0720637962222,
            "Rumba-American": 0.0150884632021,
            "Rumba-International": 0.121721237898,
            "Rumba-Misc": 0.0122305713594,
            "Samba": 0.00696280831471,
            "Tango": 0.0169559083879,
            "VienneseWaltz": 0.214812725782,
            "Waltz": 0.533638358116
        },
        "probability": 0.533638358116,
        "value": "Waltz"
    },
    "mood_acoustic": {
        "all": {
            "acoustic": 0.77013874054,
            "not_acoustic": 0.229861244559
        },
        "probability": 0.77013874054,
        "value": "acoustic"
    },
    "mood_aggressive": {
        "all": {
            "aggressive": 5.23285416421e-06,
            "not_aggressive": 0.999994754791
        },
        "probability": 0.999994754791,
        "value": "not_aggressive"
    },
    "mood_electronic": {
        "all": {
            "electronic": 0.0627126991749,
            "not_electronic": 0.937287330627
        },
        "probability": 0.937287330627,
        "value": "not_electronic"
    },
    "mood_happy": {
        "all": {
            "happy": 0.774931132793,
            "not_happy": 0.225068852305
        },
        "probability": 0.774931132793,
        "value": "happy"
    },
    "mood_party": {
        "all": {
            "not_party": 0.98976457119,
            "party": 0.0102354297414
        },
        "probability": 0.98976457119,
        "value": "not_party"
    },
    "mood_relaxed": {
        "all": {
            "not_relaxed": 0.0307336226106,
            "relaxed": 0.969266355038
        },
        "probability": 0.969266355038,
        "value": "relaxed"
    },
    "mood_sad": {
        "all": {
            "not_sad": 0.0792743936181,
            "sad": 0.92072558403
        },
        "probability": 0.92072558403,
        "value": "sad"
    },
    "moods_mirex": {
        "all": {
            "Cluster1": 0.0280653573573,
            "Cluster2": 0.111209474504,
            "Cluster3": 0.758354902267,
            "Cluster4": 0.0999913290143,
            "Cluster5": 0.0023789529223
        },
        "probability": 0.758354902267,
        "value": "Cluster3"
    },
    "timbre": {
        "all": {
            "bright": 0.977266550064,
            "dark": 0.0227334424853
        },
        "probability": 0.977266550064,
        "value": "bright"
    },
    "tonal_atonal": {
        "all": {
            "atonal": 0.00674954662099,
            "tonal": 0.99325042963
        },
        "probability": 0.99325042963,
        "value": "tonal"
    },
    "voice_instrumental": {
        "all": {
            "instrumental": 0.00145386182703,
            "voice": 0.998546123505
        },
        "probability": 0.998546123505,
        "value": "voice"
    }
},
"lowlevel": {
    "average_loudness": 0.955624878407,
    "barkbands_crest": {
        "dmean": 2.43687367439,
        "dmean2": 3.71610236168,
        "dvar": 5.49702167511,
        "dvar2": 12.2112350464,
        "max": 25.9150218964,
        "mean": 13.2718334198,
        "median": 12.6150588989,
        "min": 4.39830827713,
        "var": 21.0943279266
    },
    "barkbands_flatness_db": {
        "dmean": 0.0228600427508,
        "dmean2": 0.0336115173995,
        "dvar": 0.000484398915432,
        "dvar2": 0.0010197465308,
        "max": 0.393989562988,
        "mean": 0.209764406085,
        "median": 0.204403907061,
        "min": 0.0745599418879,
        "var": 0.00231384905055
    },
    "barkbands_kurtosis": {
        "dmean": 5.62728786469,
        "dmean2": 8.66942024231,
        "dvar": 96.5014648438,
        "dvar2": 217.14704895,
        "max": 155.718597412,
        "mean": 12.6346445084,
        "median": 7.76782989502,
        "min": -1.93099832535,
        "var": 271.293151855
    },
    "barkbands_skewness": {
        "dmean": 0.658249497414,
        "dmean2": 0.958468854427,
        "dvar": 0.553098380566,
        "dvar2": 1.04073059559,
        "max": 10.3139610291,
        "mean": 2.38221645355,
        "median": 2.28850889206,
        "min": -3.49728417397,
        "var": 2.49965596199
    },
    "barkbands_spread": {
        "dmean": 4.97282075882,
        "dmean2": 7.50491380692,
        "dvar": 98.366897583,
        "dvar2": 183.812835693,
        "max": 101.615074158,
        "mean": 14.767616272,
        "median": 9.0513381958,
        "min": 0.572324991226,
        "var": 288.553375244
    },
    "dissonance": {
        "dmean": 0.0333170481026,
        "dmean2": 0.0553237646818,
        "dvar": 0.000906305678654,
        "dvar2": 0.00247076177038,
        "max": 0.498969256878,
        "mean": 0.406713634729,
        "median": 0.413496822119,
        "min": 0.200816065073,
        "var": 0.00249632657506
    },
    "dynamic_complexity": 2.27297592163,
    "erbbands_crest": {
        "dmean": 2.85724520683,
        "dmean2": 4.42463493347,
        "dvar": 7.73925924301,
        "dvar2": 17.3382110596,
        "max": 29.8971843719,
        "mean": 13.7135601044,
        "median": 12.7807912827,
        "min": 4.28562450409,
        "var": 24.3039455414
    },
    "erbbands_flatness_db": {
        "dmean": 0.0206690467894,
        "dmean2": 0.0291150640696,
        "dvar": 0.000437075243099,
        "dvar2": 0.000815218489151,
        "max": 0.361298620701,
        "mean": 0.213485971093,
        "median": 0.212292149663,
        "min": 0.0905680209398,
        "var": 0.0019731617067
    },
    "erbbands_kurtosis": {
        "dmean": 2.73159527779,
        "dmean2": 4.31969928741,
        "dvar": 21.2567062378,
        "dvar2": 50.67137146,
        "max": 83.3923416138,
        "mean": 4.829641819,
        "median": 3.250041008,
        "min": -1.92249500751,
        "var": 48.2705688477
    },
    "erbbands_skewness": {
        "dmean": 0.508115828037,
        "dmean2": 0.739139378071,
        "dvar": 0.378702580929,
        "dvar2": 0.7038012743,
        "max": 7.25072288513,
        "mean": 1.52783119678,
        "median": 1.49880492687,
        "min": -3.805737257,
        "var": 1.37098062038
    },
    "erbbands_spread": {
        "dmean": 8.67920875549,
        "dmean2": 13.0560369492,
        "dvar": 215.917282104,
        "dvar2": 429.472167969,
        "max": 144.375167847,
        "mean": 30.8690719604,
        "median": 23.6307582855,
        "min": 2.86080002785,
        "var": 629.227355957
    },
    "hfc": {
        "dmean": 7.17196130753,
        "dmean2": 9.9172668457,
        "dvar": 326.62878418,
        "dvar2": 728.088989258,
        "max": 337.260375977,
        "mean": 19.7042102814,
        "median": 13.8808736801,
        "min": 0.497421205044,
        "var": 610.397277832
    },
    "melbands_crest": {
        "dmean": 2.78019618988,
        "dmean2": 4.33120918274,
        "dvar": 7.24625873566,
        "dvar2": 15.0988349915,
        "max": 32.5940818787,
        "mean": 16.3311786652,
        "median": 15.4527759552,
        "min": 5.5996799469,
        "var": 29.9261837006
    },
    "melbands_flatness_db": {
        "dmean": 0.0260921418667,
        "dmean2": 0.0360567979515,
        "dvar": 0.000715219124686,
        "dvar2": 0.00127727282234,
        "max": 0.482859134674,
        "mean": 0.261926531792,
        "median": 0.259126126766,
        "min": 0.0686520263553,
        "var": 0.00443081511185
    },
    "melbands_kurtosis": {
        "dmean": 10.0323629379,
        "dmean2": 15.3549919128,
        "dvar": 277.114868164,
        "dvar2": 635.413208008,
        "max": 200.568191528,
        "mean": 22.3695240021,
        "median": 15.1371765137,
        "min": -1.86625993252,
        "var": 626.205444336
    },
    "melbands_skewness": {
        "dmean": 0.769841551781,
        "dmean2": 1.15818440914,
        "dvar": 0.749721109867,
        "dvar2": 1.66940546036,
        "max": 11.3298254013,
        "mean": 3.00850629807,
        "median": 2.84559583664,
        "min": -0.642362177372,
        "var": 2.92728638649
    },
    "melbands_spread": {
        "dmean": 6.85343933105,
        "dmean2": 9.67208766937,
        "dvar": 330.107208252,
        "dvar2": 559.421691895,
        "max": 278.686218262,
        "mean": 16.8926811218,
        "median": 9.37612724304,
        "min": 0.715705811977,
        "var": 842.046875
    },
    "pitch_salience": {
        "dmean": 0.0637016966939,
        "dmean2": 0.0990336984396,
        "dvar": 0.00393705116585,
        "dvar2": 0.00861924234778,
        "max": 0.84433722496,
        "mean": 0.507395207882,
        "median": 0.510303914547,
        "min": 0.12012553215,
        "var": 0.014275399968
    },
    "silence_rate_20dB": {
        "dmean": 0,
        "dmean2": 0,
        "dvar": 0,
        "dvar2": 0,
        "max": 1,
        "mean": 1,
        "median": 1,
        "min": 1,
        "var": 0
    },
    "silence_rate_30dB": {
        "dmean": 0,
        "dmean2": 0,
        "dvar": 0,
        "dvar2": 0,
        "max": 1,
        "mean": 1,
        "median": 1,
        "min": 1,
        "var": 0
    },
    "silence_rate_60dB": {
        "dmean": 0.00928792543709,
        "dmean2": 0.018590239808,
        "dvar": 0.0092014959082,
        "dvar2": 0.0213426854461,
        "max": 1,
        "mean": 0.0216550659388,
        "median": 0,
        "min": 0,
        "var": 0.0211862865835
    },
    "spectral_centroid": {
        "dmean": 186.416183472,
        "dmean2": 268.360107422,
        "dvar": 137455.03125,
        "dvar2": 245624.015625,
        "max": 6113.02392578,
        "mean": 833.171020508,
        "median": 653.206726074,
        "min": 273.903198242,
        "var": 385223.96875
    },
    "spectral_complexity": {
        "dmean": 1.60216712952,
        "dmean2": 2.5561580658,
        "dvar": 2.27514219284,
        "dvar2": 5.16700983047,
        "max": 23,
        "mean": 10.341840744,
        "median": 10,
        "min": 2,
        "var": 13.6634912491
    },
    "spectral_decrease": {
        "dmean": 1.64189806195e-09,
        "dmean2": 2.45193154669e-09,
        "dvar": 5.17897822878e-18,
        "dvar2": 1.10358987984e-17,
        "max": -2.8851754319e-10,
        "mean": -5.92700866164e-09,
        "median": -4.83844075916e-09,
        "min": -2.948240585e-08,
        "var": 1.92635872459e-17
    },
    "spectral_energy": {
        "dmean": 0.00666512874886,
        "dmean2": 0.00997084658593,
        "dvar": 7.9483485024e-05,
        "dvar2": 0.000171273903106,
        "max": 0.116555966437,
        "mean": 0.0241571106017,
        "median": 0.0199111755937,
        "min": 0.00113404844888,
        "var": 0.000290000840323
    },
    "spectral_energyband_high": {
        "dmean": 0.000514061597642,
        "dmean2": 0.000694360525813,
        "dvar": 3.73152875e-06,
        "dvar2": 8.15785551822e-06,
        "max": 0.034302610904,
        "mean": 0.000917598430533,
        "median": 0.00019697388052,
        "min": 1.05182031973e-07,
        "var": 6.82140853314e-06
    },
    "spectral_energyband_low": {
        "dmean": 0.000450664723758,
        "dmean2": 0.000714181049261,
        "dvar": 8.93774313226e-07,
        "dvar2": 1.95356687982e-06,
        "max": 0.0230855867267,
        "mean": 0.00159579457249,
        "median": 0.000621004030108,
        "min": 3.38728091265e-06,
        "var": 6.84311135046e-06
    },
    "spectral_energyband_middle_high": {
        "dmean": 0.00111404352356,
        "dmean2": 0.00156558770686,
        "dvar": 3.92278025174e-06,
        "dvar2": 8.34306138131e-06,
        "max": 0.0326487235725,
        "mean": 0.00352990976535,
        "median": 0.00157734542154,
        "min": 2.25639923883e-05,
        "var": 2.53826838161e-05
    },
    "spectral_energyband_middle_low": {
        "dmean": 0.00597239518538,
        "dmean2": 0.0089239180088,
        "dvar": 7.52697742428e-05,
        "dvar2": 0.000163476812304,
        "max": 0.112109668553,
        "mean": 0.0190896298736,
        "median": 0.0139530096203,
        "min": 0.000550570490304,
        "var": 0.00026714935666
    },
    "spectral_entropy": {
        "dmean": 0.238122999668,
        "dmean2": 0.328105002642,
        "dvar": 0.0778327062726,
        "dvar2": 0.125052511692,
        "max": 8.82068443298,
        "mean": 6.79376459122,
        "median": 6.74997234344,
        "min": 4.91982078552,
        "var": 0.421461492777
    },
    "spectral_flux": {
        "dmean": 0.0220194701105,
        "dmean2": 0.0352139472961,
        "dvar": 0.000598908576649,
        "dvar2": 0.00153797329403,
        "max": 0.28983771801,
        "mean": 0.0622565448284,
        "median": 0.0567286498845,
        "min": 0.00785447284579,
        "var": 0.00113364600111
    },
    "spectral_kurtosis": {
        "dmean": 2.90504050255,
        "dmean2": 4.29972982407,
        "dvar": 22.4530296326,
        "dvar2": 43.6812057495,
        "max": 83.6945648193,
        "mean": 7.52103185654,
        "median": 5.62788963318,
        "min": -1.60620701313,
        "var": 58.5016326904
    },
    "spectral_rms": {
        "dmean": 0.000651312177069,
        "dmean2": 0.000964320031926,
        "dvar": 5.50627532903e-07,
        "dvar2": 1.15329521577e-06,
        "max": 0.0106636360288,
        "mean": 0.00457594450563,
        "median": 0.00440744124353,
        "min": 0.00105185015127,
        "var": 2.62864364231e-06
    },
    "spectral_rolloff": {
        "dmean": 493.13192749,
        "dmean2": 809.324645996,
        "dvar": 2269334.75,
        "dvar2": 3977712.25,
        "max": 14900.9765625,
        "mean": 1486.70910645,
        "median": 667.529296875,
        "min": 279.931640625,
        "var": 6433492
    },
    "spectral_skewness": {
        "dmean": 0.34914073348,
        "dmean2": 0.48412963748,
        "dvar": 0.182255655527,
        "dvar2": 0.305384457111,
        "max": 7.4538192749,
        "mean": 2.21299147606,
        "median": 2.14699196815,
        "min": -0.51898932457,
        "var": 0.866825520992
    },
    "spectral_spread": {
        "dmean": 910360.1875,
        "dmean2": 1178632,
        "dvar": 1.68150433792e+12,
        "dvar2": 2.49450489446e+12,
        "max": 22050316,
        "mean": 5698215,
        "median": 5116981,
        "min": 1204606.25,
        "var": 8.70802889114e+12
    },
    "spectral_strongpeak": {
        "dmean": 0.498445540667,
        "dmean2": 0.815598964691,
        "dvar": 0.518208324909,
        "dvar2": 1.33911538124,
        "max": 8.03699302673,
        "mean": 1.5029001236,
        "median": 1.24982011318,
        "min": 0.0450026541948,
        "var": 1.16636037827
    },
    "zerocrossingrate": {
        "dmean": 0.0152599224821,
        "dmean2": 0.0151318022981,
        "dvar": 0.000752319698222,
        "dvar2": 0.000572159537114,
        "max": 0.4169921875,
        "mean": 0.062797576189,
        "median": 0.04296875,
        "min": 0.01171875,
        "var": 0.00459379144013
    },
    "barkbands": {
        "dmean": [2.0539653633e-05, 0.000164209923241, 0.000212370723602, 0.000214164261706, 0.00165068439674, 0.00334722734988, 0.00171574798878, 0.000328573223669, 0.000617231766228, 0.000783844443504, 0.000285263871774, 0.000216165441088, 0.000115830232971, 4.43919852842e-05, 7.3572351539e-05, 6.48138520774e-05, 6.25574175501e-05, 3.71022761101e-05, 5.12703918503e-05, 3.18079255521e-05, 2.44412931352e-05, 5.72129283682e-05, 0.000116162394988, 0.000140604679473, 0.000262230692897, 5.43324531463e-05, 1.62814561833e-09],
        "dmean2": [3.52941788151e-05, 0.000279675237834, 0.000338311103405, 0.000334691721946, 0.00244088261388, 0.00505317188799, 0.00261697429232, 0.000492054678034, 0.000918639707379, 0.00111592421308, 0.000412791705457, 0.000329645874444, 0.000174721077201, 6.67371277814e-05, 0.000111331581138, 0.000101020603324, 9.25561835174e-05, 5.37383493793e-05, 7.80594273238e-05, 4.63709366159e-05, 3.7917681766e-05, 8.92454700079e-05, 0.000176754649146, 0.000192656152649, 0.000388128682971, 8.09728662716e-05, 2.46755993416e-09],
        "dvar": [3.04590375144e-09, 1.39068617955e-07, 2.4229251494e-07, 2.5751631938e-07, 1.20328186313e-05, 3.71552960132e-05, 2.00831964321e-05, 5.81633571528e-07, 1.80204108347e-06, 3.39340817845e-06, 7.29187320303e-07, 3.3763257079e-07, 2.61525997303e-07, 8.76496830671e-09, 4.05258298031e-08, 5.26551069413e-08, 2.06079580067e-08, 6.45433972934e-09, 1.10751967597e-08, 6.001352304e-09, 6.53454135247e-09, 6.00108265303e-08, 6.11189875599e-07, 2.30073482044e-07, 1.84697091754e-06, 5.28334709315e-08, 2.98488137275e-16],
        "dvar2": [8.5765687885e-09, 3.98455199502e-07, 5.08928224008e-07, 5.07100764935e-07, 2.32481779676e-05, 8.07806936791e-05, 4.55205554317e-05, 1.17655304166e-06, 3.31359274242e-06, 7.01839917383e-06, 1.28238593788e-06, 7.69337646034e-07, 6.19357763298e-07, 1.74365499817e-08, 8.89247218083e-08, 1.02664323265e-07, 4.21857357935e-08, 1.24550076919e-08, 2.43290489976e-08, 1.21363239458e-08, 1.547712003e-08, 1.43953641896e-07, 1.40114514124e-06, 4.7028862582e-07, 4.60135242975e-06, 1.22927033885e-07, 3.04509906255e-16],
        "max": [0.000773516658228, 0.0110896760598, 0.0112831909209, 0.0101872421801, 0.0798066183925, 0.0860216021538, 0.105076357722, 0.0171206779778, 0.0257794242352, 0.035952180624, 0.0206943787634, 0.0129314018413, 0.0105370311067, 0.00242862151936, 0.00400936184451, 0.00598873989657, 0.00241616205312, 0.00170410890132, 0.00194275577087, 0.00130683241878, 0.00220535951667, 0.00414861924946, 0.0223739687353, 0.00728019792587, 0.0318532846868, 0.00342689570971, 5.70642100683e-07],
        "mean": [2.07886823773e-05, 0.000378132448532, 0.000694349466357, 0.000630615919363, 0.0039963517338, 0.00808892957866, 0.00324792973697, 0.000774032203481, 0.0014281073818, 0.00203960435465, 0.000605941575486, 0.000449034065241, 0.000182768882951, 9.5556533779e-05, 0.000152322594658, 0.000104577258753, 0.000135338588734, 8.44071182655e-05, 9.34049894568e-05, 5.55459555471e-05, 4.06580802519e-05, 6.99879019521e-05, 0.000136274888064, 0.000218427288928, 0.000367782718968, 6.62713791826e-05, 1.44832001947e-09],
        "median": [7.19270246918e-06, 9.37136646826e-05, 0.000136225746246, 0.000130121479742, 0.000892324664164, 0.00357394223101, 0.00153232796583, 0.000251464807661, 0.000422799930675, 0.000196105509531, 8.64287721924e-05, 9.21299797483e-05, 3.72099639208e-05, 4.42024174845e-05, 4.7925470426e-05, 3.14251010423e-05, 1.93842533918e-05, 1.53819455591e-05, 3.38385798386e-05, 1.80434308277e-05, 1.59455557878e-05, 7.4415547715e-06, 5.70146221435e-06, 3.69370427507e-05, 6.01026731601e-05, 4.48654236607e-06, 3.29890614825e-10],
        "min": [7.85542209059e-09, 9.23919060369e-07, 5.74764328576e-07, 7.8397647485e-07, 3.09773122353e-06, 1.95967440959e-05, 1.5024555978e-05, 1.4848627643e-06, 5.00874784848e-06, 1.75030368155e-06, 3.5649290453e-07, 1.17040235637e-06, 2.16810747133e-07, 5.21891251992e-07, 1.89066881262e-07, 2.66507925062e-07, 6.115322293e-08, 2.29563834608e-08, 3.8697379523e-08, 4.77921773268e-08, 2.62433577092e-08, 1.38193110288e-08, 1.20136323112e-09, 1.18865350895e-09, 3.95637161921e-10, 3.21690937777e-11, 2.75036798891e-11],
        "var": [2.20052442934e-09, 7.91155571278e-07, 1.76666901552e-06, 1.41381406138e-06, 7.12347682565e-05, 0.000127845851239, 2.93162829621e-05, 2.25563212553e-06, 7.78581033956e-06, 2.12520990317e-05, 2.90873231279e-06, 1.04730054318e-06, 4.02556338486e-07, 2.76403930854e-08, 8.45970262731e-08, 1.25942776208e-07, 8.19945356056e-08, 4.05423996597e-08, 2.68902997647e-08, 1.30578134971e-08, 9.44498079747e-09, 7.44662926877e-08, 6.74938689826e-07, 3.91498559793e-07, 2.14977649193e-06, 7.4797661398e-08, 2.98470217234e-16]
    },
    "erbbands": {
        "dmean": [0.00267707556486, 0.0447127856314, 0.182343408465, 0.61124163866, 0.690462827682, 5.46696949005, 24.8750610352, 24.9306488037, 28.8378868103, 10.1948461533, 9.54724693298, 12.8993930817, 23.4729557037, 14.639878273, 7.65169048309, 8.53604316711, 5.09757089615, 1.89403522015, 2.62996816635, 4.22200250626, 2.95681786537, 3.42152190208, 1.87581026554, 2.38402915001, 2.11148333549, 1.06164908409, 1.02405333519, 0.964643895626, 1.81110298634, 2.29214262962, 3.27354025841, 4.11892557144, 2.25921869278, 3.59748911858, 1.38463151455, 0.381666183472, 0.0700153037906, 0.00741278845817, 0.000141321172123, 1.5903291569e-05],
        "dmean2": [0.00465117767453, 0.0755535066128, 0.302325457335, 0.934128642082, 1.04091775417, 8.21650600433, 36.6787834167, 37.6600151062, 44.2136993408, 15.1872968674, 14.4023094177, 19.082868576, 32.9238052368, 20.6206455231, 10.659532547, 12.7629499435, 8.03644180298, 2.9784386158, 3.83219313622, 6.13693380356, 4.50248670578, 4.85059547424, 2.60465312004, 3.4910504818, 3.15694904327, 1.51319146156, 1.53859090805, 1.55022609234, 2.89570188522, 3.37062883377, 4.98000383377, 6.13066864014, 3.19480466843, 5.42300605774, 1.93710649014, 0.5556178689, 0.107939608395, 0.0113202761859, 0.000209042496863, 2.29227189266e-05],
        "dvar": [6.19616839685e-05, 0.0091076111421, 0.13245691359, 2.46919393539, 2.59980416298, 145.514328003, 2220.10107422, 2663.7253418, 5107.91162109, 833.761047363, 638.553894043, 802.332641602, 3124.28491211, 1298.90820312, 400.523681641, 579.893493652, 389.859771729, 13.572763443, 31.6383457184, 133.520278931, 54.5533561707, 72.8351516724, 16.256231308, 35.5981292725, 17.115278244, 5.643866539, 10.0851335526, 18.7040786743, 70.630279541, 72.3366241455, 380.574066162, 375.490142822, 70.9812774658, 441.822998047, 36.4942512512, 2.73470640182, 0.113907627761, 0.00539174955338, 1.20488448374e-06, 1.77473491458e-09],
        "dvar2": [0.000189666563529, 0.0257322452962, 0.317171216011, 4.74129915237, 4.83863782883, 288.504821777, 4274.40380859, 6041.80029297, 11642.2060547, 1831.15319824, 1293.74743652, 1459.29943848, 6260.47216797, 2286.06982422, 726.683105469, 1261.82019043, 986.620056152, 33.5540161133, 64.5529403687, 267.445251465, 100.624282837, 152.348434448, 32.3577308655, 77.0865097046, 40.4165878296, 10.853764534, 22.2997608185, 45.818901062, 173.922134399, 146.513275146, 782.680480957, 893.723754883, 152.505493164, 1174.68347168, 81.0182723999, 6.41432476044, 0.245590925217, 0.0123322717845, 2.72354941444e-06, 3.7543990139e-09],
        "max": [0.229741960764, 2.77651143074, 7.98498773575, 31.7997779846, 45.5604133606, 264.99508667, 766.533813477, 868.086364746, 1588.93347168, 509.87991333, 621.443786621, 507.751464844, 1432.48461914, 927.356872559, 519.909484863, 567.466430664, 540.240478516, 78.2389068604, 99.8600692749, 239.556488037, 124.131309509, 134.310760498, 86.7819366455, 119.319877625, 51.4575309753, 38.373336792, 82.3614807129, 102.638183594, 145.118438721, 104.989318848, 525.940124512, 447.806671143, 177.831726074, 539.358764648, 132.917266846, 26.9794254303, 6.46766614914, 2.17849135399, 0.0320098549128, 0.000918476725928],
        "mean": [0.00620824703947, 0.106063455343, 0.54889267683, 2.11804842949, 1.96949827671, 13.9039011002, 57.6697845459, 63.3353500366, 55.0621147156, 24.5188426971, 22.8108272552, 31.2350616455, 65.9189987183, 34.0520401001, 17.6631679535, 19.7009239197, 10.7500553131, 4.59694814682, 6.09198904037, 8.61751937866, 6.1200876236, 7.18771886826, 4.41796398163, 5.4006729126, 4.23719263077, 2.18117642403, 1.82311570644, 1.42060661316, 2.20714068413, 3.02102470398, 3.99262905121, 5.19386196136, 3.65080046654, 4.89767694473, 1.92876136303, 0.483887583017, 0.0864777192473, 0.0072891516611, 0.000172396597918, 4.10781831306e-05],
        "median": [0.00169091904536, 0.0339443124831, 0.164406687021, 0.39661026001, 0.796202659607, 3.44878959656, 21.390789032, 24.9213867188, 30.1595935822, 10.2163505554, 9.39371871948, 8.70121860504, 8.72959041595, 6.82945871353, 4.74970054626, 3.98699164391, 2.93287420273, 2.32468485832, 3.18903613091, 3.02738785744, 2.00195527077, 1.28420126438, 0.955741167068, 1.36123144627, 1.74736082554, 0.888652980328, 0.795535027981, 0.488389611244, 0.292754530907, 0.132097363472, 0.200186416507, 0.534636855125, 0.694764494896, 0.896580934525, 0.184788033366, 0.0307190716267, 0.00669602584094, 0.000455005065305, 2.82964483631e-05, 2.89939744107e-05],
        "min": [2.08038873097e-05, 0.000265994429355, 0.00240917387418, 0.00655075721443, 0.00653636222705, 0.0091739622876, 0.0564454719424, 0.354026526213, 0.388108491898, 0.178704351187, 0.169254586101, 0.170789197087, 0.120996877551, 0.0890707075596, 0.0922577157617, 0.0480696931481, 0.016314862296, 0.0309290569276, 0.0202508959919, 0.0159958973527, 0.00999779440463, 0.00443295994774, 0.00267644715495, 0.0032352223061, 0.00246995291673, 0.00248795445077, 0.0017249782104, 0.000536555016879, 0.00062253914075, 9.99539115583e-05, 5.19951281603e-05, 0.000204850235605, 0.000166213198099, 1.47496684804e-05, 7.39134929972e-06, 4.88182149638e-06, 1.26356951569e-06, 1.59037711001e-07, 5.87719171108e-07, 1.28014198708e-06],
        "var": [0.000328466849169, 0.0518698394299, 0.786494851112, 17.1986141205, 13.1201238632, 781.26763916, 9047.73828125, 8432.29492188, 7306.16308594, 1888.75134277, 2039.96984863, 3999.84301758, 24781.9726562, 6067.7578125, 1708.66149902, 2040.52978516, 845.67388916, 41.2456130981, 85.5001983643, 320.11517334, 149.679718018, 230.479187012, 81.3944778442, 141.729980469, 42.6779975891, 14.6024913788, 13.9442520142, 24.2925815582, 77.7729721069, 132.101852417, 490.048034668, 444.845428467, 108.40927124, 409.975067139, 62.4262695312, 3.95946931839, 0.158719778061, 0.00535586988553, 1.2728804677e-06, 2.86954926487e-09]
    },
    "gfcc": {
        "mean": [-39.4073410034, 93.9864349365, -103.650314331, 0.72459769249, -86.3476638794, 3.69123506546, -61.2547721863, 14.4366521835, -32.3600006104, 5.2523727417, -5.32474946976, -4.9508190155, 4.27413129807],
        "cov": [[2604.68896484, -1311.546875, -97.5554885864, -58.5105819702, -269.528900146, 203.064331055, -119.866012573, 277.631195068, -365.480957031, -55.4211387634, -190.294921875, 91.4739227295, -4.66676187515], [-1311.546875, 2105.36108398, -246.938369751, -95.4078216553, 541.963562012, -248.589401245, 310.353607178, -243.430419922, -4.99566078186, -112.059913635, 151.385757446, -327.678436279, 224.341720581], [-97.5554885864, -246.938369751, 942.92578125, 115.088043213, -144.895614624, 194.765472412, 39.6089859009, -96.3719558716, -35.2171630859, 122.627197266, -170.682159424, 47.5501708984, -129.41986084], [-58.5105819702, -95.4078216553, 115.088043213, 353.711730957, -0.220084249973, -22.281414032, -60.9295501709, 4.84879398346, 94.7210693359, -46.5574226379, -40.4346504211, 46.5890846252, -64.4671859741], [-269.528900146, 541.963562012, -144.895614624, -0.220084249973, 289.073669434, -41.0602264404, 82.0850372314, -1.12733912468, 5.72902822495, -39.9592056274, 53.6970787048, -82.8973999023, 31.3807964325], [203.064331055, -248.589401245, 194.765472412, -22.281414032, -41.0602264404, 255.138397217, 74.9881515503, 8.89789581299, -44.9206504822, 58.0208015442, -31.0119400024, 17.1644058228, -91.8313140869], [-119.866012573, 310.353607178, 39.6089859009, -60.9295501709, 82.0850372314, 74.9881515503, 322.355194092, 25.1400375366, -87.7890548706, 72.2236938477, 15.4891366959, -63.7350578308, -15.554312706], [277.631195068, -243.430419922, -96.3719558716, 4.84879398346, -1.12733912468, 8.89789581299, 25.1400375366, 269.305999756, 5.88420915604, -9.92220592499, 36.3596763611, 12.9878759384, -29.0763435364], [-365.480957031, -4.99566078186, -35.2171630859, 94.7210693359, 5.72902822495, -44.9206504822, -87.7890548706, 5.88420915604, 275.853118896, 2.48398733139, 55.3686981201, 50.4248046875, -66.4793167114], [-55.4211387634, -112.059913635, 122.627197266, -46.5574226379, -39.9592056274, 58.0208015442, 72.2236938477, -9.92220592499, 2.48398733139, 200.627761841, -1.4844673872, 14.2468357086, -26.0745658875], [-190.294921875, 151.385757446, -170.682159424, -40.4346504211, 53.6970787048, -31.0119400024, 15.4891366959, 36.3596763611, 55.3686981201, -1.4844673872, 201.424575806, 8.26230049133, 11.1666707993], [91.4739227295, -327.678436279, 47.5501708984, 46.5890846252, -82.8973999023, 17.1644058228, -63.7350578308, 12.9878759384, 50.4248046875, 14.2468357086, 8.26230049133, 168.773620605, -41.9845733643], [-4.66676187515, 224.341720581, -129.41986084, -64.4671859741, 31.3807964325, -91.8313140869, -15.554312706, -29.0763435364, -66.4793167114, -26.0745658875, 11.1666707993, -41.9845733643, 222.051177979]],
        "icov": [[0.000951888679992, 0.000562829722185, 0.00031072247657, -4.83978001284e-05, -0.000116140232421, -0.000393588939914, 0.000157094807946, -0.000464349752292, 0.001160324784, 0.000342347077094, 0.000460362236481, 0.000135914364364, -0.00018760508101], [0.000562829722185, 0.00346330320463, -0.000571365468204, 0.000439924129751, -0.0036546792835, 0.00210194848478, -0.00274272239767, 0.00245862919837, -0.000585157657042, 0.00190815306269, -0.00126328621991, 0.00292434659787, -0.0015115722781], [0.00031072247657, -0.000571365468204, 0.00207077432424, -0.000744776334614, 0.00129393429961, -0.00155046256259, 0.000614999735262, -0.000234899183852, 0.000842657289468, -0.00106075638905, 0.00148979690857, -0.000676079071127, 0.000687709019985], [-4.83978001284e-05, 0.000439924129751, -0.000744776334614, 0.00392973050475, -0.00105285493191, 0.00102928548586, -0.000343089312082, 0.000173045758856, -0.00137084606104, 0.00133441598155, 0.000590955140069, -0.000371708971215, 0.000480709277326], [-0.000116140232421, -0.0036546792835, 0.00129393429961, -0.00105285493191, 0.00913761090487, -0.00242040469311, 0.00179276568815, -0.00269990600646, 0.000783089082688, -0.00109152076766, 0.000813971098978, -0.00131212268025, 0.00143538392149], [-0.000393588939914, 0.00210194848478, -0.00155046256259, 0.00102928548586, -0.00242040469311, 0.00792673695832, -0.00299567822367, 0.00201543280855, -0.000415820803028, 0.000700969423633, -0.00134351919405, 0.0016118286876, 0.00126769929193], [0.000157094807946, -0.00274272239767, 0.000614999735262, -0.000343089312082, 0.00179276568815, -0.00299567822367, 0.00738049391657, -0.00303015322424, 0.0027958182618, -0.00321882264689, 0.000869148527272, -0.00144058023579, 0.0018040870782], [-0.000464349752292, 0.00245862919837, -0.000234899183852, 0.000173045758856, -0.00269990600646, 0.00201543280855, -0.00303015322424, 0.00674480665475, -0.00148902088404, 0.00152425165288, -0.00204807706177, 0.00215340428986, -0.0004510783765], [0.001160324784, -0.000585157657042, 0.000842657289468, -0.00137084606104, 0.000783089082688, -0.000415820803028, 0.0027958182618, -0.00148902088404, 0.00747913867235, -0.00133700878359, -0.000368870649254, -0.00157562608365, 0.00222974643111], [0.000342347077094, 0.00190815306269, -0.00106075638905, 0.00133441598155, -0.00109152076766, 0.000700969423633, -0.00321882264689, 0.00152425165288, -0.00133700878359, 0.00772390095517, -0.000935097108595, 0.00105905497912, -0.000979237956926], [0.000460362236481, -0.00126328621991, 0.00148979690857, 0.000590955140069, 0.000813971098978, -0.00134351919405, 0.000869148527272, -0.00204807706177, -0.000368870649254, -0.000935097108595, 0.00777861988172, -0.00235725333914, 0.000390796631109], [0.000135914364364, 0.00292434659787, -0.000676079071127, -0.000371708971215, -0.00131212268025, 0.0016118286876, -0.00144058023579, 0.00215340428986, -0.00157562608365, 0.00105905497912, -0.00235725333914, 0.0106423357502, -0.00063713977579], [-0.00018760508101, -0.0015115722781, 0.000687709019985, 0.000480709277326, 0.00143538392149, 0.00126769929193, 0.0018040870782, -0.0004510783765, 0.00222974643111, -0.000979237956926, 0.000390796631109, -0.00063713977579, 0.00736824702471]]
    },
    "melbands": {
        "dmean": [3.5153439967e-05, 8.41157816467e-05, 9.51271940721e-05, 0.000166930112755, 0.000742840114981, 0.000588442897424, 0.000398178963223, 9.09575101105e-05, 9.36885044212e-05, 8.2322912931e-05, 0.000121533521451, 6.58959033899e-05, 2.88301798719e-05, 1.85051667358e-05, 2.59208263742e-05, 7.46033128962e-06, 3.62849868907e-06, 4.08178311773e-06, 6.65886045681e-06, 5.8793448261e-06, 3.5089838093e-06, 4.54707833342e-06, 1.90546290924e-06, 1.62728849773e-06, 2.20304218601e-06, 1.81998882454e-06, 1.58770535563e-06, 6.17992157004e-07, 6.24355095624e-07, 7.11660618435e-07, 5.59907732622e-07, 9.28141218992e-07, 1.40970371376e-06, 1.28817850964e-06, 1.65305175415e-06, 3.14883004648e-06, 2.38947791331e-06, 1.42830390359e-06, 2.82377936855e-06, 3.17693593388e-06],
        "dmean2": [6.00641506026e-05, 0.00013935881725, 0.000145986035932, 0.000242797032115, 0.00108657777309, 0.000893058022484, 0.000609114998952, 0.000136113652843, 0.000142551609315, 0.000118359937915, 0.000172026324435, 9.35628995649e-05, 4.0166429244e-05, 2.60832039203e-05, 3.99674318032e-05, 1.19157966765e-05, 5.63069988857e-06, 5.98093402004e-06, 9.91714023257e-06, 8.92421212484e-06, 5.26243866261e-06, 6.50498031973e-06, 2.73421528618e-06, 2.40671943175e-06, 3.2470034057e-06, 2.79150935967e-06, 2.30271029977e-06, 9.4505423931e-07, 9.32529019337e-07, 1.10019925614e-06, 9.21933803966e-07, 1.50499329266e-06, 2.18717627831e-06, 1.86688009762e-06, 2.61300397142e-06, 4.92422168463e-06, 3.51365792994e-06, 2.04694106287e-06, 4.27069926445e-06, 4.87216902911e-06],
        "dvar": [7.92342369493e-09, 2.4736806381e-08, 4.89761475819e-08, 1.40979139474e-07, 1.82789926839e-06, 1.23222594084e-06, 1.02583442185e-06, 6.4278374623e-08, 6.90251340529e-08, 3.26676428131e-08, 8.25868511356e-08, 2.57516887814e-08, 5.91709881093e-09, 1.82891179978e-09, 6.3102016945e-09, 1.2069305555e-09, 4.24173127178e-11, 9.07417543883e-11, 4.47335141152e-10, 5.19355780604e-10, 8.13248912657e-11, 1.32336530623e-10, 1.92216832728e-11, 1.45064090948e-11, 3.27906660158e-11, 1.39672258134e-11, 1.75324130214e-11, 2.68170641943e-12, 4.53556116276e-12, 5.7029164377e-12, 8.19739155028e-12, 2.19378439026e-11, 3.29428845314e-11, 2.40917182037e-11, 6.23056883864e-11, 7.34765137622e-10, 8.21880966062e-11, 2.2696185209e-11, 3.94322408059e-10, 2.83790713151e-10],
        "dvar2": [2.27647287687e-08, 6.24509226554e-08, 9.39871043215e-08, 2.69093106908e-07, 3.55122824658e-06, 2.81678808278e-06, 2.32486058849e-06, 1.37581352533e-07, 1.37838554792e-07, 5.52150538624e-08, 1.67039345911e-07, 4.81463118263e-08, 1.08898836615e-08, 3.24169735499e-09, 1.49791361537e-08, 3.47213169327e-09, 9.61097243457e-11, 1.78049935906e-10, 9.61976609481e-10, 9.99728744233e-10, 1.50180104463e-10, 2.74364725383e-10, 3.80598677574e-11, 3.14612884356e-11, 7.07789382659e-11, 3.2169857056e-11, 3.82033849e-11, 5.40759928155e-12, 1.03865258408e-11, 1.27331634819e-11, 2.07777250266e-11, 5.46184937555e-11, 7.77400435692e-11, 4.90111840001e-11, 1.30261426645e-10, 1.82228832024e-09, 1.83157530809e-10, 4.7694032751e-11, 9.87848580714e-10, 7.59830143249e-10],
        "max": [0.00282357609831, 0.00359621015377, 0.00435624318197, 0.00762935634702, 0.0223988499492, 0.018207879737, 0.0232212990522, 0.00414764182642, 0.00658236723393, 0.00343424384482, 0.00705283740535, 0.00351886637509, 0.00184092484415, 0.000712814508006, 0.00145280186553, 0.000872485747095, 9.21790342545e-05, 0.000232364633121, 0.000453462474979, 0.000641457969323, 0.00021079221915, 0.000176939400262, 7.85624433775e-05, 5.88300936215e-05, 0.000110971064714, 5.68710966036e-05, 8.64043540787e-05, 3.29317153955e-05, 4.58969188912e-05, 6.62172533339e-05, 6.1377955717e-05, 7.90113263065e-05, 9.32618568186e-05, 6.67604763294e-05, 0.000118520852993, 0.000814064813312, 0.000152193126269, 8.25238748803e-05, 0.000588835973758, 0.000344090745784],
        "mean": [8.48753697937e-05, 0.000253401434748, 0.000322347419569, 0.000414797337726, 0.00181083241478, 0.00147093017586, 0.000765963806771, 0.000224844508921, 0.0002094234369, 0.000195947635802, 0.000335228542099, 0.000148309496581, 6.29353453405e-05, 3.96352079406e-05, 5.48435091332e-05, 1.39803141792e-05, 7.94270727056e-06, 8.66794925969e-06, 1.37019042086e-05, 9.85222231975e-06, 6.63520950184e-06, 8.79076196725e-06, 4.25932330472e-06, 3.4104207316e-06, 4.54393557447e-06, 3.23298900184e-06, 2.82563087239e-06, 1.1058838254e-06, 1.03491140635e-06, 1.12003760933e-06, 7.13612848813e-07, 1.06263235011e-06, 1.69206009559e-06, 1.62774176715e-06, 1.90786636267e-06, 3.31895876116e-06, 3.14096064358e-06, 2.15681166083e-06, 3.67673578694e-06, 4.26770520789e-06],
        "median": [2.19082903641e-05, 9.70565160969e-05, 8.4091356257e-05, 8.69399809744e-05, 0.000708873034455, 0.00065734621603, 0.000410038861446, 6.59983343212e-05, 7.39904789953e-05, 4.37909366156e-05, 3.41535669577e-05, 2.24622781388e-05, 1.09043330667e-05, 9.43913437368e-06, 8.26859195513e-06, 2.53590678767e-06, 3.534310963e-06, 3.74113506041e-06, 3.82610141969e-06, 3.1013971693e-06, 1.47836942688e-06, 1.29956674755e-06, 6.25261179721e-07, 7.68938832607e-07, 9.07574985831e-07, 1.27978364617e-06, 7.66945220221e-07, 4.19596176471e-07, 4.40761823484e-07, 3.84205748105e-07, 1.67779745652e-07, 1.48069901229e-07, 8.47366479206e-08, 3.77291620168e-08, 7.28242923742e-08, 1.8505339483e-07, 3.49892644635e-07, 3.40175091651e-07, 7.23359335097e-07, 7.14331577001e-07],
        "min": [2.78497736872e-07, 7.32079570298e-07, 1.13994076401e-06, 3.31872200832e-07, 1.53865016728e-06, 5.66068911212e-06, 3.24577399624e-06, 1.63141280041e-07, 6.09675623764e-07, 5.490240369e-07, 2.95944403206e-07, 2.53414953022e-07, 6.03172054525e-08, 1.22243207556e-07, 3.36276677615e-08, 1.79223995644e-08, 4.26922071028e-08, 2.78923053543e-08, 1.75300893801e-08, 2.98755544748e-08, 5.81256998089e-09, 3.53285511956e-09, 2.06359840327e-09, 8.42537484225e-10, 2.743202554e-09, 1.33519018064e-09, 8.46666625698e-10, 1.49292656015e-09, 1.1604447403e-09, 3.8803760205e-10, 2.10090084218e-10, 3.36372485421e-10, 2.13710351499e-11, 2.68325812958e-11, 1.07210004763e-11, 2.08833575432e-11, 9.82199304528e-12, 1.25717509319e-11, 2.9326537726e-11, 1.58039391036e-12],
