{
"highlevel": {
    "danceability": {
        "all": {
            "danceable": 0.341217786074,
            "not_danceable": 0.658782243729
        },
        "probability": 0.658782243729,
        "value": "not_danceable"
    },
    "gender": {
        "all": {
            "female": 0.487099707127,
            "male": 0.512900292873
        },
        "probability": 0.512900292873,
        "value": "male"
    },
    "genre_dortmund": {
        "all": {
            "alternative": 0.158142864704,
            "blues": 0.0392895899713,
            "electronic": 0.0224021282047,
            "folkcountry": 0.339736610651,
            "funksoulrnb": 0.0186589919031,
            "jazz": 0.0883838236332,
            "pop": 0.171476915479,
            "raphiphop": 0.00213552778587,
            "rock": 0.159773543477
        },
        "probability": 0.339736610651,
        "value": "folkcountry"
    },
    "genre_electronic": {
        "all": {
            "ambient": 0.548005878925,
            "dnb": 0.347235113382,
            "house": 0.0227432530373,
            "techno": 0.00959406793118,
            "trance": 0.0724216625094
        },
        "probability": 0.548005878925,
        "value": "ambient"
    },
    "genre_rosamerica": {
        "all": {
            "cla": 0.0378368087113,
            "dan": 0.0117176380008,
            "hip": 0.00469734985381,
            "jaz": 0.0254746302962,
            "pop": 0.368065804243,
            "rhy": 0.0338504202664,
            "roc": 0.51368278265,
            "spe": 0.00467454036698
        },
        "probability": 0.51368278265,
        "value": "roc"
    },
    "genre_tzanetakis": {
        "all": {
            "blu": 0.0626613423228,
            "cla": 0.0348169617355,
            "cou": 0.104475811124,
            "dis": 0.0784321576357,
            "hip": 0.15692435205,
            "jaz": 0.313974827528,
            "met": 0.0448166541755,
            "pop": 0.0627359300852,
            "reg": 0.0627360641956,
            "roc": 0.0784258767962
        },
        "probability": 0.313974827528,
        "value": "jaz"
    },
    "ismir04_rhythm": {
        "all": {
            "ChaChaCha": 0.0274537373334,
            "Jive": 0.0164326243103,
            "Quickstep": 0.00556042045355,
            "Rumba-American": 0.00157797487918,
            "Rumba-International": 0.0298897251487,
            "Rumba-Misc": 0.00317742279731,
            "Samba": 0.0107892872766,
            "Tango": 0.0153240831569,
            "VienneseWaltz": 0.877604007721,
            "Waltz": 0.0121906949207
        },
        "probability": 0.877604007721,
        "value": "VienneseWaltz"
    },
    "mood_acoustic": {
        "all": {
            "acoustic": 0.113211192191,
            "not_acoustic": 0.886788785458
        },
        "probability": 0.886788785458,
        "value": "not_acoustic"
    },
    "mood_aggressive": {
        "all": {
            "aggressive": 0.0255054980516,
            "not_aggressive": 0.97449451685
        },
        "probability": 0.97449451685,
        "value": "not_aggressive"
    },
    "mood_electronic": {
        "all": {
            "electronic": 0.0528779327869,
            "not_electronic": 0.947122037411
        },
        "probability": 0.947122037411,
        "value": "not_electronic"
    },
    "mood_happy": {
        "all": {
            "happy": 0.966770350933,
            "not_happy": 0.0332296378911
        },
        "probability": 0.966770350933,
        "value": "happy"
    },
    "mood_party": {
        "all": {
            "not_party": 0.878471553326,
            "party": 0.121528461576
        },
        "probability": 0.878471553326,
        "value": "not_party"
    },
    "mood_relaxed": {
        "all": {
            "not_relaxed": 0.700441837311,
            "relaxed": 0.299558192492
        },
        "probability": 0.700441837311,
        "value": "not_relaxed"
    },
    "mood_sad": {
        "all": {
            "not_sad": 0.715767323971,
            "sad": 0.284232676029
        },
        "probability": 0.715767323971,
        "value": "not_sad"
    },
    "moods_mirex": {
        "all": {
            "Cluster1": 0.148807540536,
            "Cluster2": 0.229398652911,
            "Cluster3": 0.310882151127,
            "Cluster4": 0.0815413594246,
            "Cluster5": 0.229370296001
        },
        "probability": 0.310882151127,
        "value": "Cluster3"
    },
    "timbre": {
        "all": {
            "bright": 0.97811537981,
            "dark": 0.0218846164644
        },
        "probability": 0.97811537981,
        "value": "bright"
    },
    "tonal_atonal": {
        "all": {
            "atonal": 0.0178905110806,
            "tonal": 0.982109487057
        },
        "probability": 0.982109487057,
        "value": "tonal"
    },
    "voice_instrumental": {
        "all": {
            "instrumental": 0.0665312856436,
            "voice": 0.933468699455
        },
        "probability": 0.933468699455,
        "value": "voice"
    }
},
"lowlevel": {
    "average_loudness": 0.973943471909,
    "barkbands_crest": {
        "dmean": 2.52904868126,
        "dmean2": 4.05586671829,
        "dvar": 6.15595674515,
        "dvar2": 13.9102153778,
        "max": 24.0869312286,
        "mean": 8.99380874634,
        "median": 8.20595741272,
        "min": 3.39001584053,
        "var": 13.6321144104
    },
    "barkbands_flatness_db": {
        "dmean": 0.0170557554811,
        "dmean2": 0.025936011225,
        "dvar": 0.000211607359233,
        "dvar2": 0.000484462216264,
        "max": 0.238039091229,
        "mean": 0.137345358729,
        "median": 0.134732499719,
        "min": 0.0677384957671,
        "var": 0.000901799649
    },
    "barkbands_kurtosis": {
        "dmean": 1.27999556065,
        "dmean2": 1.9187694788,
        "dvar": 2.620875597,
        "dvar2": 5.35717058182,
        "max": 22.506975174,
        "mean": 1.33235299587,
        "median": 0.705357789993,
        "min": -1.78253412247,
        "var": 6.62886714935
    },
    "barkbands_skewness": {
        "dmean": 0.381984144449,
        "dmean2": 0.56416207552,
        "dvar": 0.131257548928,
        "dvar2": 0.277643173933,
        "max": 4.30981731415,
        "mean": 1.02752733231,
        "median": 1.00179457664,
        "min": -0.941939353943,
        "var": 0.524609088898
    },
    "barkbands_spread": {
        "dmean": 4.92382049561,
        "dmean2": 7.15701389313,
        "dvar": 25.8538913727,
        "dvar2": 54.0118179321,
        "max": 73.5316925049,
        "mean": 23.751203537,
        "median": 22.4246749878,
        "min": 3.92017960548,
        "var": 99.9138259888
    },
    "dissonance": {
        "dmean": 0.0198083911091,
        "dmean2": 0.0332842357457,
        "dvar": 0.00031397305429,
        "dvar2": 0.00081481912639,
        "max": 0.498095363379,
        "mean": 0.450781077147,
        "median": 0.456751257181,
        "min": 0.336354345083,
        "var": 0.000813864695374
    },
    "dynamic_complexity": 1.56848752499,
    "erbbands_crest": {
        "dmean": 2.53744244576,
        "dmean2": 4.02039527893,
        "dvar": 6.4081659317,
        "dvar2": 15.3862886429,
        "max": 27.6456813812,
        "mean": 10.0264339447,
        "median": 9.02657604218,
        "min": 3.18990063667,
        "var": 18.4926815033
    },
    "erbbands_flatness_db": {
        "dmean": 0.0154878273606,
        "dmean2": 0.0216149426997,
        "dvar": 0.000209093559533,
        "dvar2": 0.00040189846186,
        "max": 0.282459080219,
        "mean": 0.169652536511,
        "median": 0.172188863158,
        "min": 0.0700148046017,
        "var": 0.00134842656553
    },
    "erbbands_kurtosis": {
        "dmean": 0.802230894566,
        "dmean2": 1.26552414894,
        "dvar": 1.24970245361,
        "dvar2": 2.80968999863,
        "max": 14.7086906433,
        "mean": 0.441237837076,
        "median": -0.219978094101,
        "min": -1.73862993717,
        "var": 3.79959058762
    },
    "erbbands_skewness": {
        "dmean": 0.327015161514,
        "dmean2": 0.47055760026,
        "dvar": 0.107331089675,
        "dvar2": 0.200773656368,
        "max": 3.39157319069,
        "mean": 0.270648539066,
        "median": 0.300361633301,
        "min": -2.12594485283,
        "var": 0.511755228043
    },
    "erbbands_spread": {
        "dmean": 6.13077259064,
        "dmean2": 9.19675731659,
        "dvar": 47.6245498657,
        "dvar2": 95.5023422241,
        "max": 106.3046875,
        "mean": 35.1357002258,
        "median": 33.5638771057,
        "min": 7.3621931076,
        "var": 280.147369385
    },
    "hfc": {
        "dmean": 6.16345977783,
        "dmean2": 9.14799785614,
        "dvar": 55.4961662292,
        "dvar2": 107.413139343,
        "max": 89.1547927856,
        "mean": 26.2326793671,
        "median": 22.9543514252,
        "min": 4.45671844482,
        "var": 189.600158691
    },
    "melbands_crest": {
        "dmean": 3.72657728195,
        "dmean2": 6.0086016655,
        "dvar": 12.8123836517,
        "dvar2": 30.108915329,
        "max": 29.5192642212,
        "mean": 13.1204938889,
        "median": 12.1310663223,
        "min": 3.90034127235,
        "var": 25.6257762909
    },
    "melbands_flatness_db": {
        "dmean": 0.0199880488217,
        "dmean2": 0.029106060043,
        "dvar": 0.000333478586981,
        "dvar2": 0.000685245788191,
        "max": 0.314371228218,
        "mean": 0.172571212053,
        "median": 0.171031415462,
        "min": 0.0772049799562,
        "var": 0.00152065570001
    },
    "melbands_kurtosis": {
        "dmean": 2.97551631927,
        "dmean2": 4.49388456345,
        "dvar": 17.088634491,
        "dvar2": 35.6705093384,
        "max": 57.0793685913,
        "mean": 5.97386312485,
        "median": 4.07226848602,
        "min": -1.61387217045,
        "var": 46.1411399841
    },
    "melbands_skewness": {
        "dmean": 0.498643428087,
        "dmean2": 0.737068295479,
        "dvar": 0.248877987266,
        "dvar2": 0.519439697266,
        "max": 6.72277784348,
        "mean": 1.85707807541,
        "median": 1.80646657944,
        "min": -0.367076963186,
        "var": 1.16024684906
    },
    "melbands_spread": {
        "dmean": 6.05777311325,
        "dmean2": 9.02356147766,
        "dvar": 34.4028625488,
        "dvar2": 71.8980102539,
        "max": 71.3528900146,
        "mean": 27.1809024811,
        "median": 25.309305191,
        "min": 4.31016635895,
        "var": 131.28817749
    },
    "pitch_salience": {
        "dmean": 0.0619477182627,
        "dmean2": 0.0981199666858,
        "dvar": 0.00285669695586,
        "dvar2": 0.00700181722641,
        "max": 0.742408156395,
        "mean": 0.511097311974,
        "median": 0.50922203064,
        "min": 0.210222318769,
        "var": 0.0068003735505
    },
    "silence_rate_20dB": {
        "dmean": 0,
        "dmean2": 0,
        "dvar": 0,
        "dvar2": 0,
        "max": 1,
        "mean": 1,
        "median": 1,
        "min": 1,
        "var": 0
    },
    "silence_rate_30dB": {
        "dmean": 0,
        "dmean2": 0,
        "dvar": 0,
        "dvar2": 0,
        "max": 1,
        "mean": 1,
        "median": 1,
        "min": 1,
        "var": 0
    },
    "silence_rate_60dB": {
        "dmean": 0,
        "dmean2": 0,
        "dvar": 0,
        "dvar2": 0,
        "max": 0,
        "mean": 0,
        "median": 0,
        "min": 0,
        "var": 0
    },
    "spectral_centroid": {
        "dmean": 203.120986938,
        "dmean2": 299.851776123,
        "dvar": 36711.1132812,
        "dvar2": 76251.0234375,
        "max": 2754.25024414,
        "mean": 1437.56994629,
        "median": 1401.7487793,
        "min": 493.875,
        "var": 174397.703125
    },
    "spectral_complexity": {
        "dmean": 2.8885447979,
        "dmean2": 4.41285848618,
        "dvar": 8.6330537796,
        "dvar2": 17.7916431427,
        "max": 41,
        "mean": 18.874710083,
        "median": 18,
        "min": 8,
        "var": 24.0693778992
    },
    "spectral_decrease": {
        "dmean": 2.1036756781e-09,
        "dmean2": 3.10149150806e-09,
        "dvar": 5.41808016152e-18,
        "dvar2": 1.11258505541e-17,
        "max": -1.50664591914e-09,
        "mean": -7.27603843842e-09,
        "median": -6.48289466554e-09,
        "min": -2.36458888025e-08,
        "var": 1.19638945296e-17
    },
    "spectral_energy": {
        "dmean": 0.00833832845092,
        "dmean2": 0.0122362207621,
        "dvar": 8.25868337415e-05,
        "dvar2": 0.000168946542544,
        "max": 0.095402084291,
        "mean": 0.0298408456147,
        "median": 0.0265761483461,
        "min": 0.00638424558565,
        "var": 0.000192075196537
    },
    "spectral_energyband_high": {
        "dmean": 0.000257684063399,
        "dmean2": 0.00036535304389,
        "dvar": 1.77411337177e-07,
        "dvar2": 3.62602548876e-07,
        "max": 0.00535234250128,
        "mean": 0.000764975382481,
        "median": 0.000508091237862,
        "min": 1.93869800569e-05,
        "var": 5.62272703064e-07
    },
    "spectral_energyband_low": {
        "dmean": 0.00446481863037,
        "dmean2": 0.0065304338932,
        "dvar": 5.61197666684e-05,
        "dvar2": 0.000115937196824,
        "max": 0.0677851438522,
        "mean": 0.00630930718035,
        "median": 0.00360383396037,
        "min": 7.69869529904e-06,
        "var": 7.62553900131e-05
    },
    "spectral_energyband_middle_high": {
        "dmean": 0.00288990000263,
        "dmean2": 0.00435682060197,
        "dvar": 1.66332374647e-05,
        "dvar2": 3.58569086529e-05,
        "max": 0.0642626360059,
        "mean": 0.00933432485908,
        "median": 0.00684566050768,
        "min": 0.000625228160061,
        "var": 5.45400034753e-05
    },
    "spectral_energyband_middle_low": {
        "dmean": 0.0042563052848,
        "dmean2": 0.00657316343859,
        "dvar": 2.75162601611e-05,
        "dvar2": 6.66616761009e-05,
        "max": 0.0593714416027,
        "mean": 0.0139315044507,
        "median": 0.011746478267,
        "min": 0.00192264572252,
        "var": 7.01538592693e-05
    },
    "spectral_entropy": {
        "dmean": 0.130920723081,
        "dmean2": 0.184857159853,
        "dvar": 0.0151945091784,
        "dvar2": 0.029068486765,
        "max": 8.42454910278,
        "mean": 7.48030424118,
        "median": 7.46863031387,
        "min": 6.44482898712,
        "var": 0.0995310544968
    },
    "spectral_flux": {
        "dmean": 0.0263076499104,
        "dmean2": 0.0407479926944,
        "dvar": 0.000615688506514,
        "dvar2": 0.0013363447506,
        "max": 0.227411344647,
        "mean": 0.0808812305331,
        "median": 0.0709911361337,
        "min": 0.0239989627153,
        "var": 0.001467325259
    },
    "spectral_kurtosis": {
        "dmean": 1.19948804379,
        "dmean2": 2.0664639473,
        "dvar": 1.30489218235,
        "dvar2": 4.02537345886,
        "max": 12.7117824554,
        "mean": 3.63687348366,
        "median": 3.34042358398,
        "min": -0.304135560989,
        "var": 3.70828604698
    },
    "spectral_rms": {
        "dmean": 0.000722553406376,
        "dmean2": 0.00104072329123,
        "dvar": 5.1480952834e-07,
        "dvar2": 1.02249953216e-06,
        "max": 0.00964754913002,
        "mean": 0.00525955855846,
        "median": 0.00509194936603,
        "min": 0.00249570282176,
        "var": 1.45003934904e-06
    },
    "spectral_rolloff": {
        "dmean": 416.313720703,
        "dmean2": 665.362243652,
        "dvar": 480701.65625,
        "dvar2": 1019886.25,
        "max": 8677.88085938,
        "mean": 1621.71838379,
        "median": 1399.65820312,
        "min": 150.732421875,
        "var": 850431.625
    },
    "spectral_skewness": {
        "dmean": 0.169539764524,
        "dmean2": 0.282671421766,
        "dvar": 0.0219952613115,
        "dvar2": 0.0604558065534,
        "max": 2.55937838554,
        "mean": 1.40414917469,
        "median": 1.38950252533,
        "min": 0.677312195301,
        "var": 0.100330464542
    },
    "spectral_spread": {
        "dmean": 439975.46875,
        "dmean2": 649797.75,
        "dvar": 393106391040,
        "dvar2": 735909380096,
        "max": 11880564,
        "mean": 4480676.5,
        "median": 4197570.5,
        "min": 2510538.5,
        "var": 1.6977625088e+12
    },
    "spectral_strongpeak": {
        "dmean": 0.869091570377,
        "dmean2": 1.47576320171,
        "dvar": 1.91001832485,
        "dvar2": 4.55553007126,
        "max": 10.9790382385,
        "mean": 1.60608053207,
        "median": 0.834282934666,
        "min": 0,
        "var": 3.04439091682
    },
    "zerocrossingrate": {
        "dmean": 0.00874068774283,
        "dmean2": 0.0104403682053,
        "dvar": 8.51904405863e-05,
        "dvar2": 0.000126284590806,
        "max": 0.1865234375,
        "mean": 0.0642469376326,
        "median": 0.06103515625,
        "min": 0.02001953125,
        "var": 0.0004770992673
    },
    "barkbands": {
        "dmean": [0.000405318918638, 0.00372315221466, 0.000845783448312, 0.000687222869601, 0.00147444440518, 0.00161860696971, 0.000629532558378, 0.000324940454448, 0.00138664268889, 0.0010676815873, 0.00076956738485, 0.0004088691785, 0.000470216880785, 0.000327300833305, 0.000407999003073, 0.000616340897977, 0.000479435082525, 0.000311712938128, 0.000156985173817, 0.00015713571338, 7.05600177753e-05, 5.92710748606e-05, 4.79721311422e-05, 4.53293687315e-05, 5.09848650836e-05, 2.00420017791e-05, 4.74031658371e-09],
        "dmean2": [0.000638419878669, 0.00559278205037, 0.00147971650586, 0.0011022342369, 0.00239790393971, 0.00246248743497, 0.00101281213574, 0.000456950714579, 0.00196730904281, 0.00159359793179, 0.00116568640806, 0.000654268311337, 0.000711565080564, 0.000512087310199, 0.000660221092403, 0.000915929093026, 0.000739380018786, 0.000486683100462, 0.000242707552388, 0.000249872653512, 0.000111082030344, 9.1410256573e-05, 7.33045890229e-05, 6.78024589433e-05, 7.09295345587e-05, 3.04404093185e-05, 8.51509618371e-09],
        "dvar": [6.45218733553e-07, 4.83580697619e-05, 1.93980054064e-06, 1.73212697518e-06, 5.22452410223e-06, 6.79702770867e-06, 5.61114893571e-06, 4.10003821116e-07, 8.94227287063e-06, 8.78901755641e-06, 2.52535869549e-06, 1.13868827611e-06, 1.4300261455e-06, 9.77031959337e-07, 1.2391249129e-06, 2.99473254017e-06, 6.10977792803e-07, 3.84840660672e-07, 6.59219026033e-08, 6.20209377189e-08, 9.18697296015e-09, 7.57255946837e-09, 8.100099258e-09, 1.1932912436e-08, 1.93401259452e-08, 2.8980760014e-09, 6.50127327292e-16],
        "dvar2": [1.46915465393e-06, 0.000104233738966, 5.36506968274e-06, 4.46026342615e-06, 1.37201659527e-05, 1.61694606504e-05, 1.42543358379e-05, 9.6747646694e-07, 1.63475197041e-05, 2.03640083782e-05, 5.27056317878e-06, 2.87971647595e-06, 3.34506398758e-06, 2.30199475482e-06, 3.07291611534e-06, 6.45479531158e-06, 1.31342767418e-06, 9.92518039311e-07, 1.4713982921e-07, 1.53803640046e-07, 2.35456223407e-08, 1.76948073971e-08, 1.99292635727e-08, 2.67128132947e-08, 3.86535710106e-08, 5.95009730375e-09, 1.79984887468e-15],
        "max": [0.00501107331365, 0.0513347573578, 0.0185241345316, 0.0147591633722, 0.0302889123559, 0.025924321264, 0.0548910982907, 0.0132114719599, 0.0450050793588, 0.0595146417618, 0.0235156137496, 0.0175238735974, 0.0170523934066, 0.0187195818871, 0.0143297165632, 0.0209629889578, 0.0128144780174, 0.00792703405023, 0.00351513526402, 0.00391173409298, 0.00135992967989, 0.00124776631128, 0.00101298617665, 0.00170886714477, 0.00197400525212, 0.000713828543667, 4.2264429112e-07],
        "mean": [0.000378988363082, 0.00420118262991, 0.00138065952342, 0.00133079558145, 0.00365940318443, 0.00354792550206, 0.000992920598947, 0.000786427175626, 0.00338424788788, 0.00207576295361, 0.00172863423359, 0.000680136319716, 0.000786000338849, 0.000572286779061, 0.000617272686213, 0.000906583794858, 0.00103539880365, 0.000504621712025, 0.000298446946545, 0.000329241651343, 0.000165315010236, 0.000156897891429, 0.000114396614663, 0.00010018535977, 7.91703278082e-05, 2.79563937511e-05, 3.28649885084e-09],
        "median": [4.66225428681e-05, 0.00164902687538, 0.000834743841551, 0.000457483780337, 0.00250220112503, 0.00231043808162, 0.000311567506287, 0.000383003876777, 0.00121993687935, 0.00097518513212, 0.000923707673792, 0.000253809441347, 0.000201691698749, 0.000168426908203, 0.000198848574655, 0.00026521430118, 0.000489051570185, 0.000228081160458, 0.000178393529495, 0.000217949214857, 0.000124625163153, 0.000100063400168, 5.84424815315e-05, 5.06846481585e-05, 2.42095284193e-05, 6.13307656749e-06, 5.05044062127e-10],
        "min": [4.8526537455e-08, 3.7608429011e-06, 7.02738816472e-07, 1.68500150721e-07, 3.39488615282e-05, 1.35757709359e-05, 3.6985782117e-06, 3.89448678106e-06, 6.17726846031e-06, 1.5792227714e-05, 3.19191440212e-06, 2.08716505767e-06, 4.58480462839e-06, 8.00777888799e-06, 6.99371003066e-06, 1.48077315316e-05, 1.33915282277e-05, 5.63897719985e-06, 1.61661937454e-05, 1.3426141777e-05, 6.00291195951e-06, 1.9187914404e-06, 6.05671402809e-07, 1.1890991658e-07, 2.66333710641e-08, 1.08263942256e-09, 6.47931274605e-12],
        "var": [6.6611295324e-07, 5.62350796827e-05, 2.52024233305e-06, 3.23682775161e-06, 1.36406861202e-05, 1.57820832101e-05, 7.13264944352e-06, 1.27568648622e-06, 3.67331413145e-05, 1.91348990484e-05, 6.95980088494e-06, 2.29518150263e-06, 3.26038139065e-06, 2.241281436e-06, 1.93960340766e-06, 4.77437743029e-06, 1.68062547345e-06, 5.91839864228e-07, 1.33392418888e-07, 1.21125722785e-07, 1.92117237674e-08, 2.20518536764e-08, 2.03682279931e-08, 2.71560516296e-08, 3.94026713479e-08, 5.28641752595e-09, 4.03456827612e-16]
    },
    "erbbands": {
        "dmean": [0.180135369301, 0.559037566185, 0.910481631756, 1.36431229115, 4.48716545105, 3.49793386459, 11.1450033188, 14.9215164185, 11.0009880066, 5.60937595367, 8.72460746765, 34.6138916016, 34.1081047058, 19.6131019592, 35.9217720032, 13.5244445801, 20.2429180145, 12.6459941864, 25.3736782074, 20.3978748322, 28.3057632446, 29.1413059235, 18.5818519592, 11.1199150085, 6.93422269821, 6.16742324829, 3.09137892723, 2.75482964516, 2.12238025665, 1.7285823822, 1.39820873737, 1.00292313099, 0.773017644882, 0.590696513653, 0.363997817039, 0.111727230251, 0.0368158333004, 0.00372969731688, 6.80738012306e-05, 1.13653486551e-05],
        "dmean2": [0.272427171469, 0.860834658146, 1.55010294914, 2.25533270836, 7.57325363159, 5.55191421509, 16.9135169983, 22.9952068329, 17.4149112701, 8.97342014313, 12.0489797592, 47.058265686, 51.57862854, 29.0976753235, 55.5360603333, 21.2914772034, 30.687046051, 18.8481712341, 40.922454834, 29.8100128174, 42.6504058838, 45.109664917, 28.7067928314, 17.0049343109, 10.7849206924, 9.86419487, 4.94116687775, 4.30118179321, 3.28153705597, 2.69917273521, 2.1476123333, 1.5353269577, 1.13655328751, 0.828778684139, 0.530522763729, 0.171424150467, 0.0546569749713, 0.00569581193849, 0.000101289704617, 1.64985685842e-05],
        "dvar": [0.12710930407, 0.998114645481, 1.97337472439, 5.7816824913, 87.6341018677, 28.9645557404, 443.912353516, 701.57220459, 1003.47369385, 600.429016113, 350.297943115, 6764.12548828, 7672.61230469, 2492.58276367, 5224.34423828, 1298.30334473, 2496.4206543, 660.026367188, 4870.81494141, 3762.79150391, 6078.09033203, 2454.34716797, 1549.94702148, 307.255249023, 123.506782532, 94.9116516113, 21.1216411591, 13.4150772095, 10.1673955917, 7.88572835922, 7.71833658218, 5.06960773468, 3.58104228973, 2.696808815, 1.04646670818, 0.0871910154819, 0.0124955372885, 0.000169882769114, 4.7465729125e-08, 1.7333501301e-10],
        "dvar2": [0.276216596365, 2.17939829826, 5.31162691116, 15.189409256, 247.779174805, 69.7978820801, 1108.34643555, 1615.26147461, 2450.12207031, 1606.96130371, 769.803283691, 11501.9677734, 17988.5800781, 5999.80419922, 11230.046875, 3322.52172852, 5902.55615234, 1502.17468262, 11826.5019531, 7618.95019531, 14076.7714844, 5313.30664062, 4080.38037109, 693.463806152, 265.989807129, 241.610473633, 50.4569969177, 32.6484832764, 24.4873256683, 18.9990959167, 19.1405010223, 11.8215503693, 7.66729164124, 5.77649354935, 2.13241863251, 0.187003478408, 0.0275977961719, 0.000363365921658, 1.00479724097e-07, 3.47966711001e-10],
        "max": [2.53166890144, 7.82883691788, 16.073841095, 28.2961406708, 116.190605164, 76.0562667847, 243.870758057, 322.986114502, 436.07434082, 678.636169434, 399.841186523, 1362.99145508, 1642.21276855, 1118.7935791, 1007.83087158, 532.844848633, 691.581665039, 404.44644165, 809.171630859, 937.497558594, 1080.43847656, 905.562683105, 523.223999023, 211.567443848, 207.738265991, 167.047225952, 79.1262359619, 43.468788147, 44.5152130127, 31.9411830902, 34.2340736389, 30.8761863708, 30.6098899841, 24.4653530121, 15.2732915878, 4.71855354309, 1.6300920248, 0.190637275577, 0.00321228988469, 0.00017619409482],
        "mean": [0.168214216828, 0.74511039257, 1.6907838583, 2.64853906631, 8.10891056061, 8.69999313354, 28.7749061584, 30.7681617737, 18.8891735077, 11.2137966156, 23.2707843781, 83.5051803589, 71.9754257202, 44.615814209, 79.0683441162, 26.6067581177, 35.7392158508, 24.6951522827, 42.36170578, 33.732837677, 50.4610061646, 60.7536849976, 32.9896736145, 20.711856842, 15.3971281052, 13.3420114517, 7.67939424515, 6.60072660446, 5.38983201981, 4.32245159149, 3.27432465553, 2.17921519279, 1.61397755146, 0.968801081181, 0.520382881165, 0.164054274559, 0.0465810783207, 0.00421185046434, 9.85560036497e-05, 4.09288986702e-05],
        "median": [0.0218449048698, 0.409969329834, 1.32354712486, 1.46817111969, 4.05982923508, 5.15690422058, 12.9046831131, 17.209318161, 8.66268253326, 5.11973142624, 14.3339414597, 24.4369220734, 40.4951477051, 25.3631744385, 38.7905082703, 11.359960556, 10.3360538483, 11.727853775, 14.2890319824, 12.208987236, 18.3716564178, 31.8755626678, 16.3522853851, 11.5354671478, 10.826839447, 9.50242519379, 5.39633989334, 4.90608787537, 3.36527752876, 2.3157017231, 1.71052491665, 1.04953527451, 0.799183487892, 0.342054665089, 0.143029645085, 0.0391406416893, 0.00862582493573, 0.000490129867103, 3.16838995786e-05, 3.61115671694e-05],
        "min": [0.000115091927, 0.000411872082623, 0.00188574427739, 0.00398828648031, 0.0519517883658, 0.141677364707, 0.523831307888, 0.197450891137, 0.343998432159, 0.250451803207, 0.31507641077, 0.556288838387, 1.01959335804, 0.327739089727, 0.767001092434, 0.482630431652, 0.465732991695, 0.445932298899, 0.853364348412, 0.749942481518, 1.37479424477, 1.5967438221, 0.889882683754, 0.965994954109, 0.963150143623, 0.889047205448, 0.314230799675, 0.165863990784, 0.0769179686904, 0.0549303889275, 0.0200373269618, 0.00289211561903, 0.00233525689691, 0.00044273288222, 0.000179671842488, 7.40886607673e-05, 1.44479308801e-05, 2.37852236751e-06, 6.28510451861e-06, 9.0796565928e-06],
        "var": [0.13938228786, 1.19568729401, 2.78605890274, 8.74594783783, 104.279373169, 88.3306121826, 1378.95776367, 1574.71777344, 1282.3605957, 920.913391113, 1338.01489258, 27782.8613281, 14088.4375, 4712.49853516, 14498.7333984, 2658.14916992, 5710.86328125, 1480.21020508, 8179.97460938, 5911.80175781, 9767.25390625, 5852.22998047, 2193.59521484, 619.971923828, 259.549743652, 173.329696655, 55.1710968018, 29.7091579437, 26.6546134949, 22.6163635254, 17.5722007751, 11.6677570343, 8.19305801392, 5.0227599144, 1.9830019474, 0.168031856418, 0.0176399573684, 0.000237926709815, 7.21336590459e-08, 4.52915566163e-10]
    },
    "gfcc": {
        "mean": [27.3221797943, 93.8822174072, -135.965362549, 35.4758758545, -67.6847000122, 14.4114599228, -39.3511581421, 13.3389520645, -25.8569488525, -6.1340136528, -16.6603908539, 4.18284416199, 0.220322981477],
        "cov": [[874.949707031, -502.253540039, 205.881866455, -40.9597511292, 60.5111808777, 111.377937317, -106.832511902, 105.687049866, -42.2833251953, 159.503295898, -79.4587097168, 100.91709137, -90.7613983154], [-502.253540039, 772.14050293, -162.875671387, 201.671585083, 167.027023315, -26.5973205566, 197.528717041, -69.2944412231, 98.2929534912, -133.388763428, 129.203323364, -104.136161804, 87.4254150391], [205.881866455, -162.875671387, 472.709991455, 78.387550354, 15.502737999, 63.1578903198, 5.16403961182, 63.5874977112, -33.9395103455, 75.7051391602, -36.535736084, 50.3821563721, -84.2320327759], [-40.9597511292, 201.671585083, 78.387550354, 386.667144775, 113.526519775, -52.5448722839, 14.6527290344, 12.9841756821, 92.5784683228, -11.0269041061, 76.6488189697, -24.2254505157, 42.4520721436], [60.5111808777, 167.027023315, 15.502737999, 113.526519775, 283.816375732, 15.7422885895, 41.6247291565, 36.2704582214, 37.9145507812, 39.3245544434, 16.8840332031, -2.02121949196, 13.0921764374], [111.377937317, -26.5973205566, 63.1578903198, -52.5448722839, 15.7422885895, 229.802902222, 105.764465332, 17.280008316, -24.5665531158, -0.350581556559, -8.77754306793, -4.72229290009, -17.6943759918], [-106.832511902, 197.528717041, 5.16403961182, 14.6527290344, 41.6247291565, 105.764465332, 199.716094971, 38.9992637634, 15.2691259384, -27.355638504, 42.3221282959, -15.7722330093, 1.40830528736], [105.687049866, -69.2944412231, 63.5874977112, 12.9841756821, 36.2704582214, 17.280008316, 38.9992637634, 139.137680054, 49.2059173584, 33.0190238953, -5.51709985733, 33.9424629211, -14.8344593048], [-42.2833251953, 98.2929534912, -33.9395103455, 92.5784683228, 37.9145507812, -24.5665531158, 15.2691259384, 49.2059173584, 147.666503906, 20.0805530548, 43.0240440369, 1.65083885193, 38.2054901123], [159.503295898, -133.388763428, 75.7051391602, -11.0269041061, 39.3245544434, -0.350581556559, -27.355638504, 33.0190238953, 20.0805530548, 137.611968994, 13.3571481705, 31.0842933655, -15.6697435379], [-79.4587097168, 129.203323364, -36.535736084, 76.6488189697, 16.8840332031, -8.77754306793, 42.3221282959, -5.51709985733, 43.0240440369, 13.3571481705, 104.335113525, 14.502571106, 33.4516029358], [100.91709137, -104.136161804, 50.3821563721, -24.2254505157, -2.02121949196, -4.72229290009, -15.7722330093, 33.9424629211, 1.65083885193, 31.0842933655, 14.502571106, 93.3187713623, 6.03896522522], [-90.7613983154, 87.4254150391, -84.2320327759, 42.4520721436, 13.0921764374, -17.6943759918, 1.40830528736, -14.8344593048, 38.2054901123, -15.6697435379, 33.4516029358, 6.03896522522, 113.00605011]],
        "icov": [[0.00292870402336, 0.000967495376244, 0.000459319649963, -0.00101376906969, -0.000767313060351, -0.00204864237458, 0.00146298506297, -0.000998219358735, 0.000577317667194, -0.00167593394872, 0.00105366378557, -0.00180865335278, 0.00130294845439], [0.000967495376244, 0.00803906749934, -0.00107318069786, 0.00080405670451, -0.00497776316479, 0.00318061537109, -0.0061977985315, 0.00459324009717, -0.00379524147138, 0.00628716964275, -0.00592345139012, 0.00501555483788, -0.00114900618792], [0.000459319649963, -0.00107318069786, 0.00432573305443, -0.00283585535362, 0.00148269115016, -0.00198276317678, 0.000628254027106, -0.0013959123753, 0.00203255773522, -0.00365062477067, 0.0038380404003, -0.00381068745628, 0.00268960813992], [-0.00101376906969, 0.00080405670451, -0.00283585535362, 0.0061731217429, -0.0024951226078, 0.00237185414881, -0.000166455560247, 0.000754513079301, -0.00293102557771, 0.00425147404894, -0.00590823451057, 0.00457535684109, -0.00202259258367], [-0.000767313060351, -0.00497776316479, 0.00148269115016, -0.0024951226078, 0.00783676374704, -0.00209554634057, 0.00228768982925, -0.00313540874049, 0.00260796444491, -0.00605747662485, 0.0054314523004, -0.00348456064239, 0.000457806949271], [-0.00204864237458, 0.00318061537109, -0.00198276317678, 0.00237185414881, -0.00209554634057, 0.0101075228304, -0.00836814194918, 0.00381915806793, -0.0020830174908, 0.00411990331486, -0.00271791615523, 0.00434260629117, -0.00219590589404], [0.00146298506297, -0.0061977985315, 0.000628254027106, -0.000166455560247, 0.00228768982925, -0.00836814194918, 0.0168435536325, -0.00874000042677, 0.00413914071396, -0.00304690748453, -0.000923372688703, -0.00228227628395, 0.00214154855348], [-0.000998219358735, 0.00459324009717, -0.0013959123753, 0.000754513079301, -0.00313540874049, 0.00381915806793, -0.00874000042677, 0.0159111190587, -0.00778064318001, 0.00315063260496, 0.000526297779288, -0.0010068503907, 0.000445102225058], [0.000577317667194, -0.00379524147138, 0.00203255773522, -0.00293102557771, 0.00260796444491, -0.0020830174908, 0.00413914071396, -0.00778064318001, 0.0137468911707, -0.00564080430195, 0.00102964614052, -0.00167525385041, -0.0013303917367], [-0.00167593394872, 0.00628716964275, -0.00365062477067, 0.00425147404894, -0.00605747662485, 0.00411990331486, -0.00304690748453, 0.00315063260496, -0.00564080430195, 0.0184178482741, -0.0112053630874, 0.00610830914229, -0.00127830542624], [0.00105366378557, -0.00592345139012, 0.0038380404003, -0.00590823451057, 0.0054314523004, -0.00271791615523, -0.000923372688703, 0.000526297779288, 0.00102964614052, -0.0112053630874, 0.0251048263162, -0.0119645036757, 0.000840968627017], [-0.00180865335278, 0.00501555483788, -0.00381068745628, 0.00457535684109, -0.00348456064239, 0.00434260629117, -0.00228227628395, -0.0010068503907, -0.00167525385041, 0.00610830914229, -0.0119645036757, 0.0218246188015, -0.00512332469225], [0.00130294845439, -0.00114900618792, 0.00268960813992, -0.00202259258367, 0.000457806949271, -0.00219590589404, 0.00214154855348, 0.000445102225058, -0.0013303917367, -0.00127830542624, 0.000840968627017, -0.00512332469225, 0.0134812919423]]
    },
    "melbands": {
        "dmean": [0.00126505363733, 0.000474339525681, 0.000337334116921, 0.000268697534921, 0.000339080579579, 0.000317331519909, 0.000156959024025, 6.33785311948e-05, 7.78761095717e-05, 0.000235601793975, 0.000179041569936, 9.6678500995e-05, 0.000101093275589, 6.29374044365e-05, 3.88800362998e-05, 5.37835112482e-05, 2.06166751013e-05, 4.48214195785e-05, 2.79944179056e-05, 4.35365582234e-05, 3.13495002047e-05, 3.40983388014e-05, 1.72197615029e-05, 1.78857571882e-05, 9.37195090955e-06, 4.79062919112e-06, 7.20930165699e-06, 3.80901701647e-06, 2.12964209823e-06, 2.04693719752e-06, 1.61230911999e-06, 1.3555923033e-06, 1.22053972973e-06, 9.95770392365e-07, 8.93562173587e-07, 7.60244233788e-07, 6.27786675977e-07, 6.04594845299e-07, 5.06126582422e-07, 5.200907367e-07],
        "dmean2": [0.0019055531593, 0.000752174644731, 0.000551088596694, 0.000453856046079, 0.000516263709869, 0.000484884076286, 0.000249074510066, 9.82717247098e-05, 0.000111789056973, 0.000325600092765, 0.000271505705314, 0.000142583143315, 0.000154329347424, 9.7252188425e-05, 6.12959411228e-05, 8.06594325695e-05, 3.091326289e-05, 7.22760087228e-05, 4.34691937699e-05, 6.36108234175e-05, 4.81061942992e-05, 5.27084957866e-05, 2.65944745479e-05, 2.8039663448e-05, 1.45702233567e-05, 7.59020531405e-06, 1.12991283459e-05, 6.23158121016e-06, 3.45125431522e-06, 3.30393345394e-06, 2.55378972724e-06, 2.15815771298e-06, 1.90899118024e-06, 1.60148056239e-06, 1.38438645081e-06, 1.22066342101e-06, 9.6453425158e-07, 8.96258484318e-07, 7.47367835174e-07, 7.45376667055e-07],
        "dvar": [6.01754936724e-06, 5.15415138125e-07, 3.88989008115e-07, 2.71672973895e-07, 3.79158933583e-07, 2.87097009277e-07, 2.30986017868e-07, 5.34004840347e-08, 4.91447345041e-08, 3.02902748217e-07, 2.13462740817e-07, 5.94206355231e-08, 4.01800051009e-08, 2.06244035184e-08, 2.44355486956e-08, 1.84806996373e-08, 3.01127300872e-09, 1.73632219713e-08, 6.48128217762e-09, 1.97837763949e-08, 8.69434302331e-09, 3.75834696698e-09, 1.00040586926e-09, 1.14010545449e-09, 2.49250065032e-10, 7.0649174011e-11, 1.45523468276e-10, 4.84562390213e-11, 1.48879259615e-11, 7.68516240229e-12, 4.97231119126e-12, 3.9730445496e-12, 3.66598244816e-12, 2.82641184762e-12, 3.07514040274e-12, 2.40825827162e-12, 2.18137552292e-12, 2.27854367318e-12, 1.57785752779e-12, 2.33251287209e-12],
        "dvar2": [1.30370035549e-05, 1.20971412798e-06, 1.03616605429e-06, 7.58280066293e-07, 9.31654483338e-07, 6.72426551773e-07, 5.75411092996e-07, 1.43011618547e-07, 1.15334749751e-07, 5.17937110089e-07, 5.00583439589e-07, 1.40843994245e-07, 8.55496296026e-08, 4.58212099375e-08, 6.90123016511e-08, 4.02037976244e-08, 6.90574619711e-09, 4.19695709297e-08, 1.55546882041e-08, 4.199231185e-08, 2.05436876399e-08, 8.08885314285e-09, 2.41138153889e-09, 2.76590528259e-09, 5.72866531989e-10, 1.52344373228e-10, 3.51911166874e-10, 1.24348198405e-10, 3.65298520599e-11, 1.98108855709e-11, 1.20543297566e-11, 9.89320778078e-12, 8.6695910867e-12, 7.08993627696e-12, 7.98334662266e-12, 5.85728644406e-12, 4.97217675019e-12, 4.8092701696e-12, 3.67017440744e-12, 5.04427359257e-12],
        "max": [0.0177069306374, 0.00891389511526, 0.00741302222013, 0.00577871734276, 0.00732853449881, 0.0063001094386, 0.00880453549325, 0.00601201411337, 0.00493836635724, 0.00871992856264, 0.00886741932482, 0.00429919408634, 0.0028082691133, 0.00264770863578, 0.0029428366106, 0.00236609624699, 0.000995954731479, 0.00167406653054, 0.00134154630359, 0.00198055291548, 0.0012849670602, 0.00108268775512, 0.0004708020424, 0.000378172437195, 0.000205379634281, 0.000199019836145, 0.000187911151443, 0.000161069285241, 8.37717961986e-05, 3.00414958474e-05, 2.2409552912e-05, 2.83765075437e-05, 2.7953494282e-05, 2.28575063375e-05, 2.10520920518e-05, 2.04775533348e-05, 2.35325096583e-05, 2.87993243546e-05, 2.18982404476e-05, 2.37961048697e-05],
        "mean": [0.00128357671201, 0.000918235396966, 0.00068028253736, 0.000542818917893, 0.00092357583344, 0.00067025993485, 0.000259712571278, 0.00013133660832, 0.000194229360204, 0.000561633845791, 0.000368340290152, 0.000202197319595, 0.000224432369578, 0.000126147700939, 5.87971699133e-05, 9.36237920541e-05, 3.76170282834e-05, 7.25797726773e-05, 4.30273321399e-05, 6.03429143666e-05, 5.49138094357e-05, 6.71492380206e-05, 3.27191373799e-05, 2.90131047223e-05, 1.53717610374e-05, 9.49348850554e-06, 1.35715827128e-05, 7.75339503889e-06, 4.79388336316e-06, 4.42187365479e-06, 3.59197929356e-06, 3.0895139389e-06, 2.86947965833e-06, 2.16497141992e-06, 1.93134178517e-06, 1.60477236477e-06, 1.23500126392e-06, 1.19135245313e-06, 9.32416526211e-07, 7.77657874096e-07],
        "median": [0.000315931276418, 0.000791009748355, 0.000379391742172, 0.000401904108003, 0.000414621201344, 0.000407885352615, 0.000113974878332, 5.49815995328e-05, 0.000104645572719, 0.000166154102772, 0.000208567857044, 0.00010476585885, 0.000112608664494, 5.90295348957e-05, 1.37609367812e-05, 2.29410889006e-05, 1.48074113895e-05, 1.94483764062e-05, 1.2324774616e-05, 1.57805152412e-05, 1.58217753778e-05, 3.30061811837e-05, 1.65078090504e-05, 1.26933673528e-05, 7.87166482041e-06, 6.26049040875e-06, 8.3901668404e-06, 5.14410794494e-06, 2.97657902593e-06, 3.2503219245e-06, 2.63632068709e-06, 2.05697119782e-06, 1.55873624408e-06, 1.10193252567e-06, 9.99611302177e-07, 7.87850297002e-07, 5.68507232401e-07, 5.53342772491e-07, 4.37197542169e-07, 2.2512256237e-07],
        "min": [1.14964541353e-06, 4.66163868396e-07, 2.74582561133e-07, 9.257549209e-06, 1.32823597596e-05, 3.4163035707e-06, 1.05832918962e-06, 4.98146107475e-07, 1.02834849258e-06, 1.13789178613e-06, 4.97331575389e-06, 9.14180418476e-07, 7.3119923627e-07, 1.6189036387e-06, 2.75566748087e-07, 3.27227979824e-07, 5.93509469127e-07, 1.05834442365e-06, 5.11544556048e-07, 7.08906839009e-07, 1.21673895137e-06, 1.05394190086e-06, 7.60110538067e-07, 3.61647124691e-07, 5.59674333545e-07, 2.6870773695e-07, 3.5351095562e-07, 4.5555577799e-07, 1.94771928363e-07, 9.90749100538e-08, 6.91771262495e-08, 4.96581691323e-08, 2.67506656826e-08, 2.94397004552e-08, 4.33717461945e-09, 2.94831847825e-09, 1.06877495742e-09, 1.89187931987e-09, 7.98324906182e-10, 2.1243466708e-10],
