{
"highlevel": {
    "danceability": {
        "all": {
            "danceable": 0.998396456242,
            "not_danceable": 0.00160355458502
        },
        "probability": 0.998396456242,
        "value": "danceable"
    },
    "gender": {
        "all": {
            "female": 0.203836083412,
            "male": 0.796163916588
        },
        "probability": 0.796163916588,
        "value": "male"
    },
    "genre_dortmund": {
        "all": {
            "alternative": 0.0884767994285,
            "blues": 0.133380368352,
            "electronic": 0.0900303423405,
            "folkcountry": 0.0653681978583,
            "funksoulrnb": 0.0789245590568,
            "jazz": 0.345859259367,
            "pop": 0.0447964929044,
            "raphiphop": 0.0749287307262,
            "rock": 0.0782352536917
        },
        "probability": 0.345859259367,
        "value": "jazz"
    },
    "genre_electronic": {
        "all": {
            "ambient": 0.892454326153,
            "dnb": 0.0306377187371,
            "house": 0.0480632856488,
            "techno": 0.00869866739959,
            "trance": 0.0201460178941
        },
        "probability": 0.892454326153,
        "value": "ambient"
    },
    "genre_rosamerica": {
        "all": {
            "cla": 0.0221567694098,
            "dan": 0.00904037151486,
            "hip": 0.0644466876984,
            "jaz": 0.0775898396969,
            "pop": 0.610900938511,
            "rhy": 0.183921307325,
            "roc": 0.0128362672403,
            "spe": 0.0191077943891
        },
        "probability": 0.610900938511,
        "value": "pop"
    },
    "genre_tzanetakis": {
        "all": {
            "blu": 0.0626613423228,
            "cla": 0.0348169617355,
            "cou": 0.104475811124,
            "dis": 0.0784321576357,
            "hip": 0.15692435205,
            "jaz": 0.313974827528,
            "met": 0.0448166541755,
            "pop": 0.0627359300852,
            "reg": 0.0627360641956,
            "roc": 0.0784258767962
        },
        "probability": 0.313974827528,
        "value": "jaz"
    },
    "ismir04_rhythm": {
        "all": {
            "ChaChaCha": 0.259775966406,
            "Jive": 0.0199386645108,
            "Quickstep": 0.085668541491,
            "Rumba-American": 0.11600972712,
            "Rumba-International": 0.111478306353,
            "Rumba-Misc": 0.0420362614095,
            "Samba": 0.104208655655,
            "Tango": 0.0744770765305,
            "VienneseWaltz": 0.115910366178,
            "Waltz": 0.0704964473844
        },
        "probability": 0.259775966406,
        "value": "ChaChaCha"
    },
    "mood_acoustic": {
        "all": {
            "acoustic": 0.650344729424,
            "not_acoustic": 0.349655240774
        },
        "probability": 0.650344729424,
        "value": "acoustic"
    },
    "mood_aggressive": {
        "all": {
            "aggressive": 0.0462084561586,
            "not_aggressive": 0.953791558743
        },
        "probability": 0.953791558743,
        "value": "not_aggressive"
    },
    "mood_electronic": {
        "all": {
            "electronic": 0.245771437883,
            "not_electronic": 0.754228532314
        },
        "probability": 0.754228532314,
        "value": "not_electronic"
    },
    "mood_happy": {
        "all": {
            "happy": 0.196507647634,
            "not_happy": 0.803492367268
        },
        "probability": 0.803492367268,
        "value": "not_happy"
    },
    "mood_party": {
        "all": {
            "not_party": 0.993598341942,
            "party": 0.00640165852383
        },
        "probability": 0.993598341942,
        "value": "not_party"
    },
    "mood_relaxed": {
        "all": {
            "not_relaxed": 0.021297942847,
            "relaxed": 0.978702068329
        },
        "probability": 0.978702068329,
        "value": "relaxed"
    },
    "mood_sad": {
        "all": {
            "not_sad": 0.150948092341,
            "sad": 0.849051892757
        },
        "probability": 0.849051892757,
        "value": "sad"
    },
    "moods_mirex": {
        "all": {
            "Cluster1": 0.0636406242847,
            "Cluster2": 0.170990526676,
            "Cluster3": 0.305753737688,
            "Cluster4": 0.109078392386,
            "Cluster5": 0.350536704063
        },
        "probability": 0.350536704063,
        "value": "Cluster5"
    },
    "timbre": {
        "all": {
            "bright": 0.903698563576,
            "dark": 0.0963014289737
        },
        "probability": 0.903698563576,
        "value": "bright"
    },
    "tonal_atonal": {
        "all": {
            "atonal": 0.467396914959,
            "tonal": 0.532603085041
        },
        "probability": 0.532603085041,
        "value": "tonal"
    },
    "voice_instrumental": {
        "all": {
            "instrumental": 0.172343477607,
            "voice": 0.827656507492
        },
        "probability": 0.827656507492,
        "value": "voice"
    }
},
"lowlevel": {
    "average_loudness": 0.845378696918,
    "barkbands_crest": {
        "dmean": 2.01309752464,
        "dmean2": 3.19043755531,
        "dvar": 5.26782083511,
        "dvar2": 12.4259653091,
        "max": 25.1506633759,
        "mean": 12.8483390808,
        "median": 11.3369874954,
        "min": 4.27373218536,
        "var": 24.1906051636
    },
    "barkbands_flatness_db": {
        "dmean": 0.0201502032578,
        "dmean2": 0.030130404979,
        "dvar": 0.000437795068137,
        "dvar2": 0.000866772781592,
        "max": 0.449259251356,
        "mean": 0.213227331638,
        "median": 0.205226361752,
        "min": 0.0776640176773,
        "var": 0.00330331386067
    },
    "barkbands_kurtosis": {
        "dmean": 1.93772673607,
        "dmean2": 2.98841547966,
        "dvar": 8.9256734848,
        "dvar2": 20.1699428558,
        "max": 52.9905128479,
        "mean": 4.34305953979,
        "median": 2.53372859955,
        "min": -1.8396846056,
        "var": 35.1448516846
    },
    "barkbands_skewness": {
        "dmean": 0.354808330536,
        "dmean2": 0.514369010925,
        "dvar": 0.161559164524,
        "dvar2": 0.353280335665,
        "max": 6.55596780777,
        "mean": 1.05004382133,
        "median": 0.907032966614,
        "min": -0.937249720097,
        "var": 1.02373385429
    },
    "barkbands_spread": {
        "dmean": 3.04747223854,
        "dmean2": 4.44059085846,
        "dvar": 30.449596405,
        "dvar2": 50.7927780151,
        "max": 99.909576416,
        "mean": 13.1109113693,
        "median": 11.2843351364,
        "min": 1.71128773689,
        "var": 102.351448059
    },
    "dissonance": {
        "dmean": 0.0361230261624,
        "dmean2": 0.060686390847,
        "dvar": 0.00103995506652,
        "dvar2": 0.0027943556197,
        "max": 0.499749869108,
        "mean": 0.410047382116,
        "median": 0.418862700462,
        "min": 0.196173384786,
        "var": 0.00315849971958
    },
    "dynamic_complexity": 2.82849597931,
    "erbbands_crest": {
        "dmean": 2.94811987877,
        "dmean2": 4.54895687103,
        "dvar": 8.41870689392,
        "dvar2": 17.929731369,
        "max": 33.3845901489,
        "mean": 15.593000412,
        "median": 14.392288208,
        "min": 4.00559663773,
        "var": 43.6655006409
    },
    "erbbands_flatness_db": {
        "dmean": 0.0191021673381,
        "dmean2": 0.0269644912332,
        "dvar": 0.000484326359583,
        "dvar2": 0.000942076032516,
        "max": 0.402948915958,
        "mean": 0.227305546403,
        "median": 0.229220464826,
        "min": 0.0827416181564,
        "var": 0.00303226127289
    },
    "erbbands_kurtosis": {
        "dmean": 2.07075810432,
        "dmean2": 3.04070401192,
        "dvar": 7.90994167328,
        "dvar2": 16.6998538971,
        "max": 52.8017501831,
        "mean": 4.86733818054,
        "median": 2.95199728012,
        "min": -1.70182561874,
        "var": 46.0841293335
    },
    "erbbands_skewness": {
        "dmean": 0.444996654987,
        "dmean2": 0.640453696251,
        "dvar": 0.183270812035,
        "dvar2": 0.357021033764,
        "max": 6.38346576691,
        "mean": 1.34581565857,
        "median": 1.14514827728,
        "min": -1.88347446918,
        "var": 1.43321323395
    },
    "erbbands_spread": {
        "dmean": 5.11611270905,
        "dmean2": 7.19889974594,
        "dvar": 60.5948257446,
        "dvar2": 125.526107788,
        "max": 110.261726379,
        "mean": 20.2282867432,
        "median": 14.7656068802,
        "min": 2.61069464684,
        "var": 245.772796631
    },
    "hfc": {
        "dmean": 5.46639680862,
        "dmean2": 7.94918107986,
        "dvar": 111.373474121,
        "dvar2": 268.293121338,
        "max": 154.660888672,
        "mean": 19.371679306,
        "median": 14.0008468628,
        "min": 1.22680592537,
        "var": 259.510864258
    },
    "melbands_crest": {
        "dmean": 2.36448669434,
        "dmean2": 3.66561317444,
        "dvar": 6.83059120178,
        "dvar2": 16.3560714722,
        "max": 37.188205719,
        "mean": 17.1453323364,
        "median": 16.3070430756,
        "min": 4.76935958862,
        "var": 42.7002716064
    },
    "melbands_flatness_db": {
        "dmean": 0.0224271062762,
        "dmean2": 0.0309355761856,
        "dvar": 0.000638969708234,
        "dvar2": 0.00115918274969,
        "max": 0.556016027927,
        "mean": 0.275675922632,
        "median": 0.262889415026,
        "min": 0.0872734859586,
        "var": 0.00556909525767
    },
    "melbands_kurtosis": {
        "dmean": 3.11259698868,
        "dmean2": 4.69619655609,
        "dvar": 44.099105835,
        "dvar2": 105.108528137,
        "max": 153.29675293,
        "mean": 6.91385555267,
        "median": 3.6151471138,
        "min": -1.41043233871,
        "var": 110.07901001
    },
    "melbands_skewness": {
        "dmean": 0.415891945362,
        "dmean2": 0.596463918686,
        "dvar": 0.266882151365,
        "dvar2": 0.586730837822,
        "max": 9.4095916748,
        "mean": 1.31557333469,
        "median": 1.04182577133,
        "min": -1.41169023514,
        "var": 1.82151079178
    },
    "melbands_spread": {
        "dmean": 3.38735222816,
        "dmean2": 4.92994689941,
        "dvar": 45.6197891235,
        "dvar2": 91.2680206299,
        "max": 161.975860596,
        "mean": 15.8396711349,
        "median": 14.7488002777,
        "min": 1.60342764854,
        "var": 114.164161682
    },
    "pitch_salience": {
        "dmean": 0.0555201843381,
        "dmean2": 0.0894493758678,
        "dvar": 0.00300438795239,
        "dvar2": 0.00755411619321,
        "max": 0.834944486618,
        "mean": 0.490478008986,
        "median": 0.494613587856,
        "min": 0.115494854748,
        "var": 0.0134706608951
    },
    "silence_rate_20dB": {
        "dmean": 0,
        "dmean2": 0,
        "dvar": 0,
        "dvar2": 0,
        "max": 1,
        "mean": 1,
        "median": 1,
        "min": 1,
        "var": 0
    },
    "silence_rate_30dB": {
        "dmean": 0.0170278642327,
        "dmean2": 0.0333075150847,
        "dvar": 0.0167379081249,
        "dvar2": 0.0399441495538,
        "max": 1,
        "mean": 0.97138440609,
        "median": 1,
        "min": 0,
        "var": 0.0277967192233
    },
    "silence_rate_60dB": {
        "dmean": 0,
        "dmean2": 0,
        "dvar": 0,
        "dvar2": 0,
        "max": 0,
        "mean": 0,
        "median": 0,
        "min": 0,
        "var": 0
    },
    "spectral_centroid": {
        "dmean": 117.199821472,
        "dmean2": 170.727523804,
        "dvar": 35073.859375,
        "dvar2": 73847.046875,
        "max": 3615.11376953,
        "mean": 839.269226074,
        "median": 810.405212402,
        "min": 299.788208008,
        "var": 116968.101562
    },
    "spectral_complexity": {
        "dmean": 2.11609911919,
        "dmean2": 3.2199845314,
        "dvar": 7.02058124542,
        "dvar2": 12.2025661469,
        "max": 54,
        "mean": 12.8321733475,
        "median": 13,
        "min": 3,
        "var": 22.5062618256
    },
    "spectral_decrease": {
        "dmean": 2.06190597929e-09,
        "dmean2": 3.18714921121e-09,
        "dvar": 1.99604802946e-17,
        "dvar2": 5.03811789043e-17,
        "max": -8.28146606846e-10,
        "mean": -8.89816664795e-09,
        "median": -6.87219170459e-09,
        "min": -7.14720727046e-08,
        "var": 5.62115614519e-17
    },
    "spectral_energy": {
        "dmean": 0.00820419937372,
        "dmean2": 0.0126686850563,
        "dvar": 0.00030285428511,
        "dvar2": 0.000761761446483,
        "max": 0.275225758553,
        "mean": 0.0353408046067,
        "median": 0.0273589547724,
        "min": 0.00326986564323,
        "var": 0.000852933328133
    },
    "spectral_energyband_high": {
        "dmean": 0.000195872722543,
        "dmean2": 0.000269576790743,
        "dvar": 3.56741367114e-07,
        "dvar2": 7.38712230941e-07,
        "max": 0.00884289760143,
        "mean": 0.00041957211215,
        "median": 0.000129723281134,
        "min": 2.00009271367e-08,
        "var": 6.56043539493e-07
    },
    "spectral_energyband_low": {
        "dmean": 0.0025960218627,
        "dmean2": 0.00417209928855,
        "dvar": 0.000203039642656,
        "dvar2": 0.000541065586731,
        "max": 0.23164562881,
        "mean": 0.0118016004562,
        "median": 0.00420200591907,
        "min": 4.09646148114e-08,
        "var": 0.000486521079438
    },
    "spectral_energyband_middle_high": {
        "dmean": 0.00188229419291,
        "dmean2": 0.00270844134502,
        "dvar": 2.23855840886e-05,
        "dvar2": 5.66396956856e-05,
        "max": 0.0658190697432,
        "mean": 0.00473515130579,
        "median": 0.00314462371171,
        "min": 3.10209616146e-05,
        "var": 3.30115290126e-05
    },
    "spectral_energyband_middle_low": {
        "dmean": 0.00557629298419,
        "dmean2": 0.00850717350841,
        "dvar": 7.35127250664e-05,
        "dvar2": 0.000184964563232,
        "max": 0.120161294937,
        "mean": 0.0189530905336,
        "median": 0.0151695525274,
        "min": 0.000761526636779,
        "var": 0.000218837987632
    },
    "spectral_entropy": {
        "dmean": 0.208413258195,
        "dmean2": 0.312120825052,
        "dvar": 0.0528654493392,
        "dvar2": 0.107136368752,
        "max": 8.48390960693,
        "mean": 6.78360795975,
        "median": 6.79426670074,
        "min": 5.23895931244,
        "var": 0.292448997498
    },
    "spectral_flux": {
        "dmean": 0.0279325768352,
        "dmean2": 0.0450859852135,
        "dvar": 0.00159629085101,
        "dvar2": 0.0033203791827,
        "max": 0.424061477184,
        "mean": 0.0660364478827,
        "median": 0.0489976145327,
        "min": 0.00943678431213,
        "var": 0.00295270746574
    },
    "spectral_kurtosis": {
        "dmean": 5.24809598923,
        "dmean2": 8.52179431915,
        "dvar": 104.265548706,
        "dvar2": 270.253326416,
        "max": 198.633544922,
        "mean": 12.7268209457,
        "median": 7.4174413681,
        "min": -1.39536726475,
        "var": 380.56741333
    },
    "spectral_rms": {
        "dmean": 0.000624001724645,
        "dmean2": 0.00093450571876,
        "dvar": 8.9697545036e-07,
        "dvar2": 2.03144145416e-06,
        "max": 0.0163863636553,
        "mean": 0.00547288218513,
        "median": 0.00516639743,
        "min": 0.00178608868737,
        "var": 4.5263618631e-06
    },
    "spectral_rolloff": {
        "dmean": 193.781799316,
        "dmean2": 340.427276611,
        "dvar": 422600.125,
        "dvar2": 889216.1875,
        "max": 9151.61132812,
        "mean": 879.682128906,
        "median": 732.12890625,
        "min": 64.599609375,
        "var": 697482.9375
    },
    "spectral_skewness": {
        "dmean": 0.432321637869,
        "dmean2": 0.670978307724,
        "dvar": 0.325883507729,
        "dvar2": 0.784166455269,
        "max": 11.3943796158,
        "mean": 2.51739048958,
        "median": 2.23124027252,
        "min": 0.0732899457216,
        "var": 1.67215788364
    },
    "spectral_spread": {
        "dmean": 575543.5,
        "dmean2": 804676.3125,
        "dvar": 741288640512,
        "dvar2": 1.12465661133e+12,
        "max": 19041804,
        "mean": 3897479,
        "median": 3759556.5,
        "min": 508795.96875,
        "var": 3.34910036378e+12
    },
    "spectral_strongpeak": {
        "dmean": 0.505542695522,
        "dmean2": 0.783169686794,
        "dvar": 0.611404955387,
        "dvar2": 1.27368378639,
        "max": 8.87294006348,
        "mean": 1.70704221725,
        "median": 0.914516806602,
        "min": 0,
        "var": 3.11517357826
    },
    "zerocrossingrate": {
        "dmean": 0.00581704732031,
        "dmean2": 0.00669523980469,
        "dvar": 0.000118257186841,
        "dvar2": 0.000119681404612,
        "max": 0.28564453125,
        "mean": 0.036266874522,
        "median": 0.033203125,
        "min": 0.001953125,
        "var": 0.000553893449251
    },
    "barkbands": {
        "dmean": [0.000420440919697, 0.00183223735075, 0.000888283015229, 0.000448099337518, 0.000956964271609, 0.00134070264176, 0.00110803067219, 0.0013548770221, 0.0025672679767, 0.000717039220035, 0.000457009708043, 0.000523034192156, 0.000663511862513, 0.000209425736102, 8.58438143041e-05, 6.28750276519e-05, 9.62295744102e-05, 5.59074251214e-05, 2.83769204543e-05, 3.25347900798e-05, 3.2679810829e-05, 5.28447089891e-05, 5.73836514377e-05, 5.12883270858e-05, 2.12715567613e-05, 9.62131070992e-06, 7.0021974885e-09],
        "dmean2": [0.000700140662957, 0.00288696191274, 0.0016663055867, 0.000837354105897, 0.00161091459449, 0.0022779845167, 0.00189735461026, 0.00190581323113, 0.00354459276423, 0.00105713203084, 0.00065575086046, 0.00078896782361, 0.00105091859587, 0.000325397093548, 0.000133969049784, 9.14304837352e-05, 0.000132999339257, 8.73650424182e-05, 4.40651128883e-05, 4.75713532069e-05, 4.69826154585e-05, 7.80146438046e-05, 8.62110973685e-05, 7.25063728169e-05, 3.07272493956e-05, 1.55753532454e-05, 8.75916583709e-09],
        "dvar": [7.64556534705e-06, 0.000115668277431, 6.59964935039e-05, 1.47384180309e-05, 4.34039247921e-06, 4.60254159407e-06, 1.00272773125e-05, 1.68764727277e-05, 2.71819899353e-05, 6.3145466811e-06, 8.30751787362e-07, 2.17948036152e-06, 5.23930202689e-06, 5.07701258812e-07, 6.50890683573e-08, 2.49966038979e-08, 3.02936697949e-08, 2.84833046038e-08, 7.33448057844e-09, 9.2526493134e-09, 1.19222800521e-08, 1.38962485963e-08, 2.6525118102e-08, 5.28770982555e-08, 5.3020303703e-09, 1.52857193569e-09, 3.05289105627e-14],
        "dvar2": [1.9672779672e-05, 0.000319501064951, 0.000192601626622, 4.30427026004e-05, 1.23276395243e-05, 1.24194611999e-05, 2.66127117357e-05, 3.30819020746e-05, 5.04795170855e-05, 1.14980775834e-05, 1.77651111244e-06, 4.77481944472e-06, 1.35768223117e-05, 1.25999088141e-06, 1.49863609522e-07, 5.44036424799e-08, 5.80793759752e-08, 7.52388729097e-08, 1.70811418343e-08, 2.07692654186e-08, 2.85377197429e-08, 3.33966276855e-08, 5.75375445067e-08, 9.98825555598e-08, 1.0001153683e-08, 3.91670029742e-09, 3.08574034922e-14],
        "max": [0.0628545358777, 0.191381067038, 0.127233624458, 0.0630803108215, 0.0265373308212, 0.0296114664525, 0.0418549589813, 0.0503293722868, 0.0657451525331, 0.0668920949101, 0.0151417190209, 0.0195113532245, 0.0284897889942, 0.00935093406588, 0.00472967792302, 0.00251508364454, 0.00236913282424, 0.00358940567821, 0.00152332871221, 0.00204328889959, 0.0025544273667, 0.00170033075847, 0.00315029895864, 0.00404608994722, 0.00107778003439, 0.000636231794488, 6.28797943136e-06],
        "mean": [0.00141922023613, 0.00935460627079, 0.000901213265024, 0.000421342469053, 0.00197394471616, 0.00301942508668, 0.00196712557226, 0.00267950096168, 0.00785364583135, 0.00172183313407, 0.00106058036909, 0.000872833654284, 0.000821153691504, 0.000260994158452, 0.000124652389786, 9.71018889686e-05, 0.000181513329153, 0.000100864119304, 5.33914026164e-05, 7.22004260751e-05, 6.18288613623e-05, 0.000103949707409, 0.00010324610048, 7.22901386325e-05, 3.15889556077e-05, 1.07636196844e-05, 6.55605836286e-09],
        "median": [0.00022348195489, 0.0032250455115, 0.000438455375843, 0.000181806564797, 0.000934845884331, 0.00173534709029, 0.000297200371278, 0.000248088210355, 0.00101967877708, 0.000553153047804, 0.000267258263193, 0.00016118658823, 0.00016247885651, 5.68417526665e-05, 3.87230902561e-05, 2.14368610614e-05, 6.36524855508e-05, 3.81904974347e-05, 2.22861835937e-05, 1.0616831787e-05, 1.69954073499e-05, 2.91512078547e-05, 2.31387803069e-05, 9.2333093562e-06, 5.20677258464e-06, 1.79266749001e-06, 4.70888938953e-10],
        "min": [2.08536826696e-10, 9.56043155753e-09, 1.80637229619e-08, 4.07563227611e-08, 8.68430902301e-07, 1.11925646706e-05, 2.63818265012e-07, 8.33340550344e-07, 6.5637541411e-06, 5.28058365035e-07, 1.86187628515e-06, 2.10972666537e-06, 7.68656093442e-07, 1.16968301711e-07, 1.5250667218e-07, 1.73560437133e-07, 7.11103325557e-07, 4.92454113044e-08, 5.55035590821e-08, 4.06656353036e-09, 2.92688917547e-09, 5.06357045182e-09, 3.2206184386e-09, 2.59237653566e-09, 4.78295625328e-10, 3.78816179814e-11, 1.48840939573e-11],
        "var": [1.60631152539e-05, 0.000299254927086, 3.58583492925e-05, 8.05816398497e-06, 6.92095181876e-06, 1.18075504361e-05, 2.216854773e-05, 4.27019149356e-05, 0.000188225792954, 2.63988567895e-05, 3.21258926306e-06, 4.99451107316e-06, 4.72726787848e-06, 5.25999951151e-07, 9.38478592616e-08, 4.58571420836e-08, 8.23328534238e-08, 3.37642092063e-08, 1.06701305569e-08, 2.49539962027e-08, 1.70753846618e-08, 3.09570040713e-08, 5.23253440576e-08, 7.76084121412e-08, 9.16935327666e-09, 1.45045053745e-09, 3.05750230364e-14]
    },
    "erbbands": {
        "dmean": [0.0824294835329, 0.355212569237, 0.868566393852, 1.51314735413, 1.76211440563, 3.48384261131, 7.65358734131, 12.7402057648, 13.4463195801, 15.8279924393, 36.2923851013, 74.0160217285, 25.7219753265, 16.2501335144, 19.8761405945, 24.826839447, 29.2380237579, 13.7916307449, 6.51248455048, 3.54865455627, 2.97736501694, 4.24455499649, 3.60899782181, 2.22398662567, 0.958520948887, 1.50125145912, 1.42389154434, 1.20310986042, 1.64553105831, 2.23422789574, 1.50876152515, 1.34217262268, 0.643663823605, 0.274071544409, 0.144040152431, 0.0627335757017, 0.0127186849713, 0.00111158902291, 2.541068352e-05, 1.04086411739e-05],
        "dmean2": [0.131037458777, 0.535920500755, 1.58805215359, 2.86001896858, 3.02159929276, 5.80122661591, 12.6104660034, 22.149307251, 23.6060581207, 24.5210494995, 51.4655418396, 100.64315033, 35.4564552307, 23.8269042969, 28.5677185059, 37.2095870972, 46.6814689636, 20.7609844208, 9.75200557709, 5.21188545227, 4.09300756454, 5.96566390991, 5.35451889038, 3.38804507256, 1.40792405605, 2.16610741615, 2.04032182693, 1.74480950832, 2.31818056107, 3.33652186394, 2.24392342567, 1.93147671223, 0.908460438251, 0.381773591042, 0.213463053107, 0.0993892475963, 0.0204515028745, 0.00193126767408, 4.15382928622e-05, 1.61714324349e-05],
        "dvar": [0.211389288306, 4.78457593918, 54.4532356262, 175.702896118, 58.2519454956, 50.0455551147, 300.454559326, 409.780578613, 1488.50756836, 1849.78149414, 10883.9111328, 21485.8398438, 7880.22460938, 1198.09533691, 1619.44177246, 5261.01416016, 10835.1699219, 2243.38574219, 310.291687012, 116.806938171, 36.6215286255, 69.1543807983, 89.508140564, 45.9108047485, 7.89801931381, 19.7335910797, 29.3503646851, 9.86174201965, 12.9396600723, 27.9106845856, 22.0795707703, 34.7682228088, 8.20399856567, 0.933078229427, 0.237847387791, 0.0561903715134, 0.00327541655861, 3.50521331711e-05, 1.26252013288e-08, 4.74635775127e-10],
        "dvar2": [0.586390256882, 12.4494934082, 155.477905273, 511.313659668, 164.368621826, 135.993499756, 788.997558594, 1164.90795898, 4133.45996094, 4271.19091797, 20929.1386719, 39468.8515625, 13581.2363281, 2471.73364258, 3417.76269531, 11477.0166016, 28593.4785156, 5594.78125, 690.309936523, 250.760650635, 75.7270584106, 133.679901123, 226.065673828, 114.257911682, 15.9347877502, 44.4764823914, 72.5832595825, 22.2889194489, 29.1801166534, 65.1282653809, 46.9410324097, 69.2212371826, 14.5642986298, 1.69567072392, 0.505832612514, 0.13494309783, 0.00870708189905, 9.85457445495e-05, 3.34126113444e-08, 1.19470522364e-09],
        "max": [6.6369509697, 40.6676673889, 115.95249176, 174.150894165, 132.113189697, 84.8843231201, 360.140991211, 317.952911377, 544.69921875, 562.539978027, 1219.46264648, 1870.58691406, 2759.37109375, 546.082885742, 696.874938965, 928.370178223, 1198.99975586, 683.873291016, 179.782196045, 240.582962036, 79.3671264648, 132.343429565, 198.850234985, 131.37651062, 57.7563247681, 94.4081192017, 137.463546753, 54.0351257324, 55.9882049561, 71.2657928467, 91.3459854126, 112.815826416, 55.3466300964, 16.7545833588, 6.29480981827, 3.09673070908, 1.22168409824, 0.0776663646102, 0.00160094117746, 0.000325249828165],
        "mean": [0.474853932858, 1.28387963772, 1.12302494049, 1.33701682091, 2.66793346405, 7.14368629456, 16.7504463196, 28.7473983765, 24.3097190857, 33.7376670837, 80.8275299072, 226.041351318, 77.81665802, 40.7810058594, 44.540927887, 42.698135376, 37.7802352905, 18.2018642426, 9.81889724731, 5.66486167908, 6.05393648148, 8.41750240326, 6.91881370544, 4.43509483337, 1.91640472412, 3.30944871902, 2.65250253677, 2.39799499512, 3.34947299957, 4.38314819336, 2.59480500221, 1.94025635719, 0.911726355553, 0.401221126318, 0.202613681555, 0.0751295238733, 0.0142592377961, 0.000958006537985, 4.06771250709e-05, 4.23995006713e-05],
        "median": [0.156665727496, 0.466043651104, 0.64508163929, 0.566087424755, 1.017614007, 3.20976471901, 8.76787185669, 14.7805967331, 6.55067825317, 6.78493881226, 17.4577960968, 34.9619865417, 23.6724872589, 16.864364624, 15.0474672318, 10.6259288788, 9.56017971039, 5.14119291306, 3.02734375, 1.42218196392, 1.82677352428, 3.44503378868, 3.20831775665, 1.96120429039, 0.868738114834, 0.513167917728, 0.644916951656, 0.725942075253, 0.96319693327, 1.03600811958, 0.578944444656, 0.219659924507, 0.13010583818, 0.0696506872773, 0.029030399397, 0.0115223992616, 0.00284775858745, 0.000150576088345, 2.29591278185e-05, 3.37976453011e-05],
        "min": [2.04430307349e-06, 1.26079185065e-05, 6.02398140472e-05, 0.000303082313621, 0.0015824571019, 0.0169611182064, 0.0727745369077, 0.372453123331, 0.0768143683672, 0.0588063374162, 0.259904712439, 0.947821259499, 0.121698997915, 0.0695861652493, 0.15071670711, 0.105927683413, 0.0747603848577, 0.0260400455445, 0.0153126083314, 0.00906088296324, 0.0199412945658, 0.0373781621456, 0.00856164935976, 0.00280411960557, 0.00248039979488, 0.000286141876131, 0.000170079292729, 0.000156792782946, 0.000171274456079, 0.000144534336869, 9.14788397495e-05, 5.34162209078e-05, 3.83359147236e-05, 1.67231755768e-05, 8.02548765932e-06, 4.57033002021e-06, 1.31827164296e-06, 2.32962747759e-07, 1.57178430982e-06, 3.68503242498e-06],
        "var": [0.726664960384, 8.21931171417, 32.1516151428, 96.5872497559, 42.9176139832, 95.1574249268, 569.356018066, 1188.56481934, 2518.32763672, 5127.96533203, 28008.7636719, 151287.234375, 45080.0195312, 3912.58325195, 5194.12158203, 11427.0058594, 9526.97851562, 2192.67504883, 462.410919189, 195.817214966, 104.54598999, 173.684295654, 126.140434265, 67.2139129639, 13.2298736572, 55.494102478, 38.3580665588, 18.9725437164, 32.1925010681, 67.1046524048, 37.8632926941, 49.077796936, 12.9574756622, 1.65030193329, 0.36856842041, 0.0620646178722, 0.00284811737947, 2.29557608691e-05, 9.94944215904e-09, 1.20690901717e-09]
    },
    "gfcc": {
        "mean": [-33.9609298706, 127.95740509, -112.8335495, 13.7203722, -69.2550354004, 22.8776798248, -22.6471843719, 15.6860971451, -8.97703075409, 0.12792442739, -5.05319356918, 11.3073530197, -3.14668226242],
        "cov": [[3791.84179688, -2117.28393555, -332.514770508, 469.509918213, -684.332092285, 605.533935547, -124.106506348, 139.931365967, -73.2970657349, 392.023620605, -226.481933594, 46.3734130859, -196.88092041], [-2117.28393555, 1961.11340332, 313.667633057, -414.493804932, 493.874328613, -502.865386963, 137.699920654, -186.03717041, 43.6890945435, -282.707946777, 218.882034302, 33.7146339417, 99.9807662964], [-332.514770508, 313.667633057, 762.236633301, 58.778717041, -58.1888427734, -80.7771377563, -213.302703857, -117.258552551, -74.4703979492, -20.0630741119, 25.8254165649, 144.867233276, 72.9988555908], [469.509918213, -414.493804932, 58.778717041, 392.266998291, -64.963432312, 88.0401382446, -67.7491531372, 37.9050445557, 21.123588562, 33.3203773499, -31.5734844208, -31.5561237335, 43.8401412964], [-684.332092285, 493.874328613, -58.1888427734, -64.963432312, 402.651367188, -114.777618408, 3.90859055519, 39.759727478, 57.646320343, -60.942035675, 48.1291160583, -22.4742012024, 25.8761825562], [605.533935547, -502.865386963, -80.7771377563, 88.0401382446, -114.777618408, 351.798065186, 93.5725402832, 81.6329650879, 18.4045619965, 58.1904945374, -30.102306366, -69.5195465088, -32.6612892151], [-124.106506348, 137.699920654, -213.302703857, -67.7491531372, 3.90859055519, 93.5725402832, 547.986083984, 93.6053771973, 26.0469379425, -63.7088394165, 32.7453765869, -118.330604553, -7.1812505722], [139.931365967, -186.03717041, -117.258552551, 37.9050445557, 39.759727478, 81.6329650879, 93.6053771973, 204.009750366, 34.3033676147, -8.18418598175, 15.9883356094, -61.0087547302, -22.7240791321], [-73.2970657349, 43.6890945435, -74.4703979492, 21.123588562, 57.646320343, 18.4045619965, 26.0469379425, 34.3033676147, 130.040298462, 3.17234015465, 9.78872585297, -37.0192871094, 12.1228761673], [392.023620605, -282.707946777, -20.0630741119, 33.3203773499, -60.942035675, 58.1904945374, -63.7088394165, -8.18418598175, 3.17234015465, 146.63319397, -33.0380935669, 11.2019500732, -18.4607906342], [-226.481933594, 218.882034302, 25.8254165649, -31.5734844208, 48.1291160583, -30.102306366, 32.7453765869, 15.9883356094, 9.78872585297, -33.0380935669, 153.488143921, -1.73043978214, 30.6537799835], [46.3734130859, 33.7146339417, 144.867233276, -31.5561237335, -22.4742012024, -69.5195465088, -118.330604553, -61.0087547302, -37.0192871094, 11.2019500732, -1.73043978214, 186.213348389, 24.5188674927], [-196.88092041, 99.9807662964, 72.9988555908, 43.8401412964, 25.8761825562, -32.6612892151, -7.1812505722, -22.7240791321, 12.1228761673, -18.4607906342, 30.6537799835, 24.5188674927, 138.672546387]],
        "icov": [[0.000973830581643, 2.33549017139e-05, 0.000557058723643, -0.000883992062882, 0.00098133366555, -0.000825153954793, 0.000139581621625, -0.000436717324192, 0.000420837866841, -0.00129236606881, 0.000189958635019, -0.00102134607732, 0.00083994527813], [2.33549017139e-05, 0.00475076586008, -0.0023600179702, 0.00296289147809, -0.0036796759814, 0.00342056830414, -0.00186581059825, 0.00388975813985, -0.00232291221619, 0.00388849200681, -0.00291565759107, 0.00166878441814, 1.68067526829e-05], [0.000557058723643, -0.0023600179702, 0.00337224407122, -0.00233103847131, 0.00257849530317, -0.00225847656839, 0.00147920718882, -0.00165815313812, 0.00204947288148, -0.0021493381355, 0.00113941088784, -0.00230959733017, -6.28286143183e-05], [-0.000883992062882, 0.00296289147809, -0.00233103847131, 0.00603427458555, -0.00271219504066, 0.00235402071849, -0.000639175879769, 0.00196889042854, -0.00226305122487, 0.00340063939802, -0.00128202931955, 0.00294779101387, -0.00230903783813], [0.00098133366555, -0.0036796759814, 0.00257849530317, -0.00271219504066, 0.00727125629783, -0.00244230194949, 0.0019420622848, -0.00436953408644, 0.000951776688453, -0.00352410459891, 0.00208050990477, -0.00189731945284, 0.00032204517629], [-0.000825153954793, 0.00342056830414, -0.00225847656839, 0.00235402071849, -0.00244230194949, 0.0074411612004, -0.00205395556986, 0.00189221056644, -0.00239769741893, 0.00254678190686, -0.00196764804423, 0.00293358345516, -0.000316054472933], [0.000139581621625, -0.00186581059825, 0.00147920718882, -0.000639175879769, 0.0019420622848, -0.00205395556986, 0.00342179671861, -0.00219120271504, 0.00104856165126, -0.000539560744073, 0.000886800582521, 0.000279103202047, -0.000470103143016], [-0.000436717324192, 0.00388975813985, -0.00165815313812, 0.00196889042854, -0.00436953408644, 0.00189221056644, -0.00219120271504, 0.0101723363623, -0.00268858484924, 0.0042642490007, -0.0034043577034, 0.00221910770051, 0.000803302915301], [0.000420837866841, -0.00232291221619, 0.00204947288148, -0.00226305122487, 0.000951776688453, -0.00239769741893, 0.00104856165126, -0.00268858484924, 0.0106632569805, -0.00320048979484, 0.0011997197289, -0.000227692959015, -0.000802950176876], [-0.00129236606881, 0.00388849200681, -0.0021493381355, 0.00340063939802, -0.00352410459891, 0.00254678190686, -0.000539560744073, 0.0042642490007, -0.00320048979484, 0.0136673273519, -0.00184538727626, 0.00203703320585, -0.000506753509399], [0.000189958635019, -0.00291565759107, 0.00113941088784, -0.00128202931955, 0.00208050990477, -0.00196764804423, 0.000886800582521, -0.0034043577034, 0.0011997197289, -0.00184538727626, 0.00942691136152, -0.00103193463292, -0.00143818324432], [-0.00102134607732, 0.00166878441814, -0.00230959733017, 0.00294779101387, -0.00189731945284, 0.00293358345516, 0.000279103202047, 0.00221910770051, -0.000227692959015, 0.00203703320585, -0.00103193463292, 0.00948908273131, -0.00210485327989], [0.00083994527813, 1.68067526829e-05, -6.28286143183e-05, -0.00230903783813, 0.00032204517629, -0.000316054472933, -0.000470103143016, 0.000803302915301, -0.000802950176876, -0.000506753509399, -0.00143818324432, -0.00210485327989, 0.00982025358826]]
    },
    "melbands": {
        "dmean": [0.000602570886258, 0.000437316368334, 0.000251766381552, 0.000194049396669, 0.000239649583818, 0.000271394790616, 0.000218181899982, 0.000185734577826, 0.000318434584187, 0.000444223027444, 0.000120228796732, 6.58447461319e-05, 6.35055475868e-05, 6.22201987426e-05, 6.59586949041e-05, 6.21682047495e-05, 2.22583894356e-05, 1.20049553516e-05, 5.31674277227e-06, 5.31670411874e-06, 3.72632371182e-06, 4.49667550129e-06, 5.51143602934e-06, 1.99783175958e-06, 1.97973395188e-06, 7.35851017453e-07, 9.55758196142e-07, 1.0829232906e-06, 9.32599789394e-07, 9.40688494211e-07, 6.76476815897e-07, 8.84249686806e-07, 1.37231086228e-06, 1.32674222186e-06, 9.16941928608e-07, 8.5296017005e-07, 8.78542550709e-07, 5.22395509961e-07, 2.96513292142e-07, 2.20390646177e-07],
        "dmean2": [0.000953381531872, 0.00071644509444, 0.000469185702968, 0.000322309380863, 0.000400065764552, 0.000468941783765, 0.000379809673177, 0.000280351843685, 0.000452428706922, 0.000604048022069, 0.000167472593603, 9.76263399934e-05, 9.21662649489e-05, 8.96417914191e-05, 0.000104632308648, 9.87024541246e-05, 3.29314243572e-05, 1.78842838068e-05, 8.39789754536e-06, 7.56122972234e-06, 5.10157224198e-06, 6.25623169981e-06, 8.15542807686e-06, 3.06640708914e-06, 3.05517482957e-06, 1.12101963623e-06, 1.39847725222e-06, 1.58157308761e-06, 1.34372453431e-06, 1.41169323342e-06, 1.01592195278e-06, 1.23351401271e-06, 2.09328823075e-06, 2.00474323719e-06, 1.38357609103e-06, 1.31160936689e-06, 1.27179328047e-06, 7.66220239257e-07, 4.11345865814e-07, 3.25723931383e-07],
        "dvar": [1.16423907457e-05, 9.42805763771e-06, 4.33201785199e-06, 2.53990833698e-07, 2.59749356246e-07, 1.88187527783e-07, 3.77093272164e-07, 2.28076856956e-07, 6.55761141388e-07, 8.05044123808e-07, 1.92156932144e-07, 2.12213180362e-08, 1.71676379779e-08, 2.01410070844e-08, 6.51189822065e-08, 4.41921272909e-08, 5.18293141738e-09, 1.1090262042e-09, 3.77871678392e-10, 2.21898929786e-10, 4.95295575387e-11, 9.08879707606e-11, 1.71663253057e-10, 2.75444562992e-11, 3.76161289617e-11, 5.02817926185e-12, 8.33959463986e-12, 9.34796857976e-12, 1.0964425548e-11, 1.08870820345e-11, 2.29486655373e-12, 3.89995110858e-12, 1.02111383585e-11, 1.0585545461e-11, 7.27597929823e-12, 9.74566868178e-12, 1.63079549864e-11, 5.53809168663e-12, 1.45797989567e-12, 5.62011645989e-13],
        "dvar2": [3.27506095346e-05, 2.49906006502e-05, 1.25211436171e-05, 7.07411061285e-07, 7.00860823599e-07, 5.31168325324e-07, 1.03008221686e-06, 5.0667205187e-07, 1.25295480302e-06, 1.45176068145e-06, 3.24538888208e-07, 4.31101874199e-08, 3.80937521527e-08, 3.75612110304e-08, 1.72493599848e-07, 1.1614552875e-07, 1.2404904659e-08, 2.36779040819e-09, 9.31441479501e-10, 4.45136399962e-10, 9.73236075064e-11, 1.5746752513e-10, 4.22630902497e-10, 6.68710017915e-11, 9.48663855804e-11, 1.03791090306e-11, 1.86912030992e-11, 2.05733034775e-11, 2.62855813504e-11, 2.73663886691e-11, 5.15404385837e-12, 8.44990136889e-12, 2.58613807452e-11, 2.42395877675e-11, 1.61882018207e-11, 2.00278335583e-11, 3.29577684588e-11, 1.00811269055e-11, 2.79710456186e-12, 1.06563770395e-12],
        "max": [0.0563765950501, 0.0457046031952, 0.0287010725588, 0.00723457243294, 0.0101849157363, 0.0062563046813, 0.00885076075792, 0.00727426912636, 0.00928446557373, 0.0127230389044, 0.0134976971895, 0.00242411997169, 0.00220073037781, 0.00255094561726, 0.00319499988109, 0.00281990994699, 0.00100351287983, 0.000367086526239, 0.000458271824755, 0.000266810238827, 0.000103176091216, 0.000194532083697, 0.000223274852033, 0.000111450346594, 0.000120390315715, 4.05810860684e-05, 5.95825003984e-05, 5.81743370276e-05, 8.43698944664e-05, 7.12249966455e-05, 2.30711048061e-05, 3.19933315041e-05, 4.17851370003e-05, 5.13828017574e-05, 4.95706990478e-05, 5.18030174135e-05, 7.68788231653e-05, 4.92044346174e-05, 2.04516381928e-05, 1.23593663375e-05],
        "mean": [0.0033116505947, 0.00091414898634, 0.000246505485848, 0.000356426811777, 0.000548694340978, 0.000602196902037, 0.000395160459448, 0.000388767162804, 0.000737655791454, 0.00137589813676, 0.000330160517478, 0.000152936700033, 0.000137917071697, 0.00012350853649, 8.35765313241e-05, 7.89519763202e-05, 2.82481869363e-05, 1.73462485691e-05, 7.48263164496e-06, 7.84959047451e-06, 7.47292779124e-06, 8.89189232112e-06, 9.38537868933e-06, 3.88876287616e-06, 3.69846407011e-06, 1.18935884075e-06, 1.90012133316e-06, 2.25668327403e-06, 1.69393240412e-06, 1.54577310241e-06, 1.28423607748e-06, 1.73025523509e-06, 2.37320773522e-06, 2.50805078394e-06, 1.49208256062e-06, 1.24964094539e-06, 1.18118566661e-06, 6.93105960181e-07, 4.08972567811e-07, 3.13611337788e-07],
        "median": [0.0010892417049, 0.000443179160357, 0.000110306318675, 0.000119589632959, 0.000310890580295, 0.000319420738379, 8.20028435555e-05, 7.35295761842e-05, 0.000116139934107, 0.000188476886251, 8.72298987815e-05, 4.61779090983e-05, 3.97944204451e-05, 2.85056430585e-05, 1.74210163095e-05, 1.60596100613e-05, 6.25288885203e-06, 4.52332915302e-06, 2.27431064559e-06, 1.73809019088e-06, 2.20838819587e-06, 3.1261974982e-06, 3.84523264074e-06, 1.72673867382e-06, 1.33535377245e-06, 4.55774227248e-07, 3.35146921771e-07, 3.0075051427e-07, 3.8545513803e-07, 3.42745579474e-07, 4.11757525853e-07, 4.82525592815e-07, 5.11990037921e-07, 5.35543904334e-07, 3.06166441533e-07, 1.59927751042e-07, 1.03352306269e-07, 7.99563721898e-08, 5.74256091568e-08, 4.80724793306e-08],
        "min": [3.48073769807e-09, 7.83944820171e-09, 2.57483439015e-08, 1.32180574042e-07, 2.78815741694e-06, 2.61531613432e-06, 1.44536784319e-07, 1.2741773503e-07, 1.05243645976e-06, 1.99470741791e-06, 3.32211698151e-07, 1.73041996732e-07, 3.49704578184e-07, 2.11592094956e-07, 1.01853345313e-07, 5.85891619664e-08, 1.43320866286e-08, 2.02158965124e-08, 1.08332862681e-08, 1.11878648568e-08, 2.36957600208e-08, 4.71260470647e-08, 1.00839372408e-08, 2.25066387749e-09, 2.13738515775e-09, 1.72373715301e-09, 1.84192452957e-10, 9.82023282137e-11, 9.0464732927e-11, 5.72245098529e-11, 2.82776805444e-11, 7.24157123155e-11, 7.22572487954e-11, 7.97302848743e-11, 5.20141360538e-11, 4.8573285151e-12, 9.48344484539e-13, 1.06034373989e-11, 7.34074433184e-12, 2.7671794977e-12],
