{
"highlevel": {
    "danceability": {
        "all": {
            "danceable": 0.966834962368,
            "not_danceable": 0.0331650525331
        },
        "probability": 0.966834962368,
        "value": "danceable"
    },
    "gender": {
        "all": {
            "female": 0.489474266768,
            "male": 0.510525763035
        },
        "probability": 0.510525763035,
        "value": "male"
    },
    "genre_dortmund": {
        "all": {
            "alternative": 0.071994908154,
            "blues": 0.0356771312654,
            "electronic": 0.0107141193002,
            "folkcountry": 0.211295083165,
            "funksoulrnb": 0.00559225631878,
            "jazz": 0.0163379441947,
            "pop": 0.0393780320883,
            "raphiphop": 0.00294460076839,
            "rock": 0.606065928936
        },
        "probability": 0.606065928936,
        "value": "rock"
    },
    "genre_electronic": {
        "all": {
            "ambient": 0.357752621174,
            "dnb": 0.385701835155,
            "house": 0.0677377134562,
            "techno": 0.014638335444,
            "trance": 0.174169480801
        },
        "probability": 0.385701835155,
        "value": "dnb"
    },
    "genre_rosamerica": {
        "all": {
            "cla": 0.00435543525964,
            "dan": 0.0330953337252,
            "hip": 0.0143658407032,
            "jaz": 0.0181305166334,
            "pop": 0.475793927908,
            "rhy": 0.113183118403,
            "roc": 0.33763474226,
            "spe": 0.00344107905403
        },
        "probability": 0.475793927908,
        "value": "pop"
    },
    "genre_tzanetakis": {
        "all": {
            "blu": 0.0626541376114,
            "cla": 0.0348133966327,
            "cou": 0.0783501937985,
            "dis": 0.104547761381,
            "hip": 0.15693578124,
            "jaz": 0.313987255096,
            "met": 0.044816005975,
            "pop": 0.0627349764109,
            "reg": 0.0627352520823,
            "roc": 0.0784252434969
        },
        "probability": 0.313987255096,
        "value": "jaz"
    },
    "ismir04_rhythm": {
        "all": {
            "ChaChaCha": 0.162961170077,
            "Jive": 0.297609806061,
            "Quickstep": 0.138420626521,
            "Rumba-American": 0.0250079836696,
            "Rumba-International": 0.0727214217186,
            "Rumba-Misc": 0.0103013236076,
            "Samba": 0.155038014054,
            "Tango": 0.0484134405851,
            "VienneseWaltz": 0.0805620104074,
            "Waltz": 0.00896421540529
        },
        "probability": 0.297609806061,
        "value": "Jive"
    },
    "mood_acoustic": {
        "all": {
            "acoustic": 0.16077169776,
            "not_acoustic": 0.839228332043
        },
        "probability": 0.839228332043,
        "value": "not_acoustic"
    },
    "mood_aggressive": {
        "all": {
            "aggressive": 0.187832862139,
            "not_aggressive": 0.812167167664
        },
        "probability": 0.812167167664,
        "value": "not_aggressive"
    },
    "mood_electronic": {
        "all": {
            "electronic": 0.107927136123,
            "not_electronic": 0.892072856426
        },
        "probability": 0.892072856426,
        "value": "not_electronic"
    },
    "mood_happy": {
        "all": {
            "happy": 0.812063157558,
            "not_happy": 0.187936842442
        },
        "probability": 0.812063157558,
        "value": "happy"
    },
    "mood_party": {
        "all": {
            "not_party": 0.607008576393,
            "party": 0.392991423607
        },
        "probability": 0.607008576393,
        "value": "not_party"
    },
    "mood_relaxed": {
        "all": {
            "not_relaxed": 0.800318300724,
            "relaxed": 0.199681729078
        },
        "probability": 0.800318300724,
        "value": "not_relaxed"
    },
    "mood_sad": {
        "all": {
            "not_sad": 0.839516699314,
            "sad": 0.160483270884
        },
        "probability": 0.839516699314,
        "value": "not_sad"
    },
    "moods_mirex": {
        "all": {
            "Cluster1": 0.337632894516,
            "Cluster2": 0.251071810722,
            "Cluster3": 0.112227745354,
            "Cluster4": 0.226906582713,
            "Cluster5": 0.0721609666944
        },
        "probability": 0.337632894516,
        "value": "Cluster1"
    },
    "timbre": {
        "all": {
            "bright": 0.999992311001,
            "dark": 7.68290192354e-06
        },
        "probability": 0.999992311001,
        "value": "bright"
    },
    "tonal_atonal": {
        "all": {
            "atonal": 0.000214891697397,
            "tonal": 0.999785125256
        },
        "probability": 0.999785125256,
        "value": "tonal"
    },
    "voice_instrumental": {
        "all": {
            "instrumental": 0.0143091641366,
            "voice": 0.985690832138
        },
        "probability": 0.985690832138,
        "value": "voice"
    }
},
"lowlevel": {
    "average_loudness": 0.979567945004,
    "barkbands_crest": {
        "dmean": 2.81564998627,
        "dmean2": 4.53128910065,
        "dvar": 6.1958489418,
        "dvar2": 15.0938835144,
        "max": 23.9991130829,
        "mean": 9.34603977203,
        "median": 8.68472290039,
        "min": 2.44137477875,
        "var": 14.123090744
    },
    "barkbands_flatness_db": {
        "dmean": 0.0208897907287,
        "dmean2": 0.0316721238196,
        "dvar": 0.000342672283296,
        "dvar2": 0.000800533394795,
        "max": 0.286192685366,
        "mean": 0.129123806953,
        "median": 0.12257245183,
        "min": 0.0488863252103,
        "var": 0.00129906064831
    },
    "barkbands_kurtosis": {
        "dmean": 2.58460998535,
        "dmean2": 3.97270345688,
        "dvar": 16.0845851898,
        "dvar2": 34.9191207886,
        "max": 69.5014190674,
        "mean": 3.45512866974,
        "median": 1.88403511047,
        "min": -1.8318195343,
        "var": 31.520778656
    },
    "barkbands_skewness": {
        "dmean": 0.53932505846,
        "dmean2": 0.826414048672,
        "dvar": 0.281634807587,
        "dvar2": 0.619778811932,
        "max": 7.15554237366,
        "mean": 1.54909074306,
        "median": 1.48095178604,
        "min": -1.10106110573,
        "var": 0.922891974449
    },
    "barkbands_spread": {
        "dmean": 7.53858089447,
        "dmean2": 11.4733057022,
        "dvar": 67.3228530884,
        "dvar2": 141.885238647,
        "max": 92.7920837402,
        "mean": 27.4254302979,
        "median": 25.3369846344,
        "min": 2.48195815086,
        "var": 211.543365479
    },
    "dissonance": {
        "dmean": 0.0197772160172,
        "dmean2": 0.0335453003645,
        "dvar": 0.000440735690063,
        "dvar2": 0.00117928313557,
        "max": 0.499999791384,
        "mean": 0.465100675821,
        "median": 0.473046422005,
        "min": 0.299673318863,
        "var": 0.000811712292489
    },
    "dynamic_complexity": 2.44471263885,
    "erbbands_crest": {
        "dmean": 2.91844820976,
        "dmean2": 4.73074483871,
        "dvar": 7.98838710785,
        "dvar2": 19.9578170776,
        "max": 31.539806366,
        "mean": 8.89392280579,
        "median": 7.61605501175,
        "min": 2.21868252754,
        "var": 23.2126407623
    },
    "erbbands_flatness_db": {
        "dmean": 0.0189559292048,
        "dmean2": 0.0266325492412,
        "dvar": 0.000266918999841,
        "dvar2": 0.00056698510889,
        "max": 0.268945813179,
        "mean": 0.125786080956,
        "median": 0.120868898928,
        "min": 0.052711866796,
        "var": 0.00145368964877
    },
    "erbbands_kurtosis": {
        "dmean": 0.983633339405,
        "dmean2": 1.5578763485,
        "dvar": 2.28851652145,
        "dvar2": 5.48600149155,
        "max": 22.2501163483,
        "mean": 0.60995298624,
        "median": -0.0972578525543,
        "min": -1.5481197834,
        "var": 5.04505491257
    },
    "erbbands_skewness": {
        "dmean": 0.387024849653,
        "dmean2": 0.590993463993,
        "dvar": 0.12536123395,
        "dvar2": 0.301077932119,
        "max": 4.31938362122,
        "mean": 0.427129298449,
        "median": 0.369790405035,
        "min": -1.33010828495,
        "var": 0.58200442791
    },
    "erbbands_spread": {
        "dmean": 10.3550205231,
        "dmean2": 15.1720275879,
        "dvar": 91.3391036987,
        "dvar2": 196.923522949,
        "max": 115.332077026,
        "mean": 45.8743515015,
        "median": 43.2284698486,
        "min": 6.67459630966,
        "var": 444.496429443
    },
    "hfc": {
        "dmean": 9.82168960571,
        "dmean2": 13.3713388443,
        "dvar": 141.177154541,
        "dvar2": 251.201049805,
        "max": 135.709960938,
        "mean": 26.4743747711,
        "median": 21.9385166168,
        "min": 0.409434497356,
        "var": 409.941711426
    },
    "melbands_crest": {
        "dmean": 3.2893614769,
        "dmean2": 5.20505714417,
        "dvar": 8.46199512482,
        "dvar2": 21.8087081909,
        "max": 30.7284641266,
        "mean": 13.2564964294,
        "median": 12.7959489822,
        "min": 4.22484302521,
        "var": 18.3425788879
    },
    "melbands_flatness_db": {
        "dmean": 0.0266605559736,
        "dmean2": 0.0390782654285,
        "dvar": 0.000648160348646,
        "dvar2": 0.00139748572838,
        "max": 0.381189495325,
        "mean": 0.176355004311,
        "median": 0.171489611268,
        "min": 0.0473342314363,
        "var": 0.00264223758131
    },
    "melbands_kurtosis": {
        "dmean": 6.93154096603,
        "dmean2": 10.7267541885,
        "dvar": 107.854370117,
        "dvar2": 242.791702271,
        "max": 161.143096924,
        "mean": 13.082742691,
        "median": 9.38317203522,
        "min": -1.17393696308,
        "var": 209.038574219
    },
    "melbands_skewness": {
        "dmean": 0.768673539162,
        "dmean2": 1.15259945393,
        "dvar": 0.572342932224,
        "dvar2": 1.27439975739,
        "max": 9.99842643738,
        "mean": 2.70490956306,
        "median": 2.64739632607,
        "min": -0.507998287678,
        "var": 2.08372116089
    },
    "melbands_spread": {
        "dmean": 7.72831773758,
        "dmean2": 12.2131662369,
        "dvar": 85.723739624,
        "dvar2": 195.795898438,
        "max": 127.255355835,
        "mean": 24.3043289185,
        "median": 21.1643028259,
        "min": 1.67852294445,
        "var": 227.297073364
    },
    "pitch_salience": {
        "dmean": 0.0724135488272,
        "dmean2": 0.116984054446,
        "dvar": 0.00399951683357,
        "dvar2": 0.0104507943615,
        "max": 0.814872026443,
        "mean": 0.551938414574,
        "median": 0.555260121822,
        "min": 0.177878260612,
        "var": 0.00849861931056
    },
    "silence_rate_20dB": {
        "dmean": 0,
        "dmean2": 0,
        "dvar": 0,
        "dvar2": 0,
        "max": 1,
        "mean": 1,
        "median": 1,
        "min": 1,
        "var": 0
    },
    "silence_rate_30dB": {
        "dmean": 0,
        "dmean2": 0,
        "dvar": 0,
        "dvar2": 0,
        "max": 1,
        "mean": 1,
        "median": 1,
        "min": 1,
        "var": 0
    },
    "silence_rate_60dB": {
        "dmean": 0.0201238393784,
        "dmean2": 0.0402788519859,
        "dvar": 0.0197188034654,
        "dvar2": 0.0433039292693,
        "max": 1,
        "mean": 0.0232018567622,
        "median": 0,
        "min": 0,
        "var": 0.0226631574333
    },
    "spectral_centroid": {
        "dmean": 259.284698486,
        "dmean2": 405.38583374,
        "dvar": 73538.609375,
        "dvar2": 168699.359375,
        "max": 3371.33984375,
        "mean": 1271.2824707,
        "median": 1207.8236084,
        "min": 312.305725098,
        "var": 270242.125
    },
    "spectral_complexity": {
        "dmean": 4.85371494293,
        "dmean2": 7.02013921738,
        "dvar": 29.3076591492,
        "dvar2": 54.518535614,
        "max": 49,
        "mean": 19.9922657013,
        "median": 19,
        "min": 2,
        "var": 77.2821502686
    },
    "spectral_decrease": {
        "dmean": 3.07136960309e-09,
        "dmean2": 4.6456434255e-09,
        "dvar": 1.55099607402e-17,
        "dvar2": 3.42760484785e-17,
        "max": -1.4964099404e-10,
        "mean": -7.16888992613e-09,
        "median": -5.91353632728e-09,
        "min": -2.95532700534e-08,
        "var": 2.55052357223e-17
    },
    "spectral_energy": {
        "dmean": 0.0122582418844,
        "dmean2": 0.0183071158826,
        "dvar": 0.000239216649788,
        "dvar2": 0.000521060195751,
        "max": 0.117583848536,
        "mean": 0.0294583290815,
        "median": 0.0246243663132,
        "min": 0.000772043364123,
        "var": 0.000414593960159
    },
    "spectral_energyband_high": {
        "dmean": 0.000687829800881,
        "dmean2": 0.000896816083696,
        "dvar": 1.23990594147e-06,
        "dvar2": 2.40291115006e-06,
        "max": 0.0151735348627,
        "mean": 0.00136885396205,
        "median": 0.000815618201159,
        "min": 2.18048398892e-06,
        "var": 2.51592382483e-06
    },
    "spectral_energyband_low": {
        "dmean": 0.00499963620678,
        "dmean2": 0.00755095016211,
        "dvar": 7.84073126852e-05,
        "dvar2": 0.000155320201884,
        "max": 0.0724040940404,
        "mean": 0.00905436649919,
        "median": 0.00528437877074,
        "min": 1.25142887555e-05,
        "var": 0.00011702341726
    },
    "spectral_energyband_middle_high": {
        "dmean": 0.00214298511855,
        "dmean2": 0.00340333720669,
        "dvar": 7.94465358922e-06,
        "dvar2": 1.93838877749e-05,
        "max": 0.0280118100345,
        "mean": 0.00503813801333,
        "median": 0.00339128798805,
        "min": 4.22856719524e-05,
        "var": 2.14677584154e-05
    },
    "spectral_energyband_middle_low": {
        "dmean": 0.00859975628555,
        "dmean2": 0.0135732265189,
        "dvar": 0.000159844683367,
        "dvar2": 0.00040151225403,
        "max": 0.0973967313766,
        "mean": 0.0152073837817,
        "median": 0.0107325371355,
        "min": 7.46740552131e-05,
        "var": 0.000203200572287
    },
    "spectral_entropy": {
        "dmean": 0.167312473059,
        "dmean2": 0.237173095345,
        "dvar": 0.0246680416167,
        "dvar2": 0.0486030355096,
        "max": 8.63143920898,
        "mean": 7.74516916275,
        "median": 7.76360702515,
        "min": 6.42341041565,
        "var": 0.118257597089
    },
    "spectral_flux": {
        "dmean": 0.0328796431422,
        "dmean2": 0.0488432012498,
        "dvar": 0.0012556820875,
        "dvar2": 0.00250028283335,
        "max": 0.292205184698,
        "mean": 0.0963041186333,
        "median": 0.0846439376473,
        "min": 0.0120354173705,
        "var": 0.00278828036971
    },
    "spectral_kurtosis": {
        "dmean": 1.05627524853,
        "dmean2": 1.61858654022,
        "dvar": 1.40274918079,
        "dvar2": 3.36917209625,
        "max": 15.2273292542,
        "mean": 3.31471943855,
        "median": 3.05838441849,
        "min": -0.705610752106,
        "var": 4.05927562714
    },
    "spectral_rms": {
        "dmean": 0.00105057016481,
        "dmean2": 0.00151010765694,
        "dvar": 1.38942766625e-06,
        "dvar2": 2.7619089451e-06,
        "max": 0.0107105532661,
        "mean": 0.00504483049735,
        "median": 0.00490140495822,
        "min": 0.000867878494319,
        "var": 3.28954092765e-06
    },
    "spectral_rolloff": {
        "dmean": 685.346557617,
        "dmean2": 1138.52441406,
        "dvar": 1339126.25,
        "dvar2": 2858490.25,
        "max": 9582.27539062,
        "mean": 1593.54223633,
        "median": 1162.79296875,
        "min": 86.1328125,
        "var": 2250514.75
    },
    "spectral_skewness": {
        "dmean": 0.187785491347,
        "dmean2": 0.27772846818,
        "dvar": 0.0355093590915,
        "dvar2": 0.0770556256175,
        "max": 3.24154114723,
        "mean": 1.53676462173,
        "median": 1.52346158028,
        "min": 0.365496695042,
        "var": 0.143955677748
    },
    "spectral_spread": {
        "dmean": 803775.5625,
        "dmean2": 1127396.25,
        "dvar": 620019515392,
        "dvar2": 1.35184764109e+12,
        "max": 12400403,
        "mean": 5903022,
        "median": 5740404,
        "min": 2312169.5,
        "var": 2.49546329293e+12
    },
    "spectral_strongpeak": {
        "dmean": 0.642126142979,
        "dmean2": 1.10461878777,
        "dvar": 0.997804820538,
        "dvar2": 2.54429316521,
        "max": 10.2748394012,
        "mean": 0.958543658257,
        "median": 0.432633638382,
        "min": 0.021357819438,
        "var": 1.42992734909
    },
    "zerocrossingrate": {
        "dmean": 0.0143222864717,
        "dmean2": 0.015979392454,
        "dvar": 0.0001984226692,
        "dvar2": 0.00026387438993,
        "max": 0.2294921875,
        "mean": 0.0766155943274,
        "median": 0.0703125,
        "min": 0.0146484375,
        "var": 0.00130428839475
    },
    "barkbands": {
        "dmean": [8.38562991703e-05, 0.00342126959004, 0.00242380867712, 0.00182052142918, 0.00321317231283, 0.00184259505477, 0.000957888143603, 0.00168587034568, 0.00163900072221, 0.000430732005043, 0.000319256796502, 0.000354427378625, 0.000391516339732, 0.000442698976258, 0.000467771198601, 0.00042860256508, 0.000246860581683, 0.000224533170694, 0.000142303280882, 0.000100447745353, 8.66830960149e-05, 0.00013826994109, 0.00014962341811, 0.000182596966624, 0.000120194250485, 0.000103656893771, 3.83745168975e-09],
        "dmean2": [0.000129262305563, 0.00498367380351, 0.00428397022188, 0.00307599292137, 0.0052264528349, 0.00303292507306, 0.00155250681564, 0.00276455515996, 0.00262337271124, 0.000681582663674, 0.000527844764292, 0.000598410551902, 0.000649069435894, 0.000728179700673, 0.000780713919085, 0.000679087534081, 0.000402641366236, 0.000364156410797, 0.000230611738516, 0.000157875081641, 0.0001245126914, 0.000197238274268, 0.000220484755118, 0.000267124414677, 0.000171769614099, 0.000141575044836, 4.84301931891e-09],
        "dvar": [3.21899413791e-08, 4.24658574047e-05, 2.63553247351e-05, 9.67372943705e-06, 4.71944658784e-05, 1.48412955241e-05, 4.16275452153e-06, 1.50884798131e-05, 1.73359130713e-05, 6.80051812196e-07, 4.31826009617e-07, 7.13735516911e-07, 8.07913977496e-07, 1.17061824767e-06, 1.06264269562e-06, 6.41356109554e-07, 2.14817987398e-07, 1.37997332672e-07, 3.97677837327e-08, 2.42886528667e-08, 1.89519493432e-08, 5.69363152181e-08, 6.68547670557e-08, 1.23402571717e-07, 5.06841075776e-08, 2.78299783218e-08, 5.21368006683e-15],
        "dvar2": [6.93751189829e-08, 8.396278281e-05, 7.42351621739e-05, 2.61332261289e-05, 0.000122729077702, 3.82667967642e-05, 1.00219567685e-05, 3.96527248085e-05, 4.34880894318e-05, 1.56237547344e-06, 1.00686054338e-06, 1.78517564109e-06, 2.30365390053e-06, 2.91132164421e-06, 3.04054174194e-06, 1.5477511397e-06, 5.85621478422e-07, 3.47514230725e-07, 1.01023047705e-07, 5.85721693369e-08, 3.98261761347e-08, 1.28090178464e-07, 1.482679437e-07, 2.69380336704e-07, 1.22116503576e-07, 5.14768245807e-08, 5.21269793213e-15],
        "max": [0.00140026933514, 0.0551790259778, 0.0389273017645, 0.0255117956549, 0.0549789778888, 0.0463769137859, 0.0253990218043, 0.0487085841596, 0.0682097524405, 0.0147653454915, 0.0154790971428, 0.0158688984811, 0.0148647231981, 0.013435408473, 0.0192876961082, 0.0157852433622, 0.00761065911502, 0.00519271520898, 0.00248449807987, 0.00171065353788, 0.00176227651536, 0.00297898170538, 0.00367715605535, 0.00572920870036, 0.00347689259797, 0.00156810251065, 2.37504832512e-06],
        "mean": [8.24584203656e-05, 0.00483079627156, 0.0030610433314, 0.00239062053151, 0.00422440795228, 0.0024450593628, 0.00115039525554, 0.00228531868197, 0.0023361351341, 0.000725864607375, 0.000475020060549, 0.000516883737873, 0.000526120769791, 0.00057961983839, 0.000627821660601, 0.000683928083163, 0.00043751829071, 0.000375923351385, 0.000258076906903, 0.000166185738635, 0.00014352571452, 0.00023954876815, 0.000245745090069, 0.000292469660053, 0.00019881137996, 0.000159051793162, 3.59286289608e-09],
        "median": [1.38667292049e-05, 0.0022731362842, 0.00175851373933, 0.00141480565071, 0.00187194510363, 0.000832827121485, 0.000437278067693, 0.000636375683825, 0.0004890798009, 0.000410166074289, 0.000203689269256, 0.000163247721503, 0.000202478244319, 0.000165726640262, 0.000242859838181, 0.000220777190407, 0.000174309985596, 0.00019595969934, 0.000168998463778, 9.92632267298e-05, 7.9119723523e-05, 0.000114189271699, 0.000121579483675, 0.000137286493555, 0.000102443242213, 6.5715808887e-05, 3.35002858787e-10],
        "min": [1.28740857974e-08, 1.46120464706e-06, 2.52260906564e-06, 7.18897354091e-07, 8.71333304531e-06, 7.35810317565e-06, 4.96011580253e-06, 3.93821619582e-06, 5.34522087037e-06, 3.16686418955e-06, 3.81808263228e-07, 1.16834769415e-06, 1.22639164601e-06, 1.88433500625e-06, 2.30307614402e-06, 2.28248177336e-06, 1.4636201513e-06, 5.58681108487e-07, 7.53587301006e-07, 4.47711926199e-07, 5.90234890296e-07, 4.04767320106e-07, 3.14363006737e-07, 1.06691295798e-07, 1.49616113276e-07, 5.6545435001e-09, 1.25120452193e-11],
        "var": [3.47927944233e-08, 5.58214196644e-05, 1.99484420591e-05, 8.76904778124e-06, 4.57327550976e-05, 1.98747584363e-05, 5.41504596185e-06, 2.07829398278e-05, 3.65767446056e-05, 1.26575025661e-06, 9.42161818784e-07, 1.68134727119e-06, 1.08571703095e-06, 1.74522756424e-06, 1.26458519389e-06, 1.64607627084e-06, 5.72412943711e-07, 2.69800949582e-07, 8.02015165391e-08, 3.71479487171e-08, 3.24628821602e-08, 1.00832998839e-07, 1.12716605827e-07, 1.91383620063e-07, 7.7704342516e-08, 5.62944890703e-08, 5.22064479524e-15]
    },
    "erbbands": {
        "dmean": [0.114999130368, 0.752300143242, 2.24075984955, 4.67721796036, 11.4897003174, 8.1695356369, 14.6765155792, 13.7367124557, 7.80031490326, 30.130197525, 32.2298583984, 38.858745575, 22.2902297974, 10.7505807877, 13.5420417786, 14.4080667496, 15.8889789581, 20.9415092468, 21.9460830688, 27.1937198639, 18.6037311554, 11.9349184036, 13.1734714508, 7.25672578812, 6.5578455925, 5.06040763855, 3.68001246452, 3.44744205475, 4.89256048203, 4.38130617142, 4.43015146255, 4.00232744217, 2.93015527725, 1.62763571739, 0.749952971935, 0.408835977316, 0.233478814363, 0.0225668530911, 0.000386223837268, 2.62919165834e-05],
        "dmean2": [0.174331665039, 1.14069914818, 3.89278769493, 8.0057258606, 18.9898452759, 13.7059135437, 23.8824939728, 22.5219726562, 12.5336284637, 49.5832061768, 51.3693161011, 62.0245132446, 35.3754501343, 17.1282176971, 22.571516037, 24.1584911346, 26.3380680084, 34.7063522339, 35.5508041382, 45.2712173462, 29.9464378357, 19.1041984558, 21.2165966034, 11.5465784073, 10.6514558792, 8.00185203552, 5.40682077408, 4.89701080322, 7.15790128708, 6.30182981491, 6.60685443878, 5.93031692505, 4.29530477524, 2.40787982941, 1.05720090866, 0.563060998917, 0.325904935598, 0.0339043699205, 0.00056680617854, 3.47372515535e-05],
        "dvar": [0.0592179484665, 1.94954228401, 21.3231124878, 71.8573074341, 746.82800293, 286.326690674, 736.162902832, 1040.52453613, 244.667739868, 3916.95361328, 5250.17382812, 10579.6650391, 2445.26586914, 626.590698242, 623.605102539, 1257.58190918, 1080.83911133, 2169.47265625, 3648.23925781, 2938.10620117, 1021.77264404, 404.478515625, 474.516876221, 117.676170349, 106.625495911, 59.8183403015, 32.930480957, 31.9053287506, 74.5872116089, 56.9825973511, 60.8958969116, 67.9725494385, 28.315574646, 9.03381824493, 1.88494753838, 0.386680424213, 0.14519354701, 0.00177181744948, 4.74331301348e-07, 1.06623310181e-09],
        "dvar2": [0.12251188606, 4.01562786102, 59.3495826721, 200.166671753, 1909.49694824, 763.65637207, 1861.82629395, 2763.49951172, 588.062194824, 9829.01660156, 12845.6230469, 27475.3125, 5293.53320312, 1444.8737793, 1734.18359375, 3252.10522461, 3114.0859375, 5492.97119141, 9994.22460938, 8165.05957031, 2557.81420898, 1113.17175293, 1263.25354004, 296.049407959, 280.400085449, 145.895187378, 70.831817627, 66.3877716064, 172.588760376, 123.21736908, 134.755569458, 153.626953125, 62.4937744141, 21.4644088745, 4.51336622238, 0.780327260494, 0.272355854511, 0.00373199139722, 9.60968236541e-07, 1.70298797286e-09],
        "max": [1.7529194355, 12.5292921066, 36.3114700317, 72.9573364258, 219.936386108, 128.059036255, 345.670684814, 450.967315674, 326.747406006, 713.473449707, 831.991088867, 1629.46057129, 920.19342041, 446.968383789, 315.402526855, 651.45135498, 513.923278809, 600.221801758, 1092.59887695, 695.419189453, 455.85357666, 286.828826904, 286.841156006, 147.083984375, 141.123077393, 79.869468689, 84.6520843506, 60.0168876648, 118.244483948, 78.2561645508, 110.235565186, 161.752243042, 60.2362670898, 34.8473320007, 23.137462616, 6.6238360405, 3.25102066994, 0.571875572205, 0.00895755365491, 0.000356283650035],
        "mean": [0.131034821272, 1.12351500988, 3.04974532127, 6.43760585785, 13.8796329498, 10.2697696686, 19.6471996307, 18.1459121704, 11.5875787735, 38.9968643188, 45.1957130432, 56.6632461548, 35.2357597351, 18.729593277, 21.2913589478, 21.8484115601, 22.9943027496, 29.2639579773, 29.4236812592, 42.3877601624, 31.4751548767, 22.624956131, 23.3361625671, 13.7714633942, 11.7064599991, 8.32542896271, 6.35382080078, 5.97533559799, 8.55084514618, 7.32727909088, 7.18690872192, 6.27564811707, 4.61206054688, 2.57764959335, 1.22623157501, 0.657328605652, 0.330707013607, 0.028535425663, 0.000530612654984, 6.1093691329e-05],
        "median": [0.0326213873923, 0.618348121643, 1.88128685951, 4.35825967789, 6.64410638809, 4.00511932373, 5.75523519516, 6.66179418564, 7.21630954742, 10.4310932159, 16.6405696869, 12.8381204605, 16.5882892609, 8.53328323364, 8.58861255646, 9.25576686859, 10.3135023117, 10.4448652267, 11.8280563354, 14.5333166122, 11.8844003677, 9.87958240509, 11.9398136139, 9.75768852234, 6.68696880341, 5.07265806198, 3.84513831139, 3.10162806511, 4.20918083191, 3.47806477547, 3.47869920731, 3.04298186302, 2.20899438858, 1.36412739754, 0.603520870209, 0.312982022762, 0.111843794584, 0.00801655091345, 0.000175701672561, 4.45130972366e-05],
        "min": [2.15366235352e-05, 0.000425789243309, 0.00296643516049, 0.0184309370816, 0.0102345682681, 0.0369733981788, 0.0449630394578, 0.0587864294648, 0.162686526775, 0.0998279675841, 0.106696471572, 0.196376428008, 0.157726347446, 0.182486131787, 0.0375294424593, 0.106778591871, 0.0904265940189, 0.112807959318, 0.12688216567, 0.156256482005, 0.161920115352, 0.0832009986043, 0.0421901755035, 0.036017768085, 0.0336184389889, 0.0230785850435, 0.0208006221801, 0.0237072389573, 0.0125637790188, 0.00938225537539, 0.00760212028399, 0.00697159115225, 0.00460025202483, 0.0029772722628, 0.000452752108686, 0.000138662056997, 1.30470143631e-05, 6.24494418844e-07, 5.95311462348e-07, 1.05292019725e-06],
        "var": [0.0672989115119, 2.51512074471, 16.5998764038, 57.6127052307, 630.683654785, 295.478210449, 1163.12353516, 1261.45703125, 313.221038818, 6614.01074219, 7188.54003906, 21804.6953125, 4731.86572266, 1558.47790527, 1285.77661133, 2527.83984375, 1501.23205566, 3458.40405273, 3886.83129883, 5665.78564453, 2729.25317383, 1171.59130859, 1061.89733887, 201.224243164, 199.668991089, 92.0760345459, 57.0527610779, 56.9160804749, 126.572967529, 97.5843734741, 99.551864624, 95.9198608398, 45.3547363281, 13.4199314117, 3.00578403473, 0.806182265282, 0.27674049139, 0.00268465094268, 7.80287848556e-07, 2.7630937538e-09]
    },
    "gfcc": {
        "mean": [33.6792640686, 73.047706604, -100.344772339, 30.1539478302, -61.0563316345, 22.497385025, -46.6493301392, 17.763469696, -23.4890346527, 3.36863994598, -24.1695156097, 0.206894174218, -17.7976551056],
        "cov": [[2936.6003418, -876.490112305, 7.86155653, -27.5220565796, 26.6243553162, 7.38094997406, -208.706832886, -10.848742485, -107.327835083, 88.3790664673, -130.923797607, 126.617904663, -107.772628784], [-876.490112305, 884.782775879, -82.3316879272, -56.3896408081, 50.8110351562, -5.37935400009, 134.765090942, -32.8007507324, 81.2202377319, -76.387008667, 80.2396240234, -93.665687561, 32.8451538086], [7.86155653, -82.3316879272, 547.570678711, 20.1027927399, 49.7864532471, 94.4472579956, 48.0922012329, 58.3646125793, -4.74562072754, 67.1377258301, -12.4162549973, 38.3550872803, -48.4278869629], [-27.5220565796, -56.3896408081, 20.1027927399, 297.523986816, 3.35246396065, -39.2217788696, -47.3554344177, -9.68831348419, 6.32742643356, -19.5119876862, 20.8084907532, 0.506940484047, 64.8111801147], [26.6243553162, 50.8110351562, 49.7864532471, 3.35246396065, 212.274047852, 36.5887489319, 47.5431938171, 48.3347511292, 23.5587730408, 39.3197593689, -4.23948478699, 15.9725522995, 3.74536275864], [7.38094997406, -5.37935400009, 94.4472579956, -39.2217788696, 36.5887489319, 175.281524658, 93.4777450562, 32.9578742981, 1.58469772339, 22.4390087128, 14.1024847031, 1.31291377544, -26.7488212585], [-208.706832886, 134.765090942, 48.0922012329, -47.3554344177, 47.5431938171, 93.4777450562, 216.881317139, 59.3413505554, -13.1394853592, 22.1027832031, 21.6998710632, -18.2311000824, -41.0691566467], [-10.848742485, -32.8007507324, 58.3646125793, -9.68831348419, 48.3347511292, 32.9578742981, 59.3413505554, 96.8522186279, 17.4091758728, 31.9607982635, 0.40233656764, -5.28238630295, -16.0218257904], [-107.327835083, 81.2202377319, -4.74562072754, 6.32742643356, 23.5587730408, 1.58469772339, -13.1394853592, 17.4091758728, 108.419929504, 13.4688282013, -0.832630991936, -3.24459457397, 11.7375745773], [88.3790664673, -76.387008667, 67.1377258301, -19.5119876862, 39.3197593689, 22.4390087128, 22.1027832031, 31.9607982635, 13.4688282013, 87.4068450928, 7.61453151703, 9.6086397171, -22.6323280334], [-130.923797607, 80.2396240234, -12.4162549973, 20.8084907532, -4.23948478699, 14.1024847031, 21.6998710632, 0.40233656764, -0.832630991936, 7.61453151703, 73.6407546997, 16.4739284515, 15.0888433456], [126.617904663, -93.665687561, 38.3550872803, 0.506940484047, 15.9725522995, 1.31291377544, -18.2311000824, -5.28238630295, -3.24459457397, 9.6086397171, 16.4739284515, 88.2716140747, 21.8781147003], [-107.772628784, 32.8451538086, -48.4278869629, 64.8111801147, 3.74536275864, -26.7488212585, -41.0691566467, -16.0218257904, 11.7375745773, -22.6323280334, 15.0888433456, 21.8781147003, 87.5703964233]],
        "icov": [[0.000601868494414, 0.000199906717171, 0.000304774672259, -0.000207119912375, -0.000158665672643, -0.000387840584153, 0.000685747305397, -0.000102370911918, 0.000526776420884, -0.000448062201031, 0.000874045712408, -0.000976545212325, 0.00108573224861], [0.000199906717171, 0.00385881378315, -0.000952682516072, 0.00188309478108, -0.00205617095344, 0.00201223697513, -0.00301210046746, 0.00351660372689, -0.0035491688177, 0.00415471894667, -0.00537221226841, 0.00505093019456, -0.00197522877716], [0.000304774672259, -0.000952682516072, 0.0029757800512, -0.00143193115946, 0.000554524071049, -0.00198589358479, 0.00142135575879, -0.00189471291378, 0.0015756537905, -0.00260351831093, 0.00302624958567, -0.00348983635195, 0.00259383977391], [-0.000207119912375, 0.00188309478108, -0.00143193115946, 0.00551239680499, -0.00127499678638, 0.00199691671878, -0.00136879540514, 0.00167410005815, -0.00192568288185, 0.00292617641389, -0.00463888561353, 0.00457889260724, -0.00483426451683], [-0.000158665672643, -0.00205617095344, 0.000554524071049, -0.00127499678638, 0.00713535258546, -0.00156903802417, 0.00047413847642, -0.00359685206786, 0.00107905315235, -0.00420345226303, 0.00438629509881, -0.00378660438582, -0.00043468902004], [-0.000387840584153, 0.00201223697513, -0.00198589358479, 0.00199691671878, -0.00156903802417, 0.00976024661213, -0.00519842142239, 0.00220618024468, -0.00298325903714, 0.00288269412704, -0.00502644199878, 0.00367644801736, -0.00170165137388], [0.000685747305397, -0.00301210046746, 0.00142135575879, -0.00136879540514, 0.00047413847642, -0.00519842142239, 0.0114897862077, -0.00665604509413, 0.00525199109688, -0.00332465558313, 0.0030494669918, -0.00414679385722, 0.00528273638338], [-0.000102370911918, 0.00351660372689, -0.00189471291378, 0.00167410005815, -0.00359685206786, 0.00220618024468, -0.00665604509413, 0.0186181776226, -0.00567041290924, 0.000915278913453, -0.0046346578747, 0.00619418779388, -0.00237162271515], [0.000526776420884, -0.0035491688177, 0.0015756537905, -0.00192568288185, 0.00107905315235, -0.00298325903714, 0.00525199109688, -0.00567041290924, 0.0144583648071, -0.00613791169599, 0.00635197293013, -0.00492255343124, 0.00135538622271], [-0.000448062201031, 0.00415471894667, -0.00260351831093, 0.00292617641389, -0.00420345226303, 0.00288269412704, -0.00332465558313, 0.000915278913453, -0.00613791169599, 0.0212190598249, -0.010015822947, 0.00542948208749, 0.000629367656074], [0.000874045712408, -0.00537221226841, 0.00302624958567, -0.00463888561353, 0.00438629509881, -0.00502644199878, 0.0030494669918, -0.0046346578747, 0.00635197293013, -0.010015822947, 0.0266682729125, -0.0128132430837, 0.00222287024371], [-0.000976545212325, 0.00505093019456, -0.00348983635195, 0.00457889260724, -0.00378660438582, 0.00367644801736, -0.00414679385722, 0.00619418779388, -0.00492255343124, 0.00542948208749, -0.0128132430837, 0.0237218737602, -0.0095973610878], [0.00108573224861, -0.00197522877716, 0.00259383977391, -0.00483426451683, -0.00043468902004, -0.00170165137388, 0.00528273638338, -0.00237162271515, 0.00135538622271, 0.000629367656074, 0.00222287024371, -0.0095973610878, 0.0220468901098]]
    },
    "melbands": {
        "dmean": [0.000997850904241, 0.00101395591628, 0.0010017050663, 0.000716029258911, 0.000478918576846, 0.000312339398079, 0.000136795846629, 0.000347454828443, 0.000254030514043, 0.000251846795436, 0.000108951513539, 4.32765991718e-05, 4.41401243734e-05, 4.36287118646e-05, 3.23577951349e-05, 4.0794522647e-05, 4.10795473726e-05, 3.80164710805e-05, 3.43244246324e-05, 3.74905066565e-05, 2.07852372114e-05, 1.23811350932e-05, 1.72346608451e-05, 9.48547767621e-06, 6.18006424702e-06, 5.49050491827e-06, 4.13166799262e-06, 3.51775088347e-06, 2.37804215431e-06, 2.13756152334e-06, 2.19416597247e-06, 2.89242257168e-06, 2.97173505714e-06, 2.42528903982e-06, 2.6646130209e-06, 2.67795667241e-06, 2.5698520858e-06, 2.35953712036e-06, 1.65431617916e-06, 1.35557024805e-06],
        "dmean2": [0.00144733954221, 0.00166893703863, 0.00169549568091, 0.00119278929196, 0.000770981307141, 0.000512971717399, 0.000221038266318, 0.000573417870328, 0.00040430194349, 0.00040087456, 0.000171561041498, 6.9149195042e-05, 7.25336285541e-05, 7.26303187548e-05, 5.45711809536e-05, 6.7398592364e-05, 6.77129210089e-05, 6.15817771177e-05, 5.67633178434e-05, 6.17707919446e-05, 3.36356824846e-05, 2.012699224e-05, 2.841508649e-05, 1.53313449118e-05, 1.00468305391e-05, 8.82042149897e-06, 6.76682657286e-06, 5.66230755794e-06, 3.51144899469e-06, 3.18740035254e-06, 3.23655990542e-06, 4.3380500756e-06, 4.39795985585e-06, 3.60722629011e-06, 4.0443492253e-06, 4.14626765632e-06, 3.87603267882e-06, 3.52102756551e-06, 2.47936645792e-06, 2.04738284992e-06],
        "dvar": [3.94368407797e-06, 3.77071432922e-06, 3.00949773191e-06, 2.98662712339e-06, 6.97366260738e-07, 4.94503296977e-07, 7.77141906383e-08, 5.49031085484e-07, 3.09950962674e-07, 4.85019995722e-07, 6.10708923432e-08, 1.03630384274e-08, 5.98643001837e-09, 1.1997452809e-08, 4.01675492867e-09, 1.18606173771e-08, 9.35058341867e-09, 1.22328849272e-08, 4.75498973529e-09, 6.07360561844e-09, 1.3529923848e-09, 3.85661391711e-10, 1.46161671655e-09, 2.75113126724e-10, 8.8706396395e-11, 6.5875943589e-11, 5.57970301907e-11, 2.88389138958e-11, 1.32184064042e-11, 1.15217401592e-11, 1.39154607975e-11, 2.60822179826e-11, 2.78519828728e-11, 1.71844951463e-11, 2.12504319697e-11, 2.66437410329e-11, 3.03740366192e-11, 1.89018280194e-11, 8.6503269825e-12, 6.35390394813e-12],
        "dvar2": [7.92646642367e-06, 9.52356003836e-06, 7.96892800281e-06, 7.79887614044e-06, 1.77987453753e-06, 1.29942179683e-06, 1.8674845137e-07, 1.42621126997e-06, 7.47303147364e-07, 1.23818722386e-06, 1.33996636009e-07, 2.42093118885e-08, 1.55922510459e-08, 2.99862961128e-08, 1.06330642069e-08, 3.40745387462e-08, 2.38262138907e-08, 3.25126521261e-08, 1.31337545284e-08, 1.50669592358e-08, 3.4265410509e-09, 1.03577135757e-09, 4.13225453855e-09, 6.78630152073e-10, 2.30747448926e-10, 1.67037966792e-10, 1.4965831352e-10, 7.10238395873e-11, 2.90018824928e-11, 2.46256834369e-11, 3.09422903966e-11, 6.16567838452e-11, 6.53910120496e-11, 3.7854237106e-11, 4.70949980402e-11, 6.09117756234e-11, 7.19210246913e-11, 4.31493660247e-11, 2.02414734279e-11, 1.54543305236e-11],
        "max": [0.0156707577407, 0.0159797277302, 0.0127155417576, 0.0143592022359, 0.0116557218134, 0.00930824130774, 0.00505035603419, 0.00831448566169, 0.00580390496179, 0.0119921164587, 0.00452454574406, 0.00169255770743, 0.00134919711854, 0.0023025686387, 0.00105986814015, 0.00190432905219, 0.00124690914527, 0.00161931407638, 0.00084501580568, 0.00161955901422, 0.000596321071498, 0.000234933031606, 0.000703755707946, 0.000271030701697, 0.000125534454128, 0.000122062352602, 0.000102707148471, 5.08833072672e-05, 4.88697478431e-05, 3.92094989365e-05, 4.19555399276e-05, 6.12271833234e-05, 7.0543079346e-05, 4.29233296018e-05, 6.9451481977e-05, 8.75813129824e-05, 0.000113318441436, 5.35852632311e-05, 3.82663783967e-05, 3.17494814226e-05],
        "mean": [0.00127927633002, 0.00161183078308, 0.00138675607741, 0.000866521149874, 0.000654070812743, 0.000415721500758, 0.000187067154911, 0.000456809037132, 0.000353600044036, 0.000362719612895, 0.000167539721588, 7.1388320066e-05, 6.75376140862e-05, 6.61119265715e-05, 4.52817657788e-05, 5.44982140127e-05, 5.47262789041e-05, 4.71612911497e-05, 4.67661666335e-05, 5.93337572354e-05, 3.2681349694e-05, 2.06152508326e-05, 2.96368216368e-05, 1.51002132043e-05, 1.05069029814e-05, 9.83071549854e-06, 6.25774009677e-06, 5.45114244233e-06, 3.93944856114e-06, 3.42325915881e-06, 3.51485573447e-06, 4.85807368023e-06, 4.69153110316e-06, 3.85339308195e-06, 4.17316550738e-06, 4.03334752264e-06, 3.78085019292e-06, 3.54850430995e-06, 2.50072707786e-06, 2.05960236599e-06],
        "median": [0.000448364327895, 0.00103592162486, 0.000967236643191, 0.000403931684559, 0.00020258720906, 0.000151812666445, 0.000102126621641, 0.000120030475955, 0.000117867595691, 6.95761773386e-05, 7.48796883272e-05, 2.94892415695e-05, 2.89614126814e-05, 2.07895336644e-05, 2.25331386901e-05, 1.74911547219e-05, 1.71014962689e-05, 1.60998170031e-05, 1.66262325365e-05, 1.80480565177e-05, 1.25778769871e-05, 9.04509579414e-06, 1.0797080904e-05, 8.74032684806e-06, 7.07205526851e-06, 5.91383059145e-06, 2.85571491077e-06, 3.2190962429e-06, 2.35578590946e-06, 1.92125799003e-06, 1.66653546785e-06, 2.39380437961e-06, 2.13782345782e-06, 1.79765015673e-06, 1.93205573851e-06, 1.92715651792e-06, 1.73773833012e-06, 1.62746596288e-06, 1.27047519527e-06, 1.02637579857e-06],
        "min": [3.38671497957e-07, 1.27168391373e-06, 3.15263537232e-06, 1.51529491177e-06, 1.51026301864e-06, 1.35400762247e-06, 2.25729399972e-06, 1.00234524325e-06, 6.21455455985e-07, 7.53949905175e-07, 6.90620026944e-07, 3.02323172718e-07, 5.85685384635e-08, 1.79584787929e-07, 2.651398745e-07, 1.38737647148e-07, 1.16962048935e-07, 1.42154704008e-07, 1.08342071314e-07, 1.82304916052e-07, 1.55457655637e-07, 8.54637320913e-08, 5.51700445328e-08, 2.3611612221e-08, 3.05344016738e-08, 2.34088357587e-08, 1.42256144642e-08, 1.50390917497e-08, 1.48492489416e-08, 9.18408460393e-09, 1.040275599e-08, 6.3139387052e-09, 6.4389036325e-09, 5.18122522664e-09, 3.49826412283e-09, 3.51903262086e-09, 9.26332510698e-10, 1.04087827246e-09, 3.72552033667e-09, 3.60860535897e-10],
