{
"highlevel": {
    "danceability": {
        "all": {
            "danceable": 0.857043087482,
            "not_danceable": 0.142956912518
        },
        "probability": 0.857043087482,
        "value": "danceable"
    },
    "gender": {
        "all": {
            "female": 0.0136055555195,
            "male": 0.98639446497
        },
        "probability": 0.98639446497,
        "value": "male"
    },
    "genre_dortmund": {
        "all": {
            "alternative": 0.0353051349521,
            "blues": 0.0597181767225,
            "electronic": 0.0469326078892,
            "folkcountry": 0.0515229739249,
            "funksoulrnb": 0.0644168481231,
            "jazz": 0.203391939402,
            "pop": 0.070838317275,
            "raphiphop": 0.366568028927,
            "rock": 0.101305961609
        },
        "probability": 0.366568028927,
        "value": "raphiphop"
    },
    "genre_electronic": {
        "all": {
            "ambient": 0.289295345545,
            "dnb": 0.388212621212,
            "house": 0.18674479425,
            "techno": 0.0116939246655,
            "trance": 0.124053314328
        },
        "probability": 0.388212621212,
        "value": "dnb"
    },
    "genre_rosamerica": {
        "all": {
            "cla": 0.00700753647834,
            "dan": 0.0292132478207,
            "hip": 0.0439677834511,
            "jaz": 0.00774215022102,
            "pop": 0.762207686901,
            "rhy": 0.0902209207416,
            "roc": 0.0540962852538,
            "spe": 0.00554438494146
        },
        "probability": 0.762207686901,
        "value": "pop"
    },
    "genre_tzanetakis": {
        "all": {
            "blu": 2.14496795976e-14,
            "cla": 1.17827458334e-14,
            "cou": 1.89000731569e-14,
            "dis": 1.53026276682e-14,
            "hip": 4.30095209122e-14,
            "jaz": 0.999999880791,
            "met": 2.0000017642e-08,
            "pop": 2.0000017642e-08,
            "reg": 1.66666822565e-08,
            "roc": 5.00000432169e-08
        },
        "probability": 0.999999880791,
        "value": "jaz"
    },
    "ismir04_rhythm": {
        "all": {
            "ChaChaCha": 0.0522426813841,
            "Jive": 0.168924003839,
            "Quickstep": 0.123873494565,
            "Rumba-American": 0.0221155211329,
            "Rumba-International": 0.0275620166212,
            "Rumba-Misc": 0.00991531088948,
            "Samba": 0.532741963863,
            "Tango": 0.00863069016486,
            "VienneseWaltz": 0.0422795936465,
            "Waltz": 0.0117147471756
        },
        "probability": 0.532741963863,
        "value": "Samba"
    },
    "mood_acoustic": {
        "all": {
            "acoustic": 0.239846557379,
            "not_acoustic": 0.760153412819
        },
        "probability": 0.760153412819,
        "value": "not_acoustic"
    },
    "mood_aggressive": {
        "all": {
            "aggressive": 0.377282887697,
            "not_aggressive": 0.6227170825
        },
        "probability": 0.6227170825,
        "value": "not_aggressive"
    },
    "mood_electronic": {
        "all": {
            "electronic": 0.597045898438,
            "not_electronic": 0.40295407176
        },
        "probability": 0.597045898438,
        "value": "electronic"
    },
    "mood_happy": {
        "all": {
            "happy": 0.902181684971,
            "not_happy": 0.097818300128
        },
        "probability": 0.902181684971,
        "value": "happy"
    },
    "mood_party": {
        "all": {
            "not_party": 0.553635954857,
            "party": 0.446364074945
        },
        "probability": 0.553635954857,
        "value": "not_party"
    },
    "mood_relaxed": {
        "all": {
            "not_relaxed": 0.934518277645,
            "relaxed": 0.0654817074537
        },
        "probability": 0.934518277645,
        "value": "not_relaxed"
    },
    "mood_sad": {
        "all": {
            "not_sad": 0.731140315533,
            "sad": 0.26885971427
        },
        "probability": 0.731140315533,
        "value": "not_sad"
    },
    "moods_mirex": {
        "all": {
            "Cluster1": 0.331002622843,
            "Cluster2": 0.16294208169,
            "Cluster3": 0.0867390185595,
            "Cluster4": 0.21739512682,
            "Cluster5": 0.201921150088
        },
        "probability": 0.331002622843,
        "value": "Cluster1"
    },
    "timbre": {
        "all": {
            "bright": 0.964647650719,
            "dark": 0.0353523716331
        },
        "probability": 0.964647650719,
        "value": "bright"
    },
    "tonal_atonal": {
        "all": {
            "atonal": 0.0384935215116,
            "tonal": 0.961506485939
        },
        "probability": 0.961506485939,
        "value": "tonal"
    },
    "voice_instrumental": {
        "all": {
            "instrumental": 0.154887840152,
            "voice": 0.845112144947
        },
        "probability": 0.845112144947,
        "value": "voice"
    }
},
"lowlevel": {
    "average_loudness": 0.983970761299,
    "barkbands_crest": {
        "dmean": 2.45043945312,
        "dmean2": 3.9407081604,
        "dvar": 4.90872049332,
        "dvar2": 12.4190330505,
        "max": 22.2394199371,
        "mean": 8.85216331482,
        "median": 8.31541919708,
        "min": 2.50249695778,
        "var": 10.3629388809
    },
    "barkbands_flatness_db": {
        "dmean": 0.0277532450855,
        "dmean2": 0.041307028383,
        "dvar": 0.000646908127237,
        "dvar2": 0.00130709644873,
        "max": 0.368549823761,
        "mean": 0.140643954277,
        "median": 0.138402730227,
        "min": 0.0383467078209,
        "var": 0.00172515830491
    },
    "barkbands_kurtosis": {
        "dmean": 2.1534883976,
        "dmean2": 3.39096832275,
        "dvar": 11.6075572968,
        "dvar2": 26.1957035065,
        "max": 44.7430839539,
        "mean": 1.79365682602,
        "median": 0.362890481949,
        "min": -1.93081784248,
        "var": 21.3182182312
    },
    "barkbands_skewness": {
        "dmean": 0.574427187443,
        "dmean2": 0.877928733826,
        "dvar": 0.333445936441,
        "dvar2": 0.75124591589,
        "max": 5.41675424576,
        "mean": 1.14009106159,
        "median": 1.04617106915,
        "min": -1.73273789883,
        "var": 0.879037201405
    },
    "barkbands_spread": {
        "dmean": 9.30783557892,
        "dmean2": 14.6217651367,
        "dvar": 107.563827515,
        "dvar2": 243.399429321,
        "max": 113.888122559,
        "mean": 29.0155487061,
        "median": 26.2866134644,
        "min": 1.89166617393,
        "var": 243.555007935
    },
    "dissonance": {
        "dmean": 0.0193266533315,
        "dmean2": 0.032787181437,
        "dvar": 0.000301129941363,
        "dvar2": 0.000811748614069,
        "max": 0.500000059605,
        "mean": 0.462959349155,
        "median": 0.467245697975,
        "min": 0.352210342884,
        "var": 0.000539019121788
    },
    "dynamic_complexity": 1.4171475172,
    "erbbands_crest": {
        "dmean": 3.17456173897,
        "dmean2": 5.10761117935,
        "dvar": 7.56669712067,
        "dvar2": 18.6044178009,
        "max": 27.0268783569,
        "mean": 9.50581359863,
        "median": 8.46394062042,
        "min": 2.57301807404,
        "var": 16.4807319641
    },
    "erbbands_flatness_db": {
        "dmean": 0.0288925934583,
        "dmean2": 0.0431468971074,
        "dvar": 0.000624925654847,
        "dvar2": 0.00131615134887,
        "max": 0.270793706179,
        "mean": 0.161017715931,
        "median": 0.163048550487,
        "min": 0.0607955493033,
        "var": 0.00151637708768
    },
    "erbbands_kurtosis": {
        "dmean": 0.85667771101,
        "dmean2": 1.36763930321,
        "dvar": 1.24157571793,
        "dvar2": 2.73179292679,
        "max": 14.4577331543,
        "mean": 0.0707824677229,
        "median": -0.229381084442,
        "min": -1.89430606365,
        "var": 2.08803224564
    },
    "erbbands_skewness": {
        "dmean": 0.421990931034,
        "dmean2": 0.641890227795,
        "dvar": 0.155098631978,
        "dvar2": 0.335734784603,
        "max": 3.4166033268,
        "mean": 0.210582926869,
        "median": 0.196566089988,
        "min": -1.97123289108,
        "var": 0.520440042019
    },
    "erbbands_spread": {
        "dmean": 11.7295789719,
        "dmean2": 17.9367237091,
        "dvar": 142.943893433,
        "dvar2": 309.765258789,
        "max": 145.796615601,
        "mean": 41.7193222046,
        "median": 36.7765922546,
        "min": 10.6507158279,
        "var": 399.89553833
    },
    "hfc": {
        "dmean": 16.5137557983,
        "dmean2": 26.2392864227,
        "dvar": 505.684936523,
        "dvar2": 1285.8527832,
        "max": 153.958511353,
        "mean": 29.9637012482,
        "median": 23.931552887,
        "min": 0.605984866619,
        "var": 580.716796875
    },
    "melbands_crest": {
        "dmean": 3.30689954758,
        "dmean2": 5.3461098671,
        "dvar": 8.57575798035,
        "dvar2": 21.9356575012,
        "max": 30.0737724304,
        "mean": 13.0282964706,
        "median": 12.691491127,
        "min": 3.79354643822,
        "var": 19.8490257263
    },
    "melbands_flatness_db": {
        "dmean": 0.0325567387044,
        "dmean2": 0.0472776219249,
        "dvar": 0.0010561645031,
        "dvar2": 0.00217259908095,
        "max": 0.46514070034,
        "mean": 0.169316068292,
        "median": 0.160758808255,
        "min": 0.0439635664225,
        "var": 0.00350967352279
    },
    "melbands_kurtosis": {
        "dmean": 5.51817512512,
        "dmean2": 8.58529567719,
        "dvar": 60.3139343262,
        "dvar2": 136.902359009,
        "max": 81.1552352905,
        "mean": 9.00848865509,
        "median": 5.08727073669,
        "min": -1.30741989613,
        "var": 128.984909058
    },
    "melbands_skewness": {
        "dmean": 0.726014554501,
        "dmean2": 1.11682200432,
        "dvar": 0.546543002129,
        "dvar2": 1.19044268131,
        "max": 7.82704019547,
        "mean": 2.29168128967,
        "median": 2.03007125854,
        "min": -0.299628764391,
        "var": 1.6209487915
    },
    "melbands_spread": {
        "dmean": 11.7458324432,
        "dmean2": 17.9435024261,
        "dvar": 197.973373413,
        "dvar2": 443.041595459,
        "max": 197.557327271,
        "mean": 31.8498592377,
        "median": 27.2067337036,
        "min": 1.44261741638,
        "var": 413.145019531
    },
    "pitch_salience": {
        "dmean": 0.0747930258512,
        "dmean2": 0.12052077055,
        "dvar": 0.00410170434043,
        "dvar2": 0.0102636897936,
        "max": 0.821693539619,
        "mean": 0.539091646671,
        "median": 0.534994661808,
        "min": 0.215225994587,
        "var": 0.00951209757477
    },
    "silence_rate_20dB": {
        "dmean": 0,
        "dmean2": 0,
        "dvar": 0,
        "dvar2": 0,
        "max": 1,
        "mean": 1,
        "median": 1,
        "min": 1,
        "var": 0
    },
    "silence_rate_30dB": {
        "dmean": 0,
        "dmean2": 0,
        "dvar": 0,
        "dvar2": 0,
        "max": 1,
        "mean": 1,
        "median": 1,
        "min": 1,
        "var": 0
    },
    "silence_rate_60dB": {
        "dmean": 0.0139318881556,
        "dmean2": 0.0278853606433,
        "dvar": 0.013738013804,
        "dvar2": 0.0317556001246,
        "max": 1,
        "mean": 0.0123743228614,
        "median": 0,
        "min": 0,
        "var": 0.0122213317081
    },
    "spectral_centroid": {
        "dmean": 405.457336426,
        "dmean2": 618.127990723,
        "dvar": 161668.09375,
        "dvar2": 332207.375,
        "max": 3816.84594727,
        "mean": 1716.6484375,
        "median": 1635.86401367,
        "min": 213.485076904,
        "var": 497338.125
    },
    "spectral_complexity": {
        "dmean": 4.64783287048,
        "dmean2": 6.67931842804,
        "dvar": 19.5098495483,
        "dvar2": 40.2209472656,
        "max": 49,
        "mean": 19.3866977692,
        "median": 19,
        "min": 3,
        "var": 57.5003204346
    },
    "spectral_decrease": {
        "dmean": 2.96956859103e-09,
        "dmean2": 4.40064562568e-09,
        "dvar": 1.22619698905e-17,
        "dvar2": 2.82352841226e-17,
        "max": -1.71384711978e-10,
        "mean": -6.63010180091e-09,
        "median": -5.7291402733e-09,
        "min": -2.77812635119e-08,
        "var": 2.07435258583e-17
    },
    "spectral_energy": {
        "dmean": 0.0123374201357,
        "dmean2": 0.0182802546769,
        "dvar": 0.00020554290677,
        "dvar2": 0.00047685316531,
        "max": 0.116025678813,
        "mean": 0.0277413278818,
        "median": 0.0243549123406,
        "min": 0.000701810698956,
        "var": 0.000338138226653
    },
    "spectral_energyband_high": {
        "dmean": 0.00150554522406,
        "dmean2": 0.00251396838576,
        "dvar": 4.9055083764e-06,
        "dvar2": 1.27018720377e-05,
        "max": 0.0166759043932,
        "mean": 0.00213685096242,
        "median": 0.00134476076346,
        "min": 4.07479274145e-06,
        "var": 5.78320759814e-06
    },
    "spectral_energyband_low": {
        "dmean": 0.00416663149372,
        "dmean2": 0.00667304825038,
        "dvar": 5.68425493839e-05,
        "dvar2": 0.000139022566145,
        "max": 0.0863715782762,
        "mean": 0.00859911646694,
        "median": 0.00613213051111,
        "min": 3.71823534806e-06,
        "var": 9.3613343779e-05
    },
    "spectral_energyband_middle_high": {
        "dmean": 0.00261107971892,
        "dmean2": 0.00386349973269,
        "dvar": 7.96400854597e-06,
        "dvar2": 1.70865496329e-05,
        "max": 0.0314491540194,
        "mean": 0.00622755801305,
        "median": 0.005822065752,
        "min": 0.000124703525216,
        "var": 1.91945000552e-05
    },
    "spectral_energyband_middle_low": {
        "dmean": 0.00779774365947,
        "dmean2": 0.0117440642789,
        "dvar": 9.39496530918e-05,
        "dvar2": 0.000214441373828,
        "max": 0.0792375206947,
        "mean": 0.0121153332293,
        "median": 0.0075695309788,
        "min": 0.000270626944257,
        "var": 0.000138275208883
    },
    "spectral_entropy": {
        "dmean": 0.262428253889,
        "dmean2": 0.394322544336,
        "dvar": 0.0586323812604,
        "dvar2": 0.126173511147,
        "max": 8.59378623962,
        "mean": 7.54084730148,
        "median": 7.55398178101,
        "min": 6.01122093201,
        "var": 0.147422090173
    },
    "spectral_flux": {
        "dmean": 0.0373942889273,
        "dmean2": 0.0558010414243,
        "dvar": 0.0012787708547,
        "dvar2": 0.0027020398993,
        "max": 0.296561032534,
        "mean": 0.0999523177743,
        "median": 0.0900076180696,
        "min": 0.0163788422942,
        "var": 0.00220216927119
    },
    "spectral_kurtosis": {
        "dmean": 1.46190190315,
        "dmean2": 2.37919378281,
        "dvar": 2.43645095825,
        "dvar2": 5.68304157257,
        "max": 20.3825569153,
        "mean": 2.99979138374,
        "median": 2.69182157516,
        "min": -1.66937828064,
        "var": 4.74441146851
    },
    "spectral_rms": {
        "dmean": 0.00110983045306,
        "dmean2": 0.00157964695245,
        "dvar": 1.24151733871e-06,
        "dvar2": 2.72591364592e-06,
        "max": 0.0106393508613,
        "mean": 0.00493180705234,
        "median": 0.00487451441586,
        "min": 0.000827462004963,
        "var": 2.74199078376e-06
    },
    "spectral_rolloff": {
        "dmean": 1066.37817383,
        "dmean2": 1850.13842773,
        "dvar": 2858444,
        "dvar2": 6620937.5,
        "max": 12015.5273438,
        "mean": 2307.23535156,
        "median": 1744.18945312,
        "min": 129.19921875,
        "var": 4190952
    },
    "spectral_skewness": {
        "dmean": 0.255690276623,
        "dmean2": 0.400815039873,
        "dvar": 0.0551412701607,
        "dvar2": 0.128651872277,
        "max": 3.40823674202,
        "mean": 1.27274358273,
        "median": 1.26327395439,
        "min": -0.0300944466144,
        "var": 0.160227239132
    },
    "spectral_spread": {
        "dmean": 1192852.75,
        "dmean2": 1734598.875,
        "dvar": 1.91271023411e+12,
        "dvar2": 3.24411011891e+12,
        "max": 19029308,
        "mean": 5121830,
        "median": 4476762.5,
        "min": 2122844.25,
        "var": 5.60607579341e+12
    },
    "spectral_strongpeak": {
        "dmean": 0.776857852936,
        "dmean2": 1.32993590832,
        "dvar": 1.56403517723,
        "dvar2": 3.89389276505,
        "max": 13.7273797989,
        "mean": 1.08089101315,
        "median": 0.57500565052,
        "min": 0.0472424775362,
        "var": 2.0103623867
    },
    "zerocrossingrate": {
        "dmean": 0.0183619447052,
        "dmean2": 0.0220815837383,
        "dvar": 0.000424619094701,
        "dvar2": 0.000509735371452,
        "max": 0.38720703125,
        "mean": 0.0809500813484,
        "median": 0.07421875,
        "min": 0.0078125,
        "var": 0.00191204145085
    },
    "barkbands": {
        "dmean": [2.75371148746e-05, 0.00197024084628, 0.00193277548533, 0.00141675840132, 0.00276604131795, 0.00134550826624, 0.00175973342266, 0.000828563352115, 0.00139740481973, 0.000832108256873, 0.000380738871172, 0.000431451859185, 0.000338412326528, 0.00040474627167, 0.000775945896748, 0.0003512079129, 0.000300591462292, 0.000310500443447, 0.000104241094959, 0.00046952298726, 0.000246217095992, 0.000284359033685, 0.000255350605585, 0.000278968480416, 0.000284596346319, 0.00013078135089, 8.91236098255e-08],
        "dmean2": [4.51160231023e-05, 0.0030595199205, 0.00320273078978, 0.00249738595448, 0.00407939730212, 0.00215003592893, 0.00290820724331, 0.00136223249137, 0.00226977467537, 0.00133068568539, 0.000589238479733, 0.000730295258109, 0.000517521577422, 0.000646336411592, 0.00117920758203, 0.000538231164683, 0.000465158285806, 0.000496832071804, 0.000168797472725, 0.000692802655976, 0.000389249966247, 0.000469269987661, 0.000456583249616, 0.000476680172142, 0.000475841050502, 0.000232783146203, 1.72216530814e-07],
        "dvar": [3.36699645942e-09, 1.31636134029e-05, 1.93163286895e-05, 7.76645174483e-06, 2.59277931036e-05, 5.73874922338e-06, 1.30592661662e-05, 2.25169878831e-06, 7.10429594619e-06, 2.08187498174e-06, 3.46982659494e-07, 6.99423083006e-07, 4.30185110645e-07, 5.08374682795e-07, 1.7375796233e-06, 4.52187350675e-07, 2.28954206705e-07, 2.97245037473e-07, 2.24015419548e-08, 5.58574299703e-07, 1.44764030097e-07, 1.95545908355e-07, 2.72455906725e-07, 2.82155099285e-07, 3.76284418735e-07, 6.95659636563e-08, 1.46543720084e-13],
        "dvar2": [7.48415107665e-09, 3.12728188874e-05, 4.91128812428e-05, 2.03096897167e-05, 5.17608095834e-05, 1.27462944874e-05, 3.27479174302e-05, 5.49893957213e-06, 1.79697817657e-05, 5.16281306773e-06, 8.29620034892e-07, 1.89594754829e-06, 9.38143443818e-07, 1.21917389606e-06, 3.78805657419e-06, 9.35687012316e-07, 5.15779049692e-07, 7.66884056702e-07, 5.66560345305e-08, 1.1090650105e-06, 3.28294362362e-07, 5.12039150635e-07, 7.48195361666e-07, 7.0280896125e-07, 8.68939935117e-07, 1.85185271562e-07, 4.23116918022e-13],
        "max": [0.000923765241168, 0.0352736413479, 0.0597229637206, 0.0234857648611, 0.048182670027, 0.0274696536362, 0.02850792557, 0.0136758722365, 0.0339582636952, 0.0143303228542, 0.00807495880872, 0.0125116854906, 0.00784780271351, 0.0100286770612, 0.0146873462945, 0.00762000214309, 0.00611957488582, 0.00657711457461, 0.0021553162951, 0.00904206559062, 0.0056323283352, 0.00526026729494, 0.00596074992791, 0.00541986012831, 0.00825600884855, 0.00218426482752, 4.07085826737e-06],
        "mean": [4.02866098739e-05, 0.00431594159454, 0.0031625200063, 0.00161960138939, 0.00345281581394, 0.00168773706537, 0.00220239791088, 0.00113241118379, 0.00158637284767, 0.00119283178356, 0.000570644740947, 0.000525161914993, 0.000531290774234, 0.000568710383959, 0.00112138874829, 0.000535318278708, 0.000519568624441, 0.000411132292356, 0.000169248582097, 0.000860010855831, 0.000362196442438, 0.000363972707419, 0.000196614608285, 0.000265558541287, 0.000254195503658, 9.33448463911e-05, 4.80435815575e-08],
        "median": [5.39699522051e-06, 0.00203148834407, 0.00119980133604, 0.000358098652214, 0.00101789133623, 0.00084016029723, 0.000955523690209, 0.000402597943321, 0.000682511657942, 0.000420170021243, 0.000291225296678, 0.000212638420635, 0.000206680269912, 0.000188792982954, 0.000412472552853, 0.00018633469881, 0.00024152478727, 0.000186912817298, 8.25152892503e-05, 0.000332964467816, 0.000148448714754, 0.000184579243069, 5.20670437254e-05, 7.66463926993e-05, 2.59678818111e-05, 6.99021211403e-06, 4.78522554914e-10],
        "min": [6.03312821923e-09, 8.28717986678e-07, 1.00362967714e-07, 5.08646962771e-07, 7.41715894037e-06, 9.21886385186e-06, 1.08174890556e-06, 1.14825388664e-06, 6.40883581582e-06, 2.67445057034e-06, 2.51767914961e-06, 2.75611114375e-06, 1.99970099857e-06, 2.72685042546e-06, 4.57153919342e-06, 2.8678284707e-06, 2.01713282877e-06, 1.83238398677e-06, 6.05403499776e-07, 6.66465325594e-07, 8.02289605417e-07, 7.49923458443e-07, 1.81111644793e-07, 6.95556963137e-08, 1.53215906629e-09, 1.56821985953e-10, 9.1620478565e-12],
        "var": [7.31031146728e-09, 2.61721343122e-05, 2.5803095923e-05, 9.31244176172e-06, 4.09376370953e-05, 7.35579669708e-06, 1.36990574902e-05, 3.17518811244e-06, 7.12979954187e-06, 3.40613019034e-06, 5.50033632862e-07, 7.68881591284e-07, 8.10316748812e-07, 9.13121994017e-07, 3.28288183482e-06, 9.0177218226e-07, 5.42444581697e-07, 3.57769749826e-07, 4.25131823079e-08, 1.42332987707e-06, 2.80094440086e-07, 2.18623199544e-07, 1.78031740461e-07, 2.90703894734e-07, 4.7386612323e-07, 5.25782013483e-08, 7.89126048035e-14]
    },
    "erbbands": {
        "dmean": [0.037274338305, 0.517358839512, 1.89517068863, 4.01845264435, 5.20631599426, 8.85026168823, 15.3053779602, 12.7920360565, 24.9416751862, 17.0301437378, 23.2077980042, 35.6195678711, 24.8655910492, 20.3129177094, 15.9114046097, 17.9301261902, 14.0291023254, 17.4766597748, 41.374294281, 24.4360389709, 15.7427949905, 15.4748392105, 18.3008537292, 5.82981538773, 6.94724082947, 21.940448761, 13.6794548035, 10.1290864944, 10.3422079086, 6.23045158386, 7.33979320526, 6.67954540253, 4.80551052094, 3.58553814888, 1.7875880003, 0.672635793686, 0.210803925991, 0.0167699605227, 0.000338802434271, 3.39813850587e-05],
        "dmean2": [0.0592045858502, 0.803737401962, 3.09406399727, 6.87483453751, 8.73435497284, 13.363732338, 22.3388290405, 20.7752876282, 40.6073188782, 29.4633827209, 38.1258544922, 57.4982681274, 41.3945541382, 31.1680927277, 24.6716537476, 30.1867828369, 21.3131122589, 27.4225978851, 61.5641708374, 37.1617431641, 23.2232627869, 23.9921474457, 29.4041843414, 9.31217575073, 10.6974983215, 32.2452659607, 20.6996212006, 16.1643886566, 17.2550601959, 10.5791492462, 13.1066474915, 11.743639946, 8.0760974884, 6.0326757431, 2.91023778915, 1.15917849541, 0.380343616009, 0.0307242479175, 0.000612138479482, 5.55595215701e-05],
        "dvar": [0.00477221282199, 0.9276881814, 15.8377876282, 65.1574859619, 88.3947219849, 295.090362549, 1287.66003418, 537.723388672, 2260.70385742, 1217.02734375, 1673.82531738, 4593.72705078, 2699.35498047, 1029.92175293, 632.309814453, 1208.17663574, 668.18572998, 1025.49536133, 4594.13378906, 2046.03991699, 852.242248535, 684.889526367, 1081.67285156, 58.0280647278, 90.5920944214, 1291.71228027, 501.257751465, 229.58833313, 288.68850708, 106.860557556, 232.856109619, 173.684661865, 88.9650726318, 57.9291267395, 18.5099945068, 1.92224085331, 0.197469681501, 0.00138099619653, 5.01424608501e-07, 2.69379474283e-09],
        "dvar2": [0.01097954344, 2.2049806118, 39.7658233643, 168.240646362, 208.973327637, 660.025634766, 2459.81030273, 1304.47338867, 5485.49560547, 3205.65332031, 4158.43164062, 11626.9228516, 7025.76220703, 2489.01196289, 1499.23413086, 3231.10058594, 1382.41564941, 2463.86181641, 9203.97167969, 4752.61328125, 1749.72216797, 1564.78063965, 2761.1262207, 144.570098877, 216.588348389, 2658.03051758, 1040.93652344, 578.959472656, 754.873962402, 283.806671143, 639.297241211, 462.403808594, 214.465942383, 144.596115112, 39.3556365967, 4.75245571136, 0.536984503269, 0.00380895426497, 1.37126517075e-06, 7.02329217006e-09],
        "max": [0.606618106365, 9.52418899536, 48.0385742188, 84.399055481, 104.882171631, 188.554382324, 343.831085205, 314.076080322, 409.597229004, 288.439910889, 345.237976074, 770.672424316, 505.832977295, 379.279602051, 291.228485107, 506.312103271, 353.725311279, 520.276550293, 911.55291748, 613.049621582, 384.708435059, 323.528289795, 397.869720459, 81.4834442139, 119.518974304, 401.207824707, 364.89151001, 153.155838013, 237.759338379, 83.1218414307, 164.12109375, 97.310333252, 127.992332458, 62.8756713867, 89.4184341431, 16.1557235718, 3.98043966293, 0.270058959723, 0.00518841156736, 0.000401543918997],
        "mean": [0.0894981846213, 1.1007527113, 3.3702147007, 5.40793848038, 6.27287769318, 10.3843955994, 18.4152812958, 15.7642307281, 33.7714729309, 17.519493103, 31.9712944031, 41.7585296631, 33.419960022, 31.6097793579, 26.1955757141, 23.1646251678, 23.8607139587, 28.7766513824, 65.9921722412, 36.7478065491, 27.6814422607, 27.8126335144, 25.0957794189, 10.7339363098, 12.2551422119, 40.3027915955, 25.6797485352, 13.899102211, 13.7397499084, 6.53745508194, 5.63532543182, 5.63314390182, 4.615275383, 3.11437630653, 1.63149762154, 0.534192323685, 0.14301097393, 0.010741058737, 0.000242253474426, 4.99214365846e-05],
        "median": [0.0266710165888, 0.594163835049, 1.72246956825, 1.57475793362, 2.17003846169, 3.29564094543, 5.4617934227, 8.50487422943, 14.9824638367, 7.69484615326, 12.7219734192, 18.2028865814, 13.1962099075, 11.4592990875, 15.0888957977, 10.2450408936, 11.2297592163, 14.20677948, 27.3682994843, 16.4440441132, 10.7884788513, 13.2627429962, 13.7192678452, 5.70719671249, 9.15216445923, 15.5777759552, 9.14655303955, 5.92465305328, 6.85081958771, 3.12638092041, 1.4495215416, 1.58021593094, 1.22750103474, 0.375568181276, 0.160005375743, 0.0442179702222, 0.0108531517908, 0.000790876278188, 3.47630630131e-05, 3.49728252331e-05],
        "min": [3.51467824657e-05, 0.000206618249649, 0.000641485676169, 0.00271008396521, 0.0207648910582, 0.0156862847507, 0.101994588971, 0.148950830102, 0.188218221068, 0.0793974623084, 0.202384904027, 0.262576967478, 0.263999521732, 0.474511414766, 0.243816494942, 0.191046729684, 0.173278972507, 0.276192963123, 0.267571568489, 0.257700771093, 0.207011893392, 0.156132251024, 0.117010459304, 0.0517982952297, 0.0326373875141, 0.0342428646982, 0.0718750059605, 0.0445525422692, 0.0382074154913, 0.00925349909812, 0.00478501571342, 0.00240737502463, 0.000520109781064, 4.70915219921e-05, 6.44090177957e-05, 1.05132667159e-05, 4.41353222413e-06, 4.54278193729e-07, 4.68502207696e-07, 8.54995278132e-07],
        "var": [0.0128029836342, 1.78748083115, 22.1557331085, 88.370765686, 125.68573761, 390.4453125, 1862.72888184, 595.397949219, 2798.30761719, 955.60559082, 2245.13183594, 4730.70654297, 3517.66210938, 2188.10009766, 1015.37036133, 1403.07141113, 1410.68566895, 1732.36853027, 10534.2431641, 3413.76367188, 1964.41784668, 1498.08532715, 1216.2713623, 149.523330688, 160.914901733, 3035.63183594, 1329.84033203, 332.932739258, 332.088684082, 92.7893447876, 152.129852295, 134.887161255, 104.349571228, 62.3386383057, 26.6130447388, 1.92360723019, 0.133474931121, 0.000868728908245, 3.31512836738e-07, 2.47899700767e-09]
    },
    "gfcc": {
        "mean": [20.3510856628, 79.7093200684, -129.433700562, 35.3986091614, -70.7940063477, 16.6410484314, -40.7662124634, 8.61496257782, -21.6963634491, 7.49161481857, -18.1133728027, -3.52927923203, -4.46898460388],
        "cov": [[2891.67626953, -905.942626953, 524.167785645, 129.114624023, 41.192024231, 251.289016724, -108.11580658, 175.274978638, -181.019378662, 98.5036697388, -283.898040771, 106.93838501, -151.222885132], [-905.942626953, 1358.38525391, -69.6539764404, 346.697723389, 287.345092773, -7.37073230743, 352.81427002, -121.798179626, 165.623565674, -175.283706665, 192.983261108, -178.059127808, 84.6296463013], [524.167785645, -69.6539764404, 1136.76049805, 180.884368896, 181.467178345, 244.253845215, -104.057090759, 175.670974731, -48.7403526306, 12.6387939453, -81.6005554199, 100.517799377, -85.4012527466], [129.114624023, 346.697723389, 180.884368896, 544.561218262, 254.45866394, 79.0287475586, 132.583526611, -7.80658340454, 132.720428467, -40.2000274658, -46.1813659668, -59.6292648315, 112.450401306], [41.192024231, 287.345092773, 181.467178345, 254.45866394, 297.21081543, 111.061584473, 105.124443054, 58.2275238037, 45.1782531738, -49.4879341125, -15.9300260544, -41.9314727783, 11.0340862274], [251.289016724, -7.37073230743, 244.253845215, 79.0287475586, 111.061584473, 246.214752197, 71.3370819092, 92.4235229492, -32.1617965698, -29.8676891327, 13.48828125, -10.5787878036, -30.4109764099], [-108.11580658, 352.81427002, -104.057090759, 132.583526611, 105.124443054, 71.3370819092, 293.532104492, -40.8660736084, 20.1525974274, -8.06449317932, 38.391292572, -71.6378479004, 16.6841773987], [175.274978638, -121.798179626, 175.670974731, -7.80658340454, 58.2275238037, 92.4235229492, -40.8660736084, 213.380096436, 24.2378845215, -22.2657966614, 1.92874705791, 27.8060264587, -45.8491363525], [-181.019378662, 165.623565674, -48.7403526306, 132.720428467, 45.1782531738, -32.1617965698, 20.1525974274, 24.2378845215, 168.850601196, 1.12437045574, 9.98627090454, -16.7394371033, 62.3066940308], [98.5036697388, -175.283706665, 12.6387939453, -40.2000274658, -49.4879341125, -29.8676891327, -8.06449317932, -22.2657966614, 1.12437045574, 183.438461304, -26.142206192, 22.0865898132, 28.6544456482], [-283.898040771, 192.983261108, -81.6005554199, -46.1813659668, -15.9300260544, 13.48828125, 38.391292572, 1.92874705791, 9.98627090454, -26.142206192, 165.926651001, -3.56680226326, -11.5550498962], [106.93838501, -178.059127808, 100.517799377, -59.6292648315, -41.9314727783, -10.5787878036, -71.6378479004, 27.8060264587, -16.7394371033, 22.0865898132, -3.56680226326, 128.868865967, -11.5270042419], [-151.222885132, 84.6296463013, -85.4012527466, 112.450401306, 11.0340862274, -30.4109764099, 16.6841773987, -45.8491363525, 62.3066940308, 28.6544456482, -11.5550498962, -11.5270042419, 150.502120972]],
        "icov": [[0.000653952709399, 0.000217848704779, 8.873767365e-05, -0.000683896243572, 0.000286681286525, -0.000491719227284, 4.33526583947e-05, -0.000275833474007, 0.000570108008105, -0.000314495118801, 0.000741692725569, -0.00027554522967, 0.000746409059502], [0.000217848704779, 0.00412333896384, -0.00164219643921, 0.000734794302844, -0.00278134061955, 0.00298824207857, -0.00363239948638, 0.00230972631834, -0.00243715359829, 0.00325674470514, -0.00409706588835, 0.00284904544242, -0.00137399509549], [8.873767365e-05, -0.00164219643921, 0.00249165808782, -0.00142282480374, 0.000776505330577, -0.00279215234332, 0.002591927303, -0.00132513674907, 0.00163020379841, -0.00208716816269, 0.00226162723266, -0.00239315698855, 0.0018902476877], [-0.000683896243572, 0.000734794302844, -0.00142282480374, 0.0062739723362, -0.00393109302968, 0.000932613795158, -0.00194553751498, 0.00234680925496, -0.00407419214025, 0.0021804550197, -0.000654829607811, 0.00153987389058, -0.00384896923788], [0.000286681286525, -0.00278134061955, 0.000776505330577, -0.00393109302968, 0.00962461531162, -0.00314863980748, 0.00119647476822, -0.00347035308369, 0.0023747975938, -0.00168988690712, 0.00367350899614, -0.00132028548978, 0.00221766205505], [-0.000491719227284, 0.00298824207857, -0.00279215234332, 0.000932613795158, -0.00314863980748, 0.0110043482855, -0.00515702739358, -0.00111769349314, 0.000319854705594, 0.00337526970543, -0.0050190789625, 0.00348546449095, -0.00266343541443], [4.33526583947e-05, -0.00363239948638, 0.002591927303, -0.00194553751498, 0.00119647476822, -0.00515702739358, 0.00918167177588, -0.000623734027613, 0.00233780359849, -0.00413340423256, 0.0028067138046, -0.00145018356852, 0.00259645120241], [-0.000275833474007, 0.00230972631834, -0.00132513674907, 0.00234680925496, -0.00347035308369, -0.00111769349314, -0.000623734027613, 0.00963608268648, -0.00537914223969, 0.00246857828461, -0.00259856577031, 0.00074988452252, 0.000566776958294], [0.000570108008105, -0.00243715359829, 0.00163020379841, -0.00407419214025, 0.0023747975938, 0.000319854705594, 0.00233780359849, -0.00537914223969, 0.0125164091587, -0.00300456909463, 0.0018926828634, -0.00160592922475, -0.000682239304297], [-0.000314495118801, 0.00325674470514, -0.00208716816269, 0.0021804550197, -0.00168988690712, 0.00337526970543, -0.00413340423256, 0.00246857828461, -0.00300456909463, 0.00952139496803, -0.00278272223659, 0.00187488493975, -0.00358365569264], [0.000741692725569, -0.00409706588835, 0.00226162723266, -0.000654829607811, 0.00367350899614, -0.0050190789625, 0.0028067138046, -0.00259856577031, 0.0018926828634, -0.00278272223659, 0.012689543888, -0.00411115773022, 0.00284106773324], [-0.00027554522967, 0.00284904544242, -0.00239315698855, 0.00153987389058, -0.00132028548978, 0.00348546449095, -0.00145018356852, 0.00074988452252, -0.00160592922475, 0.00187488493975, -0.00411115773022, 0.0125483516604, -0.0022438399028], [0.000746409059502, -0.00137399509549, 0.0018902476877, -0.00384896923788, 0.00221766205505, -0.00266343541443, 0.00259645120241, 0.000566776958294, -0.000682239304297, -0.00358365569264, 0.00284106773324, -0.0022438399028, 0.0123105319217]]
    },
    "melbands": {
        "dmean": [0.000444846751634, 0.000888024573214, 0.000702208373696, 0.000460910086986, 0.00055874499958, 0.000272600125754, 0.000369921792299, 0.000171038031112, 0.00020604999736, 0.000216978776734, 0.000122321551316, 8.62336237333e-05, 5.10406171088e-05, 4.85638483951e-05, 3.46353263012e-05, 3.81257668778e-05, 3.31730152539e-05, 6.50420915917e-05, 4.71504099551e-05, 2.92329259537e-05, 1.84578402695e-05, 1.83582687896e-05, 1.98398520297e-05, 1.17380823212e-05, 4.50448396805e-06, 4.22655193688e-06, 9.07798494154e-06, 1.70578041434e-05, 1.20997901831e-05, 3.85583689422e-06, 7.17089551472e-06, 7.35215598979e-06, 3.82730422643e-06, 3.33734874403e-06, 4.016247658e-06, 5.37649293619e-06, 3.5733560253e-06, 3.44987188328e-06, 3.62641981155e-06, 2.76962236967e-06],
        "dmean2": [0.000698384945281, 0.00142178311944, 0.00120451266412, 0.000739770650398, 0.000813375401776, 0.000438984920038, 0.000606855086517, 0.000294744968414, 0.000340455473633, 0.000349584093783, 0.000203341944143, 0.000133059351356, 7.88803954492e-05, 7.96332024038e-05, 5.80903360969e-05, 5.78606159252e-05, 5.26602234459e-05, 9.74806171143e-05, 7.30706669856e-05, 4.48837963631e-05, 2.7467182008e-05, 2.85228288703e-05, 3.18424390571e-05, 1.87798887055e-05, 7.40348696127e-06, 6.90071874487e-06, 1.37968199851e-05, 2.50562934525e-05, 1.82905369002e-05, 6.02992849963e-06, 1.16413038995e-05, 1.23443614939e-05, 6.2200379034e-06, 5.80346340939e-06, 7.17364036973e-06, 9.68841413851e-06, 6.12546818957e-06, 5.71899272472e-06, 6.35690867057e-06, 4.57601345261e-06],
        "dvar": [6.56329575577e-07, 2.95669792649e-06, 1.74954277554e-06, 6.79856668739e-07, 1.70479006556e-06, 2.25859196235e-07, 5.24290385329e-07, 1.0809676354e-07, 1.29350681277e-07, 1.66744257513e-07, 6.6896554074e-08, 1.93513010061e-08, 6.42786224248e-09, 8.44312708637e-09, 3.6901983691e-09, 6.38162367395e-09, 4.21412860163e-09, 1.08490043615e-08, 6.87465373517e-09, 3.47956619073e-09, 1.16621967639e-09, 1.18170750962e-09, 1.15381637578e-09, 3.598495113e-10, 3.70611527578e-11, 5.23313059553e-11, 2.12345876993e-10, 8.18821899173e-10, 4.81508666272e-10, 2.5044671198e-11, 1.27189300758e-10, 1.74295591848e-10, 3.29053242987e-11, 3.55999708879e-11, 7.47017725455e-11, 1.28728416815e-10, 5.00538534232e-11, 4.97567334556e-11, 7.19835233087e-11, 3.49384098042e-11],
        "dvar2": [1.55436669047e-06, 7.30181045583e-06, 4.54913651993e-06, 1.51720962549e-06, 3.25862311001e-06, 5.39418238077e-07, 1.29798615944e-06, 2.82619083691e-07, 3.26186778921e-07, 4.18910900635e-07, 1.74152319232e-07, 4.63347191726e-08, 1.49438772468e-08, 2.21347598028e-08, 9.81361836239e-09, 1.40150486772e-08, 1.020412288e-08, 2.15951132532e-08, 1.67149174501e-08, 7.28331883693e-09, 2.49936316088e-09, 2.73789635408e-09, 2.9417885905e-09, 9.21553500177e-10, 9.167878956e-11, 1.3737477822e-10, 4.5573769758e-10, 1.67863500877e-09, 1.03513631e-09, 5.92698459756e-11, 3.27693372437e-10, 4.70590455492e-10, 8.23599313748e-11, 9.53937692727e-11, 2.05525554908e-10, 3.52725793018e-10, 1.28673613431e-10, 1.15430998093e-10, 1.97106178601e-10, 8.3596345124e-11],
        "max": [0.00704629439861, 0.0192989166826, 0.0121217155829, 0.0100525729358, 0.0119547657669, 0.00624294625595, 0.00590465962887, 0.00285584339872, 0.00284631294198, 0.00474005611613, 0.00257326709107, 0.00158980302513, 0.00102711725049, 0.00127645442262, 0.000848581665196, 0.00101987773087, 0.00119493308011, 0.00139595847577, 0.000889425282367, 0.000762380892411, 0.000399976532208, 0.000464806595119, 0.000374391034711, 0.000216462358367, 5.60936932743e-05, 0.000120042386698, 0.000224827657803, 0.00038530441816, 0.000346269254806, 5.54118159926e-05, 9.60936449701e-05, 0.000170842540683, 5.7281125919e-05, 4.20023679908e-05, 7.47208832763e-05, 0.00013821493485, 6.90774759278e-05, 0.000117756797408, 9.05883280211e-05, 6.61609665258e-05],
        "mean": [0.00102386320941, 0.00172591302544, 0.000932328461204, 0.000575606129132, 0.00065897841705, 0.000353794021066, 0.000482782459585, 0.000176986330189, 0.000268795964075, 0.000251228600973, 0.000161015210324, 0.000129758060211, 8.06383177405e-05, 6.77430580254e-05, 4.25559846917e-05, 6.12864459981e-05, 4.91366590722e-05, 0.000104364218714, 6.30517897662e-05, 4.46425801783e-05, 3.00580941257e-05, 3.1358878914e-05, 2.57381834672e-05, 1.69201648532e-05, 7.7109425547e-06, 6.05155173616e-06, 1.45216890814e-05, 3.07345726469e-05, 2.19296089199e-05, 5.62533796256e-06, 9.00657050806e-06, 9.008640518e-06, 4.95393760502e-06, 3.01595287056e-06, 3.03416936731e-06, 3.92266883864e-06, 3.15925467476e-06, 3.40964652423e-06, 2.93492325909e-06, 2.41043539972e-06],
        "median": [0.000407291168813, 0.00111363979522, 0.000365043553757, 0.000199620320927, 0.00018186676607, 0.000199381494895, 0.000212197206565, 7.41033800296e-05, 0.000106489445898, 0.000105471604911, 5.6757555285e-05, 4.03410813306e-05, 4.40528820036e-05, 3.50284208253e-05, 1.96395576495e-05, 2.22372527787e-05, 1.61472307809e-05, 3.99823547923e-05, 2.42634232563e-05, 1.41084401548e-05, 1.17167382996e-05, 1.22617339002e-05, 1.3032449715e-05, 6.72094620313e-06, 3.90619743484e-06, 2.74228159469e-06, 8.36035451357e-06, 9.76613500825e-06, 5.90862555327e-06, 2.67038080892e-06, 3.35686445396e-06, 4.06212893722e-06, 2.39497148868e-06, 1.23662880469e-06, 7.35330445423e-07, 8.64839535097e-07, 8.62581202909e-07, 9.39980793646e-07, 4.98817144035e-07, 2.5450327712e-07],
        "min": [2.30281045788e-07, 1.98219737513e-07, 4.83856183564e-07, 1.56826979492e-06, 1.60123897786e-06, 2.35721859099e-06, 1.59428100233e-06, 6.6904618734e-07, 6.0665104229e-07, 1.11304223083e-06, 5.50026243218e-07, 3.19617868172e-07, 7.33448871415e-07, 3.56080022357e-07, 1.92033198232e-07, 3.8953226067e-07, 3.06669903694e-07, 3.97967340859e-07, 2.75792103821e-07, 2.00133300154e-07, 1.42563735039e-07, 1.23746019653e-07, 8.83994957235e-08, 5.99420033609e-08, 2.20540830043e-08, 1.95703524497e-08, 1.54101265082e-08, 2.41559110492e-08, 4.57452244973e-08, 2.26898588807e-08, 2.08984314298e-08, 1.97652649803e-08, 1.29210295796e-08, 2.65307420477e-09, 9.38914154758e-11, 1.80512249592e-09, 3.18047699288e-10, 5.10809561316e-10, 1.28492841367e-11, 1.38962398446e-12],
