{
"highlevel": {
    "danceability": {
        "all": {
            "danceable": 0.939472734928,
            "not_danceable": 0.0605272464454
        },
        "probability": 0.939472734928,
        "value": "danceable"
    },
    "gender": {
        "all": {
            "female": 0.741002500057,
            "male": 0.258997499943
        },
        "probability": 0.741002500057,
        "value": "female"
    },
    "genre_dortmund": {
        "all": {
            "alternative": 0.0358389616013,
            "blues": 0.467772454023,
            "electronic": 0.0225603636354,
            "folkcountry": 0.0236957147717,
            "funksoulrnb": 0.00626122858375,
            "jazz": 0.0749811828136,
            "pop": 0.0143555421382,
            "raphiphop": 0.00622177496552,
            "rock": 0.34831276536
        },
        "probability": 0.467772454023,
        "value": "blues"
    },
    "genre_electronic": {
        "all": {
            "ambient": 0.220315396786,
            "dnb": 0.622147262096,
            "house": 0.101862847805,
            "techno": 0.0226946361363,
            "trance": 0.0329798907042
        },
        "probability": 0.622147262096,
        "value": "dnb"
    },
    "genre_rosamerica": {
        "all": {
            "cla": 0.0164281558245,
            "dan": 0.0252950768918,
            "hip": 0.240372598171,
            "jaz": 0.0213526450098,
            "pop": 0.0477960854769,
            "rhy": 0.0364811122417,
            "roc": 0.596700251102,
            "spe": 0.0155740613118
        },
        "probability": 0.596700251102,
        "value": "roc"
    },
    "genre_tzanetakis": {
        "all": {
            "blu": 0.0626541376114,
            "cla": 0.0348133966327,
            "cou": 0.0783501937985,
            "dis": 0.104547761381,
            "hip": 0.15693578124,
            "jaz": 0.313987255096,
            "met": 0.044816005975,
            "pop": 0.0627349764109,
            "reg": 0.0627352520823,
            "roc": 0.0784252434969
        },
        "probability": 0.313987255096,
        "value": "jaz"
    },
    "ismir04_rhythm": {
        "all": {
            "ChaChaCha": 0.665367841721,
            "Jive": 0.160360053182,
            "Quickstep": 0.0396404191852,
            "Rumba-American": 0.0077419327572,
            "Rumba-International": 0.00179064029362,
            "Rumba-Misc": 0.000810200581327,
            "Samba": 0.0518486276269,
            "Tango": 0.0400463715196,
            "VienneseWaltz": 0.0299286730587,
            "Waltz": 0.00246523553506
        },
        "probability": 0.665367841721,
        "value": "ChaChaCha"
    },
    "mood_acoustic": {
        "all": {
            "acoustic": 8.43600173539e-06,
            "not_acoustic": 0.99999153614
        },
        "probability": 0.99999153614,
        "value": "not_acoustic"
    },
    "mood_aggressive": {
        "all": {
            "aggressive": 0.989605605602,
            "not_aggressive": 0.0103943841532
        },
        "probability": 0.989605605602,
        "value": "aggressive"
    },
    "mood_electronic": {
        "all": {
            "electronic": 0.13730661571,
            "not_electronic": 0.862693369389
        },
        "probability": 0.862693369389,
        "value": "not_electronic"
    },
    "mood_happy": {
        "all": {
            "happy": 0.216292023659,
            "not_happy": 0.783707976341
        },
        "probability": 0.783707976341,
        "value": "not_happy"
    },
    "mood_party": {
        "all": {
            "not_party": 0.123510308564,
            "party": 0.876489698887
        },
        "probability": 0.876489698887,
        "value": "party"
    },
    "mood_relaxed": {
        "all": {
            "not_relaxed": 0.911625564098,
            "relaxed": 0.0883744284511
        },
        "probability": 0.911625564098,
        "value": "not_relaxed"
    },
    "mood_sad": {
        "all": {
            "not_sad": 0.960450291634,
            "sad": 0.0395497120917
        },
        "probability": 0.960450291634,
        "value": "not_sad"
    },
    "moods_mirex": {
        "all": {
            "Cluster1": 0.113528735936,
            "Cluster2": 0.0480219237506,
            "Cluster3": 0.0321837216616,
            "Cluster4": 0.0283350609243,
            "Cluster5": 0.777930557728
        },
        "probability": 0.777930557728,
        "value": "Cluster5"
    },
    "timbre": {
        "all": {
            "bright": 0.943126440048,
            "dark": 0.0568735674024
        },
        "probability": 0.943126440048,
        "value": "bright"
    },
    "tonal_atonal": {
        "all": {
            "atonal": 0.990413665771,
            "tonal": 0.0095863295719
        },
        "probability": 0.990413665771,
        "value": "atonal"
    },
    "voice_instrumental": {
        "all": {
            "instrumental": 0.461429148912,
            "voice": 0.538570821285
        },
        "probability": 0.538570821285,
        "value": "voice"
    }
},
"lowlevel": {
    "average_loudness": 0.965829074383,
    "barkbands_crest": {
        "dmean": 2.54720711708,
        "dmean2": 4.27396869659,
        "dvar": 9.82055568695,
        "dvar2": 29.023349762,
        "max": 24.4803829193,
        "mean": 10.094751358,
        "median": 9.02711868286,
        "min": 2.70447993279,
        "var": 24.7142868042
    },
    "barkbands_flatness_db": {
        "dmean": 0.0209138914943,
        "dmean2": 0.0352905727923,
        "dvar": 0.000653383845929,
        "dvar2": 0.00190208351705,
        "max": 0.409235447645,
        "mean": 0.162576183677,
        "median": 0.131619602442,
        "min": 0.0474371276796,
        "var": 0.00587451970205
    },
    "barkbands_kurtosis": {
        "dmean": 3.73614931107,
        "dmean2": 6.70361042023,
        "dvar": 116.962593079,
        "dvar2": 391.481811523,
        "max": 122.872558594,
        "mean": 5.00347709656,
        "median": -0.78945016861,
        "min": -1.80496966839,
        "var": 230.885192871
    },
    "barkbands_skewness": {
        "dmean": 0.585938692093,
        "dmean2": 0.975242912769,
        "dvar": 0.742599785328,
        "dvar2": 2.17527246475,
        "max": 9.44018363953,
        "mean": 1.14820158482,
        "median": 0.67350846529,
        "min": -1.878251791,
        "var": 3.64000916481
    },
    "barkbands_spread": {
        "dmean": 6.11491441727,
        "dmean2": 9.79022884369,
        "dvar": 60.6513710022,
        "dvar2": 152.365661621,
        "max": 85.6344223022,
        "mean": 36.5300369263,
        "median": 41.7869949341,
        "min": 1.10602676868,
        "var": 338.916656494
    },
    "dissonance": {
        "dmean": 0.00561725813895,
        "dmean2": 0.00949639827013,
        "dvar": 3.0811970646e-05,
        "dvar2": 8.74320612638e-05,
        "max": 0.500000059605,
        "mean": 0.483128905296,
        "median": 0.485726743937,
        "min": 0.426542729139,
        "var": 0.000132618806674
    },
    "dynamic_complexity": 2.69520306587,
    "erbbands_crest": {
        "dmean": 1.95170378685,
        "dmean2": 3.19004273415,
        "dvar": 3.441188097,
        "dvar2": 8.83061408997,
        "max": 22.6524200439,
        "mean": 9.66974163055,
        "median": 8.66939163208,
        "min": 2.96221017838,
        "var": 17.0983943939
    },
    "erbbands_flatness_db": {
        "dmean": 0.0118920877576,
        "dmean2": 0.0178416147828,
        "dvar": 0.000149777217302,
        "dvar2": 0.000274858844932,
        "max": 0.305438101292,
        "mean": 0.181004852057,
        "median": 0.178903147578,
        "min": 0.0815318673849,
        "var": 0.00145813159179
    },
    "erbbands_kurtosis": {
        "dmean": 0.825808525085,
        "dmean2": 1.34591007233,
        "dvar": 0.856999278069,
        "dvar2": 2.22729635239,
        "max": 8.85125541687,
        "mean": 1.13232219219,
        "median": 0.871919393539,
        "min": -1.71353471279,
        "var": 4.35620117188
    },
    "erbbands_skewness": {
        "dmean": 0.222739934921,
        "dmean2": 0.36176264286,
        "dvar": 0.051441192627,
        "dvar2": 0.128316327929,
        "max": 2.1587395668,
        "mean": -0.681615829468,
        "median": -0.921328723431,
        "min": -2.2272746563,
        "var": 0.641561210155
    },
    "erbbands_spread": {
        "dmean": 6.54117679596,
        "dmean2": 10.3429908752,
        "dvar": 64.7181854248,
        "dvar2": 161.48890686,
        "max": 102.486907959,
        "mean": 38.4713020325,
        "median": 36.016544342,
        "min": 9.31300449371,
        "var": 298.739135742
    },
    "hfc": {
        "dmean": 4.76046895981,
        "dmean2": 7.27547693253,
        "dvar": 40.2411308289,
        "dvar2": 92.1255111694,
        "max": 82.1018371582,
        "mean": 26.797252655,
        "median": 26.3063182831,
        "min": 0.668980240822,
        "var": 381.039245605
    },
    "melbands_crest": {
        "dmean": 2.62835645676,
        "dmean2": 4.33059501648,
        "dvar": 8.34679317474,
        "dvar2": 20.7596817017,
        "max": 28.1405773163,
        "mean": 14.4868555069,
        "median": 13.8143815994,
        "min": 4.80249738693,
        "var": 29.1331501007
    },
    "melbands_flatness_db": {
        "dmean": 0.0254810675979,
        "dmean2": 0.0422727018595,
        "dvar": 0.00106310506817,
        "dvar2": 0.00290087913163,
        "max": 0.508666694164,
        "mean": 0.192330613732,
        "median": 0.153642073274,
        "min": 0.0326449908316,
        "var": 0.0125504164025
    },
    "melbands_kurtosis": {
        "dmean": 8.99079799652,
        "dmean2": 15.6501121521,
        "dvar": 455.181060791,
        "dvar2": 1345.53771973,
        "max": 248.648498535,
        "mean": 16.731344223,
        "median": 4.13782978058,
        "min": -1.67697906494,
        "var": 1029.00354004
    },
    "melbands_skewness": {
        "dmean": 0.787497580051,
        "dmean2": 1.28930842876,
        "dvar": 1.36056232452,
        "dvar2": 3.63050842285,
        "max": 12.7794532776,
        "mean": 2.73819065094,
        "median": 2.13980746269,
        "min": -0.712546646595,
        "var": 4.90774536133
    },
    "melbands_spread": {
        "dmean": 10.3782587051,
        "dmean2": 16.4167518616,
        "dvar": 188.745513916,
        "dvar2": 432.536743164,
        "max": 172.381958008,
        "mean": 48.6470947266,
        "median": 45.1545791626,
        "min": 0.866343438625,
        "var": 1208.8548584
    },
    "pitch_salience": {
        "dmean": 0.0695510059595,
        "dmean2": 0.117067299783,
        "dvar": 0.00615325383842,
        "dvar2": 0.0167441349477,
        "max": 0.812564074993,
        "mean": 0.513017773628,
        "median": 0.51863360405,
        "min": 0.140896573663,
        "var": 0.0153523217887
    },
    "silence_rate_20dB": {
        "dmean": 0,
        "dmean2": 0,
        "dvar": 0,
        "dvar2": 0,
        "max": 1,
        "mean": 1,
        "median": 1,
        "min": 1,
        "var": 0
    },
    "silence_rate_30dB": {
        "dmean": 0,
        "dmean2": 0,
        "dvar": 0,
        "dvar2": 0,
        "max": 1,
        "mean": 1,
        "median": 1,
        "min": 1,
        "var": 0
    },
    "silence_rate_60dB": {
        "dmean": 0.000773993786424,
        "dmean2": 0.00154918665066,
        "dvar": 0.000773394771386,
        "dvar2": 0.0015467867488,
        "max": 1,
        "mean": 0.00154679035768,
        "median": 0,
        "min": 0,
        "var": 0.00154439778998
    },
    "spectral_centroid": {
        "dmean": 188.699874878,
        "dmean2": 297.038421631,
        "dvar": 55678.6875,
        "dvar2": 137500.53125,
        "max": 4042.3684082,
        "mean": 2149.4440918,
        "median": 2418.34448242,
        "min": 293.92477417,
        "var": 734814.8125
    },
    "spectral_complexity": {
        "dmean": 3.37693500519,
        "dmean2": 5.26413631439,
        "dvar": 14.3943910599,
        "dvar2": 30.9256629944,
        "max": 54,
        "mean": 21.3588562012,
        "median": 23,
        "min": 1,
        "var": 126.152130127
    },
    "spectral_decrease": {
        "dmean": 1.71338720989e-09,
        "dmean2": 2.88802270987e-09,
        "dvar": 1.00060903686e-17,
        "dvar2": 2.78297704079e-17,
        "max": -9.96413715426e-11,
        "mean": -4.87924678438e-09,
        "median": -4.37316183266e-09,
        "min": -2.73668518957e-08,
        "var": 1.19328785654e-17
    },
    "spectral_energy": {
        "dmean": 0.00672246376052,
        "dmean2": 0.0112799508497,
        "dvar": 0.000142529184814,
        "dvar2": 0.000395841372665,
        "max": 0.104706332088,
        "mean": 0.0208459775895,
        "median": 0.019166149199,
        "min": 0.000507620163262,
        "var": 0.00018963747425
    },
    "spectral_energyband_high": {
        "dmean": 0.000345136068063,
        "dmean2": 0.000532515055966,
        "dvar": 1.91660973314e-07,
        "dvar2": 4.58943475223e-07,
        "max": 0.00633864523843,
        "mean": 0.0016478758771,
        "median": 0.00163133023307,
        "min": 1.99876285478e-06,
        "var": 1.81562916168e-06
    },
    "spectral_energyband_low": {
        "dmean": 0.0053718406707,
        "dmean2": 0.00933352671564,
        "dvar": 0.000154694876983,
        "dvar2": 0.000432650733273,
        "max": 0.0988308042288,
        "mean": 0.00839274190366,
        "median": 0.00516697671264,
        "min": 6.3509985921e-05,
        "var": 0.000138628965942
    },
    "spectral_energyband_middle_high": {
        "dmean": 0.00148050521966,
        "dmean2": 0.00232205027714,
        "dvar": 4.24742256655e-06,
        "dvar2": 9.8644195532e-06,
        "max": 0.0227649938315,
        "mean": 0.0060373689048,
        "median": 0.00512887630612,
        "min": 4.35771980847e-05,
        "var": 2.61311361101e-05
    },
    "spectral_energyband_middle_low": {
        "dmean": 0.00178320507985,
        "dmean2": 0.00279805809259,
        "dvar": 1.11294830276e-05,
        "dvar2": 2.89929503197e-05,
        "max": 0.0385964848101,
        "mean": 0.00594162149355,
        "median": 0.00388932158239,
        "min": 8.59132996993e-05,
        "var": 3.04987206619e-05
    },
    "spectral_entropy": {
        "dmean": 0.0914851054549,
        "dmean2": 0.142418831587,
        "dvar": 0.00885944440961,
        "dvar2": 0.0174363069236,
        "max": 8.590051651,
        "mean": 7.58315515518,
        "median": 7.67000102997,
        "min": 6.38219499588,
        "var": 0.169985607266
    },
    "spectral_flux": {
        "dmean": 0.0205511525273,
        "dmean2": 0.0318532437086,
        "dvar": 0.000671575195156,
        "dvar2": 0.00150542380288,
        "max": 0.277992248535,
        "mean": 0.0722990781069,
        "median": 0.0652108564973,
        "min": 0.00383357028477,
        "var": 0.00204790430143
    },
    "spectral_kurtosis": {
        "dmean": 1.37585937977,
        "dmean2": 2.44529891014,
        "dvar": 2.76119589806,
        "dvar2": 9.18410778046,
        "max": 17.2842540741,
        "mean": 3.06535458565,
        "median": 2.51701450348,
        "min": -0.15133023262,
        "var": 4.33767843246
    },
    "spectral_rms": {
        "dmean": 0.000649491965305,
        "dmean2": 0.00106343254447,
        "dvar": 8.39015399379e-07,
        "dvar2": 2.30259047385e-06,
        "max": 0.0101070525125,
        "mean": 0.00429733050987,
        "median": 0.0043241973035,
        "min": 0.000703732308466,
        "var": 1.87047760392e-06
    },
    "spectral_rolloff": {
        "dmean": 509.298370361,
        "dmean2": 828.755004883,
        "dvar": 526275.25,
        "dvar2": 1212020.75,
        "max": 8225.68359375,
        "mean": 2624.3215332,
        "median": 3100.78125,
        "min": 86.1328125,
        "var": 2970415.5
    },
    "spectral_skewness": {
        "dmean": 0.168505996466,
        "dmean2": 0.292279362679,
        "dvar": 0.0282458309084,
        "dvar2": 0.087265342474,
        "max": 2.5701277256,
        "mean": 0.940154790878,
        "median": 0.915497004986,
        "min": 0.0638026669621,
        "var": 0.0968126952648
    },
    "spectral_spread": {
        "dmean": 265005.3125,
        "dmean2": 412497.875,
        "dvar": 91746689024,
        "dvar2": 175310618624,
        "max": 9399109,
        "mean": 3675477,
        "median": 3700897.5,
        "min": 1948799.875,
        "var": 825813041152
    },
    "spectral_strongpeak": {
        "dmean": 0.70423489809,
        "dmean2": 1.22463440895,
        "dvar": 2.14376497269,
        "dvar2": 5.27367925644,
        "max": 11.8292751312,
        "mean": 1.4106541872,
        "median": 0.468723297119,
        "min": 0.00794412288815,
        "var": 5.25601816177
    },
    "zerocrossingrate": {
        "dmean": 0.00837598834187,
        "dmean2": 0.0103760715574,
        "dvar": 0.000107089261292,
        "dvar2": 0.000142805554788,
        "max": 0.23046875,
        "mean": 0.0836750939488,
        "median": 0.087890625,
        "min": 0.00390625,
        "var": 0.00214794720523
    },
    "barkbands": {
        "dmean": [0.000187653437024, 0.00456548668444, 0.00113019905984, 0.000861743406858, 0.000569745374378, 0.000508026510943, 0.000260944245383, 0.000115247574286, 0.000153124594362, 8.1353879068e-05, 0.000112164132588, 6.81416131556e-05, 7.77649984229e-05, 6.9296474976e-05, 0.000248022872256, 0.000668690598104, 0.000586127163842, 0.000264191359747, 0.000459478906123, 0.000280431297142, 0.000192756895558, 0.000108177329821, 6.3357721956e-05, 5.6606328144e-05, 1.50683108586e-05, 3.45023727277e-06, 3.85831055993e-09],
        "dmean2": [0.000307648151647, 0.00816222373396, 0.00198690756224, 0.00130728946533, 0.000925899308641, 0.000798755034339, 0.000461876101326, 0.000182024305104, 0.00024236291938, 0.00013728592603, 0.000182625459274, 0.000113724461698, 0.000122158380691, 0.000117546122056, 0.000391138368286, 0.00103819568176, 0.000924174382817, 0.000428803119576, 0.00072680588346, 0.000457924616057, 0.000310782488668, 0.00017364147061, 9.77293893811e-05, 8.7558539235e-05, 2.46168474405e-05, 5.01971953781e-06, 6.16536821596e-09],
        "dvar": [2.69048001655e-07, 0.000122195633594, 7.98916335043e-06, 1.84781913504e-06, 1.47648574966e-06, 1.88115120636e-06, 6.19401077984e-07, 6.31577918853e-08, 8.27091355404e-08, 7.34062126639e-08, 1.6493892474e-07, 3.96665988944e-08, 3.56551588254e-08, 4.52160122677e-08, 2.22851298304e-07, 1.14210649826e-06, 1.16343392165e-06, 1.91337747424e-07, 4.86266230837e-07, 1.63121896435e-07, 6.68758630695e-08, 1.87526811857e-08, 7.85019604876e-09, 7.16764736453e-09, 6.39274577718e-10, 4.06040097378e-11, 2.06189651636e-15],
        "dvar2": [6.69410894716e-07, 0.000352172617568, 2.40417575696e-05, 4.38583992945e-06, 3.77081937586e-06, 4.76211471323e-06, 1.84410828297e-06, 1.44446119066e-07, 2.05639821615e-07, 1.96731932078e-07, 4.41379398808e-07, 1.08897118878e-07, 9.24369985e-08, 1.25188876154e-07, 5.36534798812e-07, 2.73528553407e-06, 2.53470966527e-06, 4.78908532386e-07, 1.14467115964e-06, 4.09753567965e-07, 1.69812324202e-07, 4.88529501297e-08, 1.81975963187e-08, 1.64926312607e-08, 1.49655610127e-09, 7.83590622944e-11, 2.25447580966e-15],
        "max": [0.00570997130126, 0.0818089842796, 0.0263389032334, 0.0225855894387, 0.0161333847791, 0.0134777445346, 0.0112148858607, 0.00495169684291, 0.00322678359225, 0.00368624553084, 0.00502349855378, 0.0037415008992, 0.00295896385796, 0.00449491804466, 0.00520077254623, 0.0144387222826, 0.0156360883266, 0.00442308699712, 0.00721581093967, 0.00656856736168, 0.00279340101406, 0.00155694491696, 0.00133887317497, 0.0010805465281, 0.000295724108582, 9.245583351e-05, 1.59386399901e-06],
        "mean": [0.00019466158119, 0.00548606179655, 0.00159641285427, 0.00260858400725, 0.00111719465349, 0.00103020865936, 0.000593444507103, 0.000243390502874, 0.000294095807476, 0.000133247536724, 0.000149055413203, 0.000101337842352, 0.000151364976773, 0.000101512530819, 0.000434596004197, 0.00147778599057, 0.0014634556137, 0.000553500722162, 0.00110622285865, 0.000672844413202, 0.000536159437615, 0.000354226125637, 0.000203160467208, 0.000192681152839, 4.35796573584e-05, 7.23075481801e-06, 2.96171487335e-09],
        "median": [1.78404443432e-05, 0.00260918354616, 0.000844015274197, 0.000651446869597, 0.00073469808558, 0.000403407786507, 0.000199805188458, 0.000112371359137, 9.33030605665e-05, 3.30702750944e-05, 6.20563951088e-05, 4.21647819167e-05, 6.5536252805e-05, 4.96113207191e-05, 0.000161233445397, 0.000753058702685, 0.000699685653672, 0.000306067377096, 0.000638935016468, 0.000530464283656, 0.000440631643869, 0.00032571729389, 0.000154137713253, 0.000134575238917, 2.96445814456e-05, 4.15822069044e-06, 2.54453569326e-10],
        "min": [8.27838331219e-09, 2.05943324545e-05, 3.04633749693e-06, 4.34299920471e-07, 3.06699325847e-06, 2.20416495722e-06, 1.46652473632e-06, 2.68418233418e-07, 6.13081738265e-07, 4.25878511123e-07, 9.87408625974e-08, 2.85282339973e-07, 4.17236321937e-07, 1.24347184283e-06, 4.86726594318e-06, 6.11916129856e-06, 1.22549708976e-05, 3.87274576497e-06, 3.50018717654e-06, 3.00704141409e-06, 5.96024051447e-07, 2.13392539195e-07, 1.61431117363e-08, 3.69055874749e-09, 2.28194477203e-11, 6.83375621716e-12, 6.8257144728e-12],
        "var": [3.04236351667e-07, 9.55073628575e-05, 6.3479774326e-06, 1.74013384822e-05, 1.74102115125e-06, 3.23109429701e-06, 8.35377534258e-07, 1.30035644474e-07, 1.96026320509e-07, 8.63745484025e-08, 1.35975867011e-07, 4.14844194552e-08, 5.61298136859e-08, 3.71766581964e-08, 4.86385772547e-07, 3.81907148039e-06, 5.19975583302e-06, 4.9114663625e-07, 1.66361201082e-06, 4.6644458962e-07, 2.55107920566e-07, 9.4871339229e-08, 4.57783997376e-08, 4.41781580207e-08, 2.4682107469e-09, 1.00883267018e-10, 2.01981846064e-15]
    },
    "erbbands": {
        "dmean": [0.108049459755, 1.09842264652, 1.56986439228, 2.00766205788, 2.31689763069, 1.92596054077, 1.806635499, 5.28415250778, 4.23854637146, 3.7749145031, 2.12270498276, 3.84783959389, 2.73871564865, 3.40461134911, 3.36511039734, 2.76345849037, 3.68193888664, 3.42387676239, 4.65892076492, 23.9031124115, 33.6332893372, 27.0070381165, 13.912612915, 24.2303676605, 16.6854248047, 12.1463031769, 9.56399536133, 5.94626998901, 4.10737133026, 2.42368483543, 2.05125260353, 1.53958833218, 0.778794527054, 0.251114368439, 0.0783151462674, 0.0247115660459, 0.00468601798639, 0.000226146134082, 7.38009975976e-06, 7.80299797043e-06],
        "dmean2": [0.193051174283, 1.96056652069, 2.77812314034, 3.26783156395, 3.57227540016, 3.10956692696, 2.84603047371, 8.38596057892, 6.99391460419, 6.53760099411, 3.27950024605, 5.99750471115, 4.58101558685, 5.80537605286, 5.32176542282, 4.48413038254, 5.83664798737, 5.79533529282, 7.30381774902, 36.0588378906, 52.4008407593, 42.5631942749, 22.34715271, 38.4306907654, 25.6388607025, 20.0289859772, 15.1927070618, 9.78570270538, 6.67434644699, 3.94808292389, 3.17900180817, 2.37423992157, 1.19925093651, 0.398487091064, 0.123844765127, 0.0360462889075, 0.00710075395182, 0.000351685535861, 1.13876594696e-05, 1.2884132957e-05],
        "dvar": [0.0568908080459, 7.9145026207, 18.0704021454, 11.0936717987, 18.5425949097, 15.3217258453, 7.61494731903, 257.902801514, 157.378067017, 96.2612380981, 16.9557571411, 51.2518386841, 62.7394256592, 235.541122437, 81.0175857544, 55.1138191223, 71.0836868286, 163.85118103, 89.3086624146, 2007.7401123, 3098.28466797, 2118.51977539, 439.907989502, 1449.11865234, 569.102539062, 287.813476562, 204.930435181, 57.0939254761, 28.1191596985, 10.5502004623, 8.44372844696, 4.81970787048, 1.61630225182, 0.169065952301, 0.0178425107151, 0.00206640013494, 0.000105260420241, 3.31270683773e-07, 2.05959124755e-10, 1.6360784949e-10],
        "dvar2": [0.174027532339, 22.1662902832, 51.7744255066, 31.6505794525, 45.1035690308, 39.9678421021, 18.5368309021, 659.792419434, 433.996276855, 286.138916016, 38.8160324097, 120.375968933, 171.105819702, 639.138183594, 199.162872314, 147.383544922, 181.708251953, 455.276977539, 224.540710449, 4591.52246094, 8073.00097656, 4800.05712891, 1148.04333496, 3503.90234375, 1370.87304688, 746.515991211, 502.737792969, 154.6434021, 72.6053848267, 26.6556110382, 20.2291641235, 11.4298410416, 3.66108202934, 0.424373656511, 0.0395322814584, 0.00409622583538, 0.000218016124563, 7.77760419624e-07, 3.93068771976e-10, 4.50421089315e-10],
        "max": [1.99146032333, 21.9814281464, 41.9330825806, 35.6441078186, 69.0224533081, 40.0984764099, 36.8724632263, 161.558380127, 173.364761353, 112.161994934, 57.7613067627, 84.9250793457, 121.432052612, 187.375656128, 121.281555176, 128.577789307, 126.194755554, 266.937713623, 153.480606079, 546.760498047, 977.254516602, 703.325683594, 235.848098755, 375.698577881, 361.479492188, 193.71206665, 168.778656006, 84.631149292, 58.6136779785, 38.322429657, 44.749797821, 27.4175605774, 17.9082565308, 5.76935195923, 1.7914378643, 0.536633789539, 0.162543773651, 0.00788600556552, 0.00025640235981, 0.000115736133012],
        "mean": [0.128774434328, 1.29100990295, 2.25450253487, 5.24209928513, 6.25578308105, 3.71653747559, 4.40118312836, 9.66791534424, 8.44517230988, 9.90322685242, 4.49030971527, 7.27484321594, 5.00361728668, 4.41335535049, 5.50428676605, 4.71244049072, 7.44676780701, 5.32235717773, 9.68998432159, 54.6063537598, 88.4164810181, 75.3588790894, 34.3066558838, 53.4398078918, 44.4238815308, 30.3431854248, 25.2790203094, 17.9924983978, 12.6513614655, 7.81886672974, 6.2527256012, 5.12433242798, 2.38132953644, 0.770044744015, 0.209775328636, 0.0597820468247, 0.00831180624664, 0.000336641940521, 2.86040503852e-05, 2.95099434879e-05],
        "median": [0.0575776137412, 0.586672723293, 1.33395397663, 2.42175531387, 1.85221374035, 2.61341166496, 2.96245098114, 3.36001753807, 3.0377664566, 3.48887324333, 3.02483487129, 2.52434039116, 1.80299246311, 1.5348072052, 2.90068650246, 2.25720095634, 3.35913944244, 2.8479180336, 5.95998287201, 21.8540325165, 48.1680221558, 41.4638824463, 24.703042984, 30.7822380066, 33.3250617981, 25.7433223724, 19.4939861298, 16.5941867828, 11.5189819336, 6.96180105209, 4.71674108505, 3.83062362671, 1.58783483505, 0.508683085442, 0.138796359301, 0.0367019809783, 0.00398845365271, 0.000144178949995, 2.73906916846e-05, 2.83830886474e-05],
        "min": [0.000469051476102, 0.00641163112596, 0.0133429076523, 0.00652602361515, 0.0106469299644, 0.00741248345003, 0.0109839159995, 0.0171415749937, 0.02604095079, 0.0183880627155, 0.0360797867179, 0.0207201465964, 0.0230289716274, 0.0116706956178, 0.00667948368937, 0.0127522079274, 0.0239782277495, 0.0693441480398, 0.121695809066, 0.198612183332, 0.493456542492, 0.78999298811, 0.263976812363, 0.144470348954, 0.211666479707, 0.129298865795, 0.0421865843236, 0.0132538601756, 0.00845378544182, 0.00248160236515, 0.000437624345068, 0.000105508908746, 6.03358021181e-05, 1.04787668533e-05, 4.97320752402e-06, 4.02798605137e-06, 1.79351536644e-06, 1.94425339828e-07, 1.7075087726e-06, 3.33330785907e-06],
        "var": [0.0533672682941, 5.98526191711, 13.7589454651, 44.9627532959, 89.9014892578, 18.6965618134, 21.6642150879, 398.298553467, 250.17326355, 239.779190063, 31.215013504, 133.651947021, 85.469078064, 182.895584106, 96.3605041504, 69.7014007568, 123.946212769, 125.816200256, 158.871704102, 7035.12011719, 14178.2890625, 11098.1914062, 1459.05224609, 4195.65332031, 2166.78271484, 807.290222168, 659.600158691, 244.228225708, 124.516304016, 52.1190490723, 45.5189399719, 28.9354038239, 7.84855890274, 0.763693392277, 0.060298461467, 0.00596893532202, 0.000188695557881, 4.28050981327e-07, 5.6137600124e-10, 3.10379222324e-10]
    },
    "gfcc": {
        "mean": [-18.8371105194, 90.4060592651, -133.476409912, 82.4128646851, -46.9253234863, 1.708750844, -39.4453392029, 12.2782917023, -11.516374588, 0.187374815345, -13.5366201401, -2.35321831703, -2.53750562668],
        "cov": [[6572.60986328, -3508.47802734, -710.317016602, 396.857086182, -1665.50732422, 1628.34484863, -579.380249023, 496.775482178, -556.235229492, -374.760986328, -316.152923584, -20.323638916, -111.946868896], [-3508.47802734, 2642.90087891, 269.487579346, -283.339630127, 1050.70117188, -1109.16369629, 412.39831543, -428.871765137, 332.353485107, 183.143005371, 217.729949951, 14.9206867218, 76.9250106812], [-710.317016602, 269.487579346, 510.97668457, 58.7734870911, 209.337509155, -19.9442520142, 10.0462036133, -27.5119094849, -27.5393733978, -3.66677260399, 25.6632575989, 9.42985534668, 28.2007598877], [396.857086182, -283.339630127, 58.7734870911, 284.876678467, -65.546257019, 135.997695923, -21.9054985046, 9.6186466217, -27.0166835785, -80.3133621216, -12.9598760605, -24.927728653, 34.9907836914], [-1665.50732422, 1050.70117188, 209.337509155, -65.546257019, 577.559875488, -429.420043945, 213.906204224, -114.811325073, 168.1875, 98.5642089844, 67.0352478027, -8.30921649933, 16.5727672577], [1628.34484863, -1109.16369629, -19.9442520142, 135.997695923, -429.420043945, 621.245239258, -140.250244141, 209.102478027, -172.173309326, -131.098693848, -96.6070556641, -27.5748634338, -30.0003051758], [-579.380249023, 412.39831543, 10.0462036133, -21.9054985046, 213.906204224, -140.250244141, 166.204696655, -17.9697093964, 85.6438140869, 19.0344028473, 16.7693328857, -11.4661836624, 13.4447879791], [496.775482178, -428.871765137, -27.5119094849, 9.6186466217, -114.811325073, 209.102478027, -17.9697093964, 168.58215332, -4.99657964706, 3.18902349472, -45.7902755737, -12.7798547745, -19.8339500427], [-556.235229492, 332.353485107, -27.5393733978, -27.0166835785, 168.1875, -172.173309326, 85.6438140869, -4.99657964706, 134.390716553, 83.2149887085, 47.3123207092, 3.51589941978, 7.4389090538], [-374.760986328, 183.143005371, -3.66677260399, -80.3133621216, 98.5642089844, -131.098693848, 19.0344028473, 3.18902349472, 83.2149887085, 131.932006836, 61.6341362, 40.1375579834, -15.9989557266], [-316.152923584, 217.729949951, 25.6632575989, -12.9598760605, 67.0352478027, -96.6070556641, 16.7693328857, -45.7902755737, 47.3123207092, 61.6341362, 108.935272217, 58.4326972961, 29.7544651031], [-20.323638916, 14.9206867218, 9.42985534668, -24.927728653, -8.30921649933, -27.5748634338, -11.4661836624, -12.7798547745, 3.51589941978, 40.1375579834, 58.4326972961, 86.9739837646, 25.5283508301], [-111.946868896, 76.9250106812, 28.2007598877, 34.9907836914, 16.5727672577, -30.0003051758, 13.4447879791, -19.8339500427, 7.4389090538, -15.9989557266, 29.7544651031, 25.5283508301, 65.6230926514]],
        "icov": [[0.00151340593584, -0.00156502600294, 0.00199451856315, -0.00248270225711, 0.00233631208539, -0.00282964669168, 0.00139673461672, -0.00196438352577, 0.00264813704416, -0.00164780591149, 0.00256023928523, -0.00251309690066, 0.00123432150576], [-0.00156502600294, 0.0093250842765, -0.00389870046638, 0.00812402367592, -0.00740099046379, 0.00748295057565, -0.00602508010343, 0.00962409377098, -0.00691986130551, 0.00723704323173, -0.0092230187729, 0.00703828409314, -0.00283139105886], [0.00199451856315, -0.00389870046638, 0.00712494691834, -0.00533367320895, -0.000106328276161, -0.00604352215305, 0.00537511939183, -0.0052094804123, 0.00860529020429, -0.00460674148053, 0.0040021003224, -0.00406308285892, 1.03214788396e-05], [-0.00248270225711, 0.00812402367592, -0.00533367320895, 0.0138138700277, -0.00751361949369, 0.00535918725654, -0.00419527012855, 0.0110517265275, -0.0122078899294, 0.00999949686229, -0.00915616843849, 0.00826868787408, -0.00552804488689], [0.00233631208539, -0.00740099046379, -0.000106328276161, -0.00751361949369, 0.0175507515669, -0.00303367176093, -0.00305184558965, -0.00711512146518, 0.00353997503407, -0.00716291368008, 0.00853204634041, -0.00520758284256, 0.00537839252502], [-0.00282964669168, 0.00748295057565, -0.00604352215305, 0.00535918725654, -0.00303367176093, 0.0195089261979, -0.00702226441354, -0.00416324753314, 6.81849924149e-05, 0.0118954572827, -0.0143081862479, 0.0080646276474, 0.00224869605154], [0.00139673461672, -0.00602508010343, 0.00537511939183, -0.00419527012855, -0.00305184558965, -0.00702226441354, 0.0217587575316, -0.00838037673384, -0.00239880569279, 0.00345048238523, 0.00556675717235, -0.00689785601571, 0.00121460238006], [-0.00196438352577, 0.00962409377098, -0.0052094804123, 0.0110517265275, -0.00711512146518, -0.00416324753314, -0.00838037673384, 0.0338685102761, -0.0197447575629, -0.00256528891623, 0.00295522413217, 0.00598437013105, -0.00849494896829], [0.00264813704416, -0.00691986130551, 0.00860529020429, -0.0122078899294, 0.00353997503407, 6.81849924149e-05, -0.00239880569279, -0.0197447575629, 0.0444252602756, -0.0206782892346, -0.000940931553487, 0.00345062743872, -0.00189165328629], [-0.00164780591149, 0.00723704323173, -0.00460674148053, 0.00999949686229, -0.00716291368008, 0.0118954572827, 0.00345048238523, -0.00256528891623, -0.0206782892346, 0.0403170399368, -0.0189357027411, -0.00409846100956, 0.0134717207402], [0.00256023928523, -0.0092230187729, 0.0040021003224, -0.00915616843849, 0.00853204634041, -0.0143081862479, 0.00556675717235, 0.00295522413217, -0.000940931553487, -0.0189357027411, 0.037989359349, -0.0186899714172, -0.00506604881957], [-0.00251309690066, 0.00703828409314, -0.00406308285892, 0.00826868787408, -0.00520758284256, 0.0080646276474, -0.00689785601571, 0.00598437013105, 0.00345062743872, -0.00409846100956, -0.0186899714172, 0.0325346924365, -0.0125490427017], [0.00123432150576, -0.00283139105886, 1.03214788396e-05, -0.00552804488689, 0.00537839252502, 0.00224869605154, 0.00121460238006, -0.00849494896829, -0.00189165328629, 0.0134717207402, -0.00506604881957, -0.0125490427017, 0.0311373658478]]
    },
    "melbands": {
        "dmean": [0.00114873459097, 0.0010472961003, 0.000355154654244, 0.000145334881381, 6.50319925626e-05, 0.000112087836897, 6.30897920928e-05, 3.80275814678e-05, 1.79715625563e-05, 2.34697927226e-05, 1.36189664772e-05, 1.3390955246e-05, 1.389478075e-05, 7.61921319281e-06, 9.01123166841e-06, 6.642306289e-06, 6.57938880977e-06, 6.51409754937e-06, 2.12921713683e-05, 3.68406690541e-05, 4.6908033255e-05, 3.4515891457e-05, 2.074942131e-05, 1.06056331788e-05, 2.33783575823e-05, 1.72468862729e-05, 1.18849266073e-05, 8.64939829626e-06, 6.67618132866e-06, 5.84233885093e-06, 3.84766372008e-06, 2.85221244667e-06, 2.35388824876e-06, 1.25628105252e-06, 1.38132020311e-06, 1.25765745906e-06, 1.03840920929e-06, 7.17297837127e-07, 3.74073266585e-07, 2.34807544075e-07],
        "dmean2": [0.00205439515412, 0.00183286191896, 0.000559151929338, 0.000232064427109, 0.000102846119262, 0.00017661335005, 0.00010542228847, 6.46854532533e-05, 2.77592826023e-05, 3.64965344488e-05, 2.27369546337e-05, 2.29184406635e-05, 2.21970549319e-05, 1.27857174448e-05, 1.40793954415e-05, 1.06440074887e-05, 1.12388133857e-05, 1.0632033991e-05, 3.26258414134e-05, 5.38770800631e-05, 7.43609416531e-05, 5.45506700291e-05, 3.34863216267e-05, 1.72398686118e-05, 3.73003058485e-05, 2.67517771135e-05, 1.9012226403e-05, 1.40862402986e-05, 1.04591181298e-05, 9.47922308114e-06, 6.33640502201e-06, 4.73036197945e-06, 3.79182256438e-06, 2.06004506254e-06, 2.18205605051e-06, 1.95611983145e-06, 1.67618247815e-06, 1.15260718303e-06, 5.92938874888e-07, 3.91736847405e-07],
        "dvar": [6.96524693922e-06, 7.57002862883e-06, 3.20674132581e-07, 9.71821521034e-08, 9.23445231393e-09, 1.06124637966e-07, 3.68375054904e-08, 8.90848994572e-09, 1.1216151341e-09, 1.92981097769e-09, 1.59189095239e-09, 3.62671115361e-09, 1.67708780197e-09, 6.8864797198e-10, 3.82600479076e-10, 3.24906546112e-10, 5.74883529669e-10, 2.05864880698e-10, 1.36208233581e-09, 3.84845266765e-09, 7.33421723353e-09, 4.17780698925e-09, 1.09195785747e-09, 4.01606581324e-10, 1.42840350659e-09, 7.60709162329e-10, 4.38653668944e-10, 1.63741756265e-10, 1.09006859095e-10, 7.69671271161e-11, 2.64954950341e-11, 1.44932668297e-11, 1.09096100209e-11, 3.48742063873e-12, 4.06386599719e-12, 3.07816662784e-12, 2.39083904584e-12, 1.46583396463e-12, 3.48920463919e-13, 1.45580555532e-13],
        "dvar2": [2.06644745049e-05, 2.0960060283e-05, 8.57346094563e-07, 2.48452380447e-07, 2.31346604096e-08, 2.70453824669e-07, 1.03187609568e-07, 2.58396841701e-08, 2.58490318039e-09, 4.61205607039e-09, 4.34177582775e-09, 9.86829373772e-09, 4.34480407208e-09, 1.85671111819e-09, 1.00443708906e-09, 8.44990855065e-10, 1.60290414275e-09, 5.20908705059e-10, 3.11575831802e-09, 7.97289079202e-09, 1.91686755358e-08, 9.10718789271e-09, 2.67519961739e-09, 1.03701791598e-09, 3.42029848888e-09, 1.77247272415e-09, 1.07619435585e-09, 4.23481194556e-10, 2.60010457609e-10, 1.86866022656e-10, 7.3946807011e-11, 3.86097612215e-11, 2.81169358629e-11, 9.14443347433e-12, 1.03716167599e-11, 7.19078832936e-12, 6.06038309814e-12, 3.50356462592e-12, 8.74813242679e-13, 3.95971287443e-13],
        "max": [0.0189077816904, 0.0243033207953, 0.00745446700603, 0.00427636038512, 0.000998704344966, 0.00322199938819, 0.00276676309295, 0.00130455789622, 0.000385678082239, 0.000513733888511, 0.000609415932558, 0.000733771943487, 0.000562253466342, 0.000520072411746, 0.000258852902334, 0.00024788925657, 0.000501402653754, 0.00021147269581, 0.000418740237365, 0.000902032305021, 0.0013583265245, 0.000995116773993, 0.00058539188467, 0.000280743435724, 0.000358755001798, 0.000310027389787, 0.000390943401726, 0.000172994215973, 0.000149720814079, 8.9302440756e-05, 5.6090819271e-05, 4.09731219406e-05, 4.39307186753e-05, 2.03212930501e-05, 2.77036324405e-05, 2.68361109192e-05, 1.60377785505e-05, 1.5959241864e-05, 7.60279999668e-06, 4.24146173827e-06],
        "mean": [0.00136377150193, 0.00143196433783, 0.00101588282268, 0.000328474357957, 0.000160690149642, 0.000215044201468, 0.000128299187054, 9.70934852376e-05, 3.63874751201e-05, 4.37351591245e-05, 2.3680866434e-05, 1.70116363734e-05, 2.07384309761e-05, 1.10728833533e-05, 1.7366346583e-05, 1.25955511976e-05, 9.31501472223e-06, 1.12067409646e-05, 4.2251074774e-05, 8.31062570796e-05, 0.000115682159958, 8.83934262674e-05, 4.28386920248e-05, 2.28612934734e-05, 4.66778619739e-05, 4.00602220907e-05, 2.58961899817e-05, 1.83158626896e-05, 1.5104974409e-05, 1.41518476084e-05, 9.46239833866e-06, 7.23568155081e-06, 6.28535917713e-06, 3.35648428518e-06, 3.53963378075e-06, 3.55720203515e-06, 2.97007818517e-06, 1.83570148238e-06, 9.91197566691e-07, 5.50414938516e-07],
        "median": [0.00065386062488, 0.000744208286051, 0.000437239941675, 0.000170081853867, 0.000119171134429, 7.73863212089e-05, 4.52062304248e-05, 3.53833856934e-05, 1.97394765564e-05, 1.40474039654e-05, 6.57344753563e-06, 5.21849096913e-06, 9.61716432357e-06, 4.72214560432e-06, 7.25570225768e-06, 6.19900310994e-06, 4.31534954259e-06, 5.57024168302e-06, 1.6342042727e-05, 3.62773498637e-05, 4.65031735075e-05, 3.92596521124e-05, 2.45524333877e-05, 1.17472691272e-05, 2.17885772145e-05, 2.03373892873e-05, 1.5681331206e-05, 1.44225405165e-05, 1.06680672616e-05, 9.63884303928e-06, 8.09677476354e-06, 6.39770223643e-06, 4.7729090511e-06, 2.63853735305e-06, 2.50418452197e-06, 2.79420351035e-06, 2.16882654058e-06, 1.13947794489e-06, 5.78151002628e-07, 3.50889365563e-07],
        "min": [5.19916284247e-06, 1.53455766849e-05, 1.14285751351e-06, 1.02069043351e-06, 3.18859065374e-07, 4.2118315946e-07, 3.11031556066e-07, 1.7369804084e-07, 1.67125421058e-07, 1.0835712061e-07, 9.25136305341e-08, 5.23879961634e-08, 1.29273560745e-08, 2.84102661396e-08, 3.6568874151e-08, 6.24322211706e-08, 1.16763473557e-07, 1.45234309912e-07, 2.52648646892e-07, 2.52055201599e-07, 5.58035253562e-07, 8.88463603133e-07, 3.93354866901e-07, 1.5168117784e-07, 1.00745779719e-07, 1.34536222163e-07, 1.13508875188e-07, 6.83524916667e-08, 2.82709642363e-08, 1.3109066721e-08, 4.31027480374e-09, 5.16651654792e-09, 2.74790590282e-09, 3.97809923891e-10, 4.63865924838e-11, 6.33990221433e-11, 4.11234067632e-11, 6.26619958179e-13, 4.57220253412e-13, 1.9702269601e-13],
