{
"highlevel": {
    "danceability": {
        "all": {
            "danceable": 0.175812155008,
            "not_danceable": 0.824187874794
        },
        "probability": 0.824187874794,
        "value": "not_danceable"
    },
    "gender": {
        "all": {
            "female": 0.602496504784,
            "male": 0.397503495216
        },
        "probability": 0.602496504784,
        "value": "female"
    },
    "genre_dortmund": {
        "all": {
            "alternative": 0.0530390962958,
            "blues": 0.00931908749044,
            "electronic": 0.401068925858,
            "folkcountry": 0.350200802088,
            "funksoulrnb": 0.0054422612302,
            "jazz": 0.105091549456,
            "pop": 0.0338584892452,
            "raphiphop": 0.00280259759165,
            "rock": 0.0391772091389
        },
        "probability": 0.401068925858,
        "value": "electronic"
    },
    "genre_electronic": {
        "all": {
            "ambient": 0.993764936924,
            "dnb": 0.00111974193715,
            "house": 0.002147693187,
            "techno": 0.00209474773146,
            "trance": 0.000872872187756
        },
        "probability": 0.993764936924,
        "value": "ambient"
    },
    "genre_rosamerica": {
        "all": {
            "cla": 0.106264673173,
            "dan": 0.00139475730248,
            "hip": 0.00284520140849,
            "jaz": 0.824607312679,
            "pop": 0.0138788186014,
            "rhy": 0.0345331989229,
            "roc": 0.00910373032093,
            "spe": 0.00737231690437
        },
        "probability": 0.824607312679,
        "value": "jaz"
    },
    "genre_tzanetakis": {
        "all": {
            "blu": 3.90653525154e-12,
            "cla": 1.75527019135e-12,
            "cou": 4.20908924034e-12,
            "dis": 2.92408892238e-12,
            "hip": 1.2668205894e-11,
            "jaz": 0.999999880791,
            "met": 1.36650815108e-08,
            "pop": 8.14017582229e-08,
            "reg": 1.76656289597e-08,
            "roc": 2.3121142334e-08
        },
        "probability": 0.999999880791,
        "value": "jaz"
    },
    "ismir04_rhythm": {
        "all": {
            "ChaChaCha": 0.000125070640934,
            "Jive": 0.000112005254778,
            "Quickstep": 0.00113201257773,
            "Rumba-American": 0.00114954228047,
            "Rumba-International": 0.00296407751739,
            "Rumba-Misc": 0.00176100246608,
            "Samba": 0.000568401883356,
            "Tango": 0.00388803845271,
            "VienneseWaltz": 0.0187378339469,
            "Waltz": 0.969561994076
        },
        "probability": 0.969561994076,
        "value": "Waltz"
    },
    "mood_acoustic": {
        "all": {
            "acoustic": 0.997884690762,
            "not_acoustic": 0.00211530248635
        },
        "probability": 0.997884690762,
        "value": "acoustic"
    },
    "mood_aggressive": {
        "all": {
            "aggressive": 0.0533176399767,
            "not_aggressive": 0.946682333946
        },
        "probability": 0.946682333946,
        "value": "not_aggressive"
    },
    "mood_electronic": {
        "all": {
            "electronic": 0.706127226353,
            "not_electronic": 0.29387280345
        },
        "probability": 0.706127226353,
        "value": "electronic"
    },
    "mood_happy": {
        "all": {
            "happy": 0.00562500720844,
            "not_happy": 0.994374990463
        },
        "probability": 0.994374990463,
        "value": "not_happy"
    },
    "mood_party": {
        "all": {
            "not_party": 0.996398389339,
            "party": 0.00360163883306
        },
        "probability": 0.996398389339,
        "value": "not_party"
    },
    "mood_relaxed": {
        "all": {
            "not_relaxed": 0.00445409072563,
            "relaxed": 0.99554592371
        },
        "probability": 0.99554592371,
        "value": "relaxed"
    },
    "mood_sad": {
        "all": {
            "not_sad": 0.227016910911,
            "sad": 0.772983074188
        },
        "probability": 0.772983074188,
        "value": "sad"
    },
    "moods_mirex": {
        "all": {
            "Cluster1": 0.110364727676,
            "Cluster2": 0.0805201306939,
            "Cluster3": 0.66984474659,
            "Cluster4": 0.125168323517,
            "Cluster5": 0.0141020733863
        },
        "probability": 0.66984474659,
        "value": "Cluster3"
    },
    "timbre": {
        "all": {
            "bright": 0.023444192484,
            "dark": 0.97655582428
        },
        "probability": 0.97655582428,
        "value": "dark"
    },
    "tonal_atonal": {
        "all": {
            "atonal": 7.31232648832e-05,
            "tonal": 0.999926865101
        },
        "probability": 0.999926865101,
        "value": "tonal"
    },
    "voice_instrumental": {
        "all": {
            "instrumental": 1,
            "voice": 2.06019368232e-10
        },
        "probability": 1,
        "value": "instrumental"
    }
},
"lowlevel": {
    "average_loudness": 0.951349556446,
    "barkbands_crest": {
        "dmean": 2.05562376976,
        "dmean2": 3.07205629349,
        "dvar": 3.6482064724,
        "dvar2": 8.13643932343,
        "max": 24.2670917511,
        "mean": 12.4484500885,
        "median": 11.6711273193,
        "min": 5.50977897644,
        "var": 15.8634443283
    },
    "barkbands_flatness_db": {
        "dmean": 0.0178495235741,
        "dmean2": 0.0268172118813,
        "dvar": 0.000269323616521,
        "dvar2": 0.000556437473278,
        "max": 0.478472858667,
        "mean": 0.273933649063,
        "median": 0.274333953857,
        "min": 0.157919228077,
        "var": 0.00151698372792
    },
    "barkbands_kurtosis": {
        "dmean": 1.9403731823,
        "dmean2": 2.85469603539,
        "dvar": 5.19708395004,
        "dvar2": 11.2349710464,
        "max": 32.0475540161,
        "mean": 5.08899402618,
        "median": 4.13408470154,
        "min": -1.34690594673,
        "var": 18.9217319489
    },
    "barkbands_skewness": {
        "dmean": 0.381639927626,
        "dmean2": 0.552868902683,
        "dvar": 0.114330150187,
        "dvar2": 0.250322282314,
        "max": 5.11195135117,
        "mean": 1.04133939743,
        "median": 1.09245121479,
        "min": -2.20343470573,
        "var": 1.18888068199
    },
    "barkbands_spread": {
        "dmean": 1.11378717422,
        "dmean2": 1.66970121861,
        "dvar": 1.38615739346,
        "dvar2": 3.25463819504,
        "max": 17.8572788239,
        "mean": 5.96760082245,
        "median": 5.77751922607,
        "min": 1.22112202644,
        "var": 4.76556062698
    },
    "dissonance": {
        "dmean": 0.0394205190241,
        "dmean2": 0.0675735324621,
        "dvar": 0.00127179024275,
        "dvar2": 0.00358975725248,
        "max": 0.499147593975,
        "mean": 0.398374855518,
        "median": 0.405149102211,
        "min": 0.171392515302,
        "var": 0.00314474874176
    },
    "dynamic_complexity": 2.56080532074,
    "erbbands_crest": {
        "dmean": 2.8867931366,
        "dmean2": 4.45470190048,
        "dvar": 8.25638008118,
        "dvar2": 20.6638870239,
        "max": 29.0515861511,
        "mean": 15.5219678879,
        "median": 14.9269771576,
        "min": 3.80513119698,
        "var": 40.2050857544
    },
    "erbbands_flatness_db": {
        "dmean": 0.0181704666466,
        "dmean2": 0.0261008180678,
        "dvar": 0.000270236661891,
        "dvar2": 0.000563040666748,
        "max": 0.416920542717,
        "mean": 0.265953272581,
        "median": 0.258000761271,
        "min": 0.173372581601,
        "var": 0.00204783305526
    },
    "erbbands_kurtosis": {
        "dmean": 3.34915614128,
        "dmean2": 4.85326433182,
        "dvar": 21.387014389,
        "dvar2": 46.2723999023,
        "max": 70.8815841675,
        "mean": 7.40916442871,
        "median": 3.63948965073,
        "min": -1.24433636665,
        "var": 86.7164840698
    },
    "erbbands_skewness": {
        "dmean": 0.453605920076,
        "dmean2": 0.666654825211,
        "dvar": 0.184161886573,
        "dvar2": 0.423187077045,
        "max": 6.21101284027,
        "mean": 1.63576424122,
        "median": 1.48417258263,
        "min": -1.66258513927,
        "var": 1.05439794064
    },
    "erbbands_spread": {
        "dmean": 3.23788452148,
        "dmean2": 4.85185098648,
        "dvar": 9.89998054504,
        "dvar2": 24.3970737457,
        "max": 38.0825576782,
        "mean": 13.9437685013,
        "median": 13.3668003082,
        "min": 1.30336618423,
        "var": 62.5844764709
    },
    "hfc": {
        "dmean": 2.84587860107,
        "dmean2": 3.77181386948,
        "dvar": 15.3015918732,
        "dvar2": 25.6731948853,
        "max": 57.5542030334,
        "mean": 11.5517492294,
        "median": 9.37782764435,
        "min": 0.842064619064,
        "var": 76.3371353149
    },
    "melbands_crest": {
        "dmean": 2.3716878891,
        "dmean2": 3.51354074478,
        "dvar": 5.72002267838,
        "dvar2": 12.141043663,
        "max": 31.9722499847,
        "mean": 15.3760089874,
        "median": 14.158946991,
        "min": 6.4435634613,
        "var": 25.3870239258
    },
    "melbands_flatness_db": {
        "dmean": 0.0179395899177,
        "dmean2": 0.02613340877,
        "dvar": 0.000284149631625,
        "dvar2": 0.000590235518757,
        "max": 0.616769015789,
        "mean": 0.36215248704,
        "median": 0.364973962307,
        "min": 0.207244843245,
        "var": 0.0023966289591
    },
    "melbands_kurtosis": {
        "dmean": 2.44742035866,
        "dmean2": 3.6928358078,
        "dvar": 9.14298915863,
        "dvar2": 21.1225204468,
        "max": 51.139377594,
        "mean": 6.50210189819,
        "median": 5.00936222076,
        "min": -1.38134455681,
        "var": 40.7739944458
    },
    "melbands_skewness": {
        "dmean": 0.436950445175,
        "dmean2": 0.629612922668,
        "dvar": 0.147997945547,
        "dvar2": 0.333107352257,
        "max": 5.49653196335,
        "mean": 1.23148393631,
        "median": 1.19010531902,
        "min": -2.03422784805,
        "var": 1.60615694523
    },
    "melbands_spread": {
        "dmean": 1.25762963295,
        "dmean2": 1.85854816437,
        "dvar": 1.83575248718,
        "dvar2": 4.03779935837,
        "max": 22.2229804993,
        "mean": 7.49053049088,
        "median": 7.41620254517,
        "min": 1.20719873905,
        "var": 8.25195121765
    },
    "pitch_salience": {
        "dmean": 0.0478562712669,
        "dmean2": 0.0723896250129,
        "dvar": 0.00187367131002,
        "dvar2": 0.00387926050462,
        "max": 0.729749917984,
        "mean": 0.474318504333,
        "median": 0.483157783747,
        "min": 0.169825449586,
        "var": 0.00999448541552
    },
    "silence_rate_20dB": {
        "dmean": 0,
        "dmean2": 0,
        "dvar": 0,
        "dvar2": 0,
        "max": 1,
        "mean": 1,
        "median": 1,
        "min": 1,
        "var": 0
    },
    "silence_rate_30dB": {
        "dmean": 0.00773993786424,
        "dmean2": 0.0154918665066,
        "dvar": 0.00768006453291,
        "dvar2": 0.0168011039495,
        "max": 1,
        "mean": 0.990719258785,
        "median": 1,
        "min": 0,
        "var": 0.0091945650056
    },
    "silence_rate_60dB": {
        "dmean": 0,
        "dmean2": 0,
        "dvar": 0,
        "dvar2": 0,
        "max": 0,
        "mean": 0,
        "median": 0,
        "min": 0,
        "var": 0
    },
    "spectral_centroid": {
        "dmean": 38.9065742493,
        "dmean2": 60.591255188,
        "dvar": 2021.90612793,
        "dvar2": 4981.96972656,
        "max": 1077.01806641,
        "mean": 478.002319336,
        "median": 481.903503418,
        "min": 234.851531982,
        "var": 13372.8427734
    },
    "spectral_complexity": {
        "dmean": 1.48993813992,
        "dmean2": 2.59643697739,
        "dvar": 1.65546882153,
        "dvar2": 4.21132230759,
        "max": 17,
        "mean": 10.1283836365,
        "median": 10,
        "min": 4,
        "var": 4.88840055466
    },
    "spectral_decrease": {
        "dmean": 1.90987448079e-09,
        "dmean2": 2.62590282851e-09,
        "dvar": 7.24822388424e-18,
        "dvar2": 1.20532895928e-17,
        "max": -5.57403789792e-10,
        "mean": -8.52963655262e-09,
        "median": -7.68642482996e-09,
        "min": -6.02889542733e-08,
        "var": 2.87538337225e-17
    },
    "spectral_energy": {
        "dmean": 0.00745198689401,
        "dmean2": 0.0102306567132,
        "dvar": 0.00010860212933,
        "dvar2": 0.00018060754519,
        "max": 0.229315266013,
        "mean": 0.0332405641675,
        "median": 0.0298987273127,
        "min": 0.00219932687469,
        "var": 0.000433662324212
    },
    "spectral_energyband_high": {
        "dmean": 1.02244557638e-05,
        "dmean2": 1.58648072102e-05,
        "dvar": 5.5843896174e-10,
        "dvar2": 1.39602751581e-09,
        "max": 0.00048354966566,
        "mean": 2.91735068458e-05,
        "median": 1.39018529808e-05,
        "min": 1.27985984477e-07,
        "var": 1.83918924535e-09
    },
    "spectral_energyband_low": {
        "dmean": 0.00317572522908,
        "dmean2": 0.00465539004654,
        "dvar": 6.13684169366e-05,
        "dvar2": 0.000102268168121,
        "max": 0.219040855765,
        "mean": 0.0120662888512,
        "median": 0.00847330968827,
        "min": 9.84130747383e-06,
        "var": 0.000223479451961
    },
    "spectral_energyband_middle_high": {
        "dmean": 0.000400036980864,
        "dmean2": 0.000624221109319,
        "dvar": 9.24720495732e-07,
        "dvar2": 1.35695245262e-06,
        "max": 0.0361347943544,
        "mean": 0.00115737994201,
        "median": 0.000743501295801,
        "min": 7.72738421801e-05,
        "var": 5.82847133046e-06
    },
    "spectral_energyband_middle_low": {
        "dmean": 0.00581790180877,
        "dmean2": 0.00789248663932,
        "dvar": 5.35531544301e-05,
        "dvar2": 9.6119416412e-05,
        "max": 0.109276428819,
        "mean": 0.0216179993004,
        "median": 0.017837729305,
        "min": 0.0012631053105,
        "var": 0.000246555107879
    },
    "spectral_entropy": {
        "dmean": 0.141801655293,
        "dmean2": 0.209317773581,
        "dvar": 0.0190011244267,
        "dvar2": 0.0405497960746,
        "max": 7.18623065948,
        "mean": 6.17868566513,
        "median": 6.19876861572,
        "min": 5.25148534775,
        "var": 0.0926933735609
    },
    "spectral_flux": {
        "dmean": 0.0178593881428,
        "dmean2": 0.0308090671897,
        "dvar": 0.000478190166177,
        "dvar2": 0.00130145647563,
        "max": 0.307674974203,
        "mean": 0.0541702285409,
        "median": 0.0493634417653,
        "min": 0.0153880575672,
        "var": 0.00071682658745
    },
    "spectral_kurtosis": {
        "dmean": 8.89280986786,
        "dmean2": 15.2500724792,
        "dvar": 67.3701171875,
        "dvar2": 187.672134399,
        "max": 117.421485901,
        "mean": 21.7955513,
        "median": 18.5003509521,
        "min": 2.49837732315,
        "var": 183.501190186
    },
    "spectral_rms": {
        "dmean": 0.000621389481239,
        "dmean2": 0.000855187885463,
        "dvar": 4.85611678869e-07,
        "dvar2": 8.15961755052e-07,
        "max": 0.0149573460221,
        "mean": 0.0054492992349,
        "median": 0.00540087884292,
        "min": 0.00146481557749,
        "var": 2.73496243608e-06
    },
    "spectral_rolloff": {
        "dmean": 39.1996040344,
        "dmean2": 68.4856872559,
        "dvar": 8300.375,
        "dvar2": 19839.6738281,
        "max": 1550.390625,
        "mean": 473.533447266,
        "median": 516.796875,
        "min": 86.1328125,
        "var": 26922.09375
    },
    "spectral_skewness": {
        "dmean": 0.617648005486,
        "dmean2": 1.05718719959,
        "dvar": 0.268641978502,
        "dvar2": 0.74573802948,
        "max": 8.51139831543,
        "mean": 3.31264233589,
        "median": 3.15170001984,
        "min": 1.22159039974,
        "var": 0.855710804462
    },
    "spectral_spread": {
        "dmean": 261166.90625,
        "dmean2": 437527.75,
        "dvar": 93219561472,
        "dvar2": 167493320704,
        "max": 10094698,
        "mean": 2003755.125,
        "median": 1946132.625,
        "min": 793744.625,
        "var": 269818953728
    },
    "spectral_strongpeak": {
        "dmean": 0.502499818802,
        "dmean2": 0.747472882271,
        "dvar": 0.36648952961,
        "dvar2": 0.675735652447,
        "max": 8.24116802216,
        "mean": 1.5812278986,
        "median": 1.22849190235,
        "min": 0.0676044374704,
        "var": 2.07333922386
    },
    "zerocrossingrate": {
        "dmean": 0.00194896780886,
        "dmean2": 0.00269972998649,
        "dvar": 3.56870054929e-06,
        "dvar2": 5.6215371842e-06,
        "max": 0.0498046875,
        "mean": 0.0203031338751,
        "median": 0.0205078125,
        "min": 0.00390625,
        "var": 4.53940519947e-05
    },
    "barkbands": {
        "dmean": [3.98251868319e-05, 0.0024990523234, 0.00114820280578, 0.00105842680205, 0.000526747782715, 0.00142668944318, 0.00084950577002, 0.00376972393133, 9.12159666768e-05, 0.000252389669186, 0.0001781530882, 9.62151316344e-05, 2.31396843446e-05, 5.38055319339e-05, 2.89351246465e-05, 3.87704749301e-05, 4.35986767116e-05, 7.6967799032e-06, 5.16611771673e-06, 4.48217406301e-06, 7.36586707717e-06, 3.96355517296e-06, 1.05338347112e-06, 1.60710243335e-07, 3.55057977686e-07, 7.52157376382e-08, 4.00918009902e-09],
        "dmean2": [6.39738864265e-05, 0.00349425268359, 0.00169550417922, 0.00169518380426, 0.000780137837864, 0.00250461185351, 0.00110802531708, 0.00471754185855, 0.000139907584526, 0.00041632913053, 0.000250481622061, 0.000165743884281, 3.61487691407e-05, 8.82476742845e-05, 4.43764874944e-05, 6.58139761072e-05, 7.02615870978e-05, 1.2618744222e-05, 8.46324655868e-06, 7.43143164073e-06, 1.15133252621e-05, 6.20042465016e-06, 1.65440280853e-06, 2.5978050644e-07, 5.6643739299e-07, 1.17808134803e-07, 4.74289363339e-09],
        "dvar": [1.27994903565e-08, 5.24663482793e-05, 2.15364480027e-06, 1.09377799618e-06, 4.98593635712e-07, 3.83061160392e-06, 1.54101235239e-06, 4.14800197177e-05, 5.1685873359e-08, 2.3715394093e-07, 7.14860163953e-07, 1.53282073256e-07, 2.58209453818e-09, 4.84169726533e-09, 4.69207250831e-09, 5.65584290513e-09, 5.86500448208e-09, 2.70709205052e-10, 4.2308212489e-11, 1.36283026531e-10, 3.35109634486e-10, 9.73631938961e-11, 3.93392610154e-12, 1.25811280881e-13, 7.307348086e-13, 8.31740682187e-14, 9.65426977457e-15],
        "dvar2": [3.62756544803e-08, 8.49542702781e-05, 4.42853570348e-06, 2.85765827357e-06, 1.14652800676e-06, 1.16006149256e-05, 2.72490456155e-06, 7.02109755366e-05, 1.34989477374e-07, 6.95640835602e-07, 7.79788933869e-07, 4.51865986406e-07, 5.83267656395e-09, 1.24198118456e-08, 9.12177533507e-09, 1.71843481667e-08, 1.40251650294e-08, 6.44487185841e-10, 1.12593073753e-10, 3.86784854145e-10, 7.75162045663e-10, 2.47565773437e-10, 8.31184253369e-12, 2.97578259777e-13, 1.79966035564e-12, 1.11395647481e-13, 9.63766369364e-15],
        "max": [0.00250590685755, 0.194487422705, 0.0216594729573, 0.0131125804037, 0.0187177397311, 0.0330362915993, 0.0183339659125, 0.0838957577944, 0.00639051105827, 0.00831438601017, 0.0351626127958, 0.00747084757313, 0.000966582912952, 0.000638226629235, 0.00181517878082, 0.000887499249075, 0.00148558674846, 0.00038176056114, 9.76544615696e-05, 0.000275979924481, 0.000388086744351, 0.000197306944756, 3.04059831251e-05, 6.66003415972e-06, 1.57679405675e-05, 9.37074582907e-06, 3.50478148903e-06],
        "mean": [4.66980491183e-05, 0.00763687957078, 0.00291599659249, 0.00227819615975, 0.00200019055046, 0.00452551245689, 0.00234184623696, 0.00994871556759, 0.000210159196286, 0.000402844598284, 0.000412189023336, 0.000146146499901, 4.28263410868e-05, 8.07618489489e-05, 5.51077209821e-05, 6.20011123829e-05, 7.45790312067e-05, 1.62775777426e-05, 1.03080647023e-05, 9.21622722672e-06, 1.26726708913e-05, 8.05346007837e-06, 2.17692718252e-06, 3.09041013224e-07, 8.42623080644e-07, 1.24531851498e-07, 3.88285625874e-09],
        "median": [2.38503525907e-05, 0.0043744277209, 0.00155887333676, 0.00177109963261, 0.00123309425544, 0.00268319575116, 0.00132470927201, 0.0037461228203, 0.000134975096444, 0.00019829988014, 7.49467799324e-05, 4.27148661402e-05, 2.61133700405e-05, 5.01570320921e-05, 2.23483420996e-05, 2.70214659395e-05, 3.89347151213e-05, 7.42215888749e-06, 6.7317664616e-06, 5.00552050653e-06, 5.96419886278e-06, 2.92693266601e-06, 7.71312556935e-07, 1.34988511036e-07, 1.99441018367e-07, 4.23918962156e-08, 3.49767992347e-10],
        "min": [2.98164359869e-09, 2.73414025287e-06, 6.67159042678e-07, 4.49317167295e-06, 3.45841544913e-05, 3.51044873241e-05, 4.88832083647e-05, 4.73618274555e-06, 5.35769913768e-06, 2.08504752663e-06, 8.63074774315e-07, 8.35976550206e-07, 1.23868198898e-06, 1.82610767752e-06, 7.6682266581e-07, 7.7768072515e-07, 6.89525393227e-07, 2.30632807074e-07, 9.39745845585e-08, 6.76947209399e-08, 5.69498297409e-08, 1.06692823465e-08, 4.52514914429e-09, 4.02946703781e-10, 1.1279647355e-10, 3.8234224814e-11, 2.6737376202e-11],
        "var": [1.04312301019e-08, 0.000172777945409, 1.1387593986e-05, 3.99200462198e-06, 6.34700290902e-06, 2.35901152337e-05, 6.53496817904e-06, 0.000179636641406, 9.87206689729e-08, 3.65245767853e-07, 5.13978466188e-06, 1.77317630801e-07, 4.11901845965e-09, 7.77735031932e-09, 1.26644277287e-08, 8.95167584503e-09, 1.54797525909e-08, 1.23474563907e-09, 1.22743620823e-10, 2.78290279709e-10, 5.8151461424e-10, 2.01712258008e-10, 1.41504793993e-11, 2.90379726558e-13, 2.39461445464e-12, 1.09009196526e-13, 9.67430125674e-15]
    },
    "erbbands": {
        "dmean": [0.0486017279327, 0.646785855293, 1.04795193672, 2.83514881134, 2.22484779358, 1.32756102085, 9.16169929504, 10.9493713379, 5.33966636658, 81.7387313843, 29.1180820465, 2.73632192612, 9.5775384903, 2.2335755825, 8.68311595917, 4.06042003632, 1.37964868546, 2.82944655418, 1.56732368469, 1.50581037998, 1.9839464426, 1.75189173222, 0.440264821053, 0.376322895288, 0.223246827722, 0.193380966783, 0.339657396078, 0.167276695371, 0.184215173125, 0.061909712851, 0.0237203650177, 0.00429557217285, 0.0028163632378, 0.00380333187059, 0.00308075267822, 0.000628990994301, 0.000124861937365, 1.13435971798e-05, 3.91475577999e-06, 8.25804636406e-06],
        "dmean2": [0.0665411502123, 0.90437990427, 1.53224921227, 4.56310987473, 3.37277412415, 1.95391476154, 15.6771411896, 18.9582653046, 6.80000209808, 101.211967468, 38.0104980469, 4.06232357025, 15.7949371338, 3.47013998032, 12.4418458939, 6.91391038895, 2.27703380585, 4.64979171753, 2.48391246796, 2.46095585823, 3.18474650383, 2.75578546524, 0.730725347996, 0.625373244286, 0.371498286724, 0.316868364811, 0.526870846748, 0.262707948685, 0.280630946159, 0.0963966622949, 0.0383767709136, 0.00698134209961, 0.00456944899634, 0.0059851910919, 0.00490412954241, 0.00100121658761, 0.000191697545233, 1.58615093824e-05, 5.17339685757e-06, 1.13060550575e-05],
        "dvar": [0.0415762960911, 2.88157606125, 2.33198785782, 8.40055656433, 8.84634590149, 4.50686216354, 282.250976562, 254.279586792, 111.637870789, 19571.796875, 1975.92956543, 21.8336772919, 333.979492188, 16.6275520325, 1734.59228516, 133.73979187, 19.04088974, 12.3849058151, 6.24510335922, 10.6628446579, 8.04948139191, 20.5339126587, 0.689616501331, 0.337852805853, 0.202477782965, 0.101859785616, 0.502906024456, 0.494676619768, 0.216485887766, 0.0101196775213, 0.00158749590628, 9.15628406801e-05, 3.50969421561e-05, 0.000108067222754, 5.03953597217e-05, 2.29642409977e-06, 3.65277088576e-07, 1.80495849378e-08, 2.28335475527e-10, 1.31311780893e-10],
        "dvar2": [0.0779401808977, 4.55662488937, 4.31884050369, 24.1967639923, 20.7641391754, 9.46390247345, 898.690856934, 777.550415039, 133.572418213, 33518.3867188, 3602.67456055, 55.1069488525, 989.45690918, 35.2372283936, 2102.72265625, 384.885650635, 52.8571014404, 31.8359527588, 14.2431364059, 25.5950813293, 19.8544616699, 46.9367752075, 1.63807106018, 0.94363284111, 0.595046699047, 0.269259363413, 1.063606143, 1.36985206604, 0.519817948341, 0.021030029282, 0.00389285944402, 0.00021162746998, 8.77405909705e-05, 0.000258955347817, 0.000121607074107, 5.39054281035e-06, 4.65783244863e-07, 1.82992483388e-08, 2.31004188e-10, 2.17123680146e-10],
        "max": [5.93176174164, 44.1984901428, 33.8610610962, 31.6523647308, 36.8425636292, 80.3589935303, 174.809951782, 290.633392334, 410.472137451, 1870.15380859, 564.728088379, 116.536346436, 310.189727783, 101.525169373, 1674.7401123, 195.920501709, 94.3393783569, 32.3130073547, 43.6097412109, 67.8514022827, 42.0795249939, 101.607276917, 22.6746692657, 11.5973405838, 8.3944606781, 5.244805336, 15.1545934677, 17.0033245087, 8.41029548645, 1.60319173336, 0.697829306126, 0.205706551671, 0.110849618912, 0.219187304378, 0.131346255541, 0.029247591272, 0.0200297944248, 0.00478332536295, 0.000548417039681, 0.000247729971306],
        "mean": [0.201393738389, 1.80628871918, 2.83823513985, 7.04900169373, 5.964615345, 5.53109073639, 18.6584320068, 43.5390892029, 26.7052364349, 205.475708008, 79.444694519, 7.93965864182, 14.7904901505, 5.21129608154, 19.5272331238, 7.42126083374, 2.77701663971, 4.5421037674, 3.03004288673, 3.01587581635, 3.61546444893, 3.2357571125, 0.985799133778, 0.788534402847, 0.494960099459, 0.441287249327, 0.610284388065, 0.322653323412, 0.343208938837, 0.146099761128, 0.0496129319072, 0.00898753385991, 0.00501902913675, 0.00739403767511, 0.00682930089533, 0.00130445370451, 0.00020176799444, 1.58885541168e-05, 1.63470813277e-05, 3.69979570678e-05],
        "median": [0.122849479318, 1.02781879902, 1.74058032036, 5.657310009, 4.66293048859, 2.58939552307, 11.7798109055, 16.9767723083, 17.0565128326, 97.8303909302, 39.8915214539, 6.00806522369, 7.20464420319, 3.3524684906, 3.16266608238, 2.48008990288, 1.62032079697, 2.96875810623, 1.84840583801, 1.50466132164, 2.46703004837, 1.43086671829, 0.520375669003, 0.474657267332, 0.227458536625, 0.257213056087, 0.281718879938, 0.142570137978, 0.113631650805, 0.0612650848925, 0.0232300627977, 0.00427841534838, 0.00185809459072, 0.00219549494796, 0.00132852001116, 0.000420893979026, 6.68751381454e-05, 4.80986273033e-06, 1.42701637742e-05, 3.31370320055e-05],
        "min": [6.52805974823e-05, 0.000513220380526, 0.00413607060909, 0.0578700043261, 0.167283400893, 0.122069686651, 0.151575908065, 0.682596027851, 1.16503858566, 0.59864616394, 0.201041162014, 0.315210223198, 0.359060436487, 0.15931160748, 0.120786063373, 0.0795570164919, 0.144973069429, 0.184069126844, 0.18363186717, 0.0871812775731, 0.0434390082955, 0.038552839309, 0.0252557191998, 0.00854542758316, 0.00490440102294, 0.00378395058215, 0.00307086273097, 0.00132485758513, 0.00044021292706, 0.000313723518047, 0.000174947330379, 7.75486842031e-05, 5.0705166359e-05, 2.21259579121e-05, 1.21233160826e-05, 7.26133885109e-06, 1.85536680419e-06, 2.22807017281e-07, 1.48990193338e-06, 2.51785172622e-06],
        "var": [0.124917559326, 9.30016422272, 10.2190380096, 30.0323009491, 24.344877243, 104.420959473, 572.984375, 3180.98901367, 1371.18115234, 74675.140625, 8963.64355469, 49.4334564209, 498.349090576, 55.4076652527, 12076.0527344, 298.16973877, 34.3173484802, 21.2152175903, 13.8036575317, 28.3069934845, 14.3758516312, 57.7514724731, 3.35663557053, 1.16096675396, 0.543529093266, 0.318780213594, 1.15432929993, 0.519819378853, 0.432609200478, 0.0457903072238, 0.00522832665592, 0.000194526583073, 8.94872064237e-05, 0.000249739474384, 0.000170261409949, 5.05429215991e-06, 4.18640524913e-07, 1.83368822348e-08, 3.16810910839e-10, 5.32861921254e-10]
    },
    "gfcc": {
        "mean": [-85.3798370361, 189.374816895, -108.401367188, 22.3508243561, -52.2498054504, -9.73924541473, -21.822259903, -1.86068236828, 1.86112511158, 4.81523275375, -9.37158203125, -6.37222957611, -3.78673481941],
        "cov": [[1372.9395752, -591.607727051, -76.173034668, 81.5315170288, -306.927246094, -21.5226325989, -123.353210449, 148.978363037, -32.1689605713, 237.985031128, -83.0932388306, 69.5049285889, -91.7172775269], [-591.607727051, 648.504333496, 149.160598755, -32.1518821716, 280.084381104, -25.0425872803, 174.461807251, -106.843299866, 90.0707550049, -149.402313232, 118.063514709, -35.7484931946, 102.68497467], [-76.173034668, 149.160598755, 239.620452881, 30.477104187, 59.033782959, 30.9049263, 76.0625991821, 12.2224750519, 15.572640419, 13.6396741867, 2.96711158752, 0.369839161634, 39.6248970032], [81.5315170288, -32.1518821716, 30.477104187, 189.729537964, 14.7669239044, 42.3545951843, -2.66952610016, -35.1040344238, -13.7223739624, -7.37908315659, -4.19481706619, 22.615398407, 80.6604003906], [-306.927246094, 280.084381104, 59.033782959, 14.7669239044, 211.843994141, 32.7468299866, 58.8528518677, -47.8141975403, 16.7881145477, -80.5095443726, 50.9151496887, -11.0739965439, 60.4169158936], [-21.5226325989, -25.0425872803, 30.9049263, 42.3545951843, 32.7468299866, 118.008972168, 20.9185848236, -3.34728288651, -34.2033309937, -14.6763219833, -11.0402708054, -1.0171892643, 24.4235897064], [-123.353210449, 174.461807251, 76.0625991821, -2.66952610016, 58.8528518677, 20.9185848236, 128.409729004, -6.39922714233, 33.5281982422, -23.7676830292, 24.0838336945, -6.8148727417, 25.9191055298], [148.978363037, -106.843299866, 12.2224750519, -35.1040344238, -47.8141975403, -3.34728288651, -6.39922714233, 106.288047791, 21.3640556335, 61.8124694824, -12.5043210983, 4.21464300156, -38.6065216064], [-32.1689605713, 90.0707550049, 15.572640419, -13.7223739624, 16.7881145477, -34.2033309937, 33.5281982422, 21.3640556335, 105.400672913, 20.3534488678, 39.6720542908, -18.5297756195, -19.76080513], [237.985031128, -149.402313232, 13.6396741867, -7.37908315659, -80.5095443726, -14.6763219833, -23.7676830292, 61.8124694824, 20.3534488678, 137.206344604, -4.64824342728, 13.5561571121, -50.8826370239], [-83.0932388306, 118.063514709, 2.96711158752, -4.19481706619, 50.9151496887, -11.0402708054, 24.0838336945, -12.5043210983, 39.6720542908, -4.64824342728, 93.8995132446, 4.53920888901, -0.196196377277], [69.5049285889, -35.7484931946, 0.369839161634, 22.615398407, -11.0739965439, -1.0171892643, -6.8148727417, 4.21464300156, -18.5297756195, 13.5561571121, 4.53920888901, 73.6446151733, 32.7243080139], [-91.7172775269, 102.68497467, 39.6248970032, 80.6604003906, 60.4169158936, 24.4235897064, 25.9191055298, -38.6065216064, -19.76080513, -50.8826370239, -0.196196377277, 32.7243080139, 139.811538696]],
        "icov": [[0.00153738027439, 0.000371874892153, 0.000214821426198, -0.00103395862971, 0.000849268108141, 0.000300024199532, -0.000108739848656, -0.000919169164263, 0.000304666202283, -0.00125904846936, 0.000160680807312, -0.000637650082354, 0.00035229724017], [0.000371874892153, 0.0195557810366, -0.00660264259204, 0.00710402801633, -0.0126088801771, 0.00863089133054, -0.0109205683693, 0.0100009245798, -0.00697932811454, 0.00638460367918, -0.00871706288308, 0.00450496189296, -0.00734847271815], [0.000214821426198, -0.00660264259204, 0.00839913915843, -0.00331558752805, 0.00274740555324, -0.00301051628776, 0.000370717461919, -0.00456724409014, 0.00289247371256, -0.00481691723689, 0.00412427121773, -0.00104287767317, 0.00143705692608], [-0.00103395862971, 0.00710402801633, -0.00331558752805, 0.0120249250904, -0.00429288577288, -0.000161167816259, -0.00216681277379, 0.00749624799937, -0.00479823863134, 0.0016723384615, -0.00333242258057, 0.00172328739427, -0.00801629386842], [0.000849268108141, -0.0126088801771, 0.00274740555324, -0.00429288577288, 0.0180396065116, -0.00763717666268, 0.00677374377847, -0.00600180821493, 0.00351901911199, -0.00131520570721, 0.001670766389, -0.00220594927669, 0.00267875147983], [0.000300024199532, 0.00863089133054, -0.00301051628776, -0.000161167816259, -0.00763717666268, 0.0159915778786, -0.00755873974413, 0.00172897230368, 0.00261848256923, 0.00255274306983, -0.00347239198163, 0.00370743498206, -0.00238404353149], [-0.000108739848656, -0.0109205683693, 0.000370717461919, -0.00216681277379, 0.00677374377847, -0.00755873974413, 0.0185600649565, -0.0050091817975, -0.000570996606257, -0.00175429484807, 0.00383392954245, -0.0028348674532, 0.00261338613927], [-0.000919169164263, 0.0100009245798, -0.00456724409014, 0.00749624799937, -0.00600180821493, 0.00172897230368, -0.0050091817975, 0.0213075671345, -0.00803123228252, -0.000659205834381, -0.00200514378957, 0.000614886928815, -0.00339639675803], [0.000304666202283, -0.00697932811454, 0.00289247371256, -0.00479823863134, 0.00351901911199, 0.00261848256923, -0.000570996606257, -0.00803123228252, 0.0196769889444, -0.00485565466806, -0.00248656701297, 0.00322506995872, 0.00343997753225], [-0.00125904846936, 0.00638460367918, -0.00481691723689, 0.0016723384615, -0.00131520570721, 0.00255274306983, -0.00175429484807, -0.000659205834381, -0.00485565466806, 0.017589520663, -0.00455818884075, -0.00117140205111, 0.00113382074051], [0.000160680807312, -0.00871706288308, 0.00412427121773, -0.00333242258057, 0.001670766389, -0.00347239198163, 0.00383392954245, -0.00200514378957, -0.00248656701297, -0.00455818884075, 0.0200391467661, -0.00609605992213, 0.00532612018287], [-0.000637650082354, 0.00450496189296, -0.00104287767317, 0.00172328739427, -0.00220594927669, 0.00370743498206, -0.0028348674532, 0.000614886928815, 0.00322506995872, -0.00117140205111, -0.00609605992213, 0.0202910043299, -0.00815303251147], [0.00035229724017, -0.00734847271815, 0.00143705692608, -0.00801629386842, 0.00267875147983, -0.00238404353149, 0.00261338613927, -0.00339639675803, 0.00343997753225, 0.00113382074051, 0.00532612018287, -0.00815303251147, 0.017649365589]]
    },
    "melbands": {
        "dmean": [0.00056030479027, 0.000630218361039, 0.000446411024313, 0.000102136189525, 0.000261338747805, 0.000246075243922, 8.15431194496e-05, 0.000961700745393, 0.000167895152117, 1.262259957e-05, 4.76764980704e-05, 7.49576565795e-06, 2.55401719187e-05, 1.40433467095e-05, 8.40905886434e-06, 1.47461798861e-06, 6.4234391175e-06, 2.50503694588e-06, 1.93400705939e-06, 3.24453799294e-06, 2.53000735029e-06, 2.29594479606e-06, 7.46679120311e-07, 3.80387461973e-07, 3.28584690124e-07, 1.57916602461e-07, 1.66359868103e-07, 1.44965170534e-07, 1.5805191822e-07, 2.81198254015e-07, 6.63913084509e-08, 1.39322906989e-07, 4.9206590802e-08, 3.59689380502e-08, 1.90525994981e-08, 4.57588722469e-09, 2.13714179687e-09, 2.01547822876e-09, 2.87728862958e-09, 3.91453314208e-09],
        "dmean2": [0.000770347134676, 0.000913144263905, 0.00071002356708, 0.000153276909259, 0.000442724965978, 0.00042401405517, 0.000104809492768, 0.00119249615818, 0.000224168339628, 1.96155197045e-05, 7.86731034168e-05, 1.18999232654e-05, 3.6256180465e-05, 2.22449798457e-05, 1.44818004628e-05, 2.37070116782e-06, 1.05369645098e-05, 4.04921775043e-06, 2.89889294436e-06, 5.5141372286e-06, 4.00933595301e-06, 3.63145818483e-06, 1.24486655295e-06, 6.23520406862e-07, 5.49931939986e-07, 2.59117427959e-07, 2.756627282e-07, 2.40838602394e-07, 2.47286322974e-07, 4.49903325261e-07, 1.07616493494e-07, 2.11469014744e-07, 7.42271524246e-08, 5.6389179548e-08, 3.15360573211e-08, 7.42106109897e-09, 3.57150020669e-09, 3.38015793133e-09, 4.63152005636e-09, 6.25503471241e-09],
        "dvar": [3.86020110454e-06, 1.60053195941e-06, 1.95307762851e-07, 2.34568062751e-08, 1.95672555492e-07, 1.19342871585e-07, 2.23649934128e-08, 2.75600768873e-06, 6.54995062632e-08, 4.66344296512e-10, 8.33311641912e-09, 2.00305494413e-10, 1.47358596436e-08, 2.711651792e-09, 1.39429423562e-09, 2.8129935447e-12, 6.5840888297e-11, 1.38800785102e-11, 4.29059426876e-11, 5.28364262065e-11, 1.71780263625e-11, 3.71695174639e-11, 2.78933907222e-12, 6.07924951698e-13, 2.62262488202e-13, 9.19058937027e-14, 2.02251328749e-13, 6.21026464303e-14, 1.70669535904e-13, 4.15897757856e-13, 1.29212192703e-13, 1.63961007857e-13, 8.65199347577e-15, 4.69830710524e-15, 1.15145224745e-15, 1.11130034465e-16, 2.34780873561e-17, 2.24211490566e-17, 4.17630818871e-17, 1.09538618376e-16],
        "dvar2": [6.42025270281e-06, 2.66909796665e-06, 5.23607695868e-07, 5.67599087731e-08, 6.17276441517e-07, 3.47277961055e-07, 2.84864878353e-08, 4.70502664029e-06, 1.31054903818e-07, 1.23904875249e-09, 2.46058036169e-08, 5.18175835573e-10, 1.65522742179e-08, 5.52713430579e-09, 4.08642364391e-09, 7.38509860904e-12, 1.69453076571e-10, 3.27272341172e-11, 7.74212707833e-11, 1.64014871129e-10, 3.69392537392e-11, 8.54188733634e-11, 7.41664715753e-12, 1.54824189493e-12, 7.36812195458e-13, 2.50799842049e-13, 5.59670799288e-13, 1.62114828397e-13, 4.57219873941e-13, 9.0599505979e-13, 3.70920172832e-13, 3.93147482885e-13, 1.98467510601e-14, 9.20718376215e-15, 2.89095330689e-15, 2.73158172852e-16, 5.15245244906e-17, 6.30938232623e-17, 9.73190497639e-17, 2.64850129599e-16],
        "max": [0.0558680072427, 0.0313767679036, 0.00520771834999, 0.00239933794364, 0.00470713526011, 0.00739380298182, 0.00560943316668, 0.0220539513975, 0.00329783256166, 0.000515783380251, 0.00155533896759, 0.00025667907903, 0.00497504044324, 0.00166933983564, 0.000781105947681, 1.78455284185e-05, 7.35353023629e-05, 6.92226894898e-05, 0.000201001137611, 9.23944753595e-05, 6.9532339694e-05, 0.00012852990767, 2.64279187832e-05, 1.52929042088e-05, 1.01237101262e-05, 4.66388337372e-06, 9.51694801188e-06, 4.8484216677e-06, 6.89997341397e-06, 1.88313151739e-05, 8.93614105735e-06, 7.53916128815e-06, 1.8099715362e-06, 1.15362172437e-06, 5.06244248299e-07, 1.86416940551e-07, 1.09581243635e-07, 8.23438739417e-08, 1.46107936416e-07, 2.13487524547e-07],
        "mean": [0.00209700269625, 0.00186502374709, 0.00118753570132, 0.000355177500751, 0.000591952411924, 0.000938338635024, 0.000373956252588, 0.00245626922697, 0.000453126034699, 3.11052863253e-05, 7.24980345694e-05, 1.60875606525e-05, 5.73155775783e-05, 2.75689380942e-05, 1.39769754242e-05, 3.08511334879e-06, 9.67422784015e-06, 4.53078473583e-06, 3.67349525732e-06, 5.41031704415e-06, 4.27168879469e-06, 4.15424665334e-06, 1.25751739688e-06, 7.87691192272e-07, 6.1619761027e-07, 3.29275167132e-07, 3.01581337681e-07, 2.96932711308e-07, 2.7381503287e-07, 4.78068045595e-07, 1.04536738377e-07, 2.30080857477e-07, 1.0855763577e-07, 6.95692321528e-08, 3.26585620769e-08, 8.27739032871e-09, 3.42021699851e-09, 2.74335176798e-09, 4.74904027215e-09, 6.61603793972e-09],
        "median": [0.00125493574888, 0.00120726937894, 0.000994003610685, 0.000249962758971, 0.000357671640813, 0.000425876001827, 0.000231439975323, 0.00112430728041, 0.000237438085605, 2.2895001166e-05, 3.44503860106e-05, 9.34524359764e-06, 9.44041676121e-06, 7.27874112272e-06, 4.18913941758e-06, 2.23289430323e-06, 6.06547291682e-06, 2.9065331546e-06, 1.47056823607e-06, 1.83954011845e-06, 2.50477887676e-06, 1.82135431714e-06, 3.43764412492e-07, 3.78995764549e-07, 3.19058955256e-07, 1.17889214835e-07, 1.64686099424e-07, 1.60470889909e-07, 1.17144480782e-07, 2.2498872454e-07, 3.30471792154e-08, 6.84881840129e-08, 3.46773880722e-08, 2.50855958228e-08, 1.43503768868e-08, 3.54020301963e-09, 1.59776414321e-09, 9.35828747828e-10, 1.30329291803e-09, 1.86198201302e-09],
