{
"highlevel": {
    "danceability": {
        "all": {
            "danceable": 0.997299194336,
            "not_danceable": 0.00270080589689
        },
        "probability": 0.997299194336,
        "value": "danceable"
    },
    "gender": {
        "all": {
            "female": 0.597716510296,
            "male": 0.402283489704
        },
        "probability": 0.597716510296,
        "value": "female"
    },
    "genre_dortmund": {
        "all": {
            "alternative": 0.0114449318498,
            "blues": 0.128121078014,
            "electronic": 0.537086009979,
            "folkcountry": 0.0231200382113,
            "funksoulrnb": 0.0105339158326,
            "jazz": 0.118440367281,
            "pop": 0.0159957818687,
            "raphiphop": 0.133806183934,
            "rock": 0.0214516688138
        },
        "probability": 0.537086009979,
        "value": "electronic"
    },
    "genre_electronic": {
        "all": {
            "ambient": 0.0443500503898,
            "dnb": 0.0325621813536,
            "house": 0.826712310314,
            "techno": 0.0929013341665,
            "trance": 0.00347411073744
        },
        "probability": 0.826712310314,
        "value": "house"
    },
    "genre_rosamerica": {
        "all": {
            "cla": 0.0184594746679,
            "dan": 0.0271156299859,
            "hip": 0.801802575588,
            "jaz": 0.0526586137712,
            "pop": 0.0179568491876,
            "rhy": 0.0430355742574,
            "roc": 0.00998373143375,
            "spe": 0.0289875790477
        },
        "probability": 0.801802575588,
        "value": "hip"
    },
    "genre_tzanetakis": {
        "all": {
            "blu": 0.0379267036915,
            "cla": 0.000286390102701,
            "cou": 0.00116907816846,
            "dis": 0.0026789510157,
            "hip": 0.0206272099167,
            "jaz": 0.000373107293854,
            "met": 0.00313502573408,
            "pop": 0.00201119296253,
            "reg": 0.91435956955,
            "roc": 0.0174327772111
        },
        "probability": 0.91435956955,
        "value": "reg"
    },
    "ismir04_rhythm": {
        "all": {
            "ChaChaCha": 0.14593796432,
            "Jive": 0.0254543125629,
            "Quickstep": 0.0513654015958,
            "Rumba-American": 0.0231412183493,
            "Rumba-International": 0.554891228676,
            "Rumba-Misc": 0.0103436699137,
            "Samba": 0.113782905042,
            "Tango": 0.0434361286461,
            "VienneseWaltz": 0.0123493382707,
            "Waltz": 0.0192978624254
        },
        "probability": 0.554891228676,
        "value": "Rumba-International"
    },
    "mood_acoustic": {
        "all": {
            "acoustic": 0.0181836951524,
            "not_acoustic": 0.981816291809
        },
        "probability": 0.981816291809,
        "value": "not_acoustic"
    },
    "mood_aggressive": {
        "all": {
            "aggressive": 0.212329551578,
            "not_aggressive": 0.787670433521
        },
        "probability": 0.787670433521,
        "value": "not_aggressive"
    },
    "mood_electronic": {
        "all": {
            "electronic": 0.960497498512,
            "not_electronic": 0.0395025275648
        },
        "probability": 0.960497498512,
        "value": "electronic"
    },
    "mood_happy": {
        "all": {
            "happy": 0.074298389256,
            "not_happy": 0.925701618195
        },
        "probability": 0.925701618195,
        "value": "not_happy"
    },
    "mood_party": {
        "all": {
            "not_party": 0.360519498587,
            "party": 0.639480531216
        },
        "probability": 0.639480531216,
        "value": "party"
    },
    "mood_relaxed": {
        "all": {
            "not_relaxed": 0.782951831818,
            "relaxed": 0.217048197985
        },
        "probability": 0.782951831818,
        "value": "not_relaxed"
    },
    "mood_sad": {
        "all": {
            "not_sad": 0.833483457565,
            "sad": 0.166516542435
        },
        "probability": 0.833483457565,
        "value": "not_sad"
    },
    "moods_mirex": {
        "all": {
            "Cluster1": 0.355309307575,
            "Cluster2": 0.301104277372,
            "Cluster3": 0.137595146894,
            "Cluster4": 0.102236568928,
            "Cluster5": 0.10375469923
        },
        "probability": 0.355309307575,
        "value": "Cluster1"
    },
    "timbre": {
        "all": {
            "bright": 0.304750055075,
            "dark": 0.695249974728
        },
        "probability": 0.695249974728,
        "value": "dark"
    },
    "tonal_atonal": {
        "all": {
            "atonal": 0.996971309185,
            "tonal": 0.00302869942971
        },
        "probability": 0.996971309185,
        "value": "atonal"
    },
    "voice_instrumental": {
        "all": {
            "instrumental": 0.933473825455,
            "voice": 0.066526144743
        },
        "probability": 0.933473825455,
        "value": "instrumental"
    }
},
"lowlevel": {
    "average_loudness": 0.97240626812,
    "barkbands_crest": {
        "dmean": 2.56025314331,
        "dmean2": 4.30238246918,
        "dvar": 8.05730628967,
        "dvar2": 20.5295772552,
        "max": 26.5499305725,
        "mean": 14.8389825821,
        "median": 13.6410732269,
        "min": 3.14620876312,
        "var": 32.0908546448
    },
    "barkbands_flatness_db": {
        "dmean": 0.0450066849589,
        "dmean2": 0.068311534822,
        "dvar": 0.00292783859186,
        "dvar2": 0.0056607183069,
        "max": 0.773298561573,
        "mean": 0.336507737637,
        "median": 0.332448154688,
        "min": 0.0749406069517,
        "var": 0.0154214520007
    },
    "barkbands_kurtosis": {
        "dmean": 28.7369117737,
        "dmean2": 45.6747779846,
        "dvar": 4485.87060547,
        "dvar2": 11352.2841797,
        "max": 749.822631836,
        "mean": 45.36561203,
        "median": 21.277381897,
        "min": -1.7366515398,
        "var": 5758.63671875
    },
    "barkbands_skewness": {
        "dmean": 1.46063137054,
        "dmean2": 2.26240897179,
        "dvar": 4.67997074127,
        "dvar2": 11.2284879684,
        "max": 24.7136459351,
        "mean": 4.30706739426,
        "median": 3.98812603951,
        "min": -1.7077524662,
        "var": 10.5810422897
    },
    "barkbands_spread": {
        "dmean": 4.16234350204,
        "dmean2": 6.23038911819,
        "dvar": 49.5295677185,
        "dvar2": 94.2886276245,
        "max": 59.5080451965,
        "mean": 9.61093235016,
        "median": 3.60313796997,
        "min": 0.0703714042902,
        "var": 160.145095825
    },
    "dissonance": {
        "dmean": 0.0210089795291,
        "dmean2": 0.0332105495036,
        "dvar": 0.000918300240301,
        "dvar2": 0.00231844582595,
        "max": 0.499697864056,
        "mean": 0.46252733469,
        "median": 0.472827494144,
        "min": 0.1441963166,
        "var": 0.00155899545643
    },
    "dynamic_complexity": 2.69857430458,
    "erbbands_crest": {
        "dmean": 2.63618612289,
        "dmean2": 4.12978839874,
        "dvar": 7.76373624802,
        "dvar2": 18.7359733582,
        "max": 25.8981647491,
        "mean": 10.5548191071,
        "median": 8.86121559143,
        "min": 3.21474003792,
        "var": 28.2870330811
    },
    "erbbands_flatness_db": {
        "dmean": 0.0235237684101,
        "dmean2": 0.03524633497,
        "dvar": 0.000953531183768,
        "dvar2": 0.0019168050494,
        "max": 0.524140298367,
        "mean": 0.245907619596,
        "median": 0.233368784189,
        "min": 0.113031603396,
        "var": 0.00354985194281
    },
    "erbbands_kurtosis": {
        "dmean": 3.77856445312,
        "dmean2": 6.15877771378,
        "dvar": 76.8516540527,
        "dvar2": 203.620330811,
        "max": 103.852790833,
        "mean": 3.94633960724,
        "median": 0.157997846603,
        "min": -1.88635408878,
        "var": 105.704650879
    },
    "erbbands_skewness": {
        "dmean": 0.720003783703,
        "dmean2": 1.04740846157,
        "dvar": 0.831070482731,
        "dvar2": 1.8308917284,
        "max": 7.6139383316,
        "mean": 0.891153037548,
        "median": 0.657223820686,
        "min": -2.71924996376,
        "var": 2.77714252472
    },
    "erbbands_spread": {
        "dmean": 12.256690979,
        "dmean2": 19.2109966278,
        "dvar": 216.611282349,
        "dvar2": 493.714416504,
        "max": 146.609527588,
        "mean": 39.789680481,
        "median": 35.4902801514,
        "min": 1.12619900703,
        "var": 613.561218262
    },
    "hfc": {
        "dmean": 6.13806962967,
        "dmean2": 8.21734619141,
        "dvar": 200.392745972,
        "dvar2": 263.381652832,
        "max": 161.222198486,
        "mean": 12.2732505798,
        "median": 5.29825782776,
        "min": 0.159867405891,
        "var": 582.348388672
    },
    "melbands_crest": {
        "dmean": 2.80825591087,
        "dmean2": 4.48974609375,
        "dvar": 9.64706707001,
        "dvar2": 25.6429691315,
        "max": 31.6023406982,
        "mean": 21.9424419403,
        "median": 23.6885204315,
        "min": 3.92256736755,
        "var": 44.7780952454
    },
    "melbands_flatness_db": {
        "dmean": 0.0527075901628,
        "dmean2": 0.0759033188224,
        "dvar": 0.00417463621125,
        "dvar2": 0.0076670316048,
        "max": 0.947230041027,
        "mean": 0.41850438714,
        "median": 0.42195802927,
        "min": 0.0573938749731,
        "var": 0.0265218410641
    },
    "melbands_kurtosis": {
        "dmean": 34.7183570862,
        "dmean2": 55.555606842,
        "dvar": 4136.97705078,
        "dvar2": 10793.2568359,
        "max": 959.302185059,
        "mean": 75.0425033569,
        "median": 45.4032211304,
        "min": -1.69271969795,
        "var": 7202.7109375
    },
    "melbands_skewness": {
        "dmean": 1.50747478008,
        "dmean2": 2.39717316628,
        "dvar": 3.74495005608,
        "dvar2": 8.92649173737,
        "max": 22.5730037689,
        "mean": 5.44547319412,
        "median": 5.21824741364,
        "min": -0.675014615059,
        "var": 10.7455329895
    },
    "melbands_spread": {
        "dmean": 4.41126823425,
        "dmean2": 6.57049274445,
        "dvar": 79.9207611084,
        "dvar2": 150.906539917,
        "max": 115.801467896,
        "mean": 10.4020452499,
        "median": 2.68228554726,
        "min": 0.206586256623,
        "var": 359.298217773
    },
    "pitch_salience": {
        "dmean": 0.0905144959688,
        "dmean2": 0.150084167719,
        "dvar": 0.00878446642309,
        "dvar2": 0.0208033919334,
        "max": 0.859961152077,
        "mean": 0.373550951481,
        "median": 0.345062017441,
        "min": 0.036973297596,
        "var": 0.0344730876386
    },
    "silence_rate_20dB": {
        "dmean": 0,
        "dmean2": 0,
        "dvar": 0,
        "dvar2": 0,
        "max": 1,
        "mean": 1,
        "median": 1,
        "min": 1,
        "var": 0
    },
    "silence_rate_30dB": {
        "dmean": 0.0650154799223,
        "dmean2": 0.130131676793,
        "dvar": 0.060788191855,
        "dvar2": 0.127141699195,
        "max": 1,
        "mean": 0.93812841177,
        "median": 1,
        "min": 0,
        "var": 0.0580447092652
    },
    "silence_rate_60dB": {
        "dmean": 0.030959751457,
        "dmean2": 0.0619674660265,
        "dvar": 0.0300013329834,
        "dvar2": 0.0658731907606,
        "max": 1,
        "mean": 0.0618716180325,
        "median": 0,
        "min": 0,
        "var": 0.0580441839993
    },
    "spectral_centroid": {
        "dmean": 273.578063965,
        "dmean2": 394.506347656,
        "dvar": 194415.828125,
        "dvar2": 347448.15625,
        "max": 3444.96020508,
        "mean": 852.146972656,
        "median": 443.79119873,
        "min": 83.4691238403,
        "var": 774592.75
    },
    "spectral_complexity": {
        "dmean": 3.75928783417,
        "dmean2": 5.54066610336,
        "dvar": 51.5945892334,
        "dvar2": 85.9847106934,
        "max": 66,
        "mean": 10.8221187592,
        "median": 7,
        "min": 0,
        "var": 144.359542847
    },
    "spectral_decrease": {
        "dmean": 5.1127417855e-09,
        "dmean2": 8.42786018751e-09,
        "dvar": 9.18455427111e-17,
        "dvar2": 2.28962375945e-16,
        "max": -7.44308364942e-11,
        "mean": -1.08033786361e-08,
        "median": -8.82169182148e-09,
        "min": -8.01501585102e-08,
        "var": 1.11205896854e-16
    },
    "spectral_energy": {
        "dmean": 0.0197580307722,
        "dmean2": 0.032366655767,
        "dvar": 0.00134508009069,
        "dvar2": 0.00333772855811,
        "max": 0.305482059717,
        "mean": 0.0418876297772,
        "median": 0.033908482641,
        "min": 0.000313372758683,
        "var": 0.0016462074127
    },
    "spectral_energyband_high": {
        "dmean": 0.000293536140816,
        "dmean2": 0.000412698602304,
        "dvar": 7.41563951578e-07,
        "dvar2": 1.13705095828e-06,
        "max": 0.00972603261471,
        "mean": 0.000509792764205,
        "median": 1.37567985803e-05,
        "min": 1.12230869043e-09,
        "var": 2.13136513594e-06
    },
    "spectral_energyband_low": {
        "dmean": 0.0177103634924,
        "dmean2": 0.0302339009941,
        "dvar": 0.00128704798408,
        "dvar2": 0.00334593746811,
        "max": 0.298482596874,
        "mean": 0.0341179072857,
        "median": 0.0282509159297,
        "min": 6.5408798946e-06,
        "var": 0.00149537075777
    },
    "spectral_energyband_middle_high": {
        "dmean": 0.0012486721389,
        "dmean2": 0.00165622623172,
        "dvar": 1.55054603965e-05,
        "dvar2": 2.23004135478e-05,
        "max": 0.0417129509151,
        "mean": 0.00215329998173,
        "median": 0.000321081461152,
        "min": 2.03627621431e-08,
        "var": 4.13808156736e-05
    },
    "spectral_energyband_middle_low": {
        "dmean": 0.00501783983782,
        "dmean2": 0.00824300013483,
        "dvar": 0.00013007648522,
        "dvar2": 0.000307371490635,
        "max": 0.0844533368945,
        "mean": 0.00679233530536,
        "median": 0.00283561577089,
        "min": 5.78094795856e-06,
        "var": 0.000129436259158
    },
    "spectral_entropy": {
        "dmean": 0.313754439354,
        "dmean2": 0.457495927811,
        "dvar": 0.184412509203,
        "dvar2": 0.340381324291,
        "max": 8.05265808105,
        "mean": 6.70813465118,
        "median": 6.78725671768,
        "min": 3.64275479317,
        "var": 0.746339797974
    },
    "spectral_flux": {
        "dmean": 0.0403035059571,
        "dmean2": 0.0615977458656,
        "dvar": 0.00324690458365,
        "dvar2": 0.00683171860874,
        "max": 0.436755776405,
        "mean": 0.0868637412786,
        "median": 0.0547538772225,
        "min": 0.00495286844671,
        "var": 0.00680536217988
    },
    "spectral_kurtosis": {
        "dmean": 12.136932373,
        "dmean2": 19.9272136688,
        "dvar": 827.592956543,
        "dvar2": 2004.58422852,
        "max": 450.104187012,
        "mean": 15.5897483826,
        "median": 5.36429786682,
        "min": -0.729504108429,
        "var": 1178.69067383
    },
    "spectral_rms": {
        "dmean": 0.00131986825727,
        "dmean2": 0.00209001405165,
        "dvar": 3.324907766e-06,
        "dvar2": 7.58921351007e-06,
        "max": 0.0172635819763,
        "mean": 0.00581101886928,
        "median": 0.00575164752081,
        "min": 0.000552928133402,
        "var": 7.09801270204e-06
    },
    "spectral_rolloff": {
        "dmean": 237.8644104,
        "dmean2": 393.033538818,
        "dvar": 343328.3125,
        "dvar2": 723188.4375,
        "max": 4758.83789062,
        "mean": 621.331848145,
        "median": 129.19921875,
        "min": 64.599609375,
        "var": 1142045
    },
    "spectral_skewness": {
        "dmean": 0.854966282845,
        "dmean2": 1.34486317635,
        "dvar": 1.68613779545,
        "dvar2": 3.44098424911,
        "max": 17.1958999634,
        "mean": 2.01121425629,
        "median": 1.53457224369,
        "min": -0.249733239412,
        "var": 4.2773809433
    },
    "spectral_spread": {
        "dmean": 440140.34375,
        "dmean2": 693632.25,
        "dvar": 248469291008,
        "dvar2": 602829815808,
        "max": 5901435,
        "mean": 2658681.75,
        "median": 2598002,
        "min": 249575.328125,
        "var": 1.03653415322e+12
    },
    "spectral_strongpeak": {
        "dmean": 0.244605243206,
        "dmean2": 0.408939093351,
        "dvar": 0.193858608603,
        "dvar2": 0.541711211205,
        "max": 5.63412189484,
        "mean": 0.587987780571,
        "median": 0.468543827534,
        "min": 0.0179852377623,
        "var": 0.187506482005
    },
    "zerocrossingrate": {
        "dmean": 0.00656534219161,
        "dmean2": 0.00659728096798,
        "dvar": 7.43133859942e-05,
        "dvar2": 6.85240229359e-05,
        "max": 0.15234375,
        "mean": 0.0243381578475,
        "median": 0.01171875,
        "min": 0.00244140625,
        "var": 0.000819615379442
    },
    "barkbands": {
        "dmean": [0.000112414280011, 0.0097260531038, 0.00932815019041, 0.002578120213, 0.00235190661624, 0.000420763215516, 0.000195835760678, 0.000122018689581, 0.000109426859126, 4.31476946687e-05, 6.4402272983e-05, 5.35383442184e-05, 0.000103755919554, 0.000165462042787, 0.000145692567457, 0.000219896188355, 0.000212106169784, 0.000303919368889, 0.000262815272436, 0.0001838762837, 0.000163930541021, 5.36586157978e-05, 1.5245821487e-05, 4.14009946326e-06, 6.55912231196e-07, 8.064936452e-08, 2.6069155723e-09],
        "dmean2": [0.000172917207237, 0.0168501827866, 0.0159547142684, 0.0046494025737, 0.00368917826563, 0.000678193813656, 0.000324257533066, 0.000202050650842, 0.000184895427083, 6.95649869158e-05, 0.000112276276923, 8.31842116895e-05, 0.000172017054865, 0.000262498855591, 0.000207610137295, 0.000314759847242, 0.000335521355737, 0.000361971440725, 0.000393719936255, 0.00026333113783, 0.000228039571084, 7.51491825213e-05, 2.23470960918e-05, 5.7400075093e-06, 8.72933128448e-07, 1.00861655028e-07, 4.24880575167e-09],
        "dvar": [4.2708744985e-08, 0.000223300448852, 0.000819004548248, 5.52197780053e-05, 4.9009151553e-05, 5.98506062488e-07, 1.10115230711e-07, 9.46458911244e-08, 1.10206201498e-07, 1.53198236319e-08, 6.83399079549e-08, 3.72269433058e-08, 1.64013130188e-07, 4.45442907449e-07, 2.14517669406e-07, 5.16058889843e-07, 3.83008881499e-07, 1.0027507642e-06, 7.95326059233e-07, 2.48766781397e-07, 1.9636335935e-07, 3.10914778368e-08, 2.18362417037e-09, 1.41974099144e-10, 3.31405757871e-12, 8.84039884482e-14, 5.06912690636e-16],
        "dvar2": [8.78643646729e-08, 0.000630073307548, 0.0021811418701, 0.000155415938934, 9.97232345981e-05, 1.61030970958e-06, 2.88542992166e-07, 2.58383209939e-07, 2.7993223739e-07, 3.95928090313e-08, 1.86879702824e-07, 8.7969063145e-08, 3.99975135679e-07, 1.1117425629e-06, 3.12803507541e-07, 1.10396331365e-06, 1.01541559161e-06, 1.21542268516e-06, 1.53150733695e-06, 4.59328703073e-07, 3.32724198415e-07, 5.63882771587e-08, 4.55087123541e-09, 2.76017347867e-10, 4.94922332284e-12, 1.19642590648e-13, 5.23681296014e-16],
        "max": [0.00237477663904, 0.132079169154, 0.205222472548, 0.0589133352041, 0.0767008215189, 0.00976633839309, 0.00260465824977, 0.00415218854323, 0.00393416499719, 0.00121277733706, 0.00344842183404, 0.0024593854323, 0.00456041935831, 0.0080741327256, 0.00563237955794, 0.00936346314847, 0.00594841968268, 0.0146821197122, 0.0110439127311, 0.00549096427858, 0.00519391754642, 0.0019252843922, 0.000550520257093, 0.000167082122061, 2.68614021479e-05, 3.96218638343e-06, 7.75161083766e-07],
        "mean": [0.000156610592967, 0.019145347178, 0.0131498938426, 0.00252311676741, 0.00281125423498, 0.00079576385906, 0.00028123150696, 0.000218161963858, 0.000134805610287, 5.28070340806e-05, 6.66297855787e-05, 6.15874669165e-05, 0.000116514209367, 0.000202987997909, 0.000209397636354, 0.000269059615675, 0.000270225602435, 0.000438024668256, 0.000356541218935, 0.000259850872681, 0.000247363263043, 8.8355904154e-05, 2.3961365514e-05, 7.13120607543e-06, 9.54566189648e-07, 1.08201994919e-07, 2.23244045472e-09],
        "median": [4.58585345768e-05, 0.0189351905137, 0.00494418758899, 0.000420269207098, 0.0009906955529, 0.000258158601355, 0.000156307476573, 0.000115849776193, 5.51591292606e-05, 1.76681842277e-05, 1.12855532279e-05, 1.35232712637e-05, 2.42275673372e-05, 2.10019170481e-05, 2.63930287474e-05, 2.58468207903e-05, 3.088235826e-05, 2.04926891456e-05, 1.43334073073e-05, 9.81460016192e-06, 5.22172877027e-06, 1.73607156739e-06, 3.62205184956e-07, 6.24983584885e-08, 9.16765952041e-09, 1.62536750725e-09, 3.64365371208e-10],
        "min": [2.32018937396e-09, 5.20781441082e-07, 2.58760928773e-06, 4.58124446823e-07, 4.82199993712e-07, 2.45585084713e-07, 6.76314613202e-08, 3.33035821143e-09, 1.12070175362e-09, 8.63387195071e-10, 9.69605062906e-10, 1.93589566599e-09, 1.47777401427e-09, 8.31812840829e-10, 6.32262464606e-10, 8.90944040766e-10, 5.0779702665e-10, 1.0807534867e-09, 1.58870883116e-09, 9.64203494824e-10, 1.82934153936e-10, 4.8284150983e-11, 1.1193982373e-11, 9.03464716234e-12, 6.96959070318e-12, 1.00352616841e-11, 1.3686842458e-11],
        "var": [9.18764229141e-08, 0.000350946764229, 0.000636536744423, 3.77863761969e-05, 5.68092036701e-05, 1.81962570878e-06, 1.34934026619e-07, 1.06438605485e-07, 9.71901172875e-08, 1.51950629856e-08, 5.80063215239e-08, 3.74206585718e-08, 1.45051785694e-07, 5.50688980638e-07, 5.14279406616e-07, 6.93037918609e-07, 5.87422448461e-07, 2.66104893853e-06, 1.57141937507e-06, 5.58374495085e-07, 4.92025151289e-07, 7.82343292371e-08, 5.41479794336e-09, 4.51814446967e-10, 8.67254879022e-12, 1.99450021386e-13, 5.0692661374e-16]
    },
    "erbbands": {
        "dmean": [0.161079838872, 2.71720194817, 10.4925317764, 8.88824081421, 10.4523963928, 5.67210388184, 3.80149817467, 3.25494170189, 3.01393938065, 2.60432076454, 2.45474720001, 2.53723311424, 1.82133173943, 1.49264812469, 2.85262537003, 2.2838447094, 4.20555639267, 7.88531303406, 8.56953430176, 8.44685459137, 11.3728809357, 10.9254732132, 16.6942596436, 14.420135498, 12.8514766693, 9.17414855957, 7.87312412262, 4.53870201111, 2.15922951698, 0.873756706715, 0.385684549809, 0.151418849826, 0.0457338578999, 0.0114757921547, 0.00270295306109, 0.000652866496239, 0.000113920832518, 9.48310662352e-06, 9.68451604422e-06, 2.20113743126e-05],
        "dmean2": [0.245545193553, 4.75276851654, 17.9977970123, 15.1567716599, 17.3169231415, 9.24282360077, 6.32660770416, 5.29788017273, 4.88059854507, 4.3594493866, 3.97703409195, 4.28161001205, 2.94519257545, 2.33022022247, 4.96287536621, 3.56255531311, 6.86330938339, 11.92964077, 13.8666696548, 12.3117952347, 14.4171991348, 16.9888153076, 19.2292232513, 19.3546237946, 18.5572814941, 13.46489048, 11.7023611069, 6.02677583694, 3.02873182297, 1.11697244644, 0.577898561954, 0.221440911293, 0.0646603032947, 0.0150176072493, 0.00356196518987, 0.000782760151196, 0.000153375585796, 1.37983079185e-05, 1.52757693286e-05, 3.56654818461e-05],
        "dvar": [0.0862064436078, 19.0149936676, 896.671142578, 646.258300781, 736.920349121, 338.593688965, 49.6713600159, 38.1977157593, 24.6533355713, 34.81823349, 29.2470283508, 61.7255630493, 30.465883255, 30.5131492615, 139.672561646, 55.0597953796, 251.522109985, 982.524963379, 945.670349121, 566.727600098, 1183.55310059, 1077.51843262, 2866.99902344, 2342.87670898, 1541.53405762, 667.391479492, 428.356994629, 175.71862793, 53.1746749878, 7.25976467133, 1.50581634045, 0.226782873273, 0.014586542733, 0.000933533301577, 6.80833327351e-05, 5.17733906236e-06, 1.85635059324e-07, 1.25011112573e-09, 2.93124774453e-10, 1.6076997511e-09],
        "dvar2": [0.187391906977, 53.5916213989, 2378.32617188, 1701.31628418, 1644.84216309, 742.317077637, 139.377716064, 97.4925613403, 61.4196739197, 95.89818573, 75.2179794312, 154.86076355, 80.8923187256, 72.928062439, 398.410461426, 126.006607056, 606.136291504, 2322.84960938, 2214.95385742, 1131.24743652, 2107.68188477, 2486.43969727, 3552.90698242, 3692.40551758, 3124.73730469, 1376.26367188, 804.236877441, 264.510253906, 90.3738250732, 10.1422834396, 3.20983052254, 0.492269039154, 0.0285251662135, 0.00139435601886, 0.000102305959444, 7.41274971006e-06, 2.4900609219e-07, 1.91650140202e-09, 6.70366595568e-10, 3.9387613171e-09],
        "max": [3.72482228279, 40.1347961426, 232.512771606, 195.011978149, 243.615844727, 195.776519775, 62.0158119202, 85.2532272339, 53.9988327026, 66.387260437, 62.660533905, 104.403762817, 59.1764602661, 65.7979278564, 153.480163574, 90.1357421875, 192.589920044, 400.600097656, 325.15222168, 288.645324707, 443.086456299, 326.952850342, 770.346252441, 629.051147461, 497.864532471, 297.196014404, 216.940109253, 179.507293701, 81.3918914795, 38.6614494324, 14.7987194061, 5.49208164215, 2.05105948448, 0.419540345669, 0.134221062064, 0.0315097011626, 0.00597145128995, 0.000651887210552, 0.000135608614073, 0.000330754643073],
        "mean": [0.362779259682, 5.00261306763, 16.2748661041, 10.7598142624, 10.576125145, 7.09239959717, 5.66982698441, 6.47272729874, 5.36402130127, 3.85553717613, 4.70368099213, 3.37551474571, 2.25527620316, 1.71584498882, 2.92041325569, 2.91259264946, 5.03193092346, 9.40965366364, 11.2053861618, 11.8339290619, 14.848274231, 15.3954591751, 23.4316253662, 20.4962768555, 16.7821483612, 12.2627439499, 11.5576152802, 7.3082690239, 3.63966059685, 1.54563701153, 0.611957073212, 0.245972320437, 0.0767270550132, 0.0177432112396, 0.00380523945205, 0.000836356717627, 0.000174076601979, 1.40112388181e-05, 2.09341815207e-05, 4.69442275062e-05],
        "median": [0.140526711941, 4.73367738724, 4.77423191071, 5.07813549042, 3.07607030869, 2.53960633278, 2.38972830772, 2.07853484154, 2.63016653061, 2.3861014843, 2.1408894062, 1.38008153439, 0.852433085442, 0.507993280888, 0.665238559246, 0.746348679066, 1.11617147923, 1.32270359993, 1.20350754261, 1.66864490509, 1.5486420393, 1.62378978729, 1.26451683044, 0.843039989471, 0.741718411446, 0.463397443295, 0.286544591188, 0.154408812523, 0.0722091123462, 0.0264210049063, 0.00938415806741, 0.00243208301254, 0.000702358200215, 0.0001988682925, 6.52522940072e-05, 2.83403605863e-05, 1.33249041028e-05, 1.84191367225e-06, 1.58352504513e-05, 3.74658229703e-05],
        "min": [1.02103185782e-05, 0.000174133456312, 0.00225958041847, 0.00420790631324, 0.00647078314796, 0.000984434154816, 0.00113738293294, 0.00241060485132, 0.00276320660487, 0.00109801290091, 0.000230892866966, 0.000111264154839, 6.92228713888e-05, 6.81231176713e-05, 8.86854177224e-05, 8.31278011901e-05, 9.45791762206e-05, 6.9140427513e-05, 5.38462991244e-05, 6.03425323789e-05, 5.21611436852e-05, 4.02991390729e-05, 5.79372972425e-05, 6.86399580445e-05, 9.12417090149e-05, 7.21038595657e-05, 2.55419345194e-05, 8.83149277797e-06, 4.68282223665e-06, 2.95209815704e-06, 2.31074614021e-06, 2.15019395e-06, 2.0767188289e-06, 1.92215634343e-06, 1.0505074215e-06, 3.23592161067e-07, 1.81285741974e-07, 3.26186082589e-08, 2.125990477e-07, 3.99409373131e-07],
        "var": [0.209641128778, 26.1036014557, 775.840209961, 490.982299805, 732.006408691, 360.521697998, 69.9143600464, 135.671875, 52.8633270264, 31.2093486786, 48.0856246948, 56.6810150146, 27.7245597839, 31.9455699921, 108.110946655, 60.2230567932, 235.878982544, 1183.49609375, 1604.6270752, 1053.39978027, 2048.70947266, 2025.8157959, 7430.66894531, 5751.99707031, 2935.35913086, 1314.57531738, 968.301025391, 490.26953125, 134.477432251, 23.8605194092, 3.47079181671, 0.558602690697, 0.0507889166474, 0.00262897694483, 0.000164722907357, 1.09637285277e-05, 4.44988643267e-07, 2.41446884708e-09, 4.21677220919e-10, 2.03403049959e-09]
    },
    "gfcc": {
        "mean": [-132.383148193, 174.807998657, -111.167961121, 68.7953186035, -18.4903793335, -15.9943351746, -15.4261302948, -12.3801879883, 0.487429022789, -8.16518974304, -1.76089584827, -16.1651668549, -3.48327040672],
        "cov": [[7515.46582031, -2650.31689453, -2719.57788086, 1293.82263184, -1298.73803711, 592.95892334, -351.795776367, 5.51564073563, -329.314697266, -66.4995498657, -220.900253296, -17.3665351868, 46.5393753052], [-2650.31689453, 2800.41308594, 734.849853516, -1766.71191406, 1121.18823242, -518.130187988, 433.373504639, 124.996078491, 128.032623291, 55.7112503052, 76.2441253662, 12.3853149414, -80.8775177002], [-2719.57788086, 734.849853516, 2842.99633789, 346.046142578, 787.660339355, 204.443649292, 231.946914673, 99.9203109741, 192.462982178, 50.9084510803, 141.841506958, -19.4576473236, -16.765455246], [1293.82263184, -1766.71191406, 346.046142578, 1844.93713379, -474.334075928, 432.160614014, -160.664764404, -169.79397583, 62.9804039001, -34.0790405273, 32.2430915833, -25.414264679, 76.065246582], [-1298.73803711, 1121.18823242, 787.660339355, -474.334075928, 962.16998291, -33.5454940796, 277.936920166, 116.111938477, 72.8776245117, 73.0708618164, 63.2059249878, 34.3452453613, -6.35420131683], [592.95892334, -518.130187988, 204.443649292, 432.160614014, -33.5454940796, 427.291931152, 47.3359985352, 53.1587104797, 42.6481437683, 15.1770734787, 58.2450065613, 17.3407173157, 13.9899091721], [-351.795776367, 433.373504639, 231.946914673, -160.664764404, 277.936920166, 47.3359985352, 364.80255127, 88.8261642456, 31.5086746216, 63.7576904297, 36.6481132507, 28.9825935364, -15.9430189133], [5.51564073563, 124.996078491, 99.9203109741, -169.79397583, 116.111938477, 53.1587104797, 88.8261642456, 212.122695923, 32.8477592468, 33.429271698, 24.1899471283, 5.29953765869, -7.25241184235], [-329.314697266, 128.032623291, 192.462982178, 62.9804039001, 72.8776245117, 42.6481437683, 31.5086746216, 32.8477592468, 196.160232544, 19.5163288116, 48.6423530579, 3.29223871231, 2.64898252487], [-66.4995498657, 55.7112503052, 50.9084510803, -34.0790405273, 73.0708618164, 15.1770734787, 63.7576904297, 33.429271698, 19.5163288116, 91.3681945801, 23.7053451538, -0.639296352863, 4.25764751434], [-220.900253296, 76.2441253662, 141.841506958, 32.2430915833, 63.2059249878, 58.2450065613, 36.6481132507, 24.1899471283, 48.6423530579, 23.7053451538, 91.588508606, 17.3573532104, 4.58260536194], [-17.3665351868, 12.3853149414, -19.4576473236, -25.414264679, 34.3452453613, 17.3407173157, 28.9825935364, 5.29953765869, 3.29223871231, -0.639296352863, 17.3573532104, 56.2772941589, 10.773973465], [46.5393753052, -80.8775177002, -16.765455246, 76.065246582, -6.35420131683, 13.9899091721, -15.9430189133, -7.25241184235, 2.64898252487, 4.25764751434, 4.58260536194, 10.773973465, 53.2130966187]],
        "icov": [[0.00057597149862, -0.000971720553935, 0.000736926333047, -0.00119364331476, 0.000493301718961, -0.00131964019965, 0.000757611065637, -0.00120757170953, 0.00110237998888, -0.000818943430204, 0.0017397707561, -0.000758234062232, 0.000440381467342], [-0.000971720553935, 0.00752391852438, -0.00213164649904, 0.00658458191901, -0.00382633530535, 0.00558882532641, -0.00492561422288, 0.00529141165316, -0.00516164954752, 0.00515381339937, -0.00760944094509, 0.00586307654157, -0.00116660085041], [0.000736926333047, -0.00213164649904, 0.00166441290639, -0.00247613666579, 0.000503182411194, -0.00220668455586, 0.00149543641601, -0.00214859098196, 0.0017328534741, -0.00137307599653, 0.0024664173834, -0.00111246434972, 0.0010114236502], [-0.00119364331476, 0.00658458191901, -0.00247613666579, 0.00718912994489, -0.002738553565, 0.0042527182959, -0.00436744652689, 0.00598291261122, -0.00514440704137, 0.00462417071685, -0.00711185578257, 0.00566268898547, -0.002591018565], [0.000493301718961, -0.00382633530535, 0.000503182411194, -0.002738553565, 0.00408307742327, -0.0028197625652, 0.00160911609419, -0.00263258256018, 0.00242041191086, -0.00307680945843, 0.00378723465838, -0.00355909368955, -0.000301515887259], [-0.00131964019965, 0.00558882532641, -0.00220668455586, 0.0042527182959, -0.0028197625652, 0.00883571058512, -0.00422554416582, 0.00310747721232, -0.0042153922841, 0.00411667581648, -0.00814249832183, 0.0033454131335, -0.000723587989341], [0.000757611065637, -0.00492561422288, 0.00149543641601, -0.00436744652689, 0.00160911609419, -0.00422554416582, 0.00749395880848, -0.00435542268679, 0.00354343070649, -0.00542734889314, 0.00534937111661, -0.00565692782402, 0.00246247230098], [-0.00120757170953, 0.00529141165316, -0.00214859098196, 0.00598291261122, -0.00263258256018, 0.00310747721232, -0.00435542268679, 0.0107770664617, -0.00486204586923, 0.00279887928627, -0.00634717009962, 0.00486359652132, -0.00151821563486], [0.00110237998888, -0.00516164954752, 0.0017328534741, -0.00514440704137, 0.00242041191086, -0.0042153922841, 0.00354343070649, -0.00486204586923, 0.0101733133197, -0.00394974788651, 0.0032120058313, -0.00364546710625, 0.00115772010759], [-0.000818943430204, 0.00515381339937, -0.00137307599653, 0.00462417071685, -0.00307680945843, 0.00411667581648, -0.00542734889314, 0.00279887928627, -0.00394974788651, 0.0174561664462, -0.00841886829585, 0.00698218354955, -0.00307622319087], [0.0017397707561, -0.00760944094509, 0.0024664173834, -0.00711185578257, 0.00378723465838, -0.00814249832183, 0.00534937111661, -0.00634717009962, 0.0032120058313, -0.00841886829585, 0.0245730765164, -0.0102886073291, 0.00166729826014], [-0.000758234062232, 0.00586307654157, -0.00111246434972, 0.00566268898547, -0.00355909368955, 0.0033454131335, -0.00565692782402, 0.00486359652132, -0.00364546710625, 0.00698218354955, -0.0102886073291, 0.0266463663429, -0.0060933958739], [0.000440381467342, -0.00116660085041, 0.0010114236502, -0.002591018565, -0.000301515887259, -0.000723587989341, 0.00246247230098, -0.00151821563486, 0.00115772010759, -0.00307622319087, 0.00166729826014, -0.0060933958739, 0.0226202271879]]
    },
    "melbands": {
        "dmean": [0.00198579323478, 0.0048192110844, 0.0015695564216, 0.000621154438704, 0.000139121082611, 7.30655010557e-05, 4.47659149359e-05, 2.77173439827e-05, 1.9922190404e-05, 1.56289115694e-05, 8.75607929629e-06, 5.56051008971e-06, 9.60356737778e-06, 6.06228422839e-06, 8.06532716524e-06, 1.07087835204e-05, 1.55560719577e-05, 1.61110074259e-05, 1.16868941404e-05, 1.20961949506e-05, 1.45412859638e-05, 1.13673195301e-05, 1.31164051709e-05, 1.5732994143e-05, 1.16654446174e-05, 1.01506375358e-05, 7.5857592492e-06, 6.46618354949e-06, 4.93827201353e-06, 4.88600608151e-06, 1.99618034458e-06, 1.32769309857e-06, 8.55103166941e-07, 4.08493065152e-07, 2.42793220195e-07, 1.57488628361e-07, 7.14715255867e-08, 3.86128498064e-08, 1.42469023245e-08, 8.25116508452e-09],
        "dmean2": [0.00336216250435, 0.00836349837482, 0.0026409199927, 0.00100364175159, 0.000228940349189, 0.000117818068247, 7.27016158635e-05, 4.62911048089e-05, 3.24310494761e-05, 2.63735382759e-05, 1.42870303534e-05, 8.71463998919e-06, 1.69391296367e-05, 9.42689621297e-06, 1.33957719299e-05, 1.7459900846e-05, 2.31634330703e-05, 2.71979261015e-05, 1.67886864801e-05, 1.68969272636e-05, 1.88950270967e-05, 1.82280400622e-05, 1.87501209439e-05, 1.95427674043e-05, 1.63371569215e-05, 1.47271039168e-05, 1.04395257949e-05, 1.00674369605e-05, 7.47037938709e-06, 6.57398231851e-06, 2.80713288703e-06, 1.87054115486e-06, 1.2972100194e-06, 5.38951553608e-07, 3.66590057865e-07, 2.53501184488e-07, 9.89520430039e-08, 6.00879630497e-08, 1.95885299092e-08, 1.10742615078e-08],
        "dvar": [9.8782538771e-06, 0.00013600573584, 1.65386354638e-05, 3.39865619026e-06, 7.51282485112e-08, 1.7948138975e-08, 5.40339728516e-09, 4.50026549359e-09, 2.02077043987e-09, 2.29732832757e-09, 7.08291092444e-10, 4.22866991423e-10, 1.5625321037e-09, 4.75087635898e-10, 7.72850061725e-10, 1.89537430195e-09, 3.70553587814e-09, 3.56967699844e-09, 1.44305734029e-09, 1.03297148613e-09, 2.14443840463e-09, 1.19947907162e-09, 2.14683559818e-09, 2.91355539694e-09, 1.56554569308e-09, 1.0510405879e-09, 3.95781407647e-10, 3.764223655e-10, 1.60315857811e-10, 1.92033194901e-10, 3.4560989487e-11, 2.03525182818e-11, 7.78232946835e-12, 1.43497030664e-12, 5.6483192689e-13, 2.98112039611e-13, 4.68402782381e-14, 1.1896368527e-14, 1.4346200204e-15, 5.16194530611e-16],
        "dvar2": [2.53949638136e-05, 0.000358172954293, 4.23218989454e-05, 7.06568971509e-06, 2.09576072052e-07, 4.60140334724e-08, 1.37619977636e-08, 1.24352439457e-08, 5.11867881414e-09, 5.84555603922e-09, 1.89077398183e-09, 1.01810415654e-09, 4.45094894275e-09, 1.13167131222e-09, 2.02474925715e-09, 4.56566784379e-09, 8.58378879087e-09, 9.82939241112e-09, 2.65930566457e-09, 2.1200419198e-09, 4.154184996e-09, 3.0018634245e-09, 4.28985158507e-09, 3.86698895127e-09, 2.68670086179e-09, 2.0563595271e-09, 7.28373583669e-10, 9.19357812101e-10, 3.37264660644e-10, 3.02391167661e-10, 6.08986611139e-11, 3.54380448597e-11, 1.5444102594e-11, 2.30675548107e-12, 1.23832617337e-12, 7.56489814367e-13, 9.21081109604e-14, 2.64567844222e-14, 2.2150625196e-15, 8.24524476049e-16],
        "max": [0.0355311743915, 0.0953436717391, 0.0300061386079, 0.0197292957455, 0.00259668263607, 0.00186166330241, 0.000734128814656, 0.000828135525808, 0.000502198468894, 0.000575822487008, 0.000280474720057, 0.000226898831897, 0.000501836417243, 0.00028246678994, 0.000329423113726, 0.00048005420831, 0.000782561954111, 0.000614639720879, 0.00049748911988, 0.000419396994403, 0.000612536328845, 0.000332816736773, 0.000621890590992, 0.000797290937044, 0.000535420549568, 0.000419762567617, 0.000276247534202, 0.000216913016629, 0.000129447638756, 0.000179380134796, 8.51287040859e-05, 5.0775022828e-05, 3.3829939639e-05, 1.62681208167e-05, 1.02717631307e-05, 6.20969740339e-06, 2.70586770057e-06, 1.877651016e-06, 5.39419602319e-07, 3.12963180704e-07],
        "mean": [0.00431426195428, 0.00805535167456, 0.00192873214837, 0.000674630980939, 0.000205590273254, 0.000146776044858, 7.80105110607e-05, 4.20468277298e-05, 3.63991239283e-05, 1.97078679776e-05, 1.05123699541e-05, 6.20496439296e-06, 9.52223490458e-06, 7.37363961889e-06, 9.45666488406e-06, 1.15627572086e-05, 1.86978049896e-05, 1.81352243089e-05, 1.5579540559e-05, 1.70339080796e-05, 1.78733389475e-05, 1.54750359798e-05, 1.70318089658e-05, 2.28551070904e-05, 1.60616473295e-05, 1.32214399855e-05, 9.90199168882e-06, 7.78859612183e-06, 6.8359559009e-06, 7.41703115636e-06, 3.0651558518e-06, 2.18699619836e-06, 1.34606784741e-06, 6.4690726731e-07, 3.59332830158e-07, 2.27625960747e-07, 1.17884198403e-07, 6.21636218057e-08, 2.14950421906e-08, 1.18945813199e-08],
        "median": [0.00344090163708, 0.00425098277628, 0.0010051256977, 0.000198595109396, 9.40551180975e-05, 4.75317247037e-05, 3.90901586798e-05, 2.48385767918e-05, 1.53371365741e-05, 7.66227367421e-06, 3.61845127372e-06, 1.66064830864e-06, 1.72358738837e-06, 1.92623269868e-06, 2.30544469559e-06, 2.22932089855e-06, 2.22547214435e-06, 1.61460604886e-06, 1.96631822291e-06, 2.20789684136e-06, 1.72434295109e-06, 1.65149197073e-06, 1.26239092424e-06, 8.95016569302e-07, 6.27846702628e-07, 5.53023596694e-07, 4.40579583483e-07, 2.62624354264e-07, 1.87908497651e-07, 1.23317022371e-07, 7.27389348754e-08, 4.32884021961e-08, 2.12468265204e-08, 1.00751682552e-08, 5.83626791339e-09, 2.16915707618e-09, 9.78863434753e-10, 4.77399064724e-10, 1.97456287432e-10, 1.03319540423e-10],
