{
"highlevel": {
    "danceability": {
        "all": {
            "danceable": 0.999173462391,
            "not_danceable": 0.000826548726764
        },
        "probability": 0.999173462391,
        "value": "danceable"
    },
    "gender": {
        "all": {
            "female": 0.739634275436,
            "male": 0.260365694761
        },
        "probability": 0.739634275436,
        "value": "female"
    },
    "genre_dortmund": {
        "all": {
            "alternative": 0.0186135210097,
            "blues": 0.024571351707,
            "electronic": 0.0899769365788,
            "folkcountry": 0.0456746965647,
            "funksoulrnb": 0.0633077472448,
            "jazz": 0.200607359409,
            "pop": 0.0822178795934,
            "raphiphop": 0.45766890049,
            "rock": 0.0173616055399
        },
        "probability": 0.45766890049,
        "value": "raphiphop"
    },
    "genre_electronic": {
        "all": {
            "ambient": 0.245072767138,
            "dnb": 0.110830597579,
            "house": 0.554567217827,
            "techno": 0.0379602685571,
            "trance": 0.0515691228211
        },
        "probability": 0.554567217827,
        "value": "house"
    },
    "genre_rosamerica": {
        "all": {
            "cla": 0.0223720539361,
            "dan": 0.161906540394,
            "hip": 0.103485479951,
            "jaz": 0.0234575849026,
            "pop": 0.204697802663,
            "rhy": 0.450297921896,
            "roc": 0.020572822541,
            "spe": 0.0132097871974
        },
        "probability": 0.450297921896,
        "value": "rhy"
    },
    "genre_tzanetakis": {
        "all": {
            "blu": 0.0460043437779,
            "cla": 0.0919953584671,
            "cou": 0.0735816732049,
            "dis": 0.0919717997313,
            "hip": 0.0525554381311,
            "jaz": 0.183949872851,
            "met": 0.0613242648542,
            "pop": 0.122650392354,
            "reg": 0.0919899493456,
            "roc": 0.183976903558
        },
        "probability": 0.183976903558,
        "value": "roc"
    },
    "ismir04_rhythm": {
        "all": {
            "ChaChaCha": 0.0157463289797,
            "Jive": 0.0234218426049,
            "Quickstep": 0.00828008912504,
            "Rumba-American": 0.00759900687262,
            "Rumba-International": 0.263117969036,
            "Rumba-Misc": 0.0254154708236,
            "Samba": 0.0435706935823,
            "Tango": 0.0797464177012,
            "VienneseWaltz": 0.501692175865,
            "Waltz": 0.0314100049436
        },
        "probability": 0.501692175865,
        "value": "VienneseWaltz"
    },
    "mood_acoustic": {
        "all": {
            "acoustic": 0.10764940083,
            "not_acoustic": 0.892350614071
        },
        "probability": 0.892350614071,
        "value": "not_acoustic"
    },
    "mood_aggressive": {
        "all": {
            "aggressive": 1.03787760963e-05,
            "not_aggressive": 0.999989628792
        },
        "probability": 0.999989628792,
        "value": "not_aggressive"
    },
    "mood_electronic": {
        "all": {
            "electronic": 0.186504006386,
            "not_electronic": 0.813495993614
        },
        "probability": 0.813495993614,
        "value": "not_electronic"
    },
    "mood_happy": {
        "all": {
            "happy": 0.669888734818,
            "not_happy": 0.330111265182
        },
        "probability": 0.669888734818,
        "value": "happy"
    },
    "mood_party": {
        "all": {
            "not_party": 0.715459227562,
            "party": 0.284540772438
        },
        "probability": 0.715459227562,
        "value": "not_party"
    },
    "mood_relaxed": {
        "all": {
            "not_relaxed": 0.489135950804,
            "relaxed": 0.510864078999
        },
        "probability": 0.510864078999,
        "value": "relaxed"
    },
    "mood_sad": {
        "all": {
            "not_sad": 0.618844628334,
            "sad": 0.381155371666
        },
        "probability": 0.618844628334,
        "value": "not_sad"
    },
    "moods_mirex": {
        "all": {
            "Cluster1": 0.0398645661771,
            "Cluster2": 0.422849833965,
            "Cluster3": 0.339552521706,
            "Cluster4": 0.165030762553,
            "Cluster5": 0.0327023044229
        },
        "probability": 0.422849833965,
        "value": "Cluster2"
    },
    "timbre": {
        "all": {
            "bright": 0.601324677467,
            "dark": 0.39867529273
        },
        "probability": 0.601324677467,
        "value": "bright"
    },
    "tonal_atonal": {
        "all": {
            "atonal": 0.0358373895288,
            "tonal": 0.96416258812
        },
        "probability": 0.96416258812,
        "value": "tonal"
    },
    "voice_instrumental": {
        "all": {
            "instrumental": 0.105527549982,
            "voice": 0.894472420216
        },
        "probability": 0.894472420216,
        "value": "voice"
    }
},
"lowlevel": {
    "average_loudness": 0.842421889305,
    "barkbands_crest": {
        "dmean": 2.82857775688,
        "dmean2": 4.49721002579,
        "dvar": 9.2254743576,
        "dvar2": 20.4913692474,
        "max": 25.8319225311,
        "mean": 12.9037666321,
        "median": 11.4098367691,
        "min": 2.87201952934,
        "var": 33.5664787292
    },
    "barkbands_flatness_db": {
        "dmean": 0.0323935858905,
        "dmean2": 0.0463654957712,
        "dvar": 0.00139501912054,
        "dvar2": 0.00235838769004,
        "max": 0.560505151749,
        "mean": 0.218231961131,
        "median": 0.206119269133,
        "min": 0.0752695724368,
        "var": 0.00631915451959
    },
    "barkbands_kurtosis": {
        "dmean": 13.2098789215,
        "dmean2": 19.987121582,
        "dvar": 2098.08959961,
        "dvar2": 3845.84033203,
        "max": 979.663452148,
        "mean": 20.6437358856,
        "median": 2.33500909805,
        "min": -1.90053141117,
        "var": 5254.91015625
    },
    "barkbands_skewness": {
        "dmean": 0.976424098015,
        "dmean2": 1.43870949745,
        "dvar": 2.53995275497,
        "dvar2": 4.86284589767,
        "max": 21.0534629822,
        "mean": 2.09274625778,
        "median": 1.27448022366,
        "min": -4.17731523514,
        "var": 9.86489391327
    },
    "barkbands_spread": {
        "dmean": 8.13517189026,
        "dmean2": 12.7160491943,
        "dvar": 168.989074707,
        "dvar2": 394.35824585,
        "max": 122.11693573,
        "mean": 19.4392242432,
        "median": 15.1246547699,
        "min": 0.101243875921,
        "var": 288.867034912
    },
    "dissonance": {
        "dmean": 0.0350358299911,
        "dmean2": 0.0589741207659,
        "dvar": 0.00111704447772,
        "dvar2": 0.00307942903601,
        "max": 0.499349534512,
        "mean": 0.426705002785,
        "median": 0.43784108758,
        "min": 0.147747129202,
        "var": 0.0024611253757
    },
    "dynamic_complexity": 2.40251898766,
    "erbbands_crest": {
        "dmean": 3.15823769569,
        "dmean2": 5.02591085434,
        "dvar": 11.4348735809,
        "dvar2": 26.1232299805,
        "max": 30.1209335327,
        "mean": 11.3165388107,
        "median": 9.86379718781,
        "min": 3.5374007225,
        "var": 27.4947319031
    },
    "erbbands_flatness_db": {
        "dmean": 0.0272936802357,
        "dmean2": 0.0365154333413,
        "dvar": 0.000816567975562,
        "dvar2": 0.00142360012978,
        "max": 0.39858803153,
        "mean": 0.210063919425,
        "median": 0.210480153561,
        "min": 0.0557367950678,
        "var": 0.00380434468389
    },
    "erbbands_kurtosis": {
        "dmean": 1.95120084286,
        "dmean2": 3.14265966415,
        "dvar": 16.6342086792,
        "dvar2": 39.7453575134,
        "max": 68.4966506958,
        "mean": 1.65401804447,
        "median": 0.181767225266,
        "min": -1.89155602455,
        "var": 22.5147762299
    },
    "erbbands_skewness": {
        "dmean": 0.579344630241,
        "dmean2": 0.892539381981,
        "dvar": 0.560075521469,
        "dvar2": 1.23446297646,
        "max": 7.89202022552,
        "mean": 0.547135531902,
        "median": 0.55040448904,
        "min": -4.1674695015,
        "var": 1.14552307129
    },
    "erbbands_spread": {
        "dmean": 11.4789094925,
        "dmean2": 17.2727909088,
        "dvar": 254.809677124,
        "dvar2": 591.971252441,
        "max": 147.981063843,
        "mean": 37.7432785034,
        "median": 29.938293457,
        "min": 2.79313898087,
        "var": 696.954101562
    },
    "hfc": {
        "dmean": 12.5785560608,
        "dmean2": 19.2056732178,
        "dvar": 521.37512207,
        "dvar2": 1286.84924316,
        "max": 216.626251221,
        "mean": 26.8687763214,
        "median": 21.6994018555,
        "min": 0.0189605168998,
        "var": 719.761169434
    },
    "melbands_crest": {
        "dmean": 3.1986489296,
        "dmean2": 4.99161243439,
        "dvar": 12.0496835709,
        "dvar2": 26.3394527435,
        "max": 35.6941299438,
        "mean": 16.3724250793,
        "median": 14.0976924896,
        "min": 4.21558380127,
        "var": 59.7303733826
    },
    "melbands_flatness_db": {
        "dmean": 0.0386237837374,
        "dmean2": 0.0528854727745,
        "dvar": 0.00209447625093,
        "dvar2": 0.00321090756916,
        "max": 0.693651020527,
        "mean": 0.262033373117,
        "median": 0.246012017131,
        "min": 0.0582028627396,
        "var": 0.0117569975555
    },
    "melbands_kurtosis": {
        "dmean": 22.0428199768,
        "dmean2": 36.9223670959,
        "dvar": 5195.15771484,
        "dvar2": 13543.8710938,
        "max": 1253.41748047,
        "mean": 34.5420570374,
        "median": 6.70878887177,
        "min": -1.90398263931,
        "var": 7530.33251953
    },
    "melbands_skewness": {
        "dmean": 1.13511478901,
        "dmean2": 1.74754703045,
        "dvar": 3.25790166855,
        "dvar2": 7.21463108063,
        "max": 23.5373840332,
        "mean": 3.07255887985,
        "median": 2.093562603,
        "min": -1.15213179588,
        "var": 11.9039497375
    },
    "melbands_spread": {
        "dmean": 8.59528255463,
        "dmean2": 13.0671100616,
        "dvar": 252.5493927,
        "dvar2": 520.329956055,
        "max": 243.094436646,
        "mean": 22.0372753143,
        "median": 17.4075527191,
        "min": 0.158243685961,
        "var": 494.976074219
    },
    "pitch_salience": {
        "dmean": 0.0802502185106,
        "dmean2": 0.125645890832,
        "dvar": 0.00747259054333,
        "dvar2": 0.0174862146378,
        "max": 0.879098296165,
        "mean": 0.482517749071,
        "median": 0.515029132366,
        "min": 0.0170205421746,
        "var": 0.0338255651295
    },
    "silence_rate_20dB": {
        "dmean": 0,
        "dmean2": 0,
        "dvar": 0,
        "dvar2": 0,
        "max": 1,
        "mean": 1,
        "median": 1,
        "min": 1,
        "var": 0
    },
    "silence_rate_30dB": {
        "dmean": 0.0510835908353,
        "dmean2": 0.102246321738,
        "dvar": 0.0484738498926,
        "dvar2": 0.10418432951,
        "max": 1,
        "mean": 0.873936593533,
        "median": 1,
        "min": 0,
        "var": 0.110167644918
    },
    "silence_rate_60dB": {
        "dmean": 0.0371517017484,
        "dmean2": 0.0735863670707,
        "dvar": 0.0357716865838,
        "dvar2": 0.0774667486548,
        "max": 1,
        "mean": 0.0757927298546,
        "median": 0,
        "min": 0,
        "var": 0.0700483694673
    },
    "spectral_centroid": {
        "dmean": 363.679260254,
        "dmean2": 546.780639648,
        "dvar": 309157.78125,
        "dvar2": 675318.3125,
        "max": 6529.71044922,
        "mean": 1438.28259277,
        "median": 1301.72802734,
        "min": 121.791778564,
        "var": 707370.8125
    },
    "spectral_complexity": {
        "dmean": 2.86996912956,
        "dmean2": 4.37722682953,
        "dvar": 13.4985847473,
        "dvar2": 26.7911071777,
        "max": 37,
        "mean": 11.9296207428,
        "median": 11,
        "min": 0,
        "var": 40.8555259705
    },
    "spectral_decrease": {
        "dmean": 3.91358767615e-09,
        "dmean2": 5.56499957227e-09,
        "dvar": 5.55909443819e-17,
        "dvar2": 9.00393971523e-17,
        "max": -9.06040867332e-12,
        "mean": -1.11286837523e-08,
        "median": -5.41004174792e-09,
        "min": -8.12008451589e-08,
        "var": 2.3244106085e-16
    },
    "spectral_energy": {
        "dmean": 0.0153562007472,
        "dmean2": 0.0218082927167,
        "dvar": 0.000799745204858,
        "dvar2": 0.00128633202985,
        "max": 0.308942019939,
        "mean": 0.0444393455982,
        "median": 0.0230444446206,
        "min": 3.74876581191e-05,
        "var": 0.00336756347679
    },
    "spectral_energyband_high": {
        "dmean": 0.00122074387036,
        "dmean2": 0.00198492617346,
        "dvar": 1.01063487818e-05,
        "dvar2": 2.68385756499e-05,
        "max": 0.0247698277235,
        "mean": 0.00156791473273,
        "median": 0.000378042255761,
        "min": 5.35206856611e-09,
        "var": 9.71883127932e-06
    },
    "spectral_energyband_low": {
        "dmean": 0.010631410405,
        "dmean2": 0.0148856509477,
        "dvar": 0.000768503174186,
        "dvar2": 0.00121740670875,
        "max": 0.294669866562,
        "mean": 0.0273152496666,
        "median": 0.00183697068132,
        "min": 1.74604593894e-07,
        "var": 0.00338857667521
    },
    "spectral_energyband_middle_high": {
        "dmean": 0.00237809517421,
        "dmean2": 0.00321323098615,
        "dvar": 1.037943548e-05,
        "dvar2": 1.64101456903e-05,
        "max": 0.0413985550404,
        "mean": 0.00687288958579,
        "median": 0.0041824541986,
        "min": 3.05321259475e-06,
        "var": 5.96372592554e-05
    },
    "spectral_energyband_middle_low": {
        "dmean": 0.00516759371385,
        "dmean2": 0.00791521370411,
        "dvar": 0.00011351131252,
        "dvar2": 0.000272418750683,
        "max": 0.15888696909,
        "mean": 0.00993176084012,
        "median": 0.00631166435778,
        "min": 1.85915596376e-05,
        "var": 0.000161371746799
    },
    "spectral_entropy": {
        "dmean": 0.299651056528,
        "dmean2": 0.421236991882,
        "dvar": 0.124753393233,
        "dvar2": 0.221372455359,
        "max": 8.75112438202,
        "mean": 7.01191043854,
        "median": 6.97586393356,
        "min": 3.97539925575,
        "var": 0.362998813391
    },
    "spectral_flux": {
        "dmean": 0.0415687970817,
        "dmean2": 0.0661532208323,
        "dvar": 0.00278373225592,
        "dvar2": 0.00679110083729,
        "max": 0.421223282814,
        "mean": 0.0827470421791,
        "median": 0.0656769573689,
        "min": 0.00174834171776,
        "var": 0.00422786222771
    },
    "spectral_kurtosis": {
        "dmean": 2.8673620224,
        "dmean2": 4.68481254578,
        "dvar": 15.0387105942,
        "dvar2": 36.5801811218,
        "max": 48.8773384094,
        "mean": 5.41475868225,
        "median": 4.02819061279,
        "min": -1.43901622295,
        "var": 31.7050228119
    },
    "spectral_rms": {
        "dmean": 0.00110133166891,
        "dmean2": 0.00153792265337,
        "dvar": 2.39125574808e-06,
        "dvar2": 3.7245454223e-06,
        "max": 0.0173610728234,
        "mean": 0.00557027105242,
        "median": 0.00474155927077,
        "min": 0.000191241531866,
        "var": 1.23274767247e-05
    },
    "spectral_rolloff": {
        "dmean": 784.930847168,
        "dmean2": 1341.54650879,
        "dvar": 3276429.25,
        "dvar2": 7571559,
        "max": 14104.2480469,
        "mean": 1727.67114258,
        "median": 1098.19335938,
        "min": 64.599609375,
        "var": 4496857
    },
    "spectral_skewness": {
        "dmean": 0.386876285076,
        "dmean2": 0.60186368227,
        "dvar": 0.178299203515,
        "dvar2": 0.366200536489,
        "max": 5.71543884277,
        "mean": 1.54847025871,
        "median": 1.44220077991,
        "min": -0.424387454987,
        "var": 0.622491776943
    },
    "spectral_spread": {
        "dmean": 963310.75,
        "dmean2": 1355524.125,
        "dvar": 2.48293412045e+12,
        "dvar2": 4.35740239462e+12,
        "max": 17520326,
        "mean": 4562722.5,
        "median": 3807078.5,
        "min": 1120585.375,
        "var": 6.09472898662e+12
    },
    "spectral_strongpeak": {
        "dmean": 0.644754111767,
        "dmean2": 1.00781226158,
        "dvar": 0.803284466267,
        "dvar2": 1.70661449432,
        "max": 9.91483592987,
        "mean": 1.63709068298,
        "median": 1.0946649313,
        "min": 0,
        "var": 2.35162425041
    },
    "zerocrossingrate": {
        "dmean": 0.0160989202559,
        "dmean2": 0.0185796506703,
        "dvar": 0.000644536688924,
        "dvar2": 0.000724030367564,
        "max": 0.45947265625,
        "mean": 0.0595125332475,
        "median": 0.0498046875,
        "min": 0.001953125,
        "var": 0.00250548939221
    },
    "barkbands": {
        "dmean": [0.000559750711545, 0.00788861885667, 0.00228846655227, 0.00135828391649, 0.00167364568915, 0.000777103879955, 0.000360343721695, 0.000966381572653, 0.00147199979983, 0.000827803451102, 0.000707092636731, 0.000461518851807, 0.000447144178906, 0.000390400906326, 0.000293258810416, 0.000119306736451, 7.15045825928e-05, 0.000175672743353, 0.000190601611394, 0.000150272622705, 0.000332202063873, 0.000412219000282, 0.000134661226184, 8.01429778221e-05, 0.000101491350506, 0.000211503938772, 1.5102592954e-08],
        "dmean2": [0.000968860345893, 0.011342799291, 0.00321406824514, 0.00196574116126, 0.00271175825037, 0.00126505387016, 0.000541285902727, 0.00150565861259, 0.00238259881735, 0.00122492376249, 0.00100414338522, 0.000647683511488, 0.000633795221802, 0.000561494380236, 0.000428555213148, 0.000169191160239, 0.000106466432044, 0.000251700723311, 0.000289588962914, 0.000231803103816, 0.000576737395022, 0.000725952559151, 0.000227842741879, 0.000128776868223, 0.00014205435582, 0.000345088163158, 2.70611995035e-08],
        "dvar": [2.68650660473e-06, 0.000635507865809, 8.08871845948e-05, 2.7727242923e-05, 4.98773697473e-05, 2.07264361052e-06, 5.77116793465e-07, 6.49646290185e-06, 1.34826650537e-05, 3.98614929509e-06, 2.9857624213e-06, 1.04405205548e-06, 1.3440036355e-06, 7.44002477404e-07, 5.72710916913e-07, 1.29761986045e-07, 3.33478631376e-08, 1.68388865518e-07, 1.51268665149e-07, 9.08010377998e-08, 9.74407043941e-07, 1.65494907378e-06, 1.85705374633e-07, 4.85492606117e-08, 1.21085108162e-07, 4.72179834787e-07, 3.71162248072e-14],
        "dvar2": [7.24507663108e-06, 0.000977426418103, 0.000161424133694, 5.79882034799e-05, 0.000128721905639, 5.13035274707e-06, 1.16726198485e-06, 1.46336733451e-05, 3.16830337397e-05, 8.27837084216e-06, 5.02793500345e-06, 1.9433819034e-06, 2.7909070468e-06, 1.41144835197e-06, 1.11774079414e-06, 2.07535961749e-07, 7.52826565531e-08, 2.84009956886e-07, 2.48864125751e-07, 2.03810500921e-07, 2.72230226983e-06, 4.54963037555e-06, 5.11671032655e-07, 1.1696869251e-07, 1.9103973159e-07, 1.16268006423e-06, 9.84464449522e-14],
        "max": [0.0184662118554, 0.277642428875, 0.131600648165, 0.103540495038, 0.112015202641, 0.0166106391698, 0.0104515133426, 0.0314409099519, 0.0443738885224, 0.0247518587857, 0.0251980088651, 0.015244805254, 0.0201362259686, 0.0116158733144, 0.0102679301053, 0.0109806647524, 0.00252269254997, 0.00766909215599, 0.00662886351347, 0.00399877922609, 0.010375819169, 0.0120675750077, 0.0039553064853, 0.00269449595362, 0.00706213852391, 0.0101444479078, 5.36535344509e-06],
        "mean": [0.00100194534753, 0.0216277986765, 0.00353920017369, 0.00180106540211, 0.00177662901115, 0.00139854452573, 0.000720755953807, 0.00150250212755, 0.00255113421008, 0.00134212092962, 0.00152617925778, 0.000898709986359, 0.000703323865309, 0.000769428326748, 0.00049487297656, 0.000202731738682, 0.000121478791698, 0.000385610299418, 0.000385662686313, 0.000247858872171, 0.000476131477626, 0.000474068889162, 0.000138998468174, 7.36056827009e-05, 0.000113160538604, 0.000165815334185, 9.95170079676e-09],
        "median": [2.04685347853e-05, 0.00065794918919, 0.000160080438945, 4.20927281084e-05, 0.00038845767267, 0.000592164637055, 0.00017550465418, 0.00029824898229, 0.000480289163534, 0.000124315964058, 0.000141146374517, 0.000169257938978, 0.000121753328131, 7.71760969656e-05, 4.3640480726e-05, 3.43685060216e-05, 2.17966953642e-05, 3.24627653754e-05, 0.000105945568066, 5.33401180292e-05, 8.67269118316e-05, 8.39661806822e-05, 1.3616085198e-05, 2.70531518254e-06, 9.10551170819e-06, 1.50938831212e-06, 4.25330520804e-10],
        "min": [3.60877577821e-10, 3.84056608738e-09, 4.13411669342e-08, 1.29306014784e-08, 6.64343303924e-07, 2.93301991405e-06, 1.01760861071e-07, 2.57566000528e-07, 5.00757892041e-07, 2.13173890984e-07, 1.87880104363e-07, 1.20836219253e-07, 1.19832293421e-07, 2.22471200573e-07, 4.75361225938e-08, 1.23929140727e-07, 3.69193458027e-08, 3.22816120502e-08, 6.19002449298e-08, 2.38342212633e-09, 2.53342458123e-09, 9.81510636655e-11, 3.62236247942e-11, 2.63609316667e-12, 4.6129090131e-12, 6.73439646062e-12, 9.14677968783e-12],
        "var": [6.4916566771e-06, 0.00296691665426, 0.00014973297948, 4.1312596295e-05, 4.41327247245e-05, 4.47901857115e-06, 2.06002096093e-06, 1.10247874545e-05, 2.69946176559e-05, 7.7524837252e-06, 1.28303563542e-05, 3.60555372936e-06, 2.62650110017e-06, 2.4567100354e-06, 1.66398285728e-06, 5.47886088498e-07, 7.547829739e-08, 8.56989345266e-07, 5.90953902702e-07, 1.69085751622e-07, 1.00008003301e-06, 1.39914732245e-06, 1.43403411812e-07, 4.89476299492e-08, 2.34995397363e-07, 4.00754572638e-07, 2.49969739596e-14]
    },
    "erbbands": {
        "dmean": [0.311675548553, 1.52541720867, 2.03845524788, 4.39389848709, 5.23338937759, 5.12279367447, 5.81532049179, 6.94972991943, 4.40922641754, 10.3783988953, 21.8034362793, 34.9483261108, 26.9587993622, 27.3582496643, 26.3292808533, 13.8476543427, 18.5980377197, 16.5024166107, 22.3144016266, 7.18277740479, 4.96426391602, 4.7474732399, 7.1673707962, 10.3547430038, 9.24025440216, 6.67257738113, 10.8522348404, 13.2126369476, 14.6535263062, 10.2954444885, 3.7943482399, 1.81725358963, 1.28121542931, 1.14471566677, 0.752114057541, 0.826937198639, 0.453246563673, 0.0306921713054, 0.000578434148338, 4.28756648034e-05],
        "dmean2": [0.446551412344, 2.17252898216, 2.85191845894, 5.87748718262, 8.25708293915, 8.45630741119, 9.46741962433, 11.2370262146, 6.67877531052, 15.525885582, 33.8093032837, 55.5423164368, 40.7158470154, 39.13829422, 35.4654502869, 19.2981147766, 26.1243667603, 23.3629341125, 31.2424659729, 10.3735742569, 6.90204572678, 6.87951517105, 10.3731956482, 15.5578346252, 13.709608078, 10.2118635178, 19.1621284485, 22.9050369263, 25.5566902161, 17.7244224548, 6.35205698013, 2.97884631157, 1.97810900211, 1.61737418175, 1.07827198505, 1.33478057384, 0.753169953823, 0.0494354255497, 0.000925755535718, 6.46678163321e-05],
        "dvar": [1.04911530018, 22.2049064636, 49.4744377136, 256.857269287, 830.270202637, 525.150756836, 183.426223755, 189.509841919, 59.5861930847, 586.067260742, 2876.5612793, 8274.05371094, 3661.49072266, 4384.59472656, 3888.35327148, 909.976379395, 2248.87158203, 1259.43884277, 2412.91577148, 337.853607178, 172.747467041, 127.833930969, 244.292205811, 463.149810791, 365.46572876, 196.251922607, 1122.04284668, 1489.61315918, 2058.30273438, 1028.10656738, 137.544006348, 26.3913211823, 13.7239379883, 14.8606815338, 6.77965307236, 6.83039569855, 2.42880392075, 0.0101571604609, 3.47030027115e-06, 9.39724742466e-09],
        "dvar2": [1.57468140125, 37.5590896606, 96.6988601685, 512.90802002, 2116.74511719, 1353.57653809, 433.575469971, 462.36416626, 120.487182617, 1328.05273438, 6700.36083984, 19203.4238281, 8288.59570312, 7863.64208984, 6252.12841797, 1691.84814453, 4651.21240234, 2106.25073242, 4427.85302734, 668.507446289, 271.202575684, 273.12689209, 466.151641846, 801.967834473, 561.136108398, 431.416107178, 3252.73461914, 4022.80004883, 5699.13427734, 2804.25146484, 372.40802002, 67.3900146484, 30.9157085419, 26.3708515167, 11.0192956924, 15.9849042892, 6.27871894836, 0.0244057085365, 8.42045392346e-06, 2.20991687172e-08],
        "max": [12.2826900482, 56.0739440918, 120.719436646, 217.581954956, 561.915527344, 402.122589111, 242.41746521, 184.07862854, 139.821990967, 436.880828857, 670.936096191, 972.153625488, 1195.33984375, 1275.09729004, 1147.31481934, 516.645751953, 818.141662598, 690.616394043, 655.242614746, 320.239990234, 365.856719971, 178.078140259, 227.946243286, 365.650024414, 328.246673584, 211.932052612, 402.454528809, 352.888122559, 418.468933105, 267.222412109, 99.3982009888, 59.8257331848, 60.2243003845, 77.9121627808, 48.9847793579, 39.4295959473, 21.1955776215, 1.39916312695, 0.0262494515628, 0.00135185767431],
        "mean": [0.963738501072, 3.53092646599, 3.39248609543, 6.65708780289, 5.18463659286, 5.63447284698, 9.24248790741, 12.7832374573, 9.4487247467, 18.7188796997, 33.2927093506, 58.0129165649, 51.0245246887, 53.773147583, 57.6473083496, 27.3902873993, 32.0780601501, 36.2310714722, 43.9431533813, 13.0167598724, 8.5542678833, 8.18217277527, 15.3078870773, 23.4727592468, 19.1516647339, 11.1295042038, 14.5231838226, 19.1377983093, 17.3242149353, 11.4185237885, 4.06502151489, 1.80278742313, 1.18648064137, 1.20013129711, 0.841069757938, 0.686493873596, 0.336703121662, 0.024263754487, 0.000477129156934, 7.43077034713e-05],
        "median": [0.0180470980704, 0.184890627861, 0.345767438412, 0.253868877888, 0.398199826479, 1.36723613739, 4.71875715256, 4.07068300247, 3.56413626671, 4.34460496902, 8.90299415588, 12.7633323669, 17.448102951, 9.22949886322, 10.7807426453, 6.89365959167, 8.44913673401, 8.36852741241, 7.13413381577, 2.86761689186, 2.33520460129, 1.52917659283, 1.66636073589, 3.90261983871, 5.53942584991, 2.76776075363, 4.05778074265, 2.79767251015, 2.97436094284, 1.97676825523, 0.303361207247, 0.0647803321481, 0.0496493428946, 0.0914896354079, 0.0535775572062, 0.0110136792064, 0.00216667447239, 0.000166144571267, 2.4793051125e-05, 3.18630409311e-05],
        "min": [6.96191705174e-07, 3.57390081263e-06, 4.33125824202e-05, 0.000623595842626, 0.000733568798751, 0.00300808949396, 0.0235664937645, 0.0143546601757, 0.00525277201086, 0.00319009879604, 0.0111321238801, 0.0113154817373, 0.00962114986032, 0.00601950008422, 0.0120134204626, 0.00670815026388, 0.00846186559647, 0.0128280958161, 0.0144816590473, 0.00458414945751, 0.00674072746187, 0.00492654275149, 0.00283687422052, 0.00646272208542, 0.00211344589479, 0.000374417635612, 0.00011824748799, 6.39778954792e-05, 1.1343301594e-05, 3.86953752241e-06, 9.06158675207e-07, 1.33637826139e-07, 9.68898490328e-08, 9.24962648696e-08, 7.99636694637e-08, 5.32016493082e-08, 2.82387144779e-08, 9.09991815234e-09, 2.48550655613e-08, 5.32128581199e-08],
        "var": [6.30266094208, 75.3557281494, 94.6255569458, 465.55355835, 767.518981934, 457.996948242, 221.996887207, 480.668548584, 214.339599609, 1242.91174316, 4288.75488281, 16210.1689453, 7944.60302734, 14017.2265625, 17129.7070312, 2860.46777344, 4476.70849609, 5548.59814453, 8138.59863281, 823.352844238, 619.786376953, 279.447784424, 930.877929688, 2294.97558594, 1400.01989746, 341.201721191, 838.888244629, 1832.59692383, 1777.95166016, 855.815917969, 118.764945984, 24.2119941711, 16.0048675537, 26.1196098328, 12.5817861557, 6.49889421463, 1.86198580265, 0.00899936072528, 3.04252739625e-06, 1.21647385498e-08]
    },
    "gfcc": {
        "mean": [-41.717502594, 95.2157897949, -128.635986328, 24.0297279358, -67.8838119507, 9.17173862457, -16.5412521362, 4.44455480576, -22.3197498322, 12.2432966232, -14.4780187607, 3.90159797668, -5.43027114868],
        "cov": [[7906.71435547, -2608.25390625, 151.434646606, 324.38369751, -851.727050781, 607.515808105, -133.176025391, 387.591705322, -258.715057373, 272.186279297, -303.343658447, 301.195831299, -199.604644775], [-2608.25390625, 2544.42553711, -67.4318466187, 252.864425659, 925.082641602, -133.307571411, 493.554138184, -253.331848145, 260.490509033, -247.409881592, 179.887741089, -290.763336182, 134.18006897], [151.434646606, -67.4318466187, 2474.47387695, 578.912231445, 266.322296143, 234.266906738, 3.37411761284, 375.389526367, 48.8578681946, 26.1982021332, -159.133758545, 38.0315055847, -179.812393188], [324.38369751, 252.864425659, 578.912231445, 1186.0958252, 390.3359375, 54.7154960632, 226.366729736, 184.074798584, 299.050476074, -137.010482788, 203.195068359, -108.78112793, 6.46870756149], [-851.727050781, 925.082641602, 266.322296143, 390.3359375, 1240.80517578, 123.270942688, 151.541351318, 84.7854995728, 32.9918022156, -108.176589966, 128.339126587, -115.736297607, 65.6109237671], [607.515808105, -133.307571411, 234.266906738, 54.7154960632, 123.270942688, 403.925964355, 86.9299468994, 1.37756419182, -29.8821086884, 12.891544342, 8.14198303223, -14.8694629669, -6.67230796814], [-133.176025391, 493.554138184, 3.37411761284, 226.366729736, 151.541351318, 86.9299468994, 501.623199463, -41.7249755859, 189.602645874, -10.7343482971, 127.048118591, -0.550623118877, 25.6074466705], [387.591705322, -253.331848145, 375.389526367, 184.074798584, 84.7854995728, 1.37756419182, -41.7249755859, 322.193511963, 50.8342323303, 82.1485290527, 0.498880684376, 79.5344390869, 12.5283479691], [-258.715057373, 260.490509033, 48.8578681946, 299.050476074, 32.9918022156, -29.8821086884, 189.602645874, 50.8342323303, 353.834747314, -32.0006904602, 152.555267334, 0.691320538521, 46.3097648621], [272.186279297, -247.409881592, 26.1982021332, -137.010482788, -108.176589966, 12.891544342, -10.7343482971, 82.1485290527, -32.0006904602, 259.279663086, -11.8191614151, 113.59778595, 44.2600402832], [-303.343658447, 179.887741089, -159.133758545, 203.195068359, 128.339126587, 8.14198303223, 127.048118591, 0.498880684376, 152.555267334, -11.8191614151, 279.809295654, -0.401491194963, 61.4435997009], [301.195831299, -290.763336182, 38.0315055847, -108.78112793, -115.736297607, -14.8694629669, -0.550623118877, 79.5344390869, 0.691320538521, 113.59778595, -0.401491194963, 205.6769104, 21.9343185425], [-199.604644775, 134.18006897, -179.812393188, 6.46870756149, 65.6109237671, -6.67230796814, 25.6074466705, 12.5283479691, 46.3097648621, 44.2600402832, 61.4435997009, 21.9343185425, 161.705123901]],
        "icov": [[0.00028047998785, 0.000171440828126, 0.000157554270118, -0.000277157174423, 0.000110228793346, -0.00042690441478, -0.000108739062853, -0.000231629179325, 0.00014329161786, -7.07626895746e-05, 0.00036415347131, -0.000209014906432, 0.000231383455684], [0.000171440828126, 0.00138713687193, -0.000196588691324, 0.000283188157482, -0.000792430073489, 0.000732410000637, -0.00111079926137, 0.000771180144511, -0.000474148488138, 0.000257377454545, 0.000291291042231, 0.00115830858704, -0.000903886801098], [0.000157554270118, -0.000196588691324, 0.000857475679368, -0.000573788536713, 0.000144453690154, -0.00082379358355, 0.000243990754825, -0.000857435748912, 3.45071566699e-05, -0.000249006348895, 0.000775210675783, -0.000596581259742, 0.00111387984361], [-0.000277157174423, 0.000283188157482, -0.000573788536713, 0.00213173031807, -0.000540513487067, 0.000818315835204, -0.000599239778239, -0.000337341538398, -0.000998682691716, 0.000821381807327, -0.00113781820983, 0.00153952266555, -0.00064160785405], [0.000110228793346, -0.000792430073489, 0.000144453690154, -0.000540513487067, 0.00174229836557, -0.000966003106441, 0.000299837643979, -0.00116572354455, 0.00103664200287, 0.000245227070991, -0.00037971441634, -0.000382873724448, 0.000104124192148], [-0.00042690441478, 0.000732410000637, -0.00082379358355, 0.000818315835204, -0.000966003106441, 0.00435544690117, -0.00130383565556, 0.0012680303771, 8.62044544192e-05, 8.07851320133e-05, -0.000834467355162, 0.00162093073595, -0.00135317200329], [-0.000108739062853, -0.00111079926137, 0.000243990754825, -0.000599239778239, 0.000299837643979, -0.00130383565556, 0.00396324973553, 0.000476847111713, -0.00117130274884, -0.000749597034883, -0.000375425297534, -0.00157681130804, 0.00113991345279], [-0.000231629179325, 0.000771180144511, -0.000857435748912, -0.000337341538398, -0.00116572354455, 0.0012680303771, 0.000476847111713, 0.00630942964926, -0.00132967380341, -0.0012630346464, 0.000203831121325, -0.000768038502429, -0.00115159130655], [0.00014329161786, -0.000474148488138, 3.45071566699e-05, -0.000998682691716, 0.00103664200287, 8.62044544192e-05, -0.00117130274884, -0.00132967380341, 0.00572064798325, 0.000676858820952, -0.0017054855125, -0.000650008558296, -0.000567268347368], [-7.07626895746e-05, 0.000257377454545, -0.000249006348895, 0.000821381807327, 0.000245227070991, 8.07851320133e-05, -0.000749597034883, -0.0012630346464, 0.000676858820952, 0.00623530661687, -0.000419852178311, -0.00165473634843, -0.00200677686371], [0.00036415347131, 0.000291291042231, 0.000775210675783, -0.00113781820983, -0.00037971441634, -0.000834467355162, -0.000375425297534, 0.000203831121325, -0.0017054855125, -0.000419852178311, 0.00642300257459, -0.000924061168917, -0.000433263019659], [-0.000209014906432, 0.00115830858704, -0.000596581259742, 0.00153952266555, -0.000382873724448, 0.00162093073595, -0.00157681130804, -0.000768038502429, -0.000650008558296, -0.00165473634843, -0.000924061168917, 0.00901440624148, -0.00164524198044], [0.000231383455684, -0.000903886801098, 0.00111387984361, -0.00064160785405, 0.000104124192148, -0.00135317200329, 0.00113991345279, -0.00115159130655, -0.000567268347368, -0.00200677686371, -0.000433263019659, -0.00164524198044, 0.00939416140318]]
    },
    "melbands": {
        "dmean": [0.0024715506006, 0.00134804158006, 0.000771449238528, 0.000371585774701, 0.00020943088748, 0.000148277162225, 7.08311636117e-05, 0.000147599857883, 0.000172425323399, 0.000233808867051, 0.000139399664477, 0.000117821022286, 8.60615618876e-05, 6.5701569838e-05, 2.3636241167e-05, 5.39587890671e-05, 3.09715469484e-05, 4.23829224019e-05, 1.38066825457e-05, 1.08300801003e-05, 4.34491266788e-06, 4.98554754813e-06, 5.30669012733e-06, 7.66041466704e-06, 8.55022517499e-06, 9.06653622224e-06, 5.03025921716e-06, 4.75820297652e-06, 5.94043194724e-06, 9.35347634368e-06, 7.50559502194e-06, 8.56310361996e-06, 8.7266207629e-06, 4.17239334638e-06, 2.24198515753e-06, 1.49997049448e-06, 1.00329521047e-06, 9.10121855213e-07, 9.42804376791e-07, 9.95455934572e-07],
        "dmean2": [0.00355972489342, 0.00185320875607, 0.00105503515806, 0.000601133971941, 0.000340141938068, 0.000240330657107, 0.00010565201228, 0.000222279544687, 0.000271190685453, 0.000373149552615, 0.000210224592593, 0.000169036065927, 0.000119542019092, 9.07531721168e-05, 3.47957939084e-05, 7.5592106441e-05, 4.43448952865e-05, 5.83464679949e-05, 2.07843913813e-05, 1.51661024574e-05, 6.23302003078e-06, 7.44394537833e-06, 7.64991818869e-06, 1.10885957838e-05, 1.29580557768e-05, 1.36551725518e-05, 7.62532818044e-06, 7.38813287171e-06, 1.01951109173e-05, 1.67799244082e-05, 1.24955613501e-05, 1.51383519551e-05, 1.53435921675e-05, 7.19940408089e-06, 3.82189273296e-06, 2.43593149207e-06, 1.66757422448e-06, 1.46020215652e-06, 1.40557881423e-06, 1.45916033034e-06],
        "dvar": [6.51218142593e-05, 1.24668486023e-05, 7.16154181646e-06, 2.90525372293e-06, 3.47370558984e-07, 8.13652718534e-08, 1.64955764603e-08, 1.25200983803e-07, 1.56137730301e-07, 3.81411297212e-07, 9.9729163594e-08, 7.73717587776e-08, 4.0199360285e-08, 2.19455884576e-08, 4.9084385445e-09, 2.31385595129e-08, 5.43303002587e-09, 8.54971560216e-09, 1.10013886889e-09, 1.08104347696e-09, 1.36587866018e-10, 1.55420065706e-10, 1.46553991165e-10, 2.84057999345e-10, 3.29610366778e-10, 4.58158538885e-10, 8.6254281495e-11, 1.16784248938e-10, 2.46758113942e-10, 9.99272331548e-10, 4.34486280287e-10, 7.95290666655e-10, 6.59437615624e-10, 1.79869744099e-10, 5.46810166591e-11, 1.56004670987e-11, 8.98056629062e-12, 6.26691623942e-12, 1.38572070485e-11, 1.16054613836e-11],
        "dvar2": [9.87704479485e-05, 2.31621543207e-05, 1.52067868839e-05, 7.48377442505e-06, 8.66004313593e-07, 2.01372202469e-07, 3.22765210115e-08, 2.75334087974e-07, 3.67651381339e-07, 8.85853808086e-07, 2.23408278544e-07, 1.4372028545e-07, 6.90021053629e-08, 3.74750435128e-08, 1.02399493329e-08, 4.78493120681e-08, 8.99164742663e-09, 1.58992605748e-08, 2.27923080409e-09, 1.79097192632e-09, 2.33555480511e-10, 3.40621558736e-10, 3.11219522375e-10, 5.03607044955e-10, 5.9547738962e-10, 7.15393633222e-10, 1.75676015401e-10, 2.61679150571e-10, 7.02800651009e-10, 2.92565660587e-09, 1.07826980678e-09, 2.23546892109e-09, 1.76430325904e-09, 4.9699983018e-10, 1.51247583902e-10, 3.83489316691e-11, 2.32807679384e-11, 1.51226219047e-11, 2.69284004817e-11, 2.27082606191e-11],
        "max": [0.0921494439244, 0.0456655845046, 0.0345717743039, 0.02781137079, 0.00968790706247, 0.00372017966583, 0.00185240572318, 0.00547573389485, 0.00439123343676, 0.00666797533631, 0.00593235436827, 0.00501342723146, 0.00309437210672, 0.00224133301526, 0.000993921770714, 0.00277717970312, 0.00118216767441, 0.00127832416911, 0.000410437205574, 0.000979536329396, 0.000247679883614, 0.00020529331232, 0.000163729520864, 0.000245495873969, 0.000314217148116, 0.000389699271182, 0.000109454136691, 0.000172088228283, 0.000164152210345, 0.000381045305403, 0.000196861103177, 0.000271973112831, 0.000208009718335, 0.000110130000394, 6.08589834883e-05, 3.57754470315e-05, 3.80334131478e-05, 2.88310457108e-05, 7.19317613402e-05, 7.56048611947e-05],
        "mean": [0.0071102255024, 0.00269550248049, 0.00110101047903, 0.000363062368706, 0.000317506695865, 0.0002745334059, 0.000147664468386, 0.000255830527749, 0.00025213000481, 0.00039499689592, 0.000255258317338, 0.000219903551624, 0.000183917232789, 0.000133709341753, 3.82684374927e-05, 8.86979833012e-05, 6.37239645584e-05, 7.91415659478e-05, 2.23710085265e-05, 1.83767861017e-05, 6.83486996422e-06, 7.94134120952e-06, 9.92210698314e-06, 1.72325417225e-05, 1.84935252037e-05, 1.82751991815e-05, 8.88025897439e-06, 6.85521399646e-06, 8.25643564895e-06, 1.05042472569e-05, 1.12658181024e-05, 9.16300359677e-06, 1.03229476736e-05, 4.33629338659e-06, 2.30370551435e-06, 1.61206207849e-06, 9.00742065824e-07, 7.89449302374e-07, 9.38872915413e-07, 1.03404136098e-06],
        "median": [0.000182195770321, 0.000263766210992, 4.3016156269e-05, 5.37350933882e-05, 0.000160414900165, 9.65115832514e-05, 4.94101914228e-05, 5.26625299244e-05, 5.73853940296e-05, 6.72037931508e-05, 6.2110782892e-05, 2.10962807614e-05, 2.92383574561e-05, 2.3313166821e-05, 6.66122105031e-06, 1.38627056003e-05, 7.42435122447e-06, 1.1389651263e-05, 2.99072235066e-06, 2.3658342343e-06, 2.06630897992e-06, 1.51884580646e-06, 1.30466287374e-06, 1.44164289395e-06, 2.53236476055e-06, 4.44330908067e-06, 2.34001777244e-06, 1.2695974192e-06, 2.36851906266e-06, 1.87864827694e-06, 1.41570092183e-06, 1.41779332807e-06, 1.49625202539e-06, 6.42251904992e-07, 1.35786251576e-07, 4.96058625288e-08, 2.79129324099e-08, 2.07896935223e-08, 3.82334626181e-08, 8.09409215208e-08],
