{
"highlevel": {
    "danceability": {
        "all": {
            "danceable": 0.0107214944437,
            "not_danceable": 0.989278495312
        },
        "probability": 0.989278495312,
        "value": "not_danceable"
    },
    "gender": {
        "all": {
            "female": 0.229890152812,
            "male": 0.770109832287
        },
        "probability": 0.770109832287,
        "value": "male"
    },
    "genre_dortmund": {
        "all": {
            "alternative": 0.211731314659,
            "blues": 0.00723360991105,
            "electronic": 0.00970220845193,
            "folkcountry": 0.0948373302817,
            "funksoulrnb": 0.0114455753937,
            "jazz": 0.00285568041727,
            "pop": 0.129100069404,
            "raphiphop": 0.00120524468366,
            "rock": 0.531888961792
        },
        "probability": 0.531888961792,
        "value": "rock"
    },
    "genre_electronic": {
        "all": {
            "ambient": 0.518463969231,
            "dnb": 0.16555531323,
            "house": 0.0475631840527,
            "techno": 0.0268959067762,
            "trance": 0.241521596909
        },
        "probability": 0.518463969231,
        "value": "ambient"
    },
    "genre_rosamerica": {
        "all": {
            "cla": 0.0152379991487,
            "dan": 0.00360898254439,
            "hip": 0.00157361442689,
            "jaz": 0.0007813834236,
            "pop": 0.0315141752362,
            "rhy": 0.0119840567932,
            "roc": 0.935046374798,
            "spe": 0.000253413629252
        },
        "probability": 0.935046374798,
        "value": "roc"
    },
    "genre_tzanetakis": {
        "all": {
            "blu": 0.0626613423228,
            "cla": 0.0348169617355,
            "cou": 0.104475811124,
            "dis": 0.0784321576357,
            "hip": 0.15692435205,
            "jaz": 0.313974827528,
            "met": 0.0448166541755,
            "pop": 0.0627359300852,
            "reg": 0.0627360641956,
            "roc": 0.0784258767962
        },
        "probability": 0.313974827528,
        "value": "jaz"
    },
    "ismir04_rhythm": {
        "all": {
            "ChaChaCha": 0.113609522581,
            "Jive": 0.286578416824,
            "Quickstep": 0.0245518963784,
            "Rumba-American": 0.00791916996241,
            "Rumba-International": 0.0247006639838,
            "Rumba-Misc": 0.00783216860145,
            "Samba": 0.0801608785987,
            "Tango": 0.0439431406558,
            "VienneseWaltz": 0.392924904823,
            "Waltz": 0.0177792273462
        },
        "probability": 0.392924904823,
        "value": "VienneseWaltz"
    },
    "mood_acoustic": {
        "all": {
            "acoustic": 0.0206586588174,
            "not_acoustic": 0.979341328144
        },
        "probability": 0.979341328144,
        "value": "not_acoustic"
    },
    "mood_aggressive": {
        "all": {
            "aggressive": 0.366418123245,
            "not_aggressive": 0.633581876755
        },
        "probability": 0.633581876755,
        "value": "not_aggressive"
    },
    "mood_electronic": {
        "all": {
            "electronic": 0.397661179304,
            "not_electronic": 0.602338850498
        },
        "probability": 0.602338850498,
        "value": "not_electronic"
    },
    "mood_happy": {
        "all": {
            "happy": 0.77835381031,
            "not_happy": 0.221646174788
        },
        "probability": 0.77835381031,
        "value": "happy"
    },
    "mood_party": {
        "all": {
            "not_party": 0.762125313282,
            "party": 0.237874686718
        },
        "probability": 0.762125313282,
        "value": "not_party"
    },
    "mood_relaxed": {
        "all": {
            "not_relaxed": 0.716332614422,
            "relaxed": 0.283667355776
        },
        "probability": 0.716332614422,
        "value": "not_relaxed"
    },
    "mood_sad": {
        "all": {
            "not_sad": 0.658910930157,
            "sad": 0.341089069843
        },
        "probability": 0.658910930157,
        "value": "not_sad"
    },
    "moods_mirex": {
        "all": {
            "Cluster1": 0.249341785908,
            "Cluster2": 0.352220088243,
            "Cluster3": 0.243618547916,
            "Cluster4": 0.0871638730168,
            "Cluster5": 0.0676557123661
        },
        "probability": 0.352220088243,
        "value": "Cluster2"
    },
    "timbre": {
        "all": {
            "bright": 0.748716890812,
            "dark": 0.251283079386
        },
        "probability": 0.748716890812,
        "value": "bright"
    },
    "tonal_atonal": {
        "all": {
            "atonal": 0.00495148310438,
            "tonal": 0.995048522949
        },
        "probability": 0.995048522949,
        "value": "tonal"
    },
    "voice_instrumental": {
        "all": {
            "instrumental": 0.000437368813436,
            "voice": 0.999562621117
        },
        "probability": 0.999562621117,
        "value": "voice"
    }
},
"lowlevel": {
    "average_loudness": 0.976646900177,
    "barkbands_crest": {
        "dmean": 2.45836234093,
        "dmean2": 4.1767334938,
        "dvar": 7.32864952087,
        "dvar2": 20.5624027252,
        "max": 21.4528160095,
        "mean": 7.57174539566,
        "median": 6.56963586807,
        "min": 2.5654027462,
        "var": 11.3552684784
    },
    "barkbands_flatness_db": {
        "dmean": 0.0189179740846,
        "dmean2": 0.0298096667975,
        "dvar": 0.000333590898663,
        "dvar2": 0.000832671066746,
        "max": 0.273886859417,
        "mean": 0.123731173575,
        "median": 0.120548725128,
        "min": 0.0489921979606,
        "var": 0.00104474648833
    },
    "barkbands_kurtosis": {
        "dmean": 1.35842239857,
        "dmean2": 2.27211380005,
        "dvar": 6.47686481476,
        "dvar2": 18.0781211853,
        "max": 41.2402572632,
        "mean": 1.24679899216,
        "median": 0.554422855377,
        "min": -1.8131814003,
        "var": 8.39022159576
    },
    "barkbands_skewness": {
        "dmean": 0.403080523014,
        "dmean2": 0.64733594656,
        "dvar": 0.228467985988,
        "dvar2": 0.604999303818,
        "max": 5.71100568771,
        "mean": 0.889719724655,
        "median": 0.816959321499,
        "min": -0.948926866055,
        "var": 0.563763737679
    },
    "barkbands_spread": {
        "dmean": 5.21696472168,
        "dmean2": 8.01680850983,
        "dvar": 39.1497497559,
        "dvar2": 80.6828689575,
        "max": 80.4773178101,
        "mean": 23.9307537079,
        "median": 20.9419879913,
        "min": 3.38892555237,
        "var": 144.711212158
    },
    "dissonance": {
        "dmean": 0.0174852386117,
        "dmean2": 0.0287607628852,
        "dvar": 0.000228915145271,
        "dvar2": 0.000617232755758,
        "max": 0.499407798052,
        "mean": 0.465251922607,
        "median": 0.467997342348,
        "min": 0.326552122831,
        "var": 0.000460828276118
    },
    "dynamic_complexity": 1.59678471088,
    "erbbands_crest": {
        "dmean": 2.09686541557,
        "dmean2": 3.29146146774,
        "dvar": 3.56062173843,
        "dvar2": 8.51829528809,
        "max": 25.349067688,
        "mean": 8.43322753906,
        "median": 7.78125667572,
        "min": 2.70573282242,
        "var": 10.611166954
    },
    "erbbands_flatness_db": {
        "dmean": 0.0169502068311,
        "dmean2": 0.0239032618701,
        "dvar": 0.000267595227342,
        "dvar2": 0.000467431294965,
        "max": 0.257859051228,
        "mean": 0.161969646811,
        "median": 0.159884825349,
        "min": 0.0784615650773,
        "var": 0.0011139853159
    },
    "erbbands_kurtosis": {
        "dmean": 0.68740606308,
        "dmean2": 1.06159842014,
        "dvar": 0.568785846233,
        "dvar2": 1.37064313889,
        "max": 9.5336523056,
        "mean": 0.408357918262,
        "median": 0.0882105827332,
        "min": -1.73969721794,
        "var": 1.86896109581
    },
    "erbbands_skewness": {
        "dmean": 0.292171120644,
        "dmean2": 0.443932235241,
        "dvar": 0.0644517764449,
        "dvar2": 0.140737012029,
        "max": 2.08466410637,
        "mean": 0.391385495663,
        "median": 0.436070412397,
        "min": -1.96148812771,
        "var": 0.330235213041
    },
    "erbbands_spread": {
        "dmean": 6.68827152252,
        "dmean2": 9.90557384491,
        "dvar": 62.1504440308,
        "dvar2": 132.08291626,
        "max": 96.6574630737,
        "mean": 33.2242965698,
        "median": 30.8995952606,
        "min": 7.11929178238,
        "var": 237.028640747
    },
    "hfc": {
        "dmean": 7.99762439728,
        "dmean2": 11.1124448776,
        "dvar": 102.70287323,
        "dvar2": 180.179977417,
        "max": 159.239395142,
        "mean": 33.6391830444,
        "median": 30.5205745697,
        "min": 2.18112468719,
        "var": 486.074066162
    },
    "melbands_crest": {
        "dmean": 2.76678013802,
        "dmean2": 4.65726423264,
        "dvar": 7.63137578964,
        "dvar2": 20.4333267212,
        "max": 22.4573669434,
        "mean": 9.55117893219,
        "median": 8.60499000549,
        "min": 3.6506383419,
        "var": 14.1685504913
    },
    "melbands_flatness_db": {
        "dmean": 0.0235937368125,
        "dmean2": 0.0374556295574,
        "dvar": 0.000660166260786,
        "dvar2": 0.00173446233384,
        "max": 0.37230566144,
        "mean": 0.162400320172,
        "median": 0.157722860575,
        "min": 0.0455555357039,
        "var": 0.00215477403253
    },
    "melbands_kurtosis": {
        "dmean": 3.34383845329,
        "dmean2": 5.65832090378,
        "dvar": 45.3401565552,
        "dvar2": 126.544189453,
        "max": 94.3881378174,
        "mean": 5.06103658676,
        "median": 3.23952245712,
        "min": -1.29887890816,
        "var": 47.7884178162
    },
    "melbands_skewness": {
        "dmean": 0.547487437725,
        "dmean2": 0.889084994793,
        "dvar": 0.501854836941,
        "dvar2": 1.34458148479,
        "max": 7.78598117828,
        "mean": 1.622808218,
        "median": 1.53019928932,
        "min": -0.540678024292,
        "var": 1.01158893108
    },
    "melbands_spread": {
        "dmean": 7.00385332108,
        "dmean2": 10.9167556763,
        "dvar": 64.9482269287,
        "dvar2": 143.27986145,
        "max": 131.293869019,
        "mean": 29.3563842773,
        "median": 26.9036655426,
        "min": 2.17437386513,
        "var": 233.202987671
    },
    "pitch_salience": {
        "dmean": 0.0694123059511,
        "dmean2": 0.118185609579,
        "dvar": 0.00469935219735,
        "dvar2": 0.0133340870962,
        "max": 0.825415074825,
        "mean": 0.593741893768,
        "median": 0.6036054492,
        "min": 0.211648568511,
        "var": 0.00831687543541
    },
    "silence_rate_20dB": {
        "dmean": 0,
        "dmean2": 0,
        "dvar": 0,
        "dvar2": 0,
        "max": 1,
        "mean": 1,
        "median": 1,
        "min": 1,
        "var": 0
    },
    "silence_rate_30dB": {
        "dmean": 0,
        "dmean2": 0,
        "dvar": 0,
        "dvar2": 0,
        "max": 1,
        "mean": 1,
        "median": 1,
        "min": 1,
        "var": 0
    },
    "silence_rate_60dB": {
        "dmean": 0,
        "dmean2": 0,
        "dvar": 0,
        "dvar2": 0,
        "max": 0,
        "mean": 0,
        "median": 0,
        "min": 0,
        "var": 0
    },
    "spectral_centroid": {
        "dmean": 175.964538574,
        "dmean2": 267.912872314,
        "dvar": 34115.0703125,
        "dvar2": 66894.1640625,
        "max": 3659.01196289,
        "mean": 1366.80737305,
        "median": 1317.33374023,
        "min": 423.231719971,
        "var": 182478.875
    },
    "spectral_complexity": {
        "dmean": 3.74612998962,
        "dmean2": 5.74515867233,
        "dvar": 12.6290140152,
        "dvar2": 25.6366977692,
        "max": 50,
        "mean": 25.3905639648,
        "median": 26,
        "min": 7,
        "var": 55.3579139709
    },
    "spectral_decrease": {
        "dmean": 2.63403410194e-09,
        "dmean2": 4.26360280414e-09,
        "dvar": 1.62984590786e-17,
        "dvar2": 4.42932652535e-17,
        "max": -1.19652943109e-09,
        "mean": -8.48930437058e-09,
        "median": -7.48852979626e-09,
        "min": -3.20421627009e-08,
        "var": 2.15336272728e-17
    },
    "spectral_energy": {
        "dmean": 0.0103410622105,
        "dmean2": 0.0165478251874,
        "dvar": 0.000233779792325,
        "dvar2": 0.000631195202004,
        "max": 0.122354194522,
        "mean": 0.0350917316973,
        "median": 0.0320163890719,
        "min": 0.00472539663315,
        "var": 0.000333550648065
    },
    "spectral_energyband_high": {
        "dmean": 0.000631919130683,
        "dmean2": 0.000828335701954,
        "dvar": 1.4420328398e-06,
        "dvar2": 2.36113646679e-06,
        "max": 0.0182119309902,
        "mean": 0.00139548303559,
        "median": 0.00056923890952,
        "min": 8.81175401446e-06,
        "var": 5.46114006283e-06
    },
    "spectral_energyband_low": {
        "dmean": 0.00770746218041,
        "dmean2": 0.0137308016419,
        "dvar": 0.000263729249127,
        "dvar2": 0.000749229278881,
        "max": 0.113844029605,
        "mean": 0.00898748915642,
        "median": 0.00424214825034,
        "min": 0.00028988433769,
        "var": 0.000206956930924
    },
    "spectral_energyband_middle_high": {
        "dmean": 0.00274447305128,
        "dmean2": 0.00406916392967,
        "dvar": 8.51816002978e-06,
        "dvar2": 1.91380622709e-05,
        "max": 0.044629406184,
        "mean": 0.0109160235152,
        "median": 0.00996583513916,
        "min": 0.000501396134496,
        "var": 5.45067705389e-05
    },
    "spectral_energyband_middle_low": {
        "dmean": 0.00399083411321,
        "dmean2": 0.0063917208463,
        "dvar": 2.06576842174e-05,
        "dvar2": 5.10504323756e-05,
        "max": 0.0615852922201,
        "mean": 0.014751595445,
        "median": 0.0136011503637,
        "min": 0.00181626412086,
        "var": 5.6609747844e-05
    },
    "spectral_entropy": {
        "dmean": 0.129537791014,
        "dmean2": 0.179131358862,
        "dvar": 0.0192666016519,
        "dvar2": 0.0342220850289,
        "max": 8.49020576477,
        "mean": 7.63824510574,
        "median": 7.61788082123,
        "min": 6.57850408554,
        "var": 0.0926914960146
    },
    "spectral_flux": {
        "dmean": 0.0252324957401,
        "dmean2": 0.0382467061281,
        "dvar": 0.00103812012821,
        "dvar2": 0.002092060633,
        "max": 0.289481401443,
        "mean": 0.0964432060719,
        "median": 0.0875872671604,
        "min": 0.0206572245806,
        "var": 0.00204882258549
    },
    "spectral_kurtosis": {
        "dmean": 1.54412555695,
        "dmean2": 2.54845643044,
        "dvar": 2.68765187263,
        "dvar2": 7.49141645432,
        "max": 24.5006389618,
        "mean": 4.09743690491,
        "median": 3.70334815979,
        "min": -0.995682954788,
        "var": 6.72865247726
    },
    "spectral_rms": {
        "dmean": 0.000786032585893,
        "dmean2": 0.00121435709298,
        "dvar": 9.82239271252e-07,
        "dvar2": 2.53979146692e-06,
        "max": 0.0109256552532,
        "mean": 0.00567564647645,
        "median": 0.00558887282386,
        "min": 0.00214712438174,
        "var": 2.02285332307e-06
    },
    "spectral_rolloff": {
        "dmean": 514.997558594,
        "dmean2": 868.667114258,
        "dvar": 1144336,
        "dvar2": 2456939.75,
        "max": 9517.67578125,
        "mean": 1829.50366211,
        "median": 1464.2578125,
        "min": 107.666015625,
        "var": 2577414.75
    },
    "spectral_skewness": {
        "dmean": 0.201164275408,
        "dmean2": 0.316863209009,
        "dvar": 0.0350897423923,
        "dvar2": 0.0873944759369,
        "max": 3.3737308979,
        "mean": 1.50443506241,
        "median": 1.5026204586,
        "min": 0.344425141811,
        "var": 0.150779783726
    },
    "spectral_spread": {
        "dmean": 566571.125,
        "dmean2": 791794.5,
        "dvar": 566743793664,
        "dvar2": 1.0020061184e+12,
        "max": 13256397,
        "mean": 4265526,
        "median": 3826696.25,
        "min": 2214229.75,
        "var": 2.44827396506e+12
    },
    "spectral_strongpeak": {
        "dmean": 0.858525335789,
        "dmean2": 1.49126541615,
        "dvar": 1.28742420673,
        "dvar2": 3.10200071335,
        "max": 9.24493598938,
        "mean": 1.53841257095,
        "median": 1.1055393219,
        "min": 0.048195168376,
        "var": 2.1571662426
    },
    "zerocrossingrate": {
        "dmean": 0.0107882944867,
        "dmean2": 0.0120515832677,
        "dvar": 0.000173026026459,
        "dvar2": 0.000176004265086,
        "max": 0.2763671875,
        "mean": 0.0678427740932,
        "median": 0.0595703125,
        "min": 0.0166015625,
        "var": 0.00132570345886
    },
    "barkbands": {
        "dmean": [6.20007776888e-05, 0.00612691882998, 0.00184265617281, 0.00107300060336, 0.000942676793784, 0.00146458914969, 0.00115318456665, 0.000880496518221, 0.00144937518053, 0.00116623134818, 0.000974605616648, 0.000525143754203, 0.000567440525629, 0.000707853061613, 0.000475461303722, 0.000354899762897, 0.000328659720253, 0.000245640141657, 0.000106268023956, 0.000140717311297, 9.40146346693e-05, 0.000106690466055, 0.000171895269887, 0.000246765150223, 6.96098577464e-05, 2.84781344817e-05, 5.62357875822e-08],
        "dmean2": [0.000105193124909, 0.0109114712104, 0.00329625187442, 0.0018102688482, 0.00156364170834, 0.00233201449737, 0.00188389036339, 0.00142566813156, 0.00224037701264, 0.00178775831591, 0.00146929256152, 0.000823364185635, 0.000890763127245, 0.0011324113002, 0.000738908536732, 0.000559019332286, 0.000530466786586, 0.000392984540667, 0.000170474799233, 0.000227266573347, 0.000142584569403, 0.000159960065503, 0.000247954478255, 0.000342124694725, 0.000102246631286, 4.36377958977e-05, 1.02740841612e-07],
        "dvar": [9.97014826254e-09, 0.000169073668076, 1.61563420988e-05, 1.81353857442e-06, 1.46253148614e-06, 5.09798564963e-06, 2.33251557802e-06, 3.77331934942e-06, 3.54763255928e-06, 3.12073143505e-06, 2.2627641556e-06, 5.97783923695e-07, 1.1011445622e-06, 1.32506124828e-06, 8.52510311233e-07, 3.84667799835e-07, 2.61175017613e-07, 1.15159465963e-07, 1.89288940078e-08, 5.53709433859e-08, 2.54147121126e-08, 3.9262545215e-08, 1.79800011324e-07, 3.11471097802e-07, 5.46623049047e-08, 3.81700404617e-09, 1.12224289649e-13],
        "dvar2": [2.5641732293e-08, 0.000489100872073, 4.60200499219e-05, 4.74460648547e-06, 3.7689792407e-06, 1.29760965137e-05, 6.09144171904e-06, 8.65753008839e-06, 9.05426622921e-06, 7.65215008869e-06, 4.73248792332e-06, 1.29236730118e-06, 2.66873462351e-06, 3.16409273182e-06, 1.98196994461e-06, 9.16963017517e-07, 6.3931048544e-07, 2.63224535502e-07, 4.56688979966e-08, 1.3660717002e-07, 5.9155908616e-08, 9.5615121154e-08, 3.36941639034e-07, 5.51954485672e-07, 1.02440075977e-07, 8.64811422474e-09, 3.33054628798e-13],
        "max": [0.00065594172338, 0.082183599472, 0.0394302755594, 0.014287410304, 0.0160670746118, 0.0335150435567, 0.0197826735675, 0.0318366922438, 0.0243305265903, 0.0226475279778, 0.0299577321857, 0.012738562189, 0.015620467253, 0.0212287921458, 0.0145907765254, 0.00982864852995, 0.0078124073334, 0.00512640923262, 0.00183716556057, 0.00342106842436, 0.00240911892615, 0.00414004549384, 0.00636068498716, 0.00853819400072, 0.00458204932511, 0.00123551650904, 6.48582408758e-06],
        "mean": [7.22173499526e-05, 0.00612882850692, 0.00201769429259, 0.00155754783191, 0.00208685989492, 0.00332521367818, 0.00229285517707, 0.00158938230015, 0.00346955819987, 0.00251357746311, 0.00194405973889, 0.00100972235668, 0.00120773760136, 0.00131377659272, 0.000815145496745, 0.000645310559776, 0.000699070398696, 0.000592210621107, 0.000251825840678, 0.000300288171275, 0.000183589552762, 0.000201757982722, 0.000300058687571, 0.000421480857767, 0.000118009760627, 3.39565085596e-05, 3.85847691575e-08],
        "median": [2.94100464089e-05, 0.00215253094211, 0.00105807941873, 0.00104750797618, 0.00159296765924, 0.00208279397339, 0.00152795691974, 0.000678514013998, 0.00236984482035, 0.00138833501842, 0.000815249281004, 0.000506433425471, 0.000578334729653, 0.000694451213349, 0.000386435509427, 0.000290707801469, 0.000332126772264, 0.000369592977222, 0.000191734390683, 0.000183808704605, 9.16032367968e-05, 0.000104276849015, 9.46810469031e-05, 8.42692024889e-05, 1.29218851725e-05, 7.93081289885e-06, 1.09454456609e-09],
        "min": [2.20040554666e-08, 7.1808892244e-05, 6.39810832581e-06, 1.42622593557e-05, 8.27428593766e-05, 2.9253478715e-05, 5.95691126364e-05, 1.75298373506e-05, 2.78634579445e-05, 1.56797068485e-05, 1.04811260826e-05, 9.18154637475e-06, 4.44376519226e-06, 1.06350262286e-05, 1.73413573066e-05, 1.63481508935e-05, 2.67721406999e-05, 1.67305861396e-05, 8.22159017844e-06, 3.36268954015e-06, 2.04727575692e-06, 1.68063593264e-06, 1.04142372948e-06, 1.12307077416e-06, 2.19806839397e-09, 1.92410358479e-11, 6.13454296042e-12],
        "var": [1.1326504179e-08, 0.000131923909066, 1.11768404167e-05, 2.64343066192e-06, 3.32384388457e-06, 1.29598902276e-05, 4.89402827952e-06, 7.15132773621e-06, 1.19161950352e-05, 9.34377112571e-06, 9.73375699687e-06, 1.7383335944e-06, 3.50783579961e-06, 2.7707847039e-06, 1.86808142644e-06, 9.25304107113e-07, 1.04086348074e-06, 4.70008842512e-07, 4.95574639103e-08, 1.27323019683e-07, 6.3501971681e-08, 6.75948328421e-08, 4.77121034237e-07, 9.9439398582e-07, 1.70085996842e-07, 6.84147227759e-09, 6.35220432569e-14]
    },
    "erbbands": {
        "dmean": [0.128040477633, 1.52808773518, 2.60676193237, 2.57452201843, 2.91554689407, 3.72746682167, 6.57748031616, 14.1642541885, 16.3325958252, 19.6753940582, 19.9953022003, 28.2648849487, 36.5191955566, 25.8213615417, 33.2065124512, 18.5785942078, 25.7987670898, 25.3725299835, 28.0577507019, 25.4949054718, 17.0968589783, 17.5114326477, 12.8653478622, 7.30811357498, 6.12395763397, 6.15151119232, 4.5766210556, 3.19802069664, 3.65817713737, 3.85620903969, 5.58830595016, 7.04694223404, 2.90176558495, 1.20436608791, 0.245782315731, 0.166368380189, 0.0453161783516, 0.00220458954573, 5.79353800276e-05, 1.5066951164e-05],
        "dmean2": [0.227813273668, 2.73098397255, 4.73767089844, 4.39340114594, 4.91091775894, 6.12498283386, 10.3472681046, 22.7265300751, 27.9399833679, 30.0181446075, 31.49152565, 44.2916603088, 56.211681366, 39.7486381531, 50.0606079102, 28.8942890167, 40.0822944641, 39.9118843079, 43.7972183228, 40.0165138245, 27.2959156036, 28.4219169617, 20.351316452, 11.4953174591, 9.87144374847, 9.75713634491, 7.01644945145, 4.71315002441, 5.40238285065, 5.87199306488, 8.01776504517, 9.99308681488, 4.15603876114, 1.74201214314, 0.366565197706, 0.255568891764, 0.0712524950504, 0.0035045274999, 8.89024377102e-05, 2.27137734328e-05],
        "dvar": [0.0624646097422, 10.9402933121, 35.1135673523, 11.9081830978, 13.255156517, 23.3896656036, 105.17124939, 522.670532227, 491.371459961, 1459.91259766, 1456.2376709, 1803.21801758, 3065.49291992, 1267.95275879, 2384.97412109, 695.283996582, 2250.71362305, 1622.40185547, 1927.36645508, 2101.78564453, 876.579345703, 656.060852051, 297.577026367, 89.6794281006, 80.5208587646, 105.306343079, 86.3914871216, 28.9018573761, 37.4937591553, 70.7566452026, 192.410598755, 218.247695923, 72.8519668579, 20.0805625916, 0.425067335367, 0.146871104836, 0.00886445958167, 3.2994805224e-05, 1.83981878621e-08, 3.99997729383e-10],
        "dvar2": [0.181236356497, 31.4911499023, 100.363601685, 32.4430084229, 35.0668373108, 60.4553833008, 277.302703857, 1326.39331055, 1409.91271973, 3613.05419922, 3104.91967773, 4691.52734375, 7281.31835938, 3144.16967773, 5015.89892578, 1549.9317627, 5448.96337891, 3693.01245117, 4395.04785156, 5158.65820312, 2012.28173828, 1678.21496582, 684.449645996, 202.612472534, 204.433242798, 262.655181885, 211.316833496, 66.7358398438, 87.4503860474, 163.826263428, 359.110321045, 409.899505615, 136.971054077, 37.9070854187, 0.899855077267, 0.324876755476, 0.0210219826549, 7.4405077612e-05, 3.88934111584e-08, 9.63417345901e-10],
        "max": [1.42884552479, 21.2188720703, 49.6305007935, 30.105840683, 44.7863235474, 83.8417892456, 152.024353027, 377.019989014, 233.944656372, 619.58416748, 792.08013916, 752.738586426, 749.902770996, 495.224334717, 1022.4619751, 396.432495117, 757.770690918, 714.466064453, 759.828186035, 581.054992676, 640.851623535, 442.477844238, 284.821075439, 166.446990967, 108.611671448, 148.478118896, 151.581588745, 82.6347885132, 98.3213348389, 168.44329834, 248.048553467, 220.248825073, 161.198867798, 90.1280288696, 11.739192009, 7.69215202332, 1.60843062401, 0.134697541595, 0.00331380800344, 0.000308318762109],
        "mean": [0.134392276406, 1.51074790955, 2.70835518837, 3.82362556458, 5.31473350525, 8.21578788757, 15.2772893906, 30.2607040405, 29.2708930969, 38.27394104, 41.5324859619, 66.2072677612, 93.9640884399, 63.3338241577, 71.2359237671, 40.4324188232, 59.0117225647, 52.9166717529, 52.5613594055, 46.3785018921, 36.4193878174, 39.0860900879, 33.9457702637, 19.5436687469, 14.0982637405, 13.3126430511, 8.93768596649, 6.60962867737, 6.96213817596, 6.99714946747, 9.5072479248, 11.3390283585, 5.09469223022, 2.14262747765, 0.371292114258, 0.197967126966, 0.054192468524, 0.00266988994554, 9.32791881496e-05, 4.98445733683e-05],
        "median": [0.0454202070832, 0.532029271126, 1.37138962746, 2.66271901131, 3.93816566467, 5.29225254059, 10.4647483826, 19.1584892273, 19.779756546, 21.1848659515, 25.6059131622, 47.4728736877, 46.5677490234, 42.7043991089, 36.1439628601, 24.4885444641, 31.8067054749, 32.3138999939, 29.9508533478, 22.9947490692, 17.034406662, 20.362411499, 20.6240406036, 13.4768743515, 10.3429489136, 8.36182975769, 4.86774969101, 3.07896137238, 3.38116788864, 3.44058656693, 2.85928750038, 2.65605401993, 0.757236540318, 0.199082031846, 0.0697161927819, 0.0458633638918, 0.013469866477, 0.000486712728161, 3.47753484675e-05, 4.36367809016e-05],
        "min": [0.00224193744361, 0.0124564832076, 0.0454101040959, 0.114378608763, 0.196030184627, 0.260305523872, 0.53322917223, 0.577835202217, 1.17689943314, 0.808798551559, 1.07115995884, 1.33439779282, 1.02472817898, 1.64646351337, 1.25636303425, 0.558029949665, 0.467711806297, 0.605672359467, 0.779715657234, 1.52145159245, 1.17816722393, 1.62177550793, 1.52064740658, 0.553286612034, 0.362889111042, 0.170664489269, 0.126000657678, 0.0672644302249, 0.0456992164254, 0.0278488174081, 0.0327003486454, 0.0435156822205, 0.00426823459566, 0.000710663036443, 8.58667626744e-05, 2.24925497605e-05, 7.80024583946e-06, 1.67051643984e-06, 3.093574378e-06, 5.44435988559e-06],
        "var": [0.0540611632168, 8.37598228455, 23.5723152161, 14.2098798752, 22.3404216766, 74.1923294067, 215.737991333, 1169.35693359, 846.837280273, 2517.02758789, 3344.27416992, 4100.0078125, 12426.3066406, 3973.90112305, 9869.99902344, 2075.58520508, 7601.17724609, 4224.13916016, 4336.09667969, 4309.81152344, 2878.14038086, 2553.24389648, 1609.42089844, 384.114471436, 181.202850342, 245.014556885, 176.565231323, 74.3269805908, 78.3908462524, 121.950866699, 522.427612305, 590.31451416, 228.151748657, 62.814289093, 1.04302942753, 0.276771277189, 0.0142517210916, 6.18022822891e-05, 3.94037726892e-08, 9.20517495562e-10]
    },
    "gfcc": {
        "mean": [41.2863006592, 103.98601532, -134.291763306, 30.7235088348, -67.4371032715, 21.5483989716, -38.4258918762, 12.3886013031, -15.480840683, -2.93568706512, -11.5677747726, 1.31677365303, -9.55867862701],
        "cov": [[1597.09094238, -845.217895508, 82.4987640381, -46.3857650757, -211.031692505, 244.756164551, -48.7879638672, 105.510009766, -149.861114502, 142.344238281, -71.4677581787, -6.74296283722, -140.70501709], [-845.217895508, 834.04699707, -234.225189209, 40.496711731, 213.132553101, -203.396377563, 126.097991943, -97.8665161133, 123.90901947, -85.9781799316, 100.340927124, -25.4602909088, 100.904624939], [82.4987640381, -234.225189209, 407.709716797, 38.2947463989, -44.4318313599, 86.6174316406, -85.4404678345, 59.9598388672, 0.761849820614, 47.4922866821, -37.5302238464, 51.1018638611, -25.5386486053], [-46.3857650757, 40.496711731, 38.2947463989, 241.353637695, 21.3084964752, -58.9077720642, -7.76536273956, -18.7401580811, 79.3723602295, -19.4362297058, -6.363032341, -1.11006641388, 25.8001804352], [-211.031692505, 213.132553101, -44.4318313599, 21.3084964752, 190.696716309, -29.3786945343, 36.7744140625, 7.12561845779, 42.983341217, -12.0272655487, -0.0746060311794, 31.5096740723, 13.4400491714], [244.756164551, -203.396377563, 86.6174316406, -58.9077720642, -29.3786945343, 199.766296387, 26.1173744202, 29.5782241821, -48.069026947, 36.7974624634, 3.04686903954, -20.2065925598, -19.7332363129], [-48.7879638672, 126.097991943, -85.4404678345, -7.76536273956, 36.7744140625, 26.1173744202, 126.152999878, -0.419999450445, -1.50282967091, -7.61630487442, 33.5090789795, -17.188741684, 3.77696609497], [105.510009766, -97.8665161133, 59.9598388672, -18.7401580811, 7.12561845779, 29.5782241821, -0.419999450445, 85.5335388184, 7.72981500626, 18.0628833771, -17.5202350616, 17.0706062317, -17.588514328], [-149.861114502, 123.90901947, 0.761849820614, 79.3723602295, 42.983341217, -48.069026947, -1.50282967091, 7.72981500626, 114.17741394, -3.91134405136, 7.06713056564, 3.91005468369, 23.4684619904], [142.344238281, -85.9781799316, 47.4922866821, -19.4362297058, -12.0272655487, 36.7974624634, -7.61630487442, 18.0628833771, -3.91134405136, 83.9780960083, 6.56249380112, -3.33473873138, -25.9349384308], [-71.4677581787, 100.340927124, -37.5302238464, -6.363032341, -0.0746060311794, 3.04686903954, 33.5090789795, -17.5202350616, 7.06713056564, 6.56249380112, 77.347618103, -8.07558250427, 12.0114059448], [-6.74296283722, -25.4602909088, 51.1018638611, -1.11006641388, 31.5096740723, -20.2065925598, -17.188741684, 17.0706062317, 3.91005468369, -3.33473873138, -8.07558250427, 90.171836853, 1.18080854416], [-140.70501709, 100.904624939, -25.5386486053, 25.8001804352, 13.4400491714, -19.7332363129, 3.77696609497, -17.588514328, 23.4684619904, -25.9349384308, 12.0114059448, 1.18080854416, 84.4150238037]],
        "icov": [[0.00180659908801, 0.00137952342629, 0.0011308004614, -0.000839385436848, 0.000495227868669, -0.000814528844785, -0.00016713963123, -0.000819099601358, 0.000758911250159, -0.00164645456243, 0.00017933435447, -0.000447056780104, 0.000792402599473], [0.00137952342629, 0.00989935547113, -0.00151617778465, 0.00368948513642, -0.00739029282704, 0.00766977854073, -0.00689499592409, 0.00618932396173, -0.00494942814112, 0.00253680860624, -0.00657141255215, 0.0053843036294, -0.00353722926229], [0.0011308004614, -0.00151617778465, 0.00589662790298, -0.00319848186336, 0.00315690995194, -0.00520538818091, 0.00445794686675, -0.00415089773014, 0.00177374330815, -0.00318614323623, 0.00229715718888, -0.00437304051593, 0.00193721824326], [-0.000839385436848, 0.00368948513642, -0.00319848186336, 0.00878620054573, -0.00391911296174, 0.0056930417195, -0.00432553887367, 0.00586149422452, -0.00707512721419, 0.00346805877052, -0.00222526863217, 0.00388321722858, -0.0027979046572], [0.000495227868669, -0.00739029282704, 0.00315690995194, -0.00391911296174, 0.0139411846176, -0.0074429884553, 0.00356612727046, -0.00624098349363, 0.00241562980227, -0.00383945880458, 0.00728837726638, -0.00820659659803, 0.00361936865374], [-0.000814528844785, 0.00766977854073, -0.00520538818091, 0.0056930417195, -0.0074429884553, 0.0163839999586, -0.00923444703221, 0.00531650567427, -0.0028796067927, 0.00244805123657, -0.00651537626982, 0.00832694396377, -0.00494126603007], [-0.00016713963123, -0.00689499592409, 0.00445794686675, -0.00432553887367, 0.00356612727046, -0.00923444703221, 0.0176753252745, -0.00743629038334, 0.00502097699791, -0.00130000454374, 0.000337727280566, -0.00336230476387, 0.00377096235752], [-0.000819099601358, 0.00618932396173, -0.00415089773014, 0.00586149422452, -0.00624098349363, 0.00531650567427, -0.00743629038334, 0.0219026207924, -0.00844406150281, 0.00214877468534, -0.00128857721575, 0.00226924708113, -0.00151881796774], [0.000758911250159, -0.00494942814112, 0.00177374330815, -0.00707512721419, 0.00241562980227, -0.0028796067927, 0.00502097699791, -0.00844406150281, 0.0183246135712, -0.00445178011432, 0.00188496999908, -0.00215901131742, 0.000138242932735], [-0.00164645456243, 0.00253680860624, -0.00318614323623, 0.00346805877052, -0.00383945880458, 0.00244805123657, -0.00130000454374, 0.00214877468534, -0.00445178011432, 0.0186453945935, -0.00614177109674, 0.00398776726797, 0.00167309003882], [0.00017933435447, -0.00657141255215, 0.00229715718888, -0.00222526863217, 0.00728837726638, -0.00651537626982, 0.000337727280566, -0.00128857721575, 0.00188496999908, -0.00614177109674, 0.0220103692263, -0.00522181624547, 0.00109221239109], [-0.000447056780104, 0.0053843036294, -0.00437304051593, 0.00388321722858, -0.00820659659803, 0.00832694396377, -0.00336230476387, 0.00226924708113, -0.00215901131742, 0.00398776726797, -0.00522181624547, 0.01858538948, -0.00350624974817], [0.000792402599473, -0.00353722926229, 0.00193721824326, -0.0027979046572, 0.00361936865374, -0.00494126603007, 0.00377096235752, -0.00151881796774, 0.000138242932735, 0.00167309003882, 0.00109221239109, -0.00350624974817, 0.0169891361147]]
    },
    "melbands": {
        "dmean": [0.00147016078699, 0.00162770214956, 0.000444871664513, 0.000218922505155, 0.000208231460419, 0.000309607188683, 0.000233412254602, 0.000214271320147, 0.000177665555384, 0.00018422496214, 0.000193202722585, 0.000117849856906, 0.000142586897709, 5.50082295376e-05, 6.81385499774e-05, 5.31706136826e-05, 5.02749207953e-05, 5.55551741854e-05, 3.98490883526e-05, 2.58117088379e-05, 2.18744062295e-05, 1.94755102711e-05, 1.58851726155e-05, 1.35860200317e-05, 5.83416976951e-06, 3.88428861697e-06, 6.07908395978e-06, 4.18094214183e-06, 3.26811004925e-06, 2.40403142016e-06, 1.83831525646e-06, 1.89377340121e-06, 2.78476045423e-06, 2.16316539081e-06, 3.08036806018e-06, 4.16079683419e-06, 4.72082729175e-06, 2.3641948701e-06, 1.51277731675e-06, 8.69831922046e-07],
        "dmean2": [0.00260795536451, 0.00297005940229, 0.00075107475277, 0.000364345090929, 0.00032764786738, 0.000497905595694, 0.000396770483349, 0.000328696565703, 0.000277489132714, 0.000286155787762, 0.000296832324238, 0.000181494790013, 0.000215017571463, 8.58038692968e-05, 0.000108241045382, 8.09460907476e-05, 7.94283187133e-05, 8.72377931955e-05, 6.29691930953e-05, 3.99725176976e-05, 3.48667708749e-05, 3.19411228702e-05, 2.59614043898e-05, 2.15293493966e-05, 9.30045098357e-06, 6.16801753495e-06, 1.00554634628e-05, 6.58248427499e-06, 5.06195237904e-06, 3.7068380152e-06, 2.8377412491e-06, 2.84893621938e-06, 4.30299678555e-06, 3.29428303303e-06, 4.46666581411e-06, 6.10546567259e-06, 6.81162828187e-06, 3.49318929693e-06, 2.21029654313e-06, 1.29501108859e-06],
        "dvar": [9.04866556084e-06, 1.33123439809e-05, 3.47161488889e-07, 7.9402482811e-08, 9.74639746687e-08, 2.31022426078e-07, 9.60007540129e-08, 1.79290935876e-07, 8.38934326453e-08, 6.79978029439e-08, 8.38629929945e-08, 2.69081912307e-08, 4.88644822383e-08, 9.2159373466e-09, 1.56313877397e-08, 7.96764432209e-09, 6.58168630707e-09, 8.81050432611e-09, 8.08771627447e-09, 2.71845257416e-09, 1.55743873353e-09, 7.70189856336e-10, 7.01252667046e-10, 4.03406558158e-10, 5.5528498466e-11, 2.62495528786e-11, 1.08295337975e-10, 5.21161551414e-11, 5.43946797327e-11, 1.71117824771e-11, 9.7938488916e-12, 1.03588266437e-11, 3.10903039424e-11, 2.2936604005e-11, 6.97915406023e-11, 9.67196947532e-11, 9.40190911236e-11, 5.0699642401e-11, 3.08396017057e-11, 1.1712481679e-11],
        "dvar2": [2.6057328796e-05, 3.79911580239e-05, 9.39959193147e-07, 2.0453541083e-07, 2.58142080156e-07, 5.89552826114e-07, 2.73877446944e-07, 4.47356001132e-07, 1.90157976476e-07, 1.74487936988e-07, 1.98910754534e-07, 6.80202063563e-08, 1.01867883018e-07, 1.84045028107e-08, 3.83940275128e-08, 1.7246241768e-08, 1.51435255447e-08, 2.0745362761e-08, 1.97801952595e-08, 6.5388694459e-09, 3.65517260903e-09, 1.94296134737e-09, 1.71158665019e-09, 8.25095769486e-10, 1.31057956154e-10, 6.51588991096e-11, 2.85481360773e-10, 1.28233076935e-10, 1.35743041807e-10, 4.18392022417e-11, 2.28086247805e-11, 2.39024425253e-11, 8.22448983917e-11, 5.0658796602e-11, 1.47156856145e-10, 1.89887397473e-10, 1.85283260956e-10, 1.08920698849e-10, 5.70444282089e-11, 2.4430206122e-11],
        "max": [0.018322231248, 0.0252533294261, 0.00514601357281, 0.00455484446138, 0.00498435460031, 0.00757071468979, 0.00316665694118, 0.00685203168541, 0.00535939168185, 0.0043622921221, 0.00392130482942, 0.00187626841944, 0.00452372385189, 0.00177496136166, 0.00193407037295, 0.00156068103388, 0.00121645862237, 0.00163951516151, 0.00163459265605, 0.000996841234155, 0.000758202688303, 0.000438705232227, 0.000406281644246, 0.000351446506102, 0.000142714285175, 5.79989500693e-05, 0.000140630712849, 0.000103461708932, 0.000130643849843, 7.26856887923e-05, 4.12185872847e-05, 4.71649327665e-05, 0.000114336478873, 7.39253591746e-05, 0.00014059584646, 0.000156637353939, 0.000128223837237, 0.000147103928612, 0.000108922438812, 7.46790683479e-05],
        "mean": [0.00151948677376, 0.00168139056768, 0.000722793629393, 0.000475091161206, 0.000522205897141, 0.000682690471876, 0.000430913234595, 0.000403132347856, 0.000368747219909, 0.000434046698501, 0.000486266217194, 0.000274926045677, 0.000291145028314, 0.00010482675134, 0.000135776863317, 0.000115770395496, 9.74828653852e-05, 9.47916487348e-05, 6.8006789661e-05, 4.53359170933e-05, 4.27468694397e-05, 3.90786444768e-05, 3.605688471e-05, 3.05062931147e-05, 1.39551220855e-05, 8.86167617864e-06, 1.17339341159e-05, 8.14808754512e-06, 5.87222621107e-06, 4.4826570047e-06, 3.49231822838e-06, 3.50164759766e-06, 4.59228749605e-06, 3.56141094926e-06, 4.93920606459e-06, 6.60518617224e-06, 7.22766662875e-06, 3.73272246179e-06, 2.66178221864e-06, 1.45475007685e-06],
        "median": [0.000500878726598, 0.000797615386546, 0.000526922522113, 0.000354608462658, 0.000388532702345, 0.0004419508914, 0.000297190359561, 0.000216532265767, 0.000238614564296, 0.000301124993712, 0.000236910942476, 0.00017665096675, 0.000127195875393, 4.98112749483e-05, 6.3912702899e-05, 5.55900369363e-05, 5.51157536393e-05, 4.63224714622e-05, 3.08575617964e-05, 2.12931645365e-05, 1.72952022695e-05, 2.10603175219e-05, 1.67354410223e-05, 1.73348853423e-05, 9.62785998126e-06, 6.42678787699e-06, 7.15205578672e-06, 4.61247873318e-06, 2.98574104818e-06, 2.1781452233e-06, 1.58458715305e-06, 1.67200778378e-06, 2.32115826293e-06, 1.49184927523e-06, 1.45840181176e-06, 1.59596015692e-06, 1.58400587225e-06, 5.75937576741e-07, 1.93101456603e-07, 1.23233931504e-07],
        "min": [2.60150209215e-05, 2.34485596593e-05, 1.91108501895e-05, 2.19950161409e-05, 1.749560397e-05, 1.12049337986e-05, 1.46126831169e-05, 3.56799341716e-06, 7.49024457036e-06, 3.38172890224e-06, 2.45227442974e-06, 5.47165882381e-06, 1.62120579716e-06, 6.87258534526e-07, 5.71755435885e-07, 5.41722670278e-07, 7.51396726173e-07, 4.29473402619e-07, 1.18637478863e-06, 1.10569942535e-06, 7.95723110514e-07, 1.51411518345e-06, 9.55948507908e-07, 6.62872082557e-07, 3.204729353e-07, 2.86172650021e-07, 5.72571927648e-08, 9.87855486301e-08, 8.56869775134e-08, 3.19055430964e-08, 3.64491548055e-08, 2.6759712668e-08, 2.71875997271e-08, 6.8391092789e-09, 1.67161875453e-08, 2.17026592253e-08, 2.38344828318e-08, 1.21778909179e-09, 2.88863919763e-12, 1.49781445927e-12],
