{
"highlevel": {
    "danceability": {
        "all": {
            "danceable": 0.103531181812,
            "not_danceable": 0.896468818188
        },
        "probability": 0.896468818188,
        "value": "not_danceable"
    },
    "gender": {
        "all": {
            "female": 0.484602212906,
            "male": 0.515397787094
        },
        "probability": 0.515397787094,
        "value": "male"
    },
    "genre_dortmund": {
        "all": {
            "alternative": 0.17691296339,
            "blues": 0.00124591460917,
            "electronic": 0.00957121234387,
            "folkcountry": 0.0158862434328,
            "funksoulrnb": 0.00142473552842,
            "jazz": 0.00110205227975,
            "pop": 0.0341552719474,
            "raphiphop": 0.000327358633513,
            "rock": 0.759374260902
        },
        "probability": 0.759374260902,
        "value": "rock"
    },
    "genre_electronic": {
        "all": {
            "ambient": 0.20515859127,
            "dnb": 0.0921839922667,
            "house": 0.0386475212872,
            "techno": 0.0271693710238,
            "trance": 0.636840522289
        },
        "probability": 0.636840522289,
        "value": "trance"
    },
    "genre_rosamerica": {
        "all": {
            "cla": 1.15075999929e-05,
            "dan": 0.00150741136167,
            "hip": 2.76604259852e-05,
            "jaz": 4.10063948948e-05,
            "pop": 0.0134585965425,
            "rhy": 4.46303456556e-05,
            "roc": 0.984899222851,
            "spe": 9.97571169137e-06
        },
        "probability": 0.984899222851,
        "value": "roc"
    },
    "genre_tzanetakis": {
        "all": {
            "blu": 0.0626541376114,
            "cla": 0.0348133966327,
            "cou": 0.0783501937985,
            "dis": 0.104547761381,
            "hip": 0.15693578124,
            "jaz": 0.313987255096,
            "met": 0.044816005975,
            "pop": 0.0627349764109,
            "reg": 0.0627352520823,
            "roc": 0.0784252434969
        },
        "probability": 0.313987255096,
        "value": "jaz"
    },
    "ismir04_rhythm": {
        "all": {
            "ChaChaCha": 0.107217229903,
            "Jive": 0.357701212168,
            "Quickstep": 0.023968828842,
            "Rumba-American": 0.0110536906868,
            "Rumba-International": 0.0547184273601,
            "Rumba-Misc": 0.0128409191966,
            "Samba": 0.169804513454,
            "Tango": 0.016638584435,
            "VienneseWaltz": 0.231136903167,
            "Waltz": 0.0149197066203
        },
        "probability": 0.357701212168,
        "value": "Jive"
    },
    "mood_acoustic": {
        "all": {
            "acoustic": 1.59950795933e-05,
            "not_acoustic": 0.999984025955
        },
        "probability": 0.999984025955,
        "value": "not_acoustic"
    },
    "mood_aggressive": {
        "all": {
            "aggressive": 0.976218104362,
            "not_aggressive": 0.0237818807364
        },
        "probability": 0.976218104362,
        "value": "aggressive"
    },
    "mood_electronic": {
        "all": {
            "electronic": 0.507164895535,
            "not_electronic": 0.492835074663
        },
        "probability": 0.507164895535,
        "value": "electronic"
    },
    "mood_happy": {
        "all": {
            "happy": 0.992251813412,
            "not_happy": 0.0077481912449
        },
        "probability": 0.992251813412,
        "value": "happy"
    },
    "mood_party": {
        "all": {
            "not_party": 0.644451916218,
            "party": 0.355548083782
        },
        "probability": 0.644451916218,
        "value": "not_party"
    },
    "mood_relaxed": {
        "all": {
            "not_relaxed": 0.905930697918,
            "relaxed": 0.0940692946315
        },
        "probability": 0.905930697918,
        "value": "not_relaxed"
    },
    "mood_sad": {
        "all": {
            "not_sad": 0.867275953293,
            "sad": 0.132724061608
        },
        "probability": 0.867275953293,
        "value": "not_sad"
    },
    "moods_mirex": {
        "all": {
            "Cluster1": 0.586352169514,
            "Cluster2": 0.0717589482665,
            "Cluster3": 0.108812458813,
            "Cluster4": 0.0226753652096,
            "Cluster5": 0.210401028395
        },
        "probability": 0.586352169514,
        "value": "Cluster1"
    },
    "timbre": {
        "all": {
            "bright": 0.91457504034,
            "dark": 0.0854249596596
        },
        "probability": 0.91457504034,
        "value": "bright"
    },
    "tonal_atonal": {
        "all": {
            "atonal": 0.00985864922404,
            "tonal": 0.99014133215
        },
        "probability": 0.99014133215,
        "value": "tonal"
    },
    "voice_instrumental": {
        "all": {
            "instrumental": 0.0011440992821,
            "voice": 0.998855888844
        },
        "probability": 0.998855888844,
        "value": "voice"
    }
},
"lowlevel": {
    "average_loudness": 0.983721911907,
    "barkbands_crest": {
        "dmean": 2.58411955833,
        "dmean2": 4.38246774673,
        "dvar": 7.9076333046,
        "dvar2": 20.8879642487,
        "max": 21.8868503571,
        "mean": 7.31048727036,
        "median": 6.47898197174,
        "min": 2.25271439552,
        "var": 10.1562156677
    },
    "barkbands_flatness_db": {
        "dmean": 0.0170356798917,
        "dmean2": 0.0281793959439,
        "dvar": 0.000380009791115,
        "dvar2": 0.000990259228274,
        "max": 0.207601889968,
        "mean": 0.0912176817656,
        "median": 0.0872071683407,
        "min": 0.0487943962216,
        "var": 0.000493167317472
    },
    "barkbands_kurtosis": {
        "dmean": 1.59344959259,
        "dmean2": 2.71884822845,
        "dvar": 8.18862819672,
        "dvar2": 22.6559181213,
        "max": 22.5825061798,
        "mean": 1.15820646286,
        "median": 0.572784662247,
        "min": -1.68178367615,
        "var": 7.0100979805
    },
    "barkbands_skewness": {
        "dmean": 0.434030860662,
        "dmean2": 0.697255909443,
        "dvar": 0.292791843414,
        "dvar2": 0.764013886452,
        "max": 4.61750221252,
        "mean": 1.15072095394,
        "median": 1.08543992043,
        "min": -0.397182047367,
        "var": 0.472602903843
    },
    "barkbands_spread": {
        "dmean": 6.11681556702,
        "dmean2": 9.6255273819,
        "dvar": 36.4480361938,
        "dvar2": 89.5070953369,
        "max": 83.8376235962,
        "mean": 33.3943252563,
        "median": 32.7487220764,
        "min": 9.26379108429,
        "var": 100.845939636
    },
    "dissonance": {
        "dmean": 0.012212860398,
        "dmean2": 0.0208528973162,
        "dvar": 0.000122755678603,
        "dvar2": 0.000361061887816,
        "max": 0.499556422234,
        "mean": 0.478460103273,
        "median": 0.480716019869,
        "min": 0.418856799603,
        "var": 0.000177657944732
    },
    "dynamic_complexity": 0.796943902969,
    "erbbands_crest": {
        "dmean": 2.31140208244,
        "dmean2": 3.68560695648,
        "dvar": 5.0975985527,
        "dvar2": 12.239613533,
        "max": 23.2031211853,
        "mean": 7.25794172287,
        "median": 6.26112556458,
        "min": 2.46020436287,
        "var": 13.6280660629
    },
    "erbbands_flatness_db": {
        "dmean": 0.0113396802917,
        "dmean2": 0.0176450945437,
        "dvar": 0.000100268618553,
        "dvar2": 0.000241456684307,
        "max": 0.190902963281,
        "mean": 0.106820091605,
        "median": 0.10451862216,
        "min": 0.0560850277543,
        "var": 0.000358568853699
    },
    "erbbands_kurtosis": {
        "dmean": 0.530447602272,
        "dmean2": 0.858844101429,
        "dvar": 0.320112854242,
        "dvar2": 0.809789299965,
        "max": 6.58131313324,
        "mean": -0.0219571236521,
        "median": -0.316343784332,
        "min": -1.40296900272,
        "var": 0.99056583643
    },
    "erbbands_skewness": {
        "dmean": 0.260947674513,
        "dmean2": 0.395415067673,
        "dvar": 0.0449833013117,
        "dvar2": 0.11208768189,
        "max": 1.95799195766,
        "mean": 0.209997966886,
        "median": 0.184001728892,
        "min": -1.37216722965,
        "var": 0.200377598405
    },
    "erbbands_spread": {
        "dmean": 7.3265171051,
        "dmean2": 11.3455915451,
        "dvar": 40.7165641785,
        "dvar2": 101.661346436,
        "max": 99.1009902954,
        "mean": 44.6354675293,
        "median": 44.4867897034,
        "min": 10.9987850189,
        "var": 187.882232666
    },
    "hfc": {
        "dmean": 7.10028886795,
        "dmean2": 11.3491888046,
        "dvar": 51.6410713196,
        "dvar2": 133.769500732,
        "max": 116.792480469,
        "mean": 48.1631889343,
        "median": 45.8480911255,
        "min": 15.7263288498,
        "var": 189.77255249
    },
    "melbands_crest": {
        "dmean": 3.12641692162,
        "dmean2": 5.15212392807,
        "dvar": 9.93832302094,
        "dvar2": 24.770690918,
        "max": 24.8287906647,
        "mean": 11.5131025314,
        "median": 10.5769519806,
        "min": 4.83808898926,
        "var": 16.5004692078
    },
    "melbands_flatness_db": {
        "dmean": 0.022413302213,
        "dmean2": 0.035705152899,
        "dvar": 0.000762930780184,
        "dvar2": 0.00193772104103,
        "max": 0.282035380602,
        "mean": 0.132262885571,
        "median": 0.127007052302,
        "min": 0.050255510956,
        "var": 0.00110015785322
    },
    "melbands_kurtosis": {
        "dmean": 5.41345310211,
        "dmean2": 9.25095081329,
        "dvar": 104.669296265,
        "dvar2": 286.976928711,
        "max": 100.192558289,
        "mean": 7.80962181091,
        "median": 5.5440530777,
        "min": -1.0570782423,
        "var": 90.6002120972
    },
    "melbands_skewness": {
        "dmean": 0.703522562981,
        "dmean2": 1.13184535503,
        "dvar": 0.828084826469,
        "dvar2": 2.14759850502,
        "max": 8.72800064087,
        "mean": 2.24285531044,
        "median": 2.11896348,
        "min": -0.325066655874,
        "var": 1.29198431969
    },
    "melbands_spread": {
        "dmean": 7.564057827,
        "dmean2": 11.8072566986,
        "dvar": 56.1078453064,
        "dvar2": 133.891174316,
        "max": 95.3131790161,
        "mean": 32.3832893372,
        "median": 31.0480155945,
        "min": 4.52845668793,
        "var": 160.718383789
    },
    "pitch_salience": {
        "dmean": 0.0725426673889,
        "dmean2": 0.121610216796,
        "dvar": 0.00515023479238,
        "dvar2": 0.0151528511196,
        "max": 0.857813358307,
        "mean": 0.592223823071,
        "median": 0.598863661289,
        "min": 0.252822220325,
        "var": 0.0071718711406
    },
    "silence_rate_20dB": {
        "dmean": 0,
        "dmean2": 0,
        "dvar": 0,
        "dvar2": 0,
        "max": 1,
        "mean": 1,
        "median": 1,
        "min": 1,
        "var": 0
    },
    "silence_rate_30dB": {
        "dmean": 0,
        "dmean2": 0,
        "dvar": 0,
        "dvar2": 0,
        "max": 1,
        "mean": 1,
        "median": 1,
        "min": 1,
        "var": 0
    },
    "silence_rate_60dB": {
        "dmean": 0,
        "dmean2": 0,
        "dvar": 0,
        "dvar2": 0,
        "max": 0,
        "mean": 0,
        "median": 0,
        "min": 0,
        "var": 0
    },
    "spectral_centroid": {
        "dmean": 210.855316162,
        "dmean2": 342.679290771,
        "dvar": 32984.7773438,
        "dvar2": 83723.4375,
        "max": 2980.38378906,
        "mean": 1601.89624023,
        "median": 1593.88171387,
        "min": 702.361694336,
        "var": 106507.523438
    },
    "spectral_complexity": {
        "dmean": 4.09133148193,
        "dmean2": 6.85670042038,
        "dvar": 10.6511163712,
        "dvar2": 30.8230381012,
        "max": 52,
        "mean": 36.6094360352,
        "median": 36,
        "min": 15,
        "var": 22.7808609009
    },
    "spectral_decrease": {
        "dmean": 3.30538707516e-09,
        "dmean2": 5.49786927095e-09,
        "dvar": 2.25862890485e-17,
        "dvar2": 5.80891158586e-17,
        "max": -3.30614424726e-09,
        "mean": -1.1018453705e-08,
        "median": -9.76274971975e-09,
        "min": -3.35061152157e-08,
        "var": 2.31311032871e-17
    },
    "spectral_energy": {
        "dmean": 0.0126451821998,
        "dmean2": 0.0210635624826,
        "dvar": 0.000321341154631,
        "dvar2": 0.000826944771688,
        "max": 0.130760639906,
        "mean": 0.0459547862411,
        "median": 0.0413354225457,
        "min": 0.016055252403,
        "var": 0.000332452560542
    },
    "spectral_energyband_high": {
        "dmean": 0.000525956857018,
        "dmean2": 0.000807050208095,
        "dvar": 4.47474491239e-07,
        "dvar2": 8.89778618784e-07,
        "max": 0.0119054568931,
        "mean": 0.00259987520985,
        "median": 0.00231918389909,
        "min": 0.000737635011319,
        "var": 1.80067729616e-06
    },
    "spectral_energyband_low": {
        "dmean": 0.010355562903,
        "dmean2": 0.0174971763045,
        "dvar": 0.000369501387468,
        "dvar2": 0.000970844703261,
        "max": 0.108093239367,
        "mean": 0.014905275777,
        "median": 0.0100217629224,
        "min": 0.000935466145165,
        "var": 0.000308859831421
    },
    "spectral_energyband_middle_high": {
        "dmean": 0.0031800030265,
        "dmean2": 0.00496960151941,
        "dvar": 1.03754437077e-05,
        "dvar2": 2.48901415034e-05,
        "max": 0.0418558120728,
        "mean": 0.012016591616,
        "median": 0.00994773861021,
        "min": 0.00244558067061,
        "var": 4.65225566586e-05
    },
    "spectral_energyband_middle_low": {
        "dmean": 0.00652771163732,
        "dmean2": 0.0110767474398,
        "dvar": 6.20209248154e-05,
        "dvar2": 0.000175498280441,
        "max": 0.0738853514194,
        "mean": 0.0189098510891,
        "median": 0.0171358156949,
        "min": 0.00259466329589,
        "var": 8.49231510074e-05
    },
    "spectral_entropy": {
        "dmean": 0.0772219672799,
        "dmean2": 0.123405344784,
        "dvar": 0.00474083330482,
        "dvar2": 0.0111568998545,
        "max": 8.62372970581,
        "mean": 8.01073455811,
        "median": 8.00544452667,
        "min": 7.61756896973,
        "var": 0.0199173074216
    },
    "spectral_flux": {
        "dmean": 0.0300498604774,
        "dmean2": 0.0445469915867,
        "dvar": 0.00129732000642,
        "dvar2": 0.00197240291163,
        "max": 0.299479842186,
        "mean": 0.120867632329,
        "median": 0.104158140719,
        "min": 0.0560488402843,
        "var": 0.00259654317051
    },
    "spectral_kurtosis": {
        "dmean": 0.516929090023,
        "dmean2": 0.836767137051,
        "dvar": 0.222575426102,
        "dvar2": 0.517197787762,
        "max": 8.20442008972,
        "mean": 2.9718708992,
        "median": 2.92985916138,
        "min": -0.124754667282,
        "var": 0.981086552143
    },
    "spectral_rms": {
        "dmean": 0.000838858541101,
        "dmean2": 0.00137243536301,
        "dvar": 1.10400071662e-06,
        "dvar2": 2.76755463346e-06,
        "max": 0.0112947495654,
        "mean": 0.00659278873354,
        "median": 0.00635037338361,
        "min": 0.00395773444325,
        "var": 1.36902838221e-06
    },
    "spectral_rolloff": {
        "dmean": 584.913391113,
        "dmean2": 931.214538574,
        "dvar": 562796.4375,
        "dvar2": 1219281.75,
        "max": 9388.4765625,
        "mean": 1952.12585449,
        "median": 1830.32226562,
        "min": 107.666015625,
        "var": 1385524.25
    },
    "spectral_skewness": {
        "dmean": 0.099700242281,
        "dmean2": 0.160247281194,
        "dvar": 0.00818839855492,
        "dvar2": 0.0177856069058,
        "max": 2.48905682564,
        "mean": 1.4461517334,
        "median": 1.4440125227,
        "min": 0.734702169895,
        "var": 0.0447131469846
    },
    "spectral_spread": {
        "dmean": 393253.65625,
        "dmean2": 613776.875,
        "dvar": 172850315264,
        "dvar2": 369253711872,
        "max": 11169388,
        "mean": 5743901.5,
        "median": 5630269.5,
        "min": 4173830,
        "var": 559097774080
    },
    "spectral_strongpeak": {
        "dmean": 0.8566172719,
        "dmean2": 1.47718679905,
        "dvar": 1.63063645363,
        "dvar2": 3.81831479073,
        "max": 10.0037384033,
        "mean": 1.33368122578,
        "median": 0.630187630653,
        "min": 0.0535473264754,
        "var": 2.62409281731
    },
    "zerocrossingrate": {
        "dmean": 0.0113990241662,
        "dmean2": 0.0140693839639,
        "dvar": 0.000112296744192,
        "dvar2": 0.000156879090355,
        "max": 0.23583984375,
        "mean": 0.0910072401166,
        "median": 0.0888671875,
        "min": 0.02783203125,
        "var": 0.000620566366706
    },
    "barkbands": {
        "dmean": [0.000234375504078, 0.00694902334362, 0.0043226685375, 0.00211230362765, 0.00324816629291, 0.00128338614013, 0.00108256842941, 0.00167637749109, 0.00132836273406, 0.0014540135162, 0.000527127529494, 0.000683752179611, 0.000818863918539, 0.000624880776741, 0.000625367916655, 0.000524266040884, 0.000501669244841, 0.000355264899554, 0.000213954233914, 0.000178567628609, 0.00014633453975, 0.000147590253619, 0.00013385269267, 0.000134190617246, 0.000136333634146, 9.75005605142e-05, 4.23085833035e-09],
        "dmean2": [0.00033210311085, 0.012083302252, 0.00772661622614, 0.0037703178823, 0.00574629288167, 0.0021716163028, 0.0017353319563, 0.00262948847376, 0.00202254508622, 0.00219015683979, 0.000843184650876, 0.00111647497397, 0.00129309343174, 0.00101041700691, 0.00103060319088, 0.000861634558532, 0.000850690994412, 0.000603493594099, 0.00036770189763, 0.000311282550683, 0.000247537507676, 0.000241759655182, 0.000217553169932, 0.000208881174331, 0.000209500882193, 0.000154561945237, 5.9677147668e-09],
        "dvar": [1.0676738782e-07, 0.000209267484024, 6.12739095232e-05, 8.61518583406e-06, 2.23711958824e-05, 3.02999455926e-06, 3.26124632011e-06, 5.97548478254e-06, 6.54609675621e-06, 6.19276306679e-06, 9.23592210711e-07, 1.98037969312e-06, 2.14668853005e-06, 1.01924865703e-06, 1.1896693195e-06, 4.56278627325e-07, 2.95988542121e-07, 1.13175595118e-07, 3.72965018869e-08, 3.69643267106e-08, 2.22937721617e-08, 2.47911255968e-08, 2.61595491935e-08, 4.61913174377e-08, 6.04883467759e-08, 1.26501324971e-08, 4.32602765459e-15],
        "dvar2": [1.95265400293e-07, 0.00055689754663, 0.000173061722307, 2.46245435847e-05, 6.37838384137e-05, 8.35756418383e-06, 7.79167748988e-06, 1.37036004162e-05, 1.51541144078e-05, 1.41128521136e-05, 1.9397136839e-06, 4.31549233326e-06, 4.95617541674e-06, 2.37769563682e-06, 2.98772351925e-06, 1.15813406865e-06, 7.85349129728e-07, 3.18735288829e-07, 1.06065492389e-07, 1.07952658368e-07, 6.08947132719e-08, 5.81391006449e-08, 5.97591451879e-08, 9.73379670199e-08, 1.36217252589e-07, 2.88598940301e-08, 4.32231383863e-15],
        "max": [0.00296690617688, 0.0810237452388, 0.0524428486824, 0.0323512963951, 0.0505706444383, 0.0160757843405, 0.023458018899, 0.0255450736731, 0.0316225364804, 0.0354698821902, 0.0198354627937, 0.0206944234669, 0.0255267992616, 0.0214037392288, 0.016611918807, 0.00965529028326, 0.00791394803673, 0.00317273591645, 0.00191615393851, 0.00230845762417, 0.00175467226654, 0.0030965609476, 0.00257503357716, 0.00451101968065, 0.0050606187433, 0.00131701456849, 2.32414322454e-06],
        "mean": [0.000382433325285, 0.00659820064902, 0.00579088693485, 0.00404664315283, 0.00538668874651, 0.00206749350764, 0.00177734170575, 0.00272555788979, 0.00229008169845, 0.0026434357278, 0.00105496169999, 0.00125205982476, 0.00143941503484, 0.00104718399234, 0.00113929843064, 0.00104203121737, 0.0011176239932, 0.000816601968836, 0.000510718848091, 0.000444213859737, 0.000429328239989, 0.000424609112088, 0.000401847646572, 0.000434457469964, 0.000406209379435, 0.00028543319786, 3.86679710473e-09],
        "median": [0.000130714586703, 0.00263517582789, 0.00398165872321, 0.00351030984893, 0.00391832366586, 0.00136575323995, 0.00094072369393, 0.00150833686348, 0.00128016783856, 0.00107361667324, 0.000480154092656, 0.000650186673738, 0.000632885552477, 0.000681057805195, 0.000569445779547, 0.000742808915675, 0.000907255569473, 0.000700311677065, 0.000468705373351, 0.000390468892874, 0.000367176689906, 0.000354357674951, 0.000345510372426, 0.000359413475962, 0.00032347929664, 0.000241935384111, 8.87496354185e-10],
        "min": [8.20103949195e-08, 0.000134803151013, 2.9874016036e-05, 1.78605259862e-05, 8.34766469779e-05, 2.99759794871e-05, 4.1785351641e-05, 3.149656186e-05, 3.52935276169e-05, 3.99471355195e-05, 2.56918174273e-05, 6.18884005235e-05, 3.93577174691e-05, 9.21656028368e-05, 7.98137843958e-05, 0.000125696795294, 0.000112156296382, 0.000139192910865, 9.64335049503e-05, 9.92568093352e-05, 6.81103774696e-05, 7.2367140092e-05, 7.47996746213e-05, 8.91329327715e-05, 5.29017379449e-05, 2.1752430257e-05, 1.15039974075e-11],
        "var": [2.44045850195e-07, 0.000155175497639, 4.68130456284e-05, 1.14406730063e-05, 2.48763935815e-05, 4.23157644036e-06, 6.70272584102e-06, 1.16691044241e-05, 1.04642977021e-05, 1.87428795471e-05, 4.07670268032e-06, 5.02423290527e-06, 6.19283400738e-06, 1.97232793653e-06, 3.02334092339e-06, 1.05081153379e-06, 6.25458540071e-07, 1.94284979216e-07, 6.14511890262e-08, 5.80804879746e-08, 5.66247955192e-08, 7.85464848718e-08, 7.66753771586e-08, 1.3100556373e-07, 1.3937861354e-07, 3.57720679744e-08, 4.33597605655e-15]
    },
    "erbbands": {
        "dmean": [0.198904380202, 1.64990723133, 4.67868423462, 5.72542333603, 9.85144615173, 10.4933891296, 12.4707460403, 11.6699838638, 14.4795131683, 22.9382648468, 31.0192375183, 30.7865829468, 43.4836158752, 26.0102653503, 24.0468788147, 21.751083374, 36.9551544189, 23.2646389008, 35.7763290405, 26.8572559357, 29.0201816559, 28.633266449, 20.9991359711, 11.3607406616, 9.73896980286, 7.96539640427, 6.43872880936, 5.82627630234, 5.6171503067, 4.74777364731, 3.7013657093, 2.91281962395, 2.44609570503, 1.80632925034, 0.981000781059, 0.437986820936, 0.235589772463, 0.0241367667913, 0.000385648396332, 2.18760887947e-05],
        "dmean2": [0.336253464222, 2.94562888145, 8.46558380127, 10.1736021042, 17.3587913513, 18.6666278839, 21.3946456909, 19.2398490906, 22.694026947, 37.2265892029, 48.5517044067, 47.04662323, 66.0822296143, 40.1794319153, 37.8634376526, 35.5448074341, 57.8846702576, 37.2445144653, 58.737739563, 44.320892334, 47.5716819763, 48.8223762512, 35.5379104614, 19.5506496429, 16.8134326935, 13.7441997528, 10.9745664597, 9.6962480545, 9.24569034576, 7.77464914322, 5.91981887817, 4.56739330292, 3.88132619858, 2.83480072021, 1.54077398777, 0.710649311543, 0.377481013536, 0.0402853414416, 0.000632940384094, 3.44009495166e-05],
        "dvar": [0.142395690084, 13.0913105011, 87.1898422241, 74.0307159424, 193.011154175, 302.200286865, 368.900726318, 252.258895874, 553.270263672, 1485.94018555, 2109.23974609, 4167.79736328, 4999.65478516, 1559.55786133, 1864.71716309, 1956.69775391, 4161.83007812, 1330.52087402, 3659.69189453, 2140.31469727, 1524.67224121, 1017.27960205, 495.752655029, 115.708190918, 100.032730103, 69.6103363037, 52.8156433105, 33.341003418, 37.9630584717, 25.2685413361, 21.3747406006, 26.1534137726, 11.7848672867, 13.8954772949, 1.63210594654, 0.210725337267, 0.0858115777373, 0.000828883145005, 2.16586940383e-07, 6.17141004966e-10],
        "dvar2": [0.371705293655, 35.6235160828, 245.889282227, 213.882644653, 541.496459961, 867.409484863, 1064.30480957, 669.531982422, 1199.83520508, 3739.44702148, 4761.43847656, 9576.88183594, 11675.7695312, 3236.86987305, 3948.37963867, 4816.69873047, 9269.18847656, 3219.11083984, 8933.35351562, 5693.51806641, 3818.92138672, 2710.92480469, 1367.73852539, 331.377746582, 287.204071045, 202.549743652, 150.953063965, 86.4300842285, 92.1362228394, 63.8870544434, 44.3862571716, 55.562915802, 25.6317920685, 32.0487327576, 3.57317566872, 0.502728641033, 0.195374920964, 0.00202595023438, 5.14964995091e-07, 1.50949741595e-09],
        "max": [2.26638245583, 18.5552043915, 60.9471817017, 81.8728103638, 136.147399902, 177.649612427, 214.178665161, 163.5675354, 330.06842041, 643.288757324, 514.070617676, 956.070495605, 901.80065918, 808.762939453, 769.102172852, 637.778137207, 1143.39868164, 450.173248291, 1074.08703613, 761.861572266, 595.448730469, 517.823364258, 326.567352295, 145.666519165, 112.778800964, 121.540153503, 75.8973388672, 85.2023849487, 104.469459534, 78.4512329102, 84.8658370972, 125.269187927, 67.1087493896, 77.7455596924, 20.2960033417, 5.91031503677, 3.50447583199, 0.30807825923, 0.00536067876965, 0.000286318652797],
        "mean": [0.192256629467, 1.50901401043, 5.79916667938, 11.3465051651, 16.9691886902, 14.9745426178, 17.9740505219, 19.7993087769, 26.3802757263, 35.4468955994, 54.1228179932, 54.4207763672, 84.3510818481, 53.2576446533, 47.8515014648, 44.000743866, 68.9312362671, 46.9523391724, 67.1233062744, 54.3517456055, 62.6597366333, 66.2169952393, 50.3174743652, 29.6584186554, 24.1124286652, 20.4062652588, 17.5486106873, 17.2735118866, 15.5540723801, 13.4862766266, 10.9524669647, 8.92390060425, 7.18680143356, 4.775785923, 2.80571460724, 1.27830147743, 0.577375352383, 0.0452117435634, 0.000868702249136, 0.000100654418929],
        "median": [0.0711388289928, 0.628807544708, 3.46026015282, 8.7576789856, 10.7744789124, 9.70988845825, 11.8131875992, 11.9969158173, 14.3300695419, 22.2905349731, 33.0246124268, 29.2990932465, 41.4070930481, 30.887670517, 26.9186954498, 24.9644851685, 29.4925384521, 31.5300598145, 41.0326805115, 34.1120452881, 45.1023674011, 53.3807830811, 42.7138366699, 26.8502578735, 21.7865085602, 18.1351356506, 14.9193382263, 14.703909874, 12.6540956497, 11.5011043549, 9.16535186768, 7.22430801392, 6.04302072525, 3.65676617622, 2.21815729141, 1.09535336494, 0.465526252985, 0.0338035263121, 0.00069682917092, 9.324959683e-05],
        "min": [0.00224675680511, 0.0374336354434, 0.113907299936, 0.293474316597, 0.239975124598, 0.243552163243, 0.424955070019, 0.584738314152, 0.541688263416, 1.13770020008, 1.69295144081, 3.67617940903, 2.91752576828, 2.52193522453, 3.78791284561, 3.19853520393, 3.3676571846, 5.63302659988, 4.64433717728, 6.89836359024, 9.30156135559, 5.76402139664, 9.11496067047, 7.32851219177, 5.53264474869, 4.98225641251, 3.42630267143, 3.14748311043, 2.05040812492, 2.3447034359, 1.85916745663, 1.61193335056, 1.20992290974, 0.544872581959, 0.415369927883, 0.0959216505289, 0.0257992912084, 0.00112552393693, 7.00277669239e-05, 3.57958779205e-05],
        "var": [0.119967021048, 8.8066034317, 59.4322776794, 85.9828948975, 284.829742432, 279.427093506, 428.501312256, 465.603393555, 1687.51135254, 1825.79675293, 4096.96191406, 6519.82226562, 15323.1201172, 5279.19580078, 6394.98632812, 5061.74853516, 13104.5380859, 2651.26074219, 8739.98339844, 4487.20556641, 3586.26806641, 2131.87426758, 812.675964355, 193.886871338, 143.9115448, 118.38747406, 102.088127136, 101.791473389, 110.126289368, 73.3137435913, 68.4374542236, 66.2027130127, 33.8370742798, 28.0774974823, 4.62505578995, 0.613983333111, 0.193477392197, 0.0015500637237, 4.45745087063e-07, 1.38302713726e-09]
    },
    "gfcc": {
        "mean": [96.7472381592, 58.0773582458, -107.694023132, 30.1257076263, -57.9634857178, 22.6877174377, -45.708530426, 19.3450775146, -28.8739814758, 5.11939334869, -28.4795894623, 3.74287056923, -18.4552059174],
        "cov": [[139.324371338, -37.7239189148, 4.83104228973, -46.476600647, 7.77071285248, -0.939869046211, 13.5579118729, -4.41761112213, -19.822347641, 17.5260276794, -8.42294406891, 4.68556833267, -7.23697376251], [-37.7239189148, 172.280548096, 24.1705379486, 33.6407470703, 4.52986240387, -28.0817260742, 7.09296560287, -7.85730266571, 5.2604842186, -6.54891633987, 25.4970226288, -7.59546375275, 3.11221003532], [4.83104228973, 24.1705379486, 138.00831604, 57.4482574463, 14.1664447784, -11.6528806686, 2.55872058868, 2.92773962021, 9.54728031158, 8.53953170776, 2.59346556664, 8.36093044281, 7.27189016342], [-46.476600647, 33.6407470703, 57.4482574463, 146.388183594, 8.6395483017, 4.73385906219, -14.008562088, 0.057201333344, 36.1935806274, -0.529729008675, 8.77296161652, -9.08430576324, 24.8727626801], [7.77071285248, 4.52986240387, 14.1664447784, 8.6395483017, 141.870071411, 34.6438522339, 24.8801727295, 21.213010788, 7.29880332947, 19.106880188, -7.64756202698, 5.95568037033, -4.72258853912], [-0.939869046211, -28.0817260742, -11.6528806686, 4.73385906219, 34.6438522339, 81.5098495483, 53.014881134, 21.7230892181, -0.645011782646, 3.72222661972, 7.32304859161, 2.33594608307, -0.228989809752], [13.5579118729, 7.09296560287, 2.55872058868, -14.008562088, 24.8801727295, 53.014881134, 107.479454041, 39.2174034119, -9.04222106934, 1.236317873, 7.03529930115, 7.91267108917, -8.34244918823], [-4.41761112213, -7.85730266571, 2.92773962021, 0.057201333344, 21.213010788, 21.7230892181, 39.2174034119, 52.9667434692, 22.8410434723, 8.05336380005, -1.87902712822, 0.925659060478, 4.44616603851], [-19.822347641, 5.2604842186, 9.54728031158, 36.1935806274, 7.29880332947, -0.645011782646, -9.04222106934, 22.8410434723, 60.9247703552, 25.6627388, 3.17445254326, -3.96137857437, 9.10157775879], [17.5260276794, -6.54891633987, 8.53953170776, -0.529729008675, 19.106880188, 3.72222661972, 1.236317873, 8.05336380005, 25.6627388, 47.0975608826, 16.1048488617, 2.89752197266, -2.96990203857], [-8.42294406891, 25.4970226288, 2.59346556664, 8.77296161652, -7.64756202698, 7.32304859161, 7.03529930115, -1.87902712822, 3.17445254326, 16.1048488617, 39.3086967468, 13.5262889862, 0.421498298645], [4.68556833267, -7.59546375275, 8.36093044281, -9.08430576324, 5.95568037033, 2.33594608307, 7.91267108917, 0.925659060478, -3.96137857437, 2.89752197266, 13.5262889862, 38.2128410339, 15.6519403458], [-7.23697376251, 3.11221003532, 7.27189016342, 24.8727626801, -4.72258853912, -0.228989809752, -8.34244918823, 4.44616603851, 9.10157775879, -2.96990203857, 0.421498298645, 15.6519403458, 43.6731147766]],
        "icov": [[0.0103477407247, 0.00154906907119, -0.0012505792547, 0.00213500461541, 8.12960788608e-05, 0.00146546971519, -0.00250247353688, 0.00190453126561, 0.00438973493874, -0.007583363913, 0.00364840240218, 0.000648342072964, -0.00175692001358], [0.00154906907119, 0.011708855629, -0.00180307077244, 0.00175580079667, -0.00476009212434, 0.00945089757442, -0.00725958030671, 0.00602745916694, -0.0052530108951, 0.00889344047755, -0.0156493298709, 0.0112122427672, -0.0059107565321], [-0.0012505792547, -0.00180307077244, 0.0106398751959, -0.0065358094871, 0.000614433840383, 0.00173738680314, -3.07374612021e-05, -0.00275230989791, 0.00379095342942, -0.00496152834967, 0.00534247839823, -0.00675657717511, 0.00346428016201], [0.00213500461541, 0.00175580079667, -0.0065358094871, 0.015748731792, -0.00324463262223, -0.000487547978992, -0.00211043958552, 0.00774854840711, -0.0117547595873, 0.00951572693884, -0.0105488281697, 0.012068704702, -0.0103243654594], [8.12960788608e-05, -0.00476009212434, 0.000614433840383, -0.00324463262223, 0.0120580848306, -0.00797122530639, 0.0041976487264, -0.0061663412489, 0.00612782826647, -0.0113077824935, 0.0140876378864, -0.0100045902655, 0.00619352050126], [0.00146546971519, 0.00945089757442, 0.00173738680314, -0.000487547978992, -0.00797122530639, 0.0290171094239, -0.0158544406295, 0.00470411870629, -0.0035235255491, 0.00733567355201, -0.0164174269885, 0.0118010221049, -0.00749725522473], [-0.00250247353688, -0.00725958030671, -3.07374612021e-05, -0.00211043958552, 0.0041976487264, -0.0158544406295, 0.0262968260795, -0.0204690452665, 0.0115801477805, -0.00539326900616, 0.00787998735905, -0.0115739526227, 0.0100794108585], [0.00190453126561, 0.00602745916694, -0.00275230989791, 0.00774854840711, -0.0061663412489, 0.00470411870629, -0.0204690452665, 0.045456957072, -0.0249145776033, 0.0102403378114, -0.00713142147288, 0.0109834130853, -0.0112273907289], [0.00438973493874, -0.0052530108951, 0.00379095342942, -0.0117547595873, 0.00612782826647, -0.0035235255491, 0.0115801477805, -0.0249145776033, 0.0465262569487, -0.0320275314152, 0.0174006577581, -0.00803930219263, 0.00339686498046], [-0.007583363913, 0.00889344047755, -0.00496152834967, 0.00951572693884, -0.0113077824935, 0.00733567355201, -0.00539326900616, 0.0102403378114, -0.0320275314152, 0.0578146390617, -0.037752661854, 0.0156863164157, -0.00439196592197], [0.00364840240218, -0.0156493298709, 0.00534247839823, -0.0105488281697, 0.0140876378864, -0.0164174269885, 0.00787998735905, -0.00713142147288, 0.0174006577581, -0.037752661854, 0.0688402727246, -0.0364286638796, 0.0167041122913], [0.000648342072964, 0.0112122427672, -0.00675657717511, 0.012068704702, -0.0100045902655, 0.0118010221049, -0.0115739526227, 0.0109834130853, -0.00803930219263, 0.0156863164157, -0.0364286638796, 0.0582018010318, -0.0285540781915], [-0.00175692001358, -0.0059107565321, 0.00346428016201, -0.0103243654594, 0.00619352050126, -0.00749725522473, 0.0100794108585, -0.0112273907289, 0.00339686498046, -0.00439196592197, 0.0167041122913, -0.0285540781915, 0.0410950370133]]
    },
    "melbands": {
        "dmean": [0.00183167145588, 0.00231546163559, 0.00105720350984, 0.000717473856639, 0.000449570332421, 0.000253880716627, 0.000213975232327, 0.000298419792671, 0.000224350471399, 0.00021013947844, 0.000231320693274, 0.000129492938868, 7.0374837378e-05, 8.01948262961e-05, 6.80332013872e-05, 9.19682861422e-05, 4.35041656601e-05, 6.80664234096e-05, 4.58206341136e-05, 3.62201571988e-05, 3.55376359948e-05, 3.46535889548e-05, 2.50870798482e-05, 1.50322384798e-05, 1.01978839666e-05, 8.56513725012e-06, 7.94976403995e-06, 5.45442844668e-06, 4.73105683341e-06, 4.09431549997e-06, 3.55503016181e-06, 3.65487153431e-06, 3.00674628306e-06, 3.01659497381e-06, 2.46933836934e-06, 2.20492120206e-06, 2.03982358471e-06, 1.96898326976e-06, 1.76136927621e-06, 1.69563543295e-06],
        "dmean2": [0.00316929607652, 0.00413025729358, 0.00187832047231, 0.00126779126003, 0.000778114597779, 0.000417136616306, 0.000339099788107, 0.000474571017548, 0.000353478128091, 0.000319152546581, 0.000351434777258, 0.00019828119548, 0.000112197099952, 0.000130981221446, 0.000111300192657, 0.000142344128108, 7.00804812368e-05, 0.000112136527605, 7.59247341193e-05, 6.06671565038e-05, 5.84339104535e-05, 5.91461212025e-05, 4.2869036406e-05, 2.56530529441e-05, 1.75547811523e-05, 1.47790487972e-05, 1.38265131682e-05, 9.39706205827e-06, 8.09944594948e-06, 6.9947150223e-06, 5.90784293308e-06, 6.115479664e-06, 4.94374671689e-06, 5.03481987835e-06, 4.01924035032e-06, 3.57768476533e-06, 3.28678629558e-06, 3.19665105053e-06, 2.84182374344e-06, 2.69610359283e-06],
        "dvar": [1.37180659294e-05, 2.24133600568e-05, 2.10963708014e-06, 1.23297172649e-06, 4.97409530453e-07, 1.13806315483e-07, 1.15964660097e-07, 2.08344118846e-07, 1.20801516346e-07, 1.88010290003e-07, 1.42261455949e-07, 4.00858048977e-08, 1.53543684434e-08, 2.16051798674e-08, 2.95000823769e-08, 3.20153539235e-08, 5.41838396373e-09, 1.35197693041e-08, 6.41659214651e-09, 2.62276222962e-09, 2.21816276458e-09, 1.482417189e-09, 9.64610835652e-10, 2.18458834356e-10, 9.89144807728e-11, 7.05476302376e-11, 7.86863352253e-11, 2.9231377735e-11, 2.94485859309e-11, 1.69575985198e-11, 1.33181790249e-11, 1.70713356645e-11, 1.21222918856e-11, 1.04571958731e-11, 9.06610203577e-12, 8.63991517219e-12, 1.45931062373e-11, 5.50707483088e-12, 1.31171670747e-11, 1.08680764041e-11],
        "dvar2": [3.61014463124e-05, 6.21866056463e-05, 6.10374445387e-06, 3.52015126737e-06, 1.45368085214e-06, 3.06512532688e-07, 2.62454818767e-07, 5.03760190895e-07, 2.75280712003e-07, 4.21507991177e-07, 3.32403431003e-07, 8.55513917486e-08, 3.19256301395e-08, 4.85547211326e-08, 7.30012033046e-08, 7.06088130187e-08, 1.26967405478e-08, 3.25342206509e-08, 1.61031081802e-08, 6.59220367183e-09, 5.55377743794e-09, 3.97717148104e-09, 2.61521737599e-09, 6.17480067078e-10, 2.83418843949e-10, 2.01292343904e-10, 2.26454646701e-10, 8.42175912341e-11, 8.30167462551e-11, 4.65176647202e-11, 3.44514937411e-11, 4.3858958132e-11, 2.98129229637e-11, 2.82506431443e-11, 2.06916307005e-11, 1.83320650327e-11, 3.44817473186e-11, 1.3009465033e-11, 3.03295964732e-11, 2.5037770468e-11],
        "max": [0.0220752730966, 0.0288006737828, 0.0127863334492, 0.012703330256, 0.00804126635194, 0.00320092285983, 0.00432567624375, 0.00623711990193, 0.00460711447522, 0.00613153539598, 0.0049346908927, 0.00301161454991, 0.00239522033371, 0.00253805099055, 0.00265249074437, 0.00351083092391, 0.00101533520501, 0.00198873574845, 0.00112077407539, 0.000980542739853, 0.000699897413142, 0.000595097546466, 0.000709973217454, 0.000164661658346, 0.000126171958982, 7.6099888247e-05, 9.74953873083e-05, 6.76023191772e-05, 7.19459858374e-05, 4.67399222543e-05, 5.54695070605e-05, 5.91321440879e-05, 7.13159461156e-05, 3.98712400056e-05, 4.73434265587e-05, 5.62655259273e-05, 9.53106573434e-05, 4.15611430071e-05, 7.70001061028e-05, 7.48999882489e-05],
        "mean": [0.00177636370063, 0.0027265783865, 0.00217759865336, 0.00114372582175, 0.00065436179284, 0.000434089743067, 0.000383266189601, 0.000473837513709, 0.000392837420804, 0.000355978816515, 0.000439098192146, 0.000243050482823, 0.000140839983942, 0.000144173522131, 0.000124149606563, 0.000156453243108, 7.72871426307e-05, 0.000113522823085, 8.1870763097e-05, 6.87450155965e-05, 7.1232803748e-05, 7.05978090991e-05, 5.50255681446e-05, 3.46238921338e-05, 2.28907319979e-05, 1.9002603949e-05, 1.60012732522e-05, 1.27674902615e-05, 1.11525550892e-05, 1.04172868305e-05, 9.67010328168e-06, 9.129317732e-06, 7.43689042793e-06, 7.63023672334e-06, 6.47631486572e-06, 5.57358453079e-06, 5.39566917723e-06, 5.18298293173e-06, 4.32141314377e-06, 3.92618221667e-06],
        "median": [0.000696298666298, 0.00158798834309, 0.00193153589498, 0.000813003163785, 0.000443905446446, 0.000270570541034, 0.000212084429222, 0.000276117149042, 0.000235470870393, 0.000181294963113, 0.00020574888913, 0.000130202301079, 7.50562103349e-05, 8.4719977167e-05, 4.66443125333e-05, 6.51201989967e-05, 5.04092458868e-05, 6.70325025567e-05, 4.0811530198e-05, 4.77596149722e-05, 5.0652459322e-05, 5.56684426556e-05, 4.61344243377e-05, 3.03385550069e-05, 2.01686398213e-05, 1.69038539752e-05, 1.35077216328e-05, 1.10849832708e-05, 9.14232441573e-06, 8.8465085355e-06, 8.06168463896e-06, 7.32498483558e-06, 6.22110610493e-06, 6.35958713247e-06, 5.32998183189e-06, 4.51182813777e-06, 4.26536644227e-06, 4.41640668214e-06, 3.23184758599e-06, 2.98774330076e-06],
        "min": [2.04722455237e-05, 9.57382217166e-05, 6.83387697791e-05, 2.72152956313e-05, 1.12675152195e-05, 1.03860957097e-05, 4.90716593049e-06, 5.84642430113e-06, 1.0767213098e-05, 4.53441134596e-06, 1.11113995445e-05, 3.55931456397e-06, 6.01132614975e-06, 5.90037097936e-06, 5.04868012285e-06, 3.44447789757e-06, 8.68546794663e-06, 6.70562121741e-06, 6.32781211607e-06, 7.11523625796e-06, 7.69709822634e-06, 5.37335245099e-06, 5.46979936189e-06, 6.73183922117e-06, 4.44320676252e-06, 3.06808487949e-06, 2.21948153012e-06, 2.72266061074e-06, 1.69413863205e-06, 1.0993289834e-06, 1.40552344874e-06, 1.06921834231e-06, 1.06264917576e-06, 1.39347548611e-06, 1.16667865768e-06, 6.87746478434e-07, 7.62836236845e-07, 5.89162084452e-07, 3.97776801719e-07, 3.21990825114e-07],
