{
"highlevel": {
    "danceability": {
        "all": {
            "danceable": 0.914586961269,
            "not_danceable": 0.0854130536318
        },
        "probability": 0.914586961269,
        "value": "danceable"
    },
    "gender": {
        "all": {
            "female": 0.0845497250557,
            "male": 0.915450274944
        },
        "probability": 0.915450274944,
        "value": "male"
    },
    "genre_dortmund": {
        "all": {
            "alternative": 0.0089315623045,
            "blues": 0.00914399977773,
            "electronic": 0.00747730163857,
            "folkcountry": 0.018613923341,
            "funksoulrnb": 0.00525567820296,
            "jazz": 0.0146230291575,
            "pop": 0.0150117930025,
            "raphiphop": 0.902681231499,
            "rock": 0.0182614531368
        },
        "probability": 0.902681231499,
        "value": "raphiphop"
    },
    "genre_electronic": {
        "all": {
            "ambient": 0.760602295399,
            "dnb": 0.0642908066511,
            "house": 0.109555058181,
            "techno": 0.0183621626347,
            "trance": 0.0471896864474
        },
        "probability": 0.760602295399,
        "value": "ambient"
    },
    "genre_rosamerica": {
        "all": {
            "cla": 0.0265433117747,
            "dan": 0.0182512197644,
            "hip": 0.190740168095,
            "jaz": 0.0780124515295,
            "pop": 0.135927483439,
            "rhy": 0.457091838121,
            "roc": 0.0391777381301,
            "spe": 0.0542557872832
        },
        "probability": 0.457091838121,
        "value": "rhy"
    },
    "genre_tzanetakis": {
        "all": {
            "blu": 0.0626613423228,
            "cla": 0.0348169617355,
            "cou": 0.104475811124,
            "dis": 0.0784321576357,
            "hip": 0.15692435205,
            "jaz": 0.313974827528,
            "met": 0.0448166541755,
            "pop": 0.0627359300852,
            "reg": 0.0627360641956,
            "roc": 0.0784258767962
        },
        "probability": 0.313974827528,
        "value": "jaz"
    },
    "ismir04_rhythm": {
        "all": {
            "ChaChaCha": 0.0219959616661,
            "Jive": 0.0773550197482,
            "Quickstep": 0.244204193354,
            "Rumba-American": 0.0160125643015,
            "Rumba-International": 0.293941050768,
            "Rumba-Misc": 0.0239579938352,
            "Samba": 0.263256967068,
            "Tango": 0.0203761514276,
            "VienneseWaltz": 0.0244046691805,
            "Waltz": 0.0144954426214
        },
        "probability": 0.293941050768,
        "value": "Rumba-International"
    },
    "mood_acoustic": {
        "all": {
            "acoustic": 0.778935015202,
            "not_acoustic": 0.221064954996
        },
        "probability": 0.778935015202,
        "value": "acoustic"
    },
    "mood_aggressive": {
        "all": {
            "aggressive": 0.0351020097733,
            "not_aggressive": 0.964897990227
        },
        "probability": 0.964897990227,
        "value": "not_aggressive"
    },
    "mood_electronic": {
        "all": {
            "electronic": 0.264105170965,
            "not_electronic": 0.735894858837
        },
        "probability": 0.735894858837,
        "value": "not_electronic"
    },
    "mood_happy": {
        "all": {
            "happy": 0.0246942248195,
            "not_happy": 0.97530579567
        },
        "probability": 0.97530579567,
        "value": "not_happy"
    },
    "mood_party": {
        "all": {
            "not_party": 0.658484458923,
            "party": 0.341515511274
        },
        "probability": 0.658484458923,
        "value": "not_party"
    },
    "mood_relaxed": {
        "all": {
            "not_relaxed": 0.30939167738,
            "relaxed": 0.69060832262
        },
        "probability": 0.69060832262,
        "value": "relaxed"
    },
    "mood_sad": {
        "all": {
            "not_sad": 0.635052859783,
            "sad": 0.364947170019
        },
        "probability": 0.635052859783,
        "value": "not_sad"
    },
    "moods_mirex": {
        "all": {
            "Cluster1": 0.354984372854,
            "Cluster2": 0.310185998678,
            "Cluster3": 0.177091911435,
            "Cluster4": 0.0839026719332,
            "Cluster5": 0.0738350450993
        },
        "probability": 0.354984372854,
        "value": "Cluster1"
    },
    "timbre": {
        "all": {
            "bright": 0.561877787113,
            "dark": 0.438122242689
        },
        "probability": 0.561877787113,
        "value": "bright"
    },
    "tonal_atonal": {
        "all": {
            "atonal": 0.0960505828261,
            "tonal": 0.903949439526
        },
        "probability": 0.903949439526,
        "value": "tonal"
    },
    "voice_instrumental": {
        "all": {
            "instrumental": 0.00154000404291,
            "voice": 0.998459994793
        },
        "probability": 0.998459994793,
        "value": "voice"
    }
},
"lowlevel": {
    "average_loudness": 0.920353591442,
    "barkbands_crest": {
        "dmean": 3.35748505592,
        "dmean2": 5.54408884048,
        "dvar": 9.10552883148,
        "dvar2": 22.0583190918,
        "max": 25.4878158569,
        "mean": 11.721619606,
        "median": 11.1570777893,
        "min": 3.55572485924,
        "var": 19.6686477661
    },
    "barkbands_flatness_db": {
        "dmean": 0.0464751757681,
        "dmean2": 0.0676745176315,
        "dvar": 0.00192676088773,
        "dvar2": 0.00371312582865,
        "max": 0.501148641109,
        "mean": 0.206165611744,
        "median": 0.192021951079,
        "min": 0.0622874312103,
        "var": 0.00607152748853
    },
    "barkbands_kurtosis": {
        "dmean": 12.4452505112,
        "dmean2": 20.3169651031,
        "dvar": 424.271514893,
        "dvar2": 967.721740723,
        "max": 202.678787231,
        "mean": 14.1731061935,
        "median": 5.2023897171,
        "min": -1.93383920193,
        "var": 568.768676758
    },
    "barkbands_skewness": {
        "dmean": 1.36157739162,
        "dmean2": 2.07280778885,
        "dvar": 1.72230625153,
        "dvar2": 3.68317079544,
        "max": 11.6358213425,
        "mean": 2.30405449867,
        "median": 1.87271547318,
        "min": -4.7673406601,
        "var": 4.65713310242
    },
    "barkbands_spread": {
        "dmean": 9.5006980896,
        "dmean2": 15.2622184753,
        "dvar": 150.259384155,
        "dvar2": 335.592712402,
        "max": 107.333129883,
        "mean": 17.1468086243,
        "median": 12.4161252975,
        "min": 0.226027101278,
        "var": 267.432006836
    },
    "dissonance": {
        "dmean": 0.038794182241,
        "dmean2": 0.0619206428528,
        "dvar": 0.00160193478223,
        "dvar2": 0.00381920626387,
        "max": 0.499775290489,
        "mean": 0.434451460838,
        "median": 0.451200127602,
        "min": 0.214665442705,
        "var": 0.00304999179207
    },
    "dynamic_complexity": 3.40187907219,
    "erbbands_crest": {
        "dmean": 4.10150766373,
        "dmean2": 6.8650431633,
        "dvar": 13.618680954,
        "dvar2": 33.4869499207,
        "max": 30.1480445862,
        "mean": 11.3386964798,
        "median": 10.2281169891,
        "min": 3.1198694706,
        "var": 24.0088329315
    },
    "erbbands_flatness_db": {
        "dmean": 0.0361453406513,
        "dmean2": 0.0537056587636,
        "dvar": 0.00104205263779,
        "dvar2": 0.00230979151092,
        "max": 0.433168292046,
        "mean": 0.183314353228,
        "median": 0.179000526667,
        "min": 0.0716012194753,
        "var": 0.00282170507126
    },
    "erbbands_kurtosis": {
        "dmean": 4.02440547943,
        "dmean2": 6.41233682632,
        "dvar": 79.8700637817,
        "dvar2": 185.908676147,
        "max": 119.41027832,
        "mean": 3.18079137802,
        "median": 0.484841585159,
        "min": -1.90052235126,
        "var": 86.8033676147
    },
    "erbbands_skewness": {
        "dmean": 0.857721030712,
        "dmean2": 1.28474628925,
        "dvar": 0.781911611557,
        "dvar2": 1.61600458622,
        "max": 8.01245880127,
        "mean": 0.687969326973,
        "median": 0.561258912086,
        "min": -8.47836399078,
        "var": 1.84740018845
    },
    "erbbands_spread": {
        "dmean": 19.4314403534,
        "dmean2": 29.0683116913,
        "dvar": 374.357849121,
        "dvar2": 804.908203125,
        "max": 195.763259888,
        "mean": 42.6616287231,
        "median": 34.821105957,
        "min": 1.36190521717,
        "var": 966.5
    },
    "hfc": {
        "dmean": 12.3155918121,
        "dmean2": 18.3255462646,
        "dvar": 419.839111328,
        "dvar2": 1005.43029785,
        "max": 193.55241394,
        "mean": 17.2116203308,
        "median": 9.81898784637,
        "min": 0.012097787112,
        "var": 508.126220703
    },
    "melbands_crest": {
        "dmean": 4.31425857544,
        "dmean2": 7.01435279846,
        "dvar": 13.6301717758,
        "dvar2": 35.6170425415,
        "max": 34.763458252,
        "mean": 16.3526115417,
        "median": 16.1444244385,
        "min": 3.09946274757,
        "var": 30.8424396515
    },
    "melbands_flatness_db": {
        "dmean": 0.0562454387546,
        "dmean2": 0.0796744078398,
        "dvar": 0.0028916283045,
        "dvar2": 0.00539638288319,
        "max": 0.632746756077,
        "mean": 0.259429186583,
        "median": 0.245270103216,
        "min": 0.0418368242681,
        "var": 0.011438652873
    },
    "melbands_kurtosis": {
        "dmean": 27.9364681244,
        "dmean2": 44.2821846008,
        "dvar": 2148.93481445,
        "dvar2": 5033.71386719,
        "max": 497.296020508,
        "mean": 35.4819297791,
        "median": 11.9551391602,
        "min": -1.83061850071,
        "var": 3337.06347656
    },
    "melbands_skewness": {
        "dmean": 1.76585078239,
        "dmean2": 2.68754887581,
        "dvar": 3.2828001976,
        "dvar2": 6.95867109299,
        "max": 17.29047966,
        "mean": 3.5562608242,
        "median": 2.74102163315,
        "min": -2.14071273804,
        "var": 9.32070446014
    },
    "melbands_spread": {
        "dmean": 12.4642333984,
        "dmean2": 19.3585739136,
        "dvar": 513.22076416,
        "dvar2": 1098.52636719,
        "max": 292.696472168,
        "mean": 20.3075828552,
        "median": 12.1467103958,
        "min": 0.301553875208,
        "var": 864.509399414
    },
    "pitch_salience": {
        "dmean": 0.0968682020903,
        "dmean2": 0.156935319304,
        "dvar": 0.00769916782156,
        "dvar2": 0.0178017821163,
        "max": 0.821559131145,
        "mean": 0.508320450783,
        "median": 0.503655314445,
        "min": 0.144935876131,
        "var": 0.0204140692949
    },
    "silence_rate_20dB": {
        "dmean": 0,
        "dmean2": 0,
        "dvar": 0,
        "dvar2": 0,
        "max": 1,
        "mean": 1,
        "median": 1,
        "min": 1,
        "var": 0
    },
    "silence_rate_30dB": {
        "dmean": 0.0402476787567,
        "dmean2": 0.0805577039719,
        "dvar": 0.0386286042631,
        "dvar2": 0.0833649337292,
        "max": 1,
        "mean": 0.952822864056,
        "median": 1,
        "min": 0,
        "var": 0.0449503771961
    },
    "silence_rate_60dB": {
        "dmean": 0.0797213613987,
        "dmean2": 0.15879163146,
        "dvar": 0.0733657628298,
        "dvar2": 0.149067163467,
        "max": 1,
        "mean": 0.0997679829597,
        "median": 0,
        "min": 0,
        "var": 0.0898150056601
    },
    "spectral_centroid": {
        "dmean": 433.590118408,
        "dmean2": 655.865234375,
        "dvar": 281681.375,
        "dvar2": 585246.375,
        "max": 6116.00488281,
        "mean": 1115.31616211,
        "median": 912.662414551,
        "min": 115.34903717,
        "var": 694917.8125
    },
    "spectral_complexity": {
        "dmean": 4.41021680832,
        "dmean2": 6.05189752579,
        "dvar": 25.6503944397,
        "dvar2": 43.9857902527,
        "max": 55,
        "mean": 10.276102066,
        "median": 8,
        "min": 0,
        "var": 59.7637443542
    },
    "spectral_decrease": {
        "dmean": 4.08461842127e-09,
        "dmean2": 6.32799856959e-09,
        "dvar": 4.88925449693e-17,
        "dvar2": 1.28974914317e-16,
        "max": -3.62265577779e-12,
        "mean": -8.13021827639e-09,
        "median": -4.1458587674e-09,
        "min": -7.1162943982e-08,
        "var": 9.30807880635e-17
    },
    "spectral_energy": {
        "dmean": 0.0163106285036,
        "dmean2": 0.0252166241407,
        "dvar": 0.000745767436456,
        "dvar2": 0.00195074116345,
        "max": 0.272814393044,
        "mean": 0.032246503979,
        "median": 0.0168781727552,
        "min": 1.56175719894e-05,
        "var": 0.00140344235115
    },
    "spectral_energyband_high": {
        "dmean": 0.00051907094894,
        "dmean2": 0.000799073721282,
        "dvar": 1.28916906306e-06,
        "dvar2": 3.14239878207e-06,
        "max": 0.0109464274719,
        "mean": 0.000617459008936,
        "median": 0.00023253884865,
        "min": 3.10131440528e-08,
        "var": 1.39325481996e-06
    },
    "spectral_energyband_low": {
        "dmean": 0.00825742259622,
        "dmean2": 0.0138114634901,
        "dvar": 0.000515344028827,
        "dvar2": 0.00139287498314,
        "max": 0.233103528619,
        "mean": 0.0176002364606,
        "median": 0.00100432417821,
        "min": 6.10923734712e-07,
        "var": 0.00101181212813
    },
    "spectral_energyband_middle_high": {
        "dmean": 0.00476448144764,
        "dmean2": 0.00701978756115,
        "dvar": 8.02549038781e-05,
        "dvar2": 0.000175805704203,
        "max": 0.0752432495356,
        "mean": 0.00538327964023,
        "median": 0.00101661274675,
        "min": 8.99519989161e-07,
        "var": 0.000116599592729
    },
    "spectral_energyband_middle_low": {
        "dmean": 0.00733952317387,
        "dmean2": 0.011846287176,
        "dvar": 0.000156194801093,
        "dvar2": 0.000423397461418,
        "max": 0.11581081897,
        "mean": 0.0108863692731,
        "median": 0.00697959493846,
        "min": 1.69497923252e-06,
        "var": 0.000156691821758
    },
    "spectral_entropy": {
        "dmean": 0.395548969507,
        "dmean2": 0.573700428009,
        "dvar": 0.17199909687,
        "dvar2": 0.358694732189,
        "max": 8.85510444641,
        "mean": 7.27571630478,
        "median": 7.38531017303,
        "min": 4.77899217606,
        "var": 0.460251480341
    },
    "spectral_flux": {
        "dmean": 0.0422961898148,
        "dmean2": 0.0638423785567,
        "dvar": 0.00242305151187,
        "dvar2": 0.00478537660092,
        "max": 0.42580550909,
        "mean": 0.0998436883092,
        "median": 0.0802571102977,
        "min": 0.0062724724412,
        "var": 0.00529307080433
    },
    "spectral_kurtosis": {
        "dmean": 3.00909113884,
        "dmean2": 4.70041942596,
        "dvar": 16.8104782104,
        "dvar2": 40.8003845215,
        "max": 41.3308410645,
        "mean": 5.24600982666,
        "median": 3.75048160553,
        "min": -1.09339118004,
        "var": 27.5481643677
    },
    "spectral_rms": {
        "dmean": 0.00134663947392,
        "dmean2": 0.00193826493341,
        "dvar": 2.39644441535e-06,
        "dvar2": 5.23544622411e-06,
        "max": 0.0163144227117,
        "mean": 0.00479967799038,
        "median": 0.00405789492652,
        "min": 0.000123436853755,
        "var": 8.42307508719e-06
    },
    "spectral_rolloff": {
        "dmean": 789.363769531,
        "dmean2": 1354.49133301,
        "dvar": 2490752,
        "dvar2": 5280629,
        "max": 12360.0585938,
        "mean": 1429.63598633,
        "median": 624.462890625,
        "min": 64.599609375,
        "var": 4050107.75
    },
    "spectral_skewness": {
        "dmean": 0.467277228832,
        "dmean2": 0.688655078411,
        "dvar": 0.22949667275,
        "dvar2": 0.504879295826,
        "max": 4.89766788483,
        "mean": 1.6897881031,
        "median": 1.59233129025,
        "min": -0.0577130764723,
        "var": 0.618707299232
    },
    "spectral_spread": {
        "dmean": 1026117.625,
        "dmean2": 1475976.875,
        "dvar": 1.07277411942e+12,
        "dvar2": 2.07824433971e+12,
        "max": 17734850,
        "mean": 4947858,
        "median": 4615721.5,
        "min": 1740143,
        "var": 3.17247245517e+12
    },
    "spectral_strongpeak": {
        "dmean": 0.557762742043,
        "dmean2": 0.915732800961,
        "dvar": 0.843738257885,
        "dvar2": 2.07604861259,
        "max": 8.5920791626,
        "mean": 0.881181240082,
        "median": 0.595326542854,
        "min": 0.0102837849408,
        "var": 1.09302592278
    },
    "zerocrossingrate": {
        "dmean": 0.0176654253155,
        "dmean2": 0.0199457779527,
        "dvar": 0.000560583372135,
        "dvar2": 0.00063649500953,
        "max": 0.35888671875,
        "mean": 0.0536743067205,
        "median": 0.03955078125,
        "min": 0.0029296875,
        "var": 0.00254365405999
    },
    "barkbands": {
        "dmean": [0.00011402900418, 0.00531302858144, 0.00361789413728, 0.0023357803002, 0.00141106476076, 0.000798102701083, 0.00145225028973, 0.00103298656177, 0.00177192559931, 0.001775039942, 0.000810841913335, 0.00107422401197, 0.000794308958575, 0.000610767339822, 0.000458472612081, 0.00040107886889, 0.000293186865747, 0.000113600421173, 0.000126377679408, 0.000119265954709, 0.000101283840195, 0.000124418176711, 9.05263368622e-05, 0.000115621143777, 5.9180030803e-05, 2.24397790589e-05, 2.33700392371e-09],
        "dmean2": [0.000181007824722, 0.0085571333766, 0.00641155149788, 0.00412669451907, 0.00235249847174, 0.00132659601513, 0.00251928740181, 0.00169803132303, 0.00280030048452, 0.00296572758816, 0.00132496480364, 0.00174531759694, 0.00124024739489, 0.00101521005854, 0.000716183276381, 0.000648194574751, 0.000456473382656, 0.000185183540452, 0.000199219270144, 0.000193356303498, 0.000159194387379, 0.000192029125174, 0.000145121957758, 0.000184248929145, 9.32869952521e-05, 3.57837925549e-05, 4.25980672958e-09],
        "dvar": [1.17084709927e-07, 0.000176755522261, 0.000207956065424, 6.36287004454e-05, 6.10784491073e-06, 3.13128703056e-06, 8.73461885931e-06, 7.86275450082e-06, 1.98762572836e-05, 3.08567177854e-05, 5.97478447162e-06, 1.33491103043e-05, 5.44810745851e-06, 2.80982067125e-06, 1.29328668663e-06, 8.78418575212e-07, 3.8381776335e-07, 1.2225174828e-07, 9.78002603347e-08, 8.03327040444e-08, 4.06890521276e-08, 5.61078081773e-08, 7.20405921584e-08, 9.21920886299e-08, 2.80714811396e-08, 4.39518865747e-09, 1.33927992415e-16],
        "dvar2": [2.53664353522e-07, 0.000473497639177, 0.000590476905927, 0.00018856213137, 1.68278256751e-05, 7.93734579929e-06, 2.23737515626e-05, 1.94977073988e-05, 4.66584970127e-05, 8.17770123831e-05, 1.49053066707e-05, 3.19214595947e-05, 1.23132085719e-05, 6.64560275254e-06, 2.81624215859e-06, 2.20916217586e-06, 9.69712004917e-07, 3.1822887081e-07, 2.22674287897e-07, 2.16056605495e-07, 9.32115540309e-08, 1.38878689881e-07, 1.78853042598e-07, 2.29046335676e-07, 7.00737601278e-08, 1.09566302697e-08, 2.86286945307e-16],
        "max": [0.00399339199066, 0.113111637533, 0.162233158946, 0.0881160572171, 0.0248198285699, 0.0234477445483, 0.0364315584302, 0.0448714271188, 0.0551837794483, 0.0486084856093, 0.0349810682237, 0.0608063936234, 0.0320796146989, 0.0202532224357, 0.0132641941309, 0.0100149372593, 0.00673650437966, 0.00357695668936, 0.0037903143093, 0.00336711271666, 0.00200525065884, 0.00286964676343, 0.0030639981851, 0.00528422417119, 0.00250405725092, 0.000715003989171, 2.69754821147e-07],
        "mean": [0.000136923059472, 0.0109241027385, 0.00456246500835, 0.00323183787987, 0.00203740992583, 0.00088884762954, 0.00166340451688, 0.000882944499608, 0.0015494406689, 0.00149512849748, 0.000702060002368, 0.000907335663214, 0.000716025475413, 0.000526057614479, 0.000427176302765, 0.000378462835215, 0.000297026825137, 0.000103550853964, 0.000133918525535, 0.000129442938487, 0.000115934824862, 0.000141665732372, 9.11646784516e-05, 0.000118572548672, 6.33510353509e-05, 2.22600920097e-05, 1.90911264575e-09],
        "median": [4.66633946417e-06, 0.000211988459341, 0.000386592757422, 0.000861477863509, 0.00102789001539, 0.000346720102243, 0.000702636549249, 9.18508594623e-05, 7.0940288424e-05, 4.85201708216e-05, 3.19278733514e-05, 3.52570095856e-05, 2.9359038308e-05, 2.98038612527e-05, 2.51869241765e-05, 3.70074230887e-05, 5.01699651068e-05, 2.19636021939e-05, 3.56164855475e-05, 4.22008743044e-05, 3.98696465709e-05, 5.24145798408e-05, 1.74471606442e-05, 2.26420543186e-05, 1.60309191415e-05, 4.45340219812e-06, 3.50257406412e-10],
        "min": [1.04093533793e-09, 5.45140004249e-08, 1.9555036701e-08, 1.43367486771e-07, 1.14393209572e-07, 7.92532262039e-08, 1.19548204225e-07, 6.57322658526e-08, 2.66940656246e-08, 1.66638415067e-07, 7.57192566425e-08, 6.52026628245e-08, 2.35654393776e-08, 3.58654830279e-08, 6.51890719183e-09, 1.51920129809e-08, 5.83594079728e-08, 9.22348863952e-09, 2.4495909301e-08, 9.46330303009e-09, 6.58295551403e-09, 1.10442091028e-08, 3.36630501252e-09, 1.86826421e-09, 1.7079542225e-09, 8.28687552606e-12, 1.16370645759e-11],
        "var": [2.00717366283e-07, 0.000408222811529, 0.000148491351865, 4.71553721582e-05, 7.41590611142e-06, 2.99525913761e-06, 8.77054026205e-06, 6.61776766719e-06, 2.0015406335e-05, 2.53335729212e-05, 5.65152777199e-06, 1.25202523122e-05, 6.14615191807e-06, 2.65724406745e-06, 1.55552856995e-06, 8.46918510433e-07, 4.25492459044e-07, 9.89092967529e-08, 1.07961412255e-07, 7.08412315475e-08, 4.92787783912e-08, 6.06929972946e-08, 6.67682726885e-08, 9.68442535054e-08, 2.7632371058e-08, 3.90483512192e-09, 1.27414653158e-16]
    },
    "erbbands": {
        "dmean": [0.143695518374, 1.25971353054, 3.74895834923, 6.43626022339, 7.47497224808, 3.11751794815, 2.06362819672, 8.87638282776, 22.5857086182, 15.1775426865, 28.0066242218, 34.6373672485, 63.9657516479, 36.5946655273, 38.600063324, 36.6196327209, 33.9399681091, 30.5131282806, 27.5640201569, 21.536151886, 20.1438274384, 15.0112667084, 6.72101020813, 6.40801620483, 6.37495470047, 5.64106464386, 4.35251188278, 4.10790920258, 4.69495820999, 2.8811841011, 2.78844261169, 2.76390457153, 1.67331564426, 0.817891895771, 0.350200563669, 0.140499800444, 0.0328242257237, 0.00254422263242, 5.64662077522e-05, 2.14524334297e-05],
        "dmean2": [0.23410320282, 2.0611782074, 6.62560272217, 11.3134431839, 12.515460968, 5.11804962158, 3.39191174507, 14.6992425919, 39.1344604492, 25.7178688049, 45.2691268921, 56.3842048645, 108.827644348, 56.2203598022, 61.8150367737, 57.6831321716, 53.0649986267, 49.6576347351, 44.8359184265, 33.5089378357, 30.9975795746, 23.1325130463, 10.7686185837, 10.2510690689, 10.1333703995, 9.11690044403, 6.92738580704, 6.42049455643, 7.17282342911, 4.61301708221, 4.48434305191, 4.38233232498, 2.6740295887, 1.29935383797, 0.556829214096, 0.221414297819, 0.0534869432449, 0.00415779044852, 8.99467922864e-05, 3.32685303874e-05],
        "dvar": [0.171264305711, 10.0480356216, 209.876647949, 590.34197998, 272.94317627, 28.9548358917, 14.8775377274, 392.727783203, 2174.87915039, 1279.98986816, 4639.65332031, 8938.83789062, 53019.171875, 9667.03710938, 14298.484375, 13914.2275391, 9047.5546875, 7709.74902344, 5194.06835938, 2817.98803711, 1724.57666016, 1034.07287598, 324.983032227, 459.946411133, 165.424423218, 186.19178772, 107.480880737, 53.4295730591, 69.4058532715, 54.7010574341, 76.0872802734, 51.6216850281, 20.5290813446, 6.17998123169, 0.862417042255, 0.152824863791, 0.0121922092512, 9.63735219557e-05, 3.48030653186e-08, 1.2472560762e-09],
        "dvar2": [0.434199929237, 26.7927455902, 597.880493164, 1712.05187988, 782.141296387, 79.3397598267, 36.5106430054, 1002.32830811, 5565.95068359, 3227.80444336, 11659.4824219, 21807.8984375, 144550.5625, 21478.78125, 32875.3085938, 32486.6679688, 20946.6855469, 18815.7070312, 12634.2910156, 6221.41503906, 4156.73535156, 2602.33081055, 824.627929688, 1134.03222656, 405.841888428, 492.867553711, 262.942230225, 122.867729187, 168.343154907, 138.670440674, 191.847473145, 124.991043091, 51.4843940735, 15.3679504395, 2.19061422348, 0.387785553932, 0.0307831354439, 0.000251869118074, 8.92114826456e-08, 3.18869375349e-09],
        "max": [3.33512544632, 25.0070972443, 163.947723389, 259.357421875, 180.679367065, 54.757232666, 52.0948219299, 251.210266113, 581.258911133, 321.13861084, 876.092285156, 1169.87158203, 2205.55541992, 1012.51983643, 1907.84729004, 1595.4230957, 1087.56433105, 1183.77770996, 827.971984863, 766.74005127, 364.245513916, 440.894439697, 180.885726929, 214.699630737, 113.704299927, 154.285018921, 128.061187744, 77.3392105103, 96.3516998291, 79.9957580566, 102.594177246, 107.427909851, 77.5324401855, 41.3616828918, 11.1261558533, 5.7824754715, 1.42675542831, 0.134572699666, 0.00249557988718, 0.000305746827507],
        "mean": [0.245902955532, 2.67498993874, 5.10526704788, 9.69343852997, 10.1283226013, 4.31618022919, 3.18702530861, 10.2838630676, 27.8777198792, 14.0240526199, 24.6920490265, 30.952255249, 49.9843940735, 35.6873092651, 35.1816711426, 32.9016227722, 31.0387687683, 27.2571201324, 25.1462860107, 21.1333827972, 20.4725227356, 15.869679451, 6.65520477295, 6.34688425064, 6.91602039337, 6.16561746597, 4.8070473671, 4.90222549438, 5.4317483902, 3.06394743919, 2.73884940147, 2.83056712151, 1.68233525753, 0.861603319645, 0.371775746346, 0.142047464848, 0.0314175859094, 0.0022858181037, 6.57951022731e-05, 4.07404295402e-05],
        "median": [0.00566843478009, 0.0569258667529, 0.334917098284, 2.30914592743, 4.35253810883, 2.13755989075, 1.160348773, 4.54085493088, 13.8068475723, 4.28550243378, 3.07848644257, 1.71252572536, 1.39416563511, 1.59959292412, 1.72553157806, 1.41167163849, 1.49149727821, 1.47591304779, 1.70069122314, 1.5284923315, 2.69564270973, 2.98646116257, 1.48813617229, 1.63524436951, 2.02333331108, 1.97344744205, 1.54897451401, 1.82201194763, 1.96955192089, 1.01730895042, 0.475901097059, 0.541021287441, 0.289253741503, 0.176108360291, 0.0975938886404, 0.0320301800966, 0.00507075246423, 0.000283392233541, 2.57572573901e-05, 2.31916874327e-05],
        "min": [1.27874511691e-06, 3.30615039275e-05, 6.89323715051e-05, 0.00028164187097, 0.000527496333234, 0.000284052017378, 0.000610697607044, 0.000885302142706, 0.00227014860138, 0.00175694748759, 0.000771878811065, 0.00178887310904, 0.00271921884269, 0.00414314027876, 0.00455161370337, 0.00323445466347, 0.00132165453397, 0.00175225536805, 0.000829875993077, 0.000610020826571, 0.00144068489317, 0.00290487683378, 0.00069825630635, 0.00153444882017, 0.000491735932883, 0.000532840145752, 0.000334014650434, 0.000284742272925, 0.000416327355197, 0.000178337155376, 8.98113285075e-05, 4.83801741211e-05, 2.51530946116e-05, 2.24788727792e-05, 1.07392816062e-05, 3.15708348353e-06, 3.49382702325e-07, 7.34832923399e-08, 7.81248985504e-08, 2.97337905408e-08],
        "var": [0.285454690456, 23.6077518463, 160.6900177, 490.165008545, 268.665466309, 34.414276123, 30.1961040497, 370.955627441, 2257.27685547, 1061.58666992, 4014.31201172, 8258.73046875, 37295.4570312, 11766.0019531, 15677.1464844, 14156.796875, 10040.9609375, 7302.11132812, 5156.01464844, 3258.23242188, 1927.98742676, 1185.1697998, 299.421539307, 405.432861328, 181.050125122, 170.124038696, 107.026763916, 70.4671554565, 81.4408798218, 49.1500854492, 67.3140792847, 54.8002815247, 21.3215065002, 6.17682027817, 0.799319624901, 0.134910568595, 0.0102813728154, 7.49537575757e-05, 2.90643527023e-08, 2.06074113329e-09]
    },
    "gfcc": {
        "mean": [-50.8009223938, 89.6243133545, -98.7290878296, 43.8923301697, -66.5281600952, 14.580696106, -43.1179504395, 6.49104785919, -23.4469642639, 3.24997663498, -17.8865852356, -4.29339551926, -11.057185173],
        "cov": [[6676.12988281, -995.672607422, -1312.02636719, -506.702880859, -3.23785376549, 500.353485107, 119.926895142, 373.98828125, 86.5641784668, 223.145965576, -535.096557617, 162.276077271, -113.020797729], [-995.672607422, 2072.78564453, 223.790267944, -369.347229004, 353.002502441, -78.0566253662, 259.560668945, -191.527374268, 226.938446045, -220.45324707, 142.138946533, -112.591621399, 107.638366699], [-1312.02636719, 223.790267944, 1892.10913086, 947.616577148, 204.644058228, -11.1600637436, 131.883071899, 48.1715927124, -0.684076726437, 57.7127380371, 246.835571289, 50.4061965942, 25.8388195038], [-506.702880859, -369.347229004, 947.616577148, 1150.20031738, 222.593292236, -27.9726753235, -68.4478988647, 18.2238616943, 53.8861999512, 84.5347518921, 184.307937622, -32.2988967896, 55.5975952148], [-3.23785376549, 353.002502441, 204.644058228, 222.593292236, 587.85736084, 139.901626587, 76.8318939209, -7.90161275864, 91.0296401978, 70.1326751709, 8.3900604248, -20.9454402924, 44.0860671997], [500.353485107, -78.0566253662, -11.1600637436, -27.9726753235, 139.901626587, 399.473602295, 215.585968018, 51.8049850464, -6.52578210831, 37.0269622803, 4.28452014923, 20.4146728516, 15.123131752], [119.926895142, 259.560668945, 131.883071899, -68.4478988647, 76.8318939209, 215.585968018, 397.319915771, 72.7993087769, -9.84230899811, -64.4210968018, 40.9337615967, 43.6577758789, 25.3996429443], [373.98828125, -191.527374268, 48.1715927124, 18.2238616943, -7.90161275864, 51.8049850464, 72.7993087769, 207.151901245, 42.9601364136, 32.307800293, -21.1911449432, 60.8364143372, 9.98004817963], [86.5641784668, 226.938446045, -0.684076726437, 53.8861999512, 91.0296401978, -6.52578210831, -9.84230899811, 42.9601364136, 244.841644287, 69.7751159668, 43.4042549133, -24.9940357208, 31.2566928864], [223.145965576, -220.45324707, 57.7127380371, 84.5347518921, 70.1326751709, 37.0269622803, -64.4210968018, 32.307800293, 69.7751159668, 260.762695312, 30.9942092896, 32.5020713806, -27.2698307037], [-535.096557617, 142.138946533, 246.835571289, 184.307937622, 8.3900604248, 4.28452014923, 40.9337615967, -21.1911449432, 43.4042549133, 30.9942092896, 215.383224487, -0.497588396072, 16.1150798798], [162.276077271, -112.591621399, 50.4061965942, -32.2988967896, -20.9454402924, 20.4146728516, 43.6577758789, 60.8364143372, -24.9940357208, 32.5020713806, -0.497588396072, 142.61567688, 2.78988480568], [-113.020797729, 107.638366699, 25.8388195038, 55.5975952148, 44.0860671997, 15.123131752, 25.3996429443, 9.98004817963, 31.2566928864, -27.2698307037, 16.1150798798, 2.78988480568, 112.534248352]],
        "icov": [[0.000297569931718, -0.000130469139549, 0.000272624776699, -0.000301275198581, 0.00018368770543, -0.000407246610848, -5.44723525309e-06, -0.000376076088287, -7.01269818819e-05, -0.00026620621793, 0.000758911133744, -0.000315250741551, 0.00038135482464], [-0.000130469139549, 0.0023122956045, -0.0010601519607, 0.00215135910548, -0.00170791440178, 0.0015558344312, -0.00128958921414, 0.00221388158388, -0.0022767840419, 0.00179096823558, -0.00167488551233, 0.00102565600537, -0.00132665911224], [0.000272624776699, -0.0010601519607, 0.00172717962414, -0.00197130348533, 0.000719250936527, -0.00057619845029, -7.04816557118e-05, -0.00125451385975, 0.00115251215175, -0.00099758640863, 0.000781394599471, -0.00104949146044, 0.00114027550444], [-0.000301275198581, 0.00215135910548, -0.00197130348533, 0.00401823781431, -0.00209204503335, 0.00150305533316, -0.000234016100876, 0.00164977938402, -0.00177456683014, 0.00165526673663, -0.00280701438896, 0.00183691072743, -0.00211840169504], [0.00018368770543, -0.00170791440178, 0.000719250936527, -0.00209204503335, 0.00367879238911, -0.00193933222909, 0.000469381775474, -0.000869017909281, 0.000726842379663, -0.00191158254165, 0.00236027291976, -0.000678800686728, 0.00049080431927], [-0.000407246610848, 0.0015558344312, -0.00057619845029, 0.00150305533316, -0.00193933222909, 0.00567672541365, -0.00330168893561, 0.00140259170439, -0.000489315134473, 1.97345234483e-05, -0.00172189099248, 0.0014845818514, -0.00153928436339], [-5.44723525309e-06, -0.00128958921414, -7.04816557118e-05, -0.000234016100876, 0.000469381775474, -0.00330168893561, 0.00588196702302, -0.00252610072494, 0.00128217868041, 0.00106207025237, -0.000655154231936, -0.00125168799423, 0.000542152090929], [-0.000376076088287, 0.00221388158388, -0.00125451385975, 0.00164977938402, -0.000869017909281, 0.00140259170439, -0.00252610072494, 0.00930686574429, -0.00392279680818, 0.00128373980988, -0.000241561981966, -0.00148098275531, -0.00165360281244], [-7.01269818819e-05, -0.0022767840419, 0.00115251215175, -0.00177456683014, 0.000726842379663, -0.000489315134473, 0.00128217868041, -0.00392279680818, 0.00821328535676, -0.00322316982783, -0.00027414993383, 0.00111338566057, -0.00049175193999], [-0.00026620621793, 0.00179096823558, -0.00099758640863, 0.00165526673663, -0.00191158254165, 1.97345234483e-05, 0.00106207025237, 0.00128373980988, -0.00322316982783, 0.00725490832701, -0.00257969950326, -0.000956297619268, 0.000869933981448], [0.000758911133744, -0.00167488551233, 0.000781394599471, -0.00280701438896, 0.00236027291976, -0.00172189099248, -0.000655154231936, -0.000241561981966, -0.00027414993383, -0.00257969950326, 0.00951783452183, -0.00165092560928, 0.00117662490811], [-0.000315250741551, 0.00102565600537, -0.00104949146044, 0.00183691072743, -0.000678800686728, 0.0014845818514, -0.00125168799423, -0.00148098275531, 0.00111338566057, -0.000956297619268, -0.00165092560928, 0.0101171573624, -0.00203931634314], [0.00038135482464, -0.00132665911224, 0.00114027550444, -0.00211840169504, 0.00049080431927, -0.00153928436339, 0.000542152090929, -0.00165360281244, -0.00049175193999, 0.000869933981448, 0.00117662490811, -0.00203931634314, 0.0115912305191]]
    },
    "melbands": {
        "dmean": [0.00140409637243, 0.00176469387952, 0.00114837684669, 0.000386029860238, 7.3323972174e-05, 0.000197854853468, 0.000324848806486, 0.000176202927832, 0.000256757397437, 0.000228547709412, 0.000320986524457, 0.00015171225823, 0.000115824514069, 0.000129503067001, 9.9570468592e-05, 6.1667386035e-05, 5.69195799471e-05, 4.81475181004e-05, 3.3206288208e-05, 2.8902772101e-05, 2.29499564739e-05, 1.73043245013e-05, 9.36746982916e-06, 4.81893312099e-06, 5.28588225279e-06, 5.00541318615e-06, 4.45885098088e-06, 3.7852917103e-06, 2.73368254966e-06, 2.57070064436e-06, 2.42066312239e-06, 2.89393597086e-06, 2.21006621359e-06, 1.39621590733e-06, 1.54842507527e-06, 1.79347034646e-06, 1.71323722498e-06, 1.29397471937e-06, 8.70750000104e-07, 6.50877950648e-07],
        "dmean2": [0.00222499249503, 0.00307969120331, 0.00197197380476, 0.000643180217594, 0.000120200718811, 0.000327843386913, 0.000563554407563, 0.000295457255561, 0.000413894158555, 0.000369204906747, 0.000549496733584, 0.000236210951698, 0.000186631499673, 0.000207525037695, 0.000156883979798, 9.94862566586e-05, 9.43565974012e-05, 8.0293539213e-05, 5.09378187417e-05, 4.65663106297e-05, 3.54556686943e-05, 2.69995853159e-05, 1.51072854351e-05, 7.9205383372e-06, 8.55199959915e-06, 7.8296616266e-06, 7.1369699981e-06, 6.17954083282e-06, 4.40009171143e-06, 4.08866253565e-06, 3.85744306186e-06, 4.45422710982e-06, 3.48184585164e-06, 2.25834924095e-06, 2.5408712645e-06, 2.82381415673e-06, 2.77448430097e-06, 2.10507892007e-06, 1.35415859859e-06, 1.04375305909e-06],
        "dvar": [1.35978907565e-05, 3.47612876794e-05, 1.55574980454e-05, 5.27640622749e-07, 1.79017742852e-08, 1.8200577756e-07, 4.36029182538e-07, 1.93458078002e-07, 3.88778659044e-07, 3.44594724311e-07, 1.30602666104e-06, 1.74959055244e-07, 1.16727221666e-07, 2.18349981651e-07, 1.23629519067e-07, 3.38719736703e-08, 2.86229866475e-08, 1.83035826495e-08, 7.60769314212e-09, 5.25603738311e-09, 2.25368168572e-09, 1.48865941796e-09, 5.64946089909e-10, 2.70211603093e-10, 3.44985706668e-10, 1.13138887148e-10, 7.71799638088e-11, 1.00364147548e-10, 4.67931943193e-11, 3.1745824719e-11, 1.71970805651e-11, 2.54300469571e-11, 2.39509766187e-11, 1.44210355463e-11, 2.84758310681e-11, 2.18032814026e-11, 2.46038901058e-11, 1.24022927345e-11, 6.46837531454e-12, 4.00223907834e-12],
        "dvar2": [3.50952068402e-05, 9.7648051451e-05, 4.5320528443e-05, 1.47615207879e-06, 4.39536229635e-08, 4.65291975615e-07, 1.11420604298e-06, 4.71318742257e-07, 9.44622343013e-07, 8.33371018416e-07, 3.55461156687e-06, 3.96743701003e-07, 2.81352242837e-07, 5.21660751929e-07, 2.95017571261e-07, 8.05231081813e-08, 7.05056990569e-08, 4.58755771149e-08, 1.49899808122e-08, 1.32829480748e-08, 5.45713252365e-09, 3.83927600822e-09, 1.4011817262e-09, 7.0899103255e-10, 8.36999469733e-10, 2.66306865448e-10, 1.99221847352e-10, 2.67330296788e-10, 1.19753720829e-10, 7.27949853174e-11, 4.01509103742e-11, 6.22296658648e-11, 5.99768221199e-11, 3.67369572263e-11, 7.4309267073e-11, 4.91865437269e-11, 6.26867099895e-11, 3.09464433246e-11, 1.5948421403e-11, 1.01456907112e-11],
        "max": [0.0323311761022, 0.0661881491542, 0.042698957026, 0.00796857010573, 0.00158011564054, 0.00557940918952, 0.00800367631018, 0.0055250255391, 0.0067373230122, 0.00636762427166, 0.0108431354165, 0.00402779644355, 0.0043803206645, 0.00888484250754, 0.00486516021192, 0.00220161862671, 0.0022894309368, 0.00162113539409, 0.00121447409038, 0.000813834834844, 0.000434823072283, 0.000614830001723, 0.000243767994107, 0.000194913023734, 0.00019991127192, 0.000107445383037, 9.27944565774e-05, 0.000139314259286, 7.98816472525e-05, 6.42042286927e-05, 5.05329589942e-05, 6.22650404694e-05, 5.29099015694e-05, 4.41457232228e-05, 6.67392087053e-05, 5.3368814406e-05, 9.14129050216e-05, 5.93941476836e-05, 3.85736093449e-05, 3.2363088394e-05],
        "mean": [0.0027399295941, 0.0031351139769, 0.00170256290585, 0.000526172399987, 0.000111994755571, 0.000231931102462, 0.000396115501644, 0.00015436609101, 0.000221602284, 0.000199173329747, 0.000250421406236, 0.000146421443787, 0.00010266379104, 0.000109927837912, 8.7860156782e-05, 5.66475318919e-05, 4.91065293318e-05, 4.10125539929e-05, 3.21285879181e-05, 2.61940058408e-05, 2.34424405789e-05, 1.79302369361e-05, 9.14640440897e-06, 4.36551044913e-06, 5.13851000505e-06, 5.13755958309e-06, 4.73427871839e-06, 3.96160839955e-06, 2.88454498332e-06, 2.82932114715e-06, 2.8585320706e-06, 3.30201669385e-06, 2.3501531814e-06, 1.42324438457e-06, 1.45798526319e-06, 1.79582991677e-06, 1.71964836682e-06, 1.26601480588e-06, 8.81386142737e-07, 6.6278266786e-07],
        "median": [5.41574336239e-05, 0.00014638810535, 0.00058603938669, 0.000254904327448, 4.30003310612e-05, 0.000108158623334, 0.000194582797121, 3.68742148567e-05, 2.15896670852e-05, 9.60939632932e-06, 6.82516247252e-06, 6.38169194644e-06, 5.26380381416e-06, 4.15079693994e-06, 3.07427467305e-06, 2.65796984422e-06, 2.48814535553e-06, 2.54275892075e-06, 1.90812806977e-06, 2.01793204724e-06, 3.14457975037e-06, 3.01093632515e-06, 1.44889168041e-06, 9.13395581392e-07, 1.18421507977e-06, 1.32845650569e-06, 1.41811062804e-06, 1.10926578145e-06, 8.56839903918e-07, 8.35009132061e-07, 1.05464141598e-06, 1.17435206448e-06, 8.00420878022e-07, 3.83798408166e-07, 2.25401976195e-07, 2.77865979115e-07, 3.17646737358e-07, 2.01397597266e-07, 1.27247517412e-07, 1.42098997458e-07],
        "min": [1.80300130381e-08, 2.7658018098e-08, 5.50360432783e-08, 3.14006598501e-08, 2.14414228594e-08, 1.23850982803e-08, 4.02927788912e-08, 1.60172319852e-08, 4.38018288307e-09, 4.29657331935e-09, 1.37391280575e-08, 1.50261616483e-08, 1.07729611898e-08, 6.65828192581e-09, 6.43338671225e-09, 1.96455407497e-09, 3.54675733227e-09, 1.59397717248e-09, 5.56986901046e-10, 9.25132470631e-10, 2.10544626178e-09, 3.6789111757e-09, 1.12965170551e-09, 3.27182475557e-10, 1.4317079744e-09, 5.97945692959e-10, 1.92310556368e-10, 3.94701826778e-10, 1.83137602305e-10, 1.78539960594e-10, 1.81420212186e-10, 2.48785353429e-10, 1.71091224521e-10, 7.99142280128e-11, 6.20246076721e-11, 2.55535922283e-11, 3.00644023565e-11, 1.93212095628e-11, 1.09898140935e-11, 2.28198605845e-11],
