{
"highlevel": {
    "danceability": {
        "all": {
            "danceable": 0.0361586362123,
            "not_danceable": 0.963841378689
        },
        "probability": 0.963841378689,
        "value": "not_danceable"
    },
    "gender": {
        "all": {
            "female": 0.969421207905,
            "male": 0.0305787697434
        },
        "probability": 0.969421207905,
        "value": "female"
    },
    "genre_dortmund": {
        "all": {
            "alternative": 0.117460295558,
            "blues": 0.0374037064612,
            "electronic": 0.0508142895997,
            "folkcountry": 0.0438913740218,
            "funksoulrnb": 0.0496770106256,
            "jazz": 0.0243569426239,
            "pop": 0.10623383522,
            "raphiphop": 0.0074821091257,
            "rock": 0.56268042326
        },
        "probability": 0.56268042326,
        "value": "rock"
    },
    "genre_electronic": {
        "all": {
            "ambient": 0.241049543023,
            "dnb": 0.163523122668,
            "house": 0.0732599198818,
            "techno": 0.0186187196523,
            "trance": 0.503548681736
        },
        "probability": 0.503548681736,
        "value": "trance"
    },
    "genre_rosamerica": {
        "all": {
            "cla": 0.000777459936216,
            "dan": 0.04911390692,
            "hip": 0.00417537800968,
            "jaz": 0.00282267481089,
            "pop": 0.240157157183,
            "rhy": 0.0111709618941,
            "roc": 0.691298604012,
            "spe": 0.000483878189698
        },
        "probability": 0.691298604012,
        "value": "roc"
    },
    "genre_tzanetakis": {
        "all": {
            "blu": 0.0626613423228,
            "cla": 0.0348169617355,
            "cou": 0.104475811124,
            "dis": 0.0784321576357,
            "hip": 0.15692435205,
            "jaz": 0.313974827528,
            "met": 0.0448166541755,
            "pop": 0.0627359300852,
            "reg": 0.0627360641956,
            "roc": 0.0784258767962
        },
        "probability": 0.313974827528,
        "value": "jaz"
    },
    "ismir04_rhythm": {
        "all": {
            "ChaChaCha": 0.283539772034,
            "Jive": 0.37820404768,
            "Quickstep": 0.0313142426312,
            "Rumba-American": 0.00947360135615,
            "Rumba-International": 0.0699283406138,
            "Rumba-Misc": 0.00611191429198,
            "Samba": 0.149843111634,
            "Tango": 0.00599700771272,
            "VienneseWaltz": 0.0549532733858,
            "Waltz": 0.010634704493
        },
        "probability": 0.37820404768,
        "value": "Jive"
    },
    "mood_acoustic": {
        "all": {
            "acoustic": 1.66443860508e-05,
            "not_acoustic": 0.999983370304
        },
        "probability": 0.999983370304,
        "value": "not_acoustic"
    },
    "mood_aggressive": {
        "all": {
            "aggressive": 0.857143342495,
            "not_aggressive": 0.142856657505
        },
        "probability": 0.857143342495,
        "value": "aggressive"
    },
    "mood_electronic": {
        "all": {
            "electronic": 0.721165060997,
            "not_electronic": 0.278834968805
        },
        "probability": 0.721165060997,
        "value": "electronic"
    },
    "mood_happy": {
        "all": {
            "happy": 0.283064544201,
            "not_happy": 0.716935455799
        },
        "probability": 0.716935455799,
        "value": "not_happy"
    },
    "mood_party": {
        "all": {
            "not_party": 0.0851537957788,
            "party": 0.91484618187
        },
        "probability": 0.91484618187,
        "value": "party"
    },
    "mood_relaxed": {
        "all": {
            "not_relaxed": 0.96872729063,
            "relaxed": 0.0312727056444
        },
        "probability": 0.96872729063,
        "value": "not_relaxed"
    },
    "mood_sad": {
        "all": {
            "not_sad": 0.559557318687,
            "sad": 0.440442681313
        },
        "probability": 0.559557318687,
        "value": "not_sad"
    },
    "moods_mirex": {
        "all": {
            "Cluster1": 0.674304783344,
            "Cluster2": 0.155875295401,
            "Cluster3": 0.0659721121192,
            "Cluster4": 0.0381764955819,
            "Cluster5": 0.065671287477
        },
        "probability": 0.674304783344,
        "value": "Cluster1"
    },
    "timbre": {
        "all": {
            "bright": 0.211932092905,
            "dark": 0.788067877293
        },
        "probability": 0.788067877293,
        "value": "dark"
    },
    "tonal_atonal": {
        "all": {
            "atonal": 0.709598004818,
            "tonal": 0.29040196538
        },
        "probability": 0.709598004818,
        "value": "atonal"
    },
    "voice_instrumental": {
        "all": {
            "instrumental": 0.00344201014377,
            "voice": 0.996558010578
        },
        "probability": 0.996558010578,
        "value": "voice"
    }
},
"lowlevel": {
    "average_loudness": 0.978255212307,
    "barkbands_crest": {
        "dmean": 2.72117257118,
        "dmean2": 4.35710573196,
        "dvar": 7.42884302139,
        "dvar2": 18.1450500488,
        "max": 24.4659824371,
        "mean": 9.39370155334,
        "median": 8.62203025818,
        "min": 2.32591247559,
        "var": 16.6963539124
    },
    "barkbands_flatness_db": {
        "dmean": 0.0195806305856,
        "dmean2": 0.0306101199239,
        "dvar": 0.000392402143916,
        "dvar2": 0.00086508289678,
        "max": 0.397013038397,
        "mean": 0.124908976257,
        "median": 0.110454246402,
        "min": 0.0424825325608,
        "var": 0.00280551891774
    },
    "barkbands_kurtosis": {
        "dmean": 1.9547342062,
        "dmean2": 3.14747142792,
        "dvar": 48.3491439819,
        "dvar2": 119.499282837,
        "max": 198.343536377,
        "mean": 1.69971096516,
        "median": 0.257199287415,
        "min": -1.83787357807,
        "var": 48.3286705017
    },
    "barkbands_skewness": {
        "dmean": 0.476686120033,
        "dmean2": 0.745497524738,
        "dvar": 0.284317463636,
        "dvar2": 0.616027355194,
        "max": 12.4928855896,
        "mean": 1.19315373898,
        "median": 1.01735889912,
        "min": -1.2873609066,
        "var": 0.848169445992
    },
    "barkbands_spread": {
        "dmean": 6.26394176483,
        "dmean2": 9.86216449738,
        "dvar": 39.2543907166,
        "dvar2": 85.969039917,
        "max": 88.6042938232,
        "mean": 31.9174671173,
        "median": 31.4890480042,
        "min": 1.26589918137,
        "var": 194.286972046
    },
    "dissonance": {
        "dmean": 0.0155741348863,
        "dmean2": 0.0266816113144,
        "dvar": 0.000336713768775,
        "dvar2": 0.000943078193814,
        "max": 0.499848037958,
        "mean": 0.469567865133,
        "median": 0.478605777025,
        "min": 0.293529719114,
        "var": 0.000847910763696
    },
    "dynamic_complexity": 1.24335455894,
    "erbbands_crest": {
        "dmean": 2.30781817436,
        "dmean2": 3.75926041603,
        "dvar": 4.89851570129,
        "dvar2": 12.4822320938,
        "max": 26.1054611206,
        "mean": 8.64959812164,
        "median": 7.25244045258,
        "min": 2.41766810417,
        "var": 21.7537899017
    },
    "erbbands_flatness_db": {
        "dmean": 0.0135414665565,
        "dmean2": 0.0204783286899,
        "dvar": 0.000163037038874,
        "dvar2": 0.000349985464709,
        "max": 0.360066115856,
        "mean": 0.140087723732,
        "median": 0.127078726888,
        "min": 0.065809302032,
        "var": 0.00191970472224
    },
    "erbbands_kurtosis": {
        "dmean": 0.698071718216,
        "dmean2": 1.14350652695,
        "dvar": 0.778244197369,
        "dvar2": 1.85864329338,
        "max": 12.6357088089,
        "mean": 0.285007655621,
        "median": -0.226606607437,
        "min": -1.593064785,
        "var": 2.78897571564
    },
    "erbbands_skewness": {
        "dmean": 0.300299942493,
        "dmean2": 0.4725664258,
        "dvar": 0.071927882731,
        "dvar2": 0.172257065773,
        "max": 2.20618605614,
        "mean": 0.0996486246586,
        "median": 0.090782314539,
        "min": -1.94775772095,
        "var": 0.354301840067
    },
    "erbbands_spread": {
        "dmean": 7.42974948883,
        "dmean2": 11.7530479431,
        "dvar": 51.109828949,
        "dvar2": 123.679573059,
        "max": 108.993583679,
        "mean": 40.7528991699,
        "median": 40.3835067749,
        "min": 6.9783911705,
        "var": 247.855514526
    },
    "hfc": {
        "dmean": 9.57954502106,
        "dmean2": 14.0540628433,
        "dvar": 181.943527222,
        "dvar2": 400.598327637,
        "max": 157.208404541,
        "mean": 34.1374664307,
        "median": 30.3598175049,
        "min": 1.78120458126,
        "var": 468.144622803
    },
    "melbands_crest": {
        "dmean": 3.64756441116,
        "dmean2": 6.00149154663,
        "dvar": 13.2563610077,
        "dvar2": 35.7526855469,
        "max": 32.1743354797,
        "mean": 14.018538475,
        "median": 12.9338731766,
        "min": 3.45891022682,
        "var": 30.0764293671
    },
    "melbands_flatness_db": {
        "dmean": 0.0258639957756,
        "dmean2": 0.039373267442,
        "dvar": 0.000648193876259,
        "dvar2": 0.00136605033185,
        "max": 0.509387135506,
        "mean": 0.169613733888,
        "median": 0.154701247811,
        "min": 0.0483850128949,
        "var": 0.00485328724608
    },
    "melbands_kurtosis": {
        "dmean": 5.63987874985,
        "dmean2": 8.93804073334,
        "dvar": 150.283676147,
        "dvar2": 327.139373779,
        "max": 321.647186279,
        "mean": 9.34154415131,
        "median": 5.40161705017,
        "min": -1.38542222977,
        "var": 230.126495361
    },
    "melbands_skewness": {
        "dmean": 0.687956750393,
        "dmean2": 1.07659840584,
        "dvar": 0.5422052145,
        "dvar2": 1.20196962357,
        "max": 12.0907859802,
        "mean": 2.40432715416,
        "median": 2.1821577549,
        "min": -0.699510633945,
        "var": 1.83367240429
    },
    "melbands_spread": {
        "dmean": 8.61791419983,
        "dmean2": 13.5754261017,
        "dvar": 86.2339019775,
        "dvar2": 186.727203369,
        "max": 148.781265259,
        "mean": 31.0240020752,
        "median": 29.7334327698,
        "min": 0.788321197033,
        "var": 283.523498535
    },
    "pitch_salience": {
        "dmean": 0.0734625458717,
        "dmean2": 0.11751229316,
        "dvar": 0.00482430309057,
        "dvar2": 0.0114522520453,
        "max": 0.803592085838,
        "mean": 0.531704425812,
        "median": 0.537140607834,
        "min": 0.128369286656,
        "var": 0.0122356219217
    },
    "silence_rate_20dB": {
        "dmean": 0,
        "dmean2": 0,
        "dvar": 0,
        "dvar2": 0,
        "max": 1,
        "mean": 1,
        "median": 1,
        "min": 1,
        "var": 0
    },
    "silence_rate_30dB": {
        "dmean": 0,
        "dmean2": 0,
        "dvar": 0,
        "dvar2": 0,
        "max": 1,
        "mean": 1,
        "median": 1,
        "min": 1,
        "var": 0
    },
    "silence_rate_60dB": {
        "dmean": 0,
        "dmean2": 0,
        "dvar": 0,
        "dvar2": 0,
        "max": 0,
        "mean": 0,
        "median": 0,
        "min": 0,
        "var": 0
    },
    "spectral_centroid": {
        "dmean": 242.057159424,
        "dmean2": 375.651977539,
        "dvar": 54800.5195312,
        "dvar2": 114425.515625,
        "max": 3672.04125977,
        "mean": 1751.65429688,
        "median": 1801.2923584,
        "min": 284.685882568,
        "var": 397005.75
    },
    "spectral_complexity": {
        "dmean": 4.63699674606,
        "dmean2": 7.04260253906,
        "dvar": 18.5377750397,
        "dvar2": 43.768157959,
        "max": 60,
        "mean": 29.4872398376,
        "median": 31,
        "min": 2,
        "var": 146.263778687
    },
    "spectral_decrease": {
        "dmean": 2.51806198115e-09,
        "dmean2": 4.15883727456e-09,
        "dvar": 8.96291800886e-18,
        "dvar2": 2.471464958e-17,
        "max": -6.59598875519e-10,
        "mean": -8.91638229916e-09,
        "median": -8.30890201087e-09,
        "min": -3.52856481811e-08,
        "var": 1.67352220225e-17
    },
    "spectral_energy": {
        "dmean": 0.00992925092578,
        "dmean2": 0.0164622925222,
        "dvar": 0.000131502165459,
        "dvar2": 0.000359744415618,
        "max": 0.134302511811,
        "mean": 0.0367488786578,
        "median": 0.034218609333,
        "min": 0.0027361784596,
        "var": 0.000261958863121
    },
    "spectral_energyband_high": {
        "dmean": 0.000735698908102,
        "dmean2": 0.00108608184382,
        "dvar": 1.57822933033e-06,
        "dvar2": 3.36262564815e-06,
        "max": 0.0154724288732,
        "mean": 0.00189273024444,
        "median": 0.00141613942105,
        "min": 9.57876977736e-07,
        "var": 3.48609273715e-06
    },
    "spectral_energyband_low": {
        "dmean": 0.0078434702009,
        "dmean2": 0.0127271655947,
        "dvar": 0.000148142818944,
        "dvar2": 0.000389198074117,
        "max": 0.131056264043,
        "mean": 0.0152088394389,
        "median": 0.0114195011556,
        "min": 1.18463267427e-05,
        "var": 0.000209154444747
    },
    "spectral_energyband_middle_high": {
        "dmean": 0.00295020546764,
        "dmean2": 0.00463333027437,
        "dvar": 9.7609772638e-06,
        "dvar2": 2.3443461032e-05,
        "max": 0.0307230781764,
        "mean": 0.00927952025086,
        "median": 0.00789268128574,
        "min": 0.000217992826947,
        "var": 3.43867322954e-05
    },
    "spectral_energyband_middle_low": {
        "dmean": 0.00380748114549,
        "dmean2": 0.00611853227019,
        "dvar": 1.67980306287e-05,
        "dvar2": 3.95240895159e-05,
        "max": 0.0379408895969,
        "mean": 0.0107254143804,
        "median": 0.00961909536272,
        "min": 0.000193634448806,
        "var": 3.94420385419e-05
    },
    "spectral_entropy": {
        "dmean": 0.103285431862,
        "dmean2": 0.15688124299,
        "dvar": 0.0113256098703,
        "dvar2": 0.0209799390286,
        "max": 8.51107406616,
        "mean": 7.80299711227,
        "median": 7.92999267578,
        "min": 5.86158370972,
        "var": 0.194587051868
    },
    "spectral_flux": {
        "dmean": 0.0230721607804,
        "dmean2": 0.0379176661372,
        "dvar": 0.000488901103381,
        "dvar2": 0.00127486197744,
        "max": 0.226499930024,
        "mean": 0.0977368727326,
        "median": 0.0929259434342,
        "min": 0.0211463905871,
        "var": 0.00142815487925
    },
    "spectral_kurtosis": {
        "dmean": 1.11247348785,
        "dmean2": 1.8814637661,
        "dvar": 4.21504306793,
        "dvar2": 12.1781511307,
        "max": 35.1369094849,
        "mean": 3.61571669579,
        "median": 2.73296499252,
        "min": -0.514122247696,
        "var": 12.0068120956
    },
    "spectral_rms": {
        "dmean": 0.00077810883522,
        "dmean2": 0.0012750136666,
        "dvar": 6.27527242614e-07,
        "dvar2": 1.67355347003e-06,
        "max": 0.0114466957748,
        "mean": 0.005844081752,
        "median": 0.00577788986266,
        "min": 0.00163384282496,
        "var": 1.6992584051e-06
    },
    "spectral_rolloff": {
        "dmean": 606.897033691,
        "dmean2": 970.64666748,
        "dvar": 556586.625,
        "dvar2": 1200700.125,
        "max": 7881.15234375,
        "mean": 1801.06286621,
        "median": 1399.65820312,
        "min": 86.1328125,
        "var": 1499666.875
    },
    "spectral_skewness": {
        "dmean": 0.14789943397,
        "dmean2": 0.240751519799,
        "dvar": 0.0316482894123,
        "dvar2": 0.0843857750297,
        "max": 4.04838180542,
        "mean": 1.39124786854,
        "median": 1.31700658798,
        "min": 0.415061742067,
        "var": 0.183452680707
    },
    "spectral_spread": {
        "dmean": 465030.15625,
        "dmean2": 704419,
        "dvar": 205470351360,
        "dvar2": 438682157056,
        "max": 10987276,
        "mean": 4866103,
        "median": 4962907,
        "min": 1457211.375,
        "var": 1.20624237773e+12
    },
    "spectral_strongpeak": {
        "dmean": 0.530156672001,
        "dmean2": 0.934503376484,
        "dvar": 0.735351920128,
        "dvar2": 1.77944016457,
        "max": 7.35203170776,
        "mean": 0.92175501585,
        "median": 0.475939750671,
        "min": 0,
        "var": 1.35550022125
    },
    "zerocrossingrate": {
        "dmean": 0.011741803959,
        "dmean2": 0.0141336806118,
        "dvar": 0.000120197335491,
        "dvar2": 0.000166398414876,
        "max": 0.1796875,
        "mean": 0.0746394321322,
        "median": 0.07470703125,
        "min": 0.0048828125,
        "var": 0.000942793558352
    },
    "barkbands": {
        "dmean": [0.00120444549248, 0.00672437530011, 0.00136629678309, 0.000707386236172, 0.00194782752078, 0.00123221997637, 0.000338625832228, 0.000800917041488, 0.000577066268306, 0.000715029193088, 0.000872090342455, 0.00106652360409, 0.000257844571024, 0.000331271352479, 0.000381994323106, 0.000369403074728, 0.00030606528162, 0.000293450866593, 0.000403383804951, 0.000307243812131, 0.000136975664645, 0.000132660599775, 0.000251412740909, 0.000123127567349, 0.000111343273602, 7.05548663973e-05, 6.07589534241e-09],
        "dmean2": [0.00193829322234, 0.0109712481499, 0.00221728323959, 0.0012032414088, 0.00323133007623, 0.00204437342472, 0.000507474062033, 0.00128693203442, 0.000900979037397, 0.00110766524449, 0.00142662774306, 0.00168238929473, 0.000421765202191, 0.000554528727662, 0.00062188191805, 0.000603429100011, 0.000512194877956, 0.000497309549246, 0.000662777514663, 0.000499055488035, 0.000219957626541, 0.000205235715839, 0.000393983966205, 0.000193603889784, 0.000164276905707, 0.000108134343463, 7.90222198788e-09],
        "dvar": [5.49325341126e-06, 0.000135989030241, 4.04947786592e-06, 9.71815438788e-07, 7.52996584197e-06, 4.12033750763e-06, 4.48833901601e-07, 2.55297686635e-06, 1.15522243505e-06, 1.31939566472e-06, 1.50301457325e-06, 2.36746132032e-06, 2.84025304609e-07, 3.60497182328e-07, 4.35470298044e-07, 3.69678701873e-07, 4.22969975489e-07, 1.55731527229e-07, 3.52606178922e-07, 2.82507016891e-07, 3.68614188062e-08, 5.75777896472e-08, 1.7564117627e-07, 4.88899196682e-08, 7.21000787962e-08, 2.06258015112e-08, 1.09379253362e-14],
        "dvar2": [1.46300908455e-05, 0.000349915178958, 1.05701083157e-05, 2.56053999692e-06, 1.84875771083e-05, 1.02273252196e-05, 8.45888962431e-07, 6.4850896706e-06, 2.90645152745e-06, 2.59084913523e-06, 3.69181316273e-06, 5.44671365788e-06, 7.64805008657e-07, 9.37955462632e-07, 1.04231321529e-06, 9.19755962059e-07, 1.13185728878e-06, 4.15023464484e-07, 8.42584995553e-07, 6.64620699808e-07, 8.8046292035e-08, 1.33552617854e-07, 4.1927077632e-07, 1.13937403512e-07, 1.5350741478e-07, 4.98332752841e-08, 1.10027072631e-14],
        "max": [0.0201607178897, 0.12169791013, 0.0196913853288, 0.0100910412148, 0.0324590541422, 0.0312696285546, 0.0092345867306, 0.0222585611045, 0.017323391512, 0.0246568936855, 0.0156699921936, 0.0249829404056, 0.00932272244245, 0.00886664260179, 0.00886026676744, 0.00671185087413, 0.00811893958598, 0.00439320271835, 0.0113782091066, 0.0110862953588, 0.00173593324143, 0.00305969128385, 0.0053447871469, 0.00376340933144, 0.00510577484965, 0.00192597950809, 3.30598004439e-06],
        "mean": [0.00155620323494, 0.0101760467514, 0.0032178517431, 0.00105544994585, 0.00377152045257, 0.00245103379712, 0.000645985652227, 0.00147891510278, 0.00114758382551, 0.00129214068875, 0.00143634399865, 0.00226911250502, 0.000411732849898, 0.000487286539283, 0.000640437821858, 0.000627163273748, 0.000432956003351, 0.000539351720363, 0.000864198780619, 0.000618389574811, 0.000307839713059, 0.000258051790297, 0.000462540570879, 0.000306977890432, 0.000202226714464, 9.15343916859e-05, 5.56084733816e-09],
        "median": [0.00046608937555, 0.00568179506809, 0.00198718858883, 0.000621480168775, 0.00246296171099, 0.000920980819501, 0.000266831804765, 0.000423681369284, 0.00053583655972, 0.000624514184892, 0.000701059063431, 0.000914824369829, 0.000232358215726, 0.000256186642218, 0.00034503734787, 0.000374980474589, 0.00025095109595, 0.000423850113293, 0.000644431158435, 0.000488348712679, 0.000223503768211, 0.00014844139514, 0.000304437038722, 0.000210933489143, 0.000121208897326, 3.75411254936e-05, 6.39911068578e-10],
        "min": [7.97803334507e-09, 2.27737155001e-06, 3.91478897654e-06, 2.70515442935e-07, 3.25756991515e-05, 4.37042126578e-06, 3.80240635423e-07, 1.10270832465e-06, 1.32843797473e-06, 3.95757797378e-06, 1.0776146155e-05, 7.73354258854e-06, 4.9064351515e-07, 1.66386723777e-06, 6.81199139763e-07, 3.40027327184e-06, 6.92289972903e-07, 7.78640583121e-07, 3.95127790398e-06, 2.28050737405e-07, 2.10865309214e-07, 2.02439181862e-07, 4.12732248378e-08, 2.66979736097e-08, 1.00224273325e-08, 5.79099879161e-10, 8.92947434744e-12],
        "var": [7.67719120631e-06, 0.000175016204594, 1.11589206426e-05, 1.46463219153e-06, 1.43342585943e-05, 1.63263503055e-05, 1.19427875234e-06, 6.31175407761e-06, 2.7719524951e-06, 3.96630548494e-06, 3.76798129764e-06, 1.26894883579e-05, 3.83571602924e-07, 4.92313120048e-07, 7.69809389567e-07, 5.99377642629e-07, 4.33652786569e-07, 2.40867279899e-07, 6.60448506551e-07, 4.41901448767e-07, 8.51574171179e-08, 1.10526734431e-07, 2.74535722156e-07, 9.94861295567e-08, 1.24248273892e-07, 2.57553516292e-08, 1.09231818808e-14]
    },
    "erbbands": {
        "dmean": [0.246747896075, 1.38236141205, 1.60810577869, 1.95003795624, 3.18227148056, 7.91140890121, 13.806268692, 6.7758307457, 3.80418682098, 8.33045864105, 19.4308128357, 9.91459178925, 19.2602539062, 27.2232246399, 31.2087936401, 41.0501937866, 11.9119167328, 14.0178937912, 18.3633861542, 19.4016113281, 20.9371089935, 18.9076919556, 12.935749054, 18.3698196411, 21.0309181213, 12.9110660553, 7.64889097214, 4.18216848373, 5.24977874756, 4.31978607178, 9.26048755646, 3.11553525925, 2.02647924423, 1.12078762054, 0.852132618427, 0.586540102959, 0.0415283069015, 0.00420753285289, 9.22705803532e-05, 1.60370236699e-05],
        "dmean2": [0.416829019785, 2.16591739655, 2.5613117218, 3.23163676262, 5.41329908371, 13.0612668991, 22.9109077454, 11.1990823746, 5.77619838715, 12.8703870773, 31.4651908875, 15.8399600983, 29.4680118561, 44.4918708801, 51.1910896301, 62.9870262146, 19.0435352325, 22.4930400848, 30.4281902313, 31.8921871185, 35.0692977905, 32.0331573486, 21.7786827087, 29.7639884949, 34.426109314, 20.9286251068, 12.5118703842, 6.60707378387, 8.29364013672, 6.74148178101, 14.5619525909, 4.98297214508, 3.22393512726, 1.80714046955, 1.23007059097, 0.880341589451, 0.0627392530441, 0.00662563368678, 0.000137880750117, 2.53854177572e-05],
        "dvar": [0.182704269886, 7.02128648758, 5.65202713013, 7.29315233231, 24.9538898468, 163.877090454, 476.530914307, 216.496536255, 63.4288825989, 286.01953125, 1562.34277344, 368.184204102, 988.355041504, 1341.19970703, 1439.10375977, 4907.75146484, 546.956481934, 844.69543457, 819.540466309, 1244.74316406, 1214.08422852, 1918.00585938, 377.141937256, 528.450561523, 1266.75256348, 417.452697754, 111.244796753, 49.6463737488, 92.6139144897, 69.9654998779, 221.539215088, 29.990404129, 16.1422386169, 8.70630741119, 4.12673425674, 1.49374163151, 0.0058072283864, 0.000111888068204, 4.46804193643e-08, 4.25485563449e-10],
        "dvar2": [0.512717783451, 16.8697071075, 14.2131052017, 17.9007301331, 68.4937210083, 401.08013916, 1194.66430664, 533.340820312, 122.951721191, 581.099365234, 3970.78222656, 955.654907227, 2218.38598633, 3286.28344727, 3733.61010742, 10556.6757812, 1369.28613281, 2061.82275391, 2156.13598633, 2653.48291016, 3060.13305664, 5282.85595703, 986.244018555, 1356.52270508, 2958.86035156, 967.932434082, 277.417388916, 111.968322754, 220.863647461, 163.435974121, 525.617248535, 71.5526504517, 37.1520690918, 22.0401420593, 7.49361133575, 3.44047808647, 0.0133041217923, 0.000265233684331, 1.02076050723e-07, 9.83476633465e-10],
        "max": [3.58824038506, 30.808713913, 25.7951221466, 29.6838130951, 71.5835723877, 167.476547241, 284.468688965, 309.436035156, 123.164611816, 248.844268799, 558.284240723, 426.037017822, 517.781982422, 590.5625, 347.451019287, 1278.1842041, 470.454772949, 494.600006104, 286.970306396, 588.480102539, 369.064910889, 569.479492188, 253.902130127, 239.034545898, 670.111938477, 352.895690918, 147.15171814, 82.2843704224, 101.07434082, 150.342041016, 181.949615479, 87.8015823364, 82.5062942505, 59.7806816101, 48.5670928955, 15.6362714767, 0.763713300228, 0.130025073886, 0.0024915591348, 0.000239088461967],
        "mean": [0.316126257181, 2.17822933197, 3.9040286541, 3.89796996117, 5.38453722, 14.3819589615, 26.0458393097, 14.9106340408, 8.0956287384, 16.3438510895, 36.7060661316, 20.0453395844, 37.7614212036, 53.340637207, 59.8352661133, 91.4679794312, 24.3770027161, 24.3276996613, 30.0176010132, 33.5958518982, 34.9569473267, 27.3851184845, 24.9242458344, 41.7764930725, 42.5505180359, 27.6399459839, 18.2409553528, 8.84313106537, 9.50946521759, 9.51112270355, 15.4254159927, 7.4267988205, 4.74413442612, 2.21718382835, 1.42696297169, 0.744419693947, 0.0679045990109, 0.00543305976316, 0.000154690889758, 5.6609591411e-05],
        "median": [0.138531088829, 1.31760168076, 2.65763068199, 3.08694696426, 3.16484594345, 7.81990194321, 13.5014533997, 5.51422643661, 2.97576093674, 8.29338550568, 11.4188756943, 11.7085943222, 21.5079193115, 31.2135066986, 44.7896118164, 31.7118873596, 14.7692127228, 13.1024494171, 17.477891922, 18.7078475952, 21.5459461212, 16.3561210632, 19.6955547333, 35.6333351135, 30.2610054016, 22.7509059906, 14.4997529984, 5.37169456482, 5.09565114975, 6.29376220703, 9.68719768524, 4.88640737534, 3.34829711914, 1.37371075153, 0.765916705132, 0.277238219976, 0.0385595150292, 0.0019546172116, 8.74076868058e-05, 5.013576083e-05],
        "min": [6.6327440436e-05, 0.000569372205064, 0.00410032272339, 0.0090121589601, 0.0141081698239, 0.0771401897073, 0.0328330658376, 0.03040911071, 0.022611644119, 0.0110096009448, 0.0388438254595, 0.0300582200289, 0.0731665864587, 0.261340141296, 0.680977940559, 0.350471884012, 0.391101002693, 0.149315878749, 0.117783561349, 0.0590813979506, 0.16669946909, 0.0594580508769, 0.0498372651637, 0.269955664873, 0.14119374752, 0.0189151279628, 0.0113268373534, 0.00853309221566, 0.00760281085968, 0.0017227679491, 0.00107482355088, 0.000575909740292, 0.000306449539494, 0.000123792749946, 6.53530005366e-05, 2.7096562917e-05, 6.44432111585e-06, 6.04483545885e-07, 1.6177281168e-06, 3.29711588165e-06],
        "var": [0.214470297098, 8.78816127777, 14.5786685944, 11.0984926224, 39.0018005371, 311.661010742, 1234.70947266, 1070.34460449, 204.49118042, 647.36907959, 3718.55175781, 668.571777344, 2315.65014648, 4828.02880859, 2944.24609375, 28816.6875, 948.162963867, 1398.20275879, 1457.59033203, 2274.20214844, 1818.9119873, 1786.62060547, 537.219970703, 1159.72314453, 2100.2590332, 740.937805176, 245.816360474, 102.101928711, 163.013198853, 119.040870667, 332.383666992, 60.2839202881, 28.2884616852, 11.9721736908, 8.0639629364, 1.92647898197, 0.00898292474449, 0.000121374738228, 5.64860229701e-08, 9.29354204704e-10]
    },
    "gfcc": {
        "mean": [47.9023513794, 78.9524993896, -119.033691406, 45.0542793274, -59.3547515869, 30.4780216217, -34.5735969543, 19.1107063293, -33.2823219299, -2.39892411232, -10.8066940308, 3.70016694069, -5.94372320175],
        "cov": [[2808.23828125, -1405.54870605, -17.8977928162, 195.396865845, -329.276611328, 192.486740112, -336.274536133, 342.761077881, 88.1926651001, 379.421508789, -270.662780762, -72.0674667358, -262.437652588], [-1405.54870605, 1196.58837891, 24.7048511505, -195.64263916, 233.465560913, -138.767227173, 225.22883606, -198.495834351, -14.7599048615, -236.724624634, 170.109542847, 0.320430696011, 149.618148804], [-17.8977928162, 24.7048511505, 286.349304199, 54.2448310852, 74.6951217651, 46.8324699402, 5.34692811966, 24.6921386719, 22.3076705933, 43.1995239258, -8.01063537598, 15.6304197311, -18.6818885803], [195.396865845, -195.64263916, 54.2448310852, 318.532775879, -7.51791906357, -0.771232366562, -87.1635437012, 21.564655304, 58.5019950867, 31.8306770325, 6.99085664749, -14.1279201508, 29.0924472809], [-329.276611328, 233.465560913, 74.6951217651, -7.51791906357, 230.839904785, 39.4312744141, 75.814994812, -29.9952468872, -6.79604148865, -20.2520961761, 13.0912055969, 10.9138345718, 12.3982772827], [192.486740112, -138.767227173, 46.8324699402, -0.771232366562, 39.4312744141, 170.319015503, 55.3451347351, 65.0357818604, 4.5372800827, 36.9924430847, -11.4600229263, -7.7844171524, -42.6923408508], [-336.274536133, 225.22883606, 5.34692811966, -87.1635437012, 75.814994812, 55.3451347351, 173.483291626, 14.6230669022, -15.4910640717, -44.8753356934, 47.2999038696, 13.2343149185, 5.34736156464], [342.761077881, -198.495834351, 24.6921386719, 21.564655304, -29.9952468872, 65.0357818604, 14.6230669022, 149.351837158, 48.239440918, 76.7793502808, -19.204990387, -20.3927707672, -48.1623344421], [88.1926651001, -14.7599048615, 22.3076705933, 58.5019950867, -6.79604148865, 4.5372800827, -15.4910640717, 48.239440918, 91.6042098999, 49.6689224243, 13.5363035202, -12.992316246, 2.96335721016], [379.421508789, -236.724624634, 43.1995239258, 31.8306770325, -20.2520961761, 36.9924430847, -44.8753356934, 76.7793502808, 49.6689224243, 132.488357544, -24.3762798309, -9.5784034729, -52.6138420105], [-270.662780762, 170.109542847, -8.01063537598, 6.99085664749, 13.0912055969, -11.4600229263, 47.2999038696, -19.204990387, 13.5363035202, -24.3762798309, 101.681396484, 19.3222770691, 43.331199646], [-72.0674667358, 0.320430696011, 15.6304197311, -14.1279201508, 10.9138345718, -7.7844171524, 13.2343149185, -20.3927707672, -12.992316246, -9.5784034729, 19.3222770691, 71.6389770508, 32.5269432068], [-262.437652588, 149.618148804, -18.6818885803, 29.0924472809, 12.3982772827, -42.6923408508, 5.34736156464, -48.1623344421, 2.96335721016, -52.6138420105, 43.331199646, 32.5269432068, 100.769760132]],
        "icov": [[0.00164096825756, -0.000731663487386, 0.000995529466309, -0.000993811292574, 0.00158861733507, -0.00204496993683, 0.00262021110393, -0.00229395297356, 0.00122223305516, -0.00250947498716, 0.00251821428537, -0.00193952105474, 0.00173120526597], [-0.000731663487386, 0.00838908366859, -0.00362958642654, 0.00545730115846, -0.00563297048211, 0.00690868683159, -0.00664006313309, 0.00589130679145, -0.00760035775602, 0.00870593544096, -0.00758285960183, 0.00966856721789, -0.004912734963], [0.000995529466309, -0.00362958642654, 0.00629732431844, -0.00336310174316, 0.00145407288801, -0.00413284823298, 0.00379028404132, -0.00327107543126, 0.00294935610145, -0.00529874581844, 0.00436459528282, -0.00637667160481, 0.00375397014432], [-0.000993811292574, 0.00545730115846, -0.00336310174316, 0.0084700640291, -0.00456196861342, 0.00397983239964, -0.00159739959054, 0.00338254729286, -0.0068902540952, 0.00705479504541, -0.00670965015888, 0.0077907028608, -0.0055544343777], [0.00158861733507, -0.00563297048211, 0.00145407288801, -0.00456196861342, 0.0109296394512, -0.00655268598348, 0.00219055591151, -0.00218517915346, 0.00495297880843, -0.00809945818037, 0.00779770780355, -0.00676659028977, 0.00326256104745], [-0.00204496993683, 0.00690868683159, -0.00413284823298, 0.00397983239964, -0.00655268598348, 0.0161428190768, -0.0106615219265, 0.0038483676035, -0.00497647095472, 0.00708219083026, -0.0071307150647, 0.00893770810217, -0.0034229112789], [0.00262021110393, -0.00664006313309, 0.00379028404132, -0.00159739959054, 0.00219055591151, -0.0106615219265, 0.0219623297453, -0.0119849611074, 0.00662249093875, -0.00256236828864, 0.00195922749117, -0.0103451795876, 0.00713080866262], [-0.00229395297356, 0.00589130679145, -0.00327107543126, 0.00338254729286, -0.00218517915346, 0.0038483676035, -0.0119849611074, 0.0207310598344, -0.0107789449394, 0.00244704401121, -0.00456685898826, 0.00896904524416, -0.00319746672176], [0.00122223305516, -0.00760035775602, 0.00294935610145, -0.0068902540952, 0.00495297880843, -0.00497647095472, 0.00662249093875, -0.0107789449394, 0.0268194582313, -0.0155522990972, 0.00409859186038, -0.00444012088701, -0.000455170404166], [-0.00250947498716, 0.00870593544096, -0.00529874581844, 0.00705479504541, -0.00809945818037, 0.00708219083026, -0.00256236828864, 0.00244704401121, -0.0155522990972, 0.0296303592622, -0.0113825490698, 0.00669519603252, 0.00148310943041], [0.00251821428537, -0.00758285960183, 0.00436459528282, -0.00670965015888, 0.00779770780355, -0.0071307150647, 0.00195922749117, -0.00456685898826, 0.00409859186038, -0.0113825490698, 0.0248064920306, -0.0113622825593, 0.00123325118329], [-0.00193952105474, 0.00966856721789, -0.00637667160481, 0.0077907028608, -0.00676659028977, 0.00893770810217, -0.0103451795876, 0.00896904524416, -0.00444012088701, 0.00669519603252, -0.0113622825593, 0.031313996762, -0.0149787962437], [0.00173120526597, -0.004912734963, 0.00375397014432, -0.0055544343777, 0.00326256104745, -0.0034229112789, 0.00713080866262, -0.00319746672176, -0.000455170404166, 0.00148310943041, 0.00123325118329, -0.0149787962437, 0.0253601633012]]
    },
    "melbands": {
        "dmean": [0.0020397156477, 0.00112894154154, 0.000349671667209, 0.00036057876423, 0.000455422210507, 0.000167585836607, 5.85779853282e-05, 0.000107390027551, 0.000151657673996, 6.93073670845e-05, 0.000103070618934, 0.000114981870865, 0.00012113887351, 0.000126136015751, 6.54591203784e-05, 2.52718309639e-05, 2.71478165814e-05, 3.15749093716e-05, 2.99656239804e-05, 2.55759205174e-05, 2.51553829003e-05, 2.25114235946e-05, 1.21318125821e-05, 1.46707989188e-05, 1.64456923812e-05, 1.88223875739e-05, 1.44316563819e-05, 8.13445331005e-06, 6.1035248109e-06, 3.50511550096e-06, 2.36458254221e-06, 3.53347718374e-06, 2.23461483984e-06, 2.52832433034e-06, 6.33759600532e-06, 2.96776670439e-06, 1.82378278168e-06, 1.65768085481e-06, 1.25656140426e-06, 9.0690059551e-07],
        "dmean2": [0.00339810550213, 0.00174429372419, 0.000580207153689, 0.000606108107604, 0.00075579143595, 0.000274751946563, 8.84090040927e-05, 0.000166642392287, 0.000245725008426, 0.000109230772068, 0.00015774712665, 0.000186150005902, 0.00019926589448, 0.000200123817194, 9.87507592072e-05, 4.17792980443e-05, 4.4639196858e-05, 5.37503983651e-05, 4.93645420647e-05, 4.06429644499e-05, 4.28930579801e-05, 3.83322148991e-05, 2.00957838388e-05, 2.51966430369e-05, 2.67311170319e-05, 3.1275121728e-05, 2.38495395024e-05, 1.32796121761e-05, 1.02614194475e-05, 5.59163481739e-06, 3.82588041248e-06, 5.69869143874e-06, 3.47328682437e-06, 4.04572620027e-06, 1.00168572317e-05, 4.67458039566e-06, 2.94070468954e-06, 2.68403368864e-06, 2.03451531888e-06, 1.47164951159e-06],
        "dvar": [1.17859626698e-05, 3.6143435409e-06, 2.21410658696e-07, 2.99562827877e-07, 4.52951525176e-07, 1.00411810422e-07, 1.27067698585e-08, 4.01025062047e-08, 8.88334525939e-08, 1.90530649036e-08, 2.83078822605e-08, 2.51172327381e-08, 2.73380837967e-08, 3.34535918967e-08, 1.18760201673e-08, 3.24424354048e-09, 3.02733837998e-09, 2.49331422175e-09, 3.43837358585e-09, 1.96092675431e-09, 1.87101067972e-09, 3.00861979774e-09, 3.95775967554e-10, 3.9044850686e-10, 4.23796192583e-10, 9.59541335277e-10, 7.25353332953e-10, 1.45026962661e-10, 7.58855964178e-11, 2.40685128078e-11, 1.74790164981e-11, 4.22881174522e-11, 1.65803152458e-11, 2.55202178834e-11, 1.0507408138e-10, 3.10811619497e-11, 8.6961635809e-12, 8.18116754897e-12, 1.79175320414e-11, 4.5402345078e-12],
        "dvar2": [3.18827806041e-05, 8.42913232191e-06, 5.55468204766e-07, 7.68467884882e-07, 1.12629663818e-06, 2.48945099202e-07, 2.47181191071e-08, 8.86345148388e-08, 2.20867050871e-07, 4.87266724747e-08, 6.23745393113e-08, 5.95085509758e-08, 6.91954653576e-08, 7.65428325167e-08, 2.59070596087e-08, 8.37765856687e-09, 7.47086215114e-09, 6.67367183738e-09, 8.36081959221e-09, 4.67222038836e-09, 4.7914050505e-09, 8.30247071093e-09, 9.85012960086e-10, 1.08466424731e-09, 1.10753139992e-09, 2.35399011395e-09, 1.70975700264e-09, 3.52157747407e-10, 1.98478594671e-10, 5.65657798379e-11, 4.12518456894e-11, 1.03870238799e-10, 3.85523522828e-11, 6.32612157103e-11, 2.52814991164e-10, 7.74450573116e-11, 2.16359135469e-11, 1.97185826695e-11, 4.58352557298e-11, 1.15796833927e-11],
        "max": [0.029020421207, 0.0249902792275, 0.00558626791462, 0.00563149340451, 0.00744660338387, 0.00624776585028, 0.00160518113989, 0.00253720162436, 0.00387522601523, 0.00236754305661, 0.00272731087171, 0.00247546215542, 0.00186389638111, 0.00277918251231, 0.00176327500958, 0.00105031230487, 0.000867868948262, 0.000524362782016, 0.000803962000646, 0.000578094506636, 0.000435931695392, 0.000700101081748, 0.000332472496666, 0.000201380360522, 0.0002308190451, 0.000614463060629, 0.000542399066035, 0.000150469320943, 0.000127788385726, 5.73020370211e-05, 4.96647917316e-05, 6.63866958348e-05, 5.94778939558e-05, 9.17535362532e-05, 0.000117708637845, 0.000104116967123, 4.79579684907e-05, 3.68918190361e-05, 0.00011687798542, 3.61979509762e-05],
        "mean": [0.00296633061953, 0.00242131133564, 0.000718693423551, 0.00065234786598, 0.000887410074938, 0.000360074365744, 0.000124038735521, 0.000206290496862, 0.000282718683593, 0.000135246125865, 0.000196544890059, 0.000217688997509, 0.000206190583413, 0.000259463908151, 0.00012644729577, 4.31547523476e-05, 4.28658204328e-05, 4.73616746604e-05, 4.57135029137e-05, 4.32033593825e-05, 3.85508465115e-05, 2.92477670882e-05, 1.97632798518e-05, 2.5747662221e-05, 3.44394866261e-05, 3.5163906432e-05, 2.53635516856e-05, 1.6421865439e-05, 1.26883951452e-05, 7.41313033359e-06, 4.24355312134e-06, 5.71639202462e-06, 4.50158267995e-06, 5.28161626789e-06, 9.87762632576e-06, 5.83044493396e-06, 4.0973150135e-06, 3.63552112503e-06, 2.47297975875e-06, 1.60262845839e-06],
        "median": [0.00151552993339, 0.00176043284591, 0.000601920473855, 0.000389531545807, 0.000509903940838, 0.000133021982037, 4.99510133523e-05, 0.00010306337208, 9.47108128457e-05, 6.66603591526e-05, 0.000108638705569, 0.000118535317597, 0.000123809368233, 9.91628912743e-05, 4.03907251894e-05, 2.27070049732e-05, 2.34852941503e-05, 2.68975054496e-05, 2.35470342886e-05, 2.61714267253e-05, 2.15649106394e-05, 1.55879242811e-05, 1.39016665344e-05, 2.0327821403e-05, 2.85330734187e-05, 2.45382288995e-05, 1.69527302205e-05, 1.37166707646e-05, 1.03156889963e-05, 5.05545449414e-06, 2.46381364377e-06, 2.87198167825e-06, 2.67564792011e-06, 3.54762391908e-06, 6.1843329604e-06, 3.61535990123e-06, 2.76339710581e-06, 2.55174268204e-06, 1.55357577114e-06, 9.28604436012e-07],
        "min": [7.29076248263e-07, 2.02152932616e-06, 1.48778804032e-06, 2.40438384935e-06, 9.21627531625e-07, 7.20715831903e-07, 3.17299821972e-07, 1.44547726677e-07, 2.2316829984e-07, 1.62481768484e-07, 3.26256866856e-07, 7.42635847928e-07, 2.21157461056e-06, 8.48834531553e-07, 6.81275935221e-07, 5.39101492336e-08, 1.32297856226e-07, 1.74599904312e-07, 5.181391316e-08, 1.00150735705e-07, 1.86732009411e-07, 4.2913789855e-08, 2.58778545259e-08, 4.02582678305e-08, 2.07402180763e-07, 1.49463602384e-07, 9.54191659019e-09, 6.28577589978e-09, 8.3945232987e-09, 4.578372792e-09, 3.89144716451e-09, 4.54731008404e-09, 6.14387540843e-10, 7.44615868964e-10, 6.017834564e-10, 2.82765921789e-10, 2.95887703228e-10, 1.93414131933e-10, 1.0706228265e-10, 5.3794791538e-11],
