{
"highlevel": {
    "danceability": {
        "all": {
            "danceable": 0.999529480934,
            "not_danceable": 0.000470497820061
        },
        "probability": 0.999529480934,
        "value": "danceable"
    },
    "gender": {
        "all": {
            "female": 0.826692163944,
            "male": 0.173307865858
        },
        "probability": 0.826692163944,
        "value": "female"
    },
    "genre_dortmund": {
        "all": {
            "alternative": 0.00546647794545,
            "blues": 0.00592592312023,
            "electronic": 0.139239534736,
            "folkcountry": 0.0139017943293,
            "funksoulrnb": 0.00197082804516,
            "jazz": 0.772229194641,
            "pop": 0.00859636440873,
            "raphiphop": 0.0482274889946,
            "rock": 0.00444240123034
        },
        "probability": 0.772229194641,
        "value": "jazz"
    },
    "genre_electronic": {
        "all": {
            "ambient": 0.264822304249,
            "dnb": 0.0522516183555,
            "house": 0.583532750607,
            "techno": 0.0753803476691,
            "trance": 0.0240129716694
        },
        "probability": 0.583532750607,
        "value": "house"
    },
    "genre_rosamerica": {
        "all": {
            "cla": 0.044681340456,
            "dan": 0.0323189869523,
            "hip": 0.163658633828,
            "jaz": 0.314954668283,
            "pop": 0.0238776300102,
            "rhy": 0.355479508638,
            "roc": 0.0103880381212,
            "spe": 0.0546412020922
        },
        "probability": 0.355479508638,
        "value": "rhy"
    },
    "genre_tzanetakis": {
        "all": {
            "blu": 1.74577962763e-14,
            "cla": 1.12405439503e-14,
            "cou": 2.23580462006e-14,
            "dis": 1.78064807772e-14,
            "hip": 4.2989591921e-14,
            "jaz": 0.999999880791,
            "met": 1.42857272678e-08,
            "pop": 2.50000233848e-08,
            "reg": 2.0000017642e-08,
            "roc": 3.33333645131e-08
        },
        "probability": 0.999999880791,
        "value": "jaz"
    },
    "ismir04_rhythm": {
        "all": {
            "ChaChaCha": 0.242987900972,
            "Jive": 0.0210848730057,
            "Quickstep": 0.0784559249878,
            "Rumba-American": 0.0623959042132,
            "Rumba-International": 0.301174610853,
            "Rumba-Misc": 0.0450169481337,
            "Samba": 0.120237566531,
            "Tango": 0.0755887553096,
            "VienneseWaltz": 0.0138475857675,
            "Waltz": 0.0392099432647
        },
        "probability": 0.301174610853,
        "value": "Rumba-International"
    },
    "mood_acoustic": {
        "all": {
            "acoustic": 0.0884775295854,
            "not_acoustic": 0.911522448063
        },
        "probability": 0.911522448063,
        "value": "not_acoustic"
    },
    "mood_aggressive": {
        "all": {
            "aggressive": 0.38645747304,
            "not_aggressive": 0.613542497158
        },
        "probability": 0.613542497158,
        "value": "not_aggressive"
    },
    "mood_electronic": {
        "all": {
            "electronic": 0.816372871399,
            "not_electronic": 0.1836271137
        },
        "probability": 0.816372871399,
        "value": "electronic"
    },
    "mood_happy": {
        "all": {
            "happy": 0.0413098372519,
            "not_happy": 0.958690166473
        },
        "probability": 0.958690166473,
        "value": "not_happy"
    },
    "mood_party": {
        "all": {
            "not_party": 0.347101569176,
            "party": 0.652898430824
        },
        "probability": 0.652898430824,
        "value": "party"
    },
    "mood_relaxed": {
        "all": {
            "not_relaxed": 0.014528865926,
            "relaxed": 0.985471129417
        },
        "probability": 0.985471129417,
        "value": "relaxed"
    },
    "mood_sad": {
        "all": {
            "not_sad": 0.368211567402,
            "sad": 0.631788432598
        },
        "probability": 0.631788432598,
        "value": "sad"
    },
    "moods_mirex": {
        "all": {
            "Cluster1": 0.215629279613,
            "Cluster2": 0.28938922286,
            "Cluster3": 0.367373079062,
            "Cluster4": 0.0979993268847,
            "Cluster5": 0.0296090990305
        },
        "probability": 0.367373079062,
        "value": "Cluster3"
    },
    "timbre": {
        "all": {
            "bright": 0.0956086218357,
            "dark": 0.904391407967
        },
        "probability": 0.904391407967,
        "value": "dark"
    },
    "tonal_atonal": {
        "all": {
            "atonal": 0.874257326126,
            "tonal": 0.125742673874
        },
        "probability": 0.874257326126,
        "value": "atonal"
    },
    "voice_instrumental": {
        "all": {
            "instrumental": 0.650517404079,
            "voice": 0.349482595921
        },
        "probability": 0.650517404079,
        "value": "instrumental"
    }
},
"lowlevel": {
    "average_loudness": 0.967338383198,
    "barkbands_crest": {
        "dmean": 2.50797128677,
        "dmean2": 3.9317214489,
        "dvar": 11.9562950134,
        "dvar2": 26.2644691467,
        "max": 26.412733078,
        "mean": 20.0840606689,
        "median": 22.3022689819,
        "min": 4.37849283218,
        "var": 33.3533782959
    },
    "barkbands_flatness_db": {
        "dmean": 0.0453318879008,
        "dmean2": 0.0583382919431,
        "dvar": 0.00253116409294,
        "dvar2": 0.00382131058723,
        "max": 0.640060305595,
        "mean": 0.338236540556,
        "median": 0.339376747608,
        "min": 0.071620747447,
        "var": 0.0135619631037
    },
    "barkbands_kurtosis": {
        "dmean": 100.801467896,
        "dmean2": 157.546279907,
        "dvar": 47717.1796875,
        "dvar2": 115497.125,
        "max": 1849.62683105,
        "mean": 147.814956665,
        "median": 22.2347240448,
        "min": -1.58005607128,
        "var": 75039.2578125
    },
    "barkbands_skewness": {
        "dmean": 2.67902255058,
        "dmean2": 4.06845378876,
        "dvar": 16.0718421936,
        "dvar2": 32.7055740356,
        "max": 35.8289756775,
        "mean": 6.76248311996,
        "median": 4.16914367676,
        "min": -2.08907413483,
        "var": 45.9524269104
    },
    "barkbands_spread": {
        "dmean": 4.5040769577,
        "dmean2": 6.26236200333,
        "dvar": 84.7071151733,
        "dvar2": 150.064987183,
        "max": 73.8023681641,
        "mean": 7.84173202515,
        "median": 2.89238882065,
        "min": 0.059065643698,
        "var": 159.077896118
    },
    "dissonance": {
        "dmean": 0.0343176573515,
        "dmean2": 0.056356087327,
        "dvar": 0.00214123772457,
        "dvar2": 0.00594998570159,
        "max": 0.499975770712,
        "mean": 0.431019186974,
        "median": 0.44948258996,
        "min": 0.126847311854,
        "var": 0.00381576828659
    },
    "dynamic_complexity": 4.27741098404,
    "erbbands_crest": {
        "dmean": 3.19660353661,
        "dmean2": 4.98210906982,
        "dvar": 10.3177089691,
        "dvar2": 22.5784645081,
        "max": 32.5102462769,
        "mean": 12.7415800095,
        "median": 12.4391107559,
        "min": 3.32185006142,
        "var": 31.6692733765
    },
    "erbbands_flatness_db": {
        "dmean": 0.0337352566421,
        "dmean2": 0.046205740422,
        "dvar": 0.00132738996763,
        "dvar2": 0.0023202393204,
        "max": 0.426012665033,
        "mean": 0.203198522329,
        "median": 0.198149636388,
        "min": 0.0759405717254,
        "var": 0.00568272266537
    },
    "erbbands_kurtosis": {
        "dmean": 5.35893154144,
        "dmean2": 8.6551027298,
        "dvar": 133.048370361,
        "dvar2": 315.861480713,
        "max": 152.338363647,
        "mean": 7.28941392899,
        "median": 1.60569906235,
        "min": -1.89554560184,
        "var": 256.084289551
    },
    "erbbands_skewness": {
        "dmean": 0.795876145363,
        "dmean2": 1.14391469955,
        "dvar": 0.955866754055,
        "dvar2": 1.83680796623,
        "max": 9.58162117004,
        "mean": 1.43579304218,
        "median": 0.981042802334,
        "min": -2.30865073204,
        "var": 3.24270820618
    },
    "erbbands_spread": {
        "dmean": 14.9888010025,
        "dmean2": 22.526096344,
        "dvar": 395.801300049,
        "dvar2": 769.861938477,
        "max": 164.020217896,
        "mean": 39.8282165527,
        "median": 24.6259307861,
        "min": 0.914180636406,
        "var": 1271.79248047
    },
    "hfc": {
        "dmean": 5.72055864334,
        "dmean2": 8.62435436249,
        "dvar": 125.831954956,
        "dvar2": 290.869415283,
        "max": 80.7593612671,
        "mean": 9.69155311584,
        "median": 5.57788562775,
        "min": 0.221016362309,
        "var": 160.500366211
    },
    "melbands_crest": {
        "dmean": 2.54115557671,
        "dmean2": 3.9299788475,
        "dvar": 12.3159332275,
        "dvar2": 25.4456367493,
        "max": 35.8692359924,
        "mean": 22.4543838501,
        "median": 21.8643531799,
        "min": 7.50591850281,
        "var": 42.0822753906
    },
    "melbands_flatness_db": {
        "dmean": 0.0515794605017,
        "dmean2": 0.0637736693025,
        "dvar": 0.003530949587,
        "dvar2": 0.00507538346574,
        "max": 0.757313191891,
        "mean": 0.428568631411,
        "median": 0.433381766081,
        "min": 0.0716699361801,
        "var": 0.0186062250286
    },
    "melbands_kurtosis": {
        "dmean": 75.415473938,
        "dmean2": 114.322631836,
        "dvar": 25589.5332031,
        "dvar2": 52648.3085938,
        "max": 1690.90283203,
        "mean": 135.929977417,
        "median": 40.9697914124,
        "min": -0.620209217072,
        "var": 50285.3046875
    },
    "melbands_skewness": {
        "dmean": 2.00654006004,
        "dmean2": 2.98721623421,
        "dvar": 7.84854984283,
        "dvar2": 14.8857078552,
        "max": 28.8414516449,
        "mean": 6.02479743958,
        "median": 4.79365682602,
        "min": -1.57860970497,
        "var": 27.1918354034
    },
    "melbands_spread": {
        "dmean": 2.74492454529,
        "dmean2": 3.90188574791,
        "dvar": 31.6921958923,
        "dvar2": 57.0949440002,
        "max": 68.474822998,
        "mean": 5.74957036972,
        "median": 2.62534999847,
        "min": 0.106602586806,
        "var": 71.5402145386
    },
    "pitch_salience": {
        "dmean": 0.0857063755393,
        "dmean2": 0.140019342303,
        "dvar": 0.0140160229057,
        "dvar2": 0.0348198674619,
        "max": 0.858467102051,
        "mean": 0.292384237051,
        "median": 0.273044556379,
        "min": 0.0140259573236,
        "var": 0.0322680696845
    },
    "silence_rate_20dB": {
        "dmean": 0.0123839005828,
        "dmean2": 0.0247869864106,
        "dvar": 0.0122306952253,
        "dvar2": 0.0365658700466,
        "max": 1,
        "mean": 0.993812859058,
        "median": 1,
        "min": 0,
        "var": 0.00614892039448
    },
    "silence_rate_30dB": {
        "dmean": 0.0588235296309,
        "dmean2": 0.117738187313,
        "dvar": 0.0553635768592,
        "dvar2": 0.103875994682,
        "max": 1,
        "mean": 0.892498075962,
        "median": 1,
        "min": 0,
        "var": 0.0959466174245
    },
    "silence_rate_60dB": {
        "dmean": 0,
        "dmean2": 0,
        "dvar": 0,
        "dvar2": 0,
        "max": 0,
        "mean": 0,
        "median": 0,
        "min": 0,
        "var": 0
    },
    "spectral_centroid": {
        "dmean": 277.296661377,
        "dmean2": 373.259918213,
        "dvar": 231788.015625,
        "dvar2": 364718.5625,
        "max": 3916.00170898,
        "mean": 691.838378906,
        "median": 448.426330566,
        "min": 79.8092575073,
        "var": 560487.3125
    },
    "spectral_complexity": {
        "dmean": 2.15634679794,
        "dmean2": 3.14484906197,
        "dvar": 20.5546131134,
        "dvar2": 32.2277183533,
        "max": 48,
        "mean": 6.35498857498,
        "median": 4,
        "min": 0,
        "var": 43.3969459534
    },
    "spectral_decrease": {
        "dmean": 6.02197003374e-09,
        "dmean2": 8.99645424823e-09,
        "dvar": 2.36191060996e-16,
        "dvar2": 5.19963933106e-16,
        "max": -6.96307789205e-10,
        "mean": -1.34872060187e-08,
        "median": -8.22256307487e-09,
        "min": -1.10870225001e-07,
        "var": 3.43668583514e-16
    },
    "spectral_energy": {
        "dmean": 0.0231578275561,
        "dmean2": 0.0345511548221,
        "dvar": 0.00344640598632,
        "dvar2": 0.00761314388365,
        "max": 0.424017965794,
        "mean": 0.0517828203738,
        "median": 0.0315432846546,
        "min": 0.00264807837084,
        "var": 0.00498927570879
    },
    "spectral_energyband_high": {
        "dmean": 0.000256320403423,
        "dmean2": 0.000362826307537,
        "dvar": 4.61635551119e-07,
        "dvar2": 7.98765825039e-07,
        "max": 0.00723540782928,
        "mean": 0.000306310888845,
        "median": 1.17934996524e-05,
        "min": 9.39979827308e-07,
        "var": 7.28375084691e-07
    },
    "spectral_energyband_low": {
        "dmean": 0.0192070286721,
        "dmean2": 0.0282421540469,
        "dvar": 0.0028094209265,
        "dvar2": 0.00602386286482,
        "max": 0.384344518185,
        "mean": 0.041294824332,
        "median": 0.0217927210033,
        "min": 0.0024956217967,
        "var": 0.0042194086127
    },
    "spectral_energyband_middle_high": {
        "dmean": 0.000431355176261,
        "dmean2": 0.000647638284136,
        "dvar": 1.82756173217e-06,
        "dvar2": 4.16688089899e-06,
        "max": 0.013400410302,
        "mean": 0.000722296128515,
        "median": 0.000119443939184,
        "min": 1.12611348868e-06,
        "var": 2.52025802183e-06
    },
    "spectral_energyband_middle_low": {
        "dmean": 0.0101013891399,
        "dmean2": 0.0184565782547,
        "dvar": 0.000948867935222,
        "dvar2": 0.00275196507573,
        "max": 0.202024042606,
        "mean": 0.0111340433359,
        "median": 0.00186656101141,
        "min": 9.06132572709e-06,
        "var": 0.000608590198681
    },
    "spectral_entropy": {
        "dmean": 0.399455904961,
        "dmean2": 0.531433105469,
        "dvar": 0.206541955471,
        "dvar2": 0.334464460611,
        "max": 8.40577697754,
        "mean": 6.6847205162,
        "median": 6.75304222107,
        "min": 4.09996509552,
        "var": 0.840946912766
    },
    "spectral_flux": {
        "dmean": 0.0464561320841,
        "dmean2": 0.0719420313835,
        "dvar": 0.00880312360823,
        "dvar2": 0.0155768403783,
        "max": 0.682929873466,
        "mean": 0.0856420919299,
        "median": 0.0354848019779,
        "min": 0.00366352126002,
        "var": 0.0171203240752
    },
    "spectral_kurtosis": {
        "dmean": 9.33018112183,
        "dmean2": 14.6487607956,
        "dvar": 306.437927246,
        "dvar2": 762.057861328,
        "max": 184.959274292,
        "mean": 13.3610906601,
        "median": 5.9371099472,
        "min": -0.062201499939,
        "var": 403.441925049
    },
    "spectral_rms": {
        "dmean": 0.00113433797378,
        "dmean2": 0.00164477317594,
        "dvar": 5.65733444091e-06,
        "dvar2": 1.09800175778e-05,
        "max": 0.0203390270472,
        "mean": 0.00615460705012,
        "median": 0.00554742617533,
        "min": 0.00160732422955,
        "var": 1.2640620298e-05
    },
    "spectral_rolloff": {
        "dmean": 246.047943115,
        "dmean2": 415.20135498,
        "dvar": 589071.125,
        "dvar2": 1410290.875,
        "max": 5727.83203125,
        "mean": 381.150421143,
        "median": 86.1328125,
        "min": 43.06640625,
        "var": 571513.4375
    },
    "spectral_skewness": {
        "dmean": 0.816337347031,
        "dmean2": 1.16000926495,
        "dvar": 1.07142841816,
        "dvar2": 2.2748363018,
        "max": 10.9170064926,
        "mean": 2.4345946312,
        "median": 2.12192368507,
        "min": 0.377074569464,
        "var": 2.75842022896
    },
    "spectral_spread": {
        "dmean": 1083085.25,
        "dmean2": 1605075.125,
        "dvar": 1.49071292006e+12,
        "dvar2": 2.7161549865e+12,
        "max": 17976258,
        "mean": 4367581.5,
        "median": 4516314,
        "min": 388207.46875,
        "var": 3.85570386739e+12
    },
    "spectral_strongpeak": {
        "dmean": 0.165655523539,
        "dmean2": 0.274660766125,
        "dvar": 0.108424253762,
        "dvar2": 0.26725679636,
        "max": 3.40459132195,
        "mean": 0.6079672575,
        "median": 0.508249223232,
        "min": 0.045280713588,
        "var": 0.28179037571
    },
    "zerocrossingrate": {
        "dmean": 0.00769949983805,
        "dmean2": 0.00869753304869,
        "dvar": 0.000141063908814,
        "dvar2": 0.000152194916154,
        "max": 0.150390625,
        "mean": 0.0191305801272,
        "median": 0.00927734375,
        "min": 0.00146484375,
        "var": 0.000503407907672
    },
    "barkbands": {
        "dmean": [0.00071107619442, 0.0134904868901, 0.0104601560161, 0.00406891480088, 0.00351385073736, 0.00175482756458, 0.00102451851126, 0.000475300446851, 0.000251041958109, 9.30437599891e-05, 6.21644212515e-05, 7.65867516748e-05, 9.82310230029e-05, 3.18315942422e-05, 3.70439629478e-05, 1.86464021681e-05, 2.02630544663e-05, 4.41244592366e-05, 5.09590827278e-05, 4.04497950512e-05, 6.59536526655e-05, 6.08836635365e-05, 4.86763310619e-05, 3.88386870327e-05, 2.58653963101e-05, 9.66176230577e-06, 9.09147335193e-09],
        "dmean2": [0.00104086310603, 0.0196919478476, 0.0198264680803, 0.00773948058486, 0.00645503820851, 0.00308373547159, 0.00179827038664, 0.000800643872935, 0.00037532672286, 0.00014326821838, 0.000105921288196, 0.000129317268147, 0.000158297872986, 5.22798654856e-05, 5.94270713918e-05, 2.79120831692e-05, 2.98300583381e-05, 6.70694935252e-05, 7.94045918155e-05, 5.9615875216e-05, 9.4968592748e-05, 8.59500360093e-05, 6.89092848916e-05, 5.8170669945e-05, 3.82535727113e-05, 1.65742640093e-05, 1.69757186086e-08],
        "dvar": [4.08069172408e-06, 0.00130647257902, 0.00174710957799, 0.000259021006059, 0.000115058079246, 1.90890314116e-05, 7.36736501494e-06, 1.29544616811e-06, 6.89903060902e-07, 4.83660720363e-08, 3.53756632876e-08, 8.00825148417e-08, 1.38135533234e-07, 1.45988980904e-08, 1.64952229653e-08, 3.69810093659e-09, 4.93982588168e-09, 1.84247195278e-08, 3.23476214703e-08, 7.5722823567e-09, 4.89383502611e-08, 2.47984210944e-08, 1.66408860025e-08, 7.34930072355e-09, 5.06710051695e-09, 1.16165188579e-09, 1.6890600992e-14],
        "dvar2": [8.05586842034e-06, 0.00247131544165, 0.00499903177842, 0.000755742192268, 0.000334381387802, 5.6054774177e-05, 1.99492042157e-05, 3.58820238944e-06, 1.25235942505e-06, 1.16877778567e-07, 9.01534704667e-08, 2.07219770232e-07, 3.56993012929e-07, 3.71734891758e-08, 4.07138465164e-08, 7.23099580213e-09, 1.05884652157e-08, 3.95340045145e-08, 6.23270395295e-08, 1.36178526233e-08, 1.00750234822e-07, 4.68273064769e-08, 2.82969114807e-08, 1.38940317029e-08, 1.00525952007e-08, 3.06997405275e-09, 4.98212751707e-14],
        "max": [0.0147939538583, 0.270345151424, 0.260568648577, 0.104513779283, 0.0722823292017, 0.0497341416776, 0.0228716079146, 0.0166872479022, 0.0169818457216, 0.00435699056834, 0.00239541195333, 0.00284376973286, 0.00350397080183, 0.00120280345436, 0.00113242305815, 0.00065870693652, 0.000771341146901, 0.00160714820959, 0.00212268810719, 0.000941683829296, 0.00300550111569, 0.00184738973621, 0.0013480077032, 0.000944567262195, 0.000945431704167, 0.000386227737181, 3.27031534653e-06],
        "mean": [0.000767725461628, 0.0324694961309, 0.00648612435907, 0.00250082206912, 0.00338376197033, 0.00252214050852, 0.0011284314096, 0.000646642758511, 0.000742744014133, 0.000245698436629, 9.12569375942e-05, 0.000100577199191, 0.00012083807087, 3.58769102604e-05, 5.54835532967e-05, 2.35738389165e-05, 2.46960189543e-05, 4.88903242513e-05, 6.06338326179e-05, 5.16391373822e-05, 7.13805275154e-05, 7.1616297646e-05, 5.80761188758e-05, 4.1512244934e-05, 2.57198971667e-05, 7.55805740482e-06, 5.86291504234e-09],
        "median": [0.000138714953209, 0.0202682781965, 0.000618394173216, 0.000157859918545, 0.000157592323376, 9.93317953544e-05, 9.17497600312e-05, 4.92251456308e-05, 3.29506583512e-05, 3.66909735021e-05, 4.66460596726e-06, 6.99916563462e-06, 8.9366130851e-06, 3.19602122545e-06, 4.73151703773e-06, 2.1582068257e-06, 1.92367292584e-06, 3.60960802936e-06, 2.89917716145e-06, 2.92274330604e-06, 2.37713015849e-06, 2.35638731283e-06, 2.05734068004e-06, 1.47006562656e-06, 6.41644703592e-07, 1.53677234493e-07, 8.83575823618e-10],
        "min": [1.04244378463e-07, 0.00156374124344, 1.41034365697e-06, 3.13384020956e-07, 1.31302567752e-06, 4.14295755036e-07, 1.01413540676e-07, 6.35924379822e-08, 2.71886442249e-08, 9.89033210885e-09, 1.18598535437e-08, 3.29396030452e-08, 1.64689115678e-08, 3.54231488586e-08, 3.99688993014e-08, 3.63746650578e-08, 1.422552387e-08, 8.01592747735e-08, 7.19772756952e-08, 1.04389783928e-07, 8.11869895756e-08, 4.24383479469e-08, 1.29189166032e-08, 1.32011512832e-09, 3.07364862728e-11, 1.37906188205e-11, 1.8982367761e-11],
        "var": [5.02170496475e-06, 0.00200079660863, 0.000984934042208, 0.000140203352203, 7.56807712605e-05, 4.46018639195e-05, 7.28890063328e-06, 2.83398435386e-06, 5.02961665916e-06, 3.32655218926e-07, 8.27023569627e-08, 8.87953319761e-08, 1.31633143496e-07, 1.39204390237e-08, 1.88518871624e-08, 5.14887288361e-09, 6.0593587925e-09, 2.33511698866e-08, 4.48161863176e-08, 1.45382879069e-08, 6.14712760694e-08, 3.66359600434e-08, 2.69214819326e-08, 1.09321449671e-08, 6.45913278419e-09, 9.24106402511e-10, 8.70513293475e-15]
    },
    "erbbands": {
        "dmean": [0.477248102427, 3.13023209572, 10.6650676727, 14.1185007095, 10.170258522, 13.3096666336, 12.6165046692, 15.9198579788, 13.0592765808, 18.3596973419, 5.63318634033, 6.21352815628, 4.08393335342, 1.70766103268, 2.38812017441, 3.86972498894, 5.00748920441, 1.88336980343, 1.67500758171, 1.18884980679, 1.18801856041, 1.06923818588, 2.11422872543, 2.73879909515, 1.88475370407, 1.90316843987, 2.55766916275, 2.55380773544, 2.19090747833, 1.70078659058, 1.47631216049, 0.933454394341, 0.574753880501, 0.265962213278, 0.215438321233, 0.0725153386593, 0.0116961775348, 0.000637309218291, 2.61224613496e-05, 2.65297203441e-05],
        "dmean2": [0.698940694332, 4.8525800705, 19.5840072632, 26.6881084442, 19.2508010864, 24.2310218811, 22.6606941223, 27.7241382599, 23.1896114349, 31.1339645386, 9.83134555817, 9.44484424591, 6.07366514206, 2.93428039551, 4.07559919357, 6.57896852493, 8.05718898773, 3.12090110779, 2.64065527916, 1.74915075302, 1.75951695442, 1.61089217663, 3.24954080582, 4.13854074478, 2.82805967331, 2.78695893288, 3.72190785408, 3.71568489075, 3.20000743866, 2.42069864273, 2.0627720356, 1.37500154972, 0.8629514575, 0.395320147276, 0.328068464994, 0.118391469121, 0.0197730157524, 0.00107347895391, 4.05984428653e-05, 3.92886759073e-05],
        "dvar": [1.72396612167, 76.074180603, 1639.75634766, 3134.23144531, 1587.80358887, 1354.73681641, 963.625671387, 1766.83007812, 1700.01660156, 1963.76757812, 166.016815186, 542.52130127, 89.4567260742, 15.727853775, 64.0682220459, 233.947128296, 362.876831055, 62.2989654541, 25.4577388763, 19.5320777893, 16.5002727509, 15.108628273, 57.5335044861, 63.5060844421, 40.3736724854, 18.3637180328, 58.9324951172, 73.6376266479, 35.0066986084, 15.2501878738, 17.126914978, 5.11314916611, 1.55187857151, 0.377279341221, 0.492687642574, 0.0580620653927, 0.00169029319659, 6.66062214805e-06, 3.80294862268e-09, 4.05660349756e-09],
        "dvar2": [3.12693691254, 162.975219727, 4585.37402344, 9026.46679688, 4622.84179688, 3919.83666992, 2798.85302734, 5059.20947266, 4515.60009766, 5326.20996094, 453.324737549, 998.642028809, 210.251251221, 42.609249115, 158.733398438, 620.099609375, 947.75201416, 157.759094238, 62.4743232727, 42.7829551697, 35.4569816589, 29.741891861, 125.508911133, 122.844390869, 73.924911499, 31.7262630463, 120.724029541, 146.990478516, 68.9873580933, 27.1776943207, 29.7956886292, 9.75065898895, 3.02730345726, 0.747968673706, 1.10042595863, 0.145731687546, 0.00431442866102, 1.71502415469e-05, 9.21831677658e-09, 9.004497592e-09],
        "max": [8.69747924805, 68.3809204102, 256.174468994, 367.421203613, 277.033752441, 229.400619507, 227.654083252, 547.782226562, 483.678741455, 620.448669434, 115.076911926, 505.492401123, 175.14414978, 30.7980003357, 108.496025085, 147.923110962, 183.326370239, 74.0114974976, 46.1564903259, 43.0801963806, 48.5611381531, 39.9143066406, 101.497764587, 95.5149078369, 63.1628913879, 46.579750061, 91.6764602661, 129.794555664, 73.8809509277, 42.7109642029, 43.3291778564, 28.2235774994, 11.584690094, 7.28939056396, 10.6051054001, 2.59261083603, 0.643306612968, 0.0371701717377, 0.00081456231419, 0.000460780720459],
        "mean": [0.871269702911, 7.36021614075, 9.13143920898, 8.88866996765, 7.33866119385, 13.6677722931, 15.0589332581, 23.8838157654, 12.4728422165, 26.4224033356, 8.02983188629, 18.6379051208, 14.1305027008, 2.41422986984, 3.9581053257, 5.07727575302, 6.26534795761, 2.29867076874, 2.90294694901, 1.58415293694, 1.4626840353, 1.33403539658, 2.20094537735, 3.52725076675, 2.35210609436, 2.35966968536, 2.89828324318, 2.72035527229, 2.48425841331, 2.09411811829, 1.70274567604, 1.00298845768, 0.609267055988, 0.276780277491, 0.198293805122, 0.0605885572731, 0.00925643183291, 0.000486343051307, 3.75141316908e-05, 5.81412132306e-05],
        "median": [0.419297337532, 4.99284076691, 2.91995024681, 0.690149843693, 0.400343298912, 0.800374746323, 1.12461185455, 1.07443678379, 1.34273076057, 1.63833355904, 0.810615122318, 0.748814344406, 2.00974869728, 0.43059617281, 0.245878025889, 0.428540855646, 0.541094303131, 0.18019425869, 0.233195126057, 0.216981187463, 0.130368039012, 0.0963881015778, 0.150267779827, 0.234337061644, 0.114721208811, 0.134563401341, 0.114385224879, 0.0810759738088, 0.0812327191234, 0.0742387846112, 0.0561365298927, 0.0347284041345, 0.0223404951394, 0.00824752915651, 0.00442280154675, 0.00123267085291, 0.000234594961512, 1.48184981299e-05, 1.81636023626e-05, 3.50222690031e-05],
        "min": [0.0454464182258, 0.128838181496, 0.0527465827763, 0.0125670870766, 0.00612491508946, 0.00405912240967, 0.00677766278386, 0.00292240036651, 0.00186371814925, 0.00318012479693, 0.00139127462171, 0.000683894613758, 0.000777072214987, 0.000921064929571, 0.000961158773862, 0.00128425995354, 0.00105218484532, 0.00147275382187, 0.00254648039117, 0.00267664110288, 0.0020994162187, 0.00143740710337, 0.00446400558576, 0.00595473311841, 0.00560410832986, 0.00537970429286, 0.000986650702544, 0.00278756790794, 0.00269425124861, 0.00191793031991, 0.000597750884481, 6.83074613335e-05, 5.63573521504e-05, 1.8137794541e-05, 6.06967159911e-06, 2.76990272141e-06, 1.37001222811e-06, 1.34884260206e-07, 1.33970809202e-06, 2.89750278171e-06],
        "var": [2.31766223907, 102.041786194, 1000.48114014, 1747.95324707, 881.413696289, 1066.40625, 888.286804199, 5169.79150391, 1260.09265137, 4064.48071289, 257.606781006, 3913.87011719, 762.652282715, 19.4009037018, 158.983657837, 223.806716919, 332.003662109, 56.7398300171, 39.8325958252, 22.1798267365, 20.0652961731, 19.4360656738, 63.9979400635, 101.136405945, 61.8651618958, 33.2182846069, 77.6163406372, 94.8480606079, 47.7024879456, 26.490776062, 26.3073997498, 7.40029382706, 2.2624707222, 0.530514717102, 0.515308141708, 0.0516635216773, 0.00143615179695, 5.4506313063e-06, 3.9007241881e-09, 5.84605919229e-09]
    },
    "gfcc": {
        "mean": [-119.920089722, 128.713027954, -60.7056503296, 56.7875404358, -51.9266014099, 22.1594810486, -16.2928104401, 11.2774028778, -1.38615846634, 5.79714393616, 4.21566152573, -3.73467111588, -0.277265518904],
        "cov": [[7294.06201172, -1547.77355957, -1734.59448242, -574.590698242, -1154.87561035, 33.1960792542, -792.034912109, 286.520446777, -634.00177002, 389.835876465, -416.073059082, 380.377227783, -151.503509521], [-1547.77355957, 3247.71630859, -92.6342544556, -1608.55505371, 152.479156494, -520.070068359, 175.543777466, -651.075439453, 435.533477783, -368.065216064, 215.268814087, -377.129638672, 228.606491089], [-1734.59448242, -92.6342544556, 1637.76745605, 871.41003418, 340.007507324, -134.787704468, 75.2481994629, -42.368309021, -36.133605957, -145.91267395, -31.0294113159, -111.806098938, -95.4041900635], [-574.590698242, -1608.55505371, 871.41003418, 1726.73022461, 259.217071533, 85.6065139771, -27.6481342316, 203.900497437, -152.888763428, -36.1569519043, -45.5714187622, 51.5711669922, -109.109100342], [-1154.87561035, 152.479156494, 340.007507324, 259.217071533, 498.217102051, 34.5141181946, 195.351577759, -49.5639343262, 122.452026367, -88.9362487793, 28.9237232208, -82.9723815918, -21.7257976532], [33.1960792542, -520.070068359, -134.787704468, 85.6065139771, 34.5141181946, 340.323516846, 127.166290283, 183.107192993, -10.1824359894, 86.4286880493, -38.2417564392, -3.18258237839, -65.6699447632], [-792.034912109, 175.543777466, 75.2481994629, -27.6481342316, 195.351577759, 127.166290283, 283.518188477, 22.2049884796, 125.151123047, -55.4475250244, 39.6541137695, -70.9724197388, -9.09717941284], [286.520446777, -651.075439453, -42.368309021, 203.900497437, -49.5639343262, 183.107192993, 22.2049884796, 214.873062134, -70.3658676147, 101.539634705, -59.4211502075, 60.129322052, -57.4725761414], [-634.00177002, 435.533477783, -36.133605957, -152.888763428, 122.452026367, -10.1824359894, 125.151123047, -70.3658676147, 164.091491699, -63.186920166, 68.6609268188, -76.790473938, 41.7404441833], [389.835876465, -368.065216064, -145.91267395, -36.1569519043, -88.9362487793, 86.4286880493, -55.4475250244, 101.539634705, -63.186920166, 144.400802612, -38.2724990845, 84.0271911621, -35.0455856323], [-416.073059082, 215.268814087, -31.0294113159, -45.5714187622, 28.9237232208, -38.2417564392, 39.6541137695, -59.4211502075, 68.6609268188, -38.2724990845, 114.158546448, -2.36026930809, 67.8701248169], [380.377227783, -377.129638672, -111.806098938, 51.5711669922, -82.9723815918, -3.18258237839, -70.9724197388, 60.129322052, -76.790473938, 84.0271911621, -2.36026930809, 147.879104614, 9.89491844177], [-151.503509521, 228.606491089, -95.4041900635, -109.109100342, -21.7257976532, -65.6699447632, -9.09717941284, -57.4725761414, 41.7404441833, -35.0455856323, 67.8701248169, 9.89491844177, 102.422096252]],
        "icov": [[0.000604176719207, 0.000820255314466, 0.000495015876368, 0.00070229585981, 0.000350125686964, 0.000706354971044, 0.000419301562943, 0.000508059456479, 0.000816122570541, 0.00105261511635, 0.000939018616918, 0.000683266727719, 0.000460952054709], [0.000820255314466, 0.01181460917, -0.00110875593964, 0.00975612550974, -0.00110220431816, 0.00921875610948, -0.00181069946848, 0.00848119426519, -0.00223727128468, 0.0054609682411, -0.0021665811073, 0.0149266654626, -0.0027473999653], [0.000495015876368, -0.00110875593964, 0.00194825732615, -0.00143701198976, 0.000139796160511, 0.000420014053816, -0.000158414710313, -0.0008407435962, 0.00249356683344, -0.000151369749801, 0.00108275236562, -0.000480010261526, 0.00156490283553], [0.00070229585981, 0.00975612550974, -0.00143701198976, 0.00951901543885, -0.00181487901136, 0.00733878603205, -6.18347039563e-05, 0.00464743282646, -0.00119640538469, 0.00679711345583, -0.00308590428904, 0.0114398151636, -0.00125912006479], [0.000350125686964, -0.00110220431816, 0.000139796160511, -0.00181487901136, 0.0047426559031, -0.00162464135792, -0.00150616327301, 0.00196332484484, -0.00184225465637, -0.000410034641391, 0.00266776792705, -0.00262963352725, 0.0012038606219], [0.000706354971044, 0.00921875610948, 0.000420014053816, 0.00733878603205, -0.00162464135792, 0.016953157261, -0.00570430932567, 0.000500242691487, 0.00157849118114, -0.000138900941238, -0.00345143908635, 0.0168779883534, -0.00105729978532], [0.000419301562943, -0.00181069946848, -0.000158414710313, -6.18347039563e-05, -0.00150616327301, -0.00570430932567, 0.0123917581514, -0.00526404893026, -0.00532619981095, 0.00671161431819, -0.000846126291435, -0.00554742198437, 0.00418189913034], [0.000508059456479, 0.00848119426519, -0.0008407435962, 0.00464743282646, 0.00196332484484, 0.000500242691487, -0.00526404893026, 0.0243969131261, -0.00148221710697, -0.0027900733985, 0.00411366205662, 0.00787339173257, -0.00388840027153], [0.000816122570541, -0.00223727128468, 0.00249356683344, -0.00119640538469, -0.00184225465637, 0.00157849118114, -0.00532619981095, -0.00148221710697, 0.0230539347976, -0.00346580240875, -0.00452416343614, 0.00551672745496, -0.00155065825675], [0.00105261511635, 0.0054609682411, -0.000151369749801, 0.00679711345583, -0.000410034641391, -0.000138900941238, 0.00671161431819, -0.0027900733985, -0.00346580240875, 0.0264067482203, -0.000580678752158, -0.00439697736874, 0.00658006826416], [0.000939018616918, -0.0021665811073, 0.00108275236562, -0.00308590428904, 0.00266776792705, -0.00345143908635, -0.000846126291435, 0.00411366205662, -0.00452416343614, -0.000580678752158, 0.0233976058662, -0.0077741346322, -0.00857624132186], [0.000683266727719, 0.0149266654626, -0.000480010261526, 0.0114398151636, -0.00262963352725, 0.0168779883534, -0.00554742198437, 0.00787339173257, 0.00551672745496, -0.00439697736874, -0.0077741346322, 0.0375581085682, -0.00860660616308], [0.000460952054709, -0.0027473999653, 0.00156490283553, -0.00125912006479, 0.0012038606219, -0.00105729978532, 0.00418189913034, -0.00388840027153, -0.00155065825675, 0.00658006826416, -0.00857624132186, -0.00860660616308, 0.023858865723]]
    },
    "melbands": {
        "dmean": [0.0038848631084, 0.00481165153906, 0.00233555678278, 0.000788682373241, 0.000508268480189, 0.000348104862496, 0.000198571899091, 0.000184039206943, 3.93912414438e-05, 3.81955396733e-05, 2.02454957616e-05, 6.69209839543e-06, 8.48104536999e-06, 7.34652530809e-06, 1.27003449961e-05, 8.09840184957e-06, 3.14720682582e-06, 2.49357890425e-06, 3.03115325551e-06, 8.67605535859e-07, 1.64003438385e-06, 1.14648332783e-06, 1.40999918585e-06, 2.33658101934e-06, 2.31290482589e-06, 2.03037780011e-06, 1.19028334211e-06, 1.31900537781e-06, 1.49201719069e-06, 1.74449746737e-06, 1.44168927818e-06, 1.22476899378e-06, 1.26640907183e-06, 9.03270915842e-07, 9.2548128805e-07, 6.87557417223e-07, 5.37717312454e-07, 4.75720668192e-07, 2.70563702998e-07, 2.23275350208e-07],
        "dmean2": [0.00567045900971, 0.00798164773732, 0.00439829099923, 0.00147166894749, 0.00090980908135, 0.000608031579759, 0.000352077244315, 0.000312087620841, 6.79434306221e-05, 5.73714314669e-05, 3.03112265101e-05, 1.17261806736e-05, 1.44256755448e-05, 1.25665155792e-05, 2.06381282624e-05, 1.31542683448e-05, 5.23357448401e-06, 3.93037726099e-06, 4.82245968669e-06, 1.39065105031e-06, 2.48534456659e-06, 1.71469775978e-06, 2.1312005174e-06, 3.62860305358e-06, 3.50946038452e-06, 3.18911929753e-06, 1.79266282885e-06, 1.94347035176e-06, 2.20365541281e-06, 2.57361489275e-06, 2.09234212889e-06, 1.83113911589e-06, 1.86036447758e-06, 1.31758849875e-06, 1.2700387515e-06, 1.03021545783e-06, 8.05027752904e-07, 7.21134711057e-07, 4.2579017645e-07, 3.40696374224e-07],
        "dvar": [0.000108904765511, 0.000247172632953, 8.33863232401e-05, 7.02122588336e-06, 1.45680041896e-06, 8.03863315468e-07, 3.62120886166e-07, 1.97464899543e-07, 1.05812860696e-08, 1.98315497357e-08, 2.20880491675e-09, 2.55799381677e-10, 7.19485637735e-10, 7.47795048106e-10, 2.11149697726e-09, 9.91548620988e-10, 1.69762370827e-10, 4.59899410221e-11, 1.36820929586e-10, 9.1150550649e-12, 3.19687262773e-11, 1.75720531875e-11, 2.79747301712e-11, 4.77579746583e-11, 4.5227953327e-11, 5.92385515641e-11, 8.90853623509e-12, 8.97531701738e-12, 1.71038200963e-11, 3.45709676164e-11, 2.24186415959e-11, 1.22018471715e-11, 9.60922400678e-12, 4.27911222081e-12, 6.98974081739e-12, 3.07292104089e-12, 1.77127626802e-12, 1.11223454492e-12, 4.87558723863e-13, 2.82240702164e-13],
        "dvar2": [0.000197632078198, 0.000641525664832, 0.000239055414568, 2.04332191061e-05, 4.23215124101e-06, 2.31382000493e-06, 9.65143385656e-07, 5.38419897111e-07, 2.75492446633e-08, 3.56833034232e-08, 5.27613908119e-09, 6.99653612823e-10, 1.86176540851e-09, 1.95977456485e-09, 5.46466383256e-09, 2.56554777422e-09, 4.22848644988e-10, 1.12585725465e-10, 3.36211725127e-10, 1.82487896322e-11, 7.17664053185e-11, 3.55509337246e-11, 6.04207101018e-11, 1.03247549399e-10, 9.02708047201e-11, 1.18681051098e-10, 1.78057568689e-11, 1.68856022914e-11, 3.39204428434e-11, 7.5188924531e-11, 4.45124492821e-11, 2.58795138097e-11, 1.84014799925e-11, 8.58829587308e-12, 1.23369509053e-11, 5.8448992174e-12, 3.51491253638e-12, 2.34744060128e-12, 1.18398324998e-12, 5.7740319687e-13],
        "max": [0.0715004578233, 0.104897804558, 0.0584411583841, 0.0183298680931, 0.00847257487476, 0.0106109054759, 0.00662264786661, 0.00649208854884, 0.00121083832346, 0.00296551594511, 0.000863625726197, 0.000120601376693, 0.000343878724379, 0.000270309130428, 0.000448038161267, 0.000301128864521, 0.000120077223983, 6.72545356792e-05, 9.98639661702e-05, 3.32751951646e-05, 6.96026691003e-05, 4.29310639447e-05, 6.40038197162e-05, 8.27975745779e-05, 8.66758273332e-05, 8.45938557177e-05, 3.44780528394e-05, 3.62605424016e-05, 5.02750772284e-05, 7.5540956459e-05, 7.31059117243e-05, 4.2212279368e-05, 3.45960943378e-05, 2.36011983361e-05, 2.79865125776e-05, 1.79967610165e-05, 1.74641190824e-05, 9.28143163037e-06, 7.73709052737e-06, 6.75157116348e-06],
        "mean": [0.00869665946811, 0.00681490078568, 0.00149339821655, 0.000707173603587, 0.000601436302532, 0.000511019141413, 0.000195613945834, 0.00026713864645, 5.6949807913e-05, 0.000120316115499, 6.63905593683e-05, 7.45777697375e-06, 1.26423938127e-05, 9.74790236796e-06, 1.7193997337e-05, 1.01009081845e-05, 3.49854303749e-06, 4.41469410362e-06, 3.86648571293e-06, 1.17285105716e-06, 1.90868081518e-06, 1.42272199355e-06, 1.41444763813e-06, 2.53006646744e-06, 2.95857262245e-06, 2.2610358883e-06, 1.44553143855e-06, 1.57827662406e-06, 1.71732926901e-06, 1.86726299489e-06, 1.46280024182e-06, 1.3272428987e-06, 1.48726633142e-06, 1.05776109649e-06, 1.06670040623e-06, 7.30125748305e-07, 5.65753964565e-07, 4.66655222908e-07, 2.83855115413e-07, 2.21088356511e-07],
        "median": [0.00528778880835, 0.00369366561063, 9.55334617174e-05, 2.62153989752e-05, 4.34196117567e-05, 1.46241991388e-05, 2.11259030038e-05, 1.44385803651e-05, 5.5468649407e-06, 5.0999474297e-06, 9.82941310212e-06, 1.324465984e-06, 6.36930451492e-07, 7.35788717066e-07, 1.61192031101e-06, 6.21970286829e-07, 2.85899034225e-07, 3.40685289757e-07, 3.96771838496e-07, 1.30786531827e-07, 1.57080023655e-07, 9.73003153604e-08, 7.88160079424e-08, 1.63709003687e-07, 1.84618926369e-07, 7.08800271809e-08, 8.47862864362e-08, 8.98017660234e-08, 7.03903424437e-08, 5.85389869912e-08, 4.25699937523e-08, 4.27779518475e-08, 4.26047179758e-08, 3.83090501543e-08, 3.1820043489e-08, 2.66242299318e-08, 1.79044956639e-08, 1.67543294793e-08, 9.80150627328e-09, 5.76142644704e-09],
