{
"highlevel": {
    "danceability": {
        "all": {
            "danceable": 0.999982655048,
            "not_danceable": 1.73250773514e-05
        },
        "probability": 0.999982655048,
        "value": "danceable"
    },
    "gender": {
        "all": {
            "female": 0.865946650505,
            "male": 0.134053364396
        },
        "probability": 0.865946650505,
        "value": "female"
    },
    "genre_dortmund": {
        "all": {
            "alternative": 0.0134062590078,
            "blues": 0.104160763323,
            "electronic": 0.196752980351,
            "folkcountry": 0.0273993872106,
            "funksoulrnb": 0.0415965132415,
            "jazz": 0.016834622249,
            "pop": 0.0603266470134,
            "raphiphop": 0.503485143185,
            "rock": 0.0360376909375
        },
        "probability": 0.503485143185,
        "value": "raphiphop"
    },
    "genre_electronic": {
        "all": {
            "ambient": 0.128827020526,
            "dnb": 0.625681996346,
            "house": 0.14518737793,
            "techno": 0.0148760303855,
            "trance": 0.0854275673628
        },
        "probability": 0.625681996346,
        "value": "dnb"
    },
    "genre_rosamerica": {
        "all": {
            "cla": 0.00109031458851,
            "dan": 0.099648937583,
            "hip": 0.128637075424,
            "jaz": 0.00149851699825,
            "pop": 0.740472614765,
            "rhy": 0.0154692213982,
            "roc": 0.0123441210017,
            "spe": 0.00083920249017
        },
        "probability": 0.740472614765,
        "value": "pop"
    },
    "genre_tzanetakis": {
        "all": {
            "blu": 0.074203774333,
            "cla": 0.0412293151021,
            "cou": 0.123696826398,
            "dis": 0.074232339859,
            "hip": 0.185588359833,
            "jaz": 0.185592979193,
            "met": 0.0742268338799,
            "pop": 0.0927806124091,
            "reg": 0.0742239430547,
            "roc": 0.0742250308394
        },
        "probability": 0.185592979193,
        "value": "jaz"
    },
    "ismir04_rhythm": {
        "all": {
            "ChaChaCha": 0.931979835033,
            "Jive": 0.00626123091206,
            "Quickstep": 0.00248758820817,
            "Rumba-American": 0.003171664197,
            "Rumba-International": 0.00914200861007,
            "Rumba-Misc": 0.00128369277809,
            "Samba": 0.0409956797957,
            "Tango": 0.00158128119074,
            "VienneseWaltz": 0.00250549777411,
            "Waltz": 0.000591534248088
        },
        "probability": 0.931979835033,
        "value": "ChaChaCha"
    },
    "mood_acoustic": {
        "all": {
            "acoustic": 1.67875768398e-07,
            "not_acoustic": 0.999999821186
        },
        "probability": 0.999999821186,
        "value": "not_acoustic"
    },
    "mood_aggressive": {
        "all": {
            "aggressive": 0.237791851163,
            "not_aggressive": 0.762208163738
        },
        "probability": 0.762208163738,
        "value": "not_aggressive"
    },
    "mood_electronic": {
        "all": {
            "electronic": 0.74780601263,
            "not_electronic": 0.252194017172
        },
        "probability": 0.74780601263,
        "value": "electronic"
    },
    "mood_happy": {
        "all": {
            "happy": 0.623853027821,
            "not_happy": 0.376147001982
        },
        "probability": 0.623853027821,
        "value": "happy"
    },
    "mood_party": {
        "all": {
            "not_party": 0.102566577494,
            "party": 0.897433400154
        },
        "probability": 0.897433400154,
        "value": "party"
    },
    "mood_relaxed": {
        "all": {
            "not_relaxed": 0.493687778711,
            "relaxed": 0.506312191486
        },
        "probability": 0.506312191486,
        "value": "relaxed"
    },
    "mood_sad": {
        "all": {
            "not_sad": 0.657841086388,
            "sad": 0.342158943415
        },
        "probability": 0.657841086388,
        "value": "not_sad"
    },
    "moods_mirex": {
        "all": {
            "Cluster1": 0.157899215817,
            "Cluster2": 0.201412811875,
            "Cluster3": 0.0884645730257,
            "Cluster4": 0.292602777481,
            "Cluster5": 0.259620606899
        },
        "probability": 0.292602777481,
        "value": "Cluster4"
    },
    "timbre": {
        "all": {
            "bright": 0.409084558487,
            "dark": 0.590915441513
        },
        "probability": 0.590915441513,
        "value": "dark"
    },
    "tonal_atonal": {
        "all": {
            "atonal": 0.985839724541,
            "tonal": 0.0141602726653
        },
        "probability": 0.985839724541,
        "value": "atonal"
    },
    "voice_instrumental": {
        "all": {
            "instrumental": 0.00133013550658,
            "voice": 0.998669862747
        },
        "probability": 0.998669862747,
        "value": "voice"
    }
},
"lowlevel": {
    "average_loudness": 0.898579657078,
    "barkbands_crest": {
        "dmean": 3.16853284836,
        "dmean2": 5.07638406754,
        "dvar": 7.16925287247,
        "dvar2": 18.7101898193,
        "max": 24.4971752167,
        "mean": 12.4388141632,
        "median": 12.0377025604,
        "min": 2.34773516655,
        "var": 19.3765411377
    },
    "barkbands_flatness_db": {
        "dmean": 0.0365899652243,
        "dmean2": 0.0537715815008,
        "dvar": 0.00100818194915,
        "dvar2": 0.00207630218938,
        "max": 0.530632674694,
        "mean": 0.183079466224,
        "median": 0.176453724504,
        "min": 0.056322440505,
        "var": 0.00479123229161
    },
    "barkbands_kurtosis": {
        "dmean": 8.67005729675,
        "dmean2": 13.8209810257,
        "dvar": 340.460632324,
        "dvar2": 809.546264648,
        "max": 212.862991333,
        "mean": 9.92373180389,
        "median": 1.86152935028,
        "min": -1.87864398956,
        "var": 528.665649414
    },
    "barkbands_skewness": {
        "dmean": 1.06686973572,
        "dmean2": 1.60577440262,
        "dvar": 1.32992005348,
        "dvar2": 2.96965932846,
        "max": 11.9167375565,
        "mean": 1.78965902328,
        "median": 1.35111606121,
        "min": -7.8791217804,
        "var": 5.26428413391
    },
    "barkbands_spread": {
        "dmean": 9.26740646362,
        "dmean2": 13.8174142838,
        "dvar": 116.98991394,
        "dvar2": 229.191452026,
        "max": 122.660583496,
        "mean": 25.8235759735,
        "median": 23.1355133057,
        "min": 0.316081941128,
        "var": 371.221588135
    },
    "dissonance": {
        "dmean": 0.0198742803186,
        "dmean2": 0.0336382500827,
        "dvar": 0.000610955175944,
        "dvar2": 0.0015922827879,
        "max": 0.499999493361,
        "mean": 0.471637904644,
        "median": 0.482550412416,
        "min": 0.24049693346,
        "var": 0.00109506282024
    },
    "dynamic_complexity": 3.67633008957,
    "erbbands_crest": {
        "dmean": 4.03640937805,
        "dmean2": 6.34669685364,
        "dvar": 13.4480018616,
        "dvar2": 30.0044326782,
        "max": 32.4283752441,
        "mean": 11.5053119659,
        "median": 9.72841453552,
        "min": 2.17501544952,
        "var": 40.9644622803
    },
    "erbbands_flatness_db": {
        "dmean": 0.0256644953042,
        "dmean2": 0.0357943587005,
        "dvar": 0.000601800042205,
        "dvar2": 0.00110094971023,
        "max": 0.449450343847,
        "mean": 0.167631700635,
        "median": 0.146065175533,
        "min": 0.0545496232808,
        "var": 0.00558303389698
    },
    "erbbands_kurtosis": {
        "dmean": 2.2512383461,
        "dmean2": 3.43979811668,
        "dvar": 14.8609952927,
        "dvar2": 32.7374382019,
        "max": 94.6876754761,
        "mean": 2.61291408539,
        "median": 1.08115768433,
        "min": -1.6545265913,
        "var": 36.6517562866
    },
    "erbbands_skewness": {
        "dmean": 0.525855123997,
        "dmean2": 0.823738336563,
        "dvar": 0.291469633579,
        "dvar2": 0.691545128822,
        "max": 3.33880209923,
        "mean": -0.0448896102607,
        "median": -0.0132099520415,
        "min": -5.65401315689,
        "var": 0.839474797249
    },
    "erbbands_spread": {
        "dmean": 11.1231451035,
        "dmean2": 16.9170475006,
        "dvar": 158.811187744,
        "dvar2": 364.624267578,
        "max": 150.332183838,
        "mean": 32.5663070679,
        "median": 28.1181621552,
        "min": 1.26809883118,
        "var": 497.516662598
    },
    "hfc": {
        "dmean": 15.8427858353,
        "dmean2": 22.1529178619,
        "dvar": 570.066345215,
        "dvar2": 1065.57324219,
        "max": 324.908203125,
        "mean": 36.3533439636,
        "median": 27.8177070618,
        "min": 0.000140762582305,
        "var": 1453.34057617
    },
    "melbands_crest": {
        "dmean": 5.03894042969,
        "dmean2": 8.06900310516,
        "dvar": 20.1903820038,
        "dvar2": 52.0022735596,
        "max": 37.9209976196,
        "mean": 22.9140434265,
        "median": 22.8229999542,
        "min": 4.66630125046,
        "var": 76.0865402222
    },
    "melbands_flatness_db": {
        "dmean": 0.0427132509649,
        "dmean2": 0.0623008087277,
        "dvar": 0.00133968133014,
        "dvar2": 0.00291787274182,
        "max": 0.532302320004,
        "mean": 0.225807636976,
        "median": 0.219689160585,
        "min": 0.0423599891365,
        "var": 0.00619031861424
    },
    "melbands_kurtosis": {
        "dmean": 22.519657135,
        "dmean2": 36.1439857483,
        "dvar": 2279.76147461,
        "dvar2": 5752.29394531,
        "max": 567.848205566,
        "mean": 27.5436458588,
        "median": 7.09446811676,
        "min": -1.88502788544,
        "var": 3157.79882812
    },
    "melbands_skewness": {
        "dmean": 1.55895650387,
        "dmean2": 2.3972492218,
        "dvar": 3.36475563049,
        "dvar2": 8.17388153076,
        "max": 19.7630462646,
        "mean": 3.29394483566,
        "median": 2.56224989891,
        "min": -10.4435510635,
        "var": 11.0989112854
    },
    "melbands_spread": {
        "dmean": 12.044878006,
        "dmean2": 18.4283733368,
        "dvar": 241.082290649,
        "dvar2": 493.444335938,
        "max": 236.999740601,
        "mean": 28.7693653107,
        "median": 22.1812152863,
        "min": 0.524871528149,
        "var": 688.122070312
    },
    "pitch_salience": {
        "dmean": 0.101879961789,
        "dmean2": 0.166165009141,
        "dvar": 0.00901400204748,
        "dvar2": 0.0232649277896,
        "max": 0.83013600111,
        "mean": 0.425647199154,
        "median": 0.427621424198,
        "min": 0.0790465176105,
        "var": 0.0255520604551
    },
    "silence_rate_20dB": {
        "dmean": 0,
        "dmean2": 0,
        "dvar": 0,
        "dvar2": 0,
        "max": 1,
        "mean": 1,
        "median": 1,
        "min": 1,
        "var": 0
    },
    "silence_rate_30dB": {
        "dmean": 0.0820433422923,
        "dmean2": 0.16421379149,
        "dvar": 0.0753120481968,
        "dvar2": 0.183722540736,
        "max": 1,
        "mean": 0.921887099743,
        "median": 1,
        "min": 0,
        "var": 0.0720118880272
    },
    "silence_rate_60dB": {
        "dmean": 0.0154798757285,
        "dmean2": 0.0309837330133,
        "dvar": 0.0152400583029,
        "dvar2": 0.0362199991941,
        "max": 1,
        "mean": 0.0781129151583,
        "median": 0,
        "min": 0,
        "var": 0.0720113888383
    },
    "spectral_centroid": {
        "dmean": 376.473724365,
        "dmean2": 542.379272461,
        "dvar": 217534.046875,
        "dvar2": 398415.1875,
        "max": 10587.6845703,
        "mean": 1882.98449707,
        "median": 1812.54724121,
        "min": 292.017150879,
        "var": 906920.875
    },
    "spectral_complexity": {
        "dmean": 5.57585144043,
        "dmean2": 7.63361740112,
        "dvar": 36.9067001343,
        "dvar2": 66.032409668,
        "max": 62,
        "mean": 18.7633419037,
        "median": 17,
        "min": 0,
        "var": 133.517028809
    },
    "spectral_decrease": {
        "dmean": 5.25253307515e-09,
        "dmean2": 8.49818704296e-09,
        "dvar": 4.07541002108e-17,
        "dvar2": 1.03812821237e-16,
        "max": 2.45197584459e-10,
        "mean": -1.34840867361e-08,
        "median": -1.26813937129e-08,
        "min": -5.95130629222e-08,
        "var": 1.02112839346e-16
    },
    "spectral_energy": {
        "dmean": 0.0203597676009,
        "dmean2": 0.0328693091869,
        "dvar": 0.000581509375479,
        "dvar2": 0.00147215032484,
        "max": 0.229558542371,
        "mean": 0.0541893132031,
        "median": 0.0510993860662,
        "min": 7.91273748746e-08,
        "var": 0.00148011371493
    },
    "spectral_energyband_high": {
        "dmean": 0.00115227955393,
        "dmean2": 0.00161552894861,
        "dvar": 5.2777190831e-06,
        "dvar2": 9.34784657147e-06,
        "max": 0.0308650769293,
        "mean": 0.00193319376558,
        "median": 0.000643698615022,
        "min": 6.9448197193e-10,
        "var": 1.23017471196e-05
    },
    "spectral_energyband_low": {
        "dmean": 0.0181886553764,
        "dmean2": 0.0301073957235,
        "dvar": 0.000625225715339,
        "dvar2": 0.00161407585256,
        "max": 0.219356149435,
        "mean": 0.0363735146821,
        "median": 0.0291359685361,
        "min": 1.30550903421e-10,
        "var": 0.00129841233138
    },
    "spectral_energyband_middle_high": {
        "dmean": 0.00448495149612,
        "dmean2": 0.00655569834635,
        "dvar": 3.65946652892e-05,
        "dvar2": 7.37049849704e-05,
        "max": 0.0572510436177,
        "mean": 0.00987942889333,
        "median": 0.00622460618615,
        "min": 7.46469694946e-08,
        "var": 9.98441537376e-05
    },
    "spectral_energyband_middle_low": {
        "dmean": 0.00337280286476,
        "dmean2": 0.005782217253,
        "dvar": 3.73036855308e-05,
        "dvar2": 0.000101390833152,
        "max": 0.0483886823058,
        "mean": 0.00467372499406,
        "median": 0.00292406463996,
        "min": 3.57912455229e-09,
        "var": 3.2415453461e-05
    },
    "spectral_entropy": {
        "dmean": 0.226306930184,
        "dmean2": 0.306494951248,
        "dvar": 0.0540411882102,
        "dvar2": 0.0976527482271,
        "max": 8.85976409912,
        "mean": 7.67455339432,
        "median": 7.75075721741,
        "min": 5.59720563889,
        "var": 0.259182304144
    },
    "spectral_flux": {
        "dmean": 0.0410887785256,
        "dmean2": 0.0660500526428,
        "dvar": 0.00165887176991,
        "dvar2": 0.004296857398,
        "max": 0.403375446796,
        "mean": 0.131433695555,
        "median": 0.129265576601,
        "min": 0.000182270247024,
        "var": 0.00445361202583
    },
    "spectral_kurtosis": {
        "dmean": 1.6993137598,
        "dmean2": 2.63584256172,
        "dvar": 4.35858345032,
        "dvar2": 10.9228343964,
        "max": 28.7236213684,
        "mean": 4.49975061417,
        "median": 3.78737926483,
        "min": -1.54576945305,
        "var": 11.3328466415
    },
    "spectral_rms": {
        "dmean": 0.00129154452588,
        "dmean2": 0.00206806208007,
        "dvar": 1.75517095613e-06,
        "dvar2": 4.40745589003e-06,
        "max": 0.0149652780965,
        "mean": 0.00663856696337,
        "median": 0.00706066982821,
        "min": 8.78620721778e-06,
        "var": 8.79711387824e-06
    },
    "spectral_rolloff": {
        "dmean": 738.231689453,
        "dmean2": 1214.85046387,
        "dvar": 1928689.5,
        "dvar2": 3872417.75,
        "max": 12898.3886719,
        "mean": 1792.30456543,
        "median": 1335.05859375,
        "min": 43.06640625,
        "var": 5373861.5
    },
    "spectral_skewness": {
        "dmean": 0.263422757387,
        "dmean2": 0.384930282831,
        "dvar": 0.0760991275311,
        "dvar2": 0.161873221397,
        "max": 3.52617359161,
        "mean": 1.59948039055,
        "median": 1.58627462387,
        "min": -1.62903380394,
        "var": 0.274752944708
    },
    "spectral_spread": {
        "dmean": 898170.375,
        "dmean2": 1233123,
        "dvar": 1.55103736627e+12,
        "dvar2": 2.67579215053e+12,
        "max": 20288650,
        "mean": 5234413,
        "median": 4807840.5,
        "min": 1606917.75,
        "var": 5.8012425257e+12
    },
    "spectral_strongpeak": {
        "dmean": 0.769119679928,
        "dmean2": 1.32159161568,
        "dvar": 2.96893548965,
        "dvar2": 7.33506917953,
        "max": 15.4136991501,
        "mean": 0.918745517731,
        "median": 0.319735258818,
        "min": 0,
        "var": 3.5977139473
    },
    "zerocrossingrate": {
        "dmean": 0.017360817641,
        "dmean2": 0.0195089355111,
        "dvar": 0.00049453828251,
        "dvar2": 0.00048610768863,
        "max": 0.52783203125,
        "mean": 0.0700980052352,
        "median": 0.0556640625,
        "min": 0.00146484375,
        "var": 0.00428356509656
    },
    "barkbands": {
        "dmean": [0.00654243631288, 0.0145267257467, 0.00286866980605, 0.00121377792675, 0.000984356738627, 0.000561847758945, 0.000575394136831, 0.000493634608574, 0.000427462597145, 0.000762007257435, 0.000925655127503, 0.000871750933584, 0.00126903899945, 0.00128359964583, 0.000728615210392, 0.00090455042664, 0.000503602146637, 0.000430673360825, 0.000286501948722, 0.00020812159346, 0.000175672495971, 0.000115831695439, 0.000151974178152, 0.0002982870501, 0.000395877810661, 0.00014251023822, 6.39089776655e-08],
        "dmean2": [0.0105668492615, 0.0246810503304, 0.00538676977158, 0.00225675548427, 0.00168655789457, 0.00094696925953, 0.000983193400316, 0.000840174499899, 0.000716126058251, 0.00127448013518, 0.00151413143612, 0.00146165210754, 0.00199549994431, 0.0019605953712, 0.00117970025167, 0.00135048828088, 0.000756669905968, 0.000676355266478, 0.000442572665634, 0.00031943700742, 0.000254659069469, 0.000165314151673, 0.000215541338548, 0.000448788021458, 0.0005783761153, 0.000217600056203, 1.15017016356e-07],
        "dvar": [7.95277301222e-05, 0.000442584278062, 5.74558216613e-05, 1.22920591821e-05, 3.18880461236e-06, 1.29709189878e-06, 2.07965763366e-06, 3.82880807592e-06, 1.21599043723e-06, 4.89703552375e-06, 4.98053668707e-06, 5.52508390683e-06, 9.40817790251e-06, 1.0972347809e-05, 3.58300849257e-06, 4.89216563437e-06, 1.73782336788e-06, 6.95455980804e-07, 2.14096658624e-07, 1.7928087459e-07, 1.10065627723e-07, 9.69425926201e-08, 8.981642452e-08, 8.83244297256e-07, 1.30394823827e-06, 2.92889382081e-07, 8.13820785392e-14],
        "dvar2": [0.000205700009246, 0.00115778564941, 0.000168103302713, 3.57474382326e-05, 8.42757890496e-06, 3.3327530673e-06, 5.47210038349e-06, 1.0679758816e-05, 3.09072675009e-06, 1.27181901917e-05, 1.11961626317e-05, 1.37337901833e-05, 2.12659906538e-05, 2.55496852333e-05, 8.41897326609e-06, 1.01898076537e-05, 3.28793635163e-06, 1.62329274644e-06, 5.2063808198e-07, 3.81625113732e-07, 2.49714162237e-07, 2.11811595818e-07, 1.98220604375e-07, 2.01386069421e-06, 2.51438041232e-06, 6.6985904823e-07, 2.14790343714e-13],
        "max": [0.0797671303153, 0.201002687216, 0.0578377991915, 0.0304991230369, 0.0136473355815, 0.0139491893351, 0.0203386228532, 0.0359779112041, 0.0166378039867, 0.0398928113282, 0.0319163911045, 0.0323977209628, 0.0347275845706, 0.0477803200483, 0.0221978258342, 0.0288364421576, 0.0241250284016, 0.0122451717034, 0.00484178541228, 0.00601306371391, 0.00438259821385, 0.00641590170562, 0.00419041374698, 0.0220856275409, 0.0155006228015, 0.00877766218036, 3.34025639859e-06],
        "mean": [0.0122837517411, 0.0224125590175, 0.00308522651903, 0.00112257734872, 0.00111603667028, 0.000706276216079, 0.00060680473689, 0.000520539004356, 0.000468156329589, 0.000888192735147, 0.00114529475104, 0.000897887977771, 0.0016172620235, 0.00164931337349, 0.0007855197764, 0.0011288478272, 0.000752950611059, 0.000526973453816, 0.000409762491472, 0.000288986077067, 0.000253149832133, 0.000161532589118, 0.000220062327571, 0.00040615600301, 0.000548577692825, 0.000186901714187, 4.25358059886e-08],
        "median": [0.00644788052887, 0.0129846408963, 0.00100037979428, 0.000469229475129, 0.000566065427847, 0.000369038665667, 0.000221629248699, 0.000172810920049, 0.000138492294354, 0.000186188597581, 0.000325457775034, 0.000257219129708, 0.000256853993051, 0.000264273025095, 0.000202648574486, 0.000196059248992, 0.00016422077897, 0.000172606247361, 0.000162456810358, 0.000105284801975, 8.09779012343e-05, 3.96485811507e-05, 6.49491194054e-05, 7.86696691648e-05, 7.6918353443e-05, 2.13052389881e-05, 1.04568598225e-09],
        "min": [1.974064575e-12, 4.95775157039e-11, 1.86227908094e-11, 6.3470266369e-12, 2.77383144232e-10, 2.61214036512e-11, 5.49331066746e-11, 2.25929192021e-10, 5.70710978476e-10, 6.39967134841e-10, 2.99901214973e-09, 7.9710806844e-09, 3.85687348725e-09, 7.94851351404e-10, 8.05549293936e-10, 1.04033581749e-08, 1.34182631673e-09, 7.57487572667e-10, 1.81332782123e-09, 5.24491283738e-10, 1.75319092577e-10, 3.52965989769e-11, 4.63700813857e-11, 3.34408230274e-11, 3.49063382366e-11, 1.29359370438e-11, 7.24071280364e-12],
        "var": [0.000199199974304, 0.000737098162062, 3.87236323149e-05, 7.95359119365e-06, 2.92177514893e-06, 1.40307133734e-06, 1.69167094555e-06, 2.77650497083e-06, 1.42422084082e-06, 6.63152013658e-06, 7.96519543655e-06, 6.19985485173e-06, 1.64145803865e-05, 1.61412390298e-05, 3.91689627577e-06, 7.93488379713e-06, 4.41377733296e-06, 9.76281512521e-07, 3.86557246657e-07, 2.73515439631e-07, 2.00790054805e-07, 1.35927933798e-07, 1.64068268305e-07, 1.35784398481e-06, 2.49637128036e-06, 4.29926501511e-07, 5.38166177746e-14]
    },
    "erbbands": {
        "dmean": [0.86802482605, 1.77512395382, 2.91089558601, 3.8035929203, 3.46880555153, 3.41431069374, 4.2885799408, 5.04582691193, 7.40077781677, 11.0426168442, 7.99278450012, 9.69730854034, 15.8355417252, 26.8493976593, 38.5494918823, 33.2033882141, 57.5416221619, 70.1841812134, 39.41771698, 41.8976173401, 38.7770462036, 27.5054721832, 20.884349823, 21.1466827393, 10.729683876, 9.95380115509, 8.09648227692, 6.3216137886, 4.09100437164, 3.40484666824, 4.70264720917, 5.24266958237, 5.56815719604, 4.34169626236, 2.99890947342, 1.04968774319, 0.207401365042, 0.0115857459605, 0.000262203393504, 3.85360654036e-05],
        "dmean2": [1.46180570126, 2.99507117271, 5.21960639954, 7.15711402893, 6.23547792435, 5.87089157104, 7.41846942902, 8.58551311493, 12.6227235794, 18.9915103912, 13.4856023788, 16.2649993896, 26.9290828705, 43.9861602783, 62.6441955566, 51.5766181946, 89.1544418335, 107.877975464, 61.852645874, 63.7059631348, 58.352355957, 40.0783920288, 31.8927459717, 33.0755615234, 16.081987381, 14.8583450317, 12.1169490814, 9.16678714752, 5.96021318436, 4.96727132797, 6.69182682037, 7.92678356171, 8.24867916107, 6.45780897141, 4.50871706009, 1.61165928841, 0.307126015425, 0.0176257397979, 0.000390489294659, 5.80452397116e-05],
        "dvar": [1.51808714867, 12.8791589737, 48.4317512512, 127.786605835, 68.2389907837, 44.7853813171, 77.6221084595, 109.759895325, 264.311126709, 1264.52075195, 684.174682617, 615.132873535, 2220.91186523, 4839.78369141, 11914.6689453, 6383.94580078, 17802.4160156, 30776.3105469, 6958.05029297, 11078.9238281, 9525.93066406, 5720.35742188, 1558.37329102, 1629.38000488, 300.69329834, 439.977172852, 249.509536743, 219.753585815, 91.3297424316, 41.8550224304, 93.7012634277, 276.846923828, 279.006225586, 152.99647522, 92.1904296875, 13.9110136032, 0.662736237049, 0.00178238551598, 8.06667742381e-07, 4.53855841798e-09],
        "dvar2": [4.08328866959, 33.0718955994, 133.069335938, 376.055511475, 189.155288696, 118.091194153, 205.036331177, 288.441558838, 685.409301758, 3487.04101562, 1908.63745117, 1500.34570312, 5738.46923828, 10440.3779297, 29504.7988281, 12756.6308594, 40501.0273438, 68842.4609375, 16656.8457031, 24353.7734375, 22121.7792969, 10469.7734375, 3309.36450195, 4011.10375977, 655.624023438, 951.104309082, 591.97052002, 469.761871338, 188.072113037, 81.7675933838, 207.21321106, 636.775634766, 608.471008301, 290.28338623, 196.6484375, 32.7050170898, 1.44001197815, 0.00365391164087, 1.65018059306e-06, 9.38724564747e-09],
        "max": [9.74140548706, 41.6425704956, 53.4510765076, 97.4888763428, 64.3277511597, 59.1035423279, 110.536575317, 105.486167908, 190.089309692, 446.243988037, 484.085906982, 451.595031738, 723.327026367, 1299.26733398, 1866.91760254, 1428.73547363, 1583.40625, 2044.76647949, 1199.19958496, 1453.30041504, 1180.61901855, 1557.94445801, 715.82434082, 657.256408691, 295.301208496, 361.060821533, 231.164031982, 276.225585938, 176.69921875, 109.303726196, 137.95526123, 366.996368408, 363.087677002, 171.648544312, 155.130401611, 60.4563179016, 16.4587097168, 0.856739699841, 0.016740353778, 0.00111264677253],
        "mean": [1.33039164543, 2.45073437691, 3.47796463966, 3.94520568848, 3.48302865028, 3.69221353531, 5.01552057266, 6.09387588501, 7.94846725464, 11.367105484, 9.29694843292, 11.2126026154, 16.8687744141, 37.0856742859, 51.0444564819, 41.8010673523, 75.419631958, 91.9693450928, 50.769329071, 54.1109886169, 47.1199531555, 42.9706954956, 29.3753223419, 28.5580387115, 17.1009922028, 13.8603715897, 11.7074785233, 8.95018577576, 5.80959177017, 4.98565292358, 6.78781461716, 7.05586290359, 7.57824897766, 6.11508321762, 3.77559709549, 1.32858812809, 0.26372256875, 0.0143022378907, 0.00037410427467, 9.09890950425e-05],
        "median": [0.812376797199, 1.32473707199, 1.32891881466, 1.53846180439, 1.76805710793, 1.61824762821, 2.93534445763, 2.76677942276, 3.3012778759, 3.64093184471, 4.21633291245, 3.60258769989, 5.23579549789, 10.0837450027, 15.7258033752, 14.4038591385, 16.6889324188, 16.9502754211, 17.088098526, 13.4878063202, 10.7488527298, 10.2465906143, 10.4320011139, 9.94436073303, 7.7530670166, 5.43640041351, 4.30961847305, 2.65248227119, 1.62140822411, 1.40028011799, 1.97361671925, 1.41036188602, 1.44207704067, 1.00536692142, 0.37197586894, 0.130087569356, 0.0347244255245, 0.00195147609338, 8.63459790708e-05, 7.48240345274e-05],
        "min": [1.67357316894e-09, 8.45566017205e-09, 2.18273257246e-08, 7.48574464637e-08, 2.82538735519e-07, 9.01422595234e-07, 9.13002509151e-07, 1.65975066579e-07, 6.75776277603e-07, 4.64331606054e-06, 4.00166709369e-06, 1.12101542982e-05, 2.1316420316e-05, 4.19279385824e-05, 0.000276200473309, 0.000360527395969, 0.000236389256315, 9.47108710534e-05, 0.000111932800792, 0.000617857091129, 0.00052382418653, 0.000128960382426, 8.59416250023e-05, 6.97461582604e-05, 7.20565512893e-05, 3.09936622216e-05, 1.06846673589e-05, 4.71381963507e-06, 1.31551325921e-06, 1.13850660455e-06, 1.50497089635e-06, 8.20038167149e-07, 4.80278174564e-07, 3.69848521586e-07, 2.32847099824e-07, 4.83852993227e-08, 1.48844065961e-08, 3.93535026788e-09, 1.19091081441e-09, 2.20904419757e-10],
        "var": [2.5190975666, 14.6789913177, 38.5626106262, 81.9322280884, 48.8405075073, 40.0609512329, 68.9164352417, 111.788841248, 235.61555481, 957.117858887, 510.108673096, 786.930664062, 2386.75512695, 8588.67675781, 17904.84375, 11068.3183594, 30415.5292969, 48528.765625, 9260.45898438, 16541.4023438, 11847.2314453, 14431.1894531, 3059.62988281, 2262.05957031, 635.983642578, 629.171203613, 435.758544922, 331.302764893, 145.626968384, 83.052444458, 166.127914429, 391.625823975, 462.225097656, 282.113311768, 158.057495117, 22.4160957336, 0.896978199482, 0.00262516131625, 1.26024690417e-06, 9.06963926184e-09]
    },
    "gfcc": {
        "mean": [-9.91714763641, 61.1814651489, -121.867446899, 33.4818840027, -41.2512245178, 35.3013839722, -37.9072647095, 20.5280342102, -25.0903205872, 11.5820446014, -5.05181312561, 4.02579450607, -4.99550580978],
        "cov": [[18217.1015625, 1121.5958252, 3365.22241211, 1267.02233887, 129.81552124, 1062.52246094, 184.353897095, 816.479858398, 251.678695679, 766.689331055, -170.605560303, 359.917236328, -362.530487061], [1121.5958252, 2979.89648438, 781.980957031, 368.238586426, 618.558959961, 193.153747559, 405.035247803, -183.421569824, 116.461654663, -208.95085144, 162.560089111, -183.061767578, 3.63695526123], [3365.22241211, 781.980957031, 1974.61999512, 457.843933105, 120.934936523, 302.654571533, 107.734024048, 148.001602173, 75.28931427, 167.97605896, -71.9391174316, 135.327468872, -89.0818252563], [1267.02233887, 368.238586426, 457.843933105, 579.631164551, 197.396362305, 99.7572479248, 122.655853271, 7.81786346436, 85.9443359375, -31.7492656708, -8.81584644318, -10.1985864639, -17.6882610321], [129.81552124, 618.558959961, 120.934936523, 197.396362305, 481.554656982, 134.88494873, 140.449783325, -16.3580474854, 5.43348455429, -79.1263504028, 44.5924758911, -68.3242111206, -27.4399604797], [1062.52246094, 193.153747559, 302.654571533, 99.7572479248, 134.88494873, 357.41217041, 117.447685242, 37.1657905579, 18.7388820648, -38.0406608582, -16.9168930054, -38.5824966431, -51.8856735229], [184.353897095, 405.035247803, 107.734024048, 122.655853271, 140.449783325, 117.447685242, 269.032928467, -28.2189865112, -0.681996703148, -56.5525474548, 30.8367710114, -24.2647838593, -6.44964742661], [816.479858398, -183.421569824, 148.001602173, 7.81786346436, -16.3580474854, 37.1657905579, -28.2189865112, 186.398788452, 39.1384468079, 46.1765213013, -23.0372695923, 44.0251274109, 6.26618528366], [251.678695679, 116.461654663, 75.28931427, 85.9443359375, 5.43348455429, 18.7388820648, -0.681996703148, 39.1384468079, 193.86769104, 7.21074151993, -5.90978860855, 22.7705554962, 17.3989505768], [766.689331055, -208.95085144, 167.97605896, -31.7492656708, -79.1263504028, -38.0406608582, -56.5525474548, 46.1765213013, 7.21074151993, 205.248397827, 4.59444856644, 56.976436615, -11.1485900879], [-170.605560303, 162.560089111, -71.9391174316, -8.81584644318, 44.5924758911, -16.9168930054, 30.8367710114, -23.0372695923, -5.90978860855, 4.59444856644, 156.252243042, -22.538734436, 28.2619571686], [359.917236328, -183.061767578, 135.327468872, -10.1985864639, -68.3242111206, -38.5824966431, -24.2647838593, 44.0251274109, 22.7705554962, 56.976436615, -22.538734436, 146.567077637, 5.37508583069], [-362.530487061, 3.63695526123, -89.0818252563, -17.6882610321, -27.4399604797, -51.8856735229, -6.44964742661, 6.26618528366, 17.3989505768, -11.1485900879, 28.2619571686, 5.37508583069, 128.018310547]],
        "icov": [[0.000185880024219, -0.00022168502619, 7.38661256037e-05, -0.000445584068075, 0.000311694981065, -0.000567123235669, 0.000208077282878, -0.000700996082742, 0.000293012562906, -0.000715333968401, 7.36283764127e-05, -0.000358684221283, 0.000300956016872], [-0.00022168502619, 0.00114470266271, -0.000696329108905, 0.000920986989513, -0.00113288720604, 0.00121808762196, -0.000990695669316, 0.00160907674581, -0.00113677827176, 0.00151258253027, -0.000611857918557, 0.00134029425681, -0.000530376506504], [7.38661256037e-05, -0.000696329108905, 0.00134664622601, -0.00109853048343, 0.000654798932374, -0.00127516174689, 0.0005740110646, -0.00103789032437, 0.000810602679849, -0.00145492260344, 0.000555070640985, -0.00148497370537, 0.000420433352701], [-0.000445584068075, 0.000920986989513, -0.00109853048343, 0.0040065869689, -0.00185712776147, 0.00203309231438, -0.00150014949031, 0.00222838390619, -0.00214448128827, 0.00243272329681, -0.000114051923447, 0.00168861483689, -0.000799939909484], [0.000311694981065, -0.00113288720604, 0.000654798932374, -0.00185712776147, 0.00423967652023, -0.00192470406182, 0.000255656283116, -0.00204888940789, 0.0013309448259, -0.00113189022522, -0.000274146033917, -0.000638308643829, 0.00116360676475], [-0.000567123235669, 0.00121808762196, -0.00127516174689, 0.00203309231438, -0.00192470406182, 0.00656331563368, -0.00255898223259, 0.00153378420509, -0.00181767775211, 0.00335097149946, -0.000125367383589, 0.00313099916093, 0.000231602112763], [0.000208077282878, -0.000990695669316, 0.0005740110646, -0.00150014949031, 0.000255656283116, -0.00255898223259, 0.00622064806521, -0.000586107722484, 0.00135615828913, -0.000549821997993, -0.000438499555457, -0.00179966294672, 0.000109448716103], [-0.000700996082742, 0.00160907674581, -0.00103789032437, 0.00222838390619, -0.00204888940789, 0.00153378420509, -0.000586107722484, 0.0100653283298, -0.00274599972181, 0.00228062737733, -9.72701527644e-05, 0.000779378926381, -0.00222432101145], [0.000293012562906, -0.00113677827176, 0.000810602679849, -0.00214448128827, 0.0013309448259, -0.00181767775211, 0.00135615828913, -0.00274599972181, 0.0071573141031, -0.00175345875323, 0.000563756213523, -0.00217918492854, -0.000277275597909], [-0.000715333968401, 0.00151258253027, -0.00145492260344, 0.00243272329681, -0.00113189022522, 0.00335097149946, -0.000549821997993, 0.00228062737733, -0.00175345875323, 0.0100356135517, -0.00195328146219, 0.00081716949353, -0.000259604974417], [7.36283764127e-05, -0.000611857918557, 0.000555070640985, -0.000114051923447, -0.000274146033917, -0.000125367383589, -0.000438499555457, -9.72701527644e-05, 0.000563756213523, -0.00195328146219, 0.00789811648428, 0.000272851175396, -0.00153233355377], [-0.000358684221283, 0.00134029425681, -0.00148497370537, 0.00168861483689, -0.000638308643829, 0.00313099916093, -0.00179966294672, 0.000779378926381, -0.00217918492854, 0.00081716949353, 0.000272851175396, 0.0109604932368, -0.00100356922485], [0.000300956016872, -0.000530376506504, 0.000420433352701, -0.000799939909484, 0.00116360676475, 0.000231602112763, 0.000109448716103, -0.00222432101145, -0.000277275597909, -0.000259604974417, -0.00153233355377, -0.00100356922485, 0.00971391703933]]
    },
    "melbands": {
        "dmean": [0.00566251855344, 0.00148704007734, 0.000646946020424, 0.000226676420425, 0.000149600557052, 0.000110745277198, 0.000114250891784, 0.000125078091514, 6.13735610386e-05, 6.32459923509e-05, 8.5050582129e-05, 0.000110586726805, 0.000127915904159, 9.82954152278e-05, 0.000114633076009, 0.00013521288929, 0.00014299605391, 6.89075823175e-05, 5.65996742807e-05, 6.87232823111e-05, 4.03209778597e-05, 3.02277385344e-05, 2.79376381513e-05, 1.89462607523e-05, 1.88060130313e-05, 9.07506637304e-06, 7.1378112807e-06, 6.952624517e-06, 5.58725832889e-06, 4.55344115835e-06, 3.79956395591e-06, 2.70388909485e-06, 1.79082644536e-06, 2.13832845475e-06, 2.8107988328e-06, 2.71415001407e-06, 3.82599728255e-06, 4.32078286394e-06, 3.81697691409e-06, 3.83917313229e-06],
        "dmean2": [0.00961197819561, 0.00252368394285, 0.00120752479415, 0.000389159744373, 0.000257020816207, 0.000187255558558, 0.000193520667381, 0.000215132531594, 0.000104672406451, 0.000105204308056, 0.000144012912642, 0.000180013201316, 0.000208947705687, 0.000160494091688, 0.000178983944352, 0.000210537706153, 0.000219786219532, 0.000110427230538, 9.06098139239e-05, 0.000101243553218, 6.18445919827e-05, 4.50673687737e-05, 4.12479712395e-05, 2.95937716146e-05, 2.98889917758e-05, 1.39178537211e-05, 1.09633383545e-05, 1.05472372525e-05, 8.56983660924e-06, 6.93078482072e-06, 5.6752242017e-06, 4.07235120292e-06, 2.51247934102e-06, 3.23210883835e-06, 4.09741960539e-06, 4.09957056036e-06, 5.89875571677e-06, 6.63789023747e-06, 5.5607770264e-06, 5.82402981308e-06],
        "dvar": [6.42692248221e-05, 9.2459449661e-06, 3.50961704498e-06, 1.8709378935e-07, 8.17146670329e-08, 5.0663889084e-08, 6.55159055896e-08, 1.82383416814e-07, 3.10215142463e-08, 2.82926286843e-08, 6.52055618389e-08, 8.90624392014e-08, 1.02685383752e-07, 7.8371726886e-08, 8.30039184052e-08, 1.06777598319e-07, 1.41120622743e-07, 2.4558508116e-08, 2.95638749037e-08, 3.35926984008e-08, 1.11061000396e-08, 8.05049360508e-09, 4.86472018224e-09, 1.40081690692e-09, 1.41199119064e-09, 2.44068099065e-10, 2.38200265068e-10, 2.25145832533e-10, 1.39744993355e-10, 8.02254512822e-11, 1.1230094632e-10, 5.80726300381e-11, 1.54312829875e-11, 1.78922987537e-11, 3.60567409263e-11, 3.67932073697e-11, 2.01673941436e-10, 2.12658335386e-10, 9.98231844407e-11, 1.34602426427e-10],
        "dvar2": [0.000170107567101, 2.1894400561e-05, 1.02460689959e-05, 5.02939997205e-07, 2.15798010572e-07, 1.31358660838e-07, 1.70010125089e-07, 5.04092724896e-07, 8.60026005967e-08, 6.86938932404e-08, 1.68477143347e-07, 1.9983677646e-07, 2.41690827352e-07, 1.84816826732e-07, 1.65689826304e-07, 2.3594287768e-07, 3.20917962426e-07, 6.07562782307e-08, 7.01280598037e-08, 6.61589822926e-08, 2.62844359611e-08, 1.44510705624e-08, 9.19625975371e-09, 3.47744233409e-09, 3.53399620678e-09, 5.51307832719e-10, 5.26533039391e-10, 4.90690488242e-10, 3.29176685909e-10, 1.88132648349e-10, 2.41657555078e-10, 1.24094526321e-10, 2.98186961234e-11, 4.02252640919e-11, 7.79065978396e-11, 8.7648388547e-11, 4.87126727844e-10, 5.17377418685e-10, 1.93016186367e-10, 2.70375971612e-10],
        "max": [0.0663531944156, 0.0309371463954, 0.0159070994705, 0.0036120256409, 0.00300083053298, 0.00223543145694, 0.00286793499254, 0.0064992858097, 0.0031398080755, 0.00299590313807, 0.00369183183648, 0.00590813625604, 0.00485996343195, 0.00472192745656, 0.00438866345212, 0.00373989949003, 0.00477044889703, 0.00215710327029, 0.00218647206202, 0.00299314945005, 0.00133542669937, 0.00208175578155, 0.00128744030371, 0.000498606706969, 0.00058245647233, 0.000273348210612, 0.000327006040607, 0.000209286939935, 0.000207802499062, 0.0001328492217, 0.000210766331293, 0.000164088385645, 9.29231900955e-05, 5.76278252993e-05, 9.35701100389e-05, 8.46952316351e-05, 0.000338233512593, 0.000323858927004, 0.000219231340452, 0.000160246156156],
        "mean": [0.00942343939096, 0.00219016941264, 0.000693005567882, 0.000245989853283, 0.000177043388248, 0.000136936563649, 0.00012185855303, 0.000128114290419, 7.12954206392e-05, 7.05039128661e-05, 8.58015409904e-05, 0.000147015714901, 0.000163945020176, 0.000110693246825, 0.000141023469041, 0.000161062693223, 0.000175523979124, 8.13963852124e-05, 6.04889246461e-05, 8.97021600395e-05, 4.3939682655e-05, 4.25676589657e-05, 3.86232204619e-05, 2.27876189456e-05, 2.37251097133e-05, 1.29477621158e-05, 1.02673066067e-05, 8.99594033399e-06, 7.62048603065e-06, 6.15623184785e-06, 4.90784850626e-06, 3.48428420693e-06, 2.62504249804e-06, 2.83414215119e-06, 3.93953587263e-06, 3.67320967598e-06, 4.72863348477e-06, 5.4771021496e-06, 5.10959307576e-06, 5.15093597642e-06],
        "median": [0.00673988508061, 0.00116211152636, 0.000306276459014, 0.000115463946713, 0.000101062658359, 6.50366637274e-05, 4.78754045616e-05, 4.0289160097e-05, 3.20881190419e-05, 1.95913198695e-05, 2.43348131335e-05, 3.2137701055e-05, 4.94516207254e-05, 3.2899886719e-05, 2.95437403111e-05, 2.77830895357e-05, 2.49714739766e-05, 2.13604962482e-05, 1.46041538756e-05, 1.46883903653e-05, 9.71209919953e-06, 9.29520865611e-06, 8.73377575772e-06, 7.49951141188e-06, 7.3611663538e-06, 5.48589878235e-06, 4.0279114728e-06, 3.14801991408e-06, 2.5350427677e-06, 1.75941829639e-06, 1.22235326216e-06, 8.22605898065e-07, 6.89078660798e-07, 7.14698785487e-07, 1.11046040274e-06, 8.31331817608e-07, 7.63303489748e-07, 1.0016719898e-06, 9.74902945927e-07, 7.11546874754e-07],
        "min": [2.05966736722e-11, 1.03725188161e-11, 1.80246251952e-11, 3.68024152819e-11, 4.96015624407e-11, 3.05803776399e-12, 8.96449407761e-12, 6.62233948234e-11, 2.72458028361e-11, 8.00797692047e-11, 9.9767964723e-11, 1.30052899006e-10, 4.65196325905e-10, 1.16520038063e-09, 7.97300392374e-10, 4.21853385557e-10, 1.37761566044e-10, 2.22129710459e-11, 1.85268092534e-10, 7.90453813515e-10, 1.57247895261e-10, 9.78254074968e-11, 1.23684382181e-10, 3.77013177622e-11, 5.35597260987e-11, 5.4407280764e-11, 2.04090216949e-11, 1.13554851286e-11, 5.79585424793e-12, 4.57845870591e-12, 1.5059338325e-12, 5.8796842178e-13, 1.01035485859e-13, 5.7447877835e-13, 9.21784024978e-13, 5.05769471443e-13, 4.20571943157e-13, 3.6430691905e-13, 2.68999964447e-13, 2.68321552043e-13],
