{
"highlevel": {
    "danceability": {
        "all": {
            "danceable": 0.999867022038,
            "not_danceable": 0.000132949338877
        },
        "probability": 0.999867022038,
        "value": "danceable"
    },
    "gender": {
        "all": {
            "female": 0.847649395466,
            "male": 0.152350619435
        },
        "probability": 0.847649395466,
        "value": "female"
    },
    "genre_dortmund": {
        "all": {
            "alternative": 0.0447171851993,
            "blues": 0.0251206979156,
            "electronic": 0.140412375331,
            "folkcountry": 0.0202245842665,
            "funksoulrnb": 0.0304518844932,
            "jazz": 0.113526724279,
            "pop": 0.0588082447648,
            "raphiphop": 0.522722125053,
            "rock": 0.0440161563456
        },
        "probability": 0.522722125053,
        "value": "raphiphop"
    },
    "genre_electronic": {
        "all": {
            "ambient": 0.161669671535,
            "dnb": 0.0765791162848,
            "house": 0.233139961958,
            "techno": 0.0183250457048,
            "trance": 0.510286211967
        },
        "probability": 0.510286211967,
        "value": "trance"
    },
    "genre_rosamerica": {
        "all": {
            "cla": 0.000541127636097,
            "dan": 0.838240623474,
            "hip": 0.137983933091,
            "jaz": 0.000668594788294,
            "pop": 0.0168357845396,
            "rhy": 0.00317323487252,
            "roc": 0.00189800793305,
            "spe": 0.00065872160485
        },
        "probability": 0.838240623474,
        "value": "dan"
    },
    "genre_tzanetakis": {
        "all": {
            "blu": 0.0761676058173,
            "cla": 0.0476101711392,
            "cou": 0.0952277332544,
            "dis": 0.0761927738786,
            "hip": 0.190493404865,
            "jaz": 0.190504729748,
            "met": 0.0761913284659,
            "pop": 0.0952357724309,
            "reg": 0.0761877521873,
            "roc": 0.0761887207627
        },
        "probability": 0.190504729748,
        "value": "jaz"
    },
    "ismir04_rhythm": {
        "all": {
            "ChaChaCha": 0.775908887386,
            "Jive": 0.038777589798,
            "Quickstep": 0.012048188597,
            "Rumba-American": 0.00560523150489,
            "Rumba-International": 0.0105574252084,
            "Rumba-Misc": 0.00132431311067,
            "Samba": 0.149065494537,
            "Tango": 0.00327390478924,
            "VienneseWaltz": 0.0029780541081,
            "Waltz": 0.000460944749648
        },
        "probability": 0.775908887386,
        "value": "ChaChaCha"
    },
    "mood_acoustic": {
        "all": {
            "acoustic": 0.0400121584535,
            "not_acoustic": 0.959987819195
        },
        "probability": 0.959987819195,
        "value": "not_acoustic"
    },
    "mood_aggressive": {
        "all": {
            "aggressive": 0.0622600205243,
            "not_aggressive": 0.9377399683
        },
        "probability": 0.9377399683,
        "value": "not_aggressive"
    },
    "mood_electronic": {
        "all": {
            "electronic": 0.916250109673,
            "not_electronic": 0.0837498679757
        },
        "probability": 0.916250109673,
        "value": "electronic"
    },
    "mood_happy": {
        "all": {
            "happy": 0.359149634838,
            "not_happy": 0.640850365162
        },
        "probability": 0.640850365162,
        "value": "not_happy"
    },
    "mood_party": {
        "all": {
            "not_party": 0.153038963675,
            "party": 0.846961021423
        },
        "probability": 0.846961021423,
        "value": "party"
    },
    "mood_relaxed": {
        "all": {
            "not_relaxed": 0.629575312138,
            "relaxed": 0.370424717665
        },
        "probability": 0.629575312138,
        "value": "not_relaxed"
    },
    "mood_sad": {
        "all": {
            "not_sad": 0.77499973774,
            "sad": 0.225000232458
        },
        "probability": 0.77499973774,
        "value": "not_sad"
    },
    "moods_mirex": {
        "all": {
            "Cluster1": 0.310839146376,
            "Cluster2": 0.170025482774,
            "Cluster3": 0.0626204013824,
            "Cluster4": 0.26799929142,
            "Cluster5": 0.188515663147
        },
        "probability": 0.310839146376,
        "value": "Cluster1"
    },
    "timbre": {
        "all": {
            "bright": 0.55999481678,
            "dark": 0.44000518322
        },
        "probability": 0.55999481678,
        "value": "bright"
    },
    "tonal_atonal": {
        "all": {
            "atonal": 0.954687356949,
            "tonal": 0.0453126393259
        },
        "probability": 0.954687356949,
        "value": "atonal"
    },
    "voice_instrumental": {
        "all": {
            "instrumental": 0.0244988892227,
            "voice": 0.97550112009
        },
        "probability": 0.97550112009,
        "value": "voice"
    }
},
"lowlevel": {
    "average_loudness": 0.980928182602,
    "barkbands_crest": {
        "dmean": 4.04068851471,
        "dmean2": 5.9422826767,
        "dvar": 10.3644599915,
        "dvar2": 21.4636268616,
        "max": 26.0581188202,
        "mean": 13.2088861465,
        "median": 12.2307100296,
        "min": 2.45381069183,
        "var": 35.228767395
    },
    "barkbands_flatness_db": {
        "dmean": 0.0390673279762,
        "dmean2": 0.0548248514533,
        "dvar": 0.00131795566995,
        "dvar2": 0.00234957970679,
        "max": 0.528796553612,
        "mean": 0.16419108212,
        "median": 0.15118303895,
        "min": 0.0411045774817,
        "var": 0.00467952294275
    },
    "barkbands_kurtosis": {
        "dmean": 12.4504957199,
        "dmean2": 20.1735191345,
        "dvar": 5253.67578125,
        "dvar2": 13795.2382812,
        "max": 1481.16699219,
        "mean": 11.1479330063,
        "median": 2.17138719559,
        "min": -1.85459041595,
        "var": 3921.35083008
    },
    "barkbands_skewness": {
        "dmean": 1.06686747074,
        "dmean2": 1.53368663788,
        "dvar": 2.51218867302,
        "dvar2": 5.24224042892,
        "max": 31.6073951721,
        "mean": 2.10630869865,
        "median": 1.61050510406,
        "min": -1.40405642986,
        "var": 4.96759223938
    },
    "barkbands_spread": {
        "dmean": 10.5109434128,
        "dmean2": 15.7850265503,
        "dvar": 145.281051636,
        "dvar2": 287.227233887,
        "max": 127.82485199,
        "mean": 25.9396572113,
        "median": 22.2257328033,
        "min": 0.118012100458,
        "var": 359.864990234
    },
    "dissonance": {
        "dmean": 0.02060331963,
        "dmean2": 0.0351769216359,
        "dvar": 0.000389940047171,
        "dvar2": 0.00111524295062,
        "max": 0.499448925257,
        "mean": 0.467087835073,
        "median": 0.472039282322,
        "min": 0.304717391729,
        "var": 0.000594076642301
    },
    "dynamic_complexity": 2.0842154026,
    "erbbands_crest": {
        "dmean": 3.19011449814,
        "dmean2": 5.37226438522,
        "dvar": 9.58167362213,
        "dvar2": 26.6345882416,
        "max": 25.2122135162,
        "mean": 8.19665050507,
        "median": 7.36691045761,
        "min": 2.55568099022,
        "var": 13.8178815842
    },
    "erbbands_flatness_db": {
        "dmean": 0.0237958822399,
        "dmean2": 0.0348119847476,
        "dvar": 0.000493312894832,
        "dvar2": 0.00100452429615,
        "max": 0.278327614069,
        "mean": 0.147738128901,
        "median": 0.146403774619,
        "min": 0.058500751853,
        "var": 0.0016593869077
    },
    "erbbands_kurtosis": {
        "dmean": 0.998127281666,
        "dmean2": 1.62475466728,
        "dvar": 1.87699770927,
        "dvar2": 4.8202548027,
        "max": 20.7010421753,
        "mean": 0.0360840633512,
        "median": -0.381147146225,
        "min": -1.80061304569,
        "var": 2.37736701965
    },
    "erbbands_skewness": {
        "dmean": 0.453759104013,
        "dmean2": 0.703743577003,
        "dvar": 0.168141290545,
        "dvar2": 0.394110202789,
        "max": 4.46189641953,
        "mean": 0.205123767257,
        "median": 0.221459582448,
        "min": -2.41757464409,
        "var": 0.466260641813
    },
    "erbbands_spread": {
        "dmean": 12.9903736115,
        "dmean2": 19.3108863831,
        "dvar": 164.892807007,
        "dvar2": 346.931488037,
        "max": 158.654388428,
        "mean": 47.4060630798,
        "median": 42.7510147095,
        "min": 7.58218574524,
        "var": 566.457946777
    },
    "hfc": {
        "dmean": 14.88331604,
        "dmean2": 20.5021247864,
        "dvar": 352.288299561,
        "dvar2": 754.266906738,
        "max": 200.450546265,
        "mean": 27.2823047638,
        "median": 19.575586319,
        "min": 0.336272239685,
        "var": 690.48034668
    },
    "melbands_crest": {
        "dmean": 4.75684356689,
        "dmean2": 7.4302148819,
        "dvar": 16.8202362061,
        "dvar2": 33.9889526367,
        "max": 35.7657623291,
        "mean": 18.9039134979,
        "median": 19.0657310486,
        "min": 3.72889614105,
        "var": 50.986000061
    },
    "melbands_flatness_db": {
        "dmean": 0.0501131042838,
        "dmean2": 0.067693002522,
        "dvar": 0.00197990448214,
        "dvar2": 0.00333003047854,
        "max": 0.640021920204,
        "mean": 0.217463001609,
        "median": 0.200543180108,
        "min": 0.0306885931641,
        "var": 0.00913085695356
    },
    "melbands_kurtosis": {
        "dmean": 22.4334850311,
        "dmean2": 34.462436676,
        "dvar": 2546.57128906,
        "dvar2": 5680.42333984,
        "max": 779.700744629,
        "mean": 30.1887989044,
        "median": 10.5945453644,
        "min": -1.49253892899,
        "var": 4018.22973633
    },
    "melbands_skewness": {
        "dmean": 1.41584038734,
        "dmean2": 2.08995580673,
        "dvar": 2.86068606377,
        "dvar2": 5.99882173538,
        "max": 20.4403953552,
        "mean": 3.6947426796,
        "median": 2.8787021637,
        "min": -0.0250159502029,
        "var": 8.3113489151
    },
    "melbands_spread": {
        "dmean": 11.0421190262,
        "dmean2": 16.2046203613,
        "dvar": 167.04876709,
        "dvar2": 326.747344971,
        "max": 192.688644409,
        "mean": 23.6384086609,
        "median": 19.0875377655,
        "min": 0.200264245272,
        "var": 393.903625488
    },
    "pitch_salience": {
        "dmean": 0.111139170825,
        "dmean2": 0.166097313166,
        "dvar": 0.0091724768281,
        "dvar2": 0.019594149664,
        "max": 0.866588234901,
        "mean": 0.464468181133,
        "median": 0.482201069593,
        "min": 0.0436981990933,
        "var": 0.0288643073291
    },
    "silence_rate_20dB": {
        "dmean": 0,
        "dmean2": 0,
        "dvar": 0,
        "dvar2": 0,
        "max": 1,
        "mean": 1,
        "median": 1,
        "min": 1,
        "var": 0
    },
    "silence_rate_30dB": {
        "dmean": 0.0773993805051,
        "dmean2": 0.154918670654,
        "dvar": 0.0714076831937,
        "dvar2": 0.177395612001,
        "max": 1,
        "mean": 0.937354981899,
        "median": 1,
        "min": 0,
        "var": 0.0587207525969
    },
    "silence_rate_60dB": {
        "dmean": 0.0123839005828,
        "dmean2": 0.0247869864106,
        "dvar": 0.0122306784615,
        "dvar2": 0.0303691327572,
        "max": 1,
        "mean": 0.0116009283811,
        "median": 0,
        "min": 0,
        "var": 0.0114662405103
    },
    "spectral_centroid": {
        "dmean": 425.866546631,
        "dmean2": 629.48449707,
        "dvar": 152585.890625,
        "dvar2": 289212.34375,
        "max": 3739.05322266,
        "mean": 1619.57641602,
        "median": 1575.50195312,
        "min": 128.575180054,
        "var": 554781.875
    },
    "spectral_complexity": {
        "dmean": 6.91563463211,
        "dmean2": 9.86134815216,
        "dvar": 45.1143913269,
        "dvar2": 82.77003479,
        "max": 54,
        "mean": 20.0332565308,
        "median": 18,
        "min": 1,
        "var": 131.363998413
    },
    "spectral_decrease": {
        "dmean": 5.05141928286e-09,
        "dmean2": 7.06762337543e-09,
        "dvar": 3.58658201326e-17,
        "dvar2": 7.02754251928e-17,
        "max": -2.63499305708e-10,
        "mean": -9.85507053741e-09,
        "median": -7.01900226829e-09,
        "min": -4.93488663267e-08,
        "var": 7.79555589524e-17
    },
    "spectral_energy": {
        "dmean": 0.019903415814,
        "dmean2": 0.027832057327,
        "dvar": 0.000525461335201,
        "dvar2": 0.00102558184881,
        "max": 0.19124700129,
        "mean": 0.0396698787808,
        "median": 0.0293486248702,
        "min": 0.00115069898311,
        "var": 0.00115883490071
    },
    "spectral_energyband_high": {
        "dmean": 0.0013288713526,
        "dmean2": 0.00193684233818,
        "dvar": 4.00214412366e-06,
        "dvar2": 8.5653809947e-06,
        "max": 0.0198024343699,
        "mean": 0.00191464240197,
        "median": 0.00102010986302,
        "min": 9.18054411159e-07,
        "var": 6.43751036478e-06
    },
    "spectral_energyband_low": {
        "dmean": 0.0155736329034,
        "dmean2": 0.0222527515143,
        "dvar": 0.000523379188962,
        "dvar2": 0.00107312365435,
        "max": 0.167830720544,
        "mean": 0.0234217178077,
        "median": 0.0120044564828,
        "min": 9.9688741102e-06,
        "var": 0.000971077417489
    },
    "spectral_energyband_middle_high": {
        "dmean": 0.00310449372046,
        "dmean2": 0.00438215071335,
        "dvar": 1.47563869177e-05,
        "dvar2": 2.88560495392e-05,
        "max": 0.0418322645128,
        "mean": 0.00547499023378,
        "median": 0.00344620156102,
        "min": 7.76902925281e-06,
        "var": 3.46098167938e-05
    },
    "spectral_energyband_middle_low": {
        "dmean": 0.00743214040995,
        "dmean2": 0.0122781097889,
        "dvar": 0.000147269092849,
        "dvar2": 0.000379169388907,
        "max": 0.0767177045345,
        "mean": 0.0100694699213,
        "median": 0.00601572124287,
        "min": 6.51587106404e-05,
        "var": 0.000143238095916
    },
    "spectral_entropy": {
        "dmean": 0.212246850133,
        "dmean2": 0.30139118433,
        "dvar": 0.0395852848887,
        "dvar2": 0.0791863128543,
        "max": 8.60988330841,
        "mean": 7.71380615234,
        "median": 7.73551130295,
        "min": 6.30881595612,
        "var": 0.152359455824
    },
    "spectral_flux": {
        "dmean": 0.0465539470315,
        "dmean2": 0.0709990933537,
        "dvar": 0.00218731118366,
        "dvar2": 0.00416058115661,
        "max": 0.394209802151,
        "mean": 0.123427674174,
        "median": 0.105100281537,
        "min": 0.0181679669768,
        "var": 0.00470790965483
    },
    "spectral_kurtosis": {
        "dmean": 1.57553744316,
        "dmean2": 2.56909584999,
        "dvar": 4.12663316727,
        "dvar2": 10.1467933655,
        "max": 27.5360507965,
        "mean": 3.29203987122,
        "median": 2.73538351059,
        "min": -1.48819720745,
        "var": 7.60714101791
    },
    "spectral_rms": {
        "dmean": 0.00150605966337,
        "dmean2": 0.00209056818858,
        "dvar": 2.06384515877e-06,
        "dvar2": 3.65203391084e-06,
        "max": 0.0136595182121,
        "mean": 0.00572091294453,
        "median": 0.00535096321255,
        "min": 0.00105954380706,
        "var": 5.97345388087e-06
    },
    "spectral_rolloff": {
        "dmean": 995.962280273,
        "dmean2": 1643.58093262,
        "dvar": 2998717.5,
        "dvar2": 6464015.5,
        "max": 13006.0546875,
        "mean": 1744.08911133,
        "median": 968.994140625,
        "min": 64.599609375,
        "var": 4916318
    },
    "spectral_skewness": {
        "dmean": 0.262033641338,
        "dmean2": 0.406940877438,
        "dvar": 0.0735861957073,
        "dvar2": 0.17162899673,
        "max": 3.89948534966,
        "mean": 1.27670836449,
        "median": 1.21734046936,
        "min": 0.182553082705,
        "var": 0.201949492097
    },
    "spectral_spread": {
        "dmean": 858907.9375,
        "dmean2": 1191105.5,
        "dvar": 1.32002873344e+12,
        "dvar2": 2.02916364288e+12,
        "max": 24264792,
        "mean": 5035521,
        "median": 4435891,
        "min": 1556166.625,
        "var": 5.50057489203e+12
    },
    "spectral_strongpeak": {
        "dmean": 0.364871174097,
        "dmean2": 0.601024746895,
        "dvar": 0.32218080759,
        "dvar2": 0.837074518204,
        "max": 7.91636705399,
        "mean": 0.637247562408,
        "median": 0.437092006207,
        "min": 0,
        "var": 0.39606693387
    },
    "zerocrossingrate": {
        "dmean": 0.0194787178189,
        "dmean2": 0.021533165127,
        "dvar": 0.000470556202345,
        "dvar2": 0.000543932605069,
        "max": 0.4599609375,
        "mean": 0.0645195916295,
        "median": 0.0546875,
        "min": 0.00244140625,
        "var": 0.00252698571421
    },
    "barkbands": {
        "dmean": [0.000559177715331, 0.0122726922855, 0.00458571640775, 0.00332167278975, 0.00218259473331, 0.000628738140222, 0.000741300114896, 0.00147144310176, 0.00120155501645, 0.00100001494866, 0.000505091331434, 0.000548469892237, 0.000451832223916, 0.000371282687411, 0.000340801547281, 0.000276298378594, 0.000244885974098, 0.000373646151274, 0.000196250810404, 0.00032507974538, 0.000408285297453, 0.000145012760186, 0.000259740103502, 0.000223092763918, 0.000160570823937, 0.000111061839561, 8.40877589781e-08],
        "dmean2": [0.000826500065159, 0.0182781256735, 0.00738957663998, 0.00614280300215, 0.0037278693635, 0.00102824531496, 0.00124788959511, 0.00237779528834, 0.0019851771649, 0.00154943449888, 0.000778193643782, 0.0008664446068, 0.000742791045923, 0.000591705320403, 0.000526354124304, 0.000438730523456, 0.000387028005207, 0.000582906475756, 0.000299034349155, 0.000507336109877, 0.000611133174971, 0.000216668588109, 0.00039485382149, 0.000319348473568, 0.000243322487222, 0.000166155776242, 1.49351393475e-07],
        "dvar": [7.29771613805e-07, 0.000331016082782, 0.00011625647312, 7.82600109233e-05, 1.32882723847e-05, 1.20988113395e-06, 2.1656435365e-06, 6.35189462628e-06, 5.86952955928e-06, 3.87845011574e-06, 9.33701869599e-07, 9.79593210104e-07, 8.88043928171e-07, 6.24682627404e-07, 3.78892593744e-07, 2.45559789391e-07, 1.7449278289e-07, 3.51854879455e-07, 9.50299750002e-08, 2.88279778715e-07, 6.03391413279e-07, 6.92037502859e-08, 3.49120625742e-07, 2.15201509945e-07, 1.67155249642e-07, 1.82272970051e-07, 5.55891487355e-13],
        "dvar2": [1.39610892802e-06, 0.000755760527682, 0.000273896992439, 0.000220214002184, 3.39153957611e-05, 2.83557642433e-06, 5.64244146517e-06, 1.47728651427e-05, 1.42816516018e-05, 8.64646699483e-06, 1.9911808522e-06, 2.22447215492e-06, 2.06181607609e-06, 1.44868931784e-06, 8.05622505595e-07, 6.07071171999e-07, 4.09113567912e-07, 9.18126147553e-07, 2.1532993344e-07, 6.99904205703e-07, 1.34751974201e-06, 1.42939072134e-07, 8.43190377964e-07, 4.4622785822e-07, 3.2931237115e-07, 3.60876384775e-07, 1.55962287356e-12],
        "max": [0.010720115155, 0.131929576397, 0.101504035294, 0.0495004281402, 0.0285911168903, 0.0102939438075, 0.0218633525074, 0.0268897097558, 0.0208959374577, 0.021651064977, 0.0150809045881, 0.0122228609398, 0.0117838708684, 0.0105348322541, 0.00648467615247, 0.00604292703792, 0.00505863549188, 0.0104662813246, 0.00462285010144, 0.00606874516234, 0.0158305838704, 0.00277489935979, 0.00482165720314, 0.0036452782806, 0.00910539831966, 0.00741018168628, 1.90449572983e-05],
        "mean": [0.00080299610272, 0.0173671003431, 0.00419650645927, 0.00221569859423, 0.0028694125358, 0.000753027794417, 0.000902109779418, 0.00176611414645, 0.00130158476532, 0.00127967610024, 0.000688399595674, 0.000691967841703, 0.000528804317582, 0.000414178764913, 0.000427626946475, 0.000327379035298, 0.000298429047689, 0.000506152166054, 0.000299581850413, 0.000430323736509, 0.000567799957935, 0.000178266011062, 0.000266965682385, 0.000255280581769, 0.00019212452753, 0.000142353979754, 5.36524709105e-08],
        "median": [0.000219004723476, 0.00784454867244, 0.000240721550654, 0.000170959683601, 0.00107369874604, 0.000296912592603, 0.000346523011103, 0.000646505621262, 0.000448798586149, 0.000437673152192, 0.000234863880905, 0.000266055983957, 0.000195562286535, 0.000104251172161, 0.000112716035801, 0.000112839916255, 0.000110518405563, 0.000247500225669, 0.000144705045386, 0.000200649854378, 0.000267357769189, 6.04026536166e-05, 5.61143824598e-05, 5.62661662116e-05, 4.28452767665e-05, 1.28537667479e-05, 7.04793445827e-10],
        "min": [3.38928686006e-07, 9.13333451535e-07, 2.89964361855e-07, 1.25883673263e-07, 7.56444842409e-06, 2.03460467674e-06, 4.61148545128e-07, 7.07868093741e-06, 2.04645004942e-07, 1.71979905872e-07, 1.53928283453e-07, 1.91909336422e-07, 9.31960641992e-08, 1.84140503734e-07, 2.42147706331e-07, 2.52875537399e-07, 7.59475540235e-07, 6.71289285492e-07, 4.48488549409e-07, 3.06222716517e-07, 2.20920640004e-07, 2.53510883397e-08, 1.12648814721e-08, 1.00282200322e-08, 1.44814965575e-10, 1.10528808328e-10, 9.54704284378e-12],
        "var": [1.71507087998e-06, 0.000569936644752, 0.000108568005089, 4.72827887279e-05, 1.86016786756e-05, 1.5883102833e-06, 2.5374042707e-06, 8.99854421732e-06, 5.9841431721e-06, 5.47406125406e-06, 1.48278525103e-06, 1.57983754434e-06, 1.10570454126e-06, 7.74862257913e-07, 6.04052786457e-07, 3.03756621634e-07, 2.45981340186e-07, 5.34833759502e-07, 1.81939611821e-07, 3.7927975427e-07, 8.08102470273e-07, 1.0029365427e-07, 3.64504444406e-07, 2.90700739924e-07, 3.48772346115e-07, 4.24371336294e-07, 3.32790842409e-13]
    },
    "erbbands": {
        "dmean": [0.347342014313, 2.8281724453, 5.97536563873, 8.15897464752, 8.78150463104, 7.06380987167, 7.78869533539, 4.365711689, 8.581782341, 17.8136119843, 34.1097793579, 30.5410346985, 21.9716758728, 29.6535739899, 19.3292045593, 22.0971908569, 20.0319385529, 18.6990394592, 18.688791275, 15.128288269, 14.6811628342, 13.7510852814, 18.5889015198, 14.9895658493, 7.57610321045, 15.3740158081, 20.3012142181, 11.8607521057, 5.10898590088, 8.45916461945, 5.63897609711, 5.09027385712, 3.29007267952, 1.87453627586, 1.13287234306, 0.699767947197, 0.164808765054, 0.00951081048697, 0.00020929123275, 3.46112610714e-05],
        "dmean2": [0.511831402779, 4.17919445038, 9.47998714447, 14.22560215, 15.8019218445, 11.8070516586, 12.6761159897, 7.15506696701, 14.1225728989, 29.1902923584, 54.6614112854, 50.7744293213, 34.648639679, 46.4025917053, 29.1736125946, 34.9931335449, 31.8392086029, 29.4739608765, 27.9838752747, 23.7830314636, 22.5194034576, 21.6589756012, 29.7641487122, 21.8470993042, 11.7730989456, 23.6864624023, 30.4352817535, 17.8042469025, 7.67281675339, 12.7832651138, 8.52091217041, 7.50609064102, 4.86004161835, 2.90044903755, 1.71736192703, 1.03458929062, 0.255022853613, 0.0149323046207, 0.000317417900078, 4.83150870423e-05],
        "dvar": [0.276599794626, 22.808265686, 197.187667847, 427.106140137, 423.231903076, 135.113891602, 146.5234375, 73.2863540649, 292.974273682, 1052.28503418, 3556.93383789, 4998.24511719, 1499.30407715, 4894.26708984, 951.883483887, 1557.51257324, 1481.98266602, 1583.16845703, 1215.17089844, 646.108337402, 552.354553223, 542.638366699, 901.852172852, 610.664306641, 118.051940918, 652.781494141, 1202.94616699, 633.979614258, 86.4369049072, 361.078948975, 156.510406494, 117.317855835, 46.9238204956, 16.6190738678, 12.3019351959, 7.8547296524, 0.416328936815, 0.00117421592586, 4.74133372563e-07, 2.63769428521e-09],
        "dvar2": [0.612463653088, 52.0923881531, 471.558441162, 1147.20849609, 1176.31201172, 299.855804443, 346.292663574, 183.090805054, 759.475769043, 2596.51806641, 8273.40625, 12491.8447266, 3409.38061523, 11351.5488281, 2154.09521484, 3535.79589844, 3321.11083984, 3843.02832031, 2419.11474609, 1512.03967285, 1305.20947266, 1316.99121094, 2398.13208008, 1303.99768066, 280.677124023, 1602.19335938, 2625.29443359, 1389.66796875, 176.077438354, 872.120056152, 364.947723389, 261.114257812, 89.4401702881, 36.0623550415, 24.0875988007, 14.8584098816, 0.963140249252, 0.00275238091126, 1.059250053e-06, 5.31251442837e-09],
        "max": [4.51687717438, 32.0829429626, 113.951934814, 117.446434021, 131.14163208, 160.398925781, 108.747085571, 102.852149963, 334.860015869, 346.340209961, 703.551574707, 581.201843262, 518.081542969, 1090.95935059, 373.584594727, 486.430541992, 520.882446289, 491.004058838, 406.024993896, 268.912780762, 317.971923828, 281.506774902, 465.963623047, 338.313476562, 119.618911743, 307.791809082, 501.63949585, 588.212768555, 106.349304199, 146.191390991, 117.150428772, 83.8861999512, 59.7279586792, 54.487865448, 85.3126754761, 59.2586402893, 14.1965579987, 0.724327147007, 0.0146068716422, 0.00120163208339],
        "mean": [0.525241851807, 3.72124576569, 5.55944490433, 6.5093960762, 7.44103765488, 10.2515192032, 9.82274723053, 5.30815505981, 11.0286693573, 21.9543113708, 41.7272720337, 31.9432220459, 30.7522258759, 35.6299667358, 30.1662921906, 29.3805370331, 24.4843254089, 22.0382575989, 23.5032749176, 19.6389732361, 18.3753833771, 17.3391456604, 24.7456245422, 23.7472457886, 12.1054029465, 20.6616611481, 27.471780777, 16.7755565643, 6.81021308899, 8.67497348785, 6.15019893646, 5.64075756073, 3.84647798538, 2.12367272377, 1.42026293278, 0.919028699398, 0.193792238832, 0.00976581964642, 0.000253512553172, 6.41321094008e-05],
        "median": [0.265508472919, 1.45556461811, 0.762844741344, 0.625450670719, 1.70983743668, 3.38301944733, 3.7278854847, 2.23316454887, 4.22189188004, 8.42721843719, 15.8709030151, 10.4686689377, 13.9539422989, 12.3397283554, 14.9786720276, 12.3943166733, 10.1247396469, 5.99883651733, 5.91934871674, 6.63547611237, 6.87513637543, 6.91202402115, 12.152258873, 10.6018791199, 6.46916770935, 9.71466255188, 11.6291847229, 8.31060600281, 2.76952767372, 1.65090978146, 1.44821238518, 1.19815933704, 0.897816240788, 0.526721298695, 0.260320037603, 0.0840564593673, 0.0179280675948, 0.000942959566601, 5.00442547491e-05, 4.29970568803e-05],
        "min": [0.00012538957526, 0.000351147406036, 0.00119959516451, 0.00547389965504, 0.00811504852027, 0.0261695627123, 0.0249759182334, 0.00753385899588, 0.00816629920155, 0.067818172276, 0.166138187051, 0.0172365643084, 0.0100964931771, 0.00668483506888, 0.00510714622214, 0.0118778655306, 0.00640224572271, 0.0114971948788, 0.0115944361314, 0.0080456957221, 0.0524753853679, 0.0498472303152, 0.0398253314197, 0.0252485647798, 0.0174918994308, 0.014915230684, 0.0141080021858, 0.0082252305001, 0.00237145507708, 0.000288033246761, 0.000438778137323, 0.000202833543881, 0.000136474423925, 6.85752638674e-06, 2.59548824033e-06, 1.7501589582e-06, 9.52002324084e-07, 2.21532957312e-07, 7.40655252685e-07, 1.34710683142e-06],
        "var": [0.512005329132, 34.4652786255, 183.441741943, 305.526306152, 276.845428467, 301.192718506, 224.506164551, 79.643913269, 375.678039551, 1404.94116211, 4838.25732422, 4511.99462891, 2170.31982422, 5622.64941406, 1811.42687988, 2613.28979492, 1996.5847168, 1884.78942871, 2118.55810547, 1018.19799805, 827.780273438, 717.015441895, 1196.93518066, 1255.35095215, 235.968292236, 874.49420166, 1727.51489258, 837.814880371, 129.580276489, 376.049713135, 177.85635376, 147.525009155, 64.9132614136, 23.0709056854, 29.3804168701, 20.2131938934, 0.6897803545, 0.0014013054315, 7.38586663829e-07, 6.10075767682e-09]
    },
    "gfcc": {
        "mean": [8.68848609924, 83.3678741455, -114.657745361, 40.2071990967, -61.2737693787, 21.4957275391, -25.1463165283, 22.1181087494, -24.3502807617, 9.20650291443, -13.5598402023, -0.122148580849, -4.313123703],
        "cov": [[4204.04931641, -1376.35498047, -353.591644287, 55.2415351868, -332.089569092, 276.360321045, -479.814880371, -56.6073379517, -260.116851807, -0.453129380941, -279.920288086, 70.5500640869, -253.655059814], [-1376.35498047, 1745.05957031, -13.6854610443, -40.1072998047, 339.97543335, -170.600540161, 437.107971191, -31.087688446, 212.843582153, -77.5183486938, 206.879257202, -164.225097656, 187.085083008], [-353.591644287, -13.6854610443, 1101.76464844, 216.008544922, 216.390090942, 173.720779419, 68.5045547485, 184.89743042, 104.103378296, 49.8501434326, -16.6223621368, 90.8127746582, -101.356140137], [55.2415351868, -40.1072998047, 216.008544922, 574.953857422, 137.844299316, 45.3939666748, 42.4216461182, 54.7278671265, 116.448745728, -48.263671875, 30.0545444489, -41.1715660095, -18.326877594], [-332.089569092, 339.97543335, 216.390090942, 137.844299316, 376.936340332, 41.4539527893, 181.283355713, 90.0294876099, 105.416259766, 51.9602470398, 37.6125030518, -17.5023498535, 37.1250953674], [276.360321045, -170.600540161, 173.720779419, 45.3939666748, 41.4539527893, 327.787200928, 52.8842277527, 2.56081438065, 47.923210144, -7.83698654175, 14.2002344131, 30.7403736115, -64.5684890747], [-479.814880371, 437.107971191, 68.5045547485, 42.4216461182, 181.283355713, 52.8842277527, 352.299865723, 90.3255767822, 105.446075439, 51.0045776367, 79.5129394531, -42.4372711182, 58.3078422546], [-56.6073379517, -31.087688446, 184.89743042, 54.7278671265, 90.0294876099, 2.56081438065, 90.3255767822, 220.524505615, 66.8327331543, 85.5325546265, 11.580324173, 21.2105751038, 21.4372692108], [-260.116851807, 212.843582153, 104.103378296, 116.448745728, 105.416259766, 47.923210144, 105.446075439, 66.8327331543, 199.270797729, 2.17863869667, 44.7883987427, -25.142539978, 9.29889583588], [-0.453129380941, -77.5183486938, 49.8501434326, -48.263671875, 51.9602470398, -7.83698654175, 51.0045776367, 85.5325546265, 2.17863869667, 157.390045166, 16.8025245667, 29.645658493, 20.5093460083], [-279.920288086, 206.879257202, -16.6223621368, 30.0545444489, 37.6125030518, 14.2002344131, 79.5129394531, 11.580324173, 44.7883987427, 16.8025245667, 130.067077637, 3.83204364777, 51.7582893372], [70.5500640869, -164.225097656, 90.8127746582, -41.1715660095, -17.5023498535, 30.7403736115, -42.4372711182, 21.2105751038, -25.142539978, 29.645658493, 3.83204364777, 107.038192749, 6.17038917542], [-253.655059814, 187.085083008, -101.356140137, -18.326877594, 37.1250953674, -64.5684890747, 58.3078422546, 21.4372692108, 9.29889583588, 20.5093460083, 51.7582893372, 6.17038917542, 144.258956909]],
        "icov": [[0.00045979488641, -0.000113269888971, 0.000388426764403, -0.000341517472407, 0.000131810287712, -0.000700461503584, 0.000519763154443, -0.000450639461633, 0.00046920258319, -0.000383826059988, 0.000774848216679, -0.000256922154222, 0.000451641535619], [-0.000113269888971, 0.00247791130096, -0.0007802292821, 0.00141572626308, -0.00144178292248, 0.0020029512234, -0.00200595357455, 0.00161613000091, -0.00148323806934, 0.00228304951452, -0.002660154365, 0.00234688958153, -0.00131779129151], [0.000388426764403, -0.0007802292821, 0.00207796948962, -0.000988192390651, -0.000200669514015, -0.00138060818426, 0.000929507485125, -0.00177268823609, 0.000651834125165, -0.000670309760608, 0.00152099353727, -0.00234128395095, 0.00195841677487], [-0.000341517472407, 0.00141572626308, -0.000988192390651, 0.00335754244588, -0.00153329584282, 0.00145067542326, -0.000824346032459, 0.000614782387856, -0.00180951366201, 0.00250232801773, -0.0025961343199, 0.00243377592415, -0.000830293400213], [0.000131810287712, -0.00144178292248, -0.000200669514015, -0.00153329584282, 0.00533599825576, -0.00130688864738, -0.000401577359298, -0.000681765319314, 7.03586847521e-05, -0.00247877556831, 0.00227617751807, -0.000852367724292, -0.00036108653876], [-0.000700461503584, 0.0020029512234, -0.00138060818426, 0.00145067542326, -0.00130688864738, 0.00656490214169, -0.00323474104516, 0.00252009485848, -0.00243934732862, 0.00259814457968, -0.00354871945456, 0.000180361181265, 0.000646102475002], [0.000519763154443, -0.00200595357455, 0.000929507485125, -0.000824346032459, -0.000401577359298, -0.00323474104516, 0.00741897383705, -0.00290388637222, 0.000791180704255, -0.0026433095336, 0.000794434628915, 0.000734459899832, 0.000160450566909], [-0.000450639461633, 0.00161613000091, -0.00177268823609, 0.000614782387856, -0.000681765319314, 0.00252009485848, -0.00290388637222, 0.00933752208948, -0.00319884158671, -0.00193394639064, -0.000828995020129, 0.000621764804237, -0.00221413210966], [0.00046920258319, -0.00148323806934, 0.000651834125165, -0.00180951366201, 7.03586847521e-05, -0.00243934732862, 0.000791180704255, -0.00319884158671, 0.00900026131421, -0.000491475686431, 0.000326949346345, -1.62887372426e-05, 0.00139542703982], [-0.000383826059988, 0.00228304951452, -0.000670309760608, 0.00250232801773, -0.00247877556831, 0.00259814457968, -0.0026433095336, -0.00193394639064, -0.000491475686431, 0.0117993224412, -0.00391027890146, 0.000278451683698, -0.000886959314812], [0.000774848216679, -0.002660154365, 0.00152099353727, -0.0025961343199, 0.00227617751807, -0.00354871945456, 0.000794434628915, -0.000828995020129, 0.000326949346345, -0.00391027890146, 0.0147765101865, -0.00429880991578, -0.00140380416997], [-0.000256922154222, 0.00234688958153, -0.00234128395095, 0.00243377592415, -0.000852367724292, 0.000180361181265, 0.000734459899832, 0.000621764804237, -1.62887372426e-05, 0.000278451683698, -0.00429880991578, 0.0163220278919, -0.00411464972422], [0.000451641535619, -0.00131779129151, 0.00195841677487, -0.000830293400213, -0.00036108653876, 0.000646102475002, 0.000160450566909, -0.00221413210966, 0.00139542703982, -0.000886959314812, -0.00140380416997, -0.00411464972422, 0.0120677175]]
    },
    "melbands": {
        "dmean": [0.00313521316275, 0.00332859600894, 0.00141970545519, 0.000532288628165, 0.00028256609221, 0.000105086393887, 0.000132590954308, 0.000222385948291, 0.000280114909401, 0.000177479436388, 0.000113803711429, 0.000131314678583, 6.65280458634e-05, 5.97060570726e-05, 6.04443994234e-05, 4.16569127992e-05, 3.53580908268e-05, 3.15929282806e-05, 2.46036343015e-05, 2.02444680326e-05, 1.69611230376e-05, 1.52092497956e-05, 1.47690661834e-05, 1.87498826563e-05, 1.25898004626e-05, 6.16221495875e-06, 5.69841085962e-06, 1.20714821605e-05, 1.46614247569e-05, 1.01344494396e-05, 6.14832424617e-06, 2.89668150799e-06, 2.89679496746e-06, 5.78998424317e-06, 3.09201800519e-06, 3.38402082889e-06, 2.97001088256e-06, 2.45248656938e-06, 2.18583454625e-06, 1.50590437897e-06],
        "dmean2": [0.00462047057226, 0.00504899583757, 0.00243401736952, 0.000923934218008, 0.000461574527435, 0.000170443236129, 0.000221039837925, 0.000358741584932, 0.000443964119768, 0.000298437895253, 0.000180018440005, 0.00020455440972, 0.000100770215795, 9.09607042558e-05, 0.000102512960439, 6.66627020109e-05, 5.65681948501e-05, 4.76639288536e-05, 3.79303164664e-05, 3.25016881106e-05, 2.64519512712e-05, 2.45288229053e-05, 2.44252132688e-05, 2.94498022413e-05, 1.85790377145e-05, 9.77219497145e-06, 9.03460022528e-06, 1.8814464056e-05, 2.23096594709e-05, 1.53885684995e-05, 9.30313763092e-06, 4.40858684669e-06, 4.45144360128e-06, 8.82406675373e-06, 4.69208862341e-06, 5.26455505678e-06, 4.27139866588e-06, 3.65128380508e-06, 3.39212920153e-06, 2.35438233176e-06],
        "dvar": [1.94621825358e-05, 4.79205300508e-05, 1.15492166515e-05, 9.96446715362e-07, 1.78875296797e-07, 3.741210719e-08, 6.6441721458e-08, 1.50270849986e-07, 2.28093568921e-07, 1.71498626855e-07, 4.30655724415e-08, 9.19197447047e-08, 1.27304664588e-08, 1.27682397988e-08, 1.13268479041e-08, 9.61899537799e-09, 6.19249540534e-09, 3.84312759394e-09, 1.8165136062e-09, 1.5876731041e-09, 7.92971133201e-10, 8.17307721501e-10, 4.78862005604e-10, 1.3394476639e-09, 4.94538965334e-10, 8.02552399537e-11, 8.99896129836e-11, 4.13899886587e-10, 5.68494362696e-10, 3.77178094313e-10, 1.87115031802e-10, 3.04995854961e-11, 3.02811734021e-11, 1.8358203846e-10, 4.5802996812e-11, 5.8995065777e-11, 3.70362282509e-11, 2.58224708977e-11, 2.34797303128e-11, 1.42272651993e-11],
        "dvar2": [4.32786619058e-05, 0.000110374181531, 3.03279430227e-05, 2.62580488197e-06, 4.20966898673e-07, 9.2260492579e-08, 1.72291066747e-07, 3.64748075299e-07, 5.44662725588e-07, 4.30734928614e-07, 9.64776987189e-08, 2.11689467733e-07, 2.77335860943e-08, 2.68917368373e-08, 2.73047913169e-08, 2.11582289467e-08, 1.50879913008e-08, 7.64686092225e-09, 4.20483203811e-09, 4.05878486376e-09, 1.84774295864e-09, 2.0285806368e-09, 1.1965424207e-09, 3.65068220098e-09, 1.06562347835e-09, 1.92086041517e-10, 2.34467084637e-10, 1.01047570311e-09, 1.23550958353e-09, 8.49263770419e-10, 4.18132889424e-10, 6.45631811902e-11, 6.52768117337e-11, 4.50211978809e-10, 1.07426047224e-10, 1.38683800555e-10, 7.91942275646e-11, 4.67299636486e-11, 5.67541465213e-11, 3.00069379067e-11],
        "max": [0.0400790646672, 0.0473160296679, 0.019227059558, 0.0066964593716, 0.00423478661105, 0.00215877848677, 0.00454088114202, 0.00443460932001, 0.00516594713554, 0.00325475772843, 0.00258422223851, 0.00452749058604, 0.00166727416217, 0.00169401196763, 0.0015039750142, 0.00154504494276, 0.000881088199094, 0.000843211368192, 0.00050475273747, 0.00054384872783, 0.000508502183948, 0.000391071574995, 0.000194385778741, 0.000775195308961, 0.000325945264194, 8.96674391697e-05, 0.000102886144305, 0.000225505616982, 0.000286018999759, 0.000344366970239, 0.000330220587784, 7.51398547436e-05, 5.29624412593e-05, 0.000102978483483, 7.12200417183e-05, 7.59100075811e-05, 5.46406954527e-05, 4.4522483222e-05, 3.81187819585e-05, 6.00844759902e-05],
        "mean": [0.00481716962531, 0.00372499204241, 0.00116803019773, 0.00063159794081, 0.000381995021598, 0.000129625710542, 0.000166135912878, 0.000271680619335, 0.000341935607139, 0.000179440205102, 0.000156172172865, 0.000153471846716, 9.55837022047e-05, 8.17469554022e-05, 7.0485737524e-05, 4.8846428399e-05, 3.88811677112e-05, 3.74218216166e-05, 3.05093635689e-05, 2.36206706177e-05, 2.06551103474e-05, 1.80634306162e-05, 1.78472182597e-05, 2.52100599027e-05, 1.91806047951e-05, 9.06658624444e-06, 8.11365316622e-06, 1.52283109855e-05, 1.86865636351e-05, 1.37076958708e-05, 8.16022929939e-06, 3.70090810975e-06, 3.27756265506e-06, 5.64821675653e-06, 3.35811182595e-06, 3.51425819645e-06, 3.34615083375e-06, 2.82357518699e-06, 2.22393623517e-06, 1.6609268414e-06],
        "median": [0.0023737733718, 0.0011138120899, 0.000147774480865, 0.000166753394296, 0.000154751192895, 5.41206427442e-05, 6.2353508838e-05, 9.85514125205e-05, 0.000129818712594, 5.54919497517e-05, 6.62279489916e-05, 4.65140183223e-05, 3.95307870349e-05, 3.43273932231e-05, 2.73958175967e-05, 1.55211455422e-05, 1.02787453216e-05, 8.80728202901e-06, 8.82770200406e-06, 7.45961870052e-06, 7.5123653005e-06, 6.5312242441e-06, 7.7077493188e-06, 1.1819570318e-05, 7.97304346634e-06, 4.57140231447e-06, 4.13729549109e-06, 6.85408531353e-06, 7.49970377001e-06, 6.19444972472e-06, 3.81142808692e-06, 1.39061398841e-06, 8.43084649205e-07, 8.82378401457e-07, 8.04477508609e-07, 7.40789118936e-07, 7.12922201274e-07, 6.52499750231e-07, 4.56447224906e-07, 3.76333929353e-07],
        "min": [1.00917077361e-06, 9.19248122955e-07, 5.6701315998e-07, 1.34091828841e-06, 5.33521358648e-07, 1.94515521912e-07, 7.88213014857e-08, 8.33072704154e-07, 1.21870778003e-06, 3.06238874259e-08, 1.93774400969e-08, 2.25731717762e-08, 1.53848009887e-08, 1.8293818016e-08, 2.84342132062e-08, 1.60262221272e-08, 1.72126046749e-08, 8.96675622641e-09, 1.46848373461e-08, 9.04225228027e-09, 1.8206986141e-08, 3.55639002692e-08, 3.17370414393e-08, 3.21598925268e-08, 1.79201204986e-08, 5.83217696359e-09, 9.90953719082e-09, 9.62391055737e-09, 9.21710885393e-09, 5.84210146926e-09, 4.60876758979e-09, 5.2580440002e-10, 1.48461277993e-11, 2.47662480801e-11, 2.81598466767e-10, 1.48032794356e-10, 2.2638370345e-11, 1.49860568399e-10, 1.66370584843e-12, 1.32949846878e-12],
