{
"highlevel": {
    "danceability": {
        "all": {
            "danceable": 0.412352621555,
            "not_danceable": 0.587647378445
        },
        "probability": 0.587647378445,
        "value": "not_danceable"
    },
    "gender": {
        "all": {
            "female": 0.047055080533,
            "male": 0.952944934368
        },
        "probability": 0.952944934368,
        "value": "male"
    },
    "genre_dortmund": {
        "all": {
            "alternative": 0.0823300778866,
            "blues": 0.0138775743544,
            "electronic": 0.0241446718574,
            "folkcountry": 0.0252011362463,
            "funksoulrnb": 0.00540881184861,
            "jazz": 0.0028262026608,
            "pop": 0.0191229563206,
            "raphiphop": 0.00628120172769,
            "rock": 0.820807337761
        },
        "probability": 0.820807337761,
        "value": "rock"
    },
    "genre_electronic": {
        "all": {
            "ambient": 0.120267257094,
            "dnb": 0.787726283073,
            "house": 0.0101183541119,
            "techno": 0.0054766042158,
            "trance": 0.0764114931226
        },
        "probability": 0.787726283073,
        "value": "dnb"
    },
    "genre_rosamerica": {
        "all": {
            "cla": 0.000310358096613,
            "dan": 0.000685804057866,
            "hip": 0.00094586511841,
            "jaz": 0.000262168905465,
            "pop": 0.0179244410247,
            "rhy": 0.000552462413907,
            "roc": 0.979188621044,
            "spe": 0.000130299464217
        },
        "probability": 0.979188621044,
        "value": "roc"
    },
    "genre_tzanetakis": {
        "all": {
            "blu": 0.0626613423228,
            "cla": 0.0348169617355,
            "cou": 0.104475811124,
            "dis": 0.0784321576357,
            "hip": 0.15692435205,
            "jaz": 0.313974827528,
            "met": 0.0448166541755,
            "pop": 0.0627359300852,
            "reg": 0.0627360641956,
            "roc": 0.0784258767962
        },
        "probability": 0.313974827528,
        "value": "jaz"
    },
    "ismir04_rhythm": {
        "all": {
            "ChaChaCha": 0.0169515442103,
            "Jive": 0.528750061989,
            "Quickstep": 0.0156554598361,
            "Rumba-American": 0.00359125551768,
            "Rumba-International": 0.0193448271602,
            "Rumba-Misc": 0.00207218993455,
            "Samba": 0.127523288131,
            "Tango": 0.00565425027162,
            "VienneseWaltz": 0.274227172136,
            "Waltz": 0.00622993987054
        },
        "probability": 0.528750061989,
        "value": "Jive"
    },
    "mood_acoustic": {
        "all": {
            "acoustic": 0.0157291702926,
            "not_acoustic": 0.984270811081
        },
        "probability": 0.984270811081,
        "value": "not_acoustic"
    },
    "mood_aggressive": {
        "all": {
            "aggressive": 0.983493506908,
            "not_aggressive": 0.0165064726025
        },
        "probability": 0.983493506908,
        "value": "aggressive"
    },
    "mood_electronic": {
        "all": {
            "electronic": 0.419176965952,
            "not_electronic": 0.58082306385
        },
        "probability": 0.58082306385,
        "value": "not_electronic"
    },
    "mood_happy": {
        "all": {
            "happy": 0.43458417058,
            "not_happy": 0.565415799618
        },
        "probability": 0.565415799618,
        "value": "not_happy"
    },
    "mood_party": {
        "all": {
            "not_party": 0.421535968781,
            "party": 0.578464031219
        },
        "probability": 0.578464031219,
        "value": "party"
    },
    "mood_relaxed": {
        "all": {
            "not_relaxed": 0.979107618332,
            "relaxed": 0.0208924021572
        },
        "probability": 0.979107618332,
        "value": "not_relaxed"
    },
    "mood_sad": {
        "all": {
            "not_sad": 0.960887074471,
            "sad": 0.0391129255295
        },
        "probability": 0.960887074471,
        "value": "not_sad"
    },
    "moods_mirex": {
        "all": {
            "Cluster1": 0.381572932005,
            "Cluster2": 0.175897747278,
            "Cluster3": 0.0714456811547,
            "Cluster4": 0.074624478817,
            "Cluster5": 0.296459168196
        },
        "probability": 0.381572932005,
        "value": "Cluster1"
    },
    "timbre": {
        "all": {
            "bright": 0.276729792356,
            "dark": 0.723270237446
        },
        "probability": 0.723270237446,
        "value": "dark"
    },
    "tonal_atonal": {
        "all": {
            "atonal": 0.546190202236,
            "tonal": 0.453809767962
        },
        "probability": 0.546190202236,
        "value": "atonal"
    },
    "voice_instrumental": {
        "all": {
            "instrumental": 4.39450523118e-05,
            "voice": 0.999956071377
        },
        "probability": 0.999956071377,
        "value": "voice"
    }
},
"lowlevel": {
    "average_loudness": 0.978138804436,
    "barkbands_crest": {
        "dmean": 2.96680212021,
        "dmean2": 4.80908060074,
        "dvar": 8.54369735718,
        "dvar2": 21.9920978546,
        "max": 23.8736228943,
        "mean": 8.61178779602,
        "median": 7.43195915222,
        "min": 2.53648734093,
        "var": 17.3372993469
    },
    "barkbands_flatness_db": {
        "dmean": 0.019822794944,
        "dmean2": 0.0313676334918,
        "dvar": 0.000329884409439,
        "dvar2": 0.000804951996543,
        "max": 0.2733682096,
        "mean": 0.121200196445,
        "median": 0.115292586386,
        "min": 0.0464216582477,
        "var": 0.00109387945849
    },
    "barkbands_kurtosis": {
        "dmean": 1.18266046047,
        "dmean2": 1.94700443745,
        "dvar": 4.06585454941,
        "dvar2": 9.68939113617,
        "max": 23.8090782166,
        "mean": 0.266904443502,
        "median": -0.384525060654,
        "min": -1.68196678162,
        "var": 5.46642303467
    },
    "barkbands_skewness": {
        "dmean": 0.455331891775,
        "dmean2": 0.720328569412,
        "dvar": 0.217986613512,
        "dvar2": 0.524892032146,
        "max": 4.72819042206,
        "mean": 0.767167806625,
        "median": 0.682841479778,
        "min": -0.959787011147,
        "var": 0.567473053932
    },
    "barkbands_spread": {
        "dmean": 5.86946630478,
        "dmean2": 9.42671585083,
        "dvar": 29.9264888763,
        "dvar2": 70.1301422119,
        "max": 70.1154632568,
        "mean": 30.7337017059,
        "median": 29.5907115936,
        "min": 5.77727031708,
        "var": 113.049667358
    },
    "dissonance": {
        "dmean": 0.0123209375888,
        "dmean2": 0.021408688277,
        "dvar": 0.000140209915116,
        "dvar2": 0.000392022717278,
        "max": 0.499992460012,
        "mean": 0.480640202761,
        "median": 0.484638482332,
        "min": 0.406988531351,
        "var": 0.000229729281273
    },
    "dynamic_complexity": 1.71732544899,
    "erbbands_crest": {
        "dmean": 2.46498250961,
        "dmean2": 4.17556190491,
        "dvar": 7.1105890274,
        "dvar2": 19.4008693695,
        "max": 28.790222168,
        "mean": 7.91518163681,
        "median": 6.60941791534,
        "min": 2.41545057297,
        "var": 18.167350769
    },
    "erbbands_flatness_db": {
        "dmean": 0.0155084077269,
        "dmean2": 0.0238792803138,
        "dvar": 0.000207015851629,
        "dvar2": 0.000463180942461,
        "max": 0.320333153009,
        "mean": 0.160094439983,
        "median": 0.155372425914,
        "min": 0.084566667676,
        "var": 0.00149602233432
    },
    "erbbands_kurtosis": {
        "dmean": 0.774763286114,
        "dmean2": 1.28219664097,
        "dvar": 0.977982580662,
        "dvar2": 2.56331706047,
        "max": 14.8703022003,
        "mean": 0.38441029191,
        "median": -0.0608439445496,
        "min": -1.36149299145,
        "var": 2.21565914154
    },
    "erbbands_skewness": {
        "dmean": 0.273947238922,
        "dmean2": 0.434149175882,
        "dvar": 0.0556742660701,
        "dvar2": 0.148884788156,
        "max": 1.88560962677,
        "mean": -0.124829240143,
        "median": -0.159787520766,
        "min": -2.22856140137,
        "var": 0.268067747355
    },
    "erbbands_spread": {
        "dmean": 6.57224464417,
        "dmean2": 10.6402397156,
        "dvar": 41.3140029907,
        "dvar2": 106.16619873,
        "max": 81.282371521,
        "mean": 32.7349700928,
        "median": 30.7043170929,
        "min": 5.41213321686,
        "var": 168.865341187
    },
    "hfc": {
        "dmean": 7.83859109879,
        "dmean2": 12.9337358475,
        "dvar": 79.8895874023,
        "dvar2": 216.34928894,
        "max": 105.833496094,
        "mean": 35.9180297852,
        "median": 36.8863258362,
        "min": 0.280381321907,
        "var": 276.412384033
    },
    "melbands_crest": {
        "dmean": 3.44159030914,
        "dmean2": 5.64429712296,
        "dvar": 8.97539615631,
        "dvar2": 21.7825241089,
        "max": 27.3182487488,
        "mean": 12.6827859879,
        "median": 11.8421831131,
        "min": 3.825050354,
        "var": 22.57462883
    },
    "melbands_flatness_db": {
        "dmean": 0.0253464728594,
        "dmean2": 0.0395275577903,
        "dvar": 0.000616889097728,
        "dvar2": 0.00137324165553,
        "max": 0.342746585608,
        "mean": 0.156722933054,
        "median": 0.150150820613,
        "min": 0.0419529788196,
        "var": 0.00192826671991
    },
    "melbands_kurtosis": {
        "dmean": 4.04838895798,
        "dmean2": 6.69061660767,
        "dvar": 55.604763031,
        "dvar2": 137.980514526,
        "max": 83.2408294678,
        "mean": 5.20851039886,
        "median": 2.75760602951,
        "min": -1.47525966167,
        "var": 74.9570999146
    },
    "melbands_skewness": {
        "dmean": 0.675675034523,
        "dmean2": 1.07611083984,
        "dvar": 0.562360823154,
        "dvar2": 1.35547423363,
        "max": 8.36400413513,
        "mean": 1.86651456356,
        "median": 1.65397465229,
        "min": -0.271931141615,
        "var": 1.48219680786
    },
    "melbands_spread": {
        "dmean": 8.61940670013,
        "dmean2": 13.7328138351,
        "dvar": 63.1923446655,
        "dvar2": 155.117889404,
        "max": 94.8329544067,
        "mean": 35.075843811,
        "median": 34.6987266541,
        "min": 3.644977808,
        "var": 169.895065308
    },
    "pitch_salience": {
        "dmean": 0.0767019316554,
        "dmean2": 0.123361364007,
        "dvar": 0.00501605542377,
        "dvar2": 0.0127215292305,
        "max": 0.816197812557,
        "mean": 0.557283997536,
        "median": 0.563009440899,
        "min": 0.168146014214,
        "var": 0.0121231526136
    },
    "silence_rate_20dB": {
        "dmean": 0,
        "dmean2": 0,
        "dvar": 0,
        "dvar2": 0,
        "max": 1,
        "mean": 1,
        "median": 1,
        "min": 1,
        "var": 0
    },
    "silence_rate_30dB": {
        "dmean": 0.00464396271855,
        "dmean2": 0.00929511990398,
        "dvar": 0.00462233182043,
        "dvar2": 0.0138563886285,
        "max": 1,
        "mean": 0.997679829597,
        "median": 1,
        "min": 0,
        "var": 0.00231480435468
    },
    "silence_rate_60dB": {
        "dmean": 0.00464396271855,
        "dmean2": 0.00929511990398,
        "dvar": 0.00462237466127,
        "dvar2": 0.0107579771429,
        "max": 1,
        "mean": 0.0123743228614,
        "median": 0,
        "min": 0,
        "var": 0.0122212776914
    },
    "spectral_centroid": {
        "dmean": 216.950531006,
        "dmean2": 350.415893555,
        "dvar": 39284.5429688,
        "dvar2": 96281.7578125,
        "max": 3307.72949219,
        "mean": 1795.12841797,
        "median": 1782.47485352,
        "min": 547.523925781,
        "var": 168016.328125
    },
    "spectral_complexity": {
        "dmean": 4.59210538864,
        "dmean2": 7.32765293121,
        "dvar": 14.1935453415,
        "dvar2": 32.452671051,
        "max": 54,
        "mean": 33.798915863,
        "median": 34,
        "min": 0,
        "var": 60.680393219
    },
    "spectral_decrease": {
        "dmean": 2.99582425534e-09,
        "dmean2": 4.851477442e-09,
        "dvar": 1.42083688853e-17,
        "dvar2": 3.51121097021e-17,
        "max": -1.47167777964e-10,
        "mean": -9.57014112402e-09,
        "median": -9.22689213922e-09,
        "min": -3.98266450929e-08,
        "var": 2.585109648e-17
    },
    "spectral_energy": {
        "dmean": 0.0116824870929,
        "dmean2": 0.0189200229943,
        "dvar": 0.000206891534617,
        "dvar2": 0.000513965147547,
        "max": 0.153065726161,
        "mean": 0.0393777936697,
        "median": 0.0382276438177,
        "min": 0.000584387395065,
        "var": 0.000399363139877
    },
    "spectral_energyband_high": {
        "dmean": 0.000527094991412,
        "dmean2": 0.000856656872202,
        "dvar": 8.31768886655e-07,
        "dvar2": 2.18161630983e-06,
        "max": 0.0105739133433,
        "mean": 0.00149590242654,
        "median": 0.00117816368584,
        "min": 1.47580544763e-06,
        "var": 1.84031227946e-06
    },
    "spectral_energyband_low": {
        "dmean": 0.00903283245862,
        "dmean2": 0.014352761209,
        "dvar": 0.000219254900003,
        "dvar2": 0.000529972196091,
        "max": 0.13915771246,
        "mean": 0.0152592211962,
        "median": 0.0108427004889,
        "min": 5.92111609876e-05,
        "var": 0.000277824758086
    },
    "spectral_energyband_middle_high": {
        "dmean": 0.00338634173386,
        "dmean2": 0.00547254877165,
        "dvar": 1.59074825206e-05,
        "dvar2": 4.37084163423e-05,
        "max": 0.048035543412,
        "mean": 0.0120656369254,
        "median": 0.0100487228483,
        "min": 0.000112762019853,
        "var": 6.13775700913e-05
    },
    "spectral_energyband_middle_low": {
        "dmean": 0.00493338285014,
        "dmean2": 0.00822784565389,
        "dvar": 5.08612101839e-05,
        "dvar2": 0.000136523813126,
        "max": 0.0703757405281,
        "mean": 0.0116797368973,
        "median": 0.00941127445549,
        "min": 8.66832342581e-05,
        "var": 7.92235150584e-05
    },
    "spectral_entropy": {
        "dmean": 0.0875889286399,
        "dmean2": 0.138317644596,
        "dvar": 0.00637609744444,
        "dvar2": 0.0137957902625,
        "max": 8.49933242798,
        "mean": 7.84058094025,
        "median": 7.84653186798,
        "min": 6.76114082336,
        "var": 0.0439225584269
    },
    "spectral_flux": {
        "dmean": 0.0260733105242,
        "dmean2": 0.0419658757746,
        "dvar": 0.000846755283419,
        "dvar2": 0.00195883843116,
        "max": 0.331737160683,
        "mean": 0.111538589001,
        "median": 0.10660187155,
        "min": 0.0129759488627,
        "var": 0.00194372155238
    },
    "spectral_kurtosis": {
        "dmean": 1.35525941849,
        "dmean2": 2.30423593521,
        "dvar": 3.00302219391,
        "dvar2": 8.63154792786,
        "max": 19.3182792664,
        "mean": 3.41001152992,
        "median": 3.14408445358,
        "min": -0.423157215118,
        "var": 4.39372730255
    },
    "spectral_rms": {
        "dmean": 0.000857088132761,
        "dmean2": 0.00136909051798,
        "dvar": 7.82934591825e-07,
        "dvar2": 1.92250490727e-06,
        "max": 0.0122201638296,
        "mean": 0.00597106432542,
        "median": 0.00610698480159,
        "min": 0.000755072222091,
        "var": 2.76377113551e-06
    },
    "spectral_rolloff": {
        "dmean": 480.897094727,
        "dmean2": 792.993286133,
        "dvar": 409473.15625,
        "dvar2": 928471.125,
        "max": 7536.62109375,
        "mean": 1891.39038086,
        "median": 1722.65625,
        "min": 86.1328125,
        "var": 854658.5625
    },
    "spectral_skewness": {
        "dmean": 0.185167998075,
        "dmean2": 0.305723100901,
        "dvar": 0.0339819230139,
        "dvar2": 0.0916342884302,
        "max": 3.01568770409,
        "mean": 1.212220788,
        "median": 1.2337294817,
        "min": 0.319551765919,
        "var": 0.0946169123054
    },
    "spectral_spread": {
        "dmean": 325411.875,
        "dmean2": 507280.71875,
        "dvar": 115276890112,
        "dvar2": 241952948224,
        "max": 7636900.5,
        "mean": 3826669.5,
        "median": 3806703.5,
        "min": 1541037.25,
        "var": 841337864192
    },
    "spectral_strongpeak": {
        "dmean": 0.849302113056,
        "dmean2": 1.48946332932,
        "dvar": 1.92363345623,
        "dvar2": 5.17449569702,
        "max": 10.6474094391,
        "mean": 1.08477938175,
        "median": 0.425836712122,
        "min": 0.0252334401011,
        "var": 2.57563877106
    },
    "zerocrossingrate": {
        "dmean": 0.00889828335494,
        "dmean2": 0.0111627671868,
        "dvar": 7.04946942278e-05,
        "dvar2": 9.69765824266e-05,
        "max": 0.17724609375,
        "mean": 0.0676037296653,
        "median": 0.06591796875,
        "min": 0.0078125,
        "var": 0.000443277211161
    },
    "barkbands": {
        "dmean": [0.000126858940348, 0.00747264642268, 0.00277980370447, 0.00148249557242, 0.00194529816508, 0.000613124400843, 0.000916034972761, 0.00163671013433, 0.00107513263356, 0.000779606692959, 0.000590164854657, 0.000736474816222, 0.0014017324429, 0.0010755386902, 0.000472206069389, 0.000469299993711, 0.000567907176446, 0.000387949345168, 0.000265410752036, 0.000168986647623, 0.000179082126124, 0.000196086402866, 0.000110492284875, 5.81454951316e-05, 3.56545642717e-05, 3.10402647301e-05, 5.01883645754e-09],
        "dmean2": [0.000199569185497, 0.0118797952309, 0.00492837885395, 0.00257622194476, 0.00335557037033, 0.00104596407618, 0.00154919794295, 0.00262001738884, 0.00174971588422, 0.001269395696, 0.000944982282817, 0.00126016850118, 0.00231414032169, 0.00177190511022, 0.000780625734478, 0.000782618590165, 0.000957204611041, 0.000646851141937, 0.000453585584182, 0.000289848016109, 0.000305616034893, 0.000322111678543, 0.000182740768651, 9.32921830099e-05, 5.74438308831e-05, 4.97204018757e-05, 8.300171217e-09],
        "dvar": [5.55871828567e-08, 0.000165156874573, 2.42694186454e-05, 9.34916170081e-06, 1.32956920424e-05, 1.04414664293e-06, 3.03629212794e-06, 1.10484270408e-05, 4.05900664191e-06, 2.11528595173e-06, 1.39432859214e-06, 1.5259340671e-06, 1.00747920442e-05, 3.55408724317e-06, 6.6411911348e-07, 1.01867942703e-06, 5.95791675551e-07, 2.16998614633e-07, 1.19299826906e-07, 5.04211072894e-08, 7.64612053672e-08, 1.00117382829e-07, 6.33803338701e-08, 1.48148631141e-08, 6.12494854835e-09, 5.89913984328e-09, 2.1300837274e-15],
        "dvar2": [1.1777159159e-07, 0.000400852790335, 7.08950465196e-05, 2.53693833656e-05, 3.67298416677e-05, 2.72622150987e-06, 8.02430531621e-06, 2.53813977906e-05, 1.06047855297e-05, 5.11850794283e-06, 3.5325058434e-06, 3.91697221858e-06, 2.78451370832e-05, 9.95212485577e-06, 1.5680177512e-06, 2.80535346064e-06, 1.61117793596e-06, 5.7828054878e-07, 3.05688899971e-07, 1.39487625006e-07, 2.11349288293e-07, 2.63520547605e-07, 1.65376420114e-07, 3.16739772188e-08, 1.50316665781e-08, 1.52059307368e-08, 2.5626693828e-15],
        "max": [0.00208130013198, 0.102613180876, 0.0388284921646, 0.0339602045715, 0.0316638499498, 0.0152731370181, 0.0297673400491, 0.0526841580868, 0.0411955416203, 0.0254181697965, 0.019005741924, 0.0204791910946, 0.040410015732, 0.0262274220586, 0.0137393809855, 0.0217999573797, 0.0107435779646, 0.00647727353498, 0.00564765091985, 0.00226085796021, 0.00332508282736, 0.00524419127032, 0.00337841268629, 0.00242886366323, 0.00153225031681, 0.000814698520117, 1.57046110871e-06],
        "mean": [0.00014787632972, 0.0101656261832, 0.00397487310693, 0.00173744454514, 0.00283365114592, 0.000908972579055, 0.00152552151121, 0.0026375988964, 0.00176473672036, 0.00129899440799, 0.000981571734883, 0.00126984994859, 0.00235636206344, 0.00180199823808, 0.000877720303833, 0.000855812919326, 0.0011383529054, 0.000839280604851, 0.000593867094722, 0.000366886262782, 0.000401106401114, 0.000453984481283, 0.000220535890548, 0.000124160986161, 6.89435837558e-05, 3.20940598613e-05, 3.79876574641e-09],
        "median": [4.23787969339e-05, 0.00556327309459, 0.002555397572, 0.000756998197176, 0.00177668931428, 0.000580172694754, 0.000807210453786, 0.0009542562766, 0.000855266756844, 0.000595065532252, 0.000552893499844, 0.000810366123915, 0.000729417894036, 0.000727402395569, 0.000513711886015, 0.000498385343235, 0.000748984632082, 0.000635547447018, 0.000493463536259, 0.000306326313876, 0.000326945824781, 0.000334876094712, 0.000117564195534, 6.65310435579e-05, 3.82096040994e-05, 1.06787801997e-05, 5.74388037133e-10],
        "min": [6.5888144718e-08, 2.24054429054e-06, 5.63222965866e-06, 1.5772933466e-06, 1.44818286572e-05, 1.3376451534e-05, 8.24697326607e-06, 1.42157086884e-05, 7.02201896274e-06, 8.81842061062e-06, 3.08152721118e-06, 1.02021185739e-05, 1.47948512677e-05, 1.72333584487e-05, 4.28416478826e-06, 9.52130721998e-06, 6.47480692351e-06, 2.02155479201e-06, 1.68621477314e-06, 8.57421468936e-07, 7.45265538171e-07, 1.86691480053e-07, 7.71429764512e-09, 2.80874989933e-10, 6.77830144444e-12, 6.75605925371e-12, 8.87540908823e-12],
        "var": [8.00593866757e-08, 0.000200782116735, 2.17287106352e-05, 8.47337742016e-06, 1.25759706862e-05, 1.28458793824e-06, 5.82995880904e-06, 2.55918512266e-05, 7.58299120207e-06, 4.63760397906e-06, 2.60884280578e-06, 3.01023669635e-06, 2.03981817322e-05, 7.47588774175e-06, 1.37975962389e-06, 1.67669361417e-06, 1.46151171521e-06, 5.84921110658e-07, 2.17210086362e-07, 8.47771985946e-08, 1.23148453213e-07, 2.25971007239e-07, 1.25571830267e-07, 5.37302859982e-08, 1.37764333275e-08, 5.16241183135e-09, 2.02979862634e-15]
    },
    "erbbands": {
        "dmean": [0.173270151019, 1.86621999741, 3.33644270897, 3.90021157265, 5.80674886703, 6.40861368179, 6.73112869263, 4.9429192543, 10.5217599869, 20.654964447, 33.1763725281, 19.9661636353, 26.1366767883, 20.0973625183, 24.7549858093, 24.2166042328, 66.0871353149, 40.9696273804, 39.2776145935, 23.159324646, 26.746761322, 32.8403625488, 21.0286369324, 16.1088905334, 10.0609750748, 8.19179534912, 7.38854408264, 7.44759130478, 7.31354093552, 4.76122283936, 3.0415763855, 1.59201490879, 0.87509483099, 0.521096646786, 0.242624431849, 0.23572525382, 0.0192375574261, 0.00132628064603, 3.41352824762e-05, 1.44726964209e-05],
        "dmean2": [0.277543008327, 2.98535561562, 5.81967020035, 6.72577524185, 10.176448822, 10.9772138596, 11.354804039, 8.40164279938, 17.3776512146, 34.4841690063, 52.6695518494, 32.7615890503, 42.5841445923, 32.4791793823, 40.3813323975, 41.1449699402, 108.671798706, 67.1363677979, 64.9609909058, 38.8746452332, 44.9781646729, 54.4130897522, 35.0262031555, 26.9195327759, 17.574754715, 14.0942420959, 12.5770750046, 12.7420091629, 11.9996395111, 7.98940467834, 4.928211689, 2.53752756119, 1.41114485264, 0.851956725121, 0.394898146391, 0.377806633711, 0.0315966457129, 0.00225354172289, 5.52605233679e-05, 2.31662434089e-05],
        "dvar": [0.0977190434933, 10.354385376, 38.1560707092, 40.3967247009, 178.462799072, 125.943725586, 143.727767944, 86.8791503906, 488.641540527, 1295.63366699, 4667.05908203, 1372.73181152, 2216.77978516, 1213.24462891, 2055.55200195, 1730.72290039, 24792.3476562, 4798.10351562, 4486.97802734, 1879.34216309, 3277.67456055, 1926.71520996, 699.574768066, 392.680358887, 163.69152832, 127.318145752, 116.962631226, 144.41317749, 128.795181274, 103.940139771, 43.8067131042, 10.5192346573, 4.27903461456, 1.56373751163, 0.201442539692, 0.338395088911, 0.00194998213556, 1.39298954309e-05, 6.33308605558e-09, 3.08172404262e-10],
        "dvar2": [0.238193720579, 25.6337680817, 108.834831238, 109.870857239, 495.91494751, 342.955871582, 389.692474365, 217.296768188, 1287.0222168, 3183.80493164, 10942.5585938, 3695.80102539, 5491.09814453, 3001.25219727, 5079.24804688, 4735.63623047, 66633.4921875, 12741.8691406, 12858.5986328, 4697.31494141, 8892.13085938, 5096.20166016, 1893.19213867, 997.984008789, 446.80178833, 362.00592041, 317.617004395, 407.016906738, 341.514831543, 277.895874023, 109.886924744, 22.7883319855, 10.0658426285, 4.04067993164, 0.497095555067, 0.87395876646, 0.00505395047367, 3.81703357561e-05, 1.66830353976e-08, 7.74107167256e-10],
        "max": [2.39892911911, 26.5815830231, 53.5475845337, 63.5996055603, 108.590560913, 131.290588379, 156.793777466, 183.983566284, 319.326477051, 481.352966309, 1097.65661621, 571.005981445, 784.618225098, 648.92755127, 837.108337402, 732.703918457, 2139.23706055, 1228.40930176, 877.660400391, 825.666748047, 1229.23132324, 558.328491211, 389.662475586, 310.901977539, 136.748733521, 126.675453186, 137.450668335, 141.698638916, 140.331314087, 150.090866089, 88.966583252, 66.1782989502, 32.8608131409, 25.9921836853, 7.94278621674, 6.18562412262, 0.592640042305, 0.0523743219674, 0.0010286110919, 0.000169201186509],
        "mean": [0.231658488512, 2.49205422401, 5.05483198166, 5.34854841232, 7.26938915253, 9.02460098267, 9.84277534485, 7.78538274765, 18.2112865448, 34.9706192017, 55.919090271, 34.1395530701, 46.6813926697, 37.7055854797, 42.6520881653, 49.1583633423, 115.097824097, 80.4435577393, 71.1024932861, 46.5580215454, 53.4842605591, 69.0703277588, 48.2012405396, 37.8664093018, 23.3158073425, 17.7038955688, 16.3755340576, 16.8474349976, 17.0548477173, 9.72941875458, 6.03126192093, 3.39800286293, 1.66525959969, 0.993477284908, 0.390288263559, 0.25030207634, 0.0215920973569, 0.00129593675956, 6.00795792707e-05, 5.18059205206e-05],
        "median": [0.103043176234, 1.41935575008, 3.4124250412, 3.35434961319, 3.85430812836, 5.27199554443, 5.79035043716, 5.08401250839, 9.30884742737, 18.9320373535, 24.5650119781, 18.5799808502, 23.7854366302, 22.391450882, 26.6276054382, 33.8145141602, 35.6746025085, 35.2863349915, 37.4793319702, 29.0052852631, 32.5884056091, 45.4110145569, 36.4806976318, 31.3302268982, 20.4148235321, 14.6760044098, 13.3142900467, 13.6769208908, 12.619187355, 5.86822223663, 3.14404535294, 1.83132886887, 0.8650431633, 0.529669821262, 0.220217615366, 0.0865263640881, 0.00834419950843, 0.000370914960513, 4.1507781134e-05, 5.07532131451e-05],
        "min": [5.951012281e-05, 0.000963226833846, 0.0176865942776, 0.0280950479209, 0.0122614745051, 0.0389592088759, 0.185504198074, 0.0795688331127, 0.12296127528, 0.23912101984, 0.17687292397, 0.145513758063, 0.243941158056, 0.293219447136, 0.166800484061, 0.509440660477, 0.871609151363, 0.647514522076, 0.782436847687, 0.343919366598, 0.564803242683, 0.343832939863, 0.149644434452, 0.0959370210767, 0.061795167625, 0.0363856591284, 0.0383261181414, 0.021181197837, 0.00683225505054, 0.00243861833587, 0.000375028379494, 0.000238777385675, 3.4563614463e-05, 5.67461620449e-06, 1.98106590688e-06, 6.76003196531e-07, 3.14020098813e-07, 7.3616753582e-08, 3.05603549577e-07, 6.69978817314e-07],
        "var": [0.123113788664, 11.8011713028, 34.6215057373, 40.072845459, 146.239929199, 139.176925659, 162.693328857, 109.078392029, 946.3046875, 2534.37109375, 9832.94042969, 2344.98486328, 4660.30517578, 2926.28393555, 3410.79272461, 3903.52514648, 51111.4570312, 11948.4736328, 8234.67089844, 3525.390625, 6070.93261719, 5216.10644531, 1929.88574219, 827.958251953, 275.802978516, 198.824371338, 191.268737793, 232.134017944, 305.036407471, 183.063095093, 102.14768219, 37.3623847961, 10.8395328522, 3.0837597847, 0.393765091896, 0.30287566781, 0.00177701131906, 1.01460536825e-05, 5.79904391174e-09, 6.35928698589e-10]
    },
    "gfcc": {
        "mean": [45.3058013916, 100.890037537, -145.651199341, 47.6888771057, -55.4437675476, 23.7743911743, -30.8852024078, 12.2418260574, -17.533159256, 3.74294543266, -14.7406539917, -2.30710220337, -11.108663559],
        "cov": [[3000.59741211, -1478.89404297, 858.271972656, 173.317138672, -371.883026123, 571.002807617, -344.996917725, 368.579193115, -240.211181641, 291.257019043, -322.504730225, 214.498764038, -292.670410156], [-1478.89404297, 1028.17285156, -476.787475586, -140.850402832, 250.732925415, -379.202850342, 247.327575684, -204.553863525, 122.343086243, -170.197021484, 176.178237915, -127.558517456, 155.848617554], [858.271972656, -476.787475586, 458.586151123, 131.220230103, -109.773246765, 194.574188232, -105.50793457, 127.186134338, -64.1876296997, 101.681159973, -94.8951797485, 101.092521667, -91.1542663574], [173.317138672, -140.850402832, 131.220230103, 246.052001953, -9.6366147995, 62.3770904541, -16.8969917297, 33.286529541, 33.2580528259, -15.0832223892, 5.52318382263, 27.856010437, 27.4555912018], [-371.883026123, 250.732925415, -109.773246765, -9.6366147995, 197.962310791, -85.9434356689, 84.9421157837, -41.158416748, 20.5038051605, -13.2390260696, 32.9593200684, -23.8579902649, 28.0788230896], [571.002807617, -379.202850342, 194.574188232, 62.3770904541, -85.9434356689, 281.353729248, -39.9636230469, 83.8811645508, -36.4053382874, 74.5577011108, -21.0076656342, 38.0173683167, -56.6091804504], [-344.996917725, 247.327575684, -105.50793457, -16.8969917297, 84.9421157837, -39.9636230469, 165.958557129, -27.2771511078, 36.2330932617, -33.0242958069, 51.9250602722, -17.0850887299, 27.2125339508], [368.579193115, -204.553863525, 127.186134338, 33.286529541, -41.158416748, 83.8811645508, -27.2771511078, 135.690002441, 5.31209516525, 42.6973419189, -46.786315918, 30.9863739014, -24.7925567627], [-240.211181641, 122.343086243, -64.1876296997, 33.2580528259, 20.5038051605, -36.4053382874, 36.2330932617, 5.31209516525, 112.613380432, -14.7057886124, 35.1766853333, -19.2576198578, 33.6115074158], [291.257019043, -170.197021484, 101.681159973, -15.0832223892, -13.2390260696, 74.5577011108, -33.0242958069, 42.6973419189, -14.7057886124, 109.401725769, -14.7589101791, 25.0871143341, -50.9148788452], [-322.504730225, 176.178237915, -94.8951797485, 5.52318382263, 32.9593200684, -21.0076656342, 51.9250602722, -46.786315918, 35.1766853333, -14.7589101791, 115.427597046, -16.7221641541, 43.9985122681], [214.498764038, -127.558517456, 101.092521667, 27.856010437, -23.8579902649, 38.0173683167, -17.0850887299, 30.9863739014, -19.2576198578, 25.0871143341, -16.7221641541, 77.3661575317, -6.37060451508], [-292.670410156, 155.848617554, -91.1542663574, 27.4555912018, 28.0788230896, -56.6091804504, 27.2125339508, -24.7925567627, 33.6115074158, -50.9148788452, 43.9985122681, -6.37060451508, 92.2970428467]],
        "icov": [[0.00191207916941, -8.86057096068e-05, -4.04943784815e-05, -0.00117085699458, 0.0012174899457, -0.00122813379858, 0.000884319131728, -0.00191295670811, 0.00202731369063, -0.00156571576372, 0.00197599153034, -0.00142998225056, 0.0019801564049], [-8.86057096068e-05, 0.0119231017306, -0.0037022549659, 0.00652961060405, -0.00517694465816, 0.00806827098131, -0.00770838279277, 0.00454554567114, -0.0048595466651, 0.00638077547774, -0.00762308575213, 0.00784257799387, -0.00653045112267], [-4.04943784815e-05, -0.0037022549659, 0.00891209673136, -0.00584496371448, 0.00270733330399, -0.00339883891866, 0.00311834271997, -0.00346615095623, 0.00350101618096, -0.00444229366258, 0.00406711781397, -0.00728719588369, 0.00573746627197], [-0.00117085699458, 0.00652961060405, -0.00584496371448, 0.0116895036772, -0.0051451260224, 0.00353480014019, -0.00360715296119, 0.00414399337023, -0.00711040059105, 0.00795918144286, -0.00628409627825, 0.00531465420499, -0.00773578323424], [0.0012174899457, -0.00517694465816, 0.00270733330399, -0.0051451260224, 0.011097480543, -0.0020583847072, -0.000107129519165, -0.00254411157221, 0.00469350581989, -0.00731527432799, 0.00525353942066, -0.00324066355824, 0.00304341199808], [-0.00122813379858, 0.00806827098131, -0.00339883891866, 0.00353480014019, -0.0020583847072, 0.012928949669, -0.00687944609672, 0.00185476511251, -0.00231967517175, 0.0026514462661, -0.00829211808741, 0.00705933198333, -0.00409624446183], [0.000884319131728, -0.00770838279277, 0.00311834271997, -0.00360715296119, -0.000107129519165, -0.00687944609672, 0.0152633683756, -0.00466628046706, 0.0019166264683, -0.00107025471516, 0.00251957494766, -0.0074021415785, 0.00703207403421], [-0.00191295670811, 0.00454554567114, -0.00346615095623, 0.00414399337023, -0.00254411157221, 0.00185476511251, -0.00466628046706, 0.0166504364461, -0.00765510555357, 0.0014449529117, 0.000254617276369, 0.00355056999251, -0.00692878896371], [0.00202731369063, -0.0048595466651, 0.00350101618096, -0.00711040059105, 0.00469350581989, -0.00231967517175, 0.0019166264683, -0.00765510555357, 0.0176744181663, -0.0068275607191, 0.00285693141632, -0.00209102826193, 0.00302590569481], [-0.00156571576372, 0.00638077547774, -0.00444229366258, 0.00795918144286, -0.00731527432799, 0.0026514462661, -0.00107025471516, 0.0014449529117, -0.0068275607191, 0.0231399443001, -0.00999384000897, 0.00224714493379, 0.00223191338591], [0.00197599153034, -0.00762308575213, 0.00406711781397, -0.00628409627825, 0.00525353942066, -0.00829211808741, 0.00251957494766, 0.000254617276369, 0.00285693141632, -0.00999384000897, 0.022375902161, -0.00615988206118, 2.00023332582e-05], [-0.00142998225056, 0.00784257799387, -0.00728719588369, 0.00531465420499, -0.00324066355824, 0.00705933198333, -0.0074021415785, 0.00355056999251, -0.00209102826193, 0.00224714493379, -0.00615988206118, 0.0263895280659, -0.0113441338763], [0.0019801564049, -0.00653045112267, 0.00573746627197, -0.00773578323424, 0.00304341199808, -0.00409624446183, 0.00703207403421, -0.00692878896371, 0.00302590569481, 0.00223191338591, 2.00023332582e-05, -0.0113441338763, 0.0280721858144]]
    },
    "melbands": {
        "dmean": [0.00186609686352, 0.00191771634854, 0.000708991137799, 0.000439325900516, 0.000247705407673, 0.000115388436825, 0.000160702504218, 0.000279702187981, 0.000253508944297, 0.000137323644594, 0.000138433431857, 8.95499542821e-05, 8.32651203382e-05, 7.63567732065e-05, 9.44541170611e-05, 0.000162844007718, 8.146854816e-05, 8.25192400953e-05, 3.91966204916e-05, 3.03262731904e-05, 3.33237949235e-05, 3.90033346775e-05, 2.69700776698e-05, 1.72708787431e-05, 1.44148480103e-05, 9.45768260863e-06, 6.60836212774e-06, 5.71267810301e-06, 5.17586977367e-06, 4.59477814729e-06, 4.8890792641e-06, 4.9207860684e-06, 3.48393996319e-06, 2.5974293294e-06, 1.99299529413e-06, 1.3506629557e-06, 9.90839225778e-07, 7.17390605587e-07, 5.14798671247e-07, 4.60462871388e-07],
        "dmean2": [0.00299718533643, 0.00316855567507, 0.00123620592058, 0.000758066249546, 0.000416345632402, 0.000194583350094, 0.000267028721282, 0.000457090238342, 0.000402883073548, 0.000225474213948, 0.000226634147111, 0.000145696438267, 0.000133909736178, 0.000131461434648, 0.000157102855155, 0.000269125215709, 0.000133719338919, 0.000136306480272, 6.55455514789e-05, 5.16380969202e-05, 5.63875219086e-05, 6.60768928356e-05, 4.51358391729e-05, 2.85468559014e-05, 2.4214048608e-05, 1.63790427905e-05, 1.13765927381e-05, 9.84787675407e-06, 8.91501349543e-06, 7.83897849033e-06, 8.4374250946e-06, 8.09703396953e-06, 5.8431760408e-06, 4.4721600716e-06, 3.25559130943e-06, 2.15389832192e-06, 1.60050706199e-06, 1.15711918625e-06, 8.31875240692e-07, 7.61426292684e-07],
        "dvar": [1.08570338853e-05, 1.13799596875e-05, 1.5769098809e-06, 7.99457154699e-07, 1.81253795972e-07, 3.9400809726e-08, 1.02198697505e-07, 2.35740301946e-07, 2.43965871505e-07, 7.26904616499e-08, 6.2004346546e-08, 2.44644198233e-08, 2.87132682075e-08, 1.76831669307e-08, 2.88228498846e-08, 1.58156566954e-07, 2.31072707635e-08, 2.24541381044e-08, 4.51295756321e-09, 4.266753173e-09, 4.44871428584e-09, 2.73356404179e-09, 1.31471267206e-09, 4.24765778106e-10, 3.31053823244e-10, 1.51744450338e-10, 7.49506706699e-11, 6.19683540592e-11, 5.43158504285e-11, 4.88988537162e-11, 5.98569804833e-11, 5.73208910892e-11, 4.19704687671e-11, 3.49361477248e-11, 1.97146448472e-11, 8.54160058655e-12, 4.46891048472e-12, 3.09737435353e-12, 1.28207991099e-12, 1.33880807916e-12],
        "dvar2": [2.6075360438e-05, 3.02934749925e-05, 4.30305999544e-06, 2.21305936066e-06, 4.94507560234e-07, 9.72107727648e-08, 2.71587822454e-07, 5.53893528377e-07, 5.85582199619e-07, 1.95323650587e-07, 1.53310907081e-07, 5.93099329649e-08, 7.16882126994e-08, 4.42465655226e-08, 7.6268435123e-08, 4.44138663624e-07, 5.99885936481e-08, 6.47127649245e-08, 1.07327444709e-08, 1.19833627465e-08, 1.19278205091e-08, 7.26337834323e-09, 3.65815600034e-09, 1.08315856284e-09, 8.46764769413e-10, 4.02729100069e-10, 2.09453496214e-10, 1.77674347457e-10, 1.49754583734e-10, 1.34804611918e-10, 1.70162287039e-10, 1.5238946216e-10, 1.11177130002e-10, 9.56288798148e-11, 5.16086826052e-11, 1.97622907622e-11, 1.08203628349e-11, 7.57482705033e-12, 3.26162165852e-12, 3.50863262055e-12],
        "max": [0.0262902788818, 0.0324816629291, 0.0133423572406, 0.0082511594519, 0.00572834582999, 0.00364341586828, 0.00509422365576, 0.00647423788905, 0.00722308643162, 0.00516751501709, 0.00396284693852, 0.00249176379293, 0.00326091330498, 0.00246127438731, 0.00315963942558, 0.00480356393382, 0.00284233968705, 0.00199931347743, 0.00120751443319, 0.00122139358427, 0.00121996272355, 0.0006307750009, 0.000452638254501, 0.000301562278764, 0.000284475419903, 0.000175088454853, 8.45065515023e-05, 8.78054197528e-05, 8.72266464285e-05, 9.13411276997e-05, 0.000100796482002, 0.000113991627586, 0.000105448983959, 6.85907434672e-05, 6.57696436974e-05, 6.05779532634e-05, 4.33409695688e-05, 2.86843933281e-05, 2.24085888476e-05, 2.21953869186e-05],
        "mean": [0.00254809251055, 0.00296623189934, 0.000991921173409, 0.000592137512285, 0.000370947556803, 0.000183657786692, 0.000280158681562, 0.000464213924715, 0.00041990383761, 0.000223126480705, 0.000240964713157, 0.000158938841196, 0.00013991643209, 0.000128320680233, 0.000164995857631, 0.000264289934421, 0.000139950410812, 0.000134673144203, 6.93213441991e-05, 5.43889109395e-05, 6.09721464571e-05, 7.41529001971e-05, 5.29254284629e-05, 3.62006358046e-05, 3.07273221551e-05, 2.01494131034e-05, 1.28468063849e-05, 1.1376099792e-05, 1.02851545307e-05, 9.17959459912e-06, 1.02479361885e-05, 1.07644882519e-05, 6.89593571224e-06, 4.6969826144e-06, 3.60611056749e-06, 2.573165375e-06, 1.9011843051e-06, 1.22600920349e-06, 9.11536858439e-07, 8.08661525298e-07],
        "median": [0.00131062208675, 0.00207652710378, 0.000650691159535, 0.000346065702615, 0.000218468980165, 0.000116663635708, 0.00014506309526, 0.000214250132558, 0.00018871971406, 0.000111320601718, 0.000116932700621, 8.84051260073e-05, 8.39001804707e-05, 8.01390342531e-05, 8.85818953975e-05, 7.32428088668e-05, 5.79465122428e-05, 5.91948773945e-05, 4.06419057981e-05, 3.19280079566e-05, 3.58249490091e-05, 4.6503260819e-05, 3.48115136148e-05, 2.71383287327e-05, 2.43702725129e-05, 1.7110574845e-05, 1.03051897895e-05, 9.19166086533e-06, 8.45129943627e-06, 7.12199835107e-06, 7.80099071562e-06, 7.83301857155e-06, 4.33457307736e-06, 2.63073775386e-06, 1.86993372608e-06, 1.24697987758e-06, 9.95968207462e-07, 5.72999283577e-07, 4.75661209975e-07, 4.11202734085e-07],
        "min": [7.23819709947e-07, 8.37873085402e-06, 4.95307585879e-06, 1.43020702126e-06, 5.1253091442e-06, 1.88657952549e-06, 1.59531884947e-06, 2.9662576253e-06, 1.18663660942e-06, 9.47991281919e-07, 1.19924141018e-06, 1.20052698094e-06, 4.0188652406e-07, 1.09033715034e-06, 1.70735211213e-06, 1.74150477505e-06, 1.22826861571e-06, 1.5615285065e-06, 2.85260739474e-07, 5.62407763027e-07, 6.58727969949e-07, 3.17871325706e-07, 1.12161991694e-07, 8.17877463533e-08, 7.2159764386e-08, 6.15431545725e-08, 2.2972443503e-08, 1.74694534394e-08, 2.26220215893e-08, 1.30800916764e-08, 8.666270368e-09, 3.52255313807e-09, 1.10514175589e-09, 1.04668596013e-09, 6.2543317747e-11, 1.06675390743e-10, 3.70293379293e-12, 2.97725304696e-13, 5.1692750422e-14, 4.57594506449e-14],
