{
"highlevel": {
    "danceability": {
        "all": {
            "danceable": 0.984589219093,
            "not_danceable": 0.0154107976705
        },
        "probability": 0.984589219093,
        "value": "danceable"
    },
    "gender": {
        "all": {
            "female": 0.0982925891876,
            "male": 0.901707410812
        },
        "probability": 0.901707410812,
        "value": "male"
    },
    "genre_dortmund": {
        "all": {
            "alternative": 0.0494992360473,
            "blues": 0.238170608878,
            "electronic": 0.0378161631525,
            "folkcountry": 0.334610372782,
            "funksoulrnb": 0.0397235453129,
            "jazz": 0.0761617049575,
            "pop": 0.076144553721,
            "raphiphop": 0.0386176854372,
            "rock": 0.109256103635
        },
        "probability": 0.334610372782,
        "value": "folkcountry"
    },
    "genre_electronic": {
        "all": {
            "ambient": 0.0753375962377,
            "dnb": 0.617108345032,
            "house": 0.195383191109,
            "techno": 0.00659568188712,
            "trance": 0.105575196445
        },
        "probability": 0.617108345032,
        "value": "dnb"
    },
    "genre_rosamerica": {
        "all": {
            "cla": 0.0069617247209,
            "dan": 0.0245199482888,
            "hip": 0.0561413280666,
            "jaz": 0.00944179110229,
            "pop": 0.311838388443,
            "rhy": 0.492304116488,
            "roc": 0.092781059444,
            "spe": 0.00601164344698
        },
        "probability": 0.492304116488,
        "value": "rhy"
    },
    "genre_tzanetakis": {
        "all": {
            "blu": 0.0626613423228,
            "cla": 0.0348169617355,
            "cou": 0.104475811124,
            "dis": 0.0784321576357,
            "hip": 0.15692435205,
            "jaz": 0.313974827528,
            "met": 0.0448166541755,
            "pop": 0.0627359300852,
            "reg": 0.0627360641956,
            "roc": 0.0784258767962
        },
        "probability": 0.313974827528,
        "value": "jaz"
    },
    "ismir04_rhythm": {
        "all": {
            "ChaChaCha": 0.427081257105,
            "Jive": 0.100792720914,
            "Quickstep": 0.0735686197877,
            "Rumba-American": 0.0122391609475,
            "Rumba-International": 0.124524287879,
            "Rumba-Misc": 0.0102974120528,
            "Samba": 0.149621352553,
            "Tango": 0.0264552123845,
            "VienneseWaltz": 0.0670995861292,
            "Waltz": 0.00832038652152
        },
        "probability": 0.427081257105,
        "value": "ChaChaCha"
    },
    "mood_acoustic": {
        "all": {
            "acoustic": 0.0714430809021,
            "not_acoustic": 0.928556919098
        },
        "probability": 0.928556919098,
        "value": "not_acoustic"
    },
    "mood_aggressive": {
        "all": {
            "aggressive": 0.0987984091043,
            "not_aggressive": 0.901201605797
        },
        "probability": 0.901201605797,
        "value": "not_aggressive"
    },
    "mood_electronic": {
        "all": {
            "electronic": 0.189974442124,
            "not_electronic": 0.810025572777
        },
        "probability": 0.810025572777,
        "value": "not_electronic"
    },
    "mood_happy": {
        "all": {
            "happy": 0.940001606941,
            "not_happy": 0.0599983893335
        },
        "probability": 0.940001606941,
        "value": "happy"
    },
    "mood_party": {
        "all": {
            "not_party": 0.490925788879,
            "party": 0.509074211121
        },
        "probability": 0.509074211121,
        "value": "party"
    },
    "mood_relaxed": {
        "all": {
            "not_relaxed": 0.659180283546,
            "relaxed": 0.340819716454
        },
        "probability": 0.659180283546,
        "value": "not_relaxed"
    },
    "mood_sad": {
        "all": {
            "not_sad": 0.740850806236,
            "sad": 0.259149193764
        },
        "probability": 0.740850806236,
        "value": "not_sad"
    },
    "moods_mirex": {
        "all": {
            "Cluster1": 0.105871401727,
            "Cluster2": 0.485059946775,
            "Cluster3": 0.111443199217,
            "Cluster4": 0.205723494291,
            "Cluster5": 0.0919019505382
        },
        "probability": 0.485059946775,
        "value": "Cluster2"
    },
    "timbre": {
        "all": {
            "bright": 0.999994695187,
            "dark": 5.28632108399e-06
        },
        "probability": 0.999994695187,
        "value": "bright"
    },
    "tonal_atonal": {
        "all": {
            "atonal": 0.00608250685036,
            "tonal": 0.99391746521
        },
        "probability": 0.99391746521,
        "value": "tonal"
    },
    "voice_instrumental": {
        "all": {
            "instrumental": 0.0109762502834,
            "voice": 0.98902374506
        },
        "probability": 0.98902374506,
        "value": "voice"
    }
},
"lowlevel": {
    "average_loudness": 0.964957475662,
    "barkbands_crest": {
        "dmean": 2.28489613533,
        "dmean2": 3.64123535156,
        "dvar": 5.42696094513,
        "dvar2": 12.6575098038,
        "max": 24.9251861572,
        "mean": 11.1071767807,
        "median": 10.372625351,
        "min": 2.68968605995,
        "var": 22.603395462
    },
    "barkbands_flatness_db": {
        "dmean": 0.0233925972134,
        "dmean2": 0.0356089919806,
        "dvar": 0.000537891755812,
        "dvar2": 0.00113722798415,
        "max": 0.318268746138,
        "mean": 0.153830990195,
        "median": 0.149171039462,
        "min": 0.0517926625907,
        "var": 0.00209694681689
    },
    "barkbands_kurtosis": {
        "dmean": 2.9323990345,
        "dmean2": 4.5837430954,
        "dvar": 24.6649398804,
        "dvar2": 53.9955024719,
        "max": 85.01537323,
        "mean": 4.19822502136,
        "median": 0.951999664307,
        "min": -1.88786256313,
        "var": 72.7001647949
    },
    "barkbands_skewness": {
        "dmean": 0.587985277176,
        "dmean2": 0.880579590797,
        "dvar": 0.444691836834,
        "dvar2": 0.982910335064,
        "max": 8.21223735809,
        "mean": 1.54490947723,
        "median": 1.31646752357,
        "min": -3.5782225132,
        "var": 1.904307127
    },
    "barkbands_spread": {
        "dmean": 8.79652881622,
        "dmean2": 13.8053789139,
        "dvar": 111.002319336,
        "dvar2": 266.192932129,
        "max": 94.0885162354,
        "mean": 29.7430839539,
        "median": 27.5636539459,
        "min": 2.28449559212,
        "var": 308.487640381
    },
    "dissonance": {
        "dmean": 0.0167175829411,
        "dmean2": 0.0280823148787,
        "dvar": 0.000274518097285,
        "dvar2": 0.00073049479397,
        "max": 0.499726265669,
        "mean": 0.466427981853,
        "median": 0.471815288067,
        "min": 0.345661073923,
        "var": 0.000526129966602
    },
    "dynamic_complexity": 2.44921398163,
    "erbbands_crest": {
        "dmean": 2.4174246788,
        "dmean2": 3.786860466,
        "dvar": 5.22381258011,
        "dvar2": 12.0365076065,
        "max": 26.810634613,
        "mean": 8.67717075348,
        "median": 7.95888757706,
        "min": 2.94124817848,
        "var": 14.756234169
    },
    "erbbands_flatness_db": {
        "dmean": 0.0203565061092,
        "dmean2": 0.0295031964779,
        "dvar": 0.000397141266149,
        "dvar2": 0.000809835270047,
        "max": 0.274532020092,
        "mean": 0.157339990139,
        "median": 0.156176909804,
        "min": 0.0628953874111,
        "var": 0.00120354257524
    },
    "erbbands_kurtosis": {
        "dmean": 0.983857691288,
        "dmean2": 1.53186047077,
        "dvar": 1.65418636799,
        "dvar2": 3.99225187302,
        "max": 15.0782108307,
        "mean": 0.322866231203,
        "median": -0.220348596573,
        "min": -1.73505032063,
        "var": 3.98226070404
    },
    "erbbands_skewness": {
        "dmean": 0.420939385891,
        "dmean2": 0.626977562904,
        "dvar": 0.151575997472,
        "dvar2": 0.344991803169,
        "max": 2.9737443924,
        "mean": 0.0591721087694,
        "median": 0.0487336888909,
        "min": -3.23391866684,
        "var": 0.788860082626
    },
    "erbbands_spread": {
        "dmean": 11.7690935135,
        "dmean2": 17.9169788361,
        "dvar": 168.455123901,
        "dvar2": 404.874511719,
        "max": 154.976638794,
        "mean": 46.446308136,
        "median": 43.7005653381,
        "min": 6.97721195221,
        "var": 424.006317139
    },
    "hfc": {
        "dmean": 12.2768745422,
        "dmean2": 19.3296146393,
        "dvar": 267.00402832,
        "dvar2": 684.158691406,
        "max": 158.101409912,
        "mean": 26.5312862396,
        "median": 20.3542900085,
        "min": 1.07832109928,
        "var": 503.685852051
    },
    "melbands_crest": {
        "dmean": 2.99893784523,
        "dmean2": 4.79842996597,
        "dvar": 9.80226230621,
        "dvar2": 24.2382259369,
        "max": 30.0046024323,
        "mean": 16.3105297089,
        "median": 16.423582077,
        "min": 3.05403017998,
        "var": 30.9116477966
    },
    "melbands_flatness_db": {
        "dmean": 0.0289338696748,
        "dmean2": 0.0439800098538,
        "dvar": 0.00101942697074,
        "dvar2": 0.00214641122147,
        "max": 0.352551519871,
        "mean": 0.18253210187,
        "median": 0.179063886404,
        "min": 0.031867235899,
        "var": 0.00421251775697
    },
    "melbands_kurtosis": {
        "dmean": 8.68258953094,
        "dmean2": 13.0674142838,
        "dvar": 211.835281372,
        "dvar2": 433.644165039,
        "max": 252.04901123,
        "mean": 18.1210861206,
        "median": 8.41076087952,
        "min": -1.8331912756,
        "var": 761.018859863
    },
    "melbands_skewness": {
        "dmean": 0.830827474594,
        "dmean2": 1.22326588631,
        "dvar": 0.905689418316,
        "dvar2": 1.89218246937,
        "max": 13.2541160583,
        "mean": 3.09820771217,
        "median": 2.65522909164,
        "min": -1.10558521748,
        "var": 4.10568761826
    },
    "melbands_spread": {
        "dmean": 11.0593261719,
        "dmean2": 16.9629611969,
        "dvar": 260.845794678,
        "dvar2": 603.36138916,
        "max": 209.664428711,
        "mean": 31.3146057129,
        "median": 24.9459991455,
        "min": 1.44735848904,
        "var": 756.414550781
    },
    "pitch_salience": {
        "dmean": 0.0693195387721,
        "dmean2": 0.111274629831,
        "dvar": 0.00459974491969,
        "dvar2": 0.0108110550791,
        "max": 0.788365781307,
        "mean": 0.495876789093,
        "median": 0.501547932625,
        "min": 0.155697777867,
        "var": 0.0138303674757
    },
    "silence_rate_20dB": {
        "dmean": 0,
        "dmean2": 0,
        "dvar": 0,
        "dvar2": 0,
        "max": 1,
        "mean": 1,
        "median": 1,
        "min": 1,
        "var": 0
    },
    "silence_rate_30dB": {
        "dmean": 0.00773993786424,
        "dmean2": 0.0154918665066,
        "dvar": 0.00768011622131,
        "dvar2": 0.0214489307255,
        "max": 1,
        "mean": 0.99535959959,
        "median": 1,
        "min": 0,
        "var": 0.00461880676448
    },
    "silence_rate_60dB": {
        "dmean": 0.0154798757285,
        "dmean2": 0.0309837330133,
        "dvar": 0.015240419656,
        "dvar2": 0.0331220887601,
        "max": 1,
        "mean": 0.0201082751155,
        "median": 0,
        "min": 0,
        "var": 0.0197039488703
    },
    "spectral_centroid": {
        "dmean": 350.833648682,
        "dmean2": 522.604675293,
        "dvar": 146514,
        "dvar2": 327759.03125,
        "max": 4874.66503906,
        "mean": 1654.21264648,
        "median": 1575.40881348,
        "min": 277.5909729,
        "var": 682886.1875
    },
    "spectral_complexity": {
        "dmean": 4.52321958542,
        "dmean2": 7.11928749084,
        "dvar": 25.9212036133,
        "dvar2": 62.1159820557,
        "max": 49,
        "mean": 17.3712291718,
        "median": 17,
        "min": 2,
        "var": 66.623298645
    },
    "spectral_decrease": {
        "dmean": 2.32585040116e-09,
        "dmean2": 3.34754979292e-09,
        "dvar": 1.0303966379e-17,
        "dvar2": 2.02394734259e-17,
        "max": -2.18960724552e-10,
        "mean": -7.18070269912e-09,
        "median": -6.16562667588e-09,
        "min": -3.92774062163e-08,
        "var": 2.6692582354e-17
    },
    "spectral_energy": {
        "dmean": 0.00961877591908,
        "dmean2": 0.0138942813501,
        "dvar": 0.000161460222444,
        "dvar2": 0.000321961240843,
        "max": 0.154631063342,
        "mean": 0.0295081175864,
        "median": 0.0256487783045,
        "min": 0.000975522212684,
        "var": 0.000418070703745
    },
    "spectral_energyband_high": {
        "dmean": 0.00117700209375,
        "dmean2": 0.00193456804845,
        "dvar": 3.53988139068e-06,
        "dvar2": 8.56479346112e-06,
        "max": 0.0218277946115,
        "mean": 0.0017503502313,
        "median": 0.000727534876205,
        "min": 1.92459956452e-05,
        "var": 6.38576284473e-06
    },
    "spectral_energyband_low": {
        "dmean": 0.00346532766707,
        "dmean2": 0.00516003137454,
        "dvar": 4.57451642433e-05,
        "dvar2": 0.000100473822386,
        "max": 0.0620711185038,
        "mean": 0.0110125280917,
        "median": 0.00868958514184,
        "min": 1.01218338386e-05,
        "var": 0.00012107189832
    },
    "spectral_energyband_middle_high": {
        "dmean": 0.00212204875425,
        "dmean2": 0.00300100911409,
        "dvar": 8.3246268332e-06,
        "dvar2": 1.6971351215e-05,
        "max": 0.0445442385972,
        "mean": 0.00522736134008,
        "median": 0.00315038254485,
        "min": 0.00012138668535,
        "var": 3.16114674206e-05
    },
    "spectral_energyband_middle_low": {
        "dmean": 0.00585648231208,
        "dmean2": 0.00889017153531,
        "dvar": 0.000104562139313,
        "dvar2": 0.000222055139602,
        "max": 0.132429465652,
        "mean": 0.0118370158598,
        "median": 0.00729517126456,
        "min": 9.17067591217e-05,
        "var": 0.000201622504392
    },
    "spectral_entropy": {
        "dmean": 0.217959374189,
        "dmean2": 0.326644957066,
        "dvar": 0.0489104762673,
        "dvar2": 0.106500387192,
        "max": 8.64740943909,
        "mean": 7.64934158325,
        "median": 7.63778781891,
        "min": 6.54376649857,
        "var": 0.140795111656
    },
    "spectral_flux": {
        "dmean": 0.030285961926,
        "dmean2": 0.046215172857,
        "dvar": 0.00118137570098,
        "dvar2": 0.00255845906213,
        "max": 0.353400439024,
        "mean": 0.083992190659,
        "median": 0.0787763670087,
        "min": 0.00866485666484,
        "var": 0.00202969857492
    },
    "spectral_kurtosis": {
        "dmean": 1.16213715076,
        "dmean2": 1.94835484028,
        "dvar": 1.17175018787,
        "dvar2": 3.34446358681,
        "max": 9.85872936249,
        "mean": 2.2306163311,
        "median": 2.01286697388,
        "min": -0.823517084122,
        "var": 2.28913593292
    },
    "spectral_rms": {
        "dmean": 0.000864549481776,
        "dmean2": 0.00121852091979,
        "dvar": 1.01610510228e-06,
        "dvar2": 1.94536164599e-06,
        "max": 0.0122824907303,
        "mean": 0.0050401664339,
        "median": 0.00500231934711,
        "min": 0.000975565984845,
        "var": 3.38515587828e-06
    },
    "spectral_rolloff": {
        "dmean": 778.963989258,
        "dmean2": 1309.10510254,
        "dvar": 1658181.5,
        "dvar2": 4011938.75,
        "max": 8914.74609375,
        "mean": 1926.0135498,
        "median": 1528.85742188,
        "min": 86.1328125,
        "var": 3310466.5
    },
    "spectral_skewness": {
        "dmean": 0.208515584469,
        "dmean2": 0.330450624228,
        "dvar": 0.0357828661799,
        "dvar2": 0.0853669941425,
        "max": 2.26612234116,
        "mean": 1.13869380951,
        "median": 1.15302038193,
        "min": -0.202730342746,
        "var": 0.128833055496
    },
    "spectral_spread": {
        "dmean": 804137.9375,
        "dmean2": 1285030.375,
        "dvar": 964297162752,
        "dvar2": 2.27819310285e+12,
        "max": 11567067,
        "mean": 4926695.5,
        "median": 4639240.5,
        "min": 2647785.75,
        "var": 1.61777044685e+12
    },
    "spectral_strongpeak": {
        "dmean": 0.483003497124,
        "dmean2": 0.820266902447,
        "dvar": 1.15990698338,
        "dvar2": 2.96993589401,
        "max": 12.5330028534,
        "mean": 0.848788499832,
        "median": 0.458128899336,
        "min": 0,
        "var": 1.42167985439
    },
    "zerocrossingrate": {
        "dmean": 0.0133461020887,
        "dmean2": 0.0157815832645,
        "dvar": 0.000206165961572,
        "dvar2": 0.000235934945522,
        "max": 0.259765625,
        "mean": 0.0696399360895,
        "median": 0.06201171875,
        "min": 0.0078125,
        "var": 0.00161869858857
    },
    "barkbands": {
        "dmean": [0.000361046375474, 0.00276163639501, 0.000731039734092, 0.000380312849302, 0.00355362333357, 0.00133685360197, 0.000650319154374, 0.000703610712662, 0.000741722935345, 0.000487103010528, 0.000235376923229, 0.000155027795699, 0.000299013365293, 0.000442028453108, 0.000381852529244, 0.000389907334466, 0.000503232702613, 0.000218675486394, 0.000199255067855, 0.000179297101567, 0.000248088064836, 0.000302023778204, 0.000260985572822, 0.000281661923509, 0.000124490165035, 3.23418389598e-05, 1.50234349405e-08],
        "dmean2": [0.000574449717533, 0.00424402393401, 0.00103073846549, 0.00061996630393, 0.00544654764235, 0.00215998617932, 0.0010511172004, 0.00109039095696, 0.00114096468315, 0.00069109920878, 0.000363066006685, 0.000241006389842, 0.000456300796941, 0.000606236746535, 0.000594216806348, 0.000607215915807, 0.000776641420089, 0.000378876546165, 0.000338189100148, 0.000298193452181, 0.000410948588978, 0.00048559345305, 0.000430022715591, 0.000484564981889, 0.00021874254162, 6.00447492616e-05, 2.40216024849e-08],
        "dvar": [7.35741764402e-07, 3.31304872816e-05, 1.68791677879e-06, 1.55363943577e-06, 6.69232176733e-05, 5.29507542524e-06, 2.16963894673e-06, 2.49091090154e-06, 5.29228509549e-06, 9.61538603406e-07, 2.68280672344e-07, 1.63570703648e-07, 5.34894809334e-07, 1.32043965095e-06, 8.11666211575e-07, 4.17154126353e-07, 5.83081373406e-07, 1.78769326453e-07, 1.01634505256e-07, 6.57156533634e-08, 2.04921065006e-07, 3.25262220713e-07, 2.18455696199e-07, 3.24821712638e-07, 6.2424113878e-08, 5.98516569639e-09, 5.05755309052e-14],
        "dvar2": [1.79374171694e-06, 7.70767728682e-05, 2.97712472275e-06, 4.04196680392e-06, 0.000148627339513, 1.18420748549e-05, 4.52139238405e-06, 5.80609230383e-06, 1.0800851669e-05, 1.70857038029e-06, 5.8860206309e-07, 3.72546452354e-07, 1.17151876111e-06, 2.37062181441e-06, 1.51529684445e-06, 9.93966636997e-07, 1.29168790863e-06, 5.05300818077e-07, 2.72035691751e-07, 1.7248166273e-07, 5.04905699472e-07, 7.3791414934e-07, 5.23091216564e-07, 8.88943986865e-07, 1.71604582988e-07, 1.64995039853e-08, 7.4023327344e-14],
        "max": [0.00765141285956, 0.0550924837589, 0.0157385803759, 0.0234417952597, 0.116574198008, 0.0195927899331, 0.0354873016477, 0.0231499299407, 0.0391553640366, 0.014418031089, 0.0108687104657, 0.0093410583213, 0.0105082495138, 0.0209861118346, 0.0165491681546, 0.00827361829579, 0.0119865061715, 0.00639473646879, 0.0032122163102, 0.00277365581132, 0.00691757537425, 0.0085815647617, 0.00616296427324, 0.00573400966823, 0.00205763592385, 0.000648457964417, 7.08731295163e-06],
        "mean": [0.000406848121202, 0.00832056626678, 0.00218035606667, 0.000568240240682, 0.00585594587028, 0.00174008077011, 0.000902978179511, 0.00112475513015, 0.00121929997113, 0.000858911662363, 0.000370215479052, 0.00023212688393, 0.000414932961576, 0.000703535915818, 0.000564644113183, 0.000640304642729, 0.000916761229746, 0.000309770723106, 0.000293376273476, 0.000267106341198, 0.000367249856936, 0.000447562691988, 0.000339180318406, 0.000316617835779, 0.000123185644043, 2.35708503169e-05, 1.08858868586e-08],
        "median": [3.5838533222e-05, 0.00500379409641, 0.000920133432373, 0.000178485584911, 0.00204316154122, 0.000782737275586, 0.000397984287702, 0.00033035184606, 0.000304704037262, 0.000290051684715, 7.77787790867e-05, 6.33163144812e-05, 9.72682682914e-05, 9.37282675295e-05, 0.000211136968574, 0.000241463683778, 0.000370982510503, 0.000149031518959, 0.000158835988259, 0.000134232643177, 0.000104993334389, 0.000169718827237, 0.00011584564345, 0.00011086773884, 1.99187998078e-05, 1.19980313684e-06, 3.88815424301e-10],
        "min": [1.7585803036e-08, 2.71106955552e-06, 2.2427113322e-07, 7.38845429282e-08, 6.85917757437e-06, 6.41532415102e-06, 3.12512497658e-06, 6.75288447383e-07, 1.30526495923e-06, 1.82508358648e-06, 6.26199380349e-07, 7.30372391899e-07, 2.11561518881e-06, 1.44324417306e-06, 8.9412219495e-07, 2.87451484837e-06, 6.73012436891e-06, 1.67728921951e-06, 4.49295748695e-06, 3.66224890058e-06, 2.15819227378e-06, 2.38606003222e-06, 1.74019919541e-06, 7.86595933278e-07, 8.52364312465e-09, 8.74255702554e-12, 8.46209907701e-12],
        "var": [7.94069194399e-07, 9.43436243688e-05, 8.42342979013e-06, 2.24375912694e-06, 0.000117857583973, 6.61909325572e-06, 3.54490043719e-06, 5.55192946194e-06, 1.00961715361e-05, 2.87067678073e-06, 8.11151096514e-07, 2.47766934081e-07, 9.00381508018e-07, 3.76778803002e-06, 1.44524403822e-06, 1.10748169391e-06, 1.72468423898e-06, 2.26475023624e-07, 1.27578161369e-07, 1.08485473049e-07, 4.23072805233e-07, 6.66709411234e-07, 3.32874151354e-07, 2.90702359962e-07, 5.47964873476e-08, 4.00605548734e-09, 4.47445289912e-14]
    },
    "erbbands": {
        "dmean": [0.0884639844298, 0.605297982693, 1.03830969334, 0.860758423805, 5.48046255112, 11.4560232162, 18.2234535217, 10.1599111557, 8.03401565552, 15.6506490707, 11.5288686752, 19.1381435394, 15.0782651901, 11.0149469376, 9.46373271942, 6.62969255447, 13.0291891098, 18.0277843475, 22.5322875977, 20.1546649933, 20.5884284973, 25.4782581329, 13.4317121506, 9.21451854706, 10.2648162842, 8.3680562973, 8.88994598389, 10.4074163437, 10.2660045624, 9.33413219452, 7.59221315384, 5.57936859131, 4.88246917725, 1.9515556097, 0.644898831844, 0.220798149705, 0.0464140698314, 0.00296667497605, 7.47872400098e-05, 1.72447216755e-05],
        "dmean2": [0.149059504271, 0.889865279198, 1.42373597622, 1.34264659882, 8.61295795441, 17.9082927704, 27.4641628265, 16.5721893311, 12.8656959534, 25.0383377075, 17.1903133392, 29.0374641418, 22.8324604034, 15.4782238007, 14.5228433609, 10.0688276291, 19.8526687622, 26.365447998, 31.5580768585, 31.2122325897, 31.7215938568, 39.0755271912, 22.4303207397, 15.756901741, 17.0247116089, 13.8915662766, 15.0568828583, 16.9205760956, 16.4557113647, 14.9280385971, 12.873044014, 9.68618774414, 8.39130306244, 3.36623477936, 1.15711176395, 0.4078386724, 0.0856776982546, 0.00546040106565, 0.000134126428748, 2.65683811449e-05],
        "dvar": [0.0442521125078, 1.50593781471, 3.46012496948, 4.86691665649, 627.269165039, 488.932189941, 1317.73620605, 297.628479004, 444.594482422, 1273.1809082, 711.339660645, 4160.97216797, 1088.08459473, 594.345275879, 391.503326416, 229.229293823, 1064.29956055, 1737.74926758, 6046.35693359, 1549.63964844, 1081.12243652, 1621.81787109, 584.877685547, 283.119567871, 235.819900513, 154.495574951, 259.448577881, 397.025909424, 362.263336182, 330.932861328, 193.549194336, 112.964599609, 110.331848145, 14.5804548264, 2.00284552574, 0.275638431311, 0.0135106667876, 7.73516076151e-05, 3.29066516258e-08, 5.47579426247e-10],
        "dvar2": [0.114776343107, 3.24435734749, 5.77318572998, 11.6190328598, 1346.2668457, 1151.20788574, 2767.84838867, 707.530517578, 1068.37426758, 2992.20727539, 1459.98425293, 8500.16015625, 2201.8347168, 981.07611084, 925.728881836, 501.851623535, 2335.31030273, 3356.06982422, 11304.359375, 3470.28076172, 2636.37524414, 3414.81762695, 1650.01452637, 795.612792969, 611.069396973, 412.395782471, 672.581176758, 910.187744141, 832.568664551, 726.133056641, 477.68649292, 308.712615967, 301.641571045, 39.450717926, 5.53150320053, 0.764523386955, 0.0370096862316, 0.000213194754906, 8.90456277602e-08, 1.33003486003e-09],
        "max": [2.53301715851, 10.5748796463, 21.1524372101, 35.7006759644, 439.815948486, 236.428894043, 398.456085205, 178.68270874, 507.369812012, 557.926330566, 546.913146973, 1211.49658203, 550.233398438, 524.172485352, 389.161773682, 359.542205811, 582.127807617, 613.870300293, 2206.96508789, 736.364379883, 393.2081604, 659.010742188, 287.110839844, 200.247711182, 132.724899292, 141.279907227, 277.716705322, 280.777862549, 287.295349121, 310.108886719, 168.829162598, 100.106124878, 139.963729858, 32.4178504944, 9.54576587677, 3.74021840096, 1.02672100067, 0.114200547338, 0.00206576380879, 0.000219909808948],
        "mean": [0.205949470401, 1.93666696548, 3.415132761, 1.68462228775, 9.25220775604, 17.1597385406, 26.5591526031, 13.3287916183, 12.1242866516, 21.9632358551, 21.5471954346, 30.8815193176, 28.408826828, 18.3384914398, 15.6658067703, 11.4756393433, 19.4697875977, 31.1815071106, 33.5053520203, 33.5967750549, 38.1864433289, 46.9915275574, 22.1798458099, 13.5589399338, 15.3970222473, 12.9583768845, 13.21027565, 15.6516218185, 15.2344961166, 13.4146137238, 9.37734699249, 6.31168937683, 5.36559915543, 2.06819725037, 0.575345754623, 0.162702962756, 0.0346456319094, 0.00225993385538, 7.53249623813e-05, 4.21042095695e-05],
        "median": [0.0366076305509, 1.15591621399, 1.84707021713, 0.829771280289, 2.77543115616, 6.36062479019, 7.04398012161, 6.39215183258, 5.94441080093, 6.80641746521, 8.23840713501, 7.84046792984, 9.58665657043, 6.16405153275, 4.6405582428, 3.80699491501, 4.74344968796, 5.31174850464, 9.41666698456, 13.4629821777, 15.4764881134, 20.0810413361, 11.2696847916, 7.46725273132, 7.89923858643, 6.41193437576, 4.97172689438, 4.37881851196, 6.05679512024, 4.43631601334, 3.32736849785, 2.72043228149, 1.54250943661, 0.402065724134, 0.072505839169, 0.0102990288287, 0.00176135671791, 0.000110875327664, 2.55981140072e-05, 3.67542124877e-05],
        "min": [7.42147967685e-05, 0.00086486141663, 0.00195750733837, 0.00331969698891, 0.00937852449715, 0.0362801663578, 0.0288060344756, 0.0458261780441, 0.050354141742, 0.0978078395128, 0.0602847225964, 0.0757757425308, 0.123941995203, 0.0490341745317, 0.0705732628703, 0.0571037083864, 0.0923968032002, 0.104087032378, 0.0678094252944, 0.0970865190029, 0.340926021338, 0.329109996557, 0.194892212749, 0.216789200902, 0.172900229692, 0.191728442907, 0.314060211182, 0.134889662266, 0.0871867910028, 0.0675101429224, 0.0537007972598, 0.021575499326, 0.0106546515599, 0.000803210481536, 6.49259382044e-05, 7.95897449279e-06, 1.87849298072e-06, 4.77810601751e-07, 1.37770143738e-06, 1.62109313351e-06],
        "var": [0.0948187112808, 5.13391780853, 16.2514305115, 8.15621757507, 1225.50537109, 749.025634766, 2261.66137695, 364.119171143, 575.949279785, 1816.79931641, 2241.32446289, 7523.53369141, 2931.16552734, 1536.82922363, 1123.78295898, 440.601470947, 1807.38183594, 5813.03369141, 10126.2666016, 3481.89355469, 2909.42382812, 4651.74755859, 891.213928223, 314.009460449, 342.575592041, 275.824707031, 528.895080566, 841.222351074, 755.714355469, 661.322570801, 240.393539429, 97.590927124, 100.554092407, 14.7265987396, 1.53092575073, 0.180260568857, 0.00933154392987, 5.71395503357e-05, 2.53995242616e-08, 9.14672004804e-10]
    },
    "gfcc": {
        "mean": [7.11666202545, 87.7304458618, -127.185974121, 59.5880355835, -72.2154312134, 20.8876304626, -44.25806427, 10.342669487, -9.49799156189, -5.27012777328, -9.95656585693, -3.60880017281, 2.44537258148],
        "cov": [[3038.15112305, -899.986755371, 220.697906494, -271.255187988, 62.1369171143, 305.024108887, -123.353546143, 260.463806152, -110.763954163, 294.461120605, -234.346633911, 222.046081543, -214.172210693], [-899.986755371, 1313.12182617, -80.44896698, 37.3046607971, 110.766014099, -146.725082397, 168.492141724, -180.486099243, 161.159988403, -251.045852661, 214.407272339, -186.43170166, 120.685020447], [220.697906494, -80.44896698, 708.483337402, 218.681518555, 36.2098388672, 104.03578186, -5.7310590744, 64.5578613281, -68.094039917, 76.7765426636, -25.2467975616, 87.5111312866, -1.81764245033], [-271.255187988, 37.3046607971, 218.681518555, 409.447998047, 93.8672027588, -15.555480957, 31.089548111, 18.5365085602, 73.2379074097, -2.8028883934, 28.7970409393, -33.5331230164, 69.7616577148], [62.1369171143, 110.766014099, 36.2098388672, 93.8672027588, 276.577362061, 32.9182662964, 43.9299583435, 84.7306518555, 69.1359710693, 34.2883720398, 8.79254341125, 0.935644567013, -8.34861278534], [305.024108887, -146.725082397, 104.03578186, -15.555480957, 32.9182662964, 312.699035645, 138.74861145, 68.7888031006, -1.66115128994, 65.8446807861, 3.0240778923, 17.0662536621, -21.9647293091], [-123.353546143, 168.492141724, -5.7310590744, 31.089548111, 43.9299583435, 138.74861145, 243.741851807, 19.4384231567, 34.2485046387, 3.1659283638, 66.0389328003, -12.8271865845, 8.96200466156], [260.463806152, -180.486099243, 64.5578613281, 18.5365085602, 84.7306518555, 68.7888031006, 19.4384231567, 204.343215942, 57.1562614441, 91.3934249878, -28.6773223877, 39.5601768494, -23.7174663544], [-110.763954163, 161.159988403, -68.094039917, 73.2379074097, 69.1359710693, -1.66115128994, 34.2485046387, 57.1562614441, 203.276672363, 3.40559244156, 32.2636413574, -58.3870582581, 27.0906543732], [294.461120605, -251.045852661, 76.7765426636, -2.8028883934, 34.2883720398, 65.8446807861, 3.1659283638, 91.3934249878, 3.40559244156, 159.712661743, -13.4749011993, 67.1660919189, -32.6367111206], [-234.346633911, 214.407272339, -25.2467975616, 28.7970409393, 8.79254341125, 3.0240778923, 66.0389328003, -28.6773223877, 32.2636413574, -13.4749011993, 135.084854126, 2.32022738457, 46.4080047607], [222.046081543, -186.43170166, 87.5111312866, -33.5331230164, 0.935644567013, 17.0662536621, -12.8271865845, 39.5601768494, -58.3870582581, 67.1660919189, 2.32022738457, 137.934158325, -5.98839473724], [-214.172210693, 120.685020447, -1.81764245033, 69.7616577148, -8.34861278534, -21.9647293091, 8.96200466156, -23.7174663544, 27.0906543732, -32.6367111206, 46.4080047607, -5.98839473724, 103.896514893]],
        "icov": [[0.000595456338488, -6.88993823132e-05, 1.52222073666e-05, 0.00016755105753, -5.32555932296e-05, -0.000632992130704, 0.000494631240144, -0.000174519198481, -5.39490465599e-05, -0.00040616595652, 0.000648693414405, -0.000658691977151, 0.000533422280569], [-6.88993823132e-05, 0.00399601925164, -0.00210888590664, 0.00289563275874, -0.00259504280984, 0.00287007144652, -0.00290699792095, 0.00191136612557, -0.0021770503372, 0.00354115129448, -0.00405498035252, 0.00373449339531, -0.00197308138013], [1.52222073666e-05, -0.00210888590664, 0.00346991536207, -0.00326589052565, 0.00157186703291, -0.00245943688788, 0.00210124487057, -0.00133220513817, 0.00203875242732, -0.00186294398736, 0.00220381631516, -0.00319793471135, 0.00157011579722], [0.00016755105753, 0.00289563275874, -0.00326589052565, 0.00664873979986, -0.00308678206056, 0.00290742563084, -0.00270697986707, 0.0016134075122, -0.00251181400381, 0.00177496450488, -0.0024444933515, 0.00421802606434, -0.00402364507318], [-5.32555932296e-05, -0.00259504280984, 0.00157186703291, -0.00308678206056, 0.00647757062688, -0.00179664464667, 0.00139144284185, -0.00276478682645, 0.000554300786462, -0.00204424047843, 0.00219292286783, -0.00276836194098, 0.00246845860966], [-0.000632992130704, 0.00287007144652, -0.00245943688788, 0.00290742563084, -0.00179664464667, 0.00818329583853, -0.00595915690064, 0.000719738425687, -0.00105157750659, 0.00112553569488, -0.00265218084678, 0.00435573700815, -0.00230645295233], [0.000494631240144, -0.00290699792095, 0.00210124487057, -0.00270697986707, 0.00139144284185, -0.00595915690064, 0.00961049646139, -0.00182475068141, 0.00142255518585, -0.00172627926804, -1.54540211952e-05, -0.0030080054421, 0.00277751078829], [-0.000174519198481, 0.00191136612557, -0.00133220513817, 0.0016134075122, -0.00276478682645, 0.000719738425687, -0.00182475068141, 0.00987742468715, -0.00411289324984, -0.00133802893106, 0.000370836321963, -0.000104275663034, -0.000863939872943], [-5.39490465599e-05, -0.0021770503372, 0.00203875242732, -0.00251181400381, 0.000554300786462, -0.00105157750659, 0.00142255518585, -0.00411289324984, 0.00960982497782, -0.00288725388236, 0.000249652191997, 0.00212624692358, -0.000501164991874], [-0.00040616595652, 0.00354115129448, -0.00186294398736, 0.00177496450488, -0.00204424047843, 0.00112553569488, -0.00172627926804, -0.00133802893106, -0.00288725388236, 0.014620391652, -0.00458699837327, -0.00106630485971, 0.00107505870983], [0.000648693414405, -0.00405498035252, 0.00220381631516, -0.0024444933515, 0.00219292286783, -0.00265218084678, -1.54540211952e-05, 0.000370836321963, 0.000249652191997, -0.00458699837327, 0.0160434953868, -0.00631233165041, -0.00160720210988], [-0.000658691977151, 0.00373449339531, -0.00319793471135, 0.00421802606434, -0.00276836194098, 0.00435573700815, -0.0030080054421, -0.000104275663034, 0.00212624692358, -0.00106630485971, -0.00631233165041, 0.0169616807252, -0.00474203657359], [0.000533422280569, -0.00197308138013, 0.00157011579722, -0.00402364507318, 0.00246845860966, -0.00230645295233, 0.00277751078829, -0.000863939872943, -0.000501164991874, 0.00107505870983, -0.00160720210988, -0.00474203657359, 0.0159325245768]]
    },
    "melbands": {
        "dmean": [0.000776230357587, 0.000619834172539, 0.000248911615927, 0.000582030159421, 0.000678102602251, 0.000230039673625, 0.000120788950881, 0.000175513981958, 0.000100317440229, 0.000114889786346, 7.37829468562e-05, 4.66714518552e-05, 3.36396042258e-05, 1.79753442353e-05, 2.59312691924e-05, 2.76423452306e-05, 3.74212904717e-05, 4.20285614382e-05, 2.45095980063e-05, 2.93264856737e-05, 2.6519261155e-05, 3.030145308e-05, 1.84901837201e-05, 1.0361319255e-05, 7.58249234423e-06, 8.61081025505e-06, 6.65455627313e-06, 5.65451500734e-06, 5.59523277843e-06, 6.18993954049e-06, 6.58824455968e-06, 5.81080348638e-06, 6.26863129582e-06, 5.05091611558e-06, 4.72006377095e-06, 3.62035893886e-06, 3.6591004573e-06, 4.12017243434e-06, 2.29229635806e-06, 1.4599008864e-06],
        "dmean2": [0.00123714713845, 0.000856274389662, 0.000377462798497, 0.000933652860112, 0.00102106214035, 0.000375919247745, 0.000194046573597, 0.000279936386505, 0.000149468251038, 0.000173834851012, 0.000110889362986, 6.57749042148e-05, 5.16164400324e-05, 2.84573852696e-05, 3.89715278288e-05, 4.23616656917e-05, 5.47334893781e-05, 5.76808415644e-05, 3.77297219529e-05, 4.65160301246e-05, 4.15220492869e-05, 4.6635104809e-05, 2.96038942906e-05, 1.82720086741e-05, 1.28332530949e-05, 1.44309879033e-05, 1.10512746687e-05, 9.41054713621e-06, 9.3791359177e-06, 1.04576511148e-05, 1.06154084278e-05, 9.45527062868e-06, 1.03992870208e-05, 8.12263806438e-06, 8.03149487183e-06, 6.24891481493e-06, 6.43072235107e-06, 7.1257604759e-06, 3.92031779484e-06, 2.54211954598e-06],
        "dvar": [2.87783495878e-06, 1.3321869119e-06, 7.94088464318e-07, 3.24025586451e-06, 1.87247940175e-06, 1.53274214654e-07, 9.0949598075e-08, 1.54152985488e-07, 5.63255468933e-08, 1.42999383002e-07, 2.67503903473e-08, 1.13529896595e-08, 5.01434893607e-09, 1.43650558115e-09, 4.99879337923e-09, 5.19504039787e-09, 8.2329867368e-09, 2.4761114048e-08, 2.12340323102e-09, 3.16137604983e-09, 1.95783544932e-09, 2.60528842944e-09, 9.34006427755e-10, 5.46031497795e-10, 1.86569690253e-10, 1.93514843039e-10, 1.05767145042e-10, 7.74902433887e-11, 1.2162842955e-10, 1.39837808e-10, 1.62923549651e-10, 1.36184258315e-10, 1.44426262616e-10, 1.03886184377e-10, 8.3745982371e-11, 3.94967079875e-11, 5.90146959079e-11, 9.46745598585e-11, 2.02806799132e-11, 8.53770613235e-12],
        "dvar2": [7.01759290678e-06, 2.47210823545e-06, 1.61627133366e-06, 7.46772229832e-06, 3.96227460442e-06, 3.58509140597e-07, 2.01993699989e-07, 3.67668405943e-07, 1.10518108443e-07, 3.00644359186e-07, 5.33262642932e-08, 1.85827140342e-08, 1.11304130357e-08, 3.46100748061e-09, 1.10857776292e-08, 1.09100319889e-08, 1.60068882593e-08, 4.64545308887e-08, 4.23010071415e-09, 7.72546204786e-09, 4.80097561706e-09, 5.2325783706e-09, 2.30854824146e-09, 1.63464197733e-09, 5.12074105341e-10, 5.20460174958e-10, 2.57736776366e-10, 2.12029963031e-10, 3.11620146354e-10, 3.60363516805e-10, 3.58381213594e-10, 3.1962335556e-10, 3.41421169114e-10, 2.34026908963e-10, 2.03803002252e-10, 1.05898199931e-10, 1.63458163671e-10, 2.63840699288e-10, 5.357000607e-11, 2.32722556504e-11],
        "max": [0.0189713332802, 0.0116040064022, 0.0152899436653, 0.0292179174721, 0.0140209458768, 0.00449526542798, 0.00752972951159, 0.00577129237354, 0.00388908875175, 0.00695416191593, 0.00282853655517, 0.00218417285942, 0.00125542713795, 0.000647475593723, 0.00129554746673, 0.00107711961027, 0.00140146887861, 0.00452585844323, 0.00088103627786, 0.000785033509601, 0.000593047763687, 0.000955440744292, 0.000373230781406, 0.000415087124566, 0.00012469640933, 0.000135447000503, 8.84854744072e-05, 0.000111928107799, 0.000222986069275, 0.00015687571431, 0.00017403489619, 0.000196970882826, 0.000185336422874, 0.000143358614878, 0.000132787317852, 4.82136638311e-05, 8.54187019286e-05, 0.000147154452861, 4.78315414512e-05, 3.13220552925e-05],
        "mean": [0.0021201139316, 0.00213752803393, 0.000504183408339, 0.000917762459721, 0.00100698508322, 0.000299982551951, 0.000183377211215, 0.000249458564213, 0.000183445125003, 0.000183118638233, 0.000137486233143, 7.39952665754e-05, 5.4243599152e-05, 2.92526565318e-05, 3.75666641048e-05, 4.03270132665e-05, 6.11213399679e-05, 5.83563705732e-05, 3.75051349693e-05, 4.77961730212e-05, 4.61769268441e-05, 5.3297568229e-05, 3.15207507811e-05, 1.3518160813e-05, 1.02094536487e-05, 1.1869361515e-05, 9.75512466539e-06, 8.18509761302e-06, 7.86187592894e-06, 8.46592502057e-06, 9.5784507721e-06, 8.44423811941e-06, 8.59747433424e-06, 6.90958449923e-06, 5.67814731767e-06, 4.05287437388e-06, 3.84632176065e-06, 4.3083618948e-06, 2.53206621892e-06, 1.4632902321e-06],
        "median": [0.000872012344189, 0.00141605932731, 0.000231439058552, 0.000400589720812, 0.000266522722086, 0.000138967268867, 8.98995131138e-05, 7.06809732947e-05, 6.36140175629e-05, 4.75914494018e-05, 4.4530032028e-05, 2.14500196307e-05, 1.37134429679e-05, 8.48985200719e-06, 9.78161278908e-06, 9.28711051529e-06, 8.76461672306e-06, 1.21210523503e-05, 1.58928760357e-05, 1.70984130818e-05, 1.74059387064e-05, 2.00584563572e-05, 1.30404278025e-05, 5.91142361372e-06, 5.07062304678e-06, 5.5609316405e-06, 4.50443894806e-06, 3.44034356203e-06, 3.09230676976e-06, 2.32352226703e-06, 2.54165843216e-06, 3.14029216497e-06, 3.01041541206e-06, 2.01379634746e-06, 1.73158116468e-06, 1.71169710939e-06, 1.43345471315e-06, 1.26643942622e-06, 5.10106929141e-07, 2.37240925571e-07],
        "min": [5.67374854654e-07, 1.41647115015e-06, 2.30877830631e-07, 1.51697645379e-06, 1.22427707083e-06, 4.84908753151e-07, 6.76383820064e-07, 3.15397642225e-07, 6.79308755025e-07, 2.86472641164e-07, 4.32741757095e-07, 9.65224771221e-08, 9.44962081917e-08, 9.04804053903e-08, 1.71691112882e-07, 1.59595131777e-07, 1.27396077687e-07, 9.9752107019e-08, 8.80992345742e-08, 2.10647911558e-07, 3.35336409307e-07, 3.04486491132e-07, 2.77028561868e-07, 8.19673360297e-08, 1.2769075397e-07, 1.4379111235e-07, 7.97044421574e-08, 1.13806756019e-07, 9.50294687385e-09, 3.05811376222e-08, 1.08541731159e-10, 6.79594713837e-10, 3.79358624514e-08, 4.00573334502e-08, 2.49144194164e-09, 1.27437118635e-08, 7.35124272566e-09, 3.96419386206e-09, 9.39834113312e-11, 4.94873933499e-12],
