{
"highlevel": {
    "danceability": {
        "all": {
            "danceable": 0.471919357777,
            "not_danceable": 0.528080642223
        },
        "probability": 0.528080642223,
        "value": "not_danceable"
    },
    "gender": {
        "all": {
            "female": 0.451881796122,
            "male": 0.548118174076
        },
        "probability": 0.548118174076,
        "value": "male"
    },
    "genre_dortmund": {
        "all": {
            "alternative": 0.116629607975,
            "blues": 0.0691569820046,
            "electronic": 0.112821832299,
            "folkcountry": 0.116927817464,
            "funksoulrnb": 0.0291485376656,
            "jazz": 0.0175018534064,
            "pop": 0.0880047231913,
            "raphiphop": 0.0491897277534,
            "rock": 0.400618910789
        },
        "probability": 0.400618910789,
        "value": "rock"
    },
    "genre_electronic": {
        "all": {
            "ambient": 0.443517208099,
            "dnb": 0.369699448347,
            "house": 0.0930490344763,
            "techno": 0.0234990306199,
            "trance": 0.0702353045344
        },
        "probability": 0.443517208099,
        "value": "ambient"
    },
    "genre_rosamerica": {
        "all": {
            "cla": 0.0120548158884,
            "dan": 0.0656830966473,
            "hip": 0.0471369698644,
            "jaz": 0.00836730375886,
            "pop": 0.341730266809,
            "rhy": 0.284368157387,
            "roc": 0.231621041894,
            "spe": 0.00903833191842
        },
        "probability": 0.341730266809,
        "value": "pop"
    },
    "genre_tzanetakis": {
        "all": {
            "blu": 0.0626613423228,
            "cla": 0.0348169617355,
            "cou": 0.104475811124,
            "dis": 0.0784321576357,
            "hip": 0.15692435205,
            "jaz": 0.313974827528,
            "met": 0.0448166541755,
            "pop": 0.0627359300852,
            "reg": 0.0627360641956,
            "roc": 0.0784258767962
        },
        "probability": 0.313974827528,
        "value": "jaz"
    },
    "ismir04_rhythm": {
        "all": {
            "ChaChaCha": 0.0689912065864,
            "Jive": 0.614041745663,
            "Quickstep": 0.0331083796918,
            "Rumba-American": 0.0122792469338,
            "Rumba-International": 0.0437346585095,
            "Rumba-Misc": 0.00412137759849,
            "Samba": 0.189338907599,
            "Tango": 0.00604002131149,
            "VienneseWaltz": 0.019946936518,
            "Waltz": 0.00839751586318
        },
        "probability": 0.614041745663,
        "value": "Jive"
    },
    "mood_acoustic": {
        "all": {
            "acoustic": 0.0574622526765,
            "not_acoustic": 0.942537724972
        },
        "probability": 0.942537724972,
        "value": "not_acoustic"
    },
    "mood_aggressive": {
        "all": {
            "aggressive": 0.0420131422579,
            "not_aggressive": 0.957986831665
        },
        "probability": 0.957986831665,
        "value": "not_aggressive"
    },
    "mood_electronic": {
        "all": {
            "electronic": 0.708350718021,
            "not_electronic": 0.291649311781
        },
        "probability": 0.708350718021,
        "value": "electronic"
    },
    "mood_happy": {
        "all": {
            "happy": 0.5,
            "not_happy": 0.5
        },
        "probability": 0.5,
        "value": "happy"
    },
    "mood_party": {
        "all": {
            "not_party": 0.664222121239,
            "party": 0.335777878761
        },
        "probability": 0.664222121239,
        "value": "not_party"
    },
    "mood_relaxed": {
        "all": {
            "not_relaxed": 0.0965863242745,
            "relaxed": 0.903413653374
        },
        "probability": 0.903413653374,
        "value": "relaxed"
    },
    "mood_sad": {
        "all": {
            "not_sad": 0.755971491337,
            "sad": 0.244028538465
        },
        "probability": 0.755971491337,
        "value": "not_sad"
    },
    "moods_mirex": {
        "all": {
            "Cluster1": 0.207059323788,
            "Cluster2": 0.318670392036,
            "Cluster3": 0.268372654915,
            "Cluster4": 0.0910922810435,
            "Cluster5": 0.114805340767
        },
        "probability": 0.318670392036,
        "value": "Cluster2"
    },
    "timbre": {
        "all": {
            "bright": 0.330897539854,
            "dark": 0.669102430344
        },
        "probability": 0.669102430344,
        "value": "dark"
    },
    "tonal_atonal": {
        "all": {
            "atonal": 0.692415952682,
            "tonal": 0.307584047318
        },
        "probability": 0.692415952682,
        "value": "atonal"
    },
    "voice_instrumental": {
        "all": {
            "instrumental": 0.131701245904,
            "voice": 0.868298768997
        },
        "probability": 0.868298768997,
        "value": "voice"
    }
},
"lowlevel": {
    "average_loudness": 0.979011952877,
    "barkbands_crest": {
        "dmean": 2.50638055801,
        "dmean2": 4.03469562531,
        "dvar": 5.30126857758,
        "dvar2": 12.3448610306,
        "max": 22.6627254486,
        "mean": 10.7277050018,
        "median": 10.0304899216,
        "min": 2.85966610909,
        "var": 15.1656017303
    },
    "barkbands_flatness_db": {
        "dmean": 0.028183599934,
        "dmean2": 0.0405002497137,
        "dvar": 0.00076703238301,
        "dvar2": 0.00142266834155,
        "max": 0.438241809607,
        "mean": 0.182892888784,
        "median": 0.176206916571,
        "min": 0.0581630691886,
        "var": 0.00421939278021
    },
    "barkbands_kurtosis": {
        "dmean": 3.59546279907,
        "dmean2": 5.3623380661,
        "dvar": 27.6412696838,
        "dvar2": 59.1828155518,
        "max": 62.0807189941,
        "mean": 5.79902982712,
        "median": 3.00089645386,
        "min": -1.81805312634,
        "var": 66.6102218628
    },
    "barkbands_skewness": {
        "dmean": 0.561639666557,
        "dmean2": 0.842914402485,
        "dvar": 0.327117860317,
        "dvar2": 0.694361269474,
        "max": 5.82268238068,
        "mean": 1.84860277176,
        "median": 1.6896187067,
        "min": -0.846176862717,
        "var": 1.20523071289
    },
    "barkbands_spread": {
        "dmean": 5.51666927338,
        "dmean2": 8.27605342865,
        "dvar": 56.1250915527,
        "dvar2": 125.091072083,
        "max": 88.5730438232,
        "mean": 18.0288257599,
        "median": 15.1672201157,
        "min": 0.721843242645,
        "var": 179.769226074
    },
    "dissonance": {
        "dmean": 0.020799163729,
        "dmean2": 0.0343902893364,
        "dvar": 0.000451421539765,
        "dvar2": 0.00121391867287,
        "max": 0.499374300241,
        "mean": 0.460393577814,
        "median": 0.468179702759,
        "min": 0.297829627991,
        "var": 0.000869586248882
    },
    "dynamic_complexity": 2.06605124474,
    "erbbands_crest": {
        "dmean": 2.65068078041,
        "dmean2": 4.30761861801,
        "dvar": 6.31183958054,
        "dvar2": 15.2469835281,
        "max": 24.8840446472,
        "mean": 8.60035228729,
        "median": 7.61929655075,
        "min": 2.66821432114,
        "var": 17.789390564
    },
    "erbbands_flatness_db": {
        "dmean": 0.0174594912678,
        "dmean2": 0.0243834722787,
        "dvar": 0.000298935803585,
        "dvar2": 0.000551664095838,
        "max": 0.291566312313,
        "mean": 0.161008581519,
        "median": 0.156263187528,
        "min": 0.0613827258348,
        "var": 0.00184831500519
    },
    "erbbands_kurtosis": {
        "dmean": 0.959769129753,
        "dmean2": 1.48933947086,
        "dvar": 1.509075284,
        "dvar2": 3.60073232651,
        "max": 15.0351772308,
        "mean": 0.63713145256,
        "median": 0.279158115387,
        "min": -1.76474130154,
        "var": 3.11508250237
    },
    "erbbands_skewness": {
        "dmean": 0.380970478058,
        "dmean2": 0.575193941593,
        "dvar": 0.137982562184,
        "dvar2": 0.303554177284,
        "max": 3.38625264168,
        "mean": 0.392952352762,
        "median": 0.370046794415,
        "min": -3.50436925888,
        "var": 0.491886347532
    },
    "erbbands_spread": {
        "dmean": 8.12829685211,
        "dmean2": 12.0773906708,
        "dvar": 78.4211578369,
        "dvar2": 179.162460327,
        "max": 129.477752686,
        "mean": 36.6480484009,
        "median": 32.7076721191,
        "min": 8.11838912964,
        "var": 332.282409668
    },
    "hfc": {
        "dmean": 6.39733552933,
        "dmean2": 9.13604068756,
        "dvar": 99.9041290283,
        "dvar2": 210.452941895,
        "max": 124.516983032,
        "mean": 18.5478820801,
        "median": 13.6790237427,
        "min": 0.526452839375,
        "var": 306.120330811
    },
    "melbands_crest": {
        "dmean": 3.01802134514,
        "dmean2": 4.85140323639,
        "dvar": 8.49464988708,
        "dvar2": 19.4592475891,
        "max": 33.0479202271,
        "mean": 14.1580171585,
        "median": 13.2952194214,
        "min": 5.22664737701,
        "var": 21.7889499664
    },
    "melbands_flatness_db": {
        "dmean": 0.0348200649023,
        "dmean2": 0.0484232492745,
        "dvar": 0.00125848711468,
        "dvar2": 0.0023150772322,
        "max": 0.548030734062,
        "mean": 0.245311975479,
        "median": 0.240346968174,
        "min": 0.070568010211,
        "var": 0.00750022055581
    },
    "melbands_kurtosis": {
        "dmean": 7.5851316452,
        "dmean2": 11.7539997101,
        "dvar": 118.970077515,
        "dvar2": 281.222259521,
        "max": 117.81338501,
        "mean": 15.0323629379,
        "median": 10.0049962997,
        "min": -1.12538063526,
        "var": 260.246276855
    },
    "melbands_skewness": {
        "dmean": 0.748783946037,
        "dmean2": 1.15365409851,
        "dvar": 0.619404017925,
        "dvar2": 1.35380589962,
        "max": 9.68793010712,
        "mean": 2.88228011131,
        "median": 2.62001180649,
        "min": -0.0714630186558,
        "var": 2.02057290077
    },
    "melbands_spread": {
        "dmean": 5.6791472435,
        "dmean2": 8.56450271606,
        "dvar": 63.8491859436,
        "dvar2": 124.410415649,
        "max": 151.562850952,
        "mean": 16.7438869476,
        "median": 13.9485034943,
        "min": 0.645063757896,
        "var": 182.263214111
    },
    "pitch_salience": {
        "dmean": 0.0825711116195,
        "dmean2": 0.136114880443,
        "dvar": 0.00684109330177,
        "dvar2": 0.0177625920624,
        "max": 0.854422092438,
        "mean": 0.554853022099,
        "median": 0.560869038105,
        "min": 0.158158779144,
        "var": 0.0152856204659
    },
    "silence_rate_20dB": {
        "dmean": 0,
        "dmean2": 0,
        "dvar": 0,
        "dvar2": 0,
        "max": 1,
        "mean": 1,
        "median": 1,
        "min": 1,
        "var": 0
    },
    "silence_rate_30dB": {
        "dmean": 0.0371517017484,
        "dmean2": 0.0735863670707,
        "dvar": 0.0357718616724,
        "dvar2": 0.0681712478399,
        "max": 1,
        "mean": 0.944315552711,
        "median": 1,
        "min": 0,
        "var": 0.0525839179754
    },
    "silence_rate_60dB": {
        "dmean": 0.00154798757285,
        "dmean2": 0.00309837330133,
        "dvar": 0.00154558685608,
        "dvar2": 0.00463793659583,
        "max": 1,
        "mean": 0.00077339517884,
        "median": 0,
        "min": 0,
        "var": 0.000772796280216
    },
    "spectral_centroid": {
        "dmean": 227.505996704,
        "dmean2": 332.378540039,
        "dvar": 82019.734375,
        "dvar2": 163480.71875,
        "max": 3941.43408203,
        "mean": 966.315429688,
        "median": 855.150817871,
        "min": 155.898010254,
        "var": 344493.5
    },
    "spectral_complexity": {
        "dmean": 4.08436536789,
        "dmean2": 5.69093704224,
        "dvar": 20.4688720703,
        "dvar2": 33.9345817566,
        "max": 61,
        "mean": 18.4555301666,
        "median": 16,
        "min": 3,
        "var": 104.475357056
    },
    "spectral_decrease": {
        "dmean": 3.63329588637e-09,
        "dmean2": 5.55332357877e-09,
        "dvar": 4.44120980203e-17,
        "dvar2": 8.14824916482e-17,
        "max": -5.61395319121e-10,
        "mean": -9.70556079949e-09,
        "median": -7.02932867469e-09,
        "min": -6.39778718892e-08,
        "var": 9.15396513206e-17
    },
    "spectral_energy": {
        "dmean": 0.0140777388588,
        "dmean2": 0.0214790571481,
        "dvar": 0.000652463349979,
        "dvar2": 0.00120285549201,
        "max": 0.244907140732,
        "mean": 0.0383133925498,
        "median": 0.0278936177492,
        "min": 0.0030384932179,
        "var": 0.00134662375785
    },
    "spectral_energyband_high": {
        "dmean": 0.000339524180163,
        "dmean2": 0.000457402260508,
        "dvar": 4.3028279606e-07,
        "dvar2": 7.62337151627e-07,
        "max": 0.0119419237599,
        "mean": 0.00075359136099,
        "median": 0.000173064647242,
        "min": 3.13880974545e-07,
        "var": 1.84474288289e-06
    },
    "spectral_energyband_low": {
        "dmean": 0.00963399093598,
        "dmean2": 0.0151338484138,
        "dvar": 0.000619083293714,
        "dvar2": 0.00117411476094,
        "max": 0.226125136018,
        "mean": 0.0191859938204,
        "median": 0.0101528214291,
        "min": 0.000326330628013,
        "var": 0.001078160014
    },
    "spectral_energyband_middle_high": {
        "dmean": 0.00207060482353,
        "dmean2": 0.003186120186,
        "dvar": 1.06688094093e-05,
        "dvar2": 2.47363113886e-05,
        "max": 0.0416692309082,
        "mean": 0.00493059260771,
        "median": 0.00314576830715,
        "min": 7.36669289836e-06,
        "var": 2.74436206382e-05
    },
    "spectral_energyband_middle_low": {
        "dmean": 0.00708209676668,
        "dmean2": 0.0117194093764,
        "dvar": 0.00013430386025,
        "dvar2": 0.000352767528966,
        "max": 0.107058778405,
        "mean": 0.0150397801772,
        "median": 0.0120902629569,
        "min": 0.000503369956277,
        "var": 0.00015823711874
    },
    "spectral_entropy": {
        "dmean": 0.210471138358,
        "dmean2": 0.291677355766,
        "dvar": 0.0515512414277,
        "dvar2": 0.0996330752969,
        "max": 8.62795352936,
        "mean": 7.37487983704,
        "median": 7.37169027328,
        "min": 5.62131071091,
        "var": 0.283210545778
    },
    "spectral_flux": {
        "dmean": 0.0349933058023,
        "dmean2": 0.0539887286723,
        "dvar": 0.00227886880748,
        "dvar2": 0.00486461725086,
        "max": 0.444665163755,
        "mean": 0.0999654233456,
        "median": 0.0839174538851,
        "min": 0.0102852275595,
        "var": 0.00444919522852
    },
    "spectral_kurtosis": {
        "dmean": 2.889564991,
        "dmean2": 4.70156574249,
        "dvar": 18.9927597046,
        "dvar2": 48.311290741,
        "max": 56.14295578,
        "mean": 6.86898136139,
        "median": 5.205286026,
        "min": -0.795240402222,
        "var": 50.5065116882
    },
    "spectral_rms": {
        "dmean": 0.000980907236226,
        "dmean2": 0.00147367967293,
        "dvar": 1.90665161881e-06,
        "dvar2": 3.38508152709e-06,
        "max": 0.0154574830085,
        "mean": 0.00568443816155,
        "median": 0.00521663529798,
        "min": 0.00172173848841,
        "var": 5.06606374984e-06
    },
    "spectral_rolloff": {
        "dmean": 400.396789551,
        "dmean2": 657.305786133,
        "dvar": 650156.4375,
        "dvar2": 1446362,
        "max": 10960.4003906,
        "mean": 1000.8182373,
        "median": 667.529296875,
        "min": 64.599609375,
        "var": 1253650.5
    },
    "spectral_skewness": {
        "dmean": 0.333753019571,
        "dmean2": 0.501283884048,
        "dvar": 0.130574703217,
        "dvar2": 0.303404331207,
        "max": 5.47959852219,
        "mean": 1.8889247179,
        "median": 1.85105073452,
        "min": -0.3664534688,
        "var": 0.687104940414
    },
    "spectral_spread": {
        "dmean": 583647.875,
        "dmean2": 881344.75,
        "dvar": 596548321280,
        "dvar2": 1.48506057114e+12,
        "max": 10289064,
        "mean": 4117431.5,
        "median": 3996030.25,
        "min": 1157364.375,
        "var": 1.83708378726e+12
    },
    "spectral_strongpeak": {
        "dmean": 0.315925627947,
        "dmean2": 0.543515086174,
        "dvar": 0.300676673651,
        "dvar2": 0.81623595953,
        "max": 4.54118776321,
        "mean": 0.583329916,
        "median": 0.380527347326,
        "min": 0,
        "var": 0.355326801538
    },
    "zerocrossingrate": {
        "dmean": 0.00920818280429,
        "dmean2": 0.0100368084386,
        "dvar": 0.000116177587188,
        "dvar2": 0.000130708052893,
        "max": 0.29296875,
        "mean": 0.0426130183041,
        "median": 0.03515625,
        "min": 0.0029296875,
        "var": 0.000947667460423
    },
    "barkbands": {
        "dmean": [0.00162964395713, 0.0072007314302, 0.00285956799053, 0.0027030070778, 0.00273023964837, 0.00233966391534, 0.00112708413508, 0.000587253482081, 0.000655249343254, 0.000711921893526, 0.000490636157338, 0.000483280309709, 0.000339930789778, 0.00043362219003, 0.000405286817113, 0.00021734557231, 0.000130960135721, 0.000123230711324, 8.74558463693e-05, 8.41161163407e-05, 7.06685241312e-05, 8.75752230058e-05, 9.10557355382e-05, 7.2205082688e-05, 4.62642165076e-05, 1.3146596757e-05, 1.5108536644e-08],
        "dmean2": [0.00229159137234, 0.0114852162078, 0.00505688041449, 0.00462980940938, 0.00466012116522, 0.00402248324826, 0.00185850926209, 0.000927810498979, 0.00102416041773, 0.00115422182716, 0.000797888904344, 0.00080204627011, 0.000541844696272, 0.000690898741595, 0.000641657272354, 0.000348508387106, 0.000198781650397, 0.000186364602996, 0.000135589347337, 0.000129606705741, 0.000101050187368, 0.000119793607155, 0.000137182345497, 0.000113936010166, 6.91871173331e-05, 1.9718258045e-05, 1.86735231722e-08],
        "dvar": [3.36512130161e-05, 0.000329977279762, 8.26709365356e-05, 1.4911519429e-05, 2.10024918488e-05, 2.62609410129e-05, 4.95142330692e-06, 2.26658380598e-06, 9.56545363806e-07, 1.69431905306e-06, 1.05570336473e-06, 9.99632902676e-07, 5.85474651871e-07, 4.59441849898e-07, 5.33043817086e-07, 1.33414545189e-07, 5.75375693757e-08, 4.3716273268e-08, 2.95276372242e-08, 3.8664758506e-08, 2.20533031836e-08, 4.35728928494e-08, 3.82058509274e-08, 3.29313465386e-08, 1.09927684733e-08, 1.09349784783e-09, 1.05912742227e-13],
        "dvar2": [6.2740087742e-05, 0.000642634287942, 0.000231404366787, 4.08285886806e-05, 5.54840298719e-05, 7.45108118281e-05, 1.30433809318e-05, 5.4092965911e-06, 2.13112411984e-06, 4.11999735661e-06, 2.65566154667e-06, 2.65306562142e-06, 1.53226028488e-06, 1.13685439374e-06, 1.33014725634e-06, 3.18150256362e-07, 1.31047585228e-07, 9.81532082278e-08, 6.7844958096e-08, 8.78846719843e-08, 4.30830482401e-08, 8.03985571451e-08, 8.10791931372e-08, 8.67376357405e-08, 2.28923937584e-08, 2.16935469588e-09, 1.06529341555e-13],
        "max": [0.0535064972937, 0.159329861403, 0.0773133412004, 0.0407183021307, 0.0327242016792, 0.0614990442991, 0.023257298395, 0.0249754860997, 0.0114730224013, 0.0150583870709, 0.0134177450091, 0.0116370422766, 0.0132871372625, 0.00882884114981, 0.00753642898053, 0.00369710987434, 0.00347526348196, 0.00364795420319, 0.00365467206575, 0.00384578411467, 0.00294245197438, 0.00439371494576, 0.00431463541463, 0.00210140622221, 0.00137502071448, 0.000782025046647, 1.14020485853e-05],
        "mean": [0.00196160888299, 0.0128248650581, 0.00299719255418, 0.00406635506079, 0.00394566822797, 0.00319662736729, 0.00156121316832, 0.00082967657363, 0.00110158347525, 0.00104603928048, 0.000780003610998, 0.00068510993151, 0.000455166184111, 0.000645991531201, 0.000488210265758, 0.00030942261219, 0.000202276292839, 0.000218312823563, 0.000169611550518, 0.000155110639753, 0.00013919104822, 0.000176953646587, 0.000163411983522, 9.91186170722e-05, 7.37998707336e-05, 2.08887759072e-05, 1.38337235001e-08],
        "median": [1.1237567378e-05, 0.00714583974332, 0.00124215439428, 0.00232199742459, 0.00254954653792, 0.00153931009118, 0.000630636233836, 0.00028254505014, 0.000634166004602, 0.000411962973885, 0.000279659696389, 0.000192630657693, 0.000126786180772, 0.000291944190394, 0.000135207345011, 0.000106481566036, 8.19453271106e-05, 8.57187114889e-05, 6.84122351231e-05, 5.55140832148e-05, 3.62411192327e-05, 3.07100526697e-05, 2.79467803921e-05, 2.10323087231e-05, 1.04967284642e-05, 3.55847100764e-06, 5.17892950747e-10],
        "min": [3.35127019468e-08, 2.09118934436e-05, 2.48354281212e-05, 1.34166211865e-05, 5.57531275263e-05, 2.32928578043e-05, 4.38436563854e-06, 1.15444106541e-06, 1.47720436416e-06, 8.15139287624e-07, 4.45385353487e-07, 1.46186494021e-07, 2.56798642795e-07, 8.34193542687e-07, 1.03238915017e-06, 5.00332021147e-07, 3.37784655358e-07, 9.76916965101e-08, 1.34202181812e-07, 9.82528831628e-08, 5.02817343317e-08, 2.88840542595e-08, 2.82720389322e-08, 5.48297141023e-09, 7.65524709595e-12, 6.36738231585e-12, 1.03107470478e-11],
        "var": [5.35563049198e-05, 0.000504917348735, 5.80062624067e-05, 2.05108553928e-05, 2.07604862226e-05, 2.41706839006e-05, 6.06340972809e-06, 4.6953950914e-06, 2.26331849262e-06, 3.193674047e-06, 2.50767743637e-06, 1.73597788944e-06, 8.08732011137e-07, 8.28492488836e-07, 7.09965718215e-07, 2.51411904628e-07, 1.15270772483e-07, 1.18150424555e-07, 8.51709813787e-08, 9.14713922384e-08, 7.28752596046e-08, 1.4835772788e-07, 1.26194663608e-07, 3.95448225277e-08, 2.66910227253e-08, 3.79241482662e-09, 1.05796793581e-13]
    },
    "erbbands": {
        "dmean": [0.285426288843, 1.66944646835, 3.6725332737, 5.38969755173, 10.3553934097, 9.69236373901, 11.6119918823, 22.0403728485, 19.608543396, 12.0636768341, 11.4065322876, 14.5325450897, 22.3287982941, 16.5322284698, 19.625120163, 18.8140716553, 15.4126491547, 17.2316455841, 24.0720653534, 14.7301464081, 9.9057674408, 6.85804843903, 6.73100852966, 4.48096609116, 4.40991067886, 3.94551324844, 2.973934412, 2.89144492149, 3.27773118019, 2.73016023636, 2.70544981956, 1.80060839653, 1.02710127831, 0.498173326254, 0.37928596139, 0.093846976757, 0.0248352382332, 0.00184917112347, 4.00811841246e-05, 1.68343976839e-05],
        "dmean2": [0.42096889019, 2.71553373337, 6.44246244431, 9.18427658081, 17.7156295776, 16.8679904938, 20.4667472839, 38.0683898926, 33.3466720581, 19.0132389069, 17.8801689148, 22.5564250946, 35.7620277405, 26.8437099457, 31.214963913, 30.7703266144, 25.0604095459, 27.2557582855, 37.5247879028, 23.9060707092, 15.4419164658, 10.4682769775, 10.1320085526, 6.83693981171, 6.85413980484, 5.99124908447, 4.44749403, 4.08183097839, 4.56759595871, 4.01998233795, 4.0439786911, 2.80785942078, 1.67383682728, 0.778264641762, 0.564207494259, 0.139967560768, 0.0381866954267, 0.00295317801647, 5.99146333116e-05, 2.51310011663e-05],
        "dvar": [0.779158174992, 16.2554035187, 134.101379395, 80.2990341187, 288.971496582, 227.441513062, 528.284484863, 2695.98901367, 2072.51049805, 727.678344727, 590.15802002, 560.814941406, 1542.37243652, 969.718078613, 1639.8190918, 1599.9309082, 1248.61584473, 785.45904541, 1737.96899414, 704.301635742, 299.573425293, 142.895187378, 144.884384155, 55.4158401489, 104.480796814, 84.2279434204, 35.754611969, 55.3099784851, 55.6904563904, 39.2202148438, 34.655506134, 21.0795345306, 6.3828458786, 1.2211676836, 0.957649171352, 0.0590596161783, 0.00482322834432, 2.65316848527e-05, 1.08307416369e-08, 8.13851430692e-10],
        "dvar2": [1.3701274395, 43.3177909851, 378.016479492, 226.085113525, 721.377197266, 632.615112305, 1488.35803223, 7704.16259766, 5704.47607422, 1750.89306641, 1334.98718262, 1263.90698242, 3821.96386719, 2449.39379883, 4114.72851562, 4160.703125, 3357.5859375, 1843.0333252, 4126.72070312, 1785.93884277, 709.991638184, 323.680267334, 334.323547363, 133.804626465, 223.870956421, 187.949386597, 80.5401306152, 107.313552856, 102.95942688, 72.0865020752, 69.7817764282, 52.3450508118, 17.0200462341, 2.98263120651, 2.00442123413, 0.135308340192, 0.0114596132189, 6.93038891768e-05, 2.23970690882e-08, 1.47019596497e-09],
        "max": [7.6728219986, 41.5250968933, 95.684173584, 108.779129028, 148.182434082, 117.033592224, 195.002349854, 636.165039062, 505.840301514, 460.939086914, 533.98260498, 328.658294678, 519.504272461, 316.095153809, 612.737670898, 509.232452393, 676.150939941, 272.596038818, 597.286865234, 245.693557739, 164.567687988, 154.816482544, 197.485717773, 138.158782959, 226.288955688, 185.074676514, 130.53137207, 168.550140381, 175.481445312, 179.509109497, 156.595275879, 86.110748291, 28.1537055969, 12.3540830612, 13.9837818146, 4.85138750076, 1.59651374817, 0.0870113000274, 0.00180918187834, 0.000268923380645],
        "mean": [0.368648886681, 2.73895335197, 4.63742589951, 8.2003326416, 14.3688144684, 13.6967325211, 15.6539011002, 29.5197887421, 25.734172821, 18.3509635925, 18.8563289642, 24.4211807251, 35.0391387939, 25.8526592255, 31.6224117279, 28.601682663, 22.5429573059, 28.2582263947, 32.5070495605, 20.6642837524, 15.3987016678, 11.4766187668, 12.1914300919, 9.16342926025, 8.39665126801, 7.40854740143, 6.00640964508, 5.61564254761, 6.48016834259, 5.34670066833, 4.74954080582, 2.64015889168, 1.324416399, 0.65389829874, 0.623892068863, 0.154137969017, 0.035387519747, 0.00236788578331, 7.36369183869e-05, 4.80590024381e-05],
        "median": [0.0855219364166, 1.83647871017, 2.62892413139, 5.21997976303, 7.9061498642, 9.54075527191, 8.56507205963, 14.1394405365, 10.6342735291, 7.21437311172, 9.81816673279, 13.7677593231, 15.839097023, 14.1690359116, 11.9080982208, 9.36162757874, 7.48513555527, 12.2932071686, 11.3901443481, 7.31487846375, 5.47743463516, 5.00790548325, 4.92978000641, 4.06170463562, 3.42428541183, 2.71919131279, 1.94158053398, 1.21692824364, 1.13143849373, 0.971050679684, 0.775571942329, 0.519217908382, 0.289131551981, 0.130015894771, 0.0630883574486, 0.0204831790179, 0.00562845636159, 0.000367587024812, 2.56954135693e-05, 3.43349856848e-05],
        "min": [0.000721178774256, 0.0145510882139, 0.104978367686, 0.0898821875453, 0.148469179869, 0.177866607904, 0.20044901967, 0.148058056831, 0.12834879756, 0.029119361192, 0.0349521189928, 0.0472821928561, 0.0439112633467, 0.0126986540854, 0.0206846427172, 0.0217596329749, 0.0139242345467, 0.0272147133946, 0.0792526677251, 0.0427661202848, 0.0267025846988, 0.0202103108168, 0.00757711287588, 0.00433811731637, 0.00629266817123, 0.00465198047459, 0.00276861293241, 0.00160596182104, 0.00107855163515, 0.00131424400024, 0.000852334545925, 0.000100860997918, 9.26494831219e-05, 1.9092211005e-05, 5.72908538743e-06, 4.28414659837e-06, 2.63744277618e-06, 2.76017971146e-07, 1.57303816195e-06, 3.43691931448e-06],
        "var": [1.16628134251, 16.0412082672, 92.959526062, 84.7160644531, 343.871429443, 201.750259399, 447.191986084, 2285.47631836, 2000.10571289, 1534.08569336, 1468.15600586, 1262.5402832, 3133.61987305, 1355.94885254, 3783.22167969, 2819.03369141, 1694.13037109, 1572.04211426, 2449.08251953, 1094.75366211, 598.684570312, 314.847961426, 397.655334473, 161.940551758, 263.300018311, 206.799880981, 103.363945007, 163.440734863, 192.825668335, 150.113830566, 113.280914307, 32.3977050781, 6.77277421951, 1.79758059978, 2.38837242126, 0.151255995035, 0.012643144466, 5.18451270182e-05, 2.45970213086e-08, 1.85486059845e-09]
    },
    "gfcc": {
        "mean": [-3.62191510201, 123.364463806, -107.574317932, 37.9812469482, -56.7712516785, 21.2645187378, -36.5949745178, 4.44851970673, -19.1260986328, -2.10765743256, -12.1349439621, -2.94879555702, -6.28086233139],
        "cov": [[4678.70507812, -2168.58374023, -600.040527344, 15.0495958328, -511.512420654, 340.777740479, -551.086669922, 267.275024414, -478.397247314, 335.47177124, -404.731506348, 245.771621704, -237.791503906], [-2168.58374023, 1787.13122559, 111.924247742, -257.080169678, 386.362823486, -163.517105103, 404.185241699, -202.123123169, 274.225952148, -247.293121338, 283.762054443, -217.903442383, 197.077972412], [-600.040527344, 111.924247742, 551.641357422, 24.9235954285, 86.6353378296, -21.7775878906, -38.8602027893, 70.8679275513, 67.7426757812, 30.0817737579, -16.3153305054, 27.7088909149, -18.5277919769], [15.0495958328, -257.080169678, 24.9235954285, 457.127807617, -112.558929443, -38.5159683228, 82.1934967041, -21.3187866211, 68.6215209961, -28.7633934021, 40.0792541504, 1.09760653973, 9.54110431671], [-511.512420654, 386.362823486, 86.6353378296, -112.558929443, 288.487457275, 1.18971574306, 89.291847229, 15.9978322983, 65.8002700806, 4.2153878212, 49.541519165, -10.9169406891, 10.6934022903], [340.777740479, -163.517105103, -21.7775878906, -38.5159683228, 1.18971574306, 170.615646362, -16.7100257874, 25.8618774414, -49.2492103577, 36.3853569031, -29.3269481659, -9.99124908447, -4.82855844498], [-551.086669922, 404.185241699, -38.8602027893, 82.1934967041, 89.291847229, -16.7100257874, 307.723052979, -67.2010192871, 89.8318481445, -74.437171936, 110.216621399, -60.8671226501, 43.5204734802], [267.275024414, -202.123123169, 70.8679275513, -21.3187866211, 15.9978322983, 25.8618774414, -67.2010192871, 166.332458496, -2.31393313408, 69.7430801392, -45.655166626, 56.1644630432, -33.2132492065], [-478.397247314, 274.225952148, 67.7426757812, 68.6215209961, 65.8002700806, -49.2492103577, 89.8318481445, -2.31393313408, 161.941436768, -30.5336799622, 73.9310150146, -36.1716346741, 41.3798408508], [335.47177124, -247.293121338, 30.0817737579, -28.7633934021, 4.2153878212, 36.3853569031, -74.437171936, 69.7430801392, -30.5336799622, 132.730819702, -37.0702934265, 57.1224403381, -45.6696548462], [-404.731506348, 283.762054443, -16.3153305054, 40.0792541504, 49.541519165, -29.3269481659, 110.216621399, -45.655166626, 73.9310150146, -37.0702934265, 129.21673584, -22.8988800049, 45.1935119629], [245.771621704, -217.903442383, 27.7088909149, 1.09760653973, -10.9169406891, -9.99124908447, -60.8671226501, 56.1644630432, -36.1716346741, 57.1224403381, -22.8988800049, 112.780197144, -27.4619407654], [-237.791503906, 197.077972412, -18.5277919769, 9.54110431671, 10.6934022903, -4.82855844498, 43.5204734802, -33.2132492065, 41.3798408508, -45.6696548462, 45.1935119629, -27.4619407654, 95.9233627319]],
        "icov": [[0.000792715756688, 0.000273920682957, 0.000822210276965, -0.000101702462416, 0.000465675548185, -0.00082411832409, 0.000301858788589, -0.000494636653457, 0.000385325984098, -0.000485722615849, 0.000665445928462, -0.000431656750152, 0.000335074437317], [0.000273920682957, 0.00560637190938, -0.00123684678692, 0.00422653974965, -0.00287503004074, 0.00344532518648, -0.00261221011169, 0.00134018599056, -0.00173362367786, 0.00305382790975, -0.00432847859338, 0.00453692302108, -0.00381560600363], [0.000822210276965, -0.00123684678692, 0.00350656919181, -0.00158441741951, 0.000523815746419, -0.00182479328942, 0.00160967721604, -0.00134296482429, -0.000287292641588, -0.00126068782993, 0.00257132411934, -0.00209911377169, 0.00178001855966], [-0.000101702462416, 0.00422653974965, -0.00158441741951, 0.00648456579074, -0.000390604604036, 0.00291286455467, -0.00325776170939, 0.00146082486026, -0.00321433786303, 0.00272069708444, -0.0037364710588, 0.00267073628493, -0.00250572594814], [0.000465675548185, -0.00287503004074, 0.000523815746419, -0.000390604604036, 0.00757531682029, -0.00292354100384, -0.000133847061079, -0.0015259354841, -0.000583216256928, -0.00263161631301, 0.00195609545335, -0.00328893307596, 0.00287747615948], [-0.00082411832409, 0.00344532518648, -0.00182479328942, 0.00291286455467, -0.00292354100384, 0.0112016303465, -0.00288581242785, -4.80559137941e-05, 0.00168941717129, -0.000168319354998, -0.0032664842438, 0.0068194726482, -0.00489887222648], [0.000301858788589, -0.00261221011169, 0.00160967721604, -0.00325776170939, -0.000133847061079, -0.00288581242785, 0.00759041355923, -0.000379953242373, 0.000263275782345, 8.22705897008e-06, -0.000719174335245, -0.00141907832585, 0.00286735990085], [-0.000494636653457, 0.00134018599056, -0.00134296482429, 0.00146082486026, -0.0015259354841, -4.80559137941e-05, -0.000379953242373, 0.0106208464131, -0.0039939857088, -0.00111507519614, 0.00124639517162, -0.00222333846614, -0.00039853079943], [0.000385325984098, -0.00173362367786, -0.000287292641588, -0.00321433786303, -0.000583216256928, 0.00168941717129, 0.000263275782345, -0.0039939857088, 0.0141601469368, -0.00237451423891, -0.00272933417, 0.00291558983736, -0.00168944569305], [-0.000485722615849, 0.00305382790975, -0.00126068782993, 0.00272069708444, -0.00263161631301, -0.000168319354998, 8.22705897008e-06, -0.00111507519614, -0.00237451423891, 0.0157174579799, -0.00365630839951, -0.00151913089212, 0.00169788417406], [0.000665445928462, -0.00432847859338, 0.00257132411934, -0.0037364710588, 0.00195609545335, -0.0032664842438, -0.000719174335245, 0.00124639517162, -0.00272933417, -0.00365630839951, 0.0197067093104, -0.00652243755758, 7.09418163751e-05], [-0.000431656750152, 0.00453692302108, -0.00209911377169, 0.00267073628493, -0.00328893307596, 0.0068194726482, -0.00141907832585, -0.00222333846614, 0.00291558983736, -0.00151913089212, -0.00652243755758, 0.0191174820065, -0.0039133601822], [0.000335074437317, -0.00381560600363, 0.00178001855966, -0.00250572594814, 0.00287747615948, -0.00489887222648, 0.00286735990085, -0.00039853079943, -0.00168944569305, 0.00169788417406, 7.09418163751e-05, -0.0039133601822, 0.0180650800467]]
    },
    "melbands": {
        "dmean": [0.00216941838153, 0.00200965022668, 0.00112709251698, 0.000639153586235, 0.000414075417211, 0.000483353913296, 0.000273035198916, 0.000129522333737, 9.47669250309e-05, 9.40489699133e-05, 0.00011429098231, 7.14572306606e-05, 7.07136132405e-05, 5.37338601134e-05, 4.73209729535e-05, 3.1584440876e-05, 3.50403643097e-05, 4.29985047958e-05, 2.79882970062e-05, 1.69713730429e-05, 1.11317040137e-05, 7.83203176979e-06, 6.911426226e-06, 6.09038261246e-06, 3.80401183975e-06, 3.66379663319e-06, 3.22858113577e-06, 2.70050145446e-06, 2.04318166652e-06, 1.76393200491e-06, 1.85562794286e-06, 2.08802293855e-06, 1.66428367265e-06, 1.653152367e-06, 1.76112359895e-06, 1.31674153181e-06, 1.09131974568e-06, 7.97944210262e-07, 5.80466178235e-07, 3.80455531968e-07],
        "dmean2": [0.00324703054503, 0.00338108791038, 0.0019158545183, 0.0010940664215, 0.000731715874281, 0.000832394231111, 0.000460276205558, 0.000204044088605, 0.000149445768329, 0.000146628197399, 0.000183521100553, 0.000116088296636, 0.00011275907309, 8.87951173354e-05, 7.69533435232e-05, 5.02804323332e-05, 5.63898502151e-05, 6.77293719491e-05, 4.58109097963e-05, 2.73821642622e-05, 1.73336138687e-05, 1.22038391055e-05, 1.06017350845e-05, 9.33851060836e-06, 5.9727885855e-06, 5.74210571358e-06, 4.99882071381e-06, 4.20012611357e-06, 3.16211094287e-06, 2.6322290978e-06, 2.66597294285e-06, 2.98218537864e-06, 2.43773342845e-06, 2.55244276559e-06, 2.63547235591e-06, 2.06127106139e-06, 1.77397146217e-06, 1.32619561555e-06, 9.46785178257e-07, 6.06459821029e-07],
        "dvar": [3.42958774127e-05, 3.40085425705e-05, 3.0956550745e-06, 9.92400487121e-07, 6.25182963176e-07, 1.26193106098e-06, 3.78513817623e-07, 9.7197791149e-08, 2.91888078152e-08, 2.25605685245e-08, 4.10536244999e-08, 1.794327531e-08, 2.26804264258e-08, 1.3842230473e-08, 1.06034736547e-08, 6.10780759303e-09, 3.33879657255e-09, 5.62159296891e-09, 3.26567861642e-09, 8.71548555548e-10, 3.97223254289e-10, 2.23298990409e-10, 1.60544869066e-10, 1.10936336506e-10, 4.40565015025e-11, 6.10037853566e-11, 8.41515260253e-11, 3.62189063463e-11, 2.06865705121e-11, 1.21790832627e-11, 2.73014215402e-11, 2.30314899097e-11, 1.75825222437e-11, 1.64416050219e-11, 1.50200685223e-11, 1.01223994464e-11, 8.15858665348e-12, 4.21601946063e-12, 1.82415822898e-12, 7.36927283519e-13],
        "dvar2": [5.7304292568e-05, 9.43230552366e-05, 8.40672964841e-06, 2.55536519944e-06, 1.76307639776e-06, 3.60783906217e-06, 1.02840647287e-06, 2.32149616863e-07, 6.62272228169e-08, 5.14506233174e-08, 1.00868220443e-07, 4.45905712354e-08, 5.71508671499e-08, 3.76190598672e-08, 2.77670686444e-08, 1.58619481994e-08, 8.01329047562e-09, 1.33432456195e-08, 8.24355605999e-09, 2.03728012238e-09, 9.55722501139e-10, 5.106949863e-10, 3.47063822126e-10, 2.58794125019e-10, 1.11837608618e-10, 1.48763668051e-10, 1.93059734865e-10, 8.45529202209e-11, 5.1063150236e-11, 2.67522427821e-11, 5.65802543706e-11, 4.40717254357e-11, 3.76585186646e-11, 3.71611040551e-11, 3.04018407671e-11, 2.27031726752e-11, 2.14733317933e-11, 1.15284379265e-11, 4.74869492686e-12, 1.7732812831e-12],
        "max": [0.0530652925372, 0.0542311295867, 0.0186493936926, 0.0070591350086, 0.00647873058915, 0.0137814674526, 0.00678230356425, 0.00579793192446, 0.00354972505011, 0.00189602223691, 0.00268231495284, 0.0014373465674, 0.0021345843561, 0.00178968522232, 0.00145672366489, 0.00138781126589, 0.000593503238633, 0.00124186847825, 0.000619291095063, 0.000384967279388, 0.00019724642334, 0.000225997078815, 0.000293947668979, 0.000142109609442, 0.000120918215543, 0.000174428962055, 0.000216978325625, 0.000113124304335, 0.000108808133518, 5.83546061534e-05, 0.000123283389257, 0.00011421275849, 8.30436329124e-05, 0.000115416267363, 0.000107703293907, 7.42437332519e-05, 3.87818581657e-05, 2.56359799096e-05, 1.81738996616e-05, 8.86734051164e-06],
        "mean": [0.00351078086533, 0.00301493471488, 0.00171304750256, 0.000988562125713, 0.000587408314459, 0.00066426594276, 0.00036071438808, 0.000194008549443, 0.000155252477271, 0.000153049273649, 0.000177041947609, 0.000106105449959, 0.000113809779577, 7.43675409467e-05, 6.70064619044e-05, 4.32325359725e-05, 5.46734954696e-05, 5.67845781916e-05, 3.4286724258e-05, 2.32226884691e-05, 1.67189191416e-05, 1.1850811461e-05, 1.13419537229e-05, 1.02393723864e-05, 7.05655975253e-06, 6.43768180453e-06, 5.58804822504e-06, 4.72392366646e-06, 3.87373711419e-06, 3.1434290122e-06, 3.32536478709e-06, 3.88521539207e-06, 3.09928373099e-06, 2.88679825644e-06, 3.00355259242e-06, 1.98879638447e-06, 1.43854776979e-06, 9.6881024092e-07, 6.84229632952e-07, 4.77249841424e-07],
        "median": [0.00147464056499, 0.00194430840202, 0.00105985673144, 0.000663610058837, 0.00036406077561, 0.000329283473548, 0.00014261022443, 6.64262406644e-05, 8.22538204375e-05, 8.28028933029e-05, 7.27489968995e-05, 5.41815097677e-05, 4.04964957852e-05, 2.38995471591e-05, 1.65391575138e-05, 1.31183423946e-05, 2.24067571253e-05, 1.81524683285e-05, 9.52964091994e-06, 7.51425432099e-06, 5.41503231943e-06, 4.72239025839e-06, 4.21625509262e-06, 3.84796840081e-06, 2.91174842459e-06, 2.53406801676e-06, 1.98939096663e-06, 1.67534972206e-06, 1.23588813494e-06, 8.49810362524e-07, 5.95844483087e-07, 6.41531130441e-07, 5.60212754408e-07, 5.28055579707e-07, 4.63678134111e-07, 3.51368527163e-07, 2.90068896902e-07, 2.00683871299e-07, 1.41613966775e-07, 8.85461233224e-08],
        "min": [6.4426562858e-06, 2.94157252938e-05, 1.92580519069e-05, 2.14622778003e-05, 9.16498447623e-06, 3.31450314661e-06, 1.37718666338e-06, 2.15115008473e-07, 2.52030048387e-07, 2.56715367186e-07, 2.17365879962e-07, 4.82085589226e-08, 7.04820806163e-08, 1.55961998871e-08, 3.20268966902e-08, 2.62705928122e-08, 4.74120618321e-08, 1.29909125235e-07, 7.19519874792e-08, 3.92747026012e-08, 2.08827302117e-08, 2.3362208168e-08, 8.26542478904e-09, 5.27888976976e-09, 2.25144836108e-09, 4.63892835256e-09, 3.92100130142e-09, 2.58549315291e-09, 1.49299983487e-09, 8.89948836846e-10, 1.55494672693e-10, 2.10794923183e-11, 5.90640369946e-10, 4.910317708e-10, 4.91193974383e-10, 5.06382748233e-11, 1.10234792215e-12, 6.31784694005e-11, 4.83812805357e-13, 5.33827776634e-14],
