{
"highlevel": {
    "danceability": {
        "all": {
            "danceable": 0.963930010796,
            "not_danceable": 0.0360699631274
        },
        "probability": 0.963930010796,
        "value": "danceable"
    },
    "gender": {
        "all": {
            "female": 0.59150236845,
            "male": 0.408497661352
        },
        "probability": 0.59150236845,
        "value": "female"
    },
    "genre_dortmund": {
        "all": {
            "alternative": 0.06329639256,
            "blues": 0.0773076787591,
            "electronic": 0.0230020750314,
            "folkcountry": 0.0690112560987,
            "funksoulrnb": 0.0170080531389,
            "jazz": 0.0696038678288,
            "pop": 0.0709531381726,
            "raphiphop": 0.0619749873877,
            "rock": 0.547842562199
        },
        "probability": 0.547842562199,
        "value": "rock"
    },
    "genre_electronic": {
        "all": {
            "ambient": 0.185573846102,
            "dnb": 0.156081184745,
            "house": 0.108382768929,
            "techno": 0.029431335628,
            "trance": 0.520530879498
        },
        "probability": 0.520530879498,
        "value": "trance"
    },
    "genre_rosamerica": {
        "all": {
            "cla": 0.00608500791714,
            "dan": 0.294471085072,
            "hip": 0.502121567726,
            "jaz": 0.0331986658275,
            "pop": 0.0679787099361,
            "rhy": 0.0418415181339,
            "roc": 0.0446942448616,
            "spe": 0.00960919540375
        },
        "probability": 0.502121567726,
        "value": "hip"
    },
    "genre_tzanetakis": {
        "all": {
            "blu": 0.0626541376114,
            "cla": 0.0348133966327,
            "cou": 0.0783501937985,
            "dis": 0.104547761381,
            "hip": 0.15693578124,
            "jaz": 0.313987255096,
            "met": 0.044816005975,
            "pop": 0.0627349764109,
            "reg": 0.0627352520823,
            "roc": 0.0784252434969
        },
        "probability": 0.313987255096,
        "value": "jaz"
    },
    "ismir04_rhythm": {
        "all": {
            "ChaChaCha": 0.163451313972,
            "Jive": 0.408443540335,
            "Quickstep": 0.0496315732598,
            "Rumba-American": 0.0145065998659,
            "Rumba-International": 0.0215112697333,
            "Rumba-Misc": 0.0100673604757,
            "Samba": 0.280974179506,
            "Tango": 0.00955398753285,
            "VienneseWaltz": 0.0339685343206,
            "Waltz": 0.00789165962487
        },
        "probability": 0.408443540335,
        "value": "Jive"
    },
    "mood_acoustic": {
        "all": {
            "acoustic": 0.00284732622094,
            "not_acoustic": 0.997152686119
        },
        "probability": 0.997152686119,
        "value": "not_acoustic"
    },
    "mood_aggressive": {
        "all": {
            "aggressive": 0.795538783073,
            "not_aggressive": 0.204461187124
        },
        "probability": 0.795538783073,
        "value": "aggressive"
    },
    "mood_electronic": {
        "all": {
            "electronic": 0.963159382343,
            "not_electronic": 0.0368406251073
        },
        "probability": 0.963159382343,
        "value": "electronic"
    },
    "mood_happy": {
        "all": {
            "happy": 0.658858835697,
            "not_happy": 0.341141164303
        },
        "probability": 0.658858835697,
        "value": "happy"
    },
    "mood_party": {
        "all": {
            "not_party": 0.556983292103,
            "party": 0.443016707897
        },
        "probability": 0.556983292103,
        "value": "not_party"
    },
    "mood_relaxed": {
        "all": {
            "not_relaxed": 0.472287893295,
            "relaxed": 0.527712106705
        },
        "probability": 0.527712106705,
        "value": "relaxed"
    },
    "mood_sad": {
        "all": {
            "not_sad": 0.488691717386,
            "sad": 0.511308252811
        },
        "probability": 0.511308252811,
        "value": "sad"
    },
    "moods_mirex": {
        "all": {
            "Cluster1": 0.138819515705,
            "Cluster2": 0.0532410033047,
            "Cluster3": 0.063478551805,
            "Cluster4": 0.0361030139029,
            "Cluster5": 0.708357930183
        },
        "probability": 0.708357930183,
        "value": "Cluster5"
    },
    "timbre": {
        "all": {
            "bright": 0.917192399502,
            "dark": 0.0828075781465
        },
        "probability": 0.917192399502,
        "value": "bright"
    },
    "tonal_atonal": {
        "all": {
            "atonal": 0.412481307983,
            "tonal": 0.587518692017
        },
        "probability": 0.587518692017,
        "value": "tonal"
    },
    "voice_instrumental": {
        "all": {
            "instrumental": 0.0223139729351,
            "voice": 0.977686047554
        },
        "probability": 0.977686047554,
        "value": "voice"
    }
},
"lowlevel": {
    "average_loudness": 0.974116742611,
    "barkbands_crest": {
        "dmean": 2.33178901672,
        "dmean2": 3.67250084877,
        "dvar": 5.93410396576,
        "dvar2": 12.3823461533,
        "max": 24.298116684,
        "mean": 8.9219751358,
        "median": 7.61358785629,
        "min": 2.58328151703,
        "var": 21.6402378082
    },
    "barkbands_flatness_db": {
        "dmean": 0.0161107331514,
        "dmean2": 0.0256235729903,
        "dvar": 0.000217721899389,
        "dvar2": 0.000477774592582,
        "max": 0.230692073703,
        "mean": 0.110270924866,
        "median": 0.104544080794,
        "min": 0.0385525822639,
        "var": 0.000929711328354
    },
    "barkbands_kurtosis": {
        "dmean": 1.13860046864,
        "dmean2": 1.78583347797,
        "dvar": 2.64277482033,
        "dvar2": 5.50322341919,
        "max": 22.9892501831,
        "mean": 0.607080578804,
        "median": -0.497775554657,
        "min": -1.85014903545,
        "var": 9.98159885406
    },
    "barkbands_skewness": {
        "dmean": 0.4325478971,
        "dmean2": 0.66335529089,
        "dvar": 0.166093081236,
        "dvar2": 0.378982901573,
        "max": 4.4038438797,
        "mean": 0.629631519318,
        "median": 0.564893007278,
        "min": -2.12709712982,
        "var": 1.16176462173
    },
    "barkbands_spread": {
        "dmean": 9.65225696564,
        "dmean2": 14.4624729156,
        "dvar": 90.7571258545,
        "dvar2": 185.575073242,
        "max": 101.40309906,
        "mean": 46.3020629883,
        "median": 45.5340538025,
        "min": 5.89814376831,
        "var": 398.431396484
    },
    "dissonance": {
        "dmean": 0.012528186664,
        "dmean2": 0.020804034546,
        "dvar": 0.000140163640026,
        "dvar2": 0.000376278039766,
        "max": 0.499541848898,
        "mean": 0.472890228033,
        "median": 0.476900011301,
        "min": 0.384515881538,
        "var": 0.000356945296517
    },
    "dynamic_complexity": 1.82345116138,
    "erbbands_crest": {
        "dmean": 2.47718024254,
        "dmean2": 3.82566571236,
        "dvar": 7.51143360138,
        "dvar2": 14.694029808,
        "max": 33.1798782349,
        "mean": 9.24804210663,
        "median": 7.35824251175,
        "min": 2.45248532295,
        "var": 30.6358547211
    },
    "erbbands_flatness_db": {
        "dmean": 0.0145189426839,
        "dmean2": 0.02079555206,
        "dvar": 0.000217521796003,
        "dvar2": 0.000392489746446,
        "max": 0.301174581051,
        "mean": 0.142545819283,
        "median": 0.135730355978,
        "min": 0.085351601243,
        "var": 0.000980103155598
    },
    "erbbands_kurtosis": {
        "dmean": 0.771934509277,
        "dmean2": 1.17980718613,
        "dvar": 1.23241961002,
        "dvar2": 2.49813508987,
        "max": 22.5422744751,
        "mean": 0.0786660760641,
        "median": -0.466724157333,
        "min": -1.77410006523,
        "var": 3.92432665825
    },
    "erbbands_skewness": {
        "dmean": 0.350333362818,
        "dmean2": 0.529571771622,
        "dvar": 0.113597631454,
        "dvar2": 0.240744382143,
        "max": 3.30642008781,
        "mean": -0.0339183174074,
        "median": -0.111914664507,
        "min": -1.93525266647,
        "var": 0.702505230904
    },
    "erbbands_spread": {
        "dmean": 10.5425701141,
        "dmean2": 15.7424020767,
        "dvar": 109.608322144,
        "dvar2": 234.565093994,
        "max": 120.590400696,
        "mean": 55.147228241,
        "median": 53.9866104126,
        "min": 3.79494833946,
        "var": 493.967651367
    },
    "hfc": {
        "dmean": 14.0069313049,
        "dmean2": 18.9850730896,
        "dvar": 314.604766846,
        "dvar2": 579.835083008,
        "max": 189.199859619,
        "mean": 52.8039703369,
        "median": 41.5464248657,
        "min": 4.49457740784,
        "var": 1514.26977539
    },
    "melbands_crest": {
        "dmean": 3.12521600723,
        "dmean2": 4.92863798141,
        "dvar": 9.20578765869,
        "dvar2": 20.4492225647,
        "max": 31.6213932037,
        "mean": 12.48645401,
        "median": 11.2588224411,
        "min": 2.33669161797,
        "var": 31.9576416016
    },
    "melbands_flatness_db": {
        "dmean": 0.020967092365,
        "dmean2": 0.0322962850332,
        "dvar": 0.000372210983187,
        "dvar2": 0.000820836576167,
        "max": 0.301285207272,
        "mean": 0.115282207727,
        "median": 0.113475032151,
        "min": 0.0157546326518,
        "var": 0.00253647356294
    },
    "melbands_kurtosis": {
        "dmean": 4.03974676132,
        "dmean2": 6.453602314,
        "dvar": 28.5650005341,
        "dvar2": 68.9284820557,
        "max": 87.0213699341,
        "mean": 8.40422439575,
        "median": 5.33061790466,
        "min": -1.57742154598,
        "var": 111.330093384
    },
    "melbands_skewness": {
        "dmean": 0.593058526516,
        "dmean2": 0.914233267307,
        "dvar": 0.346664011478,
        "dvar2": 0.802147865295,
        "max": 7.94324922562,
        "mean": 2.24862837791,
        "median": 2.19794893265,
        "min": -1.57438397408,
        "var": 1.75868368149
    },
    "melbands_spread": {
        "dmean": 15.4995632172,
        "dmean2": 24.486120224,
        "dvar": 294.020355225,
        "dvar2": 693.036499023,
        "max": 187.686767578,
        "mean": 60.0132522583,
        "median": 50.1939125061,
        "min": 5.1581993103,
        "var": 1591.23303223
    },
    "pitch_salience": {
        "dmean": 0.0652195140719,
        "dmean2": 0.104187056422,
        "dvar": 0.00359651143663,
        "dvar2": 0.00795241631567,
        "max": 0.810215950012,
        "mean": 0.564008295536,
        "median": 0.572712182999,
        "min": 0.204643055797,
        "var": 0.0123289637268
    },
    "silence_rate_20dB": {
        "dmean": 0,
        "dmean2": 0,
        "dvar": 0,
        "dvar2": 0,
        "max": 1,
        "mean": 1,
        "median": 1,
        "min": 1,
        "var": 0
    },
    "silence_rate_30dB": {
        "dmean": 0,
        "dmean2": 0,
        "dvar": 0,
        "dvar2": 0,
        "max": 1,
        "mean": 1,
        "median": 1,
        "min": 1,
        "var": 0
    },
    "silence_rate_60dB": {
        "dmean": 0.00464396271855,
        "dmean2": 0.00929511990398,
        "dvar": 0.00462232157588,
        "dvar2": 0.0123073514551,
        "max": 1,
        "mean": 0.00309358071536,
        "median": 0,
        "min": 0,
        "var": 0.00308398925699
    },
    "spectral_centroid": {
        "dmean": 316.60647583,
        "dmean2": 501.396697998,
        "dvar": 100101.085938,
        "dvar2": 227068.875,
        "max": 4106.09423828,
        "mean": 2176.41162109,
        "median": 2154.17749023,
        "min": 496.517486572,
        "var": 674671
    },
    "spectral_complexity": {
        "dmean": 4.28328180313,
        "dmean2": 6.36870622635,
        "dvar": 18.0388355255,
        "dvar2": 33.2970275879,
        "max": 53,
        "mean": 21.8546009064,
        "median": 20,
        "min": 4,
        "var": 94.5680236816
    },
    "spectral_decrease": {
        "dmean": 1.53373047596e-09,
        "dmean2": 2.29045271638e-09,
        "dvar": 3.07060362164e-18,
        "dvar2": 6.81856063148e-18,
        "max": -4.08903272353e-10,
        "mean": -5.32671018405e-09,
        "median": -5.12128028873e-09,
        "min": -1.59884265827e-08,
        "var": 8.00979418496e-18
    },
    "spectral_energy": {
        "dmean": 0.00645516300574,
        "dmean2": 0.00934999994934,
        "dvar": 5.36168117833e-05,
        "dvar2": 0.000110398766992,
        "max": 0.0636212453246,
        "mean": 0.0248937252909,
        "median": 0.0246099252254,
        "min": 0.00202524103224,
        "var": 0.000152576598339
    },
    "spectral_energyband_high": {
        "dmean": 0.00149583944585,
        "dmean2": 0.00204064603895,
        "dvar": 4.65547782369e-06,
        "dvar2": 8.5635092546e-06,
        "max": 0.0229377038777,
        "mean": 0.00476835714653,
        "median": 0.00301080849022,
        "min": 0.000173316118889,
        "var": 2.26991232921e-05
    },
    "spectral_energyband_low": {
        "dmean": 0.00208238838241,
        "dmean2": 0.00297495909035,
        "dvar": 7.62803847465e-06,
        "dvar2": 1.35594727908e-05,
        "max": 0.0297806877643,
        "mean": 0.00434639677405,
        "median": 0.00256196944974,
        "min": 6.62916136207e-05,
        "var": 2.3348868126e-05
    },
    "spectral_energyband_middle_high": {
        "dmean": 0.00173851195723,
        "dmean2": 0.00240907655098,
        "dvar": 7.07529079591e-06,
        "dvar2": 1.22673000078e-05,
        "max": 0.0581849515438,
        "mean": 0.00569989578798,
        "median": 0.00397988827899,
        "min": 0.000287788570859,
        "var": 3.39518737746e-05
    },
    "spectral_energyband_middle_low": {
        "dmean": 0.00444501871243,
        "dmean2": 0.00720064667985,
        "dvar": 3.54149924533e-05,
        "dvar2": 8.50799551699e-05,
        "max": 0.0584120377898,
        "mean": 0.0105713047087,
        "median": 0.00804243143648,
        "min": 0.000332008232363,
        "var": 7.93450162746e-05
    },
    "spectral_entropy": {
        "dmean": 0.136707484722,
        "dmean2": 0.188870549202,
        "dvar": 0.019172558561,
        "dvar2": 0.0311637427658,
        "max": 8.62319374084,
        "mean": 8.03358268738,
        "median": 8.0918674469,
        "min": 6.88009786606,
        "var": 0.0977883189917
    },
    "spectral_flux": {
        "dmean": 0.0226932652295,
        "dmean2": 0.0358512327075,
        "dvar": 0.000590056937654,
        "dvar2": 0.00144313240889,
        "max": 0.201476812363,
        "mean": 0.0847963169217,
        "median": 0.0793494135141,
        "min": 0.025540234521,
        "var": 0.00111765146721
    },
    "spectral_kurtosis": {
        "dmean": 0.475141435862,
        "dmean2": 0.729039251804,
        "dvar": 0.235965192318,
        "dvar2": 0.501527011395,
        "max": 5.03035545349,
        "mean": 0.773827016354,
        "median": 0.572397470474,
        "min": -0.72754573822,
        "var": 0.918067395687
    },
    "spectral_rms": {
        "dmean": 0.000669054628816,
        "dmean2": 0.000962039164733,
        "dvar": 5.61822957934e-07,
        "dvar2": 1.10643713924e-06,
        "max": 0.00787841994315,
        "mean": 0.00475525623187,
        "median": 0.00489996746182,
        "min": 0.00140564749017,
        "var": 1.6740374349e-06
    },
    "spectral_rolloff": {
        "dmean": 1158.54321289,
        "dmean2": 1908.6003418,
        "dvar": 2295413.5,
        "dvar2": 4910012,
        "max": 9625.34179688,
        "mean": 4634.75488281,
        "median": 3919.04296875,
        "min": 172.265625,
        "var": 8735149
    },
    "spectral_skewness": {
        "dmean": 0.118187315762,
        "dmean2": 0.175571650267,
        "dvar": 0.012604130432,
        "dvar2": 0.022754823789,
        "max": 2.06174874306,
        "mean": 0.905333101749,
        "median": 0.893822968006,
        "min": 0.285596698523,
        "var": 0.0651822462678
    },
    "spectral_spread": {
        "dmean": 555003.375,
        "dmean2": 811011,
        "dvar": 332274958336,
        "dvar2": 614105612288,
        "max": 15308751,
        "mean": 6685750.5,
        "median": 6641254.5,
        "min": 3536429.75,
        "var": 1.40462863155e+12
    },
    "spectral_strongpeak": {
        "dmean": 1.20200240612,
        "dmean2": 1.96676683426,
        "dvar": 4.90178346634,
        "dvar2": 11.9492969513,
        "max": 23.8225879669,
        "mean": 1.9210883379,
        "median": 0.945623636246,
        "min": 0,
        "var": 7.37877702713
    },
    "zerocrossingrate": {
        "dmean": 0.017299214378,
        "dmean2": 0.0196753516793,
        "dvar": 0.00026689824881,
        "dvar2": 0.000301452324493,
        "max": 0.2958984375,
        "mean": 0.143453478813,
        "median": 0.13671875,
        "min": 0.02587890625,
        "var": 0.00346765527502
    },
    "barkbands": {
        "dmean": [0.000350070826244, 0.00136848923285, 0.000672912923619, 0.00106946425512, 0.000921907369047, 0.0010610158788, 0.00214004423469, 0.00075498665683, 0.000320779945469, 0.000194125517737, 8.73502212926e-05, 0.000120115721074, 0.000327898684191, 0.000450096966233, 0.000276246690191, 0.000201331058634, 0.000436954927864, 0.000357577140676, 0.000334553449648, 0.000369781599147, 0.000204491894692, 0.000212239217944, 0.000434581161244, 0.00065372872632, 0.000317846046528, 7.59685599405e-06, 3.95199872827e-09],
        "dmean2": [0.000629092217423, 0.00195502559654, 0.000985856517218, 0.00178768392652, 0.00154680130072, 0.00177014875226, 0.00340154510923, 0.00115460599773, 0.000499298912473, 0.000308853806928, 0.000141239812365, 0.000191220387933, 0.000506049778778, 0.000616056728177, 0.00040711145266, 0.000291243602987, 0.000623443920631, 0.000557750463486, 0.000515440769959, 0.000558941217605, 0.000312200252665, 0.000320103717968, 0.000657554075588, 0.000969125656411, 0.000475381617434, 1.1919915778e-05, 4.86098761243e-09],
        "dvar": [1.7769470162e-07, 5.05840307596e-06, 1.10912128548e-06, 3.85718431062e-06, 2.67166319645e-06, 4.83072517454e-06, 1.75996065082e-05, 3.27557131641e-06, 6.19763341092e-07, 1.09486585131e-07, 2.17293116833e-08, 4.19926493578e-08, 4.30139607488e-07, 3.13682380693e-06, 2.75697431107e-07, 2.38174962419e-07, 9.13829751426e-07, 4.88257285269e-07, 5.08829202772e-07, 3.92814769157e-07, 9.77867742336e-08, 1.15106786325e-07, 3.8221099885e-07, 9.69116626948e-07, 2.26228820566e-07, 9.61927690279e-11, 8.62220756218e-15],
        "dvar2": [5.54043765533e-07, 9.53456219577e-06, 1.91176059161e-06, 9.62138346949e-06, 6.72223313813e-06, 1.13626629172e-05, 3.8978025259e-05, 6.71623820381e-06, 1.17448257697e-06, 2.4377359864e-07, 5.35125224133e-08, 9.08980339887e-08, 8.16563556327e-07, 5.46668388779e-06, 5.18770946201e-07, 3.1560870184e-07, 1.68864846728e-06, 1.06325251181e-06, 1.08555536826e-06, 7.9666892816e-07, 2.18105924432e-07, 2.81691086457e-07, 8.13461497273e-07, 2.05249421015e-06, 4.80938865621e-07, 2.24320811926e-10, 8.62499514761e-15],
        "max": [0.00291710114107, 0.0275614541024, 0.0130132697523, 0.0235533341765, 0.0223470032215, 0.0277376044542, 0.0572547018528, 0.0328253284097, 0.0126658687368, 0.0049263285473, 0.0022642838303, 0.0047982824035, 0.00956367701292, 0.0559192374349, 0.0101142944768, 0.0110619105399, 0.0169787313789, 0.0124698337168, 0.0104190912098, 0.0102488389239, 0.00574017968029, 0.00511275976896, 0.00833616871387, 0.0101040406153, 0.00400368589908, 0.000112253146654, 3.31471323989e-06],
        "mean": [0.000327864574501, 0.00249890750274, 0.00108782807365, 0.00126996426843, 0.00134831527248, 0.00176547002047, 0.00401618890464, 0.00142429955304, 0.000613938376773, 0.000380414363462, 0.000141436932608, 0.000196459906874, 0.000624370703008, 0.000999166863039, 0.000492979714181, 0.000389303895645, 0.00081081915414, 0.00063833326567, 0.000631687347777, 0.000770312151872, 0.000518429325894, 0.000507559685502, 0.00114222068805, 0.00161465909332, 0.000669210101478, 1.35811351356e-05, 3.75658570917e-09],
        "median": [0.000180548246135, 0.000939299585298, 0.00058227108093, 0.00048287230311, 0.000656980555505, 0.000472494226415, 0.00117351592053, 0.000330715236487, 0.000191794446437, 0.000171547799255, 8.39902131702e-05, 0.000104138234747, 0.000217775188503, 0.000200320282602, 0.000228125412832, 0.00014792685397, 0.000277336803265, 0.000331345538143, 0.000316690682666, 0.000451599975349, 0.000297633348964, 0.000256032624748, 0.00071680668043, 0.00097007851582, 0.000345805863617, 9.03623367776e-06, 3.96484067799e-10],
        "min": [5.00326052588e-07, 5.7831812228e-06, 1.89653871985e-06, 3.26768304149e-06, 1.77010570042e-05, 1.58279272e-05, 7.04849026079e-06, 6.18975536781e-06, 2.87980378744e-06, 1.42976819006e-06, 1.85898682048e-06, 2.6958853141e-06, 5.82442226005e-06, 2.54724727711e-06, 5.89661749473e-06, 3.15051670441e-06, 4.44701936431e-06, 2.51053152169e-05, 1.69971208379e-05, 2.56206167251e-05, 2.37079602812e-05, 2.32880374824e-05, 3.08495946229e-05, 4.24005993409e-05, 1.11880099212e-05, 1.17428552993e-10, 1.81905029234e-11],
        "var": [1.66385760281e-07, 1.60590625455e-05, 2.39879500441e-06, 5.64321044294e-06, 4.42996497441e-06, 1.11916133392e-05, 4.52887543361e-05, 1.1217482097e-05, 1.94869971892e-06, 3.16198651262e-07, 3.64715369017e-08, 9.82339045663e-08, 1.28807494093e-06, 1.61558928085e-05, 7.64928699937e-07, 1.088122076e-06, 2.70752366305e-06, 1.09446216356e-06, 1.08070969418e-06, 1.01066279967e-06, 4.44207159944e-07, 4.76521847759e-07, 1.38036091357e-06, 2.99455905406e-06, 5.61671129162e-07, 1.85658183272e-10, 8.62043895739e-15]
    },
    "erbbands": {
        "dmean": [0.0246129985899, 0.361572474241, 0.798848628998, 2.00109004974, 4.54056978226, 2.21263694763, 3.55611491203, 10.5433931351, 25.8443698883, 24.7880954742, 17.8072738647, 6.52502393723, 5.38829374313, 5.68921327591, 2.69538855553, 5.60584020615, 10.4403371811, 29.2038059235, 10.4804143906, 12.9226808548, 13.717042923, 23.0709781647, 18.7878246307, 20.1149597168, 14.9789209366, 16.9425678253, 8.81682014465, 8.81444168091, 7.32135725021, 10.8826742172, 12.8434371948, 12.7432804108, 12.3087768555, 6.16626501083, 0.698434114456, 0.048287641257, 0.0180679932237, 0.00153496523853, 4.31471125921e-05, 1.38610421345e-05],
        "dmean2": [0.0368204824626, 0.517721414566, 1.16456460953, 3.17067027092, 7.96594047546, 3.64091086388, 5.70907020569, 17.7658042908, 41.006187439, 40.2313308716, 26.6454868317, 10.0227918625, 8.53695297241, 8.99782943726, 4.36179447174, 8.95204544067, 16.2004470825, 39.6843147278, 15.9673080444, 18.4643764496, 19.5712490082, 32.3494606018, 28.7345199585, 30.4438323975, 23.1637020111, 25.5254802704, 13.0949344635, 13.3779535294, 10.96463871, 16.5320148468, 19.7628364563, 19.0101261139, 18.6796989441, 9.04049110413, 1.03304839134, 0.0743778049946, 0.0281289163977, 0.0024841662962, 6.36310724076e-05, 1.85675708053e-05],
        "dvar": [0.00176431261934, 0.339181870222, 1.18755972385, 12.8275432587, 70.9047546387, 24.4841442108, 38.6246452332, 484.022399902, 3009.14135742, 2461.64233398, 1787.46984863, 228.031799316, 119.599372864, 112.578186035, 15.8208446503, 81.4531402588, 260.844451904, 11013.2412109, 374.653076172, 896.496398926, 919.440490723, 2437.76904297, 909.287658691, 2511.01171875, 708.983642578, 850.73449707, 172.034729004, 216.063903809, 153.295639038, 267.765106201, 345.022247314, 410.497283936, 354.941375732, 85.6177062988, 0.962289810181, 0.00423675449565, 0.000521392386872, 4.02533396482e-06, 3.21854298768e-09, 2.84673201678e-10],
        "dvar2": [0.00362643483095, 0.637093007565, 2.1559715271, 27.3346576691, 197.564346313, 46.6750869751, 87.6763458252, 1182.64953613, 6141.99169922, 6009.60546875, 3532.74487305, 438.691040039, 260.284454346, 245.385482788, 40.9174156189, 179.934417725, 534.292297363, 19141.9882812, 881.912963867, 1569.35925293, 1304.03393555, 4765.12451172, 1982.22216797, 5308.4765625, 1388.6776123, 1782.23120117, 359.335968018, 517.616943359, 381.72467041, 626.515808105, 748.486999512, 855.375305176, 829.240966797, 175.580291748, 2.02588415146, 0.00942903384566, 0.00125598243903, 1.05510889625e-05, 6.87836099189e-09, 5.06993780292e-10],
        "max": [0.541976451874, 7.00107145309, 11.4808292389, 53.312171936, 89.7239303589, 133.845611572, 77.766418457, 275.354736328, 641.110839844, 571.729125977, 855.01940918, 260.189758301, 268.346405029, 150.330200195, 61.2695236206, 204.004226685, 208.244522095, 3363.03662109, 347.479675293, 635.93927002, 705.010131836, 813.523986816, 407.463195801, 691.618286133, 519.002929688, 452.801208496, 282.847015381, 241.922622681, 196.823013306, 292.244354248, 229.631546021, 266.541656494, 199.949050903, 83.0078430176, 10.6933288574, 0.746756017208, 0.228012651205, 0.0231400299817, 0.000592848635279, 0.000161381947692],
        "mean": [0.04167028144, 0.66456836462, 1.43484306335, 2.83805251122, 5.01438570023, 3.84195804596, 6.15425872803, 17.2523784637, 51.5823669434, 44.2642860413, 35.671169281, 13.190782547, 11.2656030655, 10.9623556137, 5.13920497894, 10.2309741974, 22.1980018616, 66.3948516846, 20.8482036591, 24.2780513763, 29.4036159515, 44.7681427002, 35.7894515991, 38.7462768555, 32.2125854492, 35.5160331726, 22.1320495605, 20.2710666656, 18.3942584991, 26.2541446686, 32.8285980225, 30.2403812408, 28.6898021698, 13.4375667572, 1.5655862093, 0.101573877037, 0.032485011965, 0.00252521201037, 0.000120045922813, 5.42879897694e-05],
        "median": [0.0177258364856, 0.264548897743, 0.910518229008, 1.31678402424, 2.05691814423, 1.96078681946, 2.69724464417, 5.0362496376, 11.9460144043, 18.5460033417, 10.4131650925, 5.15313053131, 5.64254188538, 5.61944627762, 3.80506491661, 6.07586765289, 10.2902421951, 13.7735061646, 11.9436092377, 9.83716106415, 12.8540306091, 17.3859043121, 21.2246494293, 18.5619010925, 19.7866325378, 20.2860851288, 13.5288476944, 10.8352661133, 8.9027557373, 14.9311676025, 21.1359291077, 17.3470039368, 17.187921524, 7.10403728485, 0.913175284863, 0.0687184333801, 0.0213819649071, 0.00173282052856, 8.90950250323e-05, 4.61389281554e-05],
        "min": [0.000225265044719, 0.00144817365799, 0.00562737090513, 0.0293638277799, 0.0642390549183, 0.0639863014221, 0.0972135737538, 0.165187388659, 0.20987726748, 0.127543345094, 0.24105232954, 0.144622996449, 0.247155219316, 0.178542241454, 0.243946865201, 0.312491178513, 0.477996349335, 0.374887853861, 0.398308366537, 0.245117530227, 0.225530982018, 0.332585066557, 1.42445158958, 0.984840095043, 1.18742227554, 1.22276246548, 1.04258489609, 0.939546406269, 0.776084363461, 0.822189152241, 0.879386901855, 0.982410132885, 0.656398713589, 0.201898425817, 0.0370332784951, 0.00224857358262, 0.000523775990587, 7.06253413227e-05, 8.20744662633e-06, 4.76908689961e-06],
        "var": [0.00435695797205, 1.09256207943, 2.65221810341, 24.8528079987, 69.4799423218, 67.3346862793, 92.1627044678, 1019.68572998, 9091.55859375, 4735.68603516, 6326.69775391, 704.389465332, 377.45803833, 296.930603027, 23.6069965363, 189.564102173, 916.200500488, 58190.6992188, 878.918395996, 2662.1809082, 4333.77783203, 7029.73876953, 2020.5715332, 5640.07714844, 1729.87939453, 2081.50585938, 721.638793945, 737.099060059, 805.153076172, 996.566345215, 1076.18151855, 1107.04626465, 955.974853516, 217.890945435, 2.62274956703, 0.00981248077005, 0.0010039358167, 5.8171872297e-06, 8.63433502474e-09, 1.07810838035e-09]
    },
    "gfcc": {
        "mean": [41.6513786316, 45.4781837463, -119.25227356, 56.0186462402, -83.4973297119, 25.9734268188, -54.9239578247, 17.3230667114, -16.311712265, 3.91754126549, -2.19805026054, -10.3351402283, -13.7435426712],
        "cov": [[1250.09387207, -275.907714844, -2.66446113586, 115.093276978, -6.20091199875, 83.2095565796, -43.5747642517, -4.05883693695, -35.9974746704, 1.0727468729, -48.209312439, -11.7018413544, 18.2389583588], [-275.907714844, 512.735961914, 140.359527588, -134.092498779, 19.1983833313, -82.1885147095, 20.9070415497, -11.5275716782, 34.6018981934, 40.6056938171, 48.6170425415, 17.4743518829, -49.3456077576], [-2.66446113586, 140.359527588, 381.24041748, 76.9793014526, -58.4662666321, 73.518371582, 22.8630714417, -3.34359312057, -23.7119445801, 2.89440488815, 17.5508651733, 9.64570522308, 10.082775116], [115.093276978, -134.092498779, 76.9793014526, 197.113937378, 59.8671226501, 76.0720214844, 27.2571048737, 31.7524547577, -13.6536092758, -36.8784446716, -26.0891609192, -16.1887779236, 20.0608272552], [-6.20091199875, 19.1983833313, -58.4662666321, 59.8671226501, 194.019760132, 33.9347839355, 21.3094577789, 43.1441993713, 21.4469585419, 13.0186805725, -9.48818588257, -9.24268722534, -31.8843269348], [83.2095565796, -82.1885147095, 73.518371582, 76.0720214844, 33.9347839355, 137.130935669, 31.9767131805, 6.63642835617, -14.7764263153, -6.74609375, 4.04880571365, -14.8190393448, 20.73645401], [-43.5747642517, 20.9070415497, 22.8630714417, 27.2571048737, 21.3094577789, 31.9767131805, 80.1135559082, 42.0845298767, 5.43460941315, -2.11934757233, 2.27429580688, -2.51317214966, -4.94832372665], [-4.05883693695, -11.5275716782, -3.34359312057, 31.7524547577, 43.1441993713, 6.63642835617, 42.0845298767, 93.8122177124, 34.6593742371, -10.8469867706, -6.25412750244, -0.825597703457, -9.55405521393], [-35.9974746704, 34.6018981934, -23.7119445801, -13.6536092758, 21.4469585419, -14.7764263153, 5.43460941315, 34.6593742371, 75.6483917236, 41.2463302612, 18.9967727661, 9.92652320862, -11.9801530838], [1.0727468729, 40.6056938171, 2.89440488815, -36.8784446716, 13.0186805725, -6.74609375, -2.11934757233, -10.8469867706, 41.2463302612, 89.0764160156, 50.1195678711, 17.325466156, -12.8442230225], [-48.209312439, 48.6170425415, 17.5508651733, -26.0891609192, -9.48818588257, 4.04880571365, 2.27429580688, -6.25412750244, 18.9967727661, 50.1195678711, 82.2696685791, 35.4108200073, 1.15142166615], [-11.7018413544, 17.4743518829, 9.64570522308, -16.1887779236, -9.24268722534, -14.8190393448, -2.51317214966, -0.825597703457, 9.92652320862, 17.325466156, 35.4108200073, 70.5468673706, 31.0154399872], [18.2389583588, -49.3456077576, 10.082775116, 20.0608272552, -31.8843269348, 20.73645401, -4.94832372665, -9.55405521393, -11.9801530838, -12.8442230225, 1.15142166615, 31.0154399872, 78.5289993286]],
        "icov": [[0.00109737273306, -0.000246751122177, 0.000708703417331, -0.00114539870992, 0.00114830560051, -0.00141048443038, 0.00162827735767, -0.00137490697671, 0.00160769908689, -0.00219253473915, 0.00179863243829, -0.00120815820992, 0.000903147680219], [-0.000246751122177, 0.0085363695398, -0.00775584112853, 0.00893741380423, -0.00871559605002, 0.0088397860527, -0.00747934030369, 0.00770679861307, -0.00793080218136, 0.00907749030739, -0.00732115935534, 0.00538220722228, -0.00301614892669], [0.000708703417331, -0.00775584112853, 0.0111507792026, -0.0104327443987, 0.0108783524483, -0.0106777641922, 0.0074700997211, -0.00834677368402, 0.00945418328047, -0.0109885642305, 0.00791329145432, -0.00749685755, 0.00537677342072], [-0.00114539870992, 0.00893741380423, -0.0104327443987, 0.0190568529069, -0.0131345223635, 0.00795407313854, -0.00918927043676, 0.00795242935419, -0.0100198946893, 0.0142841059715, -0.00867690797895, 0.008495320566, -0.00711173471063], [0.00114830560051, -0.00871559605002, 0.0108783524483, -0.0131345223635, 0.0189055334777, -0.013358509168, 0.00988012552261, -0.0124151557684, 0.0107411844656, -0.0152731472626, 0.012084740214, -0.0103059895337, 0.00956459250301], [-0.00141048443038, 0.0088397860527, -0.0106777641922, 0.00795407313854, -0.013358509168, 0.0237387847155, -0.0135414376855, 0.0114215984941, -0.00913251377642, 0.0122807631269, -0.0137646766379, 0.0135259367526, -0.0104595692828], [0.00162827735767, -0.00747934030369, 0.0074700997211, -0.00918927043676, 0.00988012552261, -0.0135414376855, 0.0275393798947, -0.0186479464173, 0.0130091588944, -0.0133931310847, 0.00871265679598, -0.00731102423742, 0.00591803295538], [-0.00137490697671, 0.00770679861307, -0.00834677368402, 0.00795242935419, -0.0124151557684, 0.0114215984941, -0.0186479464173, 0.0317347422242, -0.022953921929, 0.0207494329661, -0.0099973352626, 0.00599952368066, -0.0034996108152], [0.00160769908689, -0.00793080218136, 0.00945418328047, -0.0100198946893, 0.0107411844656, -0.00913251377642, 0.0130091588944, -0.022953921929, 0.0372181385756, -0.0268122106791, 0.0112332487479, -0.00824135262519, 0.00517138605937], [-0.00219253473915, 0.00907749030739, -0.0109885642305, 0.0142841059715, -0.0152731472626, 0.0122807631269, -0.0133931310847, 0.0207494329661, -0.0268122106791, 0.041951905936, -0.0237707402557, 0.00993262045085, -0.00459151295945], [0.00179863243829, -0.00732115935534, 0.00791329145432, -0.00867690797895, 0.012084740214, -0.0137646766379, 0.00871265679598, -0.0099973352626, 0.0112332487479, -0.0237707402557, 0.034000813961, -0.0187494382262, 0.00878885854036], [-0.00120815820992, 0.00538220722228, -0.00749685755, 0.008495320566, -0.0103059895337, 0.0135259367526, -0.00731102423742, 0.00599952368066, -0.00824135262519, 0.00993262045085, -0.0187494382262, 0.0326468609273, -0.0172836966813], [0.000903147680219, -0.00301614892669, 0.00537677342072, -0.00711173471063, 0.00956459250301, -0.0104595692828, 0.00591803295538, -0.0034996108152, 0.00517138605937, -0.00459151295945, 0.00878885854036, -0.0172836966813, 0.0250833891332]]
    },
    "melbands": {
        "dmean": [0.000315668556141, 0.000445879792096, 0.000441757380031, 0.000240068024141, 0.000113046022307, 0.00023372870055, 0.000416719325585, 0.000242513604462, 0.00013543094974, 3.63633880625e-05, 2.75017082458e-05, 2.4366987418e-05, 9.84763664746e-06, 1.44554496728e-05, 1.71461269929e-05, 3.47692111973e-05, 5.87312024436e-05, 1.55579964485e-05, 2.01539169211e-05, 1.09612019514e-05, 1.99972291739e-05, 2.57468545897e-05, 1.8969998564e-05, 1.86773631867e-05, 1.82108033187e-05, 1.21119064715e-05, 1.53251730808e-05, 1.0716914403e-05, 6.3425004555e-06, 5.57428984393e-06, 5.58281681151e-06, 4.37343715021e-06, 4.92758726978e-06, 7.5175062193e-06, 8.1353027781e-06, 7.88376564742e-06, 8.56935457705e-06, 9.32598231884e-06, 8.01707301434e-06, 4.82866516904e-06],
        "dmean2": [0.000451830623206, 0.000648457324132, 0.00073032733053, 0.000415665941546, 0.000178483693162, 0.000389646971598, 0.000660550547764, 0.000392283982364, 0.000203748320928, 5.62446512049e-05, 4.36309564975e-05, 3.86414940294e-05, 1.59345181601e-05, 2.27574182645e-05, 2.79166215478e-05, 5.32088670298e-05, 7.93986109784e-05, 2.49403074122e-05, 2.95332247333e-05, 1.65042347362e-05, 2.81451484625e-05, 3.64440347767e-05, 2.83695408143e-05, 2.91092110274e-05, 2.74225221801e-05, 1.9310575226e-05, 2.28870430874e-05, 1.65361470863e-05, 9.79014657787e-06, 8.48257604957e-06, 8.65513266035e-06, 6.63663195155e-06, 7.54396387492e-06, 1.16720302685e-05, 1.26951908896e-05, 1.22480723803e-05, 1.3092865629e-05, 1.42140615935e-05, 1.22992360048e-05, 7.32254875402e-06],
        "dvar": [2.75222504342e-07, 3.33964919719e-07, 5.85456859881e-07, 1.88873698903e-07, 3.68577275367e-08, 2.29207074653e-07, 7.11184611646e-07, 2.12242568409e-07, 9.54590433366e-08, 6.76203804062e-09, 2.90110246937e-09, 2.19710716287e-09, 2.38096348193e-10, 7.18732129368e-10, 8.01819444174e-10, 4.8795096852e-09, 5.13628890531e-08, 9.04385233369e-10, 1.68556191227e-09, 3.98339722318e-10, 2.52286591618e-09, 4.05090316846e-09, 1.72044223312e-09, 1.28267396704e-09, 2.42481257295e-09, 5.45803624519e-10, 8.57427073786e-10, 3.28441523978e-10, 9.39339508954e-11, 8.24427123791e-11, 9.79062664275e-11, 5.20160685358e-11, 9.5614745288e-11, 1.23660928719e-10, 1.34787223049e-10, 1.38415195972e-10, 1.82456674769e-10, 1.9411557084e-10, 1.52486578919e-10, 4.97422797396e-11],
        "dvar2": [5.14190844569e-07, 6.41556425762e-07, 1.45954811615e-06, 5.07255151661e-07, 7.97070498493e-08, 5.50038976144e-07, 1.49842753672e-06, 5.18814772477e-07, 1.95857055019e-07, 1.30384316677e-08, 6.32749141971e-09, 4.82000439561e-09, 6.03873506755e-10, 1.4840370044e-09, 2.01739025485e-09, 9.08158526158e-09, 9.13094666544e-08, 2.16766782302e-09, 2.97140378969e-09, 7.97586496848e-10, 3.5524339026e-09, 7.93875987171e-09, 3.61139074201e-09, 2.86789103576e-09, 5.0777870797e-09, 1.13374065691e-09, 1.63710212053e-09, 7.73605013382e-10, 2.13629683388e-10, 1.83413562116e-10, 2.41600545126e-10, 1.21649690321e-10, 2.33721320075e-10, 2.90983431794e-10, 3.05479169738e-10, 3.07394221188e-10, 3.91206705919e-10, 4.60445653827e-10, 3.47169099024e-10, 1.04484657037e-10],
        "max": [0.00653581274673, 0.0054923039861, 0.00808103848249, 0.00545452488586, 0.00226965686306, 0.0061589893885, 0.0113116111606, 0.00584144936875, 0.00585181592032, 0.00141825096216, 0.00129394012038, 0.000705392507371, 0.000252333586104, 0.000686260813382, 0.000452585401945, 0.000969282758888, 0.00700437556952, 0.000553662655875, 0.000834148086142, 0.000382201891625, 0.00116410700139, 0.0012413545046, 0.000990497763269, 0.00058755709324, 0.000697454321198, 0.000412473425968, 0.000493228377309, 0.000256811705185, 0.000204802723601, 0.000184639968211, 0.00018615029694, 0.000124650861835, 0.000183220094186, 0.000187177109183, 0.000148147140862, 0.000136990100145, 0.000164893222973, 0.000141211232403, 0.000109636137495, 6.0998252593e-05],
        "mean": [0.00058514601551, 0.000832873629406, 0.000580915249884, 0.000310481758788, 0.000201476184884, 0.000390837143641, 0.000826421775855, 0.000440365925897, 0.000263664958766, 7.09411760909e-05, 5.55861370231e-05, 4.57606001874e-05, 1.69139639183e-05, 2.38124357566e-05, 3.21221887134e-05, 6.7256471084e-05, 0.000131565102492, 2.61103959929e-05, 3.58553843398e-05, 1.99626392714e-05, 4.14466339862e-05, 4.79260015709e-05, 3.4844953916e-05, 3.23172425851e-05, 3.1825973565e-05, 2.27471427934e-05, 2.77906747215e-05, 2.15427990042e-05, 1.39240992212e-05, 1.21346665765e-05, 1.14378681246e-05, 9.82601522992e-06, 1.03896027213e-05, 1.67846519616e-05, 1.93104497157e-05, 1.77603560587e-05, 1.87517362065e-05, 2.09564896068e-05, 1.66971331055e-05, 9.67011965258e-06],
        "median": [0.000233748054598, 0.000500587688293, 0.00027858215617, 0.000148301391164, 8.70156363817e-05, 0.000108095904579, 0.00022294295195, 0.000176474684849, 6.63118553348e-05, 2.67702798737e-05, 2.70187047136e-05, 2.14530919038e-05, 1.13163969218e-05, 1.15039956654e-05, 1.37535480462e-05, 2.53846883425e-05, 2.35126117332e-05, 1.39177591336e-05, 1.4452497453e-05, 1.01993855424e-05, 1.371298913e-05, 1.64091252373e-05, 1.55811376317e-05, 1.60957461048e-05, 1.17501585919e-05, 1.26777422338e-05, 1.47901819219e-05, 1.25170145111e-05, 8.17551972432e-06, 6.48140576232e-06, 6.00628163738e-06, 4.83980602439e-06, 4.78199717691e-06, 9.39958954405e-06, 1.24206480905e-05, 1.06257448351e-05, 1.04151977212e-05, 1.25833275888e-05, 8.35172340885e-06, 5.33992943019e-06],
        "min": [2.34735580307e-06, 3.25509245158e-06, 5.01005069964e-06, 4.39777022621e-06, 1.09480379251e-06, 3.43823262483e-06, 3.96713858208e-06, 1.56697228704e-06, 1.01798195828e-06, 4.14316076558e-07, 5.29632245616e-07, 4.7699921879e-07, 2.18433655164e-07, 2.47986264412e-07, 7.13309418643e-07, 8.35428522805e-07, 3.02129052443e-07, 5.4556375062e-07, 3.22690823396e-07, 1.82752145861e-07, 2.73968254305e-07, 2.76237926755e-07, 3.9578895894e-07, 1.45182093547e-06, 3.90315932464e-07, 8.3528544792e-07, 7.6921338632e-07, 5.6806976545e-07, 5.88158343362e-07, 4.96349798595e-07, 5.70524093746e-07, 4.61818444819e-07, 3.65422721416e-07, 4.23807080097e-07, 5.38739072908e-07, 4.89158026085e-07, 5.33070704023e-07, 4.40513076683e-07, 3.40791018516e-07, 1.27586247345e-07],
