{
"highlevel": {
    "danceability": {
        "all": {
            "danceable": 0.999997854233,
            "not_danceable": 2.14423494072e-06
        },
        "probability": 0.999997854233,
        "value": "danceable"
    },
    "gender": {
        "all": {
            "female": 0.692960500717,
            "male": 0.307039469481
        },
        "probability": 0.692960500717,
        "value": "female"
    },
    "genre_dortmund": {
        "all": {
            "alternative": 0.0209749378264,
            "blues": 0.0453357174993,
            "electronic": 0.286378383636,
            "folkcountry": 0.0199144110084,
            "funksoulrnb": 0.0126794511452,
            "jazz": 0.0402240939438,
            "pop": 0.17124992609,
            "raphiphop": 0.352884709835,
            "rock": 0.0503583848476
        },
        "probability": 0.352884709835,
        "value": "raphiphop"
    },
    "genre_electronic": {
        "all": {
            "ambient": 0.0430895276368,
            "dnb": 0.883604466915,
            "house": 0.0127448253334,
            "techno": 0.00793004781008,
            "trance": 0.05263113603
        },
        "probability": 0.883604466915,
        "value": "dnb"
    },
    "genre_rosamerica": {
        "all": {
            "cla": 0.00245716050267,
            "dan": 0.520119488239,
            "hip": 0.322844266891,
            "jaz": 0.00318425777368,
            "pop": 0.0981499478221,
            "rhy": 0.014046090655,
            "roc": 0.0370584726334,
            "spe": 0.00214029848576
        },
        "probability": 0.520119488239,
        "value": "dan"
    },
    "genre_tzanetakis": {
        "all": {
            "blu": 0.0626613423228,
            "cla": 0.0348169617355,
            "cou": 0.104475811124,
            "dis": 0.0784321576357,
            "hip": 0.15692435205,
            "jaz": 0.313974827528,
            "met": 0.0448166541755,
            "pop": 0.0627359300852,
            "reg": 0.0627360641956,
            "roc": 0.0784258767962
        },
        "probability": 0.313974827528,
        "value": "jaz"
    },
    "ismir04_rhythm": {
        "all": {
            "ChaChaCha": 0.0495362989604,
            "Jive": 0.0247036479414,
            "Quickstep": 0.0306673739105,
            "Rumba-American": 0.00667036324739,
            "Rumba-International": 0.0122201228514,
            "Rumba-Misc": 0.00325409811921,
            "Samba": 0.864226341248,
            "Tango": 0.00182170770131,
            "VienneseWaltz": 0.00238889572211,
            "Waltz": 0.00451112538576
        },
        "probability": 0.864226341248,
        "value": "Samba"
    },
    "mood_acoustic": {
        "all": {
            "acoustic": 1.05536109629e-07,
            "not_acoustic": 0.999999880791
        },
        "probability": 0.999999880791,
        "value": "not_acoustic"
    },
    "mood_aggressive": {
        "all": {
            "aggressive": 0.335838466883,
            "not_aggressive": 0.66416156292
        },
        "probability": 0.66416156292,
        "value": "not_aggressive"
    },
    "mood_electronic": {
        "all": {
            "electronic": 0.909912109375,
            "not_electronic": 0.0900879055262
        },
        "probability": 0.909912109375,
        "value": "electronic"
    },
    "mood_happy": {
        "all": {
            "happy": 0.312689721584,
            "not_happy": 0.687310278416
        },
        "probability": 0.687310278416,
        "value": "not_happy"
    },
    "mood_party": {
        "all": {
            "not_party": 0.120231442153,
            "party": 0.879768550396
        },
        "probability": 0.879768550396,
        "value": "party"
    },
    "mood_relaxed": {
        "all": {
            "not_relaxed": 0.94023412466,
            "relaxed": 0.0597658678889
        },
        "probability": 0.94023412466,
        "value": "not_relaxed"
    },
    "mood_sad": {
        "all": {
            "not_sad": 0.986830234528,
            "sad": 0.0131697552279
        },
        "probability": 0.986830234528,
        "value": "not_sad"
    },
    "moods_mirex": {
        "all": {
            "Cluster1": 0.343986392021,
            "Cluster2": 0.11913292855,
            "Cluster3": 0.0771831870079,
            "Cluster4": 0.167879864573,
            "Cluster5": 0.291817635298
        },
        "probability": 0.343986392021,
        "value": "Cluster1"
    },
    "timbre": {
        "all": {
            "bright": 0.595573484898,
            "dark": 0.404426544905
        },
        "probability": 0.595573484898,
        "value": "bright"
    },
    "tonal_atonal": {
        "all": {
            "atonal": 0.482436060905,
            "tonal": 0.517563939095
        },
        "probability": 0.517563939095,
        "value": "tonal"
    },
    "voice_instrumental": {
        "all": {
            "instrumental": 0.00123022275511,
            "voice": 0.998769760132
        },
        "probability": 0.998769760132,
        "value": "voice"
    }
},
"lowlevel": {
    "average_loudness": 0.981262028217,
    "barkbands_crest": {
        "dmean": 2.65397620201,
        "dmean2": 3.94562339783,
        "dvar": 8.50372314453,
        "dvar2": 18.6374530792,
        "max": 24.9753437042,
        "mean": 14.8692541122,
        "median": 16.0196990967,
        "min": 2.1628203392,
        "var": 20.8935756683
    },
    "barkbands_flatness_db": {
        "dmean": 0.0376155413687,
        "dmean2": 0.0546698719263,
        "dvar": 0.0015309851151,
        "dvar2": 0.00337746297009,
        "max": 0.496601372957,
        "mean": 0.173821881413,
        "median": 0.170533150434,
        "min": 0.0389128811657,
        "var": 0.00424027023837
    },
    "barkbands_kurtosis": {
        "dmean": 6.95898580551,
        "dmean2": 11.0109481812,
        "dvar": 342.652954102,
        "dvar2": 753.429870605,
        "max": 279.179107666,
        "mean": 9.13181209564,
        "median": 4.58329439163,
        "min": -1.80450665951,
        "var": 435.271026611
    },
    "barkbands_skewness": {
        "dmean": 0.890209674835,
        "dmean2": 1.36433136463,
        "dvar": 1.2264122963,
        "dvar2": 2.60195612907,
        "max": 14.4492444992,
        "mean": 2.47779273987,
        "median": 2.28892326355,
        "min": -7.01694297791,
        "var": 2.64016342163
    },
    "barkbands_spread": {
        "dmean": 9.57448291779,
        "dmean2": 15.4085636139,
        "dvar": 103.349868774,
        "dvar2": 260.469665527,
        "max": 103.532836914,
        "mean": 25.2085189819,
        "median": 22.94947052,
        "min": 0.345795422792,
        "var": 178.298217773
    },
    "dissonance": {
        "dmean": 0.0163685120642,
        "dmean2": 0.0276926718652,
        "dvar": 0.000345814070897,
        "dvar2": 0.000893533579074,
        "max": 0.500000059605,
        "mean": 0.475809842348,
        "median": 0.482542216778,
        "min": 0.22678129375,
        "var": 0.000565817812458
    },
    "dynamic_complexity": 1.46519637108,
    "erbbands_crest": {
        "dmean": 2.96753811836,
        "dmean2": 4.99716472626,
        "dvar": 8.02842330933,
        "dvar2": 21.3004570007,
        "max": 23.2281303406,
        "mean": 7.99316930771,
        "median": 7.05565881729,
        "min": 2.44340610504,
        "var": 14.1328001022
    },
    "erbbands_flatness_db": {
        "dmean": 0.023775273934,
        "dmean2": 0.035057246685,
        "dvar": 0.000524568546098,
        "dvar2": 0.00105092651211,
        "max": 0.287581115961,
        "mean": 0.132280066609,
        "median": 0.125642463565,
        "min": 0.0553013347089,
        "var": 0.00166347704362
    },
    "erbbands_kurtosis": {
        "dmean": 0.979170084,
        "dmean2": 1.61496901512,
        "dvar": 2.73385620117,
        "dvar2": 6.79407930374,
        "max": 27.3839492798,
        "mean": 0.123060189188,
        "median": -0.281693220139,
        "min": -1.71495771408,
        "var": 3.31975293159
    },
    "erbbands_skewness": {
        "dmean": 0.456707119942,
        "dmean2": 0.738018929958,
        "dvar": 0.203732818365,
        "dvar2": 0.485747456551,
        "max": 4.42230701447,
        "mean": -0.0658758059144,
        "median": -0.107615403831,
        "min": -5.05992794037,
        "var": 0.421817600727
    },
    "erbbands_spread": {
        "dmean": 13.3640956879,
        "dmean2": 21.0350570679,
        "dvar": 206.485488892,
        "dvar2": 451.618133545,
        "max": 165.493392944,
        "mean": 47.1056556702,
        "median": 43.1243171692,
        "min": 9.09693622589,
        "var": 435.513153076
    },
    "hfc": {
        "dmean": 16.6761665344,
        "dmean2": 26.1649513245,
        "dvar": 541.950927734,
        "dvar2": 1358.4888916,
        "max": 200.594696045,
        "mean": 30.8568248749,
        "median": 24.2181587219,
        "min": 0.0790702849627,
        "var": 596.887573242
    },
    "melbands_crest": {
        "dmean": 3.33702659607,
        "dmean2": 5.14889383316,
        "dvar": 18.8240184784,
        "dvar2": 38.8929023743,
        "max": 37.6219902039,
        "mean": 25.2556381226,
        "median": 28.3920669556,
        "min": 3.61432361603,
        "var": 84.6677246094
    },
    "melbands_flatness_db": {
        "dmean": 0.0441818758845,
        "dmean2": 0.0651054009795,
        "dvar": 0.00217198650353,
        "dvar2": 0.00491250678897,
        "max": 0.617380678654,
        "mean": 0.237379953265,
        "median": 0.242555841804,
        "min": 0.0210303161293,
        "var": 0.00663020880893
    },
    "melbands_kurtosis": {
        "dmean": 25.0796356201,
        "dmean2": 39.2427902222,
        "dvar": 4989.80322266,
        "dvar2": 11298.8154297,
        "max": 1406.22094727,
        "mean": 37.5453338623,
        "median": 19.6131973267,
        "min": -1.2042850256,
        "var": 5849.06787109
    },
    "melbands_skewness": {
        "dmean": 1.56006217003,
        "dmean2": 2.35455155373,
        "dvar": 4.27725076675,
        "dvar2": 9.31691360474,
        "max": 32.9000396729,
        "mean": 4.68583106995,
        "median": 4.10677051544,
        "min": -2.24285531044,
        "var": 8.7984418869
    },
    "melbands_spread": {
        "dmean": 8.93411922455,
        "dmean2": 14.1516542435,
        "dvar": 151.671691895,
        "dvar2": 358.742218018,
        "max": 199.45161438,
        "mean": 18.7255058289,
        "median": 14.7998733521,
        "min": 0.181633085012,
        "var": 244.587280273
    },
    "pitch_salience": {
        "dmean": 0.096748881042,
        "dmean2": 0.14442127943,
        "dvar": 0.0103191863745,
        "dvar2": 0.0232208408415,
        "max": 0.877739489079,
        "mean": 0.376002579927,
        "median": 0.326038211584,
        "min": 0.0540631562471,
        "var": 0.0306246206164
    },
    "silence_rate_20dB": {
        "dmean": 0,
        "dmean2": 0,
        "dvar": 0,
        "dvar2": 0,
        "max": 1,
        "mean": 1,
        "median": 1,
        "min": 1,
        "var": 0
    },
    "silence_rate_30dB": {
        "dmean": 0.0061919502914,
        "dmean2": 0.0123934932053,
        "dvar": 0.00615348154679,
        "dvar2": 0.0184372588992,
        "max": 1,
        "mean": 0.996906399727,
        "median": 1,
        "min": 0,
        "var": 0.00308398739435
    },
    "silence_rate_60dB": {
        "dmean": 0.0030959751457,
        "dmean2": 0.00619674660265,
        "dvar": 0.00308637018315,
        "dvar2": 0.00770750036463,
        "max": 1,
        "mean": 0.00309358071536,
        "median": 0,
        "min": 0,
        "var": 0.00308399670757
    },
    "spectral_centroid": {
        "dmean": 464.713226318,
        "dmean2": 736.477539062,
        "dvar": 253210.875,
        "dvar2": 602501.25,
        "max": 8521.25195312,
        "mean": 1876.90490723,
        "median": 1876.66259766,
        "min": 138.633422852,
        "var": 434568.71875
    },
    "spectral_complexity": {
        "dmean": 6.94504642487,
        "dmean2": 10.5491867065,
        "dvar": 56.1092071533,
        "dvar2": 121.118125916,
        "max": 70,
        "mean": 22.912607193,
        "median": 21,
        "min": 0,
        "var": 129.510421753
    },
    "spectral_decrease": {
        "dmean": 3.12743764219e-09,
        "dmean2": 4.97068519678e-09,
        "dvar": 1.75015750815e-17,
        "dvar2": 4.33735132042e-17,
        "max": -1.71219358136e-11,
        "mean": -1.40496814183e-08,
        "median": -1.57738426765e-08,
        "min": -3.18139363742e-08,
        "var": 3.63931742429e-17
    },
    "spectral_energy": {
        "dmean": 0.0125641915947,
        "dmean2": 0.019835267216,
        "dvar": 0.000270491582341,
        "dvar2": 0.000674262817483,
        "max": 0.126214265823,
        "mean": 0.0558255128562,
        "median": 0.0622704178095,
        "min": 7.85058364272e-05,
        "var": 0.000538174877875
    },
    "spectral_energyband_high": {
        "dmean": 0.00129728845786,
        "dmean2": 0.00204533874057,
        "dvar": 3.25405630974e-06,
        "dvar2": 7.91173624748e-06,
        "max": 0.0147950733081,
        "mean": 0.00184169167187,
        "median": 0.00114701478742,
        "min": 8.51585355122e-07,
        "var": 4.0837189772e-06
    },
    "spectral_energyband_low": {
        "dmean": 0.00948029384017,
        "dmean2": 0.0142282061279,
        "dvar": 0.00020603244775,
        "dvar2": 0.000555573264137,
        "max": 0.107453234494,
        "mean": 0.0392651222646,
        "median": 0.0456490591168,
        "min": 5.10515860697e-08,
        "var": 0.000576634774916
    },
    "spectral_energyband_middle_high": {
        "dmean": 0.00353244389407,
        "dmean2": 0.00586846191436,
        "dvar": 2.82180390059e-05,
        "dvar2": 7.59474060033e-05,
        "max": 0.0365747958422,
        "mean": 0.00575941847637,
        "median": 0.00452315947041,
        "min": 1.52602951857e-05,
        "var": 2.55960148934e-05
    },
    "spectral_energyband_middle_low": {
        "dmean": 0.00828531384468,
        "dmean2": 0.0140149788931,
        "dvar": 0.000265226262854,
        "dvar2": 0.000717180839274,
        "max": 0.108522042632,
        "mean": 0.00972303841263,
        "median": 0.00503002805635,
        "min": 4.03607809858e-05,
        "var": 0.000202011477086
    },
    "spectral_entropy": {
        "dmean": 0.222900107503,
        "dmean2": 0.342847377062,
        "dvar": 0.0529229529202,
        "dvar2": 0.117914840579,
        "max": 8.67042160034,
        "mean": 7.81034088135,
        "median": 7.8340511322,
        "min": 5.81101083755,
        "var": 0.151039391756
    },
    "spectral_flux": {
        "dmean": 0.0371575504541,
        "dmean2": 0.0527573563159,
        "dvar": 0.00168667989783,
        "dvar2": 0.00286324159242,
        "max": 0.395521819592,
        "mean": 0.114015899599,
        "median": 0.0918262079358,
        "min": 0.00662997644395,
        "var": 0.00451475707814
    },
    "spectral_kurtosis": {
        "dmean": 1.47323191166,
        "dmean2": 2.30321669579,
        "dvar": 2.66959190369,
        "dvar2": 6.56809473038,
        "max": 19.1242656708,
        "mean": 3.57050347328,
        "median": 3.18475103378,
        "min": -1.63348269463,
        "var": 5.09577941895
    },
    "spectral_rms": {
        "dmean": 0.000891742587555,
        "dmean2": 0.00139386137016,
        "dvar": 1.33820060455e-06,
        "dvar2": 3.26909184878e-06,
        "max": 0.0110966600478,
        "mean": 0.00716660078615,
        "median": 0.0077943331562,
        "min": 0.00027675088495,
        "var": 3.10366499434e-06
    },
    "spectral_rolloff": {
        "dmean": 735.679748535,
        "dmean2": 1236.515625,
        "dvar": 1383282.25,
        "dvar2": 3315721.5,
        "max": 11154.1992188,
        "mean": 1082.4744873,
        "median": 581.396484375,
        "min": 43.06640625,
        "var": 2268416.5
    },
    "spectral_skewness": {
        "dmean": 0.256606161594,
        "dmean2": 0.406840443611,
        "dvar": 0.0673547610641,
        "dvar2": 0.150721132755,
        "max": 2.99988126755,
        "mean": 1.36295235157,
        "median": 1.38146543503,
        "min": -0.596814632416,
        "var": 0.163334533572
    },
    "spectral_spread": {
        "dmean": 1102740.75,
        "dmean2": 1591421.125,
        "dvar": 1.87198445978e+12,
        "dvar2": 3.50419969638e+12,
        "max": 20362216,
        "mean": 5330993.5,
        "median": 4927428,
        "min": 1868749.375,
        "var": 5.34413416858e+12
    },
    "spectral_strongpeak": {
        "dmean": 0.193652704358,
        "dmean2": 0.328973710537,
        "dvar": 0.141674488783,
        "dvar2": 0.384075075388,
        "max": 3.83854556084,
        "mean": 0.499706804752,
        "median": 0.390324652195,
        "min": 0.0546405613422,
        "var": 0.148605316877
    },
    "zerocrossingrate": {
        "dmean": 0.0142909185961,
        "dmean2": 0.017613677308,
        "dvar": 0.000261155364569,
        "dvar2": 0.000334045704221,
        "max": 0.43603515625,
        "mean": 0.0519779734313,
        "median": 0.041015625,
        "min": 0.00146484375,
        "var": 0.00153157685418
    },
    "barkbands": {
        "dmean": [0.00133814581204, 0.00784673169255, 0.00216744677164, 0.00300198653713, 0.00302826846018, 0.0014483347768, 0.000674810959026, 0.000917138531804, 0.00163355423138, 0.000528078584466, 0.000722087046597, 0.00061428360641, 0.000511142832693, 0.000394225731725, 0.00049701606622, 0.000453176500741, 0.000358486693585, 0.00055123824859, 0.000344825501088, 0.000280397420283, 0.00025963850203, 0.000198474081117, 0.000213326406083, 0.000213840859942, 0.000283237022813, 0.000203877250897, 2.65974705371e-07],
        "dmean2": [0.0018017149996, 0.0121528413147, 0.00379398022778, 0.00561002083123, 0.00534407235682, 0.00249981554225, 0.00115997716784, 0.00156952929683, 0.00281626731157, 0.000860510277562, 0.00120193581097, 0.00105036364403, 0.000862917979248, 0.000671640678775, 0.000857636157889, 0.000787444761954, 0.000615266093519, 0.000951519759838, 0.000591676624026, 0.000468822021503, 0.00042946744361, 0.00031765413587, 0.000350151705788, 0.000342170271324, 0.00046686080168, 0.000332028110279, 4.69006550929e-07],
        "dvar": [4.66875508209e-06, 0.000177267065737, 3.0977451388e-05, 9.4177754363e-05, 5.14445855515e-05, 8.34528054838e-06, 1.81981192782e-06, 2.90842103823e-06, 8.54952122609e-06, 1.14020838282e-06, 1.64989546647e-06, 1.66190659456e-06, 5.46418220893e-07, 4.87353759127e-07, 6.64154754304e-07, 6.71225677706e-07, 3.24903595583e-07, 6.69344046855e-07, 2.67774225904e-07, 1.84879837661e-07, 1.76005869434e-07, 8.26251493891e-08, 1.36835012654e-07, 1.18353398193e-07, 2.59709395323e-07, 9.34622974569e-08, 5.46724666407e-13],
        "dvar2": [6.05071090831e-06, 0.000522039656062, 8.48988202051e-05, 0.000268750998657, 0.000141956013977, 2.25732692343e-05, 4.73814679935e-06, 7.92037371866e-06, 2.29154957196e-05, 2.93197376777e-06, 4.03175454267e-06, 4.43117005489e-06, 1.40166071105e-06, 1.20091806366e-06, 1.7230464664e-06, 1.83275483323e-06, 8.24297330837e-07, 1.90367381947e-06, 7.21576270735e-07, 5.08003438426e-07, 4.60579769879e-07, 1.9392524564e-07, 3.61756775646e-07, 2.8647539807e-07, 6.4270477651e-07, 2.1570735953e-07, 1.45132636378e-12],
        "max": [0.0181186515838, 0.095388494432, 0.0521259643137, 0.0675337016582, 0.0528599470854, 0.024606635794, 0.0126890353858, 0.0208987277001, 0.0261287838221, 0.0165442246944, 0.0145315201953, 0.0161492675543, 0.00720436638221, 0.00829575397074, 0.00642291130498, 0.0075458176434, 0.00634043198079, 0.00687328632921, 0.00483847875148, 0.00406054360792, 0.00358206988312, 0.00233938870952, 0.00346930022351, 0.00324064888991, 0.00549994828179, 0.00208304589614, 7.54738857722e-06],
        "mean": [0.00676600821316, 0.0294494181871, 0.00237403833307, 0.00202670902945, 0.00257031875663, 0.00148213747889, 0.000669658591505, 0.000990949105471, 0.00181386293843, 0.000559899781365, 0.000778528919909, 0.000649753317703, 0.000618330319412, 0.000426944287028, 0.000537755840924, 0.000494301726576, 0.000455384870293, 0.000698140007444, 0.000453937595012, 0.000392558547901, 0.000308454676997, 0.00023711999529, 0.000234615101363, 0.000273467594525, 0.000338871759595, 0.000224192088353, 1.84067133091e-07],
        "median": [0.00631055096164, 0.0329754017293, 0.00110273691826, 0.000188559177332, 0.00030222829082, 0.000334091571858, 0.000183921700227, 0.000392898509745, 0.000700047123246, 0.000175985478563, 0.000271374970907, 0.000336622906616, 0.000353737617843, 0.000182790099643, 0.000232249556575, 0.000233920189203, 0.000261320732534, 0.000431358843343, 0.000307419482851, 0.000277523096884, 0.000181835974217, 0.000104663748061, 9.94414003799e-05, 0.0001119951703, 0.000121895165648, 6.25673128525e-05, 2.77357870004e-09],
        "min": [1.76511216754e-09, 7.24166548949e-09, 1.88750082231e-08, 1.45574912125e-08, 1.0061020248e-06, 4.15069990822e-07, 9.17564022984e-07, 8.87643068381e-07, 3.14816111313e-06, 6.05274408372e-07, 1.1210527191e-06, 2.43906839614e-07, 2.25262624554e-06, 1.33472667585e-06, 1.30355260808e-06, 6.34482660189e-07, 5.55030567284e-07, 8.52204721014e-07, 4.99946736454e-07, 5.77039941163e-07, 3.82585589875e-08, 2.38345538861e-08, 6.45975717362e-08, 9.05964281372e-09, 4.98689478601e-10, 1.8664040799e-11, 9.19414457762e-12],
        "var": [4.24667196057e-05, 0.000378300610464, 2.13265157072e-05, 5.40756809642e-05, 3.83987753594e-05, 8.10938036011e-06, 1.88771321064e-06, 2.7413409498e-06, 8.23408936412e-06, 1.07748940081e-06, 2.0607847091e-06, 1.37826032187e-06, 5.69969188291e-07, 4.97962332702e-07, 6.44040824227e-07, 5.87422277931e-07, 3.53380698925e-07, 7.06224170699e-07, 2.49709017908e-07, 1.80540595807e-07, 1.63121100627e-07, 1.07284776618e-07, 1.32153502364e-07, 1.50475145233e-07, 3.27806162659e-07, 1.18187799103e-07, 3.73669682436e-13]
    },
    "erbbands": {
        "dmean": [0.329981684685, 1.47667622566, 2.46075630188, 6.18575000763, 11.8048458099, 9.31500148773, 10.6593322754, 11.9327335358, 8.44724750519, 15.5769910812, 22.3751087189, 39.2960586548, 20.2575378418, 17.9354057312, 33.4665718079, 21.4850826263, 23.3519096375, 18.2976875305, 23.9227619171, 27.6879482269, 21.7039585114, 19.84724617, 28.9607944489, 20.2896194458, 15.2832107544, 13.0905380249, 12.4055681229, 8.93609809875, 6.34893798828, 7.66291284561, 5.85544872284, 4.61572742462, 3.84682106972, 3.35164904594, 1.92350900173, 0.986826717854, 0.364226907492, 0.0406252034009, 0.000720186159015, 4.46082012786e-05],
        "dmean2": [0.476998388767, 2.3266749382, 4.13556718826, 11.0387773514, 21.6611118317, 16.3727931976, 18.2367782593, 20.2817707062, 14.6089544296, 26.3900279999, 38.6955528259, 67.7791900635, 33.9107933044, 29.096944809, 57.3531532288, 35.8135566711, 39.2534751892, 30.5822105408, 41.3411560059, 47.4258918762, 37.989818573, 34.2169723511, 49.7412719727, 34.619644165, 26.5729637146, 21.9230556488, 20.7002086639, 14.7392492294, 10.067193985, 12.3363246918, 9.73738861084, 7.6137304306, 6.121322155, 5.44467258453, 3.18606948853, 1.62078535557, 0.589839100838, 0.069115921855, 0.00120502396021, 7.09507876309e-05],
        "dvar": [0.281138926744, 9.48694038391, 34.3333053589, 337.446380615, 1248.5111084, 476.239501953, 462.15045166, 538.145385742, 313.282012939, 1352.62939453, 1395.09460449, 5183.60742188, 1674.17980957, 859.943664551, 4748.71484375, 1991.22094727, 1267.07824707, 944.874389648, 1609.58557129, 2232.49462891, 1444.33508301, 1068.24743652, 1870.57971191, 888.487121582, 586.283996582, 426.546295166, 341.131896973, 224.680709839, 97.0326385498, 123.609413147, 123.459571838, 63.9358787537, 35.9874725342, 38.1196136475, 11.32259655, 2.33473658562, 0.340180039406, 0.00437859725207, 1.2529428659e-06, 3.80066556005e-09],
        "dvar2": [0.55369502306, 27.5002880096, 92.6613693237, 924.164306641, 3553.51708984, 1298.25427246, 1194.12451172, 1397.68981934, 863.368225098, 3558.98535156, 3833.59912109, 13829.5537109, 4341.32958984, 2089.41113281, 12878.4472656, 5131.24072266, 3247.64770508, 2312.40942383, 4256.69384766, 5804.27050781, 3907.09887695, 2766.98608398, 5247.52441406, 2390.43603516, 1606.40588379, 1168.54003906, 899.210205078, 584.515808105, 230.326446533, 296.448547363, 331.245330811, 165.731414795, 84.5805358887, 96.4705352783, 27.5278377533, 5.2889084816, 0.813122570515, 0.0113435909152, 3.19835726259e-06, 9.40990041443e-09],
        "max": [4.8762254715, 23.5702953339, 45.4844322205, 134.807983398, 243.834945679, 206.180603027, 218.833877563, 202.3072052, 219.293670654, 493.084411621, 414.85168457, 580.581237793, 721.96875, 304.836914062, 652.5234375, 770.467773438, 383.430419922, 285.155761719, 313.525268555, 421.151733398, 270.844604492, 395.700408936, 386.118408203, 210.783477783, 221.458251953, 219.922546387, 192.169616699, 122.638679504, 83.8416748047, 113.105735779, 110.863212585, 95.6802139282, 49.587020874, 76.1327667236, 29.8562870026, 16.2667598724, 4.31709384918, 0.563493907452, 0.00925170630217, 0.000523832743056],
        "mean": [1.5801692009, 3.55967783928, 3.56333565712, 4.92576313019, 8.14177703857, 8.2217798233, 10.8230218887, 12.1897344589, 7.85956764221, 16.7618808746, 25.4685020447, 43.7483215332, 21.1752300262, 21.7871398926, 34.4876365662, 25.7484130859, 28.9877948761, 21.3778495789, 25.6751747131, 31.0246906281, 25.0651302338, 26.616733551, 39.1375732422, 27.287229538, 20.2342262268, 18.6004486084, 15.5040245056, 10.5275306702, 7.87743663788, 8.6727104187, 6.32098579407, 5.49853229523, 4.84549713135, 3.8383910656, 2.19422459602, 1.05881142616, 0.404375106096, 0.0444634146988, 0.000826683128253, 0.000104179758637],
        "median": [1.77485966682, 2.95490336418, 1.2489579916, 1.19656360149, 0.600283265114, 1.17592525482, 2.45282745361, 2.65461945534, 2.39553999901, 5.70721626282, 12.5330982208, 15.7708644867, 8.08717155457, 9.30285167694, 13.5483789444, 15.6549158096, 17.0769615173, 11.3314199448, 12.4245853424, 14.3597640991, 13.0409393311, 16.456609726, 22.7644710541, 18.7843723297, 13.3749074936, 12.7523880005, 10.1488962173, 5.16536617279, 3.51393461227, 3.7605741024, 2.4697728157, 2.36648964882, 1.79258537292, 1.23184084892, 0.729941308498, 0.379426568747, 0.0935756191611, 0.00679558236152, 0.000192128674826, 8.47454575705e-05],
        "min": [1.12355905912e-06, 6.04616070632e-06, 6.74725597491e-05, 0.000121205550386, 0.00125108018983, 0.00407304754481, 0.00580341368914, 0.0142901530489, 0.0227687377483, 0.0191705003381, 0.0463653765619, 0.112610161304, 0.0379143282771, 0.0391598492861, 0.0458478331566, 0.0286546256393, 0.114802598953, 0.091992393136, 0.0970378518105, 0.0625480785966, 0.0375615768135, 0.0367852337658, 0.0573385246098, 0.0422992669046, 0.0196564905345, 0.0269676204771, 0.00506463600323, 0.000800065521616, 0.000696256989613, 0.00174399744719, 0.00168241746724, 0.0012666900875, 0.000134896909003, 3.31118535541e-05, 1.76959511009e-05, 1.18033867693e-05, 6.78443802826e-06, 1.01800048924e-06, 1.43350462167e-07, 1.13193443951e-07],
        "var": [1.80116176605, 11.3930149078, 33.2860527039, 215.972854614, 734.132995605, 391.42590332, 472.158294678, 589.494567871, 251.021392822, 1301.65148926, 1316.58752441, 5216.88232422, 1567.49511719, 1059.08508301, 3936.18457031, 1820.52648926, 1293.55883789, 934.498046875, 1452.87939453, 2210.03442383, 1273.3717041, 1081.83044434, 2285.29345703, 832.796569824, 520.381408691, 417.317474365, 324.274108887, 223.867630005, 127.98915863, 150.018981934, 108.276596069, 66.9200363159, 48.1688156128, 45.7283859253, 14.4475297928, 2.81185436249, 0.434703469276, 0.00601201178506, 1.68675535406e-06, 5.05356290148e-09]
    },
    "gfcc": {
        "mean": [32.2353134155, 62.9481239319, -108.960762024, 39.6085472107, -44.194606781, 30.5076980591, -25.0444526672, 30.3564090729, -19.0542869568, 12.9454231262, -9.70024394989, 4.04553699493, -9.46232223511],
        "cov": [[2922.02197266, -897.316162109, 276.69720459, -109.535873413, -239.317169189, -70.9024124146, -382.607177734, -156.612518311, -383.284454346, 19.7494869232, -422.412872314, 274.554656982, -183.373977661], [-897.316162109, 1353.41833496, -342.920196533, 225.952453613, 226.775177002, -136.966964722, 244.018569946, 6.28624677658, 198.810623169, -123.393951416, 258.524719238, -217.442367554, 156.51965332], [276.69720459, -342.920196533, 843.871337891, -5.28518390656, 62.4756507874, 209.79460144, -149.337249756, -17.5480155945, -82.5943374634, 72.2456817627, -80.3832092285, 130.130737305, -18.0276470184], [-109.535873413, 225.952453613, -5.28518390656, 399.838623047, 184.360458374, 40.2240333557, 160.696807861, 14.1216440201, 110.547737122, -1.50315749645, 77.4440155029, -26.1691627502, 8.10621261597], [-239.317169189, 226.775177002, 62.4756507874, 184.360458374, 563.3359375, 135.476699829, 215.471969604, 111.286598206, 121.957771301, 78.5214691162, 90.8608016968, 29.6070861816, 53.5622138977], [-70.9024124146, -136.966964722, 209.79460144, 40.2240333557, 135.476699829, 389.03604126, 145.352005005, 95.5082931519, 50.8991699219, 26.9861927032, 29.8016738892, -2.21017050743, 5.17502689362], [-382.607177734, 244.018569946, -149.337249756, 160.696807861, 215.471969604, 145.352005005, 477.175079346, 165.009979248, 181.342147827, 41.3747138977, 94.3020172119, -51.3121910095, -39.4942741394], [-156.612518311, 6.28624677658, -17.5480155945, 14.1216440201, 111.286598206, 95.5082931519, 165.009979248, 324.124481201, 164.400802612, 75.6285934448, 93.9957809448, -23.6936149597, 25.9567375183], [-383.284454346, 198.810623169, -82.5943374634, 110.547737122, 121.957771301, 50.8991699219, 181.342147827, 164.400802612, 273.326324463, 87.0835266113, 132.418334961, -41.2426452637, 36.376247406], [19.7494869232, -123.393951416, 72.2456817627, -1.50315749645, 78.5214691162, 26.9861927032, 41.3747138977, 75.6285934448, 87.0835266113, 183.769927979, 45.9855537415, 48.5475273132, 11.6011600494], [-422.412872314, 258.524719238, -80.3832092285, 77.4440155029, 90.8608016968, 29.8016738892, 94.3020172119, 93.9957809448, 132.418334961, 45.9855537415, 226.582519531, -25.3110561371, 82.6774978638], [274.554656982, -217.442367554, 130.130737305, -26.1691627502, 29.6070861816, -2.21017050743, -51.3121910095, -23.6936149597, -41.2426452637, 48.5475273132, -25.3110561371, 163.258010864, -6.70254468918], [-183.373977661, 156.51965332, -18.0276470184, 8.10621261597, 53.5622138977, 5.17502689362, -39.4942741394, 25.9567375183, 36.376247406, 11.6011600494, 82.6774978638, -6.70254468918, 172.369430542]],
        "icov": [[0.000681651232298, -0.000127558334498, 0.000237360029132, -0.000474434549687, 0.000221376190893, -0.000281191925751, 0.000500048219692, -0.000524385308381, 0.000705834245309, -0.000564782065339, 0.00108022452332, -0.00101616582833, 0.000352736038622], [-0.000127558334498, 0.00234423205256, -0.000441573705757, 0.000245296221692, -0.000922062725294, 0.00169029668905, -0.00129550986458, 0.00125085248146, -0.0010725610191, 0.00214796466753, -0.00200071698055, 0.00241369800642, -0.00143622932956], [0.000237360029132, -0.000441573705757, 0.00218683481216, -0.000654238509014, 7.59671384003e-05, -0.00178555084858, 0.00151300046127, -0.000583663990255, 0.000722963071894, -0.00128153595142, 0.00115742441267, -0.00171091291122, 0.000689518230502], [-0.000474434549687, 0.000245296221692, -0.000654238509014, 0.00406223163009, -0.00113523157779, 0.000701432523783, -0.00129253533669, 0.00156094552949, -0.00195356435142, 0.0015555586433, -0.00154465215746, 0.00113345612772, -9.38882512855e-05], [0.000221376190893, -0.000922062725294, 7.59671384003e-05, -0.00113523157779, 0.00318464473821, -0.00104897003621, -0.000363922270481, -0.000845896429382, 0.000737066729926, -0.00155433418695, 0.00107058067806, -0.00187453872059, -0.000417322007706], [-0.000281191925751, 0.00169029668905, -0.00178555084858, 0.000701432523783, -0.00104897003621, 0.00533560430631, -0.00260615255684, 0.000563443230931, -0.000740702962503, 0.0021277689375, -0.00190059747547, 0.00260708434507, -0.00154385261703], [0.000500048219692, -0.00129550986458, 0.00151300046127, -0.00129253533669, -0.000363922270481, -0.00260615255684, 0.00570924021304, -0.00192493200302, -0.000251896766713, -0.00146211462561, 0.00141238095239, -0.00171544693876, 0.00312412669882], [-0.000524385308381, 0.00125085248146, -0.000583663990255, 0.00156094552949, -0.000845896429382, 0.000563443230931, -0.00192493200302, 0.0061977324076, -0.00338308396749, 0.000945915468037, -0.00219335919246, 0.00219484604895, -0.00116887805052], [0.000705834245309, -0.0010725610191, 0.000722963071894, -0.00195356435142, 0.000737066729926, -0.000740702962503, -0.000251896766713, -0.00338308396749, 0.00986244343221, -0.00435015466064, -0.000338931713486, -0.000466049532406, 0.000493149331305], [-0.000564782065339, 0.00214796466753, -0.00128153595142, 0.0015555586433, -0.00155433418695, 0.0021277689375, -0.00146211462561, 0.000945915468037, -0.00435015466064, 0.0105799473822, -0.00309526128694, 0.000299218809232, -0.00111456448212], [0.00108022452332, -0.00200071698055, 0.00115742441267, -0.00154465215746, 0.00107058067806, -0.00190059747547, 0.00141238095239, -0.00219335919246, -0.000338931713486, -0.00309526128694, 0.0107915410772, -0.00329897622578, -0.0014866994461], [-0.00101616582833, 0.00241369800642, -0.00171091291122, 0.00113345612772, -0.00187453872059, 0.00260708434507, -0.00171544693876, 0.00219484604895, -0.000466049532406, 0.000299218809232, -0.00329897622578, 0.0119652142748, -0.00159854115918], [0.000352736038622, -0.00143622932956, 0.000689518230502, -9.38882512855e-05, -0.000417322007706, -0.00154385261703, 0.00312412669882, -0.00116887805052, 0.000493149331305, -0.00111456448212, -0.0014866994461, -0.00159854115918, 0.00924719311297]]
    },
    "melbands": {
        "dmean": [0.00245109852403, 0.00144571019337, 0.0012531420216, 0.000738778791856, 0.000367556494894, 0.000265856069745, 0.00012668358977, 0.000176851492142, 0.000205827047466, 0.000238403648837, 9.70635592239e-05, 6.9709654781e-05, 0.000110876164399, 7.97049578978e-05, 4.73363688798e-05, 4.82520772493e-05, 3.42417915817e-05, 4.06219842262e-05, 3.53248433385e-05, 3.66452477465e-05, 2.43847989623e-05, 1.89455731743e-05, 3.03601555061e-05, 2.51326164289e-05, 1.67430953297e-05, 1.359050475e-05, 9.43908707995e-06, 9.10611925065e-06, 8.51735421747e-06, 6.56478232486e-06, 4.91530272484e-06, 3.67938127965e-06, 4.0284694478e-06, 4.27541181125e-06, 3.41777263202e-06, 3.47643617715e-06, 2.77595404441e-06, 2.69680981546e-06, 3.03684578284e-06, 2.86752378997e-06],
        "dmean2": [0.00368279428221, 0.00233581056818, 0.00224081100896, 0.00132484675851, 0.000622279709205, 0.000454084627563, 0.000220041009015, 0.000298607832519, 0.000357313867426, 0.000411607645219, 0.00016176092322, 0.000111317909614, 0.000186309946002, 0.000137936309329, 7.75990120019e-05, 8.11594363768e-05, 5.78610197408e-05, 7.06094069756e-05, 6.08032896707e-05, 6.34959869785e-05, 4.23496312578e-05, 3.27015877701e-05, 5.31596160727e-05, 4.30779909948e-05, 2.88114970317e-05, 2.35169773077e-05, 1.62699743669e-05, 1.53882610903e-05, 1.44530686157e-05, 1.08604926936e-05, 8.2110400399e-06, 5.89595447309e-06, 6.55406165606e-06, 6.89892522132e-06, 5.66685594094e-06, 5.96207155468e-06, 4.5320616664e-06, 4.29866440754e-06, 5.0059888963e-06, 4.72264082418e-06],
        "dvar": [1.45086996781e-05, 1.02968324427e-05, 1.37747701956e-05, 3.58433476322e-06, 5.60729915833e-07, 2.66810673111e-07, 6.5074331701e-08, 1.6187317442e-07, 1.23788609585e-07, 1.85311051837e-07, 4.01290236596e-08, 1.30392372455e-08, 4.31826236991e-08, 3.2692025087e-08, 4.50923698381e-09, 5.09596409515e-09, 3.65373242772e-09, 4.78031525475e-09, 3.33037775135e-09, 4.21914592152e-09, 1.8020006598e-09, 9.82240511149e-10, 3.28513949377e-09, 1.20424403782e-09, 6.10957950897e-10, 4.42292646952e-10, 2.47945108889e-10, 2.00589295174e-10, 1.53461743313e-10, 1.32472824377e-10, 7.09685921141e-11, 3.70897965118e-11, 3.21337574605e-11, 4.13234967078e-11, 4.60679029646e-11, 4.26234221529e-11, 2.21473499262e-11, 1.81852033432e-11, 2.7833870625e-11, 3.20830410849e-11],
        "dvar2": [3.69902700186e-05, 2.83789067907e-05, 3.77038813895e-05, 1.00445868156e-05, 1.40698341511e-06, 7.02484783233e-07, 1.77405865998e-07, 4.29840270044e-07, 3.36445140192e-07, 4.9413523584e-07, 1.03472849844e-07, 3.11321066704e-08, 1.09540785331e-07, 8.81096866578e-08, 1.11899804978e-08, 1.31979360773e-08, 8.9193274988e-09, 1.24393810808e-08, 8.52824744157e-09, 1.14049125699e-08, 4.88670037768e-09, 2.53180632015e-09, 9.16795706019e-09, 3.27764282382e-09, 1.63127988895e-09, 1.21595167268e-09, 6.92545298886e-10, 5.43432132627e-10, 4.07527511737e-10, 3.521786196e-10, 1.87920137784e-10, 9.08292191459e-11, 7.54827589322e-11, 9.94487478478e-11, 1.23480989322e-10, 1.18084653167e-10, 5.54847695566e-11, 4.29028756965e-11, 6.8985220314e-11, 8.34186608678e-11],
        "max": [0.03248077631, 0.024572154507, 0.0261249877512, 0.0135421250015, 0.00838219374418, 0.00426832353696, 0.00290921796113, 0.00549372425303, 0.0030407209415, 0.00346301589161, 0.0035377794411, 0.00120708183385, 0.00211764569394, 0.00211671646684, 0.000734563567676, 0.00075028417632, 0.000543696107343, 0.000719951756764, 0.000474558008136, 0.000551833421923, 0.000275978527498, 0.00038694468094, 0.000609182054177, 0.000318862759741, 0.000175155000761, 0.000198233421543, 0.000138428527862, 0.000146785721881, 0.000133726061904, 0.00010941515211, 8.31803772599e-05, 5.66393100598e-05, 5.5101379985e-05, 6.54405812384e-05, 7.30195606593e-05, 7.36243091524e-05, 5.48441457795e-05, 4.42736964033e-05, 4.58954418718e-05, 7.55774162826e-05],
        "mean": [0.0107033690438, 0.00280107697472, 0.000978268682957, 0.000586219015531, 0.000386303319829, 0.000272300356301, 0.00011905284191, 0.000192523308215, 0.000235423183767, 0.000262024172116, 9.81267949101e-05, 8.37714032969e-05, 0.000117298819532, 8.00928391982e-05, 6.3031053287e-05, 5.70926167711e-05, 3.7730387703e-05, 4.13524394389e-05, 3.98214615416e-05, 3.91381145164e-05, 2.70362270385e-05, 2.39455875999e-05, 3.82791513402e-05, 3.1704261346e-05, 2.11016049434e-05, 1.66426652868e-05, 1.22855954032e-05, 1.2439607417e-05, 1.03383245005e-05, 7.59637669034e-06, 5.48589196114e-06, 4.34310959463e-06, 4.68623056804e-06, 4.71315979667e-06, 3.58186798621e-06, 3.39471262123e-06, 3.43770284417e-06, 3.33685034093e-06, 3.4338770547e-06, 3.17322678711e-06],
        "median": [0.012338292785, 0.00141580554191, 0.000206074706512, 5.49942997168e-05, 9.00109735085e-05, 6.15720564383e-05, 3.48792709701e-05, 7.09143496351e-05, 0.000104971681139, 9.70307664829e-05, 3.24629363604e-05, 3.29385802615e-05, 4.18783711211e-05, 3.71014903067e-05, 3.82760372304e-05, 3.25696382788e-05, 1.74177985173e-05, 1.73955395439e-05, 1.73731114046e-05, 1.75331806531e-05, 1.3446147932e-05, 1.4185825421e-05, 1.80223505595e-05, 2.0007677449e-05, 1.31232154672e-05, 1.02043286461e-05, 8.18066837383e-06, 8.46527655085e-06, 6.68948632665e-06, 4.22205221184e-06, 2.3253355721e-06, 1.68129247413e-06, 2.13410339711e-06, 1.98199495571e-06, 1.21507241602e-06, 1.24376379063e-06, 1.36739708978e-06, 1.19240883123e-06, 1.06601032712e-06, 8.89581997399e-07],
        "min": [2.4104387375e-09, 4.74433292652e-09, 3.29844063174e-08, 2.02336522648e-07, 1.85612805126e-07, 1.0539355344e-07, 2.32963287772e-07, 2.10048639815e-07, 5.49160006358e-07, 3.76075433905e-07, 1.50771271024e-07, 7.80207898288e-08, 1.63815499832e-07, 2.76802136767e-08, 3.03732008433e-07, 1.42508483236e-07, 1.57783290433e-07, 1.4166658957e-07, 8.32412112572e-08, 6.14364807916e-08, 4.05487661226e-08, 3.28266942518e-08, 2.46119551406e-08, 4.37332872139e-08, 2.07297770061e-08, 1.45510332672e-08, 1.16697229657e-08, 9.07027430941e-09, 1.6065239139e-09, 7.08200609267e-10, 1.37100650277e-10, 3.05497259434e-11, 7.90782161975e-10, 1.87475451829e-10, 3.47129075484e-10, 5.59141843937e-10, 4.28377437689e-11, 1.71568644708e-11, 1.75892232637e-12, 1.26515172037e-12],
