{
"highlevel": {
    "danceability": {
        "all": {
            "danceable": 0.680989265442,
            "not_danceable": 0.319010734558
        },
        "probability": 0.680989265442,
        "value": "danceable"
    },
    "gender": {
        "all": {
            "female": 0.941179811954,
            "male": 0.0588202029467
        },
        "probability": 0.941179811954,
        "value": "female"
    },
    "genre_dortmund": {
        "all": {
            "alternative": 0.135138422251,
            "blues": 0.0547717139125,
            "electronic": 0.0397805161774,
            "folkcountry": 0.346416145563,
            "funksoulrnb": 0.00806670542806,
            "jazz": 0.0528858713806,
            "pop": 0.175390601158,
            "raphiphop": 0.00241424608976,
            "rock": 0.185135781765
        },
        "probability": 0.346416145563,
        "value": "folkcountry"
    },
    "genre_electronic": {
        "all": {
            "ambient": 0.355486363173,
            "dnb": 0.165492162108,
            "house": 0.094548612833,
            "techno": 0.0392575524747,
            "trance": 0.345215320587
        },
        "probability": 0.355486363173,
        "value": "ambient"
    },
    "genre_rosamerica": {
        "all": {
            "cla": 0.00118020048831,
            "dan": 0.040536493063,
            "hip": 0.000847175251693,
            "jaz": 0.000889069109689,
            "pop": 0.318730950356,
            "rhy": 0.0145576065406,
            "roc": 0.622907876968,
            "spe": 0.000350632937625
        },
        "probability": 0.622907876968,
        "value": "roc"
    },
    "genre_tzanetakis": {
        "all": {
            "blu": 0.0626541376114,
            "cla": 0.0348133966327,
            "cou": 0.0783501937985,
            "dis": 0.104547761381,
            "hip": 0.15693578124,
            "jaz": 0.313987255096,
            "met": 0.044816005975,
            "pop": 0.0627349764109,
            "reg": 0.0627352520823,
            "roc": 0.0784252434969
        },
        "probability": 0.313987255096,
        "value": "jaz"
    },
    "ismir04_rhythm": {
        "all": {
            "ChaChaCha": 0.274086415768,
            "Jive": 0.48929053545,
            "Quickstep": 0.0101350201294,
            "Rumba-American": 0.0160108655691,
            "Rumba-International": 0.0289309863001,
            "Rumba-Misc": 0.0114336581901,
            "Samba": 0.0460124276578,
            "Tango": 0.0150809092447,
            "VienneseWaltz": 0.100839398801,
            "Waltz": 0.00817978195846
        },
        "probability": 0.48929053545,
        "value": "Jive"
    },
    "mood_acoustic": {
        "all": {
            "acoustic": 0.039782114327,
            "not_acoustic": 0.960217893124
        },
        "probability": 0.960217893124,
        "value": "not_acoustic"
    },
    "mood_aggressive": {
        "all": {
            "aggressive": 0.0466256551445,
            "not_aggressive": 0.953374326229
        },
        "probability": 0.953374326229,
        "value": "not_aggressive"
    },
    "mood_electronic": {
        "all": {
            "electronic": 0.151702851057,
            "not_electronic": 0.848297178745
        },
        "probability": 0.848297178745,
        "value": "not_electronic"
    },
    "mood_happy": {
        "all": {
            "happy": 0.943609893322,
            "not_happy": 0.056390106678
        },
        "probability": 0.943609893322,
        "value": "happy"
    },
    "mood_party": {
        "all": {
            "not_party": 0.41060346365,
            "party": 0.58939653635
        },
        "probability": 0.58939653635,
        "value": "party"
    },
    "mood_relaxed": {
        "all": {
            "not_relaxed": 0.994501471519,
            "relaxed": 0.0054985107854
        },
        "probability": 0.994501471519,
        "value": "not_relaxed"
    },
    "mood_sad": {
        "all": {
            "not_sad": 0.670840919018,
            "sad": 0.329159110785
        },
        "probability": 0.670840919018,
        "value": "not_sad"
    },
    "moods_mirex": {
        "all": {
            "Cluster1": 0.347098231316,
            "Cluster2": 0.270893096924,
            "Cluster3": 0.223030492663,
            "Cluster4": 0.0924162045121,
            "Cluster5": 0.0665619596839
        },
        "probability": 0.347098231316,
        "value": "Cluster1"
    },
    "timbre": {
        "all": {
            "bright": 0.999990999699,
            "dark": 9.01832663658e-06
        },
        "probability": 0.999990999699,
        "value": "bright"
    },
    "tonal_atonal": {
        "all": {
            "atonal": 0.00395683245733,
            "tonal": 0.996043145657
        },
        "probability": 0.996043145657,
        "value": "tonal"
    },
    "voice_instrumental": {
        "all": {
            "instrumental": 0.223523870111,
            "voice": 0.776476144791
        },
        "probability": 0.776476144791,
        "value": "voice"
    }
},
"lowlevel": {
    "average_loudness": 0.984231114388,
    "barkbands_crest": {
        "dmean": 2.68853807449,
        "dmean2": 4.42642879486,
        "dvar": 5.76494979858,
        "dvar2": 14.7240419388,
        "max": 21.7084388733,
        "mean": 9.12594223022,
        "median": 8.29454421997,
        "min": 3.14431738853,
        "var": 12.5331859589
    },
    "barkbands_flatness_db": {
        "dmean": 0.0191572140902,
        "dmean2": 0.0304096825421,
        "dvar": 0.000298963394016,
        "dvar2": 0.000743888434954,
        "max": 0.252699077129,
        "mean": 0.124024488032,
        "median": 0.119628362358,
        "min": 0.0490550175309,
        "var": 0.00106630031951
    },
    "barkbands_kurtosis": {
        "dmean": 2.61292409897,
        "dmean2": 4.15972185135,
        "dvar": 15.3579301834,
        "dvar2": 39.4318885803,
        "max": 43.6415176392,
        "mean": 3.67361664772,
        "median": 1.70851421356,
        "min": -1.33519923687,
        "var": 30.4732780457
    },
    "barkbands_skewness": {
        "dmean": 0.555237054825,
        "dmean2": 0.87974780798,
        "dvar": 0.311524748802,
        "dvar2": 0.825237691402,
        "max": 5.84149932861,
        "mean": 1.57019197941,
        "median": 1.45684123039,
        "min": -0.666817367077,
        "var": 0.955457746983
    },
    "barkbands_spread": {
        "dmean": 5.64496469498,
        "dmean2": 8.57629966736,
        "dvar": 27.4402809143,
        "dvar2": 61.8477020264,
        "max": 59.9518356323,
        "mean": 25.5640830994,
        "median": 25.141916275,
        "min": 6.02958869934,
        "var": 89.6597366333
    },
    "dissonance": {
        "dmean": 0.0246483758092,
        "dmean2": 0.0403380468488,
        "dvar": 0.000606972782407,
        "dvar2": 0.00151312258095,
        "max": 0.499951630831,
        "mean": 0.446060597897,
        "median": 0.456258893013,
        "min": 0.27934601903,
        "var": 0.00139231432695
    },
    "dynamic_complexity": 1.10342025757,
    "erbbands_crest": {
        "dmean": 2.85907077789,
        "dmean2": 4.57988977432,
        "dvar": 9.14306163788,
        "dvar2": 21.0649909973,
        "max": 28.3055362701,
        "mean": 9.02954101562,
        "median": 7.99639225006,
        "min": 2.78269267082,
        "var": 18.0655117035
    },
    "erbbands_flatness_db": {
        "dmean": 0.0159949157387,
        "dmean2": 0.024064168334,
        "dvar": 0.000219757392188,
        "dvar2": 0.000509913952556,
        "max": 0.22075638175,
        "mean": 0.123486101627,
        "median": 0.120835267007,
        "min": 0.067050896585,
        "var": 0.000624936656095
    },
    "erbbands_kurtosis": {
        "dmean": 1.30110621452,
        "dmean2": 1.98749399185,
        "dvar": 4.38807725906,
        "dvar2": 10.7890167236,
        "max": 19.1965675354,
        "mean": 1.16519355774,
        "median": 0.351097106934,
        "min": -1.58547484875,
        "var": 6.43001079559
    },
    "erbbands_skewness": {
        "dmean": 0.362623542547,
        "dmean2": 0.534050226212,
        "dvar": 0.130412474275,
        "dvar2": 0.266497462988,
        "max": 3.12132072449,
        "mean": 0.472438454628,
        "median": 0.307538926601,
        "min": -1.19686591625,
        "var": 0.504177808762
    },
    "erbbands_spread": {
        "dmean": 9.93023967743,
        "dmean2": 15.2382907867,
        "dvar": 118.954772949,
        "dvar2": 266.036682129,
        "max": 106.455177307,
        "mean": 37.7350349426,
        "median": 33.9085769653,
        "min": 6.26268911362,
        "var": 267.277832031
    },
    "hfc": {
        "dmean": 7.38921165466,
        "dmean2": 10.6472320557,
        "dvar": 75.0072860718,
        "dvar2": 130.097869873,
        "max": 93.6070251465,
        "mean": 31.8125476837,
        "median": 29.9367656708,
        "min": 6.82835960388,
        "var": 231.752120972
    },
    "melbands_crest": {
        "dmean": 3.55869579315,
        "dmean2": 5.70817375183,
        "dvar": 9.64914417267,
        "dvar2": 24.4643135071,
        "max": 28.9335861206,
        "mean": 13.8779592514,
        "median": 13.0269479752,
        "min": 4.2880525589,
        "var": 24.4033355713
    },
    "melbands_flatness_db": {
        "dmean": 0.0255342274904,
        "dmean2": 0.039454665035,
        "dvar": 0.000539785600267,
        "dvar2": 0.00135769555345,
        "max": 0.352500915527,
        "mean": 0.19044996798,
        "median": 0.184978291392,
        "min": 0.0823154300451,
        "var": 0.00238883751445
    },
    "melbands_kurtosis": {
        "dmean": 6.50874423981,
        "dmean2": 10.7061185837,
        "dvar": 88.2055435181,
        "dvar2": 239.703430176,
        "max": 81.1116485596,
        "mean": 9.7095413208,
        "median": 6.19584369659,
        "min": -1.04875421524,
        "var": 120.498535156
    },
    "melbands_skewness": {
        "dmean": 0.815390944481,
        "dmean2": 1.32084798813,
        "dvar": 0.7528860569,
        "dvar2": 1.98371648788,
        "max": 7.62968730927,
        "mean": 2.3595559597,
        "median": 2.15181469917,
        "min": -0.58770686388,
        "var": 1.43079817295
    },
    "melbands_spread": {
        "dmean": 6.72122001648,
        "dmean2": 10.5111818314,
        "dvar": 39.5596885681,
        "dvar2": 107.55921936,
        "max": 66.1602249146,
        "mean": 23.821056366,
        "median": 22.2335090637,
        "min": 2.84049463272,
        "var": 144.189559937
    },
    "pitch_salience": {
        "dmean": 0.0752563104033,
        "dmean2": 0.121475115418,
        "dvar": 0.00395149877295,
        "dvar2": 0.00957235880196,
        "max": 0.841245889664,
        "mean": 0.540837168694,
        "median": 0.536443471909,
        "min": 0.204406216741,
        "var": 0.0117890210822
    },
    "silence_rate_20dB": {
        "dmean": 0,
        "dmean2": 0,
        "dvar": 0,
        "dvar2": 0,
        "max": 1,
        "mean": 1,
        "median": 1,
        "min": 1,
        "var": 0
    },
    "silence_rate_30dB": {
        "dmean": 0,
        "dmean2": 0,
        "dvar": 0,
        "dvar2": 0,
        "max": 1,
        "mean": 1,
        "median": 1,
        "min": 1,
        "var": 0
    },
    "silence_rate_60dB": {
        "dmean": 0,
        "dmean2": 0,
        "dvar": 0,
        "dvar2": 0,
        "max": 0,
        "mean": 0,
        "median": 0,
        "min": 0,
        "var": 0
    },
    "spectral_centroid": {
        "dmean": 267.103668213,
        "dmean2": 409.489685059,
        "dvar": 67501.875,
        "dvar2": 151661.390625,
        "max": 2799.22802734,
        "mean": 1305.93615723,
        "median": 1346.62109375,
        "min": 349.333526611,
        "var": 281095.3125
    },
    "spectral_complexity": {
        "dmean": 4.42414855957,
        "dmean2": 6.9240899086,
        "dvar": 26.4562759399,
        "dvar2": 55.4892120361,
        "max": 55,
        "mean": 21.0293884277,
        "median": 20,
        "min": 7,
        "var": 59.8043060303
    },
    "spectral_decrease": {
        "dmean": 3.39911121472e-09,
        "dmean2": 5.75856873297e-09,
        "dvar": 1.84562821291e-17,
        "dvar2": 5.30774502115e-17,
        "max": -1.86797133317e-09,
        "mean": -1.0328563782e-08,
        "median": -9.37811162061e-09,
        "min": -3.28120677295e-08,
        "var": 1.98861630796e-17
    },
    "spectral_energy": {
        "dmean": 0.0132350344211,
        "dmean2": 0.0222282279283,
        "dvar": 0.000274647842161,
        "dvar2": 0.000785917276517,
        "max": 0.127235978842,
        "mean": 0.0418679155409,
        "median": 0.0384524166584,
        "min": 0.00798053108156,
        "var": 0.000301756663248
    },
    "spectral_energyband_high": {
        "dmean": 0.00058079615701,
        "dmean2": 0.000777817738708,
        "dvar": 7.66832840782e-07,
        "dvar2": 1.18647471936e-06,
        "max": 0.00824414752424,
        "mean": 0.00141312007327,
        "median": 0.000977560994215,
        "min": 0.000181013601832,
        "var": 1.910750143e-06
    },
    "spectral_energyband_low": {
        "dmean": 0.00930939428508,
        "dmean2": 0.0158946048468,
        "dvar": 0.000173928769073,
        "dvar2": 0.000506847747602,
        "max": 0.100550189614,
        "mean": 0.0170215815306,
        "median": 0.0123230619356,
        "min": 0.000166174781043,
        "var": 0.000223671770073
    },
    "spectral_energyband_middle_high": {
        "dmean": 0.00313206622377,
        "dmean2": 0.00483507243916,
        "dvar": 1.73961561813e-05,
        "dvar2": 4.10927132179e-05,
        "max": 0.0460712090135,
        "mean": 0.00946526881307,
        "median": 0.00782823003829,
        "min": 0.000375067407731,
        "var": 5.1742328651e-05
    },
    "spectral_energyband_middle_low": {
        "dmean": 0.00693967984989,
        "dmean2": 0.0114878099412,
        "dvar": 0.00011453065963,
        "dvar2": 0.000304412766127,
        "max": 0.0746993198991,
        "mean": 0.0160244274884,
        "median": 0.0134559515864,
        "min": 0.00184531428386,
        "var": 0.000107676634798
    },
    "spectral_entropy": {
        "dmean": 0.171993732452,
        "dmean2": 0.251911371946,
        "dvar": 0.0235807653517,
        "dvar2": 0.050422526896,
        "max": 8.36093711853,
        "mean": 7.57422494888,
        "median": 7.54018211365,
        "min": 6.8652882576,
        "var": 0.0872730985284
    },
    "spectral_flux": {
        "dmean": 0.0328911058605,
        "dmean2": 0.0505649261177,
        "dvar": 0.00119154690765,
        "dvar2": 0.00242044916376,
        "max": 0.312133193016,
        "mean": 0.109422512352,
        "median": 0.0983654633164,
        "min": 0.0281114280224,
        "var": 0.00233408622444
    },
    "spectral_kurtosis": {
        "dmean": 1.10636937618,
        "dmean2": 1.75345242023,
        "dvar": 1.38562405109,
        "dvar2": 3.42623257637,
        "max": 11.0392160416,
        "mean": 4.23408699036,
        "median": 4.2888879776,
        "min": 0.0324349403381,
        "var": 3.23678588867
    },
    "spectral_rms": {
        "dmean": 0.000947521009948,
        "dmean2": 0.00155604595784,
        "dvar": 1.14307795229e-06,
        "dvar2": 3.23885956277e-06,
        "max": 0.011141483672,
        "mean": 0.00626941444352,
        "median": 0.00612491276115,
        "min": 0.00279031973332,
        "var": 1.54122938056e-06
    },
    "spectral_rolloff": {
        "dmean": 468.779998779,
        "dmean2": 785.836730957,
        "dvar": 404802.78125,
        "dvar2": 1027171.375,
        "max": 5749.36523438,
        "mean": 1336.47338867,
        "median": 1055.12695312,
        "min": 86.1328125,
        "var": 720607.4375
    },
    "spectral_skewness": {
        "dmean": 0.230834081769,
        "dmean2": 0.344732493162,
        "dvar": 0.0644757375121,
        "dvar2": 0.141595378518,
        "max": 2.98477220535,
        "mean": 1.74848234653,
        "median": 1.79835915565,
        "min": 0.634865522385,
        "var": 0.169683203101
    },
    "spectral_spread": {
        "dmean": 641199.625,
        "dmean2": 901625.875,
        "dvar": 320405209088,
        "dvar2": 632050876416,
        "max": 11200294,
        "mean": 6006223,
        "median": 5839929,
        "min": 3365221.75,
        "var": 1.83076152934e+12
    },
    "spectral_strongpeak": {
        "dmean": 0.587613880634,
        "dmean2": 1.01404678822,
        "dvar": 1.1463739872,
        "dvar2": 2.81836247444,
        "max": 9.91722869873,
        "mean": 0.897795259953,
        "median": 0.441306918859,
        "min": 0,
        "var": 1.61565577984
    },
    "zerocrossingrate": {
        "dmean": 0.010381645523,
        "dmean2": 0.0121884988621,
        "dvar": 6.69556611683e-05,
        "dvar2": 9.59045646596e-05,
        "max": 0.150390625,
        "mean": 0.06907197088,
        "median": 0.06640625,
        "min": 0.02392578125,
        "var": 0.000417070667027
    },
    "barkbands": {
        "dmean": [0.000452637759736, 0.00637662503868, 0.00276883970946, 0.00360230100341, 0.00334185850807, 0.00120904156938, 0.000903081439901, 0.000939574674703, 0.000589066592511, 0.000856535159983, 0.00164919148665, 0.000574692967348, 0.000443918281235, 0.000414087902755, 0.000424116151407, 0.000541270768736, 0.000286690017674, 0.000252148747677, 0.000279614556348, 0.000189529397176, 0.00015245321265, 0.000153584289365, 0.000121221906738, 6.65549741825e-05, 6.84652623022e-05, 7.62834533816e-05, 4.69245406975e-08],
        "dmean2": [0.000748569436837, 0.0105273621157, 0.00484231114388, 0.00620495621115, 0.00572947505862, 0.00182714988478, 0.00146065629087, 0.00158018409275, 0.0008932435303, 0.00130038917996, 0.00265106000006, 0.000914519827347, 0.000689125037752, 0.000637279590592, 0.000666419568006, 0.000829077733215, 0.000424952682806, 0.000400467222789, 0.000442033138825, 0.000294392229989, 0.000236066989601, 0.000215833148104, 0.00016349813086, 9.04863409232e-05, 9.08671427169e-05, 0.000112929919851, 7.86788731943e-08],
        "dvar": [4.01705449349e-07, 7.17702932889e-05, 3.64395345969e-05, 3.9384511183e-05, 3.67699940398e-05, 1.89287061403e-06, 1.22208757602e-06, 3.23479071085e-06, 1.17857678106e-06, 2.18997161028e-06, 1.24455127661e-05, 2.49950085163e-06, 4.47459512998e-07, 6.28768304978e-07, 5.67244967442e-07, 9.08091408292e-07, 3.46098943282e-07, 1.48077603512e-07, 1.61258455478e-07, 6.65239952014e-08, 7.03514544398e-08, 8.94232883297e-08, 5.08049033954e-08, 1.33220448006e-08, 4.91741580788e-09, 4.77143791144e-09, 1.03001273147e-13],
        "dvar2": [1.11767405997e-06, 0.000195762113435, 0.000103326092358, 0.000106403538666, 9.98293908197e-05, 4.17738738179e-06, 3.14678413815e-06, 8.709953363e-06, 2.96260373034e-06, 5.29007502337e-06, 3.07779955619e-05, 5.59324689675e-06, 1.00897295852e-06, 1.3235970755e-06, 1.32800516894e-06, 2.01842590286e-06, 6.56253462239e-07, 3.6408951587e-07, 3.94647173607e-07, 1.55051822048e-07, 1.63882546644e-07, 1.73401318193e-07, 7.70311956444e-08, 2.54080188e-08, 8.85603768097e-09, 9.8701962159e-09, 1.31335087662e-13],
        "max": [0.00717213749886, 0.0698072165251, 0.0567752718925, 0.0389961972833, 0.0425744466484, 0.0132587198168, 0.0134770488366, 0.0317941606045, 0.0251270532608, 0.0212458185852, 0.0365680828691, 0.0258327051997, 0.00953620485961, 0.0111699057743, 0.00947212986648, 0.0164105910808, 0.0087100090459, 0.00491193961352, 0.00408068625256, 0.00279181823134, 0.00278384587727, 0.00300349341705, 0.00205197371542, 0.00120388867799, 0.00085094262613, 0.000650068803225, 1.06184161268e-05],
        "mean": [0.000643599545583, 0.0101475035772, 0.00436678994447, 0.00403544539586, 0.00454457988963, 0.00272361631505, 0.001759848441, 0.00140338775236, 0.00117998302449, 0.00158046197612, 0.0024736172054, 0.000889476039447, 0.000798031222075, 0.000701885728631, 0.000746378325857, 0.000931112386752, 0.000445514946477, 0.000424960337114, 0.000513507868163, 0.000361762475222, 0.000256082392298, 0.00022743329464, 0.000201992923394, 0.000128878251417, 0.000183119176654, 0.000198946887394, 3.4630996737e-08],
        "median": [0.00035768080852, 0.00573920831084, 0.00195849500597, 0.00163770734798, 0.0028502845671, 0.00193281576503, 0.00131909630727, 0.000829497002997, 0.000815723789856, 0.000824011163786, 0.00101109594107, 0.000388922431739, 0.000371805013856, 0.000234274179093, 0.000237436484895, 0.000269852287602, 0.000150913794641, 0.000223429247853, 0.000313018070301, 0.000209543781239, 0.000126321538119, 8.48192794365e-05, 6.53346505715e-05, 6.86955172569e-05, 0.000156225796673, 0.000187084006029, 1.73763070599e-09],
        "min": [4.00861267735e-07, 1.10153450805e-05, 2.2970630198e-06, 2.75287743534e-06, 6.43180392217e-05, 2.73793339147e-05, 3.47912064171e-05, 2.63780821115e-05, 1.91065919353e-05, 2.8835476769e-05, 2.29673114518e-05, 1.29794761961e-05, 5.4325637393e-06, 9.90763965092e-06, 3.28382429871e-06, 5.51645280211e-06, 1.68649000898e-06, 5.04509216626e-07, 1.92941524801e-06, 1.79971641501e-06, 7.21951073501e-06, 8.16455940367e-06, 1.16396204248e-05, 1.44118967e-05, 1.00307925095e-05, 1.61290408869e-05, 1.19717204899e-11],
        "var": [5.83508608543e-07, 0.000121501681861, 3.34804608428e-05, 3.37077290169e-05, 3.09415227093e-05, 5.99562872594e-06, 2.60344654635e-06, 3.32445279128e-06, 1.77368224286e-06, 5.16844602316e-06, 1.84163473023e-05, 4.03432250096e-06, 1.2882341025e-06, 1.75722414042e-06, 1.43201930314e-06, 2.43069371209e-06, 8.35714104142e-07, 3.17083276968e-07, 3.51252282371e-07, 1.75267643954e-07, 1.15910339105e-07, 1.58105052606e-07, 1.17960524904e-07, 2.68173288021e-08, 1.30652493269e-08, 1.11527072022e-08, 9.74525500444e-14]
    },
    "erbbands": {
        "dmean": [0.257202535868, 1.27494943142, 2.57291316986, 8.11912441254, 13.549952507, 10.5402412415, 8.27559947968, 10.4457406998, 8.99563789368, 19.7568321228, 17.235124588, 14.6459522247, 15.722243309, 52.4441566467, 53.2043266296, 22.1145839691, 20.6050796509, 22.5353851318, 16.8642597198, 25.2442245483, 21.0999488831, 15.8734111786, 11.2497768402, 12.0304889679, 14.971827507, 10.4815692902, 6.86403465271, 5.20592164993, 5.69613027573, 4.41998767853, 3.8500161171, 1.99776172638, 0.861946761608, 0.740552902222, 0.535200715065, 0.389272600412, 0.132005348802, 0.0173596926033, 0.000279059197055, 2.01648617804e-05],
        "dmean2": [0.402638465166, 2.17657184601, 4.53193712234, 14.3279676437, 23.2817687988, 17.887840271, 13.1001586914, 15.9420042038, 14.5650978088, 32.5790138245, 29.1705703735, 22.017824173, 23.4489250183, 84.319519043, 81.1840362549, 34.7132720947, 31.9637718201, 34.4160079956, 26.5158214569, 38.7959899902, 31.7578697205, 23.0177726746, 17.7879905701, 19.4719276428, 23.4381103516, 16.3922767639, 11.2980718613, 7.70158243179, 8.31585121155, 5.76879692078, 4.9275393486, 2.64712357521, 1.27301168442, 0.998732089996, 0.762392759323, 0.594701111317, 0.191549837589, 0.024809487164, 0.000385202962207, 3.04276600218e-05],
        "dvar": [0.120744608343, 2.93127202988, 28.5709896088, 235.619995117, 864.332885742, 246.724197388, 121.420135498, 170.485046387, 124.687866211, 991.370178223, 1834.42553711, 870.686035156, 397.342163086, 12017.7158203, 10860.2216797, 2678.41699219, 1037.57446289, 1838.67321777, 931.25958252, 2117.88256836, 1362.72814941, 889.823120117, 314.196960449, 346.2862854, 488.125, 220.347640991, 139.908355713, 73.7516555786, 135.390060425, 71.8072738647, 47.8853569031, 14.1710424423, 1.70021879673, 0.633586585522, 0.241100683808, 0.113307610154, 0.0133875571191, 0.00029196133255, 7.03495075527e-08, 4.09706740756e-10],
        "dvar2": [0.308071911335, 8.61938381195, 81.9245223999, 672.007141113, 2239.24536133, 685.656860352, 295.890563965, 373.973083496, 315.792541504, 2624.76733398, 5294.65283203, 2165.14599609, 849.214660645, 30756.3632812, 23488.5917969, 5768.21142578, 2229.61938477, 3966.51123047, 2022.76782227, 4941.20947266, 3093.55273438, 1857.80578613, 761.35925293, 893.27722168, 1146.7869873, 540.00213623, 365.27734375, 147.183349609, 296.733306885, 114.122116089, 75.7756500244, 24.5792312622, 3.2529463768, 1.10909473896, 0.482868224382, 0.244374170899, 0.0302002783865, 0.000651713518891, 1.51910597879e-07, 9.63030877266e-10],
        "max": [3.00416016579, 15.9820203781, 48.0476722717, 116.827194214, 194.446395874, 130.588546753, 124.266830444, 138.48840332, 144.433441162, 470.381988525, 885.518920898, 629.856567383, 217.326293945, 1491.99084473, 1572.21582031, 905.719604492, 532.848937988, 661.845458984, 470.393096924, 864.879760742, 484.879364014, 464.96963501, 174.649017334, 200.140396118, 212.692092896, 172.354553223, 104.136161804, 111.167060852, 136.834411621, 82.0709762573, 63.6547203064, 36.7959136963, 12.2419672012, 8.93174266815, 5.49215555191, 3.07532930374, 1.21689879894, 0.15719127655, 0.00247246120125, 0.000243615708314],
        "mean": [0.402411013842, 1.86304593086, 4.31838226318, 10.1862945557, 13.5497570038, 17.2851486206, 18.9158306122, 22.7094593048, 18.747959137, 35.0855636597, 27.5530471802, 29.607378006, 31.9283370972, 84.6647262573, 85.4429168701, 39.7036590576, 41.8889694214, 42.7572021484, 32.0929603577, 49.3393936157, 42.0340499878, 27.7628154755, 19.5498523712, 21.1672534943, 28.1490516663, 20.5604953766, 11.7148103714, 8.8388671875, 8.58224391937, 6.91135168076, 5.84885787964, 3.20906209946, 1.97043859959, 1.79552042484, 1.42986965179, 0.950827300549, 0.329382538795, 0.0386234819889, 0.000692284374963, 7.96797903604e-05],
        "median": [0.177196860313, 1.18868625164, 2.64793252945, 6.66150856018, 5.73468494415, 11.4764194489, 14.232378006, 13.2528123856, 13.3326187134, 21.6204032898, 15.8611745834, 18.6135635376, 21.3389511108, 37.1577186584, 38.2512359619, 21.5771102905, 22.6860847473, 15.8215408325, 15.0660133362, 22.004535675, 13.7804660797, 13.5206489563, 10.9790840149, 14.806014061, 16.4508495331, 12.5647964478, 7.22903108597, 3.7921628952, 3.51672458649, 2.28828930855, 1.78987526894, 1.2271437645, 1.25928413868, 1.38761425018, 1.29162919521, 0.885309100151, 0.311481416225, 0.0333158373833, 0.000607730296906, 7.71177728893e-05],
        "min": [0.000654042290989, 0.00628214655444, 0.0368237197399, 0.155970349908, 0.246478527784, 0.329037159681, 0.864233791828, 0.63968616724, 0.787015020847, 1.25440108776, 1.08706438541, 1.07456159592, 1.45657444, 0.948977828026, 1.02374088764, 1.18795704842, 0.907113730907, 0.65029579401, 0.405850589275, 0.48376083374, 0.268013238907, 0.116325587034, 0.0527955926955, 0.0478996932507, 0.11149751395, 0.0998660624027, 0.248611345887, 0.343860119581, 0.33422601223, 0.277218610048, 0.387901812792, 0.191881999373, 0.243027284741, 0.123428873718, 0.0645154714584, 0.0185523424298, 0.014828350395, 0.000940406986047, 6.28352136118e-05, 2.35349671129e-05],
        "var": [0.235799789429, 3.82670283318, 24.8617610931, 166.290664673, 668.680603027, 329.875762939, 286.44229126, 568.870544434, 331.531219482, 1453.70910645, 1608.38635254, 1370.11804199, 928.123474121, 20740.2207031, 19430.0976562, 5270.91064453, 3198.45678711, 5815.82617188, 2297.71289062, 6438.40283203, 5545.44628906, 1842.8927002, 678.889038086, 608.380187988, 1155.02258301, 560.391357422, 190.403991699, 153.322769165, 216.387710571, 152.366744995, 105.43056488, 28.7871704102, 3.81892585754, 1.66499435902, 0.629579484463, 0.251976251602, 0.0318865813315, 0.000583993620239, 1.5546019938e-07, 6.43610720275e-10]
    },
    "gfcc": {
        "mean": [64.3534469604, 74.8676834106, -91.8296966553, 18.078912735, -52.7455711365, 22.5582847595, -36.6118087769, 16.3517780304, -34.6701507568, 13.679110527, -23.0110912323, 9.53748226166, -13.4006385803],
        "cov": [[733.278625488, -201.160690308, -480.038787842, 373.313262939, 80.145652771, -146.875259399, -15.7016506195, -22.948600769, -56.0906829834, -99.9785308838, 22.4259777069, -20.0038223267, -38.0397109985], [-201.160690308, 249.805465698, 129.90133667, -113.749923706, 57.0116348267, 39.1349906921, 13.5767421722, 34.3741455078, 44.7877998352, 31.0913982391, 9.33115959167, -1.4477057457, 17.5696334839], [-480.038787842, 129.90133667, 666.652770996, -203.014099121, -130.097579956, 200.430480957, 10.7638492584, -17.3791179657, 68.9593429565, 65.7448654175, -38.5946578979, 10.2874898911, -0.982110261917], [373.313262939, -113.749923706, -203.014099121, 384.320129395, 61.367313385, -67.982749939, 28.5054264069, -4.54451274872, -6.37050056458, -71.3723907471, 20.8402194977, -6.29382371902, -10.4401941299], [80.145652771, 57.0116348267, -130.097579956, 61.367313385, 239.590286255, -18.2743015289, 27.9315128326, 79.8722381592, -1.98749947548, 33.4443778992, 36.9163398743, 15.0337562561, 23.8147373199], [-146.875259399, 39.1349906921, 200.430480957, -67.982749939, -18.2743015289, 175.545455933, 51.8872871399, -20.70353508, 32.587020874, 24.124382019, -5.39308547974, 0.749398171902, 18.5667800903], [-15.7016506195, 13.5767421722, 10.7638492584, 28.5054264069, 27.9315128326, 51.8872871399, 97.7449111938, 33.2428894043, 2.06950211525, 17.59623909, 10.84815979, -0.00309663079679, 20.8423233032], [-22.948600769, 34.3741455078, -17.3791179657, -4.54451274872, 79.8722381592, -20.70353508, 33.2428894043, 103.395622253, 29.6945152283, 14.6920938492, 8.66531181335, 17.1858520508, 15.8802566528], [-56.0906829834, 44.7877998352, 68.9593429565, -6.37050056458, -1.98749947548, 32.587020874, 2.06950211525, 29.6945152283, 78.4898910522, 17.7215747833, -11.9866123199, 6.53522825241, 5.52559328079], [-99.9785308838, 31.0913982391, 65.7448654175, -71.3723907471, 33.4443778992, 24.124382019, 17.59623909, 14.6920938492, 17.7215747833, 106.426010132, 41.127658844, -0.543583154678, 11.730301857], [22.4259777069, 9.33115959167, -38.5946578979, 20.8402194977, 36.9163398743, -5.39308547974, 10.84815979, 8.66531181335, -11.9866123199, 41.127658844, 86.614074707, 30.2762317657, 6.1413435936], [-20.0038223267, -1.4477057457, 10.2874898911, -6.29382371902, 15.0337562561, 0.749398171902, -0.00309663079679, 17.1858520508, 6.53522825241, -0.543583154678, 30.2762317657, 82.5462112427, 43.2089347839], [-38.0397109985, 17.5696334839, -0.982110261917, -10.4401941299, 23.8147373199, 18.5667800903, 20.8423233032, 15.8802566528, 5.52559328079, 11.730301857, 6.1413435936, 43.2089347839, 75.6884765625]],
        "icov": [[0.00521443970501, 0.000481052440591, 0.00304800341837, -0.00410518143326, 0.00049044995103, -0.00197887583636, 0.00228572799824, -0.000879928818904, 0.00192350242287, -0.000997727620415, 0.00143280683551, -0.00130917620845, 0.00251395464875], [0.000481052440591, 0.0122839761898, -0.00511849904433, 0.00797319132835, -0.0098520796746, 0.0110423723236, -0.00961518287659, 0.0113736297935, -0.0160971060395, 0.0145725579932, -0.013114778325, 0.0108073344454, -0.00711266277358], [0.00304800341837, -0.00511849904433, 0.00800805632025, -0.00663872482255, 0.00733693130314, -0.0115950545296, 0.00862661376595, -0.00913553405553, 0.010049755685, -0.0112726958469, 0.0101018790156, -0.00841393694282, 0.00698232604191], [-0.00410518143326, 0.00797319132835, -0.00663872482255, 0.0147124752402, -0.0103553198278, 0.0144020123407, -0.0146246151999, 0.0150172896683, -0.0187033340335, 0.0179549958557, -0.015031715855, 0.010916903615, -0.00779888080433], [0.00049044995103, -0.0098520796746, 0.00733693130314, -0.0103553198278, 0.0178106222302, -0.0158951804042, 0.0142226619646, -0.020743155852, 0.0199065208435, -0.0188053753227, 0.0132759409025, -0.0103716114536, 0.00623608846217], [-0.00197887583636, 0.0110423723236, -0.0115950545296, 0.0144020123407, -0.0158951804042, 0.0321321226656, -0.0255148243159, 0.0272915642709, -0.0284944642335, 0.0236072912812, -0.0196195244789, 0.0149843972176, -0.0118434792385], [0.00228572799824, -0.00961518287659, 0.00862661376595, -0.0146246151999, 0.0142226619646, -0.0255148243159, 0.0348871909082, -0.0279021766037, 0.0265326164663, -0.0216151382774, 0.0151809602976, -0.00855805911124, 0.00457337358966], [-0.000879928818904, 0.0113736297935, -0.00913553405553, 0.0150172896683, -0.020743155852, 0.0272915642709, -0.0279021766037, 0.0425315648317, -0.0337052755058, 0.0243703033775, -0.0183883253485, 0.0110582122579, -0.00867496617138], [0.00192350242287, -0.0160971060395, 0.010049755685, -0.0187033340335, 0.0199065208435, -0.0284944642335, 0.0265326164663, -0.0337052755058, 0.0499021671712, -0.0328115597367, 0.0287644993514, -0.0207234006375, 0.0136844618246], [-0.000997727620415, 0.0145725579932, -0.0112726958469, 0.0179549958557, -0.0188053753227, 0.0236072912812, -0.0216151382774, 0.0243703033775, -0.0328115597367, 0.0446247272193, -0.0342177636921, 0.0250820107758, -0.0166518148035], [0.00143280683551, -0.013114778325, 0.0101018790156, -0.015031715855, 0.0132759409025, -0.0196195244789, 0.0151809602976, -0.0183883253485, 0.0287644993514, -0.0342177636921, 0.0425902344286, -0.0282499399036, 0.0180101133883], [-0.00130917620845, 0.0108073344454, -0.00841393694282, 0.010916903615, -0.0103716114536, 0.0149843972176, -0.00855805911124, 0.0110582122579, -0.0207234006375, 0.0250820107758, -0.0282499399036, 0.0380100533366, -0.0239272136241], [0.00251395464875, -0.00711266277358, 0.00698232604191, -0.00779888080433, 0.00623608846217, -0.0118434792385, 0.00457337358966, -0.00867496617138, 0.0136844618246, -0.0166518148035, 0.0180101133883, -0.0239272136241, 0.0304252021015]]
    },
    "melbands": {
        "dmean": [0.00199142447673, 0.001383487368, 0.00161384267267, 0.000845305155963, 0.000304036570014, 0.000224158997298, 0.000153680652147, 0.000215132240555, 0.000129187726998, 9.1563888418e-05, 7.66028824728e-05, 0.000205090836971, 0.000217293549213, 7.4861694884e-05, 4.37078924733e-05, 4.74731095892e-05, 4.24731551902e-05, 2.50867942668e-05, 3.25428518408e-05, 3.72384020011e-05, 2.6728524972e-05, 1.80145198101e-05, 1.42885401146e-05, 1.04813698272e-05, 1.04873624878e-05, 1.21363082144e-05, 8.52478660818e-06, 7.68276277086e-06, 4.53146276413e-06, 3.79975540454e-06, 2.82100904769e-06, 3.1543465866e-06, 3.38195673066e-06, 2.11142514672e-06, 2.40656709138e-06, 1.72649720298e-06, 1.10217513338e-06, 6.82310087541e-07, 6.50138019864e-07, 7.27743326934e-07],
        "dmean2": [0.00321443821304, 0.00241597532295, 0.00279679568484, 0.00145625276491, 0.000487328361487, 0.000340486352798, 0.000250747019891, 0.000354751886334, 0.000217960085138, 0.000136924325489, 0.000114665621368, 0.000328866241034, 0.000340026512276, 0.000115694245324, 7.12839901098e-05, 7.299335266e-05, 6.48573113722e-05, 3.89688284486e-05, 5.18366796314e-05, 5.65457739867e-05, 3.99075288442e-05, 2.59204116446e-05, 2.27157433983e-05, 1.66704649018e-05, 1.72867839865e-05, 1.89984584722e-05, 1.32891855174e-05, 1.20393451652e-05, 7.6784290286e-06, 5.82132588534e-06, 4.26525502917e-06, 4.79154368804e-06, 4.86328508487e-06, 2.91809124064e-06, 3.12390443469e-06, 2.41383986577e-06, 1.47739820022e-06, 1.04495290998e-06, 1.0052150401e-06, 1.00335705611e-06],
        "dvar": [7.1300514719e-06, 5.52386882191e-06, 8.34117872728e-06, 2.57696365225e-06, 1.43444921719e-07, 7.28494882196e-08, 3.62663357123e-08, 1.20542125615e-07, 1.08143524358e-07, 3.60654901499e-08, 9.61178781012e-09, 1.83206950055e-07, 1.94278186427e-07, 4.41630767511e-08, 4.33375735298e-09, 4.45871561894e-09, 7.19556236817e-09, 2.1921671145e-09, 3.31940230858e-09, 5.74961678268e-09, 2.95357094338e-09, 1.36205169365e-09, 6.15336115395e-10, 2.72421030179e-10, 3.0730726297e-10, 3.4378924707e-10, 1.6607050457e-10, 1.18794238335e-10, 6.73870403922e-11, 3.53180193424e-11, 2.15318336078e-11, 3.73369356266e-11, 5.24625308473e-11, 1.52452338947e-11, 1.82491331074e-11, 1.20195676329e-11, 3.97232030255e-12, 1.20350517746e-12, 5.77212160447e-13, 5.70081308549e-13],
        "dvar2": [1.90074988495e-05, 1.63124132087e-05, 2.28500975936e-05, 6.88770160195e-06, 3.65492923038e-07, 1.60060196208e-07, 9.01425281086e-08, 3.16631712849e-07, 3.16255153621e-07, 8.78396875237e-08, 2.02683949624e-08, 4.65892952661e-07, 4.52461392797e-07, 9.17530655897e-08, 1.13761933207e-08, 9.43714173474e-09, 1.50366012974e-08, 4.32136992856e-09, 8.30334734303e-09, 1.26979520232e-08, 6.46302211749e-09, 2.57950438787e-09, 1.49549439499e-09, 6.86323831101e-10, 7.82665876553e-10, 8.12524769689e-10, 3.9315192768e-10, 2.95573815423e-10, 1.86680310099e-10, 6.90205878562e-11, 4.61151984654e-11, 8.69691124672e-11, 1.00650494883e-10, 2.22188864529e-11, 2.9779810562e-11, 2.11234744973e-11, 7.05189292377e-12, 2.70630371411e-12, 1.18870982935e-12, 1.07258429569e-12],
        "max": [0.0221926700324, 0.0196816790849, 0.0183803662658, 0.0109760891646, 0.00504603562877, 0.00285356258973, 0.00251603545621, 0.00476414430887, 0.00680738594383, 0.00450228014961, 0.00105271034408, 0.00575113622472, 0.00548792164773, 0.00364147801884, 0.000834338599816, 0.000929908885155, 0.00128344714176, 0.000865006470121, 0.000914841541089, 0.00152818020433, 0.000780047790613, 0.000565771944821, 0.000261298875557, 0.000250318989856, 0.000200954935281, 0.000213431281736, 0.000134955247631, 0.000121607408801, 6.74425318721e-05, 6.23866581009e-05, 5.33685306436e-05, 6.73018948874e-05, 7.06631326466e-05, 3.53866271325e-05, 4.30979998782e-05, 2.78950446955e-05, 2.17549932131e-05, 9.814157238e-06, 7.99147437647e-06, 8.47937371873e-06],
        "mean": [0.0031333474908, 0.00233388482593, 0.00193009374198, 0.0010865473887, 0.000713130924851, 0.00049230561126, 0.000312883232255, 0.000377000716981, 0.000208687793929, 0.000180259157787, 0.000143393306644, 0.000318518548738, 0.000334479263984, 0.000119315438496, 8.15909588709e-05, 9.20300153666e-05, 7.41109543014e-05, 4.2751118599e-05, 6.34146272205e-05, 5.91447897023e-05, 5.21085530636e-05, 2.85837522824e-05, 2.15763484448e-05, 1.67399375641e-05, 1.65457422554e-05, 2.08625224332e-05, 1.54277149704e-05, 1.36131084219e-05, 6.82773770677e-06, 6.24326003162e-06, 4.53742177342e-06, 4.66214032713e-06, 4.59315833723e-06, 3.58707961823e-06, 3.61244724445e-06, 2.45605815508e-06, 1.84967575478e-06, 1.40010627092e-06, 1.2973792991e-06, 1.60195384069e-06],
        "median": [0.00151100708172, 0.00173107697628, 0.00113030837383, 0.000644968007691, 0.000558471190743, 0.000312619027682, 0.000221995142056, 0.000243881877395, 0.000121863704408, 0.00011469059973, 9.28217486944e-05, 0.00012785938452, 0.00013326285989, 5.76602324145e-05, 4.91092578159e-05, 4.22022603743e-05, 2.21597420023e-05, 1.68355600181e-05, 2.58406507783e-05, 1.43945371747e-05, 7.8856573964e-06, 1.14864578791e-05, 6.68140501148e-06, 8.34648380987e-06, 1.01201221696e-05, 1.12288726086e-05, 8.89550483407e-06, 7.44656654206e-06, 4.02271234634e-06, 2.94106985166e-06, 1.88102285392e-06, 2.10465850614e-06, 1.26250563426e-06, 1.31660328861e-06, 1.12943973818e-06, 6.29849694178e-07, 8.46655780151e-07, 7.71987458847e-07, 9.79256014944e-07, 1.23530105611e-06],
        "min": [4.40270832769e-06, 1.81978048204e-05, 3.90852837882e-05, 1.38161976793e-05, 3.48640423908e-05, 6.50426682114e-06, 9.70551627688e-06, 9.64043101703e-06, 4.92250364914e-06, 3.46506317328e-06, 6.07468609815e-06, 3.42328144143e-06, 3.48411822415e-06, 2.12514646591e-06, 1.88107799204e-06, 1.64892844623e-06, 1.06925745058e-06, 4.18692621906e-07, 5.76938077756e-07, 3.65141033853e-07, 1.9495824688e-07, 9.01847627688e-08, 5.83134287524e-08, 2.69861857305e-08, 2.44914915015e-08, 8.24150774292e-08, 2.38707578148e-08, 5.14947586794e-08, 1.73545643634e-07, 1.15931008793e-07, 1.01453942136e-07, 1.57757810371e-07, 7.75300534883e-08, 8.87364208779e-08, 2.18216101189e-07, 4.99388974617e-08, 1.28019976842e-07, 1.60359121537e-07, 7.5601782612e-08, 9.89251631722e-08],
