{
"highlevel": {
    "danceability": {
        "all": {
            "danceable": 0.148894295096,
            "not_danceable": 0.851105690002
        },
        "probability": 0.851105690002,
        "value": "not_danceable"
    },
    "gender": {
        "all": {
            "female": 0.53153014183,
            "male": 0.468469828367
        },
        "probability": 0.53153014183,
        "value": "female"
    },
    "genre_dortmund": {
        "all": {
            "alternative": 0.350495159626,
            "blues": 0.0114760473371,
            "electronic": 0.0650435164571,
            "folkcountry": 0.28357693553,
            "funksoulrnb": 0.0141769908369,
            "jazz": 0.113057479262,
            "pop": 0.0877362936735,
            "raphiphop": 0.00321135297418,
            "rock": 0.0712262019515
        },
        "probability": 0.350495159626,
        "value": "alternative"
    },
    "genre_electronic": {
        "all": {
            "ambient": 0.93197786808,
            "dnb": 0.00579537637532,
            "house": 0.0331939384341,
            "techno": 0.00577139249071,
            "trance": 0.0232614260167
        },
        "probability": 0.93197786808,
        "value": "ambient"
    },
    "genre_rosamerica": {
        "all": {
            "cla": 0.054455704987,
            "dan": 0.0262319967151,
            "hip": 0.0220075398684,
            "jaz": 0.041222192347,
            "pop": 0.465960741043,
            "rhy": 0.310886979103,
            "roc": 0.0487951971591,
            "spe": 0.0304396357387
        },
        "probability": 0.465960741043,
        "value": "pop"
    },
    "genre_tzanetakis": {
        "all": {
            "blu": 0.0626541376114,
            "cla": 0.0348133966327,
            "cou": 0.0783501937985,
            "dis": 0.104547761381,
            "hip": 0.15693578124,
            "jaz": 0.313987255096,
            "met": 0.044816005975,
            "pop": 0.0627349764109,
            "reg": 0.0627352520823,
            "roc": 0.0784252434969
        },
        "probability": 0.313987255096,
        "value": "jaz"
    },
    "ismir04_rhythm": {
        "all": {
            "ChaChaCha": 0.0852621123195,
            "Jive": 0.0712188482285,
            "Quickstep": 0.0292097460479,
            "Rumba-American": 0.0446597896516,
            "Rumba-International": 0.358907133341,
            "Rumba-Misc": 0.0356224365532,
            "Samba": 0.0451370626688,
            "Tango": 0.102338202298,
            "VienneseWaltz": 0.204352632165,
            "Waltz": 0.0232920236886
        },
        "probability": 0.358907133341,
        "value": "Rumba-International"
    },
    "mood_acoustic": {
        "all": {
            "acoustic": 0.590565860271,
            "not_acoustic": 0.409434139729
        },
        "probability": 0.590565860271,
        "value": "acoustic"
    },
    "mood_aggressive": {
        "all": {
            "aggressive": 0.0550297498703,
            "not_aggressive": 0.94497025013
        },
        "probability": 0.94497025013,
        "value": "not_aggressive"
    },
    "mood_electronic": {
        "all": {
            "electronic": 0.645377933979,
            "not_electronic": 0.354622066021
        },
        "probability": 0.645377933979,
        "value": "electronic"
    },
    "mood_happy": {
        "all": {
            "happy": 0.544661700726,
            "not_happy": 0.455338299274
        },
        "probability": 0.544661700726,
        "value": "happy"
    },
    "mood_party": {
        "all": {
            "not_party": 0.980260193348,
            "party": 0.0197397880256
        },
        "probability": 0.980260193348,
        "value": "not_party"
    },
    "mood_relaxed": {
        "all": {
            "not_relaxed": 0.0531323812902,
            "relaxed": 0.946867644787
        },
        "probability": 0.946867644787,
        "value": "relaxed"
    },
    "mood_sad": {
        "all": {
            "not_sad": 0.165112733841,
            "sad": 0.834887266159
        },
        "probability": 0.834887266159,
        "value": "sad"
    },
    "moods_mirex": {
        "all": {
            "Cluster1": 0.0940398126841,
            "Cluster2": 0.433472335339,
            "Cluster3": 0.319311738014,
            "Cluster4": 0.121288903058,
            "Cluster5": 0.0318871922791
        },
        "probability": 0.433472335339,
        "value": "Cluster2"
    },
    "timbre": {
        "all": {
            "bright": 0.546626985073,
            "dark": 0.453373044729
        },
        "probability": 0.546626985073,
        "value": "bright"
    },
    "tonal_atonal": {
        "all": {
            "atonal": 0.0963090956211,
            "tonal": 0.903690934181
        },
        "probability": 0.903690934181,
        "value": "tonal"
    },
    "voice_instrumental": {
        "all": {
            "instrumental": 0.603188872337,
            "voice": 0.396811157465
        },
        "probability": 0.603188872337,
        "value": "instrumental"
    }
},
"lowlevel": {
    "average_loudness": 0.973524689674,
    "barkbands_crest": {
        "dmean": 2.39288783073,
        "dmean2": 3.89905166626,
        "dvar": 5.3595290184,
        "dvar2": 14.2804269791,
        "max": 22.0167827606,
        "mean": 10.1900033951,
        "median": 9.37919616699,
        "min": 3.87769842148,
        "var": 13.0073080063
    },
    "barkbands_flatness_db": {
        "dmean": 0.0222775824368,
        "dmean2": 0.0334958061576,
        "dvar": 0.000487501034513,
        "dvar2": 0.00104733381886,
        "max": 0.479011595249,
        "mean": 0.220076113939,
        "median": 0.212873771787,
        "min": 0.102866694331,
        "var": 0.00314423325472
    },
    "barkbands_kurtosis": {
        "dmean": 4.52723169327,
        "dmean2": 7.02367258072,
        "dvar": 46.3064575195,
        "dvar2": 105.770584106,
        "max": 111.775146484,
        "mean": 9.90253067017,
        "median": 7.32234382629,
        "min": -1.75589549541,
        "var": 103.787185669
    },
    "barkbands_skewness": {
        "dmean": 0.580916881561,
        "dmean2": 0.893698215485,
        "dvar": 0.415790557861,
        "dvar2": 0.905575156212,
        "max": 8.48615550995,
        "mean": 2.09321379662,
        "median": 1.92754375935,
        "min": -0.430371761322,
        "var": 1.37675035
    },
    "barkbands_spread": {
        "dmean": 2.2399096489,
        "dmean2": 3.39984607697,
        "dvar": 11.3363208771,
        "dvar2": 20.7987251282,
        "max": 69.9499893188,
        "mean": 8.43541049957,
        "median": 7.44679641724,
        "min": 1.04147708416,
        "var": 34.7956962585
    },
    "dissonance": {
        "dmean": 0.0339617021382,
        "dmean2": 0.0576812662184,
        "dvar": 0.000894918921404,
        "dvar2": 0.00240261852741,
        "max": 0.498698621988,
        "mean": 0.428484559059,
        "median": 0.438727259636,
        "min": 0.257398635149,
        "var": 0.0019612768665
    },
    "dynamic_complexity": 2.10121870041,
    "erbbands_crest": {
        "dmean": 2.48309230804,
        "dmean2": 3.93241214752,
        "dvar": 5.29187822342,
        "dvar2": 12.2391548157,
        "max": 26.7688941956,
        "mean": 10.3502788544,
        "median": 9.43162536621,
        "min": 3.59431886673,
        "var": 15.6026773453
    },
    "erbbands_flatness_db": {
        "dmean": 0.0188614316285,
        "dmean2": 0.0262110624462,
        "dvar": 0.000466041616164,
        "dvar2": 0.00088930176571,
        "max": 0.383423477411,
        "mean": 0.186419665813,
        "median": 0.180769979954,
        "min": 0.0630655810237,
        "var": 0.00238485517912
    },
    "erbbands_kurtosis": {
        "dmean": 1.98998677731,
        "dmean2": 3.11610078812,
        "dvar": 4.75623941422,
        "dvar2": 10.7458372116,
        "max": 26.2535552979,
        "mean": 4.54836988449,
        "median": 3.52316713333,
        "min": -1.71270489693,
        "var": 18.4202384949
    },
    "erbbands_skewness": {
        "dmean": 0.393577486277,
        "dmean2": 0.607132554054,
        "dvar": 0.131950870156,
        "dvar2": 0.297960489988,
        "max": 3.71803212166,
        "mean": 1.25439703465,
        "median": 1.2347689867,
        "min": -2.27996516228,
        "var": 0.538320541382
    },
    "erbbands_spread": {
        "dmean": 6.45907449722,
        "dmean2": 9.60496425629,
        "dvar": 86.1026611328,
        "dvar2": 185.435974121,
        "max": 128.967437744,
        "mean": 23.3346309662,
        "median": 17.7552547455,
        "min": 4.32979106903,
        "var": 280.476104736
    },
    "hfc": {
        "dmean": 4.05095481873,
        "dmean2": 5.70422172546,
        "dvar": 32.0010986328,
        "dvar2": 59.3970565796,
        "max": 61.9094924927,
        "mean": 13.7751703262,
        "median": 10.8624734879,
        "min": 0.627978742123,
        "var": 95.8867492676
    },
    "melbands_crest": {
        "dmean": 3.03019142151,
        "dmean2": 4.93602991104,
        "dvar": 10.0034399033,
        "dvar2": 24.0941886902,
        "max": 29.4167938232,
        "mean": 13.1682872772,
        "median": 12.2275772095,
        "min": 5.5167927742,
        "var": 20.7928619385
    },
    "melbands_flatness_db": {
        "dmean": 0.0256490670145,
        "dmean2": 0.0379263274372,
        "dvar": 0.000730312080123,
        "dvar2": 0.00150023738388,
        "max": 0.629380106926,
        "mean": 0.305023491383,
        "median": 0.29697701335,
        "min": 0.136252313852,
        "var": 0.0053357873112
    },
    "melbands_kurtosis": {
        "dmean": 7.04467105865,
        "dmean2": 11.1133108139,
        "dvar": 158.017242432,
        "dvar2": 371.866668701,
        "max": 177.71156311,
        "mean": 13.6339941025,
        "median": 7.80084609985,
        "min": -0.90419793129,
        "var": 366.535644531
    },
    "melbands_skewness": {
        "dmean": 0.680819869041,
        "dmean2": 1.04656136036,
        "dvar": 0.674549221992,
        "dvar2": 1.52942550182,
        "max": 11.075715065,
        "mean": 2.28305840492,
        "median": 1.94952630997,
        "min": -0.144937008619,
        "var": 2.0366795063
    },
    "melbands_spread": {
        "dmean": 2.21664595604,
        "dmean2": 3.41176223755,
        "dvar": 12.7734794617,
        "dvar2": 26.5155696869,
        "max": 104.994979858,
        "mean": 8.71622848511,
        "median": 8.02627182007,
        "min": 1.04866981506,
        "var": 31.6973266602
    },
    "pitch_salience": {
        "dmean": 0.0686443224549,
        "dmean2": 0.112860411406,
        "dvar": 0.00420061964542,
        "dvar2": 0.0111820008606,
        "max": 0.815023779869,
        "mean": 0.585145294666,
        "median": 0.595137298107,
        "min": 0.270654916763,
        "var": 0.0116029661149
    },
    "silence_rate_20dB": {
        "dmean": 0,
        "dmean2": 0,
        "dvar": 0,
        "dvar2": 0,
        "max": 1,
        "mean": 1,
        "median": 1,
        "min": 1,
        "var": 0
    },
    "silence_rate_30dB": {
        "dmean": 0.0557275526226,
        "dmean2": 0.111541442573,
        "dvar": 0.0526217184961,
        "dvar2": 0.139377087355,
        "max": 1,
        "mean": 0.964423835278,
        "median": 1,
        "min": 0,
        "var": 0.0343110263348
    },
    "silence_rate_60dB": {
        "dmean": 0,
        "dmean2": 0,
        "dvar": 0,
        "dvar2": 0,
        "max": 0,
        "mean": 0,
        "median": 0,
        "min": 0,
        "var": 0
    },
    "spectral_centroid": {
        "dmean": 96.0797119141,
        "dmean2": 149.84854126,
        "dvar": 21379.609375,
        "dvar2": 40257.6484375,
        "max": 3340.89941406,
        "mean": 537.311767578,
        "median": 478.817687988,
        "min": 203.99772644,
        "var": 70837.6640625
    },
    "spectral_complexity": {
        "dmean": 1.97213625908,
        "dmean2": 3.1518201828,
        "dvar": 4.4961104393,
        "dvar2": 9.48896312714,
        "max": 37,
        "mean": 12.7540607452,
        "median": 12,
        "min": 4,
        "var": 16.7469596863
    },
    "spectral_decrease": {
        "dmean": 3.71701580626e-09,
        "dmean2": 5.49143974737e-09,
        "dvar": 2.93345343648e-17,
        "dvar2": 6.2399858433e-17,
        "max": -7.14721781758e-10,
        "mean": -1.05020756536e-08,
        "median": -8.53757953223e-09,
        "min": -4.74153694086e-08,
        "var": 5.59150933029e-17
    },
    "spectral_energy": {
        "dmean": 0.0143339894712,
        "dmean2": 0.0211401376873,
        "dvar": 0.000432533939602,
        "dvar2": 0.000916905584745,
        "max": 0.180327519774,
        "mean": 0.0408867970109,
        "median": 0.0332867838442,
        "min": 0.00282035418786,
        "var": 0.000834255304653
    },
    "spectral_energyband_high": {
        "dmean": 0.000134583839099,
        "dmean2": 0.00018736324273,
        "dvar": 1.2237394742e-07,
        "dvar2": 2.11521225424e-07,
        "max": 0.00534042762592,
        "mean": 0.000253134669038,
        "median": 8.72693199199e-05,
        "min": 2.01424114721e-07,
        "var": 2.8316989642e-07
    },
    "spectral_energyband_low": {
        "dmean": 0.00983553752303,
        "dmean2": 0.0151772322133,
        "dvar": 0.000296727579553,
        "dvar2": 0.000654539035168,
        "max": 0.172643363476,
        "mean": 0.0185676384717,
        "median": 0.0117342732847,
        "min": 0.000116901166621,
        "var": 0.000445133890025
    },
    "spectral_energyband_middle_high": {
        "dmean": 0.000929242291022,
        "dmean2": 0.0013178504305,
        "dvar": 3.66386370843e-06,
        "dvar2": 7.61004503147e-06,
        "max": 0.0260150432587,
        "mean": 0.00228587794118,
        "median": 0.00138967402745,
        "min": 7.20012485544e-06,
        "var": 9.15439431992e-06
    },
    "spectral_energyband_middle_low": {
        "dmean": 0.00897957570851,
        "dmean2": 0.0136901140213,
        "dvar": 0.000163554679602,
        "dvar2": 0.000378150813049,
        "max": 0.123014636338,
        "mean": 0.0237172674388,
        "median": 0.0187129918486,
        "min": 0.00106850767042,
        "var": 0.000331636838382
    },
    "spectral_entropy": {
        "dmean": 0.20083335042,
        "dmean2": 0.292205542326,
        "dvar": 0.0511220693588,
        "dvar2": 0.10680616647,
        "max": 8.07240486145,
        "mean": 6.78977108002,
        "median": 6.81981372833,
        "min": 5.14136791229,
        "var": 0.264501959085
    },
    "spectral_flux": {
        "dmean": 0.0318874493241,
        "dmean2": 0.0515982024372,
        "dvar": 0.00187461776659,
        "dvar2": 0.00445840507746,
        "max": 0.352835655212,
        "mean": 0.0887641832232,
        "median": 0.0719908773899,
        "min": 0.0186018161476,
        "var": 0.00308899721131
    },
    "spectral_kurtosis": {
        "dmean": 4.39605283737,
        "dmean2": 7.00060892105,
        "dvar": 86.638710022,
        "dvar2": 191.645477295,
        "max": 196.264343262,
        "mean": 13.8509874344,
        "median": 9.11844062805,
        "min": 0.0469470024109,
        "var": 382.41696167
    },
    "spectral_rms": {
        "dmean": 0.00103323871735,
        "dmean2": 0.00150673487224,
        "dvar": 1.66766756138e-06,
        "dvar2": 3.30578245666e-06,
        "max": 0.0132638337091,
        "mean": 0.00596763426438,
        "median": 0.00569867622107,
        "min": 0.00165878422558,
        "var": 4.27687064075e-06
    },
    "spectral_rolloff": {
        "dmean": 111.015785217,
        "dmean2": 185.075149536,
        "dvar": 57542.7070312,
        "dvar2": 115790.117188,
        "max": 4974.16992188,
        "mean": 536.681213379,
        "median": 516.796875,
        "min": 86.1328125,
        "var": 110971.140625
    },
    "spectral_skewness": {
        "dmean": 0.420541673899,
        "dmean2": 0.636008858681,
        "dvar": 0.348678946495,
        "dvar2": 0.713240921497,
        "max": 11.3807420731,
        "mean": 2.88156533241,
        "median": 2.63915610313,
        "min": 0.495667487383,
        "var": 1.98035228252
    },
    "spectral_spread": {
        "dmean": 611501,
        "dmean2": 931971.9375,
        "dvar": 715027709952,
        "dvar2": 1.43135840666e+12,
        "max": 15651391,
        "mean": 4143849.75,
        "median": 3993245.75,
        "min": 506396.25,
        "var": 2.08305245389e+12
    },
    "spectral_strongpeak": {
        "dmean": 0.357863426208,
        "dmean2": 0.602669656277,
        "dvar": 0.21369959414,
        "dvar2": 0.520253062248,
        "max": 3.62876343727,
        "mean": 0.684091210365,
        "median": 0.438196152449,
        "min": 0.0350327342749,
        "var": 0.363852202892
    },
    "zerocrossingrate": {
        "dmean": 0.00530306715518,
        "dmean2": 0.00669410545379,
        "dvar": 3.80360143026e-05,
        "dvar2": 4.85265372845e-05,
        "max": 0.130859375,
        "mean": 0.0280461497605,
        "median": 0.02587890625,
        "min": 0.00244140625,
        "var": 0.000197752495296
    },
    "barkbands": {
        "dmean": [0.000538326858077, 0.00530412234366, 0.00252062594518, 0.00572084356099, 0.00241380254738, 0.00247066887096, 0.00174913182855, 0.000722415221389, 0.000967742409557, 0.000452972191852, 0.000309796305373, 0.000163352699019, 0.000125813501654, 7.50874969526e-05, 3.36980447173e-05, 3.60152043868e-05, 3.3399417589e-05, 4.64452896267e-05, 3.12161573675e-05, 2.96992566291e-05, 3.11764706566e-05, 3.64588959201e-05, 2.30787209148e-05, 1.95793654711e-05, 1.66349745996e-05, 1.66766731127e-05, 2.27778707007e-09],
        "dmean2": [0.000722225231584, 0.00838536676019, 0.00414050742984, 0.00945362541825, 0.00405244156718, 0.0038015965838, 0.00251602847129, 0.00111569894943, 0.00148651015479, 0.000655780895613, 0.000484784744913, 0.000245526665822, 0.000182689545909, 0.000111759989522, 5.35024155397e-05, 5.81917520321e-05, 5.49952164874e-05, 7.57474044804e-05, 4.68848229502e-05, 4.46196754638e-05, 4.78750916955e-05, 4.92677863804e-05, 3.38336831192e-05, 3.02342141367e-05, 2.52207664744e-05, 2.48806773016e-05, 4.02792466048e-09],
        "dvar": [2.45136675403e-06, 0.000177499561687, 1.90827340703e-05, 0.000116741546663, 9.64216178545e-06, 1.40175916385e-05, 6.95690459906e-06, 8.26914401841e-07, 2.57430156125e-06, 1.09101597445e-06, 4.64611389361e-07, 2.09463621559e-07, 1.34936129825e-07, 3.51337057225e-08, 6.51925580186e-09, 6.15921491587e-09, 9.16960374298e-09, 3.60681262634e-08, 1.59921711429e-08, 7.13537673391e-09, 1.1106315867e-08, 1.39013085487e-08, 4.61985738553e-09, 1.62077795629e-09, 1.20385346136e-09, 2.6552586796e-09, 1.16557728947e-16],
        "dvar2": [4.39619770987e-06, 0.000428384868428, 4.54900000477e-05, 0.000283987988951, 2.59730695689e-05, 3.3999538573e-05, 1.61541629495e-05, 1.83700365142e-06, 6.35980768493e-06, 2.46432000495e-06, 9.74113049779e-07, 3.86124810348e-07, 2.65671928901e-07, 6.53026575037e-08, 1.40471856369e-08, 1.58990669519e-08, 2.50149305714e-08, 9.95746844978e-08, 2.83670757995e-08, 1.78635382042e-08, 2.37900685818e-08, 2.39188260309e-08, 8.95508023291e-09, 3.60183505244e-09, 2.36242092555e-09, 6.34721608606e-09, 1.99845591913e-16],
        "max": [0.0181761793792, 0.147045716643, 0.0415708124638, 0.103820219636, 0.0340799838305, 0.055512830615, 0.0294706728309, 0.00990148726851, 0.0237504448742, 0.0156602878124, 0.0106470473111, 0.00821526814252, 0.00580842746422, 0.00333721516654, 0.00144940777682, 0.00121665757615, 0.0016211111797, 0.00461611198261, 0.00325940758921, 0.00229424843565, 0.00212739687413, 0.00265824911185, 0.0013495888561, 0.000319176033372, 0.00058036018163, 0.00110519304872, 3.1009156487e-07],
        "mean": [0.000609855807852, 0.0102817062289, 0.003770820098, 0.00682852929458, 0.00427211821079, 0.00492246402428, 0.00406982610002, 0.00158610416111, 0.00192669942044, 0.000850814976729, 0.000547630013898, 0.00028488721, 0.000212675498915, 0.000125695733004, 5.23229500686e-05, 6.39708159724e-05, 6.31688089925e-05, 8.59664141899e-05, 5.0648170145e-05, 4.86661374453e-05, 5.03321571159e-05, 5.9541031078e-05, 3.63836079487e-05, 3.05732282868e-05, 3.06141373585e-05, 2.47668704105e-05, 1.78415793251e-09],
        "median": [4.33679997514e-05, 0.00663716346025, 0.00191368418746, 0.00269425520673, 0.00301165087149, 0.00279768113978, 0.00288049597293, 0.00113036530092, 0.00106556375977, 0.000340230122674, 0.000231494341278, 8.90221781447e-05, 5.41917252121e-05, 4.00498465751e-05, 1.11751860459e-05, 1.23550944409e-05, 1.37234028443e-05, 1.48352919496e-05, 9.67254709394e-06, 1.24534581118e-05, 7.27015776647e-06, 1.19490896395e-05, 1.08074345917e-05, 1.38444665936e-05, 1.42605767905e-05, 7.86758755567e-06, 5.54300105815e-10],
        "min": [2.2648343645e-08, 1.94248787011e-06, 6.87655756337e-06, 7.36652418709e-06, 9.91506021819e-05, 0.00010742215818, 2.22324433707e-05, 9.47851094679e-06, 7.63927801017e-06, 3.25203154716e-06, 1.40976135299e-06, 1.08230096885e-06, 1.52730024183e-07, 1.22232364674e-07, 2.38625901261e-08, 2.27637055872e-08, 1.96076719305e-08, 1.29628023871e-08, 2.18935962693e-08, 1.94038083379e-08, 2.51807321661e-08, 1.96168077338e-08, 2.1378289361e-08, 2.2217973239e-08, 4.04753647265e-10, 9.79078595975e-10, 9.53794855596e-12],
        "var": [3.80253504773e-06, 0.000217222768697, 2.61349432549e-05, 0.000129047097289, 1.56078713189e-05, 3.85325984098e-05, 1.70418970811e-05, 2.25032681556e-06, 6.2523026827e-06, 2.64241839432e-06, 9.29917121084e-07, 4.88307250635e-07, 2.83779826304e-07, 7.03848712647e-08, 1.51583243735e-08, 1.68043090554e-08, 2.31307950571e-08, 4.53674040557e-08, 4.05974240891e-08, 1.10585780533e-08, 2.01197369876e-08, 3.20265094444e-08, 8.35256130927e-09, 2.45173770175e-09, 2.2627739682e-09, 3.15135983975e-09, 9.86812441793e-17]
    },
    "erbbands": {
        "dmean": [0.204875484109, 1.03692603111, 2.16567134857, 13.3443832397, 12.7845020294, 7.20691251755, 14.984708786, 20.2979469299, 16.9658756256, 32.5062141418, 14.8245048523, 20.6994419098, 14.1225690842, 13.5903224945, 10.9713830948, 6.31338739395, 6.04845523834, 3.50672984123, 2.39724969864, 1.91413331032, 1.90797126293, 1.50963556767, 2.39513301849, 1.83776557446, 1.55379450321, 1.48504364491, 1.02997505665, 1.49798381329, 1.30896818638, 1.02521979809, 0.593098163605, 0.460917979479, 0.332339644432, 0.183117479086, 0.131864354014, 0.0768129304051, 0.0318647287786, 0.00336301629432, 6.2055165472e-05, 1.76380308403e-05],
        "dmean2": [0.327619969845, 1.69730043411, 3.56148672104, 21.9559402466, 21.6774902344, 11.7076587677, 24.2326412201, 30.9280872345, 23.9752788544, 47.16796875, 22.8431301117, 32.7310943604, 20.4329853058, 19.7128791809, 16.8201465607, 9.09504985809, 8.8545255661, 5.19641304016, 3.74892401695, 3.04267954826, 3.04998683929, 2.44603705406, 3.80233430862, 2.82744789124, 2.26724910736, 2.28030586243, 1.59407162666, 2.23527526855, 1.74961292744, 1.52165472507, 0.845752298832, 0.70732396841, 0.538404524326, 0.284087508917, 0.200225397944, 0.119796968997, 0.0473793745041, 0.0052128857933, 9.2586815299e-05, 2.56826151599e-05],
        "dvar": [0.339200586081, 6.16044330597, 12.8302869797, 686.686279297, 347.725799561, 101.659065247, 421.436187744, 1133.17736816, 759.64074707, 2552.56811523, 361.823944092, 1624.2902832, 646.067687988, 1027.36083984, 592.62512207, 312.696075439, 304.749267578, 81.4231491089, 37.4210968018, 16.6822566986, 21.1620693207, 19.7099685669, 61.6179733276, 57.0709609985, 36.5655479431, 22.1183986664, 8.68061256409, 31.8220939636, 22.3400554657, 9.34209632874, 2.73380589485, 1.04660975933, 0.459253132343, 0.127935320139, 0.089386112988, 0.0505982078612, 0.0108749913052, 0.000133598950924, 3.97982944378e-08, 7.3374373244e-10],
        "dvar2": [0.754510164261, 16.2435302734, 31.7571983337, 1633.33129883, 927.696533203, 274.265045166, 1099.15344238, 2615.95532227, 1659.82275391, 5613.33056641, 841.626342773, 3975.26098633, 1401.58837891, 2193.21118164, 1218.4362793, 584.820373535, 603.043395996, 143.660903931, 84.9777984619, 40.6758537292, 54.6032867432, 53.520198822, 161.85017395, 147.035217285, 77.6076126099, 57.1672401428, 19.8610286713, 63.4535369873, 40.6710205078, 19.2732200623, 5.02518844604, 2.27573847771, 1.10143506527, 0.253624886274, 0.192265406251, 0.118562094867, 0.0263838563114, 0.00033070682548, 9.77216529918e-08, 1.56030521836e-09],
        "max": [5.99777936935, 26.0389194489, 28.5191230774, 252.954238892, 153.109588623, 122.210548401, 258.294158936, 536.580505371, 421.762145996, 646.216125488, 204.547363281, 668.450317383, 343.459960938, 597.725952148, 393.694702148, 282.703887939, 324.672790527, 182.380447388, 92.2326889038, 49.3592300415, 66.6995773315, 84.8266830444, 162.691482544, 209.390029907, 172.82170105, 129.542327881, 48.5699424744, 110.314651489, 115.39264679, 57.0589637756, 32.2291603088, 10.7190027237, 6.19061326981, 6.3754196167, 4.99796533585, 4.09117937088, 2.30415463448, 0.27180019021, 0.00465989485383, 0.000352982344339],
        "mean": [0.320400923491, 2.20321345329, 3.83019208908, 16.3468322754, 17.687959671, 13.124370575, 26.1263084412, 42.5020828247, 40.9102706909, 71.9961013794, 34.5226402283, 41.2923583984, 29.9296550751, 27.6889705658, 20.2675971985, 11.7066755295, 10.6367855072, 6.14737272263, 3.87828588486, 3.19435548782, 3.71499371529, 3.1834499836, 4.8670372963, 3.14325380325, 2.53879594803, 2.40710639954, 1.67333376408, 2.29118347168, 2.0799779892, 1.65699017048, 0.95430624485, 0.64277946949, 0.527063906193, 0.332102686167, 0.228817686439, 0.121529646218, 0.0445873662829, 0.00384667818435, 9.03048858163e-05, 4.917446131e-05],
        "median": [0.129147663713, 1.67845356464, 2.63972425461, 7.45079231262, 9.94099807739, 8.99597358704, 17.2138462067, 23.2256526947, 27.1612548828, 47.1659851074, 24.7391223907, 21.3994350433, 16.2822818756, 12.3093557358, 9.29393100739, 4.05983686447, 3.25503444672, 2.1706430912, 1.17757606506, 0.800293266773, 0.624140560627, 0.77617764473, 0.818902730942, 0.638686597347, 0.603922784328, 0.617289721966, 0.339186877012, 0.306606084108, 0.427001714706, 0.331520140171, 0.310552000999, 0.224322929978, 0.259852081537, 0.160886079073, 0.099978543818, 0.0440449602902, 0.0131027717143, 0.000850234180689, 3.45409716829e-05, 3.97420917579e-05],
        "min": [4.6145862143e-05, 0.00106265326031, 0.0267940610647, 0.176608502865, 0.290610849857, 0.416468411684, 0.335993677378, 1.18099093437, 0.779359936714, 0.320686012506, 0.466738522053, 0.175383254886, 0.29760992527, 0.110458701849, 0.0486146323383, 0.0415962412953, 0.0136641301215, 0.01114898175, 0.00306491251104, 0.00127181829885, 0.00113644334488, 0.00111582048703, 0.00110537651926, 0.00139889877755, 0.000909198366571, 0.00120435724966, 0.001219022437, 0.000810843484942, 0.00086047424702, 0.000955285446253, 0.000705925398506, 0.000401595054427, 0.000290085648885, 3.64355037163e-05, 1.1154996173e-05, 7.05598586137e-06, 4.88325213155e-06, 1.02847434391e-06, 2.06830827665e-06, 3.45656098943e-06],
        "var": [0.409329712391, 7.06960868835, 17.6650886536, 734.592834473, 472.830322266, 165.282287598, 826.280944824, 3242.36645508, 1929.78417969, 6729.86376953, 981.188415527, 4334.48974609, 1599.86499023, 2457.60351562, 1185.56152344, 701.083374023, 608.955993652, 171.949935913, 67.2713470459, 35.0237083435, 64.8390045166, 48.0557899475, 130.620498657, 101.89805603, 73.6127243042, 30.4928340912, 15.8815088272, 56.3267669678, 47.3415756226, 17.8484306335, 5.14355421066, 1.5622638464, 0.62281036377, 0.237686991692, 0.148298323154, 0.0692074075341, 0.011895224452, 0.000131262393552, 4.10034388665e-08, 1.33136568436e-09]
    },
    "gfcc": {
        "mean": [-22.720533371, 131.806213379, -66.8017501831, 10.6406021118, -74.815826416, 11.8746948242, -36.7446517944, 13.6166954041, -25.6338615417, 3.53156089783, -15.9213085175, 1.86874520779, -14.4650115967],
        "cov": [[3637.00244141, -1314.36779785, -627.06262207, 451.74710083, -7.30999040604, 148.538711548, -201.59085083, 149.178283691, -180.873031616, 106.062454224, -287.604522705, 144.280944824, -100.602584839], [-1314.36779785, 1009.65289307, 267.926300049, -415.802001953, 130.105133057, 58.6480331421, 210.51008606, -100.078460693, 107.140319824, -38.1454658508, 208.291671753, -102.783210754, 51.3535766602], [-627.06262207, 267.926300049, 752.157958984, -102.780769348, 87.0481567383, 220.061843872, 105.136245728, 99.6328659058, 71.7143249512, 80.8791122437, 80.4650878906, 24.0768375397, 63.9622077942], [451.74710083, -415.802001953, -102.780769348, 614.287353516, 74.0838165283, -132.998001099, 3.69559788704, 45.1410446167, 63.863735199, 19.3605556488, -47.2654266357, 54.7635154724, -10.4016265869], [-7.30999040604, 130.105133057, 87.0481567383, 74.0838165283, 215.583984375, 83.6789474487, 67.4766616821, 31.5731296539, 62.0669364929, 36.9141426086, 39.3173713684, -1.4042122364, 21.7014904022], [148.538711548, 58.6480331421, 220.061843872, -132.998001099, 83.6789474487, 305.288665771, 81.7011413574, 67.4314422607, -7.84817934036, 87.6344604492, 39.9789619446, 8.45228767395, 38.1060180664], [-201.59085083, 210.51008606, 105.136245728, 3.69559788704, 67.4766616821, 81.7011413574, 223.789855957, 4.52408599854, 20.9812774658, 47.7445259094, 87.689994812, -11.2429304123, -4.90357971191], [149.178283691, -100.078460693, 99.6328659058, 45.1410446167, 31.5731296539, 67.4314422607, 4.52408599854, 134.358474731, 12.097867012, 40.6280822754, -2.52730774879, 36.7742538452, 24.0169563293], [-180.873031616, 107.140319824, 71.7143249512, 63.863735199, 62.0669364929, -7.84817934036, 20.9812774658, 12.097867012, 122.174827576, 11.9419603348, 19.8034286499, 12.031244278, 32.6347808838], [106.062454224, -38.1454658508, 80.8791122437, 19.3605556488, 36.9141426086, 87.6344604492, 47.7445259094, 40.6280822754, 11.9419603348, 98.7146835327, 33.707698822, 11.9763002396, 3.2469856739], [-287.604522705, 208.291671753, 80.4650878906, -47.2654266357, 39.3173713684, 39.9789619446, 87.689994812, -2.52730774879, 19.8034286499, 33.707698822, 105.481628418, -10.7592287064, 2.65321540833], [144.280944824, -102.783210754, 24.0768375397, 54.7635154724, -1.4042122364, 8.45228767395, -11.2429304123, 36.7742538452, 12.031244278, 11.9763002396, -10.7592287064, 72.48828125, 26.0775241852], [-100.602584839, 51.3535766602, 63.9622077942, -10.4016265869, 21.7014904022, 38.1060180664, -4.90357971191, 24.0169563293, 32.6347808838, 3.2469856739, 2.65321540833, 26.0775241852, 76.855682373]],
        "icov": [[0.000838045962155, 0.000294687692076, 0.000752649793867, -0.000266765942797, -0.000329855305608, -0.00113212771248, 0.000160474693985, -0.000245490460657, 0.000406523613492, -0.000614372256678, 0.00138825911563, -0.00121388817206, 0.00119629851542], [0.000294687692076, 0.0118857817724, -0.00172661058605, 0.00752750504762, -0.00575014436617, 0.0041818888858, -0.00600604712963, 0.00352060724981, -0.00676972325891, 0.00853936374187, -0.0128005323932, 0.00810589827597, -0.00682820985094], [0.000752649793867, -0.00172661058605, 0.00302228378132, -0.0013235550141, 0.000875844503753, -0.00284131104127, 0.00093222403666, -0.00175440695602, 0.00042930842028, -0.00195822771639, 0.00272934162058, -0.00259339949116, 0.00189984147437], [-0.000266765942797, 0.00752750504762, -0.0013235550141, 0.00778312981129, -0.00492870574817, 0.00532754790038, -0.00486253527924, 0.00162597524468, -0.00527797685936, 0.00421950640157, -0.0070141912438, 0.00419245520607, -0.00440965266898], [-0.000329855305608, -0.00575014436617, 0.000875844503753, -0.00492870574817, 0.0102059887722, -0.00441577890888, 0.00234889378771, -0.00218033371493, 2.94384262816e-05, -0.00305932969786, 0.00416958564892, -0.00173870241269, 0.00271593919024], [-0.00113212771248, 0.0041818888858, -0.00284131104127, 0.00532754790038, -0.00441577890888, 0.0113574992865, -0.00430819718167, 0.000382836908102, -0.000465904682642, -0.00108493352309, -0.00473186001182, 0.0049945525825, -0.00725700333714], [0.000160474693985, -0.00600604712963, 0.00093222403666, -0.00486253527924, 0.00234889378771, -0.00430819718167, 0.0108156744391, -0.00114802282769, 0.00348214316182, -0.00469281617552, 0.00142752379179, -0.00419946573675, 0.00540616782382], [-0.000245490460657, 0.00352060724981, -0.00175440695602, 0.00162597524468, -0.00218033371493, 0.000382836908102, -0.00114802282769, 0.012249674648, -0.00164644024335, 0.000291093398118, -0.00340712396428, -0.000691006542183, -0.00343006290495], [0.000406523613492, -0.00676972325891, 0.00042930842028, -0.00527797685936, 2.94384262816e-05, -0.000465904682642, 0.00348214316182, -0.00164644024335, 0.0168327763677, -0.0068822260946, 0.00749247614294, -0.00557706225663, -0.00027988225338], [-0.000614372256678, 0.00853936374187, -0.00195822771639, 0.00421950640157, -0.00305932969786, -0.00108493352309, -0.00469281617552, 0.000291093398118, -0.0068822260946, 0.0246912557632, -0.0156343467534, 0.00574521254748, -0.00282831513323], [0.00138825911563, -0.0128005323932, 0.00272934162058, -0.0070141912438, 0.00416958564892, -0.00473186001182, 0.00142752379179, -0.00340712396428, 0.00749247614294, -0.0156343467534, 0.0345308743417, -0.0108734583482, 0.00945045240223], [-0.00121388817206, 0.00810589827597, -0.00259339949116, 0.00419245520607, -0.00173870241269, 0.0049945525825, -0.00419946573675, -0.000691006542183, -0.00557706225663, 0.00574521254748, -0.0108734583482, 0.0275847390294, -0.0131756868213], [0.00119629851542, -0.00682820985094, 0.00189984147437, -0.00440965266898, 0.00271593919024, -0.00725700333714, 0.00540616782382, -0.00343006290495, -0.00027988225338, -0.00282831513323, 0.00945045240223, -0.0131756868213, 0.025592584163]]
    },
    "melbands": {
        "dmean": [0.00161826831754, 0.00112809857819, 0.00217514391989, 0.000636167475022, 0.000464486452984, 0.000447151542176, 0.000276548351394, 0.000310682342388, 0.000129671723698, 0.000125840058899, 7.2741691838e-05, 5.91788593738e-05, 4.42808523076e-05, 2.00857539312e-05, 1.87102941709e-05, 9.31805698201e-06, 6.24202357358e-06, 4.40025678472e-06, 2.5564668249e-06, 2.54262135968e-06, 2.53746179624e-06, 1.57482577379e-06, 2.32064076044e-06, 2.36345795201e-06, 1.49984896325e-06, 1.15029740755e-06, 1.16514581805e-06, 9.90351736618e-07, 6.03386581588e-07, 8.28920008189e-07, 9.57381985245e-07, 8.19676472474e-07, 6.8511678819e-07, 5.37241760412e-07, 3.33019528398e-07, 3.88668127016e-07, 2.51459084666e-07, 2.43939297206e-07, 1.9277138108e-07, 1.60791174153e-07],
        "dmean2": [0.00257040117867, 0.00185866339598, 0.00358625152148, 0.00106890837196, 0.000748884864151, 0.000683868071064, 0.000396942225052, 0.000452693435363, 0.000204648997169, 0.000196515145944, 0.000105208491732, 8.53956516949e-05, 6.86691491865e-05, 3.03928864014e-05, 2.6531462936e-05, 1.41365808304e-05, 9.27065775613e-06, 7.0326432251e-06, 3.98684096581e-06, 4.09187805417e-06, 4.0872973841e-06, 2.6068362331e-06, 3.84383929486e-06, 3.84926852348e-06, 2.32284673984e-06, 1.73003479631e-06, 1.80153006113e-06, 1.56109410909e-06, 9.23428160604e-07, 1.32034267608e-06, 1.39726887483e-06, 1.09999075448e-06, 1.01950047338e-06, 8.0183491491e-07, 4.69159573413e-07, 6.18108117578e-07, 3.85786989909e-07, 4.00500709929e-07, 3.1874262163e-07, 2.49445236022e-07],
        "dvar": [1.83792581083e-05, 3.92161246054e-06, 1.63325548783e-05, 7.37239076898e-07, 3.51684974476e-07, 5.14028954512e-07, 1.8457738804e-07, 2.15716809748e-07, 3.14436974236e-08, 5.28787253984e-08, 1.77752355057e-08, 2.04924326397e-08, 1.02094288579e-08, 3.91412591227e-09, 3.00817171173e-09, 6.24951479455e-10, 2.64338745337e-10, 1.40299855067e-10, 3.19167955953e-11, 3.15025852626e-11, 4.32797755967e-11, 1.83957345884e-11, 6.64179683474e-11, 1.23725543699e-10, 3.73102521101e-11, 2.81942004465e-11, 1.18461013568e-11, 1.05904018194e-11, 2.87203897817e-12, 8.89664817511e-12, 1.27352052515e-11, 1.000840643e-11, 3.1606702932e-12, 3.08115555639e-12, 9.70511214796e-13, 1.02215274005e-12, 2.70112247456e-13, 2.57837859136e-13, 1.42104928627e-13, 9.75902369441e-14],
        "dvar2": [4.22157900175e-05, 9.67359119386e-06, 3.90701861761e-05, 1.9821989099e-06, 9.27022483665e-07, 1.20280628835e-06, 4.08414422282e-07, 4.68330284775e-07, 7.84094709161e-08, 1.28522515297e-07, 3.89202199358e-08, 4.44217178597e-08, 2.07560759691e-08, 7.09510628027e-09, 5.61057822424e-09, 1.2647085601e-09, 4.68876659721e-10, 3.27055910132e-10, 6.82865500257e-11, 8.04162847423e-11, 1.11050113549e-10, 4.93213421493e-11, 1.86676937797e-10, 3.45772549482e-10, 9.47322220668e-11, 5.10558921529e-11, 2.88855137726e-11, 2.80112513046e-11, 6.7458313241e-12, 2.21970393455e-11, 2.38319416285e-11, 1.85407123682e-11, 6.56946719246e-12, 6.67424665882e-12, 1.71376899217e-12, 2.4754497497e-12, 5.67374868875e-13, 6.2969464712e-13, 3.34376027301e-13, 1.90784061184e-13],
        "max": [0.046841211617, 0.01825979352, 0.0395006202161, 0.0091855134815, 0.00715155946091, 0.011164736934, 0.00654954044148, 0.00575089594349, 0.0019274931401, 0.00374881923199, 0.00169694644865, 0.00256177247502, 0.00173101318069, 0.00126868858933, 0.00100189656951, 0.000472236977657, 0.00031984760426, 0.000189725367818, 9.14671909413e-05, 8.06843308965e-05, 0.000107140462205, 6.74121110933e-05, 0.000171275241883, 0.000284807872958, 0.000153164713993, 0.000129264022689, 9.82187993941e-05, 8.37252227939e-05, 2.87760376523e-05, 5.31260047865e-05, 6.99789306964e-05, 7.6176787843e-05, 3.51223716279e-05, 3.48072462657e-05, 1.99362475541e-05, 1.24167636386e-05, 4.88020668854e-06, 4.74194575872e-06, 3.96373343392e-06, 5.77663467993e-06],
        "mean": [0.0029550769832, 0.00237302202731, 0.00287960772403, 0.00105874310248, 0.000847547780722, 0.000949011533521, 0.000667022832204, 0.0006965524517, 0.00027098582359, 0.000253341073403, 0.000147626327816, 0.000116826638987, 7.91610000306e-05, 3.43515748682e-05, 3.20379949699e-05, 1.60042873176e-05, 1.0466042113e-05, 6.64382196192e-06, 4.10230086345e-06, 4.16864213548e-06, 4.61479885416e-06, 3.13332566293e-06, 4.25141115556e-06, 4.20134938395e-06, 2.37721337726e-06, 1.76877995273e-06, 1.95657094082e-06, 1.47241178183e-06, 8.81659445895e-07, 1.24613950447e-06, 1.36234166348e-06, 1.21811240206e-06, 1.07211496925e-06, 8.2970711901e-07, 5.43320709312e-07, 4.83867211187e-07, 3.46963872744e-07, 3.80219233875e-07, 2.82165359522e-07, 2.89436570711e-07],
        "median": [0.00162908935454, 0.00188580621034, 0.00144020817243, 0.000715330592357, 0.000598031387199, 0.000544592447113, 0.000455550441984, 0.000482434465084, 0.000176633766387, 0.000133248147904, 7.64959913795e-05, 4.79820664623e-05, 3.40884253092e-05, 9.675282854e-06, 8.93748438102e-06, 5.12793030794e-06, 3.4775257518e-06, 1.72404259047e-06, 9.47521073158e-07, 9.83388417808e-07, 6.52526296108e-07, 7.1920942446e-07, 8.1275715047e-07, 6.23498749519e-07, 4.58591301822e-07, 3.59297587238e-07, 4.59635685957e-07, 3.33167122335e-07, 1.69833882069e-07, 1.55999416052e-07, 1.8169286875e-07, 2.20856421151e-07, 2.36066370007e-07, 1.62683946314e-07, 1.75543888759e-07, 1.59259343491e-07, 1.14994122669e-07, 1.91235798752e-07, 1.29901366108e-07, 1.40065282039e-07],
        "min": [3.19123955705e-07, 2.24280347538e-06, 3.21936931869e-05, 3.70115194528e-05, 1.62140113389e-05, 2.48105225182e-05, 1.35927466545e-05, 2.87981538349e-06, 2.76558375845e-06, 9.25471738356e-07, 1.37052597893e-06, 2.36231770145e-07, 2.02031898766e-07, 1.17695662993e-07, 3.22160111921e-08, 1.793496196e-08, 1.58774788872e-08, 3.67332497753e-09, 1.74572933886e-09, 1.53720147722e-09, 1.12381148831e-09, 1.14347808999e-09, 6.98584468051e-10, 5.04248753863e-10, 1.08208431104e-09, 8.23224211022e-10, 4.86067519567e-10, 7.33725746827e-10, 3.36350614027e-10, 7.1541861324e-10, 3.29227645146e-10, 4.06005173925e-10, 5.52586310043e-10, 2.83292084235e-10, 2.55290427686e-10, 2.12017695067e-10, 8.12275802176e-11, 1.92390034459e-10, 8.87532235205e-13, 1.32445888024e-12],
