{
"highlevel": {
    "danceability": {
        "all": {
            "danceable": 0.954057097435,
            "not_danceable": 0.0459429174662
        },
        "probability": 0.954057097435,
        "value": "danceable"
    },
    "gender": {
        "all": {
            "female": 2.37325230046e-06,
            "male": 0.999997615814
        },
        "probability": 0.999997615814,
        "value": "male"
    },
    "genre_dortmund": {
        "all": {
            "alternative": 0.113626614213,
            "blues": 0.0327809378505,
            "electronic": 0.0543073490262,
            "folkcountry": 0.112749584019,
            "funksoulrnb": 0.0479939468205,
            "jazz": 0.159789890051,
            "pop": 0.203196540475,
            "raphiphop": 0.089091591537,
            "rock": 0.186463549733
        },
        "probability": 0.203196540475,
        "value": "pop"
    },
    "genre_electronic": {
        "all": {
            "ambient": 0.437021017075,
            "dnb": 0.061843354255,
            "house": 0.317808538675,
            "techno": 0.0254487246275,
            "trance": 0.157878369093
        },
        "probability": 0.437021017075,
        "value": "ambient"
    },
    "genre_rosamerica": {
        "all": {
            "cla": 0.0109529010952,
            "dan": 0.401249229908,
            "hip": 0.110493518412,
            "jaz": 0.0259586162865,
            "pop": 0.187252253294,
            "rhy": 0.221521407366,
            "roc": 0.026549724862,
            "spe": 0.0160223599523
        },
        "probability": 0.401249229908,
        "value": "dan"
    },
    "genre_tzanetakis": {
        "all": {
            "blu": 0.0622663982213,
            "cla": 0.0345780998468,
            "cou": 0.103735685349,
            "dis": 0.0518908686936,
            "hip": 0.155698984861,
            "jaz": 0.311586618423,
            "met": 0.0519040971994,
            "pop": 0.0622744634748,
            "reg": 0.0622723288834,
            "roc": 0.103792458773
        },
        "probability": 0.311586618423,
        "value": "jaz"
    },
    "ismir04_rhythm": {
        "all": {
            "ChaChaCha": 0.056260574609,
            "Jive": 0.0152486925945,
            "Quickstep": 0.0235369540751,
            "Rumba-American": 0.00960201397538,
            "Rumba-International": 0.515169739723,
            "Rumba-Misc": 0.0378587655723,
            "Samba": 0.266469568014,
            "Tango": 0.0156471692026,
            "VienneseWaltz": 0.0425092279911,
            "Waltz": 0.0176972877234
        },
        "probability": 0.515169739723,
        "value": "Rumba-International"
    },
    "mood_acoustic": {
        "all": {
            "acoustic": 0.549814105034,
            "not_acoustic": 0.450185924768
        },
        "probability": 0.549814105034,
        "value": "acoustic"
    },
    "mood_aggressive": {
        "all": {
            "aggressive": 0.00600868929178,
            "not_aggressive": 0.993991315365
        },
        "probability": 0.993991315365,
        "value": "not_aggressive"
    },
    "mood_electronic": {
        "all": {
            "electronic": 0.605634987354,
            "not_electronic": 0.394365012646
        },
        "probability": 0.605634987354,
        "value": "electronic"
    },
    "mood_happy": {
        "all": {
            "happy": 0.290421813726,
            "not_happy": 0.709578216076
        },
        "probability": 0.709578216076,
        "value": "not_happy"
    },
    "mood_party": {
        "all": {
            "not_party": 0.808442294598,
            "party": 0.191557735205
        },
        "probability": 0.808442294598,
        "value": "not_party"
    },
    "mood_relaxed": {
        "all": {
            "not_relaxed": 0.33648750186,
            "relaxed": 0.663512527943
        },
        "probability": 0.663512527943,
        "value": "relaxed"
    },
    "mood_sad": {
        "all": {
            "not_sad": 0.103289753199,
            "sad": 0.896710276604
        },
        "probability": 0.896710276604,
        "value": "sad"
    },
    "moods_mirex": {
        "all": {
            "Cluster1": 0.336302101612,
            "Cluster2": 0.265774160624,
            "Cluster3": 0.217645511031,
            "Cluster4": 0.121055193245,
            "Cluster5": 0.059223048389
        },
        "probability": 0.336302101612,
        "value": "Cluster1"
    },
    "timbre": {
        "all": {
            "bright": 0.982010602951,
            "dark": 0.0179894119501
        },
        "probability": 0.982010602951,
        "value": "bright"
    },
    "tonal_atonal": {
        "all": {
            "atonal": 0.0514233447611,
            "tonal": 0.948576629162
        },
        "probability": 0.948576629162,
        "value": "tonal"
    },
    "voice_instrumental": {
        "all": {
            "instrumental": 0.00342474714853,
            "voice": 0.99657523632
        },
        "probability": 0.99657523632,
        "value": "voice"
    }
},
"lowlevel": {
    "average_loudness": 0.965648591518,
    "barkbands_crest": {
        "dmean": 2.92583394051,
        "dmean2": 4.26324129105,
        "dvar": 7.38869810104,
        "dvar2": 13.591881752,
        "max": 26.4158248901,
        "mean": 12.6161298752,
        "median": 11.2563524246,
        "min": 3.4485168457,
        "var": 31.6066017151
    },
    "barkbands_flatness_db": {
        "dmean": 0.0252976994962,
        "dmean2": 0.0338688790798,
        "dvar": 0.000510887533892,
        "dvar2": 0.00100577180274,
        "max": 0.408135145903,
        "mean": 0.177780002356,
        "median": 0.170360162854,
        "min": 0.0498788170516,
        "var": 0.00296314666048
    },
    "barkbands_kurtosis": {
        "dmean": 6.83047056198,
        "dmean2": 8.89566707611,
        "dvar": 387.567810059,
        "dvar2": 793.190185547,
        "max": 493.975097656,
        "mean": 11.1182603836,
        "median": 4.73201847076,
        "min": -1.84037923813,
        "var": 685.319641113
    },
    "barkbands_skewness": {
        "dmean": 0.768294215202,
        "dmean2": 0.999238371849,
        "dvar": 0.8753708601,
        "dvar2": 1.42262339592,
        "max": 20.8195934296,
        "mean": 2.31884622574,
        "median": 1.97018420696,
        "min": -3.73081326485,
        "var": 3.48944783211
    },
    "barkbands_spread": {
        "dmean": 5.75719690323,
        "dmean2": 8.41851902008,
        "dvar": 78.9514389038,
        "dvar2": 179.356689453,
        "max": 94.9706573486,
        "mean": 16.7576694489,
        "median": 13.6182947159,
        "min": 0.525707781315,
        "var": 175.549942017
    },
    "dissonance": {
        "dmean": 0.0261840280145,
        "dmean2": 0.0428478494287,
        "dvar": 0.00062781694578,
        "dvar2": 0.00166954705492,
        "max": 0.499991863966,
        "mean": 0.44172757864,
        "median": 0.449240446091,
        "min": 0.243709594011,
        "var": 0.00158015720081
    },
    "dynamic_complexity": 2.55490279198,
    "erbbands_crest": {
        "dmean": 2.71984219551,
        "dmean2": 4.19772672653,
        "dvar": 6.64903402328,
        "dvar2": 15.3177909851,
        "max": 26.9437885284,
        "mean": 10.1921777725,
        "median": 9.10900020599,
        "min": 2.46398615837,
        "var": 22.4510135651
    },
    "erbbands_flatness_db": {
        "dmean": 0.0179121233523,
        "dmean2": 0.0252932757139,
        "dvar": 0.000297461258015,
        "dvar2": 0.000585452478845,
        "max": 0.309594213963,
        "mean": 0.161613613367,
        "median": 0.157671704888,
        "min": 0.0752733126283,
        "var": 0.00163652631454
    },
    "erbbands_kurtosis": {
        "dmean": 1.30979239941,
        "dmean2": 1.94781863689,
        "dvar": 3.5956799984,
        "dvar2": 7.69203996658,
        "max": 32.7202262878,
        "mean": 1.27544999123,
        "median": 0.42439699173,
        "min": -1.65338456631,
        "var": 8.72273349762
    },
    "erbbands_skewness": {
        "dmean": 0.446020722389,
        "dmean2": 0.630584359169,
        "dvar": 0.21541723609,
        "dvar2": 0.442014425993,
        "max": 4.93122720718,
        "mean": 0.751787245274,
        "median": 0.764122128487,
        "min": -3.80990886688,
        "var": 0.736058235168
    },
    "erbbands_spread": {
        "dmean": 9.82319068909,
        "dmean2": 14.1699972153,
        "dvar": 124.856666565,
        "dvar2": 287.713867188,
        "max": 117.39894104,
        "mean": 40.2042350769,
        "median": 37.5990104675,
        "min": 4.92541122437,
        "var": 354.931365967
    },
    "hfc": {
        "dmean": 8.8153295517,
        "dmean2": 12.2280054092,
        "dvar": 496.828308105,
        "dvar2": 1046.30407715,
        "max": 419.928619385,
        "mean": 21.4939346313,
        "median": 16.1660957336,
        "min": 0.217743813992,
        "var": 787.224304199
    },
    "melbands_crest": {
        "dmean": 3.27427148819,
        "dmean2": 5.05395030975,
        "dvar": 10.0913619995,
        "dvar2": 20.9990062714,
        "max": 32.3258094788,
        "mean": 16.0623989105,
        "median": 15.0078201294,
        "min": 4.03817558289,
        "var": 41.2806968689
    },
    "melbands_flatness_db": {
        "dmean": 0.0319640636444,
        "dmean2": 0.0413608215749,
        "dvar": 0.000934054900426,
        "dvar2": 0.00172251195181,
        "max": 0.517256498337,
        "mean": 0.227756038308,
        "median": 0.221830934286,
        "min": 0.0347946807742,
        "var": 0.00518134562299
    },
    "melbands_kurtosis": {
        "dmean": 13.400853157,
        "dmean2": 18.513343811,
        "dvar": 905.528564453,
        "dvar2": 1656.14672852,
        "max": 582.85949707,
        "mean": 25.2505264282,
        "median": 12.0082626343,
        "min": -1.69343841076,
        "var": 2080.05053711
    },
    "melbands_skewness": {
        "dmean": 0.972418725491,
        "dmean2": 1.2872852087,
        "dvar": 1.38666796684,
        "dvar2": 2.37368083,
        "max": 17.4269104004,
        "mean": 3.30040812492,
        "median": 2.72542357445,
        "min": -1.96818029881,
        "var": 5.37467956543
    },
    "melbands_spread": {
        "dmean": 7.97866439819,
        "dmean2": 11.9076185226,
        "dvar": 349.780303955,
        "dvar2": 751.868896484,
        "max": 247.713989258,
        "mean": 18.4017295837,
        "median": 13.2947092056,
        "min": 0.454359859228,
        "var": 574.095153809
    },
    "pitch_salience": {
        "dmean": 0.0796622335911,
        "dmean2": 0.117356032133,
        "dvar": 0.00685116369277,
        "dvar2": 0.0137683767825,
        "max": 0.865940690041,
        "mean": 0.519180357456,
        "median": 0.551742076874,
        "min": 0.0601336546242,
        "var": 0.0259296186268
    },
    "silence_rate_20dB": {
        "dmean": 0,
        "dmean2": 0,
        "dvar": 0,
        "dvar2": 0,
        "max": 1,
        "mean": 1,
        "median": 1,
        "min": 1,
        "var": 0
    },
    "silence_rate_30dB": {
        "dmean": 0.0588235296309,
        "dmean2": 0.117738187313,
        "dvar": 0.0553644895554,
        "dvar2": 0.103873975575,
        "max": 1,
        "mean": 0.899458646774,
        "median": 1,
        "min": 0,
        "var": 0.0904332399368
    },
    "silence_rate_60dB": {
        "dmean": 0.0139318881556,
        "dmean2": 0.0278853606433,
        "dvar": 0.0137381982058,
        "dvar2": 0.0348542518914,
        "max": 1,
        "mean": 0.0293890181929,
        "median": 0,
        "min": 0,
        "var": 0.0285244155675
    },
    "spectral_centroid": {
        "dmean": 259.955505371,
        "dmean2": 381.145294189,
        "dvar": 179863.59375,
        "dvar2": 353907.53125,
        "max": 5182.52490234,
        "mean": 1017.83862305,
        "median": 853.515197754,
        "min": 205.94909668,
        "var": 454553.6875
    },
    "spectral_complexity": {
        "dmean": 3.58126926422,
        "dmean2": 5.30441522598,
        "dvar": 22.2324943542,
        "dvar2": 38.2890701294,
        "max": 50,
        "mean": 15.2312450409,
        "median": 14,
        "min": 1,
        "var": 62.7328872681
    },
    "spectral_decrease": {
        "dmean": 3.2011493456e-09,
        "dmean2": 3.97355570669e-09,
        "dvar": 2.63130156407e-17,
        "dvar2": 3.04529288751e-17,
        "max": -1.12274668729e-10,
        "mean": -9.98327021051e-09,
        "median": -6.17568618466e-09,
        "min": -5.31991197761e-08,
        "var": 1.08747707979e-16
    },
    "spectral_energy": {
        "dmean": 0.0125127108768,
        "dmean2": 0.01559672039,
        "dvar": 0.000384293147363,
        "dvar2": 0.000453071523225,
        "max": 0.203118652105,
        "mean": 0.0396287105978,
        "median": 0.0256764721125,
        "min": 0.000443500408437,
        "var": 0.00159740296658
    },
    "spectral_energyband_high": {
        "dmean": 0.000769069709349,
        "dmean2": 0.00110111047979,
        "dvar": 7.53353742766e-06,
        "dvar2": 1.59531373356e-05,
        "max": 0.0533528588712,
        "mean": 0.00112621195149,
        "median": 0.000401336525101,
        "min": 3.02171520161e-06,
        "var": 1.04962018668e-05
    },
    "spectral_energyband_low": {
        "dmean": 0.00888063851744,
        "dmean2": 0.0108544845134,
        "dvar": 0.000461310788523,
        "dvar2": 0.000613018928561,
        "max": 0.19062949717,
        "mean": 0.0177340768278,
        "median": 0.00250957626849,
        "min": 2.56883345173e-06,
        "var": 0.00141199666541
    },
    "spectral_energyband_middle_high": {
        "dmean": 0.00159276567865,
        "dmean2": 0.00222768005915,
        "dvar": 4.84150041302e-06,
        "dvar2": 1.03267848317e-05,
        "max": 0.0230854004622,
        "mean": 0.00387750100344,
        "median": 0.00260564591736,
        "min": 4.76257664559e-05,
        "var": 1.47298133015e-05
    },
    "spectral_energyband_middle_low": {
        "dmean": 0.00674248719588,
        "dmean2": 0.0110401054844,
        "dvar": 0.00013543778914,
        "dvar2": 0.000360112782801,
        "max": 0.123514898121,
        "mean": 0.0178017392755,
        "median": 0.013465357013,
        "min": 4.77696594317e-05,
        "var": 0.000254282873357
    },
    "spectral_entropy": {
        "dmean": 0.220290377736,
        "dmean2": 0.314034044743,
        "dvar": 0.0478136129677,
        "dvar2": 0.0898392796516,
        "max": 8.73824977875,
        "mean": 7.34486103058,
        "median": 7.35838603973,
        "min": 5.20851516724,
        "var": 0.258741229773
    },
    "spectral_flux": {
        "dmean": 0.0376320965588,
        "dmean2": 0.0541660897434,
        "dvar": 0.00210314523429,
        "dvar2": 0.00332135288045,
        "max": 0.409209817648,
        "mean": 0.0921647846699,
        "median": 0.0689544528723,
        "min": 0.00915044825524,
        "var": 0.00554100470617
    },
    "spectral_kurtosis": {
        "dmean": 1.70473897457,
        "dmean2": 2.63022208214,
        "dvar": 3.65269684792,
        "dvar2": 8.82013607025,
        "max": 25.4513473511,
        "mean": 4.20095396042,
        "median": 3.27785110474,
        "min": -0.841112136841,
        "var": 10.5543584824
    },
    "spectral_rms": {
        "dmean": 0.000920089951251,
        "dmean2": 0.00115619192366,
        "dvar": 1.40136432947e-06,
        "dvar2": 1.63626248195e-06,
        "max": 0.0140770925209,
        "mean": 0.00558292400092,
        "median": 0.00500501925126,
        "min": 0.000657786673401,
        "var": 7.49308219383e-06
    },
    "spectral_rolloff": {
        "dmean": 525.564208984,
        "dmean2": 844.148925781,
        "dvar": 1551899.375,
        "dvar2": 3212157.25,
        "max": 13329.0527344,
        "mean": 1144.07556152,
        "median": 710.595703125,
        "min": 64.599609375,
        "var": 2676162
    },
    "spectral_skewness": {
        "dmean": 0.273510813713,
        "dmean2": 0.400712996721,
        "dvar": 0.0668393671513,
        "dvar2": 0.139916613698,
        "max": 4.17549562454,
        "mean": 1.65049660206,
        "median": 1.56091451645,
        "min": 0.00341000943445,
        "var": 0.30894702673
    },
    "spectral_spread": {
        "dmean": 649506.875,
        "dmean2": 983819.625,
        "dvar": 739777249280,
        "dvar2": 1.35118022246e+12,
        "max": 21333148,
        "mean": 5090141,
        "median": 5036867,
        "min": 2253554.25,
        "var": 1.73841396531e+12
    },
    "spectral_strongpeak": {
        "dmean": 0.477692395449,
        "dmean2": 0.793307423592,
        "dvar": 0.819444298744,
        "dvar2": 2.13903045654,
        "max": 14.4588880539,
        "mean": 1.12120103836,
        "median": 0.879401504993,
        "min": 0,
        "var": 1.01595818996
    },
    "zerocrossingrate": {
        "dmean": 0.0130505636334,
        "dmean2": 0.0144154541194,
        "dvar": 0.000390581903048,
        "dvar2": 0.000365707441233,
        "max": 0.36572265625,
        "mean": 0.0517646111548,
        "median": 0.04150390625,
        "min": 0.0029296875,
        "var": 0.00191124191042
    },
    "barkbands": {
        "dmean": [0.000107979605673, 0.00777212530375, 0.00396543415263, 0.00209714379162, 0.00302314897999, 0.0013236902887, 0.00119647581596, 0.000879013037775, 0.00093657738762, 0.000349675130565, 0.000482436764287, 0.000313602387905, 0.000277938728686, 0.000237889587879, 0.000182787334779, 0.000161088144523, 0.000155971327331, 0.000117950614367, 0.000102545593109, 0.000145784506458, 0.00014873391774, 0.00013535033213, 0.000164923636476, 0.000191246945178, 0.000119921947771, 3.72381182387e-05, 6.0977448868e-08],
        "dmean2": [0.000146494086948, 0.00949510280043, 0.00696950452402, 0.0037949339021, 0.0048999870196, 0.00203765672632, 0.00192441721447, 0.00130399432965, 0.00130970915779, 0.000515285413712, 0.000657051510643, 0.000455378205515, 0.000412978872191, 0.000364702224033, 0.0003110083926, 0.00025370149524, 0.000258554471657, 0.000186086079339, 0.000155882284162, 0.000225205847528, 0.0002273068676, 0.000204243493499, 0.000233461832977, 0.000299605133478, 0.000175155044417, 5.33192978764e-05, 9.93647830683e-08],
        "dvar": [7.10539751481e-08, 0.000400138349505, 0.000185980738024, 4.15826325479e-05, 2.63076290139e-05, 7.67435085436e-06, 8.5047668108e-06, 4.62270782009e-06, 5.20694402439e-06, 8.5992297727e-07, 9.91467345557e-07, 6.08271250258e-07, 3.23326787566e-07, 2.09490153225e-07, 2.28951947179e-07, 1.13420135506e-07, 5.90635700348e-08, 4.73150834068e-08, 1.03129870865e-07, 3.81242216463e-07, 2.87163146595e-07, 1.02694386328e-07, 2.43863013338e-07, 1.79476580797e-06, 3.34090572096e-07, 2.58659991204e-08, 1.09486543638e-13],
        "dvar2": [1.32611873482e-07, 0.000504345225636, 0.000497689645272, 0.000119926429761, 6.58981080051e-05, 1.6749565475e-05, 1.87907317013e-05, 1.01609402918e-05, 1.24265325212e-05, 1.57476461027e-06, 1.7314255274e-06, 1.21481241422e-06, 6.86463124566e-07, 5.09870346832e-07, 6.21622405106e-07, 2.78260586128e-07, 1.44619846765e-07, 1.10937271813e-07, 2.28738684882e-07, 7.8829901895e-07, 6.65424863655e-07, 2.57428098394e-07, 5.13720749495e-07, 4.41232396042e-06, 5.45532770957e-07, 4.78202721865e-08, 2.7581111223e-13],
        "max": [0.00238537369296, 0.158248856664, 0.089482486248, 0.0621860250831, 0.0893543511629, 0.05170096457, 0.045977409929, 0.0327331423759, 0.0436325334013, 0.0149231199175, 0.0175635721534, 0.0137420753017, 0.0097255250439, 0.0070236925967, 0.00639952160418, 0.0065429196693, 0.0020367805846, 0.0029078470543, 0.00749679841101, 0.012685530819, 0.0114642046392, 0.00547610968351, 0.0114727094769, 0.035372801125, 0.013290095143, 0.00452195294201, 5.86156693316e-06],
        "mean": [0.000138242481626, 0.0133497174829, 0.00337300822139, 0.00215457100421, 0.00777370994911, 0.00252432795241, 0.00200886768289, 0.00150442379527, 0.00175449682865, 0.000557254534215, 0.000881285814103, 0.000518774788361, 0.000428772938903, 0.000383357692044, 0.00021122614271, 0.000259189022472, 0.000254654645687, 0.000184752891073, 0.000145841186168, 0.000188408070244, 0.000195949949557, 0.000200255934033, 0.000236567590036, 0.000202230439754, 0.000151803236804, 4.69817350677e-05, 5.0565343912e-08],
        "median": [9.71028111962e-06, 0.00156013201922, 0.000378385186195, 0.000858784711454, 0.00259287329391, 0.00103342719376, 0.000475340115372, 0.000291222037049, 0.000482413859572, 0.000155012006871, 0.000272116594715, 0.000135077309096, 0.000131976732519, 0.000110747736471, 6.02079890086e-05, 7.8834433225e-05, 0.000115865157568, 6.06948633504e-05, 6.16829202045e-05, 5.30858160346e-05, 5.74593250349e-05, 7.66243392718e-05, 7.43566852179e-05, 3.66226522601e-05, 3.484462286e-05, 1.13584956125e-05, 5.2271453832e-10],
        "min": [8.77846595415e-09, 2.84794282379e-07, 1.52035269707e-07, 4.57407658416e-08, 1.83153099442e-06, 1.20992115171e-06, 2.68978692475e-06, 6.63305286253e-07, 3.89348087992e-06, 3.12684960591e-06, 2.14701481127e-06, 1.93403707272e-06, 1.56160490405e-06, 1.40952306538e-06, 4.75330352856e-07, 2.05650124485e-07, 2.8841836297e-07, 4.74124988159e-07, 5.38413985396e-07, 1.72385782093e-07, 3.95793307462e-07, 8.12129599126e-07, 3.32843441697e-09, 7.3267116818e-08, 2.11864641386e-08, 8.16530003334e-12, 9.04713109984e-12],
        "var": [1.27601268218e-07, 0.0010416257428, 0.000128264640807, 2.56796301983e-05, 0.000146307735122, 1.65665114764e-05, 1.73135522346e-05, 9.27224027691e-06, 9.99568237603e-06, 1.83170243417e-06, 2.80041467704e-06, 1.4833590285e-06, 6.93619597314e-07, 4.15559668454e-07, 2.14044476365e-07, 2.08965147408e-07, 1.06947091183e-07, 8.49508552392e-08, 1.28803250732e-07, 4.5181866426e-07, 3.2522061133e-07, 1.32762181693e-07, 3.79062555567e-07, 1.90071398265e-06, 5.44660451851e-07, 3.72687694039e-08, 8.70599572251e-14]
    },
    "erbbands": {
        "dmean": [0.239053919911, 1.90040779114, 4.62459850311, 5.72342252731, 8.53142547607, 11.4594478607, 8.71014499664, 12.5261487961, 16.2481479645, 16.2777767181, 20.423664093, 19.1925239563, 13.6058769226, 16.3670825958, 14.556637764, 11.9744253159, 10.7764520645, 11.0987453461, 10.4664354324, 7.76909828186, 9.50659275055, 9.0794172287, 6.8361415863, 4.7843170166, 5.96027708054, 6.98139238358, 6.57598829269, 5.25026702881, 4.52129364014, 5.73212623596, 4.46275854111, 4.48312139511, 2.92684292793, 1.63271617889, 0.725501537323, 0.244690418243, 0.0582776479423, 0.00327724637464, 8.28129559522e-05, 1.94702461158e-05],
        "dmean2": [0.263410270214, 2.34771299362, 7.66387891769, 10.307559967, 14.3734731674, 18.5621013641, 13.2117805481, 19.121471405, 25.6379432678, 25.7868442535, 29.0250167847, 27.1098957062, 19.0777339935, 23.0338745117, 20.3649845123, 17.0145988464, 16.2445163727, 16.712594986, 16.690164566, 12.6741399765, 14.9166059494, 14.7067403793, 10.817489624, 7.61914825439, 8.96296215057, 10.7145490646, 10.1837739944, 7.83864498138, 6.8719086647, 8.66407203674, 6.1973285675, 6.7497177124, 4.47370147705, 2.49022746086, 1.0802488327, 0.3459597826, 0.0842663943768, 0.00508582871407, 0.000120138574857, 2.49947333941e-05],
        "dvar": [0.328476816416, 24.785484314, 222.285476685, 359.674499512, 317.315582275, 443.886901855, 550.757568359, 785.308837891, 1275.28930664, 1477.04907227, 2175.39624023, 2939.6237793, 797.794677734, 1111.42089844, 1459.71862793, 906.020629883, 474.857696533, 461.86227417, 486.186676025, 342.780090332, 409.9425354, 207.66343689, 157.748138428, 162.880203247, 346.623046875, 856.869567871, 727.251342773, 257.698272705, 101.487098694, 236.326690674, 204.33366394, 1548.65759277, 241.593841553, 65.6165466309, 11.1782445908, 0.865364849567, 0.0947042107582, 0.000244096896495, 1.14144413033e-07, 1.28608679262e-09],
        "dvar2": [0.340162575245, 37.239528656, 573.35333252, 1020.63787842, 867.435241699, 1023.00762939, 1017.20916748, 1682.86816406, 2887.20410156, 3258.59838867, 4595.68603516, 6956.56640625, 1462.0958252, 2062.32446289, 2734.53955078, 1688.81762695, 1025.34716797, 1028.96130371, 1197.9407959, 927.222473145, 1012.35241699, 515.288024902, 377.849761963, 406.968383789, 651.114624023, 1808.7166748, 1754.76318359, 550.048583984, 246.622650146, 602.72064209, 374.614562988, 3790.24584961, 548.206787109, 105.914611816, 22.6783237457, 1.51193916798, 0.172054842114, 0.000442620163085, 2.00474104872e-07, 2.21628648767e-09],
        "max": [4.97826862335, 42.7670898438, 98.0493469238, 154.71156311, 263.422058105, 397.516021729, 681.46875, 565.788452148, 432.078613281, 554.111694336, 777.590026855, 1146.93518066, 382.245574951, 603.566589355, 824.573303223, 652.670654297, 418.18057251, 314.177215576, 263.751220703, 245.292526245, 436.282531738, 148.713653564, 155.540924072, 223.266891479, 409.152008057, 606.387756348, 477.078979492, 389.329162598, 152.171875, 292.635345459, 364.983673096, 1210.31542969, 357.546234131, 168.678588867, 78.1990737915, 19.4290103912, 9.61104106903, 0.397269129753, 0.00851441640407, 0.000676208059303],
        "mean": [0.366098552942, 3.04883766174, 4.45245409012, 5.4598197937, 14.300450325, 29.3240261078, 24.2091178894, 25.1225528717, 29.2679328918, 27.9182796478, 37.4777565002, 34.6242294312, 24.7326698303, 31.1697883606, 26.9842967987, 20.8545722961, 18.4077663422, 19.3288192749, 14.996088028, 10.8154172897, 15.8252229691, 15.9232358932, 11.0039577484, 6.82122182846, 8.81762123108, 8.8722782135, 7.71982860565, 7.68363809586, 6.77306509018, 8.27113056183, 6.27463579178, 4.44601917267, 3.13036346436, 2.07407093048, 0.84638440609, 0.312499493361, 0.0696094706655, 0.00414336146787, 0.000122461977298, 5.40437467862e-05],
        "median": [0.0357024930418, 0.355223715305, 0.622110724449, 1.94188296795, 7.14035844803, 6.586165905, 5.32740974426, 9.66487026215, 8.56655406952, 10.0274686813, 8.44612503052, 10.2463331223, 8.57876777649, 11.8931303024, 7.74501562119, 5.64313650131, 5.94224119186, 6.96476602554, 4.41896009445, 3.97857069969, 5.2948846817, 7.36284208298, 4.1150598526, 2.70664215088, 3.88847947121, 2.49440383911, 1.91189050674, 2.43364572525, 2.75741791725, 2.90656638145, 1.83308494091, 0.68483299017, 0.628134191036, 0.462830811739, 0.164374262094, 0.0739935189486, 0.014957446605, 0.000790190068074, 4.47664679086e-05, 3.68582623196e-05],
        "min": [2.99259754684e-05, 0.000139326861245, 0.000401611381676, 0.000305300927721, 0.00282792071812, 0.00573333678767, 0.00500611774623, 0.00981744006276, 0.0222876276821, 0.0409381575882, 0.0427861884236, 0.103634744883, 0.181013464928, 0.12716768682, 0.0879158079624, 0.17355120182, 0.0768079310656, 0.0959933102131, 0.0514284148812, 0.0448849201202, 0.0282403156161, 0.0167325455695, 0.0299537777901, 0.0269680786878, 0.0230654645711, 0.00781292468309, 0.00608916999772, 0.0151588432491, 0.018710186705, 0.0226845461875, 0.00230775494128, 0.0015538437292, 0.00194825441577, 0.000347544671968, 0.000351645780029, 2.88820647256e-05, 2.76966511592e-06, 4.21714759113e-07, 4.48229400263e-07, 5.44425972748e-07],
        "var": [0.863866388798, 55.9700126648, 180.780105591, 219.485443115, 407.658691406, 2830.76489258, 5235.37744141, 1891.8125, 2618.9934082, 2828.83398438, 4845.14794922, 5050.83007812, 1785.58837891, 3066.71240234, 3961.58789062, 2451.59667969, 1159.89855957, 997.762939453, 647.877929688, 391.89074707, 757.018737793, 412.929138184, 265.256896973, 186.438705444, 513.49987793, 991.621337891, 725.243347168, 360.412628174, 138.271514893, 291.71762085, 362.316589355, 1471.94970703, 287.755523682, 103.908035278, 16.051656723, 1.43567013741, 0.128051668406, 0.000360963458661, 1.74722984525e-07, 3.2990945531e-09]
    },
    "gfcc": {
        "mean": [-0.987597942352, 94.2408447266, -106.074645996, 31.8163433075, -73.2665481567, 18.6188964844, -42.4175033569, 6.92126178741, -25.4387741089, -1.27270662785, -18.0156459808, 2.71353292465, -9.94886112213],
        "cov": [[3346.66088867, -946.587768555, 39.9757995605, 194.486541748, 47.2740440369, 62.8091125488, -166.347122192, 252.807449341, 157.679367065, 358.0675354, -129.597198486, 82.476600647, -250.76625061], [-946.587768555, 1335.29455566, 89.0758514404, -52.5731925964, 142.823791504, 1.96467423439, 193.21937561, -149.34703064, 163.623336792, -170.625793457, 188.66305542, -24.8253231049, 120.592445374], [39.9757995605, 89.0758514404, 638.777954102, 212.168075562, 112.190750122, 71.566947937, 63.1629905701, 62.0934486389, 6.6617026329, 103.110427856, 99.6835784912, 27.2709007263, -19.1111564636], [194.486541748, -52.5731925964, 212.168075562, 560.738952637, 168.173370361, 105.769424438, 90.096534729, 76.0166625977, 37.9455833435, 11.7583208084, 105.961456299, -44.8125572205, 132.44329834], [47.2740440369, 142.823791504, 112.190750122, 168.173370361, 364.116271973, 98.7015914917, 23.9155712128, 82.2189102173, 131.64906311, 90.6192398071, 23.5294456482, 24.4535827637, 12.4895114899], [62.8091125488, 1.96467423439, 71.566947937, 105.769424438, 98.7015914917, 277.956420898, 177.1612854, 36.3654251099, 59.6635475159, 37.3680915833, 70.5512390137, 22.3413963318, 14.0064945221], [-166.347122192, 193.21937561, 63.1629905701, 90.096534729, 23.9155712128, 177.1612854, 320.30871582, 39.5235748291, 35.6533088684, -23.5370521545, 88.0709609985, 21.7023773193, 60.1774559021], [252.807449341, -149.34703064, 62.0934486389, 76.0166625977, 82.2189102173, 36.3654251099, 39.5235748291, 205.9246521, 83.4438400269, 84.5653991699, -6.18977308273, 19.6418437958, -3.59146690369], [157.679367065, 163.623336792, 6.6617026329, 37.9455833435, 131.64906311, 59.6635475159, 35.6533088684, 83.4438400269, 260.067260742, 100.105018616, 43.6491889954, 46.6759719849, -30.1981697083], [358.0675354, -170.625793457, 103.110427856, 11.7583208084, 90.6192398071, 37.3680915833, -23.5370521545, 84.5653991699, 100.105018616, 241.036865234, -0.284797012806, 30.1148948669, -99.8684616089], [-129.597198486, 188.66305542, 99.6835784912, 105.961456299, 23.5294456482, 70.5512390137, 88.0709609985, -6.18977308273, 43.6491889954, -0.284797012806, 169.950057983, 24.5384464264, 35.1395339966], [82.476600647, -24.8253231049, 27.2709007263, -44.8125572205, 24.4535827637, 22.3413963318, 21.7023773193, 19.6418437958, 46.6759719849, 30.1148948669, 24.5384464264, 132.537124634, -18.4626407623], [-250.76625061, 120.592445374, -19.1111564636, 132.44329834, 12.4895114899, 14.0064945221, 60.1774559021, -3.59146690369, -30.1981697083, -99.8684616089, 35.1395339966, -18.4626407623, 196.913711548]],
        "icov": [[0.000486163073219, 9.56186413532e-05, 0.000103085898445, -0.000452996959211, 0.000297389982734, -0.000209790683584, 0.000248167867539, -0.000271849072305, -0.000161624120665, -0.000315713492455, 0.00038119108649, -0.000350465241354, 0.000504721945617], [9.56186413532e-05, 0.00291008572094, -0.00100064475555, 0.00192358461209, -0.00214642751962, 0.00215762131847, -0.00216628983617, 0.00250016129576, -0.00299519649707, 0.00215173792094, -0.00248187943362, 0.00223381025717, -0.00107672647573], [0.000103085898445, -0.00100064475555, 0.00261990400031, -0.00153202016372, 0.000425366917625, -0.000592650554609, 0.000573088997044, -0.00124164717272, 0.0019976713229, -0.00164322881028, -0.000121502205729, -0.00133537850343, 0.00121561891865], [-0.000452996959211, 0.00192358461209, -0.00153202016372, 0.00518872961402, -0.00280129630119, 0.00124101131223, -0.00152761815116, 0.00123795948457, -0.00176980055403, 0.00163518986665, -0.00347532983869, 0.00352070410736, -0.00330650550313], [0.000297389982734, -0.00214642751962, 0.000425366917625, -0.00280129630119, 0.0063083586283, -0.00312085519545, 0.00264344713651, -0.00231125555001, 0.000371687870938, -0.00241251895204, 0.00319803925231, -0.00243776035495, 0.000624701729976], [-0.000209790683584, 0.00215762131847, -0.000592650554609, 0.00124101131223, -0.00312085519545, 0.00839593075216, -0.00533257843927, 0.00250445259735, -0.00207669963129, 0.00100418715738, -0.00282030040398, 0.00171543064062, -0.000349724490661], [0.000248167867539, -0.00216628983617, 0.000573088997044, -0.00152761815116, 0.00264344713651, -0.00533257843927, 0.0076814731583, -0.00326389772817, 0.00188649725169, -0.000833299360238, 0.000774176965933, -0.00216816621833, 5.56654995307e-05], [-0.000271849072305, 0.00250016129576, -0.00124164717272, 0.00123795948457, -0.00231125555001, 0.00250445259735, -0.00326389772817, 0.00938864424825, -0.00402975315228, 0.000154890789418, -0.000506257405505, 0.0016597941285, -0.00198680232279], [-0.000161624120665, -0.00299519649707, 0.0019976713229, -0.00176980055403, 0.000371687870938, -0.00207669963129, 0.00188649725169, -0.00402975315228, 0.00947713665664, -0.00370685942471, 0.000505548261572, -0.00325713702478, 0.00166461616755], [-0.000315713492455, 0.00215173792094, -0.00164322881028, 0.00163518986665, -0.00241251895204, 0.00100418715738, -0.000833299360238, 0.000154890789418, -0.00370685942471, 0.00961477775127, -0.0020595213864, 0.00168750726152, 0.00219354825094], [0.00038119108649, -0.00248187943362, -0.000121502205729, -0.00347532983869, 0.00319803925231, -0.00282030040398, 0.000774176965933, -0.000506257405505, 0.000505548261572, -0.0020595213864, 0.0117571558803, -0.00381337525323, 0.000660399207845], [-0.000350465241354, 0.00223381025717, -0.00133537850343, 0.00352070410736, -0.00243776035495, 0.00171543064062, -0.00216816621833, 0.0016597941285, -0.00325713702478, 0.00168750726152, -0.00381337525323, 0.0111768618226, -0.00150167755783], [0.000504721945617, -0.00107672647573, 0.00121561891865, -0.00330650550313, 0.000624701729976, -0.000349724490661, 5.56654995307e-05, -0.00198680232279, 0.00166461616755, 0.00219354825094, 0.000660399207845, -0.00150167755783, 0.00976358167827]]
    },
    "melbands": {
        "dmean": [0.00221561361104, 0.00230565899983, 0.00106283789501, 0.000696989241987, 0.000352544244379, 0.000271477649221, 0.000248508149525, 0.000188735692063, 0.000165788529557, 0.000128653948195, 6.89318112563e-05, 6.49878638797e-05, 5.28744421899e-05, 3.74728151655e-05, 3.11205767503e-05, 2.63309084403e-05, 2.12558752537e-05, 1.90066930372e-05, 1.41758955579e-05, 9.61153273238e-06, 1.18763518913e-05, 1.02835956568e-05, 8.20770219434e-06, 4.74950866192e-06, 4.00326598538e-06, 4.0832032937e-06, 5.0201247177e-06, 4.76090826851e-06, 4.27684426541e-06, 3.89059641748e-06, 2.89619561045e-06, 2.58540330833e-06, 2.90319349006e-06, 3.57887506652e-06, 2.85778878606e-06, 2.27143914344e-06, 2.98942336485e-06, 2.09273457585e-06, 1.88927936051e-06, 1.32058914915e-06],
        "dmean2": [0.00246142945252, 0.00324147357605, 0.00185906747356, 0.0011430879822, 0.000543972186279, 0.000415125745349, 0.000388034328353, 0.000294126366498, 0.000236252686591, 0.000183230251423, 9.71240006038e-05, 9.21909886529e-05, 7.34317582101e-05, 5.41433073522e-05, 4.68415601063e-05, 3.97876829084e-05, 3.22606974805e-05, 3.00771607726e-05, 2.3939564926e-05, 1.52937318489e-05, 1.87585537788e-05, 1.67272191902e-05, 1.33561197799e-05, 7.66315770306e-06, 6.56055590298e-06, 6.36181039226e-06, 7.79607125878e-06, 7.40832047086e-06, 6.79535514791e-06, 6.16479292148e-06, 4.27093618782e-06, 3.99332520828e-06, 4.5697747737e-06, 5.50407912669e-06, 4.15680324295e-06, 3.32098170475e-06, 4.60050478068e-06, 3.22682285514e-06, 2.87278635369e-06, 2.02423257178e-06],
        "dvar": [2.81424745481e-05, 3.96323703171e-05, 9.81764333119e-06, 1.40869735787e-06, 7.33732747449e-07, 3.46078991242e-07, 2.97489521017e-07, 1.64279896353e-07, 1.37754369689e-07, 1.32802782105e-07, 2.13454338649e-08, 1.71934093629e-08, 1.62958180283e-08, 9.69751123847e-09, 6.17879303277e-09, 3.35415317743e-09, 1.8176600225e-09, 1.45714562638e-09, 1.29909294433e-09, 4.54471626998e-10, 5.86523163371e-10, 2.86160428686e-10, 1.99255209554e-10, 7.99913815741e-11, 1.36480118873e-10, 1.56776383542e-10, 3.95937338471e-10, 4.03042321739e-10, 3.49095086172e-10, 1.94958230115e-10, 6.42385034055e-11, 3.47451720173e-11, 4.09973305304e-11, 1.05590598765e-10, 6.91051452173e-11, 2.14176607005e-10, 7.46892325765e-10, 1.28885985218e-10, 9.35908434085e-11, 4.32578903253e-11],
        "dvar2": [2.87822422251e-05, 8.99369624676e-05, 2.75358106592e-05, 3.59091541213e-06, 1.53343057718e-06, 7.44966598631e-07, 6.72178998684e-07, 3.56063083018e-07, 2.75348895684e-07, 3.14698837656e-07, 3.78735478535e-08, 3.1857677385e-08, 3.00283744537e-08, 1.90305975423e-08, 1.31349171539e-08, 6.82490242099e-09, 4.26294421985e-09, 3.41396511061e-09, 3.55387053119e-09, 1.11163134253e-09, 1.45178280508e-09, 7.11312897472e-10, 5.01746921788e-10, 1.78662848405e-10, 3.50086321044e-10, 3.33685551412e-10, 7.44162509392e-10, 8.87418249995e-10, 8.52002191021e-10, 4.54253551441e-10, 1.3055159731e-10, 8.39482580672e-11, 1.03814803976e-10, 2.75622413781e-10, 1.31764363309e-10, 4.7674353354e-10, 1.86387838497e-09, 3.07980474457e-10, 1.67348385149e-10, 7.21730453179e-11],
        "max": [0.0462433770299, 0.047958008945, 0.0270322337747, 0.0138309821486, 0.0247624963522, 0.0118106640875, 0.00743905222043, 0.00492317415774, 0.0053976373747, 0.00781818293035, 0.00196144613437, 0.00226502260193, 0.00258378242142, 0.0018092013197, 0.00121924444102, 0.0013450239785, 0.000719961884897, 0.000457504502265, 0.000500424182974, 0.000268231000518, 0.000482899195049, 0.000174791319296, 0.000172914151335, 0.000140849224408, 0.000212491446291, 0.000301110907458, 0.000494341249578, 0.000410395528888, 0.0003463801404, 0.000266630784608, 0.00020592767396, 9.69341708696e-05, 6.87790670781e-05, 0.000205349148018, 0.000174201632035, 0.000473809719551, 0.000805921503343, 0.000279071595287, 0.000208663463127, 0.000147165512317],
        "mean": [0.00361809390597, 0.0029814823065, 0.00119857210666, 0.00157585612033, 0.00100676575676, 0.000538809690624, 0.000448097795015, 0.000320446444675, 0.000300339219393, 0.000227903656196, 0.000119941752928, 0.000120919474284, 9.69982720562e-05, 6.33721501799e-05, 4.92138169648e-05, 4.2383937398e-05, 3.4795350075e-05, 2.66077495326e-05, 1.68252954609e-05, 1.34040210469e-05, 1.91505296243e-05, 1.65767705766e-05, 1.28224619402e-05, 7.28253917259e-06, 5.1528095355e-06, 6.02364571023e-06, 6.73708018439e-06, 5.68924451727e-06, 4.72912552141e-06, 4.75222805107e-06, 4.29392412116e-06, 3.67396387446e-06, 4.06821573051e-06, 4.91536047775e-06, 4.02282603318e-06, 2.54459450844e-06, 2.74862372862e-06, 2.0876545932e-06, 2.21269328904e-06, 1.60392153248e-06],
        "median": [0.000417222443502, 0.00038213096559, 0.00052268395666, 0.000621035404038, 0.000207127915928, 0.000216663946048, 0.000148720486322, 9.12998657441e-05, 5.46528135601e-05, 6.41994483885e-05, 3.93663613067e-05, 4.49831968581e-05, 2.8110380299e-05, 1.63568838616e-05, 1.15838602142e-05, 1.49974484884e-05, 1.15784523587e-05, 6.8754975473e-06, 4.80410608361e-06, 4.1879679884e-06, 6.02300906394e-06, 7.29506427888e-06, 5.12976203026e-06, 2.32028151004e-06, 1.82102189683e-06, 2.49089612225e-06, 2.21678033085e-06, 1.16245303161e-06, 8.62781291744e-07, 1.19841195101e-06, 1.26748693674e-06, 1.40154406836e-06, 1.41546036048e-06, 1.60942022376e-06, 1.18323305287e-06, 4.82998700591e-07, 2.85096433572e-07, 3.45669718627e-07, 4.58877281062e-07, 3.13459111112e-07],
        "min": [7.7934402043e-08, 1.07605394817e-07, 5.6008460092e-08, 3.85213212439e-07, 3.23721536688e-07, 2.1188145638e-07, 4.38381306367e-07, 3.0577484722e-07, 1.13484333042e-07, 6.14218492956e-07, 8.81802407093e-07, 5.21611241311e-07, 3.27030335256e-07, 2.1558149399e-07, 1.16771083469e-07, 1.48453423776e-07, 1.42093625755e-07, 7.20182669056e-08, 4.056796854e-08, 1.96962819388e-08, 2.79103140599e-08, 1.74476610937e-08, 1.390833404e-08, 1.99999572459e-08, 8.66291127721e-09, 1.39233042873e-08, 1.28214416861e-08, 1.6896908317e-09, 2.91473928327e-10, 7.212118458e-09, 5.08893860385e-09, 2.08126138546e-09, 1.2511987002e-08, 2.53165044484e-10, 6.04021485606e-11, 3.83987147634e-11, 6.02986063858e-12, 1.22625243293e-11, 1.52164739142e-11, 2.01259668653e-12],
