{
"highlevel": {
    "danceability": {
        "all": {
            "danceable": 0.666864275932,
            "not_danceable": 0.33313575387
        },
        "probability": 0.666864275932,
        "value": "danceable"
    },
    "gender": {
        "all": {
            "female": 0.00580528471619,
            "male": 0.994194686413
        },
        "probability": 0.994194686413,
        "value": "male"
    },
    "genre_dortmund": {
        "all": {
            "alternative": 0.0183765590191,
            "blues": 0.441157251596,
            "electronic": 0.00251662358642,
            "folkcountry": 0.40439298749,
            "funksoulrnb": 0.0124985994771,
            "jazz": 0.0693066492677,
            "pop": 0.022340061143,
            "raphiphop": 0.00113137532026,
            "rock": 0.0282798875123
        },
        "probability": 0.441157251596,
        "value": "blues"
    },
    "genre_electronic": {
        "all": {
            "ambient": 0.560573995113,
            "dnb": 0.211967945099,
            "house": 0.187498316169,
            "techno": 0.0153355617076,
            "trance": 0.0246241558343
        },
        "probability": 0.560573995113,
        "value": "ambient"
    },
    "genre_rosamerica": {
        "all": {
            "cla": 0.1650082618,
            "dan": 0.0167176537216,
            "hip": 0.0374259836972,
            "jaz": 0.165709063411,
            "pop": 0.23592042923,
            "rhy": 0.227936416864,
            "roc": 0.131022900343,
            "spe": 0.0202592983842
        },
        "probability": 0.23592042923,
        "value": "pop"
    },
    "genre_tzanetakis": {
        "all": {
            "blu": 0.0626541376114,
            "cla": 0.0348133966327,
            "cou": 0.0783501937985,
            "dis": 0.104547761381,
            "hip": 0.15693578124,
            "jaz": 0.313987255096,
            "met": 0.044816005975,
            "pop": 0.0627349764109,
            "reg": 0.0627352520823,
            "roc": 0.0784252434969
        },
        "probability": 0.313987255096,
        "value": "jaz"
    },
    "ismir04_rhythm": {
        "all": {
            "ChaChaCha": 0.389988720417,
            "Jive": 0.0467571429908,
            "Quickstep": 0.0713545009494,
            "Rumba-American": 0.0145918801427,
            "Rumba-International": 0.0575066134334,
            "Rumba-Misc": 0.0128499642015,
            "Samba": 0.0689657256007,
            "Tango": 0.202571585774,
            "VienneseWaltz": 0.102341890335,
            "Waltz": 0.0330719612539
        },
        "probability": 0.389988720417,
        "value": "ChaChaCha"
    },
    "mood_acoustic": {
        "all": {
            "acoustic": 0.611897289753,
            "not_acoustic": 0.388102710247
        },
        "probability": 0.611897289753,
        "value": "acoustic"
    },
    "mood_aggressive": {
        "all": {
            "aggressive": 0.0628976374865,
            "not_aggressive": 0.937102377415
        },
        "probability": 0.937102377415,
        "value": "not_aggressive"
    },
    "mood_electronic": {
        "all": {
            "electronic": 0.217385008931,
            "not_electronic": 0.78261500597
        },
        "probability": 0.78261500597,
        "value": "not_electronic"
    },
    "mood_happy": {
        "all": {
            "happy": 0.337640047073,
            "not_happy": 0.662359952927
        },
        "probability": 0.662359952927,
        "value": "not_happy"
    },
    "mood_party": {
        "all": {
            "not_party": 0.818255603313,
            "party": 0.181744381785
        },
        "probability": 0.818255603313,
        "value": "not_party"
    },
    "mood_relaxed": {
        "all": {
            "not_relaxed": 0.957374989986,
            "relaxed": 0.042625002563
        },
        "probability": 0.957374989986,
        "value": "not_relaxed"
    },
    "mood_sad": {
        "all": {
            "not_sad": 0.553405880928,
            "sad": 0.446594119072
        },
        "probability": 0.553405880928,
        "value": "not_sad"
    },
    "moods_mirex": {
        "all": {
            "Cluster1": 0.126851528883,
            "Cluster2": 0.33867880702,
            "Cluster3": 0.210619658232,
            "Cluster4": 0.283257812262,
            "Cluster5": 0.0405921898782
        },
        "probability": 0.33867880702,
        "value": "Cluster2"
    },
    "timbre": {
        "all": {
            "bright": 1,
            "dark": 2.97255198234e-09
        },
        "probability": 1,
        "value": "bright"
    },
    "tonal_atonal": {
        "all": {
            "atonal": 0.0283032804728,
            "tonal": 0.971696734428
        },
        "probability": 0.971696734428,
        "value": "tonal"
    },
    "voice_instrumental": {
        "all": {
            "instrumental": 0.108929216862,
            "voice": 0.891070783138
        },
        "probability": 0.891070783138,
        "value": "voice"
    }
},
"lowlevel": {
    "average_loudness": 0.965418815613,
    "barkbands_crest": {
        "dmean": 2.27970457077,
        "dmean2": 3.6299700737,
        "dvar": 5.20884227753,
        "dvar2": 13.1930541992,
        "max": 22.269903183,
        "mean": 9.09457206726,
        "median": 8.20990943909,
        "min": 2.66579556465,
        "var": 15.4603214264
    },
    "barkbands_flatness_db": {
        "dmean": 0.0201696567237,
        "dmean2": 0.0302367080003,
        "dvar": 0.000430618703831,
        "dvar2": 0.000947962864302,
        "max": 0.396357744932,
        "mean": 0.148806795478,
        "median": 0.140451565385,
        "min": 0.0477442964911,
        "var": 0.00211638119072
    },
    "barkbands_kurtosis": {
        "dmean": 1.57591676712,
        "dmean2": 2.47022819519,
        "dvar": 7.7078332901,
        "dvar2": 17.198425293,
        "max": 41.0542678833,
        "mean": 1.54557931423,
        "median": -0.340489149094,
        "min": -1.87431001663,
        "var": 25.1286888123
    },
    "barkbands_skewness": {
        "dmean": 0.441338330507,
        "dmean2": 0.653627157211,
        "dvar": 0.2211548388,
        "dvar2": 0.463827520609,
        "max": 5.84417867661,
        "mean": 0.90789526701,
        "median": 0.760999560356,
        "min": -1.94471764565,
        "var": 1.10672008991
    },
    "barkbands_spread": {
        "dmean": 5.4351682663,
        "dmean2": 8.12676239014,
        "dvar": 42.1930389404,
        "dvar2": 75.8648910522,
        "max": 100.737846375,
        "mean": 27.5919971466,
        "median": 26.7273426056,
        "min": 1.946829319,
        "var": 207.263092041
    },
    "dissonance": {
        "dmean": 0.017787726596,
        "dmean2": 0.029225198552,
        "dvar": 0.000287893490167,
        "dvar2": 0.000801140733529,
        "max": 0.499999940395,
        "mean": 0.463247299194,
        "median": 0.468597501516,
        "min": 0.297736376524,
        "var": 0.000613115145825
    },
    "dynamic_complexity": 2.95252919197,
    "erbbands_crest": {
        "dmean": 2.31384921074,
        "dmean2": 3.67220902443,
        "dvar": 5.83410978317,
        "dvar2": 14.3770284653,
        "max": 29.0342941284,
        "mean": 8.48499774933,
        "median": 7.3100438118,
        "min": 2.72579312325,
        "var": 15.8850374222
    },
    "erbbands_flatness_db": {
        "dmean": 0.0191406030208,
        "dmean2": 0.0270638875663,
        "dvar": 0.000442009913968,
        "dvar2": 0.000818946689833,
        "max": 0.359524458647,
        "mean": 0.176260337234,
        "median": 0.169835492969,
        "min": 0.0798967257142,
        "var": 0.00190191552974
    },
    "erbbands_kurtosis": {
        "dmean": 0.810926675797,
        "dmean2": 1.1990288496,
        "dvar": 1.81875228882,
        "dvar2": 3.33543872833,
        "max": 33.9938316345,
        "mean": 0.221830427647,
        "median": -0.342429161072,
        "min": -1.79160511494,
        "var": 5.57286167145
    },
    "erbbands_skewness": {
        "dmean": 0.350057929754,
        "dmean2": 0.50843411684,
        "dvar": 0.131989195943,
        "dvar2": 0.26838696003,
        "max": 5.23245763779,
        "mean": -0.105196744204,
        "median": -0.239769414067,
        "min": -3.11400556564,
        "var": 0.735107600689
    },
    "erbbands_spread": {
        "dmean": 7.30561494827,
        "dmean2": 10.9097967148,
        "dvar": 75.3133087158,
        "dvar2": 160.020401001,
        "max": 139.655487061,
        "mean": 35.858089447,
        "median": 33.5392074585,
        "min": 5.31166267395,
        "var": 258.712646484
    },
    "hfc": {
        "dmean": 5.18779468536,
        "dmean2": 7.31449460983,
        "dvar": 46.2601509094,
        "dvar2": 91.5154571533,
        "max": 76.4699020386,
        "mean": 18.2343330383,
        "median": 14.1269979477,
        "min": 0.100631393492,
        "var": 228.254684448
    },
    "melbands_crest": {
        "dmean": 2.77768301964,
        "dmean2": 4.50377607346,
        "dvar": 7.72780275345,
        "dvar2": 17.775932312,
        "max": 30.2801265717,
        "mean": 13.0129365921,
        "median": 12.4982500076,
        "min": 3.95867657661,
        "var": 21.2883205414
    },
    "melbands_flatness_db": {
        "dmean": 0.0238122101873,
        "dmean2": 0.0351441241801,
        "dvar": 0.000666395702865,
        "dvar2": 0.00147592904978,
        "max": 0.516898095608,
        "mean": 0.177316665649,
        "median": 0.167575627565,
        "min": 0.0376699157059,
        "var": 0.00382693344727
    },
    "melbands_kurtosis": {
        "dmean": 3.93059492111,
        "dmean2": 6.21080350876,
        "dvar": 53.6508216858,
        "dvar2": 124.830711365,
        "max": 88.502494812,
        "mean": 7.0613451004,
        "median": 3.19534492493,
        "min": -1.7678245306,
        "var": 126.150161743
    },
    "melbands_skewness": {
        "dmean": 0.554748058319,
        "dmean2": 0.831744670868,
        "dvar": 0.439455807209,
        "dvar2": 0.931532740593,
        "max": 8.63819408417,
        "mean": 1.97137665749,
        "median": 1.75867700577,
        "min": -0.775137662888,
        "var": 1.71627795696
    },
    "melbands_spread": {
        "dmean": 8.01357746124,
        "dmean2": 11.8320331573,
        "dvar": 70.6153335571,
        "dvar2": 152.630477905,
        "max": 104.13432312,
        "mean": 34.2217254639,
        "median": 31.9464302063,
        "min": 1.51612710953,
        "var": 378.498748779
    },
    "pitch_salience": {
        "dmean": 0.0640902519226,
        "dmean2": 0.0988366827369,
        "dvar": 0.00367773324251,
        "dvar2": 0.00882968585938,
        "max": 0.815073668957,
        "mean": 0.524428725243,
        "median": 0.520364105701,
        "min": 0.237975731492,
        "var": 0.0097240684554
    },
    "silence_rate_20dB": {
        "dmean": 0,
        "dmean2": 0,
        "dvar": 0,
        "dvar2": 0,
        "max": 1,
        "mean": 1,
        "median": 1,
        "min": 1,
        "var": 0
    },
    "silence_rate_30dB": {
        "dmean": 0,
        "dmean2": 0,
        "dvar": 0,
        "dvar2": 0,
        "max": 1,
        "mean": 1,
        "median": 1,
        "min": 1,
        "var": 0
    },
    "silence_rate_60dB": {
        "dmean": 0.00928792543709,
        "dmean2": 0.018590239808,
        "dvar": 0.00920151546597,
        "dvar2": 0.0197935495526,
        "max": 1,
        "mean": 0.0324825979769,
        "median": 0,
        "min": 0,
        "var": 0.0314286015928
    },
    "spectral_centroid": {
        "dmean": 267.191955566,
        "dmean2": 386.153045654,
        "dvar": 71281.96875,
        "dvar2": 144048.90625,
        "max": 3515.67797852,
        "mean": 1752.0715332,
        "median": 1806.39013672,
        "min": 203.16217041,
        "var": 465897.34375
    },
    "spectral_complexity": {
        "dmean": 2.8931889534,
        "dmean2": 4.56080579758,
        "dvar": 10.830619812,
        "dvar2": 24.5825176239,
        "max": 41,
        "mean": 16.6689872742,
        "median": 17,
        "min": 0,
        "var": 45.6630973816
    },
    "spectral_decrease": {
        "dmean": 1.24650101352e-09,
        "dmean2": 1.76287162645e-09,
        "dvar": 2.46713876204e-18,
        "dvar2": 5.38552440056e-18,
        "max": -1.742753164e-11,
        "mean": -4.08185130141e-09,
        "median": -3.18935922117e-09,
        "min": -1.57779656007e-08,
        "var": 8.06367424852e-18
    },
    "spectral_energy": {
        "dmean": 0.00506466580555,
        "dmean2": 0.0071580549702,
        "dvar": 3.95734423364e-05,
        "dvar2": 8.47928531584e-05,
        "max": 0.0627255514264,
        "mean": 0.0170597899705,
        "median": 0.0134068047628,
        "min": 7.49031532905e-05,
        "var": 0.000138233837788
    },
    "spectral_energyband_high": {
        "dmean": 0.00025933192228,
        "dmean2": 0.000402845675126,
        "dvar": 1.98840453436e-07,
        "dvar2": 4.60593355456e-07,
        "max": 0.00555229187012,
        "mean": 0.000577096419875,
        "median": 0.000367352098692,
        "min": 6.78085314121e-07,
        "var": 4.74812850371e-07
    },
    "spectral_energyband_low": {
        "dmean": 0.000947413616814,
        "dmean2": 0.0014227720676,
        "dvar": 3.4389929624e-06,
        "dvar2": 7.79210949986e-06,
        "max": 0.0189879350364,
        "mean": 0.00287786964327,
        "median": 0.00240604882129,
        "min": 6.0676228486e-09,
        "var": 6.34812931821e-06
    },
    "spectral_energyband_middle_high": {
        "dmean": 0.00189380894881,
        "dmean2": 0.00261520175263,
        "dvar": 9.19118701859e-06,
        "dvar2": 1.66208265e-05,
        "max": 0.0366178229451,
        "mean": 0.00575388083234,
        "median": 0.00376012944616,
        "min": 1.95633965632e-05,
        "var": 4.00966018788e-05
    },
    "spectral_energyband_middle_low": {
        "dmean": 0.00379682215862,
        "dmean2": 0.00566507736221,
        "dvar": 3.14536227961e-05,
        "dvar2": 7.50562248868e-05,
        "max": 0.0555712990463,
        "mean": 0.00813915859908,
        "median": 0.00540376035497,
        "min": 2.57551382674e-05,
        "var": 6.54902323731e-05
    },
    "spectral_entropy": {
        "dmean": 0.228427916765,
        "dmean2": 0.324117720127,
        "dvar": 0.0548849180341,
        "dvar2": 0.111859560013,
        "max": 8.53338623047,
        "mean": 7.25327348709,
        "median": 7.21687793732,
        "min": 5.17928600311,
        "var": 0.179642260075
    },
    "spectral_flux": {
        "dmean": 0.0229747798294,
        "dmean2": 0.0356336347759,
        "dvar": 0.000571107724681,
        "dvar2": 0.00134531443473,
        "max": 0.224944472313,
        "mean": 0.0667314231396,
        "median": 0.0568729899824,
        "min": 0.00405741017312,
        "var": 0.00168446323369
    },
    "spectral_kurtosis": {
        "dmean": 2.11134505272,
        "dmean2": 3.54035067558,
        "dvar": 5.32227039337,
        "dvar2": 14.1711893082,
        "max": 30.3868675232,
        "mean": 5.17396020889,
        "median": 4.34718084335,
        "min": -1.04906058311,
        "var": 12.5773420334
    },
    "spectral_rms": {
        "dmean": 0.000589539879002,
        "dmean2": 0.000820746703539,
        "dvar": 4.61511291405e-07,
        "dvar2": 9.44145767789e-07,
        "max": 0.00782276503742,
        "mean": 0.00384058780037,
        "median": 0.00361660192721,
        "min": 0.000270326185273,
        "var": 1.89353522728e-06
    },
    "spectral_rolloff": {
        "dmean": 507.848052979,
        "dmean2": 810.190246582,
        "dvar": 587390.125,
        "dvar2": 1155583,
        "max": 9280.81054688,
        "mean": 2132.00219727,
        "median": 2239.453125,
        "min": 129.19921875,
        "var": 1837939.625
    },
    "spectral_skewness": {
        "dmean": 0.249671563506,
        "dmean2": 0.411670416594,
        "dvar": 0.060198366642,
        "dvar2": 0.151350751519,
        "max": 4.0871963501,
        "mean": 1.44871139526,
        "median": 1.37215173244,
        "min": 0.0768763870001,
        "var": 0.209677517414
    },
    "spectral_spread": {
        "dmean": 554096.25,
        "dmean2": 797177.125,
        "dvar": 536198938624,
        "dvar2": 916765278208,
        "max": 15106672,
        "mean": 3752781.75,
        "median": 3504312.5,
        "min": 1557234.125,
        "var": 1.60575075123e+12
    },
    "spectral_strongpeak": {
        "dmean": 0.636205196381,
        "dmean2": 1.04570436478,
        "dvar": 1.36391401291,
        "dvar2": 3.17466974258,
        "max": 12.5614700317,
        "mean": 1.08478188515,
        "median": 0.448802530766,
        "min": 0,
        "var": 2.59880208969
    },
    "zerocrossingrate": {
        "dmean": 0.00944892223924,
        "dmean2": 0.0108999051154,
        "dvar": 0.000112670335511,
        "dvar2": 0.000130520696985,
        "max": 0.2294921875,
        "mean": 0.0679764524102,
        "median": 0.064453125,
        "min": 0.005859375,
        "var": 0.000950726971496
    },
    "barkbands": {
        "dmean": [0.000129826352349, 0.000558818574063, 0.000311533163767, 0.00031053769635, 0.00167912687175, 0.000598261773121, 0.000567518698517, 0.00102016550954, 0.000813588849269, 0.000559378589969, 0.000200145528652, 0.000221617723582, 0.00033726383117, 0.000425421749242, 0.00033510371577, 0.000313483207719, 0.000586668611504, 0.000379767123377, 0.000194869819097, 0.00012608722318, 7.65933436924e-05, 4.31359003414e-05, 4.81041788589e-05, 4.30768268416e-05, 2.42589430854e-05, 8.16510873847e-06, 1.23943533215e-09],
        "dmean2": [0.000185137381777, 0.000868310395163, 0.000486182718305, 0.000544769398402, 0.00270009529777, 0.000957630923949, 0.000907388050109, 0.00150908064097, 0.00117650523316, 0.000759756425396, 0.000305520457914, 0.000333490548655, 0.000536527717486, 0.000679902557749, 0.000491365033668, 0.000492340303026, 0.000891281757504, 0.00059354712721, 0.000303889770294, 0.000196366163436, 0.000125436112285, 7.04265257809e-05, 7.36246147426e-05, 6.39856007183e-05, 3.82097568945e-05, 1.30762909976e-05, 1.7789971718e-09],
        "dvar": [1.22572345163e-07, 1.92222410078e-06, 4.26580214707e-07, 7.28393899863e-07, 1.16667733892e-05, 1.3447196352e-06, 3.35819754582e-06, 8.31202942209e-06, 6.13773863734e-06, 4.16997545472e-06, 4.66317800374e-07, 3.39608703825e-07, 9.79592869044e-07, 2.05433707379e-06, 7.46243244976e-07, 4.73206114293e-07, 1.22898620702e-06, 7.11716381829e-07, 1.84521951496e-07, 3.1920674104e-08, 1.26039791937e-08, 5.99921134992e-09, 1.25315162691e-08, 2.69325344249e-08, 4.63745930546e-09, 3.80773745867e-10, 4.68810978146e-16],
        "dvar2": [2.54378363707e-07, 4.50956258646e-06, 9.97895199362e-07, 2.06611161957e-06, 2.99918938254e-05, 3.33151479026e-06, 8.3686745711e-06, 1.72385316546e-05, 1.25237511384e-05, 7.35208777769e-06, 1.03838601717e-06, 6.84747817559e-07, 2.52854374594e-06, 5.33385536983e-06, 1.36086418934e-06, 1.0889098121e-06, 2.67558561973e-06, 1.7178122107e-06, 4.65238457537e-07, 7.44038146649e-08, 3.35941514606e-08, 1.52328070158e-08, 2.66940656246e-08, 5.73698883954e-08, 1.01214157056e-08, 9.23907728101e-10, 4.72873983436e-16],
        "max": [0.00400089798495, 0.0168249942362, 0.00783386267722, 0.0087591195479, 0.0359144471586, 0.0162694752216, 0.0308240596205, 0.0502238422632, 0.0398877374828, 0.0419480241835, 0.0134385600686, 0.0140780378133, 0.0161106381565, 0.0248755663633, 0.0287280660123, 0.0101018408313, 0.015811804682, 0.0116219492629, 0.00630260026082, 0.00213540508412, 0.00128995254636, 0.00101378047839, 0.00183512514923, 0.00303200725466, 0.00108439323958, 0.000344859610777, 7.78417870606e-07],
        "mean": [0.00012462453742, 0.00172875518911, 0.0009420614806, 0.000422428711317, 0.00279605481774, 0.000925073691178, 0.000857523933519, 0.00152345944662, 0.00114526075777, 0.000871292490046, 0.000328459049342, 0.000417581526563, 0.00052368384786, 0.000631130766124, 0.000571515760385, 0.000480095302919, 0.0010392756667, 0.000674019393045, 0.000351558555849, 0.000305227702484, 0.000153296932695, 6.8024477514e-05, 7.47050798964e-05, 6.18789708824e-05, 3.16309196933e-05, 1.11588460641e-05, 1.1238129316e-09],
        "median": [5.31595605935e-06, 0.00103925948497, 0.00056441873312, 0.000125572798424, 0.00144084298518, 0.000499182555359, 0.0003298271331, 0.000284429173917, 0.000122542624013, 0.000173342152266, 8.12832586234e-05, 0.000127933381009, 0.000137012611958, 0.000183153635589, 0.000236782245338, 0.000218350251089, 0.000442077027401, 0.000294538069284, 0.000190314880456, 0.000196019507712, 0.000101483907201, 3.80124583899e-05, 3.13560085488e-05, 2.04580010177e-05, 1.03114789454e-05, 3.87704722016e-06, 2.00353927893e-10],
        "min": [4.98888208522e-10, 1.61501478857e-09, 1.98104199711e-09, 4.18856105355e-09, 4.26628901096e-07, 4.87030888507e-07, 1.00557024041e-07, 1.72713077973e-06, 8.45247711823e-07, 1.72119669628e-07, 4.35284199796e-08, 3.90052861121e-07, 2.27950465614e-07, 2.19342339847e-07, 3.93093870343e-07, 1.76026503595e-07, 5.47657577954e-07, 6.00609268986e-07, 3.01553257032e-07, 3.45543384128e-07, 1.6755625154e-07, 5.59437296488e-08, 5.12679321218e-08, 4.82356932174e-10, 7.57130469431e-10, 7.17894363747e-12, 7.93662097848e-12],
        "var": [1.48858305238e-07, 4.58839349449e-06, 1.10761595806e-06, 7.11800623776e-07, 1.530024565e-05, 1.90670448319e-06, 4.31941543866e-06, 1.52628435899e-05, 1.22114552141e-05, 9.07333196665e-06, 8.725638736e-07, 6.92380922374e-07, 1.46508318721e-06, 2.55375152847e-06, 2.34036770053e-06, 7.83424582096e-07, 3.19347600453e-06, 1.50244682118e-06, 2.97453283338e-07, 1.13939528035e-07, 2.62134349782e-08, 1.05038635567e-08, 2.7524084345e-08, 3.91186532056e-08, 7.15717884958e-09, 4.96389152005e-10, 4.68528386779e-16]
    },
    "erbbands": {
        "dmean": [0.0181195121258, 0.123514473438, 0.354023724794, 0.62104165554, 4.01636743546, 5.69888401031, 4.66908693314, 5.36468315125, 6.83664941788, 12.0351867676, 21.1522274017, 19.246383667, 21.3148422241, 10.6929712296, 6.687895298, 10.0509672165, 15.7792892456, 20.3103713989, 18.2068462372, 14.8413248062, 17.8790683746, 26.4498062134, 20.025220871, 14.3673343658, 6.1446428299, 5.84904527664, 3.83059930801, 2.50529956818, 1.65082633495, 1.34413194656, 1.42345428467, 1.13578689098, 0.598450303078, 0.310243993998, 0.163829788566, 0.0571571737528, 0.0113842403516, 0.000792465347331, 1.79698872671e-05, 6.74851025906e-06],
        "dmean2": [0.0292981006205, 0.190290957689, 0.54430437088, 1.05228292942, 6.33154010773, 9.41492843628, 7.41370677948, 8.62786865234, 10.9473628998, 18.8246631622, 30.5750408173, 27.4510803223, 28.3840827942, 14.974571228, 10.4035577774, 14.7957658768, 24.8074092865, 32.50548172, 27.591632843, 21.6823997498, 27.7466983795, 39.5801086426, 28.8538684845, 22.0737857819, 9.35034751892, 9.321185112, 5.98703098297, 4.19014787674, 2.75307488441, 2.16870045662, 2.22265481949, 1.67494618893, 0.90897154808, 0.497838139534, 0.257746964693, 0.0896708443761, 0.0184697452933, 0.00131411163602, 2.86615559162e-05, 9.61411751632e-06],
        "dvar": [0.00319043849595, 0.0758084207773, 0.47433373332, 2.20984697342, 101.175582886, 184.381072998, 111.929351807, 136.82359314, 546.760559082, 990.691345215, 3962.73168945, 3873.37768555, 7261.75146484, 842.038696289, 953.843139648, 625.424255371, 2267.36035156, 5553.51757812, 2226.32885742, 1355.64819336, 1223.1138916, 2780.37646484, 1590.45812988, 957.776916504, 63.1199264526, 61.8405265808, 30.2685661316, 19.8004932404, 10.0861682892, 5.89814710617, 13.0270547867, 16.2442188263, 5.09112739563, 0.901003539562, 0.184830978513, 0.0178360790014, 0.000633136020042, 4.23911433245e-06, 1.70870861904e-09, 6.68827632166e-11],
        "dvar2": [0.00802742876112, 0.170363351703, 1.07801532745, 6.07145643234, 238.664413452, 501.805145264, 290.147521973, 334.270172119, 1273.45825195, 2261.08300781, 7953.80224609, 7775.25341797, 13856.3730469, 1372.90820312, 2398.2565918, 1217.49389648, 5926.74951172, 15522.9990234, 4809.81982422, 2471.76831055, 2804.27856445, 5369.12255859, 2974.03515625, 2222.20532227, 134.534042358, 151.217788696, 78.3759231567, 54.9481735229, 26.0536594391, 13.6493797302, 28.3742198944, 33.2905426025, 10.785115242, 1.99248802662, 0.412023514509, 0.0406982339919, 0.00152273906861, 1.12098505269e-05, 4.3735512989e-09, 1.46212306151e-10],
        "max": [0.756612479687, 3.27991318703, 7.30908584595, 15.2881660461, 97.7352218628, 194.072235107, 181.808334351, 198.455368042, 515.318847656, 750.242614746, 892.117980957, 1196.49731445, 1651.81408691, 488.946228027, 828.406066895, 710.534851074, 831.672973633, 1414.12695312, 1036.20605469, 993.080810547, 535.649597168, 876.545166016, 584.326782227, 478.846282959, 148.067092896, 90.7583618164, 61.1617202759, 61.6162452698, 45.9619522095, 45.4634284973, 68.7419128418, 72.3994216919, 43.8698692322, 16.5952892303, 7.16961526871, 2.06376719475, 0.367928385735, 0.0363488011062, 0.000734461878892, 7.40885734558e-05],
        "mean": [0.0364226810634, 0.436952382326, 1.18564915657, 1.16018486023, 7.01944828033, 8.26920890808, 7.30337190628, 7.96949625015, 11.5261240005, 19.5929374695, 32.4758834839, 28.6876602173, 32.0015029907, 17.8979072571, 12.7658891678, 20.0317344666, 25.169178009, 32.0366134644, 31.284488678, 27.0283069611, 32.8288574219, 51.7522468567, 43.3371734619, 26.038684845, 14.3552455902, 14.5837640762, 9.04110431671, 4.41302585602, 2.60792303085, 2.14506602287, 2.21763348579, 1.6628793478, 0.805477321148, 0.39026209712, 0.21847525239, 0.0762039273977, 0.0154465856031, 0.000968811975326, 3.2753960113e-05, 2.29802008107e-05],
        "median": [0.00718312617391, 0.307752907276, 0.827307701111, 0.61023658514, 1.86561286449, 3.73013281822, 2.97821331024, 4.10953855515, 5.02162504196, 6.93695116043, 6.00851583481, 4.36031866074, 4.54339027405, 5.1627702713, 4.97323036194, 7.7921423912, 7.82361125946, 11.7711753845, 13.8869762421, 12.0927181244, 16.6921615601, 21.8419399261, 19.6409244537, 12.9861211777, 10.6764068604, 9.86279201508, 6.36134719849, 3.08548307419, 1.52071595192, 1.07443797588, 0.885051488876, 0.580917418003, 0.227261662483, 0.115016177297, 0.0733709409833, 0.0235142875463, 0.00527306785807, 0.000304205605062, 1.99546611839e-05, 1.87979785551e-05],
        "min": [5.12210078796e-08, 4.64403683509e-07, 2.86910108116e-06, 3.9093552914e-05, 0.000122836630908, 0.00101414183155, 0.00331340660341, 0.00568912923336, 0.00991776864976, 0.0569811239839, 0.0322927646339, 0.0210040863603, 0.0130366785452, 0.0077481563203, 0.018019059673, 0.0362604670227, 0.0181936454028, 0.0121112084016, 0.0318125151098, 0.0398170799017, 0.0203478615731, 0.0308201089501, 0.0327515602112, 0.0234754886478, 0.0170484222472, 0.0162593852729, 0.0105876429006, 0.00484230881557, 0.00199661776423, 0.000731487933081, 0.00118082447443, 0.000615318713244, 0.000201440314413, 3.13904929499e-05, 1.19734313557e-05, 4.96823395224e-06, 9.47991566136e-07, 1.29502751633e-07, 1.4217783928e-07, 1.03932954687e-07],
        "var": [0.00505270902067, 0.222920969129, 1.25040400028, 2.68025445938, 177.505371094, 181.718154907, 142.549468994, 187.217041016, 734.080200195, 2016.31420898, 7236.36816406, 7523.40917969, 15211.7714844, 2110.94628906, 984.430664062, 1441.39233398, 3086.39257812, 6302.7265625, 3978.890625, 3937.14086914, 2303.6418457, 8114.84863281, 5336.39111328, 2045.06958008, 219.635223389, 238.88130188, 88.9739074707, 24.8738803864, 15.3534431458, 13.3989553452, 26.8976459503, 26.5074653625, 7.25059223175, 1.32176268101, 0.285770505667, 0.0261029973626, 0.000831604294945, 3.99951431973e-06, 2.02582373099e-09, 2.33012747985e-10]
    },
    "gfcc": {
        "mean": [-17.2027168274, 92.0508422852, -142.197769165, 41.5089836121, -57.0235900879, 5.25005054474, -44.2196998596, 10.3552522659, -24.229516983, 2.46384716034, -14.8294620514, -2.45744466782, -11.4975728989],
        "cov": [[3510.22827148, -902.012939453, -83.7490921021, 85.0255279541, 102.705337524, 337.421569824, -63.1211471558, 307.501220703, -84.420501709, 140.958389282, -171.334625244, 130.021774292, -171.537277222], [-902.012939453, 1158.62255859, 122.528060913, -10.5609970093, 182.441009521, -166.547195435, 169.295089722, -86.9885864258, 158.588180542, -123.171089172, 88.9038162231, -98.3593063354, 130.070098877], [-83.7490921021, 122.528060913, 795.004699707, 283.871063232, -20.7078342438, 128.560089111, -6.72779607773, 5.20355224609, -18.1411266327, 73.8707809448, 18.8331871033, 39.9339790344, 15.6981258392], [85.0255279541, -10.5609970093, 283.871063232, 453.245635986, 76.4682998657, 100.034179688, 16.6863269806, -60.9196243286, -37.6091194153, 65.4800567627, 75.6924591064, -18.106180191, 20.2426757812], [102.705337524, 182.441009521, -20.7078342438, 76.4682998657, 252.747467041, 29.2906017303, 50.8514976501, 18.2071590424, 28.2160797119, 14.3293237686, 11.7024726868, -3.26702260971, 4.04022884369], [337.421569824, -166.547195435, 128.560089111, 100.034179688, 29.2906017303, 209.143569946, 53.6759147644, 52.6225509644, -14.3484649658, 54.6722373962, -1.0107049942, 21.3648700714, -5.36387968063], [-63.1211471558, 169.295089722, -6.72779607773, 16.6863269806, 50.8514976501, 53.6759147644, 232.319534302, 47.7694244385, 35.0792045593, 18.5841712952, 15.8494672775, 10.5163297653, 17.986700058], [307.501220703, -86.9885864258, 5.20355224609, -60.9196243286, 18.2071590424, 52.6225509644, 47.7694244385, 185.809875488, 83.4803924561, 35.4521179199, -10.9211139679, 41.428653717, -12.2639760971], [-84.420501709, 158.588180542, -18.1411266327, -37.6091194153, 28.2160797119, -14.3484649658, 35.0792045593, 83.4803924561, 186.2134552, 0.594540476799, 30.7751693726, 7.59119653702, 17.8291053772], [140.958389282, -123.171089172, 73.8707809448, 65.4800567627, 14.3293237686, 54.6722373962, 18.5841712952, 35.4521179199, 0.594540476799, 164.951889038, 35.2313804626, 39.5716896057, -3.93331599236], [-171.334625244, 88.9038162231, 18.8331871033, 75.6924591064, 11.7024726868, -1.0107049942, 15.8494672775, -10.9211139679, 30.7751693726, 35.2313804626, 112.132255554, 11.0091428757, 31.6877574921], [130.021774292, -98.3593063354, 39.9339790344, -18.106180191, -3.26702260971, 21.3648700714, 10.5163297653, 41.428653717, 7.59119653702, 39.5716896057, 11.0091428757, 110.241172791, 19.8612670898], [-171.537277222, 130.070098877, 15.6981258392, 20.2426757812, 4.04022884369, -5.36387968063, 17.986700058, -12.2639760971, 17.8291053772, -3.93331599236, 31.6877574921, 19.8612670898, 104.254562378]],
        "icov": [[0.000566445232835, -0.000249358272413, 0.000490609498229, -0.000572568911593, 0.000100386045233, -0.000849469040986, 0.000642800703645, -0.00107004365418, 0.000482508621644, -0.000216489410377, 0.000953171169385, -0.000844522903208, 0.00077653711196], [-0.000249358272413, 0.00484557775781, -0.0029068661388, 0.00268513849005, -0.00384847354144, 0.00409792782739, -0.00402260059491, 0.00323485024273, -0.00300624058582, 0.00224236631766, -0.00333488662727, 0.00490392977372, -0.0044267680496], [0.000490609498229, -0.0029068661388, 0.00381184672005, -0.00317783979699, 0.00282082660124, -0.00338702998124, 0.00289852661081, -0.00258444435894, 0.00172191590536, -0.00158574804664, 0.00319338426925, -0.00401830673218, 0.00282988511026], [-0.000572568911593, 0.00268513849005, -0.00317783979699, 0.00618246383965, -0.00331701640971, 0.00136433879379, -0.00251642824151, 0.00387250166386, -0.00133623182774, 0.000653393159155, -0.00498302699998, 0.00456003146246, -0.00302658881992], [0.000100386045233, -0.00384847354144, 0.00282082660124, -0.00331701640971, 0.00770486937836, -0.00331415026449, 0.0023817808833, -0.00264499452896, 0.00156375335064, -0.00183394481428, 0.00309179187752, -0.00386171764694, 0.00345407472923], [-0.000849469040986, 0.00409792782739, -0.00338702998124, 0.00136433879379, -0.00331415026449, 0.0113410940394, -0.00512043992057, 0.00132224650588, -0.00151221943088, 0.000966000487097, -0.0027335153427, 0.00460340222344, -0.00426544994116], [0.000642800703645, -0.00402260059491, 0.00289852661081, -0.00251642824151, 0.0023817808833, -0.00512043992057, 0.00875206198543, -0.00423316704109, 0.00237723183818, -0.00195484654978, 0.00291500682943, -0.00432525482029, 0.00322249392048], [-0.00107004365418, 0.00323485024273, -0.00258444435894, 0.00387250166386, -0.00264499452896, 0.00132224650588, -0.00423316704109, 0.0134122306481, -0.00696430774406, 0.000305936846416, -0.00191162887495, 0.00171044783201, -0.00222290027887], [0.000482508621644, -0.00300624058582, 0.00172191590536, -0.00133623182774, 0.00156375335064, -0.00151221943088, 0.00237723183818, -0.00696430774406, 0.0103413313627, -0.000696936214808, -0.000407990475651, -0.00213035475463, 0.00191197602544], [-0.000216489410377, 0.00224236631766, -0.00158574804664, 0.000653393159155, -0.00183394481428, 0.000966000487097, -0.00195484654978, 0.000305936846416, -0.000696936214808, 0.00924657657743, -0.00427334848791, 6.63182800054e-05, -0.000793620303739], [0.000953171169385, -0.00333488662727, 0.00319338426925, -0.00498302699998, 0.00309179187752, -0.0027335153427, 0.00291500682943, -0.00191162887495, -0.000407990475651, -0.00427334848791, 0.0165613573045, -0.00530550861731, 0.00111296121031], [-0.000844522903208, 0.00490392977372, -0.00401830673218, 0.00456003146246, -0.00386171764694, 0.00460340222344, -0.00432525482029, 0.00171044783201, -0.00213035475463, 6.63182800054e-05, -0.00530550861731, 0.0174687057734, -0.00780271552503], [0.00077653711196, -0.0044267680496, 0.00282988511026, -0.00302658881992, 0.00345407472923, -0.00426544994116, 0.00322249392048, -0.00222290027887, 0.00191197602544, -0.000793620303739, 0.00111296121031, -0.00780271552503, 0.0161745771766]]
    },
    "melbands": {
        "dmean": [0.000159927236382, 0.000177876529051, 0.000196173263248, 0.000365664804121, 0.000188416030142, 0.000118919488159, 0.000108721535071, 0.000154431589181, 0.000165748919244, 0.000123563208035, 0.000105054823507, 4.61779127363e-05, 2.32615202549e-05, 2.64659793174e-05, 2.90430580208e-05, 3.45788430423e-05, 4.1146784497e-05, 3.16433033731e-05, 2.43648864853e-05, 1.96344044525e-05, 2.48211817961e-05, 2.98665981973e-05, 2.91174546874e-05, 1.72149520949e-05, 1.26717332023e-05, 5.18420119988e-06, 3.9470178308e-06, 4.40983603767e-06, 2.89623199023e-06, 2.21505479203e-06, 1.33991454732e-06, 9.94807351162e-07, 8.01497606062e-07, 7.8402734971e-07, 8.48613751714e-07, 8.48373417739e-07, 6.57412556393e-07, 4.86938290578e-07, 2.9364238685e-07, 2.63398902689e-07],
        "dmean2": [0.000248206109973, 0.000270968681434, 0.000311866868287, 0.000593723321799, 0.000302520318655, 0.000189541926375, 0.000173643449671, 0.000243341433816, 0.000237741580349, 0.000178627611604, 0.000139475567266, 6.53123934171e-05, 3.57837379852e-05, 3.96721734433e-05, 4.62471980427e-05, 5.42749912711e-05, 6.632777513e-05, 4.87293291371e-05, 3.43331776094e-05, 3.08613634843e-05, 3.92938054574e-05, 4.53683605883e-05, 4.23936908192e-05, 2.57379870163e-05, 1.98002217076e-05, 8.01134319772e-06, 6.18659259999e-06, 6.93510310157e-06, 4.40513940703e-06, 3.65761115972e-06, 2.28801923186e-06, 1.66183076544e-06, 1.31111107748e-06, 1.26902853026e-06, 1.35938819312e-06, 1.2932006257e-06, 9.94924789666e-07, 7.49093544528e-07, 4.72100481375e-07, 4.33447240766e-07],
        "dvar": [1.90135480693e-07, 1.06307751935e-07, 2.30653199651e-07, 5.74054581648e-07, 2.1297248054e-07, 6.14552178035e-08, 1.2910965097e-07, 1.62123839687e-07, 2.31030753639e-07, 1.62817173077e-07, 1.75159286186e-07, 1.74725833801e-08, 7.74385089386e-09, 5.13238962441e-09, 8.70944205644e-09, 1.07162581031e-08, 2.58149306376e-08, 8.9892902011e-09, 5.66359048548e-09, 2.27828667043e-09, 2.71193201229e-09, 3.83629172873e-09, 3.77273678964e-09, 1.5789550778e-09, 8.73759176123e-10, 7.1677622171e-11, 3.21486136323e-11, 3.83661227787e-11, 1.96035687683e-11, 1.1105449893e-11, 6.95011366167e-12, 3.68713436519e-12, 2.0894158799e-12, 2.26797899038e-12, 4.33630475277e-12, 6.29272892474e-12, 6.41385599146e-12, 4.1556775382e-12, 7.38195908481e-13, 6.97610589087e-13],
        "dvar2": [4.48774983397e-07, 2.44455577558e-07, 5.83937207921e-07, 1.45655906181e-06, 5.59747604711e-07, 1.50911091623e-07, 3.1077689755e-07, 3.59568190333e-07, 4.48918143547e-07, 3.28180192355e-07, 3.27146835843e-07, 2.95176434406e-08, 1.81635773089e-08, 1.17825598167e-08, 2.13590158893e-08, 2.69636935002e-08, 7.22497404126e-08, 1.97712477501e-08, 8.05339350762e-09, 5.15693621139e-09, 6.27889651383e-09, 7.42931050013e-09, 7.68366881232e-09, 3.54530893532e-09, 2.12925432841e-09, 1.40884789945e-10, 7.36713468008e-11, 9.03226382576e-11, 4.9327441437e-11, 2.83795036082e-11, 1.96400101043e-11, 9.8640141194e-12, 4.86409350298e-12, 5.34922973972e-12, 1.0153686919e-11, 1.14111706195e-11, 1.41372495308e-11, 9.52559472273e-12, 1.52302627975e-12, 1.61501226888e-12],
        "max": [0.00520310131833, 0.00344004202634, 0.00454384973273, 0.0080850655213, 0.00714475242421, 0.00392773048952, 0.00731362216175, 0.00779285468161, 0.00767280440778, 0.00707859685645, 0.00825348775834, 0.00228698598221, 0.00210864003748, 0.0013853283599, 0.00154903251678, 0.00211457628757, 0.00317384931259, 0.00200505601242, 0.00315522309393, 0.0007081895601, 0.000846399925649, 0.000928891648073, 0.000983092235401, 0.000668146065436, 0.000455013418104, 0.000208238023333, 7.92341161286e-05, 7.74732834543e-05, 6.12278672634e-05, 4.03050107707e-05, 3.59657642548e-05, 2.80138319795e-05, 2.17334691115e-05, 2.75011389022e-05, 4.05398277508e-05, 4.42803866463e-05, 4.5219068852e-05, 4.18632371293e-05, 1.51825852299e-05, 1.42905109897e-05],
        "mean": [0.000420933036366, 0.00062391103711, 0.000367733300664, 0.000591621675994, 0.000289957068162, 0.000179053517058, 0.00017966607993, 0.000247636868153, 0.000251703080721, 0.000177808848093, 0.000155487490701, 7.15401547495e-05, 4.00212193199e-05, 4.87109973619e-05, 4.89355625177e-05, 5.52703204448e-05, 6.1480794102e-05, 4.88308796776e-05, 4.17033625126e-05, 3.28378955601e-05, 4.09644890169e-05, 5.39020875294e-05, 5.35694271093e-05, 3.04070545099e-05, 2.03241215786e-05, 1.01201785583e-05, 9.01965904632e-06, 1.03438314909e-05, 6.43034218228e-06, 4.12715417042e-06, 1.99195164896e-06, 1.46897480136e-06, 1.23678444197e-06, 1.16639216685e-06, 1.26152121993e-06, 1.26772147269e-06, 9.03673708308e-07, 6.18916317308e-07, 3.65285330872e-07, 3.13022269438e-07],
        "median": [0.000176650035428, 0.000579799234401, 0.00015836514649, 0.000274207442999, 0.000114243448479, 9.49289315031e-05, 7.87290919106e-05, 7.47773301555e-05, 4.06453946198e-05, 2.07315588341e-05, 2.05275628105e-05, 1.91038197954e-05, 1.27625462483e-05, 2.1493407985e-05, 2.07576485991e-05, 1.22052852021e-05, 1.68323822436e-05, 1.92954812519e-05, 1.50009282152e-05, 1.76339381142e-05, 1.86092056538e-05, 2.05484284379e-05, 2.2609028747e-05, 1.22264018501e-05, 8.54082827573e-06, 6.42512395643e-06, 5.96553263676e-06, 5.97674988967e-06, 4.25898133471e-06, 2.43254703491e-06, 1.31626552502e-06, 8.24991275294e-07, 6.50200888686e-07, 5.32978958745e-07, 4.94759149205e-07, 4.20542619395e-07, 3.03086665099e-07, 1.61100771834e-07, 9.1337774677e-08, 8.7511054403e-08],
        "min": [5.24073395791e-10, 9.13018549653e-10, 3.82201914562e-09, 1.68523417443e-08, 1.22265831237e-07, 1.1039279002e-07, 2.39635475907e-08, 5.93296135776e-07, 2.31153620689e-07, 1.12218742743e-07, 5.62451418773e-08, 2.09171435728e-08, 1.39756970441e-08, 5.29529273763e-08, 5.17827700719e-08, 1.66279452429e-08, 1.90918978404e-08, 3.3437444813e-08, 3.44096733329e-08, 1.17229870256e-08, 1.95177918272e-08, 2.76228195872e-08, 2.64060577848e-08, 3.10861771879e-08, 1.68662559474e-08, 5.79581138638e-09, 1.0119750371e-08, 1.06144000256e-08, 6.18411943876e-09, 2.40654851602e-09, 2.30958208114e-09, 8.94783080962e-10, 8.94126384043e-10, 1.10533041053e-10, 3.52255918878e-10, 2.81945633507e-10, 3.09859707337e-11, 8.7215465698e-14, 3.904849534e-12, 2.4081653555e-13],
