{
"highlevel": {
    "danceability": {
        "all": {
            "danceable": 0.610954284668,
            "not_danceable": 0.38904568553
        },
        "probability": 0.610954284668,
        "value": "danceable"
    },
    "gender": {
        "all": {
            "female": 0.474434047937,
            "male": 0.525565981865
        },
        "probability": 0.525565981865,
        "value": "male"
    },
    "genre_dortmund": {
        "all": {
            "alternative": 0.178976982832,
            "blues": 0.0330499485135,
            "electronic": 0.0296649262309,
            "folkcountry": 0.0728345364332,
            "funksoulrnb": 0.0086324699223,
            "jazz": 0.00432457961142,
            "pop": 0.0825127139688,
            "raphiphop": 0.0130220651627,
            "rock": 0.576981782913
        },
        "probability": 0.576981782913,
        "value": "rock"
    },
    "genre_electronic": {
        "all": {
            "ambient": 0.116568520665,
            "dnb": 0.0333043299615,
            "house": 0.0130722709,
            "techno": 0.00760471727699,
            "trance": 0.829450130463
        },
        "probability": 0.829450130463,
        "value": "trance"
    },
    "genre_rosamerica": {
        "all": {
            "cla": 0.000374744995497,
            "dan": 0.181550830603,
            "hip": 0.00253269774839,
            "jaz": 0.000329558970407,
            "pop": 0.0234272778034,
            "rhy": 0.00146313302685,
            "roc": 0.790014207363,
            "spe": 0.000307570910081
        },
        "probability": 0.790014207363,
        "value": "roc"
    },
    "genre_tzanetakis": {
        "all": {
            "blu": 0.0626613423228,
            "cla": 0.0348169617355,
            "cou": 0.104475811124,
            "dis": 0.0784321576357,
            "hip": 0.15692435205,
            "jaz": 0.313974827528,
            "met": 0.0448166541755,
            "pop": 0.0627359300852,
            "reg": 0.0627360641956,
            "roc": 0.0784258767962
        },
        "probability": 0.313974827528,
        "value": "jaz"
    },
    "ismir04_rhythm": {
        "all": {
            "ChaChaCha": 0.00758491270244,
            "Jive": 0.924502909184,
            "Quickstep": 0.00163363968022,
            "Rumba-American": 0.00211916607805,
            "Rumba-International": 0.00590776233003,
            "Rumba-Misc": 0.00187022867613,
            "Samba": 0.0386465117335,
            "Tango": 0.00142513087485,
            "VienneseWaltz": 0.0152984792367,
            "Waltz": 0.00101125752553
        },
        "probability": 0.924502909184,
        "value": "Jive"
    },
    "mood_acoustic": {
        "all": {
            "acoustic": 0.0052423113957,
            "not_acoustic": 0.994757711887
        },
        "probability": 0.994757711887,
        "value": "not_acoustic"
    },
    "mood_aggressive": {
        "all": {
            "aggressive": 0.908133149147,
            "not_aggressive": 0.0918668732047
        },
        "probability": 0.908133149147,
        "value": "aggressive"
    },
    "mood_electronic": {
        "all": {
            "electronic": 0.218065708876,
            "not_electronic": 0.781934261322
        },
        "probability": 0.781934261322,
        "value": "not_electronic"
    },
    "mood_happy": {
        "all": {
            "happy": 0.918386101723,
            "not_happy": 0.0816138908267
        },
        "probability": 0.918386101723,
        "value": "happy"
    },
    "mood_party": {
        "all": {
            "not_party": 0.335132211447,
            "party": 0.664867818356
        },
        "probability": 0.664867818356,
        "value": "party"
    },
    "mood_relaxed": {
        "all": {
            "not_relaxed": 0.994805395603,
            "relaxed": 0.005194617901
        },
        "probability": 0.994805395603,
        "value": "not_relaxed"
    },
    "mood_sad": {
        "all": {
            "not_sad": 0.951455354691,
            "sad": 0.0485446453094
        },
        "probability": 0.951455354691,
        "value": "not_sad"
    },
    "moods_mirex": {
        "all": {
            "Cluster1": 0.371268391609,
            "Cluster2": 0.0650028511882,
            "Cluster3": 0.0887402668595,
            "Cluster4": 0.139090552926,
            "Cluster5": 0.335897952318
        },
        "probability": 0.371268391609,
        "value": "Cluster1"
    },
    "timbre": {
        "all": {
            "bright": 0.951608181,
            "dark": 0.0483918040991
        },
        "probability": 0.951608181,
        "value": "bright"
    },
    "tonal_atonal": {
        "all": {
            "atonal": 0.000641033460852,
            "tonal": 0.999358952045
        },
        "probability": 0.999358952045,
        "value": "tonal"
    },
    "voice_instrumental": {
        "all": {
            "instrumental": 0.00158629717771,
            "voice": 0.998413681984
        },
        "probability": 0.998413681984,
        "value": "voice"
    }
},
"lowlevel": {
    "average_loudness": 0.983449995518,
    "barkbands_crest": {
        "dmean": 2.74462199211,
        "dmean2": 4.6056804657,
        "dvar": 6.06524801254,
        "dvar2": 15.865691185,
        "max": 22.6628322601,
        "mean": 10.1867418289,
        "median": 9.90008163452,
        "min": 2.61630010605,
        "var": 13.6776094437
    },
    "barkbands_flatness_db": {
        "dmean": 0.0204840563238,
        "dmean2": 0.0323817580938,
        "dvar": 0.000322711712215,
        "dvar2": 0.000869098701514,
        "max": 0.236808598042,
        "mean": 0.120341561735,
        "median": 0.118243969977,
        "min": 0.046522192657,
        "var": 0.00112032366451
    },
    "barkbands_kurtosis": {
        "dmean": 2.51621246338,
        "dmean2": 4.28626394272,
        "dvar": 23.4146785736,
        "dvar2": 63.8729133606,
        "max": 55.0258293152,
        "mean": 1.95923793316,
        "median": 0.586012601852,
        "min": -1.79089403152,
        "var": 21.2733840942
    },
    "barkbands_skewness": {
        "dmean": 0.593953609467,
        "dmean2": 0.950563132763,
        "dvar": 0.436597466469,
        "dvar2": 1.11752283573,
        "max": 6.85474252701,
        "mean": 1.36519682407,
        "median": 1.23619151115,
        "min": -0.824745774269,
        "var": 0.865123331547
    },
    "barkbands_spread": {
        "dmean": 6.94758081436,
        "dmean2": 10.8588428497,
        "dvar": 43.5351257324,
        "dvar2": 94.1323165894,
        "max": 96.0645523071,
        "mean": 31.510509491,
        "median": 30.3187141418,
        "min": 4.24095869064,
        "var": 153.927841187
    },
    "dissonance": {
        "dmean": 0.0148307355121,
        "dmean2": 0.0259123556316,
        "dvar": 0.000167740086908,
        "dvar2": 0.000470131839393,
        "max": 0.499744385481,
        "mean": 0.477508813143,
        "median": 0.480539083481,
        "min": 0.406276583672,
        "var": 0.000232160062296
    },
    "dynamic_complexity": 1.08400261402,
    "erbbands_crest": {
        "dmean": 2.71136069298,
        "dmean2": 4.44583034515,
        "dvar": 6.48971652985,
        "dvar2": 16.7330474854,
        "max": 25.3823719025,
        "mean": 8.81553554535,
        "median": 7.92814588547,
        "min": 2.67469644547,
        "var": 16.9832897186
    },
    "erbbands_flatness_db": {
        "dmean": 0.0154945384711,
        "dmean2": 0.0221867393702,
        "dvar": 0.000185728946235,
        "dvar2": 0.000361595011782,
        "max": 0.248381078243,
        "mean": 0.133676499128,
        "median": 0.129799768329,
        "min": 0.0665933340788,
        "var": 0.000988537678495
    },
    "erbbands_kurtosis": {
        "dmean": 0.661884963512,
        "dmean2": 1.0875954628,
        "dvar": 0.444310903549,
        "dvar2": 1.1611148119,
        "max": 7.0519695282,
        "mean": 0.292781859636,
        "median": 0.108317375183,
        "min": -1.58829700947,
        "var": 1.20019686222
    },
    "erbbands_skewness": {
        "dmean": 0.2768920362,
        "dmean2": 0.44482833147,
        "dvar": 0.0571451447904,
        "dvar2": 0.142491057515,
        "max": 2.01773309708,
        "mean": 0.00911473575979,
        "median": -0.0303176883608,
        "min": -1.56720435619,
        "var": 0.22571632266
    },
    "erbbands_spread": {
        "dmean": 8.94651699066,
        "dmean2": 14.6089048386,
        "dvar": 87.1352462769,
        "dvar2": 213.607955933,
        "max": 100.256439209,
        "mean": 41.61876297,
        "median": 39.3049049377,
        "min": 10.9803638458,
        "var": 256.758270264
    },
    "hfc": {
        "dmean": 7.33909749985,
        "dmean2": 11.0332727432,
        "dvar": 70.2296066284,
        "dvar2": 137.864334106,
        "max": 166.725128174,
        "mean": 38.2429161072,
        "median": 34.8440704346,
        "min": 5.51707220078,
        "var": 347.742431641
    },
    "melbands_crest": {
        "dmean": 3.68222332001,
        "dmean2": 6.09262228012,
        "dvar": 11.8920621872,
        "dvar2": 31.4635639191,
        "max": 29.0129432678,
        "mean": 16.8171806335,
        "median": 16.7617855072,
        "min": 4.29594087601,
        "var": 29.1002807617
    },
    "melbands_flatness_db": {
        "dmean": 0.027909560129,
        "dmean2": 0.0441174954176,
        "dvar": 0.000694491085596,
        "dvar2": 0.00171867897734,
        "max": 0.338882029057,
        "mean": 0.171697884798,
        "median": 0.16982729733,
        "min": 0.0645656511188,
        "var": 0.00208790251054
    },
    "melbands_kurtosis": {
        "dmean": 8.62402534485,
        "dmean2": 14.7138299942,
        "dvar": 247.59375,
        "dvar2": 679.437316895,
        "max": 195.880950928,
        "mean": 12.1105823517,
        "median": 7.76748180389,
        "min": -1.0442006588,
        "var": 247.295730591
    },
    "melbands_skewness": {
        "dmean": 0.935502767563,
        "dmean2": 1.5304441452,
        "dvar": 1.06698906422,
        "dvar2": 2.76279139519,
        "max": 12.0484924316,
        "mean": 2.83318018913,
        "median": 2.67884206772,
        "min": -0.272604733706,
        "var": 2.30353069305
    },
    "melbands_spread": {
        "dmean": 8.70233631134,
        "dmean2": 13.660150528,
        "dvar": 64.5117034912,
        "dvar2": 155.534194946,
        "max": 85.0210494995,
        "mean": 28.0462379456,
        "median": 26.4497051239,
        "min": 2.11171221733,
        "var": 176.807769775
    },
    "pitch_salience": {
        "dmean": 0.0813667699695,
        "dmean2": 0.137901365757,
        "dvar": 0.00525390123948,
        "dvar2": 0.0137710543349,
        "max": 0.798630654812,
        "mean": 0.478345364332,
        "median": 0.47772076726,
        "min": 0.172508209944,
        "var": 0.0123242111877
    },
    "silence_rate_20dB": {
        "dmean": 0,
        "dmean2": 0,
        "dvar": 0,
        "dvar2": 0,
        "max": 1,
        "mean": 1,
        "median": 1,
        "min": 1,
        "var": 0
    },
    "silence_rate_30dB": {
        "dmean": 0.0371517017484,
        "dmean2": 0.0743609592319,
        "dvar": 0.0357717908919,
        "dvar2": 0.0951684564352,
        "max": 1,
        "mean": 0.976024746895,
        "median": 1,
        "min": 0,
        "var": 0.0234003178775
    },
    "silence_rate_60dB": {
        "dmean": 0,
        "dmean2": 0,
        "dvar": 0,
        "dvar2": 0,
        "max": 0,
        "mean": 0,
        "median": 0,
        "min": 0,
        "var": 0
    },
    "spectral_centroid": {
        "dmean": 286.831726074,
        "dmean2": 453.055725098,
        "dvar": 72238.015625,
        "dvar2": 173510.546875,
        "max": 3173.1953125,
        "mean": 1689.47973633,
        "median": 1688.78845215,
        "min": 483.851257324,
        "var": 191620.59375
    },
    "spectral_complexity": {
        "dmean": 4.35448932648,
        "dmean2": 6.74593353271,
        "dvar": 14.0493221283,
        "dvar2": 31.7231674194,
        "max": 55,
        "mean": 28.3812847137,
        "median": 28,
        "min": 8,
        "var": 72.8360214233
    },
    "spectral_decrease": {
        "dmean": 4.6759556227e-09,
        "dmean2": 7.80536701939e-09,
        "dvar": 4.30698982148e-17,
        "dvar2": 1.12558529061e-16,
        "max": -1.21186072288e-09,
        "mean": -1.21432366385e-08,
        "median": -1.06430437796e-08,
        "min": -4.9521819534e-08,
        "var": 4.5546271828e-17
    },
    "spectral_energy": {
        "dmean": 0.0179471112788,
        "dmean2": 0.0299099329859,
        "dvar": 0.000624110922217,
        "dvar2": 0.00163133069873,
        "max": 0.190268561244,
        "mean": 0.0493000522256,
        "median": 0.0438553355634,
        "min": 0.00512804510072,
        "var": 0.000666520965751
    },
    "spectral_energyband_high": {
        "dmean": 0.000590282783378,
        "dmean2": 0.000828104268294,
        "dvar": 8.37878474158e-07,
        "dvar2": 1.36130620376e-06,
        "max": 0.0181373953819,
        "mean": 0.00212850817479,
        "median": 0.00153083913028,
        "min": 0.000201553906663,
        "var": 4.61027548226e-06
    },
    "spectral_energyband_low": {
        "dmean": 0.0145916882902,
        "dmean2": 0.0244097802788,
        "dvar": 0.000493875530083,
        "dvar2": 0.00132235127967,
        "max": 0.177727341652,
        "mean": 0.0275014601648,
        "median": 0.0226284191012,
        "min": 4.08787964261e-05,
        "var": 0.00053931819275
    },
    "spectral_energyband_middle_high": {
        "dmean": 0.00278586731292,
        "dmean2": 0.00445995246992,
        "dvar": 8.04808132671e-06,
        "dvar2": 2.0686591597e-05,
        "max": 0.0458901226521,
        "mean": 0.0107930060476,
        "median": 0.00932928174734,
        "min": 0.000848706578836,
        "var": 4.02952828154e-05
    },
    "spectral_energyband_middle_low": {
        "dmean": 0.00801446754485,
        "dmean2": 0.0135991768911,
        "dvar": 0.000204662967008,
        "dvar2": 0.00053730403306,
        "max": 0.103216253221,
        "mean": 0.0121447453275,
        "median": 0.00779166072607,
        "min": 0.000615983852185,
        "var": 0.000186777950148
    },
    "spectral_entropy": {
        "dmean": 0.109739005566,
        "dmean2": 0.16357177496,
        "dvar": 0.00950951501727,
        "dvar2": 0.0216564461589,
        "max": 8.57465076447,
        "mean": 7.85805940628,
        "median": 7.8480553627,
        "min": 7.24779701233,
        "var": 0.0454524941742
    },
    "spectral_flux": {
        "dmean": 0.0375245884061,
        "dmean2": 0.0570452734828,
        "dvar": 0.00159122585319,
        "dvar2": 0.00304352981038,
        "max": 0.339137583971,
        "mean": 0.122892104089,
        "median": 0.108118958771,
        "min": 0.0361219532788,
        "var": 0.00298440363258
    },
    "spectral_kurtosis": {
        "dmean": 0.742249011993,
        "dmean2": 1.25320851803,
        "dvar": 0.40750014782,
        "dvar2": 1.15616738796,
        "max": 6.84575939178,
        "mean": 2.42540407181,
        "median": 2.31094884872,
        "min": -0.407044887543,
        "var": 1.25554811954
    },
    "spectral_rms": {
        "dmean": 0.00115930195898,
        "dmean2": 0.00187611521687,
        "dvar": 1.82170913376e-06,
        "dvar2": 4.58405111203e-06,
        "max": 0.0136245321482,
        "mean": 0.00674356892705,
        "median": 0.00654107751325,
        "min": 0.00223673204891,
        "var": 2.62194976131e-06
    },
    "spectral_rolloff": {
        "dmean": 567.897216797,
        "dmean2": 922.392333984,
        "dvar": 492536.875,
        "dvar2": 1054262.875,
        "max": 8613.28125,
        "mean": 1628.9777832,
        "median": 1421.19140625,
        "min": 107.666015625,
        "var": 1429798.25
    },
    "spectral_skewness": {
        "dmean": 0.148092672229,
        "dmean2": 0.233342036605,
        "dvar": 0.0142097016796,
        "dvar2": 0.0335198007524,
        "max": 2.0534734726,
        "mean": 1.20949685574,
        "median": 1.21032762527,
        "min": 0.385519295931,
        "var": 0.0549439713359
    },
    "spectral_spread": {
        "dmean": 538368.625,
        "dmean2": 792633.4375,
        "dvar": 356508205056,
        "dvar2": 771390504960,
        "max": 9770830,
        "mean": 5093881.5,
        "median": 4995627,
        "min": 2798243.5,
        "var": 1.23501923533e+12
    },
    "spectral_strongpeak": {
        "dmean": 0.435815483332,
        "dmean2": 0.750446021557,
        "dvar": 0.5679641366,
        "dvar2": 1.53287649155,
        "max": 6.4648900032,
        "mean": 0.772711098194,
        "median": 0.528980672359,
        "min": 0,
        "var": 0.758994758129
    },
    "zerocrossingrate": {
        "dmean": 0.0112463412806,
        "dmean2": 0.0138227846473,
        "dvar": 0.000114261019917,
        "dvar2": 0.000158596390975,
        "max": 0.22216796875,
        "mean": 0.0696860030293,
        "median": 0.06494140625,
        "min": 0.02099609375,
        "var": 0.000720437325072
    },
    "barkbands": {
        "dmean": [0.000445717625553, 0.00758327031508, 0.00749245146289, 0.0050659738481, 0.00210331543349, 0.0010373693658, 0.000739074952435, 0.000687600520905, 0.000614244956523, 0.000775244785473, 0.00103932397906, 0.000765281089116, 0.000807764707133, 0.000683964113705, 0.000444015895482, 0.000318932667142, 0.000359888566891, 0.000353191047907, 0.000189581609447, 0.00018815229123, 0.000156736583449, 0.000150832187501, 0.000131608554511, 0.000123649777379, 0.000149838393554, 6.31554576103e-05, 1.21077064819e-07],
        "dmean2": [0.000717030954547, 0.0124285463244, 0.0130355637521, 0.00894647277892, 0.00371536635794, 0.00172016955912, 0.00121954851784, 0.0011240754975, 0.00101875013206, 0.0011888173176, 0.00169218331575, 0.00125746754929, 0.00129990116693, 0.00105771259405, 0.000725149991922, 0.000504252442624, 0.000591586111113, 0.000573984754737, 0.000305735971779, 0.000308121409034, 0.000256859086221, 0.000231586716836, 0.000203398216399, 0.00018132769037, 0.000219977708184, 9.36247379286e-05, 2.14773592688e-07],
        "dvar": [6.98416556588e-07, 0.000156943671755, 0.000136862930958, 0.000102397229057, 2.18191944441e-05, 3.00346391668e-06, 1.40640247537e-06, 1.28036560909e-06, 1.97337431018e-06, 3.16772047881e-06, 4.09198082707e-06, 1.53165262873e-06, 2.00933004635e-06, 1.51254789671e-06, 3.78425085046e-07, 1.85967920174e-07, 1.98014575403e-07, 2.07644461625e-07, 3.52494886613e-08, 5.98101621563e-08, 4.48299530831e-08, 4.09624192343e-08, 6.36019805711e-08, 9.28897208041e-08, 7.16482659868e-08, 1.49961856266e-08, 1.30440688632e-13],
        "dvar2": [1.47658954575e-06, 0.000408608437283, 0.000389604392694, 0.000279913831037, 5.93551521888e-05, 7.20817206457e-06, 3.75085051019e-06, 3.01055888485e-06, 5.12390806762e-06, 6.52544349578e-06, 1.05610906758e-05, 4.3071181608e-06, 5.08407674715e-06, 3.48184971699e-06, 9.73217652245e-07, 4.32625114399e-07, 5.48797856936e-07, 5.45591547052e-07, 8.82063417862e-08, 1.53836253958e-07, 1.11831681693e-07, 8.66579057401e-08, 1.18032488672e-07, 1.4242408497e-07, 1.43838235545e-07, 3.23476214703e-08, 3.32617180326e-13],
        "max": [0.00807404424995, 0.118447445333, 0.100574217737, 0.0717926025391, 0.042153544724, 0.026720719412, 0.023136574775, 0.0159840472043, 0.0234521161765, 0.0370601117611, 0.0353056564927, 0.0172441434115, 0.0146372905001, 0.0225086975843, 0.00730235408992, 0.00667967321351, 0.0055504203774, 0.00981875415891, 0.00233852001838, 0.0048397295177, 0.00385462772101, 0.00493726320565, 0.00545653747395, 0.00823236815631, 0.00439171353355, 0.00164607586339, 5.18536717209e-06],
        "mean": [0.000501080648974, 0.0120864845812, 0.0118517111987, 0.00477383518592, 0.00198500021361, 0.00171227264218, 0.00136217218824, 0.00103330530692, 0.000969307671767, 0.00135931873228, 0.00194806291256, 0.0014235235285, 0.00148902391084, 0.00122118287254, 0.000775233958848, 0.000586789683439, 0.000694586953614, 0.000725192367099, 0.000468315993203, 0.000465854885988, 0.000423941703048, 0.000439095805632, 0.000331744813593, 0.000313069525873, 0.000271221593721, 8.86998750502e-05, 9.67129594187e-08],
        "median": [0.000170007260749, 0.00776377134025, 0.0084121208638, 0.00213558506221, 0.000753455213271, 0.00104439584538, 0.000770497950725, 0.000616796140093, 0.000375972944312, 0.000462637166493, 0.000709329615347, 0.000617805751972, 0.00056359032169, 0.000586449808907, 0.00049400475109, 0.000401029916247, 0.000512631901074, 0.000567214388866, 0.000386750063626, 0.000364360632375, 0.0003243292158, 0.00033668577089, 0.000206074517337, 0.000170128361788, 0.000130684071337, 1.91734907276e-05, 3.22471405134e-09],
        "min": [7.61778196079e-08, 6.60826663079e-06, 6.22547020157e-07, 1.54810277309e-06, 2.9494653063e-05, 5.43971509614e-06, 1.09197317215e-05, 4.41103838966e-06, 9.16061981115e-06, 2.40399663198e-06, 4.43999397248e-06, 8.37077004689e-06, 7.28975464881e-06, 1.25184633362e-05, 1.51371323227e-05, 1.07628011392e-05, 3.92358415411e-05, 4.16855218646e-05, 2.92819968308e-05, 2.42297446675e-05, 2.12849445234e-05, 2.00836584554e-05, 8.58436396811e-06, 9.28330678107e-07, 1.09163249817e-06, 3.62786328756e-11, 9.510141806e-12],
        "var": [8.47923672609e-07, 0.000197436922463, 0.00014836002083, 7.62083291193e-05, 1.58442671818e-05, 5.18786418979e-06, 4.37681865151e-06, 2.18100808524e-06, 3.99509235649e-06, 7.67867913964e-06, 1.46431066241e-05, 3.48466255673e-06, 4.89417379868e-06, 3.33193429469e-06, 7.49769185404e-07, 3.99196295575e-07, 3.79040955067e-07, 3.915788227e-07, 1.06587300763e-07, 1.96498703531e-07, 1.52644446416e-07, 1.51239987645e-07, 2.47308491907e-07, 4.26566572287e-07, 1.73456029984e-07, 3.21091135902e-08, 1.23098688361e-13]
    },
    "erbbands": {
        "dmean": [0.171269714832, 2.04462885857, 7.63313674927, 13.6908969879, 10.3025789261, 7.47090864182, 6.94846343994, 8.83669948578, 9.7516784668, 13.772149086, 15.0224714279, 14.0457687378, 17.1702060699, 31.4966888428, 36.9371337891, 33.6943054199, 39.0817756653, 32.7702217102, 24.7367572784, 19.262216568, 14.7135238647, 18.4682235718, 16.1485691071, 14.1705474854, 8.41538906097, 9.28511810303, 6.29432725906, 6.70701217651, 5.75025177002, 4.83483600616, 3.54388642311, 2.83823394775, 2.19594717026, 1.82635748386, 1.04387569427, 0.373325169086, 0.107872739434, 0.0122980671003, 0.000223050912609, 2.68591302302e-05],
        "dmean2": [0.28185492754, 3.46849989891, 13.2949018478, 23.9363269806, 18.5367546082, 13.0759315491, 11.3630428314, 14.7392282486, 16.0026950836, 22.669084549, 24.2440662384, 22.8806362152, 27.2586593628, 49.7440338135, 61.2853393555, 55.3793373108, 62.1501579285, 50.6685905457, 40.5422096252, 30.4899177551, 23.4658145905, 30.5970630646, 26.1958599091, 22.9620399475, 13.5194635391, 15.1977272034, 10.4392576218, 10.6204042435, 8.85661315918, 7.43764448166, 5.4932551384, 4.06237459183, 3.37301063538, 2.64781570435, 1.59835541248, 0.564306557178, 0.159246131778, 0.0190438069403, 0.000340076861903, 4.2656018195e-05],
        "dvar": [0.118168480694, 11.5749816895, 157.456115723, 512.236816406, 580.273132324, 249.277648926, 150.933181763, 252.925521851, 239.755615234, 539.228942871, 766.336608887, 1193.85791016, 1398.86730957, 5672.43945312, 4770.11279297, 3017.8503418, 4752.41552734, 3339.78100586, 1254.31225586, 638.887634277, 353.970214844, 602.449829102, 633.159240723, 202.823623657, 83.960975647, 153.968292236, 75.0270843506, 78.370765686, 54.5761795044, 74.5683364868, 50.8597335815, 56.3528366089, 23.252040863, 11.0198535919, 4.51100730896, 0.489329755306, 0.0486474819481, 0.000798820168711, 2.2321020765e-07, 1.21101395578e-09],
        "dvar2": [0.285472124815, 32.7602615356, 446.311920166, 1424.42199707, 1597.59838867, 669.291931152, 359.360595703, 622.571838379, 627.542358398, 1383.79931641, 1872.3671875, 3236.35839844, 3402.9519043, 14695.2919922, 12312.7568359, 8386.24316406, 11806.7363281, 7973.90722656, 3040.98608398, 1513.50512695, 900.138183594, 1627.27319336, 1681.59509277, 528.466430664, 207.746459961, 394.272186279, 194.668365479, 191.176132202, 119.219078064, 161.48664856, 91.8695449829, 84.9937515259, 44.7542610168, 19.2955341339, 10.9270410538, 1.17352938652, 0.102735124528, 0.0018098159926, 4.94873347634e-07, 2.84248780069e-09],
        "max": [2.56243348122, 30.4118270874, 114.197982788, 148.710769653, 181.185409546, 146.372451782, 189.221252441, 290.921417236, 287.544128418, 430.25112915, 450.421722412, 681.844299316, 570.03692627, 1493.39697266, 1069.17871094, 641.182495117, 759.008239746, 780.99810791, 451.520080566, 423.910797119, 300.63180542, 379.077911377, 659.922607422, 165.424972534, 151.554046631, 233.098892212, 173.346420288, 172.909469604, 154.265380859, 231.064498901, 138.058059692, 216.091644287, 119.925354004, 59.5339698792, 30.3640899658, 8.8973531723, 3.01127338409, 0.369143664837, 0.00603873422369, 0.000300957297441],
        "mean": [0.218983471394, 3.21514511108, 12.7615461349, 16.6995391846, 8.74084949493, 7.27505540848, 9.91766166687, 13.8773984909, 17.6092414856, 23.8916740417, 22.3796253204, 22.7199172974, 31.1842975616, 59.6949996948, 69.380821228, 67.0595550537, 76.7895965576, 66.1252670288, 47.3110313416, 38.0285377502, 31.7656879425, 38.6239585876, 34.5455818176, 33.9542884827, 21.8596878052, 22.7789154053, 16.8399353027, 18.0418968201, 15.9489164352, 12.2392883301, 8.9068069458, 6.89951467514, 5.24903297424, 3.69213199615, 1.42060017586, 0.501987397671, 0.146024420857, 0.0147540038452, 0.000317182159051, 7.64789219829e-05],
        "median": [0.0891024023294, 2.22826504707, 9.31700801849, 9.45177936554, 3.14713907242, 2.82867598534, 4.77504491806, 8.3447933197, 9.82272911072, 13.8340597153, 12.0950517654, 9.17374992371, 13.1898612976, 20.7588424683, 27.8690547943, 35.3592987061, 38.9676933289, 36.0473403931, 32.4939460754, 26.8613948822, 24.5957736969, 29.5700645447, 27.2385387421, 28.8091011047, 18.0435714722, 17.6536312103, 12.9462451935, 14.3353052139, 12.1988859177, 8.20456027985, 5.4654417038, 3.6367957592, 3.00138902664, 1.98837220669, 0.470924645662, 0.123408995569, 0.0259518101811, 0.00193660531659, 8.42414010549e-05, 6.2360886659e-05],
        "min": [0.00041532504838, 0.00167559762485, 0.00187476794235, 0.00579908816144, 0.0272391997278, 0.0731482282281, 0.0754715874791, 0.0952718630433, 0.171175554395, 0.479731559753, 0.355078458786, 0.424644440413, 0.278968065977, 0.201696068048, 0.262160539627, 1.1171412468, 1.27570259571, 1.25031769276, 1.54709756374, 1.28110826015, 2.61352133751, 3.22689223289, 2.44030976295, 1.97613406181, 1.92794311047, 1.03944015503, 0.877468287945, 0.759516060352, 0.892895936966, 0.502467989922, 0.214870125055, 0.0619102604687, 0.0151620926335, 0.0152994217351, 0.00322857010178, 0.000453973043477, 7.15932328603e-05, 4.93469269713e-06, 5.37989581062e-06, 7.04051080902e-06],
        "var": [0.13674043119, 12.3505220413, 159.133224487, 439.926513672, 387.404602051, 194.745315552, 230.043991089, 416.896942139, 622.913574219, 1354.63549805, 1105.1340332, 2426.42089844, 3054.52783203, 12556.4589844, 14208.6152344, 6720.87255859, 10743.2402344, 8043.61474609, 2322.32177734, 1396.94628906, 757.529174805, 1080.90270996, 1045.04418945, 484.800354004, 250.319824219, 466.30960083, 241.187591553, 231.230041504, 194.635894775, 234.298599243, 194.433441162, 248.156463623, 86.7261047363, 31.7753505707, 7.11109828949, 0.883758962154, 0.101756848395, 0.00131350383162, 4.06032881983e-07, 2.22238782932e-09]
    },
    "gfcc": {
        "mean": [64.1761169434, 76.3869781494, -122.303314209, 50.2589950562, -54.6212844849, 33.425453186, -35.6313056946, 12.8816022873, -23.9897556305, 6.39780759811, -12.718091011, -1.28687775135, -15.5460033417],
        "cov": [[793.923339844, -316.224456787, 319.193603516, -156.153823853, -52.7321548462, -52.1687049866, -64.6238174438, 3.13766551018, -166.85508728, 44.8542671204, -163.987670898, 99.7001495361, -63.7567405701], [-316.224456787, 477.205444336, -209.043167114, 76.0793304443, 42.5060195923, -26.1578636169, 100.280342102, -71.4031600952, 75.0777053833, -66.5029525757, 73.8709869385, -64.9507141113, 58.3478622437], [319.193603516, -209.043167114, 491.258789062, 37.9910430908, 56.38722229, 3.99142861366, -93.2154998779, 75.9598770142, -39.4973106384, 62.6066436768, -74.2569046021, 32.9472885132, -74.8250045776], [-156.153823853, 76.0793304443, 37.9910430908, 255.938613892, 27.0762386322, 51.8395347595, -50.9945106506, -15.2027196884, 75.9444656372, -36.7016181946, 81.7444152832, -81.5767974854, 9.42562294006], [-52.7321548462, 42.5060195923, 56.38722229, 27.0762386322, 187.070159912, 48.3561248779, 48.675075531, 36.774230957, 15.8255319595, 28.9998397827, -1.16946172714, 8.0765581131, -16.3013744354], [-52.1687049866, -26.1578636169, 3.99142861366, 51.8395347595, 48.3561248779, 118.035728455, 33.8471374512, 27.0290489197, 18.9707336426, -4.40161418915, 44.5654792786, -11.4409093857, 6.59045219421], [-64.6238174438, 100.280342102, -93.2154998779, -50.9945106506, 48.675075531, 33.8471374512, 187.527832031, 27.2617759705, -2.07403659821, 2.8065366745, 8.37551212311, 29.9113330841, 8.69974899292], [3.13766551018, -71.4031600952, 75.9598770142, -15.2027196884, 36.774230957, 27.0290489197, 27.2617759705, 115.815887451, 45.1035842896, 35.9893035889, -12.5252370834, 13.0883245468, -7.11413383484], [-166.85508728, 75.0777053833, -39.4973106384, 75.9444656372, 15.8255319595, 18.9707336426, -2.07403659821, 45.1035842896, 130.619049072, 9.82420349121, 47.9596099854, -49.0438957214, 5.77268409729], [44.8542671204, -66.5029525757, 62.6066436768, -36.7016181946, 28.9998397827, -4.40161418915, 2.8065366745, 35.9893035889, 9.82420349121, 86.3301544189, -4.87355184555, 22.552740097, -24.256986618], [-163.987670898, 73.8709869385, -74.2569046021, 81.7444152832, -1.16946172714, 44.5654792786, 8.37551212311, -12.5252370834, 47.9596099854, -4.87355184555, 120.0779953, -16.3987483978, 20.6034965515], [99.7001495361, -64.9507141113, 32.9472885132, -81.5767974854, 8.0765581131, -11.4409093857, 29.9113330841, 13.0883245468, -49.0438957214, 22.552740097, -16.3987483978, 99.8792724609, 18.3403968811], [-63.7567405701, 58.3478622437, -74.8250045776, 9.42562294006, -16.3013744354, 6.59045219421, 8.69974899292, -7.11413383484, 5.77268409729, -24.256986618, 20.6034965515, 18.3403968811, 88.3493118286]],
        "icov": [[0.00317475828342, 0.000686641607899, -0.00158385408577, 0.000517774315085, 0.001111884485, -0.000467358680908, -0.000237453452428, 0.00129251251929, 0.00113905058242, -0.000298805971397, 0.00224007898942, -0.00108964613173, 0.000355744181434], [0.000686641607899, 0.00722312973812, -0.00143862678669, 0.0014900220558, -0.00327752600424, 0.00565547309816, -0.00548287155107, 0.00583461532369, -0.00410906458274, 0.0037018568255, -0.00328446319327, 0.00495395623147, -0.00464664772153], [-0.00158385408577, -0.00143862678669, 0.0059881079942, -0.00395587924868, -0.000298906088574, -0.00117223651614, 0.00349642825313, -0.00520544452593, 0.00281389383599, -0.00241440907121, 0.0024095501285, -0.003424302442, 0.00387164158747], [0.000517774315085, 0.0014900220558, -0.00395587924868, 0.0111717870459, -0.00242026476189, 3.85660023312e-05, -0.000341533421306, 0.0042935712263, -0.0043285228312, 0.00482047069818, -0.00632499298081, 0.00703021744266, -0.0036007296294], [0.001111884485, -0.00327752600424, -0.000298906088574, -0.00242026476189, 0.00963227450848, -0.00569333741441, 0.000579073908739, -0.00212117913179, 0.00175159389619, -0.00438696844503, 0.00487674633041, -0.00442025950179, 0.00340751605108], [-0.000467358680908, 0.00565547309816, -0.00117223651614, 3.85660023312e-05, -0.00569333741441, 0.0183660648763, -0.00613071257249, -0.000270273041679, -0.000304623506963, 0.00491325790063, -0.00921208411455, 0.00712053012103, -0.0048687197268], [-0.000237453452428, -0.00548287155107, 0.00349642825313, -0.000341533421306, 0.000579073908739, -0.00613071257249, 0.012553862296, -0.00710850162432, 0.00414529349655, -0.00195960234851, 0.00262723723426, -0.00636559538543, 0.00510276015848], [0.00129251251929, 0.00583461532369, -0.00520544452593, 0.0042935712263, -0.00212117913179, -0.000270273041679, -0.00710850162432, 0.023411123082, -0.0135006876662, 0.000366703316104, 0.00155573629308, 0.00143719406333, -0.00525170797482], [0.00113905058242, -0.00410906458274, 0.00281389383599, -0.0043285228312, 0.00175159389619, -0.000304623506963, 0.00414529349655, -0.0135006876662, 0.0215308740735, -0.00560012133792, -0.00150660052896, 0.00330974720418, 0.00195116805844], [-0.000298805971397, 0.0037018568255, -0.00241440907121, 0.00482047069818, -0.00438696844503, 0.00491325790063, -0.00195960234851, 0.000366703316104, -0.00560012133792, 0.020602831617, -0.00626306980848, 0.000233540937188, 0.00126170110889], [0.00224007898942, -0.00328446319327, 0.0024095501285, -0.00632499298081, 0.00487674633041, -0.00921208411455, 0.00262723723426, 0.00155573629308, -0.00150660052896, -0.00626306980848, 0.0211673118174, -0.00923164375126, 0.00331365712918], [-0.00108964613173, 0.00495395623147, -0.003424302442, 0.00703021744266, -0.00442025950179, 0.00712053012103, -0.00636559538543, 0.00143719406333, 0.00330974720418, 0.000233540937188, -0.00923164375126, 0.0263022575527, -0.0117717254907], [0.000355744181434, -0.00464664772153, 0.00387164158747, -0.0036007296294, 0.00340751605108, -0.0048687197268, 0.00510276015848, -0.00525170797482, 0.00195116805844, 0.00126170110889, 0.00331365712918, -0.0117717254907, 0.0202637091279]]
    },
    "melbands": {
        "dmean": [0.00171479920391, 0.00343809998594, 0.00227087712847, 0.000588723225519, 0.000240607187152, 0.000200872076675, 0.000146791076986, 0.000147351922351, 0.000128593586851, 8.70280491654e-05, 9.00185332284e-05, 0.000129725434817, 0.000144982317579, 7.45042634662e-05, 9.52165792114e-05, 8.34574893815e-05, 6.46429834887e-05, 4.37583366875e-05, 3.528578236e-05, 2.3475211492e-05, 1.98966536118e-05, 2.47208899964e-05, 1.36927901622e-05, 1.80472070497e-05, 1.24688403957e-05, 6.6483480623e-06, 6.83612097419e-06, 7.03390151102e-06, 4.6314444262e-06, 4.28651628681e-06, 4.33862487625e-06, 3.89602746509e-06, 3.10784980684e-06, 2.94122264677e-06, 2.29847137234e-06, 2.09183190236e-06, 1.9101437374e-06, 1.59536239153e-06, 1.86830050097e-06, 1.54132555963e-06],
        "dmean2": [0.00278518931009, 0.00598539737985, 0.00401121657342, 0.00104127032682, 0.000399988261051, 0.000334079843014, 0.000239369255723, 0.0002434985945, 0.00020740092441, 0.000140674528666, 0.000141986165545, 0.000202527327929, 0.0002367242123, 0.000123167556012, 0.000156168927788, 0.000132230619784, 9.99138428597e-05, 7.14314955985e-05, 5.6453209254e-05, 3.71287060261e-05, 3.23384047078e-05, 4.07061124861e-05, 2.29216457228e-05, 2.91738651867e-05, 2.03128638532e-05, 1.08001186163e-05, 1.1242112123e-05, 1.15872626338e-05, 7.73679494159e-06, 7.02245142747e-06, 6.92577350492e-06, 6.18721514911e-06, 4.92238586958e-06, 4.56378666058e-06, 3.71391865883e-06, 3.18606248584e-06, 2.87210764327e-06, 2.52080917562e-06, 2.79031996797e-06, 2.27439886658e-06],
        "dvar": [9.11379174795e-06, 3.29370632244e-05, 1.56673941092e-05, 1.71214969669e-06, 1.89304486753e-07, 1.16607573375e-07, 5.13848910089e-08, 5.98599001478e-08, 5.69866109856e-08, 4.85577018594e-08, 4.00398505462e-08, 9.67929523199e-08, 7.84900038298e-08, 1.66768980847e-08, 1.87603088619e-08, 2.26143281878e-08, 1.36745219592e-08, 5.29902255408e-09, 2.4267099441e-09, 1.16502674175e-09, 7.38575423043e-10, 1.18200127464e-09, 4.43107328607e-10, 6.01036942438e-10, 1.62812943683e-10, 4.83575922361e-11, 8.18599354968e-11, 9.60787630011e-11, 3.91057498883e-11, 3.54593368557e-11, 3.64264035602e-11, 2.23901140683e-11, 2.27635566646e-11, 2.89939773579e-11, 2.02162262625e-11, 2.28897092253e-11, 2.85549032336e-11, 1.34342805977e-11, 1.20477829102e-11, 7.45557435233e-12],
        "dvar2": [2.19178455154e-05, 9.38176817726e-05, 4.32087399531e-05, 4.6295631364e-06, 4.67160020889e-07, 2.86508736735e-07, 1.35369432996e-07, 1.53817907744e-07, 1.40605536103e-07, 1.2957518436e-07, 9.50567482505e-08, 2.4097752771e-07, 1.93696763517e-07, 4.78878128263e-08, 5.11248181567e-08, 5.62595126041e-08, 3.19763842072e-08, 1.21353522786e-08, 6.0952762837e-09, 2.64909116865e-09, 1.9427663922e-09, 3.21941162618e-09, 1.1365726138e-09, 1.54552859399e-09, 4.29642543764e-10, 1.23759960613e-10, 2.00482991319e-10, 2.38504493932e-10, 1.049400844e-10, 9.32531898923e-11, 9.01446209345e-11, 5.27940122175e-11, 5.38383122806e-11, 6.58044313484e-11, 4.19012567698e-11, 4.17761554516e-11, 5.16484216506e-11, 2.83215343538e-11, 2.33419620438e-11, 1.35686297267e-11],
        "max": [0.0276151746511, 0.0493478998542, 0.0269137024879, 0.0121405068785, 0.00568615971133, 0.00559506518766, 0.00412238156423, 0.00401975633577, 0.00353452656418, 0.00434178858995, 0.00310348509811, 0.00644490448758, 0.00515649933368, 0.00256952876225, 0.00153281947132, 0.001831213478, 0.00191691680811, 0.00116835627705, 0.000660676101688, 0.000566543836612, 0.000404739199439, 0.000461555522634, 0.00037970507401, 0.000473929161672, 0.000140623465995, 9.81691264315e-05, 0.000190700098756, 0.000176326153451, 0.00010602495604, 0.000103557104012, 0.000124113896163, 8.34822785691e-05, 0.00011439959053, 0.000137865659781, 8.49311327329e-05, 0.000101945508504, 0.000133343593916, 9.12336618057e-05, 6.32623341517e-05, 4.95505373692e-05],
        "mean": [0.00268026674166, 0.0060670976527, 0.00270171114244, 0.000520206405781, 0.000337555684382, 0.000324400840327, 0.000271430035355, 0.000246151612373, 0.00018494183314, 0.000137383889523, 0.000155100002303, 0.000231718178838, 0.000269091571681, 0.000130977336084, 0.000186476769159, 0.000157699221745, 0.000119655240269, 7.73269857746e-05, 6.28188645351e-05, 4.16407892772e-05, 3.80753444915e-05, 4.62117495772e-05, 2.61417153524e-05, 3.52324132109e-05, 2.74411449936e-05, 1.49541419887e-05, 1.55567613547e-05, 1.5237495063e-05, 1.04749960883e-05, 1.00368542917e-05, 1.06366460386e-05, 9.63040929491e-06, 7.39978349884e-06, 6.54352561469e-06, 5.14042721989e-06, 4.70280838272e-06, 4.0308982534e-06, 3.48363187186e-06, 3.9390956772e-06, 2.75907495961e-06],
        "median": [0.00153975526337, 0.00468875234947, 0.00154183211271, 0.000175022360054, 0.000170567116584, 0.000200335212867, 0.000153363886056, 0.000138997391332, 9.05381311895e-05, 4.97328546771e-05, 5.95468227402e-05, 7.1271933848e-05, 9.85831793514e-05, 7.33348788344e-05, 0.000107187421236, 5.89052542637e-05, 5.71802229388e-05, 4.78426845802e-05, 3.96422692575e-05, 2.69383181148e-05, 2.70285509032e-05, 3.18275051541e-05, 1.99967689696e-05, 2.63246201939e-05, 2.25306212087e-05, 1.1983166587e-05, 1.19809128591e-05, 1.1488108612e-05, 7.87953467807e-06, 7.38983908377e-06, 8.30887256598e-06, 7.27059750716e-06, 5.25070254298e-06, 4.18450053985e-06, 3.20583308167e-06, 2.42724627242e-06, 1.97735835172e-06, 1.93203527488e-06, 2.22726271204e-06, 1.40734732668e-06],
        "min": [4.07203651775e-06, 1.66310894656e-06, 1.13504825094e-06, 3.28897431245e-06, 2.36232517636e-06, 1.90596347238e-06, 2.19095591092e-06, 2.30047453442e-06, 1.98969246412e-06, 1.10932444386e-06, 6.11995801592e-07, 4.05597916142e-07, 6.65569700686e-07, 8.38741300413e-07, 1.46490913266e-06, 1.0521251852e-06, 1.28664373733e-06, 2.12609938899e-06, 7.86734858593e-07, 4.33484757423e-07, 2.50312928074e-06, 2.92395452561e-06, 7.44899296024e-07, 2.58174350165e-06, 1.35652521749e-06, 9.33496778543e-07, 7.01489398125e-07, 5.00623002608e-07, 2.23996721616e-07, 5.78540891638e-07, 3.93060588522e-07, 6.37788161839e-07, 1.99030509407e-07, 1.71540179394e-07, 1.19287165035e-07, 5.90726543237e-08, 1.52764343397e-08, 1.04372350762e-08, 1.05168780351e-08, 1.24871899487e-08],
