{
"highlevel": {
    "danceability": {
        "all": {
            "danceable": 0.980084896088,
            "not_danceable": 0.0199150890112
        },
        "probability": 0.980084896088,
        "value": "danceable"
    },
    "gender": {
        "all": {
            "female": 0.438004642725,
            "male": 0.561995387077
        },
        "probability": 0.561995387077,
        "value": "male"
    },
    "genre_dortmund": {
        "all": {
            "alternative": 0.0315781496465,
            "blues": 0.0310467891395,
            "electronic": 0.133571356535,
            "folkcountry": 0.139943093061,
            "funksoulrnb": 0.0561290159822,
            "jazz": 0.0965439677238,
            "pop": 0.0640175417066,
            "raphiphop": 0.406887501478,
            "rock": 0.0402825921774
        },
        "probability": 0.406887501478,
        "value": "raphiphop"
    },
    "genre_electronic": {
        "all": {
            "ambient": 0.351155877113,
            "dnb": 0.107176326215,
            "house": 0.417783856392,
            "techno": 0.0244580619037,
            "trance": 0.0994258746505
        },
        "probability": 0.417783856392,
        "value": "house"
    },
    "genre_rosamerica": {
        "all": {
            "cla": 0.0031112562865,
            "dan": 0.0626201853156,
            "hip": 0.415259867907,
            "jaz": 0.00310502643697,
            "pop": 0.0913249775767,
            "rhy": 0.410502076149,
            "roc": 0.00996611453593,
            "spe": 0.00411049416289
        },
        "probability": 0.415259867907,
        "value": "hip"
    },
    "genre_tzanetakis": {
        "all": {
            "blu": 0.0626613423228,
            "cla": 0.0348169617355,
            "cou": 0.104475811124,
            "dis": 0.0784321576357,
            "hip": 0.15692435205,
            "jaz": 0.313974827528,
            "met": 0.0448166541755,
            "pop": 0.0627359300852,
            "reg": 0.0627360641956,
            "roc": 0.0784258767962
        },
        "probability": 0.313974827528,
        "value": "jaz"
    },
    "ismir04_rhythm": {
        "all": {
            "ChaChaCha": 0.023331400007,
            "Jive": 0.228971689939,
            "Quickstep": 0.085272103548,
            "Rumba-American": 0.0122644072399,
            "Rumba-International": 0.242101669312,
            "Rumba-Misc": 0.0156106930226,
            "Samba": 0.348470181227,
            "Tango": 0.00368158938363,
            "VienneseWaltz": 0.0148529233411,
            "Waltz": 0.0254433546215
        },
        "probability": 0.348470181227,
        "value": "Samba"
    },
    "mood_acoustic": {
        "all": {
            "acoustic": 0.280362784863,
            "not_acoustic": 0.719637215137
        },
        "probability": 0.719637215137,
        "value": "not_acoustic"
    },
    "mood_aggressive": {
        "all": {
            "aggressive": 0.0572141893208,
            "not_aggressive": 0.942785799503
        },
        "probability": 0.942785799503,
        "value": "not_aggressive"
    },
    "mood_electronic": {
        "all": {
            "electronic": 0.822267055511,
            "not_electronic": 0.177732929587
        },
        "probability": 0.822267055511,
        "value": "electronic"
    },
    "mood_happy": {
        "all": {
            "happy": 0.895139813423,
            "not_happy": 0.104860171676
        },
        "probability": 0.895139813423,
        "value": "happy"
    },
    "mood_party": {
        "all": {
            "not_party": 0.653956711292,
            "party": 0.346043288708
        },
        "probability": 0.653956711292,
        "value": "not_party"
    },
    "mood_relaxed": {
        "all": {
            "not_relaxed": 0.867781221867,
            "relaxed": 0.132218793035
        },
        "probability": 0.867781221867,
        "value": "not_relaxed"
    },
    "mood_sad": {
        "all": {
            "not_sad": 0.643969893456,
            "sad": 0.356030106544
        },
        "probability": 0.643969893456,
        "value": "not_sad"
    },
    "moods_mirex": {
        "all": {
            "Cluster1": 0.206153601408,
            "Cluster2": 0.329324275255,
            "Cluster3": 0.323286652565,
            "Cluster4": 0.113359048963,
            "Cluster5": 0.0278764162213
        },
        "probability": 0.329324275255,
        "value": "Cluster2"
    },
    "timbre": {
        "all": {
            "bright": 0.932191371918,
            "dark": 0.0678086429834
        },
        "probability": 0.932191371918,
        "value": "bright"
    },
    "tonal_atonal": {
        "all": {
            "atonal": 0.250985950232,
            "tonal": 0.749014019966
        },
        "probability": 0.749014019966,
        "value": "tonal"
    },
    "voice_instrumental": {
        "all": {
            "instrumental": 0.0154185025021,
            "voice": 0.98458147049
        },
        "probability": 0.98458147049,
        "value": "voice"
    }
},
"lowlevel": {
    "average_loudness": 0.974004745483,
    "barkbands_crest": {
        "dmean": 3.31039619446,
        "dmean2": 5.22555065155,
        "dvar": 9.1111497879,
        "dvar2": 22.2229328156,
        "max": 25.3274440765,
        "mean": 12.2987861633,
        "median": 11.3256807327,
        "min": 3.56828022003,
        "var": 23.5176620483
    },
    "barkbands_flatness_db": {
        "dmean": 0.0332690477371,
        "dmean2": 0.0484849102795,
        "dvar": 0.000932216993533,
        "dvar2": 0.00180794752669,
        "max": 0.385066121817,
        "mean": 0.185457900167,
        "median": 0.174639552832,
        "min": 0.0738890245557,
        "var": 0.0033857463859
    },
    "barkbands_kurtosis": {
        "dmean": 6.61550855637,
        "dmean2": 10.7195672989,
        "dvar": 129.227172852,
        "dvar2": 315.617340088,
        "max": 122.321365356,
        "mean": 8.5306930542,
        "median": 4.76428556442,
        "min": -1.84202671051,
        "var": 182.488571167
    },
    "barkbands_skewness": {
        "dmean": 0.875813603401,
        "dmean2": 1.35622739792,
        "dvar": 0.883148789406,
        "dvar2": 2.05141925812,
        "max": 9.14332008362,
        "mean": 2.15250349045,
        "median": 1.87274301052,
        "min": -2.33961248398,
        "var": 2.07100272179
    },
    "barkbands_spread": {
        "dmean": 7.52679252625,
        "dmean2": 11.3476924896,
        "dvar": 106.366714478,
        "dvar2": 227.596847534,
        "max": 96.9125976562,
        "mean": 17.9278640747,
        "median": 13.9604253769,
        "min": 0.808860063553,
        "var": 216.874465942
    },
    "dissonance": {
        "dmean": 0.0261941589415,
        "dmean2": 0.0426894575357,
        "dvar": 0.000488382298499,
        "dvar2": 0.00122716790065,
        "max": 0.5,
        "mean": 0.449849545956,
        "median": 0.45549711585,
        "min": 0.310802787542,
        "var": 0.00105494027957
    },
    "dynamic_complexity": 1.72511315346,
    "erbbands_crest": {
        "dmean": 3.24020147324,
        "dmean2": 5.25533342361,
        "dvar": 7.55974626541,
        "dvar2": 20.0113143921,
        "max": 25.3205909729,
        "mean": 9.42681884766,
        "median": 8.58004570007,
        "min": 2.90084004402,
        "var": 14.2118120193
    },
    "erbbands_flatness_db": {
        "dmean": 0.0226552598178,
        "dmean2": 0.0335604846478,
        "dvar": 0.000385510502383,
        "dvar2": 0.000890378607437,
        "max": 0.261404782534,
        "mean": 0.156791687012,
        "median": 0.154894128442,
        "min": 0.0736847370863,
        "var": 0.00104672205634
    },
    "erbbands_kurtosis": {
        "dmean": 1.43358242512,
        "dmean2": 2.27358651161,
        "dvar": 3.03832173347,
        "dvar2": 7.15655088425,
        "max": 15.5280475616,
        "mean": 0.944953382015,
        "median": 0.432540178299,
        "min": -1.82115006447,
        "var": 5.01320266724
    },
    "erbbands_skewness": {
        "dmean": 0.500293910503,
        "dmean2": 0.77895796299,
        "dvar": 0.233608618379,
        "dvar2": 0.492913633585,
        "max": 3.61696267128,
        "mean": 0.680169165134,
        "median": 0.725139439106,
        "min": -2.56813001633,
        "var": 0.591381549835
    },
    "erbbands_spread": {
        "dmean": 11.7015609741,
        "dmean2": 18.0966339111,
        "dvar": 154.946105957,
        "dvar2": 337.934753418,
        "max": 146.81803894,
        "mean": 38.9789237976,
        "median": 34.6042938232,
        "min": 7.55421352386,
        "var": 362.042419434
    },
    "hfc": {
        "dmean": 9.82138824463,
        "dmean2": 14.4747819901,
        "dvar": 269.297515869,
        "dvar2": 652.005065918,
        "max": 144.613250732,
        "mean": 18.1679077148,
        "median": 13.0942277908,
        "min": 0.741595745087,
        "var": 348.544158936
    },
    "melbands_crest": {
        "dmean": 3.84546136856,
        "dmean2": 6.28701496124,
        "dvar": 12.9509830475,
        "dvar2": 35.1537361145,
        "max": 33.8516960144,
        "mean": 15.9441175461,
        "median": 14.6331672668,
        "min": 4.93976831436,
        "var": 41.9471702576
    },
    "melbands_flatness_db": {
        "dmean": 0.0423255413771,
        "dmean2": 0.0586910769343,
        "dvar": 0.00153170432895,
        "dvar2": 0.00294901267625,
        "max": 0.48818847537,
        "mean": 0.247204393148,
        "median": 0.239221736789,
        "min": 0.0596055425704,
        "var": 0.00636980310082
    },
    "melbands_kurtosis": {
        "dmean": 14.6665039062,
        "dmean2": 23.7496051788,
        "dvar": 710.275695801,
        "dvar2": 1741.83288574,
        "max": 341.693115234,
        "mean": 20.5684585571,
        "median": 11.4041948318,
        "min": -1.79953169823,
        "var": 930.706420898
    },
    "melbands_skewness": {
        "dmean": 1.12035942078,
        "dmean2": 1.75123107433,
        "dvar": 1.56607151031,
        "dvar2": 3.68031263351,
        "max": 16.3770961761,
        "mean": 3.14376378059,
        "median": 2.68722748756,
        "min": -0.868301093578,
        "var": 3.46056866646
    },
    "melbands_spread": {
        "dmean": 8.04931735992,
        "dmean2": 12.0979356766,
        "dvar": 170.386108398,
        "dvar2": 363.113586426,
        "max": 188.224334717,
        "mean": 16.9490585327,
        "median": 12.091050148,
        "min": 0.661991477013,
        "var": 319.869262695
    },
    "pitch_salience": {
        "dmean": 0.0897281765938,
        "dmean2": 0.14501619339,
        "dvar": 0.00663044303656,
        "dvar2": 0.0159870535135,
        "max": 0.811822593212,
        "mean": 0.495345413685,
        "median": 0.510143280029,
        "min": 0.118619725108,
        "var": 0.0192433241755
    },
    "silence_rate_20dB": {
        "dmean": 0,
        "dmean2": 0,
        "dvar": 0,
        "dvar2": 0,
        "max": 1,
        "mean": 1,
        "median": 1,
        "min": 1,
        "var": 0
    },
    "silence_rate_30dB": {
        "dmean": 0.0495356023312,
        "dmean2": 0.0991479456425,
        "dvar": 0.0470811314881,
        "dvar2": 0.0893158838153,
        "max": 1,
        "mean": 0.941995382309,
        "median": 1,
        "min": 0,
        "var": 0.0546401366591
    },
    "silence_rate_60dB": {
        "dmean": 0.00464396271855,
        "dmean2": 0.00929511990398,
        "dvar": 0.00462236627936,
        "dvar2": 0.0138561902568,
        "max": 1,
        "mean": 0.00232018553652,
        "median": 0,
        "min": 0,
        "var": 0.00231479527429
    },
    "spectral_centroid": {
        "dmean": 362.662231445,
        "dmean2": 531.21661377,
        "dvar": 204915.46875,
        "dvar2": 411067.25,
        "max": 4284.56640625,
        "mean": 1070.95690918,
        "median": 868.666931152,
        "min": 212.691452026,
        "var": 495129.6875
    },
    "spectral_complexity": {
        "dmean": 4.89086675644,
        "dmean2": 7.1402015686,
        "dvar": 35.6498718262,
        "dvar2": 66.263130188,
        "max": 54,
        "mean": 15.9110593796,
        "median": 14,
        "min": 2,
        "var": 74.6918792725
    },
    "spectral_decrease": {
        "dmean": 4.0873007201e-09,
        "dmean2": 6.14265660559e-09,
        "dvar": 5.02720142245e-17,
        "dvar2": 1.14839787312e-16,
        "max": -3.49968054536e-10,
        "mean": -9.74151159738e-09,
        "median": -7.48506590043e-09,
        "min": -5.99133400669e-08,
        "var": 7.83825628195e-17
    },
    "spectral_energy": {
        "dmean": 0.0160737000406,
        "dmean2": 0.0241085365415,
        "dvar": 0.000735430396162,
        "dvar2": 0.00167993607465,
        "max": 0.230685129762,
        "mean": 0.0384145490825,
        "median": 0.0297927912325,
        "min": 0.00140153197572,
        "var": 0.00114865298383
    },
    "spectral_energyband_high": {
        "dmean": 0.000733293360099,
        "dmean2": 0.00112439948134,
        "dvar": 2.88902947432e-06,
        "dvar2": 6.69816199661e-06,
        "max": 0.0200761239976,
        "mean": 0.000911572889891,
        "median": 0.00035171417403,
        "min": 2.66044344244e-06,
        "var": 3.58708098247e-06
    },
    "spectral_energyband_low": {
        "dmean": 0.01156737376,
        "dmean2": 0.0181900765747,
        "dvar": 0.00068059907062,
        "dvar2": 0.00157910003327,
        "max": 0.223514527082,
        "mean": 0.0224171932787,
        "median": 0.0136804245412,
        "min": 2.13836465264e-05,
        "var": 0.000997283845209
    },
    "spectral_energyband_middle_high": {
        "dmean": 0.00209410325624,
        "dmean2": 0.00310018029995,
        "dvar": 1.4014253793e-05,
        "dvar2": 3.39383368555e-05,
        "max": 0.0370758995414,
        "mean": 0.00360568705946,
        "median": 0.00193448388018,
        "min": 5.99569757469e-05,
        "var": 2.08054316317e-05
    },
    "spectral_energyband_middle_low": {
        "dmean": 0.00696822209284,
        "dmean2": 0.0111343348399,
        "dvar": 0.000136823582579,
        "dvar2": 0.000367996981367,
        "max": 0.103229880333,
        "mean": 0.0130178369582,
        "median": 0.00984795298427,
        "min": 0.000662160571665,
        "var": 0.000130056039779
    },
    "spectral_entropy": {
        "dmean": 0.259372264147,
        "dmean2": 0.368041872978,
        "dvar": 0.0593848153949,
        "dvar2": 0.121315151453,
        "max": 8.53445911407,
        "mean": 7.39148139954,
        "median": 7.41771221161,
        "min": 5.83263254166,
        "var": 0.196850717068
    },
    "spectral_flux": {
        "dmean": 0.0381854847074,
        "dmean2": 0.0588958226144,
        "dvar": 0.00237009557895,
        "dvar2": 0.0046212207526,
        "max": 0.429336518049,
        "mean": 0.106004580855,
        "median": 0.0869306325912,
        "min": 0.01532762032,
        "var": 0.00512123806402
    },
    "spectral_kurtosis": {
        "dmean": 2.2306728363,
        "dmean2": 3.52857232094,
        "dvar": 7.863032341,
        "dvar2": 19.6742420197,
        "max": 35.6359214783,
        "mean": 4.54359102249,
        "median": 3.38140630722,
        "min": -1.51335370541,
        "var": 14.7764120102
    },
    "spectral_rms": {
        "dmean": 0.00116269174032,
        "dmean2": 0.00170266162604,
        "dvar": 2.21568984671e-06,
        "dvar2": 4.53169832326e-06,
        "max": 0.0150019554421,
        "mean": 0.00572645617649,
        "median": 0.00539130205289,
        "min": 0.00116933672689,
        "var": 4.68531061415e-06
    },
    "spectral_rolloff": {
        "dmean": 548.963500977,
        "dmean2": 919.624206543,
        "dvar": 1238136.25,
        "dvar2": 2805782.75,
        "max": 12726.1230469,
        "mean": 990.72845459,
        "median": 495.263671875,
        "min": 64.599609375,
        "var": 1763567.625
    },
    "spectral_skewness": {
        "dmean": 0.352778494358,
        "dmean2": 0.529302239418,
        "dvar": 0.121701806784,
        "dvar2": 0.255275011063,
        "max": 4.54566860199,
        "mean": 1.61952292919,
        "median": 1.53875648975,
        "min": 0.160991966724,
        "var": 0.362348049879
    },
    "spectral_spread": {
        "dmean": 757061,
        "dmean2": 1121166.875,
        "dvar": 821056307200,
        "dvar2": 1.66260139622e+12,
        "max": 16666879,
        "mean": 4618539.5,
        "median": 4423633,
        "min": 1615398.875,
        "var": 2.27710389453e+12
    },
    "spectral_strongpeak": {
        "dmean": 0.313586264849,
        "dmean2": 0.537550270557,
        "dvar": 0.3497787714,
        "dvar2": 0.936613082886,
        "max": 6.02010679245,
        "mean": 0.547085881233,
        "median": 0.348587602377,
        "min": 0,
        "var": 0.386596798897
    },
    "zerocrossingrate": {
        "dmean": 0.0116412751377,
        "dmean2": 0.012754692696,
        "dvar": 0.000218586079427,
        "dvar2": 0.000255677703535,
        "max": 0.3095703125,
        "mean": 0.0417478568852,
        "median": 0.0341796875,
        "min": 0.0029296875,
        "var": 0.00104238209315
    },
    "barkbands": {
        "dmean": [0.00035631711944, 0.00774337491021, 0.0069022225216, 0.00252772099338, 0.00228799134493, 0.00138156895991, 0.00198352849111, 0.000796254957095, 0.000859607418533, 0.000441977987066, 0.000273502955679, 0.000272704724921, 0.000413454166846, 0.00046754302457, 0.000181609910214, 0.000174172906554, 0.000185631914064, 0.000178176385816, 0.000193930536625, 0.000353970739525, 0.000202643175726, 0.000192818057258, 0.000102130194136, 7.7107019024e-05, 5.95901765337e-05, 2.20734600589e-05, 2.77592726583e-09],
        "dmean2": [0.000537359621376, 0.0114871878177, 0.0121776517481, 0.00456326175481, 0.00381733290851, 0.00222666934133, 0.00314019364305, 0.00129055907018, 0.00140694214497, 0.00070441479329, 0.000413268222474, 0.000431352440501, 0.000620729115326, 0.000765476957895, 0.000283353962004, 0.000280914275208, 0.000296636280837, 0.000292066077236, 0.000312440504786, 0.000594678858761, 0.000313331751386, 0.000296769168926, 0.000163818272995, 0.000116385846923, 9.10093513085e-05, 3.31515439029e-05, 4.24603907589e-09],
        "dvar": [5.94373943841e-07, 0.00023145902378, 0.000665474042762, 6.13825468463e-05, 1.31479764605e-05, 5.25016321262e-06, 1.2230106222e-05, 2.23805750466e-06, 3.59326486432e-06, 9.92920263343e-07, 2.22128122118e-07, 3.10628536226e-07, 7.07893889285e-07, 1.19912294849e-06, 2.03228111673e-07, 1.96893651605e-07, 1.77226041842e-07, 1.90857576854e-07, 2.55694686757e-07, 1.09473853627e-06, 2.70770328825e-07, 2.2154804924e-07, 6.61455672457e-08, 3.38970309599e-08, 3.25634452736e-08, 5.29185362197e-09, 1.04791051646e-15],
        "dvar2": [1.24894131659e-06, 0.00048459507525, 0.00177675217856, 0.000174072483787, 3.36160155712e-05, 1.26164686662e-05, 3.19314785884e-05, 5.64796846447e-06, 8.31748729979e-06, 2.26661518354e-06, 4.98565498219e-07, 7.67274968894e-07, 1.69742395428e-06, 2.95023596664e-06, 5.07319100507e-07, 4.35125627973e-07, 4.21187024813e-07, 4.67499688739e-07, 6.3503284764e-07, 2.97488986689e-06, 6.47091383144e-07, 5.23205642367e-07, 1.64610199249e-07, 7.11288237198e-08, 6.09746066971e-08, 1.10221618499e-08, 1.05972609668e-15],
        "max": [0.00749453157187, 0.128339201212, 0.186054140329, 0.0692375451326, 0.0335536673665, 0.0323409773409, 0.0729356259108, 0.0251712761819, 0.0181510169059, 0.0145132364705, 0.00577727332711, 0.00801861286163, 0.00968104042113, 0.0104830553755, 0.00635059317574, 0.00802210252732, 0.0078015672043, 0.00522665074095, 0.00676799705252, 0.00803760904819, 0.00812400132418, 0.00733160926029, 0.00328615563922, 0.00381766352803, 0.00350720458664, 0.00130336917937, 1.13336682261e-06],
        "mean": [0.000683093443513, 0.0150353470817, 0.0052869040519, 0.00233002030291, 0.00309912371449, 0.00224776961841, 0.00304466020316, 0.00109205255285, 0.000963187834714, 0.000544828886632, 0.000405380822485, 0.000373502931325, 0.000657718046568, 0.000514223997016, 0.000221724898438, 0.000207246135687, 0.000216414962779, 0.000189503101865, 0.000214247920667, 0.000318963517202, 0.000251237739576, 0.000215279316762, 0.000107784711872, 9.89470427157e-05, 7.0247464464e-05, 2.51655983448e-05, 2.45781506258e-09],
        "median": [3.15708421113e-05, 0.0107552325353, 0.000928605732042, 0.000907221459784, 0.0017023178516, 0.0014126393944, 0.00204917322844, 0.000513241509907, 0.000281544635072, 0.000132890665554, 0.000131227920065, 0.000140414529596, 8.72436939972e-05, 0.000123063757201, 8.09010380181e-05, 6.0217189457e-05, 5.66850503674e-05, 5.48215284653e-05, 6.54649702483e-05, 6.37184421066e-05, 7.18400115147e-05, 6.37771081529e-05, 3.5003402445e-05, 3.40196493198e-05, 1.47566988744e-05, 3.52334518539e-06, 5.78861902856e-10],
        "min": [2.99010749494e-09, 1.89702021203e-07, 2.73109981208e-06, 1.41802581766e-06, 6.39619174763e-05, 3.00263418467e-05, 1.82597486855e-05, 2.7552227948e-06, 1.15818011182e-06, 1.57383590249e-06, 1.599197617e-06, 9.23047650758e-07, 8.5318146148e-07, 1.10703786049e-06, 6.01581405135e-07, 9.76291516963e-07, 1.21854452573e-06, 7.43969053474e-07, 6.96393840371e-07, 6.50849131034e-07, 4.0860177819e-07, 4.11778046328e-07, 1.89681600204e-07, 1.10301838774e-08, 6.81447653861e-09, 1.27381239237e-11, 1.47899990866e-11],
        "var": [1.56937471729e-06, 0.000343064573826, 0.000450883613667, 3.78069744329e-05, 1.47302271216e-05, 7.33864408176e-06, 1.38547593451e-05, 2.4967500849e-06, 3.92698211726e-06, 1.27107250592e-06, 4.47886435495e-07, 4.50237280347e-07, 1.84686325611e-06, 1.26681413803e-06, 2.48015709303e-07, 2.74136368716e-07, 2.51205392487e-07, 2.06719761309e-07, 2.82456142031e-07, 8.24432333957e-07, 3.24711720623e-07, 2.57449897845e-07, 6.60802328412e-08, 5.02180803608e-08, 5.13278841652e-08, 8.91492302202e-09, 1.04726084219e-15]
    },
    "erbbands": {
        "dmean": [0.258041143417, 1.74382615089, 6.32668733597, 9.12540435791, 7.37283468246, 7.64421844482, 10.7530136108, 11.3706932068, 25.6206550598, 24.0448284149, 17.7880935669, 19.5199699402, 12.8379831314, 13.1338224411, 9.1091594696, 11.5032167435, 18.8198795319, 25.2942810059, 10.4530591965, 9.52367591858, 8.85648059845, 10.5385141373, 9.6166677475, 8.89302825928, 12.9993743896, 17.6932888031, 8.25608253479, 8.58573150635, 6.94312143326, 5.20614385605, 2.34679603577, 1.62923812866, 1.31583178043, 0.813107609749, 0.36451908946, 0.137591376901, 0.0348206460476, 0.00222581415437, 5.19383938808e-05, 2.04611951631e-05],
        "dmean2": [0.394948095083, 2.50778007507, 10.352894783, 16.1782627106, 12.8846883774, 12.6204833984, 17.1206874847, 18.660900116, 41.4199981689, 37.8770828247, 28.1552028656, 31.441778183, 19.6726074219, 20.8243465424, 14.3966255188, 17.6536064148, 27.7526473999, 40.0931091309, 16.1234836578, 14.5984582901, 14.0012979507, 16.9769153595, 15.6752195358, 14.175699234, 21.5749263763, 29.9838123322, 12.9999923706, 13.3809623718, 10.5451021194, 8.34988975525, 3.72452306747, 2.49126625061, 2.01724243164, 1.24510371685, 0.548648357391, 0.210194796324, 0.0525133013725, 0.00369241600856, 8.08125550975e-05, 3.04860532196e-05],
        "dvar": [0.239411652088, 14.1331119537, 463.638061523, 883.715576172, 316.876037598, 120.070999146, 251.345687866, 482.774658203, 2438.41455078, 1176.09631348, 1163.22155762, 2087.50683594, 928.132629395, 793.046264648, 302.560577393, 489.326660156, 1321.56677246, 3164.2746582, 480.517791748, 569.509216309, 398.244567871, 591.770080566, 453.441131592, 598.863891602, 1231.56408691, 2913.48071289, 445.845245361, 454.49395752, 266.018829346, 221.100723267, 28.6539649963, 11.5848121643, 12.3732185364, 5.70638370514, 1.60691928864, 0.301654547453, 0.0105980485678, 4.76301938761e-05, 1.68878528939e-08, 9.50852285797e-10],
        "dvar2": [0.526966154575, 28.6276741028, 1156.56396484, 2380.14282227, 884.881225586, 302.051086426, 583.295166016, 1224.0612793, 6471.78173828, 2922.77758789, 2901.73266602, 4792.06152344, 1888.54589844, 1884.6809082, 753.094482422, 1145.90234375, 2988.19799805, 7699.30273438, 1115.75537109, 1327.19946289, 904.524414062, 1458.83898926, 1111.74182129, 1436.20532227, 3257.25146484, 7959.54931641, 1059.22558594, 1111.06762695, 615.52545166, 541.501647949, 69.4749984741, 23.2028141022, 27.1312122345, 10.7478046417, 3.29751110077, 0.677986979485, 0.0230836719275, 0.000113256348413, 3.78274656043e-08, 2.1408301798e-09],
        "max": [3.55809020996, 34.6074981689, 167.472747803, 203.094299316, 164.239349365, 98.6697921753, 188.754394531, 318.262054443, 1035.68737793, 400.653320312, 561.666503906, 574.012023926, 579.416992188, 377.298614502, 240.050003052, 358.254760742, 497.790893555, 594.477783203, 253.562164307, 482.445892334, 270.899902344, 360.564147949, 223.042251587, 368.568481445, 312.122253418, 452.575256348, 303.361663818, 308.055267334, 258.617156982, 172.790679932, 64.9749832153, 50.0818099976, 77.7978820801, 39.7691459656, 26.1756000519, 11.775759697, 1.9966429472, 0.12794354558, 0.00228860974312, 0.000268655159744],
        "mean": [0.449296593666, 3.26752758026, 6.0751991272, 8.01926040649, 8.53294086456, 10.0651168823, 15.1010484695, 17.9338912964, 38.9650421143, 37.2291870117, 24.9128818512, 22.589838028, 16.9164009094, 16.8328037262, 13.5391302109, 17.7926673889, 31.9104003906, 30.6541919708, 13.36241436, 12.9206609726, 10.9343547821, 12.1345872879, 10.8277215958, 9.82377719879, 13.2102460861, 15.6300783157, 9.49272251129, 10.7683601379, 8.07084369659, 5.23388528824, 2.62894940376, 2.04207968712, 1.64392101765, 0.959023475647, 0.413875997066, 0.15560439229, 0.0385764464736, 0.00222458946519, 7.02009856468e-05, 4.7938003263e-05],
        "median": [0.240851506591, 2.28903865814, 1.73229503632, 2.74867677689, 4.33254003525, 5.03742027283, 7.08879470825, 11.069601059, 26.951461792, 25.1448535919, 12.9886770248, 7.23602676392, 4.65931415558, 5.15396308899, 4.48938751221, 6.78011989594, 4.81847953796, 8.0901966095, 4.79830884933, 4.77984952927, 3.34449076653, 3.31011629105, 3.63778066635, 3.02540588379, 3.61770129204, 2.79083633423, 2.78336930275, 3.02444982529, 2.53566932678, 1.39218056202, 0.949462771416, 0.731646418571, 0.505337119102, 0.217790991068, 0.082587890327, 0.0270801335573, 0.0045029418543, 0.000253847130807, 2.76542705251e-05, 3.67164611816e-05],
        "min": [2.57019364653e-05, 0.00055680249352, 0.00337069877423, 0.018323007971, 0.0585953593254, 0.219037488103, 0.244525775313, 0.439274251461, 0.394914329052, 0.42073059082, 0.250526666641, 0.101091958582, 0.0518462210894, 0.113568417728, 0.089795306325, 0.0536498837173, 0.0410742685199, 0.154077321291, 0.0517303906381, 0.0386669188738, 0.055661380291, 0.0765577405691, 0.0630680397153, 0.0400458462536, 0.0280913580209, 0.0301089454442, 0.0297997668386, 0.0162181742489, 0.00799333676696, 0.0114619592205, 0.00618479726836, 0.00328954588622, 0.00153913733084, 0.000414557231124, 6.74558978062e-05, 3.41939812643e-05, 6.38283881926e-06, 6.37294476746e-07, 1.37447352699e-06, 1.95434608941e-06],
        "var": [0.37313362956, 19.5120277405, 373.981231689, 595.502502441, 232.87310791, 155.947402954, 374.278381348, 554.601196289, 2463.7109375, 1659.22705078, 1318.28430176, 2306.17138672, 1317.03527832, 1052.67236328, 490.399810791, 914.382141113, 4201.80224609, 3492.36157227, 646.046813965, 892.180114746, 579.426086426, 752.593994141, 506.409667969, 702.404602051, 1122.60620117, 2132.64868164, 503.013092041, 552.091186523, 331.178924561, 223.311538696, 31.8640632629, 17.3630542755, 17.3812675476, 8.63702774048, 2.40614914894, 0.43825545907, 0.0167228616774, 5.85702073295e-05, 2.49061571367e-08, 1.53737933495e-09]
    },
    "gfcc": {
        "mean": [-3.55905532837, 113.015090942, -101.42779541, 43.210559845, -65.0663070679, 17.6255092621, -37.3020210266, 8.72609996796, -15.055106163, 12.7488927841, -5.48273992538, -2.17023444176, -8.31528282166],
        "cov": [[2998.30419922, -1239.19812012, -437.61920166, 187.087417603, -334.369903564, 240.407791138, 36.7590026855, 129.143707275, -270.824981689, 99.6156311035, -270.451690674, 54.8344497681, -173.140533447], [-1239.19812012, 1393.76977539, 40.6209983826, -144.330596924, 334.960479736, -44.4919967651, 120.736167908, -115.761451721, 272.235290527, -129.047958374, 247.089950562, -87.4231109619, 167.089233398], [-437.61920166, 40.6209983826, 582.947875977, 88.7227859497, 110.707420349, 11.8193378448, -38.7276535034, 75.2846755981, 49.7701377869, 50.1265830994, -1.63248479366, 24.9680461884, 3.71081590652], [187.087417603, -144.330596924, 88.7227859497, 362.430206299, 71.1350479126, -10.8543281555, 3.70813441277, 45.7091903687, 68.7963027954, 6.7043223381, 28.9617576599, -1.86541616917, 45.9712219238], [-334.369903564, 334.960479736, 110.707420349, 71.1350479126, 316.040679932, -19.6364097595, 3.12710261345, 49.7032279968, 125.209922791, -9.68972969055, 75.2821121216, 7.03515338898, 52.7745933533], [240.407791138, -44.4919967651, 11.8193378448, -10.8543281555, -19.6364097595, 243.410293579, 139.633651733, 6.94853639603, 21.8861026764, 51.5326766968, 19.9606628418, 5.68738412857, -19.4699630737], [36.7590026855, 120.736167908, -38.7276535034, 3.70813441277, 3.12710261345, 139.633651733, 292.996856689, 3.88730669022, 26.7099304199, 39.7888717651, 48.6425285339, 6.28029298782, -3.87024188042], [129.143707275, -115.761451721, 75.2846755981, 45.7091903687, 49.7032279968, 6.94853639603, 3.88730669022, 154.558563232, 17.9432163239, 29.2703323364, -20.2178115845, 13.3421707153, 1.68332064152], [-270.824981689, 272.235290527, 49.7701377869, 68.7963027954, 125.209922791, 21.8861026764, 26.7099304199, 17.9432163239, 212.057739258, 13.0809431076, 67.1974945068, -16.8773040771, 60.8766670227], [99.6156311035, -129.047958374, 50.1265830994, 6.7043223381, -9.68972969055, 51.5326766968, 39.7888717651, 29.2703323364, 13.0809431076, 151.086776733, 6.07673501968, 32.284450531, -2.48219060898], [-270.451690674, 247.089950562, -1.63248479366, 28.9617576599, 75.2821121216, 19.9606628418, 48.6425285339, -20.2178115845, 67.1974945068, 6.07673501968, 154.410415649, 10.7881755829, 51.3489990234], [54.8344497681, -87.4231109619, 24.9680461884, -1.86541616917, 7.03515338898, 5.68738412857, 6.28029298782, 13.3421707153, -16.8773040771, 32.284450531, 10.7881755829, 101.123710632, 1.35350382328], [-173.140533447, 167.089233398, 3.71081590652, 45.9712219238, 52.7745933533, -19.4699630737, -3.87024188042, 1.68332064152, 60.8766670227, -2.48219060898, 51.3489990234, 1.35350382328, 104.936630249]],
        "icov": [[0.000901301100384, 6.01277815804e-06, 0.000922897306737, -0.000971587665845, 0.000246915762546, -0.00118522148114, 0.00041451229481, -0.000774479878601, 0.00068993732566, -0.000380133948056, 0.00110856432002, -0.000493307423312, 0.000608821632341], [6.01277815804e-06, 0.00399760436267, -0.000881113635842, 0.00317199714482, -0.0026333257556, 0.00150131375995, -0.00227128411643, 0.00251729879528, -0.00254635838792, 0.00269791902974, -0.00295069161803, 0.00270893936977, -0.00328514492139], [0.000922897306737, -0.000881113635842, 0.00321219791658, -0.00205390295014, 0.000183227995876, -0.00183628092054, 0.00142518570647, -0.00187584280502, 0.00114935426973, -0.00156467605848, 0.00199169642292, -0.00138755585067, 0.00170122855343], [-0.000971587665845, 0.00317199714482, -0.00205390295014, 0.00676284497604, -0.00242840242572, 0.00269510503858, -0.002392655937, 0.00211535301059, -0.0033161342144, 0.00263503659517, -0.00366286165081, 0.0028401366435, -0.00420287717134], [0.000246915762546, -0.0026333257556, 0.000183227995876, -0.00242840242572, 0.00683600502089, -0.000676727155223, 0.00153906806372, -0.00327081768773, -0.000394099217374, -0.000893555057701, 0.000612225965597, -0.00247653690167, 0.00214334740303], [-0.00118522148114, 0.00150131375995, -0.00183628092054, 0.00269510503858, -0.000676727155223, 0.00830501131713, -0.00408696942031, 0.00188321166206, -0.00272192968987, 0.000347438937752, -0.00290941959247, 0.00178457959555, -0.000773581152316], [0.00041451229481, -0.00227128411643, 0.00142518570647, -0.002392655937, 0.00153906806372, -0.00408696942031, 0.00654004421085, -0.0020623577293, 0.00173080211971, -0.00218105921522, 0.000867254158948, -0.00173753709532, 0.00258257659152], [-0.000774479878601, 0.00251729879528, -0.00187584280502, 0.00211535301059, -0.00327081768773, 0.00188321166206, -0.0020623577293, 0.0102378036827, -0.00225507421419, 0.000756653666031, -0.000700359756593, 0.00149083265569, -0.00274280342273], [0.00068993732566, -0.00254635838792, 0.00114935426973, -0.0033161342144, -0.000394099217374, -0.00272192968987, 0.00173080211971, -0.00225507421419, 0.00989229790866, -0.00286823278293, 0.00148231058847, -0.000139564508572, -0.000132001790917], [-0.000380133948056, 0.00269791902974, -0.00156467605848, 0.00263503659517, -0.000893555057701, 0.000347438937752, -0.00218105921522, 0.000756653666031, -0.00286823278293, 0.0102238580585, -0.0026486183051, -0.000376426003641, -0.00239414325915], [0.00110856432002, -0.00295069161803, 0.00199169642292, -0.00366286165081, 0.000612225965597, -0.00290941959247, 0.000867254158948, -0.000700359756593, 0.00148231058847, -0.0026486183051, 0.01333790645, -0.0038798309397, -0.000142071512528], [-0.000493307423312, 0.00270893936977, -0.00138755585067, 0.0028401366435, -0.00247653690167, 0.00178457959555, -0.00173753709532, 0.00149083265569, -0.000139564508572, -0.000376426003641, -0.0038798309397, 0.0134278563783, -0.0030364934355], [0.000608821632341, -0.00328514492139, 0.00170122855343, -0.00420287717134, 0.00214334740303, -0.000773581152316, 0.00258257659152, -0.00274280342273, -0.000132001790917, -0.00239414325915, -0.000142071512528, -0.0030364934355, 0.0165924616158]]
    },
    "melbands": {
        "dmean": [0.0021159639582, 0.00260627223179, 0.00150722381659, 0.00052541506011, 0.000352787057636, 0.000271256518317, 0.00039605400525, 0.000242463764152, 0.000160705720191, 0.000116069524665, 6.32701339782e-05, 5.47010386072e-05, 3.26432927977e-05, 2.66800470854e-05, 3.26539484377e-05, 4.89415324409e-05, 5.2282714023e-05, 1.81054165296e-05, 1.47354794535e-05, 1.35493392008e-05, 1.02145022538e-05, 1.17903337014e-05, 9.44527891988e-06, 7.90862122813e-06, 7.02355555404e-06, 8.18485023046e-06, 1.26747681861e-05, 1.14092435979e-05, 5.07842514708e-06, 5.09822211825e-06, 5.13624308951e-06, 4.51047117167e-06, 2.99595853903e-06, 2.82464111478e-06, 1.33912806177e-06, 1.13934243018e-06, 9.95383288682e-07, 1.00024385574e-06, 8.14882412215e-07, 6.80499510963e-07],
        "dmean2": [0.0032639214769, 0.00382123864256, 0.00263240607455, 0.000902199826669, 0.00056470639538, 0.000439839117462, 0.000633436196949, 0.000383840117138, 0.000256324681686, 0.000186577206478, 9.7504358564e-05, 8.77306083567e-05, 5.04802410433e-05, 4.25735670433e-05, 4.98643166793e-05, 7.42309421184e-05, 8.53570454638e-05, 2.77993258351e-05, 2.31487829296e-05, 2.16042390093e-05, 1.61427651619e-05, 1.9065100787e-05, 1.56067308126e-05, 1.28906585815e-05, 1.13103096737e-05, 1.31495608002e-05, 2.16685057239e-05, 1.94796957658e-05, 7.92497849034e-06, 7.93745039118e-06, 8.06974276202e-06, 7.07509889253e-06, 4.50283823739e-06, 4.66765868623e-06, 2.1395562726e-06, 1.81891857665e-06, 1.51635515522e-06, 1.57009446866e-06, 1.18983314223e-06, 1.07846540232e-06],
        "dvar": [1.6370722733e-05, 5.46289957128e-05, 2.20325728151e-05, 8.7532038151e-07, 2.55041896935e-07, 2.3012995598e-07, 5.45998830148e-07, 1.12667919439e-07, 9.60689590102e-08, 7.62122738251e-08, 2.32017978163e-08, 1.49870107435e-08, 3.54056139962e-09, 2.5420339167e-09, 5.50247492015e-09, 1.07568416396e-08, 1.5237482387e-08, 1.58558244312e-09, 1.57286017544e-09, 1.3796104259e-09, 5.70012592682e-10, 7.76135988811e-10, 4.46940567889e-10, 3.68781311044e-10, 4.10755512936e-10, 5.13175113515e-10, 1.43642286954e-09, 1.21861265523e-09, 1.49459208898e-10, 2.00961289276e-10, 1.55770535359e-10, 1.16109635795e-10, 6.33603655653e-11, 6.91221385685e-11, 9.5054311644e-12, 6.27061510355e-12, 5.05965928876e-12, 7.999306946e-12, 4.98154816009e-12, 4.56753992267e-12],
        "dvar2": [3.39738871844e-05, 0.000120100528875, 5.85885827604e-05, 2.36080882132e-06, 5.80845096465e-07, 5.82782035963e-07, 1.45013746078e-06, 2.78587691582e-07, 2.35914683344e-07, 1.73079257593e-07, 4.76918238235e-08, 3.64271386388e-08, 8.3733278089e-09, 6.55387921711e-09, 1.1961984292e-08, 2.58212242699e-08, 3.7620328186e-08, 3.62277763344e-09, 3.9335672497e-09, 3.01359759369e-09, 1.3448299141e-09, 1.88810500568e-09, 1.13213693975e-09, 8.61140714292e-10, 9.70071689643e-10, 1.30537480825e-09, 3.94896471079e-09, 3.30758642697e-09, 3.41483369359e-10, 5.00821328853e-10, 3.79611536649e-10, 2.84951562346e-10, 1.33960689763e-10, 1.78078371493e-10, 2.27237222095e-11, 1.48631298241e-11, 1.04202774881e-11, 1.95793953967e-11, 9.5382876944e-12, 8.97414174222e-12],
        "max": [0.0305091589689, 0.0621333681047, 0.0335669368505, 0.00875226501375, 0.0050515900366, 0.00700206821784, 0.0157929491252, 0.00321475602686, 0.00391596741974, 0.00348984193988, 0.00285691488534, 0.00170216301922, 0.000863178574946, 0.000528891105205, 0.00148412049748, 0.00114820629824, 0.00134297180921, 0.000617183628492, 0.000632559065707, 0.000759037269745, 0.000385133869713, 0.000486248260131, 0.000205679185456, 0.000291272066534, 0.000322643230902, 0.000373054121155, 0.000311377632897, 0.000351327471435, 0.000164638782735, 0.000264519476332, 0.000165507430211, 0.000157745118486, 0.000138281306135, 9.92228233372e-05, 4.35213187302e-05, 4.00798053306e-05, 3.98591764679e-05, 6.35044998489e-05, 3.8895454054e-05, 3.2142343116e-05],
        "mean": [0.00416227756068, 0.00371081987396, 0.00140782049857, 0.000662379548885, 0.000510097714141, 0.000436700414866, 0.000617644865997, 0.000367066182662, 0.000206267010071, 0.000132901201141, 8.09492630651e-05, 6.68465727358e-05, 4.8630139645e-05, 3.70544585166e-05, 5.37563610123e-05, 7.29045859771e-05, 5.72970748181e-05, 2.13297062146e-05, 1.82213007065e-05, 1.64106168086e-05, 1.19113574328e-05, 1.30727621581e-05, 1.06809357021e-05, 8.44946043799e-06, 7.6435144365e-06, 8.68524512043e-06, 1.12491388791e-05, 9.97167444439e-06, 5.60954322282e-06, 6.00005523665e-06, 6.29537271379e-06, 5.01789418195e-06, 3.26759345626e-06, 2.69511042461e-06, 1.51946414917e-06, 1.23629604332e-06, 1.24000837332e-06, 1.20139770843e-06, 9.67741357272e-07, 7.58249882438e-07],
        "median": [0.00294438027777, 0.00172077689786, 0.000536587438546, 0.000362229970051, 0.000246330862865, 0.000280339067103, 0.000433777371654, 0.000251863501035, 9.25314816413e-05, 3.72953363694e-05, 2.0703257178e-05, 1.93601681531e-05, 1.48828348756e-05, 1.55411034939e-05, 1.48660774357e-05, 9.32310103963e-06, 1.40771753649e-05, 6.99396468917e-06, 6.38543724563e-06, 5.35384197065e-06, 3.20142407872e-06, 3.08047833641e-06, 3.73667148779e-06, 2.31431840803e-06, 2.0697157197e-06, 2.38519169216e-06, 2.24989207709e-06, 1.54551139531e-06, 1.47994433064e-06, 1.68579629189e-06, 1.72380350705e-06, 1.5208821651e-06, 8.70242047313e-07, 6.62340710278e-07, 5.43941382602e-07, 3.88400820839e-07, 4.17269603759e-07, 3.40954471767e-07, 2.34911070152e-07, 1.45209796187e-07],
        "min": [4.22908783548e-08, 1.55284055836e-06, 5.77118635192e-06, 7.25254631107e-06, 7.91772527009e-06, 6.36986897007e-06, 5.37627556696e-06, 1.87241778349e-06, 9.04681201064e-07, 1.68512315213e-07, 2.08900146959e-07, 2.42711365672e-07, 1.9889638736e-07, 1.05825115781e-07, 1.68366582898e-07, 5.69632447878e-08, 2.04353000299e-07, 6.62331700596e-08, 4.85509730197e-08, 5.87845363498e-08, 6.34626360352e-08, 7.35135969876e-08, 5.62081865496e-08, 1.06159392388e-08, 1.61251119124e-08, 2.56517189712e-08, 1.46719107974e-08, 1.3092529727e-08, 8.80346906484e-09, 6.86097711977e-09, 2.88176971175e-09, 1.19053866765e-09, 6.12490991259e-09, 4.17719814294e-09, 3.18355541928e-09, 1.73147962634e-09, 4.60810209435e-11, 9.04281649561e-11, 7.09694414347e-10, 9.55921626578e-12],
