{
"highlevel": {
    "danceability": {
        "all": {
            "danceable": 0.794697761536,
            "not_danceable": 0.205302223563
        },
        "probability": 0.794697761536,
        "value": "danceable"
    },
    "gender": {
        "all": {
            "female": 0.623370528221,
            "male": 0.376629441977
        },
        "probability": 0.623370528221,
        "value": "female"
    },
    "genre_dortmund": {
        "all": {
            "alternative": 0.173890575767,
            "blues": 0.0694478005171,
            "electronic": 0.0150920460001,
            "folkcountry": 0.048637304455,
            "funksoulrnb": 0.00329054286703,
            "jazz": 0.0251697059721,
            "pop": 0.0321503169835,
            "raphiphop": 0.0022870991379,
            "rock": 0.63003462553
        },
        "probability": 0.63003462553,
        "value": "rock"
    },
    "genre_electronic": {
        "all": {
            "ambient": 0.39538910985,
            "dnb": 0.439979672432,
            "house": 0.0275074616075,
            "techno": 0.00674158940092,
            "trance": 0.130382195115
        },
        "probability": 0.439979672432,
        "value": "dnb"
    },
    "genre_rosamerica": {
        "all": {
            "cla": 0.0100885983557,
            "dan": 0.00473898556083,
            "hip": 0.00296206912026,
            "jaz": 0.00229555158876,
            "pop": 0.0152462292463,
            "rhy": 0.00347338733263,
            "roc": 0.958981454372,
            "spe": 0.00221372372471
        },
        "probability": 0.958981454372,
        "value": "roc"
    },
    "genre_tzanetakis": {
        "all": {
            "blu": 0.0620671063662,
            "cla": 0.034474901855,
            "cou": 0.103433981538,
            "dis": 0.0620971247554,
            "hip": 0.15527240932,
            "jaz": 0.310666948557,
            "met": 0.044346679002,
            "pop": 0.0620793737471,
            "reg": 0.0620816536248,
            "roc": 0.103479810059
        },
        "probability": 0.310666948557,
        "value": "jaz"
    },
    "ismir04_rhythm": {
        "all": {
            "ChaChaCha": 0.0367200374603,
            "Jive": 0.754731893539,
            "Quickstep": 0.0207543894649,
            "Rumba-American": 0.00518759340048,
            "Rumba-International": 0.0142638394609,
            "Rumba-Misc": 0.00810055434704,
            "Samba": 0.026349959895,
            "Tango": 0.0145133556798,
            "VienneseWaltz": 0.0967892035842,
            "Waltz": 0.0225891713053
        },
        "probability": 0.754731893539,
        "value": "Jive"
    },
    "mood_acoustic": {
        "all": {
            "acoustic": 0.102157942951,
            "not_acoustic": 0.897842049599
        },
        "probability": 0.897842049599,
        "value": "not_acoustic"
    },
    "mood_aggressive": {
        "all": {
            "aggressive": 0.812978804111,
            "not_aggressive": 0.187021195889
        },
        "probability": 0.812978804111,
        "value": "aggressive"
    },
    "mood_electronic": {
        "all": {
            "electronic": 0.0406875573099,
            "not_electronic": 0.959312438965
        },
        "probability": 0.959312438965,
        "value": "not_electronic"
    },
    "mood_happy": {
        "all": {
            "happy": 0.51077991724,
            "not_happy": 0.489220112562
        },
        "probability": 0.51077991724,
        "value": "happy"
    },
    "mood_party": {
        "all": {
            "not_party": 0.662493228912,
            "party": 0.337506741285
        },
        "probability": 0.662493228912,
        "value": "not_party"
    },
    "mood_relaxed": {
        "all": {
            "not_relaxed": 0.958622634411,
            "relaxed": 0.0413773655891
        },
        "probability": 0.958622634411,
        "value": "not_relaxed"
    },
    "mood_sad": {
        "all": {
            "not_sad": 0.853476107121,
            "sad": 0.146523907781
        },
        "probability": 0.853476107121,
        "value": "not_sad"
    },
    "moods_mirex": {
        "all": {
            "Cluster1": 0.490381836891,
            "Cluster2": 0.11933530122,
            "Cluster3": 0.0854941681027,
            "Cluster4": 0.11058203876,
            "Cluster5": 0.194206669927
        },
        "probability": 0.490381836891,
        "value": "Cluster1"
    },
    "timbre": {
        "all": {
            "bright": 0.794968008995,
            "dark": 0.205031991005
        },
        "probability": 0.794968008995,
        "value": "bright"
    },
    "tonal_atonal": {
        "all": {
            "atonal": 0.0023399728816,
            "tonal": 0.997660040855
        },
        "probability": 0.997660040855,
        "value": "tonal"
    },
    "voice_instrumental": {
        "all": {
            "instrumental": 0.00221041846089,
            "voice": 0.997789561749
        },
        "probability": 0.997789561749,
        "value": "voice"
    }
},
"lowlevel": {
    "average_loudness": 0.972053408623,
    "barkbands_crest": {
        "dmean": 2.34772753716,
        "dmean2": 3.90874171257,
        "dvar": 4.51569128036,
        "dvar2": 12.0376625061,
        "max": 20.3798694611,
        "mean": 9.9658536911,
        "median": 9.14732933044,
        "min": 2.58858966827,
        "var": 15.143576622
    },
    "barkbands_flatness_db": {
        "dmean": 0.0197651665658,
        "dmean2": 0.0306832212955,
        "dvar": 0.000319887854857,
        "dvar2": 0.000744515215047,
        "max": 0.325536608696,
        "mean": 0.148715361953,
        "median": 0.140420734882,
        "min": 0.0606129765511,
        "var": 0.00217551901005
    },
    "barkbands_kurtosis": {
        "dmean": 1.6595801115,
        "dmean2": 2.74599957466,
        "dvar": 5.26802444458,
        "dvar2": 14.6609630585,
        "max": 30.7585487366,
        "mean": 2.06872749329,
        "median": 1.20780563354,
        "min": -1.7024692297,
        "var": 11.4532270432
    },
    "barkbands_skewness": {
        "dmean": 0.443320214748,
        "dmean2": 0.710554122925,
        "dvar": 0.193844094872,
        "dvar2": 0.51633477211,
        "max": 5.14731216431,
        "mean": 1.37120938301,
        "median": 1.27759969234,
        "min": -1.21199321747,
        "var": 0.719095885754
    },
    "barkbands_spread": {
        "dmean": 4.81328439713,
        "dmean2": 7.57916641235,
        "dvar": 23.1358470917,
        "dvar2": 55.1283454895,
        "max": 60.0604019165,
        "mean": 22.4521656036,
        "median": 21.4865818024,
        "min": 3.66719818115,
        "var": 79.7733535767
    },
    "dissonance": {
        "dmean": 0.0160770379007,
        "dmean2": 0.0274024456739,
        "dvar": 0.000215393316466,
        "dvar2": 0.000576998107135,
        "max": 0.499999970198,
        "mean": 0.468615978956,
        "median": 0.473634809256,
        "min": 0.36871984601,
        "var": 0.000514387094881
    },
    "dynamic_complexity": 1.85978269577,
    "erbbands_crest": {
        "dmean": 2.48497796059,
        "dmean2": 4.08798503876,
        "dvar": 6.4219045639,
        "dvar2": 16.4849758148,
        "max": 25.548116684,
        "mean": 8.42187690735,
        "median": 7.59382867813,
        "min": 3.0003798008,
        "var": 13.3076229095
    },
    "erbbands_flatness_db": {
        "dmean": 0.0168884061277,
        "dmean2": 0.0244375821203,
        "dvar": 0.000271007651463,
        "dvar2": 0.000534609542228,
        "max": 0.280367076397,
        "mean": 0.161564737558,
        "median": 0.159904688597,
        "min": 0.0551492609084,
        "var": 0.00144919531886
    },
    "erbbands_kurtosis": {
        "dmean": 0.684262394905,
        "dmean2": 1.06921088696,
        "dvar": 0.744107484818,
        "dvar2": 1.90975081921,
        "max": 13.3699703217,
        "mean": 0.291519314051,
        "median": -0.0748734474182,
        "min": -1.53161144257,
        "var": 1.79365038872
    },
    "erbbands_skewness": {
        "dmean": 0.330184996128,
        "dmean2": 0.508304774761,
        "dvar": 0.0946131572127,
        "dvar2": 0.213246837258,
        "max": 1.75460386276,
        "mean": -0.0914524197578,
        "median": -0.0643240362406,
        "min": -2.31492042542,
        "var": 0.474673897028
    },
    "erbbands_spread": {
        "dmean": 6.279276371,
        "dmean2": 9.7648639679,
        "dvar": 35.6245346069,
        "dvar2": 93.1567611694,
        "max": 83.8325271606,
        "mean": 33.8346481323,
        "median": 32.8070106506,
        "min": 8.31615829468,
        "var": 149.798660278
    },
    "hfc": {
        "dmean": 6.24603700638,
        "dmean2": 8.84987831116,
        "dvar": 67.2196655273,
        "dvar2": 150.923706055,
        "max": 149.169540405,
        "mean": 24.8193645477,
        "median": 21.5876560211,
        "min": 2.41362690926,
        "var": 227.640106201
    },
    "melbands_crest": {
        "dmean": 3.0220990181,
        "dmean2": 4.97592163086,
        "dvar": 9.13885402679,
        "dvar2": 22.7989883423,
        "max": 29.8427867889,
        "mean": 14.9658555984,
        "median": 13.6673250198,
        "min": 4.57036924362,
        "var": 37.2501831055
    },
    "melbands_flatness_db": {
        "dmean": 0.0235003549606,
        "dmean2": 0.0362898334861,
        "dvar": 0.000534569611773,
        "dvar2": 0.00119204656221,
        "max": 0.413937866688,
        "mean": 0.202384203672,
        "median": 0.190116107464,
        "min": 0.0359335653484,
        "var": 0.00370592786931
    },
    "melbands_kurtosis": {
        "dmean": 4.6626958847,
        "dmean2": 7.68527889252,
        "dvar": 45.5446434021,
        "dvar2": 127.625976562,
        "max": 89.305480957,
        "mean": 9.23431015015,
        "median": 5.91361045837,
        "min": -1.72336173058,
        "var": 104.362068176
    },
    "melbands_skewness": {
        "dmean": 0.652555465698,
        "dmean2": 1.04068088531,
        "dvar": 0.437647253275,
        "dvar2": 1.16349422932,
        "max": 8.08840942383,
        "mean": 2.48382139206,
        "median": 2.23863220215,
        "min": -0.370107918978,
        "var": 1.78717446327
    },
    "melbands_spread": {
        "dmean": 6.22046327591,
        "dmean2": 9.84274673462,
        "dvar": 50.977645874,
        "dvar2": 109.691299438,
        "max": 111.153419495,
        "mean": 22.7279682159,
        "median": 20.871049881,
        "min": 2.77387142181,
        "var": 154.158737183
    },
    "pitch_salience": {
        "dmean": 0.067809946835,
        "dmean2": 0.111928746104,
        "dvar": 0.00369892036542,
        "dvar2": 0.00921774562448,
        "max": 0.829616367817,
        "mean": 0.513347029686,
        "median": 0.523973703384,
        "min": 0.193355083466,
        "var": 0.0143575966358
    },
    "silence_rate_20dB": {
        "dmean": 0,
        "dmean2": 0,
        "dvar": 0,
        "dvar2": 0,
        "max": 1,
        "mean": 1,
        "median": 1,
        "min": 1,
        "var": 0
    },
    "silence_rate_30dB": {
        "dmean": 0,
        "dmean2": 0,
        "dvar": 0,
        "dvar2": 0,
        "max": 1,
        "mean": 1,
        "median": 1,
        "min": 1,
        "var": 0
    },
    "silence_rate_60dB": {
        "dmean": 0,
        "dmean2": 0,
        "dvar": 0,
        "dvar2": 0,
        "max": 0,
        "mean": 0,
        "median": 0,
        "min": 0,
        "var": 0
    },
    "spectral_centroid": {
        "dmean": 201.531433105,
        "dmean2": 313.28918457,
        "dvar": 38396.8164062,
        "dvar2": 87877.671875,
        "max": 3335.16845703,
        "mean": 1269.60681152,
        "median": 1218.40332031,
        "min": 392.978912354,
        "var": 158596.515625
    },
    "spectral_complexity": {
        "dmean": 3.739164114,
        "dmean2": 5.69171190262,
        "dvar": 11.6447725296,
        "dvar2": 24.9041976929,
        "max": 51,
        "mean": 25.2451667786,
        "median": 25,
        "min": 7,
        "var": 60.6136207581
    },
    "spectral_decrease": {
        "dmean": 2.85157675251e-09,
        "dmean2": 4.51856863037e-09,
        "dvar": 1.10896754644e-17,
        "dvar2": 2.90455340024e-17,
        "max": -6.19307327643e-10,
        "mean": -9.58920409744e-09,
        "median": -8.83235706794e-09,
        "min": -3.10458858621e-08,
        "var": 2.03422886673e-17
    },
    "spectral_energy": {
        "dmean": 0.0111650470644,
        "dmean2": 0.0176084451377,
        "dvar": 0.000167643855093,
        "dvar2": 0.00043677832582,
        "max": 0.119865968823,
        "mean": 0.0384430363774,
        "median": 0.0353901349008,
        "min": 0.00255633192137,
        "var": 0.00032163792639
    },
    "spectral_energyband_high": {
        "dmean": 0.000271162949502,
        "dmean2": 0.000376111711375,
        "dvar": 1.97630555476e-07,
        "dvar2": 3.80788577559e-07,
        "max": 0.00632078293711,
        "mean": 0.000622764870059,
        "median": 0.000401816214435,
        "min": 1.54011684117e-06,
        "var": 5.09433562002e-07
    },
    "spectral_energyband_low": {
        "dmean": 0.00752011174336,
        "dmean2": 0.0126753114164,
        "dvar": 0.000126802231534,
        "dvar2": 0.000341685226886,
        "max": 0.110675856471,
        "mean": 0.0170988291502,
        "median": 0.015557134524,
        "min": 9.91696579149e-05,
        "var": 0.000151936532347
    },
    "spectral_energyband_middle_high": {
        "dmean": 0.00233231275342,
        "dmean2": 0.00348549708724,
        "dvar": 1.02477879409e-05,
        "dvar2": 2.24475988944e-05,
        "max": 0.0469619818032,
        "mean": 0.00797995179892,
        "median": 0.00619406020269,
        "min": 0.000588367052842,
        "var": 3.54517687811e-05
    },
    "spectral_energyband_middle_low": {
        "dmean": 0.0060346275568,
        "dmean2": 0.0096825491637,
        "dvar": 6.07952679275e-05,
        "dvar2": 0.000145437152241,
        "max": 0.0782800391316,
        "mean": 0.0142449820414,
        "median": 0.0108367931098,
        "min": 0.000776819884777,
        "var": 0.000124617494293
    },
    "spectral_entropy": {
        "dmean": 0.114479251206,
        "dmean2": 0.165445402265,
        "dvar": 0.0125441849232,
        "dvar2": 0.0239149350673,
        "max": 8.42809963226,
        "mean": 7.59894227982,
        "median": 7.6305437088,
        "min": 6.32733154297,
        "var": 0.0892432406545
    },
    "spectral_flux": {
        "dmean": 0.0270918402821,
        "dmean2": 0.0422909446061,
        "dvar": 0.000749976374209,
        "dvar2": 0.00156233366579,
        "max": 0.266881078482,
        "mean": 0.0976478159428,
        "median": 0.0912765786052,
        "min": 0.0159912966192,
        "var": 0.0020342124626
    },
    "spectral_kurtosis": {
        "dmean": 1.85611724854,
        "dmean2": 3.1858215332,
        "dvar": 4.9855670929,
        "dvar2": 15.6008729935,
        "max": 29.4991378784,
        "mean": 4.99896144867,
        "median": 4.33371448517,
        "min": -0.113204240799,
        "var": 8.92535209656
    },
    "spectral_rms": {
        "dmean": 0.000863647204824,
        "dmean2": 0.00134481629357,
        "dvar": 8.1538661334e-07,
        "dvar2": 2.05861351787e-06,
        "max": 0.0108139915392,
        "mean": 0.00596028612927,
        "median": 0.00587596464902,
        "min": 0.0015792347258,
        "var": 1.98037878363e-06
    },
    "spectral_rolloff": {
        "dmean": 359.363983154,
        "dmean2": 598.942871094,
        "dvar": 236532.0625,
        "dvar2": 509352.34375,
        "max": 7278.22265625,
        "mean": 1233.82104492,
        "median": 1227.39257812,
        "min": 129.19921875,
        "var": 653915.4375
    },
    "spectral_skewness": {
        "dmean": 0.2189963907,
        "dmean2": 0.361900269985,
        "dvar": 0.0462893098593,
        "dvar2": 0.135618761182,
        "max": 3.49975585938,
        "mean": 1.56241226196,
        "median": 1.52955436707,
        "min": 0.606949031353,
        "var": 0.141020983458
    },
    "spectral_spread": {
        "dmean": 437266.78125,
        "dmean2": 595993.5,
        "dvar": 292210278400,
        "dvar2": 486495649792,
        "max": 9490765,
        "mean": 3779693.25,
        "median": 3599339.5,
        "min": 1623044.375,
        "var": 1.27181101466e+12
    },
    "spectral_strongpeak": {
        "dmean": 0.554830551147,
        "dmean2": 0.971513450146,
        "dvar": 0.734657943249,
        "dvar2": 1.96038854122,
        "max": 8.0111951828,
        "mean": 0.910353958607,
        "median": 0.489216208458,
        "min": 0.0420065522194,
        "var": 1.09925353527
    },
    "zerocrossingrate": {
        "dmean": 0.00782345980406,
        "dmean2": 0.00938627123833,
        "dvar": 7.07130602677e-05,
        "dvar2": 9.07283028937e-05,
        "max": 0.2041015625,
        "mean": 0.0506226420403,
        "median": 0.04931640625,
        "min": 0.005859375,
        "var": 0.000477964291349
    },
    "barkbands": {
        "dmean": [6.36464901618e-05, 0.00414289534092, 0.00389276724309, 0.00141012005042, 0.00277724326588, 0.000779059540946, 0.00150086870417, 0.00150404940359, 0.00125138473231, 0.000776955974288, 0.000554388039745, 0.000511414196808, 0.000583655433729, 0.000494935258757, 0.000500021735206, 0.000451027328381, 0.000350747228367, 0.000226730000577, 0.000112520407129, 9.68494423432e-05, 6.07287547609e-05, 6.83043108438e-05, 4.48779937869e-05, 3.96942887164e-05, 3.57150165655e-05, 3.04970581055e-05, 2.37343744658e-08],
        "dmean2": [0.000104048122012, 0.00699851149693, 0.00661533419043, 0.00241307704709, 0.00453521404415, 0.0012519126758, 0.00243904814124, 0.00241182674654, 0.00197685579769, 0.00119447219186, 0.000887880742084, 0.000810382829513, 0.000899183040019, 0.000818642321974, 0.000790253921878, 0.000747543876059, 0.000574078934733, 0.000377276417566, 0.000179827984539, 0.000156402893481, 9.55401774263e-05, 0.000100920718978, 6.53779643471e-05, 5.72794269829e-05, 5.22070440638e-05, 4.31955995737e-05, 3.88075562796e-08],
        "dvar": [1.09187583419e-08, 3.44942091033e-05, 4.54852633993e-05, 6.09310291111e-06, 3.10671239276e-05, 2.13419866668e-06, 9.3797361842e-06, 9.64040009421e-06, 5.68955374547e-06, 2.64582808995e-06, 1.12293935217e-06, 1.01121236185e-06, 1.07344408207e-06, 5.95654455537e-07, 7.33954720999e-07, 4.59594900803e-07, 3.5461229686e-07, 1.26993154481e-06, 3.68684176522e-08, 3.19719575259e-08, 8.34631563862e-09, 1.78744627988e-08, 6.90757140376e-09, 7.04036207111e-09, 7.10705538864e-09, 5.6133826476e-09, 3.3120052111e-14],
        "dvar2": [2.71804392327e-08, 9.49771638261e-05, 0.000123421486933, 1.66105437529e-05, 8.03139919299e-05, 5.34666241947e-06, 2.17867345782e-05, 2.37979293161e-05, 1.35985592351e-05, 5.72704175283e-06, 2.69756878879e-06, 2.27683381127e-06, 2.06736717701e-06, 1.45757678638e-06, 1.71967792539e-06, 1.29399575144e-06, 8.61641126448e-07, 3.49052675119e-06, 8.11469149653e-08, 8.19390351126e-08, 1.92909901386e-08, 3.38612977657e-08, 1.43508485095e-08, 1.48863010807e-08, 1.56658401806e-08, 1.19565415346e-08, 4.35492164249e-14],
        "max": [0.00158804154489, 0.059689193964, 0.0636823996902, 0.0245526209474, 0.0573980994523, 0.0229210909456, 0.030614014715, 0.0424964055419, 0.0300205629319, 0.0247259922326, 0.0158313717693, 0.0141610568389, 0.0200084522367, 0.0124614406377, 0.0174660030752, 0.00923956744373, 0.00830832496285, 0.0321356393397, 0.00449073547497, 0.00280627352186, 0.00117245945148, 0.00251846550964, 0.00127617886756, 0.00153186533134, 0.00166708684992, 0.000744950550143, 5.92852211412e-06],
        "mean": [0.000103655060229, 0.0081566106528, 0.00758235622197, 0.00195928639732, 0.0035141047556, 0.00128920527641, 0.00240469747223, 0.00226344331168, 0.00229487591423, 0.00122004712466, 0.00086438562721, 0.000923439511098, 0.00100669183303, 0.000920205086004, 0.000964161765296, 0.000917298311833, 0.000704398029484, 0.000404514925322, 0.000229592871619, 0.000197087094421, 0.000127699109726, 0.00013409955136, 8.65959809744e-05, 7.63113566791e-05, 5.73421675654e-05, 4.09437525377e-05, 1.78438561704e-08],
        "median": [4.63463838969e-05, 0.00662049464881, 0.00399286393076, 0.0011086105369, 0.00167008209974, 0.000641461403575, 0.000884827051777, 0.000527501339093, 0.00065953284502, 0.000441652839072, 0.000429795763921, 0.000382909929613, 0.000481542549096, 0.000622603518423, 0.000608235073742, 0.000695096794516, 0.000469802558655, 0.000260287575657, 0.000172268919414, 0.000135660957312, 8.40658613015e-05, 7.95645173639e-05, 4.86382341478e-05, 3.94995804527e-05, 1.86373799806e-05, 3.95463803216e-06, 8.22610923823e-10],
        "min": [4.87393023718e-08, 6.97927862348e-06, 1.83883967111e-05, 1.48707713379e-05, 3.31044757331e-05, 1.8697923224e-05, 1.17396912174e-05, 6.92028334015e-06, 1.01687901406e-05, 1.45784788401e-05, 1.40563713558e-06, 3.07785944642e-06, 2.32643760683e-05, 1.63813292602e-05, 1.23524077935e-05, 3.05292851408e-05, 1.46326401591e-05, 8.68372626428e-06, 3.15570287057e-06, 1.47131493122e-06, 8.23123343707e-07, 1.48077006656e-07, 4.20844443738e-08, 4.06738837055e-10, 5.71231993998e-12, 5.09521895162e-12, 6.55323668594e-12],
        "var": [2.06802610592e-08, 4.54679575341e-05, 6.75489354762e-05, 6.50382025924e-06, 3.02191747323e-05, 3.88577200283e-06, 1.64061202668e-05, 1.95672273549e-05, 1.59810406331e-05, 6.17461955699e-06, 1.75184652562e-06, 2.50846369454e-06, 2.81665938928e-06, 1.07326684429e-06, 1.69859640664e-06, 7.41718906738e-07, 6.8214797011e-07, 9.61492105489e-07, 6.58902195028e-08, 5.23904404304e-08, 1.99606748907e-08, 3.68042414323e-08, 1.47897045721e-08, 1.33292363813e-08, 1.07043289788e-08, 1.01454640244e-08, 3.11071731796e-14]
    },
    "erbbands": {
        "dmean": [0.0825638324022, 1.09889090061, 4.16777610779, 4.62136745453, 3.36601185799, 12.5079231262, 10.9492349625, 6.41419935226, 13.1098327637, 35.0619659424, 27.7219638824, 25.6689338684, 27.9859867096, 20.3905296326, 17.9848403931, 20.696390152, 24.5445022583, 23.8724536896, 21.6897449493, 25.8963718414, 24.9938602448, 17.9184246063, 12.9921102524, 6.46945953369, 5.74341392517, 4.76437807083, 2.83590626717, 2.40817737579, 2.49276590347, 1.93782711029, 1.17796826363, 0.819516122341, 0.69719171524, 0.4184281528, 0.272856384516, 0.151886954904, 0.0543704479933, 0.00502654211596, 9.45299761952e-05, 1.56402165885e-05],
        "dmean2": [0.138036563993, 1.86528503895, 7.04857492447, 8.05788516998, 5.66220664978, 20.8829917908, 17.5910167694, 10.5348205566, 21.409942627, 55.3132629395, 43.8369140625, 40.6867256165, 42.0998268127, 32.542011261, 27.9753341675, 32.7627410889, 38.1310310364, 38.2421531677, 34.2286491394, 41.7915725708, 40.9728393555, 28.8034114838, 21.6774101257, 10.4089307785, 9.1450252533, 7.71302509308, 4.53237581253, 3.70859885216, 3.77551317215, 2.80559301376, 1.71939897537, 1.20138919353, 1.0155005455, 0.61388272047, 0.413466989994, 0.232070609927, 0.0779487937689, 0.00750468624756, 0.000138859555591, 2.33970858972e-05],
        "dvar": [0.0186531320214, 2.34496545792, 46.278213501, 74.3843307495, 19.1042480469, 691.834777832, 510.378662109, 147.381790161, 658.241088867, 5222.34033203, 4032.02978516, 2599.45068359, 2694.22900391, 1979.14550781, 1589.53808594, 1729.74133301, 1674.74047852, 1471.83178711, 1339.9765625, 2533.95385742, 1180.54870605, 1097.84729004, 4954.12792969, 156.443283081, 89.972328186, 79.4293518066, 18.9682998657, 15.3093166351, 28.1835575104, 12.9408140182, 4.47843265533, 1.9993699789, 3.29153347015, 0.804843962193, 0.51498156786, 0.17182213068, 0.0172385703772, 0.000165836740052, 5.06737656281e-08, 3.60373841879e-10],
        "dvar2": [0.0476960018277, 6.53425312042, 123.733543396, 203.390731812, 51.2174835205, 1830.4197998, 1190.52770996, 378.258239746, 1549.04089355, 12632.8896484, 9837.02441406, 6278.76513672, 5277.9765625, 4998.13085938, 3718.49023438, 3758.40112305, 3296.53833008, 3215.77636719, 2966.84887695, 6304.30224609, 3277.65063477, 2638.94067383, 13909.3945312, 335.596466064, 209.986740112, 206.611923218, 46.1330680847, 34.4181480408, 53.5693969727, 28.1298313141, 8.66639614105, 4.11077070236, 7.62223005295, 1.65260958672, 1.2477594614, 0.423697173595, 0.0349985249341, 0.000337038654834, 1.01589904489e-07, 8.55026993651e-10],
        "max": [1.52461063862, 13.7493162155, 61.2570915222, 75.8925704956, 48.1278190613, 240.754104614, 265.009399414, 173.616958618, 387.120330811, 917.057983398, 1151.82543945, 636.791809082, 994.859130859, 672.318725586, 897.53729248, 689.229553223, 673.725402832, 711.824890137, 963.394775391, 1035.43811035, 596.786743164, 514.345275879, 1964.47583008, 333.044128418, 169.939743042, 147.226348877, 54.4224014282, 56.3821907043, 106.016014099, 57.1618309021, 32.2994728088, 19.9035282135, 39.8826293945, 15.621389389, 14.0807628632, 4.99651908875, 1.34324669838, 0.127753183246, 0.00218915496953, 0.000177582202014],
        "mean": [0.196131631732, 2.05833005905, 8.32814121246, 7.68043899536, 5.7221903801, 14.6549844742, 14.1526155472, 10.8930311203, 21.8248767853, 53.4154167175, 47.0352134705, 48.7235641479, 50.6149978638, 33.9385681152, 31.9391231537, 40.1522636414, 46.9282341003, 47.8847770691, 45.397277832, 50.1478309631, 56.6739006042, 38.7064285278, 24.3279666901, 13.720664978, 11.69444561, 9.59015655518, 5.84546995163, 5.2042593956, 4.63432025909, 3.62674117088, 2.27441310883, 1.6023273468, 1.23475790024, 0.721895515919, 0.381825655699, 0.195433288813, 0.0723947435617, 0.00621219910681, 0.00013760701404, 5.10916797793e-05],
        "median": [0.103968679905, 1.70072507858, 4.78192520142, 6.00390768051, 4.143679142, 6.10105705261, 4.82950925827, 5.72447347641, 10.8676099777, 16.0824432373, 15.5565299988, 15.6188077927, 16.2579746246, 18.7692680359, 15.4884328842, 18.0802307129, 24.7448978424, 32.2005119324, 30.7720832825, 34.7471046448, 44.3637886047, 25.554479599, 15.6819477081, 10.3793268204, 8.3272819519, 6.57010746002, 4.07749414444, 3.40394949913, 2.62508535385, 1.87856864929, 1.31537759304, 0.906130552292, 0.588262677193, 0.255303949118, 0.106559239328, 0.027787104249, 0.00568611593917, 0.000278983381577, 3.18711099681e-05, 4.53769171145e-05],
        "min": [0.00010695020319, 0.00100460543763, 0.0251403432339, 0.14369097352, 0.33259549737, 0.140617057681, 0.333811730146, 0.168769404292, 0.216949954629, 0.639559268951, 0.44553899765, 0.356932282448, 0.916849017143, 0.872708261013, 0.359096825123, 0.459263890982, 1.32372868061, 1.64266431332, 0.928016662598, 1.46395802498, 2.11350798607, 0.997214138508, 0.72118884325, 0.393543601036, 0.162410587072, 0.0706933960319, 0.0281263496727, 0.0231003277004, 0.00590649526566, 0.00247012800537, 0.00120436982252, 0.000398700329242, 5.92491087446e-05, 3.12975207635e-05, 1.51589920279e-05, 1.0977234524e-05, 6.70821600579e-06, 8.63343132096e-07, 2.34360709328e-06, 3.51537619281e-06],
        "var": [0.0423041768372, 2.6506729126, 72.2053375244, 64.6277008057, 26.7818031311, 628.153015137, 666.892333984, 264.38470459, 1332.85327148, 8203.76367188, 7813.45654297, 7071.32617188, 8916.20214844, 2667.2355957, 2580.94555664, 4584.25390625, 4520.61523438, 3109.80786133, 3497.80712891, 4090.09057617, 2347.04980469, 2107.27661133, 3563.01782227, 290.537261963, 157.609527588, 125.219985962, 37.7806739807, 37.9090957642, 50.1696739197, 28.1961860657, 10.3100719452, 4.45259857178, 4.91351032257, 1.45264351368, 0.611303448677, 0.220150381327, 0.033111859113, 0.00029479371733, 9.28573911096e-08, 7.75708441925e-10]
    },
    "gfcc": {
        "mean": [26.9654350281, 115.222244263, -132.173614502, 39.063079834, -46.0227813721, 21.8322601318, -36.4253845215, 11.920009613, -13.589507103, 1.77545142174, -15.6616172791, -6.21946954727, -8.98417377472],
        "cov": [[2405.46679688, -1316.39172363, 393.799713135, -263.217773438, -541.030273438, 303.909210205, -318.402008057, 278.575775146, -346.66696167, 279.938140869, -199.108184814, 214.539550781, -191.752075195], [-1316.39172363, 1230.04040527, -349.380554199, 137.028823853, 355.285919189, -236.343078613, 286.807159424, -171.59979248, 276.302276611, -234.297958374, 176.906921387, -167.18081665, 181.260528564], [393.799713135, -349.380554199, 440.263153076, -79.9045181274, -27.45079422, 57.1199798584, -77.3106384277, 82.3899230957, -86.5325164795, 157.389770508, -64.9878005981, 119.322341919, -88.7382202148], [-263.217773438, 137.028823853, -79.9045181274, 441.954284668, 83.8469696045, 34.8885993958, 11.9951066971, -75.5996551514, 92.4542999268, -87.2222061157, 76.157699585, -77.7103118896, 93.3689193726], [-541.030273438, 355.285919189, -27.45079422, 83.8469696045, 319.427215576, -62.7892494202, 113.612709045, -31.779876709, 86.2753448486, -52.1205024719, 26.2195301056, -20.726266861, 41.9996070862], [303.909210205, -236.343078613, 57.1199798584, 34.8885993958, -62.7892494202, 185.191055298, -11.8849916458, 61.0376396179, -57.4684371948, 23.4192314148, -19.5722312927, 2.511282444, -10.4906368256], [-318.402008057, 286.807159424, -77.3106384277, 11.9951066971, 113.612709045, -11.8849916458, 177.129547119, -12.4297332764, 73.6777191162, -57.6746520996, 27.8317012787, -41.186378479, 28.8052082062], [278.575775146, -171.59979248, 82.3899230957, -75.5996551514, -31.779876709, 61.0376396179, -12.4297332764, 122.910858154, -25.8066253662, 58.7406463623, -36.9215278625, 30.2642040253, -31.204164505], [-346.66696167, 276.302276611, -86.5325164795, 92.4542999268, 86.2753448486, -57.4684371948, 73.6777191162, -25.8066253662, 141.423233032, -43.4015769958, 51.1717834473, -50.4212417603, 49.713634491], [279.938140869, -234.297958374, 157.389770508, -87.2222061157, -52.1205024719, 23.4192314148, -57.6746520996, 58.7406463623, -43.4015769958, 127.078849792, -31.2203102112, 56.9563827515, -58.7030334473], [-199.108184814, 176.906921387, -64.9878005981, 76.157699585, 26.2195301056, -19.5722312927, 27.8317012787, -36.9215278625, 51.1717834473, -31.2203102112, 83.4963226318, -26.4645137787, 40.1346359253], [214.539550781, -167.18081665, 119.322341919, -77.7103118896, -20.726266861, 2.511282444, -41.186378479, 30.2642040253, -50.4212417603, 56.9563827515, -26.4645137787, 97.1956558228, -25.9957904816], [-191.752075195, 181.260528564, -88.7382202148, 93.3689193726, 41.9996070862, -10.4906368256, 28.8052082062, -31.204164505, 49.713634491, -58.7030334473, 40.1346359253, -25.9957904816, 90.0164031982]],
        "icov": [[0.0015727148857, -4.52926869912e-05, 0.000353174225893, -0.000598851649556, 0.00169860292226, -0.000815901963506, 0.000398486765334, -0.00178736017551, 0.00112226116471, -0.000768638972659, 0.0011722514173, -0.00184057629667, 0.000600729312282], [-4.52926869912e-05, 0.00717255752534, -0.00160817452706, 0.00315204472281, -0.00332204112783, 0.00470864120871, -0.00398837029934, 0.00165873579681, -0.00246126065031, 0.00428664218634, -0.00703008007258, 0.00651398999617, -0.00627381820232], [0.000353174225893, -0.00160817452706, 0.00597829185426, -0.00199109688401, 0.00031576762558, -0.0019708937034, 0.000761005154345, -0.000818544358481, 0.00116273062304, -0.00585472444072, 0.00306742219254, -0.00597845297307, 0.003490596544], [-0.000598851649556, 0.00315204472281, -0.00199109688401, 0.00634983135387, -0.00312305917032, -0.000459553120891, 0.000670951907523, 0.00358060584404, -0.00420390954241, 0.00391404144466, -0.00498227123171, 0.00560430111364, -0.00502773746848], [0.00169860292226, -0.00332204112783, 0.00031576762558, -0.00312305917032, 0.0083710802719, -0.00125871878117, -0.000834779930301, -0.00285811000504, 0.00156656478066, -0.00205505522899, 0.00536283478141, -0.00576235586777, 0.00282178679481], [-0.000815901963506, 0.00470864120871, -0.0019708937034, -0.000459553120891, -0.00125871878117, 0.0138052506372, -0.00574593711644, -0.00366608356126, 0.00414757803082, 0.00256308261305, -0.00543543929234, 0.00762098794803, -0.0059165591374], [0.000398486765334, -0.00398837029934, 0.000761005154345, 0.000670951907523, -0.000834779930301, -0.00574593711644, 0.0132232122123, -0.00133964291308, -0.00335888960399, 0.00165507872589, 0.00274841696955, -0.00281212222762, 0.00485513452441], [-0.00178736017551, 0.00165873579681, -0.000818544358481, 0.00358060584404, -0.00285811000504, -0.00366608356126, -0.00133964291308, 0.0173033270985, -0.00577676156536, -0.00260595465079, 0.00101707119029, 0.00229854602367, -0.00263400003314], [0.00112226116471, -0.00246126065031, 0.00116273062304, -0.00420390954241, 0.00156656478066, 0.00414757803082, -0.00335888960399, -0.00577676156536, 0.0193399582058, -0.00542828720063, -0.000883962202352, 0.00162721052766, -0.00167869194411], [-0.000768638972659, 0.00428664218634, -0.00585472444072, 0.00391404144466, -0.00205505522899, 0.00256308261305, 0.00165507872589, -0.00260595465079, -0.00542828720063, 0.0248671844602, -0.00772244110703, 0.00167039583903, 0.00286429165863], [0.0011722514173, -0.00703008007258, 0.00306742219254, -0.00498227123171, 0.00536283478141, -0.00543543929234, 0.00274841696955, 0.00101707119029, -0.000883962202352, -0.00772244110703, 0.027188397944, -0.00825813878328, 0.00212733866647], [-0.00184057629667, 0.00651398999617, -0.00597845297307, 0.00560430111364, -0.00576235586777, 0.00762098794803, -0.00281212222762, 0.00229854602367, 0.00162721052766, 0.00167039583903, -0.00825813878328, 0.0286291334778, -0.0113303530961], [0.000600729312282, -0.00627381820232, 0.003490596544, -0.00502773746848, 0.00282178679481, -0.0059165591374, 0.00485513452441, -0.00263400003314, -0.00167869194411, 0.00286429165863, 0.00212733866647, -0.0113303530961, 0.0277795828879]]
    },
    "melbands": {
        "dmean": [0.000936099328101, 0.00189809827134, 0.000727362697944, 0.000505410076585, 0.000477979832795, 0.000146405640407, 0.000229641998885, 0.000382207043003, 0.000220137488213, 0.000165682358784, 0.000142357981531, 8.71734737302e-05, 7.02643301338e-05, 4.69433762191e-05, 7.10718231858e-05, 5.3170715546e-05, 4.50224615633e-05, 3.74771443603e-05, 3.74950941477e-05, 3.11256262648e-05, 3.28892601829e-05, 2.19225767069e-05, 1.38576515383e-05, 1.22082328744e-05, 5.02361262988e-06, 4.50762036053e-06, 3.89718707083e-06, 3.35833055942e-06, 2.01700618163e-06, 1.63029869782e-06, 1.53115922785e-06, 1.61912828389e-06, 1.28286535528e-06, 1.08397841814e-06, 7.48936258788e-07, 5.70855831938e-07, 5.41101314866e-07, 5.25561631548e-07, 4.60494732124e-07, 3.67174351368e-07],
        "dmean2": [0.00157338753343, 0.00320005672984, 0.00125532364473, 0.000828919815831, 0.000781189766712, 0.000237745291088, 0.000369761954062, 0.000605449546129, 0.000345219770679, 0.000263860420091, 0.000213498511584, 0.000139004027005, 0.000112226829515, 7.27077931515e-05, 0.000108550942969, 8.45140020829e-05, 7.28133381926e-05, 6.06202338531e-05, 6.00888124609e-05, 5.06698743266e-05, 5.4007898143e-05, 3.53130526491e-05, 2.35371589952e-05, 2.01804068638e-05, 8.18365333544e-06, 7.32768694434e-06, 6.31749571767e-06, 5.51606899535e-06, 3.3368548884e-06, 2.59113653556e-06, 2.38535812969e-06, 2.50875200436e-06, 1.89956585928e-06, 1.64436880823e-06, 1.12714781153e-06, 8.64603521222e-07, 8.16120802938e-07, 7.82868539773e-07, 6.77625337175e-07, 5.61159879453e-07],
        "dvar": [2.04506659429e-06, 8.30239150673e-06, 1.67587700162e-06, 7.70757822011e-07, 1.06763980057e-06, 7.45344479469e-08, 1.87578379496e-07, 5.38986398624e-07, 2.29515663364e-07, 1.0615072199e-07, 7.02514242334e-08, 3.77906808069e-08, 1.94270182163e-08, 1.08407203214e-08, 1.91704412345e-08, 7.16145276414e-09, 4.88110618591e-09, 4.28781010697e-09, 4.39228431404e-09, 3.00937341713e-09, 2.16292139754e-09, 1.44577427807e-09, 4.4857451087e-09, 1.50015444511e-09, 8.29642257671e-11, 4.94003588036e-11, 4.94702508125e-11, 3.9427284354e-11, 1.06443560563e-11, 5.62325880304e-12, 6.54619197391e-12, 1.30953772132e-11, 5.35258469492e-12, 4.10776707788e-12, 1.82315490829e-12, 1.07969134935e-12, 8.90440553323e-13, 1.92857166868e-12, 1.07478761134e-12, 6.24143477786e-13],
        "dvar2": [5.47373201698e-06, 2.2570060537e-05, 4.58611793874e-06, 2.06849836104e-06, 2.62798198492e-06, 1.91700863184e-07, 4.42462948058e-07, 1.31391857394e-06, 5.47467493561e-07, 2.49787348139e-07, 1.37693731972e-07, 9.44422424709e-08, 4.54358577429e-08, 2.39198971741e-08, 3.72518336178e-08, 1.59140061129e-08, 1.08289448519e-08, 1.00413499737e-08, 1.06522017873e-08, 7.72742225763e-09, 5.7904765427e-09, 3.27209326301e-09, 1.27704247177e-08, 3.94048127461e-09, 1.7608435543e-10, 1.20371518308e-10, 1.17128792776e-10, 1.04339606399e-10, 2.70490539689e-11, 1.35356725828e-11, 1.52269464399e-11, 2.59196778624e-11, 1.11988734258e-11, 9.29098638303e-12, 3.65200708216e-12, 2.38894451096e-12, 1.95814328294e-12, 4.45947749214e-12, 2.463565376e-12, 1.28847475224e-12],
        "max": [0.0159785933793, 0.0268135350198, 0.0112581783906, 0.00751966238022, 0.0118019506335, 0.0035875600297, 0.00546556850895, 0.00878229085356, 0.00838408619165, 0.003868363332, 0.0049037639983, 0.00268207141198, 0.00233549601398, 0.00183524680324, 0.00293060461991, 0.00119441526476, 0.00122711248696, 0.00133097288199, 0.00117733422667, 0.000808221986517, 0.00093213719083, 0.000589453906287, 0.00180078553967, 0.0011017654324, 0.000246513576712, 0.000104167149402, 0.000134430199978, 0.000101490397356, 3.75510389858e-05, 2.56772982539e-05, 4.30057516496e-05, 7.62984200264e-05, 4.05723585573e-05, 3.1674047932e-05, 2.11063816096e-05, 1.92962615984e-05, 1.38240711749e-05, 2.7882597351e-05, 2.15403088077e-05, 1.56521236931e-05],
        "mean": [0.00202234322205, 0.00381136266515, 0.00129750976339, 0.00068950309651, 0.000586669542827, 0.000244935537921, 0.000376748706913, 0.000586724723689, 0.000377788528567, 0.000308028509608, 0.000250048731687, 0.00013508585107, 0.000117398260045, 8.48932395456e-05, 0.000127816732856, 9.65694562183e-05, 8.53381352499e-05, 7.09724699846e-05, 7.1066468081e-05, 5.88560214965e-05, 6.77600692143e-05, 4.33407949458e-05, 2.34241088037e-05, 2.08478450077e-05, 9.69235861703e-06, 8.58526163938e-06, 7.61904993851e-06, 6.16283750787e-06, 3.73029001821e-06, 3.15177771881e-06, 3.08632638735e-06, 2.76758555628e-06, 2.27561713473e-06, 1.89740762835e-06, 1.34135189001e-06, 1.03009881514e-06, 9.80437903308e-07, 8.80629670519e-07, 7.68442475874e-07, 5.66499636534e-07],
        "median": [0.00147302914411, 0.00287465215661, 0.00105982425157, 0.000404321093811, 0.000202518000151, 0.000122936369735, 0.00016982210218, 0.00016526444233, 0.000117135699838, 8.93500618986e-05, 7.66352095525e-05, 7.04866251908e-05, 5.61099986953e-05, 3.47140194208e-05, 5.36959596502e-05, 5.77360988245e-05, 5.54977305001e-05, 4.61409726995e-05, 4.47096463176e-05, 4.08341329603e-05, 5.15035972057e-05, 2.69070660579e-05, 1.40393476613e-05, 1.33295679916e-05, 7.30139390726e-06, 6.21190065431e-06, 5.19153309142e-06, 3.95742790715e-06, 2.51927076533e-06, 1.99357282327e-06, 1.93810001292e-06, 1.56142175456e-06, 1.20391177916e-06, 9.56630628934e-07, 7.39358085866e-07, 6.17370631062e-07, 5.04508534505e-07, 4.13185119896e-07, 3.13772943628e-07, 1.66757160969e-07],
        "min": [1.54821350407e-06, 6.90795059199e-06, 3.63149520126e-05, 6.06764251643e-06, 1.33152279886e-05, 3.24804159391e-06, 1.96714472622e-06, 5.07929098603e-06, 3.46581418853e-06, 1.92035213331e-06, 6.04041019869e-07, 3.08770063384e-06, 3.33026093813e-07, 4.98243764468e-07, 1.66048073424e-06, 2.43491012952e-06, 1.08938434096e-06, 1.15874001949e-06, 9.60419015428e-07, 1.08554797862e-06, 1.83163967904e-06, 8.97483005247e-07, 5.1053552852e-07, 4.87024806262e-07, 2.34763291473e-07, 9.41100921636e-08, 9.53485894684e-08, 3.38118510967e-08, 1.37184414939e-08, 1.75241510192e-08, 8.95114826704e-09, 3.40239147967e-09, 7.57820362018e-10, 1.24078269881e-09, 6.15678563687e-10, 3.17867898669e-10, 5.41143952565e-12, 4.62448135341e-12, 1.47642491223e-13, 4.55751701569e-14],
