{
"highlevel": {
    "danceability": {
        "all": {
            "danceable": 0.985089719296,
            "not_danceable": 0.0149102872238
        },
        "probability": 0.985089719296,
        "value": "danceable"
    },
    "gender": {
        "all": {
            "female": 0.289847970009,
            "male": 0.710152029991
        },
        "probability": 0.710152029991,
        "value": "male"
    },
    "genre_dortmund": {
        "all": {
            "alternative": 0.119931049645,
            "blues": 0.0871897935867,
            "electronic": 0.0142152300104,
            "folkcountry": 0.142293781042,
            "funksoulrnb": 0.0172964017838,
            "jazz": 0.0170387569815,
            "pop": 0.166622027755,
            "raphiphop": 0.022475682199,
            "rock": 0.412937283516
        },
        "probability": 0.412937283516,
        "value": "rock"
    },
    "genre_electronic": {
        "all": {
            "ambient": 0.372091948986,
            "dnb": 0.0846692845225,
            "house": 0.241879194975,
            "techno": 0.0194416567683,
            "trance": 0.281917899847
        },
        "probability": 0.372091948986,
        "value": "ambient"
    },
    "genre_rosamerica": {
        "all": {
            "cla": 0.00551103800535,
            "dan": 0.0922864228487,
            "hip": 0.0204606931657,
            "jaz": 0.00666988966987,
            "pop": 0.288587391376,
            "rhy": 0.293134480715,
            "roc": 0.289260178804,
            "spe": 0.00408990867436
        },
        "probability": 0.293134480715,
        "value": "rhy"
    },
    "genre_tzanetakis": {
        "all": {
            "blu": 0.0626613423228,
            "cla": 0.0348169617355,
            "cou": 0.104475811124,
            "dis": 0.0784321576357,
            "hip": 0.15692435205,
            "jaz": 0.313974827528,
            "met": 0.0448166541755,
            "pop": 0.0627359300852,
            "reg": 0.0627360641956,
            "roc": 0.0784258767962
        },
        "probability": 0.313974827528,
        "value": "jaz"
    },
    "ismir04_rhythm": {
        "all": {
            "ChaChaCha": 0.21562615037,
            "Jive": 0.155682832003,
            "Quickstep": 0.0425468608737,
            "Rumba-American": 0.0105893583968,
            "Rumba-International": 0.05741526559,
            "Rumba-Misc": 0.0225048772991,
            "Samba": 0.242648944259,
            "Tango": 0.0734139755368,
            "VienneseWaltz": 0.168078258634,
            "Waltz": 0.0114934640005
        },
        "probability": 0.242648944259,
        "value": "Samba"
    },
    "mood_acoustic": {
        "all": {
            "acoustic": 0.0447465032339,
            "not_acoustic": 0.955253481865
        },
        "probability": 0.955253481865,
        "value": "not_acoustic"
    },
    "mood_aggressive": {
        "all": {
            "aggressive": 0.274703741074,
            "not_aggressive": 0.725296258926
        },
        "probability": 0.725296258926,
        "value": "not_aggressive"
    },
    "mood_electronic": {
        "all": {
            "electronic": 0.433105975389,
            "not_electronic": 0.566893994808
        },
        "probability": 0.566893994808,
        "value": "not_electronic"
    },
    "mood_happy": {
        "all": {
            "happy": 0.559230387211,
            "not_happy": 0.440769612789
        },
        "probability": 0.559230387211,
        "value": "happy"
    },
    "mood_party": {
        "all": {
            "not_party": 0.331412643194,
            "party": 0.668587327003
        },
        "probability": 0.668587327003,
        "value": "party"
    },
    "mood_relaxed": {
        "all": {
            "not_relaxed": 0.364151328802,
            "relaxed": 0.635848641396
        },
        "probability": 0.635848641396,
        "value": "relaxed"
    },
    "mood_sad": {
        "all": {
            "not_sad": 0.765153706074,
            "sad": 0.234846293926
        },
        "probability": 0.765153706074,
        "value": "not_sad"
    },
    "moods_mirex": {
        "all": {
            "Cluster1": 0.21752589941,
            "Cluster2": 0.31367406249,
            "Cluster3": 0.284987986088,
            "Cluster4": 0.160146102309,
            "Cluster5": 0.0236659590155
        },
        "probability": 0.31367406249,
        "value": "Cluster2"
    },
    "timbre": {
        "all": {
            "bright": 0.955684065819,
            "dark": 0.0443159602582
        },
        "probability": 0.955684065819,
        "value": "bright"
    },
    "tonal_atonal": {
        "all": {
            "atonal": 0.0641155466437,
            "tonal": 0.935884475708
        },
        "probability": 0.935884475708,
        "value": "tonal"
    },
    "voice_instrumental": {
        "all": {
            "instrumental": 0.00081530760508,
            "voice": 0.999184668064
        },
        "probability": 0.999184668064,
        "value": "voice"
    }
},
"lowlevel": {
    "average_loudness": 0.970480501652,
    "barkbands_crest": {
        "dmean": 3.29522490501,
        "dmean2": 5.32030153275,
        "dvar": 9.93664932251,
        "dvar2": 22.2001724243,
        "max": 25.7194595337,
        "mean": 11.1435890198,
        "median": 10.2153367996,
        "min": 2.86068987846,
        "var": 20.6336345673
    },
    "barkbands_flatness_db": {
        "dmean": 0.0278174933046,
        "dmean2": 0.0437937676907,
        "dvar": 0.000891481235158,
        "dvar2": 0.00213897088543,
        "max": 0.397029876709,
        "mean": 0.156363129616,
        "median": 0.139112010598,
        "min": 0.056419365108,
        "var": 0.00382854649797
    },
    "barkbands_kurtosis": {
        "dmean": 4.28790664673,
        "dmean2": 6.90054273605,
        "dvar": 82.2782440186,
        "dvar2": 189.753234863,
        "max": 110.826026917,
        "mean": 4.51632642746,
        "median": 2.00464296341,
        "min": -1.87364566326,
        "var": 88.4476089478
    },
    "barkbands_skewness": {
        "dmean": 0.724857747555,
        "dmean2": 1.07759726048,
        "dvar": 0.727363288403,
        "dvar2": 1.49974811077,
        "max": 9.39416313171,
        "mean": 1.55551040173,
        "median": 1.39771127701,
        "min": -1.79489696026,
        "var": 1.54795503616
    },
    "barkbands_spread": {
        "dmean": 6.68508338928,
        "dmean2": 10.4614372253,
        "dvar": 65.9190063477,
        "dvar2": 144.723052979,
        "max": 94.0284881592,
        "mean": 22.7669353485,
        "median": 20.239944458,
        "min": 0.928628206253,
        "var": 215.559692383
    },
    "dissonance": {
        "dmean": 0.0226914100349,
        "dmean2": 0.0363417416811,
        "dvar": 0.000510107958689,
        "dvar2": 0.00123701884877,
        "max": 0.499932765961,
        "mean": 0.453352630138,
        "median": 0.465945452452,
        "min": 0.278566658497,
        "var": 0.00146082986612
    },
    "dynamic_complexity": 2.41296625137,
    "erbbands_crest": {
        "dmean": 3.12862181664,
        "dmean2": 4.76305484772,
        "dvar": 9.10036182404,
        "dvar2": 19.0927238464,
        "max": 31.4760360718,
        "mean": 10.1826210022,
        "median": 8.62349224091,
        "min": 2.48430347443,
        "var": 33.8601379395
    },
    "erbbands_flatness_db": {
        "dmean": 0.0210945308208,
        "dmean2": 0.0286550242454,
        "dvar": 0.000422154174885,
        "dvar2": 0.000662642880343,
        "max": 0.395437270403,
        "mean": 0.159605547786,
        "median": 0.147031709552,
        "min": 0.0672339275479,
        "var": 0.00320752616972
    },
    "erbbands_kurtosis": {
        "dmean": 1.43586850166,
        "dmean2": 2.14368677139,
        "dvar": 8.48473930359,
        "dvar2": 16.872795105,
        "max": 47.3986434937,
        "mean": 1.09094381332,
        "median": 0.0733413696289,
        "min": -1.77933609486,
        "var": 14.5194244385
    },
    "erbbands_skewness": {
        "dmean": 0.418161869049,
        "dmean2": 0.618892431259,
        "dvar": 0.188391461968,
        "dvar2": 0.384063959122,
        "max": 5.54915332794,
        "mean": 0.427312791348,
        "median": 0.385161340237,
        "min": -3.10151958466,
        "var": 0.834994256496
    },
    "erbbands_spread": {
        "dmean": 10.4390182495,
        "dmean2": 14.6160001755,
        "dvar": 116.707862854,
        "dvar2": 220.40184021,
        "max": 141.948791504,
        "mean": 39.0889472961,
        "median": 35.2414703369,
        "min": 2.12993240356,
        "var": 472.556396484
    },
    "hfc": {
        "dmean": 8.11384868622,
        "dmean2": 12.0064678192,
        "dvar": 123.827384949,
        "dvar2": 265.487213135,
        "max": 149.742019653,
        "mean": 25.1844711304,
        "median": 22.1895027161,
        "min": 0.224767714739,
        "var": 404.697540283
    },
    "melbands_crest": {
        "dmean": 3.28958249092,
        "dmean2": 5.33453559875,
        "dvar": 9.03542518616,
        "dvar2": 21.7210979462,
        "max": 29.3585891724,
        "mean": 14.8349132538,
        "median": 14.563706398,
        "min": 5.25525045395,
        "var": 23.2969799042
    },
    "melbands_flatness_db": {
        "dmean": 0.0334487706423,
        "dmean2": 0.0518372729421,
        "dvar": 0.00130302947946,
        "dvar2": 0.00315907457843,
        "max": 0.460963398218,
        "mean": 0.218829393387,
        "median": 0.19985178113,
        "min": 0.0592026785016,
        "var": 0.00564638245851
    },
    "melbands_kurtosis": {
        "dmean": 11.3161525726,
        "dmean2": 17.7216434479,
        "dvar": 575.539733887,
        "dvar2": 1345.63452148,
        "max": 274.583618164,
        "mean": 14.8634080887,
        "median": 7.72834014893,
        "min": -1.42038428783,
        "var": 619.472961426
    },
    "melbands_skewness": {
        "dmean": 1.03118371964,
        "dmean2": 1.48860216141,
        "dvar": 1.50552427769,
        "dvar2": 3.05497121811,
        "max": 13.8250055313,
        "mean": 2.68595480919,
        "median": 2.32808232307,
        "min": -1.51733326912,
        "var": 3.55438399315
    },
    "melbands_spread": {
        "dmean": 7.07326936722,
        "dmean2": 11.0339517593,
        "dvar": 65.6608428955,
        "dvar2": 142.947296143,
        "max": 120.075653076,
        "mean": 21.2050170898,
        "median": 18.2676887512,
        "min": 1.18135678768,
        "var": 212.47769165
    },
    "pitch_salience": {
        "dmean": 0.0894491672516,
        "dmean2": 0.143464967608,
        "dvar": 0.00758313247934,
        "dvar2": 0.0185937806964,
        "max": 0.764688074589,
        "mean": 0.481582641602,
        "median": 0.490552991629,
        "min": 0.123740233481,
        "var": 0.0135192396119
    },
    "silence_rate_20dB": {
        "dmean": 0,
        "dmean2": 0,
        "dvar": 0,
        "dvar2": 0,
        "max": 1,
        "mean": 1,
        "median": 1,
        "min": 1,
        "var": 0
    },
    "silence_rate_30dB": {
        "dmean": 0.0170278642327,
        "dmean2": 0.0340821072459,
        "dvar": 0.016737902537,
        "dvar2": 0.0499619804323,
        "max": 1,
        "mean": 0.991492629051,
        "median": 1,
        "min": 0,
        "var": 0.00843501277268
    },
    "silence_rate_60dB": {
        "dmean": 0.0340557284653,
        "dmean2": 0.0681642144918,
        "dvar": 0.0328958891332,
        "dvar2": 0.072812885046,
        "max": 1,
        "mean": 0.0448569208384,
        "median": 0,
        "min": 0,
        "var": 0.0428443327546
    },
    "spectral_centroid": {
        "dmean": 279.131500244,
        "dmean2": 430.320739746,
        "dvar": 87519.9140625,
        "dvar2": 196955.625,
        "max": 4428.41259766,
        "mean": 1307.82653809,
        "median": 1231.50231934,
        "min": 224.487426758,
        "var": 392591.875
    },
    "spectral_complexity": {
        "dmean": 4.38854503632,
        "dmean2": 6.69868326187,
        "dvar": 22.8985939026,
        "dvar2": 49.4282493591,
        "max": 51,
        "mean": 20.2977581024,
        "median": 21,
        "min": 0,
        "var": 117.392486572
    },
    "spectral_decrease": {
        "dmean": 3.72589425979e-09,
        "dmean2": 5.4784865533e-09,
        "dvar": 2.33966497705e-17,
        "dvar2": 4.67257453547e-17,
        "max": -1.31458260944e-10,
        "mean": -9.69645963522e-09,
        "median": -8.92229934379e-09,
        "min": -3.71950861222e-08,
        "var": 4.37480109548e-17
    },
    "spectral_energy": {
        "dmean": 0.0144319059327,
        "dmean2": 0.0210668221116,
        "dvar": 0.000338979356457,
        "dvar2": 0.000671801215503,
        "max": 0.141995817423,
        "mean": 0.0388809219003,
        "median": 0.036292809993,
        "min": 0.000530596997123,
        "var": 0.000667751824949
    },
    "spectral_energyband_high": {
        "dmean": 0.000652137328871,
        "dmean2": 0.000992067391053,
        "dvar": 1.72911268237e-06,
        "dvar2": 3.53401924258e-06,
        "max": 0.0214901939034,
        "mean": 0.00116074504331,
        "median": 0.000607347115874,
        "min": 7.30277008643e-07,
        "var": 3.87430964111e-06
    },
    "spectral_energyband_low": {
        "dmean": 0.010685195215,
        "dmean2": 0.0159029252827,
        "dvar": 0.000344286498148,
        "dvar2": 0.000692425994202,
        "max": 0.135217413306,
        "mean": 0.0194400642067,
        "median": 0.0125693529844,
        "min": 5.20024186699e-05,
        "var": 0.000489263155032
    },
    "spectral_energyband_middle_high": {
        "dmean": 0.00215130997822,
        "dmean2": 0.00326656643301,
        "dvar": 7.02797115082e-06,
        "dvar2": 1.67747457454e-05,
        "max": 0.0350926741958,
        "mean": 0.00611738907173,
        "median": 0.0042862277478,
        "min": 2.74967642326e-05,
        "var": 3.44064828823e-05
    },
    "spectral_energyband_middle_low": {
        "dmean": 0.00703657278791,
        "dmean2": 0.0114724831656,
        "dvar": 0.000107820684207,
        "dvar2": 0.000280695734546,
        "max": 0.0934380963445,
        "mean": 0.0129891522229,
        "median": 0.0104608116671,
        "min": 0.000112821573566,
        "var": 0.000132729983306
    },
    "spectral_entropy": {
        "dmean": 0.211330026388,
        "dmean2": 0.291217774153,
        "dvar": 0.0479487814009,
        "dvar2": 0.101647645235,
        "max": 8.50946903229,
        "mean": 7.50330209732,
        "median": 7.64121246338,
        "min": 5.03948640823,
        "var": 0.293463945389
    },
    "spectral_flux": {
        "dmean": 0.036394584924,
        "dmean2": 0.0565602481365,
        "dvar": 0.00153817329556,
        "dvar2": 0.00305264606141,
        "max": 0.302017003298,
        "mean": 0.102540962398,
        "median": 0.0907187014818,
        "min": 0.0115906530991,
        "var": 0.00327855185606
    },
    "spectral_kurtosis": {
        "dmean": 2.15308117867,
        "dmean2": 3.45256829262,
        "dvar": 9.56339454651,
        "dvar2": 24.975692749,
        "max": 43.048538208,
        "mean": 4.82073020935,
        "median": 3.42749738693,
        "min": -1.27145493031,
        "var": 21.9322166443
    },
    "spectral_rms": {
        "dmean": 0.00109173904639,
        "dmean2": 0.00155403930694,
        "dvar": 1.49547554429e-06,
        "dvar2": 2.70502596322e-06,
        "max": 0.0117699829862,
        "mean": 0.00575988320634,
        "median": 0.00595042994246,
        "min": 0.000719482894056,
        "var": 4.75634078612e-06
    },
    "spectral_rolloff": {
        "dmean": 486.098052979,
        "dmean2": 832.274475098,
        "dvar": 937426.25,
        "dvar2": 2119625,
        "max": 9819.140625,
        "mean": 1189.28649902,
        "median": 882.861328125,
        "min": 86.1328125,
        "var": 1459376.75
    },
    "spectral_skewness": {
        "dmean": 0.277801126242,
        "dmean2": 0.420661479235,
        "dvar": 0.0892641544342,
        "dvar2": 0.215653181076,
        "max": 4.88865375519,
        "mean": 1.56178689003,
        "median": 1.42323732376,
        "min": -0.0707731619477,
        "var": 0.35974085331
    },
    "spectral_spread": {
        "dmean": 636727.0625,
        "dmean2": 904095.9375,
        "dvar": 778120134656,
        "dvar2": 1.25978502758e+12,
        "max": 16549207,
        "mean": 4516077.5,
        "median": 4462273,
        "min": 1511066.5,
        "var": 2.76659621069e+12
    },
    "spectral_strongpeak": {
        "dmean": 0.587950348854,
        "dmean2": 1.00854969025,
        "dvar": 1.062266469,
        "dvar2": 2.49552464485,
        "max": 9.37221336365,
        "mean": 0.947638750076,
        "median": 0.512101650238,
        "min": 0.00939263496548,
        "var": 1.63832724094
    },
    "zerocrossingrate": {
        "dmean": 0.00985028035939,
        "dmean2": 0.0121979536489,
        "dvar": 0.000126806655317,
        "dvar2": 0.000160272611538,
        "max": 0.2021484375,
        "mean": 0.0516441427171,
        "median": 0.0478515625,
        "min": 0.00732421875,
        "var": 0.000829160911962
    },
    "barkbands": {
        "dmean": [8.1710430095e-05, 0.00830607395619, 0.00365010579117, 0.00203516613692, 0.00338290212676, 0.00100304430816, 0.00117476144806, 0.0010846486548, 0.000938674318604, 0.000371449656086, 0.000542173744179, 0.000643954263069, 0.00035026774276, 0.00046915456187, 0.000344639614923, 0.00025641117827, 0.000192394029, 0.000154232999193, 0.000295469391858, 0.000172459724126, 0.000138226838317, 0.000139460680657, 0.000153821092681, 0.000128231811686, 9.58879318205e-05, 2.59452117461e-05, 8.57364241824e-08],
        "dmean2": [0.000137163311592, 0.0128683773801, 0.0062236180529, 0.00367371342145, 0.00550037436187, 0.00152360124048, 0.0018351651961, 0.00161293440033, 0.00143858068623, 0.000602003419772, 0.000853255216498, 0.00101141713094, 0.000564561749343, 0.000707646657247, 0.000546494557057, 0.000400779041229, 0.000305793189909, 0.000245684583206, 0.000474428030429, 0.00028053598362, 0.000219390363782, 0.000215789492358, 0.000235261235503, 0.000200309674256, 0.000149691681145, 3.9937087422e-05, 1.45026220366e-07],
        "dvar": [1.6638479039e-08, 0.000247572141234, 5.01288086525e-05, 1.63879540196e-05, 5.66920316487e-05, 2.29075885727e-06, 2.51507913163e-06, 4.35423953604e-06, 2.83161080006e-06, 6.99311499375e-07, 1.43066279179e-06, 1.97673989533e-06, 5.04688671299e-07, 1.51680262661e-06, 1.04861464933e-06, 4.76547484141e-07, 9.05298165321e-08, 6.81141969494e-08, 3.04513548599e-07, 9.74626814809e-08, 7.88428664578e-08, 1.38514508308e-07, 1.44996391782e-07, 9.21696852174e-08, 8.46386924991e-08, 7.07630176677e-09, 6.38699705104e-14],
        "dvar2": [3.99592146039e-08, 0.000539137865417, 0.000127038278151, 4.58582435385e-05, 0.000145883997902, 5.3750063671e-06, 6.0277279772e-06, 1.02763178802e-05, 6.89117223374e-06, 1.83323197689e-06, 3.38639574693e-06, 5.10348581884e-06, 1.17446256809e-06, 3.13111945616e-06, 2.57567808148e-06, 1.12937357244e-06, 2.02007569783e-07, 1.70733940763e-07, 6.40815585484e-07, 2.34132286892e-07, 1.81900489338e-07, 2.75974429087e-07, 2.98008671962e-07, 2.23906951646e-07, 1.67033661569e-07, 1.60943063321e-08, 1.57707451699e-13],
        "max": [0.00236211623996, 0.103824362159, 0.0469196774065, 0.040477283299, 0.0711933523417, 0.0158636849374, 0.0202857945114, 0.0295607112348, 0.0252998359501, 0.016848731786, 0.0216553974897, 0.0162053182721, 0.0105530982837, 0.0207507051528, 0.0148469675332, 0.0162943229079, 0.00416972534731, 0.00308389076963, 0.00831365212798, 0.00336435670033, 0.00471307337284, 0.00843542721123, 0.0104124350473, 0.00561483716592, 0.00537089072168, 0.00141454359982, 3.7281592995e-06],
        "mean": [0.000160219307872, 0.0137895038351, 0.00471893325448, 0.00173777958844, 0.00390365044586, 0.00174972892273, 0.00204499135725, 0.00178900803439, 0.00166354188696, 0.000562297354918, 0.000861119595356, 0.00107039231807, 0.000565967697185, 0.000749972648919, 0.000558047846425, 0.000455699308077, 0.000345424195984, 0.000262266461505, 0.000584260269534, 0.000257313484326, 0.000212745988392, 0.000229354729527, 0.000247586780461, 0.000190460967133, 0.000139003866934, 3.16625628329e-05, 7.16588743899e-08],
        "median": [8.61546141095e-05, 0.00838213600218, 0.00215166690759, 0.000673035392538, 0.00133236625697, 0.00090453249868, 0.00138609716669, 0.000729821796995, 0.000715774891432, 0.000224972653086, 0.000304628687445, 0.000257734121988, 0.000259768974502, 0.000259023276158, 0.000119258314953, 0.00017867970746, 0.000167566366144, 0.000160580704687, 0.000320016872138, 0.000157332193339, 0.000111551315058, 0.000116349227028, 0.000110065979243, 7.81160124461e-05, 4.96251595905e-05, 7.96426229499e-06, 2.68361866063e-09],
        "min": [7.86209284342e-08, 1.07788828245e-05, 1.49624349888e-06, 5.30624720341e-06, 4.77770117868e-06, 1.27670432448e-06, 9.4537597306e-07, 3.147191876e-07, 6.88340037414e-07, 6.00690384545e-07, 2.34147577771e-07, 7.39275378692e-07, 3.38115484055e-07, 5.67064432744e-07, 3.92351410028e-07, 6.59911279399e-07, 3.63080886245e-07, 1.53838982442e-07, 3.26876374857e-07, 3.47818200908e-07, 1.9188668432e-07, 6.85604533146e-08, 1.12204379121e-09, 6.28322741059e-12, 4.04929909048e-12, 3.77633948417e-12, 4.7664780109e-12],
        "var": [4.17209022885e-08, 0.000294914643746, 4.76872701256e-05, 1.10708397187e-05, 5.42232010048e-05, 5.03529236084e-06, 5.34962873644e-06, 9.3216813184e-06, 7.52015193939e-06, 1.32143361498e-06, 3.591968607e-06, 4.83655958305e-06, 9.0197801228e-07, 2.85432702185e-06, 2.64043842435e-06, 1.18329876386e-06, 2.37587329366e-07, 1.11591198504e-07, 7.80982702508e-07, 1.2817839945e-07, 1.30439218538e-07, 2.96508488873e-07, 3.23744984598e-07, 1.65573467825e-07, 1.42205180964e-07, 9.23004339626e-09, 5.7884063211e-14]
    },
    "erbbands": {
        "dmean": [0.134451761842, 2.23200893402, 4.79679489136, 5.0103058815, 12.3968296051, 9.38029384613, 7.56766462326, 9.17492103577, 12.1399183273, 22.3213481903, 27.0512008667, 17.0564174652, 13.165802002, 15.353518486, 17.0854091644, 23.1617736816, 18.0232944489, 21.8812179565, 15.0037002563, 17.851650238, 13.0647525787, 11.1441059113, 8.14300632477, 10.3555278778, 14.5802564621, 8.24225902557, 5.58731889725, 5.65464735031, 4.76258277893, 4.9427947998, 4.27532815933, 3.33883619308, 1.83561062813, 1.08432114124, 0.703469216824, 0.192464962602, 0.0352245569229, 0.00196353299543, 5.72774733882e-05, 1.89723796211e-05],
        "dmean2": [0.202389761806, 3.44428825378, 7.88613176346, 8.74182891846, 21.0366706848, 15.6785545349, 12.2726659775, 13.5626087189, 18.7706871033, 34.4743080139, 40.2264823914, 26.2631282806, 21.128276825, 24.135969162, 26.8837604523, 36.4075469971, 28.2827892303, 32.8156700134, 23.5454540253, 27.9849834442, 20.4049377441, 17.5505638123, 12.9194011688, 16.4913024902, 22.9499607086, 13.5521869659, 9.05716896057, 8.93369102478, 7.34410572052, 7.95891332626, 6.54437065125, 5.27301263809, 2.86016345024, 1.71140766144, 1.10418510437, 0.297923028469, 0.0557257719338, 0.00321427243762, 8.71698503033e-05, 2.71495773632e-05],
        "dvar": [0.0503061078489, 18.7121429443, 89.1350631714, 95.9279785156, 828.930908203, 398.209686279, 177.863845825, 200.748748779, 416.109802246, 956.231018066, 2597.64868164, 734.051818848, 1212.87060547, 1173.5144043, 1238.91955566, 2646.23632812, 1217.71582031, 4099.99755859, 1421.20617676, 3028.9519043, 1141.89990234, 304.081176758, 179.139053345, 275.090179443, 902.833129883, 240.656280518, 121.181304932, 130.923217773, 140.364181519, 220.77545166, 112.37865448, 55.3810653687, 25.5337677002, 9.0659198761, 5.24211597443, 0.419784486294, 0.0141805317253, 5.4519103287e-05, 2.58226133809e-08, 5.80025805164e-10],
        "dvar2": [0.114344775677, 41.2112159729, 219.282974243, 261.970062256, 2156.81591797, 1080.06347656, 427.209686279, 446.256744385, 921.305847168, 2446.54321289, 6007.08203125, 1726.06433105, 3383.16992188, 2703.64135742, 3151.10180664, 6866.31835938, 2868.18847656, 8253.98144531, 3369.2199707, 7680.96582031, 2449.12451172, 700.173339844, 438.488830566, 630.317993164, 1862.28894043, 614.895996094, 273.633911133, 311.540679932, 285.973022461, 422.809204102, 234.725326538, 139.360275269, 62.1194610596, 18.0914497375, 10.4543199539, 0.947540283203, 0.0325735323131, 0.000137040929985, 5.85561856781e-08, 1.09527109604e-09],
        "max": [1.83934259415, 28.423992157, 66.6269302368, 93.5020675659, 236.997695923, 230.692825317, 187.516967773, 176.183105469, 357.084381104, 407.517028809, 740.715087891, 369.824005127, 543.517028809, 795.652893066, 699.597900391, 587.625488281, 562.029418945, 1236.06591797, 664.59375, 1196.79394531, 1075.96130371, 251.039047241, 167.681777954, 214.534988403, 493.654815674, 170.850021362, 162.641571045, 180.265106201, 286.688293457, 372.290802002, 286.322662354, 96.2721099854, 117.888137817, 54.5922470093, 38.4452400208, 12.1365766525, 2.20572543144, 0.163985416293, 0.00315709854476, 0.000268213334493],
        "mean": [0.251815110445, 3.51222515106, 6.85181045532, 5.15625953674, 11.1397657394, 11.5662708282, 11.9982738495, 16.249168396, 21.9323558807, 38.0666160583, 50.2632484436, 30.9952907562, 20.5878238678, 26.0382461548, 29.1578388214, 39.9507446289, 32.6050415039, 35.967010498, 24.5789852142, 34.9468193054, 25.3657646179, 21.2175769806, 15.3242387772, 20.2621822357, 28.8139648438, 12.7781295776, 8.58783054352, 8.51844787598, 7.82808065414, 8.3016462326, 6.65178537369, 5.0190782547, 2.56282901764, 1.53044068813, 0.985910773277, 0.256969302893, 0.0423768013716, 0.00224108225666, 9.06985078473e-05, 5.24965653312e-05],
        "median": [0.163884729147, 2.0024292469, 3.52554106712, 2.70720434189, 3.08587956429, 4.09572315216, 5.2090177536, 8.31944656372, 14.5186233521, 24.0067005157, 20.539100647, 15.7100477219, 9.48169517517, 11.3879232407, 11.7040519714, 10.8852767944, 13.5305938721, 13.8695821762, 8.10336112976, 8.16419887543, 10.7408571243, 10.8581514359, 9.39323997498, 12.9275808334, 15.0896320343, 8.24294567108, 4.30210733414, 4.33034610748, 4.04917812347, 4.23751783371, 2.70482063293, 2.04999375343, 0.945601284504, 0.560319602489, 0.308278590441, 0.081563025713, 0.0076329302974, 0.0003370019258, 4.07966836065e-05, 4.76012464787e-05],
        "min": [0.000362105056411, 0.00230818777345, 0.00610295543447, 0.0176760163158, 0.0247556082904, 0.0139593370259, 0.0106574660167, 0.0315225534141, 0.0256911907345, 0.0356233082712, 0.0246630515903, 0.0853879526258, 0.0748617351055, 0.0546308495104, 0.0269705820829, 0.0675859376788, 0.0425160638988, 0.031909879297, 0.0389124453068, 0.0366598330438, 0.0378816276789, 0.0485050790012, 0.0239869374782, 0.0267162770033, 0.0247255582362, 0.0131508586928, 0.010422331281, 0.00563883548602, 0.00244225631468, 0.00113524624612, 0.000107337880763, 5.1708171668e-05, 1.70428302226e-05, 4.03146805183e-06, 1.85020633126e-06, 5.89684304941e-07, 3.12965511284e-07, 6.10037673709e-08, 2.83704110871e-07, 6.19976390226e-07],
        "var": [0.0780058652163, 21.423614502, 90.994178772, 69.9736938477, 672.698425293, 396.20413208, 334.377227783, 498.503234863, 833.054931641, 2023.12158203, 7367.56445312, 1976.03417969, 1696.21362305, 2609.63378906, 2802.45117188, 6660.52148438, 2692.73413086, 7549.72460938, 2390.61669922, 12007.6376953, 3544.76367188, 826.013916016, 375.611083984, 649.09954834, 2316.74365234, 286.18762207, 198.577819824, 209.210525513, 282.415496826, 516.652954102, 231.377990723, 91.6082382202, 41.2605628967, 15.1084365845, 8.3375377655, 0.57297629118, 0.018007973209, 5.66822600376e-05, 3.55922722406e-08, 1.40875811017e-09]
    },
    "gfcc": {
        "mean": [9.11014938354, 108.323608398, -115.855506897, 43.4693946838, -59.7166481018, 22.9889984131, -33.3357429504, 17.2148990631, -16.785528183, 6.89666318893, -6.33612728119, -4.65109968185, -11.3269405365],
        "cov": [[6962.88525391, -2589.70288086, 517.376403809, 523.788513184, -625.008972168, 786.63067627, -685.286743164, 446.363830566, -496.411529541, 195.811416626, -337.139007568, 485.288757324, -294.820831299], [-2589.70288086, 1513.87695312, -225.134353638, -344.012115479, 287.963623047, -380.475982666, 292.951293945, -249.703781128, 212.718704224, -126.371879578, 174.545379639, -217.712463379, 122.220588684], [517.376403809, -225.134353638, 651.038574219, 2.14283967018, -20.4417705536, 101.465003967, -117.68952179, 85.2372207642, -39.7193603516, 87.1621551514, -87.5966720581, 93.6382904053, -60.6758956909], [523.788513184, -344.012115479, 2.14283967018, 362.275512695, -33.1325569153, 62.1993560791, -54.9454574585, -19.2660980225, -13.8507518768, -24.3365135193, -19.329870224, 14.502366066, 36.7263755798], [-625.008972168, 287.963623047, -20.4417705536, -33.1325569153, 230.150344849, -84.29737854, 42.30519104, -46.1111564636, 55.5665740967, -0.866586983204, -0.742433607578, -54.7209625244, 18.1381645203], [786.63067627, -380.475982666, 101.465003967, 62.1993560791, -84.29737854, 256.764129639, -15.2496595383, 65.4975662231, -76.4878463745, 31.9174060822, -40.6796569824, 43.17628479, -30.7887115479], [-685.286743164, 292.951293945, -117.68952179, -54.9454574585, 42.30519104, -15.2496595383, 257.711914062, -18.2205905914, 43.2699165344, -46.3738288879, 31.7976646423, -74.3508148193, 7.23449230194], [446.363830566, -249.703781128, 85.2372207642, -19.2660980225, -46.1111564636, 65.4975662231, -18.2205905914, 174.863601685, -6.55346155167, 42.0873451233, -27.3294830322, 40.2753410339, -53.7298202515], [-496.411529541, 212.718704224, -39.7193603516, -13.8507518768, 55.5665740967, -76.4878463745, 43.2699165344, -6.55346155167, 162.386428833, 3.89300179482, 40.2222099304, -29.2269039154, 18.9612178802], [195.811416626, -126.371879578, 87.1621551514, -24.3365135193, -0.866586983204, 31.9174060822, -46.3738288879, 42.0873451233, 3.89300179482, 105.398513794, 0.466369718313, 36.6687431335, -26.1229114532], [-337.139007568, 174.545379639, -87.5966720581, -19.329870224, -0.742433607578, -40.6796569824, 31.7976646423, -27.3294830322, 40.2222099304, 0.466369718313, 127.268539429, -11.1676273346, 31.3650341034], [485.288757324, -217.712463379, 93.6382904053, 14.502366066, -54.7209625244, 43.17628479, -74.3508148193, 40.2753410339, -29.2269039154, 36.6687431335, -11.1676273346, 136.914047241, -8.14530181885], [-294.820831299, 122.220588684, -60.6758956909, 36.7263755798, 18.1381645203, -30.7887115479, 7.23449230194, -53.7298202515, 18.9612178802, -26.1229114532, 31.3650341034, -8.14530181885, 102.19316864]],
        "icov": [[0.000679077696986, -0.000149909348693, 0.000324950233335, -0.000754772743676, 0.000681299425196, -0.00113445951138, 0.00119212910067, -0.000685175356921, 0.000677227508277, -0.000106740058982, 0.000700781296473, -0.00100414291956, 0.00124716362916], [-0.000149909348693, 0.0059805708006, -0.00164748390671, 0.00487263454124, -0.00286316731945, 0.00370133970864, -0.00326201203279, 0.00441526714712, -0.00262833246961, 0.00383693608455, -0.00419896794483, 0.00315270014107, -0.00313025503419], [0.000324950233335, -0.00164748390671, 0.00268893036991, -0.00152868195437, 0.000772438477725, -0.00191013910808, 0.00184556515887, -0.00164259551093, 0.000824499817099, -0.00199757493101, 0.00245117815211, -0.00203592632897, 0.00176865840331], [-0.000754772743676, 0.00487263454124, -0.00152868195437, 0.00789782032371, -0.00270934100263, 0.00282022799365, -0.00277065229602, 0.00448411889374, -0.00326771498658, 0.00418143160641, -0.00347904348746, 0.0034468001686, -0.00484901387244], [0.000681299425196, -0.00286316731945, 0.000772438477725, -0.00270934100263, 0.00784226320684, -0.00130377791356, 0.00190380169079, -0.00157376413699, 0.000690662767738, -0.00339540489949, 0.00395533582196, -0.000679527758621, 0.0018109533703], [-0.00113445951138, 0.00370133970864, -0.00191013910808, 0.00282022799365, -0.00130377791356, 0.0100385816768, -0.00501927128062, 0.00235278951004, -0.000273146986729, 0.000584223831538, -0.00273268390447, 0.00315143633634, -0.00370912696235], [0.00119212910067, -0.00326201203279, 0.00184556515887, -0.00277065229602, 0.00190380169079, -0.00501927128062, 0.00917956512421, -0.00366008840501, 0.00124199374113, 0.000138363524457, 0.00231451820582, -0.00132127595134, 0.00399694778025], [-0.000685175356921, 0.00441526714712, -0.00164259551093, 0.00448411889374, -0.00157376413699, 0.00235278951004, -0.00366008840501, 0.0120191406459, -0.00380317610689, 0.00127435592003, -0.00265432987362, 0.001817031065, -0.000286575552309], [0.000677227508277, -0.00262833246961, 0.000824499817099, -0.00326771498658, 0.000690662767738, -0.000273146986729, 0.00124199374113, -0.00380317610689, 0.010252806358, -0.00320057733916, 0.000541328510735, -0.00146502524149, 0.00146529753692], [-0.000106740058982, 0.00383693608455, -0.00199757493101, 0.00418143160641, -0.00339540489949, 0.000584223831538, 0.000138363524457, 0.00127435592003, -0.00320057733916, 0.0164016373456, -0.00496121169999, 9.13166004466e-05, 0.00016974065511], [0.000700781296473, -0.00419896794483, 0.00245117815211, -0.00347904348746, 0.00395533582196, -0.00273268390447, 0.00231451820582, -0.00265432987362, 0.000541328510735, -0.00496121169999, 0.014005176723, -0.0033583866898, 0.000729721272364], [-0.00100414291956, 0.00315270014107, -0.00203592632897, 0.0034468001686, -0.000679527758621, 0.00315143633634, -0.00132127595134, 0.001817031065, -0.00146502524149, 9.13166004466e-05, -0.0033583866898, 0.0135017056018, -0.00459394883364], [0.00124716362916, -0.00313025503419, 0.00176865840331, -0.00484901387244, 0.0018109533703, -0.00370912696235, 0.00399694778025, -0.000286575552309, 0.00146529753692, 0.00016974065511, 0.000729721272364, -0.00459394883364, 0.0172287095338]]
    },
    "melbands": {
        "dmean": [0.00180648022797, 0.0026528777089, 0.00108860002365, 0.000826139294077, 0.00028684080462, 0.000205054137041, 0.000193291678443, 0.000239187953412, 0.000229613491683, 0.000102408528619, 6.81970850565e-05, 6.17648693151e-05, 6.94993359502e-05, 5.50065415155e-05, 7.18315131962e-05, 3.12654410664e-05, 4.4697051635e-05, 2.69930733339e-05, 2.68413914455e-05, 2.04410880542e-05, 1.51298700075e-05, 1.30904909383e-05, 9.43589475355e-06, 7.38135850042e-06, 8.88375052455e-06, 1.34251349664e-05, 7.97063967184e-06, 5.56850091016e-06, 3.46875413015e-06, 3.79923244509e-06, 3.27817360812e-06, 2.81426355286e-06, 2.84223165181e-06, 2.93554353448e-06, 2.47988145929e-06, 2.56008388533e-06, 1.98521775019e-06, 1.29544844185e-06, 1.27208375034e-06, 8.95743824003e-07],
        "dmean2": [0.00278890854679, 0.00411021988839, 0.00187362043653, 0.00137227110099, 0.000473100313684, 0.000304786022753, 0.000302410364384, 0.000366626511095, 0.000342987943441, 0.000159783623531, 0.00010916354222, 9.71452318481e-05, 0.000109112312202, 8.84640248842e-05, 0.000109239110316, 4.96184766234e-05, 6.77489224472e-05, 4.25798461947e-05, 4.19769530708e-05, 3.29230242642e-05, 2.36952382693e-05, 2.12478371395e-05, 1.49873303599e-05, 1.20373188111e-05, 1.42585286085e-05, 2.1525163902e-05, 1.26761842694e-05, 9.3306935014e-06, 5.63543744647e-06, 6.18410740572e-06, 5.30312945557e-06, 4.31620901509e-06, 4.61745958091e-06, 4.75395245303e-06, 3.81558493245e-06, 4.10459324485e-06, 3.16023943014e-06, 2.05545711651e-06, 1.99740429707e-06, 1.42696626426e-06],
        "dvar": [1.05742465166e-05, 2.57070787484e-05, 3.79696348318e-06, 3.77377273253e-06, 2.57654733105e-07, 9.22323195596e-08, 8.65815934503e-08, 1.10689775568e-07, 1.64772586686e-07, 3.17539416983e-08, 3.16440562642e-08, 1.82062525056e-08, 2.29862333612e-08, 2.01085992302e-08, 3.55293003906e-08, 3.59466278965e-09, 1.93069507048e-08, 5.05362063308e-09, 7.76562636418e-09, 3.82025389101e-09, 1.44736944652e-09, 4.34875108146e-10, 2.64606891953e-10, 1.93896107503e-10, 1.95691324256e-10, 7.66993635271e-10, 2.47682235832e-10, 1.28852151171e-10, 4.23245570536e-11, 7.9397863284e-11, 4.07096925614e-11, 3.61010006611e-11, 1.00980571127e-10, 6.67436661494e-11, 3.63131295866e-11, 3.86186048418e-11, 2.00834626707e-11, 1.11799120309e-11, 1.45445530619e-11, 6.12020850665e-12],
        "dvar2": [2.23371880566e-05, 5.8769237512e-05, 1.02948697531e-05, 9.80321965471e-06, 6.58869623749e-07, 2.10638845033e-07, 2.0005474255e-07, 2.76215473605e-07, 3.71920663156e-07, 7.89952636637e-08, 8.77571864066e-08, 4.28510347206e-08, 5.77602321528e-08, 5.11674080883e-08, 8.4829046898e-08, 8.10959033259e-09, 3.97681709785e-08, 1.19410810129e-08, 1.8845502936e-08, 1.02523092238e-08, 3.05010927626e-09, 1.03271424745e-09, 5.91199977862e-10, 5.16835352293e-10, 4.57774929075e-10, 1.61176882951e-09, 5.46501011112e-10, 3.37940148087e-10, 1.01332796321e-10, 1.8685539227e-10, 9.78400971352e-11, 7.57123530537e-11, 2.1796515981e-10, 1.32761607263e-10, 7.12524761415e-11, 9.89518328387e-11, 5.0869950613e-11, 2.78748499977e-11, 3.26433706455e-11, 1.30888373057e-11],
        "max": [0.0209643542767, 0.0374129600823, 0.016600465402, 0.0177168548107, 0.00596384285018, 0.00357711454853, 0.00496278423816, 0.0037904472556, 0.00648260815069, 0.00290362653323, 0.00275671156123, 0.00294767180458, 0.00307680177502, 0.0024690576829, 0.00270908116363, 0.00108039262705, 0.0025264818687, 0.00124484696425, 0.00148572202306, 0.00112467526924, 0.00117479311302, 0.000259201944573, 0.000242851383518, 0.000165142584592, 0.000155782254296, 0.000400133867515, 0.000237142434344, 0.000125124570332, 0.00010982096137, 0.000118347918033, 0.000111219240353, 0.000132698041853, 0.000265404960373, 0.00020127746393, 0.000173826716491, 0.000104324761196, 6.81144010741e-05, 7.5989672041e-05, 8.10316341813e-05, 4.19888019678e-05],
        "mean": [0.00312785897404, 0.00419886037707, 0.00110521609895, 0.00084761279868, 0.0004435540759, 0.000363968894817, 0.000353664305294, 0.000402851146646, 0.000433651352068, 0.000176295885467, 0.000101964062196, 0.000103701131593, 0.000114105292596, 8.91025629244e-05, 0.000118708288937, 5.37939122296e-05, 6.95209382684e-05, 3.97670919483e-05, 4.53485481557e-05, 3.68031614926e-05, 2.72224824585e-05, 2.21502032218e-05, 1.71202227648e-05, 1.14452614071e-05, 1.62040560099e-05, 2.48906235356e-05, 1.42696253533e-05, 7.21153446648e-06, 5.21038009538e-06, 5.09716574015e-06, 4.868025826e-06, 4.39525501861e-06, 4.40526355305e-06, 4.72786950922e-06, 3.70333464161e-06, 3.77057608603e-06, 2.74662738775e-06, 1.73379237367e-06, 1.6149365365e-06, 1.1796215631e-06],
        "median": [0.00201972085051, 0.00241394317709, 0.000541843357496, 0.000285218149656, 0.000200577283977, 0.000199456670089, 0.000251653720625, 0.000258489279076, 0.000166954327142, 8.614595572e-05, 4.18108684244e-05, 4.52478998341e-05, 4.27270279033e-05, 2.37906424445e-05, 2.90218831651e-05, 2.57031497313e-05, 2.44368347921e-05, 1.16619521577e-05, 9.47038188315e-06, 1.12277366497e-05, 1.08201784315e-05, 1.05706467366e-05, 8.6916370492e-06, 6.98430267221e-06, 9.8148775578e-06, 1.22970823213e-05, 7.42124575481e-06, 3.97038638766e-06, 2.57472152043e-06, 2.21299910663e-06, 2.4745211249e-06, 2.10706298276e-06, 2.13371231439e-06, 2.32321121985e-06, 1.45376714045e-06, 1.50990774728e-06, 1.03308525468e-06, 5.92215030792e-07, 5.2123380101e-07, 3.97733288082e-07],
        "min": [3.05535127154e-06, 5.55307269678e-06, 3.09369102069e-06, 1.25785948057e-06, 2.38601955971e-07, 3.06520462345e-07, 1.67164245113e-07, 2.35411604876e-07, 8.19225505211e-08, 1.18513057146e-07, 1.2352847989e-07, 7.25131670265e-08, 3.25683799929e-08, 6.40003179342e-08, 9.10254271957e-08, 3.33978036338e-08, 4.1931375705e-08, 3.9992020362e-08, 2.22423466312e-08, 2.36967654388e-08, 2.71936322349e-08, 1.87311250954e-08, 1.70283538381e-08, 6.81954182014e-09, 1.56083164171e-08, 1.74311143297e-08, 8.69535909942e-09, 5.84743009568e-09, 6.03217520379e-09, 4.78932893344e-09, 1.58736201961e-09, 9.01340169168e-10, 1.07089059842e-09, 1.59611712736e-10, 2.03708647173e-11, 2.52409690371e-11, 8.45772291178e-14, 6.73086803307e-14, 2.97767419174e-14, 3.29752365821e-14],
