{
"highlevel": {
    "danceability": {
        "all": {
            "danceable": 0.57091653347,
            "not_danceable": 0.429083496332
        },
        "probability": 0.57091653347,
        "value": "danceable"
    },
    "gender": {
        "all": {
            "female": 0.421602666378,
            "male": 0.578397333622
        },
        "probability": 0.578397333622,
        "value": "male"
    },
    "genre_dortmund": {
        "all": {
            "alternative": 0.390648275614,
            "blues": 0.0212219208479,
            "electronic": 0.0677858218551,
            "folkcountry": 0.0352620556951,
            "funksoulrnb": 0.00508386502042,
            "jazz": 0.0402394458652,
            "pop": 0.0168951991946,
            "raphiphop": 0.00966210570186,
            "rock": 0.41320130229
        },
        "probability": 0.41320130229,
        "value": "rock"
    },
    "genre_electronic": {
        "all": {
            "ambient": 0.506287157536,
            "dnb": 0.0598945394158,
            "house": 0.0929736196995,
            "techno": 0.015630017966,
            "trance": 0.325214654207
        },
        "probability": 0.506287157536,
        "value": "ambient"
    },
    "genre_rosamerica": {
        "all": {
            "cla": 0.0262346416712,
            "dan": 0.20847414434,
            "hip": 0.0206915643066,
            "jaz": 0.0208711735904,
            "pop": 0.104561775923,
            "rhy": 0.0356938093901,
            "roc": 0.546731233597,
            "spe": 0.0367416739464
        },
        "probability": 0.546731233597,
        "value": "roc"
    },
    "genre_tzanetakis": {
        "all": {
            "blu": 0.0626613423228,
            "cla": 0.0348169617355,
            "cou": 0.104475811124,
            "dis": 0.0784321576357,
            "hip": 0.15692435205,
            "jaz": 0.313974827528,
            "met": 0.0448166541755,
            "pop": 0.0627359300852,
            "reg": 0.0627360641956,
            "roc": 0.0784258767962
        },
        "probability": 0.313974827528,
        "value": "jaz"
    },
    "ismir04_rhythm": {
        "all": {
            "ChaChaCha": 0.28165653348,
            "Jive": 0.121828459203,
            "Quickstep": 0.0539658032358,
            "Rumba-American": 0.022320555523,
            "Rumba-International": 0.0515756867826,
            "Rumba-Misc": 0.00839202478528,
            "Samba": 0.211347222328,
            "Tango": 0.152628704906,
            "VienneseWaltz": 0.0867490842938,
            "Waltz": 0.00953592080623
        },
        "probability": 0.28165653348,
        "value": "ChaChaCha"
    },
    "mood_acoustic": {
        "all": {
            "acoustic": 0.0673056617379,
            "not_acoustic": 0.93269431591
        },
        "probability": 0.93269431591,
        "value": "not_acoustic"
    },
    "mood_aggressive": {
        "all": {
            "aggressive": 0.591861069202,
            "not_aggressive": 0.4081389606
        },
        "probability": 0.591861069202,
        "value": "aggressive"
    },
    "mood_electronic": {
        "all": {
            "electronic": 0.705930233002,
            "not_electronic": 0.294069766998
        },
        "probability": 0.705930233002,
        "value": "electronic"
    },
    "mood_happy": {
        "all": {
            "happy": 0.00458814250305,
            "not_happy": 0.995411872864
        },
        "probability": 0.995411872864,
        "value": "not_happy"
    },
    "mood_party": {
        "all": {
            "not_party": 0.664888381958,
            "party": 0.335111647844
        },
        "probability": 0.664888381958,
        "value": "not_party"
    },
    "mood_relaxed": {
        "all": {
            "not_relaxed": 0.376973241568,
            "relaxed": 0.623026788235
        },
        "probability": 0.623026788235,
        "value": "relaxed"
    },
    "mood_sad": {
        "all": {
            "not_sad": 0.821214318275,
            "sad": 0.178785651922
        },
        "probability": 0.821214318275,
        "value": "not_sad"
    },
    "moods_mirex": {
        "all": {
            "Cluster1": 0.295558452606,
            "Cluster2": 0.0563216917217,
            "Cluster3": 0.122862130404,
            "Cluster4": 0.0523548237979,
            "Cluster5": 0.47290289402
        },
        "probability": 0.47290289402,
        "value": "Cluster5"
    },
    "timbre": {
        "all": {
            "bright": 0.0152152189985,
            "dark": 0.984784781933
        },
        "probability": 0.984784781933,
        "value": "dark"
    },
    "tonal_atonal": {
        "all": {
            "atonal": 0.308967143297,
            "tonal": 0.6910328269
        },
        "probability": 0.6910328269,
        "value": "tonal"
    },
    "voice_instrumental": {
        "all": {
            "instrumental": 0.0521836206317,
            "voice": 0.947816371918
        },
        "probability": 0.947816371918,
        "value": "voice"
    }
},
"lowlevel": {
    "average_loudness": 0.949844539165,
    "barkbands_crest": {
        "dmean": 2.91580319405,
        "dmean2": 4.68076896667,
        "dvar": 6.74884366989,
        "dvar2": 16.8355903625,
        "max": 24.0102386475,
        "mean": 11.1154251099,
        "median": 10.5772542953,
        "min": 3.94404006004,
        "var": 14.2763605118
    },
    "barkbands_flatness_db": {
        "dmean": 0.0252824649215,
        "dmean2": 0.0392712950706,
        "dvar": 0.000496964028571,
        "dvar2": 0.00117330625653,
        "max": 0.408782333136,
        "mean": 0.187684595585,
        "median": 0.17927390337,
        "min": 0.0584949329495,
        "var": 0.00312687130645
    },
    "barkbands_kurtosis": {
        "dmean": 4.20414018631,
        "dmean2": 6.64478445053,
        "dvar": 33.5488624573,
        "dvar2": 82.1211471558,
        "max": 84.1838760376,
        "mean": 6.72309446335,
        "median": 4.60316944122,
        "min": -1.69582903385,
        "var": 61.0067367554
    },
    "barkbands_skewness": {
        "dmean": 0.656794965267,
        "dmean2": 1.00341486931,
        "dvar": 0.400211215019,
        "dvar2": 0.949127912521,
        "max": 8.23861217499,
        "mean": 2.1886715889,
        "median": 2.08728098869,
        "min": -1.26090884209,
        "var": 1.24927997589
    },
    "barkbands_spread": {
        "dmean": 4.38230276108,
        "dmean2": 6.71696043015,
        "dvar": 19.5656299591,
        "dvar2": 41.4468688965,
        "max": 69.2791824341,
        "mean": 15.2044334412,
        "median": 13.5701904297,
        "min": 0.769409775734,
        "var": 85.5040512085
    },
    "dissonance": {
        "dmean": 0.0149249602109,
        "dmean2": 0.0247393455356,
        "dvar": 0.000205158008612,
        "dvar2": 0.000534926657565,
        "max": 0.5,
        "mean": 0.471370607615,
        "median": 0.476376652718,
        "min": 0.350599318743,
        "var": 0.00037566840183
    },
    "dynamic_complexity": 3.13590860367,
    "erbbands_crest": {
        "dmean": 2.217856884,
        "dmean2": 3.59322690964,
        "dvar": 4.57218456268,
        "dvar2": 11.7622947693,
        "max": 20.2508831024,
        "mean": 7.33025550842,
        "median": 6.41296815872,
        "min": 2.37369632721,
        "var": 11.4627380371
    },
    "erbbands_flatness_db": {
        "dmean": 0.0145258773118,
        "dmean2": 0.0198943931609,
        "dvar": 0.000192187420907,
        "dvar2": 0.000370687892428,
        "max": 0.339302212,
        "mean": 0.17130883038,
        "median": 0.153940930963,
        "min": 0.0592377446592,
        "var": 0.00398010015488
    },
    "erbbands_kurtosis": {
        "dmean": 0.562565743923,
        "dmean2": 0.87722659111,
        "dvar": 0.466110855341,
        "dvar2": 1.03540229797,
        "max": 7.50879478455,
        "mean": -0.286148071289,
        "median": -0.62655210495,
        "min": -1.66867804527,
        "var": 1.18826532364
    },
    "erbbands_skewness": {
        "dmean": 0.304174035788,
        "dmean2": 0.462686568499,
        "dvar": 0.0819267109036,
        "dvar2": 0.184191286564,
        "max": 2.45009016991,
        "mean": 0.236229613423,
        "median": 0.273304849863,
        "min": -2.00923299789,
        "var": 0.327046245337
    },
    "erbbands_spread": {
        "dmean": 7.84150075912,
        "dmean2": 11.8153381348,
        "dvar": 49.6406173706,
        "dvar2": 112.54561615,
        "max": 111.779212952,
        "mean": 42.5140190125,
        "median": 41.5259246826,
        "min": 8.68689346313,
        "var": 260.581176758
    },
    "hfc": {
        "dmean": 4.89514875412,
        "dmean2": 7.44719171524,
        "dvar": 38.7322158813,
        "dvar2": 91.9444198608,
        "max": 81.6760177612,
        "mean": 18.2667751312,
        "median": 17.3162269592,
        "min": 0.0406657494605,
        "var": 169.561279297
    },
    "melbands_crest": {
        "dmean": 3.51233363152,
        "dmean2": 5.57438564301,
        "dvar": 9.51828098297,
        "dvar2": 24.6223106384,
        "max": 31.3921165466,
        "mean": 16.0815219879,
        "median": 16.0990180969,
        "min": 3.83420538902,
        "var": 22.209728241
    },
    "melbands_flatness_db": {
        "dmean": 0.032350897789,
        "dmean2": 0.048870049417,
        "dvar": 0.000782315968536,
        "dvar2": 0.00182039791252,
        "max": 0.54257106781,
        "mean": 0.255901962519,
        "median": 0.24680711329,
        "min": 0.0994799211621,
        "var": 0.00471951952204
    },
    "melbands_kurtosis": {
        "dmean": 10.3807783127,
        "dmean2": 16.4282875061,
        "dvar": 200.953170776,
        "dvar2": 503.955169678,
        "max": 172.406738281,
        "mean": 19.3128261566,
        "median": 14.0527839661,
        "min": -1.59851133823,
        "var": 350.634338379
    },
    "melbands_skewness": {
        "dmean": 0.930161237717,
        "dmean2": 1.42992424965,
        "dvar": 0.790791511536,
        "dvar2": 1.90491712093,
        "max": 10.4370326996,
        "mean": 3.4332742691,
        "median": 3.28031277657,
        "min": -0.329761087894,
        "var": 2.46096205711
    },
    "melbands_spread": {
        "dmean": 4.61578798294,
        "dmean2": 7.00699043274,
        "dvar": 23.0092105865,
        "dvar2": 47.7771034241,
        "max": 69.5190353394,
        "mean": 13.7645301819,
        "median": 11.7555732727,
        "min": 0.63202047348,
        "var": 90.7273635864
    },
    "pitch_salience": {
        "dmean": 0.0871964991093,
        "dmean2": 0.142050623894,
        "dvar": 0.0056103495881,
        "dvar2": 0.0150425247848,
        "max": 0.819226562977,
        "mean": 0.51980483532,
        "median": 0.522784411907,
        "min": 0.130676910281,
        "var": 0.0153638580814
    },
    "silence_rate_20dB": {
        "dmean": 0,
        "dmean2": 0,
        "dvar": 0,
        "dvar2": 0,
        "max": 1,
        "mean": 1,
        "median": 1,
        "min": 1,
        "var": 0
    },
    "silence_rate_30dB": {
        "dmean": 0.0851393193007,
        "dmean2": 0.169635936618,
        "dvar": 0.0778899416327,
        "dvar2": 0.157901674509,
        "max": 1,
        "mean": 0.901778817177,
        "median": 1,
        "min": 0,
        "var": 0.0885758176446
    },
    "silence_rate_60dB": {
        "dmean": 0.0061919502914,
        "dmean2": 0.0123934932053,
        "dvar": 0.00615357840434,
        "dvar2": 0.0153384115547,
        "max": 1,
        "mean": 0.0742459371686,
        "median": 0,
        "min": 0,
        "var": 0.0687337294221
    },
    "spectral_centroid": {
        "dmean": 240.556381226,
        "dmean2": 373.406555176,
        "dvar": 53784.9492188,
        "dvar2": 117157.109375,
        "max": 2979.1628418,
        "mean": 1015.40466309,
        "median": 964.225524902,
        "min": 152.673843384,
        "var": 194849.328125
    },
    "spectral_complexity": {
        "dmean": 4.43730640411,
        "dmean2": 6.66769933701,
        "dvar": 16.9349441528,
        "dvar2": 35.9615859985,
        "max": 53,
        "mean": 22.0843009949,
        "median": 22,
        "min": 0,
        "var": 104.304595947
    },
    "spectral_decrease": {
        "dmean": 5.43586775592e-09,
        "dmean2": 8.41509706362e-09,
        "dvar": 4.55916410302e-17,
        "dvar2": 1.04057540966e-16,
        "max": -1.61723672648e-11,
        "mean": -1.34727802248e-08,
        "median": -1.21204637438e-08,
        "min": -5.82786690018e-08,
        "var": 1.15451490683e-16
    },
    "spectral_energy": {
        "dmean": 0.0207768045366,
        "dmean2": 0.0321918800473,
        "dvar": 0.000665208615828,
        "dvar2": 0.00151782599278,
        "max": 0.221853271127,
        "mean": 0.0525061897933,
        "median": 0.0474882163107,
        "min": 6.47265987936e-05,
        "var": 0.00170697667636
    },
    "spectral_energyband_high": {
        "dmean": 0.000273293990176,
        "dmean2": 0.00039067081525,
        "dvar": 2.11852409393e-07,
        "dvar2": 4.37851497281e-07,
        "max": 0.011428385973,
        "mean": 0.000633493764326,
        "median": 0.000312688120175,
        "min": 2.13612576516e-08,
        "var": 9.95361688183e-07
    },
    "spectral_energyband_low": {
        "dmean": 0.0177490133792,
        "dmean2": 0.0274006277323,
        "dvar": 0.000571417040192,
        "dvar2": 0.00131847534794,
        "max": 0.208927944303,
        "mean": 0.0324665121734,
        "median": 0.024315521121,
        "min": 4.22332476546e-07,
        "var": 0.00120978441555
    },
    "spectral_energyband_middle_high": {
        "dmean": 0.0010663473513,
        "dmean2": 0.00165324960835,
        "dvar": 1.40496501899e-06,
        "dvar2": 3.32142599291e-06,
        "max": 0.0128942001611,
        "mean": 0.0034820958972,
        "median": 0.00323616038077,
        "min": 1.47377295434e-05,
        "var": 5.59122281629e-06
    },
    "spectral_energyband_middle_low": {
        "dmean": 0.00826428085566,
        "dmean2": 0.0135967098176,
        "dvar": 0.000148668128531,
        "dvar2": 0.000355642987415,
        "max": 0.107310548425,
        "mean": 0.0181583855301,
        "median": 0.0146104227751,
        "min": 4.70881386718e-05,
        "var": 0.000243822854827
    },
    "spectral_entropy": {
        "dmean": 0.156000986695,
        "dmean2": 0.230049565434,
        "dvar": 0.0244475435466,
        "dvar2": 0.0543131567538,
        "max": 8.40027809143,
        "mean": 7.43150186539,
        "median": 7.49844741821,
        "min": 5.8351726532,
        "var": 0.180512830615
    },
    "spectral_flux": {
        "dmean": 0.0353171564639,
        "dmean2": 0.0579681992531,
        "dvar": 0.00151638814714,
        "dvar2": 0.00402171164751,
        "max": 0.348483473063,
        "mean": 0.11230776459,
        "median": 0.113612696528,
        "min": 0.00612860871479,
        "var": 0.00473271124065
    },
    "spectral_kurtosis": {
        "dmean": 3.21646165848,
        "dmean2": 5.45858287811,
        "dvar": 28.2348384857,
        "dvar2": 71.0644989014,
        "max": 69.5849075317,
        "mean": 6.28336238861,
        "median": 3.65884256363,
        "min": 0.0928814411163,
        "var": 63.6908454895
    },
    "spectral_rms": {
        "dmean": 0.0012630217243,
        "dmean2": 0.00193509738892,
        "dvar": 1.85507110473e-06,
        "dvar2": 4.20027072323e-06,
        "max": 0.01471197512,
        "mean": 0.00648425146937,
        "median": 0.00680661201477,
        "min": 0.000251292454777,
        "var": 9.18006207939e-06
    },
    "spectral_rolloff": {
        "dmean": 267.947814941,
        "dmean2": 439.270721436,
        "dvar": 144147.765625,
        "dvar2": 329467.96875,
        "max": 6524.56054688,
        "mean": 751.181518555,
        "median": 559.86328125,
        "min": 64.599609375,
        "var": 592619.25
    },
    "spectral_skewness": {
        "dmean": 0.338955968618,
        "dmean2": 0.547524869442,
        "dvar": 0.182877480984,
        "dvar2": 0.457647025585,
        "max": 5.87315940857,
        "mean": 1.53931951523,
        "median": 1.37499260902,
        "min": 0.360720485449,
        "var": 0.48329731822
    },
    "spectral_spread": {
        "dmean": 402337.96875,
        "dmean2": 545506,
        "dvar": 366581121024,
        "dvar2": 550987563008,
        "max": 18278376,
        "mean": 3579254.25,
        "median": 3559207.25,
        "min": 898502.25,
        "var": 1.99288435507e+12
    },
    "spectral_strongpeak": {
        "dmean": 0.290676027536,
        "dmean2": 0.502383112907,
        "dvar": 0.190567106009,
        "dvar2": 0.507307231426,
        "max": 4.11815929413,
        "mean": 0.520002782345,
        "median": 0.42696633935,
        "min": 0.0280377175659,
        "var": 0.182146012783
    },
    "zerocrossingrate": {
        "dmean": 0.00716624548659,
        "dmean2": 0.00851825717837,
        "dvar": 4.33594905189e-05,
        "dvar2": 6.27011831966e-05,
        "max": 0.16748046875,
        "mean": 0.0363609045744,
        "median": 0.03271484375,
        "min": 0.00244140625,
        "var": 0.000421249336796
    },
    "barkbands": {
        "dmean": [0.000512126658577, 0.0138971358538, 0.00655343662947, 0.00404107477516, 0.00384112936445, 0.00123964867089, 0.00078309350647, 0.0012113727862, 0.00101344636641, 0.00043844760512, 0.000198980807909, 0.000213712424738, 0.000168719139765, 0.000164779179613, 0.000150971536641, 0.00016619390226, 0.000152834400069, 0.000164325756487, 0.000126610408188, 0.000111797889986, 9.15537966648e-05, 5.33888232894e-05, 4.66699530079e-05, 3.86048050132e-05, 2.88148548861e-05, 1.10106775537e-05, 5.33981436845e-09],
        "dmean2": [0.000697342737112, 0.0211366321892, 0.0114593198523, 0.00663081277162, 0.00645161652938, 0.00210500718094, 0.0013236918021, 0.00200523436069, 0.0016791257076, 0.000723626872059, 0.000325117260218, 0.000344522821251, 0.000282261637039, 0.000273277342785, 0.000246593292104, 0.000274215330137, 0.000243246133323, 0.000265003502136, 0.000204199095606, 0.000181728566531, 0.000138665011036, 8.17439140519e-05, 6.91976310918e-05, 4.93667394039e-05, 4.23100536864e-05, 1.75609748112e-05, 8.70998650981e-09],
        "dvar": [9.53127766934e-07, 0.000404083053581, 0.000102264384623, 3.80895435228e-05, 4.40700314357e-05, 4.78574656881e-06, 2.06821255233e-06, 6.02176487519e-06, 2.67256700681e-06, 4.23785593284e-07, 1.06098667629e-07, 8.24319883463e-08, 5.48458629623e-08, 5.50900161045e-08, 3.0202567558e-08, 5.28314814119e-08, 4.55668320853e-08, 4.80439155126e-08, 2.71722182532e-08, 2.96841076164e-08, 1.94729814496e-08, 1.16644054415e-08, 1.01514894268e-08, 1.14019167441e-08, 7.14933312551e-09, 2.30871388673e-09, 2.17649859181e-15],
        "dvar2": [1.64574043993e-06, 0.000858827203047, 0.000299030449241, 9.20921447687e-05, 0.000114396090794, 1.33437933982e-05, 5.46550063518e-06, 1.53082510224e-05, 7.41663188819e-06, 1.16208980216e-06, 2.61105043364e-07, 2.32476011774e-07, 1.42847611073e-07, 1.45667470974e-07, 7.96869343844e-08, 1.3802423382e-07, 1.07905023583e-07, 1.13406670721e-07, 6.92390287327e-08, 7.58917835242e-08, 4.70519196938e-08, 2.71863473955e-08, 2.32586714333e-08, 1.71290146511e-08, 1.51327590459e-08, 6.34082031326e-09, 2.50137278478e-15],
        "max": [0.0100506581366, 0.188916876912, 0.0799383074045, 0.0523474104702, 0.0603766851127, 0.0278903245926, 0.0217561330646, 0.0305999610573, 0.0223462544382, 0.00667455606163, 0.00513918418437, 0.0037948677782, 0.00330743775703, 0.00423198007047, 0.00150136707816, 0.00341745885089, 0.00426494190469, 0.00341680971906, 0.00185305497143, 0.00361923477612, 0.00181069143582, 0.00230646179989, 0.00210787868127, 0.00235576112755, 0.00170028710272, 0.000727221311536, 1.60727313414e-06],
        "mean": [0.000700097822119, 0.0208830833435, 0.00872350577265, 0.00530841806903, 0.00561253819615, 0.00190482358448, 0.001303430181, 0.00202602311037, 0.00181524676736, 0.00076182076009, 0.000333762582159, 0.000391419831431, 0.000304892397253, 0.000306533649564, 0.000262698100414, 0.000308006012347, 0.000289433228318, 0.00031503973878, 0.000232192149269, 0.000217131106183, 0.00017261490575, 0.000110782770207, 9.7645635833e-05, 6.99122101651e-05, 4.15760587202e-05, 1.3603294974e-05, 4.32711733112e-09],
        "median": [0.000210149868508, 0.0123611781746, 0.00587536441162, 0.00259057804942, 0.00351612525992, 0.00108869397081, 0.000654380070046, 0.000739747541957, 0.00102301582228, 0.000442125165137, 0.00015529038501, 0.000279151485302, 0.000224947201787, 0.000240537978243, 0.000199707166757, 0.000222587230382, 0.000212734594243, 0.000236398016568, 0.000168045473401, 0.00014913463383, 9.31739268708e-05, 4.52761487395e-05, 3.0003115171e-05, 1.23570916912e-05, 5.65683103559e-06, 1.89261163541e-06, 5.16054865507e-10],
        "min": [9.91361298608e-11, 1.08415925126e-07, 3.04328636958e-07, 2.61333667595e-07, 5.92213109485e-06, 1.11924953217e-06, 4.91041373607e-06, 2.32373190556e-06, 1.44694524806e-06, 1.43699571709e-06, 8.19020613108e-07, 4.31358330388e-06, 6.11118252891e-07, 4.6742604809e-07, 1.28299598146e-06, 2.34339537997e-07, 2.11866080235e-07, 2.84484201529e-07, 5.20882963428e-08, 1.45393119766e-08, 7.67267405166e-09, 1.47461953759e-09, 7.33850868961e-10, 4.18856699325e-10, 4.67776650748e-10, 1.24064309173e-11, 1.3250941143e-11],
        "var": [1.82515202596e-06, 0.000750129169319, 0.000107554726128, 4.78563088109e-05, 4.51752384834e-05, 6.44533974992e-06, 4.09713402405e-06, 1.23391673696e-05, 6.07167021371e-06, 7.85415124938e-07, 2.33148853113e-07, 1.43029240007e-07, 9.55465253583e-08, 1.1035902503e-07, 5.55988606266e-08, 1.31432287276e-07, 1.04808968615e-07, 1.14514421057e-07, 5.3554018109e-08, 6.9759956034e-08, 4.91967675487e-08, 4.17571612843e-08, 4.510610907e-08, 3.62873926463e-08, 1.27075301393e-08, 2.03382688468e-09, 2.12162208002e-15]
    },
    "erbbands": {
        "dmean": [0.495180666447, 2.9896094799, 7.23258590698, 9.17957305908, 16.2174453735, 11.677854538, 11.5977468491, 10.1720991135, 11.1741504669, 14.4835720062, 25.5595149994, 20.0897846222, 18.0624332428, 11.3182983398, 7.32042503357, 7.34639453888, 7.30892276764, 7.68017053604, 7.41679191589, 8.04304218292, 9.10233402252, 8.84450340271, 8.92937088013, 6.84189081192, 5.85252094269, 5.41246700287, 4.81940364838, 2.81950449944, 2.05689477921, 1.66940772533, 1.25951993465, 0.894435346127, 0.625539183617, 0.364139437675, 0.189400553703, 0.0686954259872, 0.0179923288524, 0.00127057405189, 3.16513105645e-05, 2.31442172662e-05],
        "dmean2": [0.711370289326, 4.76746368408, 12.4558115005, 15.3907747269, 26.5532073975, 20.5089931488, 19.9250965118, 17.1663913727, 19.2344036102, 23.814081192, 42.2016677856, 33.2664794922, 29.9999237061, 18.4207553864, 11.9435777664, 11.7424163818, 12.1238794327, 12.9308891296, 12.1941013336, 13.0654001236, 14.9072351456, 14.0614442825, 14.2234296799, 10.8515024185, 9.41260910034, 8.65310096741, 7.34476041794, 4.40579557419, 3.19472312927, 2.60909509659, 1.85127484798, 1.21474123001, 0.812951385975, 0.529877126217, 0.288836658001, 0.106691531837, 0.0287174582481, 0.00212029437535, 5.01901522512e-05, 3.6113182432e-05],
        "dvar": [0.724411249161, 16.7159938812, 112.668502808, 187.744903564, 842.22668457, 367.337219238, 381.349243164, 352.357055664, 508.492645264, 652.824645996, 2518.32788086, 1293.28771973, 659.001464844, 310.277038574, 107.757293701, 97.4904327393, 106.314460754, 118.644195557, 110.42212677, 87.0987319946, 179.557891846, 168.34928894, 130.780059814, 85.4206314087, 66.1377487183, 72.7675552368, 48.2983322144, 24.3220653534, 20.171251297, 15.0188932419, 7.51450634003, 5.72640037537, 3.18111109734, 1.22702169418, 0.323650836945, 0.0686461031437, 0.00748177943751, 4.37910166511e-05, 1.50444030567e-08, 8.32389046579e-10],
        "dvar2": [1.37834513187, 40.969669342, 326.913848877, 504.630218506, 1985.01550293, 1013.19598389, 1044.22253418, 969.00592041, 1394.07861328, 1584.21875, 6483.49560547, 3639.3203125, 1804.94128418, 828.50177002, 282.37689209, 279.375946045, 268.308105469, 318.154205322, 294.566162109, 225.577804565, 443.774688721, 402.192047119, 316.998413086, 210.441864014, 168.876373291, 179.77243042, 119.178535461, 59.2107124329, 47.0409927368, 40.8260002136, 16.367931366, 9.85399246216, 5.12931489944, 2.5070400238, 0.735113620758, 0.181109622121, 0.02074852027, 0.000124788697576, 4.22499404351e-08, 1.90860749427e-09],
        "max": [7.39293146133, 36.8626861572, 82.431350708, 99.8010177612, 236.134506226, 155.891418457, 185.837280273, 274.628723145, 348.166503906, 382.262695312, 778.515563965, 534.367919922, 302.35168457, 220.546081543, 109.365814209, 142.042541504, 150.167709351, 225.862838745, 148.638305664, 100.824020386, 225.186401367, 290.721740723, 152.485794067, 119.244140625, 85.0295333862, 219.288101196, 89.0199203491, 71.028465271, 102.594673157, 87.1181335449, 58.7530250549, 56.2272796631, 44.7862739563, 21.3792095184, 9.37209320068, 4.09542322159, 1.30464494228, 0.119839310646, 0.00215647812001, 0.000240143417614],
        "mean": [0.650446355343, 4.47161054611, 10.4456748962, 13.2274675369, 21.9261856079, 15.2096700668, 16.5808410645, 16.3086452484, 18.4666442871, 27.0163860321, 44.5799179077, 37.3385848999, 33.0966377258, 21.3208580017, 14.6427001953, 14.7861680984, 14.3737916946, 14.625289917, 14.16639328, 14.9085855484, 17.6219596863, 17.7559490204, 18.0954589844, 13.1350421906, 11.272611618, 10.6525230408, 8.94593238831, 5.19855165482, 4.12269449234, 3.48703622818, 2.60477018356, 1.63446950912, 1.05829441547, 0.549617230892, 0.256049126387, 0.0869164913893, 0.0213254727423, 0.00136856583413, 5.61827728234e-05, 6.13203155808e-05],
        "median": [0.264714419842, 2.87213206291, 7.59025144577, 8.78329658508, 13.5804395676, 8.96256446838, 9.94820022583, 8.87428855896, 9.41113567352, 12.7241811752, 18.6725826263, 22.5686798096, 21.242515564, 13.5620698929, 8.80215072632, 10.8781909943, 11.0035276413, 11.7297468185, 10.5826406479, 12.749464035, 12.664525032, 13.6195554733, 14.2414236069, 10.007027626, 8.08254051208, 7.16246843338, 5.43874692917, 2.28248953819, 1.66015207767, 1.27762079239, 0.783863842487, 0.349549204111, 0.168055191636, 0.0715053677559, 0.0330546237528, 0.0117752309889, 0.00247230380774, 0.000155731089762, 3.21857114614e-05, 5.5633867305e-05],
        "min": [1.82783628588e-06, 3.31368173647e-05, 0.000269250158453, 0.00072288303636, 0.00606167176738, 0.0283780489117, 0.0196256283671, 0.018578665331, 0.0499110035598, 0.123271591961, 0.0497750788927, 0.0471712760627, 0.0938255861402, 0.0561438314617, 0.0653827786446, 0.178700536489, 0.0742355957627, 0.0667953491211, 0.0412435121834, 0.0623909123242, 0.0176142118871, 0.0121061615646, 0.0166422110051, 0.00466122757643, 0.00174090475775, 0.000857758277562, 0.000501937058289, 0.000175617969944, 7.18350856914e-05, 3.94333255826e-05, 2.13761850318e-05, 1.3047210814e-05, 7.8489565567e-06, 5.927726761e-06, 4.82155201098e-06, 1.55626219112e-06, 2.22859995347e-07, 4.54736195366e-08, 3.79093130221e-08, 7.47209938368e-08],
        "var": [1.20376992226, 28.5395755768, 133.787536621, 219.973556519, 899.628601074, 365.74017334, 464.571350098, 481.809753418, 937.342102051, 1454.23913574, 5364.32617188, 2859.98120117, 1378.26879883, 638.981445312, 252.841964722, 186.478820801, 189.636260986, 220.776702881, 212.00617981, 162.680557251, 459.470367432, 399.458343506, 325.46774292, 164.433364868, 138.870407104, 186.299041748, 115.8151474, 60.3929214478, 64.9257049561, 51.5888252258, 30.1579303741, 16.9512023926, 9.04471206665, 2.28350067139, 0.504879236221, 0.0736904516816, 0.00593692390248, 2.98892719002e-05, 1.25339720825e-08, 2.21943552425e-09]
    },
    "gfcc": {
        "mean": [-12.7955560684, 141.53855896, -127.157653809, 43.4390182495, -48.6344299316, 5.40080499649, -25.1934356689, 5.80499315262, -17.0021305084, -7.06597661972, -14.0555725098, -9.05581569672, -8.2590341568],
        "cov": [[9541.4296875, -3219.62255859, 2260.77612305, 1482.83276367, -1117.76879883, 1641.28173828, -442.234954834, 1304.2989502, -10.8661699295, 907.911865234, -255.065093994, 385.353668213, 37.8222160339], [-3219.62255859, 1825.5501709, -721.9765625, -521.594116211, 580.595581055, -631.14666748, 361.755126953, -441.759338379, 178.631774902, -320.628875732, 228.133560181, -158.279327393, 88.8848419189], [2260.77612305, -721.9765625, 1070.96166992, 311.733764648, -284.719787598, 512.19720459, -91.6952972412, 393.735107422, -0.363723278046, 282.743621826, -60.5664978027, 128.594406128, 23.877117157], [1482.83276367, -521.594116211, 311.733764648, 433.191864014, -143.794799805, 263.475921631, -21.08867836, 190.361022949, 35.1131324768, 92.5622406006, -4.9745259285, 27.6796989441, 54.5934066772], [-1117.76879883, 580.595581055, -284.719787598, -143.794799805, 326.994445801, -224.867630005, 117.225654602, -153.997055054, 41.317199707, -106.534599304, 57.8570175171, -43.0026855469, 25.4130706787], [1641.28173828, -631.14666748, 512.19720459, 263.475921631, -224.867630005, 396.258270264, -71.166053772, 260.569946289, -3.12299776077, 175.624679565, -38.5930137634, 71.8817138672, 19.0164222717], [-442.234954834, 361.755126953, -91.6952972412, -21.08867836, 117.225654602, -71.166053772, 184.055160522, -27.9765148163, 88.2275390625, -35.3355064392, 75.0106811523, -23.2311058044, 44.4054985046], [1304.2989502, -441.759338379, 393.735107422, 190.361022949, -153.997055054, 260.569946289, -27.9765148163, 274.179656982, 34.3844070435, 165.640213013, -21.2649002075, 74.6964797974, 20.72215271], [-10.8661699295, 178.631774902, -0.363723278046, 35.1131324768, 41.317199707, -3.12299776077, 88.2275390625, 34.3844070435, 123.583007812, 15.2717170715, 66.4577331543, -3.67388248444, 39.5181388855], [907.911865234, -320.628875732, 282.743621826, 92.5622406006, -106.534599304, 175.624679565, -35.3355064392, 165.640213013, 15.2717170715, 178.663619995, -8.15556335449, 68.0570526123, 0.950667977333], [-255.065093994, 228.133560181, -60.5664978027, -4.9745259285, 57.8570175171, -38.5930137634, 75.0106811523, -21.2649002075, 66.4577331543, -8.15556335449, 97.9815444946, -2.49637579918, 46.1973381042], [385.353668213, -158.279327393, 128.594406128, 27.6796989441, -43.0026855469, 71.8817138672, -23.2311058044, 74.6964797974, -3.67388248444, 68.0570526123, -2.49637579918, 77.0326461792, 10.2484550476], [37.8222160339, 88.8848419189, 23.877117157, 54.5934066772, 25.4130706787, 19.0164222717, 44.4054985046, 20.72215271, 39.5181388855, 0.950667977333, 46.1973381042, 10.2484550476, 87.1902313232]],
        "icov": [[0.000938359531574, -0.00102072476875, 0.000305745983496, -0.00247119157575, 0.000974790542386, -0.0015177517198, 0.00108639406972, -0.00130927923601, 0.00046693123295, -0.00175215199124, 0.00161882012617, -0.00136817980092, 0.0010124478722], [-0.00102072476875, 0.010609107092, -0.00362390908413, 0.00975157227367, -0.00608561467379, 0.00725199468434, -0.00623455224559, 0.00401981407776, -0.00627053761855, 0.00618220167235, -0.00894588138908, 0.00832693558186, -0.00653822068125], [0.000305745983496, -0.00362390908413, 0.00403749570251, -0.00300651416183, 0.00186173559632, -0.0050854999572, 0.00194866582751, -0.00238821911626, 0.00234713871032, -0.00293941539712, 0.00363711593673, -0.00337547506206, 0.00191810529213], [-0.00247119157575, 0.00975157227367, -0.00300651416183, 0.0164088811725, -0.00606820406392, 0.00526171410456, -0.00617322558537, 0.00390970474109, -0.00641016568989, 0.00894260965288, -0.00937800481915, 0.0102466279641, -0.00891186203808], [0.000974790542386, -0.00608561467379, 0.00186173559632, -0.00606820406392, 0.00998847000301, -0.00196251575835, 0.00121055019554, -0.00143820594531, 0.00318757863715, -0.00416261143982, 0.00583006441593, -0.00545042008162, 0.00246502598748], [-0.0015177517198, 0.00725199468434, -0.0050854999572, 0.00526171410456, -0.00196251575835, 0.018688460812, -0.00459080794826, -0.000619816593826, -0.00194813532289, 0.00323666096665, -0.00729690212756, 0.00735772121698, -0.00580600230023], [0.00108639406972, -0.00623455224559, 0.00194866582751, -0.00617322558537, 0.00121055019554, -0.00459080794826, 0.0154411941767, -0.00447038793936, -0.00125443015713, -0.00271176011302, 0.00206808862276, -0.00331872398965, 0.00295534986071], [-0.00130927923601, 0.00401981407776, -0.00238821911626, 0.00390970474109, -0.00143820594531, -0.000619816593826, -0.00447038793936, 0.0195782631636, -0.00789005775005, -0.00268892641179, 0.00130898656789, -0.000569937808905, -0.00416713068262], [0.00046693123295, -0.00627053761855, 0.00234713871032, -0.00641016568989, 0.00318757863715, -0.00194813532289, -0.00125443015713, -0.00789005775005, 0.0224456507713, -0.00475350162014, -0.00382463820279, -0.00130157871172, 0.00362866511568], [-0.00175215199124, 0.00618220167235, -0.00293941539712, 0.00894260965288, -0.00416261143982, 0.00323666096665, -0.00271176011302, -0.00268892641179, -0.00475350162014, 0.0219683330506, -0.00970603525639, -0.000246862909989, -0.000722514057998], [0.00161882012617, -0.00894588138908, 0.00363711593673, -0.00937800481915, 0.00583006441593, -0.00729690212756, 0.00206808862276, 0.00130898656789, -0.00382463820279, -0.00970603525639, 0.0319079235196, -0.0100619671866, -0.0020629693754], [-0.00136817980092, 0.00832693558186, -0.00337547506206, 0.0102466279641, -0.00545042008162, 0.00735772121698, -0.00331872398965, -0.000569937808905, -0.00130157871172, -0.000246862909989, -0.0100619671866, 0.0295761730522, -0.00912970956415], [0.0010124478722, -0.00653822068125, 0.00191810529213, -0.00891186203808, 0.00246502598748, -0.00580600230023, 0.00295534986071, -0.00416713068262, 0.00362866511568, -0.000722514057998, -0.0020629693754, -0.00912970956415, 0.0233125574887]]
    },
    "melbands": {
        "dmean": [0.00406305864453, 0.00351415853947, 0.0018359037349, 0.00092594162561, 0.00042541892617, 0.000223373062909, 0.000165564881172, 0.000193278785446, 0.000192827748833, 0.000132324712467, 9.30409441935e-05, 5.03119990753e-05, 2.67440009338e-05, 2.57058964053e-05, 1.92993175006e-05, 1.59879982675e-05, 1.49448442244e-05, 1.33532312248e-05, 1.16496139526e-05, 1.08342646854e-05, 1.1238587831e-05, 9.4867318694e-06, 9.83179688774e-06, 7.53680342314e-06, 5.96233894612e-06, 4.54380369774e-06, 3.86660667573e-06, 4.02128171118e-06, 3.56997998097e-06, 2.19976300286e-06, 1.59779256137e-06, 1.3353317172e-06, 9.83833274404e-07, 1.00554962046e-06, 8.12204291378e-07, 6.44605222533e-07, 5.83329722303e-07, 4.98381439229e-07, 3.4313325159e-07, 3.15490268576e-07],
        "dmean2": [0.00594255980104, 0.00592200225219, 0.00301808142103, 0.00155994028319, 0.000729876221158, 0.000378409313271, 0.000283199275145, 0.000318508886266, 0.000316421792377, 0.000219534893404, 0.000154092849698, 8.25924653327e-05, 4.37524613517e-05, 4.19543757744e-05, 3.14025637635e-05, 2.68918411166e-05, 2.50352986768e-05, 2.2167676434e-05, 1.91182352864e-05, 1.77286947292e-05, 1.83145784831e-05, 1.54314402607e-05, 1.55547440954e-05, 1.22844667203e-05, 9.54990900937e-06, 7.35032153898e-06, 6.30608701613e-06, 6.51614391245e-06, 5.55358747079e-06, 3.43644023815e-06, 2.51547021435e-06, 2.16443118006e-06, 1.48168953729e-06, 1.61005584687e-06, 1.21009281884e-06, 9.43507473039e-07, 7.94502909685e-07, 6.63563128001e-07, 4.9199525165e-07, 4.786121508e-07],
        "dvar": [4.00461394747e-05, 2.38754273596e-05, 7.40566792956e-06, 2.61699256043e-06, 4.70015720566e-07, 1.63578022239e-07, 1.04262355194e-07, 1.26626389374e-07, 1.30933685227e-07, 4.52690827046e-08, 1.70755125595e-08, 6.32457686223e-09, 1.7984682632e-09, 1.45699030618e-09, 5.8495358557e-10, 6.01233007824e-10, 4.94738472412e-10, 4.18975604211e-10, 1.89105425763e-10, 1.93391649916e-10, 2.90412749404e-10, 2.34905372931e-10, 1.85009021991e-10, 1.14902164172e-10, 6.94427571002e-11, 4.05180160257e-11, 2.92669187496e-11, 4.92981037936e-11, 2.64924106957e-11, 1.49214234718e-11, 8.47387524733e-12, 9.31200429266e-12, 4.03372300839e-12, 6.7174859425e-12, 3.14012726411e-12, 2.39638083682e-12, 2.83844779278e-12, 2.33080655471e-12, 9.73958760864e-13, 9.45619992899e-13],
        "dvar2": [7.96590684331e-05, 6.69286600896e-05, 1.82386575034e-05, 6.65411062073e-06, 1.27859846089e-06, 4.50642232863e-07, 2.81499239918e-07, 3.13707261057e-07, 3.41411208638e-07, 1.27592528543e-07, 4.67740974841e-08, 1.71910325975e-08, 4.64756810814e-09, 4.09921785405e-09, 1.56541302143e-09, 1.59684532264e-09, 1.31591959551e-09, 1.11018927385e-09, 5.00851304874e-10, 4.98784624714e-10, 7.1350481079e-10, 5.72799974119e-10, 4.32072627676e-10, 2.79135409231e-10, 1.76932177243e-10, 1.04651884381e-10, 7.50758483159e-11, 1.22521617851e-10, 6.72968278326e-11, 3.84381797225e-11, 2.09168602577e-11, 2.29343887631e-11, 9.08622049128e-12, 1.92153497974e-11, 7.19368878702e-12, 5.40532982957e-12, 4.84806682646e-12, 3.9119991968e-12, 2.02946405341e-12, 1.96618069048e-12],
        "max": [0.0578103549778, 0.0444616451859, 0.0190007407218, 0.0140970041975, 0.00610323110595, 0.00594450673088, 0.0050906795077, 0.0045125936158, 0.00567164132372, 0.00303257070482, 0.00148307450581, 0.000851592398249, 0.000601563951932, 0.000545330054592, 0.000241472720518, 0.00041951390449, 0.00051071861526, 0.00032200186979, 0.00012092320685, 0.000167234786204, 0.000301996275084, 0.000382048398023, 0.000282913155388, 0.000236696592765, 0.000104588129034, 6.27965346212e-05, 5.52453129785e-05, 0.000198446650757, 5.10479985678e-05, 6.01254287176e-05, 4.46881131211e-05, 6.91022287356e-05, 4.10771790484e-05, 6.37761986582e-05, 3.67211032426e-05, 2.63595302386e-05, 4.02530495194e-05, 3.98402517021e-05, 1.73737425939e-05, 1.72128620761e-05],
        "mean": [0.00576334446669, 0.00569096812978, 0.0027603849303, 0.00130445789546, 0.000616356439423, 0.000359556870535, 0.000277638988337, 0.000347416498698, 0.00034597388003, 0.000237351152464, 0.000164454453625, 8.95991179277e-05, 4.91605496791e-05, 4.42480450147e-05, 3.62241626135e-05, 2.89651470666e-05, 2.6888677894e-05, 2.32423790294e-05, 2.04663756449e-05, 1.90447408386e-05, 2.01958482648e-05, 1.71803349076e-05, 1.87867262866e-05, 1.40330748764e-05, 1.03540096461e-05, 8.28637803352e-06, 7.10564700057e-06, 7.20323350833e-06, 6.14817736277e-06, 3.83536234949e-06, 2.71765065918e-06, 2.42874352807e-06, 1.97127565116e-06, 1.93285632122e-06, 1.59354931384e-06, 1.11927738544e-06, 9.77697254712e-07, 8.23060986477e-07, 5.36301683951e-07, 4.35907054452e-07],
        "median": [0.00289645674638, 0.00440394040197, 0.00173691136297, 0.00078745407518, 0.00039169829688, 0.000197340501472, 0.000141080628964, 0.000143783050589, 0.000155087982421, 0.000138501200126, 0.000100014280179, 5.12543301738e-05, 2.44154289248e-05, 3.06081674353e-05, 2.66821189143e-05, 2.1868992917e-05, 2.08797755477e-05, 1.60808449436e-05, 1.61142834258e-05, 1.38531349876e-05, 1.40251022458e-05, 1.25374290292e-05, 1.3868424503e-05, 1.03243210106e-05, 7.46412524677e-06, 5.69424764763e-06, 4.98710960528e-06, 4.35239144281e-06, 3.6341014038e-06, 1.91147933037e-06, 1.05136280126e-06, 9.43679083321e-07, 7.43849966511e-07, 6.55496421587e-07, 4.76540918726e-07, 2.93304594834e-07, 1.70827348711e-07, 1.21780573181e-07, 7.99151891329e-08, 4.94082037505e-08],
        "min": [2.34940813471e-08, 1.1092450336e-07, 3.41359850609e-07, 1.18577600006e-06, 5.47229660697e-07, 4.35739821114e-07, 7.29966700419e-07, 1.29534259941e-06, 3.26253342564e-07, 2.87266686883e-07, 4.70318610724e-07, 1.72391580122e-07, 1.56847633548e-07, 3.61941403071e-07, 7.77121869078e-08, 7.50791215864e-08, 7.07776948161e-08, 5.8529931124e-08, 7.67416850067e-08, 4.58387283686e-08, 1.87448101485e-08, 1.18783791692e-08, 1.8462085194e-08, 8.80979911244e-09, 3.5095586437e-09, 1.27020760576e-09, 7.84841525103e-10, 5.33566635319e-10, 2.87784213127e-10, 1.78120782013e-10, 5.96881016834e-11, 4.2305301623e-11, 2.10886585972e-11, 1.10465586331e-11, 1.05174471562e-11, 7.1401812414e-12, 5.89538747681e-12, 4.4688610451e-12, 5.71855410247e-12, 1.734726837e-12],
