{
"highlevel": {
    "danceability": {
        "all": {
            "danceable": 0.929622292519,
            "not_danceable": 0.0703777372837
        },
        "probability": 0.929622292519,
        "value": "danceable"
    },
    "gender": {
        "all": {
            "female": 0.835189402103,
            "male": 0.164810627699
        },
        "probability": 0.835189402103,
        "value": "female"
    },
    "genre_dortmund": {
        "all": {
            "alternative": 0.0276239234954,
            "blues": 0.0489898622036,
            "electronic": 0.1425267905,
            "folkcountry": 0.0215049181134,
            "funksoulrnb": 0.189923107624,
            "jazz": 0.0280941072851,
            "pop": 0.196826413274,
            "raphiphop": 0.209581717849,
            "rock": 0.134929165244
        },
        "probability": 0.209581717849,
        "value": "raphiphop"
    },
    "genre_electronic": {
        "all": {
            "ambient": 0.12374330312,
            "dnb": 0.607291519642,
            "house": 0.0542722791433,
            "techno": 0.00968999322504,
            "trance": 0.205002903938
        },
        "probability": 0.607291519642,
        "value": "dnb"
    },
    "genre_rosamerica": {
        "all": {
            "cla": 0.000303871958749,
            "dan": 0.0391145013273,
            "hip": 0.00651621958241,
            "jaz": 0.000642550992779,
            "pop": 0.929148852825,
            "rhy": 0.00338196684606,
            "roc": 0.0207278113812,
            "spe": 0.000164246404893
        },
        "probability": 0.929148852825,
        "value": "pop"
    },
    "genre_tzanetakis": {
        "all": {
            "blu": 0.0626613423228,
            "cla": 0.0348169617355,
            "cou": 0.104475811124,
            "dis": 0.0784321576357,
            "hip": 0.15692435205,
            "jaz": 0.313974827528,
            "met": 0.0448166541755,
            "pop": 0.0627359300852,
            "reg": 0.0627360641956,
            "roc": 0.0784258767962
        },
        "probability": 0.313974827528,
        "value": "jaz"
    },
    "ismir04_rhythm": {
        "all": {
            "ChaChaCha": 0.0477742962539,
            "Jive": 0.237681716681,
            "Quickstep": 0.0466977469623,
            "Rumba-American": 0.00690804235637,
            "Rumba-International": 0.00885334052145,
            "Rumba-Misc": 0.00352395768277,
            "Samba": 0.622197628021,
            "Tango": 0.00253904378042,
            "VienneseWaltz": 0.0198096521199,
            "Waltz": 0.00401459028944
        },
        "probability": 0.622197628021,
        "value": "Samba"
    },
    "mood_acoustic": {
        "all": {
            "acoustic": 0.00361879449338,
            "not_acoustic": 0.996381223202
        },
        "probability": 0.996381223202,
        "value": "not_acoustic"
    },
    "mood_aggressive": {
        "all": {
            "aggressive": 0.554942309856,
            "not_aggressive": 0.445057690144
        },
        "probability": 0.554942309856,
        "value": "aggressive"
    },
    "mood_electronic": {
        "all": {
            "electronic": 0.462395608425,
            "not_electronic": 0.537604391575
        },
        "probability": 0.537604391575,
        "value": "not_electronic"
    },
    "mood_happy": {
        "all": {
            "happy": 0.833013176918,
            "not_happy": 0.166986852884
        },
        "probability": 0.833013176918,
        "value": "happy"
    },
    "mood_party": {
        "all": {
            "not_party": 0.222493171692,
            "party": 0.777506828308
        },
        "probability": 0.777506828308,
        "value": "party"
    },
    "mood_relaxed": {
        "all": {
            "not_relaxed": 0.986008822918,
            "relaxed": 0.0139911994338
        },
        "probability": 0.986008822918,
        "value": "not_relaxed"
    },
    "mood_sad": {
        "all": {
            "not_sad": 0.909918785095,
            "sad": 0.0900812000036
        },
        "probability": 0.909918785095,
        "value": "not_sad"
    },
    "moods_mirex": {
        "all": {
            "Cluster1": 0.14916369319,
            "Cluster2": 0.311261326075,
            "Cluster3": 0.15499278903,
            "Cluster4": 0.218961000443,
            "Cluster5": 0.165621191263
        },
        "probability": 0.311261326075,
        "value": "Cluster2"
    },
    "timbre": {
        "all": {
            "bright": 0.733962357044,
            "dark": 0.266037672758
        },
        "probability": 0.733962357044,
        "value": "bright"
    },
    "tonal_atonal": {
        "all": {
            "atonal": 0.146652653813,
            "tonal": 0.853347361088
        },
        "probability": 0.853347361088,
        "value": "tonal"
    },
    "voice_instrumental": {
        "all": {
            "instrumental": 0.00214078836143,
            "voice": 0.997859239578
        },
        "probability": 0.997859239578,
        "value": "voice"
    }
},
"lowlevel": {
    "average_loudness": 0.972076773643,
    "barkbands_crest": {
        "dmean": 2.59494829178,
        "dmean2": 3.98391437531,
        "dvar": 5.49686908722,
        "dvar2": 12.9493522644,
        "max": 23.6986789703,
        "mean": 9.91767978668,
        "median": 8.90461921692,
        "min": 2.54982233047,
        "var": 20.03358078
    },
    "barkbands_flatness_db": {
        "dmean": 0.0233872495592,
        "dmean2": 0.0334355682135,
        "dvar": 0.000492811494041,
        "dvar2": 0.00101090897806,
        "max": 0.348807483912,
        "mean": 0.118480153382,
        "median": 0.114771954715,
        "min": 0.0247657317668,
        "var": 0.00179075344931
    },
    "barkbands_kurtosis": {
        "dmean": 1.91565096378,
        "dmean2": 3.00682353973,
        "dvar": 20.1180305481,
        "dvar2": 38.9751319885,
        "max": 101.046783447,
        "mean": 1.31930804253,
        "median": -0.109253168106,
        "min": -1.86895668507,
        "var": 30.9273376465
    },
    "barkbands_skewness": {
        "dmean": 0.556899130344,
        "dmean2": 0.807420790195,
        "dvar": 0.354438513517,
        "dvar2": 0.742807328701,
        "max": 8.51866340637,
        "mean": 0.818140804768,
        "median": 0.620401918888,
        "min": -2.61863684654,
        "var": 1.30575728416
    },
    "barkbands_spread": {
        "dmean": 9.73300743103,
        "dmean2": 14.6946306229,
        "dvar": 127.094841003,
        "dvar2": 272.477233887,
        "max": 118.130325317,
        "mean": 35.1359634399,
        "median": 32.1877403259,
        "min": 1.37754929066,
        "var": 328.921844482
    },
    "dissonance": {
        "dmean": 0.0169137921184,
        "dmean2": 0.0287352539599,
        "dvar": 0.000251686520642,
        "dvar2": 0.000709667161573,
        "max": 0.49999499321,
        "mean": 0.472800314426,
        "median": 0.47857478261,
        "min": 0.370914578438,
        "var": 0.000431314692833
    },
    "dynamic_complexity": 1.50422179699,
    "erbbands_crest": {
        "dmean": 2.85056424141,
        "dmean2": 4.58325004578,
        "dvar": 6.96179771423,
        "dvar2": 16.6837882996,
        "max": 27.7114315033,
        "mean": 8.80963611603,
        "median": 7.95845890045,
        "min": 2.28914213181,
        "var": 16.8953342438
    },
    "erbbands_flatness_db": {
        "dmean": 0.0221168249846,
        "dmean2": 0.0312783755362,
        "dvar": 0.000455991394119,
        "dvar2": 0.000809540855698,
        "max": 0.349172085524,
        "mean": 0.145143136382,
        "median": 0.141842544079,
        "min": 0.051789816469,
        "var": 0.00236309808679
    },
    "erbbands_kurtosis": {
        "dmean": 1.00866186619,
        "dmean2": 1.62777042389,
        "dvar": 2.02372431755,
        "dvar2": 4.63984632492,
        "max": 14.7337532043,
        "mean": 0.516092956066,
        "median": -0.021354675293,
        "min": -1.75283694267,
        "var": 3.51783752441
    },
    "erbbands_skewness": {
        "dmean": 0.418857634068,
        "dmean2": 0.637977480888,
        "dvar": 0.167699530721,
        "dvar2": 0.358434677124,
        "max": 2.61278176308,
        "mean": -0.0141714084893,
        "median": 0.0225838050246,
        "min": -3.31056141853,
        "var": 0.569740414619
    },
    "erbbands_spread": {
        "dmean": 11.1798362732,
        "dmean2": 16.925151825,
        "dvar": 152.740585327,
        "dvar2": 332.905609131,
        "max": 130.118118286,
        "mean": 39.4583091736,
        "median": 33.9453887939,
        "min": 5.83472585678,
        "var": 499.831390381
    },
    "hfc": {
        "dmean": 15.9971895218,
        "dmean2": 24.0519580841,
        "dvar": 385.79876709,
        "dvar2": 840.212524414,
        "max": 255.197723389,
        "mean": 42.0561332703,
        "median": 37.4092826843,
        "min": 0.370881766081,
        "var": 791.820556641
    },
    "melbands_crest": {
        "dmean": 3.7064743042,
        "dmean2": 5.54286003113,
        "dvar": 12.1051082611,
        "dvar2": 26.9388999939,
        "max": 34.3554458618,
        "mean": 15.7008466721,
        "median": 14.5396032333,
        "min": 3.47679591179,
        "var": 55.8444519043
    },
    "melbands_flatness_db": {
        "dmean": 0.0273693818599,
        "dmean2": 0.0392738282681,
        "dvar": 0.000806837051641,
        "dvar2": 0.00167595024686,
        "max": 0.433590084314,
        "mean": 0.155099064112,
        "median": 0.15055346489,
        "min": 0.0304582919925,
        "var": 0.00309998216107
    },
    "melbands_kurtosis": {
        "dmean": 5.77132558823,
        "dmean2": 8.96084785461,
        "dvar": 110.26071167,
        "dvar2": 251.14956665,
        "max": 171.305618286,
        "mean": 9.05682182312,
        "median": 2.69135332108,
        "min": -1.83577334881,
        "var": 241.465759277
    },
    "melbands_skewness": {
        "dmean": 0.746815145016,
        "dmean2": 1.09030842781,
        "dvar": 0.68897652626,
        "dvar2": 1.50507426262,
        "max": 9.12020874023,
        "mean": 2.10760426521,
        "median": 1.61838471889,
        "min": -0.880110263824,
        "var": 3.19840145111
    },
    "melbands_spread": {
        "dmean": 12.2067193985,
        "dmean2": 18.3467254639,
        "dvar": 278.6300354,
        "dvar2": 572.72833252,
        "max": 244.516403198,
        "mean": 41.0556259155,
        "median": 37.5429573059,
        "min": 0.978398025036,
        "var": 860.476196289
    },
    "pitch_salience": {
        "dmean": 0.0794668421149,
        "dmean2": 0.11941818893,
        "dvar": 0.0054085329175,
        "dvar2": 0.0126183703542,
        "max": 0.848100423813,
        "mean": 0.54426163435,
        "median": 0.551990509033,
        "min": 0.160897836089,
        "var": 0.0179595332593
    },
    "silence_rate_20dB": {
        "dmean": 0,
        "dmean2": 0,
        "dvar": 0,
        "dvar2": 0,
        "max": 1,
        "mean": 1,
        "median": 1,
        "min": 1,
        "var": 0
    },
    "silence_rate_30dB": {
        "dmean": 0,
        "dmean2": 0,
        "dvar": 0,
        "dvar2": 0,
        "max": 1,
        "mean": 1,
        "median": 1,
        "min": 1,
        "var": 0
    },
    "silence_rate_60dB": {
        "dmean": 0.0030959751457,
        "dmean2": 0.00619674660265,
        "dvar": 0.0030863629654,
        "dvar2": 0.00615837238729,
        "max": 1,
        "mean": 0.00464037107304,
        "median": 0,
        "min": 0,
        "var": 0.00461879558861
    },
    "spectral_centroid": {
        "dmean": 373.560699463,
        "dmean2": 574.576049805,
        "dvar": 162623.15625,
        "dvar2": 331685.8125,
        "max": 4724.09423828,
        "mean": 2065.03955078,
        "median": 2065.71313477,
        "min": 266.797332764,
        "var": 463240.8125
    },
    "spectral_complexity": {
        "dmean": 5.63777112961,
        "dmean2": 8,
        "dvar": 33.3981666565,
        "dvar2": 59.7521286011,
        "max": 58,
        "mean": 23.9860782623,
        "median": 23,
        "min": 1,
        "var": 98.0385818481
    },
    "spectral_decrease": {
        "dmean": 1.95431226757e-09,
        "dmean2": 2.79575318451e-09,
        "dvar": 4.95906895422e-18,
        "dvar2": 1.03787435064e-17,
        "max": -1.13104921262e-10,
        "mean": -7.47876249818e-09,
        "median": -7.15496417669e-09,
        "min": -2.28694254645e-08,
        "var": 1.59745401138e-17
    },
    "spectral_energy": {
        "dmean": 0.00821706093848,
        "dmean2": 0.0118271643296,
        "dvar": 8.20677378215e-05,
        "dvar2": 0.000170910177985,
        "max": 0.0891218930483,
        "mean": 0.0320412144065,
        "median": 0.0311847999692,
        "min": 0.000464365817606,
        "var": 0.000251383520663
    },
    "spectral_energyband_high": {
        "dmean": 0.00158546143211,
        "dmean2": 0.00241202069446,
        "dvar": 5.39017037227e-06,
        "dvar2": 1.17976442198e-05,
        "max": 0.0355026610196,
        "mean": 0.00258693681099,
        "median": 0.00141096720472,
        "min": 6.63254832034e-06,
        "var": 1.07896785266e-05
    },
    "spectral_energyband_low": {
        "dmean": 0.00399202015251,
        "dmean2": 0.00569189526141,
        "dvar": 5.69805524719e-05,
        "dvar2": 0.000128796396893,
        "max": 0.0736785978079,
        "mean": 0.0111033851281,
        "median": 0.00614046119153,
        "min": 2.94844699766e-08,
        "var": 0.000162501572049
    },
    "spectral_energyband_middle_high": {
        "dmean": 0.00365747394972,
        "dmean2": 0.00531888334081,
        "dvar": 1.83490883501e-05,
        "dvar2": 3.31750707119e-05,
        "max": 0.0452593490481,
        "mean": 0.010897513479,
        "median": 0.00942797306925,
        "min": 9.15827331482e-05,
        "var": 7.87707103882e-05
    },
    "spectral_energyband_middle_low": {
        "dmean": 0.00516744423658,
        "dmean2": 0.00850742682815,
        "dvar": 7.69196121837e-05,
        "dvar2": 0.00020348286489,
        "max": 0.0686559453607,
        "mean": 0.00815409515053,
        "median": 0.0054747168906,
        "min": 0.000168844722793,
        "var": 7.15632850188e-05
    },
    "spectral_entropy": {
        "dmean": 0.216273277998,
        "dmean2": 0.306477099657,
        "dvar": 0.042647022754,
        "dvar2": 0.0837108567357,
        "max": 8.81293010712,
        "mean": 7.78153038025,
        "median": 7.76632642746,
        "min": 6.63380002975,
        "var": 0.170801237226
    },
    "spectral_flux": {
        "dmean": 0.0310566909611,
        "dmean2": 0.0430364646018,
        "dvar": 0.000870898307767,
        "dvar2": 0.00151768606156,
        "max": 0.308877319098,
        "mean": 0.10863199085,
        "median": 0.0973656624556,
        "min": 0.0143956020474,
        "var": 0.00246746884659
    },
    "spectral_kurtosis": {
        "dmean": 1.32828581333,
        "dmean2": 2.10035324097,
        "dvar": 1.74214875698,
        "dvar2": 4.23153162003,
        "max": 13.3640403748,
        "mean": 3.83784747124,
        "median": 3.70520782471,
        "min": -1.47580003738,
        "var": 5.39839887619
    },
    "spectral_rms": {
        "dmean": 0.000727072474547,
        "dmean2": 0.0010258158436,
        "dvar": 5.85049235724e-07,
        "dvar2": 1.13487669751e-06,
        "max": 0.00932460092008,
        "mean": 0.00539920292795,
        "median": 0.00551581336185,
        "min": 0.000673082307912,
        "var": 2.10824168789e-06
    },
    "spectral_rolloff": {
        "dmean": 1042.46142578,
        "dmean2": 1729.66052246,
        "dvar": 2959873,
        "dvar2": 6546393.5,
        "max": 12381.5917969,
        "mean": 2775.43066406,
        "median": 2067.1875,
        "min": 64.599609375,
        "var": 5466398.5
    },
    "spectral_skewness": {
        "dmean": 0.205740347505,
        "dmean2": 0.319378554821,
        "dvar": 0.0367963984609,
        "dvar2": 0.080668836832,
        "max": 2.64422225952,
        "mean": 1.46606981754,
        "median": 1.50003492832,
        "min": -0.00196276558563,
        "var": 0.155969619751
    },
    "spectral_spread": {
        "dmean": 1067339.375,
        "dmean2": 1553389.75,
        "dvar": 1.46665622733e+12,
        "dvar2": 2.77224305459e+12,
        "max": 18614068,
        "mean": 5504035,
        "median": 5015387.5,
        "min": 2200522.5,
        "var": 5.19338668851e+12
    },
    "spectral_strongpeak": {
        "dmean": 0.859627366066,
        "dmean2": 1.4170769453,
        "dvar": 1.99077892303,
        "dvar2": 4.6533741951,
        "max": 15.249587059,
        "mean": 1.40883529186,
        "median": 0.469659984112,
        "min": 0,
        "var": 3.65245103836
    },
    "zerocrossingrate": {
        "dmean": 0.0188396442682,
        "dmean2": 0.021080814302,
        "dvar": 0.000422405195422,
        "dvar2": 0.000479045207612,
        "max": 0.36767578125,
        "mean": 0.0971762761474,
        "median": 0.0869140625,
        "min": 0.00390625,
        "var": 0.00254986365326
    },
    "barkbands": {
        "dmean": [0.000281185755739, 0.00306571950205, 0.00147648446728, 0.00124442658853, 0.00183263851795, 0.00161215965636, 0.000685499107931, 0.000604736385867, 0.0012026084587, 0.000624869775493, 0.00140457495581, 0.000594658951741, 0.000853872043081, 0.000846333918162, 0.000731460284442, 0.000451510015409, 0.000316780176945, 0.000511498947162, 0.000408177875215, 0.000539395201486, 0.000241210058448, 0.000190813196241, 0.000214991930989, 0.0003192020813, 0.000322837702697, 0.000206931712455, 5.18944773376e-07],
        "dmean2": [0.000366413994925, 0.00392207223922, 0.00248039001599, 0.00221531093121, 0.00316067179665, 0.00277733779512, 0.0012059903238, 0.00102408241946, 0.00196187966503, 0.000982251134701, 0.00213324674405, 0.000955159775913, 0.00132634269539, 0.00126499682665, 0.00117000984028, 0.000693152891472, 0.000495293061249, 0.000816931016743, 0.000640923448373, 0.000875951314811, 0.000372887967387, 0.000288172683213, 0.000322676787619, 0.000484271120513, 0.000492673600093, 0.000335480784997, 9.13469989428e-07],
        "dvar": [2.77255338688e-07, 3.01506188407e-05, 2.4790480893e-05, 1.73775661096e-05, 1.69058021129e-05, 8.50566630106e-06, 2.69268798547e-06, 1.21769073758e-06, 5.45468446944e-06, 1.51755193656e-06, 7.86832151789e-06, 1.84376676771e-06, 3.84446730095e-06, 2.13327666643e-06, 1.78749280622e-06, 7.80968946401e-07, 3.98339579988e-07, 1.12909162908e-06, 3.54712085482e-07, 8.18913235889e-07, 2.46344427524e-07, 2.1943650097e-07, 1.32256047891e-07, 3.47268041878e-07, 3.29884670691e-07, 1.00316711382e-07, 4.36520394484e-12],
        "dvar2": [4.76938510019e-07, 6.14244272583e-05, 6.72907553962e-05, 4.97343462484e-05, 4.76073910249e-05, 2.29264078371e-05, 7.81825929153e-06, 3.20243930219e-06, 1.2970392163e-05, 3.57846442967e-06, 1.60965919349e-05, 4.7107428145e-06, 8.57443410496e-06, 4.53657821708e-06, 4.14066516896e-06, 1.77687820724e-06, 8.59189810853e-07, 2.95466020361e-06, 8.01557803243e-07, 2.24851623898e-06, 5.38291828889e-07, 4.53998154626e-07, 2.94549437285e-07, 7.23662367363e-07, 6.11251948612e-07, 2.41870139917e-07, 1.18968558963e-11],
        "max": [0.0071617863141, 0.0546773150563, 0.0446608066559, 0.0393603220582, 0.0405425801873, 0.0319310240448, 0.0249145925045, 0.0109689831734, 0.0352475494146, 0.0161449499428, 0.0401859693229, 0.0234076213092, 0.0305665526539, 0.0179334878922, 0.0191385764629, 0.0146440323442, 0.0132912099361, 0.0150549756363, 0.00990519952029, 0.00852103717625, 0.00932871922851, 0.0113666169345, 0.00452634273097, 0.00821299757808, 0.0110929440707, 0.00259397155605, 3.41715458489e-05],
        "mean": [0.000750173116103, 0.00794481486082, 0.00190190190915, 0.00104878144339, 0.00191318255384, 0.00199014041573, 0.000696210248861, 0.00066833087476, 0.00153497152496, 0.00101299246307, 0.00238799094222, 0.000790538964793, 0.00119623844512, 0.00152576807886, 0.00111689418554, 0.000635306816548, 0.000479052076116, 0.000798071327154, 0.000736403453629, 0.000828696531244, 0.000335975986673, 0.000263368187007, 0.000326885608956, 0.0004714661045, 0.000455123954453, 0.000231478989008, 3.6094363054e-07],
        "median": [0.000172317639226, 0.00401228433475, 0.000215592648601, 0.000208472876693, 0.000793626531959, 0.000957857817411, 0.000263980298769, 0.000310699717375, 0.000662082515191, 0.000328970723785, 0.000496075022966, 0.000363562430721, 0.000468981044833, 0.000463411968667, 0.000445163284894, 0.00024456641404, 0.000230460253078, 0.000442255608505, 0.00050480326172, 0.000488898484036, 0.000124740923638, 7.99011831987e-05, 0.000161843126989, 0.000158012408065, 0.000144006917253, 7.74068903411e-05, 1.16970673147e-08],
        "min": [3.53700513323e-10, 3.87331411389e-09, 1.60964730433e-09, 1.06682520595e-08, 1.70246579501e-07, 1.99157238967e-06, 1.02337807562e-07, 6.08560128512e-07, 1.42353917454e-06, 3.23929810975e-07, 1.60596505339e-06, 1.44358114085e-06, 2.39782661993e-06, 1.64660298196e-06, 1.68786186805e-06, 1.81397570032e-06, 5.86637611377e-07, 3.25639848597e-06, 6.40547659714e-06, 2.35393463299e-06, 1.23699715004e-06, 1.59980885428e-07, 1.94710565893e-07, 9.70986047122e-09, 1.35135627133e-08, 1.35351214681e-08, 4.40197487836e-12],
        "var": [1.37337383421e-06, 9.41472681006e-05, 3.31196970365e-05, 1.03728916656e-05, 1.19055166579e-05, 9.30263013288e-06, 2.17741512643e-06, 1.18722607567e-06, 7.74161162553e-06, 3.55570068677e-06, 2.11149472307e-05, 1.98487691705e-06, 5.29919770997e-06, 5.90006766288e-06, 3.52075289811e-06, 1.2096871842e-06, 6.32294756997e-07, 1.34103697746e-06, 7.02582099166e-07, 1.0741140386e-06, 4.29409112712e-07, 3.83467209986e-07, 2.3559123008e-07, 9.43460463532e-07, 9.12215966764e-07, 1.25827199327e-07, 2.89897728219e-12]
    },
    "erbbands": {
        "dmean": [0.125378638506, 0.589434504509, 1.53585612774, 3.02896761894, 4.57548570633, 7.09594202042, 10.1389684677, 13.5732192993, 10.2887430191, 9.67444515228, 15.152630806, 30.1616649628, 16.3973274231, 33.3790168762, 48.7479095459, 26.1384353638, 39.1351280212, 29.8436164856, 45.8486671448, 32.1506881714, 18.0833530426, 17.6226291656, 24.914773941, 24.7479991913, 15.9513731003, 27.4717350006, 14.0288991928, 8.51586151123, 6.90924978256, 6.35523366928, 6.22844457626, 6.14909315109, 5.63545274734, 4.07026767731, 2.15454792976, 1.16418886185, 0.343266516924, 0.0272088441998, 0.0005604060716, 4.05210375902e-05],
        "dmean2": [0.158466666937, 0.764864265919, 2.42929005623, 5.40958929062, 8.04758739471, 12.0628271103, 17.2846717834, 23.5717525482, 18.1628608704, 16.4675369263, 25.7270927429, 48.4157485962, 25.6591796875, 52.0108375549, 70.3394470215, 41.2895050049, 60.5530776978, 46.290271759, 70.347328186, 48.1333808899, 27.7731647491, 27.1347618103, 39.7993927002, 38.2235450745, 24.4493618011, 44.6788368225, 21.9531536102, 12.8905553818, 10.7608203888, 9.69467735291, 9.2967634201, 9.34036064148, 8.63895893097, 6.19481992722, 3.33976554871, 1.82689142227, 0.568309307098, 0.0454056896269, 0.000921044498682, 6.36864861008e-05],
        "dvar": [0.0520324222744, 1.43934822083, 21.7579689026, 117.42691803, 155.323425293, 243.698989868, 383.345092773, 639.400817871, 621.716796875, 395.020721436, 804.841552734, 3875.66601562, 1118.55859375, 3527.23168945, 9722.18066406, 3512.8359375, 9216.08300781, 1968.4473877, 7507.62841797, 2864.11376953, 1204.30383301, 1326.30834961, 3599.63500977, 1178.02697754, 767.752807617, 2643.92211914, 689.809814453, 491.585662842, 295.761505127, 146.314056396, 113.095977783, 123.397720337, 141.19593811, 66.3589630127, 13.2749118805, 3.36721611023, 0.295787483454, 0.00215580500662, 7.89958050973e-07, 3.8594150098e-09],
        "dvar2": [0.0994220599532, 2.83369827271, 54.7663497925, 333.798400879, 438.051757812, 673.529296875, 1049.66931152, 1752.49633789, 1848.42541504, 1047.78039551, 2135.47802734, 9131.64550781, 2545.89672852, 8128.52148438, 18647.625, 8726.81835938, 19993.53125, 4630.39257812, 15929.609375, 6328.67724609, 2639.66162109, 2702.7409668, 9422.84082031, 2638.50317383, 1663.09570312, 7291.27490234, 1547.73425293, 1058.87561035, 636.541992188, 299.138702393, 249.734573364, 264.300964355, 288.133666992, 120.504089355, 28.101650238, 7.90719556808, 0.761726617813, 0.00568741699681, 2.01421221391e-06, 9.44015443594e-09],
        "max": [2.32571029663, 11.8285913467, 39.4621810913, 102.11139679, 100.841033936, 153.402999878, 188.461639404, 244.269607544, 421.626647949, 220.110961914, 292.997528076, 885.812805176, 586.995544434, 679.39276123, 1595.36437988, 1030.57739258, 1561.50866699, 540.627441406, 1213.82775879, 633.176208496, 609.388061523, 818.769836426, 1036.15661621, 405.51852417, 637.387145996, 494.26751709, 475.947509766, 587.461364746, 416.610961914, 141.562515259, 128.752609253, 188.297637939, 194.631561279, 181.45413208, 48.3992805481, 14.9873905182, 4.82872581482, 0.545547544956, 0.00899076927453, 0.000797267479356],
        "mean": [0.33382037282, 1.34747922421, 2.36564397812, 2.8734858036, 4.02285766602, 7.59485960007, 12.4391088486, 16.2889022827, 10.7887067795, 11.4035549164, 18.0989437103, 39.3501434326, 25.9186725616, 56.238319397, 82.9989013672, 39.3628997803, 58.1616897583, 56.4310150146, 84.317276001, 53.3446807861, 28.06848526, 27.4910240173, 38.7641334534, 46.0865058899, 31.3758792877, 40.9604148865, 21.383436203, 11.5827598572, 9.46126651764, 9.02176189423, 9.60416316986, 9.31338977814, 8.03975391388, 5.8766784668, 2.75072717667, 1.32027578354, 0.362989038229, 0.0275405216962, 0.000610698305536, 7.9123514297e-05],
        "median": [0.160041436553, 0.431223005056, 0.326618880033, 0.778213322163, 1.04632198811, 2.86049032211, 6.5204615593, 7.55183744431, 4.29462146759, 5.521443367, 9.24605369568, 16.7941188812, 12.5165519714, 18.6324691772, 23.3350009918, 22.2462081909, 24.9557361603, 28.7427158356, 31.4655532837, 25.3608169556, 13.314827919, 12.8736143112, 21.5632762909, 32.4472694397, 22.6824302673, 23.6563968658, 9.13070964813, 3.85215401649, 2.81082868576, 3.39245343208, 4.7192029953, 3.70078802109, 2.29909181595, 1.69628155231, 0.873048424721, 0.434195041656, 0.117063634098, 0.00853981636465, 0.000207814926398, 5.69768999412e-05],
        "min": [4.53300344816e-07, 3.53166092282e-06, 1.19508067655e-05, 8.38290652609e-05, 0.00103243265767, 0.0292249787599, 0.0258732773364, 0.031397074461, 0.0162594113499, 0.0154753858224, 0.0671105310321, 0.033332310617, 0.0761595964432, 0.080487087369, 0.184480577707, 0.119072884321, 0.150338321924, 0.167123436928, 0.13672798872, 0.140241354704, 0.0700728818774, 0.0427283123136, 0.172803848982, 0.283371627331, 0.238304391503, 0.134024128318, 0.126241877675, 0.0231140069664, 0.00819106213748, 0.00750006875023, 0.00479017524049, 0.00334095419385, 0.000284371926682, 0.000209347650525, 8.38658597786e-05, 6.33060262771e-05, 2.62011271843e-05, 2.38736379288e-06, 4.06848755574e-07, 5.9534625052e-07],
        "var": [0.180804982781, 4.04490041733, 40.1512641907, 72.3464202881, 99.6901550293, 188.921264648, 341.316070557, 680.888916016, 510.502807617, 372.276245117, 761.434448242, 5570.18310547, 2052.56030273, 9041.796875, 24950.1953125, 4124.70361328, 12985.8300781, 4886.77490234, 18616.4023438, 6624.02001953, 1881.02819824, 2207.05981445, 3727.51269531, 2379.78051758, 1481.07177734, 3109.66699219, 1166.81335449, 819.390869141, 490.437194824, 272.400115967, 206.316940308, 305.803833008, 355.241027832, 195.258911133, 26.5196666718, 4.50300121307, 0.341617912054, 0.00235153269023, 9.19236526897e-07, 5.14532594309e-09]
    },
    "gfcc": {
        "mean": [45.6759986877, 51.979763031, -120.616821289, 27.7743282318, -55.5707168579, 23.9048957825, -40.7664299011, 21.1095638275, -31.5757331848, 12.0619487762, -9.44070339203, 5.77647781372, -8.33088588715],
        "cov": [[1772.87011719, -252.005691528, 213.112838745, 49.2039222717, 2.94987034798, 156.842269897, -0.201385185122, 56.3754768372, 32.73878479, 61.5118713379, -111.660926819, 37.3117980957, -47.0102958679], [-252.005691528, 1006.22900391, -129.271575928, 23.1169872284, 329.861053467, 44.0730552673, 186.860122681, 24.5985794067, 50.5141143799, -34.5084266663, 106.266662598, -57.1220474243, -15.4891233444], [213.112838745, -129.271575928, 1268.44848633, 433.015686035, 40.0973930359, 174.629806519, -97.6494750977, 74.4462966919, 135.620925903, 44.7083435059, -188.343078613, 133.742370605, -109.659477234], [49.2039222717, 23.1169872284, 433.015686035, 493.136505127, 74.5830001831, 7.74859714508, -32.6550559998, 45.3519248962, 115.763542175, 5.03141450882, -41.9349479675, 43.3437156677, -22.6380786896], [2.94987034798, 329.861053467, 40.0973930359, 74.5830001831, 356.104980469, 113.400009155, 119.756225586, 82.5598373413, 75.079246521, 13.3053283691, 4.53163671494, 15.9368753433, -17.8502540588], [156.842269897, 44.0730552673, 174.629806519, 7.74859714508, 113.400009155, 299.256561279, 133.87538147, 37.8161468506, 47.325630188, 22.3906364441, 4.76080131531, 10.0600347519, -6.95460128784], [-0.201385185122, 186.860122681, -97.6494750977, -32.6550559998, 119.756225586, 133.87538147, 239.741287231, 34.2217636108, -5.8768620491, 19.500207901, 49.7718200684, -17.7472457886, 3.40512037277], [56.3754768372, 24.5985794067, 74.4462966919, 45.3519248962, 82.5598373413, 37.8161468506, 34.2217636108, 174.457214355, 91.5238800049, 10.5244026184, 14.6019678116, 2.38602375984, 6.38818836212], [32.73878479, 50.5141143799, 135.620925903, 115.763542175, 75.079246521, 47.325630188, -5.8768620491, 91.5238800049, 170.677688599, 20.6204357147, -17.8999786377, 27.8247966766, -6.77417612076], [61.5118713379, -34.5084266663, 44.7083435059, 5.03141450882, 13.3053283691, 22.3906364441, 19.500207901, 10.5244026184, 20.6204357147, 95.4412307739, 13.6083860397, 10.1524734497, 2.77891683578], [-111.660926819, 106.266662598, -188.343078613, -41.9349479675, 4.53163671494, 4.76080131531, 49.7718200684, 14.6019678116, -17.8999786377, 13.6083860397, 145.351501465, -15.0589551926, 32.538269043], [37.3117980957, -57.1220474243, 133.742370605, 43.3437156677, 15.9368753433, 10.0600347519, -17.7472457886, 2.38602375984, 27.8247966766, 10.1524734497, -15.0589551926, 114.224082947, 2.0015399456], [-47.0102958679, -15.4891233444, -109.659477234, -22.6380786896, -17.8502540588, -6.95460128784, 3.40512037277, 6.38818836212, -6.77417612076, 2.77891683578, 32.538269043, 2.0015399456, 83.9126281738]],
        "icov": [[0.000695775088388, -8.55672533362e-06, 0.000270741438726, -0.000241508852923, 0.000225138646783, -0.000679840159137, 0.000305121066049, -0.000571816926822, 0.000452313252026, -0.000621969171334, 0.000764960946981, -0.00033135394915, 0.000467962381663], [-8.55672533362e-06, 0.00231332727708, -0.000785808137152, 0.000667451415211, -0.00236641219817, 0.0015862780856, -0.00158751395065, 0.00190166838001, -0.00172540626954, 0.00177468522452, -0.00230250298046, 0.00169346795883, -0.000222540911636], [0.000270741438726, -0.000785808137152, 0.0028033896815, -0.00212553469464, 0.00148452213034, -0.00282866810448, 0.00198983959854, -0.00226432271302, 0.00186566717457, -0.00199957960285, 0.00302316062152, -0.00247857929207, 0.00237342203036], [-0.000241508852923, 0.000667451415211, -0.00212553469464, 0.00415337411687, -0.00155001413077, 0.00240489351563, -0.0013363432372, 0.0020211734809, -0.00311282323673, 0.00173418200575, -0.0020810670685, 0.00143490277696, -0.00143534701783], [0.000225138646783, -0.00236641219817, 0.00148452213034, -0.00155001413077, 0.00673389388248, -0.00278339534998, 0.000223720344366, -0.00344320992008, 0.00129102810752, -0.00206345296465, 0.00322978501208, -0.00272890133783, 0.00165125750937], [-0.000679840159137, 0.0015862780856, -0.00282866810448, 0.00240489351563, -0.00278339534998, 0.00836877152324, -0.00520512834191, 0.00335020944476, -0.00394291477278, 0.00245419633575, -0.00334698078223, 0.00252773216926, -0.00224021659233], [0.000305121066049, -0.00158751395065, 0.00198983959854, -0.0013363432372, 0.000223720344366, -0.00520512834191, 0.00924902968109, -0.0031424802728, 0.00383520824835, -0.00288138026372, 0.00114715576638, -0.00134120252915, 0.0015900733415], [-0.000571816926822, 0.00190166838001, -0.00226432271302, 0.0020211734809, -0.00344320992008, 0.00335020944476, -0.0031424802728, 0.0116961039603, -0.0073199653998, 0.0029928216245, -0.0045203436166, 0.00344193005003, -0.00262013939209], [0.000452313252026, -0.00172540626954, 0.00186566717457, -0.00311282323673, 0.00129102810752, -0.00394291477278, 0.00383520824835, -0.0073199653998, 0.012997765094, -0.00390080735087, 0.00388283422217, -0.00343426060863, 0.00163749034982], [-0.000621969171334, 0.00177468522452, -0.00199957960285, 0.00173418200575, -0.00206345296465, 0.00245419633575, -0.00288138026372, 0.0029928216245, -0.00390080735087, 0.0136984968558, -0.00444582151249, 0.00150989403483, -0.00159322761465], [0.000764960946981, -0.00230250298046, 0.00302316062152, -0.0020810670685, 0.00322978501208, -0.00334698078223, 0.00114715576638, -0.0045203436166, 0.00388283422217, -0.00444582151249, 0.0132537744939, -0.0028289896436, -0.000511063437443], [-0.00033135394915, 0.00169346795883, -0.00247857929207, 0.00143490277696, -0.00272890133783, 0.00252773216926, -0.00134120252915, 0.00344193005003, -0.00343426060863, 0.00150989403483, -0.0028289896436, 0.0123242633417, -0.00282786018215], [0.000467962381663, -0.000222540911636, 0.00237342203036, -0.00143534701783, 0.00165125750937, -0.00224021659233, 0.0015900733415, -0.00262013939209, 0.00163749034982, -0.00159322761465, -0.000511063437443, -0.00282786018215, 0.0156037919223]]
    },
    "melbands": {
        "dmean": [0.000947168562561, 0.000718754308764, 0.000558052328415, 0.000411804619944, 0.000336968136253, 0.000299987848848, 0.000151301152073, 0.000108515836473, 0.000143727505929, 0.000184094984434, 7.99107219791e-05, 0.000132768866024, 0.000197189074242, 7.03622426954e-05, 8.23020454845e-05, 7.69628095441e-05, 6.2242608692e-05, 8.68643837748e-05, 4.95003587275e-05, 3.9543130697e-05, 2.17296310439e-05, 1.96429718926e-05, 2.05829801416e-05, 2.74086905847e-05, 2.17871238419e-05, 1.36845255838e-05, 1.20625390991e-05, 2.22085072892e-05, 1.11929020932e-05, 5.2919231166e-06, 5.11489361088e-06, 4.33665491073e-06, 3.33559273713e-06, 3.87123645851e-06, 3.82733060178e-06, 3.62386367669e-06, 4.07759443988e-06, 4.14958503825e-06, 4.0060936044e-06, 3.58335796591e-06],
        "dmean2": [0.00121130258776, 0.00101869273931, 0.000984035199508, 0.000706349150278, 0.000575229292735, 0.000520402973052, 0.000266583694611, 0.000181443247129, 0.00024416812812, 0.000293812685413, 0.000125245074742, 0.000207703968044, 0.000289162941044, 0.000112035340862, 0.00012977825827, 0.000120973490993, 9.66850202531e-05, 0.000131273525767, 7.74934451329e-05, 6.21591098025e-05, 3.48885150743e-05, 3.12131633109e-05, 3.2556381484e-05, 4.44282741228e-05, 3.40042461175e-05, 2.15092532017e-05, 1.86326742551e-05, 3.69741537725e-05, 1.7733529603e-05, 8.22022411739e-06, 7.80997106631e-06, 6.85542363499e-06, 5.05050957145e-06, 6.00269822826e-06, 5.79640982323e-06, 5.49028663954e-06, 6.30288150205e-06, 6.44480360279e-06, 6.1870364334e-06, 5.50380491404e-06],
        "dvar": [2.81052621176e-06, 3.38381323672e-06, 3.31517935592e-06, 9.36173364607e-07, 4.14552829398e-07, 3.03050626371e-07, 1.29870528554e-07, 4.41827161524e-08, 7.13534191732e-08, 1.53156790361e-07, 2.85361032581e-08, 5.74110181617e-08, 1.67169673659e-07, 2.15150439686e-08, 2.93982598265e-08, 3.54955496107e-08, 9.42116873404e-09, 2.83717014327e-08, 8.05613709076e-09, 6.3698917252e-09, 1.98294558551e-09, 2.19958340431e-09, 2.17980522521e-09, 3.93785226649e-09, 9.91437043574e-10, 6.98257174303e-10, 2.9321625683e-10, 2.23568696889e-09, 5.17866360905e-10, 1.1021613483e-10, 2.52569409831e-10, 1.41622227834e-10, 4.77174827429e-11, 5.25716067901e-11, 4.80155672167e-11, 3.88996786171e-11, 5.7747490817e-11, 7.38225383601e-11, 8.09394981593e-11, 5.11683716231e-11],
        "dvar2": [5.75290641791e-06, 7.51976904212e-06, 9.22905655898e-06, 2.62395383288e-06, 1.14373563065e-06, 8.26925145248e-07, 3.84447531587e-07, 1.16383951365e-07, 1.81908262675e-07, 3.73163345557e-07, 6.45716013992e-08, 1.33845233563e-07, 3.28363398694e-07, 5.53490338007e-08, 6.63411015012e-08, 8.38962179728e-08, 2.21586837768e-08, 5.79696965985e-08, 2.00055367827e-08, 1.43348373172e-08, 4.64188243399e-09, 5.11027575811e-09, 5.33707922301e-09, 1.06735882355e-08, 2.21070184381e-09, 1.74449854562e-09, 6.36648345154e-10, 6.33421981533e-09, 1.12308295996e-09, 2.4767490836e-10, 5.70009650591e-10, 3.32552818616e-10, 8.86444528891e-11, 1.1794003274e-10, 1.11070985742e-10, 8.54537413053e-11, 1.27537230776e-10, 1.50429280144e-10, 1.70053235382e-10, 9.45381481432e-11],
        "max": [0.0164601784199, 0.0154920211062, 0.017074033618, 0.0100659159943, 0.00577311730012, 0.0055601769127, 0.00582447368652, 0.0023743940983, 0.00346658448689, 0.00483687780797, 0.00298070046119, 0.00257971836254, 0.00573759013787, 0.00247915368527, 0.00269714044407, 0.00328896916471, 0.0011160398135, 0.00215313164517, 0.00105754903052, 0.00113068148494, 0.000602464773692, 0.00110549060628, 0.000808505807072, 0.00108948349953, 0.000375508127036, 0.000607465393841, 0.000232429782045, 0.00045369824511, 0.000465416029328, 0.000141280834214, 0.000456487032352, 0.000297299557133, 0.000105765881017, 8.97416903172e-05, 8.37895422592e-05, 0.000109590066131, 0.000118348747492, 0.000140051357448, 0.000161446805578, 0.000151174521307],
        "mean": [0.0025087017566, 0.00142027251422, 0.000536960258614, 0.000411008193623, 0.000426777929533, 0.000366298452718, 0.000156566180522, 0.000127489009174, 0.000172599568032, 0.000236097068409, 0.000119976910355, 0.000207637960557, 0.000334832206136, 9.86142913462e-05, 0.000117307208711, 0.000110113367555, 0.000108703592559, 0.000154663881403, 7.24617493688e-05, 5.89176197536e-05, 2.87914808723e-05, 2.80372059933e-05, 2.88966857624e-05, 4.14310125052e-05, 3.77270807803e-05, 2.38842585532e-05, 2.20662204811e-05, 2.90909956675e-05, 1.59184437507e-05, 7.24524170437e-06, 6.45622139928e-06, 5.52654182684e-06, 4.67887821287e-06, 5.17209036843e-06, 5.54017151444e-06, 5.46713226868e-06, 5.7709930843e-06, 5.60925127502e-06, 5.52553365196e-06, 4.8128108574e-06],
        "median": [0.00135042227339, 0.000327097077388, 0.000140023796121, 0.000149380299263, 0.000234998078668, 0.000172089203261, 5.81686690566e-05, 6.19011407252e-05, 8.71546799317e-05, 9.8055228591e-05, 5.19163440913e-05, 5.99243212491e-05, 7.41234107409e-05, 4.53015782114e-05, 5.72211065446e-05, 4.46254380222e-05, 4.4170392357e-05, 4.51044252259e-05, 3.33804091497e-05, 2.20507463382e-05, 1.29170684886e-05, 1.21971579574e-05, 1.36683684104e-05, 2.22982380365e-05, 2.52778736467e-05, 1.58060192916e-05, 1.42258295455e-05, 1.41776581586e-05, 5.93815138927e-06, 2.4709236186e-06, 1.67863197476e-06, 1.54232645855e-06, 1.43308602674e-06, 1.92942275135e-06, 2.71191152024e-06, 2.56216549133e-06, 2.05091851058e-06, 1.57791373567e-06, 1.37865106353e-06, 1.32055083668e-06],
        "min": [1.11820497306e-09, 3.14120685019e-09, 7.69761676622e-09, 2.5988292407e-08, 7.864117606e-07, 4.54593589438e-07, 2.68653206348e-08, 6.50151861237e-08, 5.53768472855e-07, 1.43179832435e-07, 1.41045504165e-07, 2.27359478799e-07, 4.84747658902e-07, 1.92278832856e-07, 1.90697917901e-07, 2.4146018518e-07, 1.05788608096e-07, 1.87921415318e-07, 1.18652707215e-07, 2.1135140571e-07, 6.47251425789e-08, 3.54680054215e-08, 5.14898097492e-08, 2.11397065186e-07, 2.12528902921e-07, 1.12602869251e-07, 1.17790840193e-07, 7.5110172304e-08, 2.44602897936e-08, 5.47494982683e-09, 1.77841730231e-09, 5.01926633589e-09, 1.17968468327e-09, 2.90207147202e-09, 2.96396995836e-09, 2.95206104006e-09, 8.90472418025e-11, 1.52660967201e-10, 8.1966317414e-12, 1.20146032012e-10],
