{
"highlevel": {
    "danceability": {
        "all": {
            "danceable": 0.997897028923,
            "not_danceable": 0.00210296013393
        },
        "probability": 0.997897028923,
        "value": "danceable"
    },
    "gender": {
        "all": {
            "female": 0.330292761326,
            "male": 0.669707238674
        },
        "probability": 0.669707238674,
        "value": "male"
    },
    "genre_dortmund": {
        "all": {
            "alternative": 0.0839900970459,
            "blues": 0.0271080620587,
            "electronic": 0.0395370535553,
            "folkcountry": 0.0835370868444,
            "funksoulrnb": 0.0436787679791,
            "jazz": 0.105021618307,
            "pop": 0.0657052472234,
            "raphiphop": 0.112187087536,
            "rock": 0.439234972
        },
        "probability": 0.439234972,
        "value": "rock"
    },
    "genre_electronic": {
        "all": {
            "ambient": 0.382826417685,
            "dnb": 0.129748225212,
            "house": 0.312278747559,
            "techno": 0.0306214764714,
            "trance": 0.144525140524
        },
        "probability": 0.382826417685,
        "value": "ambient"
    },
    "genre_rosamerica": {
        "all": {
            "cla": 0.00532141840085,
            "dan": 0.373837560415,
            "hip": 0.360648185015,
            "jaz": 0.0279734749347,
            "pop": 0.0858734548092,
            "rhy": 0.0869755521417,
            "roc": 0.0529805906117,
            "spe": 0.00638975156471
        },
        "probability": 0.373837560415,
        "value": "dan"
    },
    "genre_tzanetakis": {
        "all": {
            "blu": 0.0620671063662,
            "cla": 0.034474901855,
            "cou": 0.103433981538,
            "dis": 0.0620971247554,
            "hip": 0.15527240932,
            "jaz": 0.310666948557,
            "met": 0.044346679002,
            "pop": 0.0620793737471,
            "reg": 0.0620816536248,
            "roc": 0.103479810059
        },
        "probability": 0.310666948557,
        "value": "jaz"
    },
    "ismir04_rhythm": {
        "all": {
            "ChaChaCha": 0.0798549354076,
            "Jive": 0.0270711481571,
            "Quickstep": 0.0552492812276,
            "Rumba-American": 0.00849729310721,
            "Rumba-International": 0.00489898771048,
            "Rumba-Misc": 0.0013765078038,
            "Samba": 0.819438934326,
            "Tango": 0.00192370882723,
            "VienneseWaltz": 0.00102248310577,
            "Waltz": 0.00066673749825
        },
        "probability": 0.819438934326,
        "value": "Samba"
    },
    "mood_acoustic": {
        "all": {
            "acoustic": 0.0186376608908,
            "not_acoustic": 0.981362342834
        },
        "probability": 0.981362342834,
        "value": "not_acoustic"
    },
    "mood_aggressive": {
        "all": {
            "aggressive": 0.0992946848273,
            "not_aggressive": 0.900705337524
        },
        "probability": 0.900705337524,
        "value": "not_aggressive"
    },
    "mood_electronic": {
        "all": {
            "electronic": 0.732772111893,
            "not_electronic": 0.267227888107
        },
        "probability": 0.732772111893,
        "value": "electronic"
    },
    "mood_happy": {
        "all": {
            "happy": 0.191430419683,
            "not_happy": 0.808569550514
        },
        "probability": 0.808569550514,
        "value": "not_happy"
    },
    "mood_party": {
        "all": {
            "not_party": 0.28983810544,
            "party": 0.710161924362
        },
        "probability": 0.710161924362,
        "value": "party"
    },
    "mood_relaxed": {
        "all": {
            "not_relaxed": 0.948925197124,
            "relaxed": 0.0510747730732
        },
        "probability": 0.948925197124,
        "value": "not_relaxed"
    },
    "mood_sad": {
        "all": {
            "not_sad": 0.588169932365,
            "sad": 0.411830097437
        },
        "probability": 0.588169932365,
        "value": "not_sad"
    },
    "moods_mirex": {
        "all": {
            "Cluster1": 0.36082854867,
            "Cluster2": 0.161995202303,
            "Cluster3": 0.0744271948934,
            "Cluster4": 0.228892728686,
            "Cluster5": 0.173856317997
        },
        "probability": 0.36082854867,
        "value": "Cluster1"
    },
    "timbre": {
        "all": {
            "bright": 0.997185766697,
            "dark": 0.00281421211548
        },
        "probability": 0.997185766697,
        "value": "bright"
    },
    "tonal_atonal": {
        "all": {
            "atonal": 0.165755450726,
            "tonal": 0.834244549274
        },
        "probability": 0.834244549274,
        "value": "tonal"
    },
    "voice_instrumental": {
        "all": {
            "instrumental": 0.0233334619552,
            "voice": 0.976666510105
        },
        "probability": 0.976666510105,
        "value": "voice"
    }
},
"lowlevel": {
    "average_loudness": 0.972770512104,
    "barkbands_crest": {
        "dmean": 3.19968366623,
        "dmean2": 5.09684610367,
        "dvar": 10.5005512238,
        "dvar2": 21.7077522278,
        "max": 24.5539283752,
        "mean": 9.10879707336,
        "median": 7.72087812424,
        "min": 2.47266769409,
        "var": 20.367401123
    },
    "barkbands_flatness_db": {
        "dmean": 0.0224092509598,
        "dmean2": 0.0340202301741,
        "dvar": 0.000410430075135,
        "dvar2": 0.000844865688123,
        "max": 0.25582587719,
        "mean": 0.121667072177,
        "median": 0.117715291679,
        "min": 0.0375250987709,
        "var": 0.00115483021364
    },
    "barkbands_kurtosis": {
        "dmean": 2.66369318962,
        "dmean2": 4.00884151459,
        "dvar": 12.5595912933,
        "dvar2": 27.9431495667,
        "max": 60.9940299988,
        "mean": 2.94724011421,
        "median": 1.86015033722,
        "min": -1.86490678787,
        "var": 23.4174976349
    },
    "barkbands_skewness": {
        "dmean": 0.65344619751,
        "dmean2": 0.935956120491,
        "dvar": 0.381124854088,
        "dvar2": 0.743758141994,
        "max": 7.52954387665,
        "mean": 1.40305638313,
        "median": 1.34700524807,
        "min": -2.5241587162,
        "var": 1.26421296597
    },
    "barkbands_spread": {
        "dmean": 10.8006811142,
        "dmean2": 15.7518672943,
        "dvar": 130.218307495,
        "dvar2": 243.302337646,
        "max": 108.284309387,
        "mean": 37.0677375793,
        "median": 30.1690330505,
        "min": 4.49856615067,
        "var": 495.163146973
    },
    "dissonance": {
        "dmean": 0.0202977303416,
        "dmean2": 0.0336936712265,
        "dvar": 0.000469968566904,
        "dvar2": 0.00117216282524,
        "max": 0.499935656786,
        "mean": 0.467137783766,
        "median": 0.47574108839,
        "min": 0.259999841452,
        "var": 0.000820529705379
    },
    "dynamic_complexity": 2.70361328125,
    "erbbands_crest": {
        "dmean": 2.5171546936,
        "dmean2": 4.04713869095,
        "dvar": 6.18066072464,
        "dvar2": 15.0713644028,
        "max": 24.847454071,
        "mean": 7.47222566605,
        "median": 6.4625287056,
        "min": 2.33420014381,
        "var": 14.559548378
    },
    "erbbands_flatness_db": {
        "dmean": 0.0185537524521,
        "dmean2": 0.026420744136,
        "dvar": 0.000303521082969,
        "dvar2": 0.000580825959332,
        "max": 0.250827401876,
        "mean": 0.112829916179,
        "median": 0.104061335325,
        "min": 0.0457902811468,
        "var": 0.00155839219224
    },
    "erbbands_kurtosis": {
        "dmean": 1.13630652428,
        "dmean2": 1.77975070477,
        "dvar": 2.21511507034,
        "dvar2": 5.01696538925,
        "max": 13.544090271,
        "mean": 0.555696308613,
        "median": -0.27959895134,
        "min": -1.79042577744,
        "var": 5.31564998627
    },
    "erbbands_skewness": {
        "dmean": 0.467094928026,
        "dmean2": 0.689907193184,
        "dvar": 0.181152805686,
        "dvar2": 0.378895759583,
        "max": 3.28680753708,
        "mean": 0.478523284197,
        "median": 0.447866141796,
        "min": -2.75750398636,
        "var": 0.711242794991
    },
    "erbbands_spread": {
        "dmean": 14.0311107635,
        "dmean2": 21.1338920593,
        "dvar": 191.453445435,
        "dvar2": 413.081237793,
        "max": 150.471038818,
        "mean": 57.3316307068,
        "median": 55.7552604675,
        "min": 8.02500152588,
        "var": 776.225280762
    },
    "hfc": {
        "dmean": 15.7902898788,
        "dmean2": 21.0264949799,
        "dvar": 390.570495605,
        "dvar2": 746.684570312,
        "max": 214.175872803,
        "mean": 32.8994293213,
        "median": 23.1090431213,
        "min": 1.56677854061,
        "var": 820.498168945
    },
    "melbands_crest": {
        "dmean": 4.04790878296,
        "dmean2": 6.24027729034,
        "dvar": 15.0046243668,
        "dvar2": 32.489982605,
        "max": 31.1642837524,
        "mean": 12.4820537567,
        "median": 10.9472465515,
        "min": 2.86411738396,
        "var": 32.2000770569
    },
    "melbands_flatness_db": {
        "dmean": 0.0320539176464,
        "dmean2": 0.0449248626828,
        "dvar": 0.000838761741761,
        "dvar2": 0.00149774528109,
        "max": 0.342587321997,
        "mean": 0.157579421997,
        "median": 0.158441469073,
        "min": 0.0205309260637,
        "var": 0.00322139123455
    },
    "melbands_kurtosis": {
        "dmean": 10.3699026108,
        "dmean2": 15.6517114639,
        "dvar": 342.680908203,
        "dvar2": 767.953369141,
        "max": 271.422058105,
        "mean": 16.131603241,
        "median": 9.80770397186,
        "min": -1.7710878849,
        "var": 486.865875244
    },
    "melbands_skewness": {
        "dmean": 0.998807370663,
        "dmean2": 1.47604095936,
        "dvar": 1.24779057503,
        "dvar2": 2.49452519417,
        "max": 14.1173095703,
        "mean": 2.92023730278,
        "median": 2.66090607643,
        "min": -0.499395251274,
        "var": 3.30227971077
    },
    "melbands_spread": {
        "dmean": 13.4070920944,
        "dmean2": 19.9285259247,
        "dvar": 415.554412842,
        "dvar2": 824.244995117,
        "max": 241.303497314,
        "mean": 31.7553768158,
        "median": 22.0683193207,
        "min": 2.03797531128,
        "var": 875.310058594
    },
    "pitch_salience": {
        "dmean": 0.0839811712503,
        "dmean2": 0.127651646733,
        "dvar": 0.00618204521015,
        "dvar2": 0.0124910576269,
        "max": 0.817706048489,
        "mean": 0.596132993698,
        "median": 0.615898430347,
        "min": 0.134956181049,
        "var": 0.0140768904239
    },
    "silence_rate_20dB": {
        "dmean": 0,
        "dmean2": 0,
        "dvar": 0,
        "dvar2": 0,
        "max": 1,
        "mean": 1,
        "median": 1,
        "min": 1,
        "var": 0
    },
    "silence_rate_30dB": {
        "dmean": 0.071207433939,
        "dmean2": 0.142525181174,
        "dvar": 0.0661370679736,
        "dvar2": 0.165588542819,
        "max": 1,
        "mean": 0.948955893517,
        "median": 1,
        "min": 0,
        "var": 0.0484385043383
    },
    "silence_rate_60dB": {
        "dmean": 0.0332817323506,
        "dmean2": 0.0666150301695,
        "dvar": 0.0321738272905,
        "dvar2": 0.080768160522,
        "max": 1,
        "mean": 0.0371229685843,
        "median": 0,
        "min": 0,
        "var": 0.0357449650764
    },
    "spectral_centroid": {
        "dmean": 352.970245361,
        "dmean2": 533.514404297,
        "dvar": 159382.765625,
        "dvar2": 305472.03125,
        "max": 4491.43212891,
        "mean": 1467.2322998,
        "median": 1309.17773438,
        "min": 380.165222168,
        "var": 477870.03125
    },
    "spectral_complexity": {
        "dmean": 4.7708978653,
        "dmean2": 6.83810997009,
        "dvar": 29.5852298737,
        "dvar2": 53.1254310608,
        "max": 54,
        "mean": 16.902551651,
        "median": 15,
        "min": 1,
        "var": 85.1320877075
    },
    "spectral_decrease": {
        "dmean": 3.61912833036e-09,
        "dmean2": 4.89431917217e-09,
        "dvar": 3.1469044157e-17,
        "dvar2": 4.81362338829e-17,
        "max": -2.06384589974e-10,
        "mean": -7.05306524296e-09,
        "median": -3.81797793381e-09,
        "min": -4.43415899554e-08,
        "var": 6.87901065977e-17
    },
    "spectral_energy": {
        "dmean": 0.0146194137633,
        "dmean2": 0.0196252781898,
        "dvar": 0.000481731985928,
        "dvar2": 0.00072530657053,
        "max": 0.178898334503,
        "mean": 0.0296039655805,
        "median": 0.0172544196248,
        "min": 0.00114690768532,
        "var": 0.00107930554077
    },
    "spectral_energyband_high": {
        "dmean": 0.00129029131494,
        "dmean2": 0.00174992938992,
        "dvar": 3.46768797499e-06,
        "dvar2": 7.04718604538e-06,
        "max": 0.024607418105,
        "mean": 0.00223043258302,
        "median": 0.00123927043751,
        "min": 2.67823907052e-05,
        "var": 6.23658252152e-06
    },
    "spectral_energyband_low": {
        "dmean": 0.00964474305511,
        "dmean2": 0.0133973155171,
        "dvar": 0.000399647979066,
        "dvar2": 0.00069065153366,
        "max": 0.14058932662,
        "mean": 0.0120692932978,
        "median": 0.00210164557211,
        "min": 4.81708957523e-06,
        "var": 0.000575316080358
    },
    "spectral_energyband_middle_high": {
        "dmean": 0.0021356025245,
        "dmean2": 0.00320820766501,
        "dvar": 1.0489466149e-05,
        "dvar2": 2.21332265937e-05,
        "max": 0.047002736479,
        "mean": 0.00473360577598,
        "median": 0.00204568076879,
        "min": 0.00011631839152,
        "var": 3.57982680725e-05
    },
    "spectral_energyband_middle_low": {
        "dmean": 0.00683423690498,
        "dmean2": 0.0108276735991,
        "dvar": 0.000126283339341,
        "dvar2": 0.00030102673918,
        "max": 0.102311827242,
        "mean": 0.0117272268981,
        "median": 0.00749683566391,
        "min": 0.00027300909278,
        "var": 0.000172906293301
    },
    "spectral_entropy": {
        "dmean": 0.182730689645,
        "dmean2": 0.26012045145,
        "dvar": 0.0295415762812,
        "dvar2": 0.0591204799712,
        "max": 8.75448513031,
        "mean": 7.94224071503,
        "median": 7.94960021973,
        "min": 6.79850387573,
        "var": 0.122864738107
    },
    "spectral_flux": {
        "dmean": 0.0366746112704,
        "dmean2": 0.0564136169851,
        "dvar": 0.0019856793806,
        "dvar2": 0.00398581661284,
        "max": 0.355555385351,
        "mean": 0.105338960886,
        "median": 0.0818486437201,
        "min": 0.0203050263226,
        "var": 0.00482643116266
    },
    "spectral_kurtosis": {
        "dmean": 0.950814068317,
        "dmean2": 1.42240381241,
        "dvar": 0.749767124653,
        "dvar2": 1.75227665901,
        "max": 9.85551548004,
        "mean": 2.40815615654,
        "median": 2.12330245972,
        "min": -1.12652170658,
        "var": 3.41946029663
    },
    "spectral_rms": {
        "dmean": 0.00119189289398,
        "dmean2": 0.00155354908202,
        "dvar": 1.99254850486e-06,
        "dvar2": 2.63569040726e-06,
        "max": 0.0132111683488,
        "mean": 0.00474461866543,
        "median": 0.00410287454724,
        "min": 0.00105779687874,
        "var": 6.37050061414e-06
    },
    "spectral_rolloff": {
        "dmean": 1489.49169922,
        "dmean2": 2347.26831055,
        "dvar": 5214908,
        "dvar2": 9521789,
        "max": 13501.3183594,
        "mean": 3559.07397461,
        "median": 1421.19140625,
        "min": 86.1328125,
        "var": 15504469
    },
    "spectral_skewness": {
        "dmean": 0.216764941812,
        "dmean2": 0.313924789429,
        "dvar": 0.036285135895,
        "dvar2": 0.0826993510127,
        "max": 2.53244423866,
        "mean": 1.39306998253,
        "median": 1.38428497314,
        "min": 0.204671442509,
        "var": 0.167914181948
    },
    "spectral_spread": {
        "dmean": 1020838.9375,
        "dmean2": 1464124,
        "dvar": 1.04388847206e+12,
        "dvar2": 2.08046601011e+12,
        "max": 14024662,
        "mean": 7267716,
        "median": 6905904,
        "min": 3021144.75,
        "var": 4.72864364954e+12
    },
    "spectral_strongpeak": {
        "dmean": 0.56813710928,
        "dmean2": 0.963838636875,
        "dvar": 1.12142312527,
        "dvar2": 3.08229637146,
        "max": 15.7154712677,
        "mean": 0.777570128441,
        "median": 0.425394237041,
        "min": 0.0263273790479,
        "var": 1.13179445267
    },
    "zerocrossingrate": {
        "dmean": 0.0278346762061,
        "dmean2": 0.0300317555666,
        "dvar": 0.00080950348638,
        "dvar2": 0.000780617585406,
        "max": 0.3828125,
        "mean": 0.125049471855,
        "median": 0.09423828125,
        "min": 0.02001953125,
        "var": 0.00627997983247
    },
    "barkbands": {
        "dmean": [0.000263475172687, 0.00880510080606, 0.00198650918901, 0.00186401826795, 0.00247591314837, 0.000883289554622, 0.00153465475887, 0.000903459440451, 0.00147593719885, 0.000813030812424, 0.000402300764108, 0.000549678457901, 0.000364407431334, 0.000311978132231, 0.000242871421506, 0.000257602630882, 0.000241072455538, 0.000244314607698, 9.76002411335e-05, 7.70885744714e-05, 9.48498491198e-05, 0.000180275776074, 0.000275367870927, 0.000281579006696, 0.000300396903185, 0.000376323383534, 5.43475975334e-09],
        "dmean2": [0.000421768374508, 0.0131217492744, 0.0036649396643, 0.0032958148513, 0.00414915429428, 0.0014410901349, 0.00257353810593, 0.00148612190969, 0.00234651076607, 0.00127711123787, 0.000658094300888, 0.000869261857588, 0.000556012499146, 0.00051924365107, 0.000393945927499, 0.000418871757574, 0.000398404459702, 0.000414071168052, 0.000151367203216, 0.000117463408969, 0.00014257793373, 0.000258926156675, 0.000424484838732, 0.000438060611486, 0.000445800047601, 0.000539201835636, 9.26420096192e-09],
        "dvar": [4.38108713752e-07, 0.000407289713621, 2.94317924272e-05, 1.84453183465e-05, 2.5061532142e-05, 2.67864970738e-06, 1.45212552525e-05, 8.97158497537e-06, 1.35692789627e-05, 4.41867632617e-06, 8.81596577074e-07, 1.80647020898e-06, 6.19923014256e-07, 4.27669334613e-07, 4.96962911711e-07, 4.50584053624e-07, 2.8247174555e-07, 3.01698150906e-07, 4.48389911867e-08, 1.99067624607e-08, 1.86600797036e-08, 1.12106391725e-07, 3.10163670747e-07, 4.16596833475e-07, 2.06873792763e-07, 3.73308637336e-07, 4.490304189e-15],
        "dvar2": [1.0103317436e-06, 0.000826852454338, 8.39223575895e-05, 4.97447435919e-05, 6.49220310152e-05, 6.38596793578e-06, 3.47155946656e-05, 2.19000012294e-05, 3.36977427651e-05, 9.71858662524e-06, 2.16746821025e-06, 4.37932249042e-06, 1.44297052884e-06, 1.09509255708e-06, 1.07118546566e-06, 1.12366410576e-06, 7.23277537418e-07, 7.96789095148e-07, 1.01710355693e-07, 4.79918398355e-08, 3.86024758825e-08, 2.64680437567e-07, 7.15995895462e-07, 1.03181082522e-06, 4.34186034681e-07, 8.22859760774e-07, 1.02301640873e-14],
        "max": [0.00454467814416, 0.136128813028, 0.0367942526937, 0.030421204865, 0.0578482523561, 0.0259445644915, 0.0372722372413, 0.0506020188332, 0.0529995411634, 0.0441398210824, 0.0187292266637, 0.0200814250857, 0.0129425758496, 0.00951608363539, 0.0148109011352, 0.0127476127818, 0.00806383043528, 0.00827865023166, 0.00537912081927, 0.00212243432179, 0.00162501132581, 0.00646923109889, 0.00897620618343, 0.013870883733, 0.00382155086845, 0.00627088779584, 1.39262579069e-06],
        "mean": [0.000225197247346, 0.00901754852384, 0.0018234871095, 0.00191024283413, 0.00317039922811, 0.00125982705504, 0.00178637320641, 0.00111733737867, 0.00212963600643, 0.00115783209912, 0.000551249773707, 0.000769475707784, 0.000550011114683, 0.000440220494056, 0.00033049218473, 0.000312458229018, 0.000285879767034, 0.000310210656608, 0.000165885459865, 0.00012869371858, 0.000161423304235, 0.000289051560685, 0.000369032961316, 0.000388863642002, 0.00046730102622, 0.000485841068439, 3.89005805346e-09],
        "median": [7.63226034906e-06, 0.00105071300641, 0.000588469789363, 0.000610426533967, 0.00184568716213, 0.000636927667074, 0.000662400154397, 0.000360045931302, 0.000430753803812, 0.000306037458358, 0.000163131247973, 0.000144304300193, 0.000164374680026, 0.000146397622302, 0.000104672013549, 9.86609084066e-05, 9.57909578574e-05, 8.803455421e-05, 9.49920504354e-05, 7.65331642469e-05, 9.78249372565e-05, 0.000169482009369, 0.000167945181602, 0.000193809668417, 0.000205101328902, 0.000177444439032, 4.27573032535e-10],
        "min": [5.45128431284e-09, 6.83663813561e-07, 7.60943308364e-08, 1.45834201248e-06, 1.27993025671e-05, 3.89587376048e-06, 1.15189077405e-05, 1.69645397818e-06, 1.17917206808e-05, 6.01934516453e-06, 3.28687929141e-06, 3.62751688954e-06, 3.1996985399e-06, 2.75677075479e-06, 4.44012357548e-06, 2.28699150284e-06, 3.86960164178e-06, 3.5318821574e-06, 3.72135923499e-06, 1.41565419653e-06, 2.08736355489e-06, 2.98080703942e-06, 6.21601111561e-06, 1.71114811565e-06, 2.16721628021e-06, 7.46546561459e-07, 1.55652383343e-11],
        "var": [4.04768769613e-07, 0.000456763256807, 1.80263177754e-05, 1.38494133353e-05, 2.32817146752e-05, 4.50794868811e-06, 1.65067049238e-05, 9.37032564252e-06, 2.62095036305e-05, 7.50070785216e-06, 1.69269151229e-06, 3.54551252713e-06, 1.35845721161e-06, 6.76060551541e-07, 6.53847678223e-07, 4.50494013648e-07, 2.85571644554e-07, 4.59139641862e-07, 8.08551092746e-08, 2.73514899618e-08, 3.49405411271e-08, 1.48835155755e-07, 4.43005802708e-07, 4.51684257996e-07, 3.66929867823e-07, 5.22520394952e-07, 3.1165569325e-15]
    },
    "erbbands": {
        "dmean": [0.318690121174, 1.79853093624, 2.22574877739, 4.48708248138, 8.58069419861, 8.20074558258, 7.06790304184, 7.53007411957, 17.4412975311, 22.4568576813, 19.3543491364, 33.6994171143, 29.7660179138, 18.1218338013, 18.8211212158, 19.3053855896, 17.2861423492, 13.1610136032, 14.8492765427, 12.2098846436, 12.3419437408, 13.2002267838, 14.2661027908, 5.6510682106, 4.69360494614, 3.67476415634, 3.7729268074, 4.36126613617, 6.10637044907, 6.32822847366, 8.60447406769, 7.51718187332, 3.7444062233, 2.73065543175, 2.69692397118, 1.89255189896, 0.654590189457, 0.061999335885, 0.00108887616079, 6.42487502773e-05],
        "dmean2": [0.498958796263, 2.65732121468, 3.84758901596, 7.88511037827, 14.7741107941, 13.8930139542, 11.7194051743, 12.3782615662, 28.5306148529, 38.0837898254, 30.3770427704, 52.2523651123, 47.4557495117, 28.7354640961, 30.3823032379, 30.4871063232, 26.4697551727, 20.9366455078, 24.4478034973, 19.2711029053, 19.687669754, 21.9120807648, 23.9097671509, 9.22308635712, 6.8723526001, 5.52732229233, 5.72732305527, 6.47769260406, 8.84353160858, 9.36738586426, 13.4100246429, 11.7639427185, 5.67677497864, 4.09513139725, 4.04221391678, 2.79575920105, 0.947303235531, 0.0947553887963, 0.0016252018977, 8.71182564879e-05],
        "dvar": [0.59416282177, 16.7217407227, 32.7189941406, 106.697425842, 481.336212158, 217.371994019, 278.044830322, 222.608139038, 1680.29919434, 4536.83642578, 3608.01513672, 7793.359375, 5444.50097656, 1792.38916016, 2249.82495117, 1880.3392334, 1482.76904297, 863.377319336, 1071.53686523, 1272.15039062, 559.553833008, 747.308166504, 952.651428223, 92.0909881592, 117.746925354, 37.7012634277, 35.2938766479, 40.3032798767, 119.403991699, 161.328933716, 325.296844482, 316.071533203, 58.3658409119, 18.8163471222, 17.7496032715, 9.98064899445, 1.11467850208, 0.0118348058313, 3.47739592144e-06, 8.15944201094e-09],
        "dvar2": [1.31591594219, 34.5758972168, 88.8999710083, 286.975372314, 1305.54370117, 548.112243652, 703.420471191, 518.244567871, 3733.29711914, 12101.2304688, 7752.97216797, 18732.28125, 13760.6582031, 4013.15991211, 5156.49804688, 4650.13818359, 3416.80859375, 2062.94628906, 2538.49584961, 3163.28979492, 1316.29272461, 1931.65161133, 2491.06591797, 231.236343384, 209.478988647, 83.7676467896, 77.3505706787, 81.0012359619, 268.934173584, 382.910644531, 753.204956055, 816.058776855, 136.900161743, 40.6755409241, 38.6999130249, 22.1555519104, 2.4040825367, 0.027388388291, 7.88412398833e-06, 1.65541358399e-08],
        "max": [5.20275974274, 26.7196540833, 40.1991233826, 89.5048522949, 252.601501465, 153.591079712, 260.403656006, 227.527282715, 603.80645752, 817.596557617, 1146.74572754, 1679.68701172, 1006.59008789, 911.306274414, 1015.49334717, 761.594543457, 595.68927002, 488.24786377, 499.142181396, 655.168884277, 242.918319702, 335.193145752, 373.408172607, 100.280502319, 366.301849365, 83.53956604, 64.1665115356, 76.1116638184, 192.080718994, 282.405822754, 308.576080322, 358.653167725, 154.397674561, 60.937461853, 31.2563095093, 30.5414428711, 9.69932460785, 0.890533685684, 0.0160160753876, 0.000799400499091],
        "mean": [0.299507319927, 1.86036992073, 2.22532510757, 4.83212041855, 9.19959831238, 10.407078743, 8.65527153015, 11.0766363144, 24.0389213562, 24.1952610016, 26.5810699463, 47.5461463928, 44.7439651489, 27.9001922607, 30.1257362366, 28.2792892456, 26.3721065521, 20.4149875641, 23.5308246613, 15.4608316422, 15.8740139008, 16.9179191589, 18.0335845947, 9.13231086731, 8.13316249847, 6.4009141922, 6.57261705399, 7.16961050034, 9.92751216888, 9.57081604004, 11.1885004044, 9.24666881561, 5.59577941895, 4.33998966217, 3.85352921486, 2.44180226326, 0.841439068317, 0.0718244686723, 0.00133759924211, 0.000103221886093],
        "median": [0.0245278291404, 0.251013278961, 0.609830796719, 1.64372992516, 4.58747339249, 5.89980554581, 4.05071973801, 6.12013053894, 9.60163116455, 8.64976119995, 8.63733291626, 10.3380212784, 10.1193065643, 8.1430644989, 7.5523481369, 6.57859897614, 8.19364643097, 7.06283855438, 7.90626716614, 5.18256568909, 5.33188486099, 5.42660856247, 5.42276287079, 4.3589630127, 4.70466804504, 3.95093584061, 3.62202644348, 4.26350688934, 5.8654127121, 5.3905673027, 4.85659503937, 3.85935544968, 2.93106603622, 1.91701173782, 1.54564642906, 0.887146949768, 0.299968183041, 0.0209033917636, 0.00044824485667, 5.43836358702e-05],
        "min": [2.51359942922e-05, 0.000174191955011, 0.001369197038, 0.00500995200127, 0.012533955276, 0.0635269507766, 0.0481958985329, 0.0569153092802, 0.177610695362, 0.139077976346, 0.13469158113, 0.328121870756, 0.218450903893, 0.220821365714, 0.218565702438, 0.204554378986, 0.304035961628, 0.114331819117, 0.215706050396, 0.226815581322, 0.230938225985, 0.25020340085, 0.228910982609, 0.172362446785, 0.173725873232, 0.0893496721983, 0.0544014275074, 0.0909609049559, 0.0959355607629, 0.205306649208, 0.205856069922, 0.122423604131, 0.0490260533988, 0.0106004690751, 0.0183099340647, 0.00722651090473, 0.000764594995417, 3.15207107633e-05, 2.51869391832e-06, 3.16159798786e-06],
        "var": [0.580795943737, 18.7332611084, 24.02684021, 79.625793457, 357.281860352, 242.031906128, 290.27355957, 367.756072998, 2475.35620117, 3482.38427734, 5215.66650391, 13089.6689453, 10134.0283203, 3094.68701172, 5361.88671875, 3822.10644531, 2975.08422852, 1436.91186523, 1970.8861084, 1248.48364258, 731.630004883, 908.149353027, 1345.95776367, 152.769897461, 296.861297607, 62.51902771, 68.767616272, 69.6455459595, 170.718826294, 192.827484131, 471.073181152, 307.858825684, 80.040184021, 34.6596336365, 27.5351295471, 13.4417629242, 1.61456799507, 0.0144373206422, 4.45876639787e-06, 1.3397921883e-08]
    },
    "gfcc": {
        "mean": [32.7601280212, 47.2143096924, -90.2718276978, 20.4476928711, -69.8462219238, 23.7612667084, -46.9085159302, 14.9181003571, -29.135766983, 8.53512573242, -24.4176235199, 8.0119972229, -17.7118339539],
        "cov": [[2286.91894531, 0.30210852623, 99.9601593018, 50.2241172791, 326.258728027, 120.291168213, 119.997268677, 116.375366211, 70.0227813721, 83.8493804932, -74.0506362915, 36.3500099182, -55.2696113586], [0.30210852623, 1209.04833984, -91.9833297729, 125.520690918, 88.5414581299, 137.058502197, 191.047241211, 27.5327033997, 138.776550293, -85.0740280151, 53.6285133362, -59.418888092, 9.35664463043], [99.9601593018, -91.9833297729, 785.927124023, 260.860351562, 62.6667671204, 47.3892440796, -26.7957706451, 0.483438014984, 23.9487495422, 109.285881042, -24.3746318817, -13.3138608932, -52.2832336426], [50.2241172791, 125.520690918, 260.860351562, 506.850097656, 100.98575592, 63.5280952454, -14.1889753342, 1.42526054382, 94.7853927612, 5.87801122665, 30.9157218933, -59.8301887512, 16.7332839966], [326.258728027, 88.5414581299, 62.6667671204, 100.98575592, 272.333312988, 73.2291946411, 58.8617706299, 69.0608978271, 61.7658805847, 31.7050170898, -16.3888511658, 39.8188247681, 4.63393211365], [120.291168213, 137.058502197, 47.3892440796, 63.5280952454, 73.2291946411, 216.393264771, 134.992507935, 54.9171142578, 63.1427459717, -1.0616235733, 26.5749473572, -13.9496107101, 11.0752372742], [119.997268677, 191.047241211, -26.7957706451, -14.1889753342, 58.8617706299, 134.992507935, 222.296920776, 69.5325012207, 20.4043312073, -4.10165977478, 15.0055036545, 19.4894371033, 8.19093894958], [116.375366211, 27.5327033997, 0.483438014984, 1.42526054382, 69.0608978271, 54.9171142578, 69.5325012207, 103.90171814, 51.6038894653, 24.0186538696, 12.5107698441, 18.6201019287, 16.0991687775], [70.0227813721, 138.776550293, 23.9487495422, 94.7853927612, 61.7658805847, 63.1427459717, 20.4043312073, 51.6038894653, 146.005874634, 30.6851596832, 28.5888938904, -6.7304058075, 6.05492115021], [83.8493804932, -85.0740280151, 109.285881042, 5.87801122665, 31.7050170898, -1.0616235733, -4.10165977478, 24.0186538696, 30.6851596832, 119.501945496, 18.7564315796, 11.2896699905, -0.363822489977], [-74.0506362915, 53.6285133362, -24.3746318817, 30.9157218933, -16.3888511658, 26.5749473572, 15.0055036545, 12.5107698441, 28.5888938904, 18.7564315796, 79.1417388916, 13.5885906219, 15.1005802155], [36.3500099182, -59.418888092, -13.3138608932, -59.8301887512, 39.8188247681, -13.9496107101, 19.4894371033, 18.6201019287, -6.7304058075, 11.2896699905, 13.5885906219, 96.8941116333, 14.7203989029], [-55.2696113586, 9.35664463043, -52.2832336426, 16.7332839966, 4.63393211365, 11.0752372742, 8.19093894958, 16.0991687775, 6.05492115021, -0.363822489977, 15.1005802155, 14.7203989029, 63.0904769897]],
        "icov": [[0.000581373693421, 8.41036853672e-06, 0.000127438979689, -9.32222610572e-05, -0.000474941072753, -0.000228796663578, -2.27411310334e-05, -0.000298014143482, 9.77575109573e-05, -0.000434687448433, 0.000610745104495, -0.000159145653015, 0.000671501271427], [8.41036853672e-06, 0.00149350299034, -0.000271171069471, 0.000428661995102, -0.000939869612921, 0.00106232811231, -0.00197509722784, 0.0014982954599, -0.00192430766765, 0.00174548686482, -0.00156930438243, 0.00176867190748, -0.000638213416096], [0.000127438979689, -0.000271171069471, 0.00256661744788, -0.00194616243243, 0.000966862891801, -0.00175364932511, 0.00115889695007, -0.000937703181989, 0.00150106637739, -0.0031654483173, 0.0025988004636, -0.00208610971458, 0.00282304827124], [-9.32222610572e-05, 0.000428661995102, -0.00194616243243, 0.00450574699789, -0.00256127351895, 0.00143939408008, -0.00088708801195, 0.00235626567155, -0.00277500413358, 0.00300583359785, -0.00376815511845, 0.00428768852726, -0.00331857753918], [-0.000474941072753, -0.000939869612921, 0.000966862891801, -0.00256127351895, 0.00788184907287, -0.00275877863169, 0.00172537460458, -0.00373948132619, 0.00078369025141, -0.00289275194518, 0.00535783357918, -0.00574578344822, 0.00180581817403], [-0.000228796663578, 0.00106232811231, -0.00175364932511, 0.00143939408008, -0.00275877863169, 0.0115535352379, -0.00737732229754, 0.00203119474463, -0.00451659690589, 0.00403428310528, -0.00509563647211, 0.00569759821519, -0.00323208095506], [-2.27411310334e-05, -0.00197509722784, 0.00115889695007, -0.00088708801195, 0.00172537460458, -0.00737732229754, 0.0119843408465, -0.00655223196372, 0.00504515273497, -0.0024665647652, 0.00266489526257, -0.004660456907, 0.00270417844877], [-0.000298014143482, 0.0014982954599, -0.000937703181989, 0.00235626567155, -0.00373948132619, 0.00203119474463, -0.00655223196372, 0.0194313991815, -0.00723150977865, 0.000956486270297, -0.00280454265885, 0.00234710797668, -0.00525179412216], [9.77575109573e-05, -0.00192430766765, 0.00150106637739, -0.00277500413358, 0.00078369025141, -0.00451659690589, 0.00504515273497, -0.00723150977865, 0.014321429655, -0.0048291827552, 0.000552899262402, -0.00234101852402, 0.00328814657405], [-0.000434687448433, 0.00174548686482, -0.0031654483173, 0.00300583359785, -0.00289275194518, 0.00403428310528, -0.0024665647652, 0.000956486270297, -0.0048291827552, 0.0151808233932, -0.00734118185937, 0.00413836585358, -0.00313714658841], [0.000610745104495, -0.00156930438243, 0.0025988004636, -0.00376815511845, 0.00535783357918, -0.00509563647211, 0.00266489526257, -0.00280454265885, 0.000552899262402, -0.00734118185937, 0.0220332350582, -0.00850353110582, 0.00140653236303], [-0.000159145653015, 0.00176867190748, -0.00208610971458, 0.00428768852726, -0.00574578344822, 0.00569759821519, -0.004660456907, 0.00234710797668, -0.00234101852402, 0.00413836585358, -0.00850353110582, 0.0189494863153, -0.00597721757367], [0.000671501271427, -0.000638213416096, 0.00282304827124, -0.00331857753918, 0.00180581817403, -0.00323208095506, 0.00270417844877, -0.00525179412216, 0.00328814657405, -0.00313714658841, 0.00140653236303, -0.00597721757367, 0.0219009034336]]
    },
    "melbands": {
        "dmean": [0.00268010050058, 0.00139137753285, 0.000890852243174, 0.000597062753513, 0.000264217873337, 0.000170206767507, 0.00028568712878, 0.000236636362388, 0.000156562033226, 0.000222975722863, 0.00015403002908, 8.07379037724e-05, 5.76264792471e-05, 6.70154840918e-05, 3.90904860978e-05, 3.61996535503e-05, 2.56114853983e-05, 2.64835016424e-05, 1.75036839209e-05, 1.8554064809e-05, 1.38658133437e-05, 1.23169857034e-05, 1.9529607016e-05, 9.53748167376e-06, 4.31414218838e-06, 3.76115781364e-06, 2.92424738291e-06, 2.49090840043e-06, 2.48652372647e-06, 2.24820541916e-06, 2.86385306936e-06, 3.598876674e-06, 3.80089545615e-06, 3.63219760402e-06, 4.7994299166e-06, 5.57513067179e-06, 4.50291281595e-06, 2.72468219009e-06, 2.45088085649e-06, 2.4817090889e-06],
        "dmean2": [0.00406715739518, 0.00206695520319, 0.00156506639905, 0.00100655853748, 0.000440703966888, 0.000278068240732, 0.000469168764539, 0.000401031953515, 0.00024674818269, 0.000348960747942, 0.000245282019023, 0.000127533261548, 9.46464642766e-05, 0.000104537968582, 6.41265651211e-05, 5.48728203285e-05, 4.15069771407e-05, 4.425572115e-05, 2.80718522845e-05, 2.9737904697e-05, 2.24788236665e-05, 2.03887339012e-05, 3.2219926652e-05, 1.62073665706e-05, 7.06267337591e-06, 5.79333027417e-06, 4.30204136137e-06, 3.92339688915e-06, 3.82589496439e-06, 3.45363741872e-06, 4.30860472989e-06, 5.3208045756e-06, 5.76141474085e-06, 5.55739734409e-06, 7.56637427912e-06, 8.79107301444e-06, 7.17660850569e-06, 4.19508478444e-06, 3.80406868317e-06, 3.78539152734e-06],
        "dvar": [3.92033180105e-05, 9.42183760344e-06, 4.22222319685e-06, 1.51404435655e-06, 3.41288483696e-07, 1.06790629673e-07, 4.44175100256e-07, 4.89788874347e-07, 1.97025812554e-07, 3.34369360644e-07, 1.46240566323e-07, 4.34479758837e-08, 1.88926811973e-08, 2.99317441943e-08, 7.83949438699e-09, 7.45367056965e-09, 3.12941228486e-09, 3.38332140082e-09, 3.58508600584e-09, 3.45172423977e-09, 6.92489732224e-10, 6.30382357425e-10, 2.42387709903e-09, 4.40246256117e-10, 5.42065350939e-11, 6.17234527378e-11, 4.34594651932e-11, 1.77875630891e-11, 1.85573674483e-11, 1.10806745723e-11, 1.80434608227e-11, 4.06657242602e-11, 6.35238112112e-11, 5.05217707947e-11, 9.75920871893e-11, 1.74952760612e-10, 1.15504272813e-10, 3.55683885123e-11, 1.68571163972e-11, 1.61148056704e-11],
        "dvar2": [8.27132535051e-05, 2.02761057153e-05, 1.12940842882e-05, 3.97450958189e-06, 8.45927388582e-07, 2.50390172596e-07, 9.94762217488e-07, 1.30281148358e-06, 4.0062641915e-07, 8.03478883427e-07, 3.63306241979e-07, 9.53272163429e-08, 4.40127934098e-08, 6.96884825402e-08, 2.03610959204e-08, 1.66037796845e-08, 7.58003970702e-09, 8.65647731274e-09, 7.45367501054e-09, 8.95175311655e-09, 1.70136238431e-09, 1.61709867719e-09, 6.31953067654e-09, 1.20634147116e-09, 1.36657185568e-10, 1.37783576215e-10, 6.90873816489e-11, 4.18869001984e-11, 4.3265790256e-11, 2.42893118813e-11, 3.80013971679e-11, 9.32520380359e-11, 1.59913457476e-10, 1.17429857505e-10, 2.3534507676e-10, 4.24446339187e-10, 2.98477603744e-10, 8.54768963943e-11, 3.92790765191e-11, 3.54225711263e-11],
        "max": [0.0423212386668, 0.0208642352372, 0.0148621592671, 0.014916067943, 0.00912261102349, 0.00466971565038, 0.00815458223224, 0.00829476770014, 0.00791046768427, 0.00983195751905, 0.00498089427128, 0.004793247208, 0.00276367994957, 0.00286328024231, 0.000959309749305, 0.00167329004034, 0.000917167926673, 0.000702509947587, 0.00136505207047, 0.00121032760944, 0.000294792145723, 0.00024629055406, 0.000790901889559, 0.000188539823284, 8.19081324153e-05, 0.000171359264641, 0.000242143913056, 4.57147216366e-05, 5.0565773563e-05, 3.5257635318e-05, 4.80579037685e-05, 9.92372297333e-05, 0.000158547016326, 0.000150688021677, 0.000154874229338, 0.000216430431465, 0.000233856655541, 0.000108344502223, 6.38843048364e-05, 5.19469249411e-05],
        "mean": [0.00263653509319, 0.00162640272174, 0.000952367554419, 0.000747490674257, 0.000331790273776, 0.000251313875197, 0.00037484895438, 0.000259721535258, 0.000221121124923, 0.000313487573294, 0.000223912502406, 0.000117649520689, 8.70403891895e-05, 9.72357665887e-05, 5.88112015976e-05, 5.24817842233e-05, 3.65541491192e-05, 4.08673258789e-05, 2.25618696277e-05, 2.20552738028e-05, 1.71137653524e-05, 1.50690357259e-05, 2.30325931625e-05, 1.17283143481e-05, 6.76710851621e-06, 6.0097113419e-06, 5.05260959471e-06, 4.00258795707e-06, 4.11365454056e-06, 3.47174773196e-06, 4.49847311756e-06, 5.76876391278e-06, 5.44382010048e-06, 5.21552192367e-06, 6.20771152171e-06, 6.43041494186e-06, 5.5853165577e-06, 3.70938892047e-06, 3.73031934942e-06, 3.66358563042e-06],
        "median": [0.000267268362222, 0.000346709100995, 0.000394413771573, 0.000424459285568, 0.000167552891071, 0.000130799875478, 0.000151437183376, 9.10627641133e-05, 6.27918634564e-05, 6.13834054093e-05, 4.85739619762e-05, 3.12267802656e-05, 2.49062541116e-05, 1.83724732779e-05, 1.69980448845e-05, 1.48156786963e-05, 1.26434015328e-05, 1.28065667013e-05, 7.01478711562e-06, 6.7298869908e-06, 5.81580252401e-06, 5.34176751898e-06, 5.40643668501e-06, 3.85443536288e-06, 3.33010757458e-06, 3.2771088172e-06, 2.92452523354e-06, 2.34024878409e-06, 2.08127949008e-06, 1.94646986529e-06, 2.58634463535e-06, 3.36769107889e-06, 2.89886520477e-06, 2.98475470117e-06, 2.88073601951e-06, 1.98428074327e-06, 2.43962858804e-06, 1.78073469215e-06, 1.70559735579e-06, 1.49214542944e-06],
        "min": [1.88270007584e-07, 6.75930834859e-07, 1.22104779621e-06, 1.55177792749e-06, 2.267589025e-06, 1.05937715489e-06, 2.44922739512e-06, 1.21893356209e-06, 1.01636442196e-06, 1.93278083316e-06, 8.45834222218e-07, 2.26678793069e-07, 4.51354367215e-07, 2.88822235461e-07, 5.08732853177e-07, 5.16630393577e-07, 1.57253325028e-07, 3.11396490815e-07, 3.46482892155e-07, 2.17984378992e-07, 2.43340622319e-07, 1.59148669354e-07, 1.9620323144e-07, 1.27044444298e-07, 1.05932798533e-07, 1.22905561284e-07, 1.00193410901e-07, 4.44588899029e-08, 2.22831477714e-08, 4.99720940184e-08, 4.21020942554e-08, 3.44235040473e-08, 8.84094006892e-08, 7.80489894936e-09, 1.15382995602e-07, 6.25004759058e-08, 8.54508641623e-09, 1.96410976372e-09, 5.34567112798e-10, 1.28797095211e-09],
