{
"highlevel": {
    "danceability": {
        "all": {
            "danceable": 0.992225527763,
            "not_danceable": 0.00777446245775
        },
        "probability": 0.992225527763,
        "value": "danceable"
    },
    "gender": {
        "all": {
            "female": 0.757529914379,
            "male": 0.242470055819
        },
        "probability": 0.757529914379,
        "value": "female"
    },
    "genre_dortmund": {
        "all": {
            "alternative": 0.0624609366059,
            "blues": 0.061746455729,
            "electronic": 0.0596096068621,
            "folkcountry": 0.274635851383,
            "funksoulrnb": 0.0171366948634,
            "jazz": 0.0459412038326,
            "pop": 0.249881610274,
            "raphiphop": 0.0819343551993,
            "rock": 0.146653279662
        },
        "probability": 0.274635851383,
        "value": "folkcountry"
    },
    "genre_electronic": {
        "all": {
            "ambient": 0.138765230775,
            "dnb": 0.185938000679,
            "house": 0.149604156613,
            "techno": 0.0291476715356,
            "trance": 0.496544957161
        },
        "probability": 0.496544957161,
        "value": "trance"
    },
    "genre_rosamerica": {
        "all": {
            "cla": 0.00104966829531,
            "dan": 0.397669821978,
            "hip": 0.0286518409848,
            "jaz": 0.00163327855989,
            "pop": 0.429696947336,
            "rhy": 0.0412009432912,
            "roc": 0.0985900685191,
            "spe": 0.00150741811376
        },
        "probability": 0.429696947336,
        "value": "pop"
    },
    "genre_tzanetakis": {
        "all": {
            "blu": 0.0626541376114,
            "cla": 0.0348133966327,
            "cou": 0.0783501937985,
            "dis": 0.104547761381,
            "hip": 0.15693578124,
            "jaz": 0.313987255096,
            "met": 0.044816005975,
            "pop": 0.0627349764109,
            "reg": 0.0627352520823,
            "roc": 0.0784252434969
        },
        "probability": 0.313987255096,
        "value": "jaz"
    },
    "ismir04_rhythm": {
        "all": {
            "ChaChaCha": 0.022507045418,
            "Jive": 0.15525148809,
            "Quickstep": 0.00434288661927,
            "Rumba-American": 0.00598190072924,
            "Rumba-International": 0.0188637021929,
            "Rumba-Misc": 0.00594712188467,
            "Samba": 0.779116094112,
            "Tango": 0.00103288586251,
            "VienneseWaltz": 0.00424982048571,
            "Waltz": 0.00270706787705
        },
        "probability": 0.779116094112,
        "value": "Samba"
    },
    "mood_acoustic": {
        "all": {
            "acoustic": 0.0890379697084,
            "not_acoustic": 0.910962045193
        },
        "probability": 0.910962045193,
        "value": "not_acoustic"
    },
    "mood_aggressive": {
        "all": {
            "aggressive": 0.11672283709,
            "not_aggressive": 0.883277177811
        },
        "probability": 0.883277177811,
        "value": "not_aggressive"
    },
    "mood_electronic": {
        "all": {
            "electronic": 0.775194585323,
            "not_electronic": 0.224805429578
        },
        "probability": 0.775194585323,
        "value": "electronic"
    },
    "mood_happy": {
        "all": {
            "happy": 0.5,
            "not_happy": 0.5
        },
        "probability": 0.5,
        "value": "happy"
    },
    "mood_party": {
        "all": {
            "not_party": 0.642964959145,
            "party": 0.357035040855
        },
        "probability": 0.642964959145,
        "value": "not_party"
    },
    "mood_relaxed": {
        "all": {
            "not_relaxed": 0.740428566933,
            "relaxed": 0.259571433067
        },
        "probability": 0.740428566933,
        "value": "not_relaxed"
    },
    "mood_sad": {
        "all": {
            "not_sad": 0.687456727028,
            "sad": 0.312543272972
        },
        "probability": 0.687456727028,
        "value": "not_sad"
    },
    "moods_mirex": {
        "all": {
            "Cluster1": 0.459073454142,
            "Cluster2": 0.297953367233,
            "Cluster3": 0.0920888781548,
            "Cluster4": 0.0687566399574,
            "Cluster5": 0.0821276530623
        },
        "probability": 0.459073454142,
        "value": "Cluster1"
    },
    "timbre": {
        "all": {
            "bright": 0.963884651661,
            "dark": 0.0361153483391
        },
        "probability": 0.963884651661,
        "value": "bright"
    },
    "tonal_atonal": {
        "all": {
            "atonal": 0.0634657368064,
            "tonal": 0.936534285545
        },
        "probability": 0.936534285545,
        "value": "tonal"
    },
    "voice_instrumental": {
        "all": {
            "instrumental": 0.00621723616496,
            "voice": 0.993782758713
        },
        "probability": 0.993782758713,
        "value": "voice"
    }
},
"lowlevel": {
    "average_loudness": 0.981013059616,
    "barkbands_crest": {
        "dmean": 2.95628094673,
        "dmean2": 4.66100072861,
        "dvar": 7.75514888763,
        "dvar2": 17.8932228088,
        "max": 24.8890743256,
        "mean": 11.5985507965,
        "median": 10.3872117996,
        "min": 2.76982665062,
        "var": 22.3861846924
    },
    "barkbands_flatness_db": {
        "dmean": 0.0313071832061,
        "dmean2": 0.048703353852,
        "dvar": 0.000909074442461,
        "dvar2": 0.00209866184741,
        "max": 0.391972571611,
        "mean": 0.152286410332,
        "median": 0.140792638063,
        "min": 0.0482234433293,
        "var": 0.00284843798727
    },
    "barkbands_kurtosis": {
        "dmean": 5.24948596954,
        "dmean2": 8.59082221985,
        "dvar": 95.9546813965,
        "dvar2": 250.920272827,
        "max": 166.479598999,
        "mean": 6.58791875839,
        "median": 3.13741540909,
        "min": -1.66067874432,
        "var": 125.488861084
    },
    "barkbands_skewness": {
        "dmean": 0.737475633621,
        "dmean2": 1.17773127556,
        "dvar": 0.728862285614,
        "dvar2": 1.79832339287,
        "max": 10.6083450317,
        "mean": 2.11048150063,
        "median": 1.81669187546,
        "min": -0.0836119130254,
        "var": 1.62098777294
    },
    "barkbands_spread": {
        "dmean": 8.71865367889,
        "dmean2": 13.6773290634,
        "dvar": 86.3462219238,
        "dvar2": 205.550064087,
        "max": 89.6315689087,
        "mean": 25.6924190521,
        "median": 23.7584438324,
        "min": 0.793382585049,
        "var": 231.315719604
    },
    "dissonance": {
        "dmean": 0.0166336372495,
        "dmean2": 0.0270067565143,
        "dvar": 0.000234966937569,
        "dvar2": 0.000572627934162,
        "max": 0.499718308449,
        "mean": 0.464816659689,
        "median": 0.469682723284,
        "min": 0.315373033285,
        "var": 0.000575549318455
    },
    "dynamic_complexity": 1.55846142769,
    "erbbands_crest": {
        "dmean": 2.52436232567,
        "dmean2": 4.05952358246,
        "dvar": 5.36387872696,
        "dvar2": 12.2093553543,
        "max": 26.7764816284,
        "mean": 8.36204814911,
        "median": 7.4791059494,
        "min": 2.32970881462,
        "var": 15.714838028
    },
    "erbbands_flatness_db": {
        "dmean": 0.0170145649463,
        "dmean2": 0.0244852807373,
        "dvar": 0.000290400785161,
        "dvar2": 0.00057356787147,
        "max": 0.267835319042,
        "mean": 0.13575707376,
        "median": 0.1321208179,
        "min": 0.0730070397258,
        "var": 0.000921949220356
    },
    "erbbands_kurtosis": {
        "dmean": 0.705282151699,
        "dmean2": 1.10337257385,
        "dvar": 0.881489634514,
        "dvar2": 2.24427938461,
        "max": 13.1404380798,
        "mean": -0.267653673887,
        "median": -0.65534734726,
        "min": -1.76660430431,
        "var": 1.74487233162
    },
    "erbbands_skewness": {
        "dmean": 0.373586922884,
        "dmean2": 0.564752042294,
        "dvar": 0.105020307004,
        "dvar2": 0.243245333433,
        "max": 2.91948127747,
        "mean": 0.326187461615,
        "median": 0.321460604668,
        "min": -1.52961659431,
        "var": 0.439915835857
    },
    "erbbands_spread": {
        "dmean": 12.3934612274,
        "dmean2": 18.6040439606,
        "dvar": 157.547851562,
        "dvar2": 351.943267822,
        "max": 151.455429077,
        "mean": 54.8868789673,
        "median": 53.1362953186,
        "min": 10.3873119354,
        "var": 453.368865967
    },
    "hfc": {
        "dmean": 9.29976272583,
        "dmean2": 14.3855886459,
        "dvar": 132.943130493,
        "dvar2": 328.311279297,
        "max": 114.422691345,
        "mean": 29.0429229736,
        "median": 28.7263259888,
        "min": 1.28298938274,
        "var": 291.173339844
    },
    "melbands_crest": {
        "dmean": 4.18774318695,
        "dmean2": 6.81137275696,
        "dvar": 13.9063215256,
        "dvar2": 34.1202316284,
        "max": 33.8688201904,
        "mean": 16.5760364532,
        "median": 15.981669426,
        "min": 4.36491584778,
        "var": 37.2112579346
    },
    "melbands_flatness_db": {
        "dmean": 0.038788639009,
        "dmean2": 0.0588636212051,
        "dvar": 0.00144905631896,
        "dvar2": 0.00325975823216,
        "max": 0.516148984432,
        "mean": 0.211776584387,
        "median": 0.198426991701,
        "min": 0.0784906968474,
        "var": 0.00510398345068
    },
    "melbands_kurtosis": {
        "dmean": 14.3705415726,
        "dmean2": 23.4778022766,
        "dvar": 572.197265625,
        "dvar2": 1399.67199707,
        "max": 306.006439209,
        "mean": 23.2550029755,
        "median": 14.4303665161,
        "min": -0.299873113632,
        "var": 777.377990723
    },
    "melbands_skewness": {
        "dmean": 1.08896672726,
        "dmean2": 1.72079610825,
        "dvar": 1.66428923607,
        "dvar2": 3.9792277813,
        "max": 14.9931125641,
        "mean": 3.64687418938,
        "median": 3.29517817497,
        "min": 0.251640200615,
        "var": 3.5106754303
    },
    "melbands_spread": {
        "dmean": 7.3900718689,
        "dmean2": 11.7049655914,
        "dvar": 61.2331008911,
        "dvar2": 147.980148315,
        "max": 70.687713623,
        "mean": 20.0985965729,
        "median": 17.6986789703,
        "min": 0.740993201733,
        "var": 160.519119263
    },
    "pitch_salience": {
        "dmean": 0.0929758325219,
        "dmean2": 0.153703898191,
        "dvar": 0.00862726196647,
        "dvar2": 0.0230740141124,
        "max": 0.838475763798,
        "mean": 0.512949466705,
        "median": 0.526437342167,
        "min": 0.0845353007317,
        "var": 0.0174541119486
    },
    "silence_rate_20dB": {
        "dmean": 0,
        "dmean2": 0,
        "dvar": 0,
        "dvar2": 0,
        "max": 1,
        "mean": 1,
        "median": 1,
        "min": 1,
        "var": 0
    },
    "silence_rate_30dB": {
        "dmean": 0.0634674951434,
        "dmean2": 0.127033308148,
        "dvar": 0.0594395436347,
        "dvar2": 0.155824676156,
        "max": 1,
        "mean": 0.956689894199,
        "median": 1,
        "min": 0,
        "var": 0.0414347760379
    },
    "silence_rate_60dB": {
        "dmean": 0,
        "dmean2": 0,
        "dvar": 0,
        "dvar2": 0,
        "max": 0,
        "mean": 0,
        "median": 0,
        "min": 0,
        "var": 0
    },
    "spectral_centroid": {
        "dmean": 333.817596436,
        "dmean2": 519.738525391,
        "dvar": 102987.5625,
        "dvar2": 255164.609375,
        "max": 3272.19433594,
        "mean": 1370.02441406,
        "median": 1345.96643066,
        "min": 226.496612549,
        "var": 336948.03125
    },
    "spectral_complexity": {
        "dmean": 5.1493806839,
        "dmean2": 8.03640556335,
        "dvar": 30.0233192444,
        "dvar2": 65.8057327271,
        "max": 47,
        "mean": 21.5638046265,
        "median": 20,
        "min": 2,
        "var": 80.2596893311
    },
    "spectral_decrease": {
        "dmean": 4.8328869795e-09,
        "dmean2": 7.60180540738e-09,
        "dvar": 3.91840882471e-17,
        "dvar2": 8.86041329104e-17,
        "max": -1.21875476378e-09,
        "mean": -1.18017497996e-08,
        "median": -8.9863680941e-09,
        "min": -5.16129432526e-08,
        "var": 6.38336006626e-17
    },
    "spectral_energy": {
        "dmean": 0.0186495948583,
        "dmean2": 0.0291518401355,
        "dvar": 0.000562812143471,
        "dvar2": 0.0012623333605,
        "max": 0.198619440198,
        "mean": 0.0471768081188,
        "median": 0.0371435657144,
        "min": 0.00497763417661,
        "var": 0.000935462478083
    },
    "spectral_energyband_high": {
        "dmean": 0.000805582501926,
        "dmean2": 0.00123646354768,
        "dvar": 1.08885888039e-06,
        "dvar2": 2.71839098787e-06,
        "max": 0.0118424734101,
        "mean": 0.00182301166933,
        "median": 0.00146870897152,
        "min": 8.44673877509e-07,
        "var": 2.45940100285e-06
    },
    "spectral_energyband_low": {
        "dmean": 0.0162571687251,
        "dmean2": 0.0264044534415,
        "dvar": 0.000610704591963,
        "dvar2": 0.00148327299394,
        "max": 0.185109898448,
        "mean": 0.0260803308338,
        "median": 0.0139761744067,
        "min": 0.000116382980195,
        "var": 0.000887183647137
    },
    "spectral_energyband_middle_high": {
        "dmean": 0.0018691009609,
        "dmean2": 0.00292971380986,
        "dvar": 5.44891781828e-06,
        "dvar2": 1.24946282085e-05,
        "max": 0.0302568934858,
        "mean": 0.004950101953,
        "median": 0.00365779804997,
        "min": 0.000145703103044,
        "var": 2.07012726605e-05
    },
    "spectral_energyband_middle_low": {
        "dmean": 0.00776722840965,
        "dmean2": 0.0126620363444,
        "dvar": 0.000121677388961,
        "dvar2": 0.000307167851133,
        "max": 0.0875336453319,
        "mean": 0.0167535152286,
        "median": 0.0141271958128,
        "min": 0.000385489402106,
        "var": 0.000140615171404
    },
    "spectral_entropy": {
        "dmean": 0.223398372531,
        "dmean2": 0.332051485777,
        "dvar": 0.0465290360153,
        "dvar2": 0.0974865779281,
        "max": 8.52616786957,
        "mean": 7.60686922073,
        "median": 7.62396860123,
        "min": 5.90695381165,
        "var": 0.15716162324
    },
    "spectral_flux": {
        "dmean": 0.0456905588508,
        "dmean2": 0.0707283839583,
        "dvar": 0.00232312059961,
        "dvar2": 0.00486995931715,
        "max": 0.386270105839,
        "mean": 0.122215479612,
        "median": 0.101836591959,
        "min": 0.0139405019581,
        "var": 0.00465277954936
    },
    "spectral_kurtosis": {
        "dmean": 1.46574139595,
        "dmean2": 2.24408435822,
        "dvar": 5.27699041367,
        "dvar2": 10.1861000061,
        "max": 53.2337112427,
        "mean": 3.20841932297,
        "median": 2.49980401993,
        "min": -1.24353432655,
        "var": 11.8234930038
    },
    "spectral_rms": {
        "dmean": 0.00122840947006,
        "dmean2": 0.0018823571736,
        "dvar": 1.84900432032e-06,
        "dvar2": 3.79884863833e-06,
        "max": 0.0139203108847,
        "mean": 0.00648774253204,
        "median": 0.00601976970211,
        "min": 0.00220368523151,
        "var": 3.9354126784e-06
    },
    "spectral_rolloff": {
        "dmean": 724.097045898,
        "dmean2": 1249.89379883,
        "dvar": 1255404.875,
        "dvar2": 3025688,
        "max": 8376.41601562,
        "mean": 1306.86364746,
        "median": 753.662109375,
        "min": 64.599609375,
        "var": 1954727.75
    },
    "spectral_skewness": {
        "dmean": 0.232584357262,
        "dmean2": 0.345610558987,
        "dvar": 0.0594454668462,
        "dvar2": 0.118437938392,
        "max": 5.61390638351,
        "mean": 1.40326428413,
        "median": 1.34478664398,
        "min": 0.438866704702,
        "var": 0.225237220526
    },
    "spectral_spread": {
        "dmean": 853281.875,
        "dmean2": 1198610.75,
        "dvar": 903876640768,
        "dvar2": 1.7388732416e+12,
        "max": 14250121,
        "mean": 5468144,
        "median": 5363819,
        "min": 1182418.75,
        "var": 2.68504006656e+12
    },
    "spectral_strongpeak": {
        "dmean": 0.439863324165,
        "dmean2": 0.741683125496,
        "dvar": 0.406360268593,
        "dvar2": 0.956122875214,
        "max": 5.51582479477,
        "mean": 0.815533638,
        "median": 0.482176154852,
        "min": 0.0947500616312,
        "var": 0.728602647781
    },
    "zerocrossingrate": {
        "dmean": 0.0132508650422,
        "dmean2": 0.0164907444268,
        "dvar": 0.000142283024616,
        "dvar2": 0.000189142927411,
        "max": 0.18505859375,
        "mean": 0.0600702986121,
        "median": 0.05810546875,
        "min": 0.00341796875,
        "var": 0.000949446926825
    },
    "barkbands": {
        "dmean": [0.000465798308142, 0.0103477556258, 0.0066270660609, 0.00382078904659, 0.00316197844222, 0.00121041934472, 0.00157436076552, 0.00125793670304, 0.000627082888968, 0.000505243078806, 0.000503022165503, 0.000245550269028, 0.000289186486043, 0.000271255848929, 0.000312158139423, 0.000214701256482, 0.000251096818829, 0.000400600605644, 0.000208227022085, 0.00024463943555, 0.000178173242602, 0.000100299461337, 0.0001988945005, 0.000234404738876, 0.000141140000778, 3.10446848744e-05, 2.92611979091e-08],
        "dmean2": [0.000686312094331, 0.0165166929364, 0.0118934884667, 0.00648900680244, 0.005503710825, 0.0020007500425, 0.00246316776611, 0.00189048494212, 0.000988227780908, 0.000791105732787, 0.000723542529158, 0.000388372543966, 0.000499174697325, 0.000426670274464, 0.000515065272339, 0.000361720536603, 0.000409713917179, 0.0006233304739, 0.000350362533936, 0.000384702900192, 0.000272626843071, 0.000147901722812, 0.000303674984025, 0.000375925621483, 0.000226140255108, 5.1607235946e-05, 5.11579862916e-08],
        "dvar": [5.177733442e-07, 0.000322564592352, 0.00022793241078, 5.86346104683e-05, 2.70707496384e-05, 3.63351250598e-06, 8.01682472229e-06, 7.03305340721e-06, 2.25155440603e-06, 1.7276518065e-06, 1.5096311472e-06, 2.20446452204e-07, 3.42948851539e-07, 2.41384185529e-07, 2.47148022936e-07, 2.08934906709e-07, 2.09502076132e-07, 4.34150479123e-07, 8.48971382084e-08, 1.10062849501e-07, 5.4916220904e-08, 2.64509392167e-08, 7.68369687876e-08, 1.27102353531e-07, 4.65173535247e-08, 4.20102663767e-09, 1.04151916583e-14],
        "dvar2": [1.03053253042e-06, 0.000792266335338, 0.000629602873232, 0.00014541982091, 7.62164272601e-05, 9.3536436907e-06, 1.79289472726e-05, 1.44005816765e-05, 4.99396537634e-06, 3.85503972211e-06, 3.06551896756e-06, 5.21308095358e-07, 9.20061495435e-07, 5.3786970966e-07, 6.28777002021e-07, 5.31142575255e-07, 4.82050211303e-07, 1.02832427729e-06, 2.08843331961e-07, 2.5136239401e-07, 1.25100569903e-07, 5.9164769084e-08, 1.83612073101e-07, 3.34921850254e-07, 1.19228502626e-07, 1.11534461666e-08, 2.61530350192e-14],
        "max": [0.00583675317466, 0.132905378938, 0.100850984454, 0.0514159537852, 0.0479867644608, 0.024609874934, 0.0298107583076, 0.0368611998856, 0.0216215662658, 0.0201392881572, 0.0247987322509, 0.00931852124631, 0.00671452982351, 0.0108185913414, 0.00560309831053, 0.00686972402036, 0.00619693705812, 0.00936952978373, 0.00422930670902, 0.00378123251721, 0.00330083956942, 0.00183129345533, 0.00337845087051, 0.00447170156986, 0.00310648046434, 0.000909199006855, 1.4797667518e-06],
        "mean": [0.000767438265029, 0.0177182350308, 0.00532412622124, 0.00352623360232, 0.00490917544812, 0.00242103775963, 0.00277763325721, 0.00191148451995, 0.000857604143675, 0.000801015819889, 0.000825815135613, 0.000396382121835, 0.000333663541824, 0.000433218170656, 0.000431147083873, 0.000290639698505, 0.000391321926145, 0.00073757552309, 0.000350983842509, 0.000465040589916, 0.000349011446815, 0.000169132850715, 0.000351806083927, 0.000388592918171, 0.000209383375477, 3.9127025957e-05, 2.06360670774e-08],
        "median": [0.000546592345927, 0.00903068296611, 0.00130049395375, 0.000962798832916, 0.00330520910211, 0.00151547091082, 0.00127873802558, 0.000538861961104, 0.000245717761572, 0.00028071241104, 0.000219422319788, 0.000223232113058, 0.000142772943946, 0.000192452571355, 0.000212925093365, 0.00013099120406, 0.000205437725526, 0.000396586518036, 0.000226161559112, 0.000235322440858, 0.000186698860489, 5.50265176571e-05, 0.000216543092392, 0.000242586218519, 0.000118518568343, 1.7370130081e-05, 9.48052969463e-10],
        "min": [2.72347246977e-08, 1.29281479531e-05, 2.99709176943e-06, 1.59460546456e-06, 1.72177988134e-05, 2.56698217527e-06, 1.22824112623e-05, 3.4129739106e-06, 2.72055490314e-06, 1.21760376715e-06, 3.25143651025e-06, 8.81913194917e-07, 2.07888865589e-06, 6.54622544971e-06, 9.29427983465e-07, 1.7870412421e-06, 1.18082516565e-06, 4.43738514377e-07, 2.12947156797e-07, 2.94154034464e-07, 2.13419056649e-07, 9.85244028584e-08, 5.83952797228e-08, 3.8431413607e-09, 1.09203546206e-09, 1.25243947158e-11, 8.9396762562e-12],
        "var": [8.07464402897e-07, 0.000526599178556, 0.000152444059495, 5.19443528901e-05, 2.79429914372e-05, 7.92747141531e-06, 1.68945061887e-05, 1.60474246513e-05, 3.38863515026e-06, 3.90035575037e-06, 4.72782539873e-06, 3.12406257308e-07, 3.33107664119e-07, 5.6864786302e-07, 3.84058921554e-07, 2.81083487153e-07, 3.56132005663e-07, 1.02253488876e-06, 1.49469101984e-07, 3.24003792684e-07, 1.88736876794e-07, 6.05664141062e-08, 1.64764699662e-07, 2.05564276712e-07, 6.55229612789e-08, 4.20729318051e-09, 8.44547074961e-15]
    },
    "erbbands": {
        "dmean": [0.416907727718, 2.12067484856, 6.37167787552, 12.1773204803, 10.648478508, 11.1814870834, 8.88473796844, 10.3128738403, 19.1903533936, 32.5108566284, 18.4447479248, 13.6815290451, 16.2369842529, 14.2246408463, 17.5028820038, 10.588095665, 12.1413965225, 14.5180025101, 15.3290348053, 14.8551902771, 10.1741857529, 13.1222200394, 19.004699707, 16.255147934, 8.18323707581, 11.4563035965, 10.8963165283, 3.95664381981, 3.36242675781, 4.21316099167, 6.33781528473, 5.50274515152, 3.67811226845, 1.91839373112, 0.861944794655, 0.259890794754, 0.0308494213969, 0.0017527473392, 5.1671442634e-05, 2.31435551541e-05],
        "dmean2": [0.685128211975, 3.36153626442, 11.3119401932, 21.102312088, 18.5550003052, 19.3900966644, 15.2937402725, 17.2273044586, 31.0481491089, 48.5234489441, 27.5701465607, 21.5763950348, 25.6357650757, 20.9104614258, 26.2078876495, 16.761297226, 20.7266464233, 23.3380260468, 25.3502426147, 25.0306835175, 16.5600891113, 20.959569931, 28.7387046814, 26.6992664337, 13.2401123047, 17.6605396271, 16.4555778503, 6.05316591263, 4.8792309761, 6.55844306946, 9.60056209564, 8.86651134491, 5.89795398712, 3.13076543808, 1.36243033409, 0.42320227623, 0.0521532706916, 0.00310291862115, 8.53731980897e-05, 3.53653886123e-05],
        "dvar": [0.476592361927, 17.018032074, 221.910354614, 651.761291504, 341.221618652, 339.327301025, 269.836486816, 249.659469604, 1218.89306641, 3289.07739258, 2114.83862305, 1338.52587891, 1461.91491699, 1952.85839844, 1473.63806152, 259.767242432, 577.203857422, 677.337463379, 875.714782715, 907.621032715, 389.512176514, 604.700012207, 850.545471191, 595.425720215, 138.058319092, 260.894195557, 225.324493408, 29.1332168579, 33.7262763977, 42.0589065552, 75.0738067627, 66.4553222656, 38.4077186584, 9.72808170319, 1.84416925907, 0.231218844652, 0.0052840304561, 4.09693202528e-05, 1.7518972939e-08, 7.46427364362e-10],
        "dvar2": [1.25191605091, 40.3966064453, 612.869750977, 1656.5690918, 935.594665527, 936.965637207, 728.658813477, 628.341369629, 2891.72436523, 6338.01367188, 4488.50244141, 3192.6953125, 3551.30126953, 3920.44189453, 3040.05493164, 623.438964844, 1514.14074707, 1449.89660645, 2218.96484375, 2416.27490234, 818.603210449, 1433.65539551, 1777.64538574, 1503.39807129, 358.007324219, 583.899963379, 511.038543701, 66.9130935669, 75.8435058594, 102.374732971, 173.584396362, 165.733642578, 103.262794495, 25.376625061, 4.4781255722, 0.588821172714, 0.0148333646357, 0.000119283089589, 4.96032868114e-08, 1.64809321745e-09],
        "max": [5.253947258, 32.5681228638, 121.239967346, 147.981292725, 144.237716675, 158.021362305, 173.618225098, 250.74180603, 402.169677734, 747.004516602, 688.040405273, 665.247253418, 602.392822266, 837.248535156, 829.429199219, 224.307815552, 289.093811035, 486.680114746, 366.319763184, 424.214050293, 366.887756348, 365.874511719, 589.547729492, 252.198440552, 128.436859131, 204.409286499, 240.373458862, 47.4630699158, 72.834274292, 81.9806442261, 102.05872345, 106.128196716, 95.6857376099, 45.1800765991, 17.9305400848, 6.22235441208, 0.926763117313, 0.0961441621184, 0.00202080328017, 0.000239435350522],
        "mean": [0.654527902603, 3.39230513573, 5.67406511307, 11.0208654404, 12.7560062408, 17.0438137054, 14.9049358368, 20.7406158447, 35.3943634033, 55.0902633667, 29.1869525909, 19.4570007324, 26.3098163605, 26.5216903687, 30.3451271057, 18.9665908813, 15.7591962814, 23.1654567719, 23.3778190613, 19.5235805511, 15.6522350311, 22.2267990112, 37.8187141418, 29.9962501526, 14.4309711456, 22.3017139435, 23.0159187317, 7.1151008606, 5.70786333084, 6.88069486618, 11.2611169815, 9.25217247009, 5.82496118546, 2.78074026108, 1.24971079826, 0.356228917837, 0.0348634235561, 0.0016995833721, 8.79929793882e-05, 6.3337458414e-05],
        "median": [0.41297107935, 1.39050471783, 1.66806018353, 3.09223723412, 6.82626581192, 10.4638309479, 8.42072486877, 13.2596130371, 19.7057476044, 17.5318832397, 9.95776462555, 6.93044996262, 11.0403022766, 6.71555137634, 10.1646270752, 11.2631349564, 7.52179098129, 10.9967050552, 10.0725393295, 10.7322883606, 8.56807327271, 11.9151554108, 20.4343547821, 19.0790348053, 9.26153182983, 12.305062294, 11.080083847, 4.01840162277, 2.0153324604, 2.67405390739, 7.07440042496, 5.87584877014, 3.315574646, 1.56541419029, 0.682241082191, 0.184112042189, 0.0139562189579, 0.000601794628892, 6.3024526753e-05, 5.45698057977e-05],
        "min": [0.000558989297133, 0.00402250373736, 0.0552613660693, 0.0121013829485, 0.0194328129292, 0.0573560409248, 0.109390102327, 0.0868605822325, 0.403801620007, 0.515581071377, 0.144545704126, 0.198499470949, 0.242080107331, 0.0535704120994, 0.115056298673, 0.0903597772121, 0.354554831982, 0.350298136473, 0.161990523338, 0.226725816727, 0.190467789769, 0.0865111723542, 0.0415807589889, 0.0153745226562, 0.0246545150876, 0.0169473439455, 0.0132014518604, 0.00469164783135, 0.00356119684875, 0.00219445140101, 0.00104006042238, 0.000339192454703, 6.31915390841e-05, 0.000288507522782, 3.14185963362e-05, 1.02493568193e-05, 3.64675179299e-06, 6.83320706685e-07, 4.85678219775e-06, 1.14218846647e-05],
        "var": [0.632483720779, 25.5301055908, 156.741500854, 529.861450195, 316.242584229, 403.759857178, 419.59588623, 591.766662598, 2363.32568359, 8959.78417969, 4643.23730469, 1780.14868164, 2301.07299805, 5695.76464844, 4405.31152344, 474.051635742, 582.919677734, 1471.82250977, 1538.81713867, 872.645324707, 719.204711914, 1057.8927002, 2866.27929688, 1150.12524414, 247.837417603, 756.721862793, 927.091430664, 66.6226501465, 71.541305542, 88.8622360229, 168.627288818, 124.313720703, 50.7269363403, 12.5933542252, 2.83867001534, 0.27355748415, 0.00420226017013, 2.45832434302e-05, 1.31778552515e-08, 1.32684885301e-09]
    },
    "gfcc": {
        "mean": [35.9382476807, 92.2431869507, -103.983261108, 50.9422302246, -64.3459625244, 24.6094093323, -45.5131072998, 21.3834781647, -22.5273914337, 5.34100151062, -1.41317236423, -2.2109811306, -4.83049726486],
        "cov": [[2100.0637207, -1084.61083984, -138.867431641, 138.24949646, -336.987182617, 146.106506348, -181.03036499, 203.546951294, -241.600158691, 81.631690979, -223.61920166, -28.3502902985, -160.500793457], [-1084.61083984, 1015.97058105, -28.7563076019, -140.38470459, 297.645324707, -162.615478516, 185.108566284, -160.501785278, 115.950294495, -91.4944000244, 135.187942505, -73.653755188, 104.103775024], [-138.867431641, -28.7563076019, 424.525634766, 7.45043802261, 35.33568573, 58.9704246521, -58.9796829224, 14.1699714661, 22.4087371826, 19.448595047, -28.1948261261, 55.403503418, -58.1282997131], [138.24949646, -140.38470459, 7.45043802261, 381.549621582, 17.2200145721, -26.2775306702, -48.6776657104, -45.0731620789, 11.1775941849, -89.3237686157, -10.0025463104, -18.7012424469, 1.61799752712], [-336.987182617, 297.645324707, 35.33568573, 17.2200145721, 277.698242188, -17.7424850464, 78.2033996582, -13.4285974503, 54.3961715698, -16.1824550629, 29.0662307739, -13.6693868637, 23.2708396912], [146.106506348, -162.615478516, 58.9704246521, -26.2775306702, -17.7424850464, 227.83605957, 25.3397789001, 9.71979427338, -2.05911946297, 7.93141841888, -21.9199028015, -3.73614597321, -22.65350914], [-181.03036499, 185.108566284, -58.9796829224, -48.6776657104, 78.2033996582, 25.3397789001, 187.807479858, 12.9856338501, 12.8135490417, -0.225158944726, 37.7977790833, -31.7474117279, 14.4276599884], [203.546951294, -160.501785278, 14.1699714661, -45.0731620789, -13.4285974503, 9.71979427338, 12.9856338501, 199.860031128, 25.3864917755, 61.2986221313, 16.5783691406, 4.38158607483, -18.8351325989], [-241.600158691, 115.950294495, 22.4087371826, 11.1775941849, 54.3961715698, -2.05911946297, 12.8135490417, 25.3864917755, 163.209335327, 13.3441171646, 32.6979904175, -2.11705327034, 18.3790225983], [81.631690979, -91.4944000244, 19.448595047, -89.3237686157, -16.1824550629, 7.93141841888, -0.225158944726, 61.2986221313, 13.3441171646, 131.366622925, 4.88590908051, 14.481221199, -8.13402557373], [-223.61920166, 135.187942505, -28.1948261261, -10.0025463104, 29.0662307739, -21.9199028015, 37.7977790833, 16.5783691406, 32.6979904175, 4.88590908051, 132.281280518, 15.7561826706, 26.06640625], [-28.3502902985, -73.653755188, 55.403503418, -18.7012424469, -13.6693868637, -3.73614597321, -31.7474117279, 4.38158607483, -2.11705327034, 14.481221199, 15.7561826706, 124.077964783, 3.56598711014], [-160.500793457, 104.103775024, -58.1282997131, 1.61799752712, 23.2708396912, -22.65350914, 14.4276599884, -18.8351325989, 18.3790225983, -8.13402557373, 26.06640625, 3.56598711014, 100.297843933]],
        "icov": [[0.00168921845034, 0.00052800681442, 0.0010134652257, -0.00075474352343, 0.000439316994743, -0.000717309187166, 0.000770712795202, -0.00152845063712, 0.00166218925733, -0.000709930667654, 0.00155248877127, 0.000287301634671, 0.0013169599697], [0.00052800681442, 0.00803485419601, -0.00186867662705, 0.00501339230686, -0.00448441086337, 0.00544531224295, -0.00376572809182, 0.00567402550951, -0.00317468610592, 0.00518843438476, -0.00453878194094, 0.00498270569369, -0.00277615897357], [0.0010134652257, -0.00186867662705, 0.00439056707546, -0.00196519377641, 0.00061542581534, -0.0028330811765, 0.00265352008864, -0.00265201996081, 0.00154337834101, -0.00219589076005, 0.0027117151767, -0.00253873295151, 0.00339986779727], [-0.00075474352343, 0.00501339230686, -0.00196519377641, 0.00717523880303, -0.00352988950908, 0.0043005947955, -0.00198003370315, 0.00482504582033, -0.00360924727283, 0.006137679331, -0.00408354820684, 0.00364130106755, -0.00259388540871], [0.000439316994743, -0.00448441086337, 0.00061542581534, -0.00352988950908, 0.00762437097728, -0.00281134713441, 0.000305352703435, -0.00359081896022, 0.00136385695077, -0.00299917766824, 0.00320258177817, -0.00248215068132, 0.00141177629121], [-0.000717309187166, 0.00544531224295, -0.0028330811765, 0.0043005947955, -0.00281134713441, 0.00934476219118, -0.00454476242885, 0.00505786575377, -0.00355161679909, 0.00425314949825, -0.00346057163551, 0.00356266344897, -0.00237618410029], [0.000770712795202, -0.00376572809182, 0.00265352008864, -0.00198003370315, 0.000305352703435, -0.00454476242885, 0.0100833326578, -0.00431819306687, 0.00297414627858, -0.00262357550673, 0.00141990627162, -0.000801454239991, 0.00225473986939], [-0.00152845063712, 0.00567402550951, -0.00265201996081, 0.00482504582033, -0.00359081896022, 0.00505786575377, -0.00431819306687, 0.0123442960903, -0.00523837842047, 0.00226326892152, -0.00600486667827, 0.00362596195191, -0.00246008019894], [0.00166218925733, -0.00317468610592, 0.00154337834101, -0.00360924727283, 0.00136385695077, -0.00355161679909, 0.00297414627858, -0.00523837842047, 0.0106109902263, -0.00400808919221, 0.00242557702586, -0.00145173131023, 0.00152936740778], [-0.000709930667654, 0.00518843438476, -0.00219589076005, 0.006137679331, -0.00299917766824, 0.00425314949825, -0.00262357550673, 0.00226326892152, -0.00400808919221, 0.0145812956616, -0.00403947755694, 0.00268616341054, -0.0025628246367], [0.00155248877127, -0.00453878194094, 0.0027117151767, -0.00408354820684, 0.00320258177817, -0.00346057163551, 0.00141990627162, -0.00600486667827, 0.00242557702586, -0.00403947755694, 0.0139194522053, -0.00464696856216, 0.00175187515561], [0.000287301634671, 0.00498270569369, -0.00253873295151, 0.00364130106755, -0.00248215068132, 0.00356266344897, -0.000801454239991, 0.00362596195191, -0.00145173131023, 0.00268616341054, -0.00464696856216, 0.0125989299268, -0.00282169762067], [0.0013169599697, -0.00277615897357, 0.00339986779727, -0.00259388540871, 0.00141177629121, -0.00237618410029, 0.00225473986939, -0.00246008019894, 0.00152936740778, -0.0025628246367, 0.00175187515561, -0.00282169762067, 0.0144778899848]]
    },
    "melbands": {
        "dmean": [0.00323761976324, 0.00292704021558, 0.00196150946431, 0.000746695557609, 0.000362944410881, 0.000243397429585, 0.000296764395898, 0.000345608510543, 0.00013461933122, 8.87050409801e-05, 8.14303566585e-05, 5.79823681619e-05, 6.9714806159e-05, 2.84032739728e-05, 3.21936022374e-05, 2.51191486313e-05, 2.89672971121e-05, 2.55814557022e-05, 1.98263387574e-05, 1.86369034054e-05, 1.1687996448e-05, 1.33906478368e-05, 1.77525325853e-05, 2.10166745092e-05, 1.37376973726e-05, 6.9432176133e-06, 5.98387396167e-06, 8.77827551449e-06, 8.66161099111e-06, 3.74558590011e-06, 2.15942782233e-06, 1.882661536e-06, 2.29663669415e-06, 2.60138767771e-06, 3.73813645638e-06, 3.90726381738e-06, 3.59199179911e-06, 2.74702983916e-06, 2.42866894951e-06, 1.48532501498e-06],
        "dmean2": [0.00522022042423, 0.00498331198469, 0.0033458347898, 0.00131305167452, 0.000618300342467, 0.000403381331125, 0.000474208267406, 0.000517380540259, 0.0002050412877, 0.000139429204864, 0.000128223124193, 8.56396363815e-05, 0.000103374593891, 4.43266762886e-05, 5.40488617844e-05, 4.21461409132e-05, 4.64570330223e-05, 4.23533492722e-05, 3.34462638421e-05, 3.16532386933e-05, 1.92405477719e-05, 2.15743293666e-05, 2.77276158158e-05, 3.22010600939e-05, 2.28189055633e-05, 1.15624598038e-05, 9.50011326495e-06, 1.35169502755e-05, 1.31187553052e-05, 5.79044490223e-06, 3.29582985614e-06, 2.78332595371e-06, 3.4832221445e-06, 4.14507712776e-06, 5.68441737414e-06, 5.99749682806e-06, 5.93784034209e-06, 4.52227368442e-06, 3.89552269553e-06, 2.45610408456e-06],
        "dvar": [2.88365499728e-05, 3.88642692997e-05, 1.44704263221e-05, 1.67196299117e-06, 3.6537258552e-07, 1.34386240802e-07, 2.85415694634e-07, 3.74308854134e-07, 1.18571222174e-07, 5.46274350199e-08, 3.60092826668e-08, 3.52364537548e-08, 2.95499056335e-08, 3.24204418867e-09, 4.6732187009e-09, 2.31506303017e-09, 2.92356516773e-09, 2.79223999478e-09, 1.03543873475e-09, 1.65852676037e-09, 5.81095782604e-10, 6.23541218658e-10, 1.15578402404e-09, 1.36085276381e-09, 4.18563655957e-10, 1.10907304174e-10, 7.97738958225e-11, 1.68218952656e-10, 1.59058169413e-10, 2.64688444773e-11, 1.02843341482e-11, 1.12110156228e-11, 1.41526252523e-11, 1.74660442359e-11, 2.63811507362e-11, 3.3920571213e-11, 2.8366895638e-11, 2.24079105965e-11, 1.60746867206e-11, 5.76393837173e-12],
        "dvar2": [7.44970020605e-05, 0.000101342200651, 3.67127322534e-05, 4.74752323498e-06, 9.91406068351e-07, 3.43988574514e-07, 6.67925348807e-07, 7.14071234142e-07, 2.4802048415e-07, 1.27856964127e-07, 8.72672742958e-08, 7.12506249556e-08, 6.41422701619e-08, 7.12570580319e-09, 1.25801973283e-08, 6.03394578746e-09, 6.11049388866e-09, 7.16027193093e-09, 2.65068877958e-09, 4.45376047153e-09, 1.24491661424e-09, 1.49997725352e-09, 2.64170196829e-09, 3.07658276633e-09, 1.0641652004e-09, 2.85219681206e-10, 1.92765275964e-10, 3.89032833725e-10, 3.62912672136e-10, 6.05236971651e-11, 2.30220599529e-11, 2.56597312842e-11, 3.52670531667e-11, 4.40900510545e-11, 6.14898063023e-11, 8.12243397541e-11, 7.34668437197e-11, 6.04121475067e-11, 4.20304277493e-11, 1.51617676747e-11],
        "max": [0.0400431975722, 0.0538089871407, 0.0222607590258, 0.0121105061844, 0.00635599717498, 0.00539836427197, 0.00638347445056, 0.00709197577089, 0.00549054844305, 0.00401361240074, 0.00294617936015, 0.00357871782035, 0.00380231556483, 0.00130252866074, 0.00105366611388, 0.00073641887866, 0.00112811510917, 0.000652203103527, 0.0003153726866, 0.00065690104384, 0.000429237901699, 0.0003738134983, 0.000445191282779, 0.000557193125132, 0.000195329033886, 0.000148847830133, 0.000123908685055, 0.000189621001482, 0.000152776556206, 8.90335431905e-05, 2.98996146739e-05, 4.00285134674e-05, 3.73950970243e-05, 6.92330213496e-05, 5.1800008805e-05, 6.58667995594e-05, 6.33246963844e-05, 7.14589550626e-05, 5.82977809245e-05, 3.24004395225e-05],
        "mean": [0.00532591156662, 0.00354115362279, 0.00192530895583, 0.00105255539529, 0.000614764052443, 0.000490621489007, 0.000553222955205, 0.000578199804295, 0.00020145830058, 0.000122597135487, 0.000128880594275, 0.000102415331639, 0.000116477793199, 4.80527814943e-05, 4.44227625849e-05, 3.15183242492e-05, 4.3730608013e-05, 3.71985843231e-05, 2.65229955403e-05, 2.38950342464e-05, 1.68358292285e-05, 2.0450903321e-05, 3.0630191759e-05, 3.77552205464e-05, 2.32582133322e-05, 1.07152181954e-05, 9.81320954452e-06, 1.61619900609e-05, 1.76375415322e-05, 6.76353329254e-06, 3.33168122779e-06, 3.04258264805e-06, 3.52339202436e-06, 3.82058578907e-06, 6.30556951364e-06, 6.65995912641e-06, 5.31658133696e-06, 4.12513691117e-06, 3.46903675563e-06, 1.94515973817e-06],
        "median": [0.00302264164202, 0.00127518177032, 0.000666870095301, 0.000662261852995, 0.00035526213469, 0.000314003205858, 0.000303702399833, 0.000170214305399, 6.2956714828e-05, 3.82035177608e-05, 5.13791892445e-05, 2.15436812141e-05, 3.23444037349e-05, 2.81007123704e-05, 2.35626721405e-05, 1.39919548019e-05, 2.00852518901e-05, 1.44100113175e-05, 1.41378604894e-05, 1.1653061847e-05, 8.66859772941e-06, 1.12712641567e-05, 1.32653321998e-05, 1.92104798771e-05, 1.33479934448e-05, 6.41464839646e-06, 5.31595196662e-06, 7.57629277359e-06, 7.53385302232e-06, 3.57349381375e-06, 1.3985240912e-06, 9.98606651592e-07, 8.95327559647e-07, 1.44474404351e-06, 3.57689282282e-06, 4.02770047003e-06, 3.24963343701e-06, 2.21173763748e-06, 1.88862668438e-06, 9.55399627856e-07],
        "min": [4.40973326477e-06, 1.63324784808e-05, 7.51230118112e-07, 4.14001669924e-06, 2.34892627304e-06, 1.4625741187e-06, 3.40011251865e-06, 4.88917567054e-06, 4.96064615163e-07, 7.48647437376e-07, 1.16378089388e-06, 1.40937814308e-07, 4.91973310091e-07, 1.17721526749e-07, 1.98379353833e-07, 3.77879729285e-07, 6.19005618319e-07, 6.02998255772e-08, 4.16351504384e-08, 2.15910432644e-07, 1.71212178657e-07, 7.76817046244e-08, 5.75306842165e-08, 1.94851477175e-08, 1.08498916518e-08, 7.79612818747e-09, 1.50154679801e-08, 9.57646673072e-09, 5.88387250033e-09, 3.85379417267e-09, 1.48455447935e-09, 2.3205704025e-09, 2.34178093583e-10, 2.43346436751e-11, 1.02452352158e-11, 3.927804193e-10, 5.8349811094e-11, 2.30302777716e-12, 8.65713533846e-13, 7.87171055335e-13],
