{
"highlevel": {
    "danceability": {
        "all": {
            "danceable": 0.997828423977,
            "not_danceable": 0.00217160047032
        },
        "probability": 0.997828423977,
        "value": "danceable"
    },
    "gender": {
        "all": {
            "female": 0.941490054131,
            "male": 0.0585099756718
        },
        "probability": 0.941490054131,
        "value": "female"
    },
    "genre_dortmund": {
        "all": {
            "alternative": 0.0020808337722,
            "blues": 0.0493167117238,
            "electronic": 0.0306450817734,
            "folkcountry": 0.0034110059496,
            "funksoulrnb": 0.0160677544773,
            "jazz": 0.0535924136639,
            "pop": 0.0129184629768,
            "raphiphop": 0.804591715336,
            "rock": 0.0273760482669
        },
        "probability": 0.804591715336,
        "value": "raphiphop"
    },
    "genre_electronic": {
        "all": {
            "ambient": 0.0211818758398,
            "dnb": 0.147066727281,
            "house": 0.825402736664,
            "techno": 0.00412718579173,
            "trance": 0.00222150026821
        },
        "probability": 0.825402736664,
        "value": "house"
    },
    "genre_rosamerica": {
        "all": {
            "cla": 0.000238795255427,
            "dan": 0.00165452703368,
            "hip": 0.195181444287,
            "jaz": 0.00110819865949,
            "pop": 0.0184758268297,
            "rhy": 0.781045079231,
            "roc": 0.000761817093007,
            "spe": 0.00153430877253
        },
        "probability": 0.781045079231,
        "value": "rhy"
    },
    "genre_tzanetakis": {
        "all": {
            "blu": 0.0524567142129,
            "cla": 0.0349647551775,
            "cou": 0.104892641306,
            "dis": 0.052443254739,
            "hip": 0.0629328265786,
            "jaz": 0.314672678709,
            "met": 0.0629417747259,
            "pop": 0.0786753594875,
            "reg": 0.0786742120981,
            "roc": 0.157345786691
        },
        "probability": 0.314672678709,
        "value": "jaz"
    },
    "ismir04_rhythm": {
        "all": {
            "ChaChaCha": 0.131936073303,
            "Jive": 0.0896410271525,
            "Quickstep": 0.143207013607,
            "Rumba-American": 0.0164984110743,
            "Rumba-International": 0.445101112127,
            "Rumba-Misc": 0.0514844208956,
            "Samba": 0.106345303357,
            "Tango": 0.00535866757855,
            "VienneseWaltz": 0.00580817647278,
            "Waltz": 0.00461979908869
        },
        "probability": 0.445101112127,
        "value": "Rumba-International"
    },
    "mood_acoustic": {
        "all": {
            "acoustic": 0.018615886569,
            "not_acoustic": 0.98138409853
        },
        "probability": 0.98138409853,
        "value": "not_acoustic"
    },
    "mood_aggressive": {
        "all": {
            "aggressive": 0.175910890102,
            "not_aggressive": 0.824089109898
        },
        "probability": 0.824089109898,
        "value": "not_aggressive"
    },
    "mood_electronic": {
        "all": {
            "electronic": 0.882268667221,
            "not_electronic": 0.117731317878
        },
        "probability": 0.882268667221,
        "value": "electronic"
    },
    "mood_happy": {
        "all": {
            "happy": 0.0950719565153,
            "not_happy": 0.904928028584
        },
        "probability": 0.904928028584,
        "value": "not_happy"
    },
    "mood_party": {
        "all": {
            "not_party": 0.520258665085,
            "party": 0.479741334915
        },
        "probability": 0.520258665085,
        "value": "not_party"
    },
    "mood_relaxed": {
        "all": {
            "not_relaxed": 0.547596633434,
            "relaxed": 0.452403336763
        },
        "probability": 0.547596633434,
        "value": "not_relaxed"
    },
    "mood_sad": {
        "all": {
            "not_sad": 0.558385550976,
            "sad": 0.441614478827
        },
        "probability": 0.558385550976,
        "value": "not_sad"
    },
    "moods_mirex": {
        "all": {
            "Cluster1": 0.202378004789,
            "Cluster2": 0.254329264164,
            "Cluster3": 0.329913556576,
            "Cluster4": 0.0887203142047,
            "Cluster5": 0.124658875167
        },
        "probability": 0.329913556576,
        "value": "Cluster3"
    },
    "timbre": {
        "all": {
            "bright": 0.3993280828,
            "dark": 0.600671887398
        },
        "probability": 0.600671887398,
        "value": "dark"
    },
    "tonal_atonal": {
        "all": {
            "atonal": 0.985029280186,
            "tonal": 0.0149706928059
        },
        "probability": 0.985029280186,
        "value": "atonal"
    },
    "voice_instrumental": {
        "all": {
            "instrumental": 0.435020893812,
            "voice": 0.564979076385
        },
        "probability": 0.564979076385,
        "value": "voice"
    }
},
"lowlevel": {
    "average_loudness": 0.976531088352,
    "barkbands_crest": {
        "dmean": 2.43630886078,
        "dmean2": 3.78520417213,
        "dvar": 6.91376256943,
        "dvar2": 14.795794487,
        "max": 25.6225528717,
        "mean": 12.94373703,
        "median": 11.9372835159,
        "min": 2.85372757912,
        "var": 27.2092609406
    },
    "barkbands_flatness_db": {
        "dmean": 0.0370674580336,
        "dmean2": 0.0509038232267,
        "dvar": 0.00187005661428,
        "dvar2": 0.00327870761976,
        "max": 0.565110564232,
        "mean": 0.27333214879,
        "median": 0.26950570941,
        "min": 0.0754934027791,
        "var": 0.0092914858833
    },
    "barkbands_kurtosis": {
        "dmean": 19.598323822,
        "dmean2": 28.0866355896,
        "dvar": 2256.26538086,
        "dvar2": 4037.13598633,
        "max": 595.893371582,
        "mean": 29.6865959167,
        "median": 11.6446886063,
        "min": -1.917745471,
        "var": 4017.77294922
    },
    "barkbands_skewness": {
        "dmean": 1.30630946159,
        "dmean2": 1.82663297653,
        "dvar": 2.77155733109,
        "dvar2": 4.99445009232,
        "max": 20.6163825989,
        "mean": 3.30357789993,
        "median": 2.78485417366,
        "min": -2.82600450516,
        "var": 9.2723493576
    },
    "barkbands_spread": {
        "dmean": 9.74511528015,
        "dmean2": 15.7907190323,
        "dvar": 251.221847534,
        "dvar2": 601.198730469,
        "max": 104.320167542,
        "mean": 15.3877534866,
        "median": 8.95381736755,
        "min": 0.320218861103,
        "var": 329.89755249
    },
    "dissonance": {
        "dmean": 0.0264497436583,
        "dmean2": 0.0421474091709,
        "dvar": 0.000732799409889,
        "dvar2": 0.00185992626939,
        "max": 0.499991059303,
        "mean": 0.445308595896,
        "median": 0.457560062408,
        "min": 0.244695737958,
        "var": 0.00231211981736
    },
    "dynamic_complexity": 2.01085138321,
    "erbbands_crest": {
        "dmean": 2.36671519279,
        "dmean2": 3.79765534401,
        "dvar": 5.28448867798,
        "dvar2": 11.5671739578,
        "max": 27.8139457703,
        "mean": 9.98983097076,
        "median": 9.17071056366,
        "min": 2.83838677406,
        "var": 22.3511791229
    },
    "erbbands_flatness_db": {
        "dmean": 0.0251995176077,
        "dmean2": 0.0349288508296,
        "dvar": 0.000683603633661,
        "dvar2": 0.00134136143606,
        "max": 0.369392871857,
        "mean": 0.194563060999,
        "median": 0.186597660184,
        "min": 0.0831425487995,
        "var": 0.00300940568559
    },
    "erbbands_kurtosis": {
        "dmean": 2.24033594131,
        "dmean2": 3.61445784569,
        "dvar": 11.2968978882,
        "dvar2": 26.2348613739,
        "max": 40.1537132263,
        "mean": 2.24738812447,
        "median": 0.316743850708,
        "min": -1.91198682785,
        "var": 29.6901340485
    },
    "erbbands_skewness": {
        "dmean": 0.66142398119,
        "dmean2": 0.988771140575,
        "dvar": 0.554534494877,
        "dvar2": 1.20389544964,
        "max": 5.11975765228,
        "mean": 0.706784904003,
        "median": 0.631418228149,
        "min": -4.82878255844,
        "var": 1.90498507023
    },
    "erbbands_spread": {
        "dmean": 20.1268615723,
        "dmean2": 31.4477233887,
        "dvar": 586.449523926,
        "dvar2": 1254.87145996,
        "max": 183.955627441,
        "mean": 53.0810546875,
        "median": 38.7314758301,
        "min": 4.1484913826,
        "var": 1527.76086426
    },
    "hfc": {
        "dmean": 18.1736736298,
        "dmean2": 27.863445282,
        "dvar": 1527.72790527,
        "dvar2": 3633.93847656,
        "max": 368.856933594,
        "mean": 24.2024497986,
        "median": 8.29173564911,
        "min": 0.106556810439,
        "var": 1937.17773438
    },
    "melbands_crest": {
        "dmean": 3.00675177574,
        "dmean2": 4.57002830505,
        "dvar": 11.5050029755,
        "dvar2": 20.7376403809,
        "max": 36.8272094727,
        "mean": 18.2785873413,
        "median": 17.8492603302,
        "min": 3.19314813614,
        "var": 40.4885635376
    },
    "melbands_flatness_db": {
        "dmean": 0.0462676435709,
        "dmean2": 0.0589399673045,
        "dvar": 0.00290614343248,
        "dvar2": 0.00435162428766,
        "max": 0.63745445013,
        "mean": 0.331534147263,
        "median": 0.339762896299,
        "min": 0.0252153743058,
        "var": 0.0178034827113
    },
    "melbands_kurtosis": {
        "dmean": 59.9994010925,
        "dmean2": 82.1006011963,
        "dvar": 26799.4746094,
        "dvar2": 43307.953125,
        "max": 2065.11791992,
        "mean": 95.7526016235,
        "median": 32.0938034058,
        "min": -1.86236035824,
        "var": 52388.8242188
    },
    "melbands_skewness": {
        "dmean": 1.96662151814,
        "dmean2": 2.72590923309,
        "dvar": 7.48253822327,
        "dvar2": 11.9339828491,
        "max": 36.8639068604,
        "mean": 5.45546674728,
        "median": 4.15206623077,
        "min": -0.637141525745,
        "var": 25.3351135254
    },
    "melbands_spread": {
        "dmean": 9.71784114838,
        "dmean2": 16.2455749512,
        "dvar": 418.530731201,
        "dvar2": 1032.18530273,
        "max": 182.631835938,
        "mean": 15.3254394531,
        "median": 5.21704006195,
        "min": 0.153014212847,
        "var": 568.291137695
    },
    "pitch_salience": {
        "dmean": 0.0775320082903,
        "dmean2": 0.119794622064,
        "dvar": 0.00735467206687,
        "dvar2": 0.0152570651844,
        "max": 0.855856001377,
        "mean": 0.468249499798,
        "median": 0.460424989462,
        "min": 0.118897713721,
        "var": 0.022985778749
    },
    "silence_rate_20dB": {
        "dmean": 0.0325077399611,
        "dmean2": 0.0650658383965,
        "dvar": 0.031450919807,
        "dvar2": 0.0670295953751,
        "max": 1,
        "mean": 0.970610976219,
        "median": 1,
        "min": 0,
        "var": 0.0285252910107
    },
    "silence_rate_30dB": {
        "dmean": 0.0325077399611,
        "dmean2": 0.0650658383965,
        "dvar": 0.031450919807,
        "dvar2": 0.0608328320086,
        "max": 1,
        "mean": 0.930394411087,
        "median": 1,
        "min": 0,
        "var": 0.0647603869438
    },
    "silence_rate_60dB": {
        "dmean": 0.0433436520398,
        "dmean2": 0.0867544561625,
        "dvar": 0.0414644144475,
        "dvar2": 0.111758954823,
        "max": 1,
        "mean": 0.0301624126732,
        "median": 0,
        "min": 0,
        "var": 0.0292522609234
    },
    "spectral_centroid": {
        "dmean": 361.905151367,
        "dmean2": 515.984008789,
        "dvar": 292258.4375,
        "dvar2": 525664.625,
        "max": 5096.93212891,
        "mean": 1045.59802246,
        "median": 624.245483398,
        "min": 136.598205566,
        "var": 1028755.625
    },
    "spectral_complexity": {
        "dmean": 3.17182660103,
        "dmean2": 4.62587118149,
        "dvar": 37.4351196289,
        "dvar2": 54.4278526306,
        "max": 61,
        "mean": 10.0827531815,
        "median": 7,
        "min": 0,
        "var": 123.644454956
    },
    "spectral_decrease": {
        "dmean": 5.12221243198e-09,
        "dmean2": 6.77521994064e-09,
        "dvar": 1.60087916777e-16,
        "dvar2": 1.96213342582e-16,
        "max": -2.47937486514e-11,
        "mean": -1.30633344142e-08,
        "median": -8.92081875037e-09,
        "min": -1.15872069273e-07,
        "var": 3.75520225174e-16
    },
    "spectral_energy": {
        "dmean": 0.0204775221646,
        "dmean2": 0.0273815430701,
        "dvar": 0.00238200090826,
        "dvar2": 0.0029585219454,
        "max": 0.443177044392,
        "mean": 0.0514992289245,
        "median": 0.0351626500487,
        "min": 0.000167769976542,
        "var": 0.00557519169524
    },
    "spectral_energyband_high": {
        "dmean": 0.00186160975136,
        "dmean2": 0.00300418538973,
        "dvar": 2.04408934223e-05,
        "dvar2": 4.98358531331e-05,
        "max": 0.0486984290183,
        "mean": 0.00193251529709,
        "median": 0.000167288366356,
        "min": 1.06627339846e-06,
        "var": 2.40108856815e-05
    },
    "spectral_energyband_low": {
        "dmean": 0.0177810713649,
        "dmean2": 0.0236312970519,
        "dvar": 0.0023042159155,
        "dvar2": 0.00285420427099,
        "max": 0.432155877352,
        "mean": 0.039241861552,
        "median": 0.0232077147812,
        "min": 2.26196675612e-07,
        "var": 0.00525793107226
    },
    "spectral_energyband_middle_high": {
        "dmean": 0.00171616382431,
        "dmean2": 0.00242309691384,
        "dvar": 2.41062716668e-05,
        "dvar2": 4.77920366393e-05,
        "max": 0.0465376153588,
        "mean": 0.00271743512712,
        "median": 0.000391622044845,
        "min": 2.58916202256e-06,
        "var": 4.19592906837e-05
    },
    "spectral_energyband_middle_low": {
        "dmean": 0.00516369193792,
        "dmean2": 0.0082117235288,
        "dvar": 0.000121440425573,
        "dvar2": 0.000348333065631,
        "max": 0.110859394073,
        "mean": 0.0111115342006,
        "median": 0.00901610311121,
        "min": 2.06362292374e-05,
        "var": 0.000125157734146
    },
    "spectral_entropy": {
        "dmean": 0.33900526166,
        "dmean2": 0.471918851137,
        "dvar": 0.16383741796,
        "dvar2": 0.310063689947,
        "max": 8.55923271179,
        "mean": 7.02417373657,
        "median": 6.99883937836,
        "min": 4.98390579224,
        "var": 0.72698867321
    },
    "spectral_flux": {
        "dmean": 0.0446184128523,
        "dmean2": 0.0696603357792,
        "dvar": 0.00457865605131,
        "dvar2": 0.00876041967422,
        "max": 0.664584159851,
        "mean": 0.0965054407716,
        "median": 0.0654395222664,
        "min": 0.0101511646062,
        "var": 0.0102268261835
    },
    "spectral_kurtosis": {
        "dmean": 3.51242804527,
        "dmean2": 5.66017341614,
        "dvar": 38.4115066528,
        "dvar2": 84.6279449463,
        "max": 64.6898345947,
        "mean": 5.2678937912,
        "median": 2.18262529373,
        "min": -1.28028213978,
        "var": 94.3060073853
    },
    "spectral_rms": {
        "dmean": 0.00126956228632,
        "dmean2": 0.00164274533745,
        "dvar": 4.31035823567e-06,
        "dvar2": 4.94430105391e-06,
        "max": 0.0207934565842,
        "mean": 0.00621945085004,
        "median": 0.00585704902187,
        "min": 0.000404571415856,
        "var": 1.15615894174e-05
    },
    "spectral_rolloff": {
        "dmean": 763.3984375,
        "dmean2": 1341.90026855,
        "dvar": 3303040.5,
        "dvar2": 7878495,
        "max": 9302.34375,
        "mean": 1222.39477539,
        "median": 215.33203125,
        "min": 43.06640625,
        "var": 4536232
    },
    "spectral_skewness": {
        "dmean": 0.480575889349,
        "dmean2": 0.739947378635,
        "dvar": 0.312821507454,
        "dvar2": 0.616603553295,
        "max": 6.33902978897,
        "mean": 1.48139512539,
        "median": 1.26104092598,
        "min": -1.22266590595,
        "var": 1.21250724792
    },
    "spectral_spread": {
        "dmean": 1014435.5625,
        "dmean2": 1508977.5,
        "dvar": 1.71073968538e+12,
        "dvar2": 3.642523648e+12,
        "max": 12862714,
        "mean": 4914504.5,
        "median": 4519321.5,
        "min": 901051.375,
        "var": 4.48751835546e+12
    },
    "spectral_strongpeak": {
        "dmean": 0.31781822443,
        "dmean2": 0.538182675838,
        "dvar": 0.402587652206,
        "dvar2": 1.08639383316,
        "max": 6.60760545731,
        "mean": 0.681802332401,
        "median": 0.519798517227,
        "min": 0.0118608707562,
        "var": 0.417653232813
    },
    "zerocrossingrate": {
        "dmean": 0.0163079127669,
        "dmean2": 0.0173644311726,
        "dvar": 0.000503407150973,
        "dvar2": 0.000489485275466,
        "max": 0.26220703125,
        "mean": 0.0446839667857,
        "median": 0.02490234375,
        "min": 0.00146484375,
        "var": 0.00260126800276
    },
    "barkbands": {
        "dmean": [0.00155304127838, 0.0154150044546, 0.00613027531654, 0.00291340611875, 0.00217293924652, 0.000603492662776, 0.000268801552011, 0.000112436617201, 0.000317142548738, 7.18370720278e-05, 0.00015330669703, 0.000220040717977, 0.000362391641829, 0.000194171705516, 0.00017480259703, 0.000394358270569, 0.000223558643484, 0.00020711380057, 9.23159022932e-05, 0.000149075800437, 0.000234307881328, 0.00040964432992, 0.000389175052987, 0.000518037937582, 0.000330460665282, 1.3208915334e-05, 1.71435257101e-08],
        "dmean2": [0.00229845778085, 0.0210535824299, 0.0110473176464, 0.00471477117389, 0.00363919581287, 0.000945471751038, 0.000448652514024, 0.00015620177146, 0.000421278324211, 0.000106446612335, 0.000235426661675, 0.000358202989446, 0.000523178547155, 0.000265892362222, 0.000288770999759, 0.000674646056723, 0.000393455615267, 0.000345084292348, 0.000133880719659, 0.000233849918004, 0.000352497532731, 0.000671369081829, 0.000625472108368, 0.000863940629642, 0.00058280560188, 2.07208777283e-05, 3.14018002712e-08],
        "dvar": [4.30283689639e-05, 0.00215652934276, 0.0006664727116, 4.92038925586e-05, 1.23294512377e-05, 1.25689223296e-06, 3.36938995815e-07, 5.71673339778e-08, 1.22754204313e-06, 2.80017644627e-08, 3.40315750691e-07, 3.52178659568e-07, 1.76684602593e-06, 3.05195840156e-07, 2.51023436704e-07, 2.89213676297e-06, 6.64918104576e-07, 5.97755956733e-07, 4.40961578363e-08, 1.30154361955e-07, 4.05524247071e-07, 1.53497535393e-06, 1.34120909934e-06, 1.61253149145e-06, 8.58922533098e-07, 2.89867729819e-09, 1.76851890473e-14],
        "dvar2": [8.66803457029e-05, 0.00299608008936, 0.00195295014419, 0.000141179480124, 3.49977053702e-05, 3.13358373205e-06, 8.77531647347e-07, 1.08114484476e-07, 1.97273425329e-06, 5.66855824502e-08, 7.19173215202e-07, 8.55837754443e-07, 3.95920733354e-06, 5.51912648916e-07, 6.76808099342e-07, 7.92484388512e-06, 1.88986473404e-06, 1.62822720995e-06, 7.93522687559e-08, 2.90331513497e-07, 8.82342192199e-07, 4.22912444265e-06, 3.24536881635e-06, 4.10578968513e-06, 2.38684765463e-06, 6.01797012223e-09, 4.82411894177e-14],
        "max": [0.0600190833211, 0.406480699778, 0.226906433702, 0.0689453631639, 0.0409584604204, 0.0101022403687, 0.00566313788295, 0.0041616903618, 0.0190223753452, 0.00250148703344, 0.00974369421601, 0.00598637713119, 0.0135950455442, 0.00492324260995, 0.00399537757039, 0.0157070606947, 0.00744173116982, 0.00826131086797, 0.00208224519156, 0.00409931736067, 0.00852350704372, 0.0134674608707, 0.0170962624252, 0.0117863304913, 0.00672602280974, 0.000604113796726, 1.85001192676e-06],
        "mean": [0.00138842815068, 0.0274139288813, 0.0069896900095, 0.00538700539619, 0.00295150629245, 0.00111271429341, 0.000444335077191, 0.000279673782643, 0.000825141731184, 0.000167389021954, 0.000235372121097, 0.000360961508704, 0.000413439673139, 0.000314093515044, 0.000239808505285, 0.000357614568202, 0.000244479044341, 0.000216813758016, 0.000139115916681, 0.000197452187422, 0.000285822810838, 0.000426309328759, 0.000431807158748, 0.000440058734966, 0.000224549832637, 1.17680901894e-05, 1.04897335262e-08],
        "median": [1.53156652232e-05, 0.0124341901392, 0.00375863420777, 0.00175088620745, 0.00220815069042, 0.000338331592502, 0.000145045167301, 2.84635771095e-05, 1.540307494e-05, 1.55783618538e-05, 1.26405848277e-05, 2.71501521638e-05, 8.44488931762e-06, 3.42435632774e-05, 1.5498681023e-05, 1.47626042235e-05, 1.27720077217e-05, 1.35637492349e-05, 1.64931843756e-05, 2.18474706344e-05, 3.00534811686e-05, 5.19730710948e-05, 2.08483434108e-05, 5.72839644519e-06, 1.28730482629e-06, 1.40013824534e-07, 4.18642842615e-10],
        "min": [9.65511492979e-09, 5.47941647611e-09, 8.56176427533e-08, 5.65767095395e-07, 2.05324454328e-06, 2.4947163979e-07, 6.1032665144e-08, 5.21540641785e-08, 4.22074322159e-08, 4.05369320333e-08, 4.54675870287e-08, 5.90942335066e-08, 3.24201643309e-08, 5.7598551706e-08, 4.0349995345e-08, 1.36687688723e-07, 9.00426257999e-08, 1.02431897631e-07, 9.38490742897e-08, 1.90687018176e-07, 2.16377827655e-07, 1.99799998768e-07, 3.11245695883e-09, 1.09166821416e-10, 1.49015470102e-11, 2.18577048822e-11, 2.34164909685e-11],
        "var": [4.70048762509e-05, 0.00377388764173, 0.000374610797735, 6.13350566709e-05, 1.15140910566e-05, 2.70317559625e-06, 4.88418095301e-07, 4.37332602132e-07, 7.39866845834e-06, 1.03571473176e-07, 7.65798915836e-07, 6.11192206179e-07, 2.12625536733e-06, 5.62596824238e-07, 3.34676940383e-07, 2.3182408313e-06, 5.56221209536e-07, 5.34047842393e-07, 1.04245955868e-07, 2.26521706281e-07, 5.83800897402e-07, 1.44053592521e-06, 1.68062456396e-06, 1.50863979798e-06, 5.53839527129e-07, 3.07856562465e-09, 1.05116780284e-14]
    },
    "erbbands": {
        "dmean": [0.660675823689, 3.25441145897, 6.82429599762, 9.16860961914, 9.20339679718, 5.64108896255, 4.01697587967, 5.31969642639, 5.50734329224, 2.94089388847, 2.52281427383, 8.18717479706, 3.22249031067, 2.23148441315, 8.25764942169, 10.0589933395, 15.0998153687, 12.2832555771, 8.03646659851, 12.5488624573, 21.8396949768, 12.4442014694, 12.6973772049, 4.57623195648, 5.56429815292, 6.92429018021, 7.01010274887, 11.8099994659, 13.411318779, 13.8152418137, 11.5396661758, 8.14991950989, 10.070810318, 7.34520339966, 0.770665287971, 0.0894907936454, 0.0261861756444, 0.00155991886277, 6.45341860945e-05, 3.17491685564e-05],
        "dmean2": [0.907720327377, 4.32902860641, 11.7148160934, 15.0670776367, 15.8246135712, 9.15602588654, 6.25488567352, 8.38631248474, 8.81863021851, 4.32392835617, 3.68913388252, 10.832985878, 4.72129821777, 3.3871011734, 12.7926797867, 16.6728401184, 22.1108627319, 17.1746578217, 13.0366239548, 21.3190193176, 37.4609146118, 21.8444843292, 21.6302013397, 6.62806129456, 8.58143043518, 10.8487262726, 9.6841545105, 18.5357437134, 21.4692668915, 23.308139801, 18.7928409576, 13.3007631302, 16.9672775269, 13.120136261, 1.31635427475, 0.144604355097, 0.0425172373652, 0.00256377994083, 0.00010107291746, 4.5036424126e-05],
        "dvar": [5.63888645172, 82.9235534668, 705.352722168, 748.84197998, 264.293609619, 104.304832458, 54.7932243347, 104.321434021, 109.771888733, 52.5906486511, 45.6707954407, 803.301513672, 45.3834724426, 50.1395645142, 856.401489258, 806.067077637, 3007.85546875, 1208.87426758, 566.339416504, 1804.57336426, 9027.42675781, 2181.42431641, 2597.77368164, 126.654266357, 148.46887207, 286.739135742, 384.49130249, 1227.79504395, 1374.99658203, 1643.17663574, 1160.62316895, 490.803741455, 636.971984863, 449.189819336, 4.11798620224, 0.0887472108006, 0.0134266819805, 4.39151008322e-05, 2.86416046436e-08, 4.12504075342e-09],
        "dvar2": [9.05689811707, 156.300384521, 1990.59338379, 2179.05053711, 761.244873047, 292.450897217, 153.59916687, 252.610626221, 265.103179932, 123.329368591, 87.1484298706, 1292.00512695, 85.0464477539, 111.60408783, 1824.63635254, 2011.0234375, 7061.82324219, 2033.78869629, 1377.14855957, 4808.01025391, 25016.7226562, 6104.70361328, 7144.35009766, 235.985229492, 303.813964844, 641.586120605, 793.717834473, 3052.8449707, 3705.06201172, 4303.99609375, 2813.62890625, 1126.95727539, 1676.33032227, 1257.07299805, 11.0087451935, 0.182790860534, 0.0316802896559, 0.000109283369966, 6.94872355211e-08, 6.48888676125e-09],
        "max": [19.5996360779, 84.4560546875, 240.823272705, 242.801559448, 188.992630005, 118.063796997, 69.7931365967, 97.6152038574, 99.9307174683, 95.2284927368, 120.939628601, 538.624694824, 117.764152527, 131.880996704, 494.292053223, 229.60055542, 603.20324707, 330.95010376, 214.120605469, 393.239257812, 822.045715332, 406.607177734, 533.084533691, 116.619628906, 126.748817444, 182.600784302, 282.246185303, 496.87210083, 354.744506836, 436.066192627, 465.731231689, 327.641418457, 198.442398071, 151.993713379, 17.2436447144, 3.65383815765, 1.2424929142, 0.073932737112, 0.0017311089905, 0.000594368029851],
        "mean": [0.833744943142, 5.80405378342, 9.34954929352, 14.988615036, 12.7656641006, 8.41064071655, 6.08938694, 10.2244329453, 10.5629177094, 6.82745075226, 4.70973539352, 22.5932750702, 9.12904930115, 3.52991080284, 12.9050989151, 16.3659629822, 18.3907260895, 19.8194313049, 11.3363313675, 15.7771463394, 20.5677223206, 13.2138652802, 12.7970943451, 6.656914711, 7.95809555054, 9.27139663696, 9.61734867096, 13.1168327332, 14.4059343338, 14.7860145569, 12.3070058823, 8.31615829468, 7.86626672745, 4.85844993591, 0.562735378742, 0.0795521512628, 0.021564733237, 0.00127533555496, 7.06244682078e-05, 6.59808283672e-05],
        "median": [0.145478948951, 3.30518770218, 5.81213760376, 5.09975385666, 8.36581420898, 6.70497989655, 4.74800777435, 2.97542858124, 2.93002128601, 0.930850625038, 1.05645263195, 0.566487550735, 0.873145222664, 0.734893798828, 1.2147295475, 1.79712545872, 1.14381182194, 2.28282141685, 0.966124236584, 1.04670143127, 0.748993217945, 0.69399535656, 0.723495602608, 0.824011266232, 0.945365726948, 1.07330071926, 1.06311690807, 1.39333319664, 1.73057234287, 1.27295064926, 0.518955767155, 0.16443605721, 0.0705128535628, 0.0233734901994, 0.00439112028107, 0.00142719084397, 0.000525893468875, 4.88556761411e-05, 2.15111413127e-05, 4.15892573074e-05],
        "min": [5.28304781255e-07, 5.32259218744e-06, 0.000132493893034, 0.00205315090716, 0.00537260156125, 0.00656562438235, 0.00969240441918, 0.00542890932411, 0.00217936467379, 0.00202344753779, 0.00285954959691, 0.00116713705938, 0.00086032890249, 0.0025838369038, 0.00244019320235, 0.00385802634992, 0.00304994010366, 0.00300841405988, 0.00316473934799, 0.00576911959797, 0.00751748634502, 0.00557256676257, 0.00705897435546, 0.00476709427312, 0.00689274352044, 0.00849212706089, 0.00741232046857, 0.00984548125416, 0.00744359986857, 0.0030950224027, 0.000299811566947, 7.92100108811e-05, 4.27364320785e-05, 2.19423491217e-05, 1.35961809065e-05, 5.18682281836e-06, 2.16285002352e-06, 3.31740778847e-07, 4.38611067466e-07, 4.37586038515e-07],
        "var": [8.17200756073, 115.80418396, 445.141326904, 661.167907715, 243.985336304, 93.3997879028, 51.6340141296, 246.328475952, 282.13470459, 229.933242798, 116.70790863, 5701.66748047, 279.040466309, 93.7870330811, 1970.46862793, 1276.52648926, 3575.95581055, 2260.49511719, 848.986572266, 1919.06665039, 7028.63964844, 1843.17419434, 2119.74853516, 276.084686279, 301.208984375, 497.510986328, 667.946289062, 1357.8503418, 1462.75146484, 1717.27124023, 1386.57202148, 650.353759766, 500.160491943, 280.206726074, 3.07372903824, 0.0990478470922, 0.0117332870141, 3.56456766895e-05, 2.71423825637e-08, 8.56514237313e-09]
    },
    "gfcc": {
        "mean": [-62.4392089844, 114.601112366, -88.878578186, 74.7083511353, -52.0256004333, 22.2141857147, -25.5112266541, -11.742184639, -10.5678129196, -5.47994709015, -6.25557661057, -6.38380432129, -5.30687999725],
        "cov": [[5331.53466797, -2399.76367188, -1149.27429199, -369.633575439, -501.299926758, 877.841430664, -631.850585938, 531.370361328, -472.691802979, 270.957611084, 80.6253890991, 234.764511108, 34.3349380493], [-2399.76367188, 3959.41870117, 748.199951172, -818.324279785, 610.01776123, -1137.98486328, 540.015075684, -561.083251953, 381.005859375, -179.204605103, -164.767120361, -249.77293396, -93.0840301514], [-1149.27429199, 748.199951172, 2253.51464844, 804.959655762, -92.2408599854, -173.017349243, 126.242927551, 8.92332172394, 81.249206543, -37.3626174927, 56.89112854, -171.829666138, 0.442838013172], [-369.633575439, -818.324279785, 804.959655762, 1192.49279785, -145.905548096, 204.241363525, 15.7239789963, 4.61271762848, 79.9323425293, -52.4398117065, 163.506500244, -19.2568950653, 50.0969200134], [-501.299926758, 610.01776123, -92.2408599854, -145.905548096, 550.071899414, -253.55456543, 107.076141357, -76.1904296875, 40.0384902954, 7.76075267792, -4.28278875351, 30.5572814941, -48.1382904053], [877.841430664, -1137.98486328, -173.017349243, 204.241363525, -253.55456543, 589.889587402, -168.497695923, 177.605026245, -115.291297913, 33.2579498291, 85.9238357544, 27.0921115875, 94.9534759521], [-631.850585938, 540.015075684, 126.242927551, 15.7239789963, 107.076141357, -168.497695923, 296.457244873, -128.708206177, 121.281768799, -58.8035430908, -26.2930450439, 5.76753568649, -10.6145219803], [531.370361328, -561.083251953, 8.92332172394, 4.61271762848, -76.1904296875, 177.605026245, -128.708206177, 323.663421631, -129.284759521, 60.0380363464, 39.7188873291, -16.6106510162, 75.7146759033], [-472.691802979, 381.005859375, 81.249206543, 79.9323425293, 40.0384902954, -115.291297913, 121.281768799, -129.284759521, 203.465026855, -31.6209068298, -17.1878528595, -21.1194820404, -15.4313564301], [270.957611084, -179.204605103, -37.3626174927, -52.4398117065, 7.76075267792, 33.2579498291, -58.8035430908, 60.0380363464, -31.6209068298, 105.907463074, 10.335811615, 44.1684341431, 1.65705764294], [80.6253890991, -164.767120361, 56.89112854, 163.506500244, -4.28278875351, 85.9238357544, -26.2930450439, 39.7188873291, -17.1878528595, 10.335811615, 135.540664673, -13.2790956497, 54.2958755493], [234.764511108, -249.77293396, -171.829666138, -19.2568950653, 30.5572814941, 27.0921115875, 5.76753568649, -16.6106510162, -21.1194820404, 44.1684341431, -13.2790956497, 153.671676636, -20.1791744232], [34.3349380493, -93.0840301514, 0.442838013172, 50.0969200134, -48.1382904053, 94.9534759521, -10.6145219803, 75.7146759033, -15.4313564301, 1.65705764294, 54.2958755493, -20.1791744232, 127.119934082]],
        "icov": [[0.000403989775805, -9.49935783865e-05, 0.000150070773088, 2.02642004297e-05, 0.000264067377429, -0.000389542576158, 0.000318077538395, -0.000371505331714, 0.000268621457508, -0.000362674501957, -0.000201340721105, -0.000447224796517, 0.000503959890921], [-9.49935783865e-05, 0.00261273607612, -0.00140024221037, 0.00260913278908, -0.00115807319526, 0.00234764069319, -0.00084082147805, 0.00263555068523, -0.00163175235502, 0.0015659207711, -0.000942920858506, 0.00221747998148, -0.00238038413227], [0.000150070773088, -0.00140024221037, 0.00157036771998, -0.00204534572549, 0.000851099437568, -0.000871448486578, 7.40746254451e-05, -0.00160692934878, 0.00131297879852, -0.00163285364397, 0.000748741033021, -0.00028798711719, 0.00148639990948], [2.02642004297e-05, 0.00260913278908, -0.00204534572549, 0.00441490998492, -0.000983006553724, 0.00157498021144, -0.000427914084867, 0.00244232802652, -0.00269649503753, 0.00287403678522, -0.00285738776438, 0.000986838829704, -0.00185448606499], [0.000264067377429, -0.00115807319526, 0.000851099437568, -0.000983006553724, 0.0031870030798, -9.69521133811e-05, -0.000117070194392, -0.00147886446211, 0.000990018597804, -0.00125151488464, -0.000842042849399, -0.0015615823213, 0.00186371197924], [-0.000389542576158, 0.00234764069319, -0.000871448486578, 0.00157498021144, -9.69521133811e-05, 0.00574111612514, -0.000307541718939, 0.00181651127059, -0.000911370269023, 0.00166527344845, -0.00135414185934, 0.00166631082539, -0.00351553061046], [0.000318077538395, -0.00084082147805, 7.40746254451e-05, -0.000427914084867, -0.000117070194392, -0.000307541718939, 0.006494642701, -0.000516500149388, -0.00185876130126, 0.00223653111607, 0.000324605032802, -0.00296318042092, -0.0003617182374], [-0.000371505331714, 0.00263555068523, -0.00160692934878, 0.00244232802652, -0.00147886446211, 0.00181651127059, -0.000516500149388, 0.00872020237148, 0.000917166529689, -0.00095100334147, 1.4142490727e-05, 0.0039972467348, -0.00532835163176], [0.000268621457508, -0.00163175235502, 0.00131297879852, -0.00269649503753, 0.000990018597804, -0.000911370269023, -0.00185876130126, 0.000917166529689, 0.00989679154009, -0.00319781270809, 0.00181698566303, 0.000732235319447, 0.000728093262296], [-0.000362674501957, 0.0015659207711, -0.00163285364397, 0.00287403678522, -0.00125151488464, 0.00166527344845, 0.00223653111607, -0.00095100334147, -0.00319781270809, 0.0162343643606, -0.00271269492805, -0.00406030658633, -0.000932668044697], [-0.000201340721105, -0.000942920858506, 0.000748741033021, -0.00285738776438, -0.000842042849399, -0.00135414185934, 0.000324605032802, 1.4142490727e-05, 0.00181698566303, -0.00271269492805, 0.0123935714364, 0.00127243006136, -0.00363697460853], [-0.000447224796517, 0.00221747998148, -0.00028798711719, 0.000986838829704, -0.0015615823213, 0.00166631082539, -0.00296318042092, 0.0039972467348, 0.000732235319447, -0.00406030658633, 0.00127243006136, 0.0123303141445, -0.00155195279513], [0.000503959890921, -0.00238038413227, 0.00148639990948, -0.00185448606499, 0.00186371197924, -0.00351553061046, -0.0003617182374, -0.00532835163176, 0.000728093262296, -0.000932668044697, -0.00363697460853, -0.00155195279513, 0.0145958689973]]
    },
    "melbands": {
        "dmean": [0.00488126184791, 0.00351622793823, 0.00153816654347, 0.000545087968931, 0.000159862087457, 0.000123071775306, 7.60988186812e-05, 3.06902074954e-05, 2.59424577962e-05, 5.072112981e-05, 1.47492391989e-05, 7.87659973867e-06, 2.27405962505e-05, 2.71932603937e-05, 3.10142022499e-05, 3.31409319188e-05, 2.21465434151e-05, 1.23734489534e-05, 1.37964625537e-05, 2.30451078096e-05, 2.62858902715e-05, 1.30336575239e-05, 1.34403571792e-05, 8.9138329713e-06, 3.3542107758e-06, 3.86008241549e-06, 4.83276244267e-06, 4.85831651531e-06, 4.45980140285e-06, 4.47872798759e-06, 8.5995061454e-06, 7.89862951933e-06, 7.93850358605e-06, 7.32753233024e-06, 6.59957822791e-06, 6.065783964e-06, 4.57361011286e-06, 7.07650406184e-06, 6.440476227e-06, 6.43582689008e-06],
        "dmean2": [0.00658527715132, 0.00523458560929, 0.00254660029896, 0.000924882944673, 0.000248464173637, 0.0001938798232, 0.000121323209896, 4.3721338443e-05, 3.65808555216e-05, 6.74828261253e-05, 2.17992565013e-05, 1.21391440189e-05, 3.51238741132e-05, 4.29798528785e-05, 5.04662202729e-05, 4.86896315124e-05, 3.0552604585e-05, 1.99489895749e-05, 2.32498405239e-05, 3.99996497435e-05, 4.48554164905e-05, 2.30872756219e-05, 2.30890655075e-05, 1.48343324327e-05, 4.76619197798e-06, 5.66798098589e-06, 7.95342293713e-06, 7.57633370085e-06, 6.36495224171e-06, 6.1985888351e-06, 1.38589439302e-05, 1.27121129481e-05, 1.3428202692e-05, 1.21691209642e-05, 1.08146368802e-05, 1.00879715319e-05, 7.52336245569e-06, 1.2066333511e-05, 1.09573375084e-05, 1.17193740152e-05],
        "dvar": [0.000250998855336, 0.000117115800094, 1.87924324564e-05, 8.70108294748e-07, 7.91920271581e-08, 5.14836671073e-08, 2.18005435926e-08, 5.69666047667e-09, 9.4428393993e-09, 3.13543750963e-08, 9.71275171402e-10, 7.35832172971e-10, 6.52671428014e-09, 5.36238831117e-09, 1.18369678503e-08, 1.28935520038e-08, 3.8498173538e-09, 1.4524066394e-09, 1.74204151104e-09, 7.79008146878e-09, 1.32006974241e-08, 2.16836060218e-09, 3.04189162748e-09, 9.21152099043e-10, 6.4963652513e-11, 7.61794863302e-11, 1.14078767266e-10, 1.55645968336e-10, 1.55262677715e-10, 1.78990086641e-10, 7.56914364519e-10, 5.08785458209e-10, 5.9588917134e-10, 4.47867853914e-10, 3.40356826056e-10, 3.78548747904e-10, 1.52934664932e-10, 3.20084181382e-10, 2.83670864576e-10, 3.87646109656e-10],
        "dvar2": [0.000359941244824, 0.000283469300484, 5.4317744798e-05, 2.47482171289e-06, 2.2079737505e-07, 1.24638049215e-07, 5.33389403756e-08, 1.25955423869e-08, 1.64406639414e-08, 5.06435675618e-08, 1.86214266229e-09, 1.65428593046e-09, 1.41432234813e-08, 1.27673454031e-08, 2.89662853703e-08, 2.74512750309e-08, 6.58642740348e-09, 3.57190477196e-09, 4.72417927e-09, 2.14994102521e-08, 3.66204702118e-08, 6.14387474229e-09, 8.63325055889e-09, 2.39800246327e-09, 1.13564539717e-10, 1.47681256113e-10, 2.73060213329e-10, 3.60508956021e-10, 3.2253455462e-10, 4.12061329502e-10, 1.99622829378e-09, 1.36979416698e-09, 1.67343505719e-09, 1.1296870106e-09, 8.23213774925e-10, 9.28899679398e-10, 3.50313111852e-10, 8.36195390708e-10, 7.64207475079e-10, 1.0976907161e-09],
        "max": [0.138072162867, 0.0987642705441, 0.0385707169771, 0.0113709811121, 0.00271655549295, 0.00223907455802, 0.00133826455567, 0.00111159065273, 0.0017078629462, 0.00370133388788, 0.000458454916952, 0.000508570461534, 0.00134280358907, 0.000756782246754, 0.0010977423517, 0.00115296989679, 0.000551270495635, 0.000422825687565, 0.000348279834725, 0.00081109587336, 0.00100886262953, 0.000410725799156, 0.000543399597518, 0.000321780476952, 8.53846941027e-05, 7.52306150389e-05, 9.87496969174e-05, 0.000140793519677, 0.00017901379033, 0.000208037206903, 0.000402977224439, 0.00022701722628, 0.000291950185783, 0.00032186874887, 0.000239425702603, 0.000318335019983, 0.000170937521034, 0.000148338702274, 0.000133067936986, 0.000160221679835],
        "mean": [0.00755691761151, 0.00606936309487, 0.00250380346552, 0.000745250028558, 0.000251289369771, 0.000238594031543, 0.000143940662383, 7.32720291126e-05, 4.14853602706e-05, 0.000145572965266, 3.96836949221e-05, 1.14801250675e-05, 3.42388157151e-05, 4.3475003622e-05, 4.23353267252e-05, 4.06571016356e-05, 3.65203013644e-05, 1.68472652149e-05, 1.77769779839e-05, 2.39416913246e-05, 2.43557915383e-05, 1.38161994983e-05, 1.31829765451e-05, 8.9752020358e-06, 4.7939452088e-06, 5.50005870537e-06, 6.15619137534e-06, 6.13791053183e-06, 6.1373762037e-06, 5.46038336324e-06, 8.64941739565e-06, 8.31637316878e-06, 8.1208654592e-06, 8.02385420684e-06, 7.15129408491e-06, 6.15655926595e-06, 4.57128089693e-06, 5.6269182096e-06, 4.66401115773e-06, 4.08459663959e-06],
        "median": [0.0026210709475, 0.0042978907004, 0.00112834537867, 0.000567071896512, 0.000204170879442, 7.0211593993e-05, 3.97195617552e-05, 4.42334385298e-06, 8.27370058687e-06, 2.05166156775e-06, 3.45729313267e-06, 1.87716375422e-06, 1.81759287443e-06, 3.25706810145e-06, 2.74283138424e-06, 9.11174652174e-07, 3.98343627239e-06, 1.36912763082e-06, 1.17435149605e-06, 1.72473301063e-06, 6.76783145082e-07, 7.20568039014e-07, 6.45399779842e-07, 6.12173778336e-07, 5.86937687785e-07, 6.50863114515e-07, 6.76291904256e-07, 6.59241493395e-07, 6.06092100952e-07, 6.9720351803e-07, 7.63500850098e-07, 9.46714351358e-07, 9.0416705234e-07, 5.67072788726e-07, 3.2843365716e-07, 1.30273804189e-07, 7.92915386683e-08, 4.99826811051e-08, 3.21930677671e-08, 1.4429020645e-08],
