{
"highlevel": {
    "danceability": {
        "all": {
            "danceable": 0.558062076569,
            "not_danceable": 0.441937893629
        },
        "probability": 0.558062076569,
        "value": "danceable"
    },
    "gender": {
        "all": {
            "female": 0.984026312828,
            "male": 0.0159736592323
        },
        "probability": 0.984026312828,
        "value": "female"
    },
    "genre_dortmund": {
        "all": {
            "alternative": 0.174624234438,
            "blues": 0.0806199237704,
            "electronic": 0.00732413632795,
            "folkcountry": 0.391591727734,
            "funksoulrnb": 0.00701771862805,
            "jazz": 0.0276254825294,
            "pop": 0.114293642342,
            "raphiphop": 0.00174453970976,
            "rock": 0.195158571005
        },
        "probability": 0.391591727734,
        "value": "folkcountry"
    },
    "genre_electronic": {
        "all": {
            "ambient": 0.662792205811,
            "dnb": 0.128237515688,
            "house": 0.133795589209,
            "techno": 0.0124078951776,
            "trance": 0.0627667829394
        },
        "probability": 0.662792205811,
        "value": "ambient"
    },
    "genre_rosamerica": {
        "all": {
            "cla": 0.0090891038999,
            "dan": 0.0112300310284,
            "hip": 0.00326356128789,
            "jaz": 0.0218438040465,
            "pop": 0.414786726236,
            "rhy": 0.316206872463,
            "roc": 0.221290543675,
            "spe": 0.00228935829364
        },
        "probability": 0.414786726236,
        "value": "pop"
    },
    "genre_tzanetakis": {
        "all": {
            "blu": 0.0626541376114,
            "cla": 0.0348133966327,
            "cou": 0.0783501937985,
            "dis": 0.104547761381,
            "hip": 0.15693578124,
            "jaz": 0.313987255096,
            "met": 0.044816005975,
            "pop": 0.0627349764109,
            "reg": 0.0627352520823,
            "roc": 0.0784252434969
        },
        "probability": 0.313987255096,
        "value": "jaz"
    },
    "ismir04_rhythm": {
        "all": {
            "ChaChaCha": 0.216223865747,
            "Jive": 0.137998878956,
            "Quickstep": 0.155443817377,
            "Rumba-American": 0.0374679900706,
            "Rumba-International": 0.0913892239332,
            "Rumba-Misc": 0.0219125337899,
            "Samba": 0.0709600150585,
            "Tango": 0.0431688576937,
            "VienneseWaltz": 0.135082155466,
            "Waltz": 0.0903526619077
        },
        "probability": 0.216223865747,
        "value": "ChaChaCha"
    },
    "mood_acoustic": {
        "all": {
            "acoustic": 0.618697047234,
            "not_acoustic": 0.381302952766
        },
        "probability": 0.618697047234,
        "value": "acoustic"
    },
    "mood_aggressive": {
        "all": {
            "aggressive": 0.0281358268112,
            "not_aggressive": 0.971864163876
        },
        "probability": 0.971864163876,
        "value": "not_aggressive"
    },
    "mood_electronic": {
        "all": {
            "electronic": 0.0314486734569,
            "not_electronic": 0.968551337719
        },
        "probability": 0.968551337719,
        "value": "not_electronic"
    },
    "mood_happy": {
        "all": {
            "happy": 0.849209010601,
            "not_happy": 0.150791019201
        },
        "probability": 0.849209010601,
        "value": "happy"
    },
    "mood_party": {
        "all": {
            "not_party": 0.776411831379,
            "party": 0.223588168621
        },
        "probability": 0.776411831379,
        "value": "not_party"
    },
    "mood_relaxed": {
        "all": {
            "not_relaxed": 0.428868710995,
            "relaxed": 0.571131289005
        },
        "probability": 0.571131289005,
        "value": "relaxed"
    },
    "mood_sad": {
        "all": {
            "not_sad": 0.153190761805,
            "sad": 0.846809267998
        },
        "probability": 0.846809267998,
        "value": "sad"
    },
    "moods_mirex": {
        "all": {
            "Cluster1": 0.20703586936,
            "Cluster2": 0.42414984107,
            "Cluster3": 0.211229711771,
            "Cluster4": 0.111960552633,
            "Cluster5": 0.0456240065396
        },
        "probability": 0.42414984107,
        "value": "Cluster2"
    },
    "timbre": {
        "all": {
            "bright": 0.965120255947,
            "dark": 0.0348797217011
        },
        "probability": 0.965120255947,
        "value": "bright"
    },
    "tonal_atonal": {
        "all": {
            "atonal": 0.00154337147251,
            "tonal": 0.998456656933
        },
        "probability": 0.998456656933,
        "value": "tonal"
    },
    "voice_instrumental": {
        "all": {
            "instrumental": 0.123656824231,
            "voice": 0.87634319067
        },
        "probability": 0.87634319067,
        "value": "voice"
    }
},
"lowlevel": {
    "average_loudness": 0.966894328594,
    "barkbands_crest": {
        "dmean": 1.82620131969,
        "dmean2": 2.93770074844,
        "dvar": 3.55485033989,
        "dvar2": 8.2232542038,
        "max": 20.254825592,
        "mean": 10.8286333084,
        "median": 10.271282196,
        "min": 4.10741424561,
        "var": 11.0429210663
    },
    "barkbands_flatness_db": {
        "dmean": 0.0158359967172,
        "dmean2": 0.0242376178503,
        "dvar": 0.000244634429691,
        "dvar2": 0.000528904609382,
        "max": 0.295614778996,
        "mean": 0.166933149099,
        "median": 0.164868846536,
        "min": 0.0924808084965,
        "var": 0.000783104798757
    },
    "barkbands_kurtosis": {
        "dmean": 2.0019762516,
        "dmean2": 2.9819560051,
        "dvar": 6.77188491821,
        "dvar2": 13.6597356796,
        "max": 33.6906051636,
        "mean": 4.43353176117,
        "median": 2.07648181915,
        "min": -1.54546582699,
        "var": 35.9230766296
    },
    "barkbands_skewness": {
        "dmean": 0.409486800432,
        "dmean2": 0.595024287701,
        "dvar": 0.180157274008,
        "dvar2": 0.338640451431,
        "max": 5.3409538269,
        "mean": 1.58846080303,
        "median": 1.56597459316,
        "min": -0.978297650814,
        "var": 1.64827096462
    },
    "barkbands_spread": {
        "dmean": 3.28704929352,
        "dmean2": 4.88154554367,
        "dvar": 11.608291626,
        "dvar2": 23.032743454,
        "max": 43.4707450867,
        "mean": 19.1029376984,
        "median": 18.9800853729,
        "min": 3.85399198532,
        "var": 58.8752365112
    },
    "dissonance": {
        "dmean": 0.0220138430595,
        "dmean2": 0.0374718345702,
        "dvar": 0.00044464765233,
        "dvar2": 0.00118949729949,
        "max": 0.499078571796,
        "mean": 0.452755570412,
        "median": 0.458792030811,
        "min": 0.29472643137,
        "var": 0.000831209588796
    },
    "dynamic_complexity": 2.20632386208,
    "erbbands_crest": {
        "dmean": 2.49929261208,
        "dmean2": 3.88725090027,
        "dvar": 5.96505117416,
        "dvar2": 13.7161369324,
        "max": 29.2481765747,
        "mean": 11.1541347504,
        "median": 9.25679588318,
        "min": 2.66562485695,
        "var": 34.3022422791
    },
    "erbbands_flatness_db": {
        "dmean": 0.0147300930694,
        "dmean2": 0.0209965016693,
        "dvar": 0.000199038433493,
        "dvar2": 0.00036772043677,
        "max": 0.272139012814,
        "mean": 0.15617646277,
        "median": 0.149029701948,
        "min": 0.0665048733354,
        "var": 0.00167701521423
    },
    "erbbands_kurtosis": {
        "dmean": 0.806892156601,
        "dmean2": 1.21472680569,
        "dvar": 0.97004789114,
        "dvar2": 2.12431120872,
        "max": 12.9424133301,
        "mean": 1.1234151125,
        "median": 0.480913877487,
        "min": -1.5573952198,
        "var": 5.16875171661
    },
    "erbbands_skewness": {
        "dmean": 0.280599504709,
        "dmean2": 0.422654509544,
        "dvar": 0.0656022205949,
        "dvar2": 0.141814574599,
        "max": 2.33804273605,
        "mean": 0.272693872452,
        "median": 0.276326775551,
        "min": -1.24723553658,
        "var": 0.309827804565
    },
    "erbbands_spread": {
        "dmean": 5.69256353378,
        "dmean2": 8.24555492401,
        "dvar": 35.3100585938,
        "dvar2": 64.7256774902,
        "max": 119.48500061,
        "mean": 34.7831878662,
        "median": 33.1675453186,
        "min": 5.77305173874,
        "var": 357.300628662
    },
    "hfc": {
        "dmean": 4.82712936401,
        "dmean2": 6.62021398544,
        "dvar": 35.0764579773,
        "dvar2": 65.1999588013,
        "max": 94.2559280396,
        "mean": 23.6279659271,
        "median": 17.7475948334,
        "min": 3.40951657295,
        "var": 302.187957764
    },
    "melbands_crest": {
        "dmean": 2.61541843414,
        "dmean2": 4.18320226669,
        "dvar": 7.50520038605,
        "dvar2": 17.3524971008,
        "max": 28.8510303497,
        "mean": 17.8324050903,
        "median": 17.7499485016,
        "min": 6.30207538605,
        "var": 23.7475852966
    },
    "melbands_flatness_db": {
        "dmean": 0.0187688115984,
        "dmean2": 0.0277969315648,
        "dvar": 0.000399563607061,
        "dvar2": 0.000814625411294,
        "max": 0.396456331015,
        "mean": 0.225217312574,
        "median": 0.222048327327,
        "min": 0.129483923316,
        "var": 0.00156422005966
    },
    "melbands_kurtosis": {
        "dmean": 4.95474338531,
        "dmean2": 7.52966976166,
        "dvar": 47.1888923645,
        "dvar2": 98.1550369263,
        "max": 101.753997803,
        "mean": 13.796298027,
        "median": 8.36776161194,
        "min": -1.58588027954,
        "var": 268.939056396
    },
    "melbands_skewness": {
        "dmean": 0.572088956833,
        "dmean2": 0.853036344051,
        "dvar": 0.344540774822,
        "dvar2": 0.711166739464,
        "max": 8.1008348465,
        "mean": 2.67917513847,
        "median": 2.55479335785,
        "min": -0.564480066299,
        "var": 3.02144837379
    },
    "melbands_spread": {
        "dmean": 4.10180568695,
        "dmean2": 5.939473629,
        "dvar": 22.7770366669,
        "dvar2": 43.0895576477,
        "max": 57.3355560303,
        "mean": 20.6037883759,
        "median": 18.0442829132,
        "min": 2.84198522568,
        "var": 166.36227417
    },
    "pitch_salience": {
        "dmean": 0.0573844090104,
        "dmean2": 0.0946481376886,
        "dvar": 0.00381353287958,
        "dvar2": 0.00890348199755,
        "max": 0.776748538017,
        "mean": 0.44623836875,
        "median": 0.433690845966,
        "min": 0.216054350138,
        "var": 0.00662962533534
    },
    "silence_rate_20dB": {
        "dmean": 0,
        "dmean2": 0,
        "dvar": 0,
        "dvar2": 0,
        "max": 1,
        "mean": 1,
        "median": 1,
        "min": 1,
        "var": 0
    },
    "silence_rate_30dB": {
        "dmean": 0,
        "dmean2": 0,
        "dvar": 0,
        "dvar2": 0,
        "max": 1,
        "mean": 1,
        "median": 1,
        "min": 1,
        "var": 0
    },
    "silence_rate_60dB": {
        "dmean": 0,
        "dmean2": 0,
        "dvar": 0,
        "dvar2": 0,
        "max": 0,
        "mean": 0,
        "median": 0,
        "min": 0,
        "var": 0
    },
    "spectral_centroid": {
        "dmean": 166.140640259,
        "dmean2": 233.743606567,
        "dvar": 28514.34375,
        "dvar2": 51870.046875,
        "max": 2334.80151367,
        "mean": 1140.83850098,
        "median": 1125.90368652,
        "min": 381.477661133,
        "var": 191807.625
    },
    "spectral_complexity": {
        "dmean": 2.5425696373,
        "dmean2": 3.9961271286,
        "dvar": 5.6150803566,
        "dvar2": 12.5367450714,
        "max": 36,
        "mean": 17.2412986755,
        "median": 17,
        "min": 6,
        "var": 24.6656494141
    },
    "spectral_decrease": {
        "dmean": 2.24719243214e-09,
        "dmean2": 3.69135499945e-09,
        "dvar": 1.02155730316e-17,
        "dvar2": 2.64639512871e-17,
        "max": -2.25575402801e-09,
        "mean": -9.40959932194e-09,
        "median": -8.402594176e-09,
        "min": -2.78764904493e-08,
        "var": 1.85468468257e-17
    },
    "spectral_energy": {
        "dmean": 0.00879731681198,
        "dmean2": 0.0143467541784,
        "dvar": 0.000152271662955,
        "dvar2": 0.000392642541556,
        "max": 0.108533494174,
        "mean": 0.0376570411026,
        "median": 0.0333200544119,
        "min": 0.0088932197541,
        "var": 0.000303783308482
    },
    "spectral_energyband_high": {
        "dmean": 0.000142337812576,
        "dmean2": 0.000207180914003,
        "dvar": 2.90253403534e-08,
        "dvar2": 5.92709028524e-08,
        "max": 0.00254960451275,
        "mean": 0.000447275524493,
        "median": 0.000396153656766,
        "min": 2.46228250944e-06,
        "var": 1.00285596716e-07
    },
    "spectral_energyband_low": {
        "dmean": 0.00556854205206,
        "dmean2": 0.00968762487173,
        "dvar": 7.38862290746e-05,
        "dvar2": 0.000205179982004,
        "max": 0.073705740273,
        "mean": 0.017297713086,
        "median": 0.0158636346459,
        "min": 0.00208357139491,
        "var": 7.22044278518e-05
    },
    "spectral_energyband_middle_high": {
        "dmean": 0.00276785856113,
        "dmean2": 0.00372358341701,
        "dvar": 1.79907783604e-05,
        "dvar2": 3.08845046675e-05,
        "max": 0.0759029611945,
        "mean": 0.0104731982574,
        "median": 0.00483549572527,
        "min": 0.000364082254237,
        "var": 0.000140947449836
    },
    "spectral_energyband_middle_low": {
        "dmean": 0.00437423726544,
        "dmean2": 0.00706768780947,
        "dvar": 6.56774718664e-05,
        "dvar2": 0.000162384269061,
        "max": 0.0764164179564,
        "mean": 0.0106252357364,
        "median": 0.0075238016434,
        "min": 0.001623754506,
        "var": 9.62594349403e-05
    },
    "spectral_entropy": {
        "dmean": 0.11990378052,
        "dmean2": 0.171057716012,
        "dvar": 0.0129684498534,
        "dvar2": 0.0260926000774,
        "max": 7.9499297142,
        "mean": 7.33009719849,
        "median": 7.35137367249,
        "min": 6.34998273849,
        "var": 0.0696633383632
    },
    "spectral_flux": {
        "dmean": 0.0280235931277,
        "dmean2": 0.0422486402094,
        "dvar": 0.000914210861083,
        "dvar2": 0.00188151630573,
        "max": 0.269920945168,
        "mean": 0.0810403600335,
        "median": 0.0666961893439,
        "min": 0.0162948761135,
        "var": 0.00216502486728
    },
    "spectral_kurtosis": {
        "dmean": 1.36363732815,
        "dmean2": 2.2689332962,
        "dvar": 1.92072820663,
        "dvar2": 5.16583490372,
        "max": 16.8489437103,
        "mean": 5.02896881104,
        "median": 4.70280599594,
        "min": 0.179896116257,
        "var": 5.77187395096
    },
    "spectral_rms": {
        "dmean": 0.000666204548907,
        "dmean2": 0.00107125088107,
        "dvar": 7.01903957179e-07,
        "dvar2": 1.75182799467e-06,
        "max": 0.0102901086211,
        "mean": 0.00591490790248,
        "median": 0.00570152373984,
        "min": 0.00294555793516,
        "var": 1.7524444047e-06
    },
    "spectral_rolloff": {
        "dmean": 194.781707764,
        "dmean2": 321.646209717,
        "dvar": 88250.34375,
        "dvar2": 182691.109375,
        "max": 2562.45117188,
        "mean": 926.993225098,
        "median": 882.861328125,
        "min": 129.19921875,
        "var": 307111.3125
    },
    "spectral_skewness": {
        "dmean": 0.187522545457,
        "dmean2": 0.299552798271,
        "dvar": 0.0273882094771,
        "dvar2": 0.0694632232189,
        "max": 3.22820186615,
        "mean": 1.70825135708,
        "median": 1.68403685093,
        "min": 0.807585179806,
        "var": 0.11948864907
    },
    "spectral_spread": {
        "dmean": 456199.875,
        "dmean2": 663335.5,
        "dvar": 315741077504,
        "dvar2": 584847458304,
        "max": 11444377,
        "mean": 4403098,
        "median": 4252221.5,
        "min": 1851786.375,
        "var": 1.27346003149e+12
    },
    "spectral_strongpeak": {
        "dmean": 0.750338435173,
        "dmean2": 1.28486430645,
        "dvar": 2.44927811623,
        "dvar2": 5.60604429245,
        "max": 11.3326292038,
        "mean": 1.50419855118,
        "median": 0.518247365952,
        "min": 0.0717383921146,
        "var": 5.27944326401
    },
    "zerocrossingrate": {
        "dmean": 0.0058132680133,
        "dmean2": 0.00723760668188,
        "dvar": 2.63851907221e-05,
        "dvar2": 3.68191867892e-05,
        "max": 0.10107421875,
        "mean": 0.0429955609143,
        "median": 0.0439453125,
        "min": 0.01123046875,
        "var": 0.00018852854555
    },
    "barkbands": {
        "dmean": [1.85035660252e-05, 0.00328590068966, 0.00307505391538, 0.00152418157086, 0.001592981047, 0.00115722033661, 0.000511473510414, 0.00049570685951, 0.000658184406348, 0.00110818876419, 0.000239410015638, 0.00135336990934, 0.000357656477718, 0.000414277106756, 0.000621965271421, 0.000238918524701, 0.000143895376823, 0.000100572018709, 0.000125007005408, 9.84153084573e-05, 5.7513887441e-05, 2.27121036005e-05, 2.27521541092e-05, 1.82914700417e-05, 2.07956836675e-05, 1.2816672097e-05, 2.62108001969e-09],
        "dmean2": [3.1920382753e-05, 0.00584154576063, 0.00527875777334, 0.00258731888607, 0.00268696877174, 0.0019134451868, 0.000821324472781, 0.000757720554247, 0.00101260002702, 0.00162144564092, 0.000375667877961, 0.00179365940858, 0.000488220946863, 0.000616698060185, 0.000922234845348, 0.000364211096894, 0.000216185173485, 0.000154715322424, 0.000180659786565, 0.000151857602759, 8.89328803169e-05, 3.48731628037e-05, 3.43359533872e-05, 2.63880083367e-05, 3.13884956995e-05, 2.0152228899e-05, 4.19743351188e-09],
        "dvar": [1.00709629525e-09, 2.78843981505e-05, 2.0740160835e-05, 9.63252568909e-06, 1.40475622175e-05, 2.25347798732e-06, 1.30104001528e-06, 7.35923492812e-07, 5.35139952262e-06, 8.91705167305e-06, 4.33734840044e-07, 7.6279275163e-06, 8.71315080531e-07, 1.07085145373e-06, 2.12914574149e-06, 2.57573304907e-07, 7.06119180904e-08, 2.51593572642e-08, 4.3624702073e-08, 1.8350368336e-08, 5.29718047204e-09, 1.21821441823e-09, 7.44907469041e-10, 1.09169340234e-09, 1.24828525294e-09, 4.50407627861e-10, 4.19534677621e-16],
        "dvar2": [2.58142640597e-09, 8.01783317002e-05, 5.6856770243e-05, 2.38582979364e-05, 3.55092961399e-05, 6.2850631366e-06, 3.34289825332e-06, 1.78212258106e-06, 1.15069224194e-05, 1.68351052707e-05, 1.08430708678e-06, 1.25935657707e-05, 1.44531315982e-06, 2.02925434678e-06, 3.9335677684e-06, 5.37513358267e-07, 1.5105452178e-07, 5.77741765539e-08, 8.75139249956e-08, 4.08654692308e-08, 1.283944151e-08, 2.95221891378e-09, 1.74630543359e-09, 1.91496529744e-09, 2.83769208131e-09, 1.02176755945e-09, 4.6829889379e-16],
        "max": [0.000329921982484, 0.0371123887599, 0.0417823120952, 0.0284507460892, 0.0430911332369, 0.0198147185147, 0.0154771897942, 0.0171793363988, 0.0436643287539, 0.0670241191983, 0.0113772973418, 0.0550826229155, 0.0142638925463, 0.0242041889578, 0.0234188996255, 0.00841679889709, 0.00399390375242, 0.00256888614967, 0.00258621759713, 0.00248588412069, 0.00119620910846, 0.000566600996535, 0.000394926260924, 0.000636241165921, 0.000585125642829, 0.000265627430053, 6.75310957376e-07],
        "mean": [2.1391602786e-05, 0.00710452534258, 0.00928472075611, 0.00168805511203, 0.00243289838545, 0.00248385895975, 0.000878470193129, 0.000977020943537, 0.00145871832501, 0.00221398379654, 0.00031406574999, 0.00405172677711, 0.000773373292759, 0.0008151428774, 0.00132765970193, 0.000435207039118, 0.000309642840875, 0.000195656190044, 0.000311206531478, 0.000233614962781, 0.00013840268366, 4.89922131237e-05, 5.22504597029e-05, 4.39833202108e-05, 4.06433573517e-05, 2.18813165702e-05, 2.2039834402e-09],
        "median": [1.23904110296e-05, 0.00595645979047, 0.00913962163031, 0.000603510765359, 0.00157920550555, 0.00207686144859, 0.000437458482338, 0.000530331628397, 0.000235126775806, 0.000674353388604, 0.000129387452034, 0.000412799738115, 0.000156489986693, 0.000179050475708, 0.000218051543925, 0.0001940097427, 0.00011768261902, 0.000110494955152, 8.54277750477e-05, 0.00015895870456, 0.000101473262475, 3.07219415845e-05, 4.06039689551e-05, 3.13145756081e-05, 2.8055626899e-05, 1.40193160405e-05, 5.88514292854e-10],
        "min": [1.66867106799e-08, 0.0001888955303, 0.000182520932867, 1.71394931385e-05, 8.20610002847e-05, 3.0053241062e-05, 3.19127389048e-06, 1.62613905559e-05, 8.76124977367e-06, 1.06447469079e-05, 1.94578865376e-06, 8.27544499771e-06, 4.82904397359e-06, 1.43412862599e-05, 1.15086495498e-05, 1.32428367579e-05, 4.28374687544e-06, 6.65821607981e-06, 4.45405612481e-06, 1.57254271471e-06, 6.43722273708e-07, 3.82208128258e-07, 9.40253102044e-08, 8.10719811284e-08, 2.27042889378e-07, 1.45396505946e-09, 8.1688961151e-12],
        "var": [9.21399123666e-10, 2.98250834021e-05, 3.49771908077e-05, 9.44338626141e-06, 1.21446582853e-05, 3.4276254155e-06, 1.6622966541e-06, 1.69188490418e-06, 2.14803094423e-05, 3.07522641378e-05, 4.37721212165e-07, 5.90058771195e-05, 3.86428064303e-06, 2.8254235076e-06, 8.44491660246e-06, 5.49014373519e-07, 2.65334534788e-07, 6.41238102617e-08, 2.2848526271e-07, 6.64469368417e-08, 1.65528746265e-08, 3.1298983405e-09, 1.98845606647e-09, 3.34097749466e-09, 2.68883115773e-09, 7.29079130402e-10, 4.10369357615e-16]
    },
    "erbbands": {
        "dmean": [0.0337758995593, 0.923168241978, 3.36790680885, 4.13615322113, 6.71510887146, 3.99388599396, 6.78989076614, 10.5480442047, 8.03805160522, 7.6370639801, 11.8509664536, 11.7044658661, 26.697435379, 30.1712646484, 15.3438844681, 59.2058029175, 19.0655784607, 17.3563098907, 33.3900756836, 16.3159942627, 11.805352211, 6.19879484177, 4.90653753281, 3.63203144073, 8.2391462326, 4.56735658646, 2.80541658401, 1.52082371712, 0.886205434799, 0.612098515034, 0.72152107954, 0.4852668643, 0.267065048218, 0.248611479998, 0.151336833835, 0.0746413469315, 0.0210794433951, 0.00244635110721, 4.19006173615e-05, 1.03171796582e-05],
        "dmean2": [0.06025198102, 1.63425254822, 5.78993749619, 6.99320316315, 11.4167280197, 6.77653884888, 10.7328920364, 18.0226898193, 13.1882925034, 11.9862356186, 17.8699417114, 16.7889461517, 40.0293388367, 43.5458297729, 21.4380893707, 75.9344940186, 26.0027961731, 25.4549198151, 47.7398757935, 23.5404052734, 18.2377052307, 9.14531040192, 7.49981689453, 5.49984550476, 12.033870697, 7.09385585785, 4.32285690308, 2.36889410019, 1.38533675671, 0.94444912672, 1.09014558792, 0.716468632221, 0.3885627985, 0.38748255372, 0.225844755769, 0.115563899279, 0.0333657078445, 0.00392387760803, 6.61349840811e-05, 1.66300505953e-05],
        "dvar": [0.00354059087113, 2.0902967453, 22.5489521027, 53.0438461304, 332.211975098, 73.0479125977, 78.7083892822, 264.574432373, 167.014190674, 328.350219727, 449.401550293, 902.362426758, 8150.99755859, 8412.69140625, 1241.37890625, 15079.5351562, 2136.80908203, 1494.96777344, 6722.05859375, 1196.72131348, 580.614624023, 147.570953369, 58.3055534363, 27.2540721893, 189.505981445, 49.9652137756, 12.3737154007, 4.23594522476, 2.16373753548, 0.719859361649, 0.731292784214, 0.803219258785, 0.198698610067, 0.289824128151, 0.0489858798683, 0.0161846596748, 0.00111069146078, 1.63142813108e-05, 4.24750723482e-09, 1.88806179025e-10],
        "dvar2": [0.0101409647614, 6.03572034836, 62.0085983276, 137.199508667, 837.550048828, 199.590789795, 210.095352173, 736.006713867, 393.896392822, 891.731018066, 1130.18701172, 1831.79724121, 15174.1826172, 16106.6914062, 2326.65161133, 22932.6484375, 3592.72143555, 2620.54638672, 12119.2070312, 2026.16967773, 1340.40136719, 299.90435791, 121.514678955, 64.2180404663, 388.214691162, 111.286140442, 28.6050395966, 10.4734706879, 5.25788211823, 1.71229374409, 1.70736610889, 1.73293113708, 0.336565464735, 0.738771855831, 0.10237595439, 0.0362733416259, 0.00261596264318, 3.98776064685e-05, 1.02080921494e-08, 4.85868290045e-10],
        "max": [0.408582657576, 10.5109348297, 40.4649810791, 57.7800216675, 176.587387085, 118.079849243, 103.4114151, 232.462615967, 165.165359497, 269.57220459, 476.848571777, 742.865600586, 1788.0098877, 2600.64672852, 622.242004395, 2674.03710938, 770.960693359, 841.698974609, 1449.99047852, 730.624694824, 419.264831543, 264.550384521, 166.062011719, 90.8547363281, 177.810073853, 156.594284058, 51.2609405518, 26.6098613739, 23.5784759521, 14.0561532974, 10.7724914551, 14.0231924057, 9.28474807739, 8.65230083466, 4.48186254501, 1.96383345127, 0.392136514187, 0.0594613365829, 0.00092435546685, 0.000123633639305],
        "mean": [0.0658898204565, 2.16164278984, 10.9423484802, 6.97054433823, 6.85202169418, 7.36487102509, 15.6207370758, 20.1907615662, 13.7810764313, 14.2161922455, 25.0867004395, 27.2453575134, 60.9788703918, 60.7569503784, 41.1058387756, 179.726623535, 50.9362716675, 42.3118247986, 72.9794845581, 36.7602844238, 25.3006954193, 14.7533740997, 11.4411115646, 9.252825737, 20.0075378418, 11.9822425842, 7.51945209503, 3.51896286011, 1.89239573479, 1.35877013206, 1.62530851364, 1.13691747189, 0.595103740692, 0.433333843946, 0.297369837761, 0.130073815584, 0.0354370325804, 0.00337587902322, 8.23644804768e-05, 4.70957056677e-05],
        "median": [0.0437727682292, 1.89296233654, 10.9133205414, 4.79797554016, 2.30661606789, 5.05356502533, 12.3822908401, 15.5036239624, 8.74111843109, 8.25441932678, 14.8487291336, 7.57190895081, 9.86165618896, 16.0514125824, 13.3149194717, 21.7791461945, 13.976433754, 10.9639310837, 14.5619277954, 10.6415672302, 14.2468223572, 6.5977230072, 6.73301553726, 5.29728841782, 6.66900587082, 8.64883804321, 5.16767120361, 2.57572889328, 1.10656559467, 1.05679941177, 1.23849081993, 0.793077349663, 0.400430262089, 0.296790510416, 0.193208262324, 0.080427698791, 0.0216199271381, 0.00192467053421, 5.78573126404e-05, 4.15610593336e-05],
        "min": [0.00244193873368, 0.0652997046709, 0.365563035011, 0.338628798723, 0.210398510098, 0.322883427143, 0.211562380195, 0.400923788548, 0.440142601728, 0.353648066521, 0.485581189394, 0.60770636797, 0.347125768661, 0.298828482628, 0.486659735441, 0.500497639179, 0.457366555929, 1.04697418213, 0.560457825661, 0.876943171024, 1.05148792267, 0.583391189575, 0.521996855736, 0.29380312562, 0.236161828041, 0.0841577202082, 0.0339337214828, 0.0187479518354, 0.01177755557, 0.00827084667981, 0.004402668681, 0.0028228701558, 0.000656308257021, 0.00128359312657, 0.000840774388053, 0.000118825053505, 4.53622815257e-05, 4.02609521188e-06, 8.57268241816e-06, 1.27785669974e-05],
        "var": [0.00326609076001, 2.15633368492, 35.4955940247, 54.3429222107, 273.466339111, 69.7946929932, 147.055679321, 333.327789307, 279.690093994, 359.455291748, 1084.82092285, 4155.90283203, 33426.28125, 32354.234375, 5736.51757812, 127504.953125, 10571.1621094, 5805.15527344, 27161.3417969, 4743.65136719, 1201.44885254, 499.431793213, 207.489456177, 121.796707153, 832.066223145, 208.299423218, 50.4426231384, 10.4974822998, 5.14101982117, 1.52412354946, 1.99907839298, 1.97771561146, 0.649485170841, 0.392939329147, 0.160477340221, 0.0324001051486, 0.00180559779983, 2.12736194953e-05, 6.15588646724e-09, 4.31018637448e-10]
    },
    "gfcc": {
        "mean": [23.8600254059, 104.76171875, -111.288146973, 33.1840209961, -48.4593811035, 22.4479999542, -36.1247406006, 11.0800580978, -28.5785427094, 8.50506687164, -14.9609451294, -1.13524162769, -9.7001991272],
        "cov": [[997.679077148, -257.914642334, -421.876495361, -112.396270752, 0.429637849331, 104.040672302, 117.822525024, -17.8686103821, -175.403244019, 80.02759552, -0.0151847479865, -70.3608627319, -29.1883220673], [-257.914642334, 399.028137207, -74.6969909668, 18.1558265686, 13.9319124222, -62.8316574097, 48.128238678, -45.1739044189, 65.2359924316, -69.5480728149, 67.7138671875, -56.5556488037, 35.858795166], [-421.876495361, -74.6969909668, 586.326171875, 67.0083084106, -117.616615295, -63.1258239746, -169.717407227, 67.6200866699, 103.106941223, -25.085226059, -89.4517669678, 106.067436218, -42.0781097412], [-112.396270752, 18.1558265686, 67.0083084106, 274.193847656, -40.6542015076, -67.2999420166, -75.7435684204, -1.09332609177, 65.8254394531, -76.2054214478, -7.11418533325, -12.3967266083, 38.3766326904], [0.429637849331, 13.9319124222, -117.616615295, -40.6542015076, 160.797592163, 10.0050868988, 41.1491584778, -14.6572933197, -41.8385162354, 28.6510505676, 17.6106319427, 3.87771868706, 5.34375762939], [104.040672302, -62.8316574097, -63.1258239746, -67.2999420166, 10.0050868988, 144.128234863, 56.8587989807, -55.1146278381, -59.9433822632, 20.7316322327, 16.540512085, -15.1575317383, -18.5322570801], [117.822525024, 48.128238678, -169.717407227, -75.7435684204, 41.1491584778, 56.8587989807, 137.562271118, -39.3137893677, -60.7969169617, 18.6202487946, 32.9896812439, -28.0332698822, -5.9345164299], [-17.8686103821, -45.1739044189, 67.6200866699, -1.09332609177, -14.6572933197, -55.1146278381, -39.3137893677, 138.139297485, 53.2106590271, -23.4310398102, -40.0968971252, 14.6965246201, 20.9554386139], [-175.403244019, 65.2359924316, 103.106941223, 65.8254394531, -41.8385162354, -59.9433822632, -60.7969169617, 53.2106590271, 117.261222839, -38.6981239319, -26.7973442078, 5.8212351799, 20.4212493896], [80.02759552, -69.5480728149, -25.085226059, -76.2054214478, 28.6510505676, 20.7316322327, 18.6202487946, -23.4310398102, -38.6981239319, 109.396385193, 24.6572437286, 7.97012662888, -35.2716064453], [-0.0151847479865, 67.7138671875, -89.4517669678, -7.11418533325, 17.6106319427, 16.540512085, 32.9896812439, -40.0968971252, -26.7973442078, 24.6572437286, 96.5902328491, -6.34615755081, -4.17667675018], [-70.3608627319, -56.5556488037, 106.067436218, -12.3967266083, 3.87771868706, -15.1575317383, -28.0332698822, 14.6965246201, 5.8212351799, 7.97012662888, -6.34615755081, 84.8868942261, -4.71310710907], [-29.1883220673, 35.858795166, -42.0781097412, 38.3766326904, 5.34375762939, -18.5322570801, -5.9345164299, 20.9554386139, 20.4212493896, -35.2716064453, -4.17667675018, -4.71310710907, 64.358505249]],
        "icov": [[0.00323718204163, 0.00111238355748, 0.00330254225992, -0.000259993918007, 0.00264153699391, -6.15388198639e-05, 0.000654496543575, -0.00144782813732, 0.00323853548616, -0.000829651835375, 0.00214729597792, -0.000272413628409, 0.00209445459768], [0.00111238355748, 0.0121151208878, -0.00212374608964, 0.00565884681419, -0.00235850340687, 0.00861881766468, -0.00620794808492, 0.00825774297118, -0.00878178142011, 0.00944107212126, -0.00992358010262, 0.00941548589617, -0.00358595582657], [0.00330254225992, -0.00212374608964, 0.00907520484179, -0.00218065781519, 0.00543847074732, -0.00298421387561, 0.00568501651287, -0.00406615436077, 0.00434676278383, -0.00314396596514, 0.00744847627357, -0.0075774253346, 0.00727831991389], [-0.000259993918007, 0.00565884681419, -0.00218065781519, 0.00924744363874, -0.00168621074408, 0.00616298755631, -0.000524083094206, 0.00685064913705, -0.00605910038576, 0.0080751478672, -0.00653439573944, 0.00638484116644, -0.00418340135366], [0.00264153699391, -0.00235850340687, 0.00543847074732, -0.00168621074408, 0.0113442651927, -0.00167157803662, 0.00194444111548, -0.00361794186756, 0.00681995833293, -0.00485617294908, 0.00548392673954, -0.00545474980026, 0.0021383529529], [-6.15388198639e-05, 0.00861881766468, -0.00298421387561, 0.00616298755631, -0.00167157803662, 0.0170895215124, -0.00670469645411, 0.00946083944291, -0.00428885733709, 0.0080500561744, -0.00758834090084, 0.00838913861662, -0.00320050306618], [0.000654496543575, -0.00620794808492, 0.00568501651287, -0.000524083094206, 0.00194444111548, -0.00670469645411, 0.018579730764, -0.00423846952617, 0.00812359247357, -0.0033491095528, 0.00524887815118, -0.00479798717424, 0.00436250772327], [-0.00144782813732, 0.00825774297118, -0.00406615436077, 0.00685064913705, -0.00361794186756, 0.00946083944291, -0.00423846952617, 0.0185050610453, -0.0118307471275, 0.00847681891173, -0.00617858255282, 0.00680453842506, -0.00689559057355], [0.00323853548616, -0.00878178142011, 0.00434676278383, -0.00605910038576, 0.00681995833293, -0.00428885733709, 0.00812359247357, -0.0118307471275, 0.0274531077594, -0.00732689164579, 0.0107671171427, -0.00604410097003, 0.00314629636705], [-0.000829651835375, 0.00944107212126, -0.00314396596514, 0.0080751478672, -0.00485617294908, 0.0080500561744, -0.0033491095528, 0.00847681891173, -0.00732689164579, 0.0229716897011, -0.0121023841202, 0.00733717950061, 0.00181141891517], [0.00214729597792, -0.00992358010262, 0.00744847627357, -0.00653439573944, 0.00548392673954, -0.00758834090084, 0.00524887815118, -0.00617858255282, 0.0107671171427, -0.0121023841202, 0.0252589285374, -0.0112821133807, 0.00588851701468], [-0.000272413628409, 0.00941548589617, -0.0075774253346, 0.00638484116644, -0.00545474980026, 0.00838913861662, -0.00479798717424, 0.00680453842506, -0.00604410097003, 0.00733717950061, -0.0112821133807, 0.0257156342268, -0.00683045713231], [0.00209445459768, -0.00358595582657, 0.00727831991389, -0.00418340135366, 0.0021383529529, -0.00320050306618, 0.00436250772327, -0.00689559057355, 0.00314629636705, 0.00181141891517, 0.00588851701468, -0.00683045713231, 0.0271637234837]]
    },
    "melbands": {
        "dmean": [0.000604293192737, 0.00151369150262, 0.000782597460784, 0.00037103210343, 0.000211388614844, 0.000228953460464, 0.000123019621242, 8.41737200972e-05, 9.41083926591e-05, 8.39442946017e-05, 0.000135496506118, 0.00013020465849, 3.81436329917e-05, 0.000163378324942, 8.85403496795e-05, 3.22227533616e-05, 3.56012169505e-05, 5.46367155039e-05, 3.70768393623e-05, 1.58866241691e-05, 1.61040079547e-05, 7.31908903617e-06, 7.17380771675e-06, 4.28256726082e-06, 3.07176969727e-06, 6.5288204496e-06, 4.69321366836e-06, 3.10596328745e-06, 2.02700653062e-06, 1.55122620527e-06, 7.8219096622e-07, 5.86538476455e-07, 3.97789136741e-07, 3.48503988334e-07, 4.74798440564e-07, 3.92843645614e-07, 3.02200675151e-07, 1.93384408931e-07, 2.2783882514e-07, 2.30804459989e-07],
        "dmean2": [0.00107468711212, 0.00262566609308, 0.00132280413527, 0.000629643618595, 0.000339190650266, 0.000388055777876, 0.000200652822969, 0.000131920794956, 0.000140867574373, 0.00012353938655, 0.000204389769351, 0.000190644073882, 5.61213164474e-05, 0.000212645914871, 0.000114748167107, 4.67615245725e-05, 5.30149372935e-05, 7.72413404775e-05, 5.331491775e-05, 2.29680917982e-05, 2.50226821663e-05, 1.08876029117e-05, 1.12413717943e-05, 6.7195264819e-06, 4.75664910482e-06, 9.40058180277e-06, 7.10582617103e-06, 4.9057139222e-06, 3.19592982123e-06, 2.43325325755e-06, 1.23486108805e-06, 9.38340122048e-07, 6.1513418359e-07, 5.5101986618e-07, 7.41115002256e-07, 6.06226365107e-07, 4.52786622418e-07, 2.88904288936e-07, 3.57491558134e-07, 3.66203749991e-07],
        "dvar": [1.02032572613e-06, 4.7514263315e-06, 2.31043236454e-06, 9.11458187147e-07, 8.33900912767e-08, 1.11202680841e-07, 4.37677520893e-08, 3.38048202764e-08, 2.95713871168e-08, 6.87672070399e-08, 2.00751443913e-07, 1.64600692187e-07, 6.01587046845e-09, 1.28934686927e-07, 3.2701269248e-08, 5.49932144267e-09, 7.09775305197e-09, 1.76637566796e-08, 6.79883616073e-09, 1.29120691916e-09, 1.25211518931e-09, 2.69218120019e-10, 1.73853792473e-10, 4.28720982326e-11, 2.44652093723e-11, 1.40989303565e-10, 4.00111055399e-11, 2.65147521994e-11, 7.51468071797e-12, 3.70029701324e-12, 1.56437330538e-12, 1.15863482003e-12, 2.78769899959e-13, 2.51147870946e-13, 3.19126832165e-13, 3.98943790329e-13, 3.44917291343e-13, 9.77792608166e-14, 1.70129155989e-13, 3.18354527852e-13],
        "dvar2": [2.92189611173e-06, 1.34885131047e-05, 5.80245750825e-06, 2.28204498853e-06, 2.31523358707e-07, 3.09485216121e-07, 1.0609900869e-07, 9.0746191006e-08, 7.61858984788e-08, 1.40338059396e-07, 3.77039754085e-07, 3.20179651681e-07, 1.19136212007e-08, 2.26888417387e-07, 5.54684191911e-08, 9.80284120544e-09, 1.2572908048e-08, 3.25481614993e-08, 1.23214283221e-08, 2.05020334043e-09, 2.84767920355e-09, 5.55922474721e-10, 4.05967232053e-10, 9.39016087109e-11, 5.78528128181e-11, 2.81137918501e-10, 9.20186774001e-11, 6.02626559765e-11, 1.79361647062e-11, 8.86981200293e-12, 4.07586377843e-12, 2.92083631587e-12, 6.72540148572e-13, 6.12749380315e-13, 7.57296352363e-13, 9.85299081907e-13, 6.59986605298e-13, 1.72565046562e-13, 3.77299374469e-13, 8.28596848253e-13],
        "max": [0.00680209416896, 0.0179356411099, 0.0142635526136, 0.00992730911821, 0.00391767406836, 0.00471991300583, 0.00293500581756, 0.00270311185159, 0.00382107053883, 0.00593687221408, 0.00861347652972, 0.0113887498155, 0.00113553984556, 0.00707531673834, 0.00362108694389, 0.00127268757205, 0.00163190730382, 0.00219211052172, 0.00147437932901, 0.000853641016874, 0.000641472695861, 0.000351733760908, 0.000176805973751, 9.11901515792e-05, 9.35279094847e-05, 0.000160535681061, 8.63863097038e-05, 0.000100434299384, 3.93991576857e-05, 3.01151685562e-05, 1.97969820874e-05, 1.84569817065e-05, 6.84753103997e-06, 8.23425762064e-06, 7.04385547579e-06, 1.13234109449e-05, 1.02125977719e-05, 6.81364917909e-06, 6.26680639471e-06, 1.02346384665e-05],
        "mean": [0.00125511188526, 0.00483182724565, 0.0013060971396, 0.000476905028336, 0.000509273726493, 0.00045486271847, 0.000209820471355, 0.000160077790497, 0.000203829884413, 0.000187425452168, 0.00030228853575, 0.000253761681961, 7.2592702054e-05, 0.000463742588181, 0.000242780719418, 7.3345603596e-05, 7.78944740887e-05, 0.000110254506581, 7.72503917688e-05, 3.14475510095e-05, 3.12446645694e-05, 1.50690748342e-05, 1.43505185406e-05, 8.33294961922e-06, 6.35469177723e-06, 1.4548886611e-05, 1.11810077215e-05, 7.14015322956e-06, 4.98573990626e-06, 3.48050980392e-06, 1.51931033088e-06, 1.10961559585e-06, 8.16544343252e-07, 6.92468290708e-07, 9.80803633865e-07, 8.35002083477e-07, 6.43310897885e-07, 3.96167052941e-07, 4.11071852113e-07, 3.50875353661e-07],
        "median": [0.000942658807617, 0.00450465781614, 0.000857747567352, 0.000242590991547, 0.000417002476752, 0.000360195932444, 0.000138225674164, 9.56286821747e-05, 0.000121802368085, 3.48529538314e-05, 4.62065363536e-05, 5.17765474797e-05, 2.64968202828e-05, 4.56199340988e-05, 3.16334226227e-05, 1.78654554475e-05, 1.43156657941e-05, 2.02428400371e-05, 1.35908876473e-05, 9.48754495766e-06, 1.61478637892e-05, 5.56828854315e-06, 6.45515046926e-06, 4.552257451e-06, 3.03913998323e-06, 3.22725895785e-06, 6.78316155245e-06, 4.88663590659e-06, 3.14474573315e-06, 2.47797333941e-06, 9.57251586442e-07, 5.62370360058e-07, 5.84245412938e-07, 5.09614210387e-07, 7.41257395021e-07, 5.79397863021e-07, 4.15660679209e-07, 2.57218033539e-07, 2.59758849097e-07, 2.23248690645e-07],
        "min": [5.56470949959e-05, 0.000152355554746, 8.03892471595e-05, 1.3846370166e-05, 5.4385986914e-06, 6.62609591018e-06, 2.83453437078e-06, 2.48240166911e-06, 2.4494961508e-06, 1.64965013028e-06, 1.10660414521e-06, 6.13705424257e-07, 6.19573825134e-07, 6.34895229723e-07, 7.60741613703e-07, 5.70434167457e-07, 1.00897193533e-06, 8.58743021581e-07, 8.30039198263e-07, 8.78605646903e-07, 1.07929565729e-06, 2.04769108336e-07, 3.7194584479e-07, 2.53264005323e-07, 1.05225318237e-07, 1.3750332073e-07, 5.41360378747e-08, 2.93804820473e-08, 1.77852896854e-08, 1.22396457414e-08, 6.17386008983e-09, 5.16807574513e-09, 1.56915869187e-09, 1.22260779278e-09, 2.57200927223e-09, 1.29735455712e-09, 2.00404359774e-09, 3.17252280002e-10, 1.13340212216e-10, 8.95214978536e-12],
