{
"highlevel": {
    "danceability": {
        "all": {
            "danceable": 0.293899714947,
            "not_danceable": 0.706100285053
        },
        "probability": 0.706100285053,
        "value": "not_danceable"
    },
    "gender": {
        "all": {
            "female": 8.42321605887e-06,
            "male": 0.999991595745
        },
        "probability": 0.999991595745,
        "value": "male"
    },
    "genre_dortmund": {
        "all": {
            "alternative": 0.0837811082602,
            "blues": 0.00845990329981,
            "electronic": 0.00241664727218,
            "folkcountry": 0.642508685589,
            "funksoulrnb": 0.0026970920153,
            "jazz": 0.0094509460032,
            "pop": 0.0640873983502,
            "raphiphop": 0.00229021371342,
            "rock": 0.184307992458
        },
        "probability": 0.642508685589,
        "value": "folkcountry"
    },
    "genre_electronic": {
        "all": {
            "ambient": 0.860397994518,
            "dnb": 0.064977504313,
            "house": 0.0379828475416,
            "techno": 0.00904809031636,
            "trance": 0.0275935418904
        },
        "probability": 0.860397994518,
        "value": "ambient"
    },
    "genre_rosamerica": {
        "all": {
            "cla": 0.0844183191657,
            "dan": 0.0159894991666,
            "hip": 0.224143221974,
            "jaz": 0.0186499357224,
            "pop": 0.226473063231,
            "rhy": 0.302807033062,
            "roc": 0.115734420717,
            "spe": 0.0117845041677
        },
        "probability": 0.302807033062,
        "value": "rhy"
    },
    "genre_tzanetakis": {
        "all": {
            "blu": 0.0560867749155,
            "cla": 0.0420199893415,
            "cou": 0.0672072768211,
            "dis": 0.0839960277081,
            "hip": 0.0671997964382,
            "jaz": 0.336040884256,
            "met": 0.0672706365585,
            "pop": 0.0840667560697,
            "reg": 0.0840534195304,
            "roc": 0.11205843091
        },
        "probability": 0.336040884256,
        "value": "jaz"
    },
    "ismir04_rhythm": {
        "all": {
            "ChaChaCha": 0.138177543879,
            "Jive": 0.272830337286,
            "Quickstep": 0.071743696928,
            "Rumba-American": 0.0191369187087,
            "Rumba-International": 0.0784142687917,
            "Rumba-Misc": 0.0377814546227,
            "Samba": 0.0831854492426,
            "Tango": 0.0562933236361,
            "VienneseWaltz": 0.201449304819,
            "Waltz": 0.0409876853228
        },
        "probability": 0.272830337286,
        "value": "Jive"
    },
    "mood_acoustic": {
        "all": {
            "acoustic": 0.783697247505,
            "not_acoustic": 0.216302767396
        },
        "probability": 0.783697247505,
        "value": "acoustic"
    },
    "mood_aggressive": {
        "all": {
            "aggressive": 2.35914498603e-07,
            "not_aggressive": 0.999999761581
        },
        "probability": 0.999999761581,
        "value": "not_aggressive"
    },
    "mood_electronic": {
        "all": {
            "electronic": 0.0219852775335,
            "not_electronic": 0.978014707565
        },
        "probability": 0.978014707565,
        "value": "not_electronic"
    },
    "mood_happy": {
        "all": {
            "happy": 0.692558944225,
            "not_happy": 0.307441055775
        },
        "probability": 0.692558944225,
        "value": "happy"
    },
    "mood_party": {
        "all": {
            "not_party": 0.808781325817,
            "party": 0.191218644381
        },
        "probability": 0.808781325817,
        "value": "not_party"
    },
    "mood_relaxed": {
        "all": {
            "not_relaxed": 0.414270222187,
            "relaxed": 0.585729777813
        },
        "probability": 0.585729777813,
        "value": "relaxed"
    },
    "mood_sad": {
        "all": {
            "not_sad": 0.213047996163,
            "sad": 0.786952018738
        },
        "probability": 0.786952018738,
        "value": "sad"
    },
    "moods_mirex": {
        "all": {
            "Cluster1": 0.0915597528219,
            "Cluster2": 0.186831340194,
            "Cluster3": 0.612571775913,
            "Cluster4": 0.0955500379205,
            "Cluster5": 0.0134871108457
        },
        "probability": 0.612571775913,
        "value": "Cluster3"
    },
    "timbre": {
        "all": {
            "bright": 0.995644688606,
            "dark": 0.00435529835522
        },
        "probability": 0.995644688606,
        "value": "bright"
    },
    "tonal_atonal": {
        "all": {
            "atonal": 0.000207708828384,
            "tonal": 0.999792277813
        },
        "probability": 0.999792277813,
        "value": "tonal"
    },
    "voice_instrumental": {
        "all": {
            "instrumental": 2.39560104092e-05,
            "voice": 0.999976038933
        },
        "probability": 0.999976038933,
        "value": "voice"
    }
},
"lowlevel": {
    "average_loudness": 0.864123284817,
    "barkbands_crest": {
        "dmean": 2.40471625328,
        "dmean2": 3.96201348305,
        "dvar": 4.61137628555,
        "dvar2": 11.9715051651,
        "max": 20.9716968536,
        "mean": 9.26565742493,
        "median": 8.71848106384,
        "min": 2.86507153511,
        "var": 9.91205501556
    },
    "barkbands_flatness_db": {
        "dmean": 0.0215149205178,
        "dmean2": 0.0335959754884,
        "dvar": 0.000428485072916,
        "dvar2": 0.000933682604227,
        "max": 0.286661088467,
        "mean": 0.153268486261,
        "median": 0.150538027287,
        "min": 0.0570571795106,
        "var": 0.001713059959
    },
    "barkbands_kurtosis": {
        "dmean": 2.99249434471,
        "dmean2": 4.75119781494,
        "dvar": 20.2422046661,
        "dvar2": 49.5994911194,
        "max": 60.8823699951,
        "mean": 5.37063026428,
        "median": 3.4711022377,
        "min": -1.8971837759,
        "var": 50.3121910095
    },
    "barkbands_skewness": {
        "dmean": 0.539141476154,
        "dmean2": 0.837092578411,
        "dvar": 0.377110004425,
        "dvar2": 0.798249661922,
        "max": 7.30740451813,
        "mean": 1.85836052895,
        "median": 1.75326907635,
        "min": -3.82253193855,
        "var": 1.20006906986
    },
    "barkbands_spread": {
        "dmean": 7.47415065765,
        "dmean2": 10.9969186783,
        "dvar": 114.086746216,
        "dvar2": 233.61781311,
        "max": 99.7547149658,
        "mean": 22.2398986816,
        "median": 16.5332717896,
        "min": 2.18433499336,
        "var": 299.103302002
    },
    "dissonance": {
        "dmean": 0.0186253990978,
        "dmean2": 0.0311480425298,
        "dvar": 0.000328963535139,
        "dvar2": 0.000816471816506,
        "max": 0.499999910593,
        "mean": 0.459004104137,
        "median": 0.46762496233,
        "min": 0.317246735096,
        "var": 0.000967682281043
    },
    "dynamic_complexity": 3.34078502655,
    "erbbands_crest": {
        "dmean": 2.17034840584,
        "dmean2": 3.53729844093,
        "dvar": 4.15224599838,
        "dvar2": 10.8187608719,
        "max": 22.7045269012,
        "mean": 7.75673913956,
        "median": 7.02278852463,
        "min": 2.76915693283,
        "var": 10.2683286667
    },
    "erbbands_flatness_db": {
        "dmean": 0.0196511093527,
        "dmean2": 0.0258333627135,
        "dvar": 0.000361779442756,
        "dvar2": 0.000657401338685,
        "max": 0.260552108288,
        "mean": 0.146795898676,
        "median": 0.147107735276,
        "min": 0.0538072921336,
        "var": 0.00159406021703
    },
    "erbbands_kurtosis": {
        "dmean": 0.88062697649,
        "dmean2": 1.39025986195,
        "dvar": 2.12289476395,
        "dvar2": 5.58187580109,
        "max": 23.0635108948,
        "mean": 0.451969444752,
        "median": -0.227849245071,
        "min": -1.64216697216,
        "var": 3.94067215919
    },
    "erbbands_skewness": {
        "dmean": 0.340066641569,
        "dmean2": 0.499817937613,
        "dvar": 0.13630284369,
        "dvar2": 0.256448656321,
        "max": 2.81903505325,
        "mean": 0.446704983711,
        "median": 0.41016459465,
        "min": -3.86485385895,
        "var": 0.664526462555
    },
    "erbbands_spread": {
        "dmean": 9.62204647064,
        "dmean2": 14.4523477554,
        "dvar": 130.185516357,
        "dvar2": 310.27053833,
        "max": 126.676246643,
        "mean": 42.0046844482,
        "median": 39.8118743896,
        "min": 7.91366577148,
        "var": 315.390625
    },
    "hfc": {
        "dmean": 11.3112783432,
        "dmean2": 16.5376625061,
        "dvar": 566.797302246,
        "dvar2": 1383.18273926,
        "max": 218.4480896,
        "mean": 19.138551712,
        "median": 8.86347770691,
        "min": 0.577770113945,
        "var": 706.473144531
    },
    "melbands_crest": {
        "dmean": 3.10154438019,
        "dmean2": 5.12126207352,
        "dvar": 7.62922811508,
        "dvar2": 19.4008808136,
        "max": 27.3908081055,
        "mean": 13.1332578659,
        "median": 12.7383823395,
        "min": 4.26237440109,
        "var": 17.1352996826
    },
    "melbands_flatness_db": {
        "dmean": 0.0272552892566,
        "dmean2": 0.0412885919213,
        "dvar": 0.000794477120508,
        "dvar2": 0.00160139717627,
        "max": 0.401548564434,
        "mean": 0.216076299548,
        "median": 0.213204875588,
        "min": 0.027132557705,
        "var": 0.00401408504695
    },
    "melbands_kurtosis": {
        "dmean": 7.43986654282,
        "dmean2": 12.0706367493,
        "dvar": 182.482849121,
        "dvar2": 433.004150391,
        "max": 175.508850098,
        "mean": 14.6941642761,
        "median": 9.38018512726,
        "min": -1.80517101288,
        "var": 319.788482666
    },
    "melbands_skewness": {
        "dmean": 0.742961883545,
        "dmean2": 1.175745368,
        "dvar": 0.815593600273,
        "dvar2": 1.9027030468,
        "max": 10.8759279251,
        "mean": 2.83341956139,
        "median": 2.60146450996,
        "min": -1.16378247738,
        "var": 2.28806757927
    },
    "melbands_spread": {
        "dmean": 6.77762699127,
        "dmean2": 10.6364936829,
        "dvar": 187.134719849,
        "dvar2": 350.378204346,
        "max": 198.957107544,
        "mean": 19.950717926,
        "median": 14.9972362518,
        "min": 1.50536417961,
        "var": 470.233123779
    },
    "pitch_salience": {
        "dmean": 0.0620020180941,
        "dmean2": 0.0998411402106,
        "dvar": 0.00307738594711,
        "dvar2": 0.00821014866233,
        "max": 0.800064265728,
        "mean": 0.58709871769,
        "median": 0.588835835457,
        "min": 0.295977056026,
        "var": 0.00653915153816
    },
    "silence_rate_20dB": {
        "dmean": 0,
        "dmean2": 0,
        "dvar": 0,
        "dvar2": 0,
        "max": 1,
        "mean": 1,
        "median": 1,
        "min": 1,
        "var": 0
    },
    "silence_rate_30dB": {
        "dmean": 0,
        "dmean2": 0,
        "dvar": 0,
        "dvar2": 0,
        "max": 1,
        "mean": 1,
        "median": 1,
        "min": 1,
        "var": 0
    },
    "silence_rate_60dB": {
        "dmean": 0.00928792543709,
        "dmean2": 0.018590239808,
        "dvar": 0.00920162443072,
        "dvar2": 0.0197937358171,
        "max": 1,
        "mean": 0.0216550659388,
        "median": 0,
        "min": 0,
        "var": 0.0211862325668
    },
    "spectral_centroid": {
        "dmean": 249.938247681,
        "dmean2": 380.251739502,
        "dvar": 111067.0625,
        "dvar2": 202710.796875,
        "max": 5061.20507812,
        "mean": 1131.89477539,
        "median": 1013.71990967,
        "min": 236.250991821,
        "var": 377438.28125
    },
    "spectral_complexity": {
        "dmean": 3.4311144352,
        "dmean2": 5.02788543701,
        "dvar": 14.3752117157,
        "dvar2": 30.1402683258,
        "max": 41,
        "mean": 14.8739366531,
        "median": 14,
        "min": 2,
        "var": 49.6724815369
    },
    "spectral_decrease": {
        "dmean": 1.78261716499e-09,
        "dmean2": 2.67984257007e-09,
        "dvar": 6.51862576855e-18,
        "dvar2": 1.45079803206e-17,
        "max": -1.80869097477e-10,
        "mean": -4.6680002086e-09,
        "median": -3.11187564606e-09,
        "min": -2.34020038903e-08,
        "var": 1.65992186406e-17
    },
    "spectral_energy": {
        "dmean": 0.00747547717765,
        "dmean2": 0.0111595215276,
        "dvar": 0.000107889725768,
        "dvar2": 0.000235825616983,
        "max": 0.0935941413045,
        "mean": 0.0193540025502,
        "median": 0.0129230264574,
        "min": 0.000735047098715,
        "var": 0.00027779021184
    },
    "spectral_energyband_high": {
        "dmean": 0.00078800949268,
        "dmean2": 0.00121273018885,
        "dvar": 4.30263889939e-06,
        "dvar2": 1.0616920008e-05,
        "max": 0.0220966916531,
        "mean": 0.000895836681593,
        "median": 0.000206674798392,
        "min": 2.03980448532e-06,
        "var": 4.73693899039e-06
    },
    "spectral_energyband_low": {
        "dmean": 0.00312862638384,
        "dmean2": 0.00535563565791,
        "dvar": 6.38819255983e-05,
        "dvar2": 0.000169688311871,
        "max": 0.0715330392122,
        "mean": 0.00474650366232,
        "median": 0.00282878149301,
        "min": 1.02860385596e-05,
        "var": 5.73552315473e-05
    },
    "spectral_energyband_middle_high": {
        "dmean": 0.00168148952071,
        "dmean2": 0.00247824890539,
        "dvar": 9.18510431802e-06,
        "dvar2": 1.83056254173e-05,
        "max": 0.0427565388381,
        "mean": 0.00358932930976,
        "median": 0.00160262559075,
        "min": 6.85274644638e-05,
        "var": 2.64733789663e-05
    },
    "spectral_energyband_middle_low": {
        "dmean": 0.00383295025676,
        "dmean2": 0.00565013056621,
        "dvar": 2.76846167253e-05,
        "dvar2": 5.10810023115e-05,
        "max": 0.0640907362103,
        "mean": 0.0108589492738,
        "median": 0.00648995535448,
        "min": 0.000405306753237,
        "var": 0.000116132709081
    },
    "spectral_entropy": {
        "dmean": 0.17951849103,
        "dmean2": 0.251916468143,
        "dvar": 0.0352010466158,
        "dvar2": 0.062845364213,
        "max": 8.59312057495,
        "mean": 7.38764476776,
        "median": 7.35744810104,
        "min": 6.25933122635,
        "var": 0.170503795147
    },
    "spectral_flux": {
        "dmean": 0.0244384836406,
        "dmean2": 0.0376863256097,
        "dvar": 0.000815440900624,
        "dvar2": 0.00171568372753,
        "max": 0.265041351318,
        "mean": 0.0715307369828,
        "median": 0.0606587119401,
        "min": 0.0100629786029,
        "var": 0.00191512494348
    },
    "spectral_kurtosis": {
        "dmean": 2.12649655342,
        "dmean2": 3.34053373337,
        "dvar": 4.82373142242,
        "dvar2": 13.4864435196,
        "max": 27.1160850525,
        "mean": 6.55743837357,
        "median": 5.83103466034,
        "min": -0.201249361038,
        "var": 13.8518810272
    },
    "spectral_rms": {
        "dmean": 0.000783953058999,
        "dmean2": 0.0011481505353,
        "dvar": 8.71008069225e-07,
        "dvar2": 1.77740139407e-06,
        "max": 0.0095556974411,
        "mean": 0.00400701770559,
        "median": 0.00355075066909,
        "min": 0.000846828857902,
        "var": 2.82576911559e-06
    },
    "spectral_rolloff": {
        "dmean": 948.762939453,
        "dmean2": 1676.63842773,
        "dvar": 5469235.5,
        "dvar2": 12610842,
        "max": 13436.71875,
        "mean": 1696.70654297,
        "median": 882.861328125,
        "min": 107.666015625,
        "var": 6761824.5
    },
    "spectral_skewness": {
        "dmean": 0.276294857264,
        "dmean2": 0.419167935848,
        "dvar": 0.0631330907345,
        "dvar2": 0.154214113951,
        "max": 3.47943115234,
        "mean": 1.89470124245,
        "median": 1.89405691624,
        "min": 0.0597952157259,
        "var": 0.251273691654
    },
    "spectral_spread": {
        "dmean": 921386.3125,
        "dmean2": 1286364.625,
        "dvar": 1.36264155136e+12,
        "dvar2": 3.04018043699e+12,
        "max": 13427828,
        "mean": 4722681,
        "median": 4270357.5,
        "min": 1876952.875,
        "var": 3.40147254067e+12
    },
    "spectral_strongpeak": {
        "dmean": 0.393306493759,
        "dmean2": 0.628346085548,
        "dvar": 0.393865317106,
        "dvar2": 0.897125244141,
        "max": 5.6498093605,
        "mean": 0.756010949612,
        "median": 0.310810655355,
        "min": 0.0302785243839,
        "var": 1.05587410927
    },
    "zerocrossingrate": {
        "dmean": 0.0189696513116,
        "dmean2": 0.0209734011441,
        "dvar": 0.000668995082378,
        "dvar2": 0.000775212538429,
        "max": 0.328125,
        "mean": 0.0705013200641,
        "median": 0.05126953125,
        "min": 0.00830078125,
        "var": 0.00305631873198
    },
    "barkbands": {
        "dmean": [1.8379665562e-05, 0.00157531863078, 0.00156471971422, 0.000880785519257, 0.00150232505985, 0.000305185181787, 0.00069703371264, 0.00111972854938, 0.00126992736477, 0.000635447038803, 0.000414754118538, 0.000254235870671, 0.000192148814676, 0.000232338556089, 0.000152854729095, 9.2427857453e-05, 0.000120853008411, 0.000151067244587, 0.000127577222884, 0.000102201600384, 3.19657156069e-05, 0.000124525482533, 0.000115122806164, 4.62903662992e-05, 8.25620663818e-05, 0.00043574537267, 1.02239894773e-07],
        "dmean2": [3.00756819342e-05, 0.00271703372709, 0.00277521903627, 0.00150053529069, 0.00246355729178, 0.000479048438137, 0.00103408668656, 0.00166588765569, 0.00187000073493, 0.000951142108534, 0.000621423823759, 0.000412117049564, 0.00030318350764, 0.000384390936233, 0.000230455334531, 0.000142252247315, 0.000194531923626, 0.000220796224312, 0.000204730778933, 0.000154253779328, 5.10206045874e-05, 0.000202335751965, 0.000170753439306, 6.50040165056e-05, 0.000132741915877, 0.00069721363252, 1.89855171584e-07],
        "dvar": [1.94128557673e-09, 1.5657642507e-05, 1.98879024538e-05, 1.64926507296e-06, 3.42807697962e-06, 2.54567339653e-07, 2.38176517087e-06, 1.04281289168e-05, 8.47800856718e-06, 2.38470579461e-06, 9.39666108479e-07, 6.23527967036e-07, 2.37146593918e-07, 3.76928653623e-07, 1.34405723884e-07, 3.1702960257e-08, 5.33288897486e-08, 6.89799861675e-08, 4.92422493892e-08, 3.24647757566e-08, 1.09713926832e-08, 4.87961870022e-07, 2.16605599235e-07, 1.72473697546e-08, 5.34272217578e-08, 1.78746768142e-06, 2.57067154022e-13],
        "dvar2": [4.69107064305e-09, 4.21423319494e-05, 5.54102152819e-05, 4.36161735706e-06, 8.98603775568e-06, 5.88367015553e-07, 4.43371800429e-06, 2.08587352972e-05, 1.65402871062e-05, 5.13979102834e-06, 2.17102774513e-06, 1.46181685068e-06, 5.99935958689e-07, 9.60130137173e-07, 2.87942611976e-07, 6.79669867054e-08, 1.19630016115e-07, 1.49255996007e-07, 1.16478531709e-07, 6.75062423738e-08, 2.56329588666e-08, 1.31214096655e-06, 4.41072188551e-07, 3.00920106611e-08, 1.38443681408e-07, 4.65324592369e-06, 7.27213862045e-13],
        "max": [0.000525902840309, 0.0312996171415, 0.0420869216323, 0.0127052888274, 0.0184868499637, 0.00756793096662, 0.0184652153403, 0.0433321669698, 0.0353153906763, 0.0281036123633, 0.0170766152442, 0.012197367847, 0.00667949207127, 0.00942784268409, 0.00447012018412, 0.00358077464625, 0.00420539826155, 0.00387998484075, 0.00211594603024, 0.00183963787276, 0.00197954080068, 0.0153302270919, 0.00997591949999, 0.0025923657231, 0.00254435883835, 0.0115801366046, 7.98114069767e-06],
        "mean": [2.24500945478e-05, 0.00189118925482, 0.00217168498784, 0.00155840243679, 0.00313245807774, 0.000532725185622, 0.00122120347805, 0.00192885310389, 0.0022945292294, 0.000963248952758, 0.000685992825311, 0.000362260761904, 0.000264531903667, 0.000307628390146, 0.000215770996874, 0.000139222072903, 0.000186075776583, 0.000260654167505, 0.00020172407676, 0.000166691141203, 4.31518310506e-05, 0.000141067270306, 0.000155224304763, 5.89490737184e-05, 8.49791249493e-05, 0.000363283761544, 6.446138201e-08],
        "median": [6.63096579956e-06, 0.000806559342891, 0.00121158489492, 0.00107386324089, 0.00235656742007, 0.000298253173241, 0.000256007158896, 0.000141666343552, 0.000514807587024, 0.000153547836817, 0.000209323043237, 9.20378224691e-05, 8.25168026495e-05, 7.40887335269e-05, 7.10337408236e-05, 6.34996249573e-05, 9.49512395891e-05, 0.000100343335362, 7.58429523557e-05, 5.93178374402e-05, 1.07798205136e-05, 1.95712309505e-05, 2.02348073799e-05, 1.12325224109e-05, 1.40133788591e-05, 2.81120519503e-05, 3.68895830549e-10],
        "min": [6.14547701616e-09, 2.91032904443e-07, 5.36676338925e-07, 6.45438967695e-06, 7.79078691266e-05, 8.7229136625e-06, 1.81504981356e-06, 1.83207782811e-06, 4.51318010164e-06, 2.52347376772e-06, 1.40925021697e-06, 4.8929505283e-06, 3.06572860609e-06, 1.82975259122e-06, 2.10881194107e-06, 1.45647175032e-06, 7.43225768929e-07, 1.30366925077e-06, 1.10587643576e-06, 7.33692786525e-07, 3.45604320273e-07, 1.25873151902e-08, 9.82264047877e-10, 2.9405838875e-11, 1.96122562635e-11, 1.56577292798e-10, 5.70537670927e-12],
        "var": [2.06251460355e-09, 1.39421654239e-05, 1.5058380086e-05, 2.53226949098e-06, 7.21583091945e-06, 5.17901185049e-07, 6.41086671749e-06, 2.90350199066e-05, 2.24916147999e-05, 6.05397781328e-06, 2.29563079301e-06, 1.05927665572e-06, 3.5643023466e-07, 4.76474951938e-07, 2.16118181129e-07, 5.03288397624e-08, 8.00779531573e-08, 1.7024224519e-07, 8.56685105077e-08, 6.79574299056e-08, 1.51116150704e-08, 4.10364464187e-07, 3.29741794758e-07, 3.28605551658e-08, 5.1839002424e-08, 1.42265969316e-06, 1.53631136133e-13]
    },
    "erbbands": {
        "dmean": [0.0309719908983, 0.424598813057, 1.61055731773, 2.30123710632, 4.23069143295, 6.20952939987, 3.08404040337, 2.37866258621, 6.50120258331, 17.8892726898, 26.6642856598, 26.4248981476, 22.7810211182, 17.3257961273, 15.5309419632, 8.73773574829, 8.16915035248, 10.4555473328, 10.3519878387, 6.38152217865, 5.16697502136, 6.5005903244, 7.60645008087, 6.10018730164, 7.31431102753, 4.56106185913, 1.55028295517, 1.48767530918, 4.37717103958, 4.37912893295, 3.25293564796, 1.06822705269, 0.83883523941, 0.648177504539, 0.830347299576, 2.00842475891, 0.80879253149, 0.0286117438227, 0.000685009523295, 4.97870059917e-05],
        "dmean2": [0.0512207709253, 0.744085550308, 2.86476945877, 3.98499083519, 7.06338500977, 10.2006196976, 4.81873607635, 3.66909885406, 9.51124286652, 25.5621547699, 38.9641609192, 38.7936477661, 32.6806144714, 27.0141963959, 23.0371646881, 13.7935180664, 12.7361812592, 17.1993560791, 16.3558006287, 9.40209102631, 8.11379051208, 10.2879114151, 11.1401062012, 9.35756111145, 11.2633123398, 6.79333543777, 2.43363499641, 2.35150384903, 7.28392839432, 6.73864126205, 4.88473558426, 1.52555930614, 1.23754048347, 0.991865158081, 1.36202120781, 3.23378682137, 1.29488277435, 0.046711165458, 0.00110190175474, 7.76863380452e-05],
        "dvar": [0.00617394549772, 1.19205272198, 22.4645004272, 18.3749828339, 27.8128833771, 76.6980361938, 31.8472366333, 22.9857711792, 225.893798828, 2141.85668945, 6258.13818359, 3935.61181641, 3036.81958008, 1344.69140625, 1388.02746582, 690.859985352, 333.702423096, 728.263305664, 728.877441406, 223.076766968, 92.796546936, 164.873214722, 153.282928467, 106.80015564, 166.518096924, 62.7146492004, 14.8485784531, 31.2238616943, 743.383972168, 409.621185303, 167.02142334, 14.2572908401, 4.91770410538, 2.7721991539, 6.91791439056, 40.5535125732, 5.92885398865, 0.00598335172981, 3.59131354344e-06, 1.63837228229e-08],
        "dvar2": [0.0157908070832, 3.27239322662, 62.636844635, 49.3789558411, 74.8391036987, 196.885528564, 65.4318695068, 53.8106002808, 407.339904785, 4165.09179688, 12205.2900391, 7709.34863281, 5862.77148438, 3010.08984375, 3171.34814453, 1629.76196289, 782.563537598, 1821.03540039, 1738.03308105, 432.947662354, 198.096008301, 369.556884766, 310.216247559, 249.871337891, 373.246368408, 130.0962677, 35.9066162109, 76.1560668945, 2080.09350586, 993.368774414, 339.032043457, 24.5566082001, 9.9343996048, 6.29744100571, 18.341627121, 106.213546753, 15.4429521561, 0.0154140396044, 9.24121559365e-06, 4.21152037688e-08],
        "max": [0.701686501503, 8.78665924072, 41.9617805481, 49.4002227783, 48.4505653381, 88.3128433228, 100.777366638, 94.0447845459, 270.418762207, 633.867736816, 1016.55566406, 914.825317383, 749.170043945, 496.040008545, 582.687438965, 454.869171143, 302.003295898, 360.853790283, 394.15020752, 253.401519775, 167.965881348, 242.579971313, 163.786270142, 129.735946655, 116.234054565, 107.727539062, 65.462928772, 120.251983643, 617.634399414, 376.974487305, 287.862121582, 91.9293899536, 37.5074577332, 37.7213401794, 24.8002319336, 63.4185066223, 21.1029415131, 0.632034480572, 0.0151781626046, 0.00106363464147],
        "mean": [0.0435059331357, 0.486075401306, 2.18095898628, 4.01065731049, 8.16766357422, 11.5183334351, 6.50077867508, 4.54472208023, 11.8968811035, 29.1175079346, 48.875705719, 47.4926490784, 38.7825775146, 29.1202487946, 25.1285209656, 13.6603946686, 12.784532547, 13.5351839066, 15.1490869522, 9.4892988205, 8.31477355957, 10.2556648254, 13.6644945145, 10.8717918396, 11.9474163055, 7.52792453766, 2.33878755569, 1.94224727154, 4.73471021652, 5.47187519073, 4.30875587463, 1.46131932735, 1.021895051, 0.796043813229, 0.744191348553, 1.69000482559, 0.663373410702, 0.0229302234948, 0.000567903451156, 5.86615678912e-05],
        "median": [0.011743625626, 0.222535952926, 1.10868811607, 2.82944059372, 6.38986206055, 7.36052846909, 3.2041079998, 2.59927797318, 3.20990848541, 4.67789173126, 5.10021543503, 11.3358869553, 6.73502969742, 7.10383558273, 8.11097431183, 3.8531036377, 4.42087984085, 3.55488610268, 4.53241109848, 3.14312410355, 4.08460474014, 5.13994932175, 6.27770233154, 4.23490476608, 4.13340711594, 2.63829517365, 0.8858294487, 0.426662534475, 0.650660455227, 0.774941504002, 0.519283354282, 0.248538002372, 0.197251290083, 0.173941135406, 0.0783943012357, 0.138227194548, 0.04170589149, 0.00120136444457, 4.96848733746e-05, 2.35157567658e-05],
        "min": [1.25459309857e-05, 0.00036181305768, 0.00398257700726, 0.0166497435421, 0.104516044259, 0.226562082767, 0.201710402966, 0.0776154622436, 0.0508343800902, 0.0808546468616, 0.0543389841914, 0.131405740976, 0.170151799917, 0.149822026491, 0.119615353644, 0.193351656199, 0.15550096333, 0.145839601755, 0.0778200477362, 0.113201498985, 0.0860686525702, 0.0690877363086, 0.0894171074033, 0.0622475892305, 0.0571665950119, 0.0362420044839, 0.0127122504637, 0.00878956075758, 0.00375401438214, 0.00143444433343, 0.000190149177797, 5.63924113521e-05, 1.72199852386e-05, 7.40527048038e-06, 5.25015593666e-06, 4.25887037636e-06, 2.10489520214e-06, 5.1647282362e-07, 1.41137059018e-06, 1.07790719994e-06],
        "var": [0.00662908237427, 0.975028991699, 16.6428432465, 19.7790794373, 46.0156478882, 148.418151855, 92.7831420898, 43.5998458862, 682.487121582, 4692.31005859, 16917.4277344, 10136.2734375, 8566.29882812, 3342.29785156, 2898.34887695, 1374.61181641, 683.472900391, 895.147033691, 999.498046875, 444.203979492, 153.476242065, 247.287261963, 369.312072754, 272.945739746, 307.002868652, 132.976593018, 21.2695064545, 37.0913467407, 545.540283203, 456.668365479, 262.684936523, 27.8104763031, 7.84421300888, 4.21657085419, 5.57401561737, 31.8390312195, 4.71895217896, 0.00482330517843, 2.92907930088e-06, 1.40051996667e-08]
    },
    "gfcc": {
        "mean": [-16.26197052, 92.7858276367, -104.186035156, 20.2634544373, -50.7591171265, 7.42775249481, -38.6425285339, 16.7571372986, -37.7340011597, -1.86865949631, -28.3485832214, 2.05655217171, -22.9746494293],
        "cov": [[3613.328125, -1612.33837891, 107.706848145, -285.600738525, -733.170166016, 176.475448608, -50.9688110352, 260.838287354, -8.20320224762, 88.2961425781, -24.7573928833, 42.8397483826, -278.29699707], [-1612.33837891, 1712.57678223, -325.153778076, 109.746170044, 438.330841064, -222.645294189, 196.3150177, -22.2884693146, 130.306762695, -108.200126648, 167.304977417, -97.7070465088, 156.960281372], [107.706848145, -325.153778076, 724.537841797, 115.558784485, 205.336715698, 166.055114746, 18.6170082092, 38.2447013855, -56.0945014954, 110.534851074, -92.8206329346, 113.990966797, -50.4136619568], [-285.600738525, 109.746170044, 115.558784485, 399.469512939, 137.446502686, 55.9852333069, -15.703250885, -48.8076133728, 62.6002693176, -12.7695102692, 31.5538196564, -4.92467784882, 63.5880966187], [-733.170166016, 438.330841064, 205.336715698, 137.446502686, 746.099304199, -34.5920333862, 42.3736801147, -3.59272956848, -7.10382080078, 108.788261414, -117.370018005, 46.4776191711, 103.560142517], [176.475448608, -222.645294189, 166.055114746, 55.9852333069, -34.5920333862, 217.584213257, 5.52210521698, 3.91635036469, 5.91008758545, 15.0253515244, -15.419588089, -3.97044491768, 2.75005865097], [-50.9688110352, 196.3150177, 18.6170082092, -15.703250885, 42.3736801147, 5.52210521698, 208.196334839, 25.3621864319, -8.83678817749, -11.7181711197, 20.3627719879, 14.5563077927, -22.0004272461], [260.838287354, -22.2884693146, 38.2447013855, -48.8076133728, -3.59272956848, 3.91635036469, 25.3621864319, 127.173545837, 12.0990972519, 13.9856405258, 11.6295843124, 0.10212905705, -10.8529157639], [-8.20320224762, 130.306762695, -56.0945014954, 62.6002693176, -7.10382080078, 5.91008758545, -8.83678817749, 12.0990972519, 118.555953979, -4.47372817993, 26.1825561523, -21.7108917236, 15.260643959], [88.2961425781, -108.200126648, 110.534851074, -12.7695102692, 108.788261414, 15.0253515244, -11.7181711197, 13.9856405258, -4.47372817993, 97.8146896362, -40.8321495056, 22.9190235138, -7.5910077095], [-24.7573928833, 167.304977417, -92.8206329346, 31.5538196564, -117.370018005, -15.419588089, 20.3627719879, 11.6295843124, 26.1825561523, -40.8321495056, 120.315658569, -23.1936912537, 4.48881387711], [42.8397483826, -97.7070465088, 113.990966797, -4.92467784882, 46.4776191711, -3.97044491768, 14.5563077927, 0.10212905705, -21.7108917236, 22.9190235138, -23.1936912537, 97.0311355591, -8.97703838348], [-278.29699707, 156.960281372, -50.4136619568, 63.5880966187, 103.560142517, 2.75005865097, -22.0004272461, -10.8529157639, 15.260643959, -7.5910077095, 4.48881387711, -8.97703838348, 99.9299697876]],
        "icov": [[0.000811668287497, 0.000826879986562, 0.000273020617897, 8.30789504107e-05, 5.30105025973e-05, -1.52213315232e-05, -0.000352226285031, -0.00128871633206, -0.000657814787701, -0.000217824068386, -0.000514358107466, 4.92195977131e-05, 0.00088593212422], [0.000826879986562, 0.00357110216282, -0.000319876562571, 0.00141080736648, -0.00242696213536, 0.00214686081745, -0.00244132988155, 0.000260513304966, -0.00341690704226, 0.00291368435137, -0.00484308460727, 0.0025706840679, -0.00122697185725], [0.000273020617897, -0.000319876562571, 0.00371356238611, -0.00166975182947, -0.000145570898894, -0.00285808672197, 0.000709597661626, -0.00219364673831, 0.00194791553076, -0.0022682719864, 0.00140569673385, -0.00340931164101, 0.00350703834556], [8.30789504107e-05, 0.00141080736648, -0.00166975182947, 0.00505352485925, -0.00206453190185, 0.000635887729004, -0.000677811272908, 0.00275585264899, -0.00374556146562, 0.00314970710315, -0.00430186465383, 0.00186500803102, -0.00259851361625], [5.30105025973e-05, -0.00242696213536, -0.000145570898894, -0.00206453190185, 0.00536927534267, -0.000261541368673, 0.000384813523851, -0.00157322559971, 0.00247111683711, -0.00539601501077, 0.00644775107503, -0.00182681216393, -0.00168433540966], [-1.52213315232e-05, 0.00214686081745, -0.00285808672197, 0.000635887729004, -0.000261541368673, 0.00878668110818, -0.00274611497298, 0.00165320269298, -0.00297523406334, 0.00173424184322, -0.00191027193796, 0.00449772924185, -0.00458082696423], [-0.000352226285031, -0.00244132988155, 0.000709597661626, -0.000677811272908, 0.000384813523851, -0.00274611497298, 0.00770890479907, -0.00163688929752, 0.00282117328607, -0.000333217962179, 0.0014306983212, -0.00319737149402, 0.00403152126819], [-0.00128871633206, 0.000260513304966, -0.00219364673831, 0.00275585264899, -0.00157322559971, 0.00165320269298, -0.00163688929752, 0.0126669565216, -0.00270744180307, 0.0012692847522, -0.00368464668281, 0.00250467122532, -0.0033578556031], [-0.000657814787701, -0.00341690704226, 0.00194791553076, -0.00374556146562, 0.00247111683711, -0.00297523406334, 0.00282117328607, -0.00270744180307, 0.014202860184, -0.00458557112142, 0.00381026254036, -0.00200876942836, 0.00188023131341], [-0.000217824068386, 0.00291368435137, -0.0022682719864, 0.00314970710315, -0.00539601501077, 0.00173424184322, -0.000333217962179, 0.0012692847522, -0.00458557112142, 0.0199356973171, -0.00363659556024, 0.0019390800735, -0.000170708648511], [-0.000514358107466, -0.00484308460727, 0.00140569673385, -0.00430186465383, 0.00644775107503, -0.00191027193796, 0.0014306983212, -0.00368464668281, 0.00381026254036, -0.00363659556024, 0.0206037927419, -0.00318287150003, 0.000836982915644], [4.92195977131e-05, 0.0025706840679, -0.00340931164101, 0.00186500803102, -0.00182681216393, 0.00449772924185, -0.00319737149402, 0.00250467122532, -0.00200876942836, 0.0019390800735, -0.00318287150003, 0.0165270455182, -0.00338821834885], [0.00088593212422, -0.00122697185725, 0.00350703834556, -0.00259851361625, -0.00168433540966, -0.00458082696423, 0.00403152126819, -0.0033578556031, 0.00188023131341, -0.000170708648511, 0.000836982915644, -0.00338821834885, 0.019576638937]]
    },
    "melbands": {
        "dmean": [0.00036517350236, 0.000740488467272, 0.000438293471234, 0.000381869991543, 0.000135649519507, 5.57142520847e-05, 0.000107761072286, 0.00020649752696, 0.000226961506996, 0.000165979115991, 0.000117553550808, 7.59254398872e-05, 5.95149722358e-05, 3.0448567486e-05, 2.00952890737e-05, 1.88020967471e-05, 2.01003404072e-05, 1.93900777958e-05, 9.59494536801e-06, 6.7618148023e-06, 6.48711147733e-06, 6.52506651022e-06, 8.57077884575e-06, 7.54997608965e-06, 4.94452842759e-06, 5.30711849933e-06, 5.4696179177e-06, 2.62652224592e-06, 1.0834078239e-06, 7.1625373721e-07, 9.912389487e-07, 2.16727494262e-06, 3.07352706841e-06, 2.3707427772e-06, 2.17852448259e-06, 1.20235392842e-06, 4.73577813409e-07, 5.86400119573e-07, 6.08342475061e-07, 5.41376664387e-07],
        "dmean2": [0.000619255122729, 0.00130848796107, 0.000755007145926, 0.000624516746029, 0.000212666738662, 8.52301163832e-05, 0.000158067923621, 0.000298859871691, 0.000332802184857, 0.000244213180849, 0.00016918865731, 0.000120046686789, 8.7866326794e-05, 4.83637559228e-05, 3.10728246404e-05, 2.99135954265e-05, 3.32847303071e-05, 3.1154773751e-05, 1.43582683449e-05, 1.03187612694e-05, 1.03831725937e-05, 1.03901502371e-05, 1.3384695194e-05, 1.13145188152e-05, 7.74683212512e-06, 8.49031039252e-06, 8.22008496471e-06, 4.01306624553e-06, 1.72837542323e-06, 1.11079475573e-06, 1.60733918619e-06, 3.640741852e-06, 5.02958164361e-06, 3.66498738913e-06, 3.31992032443e-06, 1.7155992964e-06, 7.32843943752e-07, 8.8892028316e-07, 9.1884152198e-07, 8.38704465878e-07],
        "dvar": [8.19242984562e-07, 4.45006162408e-06, 5.00189344166e-07, 2.30008026847e-07, 4.33114344389e-08, 1.01996286972e-08, 5.57268933221e-08, 2.77455768583e-07, 3.98742798779e-07, 1.51278683802e-07, 8.00510235877e-08, 2.75527849425e-08, 2.01282546186e-08, 9.71598446142e-09, 2.84906387371e-09, 2.70477706898e-09, 2.77298051188e-09, 2.7545001835e-09, 5.61645951969e-10, 2.47173198575e-10, 1.46387180155e-10, 1.73002362436e-10, 2.42962289176e-10, 2.01524213983e-10, 7.44897615812e-11, 9.68320146288e-11, 9.47185038735e-11, 2.16311898948e-11, 6.6743082415e-12, 4.98697697721e-12, 1.27548839546e-11, 1.50344819927e-10, 3.61913832236e-10, 1.09608357113e-10, 8.16212236687e-11, 1.72946032495e-11, 2.74442512986e-12, 2.51362906184e-12, 2.34595155801e-12, 1.95084400023e-12],
        "dvar2": [2.17400565816e-06, 1.23072941278e-05, 1.32217041937e-06, 6.08676373304e-07, 9.14968723009e-08, 2.32964545432e-08, 1.02962722792e-07, 5.47399906736e-07, 7.68666666318e-07, 2.88862651132e-07, 1.57734575623e-07, 6.26530649583e-08, 4.61905678151e-08, 2.22540634809e-08, 7.31444460556e-09, 6.61532340018e-09, 6.9684285009e-09, 6.79405864901e-09, 1.25221955027e-09, 4.97571761571e-10, 3.34476529806e-10, 4.03703181995e-10, 5.35883670771e-10, 4.40915387534e-10, 1.83974294132e-10, 2.30052421557e-10, 2.0016549529e-10, 4.6763523609e-11, 1.69925757493e-11, 1.080781558e-11, 3.21409773796e-11, 4.19748902303e-10, 9.76047354051e-10, 2.53695453534e-10, 1.76162195942e-10, 3.15428412556e-11, 5.06321807398e-12, 5.25773088261e-12, 4.89913665191e-12, 4.39388369439e-12],
        "max": [0.00736626517028, 0.0191192347556, 0.00730537855998, 0.00518835987896, 0.00346845132299, 0.0018302364042, 0.00395049573854, 0.00638405280188, 0.00824399851263, 0.00594690488651, 0.00403928151354, 0.00217655836605, 0.00265451543964, 0.00159131456167, 0.000947122345679, 0.000704669160768, 0.00068055203883, 0.000751923071221, 0.000322930747643, 0.000348529720213, 0.000174180051545, 0.000221635898924, 0.000244973081863, 0.000242814232479, 9.44191779126e-05, 0.000112372741569, 0.000104662693047, 6.45371328574e-05, 4.52679050795e-05, 4.04491365771e-05, 7.47977319406e-05, 0.000253088044701, 0.000451194733614, 0.00019232633349, 0.000204613417736, 0.000110695160402, 3.2443771488e-05, 2.49664517469e-05, 2.56574712694e-05, 3.22298401443e-05],
        "mean": [0.000459727685666, 0.000985353603028, 0.00083329359768, 0.000747254467569, 0.000293338292977, 0.000104112477857, 0.000193735657376, 0.000343806226738, 0.00041088522994, 0.000292448763503, 0.000192292878637, 0.00012121887994, 9.77731688181e-05, 4.30711770605e-05, 3.02800835925e-05, 2.61125296674e-05, 2.48869091592e-05, 2.71916524071e-05, 1.37839251693e-05, 9.51834135776e-06, 9.95742630039e-06, 9.48751221586e-06, 1.31683482323e-05, 1.28595092974e-05, 8.12477173895e-06, 8.14875875221e-06, 8.67807830218e-06, 4.04873071602e-06, 1.52523000452e-06, 9.02118813428e-07, 1.17376055186e-06, 2.35227639678e-06, 3.34989931616e-06, 2.9792913665e-06, 2.76282344203e-06, 1.51415997607e-06, 6.39551672066e-07, 6.68586039865e-07, 7.38951314361e-07, 6.39493691779e-07],
        "median": [0.000160562398378, 0.00049667712301, 0.000646399566904, 0.000561345368624, 0.000152678112499, 5.51475932298e-05, 4.75968263345e-05, 4.96205939271e-05, 4.92011095048e-05, 6.95967974025e-05, 3.11047115247e-05, 2.65303151537e-05, 3.05381072394e-05, 9.83696372714e-06, 1.01658079075e-05, 7.89239220467e-06, 5.87641625316e-06, 7.18507180864e-06, 4.30401951235e-06, 3.39206803801e-06, 5.00037231177e-06, 4.56915131508e-06, 6.02600812272e-06, 4.80459539176e-06, 3.01154750559e-06, 2.95697191177e-06, 2.79156211036e-06, 1.5109509377e-06, 5.67942720409e-07, 2.00023109187e-07, 2.08565609228e-07, 3.1420543678e-07, 3.93483901462e-07, 4.21149337626e-07, 3.18022387091e-07, 1.94200282522e-07, 1.03496276438e-07, 1.131593379e-07, 1.5681924026e-07, 1.29219571932e-07],
        "min": [7.83379547897e-08, 1.02551553027e-06, 3.01437944472e-06, 1.95864522539e-05, 7.29273779143e-06, 1.29951024519e-06, 5.41907354545e-07, 6.30680233371e-07, 2.58143415977e-07, 5.8976991113e-07, 5.33442403139e-07, 2.04062914122e-07, 3.44037175637e-07, 3.49220925955e-07, 3.56532837031e-07, 3.21652805724e-07, 2.08643385236e-07, 8.73994494555e-08, 1.66750126596e-07, 1.16990989341e-07, 8.3266030515e-08, 3.32642819956e-08, 6.47974900403e-08, 6.35972270402e-08, 3.38230847774e-08, 3.29721494552e-08, 4.4103011021e-08, 1.1611978934e-08, 4.72621275449e-09, 1.84986481688e-09, 1.44614320519e-10, 1.95155766547e-10, 1.01010769193e-10, 1.86474280461e-10, 1.44914384312e-11, 1.7541378506e-12, 2.44200520265e-13, 7.41885665314e-14, 5.59700289587e-13, 1.61970087407e-13],
