{
"highlevel": {
    "danceability": {
        "all": {
            "danceable": 0.999972403049,
            "not_danceable": 2.75828933809e-05
        },
        "probability": 0.999972403049,
        "value": "danceable"
    },
    "gender": {
        "all": {
            "female": 0.872334361076,
            "male": 0.127665624022
        },
        "probability": 0.872334361076,
        "value": "female"
    },
    "genre_dortmund": {
        "all": {
            "alternative": 0.00695083942264,
            "blues": 0.00367855513468,
            "electronic": 0.0533765181899,
            "folkcountry": 0.00858242064714,
            "funksoulrnb": 0.00532784080133,
            "jazz": 0.0194103103131,
            "pop": 0.0228098947555,
            "raphiphop": 0.840035378933,
            "rock": 0.0398282259703
        },
        "probability": 0.840035378933,
        "value": "raphiphop"
    },
    "genre_electronic": {
        "all": {
            "ambient": 0.147329419851,
            "dnb": 0.185045585036,
            "house": 0.594651937485,
            "techno": 0.0495601370931,
            "trance": 0.023412913084
        },
        "probability": 0.594651937485,
        "value": "house"
    },
    "genre_rosamerica": {
        "all": {
            "cla": 0.00100600358564,
            "dan": 0.284126311541,
            "hip": 0.278312593699,
            "jaz": 0.00435959873721,
            "pop": 0.0545274280012,
            "rhy": 0.354911983013,
            "roc": 0.00899095088243,
            "spe": 0.01376513578
        },
        "probability": 0.354911983013,
        "value": "rhy"
    },
    "genre_tzanetakis": {
        "all": {
            "blu": 2.14496795976e-14,
            "cla": 1.17827458334e-14,
            "cou": 1.89000731569e-14,
            "dis": 1.53026276682e-14,
            "hip": 4.30095209122e-14,
            "jaz": 0.999999880791,
            "met": 2.0000017642e-08,
            "pop": 2.0000017642e-08,
            "reg": 1.66666822565e-08,
            "roc": 5.00000432169e-08
        },
        "probability": 0.999999880791,
        "value": "jaz"
    },
    "ismir04_rhythm": {
        "all": {
            "ChaChaCha": 0.0106156403199,
            "Jive": 0.0330822281539,
            "Quickstep": 0.00629843678325,
            "Rumba-American": 0.00645997468382,
            "Rumba-International": 0.79554605484,
            "Rumba-Misc": 0.016400642693,
            "Samba": 0.125769525766,
            "Tango": 0.000701303826645,
            "VienneseWaltz": 0.0029776704032,
            "Waltz": 0.00214854790829
        },
        "probability": 0.79554605484,
        "value": "Rumba-International"
    },
    "mood_acoustic": {
        "all": {
            "acoustic": 0.0957996547222,
            "not_acoustic": 0.90420037508
        },
        "probability": 0.90420037508,
        "value": "not_acoustic"
    },
    "mood_aggressive": {
        "all": {
            "aggressive": 0.103506572545,
            "not_aggressive": 0.896493434906
        },
        "probability": 0.896493434906,
        "value": "not_aggressive"
    },
    "mood_electronic": {
        "all": {
            "electronic": 0.95375007391,
            "not_electronic": 0.0462499558926
        },
        "probability": 0.95375007391,
        "value": "electronic"
    },
    "mood_happy": {
        "all": {
            "happy": 0.515711784363,
            "not_happy": 0.48428824544
        },
        "probability": 0.515711784363,
        "value": "happy"
    },
    "mood_party": {
        "all": {
            "not_party": 0.268569171429,
            "party": 0.731430828571
        },
        "probability": 0.731430828571,
        "value": "party"
    },
    "mood_relaxed": {
        "all": {
            "not_relaxed": 0.0202958341688,
            "relaxed": 0.979704141617
        },
        "probability": 0.979704141617,
        "value": "relaxed"
    },
    "mood_sad": {
        "all": {
            "not_sad": 0.628334283829,
            "sad": 0.371665716171
        },
        "probability": 0.628334283829,
        "value": "not_sad"
    },
    "moods_mirex": {
        "all": {
            "Cluster1": 0.432098031044,
            "Cluster2": 0.250917702913,
            "Cluster3": 0.148315161467,
            "Cluster4": 0.0480626635253,
            "Cluster5": 0.120606444776
        },
        "probability": 0.432098031044,
        "value": "Cluster1"
    },
    "timbre": {
        "all": {
            "bright": 0.186005845666,
            "dark": 0.813994169235
        },
        "probability": 0.813994169235,
        "value": "dark"
    },
    "tonal_atonal": {
        "all": {
            "atonal": 0.994150876999,
            "tonal": 0.00584911415353
        },
        "probability": 0.994150876999,
        "value": "atonal"
    },
    "voice_instrumental": {
        "all": {
            "instrumental": 0.0366832613945,
            "voice": 0.963316738605
        },
        "probability": 0.963316738605,
        "value": "voice"
    }
},
"lowlevel": {
    "average_loudness": 0.943507552147,
    "barkbands_crest": {
        "dmean": 2.93947815895,
        "dmean2": 4.56199121475,
        "dvar": 8.60584926605,
        "dvar2": 19.5714874268,
        "max": 26.593662262,
        "mean": 16.2147083282,
        "median": 16.380153656,
        "min": 3.49709582329,
        "var": 31.636888504
    },
    "barkbands_flatness_db": {
        "dmean": 0.0517184436321,
        "dmean2": 0.0682452097535,
        "dvar": 0.00275697163306,
        "dvar2": 0.00504009285942,
        "max": 0.668334364891,
        "mean": 0.269938856363,
        "median": 0.244172230363,
        "min": 0.0758128613234,
        "var": 0.0132537055761
    },
    "barkbands_kurtosis": {
        "dmean": 29.8992652893,
        "dmean2": 45.919834137,
        "dvar": 3301.01855469,
        "dvar2": 8018.49707031,
        "max": 847.092529297,
        "mean": 40.5631370544,
        "median": 15.5054512024,
        "min": -1.92890286446,
        "var": 5075.22460938
    },
    "barkbands_skewness": {
        "dmean": 1.72811186314,
        "dmean2": 2.5391497612,
        "dvar": 3.86368107796,
        "dvar2": 8.84896278381,
        "max": 23.1398677826,
        "mean": 4.24204063416,
        "median": 3.46404480934,
        "min": -2.16572642326,
        "var": 10.6581449509
    },
    "barkbands_spread": {
        "dmean": 9.30411243439,
        "dmean2": 13.5437059402,
        "dvar": 193.254074097,
        "dvar2": 360.249511719,
        "max": 121.05821228,
        "mean": 17.1709156036,
        "median": 9.21660709381,
        "min": 0.127916261554,
        "var": 491.298248291
    },
    "dissonance": {
        "dmean": 0.0254697557539,
        "dmean2": 0.0412960909307,
        "dvar": 0.000740629038773,
        "dvar2": 0.00177889398765,
        "max": 0.499533176422,
        "mean": 0.45252469182,
        "median": 0.465618103743,
        "min": 0.154827147722,
        "var": 0.00190965202637
    },
    "dynamic_complexity": 1.72267127037,
    "erbbands_crest": {
        "dmean": 3.19684720039,
        "dmean2": 5.21417331696,
        "dvar": 8.31874752045,
        "dvar2": 20.388835907,
        "max": 31.8072719574,
        "mean": 9.99173927307,
        "median": 8.87763977051,
        "min": 2.8389878273,
        "var": 20.3956260681
    },
    "erbbands_flatness_db": {
        "dmean": 0.0324546955526,
        "dmean2": 0.0468182750046,
        "dvar": 0.00136578129604,
        "dvar2": 0.00275516905822,
        "max": 0.620949566364,
        "mean": 0.164674386382,
        "median": 0.143269479275,
        "min": 0.0593461543322,
        "var": 0.00613725930452
    },
    "erbbands_kurtosis": {
        "dmean": 3.45240044594,
        "dmean2": 5.71109771729,
        "dvar": 192.06678772,
        "dvar2": 569.143005371,
        "max": 316.458007812,
        "mean": 2.6719918251,
        "median": 0.726010084152,
        "min": -1.96270883083,
        "var": 112.031433105
    },
    "erbbands_skewness": {
        "dmean": 0.77401471138,
        "dmean2": 1.13116765022,
        "dvar": 0.973181545734,
        "dvar2": 2.36370515823,
        "max": 15.2145090103,
        "mean": 0.804023504257,
        "median": 0.865061402321,
        "min": -4.54687929153,
        "var": 2.01824355125
    },
    "erbbands_spread": {
        "dmean": 21.6882591248,
        "dmean2": 34.3468284607,
        "dvar": 697.825927734,
        "dvar2": 1667.52319336,
        "max": 235.451507568,
        "mean": 53.6259918213,
        "median": 48.3893165588,
        "min": 1.23779392242,
        "var": 1286.08837891
    },
    "hfc": {
        "dmean": 13.3116559982,
        "dmean2": 19.1003360748,
        "dvar": 569.060302734,
        "dvar2": 1019.75524902,
        "max": 313.878295898,
        "mean": 26.2255439758,
        "median": 16.2950172424,
        "min": 0.000364032224752,
        "var": 1205.65930176
    },
    "melbands_crest": {
        "dmean": 2.98072767258,
        "dmean2": 4.65400266647,
        "dvar": 9.0495223999,
        "dvar2": 22.3547534943,
        "max": 33.8190383911,
        "mean": 19.288684845,
        "median": 19.6494216919,
        "min": 5.77134656906,
        "var": 29.1907634735
    },
    "melbands_flatness_db": {
        "dmean": 0.0621956847608,
        "dmean2": 0.0798494592309,
        "dvar": 0.00396812194958,
        "dvar2": 0.00698989629745,
        "max": 0.7858979702,
        "mean": 0.355569899082,
        "median": 0.329738140106,
        "min": 0.0476892404258,
        "var": 0.0204804036766
    },
    "melbands_kurtosis": {
        "dmean": 50.0774345398,
        "dmean2": 79.3487091064,
        "dvar": 5494.99462891,
        "dvar2": 13334.4013672,
        "max": 801.113769531,
        "mean": 80.0226364136,
        "median": 43.8608322144,
        "min": -1.70936775208,
        "var": 10623.4589844
    },
    "melbands_skewness": {
        "dmean": 2.09779882431,
        "dmean2": 3.23022866249,
        "dvar": 5.27869844437,
        "dvar2": 12.8715171814,
        "max": 22.1862449646,
        "mean": 5.77851009369,
        "median": 5.03623008728,
        "min": -0.547720015049,
        "var": 12.8499765396
    },
    "melbands_spread": {
        "dmean": 7.62161970139,
        "dmean2": 11.1469688416,
        "dvar": 306.901092529,
        "dvar2": 674.384460449,
        "max": 215.396148682,
        "mean": 11.899682045,
        "median": 4.65520381927,
        "min": 0.208759248257,
        "var": 460.799560547
    },
    "pitch_salience": {
        "dmean": 0.0934183821082,
        "dmean2": 0.143424808979,
        "dvar": 0.00947547052056,
        "dvar2": 0.0215586572886,
        "max": 0.931913673878,
        "mean": 0.400162488222,
        "median": 0.394839465618,
        "min": 0.016644584015,
        "var": 0.0332510657609
    },
    "silence_rate_20dB": {
        "dmean": 0,
        "dmean2": 0,
        "dvar": 0,
        "dvar2": 0,
        "max": 1,
        "mean": 1,
        "median": 1,
        "min": 1,
        "var": 0
    },
    "silence_rate_30dB": {
        "dmean": 0.0681114569306,
        "dmean2": 0.136328428984,
        "dvar": 0.0634718984365,
        "dvar2": 0.133234456182,
        "max": 1,
        "mean": 0.822119116783,
        "median": 1,
        "min": 0,
        "var": 0.146239593625
    },
    "silence_rate_60dB": {
        "dmean": 0.0100619196892,
        "dmean2": 0.020139425993,
        "dvar": 0.00996058434248,
        "dvar2": 0.0212833769619,
        "max": 1,
        "mean": 0.0185614842921,
        "median": 0,
        "min": 0,
        "var": 0.0182171650231
    },
    "spectral_centroid": {
        "dmean": 409.661437988,
        "dmean2": 591.133544922,
        "dvar": 299016.34375,
        "dvar2": 542950,
        "max": 4746.34912109,
        "mean": 1003.07983398,
        "median": 716.848266602,
        "min": 102.542053223,
        "var": 833698.75
    },
    "spectral_complexity": {
        "dmean": 4.6277089119,
        "dmean2": 6.41130924225,
        "dvar": 28.222864151,
        "dvar2": 50.7270622253,
        "max": 52,
        "mean": 12.8051042557,
        "median": 10,
        "min": 0,
        "var": 87.2429885864
    },
    "spectral_decrease": {
        "dmean": 5.42321476615e-09,
        "dmean2": 8.30238988669e-09,
        "dvar": 5.82052718689e-17,
        "dvar2": 1.08925737099e-16,
        "max": -5.36738994992e-14,
        "mean": -1.77145391689e-08,
        "median": -1.33947217762e-08,
        "min": -7.36312699701e-08,
        "var": 2.12833399556e-16
    },
    "spectral_energy": {
        "dmean": 0.0208078641444,
        "dmean2": 0.0319267399609,
        "dvar": 0.000833339174278,
        "dvar2": 0.00156526139472,
        "max": 0.281137615442,
        "mean": 0.069237396121,
        "median": 0.0527435205877,
        "min": 2.35596644416e-07,
        "var": 0.0030407551676
    },
    "spectral_energyband_high": {
        "dmean": 0.001246203552,
        "dmean2": 0.00185878365301,
        "dvar": 8.13227234175e-06,
        "dvar2": 1.50577780005e-05,
        "max": 0.0348393805325,
        "mean": 0.00168373214547,
        "median": 0.000398862117436,
        "min": 1.92789353926e-10,
        "var": 1.65131386893e-05
    },
    "spectral_energyband_low": {
        "dmean": 0.0189735684544,
        "dmean2": 0.0294340215623,
        "dvar": 0.000902044237591,
        "dvar2": 0.00175337959081,
        "max": 0.259451508522,
        "mean": 0.0556868873537,
        "median": 0.0402831509709,
        "min": 6.95057522648e-09,
        "var": 0.00304773775861
    },
    "spectral_energyband_middle_high": {
        "dmean": 0.00122962973546,
        "dmean2": 0.00174224178772,
        "dvar": 4.51369214716e-06,
        "dvar2": 8.79497929418e-06,
        "max": 0.0210718847811,
        "mean": 0.00196433719248,
        "median": 0.000715031812433,
        "min": 2.63480182117e-10,
        "var": 9.42301085161e-06
    },
    "spectral_energyband_middle_low": {
        "dmean": 0.00771753350273,
        "dmean2": 0.0126971062273,
        "dvar": 0.000346468848875,
        "dvar2": 0.000949360139202,
        "max": 0.153872579336,
        "mean": 0.012012234889,
        "median": 0.0082165999338,
        "min": 4.99983698887e-09,
        "var": 0.000264451693511
    },
    "spectral_entropy": {
        "dmean": 0.422144889832,
        "dmean2": 0.59413421154,
        "dvar": 0.252553403378,
        "dvar2": 0.501709103584,
        "max": 8.8724937439,
        "mean": 7.12970685959,
        "median": 7.33879518509,
        "min": 3.43754935265,
        "var": 0.830382525921
    },
    "spectral_flux": {
        "dmean": 0.0402666404843,
        "dmean2": 0.0653579458594,
        "dvar": 0.00273694307543,
        "dvar2": 0.00555172236636,
        "max": 0.496516764164,
        "mean": 0.114538796246,
        "median": 0.0950919985771,
        "min": 0.00161666807253,
        "var": 0.00661257933825
    },
    "spectral_kurtosis": {
        "dmean": 9.79352283478,
        "dmean2": 16.0713996887,
        "dvar": 1393.12658691,
        "dvar2": 4311.49902344,
        "max": 778.965576172,
        "mean": 16.030538559,
        "median": 3.87344074249,
        "min": -1.47902858257,
        "var": 2700.86767578
    },
    "spectral_rms": {
        "dmean": 0.001234142459,
        "dmean2": 0.00186418357771,
        "dvar": 1.80991241905e-06,
        "dvar2": 3.39274743055e-06,
        "max": 0.0165614187717,
        "mean": 0.007642746903,
        "median": 0.00717335985973,
        "min": 1.51608173837e-05,
        "var": 9.13717212825e-06
    },
    "spectral_rolloff": {
        "dmean": 687.731811523,
        "dmean2": 1169.71496582,
        "dvar": 3248241.75,
        "dvar2": 7105665.5,
        "max": 12769.1894531,
        "mean": 998.405456543,
        "median": 215.33203125,
        "min": 64.599609375,
        "var": 4670094
    },
    "spectral_skewness": {
        "dmean": 0.710517644882,
        "dmean2": 1.06120932102,
        "dvar": 1.4177377224,
        "dvar2": 3.43615913391,
        "max": 24.5480117798,
        "mean": 2.28874611855,
        "median": 1.65306925774,
        "min": -0.218100354075,
        "var": 5.56259727478
    },
    "spectral_spread": {
        "dmean": 1544718.125,
        "dmean2": 2289832.25,
        "dvar": 3.58778352435e+12,
        "dvar2": 7.73710308966e+12,
        "max": 21998802,
        "mean": 5813554,
        "median": 5392897,
        "min": 223969.953125,
        "var": 9.50894539571e+12
    },
    "spectral_strongpeak": {
        "dmean": 0.26578772068,
        "dmean2": 0.426434665918,
        "dvar": 0.138490006328,
        "dvar2": 0.313048034906,
        "max": 5.34809207916,
        "mean": 0.742837131023,
        "median": 0.624717056751,
        "min": 0.00240573659539,
        "var": 0.295979380608
    },
    "zerocrossingrate": {
        "dmean": 0.0158604476601,
        "dmean2": 0.017620107159,
        "dvar": 0.000472675892524,
        "dvar2": 0.000532774836756,
        "max": 0.35400390625,
        "mean": 0.0421402193606,
        "median": 0.02783203125,
        "min": 0.00244140625,
        "var": 0.00219318456948
    },
    "barkbands": {
        "dmean": [0.00022456010629, 0.0163412839174, 0.00968541670591, 0.0033448447939, 0.00224300799891, 0.00114120787475, 0.00151094817556, 0.00142271188088, 0.00048644823255, 0.000151776126586, 8.025697025e-05, 7.1361711889e-05, 0.000197133442271, 0.000150545893121, 0.000175156950718, 0.000155525616719, 0.000214700121433, 0.000102385958598, 0.000217400855036, 0.000239512592088, 0.000225429452257, 0.000116061637527, 0.000199922724278, 0.000378206226742, 0.000265099020908, 0.000134292175062, 8.88515785391e-08],
        "dmean2": [0.000356293283403, 0.023777725175, 0.0153090460226, 0.00591900898144, 0.00367022887804, 0.00180139858276, 0.00244601047598, 0.00236258446239, 0.000770511396695, 0.000240687892074, 0.0001317573915, 0.000111004759674, 0.00031193823088, 0.000233382030274, 0.000297388003673, 0.000242708745645, 0.000320414575981, 0.000155298926984, 0.00032632087823, 0.000365901592886, 0.00037180565414, 0.00018953543622, 0.000291987205856, 0.000521889422089, 0.000412859400967, 0.000210036087083, 1.63949948728e-07],
        "dvar": [2.59136754721e-07, 0.000761687872, 0.000634447904304, 0.000138006624184, 1.57642898557e-05, 3.90019022234e-06, 7.53973881729e-06, 1.30956150315e-05, 2.04742354981e-06, 2.13940069216e-07, 3.23824949078e-08, 3.92362302648e-08, 2.46723146802e-07, 1.61080791372e-07, 5.64036611195e-07, 3.10638540668e-07, 2.07610099778e-07, 5.28309485048e-08, 3.3908921182e-07, 3.72966724171e-07, 7.19373247193e-07, 1.18468449273e-07, 3.55959286935e-07, 1.02379055988e-06, 4.88517230224e-07, 1.65222303394e-07, 7.05624306815e-13],
        "dvar2": [6.65558218316e-07, 0.00131973368116, 0.00152905890718, 0.000396031682612, 4.23473356932e-05, 8.75233035913e-06, 1.88048215932e-05, 3.28827227349e-05, 4.81409688291e-06, 4.24951622335e-07, 8.44704999281e-08, 9.26635550513e-08, 5.88742523178e-07, 3.53595140723e-07, 1.54691394982e-06, 7.56100916988e-07, 4.68491919037e-07, 1.14229607107e-07, 6.04501451562e-07, 8.20902698706e-07, 1.99250780497e-06, 2.86814355377e-07, 5.94065284076e-07, 1.50472487803e-06, 1.09301709017e-06, 3.77734693302e-07, 1.99401758126e-12],
        "max": [0.00667483452708, 0.255074054003, 0.205358281732, 0.0977175086737, 0.0444428063929, 0.0242762956768, 0.0337675996125, 0.0658037438989, 0.0230393260717, 0.00969140045345, 0.00208816747181, 0.00366842490621, 0.00791518669575, 0.0121662309393, 0.00945496186614, 0.00617877952754, 0.00807669386268, 0.00359357986599, 0.0100816655904, 0.0111974533647, 0.0149834863842, 0.00289707351476, 0.0109547581524, 0.0174809992313, 0.00899081956595, 0.00574531173334, 1.95323864318e-05],
        "mean": [0.000333002913976, 0.0415570102632, 0.0117275072262, 0.00332210049964, 0.00313117634505, 0.00153412367217, 0.00185653206427, 0.00157185271382, 0.000527486437932, 0.0001714892569, 9.27979126573e-05, 8.02844733698e-05, 0.000238122403971, 0.000188924677786, 0.000156453912496, 0.000161290648975, 0.000289776275167, 0.00014204706531, 0.000303695967887, 0.000289808114758, 0.00021700830257, 0.000125999751617, 0.000246651237831, 0.000511184684001, 0.000308394111926, 0.00015266763512, 5.41677884769e-08],
        "median": [4.48455903097e-05, 0.0293237287551, 0.00561761809513, 0.0011490980396, 0.00177652493585, 0.000817771360744, 0.000667142157909, 0.000242590205744, 6.44765750621e-05, 2.55737231782e-05, 2.44198381552e-05, 1.6141038941e-05, 2.70322416327e-05, 3.29989707097e-05, 1.69367012859e-05, 1.75230397872e-05, 5.68797950109e-05, 3.36655175488e-05, 6.86740022502e-05, 5.90876625211e-05, 1.95193370018e-05, 1.32091545311e-05, 1.95604716282e-05, 6.67881467962e-05, 5.41263107152e-05, 2.75798047369e-05, 8.25187085329e-10],
        "min": [1.56083306002e-11, 1.26833432645e-09, 1.19357768114e-09, 2.09141859386e-09, 4.5223699785e-10, 7.29528382148e-11, 5.67082630853e-11, 3.16768590525e-11, 3.11398302977e-11, 2.01833983554e-11, 1.53955459492e-11, 1.43456904342e-11, 1.40492643561e-11, 1.29657144396e-11, 1.39398527443e-11, 2.052987641e-11, 1.4410410365e-11, 1.66183160982e-11, 8.17518067131e-11, 7.07171890491e-11, 8.05303324025e-11, 1.02208753613e-11, 1.31371320072e-11, 1.61798300452e-11, 1.84563527655e-11, 1.58232819208e-11, 7.12616077259e-12],
        "var": [4.13955945078e-07, 0.00206543598324, 0.00056515209144, 8.2583996118e-05, 1.78065911314e-05, 5.90826675761e-06, 1.02265312307e-05, 1.87766636373e-05, 2.59535158875e-06, 4.35912085095e-07, 4.10402059003e-08, 4.88822031741e-08, 3.86262740903e-07, 3.66722446188e-07, 4.04692713118e-07, 3.04848384758e-07, 3.22715237644e-07, 1.01168716071e-07, 5.35140372904e-07, 4.65135030936e-07, 6.91429420385e-07, 1.41532979114e-07, 7.64525793784e-07, 2.37550875681e-06, 6.79658342051e-07, 2.2233332686e-07, 4.23144944648e-13]
    },
    "erbbands": {
        "dmean": [0.379862755537, 4.10531330109, 10.3569078445, 11.2719316483, 8.80592536926, 7.15157032013, 5.8863158226, 12.0194854736, 17.6978797913, 29.7172679901, 26.7483558655, 11.7119855881, 6.29825639725, 3.54565811157, 2.68022704124, 3.37750720978, 7.99914455414, 8.85572052002, 5.85423469543, 11.4126567841, 7.722240448, 11.9856157303, 6.53572750092, 5.99705123901, 14.4073839188, 11.0229511261, 9.6921749115, 7.13772630692, 4.03130960464, 5.23023080826, 6.06601285934, 7.7882566452, 6.22599840164, 3.32575917244, 1.72287654877, 0.746332347393, 0.244920954108, 0.0168817620724, 0.000333675765432, 3.7216104829e-05],
        "dmean2": [0.555874228477, 5.98637342453, 15.9212532043, 19.1163024902, 15.0319519043, 11.567322731, 9.52398777008, 19.0970230103, 28.718744278, 49.7121124268, 44.3685150146, 18.7514514923, 9.7321023941, 5.35756969452, 4.36997890472, 5.13295412064, 12.3825588226, 13.2482995987, 9.46305274963, 19.2467918396, 11.5057039261, 17.8944187164, 9.64925670624, 8.64221096039, 21.1855506897, 16.9597949982, 15.6785011292, 11.7561845779, 6.73866081238, 8.03354549408, 8.75719738007, 10.60414505, 8.87003707886, 5.13541889191, 2.64814257622, 1.16191399097, 0.393237143755, 0.0281306616962, 0.000540947774425, 5.74600162508e-05],
        "dvar": [0.713504970074, 44.0839653015, 553.158996582, 1289.68786621, 523.343139648, 139.593307495, 98.2781600952, 481.265869141, 1097.58093262, 3516.04174805, 6230.25878906, 1285.96044922, 366.546783447, 73.3570556641, 31.516462326, 76.6649246216, 342.975036621, 584.310791016, 222.037582397, 2856.54785156, 462.406768799, 734.890380859, 195.189147949, 324.584228516, 1460.11254883, 768.923339844, 1140.82531738, 692.375854492, 160.792312622, 254.787109375, 362.098022461, 555.856079102, 238.476898193, 80.059173584, 22.1537036896, 5.81735801697, 0.519915342331, 0.0022951811552, 8.66592415605e-07, 3.84681042576e-09],
        "dvar2": [1.3061413765, 76.6416397095, 1253.1159668, 3430.74584961, 1469.02807617, 366.808959961, 232.340286255, 1096.37854004, 2518.43041992, 9064.82617188, 15633.4921875, 3134.49487305, 773.738952637, 146.797454834, 79.0118103027, 180.436645508, 773.979492188, 1198.93273926, 561.137939453, 7884.59814453, 957.676147461, 1697.81176758, 402.621246338, 648.82598877, 2650.33105469, 1730.46374512, 3006.93408203, 1909.46472168, 416.454284668, 561.356994629, 604.342407227, 793.195556641, 387.497375488, 174.003890991, 48.0713272095, 13.1289291382, 1.1822873354, 0.00577941536903, 2.10050302485e-06, 8.34683433482e-09],
        "max": [7.52555274963, 60.717540741, 197.145706177, 338.97769165, 245.925689697, 112.475364685, 103.552268982, 279.733215332, 589.470397949, 680.89050293, 1595.29296875, 680.544372559, 411.876434326, 141.332397461, 62.6035041809, 159.537338257, 237.062271118, 684.800720215, 165.873733521, 648.212768555, 221.253997803, 525.935668945, 182.656158447, 455.71182251, 730.697143555, 466.328460693, 508.739898682, 423.083831787, 119.061958313, 182.903671265, 383.270935059, 388.832550049, 226.8984375, 136.35609436, 83.7501144409, 39.5473594666, 10.5959634781, 0.583127737045, 0.012294895947, 0.000994641333818],
        "mean": [0.874843776226, 10.3300075531, 16.2930622101, 12.7359199524, 10.8686704636, 9.70520591736, 7.91069030762, 15.9933261871, 22.9672870636, 35.036151886, 27.2756671906, 12.707690239, 7.71897411346, 4.18383264542, 3.20364689827, 3.97132515907, 10.1369190216, 11.7013635635, 6.72617053986, 9.91324710846, 9.38486385345, 16.5364151001, 9.58077335358, 8.44302368164, 19.7559814453, 13.2316436768, 9.68251228333, 7.16343402863, 4.27624607086, 5.78831624985, 7.4848151207, 10.357129097, 8.16401386261, 3.85617351532, 1.98692178726, 0.823651611805, 0.283945560455, 0.0175941232592, 0.000402877485612, 0.000102300851722],
        "median": [0.543629229069, 7.15115404129, 8.74269771576, 5.91304540634, 5.2029800415, 5.06184244156, 4.23002052307, 7.75009584427, 9.19307041168, 8.98598194122, 4.05794525146, 1.74016559124, 1.02338528633, 0.769090950489, 0.943630337715, 0.77923566103, 1.3500585556, 1.82336366177, 1.18319618702, 0.967228829861, 1.41197323799, 3.37688803673, 2.3662276268, 2.3525094986, 4.38902854919, 2.9132604599, 1.31851422787, 0.642431020737, 0.478046894073, 0.425726085901, 0.622485101223, 1.06421720982, 1.15754592419, 0.652166128159, 0.331214636564, 0.118285834789, 0.0574400983751, 0.00347044691443, 0.000119744086987, 7.71224440541e-05],
        "min": [1.53036072703e-08, 4.79168818401e-07, 4.25215375799e-06, 1.71077208506e-05, 3.62791251973e-05, 8.80630796019e-06, 2.06781737688e-06, 1.05985657228e-06, 9.60494048741e-07, 8.53364554132e-07, 7.8183416008e-07, 7.80626066899e-07, 6.81575045292e-07, 6.67434449042e-07, 6.22369555003e-07, 6.51867878787e-07, 7.32983892249e-07, 6.1662740336e-07, 5.94539301346e-07, 1.01549630926e-06, 1.06016898371e-06, 8.61344915393e-07, 1.08343442662e-06, 2.27268628805e-06, 5.08617131345e-06, 2.60766046267e-06, 4.37423750554e-06, 1.54002873387e-06, 4.0947483626e-07, 3.91273488276e-07, 3.67536074464e-07, 3.77152332476e-07, 2.50937432611e-07, 2.00943134132e-07, 1.37752309115e-07, 7.97669059693e-08, 3.37179990595e-08, 6.01868821448e-09, 3.70031583152e-09, 5.93019744421e-10],
        "var": [1.44282579422, 121.175750732, 645.841430664, 922.342712402, 393.949462891, 193.137680054, 125.655632019, 718.05090332, 1614.58898926, 5089.91162109, 6757.43701172, 1491.75500488, 781.011291504, 123.517532349, 40.2621192932, 104.992385864, 626.894714355, 1414.40319824, 243.488647461, 1988.6842041, 610.201049805, 1069.53283691, 403.213378906, 474.876739502, 2246.36206055, 947.976989746, 1067.01086426, 751.826477051, 171.106796265, 367.282867432, 757.434570312, 1318.20996094, 504.746520996, 113.943893433, 32.3898200989, 7.84106111526, 0.683647155762, 0.00226689735427, 9.64451373875e-07, 7.57433493703e-09]
    },
    "gfcc": {
        "mean": [-29.8277778625, 94.6551589966, -54.9178504944, 45.7229232788, -44.9594345093, 12.7053413391, -39.9324684143, 23.7459850311, -19.4440422058, 13.1903896332, -4.56852388382, -4.80492973328, -15.7210607529],
        "cov": [[8874.90820312, -3142.68603516, -1251.83947754, 1137.30102539, -436.308868408, 598.852722168, -829.580871582, 696.05078125, -423.966369629, 442.397918701, -336.223876953, 44.730846405, -305.389862061], [-3142.68603516, 4042.76391602, 685.859375, -793.836608887, 983.881164551, -353.590515137, 552.970825195, -640.867431641, 314.601287842, -425.698577881, 302.882293701, -103.089012146, 324.547973633], [-1251.83947754, 685.859375, 1402.08447266, 109.848747253, 315.710418701, 251.787338257, 165.879104614, -143.368362427, 69.482925415, -110.598114014, 101.026557922, 106.379364014, 69.5842590332], [1137.30102539, -793.836608887, 109.848747253, 957.795593262, 165.284957886, 257.146392822, -144.162353516, 111.524284363, -22.3293991089, 65.0767974854, 49.083278656, 15.3820419312, 11.249997139], [-436.308868408, 983.881164551, 315.710418701, 165.284957886, 784.414123535, 134.451675415, 125.774963379, -126.683883667, 98.5828933716, -76.7119140625, 122.509963989, 16.157535553, 90.8845367432], [598.852722168, -353.590515137, 251.787338257, 257.146392822, 134.451675415, 481.229888916, 81.3258743286, 49.361289978, -3.01637148857, 38.5844306946, -3.84089899063, 67.9664611816, -48.0089759827], [-829.580871582, 552.970825195, 165.879104614, -144.162353516, 125.774963379, 81.3258743286, 500.211395264, -67.4630737305, 101.90612793, -23.5325737, 24.4899749756, 52.4402580261, 30.6002693176], [696.05078125, -640.867431641, -143.368362427, 111.524284363, -126.683883667, 49.361289978, -67.4630737305, 292.205780029, -31.8368091583, 97.7105407715, 8.06837940216, 0.209782674909, -43.6595306396], [-423.966369629, 314.601287842, 69.482925415, -22.3293991089, 98.5828933716, -3.01637148857, 101.90612793, -31.8368091583, 215.639129639, 20.888967514, 45.2431144714, 6.55298662186, 42.2543907166], [442.397918701, -425.698577881, -110.598114014, 65.0767974854, -76.7119140625, 38.5844306946, -23.5325737, 97.7105407715, 20.888967514, 187.860305786, -27.6034946442, 15.3719615936, -26.5674705505], [-336.223876953, 302.882293701, 101.026557922, 49.083278656, 122.509963989, -3.84089899063, 24.4899749756, 8.06837940216, 45.2431144714, -27.6034946442, 212.338119507, -13.5300559998, 51.6759643555], [44.730846405, -103.089012146, 106.379364014, 15.3820419312, 16.157535553, 67.9664611816, 52.4402580261, 0.209782674909, 6.55298662186, 15.3719615936, -13.5300559998, 146.593994141, -7.74090099335], [-305.389862061, 324.547973633, 69.5842590332, 11.249997139, 90.8845367432, -48.0089759827, 30.6002693176, -43.6595306396, 42.2543907166, -26.5674705505, 51.6759643555, -7.74090099335, 145.662063599]],
        "icov": [[0.000290473602945, -0.000219017732888, 0.000277588696918, -0.000327951856889, 0.000174583663465, -0.000469444290502, 0.00041889239219, -0.000486874458147, 0.000337718811352, -0.00036083345185, 0.000397810013965, -0.000291897944408, 0.000171701423824], [-0.000219017732888, 0.00183298822958, -0.000502830953337, 0.00135527772363, -0.00166618369985, 0.00118295755237, -0.00110037869308, 0.00185009441338, -0.000938229495659, 0.00153554265853, -0.0012376451632, 0.00131163164042, -0.00113150663674], [0.000277588696918, -0.000502830953337, 0.00129781616852, -0.00052159151528, 0.000337473466061, -0.00108717812691, 0.000490751292091, -0.000402345991461, 0.000324732769514, -0.000124686208437, 0.000236061256146, -0.00100913899951, 7.57422385504e-05], [-0.000327951856889, 0.00135527772363, -0.00052159151528, 0.002579664113, -0.00150410656352, 0.000297867401969, -0.000419345509727, 0.00116243888624, -0.000729944265913, 0.000933682895266, -0.00126147130504, 0.001086801989, -0.00129683047999], [0.000174583663465, -0.00166618369985, 0.000337473466061, -0.00150410656352, 0.00336941005662, -0.00149646517821, 0.000792226928752, -0.0010048210388, 0.000373531132936, -0.00098277896177, 0.000421976612415, -0.00112126837485, 0.000473346415674], [-0.000469444290502, 0.00118295755237, -0.00108717812691, 0.000297867401969, -0.00149646517821, 0.00448134960607, -0.00172959011979, 0.00105166656431, -0.000579538347665, 0.000750236213207, -0.000772469851654, 0.000342907820595, 0.000562903529499], [0.00041889239219, -0.00110037869308, 0.000490751292091, -0.000419345509727, 0.000792226928752, -0.00172959011979, 0.00363619625568, -0.00120987952687, -0.000196641587536, -0.000933738658205, 0.00095685699489, -0.00158204825129, 0.000400246615754], [-0.000486874458147, 0.00185009441338, -0.000402345991461, 0.00116243888624, -0.0010048210388, 0.00105166656431, -0.00120987952687, 0.00713457819074, -0.000655800220557, -0.000303658627672, -0.0027049863711, 0.00145030021667, -0.000502751790918], [0.000337718811352, -0.000938229495659, 0.000324732769514, -0.000729944265913, 0.000373531132936, -0.000579538347665, -0.000196641587536, -0.000655800220557, 0.00664588715881, -0.00262064114213, -1.31907227114e-05, -0.000663271755911, -0.000315993995173], [-0.00036083345185, 0.00153554265853, -0.000124686208437, 0.000933682895266, -0.00098277896177, 0.000750236213207, -0.000933738658205, -0.000303658627672, -0.00262064114213, 0.00885280128568, -0.000308640097501, 0.000399763492169, -0.000719153729733], [0.000397810013965, -0.0012376451632, 0.000236061256146, -0.00126147130504, 0.000421976612415, -0.000772469851654, 0.00095685699489, -0.0027049863711, -1.31907227114e-05, -0.000308640097501, 0.00708814617246, -0.000398896372644, -0.000541694986168], [-0.000291897944408, 0.00131163164042, -0.00100913899951, 0.001086801989, -0.00112126837485, 0.000342907820595, -0.00158204825129, 0.00145030021667, -0.000663271755911, 0.000399763492169, -0.000398896372644, 0.00889489706606, -0.000677063886542], [0.000171701423824, -0.00113150663674, 7.57422385504e-05, -0.00129683047999, 0.000473346415674, 0.000562903529499, 0.000400246615754, -0.000502751790918, -0.000315993995173, -0.000719153729733, -0.000541694986168, -0.000677063886542, 0.00958236772567]]
    },
    "melbands": {
        "dmean": [0.00406068190932, 0.00494376011193, 0.00179706234485, 0.000575741170906, 0.000220436690142, 0.000257112347754, 0.000278789055301, 0.000331772171194, 0.000199595408048, 6.69659712003e-05, 3.0598432204e-05, 1.48786029968e-05, 9.82642450253e-06, 6.66107916913e-06, 1.35484006023e-05, 2.07927114388e-05, 1.63081640494e-05, 8.07839842309e-06, 1.60762301675e-05, 1.31350661832e-05, 8.78025548445e-06, 1.32640680022e-05, 9.59104272624e-06, 4.11228893427e-06, 4.65048697151e-06, 1.01628647826e-05, 1.04211512735e-05, 6.96886536389e-06, 5.75700187255e-06, 6.47219212624e-06, 3.50859841092e-06, 2.34496178564e-06, 2.37679046222e-06, 3.11732628688e-06, 3.39820962836e-06, 4.08915639127e-06, 5.41868757864e-06, 4.79945083498e-06, 3.5936554923e-06, 2.73301088782e-06],
        "dmean2": [0.00592769030482, 0.00710558705032, 0.0030194632709, 0.000955556344707, 0.000355521129677, 0.000408594351029, 0.000444959121523, 0.000555664882995, 0.00033254121081, 0.000107176769234, 4.69566075481e-05, 2.25249259529e-05, 1.62416799867e-05, 1.06656552816e-05, 2.14005413e-05, 3.19540922646e-05, 2.47014759225e-05, 1.31336710183e-05, 2.73824043688e-05, 2.17817141674e-05, 1.3320569451e-05, 1.99199184863e-05, 1.41299615279e-05, 6.36131699139e-06, 6.83503640175e-06, 1.51759095388e-05, 1.53720538947e-05, 1.10680412035e-05, 9.30372971197e-06, 1.11202116386e-05, 5.76473667024e-06, 3.96447421736e-06, 3.83865244657e-06, 4.74011540064e-06, 4.9753653002e-06, 5.71849568587e-06, 7.65100867284e-06, 6.84359793013e-06, 5.59113232157e-06, 4.32092838309e-06],
        "dvar": [6.03449007031e-05, 7.21075412002e-05, 3.00447773043e-05, 1.28236047203e-06, 1.31765034439e-07, 2.10329659467e-07, 2.46153462058e-07, 4.48791467988e-07, 3.46257536421e-07, 4.87691345086e-08, 8.96382168492e-09, 1.48329415417e-09, 4.66769789487e-10, 2.63527782929e-10, 1.05841446718e-09, 2.90403812109e-09, 2.03018424294e-09, 2.83626538922e-10, 5.61579804881e-09, 3.14927639522e-09, 4.97312913073e-10, 8.61131888019e-10, 4.67604843735e-10, 9.09981118236e-11, 2.33844527076e-10, 6.86505297054e-10, 8.20369217003e-10, 3.71912195485e-10, 3.35262789752e-10, 8.71094141264e-10, 1.43105735595e-10, 5.62705750051e-11, 5.1436525178e-11, 9.03896957283e-11, 1.27212615442e-10, 1.6483754639e-10, 2.7162500027e-10, 1.44854780948e-10, 9.85410988918e-11, 6.32034563575e-11],
        "dvar2": [0.000108253487269, 0.00014704199566, 7.76987362769e-05, 3.51602989213e-06, 3.1701381431e-07, 4.80752589738e-07, 5.89213811963e-07, 1.14965757803e-06, 8.78337914401e-07, 1.18604909005e-07, 1.87466255852e-08, 2.82360157478e-09, 1.1792811172e-09, 6.40960562404e-10, 2.38046493628e-09, 6.62445032162e-09, 4.24453583392e-09, 6.68953670235e-10, 1.5586119062e-08, 8.43754222046e-09, 9.93315540931e-10, 1.98009253438e-09, 1.04738018258e-09, 2.15105891432e-10, 4.81955420017e-10, 1.24346477559e-09, 1.5744947568e-09, 9.03639441052e-10, 8.65896743196e-10, 2.51823317754e-09, 3.66694036247e-10, 1.51549106597e-10, 1.21252244356e-10, 1.94359403571e-10, 2.39622544029e-10, 2.43381342857e-10, 4.26923940644e-10, 2.40501674131e-10, 2.0121439237e-10, 1.50195203497e-10],
        "max": [0.0707875937223, 0.0806715786457, 0.0492160134017, 0.0121450442821, 0.00321022071876, 0.00572793837637, 0.00797547306865, 0.00850449316204, 0.0108246942982, 0.00448479689658, 0.00206616730429, 0.000748649414163, 0.00023682693427, 0.000210209356737, 0.000487284589326, 0.000858852406964, 0.00132839125581, 0.000178947608219, 0.000947708322201, 0.000619744358119, 0.000204531286727, 0.000508329307195, 0.000384000217309, 0.000170401777723, 0.000395927956561, 0.000445857265731, 0.000552658981178, 0.000288630923023, 0.000201710368856, 0.000620230624918, 0.000201816277695, 6.97616342222e-05, 7.49689570512e-05, 0.000113225403766, 0.000225204581511, 0.000222166461754, 0.000297238759231, 0.000195350890863, 0.000147768179886, 0.000115503105917],
        "mean": [0.0102009130642, 0.0108663896099, 0.00218668952584, 0.0007635843358, 0.000303974520648, 0.000345078267856, 0.000359312456567, 0.00038713903632, 0.00019658038218, 7.31335094315e-05, 3.69001791114e-05, 1.70089806488e-05, 1.14052545541e-05, 7.80183836468e-06, 1.55167781486e-05, 2.63471320068e-05, 2.08197070606e-05, 9.65772778727e-06, 1.34667470775e-05, 1.19939641081e-05, 1.06297093225e-05, 1.74771994352e-05, 1.34289612106e-05, 5.50016193301e-06, 6.20955188424e-06, 1.3736591427e-05, 1.36455873871e-05, 7.6817586887e-06, 5.81623271501e-06, 5.75930880586e-06, 3.53994778379e-06, 2.33628520618e-06, 2.46542344939e-06, 3.39342295774e-06, 3.93157915823e-06, 5.14116482009e-06, 6.94654045219e-06, 6.20862419964e-06, 4.2358265091e-06, 2.924961791e-06],
        "median": [0.00716797960922, 0.00690144347027, 0.00113606813829, 0.000423045596108, 0.000165323624969, 0.000173760112375, 0.000134416273795, 9.01418170542e-05, 2.57897627307e-05, 9.54802453634e-06, 4.62762727693e-06, 3.01457203022e-06, 3.0862231597e-06, 1.94226640815e-06, 2.31388617067e-06, 2.75466527455e-06, 3.27906332132e-06, 1.69046984411e-06, 1.31062620312e-06, 1.15431009817e-06, 1.57090380526e-06, 3.34795413437e-06, 2.77951880889e-06, 1.41044381508e-06, 1.65003280017e-06, 2.94457663585e-06, 2.6204659207e-06, 1.44594048379e-06, 7.86522946328e-07, 4.06410123333e-07, 3.12598302799e-07, 2.26285820304e-07, 2.19579604277e-07, 2.26842928441e-07, 2.81989059658e-07, 3.65675902003e-07, 7.01645717527e-07, 7.87495707755e-07, 6.03071157457e-07, 4.1942823259e-07],
