{
"highlevel": {
    "danceability": {
        "all": {
            "danceable": 0.986067533493,
            "not_danceable": 0.0139324776828
        },
        "probability": 0.986067533493,
        "value": "danceable"
    },
    "gender": {
        "all": {
            "female": 0.123312190175,
            "male": 0.876687824726
        },
        "probability": 0.876687824726,
        "value": "male"
    },
    "genre_dortmund": {
        "all": {
            "alternative": 0.227739989758,
            "blues": 0.0300206597894,
            "electronic": 0.038631375879,
            "folkcountry": 0.0516806356609,
            "funksoulrnb": 0.0253563970327,
            "jazz": 0.0407967045903,
            "pop": 0.0388491414487,
            "raphiphop": 0.0334983691573,
            "rock": 0.513426721096
        },
        "probability": 0.513426721096,
        "value": "rock"
    },
    "genre_electronic": {
        "all": {
            "ambient": 0.396482020617,
            "dnb": 0.258489638567,
            "house": 0.0483247675002,
            "techno": 0.0146510582417,
            "trance": 0.28205254674
        },
        "probability": 0.396482020617,
        "value": "ambient"
    },
    "genre_rosamerica": {
        "all": {
            "cla": 0.00334794772789,
            "dan": 0.0415337905288,
            "hip": 0.0552122108638,
            "jaz": 0.00750805297866,
            "pop": 0.612633645535,
            "rhy": 0.0619294345379,
            "roc": 0.215015634894,
            "spe": 0.0028193180915
        },
        "probability": 0.612633645535,
        "value": "pop"
    },
    "genre_tzanetakis": {
        "all": {
            "blu": 0.063259229064,
            "cla": 0.0351214334369,
            "cou": 0.0790196210146,
            "dis": 0.0526951625943,
            "hip": 0.158124744892,
            "jaz": 0.316520601511,
            "met": 0.0632875487208,
            "pop": 0.063269995153,
            "reg": 0.0632629841566,
            "roc": 0.105438686907
        },
        "probability": 0.316520601511,
        "value": "jaz"
    },
    "ismir04_rhythm": {
        "all": {
            "ChaChaCha": 0.722202062607,
            "Jive": 0.0669131577015,
            "Quickstep": 0.0186092872173,
            "Rumba-American": 0.0243771579117,
            "Rumba-International": 0.0166927631944,
            "Rumba-Misc": 0.0042006992735,
            "Samba": 0.0501792952418,
            "Tango": 0.0144245419651,
            "VienneseWaltz": 0.0582788735628,
            "Waltz": 0.0241221319884
        },
        "probability": 0.722202062607,
        "value": "ChaChaCha"
    },
    "mood_acoustic": {
        "all": {
            "acoustic": 0.0119443396106,
            "not_acoustic": 0.98805564642
        },
        "probability": 0.98805564642,
        "value": "not_acoustic"
    },
    "mood_aggressive": {
        "all": {
            "aggressive": 0.697833061218,
            "not_aggressive": 0.302166938782
        },
        "probability": 0.697833061218,
        "value": "aggressive"
    },
    "mood_electronic": {
        "all": {
            "electronic": 0.35150578618,
            "not_electronic": 0.648494243622
        },
        "probability": 0.648494243622,
        "value": "not_electronic"
    },
    "mood_happy": {
        "all": {
            "happy": 0.737451195717,
            "not_happy": 0.262548834085
        },
        "probability": 0.737451195717,
        "value": "happy"
    },
    "mood_party": {
        "all": {
            "not_party": 0.421781390905,
            "party": 0.578218579292
        },
        "probability": 0.578218579292,
        "value": "party"
    },
    "mood_relaxed": {
        "all": {
            "not_relaxed": 0.948067426682,
            "relaxed": 0.0519325919449
        },
        "probability": 0.948067426682,
        "value": "not_relaxed"
    },
    "mood_sad": {
        "all": {
            "not_sad": 0.631960332394,
            "sad": 0.368039637804
        },
        "probability": 0.631960332394,
        "value": "not_sad"
    },
    "moods_mirex": {
        "all": {
            "Cluster1": 0.363717228174,
            "Cluster2": 0.0778435915709,
            "Cluster3": 0.147090613842,
            "Cluster4": 0.0531394667923,
            "Cluster5": 0.358209073544
        },
        "probability": 0.363717228174,
        "value": "Cluster1"
    },
    "timbre": {
        "all": {
            "bright": 0.359727174044,
            "dark": 0.640272855759
        },
        "probability": 0.640272855759,
        "value": "dark"
    },
    "tonal_atonal": {
        "all": {
            "atonal": 0.000166009922395,
            "tonal": 0.999834001064
        },
        "probability": 0.999834001064,
        "value": "tonal"
    },
    "voice_instrumental": {
        "all": {
            "instrumental": 0.122725538909,
            "voice": 0.87727445364
        },
        "probability": 0.87727445364,
        "value": "voice"
    }
},
"lowlevel": {
    "average_loudness": 0.91495937109,
    "barkbands_crest": {
        "dmean": 2.45813679695,
        "dmean2": 3.99109482765,
        "dvar": 5.79855108261,
        "dvar2": 15.5426149368,
        "max": 24.181804657,
        "mean": 10.7387065887,
        "median": 9.83019828796,
        "min": 2.8398296833,
        "var": 18.6684875488
    },
    "barkbands_flatness_db": {
        "dmean": 0.0175447501242,
        "dmean2": 0.0281167794019,
        "dvar": 0.000270301534329,
        "dvar2": 0.000704051286448,
        "max": 0.266149222851,
        "mean": 0.12831607461,
        "median": 0.123791106045,
        "min": 0.037159036845,
        "var": 0.00149911467452
    },
    "barkbands_kurtosis": {
        "dmean": 1.79934799671,
        "dmean2": 3.07711577415,
        "dvar": 7.84404945374,
        "dvar2": 22.3358097076,
        "max": 40.2386627197,
        "mean": 2.57471132278,
        "median": 1.63122558594,
        "min": -1.81614589691,
        "var": 14.9513015747
    },
    "barkbands_skewness": {
        "dmean": 0.42618817091,
        "dmean2": 0.695673644543,
        "dvar": 0.244412377477,
        "dvar2": 0.617768585682,
        "max": 5.06520271301,
        "mean": 1.36033976078,
        "median": 1.34933745861,
        "min": -2.93173670769,
        "var": 0.707067847252
    },
    "barkbands_spread": {
        "dmean": 5.96730518341,
        "dmean2": 9.43638038635,
        "dvar": 45.4771385193,
        "dvar2": 95.5948257446,
        "max": 105.488388062,
        "mean": 29.1192531586,
        "median": 27.5410728455,
        "min": 2.627430439,
        "var": 247.872650146
    },
    "dissonance": {
        "dmean": 0.0158499069512,
        "dmean2": 0.0259691774845,
        "dvar": 0.000238522145082,
        "dvar2": 0.000669404747896,
        "max": 0.5,
        "mean": 0.461242258549,
        "median": 0.474288851023,
        "min": 0.299119442701,
        "var": 0.00119167671073
    },
    "dynamic_complexity": 2.69028067589,
    "erbbands_crest": {
        "dmean": 2.1620759964,
        "dmean2": 3.33263802528,
        "dvar": 3.78197717667,
        "dvar2": 8.67660140991,
        "max": 26.9798259735,
        "mean": 9.85991954803,
        "median": 8.69667816162,
        "min": 2.67617988586,
        "var": 25.7443904877
    },
    "erbbands_flatness_db": {
        "dmean": 0.014048140496,
        "dmean2": 0.0209112372249,
        "dvar": 0.000168949307408,
        "dvar2": 0.000357861921657,
        "max": 0.300286561251,
        "mean": 0.144747018814,
        "median": 0.137214317918,
        "min": 0.0576544478536,
        "var": 0.00162472564261
    },
    "erbbands_kurtosis": {
        "dmean": 0.761996567249,
        "dmean2": 1.19486248493,
        "dvar": 1.6773840189,
        "dvar2": 3.74622797966,
        "max": 28.3889141083,
        "mean": 0.463592886925,
        "median": -0.264748334885,
        "min": -1.60911786556,
        "var": 4.68672609329
    },
    "erbbands_skewness": {
        "dmean": 0.301133871078,
        "dmean2": 0.4569837749,
        "dvar": 0.0959816426039,
        "dvar2": 0.182762771845,
        "max": 4.04226350784,
        "mean": 0.353200167418,
        "median": 0.299719214439,
        "min": -4.0245423317,
        "var": 0.86081802845
    },
    "erbbands_spread": {
        "dmean": 6.43816900253,
        "dmean2": 10.0998458862,
        "dvar": 44.3725738525,
        "dvar2": 106.354812622,
        "max": 108.388381958,
        "mean": 41.5313148499,
        "median": 41.3228645325,
        "min": 6.34354352951,
        "var": 218.777435303
    },
    "hfc": {
        "dmean": 8.11953926086,
        "dmean2": 11.9122591019,
        "dvar": 312.628662109,
        "dvar2": 550.947937012,
        "max": 444.409210205,
        "mean": 30.7352027893,
        "median": 25.7762966156,
        "min": 1.0351446867,
        "var": 1192.78527832
    },
    "melbands_crest": {
        "dmean": 2.91963148117,
        "dmean2": 4.74680948257,
        "dvar": 7.10299777985,
        "dvar2": 17.8996982574,
        "max": 28.4701137543,
        "mean": 14.7541875839,
        "median": 14.6068286896,
        "min": 4.7709646225,
        "var": 18.7684612274
    },
    "melbands_flatness_db": {
        "dmean": 0.0210912134498,
        "dmean2": 0.0336279645562,
        "dvar": 0.00045057135867,
        "dvar2": 0.00114132696763,
        "max": 0.326800912619,
        "mean": 0.169134914875,
        "median": 0.169352516532,
        "min": 0.0491498149931,
        "var": 0.00203143013641
    },
    "melbands_kurtosis": {
        "dmean": 4.95755767822,
        "dmean2": 8.53574085236,
        "dvar": 63.9135360718,
        "dvar2": 179.752410889,
        "max": 85.57396698,
        "mean": 10.4632825851,
        "median": 7.99510860443,
        "min": -1.81578433514,
        "var": 88.6851272583
    },
    "melbands_skewness": {
        "dmean": 0.613380789757,
        "dmean2": 1.01333749294,
        "dvar": 0.519287824631,
        "dvar2": 1.39694285393,
        "max": 7.87558460236,
        "mean": 2.49602627754,
        "median": 2.2901802063,
        "min": -1.52933859825,
        "var": 1.30985176563
    },
    "melbands_spread": {
        "dmean": 7.43385696411,
        "dmean2": 11.4003753662,
        "dvar": 152.168411255,
        "dvar2": 263.594909668,
        "max": 185.553421021,
        "mean": 28.5096321106,
        "median": 22.3317127228,
        "min": 2.6222922802,
        "var": 643.837890625
    },
    "pitch_salience": {
        "dmean": 0.0611429065466,
        "dmean2": 0.0988900884986,
        "dvar": 0.00322579569183,
        "dvar2": 0.00820133276284,
        "max": 0.795615851879,
        "mean": 0.52061355114,
        "median": 0.517762184143,
        "min": 0.162164866924,
        "var": 0.00882329139858
    },
    "silence_rate_20dB": {
        "dmean": 0,
        "dmean2": 0,
        "dvar": 0,
        "dvar2": 0,
        "max": 1,
        "mean": 1,
        "median": 1,
        "min": 1,
        "var": 0
    },
    "silence_rate_30dB": {
        "dmean": 0,
        "dmean2": 0,
        "dvar": 0,
        "dvar2": 0,
        "max": 1,
        "mean": 1,
        "median": 1,
        "min": 1,
        "var": 0
    },
    "silence_rate_60dB": {
        "dmean": 0.0154798757285,
        "dmean2": 0.0309837330133,
        "dvar": 0.0152403162792,
        "dvar2": 0.0362205728889,
        "max": 1,
        "mean": 0.0309358090162,
        "median": 0,
        "min": 0,
        "var": 0.0299789067358
    },
    "spectral_centroid": {
        "dmean": 225.487854004,
        "dmean2": 349.080688477,
        "dvar": 81049.1015625,
        "dvar2": 144340.703125,
        "max": 5099.44384766,
        "mean": 1633.18566895,
        "median": 1582.35705566,
        "min": 404.804321289,
        "var": 473111.46875
    },
    "spectral_complexity": {
        "dmean": 3.5750772953,
        "dmean2": 5.57862138748,
        "dvar": 15.4841947556,
        "dvar2": 34.160068512,
        "max": 59,
        "mean": 25.6040210724,
        "median": 28,
        "min": 2,
        "var": 200.265106201
    },
    "spectral_decrease": {
        "dmean": 2.15347895072e-09,
        "dmean2": 3.61205709787e-09,
        "dvar": 1.20137098276e-17,
        "dvar2": 3.25527500211e-17,
        "max": -2.77353973122e-10,
        "mean": -7.56888152154e-09,
        "median": -7.61982832387e-09,
        "min": -3.27667528666e-08,
        "var": 3.05837259823e-17
    },
    "spectral_energy": {
        "dmean": 0.00852869916707,
        "dmean2": 0.0142030455172,
        "dvar": 0.000179309310624,
        "dvar2": 0.000485873431899,
        "max": 0.127120897174,
        "mean": 0.0313544943929,
        "median": 0.0318223387003,
        "min": 0.00114068936091,
        "var": 0.0004999472294
    },
    "spectral_energyband_high": {
        "dmean": 0.000796746287961,
        "dmean2": 0.00110143737402,
        "dvar": 4.36350137534e-06,
        "dvar2": 6.93364472681e-06,
        "max": 0.0530546121299,
        "mean": 0.00202898168936,
        "median": 0.00103062391281,
        "min": 2.39004639297e-05,
        "var": 1.47323753481e-05
    },
    "spectral_energyband_low": {
        "dmean": 0.0060187461786,
        "dmean2": 0.0101426709443,
        "dvar": 0.00014368275879,
        "dvar2": 0.000395709183067,
        "max": 0.102266915143,
        "mean": 0.0131050888449,
        "median": 0.0111144371331,
        "min": 4.32813203588e-06,
        "var": 0.000229424913414
    },
    "spectral_energyband_middle_high": {
        "dmean": 0.00126194395125,
        "dmean2": 0.00205008499324,
        "dvar": 3.47872742168e-06,
        "dvar2": 9.15693999559e-06,
        "max": 0.0257910396904,
        "mean": 0.00502332206815,
        "median": 0.00384882627986,
        "min": 0.0001405361254,
        "var": 1.76182875293e-05
    },
    "spectral_energyband_middle_low": {
        "dmean": 0.00409214338288,
        "dmean2": 0.00667408760637,
        "dvar": 3.68055843865e-05,
        "dvar2": 9.98206960503e-05,
        "max": 0.0650423616171,
        "mean": 0.012040081434,
        "median": 0.00978751201183,
        "min": 0.000298346305499,
        "var": 7.92822756921e-05
    },
    "spectral_entropy": {
        "dmean": 0.112970225513,
        "dmean2": 0.170107126236,
        "dvar": 0.0139838773757,
        "dvar2": 0.0296724047512,
        "max": 8.6245765686,
        "mean": 7.69615221024,
        "median": 7.8229174614,
        "min": 6.22128200531,
        "var": 0.182917073369
    },
    "spectral_flux": {
        "dmean": 0.0215250793844,
        "dmean2": 0.0320821814239,
        "dvar": 0.000654597242828,
        "dvar2": 0.00119168928359,
        "max": 0.298141539097,
        "mean": 0.0828318893909,
        "median": 0.0788455381989,
        "min": 0.0115053271875,
        "var": 0.00259849289432
    },
    "spectral_kurtosis": {
        "dmean": 0.833008110523,
        "dmean2": 1.41170859337,
        "dvar": 0.754642188549,
        "dvar2": 2.13566684723,
        "max": 10.7965078354,
        "mean": 2.98877358437,
        "median": 2.78619194031,
        "min": -0.872821092606,
        "var": 2.18461465836
    },
    "spectral_rms": {
        "dmean": 0.000661633675918,
        "dmean2": 0.00107685988769,
        "dvar": 6.83172800109e-07,
        "dvar2": 1.8337259462e-06,
        "max": 0.0111364442855,
        "mean": 0.00514111574739,
        "median": 0.00557191018015,
        "min": 0.00105492549483,
        "var": 4.15867589254e-06
    },
    "spectral_rolloff": {
        "dmean": 575.530944824,
        "dmean2": 918.222595215,
        "dvar": 888499.3125,
        "dvar2": 1643693.75,
        "max": 11046.5332031,
        "mean": 1768.35009766,
        "median": 1227.39257812,
        "min": 107.666015625,
        "var": 3178775.5
    },
    "spectral_skewness": {
        "dmean": 0.146325320005,
        "dmean2": 0.232294768095,
        "dvar": 0.0194950643927,
        "dvar2": 0.0463459044695,
        "max": 2.81042385101,
        "mean": 1.33334755898,
        "median": 1.27153038979,
        "min": -0.134523198009,
        "var": 0.141811579466
    },
    "spectral_spread": {
        "dmean": 506111.09375,
        "dmean2": 756044.9375,
        "dvar": 359195377664,
        "dvar2": 679655571456,
        "max": 13050158,
        "mean": 5194635,
        "median": 5020374.5,
        "min": 2420432.5,
        "var": 1.54823688192e+12
    },
    "spectral_strongpeak": {
        "dmean": 0.440715581179,
        "dmean2": 0.770917057991,
        "dvar": 0.534297227859,
        "dvar2": 1.39316797256,
        "max": 6.13780879974,
        "mean": 0.969945192337,
        "median": 0.518851220608,
        "min": 0,
        "var": 0.928228020668
    },
    "zerocrossingrate": {
        "dmean": 0.0119946366176,
        "dmean2": 0.0132206594571,
        "dvar": 0.000227317839745,
        "dvar2": 0.000202647366677,
        "max": 0.30126953125,
        "mean": 0.0758085921407,
        "median": 0.064453125,
        "min": 0.01904296875,
        "var": 0.00188564695418
    },
    "barkbands": {
        "dmean": [0.000346650223946, 0.00490401312709, 0.00179662427399, 0.00115114427172, 0.00151889875997, 0.000900968851056, 0.00062263692962, 0.00121529086027, 0.00113243015949, 0.000252499099588, 0.000274960591923, 0.000186020348337, 0.000170709303347, 0.000256886502029, 0.000324995286064, 0.000269752927125, 0.00029414286837, 0.000215177729842, 0.000200243186555, 0.000179153648787, 0.000201343238587, 0.000194009451661, 0.000120362310554, 0.000204375304747, 0.00014696449216, 5.87372014706e-05, 4.57248496843e-08],
        "dmean2": [0.000580242485739, 0.00844962429255, 0.00312951486558, 0.00196473230608, 0.00256890337914, 0.00146530230995, 0.000934216950554, 0.00189550896175, 0.00175120902713, 0.000400825316319, 0.000430590182077, 0.00029565783916, 0.000272420962574, 0.00041316577699, 0.000516208063345, 0.000454216147773, 0.00048293475993, 0.000356338481652, 0.000339835969498, 0.000293183809845, 0.00031917783781, 0.000294671015581, 0.000178659975063, 0.000299848383293, 0.000203551680897, 8.76032936503e-05, 7.74632482603e-08],
        "dvar": [2.55160614415e-07, 0.000114262991701, 1.38775421874e-05, 4.79975597045e-06, 1.2756583601e-05, 2.13210000766e-06, 1.79516189291e-06, 4.31925900557e-06, 2.8744843803e-06, 2.89410991172e-07, 3.07714174141e-07, 1.70687158629e-07, 1.10648144869e-07, 3.28835113805e-07, 3.31207417048e-07, 2.89129872044e-07, 2.32643728282e-07, 1.13697140591e-07, 9.57185122274e-08, 8.24674586397e-08, 2.58025636413e-07, 2.79130887293e-07, 5.25384074024e-08, 8.17650118279e-07, 3.15674839158e-07, 3.5398947773e-08, 2.01564893249e-13],
        "dvar2": [6.40209577796e-07, 0.000322069856338, 3.92395522795e-05, 1.35398240673e-05, 3.48739558831e-05, 5.81943868383e-06, 3.62158084499e-06, 1.00066235973e-05, 7.04729245626e-06, 7.40464599858e-07, 8.55189284721e-07, 4.3748187295e-07, 2.42596740918e-07, 7.55365533678e-07, 8.045112736e-07, 7.38205812922e-07, 6.14461328041e-07, 3.06540385964e-07, 2.66459778686e-07, 2.08123040579e-07, 5.73385705138e-07, 5.92659944232e-07, 1.07480651934e-07, 1.40412782912e-06, 5.96877725911e-07, 5.99708300797e-08, 4.60306760156e-13],
        "max": [0.0048538967967, 0.0822390466928, 0.0339726246893, 0.0194758567959, 0.0348750688136, 0.0191374216229, 0.0236583109945, 0.0337822176516, 0.0178707875311, 0.00920041836798, 0.0103888772428, 0.00790657382458, 0.00720472447574, 0.0145300561562, 0.0079561136663, 0.00719409808517, 0.00710113346577, 0.00482182065025, 0.00303425895981, 0.0041379746981, 0.00791948195547, 0.010975535959, 0.00446479441598, 0.0211057458073, 0.0140373622999, 0.00606460403651, 9.73637634161e-06],
        "mean": [0.000523052585777, 0.00835251435637, 0.00344671052881, 0.00163099565543, 0.00197176728398, 0.0016192405019, 0.00106864457484, 0.00298742228188, 0.00264549790882, 0.000455539178802, 0.000586061505601, 0.000328397523845, 0.000310846487992, 0.000438869552454, 0.000600298226345, 0.000553635589313, 0.000649704015814, 0.000467692763777, 0.000454458000604, 0.00044278104906, 0.00039943534648, 0.000382329337299, 0.000286336668069, 0.000395834213123, 0.000267269759206, 8.91112649697e-05, 4.03913098523e-08],
        "median": [0.000301322492305, 0.00549001758918, 0.00121576152742, 0.00071092764847, 0.000936097640079, 0.000891185714863, 0.000316832738463, 0.00089018442668, 0.00146531756036, 0.000261089386186, 0.000237591928453, 0.000199746777071, 0.000166081124917, 0.000166255616932, 0.000362478283932, 0.000338104524417, 0.000488087243866, 0.000338751357049, 0.000376709358534, 0.000309956609271, 0.000214904270251, 0.000160059251357, 0.000134426183649, 0.000108513333544, 7.19734744052e-05, 1.97566532734e-05, 3.9177938671e-10],
        "min": [2.90693025207e-09, 1.72525091102e-07, 8.84804336465e-08, 1.86373952715e-07, 1.83713052593e-06, 9.13872099773e-06, 2.23042593461e-06, 2.85477517536e-06, 3.25069595419e-06, 1.35229765874e-06, 2.23662095777e-06, 9.92863419924e-07, 1.24421706005e-06, 3.18838874591e-06, 3.0238279578e-06, 1.52723612246e-06, 2.49157324106e-06, 2.70860732599e-06, 1.36647076943e-06, 2.27045870815e-06, 2.17893921217e-06, 4.78330548503e-07, 7.91212016793e-07, 3.66208254832e-08, 7.10475150933e-11, 8.22130037659e-12, 7.56784739042e-12],
        "var": [4.36557314742e-07, 0.000134028727189, 2.23628121603e-05, 5.44975910088e-06, 1.27899584186e-05, 3.90056902688e-06, 4.63828337161e-06, 2.43708254857e-05, 9.45048941503e-06, 4.99864768244e-07, 1.38936820804e-06, 2.4788846531e-07, 2.80668587038e-07, 7.69481857787e-07, 7.87398278135e-07, 6.50512390621e-07, 5.7795500652e-07, 3.14156977765e-07, 2.24833499374e-07, 2.23990411996e-07, 5.23840469668e-07, 6.07859476531e-07, 1.70383003706e-07, 2.148027761e-06, 7.70587519128e-07, 1.12724201529e-07, 2.00688329345e-13]
    },
    "erbbands": {
        "dmean": [0.133667841554, 1.20496416092, 2.23146247864, 2.54684209824, 4.95367193222, 4.79366159439, 8.38749313354, 5.60330057144, 6.56770181656, 13.5823726654, 31.5589199066, 23.5274486542, 7.88816976547, 10.2184753418, 7.69057416916, 6.76447629929, 7.89423274994, 10.9570865631, 12.8251180649, 16.3158874512, 14.3116378784, 15.9562978745, 11.6323432922, 10.4268760681, 9.81342601776, 8.26204872131, 7.67281150818, 8.15902805328, 7.48915672302, 4.66906166077, 3.21518349648, 4.23597574234, 3.49981474876, 1.80906224251, 1.02244031429, 0.32856708765, 0.109124898911, 0.00882185716182, 0.000169136925251, 1.75525510713e-05],
        "dmean2": [0.220488861203, 2.11399149895, 3.90231537819, 4.31476974487, 8.69999217987, 8.14888191223, 13.7337789536, 9.16810894012, 10.1646566391, 21.2678394318, 48.4598960876, 36.0991172791, 12.075676918, 15.9650831223, 12.4072656631, 10.9106454849, 12.3363599777, 17.0340309143, 20.6228599548, 25.8234462738, 23.2766494751, 26.424079895, 19.4026184082, 17.703130722, 16.5663414001, 13.5823078156, 12.115234375, 12.840798378, 11.6839809418, 7.18665981293, 4.76783132553, 5.85822916031, 5.21632194519, 2.53847622871, 1.48323822021, 0.499866873026, 0.161932647228, 0.0137212220579, 0.00025312229991, 2.68132571364e-05],
        "dvar": [0.0830487385392, 7.01256322861, 21.3243103027, 22.4127807617, 170.310928345, 123.902511597, 211.199249268, 88.49193573, 293.476593018, 763.114929199, 2401.14331055, 1165.9251709, 169.237243652, 582.449279785, 298.301055908, 156.827896118, 234.805267334, 653.359191895, 566.094665527, 829.439453125, 634.889587402, 671.535461426, 339.222259521, 248.286087036, 236.558242798, 167.822189331, 376.178924561, 428.469268799, 554.665649414, 100.089874268, 33.8321990967, 270.080047607, 245.799026489, 47.9510040283, 15.1054477692, 1.25576913357, 0.128130406141, 0.00063440942904, 2.28830941751e-07, 1.20100318579e-09],
        "dvar2": [0.224017396569, 20.222946167, 61.4946975708, 63.2016601562, 477.45690918, 320.438476562, 577.569763184, 233.077529907, 652.01348877, 1643.34350586, 5747.09423828, 2833.79174805, 406.269317627, 1536.8215332, 789.756591797, 393.153656006, 502.211090088, 1356.04626465, 1400.61669922, 1966.60498047, 1624.84521484, 1742.89672852, 891.774719238, 705.669799805, 645.504272461, 427.658874512, 889.008117676, 905.298034668, 1272.29797363, 188.72177124, 64.3888549805, 371.606048584, 494.539794922, 84.5723495483, 31.3112888336, 2.60623598099, 0.191628411412, 0.00126865203492, 4.09973324622e-07, 2.13164308427e-09],
        "max": [3.19773387909, 20.2188491821, 45.7968215942, 46.7387084961, 133.580154419, 172.012878418, 220.63961792, 111.548355103, 331.956207275, 475.204071045, 640.940734863, 475.728271484, 204.431549072, 417.927062988, 344.437530518, 196.374176025, 359.651428223, 764.600402832, 297.30960083, 376.554595947, 485.080566406, 315.437774658, 295.779174805, 138.594528198, 158.696380615, 190.378250122, 399.403411865, 353.69039917, 552.04284668, 194.047332764, 109.117095947, 477.336029053, 372.69720459, 184.427108765, 96.2636108398, 33.8860626221, 13.2764825821, 0.852093458176, 0.0167153831571, 0.00105890899431],
        "mean": [0.217485114932, 1.91615593433, 4.51805830002, 4.54887008667, 5.5734577179, 6.51425886154, 14.1377897263, 9.97482204437, 11.0408439636, 31.7023887634, 80.193321228, 58.8138008118, 17.8185005188, 20.5922489166, 16.5168113708, 13.7754631042, 15.4767456055, 19.6309013367, 24.0445461273, 34.1569824219, 33.5354690552, 37.7917709351, 27.2361183167, 23.4164638519, 23.0980873108, 20.3283996582, 16.7380237579, 15.6466608047, 14.1350841522, 10.249171257, 7.66366291046, 8.41010951996, 6.2606754303, 3.43623423576, 1.69901251793, 0.511878252029, 0.156760200858, 0.0106665892527, 0.000246986310231, 5.4801999795e-05],
        "median": [0.104252770543, 1.30809533596, 2.53087806702, 3.06122255325, 2.48619055748, 2.95339417458, 7.07733774185, 5.90725755692, 4.29530668259, 9.25786685944, 39.3407897949, 32.9104118347, 11.5102100372, 9.7391910553, 8.42506027222, 8.38809108734, 8.73553085327, 8.57291412354, 12.2229204178, 22.524930954, 22.838262558, 28.8616409302, 20.2087669373, 19.7548866272, 18.5741176605, 14.4182691574, 10.5179758072, 7.08053255081, 5.9432091713, 4.60306739807, 3.49130940437, 2.6628203392, 1.60353374481, 0.874786138535, 0.445362627506, 0.117336727679, 0.0323532931507, 0.00196690461598, 7.29398234398e-05, 4.65866323793e-05],
        "min": [3.33514763042e-05, 0.000527958560269, 0.000270497665042, 0.000619050581008, 0.00210088258609, 0.0272582415491, 0.0740215703845, 0.102772168815, 0.203952535987, 0.0797175467014, 0.0932325720787, 0.136163309216, 0.299521446228, 0.198873102665, 0.148785084486, 0.218471169472, 0.119840398431, 0.233286932111, 0.177852675319, 0.413398712873, 0.15204846859, 0.151251122355, 0.223012700677, 0.0869170725346, 0.095166310668, 0.15611243248, 0.0539995282888, 0.117674313486, 0.065030425787, 0.0576222427189, 0.018033856526, 0.00420820061117, 0.000245444418397, 0.000101815181552, 6.2520870415e-05, 2.02829978662e-05, 4.77442063129e-06, 8.94000720564e-07, 1.78707193754e-06, 1.92532547771e-06],
        "var": [0.107420600951, 7.28257226944, 32.1432609558, 31.127073288, 130.301208496, 141.987594604, 305.539733887, 148.94883728, 561.727294922, 3250.35888672, 10936.9667969, 4594.65478516, 482.334747314, 1197.0098877, 926.614562988, 328.943725586, 615.27532959, 1615.10852051, 1152.71398926, 1923.56066895, 1854.13452148, 1762.38244629, 1137.43652344, 556.631591797, 568.694580078, 457.214141846, 654.661376953, 933.494506836, 956.167724609, 288.268890381, 123.232765198, 763.859741211, 571.732543945, 123.133636475, 34.1057434082, 3.43013501167, 0.378253251314, 0.00139126880094, 6.0373560018e-07, 4.38665459512e-09]
    },
    "gfcc": {
        "mean": [26.660150528, 71.0373382568, -120.53968811, 38.174030304, -68.4981536865, 18.8928852081, -40.6932678223, 23.6695556641, -18.1495323181, 7.64843273163, -19.1035766602, -1.18443965912, -6.57015562057],
        "cov": [[4117.27832031, -259.065429688, 533.152404785, 990.910339355, 503.37890625, 289.720855713, 240.761856079, 255.813522339, 115.673408508, -26.7433872223, -223.711105347, -185.120773315, -638.73260498], [-259.065429688, 914.691650391, -235.61517334, 223.740524292, 258.10836792, -50.8432312012, 159.306884766, -15.641125679, 143.351531982, -163.950866699, 110.662322998, -150.136016846, 4.03447198868], [533.152404785, -235.61517334, 338.196350098, 106.59563446, 31.2114486694, 48.4521980286, -29.6007919312, 35.1322021484, -64.4165115356, 47.6729240417, -42.7760658264, 51.0963668823, -100.767974854], [990.910339355, 223.740524292, 106.59563446, 662.594116211, 260.816925049, 111.5313797, 166.728042603, 43.1034431458, 98.9583816528, -112.315788269, 6.76185846329, -102.070930481, -130.359390259], [503.37890625, 258.10836792, 31.2114486694, 260.816925049, 337.649627686, 60.3879890442, 139.596862793, 65.0176849365, 62.4370155334, -42.1809425354, -8.78667736053, -49.0718231201, -98.4280700684], [289.720855713, -50.8432312012, 48.4521980286, 111.5313797, 60.3879890442, 153.940567017, 62.110004425, 44.3989105225, 9.92454433441, -7.27842235565, -7.56004810333, -15.9992408752, -37.4623527527], [240.761856079, 159.306884766, -29.6007919312, 166.728042603, 139.596862793, 62.110004425, 177.840682983, 49.6513175964, 69.5296707153, -50.3884239197, 6.95265865326, -41.6342048645, -55.7463417053], [255.813522339, -15.641125679, 35.1322021484, 43.1034431458, 65.0176849365, 44.3989105225, 49.6513175964, 154.854019165, 88.7151031494, 27.000005722, -10.2112092972, -18.3294754028, -48.9660949707], [115.673408508, 143.351531982, -64.4165115356, 98.9583816528, 62.4370155334, 9.92454433441, 69.5296707153, 88.7151031494, 186.16053772, -0.506475687027, 21.8245983124, -56.3981361389, -17.7250423431], [-26.7433872223, -163.950866699, 47.6729240417, -112.315788269, -42.1809425354, -7.27842235565, -50.3884239197, 27.000005722, -0.506475687027, 119.348129272, 8.47556495667, 53.0657844543, 13.2272367477], [-223.711105347, 110.662322998, -42.7760658264, 6.76185846329, -8.78667736053, -7.56004810333, 6.95265865326, -10.2112092972, 21.8245983124, 8.47556495667, 105.642822266, 26.138589859, 57.0501098633], [-185.120773315, -150.136016846, 51.0963668823, -102.070930481, -49.0718231201, -15.9992408752, -41.6342048645, -18.3294754028, -56.3981361389, 53.0657844543, 26.138589859, 137.458648682, 70.4686737061], [-638.73260498, 4.03447198868, -100.767974854, -130.359390259, -98.4280700684, -37.4623527527, -55.7463417053, -48.9660949707, -17.7250423431, 13.2272367477, 57.0501098633, 70.4686737061, 189.449279785]],
        "icov": [[0.00094815029297, 0.000336141674779, 0.000146180100273, -0.00117451511323, -0.000252925616223, -0.000319192535244, 0.000456293520983, -0.000357539742254, -7.19283270882e-05, -0.000401869037887, 0.000591273012105, -0.000504401978105, 0.0023373500444], [0.000336141674779, 0.00425956118852, 0.000498489825986, 0.000358167540981, -0.00341171235777, 0.00196457072161, -0.000324602500768, 0.000847778399475, -0.00126515189186, 0.00356867979281, -0.00446711946279, 0.00310397916473, 0.000116842835268], [0.000146180100273, 0.000498489825986, 0.0068263891153, -0.00223098602146, 8.17980035208e-05, -0.000656380900182, 0.00236956984736, -0.00178982759826, 0.00221520848572, -0.00151703110896, 0.000629345886409, -0.00383870210499, 0.00427692709491], [-0.00117451511323, 0.000358167540981, -0.00223098602146, 0.00533080473542, -0.00189662806224, -0.000434015237261, -0.00133213214576, 0.00211501936428, -0.0022064645309, 0.00385314854793, -0.00288270995952, 0.002389583271, -0.0028988418635], [-0.000252925616223, -0.00341171235777, 8.17980035208e-05, -0.00189662806224, 0.00826389715075, -0.00110952276736, -0.00248215044849, -0.00186712993309, 0.00166195770726, -0.00338012026623, 0.00381992710754, -0.00303493975662, 0.0011895429343], [-0.000319192535244, 0.00196457072161, -0.000656380900182, -0.000434015237261, -0.00110952276736, 0.0103119397536, -0.00360463815741, -0.00197690608911, 0.00181232800242, 0.000656788179185, -0.00227915402502, 0.00315774185583, -0.00223928038031], [0.000456293520983, -0.000324602500768, 0.00236956984736, -0.00133213214576, -0.00248215044849, -0.00360463815741, 0.012831854634, -0.00134776928462, -0.00222949357703, 0.0031671107281, -0.000331427581841, -0.00347592053004, 0.00427715480328], [-0.000357539742254, 0.000847778399475, -0.00178982759826, 0.00211501936428, -0.00186712993309, -0.00197690608911, -0.00134776928462, 0.012906499207, -0.00690155150369, -0.000741774216294, -0.000176150831976, 0.000521447800566, 0.000123293313663], [-7.19283270882e-05, -0.00126515189186, 0.00221520848572, -0.0022064645309, 0.00166195770726, 0.00181232800242, -0.00222949357703, -0.00690155150369, 0.0125622069463, -0.00444567110389, -0.000306334521156, 0.00283827935345, -0.00125133560505], [-0.000401869037887, 0.00356867979281, -0.00151703110896, 0.00385314854793, -0.00338012026623, 0.000656788179185, 0.0031671107281, -0.000741774216294, -0.00444567110389, 0.0188520252705, -0.00632558297366, -0.00152407633141, 0.000267065915978], [0.000591273012105, -0.00446711946279, 0.000629345886409, -0.00288270995952, 0.00381992710754, -0.00227915402502, -0.000331427581841, -0.000176150831976, -0.000306334521156, -0.00632558297366, 0.0186796654016, -0.00615960732102, -0.00109029572923], [-0.000504401978105, 0.00310397916473, -0.00383870210499, 0.002389583271, -0.00303493975662, 0.00315774185583, -0.00347592053004, 0.000521447800566, 0.00283827935345, -0.00152407633141, -0.00615960732102, 0.018934128806, -0.00882065482438], [0.0023373500444, 0.000116842835268, 0.00427692709491, -0.0028988418635, 0.0011895429343, -0.00223928038031, 0.00427715480328, 0.000123293313663, -0.00125133560505, 0.000267065915978, -0.00109029572923, -0.00882065482438, 0.0183758623898]]
    },
    "melbands": {
        "dmean": [0.00125094887335, 0.00127483461984, 0.000504819443449, 0.000349922163878, 0.000261914392468, 0.000137646027724, 0.000104765684227, 0.000169394421391, 0.000281223270576, 0.000131938097184, 4.04705824621e-05, 4.16623224737e-05, 3.26945009874e-05, 1.7088090317e-05, 2.49660279223e-05, 1.57953527378e-05, 2.31783669733e-05, 2.16467688006e-05, 2.68683415925e-05, 2.0304145437e-05, 1.77418569365e-05, 1.90759983525e-05, 1.38579589475e-05, 9.69113807514e-06, 9.29910038394e-06, 8.1762782429e-06, 7.87258159107e-06, 5.80636833547e-06, 5.10827157996e-06, 5.25691575604e-06, 5.20491948919e-06, 4.78234687762e-06, 3.68412747775e-06, 2.54618316831e-06, 1.86365468835e-06, 2.59131093117e-06, 2.84699376607e-06, 2.75497382063e-06, 2.0918773771e-06, 1.54695180754e-06],
        "dmean2": [0.00213612918742, 0.00219195755199, 0.000857717473991, 0.000600034021772, 0.00042511781794, 0.000224001938477, 0.000160876646987, 0.000262073735939, 0.000432673114119, 0.000202373514185, 6.1926068156e-05, 6.52316084597e-05, 5.21771144122e-05, 2.71228491329e-05, 3.97404692194e-05, 2.49320783041e-05, 3.57733442797e-05, 3.51581402356e-05, 4.21954246121e-05, 3.33769712597e-05, 2.88540450128e-05, 3.17375161103e-05, 2.27218661166e-05, 1.60026447702e-05, 1.58709681273e-05, 1.38352834256e-05, 1.31966216941e-05, 9.61795831245e-06, 8.17730051494e-06, 8.43966245156e-06, 8.06697789812e-06, 7.54388474888e-06, 5.91697335039e-06, 4.00710996473e-06, 2.92132040158e-06, 3.76960883841e-06, 3.93129812437e-06, 4.06534900321e-06, 3.18920024256e-06, 2.2175884169e-06],
        "dvar": [7.55119299356e-06, 6.93177707944e-06, 9.93199932964e-07, 7.90686215169e-07, 2.01454625426e-07, 4.97221890328e-08, 6.53174510035e-08, 1.05892127067e-07, 1.8262410606e-07, 3.52528530811e-08, 4.59827642629e-09, 9.80489911484e-09, 4.79381290219e-09, 2.14004924892e-09, 1.98403937723e-09, 8.34784519288e-10, 3.26445848131e-09, 1.76436765198e-09, 2.92727619922e-09, 1.73855840835e-09, 9.00205465726e-10, 9.24443022132e-10, 7.46479655866e-10, 2.0630713804e-10, 2.00964828112e-10, 1.58578788989e-10, 1.53770968181e-10, 8.37215782812e-11, 1.14768777815e-10, 2.15614873178e-10, 1.63230623462e-10, 2.25910831708e-10, 9.23907478301e-11, 2.6248609189e-11, 1.02406624847e-11, 4.18729564911e-11, 1.44141143466e-10, 1.49206841327e-10, 7.25729892848e-11, 3.42293589306e-11],
        "dvar2": [2.08172168641e-05, 2.01205675694e-05, 2.81466554952e-06, 2.20198216994e-06, 5.38034726105e-07, 1.32107260242e-07, 1.3990468517e-07, 2.39629088128e-07, 4.50844936495e-07, 8.54134469819e-08, 1.09201918619e-08, 2.57463028674e-08, 1.32157564892e-08, 5.63825963695e-09, 4.72739447588e-09, 1.91003923788e-09, 6.68993660469e-09, 4.4325827453e-09, 6.69286359667e-09, 4.26937551978e-09, 2.27334640002e-09, 2.40745601232e-09, 1.96201810354e-09, 5.41250211317e-10, 5.77777548028e-10, 4.43651310134e-10, 4.146720467e-10, 2.12441050862e-10, 2.77608352972e-10, 5.00002372839e-10, 3.44481720926e-10, 5.15213649521e-10, 2.07639697103e-10, 5.45957931641e-11, 2.36300805312e-11, 7.11747813464e-11, 1.95861424301e-10, 2.91660612328e-10, 1.53534338021e-10, 6.54529694333e-11],
        "max": [0.0258662942797, 0.0236712805927, 0.0085823899135, 0.0090880645439, 0.00622755475342, 0.00246260222048, 0.00513525540009, 0.0051856203936, 0.00638585863635, 0.00259437807836, 0.00108181836549, 0.00163270137273, 0.00135769904591, 0.00101089687087, 0.000684387399815, 0.000475043139886, 0.00174269883428, 0.000536642852239, 0.000846767157782, 0.00057021190878, 0.000539881933946, 0.000346657383488, 0.000458004098618, 0.000178811576916, 0.00011686214566, 0.000126270693727, 0.000153443397721, 0.000132994638989, 0.000192203617189, 0.000238478867686, 0.000189674363355, 0.000364225154044, 0.000155986330356, 9.84473372228e-05, 4.74510416097e-05, 0.000142653691, 0.000359636469511, 0.000292323849862, 0.000201422881219, 0.000142846110975],
        "mean": [0.00214516418055, 0.00250532687642, 0.000847392540891, 0.00042049199692, 0.000447882106528, 0.000248305237619, 0.000176787027158, 0.000425369595177, 0.000694388756528, 0.000322209147271, 7.96811800683e-05, 8.12011494418e-05, 7.02759789419e-05, 2.97675178444e-05, 4.49131039204e-05, 2.76274331554e-05, 3.87375985156e-05, 3.56867349183e-05, 5.0055426982e-05, 3.94781745854e-05, 3.80696837965e-05, 4.18360723415e-05, 2.84451271e-05, 2.07547327591e-05, 1.86748402484e-05, 1.73923945113e-05, 1.62705855473e-05, 1.26840704979e-05, 1.055049961e-05, 9.47486933001e-06, 8.99996393855e-06, 8.48983472679e-06, 6.47663091513e-06, 5.38949325346e-06, 4.02503928854e-06, 5.05575462739e-06, 5.18868955623e-06, 4.61548052044e-06, 3.55895804205e-06, 2.68109306489e-06],
        "median": [0.00127135252114, 0.00195072765928, 0.000583674525842, 0.000185309967492, 0.00024383093114, 0.000144092860864, 6.32212031633e-05, 0.000106247294752, 0.000399815908168, 0.000176044472028, 4.42010750703e-05, 3.84887607652e-05, 3.19802711601e-05, 1.81087179953e-05, 2.25876283366e-05, 1.56818950927e-05, 1.44684199768e-05, 1.57110553118e-05, 2.85484074993e-05, 2.55516624748e-05, 2.57686424447e-05, 3.22452760884e-05, 1.75310960913e-05, 1.4777877368e-05, 1.48201397678e-05, 1.32948543978e-05, 1.13576743388e-05, 8.71495649335e-06, 6.92767025612e-06, 4.56560019302e-06, 3.47213995155e-06, 3.43827218785e-06, 2.74127842204e-06, 2.36489131566e-06, 1.86734939689e-06, 1.98213615477e-06, 1.38865482313e-06, 1.08834183266e-06, 9.15635098409e-07, 6.91436582656e-07],
        "min": [4.36015845651e-08, 1.40375831847e-07, 1.04175086335e-07, 1.53521455104e-07, 4.98425606565e-06, 2.115432153e-06, 1.74518606855e-06, 2.26281201776e-07, 3.85070308084e-07, 3.70453562937e-07, 2.7463971719e-07, 4.94707478538e-07, 3.86336466818e-07, 1.46916264043e-07, 9.26627734543e-08, 2.1230260927e-07, 3.5273450294e-07, 1.55486489462e-07, 2.37842414208e-07, 2.92619205311e-07, 9.59976560466e-08, 1.43358789728e-07, 5.61843620517e-08, 1.22797857216e-07, 5.0969973131e-08, 4.20491836906e-08, 7.76362014676e-08, 7.22132966757e-08, 9.86108439349e-09, 4.16063556941e-08, 4.19881507341e-09, 5.92883431239e-09, 8.09233835497e-09, 1.24695089809e-08, 5.86063642061e-09, 5.44265343905e-09, 5.85768655803e-10, 5.52431060966e-12, 1.4048132102e-10, 7.81808211919e-13],
