{
"highlevel": {
    "danceability": {
        "all": {
            "danceable": 0.967251121998,
            "not_danceable": 0.0327488668263
        },
        "probability": 0.967251121998,
        "value": "danceable"
    },
    "gender": {
        "all": {
            "female": 0.74063116312,
            "male": 0.25936883688
        },
        "probability": 0.74063116312,
        "value": "female"
    },
    "genre_dortmund": {
        "all": {
            "alternative": 0.0883560776711,
            "blues": 0.0489752292633,
            "electronic": 0.0878285095096,
            "folkcountry": 0.174844324589,
            "funksoulrnb": 0.129755929112,
            "jazz": 0.0486532337964,
            "pop": 0.20635664463,
            "raphiphop": 0.019622085616,
            "rock": 0.195607960224
        },
        "probability": 0.20635664463,
        "value": "pop"
    },
    "genre_electronic": {
        "all": {
            "ambient": 0.459561258554,
            "dnb": 0.15218873322,
            "house": 0.0703468322754,
            "techno": 0.0136582748964,
            "trance": 0.30424490571
        },
        "probability": 0.459561258554,
        "value": "ambient"
    },
    "genre_rosamerica": {
        "all": {
            "cla": 0.00653310492635,
            "dan": 0.0318386144936,
            "hip": 0.0123584279791,
            "jaz": 0.013981574215,
            "pop": 0.631639957428,
            "rhy": 0.163381770253,
            "roc": 0.137388750911,
            "spe": 0.00287778303027
        },
        "probability": 0.631639957428,
        "value": "pop"
    },
    "genre_tzanetakis": {
        "all": {
            "blu": 0.0635872557759,
            "cla": 0.0353040248156,
            "cou": 0.0635458827019,
            "dis": 0.0635646507144,
            "hip": 0.158970341086,
            "jaz": 0.318208545446,
            "met": 0.0636220350862,
            "pop": 0.0636040493846,
            "reg": 0.0635970756412,
            "roc": 0.105996124446
        },
        "probability": 0.318208545446,
        "value": "jaz"
    },
    "ismir04_rhythm": {
        "all": {
            "ChaChaCha": 0.0159831121564,
            "Jive": 0.019070642069,
            "Quickstep": 0.249325841665,
            "Rumba-American": 0.0209323707968,
            "Rumba-International": 0.193332076073,
            "Rumba-Misc": 0.0120071200654,
            "Samba": 0.278482705355,
            "Tango": 0.0298257172108,
            "VienneseWaltz": 0.142941504717,
            "Waltz": 0.0380989164114
        },
        "probability": 0.278482705355,
        "value": "Samba"
    },
    "mood_acoustic": {
        "all": {
            "acoustic": 0.916969835758,
            "not_acoustic": 0.0830301493406
        },
        "probability": 0.916969835758,
        "value": "acoustic"
    },
    "mood_aggressive": {
        "all": {
            "aggressive": 0.108780011535,
            "not_aggressive": 0.891219973564
        },
        "probability": 0.891219973564,
        "value": "not_aggressive"
    },
    "mood_electronic": {
        "all": {
            "electronic": 0.269412368536,
            "not_electronic": 0.730587661266
        },
        "probability": 0.730587661266,
        "value": "not_electronic"
    },
    "mood_happy": {
        "all": {
            "happy": 0.770439088345,
            "not_happy": 0.229560911655
        },
        "probability": 0.770439088345,
        "value": "happy"
    },
    "mood_party": {
        "all": {
            "not_party": 0.927622258663,
            "party": 0.0723777264357
        },
        "probability": 0.927622258663,
        "value": "not_party"
    },
    "mood_relaxed": {
        "all": {
            "not_relaxed": 0.795391380787,
            "relaxed": 0.204608589411
        },
        "probability": 0.795391380787,
        "value": "not_relaxed"
    },
    "mood_sad": {
        "all": {
            "not_sad": 0.332305908203,
            "sad": 0.667694091797
        },
        "probability": 0.667694091797,
        "value": "sad"
    },
    "moods_mirex": {
        "all": {
            "Cluster1": 0.209161773324,
            "Cluster2": 0.261407077312,
            "Cluster3": 0.385324239731,
            "Cluster4": 0.121487431228,
            "Cluster5": 0.022619465366
        },
        "probability": 0.385324239731,
        "value": "Cluster3"
    },
    "timbre": {
        "all": {
            "bright": 0.958415865898,
            "dark": 0.0415841341019
        },
        "probability": 0.958415865898,
        "value": "bright"
    },
    "tonal_atonal": {
        "all": {
            "atonal": 0.0212743170559,
            "tonal": 0.978725671768
        },
        "probability": 0.978725671768,
        "value": "tonal"
    },
    "voice_instrumental": {
        "all": {
            "instrumental": 0.0039248787798,
            "voice": 0.996075093746
        },
        "probability": 0.996075093746,
        "value": "voice"
    }
},
"lowlevel": {
    "average_loudness": 0.979211509228,
    "barkbands_crest": {
        "dmean": 2.937479496,
        "dmean2": 4.83166074753,
        "dvar": 6.38048458099,
        "dvar2": 17.1308193207,
        "max": 25.2226219177,
        "mean": 11.6233167648,
        "median": 11.0325593948,
        "min": 3.74145174026,
        "var": 17.4621047974
    },
    "barkbands_flatness_db": {
        "dmean": 0.0196454152465,
        "dmean2": 0.0316694527864,
        "dvar": 0.000305547873722,
        "dvar2": 0.00074213265907,
        "max": 0.296205043793,
        "mean": 0.170726925135,
        "median": 0.170621737838,
        "min": 0.073494233191,
        "var": 0.00138392078225
    },
    "barkbands_kurtosis": {
        "dmean": 2.07898759842,
        "dmean2": 3.39397907257,
        "dvar": 11.8071470261,
        "dvar2": 30.7418365479,
        "max": 41.9496650696,
        "mean": 2.4700961113,
        "median": 1.31682729721,
        "min": -1.72821867466,
        "var": 18.8042182922
    },
    "barkbands_skewness": {
        "dmean": 0.504797577858,
        "dmean2": 0.801046788692,
        "dvar": 0.278231978416,
        "dvar2": 0.740614712238,
        "max": 5.85302877426,
        "mean": 0.926289558411,
        "median": 0.871185362339,
        "min": -1.43602454662,
        "var": 1.21963465214
    },
    "barkbands_spread": {
        "dmean": 4.10162401199,
        "dmean2": 6.10113239288,
        "dvar": 21.5103759766,
        "dvar2": 41.9352035522,
        "max": 85.368637085,
        "mean": 18.9932975769,
        "median": 16.8118343353,
        "min": 1.8066573143,
        "var": 112.874549866
    },
    "dissonance": {
        "dmean": 0.0300555396825,
        "dmean2": 0.0503428541124,
        "dvar": 0.00080709089525,
        "dvar2": 0.00223958026618,
        "max": 0.499277323484,
        "mean": 0.440888464451,
        "median": 0.450107395649,
        "min": 0.256913632154,
        "var": 0.00165938946884
    },
    "dynamic_complexity": 1.49005234241,
    "erbbands_crest": {
        "dmean": 3.05465221405,
        "dmean2": 4.88721704483,
        "dvar": 8.4351272583,
        "dvar2": 18.6490345001,
        "max": 31.3103694916,
        "mean": 13.8829336166,
        "median": 12.9383678436,
        "min": 2.77019929886,
        "var": 46.9650917053
    },
    "erbbands_flatness_db": {
        "dmean": 0.0174218602479,
        "dmean2": 0.025006974116,
        "dvar": 0.000250061566476,
        "dvar2": 0.000488680088893,
        "max": 0.33134034276,
        "mean": 0.190268576145,
        "median": 0.186814278364,
        "min": 0.071982614696,
        "var": 0.00260820356198
    },
    "erbbands_kurtosis": {
        "dmean": 1.87606930733,
        "dmean2": 3.0218834877,
        "dvar": 5.79131984711,
        "dvar2": 14.6779689789,
        "max": 42.6939468384,
        "mean": 4.56533193588,
        "median": 2.21783542633,
        "min": -1.62002885342,
        "var": 35.3525466919
    },
    "erbbands_skewness": {
        "dmean": 0.423013031483,
        "dmean2": 0.670536279678,
        "dvar": 0.145281970501,
        "dvar2": 0.374082058668,
        "max": 4.73261165619,
        "mean": 0.692277431488,
        "median": 0.597711443901,
        "min": -1.69488191605,
        "var": 0.779975712299
    },
    "erbbands_spread": {
        "dmean": 6.41897726059,
        "dmean2": 9.56108760834,
        "dvar": 57.2042427063,
        "dvar2": 115.665252686,
        "max": 106.208831787,
        "mean": 26.2970600128,
        "median": 21.6434497833,
        "min": 2.69289207458,
        "var": 389.777832031
    },
    "hfc": {
        "dmean": 6.67837905884,
        "dmean2": 10.0733537674,
        "dvar": 53.758228302,
        "dvar2": 105.296157837,
        "max": 104.070152283,
        "mean": 34.1158561707,
        "median": 33.8592071533,
        "min": 2.60133051872,
        "var": 248.940841675
    },
    "melbands_crest": {
        "dmean": 3.0501639843,
        "dmean2": 5.04897785187,
        "dvar": 6.4615240097,
        "dvar2": 17.9971694946,
        "max": 29.7430019379,
        "mean": 13.7373027802,
        "median": 13.326540947,
        "min": 4.97459506989,
        "var": 17.8718128204
    },
    "melbands_flatness_db": {
        "dmean": 0.0229522120208,
        "dmean2": 0.0364128351212,
        "dvar": 0.000526557094418,
        "dvar2": 0.00126108911354,
        "max": 0.38116645813,
        "mean": 0.217169508338,
        "median": 0.218143627048,
        "min": 0.0943122208118,
        "var": 0.00214649247937
    },
    "melbands_kurtosis": {
        "dmean": 4.64563465118,
        "dmean2": 7.66859674454,
        "dvar": 65.7324676514,
        "dvar2": 178.201416016,
        "max": 93.1692428589,
        "mean": 6.82900333405,
        "median": 3.26912117004,
        "min": -1.53667473793,
        "var": 111.577880859
    },
    "melbands_skewness": {
        "dmean": 0.681459248066,
        "dmean2": 1.08495998383,
        "dvar": 0.526195347309,
        "dvar2": 1.44083595276,
        "max": 8.03338813782,
        "mean": 1.66011071205,
        "median": 1.49570143223,
        "min": -1.3384115696,
        "var": 2.40311813354
    },
    "melbands_spread": {
        "dmean": 5.17020320892,
        "dmean2": 8.11634731293,
        "dvar": 27.6492805481,
        "dvar2": 68.549911499,
        "max": 75.2705688477,
        "mean": 22.2738342285,
        "median": 21.3421764374,
        "min": 2.3058218956,
        "var": 109.215629578
    },
    "pitch_salience": {
        "dmean": 0.0664598271251,
        "dmean2": 0.107858896255,
        "dvar": 0.0038307690993,
        "dvar2": 0.0102099496871,
        "max": 0.773036062717,
        "mean": 0.479578226805,
        "median": 0.466552853584,
        "min": 0.13617554307,
        "var": 0.00892255082726
    },
    "silence_rate_20dB": {
        "dmean": 0,
        "dmean2": 0,
        "dvar": 0,
        "dvar2": 0,
        "max": 1,
        "mean": 1,
        "median": 1,
        "min": 1,
        "var": 0
    },
    "silence_rate_30dB": {
        "dmean": 0.0263157896698,
        "dmean2": 0.0526723451912,
        "dvar": 0.0256233401597,
        "dvar2": 0.0591933652759,
        "max": 1,
        "mean": 0.962877035141,
        "median": 1,
        "min": 0,
        "var": 0.0357451215386
    },
    "silence_rate_60dB": {
        "dmean": 0,
        "dmean2": 0,
        "dvar": 0,
        "dvar2": 0,
        "max": 0,
        "mean": 0,
        "median": 0,
        "min": 0,
        "var": 0
    },
    "spectral_centroid": {
        "dmean": 156.125442505,
        "dmean2": 245.658920288,
        "dvar": 33837.1835938,
        "dvar2": 71341.4375,
        "max": 3314.48583984,
        "mean": 1093.20788574,
        "median": 1016.35998535,
        "min": 312.811737061,
        "var": 142537.59375
    },
    "spectral_complexity": {
        "dmean": 2.86377716064,
        "dmean2": 4.69481039047,
        "dvar": 7.14242982864,
        "dvar2": 15.9284772873,
        "max": 44,
        "mean": 19.2583141327,
        "median": 18,
        "min": 8,
        "var": 29.3671875
    },
    "spectral_decrease": {
        "dmean": 3.8023921789e-09,
        "dmean2": 6.27426244293e-09,
        "dvar": 2.42091330379e-17,
        "dvar2": 6.46145451876e-17,
        "max": -9.74161418199e-10,
        "mean": -1.33905473376e-08,
        "median": -1.22555121607e-08,
        "min": -5.69868241485e-08,
        "var": 5.54155291524e-17
    },
    "spectral_energy": {
        "dmean": 0.0146836219355,
        "dmean2": 0.0242139548063,
        "dvar": 0.000349415407982,
        "dvar2": 0.000927129993215,
        "max": 0.217656597495,
        "mean": 0.0536333695054,
        "median": 0.0497048459947,
        "min": 0.00391266075894,
        "var": 0.000819806416985
    },
    "spectral_energyband_high": {
        "dmean": 0.00034849246731,
        "dmean2": 0.000487942772452,
        "dvar": 5.38178710485e-07,
        "dvar2": 9.367840903e-07,
        "max": 0.0134023260325,
        "mean": 0.000871023919899,
        "median": 0.000439984083641,
        "min": 2.05531287065e-05,
        "var": 1.93703885998e-06
    },
    "spectral_energyband_low": {
        "dmean": 0.0125560360029,
        "dmean2": 0.0207688529044,
        "dvar": 0.000410343287513,
        "dvar2": 0.00111452839337,
        "max": 0.202926844358,
        "mean": 0.0221961066127,
        "median": 0.0132139837369,
        "min": 8.17242544144e-05,
        "var": 0.000728568993509
    },
    "spectral_energyband_middle_high": {
        "dmean": 0.00407604128122,
        "dmean2": 0.00626520207152,
        "dvar": 1.94851781998e-05,
        "dvar2": 4.78858855786e-05,
        "max": 0.061547961086,
        "mean": 0.0169349331409,
        "median": 0.0113305272534,
        "min": 0.000748184451368,
        "var": 0.000196555047296
    },
    "spectral_energyband_middle_low": {
        "dmean": 0.00611821142957,
        "dmean2": 0.00973999965936,
        "dvar": 6.99735610397e-05,
        "dvar2": 0.000181207433343,
        "max": 0.0944618657231,
        "mean": 0.0164769720286,
        "median": 0.0129619548097,
        "min": 0.00197899178602,
        "var": 0.000133063658723
    },
    "spectral_entropy": {
        "dmean": 0.13862106204,
        "dmean2": 0.197625517845,
        "dvar": 0.0164079628885,
        "dvar2": 0.0322411283851,
        "max": 8.41008090973,
        "mean": 7.34201383591,
        "median": 7.31349134445,
        "min": 6.51688337326,
        "var": 0.126792788506
    },
    "spectral_flux": {
        "dmean": 0.0327657423913,
        "dmean2": 0.0524215698242,
        "dvar": 0.00121793372091,
        "dvar2": 0.00247667450458,
        "max": 0.399061501026,
        "mean": 0.116564378142,
        "median": 0.103845626116,
        "min": 0.0352938212454,
        "var": 0.00319643225521
    },
    "spectral_kurtosis": {
        "dmean": 1.62636172771,
        "dmean2": 2.71689248085,
        "dvar": 2.531478405,
        "dvar2": 7.47049379349,
        "max": 18.5031108856,
        "mean": 4.66870832443,
        "median": 4.16049623489,
        "min": -1.03899228573,
        "var": 8.50823116302
    },
    "spectral_rms": {
        "dmean": 0.000936377502512,
        "dmean2": 0.00151981774252,
        "dvar": 1.04550326796e-06,
        "dvar2": 2.59759781329e-06,
        "max": 0.0145721621811,
        "mean": 0.00700352527201,
        "median": 0.00696365814656,
        "min": 0.00195377343334,
        "var": 3.27593193106e-06
    },
    "spectral_rolloff": {
        "dmean": 286.164245605,
        "dmean2": 471.261413574,
        "dvar": 353364.625,
        "dvar2": 689895.625,
        "max": 8204.15039062,
        "mean": 1152.40197754,
        "median": 947.4609375,
        "min": 86.1328125,
        "var": 846145.0625
    },
    "spectral_skewness": {
        "dmean": 0.21398460865,
        "dmean2": 0.340803533792,
        "dvar": 0.0340355671942,
        "dvar2": 0.0837933123112,
        "max": 3.22981786728,
        "mean": 1.72630894184,
        "median": 1.72299468517,
        "min": 0.14546379447,
        "var": 0.231475621462
    },
    "spectral_spread": {
        "dmean": 464722.875,
        "dmean2": 664871.6875,
        "dvar": 289384267776,
        "dvar2": 442494943232,
        "max": 10107802,
        "mean": 4328185,
        "median": 4102933.25,
        "min": 2491421.5,
        "var": 1.37825314406e+12
    },
    "spectral_strongpeak": {
        "dmean": 1.09827005863,
        "dmean2": 1.91428220272,
        "dvar": 2.59683823586,
        "dvar2": 7.3364238739,
        "max": 11.977350235,
        "mean": 2.49652075768,
        "median": 0.930358707905,
        "min": 0.0667524039745,
        "var": 6.54882907867
    },
    "zerocrossingrate": {
        "dmean": 0.00687108468264,
        "dmean2": 0.00802808534354,
        "dvar": 6.85283521307e-05,
        "dvar2": 7.62523632147e-05,
        "max": 0.19580078125,
        "mean": 0.050154376775,
        "median": 0.04638671875,
        "min": 0.00927734375,
        "var": 0.000495321059134
    },
    "barkbands": {
        "dmean": [0.000121830096759, 0.00931666791439, 0.00548989512026, 0.00261725112796, 0.00201407261193, 0.000934835290536, 0.00108144269325, 0.000970967870671, 0.00126750720665, 0.00221770699136, 0.00143936357927, 0.00131464854348, 0.000576780468691, 0.000760625407565, 0.000323199026752, 0.000281095213722, 0.00011246939539, 8.41953442432e-05, 0.000103190170194, 0.0001136954088, 8.05090385256e-05, 4.77249195683e-05, 9.83439749689e-05, 0.000114731672511, 3.08789494738e-05, 3.2633979572e-05, 2.42233664238e-08],
        "dmean2": [0.000200317896088, 0.0143792293966, 0.00990121904761, 0.00466378079727, 0.00333631550893, 0.00145927548874, 0.00174560199957, 0.00147692137398, 0.0020477315411, 0.00343579705805, 0.00216522859409, 0.00201441370882, 0.000890972558409, 0.00116842403077, 0.000505859381519, 0.000451970699942, 0.00018083001487, 0.000136761431349, 0.000168369297171, 0.000178701535333, 0.000122406039736, 6.80330122123e-05, 0.000153550761752, 0.000163562202943, 4.58501817775e-05, 5.09855235578e-05, 4.08642790717e-08],
        "dvar": [8.29119741752e-08, 0.000271242781309, 0.000130461819936, 3.85836574424e-05, 9.83944573818e-06, 3.56843588634e-06, 2.58406180365e-06, 3.06000742967e-06, 1.07094056148e-05, 1.52422499013e-05, 9.20159891393e-06, 7.31820364308e-06, 1.27476198486e-06, 3.04497689285e-06, 1.0660199905e-06, 1.00720353657e-06, 1.09224110645e-07, 3.39311228004e-08, 2.02253982451e-08, 4.69472141162e-08, 4.45102017466e-08, 1.1233942665e-08, 4.8388496765e-08, 6.491278981e-08, 6.88912171753e-09, 1.90384792376e-08, 1.45355122795e-14],
        "dvar2": [1.97230633603e-07, 0.000573230965529, 0.000373972667148, 0.000108783875476, 2.68344774668e-05, 8.27710846352e-06, 6.47174101687e-06, 6.29106079941e-06, 2.8367021514e-05, 3.94394010073e-05, 1.8096243366e-05, 1.62774376804e-05, 2.75262073046e-06, 6.29924443274e-06, 2.44739226218e-06, 2.31438207265e-06, 2.90246845225e-07, 6.65174937353e-08, 4.97037611069e-08, 1.03123198869e-07, 8.40139406932e-08, 2.20731415368e-08, 1.09102479939e-07, 1.22636848232e-07, 1.43241569717e-08, 4.38517666623e-08, 3.11485456568e-14],
        "max": [0.0042866980657, 0.198041796684, 0.0947460532188, 0.0577782839537, 0.0361428745091, 0.0362863689661, 0.0239908471704, 0.037154212594, 0.0448527336121, 0.0518481694162, 0.0528482235968, 0.0342298150063, 0.015224548988, 0.0403548777103, 0.0164908096194, 0.0198153965175, 0.00867537222803, 0.00599413411692, 0.00223123142496, 0.00380447972566, 0.00433286605403, 0.00192727928516, 0.003784251865, 0.00511505873874, 0.00102276552934, 0.00159892032389, 2.36605455939e-06],
        "mean": [0.000141307391459, 0.014824282378, 0.00548833608627, 0.00273207481951, 0.00380214233883, 0.00164831487928, 0.00188112410251, 0.00171176367439, 0.0025992107112, 0.006293236278, 0.00475578103215, 0.00264892331325, 0.00106056535151, 0.00150487641804, 0.000493071798701, 0.000447736820206, 0.000217804845306, 0.000181606141268, 0.000212678132812, 0.000237557309447, 0.000160730036441, 9.13186377147e-05, 0.000191282088053, 0.000229541707085, 4.53805441794e-05, 3.27956186084e-05, 1.83305886026e-08],
        "median": [2.48998476309e-05, 0.00850759260356, 0.00254537630826, 0.00126598752104, 0.00226977933198, 0.00102359661832, 0.0011672815308, 0.000742653093766, 0.000421502161771, 0.00123011413962, 0.000825777533464, 0.00106204068288, 0.000286540278466, 0.000355927448254, 0.000146752849105, 0.000136979550007, 9.22567705857e-05, 7.63525022194e-05, 0.000140919568366, 0.000109855092887, 6.5377993451e-05, 3.64427069144e-05, 7.80441478128e-05, 9.63583006524e-05, 1.5085933228e-05, 1.33681862735e-06, 1.38037870023e-09],
        "min": [4.71969769933e-08, 1.26256645672e-05, 2.75939091807e-05, 5.41891859029e-06, 7.69267135183e-05, 2.50790071732e-05, 3.36673510901e-05, 2.4602175472e-05, 4.74121770822e-06, 2.32125912589e-05, 7.97157190391e-06, 1.53121764015e-05, 8.01034639153e-06, 2.2790985895e-05, 7.58252872401e-06, 1.2553588931e-05, 1.12521138362e-05, 7.2133248068e-06, 7.32717262508e-06, 1.15176708277e-05, 2.19206231122e-06, 1.76115827344e-06, 3.4292431792e-06, 1.79010817192e-06, 5.69054691368e-07, 9.13968276062e-11, 9.10810576266e-12],
        "var": [1.02690805193e-07, 0.000501787813846, 9.46705476963e-05, 2.7191312256e-05, 1.90600549104e-05, 5.46010096514e-06, 5.41911094842e-06, 7.06351693225e-06, 3.87361142202e-05, 0.000109674721898, 9.08908332349e-05, 2.15784384636e-05, 4.39504765382e-06, 8.76491412782e-06, 1.79531605227e-06, 2.19401727009e-06, 3.18106202712e-07, 1.39466138194e-07, 4.6335955517e-08, 1.2981826103e-07, 1.23931243934e-07, 2.80903620364e-08, 1.09833017348e-07, 1.95495061917e-07, 9.54361389915e-09, 1.95727292152e-08, 1.29195792451e-14]
    },
    "erbbands": {
        "dmean": [0.235717728734, 2.28876185417, 5.07543325424, 8.99338817596, 6.20009422302, 7.40402030945, 6.81628894806, 9.76037597656, 16.976436615, 16.8988056183, 15.6087789536, 28.6020030975, 68.1011581421, 56.1800079346, 49.3185081482, 48.033531189, 26.5602149963, 30.0120506287, 23.0756874084, 19.9025917053, 10.4276704788, 4.78693675995, 4.86521053314, 4.55386924744, 5.2219991684, 4.83375406265, 4.05266714096, 2.42791366577, 1.68841969967, 2.01367235184, 2.90034103394, 3.42136335373, 1.36778926849, 0.426868647337, 0.216203510761, 0.1983358711, 0.0482575185597, 0.00390237593092, 8.00277557573e-05, 1.88872945728e-05],
        "dmean2": [0.361442267895, 3.56374549866, 9.01326560974, 16.1493873596, 10.678150177, 12.2321624756, 11.0008506775, 15.2517023087, 27.2410373688, 26.6363830566, 24.4010353088, 45.9853210449, 104.809318542, 83.7304077148, 72.4385223389, 70.6742248535, 41.3831291199, 46.0047111511, 36.5536956787, 30.7449989319, 16.3842010498, 7.64321422577, 7.62366580963, 7.35974645615, 8.25011539459, 7.50763559341, 6.01517772675, 3.59947252274, 2.42505645752, 2.86110711098, 4.55051708221, 5.02641582489, 1.96492755413, 0.638649344444, 0.329588383436, 0.318930596113, 0.0740872099996, 0.00618577655405, 0.000124433543533, 3.04833010887e-05],
        "dvar": [0.2132088691, 15.3833503723, 84.7088623047, 484.953765869, 159.34387207, 129.130935669, 121.4765625, 432.832275391, 708.755432129, 769.978271484, 1564.45947266, 5539.02294922, 15417.1933594, 10347.1542969, 10972.0576172, 10853.9189453, 2257.67089844, 3725.7097168, 3111.85131836, 4331.85498047, 1204.25427246, 130.822906494, 130.776275635, 51.1312294006, 69.0269088745, 75.4026565552, 134.358703613, 27.211107254, 12.0027351379, 21.8318500519, 44.1570129395, 62.9528160095, 9.92929458618, 1.03514766693, 0.558965086937, 0.739896774292, 0.042449105531, 0.000289686955512, 1.02343250319e-07, 8.06878341919e-10],
        "dvar2": [0.399196207523, 34.5338821411, 246.405227661, 1372.24206543, 452.723327637, 334.872283936, 314.626495361, 1017.37945557, 1735.25073242, 1864.36755371, 3034.79272461, 14857.0576172, 39579.28125, 20653.0429688, 20524.4433594, 23298.6191406, 5048.24951172, 7547.19140625, 6431.99902344, 9991.99902344, 2756.33569336, 298.517700195, 242.692779541, 134.382873535, 159.813674927, 151.124649048, 259.35269165, 48.076210022, 21.8958778381, 42.0835456848, 100.989570618, 129.801086426, 19.8952732086, 2.20783901215, 1.24355828762, 1.83493387699, 0.0950119197369, 0.000668680702802, 2.34029215562e-07, 1.94334459636e-09],
        "max": [4.96136522293, 46.9343910217, 76.5149002075, 166.797302246, 142.235717773, 115.528747559, 151.170303345, 438.532501221, 524.554016113, 421.59487915, 961.887329102, 1239.45214844, 2038.54870605, 1799.48620605, 2123.64160156, 1749.69873047, 706.130981445, 853.009643555, 1298.13183594, 957.566711426, 740.006835938, 243.864700317, 421.040130615, 110.768791199, 147.777603149, 153.056564331, 232.151245117, 104.804748535, 52.9077644348, 99.1394271851, 125.846725464, 147.855484009, 55.4752235413, 14.1441202164, 8.31195640564, 9.85438919067, 2.27933049202, 0.176743358374, 0.00340304500423, 0.000322637381032],
        "mean": [0.350796371698, 3.56524038315, 6.35604810715, 9.22539520264, 8.59618663788, 13.6699476242, 12.1520776749, 17.1393299103, 29.0109424591, 32.8668746948, 27.8847332001, 70.7998657227, 185.499267578, 163.569107056, 168.406692505, 104.914108276, 60.676902771, 66.4691009521, 43.3814620972, 34.1577072144, 19.9223575592, 10.8299922943, 10.767952919, 10.0281591415, 11.5768575668, 10.5282182693, 8.22659111023, 4.95016002655, 3.35828924179, 3.7766084671, 5.70761680603, 6.5849237442, 2.52251887321, 0.733759343624, 0.259328335524, 0.201843231916, 0.0448840893805, 0.0034170334693, 9.98618634185e-05, 6.72963797115e-05],
        "median": [0.137904703617, 2.20330357552, 3.85102963448, 4.29157686234, 5.49040555954, 7.31215286255, 6.51537179947, 10.9621391296, 16.9640903473, 17.5300807953, 13.1405725479, 14.9443016052, 47.226272583, 47.7653541565, 39.6038589478, 47.5782241821, 24.5536937714, 19.3730297089, 17.8602161407, 10.3987007141, 7.46090888977, 5.09829473495, 4.36534261703, 6.29432916641, 6.54246330261, 5.24387836456, 3.38036036491, 2.29131054878, 1.38011324406, 1.47685682774, 2.35234355927, 2.75259542465, 0.948851883411, 0.298174619675, 0.0587339438498, 0.0123399812728, 0.00173715979327, 0.000119414289657, 3.47855821019e-05, 6.04062079219e-05],
        "min": [0.000215846841456, 0.00567778944969, 0.0296809542924, 0.113080568612, 0.116068474948, 0.228688523173, 0.26947376132, 0.401103705168, 0.773531794548, 0.871017634869, 0.799508988857, 1.05923557281, 0.746302723885, 2.32463288307, 1.86554956436, 2.08653306961, 1.74513614178, 0.916531026363, 1.56778144836, 1.29413354397, 0.849095821381, 0.710883796215, 0.499280184507, 0.475636482239, 0.639033913612, 0.518442153931, 0.176976546645, 0.116256564856, 0.0938601717353, 0.0981431826949, 0.0873884409666, 0.0333689749241, 0.0232973042876, 0.0122732985765, 0.000742119736969, 3.49316360371e-05, 6.62125057715e-06, 1.30366697704e-06, 2.18329546442e-06, 4.58411841464e-06],
        "var": [0.407891780138, 26.2363929749, 73.9739379883, 332.307342529, 124.640083313, 309.900878906, 262.793884277, 601.961547852, 1619.34057617, 1738.00231934, 2674.44287109, 28413.578125, 96332.984375, 81916.1640625, 127194.484375, 26988.8632812, 9192.67480469, 13976.5820312, 7049.95507812, 8546.9140625, 2604.01879883, 532.375549316, 614.639526367, 134.242889404, 177.027603149, 234.106536865, 358.07699585, 89.270072937, 33.3446846008, 55.0466346741, 99.8038864136, 155.322097778, 26.9214134216, 1.93103039265, 0.587128460407, 0.701197385788, 0.0422101095319, 0.000269865908194, 9.95086608668e-08, 1.52167067835e-09]
    },
    "gfcc": {
        "mean": [30.9482631683, 116.871704102, -124.033035278, 32.1613693237, -67.5028305054, 36.3104705811, -28.9031295776, 8.08730983734, -21.6259746552, -5.84360456467, -1.49224126339, -9.26475906372, -3.11157298088],
        "cov": [[890.758422852, -460.60144043, 257.838500977, 110.332855225, 80.766960144, 27.023141861, -93.9808197021, 76.9290161133, -69.3293304443, 117.115394592, -161.137908936, 78.470375061, -120.62789917], [-460.60144043, 603.160583496, -143.513885498, -69.8431854248, 87.1006622314, 5.39265394211, 176.5365448, -23.6206970215, 77.1248092651, -100.322860718, 165.239028931, -57.6007385254, 102.478630066], [257.838500977, -143.513885498, 390.55380249, 83.8451309204, 38.6890945435, 26.0818958282, -1.47102177143, 80.8014068604, 11.9115686417, 91.4905090332, -101.027351379, 81.8091964722, -60.4293289185], [110.332855225, -69.8431854248, 83.8451309204, 305.242675781, 10.8829250336, -32.0347747803, -83.4316482544, -6.58445835114, 83.0311584473, 36.3238372803, 14.5616064072, -24.0429267883, 22.418264389], [80.766960144, 87.1006622314, 38.6890945435, 10.8829250336, 272.723510742, 47.2413635254, 12.2570180893, 23.2727565765, -0.680421233177, 21.0827045441, 12.7213935852, 28.283285141, -1.73531484604], [27.023141861, 5.39265394211, 26.0818958282, -32.0347747803, 47.2413635254, 170.088989258, 116.110740662, -6.37476730347, -17.6172428131, -14.209769249, 36.6276435852, -5.03708314896, 18.2520084381], [-93.9808197021, 176.5365448, -1.47102177143, -83.4316482544, 12.2570180893, 116.110740662, 285.469268799, 58.2058563232, 12.879193306, -48.6002998352, 33.6060295105, 5.84598827362, 32.9268913269], [76.9290161133, -23.6206970215, 80.8014068604, -6.58445835114, 23.2727565765, -6.37476730347, 58.2058563232, 148.703323364, 47.893283844, 4.11169338226, -54.4376029968, 46.8273582458, -10.6732845306], [-69.3293304443, 77.1248092651, 11.9115686417, 83.0311584473, -0.680421233177, -17.6172428131, 12.879193306, 47.893283844, 152.769699097, 16.7090110779, 15.0826025009, -3.61279988289, 17.8714332581], [117.115394592, -100.322860718, 91.4905090332, 36.3238372803, 21.0827045441, -14.209769249, -48.6002998352, 4.11169338226, 16.7090110779, 150.152954102, -3.262196064, 30.3020153046, -36.2222251892], [-161.137908936, 165.239028931, -101.027351379, 14.5616064072, 12.7213935852, 36.6276435852, 33.6060295105, -54.4376029968, 15.0826025009, -3.262196064, 166.434616089, -26.1658344269, 48.7103614807], [78.470375061, -57.6007385254, 81.8091964722, -24.0429267883, 28.283285141, -5.03708314896, 5.84598827362, 46.8273582458, -3.61279988289, 30.3020153046, -26.1658344269, 104.700660706, -11.3134279251], [-120.62789917, 102.478630066, -60.4293289185, 22.418264389, -1.73531484604, 18.2520084381, 32.9268913269, -10.6732845306, 17.8714332581, -36.2222251892, 48.7103614807, -11.3134279251, 97.6413192749]],
        "icov": [[0.00262952060439, 0.00151495204773, -0.000325332017383, -0.000983195845038, -0.00102332048118, -0.000238140957663, -0.000361039245035, -0.000765832315665, 0.0010862586787, -0.000382116413675, 0.000413597590523, -0.000101352488855, 0.00118866446428], [0.00151495204773, 0.00875122286379, -0.00302831735462, 0.00338827073574, -0.00471803825349, 0.00750136049464, -0.00546538783237, 0.00292124785483, -0.00424106419086, 0.0038898542989, -0.00648669200018, 0.0042024878785, -0.00334678124636], [-0.000325332017383, -0.00302831735462, 0.00645588384941, -0.00355066452175, 0.00175257900264, -0.00468989275396, 0.00152266223449, -0.00230103521608, 0.00230630510487, -0.0035057887435, 0.00489709898829, -0.00438863551244, 0.00305576412939], [-0.000983195845038, 0.00338827073574, -0.00355066452175, 0.00791008677334, -0.00202170060948, 0.00445689447224, -0.000787633471191, 0.00252858852036, -0.00556468544528, 0.00218895822763, -0.00442350935191, 0.00444163847715, -0.00455949408934], [-0.00102332048118, -0.00471803825349, 0.00175257900264, -0.00202170060948, 0.00671067740768, -0.00549828913063, 0.00346046756022, -0.00246028928086, 0.00243854057044, -0.00232892250642, 0.00281721493229, -0.00316876242869, 0.00186467531603], [-0.000238140957663, 0.00750136049464, -0.00468989275396, 0.00445689447224, -0.00549828913063, 0.0175923611969, -0.00915010925382, 0.00532239954919, -0.00381436175667, 0.00425966922194, -0.00804888550192, 0.00555271096528, -0.00487474398687], [-0.000361039245035, -0.00546538783237, 0.00152266223449, -0.000787633471191, 0.00346046756022, -0.00915010925382, 0.0104093113914, -0.00533819990233, 0.00229008030146, -0.00131790968589, 0.00295056332834, -0.00232180766761, 0.00144242309034], [-0.000765832315665, 0.00292124785483, -0.00230103521608, 0.00252858852036, -0.00246028928086, 0.00532239954919, -0.00533819990233, 0.0142576964572, -0.00658970139921, 0.00269697792828, 0.000438552029664, -0.00170264428016, -0.00190612627193], [0.0010862586787, -0.00424106419086, 0.00230630510487, -0.00556468544528, 0.00243854057044, -0.00381436175667, 0.00229008030146, -0.00658970139921, 0.0133345993236, -0.00410645315424, 0.00302627054043, -0.001618221635, 0.00210066162981], [-0.000382116413675, 0.0038898542989, -0.0035057887435, 0.00218895822763, -0.00232892250642, 0.00425966922194, -0.00131790968589, 0.00269697792828, -0.00410645315424, 0.0118004269898, -0.00568970153108, 0.000466146273538, 0.000696349365171], [0.000413597590523, -0.00648669200018, 0.00489709898829, -0.00442350935191, 0.00281721493229, -0.00804888550192, 0.00295056332834, 0.000438552029664, 0.00302627054043, -0.00568970153108, 0.0159959699959, -0.00439272867516, 0.000819486682303], [-0.000101352488855, 0.0042024878785, -0.00438863551244, 0.00444163847715, -0.00316876242869, 0.00555271096528, -0.00232180766761, -0.00170264428016, -0.001618221635, 0.000466146273538, -0.00439272867516, 0.016662331298, -0.00417807558551], [0.00118866446428, -0.00334678124636, 0.00305576412939, -0.00455949408934, 0.00186467531603, -0.00487474398687, 0.00144242309034, -0.00190612627193, 0.00210066162981, 0.000696349365171, 0.000819486682303, -0.00417807558551, 0.0173911973834]]
    },
    "melbands": {
        "dmean": [0.00244288728572, 0.00249116518535, 0.00140384119004, 0.000437230657553, 0.000282259454252, 0.000221996277105, 0.00023931695614, 0.000199831163627, 0.000119477634144, 0.000204363750527, 0.000355855678208, 0.000244347116677, 0.000164305180078, 0.000134018569952, 0.000116031282232, 5.01723370689e-05, 6.59840443404e-05, 4.90694437758e-05, 2.49205422733e-05, 2.84210727841e-05, 1.10825194497e-05, 6.16876059212e-06, 4.45971909357e-06, 4.00378121412e-06, 4.16855573349e-06, 4.10042775911e-06, 4.41881729785e-06, 3.43655324286e-06, 2.94232654596e-06, 2.0106294869e-06, 1.37854988225e-06, 1.03619493075e-06, 9.49983359533e-07, 1.32322418267e-06, 1.54398469476e-06, 2.51015171671e-06, 2.09634663406e-06, 1.20225308819e-06, 4.89039393869e-07, 3.31633316364e-07],
        "dmean2": [0.00378670427017, 0.00425566872582, 0.0025132575538, 0.000738028844353, 0.00045859083184, 0.000349537731381, 0.000385616236599, 0.000311770476401, 0.000185106153367, 0.000324291933794, 0.000544947572052, 0.000365040119505, 0.000239443790633, 0.000194000589545, 0.000176425615791, 7.66355442465e-05, 0.000100851320894, 7.66277298681e-05, 3.87000764022e-05, 4.43868266302e-05, 1.66849276866e-05, 1.00882598417e-05, 6.86075054546e-06, 6.3084089561e-06, 6.79292179484e-06, 6.57749205857e-06, 7.0217092798e-06, 5.26762914888e-06, 4.35304673374e-06, 3.27515067511e-06, 2.08389133149e-06, 1.5328326981e-06, 1.42125509228e-06, 1.93250866687e-06, 2.46831928052e-06, 3.92209494748e-06, 3.12688234771e-06, 1.75838079031e-06, 7.2655996064e-07, 5.06736000716e-07],
        "dvar": [2.05414689844e-05, 1.60732761287e-05, 1.09063594209e-05, 5.42299403605e-07, 2.05617880056e-07, 1.94571200041e-07, 1.29052253328e-07, 1.00741964104e-07, 1.02715134176e-07, 2.76008080391e-07, 4.04661193443e-07, 1.78446086352e-07, 1.1193296956e-07, 6.12542976342e-08, 6.91757691129e-08, 1.12185301049e-08, 2.06948271853e-08, 1.69191380905e-08, 7.32447746898e-09, 1.01775627925e-08, 1.49090451096e-09, 2.38469105573e-10, 1.23457813417e-10, 5.68319037664e-11, 4.55562462753e-11, 3.54927510993e-11, 5.70055357085e-11, 4.2877961598e-11, 7.1938052737e-11, 2.72505542437e-11, 7.92702622293e-12, 4.4099784588e-12, 5.85305198406e-12, 8.45133078103e-12, 1.30340165744e-11, 3.76977338234e-11, 2.28407570635e-11, 7.86554762294e-12, 1.13824130243e-12, 6.6362605515e-13],
        "dvar2": [4.13159395976e-05, 4.53517895949e-05, 3.06071233354e-05, 1.51179528984e-06, 5.34917262485e-07, 4.52514797189e-07, 3.14953098268e-07, 2.31963909414e-07, 2.00924858973e-07, 7.39381789572e-07, 1.03944671537e-06, 3.65808546121e-07, 2.18525627815e-07, 1.18509895231e-07, 1.75280504777e-07, 2.2007283107e-08, 4.1491965419e-08, 3.50704212337e-08, 1.70291087898e-08, 2.27838476974e-08, 3.35487682079e-09, 5.992317198e-10, 2.14850068292e-10, 1.19001294929e-10, 1.1946676981e-10, 8.49876627407e-11, 1.39524530818e-10, 8.03134780902e-11, 1.43648315465e-10, 5.41066670634e-11, 1.49307441411e-11, 8.35358605206e-12, 1.25130192666e-11, 1.69352223217e-11, 3.12253278789e-11, 8.68165470069e-11, 4.9252098927e-11, 1.65342531333e-11, 2.36130993231e-12, 1.4502507268e-12],
        "max": [0.0530407056212, 0.0302831791341, 0.0264938604087, 0.00848911050707, 0.00487506901845, 0.00877780746669, 0.00681584561244, 0.00458871107548, 0.00684042507783, 0.00855920370668, 0.0100570069626, 0.00660713063553, 0.00641785189509, 0.00466979900375, 0.00417641829699, 0.00208862498403, 0.00222211284563, 0.00321312691085, 0.00176480493974, 0.0020804204978, 0.000864649831783, 0.000330083013978, 0.000321688421536, 0.000220323403482, 9.96643793769e-05, 0.000103795457107, 0.000116771043395, 0.000143745972309, 0.000160429175594, 8.39202912175e-05, 5.27221345692e-05, 3.63484505215e-05, 4.89305493829e-05, 5.80481646466e-05, 6.38580822852e-05, 0.000124468351714, 8.74106626725e-05, 4.86083226861e-05, 1.45093990795e-05, 1.09926622827e-05],
        "mean": [0.00377741316333, 0.00400763051584, 0.00156769028399, 0.000768259516917, 0.000520599947777, 0.000389739783714, 0.000417585775722, 0.000386311032344, 0.000194500069483, 0.000471693143481, 0.00095129199326, 0.000678711163346, 0.000551815785002, 0.000329236354446, 0.000230049932725, 0.000105021827039, 0.00013447488891, 8.34855964058e-05, 3.86251886084e-05, 4.63522374048e-05, 1.90341761481e-05, 1.21001257867e-05, 9.42368478718e-06, 8.37223160488e-06, 8.0145064203e-06, 8.12340022094e-06, 8.46264629217e-06, 6.86199700795e-06, 5.5099153542e-06, 3.76641537514e-06, 2.60156343757e-06, 1.89220565971e-06, 1.63859476743e-06, 2.30499267673e-06, 2.90651360046e-06, 4.4143107516e-06, 3.86680267184e-06, 2.03263061849e-06, 8.42637234655e-07, 5.17420744472e-07],
        "median": [0.0019052537391, 0.00260241306387, 0.000828336691484, 0.00048933835933, 0.000256981758866, 0.000241650370299, 0.000249411270488, 0.000193911531824, 8.81334854057e-05, 7.26503349142e-05, 0.000198420864763, 0.000153861867147, 0.000117398478324, 0.000113878770208, 5.68918439967e-05, 2.37183267018e-05, 3.13667660521e-05, 2.65583330474e-05, 1.12209627332e-05, 1.15056800496e-05, 7.4404733823e-06, 5.61487377126e-06, 3.65011510439e-06, 3.51675453203e-06, 4.85199007016e-06, 5.07893355461e-06, 3.90045715903e-06, 3.36438802151e-06, 2.17309889194e-06, 1.5225888319e-06, 1.19969934076e-06, 7.87820738424e-07, 5.93299603224e-07, 8.53157132497e-07, 1.19514493235e-06, 1.71781778135e-06, 1.54857025336e-06, 6.5720882958e-07, 3.12168424443e-07, 2.01531250354e-07],
        "min": [3.52910774382e-06, 1.29709724206e-05, 2.13876992348e-05, 1.57220310939e-05, 1.04594300865e-05, 6.56215206618e-06, 6.57414420857e-06, 6.39027985017e-06, 3.45339367414e-06, 7.78035314397e-07, 1.77967967829e-06, 6.22965671937e-06, 1.5874966266e-06, 4.76494733448e-06, 1.64135281011e-06, 1.52984330271e-06, 1.2246453025e-06, 1.86596685126e-06, 4.6807065246e-07, 5.26626763531e-07, 3.75686227017e-07, 5.82006293826e-07, 3.73493520556e-07, 3.76799960122e-07, 1.6198423225e-07, 2.17429004579e-07, 2.86791390636e-07, 2.81669343849e-07, 1.17878762751e-07, 4.86251181542e-08, 5.20005301041e-08, 3.33012266651e-08, 3.2514936521e-08, 8.3542968099e-09, 3.71243267239e-08, 2.38842954303e-08, 6.85338452655e-09, 1.23360051063e-08, 6.08713879302e-09, 3.67338465201e-10],
