{
"highlevel": {
    "danceability": {
        "all": {
            "danceable": 1.74774569928e-07,
            "not_danceable": 0.999999821186
        },
        "probability": 0.999999821186,
        "value": "not_danceable"
    },
    "gender": {
        "all": {
            "female": 0.232197493315,
            "male": 0.767802476883
        },
        "probability": 0.767802476883,
        "value": "male"
    },
    "genre_dortmund": {
        "all": {
            "alternative": 0.092012450099,
            "blues": 0.0333503186703,
            "electronic": 0.0112644536421,
            "folkcountry": 0.0296867471188,
            "funksoulrnb": 0.00845833588392,
            "jazz": 0.0038263075985,
            "pop": 0.0319513492286,
            "raphiphop": 0.00284355948679,
            "rock": 0.786606490612
        },
        "probability": 0.786606490612,
        "value": "rock"
    },
    "genre_electronic": {
        "all": {
            "ambient": 0.203563526273,
            "dnb": 0.3643450737,
            "house": 0.0355545431376,
            "techno": 0.0177173502743,
            "trance": 0.378819525242
        },
        "probability": 0.378819525242,
        "value": "trance"
    },
    "genre_rosamerica": {
        "all": {
            "cla": 0.00136149500031,
            "dan": 0.000581991975196,
            "hip": 0.000146687685628,
            "jaz": 7.45006109355e-05,
            "pop": 0.00022417207947,
            "rhy": 0.000279250758467,
            "roc": 0.997302174568,
            "spe": 2.97235874314e-05
        },
        "probability": 0.997302174568,
        "value": "roc"
    },
    "genre_tzanetakis": {
        "all": {
            "blu": 0.0626613423228,
            "cla": 0.0348169617355,
            "cou": 0.104475811124,
            "dis": 0.0784321576357,
            "hip": 0.15692435205,
            "jaz": 0.313974827528,
            "met": 0.0448166541755,
            "pop": 0.0627359300852,
            "reg": 0.0627360641956,
            "roc": 0.0784258767962
        },
        "probability": 0.313974827528,
        "value": "jaz"
    },
    "ismir04_rhythm": {
        "all": {
            "ChaChaCha": 0.0065680090338,
            "Jive": 0.905882716179,
            "Quickstep": 0.00217133690603,
            "Rumba-American": 0.00054984469898,
            "Rumba-International": 0.00164640345611,
            "Rumba-Misc": 0.00242282054387,
            "Samba": 0.0210758820176,
            "Tango": 0.000742458796594,
            "VienneseWaltz": 0.0583668872714,
            "Waltz": 0.000573671655729
        },
        "probability": 0.905882716179,
        "value": "Jive"
    },
    "mood_acoustic": {
        "all": {
            "acoustic": 0.00285200239159,
            "not_acoustic": 0.997147977352
        },
        "probability": 0.997147977352,
        "value": "not_acoustic"
    },
    "mood_aggressive": {
        "all": {
            "aggressive": 0.995764672756,
            "not_aggressive": 0.00423530023545
        },
        "probability": 0.995764672756,
        "value": "aggressive"
    },
    "mood_electronic": {
        "all": {
            "electronic": 0.0415651239455,
            "not_electronic": 0.95843487978
        },
        "probability": 0.95843487978,
        "value": "not_electronic"
    },
    "mood_happy": {
        "all": {
            "happy": 0.603706300259,
            "not_happy": 0.396293669939
        },
        "probability": 0.603706300259,
        "value": "happy"
    },
    "mood_party": {
        "all": {
            "not_party": 0.439695000648,
            "party": 0.560304999352
        },
        "probability": 0.560304999352,
        "value": "party"
    },
    "mood_relaxed": {
        "all": {
            "not_relaxed": 0.993482589722,
            "relaxed": 0.00651739304885
        },
        "probability": 0.993482589722,
        "value": "not_relaxed"
    },
    "mood_sad": {
        "all": {
            "not_sad": 0.99052888155,
            "sad": 0.00947112776339
        },
        "probability": 0.99052888155,
        "value": "not_sad"
    },
    "moods_mirex": {
        "all": {
            "Cluster1": 0.203721717,
            "Cluster2": 0.139719307423,
            "Cluster3": 0.0491140261292,
            "Cluster4": 0.0529543980956,
            "Cluster5": 0.554490566254
        },
        "probability": 0.554490566254,
        "value": "Cluster5"
    },
    "timbre": {
        "all": {
            "bright": 0.104214794934,
            "dark": 0.895785212517
        },
        "probability": 0.895785212517,
        "value": "dark"
    },
    "tonal_atonal": {
        "all": {
            "atonal": 0.039702963084,
            "tonal": 0.960297048092
        },
        "probability": 0.960297048092,
        "value": "tonal"
    },
    "voice_instrumental": {
        "all": {
            "instrumental": 0.000136630289489,
            "voice": 0.999863386154
        },
        "probability": 0.999863386154,
        "value": "voice"
    }
},
"lowlevel": {
    "average_loudness": 0.985975146294,
    "barkbands_crest": {
        "dmean": 2.59165334702,
        "dmean2": 4.27780389786,
        "dvar": 5.42108488083,
        "dvar2": 13.7636642456,
        "max": 21.2150039673,
        "mean": 7.56380605698,
        "median": 6.89911079407,
        "min": 2.61057090759,
        "var": 10.2836694717
    },
    "barkbands_flatness_db": {
        "dmean": 0.0182541124523,
        "dmean2": 0.0295448489487,
        "dvar": 0.000290359079372,
        "dvar2": 0.000683778140228,
        "max": 0.285573959351,
        "mean": 0.106938444078,
        "median": 0.093793399632,
        "min": 0.0426969602704,
        "var": 0.0017890323652
    },
    "barkbands_kurtosis": {
        "dmean": 1.26136362553,
        "dmean2": 2.10708832741,
        "dvar": 4.02509069443,
        "dvar2": 10.4599885941,
        "max": 33.5899085999,
        "mean": 0.683779537678,
        "median": -0.316998958588,
        "min": -1.83305418491,
        "var": 9.28414440155
    },
    "barkbands_skewness": {
        "dmean": 0.450198054314,
        "dmean2": 0.739452719688,
        "dvar": 0.199388608336,
        "dvar2": 0.510099232197,
        "max": 5.04768466949,
        "mean": 0.949992060661,
        "median": 0.746052205563,
        "min": -1.00842785835,
        "var": 0.641179323196
    },
    "barkbands_spread": {
        "dmean": 6.49570894241,
        "dmean2": 10.3711490631,
        "dvar": 47.5480003357,
        "dvar2": 101.165565491,
        "max": 99.1061859131,
        "mean": 34.5552787781,
        "median": 33.1455230713,
        "min": 4.86133718491,
        "var": 189.505508423
    },
    "dissonance": {
        "dmean": 0.0118289189413,
        "dmean2": 0.0200223587453,
        "dvar": 0.000149287108798,
        "dvar2": 0.000403758895118,
        "max": 0.500000059605,
        "mean": 0.481936812401,
        "median": 0.486032664776,
        "min": 0.27893024683,
        "var": 0.000288051029202
    },
    "dynamic_complexity": 1.2440353632,
    "erbbands_crest": {
        "dmean": 2.24715924263,
        "dmean2": 3.71474504471,
        "dvar": 4.63542222977,
        "dvar2": 11.4911031723,
        "max": 24.7498855591,
        "mean": 7.41256999969,
        "median": 6.45044231415,
        "min": 2.46026873589,
        "var": 13.4584875107
    },
    "erbbands_flatness_db": {
        "dmean": 0.0145361535251,
        "dmean2": 0.0219138544053,
        "dvar": 0.000208109762752,
        "dvar2": 0.000432594300946,
        "max": 0.285931706429,
        "mean": 0.139962643385,
        "median": 0.133500233293,
        "min": 0.0594222173095,
        "var": 0.00127882778179
    },
    "erbbands_kurtosis": {
        "dmean": 0.527761936188,
        "dmean2": 0.867575109005,
        "dvar": 0.481076091528,
        "dvar2": 1.25632488728,
        "max": 10.3730764389,
        "mean": -0.193614542484,
        "median": -0.317660808563,
        "min": -1.70065951347,
        "var": 0.911524295807
    },
    "erbbands_skewness": {
        "dmean": 0.295277625322,
        "dmean2": 0.455374658108,
        "dvar": 0.0677352100611,
        "dvar2": 0.162817701697,
        "max": 3.19384217262,
        "mean": -0.0901381224394,
        "median": -0.104727782309,
        "min": -1.67642223835,
        "var": 0.266453951597
    },
    "erbbands_spread": {
        "dmean": 7.35218143463,
        "dmean2": 11.7823896408,
        "dvar": 49.9775505066,
        "dvar2": 116.168075562,
        "max": 100.174873352,
        "mean": 41.8205375671,
        "median": 40.5007476807,
        "min": 11.1788444519,
        "var": 201.453994751
    },
    "hfc": {
        "dmean": 7.55834293365,
        "dmean2": 11.2738857269,
        "dvar": 68.5679855347,
        "dvar2": 146.415298462,
        "max": 92.5124053955,
        "mean": 35.8031959534,
        "median": 35.2913780212,
        "min": 0.789539277554,
        "var": 285.467376709
    },
    "melbands_crest": {
        "dmean": 3.62423729897,
        "dmean2": 6.04931211472,
        "dvar": 10.6284341812,
        "dvar2": 26.4988136292,
        "max": 29.9374294281,
        "mean": 11.7317934036,
        "median": 10.5336503983,
        "min": 4.3375878334,
        "var": 22.2775478363
    },
    "melbands_flatness_db": {
        "dmean": 0.0254667084664,
        "dmean2": 0.0404551699758,
        "dvar": 0.000602741842158,
        "dvar2": 0.00149019586388,
        "max": 0.36359500885,
        "mean": 0.142679274082,
        "median": 0.128218814731,
        "min": 0.0333972647786,
        "var": 0.00294098677114
    },
    "melbands_kurtosis": {
        "dmean": 4.405418396,
        "dmean2": 7.40880584717,
        "dvar": 37.5765724182,
        "dvar2": 99.9160003662,
        "max": 62.2617111206,
        "mean": 7.1114616394,
        "median": 3.82548952103,
        "min": -1.36324799061,
        "var": 73.6640777588
    },
    "melbands_skewness": {
        "dmean": 0.675960600376,
        "dmean2": 1.11561059952,
        "dvar": 0.502793610096,
        "dvar2": 1.31493425369,
        "max": 7.34633684158,
        "mean": 2.2022023201,
        "median": 1.96435177326,
        "min": 0.152901887894,
        "var": 1.35263824463
    },
    "melbands_spread": {
        "dmean": 10.0714473724,
        "dmean2": 16.6175689697,
        "dvar": 128.867126465,
        "dvar2": 320.091217041,
        "max": 136.476852417,
        "mean": 36.8106384277,
        "median": 37.297492981,
        "min": 3.67869377136,
        "var": 304.676391602
    },
    "pitch_salience": {
        "dmean": 0.0758038386703,
        "dmean2": 0.124613970518,
        "dvar": 0.0041112867184,
        "dvar2": 0.0110016353428,
        "max": 0.807175457478,
        "mean": 0.597861945629,
        "median": 0.604446768761,
        "min": 0.258857905865,
        "var": 0.00890947505832
    },
    "silence_rate_20dB": {
        "dmean": 0,
        "dmean2": 0,
        "dvar": 0,
        "dvar2": 0,
        "max": 1,
        "mean": 1,
        "median": 1,
        "min": 1,
        "var": 0
    },
    "silence_rate_30dB": {
        "dmean": 0,
        "dmean2": 0,
        "dvar": 0,
        "dvar2": 0,
        "max": 1,
        "mean": 1,
        "median": 1,
        "min": 1,
        "var": 0
    },
    "silence_rate_60dB": {
        "dmean": 0.0123839005828,
        "dmean2": 0.0247869864106,
        "dvar": 0.0122306952253,
        "dvar2": 0.0257215723395,
        "max": 1,
        "mean": 0.0177880898118,
        "median": 0,
        "min": 0,
        "var": 0.0174718555063
    },
    "spectral_centroid": {
        "dmean": 276.1824646,
        "dmean2": 442.113250732,
        "dvar": 61628.6992188,
        "dvar2": 156297.375,
        "max": 3601.12695312,
        "mean": 1965.75622559,
        "median": 1988.15039062,
        "min": 414.080108643,
        "var": 247028.859375
    },
    "spectral_complexity": {
        "dmean": 4.85526323318,
        "dmean2": 7.33849716187,
        "dvar": 19.2182712555,
        "dvar2": 35.5438995361,
        "max": 57,
        "mean": 36.0348014832,
        "median": 39,
        "min": 0,
        "var": 127.353126526
    },
    "spectral_decrease": {
        "dmean": 2.58080246063e-09,
        "dmean2": 4.30958158049e-09,
        "dvar": 8.91847442173e-18,
        "dvar2": 2.41492038025e-17,
        "max": -1.07716710551e-10,
        "mean": -7.82951481426e-09,
        "median": -7.41179029262e-09,
        "min": -2.29678978059e-08,
        "var": 1.2038575704e-17
    },
    "spectral_energy": {
        "dmean": 0.0100394468755,
        "dmean2": 0.0166935045272,
        "dvar": 0.00013174401829,
        "dvar2": 0.000354117219104,
        "max": 0.0902922898531,
        "mean": 0.0327977947891,
        "median": 0.0311813782901,
        "min": 0.000874365505297,
        "var": 0.000188701043953
    },
    "spectral_energyband_high": {
        "dmean": 0.000580426712986,
        "dmean2": 0.000860033906065,
        "dvar": 7.6470513477e-07,
        "dvar2": 1.84987152352e-06,
        "max": 0.0120548922569,
        "mean": 0.00184693362098,
        "median": 0.00154786230996,
        "min": 1.29168174681e-05,
        "var": 1.96237397176e-06
    },
    "spectral_energyband_low": {
        "dmean": 0.00710770208389,
        "dmean2": 0.012222818099,
        "dvar": 0.000119385200378,
        "dvar2": 0.0003290293389,
        "max": 0.0655573010445,
        "mean": 0.0105879707262,
        "median": 0.007043086458,
        "min": 1.15446127893e-05,
        "var": 0.000119762247778
    },
    "spectral_energyband_middle_high": {
        "dmean": 0.00272817420773,
        "dmean2": 0.00414475239813,
        "dvar": 9.67033884081e-06,
        "dvar2": 2.07484990824e-05,
        "max": 0.0332339853048,
        "mean": 0.0106900446117,
        "median": 0.00974885933101,
        "min": 2.39668006543e-05,
        "var": 4.78852634842e-05
    },
    "spectral_energyband_middle_low": {
        "dmean": 0.00476625142619,
        "dmean2": 0.00782916136086,
        "dvar": 3.25249311572e-05,
        "dvar2": 8.27711046441e-05,
        "max": 0.049859367311,
        "mean": 0.0109080933034,
        "median": 0.00945947319269,
        "min": 6.34129391983e-05,
        "var": 4.65730918222e-05
    },
    "spectral_entropy": {
        "dmean": 0.099885225296,
        "dmean2": 0.149294942617,
        "dvar": 0.0109183778986,
        "dvar2": 0.0225930958986,
        "max": 8.59640407562,
        "mean": 7.88118028641,
        "median": 7.93399715424,
        "min": 6.55773830414,
        "var": 0.0678426548839
    },
    "spectral_flux": {
        "dmean": 0.0256331041455,
        "dmean2": 0.0396272353828,
        "dvar": 0.000632956041954,
        "dvar2": 0.00118508923333,
        "max": 0.264632642269,
        "mean": 0.109661400318,
        "median": 0.103156171739,
        "min": 0.011900507845,
        "var": 0.00130747002549
    },
    "spectral_kurtosis": {
        "dmean": 1.01087296009,
        "dmean2": 1.72711694241,
        "dvar": 1.16697084904,
        "dvar2": 3.64329338074,
        "max": 12.7010097504,
        "mean": 2.90909051895,
        "median": 2.8160982132,
        "min": -0.710506916046,
        "var": 1.70902085304
    },
    "spectral_rms": {
        "dmean": 0.000838171283249,
        "dmean2": 0.00136018660851,
        "dvar": 7.61300611885e-07,
        "dvar2": 1.91089293367e-06,
        "max": 0.00938562955707,
        "mean": 0.00551674095914,
        "median": 0.00551551068202,
        "min": 0.000923601386603,
        "var": 1.56344538027e-06
    },
    "spectral_rolloff": {
        "dmean": 763.913208008,
        "dmean2": 1264.10534668,
        "dvar": 1281759.625,
        "dvar2": 2810227,
        "max": 13522.8515625,
        "mean": 2397.99584961,
        "median": 2217.91992188,
        "min": 129.19921875,
        "var": 3027235.25
    },
    "spectral_skewness": {
        "dmean": 0.160383015871,
        "dmean2": 0.263906419277,
        "dvar": 0.0232592653483,
        "dvar2": 0.0607379227877,
        "max": 2.63193273544,
        "mean": 1.16106665134,
        "median": 1.16858661175,
        "min": 0.224596127868,
        "var": 0.0667707175016
    },
    "spectral_spread": {
        "dmean": 485389.71875,
        "dmean2": 709614.375,
        "dvar": 380576759808,
        "dvar2": 672494387200,
        "max": 15001233,
        "mean": 4447221,
        "median": 4301632,
        "min": 2277060,
        "var": 1.54804053606e+12
    },
    "spectral_strongpeak": {
        "dmean": 0.754870653152,
        "dmean2": 1.3036261797,
        "dvar": 1.10482621193,
        "dvar2": 2.67206788063,
        "max": 9.1938457489,
        "mean": 1.02554953098,
        "median": 0.382377326488,
        "min": 0.0173167455941,
        "var": 1.69223570824
    },
    "zerocrossingrate": {
        "dmean": 0.0122897969559,
        "dmean2": 0.0141715025529,
        "dvar": 0.00023092183983,
        "dvar2": 0.000245628791163,
        "max": 0.3466796875,
        "mean": 0.0858778357506,
        "median": 0.08056640625,
        "min": 0.01025390625,
        "var": 0.00161708297674
    },
    "barkbands": {
        "dmean": [7.12554756319e-05, 0.00402493728325, 0.00370030803606, 0.00157080159988, 0.00228639715351, 0.00135211751331, 0.00130362855271, 0.000490781501867, 0.000494048988912, 0.000721999851521, 0.00121612509247, 0.000358432473149, 0.00056539097568, 0.000544501235709, 0.000475331908092, 0.000379043660359, 0.000422561686719, 0.000342919287505, 0.00039510341594, 0.000328900146997, 0.000182885574759, 0.000115889371955, 0.000119436197565, 0.000131943554152, 9.30841924855e-05, 4.46048325102e-05, 5.48226175567e-08],
        "dmean2": [0.000101878751593, 0.00677365763113, 0.00667283497751, 0.00274831289425, 0.00391151383519, 0.00230914121494, 0.00216630473733, 0.000797938962933, 0.000801942194812, 0.0010813428089, 0.00190718227532, 0.000595775025431, 0.000896258919965, 0.000882070162334, 0.000750871084165, 0.000613244308624, 0.00069685728522, 0.000566952920053, 0.000642278930172, 0.000536384235602, 0.000294235040201, 0.00019150863227, 0.000190207545529, 0.000200903130462, 0.000140242351335, 6.81524034007e-05, 9.74866622983e-08],
        "dvar": [1.40295002282e-08, 3.43885440088e-05, 3.92274087062e-05, 5.26522762812e-06, 1.24310527099e-05, 2.50079438047e-06, 4.49334675068e-06, 8.91075671916e-07, 1.8640100734e-06, 1.77504023213e-06, 4.09268386647e-06, 2.67682679578e-07, 1.2147495454e-06, 1.51648578139e-06, 4.4964326662e-07, 2.2955335055e-07, 2.84075355239e-07, 1.55197113827e-07, 1.79267459544e-07, 1.36715982535e-07, 3.38143948397e-08, 8.11699720771e-08, 7.78912010446e-08, 3.85127698621e-08, 3.26947713347e-08, 9.01044661106e-09, 1.44959964984e-14],
        "dvar2": [2.50652227862e-08, 8.90369774424e-05, 0.000110095294076, 1.51547719724e-05, 3.43727006111e-05, 6.40996950096e-06, 1.17623148981e-05, 2.18510217564e-06, 4.19679008701e-06, 3.60537842425e-06, 1.0007614037e-05, 7.01602004938e-07, 2.78195625469e-06, 3.70498742086e-06, 9.97600636765e-07, 5.50996901438e-07, 7.2230875503e-07, 3.8942653191e-07, 4.69897628363e-07, 3.34411907943e-07, 8.31117432654e-08, 2.25068305326e-07, 2.0633488873e-07, 8.84854856054e-08, 7.47208304119e-08, 2.0966835379e-08, 3.9189683535e-14],
        "max": [0.000925619038753, 0.0416750013828, 0.0379308238626, 0.0307288039476, 0.0309726428241, 0.0171522442251, 0.0217519532889, 0.0149386748672, 0.031909044832, 0.0148706594482, 0.0215752609074, 0.0073826238513, 0.0161997452378, 0.0204582810402, 0.00941850617528, 0.00786524638534, 0.00832852814347, 0.00502889510244, 0.00502076232806, 0.00449025630951, 0.00203094701283, 0.00566402822733, 0.00418905867264, 0.00230277236551, 0.00240581599064, 0.00117513048463, 1.23857637391e-06],
        "mean": [8.19076813059e-05, 0.00553495017812, 0.00386071950197, 0.00197660620324, 0.00343216164038, 0.00205236696638, 0.00186490383931, 0.000670995155815, 0.000721549615264, 0.00123543478549, 0.0024855423253, 0.000577229948249, 0.000998720992357, 0.000895453442354, 0.000881575746462, 0.000771983759478, 0.000815618783236, 0.000734966015443, 0.000883108412381, 0.000792326347437, 0.000520000234246, 0.000235707542743, 0.000218304587179, 0.00028310745256, 0.000195985034225, 7.6587391959e-05, 4.36969287421e-08],
        "median": [1.905120007e-05, 0.00345062976703, 0.00192998663988, 0.00138413102832, 0.0023484621197, 0.00147540238686, 0.00113956432324, 0.0004028363619, 0.000407832907513, 0.000413808302255, 0.000677495030686, 0.000366554653738, 0.0004438260803, 0.000519552384503, 0.000564720132388, 0.000571742595639, 0.000635669566691, 0.00061777693918, 0.000760840892326, 0.000670210341923, 0.000468940794235, 0.000180218921741, 0.000154021458002, 0.000195915374206, 0.000112094043288, 2.1454439775e-05, 3.94319066288e-09],
        "min": [1.11469468322e-07, 7.41278154237e-06, 1.13339910968e-06, 4.93954701142e-07, 2.031427357e-06, 4.77845742353e-06, 6.21000026513e-06, 7.62925708386e-07, 1.30957016609e-06, 3.34293673632e-07, 9.90303078652e-07, 6.66826281304e-07, 1.07155722162e-06, 9.96052108349e-07, 1.03421257336e-06, 4.25059170084e-06, 2.23423489842e-06, 1.01964940313e-06, 2.03916260944e-06, 2.59036187344e-06, 2.1012886009e-06, 9.66185325524e-07, 5.54893127003e-08, 7.33057419211e-08, 3.38090319629e-11, 5.89708056692e-12, 6.88301195553e-12],
        "var": [2.26458194419e-08, 4.08646628784e-05, 3.07876325678e-05, 4.8876972869e-06, 1.31798278744e-05, 3.63329536412e-06, 5.28792861587e-06, 1.00322256458e-06, 2.39210316977e-06, 5.08651419295e-06, 1.23821810121e-05, 4.61074392888e-07, 2.99981684293e-06, 2.17060664909e-06, 1.01830221411e-06, 5.83256735354e-07, 6.09088090187e-07, 3.15892151548e-07, 3.50593751364e-07, 3.31623027705e-07, 9.69360698377e-08, 7.40889021245e-08, 8.47916652447e-08, 9.7012140543e-08, 7.63031167139e-08, 2.05679082654e-08, 1.26283439069e-14]
    },
    "erbbands": {
        "dmean": [0.100220933557, 1.01841402054, 3.64863467216, 4.92453718185, 6.28376865387, 8.4058637619, 11.1046924591, 10.036570549, 15.8217020035, 18.0663776398, 8.55396461487, 10.8388652802, 14.0809850693, 38.0293922424, 35.3307952881, 15.2820320129, 25.8311004639, 25.3173522949, 27.3644580841, 20.472951889, 21.3123607635, 20.1738395691, 16.5596027374, 20.8375301361, 17.2314491272, 15.5440969467, 8.42960357666, 6.27625322342, 4.21277713776, 4.2268910408, 3.2898080349, 3.03722524643, 2.05681610107, 1.12724041939, 0.690315902233, 0.269113153219, 0.0747197419405, 0.0057441489771, 0.000110576744191, 1.52150323629e-05],
        "dmean2": [0.14864552021, 1.77766633034, 6.61632823944, 8.73868656158, 10.7135066986, 14.3874254227, 18.6407966614, 17.0076904297, 26.2355823517, 29.7352313995, 13.8625841141, 17.7631149292, 21.5624332428, 57.1739730835, 55.4402542114, 24.892988205, 40.7632102966, 40.1667671204, 43.5760116577, 31.1652736664, 35.7816162109, 32.409576416, 27.1062736511, 34.2592124939, 27.4270572662, 25.12266922, 13.6688222885, 10.1135873795, 6.8933224678, 6.94957351685, 5.25857067108, 4.82232046127, 3.1256840229, 1.71817588806, 1.07287096977, 0.416092932224, 0.113630451262, 0.00933825876564, 0.000173666514456, 2.43113536271e-05],
        "dvar": [0.0268934387714, 2.22842860222, 40.6717796326, 53.608455658, 82.8576431274, 185.910919189, 210.315444946, 170.433395386, 746.187683105, 918.972351074, 214.330551147, 805.586547852, 868.682006836, 4391.70068359, 3752.24145508, 444.741973877, 2695.70483398, 2048.75146484, 3160.09936523, 1007.12451172, 798.102050781, 564.771240234, 370.90914917, 547.863891602, 394.641448975, 313.010101318, 77.851600647, 44.6686286926, 68.945640564, 168.940673828, 52.6913414001, 21.3323822021, 11.1134576797, 5.10867452621, 2.00625061989, 0.331424683332, 0.027164766565, 0.000214357685763, 6.54164011848e-08, 2.88679274929e-10],
        "dvar2": [0.0547375008464, 6.23846149445, 114.859565735, 150.297698975, 230.193893433, 507.173278809, 565.377868652, 435.225982666, 1931.29553223, 2322.62963867, 565.17376709, 1739.95007324, 1703.99047852, 9647.57714844, 9848.71777344, 1143.73815918, 6499.20068359, 4543.21142578, 7772.43164062, 2070.08935547, 1995.58557129, 1380.21118164, 921.253662109, 1346.6217041, 974.219970703, 773.945007324, 200.331130981, 104.246330261, 183.618453979, 473.512969971, 139.554763794, 51.099155426, 25.7432823181, 12.1489849091, 4.86879396439, 0.798209428787, 0.0614256635308, 0.000524923496414, 1.54575474198e-07, 6.83118561717e-10],
        "max": [1.37131655216, 10.4917831421, 36.2526626587, 73.4103851318, 89.3257064819, 127.005378723, 132.77947998, 170.101104736, 348.190673828, 273.703338623, 273.819610596, 644.620300293, 477.884674072, 874.520568848, 907.236877441, 319.274993896, 890.446533203, 718.439453125, 950.471557617, 663.235168457, 342.604949951, 352.850067139, 250.284011841, 280.424194336, 282.03112793, 196.111602783, 140.800888062, 90.7470245361, 145.775665283, 268.325927734, 113.173683167, 51.6883659363, 41.4240608215, 35.7022781372, 21.893081665, 6.54239273071, 1.82032585144, 0.192837238312, 0.00336339161731, 0.00019329933275],
        "mean": [0.131200820208, 1.35016894341, 4.02576351166, 6.34182262421, 9.00244426727, 11.3121671677, 15.9552698135, 15.5112218857, 23.0895175934, 25.2767009735, 13.3066205978, 16.998960495, 22.4496517181, 76.808883667, 76.1722412109, 28.4304523468, 47.1241264343, 47.8026313782, 47.6309318542, 43.6314201355, 45.8630905151, 43.6461029053, 37.571598053, 48.5530700684, 42.520236969, 37.3312683105, 23.5442466736, 16.8443202972, 9.09328937531, 7.33833456039, 6.20185422897, 6.34278488159, 4.25499582291, 2.32402873039, 1.29122793674, 0.477855980396, 0.118496805429, 0.007783010602, 0.00019303811132, 5.34532991878e-05],
        "median": [0.0569571554661, 0.886864840984, 2.15598535538, 4.08861637115, 5.94625997543, 7.28040456772, 10.9783420563, 11.1393241882, 15.2183437347, 13.7452001572, 8.9190454483, 9.79289245605, 12.5804729462, 27.0618305206, 24.7498607635, 19.6037597656, 21.6846351624, 30.8083229065, 30.2140827179, 26.4960651398, 37.1301498413, 35.1117973328, 31.8942642212, 43.2986526489, 35.7191925049, 31.2656364441, 21.0237541199, 14.9689502716, 7.2619228363, 5.09366369247, 4.48207044601, 4.51558017731, 2.84891700745, 1.3863735199, 0.602930009365, 0.158377453685, 0.0279810000211, 0.00149750499986, 6.9748464739e-05, 4.75904889754e-05],
        "min": [0.000269849901088, 0.00138973677531, 0.00273193279281, 0.00368450395763, 0.0127172591165, 0.00893767829984, 0.013207135722, 0.0398203730583, 0.0968666747212, 0.0397434793413, 0.0149025982246, 0.0320291668177, 0.0344793014228, 0.0338711775839, 0.050088070333, 0.044699061662, 0.0463140830398, 0.0509564913809, 0.0588474757969, 0.134561359882, 0.252077847719, 0.143836155534, 0.0556070320308, 0.131763607264, 0.0558600462973, 0.127988889813, 0.0853627920151, 0.10393319279, 0.0639431402087, 0.00882716849446, 0.00183428439777, 0.000949207460508, 0.000815767794847, 8.78442660905e-05, 1.40012898555e-05, 6.89549233357e-06, 3.95694360122e-06, 7.59340878176e-07, 1.58776549597e-06, 1.8189630282e-06],
        "var": [0.0391152761877, 2.2251303196, 30.683763504, 49.7439918518, 95.0454864502, 181.386871338, 262.648529053, 224.299301147, 798.367431641, 1195.12133789, 241.820327759, 1145.9855957, 1604.96313477, 14019.4296875, 12050.7861328, 867.49420166, 6439.87353516, 3928.83032227, 4143.89990234, 3413.47802734, 1503.30322266, 1481.0657959, 767.804382324, 1089.40136719, 915.990356445, 756.771728516, 194.222457886, 121.155334473, 79.6290054321, 132.367462158, 61.3649711609, 48.0743942261, 24.9592685699, 10.1428976059, 4.24587202072, 0.732301294804, 0.0558540374041, 0.000322342297295, 1.18008010475e-07, 7.05991987093e-10]
    },
    "gfcc": {
        "mean": [52.6434707642, 83.355178833, -131.751022339, 51.2407150269, -58.1343002319, 17.4871559143, -39.4227600098, 11.5312013626, -30.3674964905, 4.29507780075, -10.9595680237, -1.4985063076, -5.67458152771],
        "cov": [[2324.74707031, -1104.51513672, 205.91960144, -236.532073975, -182.244873047, 438.926422119, -312.803741455, 314.058288574, -255.599075317, 97.6008758545, -193.088012695, 203.152618408, -168.331771851], [-1104.51513672, 1647.54870605, -526.806762695, 320.148956299, 201.476074219, -394.272766113, 357.969818115, -350.976776123, 221.251647949, -258.153015137, 227.463821411, -284.237121582, 212.258651733], [205.91960144, -526.806762695, 468.907073975, -22.8595314026, -66.8646011353, 83.2596893311, -163.515609741, 116.746879578, -38.485786438, 125.784973145, -98.3281707764, 93.5539550781, -100.639152527], [-236.532073975, 320.148956299, -22.8595314026, 239.798706055, 60.4749488831, -65.973449707, 48.6600265503, -59.2531433105, 94.9269485474, -46.0465927124, 50.3794021606, -91.3949737549, 48.8437461853], [-182.244873047, 201.476074219, -66.8646011353, 60.4749488831, 189.63482666, -17.1262397766, 110.066261292, -37.680015564, 27.807592392, -13.7278757095, 11.6966514587, -34.1355171204, 28.9068698883], [438.926422119, -394.272766113, 83.2596893311, -65.973449707, -17.1262397766, 227.003479004, -57.4879951477, 112.380783081, -73.5680770874, 27.4068241119, -46.3767242432, 68.3755874634, -29.9206199646], [-312.803741455, 357.969818115, -163.515609741, 48.6600265503, 110.066261292, -57.4879951477, 192.292404175, -73.5138931274, 37.4812469482, -61.5368118286, 55.5135612488, -54.4329147339, 55.1097984314], [314.058288574, -350.976776123, 116.746879578, -59.2531433105, -37.680015564, 112.380783081, -73.5138931274, 152.821289062, -22.8664646149, 62.4899673462, -44.5876998901, 63.1214790344, -41.3873748779], [-255.599075317, 221.251647949, -38.485786438, 94.9269485474, 27.807592392, -73.5680770874, 37.4812469482, -22.8664646149, 115.518791199, -0.889063477516, 44.4491920471, -52.9713020325, 25.8372974396], [97.6008758545, -258.153015137, 125.784973145, -46.0465927124, -13.7278757095, 27.4068241119, -61.5368118286, 62.4899673462, -0.889063477516, 113.730239868, -23.5648841858, 48.256690979, -45.9978790283], [-193.088012695, 227.463821411, -98.3281707764, 50.3794021606, 11.6966514587, -46.3767242432, 55.5135612488, -44.5876998901, 44.4491920471, -23.5648841858, 85.7023468018, -28.7093868256, 40.3648757935], [203.152618408, -284.237121582, 93.5539550781, -91.3949737549, -34.1355171204, 68.3755874634, -54.4329147339, 63.1214790344, -52.9713020325, 48.256690979, -28.7093868256, 105.349266052, -23.5283527374], [-168.331771851, 212.258651733, -100.639152527, 48.8437461853, 28.9068698883, -29.9206199646, 55.1097984314, -41.3873748779, 25.8372974396, -45.9978790283, 40.3648757935, -23.5283527374, 83.0632553101]],
        "icov": [[0.00114519661292, -0.000527028285433, 0.00100656691939, -0.000888715439942, 0.000493872561492, -0.00143601396121, 0.0010853203712, -0.00120452884585, 0.00157125259284, -0.000567812938243, 0.0013726959005, -0.0011373097077, 0.00160790549126], [-0.000527028285433, 0.00539330299944, -0.000346545304637, 0.00052710523596, -0.00210302369669, 0.00446001393721, -0.00199588690884, 0.00247306399979, -0.00295106437989, 0.00540065811947, -0.00502183148637, 0.00421564746648, -0.00314180622809], [0.00100656691939, -0.000346545304637, 0.00644150236621, -0.00431406637654, 0.00126105197705, -0.00100117200054, 0.00183255085722, -0.00115487445146, 0.00167749426328, -0.00367486174218, 0.00511926552281, -0.00476349983364, 0.00428210804239], [-0.000888715439942, 0.00052710523596, -0.00431406637654, 0.0117003321648, -0.00333783519454, 0.000129507257952, 0.00134046259336, 0.00179011642467, -0.00655755586922, 0.00438795704395, -0.0051293829456, 0.00777726713568, -0.00487890094519], [0.000493872561492, -0.00210302369669, 0.00126105197705, -0.00333783519454, 0.0109270224348, -0.00335955130868, -0.00571612687781, 0.000361034792149, 0.00139648362529, -0.00628931401297, 0.00704671675339, -0.00240833684802, 0.000801238522399], [-0.00143601396121, 0.00446001393721, -0.00100117200054, 0.000129507257952, -0.00335955130868, 0.0138975968584, -0.00183292699512, -0.0040000625886, 0.00167062075343, 0.00607724767178, -0.00567927118391, 0.00280528026633, -0.00379787897691], [0.0010853203712, -0.00199588690884, 0.00183255085722, 0.00134046259336, -0.00571612687781, -0.00183292699512, 0.0145119018853, -0.00126542570069, 0.00114351022057, 0.00180420232937, -0.00221189344302, -0.000921494036447, 0.00125939655118], [-0.00120452884585, 0.00247306399979, -0.00115487445146, 0.00179011642467, 0.000361034792149, -0.0040000625886, -0.00126542570069, 0.0181360784918, -0.00834315642715, -0.00108647719026, 0.000814261031337, -0.00106789090205, -0.00160762108862], [0.00157125259284, -0.00295106437989, 0.00167749426328, -0.00655755586922, 0.00139648362529, 0.00167062075343, 0.00114351022057, -0.00834315642715, 0.0237912274897, -0.0082016447559, -0.00165336893406, 0.00235598813742, 0.00134243769571], [-0.000567812938243, 0.00540065811947, -0.00367486174218, 0.00438795704395, -0.00628931401297, 0.00607724767178, 0.00180420232937, -0.00108647719026, -0.0082016447559, 0.0252914596349, -0.0095718158409, 0.000465429446194, 0.0019954056479], [0.0013726959005, -0.00502183148637, 0.00511926552281, -0.0051293829456, 0.00704671675339, -0.00567927118391, -0.00221189344302, 0.000814261031337, -0.00165336893406, -0.0095718158409, 0.0298083648086, -0.00909683201462, 0.000359900965123], [-0.0011373097077, 0.00421564746648, -0.00476349983364, 0.00777726713568, -0.00240833684802, 0.00280528026633, -0.000921494036447, -0.00106789090205, 0.00235598813742, 0.000465429446194, -0.00909683201462, 0.0279399715364, -0.00963444914669], [0.00160790549126, -0.00314180622809, 0.00428210804239, -0.00487890094519, 0.000801238522399, -0.00379787897691, 0.00125939655118, -0.00160762108862, 0.00134243769571, 0.0019954056479, 0.000359900965123, -0.00963444914669, 0.0258831847459]]
    },
    "melbands": {
        "dmean": [0.00099940598011, 0.0016333743697, 0.000831994228065, 0.000524300674442, 0.000361503101885, 0.00023053798941, 0.000252501078648, 0.00017672868853, 6.76881318213e-05, 7.35075736884e-05, 7.37267182558e-05, 0.000152836291818, 0.000151275278768, 4.57352289231e-05, 5.1548518968e-05, 5.88555740251e-05, 4.88601181132e-05, 4.97045803058e-05, 3.01286363538e-05, 2.57167921518e-05, 2.90841981041e-05, 2.39947166847e-05, 2.08282926906e-05, 1.71480733115e-05, 1.86081724678e-05, 1.52523707584e-05, 1.43033212225e-05, 1.03079801193e-05, 5.86516534895e-06, 5.36087100045e-06, 3.62335981663e-06, 2.54989890891e-06, 2.59796297541e-06, 2.50651078204e-06, 2.14213355321e-06, 1.8213322619e-06, 2.08996743822e-06, 1.56814610364e-06, 1.31939020775e-06, 9.79463152362e-07],
        "dmean2": [0.00161756889429, 0.0029370021075, 0.00147509993985, 0.000908974732738, 0.000606010260526, 0.000392420508433, 0.000418270850787, 0.000288202776574, 0.000109630789666, 0.000119131436804, 0.000112573921797, 0.000231095036725, 0.000235066123423, 7.61595438235e-05, 8.43830202939e-05, 9.1563211754e-05, 7.7847726061e-05, 7.98126347945e-05, 4.69891238026e-05, 4.0217411879e-05, 4.89869198645e-05, 3.89883534808e-05, 3.46437118424e-05, 2.85936312139e-05, 3.08022863464e-05, 2.51028213825e-05, 2.34480739891e-05, 1.67060879903e-05, 9.7157962955e-06, 8.76460671861e-06, 5.8848631852e-06, 4.15128579334e-06, 4.38959114035e-06, 4.15428303313e-06, 3.53017344423e-06, 2.87939110422e-06, 3.37749042956e-06, 2.44234024649e-06, 2.06783238355e-06, 1.51035783347e-06],
        "dvar": [2.35296579376e-06, 7.73930878495e-06, 1.31722492824e-06, 7.31141767574e-07, 2.3370030533e-07, 8.50967936117e-08, 1.75242760747e-07, 8.98188972087e-08, 1.1748182871e-08, 4.61663915985e-08, 2.4363563611e-08, 7.09695768819e-08, 6.10617334473e-08, 7.06706959619e-09, 1.03736814694e-08, 1.17074110406e-08, 8.68982130697e-09, 1.39688713929e-08, 1.81932002796e-09, 1.54122048457e-09, 1.63632918326e-09, 9.96749349724e-10, 7.40638772534e-10, 4.44606795824e-10, 4.63577565224e-10, 3.36775385357e-10, 2.69895467087e-10, 1.39125516663e-10, 4.06195806157e-11, 3.09269901355e-11, 1.59011866174e-11, 1.61020415751e-11, 5.91680454631e-11, 5.08519060194e-11, 2.44006915368e-11, 9.23879722725e-12, 9.93150787304e-12, 5.7757587775e-12, 5.08252728099e-12, 4.3029421172e-12],
        "dvar2": [5.5573023019e-06, 2.19200574065e-05, 3.70829752683e-06, 2.01783973353e-06, 6.36487584416e-07, 2.1816391893e-07, 4.52353276614e-07, 2.24888651701e-07, 3.11323020696e-08, 1.00839010031e-07, 4.954045707e-08, 1.52977335688e-07, 1.51372219648e-07, 1.951039863e-08, 2.4803959775e-08, 2.40387176831e-08, 1.95311731233e-08, 3.50668649673e-08, 3.89748144869e-09, 3.22862336866e-09, 4.06578370971e-09, 2.51455389844e-09, 1.69709823972e-09, 1.16721399213e-09, 1.13979115035e-09, 8.59153914679e-10, 6.48156639471e-10, 3.47264050848e-10, 1.05997322031e-10, 8.02501537445e-11, 4.10805452156e-11, 4.18219139875e-11, 1.66862412776e-10, 1.40910380586e-10, 6.55652754311e-11, 2.33919949383e-11, 2.50349047048e-11, 1.37507661507e-11, 1.20268925027e-11, 1.05519230506e-11],
        "max": [0.0119730271399, 0.0166162084788, 0.0126285301521, 0.00810069963336, 0.00546735618263, 0.00369828473777, 0.00507983705029, 0.00327855558135, 0.00188482517842, 0.00504557369277, 0.0023521175608, 0.00336894649081, 0.00280637573451, 0.00105986976996, 0.00180209742393, 0.00160755962133, 0.0014658709988, 0.00212881411426, 0.000613647513092, 0.0007547129062, 0.000465533405077, 0.000404168560635, 0.000587175425608, 0.000266278133495, 0.000245234172326, 0.000296747399261, 0.000201702685445, 0.000166621131939, 0.000108328400529, 6.10809220234e-05, 4.57131900475e-05, 6.10297101957e-05, 0.000149934363435, 0.000143447279697, 7.8215249232e-05, 3.83014485124e-05, 3.4109223634e-05, 2.78064289887e-05, 3.13148593705e-05, 3.02052831103e-05],
        "mean": [0.00137469463516, 0.00207839277573, 0.00118031236343, 0.000740718678571, 0.000550082942937, 0.000356130418368, 0.00037069915561, 0.00024791515898, 0.000100730998383, 0.000108109525172, 0.000107541665784, 0.00029559477116, 0.000321990868542, 7.48252568883e-05, 8.25113747851e-05, 0.000105545790575, 8.48727213452e-05, 7.75584703661e-05, 5.73930847168e-05, 5.38186941412e-05, 5.55745391466e-05, 4.62000061816e-05, 3.7977250031e-05, 3.43702376995e-05, 4.01106080972e-05, 3.21666993841e-05, 3.14562530548e-05, 2.24250597967e-05, 1.44443338286e-05, 1.30661910589e-05, 8.3103623183e-06, 4.94592268296e-06, 4.57917212771e-06, 3.904969617e-06, 3.56314444616e-06, 3.51485641659e-06, 4.02226578444e-06, 3.01731756736e-06, 2.50397306445e-06, 1.80096685654e-06],
        "median": [0.000770326820202, 0.00127581786364, 0.000883226224687, 0.000501710106619, 0.000401711760787, 0.000259684718912, 0.000238976645051, 0.00013680124539, 6.83981197653e-05, 5.92408869124e-05, 5.42659909115e-05, 9.5500574389e-05, 9.45934443735e-05, 3.98206611862e-05, 4.65683915536e-05, 4.98553890793e-05, 4.96130960528e-05, 4.42240816483e-05, 3.64937259292e-05, 3.57178105332e-05, 4.3044990889e-05, 3.45180633303e-05, 3.02030803141e-05, 2.74160902336e-05, 3.49382498825e-05, 2.68496332865e-05, 2.5637960789e-05, 1.82930943993e-05, 1.29521231429e-05, 1.15294060379e-05, 7.01912631484e-06, 3.78632034881e-06, 3.24517554873e-06, 2.50165453508e-06, 2.42882106249e-06, 2.44919874604e-06, 2.73889986602e-06, 1.99751798391e-06, 1.56288228936e-06, 9.63273009802e-07],
        "min": [2.35922811953e-06, 1.63462334513e-06, 6.30633508081e-07, 5.52076414806e-07, 3.68715859622e-07, 9.14387044304e-07, 1.52211623572e-06, 3.474639243e-07, 1.00348749754e-07, 1.90139900269e-07, 1.31365311518e-07, 9.20765330648e-08, 1.20865550457e-07, 6.38292974031e-08, 1.46849771454e-07, 6.46666507009e-08, 1.05002037287e-07, 8.42988043814e-08, 8.38877483034e-08, 1.71556706619e-07, 3.4419352346e-07, 1.17915305964e-07, 3.91090999585e-08, 5.93970383989e-08, 1.18583372455e-07, 4.54579947018e-08, 4.79430291023e-08, 9.26829955006e-08, 5.09040347652e-08, 3.79968092545e-08, 5.7152639954e-08, 2.98504545526e-08, 5.77961811743e-09, 2.9774307464e-09, 6.18772047489e-11, 1.03601016654e-11, 4.18920419187e-11, 2.72134363655e-11, 8.06546344469e-13, 2.01456337506e-13],
