{
"highlevel": {
    "danceability": {
        "all": {
            "danceable": 0.992515802383,
            "not_danceable": 0.00748421205208
        },
        "probability": 0.992515802383,
        "value": "danceable"
    },
    "gender": {
        "all": {
            "female": 0.160450309515,
            "male": 0.839549660683
        },
        "probability": 0.839549660683,
        "value": "male"
    },
    "genre_dortmund": {
        "all": {
            "alternative": 0.0191812235862,
            "blues": 0.294404149055,
            "electronic": 0.0666451603174,
            "folkcountry": 0.0557766705751,
            "funksoulrnb": 0.0954479724169,
            "jazz": 0.313819646835,
            "pop": 0.0352240167558,
            "raphiphop": 0.065311588347,
            "rock": 0.0541895925999
        },
        "probability": 0.313819646835,
        "value": "jazz"
    },
    "genre_electronic": {
        "all": {
            "ambient": 0.119098566473,
            "dnb": 0.200801253319,
            "house": 0.619649648666,
            "techno": 0.0107866590843,
            "trance": 0.0496638640761
        },
        "probability": 0.619649648666,
        "value": "house"
    },
    "genre_rosamerica": {
        "all": {
            "cla": 0.0102163599804,
            "dan": 0.0455296486616,
            "hip": 0.144839346409,
            "jaz": 0.0777471065521,
            "pop": 0.170535609126,
            "rhy": 0.492545992136,
            "roc": 0.0520145148039,
            "spe": 0.00657143536955
        },
        "probability": 0.492545992136,
        "value": "rhy"
    },
    "genre_tzanetakis": {
        "all": {
            "blu": 0.0626613423228,
            "cla": 0.0348169617355,
            "cou": 0.104475811124,
            "dis": 0.0784321576357,
            "hip": 0.15692435205,
            "jaz": 0.313974827528,
            "met": 0.0448166541755,
            "pop": 0.0627359300852,
            "reg": 0.0627360641956,
            "roc": 0.0784258767962
        },
        "probability": 0.313974827528,
        "value": "jaz"
    },
    "ismir04_rhythm": {
        "all": {
            "ChaChaCha": 0.169504016638,
            "Jive": 0.0269638840109,
            "Quickstep": 0.425819456577,
            "Rumba-American": 0.0111438902095,
            "Rumba-International": 0.103505939245,
            "Rumba-Misc": 0.00974244158715,
            "Samba": 0.195795163512,
            "Tango": 0.0162274055183,
            "VienneseWaltz": 0.0324268937111,
            "Waltz": 0.00887090992182
        },
        "probability": 0.425819456577,
        "value": "Quickstep"
    },
    "mood_acoustic": {
        "all": {
            "acoustic": 0.107749603689,
            "not_acoustic": 0.892250418663
        },
        "probability": 0.892250418663,
        "value": "not_acoustic"
    },
    "mood_aggressive": {
        "all": {
            "aggressive": 0.227996885777,
            "not_aggressive": 0.772003114223
        },
        "probability": 0.772003114223,
        "value": "not_aggressive"
    },
    "mood_electronic": {
        "all": {
            "electronic": 0.741260170937,
            "not_electronic": 0.258739799261
        },
        "probability": 0.741260170937,
        "value": "electronic"
    },
    "mood_happy": {
        "all": {
            "happy": 0.807612001896,
            "not_happy": 0.192388013005
        },
        "probability": 0.807612001896,
        "value": "happy"
    },
    "mood_party": {
        "all": {
            "not_party": 0.474146485329,
            "party": 0.525853514671
        },
        "probability": 0.525853514671,
        "value": "party"
    },
    "mood_relaxed": {
        "all": {
            "not_relaxed": 0.275655120611,
            "relaxed": 0.724344849586
        },
        "probability": 0.724344849586,
        "value": "relaxed"
    },
    "mood_sad": {
        "all": {
            "not_sad": 0.83365213871,
            "sad": 0.166347831488
        },
        "probability": 0.83365213871,
        "value": "not_sad"
    },
    "moods_mirex": {
        "all": {
            "Cluster1": 0.366359859705,
            "Cluster2": 0.356566101313,
            "Cluster3": 0.0974645018578,
            "Cluster4": 0.105583019555,
            "Cluster5": 0.0740265324712
        },
        "probability": 0.366359859705,
        "value": "Cluster1"
    },
    "timbre": {
        "all": {
            "bright": 0.999999940395,
            "dark": 8.90867326575e-08
        },
        "probability": 0.999999940395,
        "value": "bright"
    },
    "tonal_atonal": {
        "all": {
            "atonal": 0.00478851376101,
            "tonal": 0.995211482048
        },
        "probability": 0.995211482048,
        "value": "tonal"
    },
    "voice_instrumental": {
        "all": {
            "instrumental": 0.537822842598,
            "voice": 0.462177157402
        },
        "probability": 0.537822842598,
        "value": "instrumental"
    }
},
"lowlevel": {
    "average_loudness": 0.976186096668,
    "barkbands_crest": {
        "dmean": 2.59681868553,
        "dmean2": 4.19825649261,
        "dvar": 7.0556306839,
        "dvar2": 17.1714057922,
        "max": 25.6490249634,
        "mean": 11.4112291336,
        "median": 10.5382919312,
        "min": 2.78204154968,
        "var": 23.6734104156
    },
    "barkbands_flatness_db": {
        "dmean": 0.0272634904832,
        "dmean2": 0.0420718491077,
        "dvar": 0.000731590087526,
        "dvar2": 0.00154086586554,
        "max": 0.353440463543,
        "mean": 0.162934780121,
        "median": 0.156331315637,
        "min": 0.0470365099609,
        "var": 0.00255026994273
    },
    "barkbands_kurtosis": {
        "dmean": 3.66798496246,
        "dmean2": 5.65470647812,
        "dvar": 43.9369544983,
        "dvar2": 96.3865890503,
        "max": 88.7797775269,
        "mean": 5.17076826096,
        "median": 1.40636587143,
        "min": -1.8391726017,
        "var": 101.159980774
    },
    "barkbands_skewness": {
        "dmean": 0.668528020382,
        "dmean2": 1.02095222473,
        "dvar": 0.567718148232,
        "dvar2": 1.22440290451,
        "max": 8.7429857254,
        "mean": 1.71025943756,
        "median": 1.44022965431,
        "min": -2.01218724251,
        "var": 2.0385427475
    },
    "barkbands_spread": {
        "dmean": 10.2405519485,
        "dmean2": 16.4045658112,
        "dvar": 140.079330444,
        "dvar2": 341.168457031,
        "max": 94.7241439819,
        "mean": 27.6406154633,
        "median": 24.4188327789,
        "min": 2.2322332859,
        "var": 296.255065918
    },
    "dissonance": {
        "dmean": 0.0186127014458,
        "dmean2": 0.03058523871,
        "dvar": 0.00028235281934,
        "dvar2": 0.000747943355236,
        "max": 0.499965429306,
        "mean": 0.462618857622,
        "median": 0.467348128557,
        "min": 0.335298746824,
        "var": 0.000583005312365
    },
    "dynamic_complexity": 1.98970580101,
    "erbbands_crest": {
        "dmean": 2.94306182861,
        "dmean2": 4.76677799225,
        "dvar": 7.24092674255,
        "dvar2": 19.2811641693,
        "max": 25.989315033,
        "mean": 9.39002037048,
        "median": 8.61576652527,
        "min": 2.92253828049,
        "var": 14.5855827332
    },
    "erbbands_flatness_db": {
        "dmean": 0.0231308732182,
        "dmean2": 0.0340197607875,
        "dvar": 0.000452965206932,
        "dvar2": 0.000935852178372,
        "max": 0.259865045547,
        "mean": 0.163727283478,
        "median": 0.164086848497,
        "min": 0.0769152343273,
        "var": 0.00113933405373
    },
    "erbbands_kurtosis": {
        "dmean": 0.9418156147,
        "dmean2": 1.51822543144,
        "dvar": 1.2351000309,
        "dvar2": 2.72833037376,
        "max": 17.6837654114,
        "mean": 0.0558724626899,
        "median": -0.349627256393,
        "min": -1.83306992054,
        "var": 2.65847015381
    },
    "erbbands_skewness": {
        "dmean": 0.452906042337,
        "dmean2": 0.676015913486,
        "dvar": 0.170610651374,
        "dvar2": 0.388757348061,
        "max": 3.72032165527,
        "mean": 0.132391750813,
        "median": 0.176398470998,
        "min": -2.46866989136,
        "var": 0.721999406815
    },
    "erbbands_spread": {
        "dmean": 14.7712059021,
        "dmean2": 22.9897880554,
        "dvar": 262.968933105,
        "dvar2": 614.480224609,
        "max": 146.732406616,
        "mean": 48.3808670044,
        "median": 43.313949585,
        "min": 10.9039754868,
        "var": 523.803222656
    },
    "hfc": {
        "dmean": 15.4876117706,
        "dmean2": 25.8638114929,
        "dvar": 461.33795166,
        "dvar2": 1211.93469238,
        "max": 140.537368774,
        "mean": 24.4061222076,
        "median": 17.0416049957,
        "min": 0.598655700684,
        "var": 509.428253174
    },
    "melbands_crest": {
        "dmean": 3.40721869469,
        "dmean2": 5.44575357437,
        "dvar": 12.0869016647,
        "dvar2": 29.6834812164,
        "max": 35.1930541992,
        "mean": 16.8261413574,
        "median": 16.80311203,
        "min": 3.05591440201,
        "var": 32.695022583
    },
    "melbands_flatness_db": {
        "dmean": 0.0327324308455,
        "dmean2": 0.050287052989,
        "dvar": 0.00130784907378,
        "dvar2": 0.00288312486373,
        "max": 0.430784195662,
        "mean": 0.198588803411,
        "median": 0.195505514741,
        "min": 0.0357979275286,
        "var": 0.00455236341804
    },
    "melbands_kurtosis": {
        "dmean": 10.8339319229,
        "dmean2": 16.8823184967,
        "dvar": 342.884429932,
        "dvar2": 759.17578125,
        "max": 240.727249146,
        "mean": 19.7237262726,
        "median": 9.80009460449,
        "min": -1.65844297409,
        "var": 736.406738281
    },
    "melbands_skewness": {
        "dmean": 0.990102410316,
        "dmean2": 1.48281705379,
        "dvar": 1.23692321777,
        "dvar2": 2.66965866089,
        "max": 13.0204467773,
        "mean": 3.2192940712,
        "median": 2.82244753838,
        "min": -0.398406505585,
        "var": 4.07792568207
    },
    "melbands_spread": {
        "dmean": 10.4058036804,
        "dmean2": 16.3609695435,
        "dvar": 182.799514771,
        "dvar2": 429.313995361,
        "max": 166.842330933,
        "mean": 26.507598877,
        "median": 21.932346344,
        "min": 1.50717043877,
        "var": 413.698822021
    },
    "pitch_salience": {
        "dmean": 0.0818168744445,
        "dmean2": 0.134694576263,
        "dvar": 0.00660369545221,
        "dvar2": 0.0162991266698,
        "max": 0.81824451685,
        "mean": 0.47155430913,
        "median": 0.477921932936,
        "min": 0.119926720858,
        "var": 0.0160842239857
    },
    "silence_rate_20dB": {
        "dmean": 0,
        "dmean2": 0,
        "dvar": 0,
        "dvar2": 0,
        "max": 1,
        "mean": 1,
        "median": 1,
        "min": 1,
        "var": 0
    },
    "silence_rate_30dB": {
        "dmean": 0.0108359130099,
        "dmean2": 0.0216886140406,
        "dvar": 0.0107184173539,
        "dvar2": 0.0289642252028,
        "max": 1,
        "mean": 0.992266058922,
        "median": 1,
        "min": 0,
        "var": 0.00767413526773
    },
    "silence_rate_60dB": {
        "dmean": 0.0294117648154,
        "dmean2": 0.0588690936565,
        "dvar": 0.0285470709205,
        "dvar2": 0.0739928558469,
        "max": 1,
        "mean": 0.0239752512425,
        "median": 0,
        "min": 0,
        "var": 0.023400099948
    },
    "spectral_centroid": {
        "dmean": 363.717102051,
        "dmean2": 550.334411621,
        "dvar": 144116.296875,
        "dvar2": 340113.5625,
        "max": 4403.33886719,
        "mean": 1547.64892578,
        "median": 1512.10119629,
        "min": 263.356628418,
        "var": 505785.71875
    },
    "spectral_complexity": {
        "dmean": 4.83978319168,
        "dmean2": 7.63051891327,
        "dvar": 30.8311748505,
        "dvar2": 73.6319351196,
        "max": 47,
        "mean": 15.979891777,
        "median": 15,
        "min": 2,
        "var": 50.7652740479
    },
    "spectral_decrease": {
        "dmean": 3.17573967124e-09,
        "dmean2": 4.55824578083e-09,
        "dvar": 1.74892550535e-17,
        "dvar2": 3.69949580647e-17,
        "max": -1.42901718236e-10,
        "mean": -8.04796318477e-09,
        "median": -6.77794709247e-09,
        "min": -3.83864673381e-08,
        "var": 3.78600731802e-17
    },
    "spectral_energy": {
        "dmean": 0.013112610206,
        "dmean2": 0.0189070999622,
        "dvar": 0.000279357889667,
        "dvar2": 0.000602329557296,
        "max": 0.149574443698,
        "mean": 0.0325885526836,
        "median": 0.0280347540975,
        "min": 0.000687336898409,
        "var": 0.000588009890635
    },
    "spectral_energyband_high": {
        "dmean": 0.0015250435099,
        "dmean2": 0.00270972377621,
        "dvar": 6.23207279205e-06,
        "dvar2": 1.58014227054e-05,
        "max": 0.017135951668,
        "mean": 0.00147328374442,
        "median": 0.000494869425893,
        "min": 1.44999730765e-05,
        "var": 6.01138344791e-06
    },
    "spectral_energyband_low": {
        "dmean": 0.00553287565708,
        "dmean2": 0.00852616410702,
        "dvar": 0.000103000369563,
        "dvar2": 0.000238271211856,
        "max": 0.0736067667603,
        "mean": 0.0142197972164,
        "median": 0.00979020260274,
        "min": 1.15656521302e-05,
        "var": 0.000215990425204
    },
    "spectral_energyband_middle_high": {
        "dmean": 0.00210404861718,
        "dmean2": 0.00297927716747,
        "dvar": 8.11501467979e-06,
        "dvar2": 1.67794569279e-05,
        "max": 0.0436156243086,
        "mean": 0.00462382659316,
        "median": 0.00275953044184,
        "min": 0.00010254492372,
        "var": 2.45961709879e-05
    },
    "spectral_energyband_middle_low": {
        "dmean": 0.00723492493853,
        "dmean2": 0.010693250224,
        "dvar": 0.000131660126499,
        "dvar2": 0.000273251789622,
        "max": 0.138207837939,
        "mean": 0.0125475870445,
        "median": 0.0070715835318,
        "min": 0.000202619310585,
        "var": 0.000262668734649
    },
    "spectral_entropy": {
        "dmean": 0.263095855713,
        "dmean2": 0.398847073317,
        "dvar": 0.0713160634041,
        "dvar2": 0.159863129258,
        "max": 8.61741733551,
        "mean": 7.56369876862,
        "median": 7.52161931992,
        "min": 6.13150072098,
        "var": 0.161635801196
    },
    "spectral_flux": {
        "dmean": 0.0399393327534,
        "dmean2": 0.060801435262,
        "dvar": 0.00190153857693,
        "dvar2": 0.00422484474257,
        "max": 0.324125736952,
        "mean": 0.090357542038,
        "median": 0.0755685046315,
        "min": 0.0176695398986,
        "var": 0.00280405697413
    },
    "spectral_kurtosis": {
        "dmean": 1.48697626591,
        "dmean2": 2.4500772953,
        "dvar": 1.78133583069,
        "dvar2": 5.13323736191,
        "max": 15.5161590576,
        "mean": 2.47486639023,
        "median": 2.33860349655,
        "min": -1.18960487843,
        "var": 3.38711452484
    },
    "spectral_rms": {
        "dmean": 0.00112681358587,
        "dmean2": 0.00158631417435,
        "dvar": 1.72519594344e-06,
        "dvar2": 3.52186589225e-06,
        "max": 0.0120799951255,
        "mean": 0.00523755000904,
        "median": 0.00522981630638,
        "min": 0.000818884989712,
        "var": 4.36182244812e-06
    },
    "spectral_rolloff": {
        "dmean": 901.280090332,
        "dmean2": 1589.63916016,
        "dvar": 2038686.5,
        "dvar2": 5031162,
        "max": 8333.34960938,
        "mean": 1725.2869873,
        "median": 1184.32617188,
        "min": 86.1328125,
        "var": 2812254.75
    },
    "spectral_skewness": {
        "dmean": 0.260739177465,
        "dmean2": 0.417377918959,
        "dvar": 0.0513128750026,
        "dvar2": 0.134905934334,
        "max": 2.95932197571,
        "mean": 1.16965162754,
        "median": 1.21869909763,
        "min": -0.17717975378,
        "var": 0.133928373456
    },
    "spectral_spread": {
        "dmean": 921783.6875,
        "dmean2": 1412305.25,
        "dvar": 1.36774326682e+12,
        "dvar2": 2.64593709466e+12,
        "max": 23829064,
        "mean": 4931377.5,
        "median": 4544671.5,
        "min": 2527139.25,
        "var": 2.34352096051e+12
    },
    "spectral_strongpeak": {
        "dmean": 0.494353920221,
        "dmean2": 0.82833725214,
        "dvar": 0.87111800909,
        "dvar2": 2.13385272026,
        "max": 8.58312225342,
        "mean": 0.848109960556,
        "median": 0.479347556829,
        "min": 0,
        "var": 1.1677672863
    },
    "zerocrossingrate": {
        "dmean": 0.0138687752187,
        "dmean2": 0.0167248621583,
        "dvar": 0.000190243314137,
        "dvar2": 0.00024257991754,
        "max": 0.27783203125,
        "mean": 0.0626665353775,
        "median": 0.05908203125,
        "min": 0.0048828125,
        "var": 0.00110960123129
    },
    "barkbands": {
        "dmean": [0.000569449155591, 0.0042812237516, 0.00113174074795, 0.000533327809535, 0.0042877481319, 0.0016518268967, 0.000743819517083, 0.000915142241865, 0.000703125493601, 0.000303048524074, 0.000306995701976, 0.000250104872975, 0.000274657824775, 0.000233398430282, 0.000389180582715, 0.00034407392377, 0.000489247846417, 0.000333477859385, 0.000246857496677, 0.000156772890477, 0.000234971681493, 0.000407604558859, 0.000340786733432, 0.000402409234084, 0.000137743030791, 2.62267130893e-05, 4.02488637974e-08],
        "dmean2": [0.000909982132725, 0.00690639251843, 0.00161266664509, 0.000881542335264, 0.00628169253469, 0.00266123563051, 0.001259498531, 0.00140426505823, 0.00110538187437, 0.000440736359451, 0.000472318090033, 0.000387071253499, 0.000437196344137, 0.000379678822355, 0.000556685437914, 0.00054951274069, 0.000764420488849, 0.000517229549587, 0.000407507497584, 0.000269657815807, 0.000411045446526, 0.000706319813617, 0.000597174919676, 0.000724107259884, 0.000248593831202, 4.92301187478e-05, 7.12879355547e-08],
        "dvar": [1.76791240847e-06, 7.4063995271e-05, 3.77360447601e-06, 2.90796970148e-06, 8.78423597896e-05, 7.10688527761e-06, 1.98131715479e-06, 3.35502545568e-06, 2.2555598207e-06, 3.78855816052e-07, 5.5998833659e-07, 3.42762717764e-07, 3.30914417646e-07, 6.23021037427e-07, 8.57020154399e-07, 4.94704920584e-07, 6.28501027222e-07, 3.41646142488e-07, 2.1828778074e-07, 7.05133089696e-08, 1.44590913465e-07, 5.40708299468e-07, 3.47545920931e-07, 6.26663222647e-07, 8.0871210173e-08, 3.75744235726e-09, 6.13929886746e-14],
        "dvar2": [4.11967312175e-06, 0.000177409281605, 6.96163851899e-06, 7.83746691013e-06, 0.000186298639164, 1.59574647114e-05, 5.30878151039e-06, 7.97521443019e-06, 5.46775436305e-06, 8.07863557384e-07, 1.29780505631e-06, 6.96167660408e-07, 7.57493012316e-07, 1.48256242483e-06, 1.70650923792e-06, 1.24372536447e-06, 1.37825963975e-06, 7.29707551272e-07, 5.58297472253e-07, 1.85942226949e-07, 3.75126603558e-07, 1.37997653837e-06, 8.85113820459e-07, 1.68053657035e-06, 2.15396028125e-07, 1.03978514687e-08, 1.31973249061e-13],
        "max": [0.013770474121, 0.0644978955388, 0.0234161093831, 0.0303619392216, 0.117842704058, 0.0192615948617, 0.0127488523722, 0.0248132348061, 0.0171222388744, 0.00888295751065, 0.0141245685518, 0.0107323974371, 0.00676806177944, 0.0148311899975, 0.0143933827057, 0.00853383168578, 0.00858456734568, 0.0106142554432, 0.00528952339664, 0.00265218457207, 0.00396523298696, 0.00861869100481, 0.00469727441669, 0.00564344599843, 0.00355687597767, 0.000556910585146, 5.03318960909e-06],
        "mean": [0.000507147051394, 0.0107920598239, 0.00272411084734, 0.000790525926277, 0.00648316787556, 0.00192372559104, 0.000889878894668, 0.001356479479, 0.000954284099862, 0.00050926359836, 0.000450351042673, 0.000338461162755, 0.00038948256406, 0.00027282818337, 0.000549108139239, 0.000433474197052, 0.000784091593232, 0.00051156792324, 0.00035157482489, 0.00017658060824, 0.000239709435846, 0.000421211996581, 0.000316536024911, 0.000303917651763, 0.000103002879769, 1.60335966939e-05, 2.53241481118e-08],
        "median": [4.7568079026e-05, 0.00574336154386, 0.00108099577483, 0.000160592680913, 0.00113035237882, 0.000880610954482, 0.000445639307145, 0.000420556461904, 0.00026615706156, 0.000187400670256, 0.000110755972855, 9.25488056964e-05, 9.17270226637e-05, 4.96430184285e-05, 0.00013029317779, 0.00014136871323, 0.00028940642369, 0.000193380430574, 0.0001659480331, 7.82445640652e-05, 8.47307965159e-05, 0.000145617043017, 8.89820657903e-05, 5.25104514963e-05, 1.4924831703e-05, 9.78731691248e-07, 4.58076160337e-10],
        "min": [8.24295121049e-09, 1.28526448862e-06, 6.96056076777e-07, 3.53390305463e-07, 3.41105874213e-06, 9.4415509011e-06, 6.64151286855e-07, 1.79686480806e-06, 1.34602328217e-06, 4.1217845137e-06, 1.06772267827e-06, 6.54428959024e-07, 9.33078979415e-07, 8.44713213155e-07, 1.3702222077e-06, 2.0469183255e-06, 4.00458429795e-06, 3.5004215988e-06, 3.71825694856e-06, 9.76665546659e-07, 2.97805036098e-06, 4.20862807005e-06, 2.01799753086e-06, 5.41589884051e-07, 4.17438279499e-08, 7.47580903432e-12, 9.66148341885e-12],
        "var": [1.72913428287e-06, 0.00017065332213, 1.40354977702e-05, 4.34591311205e-06, 0.000171112100361, 8.40809661895e-06, 1.83651388852e-06, 5.06585911353e-06, 3.24156985698e-06, 9.60951524576e-07, 9.40330949106e-07, 7.00400903497e-07, 5.58336012091e-07, 8.16952478999e-07, 1.92327865989e-06, 6.4383004883e-07, 1.40766474033e-06, 8.22988283744e-07, 3.05604686446e-07, 7.3764013564e-08, 1.50139811694e-07, 6.01399676725e-07, 3.48309185938e-07, 4.58244642232e-07, 6.23405256306e-08, 2.28817054193e-09, 4.47432313368e-14]
    },
    "erbbands": {
        "dmean": [0.144869253039, 0.903730750084, 1.4998421669, 1.43684494495, 5.59792518616, 12.6850194931, 24.6107730865, 12.6541538239, 7.05480384827, 19.091381073, 17.0459899902, 18.4683494568, 8.03744792938, 12.2030973434, 10.9801712036, 9.74841594696, 11.1194629669, 12.7631454468, 21.1982021332, 13.6384935379, 17.5977249146, 27.0965976715, 20.0655612946, 11.153181076, 12.2561321259, 7.32469797134, 7.56129217148, 10.6094474792, 14.6259632111, 11.3944187164, 10.0975065231, 9.14213657379, 6.02018642426, 2.33244156837, 0.696393013, 0.189173549414, 0.0360067114234, 0.00207431218587, 6.82308454998e-05, 2.22933704208e-05],
        "dmean2": [0.255235731602, 1.36687290668, 2.01880025864, 2.22148942947, 7.71890830994, 19.3453922272, 37.5976905823, 20.6962623596, 11.7427778244, 30.6636123657, 27.048500061, 28.8690338135, 12.0724210739, 17.7253437042, 16.6068630219, 14.6991567612, 17.1751937866, 20.0938816071, 30.5655193329, 20.9830513, 27.5153808594, 41.8788223267, 30.7671775818, 19.0191402435, 19.874797821, 12.7355508804, 13.4715032578, 18.2603740692, 25.4126682281, 19.7075004578, 17.6744213104, 16.493680954, 10.8382749557, 4.17660617828, 1.28380095959, 0.353742778301, 0.0677791759372, 0.00394952343777, 0.000124448328279, 3.47771056113e-05],
        "dvar": [0.107090942562, 3.16556072235, 6.8742556572, 10.8451051712, 718.186035156, 668.296813965, 2240.00317383, 434.13394165, 124.6404953, 1992.68212891, 1610.19262695, 1409.57678223, 441.689819336, 910.758422852, 805.338439941, 575.578796387, 645.389099121, 1797.28662109, 3395.59790039, 656.073974609, 990.193603516, 2091.89868164, 1194.49609375, 464.836975098, 501.896759033, 166.474243164, 172.987991333, 311.986663818, 786.311096191, 447.403289795, 320.305969238, 323.499755859, 155.535247803, 23.6905460358, 2.02231049538, 0.199674978852, 0.00685854163021, 2.46871786658e-05, 1.89582092247e-08, 8.75538475054e-10],
        "dvar2": [0.286932915449, 6.94725751877, 11.8436460495, 26.5386791229, 1302.12329102, 1592.72937012, 4931.52880859, 1035.14941406, 331.80279541, 5193.95996094, 3988.55541992, 3221.99023438, 1187.14819336, 1660.03527832, 2048.0534668, 1141.70141602, 1424.51159668, 4216.26025391, 7132.83056641, 1563.3380127, 2456.31591797, 4628.59765625, 2480.4140625, 1261.83569336, 1190.38977051, 449.92175293, 473.821990967, 766.944519043, 2027.01098633, 1151.93725586, 835.265808105, 870.577270508, 418.019561768, 61.7885284424, 5.56467103958, 0.554048478603, 0.0189744904637, 6.85288468958e-05, 5.1011689095e-08, 2.14254369801e-09],
        "max": [2.83416318893, 14.7369260788, 29.2390460968, 55.0069084167, 456.674957275, 288.384796143, 607.493774414, 155.316558838, 122.91607666, 346.954071045, 711.455871582, 472.063110352, 441.920166016, 780.186706543, 731.695861816, 389.140075684, 354.08493042, 881.961120605, 908.75793457, 313.884277344, 322.237670898, 540.781616211, 542.349609375, 221.034301758, 306.302185059, 121.040985107, 122.513565063, 247.714065552, 417.308227539, 260.192108154, 139.337219238, 132.689224243, 90.7987823486, 71.0795440674, 14.6869716644, 4.63908004761, 0.61445993185, 0.0376899391413, 0.000819353153929, 0.000237893080339],
        "mean": [0.250364214182, 2.58895921707, 4.18053674698, 2.49295973778, 10.0241069794, 17.3483352661, 33.8403282166, 14.2115459442, 10.0274915695, 24.4405975342, 25.5048332214, 25.8028182983, 13.5791053772, 19.6503162384, 17.5851459503, 14.5879974365, 16.8326091766, 18.8225593567, 30.6819267273, 20.0884227753, 26.1966018677, 44.1673698425, 33.1367683411, 16.2120304108, 17.3863983154, 8.33510017395, 7.09618711472, 11.7129364014, 15.1711788177, 11.4114103317, 9.04205989838, 7.1329240799, 4.47861385345, 1.77341616154, 0.482393652201, 0.118765376508, 0.0221225675195, 0.00123988662381, 5.8347635786e-05, 4.39657160314e-05],
        "median": [0.0447484888136, 1.55027675629, 2.10183429718, 1.10921108723, 1.17138886452, 3.39396333694, 9.1361951828, 6.43074893951, 6.46997785568, 10.3846693039, 9.77366352081, 8.04705142975, 6.27694368362, 5.95341205597, 5.203810215, 4.6424703598, 4.72377634048, 4.26231241226, 5.33068418503, 7.91202878952, 11.4590101242, 15.9578361511, 13.0233354568, 8.63502597809, 7.49185848236, 3.94164776802, 2.68506646156, 4.22392034531, 5.13140773773, 3.64751601219, 2.36828327179, 1.42194914818, 0.656874477863, 0.256128460169, 0.0625242590904, 0.0098673235625, 0.00124696292914, 5.83863111387e-05, 2.20800102397e-05, 3.61030142813e-05],
        "min": [0.000148714578245, 0.00086407182971, 0.00122313876636, 0.00432890607044, 0.00684545235708, 0.0250760242343, 0.100677795708, 0.10545399785, 0.0364807732403, 0.056239861995, 0.149152368307, 0.0600053817034, 0.166706249118, 0.175755858421, 0.07871080935, 0.029296502471, 0.0441311076283, 0.0952321067452, 0.0759110674262, 0.0769547894597, 0.184238985181, 0.220870807767, 0.2460218817, 0.160478308797, 0.132083714008, 0.105831392109, 0.13936522603, 0.118927910924, 0.145532906055, 0.0775969997048, 0.0424083694816, 0.0282205287367, 0.0028045293875, 0.000566801114473, 0.000175385954208, 1.52131287905e-05, 3.68034034182e-06, 6.96455060734e-07, 8.63916739036e-07, 1.25016401853e-06],
        "var": [0.160497710109, 9.04880237579, 26.165512085, 19.3432865143, 1916.63867188, 961.184631348, 3586.67163086, 463.262512207, 153.249923706, 2001.28442383, 2184.76635742, 2268.57495117, 599.516601562, 1888.15039062, 1696.41784668, 1189.70483398, 1083.17907715, 2714.37182617, 7486.24609375, 1148.17541504, 1535.93017578, 4708.70654297, 3124.05712891, 523.209472656, 801.503295898, 150.25100708, 129.489837646, 410.725921631, 884.002929688, 461.404632568, 294.051849365, 232.472610474, 116.007362366, 19.5292606354, 1.31227016449, 0.121446497738, 0.00417181896046, 1.46570700963e-05, 1.24551933212e-08, 1.21443533008e-09]
    },
    "gfcc": {
        "mean": [-0.240912303329, 93.260635376, -127.393959045, 59.7591667175, -72.7794570923, 20.5379390717, -41.1306266785, 12.9771471024, -7.33268928528, -6.14908123016, -5.18752908707, -0.00298774591647, -1.38293218613],
        "cov": [[2788.92211914, -750.07409668, 389.697814941, -84.2778091431, 55.8405456543, 163.686187744, -238.643341064, 119.986030579, -185.981521606, 260.18737793, -186.844497681, 181.818939209, -100.795700073], [-750.07409668, 973.748535156, -101.30065155, 50.9120445251, 172.131439209, -104.467468262, 194.34387207, -114.996963501, 97.8976516724, -205.10975647, 176.875656128, -144.320983887, 94.3813781738], [389.697814941, -101.30065155, 950.465148926, 330.39755249, -39.1619415283, 131.574951172, -71.1805038452, -42.9253158569, -29.1396541595, 58.470199585, -38.5338783264, 60.9880142212, 17.7065925598], [-84.2778091431, 50.9120445251, 330.39755249, 402.656433105, 112.131721497, -13.9629840851, -28.4474887848, -14.7771110535, 102.892738342, -13.8294343948, 17.395406723, -8.11636638641, 94.047164917], [55.8405456543, 172.131439209, -39.1619415283, 112.131721497, 345.139038086, -6.21728658676, 42.1721725464, 62.5126991272, 55.8311424255, -7.16846990585, 19.9544010162, 12.7965011597, 36.1393737793], [163.686187744, -104.467468262, 131.574951172, -13.9629840851, -6.21728658676, 256.160736084, 104.388824463, 51.8242683411, 30.3330898285, 61.5096092224, 11.7456254959, 17.0044937134, -20.5537719727], [-238.643341064, 194.34387207, -71.1805038452, -28.4474887848, 42.1721725464, 104.388824463, 247.503479004, 63.6033096313, 66.1456832886, 9.79431724548, 81.2703323364, -13.2993001938, -16.8988056183], [119.986030579, -114.996963501, -42.9253158569, -14.7771110535, 62.5126991272, 51.8242683411, 63.6033096313, 184.524871826, 69.3662872314, 89.5361328125, 15.3548078537, 42.9413375854, -27.3281612396], [-185.981521606, 97.8976516724, -29.1396541595, 102.892738342, 55.8311424255, 30.3330898285, 66.1456832886, 69.3662872314, 203.469833374, 46.5698814392, 49.5229110718, -34.171421051, 18.3285560608], [260.18737793, -205.10975647, 58.470199585, -13.8294343948, -7.16846990585, 61.5096092224, 9.79431724548, 89.5361328125, 46.5698814392, 176.027709961, 6.43803834915, 57.7652206421, -34.8255958557], [-186.844497681, 176.875656128, -38.5338783264, 17.395406723, 19.9544010162, 11.7456254959, 81.2703323364, 15.3548078537, 49.5229110718, 6.43803834915, 145.032546997, 21.979347229, 46.2717056274], [181.818939209, -144.320983887, 60.9880142212, -8.11636638641, 12.7965011597, 17.0044937134, -13.2993001938, 42.9413375854, -34.171421051, 57.7652206421, 21.979347229, 140.515411377, 33.6790618896], [-100.795700073, 94.3813781738, 17.7065925598, 94.047164917, 36.1393737793, -20.5537719727, -16.8988056183, -27.3281612396, 18.3285560608, -34.8255958557, 46.2717056274, 33.6790618896, 150.325363159]],
        "icov": [[0.000621188781224, 7.94131192379e-05, -0.000183402546099, 0.000225880634389, -0.00038624406443, -0.000367589789676, 0.00058948417427, -0.000208391677006, 0.000500412541442, -0.000666839536279, 0.000260741624516, -8.52833909448e-05, 4.12724693888e-05], [7.94131192379e-05, 0.00608823075891, -0.0026501675602, 0.00436454825103, -0.00370318791829, 0.00419667176902, -0.00444505689666, 0.00318663218059, -0.00327361281961, 0.00405619991943, -0.00514096114784, 0.00501005165279, -0.00284512666985], [-0.000183402546099, -0.0026501675602, 0.00369303580374, -0.0048793554306, 0.00241562025622, -0.00331194931641, 0.00222658901475, -0.00077116623288, 0.00270269648172, -0.00220391340554, 0.0022080973722, -0.00310196052305, 0.0024102947209], [0.000225880634389, 0.00436454825103, -0.0048793554306, 0.0104035465047, -0.00458097970113, 0.00453048059717, -0.00279486831278, 0.00251648761332, -0.00600818311796, 0.00346891302615, -0.00315905176103, 0.00459288433194, -0.00517916167155], [-0.00038624406443, -0.00370318791829, 0.00241562025622, -0.00458097970113, 0.00630164518952, -0.00236804084852, 0.00183165923227, -0.00321090733632, 0.00200582086109, -0.0014398394851, 0.00324047449976, -0.00357354478911, 0.00165597640444], [-0.000367589789676, 0.00419667176902, -0.00331194931641, 0.00453048059717, -0.00236804084852, 0.00957175437361, -0.00658796075732, 0.00203974521719, -0.00335141015239, 0.00189842400141, -0.00253692804836, 0.00382690830156, -0.00304542132653], [0.00058948417427, -0.00444505689666, 0.00222658901475, -0.00279486831278, 0.00183165923227, -0.00658796075732, 0.0115950563923, -0.00421346258372, 0.0021701734513, -0.00195200543385, -8.94481563591e-05, -0.00302059412934, 0.00385616859421], [-0.000208391677006, 0.00318663218059, -0.00077116623288, 0.00251648761332, -0.00321090733632, 0.00203974521719, -0.00421346258372, 0.0119927516207, -0.00488094752654, -0.000590773997828, -0.00156363053247, -0.000752986641601, 0.000241628382355], [0.000500412541442, -0.00327361281961, 0.00270269648172, -0.00600818311796, 0.00200582086109, -0.00335141015239, 0.0021701734513, -0.00488094752654, 0.0127161983401, -0.0061469534412, 0.00084072741447, 0.00172758637927, 0.000627246918157], [-0.000666839536279, 0.00405619991943, -0.00220391340554, 0.00346891302615, -0.0014398394851, 0.00189842400141, -0.00195200543385, -0.000590773997828, -0.0061469534412, 0.0143454670906, -0.00432354165241, -0.000865909038112, 0.000972133420873], [0.000260741624516, -0.00514096114784, 0.0022080973722, -0.00315905176103, 0.00324047449976, -0.00253692804836, -8.94481563591e-05, -0.00156363053247, 0.00084072741447, -0.00432354165241, 0.01557283476, -0.00655621103942, -0.000730110390577], [-8.52833909448e-05, 0.00501005165279, -0.00310196052305, 0.00459288433194, -0.00357354478911, 0.00382690830156, -0.00302059412934, -0.000752986641601, 0.00172758637927, -0.000865909038112, -0.00655621103942, 0.0172873698175, -0.00707112066448], [4.12724693888e-05, -0.00284512666985, 0.0024102947209, -0.00517916167155, 0.00165597640444, -0.00304542132653, 0.00385616859421, 0.000241628382355, 0.000627246918157, 0.000972133420873, -0.000730110390577, -0.00707112066448, 0.0130431232974]]
    },
    "melbands": {
        "dmean": [0.00124480586965, 0.000916069315281, 0.00034098647302, 0.000590573996305, 0.000904908229131, 0.000277461454971, 0.000121197706903, 0.000207328834222, 0.000135106121888, 0.000114330345241, 3.80807723559e-05, 4.92698054586e-05, 3.5708748328e-05, 3.09654278681e-05, 2.0470481104e-05, 3.01303407468e-05, 2.25702042371e-05, 3.38387253578e-05, 2.10279540624e-05, 2.66356146312e-05, 2.01070433832e-05, 3.46349479514e-05, 2.07145367312e-05, 1.41496102515e-05, 9.08007859834e-06, 1.09897646325e-05, 6.68778284307e-06, 4.65503489977e-06, 4.0204272409e-06, 6.12847225057e-06, 6.36726053926e-06, 8.09169159766e-06, 8.61527314555e-06, 5.57283692615e-06, 5.85805946685e-06, 5.7926986301e-06, 5.88296097703e-06, 4.87248780701e-06, 2.64829577645e-06, 1.78175537258e-06],
        "dmean2": [0.00207891361788, 0.00128478195984, 0.000486987963086, 0.000863138586283, 0.00137447624002, 0.000452089559985, 0.000202207666007, 0.000325502391206, 0.000217017804971, 0.000178489819518, 5.74794103159e-05, 7.10188542143e-05, 5.41274566785e-05, 4.67396821477e-05, 3.16705991281e-05, 4.81724964629e-05, 3.58966353815e-05, 4.95560925629e-05, 3.17347694363e-05, 4.23655073973e-05, 3.20195322274e-05, 5.35034232598e-05, 3.17326048389e-05, 2.30915920838e-05, 1.58873444889e-05, 1.77559504664e-05, 1.10752207547e-05, 8.21271714813e-06, 7.20303296475e-06, 1.08041522253e-05, 1.08792228275e-05, 1.41333548527e-05, 1.49842835526e-05, 9.63356342254e-06, 1.027558028e-05, 1.03778647826e-05, 1.0682071661e-05, 8.79176877788e-06, 4.69939141112e-06, 3.2227533211e-06],
        "dvar": [6.78890091876e-06, 2.63357742369e-06, 1.03083607428e-06, 3.37343817591e-06, 3.24840516441e-06, 2.04072563292e-07, 3.78125619704e-08, 2.22709431341e-07, 1.0876338763e-07, 6.22985396603e-08, 1.0679569229e-08, 1.43900509286e-08, 6.79147138527e-09, 4.49520554113e-09, 4.77822448275e-09, 4.15655465602e-09, 7.47326911466e-09, 1.04752633234e-08, 2.39530439927e-09, 3.24931370699e-09, 1.25759780367e-09, 4.00115762744e-09, 1.24685872738e-09, 6.90284052141e-10, 3.39093142454e-10, 4.74805528228e-10, 1.25778443216e-10, 7.56512283373e-11, 6.00746397073e-11, 1.05540104434e-10, 1.22004253922e-10, 2.72668387868e-10, 2.71635686167e-10, 1.01541310082e-10, 1.07770466162e-10, 1.50140719302e-10, 1.3937985488e-10, 1.12563659782e-10, 3.26733883005e-11, 1.51183301988e-11],
        "dvar2": [1.71732663148e-05, 4.92622530146e-06, 1.92163201973e-06, 6.69869723424e-06, 7.30932197257e-06, 4.79452239688e-07, 1.00025516758e-07, 5.6610070942e-07, 2.71917656391e-07, 1.43895803717e-07, 2.86724830545e-08, 2.60927528473e-08, 1.61256767939e-08, 9.79167857906e-09, 8.88762130558e-09, 9.0297680444e-09, 1.73508709622e-08, 2.30756072028e-08, 5.12891995541e-09, 8.04639288532e-09, 2.9925351086e-09, 8.82902906341e-09, 2.46975861984e-09, 1.69128766547e-09, 9.26998255935e-10, 1.13685660885e-09, 2.95256874505e-10, 2.07466613333e-10, 1.68214345231e-10, 2.79008233184e-10, 2.95354352087e-10, 7.05567160253e-10, 7.17374548653e-10, 2.56533100318e-10, 2.80146766896e-10, 4.10092071412e-10, 3.76029291038e-10, 3.0625296743e-10, 8.54568568687e-11, 4.01493178981e-11],
        "max": [0.0212905146182, 0.0148438066244, 0.016779942438, 0.0293988473713, 0.0232465825975, 0.00344998273067, 0.00188069581054, 0.00369283347391, 0.00583511404693, 0.00310981879011, 0.00216887332499, 0.00303062354214, 0.00194855092559, 0.00110312865581, 0.00194651214406, 0.00079414434731, 0.001900832518, 0.0015482705785, 0.000871327589266, 0.000695288006682, 0.000504356634337, 0.000779661873821, 0.000697430863511, 0.000300052954117, 0.000208525380003, 0.000369802961359, 0.000132265951834, 7.52790947445e-05, 8.04462251836e-05, 7.69175458117e-05, 0.00016575193149, 0.000271296012215, 0.000206578057259, 0.00010721419676, 8.18546905066e-05, 0.000126806568005, 8.58457642607e-05, 7.86804375821e-05, 7.59518370614e-05, 5.16726759088e-05],
        "mean": [0.00273408298381, 0.00273262010887, 0.000658708740957, 0.000893623102456, 0.0012452142546, 0.000311883661197, 0.000162837852258, 0.000278268969851, 0.000198226567591, 0.000156348382006, 6.19157872279e-05, 7.78319881647e-05, 5.60579319426e-05, 4.23704332206e-05, 3.14212375088e-05, 4.41208721895e-05, 3.0583327316e-05, 4.70938539365e-05, 2.98972900055e-05, 3.36594312103e-05, 2.94738983939e-05, 5.35299659532e-05, 3.22872620018e-05, 2.07837711059e-05, 1.17827175927e-05, 1.48716790136e-05, 8.6465752247e-06, 4.70771010441e-06, 3.5279867916e-06, 5.82326674703e-06, 7.21410970073e-06, 8.49185289553e-06, 8.23708614917e-06, 5.53372592549e-06, 5.25292034581e-06, 4.72203964819e-06, 4.4028784032e-06, 3.5339810438e-06, 2.02829573936e-06, 1.32596915137e-06],
        "median": [0.00101293937769, 0.00187992234714, 0.000222934308113, 0.000148700113641, 0.000284365611151, 0.000142079850775, 9.94598231046e-05, 0.00011136248213, 7.35952562536e-05, 4.15779759351e-05, 2.69035790552e-05, 1.98448396986e-05, 1.48207536768e-05, 1.26601880766e-05, 8.13381757325e-06, 9.76865067059e-06, 6.03714124736e-06, 6.280960406e-06, 9.59567933023e-06, 9.73176702246e-06, 1.3067812688e-05, 1.74288597918e-05, 1.23528152471e-05, 9.28176268644e-06, 5.91928164795e-06, 5.53861264052e-06, 3.85225393984e-06, 1.89357456293e-06, 1.25008943996e-06, 1.95170605366e-06, 2.55629993262e-06, 2.75139973382e-06, 2.49774052463e-06, 1.74553179022e-06, 1.33103435473e-06, 9.61329646998e-07, 8.36200172216e-07, 4.92466995183e-07, 2.72597560524e-07, 1.86723099205e-07],
        "min": [7.03487785358e-07, 9.12130246888e-07, 8.40435518512e-07, 1.10906876216e-06, 2.63889774033e-06, 1.64176810813e-06, 9.98250513362e-08, 3.36137134127e-07, 4.09715710248e-07, 2.10728899219e-07, 4.88647287966e-07, 6.95507083037e-07, 1.6869233832e-07, 1.00160534089e-07, 4.49464501173e-08, 9.23724812196e-08, 1.42468834952e-07, 6.12916721821e-08, 1.29241129798e-07, 8.58124451497e-08, 2.30619548347e-07, 1.60392545467e-07, 2.57347551269e-07, 1.26768739506e-07, 1.23635771843e-07, 1.03003813479e-07, 6.34397139265e-08, 3.42886892213e-08, 1.09245776869e-08, 3.40759100936e-08, 4.2055159355e-09, 6.62959536157e-08, 3.29887264172e-08, 4.14758325462e-08, 2.08290771297e-08, 5.79436186532e-11, 1.28528254706e-09, 6.2295590908e-10, 6.11612649415e-10, 1.69455061094e-10],
