{
"highlevel": {
    "danceability": {
        "all": {
            "danceable": 0.997228682041,
            "not_danceable": 0.00277131609619
        },
        "probability": 0.997228682041,
        "value": "danceable"
    },
    "gender": {
        "all": {
            "female": 0.204864561558,
            "male": 0.795135438442
        },
        "probability": 0.795135438442,
        "value": "male"
    },
    "genre_dortmund": {
        "all": {
            "alternative": 0.136887639761,
            "blues": 0.143110796809,
            "electronic": 0.183567106724,
            "folkcountry": 0.0194769222289,
            "funksoulrnb": 0.0349160395563,
            "jazz": 0.0363421700895,
            "pop": 0.0510715991259,
            "raphiphop": 0.0712700933218,
            "rock": 0.323357641697
        },
        "probability": 0.323357641697,
        "value": "rock"
    },
    "genre_electronic": {
        "all": {
            "ambient": 0.136222153902,
            "dnb": 0.756310462952,
            "house": 0.0280292574316,
            "techno": 0.0122065795586,
            "trance": 0.0672315508127
        },
        "probability": 0.756310462952,
        "value": "dnb"
    },
    "genre_rosamerica": {
        "all": {
            "cla": 0.00417562108487,
            "dan": 0.0557052232325,
            "hip": 0.837420344353,
            "jaz": 0.00553403422236,
            "pop": 0.0224908553064,
            "rhy": 0.0182612519711,
            "roc": 0.0546729043126,
            "spe": 0.00173974351492
        },
        "probability": 0.837420344353,
        "value": "hip"
    },
    "genre_tzanetakis": {
        "all": {
            "blu": 0.0626541376114,
            "cla": 0.0348133966327,
            "cou": 0.0783501937985,
            "dis": 0.104547761381,
            "hip": 0.15693578124,
            "jaz": 0.313987255096,
            "met": 0.044816005975,
            "pop": 0.0627349764109,
            "reg": 0.0627352520823,
            "roc": 0.0784252434969
        },
        "probability": 0.313987255096,
        "value": "jaz"
    },
    "ismir04_rhythm": {
        "all": {
            "ChaChaCha": 0.59942317009,
            "Jive": 0.104669682682,
            "Quickstep": 0.0773613378406,
            "Rumba-American": 0.00747243594378,
            "Rumba-International": 0.00612483313307,
            "Rumba-Misc": 0.00234108162113,
            "Samba": 0.190615341067,
            "Tango": 0.00553296180442,
            "VienneseWaltz": 0.00409442558885,
            "Waltz": 0.00236472813413
        },
        "probability": 0.59942317009,
        "value": "ChaChaCha"
    },
    "mood_acoustic": {
        "all": {
            "acoustic": 0.00389214185998,
            "not_acoustic": 0.996107876301
        },
        "probability": 0.996107876301,
        "value": "not_acoustic"
    },
    "mood_aggressive": {
        "all": {
            "aggressive": 0.840939700603,
            "not_aggressive": 0.159060299397
        },
        "probability": 0.840939700603,
        "value": "aggressive"
    },
    "mood_electronic": {
        "all": {
            "electronic": 0.891392707825,
            "not_electronic": 0.108607292175
        },
        "probability": 0.891392707825,
        "value": "electronic"
    },
    "mood_happy": {
        "all": {
            "happy": 0.556717276573,
            "not_happy": 0.443282723427
        },
        "probability": 0.556717276573,
        "value": "happy"
    },
    "mood_party": {
        "all": {
            "not_party": 0.180830925703,
            "party": 0.819169104099
        },
        "probability": 0.819169104099,
        "value": "party"
    },
    "mood_relaxed": {
        "all": {
            "not_relaxed": 0.978750407696,
            "relaxed": 0.021249609068
        },
        "probability": 0.978750407696,
        "value": "not_relaxed"
    },
    "mood_sad": {
        "all": {
            "not_sad": 0.830146312714,
            "sad": 0.169853702188
        },
        "probability": 0.830146312714,
        "value": "not_sad"
    },
    "moods_mirex": {
        "all": {
            "Cluster1": 0.18555764854,
            "Cluster2": 0.0847694724798,
            "Cluster3": 0.029949253425,
            "Cluster4": 0.077667042613,
            "Cluster5": 0.622056603432
        },
        "probability": 0.622056603432,
        "value": "Cluster5"
    },
    "timbre": {
        "all": {
            "bright": 0.328029066324,
            "dark": 0.671970903873
        },
        "probability": 0.671970903873,
        "value": "dark"
    },
    "tonal_atonal": {
        "all": {
            "atonal": 0.915195524693,
            "tonal": 0.0848044976592
        },
        "probability": 0.915195524693,
        "value": "atonal"
    },
    "voice_instrumental": {
        "all": {
            "instrumental": 0.399826735258,
            "voice": 0.600173294544
        },
        "probability": 0.600173294544,
        "value": "voice"
    }
},
"lowlevel": {
    "average_loudness": 0.986604511738,
    "barkbands_crest": {
        "dmean": 3.58372473717,
        "dmean2": 5.71133899689,
        "dvar": 9.68193721771,
        "dvar2": 24.6285228729,
        "max": 25.3865261078,
        "mean": 14.4486675262,
        "median": 15.0916728973,
        "min": 2.44804692268,
        "var": 33.4065513611
    },
    "barkbands_flatness_db": {
        "dmean": 0.0332234837115,
        "dmean2": 0.0502230450511,
        "dvar": 0.000815540435724,
        "dvar2": 0.00183521106374,
        "max": 0.376254439354,
        "mean": 0.167089104652,
        "median": 0.162068635225,
        "min": 0.0565180778503,
        "var": 0.00305811641738
    },
    "barkbands_kurtosis": {
        "dmean": 8.37732315063,
        "dmean2": 12.9875116348,
        "dvar": 398.692199707,
        "dvar2": 853.387023926,
        "max": 301.927490234,
        "mean": 8.9163608551,
        "median": 1.3134021759,
        "min": -1.8452334404,
        "var": 654.383239746
    },
    "barkbands_skewness": {
        "dmean": 1.05638790131,
        "dmean2": 1.60403394699,
        "dvar": 1.32537198067,
        "dvar2": 2.80891799927,
        "max": 15.3646793365,
        "mean": 1.92495965958,
        "median": 1.5451182127,
        "min": -2.65552544594,
        "var": 5.02954483032
    },
    "barkbands_spread": {
        "dmean": 10.103181839,
        "dmean2": 15.5729703903,
        "dvar": 104.252784729,
        "dvar2": 261.558837891,
        "max": 100.278465271,
        "mean": 27.6051483154,
        "median": 26.4082870483,
        "min": 0.650438904762,
        "var": 246.314117432
    },
    "dissonance": {
        "dmean": 0.010323102586,
        "dmean2": 0.017572235316,
        "dvar": 0.000152812790475,
        "dvar2": 0.000401609402616,
        "max": 0.500000119209,
        "mean": 0.483906120062,
        "median": 0.488935053349,
        "min": 0.379125982523,
        "var": 0.00025272302446
    },
    "dynamic_complexity": 2.35138487816,
    "erbbands_crest": {
        "dmean": 3.32231140137,
        "dmean2": 5.04914140701,
        "dvar": 8.99943828583,
        "dvar2": 20.2713775635,
        "max": 29.1829662323,
        "mean": 10.1734972,
        "median": 8.67553710938,
        "min": 2.6421391964,
        "var": 34.6788520813
    },
    "erbbands_flatness_db": {
        "dmean": 0.0223380941898,
        "dmean2": 0.0320050865412,
        "dvar": 0.000381900172215,
        "dvar2": 0.000753364758566,
        "max": 0.278052300215,
        "mean": 0.150739103556,
        "median": 0.148200720549,
        "min": 0.0711613371968,
        "var": 0.00171797629446
    },
    "erbbands_kurtosis": {
        "dmean": 1.49503862858,
        "dmean2": 2.26123046875,
        "dvar": 3.41544914246,
        "dvar2": 7.6874628067,
        "max": 18.3502979279,
        "mean": 1.58017957211,
        "median": 0.926960468292,
        "min": -1.6882815361,
        "var": 6.65862607956
    },
    "erbbands_skewness": {
        "dmean": 0.457148969173,
        "dmean2": 0.702236354351,
        "dvar": 0.166281417012,
        "dvar2": 0.372258096933,
        "max": 2.71196055412,
        "mean": -0.401038259268,
        "median": -0.380971282721,
        "min": -3.00483036041,
        "var": 0.557060956955
    },
    "erbbands_spread": {
        "dmean": 11.793053627,
        "dmean2": 17.4989051819,
        "dvar": 146.465362549,
        "dvar2": 307.258331299,
        "max": 129.440048218,
        "mean": 37.2584152222,
        "median": 30.5954532623,
        "min": 4.70888805389,
        "var": 493.181518555
    },
    "hfc": {
        "dmean": 10.8457679749,
        "dmean2": 14.7125473022,
        "dvar": 187.510848999,
        "dvar2": 362.100067139,
        "max": 128.523651123,
        "mean": 23.9599094391,
        "median": 17.9438400269,
        "min": 0.412730902433,
        "var": 479.79006958
    },
    "melbands_crest": {
        "dmean": 3.58658075333,
        "dmean2": 5.93516159058,
        "dvar": 10.398352623,
        "dvar2": 26.4633159637,
        "max": 33.6347961426,
        "mean": 19.0288925171,
        "median": 19.3121242523,
        "min": 4.12744235992,
        "var": 42.1839485168
    },
    "melbands_flatness_db": {
        "dmean": 0.0422039292753,
        "dmean2": 0.0620349310338,
        "dvar": 0.00129157840274,
        "dvar2": 0.00274978997186,
        "max": 0.471402436495,
        "mean": 0.217371985316,
        "median": 0.214935928583,
        "min": 0.0314424671233,
        "var": 0.00660911994055
    },
    "melbands_kurtosis": {
        "dmean": 20.889289856,
        "dmean2": 33.4084434509,
        "dvar": 1521.63623047,
        "dvar2": 3485.24169922,
        "max": 504.326080322,
        "mean": 30.4584083557,
        "median": 11.2747764587,
        "min": -1.84975063801,
        "var": 2920.94750977
    },
    "melbands_skewness": {
        "dmean": 1.43291962147,
        "dmean2": 2.23747467995,
        "dvar": 2.31128430367,
        "dvar2": 5.19002103806,
        "max": 17.2364902496,
        "mean": 3.86721730232,
        "median": 3.3016898632,
        "min": -1.0209672451,
        "var": 9.31731033325
    },
    "melbands_spread": {
        "dmean": 11.966635704,
        "dmean2": 18.8123226166,
        "dvar": 290.754241943,
        "dvar2": 699.764892578,
        "max": 250.513473511,
        "mean": 29.4494762421,
        "median": 22.3393211365,
        "min": 0.486387699842,
        "var": 644.137634277
    },
    "pitch_salience": {
        "dmean": 0.0944112762809,
        "dmean2": 0.151463374496,
        "dvar": 0.00615542475134,
        "dvar2": 0.0149725731462,
        "max": 0.773273050785,
        "mean": 0.415616989136,
        "median": 0.403387606144,
        "min": 0.0620098374784,
        "var": 0.0192397218198
    },
    "silence_rate_20dB": {
        "dmean": 0,
        "dmean2": 0,
        "dvar": 0,
        "dvar2": 0,
        "max": 1,
        "mean": 1,
        "median": 1,
        "min": 1,
        "var": 0
    },
    "silence_rate_30dB": {
        "dmean": 0,
        "dmean2": 0,
        "dvar": 0,
        "dvar2": 0,
        "max": 1,
        "mean": 1,
        "median": 1,
        "min": 1,
        "var": 0
    },
    "silence_rate_60dB": {
        "dmean": 0.00154798757285,
        "dmean2": 0.00309837330133,
        "dvar": 0.00154559046496,
        "dvar2": 0.00308876927011,
        "max": 1,
        "mean": 0.00386697612703,
        "median": 0,
        "min": 0,
        "var": 0.00385201000609
    },
    "spectral_centroid": {
        "dmean": 393.529327393,
        "dmean2": 593.573547363,
        "dvar": 167135.671875,
        "dvar2": 394817.375,
        "max": 4832.22265625,
        "mean": 1896.13867188,
        "median": 1977.38061523,
        "min": 421.459655762,
        "var": 385546.3125
    },
    "spectral_complexity": {
        "dmean": 6.37616109848,
        "dmean2": 8.1773815155,
        "dvar": 46.5241088867,
        "dvar2": 65.2767868042,
        "max": 60,
        "mean": 20.9156990051,
        "median": 18,
        "min": 1,
        "var": 198.225738525
    },
    "spectral_decrease": {
        "dmean": 3.36082695007e-09,
        "dmean2": 5.45154810183e-09,
        "dvar": 1.10764505007e-17,
        "dvar2": 2.91385885126e-17,
        "max": -1.74240802342e-10,
        "mean": -7.80379050269e-09,
        "median": -7.06283032059e-09,
        "min": -2.7989843332e-08,
        "var": 2.02234641723e-17
    },
    "spectral_energy": {
        "dmean": 0.0131885055453,
        "dmean2": 0.021101186052,
        "dvar": 0.000163765449543,
        "dvar2": 0.00042362138629,
        "max": 0.108047701418,
        "mean": 0.0316265672445,
        "median": 0.0288724042475,
        "min": 0.000695060938597,
        "var": 0.000313646101858
    },
    "spectral_energyband_high": {
        "dmean": 0.00085029262118,
        "dmean2": 0.00114262034185,
        "dvar": 2.15065983866e-06,
        "dvar2": 4.55822510048e-06,
        "max": 0.0161796137691,
        "mean": 0.00125541316811,
        "median": 0.000607271445915,
        "min": 6.97378663972e-06,
        "var": 3.31584874402e-06
    },
    "spectral_energyband_low": {
        "dmean": 0.0111484490335,
        "dmean2": 0.0186853557825,
        "dvar": 0.000154322566232,
        "dvar2": 0.000430998741649,
        "max": 0.100709348917,
        "mean": 0.0205189269036,
        "median": 0.0164488777518,
        "min": 0.000126147831907,
        "var": 0.000262717658188
    },
    "spectral_energyband_middle_high": {
        "dmean": 0.0030650862027,
        "dmean2": 0.0043097641319,
        "dvar": 1.35193031383e-05,
        "dvar2": 2.6646646802e-05,
        "max": 0.0383944809437,
        "mean": 0.00718602305278,
        "median": 0.00512193795294,
        "min": 4.25506405008e-05,
        "var": 4.71467210446e-05
    },
    "spectral_energyband_middle_low": {
        "dmean": 0.00212439591996,
        "dmean2": 0.00346013251692,
        "dvar": 8.77347702044e-06,
        "dvar2": 2.17754550249e-05,
        "max": 0.0242285374552,
        "mean": 0.00345925777219,
        "median": 0.00220954441465,
        "min": 0.000149842802784,
        "var": 1.18247935461e-05
    },
    "spectral_entropy": {
        "dmean": 0.169010788202,
        "dmean2": 0.243432596326,
        "dvar": 0.0273600872606,
        "dvar2": 0.0568861477077,
        "max": 8.62475776672,
        "mean": 7.85223865509,
        "median": 7.85352802277,
        "min": 6.80589008331,
        "var": 0.07187435776
    },
    "spectral_flux": {
        "dmean": 0.0297179184854,
        "dmean2": 0.046330794692,
        "dvar": 0.000734081550036,
        "dvar2": 0.00160391360987,
        "max": 0.288178175688,
        "mean": 0.0984552800655,
        "median": 0.0947688817978,
        "min": 0.017142560333,
        "var": 0.00176974898204
    },
    "spectral_kurtosis": {
        "dmean": 1.2295576334,
        "dmean2": 1.94673454762,
        "dvar": 1.31295371056,
        "dvar2": 3.19481468201,
        "max": 15.6816539764,
        "mean": 3.14282369614,
        "median": 2.91352653503,
        "min": -0.864147424698,
        "var": 2.81637239456
    },
    "spectral_rms": {
        "dmean": 0.0011359504424,
        "dmean2": 0.00176875246689,
        "dvar": 9.59670956036e-07,
        "dvar2": 2.32926686294e-06,
        "max": 0.0102670537308,
        "mean": 0.00532939657569,
        "median": 0.00530737219378,
        "min": 0.000823473266792,
        "var": 2.45272804023e-06
    },
    "spectral_rolloff": {
        "dmean": 718.046447754,
        "dmean2": 1177.3717041,
        "dvar": 1244931.625,
        "dvar2": 2872419.25,
        "max": 8764.01367188,
        "mean": 1438.97924805,
        "median": 1378.125,
        "min": 64.599609375,
        "var": 2062834.75
    },
    "spectral_skewness": {
        "dmean": 0.20877918601,
        "dmean2": 0.326139479876,
        "dvar": 0.036209821701,
        "dvar2": 0.0881917253137,
        "max": 2.79844021797,
        "mean": 1.17529988289,
        "median": 1.16795170307,
        "min": 0.231040433049,
        "var": 0.0826305672526
    },
    "spectral_spread": {
        "dmean": 727779.375,
        "dmean2": 1024065.5625,
        "dvar": 619968135168,
        "dvar2": 1.27681154253e+12,
        "max": 11834619,
        "mean": 4314433.5,
        "median": 3918090.25,
        "min": 2022600.75,
        "var": 1.57001842688e+12
    },
    "spectral_strongpeak": {
        "dmean": 0.455341547728,
        "dmean2": 0.801973044872,
        "dvar": 0.971249997616,
        "dvar2": 2.35930776596,
        "max": 7.45596694946,
        "mean": 0.817302465439,
        "median": 0.329382956028,
        "min": 0,
        "var": 1.68170404434
    },
    "zerocrossingrate": {
        "dmean": 0.014152597636,
        "dmean2": 0.0158560927957,
        "dvar": 0.000264475878794,
        "dvar2": 0.000365874962881,
        "max": 0.27734375,
        "mean": 0.0576005727053,
        "median": 0.0517578125,
        "min": 0.00244140625,
        "var": 0.00118123169523
    },
    "barkbands": {
        "dmean": [0.000228749428061, 0.00977254472673, 0.00282325362787, 0.00113163131755, 0.000447231694125, 0.000409080879763, 9.88872052403e-05, 0.000282532273559, 0.000491134240292, 0.000232332429732, 0.000325274508214, 0.000362601742381, 0.000809816585388, 0.00107344251592, 0.000428006140282, 0.000383849866921, 0.000560811837204, 0.000305486144498, 0.000349134585122, 0.000211417645914, 0.000238886423176, 0.000188636753592, 0.000151765401824, 0.000123141027871, 0.000133777779411, 1.82505045814e-05, 1.45974399235e-09],
        "dmean2": [0.00032618190744, 0.0163497235626, 0.00493792397901, 0.00203939666972, 0.000730848056264, 0.000634122814517, 0.000171246079844, 0.000481924886117, 0.000735978363082, 0.000382112164516, 0.0005036550574, 0.000584439549129, 0.00122751900926, 0.00179336790461, 0.000661718600895, 0.000606706249528, 0.000835241400637, 0.000460882554762, 0.000526030256879, 0.000300747313304, 0.000335348653607, 0.000257436739048, 0.000214714818867, 0.000188216552488, 0.000232149846852, 2.78482784779e-05, 2.49514475748e-09],
        "dvar": [9.61254471576e-08, 0.000128996645799, 2.82999371848e-05, 3.40269798471e-06, 8.5986312115e-07, 4.67256057846e-07, 3.03734495333e-08, 6.47751505767e-07, 1.41427517519e-06, 3.37459738375e-07, 4.91201944897e-07, 4.18411445935e-07, 1.47682112583e-06, 3.18200341098e-06, 4.00519752475e-07, 5.2112557114e-07, 1.03141780983e-06, 3.07953769152e-07, 3.09399212028e-07, 1.44804175761e-07, 2.1674401296e-07, 1.33149939074e-07, 1.90143992995e-07, 1.36193023081e-07, 7.50251842874e-08, 1.0658940397e-09, 5.01310924266e-17],
        "dvar2": [1.63038251344e-07, 0.000379765959224, 7.73252686486e-05, 9.63543971011e-06, 2.1734845177e-06, 1.11518215817e-06, 8.15410956534e-08, 1.60945637617e-06, 3.02018770526e-06, 8.82191272922e-07, 1.10410655907e-06, 9.6574001418e-07, 3.26469967149e-06, 8.81666892383e-06, 9.42347867294e-07, 1.24097448406e-06, 2.1817961624e-06, 7.03171508576e-07, 7.4310042919e-07, 3.18774652897e-07, 4.66942253752e-07, 3.04911367266e-07, 4.4034510438e-07, 3.3339881611e-07, 1.8573325633e-07, 2.36773978202e-09, 5.46264153917e-17],
        "max": [0.00575926993042, 0.082577124238, 0.0406589731574, 0.0154474433511, 0.00902598164976, 0.00674704322591, 0.00198936136439, 0.00956619437784, 0.0168478507549, 0.0108807403594, 0.0131046706811, 0.00868194457144, 0.0177534557879, 0.0175065752119, 0.00695884320885, 0.00921257771552, 0.00886358786374, 0.00661969184875, 0.0054203318432, 0.00551741756499, 0.00822482164949, 0.00712978281081, 0.00745636457577, 0.00448664743453, 0.00221589347348, 0.000306815898512, 2.48998475172e-07],
        "mean": [0.000472282728879, 0.0160213988274, 0.00328502198681, 0.00114175921772, 0.000521237438079, 0.000686140847392, 0.000123229881865, 0.000276919687167, 0.00061808276223, 0.000255966209807, 0.000402244651923, 0.000448057369795, 0.00124281295575, 0.00193752080668, 0.000617226585746, 0.000484283169499, 0.000735769048333, 0.000454816676211, 0.000485710741486, 0.000321262923535, 0.000371813512174, 0.000283691770164, 0.000183338052011, 0.000128727479023, 0.000106719446194, 2.05079413718e-05, 1.2406821126e-09],
        "median": [0.000194396532606, 0.0121469348669, 0.00160200544633, 0.000591068761423, 0.000201850722078, 0.000433123466792, 7.34465866117e-05, 5.81584463362e-05, 0.000134987029014, 7.53105268814e-05, 0.000113122041512, 0.000131987268105, 0.000349313486367, 0.000555429200176, 0.000280138483504, 0.000195163403987, 0.000219157023821, 0.000214771207538, 0.000225005409447, 0.000173206542968, 0.000218329412746, 0.000140061107231, 6.5935018938e-05, 3.64873812941e-05, 1.48425169755e-05, 6.18885860604e-06, 4.66475968963e-10],
        "min": [1.20197626075e-07, 2.33230457525e-05, 5.32771673534e-06, 2.94996743833e-06, 1.25425467559e-05, 1.08748854473e-05, 3.65936983826e-07, 3.00983344914e-07, 1.95376105694e-06, 4.86242072384e-07, 1.7818285869e-06, 1.38489042456e-06, 2.86583281195e-06, 2.35933384829e-06, 3.06408765027e-06, 1.11664462565e-06, 1.68076337559e-06, 1.55822181114e-06, 2.15142313209e-06, 1.3650820847e-06, 1.94695962819e-06, 8.57055397319e-07, 8.67657377057e-07, 2.59798270008e-07, 1.46356904374e-09, 9.83663584614e-12, 1.02797718254e-11],
        "var": [3.16158946134e-07, 0.000189722602954, 2.55398554145e-05, 2.67131099463e-06, 8.98463042631e-07, 6.33371257663e-07, 2.94885058594e-08, 6.26565451967e-07, 2.11768474401e-06, 4.01946351758e-07, 7.58521082389e-07, 6.45257671295e-07, 3.71016403733e-06, 7.12444534656e-06, 6.49555431664e-07, 6.38832204913e-07, 1.56415865149e-06, 4.71161854421e-07, 4.85925340854e-07, 2.26214623922e-07, 3.22499971617e-07, 1.8370316468e-07, 2.01841501735e-07, 1.25230940284e-07, 6.45089954787e-08, 1.32724908841e-09, 4.99061555483e-17]
    },
    "erbbands": {
        "dmean": [0.255440741777, 2.31792616844, 3.16950178146, 3.95367121696, 1.71477138996, 1.80131542683, 2.38964247704, 3.3622944355, 1.54292297363, 2.88368582726, 7.48234462738, 11.8840236664, 8.45862483978, 7.19824075699, 14.6292066574, 15.4171648026, 28.0121269226, 54.8463439941, 27.838886261, 22.380191803, 20.4861068726, 29.369348526, 20.1972961426, 21.0723609924, 11.9032497406, 10.1537303925, 9.53632545471, 9.44706058502, 6.40299129486, 6.01027154922, 3.8588783741, 2.94527053833, 1.93322014809, 2.27410078049, 0.468070298433, 0.124149382114, 0.0280346944928, 0.00295208836906, 6.07370457146e-05, 1.72538839252e-05],
        "dmean2": [0.406636536121, 3.92819023132, 5.24762010574, 7.02888011932, 2.82682394981, 3.06899261475, 3.70910191536, 5.4052362442, 2.639991045, 4.84908628464, 12.2192649841, 17.8347930908, 13.5023994446, 11.6930198669, 22.9171333313, 24.1990413666, 43.5852127075, 91.7241668701, 41.2538108826, 35.0111846924, 31.173576355, 43.6709747314, 29.7463569641, 31.4834880829, 17.0958518982, 14.6511678696, 13.7202949524, 12.7403373718, 8.82990074158, 8.38964080811, 5.46045732498, 4.46685695648, 2.99963521957, 4.03050899506, 0.748815596104, 0.188518062234, 0.0431308113039, 0.00475953426212, 9.38631856116e-05, 2.67567756964e-05],
        "dvar": [0.0864541381598, 8.02241706848, 30.6442871094, 40.8782691956, 8.11474704742, 18.6815643311, 18.3962020874, 36.4258460999, 6.819272995, 55.409866333, 355.629486084, 885.480529785, 318.550445557, 333.473114014, 878.950927734, 727.174804688, 1999.52124023, 8022.93017578, 1702.35546875, 1184.48950195, 1415.15332031, 2448.5559082, 1237.50952148, 1178.40966797, 312.521850586, 412.290771484, 396.931243896, 323.579803467, 152.029876709, 225.742111206, 122.859268188, 85.0407714844, 27.3638191223, 21.104883194, 1.24693107605, 0.0619372539222, 0.00232124631293, 2.35133411479e-05, 9.13113051837e-09, 2.83456452754e-10],
        "dvar2": [0.215679183602, 23.6492843628, 81.0130691528, 116.34854126, 20.0944652557, 51.3164138794, 41.8602638245, 92.5308303833, 18.5376243591, 149.934509277, 862.229492188, 1863.19848633, 801.032714844, 829.473388672, 2089.40258789, 1712.26379395, 4732.53369141, 22699.65625, 3935.19287109, 2687.04125977, 3404.58911133, 5252.81542969, 2801.24658203, 2794.52075195, 675.634155273, 995.519348145, 940.76550293, 699.90814209, 354.47265625, 519.976074219, 280.153747559, 207.975326538, 66.2709655762, 53.8815612793, 2.97410964966, 0.139899939299, 0.00525870919228, 5.822953608e-05, 2.1458092192e-08, 6.33906538372e-10],
        "max": [2.05978727341, 21.6414985657, 50.0962486267, 52.86378479, 28.4845237732, 51.6608047485, 53.4916763306, 57.4191169739, 25.7066555023, 99.6220245361, 194.989608765, 465.881530762, 226.017379761, 283.422790527, 535.123962402, 414.933410645, 884.972290039, 768.574462891, 488.934539795, 309.567779541, 449.830963135, 388.160858154, 396.687835693, 335.748321533, 198.945266724, 325.110412598, 415.011230469, 284.777923584, 265.645751953, 200.01008606, 194.409362793, 128.882888794, 51.9324989319, 39.1243896484, 11.6446857452, 2.39646172523, 0.6098741889, 0.0413716025651, 0.000900614773855, 0.000150569481775],
        "mean": [0.460183590651, 3.46423602104, 4.68461847305, 4.20100641251, 2.28713822365, 1.87157940865, 3.71051764488, 5.33146429062, 2.05878973007, 2.89790439606, 8.09340000153, 14.4771957397, 10.0666875839, 9.04082107544, 18.3911190033, 20.6619873047, 49.4882736206, 112.28818512, 40.5279273987, 32.5910873413, 27.1000919342, 39.3435554504, 29.7876358032, 29.9988307953, 18.2644672394, 15.2189645767, 15.5119228363, 13.6759500504, 10.2607803345, 7.70343971252, 4.74230480194, 3.18554568291, 1.93668162823, 1.70193994045, 0.438973754644, 0.133299782872, 0.0315314382315, 0.00286528235301, 7.67222954892e-05, 4.2340852815e-05],
        "median": [0.342280894518, 2.43240022659, 2.77992534637, 2.04765367508, 1.29542374611, 0.694268226624, 2.18009400368, 3.43346762657, 1.28601193428, 0.872834265232, 2.43853259087, 3.11747145653, 2.85884380341, 3.74349355698, 5.28035879135, 7.33028888702, 23.6299762726, 26.8807449341, 20.3879737854, 14.4515953064, 11.8311214447, 13.0763540268, 12.3758745193, 12.7159690857, 9.99570846558, 7.81506633759, 9.58265304565, 6.53478050232, 5.21175384521, 2.98077178001, 1.79941618443, 1.03082895279, 0.505332648754, 0.194548860192, 0.0898747816682, 0.0355372652411, 0.00927003286779, 0.00071795162512, 3.43530409737e-05, 3.88320950151e-05],
        "min": [0.000408874591812, 0.00321282073855, 0.0222817417234, 0.071057587862, 0.0849755629897, 0.0444742403924, 0.0649405792356, 0.135508000851, 0.0726042613387, 0.045445099473, 0.0225127637386, 0.045592200011, 0.054598800838, 0.0550381168723, 0.0841381624341, 0.128454372287, 0.137578517199, 0.118115305901, 0.198556765914, 0.150327116251, 0.105177603662, 0.096447519958, 0.0901018902659, 0.13338021934, 0.0829509198666, 0.0685984790325, 0.0656700208783, 0.057651668787, 0.0328764207661, 0.0260831713676, 0.0242513176054, 0.0166498348117, 0.00223486497998, 0.000354110263288, 9.988185775e-05, 4.90973325213e-05, 8.15126622911e-06, 1.52763959704e-06, 1.05611047729e-06, 8.93759420251e-07],
        "var": [0.181708097458, 10.6246509552, 34.070640564, 32.8215408325, 9.11437702179, 15.0832929611, 25.6745872498, 40.9223670959, 6.69165420532, 50.1483879089, 368.146606445, 1314.96533203, 412.209106445, 379.133087158, 1228.19824219, 1146.02905273, 5494.56347656, 21844.96875, 2757.22998047, 1897.92456055, 1797.38806152, 3953.27490234, 1877.74694824, 1887.30834961, 584.751220703, 546.919433594, 529.146789551, 481.211334229, 220.723434448, 251.938613892, 133.256988525, 77.6958236694, 26.0685596466, 16.7498035431, 1.20282721519, 0.0723711401224, 0.00284243584611, 2.37443055084e-05, 1.07047437581e-08, 5.94146509769e-10]
    },
    "gfcc": {
        "mean": [2.6852786541, 79.9164505005, -123.216537476, 62.5556373596, -34.9559211731, 35.7490692139, -27.9770011902, 9.00006103516, -17.751750946, 11.3386592865, -11.2627124786, 1.21492087841, -10.6252145767],
        "cov": [[3381.04101562, -950.012390137, -540.065002441, -119.501609802, -334.584228516, 124.007270813, -145.914413452, 153.075363159, -251.372436523, -46.0468177795, -290.389160156, -60.3234863281, -228.860290527], [-950.012390137, 829.938476562, -44.0555343628, -75.362701416, 220.476730347, -103.62688446, 202.207122803, -8.7880153656, 184.323440552, -57.1466712952, 114.20728302, 35.9504470825, 125.421607971], [-540.065002441, -44.0555343628, 721.705078125, 106.666542053, -28.2216014862, 35.4268188477, -17.5085086823, 93.3211975098, -2.32358503342, 35.7097358704, 21.4134101868, 56.8312149048, 62.3900337219], [-119.501609802, -75.362701416, 106.666542053, 230.637161255, 59.8878059387, -11.2128658295, -22.4080505371, -8.75480079651, 33.0120048523, -4.9280166626, 23.3447875977, 2.16166067123, 26.1657676697], [-334.584228516, 220.476730347, -28.2216014862, 59.8878059387, 222.247314453, -3.85122275352, 48.8073768616, -5.2874212265, 92.7696304321, 1.01474130154, 50.6215934753, 18.7383613586, 41.7187004089], [124.007270813, -103.62688446, 35.4268188477, -11.2128658295, -3.85122275352, 162.545822144, 49.5273361206, 8.25700092316, -19.1540184021, 27.4268188477, 26.9028091431, -14.8474264145, -9.12862491608], [-145.914413452, 202.207122803, -17.5085086823, -22.4080505371, 48.8073768616, 49.5273361206, 203.511169434, 58.0663948059, 51.5487747192, -24.3034553528, 44.9653663635, 21.4682598114, 25.964132309], [153.075363159, -8.7880153656, 93.3211975098, -8.75480079651, -5.2874212265, 8.25700092316, 58.0663948059, 140.223327637, 29.2044219971, -26.3956050873, -20.597902298, 24.1564350128, 8.85754013062], [-251.372436523, 184.323440552, -2.32358503342, 33.0120048523, 92.7696304321, -19.1540184021, 51.5487747192, 29.2044219971, 124.937721252, 4.36276483536, 33.1015968323, 10.4198799133, 38.8551216125], [-46.0468177795, -57.1466712952, 35.7097358704, -4.9280166626, 1.01474130154, 27.4268188477, -24.3034553528, -26.3956050873, 4.36276483536, 77.3972396851, 15.0064954758, -9.60871696472, -5.82426977158], [-290.389160156, 114.20728302, 21.4134101868, 23.3447875977, 50.6215934753, 26.9028091431, 44.9653663635, -20.597902298, 33.1015968323, 15.0064954758, 94.5015869141, 18.7344913483, 30.5084266663], [-60.3234863281, 35.9504470825, 56.8312149048, 2.16166067123, 18.7383613586, -14.8474264145, 21.4682598114, 24.1564350128, 10.4198799133, -9.60871696472, 18.7344913483, 74.5288696289, 34.770652771], [-228.860290527, 125.421607971, 62.3900337219, 26.1657676697, 41.7187004089, -9.12862491608, 25.964132309, 8.85754013062, 38.8551216125, -5.82426977158, 30.5084266663, 34.770652771, 89.8549041748]],
        "icov": [[0.000923757033888, -9.15675263968e-05, 0.00116564764176, -0.000749153085053, 0.000713511486538, -0.00133387930691, 0.000794193067122, -0.00197144015692, 0.00102547253482, -0.000546842871699, 0.00177007378079, -0.00111353723332, 0.000738501315936], [-9.15675263968e-05, 0.00934459548444, -0.00241193012334, 0.00774506526068, -0.00515403039753, 0.00789507105947, -0.00722658028826, 0.00647422950715, -0.00692368857563, 0.007411764469, -0.00553129939362, 0.00610097358003, -0.00622073467821], [0.00116564764176, -0.00241193012334, 0.00417319592088, -0.00392434839159, 0.00263986759819, -0.0038826209493, 0.0033254805021, -0.00605063326657, 0.00382067565806, -0.00412049749866, 0.00301175005734, -0.00373007217422, 0.00109769869596], [-0.000749153085053, 0.00774506526068, -0.00392434839159, 0.0125460484996, -0.00606430182233, 0.00743045751005, -0.00527661852539, 0.0075455843471, -0.00751469889656, 0.00839831121266, -0.00675910711288, 0.00694870529696, -0.00589614221826], [0.000713511486538, -0.00515403039753, 0.00263986759819, -0.00606430182233, 0.010850450024, -0.005846418906, 0.0041218129918, -0.00365585880354, -0.000428197701694, -0.00402887957171, 0.0031840200536, -0.00554833607748, 0.00347198965028], [-0.00133387930691, 0.00789507105947, -0.0038826209493, 0.00743045751005, -0.005846418906, 0.0173244066536, -0.00988971814513, 0.00643864227459, -0.00328906276263, 0.00311420112848, -0.00959037989378, 0.00962694082409, -0.00603287760168], [0.000794193067122, -0.00722658028826, 0.0033254805021, -0.00527661852539, 0.0041218129918, -0.00988971814513, 0.0147849051282, -0.00955808348954, 0.00382721517235, -0.00288074184209, 0.00194429641124, -0.00613040151075, 0.00495934765786], [-0.00197144015692, 0.00647422950715, -0.00605063326657, 0.0075455843471, -0.00365585880354, 0.00643864227459, -0.00955808348954, 0.0215034130961, -0.0119633479044, 0.0100671239197, -0.00178031390533, 0.00281513482332, -0.00371971121058], [0.00102547253482, -0.00692368857563, 0.00382067565806, -0.00751469889656, -0.000428197701694, -0.00328906276263, 0.00382721517235, -0.0119633479044, 0.0228038076311, -0.0105024846271, 0.00301792426035, -0.00205561704934, 0.00097879616078], [-0.000546842871699, 0.007411764469, -0.00412049749866, 0.00839831121266, -0.00402887957171, 0.00311420112848, -0.00288074184209, 0.0100671239197, -0.0105024846271, 0.0245198030025, -0.00738010695204, 0.00594675727189, -0.00296048633754], [0.00177007378079, -0.00553129939362, 0.00301175005734, -0.00675910711288, 0.0031840200536, -0.00959037989378, 0.00194429641124, -0.00178031390533, 0.00301792426035, -0.00738010695204, 0.0244884863496, -0.009561621584, 0.00286927330308], [-0.00111353723332, 0.00610097358003, -0.00373007217422, 0.00694870529696, -0.00554833607748, 0.00962694082409, -0.00613040151075, 0.00281513482332, -0.00205561704934, 0.00594675727189, -0.009561621584, 0.0249037276953, -0.010853651911], [0.000738501315936, -0.00622073467821, 0.00109769869596, -0.00589614221826, 0.00347198965028, -0.00603287760168, 0.00495934765786, -0.00371971121058, 0.00097879616078, -0.00296048633754, 0.00286927330308, -0.010853651911, 0.0219672042876]]
    },
    "melbands": {
        "dmean": [0.00258703134023, 0.00199642893858, 0.000598693324719, 0.000108092921437, 8.32536097732e-05, 7.54871653044e-05, 2.19392932195e-05, 3.87535183108e-05, 6.72048336128e-05, 7.32870466891e-05, 4.21067343268e-05, 2.91497672151e-05, 4.85503260279e-05, 3.96954783355e-05, 5.14917483088e-05, 9.31199538172e-05, 0.000105998762592, 5.37559790246e-05, 3.28314090439e-05, 2.84795078187e-05, 2.40001645579e-05, 2.868390402e-05, 3.03447468468e-05, 1.62710002769e-05, 1.89490147022e-05, 1.02066205727e-05, 8.07312517281e-06, 6.56302745483e-06, 5.66518338019e-06, 6.89452326696e-06, 5.3589055824e-06, 3.86288184018e-06, 3.51376229446e-06, 3.40906308338e-06, 2.34791104958e-06, 1.87892885606e-06, 1.878220246e-06, 1.40787165037e-06, 1.66610061569e-06, 1.81011319e-06],
        "dmean2": [0.00429696543142, 0.00335687608458, 0.00105831271503, 0.000179863840458, 0.000131386244902, 0.000119569667731, 3.77012693207e-05, 6.60096702632e-05, 0.000107867141196, 0.000109339489427, 6.77392454236e-05, 4.80152339151e-05, 7.57584348321e-05, 6.27937115496e-05, 8.17759500933e-05, 0.000143831348396, 0.000175546651008, 8.12059952295e-05, 5.188670184e-05, 4.40953954239e-05, 3.76257085009e-05, 4.26072438131e-05, 4.6495704737e-05, 2.4862227292e-05, 2.89226136374e-05, 1.54112640303e-05, 1.15710154205e-05, 9.72775433183e-06, 8.33522699395e-06, 9.83165045909e-06, 7.37348591429e-06, 5.56182112632e-06, 5.04408490087e-06, 4.91307309858e-06, 3.35869935952e-06, 2.77347999145e-06, 2.93894322567e-06, 2.18591890189e-06, 2.86825593321e-06, 3.22058281199e-06],
        "dvar": [8.67273774929e-06, 7.79456695454e-06, 9.00969894246e-07, 4.72867007772e-08, 2.26788916535e-08, 1.70668457145e-08, 1.40503630952e-09, 1.14436087273e-08, 2.44408990824e-08, 3.28147393702e-08, 8.46664782728e-09, 6.36822994338e-09, 1.06829052271e-08, 5.32974198109e-09, 7.93130894294e-09, 1.83226767092e-08, 3.04123268791e-08, 7.91692933433e-09, 2.50742338004e-09, 2.54453769166e-09, 2.10269468504e-09, 2.14387019248e-09, 3.80597819927e-09, 8.49145531667e-10, 1.03418262842e-09, 2.35046898611e-10, 1.94991453539e-10, 1.87347526381e-10, 1.35884262176e-10, 1.7466250668e-10, 1.16679527151e-10, 4.59123780661e-11, 7.47745754204e-11, 8.51055059758e-11, 4.6243547186e-11, 3.07364203533e-11, 3.72911874991e-11, 1.66906384547e-11, 1.20077888605e-11, 1.38310665004e-11],
        "dvar2": [2.45857208938e-05, 2.0462073735e-05, 2.50093808063e-06, 1.21511959605e-07, 5.32756097016e-08, 4.24127470922e-08, 3.79711684317e-09, 3.02078717596e-08, 5.64580204809e-08, 6.97011230955e-08, 2.13614654854e-08, 1.6360132804e-08, 2.49359413118e-08, 1.25747865454e-08, 1.78682757479e-08, 4.60881963704e-08, 8.46714343083e-08, 1.83469168746e-08, 6.03196959048e-09, 5.90642956766e-09, 5.28694688029e-09, 4.68098537709e-09, 8.45955661077e-09, 2.01145922141e-09, 2.55664867055e-09, 5.53828483074e-10, 4.38434427652e-10, 4.55856963288e-10, 3.29549137978e-10, 3.58297475023e-10, 2.86216855772e-10, 1.05153157015e-10, 1.86236873145e-10, 2.00885280632e-10, 1.06661075805e-10, 7.24775101046e-11, 9.38917138482e-11, 4.06365878447e-11, 2.97087909829e-11, 3.55367089921e-11],
        "max": [0.018364213407, 0.0271484013647, 0.00771921267733, 0.00199142890051, 0.00183887372259, 0.00125985220075, 0.000404724822147, 0.0012833212968, 0.00136479863431, 0.00251362100244, 0.00115862337407, 0.00137070252094, 0.00196793139912, 0.000929006957449, 0.00156354834326, 0.00174668303225, 0.00162564625498, 0.000893807853572, 0.000464909273433, 0.000618810299784, 0.000552218174562, 0.000371262343833, 0.000564619782381, 0.000351737486199, 0.000319009210216, 0.000155183326569, 0.000152161854203, 0.000248749012826, 0.000242652473389, 0.000221800175495, 0.000191204264411, 0.000136705493787, 0.000167219506693, 0.000133071604068, 0.000130513784825, 7.40254836273e-05, 9.33741175686e-05, 4.15677495766e-05, 3.19795071846e-05, 3.31205847033e-05],
        "mean": [0.00429731654003, 0.00337283918634, 0.000682327838149, 0.000134747853735, 0.000123874720884, 0.000124274069094, 2.80709664366e-05, 3.7436693674e-05, 7.49838873162e-05, 8.93682663445e-05, 4.83567673655e-05, 3.36397024512e-05, 6.08214177191e-05, 4.79564441775e-05, 6.92356261425e-05, 0.000163207078003, 0.00020602204313, 6.71400484862e-05, 4.74316875625e-05, 3.65111045539e-05, 2.99491293845e-05, 3.78664080927e-05, 3.79345219699e-05, 2.35239022004e-05, 2.51868095802e-05, 1.44753357745e-05, 1.16669043564e-05, 9.43891063798e-06, 9.423886695e-06, 9.46500858845e-06, 7.36699576009e-06, 6.13469546806e-06, 4.7843068387e-06, 4.04564570999e-06, 2.82218820757e-06, 2.13556882045e-06, 1.92809193322e-06, 1.43291094901e-06, 1.35882805807e-06, 1.33578237183e-06],
        "median": [0.00337617634796, 0.00232160347514, 0.000354024785338, 6.41483275103e-05, 7.23789125914e-05, 7.99918125267e-05, 1.64258890436e-05, 8.27876829135e-06, 2.18481018237e-05, 1.84321706911e-05, 1.1421328054e-05, 1.28875662995e-05, 1.72640666278e-05, 1.36618136821e-05, 2.1685667889e-05, 4.53129359812e-05, 4.76064742543e-05, 2.58753243543e-05, 2.13166204048e-05, 1.45693129525e-05, 1.2637531654e-05, 1.28687261167e-05, 1.079613412e-05, 1.10755954665e-05, 1.01333334896e-05, 7.5523958003e-06, 5.89368391957e-06, 4.46548892796e-06, 5.80518417337e-06, 4.45320392828e-06, 3.48329285771e-06, 2.93864945888e-06, 2.37876474785e-06, 1.27645250814e-06, 1.00320050933e-06, 8.14696136331e-07, 5.35451817996e-07, 3.98275886937e-07, 1.96115166773e-07, 1.4449956609e-07],
        "min": [5.36197603651e-06, 1.09072279884e-05, 1.33659304993e-05, 3.09200368065e-06, 2.63423748947e-06, 3.56936720891e-06, 4.7650524948e-07, 1.96293811427e-07, 1.5784308971e-07, 2.46537950943e-07, 6.93659032436e-08, 1.92617889638e-07, 1.88162147197e-07, 1.7331264246e-07, 3.29220824824e-07, 2.612625849e-07, 1.67455510791e-07, 3.39018470186e-07, 1.44615015074e-07, 1.61009140243e-07, 1.03140450847e-07, 1.06947553036e-07, 6.53557350461e-08, 8.17032841383e-08, 1.00339491382e-07, 5.87345994063e-08, 4.186827951e-08, 3.13618997438e-08, 3.290626438e-08, 4.99349717131e-08, 2.66553090711e-08, 1.87073112556e-08, 1.52990242697e-08, 1.26177734927e-08, 1.2001997618e-08, 8.99246010988e-09, 5.5474616012e-09, 1.4039609475e-09, 7.22077020572e-13, 3.57180257593e-12],
