{
"highlevel": {
    "danceability": {
        "all": {
            "danceable": 0.999443888664,
            "not_danceable": 0.000556088867597
        },
        "probability": 0.999443888664,
        "value": "danceable"
    },
    "gender": {
        "all": {
            "female": 0.516756892204,
            "male": 0.483243107796
        },
        "probability": 0.516756892204,
        "value": "female"
    },
    "genre_dortmund": {
        "all": {
            "alternative": 0.0136577710509,
            "blues": 0.0177644863725,
            "electronic": 0.0686407089233,
            "folkcountry": 0.0236386992037,
            "funksoulrnb": 0.0354002192616,
            "jazz": 0.0232885461301,
            "pop": 0.0919231250882,
            "raphiphop": 0.679064452648,
            "rock": 0.0466219894588
        },
        "probability": 0.679064452648,
        "value": "raphiphop"
    },
    "genre_electronic": {
        "all": {
            "ambient": 0.22356750071,
            "dnb": 0.149337410927,
            "house": 0.363322496414,
            "techno": 0.0188420955092,
            "trance": 0.244930505753
        },
        "probability": 0.363322496414,
        "value": "house"
    },
    "genre_rosamerica": {
        "all": {
            "cla": 0.00480160396546,
            "dan": 0.0611045211554,
            "hip": 0.267262935638,
            "jaz": 0.00684524141252,
            "pop": 0.344254612923,
            "rhy": 0.253680199385,
            "roc": 0.0593997314572,
            "spe": 0.00265116128139
        },
        "probability": 0.344254612923,
        "value": "pop"
    },
    "genre_tzanetakis": {
        "all": {
            "blu": 0.0626613423228,
            "cla": 0.0348169617355,
            "cou": 0.104475811124,
            "dis": 0.0784321576357,
            "hip": 0.15692435205,
            "jaz": 0.313974827528,
            "met": 0.0448166541755,
            "pop": 0.0627359300852,
            "reg": 0.0627360641956,
            "roc": 0.0784258767962
        },
        "probability": 0.313974827528,
        "value": "jaz"
    },
    "ismir04_rhythm": {
        "all": {
            "ChaChaCha": 0.0088166706264,
            "Jive": 0.00719095719978,
            "Quickstep": 0.00454484065995,
            "Rumba-American": 0.00295402272604,
            "Rumba-International": 0.00401918077841,
            "Rumba-Misc": 0.0021854727529,
            "Samba": 0.966826021671,
            "Tango": 0.000257436418906,
            "VienneseWaltz": 0.00150133681018,
            "Waltz": 0.00170405791141
        },
        "probability": 0.966826021671,
        "value": "Samba"
    },
    "mood_acoustic": {
        "all": {
            "acoustic": 0.0237817205489,
            "not_acoustic": 0.976218283176
        },
        "probability": 0.976218283176,
        "value": "not_acoustic"
    },
    "mood_aggressive": {
        "all": {
            "aggressive": 0.263077706099,
            "not_aggressive": 0.736922323704
        },
        "probability": 0.736922323704,
        "value": "not_aggressive"
    },
    "mood_electronic": {
        "all": {
            "electronic": 0.805411279202,
            "not_electronic": 0.194588705897
        },
        "probability": 0.805411279202,
        "value": "electronic"
    },
    "mood_happy": {
        "all": {
            "happy": 0.686982393265,
            "not_happy": 0.313017636538
        },
        "probability": 0.686982393265,
        "value": "happy"
    },
    "mood_party": {
        "all": {
            "not_party": 0.166437581182,
            "party": 0.83356243372
        },
        "probability": 0.83356243372,
        "value": "party"
    },
    "mood_relaxed": {
        "all": {
            "not_relaxed": 0.956005036831,
            "relaxed": 0.0439949594438
        },
        "probability": 0.956005036831,
        "value": "not_relaxed"
    },
    "mood_sad": {
        "all": {
            "not_sad": 0.753677964211,
            "sad": 0.246322005987
        },
        "probability": 0.753677964211,
        "value": "not_sad"
    },
    "moods_mirex": {
        "all": {
            "Cluster1": 0.145374000072,
            "Cluster2": 0.338126003742,
            "Cluster3": 0.090235479176,
            "Cluster4": 0.310952961445,
            "Cluster5": 0.115311548114
        },
        "probability": 0.338126003742,
        "value": "Cluster2"
    },
    "timbre": {
        "all": {
            "bright": 0.977685153484,
            "dark": 0.0223148670048
        },
        "probability": 0.977685153484,
        "value": "bright"
    },
    "tonal_atonal": {
        "all": {
            "atonal": 0.262197196484,
            "tonal": 0.737802803516
        },
        "probability": 0.737802803516,
        "value": "tonal"
    },
    "voice_instrumental": {
        "all": {
            "instrumental": 0.00606973189861,
            "voice": 0.993930280209
        },
        "probability": 0.993930280209,
        "value": "voice"
    }
},
"lowlevel": {
    "average_loudness": 0.978064775467,
    "barkbands_crest": {
        "dmean": 2.97243237495,
        "dmean2": 4.25701332092,
        "dvar": 6.9325709343,
        "dvar2": 15.1982841492,
        "max": 26.2397403717,
        "mean": 11.5721330643,
        "median": 10.298997879,
        "min": 2.37190532684,
        "var": 30.6437797546
    },
    "barkbands_flatness_db": {
        "dmean": 0.0288740582764,
        "dmean2": 0.0403458438814,
        "dvar": 0.000954623101279,
        "dvar2": 0.0018341538962,
        "max": 0.430070310831,
        "mean": 0.159301787615,
        "median": 0.150153636932,
        "min": 0.0391887575388,
        "var": 0.00438089016825
    },
    "barkbands_kurtosis": {
        "dmean": 4.84851694107,
        "dmean2": 7.05402803421,
        "dvar": 224.266998291,
        "dvar2": 450.465301514,
        "max": 248.351226807,
        "mean": 6.43563318253,
        "median": 1.16344070435,
        "min": -1.94110393524,
        "var": 392.128356934
    },
    "barkbands_skewness": {
        "dmean": 0.726608157158,
        "dmean2": 1.02453947067,
        "dvar": 0.969635128975,
        "dvar2": 1.86467134953,
        "max": 13.9362268448,
        "mean": 1.56219315529,
        "median": 1.12144303322,
        "min": -5.42728471756,
        "var": 3.39325976372
    },
    "barkbands_spread": {
        "dmean": 7.67520475388,
        "dmean2": 11.7186784744,
        "dvar": 84.5723495483,
        "dvar2": 184.798843384,
        "max": 124.84186554,
        "mean": 24.3974933624,
        "median": 22.8142471313,
        "min": 0.49874022603,
        "var": 203.858352661
    },
    "dissonance": {
        "dmean": 0.023654486984,
        "dmean2": 0.0392282605171,
        "dvar": 0.000535715778824,
        "dvar2": 0.0015344475396,
        "max": 0.499997526407,
        "mean": 0.460458427668,
        "median": 0.467921167612,
        "min": 0.25749373436,
        "var": 0.000970529566985
    },
    "dynamic_complexity": 2.30439805984,
    "erbbands_crest": {
        "dmean": 3.26708841324,
        "dmean2": 5.13421201706,
        "dvar": 8.06214427948,
        "dvar2": 18.884147644,
        "max": 28.3389263153,
        "mean": 10.0510416031,
        "median": 9.22884368896,
        "min": 2.45766091347,
        "var": 20.3509349823
    },
    "erbbands_flatness_db": {
        "dmean": 0.0228678043932,
        "dmean2": 0.0328921154141,
        "dvar": 0.000459894479718,
        "dvar2": 0.000983838457614,
        "max": 0.378344655037,
        "mean": 0.16941806674,
        "median": 0.161695569754,
        "min": 0.0723455101252,
        "var": 0.00232843938284
    },
    "erbbands_kurtosis": {
        "dmean": 1.52271223068,
        "dmean2": 2.30438065529,
        "dvar": 4.14326334,
        "dvar2": 9.1200094223,
        "max": 21.2457351685,
        "mean": 1.66042232513,
        "median": 0.781349897385,
        "min": -1.8990432024,
        "var": 9.03454780579
    },
    "erbbands_skewness": {
        "dmean": 0.454761177301,
        "dmean2": 0.688666403294,
        "dvar": 0.214864388108,
        "dvar2": 0.476531296968,
        "max": 3.38077831268,
        "mean": 0.456380575895,
        "median": 0.472127377987,
        "min": -4.31109952927,
        "var": 0.735787928104
    },
    "erbbands_spread": {
        "dmean": 10.3670043945,
        "dmean2": 15.4532976151,
        "dvar": 153.692810059,
        "dvar2": 332.679534912,
        "max": 192.800018311,
        "mean": 34.6525840759,
        "median": 30.7971801758,
        "min": 3.21297097206,
        "var": 451.758117676
    },
    "hfc": {
        "dmean": 13.0093803406,
        "dmean2": 20.6463451385,
        "dvar": 417.379882812,
        "dvar2": 1088.98754883,
        "max": 167.675918579,
        "mean": 28.7024478912,
        "median": 24.6361045837,
        "min": 0.419469088316,
        "var": 497.117950439
    },
    "melbands_crest": {
        "dmean": 3.87289762497,
        "dmean2": 5.62345933914,
        "dvar": 12.7603940964,
        "dvar2": 27.0150871277,
        "max": 38.0940475464,
        "mean": 17.8952827454,
        "median": 15.4847106934,
        "min": 3.41344451904,
        "var": 84.1567001343
    },
    "melbands_flatness_db": {
        "dmean": 0.0362301692367,
        "dmean2": 0.0490538291633,
        "dvar": 0.00166264851578,
        "dvar2": 0.00320464093238,
        "max": 0.554239213467,
        "mean": 0.193394497037,
        "median": 0.178041324019,
        "min": 0.0222939196974,
        "var": 0.00718436948955
    },
    "melbands_kurtosis": {
        "dmean": 12.5289087296,
        "dmean2": 18.4905376434,
        "dvar": 1147.29345703,
        "dvar2": 2377.76733398,
        "max": 482.421508789,
        "mean": 20.5982303619,
        "median": 5.02379322052,
        "min": -1.83292520046,
        "var": 2335.36303711
    },
    "melbands_skewness": {
        "dmean": 1.02551496029,
        "dmean2": 1.46334159374,
        "dvar": 2.19358253479,
        "dvar2": 4.26586532593,
        "max": 19.8646125793,
        "mean": 2.78755927086,
        "median": 1.90288543701,
        "min": -1.9039670229,
        "var": 8.03959655762
    },
    "melbands_spread": {
        "dmean": 11.436964035,
        "dmean2": 17.7794246674,
        "dvar": 341.644195557,
        "dvar2": 800.994750977,
        "max": 243.193771362,
        "mean": 28.614906311,
        "median": 24.2070236206,
        "min": 0.465436130762,
        "var": 620.280212402
    },
    "pitch_salience": {
        "dmean": 0.0865576341748,
        "dmean2": 0.128266945481,
        "dvar": 0.00763389049098,
        "dvar2": 0.0141125814989,
        "max": 0.872807323933,
        "mean": 0.495696663857,
        "median": 0.527408838272,
        "min": 0.0498567633331,
        "var": 0.0342429801822
    },
    "silence_rate_20dB": {
        "dmean": 0,
        "dmean2": 0,
        "dvar": 0,
        "dvar2": 0,
        "max": 1,
        "mean": 1,
        "median": 1,
        "min": 1,
        "var": 0
    },
    "silence_rate_30dB": {
        "dmean": 0,
        "dmean2": 0,
        "dvar": 0,
        "dvar2": 0,
        "max": 1,
        "mean": 1,
        "median": 1,
        "min": 1,
        "var": 0
    },
    "silence_rate_60dB": {
        "dmean": 0.0239938087761,
        "dmean2": 0.0472501926124,
        "dvar": 0.0234181769192,
        "dvar2": 0.0512142181396,
        "max": 1,
        "mean": 0.0355761796236,
        "median": 0,
        "min": 0,
        "var": 0.0343107134104
    },
    "spectral_centroid": {
        "dmean": 378.359680176,
        "dmean2": 581.126159668,
        "dvar": 251622.65625,
        "dvar2": 552162.5625,
        "max": 7565.60449219,
        "mean": 1564.95788574,
        "median": 1435.90820312,
        "min": 139.357345581,
        "var": 574550.1875
    },
    "spectral_complexity": {
        "dmean": 5.37925720215,
        "dmean2": 8.03640556335,
        "dvar": 41.2091331482,
        "dvar2": 91.3564605713,
        "max": 55,
        "mean": 19.3982982635,
        "median": 18,
        "min": 0,
        "var": 112.754737854
    },
    "spectral_decrease": {
        "dmean": 2.59020072058e-09,
        "dmean2": 3.34737126906e-09,
        "dvar": 8.00467145543e-18,
        "dvar2": 1.43574979692e-17,
        "max": -8.80229916733e-11,
        "mean": -9.10779363039e-09,
        "median": -8.11361555719e-09,
        "min": -2.77167870877e-08,
        "var": 4.00706538102e-17
    },
    "spectral_energy": {
        "dmean": 0.0103924879804,
        "dmean2": 0.0137443467975,
        "dvar": 0.000135012218379,
        "dvar2": 0.000249519915087,
        "max": 0.11199092865,
        "mean": 0.0369782522321,
        "median": 0.0341009385884,
        "min": 0.000794289459009,
        "var": 0.00060888659209
    },
    "spectral_energyband_high": {
        "dmean": 0.000957306707278,
        "dmean2": 0.00160224689171,
        "dvar": 3.21914922097e-06,
        "dvar2": 8.59406827658e-06,
        "max": 0.0166550073773,
        "mean": 0.00134677626193,
        "median": 0.000844973139465,
        "min": 4.67510488988e-07,
        "var": 2.82717360278e-06
    },
    "spectral_energyband_low": {
        "dmean": 0.00635008187965,
        "dmean2": 0.00823797471821,
        "dvar": 8.74560137163e-05,
        "dvar2": 0.000141926051583,
        "max": 0.0870893746614,
        "mean": 0.0180315002799,
        "median": 0.00642409548163,
        "min": 6.2871080786e-08,
        "var": 0.000488844467327
    },
    "spectral_energyband_middle_high": {
        "dmean": 0.00407921290025,
        "dmean2": 0.00623194640502,
        "dvar": 2.57500378211e-05,
        "dvar2": 6.25908869551e-05,
        "max": 0.0422367081046,
        "mean": 0.00924454722553,
        "median": 0.00699731661007,
        "min": 1.32242785185e-05,
        "var": 7.25396967027e-05
    },
    "spectral_energyband_middle_low": {
        "dmean": 0.00511712860316,
        "dmean2": 0.00789471156895,
        "dvar": 5.21161600773e-05,
        "dvar2": 0.000119501484733,
        "max": 0.0605885386467,
        "mean": 0.00914598628879,
        "median": 0.00542750442401,
        "min": 1.6888794562e-05,
        "var": 9.98559189611e-05
    },
    "spectral_entropy": {
        "dmean": 0.221403062344,
        "dmean2": 0.31682318449,
        "dvar": 0.0603629425168,
        "dvar2": 0.133517041802,
        "max": 8.7580575943,
        "mean": 7.7288312912,
        "median": 7.75310564041,
        "min": 6.04156494141,
        "var": 0.160233363509
    },
    "spectral_flux": {
        "dmean": 0.03197639063,
        "dmean2": 0.0448766760528,
        "dvar": 0.000986304949038,
        "dvar2": 0.00153829040937,
        "max": 0.284063488245,
        "mean": 0.104380570352,
        "median": 0.0881232470274,
        "min": 0.0111727528274,
        "var": 0.00304911052808
    },
    "spectral_kurtosis": {
        "dmean": 1.37419247627,
        "dmean2": 2.14859652519,
        "dvar": 3.85409235954,
        "dvar2": 8.39203071594,
        "max": 51.4272613525,
        "mean": 3.44671726227,
        "median": 2.8231139183,
        "min": -1.46577525139,
        "var": 9.809009552
    },
    "spectral_rms": {
        "dmean": 0.000907692767214,
        "dmean2": 0.00117800093722,
        "dvar": 9.45572480759e-07,
        "dvar2": 1.62263768289e-06,
        "max": 0.0104527240619,
        "mean": 0.00559151079506,
        "median": 0.00576794659719,
        "min": 0.000880293431692,
        "var": 4.81145889353e-06
    },
    "spectral_rolloff": {
        "dmean": 837.862792969,
        "dmean2": 1405.24536133,
        "dvar": 2129886.75,
        "dvar2": 4745905.5,
        "max": 11391.0644531,
        "mean": 1833.23535156,
        "median": 1356.59179688,
        "min": 43.06640625,
        "var": 3966493
    },
    "spectral_skewness": {
        "dmean": 0.248214885592,
        "dmean2": 0.367361366749,
        "dvar": 0.0668606907129,
        "dvar2": 0.140195310116,
        "max": 4.36449480057,
        "mean": 1.51096594334,
        "median": 1.49566924572,
        "min": -0.433712184429,
        "var": 0.253875464201
    },
    "spectral_spread": {
        "dmean": 819585.5625,
        "dmean2": 1229803.25,
        "dvar": 1.11563086234e+12,
        "dvar2": 1.99012043981e+12,
        "max": 17789894,
        "mean": 5501304,
        "median": 5123473.5,
        "min": 867062.0625,
        "var": 4.50971041792e+12
    },
    "spectral_strongpeak": {
        "dmean": 0.662835478783,
        "dmean2": 1.10991597176,
        "dvar": 1.10604560375,
        "dvar2": 2.71051907539,
        "max": 8.97075462341,
        "mean": 1.1976634264,
        "median": 0.584129452705,
        "min": 0.0247000940144,
        "var": 2.16776680946
    },
    "zerocrossingrate": {
        "dmean": 0.0155830504373,
        "dmean2": 0.0176337230951,
        "dvar": 0.00040811416693,
        "dvar2": 0.000439726136392,
        "max": 0.42626953125,
        "mean": 0.0716081634164,
        "median": 0.06201171875,
        "min": 0.00341796875,
        "var": 0.0026433498133
    },
    "barkbands": {
        "dmean": [0.000793632352725, 0.00532658351585, 0.00280474405736, 0.00130003259983, 0.000958914752118, 0.00123088853434, 0.001374737476, 0.000946792482864, 0.000952088506892, 0.00113437452819, 0.000797934364527, 0.00110337231308, 0.000865910726134, 0.000870708317962, 0.000639030709863, 0.000421765522333, 0.000340442027664, 0.000199427988264, 0.000228889140999, 0.000187360172276, 0.000176122892299, 0.000177253052243, 0.000211845937883, 0.000228742719628, 0.000147051861859, 5.31443183718e-05, 1.28552400724e-07],
        "dmean2": [0.000650499307085, 0.00673668459058, 0.00485610729083, 0.00239431671798, 0.00158129562624, 0.00181398517452, 0.00206351256929, 0.00149527215399, 0.00153342681006, 0.00185468653217, 0.00126308039762, 0.00167982745916, 0.00134160520975, 0.00141598796472, 0.00102821155451, 0.000663989689201, 0.00058181892382, 0.000332503346726, 0.00041320422315, 0.000321654719301, 0.000299997453112, 0.000300359475659, 0.000357512995834, 0.00038354890421, 0.00023874604085, 9.21129758353e-05, 2.35876129295e-07],
        "dvar": [1.54852955347e-06, 7.7207099821e-05, 5.43516871403e-05, 1.39482035593e-05, 3.38289419233e-06, 5.82753091294e-06, 7.16739168638e-06, 3.15063221024e-06, 5.08116590936e-06, 5.44102886124e-06, 3.72940962734e-06, 4.21153481511e-06, 2.73209684565e-06, 3.03576962324e-06, 7.30408260097e-07, 7.29238081476e-07, 4.0518239075e-07, 1.31477662535e-07, 2.60013791831e-07, 1.27730459099e-07, 1.11155365801e-07, 1.11280307635e-07, 1.54164155219e-07, 1.87311684385e-07, 7.9539184128e-08, 9.85793047192e-09, 2.77435599451e-13],
        "dvar2": [1.29270404159e-06, 0.000110938417492, 0.000143456898513, 3.99194832426e-05, 9.1880601758e-06, 1.16440787679e-05, 1.51774529513e-05, 7.34594641472e-06, 1.20376653285e-05, 1.431457531e-05, 6.74699640513e-06, 8.90263436304e-06, 5.97683674641e-06, 7.67398614698e-06, 1.69574673237e-06, 1.53566998051e-06, 1.09503309886e-06, 3.61475201771e-07, 7.35799403628e-07, 3.4313774222e-07, 3.03383330902e-07, 2.95550023566e-07, 4.16896796196e-07, 5.10770234996e-07, 1.96446393375e-07, 2.45803342125e-08, 7.96109109625e-13],
        "max": [0.014349619858, 0.085739903152, 0.0409903675318, 0.0228645056486, 0.0212820190936, 0.0322369076312, 0.0293809194118, 0.0221593733877, 0.027147648856, 0.0318392887712, 0.0310106538236, 0.0307633988559, 0.0318847671151, 0.0195391681045, 0.00984691083431, 0.0167209766805, 0.00747003452852, 0.00346473231912, 0.00322884204797, 0.00286583323032, 0.00294666225091, 0.00293096783571, 0.00373694067821, 0.00412782421336, 0.00301230256446, 0.0013811159879, 7.17627290214e-06],
        "mean": [0.00175687181763, 0.013533519581, 0.00227474584244, 0.000905040709767, 0.00123169797007, 0.00189625984058, 0.00191665359307, 0.00130467896815, 0.0012212630827, 0.00159720203374, 0.00116961076856, 0.00175703561399, 0.00137961527798, 0.00112044124398, 0.000967715750448, 0.000577124825213, 0.000423352437792, 0.000283274974208, 0.000218183107791, 0.000213626990444, 0.000194833643036, 0.000201126837055, 0.000279060361208, 0.000306478352286, 0.00019712530775, 5.16652398801e-05, 8.48372181395e-08],
        "median": [5.47167801415e-05, 0.0021222953219, 0.000134962174343, 9.50756802922e-05, 0.000496279564686, 0.000404837279348, 0.00053418346215, 0.000446884747362, 0.000379762786906, 0.000549833232071, 0.000257386418525, 0.000507634948008, 0.000557873339858, 0.000498945941217, 0.000468047888717, 0.000240847599343, 0.000211923324969, 0.000184707692824, 9.67634405242e-05, 0.000109458596853, 9.84138459899e-05, 9.44745988818e-05, 0.000140159012517, 0.000161843869137, 7.31439067749e-05, 1.47349755935e-05, 8.36749503019e-10],
        "min": [7.68886065927e-10, 4.64376093134e-09, 2.51414267183e-09, 1.11347997489e-08, 4.08168716604e-07, 1.37043855375e-06, 9.06088217789e-08, 3.56744862984e-07, 2.43270051214e-07, 8.24743040084e-07, 2.90711369644e-07, 1.2149308759e-06, 1.83830275091e-06, 1.0358317013e-06, 3.62198306902e-07, 6.86120642968e-07, 2.70564981975e-07, 2.27493814009e-07, 1.0624125224e-07, 1.97852770611e-07, 1.22119175217e-07, 7.39198284805e-08, 5.64774076395e-08, 6.01897127694e-08, 1.01478736525e-09, 2.65961540985e-11, 7.15021965247e-12],
        "var": [9.99921030598e-06, 0.000372698588762, 4.11935507145e-05, 8.25340703159e-06, 3.75024774257e-06, 1.24965035866e-05, 1.30778635139e-05, 5.65664458918e-06, 7.17231114322e-06, 8.08687946119e-06, 8.43028192321e-06, 1.23063628052e-05, 5.80940559303e-06, 3.36365019393e-06, 1.67595624134e-06, 1.25329120237e-06, 4.79280458876e-07, 1.26356127339e-07, 1.71377280367e-07, 1.07454113163e-07, 9.2042270694e-08, 9.57853956152e-08, 1.53714168505e-07, 1.79791172172e-07, 1.09337101151e-07, 1.01336299352e-08, 1.68662298212e-13]
    },
    "erbbands": {
        "dmean": [0.243378579617, 1.20517528057, 3.03305745125, 3.82875084877, 3.60338568687, 3.00640177727, 5.31702613831, 10.7447071075, 18.1791095734, 22.5847988129, 22.6092834473, 18.4593544006, 34.8662490845, 29.502779007, 29.344499588, 45.7198410034, 38.3700027466, 44.4066505432, 33.1017684937, 29.2998447418, 20.5085659027, 18.3344211578, 11.0842189789, 13.1537408829, 8.76260852814, 8.99080562592, 7.91116666794, 6.49191093445, 7.00362110138, 6.57820415497, 5.87377023697, 5.0713391304, 3.71401906013, 1.89817500114, 0.877977788448, 0.33179667592, 0.0916099846363, 0.00607784418389, 0.000141382872243, 1.95465509023e-05],
        "dmean2": [0.244989439845, 1.60240328312, 4.91490745544, 6.78030347824, 6.43971729279, 4.82568407059, 7.56048774719, 15.9257860184, 27.146604538, 34.5012397766, 35.7191581726, 29.2597312927, 54.7118988037, 47.8520126343, 45.3440170288, 67.886428833, 59.5406799316, 69.5706558228, 53.213722229, 46.2131118774, 32.6450958252, 31.7161026001, 18.5554332733, 23.4033565521, 15.4305105209, 15.4092798233, 13.6213722229, 11.0964803696, 12.0734157562, 10.9492387772, 10.0001592636, 8.5853471756, 6.21669960022, 3.09598970413, 1.44849073887, 0.570202887058, 0.158878996968, 0.0105785652995, 0.000243440968916, 2.99467574223e-05],
        "dvar": [0.140108108521, 4.6552362442, 54.4910697937, 111.241874695, 82.1327438354, 30.1045646667, 171.310379028, 445.435852051, 1904.99536133, 2036.05126953, 2476.10375977, 1516.89672852, 5354.68554688, 3119.35424805, 3425.90136719, 6120.90576172, 5313.13330078, 6634.49511719, 2444.85595703, 2106.13574219, 1281.89367676, 1266.39880371, 334.995117188, 712.701171875, 331.785980225, 298.62890625, 203.254425049, 177.769790649, 187.325180054, 155.860671997, 115.786216736, 94.8321456909, 44.6146087646, 14.3389854431, 2.47999215126, 0.396734178066, 0.0298049002886, 0.000167121994309, 7.9512183504e-08, 8.3525814043e-10],
        "dvar2": [0.146228134632, 7.96067667007, 135.596588135, 304.541931152, 235.215118408, 74.9420166016, 339.9609375, 943.216186523, 3821.91674805, 4622.99853516, 5892.125, 3601.71679688, 13354.3701172, 7422.23242188, 6610.66210938, 12261.5419922, 11509.1416016, 15798.9667969, 6021.73828125, 4625.81298828, 3015.26269531, 3592.9453125, 914.198974609, 2020.78527832, 913.938781738, 802.546142578, 553.816345215, 482.789978027, 498.242553711, 409.284912109, 317.536224365, 256.054199219, 119.929763794, 35.6221008301, 5.94366931915, 1.04576516151, 0.0743874683976, 0.000403544487199, 1.97998048179e-07, 2.04474903676e-09],
        "max": [4.21543359756, 18.6882915497, 45.4041137695, 66.1218032837, 74.6895980835, 64.1143112183, 185.892105103, 236.549057007, 593.829284668, 750.379455566, 614.649597168, 402.683746338, 1089.99572754, 1208.83752441, 869.478088379, 1568.77001953, 1261.4420166, 856.907592773, 590.327148438, 568.628417969, 465.737731934, 294.730987549, 171.23866272, 160.71913147, 150.848968506, 135.936828613, 90.9056091309, 122.903121948, 107.101478577, 106.174064636, 94.2669067383, 95.2429428101, 60.9873085022, 45.6775474548, 17.0205078125, 7.82787132263, 2.18480491638, 0.199775442481, 0.00352935213596, 0.000259609543718],
        "mean": [0.619676470757, 2.09740138054, 2.81618881226, 3.04671835899, 3.21717262268, 4.13062524796, 7.52623271942, 16.0570774078, 26.1780204773, 31.2300243378, 30.3641853333, 26.3618984222, 49.1762199402, 46.7614097595, 53.2849311829, 73.219329834, 64.9186401367, 64.2024459839, 52.6894836426, 43.2898292542, 29.8906002045, 22.2869911194, 16.2598133087, 14.2350416183, 9.15050125122, 10.3259410858, 8.75536060333, 7.19108772278, 7.44604349136, 8.40289592743, 7.75436401367, 6.34831619263, 5.11674642563, 2.51884651184, 1.15864789486, 0.339522629976, 0.087226472795, 0.00559484260157, 0.000156374313519, 5.48760326637e-05],
        "median": [0.0517276264727, 0.350600212812, 0.303751826286, 0.268866181374, 1.18663322926, 1.29992413521, 1.50620675087, 3.49141907692, 6.76009988785, 10.1488780975, 10.3797063828, 10.5933942795, 15.2244548798, 16.4378261566, 15.895442009, 27.5632534027, 30.1876335144, 31.015537262, 26.2996196747, 19.122127533, 15.4348897934, 11.4509267807, 10.5944452286, 7.85731935501, 4.08629989624, 5.26096343994, 4.22936868668, 3.29210710526, 3.25564479828, 4.13308906555, 3.66987657547, 3.34393382072, 2.50937080383, 0.924089312553, 0.416592746973, 0.105162672698, 0.0205067936331, 0.00113251979928, 5.77672399231e-05, 4.85631608171e-05],
        "min": [4.03596430942e-07, 3.48033199771e-06, 1.69531140273e-05, 0.000127614286612, 0.000768040015828, 0.002013200894, 0.00537390867248, 0.0180509798229, 0.0102901188657, 0.009446375072, 0.0199414100498, 0.0114962756634, 0.0130984755233, 0.0290193520486, 0.0315998457372, 0.0579404719174, 0.106622695923, 0.0713719055057, 0.0322454497218, 0.0332986302674, 0.0283773206174, 0.0163688212633, 0.0179966185242, 0.0129715427756, 0.00680350000039, 0.00886532384902, 0.00714859506115, 0.00346804573201, 0.00291630579159, 0.00195652013645, 0.00154736859258, 0.00141456106212, 0.000923554529436, 0.000352516071871, 5.81040185352e-05, 7.06335458744e-06, 1.94890753846e-06, 5.19940670074e-07, 7.41909673252e-07, 9.48547210555e-07],
        "var": [0.944802880287, 11.5680160522, 48.7291526794, 76.1169204712, 52.0503196716, 49.2360534668, 331.47833252, 865.857788086, 2996.11499023, 3837.98364258, 3684.71533203, 2194.79980469, 7950.05273438, 6892.56933594, 11298.1259766, 16543.4589844, 11484.0566406, 9374.94628906, 5263.01220703, 4576.00341797, 2035.51452637, 1165.97143555, 360.159088135, 488.010101318, 250.700531006, 253.803100586, 172.244995117, 143.393341064, 150.801147461, 154.420150757, 117.595321655, 82.1828765869, 51.3847579956, 19.3763790131, 3.52627468109, 0.367947399616, 0.0317509584129, 0.000168587575899, 7.79648203775e-08, 1.38670741556e-09]
    },
    "gfcc": {
        "mean": [10.9132995605, 62.6917228699, -132.733703613, 19.4530773163, -67.7566986084, 35.6090354919, -43.8724937439, 14.0243139267, -17.6774368286, 8.3599395752, -8.18090820312, 1.8337726593, -8.77006435394],
        "cov": [[3938.3293457, 162.659927368, 26.646314621, 354.750762939, 130.185256958, 1.7430472374, 99.2138366699, 217.128921509, -48.8181877136, 134.349319458, -255.576629639, -7.99327802658, -164.113708496], [162.659927368, 1600.51647949, 170.298522949, 412.204040527, 487.721252441, 114.606994629, 462.115142822, 117.449508667, 336.490386963, 24.3709545135, 223.908081055, -35.6764793396, 115.347900391], [26.646314621, 170.298522949, 1264.43493652, 521.451171875, 288.769775391, 307.118713379, 92.6626815796, 134.955307007, 184.906112671, 217.288330078, 70.6528091431, 130.216339111, 6.99821090698], [354.750762939, 412.204040527, 521.451171875, 777.261657715, 349.728271484, 222.009475708, 262.772094727, 141.635055542, 276.694915771, 102.999977112, 114.729850769, 48.3708000183, 76.9691390991], [130.185256958, 487.721252441, 288.769775391, 349.728271484, 624.287658691, 350.530609131, 410.148986816, 234.3855896, 253.220489502, 101.242347717, 96.1638793945, 60.6935691833, 62.1193161011], [1.7430472374, 114.606994629, 307.118713379, 222.009475708, 350.530609131, 457.356414795, 315.202758789, 187.809677124, 192.006210327, 122.799499512, 114.134841919, 53.1609420776, 70.4663162231], [99.2138366699, 462.115142822, 92.6626815796, 262.772094727, 410.148986816, 315.202758789, 571.353637695, 221.674697876, 190.72769165, 93.9620895386, 109.891487122, 30.9024066925, 93.5398025513], [217.128921509, 117.449508667, 134.955307007, 141.635055542, 234.3855896, 187.809677124, 221.674697876, 292.117126465, 159.348861694, 77.3932571411, 27.7200870514, 13.7171039581, 80.7730865479], [-48.8181877136, 336.490386963, 184.906112671, 276.694915771, 253.220489502, 192.006210327, 190.72769165, 159.348861694, 350.078765869, 118.537696838, 134.253295898, 51.5708274841, 93.5032501221], [134.349319458, 24.3709545135, 217.288330078, 102.999977112, 101.242347717, 122.799499512, 93.9620895386, 77.3932571411, 118.537696838, 202.376159668, 70.7072296143, 74.8678131104, 32.594417572], [-255.576629639, 223.908081055, 70.6528091431, 114.729850769, 96.1638793945, 114.134841919, 109.891487122, 27.7200870514, 134.253295898, 70.7072296143, 236.988372803, 60.7972335815, 70.2659301758], [-7.99327802658, -35.6764793396, 130.216339111, 48.3708000183, 60.6935691833, 53.1609420776, 30.9024066925, 13.7171039581, 51.5708274841, 74.8678131104, 60.7972335815, 154.80279541, 40.4294891357], [-164.113708496, 115.347900391, 6.99821090698, 76.9691390991, 62.1193161011, 70.4663162231, 93.5398025513, 80.7730865479, 93.5032501221, 32.594417572, 70.2659301758, 40.4294891357, 163.288909912]],
        "icov": [[0.000455505651189, -0.00034751513158, 0.000402667908929, -0.000584746128879, 0.000314399861963, -0.000370618479792, 0.000367735832697, -0.000807462609373, 0.000627754954621, -0.000733246968593, 0.000725890742615, -0.000559979758691, 0.000803945411462], [-0.00034751513158, 0.00188758422155, -0.000801150687039, 0.000680862634908, -0.00145079568028, 0.00203662388958, -0.00157838733867, 0.00157166144345, -0.00161104591098, 0.00116498372518, -0.00163973413873, 0.00186335295439, -0.00123527948745], [0.000402667908929, -0.000801150687039, 0.00213486002758, -0.00167732627597, 0.000511110236403, -0.00177983683534, 0.00159962871112, -0.00133238278795, 0.00140100019053, -0.00188563030679, 0.00118599564303, -0.00162587466184, 0.00145250593778], [-0.000584746128879, 0.000680862634908, -0.00167732627597, 0.00350923184305, -0.00116985721979, 0.00137856241781, -0.00143384549301, 0.00176421308424, -0.0024202268105, 0.00161589228082, -0.0012101829052, 0.00148342875764, -0.00163529557176], [0.000314399861963, -0.00145079568028, 0.000511110236403, -0.00116985721979, 0.00576850725338, -0.00297803804278, -0.00063381070504, -0.00225861743093, -1.15254056254e-06, 8.21480425657e-05, 0.00173398072366, -0.00262343464419, 0.00232901191339], [-0.000370618479792, 0.00203662388958, -0.00177983683534, 0.00137856241781, -0.00297803804278, 0.00752273900434, -0.0031223767437, 0.00104579841718, -0.00199751695618, 0.000665155937895, -0.00276918103918, 0.00249138241634, -0.00164101237897], [0.000367735832697, -0.00157838733867, 0.00159962871112, -0.00143384549301, -0.00063381070504, -0.0031223767437, 0.00588863622397, -0.00260075018741, 0.00235440931283, -0.00187464628834, 0.000806003459729, -0.00121039128862, 0.000572503486183], [-0.000807462609373, 0.00157166144345, -0.00133238278795, 0.00176421308424, -0.00225861743093, 0.00104579841718, -0.00260075018741, 0.00897987466305, -0.00351547496393, 0.00076141115278, -3.79176672141e-05, 0.00303208758123, -0.00411386415362], [0.000627754954621, -0.00161104591098, 0.00140100019053, -0.0024202268105, -1.15254056254e-06, -0.00199751695618, 0.00235440931283, -0.00351547496393, 0.00844603590667, -0.00343186035752, -0.000296132871881, -0.00138060981408, 0.000420355121605], [-0.000733246968593, 0.00116498372518, -0.00188563030679, 0.00161589228082, 8.21480425657e-05, 0.000665155937895, -0.00187464628834, 0.00076141115278, -0.00343186035752, 0.00998524297029, -0.00220248871483, -0.00130101596005, -0.000619928294327], [0.000725890742615, -0.00163973413873, 0.00118599564303, -0.0012101829052, 0.00173398072366, -0.00276918103918, 0.000806003459729, -3.79176672141e-05, -0.000296132871881, -0.00220248871483, 0.00861697178334, -0.00311148073524, 0.000171470848727], [-0.000559979758691, 0.00186335295439, -0.00162587466184, 0.00148342875764, -0.00262343464419, 0.00249138241634, -0.00121039128862, 0.00303208758123, -0.00138060981408, -0.00130101596005, -0.00311148073524, 0.0112083218992, -0.0037781894207], [0.000803945411462, -0.00123527948745, 0.00145250593778, -0.00163529557176, 0.00232901191339, -0.00164101237897, 0.000572503486183, -0.00411386415362, 0.000420355121605, -0.000619928294327, 0.000171470848727, -0.0037781894207, 0.0107871880755]]
    },
    "melbands": {
        "dmean": [0.00169208634179, 0.00140927662142, 0.000646319705993, 0.000225930736633, 0.00016840515309, 0.000260145403445, 0.000271951459581, 0.000223864917643, 0.00018788043235, 0.000121378827316, 0.000178775997483, 0.000123980047647, 0.000115531365736, 0.000118416726764, 0.000111104476673, 7.24033016013e-05, 9.06435525394e-05, 5.67504248465e-05, 4.0041286411e-05, 3.61666971003e-05, 2.40018998738e-05, 1.94180411199e-05, 1.56207752298e-05, 8.93308515515e-06, 1.13815094664e-05, 7.94880634203e-06, 5.51481207367e-06, 6.27077361059e-06, 5.20881076227e-06, 4.10701022702e-06, 3.90845843867e-06, 4.13759062212e-06, 3.49993842974e-06, 3.90355262425e-06, 3.38227732755e-06, 3.32738522957e-06, 3.20159460898e-06, 2.89374293061e-06, 2.18997070078e-06, 1.52018276367e-06],
        "dmean2": [0.00189385353588, 0.00202708085999, 0.0011268495582, 0.000390038709156, 0.000239790519117, 0.000383712467737, 0.000401530123781, 0.000343827123288, 0.000296223617624, 0.000194148145965, 0.000282046443317, 0.00020219857106, 0.000180364178959, 0.000178131303983, 0.000171425519511, 0.000112712732516, 0.000144110686961, 9.33410410653e-05, 6.58326753182e-05, 5.46561714145e-05, 3.89422093576e-05, 3.34460091835e-05, 2.74194317171e-05, 1.47904383994e-05, 2.04377101909e-05, 1.42878616316e-05, 9.46281761571e-06, 1.07188197944e-05, 8.96069013834e-06, 7.02392026142e-06, 6.73032354825e-06, 7.11068378223e-06, 5.94798621023e-06, 6.49773437544e-06, 5.73299394091e-06, 5.76093225391e-06, 5.41362715012e-06, 4.86832914248e-06, 3.68736209566e-06, 2.5039605589e-06],
        "dvar": [6.90663546266e-06, 8.33143349155e-06, 2.85325131699e-06, 2.49449641387e-07, 1.44553283121e-07, 2.83429955061e-07, 3.48473548684e-07, 1.82442761343e-07, 1.93372812873e-07, 7.46672910168e-08, 1.42978990425e-07, 5.78728887035e-08, 6.75821070217e-08, 5.8403305303e-08, 4.52028103837e-08, 1.65217386439e-08, 3.23961728554e-08, 9.0838110367e-09, 3.17860893162e-09, 5.78360292991e-09, 1.77941439361e-09, 1.46980128068e-09, 7.4863470978e-10, 2.28900204347e-10, 5.75353098498e-10, 2.92165347471e-10, 1.07864030208e-10, 1.42471423548e-10, 8.26371818197e-11, 6.08760056253e-11, 6.74368547116e-11, 6.39444955319e-11, 4.25731706832e-11, 5.76269032493e-11, 3.53379027429e-11, 3.86630692739e-11, 3.71182945491e-11, 2.43305063596e-11, 2.01949585527e-11, 9.57120667444e-12],
        "dvar2": [8.6048785306e-06, 1.76879639184e-05, 7.69470898376e-06, 7.06555283614e-07, 2.87993799475e-07, 5.84501606227e-07, 6.98476185335e-07, 4.0055559225e-07, 4.64694807079e-07, 1.79200981165e-07, 3.60314544423e-07, 1.41338148296e-07, 1.21381262375e-07, 1.23671171082e-07, 9.7601080995e-08, 3.69203121409e-08, 7.90549847807e-08, 2.39620838727e-08, 7.83625342393e-09, 1.1682776524e-08, 4.36409708371e-09, 4.13039114022e-09, 2.10001815937e-09, 6.1150151609e-10, 1.6366693556e-09, 8.15015943623e-10, 2.91597163082e-10, 3.82832598955e-10, 2.23365048679e-10, 1.67651018068e-10, 1.82416234895e-10, 1.70490552232e-10, 1.14018024189e-10, 1.50688836409e-10, 9.6605778932e-11, 1.05039039966e-10, 9.99286833836e-11, 6.47884454419e-11, 5.35464415863e-11, 2.33508004599e-11],
        "max": [0.0274669975042, 0.0194291044027, 0.0100936219096, 0.0058660809882, 0.00516822328791, 0.00602339627221, 0.00776820397004, 0.00751767447218, 0.00576900690794, 0.003298250027, 0.0055603296496, 0.00533380545676, 0.00408014515415, 0.00359437335283, 0.00398515956476, 0.0016571477754, 0.00196479354054, 0.000850959739182, 0.0005422498798, 0.00164758122992, 0.000442618649686, 0.00029963592533, 0.000284004985588, 0.000167853635503, 0.000148321356392, 0.000127342689666, 8.78472274053e-05, 9.74122158368e-05, 6.95094349794e-05, 7.43673444958e-05, 7.94967927504e-05, 6.85691993567e-05, 5.35679173481e-05, 7.10679814802e-05, 4.99149973621e-05, 5.4120682762e-05, 6.00407511229e-05, 4.3506934162e-05, 4.00523385906e-05, 4.43248281954e-05],
        "mean": [0.00451421830803, 0.00190456316341, 0.000540414592251, 0.000254473183304, 0.000243953589234, 0.000392377696699, 0.000400550634367, 0.000314735865686, 0.000241458576056, 0.000167639256688, 0.000246586714638, 0.000186921475688, 0.000182835312444, 0.000194852269487, 0.000171539810253, 0.000120779950521, 0.000120088632684, 8.46104157972e-05, 5.73475408601e-05, 5.16492800671e-05, 3.24304855894e-05, 2.29696979659e-05, 1.87704572454e-05, 1.34286792672e-05, 1.13886417239e-05, 7.46375462768e-06, 6.07576339462e-06, 7.01263434166e-06, 5.68594850847e-06, 4.48139098808e-06, 4.093194093e-06, 4.2656097321e-06, 3.82381767849e-06, 4.9795526138e-06, 4.43945737061e-06, 3.803216714e-06, 3.96577661377e-06, 3.94002699977e-06, 2.71827912002e-06, 1.91467279365e-06],
        "median": [0.000588442315347, 0.000346460583387, 7.41473995731e-05, 0.00010450976697, 5.27025258634e-05, 8.22703441372e-05, 0.000116451163194, 0.00010724261665, 8.29509808682e-05, 5.99262966716e-05, 7.44227945688e-05, 6.0282090999e-05, 4.17489136453e-05, 5.62555505894e-05, 7.0317168138e-05, 5.53139507247e-05, 4.97032924613e-05, 3.90654931834e-05, 2.82227938442e-05, 1.9094621166e-05, 1.65286819538e-05, 1.10098944788e-05, 9.4670949693e-06, 8.33915964904e-06, 5.64041874895e-06, 2.89207991955e-06, 3.03164347315e-06, 3.34705237037e-06, 2.67520272246e-06, 2.07427888199e-06, 1.65538176589e-06, 1.75656953161e-06, 1.70155374235e-06, 2.3904972295e-06, 2.05760625249e-06, 1.76446826572e-06, 1.96167025024e-06, 2.01836496672e-06, 9.92078184936e-07, 5.71232533275e-07],
        "min": [1.20471177478e-09, 1.38648226233e-09, 8.13593903359e-09, 4.48924737384e-08, 8.30404971452e-08, 3.94953360683e-07, 6.58821832644e-08, 8.87352626933e-08, 9.4805166384e-08, 4.44187193693e-08, 6.25164133794e-08, 1.08373541252e-07, 3.81961484663e-08, 1.23144346276e-07, 7.17068502354e-08, 2.25720327762e-07, 1.15482585272e-07, 5.50401360044e-08, 2.84769630099e-08, 5.47455130118e-08, 2.57270471593e-08, 1.55859005702e-08, 1.85617476944e-08, 1.16396980943e-08, 8.47050074526e-09, 1.54754020709e-09, 1.38605005251e-09, 5.1086055386e-09, 4.13202450034e-09, 1.30676536259e-09, 8.32058588696e-10, 4.18653611778e-10, 1.52241508289e-09, 9.45396760876e-10, 8.04821598255e-10, 1.23060811541e-10, 9.11128006376e-10, 5.77204561925e-10, 1.20819222682e-11, 8.87307588515e-13],
