{
"highlevel": {
    "danceability": {
        "all": {
            "danceable": 0.00606310227886,
            "not_danceable": 0.993936896324
        },
        "probability": 0.993936896324,
        "value": "not_danceable"
    },
    "gender": {
        "all": {
            "female": 0.146853119135,
            "male": 0.853146910667
        },
        "probability": 0.853146910667,
        "value": "male"
    },
    "genre_dortmund": {
        "all": {
            "alternative": 0.374777138233,
            "blues": 0.00956810545176,
            "electronic": 0.00888798106462,
            "folkcountry": 0.0308508146554,
            "funksoulrnb": 0.0039624935016,
            "jazz": 0.00216611893848,
            "pop": 0.0304430052638,
            "raphiphop": 0.00061675318284,
            "rock": 0.538727581501
        },
        "probability": 0.538727581501,
        "value": "rock"
    },
    "genre_electronic": {
        "all": {
            "ambient": 0.435086637735,
            "dnb": 0.114379584789,
            "house": 0.0177861321718,
            "techno": 0.0115507040173,
            "trance": 0.421196937561
        },
        "probability": 0.435086637735,
        "value": "ambient"
    },
    "genre_rosamerica": {
        "all": {
            "cla": 0.000296246405924,
            "dan": 2.95416011795e-05,
            "hip": 2.67954528681e-05,
            "jaz": 2.14886749745e-05,
            "pop": 0.000251444638707,
            "rhy": 4.24181343988e-05,
            "roc": 0.999328672886,
            "spe": 3.37935284733e-06
        },
        "probability": 0.999328672886,
        "value": "roc"
    },
    "genre_tzanetakis": {
        "all": {
            "blu": 0.0626541376114,
            "cla": 0.0348133966327,
            "cou": 0.0783501937985,
            "dis": 0.104547761381,
            "hip": 0.15693578124,
            "jaz": 0.313987255096,
            "met": 0.044816005975,
            "pop": 0.0627349764109,
            "reg": 0.0627352520823,
            "roc": 0.0784252434969
        },
        "probability": 0.313987255096,
        "value": "jaz"
    },
    "ismir04_rhythm": {
        "all": {
            "ChaChaCha": 0.165988326073,
            "Jive": 0.341894090176,
            "Quickstep": 0.0401572100818,
            "Rumba-American": 0.0125071099028,
            "Rumba-International": 0.0128483148292,
            "Rumba-Misc": 0.0101596815512,
            "Samba": 0.0596886575222,
            "Tango": 0.103045865893,
            "VienneseWaltz": 0.237748578191,
            "Waltz": 0.0159621592611
        },
        "probability": 0.341894090176,
        "value": "Jive"
    },
    "mood_acoustic": {
        "all": {
            "acoustic": 9.37724053074e-06,
            "not_acoustic": 0.999990642071
        },
        "probability": 0.999990642071,
        "value": "not_acoustic"
    },
    "mood_aggressive": {
        "all": {
            "aggressive": 0.992395758629,
            "not_aggressive": 0.00760426465422
        },
        "probability": 0.992395758629,
        "value": "aggressive"
    },
    "mood_electronic": {
        "all": {
            "electronic": 0.101833298802,
            "not_electronic": 0.898166716099
        },
        "probability": 0.898166716099,
        "value": "not_electronic"
    },
    "mood_happy": {
        "all": {
            "happy": 0.805427730083,
            "not_happy": 0.194572255015
        },
        "probability": 0.805427730083,
        "value": "happy"
    },
    "mood_party": {
        "all": {
            "not_party": 0.268177062273,
            "party": 0.731822907925
        },
        "probability": 0.731822907925,
        "value": "party"
    },
    "mood_relaxed": {
        "all": {
            "not_relaxed": 0.880497038364,
            "relaxed": 0.119502946734
        },
        "probability": 0.880497038364,
        "value": "not_relaxed"
    },
    "mood_sad": {
        "all": {
            "not_sad": 0.947889626026,
            "sad": 0.0521103776991
        },
        "probability": 0.947889626026,
        "value": "not_sad"
    },
    "moods_mirex": {
        "all": {
            "Cluster1": 0.489570558071,
            "Cluster2": 0.0254247002304,
            "Cluster3": 0.0473680794239,
            "Cluster4": 0.0188975501806,
            "Cluster5": 0.418739110231
        },
        "probability": 0.489570558071,
        "value": "Cluster1"
    },
    "timbre": {
        "all": {
            "bright": 0.811387717724,
            "dark": 0.188612282276
        },
        "probability": 0.811387717724,
        "value": "bright"
    },
    "tonal_atonal": {
        "all": {
            "atonal": 0.00372377759777,
            "tonal": 0.996276199818
        },
        "probability": 0.996276199818,
        "value": "tonal"
    },
    "voice_instrumental": {
        "all": {
            "instrumental": 0.00386400683783,
            "voice": 0.996136009693
        },
        "probability": 0.996136009693,
        "value": "voice"
    }
},
"lowlevel": {
    "average_loudness": 0.982205629349,
    "barkbands_crest": {
        "dmean": 2.28150510788,
        "dmean2": 3.58624649048,
        "dvar": 6.90872240067,
        "dvar2": 15.5635042191,
        "max": 21.3797740936,
        "mean": 6.92312479019,
        "median": 5.94554424286,
        "min": 2.4721634388,
        "var": 11.2702093124
    },
    "barkbands_flatness_db": {
        "dmean": 0.0146292103454,
        "dmean2": 0.0231526456773,
        "dvar": 0.000186557357665,
        "dvar2": 0.000445702200523,
        "max": 0.195780918002,
        "mean": 0.0960232317448,
        "median": 0.0934468060732,
        "min": 0.0387760438025,
        "var": 0.000537857180461
    },
    "barkbands_kurtosis": {
        "dmean": 0.815722703934,
        "dmean2": 1.33069550991,
        "dvar": 1.47114765644,
        "dvar2": 3.71723365784,
        "max": 11.6171569824,
        "mean": -0.0763714388013,
        "median": -0.408125162125,
        "min": -1.80225849152,
        "var": 1.81104040146
    },
    "barkbands_skewness": {
        "dmean": 0.346951961517,
        "dmean2": 0.531315803528,
        "dvar": 0.132925957441,
        "dvar2": 0.304793775082,
        "max": 3.42737412453,
        "mean": 0.748200953007,
        "median": 0.69181150198,
        "min": -0.667518794537,
        "var": 0.293558865786
    },
    "barkbands_spread": {
        "dmean": 4.94944572449,
        "dmean2": 7.69322395325,
        "dvar": 22.9934406281,
        "dvar2": 50.7303581238,
        "max": 82.6547698975,
        "mean": 32.2657623291,
        "median": 31.2425079346,
        "min": 10.8506727219,
        "var": 95.3268127441
    },
    "dissonance": {
        "dmean": 0.010685030371,
        "dmean2": 0.0179269388318,
        "dvar": 8.96396086318e-05,
        "dvar2": 0.000236274892814,
        "max": 0.499651104212,
        "mean": 0.478282630444,
        "median": 0.481080234051,
        "min": 0.380393654108,
        "var": 0.000190103266505
    },
    "dynamic_complexity": 0.850387990475,
    "erbbands_crest": {
        "dmean": 2.09240746498,
        "dmean2": 3.48350811005,
        "dvar": 3.66882514954,
        "dvar2": 9.63351154327,
        "max": 23.5045642853,
        "mean": 7.15124177933,
        "median": 6.49691057205,
        "min": 2.72290825844,
        "var": 8.57207012177
    },
    "erbbands_flatness_db": {
        "dmean": 0.0113517036662,
        "dmean2": 0.0167989842594,
        "dvar": 9.94256770355e-05,
        "dvar2": 0.000219186593313,
        "max": 0.220778137445,
        "mean": 0.140300109982,
        "median": 0.138770639896,
        "min": 0.0833508521318,
        "var": 0.0005177896237
    },
    "erbbands_kurtosis": {
        "dmean": 0.48041087389,
        "dmean2": 0.775676488876,
        "dvar": 0.299014985561,
        "dvar2": 0.748166561127,
        "max": 5.67113208771,
        "mean": -0.0942201986909,
        "median": -0.287827014923,
        "min": -1.37345767021,
        "var": 0.712801575661
    },
    "erbbands_skewness": {
        "dmean": 0.262484490871,
        "dmean2": 0.409596115351,
        "dvar": 0.0453850142658,
        "dvar2": 0.110617086291,
        "max": 1.90234816074,
        "mean": -0.132566690445,
        "median": -0.114591494203,
        "min": -2.01938462257,
        "var": 0.227726742625
    },
    "erbbands_spread": {
        "dmean": 5.36408901215,
        "dmean2": 8.36434936523,
        "dvar": 22.7753505707,
        "dvar2": 54.7138671875,
        "max": 92.704208374,
        "mean": 35.453453064,
        "median": 34.6266937256,
        "min": 12.9597463608,
        "var": 95.410369873
    },
    "hfc": {
        "dmean": 5.96664094925,
        "dmean2": 9.14056110382,
        "dvar": 44.3840141296,
        "dvar2": 87.363899231,
        "max": 112.495376587,
        "mean": 36.6324424744,
        "median": 33.7937011719,
        "min": 12.1835269928,
        "var": 183.868240356
    },
    "melbands_crest": {
        "dmean": 3.08550429344,
        "dmean2": 4.91121768951,
        "dvar": 9.34922122955,
        "dvar2": 21.9510173798,
        "max": 28.2970218658,
        "mean": 11.9123287201,
        "median": 11.077673912,
        "min": 3.82291722298,
        "var": 19.28764534
    },
    "melbands_flatness_db": {
        "dmean": 0.0196353830397,
        "dmean2": 0.0305256545544,
        "dvar": 0.000439932744484,
        "dvar2": 0.000957852578722,
        "max": 0.268061518669,
        "mean": 0.135077491403,
        "median": 0.129575774074,
        "min": 0.0502725355327,
        "var": 0.00115394440945
    },
    "melbands_kurtosis": {
        "dmean": 2.73625731468,
        "dmean2": 4.37857055664,
        "dvar": 19.9621582031,
        "dvar2": 49.8659934998,
        "max": 50.370010376,
        "mean": 4.09229755402,
        "median": 2.80935764313,
        "min": -1.24477458,
        "var": 23.5391845703
    },
    "melbands_skewness": {
        "dmean": 0.488404124975,
        "dmean2": 0.760315656662,
        "dvar": 0.335521757603,
        "dvar2": 0.768096506596,
        "max": 6.43225002289,
        "mean": 1.79923915863,
        "median": 1.63420462608,
        "min": 0.137943685055,
        "var": 0.660911679268
    },
    "melbands_spread": {
        "dmean": 7.93156862259,
        "dmean2": 11.9398756027,
        "dvar": 58.4981842041,
        "dvar2": 119.761573792,
        "max": 117.929031372,
        "mean": 37.0585250854,
        "median": 35.8518066406,
        "min": 7.08577251434,
        "var": 186.971405029
    },
    "pitch_salience": {
        "dmean": 0.0613088868558,
        "dmean2": 0.09880784899,
        "dvar": 0.00350527046248,
        "dvar2": 0.0085750836879,
        "max": 0.759193301201,
        "mean": 0.582853019238,
        "median": 0.59217530489,
        "min": 0.262694507837,
        "var": 0.007281744387
    },
    "silence_rate_20dB": {
        "dmean": 0,
        "dmean2": 0,
        "dvar": 0,
        "dvar2": 0,
        "max": 1,
        "mean": 1,
        "median": 1,
        "min": 1,
        "var": 0
    },
    "silence_rate_30dB": {
        "dmean": 0,
        "dmean2": 0,
        "dvar": 0,
        "dvar2": 0,
        "max": 1,
        "mean": 1,
        "median": 1,
        "min": 1,
        "var": 0
    },
    "silence_rate_60dB": {
        "dmean": 0,
        "dmean2": 0,
        "dvar": 0,
        "dvar2": 0,
        "max": 0,
        "mean": 0,
        "median": 0,
        "min": 0,
        "var": 0
    },
    "spectral_centroid": {
        "dmean": 202.181686401,
        "dmean2": 311.496429443,
        "dvar": 32053.3925781,
        "dvar2": 75208.1484375,
        "max": 3702.91601562,
        "mean": 1824.15258789,
        "median": 1812.4954834,
        "min": 801.145629883,
        "var": 120819.5625
    },
    "spectral_complexity": {
        "dmean": 3.91640877724,
        "dmean2": 6.20759105682,
        "dvar": 10.6571455002,
        "dvar2": 24.7965660095,
        "max": 57,
        "mean": 35.1307029724,
        "median": 35,
        "min": 14,
        "var": 46.8003997803
    },
    "spectral_decrease": {
        "dmean": 2.07846362343e-09,
        "dmean2": 3.24765014881e-09,
        "dvar": 6.17132943887e-18,
        "dvar2": 1.42945164373e-17,
        "max": -1.91590099341e-09,
        "mean": -8.63903082404e-09,
        "median": -8.03320610032e-09,
        "min": -2.66871875709e-08,
        "var": 9.82609007705e-18
    },
    "spectral_energy": {
        "dmean": 0.00808041915298,
        "dmean2": 0.0126471342519,
        "dvar": 8.81042651599e-05,
        "dvar2": 0.000205311982427,
        "max": 0.103355772793,
        "mean": 0.0359283722937,
        "median": 0.0337675511837,
        "min": 0.0088487714529,
        "var": 0.000145630343468
    },
    "spectral_energyband_high": {
        "dmean": 0.000432789878687,
        "dmean2": 0.000609760871157,
        "dvar": 4.63480205326e-07,
        "dvar2": 7.8198928577e-07,
        "max": 0.0120507739484,
        "mean": 0.00149794912431,
        "median": 0.00110518594738,
        "min": 7.86968012108e-05,
        "var": 1.91669050764e-06
    },
    "spectral_energyband_low": {
        "dmean": 0.00571636203676,
        "dmean2": 0.00906107574701,
        "dvar": 0.000103525424493,
        "dvar2": 0.000233358761761,
        "max": 0.0902360528708,
        "mean": 0.01106438227,
        "median": 0.00792392343283,
        "min": 0.000297746650176,
        "var": 0.000120656768559
    },
    "spectral_energyband_middle_high": {
        "dmean": 0.00240233889781,
        "dmean2": 0.00386322801933,
        "dvar": 4.96221446156e-06,
        "dvar2": 1.27542443806e-05,
        "max": 0.0330164544284,
        "mean": 0.0111672393978,
        "median": 0.0100552476943,
        "min": 0.00164666853379,
        "var": 2.24972045544e-05
    },
    "spectral_energyband_middle_low": {
        "dmean": 0.00419402681291,
        "dmean2": 0.00660980958492,
        "dvar": 2.0977739041e-05,
        "dvar2": 5.25149116584e-05,
        "max": 0.0510115362704,
        "mean": 0.0131804794073,
        "median": 0.0116036636755,
        "min": 0.00198262906633,
        "var": 5.15661668032e-05
    },
    "spectral_entropy": {
        "dmean": 0.0789225921035,
        "dmean2": 0.120810724795,
        "dvar": 0.00574691407382,
        "dvar2": 0.0117937773466,
        "max": 8.53817176819,
        "mean": 7.87034130096,
        "median": 7.87825679779,
        "min": 7.12175798416,
        "var": 0.0327272862196
    },
    "spectral_flux": {
        "dmean": 0.0208938270807,
        "dmean2": 0.0341243855655,
        "dvar": 0.000526003947016,
        "dvar2": 0.00122292945161,
        "max": 0.252404510975,
        "mean": 0.0987727716565,
        "median": 0.0916955992579,
        "min": 0.0406925976276,
        "var": 0.00108741899021
    },
    "spectral_kurtosis": {
        "dmean": 0.977046608925,
        "dmean2": 1.69928741455,
        "dvar": 0.876143634319,
        "dvar2": 2.4919359684,
        "max": 11.6425933838,
        "mean": 3.45226883888,
        "median": 3.1758646965,
        "min": -0.597322940826,
        "var": 2.26407551765
    },
    "spectral_rms": {
        "dmean": 0.000637145596556,
        "dmean2": 0.000989720807411,
        "dvar": 4.49119511359e-07,
        "dvar2": 1.02055685147e-06,
        "max": 0.0100416578352,
        "mean": 0.00584522495046,
        "median": 0.00573968235403,
        "min": 0.00293818768114,
        "var": 8.85416568508e-07
    },
    "spectral_rolloff": {
        "dmean": 478.580688477,
        "dmean2": 765.555358887,
        "dvar": 394777.6875,
        "dvar2": 717616.3125,
        "max": 9496.14257812,
        "mean": 2167.54101562,
        "median": 2088.72070312,
        "min": 129.19921875,
        "var": 1253245.25
    },
    "spectral_skewness": {
        "dmean": 0.146191135049,
        "dmean2": 0.246546596289,
        "dvar": 0.0156218027696,
        "dvar2": 0.0413116142154,
        "max": 2.33079910278,
        "mean": 1.31635069847,
        "median": 1.31057786942,
        "min": 0.460156321526,
        "var": 0.0536399409175
    },
    "spectral_spread": {
        "dmean": 324290.25,
        "dmean2": 477288.84375,
        "dvar": 166383845376,
        "dvar2": 298527064064,
        "max": 11099480,
        "mean": 4227956.5,
        "median": 4119250,
        "min": 2455837.5,
        "var": 923635613696
    },
    "spectral_strongpeak": {
        "dmean": 0.683324098587,
        "dmean2": 1.17758870125,
        "dvar": 1.08407843113,
        "dvar2": 2.77601003647,
        "max": 9.61040496826,
        "mean": 1.03388857841,
        "median": 0.447066515684,
        "min": 0.0472751744092,
        "var": 1.48554885387
    },
    "zerocrossingrate": {
        "dmean": 0.00927734375,
        "dmean2": 0.0107376491651,
        "dvar": 9.13530675462e-05,
        "dvar2": 9.59812023211e-05,
        "max": 0.2529296875,
        "mean": 0.0766386315227,
        "median": 0.07373046875,
        "min": 0.0224609375,
        "var": 0.000642385683022
    },
    "barkbands": {
        "dmean": [0.000224503775826, 0.00438420381397, 0.00190577178728, 0.00139025098179, 0.00157996371854, 0.000962244113907, 0.000768457888626, 0.00087447516853, 0.0013964639511, 0.000704985111952, 0.00072293530684, 0.000668553751893, 0.000438693357864, 0.000440465548309, 0.000596464495175, 0.000599858874921, 0.000627577130217, 0.000339707505191, 0.000302351516439, 0.000208342273254, 0.000152412467287, 0.000119324220577, 8.3904924395e-05, 8.46757757245e-05, 5.79891966481e-05, 2.02513510885e-05, 2.80523160257e-08],
        "dmean2": [0.000376329728169, 0.0068429117091, 0.00331931305118, 0.00226349523291, 0.00253091542982, 0.00160962867085, 0.00119553820696, 0.00136506813578, 0.00207103719003, 0.00112413894385, 0.00117549381685, 0.00107296998613, 0.000727542908862, 0.00072675361298, 0.000983227742836, 0.000977532123215, 0.00103075581137, 0.000555221282411, 0.000503092131112, 0.000344827509252, 0.000241426751018, 0.000188920472283, 0.000130486703711, 0.000120169621368, 8.01066489657e-05, 3.05337816826e-05, 4.80572097672e-08],
        "dvar": [1.8643987687e-07, 8.18460175651e-05, 8.99643418961e-06, 6.77751904732e-06, 5.17792841492e-06, 2.78990751212e-06, 1.49074378442e-06, 2.45319506575e-06, 4.00349244956e-06, 1.69077895862e-06, 1.22103313061e-06, 6.61336855501e-07, 3.41897418821e-07, 4.04496887541e-07, 4.24678489708e-07, 3.7365288108e-07, 7.78745345542e-07, 1.53513695977e-07, 1.01212002335e-07, 7.73354997818e-08, 5.56335422175e-08, 2.06301589145e-08, 2.02455545661e-08, 4.16532195402e-08, 2.59504115974e-08, 2.72005418189e-09, 1.77387232236e-14],
        "dvar2": [4.68503600359e-07, 0.000184827440535, 2.68097574008e-05, 1.63630375027e-05, 1.36883054438e-05, 7.12269957148e-06, 3.49616448148e-06, 5.64535866943e-06, 8.33963895275e-06, 4.41213660451e-06, 3.07636037178e-06, 1.62974924933e-06, 9.38599384881e-07, 1.0836185993e-06, 1.15773605103e-06, 9.62841227192e-07, 2.04191496778e-06, 4.03342710342e-07, 2.71013249176e-07, 1.9367037396e-07, 1.13014841929e-07, 4.80465054409e-08, 4.86272497824e-08, 5.42019265026e-08, 4.45693117967e-08, 6.38629726879e-09, 2.84558380819e-14],
        "max": [0.0056018512696, 0.0669580027461, 0.0313891097903, 0.0276116561145, 0.0323592461646, 0.0194346532226, 0.0190060324967, 0.0297089163214, 0.0392817035317, 0.0178210511804, 0.0175376180559, 0.0105526642874, 0.00947496853769, 0.00651529571041, 0.00782863050699, 0.00676015671343, 0.0133784338832, 0.00545579520985, 0.00490688718855, 0.00581162190065, 0.00512547371909, 0.00145071942825, 0.00275064469315, 0.00546942418441, 0.00387134426273, 0.00115799531341, 3.85366865885e-06],
        "mean": [0.000248164549703, 0.00621506292373, 0.0037633231841, 0.00196247920394, 0.00309044704773, 0.00163993134629, 0.00163785007317, 0.00162252120208, 0.00297886575572, 0.0012138915481, 0.00146652432159, 0.00128025910817, 0.000829780998174, 0.000794665073045, 0.0012314398773, 0.0013763703173, 0.00120510265697, 0.000773244129959, 0.00077206583228, 0.00051720708143, 0.000365485437214, 0.000315039884299, 0.000236559746554, 0.000223045150051, 0.000133586756419, 3.54444819095e-05, 2.20938485285e-08],
        "median": [9.70590044744e-05, 0.00338167417794, 0.00303049245849, 0.00106035545468, 0.00222085043788, 0.000972375855781, 0.00103377411142, 0.000832259422168, 0.00139528431464, 0.000591183954384, 0.000868620933034, 0.000816027750261, 0.000579574611038, 0.000519374618307, 0.00103084591683, 0.00112399272621, 0.000866048620082, 0.000640661513899, 0.000637424236629, 0.000411382527091, 0.000265105656581, 0.00024801530526, 0.000180140646989, 0.000115446171549, 6.92672692821e-05, 1.80419483513e-05, 1.6622698773e-09],
        "min": [1.05843881215e-07, 0.000104508661025, 3.01943273371e-05, 1.6857717128e-05, 0.000133239780553, 3.84171617043e-05, 2.37824206124e-05, 2.55105533142e-05, 3.97063195123e-05, 2.25946932915e-05, 4.6695527999e-05, 5.21814799868e-05, 6.44041138003e-05, 2.64762566076e-05, 7.93336803326e-05, 0.000138753792271, 5.11638863827e-05, 4.15701797465e-05, 2.49390213867e-05, 3.35601325787e-05, 9.32282910071e-06, 8.40365191834e-06, 4.76406376038e-06, 2.68127655545e-06, 1.20555012018e-06, 9.87436354905e-10, 7.29948913814e-12],
        "var": [2.00139481876e-07, 8.80835723365e-05, 8.86964426172e-06, 8.52214634506e-06, 8.47558203532e-06, 4.86184762849e-06, 3.62721880265e-06, 6.65988136461e-06, 1.69273280335e-05, 3.0161218092e-06, 3.14839689963e-06, 1.87278203612e-06, 6.68900611345e-07, 7.18072215022e-07, 7.22434663203e-07, 9.42986787322e-07, 1.34715662625e-06, 2.95374434245e-07, 3.15023015673e-07, 1.65183138279e-07, 1.19396020182e-07, 6.03772107866e-08, 5.73121567982e-08, 2.24568623253e-07, 9.65156488064e-08, 3.62003782506e-09, 1.65687623533e-14]
    },
    "erbbands": {
        "dmean": [0.141123741865, 0.986420154572, 2.25970482826, 2.98490762711, 5.14231109619, 6.12137889862, 6.93905544281, 7.25024652481, 9.07314777374, 13.872844696, 26.595697403, 24.9104309082, 22.1175079346, 24.4736099243, 21.6926631927, 24.7957286835, 19.716424942, 22.8005218506, 18.2556915283, 36.5745391846, 33.6410751343, 37.658618927, 19.166053772, 14.7291126251, 14.4870004654, 8.87876224518, 6.34448623657, 5.91293668747, 4.83655977249, 3.09850716591, 2.36451745033, 2.07533049583, 1.40340602398, 0.85381770134, 0.327295780182, 0.111347325146, 0.0373015962541, 0.00335957389325, 6.28501584288e-05, 1.08491703941e-05],
        "dmean2": [0.234324768186, 1.55313014984, 3.97372746468, 4.9521522522, 8.47823810577, 9.53596782684, 11.5363435745, 11.9897060394, 13.7670106888, 21.7071208954, 40.3920974731, 37.181022644, 34.7541618347, 39.2013893127, 34.9992904663, 39.8881454468, 32.1494293213, 38.0158920288, 29.5422821045, 62.4703102112, 54.2513008118, 61.522769928, 31.8107852936, 24.4214324951, 24.0688171387, 14.4709758759, 10.0499191284, 9.4591178894, 7.7654042244, 4.86807775497, 3.72435855865, 3.09048461914, 1.93503510952, 1.20050048828, 0.483345061541, 0.171081796288, 0.0573472455144, 0.00525810522959, 9.41090256674e-05, 1.67012240126e-05],
        "dvar": [0.11345244199, 3.99903297424, 14.7386198044, 18.9034366608, 99.3173675537, 87.9310150146, 133.411819458, 245.884246826, 278.57220459, 610.545410156, 1930.49938965, 1388.47851562, 1648.1048584, 2007.04870605, 885.543823242, 891.25, 522.305969238, 1378.82092285, 376.749359131, 2153.8359375, 1365.77087402, 3362.62841797, 541.650024414, 239.058944702, 257.865386963, 137.73236084, 106.022857666, 75.2482070923, 35.5093955994, 13.387263298, 19.8842182159, 21.0258865356, 13.4278202057, 6.33866786957, 0.745657265186, 0.0836272165179, 0.00791378226131, 7.4046656664e-05, 2.20763975989e-08, 1.5500663253e-10],
        "dvar2": [0.281240671873, 9.50974655151, 43.7592277527, 47.3080368042, 260.159118652, 208.175689697, 361.613220215, 586.280883789, 655.149658203, 1368.15588379, 4476.68505859, 2881.50488281, 4405.41845703, 5432.13525391, 2184.05102539, 2244.57226562, 1339.93701172, 3754.2878418, 935.648498535, 5978.51464844, 3421.75244141, 8802.83398438, 1420.08349609, 620.291320801, 684.573669434, 333.342071533, 219.225524902, 161.845916748, 85.3451385498, 31.779050827, 47.240032196, 35.6257209778, 18.7849998474, 11.2841825485, 1.4464250803, 0.192714139819, 0.0189212523401, 0.000189892423805, 5.40505631363e-08, 3.51352724692e-10],
        "max": [2.98154854774, 16.2404518127, 43.0808563232, 46.8258285522, 83.8586959839, 188.225830078, 176.99597168, 232.717132568, 272.860198975, 558.449584961, 705.409423828, 602.090087891, 537.3359375, 540.319274902, 561.193603516, 340.368591309, 375.350250244, 531.819519043, 260.000518799, 750.502197266, 433.726318359, 939.034240723, 363.652832031, 226.456771851, 231.086914062, 256.342193604, 216.255554199, 187.511932373, 58.9484443665, 56.4500274658, 90.8778839111, 116.325660706, 89.0615386963, 66.2228317261, 16.8436584473, 6.61726427078, 1.5831104517, 0.15836802125, 0.00251531857066, 0.000146312420839],
        "mean": [0.147699192166, 1.50089919567, 4.509349823, 5.20990371704, 8.48379039764, 11.4388484955, 12.2306089401, 13.1989889145, 19.2810020447, 27.718585968, 57.4495429993, 54.0513839722, 41.5946884155, 49.1194496155, 49.8472328186, 49.2671012878, 42.089679718, 43.373134613, 44.6669082642, 74.4554824829, 81.4077682495, 75.7275085449, 45.3174591064, 37.7107505798, 38.7921829224, 23.2417221069, 14.7337331772, 14.1783351898, 11.9621562958, 8.47742557526, 6.45659542084, 5.22940349579, 3.4053478241, 1.93157589436, 0.681425988674, 0.207599893212, 0.0585636980832, 0.00461976509541, 0.000120331926155, 5.15929023095e-05],
        "median": [0.0559447854757, 0.891499459743, 3.61809873581, 3.62632656097, 4.38810300827, 8.1300239563, 8.36767292023, 7.83310222626, 10.5094566345, 17.1807231903, 26.4174385071, 26.0201015472, 22.1159095764, 25.6300315857, 30.6637096405, 32.4113998413, 31.8673973083, 27.7364826202, 37.6985740662, 60.0957221985, 65.9508361816, 52.7591743469, 38.1046562195, 32.185218811, 32.288684845, 17.7788352966, 10.6364564896, 10.49680233, 9.20151805878, 6.56800413132, 4.59492301941, 3.09249448776, 1.59442079067, 0.925961077213, 0.338622182608, 0.112840823829, 0.027409363538, 0.00168430875055, 6.5473781433e-05, 4.84827214677e-05],
        "min": [0.00146368483547, 0.0248368382454, 0.0540916509926, 0.234710872173, 0.322162121534, 0.450604379177, 0.476715445518, 0.499370872974, 0.975187778473, 1.46434175968, 1.42912971973, 1.70428168774, 1.88984072208, 1.76585972309, 1.48234546185, 2.05182528496, 2.88691306114, 2.40091466904, 4.84851312637, 6.65597772598, 7.49148988724, 4.42934989929, 3.63773584366, 2.53208971024, 1.37216591835, 1.74328708649, 0.879756033421, 0.481744170189, 0.318346589804, 0.158689603209, 0.0990159884095, 0.0971733257174, 0.0287714507431, 0.00857076141983, 0.00535886408761, 0.00113572389819, 0.000123421967146, 1.63471886481e-05, 1.14411514005e-05, 1.54594963533e-05],
        "var": [0.0957155749202, 4.2253036499, 13.8836812973, 25.1120681763, 126.248153687, 150.565704346, 193.652130127, 434.469390869, 741.591308594, 1217.296875, 7064.17871094, 5637.59472656, 2921.38256836, 4335.77929688, 3237.73461914, 2282.66381836, 1218.48535156, 2358.12036133, 859.196533203, 3254.36767578, 3335.41040039, 5780.85253906, 1037.25219727, 562.188842773, 794.650024414, 336.448425293, 215.209060669, 162.119644165, 89.0329208374, 43.9612388611, 54.1341552734, 89.5306777954, 65.8572463989, 23.1564102173, 2.08749985695, 0.12488052249, 0.0106304250658, 9.05559427338e-05, 3.11666461528e-08, 3.38369943176e-10]
    },
    "gfcc": {
        "mean": [66.3785934448, 84.9886016846, -135.62902832, 43.0474357605, -57.6288299561, 22.0065555573, -40.2482070923, 16.9647407532, -21.7030982971, 1.34281802177, -19.5544719696, -0.244261607528, -12.0724916458],
        "cov": [[402.671539307, -279.109649658, 96.5649642944, -6.4089422226, -91.1259460449, 41.8470191956, -1.39685845375, 23.6589984894, -60.6906852722, 16.0392837524, -29.0021133423, 25.3284835815, -42.5505523682], [-279.109649658, 433.955596924, -124.444160461, 5.75808906555, 86.1108169556, -57.5685997009, 79.05493927, -39.8579406738, 39.8764762878, -35.8046417236, 50.8544769287, -21.9279289246, 43.2056388855], [96.5649642944, -124.444160461, 192.743560791, 15.6363201141, -12.3530225754, 19.3849582672, -32.4213943481, 20.4463882446, -16.1714382172, 29.7133960724, -19.0395393372, 25.3662624359, -14.2771215439], [-6.4089422226, 5.75808906555, 15.6363201141, 133.666656494, 8.01854228973, 17.723651886, -1.92079663277, -20.1821231842, 23.8989219666, 1.80418109894, 24.4087543488, -11.441783905, 25.2404632568], [-91.1259460449, 86.1108169556, -12.3530225754, 8.01854228973, 140.044631958, -0.730141043663, 12.6807765961, -7.83170461655, 9.5940618515, 6.74143218994, 1.24444925785, 8.95501232147, 6.13459777832], [41.8470191956, -57.5685997009, 19.3849582672, 17.723651886, -0.730141043663, 97.6974868774, 31.6722011566, 14.0443439484, -9.48938941956, -14.3518390656, 7.06580162048, 2.60757637024, 11.748093605], [-1.39685845375, 79.05493927, -32.4213943481, -1.92079663277, 12.6807765961, 31.6722011566, 106.665328979, 19.7522697449, -0.767472088337, -18.5601501465, 12.5906620026, 5.86121845245, 5.82549571991], [23.6589984894, -39.8579406738, 20.4463882446, -20.1821231842, -7.83170461655, 14.0443439484, 19.7522697449, 78.3795394897, 26.6490974426, 11.3535499573, -2.4068069458, 0.437782168388, -6.34918546677], [-60.6906852722, 39.8764762878, -16.1714382172, 23.8989219666, 9.5940618515, -9.48938941956, -0.767472088337, 26.6490974426, 80.6924514771, 24.7801170349, 9.53325271606, -16.713968277, 7.34940099716], [16.0392837524, -35.8046417236, 29.7133960724, 1.80418109894, 6.74143218994, -14.3518390656, -18.5601501465, 11.3535499573, 24.7801170349, 57.361038208, 9.44253253937, 3.64841794968, -9.49716663361], [-29.0021133423, 50.8544769287, -19.0395393372, 24.4087543488, 1.24444925785, 7.06580162048, 12.5906620026, -2.4068069458, 9.53325271606, 9.44253253937, 60.708946228, 14.0031671524, 13.8774023056], [25.3284835815, -21.9279289246, 25.3662624359, -11.441783905, 8.95501232147, 2.60757637024, 5.86121845245, 0.437782168388, -16.713968277, 3.64841794968, 14.0031671524, 52.8046226501, 5.2519159317], [-42.5505523682, 43.2056388855, -14.2771215439, 25.2404632568, 6.13459777832, 11.748093605, 5.82549571991, -6.34918546677, 7.34940099716, -9.49716663361, 13.8774023056, 5.2519159317, 48.4107627869]],
        "icov": [[0.00617081904784, 0.00353142526001, -0.000564275542274, -0.00101210491266, 0.00200771726668, 0.000714490422979, -0.00352868321352, 0.000160533905728, 0.00290947617032, -0.00137288542464, 0.000307824346237, -0.000684537400957, 0.00192624714691], [0.00353142526001, 0.0113442521542, -0.00207611522637, 0.00382714066654, -0.00398122612387, 0.00898157339543, -0.0100349085405, 0.00639430014417, -0.00431505031884, 0.00736993132159, -0.0096048777923, 0.00732508162037, -0.00519762560725], [-0.000564275542274, -0.00207611522637, 0.0094148311764, -0.00426254235208, 0.00158056721557, -0.0040673292242, 0.00447603827342, -0.00468302704394, 0.00428855745122, -0.00677903927863, 0.00677396729589, -0.00681264093146, 0.00280615082011], [-0.00101210491266, 0.00382714066654, -0.00426254235208, 0.0140014775097, -0.00326406746171, 0.00246111908928, -0.00364979892038, 0.00802961643785, -0.00796781945974, 0.00597861129791, -0.00972735695541, 0.00829564314336, -0.00728279398754], [0.00200771726668, -0.00398122612387, 0.00158056721557, -0.00326406746171, 0.01124293264, -0.00468145683408, 0.00198805495165, -0.00191175634973, 0.00297165010124, -0.00667866040021, 0.00725425966084, -0.00684376386926, 0.00360881793313], [0.000714490422979, 0.00898157339543, -0.0040673292242, 0.00246111908928, -0.00468145683408, 0.021531490609, -0.0112505080178, 0.00294783525169, -0.00267415377311, 0.0101359980181, -0.0107407541946, 0.00895225163549, -0.00825988128781], [-0.00352868321352, -0.0100349085405, 0.00447603827342, -0.00364979892038, 0.00198805495165, -0.0112505080178, 0.0218915753067, -0.00971279479563, 0.00403953064233, -0.00287646707147, 0.00640066899359, -0.00831737369299, 0.00553749408573], [0.000160533905728, 0.00639430014417, -0.00468302704394, 0.00802961643785, -0.00191175634973, 0.00294783525169, -0.00971279479563, 0.024335520342, -0.013441471383, 0.00520635535941, -0.00650329980999, 0.0050180000253, -0.00286411982961], [0.00290947617032, -0.00431505031884, 0.00428855745122, -0.00796781945974, 0.00297165010124, -0.00267415377311, 0.00403953064233, -0.013441471383, 0.0277793966234, -0.0154485348612, 0.00618953024969, 0.000458474038169, 0.000778835150413], [-0.00137288542464, 0.00736993132159, -0.00677903927863, 0.00597861129791, -0.00667866040021, 0.0101359980181, -0.00287646707147, 0.00520635535941, -0.0154485348612, 0.0360307097435, -0.0161604508758, 0.00609538005665, -0.00010003427451], [0.000307824346237, -0.0096048777923, 0.00677396729589, -0.00972735695541, 0.00725425966084, -0.0107407541946, 0.00640066899359, -0.00650329980999, 0.00618953024969, -0.0161604508758, 0.0349178910255, -0.0174110606313, 0.00374557962641], [-0.000684537400957, 0.00732508162037, -0.00681264093146, 0.00829564314336, -0.00684376386926, 0.00895225163549, -0.00831737369299, 0.0050180000253, 0.000458474038169, 0.00609538005665, -0.0174110606313, 0.0343869403005, -0.0107330651954], [0.00192624714691, -0.00519762560725, 0.00280615082011, -0.00728279398754, 0.00360881793313, -0.00825988128781, 0.00553749408573, -0.00286411982961, 0.000778835150413, -0.00010003427451, 0.00374557962641, -0.0107330651954, 0.0320710986853]]
    },
    "melbands": {
        "dmean": [0.00122630782425, 0.00114770117216, 0.000596883764956, 0.000370647292584, 0.000242646536208, 0.000170017214259, 0.000136922390084, 0.000150498672156, 0.000255516177276, 0.000155636720592, 0.000115539580293, 0.000101967270894, 8.47921837703e-05, 5.50921722606e-05, 8.66869449965e-05, 4.24827594543e-05, 4.40839394287e-05, 3.15171819238e-05, 4.87924153276e-05, 4.3456289859e-05, 4.30996951764e-05, 4.7263711167e-05, 2.36924533965e-05, 1.44636733239e-05, 1.31739570861e-05, 1.30516255012e-05, 1.06934194264e-05, 5.86409760217e-06, 4.52312360721e-06, 4.10576012655e-06, 3.5623520489e-06, 3.34202536578e-06, 2.15730892705e-06, 1.87065063528e-06, 1.51477490817e-06, 1.61362936524e-06, 1.28642409436e-06, 1.0764400713e-06, 1.0171345366e-06, 7.37458265121e-07],
        "dmean2": [0.00194553053007, 0.00194631912746, 0.000981757999398, 0.000599214748945, 0.000394899514504, 0.000281095883111, 0.00021155361901, 0.000232484104345, 0.000381814606953, 0.00023333154968, 0.000182327959919, 0.000161632735399, 0.000137310358696, 8.74387769727e-05, 0.000140468458994, 7.02471588738e-05, 7.31755790184e-05, 5.17369298905e-05, 8.16075553303e-05, 7.30582905817e-05, 7.02544784872e-05, 7.71971826907e-05, 3.94813760067e-05, 2.39686978603e-05, 2.20509809878e-05, 2.17195411096e-05, 1.79539019882e-05, 9.63711499935e-06, 7.21373953638e-06, 6.74725606586e-06, 5.73910165258e-06, 5.46809724256e-06, 3.40530027643e-06, 3.042054459e-06, 2.45941168941e-06, 2.51319306699e-06, 1.9519820853e-06, 1.56906048687e-06, 1.40212796396e-06, 1.09846314444e-06],
        "dvar": [7.34332843422e-06, 4.39497307525e-06, 9.61615796768e-07, 3.02089716797e-07, 1.33662027224e-07, 1.08111187558e-07, 5.76925316409e-08, 7.09903105189e-08, 1.74874188019e-07, 5.60694530805e-08, 4.45026415719e-08, 3.31148832799e-08, 1.35640689791e-08, 6.46328324194e-09, 1.19853167391e-08, 4.89976237361e-09, 5.22657517266e-09, 1.2803266225e-09, 3.15677972651e-09, 2.70212541231e-09, 2.28701679816e-09, 5.77209080532e-09, 1.03218300573e-09, 3.14641007693e-10, 1.92182478265e-10, 1.96337571201e-10, 1.51576334817e-10, 7.3130397571e-11, 5.28120672194e-11, 3.68248348481e-11, 2.61897135923e-11, 1.66413306746e-11, 6.71368689809e-12, 4.80721799173e-12, 6.35199835439e-12, 1.32018892346e-11, 8.76101708541e-12, 7.86966412175e-12, 8.02168921565e-12, 4.87414492448e-12],
        "dvar2": [1.69311570062e-05, 1.21976781884e-05, 2.39065934693e-06, 7.75857074586e-07, 3.55944365538e-07, 2.63457536676e-07, 1.32842316702e-07, 1.510620109e-07, 3.94235115664e-07, 1.15349379826e-07, 1.17514524334e-07, 8.85524471528e-08, 3.22299200661e-08, 1.68679079593e-08, 2.9269171975e-08, 1.3823010292e-08, 1.39851614733e-08, 3.28766458502e-09, 8.39491498539e-09, 7.47235517906e-09, 5.62938362592e-09, 1.47851064725e-08, 2.86765722279e-09, 8.03558108942e-10, 4.94930429973e-10, 5.29253807446e-10, 4.13736683802e-10, 1.79104703291e-10, 1.17406973033e-10, 7.62973711987e-11, 5.99582883343e-11, 4.17645258655e-11, 1.67232807463e-11, 1.19036655533e-11, 1.55184701894e-11, 3.11098438677e-11, 1.42730948588e-11, 1.47080663621e-11, 1.21534345088e-11, 1.07124560958e-11],
        "max": [0.02206533961, 0.0237362030894, 0.0103003587574, 0.00752363307402, 0.00487123662606, 0.00461986847222, 0.00404036045074, 0.00552889425308, 0.00804614182562, 0.00398659287021, 0.0026972501073, 0.00206150603481, 0.00167628808413, 0.00135238294024, 0.0013793092221, 0.00127395114396, 0.000903027248569, 0.00044435687596, 0.000737877970096, 0.000751258339733, 0.000519557972439, 0.00110681774095, 0.000559952226467, 0.000238596767304, 0.00020033371402, 0.000199497531867, 0.000126106664538, 0.000191946077393, 0.000139494877658, 0.000131876338855, 9.87271778286e-05, 4.06081962865e-05, 3.18458369293e-05, 2.98460308841e-05, 4.91126520501e-05, 8.39880958665e-05, 7.94191364548e-05, 7.022995851e-05, 8.38060441311e-05, 5.05261523358e-05],
        "mean": [0.0015275052283, 0.00229181861505, 0.00105036201421, 0.000713934830856, 0.000453658984043, 0.000312410760671, 0.000294762634439, 0.000292582204565, 0.000543631031178, 0.000330245471559, 0.000206038646866, 0.000196565786609, 0.000185234152013, 0.000114232396299, 0.000148343751789, 7.8835633758e-05, 7.80242917244e-05, 6.50467482046e-05, 9.38625744311e-05, 9.03993714019e-05, 9.29546149564e-05, 8.46157854539e-05, 4.95617678098e-05, 3.20349645335e-05, 2.98535178445e-05, 3.09544921038e-05, 2.43708891503e-05, 1.29475347421e-05, 9.03211366676e-06, 8.68561983225e-06, 7.89110345067e-06, 7.18528281141e-06, 5.27578413312e-06, 4.47274851467e-06, 3.64284051102e-06, 3.70916427528e-06, 2.95559675578e-06, 2.33194464272e-06, 2.17357910515e-06, 1.4718644934e-06],
        "median": [0.000712617882527, 0.00185052421875, 0.000702402845491, 0.000482131232275, 0.00033256993629, 0.000187826648471, 0.000176218556589, 0.000169214661582, 0.000228150718613, 0.000154443856445, 0.000105708095361, 0.000100562741864, 0.000110734290502, 6.67127242195e-05, 9.55156356213e-05, 5.24245224369e-05, 4.78047149954e-05, 5.12226579303e-05, 7.77669119998e-05, 7.08868319634e-05, 7.11388056516e-05, 5.46368937648e-05, 4.00456883654e-05, 2.58430427493e-05, 2.47696243605e-05, 2.43936810875e-05, 1.93759096874e-05, 9.06681088964e-06, 6.22023117103e-06, 6.41239967081e-06, 5.77377113586e-06, 5.44950398762e-06, 4.06380377171e-06, 3.47281707036e-06, 2.62943854068e-06, 2.34801177612e-06, 1.62287381045e-06, 1.09257098302e-06, 9.80879462986e-07, 6.98172243574e-07],
        "min": [3.02217194985e-05, 3.05070807372e-05, 5.61459964956e-05, 2.50923094427e-05, 2.08065557672e-05, 9.35880234465e-06, 1.64398788911e-05, 9.78199022938e-06, 8.52223365655e-06, 1.0301236216e-05, 4.68766666017e-06, 5.62881723454e-06, 6.24076710665e-06, 4.15633667217e-06, 4.10888969782e-06, 7.19333729648e-06, 2.45158071266e-06, 4.42576219939e-06, 4.99288807987e-06, 7.06981336407e-06, 6.47379965812e-06, 2.10502116715e-06, 4.66507299279e-06, 1.58062744049e-06, 1.08544656996e-06, 8.59494662109e-07, 1.27479540879e-06, 4.49169050398e-07, 2.60659021478e-07, 2.46663489634e-07, 2.73619463087e-07, 1.39564264146e-07, 1.27328263488e-07, 4.58869777731e-08, 5.26813188628e-08, 7.22268325148e-08, 4.66328451409e-08, 1.04189181727e-08, 1.18588490139e-08, 4.98225419254e-11],
