{
"highlevel": {
    "danceability": {
        "all": {
            "danceable": 0.994876384735,
            "not_danceable": 0.00512363668531
        },
        "probability": 0.994876384735,
        "value": "danceable"
    },
    "gender": {
        "all": {
            "female": 0.0230125561357,
            "male": 0.976987421513
        },
        "probability": 0.976987421513,
        "value": "male"
    },
    "genre_dortmund": {
        "all": {
            "alternative": 0.0425127707422,
            "blues": 0.119864478707,
            "electronic": 0.12725751102,
            "folkcountry": 0.187023535371,
            "funksoulrnb": 0.0370445139706,
            "jazz": 0.120826236904,
            "pop": 0.0646799132228,
            "raphiphop": 0.244249045849,
            "rock": 0.0565419979393
        },
        "probability": 0.244249045849,
        "value": "raphiphop"
    },
    "genre_electronic": {
        "all": {
            "ambient": 0.338968604803,
            "dnb": 0.0703870654106,
            "house": 0.234729602933,
            "techno": 0.0220751091838,
            "trance": 0.33383962512
        },
        "probability": 0.338968604803,
        "value": "ambient"
    },
    "genre_rosamerica": {
        "all": {
            "cla": 0.00384206790477,
            "dan": 0.063668847084,
            "hip": 0.274933874607,
            "jaz": 0.00599177088588,
            "pop": 0.046585470438,
            "rhy": 0.595746159554,
            "roc": 0.00626609707251,
            "spe": 0.00296571804211
        },
        "probability": 0.595746159554,
        "value": "rhy"
    },
    "genre_tzanetakis": {
        "all": {
            "blu": 0.0607384443283,
            "cla": 0.0337369628251,
            "cou": 0.0759031102061,
            "dis": 0.0505959652364,
            "hip": 0.1517791152,
            "jaz": 0.151757359505,
            "met": 0.0505812093616,
            "pop": 0.0606983527541,
            "reg": 0.060700122267,
            "roc": 0.303509354591
        },
        "probability": 0.303509354591,
        "value": "roc"
    },
    "ismir04_rhythm": {
        "all": {
            "ChaChaCha": 0.180975541472,
            "Jive": 0.077997609973,
            "Quickstep": 0.0319780483842,
            "Rumba-American": 0.0385592244565,
            "Rumba-International": 0.215995550156,
            "Rumba-Misc": 0.0188068114221,
            "Samba": 0.136100426316,
            "Tango": 0.226723358035,
            "VienneseWaltz": 0.0485271811485,
            "Waltz": 0.0243362616748
        },
        "probability": 0.226723358035,
        "value": "Tango"
    },
    "mood_acoustic": {
        "all": {
            "acoustic": 0.271069824696,
            "not_acoustic": 0.728930175304
        },
        "probability": 0.728930175304,
        "value": "not_acoustic"
    },
    "mood_aggressive": {
        "all": {
            "aggressive": 0.0227063447237,
            "not_aggressive": 0.977293670177
        },
        "probability": 0.977293670177,
        "value": "not_aggressive"
    },
    "mood_electronic": {
        "all": {
            "electronic": 0.258590817451,
            "not_electronic": 0.741409182549
        },
        "probability": 0.741409182549,
        "value": "not_electronic"
    },
    "mood_happy": {
        "all": {
            "happy": 0.566237270832,
            "not_happy": 0.433762699366
        },
        "probability": 0.566237270832,
        "value": "happy"
    },
    "mood_party": {
        "all": {
            "not_party": 0.659277498722,
            "party": 0.340722471476
        },
        "probability": 0.659277498722,
        "value": "not_party"
    },
    "mood_relaxed": {
        "all": {
            "not_relaxed": 0.776363193989,
            "relaxed": 0.223636820912
        },
        "probability": 0.776363193989,
        "value": "not_relaxed"
    },
    "mood_sad": {
        "all": {
            "not_sad": 0.736159563065,
            "sad": 0.263840436935
        },
        "probability": 0.736159563065,
        "value": "not_sad"
    },
    "moods_mirex": {
        "all": {
            "Cluster1": 0.160624340177,
            "Cluster2": 0.295289993286,
            "Cluster3": 0.274938046932,
            "Cluster4": 0.236162468791,
            "Cluster5": 0.0329851508141
        },
        "probability": 0.295289993286,
        "value": "Cluster2"
    },
    "timbre": {
        "all": {
            "bright": 0.992854177952,
            "dark": 0.00714582018554
        },
        "probability": 0.992854177952,
        "value": "bright"
    },
    "tonal_atonal": {
        "all": {
            "atonal": 0.0551836639643,
            "tonal": 0.944816350937
        },
        "probability": 0.944816350937,
        "value": "tonal"
    },
    "voice_instrumental": {
        "all": {
            "instrumental": 0.477924138308,
            "voice": 0.522075891495
        },
        "probability": 0.522075891495,
        "value": "voice"
    }
},
"lowlevel": {
    "average_loudness": 0.970494091511,
    "barkbands_crest": {
        "dmean": 2.83395814896,
        "dmean2": 4.15745544434,
        "dvar": 6.29681301117,
        "dvar2": 13.5462293625,
        "max": 25.8456077576,
        "mean": 13.0869598389,
        "median": 12.3469734192,
        "min": 2.56018400192,
        "var": 22.9516239166
    },
    "barkbands_flatness_db": {
        "dmean": 0.035094011575,
        "dmean2": 0.0470203757286,
        "dvar": 0.00104387756437,
        "dvar2": 0.00205005239695,
        "max": 0.408979326487,
        "mean": 0.197463452816,
        "median": 0.194048583508,
        "min": 0.0498597808182,
        "var": 0.00397923169658
    },
    "barkbands_kurtosis": {
        "dmean": 9.43006038666,
        "dmean2": 13.5272140503,
        "dvar": 332.608612061,
        "dvar2": 705.328979492,
        "max": 284.21295166,
        "mean": 13.6158885956,
        "median": 4.3444237709,
        "min": -1.87160742283,
        "var": 670.971801758
    },
    "barkbands_skewness": {
        "dmean": 0.996548593044,
        "dmean2": 1.37758171558,
        "dvar": 1.20133709908,
        "dvar2": 2.33714032173,
        "max": 13.0792703629,
        "mean": 2.45859670639,
        "median": 1.86793386936,
        "min": -1.15842068195,
        "var": 4.62477779388
    },
    "barkbands_spread": {
        "dmean": 7.55114412308,
        "dmean2": 11.1274881363,
        "dvar": 74.6539916992,
        "dvar2": 145.635314941,
        "max": 92.9852600098,
        "mean": 18.2191677094,
        "median": 14.0493297577,
        "min": 0.446737259626,
        "var": 207.611419678
    },
    "dissonance": {
        "dmean": 0.0287872701883,
        "dmean2": 0.0467037707567,
        "dvar": 0.00071024033241,
        "dvar2": 0.00185831182171,
        "max": 0.499454379082,
        "mean": 0.44147002697,
        "median": 0.453289568424,
        "min": 0.199503198266,
        "var": 0.00213496410288
    },
    "dynamic_complexity": 2.99626421928,
    "erbbands_crest": {
        "dmean": 3.36799025536,
        "dmean2": 5.2952914238,
        "dvar": 8.87490653992,
        "dvar2": 21.3018112183,
        "max": 27.6682376862,
        "mean": 11.317448616,
        "median": 10.3879470825,
        "min": 2.90993213654,
        "var": 27.8387203217
    },
    "erbbands_flatness_db": {
        "dmean": 0.0269222464412,
        "dmean2": 0.0370956584811,
        "dvar": 0.000629809335805,
        "dvar2": 0.00106894632336,
        "max": 0.393475651741,
        "mean": 0.172085866332,
        "median": 0.161319389939,
        "min": 0.0567751154304,
        "var": 0.00398841965944
    },
    "erbbands_kurtosis": {
        "dmean": 1.35880076885,
        "dmean2": 2.10132837296,
        "dvar": 2.95867466927,
        "dvar2": 6.2627363205,
        "max": 25.0370807648,
        "mean": 1.182980299,
        "median": 0.346761703491,
        "min": -1.80946445465,
        "var": 6.93887901306
    },
    "erbbands_skewness": {
        "dmean": 0.508735895157,
        "dmean2": 0.758853137493,
        "dvar": 0.213516041636,
        "dvar2": 0.469129443169,
        "max": 4.6738038063,
        "mean": 0.506693303585,
        "median": 0.48100477457,
        "min": -2.58330512047,
        "var": 0.789146602154
    },
    "erbbands_spread": {
        "dmean": 13.4282388687,
        "dmean2": 19.9467449188,
        "dvar": 216.397003174,
        "dvar2": 468.602355957,
        "max": 165.777267456,
        "mean": 41.2936210632,
        "median": 35.6375007629,
        "min": 3.76451516151,
        "var": 687.560974121
    },
    "hfc": {
        "dmean": 9.43104553223,
        "dmean2": 12.4192657471,
        "dvar": 193.618728638,
        "dvar2": 322.356658936,
        "max": 160.472839355,
        "mean": 21.8448047638,
        "median": 16.3141918182,
        "min": 0.329507499933,
        "var": 486.636688232
    },
    "melbands_crest": {
        "dmean": 3.55129027367,
        "dmean2": 5.31663656235,
        "dvar": 9.12690448761,
        "dvar2": 22.7218799591,
        "max": 34.473613739,
        "mean": 18.6703166962,
        "median": 18.3284263611,
        "min": 4.7012424469,
        "var": 40.9308547974
    },
    "melbands_flatness_db": {
        "dmean": 0.0426044240594,
        "dmean2": 0.0557237192988,
        "dvar": 0.00161495723296,
        "dvar2": 0.00306101934984,
        "max": 0.512367367744,
        "mean": 0.258159577847,
        "median": 0.253300458193,
        "min": 0.0410622730851,
        "var": 0.0066269878298
    },
    "melbands_kurtosis": {
        "dmean": 23.2394599915,
        "dmean2": 34.381652832,
        "dvar": 1862.19665527,
        "dvar2": 4102.69482422,
        "max": 505.041870117,
        "mean": 36.2410926819,
        "median": 10.9469566345,
        "min": -1.626329422,
        "var": 3866.60546875
    },
    "melbands_skewness": {
        "dmean": 1.42424106598,
        "dmean2": 2.01125741005,
        "dvar": 2.63603997231,
        "dvar2": 5.69423246384,
        "max": 17.7898387909,
        "mean": 3.76369524002,
        "median": 2.7942135334,
        "min": -0.723209738731,
        "var": 9.77323913574
    },
    "melbands_spread": {
        "dmean": 7.43968009949,
        "dmean2": 10.5972480774,
        "dvar": 85.766242981,
        "dvar2": 164.901748657,
        "max": 107.944732666,
        "mean": 17.3352375031,
        "median": 13.0407161713,
        "min": 0.454490631819,
        "var": 230.119689941
    },
    "pitch_salience": {
        "dmean": 0.0779361352324,
        "dmean2": 0.119167596102,
        "dvar": 0.00611972110346,
        "dvar2": 0.0128086395562,
        "max": 0.787148535252,
        "mean": 0.444488912821,
        "median": 0.448255687952,
        "min": 0.0964726731181,
        "var": 0.0200159754604
    },
    "silence_rate_20dB": {
        "dmean": 0,
        "dmean2": 0,
        "dvar": 0,
        "dvar2": 0,
        "max": 1,
        "mean": 1,
        "median": 1,
        "min": 1,
        "var": 0
    },
    "silence_rate_30dB": {
        "dmean": 0.0325077399611,
        "dmean2": 0.0650658383965,
        "dvar": 0.0314509384334,
        "dvar2": 0.0608326792717,
        "max": 1,
        "mean": 0.931167840958,
        "median": 1,
        "min": 0,
        "var": 0.0640942677855
    },
    "silence_rate_60dB": {
        "dmean": 0.0108359130099,
        "dmean2": 0.0216886140406,
        "dvar": 0.0107183894143,
        "dvar2": 0.0227679815143,
        "max": 1,
        "mean": 0.0270688328892,
        "median": 0,
        "min": 0,
        "var": 0.0263358652592
    },
    "spectral_centroid": {
        "dmean": 335.529571533,
        "dmean2": 499.519256592,
        "dvar": 142481.4375,
        "dvar2": 282190.84375,
        "max": 4334.29101562,
        "mean": 1194.97766113,
        "median": 1047.4140625,
        "min": 168.447799683,
        "var": 406014.40625
    },
    "spectral_complexity": {
        "dmean": 4.38931894302,
        "dmean2": 6.15646791458,
        "dvar": 31.6464157104,
        "dvar2": 55.6300125122,
        "max": 58,
        "mean": 13.868522644,
        "median": 11,
        "min": 1,
        "var": 88.9435424805
    },
    "spectral_decrease": {
        "dmean": 2.82207235358e-09,
        "dmean2": 3.83447540386e-09,
        "dvar": 1.47058171077e-17,
        "dvar2": 2.2692649586e-17,
        "max": -9.43235003992e-11,
        "mean": -9.8462429321e-09,
        "median": -7.57798179762e-09,
        "min": -4.75634287511e-08,
        "var": 7.02169931544e-17
    },
    "spectral_energy": {
        "dmean": 0.011212663725,
        "dmean2": 0.0151422191411,
        "dvar": 0.000220799061935,
        "dvar2": 0.000339657446602,
        "max": 0.181599453092,
        "mean": 0.0391433946788,
        "median": 0.0303147695959,
        "min": 0.000385885447031,
        "var": 0.00105323770549
    },
    "spectral_energyband_high": {
        "dmean": 0.000620525388513,
        "dmean2": 0.000859543681145,
        "dvar": 1.19253616049e-06,
        "dvar2": 2.14593933379e-06,
        "max": 0.0125490501523,
        "mean": 0.000948206812609,
        "median": 0.000389715307392,
        "min": 3.20714252666e-06,
        "var": 2.2725441795e-06
    },
    "spectral_energyband_low": {
        "dmean": 0.0077493339777,
        "dmean2": 0.0104024680331,
        "dvar": 0.000203763964237,
        "dvar2": 0.000324610533426,
        "max": 0.169900760055,
        "mean": 0.0220318939537,
        "median": 0.0144663685933,
        "min": 2.81237453237e-06,
        "var": 0.000898392754607
    },
    "spectral_energyband_middle_high": {
        "dmean": 0.00308539601974,
        "dmean2": 0.00427544722334,
        "dvar": 2.2391528546e-05,
        "dvar2": 4.18684685428e-05,
        "max": 0.0665919333696,
        "mean": 0.00636446848512,
        "median": 0.00320125627331,
        "min": 4.14926325902e-05,
        "var": 6.54056711937e-05
    },
    "spectral_energyband_middle_low": {
        "dmean": 0.00560426712036,
        "dmean2": 0.0089475652203,
        "dvar": 0.000101556513982,
        "dvar2": 0.000266101182206,
        "max": 0.080603659153,
        "mean": 0.0107167558745,
        "median": 0.00764244515449,
        "min": 0.000165037956322,
        "var": 0.000125069869682
    },
    "spectral_entropy": {
        "dmean": 0.285348057747,
        "dmean2": 0.386538118124,
        "dvar": 0.0787321552634,
        "dvar2": 0.148342251778,
        "max": 8.53012943268,
        "mean": 7.35035562515,
        "median": 7.38427257538,
        "min": 5.63366222382,
        "var": 0.30161345005
    },
    "spectral_flux": {
        "dmean": 0.0317615941167,
        "dmean2": 0.0459114871919,
        "dvar": 0.00113801273983,
        "dvar2": 0.00205677119084,
        "max": 0.373081892729,
        "mean": 0.0931058675051,
        "median": 0.072713829577,
        "min": 0.0101432120427,
        "var": 0.00432375818491
    },
    "spectral_kurtosis": {
        "dmean": 2.02810502052,
        "dmean2": 3.27799916267,
        "dvar": 6.54069280624,
        "dvar2": 16.4791736603,
        "max": 54.6685714722,
        "mean": 3.89870643616,
        "median": 2.89351034164,
        "min": -1.12353420258,
        "var": 13.9314308167
    },
    "spectral_rms": {
        "dmean": 0.000875258760061,
        "dmean2": 0.00118527538143,
        "dvar": 9.61148316492e-07,
        "dvar2": 1.46166303239e-06,
        "max": 0.0133105292916,
        "mean": 0.0057208519429,
        "median": 0.005438325461,
        "min": 0.000613574462477,
        "var": 5.4605443438e-06
    },
    "spectral_rolloff": {
        "dmean": 474.047302246,
        "dmean2": 784.853393555,
        "dvar": 758084.5625,
        "dvar2": 1605334.625,
        "max": 9087.01171875,
        "mean": 1003.54937744,
        "median": 796.728515625,
        "min": 64.599609375,
        "var": 1165343.25
    },
    "spectral_skewness": {
        "dmean": 0.318234741688,
        "dmean2": 0.477859050035,
        "dvar": 0.081185631454,
        "dvar2": 0.188191786408,
        "max": 5.68581008911,
        "mean": 1.46682846546,
        "median": 1.38624203205,
        "min": 0.179719477892,
        "var": 0.301333874464
    },
    "spectral_spread": {
        "dmean": 937423.375,
        "dmean2": 1374064.875,
        "dvar": 1.21249267712e+12,
        "dvar2": 2.65176429363e+12,
        "max": 13753835,
        "mean": 4864878.5,
        "median": 4442577.5,
        "min": 1502458.625,
        "var": 3.00740876698e+12
    },
    "spectral_strongpeak": {
        "dmean": 0.53112578392,
        "dmean2": 0.886467695236,
        "dvar": 1.07037007809,
        "dvar2": 2.38464999199,
        "max": 10.7878417969,
        "mean": 1.11431777477,
        "median": 0.359986722469,
        "min": 0,
        "var": 2.41217565536
    },
    "zerocrossingrate": {
        "dmean": 0.0126201054081,
        "dmean2": 0.0140028167516,
        "dvar": 0.000174755070475,
        "dvar2": 0.00019591790624,
        "max": 0.19873046875,
        "mean": 0.0451004952192,
        "median": 0.04150390625,
        "min": 0.0029296875,
        "var": 0.000796306354459
    },
    "barkbands": {
        "dmean": [0.0005593347596, 0.00628017773852, 0.00391306076199, 0.00182664324529, 0.00156649295241, 0.000681065197568, 0.000593877048232, 0.00127585546579, 0.00150240480434, 0.000592393509578, 0.000828000309411, 0.000536658335477, 0.000476591812912, 0.000813880295027, 0.00040176755283, 0.000332436669851, 0.000230879959418, 0.000179263937753, 0.000143455908983, 0.000131520384457, 0.000184926160728, 0.000147882165038, 0.000104739578092, 8.30215503811e-05, 9.04870830709e-05, 5.59511317988e-05, 1.61654922781e-09],
        "dmean2": [0.000897636229638, 0.00846349354833, 0.00625234423205, 0.00327278207988, 0.00247784634121, 0.00110230932478, 0.000882587279193, 0.00193304405548, 0.00240597710945, 0.000950046058279, 0.00126279902179, 0.000808298471384, 0.000781993381679, 0.00121094600763, 0.00053755560657, 0.000501697242726, 0.000348319561454, 0.000285886577331, 0.00021151250985, 0.000206027470995, 0.000275876373053, 0.000207098230021, 0.00015003340377, 0.000124121346744, 0.000134034256916, 8.94219774636e-05, 2.87389489984e-09],
        "dvar": [1.55136660851e-06, 0.000185312921531, 0.000152320615598, 5.82166067034e-05, 6.81258052282e-06, 3.20297226608e-06, 1.42426529237e-06, 5.33704587724e-06, 1.27995572257e-05, 2.17823321691e-06, 3.15337319989e-06, 2.7505750495e-06, 2.33372338698e-06, 6.75084584145e-06, 2.32238608078e-06, 6.59068120967e-07, 2.86471447453e-07, 1.7018903975e-07, 7.43900372413e-08, 8.91478677545e-08, 1.21425983934e-07, 5.78024703657e-08, 3.93171752933e-08, 2.9868900242e-08, 5.81070018768e-08, 1.93040072816e-08, 1.16343474279e-17],
        "dvar2": [3.93167374568e-06, 0.000340550788678, 0.000376661424525, 0.000162294410984, 1.74512970261e-05, 7.37722530175e-06, 2.95008908324e-06, 1.12326006274e-05, 3.21134939441e-05, 5.4703814385e-06, 6.99658448866e-06, 6.4060072873e-06, 5.91477373746e-06, 1.29099880724e-05, 3.73044008484e-06, 1.53785777002e-06, 5.41540885024e-07, 4.09515507727e-07, 1.68924842114e-07, 2.01205551775e-07, 2.65243187414e-07, 1.17238478481e-07, 7.53071560666e-08, 5.92143649669e-08, 1.28412935396e-07, 4.03181523723e-08, 2.01323204494e-17],
        "max": [0.0169621743262, 0.149658948183, 0.112190023065, 0.0678193718195, 0.0229846276343, 0.0362385474145, 0.0186476502568, 0.0277051590383, 0.041305154562, 0.0220118947327, 0.0269169807434, 0.0304470546544, 0.0174182672054, 0.0564644895494, 0.0355591103435, 0.0107526499778, 0.0123639572412, 0.00477207731456, 0.00379960541613, 0.0048187696375, 0.00522568821907, 0.00267216912471, 0.0022280944977, 0.00157620280515, 0.00283326907083, 0.00161925831344, 7.9764440386e-08],
        "mean": [0.00115699577145, 0.0156406648457, 0.00450194440782, 0.00141988438554, 0.00231124996208, 0.00105187017471, 0.00117570953444, 0.00233206525445, 0.00208315532655, 0.000847363611683, 0.00175248621963, 0.000668505788781, 0.000477843423141, 0.00103323464282, 0.000508016964886, 0.000403358426411, 0.000317341269692, 0.000235120620346, 0.000199435278773, 0.000168136102729, 0.000278826162685, 0.000215976848267, 0.000123782097944, 0.000102337544376, 8.52905577631e-05, 5.27900010638e-05, 1.35246824851e-09],
        "median": [0.000620219390839, 0.0097893346101, 0.00111535727046, 0.000262911198661, 0.00121804734226, 0.000404472695664, 0.000273849989753, 0.000399935233872, 0.000324682885548, 0.000133651250508, 0.000143214070704, 7.85942538641e-05, 6.49212233839e-05, 0.000103283477074, 6.43403764116e-05, 5.5795404478e-05, 5.64392648812e-05, 6.4721381932e-05, 5.4498672398e-05, 3.9164438931e-05, 7.15328933438e-05, 8.90834489837e-05, 2.45168866968e-05, 1.83813990589e-05, 7.93388062448e-06, 3.50531740878e-06, 4.83438178378e-10],
        "min": [8.56645254732e-10, 2.14705238477e-07, 4.37691255684e-07, 5.66231861399e-08, 2.01063739951e-05, 3.49607762473e-06, 1.91733283827e-06, 2.08868527807e-06, 6.4076596118e-07, 8.61375156092e-07, 3.02219092418e-07, 6.12012172496e-07, 9.80960180641e-07, 4.84916824917e-07, 5.72742237637e-07, 5.16415184393e-07, 4.91142714054e-07, 7.15768862847e-07, 5.97662051405e-07, 1.67404337503e-07, 5.09249900915e-07, 7.38227413422e-07, 2.41218344854e-07, 4.36594120856e-08, 1.29342578314e-10, 2.02442403119e-11, 2.08348390623e-11],
        "var": [2.7722176128e-06, 0.000544826150872, 0.000138462070026, 3.61155798601e-05, 1.00157567431e-05, 6.3474108174e-06, 5.60514808967e-06, 1.57458161993e-05, 2.2129748686e-05, 3.3598578284e-06, 1.6373809558e-05, 3.68038809029e-06, 2.10823463931e-06, 1.0786614439e-05, 3.86971214539e-06, 9.47370040194e-07, 5.63328228509e-07, 2.35546849581e-07, 1.46722726413e-07, 1.26619113416e-07, 2.56899880924e-07, 1.09639877621e-07, 6.30909937627e-08, 4.70191068302e-08, 6.3900124303e-08, 2.33422081664e-08, 1.16418607094e-17]
    },
    "erbbands": {
        "dmean": [0.229445531964, 1.46589839458, 4.44685173035, 4.77904462814, 5.91111564636, 4.69292449951, 4.69017887115, 6.15352725983, 7.39670658112, 17.0900440216, 32.3239059448, 29.6485919952, 17.8969345093, 22.3334312439, 26.7954082489, 22.2427749634, 22.078742981, 38.6521072388, 28.9525871277, 14.1443300247, 16.0409011841, 13.0837774277, 10.2470149994, 7.90650606155, 6.84830617905, 5.77483701706, 7.00920343399, 7.277135849, 5.31585025787, 3.86865830421, 2.9382314682, 2.13220334053, 1.31152272224, 0.964152336121, 0.681801974773, 0.298207402229, 0.104972273111, 0.00951002258807, 0.000171672640136, 1.86911602214e-05],
        "dmean2": [0.332230180502, 1.80590975285, 6.7344045639, 7.93102359772, 9.7775850296, 7.5117816925, 7.47565031052, 9.8390083313, 11.4178466797, 24.1206550598, 50.5074386597, 47.5940742493, 27.9041042328, 34.6259307861, 40.2211112976, 34.1521339417, 34.3539276123, 56.9647941589, 40.2586593628, 20.317193985, 24.0451087952, 19.1924934387, 15.7642269135, 11.8069143295, 10.5146207809, 8.95655632019, 10.5097961426, 10.7571563721, 7.46784734726, 5.49111366272, 4.20287895203, 3.19932770729, 1.84292912483, 1.37812876701, 1.05779325962, 0.451577007771, 0.166165664792, 0.015344764106, 0.000273379555438, 2.64134760073e-05],
        "dvar": [0.226629957557, 10.9578008652, 172.644210815, 329.667022705, 193.848144531, 56.3028297424, 68.4930496216, 402.337677002, 280.0262146, 1186.16296387, 3845.12182617, 5061.9765625, 2092.16723633, 2292.53393555, 3863.52172852, 4704.71972656, 3855.07861328, 16510.9667969, 9169.06933594, 1002.3157959, 1553.74316406, 967.095397949, 511.520263672, 364.022613525, 192.959732056, 170.763534546, 196.858779907, 209.95022583, 75.1449890137, 48.1252975464, 31.6806125641, 20.8149719238, 6.37004089355, 5.84745121002, 3.63861751556, 0.503336429596, 0.0867838338017, 0.00100284046493, 2.80734923308e-07, 8.67479144073e-10],
        "dvar2": [0.440270602703, 18.4517230988, 408.339752197, 835.776428223, 506.066894531, 148.74710083, 163.146896362, 887.686767578, 681.93170166, 2005.71557617, 9382.88964844, 12948.1347656, 5001.94042969, 5369.82177734, 7755.22070312, 11358.0400391, 9266.88964844, 33645.5039062, 14451.8496094, 2057.91723633, 3679.80639648, 1754.46142578, 1215.43334961, 868.677185059, 458.51550293, 359.548858643, 443.774047852, 457.23828125, 158.065109253, 97.1074295044, 58.7706489563, 43.2938957214, 10.974281311, 11.6250133514, 8.77979946136, 1.08665144444, 0.209047064185, 0.0023958736565, 6.51286939046e-07, 1.57151103242e-09],
        "max": [4.92990589142, 39.5876197815, 120.279350281, 165.812606812, 129.879165649, 99.9306182861, 130.848098755, 458.715881348, 296.899688721, 598.060852051, 636.052429199, 794.779541016, 751.264404297, 581.950683594, 1327.00097656, 1166.06665039, 632.674255371, 2713.12573242, 1941.73242188, 402.492858887, 707.384338379, 819.586120605, 324.798858643, 341.053985596, 161.214279175, 268.714111328, 249.618057251, 215.359786987, 91.3976211548, 92.4786148071, 62.0455780029, 43.7050819397, 26.47057724, 25.2434310913, 26.4782218933, 9.09650611877, 4.16022253036, 0.489714324474, 0.00807142723352, 0.000372726819478],
        "mean": [0.599717438221, 2.89167070389, 5.68868017197, 4.78059720993, 6.94389629364, 7.07811689377, 6.79456329346, 10.0542402267, 15.4810800552, 36.8010978699, 51.0675697327, 41.1771697998, 27.754858017, 34.274181366, 68.618850708, 29.9190502167, 25.3231487274, 49.8712234497, 38.6973419189, 19.7756786346, 21.033788681, 18.7736816406, 14.075876236, 10.9237194061, 9.33854675293, 7.54986667633, 10.1649503708, 11.0613107681, 7.81079101562, 5.15976667404, 3.50623655319, 2.51293873787, 1.57720196247, 0.987080276012, 0.591751217842, 0.26741528511, 0.0928199067712, 0.00809291563928, 0.000170852727024, 5.34159626113e-05],
        "median": [0.397133529186, 1.35389268398, 1.78849589825, 1.23154389858, 2.5494863987, 3.43521094322, 3.37387084961, 3.25905990601, 3.97604656219, 7.15935277939, 12.93699646, 9.11244297028, 6.31353378296, 4.75970649719, 5.9715681076, 4.61949920654, 4.58473587036, 5.84068202972, 4.79637718201, 3.53737473488, 3.52933430672, 3.81881070137, 4.16072893143, 2.95625782013, 2.81997227669, 1.93113303185, 2.59692597389, 2.92651343346, 3.21605324745, 1.92155528069, 0.607030451298, 0.415528059006, 0.285435199738, 0.112896941602, 0.0404157303274, 0.0192067045718, 0.00624079350382, 0.00055369787151, 3.39789039572e-05, 3.98314696213e-05],
        "min": [4.61740273749e-06, 9.99087424134e-05, 0.00105748162605, 0.00739633804187, 0.0582748837769, 0.0596510656178, 0.065726980567, 0.0624275431037, 0.0448720231652, 0.019753864035, 0.107180126011, 0.0647004172206, 0.0267345514148, 0.0171157307923, 0.0231423657387, 0.0334118492901, 0.0873522982001, 0.0345741026103, 0.0239636786282, 0.0353798903525, 0.027310134843, 0.0606801621616, 0.0426869541407, 0.0267172623426, 0.0242984537035, 0.0103147532791, 0.0162509363145, 0.0189436748624, 0.0214176699519, 0.0169051233679, 0.00707630300894, 0.0013247668976, 0.000507703400217, 7.48769380152e-05, 1.34626370709e-05, 2.72323723038e-06, 4.47565923878e-07, 1.11289899962e-07, 2.93393725315e-07, 4.69701518568e-07],
        "var": [0.576094865799, 28.5922851562, 182.988632202, 260.562805176, 189.620941162, 90.0018997192, 102.190063477, 866.964599609, 1032.14599609, 4555.60888672, 8324.95898438, 8095.93945312, 3478.78662109, 5010.60546875, 34542.7304688, 5555.51171875, 4118.26171875, 25513.9882812, 16391.4980469, 1897.9095459, 2193.79052734, 1993.37512207, 762.456665039, 573.20111084, 282.003387451, 258.067810059, 406.015319824, 409.430114746, 138.820129395, 85.9219665527, 53.1693687439, 29.5070266724, 11.5753316879, 7.71422958374, 3.41401481628, 0.578963816166, 0.0878868624568, 0.000928559049498, 2.80848126977e-07, 2.20552487384e-09]
    },
    "gfcc": {
        "mean": [-16.2656517029, 98.7455444336, -109.042137146, 39.5963363647, -62.2257118225, 19.3889274597, -27.8144512177, 8.03856182098, -14.7159643173, 4.65825653076, -15.8602485657, -1.69087302685, -11.0547208786],
        "cov": [[4593.67578125, -1355.32495117, -228.81854248, -52.5876846313, 147.229446411, 473.435821533, -230.056747437, 361.245849609, -75.6447219849, 463.916595459, -348.374481201, 325.640686035, -35.1349105835], [-1355.32495117, 1200.23754883, -158.158065796, -33.7679748535, 119.361106873, -202.60748291, 283.268707275, -171.437301636, 158.068832397, -250.734207153, 208.288330078, -145.508758545, 80.2998504639], [-228.81854248, -158.158065796, 1243.86291504, 409.437805176, 357.11618042, 362.311920166, -179.811599731, 92.8571166992, 185.688323975, 239.305023193, 55.0221328735, 74.9644775391, 33.5629463196], [-52.5876846313, -33.7679748535, 409.437805176, 690.387939453, 484.528045654, 270.282836914, -67.3627700806, 6.92374277115, 308.484588623, 282.684783936, 54.0832939148, -21.5734214783, 177.123809814], [147.229446411, 119.361106873, 357.11618042, 484.528045654, 875.756103516, 365.097900391, -17.6536006927, 70.7635726929, 431.672058105, 390.94921875, 9.3862991333, 44.3666000366, 165.655288696], [473.435821533, -202.60748291, 362.311920166, 270.282836914, 365.097900391, 474.215362549, -24.398431778, 71.0168075562, 212.319702148, 265.152862549, -9.04448699951, 26.5634708405, 67.3206787109], [-230.056747437, 283.268707275, -179.811599731, -67.3627700806, -17.6536006927, -24.398431778, 313.161376953, 15.7119035721, -3.85831904411, -78.7989501953, 62.6514053345, -52.4419631958, 11.9543952942], [361.245849609, -171.437301636, 92.8571166992, 6.92374277115, 70.7635726929, 71.0168075562, 15.7119035721, 166.523376465, 12.8522167206, 79.5328979492, -21.8754062653, 48.4709892273, 8.13140106201], [-75.6447219849, 158.068832397, 185.688323975, 308.484588623, 431.672058105, 212.319702148, -3.85831904411, 12.8522167206, 422.075378418, 256.291931152, 23.3169021606, 14.545378685, 100.994934082], [463.916595459, -250.734207153, 239.305023193, 282.684783936, 390.94921875, 265.152862549, -78.7989501953, 79.5328979492, 256.291931152, 408.029205322, -30.181098938, 60.3537025452, 86.8441619873], [-348.374481201, 208.288330078, 55.0221328735, 54.0832939148, 9.3862991333, -9.04448699951, 62.6514053345, -21.8754062653, 23.3169021606, -30.181098938, 186.929962158, -3.22414803505, 28.9878311157], [325.640686035, -145.508758545, 74.9644775391, -21.5734214783, 44.3666000366, 26.5634708405, -52.4419631958, 48.4709892273, 14.545378685, 60.3537025452, -3.22414803505, 155.101165771, -7.89978599548], [-35.1349105835, 80.2998504639, 33.5629463196, 177.123809814, 165.655288696, 67.3206787109, 11.9543952942, 8.13140106201, 100.994934082, 86.8441619873, 28.9878311157, -7.89978599548, 154.824172974]],
        "icov": [[0.000512475962751, 5.62249515497e-05, 0.000410734763136, -0.000127343577333, 9.65302679106e-05, -0.000657902972307, 0.000210209589568, -0.000648230023216, 0.000406351144193, -0.000332588766469, 0.000486692559207, -0.000772407045588, 0.000135333146318], [5.62249515497e-05, 0.00398356514052, -0.000648055342026, 0.00174486404285, -0.00193313439377, 0.00183185515925, -0.00206251093186, 0.00249760132283, -0.00286654382944, 0.00310721667483, -0.00228365906514, 0.00184883293696, -0.00196019001305], [0.000410734763136, -0.000648055342026, 0.00184876646381, -0.00110606220551, 0.000313801749144, -0.00163427705411, 0.00128858163953, -0.00161951791961, 0.000919185695238, -0.000513950595632, 0.000133903638925, -0.00120522303041, 0.00125645869412], [-0.000127343577333, 0.00174486404285, -0.00110606220551, 0.00459273904562, -0.00164460891392, 0.000841650762595, -0.000405816506827, 0.00192056724336, -0.00198817159981, 0.000724172452465, -0.00178660440724, 0.00236715003848, -0.00327817234211], [9.65302679106e-05, -0.00193313439377, 0.000313801749144, -0.00164460891392, 0.00423113955185, -0.00165316998027, 0.000629356771242, -0.00161943479907, -0.000251182966167, -0.00241484609433, 0.00160700944252, -0.00159803254064, 0.000202109760721], [-0.000657902972307, 0.00183185515925, -0.00163427705411, 0.000841650762595, -0.00165316998027, 0.00595403509215, -0.00187844829634, 0.00174964149483, -0.00203923229128, 0.000308863003738, -0.00133318640292, 0.00227289483882, -0.000952384958509], [0.000210209589568, -0.00206251093186, 0.00128858163953, -0.000405816506827, 0.000629356771242, -0.00187844829634, 0.0058897472918, -0.00329731008969, 0.00114326784387, -0.000539566681255, -0.000405342550948, 0.000243538597715, 0.000809366814792], [-0.000648230023216, 0.00249760132283, -0.00161951791961, 0.00192056724336, -0.00161943479907, 0.00174964149483, -0.00329731008969, 0.0107605708763, -0.00118716235738, 0.000651290814858, -0.000968971173279, 0.000174391898327, -0.00202780100517], [0.000406351144193, -0.00286654382944, 0.000919185695238, -0.00198817159981, -0.000251182966167, -0.00203923229128, 0.00114326784387, -0.00118716235738, 0.00819110218436, -0.00441068876535, 0.00164600007702, -0.00202563870698, 0.00150304171257], [-0.000332588766469, 0.00310721667483, -0.000513950595632, 0.000724172452465, -0.00241484609433, 0.000308863003738, -0.000539566681255, 0.000651290814858, -0.00441068876535, 0.00940334051847, -0.00134636461735, 0.000836533028632, -0.00204975064844], [0.000486692559207, -0.00228365906514, 0.000133903638925, -0.00178660440724, 0.00160700944252, -0.00133318640292, -0.000405342550948, -0.000968971173279, 0.00164600007702, -0.00134636461735, 0.00865688733757, -0.00298539409414, 0.000160552197485], [-0.000772407045588, 0.00184883293696, -0.00120522303041, 0.00236715003848, -0.00159803254064, 0.00227289483882, 0.000243538597715, 0.000174391898327, -0.00202563870698, 0.000836533028632, -0.00298539409414, 0.0105657065287, -0.000937248987611], [0.000135333146318, -0.00196019001305, 0.00125645869412, -0.00327817234211, 0.000202109760721, -0.000952384958509, 0.000809366814792, -0.00202780100517, 0.00150304171257, -0.00204975064844, 0.000160552197485, -0.000937248987611, 0.0113175418228]]
    },
    "melbands": {
        "dmean": [0.00180229311809, 0.00195634365082, 0.00081746536307, 0.000394930684706, 0.000157795919222, 0.000136312330142, 0.000112619607535, 0.000208161058254, 0.000308295071591, 0.000173017018824, 8.89815055416e-05, 8.91058443813e-05, 9.45670617511e-05, 5.48814387002e-05, 7.43248965591e-05, 3.71767018805e-05, 8.30062126624e-05, 5.25726754859e-05, 2.41765228566e-05, 2.35003717535e-05, 1.78610243893e-05, 1.60960862559e-05, 9.16589124245e-06, 8.39474887471e-06, 6.68980965202e-06, 5.69938129047e-06, 5.02919601786e-06, 3.73915531782e-06, 4.43012277174e-06, 4.08109463024e-06, 4.74744865642e-06, 3.15965485242e-06, 2.86433169094e-06, 1.88767728559e-06, 1.57537317591e-06, 1.8162043034e-06, 1.23072481983e-06, 9.60805323302e-07, 8.47270996474e-07, 8.19276408492e-07],
        "dmean2": [0.00255679432303, 0.00268876529299, 0.00130828423426, 0.000636077893432, 0.000246170820901, 0.000218603614485, 0.000171326086274, 0.000293317978503, 0.000484335556393, 0.000277335260762, 0.000139371084515, 0.000138693736517, 0.000144011428347, 8.43392917886e-05, 0.000114341928565, 6.00027706241e-05, 0.000122601079056, 7.70092156017e-05, 3.47394816345e-05, 3.58924044122e-05, 2.73267414741e-05, 2.41477082454e-05, 1.40873353303e-05, 1.31455262817e-05, 1.02917383629e-05, 8.92345542525e-06, 8.04281444289e-06, 5.90755553276e-06, 6.79247023072e-06, 6.224056051e-06, 7.18298861102e-06, 4.57547776023e-06, 4.13583211412e-06, 2.73242540061e-06, 2.29259308071e-06, 2.69992938229e-06, 1.92578227143e-06, 1.45038177379e-06, 1.21312689316e-06, 1.19244555208e-06],
        "dvar": [1.47579985423e-05, 2.40238132392e-05, 7.42380279917e-06, 5.13481097641e-07, 7.01074469589e-08, 1.63130650321e-07, 5.99937521883e-08, 1.81021505341e-07, 4.23946261208e-07, 1.69225842228e-07, 5.50037206892e-08, 3.71370170171e-08, 4.34601155064e-08, 2.19031761617e-08, 7.03140941027e-08, 1.19965575252e-08, 8.38117415469e-08, 2.81391301371e-08, 6.8879706383e-09, 3.61312535446e-09, 2.31739383239e-09, 1.77929981859e-09, 3.91241761211e-10, 4.39198261093e-10, 2.88648660529e-10, 1.32664115804e-10, 1.6500253941e-10, 7.24241291938e-11, 8.14842360253e-11, 6.73281777552e-11, 1.06209187278e-10, 2.87410997779e-11, 2.41971616355e-11, 1.32592305191e-11, 9.32392791447e-12, 1.33157851065e-11, 8.41139397717e-12, 3.55441912882e-12, 3.56511174748e-12, 4.84889819269e-12],
        "dvar2": [2.70713153441e-05, 4.72259380331e-05, 1.78545797098e-05, 1.34319680001e-06, 1.62471565091e-07, 3.68049967392e-07, 1.40720601394e-07, 3.12415693315e-07, 1.04951209323e-06, 4.2611023332e-07, 1.32230496774e-07, 8.86738718009e-08, 9.82381678227e-08, 5.18427079044e-08, 1.59892735496e-07, 2.80854077772e-08, 1.70032294022e-07, 4.79337600723e-08, 1.42003671044e-08, 8.2752755759e-09, 5.60059865151e-09, 3.20150017608e-09, 9.75871605746e-10, 1.00354058397e-09, 6.81667056135e-10, 3.25112547994e-10, 4.05027927863e-10, 1.52431220424e-10, 1.79281631207e-10, 1.40603764742e-10, 2.54076149009e-10, 5.96992316693e-11, 5.3321343868e-11, 2.74850038562e-11, 1.69949609941e-11, 2.66420063094e-11, 1.9747016522e-11, 6.71935337232e-12, 6.94840495905e-12, 1.00587654525e-11],
        "max": [0.0407842732966, 0.0495155267417, 0.0253451224416, 0.00594841642305, 0.003564695362, 0.00893018208444, 0.00422601075843, 0.00713783409446, 0.00738432304934, 0.00519834412262, 0.00365378987044, 0.00216388539411, 0.00357272615656, 0.00264718802646, 0.00469060521573, 0.00153530063108, 0.00621404545382, 0.0026784890797, 0.00190565048251, 0.000832746911328, 0.000898077734746, 0.00115298200399, 0.000245160976192, 0.000367444561562, 0.000312362477416, 0.000143058525282, 0.000164542463608, 0.00017564999871, 0.000153488173964, 0.000114545262477, 0.000185249155038, 5.78643266635e-05, 4.96355642099e-05, 5.23289272678e-05, 3.44952277374e-05, 3.93845584767e-05, 3.0851282645e-05, 1.60220661201e-05, 2.32676502492e-05, 2.14016290556e-05],
        "mean": [0.00472579989582, 0.00326867774129, 0.000902656815015, 0.000544943555724, 0.000248056516284, 0.000225363735808, 0.000226331598242, 0.000439511233708, 0.000464228127385, 0.000236630919972, 0.000132936329464, 0.00012680645159, 0.000211220583878, 0.00010753692186, 8.31573270261e-05, 3.97938165406e-05, 0.000104206090327, 6.63238752168e-05, 3.03763372358e-05, 2.88747742161e-05, 2.21752125071e-05, 2.19430366997e-05, 1.18701618703e-05, 1.1078600437e-05, 8.62564502313e-06, 7.54670827519e-06, 5.82437314733e-06, 4.69857786811e-06, 6.21703611614e-06, 6.08747859587e-06, 6.70124836688e-06, 4.51662299383e-06, 3.85693283533e-06, 2.34948947764e-06, 1.90217178897e-06, 1.97514873435e-06, 1.38915117986e-06, 1.15561226721e-06, 9.06693571778e-07, 7.98006055902e-07],
        "median": [0.00308635528199, 0.00134248821996, 0.000290349620627, 0.000249819393503, 0.000126941333292, 7.58424212108e-05, 5.50602017029e-05, 5.56457489438e-05, 9.75731381914e-05, 4.72326646559e-05, 2.01265684154e-05, 1.56865989993e-05, 1.86043198482e-05, 1.07231344373e-05, 8.61647822603e-06, 5.25487439518e-06, 9.11888764676e-06, 6.99261909176e-06, 4.8844617595e-06, 3.71193345927e-06, 3.46343608726e-06, 3.41071313414e-06, 3.30319312525e-06, 3.04915397464e-06, 1.84861846719e-06, 1.97254007617e-06, 1.30051910219e-06, 1.04762898445e-06, 1.4716174519e-06, 1.20781919577e-06, 1.51635390466e-06, 1.61226523687e-06, 1.48783806253e-06, 7.50339552269e-07, 3.05147835888e-07, 2.30530545764e-07, 2.214547834e-07, 2.06170383876e-07, 1.39576357583e-07, 6.51712781519e-08],
        "min": [5.23745171677e-08, 2.90122045499e-07, 2.66029746854e-06, 2.38242887463e-06, 2.13837324736e-06, 9.89068325907e-07, 6.56336851534e-07, 1.04187236616e-07, 8.01950704954e-07, 1.09656980385e-07, 9.01241250517e-08, 5.05343997759e-08, 3.89890786323e-08, 7.39144212503e-08, 1.17006806022e-07, 7.91316736581e-08, 6.04688210615e-08, 2.73628639746e-08, 3.59715848219e-08, 3.67651722399e-08, 1.79490236007e-08, 2.06641690426e-08, 4.7521254487e-08, 3.05174268078e-08, 1.99077998531e-08, 1.14048059885e-08, 1.31492825517e-08, 4.89040408169e-09, 4.21157109187e-09, 5.41799849429e-09, 1.6782797374e-10, 1.25310464227e-08, 1.13057119222e-08, 2.91857293888e-09, 5.44551626014e-10, 3.9797755369e-11, 6.32890795327e-10, 6.75115041995e-12, 3.10044212526e-11, 1.0286135008e-12],
