{
"highlevel": {
    "danceability": {
        "all": {
            "danceable": 0.11858151108,
            "not_danceable": 0.881418466568
        },
        "probability": 0.881418466568,
        "value": "not_danceable"
    },
    "gender": {
        "all": {
            "female": 0.446457475424,
            "male": 0.553542494774
        },
        "probability": 0.553542494774,
        "value": "male"
    },
    "genre_dortmund": {
        "all": {
            "alternative": 0.163069486618,
            "blues": 0.119009025395,
            "electronic": 0.035574324429,
            "folkcountry": 0.349950194359,
            "funksoulrnb": 0.00809470098466,
            "jazz": 0.10457264632,
            "pop": 0.0547076500952,
            "raphiphop": 0.0031473657582,
            "rock": 0.161874592304
        },
        "probability": 0.349950194359,
        "value": "folkcountry"
    },
    "genre_electronic": {
        "all": {
            "ambient": 0.639536678791,
            "dnb": 0.044143974781,
            "house": 0.229291796684,
            "techno": 0.0182622727007,
            "trance": 0.068765245378
        },
        "probability": 0.639536678791,
        "value": "ambient"
    },
    "genre_rosamerica": {
        "all": {
            "cla": 0.108207561076,
            "dan": 0.034399703145,
            "hip": 0.0202060937881,
            "jaz": 0.0954840704799,
            "pop": 0.238021090627,
            "rhy": 0.161529392004,
            "roc": 0.285208493471,
            "spe": 0.0569435991347
        },
        "probability": 0.285208493471,
        "value": "roc"
    },
    "genre_tzanetakis": {
        "all": {
            "blu": 0.0631970837712,
            "cla": 0.0351076424122,
            "cou": 0.105340525508,
            "dis": 0.0632559657097,
            "hip": 0.158187583089,
            "jaz": 0.316573172808,
            "met": 0.0527318492532,
            "pop": 0.063265889883,
            "reg": 0.0632615014911,
            "roc": 0.0790787860751
        },
        "probability": 0.316573172808,
        "value": "jaz"
    },
    "ismir04_rhythm": {
        "all": {
            "ChaChaCha": 0.152695372701,
            "Jive": 0.0211607608944,
            "Quickstep": 0.0928170233965,
            "Rumba-American": 0.0429918318987,
            "Rumba-International": 0.0900347009301,
            "Rumba-Misc": 0.0127630718052,
            "Samba": 0.0320373289287,
            "Tango": 0.419348478317,
            "VienneseWaltz": 0.102517649531,
            "Waltz": 0.0336337834597
        },
        "probability": 0.419348478317,
        "value": "Tango"
    },
    "mood_acoustic": {
        "all": {
            "acoustic": 0.599495708942,
            "not_acoustic": 0.400504291058
        },
        "probability": 0.599495708942,
        "value": "acoustic"
    },
    "mood_aggressive": {
        "all": {
            "aggressive": 0.119236439466,
            "not_aggressive": 0.880763530731
        },
        "probability": 0.880763530731,
        "value": "not_aggressive"
    },
    "mood_electronic": {
        "all": {
            "electronic": 0.526427805424,
            "not_electronic": 0.473572224379
        },
        "probability": 0.526427805424,
        "value": "electronic"
    },
    "mood_happy": {
        "all": {
            "happy": 0.0774543732405,
            "not_happy": 0.922545611858
        },
        "probability": 0.922545611858,
        "value": "not_happy"
    },
    "mood_party": {
        "all": {
            "not_party": 0.932766139507,
            "party": 0.067233890295
        },
        "probability": 0.932766139507,
        "value": "not_party"
    },
    "mood_relaxed": {
        "all": {
            "not_relaxed": 0.00847929529846,
            "relaxed": 0.991520702839
        },
        "probability": 0.991520702839,
        "value": "relaxed"
    },
    "mood_sad": {
        "all": {
            "not_sad": 0.172915756702,
            "sad": 0.827084243298
        },
        "probability": 0.827084243298,
        "value": "sad"
    },
    "moods_mirex": {
        "all": {
            "Cluster1": 0.608965337276,
            "Cluster2": 0.0615970678627,
            "Cluster3": 0.271855473518,
            "Cluster4": 0.0335207879543,
            "Cluster5": 0.0240613650531
        },
        "probability": 0.608965337276,
        "value": "Cluster1"
    },
    "timbre": {
        "all": {
            "bright": 0.786044180393,
            "dark": 0.213955804706
        },
        "probability": 0.786044180393,
        "value": "bright"
    },
    "tonal_atonal": {
        "all": {
            "atonal": 0.0603417791426,
            "tonal": 0.939658224583
        },
        "probability": 0.939658224583,
        "value": "tonal"
    },
    "voice_instrumental": {
        "all": {
            "instrumental": 0.303055644035,
            "voice": 0.696944355965
        },
        "probability": 0.696944355965,
        "value": "voice"
    }
},
"lowlevel": {
    "average_loudness": 0.971060335636,
    "barkbands_crest": {
        "dmean": 2.32638716698,
        "dmean2": 3.80405521393,
        "dvar": 5.1525387764,
        "dvar2": 14.1998062134,
        "max": 23.440486908,
        "mean": 11.0252561569,
        "median": 10.643828392,
        "min": 3.37458252907,
        "var": 12.7986059189
    },
    "barkbands_flatness_db": {
        "dmean": 0.022013830021,
        "dmean2": 0.0345297195017,
        "dvar": 0.00055612414144,
        "dvar2": 0.00127435370814,
        "max": 0.365291565657,
        "mean": 0.19394274056,
        "median": 0.187153920531,
        "min": 0.0677348300815,
        "var": 0.00331530719995
    },
    "barkbands_kurtosis": {
        "dmean": 3.41557598114,
        "dmean2": 5.62372970581,
        "dvar": 28.3828220367,
        "dvar2": 73.1412811279,
        "max": 95.6565856934,
        "mean": 7.28419017792,
        "median": 5.66476917267,
        "min": -1.73240625858,
        "var": 66.2380981445
    },
    "barkbands_skewness": {
        "dmean": 0.460576295853,
        "dmean2": 0.733086585999,
        "dvar": 0.260329604149,
        "dvar2": 0.676855444908,
        "max": 7.62112283707,
        "mean": 2.08881807327,
        "median": 2.07851886749,
        "min": -0.60748064518,
        "var": 1.00245881081
    },
    "barkbands_spread": {
        "dmean": 4.36796998978,
        "dmean2": 6.81799697876,
        "dvar": 46.1525039673,
        "dvar2": 111.117546082,
        "max": 90.8302154541,
        "mean": 16.3386039734,
        "median": 12.2551546097,
        "min": 0.864529192448,
        "var": 146.547485352
    },
    "dissonance": {
        "dmean": 0.0192105621099,
        "dmean2": 0.0315913259983,
        "dvar": 0.000318004866131,
        "dvar2": 0.000873529468663,
        "max": 0.499111413956,
        "mean": 0.453943252563,
        "median": 0.459496974945,
        "min": 0.304063737392,
        "var": 0.000856984232087
    },
    "dynamic_complexity": 1.566426754,
    "erbbands_crest": {
        "dmean": 2.56823062897,
        "dmean2": 4.19341135025,
        "dvar": 7.04240274429,
        "dvar2": 16.6450271606,
        "max": 30.9328346252,
        "mean": 9.87132358551,
        "median": 8.71921825409,
        "min": 2.51435065269,
        "var": 23.1369628906
    },
    "erbbands_flatness_db": {
        "dmean": 0.0158734042197,
        "dmean2": 0.0225781723857,
        "dvar": 0.000326911191223,
        "dvar2": 0.000588949013036,
        "max": 0.35382694006,
        "mean": 0.177992448211,
        "median": 0.173713698983,
        "min": 0.0665629133582,
        "var": 0.00180219125468
    },
    "erbbands_kurtosis": {
        "dmean": 0.946258544922,
        "dmean2": 1.47216975689,
        "dvar": 2.32536435127,
        "dvar2": 5.56649303436,
        "max": 44.069229126,
        "mean": 0.36208987236,
        "median": -0.330269098282,
        "min": -1.77570164204,
        "var": 7.35405731201
    },
    "erbbands_skewness": {
        "dmean": 0.369733035564,
        "dmean2": 0.56352353096,
        "dvar": 0.127181857824,
        "dvar2": 0.314559280872,
        "max": 5.2820019722,
        "mean": 0.649504363537,
        "median": 0.631285727024,
        "min": -1.90569460392,
        "var": 0.585041761398
    },
    "erbbands_spread": {
        "dmean": 8.23037147522,
        "dmean2": 12.3967828751,
        "dvar": 92.9238357544,
        "dvar2": 201.245315552,
        "max": 134.043411255,
        "mean": 43.6823883057,
        "median": 41.5425262451,
        "min": 2.65674948692,
        "var": 314.663757324
    },
    "hfc": {
        "dmean": 5.44457197189,
        "dmean2": 8.42709636688,
        "dvar": 114.835586548,
        "dvar2": 289.723022461,
        "max": 131.529876709,
        "mean": 18.5656414032,
        "median": 14.1003551483,
        "min": 1.82219994068,
        "var": 210.412124634
    },
    "melbands_crest": {
        "dmean": 2.73546051979,
        "dmean2": 4.4826259613,
        "dvar": 7.9830532074,
        "dvar2": 21.752784729,
        "max": 29.0906848907,
        "mean": 13.3468360901,
        "median": 12.4679193497,
        "min": 5.62376260757,
        "var": 17.2029914856
    },
    "melbands_flatness_db": {
        "dmean": 0.0254924912006,
        "dmean2": 0.038455221802,
        "dvar": 0.000896167359315,
        "dvar2": 0.00203723926097,
        "max": 0.438911437988,
        "mean": 0.247609004378,
        "median": 0.242703676224,
        "min": 0.0741884186864,
        "var": 0.0057954210788
    },
    "melbands_kurtosis": {
        "dmean": 7.29039955139,
        "dmean2": 11.8954916,
        "dvar": 139.124465942,
        "dvar2": 372.241607666,
        "max": 224.084686279,
        "mean": 18.6645088196,
        "median": 14.8888149261,
        "min": -1.32421290874,
        "var": 291.887145996
    },
    "melbands_skewness": {
        "dmean": 0.627240478992,
        "dmean2": 0.977256536484,
        "dvar": 0.49298864603,
        "dvar2": 1.25524973869,
        "max": 10.4148902893,
        "mean": 3.13802957535,
        "median": 3.03353142738,
        "min": -0.259215325117,
        "var": 1.73748409748
    },
    "melbands_spread": {
        "dmean": 4.1993637085,
        "dmean2": 6.68753194809,
        "dvar": 42.4831428528,
        "dvar2": 108.515869141,
        "max": 97.9897766113,
        "mean": 14.9353790283,
        "median": 10.8680419922,
        "min": 1.00496351719,
        "var": 143.836227417
    },
    "pitch_salience": {
        "dmean": 0.0590156391263,
        "dmean2": 0.0962490737438,
        "dvar": 0.00391653738916,
        "dvar2": 0.010894970037,
        "max": 0.838736772537,
        "mean": 0.552443444729,
        "median": 0.557621836662,
        "min": 0.203058034182,
        "var": 0.00814343895763
    },
    "silence_rate_20dB": {
        "dmean": 0,
        "dmean2": 0,
        "dvar": 0,
        "dvar2": 0,
        "max": 1,
        "mean": 1,
        "median": 1,
        "min": 1,
        "var": 0
    },
    "silence_rate_30dB": {
        "dmean": 0.00928792543709,
        "dmean2": 0.018590239808,
        "dvar": 0.00920143537223,
        "dvar2": 0.0259912554175,
        "max": 1,
        "mean": 0.994586229324,
        "median": 1,
        "min": 0,
        "var": 0.00538431294262
    },
    "silence_rate_60dB": {
        "dmean": 0,
        "dmean2": 0,
        "dvar": 0,
        "dvar2": 0,
        "max": 0,
        "mean": 0,
        "median": 0,
        "min": 0,
        "var": 0
    },
    "spectral_centroid": {
        "dmean": 191.033126831,
        "dmean2": 298.151550293,
        "dvar": 63654.3164062,
        "dvar2": 160010.96875,
        "max": 2824.05517578,
        "mean": 922.602783203,
        "median": 725.367736816,
        "min": 234.65687561,
        "var": 282309.28125
    },
    "spectral_complexity": {
        "dmean": 3.13544893265,
        "dmean2": 4.97366380692,
        "dvar": 18.6325321198,
        "dvar2": 43.2277832031,
        "max": 54,
        "mean": 17.1291561127,
        "median": 15,
        "min": 4,
        "var": 60.7774734497
    },
    "spectral_decrease": {
        "dmean": 2.50359022402e-09,
        "dmean2": 4.20420676051e-09,
        "dvar": 1.72560844193e-17,
        "dvar2": 4.68949137161e-17,
        "max": -9.74173075541e-10,
        "mean": -8.8333056425e-09,
        "median": -7.85472753506e-09,
        "min": -6.67231390139e-08,
        "var": 2.24427550142e-17
    },
    "spectral_energy": {
        "dmean": 0.0097262468189,
        "dmean2": 0.0163092501462,
        "dvar": 0.00025620526867,
        "dvar2": 0.000690133078024,
        "max": 0.260181188583,
        "mean": 0.0350228771567,
        "median": 0.0312841832638,
        "min": 0.00384204089642,
        "var": 0.000339486228768
    },
    "spectral_energyband_high": {
        "dmean": 0.000442680611741,
        "dmean2": 0.000710572930984,
        "dvar": 1.87608952729e-06,
        "dvar2": 4.98236522617e-06,
        "max": 0.0149936294183,
        "mean": 0.000772056402639,
        "median": 0.000248487485806,
        "min": 3.30487455358e-06,
        "var": 1.94932431441e-06
    },
    "spectral_energyband_low": {
        "dmean": 0.0046755047515,
        "dmean2": 0.00812957901508,
        "dvar": 0.000120890086691,
        "dvar2": 0.000335423916113,
        "max": 0.113711036742,
        "mean": 0.00997884385288,
        "median": 0.0075508793816,
        "min": 8.3428400103e-05,
        "var": 0.000109965403681
    },
    "spectral_energyband_middle_high": {
        "dmean": 0.00117393105756,
        "dmean2": 0.00182006438263,
        "dvar": 2.82958831122e-06,
        "dvar2": 6.39017343929e-06,
        "max": 0.0256183315068,
        "mean": 0.00366109889001,
        "median": 0.0022648058366,
        "min": 0.000165548612131,
        "var": 1.42496701301e-05
    },
    "spectral_energyband_middle_low": {
        "dmean": 0.00723883183673,
        "dmean2": 0.0117830205709,
        "dvar": 0.000155677684234,
        "dvar2": 0.000431133637903,
        "max": 0.23213455081,
        "mean": 0.0222787242383,
        "median": 0.0189322251827,
        "min": 0.002610192867,
        "var": 0.000226868709433
    },
    "spectral_entropy": {
        "dmean": 0.191342785954,
        "dmean2": 0.274709939957,
        "dvar": 0.0509689487517,
        "dvar2": 0.099250562489,
        "max": 8.41025352478,
        "mean": 7.15328407288,
        "median": 7.18357896805,
        "min": 5.25345945358,
        "var": 0.273054122925
    },
    "spectral_flux": {
        "dmean": 0.0244056582451,
        "dmean2": 0.0384777858853,
        "dvar": 0.00102474587038,
        "dvar2": 0.00204687844962,
        "max": 0.346249967813,
        "mean": 0.0775685533881,
        "median": 0.0656834095716,
        "min": 0.0194598566741,
        "var": 0.00208841287531
    },
    "spectral_kurtosis": {
        "dmean": 2.5234003067,
        "dmean2": 4.16875123978,
        "dvar": 11.2425041199,
        "dvar2": 27.5699768066,
        "max": 49.9304656982,
        "mean": 5.20719194412,
        "median": 3.48150587082,
        "min": -1.0987329483,
        "var": 30.0957145691
    },
    "spectral_rms": {
        "dmean": 0.000736219575629,
        "dmean2": 0.0012114251731,
        "dvar": 8.95589039374e-07,
        "dvar2": 2.29152738029e-06,
        "max": 0.0159322097898,
        "mean": 0.00569531694055,
        "median": 0.00552459526807,
        "min": 0.00193606107496,
        "var": 1.73206194631e-06
    },
    "spectral_rolloff": {
        "dmean": 328.197479248,
        "dmean2": 571.622741699,
        "dvar": 693238.4375,
        "dvar2": 1766948.125,
        "max": 10486.6699219,
        "mean": 899.15020752,
        "median": 516.796875,
        "min": 107.666015625,
        "var": 1112398.625
    },
    "spectral_skewness": {
        "dmean": 0.302584201097,
        "dmean2": 0.482505261898,
        "dvar": 0.116369202733,
        "dvar2": 0.260473817587,
        "max": 5.69506120682,
        "mean": 1.58270204067,
        "median": 1.4655752182,
        "min": 0.220209911466,
        "var": 0.489688456059
    },
    "spectral_spread": {
        "dmean": 469904.78125,
        "dmean2": 689756.8125,
        "dvar": 586505781248,
        "dvar2": 949009776640,
        "max": 19286374,
        "mean": 4012176.5,
        "median": 3898869.5,
        "min": 1216019.5,
        "var": 2.01710790246e+12
    },
    "spectral_strongpeak": {
        "dmean": 0.432231366634,
        "dmean2": 0.720519304276,
        "dvar": 0.495256960392,
        "dvar2": 1.12388849258,
        "max": 11.9942035675,
        "mean": 0.98639267683,
        "median": 0.75375431776,
        "min": 0.0684508308768,
        "var": 0.933440923691
    },
    "zerocrossingrate": {
        "dmean": 0.00699428888038,
        "dmean2": 0.00863399263471,
        "dvar": 8.13853475847e-05,
        "dvar2": 0.000111075438326,
        "max": 0.232421875,
        "mean": 0.0426356755197,
        "median": 0.03466796875,
        "min": 0.01025390625,
        "var": 0.000674741517287
    },
    "barkbands": {
        "dmean": [7.16754875612e-05, 0.00329408678226, 0.00141150772106, 0.00223517068662, 0.00434624170884, 0.00148567173164, 0.000980740296654, 0.00100236444268, 0.000235154424445, 0.000432939385064, 0.000221505397349, 0.000157137721544, 0.000196209497517, 0.000133791880216, 0.000236004445469, 0.000166102487128, 0.000118453710456, 0.000146629681694, 0.000176171219209, 8.74821125763e-05, 0.000111756722617, 0.000152235297719, 9.86487793853e-05, 5.34648315806e-05, 3.32542076649e-05, 9.76233422989e-06, 4.0297716275e-09],
        "dmean2": [0.000102529731521, 0.00561035517603, 0.00244891620241, 0.00373410922475, 0.0071425861679, 0.00228936807252, 0.00143809092697, 0.00141899869777, 0.00035177267273, 0.000669762608595, 0.000361832091585, 0.000264218135271, 0.00034940984915, 0.000210375059396, 0.000346982269548, 0.000270351301879, 0.000186184348422, 0.000221366775804, 0.000273767975159, 0.00014490839385, 0.000186981938896, 0.000255677645328, 0.000161279385793, 8.20639179437e-05, 5.38031708857e-05, 1.60841354955e-05, 5.36668531836e-09],
        "dvar": [3.63716452512e-08, 6.01051324338e-05, 1.57403301273e-05, 3.65877931472e-05, 5.2119470638e-05, 8.92465232027e-06, 4.06249228035e-06, 5.880176559e-06, 4.55321242043e-07, 1.44344551245e-06, 1.37089244845e-07, 1.79424120006e-07, 6.78511895558e-08, 6.25834815082e-08, 3.33549138531e-07, 7.82913005537e-08, 5.74005980525e-08, 1.30528292175e-07, 1.00454975893e-07, 3.66221435399e-08, 9.40620523693e-08, 3.4016659356e-07, 1.51400158188e-07, 3.35417773556e-08, 3.19537996063e-08, 7.4337238587e-09, 5.45227442499e-15],
        "dvar2": [5.79097232389e-08, 0.000166110869031, 4.38144015789e-05, 9.04797634576e-05, 0.000151348562213, 2.21629506996e-05, 9.17573106562e-06, 1.37661854751e-05, 8.79668505149e-07, 3.40111932928e-06, 3.70223631307e-07, 4.75135351508e-07, 2.03474755267e-07, 1.40174975627e-07, 6.53027484532e-07, 1.82330055054e-07, 1.20081011801e-07, 2.28407756708e-07, 2.35689583405e-07, 9.94189406356e-08, 2.51253226224e-07, 9.56679400588e-07, 4.18300686533e-07, 7.96260763991e-08, 8.33537967537e-08, 2.04171968221e-08, 5.48769903691e-15],
        "max": [0.00286152237095, 0.0886033177376, 0.0365841723979, 0.0761694386601, 0.125046476722, 0.0399680696428, 0.0318976975977, 0.0462832823396, 0.012082669884, 0.0232192482799, 0.00474098138511, 0.00985081493855, 0.0023738257587, 0.00460969982669, 0.00962842255831, 0.00396692939103, 0.00553141534328, 0.0109748560935, 0.0071261129342, 0.00193835143, 0.00281362677924, 0.00798410642892, 0.00796847138554, 0.00401940476149, 0.00334074557759, 0.00230658729561, 2.59444232142e-06],
        "mean": [0.000108107276901, 0.0067793270573, 0.00173862220254, 0.00336501910351, 0.0106567656621, 0.00339176109992, 0.00203147809952, 0.0019235907821, 0.000393129274016, 0.000932384980842, 0.000327455403749, 0.000267583731329, 0.000298548606224, 0.000243723232416, 0.000497471773997, 0.000320635037497, 0.000221339476411, 0.000323203857988, 0.000374402297894, 0.000164294993738, 0.000157723567099, 0.000222416463657, 0.000141923359479, 8.80918305484e-05, 4.37610033259e-05, 1.01529858512e-05, 3.70949937434e-09],
        "median": [1.042869917e-05, 0.00574661046267, 0.000729088904336, 0.00130130525213, 0.0085040256381, 0.00185466674156, 0.000911333423574, 0.0006827043253, 0.000120428048831, 0.000216517742956, 0.000149110826897, 0.000114011876576, 0.000184547854587, 0.000117215509817, 0.000118884338008, 0.000160242401762, 9.31787944864e-05, 8.6844607722e-05, 0.000183130730875, 5.46223600395e-05, 4.2671286792e-05, 5.22367990925e-05, 3.73780130758e-05, 1.77972688107e-05, 7.33560409572e-06, 1.06573168068e-06, 4.18987594619e-10],
        "min": [4.11906846409e-08, 9.73662281467e-07, 5.88195280216e-06, 4.8763590712e-06, 0.000175663502887, 4.92185063194e-05, 1.21012781165e-05, 3.24943766827e-06, 2.21916093324e-06, 6.96642644016e-07, 1.93902428691e-06, 1.46179581861e-06, 2.046919235e-06, 2.07167659028e-06, 2.37833887695e-06, 6.43146267976e-06, 3.86020747101e-06, 6.76534284594e-07, 5.87975364397e-07, 3.97241848304e-07, 1.23898473703e-08, 4.78686779104e-08, 1.19697523004e-08, 2.07892730808e-10, 1.30093158468e-11, 7.70513947784e-12, 9.64194436098e-12],
        "var": [8.96273135709e-08, 5.29558565177e-05, 1.17853669508e-05, 5.82726497669e-05, 7.44877761463e-05, 2.15278123505e-05, 1.1978454495e-05, 1.30343587443e-05, 1.01781154171e-06, 5.18850265507e-06, 2.52516571209e-07, 5.11732082487e-07, 1.16558389607e-07, 1.75668972702e-07, 1.44477837694e-06, 2.21534733669e-07, 1.63738178571e-07, 6.38405481368e-07, 3.26411111473e-07, 7.00310422985e-08, 9.30692891643e-08, 2.57654221514e-07, 1.20610309295e-07, 4.6444252888e-08, 3.25326539041e-08, 5.05727504319e-09, 5.4525907918e-15]
    },
    "erbbands": {
        "dmean": [0.0711191222072, 0.834917008877, 1.72656440735, 4.2370595932, 13.0021753311, 13.2262544632, 16.2866382599, 11.412571907, 13.9938640594, 16.4197902679, 18.2690048218, 5.98105764389, 12.5713100433, 7.80070400238, 10.2093687057, 7.25714349747, 9.44841480255, 6.56373739243, 12.343454361, 8.20234012604, 6.5487909317, 5.19971704483, 7.61829328537, 10.5668315887, 5.60252475739, 3.91385984421, 3.71194696426, 5.415391922, 5.89033746719, 3.87549591064, 2.47600460052, 1.38016045094, 0.78708833456, 0.518110215664, 0.161656647921, 0.0622942112386, 0.0144937522709, 0.00115374394227, 2.68489256996e-05, 1.2027379853e-05],
        "dmean2": [0.116091609001, 1.44005811214, 3.08726859093, 7.16158008575, 21.4240512848, 21.7705039978, 25.9106502533, 17.4506053925, 20.3373985291, 23.3611316681, 25.8663578033, 8.76006793976, 19.5064983368, 11.7264451981, 16.8568458557, 12.3624982834, 16.8006839752, 10.6711606979, 18.5671100616, 12.1397924423, 10.6622247696, 8.23484516144, 11.1668806076, 16.3812141418, 8.85854148865, 6.52916431427, 6.06646156311, 9.21151065826, 10.1128368378, 6.29568433762, 4.07879257202, 2.13594341278, 1.21005415916, 0.844947040081, 0.252234488726, 0.104452624917, 0.0235634241253, 0.00183278310578, 4.21700715378e-05, 1.97471890715e-05],
        "dvar": [0.015230583027, 4.68103265762, 29.6803340912, 102.520477295, 707.147216797, 530.630004883, 1236.79125977, 553.412475586, 669.469848633, 1247.27819824, 2396.79418945, 184.884506226, 1694.49938965, 393.877655029, 329.429992676, 384.778137207, 158.844909668, 107.386619568, 1054.42053223, 268.644073486, 135.983184814, 111.24646759, 402.109558105, 414.108215332, 114.449134827, 76.5854415894, 81.3516159058, 369.330352783, 573.176696777, 141.933456421, 89.6365585327, 15.7523097992, 13.9630508423, 9.1924571991, 0.985179305077, 0.39245685935, 0.00864211749285, 4.72560095659e-05, 2.03897219109e-08, 3.93697879852e-10],
        "dvar2": [0.0397190824151, 13.1300134659, 83.9764328003, 280.926208496, 2049.13256836, 1443.49719238, 3179.00805664, 1291.76428223, 1497.43603516, 2901.46582031, 4853.39599609, 342.11706543, 4038.65771484, 881.192077637, 904.294067383, 1032.01000977, 480.005218506, 233.373214722, 2204.55419922, 547.256774902, 353.608612061, 248.344207764, 650.047241211, 868.23840332, 289.196502686, 206.654388428, 216.551696777, 1012.36529541, 1628.29162598, 381.296203613, 243.466903687, 35.6094818115, 35.4474372864, 24.9940795898, 2.55819344521, 1.10812926292, 0.0223122294992, 0.000118294570711, 5.15031040038e-08, 1.02044050987e-09],
        "max": [1.44105744362, 23.2700691223, 52.9391098022, 119.246643066, 390.064483643, 356.20715332, 609.075683594, 473.670074463, 557.83605957, 606.780944824, 917.720214844, 262.552001953, 861.890197754, 355.423828125, 269.837005615, 509.643859863, 125.44342804, 257.781341553, 589.204284668, 368.51260376, 213.750579834, 222.98425293, 698.038024902, 488.692962646, 159.528686523, 84.3740539551, 98.9795150757, 272.057769775, 314.181549072, 178.539016724, 188.345870972, 86.4572219849, 95.9376068115, 64.5661315918, 24.9404392242, 16.6865768433, 2.29508852959, 0.158416375518, 0.00348663120531, 0.000295527919661],
        "mean": [0.147656172514, 1.67015206814, 2.36365842819, 7.09973859787, 28.1272754669, 31.0630474091, 35.8288612366, 24.4885883331, 30.2444992065, 30.8723106384, 37.4398269653, 12.3082523346, 26.7211360931, 16.5544662476, 15.8695421219, 13.2529258728, 14.6838912964, 13.603849411, 27.5986862183, 18.4802055359, 14.3068170547, 10.7087373734, 18.4009532928, 22.5147209167, 11.7963848114, 7.55208873749, 6.54784393311, 7.03053188324, 7.91702318192, 6.47545433044, 3.62123799324, 2.33461022377, 1.16000771523, 0.653928041458, 0.228257507086, 0.0686834827065, 0.0149266459048, 0.00109308492392, 4.3296135118e-05, 4.2589403165e-05],
        "median": [0.113528050482, 1.3948456049, 1.32239425182, 3.46423482895, 15.698392868, 24.8158683777, 17.0583362579, 14.3531837463, 16.1302471161, 15.635684967, 9.95092391968, 4.90199613571, 5.04006004333, 5.63842248917, 8.13239860535, 6.15637159348, 9.26741886139, 7.71466875076, 7.4157538414, 7.43527460098, 7.92878913879, 4.54631185532, 5.31299591064, 9.98146438599, 4.72466516495, 2.61816048622, 1.97083771229, 1.77914059162, 1.86979079247, 1.61769783497, 0.940530896187, 0.555936813354, 0.204486846924, 0.104372650385, 0.0416785217822, 0.0103422813118, 0.00123221089598, 7.13505141903e-05, 2.29213146667e-05, 3.83969854738e-05],
        "min": [9.03928521439e-05, 0.00219251401722, 0.0427326150239, 0.155281066895, 0.397640228271, 0.74971985817, 1.04877603054, 0.549797832966, 0.464453488588, 0.309479951859, 0.133690550923, 0.0891367793083, 0.0493827052414, 0.0401598066092, 0.298133730888, 0.219485655427, 0.30348098278, 0.155674681067, 0.205855697393, 0.319440871477, 0.508800506592, 0.273104727268, 0.0649162977934, 0.0236613117158, 0.0235657766461, 0.0179751943797, 0.0158649999648, 0.00450458982959, 0.00178360368591, 0.000685268605594, 0.000348933652276, 0.000356280972483, 4.85746058985e-05, 1.81959239853e-05, 1.19702790471e-05, 8.94572895049e-06, 4.47486399935e-06, 7.41889266465e-07, 5.21945958099e-06, 1.08887934402e-05],
        "var": [0.0219797622412, 3.67775058746, 19.5319290161, 153.927261353, 1121.90332031, 788.192260742, 2645.54931641, 1760.25866699, 1859.83349609, 2695.06640625, 7553.81884766, 582.555175781, 6016.88378906, 1315.90820312, 548.60369873, 1200.46459961, 276.212158203, 347.25692749, 4639.87548828, 1014.66638184, 324.877258301, 311.468322754, 2364.98681641, 1572.72058105, 294.750244141, 141.757461548, 120.713310242, 286.353790283, 394.152618408, 162.006729126, 76.5788650513, 25.4649848938, 14.2960109711, 8.44036579132, 0.919437348843, 0.246757939458, 0.00718660280108, 4.15739123127e-05, 1.78558003938e-08, 5.33776967071e-10]
    },
    "gfcc": {
        "mean": [-6.21681785583, 132.89994812, -116.906234741, 51.2880592346, -59.2880592346, 6.8380317688, -41.7513237, -3.50482320786, -17.5627765656, -4.563185215, -3.88154292107, -4.425365448, -5.17707490921],
        "cov": [[2788.74194336, -1901.81774902, 49.647480011, 174.76210022, -890.132751465, 584.147888184, -365.005432129, 363.412750244, -145.136413574, 149.761230469, -453.17565918, 131.261642456, -157.623809814], [-1901.81774902, 1677.81542969, -178.886245728, -65.4578323364, 676.374511719, -476.568878174, 372.208251953, -302.123840332, 165.883010864, -164.743988037, 371.917633057, -143.169113159, 164.432373047], [49.647480011, -178.886245728, 474.383331299, -163.057495117, -73.9110412598, 138.599746704, -100.476020813, 96.5506515503, -69.668800354, 51.8963928223, -86.4630508423, 59.2527313232, -38.6025390625], [174.76210022, -65.4578323364, -163.057495117, 486.864013672, -40.9429969788, -42.4508132935, 81.3527297974, -117.241851807, 87.3345031738, -17.082485199, 105.943695068, -40.8317832947, 17.2706794739], [-890.132751465, 676.374511719, -73.9110412598, -40.9429969788, 475.858276367, -218.812866211, 136.577392578, -99.5075454712, 14.5262794495, -43.4173927307, 152.678222656, -42.4561462402, 63.0784339905], [584.147888184, -476.568878174, 138.599746704, -42.4508132935, -218.812866211, 300.730316162, -109.205848694, 94.6839294434, -46.8531036377, 35.3110542297, -118.709037781, 42.982837677, -28.6307659149], [-365.005432129, 372.208251953, -100.476020813, 81.3527297974, 136.577392578, -109.205848694, 203.07875061, -82.7933349609, 49.4958076477, -35.7906913757, 98.0046920776, -27.6283779144, 36.4766693115], [363.412750244, -302.123840332, 96.5506515503, -117.241851807, -99.5075454712, 94.6839294434, -82.7933349609, 219.337997437, -54.2978668213, 32.7764282227, -110.914619446, 23.6594409943, -32.4976539612], [-145.136413574, 165.883010864, -69.668800354, 87.3345031738, 14.5262794495, -46.8531036377, 49.4958076477, -54.2978668213, 148.818054199, 5.29110383987, 51.0293617249, -33.7517929077, 8.38004589081], [149.761230469, -164.743988037, 51.8963928223, -17.082485199, -43.4173927307, 35.3110542297, -35.7906913757, 32.7764282227, 5.29110383987, 120.050186157, -13.3958263397, 25.4846382141, -37.0810279846], [-453.17565918, 371.917633057, -86.4630508423, 105.943695068, 152.678222656, -118.709037781, 98.0046920776, -110.914619446, 51.0293617249, -13.3958263397, 202.001724243, -15.4253368378, 34.1029167175], [131.261642456, -143.169113159, 59.2527313232, -40.8317832947, -42.4561462402, 42.982837677, -27.6283779144, 23.6594409943, -33.7517929077, 25.4846382141, -15.4253368378, 105.684463501, -3.22521924973], [-157.623809814, 164.432373047, -38.6025390625, 17.2706794739, 63.0784339905, -28.6307659149, 36.4766693115, -32.4976539612, 8.38004589081, -37.0810279846, 34.1029167175, -3.22521924973, 94.1315765381]],
        "icov": [[0.00255324109457, 0.000710819032975, 0.00134030589834, -0.00151135388296, 0.00184977776371, -0.00148183305282, 0.000304299377603, -0.00143958057743, 0.00101115950383, -0.00093509722501, 0.00214156531729, -0.000926166132558, 0.000289516989142], [0.000710819032975, 0.00955499149859, -0.00204967032187, 0.00544455926865, -0.00387361180037, 0.00400760723278, -0.0062265265733, 0.00302459485829, -0.00564622692764, 0.00546132773161, -0.00674487277865, 0.00557245081291, -0.00477995630354], [0.00134030589834, -0.00204967032187, 0.00425772974268, -0.00172857893631, 0.00179071910679, -0.00292716803961, 0.00222856574692, -0.0018423772417, 0.00241303187795, -0.00249722017907, 0.0030388366431, -0.00271687470376, 0.00190548459068], [-0.00151135388296, 0.00544455926865, -0.00172857893631, 0.0076668728143, -0.00271731195971, 0.00341291842051, -0.0046997773461, 0.00386254489422, -0.00489377509803, 0.00410147709772, -0.00727819651365, 0.00489650433883, -0.00328747951426], [0.00184977776371, -0.00387361180037, 0.00179071910679, -0.00271731195971, 0.00779754994437, -0.00111435248982, 0.00196888414212, -0.00235693249851, 0.0044662989676, -0.00347520597279, 0.00297071924433, -0.00224114442244, 0.001036494039], [-0.00148183305282, 0.00400760723278, -0.00292716803961, 0.00341291842051, -0.00111435248982, 0.00916862580925, -0.00245130178519, 0.00198211427778, -0.00281390431337, 0.00281855580397, -0.00355573068373, 0.0027671365533, -0.00339509127662], [0.000304299377603, -0.0062265265733, 0.00222856574692, -0.0046997773461, 0.00196888414212, -0.00245130178519, 0.012254146859, -0.00203240709379, 0.00294201192446, -0.00289895525202, 0.00386763759889, -0.00414620898664, 0.00270013185218], [-0.00143958057743, 0.00302459485829, -0.0018423772417, 0.00386254489422, -0.00235693249851, 0.00198211427778, -0.00203240709379, 0.00931144412607, -0.00177374167833, 0.00153285521083, -0.00153867155313, 0.00283355638385, -0.00155750289559], [0.00101115950383, -0.00564622692764, 0.00241303187795, -0.00489377509803, 0.0044662989676, -0.00281390431337, 0.00294201192446, -0.00177374167833, 0.0131720704958, -0.00583694083616, 0.00453913770616, -0.00168534740806, 0.00266827456653], [-0.00093509722501, 0.00546132773161, -0.00249722017907, 0.00410147709772, -0.00347520597279, 0.00281855580397, -0.00289895525202, 0.00153285521083, -0.00583694083616, 0.0146885253489, -0.00637820223346, 0.00158318097237, 0.000626996799838], [0.00214156531729, -0.00674487277865, 0.0030388366431, -0.00727819651365, 0.00297071924433, -0.00355573068373, 0.00386763759889, -0.00153867155313, 0.00453913770616, -0.00637820223346, 0.0175948180258, -0.00666031287983, 0.00332838273607], [-0.000926166132558, 0.00557245081291, -0.00271687470376, 0.00489650433883, -0.00224114442244, 0.0027671365533, -0.00414620898664, 0.00283355638385, -0.00168534740806, 0.00158318097237, -0.00666031287983, 0.0157986152917, -0.0046412171796], [0.000289516989142, -0.00477995630354, 0.00190548459068, -0.00328747951426, 0.001036494039, -0.00339509127662, 0.00270013185218, -0.00155750289559, 0.00266827456653, 0.000626996799838, 0.00332838273607, -0.0046412171796, 0.0161759667099]]
    },
    "melbands": {
        "dmean": [0.000795452855527, 0.00097270810511, 0.000938033103012, 0.000982106896117, 0.000558213912882, 0.000253615027759, 0.000213703780901, 0.000193116327864, 0.000136605580337, 3.2479827496e-05, 6.38419005554e-05, 3.28125825035e-05, 3.03253618767e-05, 2.29855722864e-05, 1.7861064407e-05, 1.75198001671e-05, 1.29588088384e-05, 1.98599227588e-05, 1.44578662002e-05, 1.40506917887e-05, 7.25409972802e-06, 5.89607952861e-06, 6.81227720634e-06, 8.24459766591e-06, 9.80566073849e-06, 5.65923619433e-06, 2.74996205007e-06, 2.83992676486e-06, 2.56606858784e-06, 2.81633515442e-06, 3.51275230059e-06, 3.72336057808e-06, 2.50115908784e-06, 2.23548227041e-06, 1.64643483913e-06, 1.12408747555e-06, 7.94334084731e-07, 6.57592352127e-07, 4.26037644274e-07, 4.63464857603e-07],
        "dmean2": [0.00131756637711, 0.00171856989618, 0.00157229846809, 0.00161886238493, 0.000891805335414, 0.000388583313907, 0.000310519593768, 0.00027539889561, 0.00019283099391, 4.83351686853e-05, 9.92579953163e-05, 4.92809376738e-05, 4.97458022437e-05, 3.84907289117e-05, 3.12656884489e-05, 3.12473639497e-05, 2.07882731047e-05, 2.98261074931e-05, 2.04963525903e-05, 2.23572242248e-05, 1.17975323519e-05, 9.45346891967e-06, 1.06314009827e-05, 1.19600490507e-05, 1.5312607502e-05, 8.94447293831e-06, 4.5224387577e-06, 4.75619162899e-06, 4.29236888522e-06, 4.70510440209e-06, 6.09263497608e-06, 6.48086233923e-06, 4.13278348788e-06, 3.72023146156e-06, 2.79492633126e-06, 1.75098205091e-06, 1.23373911265e-06, 1.03547222352e-06, 6.53080974189e-07, 7.70013969031e-07],
        "dvar": [2.61727745965e-06, 8.62639444676e-06, 5.13234226673e-06, 3.21460947816e-06, 1.23403822272e-06, 2.48570302119e-07, 1.54755852577e-07, 1.7745479397e-07, 1.49910505343e-07, 5.10016695543e-09, 4.31695141856e-08, 7.4302746178e-09, 2.6426583144e-09, 2.49594567236e-09, 1.03196151624e-09, 5.36400479589e-10, 5.1341841889e-10, 2.89824608757e-09, 1.30044008895e-09, 4.95860130734e-10, 2.04513045388e-10, 1.19918783237e-10, 2.06489103594e-10, 5.81844128433e-10, 3.95604854431e-10, 1.32811775466e-10, 3.7325333796e-11, 3.84975627765e-11, 3.29110350084e-11, 4.8139582598e-11, 2.23465010385e-10, 2.69106320561e-10, 6.01788965882e-11, 6.83061038287e-11, 5.95406016157e-11, 1.16895720534e-11, 5.04160862363e-12, 1.26859104818e-11, 2.87631008421e-12, 8.53202317824e-12],
        "dvar2": [7.06122591509e-06, 2.44180482696e-05, 1.34321635414e-05, 9.36940887186e-06, 3.24808820551e-06, 5.93603374455e-07, 3.50732449306e-07, 4.29429746873e-07, 2.85510196818e-07, 1.00783621448e-08, 1.03164289555e-07, 1.65866218538e-08, 7.13487802173e-09, 6.46403730542e-09, 2.88179147212e-09, 1.63541469256e-09, 1.07907460745e-09, 6.25546991984e-09, 2.41643816068e-09, 1.12308717881e-09, 5.24084275977e-10, 2.80831136124e-10, 4.47565345896e-10, 9.08574715464e-10, 8.3704077003e-10, 3.39430511476e-10, 9.74586106262e-11, 1.04560353431e-10, 8.9715748719e-11, 1.30172345125e-10, 6.20669626805e-10, 7.69593777594e-10, 1.64541227865e-10, 1.89568069575e-10, 1.67571859166e-10, 2.72756990605e-11, 1.13332052076e-11, 3.33904848215e-11, 6.68108493876e-12, 2.3765114876e-11],
        "max": [0.0196539219469, 0.028426239267, 0.0313149727881, 0.0298890825361, 0.0182711556554, 0.00912632513791, 0.00757491355762, 0.00874796137214, 0.00847132038325, 0.00126921373885, 0.00435303011909, 0.00149457668886, 0.000684687751345, 0.00102424307261, 0.000624925713055, 0.000215057531022, 0.000569846190047, 0.000943450955674, 0.000819938257337, 0.000350351154339, 0.000259466120042, 0.000162755604833, 0.000361197482562, 0.0007987273857, 0.000478339614347, 0.000205122036277, 8.14990926301e-05, 6.43538442091e-05, 6.28508496447e-05, 6.33960953564e-05, 0.000227443582844, 0.000242816298851, 0.000115214788821, 0.000160644442076, 0.000169987644767, 8.02255381132e-05, 4.48195351055e-05, 9.41891921684e-05, 3.48188405042e-05, 5.98308506596e-05],
        "mean": [0.00170770450495, 0.00164344767109, 0.00177930586506, 0.00235522142611, 0.00123390345834, 0.000547470350284, 0.000459386588773, 0.000352709175786, 0.000275895465165, 6.1210419517e-05, 0.000133668247145, 6.71918460284e-05, 4.60614683107e-05, 3.92281071981e-05, 3.00273586618e-05, 2.75413658528e-05, 2.47276329901e-05, 4.20400829171e-05, 2.91061605822e-05, 2.72379511443e-05, 1.46394286276e-05, 1.11039298645e-05, 1.27608236653e-05, 1.86022607522e-05, 1.86767447303e-05, 1.08920803541e-05, 4.68390180686e-06, 5.28455393578e-06, 4.28626253779e-06, 4.12155714002e-06, 4.06125627705e-06, 4.55423651147e-06, 4.13189809478e-06, 3.3767023524e-06, 2.11963401853e-06, 1.73839748641e-06, 1.30286332478e-06, 9.04359865217e-07, 5.60466958177e-07, 5.37804055512e-07],
        "median": [0.00144305045251, 0.0011870249873, 0.000997916329652, 0.00187070772517, 0.000708085135557, 0.000320732506225, 0.000232162157772, 0.00017701764591, 6.30173453828e-05, 2.39423789026e-05, 2.27613618335e-05, 1.94706135517e-05, 2.1704203391e-05, 1.92488878383e-05, 1.75389741344e-05, 1.61794232554e-05, 1.23281633932e-05, 1.13108189908e-05, 7.06278888174e-06, 1.39296998896e-05, 7.51667221266e-06, 4.76632885693e-06, 4.55295548818e-06, 4.65272432848e-06, 8.42237113829e-06, 3.63212484444e-06, 1.91566346075e-06, 1.608273692e-06, 1.29928287151e-06, 9.79911305876e-07, 9.81978587333e-07, 1.01569230537e-06, 9.56321400736e-07, 8.11277743651e-07, 4.67712737873e-07, 4.37528058228e-07, 2.59139426362e-07, 1.32634497163e-07, 8.35574454072e-08, 6.8600812142e-08],
        "min": [1.70623636109e-07, 1.38116774906e-05, 3.12761949317e-05, 4.95849744766e-05, 4.44883953605e-05, 8.81685991772e-06, 3.06849688059e-06, 2.25163034884e-06, 7.4678416695e-07, 4.61504356508e-07, 2.00709138198e-07, 4.67901415391e-08, 4.79008917864e-07, 4.80048242935e-07, 1.6594464114e-07, 3.20677202126e-07, 2.06734455332e-07, 1.03209409019e-07, 1.72098623352e-07, 3.41975578522e-07, 3.4843375829e-07, 1.78894850933e-07, 4.48233166139e-08, 3.76099862365e-08, 7.38502414777e-09, 1.79828596458e-08, 1.16765175306e-08, 1.13897637988e-08, 1.05663158223e-08, 1.40155761996e-10, 5.82530801374e-10, 9.52433243384e-10, 3.52919526936e-10, 2.57554505501e-10, 1.40286920969e-10, 2.2521774376e-11, 4.74551040824e-12, 1.02432764961e-12, 9.14407004976e-13, 4.41185716432e-14],
