{
"highlevel": {
    "danceability": {
        "all": {
            "danceable": 0.585525751114,
            "not_danceable": 0.414474248886
        },
        "probability": 0.585525751114,
        "value": "danceable"
    },
    "gender": {
        "all": {
            "female": 0.00525456760079,
            "male": 0.994745433331
        },
        "probability": 0.994745433331,
        "value": "male"
    },
    "genre_dortmund": {
        "all": {
            "alternative": 0.178891569376,
            "blues": 0.013319096528,
            "electronic": 0.00494452938437,
            "folkcountry": 0.365011066198,
            "funksoulrnb": 0.00509375752881,
            "jazz": 0.00685391342267,
            "pop": 0.0487096570432,
            "raphiphop": 0.00244720093906,
            "rock": 0.374729216099
        },
        "probability": 0.374729216099,
        "value": "rock"
    },
    "genre_electronic": {
        "all": {
            "ambient": 0.620597660542,
            "dnb": 0.0913126468658,
            "house": 0.193109989166,
            "techno": 0.0144321126863,
            "trance": 0.080547593534
        },
        "probability": 0.620597660542,
        "value": "ambient"
    },
    "genre_rosamerica": {
        "all": {
            "cla": 0.0156938619912,
            "dan": 0.0420445874333,
            "hip": 0.0177718028426,
            "jaz": 0.0152336833999,
            "pop": 0.279202848673,
            "rhy": 0.16919490695,
            "roc": 0.447488039732,
            "spe": 0.0133702792227
        },
        "probability": 0.447488039732,
        "value": "roc"
    },
    "genre_tzanetakis": {
        "all": {
            "blu": 0.0620671063662,
            "cla": 0.034474901855,
            "cou": 0.103433981538,
            "dis": 0.0620971247554,
            "hip": 0.15527240932,
            "jaz": 0.310666948557,
            "met": 0.044346679002,
            "pop": 0.0620793737471,
            "reg": 0.0620816536248,
            "roc": 0.103479810059
        },
        "probability": 0.310666948557,
        "value": "jaz"
    },
    "ismir04_rhythm": {
        "all": {
            "ChaChaCha": 0.0056553198956,
            "Jive": 0.559535086155,
            "Quickstep": 0.00800340250134,
            "Rumba-American": 0.00620759977028,
            "Rumba-International": 0.0993652194738,
            "Rumba-Misc": 0.00593362143263,
            "Samba": 0.0163242053241,
            "Tango": 0.00746951717883,
            "VienneseWaltz": 0.270786166191,
            "Waltz": 0.0207198448479
        },
        "probability": 0.559535086155,
        "value": "Jive"
    },
    "mood_acoustic": {
        "all": {
            "acoustic": 0.812717318535,
            "not_acoustic": 0.187282681465
        },
        "probability": 0.812717318535,
        "value": "acoustic"
    },
    "mood_aggressive": {
        "all": {
            "aggressive": 0.0330171883106,
            "not_aggressive": 0.966982781887
        },
        "probability": 0.966982781887,
        "value": "not_aggressive"
    },
    "mood_electronic": {
        "all": {
            "electronic": 0.0255619641393,
            "not_electronic": 0.974438011646
        },
        "probability": 0.974438011646,
        "value": "not_electronic"
    },
    "mood_happy": {
        "all": {
            "happy": 0.864289700985,
            "not_happy": 0.135710328817
        },
        "probability": 0.864289700985,
        "value": "happy"
    },
    "mood_party": {
        "all": {
            "not_party": 0.841895759106,
            "party": 0.158104240894
        },
        "probability": 0.841895759106,
        "value": "not_party"
    },
    "mood_relaxed": {
        "all": {
            "not_relaxed": 0.266274929047,
            "relaxed": 0.733725070953
        },
        "probability": 0.733725070953,
        "value": "relaxed"
    },
    "mood_sad": {
        "all": {
            "not_sad": 0.375616788864,
            "sad": 0.624383211136
        },
        "probability": 0.624383211136,
        "value": "sad"
    },
    "moods_mirex": {
        "all": {
            "Cluster1": 0.242520809174,
            "Cluster2": 0.309513688087,
            "Cluster3": 0.256937086582,
            "Cluster4": 0.15760871768,
            "Cluster5": 0.0334197059274
        },
        "probability": 0.309513688087,
        "value": "Cluster2"
    },
    "timbre": {
        "all": {
            "bright": 0.988893926144,
            "dark": 0.011106078513
        },
        "probability": 0.988893926144,
        "value": "bright"
    },
    "tonal_atonal": {
        "all": {
            "atonal": 0.000833019148558,
            "tonal": 0.999166965485
        },
        "probability": 0.999166965485,
        "value": "tonal"
    },
    "voice_instrumental": {
        "all": {
            "instrumental": 0.000337665085681,
            "voice": 0.999662339687
        },
        "probability": 0.999662339687,
        "value": "voice"
    }
},
"lowlevel": {
    "average_loudness": 0.958312392235,
    "barkbands_crest": {
        "dmean": 2.69655966759,
        "dmean2": 4.48758602142,
        "dvar": 5.58116149902,
        "dvar2": 13.845334053,
        "max": 22.6058864594,
        "mean": 9.78881454468,
        "median": 9.24607086182,
        "min": 2.97704958916,
        "var": 10.6092576981
    },
    "barkbands_flatness_db": {
        "dmean": 0.0291782300919,
        "dmean2": 0.0429041273892,
        "dvar": 0.000814692641143,
        "dvar2": 0.00155398016796,
        "max": 0.419391810894,
        "mean": 0.180997759104,
        "median": 0.174226209521,
        "min": 0.069260917604,
        "var": 0.00285620195791
    },
    "barkbands_kurtosis": {
        "dmean": 5.34023094177,
        "dmean2": 8.35885906219,
        "dvar": 78.1900787354,
        "dvar2": 160.819488525,
        "max": 121.375671387,
        "mean": 7.70010185242,
        "median": 2.79216432571,
        "min": -1.91970086098,
        "var": 179.473602295
    },
    "barkbands_skewness": {
        "dmean": 0.747543692589,
        "dmean2": 1.10933697224,
        "dvar": 0.552824616432,
        "dvar2": 1.14920639992,
        "max": 8.73704719543,
        "mean": 1.91623747349,
        "median": 1.62858557701,
        "min": -2.92287278175,
        "var": 2.06532382965
    },
    "barkbands_spread": {
        "dmean": 6.95278167725,
        "dmean2": 10.3178386688,
        "dvar": 92.7659912109,
        "dvar2": 171.321548462,
        "max": 93.1844406128,
        "mean": 17.9342155457,
        "median": 15.1752252579,
        "min": 0.826516449451,
        "var": 197.182540894
    },
    "dissonance": {
        "dmean": 0.0241265110672,
        "dmean2": 0.0400703586638,
        "dvar": 0.000516493688338,
        "dvar2": 0.00135731929913,
        "max": 0.499979317188,
        "mean": 0.452008336782,
        "median": 0.461266040802,
        "min": 0.273412585258,
        "var": 0.00115269748494
    },
    "dynamic_complexity": 1.87718856335,
    "erbbands_crest": {
        "dmean": 3.35600399971,
        "dmean2": 5.53166484833,
        "dvar": 9.0866727829,
        "dvar2": 22.8185405731,
        "max": 28.4735279083,
        "mean": 9.50275039673,
        "median": 8.41383266449,
        "min": 3.00539636612,
        "var": 16.5930423737
    },
    "erbbands_flatness_db": {
        "dmean": 0.0255199410021,
        "dmean2": 0.0355604588985,
        "dvar": 0.000549319433048,
        "dvar2": 0.000952031346969,
        "max": 0.3078969419,
        "mean": 0.173249945045,
        "median": 0.173742800951,
        "min": 0.066259175539,
        "var": 0.00226775440387
    },
    "erbbands_kurtosis": {
        "dmean": 1.48145508766,
        "dmean2": 2.37550067902,
        "dvar": 5.41757726669,
        "dvar2": 11.9723711014,
        "max": 25.1236286163,
        "mean": 0.93071192503,
        "median": 0.010945558548,
        "min": -1.85417544842,
        "var": 9.2823600769
    },
    "erbbands_skewness": {
        "dmean": 0.543331086636,
        "dmean2": 0.836795091629,
        "dvar": 0.300077080727,
        "dvar2": 0.628002226353,
        "max": 4.58491230011,
        "mean": 0.5497174263,
        "median": 0.502202272415,
        "min": -3.74844861031,
        "var": 0.837213993073
    },
    "erbbands_spread": {
        "dmean": 12.5895843506,
        "dmean2": 18.6726760864,
        "dvar": 198.804336548,
        "dvar2": 396.539123535,
        "max": 156.603256226,
        "mean": 39.577331543,
        "median": 34.2109794617,
        "min": 6.79784107208,
        "var": 545.566650391
    },
    "hfc": {
        "dmean": 9.17551040649,
        "dmean2": 13.3611507416,
        "dvar": 135.405700684,
        "dvar2": 290.582427979,
        "max": 161.657943726,
        "mean": 21.4493408203,
        "median": 18.1089019775,
        "min": 0.259667187929,
        "var": 257.781433105
    },
    "melbands_crest": {
        "dmean": 3.55822038651,
        "dmean2": 5.87984371185,
        "dvar": 8.69019508362,
        "dvar2": 21.6473770142,
        "max": 27.2242469788,
        "mean": 14.5828361511,
        "median": 14.1802186966,
        "min": 4.65166282654,
        "var": 21.9294376373
    },
    "melbands_flatness_db": {
        "dmean": 0.0354188159108,
        "dmean2": 0.0494071245193,
        "dvar": 0.00124965549912,
        "dvar2": 0.00233065127395,
        "max": 0.53822094202,
        "mean": 0.236184954643,
        "median": 0.225617647171,
        "min": 0.0627981871367,
        "var": 0.0052451514639
    },
    "melbands_kurtosis": {
        "dmean": 12.3756904602,
        "dmean2": 18.8621101379,
        "dvar": 392.073577881,
        "dvar2": 895.082275391,
        "max": 245.310272217,
        "mean": 20.4594650269,
        "median": 8.42714977264,
        "min": -1.81701982021,
        "var": 929.733093262
    },
    "melbands_skewness": {
        "dmean": 1.04133951664,
        "dmean2": 1.535415411,
        "dvar": 1.11047554016,
        "dvar2": 2.40199613571,
        "max": 12.5004940033,
        "mean": 2.9649977684,
        "median": 2.52106928825,
        "min": -0.546748042107,
        "var": 4.12998914719
    },
    "melbands_spread": {
        "dmean": 7.06168079376,
        "dmean2": 10.6527938843,
        "dvar": 122.46900177,
        "dvar2": 251.70664978,
        "max": 210.320999146,
        "mean": 17.984249115,
        "median": 15.447766304,
        "min": 0.805555522442,
        "var": 263.752197266
    },
    "pitch_salience": {
        "dmean": 0.0747473835945,
        "dmean2": 0.119386978447,
        "dvar": 0.00394785217941,
        "dvar2": 0.0100978137925,
        "max": 0.789002716541,
        "mean": 0.547108054161,
        "median": 0.555421054363,
        "min": 0.223605781794,
        "var": 0.00989105179906
    },
    "silence_rate_20dB": {
        "dmean": 0,
        "dmean2": 0,
        "dvar": 0,
        "dvar2": 0,
        "max": 1,
        "mean": 1,
        "median": 1,
        "min": 1,
        "var": 0
    },
    "silence_rate_30dB": {
        "dmean": 0.0216718260199,
        "dmean2": 0.0433772280812,
        "dvar": 0.0212018657476,
        "dvar2": 0.0538887530565,
        "max": 1,
        "mean": 0.98143851757,
        "median": 1,
        "min": 0,
        "var": 0.018217176199
    },
    "silence_rate_60dB": {
        "dmean": 0.0100619196892,
        "dmean2": 0.0193648338318,
        "dvar": 0.00996066629887,
        "dvar2": 0.0236374177039,
        "max": 1,
        "mean": 0.00928074214607,
        "median": 0,
        "min": 0,
        "var": 0.00919458828866
    },
    "spectral_centroid": {
        "dmean": 296.730194092,
        "dmean2": 441.518066406,
        "dvar": 133300.34375,
        "dvar2": 278606.46875,
        "max": 4798.36132812,
        "mean": 1067.60437012,
        "median": 1014.98474121,
        "min": 164.003097534,
        "var": 335313.375
    },
    "spectral_complexity": {
        "dmean": 4.3351392746,
        "dmean2": 5.89233160019,
        "dvar": 19.3652553558,
        "dvar2": 35.693145752,
        "max": 49,
        "mean": 17.8422279358,
        "median": 18,
        "min": 3,
        "var": 64.2874984741
    },
    "spectral_decrease": {
        "dmean": 3.31304916834e-09,
        "dmean2": 5.03635089188e-09,
        "dvar": 1.87760387211e-17,
        "dvar2": 4.37114925851e-17,
        "max": -1.59367671837e-10,
        "mean": -9.40518862791e-09,
        "median": -7.71919239639e-09,
        "min": -4.38685674453e-08,
        "var": 4.78570968221e-17
    },
    "spectral_energy": {
        "dmean": 0.0130538614467,
        "dmean2": 0.0198482945561,
        "dvar": 0.000284274865407,
        "dvar2": 0.000657720607705,
        "max": 0.168055340648,
        "mean": 0.0374428704381,
        "median": 0.031247774139,
        "min": 0.000625042011961,
        "var": 0.000718186260201
    },
    "spectral_energyband_high": {
        "dmean": 0.000552694429643,
        "dmean2": 0.000799913657829,
        "dvar": 1.38512575631e-06,
        "dvar2": 2.72775969279e-06,
        "max": 0.0150862718001,
        "mean": 0.000710318272468,
        "median": 0.000202735769562,
        "min": 4.31877651863e-07,
        "var": 2.24130894821e-06
    },
    "spectral_energyband_low": {
        "dmean": 0.00822512805462,
        "dmean2": 0.0128933042288,
        "dvar": 0.000194670705241,
        "dvar2": 0.000494590552989,
        "max": 0.156401455402,
        "mean": 0.0165441278368,
        "median": 0.0115316743031,
        "min": 4.79354348499e-05,
        "var": 0.000358119868906
    },
    "spectral_energyband_middle_high": {
        "dmean": 0.0025403003674,
        "dmean2": 0.00342314783484,
        "dvar": 1.04741593532e-05,
        "dvar2": 2.24443392653e-05,
        "max": 0.0533468089998,
        "mean": 0.00517184427008,
        "median": 0.00389516446739,
        "min": 2.09319205169e-05,
        "var": 2.95906465908e-05
    },
    "spectral_energyband_middle_low": {
        "dmean": 0.00711696129292,
        "dmean2": 0.0110230697319,
        "dvar": 7.88329416537e-05,
        "dvar2": 0.000190465187188,
        "max": 0.108912974596,
        "mean": 0.0184104125947,
        "median": 0.0153423557058,
        "min": 0.000472146377433,
        "var": 0.000192685620277
    },
    "spectral_entropy": {
        "dmean": 0.239163726568,
        "dmean2": 0.328584522009,
        "dvar": 0.0664307028055,
        "dvar2": 0.126576051116,
        "max": 8.37057876587,
        "mean": 7.28865671158,
        "median": 7.30775403976,
        "min": 5.22138643265,
        "var": 0.225028455257
    },
    "spectral_flux": {
        "dmean": 0.0306741874665,
        "dmean2": 0.0486461743712,
        "dvar": 0.00111722166184,
        "dvar2": 0.00249868258834,
        "max": 0.345164597034,
        "mean": 0.0988686308265,
        "median": 0.0899409428239,
        "min": 0.0146997328848,
        "var": 0.00221599824727
    },
    "spectral_kurtosis": {
        "dmean": 2.70695471764,
        "dmean2": 4.31571292877,
        "dvar": 10.9927501678,
        "dvar2": 28.5483818054,
        "max": 50.2372703552,
        "mean": 5.93362092972,
        "median": 5.10186386108,
        "min": -0.91513299942,
        "var": 20.4602127075
    },
    "spectral_rms": {
        "dmean": 0.00103250076063,
        "dmean2": 0.00151692598592,
        "dvar": 1.24351379327e-06,
        "dvar2": 2.57499323197e-06,
        "max": 0.0128045473248,
        "mean": 0.00567533820868,
        "median": 0.00552137941122,
        "min": 0.000780895061325,
        "var": 4.3201985136e-06
    },
    "spectral_rolloff": {
        "dmean": 531.963806152,
        "dmean2": 895.021972656,
        "dvar": 1127210.75,
        "dvar2": 2294249.75,
        "max": 8462.54882812,
        "mean": 1170.76977539,
        "median": 775.1953125,
        "min": 107.666015625,
        "var": 1789641
    },
    "spectral_skewness": {
        "dmean": 0.357753932476,
        "dmean2": 0.537966489792,
        "dvar": 0.127403706312,
        "dvar2": 0.294695496559,
        "max": 5.48297786713,
        "mean": 1.75191140175,
        "median": 1.70990097523,
        "min": -0.18921649456,
        "var": 0.348940163851
    },
    "spectral_spread": {
        "dmean": 826456.3125,
        "dmean2": 1081120.375,
        "dvar": 876699058176,
        "dvar2": 1.2847162327e+12,
        "max": 15078565,
        "mean": 4291980.5,
        "median": 3698758.25,
        "min": 1222715.125,
        "var": 2.90203133542e+12
    },
    "spectral_strongpeak": {
        "dmean": 0.536362469196,
        "dmean2": 0.917721509933,
        "dvar": 0.532984375954,
        "dvar2": 1.32531034946,
        "max": 5.54119920731,
        "mean": 0.884260177612,
        "median": 0.607904195786,
        "min": 0.049232147634,
        "var": 0.684702634811
    },
    "zerocrossingrate": {
        "dmean": 0.0131745235994,
        "dmean2": 0.0145731717348,
        "dvar": 0.000276267237496,
        "dvar2": 0.000318342325045,
        "max": 0.279296875,
        "mean": 0.0498960763216,
        "median": 0.04345703125,
        "min": 0.0048828125,
        "var": 0.00110580422916
    },
    "barkbands": {
        "dmean": [7.26308280719e-05, 0.00364798889495, 0.00487355003133, 0.00222197012044, 0.00288790650666, 0.000909219961613, 0.000569763884414, 0.0030883634463, 0.00119712157175, 0.00098673789762, 0.000278229854302, 0.000383462174796, 0.000586419948377, 0.000522007874679, 0.000263601366896, 0.00016372432583, 0.000303815235384, 0.000178997826879, 0.000200782495085, 0.000135649679578, 9.82388228294e-05, 0.00015190517297, 8.51819204399e-05, 7.1527887485e-05, 0.000132771689096, 3.56028540409e-05, 1.69616465318e-09],
        "dmean2": [0.000114498281619, 0.00621459679678, 0.0075481380336, 0.00378693058155, 0.00467189121991, 0.00150437722914, 0.00094409805024, 0.0049185086973, 0.00187407014892, 0.00153768260498, 0.00042752615991, 0.000580654712394, 0.000873913057148, 0.000776232336648, 0.000408979278291, 0.00024160958128, 0.000467937643407, 0.00029020846705, 0.000318497390253, 0.000213615421671, 0.000156410504133, 0.000251516641583, 0.000119298914797, 9.63708807831e-05, 0.000198816836928, 4.95748754474e-05, 2.93623769743e-09],
        "dvar": [6.13780670733e-08, 9.64151331573e-05, 5.64806432521e-05, 1.29370419018e-05, 3.63219878636e-05, 2.08801884582e-06, 9.2969293064e-07, 2.79608411802e-05, 3.68614837498e-06, 6.26931159786e-06, 3.6295011796e-07, 5.71691771256e-07, 1.25539520468e-06, 1.00170666428e-06, 2.72871062634e-07, 9.91550379581e-08, 1.71681065808e-07, 1.42226355138e-07, 1.2820567008e-07, 6.32174277371e-08, 6.99894258105e-08, 1.44228309296e-07, 6.59260379621e-08, 5.51965477769e-08, 9.76107656925e-08, 5.0873723012e-09, 4.25303382274e-17],
        "dvar2": [1.47114491256e-07, 0.000258981395746, 0.000154743655003, 3.62325154128e-05, 9.4181021268e-05, 5.9102699197e-06, 2.37914241552e-06, 6.31119401078e-05, 9.16384578886e-06, 1.45479152707e-05, 8.56517658576e-07, 1.30596356485e-06, 3.00646411233e-06, 2.2399815407e-06, 6.52468770568e-07, 2.14760021322e-07, 4.05678576954e-07, 3.72251463432e-07, 3.30934426529e-07, 1.56806564178e-07, 1.6289170901e-07, 3.6878964238e-07, 9.87709185551e-08, 7.74298527517e-08, 2.33304305652e-07, 8.98102126001e-09, 5.20552932024e-17],
        "max": [0.00273732608184, 0.109396517277, 0.0834091901779, 0.0311080310494, 0.0801896378398, 0.0148340258747, 0.0129729611799, 0.0621787495911, 0.0230077803135, 0.0437543466687, 0.00801075156778, 0.0101805618033, 0.015985596925, 0.0135247912258, 0.00706859119236, 0.0039056756068, 0.00386093650013, 0.00364894443192, 0.00443287240341, 0.00427191378549, 0.00441107014194, 0.00359519151971, 0.00683523854241, 0.00590230943635, 0.00269513810053, 0.000666386215016, 1.77697430104e-07],
        "mean": [7.09332089173e-05, 0.00439247954637, 0.00891623832285, 0.00463839340955, 0.00584889622405, 0.00164104392752, 0.000729193270672, 0.00339412107132, 0.00162991718389, 0.00129153393209, 0.000384716782719, 0.000579164770897, 0.000800833688118, 0.000705469865352, 0.000347427354427, 0.000220446789172, 0.000504541909322, 0.00020349046099, 0.000315321143717, 0.000186267177924, 0.000110082241008, 0.000152707798406, 0.000113397087262, 9.11450042622e-05, 0.000137042079587, 3.80895980925e-05, 1.4247059088e-09],
        "median": [3.37512301485e-06, 0.00145174213685, 0.00531837390736, 0.00233689206652, 0.00323384045623, 0.00109403440729, 0.000377081276383, 0.00115297688171, 0.000547364412341, 0.00024749073782, 0.000100845943962, 0.000142150951433, 0.000177702924702, 0.000182505973498, 7.81005728641e-05, 7.33406704967e-05, 0.000301778753055, 8.7163207354e-05, 0.000178812886588, 0.000103511723864, 2.55148061115e-05, 4.10764805565e-05, 2.08871442737e-05, 1.81205359695e-05, 1.65503606695e-05, 2.61084801423e-06, 4.79404682618e-10],
        "min": [6.3471854439e-09, 1.181054472e-06, 1.04397258838e-05, 7.77525929152e-06, 2.07030188903e-05, 1.69326376636e-05, 2.39169185079e-06, 5.73988199903e-06, 8.28776137496e-07, 1.54537724484e-06, 3.90748539303e-07, 1.59418334533e-06, 1.90548007595e-06, 1.07521680093e-06, 5.57846306037e-07, 3.05303927917e-07, 4.84155179947e-07, 4.68637665563e-07, 2.95343227208e-07, 1.80714494036e-07, 1.17237647146e-07, 5.56466801527e-08, 2.21259490729e-08, 1.78159691444e-08, 1.93286595618e-08, 4.38420064142e-11, 3.61986551844e-11],
        "var": [6.84084255909e-08, 9.30981186684e-05, 0.000109905857244, 3.45059561369e-05, 6.49150388199e-05, 2.90322759611e-06, 1.02547710412e-06, 3.28318237734e-05, 6.3141769715e-06, 9.59822409641e-06, 6.011079563e-07, 1.08365588858e-06, 2.50445918937e-06, 1.71166198015e-06, 4.99270186083e-07, 1.47399930484e-07, 3.21062714193e-07, 1.2598320609e-07, 1.57559313152e-07, 7.48349577862e-08, 7.86657707863e-08, 1.34106102223e-07, 1.31178396146e-07, 1.15470378148e-07, 1.04294095138e-07, 7.9853004209e-09, 4.1876322913e-17]
    },
    "erbbands": {
        "dmean": [0.0501344688237, 1.03804790974, 4.96234846115, 6.30675840378, 9.14919757843, 10.0726728439, 7.12110519409, 7.49595546722, 8.09450721741, 22.3289051056, 68.8883666992, 25.503528595, 40.0464744568, 18.8863983154, 10.2845602036, 16.1094303131, 29.1676368713, 24.4776763916, 19.3462200165, 9.51589775085, 9.95290088654, 16.9051532745, 10.0398988724, 8.19726848602, 11.2553806305, 5.79570913315, 4.57399892807, 5.0462846756, 4.92638015747, 2.54857707024, 2.58038377762, 1.81585431099, 0.987052440643, 0.780432760715, 1.53561854362, 0.244620382786, 0.0676218122244, 0.00454993592575, 9.90604967228e-05, 1.91885046661e-05],
        "dmean2": [0.0818597152829, 1.76481616497, 7.86005067825, 10.0884075165, 14.9613170624, 16.1154766083, 11.2776565552, 12.4371213913, 13.4987363815, 36.4502563477, 110.672035217, 39.7014198303, 62.1720275879, 28.1759300232, 15.6620492935, 24.2728118896, 42.9201202393, 35.3110313416, 29.8016986847, 14.0184354782, 14.0807332993, 25.997013092, 16.2053489685, 12.7160329819, 18.1262493134, 9.00084590912, 7.33317804337, 8.38934898376, 8.10506916046, 3.58321475983, 3.61101412773, 2.56543111801, 1.38867390156, 1.08825397491, 2.40368938446, 0.34663772583, 0.0944589525461, 0.00640001986176, 0.000137398805236, 2.80457370536e-05],
        "dvar": [0.0320612192154, 6.84832954407, 66.0116653442, 90.3940658569, 459.674163818, 322.326477051, 162.542129517, 130.374710083, 220.251159668, 1518.21435547, 15797.5742188, 1936.84484863, 7498.65478516, 1223.7824707, 631.835632324, 937.446228027, 3483.92675781, 2282.96679688, 1569.43530273, 350.361663818, 307.663269043, 532.219787598, 490.524536133, 184.020904541, 357.101959229, 119.508117676, 138.703582764, 168.841156006, 141.502838135, 39.9238929749, 61.0873718262, 37.707069397, 11.3138008118, 4.56228780746, 16.8127880096, 0.232708767056, 0.0177201461047, 8.83687171154e-05, 3.53017846066e-08, 5.77171754834e-10],
        "dvar2": [0.0795871987939, 18.7053203583, 178.963104248, 232.265182495, 1165.13134766, 822.723388672, 457.785919189, 353.431060791, 586.282409668, 3699.79736328, 36168.6289062, 4846.53808594, 17137.6230469, 2810.28125, 1568.31201172, 2265.09985352, 8470.27246094, 4965.59375, 3754.79736328, 786.367675781, 665.765319824, 1251.63500977, 1338.62585449, 461.616760254, 938.838684082, 291.743591309, 326.06539917, 441.469055176, 351.628356934, 66.4435043335, 99.9781646729, 56.2139129639, 15.6558866501, 7.7949757576, 42.4388427734, 0.487119704485, 0.0305035095662, 0.000164436278283, 6.43802309241e-08, 1.20960041983e-09],
        "max": [2.22812318802, 27.5678577423, 89.1848297119, 101.831947327, 383.108123779, 263.697387695, 167.524688721, 121.628868103, 209.679321289, 350.331542969, 1448.87438965, 729.391540527, 1190.59216309, 488.318481445, 425.752807617, 342.90423584, 886.516113281, 855.854248047, 565.897644043, 213.309555054, 209.953979492, 218.4949646, 246.24987793, 124.799468994, 236.900360107, 216.332580566, 180.048553467, 125.050033569, 127.218986511, 131.184875488, 193.399291992, 127.186553955, 81.1039505005, 46.993888855, 33.4235343933, 4.70674657822, 1.14796233177, 0.0991557464004, 0.00181329564657, 0.000214523664908],
        "mean": [0.0584824644029, 1.34150791168, 9.02724075317, 15.0006370544, 15.8059368134, 21.6093196869, 14.905913353, 11.9529485703, 11.4619398117, 26.0334339142, 76.3009262085, 36.3230934143, 54.1054420471, 26.609292984, 16.0017032623, 25.1414661407, 40.7281723022, 35.0779571533, 26.9422588348, 13.2138843536, 15.3733081818, 27.7709217072, 13.1209182739, 12.1084470749, 17.13712883, 8.37896347046, 5.30704021454, 4.82000827789, 5.07278060913, 3.49685502052, 3.46395516396, 2.33620524406, 1.25544095039, 0.915765523911, 1.47544229031, 0.257927030325, 0.0711619332433, 0.00462072901428, 0.000119499651191, 5.0337799621e-05],
        "median": [0.0119835883379, 0.522984862328, 5.22214412689, 8.77504825592, 8.82273483276, 11.3814496994, 8.8655090332, 7.46337604523, 6.61246967316, 11.5950994492, 27.3898677826, 16.8954811096, 11.6454381943, 7.08024787903, 4.35351705551, 7.75124645233, 10.306479454, 11.5674953461, 6.43715810776, 3.502140522, 6.13819265366, 16.5463981628, 7.55156946182, 7.25123071671, 10.5557365417, 4.87808275223, 1.58555626869, 1.07689142227, 1.44775986671, 1.07603263855, 0.58105134964, 0.401057004929, 0.262209296227, 0.135361298919, 0.134570136666, 0.0255439784378, 0.00464745610952, 0.000276854552794, 2.91320047836e-05, 3.96617069782e-05],
        "min": [4.59175280412e-05, 0.00106048583984, 0.0213641207665, 0.0272621009499, 0.0623532310128, 0.0593418478966, 0.0594889335334, 0.105118431151, 0.0910091921687, 0.185070320964, 0.201976701617, 0.0486485995352, 0.0662278085947, 0.0407101623714, 0.0343880988657, 0.0910006612539, 0.0842884480953, 0.123316437006, 0.0469368472695, 0.0296375826001, 0.0232092142105, 0.0246096570045, 0.0334534607828, 0.0230060853064, 0.0137704629451, 0.0120347496122, 0.00765840150416, 0.00240260339342, 0.00160885602236, 0.00129170157015, 0.000669255387038, 0.000356348900823, 0.000329686678015, 0.000254321697867, 0.000112356894533, 6.70730196362e-06, 4.7790113058e-06, 4.475320452e-07, 3.65864622154e-07, 7.14630687071e-07],
        "var": [0.0314990840852, 6.77840852737, 122.55330658, 297.937713623, 663.250610352, 759.445007324, 290.612823486, 171.63899231, 238.113525391, 1713.52514648, 17491.7910156, 2879.33325195, 12154.9833984, 2234.26342773, 904.139709473, 1667.68188477, 6686.71533203, 3906.32592773, 2853.1706543, 582.045349121, 553.828735352, 970.083984375, 411.519439697, 229.261932373, 419.284118652, 148.350982666, 152.281600952, 146.772598267, 142.202865601, 81.1042251587, 115.824157715, 72.3754806519, 23.6710014343, 7.60852813721, 15.6044473648, 0.309226691723, 0.0274049974978, 0.000127582476125, 5.36096784742e-08, 1.35210176389e-09]
    },
    "gfcc": {
        "mean": [0.265575349331, 108.814346313, -110.721580505, 35.7532310486, -60.5612602234, 9.49113750458, -42.8069763184, 10.5007638931, -30.160823822, -4.16235017776, -18.45703125, -11.535284996, -20.113576889],
        "cov": [[3015.05322266, -997.766235352, -5.95869731903, 43.9611930847, -22.5170078278, 214.886367798, -33.8200836182, 325.428222656, -95.703956604, 200.477493286, -268.703796387, 162.828674316, -85.9014816284], [-997.766235352, 1437.07250977, -368.807434082, -240.194610596, 313.075195312, -179.367584229, 172.980957031, -75.0172805786, 170.136230469, -249.679229736, 202.984909058, -210.218948364, 83.8604660034], [-5.95869731903, -368.807434082, 1415.34326172, 474.950561523, 31.9743804932, 71.5809707642, -205.667694092, -90.1126480103, -145.618850708, 166.901153564, -83.7431335449, 186.663162231, -53.9580345154], [43.9611930847, -240.194610596, 474.950561523, 458.318206787, 18.8006725311, 30.126947403, -134.748138428, -107.196098328, -2.96018695831, 66.818611145, -9.6041841507, 8.86559581757, 39.987701416], [-22.5170078278, 313.075195312, 31.9743804932, 18.8006725311, 339.457824707, -49.5788803101, -76.7549285889, -1.26504659653, 79.8853607178, 27.6284008026, -7.95845127106, -53.2717132568, 32.0919532776], [214.886367798, -179.367584229, 71.5809707642, 30.126947403, -49.5788803101, 179.054351807, 64.9904403687, -14.3173084259, -49.1928863525, 7.63909816742, -17.6332855225, 24.8437175751, -4.54954338074], [-33.8200836182, 172.980957031, -205.667694092, -134.748138428, -76.7549285889, 64.9904403687, 339.270568848, 60.4889411926, -45.9688796997, -123.175468445, 44.0064926147, 10.6030263901, -10.1147918701], [325.428222656, -75.0172805786, -90.1126480103, -107.196098328, -1.26504659653, -14.3173084259, 60.4889411926, 206.503005981, 22.3275756836, 8.81585979462, -18.5552711487, 11.3657646179, -34.8225059509], [-95.703956604, 170.136230469, -145.618850708, -2.96018695831, 79.8853607178, -49.1928863525, -45.9688796997, 22.3275756836, 173.879882812, 6.92414045334, 21.4486904144, -84.5620346069, 26.6897411346], [200.477493286, -249.679229736, 166.901153564, 66.818611145, 27.6284008026, 7.63909816742, -123.175468445, 8.81585979462, 6.92414045334, 164.170776367, -43.7513656616, 29.340013504, -24.1795368195], [-268.703796387, 202.984909058, -83.7431335449, -9.6041841507, -7.95845127106, -17.6332855225, 44.0064926147, -18.5552711487, 21.4486904144, -43.7513656616, 121.198066711, -30.7325000763, 6.7384762764], [162.828674316, -210.218948364, 186.663162231, 8.86559581757, -53.2717132568, 24.8437175751, 10.6030263901, 11.3657646179, -84.5620346069, 29.340013504, -30.7325000763, 158.223388672, -24.5443496704], [-85.9014816284, 83.8604660034, -53.9580345154, 39.987701416, 32.0919532776, -4.54954338074, -10.1147918701, -34.8225059509, 26.6897411346, -24.1795368195, 6.7384762764, -24.5443496704, 99.8841552734]],
        "icov": [[0.000701349228621, -6.55833355268e-05, 0.000462383322883, -0.000664251274429, -0.000135368391057, -0.000894414552022, 0.000289789692033, -0.00125600886531, 0.000407212821301, -0.000367742235539, 0.00112026720308, -0.000593980832491, 0.000348792091245], [-6.55833355268e-05, 0.00427655503154, -0.00147005810868, 0.00314356363378, -0.00339322723448, 0.00294188922271, -0.00215189345181, 0.00275717955083, -0.00195208925288, 0.00373118603602, -0.00416469201446, 0.00290151499212, -0.00131320976652], [0.000462383322883, -0.00147005810868, 0.00244501535781, -0.0030829871539, 0.00055567570962, -0.00174985942431, 0.00127475766931, -0.0017485547578, 0.00170665234327, -0.00171649851836, 0.00228145904839, -0.00269194948487, 0.00176124100108], [-0.000664251274429, 0.00314356363378, -0.0030829871539, 0.0073436726816, -0.00181069015525, 0.00242328760214, -0.00131778954528, 0.00420020660385, -0.00250856555067, 0.00248099840246, -0.0044688154012, 0.0036998684518, -0.00331140798517], [-0.000135368391057, -0.00339322723448, 0.00055567570962, -0.00181069015525, 0.0064390739426, -0.00150421843864, 0.00183938955888, -0.00187077303417, 0.000202954179258, -0.00329041248187, 0.0033647979144, -0.0011683285702, -0.000210594575037], [-0.000894414552022, 0.00294188922271, -0.00174985942431, 0.00242328760214, -0.00150421843864, 0.0103207025677, -0.00419049197808, 0.00421105045825, -0.00071767589543, 0.00120204593986, -0.00289729330689, 0.00317632872611, -0.00169872271363], [0.000289789692033, -0.00215189345181, 0.00127475766931, -0.00131778954528, 0.00183938955888, -0.00419049197808, 0.00709772529081, -0.0036074409727, 0.00209326809272, 0.0017968773609, 0.00101872300729, -0.00236036791466, 0.00117825448979], [-0.00125600886531, 0.00275717955083, -0.0017485547578, 0.00420020660385, -0.00187077303417, 0.00421105045825, -0.0036074409727, 0.010551430285, -0.00372608006001, 0.00162607908715, -0.00309146312065, 0.00211402471177, 0.000202257651836], [0.000407212821301, -0.00195208925288, 0.00170665234327, -0.00250856555067, 0.000202954179258, -0.00071767589543, 0.00209326809272, -0.00372608006001, 0.0110458675772, -0.00298660923727, 0.0012447295012, 0.00204020692036, -0.000526733114384], [-0.000367742235539, 0.00373118603602, -0.00171649851836, 0.00248099840246, -0.00329041248187, 0.00120204593986, 0.0017968773609, 0.00162607908715, -0.00298660923727, 0.014093471691, -0.00265718484297, 0.00114239635877, 0.00116111489478], [0.00112026720308, -0.00416469201446, 0.00228145904839, -0.0044688154012, 0.0033647979144, -0.00289729330689, 0.00101872300729, -0.00309146312065, 0.0012447295012, -0.00265718484297, 0.0158693511039, -0.00274627329782, 0.00257259956561], [-0.000593980832491, 0.00290151499212, -0.00269194948487, 0.0036998684518, -0.0011683285702, 0.00317632872611, -0.00236036791466, 0.00211402471177, 0.00204020692036, 0.00114239635877, -0.00274627329782, 0.0129400659353, -0.00176785548683], [0.000348792091245, -0.00131320976652, 0.00176124100108, -0.00331140798517, -0.000210594575037, -0.00169872271363, 0.00117825448979, 0.000202257651836, -0.000526733114384, 0.00116111489478, 0.00257259956561, -0.00176785548683, 0.0136852040887]]
    },
    "melbands": {
        "dmean": [0.000722611672245, 0.00213756551966, 0.00107966596261, 0.000745195546187, 0.000245812843787, 0.000166270532645, 0.000118171730719, 0.000353346957127, 0.000488315126859, 0.000166745958268, 0.000201829359867, 8.33276135381e-05, 3.57198514394e-05, 4.5970777137e-05, 4.85337041027e-05, 5.85293200857e-05, 4.68269499834e-05, 3.52763272531e-05, 1.80257939064e-05, 1.00766119431e-05, 1.32868635774e-05, 1.96974360733e-05, 1.16518303912e-05, 9.28406188905e-06, 6.43789326205e-06, 8.93899323273e-06, 7.49928312871e-06, 3.21225775224e-06, 3.07060395244e-06, 1.98630118575e-06, 3.89509295928e-06, 3.59909313374e-06, 1.55204634211e-06, 1.40072188515e-06, 1.70920111486e-06, 1.21434823086e-06, 1.12183261081e-06, 7.03918260569e-07, 6.12275869116e-07, 6.04532260695e-07],
        "dmean2": [0.001215025899, 0.00341432960704, 0.00172806880437, 0.00120867986698, 0.000389122433262, 0.000275956321275, 0.000195536253159, 0.000571726763155, 0.000782938906923, 0.000260581437033, 0.000316027348163, 0.000126951228594, 5.52474157303e-05, 7.19441450201e-05, 6.95457056281e-05, 8.60477739479e-05, 6.80418816046e-05, 5.46698902326e-05, 2.80040057987e-05, 1.48009839904e-05, 1.93060295715e-05, 3.03951692331e-05, 1.85891585716e-05, 1.51110489242e-05, 1.00929273685e-05, 1.43064316944e-05, 1.19992473628e-05, 4.99345242133e-06, 5.00136638948e-06, 3.11181884172e-06, 6.68630536893e-06, 6.08605614616e-06, 2.3497532311e-06, 1.9510164293e-06, 2.47485331784e-06, 1.73723560692e-06, 1.58283990004e-06, 9.96313929136e-07, 8.8186453695e-07, 8.52188918543e-07],
        "dvar": [4.62757589048e-06, 1.38004261316e-05, 2.64790469373e-06, 2.53119515037e-06, 1.62860516184e-07, 6.51940439411e-08, 4.41920526839e-08, 3.48282696905e-07, 7.50547201278e-07, 8.31949122926e-08, 1.98162908305e-07, 2.94139343993e-08, 6.99739732823e-09, 8.60718696316e-09, 7.3074666318e-09, 1.23830039556e-08, 8.66268390354e-09, 6.0976388383e-09, 1.60879454203e-09, 4.32738178624e-10, 5.88771198462e-10, 8.03742350453e-10, 4.24929119669e-10, 4.14250411751e-10, 1.10929238017e-10, 2.60708954425e-10, 1.79576867265e-10, 4.72344004188e-11, 5.77225489629e-11, 4.4049666692e-11, 1.17233986408e-10, 9.09454525577e-11, 1.63766743222e-11, 1.32394971722e-11, 2.32053803256e-11, 2.19715200894e-11, 1.41373067766e-11, 6.01174015083e-12, 5.13816073022e-12, 2.90492608267e-12],
        "dvar2": [1.20239474199e-05, 3.66953681805e-05, 6.69707878842e-06, 6.57725922792e-06, 4.49624025123e-07, 1.77649397415e-07, 1.16205328027e-07, 8.04606258953e-07, 1.71185308773e-06, 2.08771993471e-07, 4.54690194829e-07, 6.97872266642e-08, 1.71944964933e-08, 1.99036218618e-08, 1.65192020063e-08, 3.00082483307e-08, 1.85958679566e-08, 1.47217855684e-08, 3.80474585171e-09, 9.63867763382e-10, 1.32103017414e-09, 1.91358329182e-09, 1.15764275943e-09, 1.05759234703e-09, 2.73764816372e-10, 6.84768464154e-10, 4.66772731578e-10, 1.12992046275e-10, 1.387771148e-10, 9.9969144074e-11, 3.23347570941e-10, 2.42497688596e-10, 3.23368380684e-11, 2.17185297524e-11, 4.01619709711e-11, 3.59237431469e-11, 2.21571077458e-11, 9.22153239186e-12, 8.50211828024e-12, 5.00975302908e-12],
        "max": [0.025879919529, 0.0367187932134, 0.0181191861629, 0.021369708702, 0.00550906872377, 0.00262241181917, 0.00307795754634, 0.00578217208385, 0.00968261901289, 0.00428916560486, 0.00644854223356, 0.00273275305517, 0.00111821957398, 0.00127210502978, 0.00117427785881, 0.00139030383434, 0.00153175054584, 0.00123252416961, 0.00045355616021, 0.000291556614684, 0.000324561173329, 0.000270633609034, 0.00025092571741, 0.000164022727404, 9.95693917503e-05, 0.0002172999084, 0.000143887402373, 0.000149525978486, 7.76107117417e-05, 0.000151995394845, 7.44754142943e-05, 7.03743862687e-05, 7.64620490372e-05, 8.99074584595e-05, 0.000111520210339, 0.000120212578622, 9.3229173217e-05, 6.29588976153e-05, 5.40535802429e-05, 3.76588614017e-05],
        "mean": [0.000858381856233, 0.00374517613091, 0.00252963416278, 0.00144746445585, 0.000574558682274, 0.000274880614597, 0.000167172722286, 0.000396039162297, 0.000553333084099, 0.000226314703468, 0.000268569245236, 0.000111292298243, 5.16678701388e-05, 6.9102847192e-05, 7.06238279236e-05, 8.12528378447e-05, 6.35960750515e-05, 4.6346871386e-05, 2.33202244999e-05, 1.28879582917e-05, 1.95830198209e-05, 3.11263029289e-05, 1.70980547409e-05, 9.98852829071e-06, 9.25420772546e-06, 1.38106806844e-05, 9.9263361335e-06, 4.4977550715e-06, 3.41688564731e-06, 2.39123869505e-06, 3.25981523019e-06, 3.31581122737e-06, 2.07698212762e-06, 1.805865395e-06, 2.25586677516e-06, 1.49481775225e-06, 1.382219466e-06, 8.83206041635e-07, 7.45906504562e-07, 6.90618378485e-07],
        "median": [0.000242442780291, 0.00210702163167, 0.00156792765483, 0.000796141917817, 0.000352981180185, 0.00017479681992, 9.50070389081e-05, 0.000158351613209, 0.000217315813643, 7.68905811128e-05, 5.20200082974e-05, 2.66978058789e-05, 1.35883328767e-05, 1.57001340995e-05, 1.93752039195e-05, 1.94761269086e-05, 1.82387575478e-05, 8.76556805451e-06, 5.04224362885e-06, 3.66282688447e-06, 7.14523548595e-06, 1.63037148013e-05, 1.00652605397e-05, 3.64105244444e-06, 5.17715034221e-06, 7.61933688409e-06, 5.53011841475e-06, 2.29601710089e-06, 1.01005821307e-06, 5.52132632947e-07, 6.14585019321e-07, 8.20632294563e-07, 7.47549449898e-07, 4.45870199428e-07, 3.69597415784e-07, 1.99559124781e-07, 2.53960678265e-07, 2.02670108251e-07, 1.04402275269e-07, 9.19559042245e-08],
        "min": [4.9957856163e-07, 7.32819262339e-06, 6.98707117408e-06, 4.8400115702e-06, 1.94367316908e-06, 2.79120558844e-06, 9.11214442567e-07, 2.10508824239e-06, 8.88784995823e-07, 1.62894380651e-07, 2.07979169886e-07, 1.32906095018e-07, 8.93080809306e-08, 1.3388574871e-07, 1.94953997834e-07, 2.1702416575e-07, 1.33914269895e-07, 6.00138960749e-08, 4.6452964142e-08, 2.29826451204e-08, 1.98485885505e-08, 2.28138450353e-08, 3.00728864033e-08, 2.20220854885e-08, 1.35174751392e-08, 9.09412634087e-09, 1.00949870685e-08, 3.61871554944e-09, 4.43336167777e-09, 1.89730542388e-09, 1.4023032735e-10, 9.92863014027e-10, 8.33420554791e-10, 5.91668269934e-10, 3.3623115403e-10, 7.91629457299e-13, 1.62139218718e-10, 1.41635217443e-10, 5.80759182064e-12, 2.59301781436e-11],
