{
"highlevel": {
    "danceability": {
        "all": {
            "danceable": 0.352610141039,
            "not_danceable": 0.647389888763
        },
        "probability": 0.647389888763,
        "value": "not_danceable"
    },
    "gender": {
        "all": {
            "female": 0.273587703705,
            "male": 0.726412296295
        },
        "probability": 0.726412296295,
        "value": "male"
    },
    "genre_dortmund": {
        "all": {
            "alternative": 0.0550983846188,
            "blues": 0.130122631788,
            "electronic": 0.00674009835348,
            "folkcountry": 0.498882681131,
            "funksoulrnb": 0.0280612334609,
            "jazz": 0.0221978537738,
            "pop": 0.0621366761625,
            "raphiphop": 0.0100060300902,
            "rock": 0.1867544204
        },
        "probability": 0.498882681131,
        "value": "folkcountry"
    },
    "genre_electronic": {
        "all": {
            "ambient": 0.676152169704,
            "dnb": 0.0988667532802,
            "house": 0.129917830229,
            "techno": 0.0150680048391,
            "trance": 0.0799952223897
        },
        "probability": 0.676152169704,
        "value": "ambient"
    },
    "genre_rosamerica": {
        "all": {
            "cla": 0.0133590111509,
            "dan": 0.00196195207536,
            "hip": 0.0370655581355,
            "jaz": 0.0498541034758,
            "pop": 0.0306626521051,
            "rhy": 0.852392971516,
            "roc": 0.00863296538591,
            "spe": 0.00607077032328
        },
        "probability": 0.852392971516,
        "value": "rhy"
    },
    "genre_tzanetakis": {
        "all": {
            "blu": 0.0626613423228,
            "cla": 0.0348169617355,
            "cou": 0.104475811124,
            "dis": 0.0784321576357,
            "hip": 0.15692435205,
            "jaz": 0.313974827528,
            "met": 0.0448166541755,
            "pop": 0.0627359300852,
            "reg": 0.0627360641956,
            "roc": 0.0784258767962
        },
        "probability": 0.313974827528,
        "value": "jaz"
    },
    "ismir04_rhythm": {
        "all": {
            "ChaChaCha": 0.242161408067,
            "Jive": 0.082292959094,
            "Quickstep": 0.28846052289,
            "Rumba-American": 0.0193751454353,
            "Rumba-International": 0.0326551124454,
            "Rumba-Misc": 0.00680252956226,
            "Samba": 0.132174342871,
            "Tango": 0.126594290137,
            "VienneseWaltz": 0.0513645075262,
            "Waltz": 0.0181191917509
        },
        "probability": 0.28846052289,
        "value": "Quickstep"
    },
    "mood_acoustic": {
        "all": {
            "acoustic": 0.731293916702,
            "not_acoustic": 0.268706053495
        },
        "probability": 0.731293916702,
        "value": "acoustic"
    },
    "mood_aggressive": {
        "all": {
            "aggressive": 0.040491681546,
            "not_aggressive": 0.959508299828
        },
        "probability": 0.959508299828,
        "value": "not_aggressive"
    },
    "mood_electronic": {
        "all": {
            "electronic": 0.0536686629057,
            "not_electronic": 0.946331322193
        },
        "probability": 0.946331322193,
        "value": "not_electronic"
    },
    "mood_happy": {
        "all": {
            "happy": 0.734963953495,
            "not_happy": 0.265036076307
        },
        "probability": 0.734963953495,
        "value": "happy"
    },
    "mood_party": {
        "all": {
            "not_party": 0.758309423923,
            "party": 0.241690561175
        },
        "probability": 0.758309423923,
        "value": "not_party"
    },
    "mood_relaxed": {
        "all": {
            "not_relaxed": 0.884831666946,
            "relaxed": 0.115168340504
        },
        "probability": 0.884831666946,
        "value": "not_relaxed"
    },
    "mood_sad": {
        "all": {
            "not_sad": 0.533613562584,
            "sad": 0.466386407614
        },
        "probability": 0.533613562584,
        "value": "not_sad"
    },
    "moods_mirex": {
        "all": {
            "Cluster1": 0.162530824542,
            "Cluster2": 0.244665637612,
            "Cluster3": 0.305949270725,
            "Cluster4": 0.246104285121,
            "Cluster5": 0.0407499931753
        },
        "probability": 0.305949270725,
        "value": "Cluster3"
    },
    "timbre": {
        "all": {
            "bright": 0.999996900558,
            "dark": 3.11967778543e-06
        },
        "probability": 0.999996900558,
        "value": "bright"
    },
    "tonal_atonal": {
        "all": {
            "atonal": 0.00422375043854,
            "tonal": 0.995776236057
        },
        "probability": 0.995776236057,
        "value": "tonal"
    },
    "voice_instrumental": {
        "all": {
            "instrumental": 0.000326443521772,
            "voice": 0.999673545361
        },
        "probability": 0.999673545361,
        "value": "voice"
    }
},
"lowlevel": {
    "average_loudness": 0.910132229328,
    "barkbands_crest": {
        "dmean": 2.91560459137,
        "dmean2": 4.62392377853,
        "dvar": 6.35082387924,
        "dvar2": 15.0855712891,
        "max": 25.3961029053,
        "mean": 10.5294589996,
        "median": 9.84712219238,
        "min": 2.99685525894,
        "var": 16.8438262939
    },
    "barkbands_flatness_db": {
        "dmean": 0.0250224154443,
        "dmean2": 0.0371002145112,
        "dvar": 0.000495390675496,
        "dvar2": 0.000898184080143,
        "max": 0.330361962318,
        "mean": 0.16663248837,
        "median": 0.160682961345,
        "min": 0.0659753084183,
        "var": 0.00252481433563
    },
    "barkbands_kurtosis": {
        "dmean": 3.03169775009,
        "dmean2": 4.63477993011,
        "dvar": 24.4814128876,
        "dvar2": 52.860874176,
        "max": 70.9969863892,
        "mean": 3.97311997414,
        "median": 1.73587417603,
        "min": -1.85152578354,
        "var": 48.8447151184
    },
    "barkbands_skewness": {
        "dmean": 0.640336334705,
        "dmean2": 0.939730167389,
        "dvar": 0.429662078619,
        "dvar2": 0.846789836884,
        "max": 7.84300279617,
        "mean": 1.35040235519,
        "median": 1.280184865,
        "min": -4.52918767929,
        "var": 1.68817579746
    },
    "barkbands_spread": {
        "dmean": 7.14772224426,
        "dmean2": 10.3750553131,
        "dvar": 77.3143234253,
        "dvar2": 151.513839722,
        "max": 82.2611694336,
        "mean": 20.401014328,
        "median": 15.8293743134,
        "min": 1.49813449383,
        "var": 214.589233398
    },
    "dissonance": {
        "dmean": 0.0220752935857,
        "dmean2": 0.0359397046268,
        "dvar": 0.000564783229493,
        "dvar2": 0.00144268712029,
        "max": 0.500000178814,
        "mean": 0.456754028797,
        "median": 0.470630228519,
        "min": 0.1989146173,
        "var": 0.00188973662443
    },
    "dynamic_complexity": 4.26244926453,
    "erbbands_crest": {
        "dmean": 2.88539361954,
        "dmean2": 4.52080249786,
        "dvar": 7.84942102432,
        "dvar2": 18.469127655,
        "max": 29.5361003876,
        "mean": 9.09642696381,
        "median": 7.67126226425,
        "min": 2.72422981262,
        "var": 24.2456703186
    },
    "erbbands_flatness_db": {
        "dmean": 0.0226763803512,
        "dmean2": 0.0327400490642,
        "dvar": 0.000466826633783,
        "dvar2": 0.000883349624928,
        "max": 0.35366410017,
        "mean": 0.188501164317,
        "median": 0.183641463518,
        "min": 0.0869718566537,
        "var": 0.00275403703563
    },
    "erbbands_kurtosis": {
        "dmean": 1.11614239216,
        "dmean2": 1.71008968353,
        "dvar": 2.95117354393,
        "dvar2": 6.48245382309,
        "max": 23.5485630035,
        "mean": 0.63907033205,
        "median": -0.319108247757,
        "min": -1.76057207584,
        "var": 8.5795249939
    },
    "erbbands_skewness": {
        "dmean": 0.474479287863,
        "dmean2": 0.691661596298,
        "dvar": 0.207050174475,
        "dvar2": 0.434369623661,
        "max": 3.64077043533,
        "mean": 0.212566778064,
        "median": 0.215535327792,
        "min": -3.20762109756,
        "var": 0.761640787125
    },
    "erbbands_spread": {
        "dmean": 9.4749622345,
        "dmean2": 14.308596611,
        "dvar": 110.613899231,
        "dvar2": 251.275253296,
        "max": 122.085517883,
        "mean": 38.9321784973,
        "median": 36.6448249817,
        "min": 3.31880235672,
        "var": 449.079742432
    },
    "hfc": {
        "dmean": 6.90181303024,
        "dmean2": 8.53556251526,
        "dvar": 121.751075745,
        "dvar2": 206.451324463,
        "max": 162.10723877,
        "mean": 15.4481554031,
        "median": 6.73893117905,
        "min": 0.0446459054947,
        "var": 436.917938232
    },
    "melbands_crest": {
        "dmean": 3.79820752144,
        "dmean2": 6.0165772438,
        "dvar": 9.92672252655,
        "dvar2": 26.2697525024,
        "max": 32.3485641479,
        "mean": 14.2678632736,
        "median": 13.6297273636,
        "min": 4.19156265259,
        "var": 26.7988510132
    },
    "melbands_flatness_db": {
        "dmean": 0.0309256650507,
        "dmean2": 0.0429405421019,
        "dvar": 0.000829060561955,
        "dvar2": 0.00148189556785,
        "max": 0.418066799641,
        "mean": 0.198348864913,
        "median": 0.195387661457,
        "min": 0.0311690568924,
        "var": 0.0042158998549
    },
    "melbands_kurtosis": {
        "dmean": 7.08801984787,
        "dmean2": 11.0494403839,
        "dvar": 149.517272949,
        "dvar2": 347.967315674,
        "max": 197.395935059,
        "mean": 12.2766265869,
        "median": 6.71529960632,
        "min": -1.7505607605,
        "var": 280.067321777
    },
    "melbands_skewness": {
        "dmean": 0.801385641098,
        "dmean2": 1.20070016384,
        "dvar": 0.740288555622,
        "dvar2": 1.55785524845,
        "max": 12.2080001831,
        "mean": 2.42880535126,
        "median": 2.2336230278,
        "min": -2.99328637123,
        "var": 3.10114741325
    },
    "melbands_spread": {
        "dmean": 10.4526357651,
        "dmean2": 15.5868434906,
        "dvar": 307.763977051,
        "dvar2": 630.764099121,
        "max": 215.266799927,
        "mean": 25.5687332153,
        "median": 18.763923645,
        "min": 1.40681540966,
        "var": 724.720275879
    },
    "pitch_salience": {
        "dmean": 0.0825716406107,
        "dmean2": 0.132249042392,
        "dvar": 0.00520403962582,
        "dvar2": 0.0124547565356,
        "max": 0.837590515614,
        "mean": 0.582533240318,
        "median": 0.587613403797,
        "min": 0.144235998392,
        "var": 0.0123781487346
    },
    "silence_rate_20dB": {
        "dmean": 0,
        "dmean2": 0,
        "dvar": 0,
        "dvar2": 0,
        "max": 1,
        "mean": 1,
        "median": 1,
        "min": 1,
        "var": 0
    },
    "silence_rate_30dB": {
        "dmean": 0,
        "dmean2": 0,
        "dvar": 0,
        "dvar2": 0,
        "max": 1,
        "mean": 1,
        "median": 1,
        "min": 1,
        "var": 0
    },
    "silence_rate_60dB": {
        "dmean": 0.0913312658668,
        "dmean2": 0.181254833937,
        "dvar": 0.0829892158508,
        "dvar2": 0.162343680859,
        "max": 1,
        "mean": 0.179427683353,
        "median": 0,
        "min": 0,
        "var": 0.147234812379
    },
    "spectral_centroid": {
        "dmean": 362.133911133,
        "dmean2": 511.308135986,
        "dvar": 176129.640625,
        "dvar2": 337262.8125,
        "max": 5865.48339844,
        "mean": 1376.00146484,
        "median": 1203.17248535,
        "min": 227.650497437,
        "var": 616075
    },
    "spectral_complexity": {
        "dmean": 4.2291021347,
        "dmean2": 5.74903154373,
        "dvar": 27.1843109131,
        "dvar2": 47.7388648987,
        "max": 55,
        "mean": 13.7556066513,
        "median": 11,
        "min": 0,
        "var": 101.412994385
    },
    "spectral_decrease": {
        "dmean": 1.40338574095e-09,
        "dmean2": 1.79002168643e-09,
        "dvar": 4.12701252554e-18,
        "dvar2": 6.58356895921e-18,
        "max": -1.42341208265e-11,
        "mean": -3.55359208726e-09,
        "median": -2.14293427447e-09,
        "min": -2.64565880315e-08,
        "var": 1.59946224047e-17
    },
    "spectral_energy": {
        "dmean": 0.00581925595179,
        "dmean2": 0.00737924734131,
        "dvar": 7.15704227332e-05,
        "dvar2": 0.000113383961434,
        "max": 0.109453231096,
        "mean": 0.0148132583126,
        "median": 0.00911364611238,
        "min": 7.19871386536e-05,
        "var": 0.000279884523479
    },
    "spectral_energyband_high": {
        "dmean": 0.000379619479645,
        "dmean2": 0.000491541228257,
        "dvar": 6.20752302893e-07,
        "dvar2": 1.15696877856e-06,
        "max": 0.012228647247,
        "mean": 0.000611914263573,
        "median": 0.000137457973324,
        "min": 9.81983248494e-07,
        "var": 1.59089950102e-06
    },
    "spectral_energyband_low": {
        "dmean": 0.000859361432958,
        "dmean2": 0.00134461803827,
        "dvar": 1.87383648154e-06,
        "dvar2": 4.34100547864e-06,
        "max": 0.0139871593565,
        "mean": 0.00152861094102,
        "median": 0.000826669973321,
        "min": 2.17900648636e-07,
        "var": 3.52811343873e-06
    },
    "spectral_energyband_middle_high": {
        "dmean": 0.0025604639668,
        "dmean2": 0.00346345594153,
        "dvar": 3.04083459923e-05,
        "dvar2": 5.41006957064e-05,
        "max": 0.0816964656115,
        "mean": 0.00504628103226,
        "median": 0.00121553591453,
        "min": 3.49808442479e-06,
        "var": 8.97222707863e-05
    },
    "spectral_energyband_middle_low": {
        "dmean": 0.00388457928784,
        "dmean2": 0.00559604121372,
        "dvar": 3.44349646184e-05,
        "dvar2": 6.93804468028e-05,
        "max": 0.0844699591398,
        "mean": 0.00795524939895,
        "median": 0.00494266813621,
        "min": 7.90189460531e-06,
        "var": 8.49485804792e-05
    },
    "spectral_entropy": {
        "dmean": 0.215061768889,
        "dmean2": 0.293978214264,
        "dvar": 0.0402223914862,
        "dvar2": 0.0693215802312,
        "max": 8.60465717316,
        "mean": 7.44411611557,
        "median": 7.47303247452,
        "min": 5.90963506699,
        "var": 0.241124749184
    },
    "spectral_flux": {
        "dmean": 0.023471346125,
        "dmean2": 0.0346787050366,
        "dvar": 0.000635944597889,
        "dvar2": 0.00136359059252,
        "max": 0.29979711771,
        "mean": 0.0680236965418,
        "median": 0.0552556663752,
        "min": 0.00517737166956,
        "var": 0.00226956815459
    },
    "spectral_kurtosis": {
        "dmean": 2.02669239044,
        "dmean2": 3.34172081947,
        "dvar": 4.71834278107,
        "dvar2": 12.7059860229,
        "max": 21.3004283905,
        "mean": 3.96244692802,
        "median": 3.14588451385,
        "min": -0.811397790909,
        "var": 10.1009664536
    },
    "spectral_rms": {
        "dmean": 0.000711090455297,
        "dmean2": 0.000865470035933,
        "dvar": 5.53581401164e-07,
        "dvar2": 8.07290462035e-07,
        "max": 0.0103336172178,
        "mean": 0.00332722836174,
        "median": 0.00298183877021,
        "min": 0.000265011971351,
        "var": 3.38150834978e-06
    },
    "spectral_rolloff": {
        "dmean": 639.130493164,
        "dmean2": 1013.17895508,
        "dvar": 1154031,
        "dvar2": 2224445.25,
        "max": 10206.7382812,
        "mean": 1692.14465332,
        "median": 1248.92578125,
        "min": 150.732421875,
        "var": 3020311.25
    },
    "spectral_skewness": {
        "dmean": 0.303742140532,
        "dmean2": 0.454128831625,
        "dvar": 0.0722714141011,
        "dvar2": 0.161233887076,
        "max": 3.16685771942,
        "mean": 1.33687651157,
        "median": 1.30628979206,
        "min": -0.0171598568559,
        "var": 0.310834258795
    },
    "spectral_spread": {
        "dmean": 520629.15625,
        "dmean2": 777602.6875,
        "dvar": 412374532096,
        "dvar2": 801107738624,
        "max": 11959131,
        "mean": 3869411,
        "median": 3660560.25,
        "min": 1880538.75,
        "var": 1.29234986598e+12
    },
    "spectral_strongpeak": {
        "dmean": 0.6473082304,
        "dmean2": 0.961181998253,
        "dvar": 1.33495795727,
        "dvar2": 2.80457639694,
        "max": 15.7410230637,
        "mean": 1.12365341187,
        "median": 0.390515208244,
        "min": 0.0152996722609,
        "var": 2.92815566063
    },
    "zerocrossingrate": {
        "dmean": 0.0133185135201,
        "dmean2": 0.0145058492199,
        "dvar": 0.000308302725898,
        "dvar2": 0.000289293413516,
        "max": 0.37939453125,
        "mean": 0.0614637695253,
        "median": 0.05224609375,
        "min": 0.0068359375,
        "var": 0.00209277123213
    },
    "barkbands": {
        "dmean": [2.58937711806e-06, 0.000350274494849, 0.000463725154987, 0.000400736433221, 0.00135666062124, 0.000462772179162, 0.000260832632193, 0.00146510382183, 0.00147886562627, 0.000378494209144, 0.000452673761174, 0.000674448849168, 0.000570798409171, 0.000638374302071, 0.00059803185286, 0.000131118620629, 0.00015655576135, 0.000167730846442, 0.00010282445146, 0.000145725745824, 0.000119560179883, 6.75619376125e-05, 6.64401013637e-05, 7.1777300036e-05, 2.09406643989e-05, 5.81960421187e-06, 1.08750719541e-09],
        "dmean2": [4.48297987532e-06, 0.00053766783094, 0.000750674691517, 0.000654114410281, 0.00209572212771, 0.000771297607571, 0.000419570016675, 0.00228601228446, 0.00223538582213, 0.000577424711082, 0.00069975462975, 0.00107114762068, 0.000923032755964, 0.00093015213497, 0.000901479681488, 0.000209314588574, 0.000244363647653, 0.000251192221185, 0.000147385828313, 0.000212850834941, 0.000174150569364, 9.54870920395e-05, 8.59224091982e-05, 9.88447209238e-05, 3.07513473672e-05, 9.67682990449e-06, 1.53521595436e-09],
        "dvar": [1.9739820889e-11, 4.44310558123e-07, 6.49820663057e-07, 4.31880692986e-07, 3.4076783777e-06, 6.07687582033e-07, 2.44996073206e-07, 1.540959056e-05, 1.65060755535e-05, 1.45362753301e-06, 2.54481733464e-06, 7.87312274042e-06, 5.80670212003e-06, 3.94166863771e-06, 6.05866352998e-06, 1.46444889992e-07, 1.50769039919e-07, 1.71083968326e-07, 4.77248534025e-08, 8.84005899593e-08, 5.67647084893e-08, 2.04531005465e-08, 3.40100321239e-08, 8.0809776648e-08, 1.17268310618e-08, 7.15753345482e-10, 2.16257821413e-16],
        "dvar2": [5.52550505351e-11, 9.6318501619e-07, 1.69652309978e-06, 1.07276264316e-06, 8.01330861577e-06, 1.64607877196e-06, 6.61888577724e-07, 3.07150658045e-05, 3.59384866897e-05, 3.57716567123e-06, 6.06565117778e-06, 1.77548427018e-05, 1.44895384437e-05, 9.0085204647e-06, 1.16274877655e-05, 3.63262415704e-07, 3.42856935731e-07, 3.98248147349e-07, 9.97717393147e-08, 2.08404273394e-07, 1.30731351078e-07, 4.6949214294e-08, 5.91135638217e-08, 1.45859161194e-07, 2.42515643123e-08, 1.82388193437e-09, 2.17895347858e-16],
        "max": [4.55905174022e-05, 0.00778732076287, 0.00780892372131, 0.00715200370178, 0.0202944781631, 0.0083040362224, 0.00659909192473, 0.0499462224543, 0.0601763762534, 0.0254768207669, 0.0305484589189, 0.0608394816518, 0.0427003502846, 0.0275100842118, 0.0475039370358, 0.00640514027327, 0.00623149750754, 0.00580963306129, 0.0039114789106, 0.00535594020039, 0.00379010988399, 0.00202241307124, 0.00314634921961, 0.0053744087927, 0.00222351774573, 0.000540164764971, 4.72065238455e-07],
        "mean": [2.7397948088e-06, 0.00056620570831, 0.000704544596374, 0.000625745509751, 0.00228050071746, 0.000628814741503, 0.000367374537745, 0.0018868612824, 0.00203243992291, 0.000480616727145, 0.000640755170025, 0.000851929071359, 0.000649571709801, 0.000837174651679, 0.000754385720938, 0.000180560338777, 0.000226100746659, 0.000242722220719, 0.000156396592502, 0.000193795582163, 0.000161316304002, 9.91187989712e-05, 0.000104929298686, 0.000106107108877, 2.61077475443e-05, 6.45086583972e-06, 1.06322650684e-09],
        "median": [1.09745906229e-06, 0.000130847707624, 0.000319055077853, 0.000328427850036, 0.00128347845748, 0.000332282506861, 0.00018062768504, 0.000160691401106, 0.000222959075472, 0.000117704745207, 6.92069588695e-05, 7.90906051407e-05, 0.000103141734144, 7.29586463422e-05, 8.49722782732e-05, 4.92519611726e-05, 6.05935383646e-05, 5.72289500269e-05, 5.41528970643e-05, 5.53865429538e-05, 3.76558273274e-05, 2.16982480197e-05, 1.38431059895e-05, 1.1541152162e-05, 2.17831347982e-06, 6.34390744381e-07, 2.00947855578e-10],
        "min": [8.39624636484e-09, 4.89677951521e-08, 1.51524641723e-08, 1.75294694316e-08, 3.15086197133e-07, 6.6632942719e-08, 8.89425848527e-08, 2.53555526797e-07, 2.81319131545e-07, 4.78977199236e-07, 1.71626780343e-07, 2.47245566243e-07, 2.48330366048e-07, 1.27258260818e-07, 1.64978359862e-07, 7.2579531718e-08, 3.29009104405e-08, 1.35571639248e-07, 8.79574528767e-08, 2.61447922867e-07, 2.48665713798e-07, 9.76807186248e-08, 5.72156508838e-08, 7.62601803928e-09, 3.75880992998e-11, 4.31537756918e-11, 5.43988673551e-11],
        "var": [1.98050274097e-11, 1.01437126432e-06, 1.0285884855e-06, 7.75594060087e-07, 6.9938305387e-06, 7.64094863825e-07, 3.42828684552e-07, 2.62573612417e-05, 2.56424154941e-05, 1.7399592025e-06, 3.96891027776e-06, 1.22643587019e-05, 5.59736326977e-06, 6.32267256151e-06, 1.08472577267e-05, 1.941817942e-07, 2.30773451904e-07, 2.80323206425e-07, 8.50364330063e-08, 1.41546351529e-07, 8.75871819517e-08, 3.65575658634e-08, 9.01953782773e-08, 1.85874512226e-07, 1.93938660686e-08, 9.40656885717e-10, 2.16102774679e-16]
    },
    "erbbands": {
        "dmean": [0.00422772439197, 0.101801618934, 0.495345413685, 0.871486127377, 4.07849216461, 4.21295785904, 3.82203745842, 3.03074121475, 3.37163162231, 9.10937213898, 42.4029006958, 30.5769691467, 9.97984790802, 16.6094093323, 13.3977136612, 27.7266807556, 23.3877315521, 29.45221138, 29.9427242279, 20.8490657806, 6.68297481537, 8.31876564026, 9.77210044861, 5.3231253624, 5.42820262909, 6.84987640381, 5.63151264191, 4.26219081879, 2.59000086784, 1.58869147301, 2.0678062439, 1.85406649113, 1.00766909122, 0.327797919512, 0.098326459527, 0.0369916670024, 0.00923550128937, 0.000409669999499, 1.2708687791e-05, 7.83636824053e-06],
        "dmean2": [0.00678669009358, 0.154726490378, 0.776725172997, 1.39901924133, 6.35028028488, 6.58834695816, 6.26585197449, 4.95270013809, 5.4387049675, 14.4424543381, 64.0221786499, 45.987323761, 14.9851121902, 23.4159107208, 20.7251148224, 41.5246315002, 36.1266784668, 42.5956268311, 45.0552215576, 32.3633117676, 9.89969539642, 12.4062843323, 14.3894691467, 7.50507354736, 7.66079998016, 10.0496835709, 8.31886959076, 6.23630237579, 3.64034891129, 2.23802161217, 2.67783379555, 2.51329445839, 1.45267939568, 0.473071813583, 0.145960152149, 0.0590019151568, 0.0158656444401, 0.000691019289661, 1.90273494809e-05, 9.88156170934e-06],
        "dvar": [6.68254360789e-05, 0.0370522327721, 0.820588290691, 1.8234950304, 34.4692115784, 37.4852600098, 42.4111480713, 25.5872440338, 31.4223403931, 788.231933594, 12305.9882812, 6554.03564453, 781.808654785, 2749.07641602, 2291.91381836, 12870.9667969, 8287.30078125, 7826.28271484, 15400.6533203, 13545.9287109, 247.773971558, 461.713439941, 550.413574219, 90.0518188477, 163.465988159, 186.852233887, 134.900115967, 62.214050293, 25.5000572205, 15.3777532578, 35.2980690002, 42.0869560242, 21.8703174591, 2.4632999897, 0.256111592054, 0.0280563868582, 0.00251871556975, 4.00755970986e-06, 2.42418041196e-09, 1.32892877258e-10],
        "dvar2": [0.000167977355886, 0.0796017199755, 2.00035262108, 4.59330844879, 77.3712310791, 96.2109832764, 116.143096924, 68.3196487427, 84.5708847046, 1889.15759277, 25160.59375, 14537.8310547, 1741.32067871, 5974.91308594, 6066.38476562, 27166.3242188, 19909.0605469, 17345.6660156, 31858.9277344, 29557.2519531, 482.438903809, 921.464538574, 1180.90344238, 194.580047607, 342.656097412, 429.203033447, 302.426239014, 135.65586853, 55.3027801514, 31.5327320099, 66.0421524048, 71.3751296997, 43.2864723206, 4.60726165771, 0.498045831919, 0.060760397464, 0.00714796315879, 1.10544488052e-05, 6.43054809402e-09, 2.31054841926e-10],
        "max": [0.11531444639, 2.33384490013, 8.90230751038, 17.7268619537, 52.7410354614, 62.4799194336, 63.8193778992, 47.2580909729, 75.2964630127, 558.859924316, 1388.07678223, 1098.9420166, 395.658111572, 788.660583496, 850.407531738, 2840.37475586, 1515.5291748, 1265.35253906, 3137.90161133, 2326.07885742, 239.836257935, 455.068389893, 309.734222412, 158.917526245, 284.36529541, 232.085327148, 186.294692993, 103.432853699, 63.5746498108, 65.9466018677, 99.695526123, 137.681243896, 102.514785767, 28.9100627899, 13.2718887329, 4.39873743057, 1.17494666576, 0.043577272445, 0.00108092837036, 0.000138225121191],
        "mean": [0.00644090399146, 0.166483804584, 0.787545740604, 1.50949537754, 6.37793254852, 6.77717924118, 5.45892286301, 4.33440446854, 4.98721790314, 12.439874649, 58.1973953247, 43.5441246033, 14.966217041, 26.1997833252, 19.0936946869, 36.7297172546, 31.9023551941, 43.4338912964, 39.6319351196, 26.5464134216, 10.6799173355, 13.118563652, 14.3558912277, 8.62678337097, 8.19087600708, 8.99287509918, 7.48787736893, 5.91104030609, 3.79168248177, 2.39359593391, 3.15244936943, 2.90632462502, 1.34842276573, 0.439131379128, 0.116412900388, 0.0447171255946, 0.00891090370715, 0.000399620650569, 2.08903220482e-05, 1.97086174012e-05],
        "median": [0.00195517693646, 0.0447994172573, 0.345664322376, 1.01646184921, 3.25449419022, 3.90367555618, 2.93058276176, 2.19013166428, 2.65553760529, 3.12155199051, 5.19379663467, 5.73625850677, 4.77877473831, 4.02873134613, 2.71533036232, 4.03313684464, 5.38470697403, 4.46955394745, 4.66722106934, 4.35838699341, 3.01986956596, 3.49187588692, 3.42558169365, 2.96555757523, 2.45264363289, 2.55612683296, 1.77772903442, 1.44298493862, 0.866903185844, 0.451488882303, 0.391834914684, 0.306976050138, 0.130130186677, 0.0362483225763, 0.0110547095537, 0.00412796158344, 0.000852582510561, 4.00302014896e-05, 7.85416978033e-06, 1.14809317893e-05],
        "min": [9.70904579845e-07, 1.56968289957e-05, 2.59130792983e-05, 5.0777092838e-05, 0.000166097684996, 0.000769033329561, 0.000939324032515, 0.000694551097695, 0.00386932236142, 0.0146753881127, 0.0165908783674, 0.0125453919172, 0.0131083270535, 0.0133700370789, 0.0161547791213, 0.0155155779794, 0.012381022796, 0.006509560626, 0.00989834778011, 0.0088047022, 0.00425389735028, 0.00282476027496, 0.00688793649897, 0.00449577067047, 0.00581463240087, 0.0119171142578, 0.0122329648584, 0.00898991897702, 0.00463267695159, 0.00153470376972, 0.00142617931124, 0.000464880169602, 0.000105592676846, 7.75963690103e-06, 2.33323748944e-06, 1.05617255031e-06, 3.17328698429e-07, 8.28962640753e-08, 6.19387066081e-08, 8.93734650731e-08],
        "var": [0.000133261783049, 0.0818166434765, 1.32579505444, 3.1731672287, 65.0364608765, 66.8360366821, 55.4653663635, 34.4787063599, 50.2246284485, 1218.65649414, 21767.6953125, 10433.9306641, 1174.20361328, 5551.05273438, 2964.76220703, 21915.7832031, 10115.4736328, 15240.7871094, 23013.5429688, 18795.6699219, 544.915222168, 765.172058105, 970.609741211, 212.364578247, 275.742736816, 304.545074463, 199.724990845, 109.715126038, 49.4008331299, 31.9212341309, 87.3145675659, 116.321083069, 36.9177131653, 4.92608451843, 0.427938729525, 0.0583395063877, 0.00184904434718, 3.36116045219e-06, 2.73675682116e-09, 4.84871309769e-10]
    },
    "gfcc": {
        "mean": [-61.5578460693, 107.020988464, -142.246139526, 38.5772590637, -72.3081893921, 8.47917747498, -38.8176460266, -3.50110650063, -23.1758651733, -9.56917190552, -16.2343101501, -15.0464630127, -10.2795562744],
        "cov": [[6078.76416016, -1559.26293945, -574.168518066, -271.693023682, -416.774291992, 321.550567627, -299.505371094, 229.83644104, -258.309295654, 247.194061279, -290.727783203, 6.52612447739, -302.461334229], [-1559.26293945, 1976.3157959, -116.523025513, 115.557624817, 560.004150391, -307.258300781, 265.207397461, -146.725143433, 262.722991943, -339.480499268, 260.751312256, -126.949714661, 187.151107788], [-574.168518066, -116.523025513, 764.944335938, 448.185516357, 3.40826702118, 82.5335845947, -29.1353816986, 44.8069953918, -78.6071395874, 69.1400680542, -17.7509441376, 37.6476821899, 22.3357124329], [-271.693023682, 115.557624817, 448.185516357, 870.548583984, 127.310264587, -20.6331882477, -26.6126804352, 12.6172180176, 60.3048934937, -57.1776809692, 91.5892562866, -56.6007347107, 128.813613892], [-416.774291992, 560.004150391, 3.40826702118, 127.310264587, 379.038665771, -67.5156021118, 70.2025375366, 9.39326763153, 74.5818710327, -69.8548355103, 46.0335197449, -23.9626331329, 41.9438323975], [321.550567627, -307.258300781, 82.5335845947, -20.6331882477, -67.5156021118, 261.502197266, 20.6747570038, 58.2498779297, -18.6780662537, 81.4083404541, -7.79923868179, 0.165634006262, -26.7311878204], [-299.505371094, 265.207397461, -29.1353816986, -26.6126804352, 70.2025375366, 20.6747570038, 206.106079102, 13.1776857376, 48.5924911499, -48.6780319214, 64.0099563599, 10.4519138336, 5.57446050644], [229.83644104, -146.725143433, 44.8069953918, 12.6172180176, 9.39326763153, 58.2498779297, 13.1776857376, 191.218795776, 19.2231521606, 26.4271335602, -10.2760219574, 29.3905467987, -23.845451355], [-258.309295654, 262.722991943, -78.6071395874, 60.3048934937, 74.5818710327, -18.6780662537, 48.5924911499, 19.2231521606, 188.126312256, -31.0089244843, 68.0591125488, -45.8267288208, 55.7204780579], [247.194061279, -339.480499268, 69.1400680542, -57.1776809692, -69.8548355103, 81.4083404541, -48.6780319214, 26.4271335602, -31.0089244843, 182.85118103, -50.9889640808, 30.574968338, -34.2992477417], [-290.727783203, 260.751312256, -17.7509441376, 91.5892562866, 46.0335197449, -7.79923868179, 64.0099563599, -10.2760219574, 68.0591125488, -50.9889640808, 157.715515137, -9.86284446716, 44.1564102173], [6.52612447739, -126.949714661, 37.6476821899, -56.6007347107, -23.9626331329, 0.165634006262, 10.4519138336, 29.3905467987, -45.8267288208, 30.574968338, -9.86284446716, 135.970123291, -25.5216388702], [-302.461334229, 187.151107788, 22.3357124329, 128.813613892, 41.9438323975, -26.7311878204, 5.57446050644, -23.845451355, 55.7204780579, -34.2992477417, 44.1564102173, -25.5216388702, 117.603919983]],
        "icov": [[0.000329253671225, -0.000136113769258, 0.000624735665042, -0.000430039915955, 0.000307520735078, -0.000450284656836, 0.00033829032327, -0.000418307201471, 0.000437404465629, -0.000286774127744, 0.000409677159041, -1.10001119538e-05, 0.00065581605304], [-0.000136113769258, 0.0029641026631, -0.00141470867675, 0.00162969378289, -0.00307979737408, 0.00207872642204, -0.00159065856133, 0.00150378874969, -0.00153482239693, 0.00243713427335, -0.00241891923361, 0.00148672936484, -0.00196331948973], [0.000624735665042, -0.00141470867675, 0.0041281664744, -0.00291280983947, 0.00176021654624, -0.00208583357744, 0.000850950891618, -0.0015091918176, 0.00249710166827, -0.00230884505436, 0.00215805298649, -0.00126350484788, 0.00187526713125], [-0.000430039915955, 0.00162969378289, -0.00291280983947, 0.00374129693955, -0.00228178570978, 0.00171336194035, -0.000386187515687, 0.00091155921109, -0.00157996523194, 0.0021530597005, -0.00267197191715, 0.00153765501454, -0.0031243043486], [0.000307520735078, -0.00307979737408, 0.00176021654624, -0.00228178570978, 0.00663059903309, -0.00155070307665, 0.000740300281905, -0.00207900255919, 0.00106699438766, -0.00218305387534, 0.00287651759572, -0.00129630393349, 0.00217945594341], [-0.000450284656836, 0.00207872642204, -0.00208583357744, 0.00171336194035, -0.00155070307665, 0.00722631346434, -0.00272676488385, -2.8739528716e-05, -0.00087095471099, -0.000377288757591, -0.00267372000962, 0.00244832993485, -0.00178976624738], [0.00033829032327, -0.00159065856133, 0.000850950891618, -0.000386187515687, 0.000740300281905, -0.00272676488385, 0.00791389215738, -0.0010559100192, -0.000176116300281, 0.000449238228612, -0.000573772529606, -0.00193308503367, 0.00220009568147], [-0.000418307201471, 0.00150378874969, -0.0015091918176, 0.00091155921109, -0.00207900255919, -2.8739528716e-05, -0.0010559100192, 0.00760312750936, -0.00306876399554, 0.00153807981405, -0.000694229442161, -0.00112553860527, 6.4848594775e-05], [0.000437404465629, -0.00153482239693, 0.00249710166827, -0.00157996523194, 0.00106699438766, -0.00087095471099, -0.000176116300281, -0.00306876399554, 0.0100775528699, -0.002710246481, -0.000693924783263, 0.00177676486783, -0.00128771166783], [-0.000286774127744, 0.00243713427335, -0.00230884505436, 0.0021530597005, -0.00218305387534, -0.000377288757591, 0.000449238228612, 0.00153807981405, -0.002710246481, 0.0103647634387, -0.00074130424764, -0.000423142220825, -0.0010587918805], [0.000409677159041, -0.00241891923361, 0.00215805298649, -0.00267197191715, 0.00287651759572, -0.00267372000962, -0.000573772529606, -0.000694229442161, -0.000693924783263, -0.00074130424764, 0.0117795299739, -0.00233570113778, 0.000855472811963], [-1.10001119538e-05, 0.00148672936484, -0.00126350484788, 0.00153765501454, -0.00129630393349, 0.00244832993485, -0.00193308503367, -0.00112553860527, 0.00177676486783, -0.000423142220825, -0.00233570113778, 0.0102647859603, -0.000816889805719], [0.00065581605304, -0.00196331948973, 0.00187526713125, -0.0031243043486, 0.00217945594341, -0.00178976624738, 0.00220009568147, 6.4848594775e-05, -0.00128771166783, -0.0010587918805, 0.000855472811963, -0.000816889805719, 0.0149076813832]]
    },
    "melbands": {
        "dmean": [6.67045242153e-05, 0.000216712389374, 0.000210222380701, 0.00034506546217, 0.000124343772768, 7.35855865059e-05, 5.10699137521e-05, 0.00013102410594, 0.000387226522435, 0.000174149841769, 4.93929146614e-05, 6.6704757046e-05, 5.27352895006e-05, 5.57819257665e-05, 8.70036819833e-05, 4.83796429762e-05, 5.98342921876e-05, 5.33693782927e-05, 4.34023822891e-05, 1.54059216584e-05, 7.74104591983e-06, 8.74222041602e-06, 1.08398444354e-05, 7.19480158295e-06, 4.31448324889e-06, 3.93328355131e-06, 4.35256833953e-06, 5.01763133798e-06, 3.8887133087e-06, 2.86658405457e-06, 2.51505525739e-06, 1.67538178175e-06, 1.02681110548e-06, 8.93104811439e-07, 1.13701082682e-06, 1.48344156514e-06, 1.09454663288e-06, 8.26515417884e-07, 4.43211376933e-07, 2.52186424632e-07],
        "dmean2": [0.000104928127257, 0.000333958480041, 0.00032674279646, 0.000541265879292, 0.000200982773094, 0.000121139353723, 8.18382104626e-05, 0.000207873556064, 0.000584139837883, 0.000264531350695, 7.59185932111e-05, 9.49476161622e-05, 8.1673177192e-05, 8.67600174388e-05, 0.000136214846862, 7.85083684605e-05, 8.71145603014e-05, 8.09046105132e-05, 6.31890507066e-05, 2.46120634984e-05, 1.20537879411e-05, 1.34308011184e-05, 1.64085213328e-05, 1.07843006845e-05, 6.27890767646e-06, 5.84169765716e-06, 6.38310257273e-06, 7.68173777033e-06, 5.83115752306e-06, 4.30047793998e-06, 3.74735827791e-06, 2.3741467885e-06, 1.53479652454e-06, 1.28763997509e-06, 1.54689450937e-06, 2.00177396437e-06, 1.49119591697e-06, 1.24754819808e-06, 6.26852624919e-07, 3.81354055889e-07],
        "dvar": [1.57111905708e-08, 1.49488826651e-07, 8.96527936334e-08, 2.41499520826e-07, 3.89287073688e-08, 1.44880942798e-08, 7.0917223205e-09, 1.70281708733e-07, 1.02449450878e-06, 2.31667911521e-07, 2.09593125078e-08, 4.49645654044e-08, 3.88818648389e-08, 5.09190840603e-08, 1.94841490497e-07, 3.54784432943e-08, 3.26965441388e-08, 5.60288704321e-08, 4.00631385844e-08, 5.21194953862e-09, 3.47933210021e-10, 5.18840193031e-10, 8.34838809194e-10, 2.99725383401e-10, 6.5888239309e-11, 9.61229221219e-11, 9.02660168833e-11, 1.12140970121e-10, 7.06257552441e-11, 2.99568980733e-11, 2.43757184576e-11, 1.09065083354e-11, 5.49134088895e-12, 5.50638484462e-12, 1.10952722704e-11, 2.59508595168e-11, 1.41209040988e-11, 1.69513517806e-11, 4.06284641347e-12, 1.65521242546e-12],
        "dvar2": [3.61077425737e-08, 3.48844139353e-07, 2.12135205402e-07, 5.7020326949e-07, 1.04371295606e-07, 3.88925514017e-08, 1.89977740206e-08, 3.64089913774e-07, 2.1072492018e-06, 5.34100024652e-07, 4.71966821181e-08, 9.99999727469e-08, 1.02832139248e-07, 1.26097248199e-07, 4.82998984808e-07, 7.73046409108e-08, 7.23294064642e-08, 1.25763861547e-07, 7.74551978111e-08, 1.34928281881e-08, 8.04248501129e-10, 1.07680642181e-09, 1.90266113975e-09, 6.36447394786e-10, 1.51799989245e-10, 1.96988925172e-10, 2.00489444491e-10, 2.71142885921e-10, 1.6568726946e-10, 6.84576492715e-11, 5.39614811168e-11, 2.42314276283e-11, 1.31237685649e-11, 1.10680709389e-11, 2.39924642653e-11, 4.40158257065e-11, 2.46543861715e-11, 3.6592014141e-11, 7.24040358918e-12, 3.36087407904e-12],
        "max": [0.00131029088516, 0.00429260963574, 0.00327379861847, 0.00540859811008, 0.00224840408191, 0.0011793167796, 0.00102452840656, 0.0075883329846, 0.014330374077, 0.00631904043257, 0.0020182072185, 0.00353513448499, 0.00374555890448, 0.00389510695823, 0.00736403884366, 0.00363039504737, 0.00274758203886, 0.0061530857347, 0.00481925113127, 0.00146415980998, 0.000274991267361, 0.000483502575662, 0.000477080437122, 0.000354467658326, 0.000139817770105, 0.000198913738132, 0.000150479812874, 0.000169132457813, 0.000150104562636, 6.27867411822e-05, 8.13947990537e-05, 3.7795449316e-05, 3.85047314921e-05, 4.14105743403e-05, 5.41080844414e-05, 0.000107877043774, 7.39177266951e-05, 9.86731465673e-05, 5.14784478582e-05, 3.10984105454e-05],
        "mean": [0.000106880499516, 0.00035342812771, 0.000378959724912, 0.000559663167223, 0.000192044375581, 0.000104187129182, 7.45321885915e-05, 0.000169838196598, 0.000535005878191, 0.000241734960582, 6.59303186694e-05, 0.000101541801996, 7.18811425031e-05, 6.74082330079e-05, 0.000112096742669, 6.13440497546e-05, 8.32126679597e-05, 6.23214364168e-05, 5.43653695786e-05, 1.83643351193e-05, 1.11188137453e-05, 1.30743901536e-05, 1.50582964125e-05, 1.02083213278e-05, 6.57251712255e-06, 5.87743033975e-06, 6.03194939686e-06, 6.07876199865e-06, 4.94778305438e-06, 3.70476004719e-06, 3.40468341165e-06, 2.35475431509e-06, 1.42002966186e-06, 1.26862687466e-06, 1.63802531006e-06, 2.21770801545e-06, 1.60667832461e-06, 1.03372451576e-06, 5.78853189381e-07, 2.95018651286e-07],
        "median": [2.68875701295e-05, 0.000149049068568, 0.000248048600042, 0.000293090532068, 0.00010988998838, 5.50346885575e-05, 3.86346691812e-05, 2.97542192129e-05, 4.41315496573e-05, 2.82832788798e-05, 1.77502697625e-05, 1.49526586029e-05, 8.98887719814e-06, 7.81065591582e-06, 1.18976358863e-05, 1.00088809631e-05, 7.06585387888e-06, 6.55414260109e-06, 6.53479219181e-06, 4.12109693571e-06, 2.76387117992e-06, 3.38885342899e-06, 3.40836913892e-06, 2.65319226855e-06, 2.20680090024e-06, 1.81030827662e-06, 1.49584559495e-06, 1.53356575083e-06, 1.17079127904e-06, 8.04902924756e-07, 7.59448880672e-07, 5.17471050898e-07, 3.02369841165e-07, 2.08517803912e-07, 2.14534964016e-07, 1.98924666961e-07, 1.71653638859e-07, 8.95603307072e-08, 4.70652459228e-08, 1.69890892465e-08],
