{
"highlevel": {
    "danceability": {
        "all": {
            "danceable": 0.398799002171,
            "not_danceable": 0.601200997829
        },
        "probability": 0.601200997829,
        "value": "not_danceable"
    },
    "gender": {
        "all": {
            "female": 0.493834704161,
            "male": 0.506165266037
        },
        "probability": 0.506165266037,
        "value": "male"
    },
    "genre_dortmund": {
        "all": {
            "alternative": 0.0126168346033,
            "blues": 0.0121889458969,
            "electronic": 0.203469350934,
            "folkcountry": 0.0113474959508,
            "funksoulrnb": 0.00705497618765,
            "jazz": 0.41001367569,
            "pop": 0.00796925928444,
            "raphiphop": 0.325387865305,
            "rock": 0.00995156820863
        },
        "probability": 0.41001367569,
        "value": "jazz"
    },
    "genre_electronic": {
        "all": {
            "ambient": 0.449044853449,
            "dnb": 0.0152792679146,
            "house": 0.425890982151,
            "techno": 0.0828880518675,
            "trance": 0.0268968492746
        },
        "probability": 0.449044853449,
        "value": "ambient"
    },
    "genre_rosamerica": {
        "all": {
            "cla": 0.346996098757,
            "dan": 0.00674462271854,
            "hip": 0.0507421456277,
            "jaz": 0.401058226824,
            "pop": 0.0059183286503,
            "rhy": 0.135672479868,
            "roc": 0.00494601856917,
            "spe": 0.0479220785201
        },
        "probability": 0.401058226824,
        "value": "jaz"
    },
    "genre_tzanetakis": {
        "all": {
            "blu": 0.211281910539,
            "cla": 0.0930076986551,
            "cou": 0.032386995852,
            "dis": 0.0770242363214,
            "hip": 0.319534659386,
            "jaz": 0.0909492596984,
            "met": 0.0170004796237,
            "pop": 0.0222188346088,
            "reg": 0.0983691588044,
            "roc": 0.0382267646492
        },
        "probability": 0.319534659386,
        "value": "hip"
    },
    "ismir04_rhythm": {
        "all": {
            "ChaChaCha": 0.0427424497902,
            "Jive": 0.00449427030981,
            "Quickstep": 0.0140840448439,
            "Rumba-American": 0.0358597040176,
            "Rumba-International": 0.804659068584,
            "Rumba-Misc": 0.0105858808383,
            "Samba": 0.0173238776624,
            "Tango": 0.037767868489,
            "VienneseWaltz": 0.00595446396619,
            "Waltz": 0.0265283789486
        },
        "probability": 0.804659068584,
        "value": "Rumba-International"
    },
    "mood_acoustic": {
        "all": {
            "acoustic": 0.296300828457,
            "not_acoustic": 0.703699171543
        },
        "probability": 0.703699171543,
        "value": "not_acoustic"
    },
    "mood_aggressive": {
        "all": {
            "aggressive": 0.336134344339,
            "not_aggressive": 0.663865625858
        },
        "probability": 0.663865625858,
        "value": "not_aggressive"
    },
    "mood_electronic": {
        "all": {
            "electronic": 0.963850140572,
            "not_electronic": 0.0361498743296
        },
        "probability": 0.963850140572,
        "value": "electronic"
    },
    "mood_happy": {
        "all": {
            "happy": 0.00469078589231,
            "not_happy": 0.995309233665
        },
        "probability": 0.995309233665,
        "value": "not_happy"
    },
    "mood_party": {
        "all": {
            "not_party": 0.955048441887,
            "party": 0.0449515543878
        },
        "probability": 0.955048441887,
        "value": "not_party"
    },
    "mood_relaxed": {
        "all": {
            "not_relaxed": 0.00879396218807,
            "relaxed": 0.991206049919
        },
        "probability": 0.991206049919,
        "value": "relaxed"
    },
    "mood_sad": {
        "all": {
            "not_sad": 0.306113302708,
            "sad": 0.693886697292
        },
        "probability": 0.693886697292,
        "value": "sad"
    },
    "moods_mirex": {
        "all": {
            "Cluster1": 0.251138359308,
            "Cluster2": 0.177268221974,
            "Cluster3": 0.463792651892,
            "Cluster4": 0.0862269699574,
            "Cluster5": 0.0215738061816
        },
        "probability": 0.463792651892,
        "value": "Cluster3"
    },
    "timbre": {
        "all": {
            "bright": 0.0538411363959,
            "dark": 0.946158885956
        },
        "probability": 0.946158885956,
        "value": "dark"
    },
    "tonal_atonal": {
        "all": {
            "atonal": 0.0712648928165,
            "tonal": 0.928735136986
        },
        "probability": 0.928735136986,
        "value": "tonal"
    },
    "voice_instrumental": {
        "all": {
            "instrumental": 0.999993443489,
            "voice": 6.57269401927e-06
        },
        "probability": 0.999993443489,
        "value": "instrumental"
    }
},
"lowlevel": {
    "average_loudness": 0.976243913174,
    "barkbands_crest": {
        "dmean": 2.3148188591,
        "dmean2": 3.60551977158,
        "dvar": 6.28464460373,
        "dvar2": 12.8824129105,
        "max": 25.9105529785,
        "mean": 13.8411960602,
        "median": 12.9425010681,
        "min": 2.99123978615,
        "var": 23.6646614075
    },
    "barkbands_flatness_db": {
        "dmean": 0.0385475903749,
        "dmean2": 0.0527165159583,
        "dvar": 0.00173105706926,
        "dvar2": 0.0030224416405,
        "max": 0.598032832146,
        "mean": 0.364492148161,
        "median": 0.365036278963,
        "min": 0.117589130998,
        "var": 0.00694847013801
    },
    "barkbands_kurtosis": {
        "dmean": 8.46472549438,
        "dmean2": 13.5275917053,
        "dvar": 231.526504517,
        "dvar2": 539.713684082,
        "max": 214.70300293,
        "mean": 18.9066848755,
        "median": 4.1664390564,
        "min": -1.71445214748,
        "var": 1407.11657715
    },
    "barkbands_skewness": {
        "dmean": 0.822748601437,
        "dmean2": 1.2627260685,
        "dvar": 0.893946528435,
        "dvar2": 1.99767696857,
        "max": 11.7465295792,
        "mean": 2.09090447426,
        "median": 1.47489666939,
        "min": -1.23410212994,
        "var": 7.10994958878
    },
    "barkbands_spread": {
        "dmean": 1.72759532928,
        "dmean2": 2.486972332,
        "dvar": 11.3535776138,
        "dvar2": 16.7647800446,
        "max": 38.5849494934,
        "mean": 4.97024106979,
        "median": 4.11704301834,
        "min": 0.242211043835,
        "var": 28.4713096619
    },
    "dissonance": {
        "dmean": 0.0376372486353,
        "dmean2": 0.0592621304095,
        "dvar": 0.00106694921851,
        "dvar2": 0.00278788455762,
        "max": 0.499999672174,
        "mean": 0.374174356461,
        "median": 0.369584441185,
        "min": 0.228554993868,
        "var": 0.00445976667106
    },
    "dynamic_complexity": 4.42253732681,
    "erbbands_crest": {
        "dmean": 2.56580901146,
        "dmean2": 3.8779592514,
        "dvar": 8.80241775513,
        "dvar2": 17.2957668304,
        "max": 29.3938751221,
        "mean": 17.1451358795,
        "median": 16.476556778,
        "min": 2.84388899803,
        "var": 40.6317901611
    },
    "erbbands_flatness_db": {
        "dmean": 0.0230039060116,
        "dmean2": 0.0331122465432,
        "dvar": 0.000592832628172,
        "dvar2": 0.00118658400606,
        "max": 0.424669146538,
        "mean": 0.320272833109,
        "median": 0.323290854692,
        "min": 0.191793054342,
        "var": 0.00306140282191
    },
    "erbbands_kurtosis": {
        "dmean": 3.50144743919,
        "dmean2": 5.40131998062,
        "dvar": 17.387140274,
        "dvar2": 41.2322883606,
        "max": 42.0713920593,
        "mean": 8.4506444931,
        "median": 5.76192474365,
        "min": -1.61480367184,
        "var": 69.9470977783
    },
    "erbbands_skewness": {
        "dmean": 0.618315577507,
        "dmean2": 0.961442351341,
        "dvar": 0.372381597757,
        "dvar2": 0.850504696369,
        "max": 5.97264480591,
        "mean": 1.17249894142,
        "median": 1.07534956932,
        "min": -1.87971246243,
        "var": 1.84050631523
    },
    "erbbands_spread": {
        "dmean": 4.61225700378,
        "dmean2": 6.88398265839,
        "dvar": 52.641040802,
        "dvar2": 110.375923157,
        "max": 85.2179794312,
        "mean": 12.8992090225,
        "median": 9.7719373703,
        "min": 1.67225110531,
        "var": 142.834121704
    },
    "hfc": {
        "dmean": 4.27158927917,
        "dmean2": 6.09963750839,
        "dvar": 73.2204589844,
        "dvar2": 150.46572876,
        "max": 59.771156311,
        "mean": 7.2288851738,
        "median": 3.13045096397,
        "min": 0.117399141192,
        "var": 102.599754333
    },
    "melbands_crest": {
        "dmean": 2.70849013329,
        "dmean2": 4.26027965546,
        "dvar": 8.71179771423,
        "dvar2": 18.3819885254,
        "max": 34.7352027893,
        "mean": 18.0402355194,
        "median": 17.0661945343,
        "min": 4.42486906052,
        "var": 48.8474807739
    },
    "melbands_flatness_db": {
        "dmean": 0.0462794713676,
        "dmean2": 0.0609793402255,
        "dvar": 0.00277393660508,
        "dvar2": 0.00426250137389,
        "max": 0.7497433424,
        "mean": 0.461931586266,
        "median": 0.462318301201,
        "min": 0.111058518291,
        "var": 0.0122339781374
    },
    "melbands_kurtosis": {
        "dmean": 13.3522968292,
        "dmean2": 22.040977478,
        "dvar": 769.82421875,
        "dvar2": 1969.12426758,
        "max": 364.447143555,
        "mean": 31.2172279358,
        "median": 5.36981582642,
        "min": -1.69941723347,
        "var": 5010.82958984
    },
    "melbands_skewness": {
        "dmean": 0.852144956589,
        "dmean2": 1.33818185329,
        "dvar": 1.09348678589,
        "dvar2": 2.40753698349,
        "max": 14.2119626999,
        "mean": 2.55467057228,
        "median": 1.6755386591,
        "min": -0.826715290546,
        "var": 10.2413978577
    },
    "melbands_spread": {
        "dmean": 2.20892310143,
        "dmean2": 3.26982021332,
        "dvar": 23.4667816162,
        "dvar2": 44.4373664856,
        "max": 52.9044570923,
        "mean": 6.61486291885,
        "median": 5.63116455078,
        "min": 0.33588334918,
        "var": 47.3731422424
    },
    "pitch_salience": {
        "dmean": 0.0698634013534,
        "dmean2": 0.111696235836,
        "dvar": 0.0082313073799,
        "dvar2": 0.0179737918079,
        "max": 0.864908158779,
        "mean": 0.400512039661,
        "median": 0.421855151653,
        "min": 0.0574663430452,
        "var": 0.0238072834909
    },
    "silence_rate_20dB": {
        "dmean": 0,
        "dmean2": 0,
        "dvar": 0,
        "dvar2": 0,
        "max": 1,
        "mean": 1,
        "median": 1,
        "min": 1,
        "var": 0
    },
    "silence_rate_30dB": {
        "dmean": 0.0773993805051,
        "dmean2": 0.154918670654,
        "dvar": 0.0714077427983,
        "dvar2": 0.141764193773,
        "max": 1,
        "mean": 0.877030134201,
        "median": 1,
        "min": 0,
        "var": 0.107848010957
    },
    "silence_rate_60dB": {
        "dmean": 0.039473682642,
        "dmean2": 0.0782339274883,
        "dvar": 0.0379149876535,
        "dvar2": 0.0798583701253,
        "max": 1,
        "mean": 0.130703791976,
        "median": 0,
        "min": 0,
        "var": 0.11362080276
    },
    "spectral_centroid": {
        "dmean": 106.789253235,
        "dmean2": 149.406570435,
        "dvar": 51688.8476562,
        "dvar2": 77258.5625,
        "max": 2466.42260742,
        "mean": 448.786499023,
        "median": 410.817260742,
        "min": 120.579986572,
        "var": 123103.875
    },
    "spectral_complexity": {
        "dmean": 1.97523224354,
        "dmean2": 2.69790863991,
        "dvar": 27.8401222229,
        "dvar2": 33.8435401917,
        "max": 55,
        "mean": 6.65970611572,
        "median": 5,
        "min": 1,
        "var": 61.2097244263
    },
    "spectral_decrease": {
        "dmean": 5.76953373965e-09,
        "dmean2": 8.70405258979e-09,
        "dvar": 1.49660755908e-16,
        "dvar2": 3.29850829166e-16,
        "max": -9.10675840293e-11,
        "mean": -9.30853794046e-09,
        "median": -2.75875122746e-09,
        "min": -7.96642112277e-08,
        "var": 2.39933226087e-16
    },
    "spectral_energy": {
        "dmean": 0.0220855176449,
        "dmean2": 0.0332788266242,
        "dvar": 0.00218354491517,
        "dvar2": 0.0048150238581,
        "max": 0.304744899273,
        "mean": 0.0357882231474,
        "median": 0.0108083831146,
        "min": 0.000354687101208,
        "var": 0.00348974391818
    },
    "spectral_energyband_high": {
        "dmean": 7.29788953322e-05,
        "dmean2": 0.000112743407954,
        "dvar": 1.12375218464e-07,
        "dvar2": 2.66940872962e-07,
        "max": 0.00332111981697,
        "mean": 6.13201700617e-05,
        "median": 9.96414200927e-07,
        "min": 8.38486329258e-08,
        "var": 1.05019978491e-07
    },
    "spectral_energyband_low": {
        "dmean": 0.018804833293,
        "dmean2": 0.0288574174047,
        "dvar": 0.00177935068496,
        "dvar2": 0.0039187236689,
        "max": 0.264026284218,
        "mean": 0.0267971772701,
        "median": 0.00382552715018,
        "min": 0.000104097445728,
        "var": 0.00292744347826
    },
    "spectral_energyband_middle_high": {
        "dmean": 0.00061328173615,
        "dmean2": 0.000846646435093,
        "dvar": 5.36476181878e-06,
        "dvar2": 1.05105355033e-05,
        "max": 0.0209344960749,
        "mean": 0.000654663715977,
        "median": 5.23471171618e-05,
        "min": 3.83441920349e-06,
        "var": 6.79495133227e-06
    },
    "spectral_energyband_middle_low": {
        "dmean": 0.00672548636794,
        "dmean2": 0.0105651449412,
        "dvar": 0.000251659250353,
        "dvar2": 0.000615020922851,
        "max": 0.134267449379,
        "mean": 0.0111241824925,
        "median": 0.00574804935604,
        "min": 0.000120491349662,
        "var": 0.000240908600972
    },
    "spectral_entropy": {
        "dmean": 0.315789073706,
        "dmean2": 0.440106630325,
        "dvar": 0.11837272346,
        "dvar2": 0.204769045115,
        "max": 7.90290689468,
        "mean": 5.94127559662,
        "median": 5.79465532303,
        "min": 4.50292682648,
        "var": 0.467780292034
    },
    "spectral_flux": {
        "dmean": 0.0407935827971,
        "dmean2": 0.0651086941361,
        "dvar": 0.00516929896548,
        "dvar2": 0.0108866691589,
        "max": 0.569195389748,
        "mean": 0.0778155252337,
        "median": 0.0271374564618,
        "min": 0.00350010860711,
        "var": 0.0105779226869
    },
    "spectral_kurtosis": {
        "dmean": 20.076210022,
        "dmean2": 32.3147773743,
        "dvar": 674.92779541,
        "dvar2": 1506.82385254,
        "max": 258.626556396,
        "mean": 35.1363182068,
        "median": 23.6423339844,
        "min": -0.407705307007,
        "var": 1270.70800781
    },
    "spectral_rms": {
        "dmean": 0.00136294879485,
        "dmean2": 0.00193879846483,
        "dvar": 5.57199564355e-06,
        "dvar2": 1.09852753667e-05,
        "max": 0.0172427408397,
        "mean": 0.00463679386303,
        "median": 0.00324727036059,
        "min": 0.000588248425629,
        "var": 1.34154752232e-05
    },
    "spectral_rolloff": {
        "dmean": 118.415588379,
        "dmean2": 192.664016724,
        "dvar": 116065.273438,
        "dvar2": 221573.15625,
        "max": 3143.84765625,
        "mean": 463.803649902,
        "median": 473.73046875,
        "min": 86.1328125,
        "var": 178811.8125
    },
    "spectral_skewness": {
        "dmean": 1.26372492313,
        "dmean2": 1.94649422169,
        "dvar": 1.5172919035,
        "dvar2": 3.31718039513,
        "max": 12.875793457,
        "mean": 3.82874345779,
        "median": 3.5205450058,
        "min": 0.225731268525,
        "var": 4.90555715561
    },
    "spectral_spread": {
        "dmean": 447392,
        "dmean2": 718345.4375,
        "dvar": 344475041792,
        "dvar2": 625466933248,
        "max": 16626587,
        "mean": 1934877.5,
        "median": 1829120.5,
        "min": 287855.46875,
        "var": 708660625408
    },
    "spectral_strongpeak": {
        "dmean": 0.266697794199,
        "dmean2": 0.449819087982,
        "dvar": 0.180234745145,
        "dvar2": 0.446922063828,
        "max": 3.1830534935,
        "mean": 0.806676149368,
        "median": 0.629246115685,
        "min": 0.0453266017139,
        "var": 0.444996386766
    },
    "zerocrossingrate": {
        "dmean": 0.00398637028411,
        "dmean2": 0.00453825481236,
        "dvar": 4.57524947706e-05,
        "dvar2": 4.9326044973e-05,
        "max": 0.0849609375,
        "mean": 0.0171385593712,
        "median": 0.01611328125,
        "min": 0.00244140625,
        "var": 0.00015881685249
    },
    "barkbands": {
        "dmean": [0.000161002622917, 0.0106282671914, 0.0115795629099, 0.00392087735236, 0.0010793954134, 0.00128293095622, 0.000777352543082, 0.000408459425671, 0.000199503221666, 0.000154373527039, 5.46532683074e-05, 5.96248901275e-05, 7.95381711214e-05, 4.77258108731e-05, 5.1919319958e-05, 8.13149817986e-05, 3.62308783224e-05, 6.34684620309e-05, 5.34598475497e-05, 3.78736476705e-05, 3.48667163053e-05, 1.16615365187e-05, 1.43937370467e-06, 1.48980845438e-07, 1.63449271895e-08, 4.44419212542e-09, 1.33426791837e-09],
        "dmean2": [0.000270165357506, 0.0167633518577, 0.0200775451958, 0.00619737384841, 0.00177362666, 0.00219066441059, 0.00128878245596, 0.000602567975875, 0.000332756666467, 0.000221238704398, 7.98778637545e-05, 7.98600740382e-05, 0.00011145730241, 7.50851904741e-05, 7.98291002866e-05, 0.000129663356347, 4.62296120531e-05, 9.7093070508e-05, 7.93820436229e-05, 5.35755571036e-05, 5.58855717827e-05, 1.78078316821e-05, 2.07042035072e-06, 2.26593400043e-07, 2.66684931916e-08, 7.54471596309e-09, 2.41854025695e-09],
        "dvar": [2.12452761161e-07, 0.000662066333462, 0.00114947010297, 0.000129180931253, 8.17629643279e-06, 1.28938754642e-05, 3.07540085487e-06, 1.09651819002e-06, 2.16735983827e-07, 2.44170649921e-07, 3.68587080857e-08, 5.51224346168e-08, 1.13228587395e-07, 3.28331282162e-08, 4.79872817039e-08, 1.47713151932e-07, 1.93867499831e-08, 7.92871830413e-08, 5.50822996104e-08, 2.48501432765e-08, 2.73558438124e-08, 2.88406543092e-09, 3.95209871773e-11, 4.74458200592e-13, 7.54816385583e-15, 5.25013255323e-16, 9.35325544094e-18],
        "dvar2": [5.13803001922e-07, 0.00146272277925, 0.00314502068795, 0.000319420010783, 1.92264342331e-05, 3.18765451084e-05, 7.93917297415e-06, 2.25857729674e-06, 5.46446869976e-07, 4.94562300446e-07, 8.480214575e-08, 1.04092713116e-07, 2.43862245952e-07, 8.22076984264e-08, 1.15665983458e-07, 3.61119077752e-07, 3.42644383977e-08, 1.88630110642e-07, 1.26515345755e-07, 4.49853310158e-08, 6.7274704918e-08, 6.66710420205e-09, 7.83594369946e-11, 1.14981255853e-12, 1.85916701549e-14, 1.2334432368e-15, 1.95628711177e-17],
        "max": [0.0040730740875, 0.226343423128, 0.206939682364, 0.0969406366348, 0.0324122868478, 0.0393769517541, 0.017067136243, 0.0130882989615, 0.0035938587971, 0.00596133898944, 0.00218137726188, 0.00286368164234, 0.00332755642012, 0.00161710416432, 0.00207486003637, 0.00383716821671, 0.00167007243726, 0.00247254990973, 0.00220512668602, 0.00145999516826, 0.00166269694455, 0.000567255483475, 6.48850691505e-05, 9.40673453442e-06, 1.63764786976e-06, 3.77575190669e-07, 7.64293730526e-08],
        "mean": [0.00017357627803, 0.0146848913282, 0.00912087131292, 0.00392386177555, 0.00118237338029, 0.00224594306201, 0.00178152415901, 0.00167281983886, 0.000241354573518, 0.000176129979081, 6.32249502814e-05, 6.2000908656e-05, 7.85226511653e-05, 5.14134881087e-05, 4.74839253002e-05, 6.34671887383e-05, 4.0812905354e-05, 5.34834471182e-05, 4.67212230433e-05, 3.77798787667e-05, 2.87914281216e-05, 9.71001645667e-06, 1.35299308113e-06, 1.23159807686e-07, 1.55752797326e-08, 5.83469672577e-09, 1.06712783055e-09],
        "median": [1.32020568344e-06, 0.000991569948383, 0.00105949211866, 0.000365114712622, 0.000175509616383, 0.000708186882548, 0.000952649861574, 0.00022954060114, 3.68976616301e-05, 8.21681442176e-06, 6.56843167235e-06, 5.09770870849e-06, 3.03832348436e-06, 3.69617623619e-06, 1.98285147235e-06, 1.1067035075e-06, 1.65109679529e-06, 1.16214425816e-06, 1.36084213409e-06, 8.4902353592e-07, 4.8495678584e-07, 8.25311374797e-08, 1.22634560284e-08, 4.9411212899e-09, 3.90382215443e-09, 3.58212548512e-09, 1.88549995062e-10],
        "min": [1.75703585015e-09, 2.28355844456e-07, 5.30840088686e-06, 3.90337902445e-07, 9.85690917332e-07, 1.02664603219e-06, 6.28180316653e-07, 2.46430090556e-07, 1.95862142505e-07, 8.78382593328e-08, 1.16053783472e-07, 1.22311448081e-07, 8.29396640256e-08, 1.36518437444e-07, 1.14687523478e-07, 5.21323109126e-08, 1.12144753928e-07, 7.66302008515e-08, 1.12096891769e-07, 8.36504696622e-08, 3.43462112085e-08, 1.13875291419e-08, 3.05120551047e-09, 1.22121079915e-09, 1.65327807e-10, 9.64152577221e-11, 7.20680980171e-12],
        "var": [2.68162096972e-07, 0.00128110311925, 0.000787467986811, 0.000109830740257, 8.68198821991e-06, 2.78332827293e-05, 4.40013673142e-06, 9.57851079875e-06, 2.31306756859e-07, 3.83804035664e-07, 4.15281178334e-08, 6.98102411434e-08, 1.25776935533e-07, 3.08077083844e-08, 4.47320118724e-08, 1.25337521695e-07, 3.01098204147e-08, 7.52953681626e-08, 5.5367419094e-08, 3.27534941391e-08, 2.40325448431e-08, 2.74260325561e-09, 4.66624724971e-11, 4.27336090776e-13, 6.07214922942e-15, 3.87359998771e-16, 8.65890679987e-18]
    },
    "erbbands": {
        "dmean": [0.18804307282, 2.81615376472, 10.4454565048, 15.6514635086, 6.27034425735, 3.12212538719, 4.71120643616, 12.7747478485, 14.0421361923, 6.78675270081, 10.202460289, 4.53746747971, 5.32581281662, 3.09639763832, 2.43329882622, 2.6804049015, 3.38862395287, 2.36849880219, 2.17752218246, 3.59120130539, 3.83821797371, 2.33038663864, 2.95252275467, 2.44346618652, 3.22312116623, 1.7103613615, 1.71918308735, 1.2888160944, 0.461787134409, 0.142341539264, 0.0337923653424, 0.00675408076495, 0.00112986797467, 0.000258921645582, 9.85234364634e-05, 3.32830823027e-05, 1.10599321488e-05, 1.61424941325e-06, 9.92523655441e-06, 2.40509525611e-05],
        "dmean2": [0.285820782185, 4.41050577164, 17.6921024323, 24.8278007507, 9.75306224823, 5.21779346466, 8.19421768188, 21.7774505615, 24.0461235046, 10.2724666595, 15.2576646805, 7.30082654953, 7.96174287796, 4.35809516907, 3.61500859261, 3.71937322617, 4.63296127319, 3.57845926285, 3.2220659256, 5.3688955307, 6.07229804993, 3.01418757439, 4.33972454071, 3.84299969673, 4.70337772369, 2.40882396698, 2.64357686043, 2.0696618557, 0.698020160198, 0.215508893132, 0.0474075078964, 0.00977410003543, 0.00168336718343, 0.000402836856665, 0.000156304929988, 5.22348018421e-05, 1.65661895153e-05, 2.52716608884e-06, 1.48605895447e-05, 3.61698002962e-05],
        "dvar": [0.245508864522, 43.2773742676, 830.638427734, 1856.62426758, 295.105224609, 76.237991333, 198.840118408, 1376.06066895, 1072.86682129, 315.870391846, 655.52520752, 100.423706055, 279.631835938, 90.0621109009, 107.926651001, 114.131240845, 203.032943726, 72.7614822388, 73.7910919189, 233.948913574, 317.204620361, 84.0651702881, 158.540969849, 118.293876648, 203.50819397, 51.4861526489, 62.5932769775, 38.6942481995, 4.45277547836, 0.416697323322, 0.0210883058608, 0.000878724793438, 2.64320278802e-05, 1.64400853464e-06, 2.40106828642e-07, 2.49885978576e-08, 1.19620102712e-09, 1.88380595845e-11, 4.2839273795e-10, 2.57118681901e-09],
        "dvar2": [0.460571616888, 96.1329269409, 2204.22363281, 4654.89208984, 662.44317627, 192.331954956, 555.682678223, 3280.21069336, 2875.61328125, 729.753417969, 1407.03955078, 242.503265381, 641.226379395, 166.629470825, 256.987762451, 203.703353882, 416.332000732, 171.847122192, 169.980361938, 532.276245117, 771.691833496, 161.961273193, 361.181732178, 291.96585083, 438.618469238, 94.3294754028, 151.09197998, 98.4365768433, 10.2750015259, 0.966337800026, 0.0401472449303, 0.001905882149, 6.09899325354e-05, 3.94273092752e-06, 5.81765846164e-07, 6.04000902626e-08, 2.61614330199e-09, 3.81665810067e-11, 9.36394517481e-10, 5.66746027886e-09],
        "max": [5.2368478775, 58.0296363831, 184.42250061, 324.853607178, 170.77003479, 94.4323120117, 127.518157959, 466.18560791, 262.069885254, 213.870925903, 363.354400635, 73.2966842651, 230.253646851, 101.363723755, 116.547981262, 114.962028503, 142.363082886, 76.6482009888, 81.0313491821, 148.452941895, 172.963623047, 103.790367126, 108.927085876, 107.599754333, 131.809005737, 66.0819778442, 75.1290893555, 61.1224861145, 21.9558773041, 6.92056417465, 1.42178285122, 0.391769111156, 0.0557762123644, 0.0211763046682, 0.00981572363526, 0.00253332406282, 0.000620839069597, 8.47023256938e-05, 0.00013660483819, 0.000331313989591],
        "mean": [0.304376602173, 3.74735736847, 9.44380378723, 14.7717971802, 6.7926864624, 3.42220878601, 5.34732294083, 21.9237003326, 26.4783725739, 20.6154632568, 45.1412849426, 9.39082622528, 6.42489099503, 3.68772387505, 2.38220643997, 2.86107635498, 3.46469259262, 2.78584456444, 2.080753088, 3.24628067017, 3.08791851997, 2.4580886364, 2.56604623795, 2.15966081619, 2.85301399231, 1.72623884678, 1.40606760979, 1.01458513737, 0.393878102303, 0.119644001126, 0.0326039716601, 0.0061051719822, 0.00102567509748, 0.000255467370152, 0.00011141361756, 4.76956665807e-05, 2.00486774702e-05, 2.61553327618e-06, 1.64185948961e-05, 3.92179244955e-05],
        "median": [0.0124007416889, 0.320008695126, 1.41303932667, 1.36421525478, 1.346098423, 0.424519389868, 1.87959694862, 5.84095287323, 13.2433099747, 9.24466514587, 7.05454063416, 3.79854798317, 0.443199396133, 0.423881798983, 0.246837988496, 0.228156253695, 0.179137945175, 0.216372102499, 0.154407724738, 0.0939294025302, 0.0917208567262, 0.081791639328, 0.061202056706, 0.0794534236193, 0.0540838837624, 0.040458843112, 0.0275753475726, 0.0118319299072, 0.00365442130715, 0.000950993970037, 0.000327506073518, 0.000145859390614, 8.27015537652e-05, 5.42417401448e-05, 3.52908318746e-05, 2.18430595851e-05, 1.0448865396e-05, 1.26324232497e-06, 5.07826007379e-06, 1.19887645269e-05],
        "min": [5.56502855034e-05, 0.00136770261452, 0.013393512927, 0.0107467742637, 0.00716721499339, 0.033780708909, 0.00908056739718, 0.00989730656147, 0.00871922075748, 0.0300766509026, 0.0378881059587, 0.0100481929258, 0.00497255846858, 0.006103053689, 0.00677921436727, 0.00748339761049, 0.00795684196055, 0.00581665989012, 0.00701846648008, 0.00622800504789, 0.00673226080835, 0.00623119063675, 0.00550846848637, 0.00611086329445, 0.00435769557953, 0.00485370634124, 0.00169441651087, 0.00093445845414, 0.000519108667504, 0.000274459802313, 0.000129711610498, 5.33040838491e-05, 1.9016688384e-05, 5.13353325005e-06, 3.39221105605e-06, 2.48376500167e-06, 8.15525197595e-07, 8.11279079471e-08, 1.90404122691e-07, 3.9676510255e-07],
        "var": [0.689303457737, 78.0636978149, 651.671264648, 1546.56774902, 307.193664551, 73.9583206177, 139.495193481, 3577.76342773, 1168.48352051, 696.267089844, 7020.31152344, 186.274185181, 428.322113037, 130.169464111, 104.918815613, 148.688323975, 241.374465942, 82.9478302002, 73.4616012573, 231.595977783, 274.384002686, 118.405960083, 162.455886841, 112.304382324, 214.920074463, 67.7029876709, 56.4782981873, 31.984292984, 4.3393073082, 0.402731209993, 0.026300560683, 0.000950643094257, 2.56607472693e-05, 1.42167232298e-06, 1.96689086351e-07, 1.91715354703e-08, 1.12842024613e-09, 1.96517333656e-11, 6.9094074906e-10, 4.09929867828e-09]
    },
    "gfcc": {
        "mean": [-191.923980713, 208.71081543, -95.0511856079, 23.5688648224, -35.7156257629, -33.8919563293, -5.53702831268, -5.13059425354, -1.08078718185, 4.43530511856, -6.46742582321, -17.9813137054, -10.8015813828],
        "cov": [[4084.20751953, 17.2788143158, -921.349731445, -11.340215683, -301.942260742, 136.595001221, 173.884460449, -128.493270874, 278.942932129, -131.926300049, 182.253479004, 236.38835144, 225.333709717], [17.2788143158, 790.529724121, 747.572875977, -512.401184082, 138.737503052, -2.68726563454, 84.6657943726, 139.748352051, 154.731323242, 170.112487793, 167.530151367, 42.3956298828, 102.808578491], [-921.349731445, 747.572875977, 1692.07006836, -115.09312439, 448.724029541, 60.1145095825, 172.682067871, 213.198730469, 41.0692062378, 125.330917358, 91.9156494141, -55.2945899963, 38.1662864685], [-11.340215683, -512.401184082, -115.09312439, 725.507324219, 44.3124542236, 26.8009719849, 44.1334266663, -86.6795501709, -113.715194702, -170.871658325, -127.977310181, -41.1328582764, -79.7761917114], [-301.942260742, 138.737503052, 448.724029541, 44.3124542236, 348.45010376, 124.583396912, 22.7054786682, -27.4692726135, -80.2595748901, -72.8743362427, -46.0441246033, -46.3849639893, 16.4115219116], [136.595001221, -2.68726563454, 60.1145095825, 26.8009719849, 124.583396912, 174.144577026, 50.485080719, -10.342581749, -21.9448413849, -48.1260147095, -2.98578977585, 6.6999578476, 20.6768703461], [173.884460449, 84.6657943726, 172.682067871, 44.1334266663, 22.7054786682, 50.485080719, 152.883712769, 95.2222900391, 77.7080307007, 32.9429740906, 35.3531837463, 6.15561962128, 0.677725672722], [-128.493270874, 139.748352051, 213.198730469, -86.6795501709, -27.4692726135, -10.342581749, 95.2222900391, 173.435317993, 122.115966797, 107.115226746, 56.2534294128, 5.33859348297, -8.37034320831], [278.942932129, 154.731323242, 41.0692062378, -113.715194702, -80.2595748901, -21.9448413849, 77.7080307007, 122.115966797, 208.621688843, 121.5677948, 104.416145325, 54.1454734802, 26.7536277771], [-131.926300049, 170.112487793, 125.330917358, -170.871658325, -72.8743362427, -48.1260147095, 32.9429740906, 107.115226746, 121.5677948, 186.3359375, 127.808509827, 59.2503700256, 26.8283309937], [182.253479004, 167.530151367, 91.9156494141, -127.977310181, -46.0441246033, -2.98578977585, 35.3531837463, 56.2534294128, 104.416145325, 127.808509827, 163.819976807, 98.4082794189, 61.0438346863], [236.38835144, 42.3956298828, -55.2945899963, -41.1328582764, -46.3849639893, 6.6999578476, 6.15561962128, 5.33859348297, 54.1454734802, 59.2503700256, 98.4082794189, 102.801841736, 65.3532409668], [225.333709717, 102.808578491, 38.1662864685, -79.7761917114, 16.4115219116, 20.6768703461, 0.677725672722, -8.37034320831, 26.7536277771, 26.8283309937, 61.0438346863, 65.3532409668, 94.3215637207]],
        "icov": [[0.00071155274054, -0.000388753280276, 0.000360295118298, -6.47208871669e-05, 0.000627386616543, -0.000222899296205, -0.00121212541126, 0.00107595697045, -0.00127953186166, 0.00196257350035, -0.00102836161386, 0.000259971100604, -0.00114267738536], [-0.000388753280276, 0.0105614261702, -0.00415591243654, 0.00686765834689, -0.00136329815723, 0.00355541240424, -0.00421104487032, 0.00386883341707, -0.00351670780219, 0.00220002955757, -0.00234837317839, -7.44513745303e-05, -0.00131822784897], [0.000360295118298, -0.00415591243654, 0.00359787791967, -0.00278437812813, -0.00212269695476, 0.000164061188116, 0.000386989093386, -0.00344222877175, 0.00223170826212, -0.000573203957174, -0.00201202905737, 0.00271610752679, -0.00116634066217], [-6.47208871669e-05, 0.00686765834689, -0.00278437812813, 0.00702623976395, -0.000977603951469, 0.00317210634239, -0.00548308808357, 0.00400857627392, -0.00227807601914, 0.00353795802221, 0.000104783503048, -0.00413901405409, 0.00204810476862], [0.000627386616543, -0.00136329815723, -0.00212269695476, -0.000977603951469, 0.00996141787618, -0.00618723174557, 0.000974947353825, 0.00326019804925, -0.00104775954969, 0.00191514100879, 0.00142507511191, 0.00202382355928, -0.00264745415188], [-0.000222899296205, 0.00355541240424, 0.000164061188116, 0.00317210634239, -0.00618723174557, 0.0129957245663, -0.00644222972915, -0.000309278198984, 0.000769917445723, 0.00414801063016, -0.00318471249193, -0.00254815630615, -5.13126506121e-05], [-0.00121212541126, -0.00421104487032, 0.000386989093386, -0.00548308808357, 0.000974947353825, -0.00644222972915, 0.0204636696726, -0.0114306081086, 0.000929740606807, -0.00205382658169, -0.000558997038752, 0.00321505288593, 0.00122737942729], [0.00107595697045, 0.00386883341707, -0.00344222877175, 0.00400857627392, 0.00326019804925, -0.000309278198984, -0.0114306081086, 0.025011908263, -0.0103976493701, -0.00424844026566, 0.00461527472362, -0.000981878023595, 0.00164915435016], [-0.00127953186166, -0.00351670780219, 0.00223170826212, -0.00227807601914, -0.00104775954969, 0.000769917445723, 0.000929740606807, -0.0103976493701, 0.0168515387923, -0.00579635100439, -0.00140097900294, -0.000242692753091, 0.0010879751062], [0.00196257350035, 0.00220002955757, -0.000573203957174, 0.00353795802221, 0.00191514100879, 0.00414801063016, -0.00205382658169, -0.00424844026566, -0.00579635100439, 0.0287884473801, -0.0175213031471, 0.000508726399858, -0.00102429569233], [-0.00102836161386, -0.00234837317839, -0.00201202905737, 0.000104783503048, 0.00142507511191, -0.00318471249193, -0.000558997038752, 0.00461527472362, -0.00140097900294, -0.0175213031471, 0.037841193378, -0.026119010523, 0.00577089656144], [0.000259971100604, -7.44513745303e-05, 0.00271610752679, -0.00413901405409, 0.00202382355928, -0.00254815630615, 0.00321505288593, -0.000981878023595, -0.000242692753091, 0.000508726399858, -0.026119010523, 0.0486995428801, -0.0219582021236], [-0.00114267738536, -0.00131822784897, -0.00116634066217, 0.00204810476862, -0.00264745415188, -5.13126506121e-05, 0.00122737942729, 0.00164915435016, 0.0010879751062, -0.00102429569233, 0.00577089656144, -0.0219582021236, 0.0290445834398]]
    },
    "melbands": {
        "dmean": [0.00239161984064, 0.0045219277963, 0.00245970697142, 0.000287528993795, 0.000148139311932, 0.000280105567072, 0.000200351001695, 6.98418516549e-05, 7.7142722148e-05, 2.68690764642e-05, 2.6836154575e-05, 1.40060001286e-05, 7.54172242523e-06, 7.34050445317e-06, 7.9491037468e-06, 6.80811672282e-06, 4.42732061856e-06, 3.30296620632e-06, 5.13884242537e-06, 5.68817449675e-06, 3.8776065594e-06, 2.2940407689e-06, 2.34226081375e-06, 3.00720626001e-06, 1.7030872641e-06, 2.59321677731e-06, 1.45671344853e-06, 1.12963198262e-06, 1.27570592667e-06, 7.82897473073e-07, 7.18262072041e-07, 2.73560630148e-07, 1.38093383839e-07, 5.45422018661e-08, 1.99017584634e-08, 7.74950326132e-09, 2.51577225718e-09, 7.81203435274e-10, 3.0804983564e-10, 1.62863902919e-10],
        "dmean2": [0.00373172829859, 0.00715328520164, 0.00390217523091, 0.000464770098915, 0.000257499050349, 0.000478302885313, 0.000336776050972, 0.000106587409391, 0.000116107075883, 4.42561031377e-05, 3.95934766857e-05, 1.93048035726e-05, 1.10891323857e-05, 1.08170943349e-05, 1.15637558338e-05, 1.03516576928e-05, 6.88308136887e-06, 5.03934325025e-06, 8.21140474727e-06, 8.97792597243e-06, 6.00314388066e-06, 3.03322417494e-06, 3.1981455777e-06, 4.83510302729e-06, 2.73507680504e-06, 3.91512139686e-06, 2.15331920117e-06, 1.60343722655e-06, 2.04895150091e-06, 1.288952717e-06, 1.14484805636e-06, 4.14122126813e-07, 2.25285063493e-07, 8.18989036588e-08, 2.74540656875e-08, 1.11444933282e-08, 3.82119802467e-09, 1.20710363927e-09, 4.86317319748e-10, 2.66995092701e-10],
        "dvar": [3.60251578968e-05, 0.000120302007417, 4.60463343188e-05, 6.08220375398e-07, 2.0011394497e-07, 6.17745399722e-07, 2.08053350548e-07, 3.54995357554e-08, 3.4229021395e-08, 3.84662213193e-09, 7.07613700968e-09, 1.98198613077e-09, 9.00140240123e-10, 9.58285562014e-10, 1.15243670162e-09, 8.45782055503e-10, 2.67682126465e-10, 1.69608965761e-10, 5.24425614046e-10, 6.95389301697e-10, 3.08403497185e-10, 8.34166416497e-11, 8.4959518587e-11, 1.9569537657e-10, 5.75555228477e-11, 1.34297475918e-10, 4.11781338194e-11, 2.30411124208e-11, 3.74855910201e-11, 1.36861312214e-11, 1.20905447112e-11, 1.53608777174e-12, 4.35893915364e-13, 6.10060165904e-14, 7.33819370557e-15, 1.15684456507e-15, 1.30262510276e-16, 1.39042708223e-17, 2.31427847318e-18, 7.34426265528e-19],
        "dvar2": [7.38262824598e-05, 0.000293718389003, 0.000114850139653, 1.31796025471e-06, 5.63773369322e-07, 1.49995764787e-06, 5.48854472981e-07, 7.79933984063e-08, 7.19569683838e-08, 9.52958334466e-09, 1.60121516046e-08, 3.75766662231e-09, 2.15275419713e-09, 2.19075313446e-09, 1.88981652549e-09, 2.01145033962e-09, 6.61898147403e-10, 4.06052969026e-10, 1.31230926126e-09, 1.68562985792e-09, 7.26151028196e-10, 1.49715018161e-10, 1.65673849639e-10, 5.01988173252e-10, 1.44239203914e-10, 3.04313768629e-10, 7.25184357009e-11, 4.65548745388e-11, 9.38006478046e-11, 3.53225365624e-11, 3.02813087105e-11, 3.38603841146e-12, 1.10587710864e-12, 1.34408990556e-13, 1.3559519413e-14, 2.32719591753e-15, 3.09354749425e-16, 3.29862621453e-17, 5.5804710186e-18, 1.81069195023e-18],
        "max": [0.0546705573797, 0.0746835693717, 0.0491115860641, 0.00887843687087, 0.00394126679748, 0.00937364436686, 0.00400022231042, 0.0023575022351, 0.00281406193972, 0.000470659491839, 0.00114594225306, 0.00047839229228, 0.000343810592312, 0.000360608159099, 0.000286029535346, 0.000322390405927, 0.000156098336447, 0.00011740867194, 0.000216281987377, 0.000262503017439, 0.000163375385455, 0.000107705185656, 0.000105252081994, 0.000118469339213, 8.17189284135e-05, 0.000100374563772, 6.48159184493e-05, 4.72955907753e-05, 5.98103397351e-05, 3.49067704519e-05, 3.57281787728e-05, 1.28790943563e-05, 6.81304436512e-06, 2.64084519586e-06, 8.34361344459e-07, 3.76827983928e-07, 1.60796631121e-07, 4.35130367293e-08, 2.00920986515e-08, 1.56199604362e-08],
        "mean": [0.00358238676563, 0.00520940171555, 0.00231678760611, 0.000329626782332, 0.000161853036843, 0.000490345817525, 0.000426106184023, 0.000220427915337, 0.000338902173098, 3.83739352401e-05, 3.14547651215e-05, 1.54732279043e-05, 7.89602108853e-06, 6.88444606567e-06, 8.7416756287e-06, 6.98287567502e-06, 5.04337549501e-06, 3.0649925975e-06, 4.50808511232e-06, 4.59046395918e-06, 3.23748440678e-06, 2.58575619227e-06, 2.25693179345e-06, 2.39721020989e-06, 1.54327028667e-06, 2.23731240112e-06, 1.53207065523e-06, 1.08393476239e-06, 9.93710955299e-07, 6.28374323242e-07, 5.67558686271e-07, 2.36275099041e-07, 1.1034996561e-07, 4.74538310868e-08, 1.98044105559e-08, 7.39129824012e-09, 2.11195883004e-09, 6.96475210837e-10, 2.73137457096e-10, 1.51707160723e-10],
        "median": [0.000168703918462, 0.000766834127717, 0.000268254370894, 4.93964980706e-05, 6.22362713329e-05, 0.000145348923979, 0.0002404795232, 9.65929648373e-05, 5.96418940404e-05, 8.04477986094e-06, 1.30632338369e-06, 1.44813714087e-06, 8.95618484265e-07, 5.59320483262e-07, 4.36916934632e-07, 3.33215865567e-07, 3.99709819021e-07, 1.97028768412e-07, 1.49704064256e-07, 7.84431648526e-08, 1.11732937569e-07, 9.42050917274e-08, 4.92491771809e-08, 5.64772939526e-08, 6.51003091434e-08, 4.24990673764e-08, 3.22433244548e-08, 2.52143390611e-08, 1.77049113148e-08, 1.19497611806e-08, 5.05919617311e-09, 2.21129936584e-09, 9.20718834507e-10, 3.45020595427e-10, 1.90855192761e-10, 1.06291954405e-10, 7.06209118961e-11, 5.00594080077e-11, 4.18604907682e-11, 3.64291548316e-11],
