{
"highlevel": {
    "danceability": {
        "all": {
            "danceable": 0.814261317253,
            "not_danceable": 0.185738682747
        },
        "probability": 0.814261317253,
        "value": "danceable"
    },
    "gender": {
        "all": {
            "female": 0.649581313133,
            "male": 0.350418686867
        },
        "probability": 0.649581313133,
        "value": "female"
    },
    "genre_dortmund": {
        "all": {
            "alternative": 0.0189940258861,
            "blues": 0.113134980202,
            "electronic": 0.0433253496885,
            "folkcountry": 0.0537040047348,
            "funksoulrnb": 0.0419646948576,
            "jazz": 0.565876305103,
            "pop": 0.0418691337109,
            "raphiphop": 0.101598083973,
            "rock": 0.019533418119
        },
        "probability": 0.565876305103,
        "value": "jazz"
    },
    "genre_electronic": {
        "all": {
            "ambient": 0.650292813778,
            "dnb": 0.0367538146675,
            "house": 0.234219491482,
            "techno": 0.0164011642337,
            "trance": 0.0623327232897
        },
        "probability": 0.650292813778,
        "value": "ambient"
    },
    "genre_rosamerica": {
        "all": {
            "cla": 0.151643633842,
            "dan": 0.0294050984085,
            "hip": 0.0755316764116,
            "jaz": 0.112499259412,
            "pop": 0.108695916831,
            "rhy": 0.429043322802,
            "roc": 0.0702902898192,
            "spe": 0.0228907819837
        },
        "probability": 0.429043322802,
        "value": "rhy"
    },
    "genre_tzanetakis": {
        "all": {
            "blu": 0.0626613423228,
            "cla": 0.0348169617355,
            "cou": 0.104475811124,
            "dis": 0.0784321576357,
            "hip": 0.15692435205,
            "jaz": 0.313974827528,
            "met": 0.0448166541755,
            "pop": 0.0627359300852,
            "reg": 0.0627360641956,
            "roc": 0.0784258767962
        },
        "probability": 0.313974827528,
        "value": "jaz"
    },
    "ismir04_rhythm": {
        "all": {
            "ChaChaCha": 0.102629259229,
            "Jive": 0.0202979594469,
            "Quickstep": 0.231338202953,
            "Rumba-American": 0.0109284548089,
            "Rumba-International": 0.040664087981,
            "Rumba-Misc": 0.0151648689061,
            "Samba": 0.195281878114,
            "Tango": 0.311010986567,
            "VienneseWaltz": 0.0516907349229,
            "Waltz": 0.0209935698658
        },
        "probability": 0.311010986567,
        "value": "Tango"
    },
    "mood_acoustic": {
        "all": {
            "acoustic": 0.191223144531,
            "not_acoustic": 0.808776855469
        },
        "probability": 0.808776855469,
        "value": "not_acoustic"
    },
    "mood_aggressive": {
        "all": {
            "aggressive": 0.0599657669663,
            "not_aggressive": 0.940034210682
        },
        "probability": 0.940034210682,
        "value": "not_aggressive"
    },
    "mood_electronic": {
        "all": {
            "electronic": 0.411943227053,
            "not_electronic": 0.58805680275
        },
        "probability": 0.58805680275,
        "value": "not_electronic"
    },
    "mood_happy": {
        "all": {
            "happy": 0.206919193268,
            "not_happy": 0.793080806732
        },
        "probability": 0.793080806732,
        "value": "not_happy"
    },
    "mood_party": {
        "all": {
            "not_party": 0.5,
            "party": 0.5
        },
        "probability": 0.5,
        "value": "not_party"
    },
    "mood_relaxed": {
        "all": {
            "not_relaxed": 0.929635822773,
            "relaxed": 0.0703641548753
        },
        "probability": 0.929635822773,
        "value": "not_relaxed"
    },
    "mood_sad": {
        "all": {
            "not_sad": 0.426690250635,
            "sad": 0.573309779167
        },
        "probability": 0.573309779167,
        "value": "sad"
    },
    "moods_mirex": {
        "all": {
            "Cluster1": 0.0719413980842,
            "Cluster2": 0.484478056431,
            "Cluster3": 0.177656009793,
            "Cluster4": 0.258336007595,
            "Cluster5": 0.00758854672313
        },
        "probability": 0.484478056431,
        "value": "Cluster2"
    },
    "timbre": {
        "all": {
            "bright": 0.999990463257,
            "dark": 9.51456786424e-06
        },
        "probability": 0.999990463257,
        "value": "bright"
    },
    "tonal_atonal": {
        "all": {
            "atonal": 0.346817612648,
            "tonal": 0.653182387352
        },
        "probability": 0.653182387352,
        "value": "tonal"
    },
    "voice_instrumental": {
        "all": {
            "instrumental": 0.586873590946,
            "voice": 0.413126438856
        },
        "probability": 0.586873590946,
        "value": "instrumental"
    }
},
"lowlevel": {
    "average_loudness": 0.972150981426,
    "barkbands_crest": {
        "dmean": 2.84973096848,
        "dmean2": 4.15194416046,
        "dvar": 8.41693115234,
        "dvar2": 16.9627056122,
        "max": 26.2575416565,
        "mean": 11.971572876,
        "median": 11.0129060745,
        "min": 2.68828940392,
        "var": 28.8348369598
    },
    "barkbands_flatness_db": {
        "dmean": 0.0263977870345,
        "dmean2": 0.038980923593,
        "dvar": 0.000803610600997,
        "dvar2": 0.00169177516364,
        "max": 0.528514325619,
        "mean": 0.195137545466,
        "median": 0.182489022613,
        "min": 0.0689628645778,
        "var": 0.00439919298515
    },
    "barkbands_kurtosis": {
        "dmean": 5.49142313004,
        "dmean2": 8.50816631317,
        "dvar": 515.613830566,
        "dvar2": 1214.18762207,
        "max": 469.857879639,
        "mean": 6.26187753677,
        "median": 0.761166334152,
        "min": -1.86112654209,
        "var": 720.198303223
    },
    "barkbands_skewness": {
        "dmean": 0.722869873047,
        "dmean2": 1.01501131058,
        "dvar": 1.10679769516,
        "dvar2": 2.20152831078,
        "max": 17.4475154877,
        "mean": 1.2190233469,
        "median": 0.835791170597,
        "min": -5.02194023132,
        "var": 3.92220687866
    },
    "barkbands_spread": {
        "dmean": 4.62387895584,
        "dmean2": 6.88579893112,
        "dvar": 31.5310134888,
        "dvar2": 68.0673828125,
        "max": 88.6926879883,
        "mean": 18.5270633698,
        "median": 17.7173881531,
        "min": 0.19236035645,
        "var": 110.476303101
    },
    "dissonance": {
        "dmean": 0.0267568770796,
        "dmean2": 0.0442359559238,
        "dvar": 0.00072937970981,
        "dvar2": 0.0019903536886,
        "max": 0.499999880791,
        "mean": 0.445375174284,
        "median": 0.45368412137,
        "min": 0.255257457495,
        "var": 0.00157140986994
    },
    "dynamic_complexity": 3.03683423996,
    "erbbands_crest": {
        "dmean": 2.79745841026,
        "dmean2": 4.35987854004,
        "dvar": 7.85398340225,
        "dvar2": 18.7708148956,
        "max": 28.2491474152,
        "mean": 11.4944543839,
        "median": 10.4392318726,
        "min": 3.49495387077,
        "var": 22.4218425751
    },
    "erbbands_flatness_db": {
        "dmean": 0.0195464603603,
        "dmean2": 0.026881409809,
        "dvar": 0.000496894062962,
        "dvar2": 0.000915616808925,
        "max": 0.421075046062,
        "mean": 0.225739121437,
        "median": 0.215263321996,
        "min": 0.0947210416198,
        "var": 0.0029589869082
    },
    "erbbands_kurtosis": {
        "dmean": 1.20629358292,
        "dmean2": 1.82998430729,
        "dvar": 5.1455616951,
        "dvar2": 10.1573905945,
        "max": 55.7451438904,
        "mean": 1.28856754303,
        "median": 0.316293954849,
        "min": -1.65465247631,
        "var": 12.5481500626
    },
    "erbbands_skewness": {
        "dmean": 0.399015903473,
        "dmean2": 0.559929430485,
        "dvar": 0.215475931764,
        "dvar2": 0.408222794533,
        "max": 3.74728131294,
        "mean": 0.210886001587,
        "median": 0.315794825554,
        "min": -5.08910369873,
        "var": 0.920445203781
    },
    "erbbands_spread": {
        "dmean": 6.21228790283,
        "dmean2": 9.33309841156,
        "dvar": 62.9837265015,
        "dvar2": 133.926467896,
        "max": 95.9173660278,
        "mean": 27.4919242859,
        "median": 24.505569458,
        "min": 2.2536585331,
        "var": 239.307785034
    },
    "hfc": {
        "dmean": 7.29324626923,
        "dmean2": 10.4412555695,
        "dvar": 264.454956055,
        "dvar2": 558.02746582,
        "max": 184.754074097,
        "mean": 15.1414766312,
        "median": 12.0405311584,
        "min": 0.0841101706028,
        "var": 346.20123291
    },
    "melbands_crest": {
        "dmean": 3.50216770172,
        "dmean2": 5.28630638123,
        "dvar": 13.6461048126,
        "dvar2": 29.2567996979,
        "max": 36.7159538269,
        "mean": 15.9035053253,
        "median": 14.8849840164,
        "min": 3.2156662941,
        "var": 50.3413696289
    },
    "melbands_flatness_db": {
        "dmean": 0.032382812351,
        "dmean2": 0.0440440475941,
        "dvar": 0.00138017826248,
        "dvar2": 0.00250264443457,
        "max": 0.649214446545,
        "mean": 0.224257960916,
        "median": 0.208262428641,
        "min": 0.0538646429777,
        "var": 0.00840754341334
    },
    "melbands_kurtosis": {
        "dmean": 8.01511383057,
        "dmean2": 11.752196312,
        "dvar": 400.548156738,
        "dvar2": 820.614074707,
        "max": 442.989044189,
        "mean": 11.987364769,
        "median": 2.89380025864,
        "min": -1.72093546391,
        "var": 944.7890625
    },
    "melbands_skewness": {
        "dmean": 0.822204887867,
        "dmean2": 1.1664301157,
        "dvar": 1.10943353176,
        "dvar2": 2.23385858536,
        "max": 17.4752407074,
        "mean": 2.02290773392,
        "median": 1.47242414951,
        "min": -2.34373688698,
        "var": 4.41463136673
    },
    "melbands_spread": {
        "dmean": 7.4877538681,
        "dmean2": 10.6006669998,
        "dvar": 113.827171326,
        "dvar2": 215.07723999,
        "max": 180.234054565,
        "mean": 26.3518047333,
        "median": 23.2500114441,
        "min": 0.343845903873,
        "var": 365.366577148
    },
    "pitch_salience": {
        "dmean": 0.0779990404844,
        "dmean2": 0.114846602082,
        "dvar": 0.0066483411938,
        "dvar2": 0.0128613803536,
        "max": 0.834567368031,
        "mean": 0.526982367039,
        "median": 0.554905831814,
        "min": 0.0479110144079,
        "var": 0.0296477172524
    },
    "silence_rate_20dB": {
        "dmean": 0,
        "dmean2": 0,
        "dvar": 0,
        "dvar2": 0,
        "max": 1,
        "mean": 1,
        "median": 1,
        "min": 1,
        "var": 0
    },
    "silence_rate_30dB": {
        "dmean": 0,
        "dmean2": 0,
        "dvar": 0,
        "dvar2": 0,
        "max": 1,
        "mean": 1,
        "median": 1,
        "min": 1,
        "var": 0
    },
    "silence_rate_60dB": {
        "dmean": 0.0650154799223,
        "dmean2": 0.130131676793,
        "dvar": 0.0607881806791,
        "dvar2": 0.119395367801,
        "max": 1,
        "mean": 0.161639600992,
        "median": 0,
        "min": 0,
        "var": 0.135512828827
    },
    "spectral_centroid": {
        "dmean": 270.513000488,
        "dmean2": 372.116699219,
        "dvar": 116659.304688,
        "dvar2": 220290.125,
        "max": 5229.24072266,
        "mean": 1541.05627441,
        "median": 1448.81274414,
        "min": 110.230834961,
        "var": 522802.5
    },
    "spectral_complexity": {
        "dmean": 3.76857590675,
        "dmean2": 5.10302114487,
        "dvar": 37.4905319214,
        "dvar2": 57.8397445679,
        "max": 58,
        "mean": 13.70997715,
        "median": 13,
        "min": 0,
        "var": 94.3980712891
    },
    "spectral_decrease": {
        "dmean": 2.75766254276e-09,
        "dmean2": 4.18480672337e-09,
        "dvar": 2.1704484737e-17,
        "dvar2": 5.29409091622e-17,
        "max": -1.98862818573e-11,
        "mean": -5.26337773366e-09,
        "median": -2.86863910404e-09,
        "min": -3.20645590079e-08,
        "var": 4.16885429877e-17
    },
    "spectral_energy": {
        "dmean": 0.0110251624137,
        "dmean2": 0.0166623834521,
        "dvar": 0.000329076923663,
        "dvar2": 0.000797042448539,
        "max": 0.121940337121,
        "mean": 0.0212385710329,
        "median": 0.0120746018365,
        "min": 8.57978739077e-05,
        "var": 0.000627201749012
    },
    "spectral_energyband_high": {
        "dmean": 0.000233668266446,
        "dmean2": 0.000361931946827,
        "dvar": 3.77454114187e-07,
        "dvar2": 7.86442399203e-07,
        "max": 0.0132513297722,
        "mean": 0.000436254427768,
        "median": 0.000171658961335,
        "min": 5.05209669655e-08,
        "var": 8.09486266462e-07
    },
    "spectral_energyband_low": {
        "dmean": 0.00650997553021,
        "dmean2": 0.00951948948205,
        "dvar": 0.000234242077568,
        "dvar2": 0.000515014631674,
        "max": 0.120511613786,
        "mean": 0.00979139190167,
        "median": 0.000602663552854,
        "min": 2.77349743172e-09,
        "var": 0.00045095893438
    },
    "spectral_energyband_middle_high": {
        "dmean": 0.00290644983761,
        "dmean2": 0.00403995858505,
        "dvar": 4.65559023723e-05,
        "dvar2": 8.87272180989e-05,
        "max": 0.0840210989118,
        "mean": 0.00535486079752,
        "median": 0.00344721111469,
        "min": 2.36092528212e-05,
        "var": 6.77997595631e-05
    },
    "spectral_energyband_middle_low": {
        "dmean": 0.00475021218881,
        "dmean2": 0.00813769735396,
        "dvar": 0.000150940337335,
        "dvar2": 0.000411676766817,
        "max": 0.0769424661994,
        "mean": 0.00668498268351,
        "median": 0.00427087256685,
        "min": 2.37037747866e-05,
        "var": 0.000108986183477
    },
    "spectral_entropy": {
        "dmean": 0.215612977743,
        "dmean2": 0.319393277168,
        "dvar": 0.0567779950798,
        "dvar2": 0.120955169201,
        "max": 8.47232532501,
        "mean": 7.14054632187,
        "median": 7.11631059647,
        "min": 5.06356477737,
        "var": 0.179827049375
    },
    "spectral_flux": {
        "dmean": 0.0349634811282,
        "dmean2": 0.0549088455737,
        "dvar": 0.00235114106908,
        "dvar2": 0.00482388492674,
        "max": 0.341504067183,
        "mean": 0.071745313704,
        "median": 0.0433590114117,
        "min": 0.00217821355909,
        "var": 0.00481040310115
    },
    "spectral_kurtosis": {
        "dmean": 3.68392395973,
        "dmean2": 6.29676628113,
        "dvar": 33.6848716736,
        "dvar2": 95.491859436,
        "max": 55.0083084106,
        "mean": 6.7160987854,
        "median": 4.33279800415,
        "min": -0.467985630035,
        "var": 56.5835647583
    },
    "spectral_rms": {
        "dmean": 0.000996398739517,
        "dmean2": 0.00139468710404,
        "dvar": 1.96786709239e-06,
        "dvar2": 4.07106472267e-06,
        "max": 0.0109071619809,
        "mean": 0.00389911560342,
        "median": 0.00343221495859,
        "min": 0.000289318588329,
        "var": 5.51745461053e-06
    },
    "spectral_rolloff": {
        "dmean": 431.096954346,
        "dmean2": 686.478271484,
        "dvar": 656230.875,
        "dvar2": 1301007.375,
        "max": 11434.1308594,
        "mean": 1653.92248535,
        "median": 1464.2578125,
        "min": 64.599609375,
        "var": 1727655.75
    },
    "spectral_skewness": {
        "dmean": 0.379779934883,
        "dmean2": 0.624390423298,
        "dvar": 0.209004759789,
        "dvar2": 0.576420247555,
        "max": 4.81370449066,
        "mean": 1.61638045311,
        "median": 1.50625503063,
        "min": 0.24184627831,
        "var": 0.476609051228
    },
    "spectral_spread": {
        "dmean": 482089.65625,
        "dmean2": 713633.4375,
        "dvar": 637626941440,
        "dvar2": 1.03375116698e+12,
        "max": 21399144,
        "mean": 3518925.75,
        "median": 3513914.75,
        "min": 909868,
        "var": 1.75698817843e+12
    },
    "spectral_strongpeak": {
        "dmean": 0.522627770901,
        "dmean2": 0.851614773273,
        "dvar": 0.707545816898,
        "dvar2": 1.65402209759,
        "max": 8.43140220642,
        "mean": 1.14240002632,
        "median": 0.718126535416,
        "min": 0,
        "var": 1.43463265896
    },
    "zerocrossingrate": {
        "dmean": 0.0102739362046,
        "dmean2": 0.010672217235,
        "dvar": 0.000169196369825,
        "dvar2": 0.000166507976246,
        "max": 0.349609375,
        "mean": 0.0570295900106,
        "median": 0.05224609375,
        "min": 0.00341796875,
        "var": 0.0012750478927
    },
    "barkbands": {
        "dmean": [0.000200156253413, 0.00594345107675, 0.00118630507495, 0.00272402260453, 0.00104342843406, 0.000269394746283, 0.000439400406322, 0.000550002208911, 0.000468816317152, 0.00020067737205, 0.000237035856117, 0.000602997723036, 0.000418333598645, 0.000585889734793, 0.000445903599029, 0.000442175776698, 0.000298155442579, 0.000238369219005, 0.000197946472326, 0.000197343833861, 7.10729145794e-05, 6.01907377131e-05, 2.20069232455e-05, 1.01869927676e-05, 6.64190702082e-06, 1.49387904003e-06, 4.01818089912e-09],
        "dmean2": [0.000319628336001, 0.00859814044088, 0.00176589307375, 0.00511296419427, 0.00184886483476, 0.000411786983022, 0.000746267440263, 0.000821920810267, 0.000650100235362, 0.000306810048642, 0.000317917758366, 0.000951662601437, 0.000605841632932, 0.000837958010379, 0.000709332409315, 0.000631156901363, 0.000441504846094, 0.00037915474968, 0.00033224033541, 0.000314275443088, 0.000111705790914, 8.6733023636e-05, 3.41845188814e-05, 1.608455932e-05, 9.63730781223e-06, 2.18689660869e-06, 6.77924827386e-09],
        "dvar": [2.4192573278e-07, 0.000237486863625, 1.55299167091e-05, 0.000104961902252, 7.65507866163e-06, 3.00717317714e-07, 1.83157806077e-06, 1.41888358485e-06, 1.30037892632e-06, 2.66522562242e-07, 3.54014559889e-07, 4.55166809843e-06, 9.20721390685e-07, 1.52188670199e-06, 1.81198174687e-06, 2.85828264168e-06, 8.90137698661e-07, 5.34459275059e-07, 4.503322657e-07, 1.98411314045e-07, 3.73544501997e-08, 7.67899521747e-08, 4.74255212879e-09, 3.79138387352e-10, 4.42918202115e-10, 3.49249414111e-11, 6.74334099556e-16],
        "dvar2": [5.05337709455e-07, 0.000533642771188, 3.65481355402e-05, 0.000297494174447, 2.10838370549e-05, 5.70478789541e-07, 4.29419651482e-06, 3.24193615597e-06, 2.53021676144e-06, 6.21479898655e-07, 5.02250884438e-07, 1.22303717944e-05, 1.89811783002e-06, 3.2961324905e-06, 3.983890565e-06, 4.73199679618e-06, 1.91789877135e-06, 1.34524850637e-06, 1.17732872695e-06, 5.00856572216e-07, 8.60371329736e-08, 1.39932012644e-07, 8.69853966634e-09, 8.42743597129e-10, 6.2382576882e-10, 5.16153821073e-11, 1.07058929423e-15],
        "max": [0.00663735764101, 0.111826434731, 0.0316520147026, 0.0627309009433, 0.0193272717297, 0.0114888120443, 0.0215939749032, 0.0210447143763, 0.0135971140116, 0.00836103316396, 0.0130719225854, 0.0388618595898, 0.0206278413534, 0.0195520743728, 0.020784964785, 0.0372356213629, 0.0200315434486, 0.00605933554471, 0.00466324435547, 0.00407960498706, 0.00363057339564, 0.00877052359283, 0.00219653337263, 0.000286858616164, 0.000654555682559, 0.000169166334672, 7.63298146467e-07],
        "mean": [0.000311434268951, 0.00749505124986, 0.00104909832589, 0.00166243815329, 0.000901821709704, 0.000744513934478, 0.00063074415084, 0.00160895066801, 0.000929981528316, 0.000385936262319, 0.000461699237349, 0.000767756137066, 0.000705846527126, 0.00106637261342, 0.000577327271458, 0.000501019821968, 0.00031591008883, 0.00023979114485, 0.000191298182472, 0.000406928942539, 9.61568512139e-05, 0.000115225069749, 4.02470177505e-05, 1.89860911632e-05, 1.15630955406e-05, 2.49662343776e-06, 2.9133351287e-09],
        "median": [7.10519743734e-05, 0.000265334616415, 1.66690952028e-05, 5.17808693985e-05, 0.000249404605711, 0.000408703403082, 0.000137917886605, 0.000494956329931, 0.000187916855793, 0.000130825690576, 0.000166806741618, 0.000238557768171, 0.000257448526099, 0.000336968136253, 0.000111748879135, 4.73964573757e-05, 5.10008940182e-05, 4.10144566558e-05, 3.52034840034e-05, 7.45710276533e-05, 3.44507679984e-05, 2.93741850328e-05, 1.1311803064e-05, 7.5935940913e-06, 3.22038908962e-06, 4.68415862542e-07, 2.31091742964e-10],
        "min": [1.13532950402e-11, 1.04880167051e-11, 3.26349780533e-10, 1.00868557951e-09, 1.30504915319e-07, 2.01324519367e-06, 4.50283010878e-08, 2.41559376946e-07, 7.93315393821e-07, 2.03891119099e-07, 3.53699306288e-07, 2.21221498009e-07, 4.27025327099e-07, 9.25649317196e-07, 1.92261538245e-07, 3.48510411641e-08, 4.3811009931e-08, 7.48705417664e-08, 3.00834770428e-08, 3.9971819632e-08, 4.46168790802e-09, 1.57963686576e-08, 1.45056877621e-09, 2.16753670568e-10, 3.23007766367e-12, 3.03064084245e-12, 4.38846571929e-12],
        "var": [4.49969064675e-07, 0.000336683093337, 1.49046763909e-05, 6.05990353506e-05, 5.42677207704e-06, 1.31897240863e-06, 2.2909002837e-06, 4.94909727422e-06, 3.49004449163e-06, 5.52562028133e-07, 1.11395638669e-06, 4.05632454203e-06, 1.57267913892e-06, 2.90465072794e-06, 2.4835928798e-06, 4.18587569584e-06, 9.99888243314e-07, 4.87073634758e-07, 3.38708588288e-07, 4.28840337463e-07, 4.82563073945e-08, 1.838424879e-07, 1.48788297238e-08, 1.114272008e-09, 1.21993259938e-09, 9.06650032828e-11, 5.95876984602e-16]
    },
    "erbbands": {
        "dmean": [0.14562381804, 1.44550478458, 1.38579285145, 6.30860567093, 5.49319267273, 3.48944592476, 2.03953909874, 2.57777118683, 3.12696027756, 10.5605545044, 13.2688751221, 11.1285572052, 8.23897647858, 6.32126331329, 11.104352951, 25.4115657806, 17.3712863922, 30.3591022491, 19.3933792114, 26.9030418396, 21.5327701569, 17.8881435394, 13.5123252869, 9.07247257233, 10.7437238693, 10.0946321487, 4.79137086868, 2.02422595024, 2.24732351303, 1.49521768093, 0.54549485445, 0.216644570231, 0.188129618764, 0.0980048552155, 0.0346591621637, 0.00990745052695, 0.00236517679878, 0.000161868956639, 8.94934782991e-06, 1.30323178382e-05],
        "dmean2": [0.224768936634, 2.01329398155, 1.960973382, 11.6575012207, 10.0941905975, 6.14881801605, 3.27759289742, 3.92266130447, 5.0471162796, 17.4867515564, 19.5718250275, 15.3841161728, 12.0012512207, 9.86403179169, 15.5790586472, 39.1242332458, 24.8851394653, 44.0222549438, 28.5662460327, 42.3842086792, 30.2690734863, 26.8616676331, 21.7377090454, 14.5390987396, 17.7343940735, 15.9707889557, 7.99398708344, 2.84806728363, 3.42626714706, 2.19364142418, 0.854368627071, 0.331140339375, 0.29513502121, 0.145106777549, 0.0515155084431, 0.014379455708, 0.0036041054409, 0.000248614611337, 1.33165503939e-05, 1.95597804122e-05],
        "dvar": [0.128756582737, 15.4312372208, 15.244638443, 554.387268066, 379.475494385, 67.3802337646, 17.2245597839, 28.3563537598, 77.7839279175, 932.766906738, 687.925598145, 785.423828125, 420.393035889, 284.347442627, 817.446105957, 7084.58837891, 1488.66833496, 4321.69140625, 2899.02661133, 7742.22363281, 8162.73583984, 3530.31958008, 1825.56176758, 787.096374512, 1186.08752441, 501.845581055, 193.040893555, 53.0622596741, 130.621795654, 30.3652381897, 3.30309534073, 0.203518614173, 0.134191125631, 0.0522540025413, 0.0352296978235, 0.00235348357819, 5.85874804528e-05, 2.85090948182e-07, 2.03394440179e-10, 4.23234280955e-10],
        "dvar2": [0.32115572691, 32.9052505493, 25.8326206207, 1564.28234863, 1059.70239258, 180.894866943, 38.8065681458, 56.3813247681, 177.217666626, 2317.45800781, 1485.10693359, 1521.11682129, 846.089538574, 698.981933594, 1370.38037109, 18174.5996094, 2797.7409668, 9584.265625, 4840.09423828, 18427.1855469, 14331.1386719, 7874.42919922, 4641.5546875, 1968.3359375, 3098.57421875, 1249.89160156, 511.633270264, 83.9883804321, 292.688079834, 47.221206665, 7.06281089783, 0.445192426443, 0.301851809025, 0.093103684485, 0.0471671670675, 0.00293866777793, 0.000113921894808, 5.87813985931e-07, 4.21531060057e-10, 1.01422570342e-09],
        "max": [4.28834199905, 29.1727180481, 29.2750835419, 153.063476562, 122.916091919, 59.6840820312, 78.6881561279, 103.071731567, 175.210891724, 503.110717773, 359.100372314, 390.757019043, 381.619842529, 354.82510376, 625.792541504, 1461.45019531, 815.392822266, 1093.52429199, 1035.18310547, 1600.62890625, 2156.11645508, 1238.63964844, 399.479217529, 211.34538269, 244.050354004, 234.727844238, 109.798065186, 264.026489258, 354.635437012, 187.439346313, 56.3512268066, 9.18254852295, 7.11503458023, 4.38812732697, 6.47820806503, 1.62969946861, 0.17583027482, 0.0192919112742, 0.000325051049003, 0.000133340901812],
        "mean": [0.215379819274, 1.62432098389, 1.65417683125, 3.91907858849, 3.75490283966, 3.26489925385, 3.77744197845, 6.60997676849, 5.04888725281, 17.5679950714, 41.2631454468, 24.267829895, 18.3032341003, 11.9496669769, 20.0564022064, 35.0267028809, 33.2074012756, 57.2026977539, 31.235786438, 32.0592460632, 24.4746646881, 18.1456680298, 13.5581130981, 9.70057582855, 12.7889852524, 21.2924633026, 6.26842975616, 3.27458143234, 3.85378265381, 3.05748653412, 0.983899474144, 0.343159675598, 0.360828071833, 0.185168430209, 0.0525605492294, 0.0150647023693, 0.00410506734625, 0.000307396723656, 1.86360739463e-05, 2.56783678196e-05],
        "median": [0.016348162666, 0.0241901967674, 0.0310282725841, 0.108206748962, 0.422333627939, 0.828623533249, 1.5220386982, 3.39509391785, 2.3985145092, 7.53980350494, 13.9824857712, 9.78695964813, 6.72410106659, 6.19255828857, 8.03814220428, 11.2752971649, 13.3144664764, 18.7849636078, 9.11413574219, 4.98699092865, 3.19439053535, 2.87318062782, 2.51420783997, 1.83591508865, 2.94749975204, 4.03508138657, 1.95696699619, 1.24334812164, 0.934880316257, 0.910129129887, 0.305170238018, 0.107022888958, 0.148193731904, 0.0593019016087, 0.0119471214712, 0.00276977592148, 0.000825470895506, 5.55688602617e-05, 1.09760603664e-05, 1.55356465257e-05],
        "min": [1.59333151117e-08, 7.6667852511e-08, 1.70970508862e-06, 1.90170067071e-05, 0.000388026383007, 0.000491995713674, 0.000575068697799, 0.0201835148036, 0.0100663304329, 0.00704668695107, 0.0301733482629, 0.029228573665, 0.0173974912614, 0.0083625856787, 0.0154689876363, 0.0409737341106, 0.0705512687564, 0.0937367379665, 0.0321347117424, 0.0131753897294, 0.00490498822182, 0.00310107599944, 0.00382611178793, 0.00299847428687, 0.00523851206526, 0.00224450766109, 0.000788678880781, 0.000287994917016, 0.000631235598121, 0.00020571204368, 6.27315239399e-05, 2.08217916224e-05, 8.37737570691e-06, 8.4396992861e-07, 4.02886456641e-07, 2.64501977654e-07, 7.26423579067e-08, 1.94057836467e-08, 5.20885130584e-08, 1.12174163291e-07],
        "var": [0.211610987782, 20.2671318054, 24.3549995422, 328.12121582, 229.474761963, 56.5955886841, 46.841796875, 101.370277405, 119.383255005, 1091.46533203, 3187.69750977, 2103.57788086, 1161.09228516, 425.081054688, 1787.94262695, 7337.36132812, 3004.25610352, 8571.27734375, 4922.08642578, 9008.23535156, 10835.8632812, 3677.48461914, 1615.64160156, 687.868103027, 939.343566895, 1231.51013184, 169.802825928, 109.651245117, 245.330917358, 96.6318206787, 8.24809074402, 0.452240049839, 0.463769227266, 0.159948214889, 0.0863019749522, 0.00533091882244, 0.000211851525819, 1.94194649339e-06, 7.65227603505e-10, 7.91007981338e-10]
    },
    "gfcc": {
        "mean": [-72.7293014526, 103.913986206, -159.655303955, 18.466299057, -69.3634033203, 9.0590839386, -29.0163955688, -0.853921890259, -15.639922142, 7.39535808563, -5.42015600204, -10.0723342896, -4.95392084122],
        "cov": [[6841.62011719, -1082.62341309, 165.193847656, 685.093139648, -233.484710693, 392.925079346, -53.6805763245, 372.915100098, -64.3274078369, 328.331481934, -146.913833618, 19.1064987183, -213.099914551], [-1082.62341309, 2807.42407227, 570.129821777, 196.878601074, 1465.2689209, 247.311843872, 733.021362305, 24.6096572876, 581.888061523, 44.8184127808, 578.035949707, -14.9544038773, 188.786636353], [165.193847656, 570.129821777, 1265.11938477, 507.966583252, 184.770187378, 335.371551514, 252.244720459, 142.813171387, 87.3987121582, 144.183258057, 103.557701111, -32.4663658142, -45.652469635], [685.093139648, 196.878601074, 507.966583252, 729.198547363, 226.972564697, 182.682052612, 183.019378662, 116.128952026, 193.359115601, 151.569854736, 85.7608947754, -55.2535476685, 47.541519165], [-233.484710693, 1465.2689209, 184.770187378, 226.972564697, 1293.61560059, 226.06187439, 410.360351562, 133.871536255, 464.37878418, 69.6579666138, 336.821502686, 74.0845108032, 125.305618286], [392.925079346, 247.311843872, 335.371551514, 182.682052612, 226.06187439, 428.774383545, 276.427947998, 180.106491089, 138.546890259, 140.721191406, 122.902511597, -6.15013837814, 25.0030918121], [-53.6805763245, 733.021362305, 252.244720459, 183.019378662, 410.360351562, 276.427947998, 559.407409668, 153.281433105, 236.522125244, 116.90322876, 231.615707397, -19.9880161285, 58.1167221069], [372.915100098, 24.6096572876, 142.813171387, 116.128952026, 133.871536255, 180.106491089, 153.281433105, 248.876083374, 115.300865173, 80.5937194824, 57.6824684143, 29.1605892181, 19.109664917], [-64.3274078369, 581.888061523, 87.3987121582, 193.359115601, 464.37878418, 138.546890259, 236.522125244, 115.300865173, 322.985107422, 89.6446151733, 164.873428345, 8.81173801422, 86.5027389526], [328.331481934, 44.8184127808, 144.183258057, 151.569854736, 69.6579666138, 140.721191406, 116.90322876, 80.5937194824, 89.6446151733, 243.537704468, 96.1441116333, -3.99017286301, 33.7161026001], [-146.913833618, 578.035949707, 103.557701111, 85.7608947754, 336.821502686, 122.902511597, 231.615707397, 57.6824684143, 164.873428345, 96.1441116333, 259.586669922, 45.2393302917, 77.5466308594], [19.1064987183, -14.9544038773, -32.4663658142, -55.2535476685, 74.0845108032, -6.15013837814, -19.9880161285, 29.1605892181, 8.81173801422, -3.99017286301, 45.2393302917, 181.145248413, 42.8644104004], [-213.099914551, 188.786636353, -45.652469635, 47.541519165, 125.305618286, 25.0030918121, 58.1167221069, 19.109664917, 86.5027389526, 33.7161026001, 77.5466308594, 42.8644104004, 139.870880127]],
        "icov": [[0.000243500559009, -0.000133319772431, 0.000284012494376, -0.000433992274338, 6.36858967482e-05, -0.000276400096482, 0.000157408576342, -0.000355922180461, 0.000324999622535, -0.000319518236211, 0.000235718733165, -0.000303848471958, 0.000605174165685], [-0.000133319772431, 0.00277022924274, -0.0016885130899, 0.00157173187472, -0.00192843342666, 0.00118075800128, -0.00136568199378, 0.00194931705482, -0.00152474315837, 0.00150046986528, -0.00278978073038, 0.00198792619631, -0.00169105699752], [0.000284012494376, -0.0016885130899, 0.00261985673569, -0.00221994891763, 0.00106158375274, -0.00167115963995, 0.000755566637963, -0.00137188681401, 0.00180054572411, -0.00109185779002, 0.00148941541556, -0.00160529930145, 0.00235841469839], [-0.000433992274338, 0.00157173187472, -0.00221994891763, 0.00394399976358, -0.00101569644175, 0.00123475841247, -0.000816527171992, 0.00131442700513, -0.0025205288548, 0.000473784166388, -0.00117964821402, 0.00217102677561, -0.00256553618237], [6.36858967482e-05, -0.00192843342666, 0.00106158375274, -0.00101569644175, 0.00331381591968, -0.00105770886876, 0.000842233013827, -0.000895049830433, -0.00151235365774, -0.000171555264387, 0.000800076697487, -0.00192643213086, 0.00150772731286], [-0.000276400096482, 0.00118075800128, -0.00167115963995, 0.00123475841247, -0.00105770886876, 0.00573167158291, -0.00198692805134, -0.00109021400567, -0.000474225060316, -0.000442984135589, -0.00120440218598, 0.0014462483814, -0.00145784509368], [0.000157408576342, -0.00136568199378, 0.000755566637963, -0.000816527171992, 0.000842233013827, -0.00198692805134, 0.00488868402317, -0.00183945067693, -0.000123565623653, -0.00038302919711, -0.00117506575771, 0.000190105492948, 0.00118991988711], [-0.000355922180461, 0.00194931705482, -0.00137188681401, 0.00131442700513, -0.000895049830433, -0.00109021400567, -0.00183945067693, 0.00861215405166, -0.00355020281859, 0.000747774494812, -0.000697355251759, -0.000310039584292, -0.000986434635706], [0.000324999622535, -0.00152474315837, 0.00180054572411, -0.0025205288548, -0.00151235365774, -0.000474225060316, -0.000123565623653, -0.00355020281859, 0.0110490322113, -0.00195955904201, 0.000725398771465, -2.25906296691e-05, -0.000782587274443], [-0.000319518236211, 0.00150046986528, -0.00109185779002, 0.000473784166388, -0.000171555264387, -0.000442984135589, -0.00038302919711, 0.000747774494812, -0.00195955904201, 0.00737361004576, -0.00391688104719, 0.00162056938279, -0.00163015245926], [0.000235718733165, -0.00278978073038, 0.00148941541556, -0.00117964821402, 0.000800076697487, -0.00120440218598, -0.00117506575771, -0.000697355251759, 0.000725398771465, -0.00391688104719, 0.0124343112111, -0.00393730029464, -9.79209580692e-05], [-0.000303848471958, 0.00198792619631, -0.00160529930145, 0.00217102677561, -0.00192643213086, 0.0014462483814, 0.000190105492948, -0.000310039584292, -2.25906296691e-05, 0.00162056938279, -0.00393730029464, 0.00894480664283, -0.00391225004569], [0.000605174165685, -0.00169105699752, 0.00235841469839, -0.00256553618237, 0.00150772731286, -0.00145784509368, 0.00118991988711, -0.000986434635706, -0.000782587274443, -0.00163015245926, -9.79209580692e-05, -0.00391225004569, 0.01267609559]]
    },
    "melbands": {
        "dmean": [0.00147806899622, 0.00121751939878, 0.00107014644891, 0.000292279262794, 9.10132512217e-05, 5.51730372536e-05, 6.02983782301e-05, 0.000113455076644, 0.000106119608972, 6.65640545776e-05, 4.11490436818e-05, 2.48829728662e-05, 3.47214263456e-05, 7.66024313634e-05, 4.35923248006e-05, 4.07566985814e-05, 6.19911515969e-05, 3.04119112116e-05, 3.62937898899e-05, 3.35209624609e-05, 2.41614670813e-05, 1.82473577297e-05, 1.23376685224e-05, 1.48654062286e-05, 5.83839937462e-06, 9.77410581982e-06, 6.54444420434e-06, 6.81174151396e-06, 3.9670840124e-06, 1.36583321364e-06, 1.15681780244e-06, 1.27645637349e-06, 1.35555364977e-06, 6.97235748248e-07, 3.86629920968e-07, 1.83232714335e-07, 1.22954773474e-07, 1.41170019674e-07, 1.27190560306e-07, 7.50901989477e-08],
        "dmean2": [0.00219436665066, 0.0014926987933, 0.00197116006166, 0.000519420893397, 0.000149180123117, 8.34835373098e-05, 9.93754511001e-05, 0.000184931850526, 0.00015437672846, 9.21512546483e-05, 6.04272499913e-05, 3.94707421947e-05, 4.65485099994e-05, 0.000122742698295, 6.41213628114e-05, 5.69624826312e-05, 9.06766290427e-05, 4.43219541921e-05, 5.80585183343e-05, 4.96924913023e-05, 3.49220172211e-05, 2.70392138191e-05, 1.8923310563e-05, 2.48885862675e-05, 9.30387250264e-06, 1.67301441252e-05, 1.0156267308e-05, 1.06551869976e-05, 6.762596513e-06, 2.10315238292e-06, 1.63100423833e-06, 2.00548765861e-06, 1.99995270123e-06, 1.00849354112e-06, 6.10601944118e-07, 2.93973926091e-07, 1.89672476836e-07, 2.21887418661e-07, 1.93060898823e-07, 1.13542981239e-07],
        "dvar": [1.37756251206e-05, 9.54294864641e-06, 1.56043643074e-05, 7.02854720203e-07, 3.68505901349e-08, 1.29321948705e-08, 2.92607307273e-08, 9.22604357356e-08, 3.80955995638e-08, 2.73453188981e-08, 1.06550004375e-08, 4.68303662515e-09, 7.78284814373e-09, 8.43373797466e-08, 1.28289112666e-08, 7.74139330417e-09, 1.89976674392e-08, 6.43973629977e-09, 1.27040813425e-08, 1.43491796223e-08, 1.12657279061e-08, 3.66629149262e-09, 1.36993694166e-09, 2.42704811804e-09, 2.86530882354e-10, 1.26284804836e-09, 2.20753304525e-10, 2.19365400844e-10, 1.43708406286e-10, 9.78292013371e-12, 2.77993791181e-11, 4.8418456744e-11, 2.75518080572e-11, 6.07338268219e-12, 1.81672689045e-12, 2.22527616993e-13, 6.19112644181e-14, 7.67543513014e-14, 7.83586181509e-14, 4.49897247007e-14],
        "dvar2": [3.20799117617e-05, 1.83679931069e-05, 4.37719427282e-05, 1.93713140106e-06, 8.9576971618e-08, 2.52738523443e-08, 6.60480665715e-08, 2.28774823086e-07, 8.18111089984e-08, 5.3901334951e-08, 2.15302566886e-08, 1.19335679116e-08, 1.13156879422e-08, 2.27448637702e-07, 2.5434417239e-08, 1.51995536157e-08, 4.44277254985e-08, 1.01729513702e-08, 2.83682872748e-08, 2.92701738402e-08, 2.17241584721e-08, 7.989313211e-09, 3.22044080292e-09, 6.48389608671e-09, 6.88979484575e-10, 3.38003358635e-09, 5.33381561141e-10, 5.38888933477e-10, 3.82412573829e-10, 2.10441091636e-11, 4.91625282151e-11, 1.10947181997e-10, 4.95917612531e-11, 1.02089421986e-11, 4.14855389624e-12, 5.30981562972e-13, 1.37565509656e-13, 1.78280377657e-13, 1.48230508271e-13, 8.4166099654e-14],
        "max": [0.0298402830958, 0.0247168894857, 0.0247649177909, 0.00560911279172, 0.00307497358881, 0.0022635080386, 0.00320172170177, 0.00465658120811, 0.00233349157497, 0.00219500320964, 0.00185852625873, 0.00140243512578, 0.00190064683557, 0.00563327176496, 0.00196436862461, 0.00173776282463, 0.00211083446629, 0.00163339753635, 0.00164292263798, 0.00211938656867, 0.00258176168427, 0.00131365144625, 0.000644477666356, 0.00038617910468, 0.000128455925733, 0.000252105965046, 0.000149293977302, 0.000206634882488, 0.000100485362054, 6.26762048341e-05, 0.00019640494429, 0.000212633109186, 0.000155515692313, 8.6500600446e-05, 4.32419074059e-05, 9.23510742723e-06, 4.47171578344e-06, 4.32084743807e-06, 9.03566615307e-06, 4.83578605781e-06],
        "mean": [0.0020527841989, 0.00138104858343, 0.000680726603605, 0.000229987635976, 0.000142275239341, 0.000146267819218, 9.14151023608e-05, 0.000213433842873, 0.000322467327351, 0.00013436426525, 8.74802353792e-05, 4.43021781393e-05, 6.7599445174e-05, 9.47731168708e-05, 7.19394374755e-05, 7.43702767068e-05, 0.000112559006084, 4.82681643916e-05, 4.53394495707e-05, 3.92262336391e-05, 2.57870760834e-05, 1.87604291568e-05, 1.26463410197e-05, 1.35234913614e-05, 6.57344253341e-06, 8.3918312157e-06, 1.27055682242e-05, 1.39815429065e-05, 4.27477016274e-06, 2.11214342016e-06, 1.70792202425e-06, 1.93223308997e-06, 2.71103726845e-06, 1.27579255604e-06, 6.50140805192e-07, 2.35166240259e-07, 1.89053821487e-07, 2.51693762721e-07, 2.45204574867e-07, 1.26861777971e-07],
        "median": [0.000105837003503, 2.19922294491e-05, 3.19767277688e-05, 4.83443654957e-05, 5.62634013477e-05, 7.73375359131e-05, 3.79113516829e-05, 0.000118863878015, 0.000119668329717, 3.63195904356e-05, 2.81470220216e-05, 2.16709213419e-05, 2.48967098742e-05, 2.82537021121e-05, 2.32290822169e-05, 2.83351073449e-05, 3.29921640514e-05, 1.3709644918e-05, 7.17609873391e-06, 4.41899237558e-06, 3.19872219734e-06, 2.76641344499e-06, 2.29053898693e-06, 1.65193887369e-06, 1.06081370177e-06, 1.14008673791e-06, 2.158069492e-06, 2.12436975744e-06, 1.03598324586e-06, 7.93060223714e-07, 5.28460873284e-07, 3.82822435085e-07, 6.57964619677e-07, 3.94966463091e-07, 1.82041887342e-07, 4.71195136242e-08, 5.21466638759e-08, 9.08781672138e-08, 9.03282568743e-08, 3.04145508778e-08],
        "min": [1.17589840642e-10, 1.33778724209e-10, 1.13499620813e-09, 4.85162443553e-09, 2.13620521272e-09, 4.68957807698e-07, 5.63231630224e-08, 5.21971621481e-08, 2.77380365787e-07, 1.80834717867e-07, 5.27331103228e-08, 2.32012293822e-08, 4.94189151823e-08, 3.31507443718e-08, 4.16320808938e-08, 6.41906581222e-08, 1.11400765945e-07, 4.06055917779e-08, 1.53896628774e-08, 9.86886661281e-09, 4.12736023137e-09, 2.83500822817e-09, 1.59830459978e-09, 2.7661970492e-09, 1.7314918388e-09, 8.50440773359e-10, 2.53654586224e-09, 5.91934945504e-10, 4.14798029258e-10, 2.77456252418e-11, 2.18678852804e-10, 2.6847171708e-10, 1.18990720055e-10, 8.38669828029e-11, 1.43318924437e-11, 4.02035436192e-12, 1.95498998934e-12, 1.03296962184e-13, 2.80793031377e-14, 3.90188607065e-14],
