{
"highlevel": {
    "danceability": {
        "all": {
            "danceable": 0.990906774998,
            "not_danceable": 0.00909322779626
        },
        "probability": 0.990906774998,
        "value": "danceable"
    },
    "gender": {
        "all": {
            "female": 0.92251509428,
            "male": 0.0774849131703
        },
        "probability": 0.92251509428,
        "value": "female"
    },
    "genre_dortmund": {
        "all": {
            "alternative": 0.000296955928206,
            "blues": 0.000250253302511,
            "electronic": 0.023016711697,
            "folkcountry": 8.72849341249e-05,
            "funksoulrnb": 0.000494732405059,
            "jazz": 0.00399657897651,
            "pop": 0.00144031981472,
            "raphiphop": 0.970194160938,
            "rock": 0.000223010370973
        },
        "probability": 0.970194160938,
        "value": "raphiphop"
    },
    "genre_electronic": {
        "all": {
            "ambient": 0.127193838358,
            "dnb": 0.0524880252779,
            "house": 0.781508088112,
            "techno": 0.0230021011084,
            "trance": 0.0158079825342
        },
        "probability": 0.781508088112,
        "value": "house"
    },
    "genre_rosamerica": {
        "all": {
            "cla": 0.0103292632848,
            "dan": 0.0198757331818,
            "hip": 0.263627320528,
            "jaz": 0.0135889565572,
            "pop": 0.0394048765302,
            "rhy": 0.640253484249,
            "roc": 0.00194260582794,
            "spe": 0.0109777431935
        },
        "probability": 0.640253484249,
        "value": "rhy"
    },
    "genre_tzanetakis": {
        "all": {
            "blu": 0.0514952465892,
            "cla": 0.137320995331,
            "cou": 0.0824368968606,
            "dis": 0.0824551060796,
            "hip": 0.103102110326,
            "jaz": 0.13752360642,
            "met": 0.103165835142,
            "pop": 0.137530893087,
            "reg": 0.0824931263924,
            "roc": 0.0824761912227
        },
        "probability": 0.137530893087,
        "value": "pop"
    },
    "ismir04_rhythm": {
        "all": {
            "ChaChaCha": 0.102569371462,
            "Jive": 0.0230074189603,
            "Quickstep": 0.122678458691,
            "Rumba-American": 0.021126691252,
            "Rumba-International": 0.311112314463,
            "Rumba-Misc": 0.0760559365153,
            "Samba": 0.244704261422,
            "Tango": 0.0351855233312,
            "VienneseWaltz": 0.0345898903906,
            "Waltz": 0.0289701186121
        },
        "probability": 0.311112314463,
        "value": "Rumba-International"
    },
    "mood_acoustic": {
        "all": {
            "acoustic": 0.0163678955287,
            "not_acoustic": 0.983632087708
        },
        "probability": 0.983632087708,
        "value": "not_acoustic"
    },
    "mood_aggressive": {
        "all": {
            "aggressive": 0.129704788327,
            "not_aggressive": 0.870295226574
        },
        "probability": 0.870295226574,
        "value": "not_aggressive"
    },
    "mood_electronic": {
        "all": {
            "electronic": 0.959285438061,
            "not_electronic": 0.0407145880163
        },
        "probability": 0.959285438061,
        "value": "electronic"
    },
    "mood_happy": {
        "all": {
            "happy": 0.0211796332151,
            "not_happy": 0.978820383549
        },
        "probability": 0.978820383549,
        "value": "not_happy"
    },
    "mood_party": {
        "all": {
            "not_party": 0.56268376112,
            "party": 0.43731623888
        },
        "probability": 0.56268376112,
        "value": "not_party"
    },
    "mood_relaxed": {
        "all": {
            "not_relaxed": 0.272765576839,
            "relaxed": 0.727234423161
        },
        "probability": 0.727234423161,
        "value": "relaxed"
    },
    "mood_sad": {
        "all": {
            "not_sad": 0.559149503708,
            "sad": 0.44085046649
        },
        "probability": 0.559149503708,
        "value": "not_sad"
    },
    "moods_mirex": {
        "all": {
            "Cluster1": 0.101935118437,
            "Cluster2": 0.383702248335,
            "Cluster3": 0.205222666264,
            "Cluster4": 0.150208160281,
            "Cluster5": 0.158931806684
        },
        "probability": 0.383702248335,
        "value": "Cluster2"
    },
    "timbre": {
        "all": {
            "bright": 0.0219827927649,
            "dark": 0.97801721096
        },
        "probability": 0.97801721096,
        "value": "dark"
    },
    "tonal_atonal": {
        "all": {
            "atonal": 0.992228925228,
            "tonal": 0.00777106685564
        },
        "probability": 0.992228925228,
        "value": "atonal"
    },
    "voice_instrumental": {
        "all": {
            "instrumental": 0.443248838186,
            "voice": 0.556751191616
        },
        "probability": 0.556751191616,
        "value": "voice"
    }
},
"lowlevel": {
    "average_loudness": 0.852738440037,
    "barkbands_crest": {
        "dmean": 2.61380171776,
        "dmean2": 4.04220151901,
        "dvar": 8.78112316132,
        "dvar2": 20.0376548767,
        "max": 26.3074512482,
        "mean": 15.5141897202,
        "median": 16.2411422729,
        "min": 2.4042289257,
        "var": 42.5207862854
    },
    "barkbands_flatness_db": {
        "dmean": 0.0364990606904,
        "dmean2": 0.0498008280993,
        "dvar": 0.00147213309538,
        "dvar2": 0.00256515154615,
        "max": 0.63723218441,
        "mean": 0.272471398115,
        "median": 0.276199817657,
        "min": 0.0452265925705,
        "var": 0.0141022661701
    },
    "barkbands_kurtosis": {
        "dmean": 21.9463481903,
        "dmean2": 34.0827102661,
        "dvar": 3347.37841797,
        "dvar2": 8976.78125,
        "max": 861.501098633,
        "mean": 43.1154670715,
        "median": 6.20679664612,
        "min": -1.7928352356,
        "var": 7383.41308594
    },
    "barkbands_skewness": {
        "dmean": 1.12275218964,
        "dmean2": 1.56972157955,
        "dvar": 2.26487493515,
        "dvar2": 4.94664430618,
        "max": 22.1671676636,
        "mean": 3.42000770569,
        "median": 2.17103910446,
        "min": -2.88271427155,
        "var": 13.4392080307
    },
    "barkbands_spread": {
        "dmean": 4.63329792023,
        "dmean2": 6.54918527603,
        "dvar": 73.4295654297,
        "dvar2": 127.459754944,
        "max": 91.994934082,
        "mean": 12.2459449768,
        "median": 6.99278640747,
        "min": 0.161506906152,
        "var": 237.316436768
    },
    "dissonance": {
        "dmean": 0.0253095775843,
        "dmean2": 0.0412127673626,
        "dvar": 0.000815504288767,
        "dvar2": 0.00213214266114,
        "max": 0.499999284744,
        "mean": 0.449542999268,
        "median": 0.465197384357,
        "min": 0.208717703819,
        "var": 0.00227040611207
    },
    "dynamic_complexity": 5.85652256012,
    "erbbands_crest": {
        "dmean": 3.23300433159,
        "dmean2": 5.16226673126,
        "dvar": 10.5002717972,
        "dvar2": 25.2774581909,
        "max": 31.3775558472,
        "mean": 11.3149433136,
        "median": 9.93354988098,
        "min": 2.44521784782,
        "var": 39.3161087036
    },
    "erbbands_flatness_db": {
        "dmean": 0.0255846586078,
        "dmean2": 0.0353955551982,
        "dvar": 0.000773303676397,
        "dvar2": 0.00135778530966,
        "max": 0.463083714247,
        "mean": 0.223597928882,
        "median": 0.206386834383,
        "min": 0.0669496133924,
        "var": 0.00699836434796
    },
    "erbbands_kurtosis": {
        "dmean": 1.81779384613,
        "dmean2": 2.7492992878,
        "dvar": 10.9565229416,
        "dvar2": 19.8873500824,
        "max": 87.7127609253,
        "mean": 1.60861742496,
        "median": 0.34046459198,
        "min": -1.63513767719,
        "var": 24.0712871552
    },
    "erbbands_skewness": {
        "dmean": 0.510103106499,
        "dmean2": 0.737546682358,
        "dvar": 0.29575997591,
        "dvar2": 0.622848927975,
        "max": 8.62722206116,
        "mean": 0.698328495026,
        "median": 0.576579093933,
        "min": -2.32702279091,
        "var": 1.25189042091
    },
    "erbbands_spread": {
        "dmean": 8.07709789276,
        "dmean2": 12.4699335098,
        "dvar": 105.955528259,
        "dvar2": 230.940109253,
        "max": 107.685638428,
        "mean": 29.2706794739,
        "median": 27.9572582245,
        "min": 2.92440891266,
        "var": 242.427536011
    },
    "hfc": {
        "dmean": 10.6387195587,
        "dmean2": 13.4491033554,
        "dvar": 1150.09692383,
        "dvar2": 2155.18115234,
        "max": 405.845550537,
        "mean": 17.8456707001,
        "median": 7.04010105133,
        "min": 0.00707360403612,
        "var": 1974.50634766
    },
    "melbands_crest": {
        "dmean": 3.19024300575,
        "dmean2": 4.94605350494,
        "dvar": 13.9969358444,
        "dvar2": 32.7563705444,
        "max": 38.1924247742,
        "mean": 22.8401947021,
        "median": 23.4450702667,
        "min": 2.48072290421,
        "var": 92.9244842529
    },
    "melbands_flatness_db": {
        "dmean": 0.0407244600356,
        "dmean2": 0.0520832538605,
        "dvar": 0.00190079119056,
        "dvar2": 0.00315970066004,
        "max": 0.759955108166,
        "mean": 0.325681716204,
        "median": 0.329349845648,
        "min": 0.00944006815553,
        "var": 0.0261925496161
    },
    "melbands_kurtosis": {
        "dmean": 30.8020458221,
        "dmean2": 43.0131835938,
        "dvar": 9408.79785156,
        "dvar2": 15323.3798828,
        "max": 2447.50048828,
        "mean": 66.7800827026,
        "median": 12.8879537582,
        "min": -1.70950746536,
        "var": 26259.4550781
    },
    "melbands_skewness": {
        "dmean": 1.21036756039,
        "dmean2": 1.70196139812,
        "dvar": 2.95010495186,
        "dvar2": 5.23081541061,
        "max": 37.1327667236,
        "mean": 4.34916210175,
        "median": 3.04320120811,
        "min": -1.96105384827,
        "var": 16.8628559113
    },
    "melbands_spread": {
        "dmean": 7.423432827,
        "dmean2": 10.5503358841,
        "dvar": 217.884353638,
        "dvar2": 398.117034912,
        "max": 186.137710571,
        "mean": 18.6799888611,
        "median": 8.61784934998,
        "min": 0.0711349397898,
        "var": 736.385375977
    },
    "pitch_salience": {
        "dmean": 0.0792655348778,
        "dmean2": 0.124272249639,
        "dvar": 0.00872420333326,
        "dvar2": 0.020148165524,
        "max": 0.871996223927,
        "mean": 0.395233660936,
        "median": 0.378902822733,
        "min": 0.0109300324693,
        "var": 0.0429634302855
    },
    "silence_rate_20dB": {
        "dmean": 0,
        "dmean2": 0,
        "dvar": 0,
        "dvar2": 0,
        "max": 1,
        "mean": 1,
        "median": 1,
        "min": 1,
        "var": 0
    },
    "silence_rate_30dB": {
        "dmean": 0.0464396290481,
        "dmean2": 0.0929512009025,
        "dvar": 0.0442823320627,
        "dvar2": 0.0874079465866,
        "max": 1,
        "mean": 0.736272215843,
        "median": 1,
        "min": 0,
        "var": 0.194174021482
    },
    "silence_rate_60dB": {
        "dmean": 0.0479876175523,
        "dmean2": 0.095274977386,
        "dvar": 0.0456850677729,
        "dvar2": 0.0892967060208,
        "max": 1,
        "mean": 0.251353442669,
        "median": 0,
        "min": 0,
        "var": 0.188174024224
    },
    "spectral_centroid": {
        "dmean": 243.464614868,
        "dmean2": 340.777160645,
        "dvar": 166563.09375,
        "dvar2": 295004.53125,
        "max": 4753.89892578,
        "mean": 1061.09228516,
        "median": 706.542724609,
        "min": 72.6074447632,
        "var": 835072.8125
    },
    "spectral_complexity": {
        "dmean": 2.67879247665,
        "dmean2": 3.69790863991,
        "dvar": 21.0771751404,
        "dvar2": 28.5685939789,
        "max": 56,
        "mean": 9.84454727173,
        "median": 7,
        "min": 0,
        "var": 105.702957153
    },
    "spectral_decrease": {
        "dmean": 3.28603699806e-09,
        "dmean2": 4.42503145237e-09,
        "dvar": 3.86102366602e-17,
        "dvar2": 6.3824071542e-17,
        "max": -1.17727724271e-12,
        "mean": -1.46543852608e-08,
        "median": -4.63392524352e-09,
        "min": -5.67553897213e-08,
        "var": 3.07476665622e-16
    },
    "spectral_energy": {
        "dmean": 0.0127315167338,
        "dmean2": 0.0171871390194,
        "dvar": 0.000565530965105,
        "dvar2": 0.000926368753426,
        "max": 0.215476050973,
        "mean": 0.0569276027381,
        "median": 0.0191333666444,
        "min": 5.16059571964e-06,
        "var": 0.0044476473704
    },
    "spectral_energyband_high": {
        "dmean": 0.00100356945768,
        "dmean2": 0.00131807127036,
        "dvar": 1.57601880346e-05,
        "dvar2": 3.06438560074e-05,
        "max": 0.0432799383998,
        "mean": 0.00111931213178,
        "median": 1.31348251671e-05,
        "min": 1.58043054199e-08,
        "var": 2.29113902606e-05
    },
    "spectral_energyband_low": {
        "dmean": 0.0100885489956,
        "dmean2": 0.0134971700609,
        "dvar": 0.000561602704693,
        "dvar2": 0.000914080126677,
        "max": 0.210166856647,
        "mean": 0.0457846447825,
        "median": 0.00021116292919,
        "min": 8.29522264212e-08,
        "var": 0.00439217826352
    },
    "spectral_energyband_middle_high": {
        "dmean": 0.00129039410967,
        "dmean2": 0.00171967607457,
        "dvar": 8.3485392679e-06,
        "dvar2": 1.47265573105e-05,
        "max": 0.0515221469104,
        "mean": 0.0027745552361,
        "median": 0.000743917538784,
        "min": 7.6182709563e-07,
        "var": 3.27343659592e-05
    },
    "spectral_energyband_middle_low": {
        "dmean": 0.00534540228546,
        "dmean2": 0.00891732890159,
        "dvar": 0.000227427197387,
        "dvar2": 0.000626822351478,
        "max": 0.112636700273,
        "mean": 0.00769735919312,
        "median": 0.00326441624202,
        "min": 7.28085922219e-07,
        "var": 0.000187140176422
    },
    "spectral_entropy": {
        "dmean": 0.266126811504,
        "dmean2": 0.352915257215,
        "dvar": 0.0857381224632,
        "dvar2": 0.152987957001,
        "max": 8.62190246582,
        "mean": 7.03919029236,
        "median": 7.12636184692,
        "min": 4.3041009903,
        "var": 0.64016109705
    },
    "spectral_flux": {
        "dmean": 0.0301387272775,
        "dmean2": 0.0436934195459,
        "dvar": 0.00211679143831,
        "dvar2": 0.00343793537468,
        "max": 0.447143703699,
        "mean": 0.068818487227,
        "median": 0.0391697846353,
        "min": 0.00141720322426,
        "var": 0.0064110471867
    },
    "spectral_kurtosis": {
        "dmean": 5.27785873413,
        "dmean2": 8.77038860321,
        "dvar": 52.6004180908,
        "dvar2": 135.909851074,
        "max": 89.7616348267,
        "mean": 10.4967374802,
        "median": 6.59759807587,
        "min": -0.66438794136,
        "var": 135.283294678
    },
    "spectral_rms": {
        "dmean": 0.000898146128748,
        "dmean2": 0.00118826585822,
        "dvar": 2.09128006645e-06,
        "dvar2": 3.45105445376e-06,
        "max": 0.0144989835098,
        "mean": 0.00584822101519,
        "median": 0.00432049762458,
        "min": 7.09558153176e-05,
        "var": 2.13374587474e-05
    },
    "spectral_rolloff": {
        "dmean": 462.580596924,
        "dmean2": 704.808654785,
        "dvar": 1254625.875,
        "dvar2": 2352703.25,
        "max": 10422.0703125,
        "mean": 1322.2845459,
        "median": 581.396484375,
        "min": 43.06640625,
        "var": 3676696.25
    },
    "spectral_skewness": {
        "dmean": 0.490188091993,
        "dmean2": 0.793548345566,
        "dvar": 0.287274301052,
        "dvar2": 0.724437713623,
        "max": 7.67186117172,
        "mean": 2.07409954071,
        "median": 1.91910600662,
        "min": 0.170726597309,
        "var": 0.992715537548
    },
    "spectral_spread": {
        "dmean": 574754.5,
        "dmean2": 803928,
        "dvar": 606232379392,
        "dvar2": 973129580544,
        "max": 14684775,
        "mean": 3393704.25,
        "median": 3155577,
        "min": 918100.0625,
        "var": 2.37359071232e+12
    },
    "spectral_strongpeak": {
        "dmean": 0.375504881144,
        "dmean2": 0.595905542374,
        "dvar": 0.395618081093,
        "dvar2": 0.907833337784,
        "max": 7.18090677261,
        "mean": 0.919853627682,
        "median": 0.637210547924,
        "min": 0.00136975839268,
        "var": 0.882433652878
    },
    "zerocrossingrate": {
        "dmean": 0.0110838329419,
        "dmean2": 0.010829555802,
        "dvar": 0.000364656705642,
        "dvar2": 0.00029105914291,
        "max": 0.31591796875,
        "mean": 0.0450362972915,
        "median": 0.02783203125,
        "min": 0.00146484375,
        "var": 0.0028621412348
    },
    "barkbands": {
        "dmean": [0.00107669935096, 0.00855456385761, 0.00319511629641, 0.00121103075799, 0.000884612847585, 0.00245580682531, 0.00101895967964, 0.000172917047166, 0.000291173957521, 0.000266711082077, 0.000370277353795, 0.000326787499944, 0.000201823291718, 9.25343847484e-05, 6.86677303747e-05, 0.000164781667991, 0.000107799787656, 0.000122510216897, 0.000111278008262, 0.000196567649255, 0.000208504541661, 0.000187686484423, 0.000177957277629, 0.000136510672746, 0.000162348791491, 7.70189726609e-05, 3.52450655328e-07],
        "dmean2": [0.00136835873127, 0.0120569868013, 0.00554885761812, 0.00227460451424, 0.00154236750677, 0.00404146499932, 0.00141070119571, 0.000297249876894, 0.000478907400975, 0.000414861715399, 0.000614891643636, 0.000440776406322, 0.000311828538543, 0.000140848322189, 0.000107660322101, 0.000248368480243, 0.000161498974194, 0.000178346395842, 0.000169774677488, 0.000274514051853, 0.000298329076031, 0.000247826013947, 0.000265966140432, 0.000177398571395, 0.000223652255954, 9.90279659163e-05, 6.43302541903e-07],
        "dvar": [5.31157365913e-06, 0.000429119245382, 0.000221998023335, 4.17554474552e-05, 1.39781468533e-05, 7.59776521591e-05, 6.0547204157e-06, 2.72703459814e-07, 1.07061748622e-06, 2.14881174543e-06, 2.0502834559e-06, 7.56553788506e-07, 4.19306132926e-07, 5.4841375885e-08, 2.63923567445e-08, 2.50961903703e-07, 1.46155286984e-07, 1.77744212237e-07, 1.91870128674e-07, 6.18420756382e-07, 7.42599979731e-07, 5.32090609795e-07, 5.44989120499e-07, 2.96080912676e-07, 5.35855122052e-07, 1.12425908583e-07, 4.92636530527e-12],
        "dvar2": [7.65364893596e-06, 0.000763990508858, 0.000606140878517, 0.000123523306684, 3.99669188482e-05, 0.000202485724003, 9.98805899144e-06, 7.34643037958e-07, 2.89627746497e-06, 4.96821076013e-06, 4.62875823359e-06, 1.13979444905e-06, 9.956033864e-07, 1.02210883313e-07, 6.28547169867e-08, 6.11920881965e-07, 3.35678151941e-07, 3.63911880186e-07, 4.74768370395e-07, 1.25252176986e-06, 1.55005318447e-06, 9.92297486846e-07, 1.28404508359e-06, 6.14530222265e-07, 1.17353079077e-06, 2.15401911419e-07, 1.36137550885e-11],
        "max": [0.0421311929822, 0.196110084653, 0.147643953562, 0.0608650669456, 0.0385769493878, 0.0888215601444, 0.0398261584342, 0.00524489209056, 0.022154064849, 0.033813495189, 0.0399535670877, 0.0160855259746, 0.00955846719444, 0.00578896095976, 0.00311102718115, 0.00997332576662, 0.00465391622856, 0.00479644490406, 0.00437716953456, 0.00821551587433, 0.00940080732107, 0.00772578176111, 0.0078108725138, 0.00587486661971, 0.00956071075052, 0.0043055168353, 2.64281916316e-05],
        "mean": [0.00593103747815, 0.0364079289138, 0.00302656786516, 0.00109308259562, 0.00101518118754, 0.00299769919366, 0.00189949024934, 0.000215291278437, 0.00042532660882, 0.000320617371472, 0.000485371128889, 0.000602041603997, 0.000330418522935, 0.000160110401339, 0.000102833881101, 0.000254012207733, 0.000138321353006, 0.000164054858033, 0.000130026062834, 0.000213848034036, 0.00022328250634, 0.000206109310966, 0.000181646362762, 0.000157963120728, 0.000163170552696, 8.1847065303e-05, 2.21449241167e-07],
        "median": [2.21020145545e-05, 0.000111589462904, 1.44793139043e-05, 4.25167127105e-05, 0.000162743832334, 0.000469419755973, 0.000194688996999, 4.87609468109e-05, 0.000115535978694, 6.72844034852e-05, 3.17786434607e-05, 9.79375909083e-05, 4.45779842266e-05, 3.8952952309e-05, 2.56490420725e-05, 2.69797674264e-05, 1.6753867385e-05, 1.3767315977e-05, 7.9086075857e-06, 7.28651593818e-06, 4.22233188146e-06, 1.81813106792e-06, 1.11337988074e-06, 8.21984656341e-07, 1.91171650954e-07, 3.77028968046e-08, 2.84703399744e-10],
        "min": [1.18872148236e-10, 6.76930422827e-09, 7.24219906267e-10, 1.18747109923e-08, 7.77972388732e-08, 1.43126870356e-08, 2.05076773341e-08, 5.73025396022e-08, 4.53060131633e-08, 2.79396505931e-08, 4.39060237056e-08, 5.03779702399e-08, 6.28690131066e-08, 2.43619719953e-08, 5.55464794161e-08, 2.8708466715e-08, 3.17911172942e-08, 2.72268572132e-08, 5.92238791342e-08, 7.20291293277e-09, 5.36254418648e-09, 3.39142025574e-09, 2.66827293594e-09, 4.39825190157e-11, 5.01973809741e-12, 7.46493145076e-12, 6.7425375179e-12],
        "var": [0.000103388083517, 0.00315639725886, 0.000164248122019, 2.27776072279e-05, 9.61862861004e-06, 6.36832846794e-05, 2.45826886385e-05, 2.45689932399e-07, 1.25813926388e-06, 2.54417000178e-06, 5.29007093064e-06, 2.8272270356e-06, 9.2748609859e-07, 1.96294621446e-07, 4.89290137295e-08, 4.61777432292e-07, 1.85243067108e-07, 2.68215700316e-07, 2.28362452503e-07, 8.17719069346e-07, 9.36278354402e-07, 7.89314242411e-07, 6.36599736481e-07, 4.40869229124e-07, 6.28445491202e-07, 1.5803496467e-07, 3.07013702655e-12]
    },
    "erbbands": {
        "dmean": [0.371459901333, 1.57013785839, 3.2800579071, 3.93272829056, 3.49447536469, 2.58556079865, 12.4624271393, 18.8164691925, 19.0165882111, 5.47457742691, 4.02647209167, 5.89477968216, 6.06177711487, 15.637638092, 8.4004907608, 11.7413101196, 10.6612768173, 5.08080053329, 3.42049026489, 4.63956356049, 8.48682117462, 6.1691031456, 6.53687429428, 5.3489408493, 7.14064979553, 8.47561073303, 8.42073631287, 7.92919111252, 6.58213567734, 5.40728187561, 5.35940599442, 2.92737007141, 2.3185942173, 2.0305378437, 1.04943931103, 0.485379904509, 0.107283107936, 0.0105006014928, 0.00024787519942, 2.9916076528e-05],
        "dmean2": [0.492822706699, 2.24676251411, 5.32794427872, 7.06523895264, 6.43219423294, 4.40045166016, 21.4094715118, 29.8595027924, 26.4723091125, 8.86233520508, 6.83408975601, 9.48812770844, 9.80195236206, 24.4048042297, 13.4548425674, 16.5293598175, 15.5654697418, 7.97869586945, 4.94980144501, 6.74910211563, 12.5813627243, 9.29435062408, 9.5113286972, 7.47648620605, 10.2899713516, 11.9234933853, 12.1110372543, 11.1229286194, 8.52298355103, 7.5134396553, 7.99963474274, 4.06196165085, 2.99827361107, 2.94502210617, 1.39869844913, 0.632777571678, 0.139877021313, 0.0161373354495, 0.000364961015293, 4.1350540414e-05],
        "dvar": [0.652782917023, 22.4190368652, 231.136108398, 362.134155273, 323.950927734, 103.998100281, 3035.42504883, 3175.44189453, 1956.79040527, 181.608184814, 129.913360596, 703.514831543, 217.277359009, 5067.73291016, 552.367797852, 895.065979004, 1172.65454102, 168.888381958, 76.9784393311, 117.769721985, 760.938049316, 515.344848633, 487.777954102, 438.080169678, 792.763671875, 1193.46118164, 1225.50866699, 1024.64453125, 665.667236328, 447.679626465, 507.887634277, 142.957687378, 87.1345977783, 84.1514663696, 21.7005977631, 4.58523702621, 0.213484466076, 0.00293219275773, 1.40827933137e-06, 7.32106419932e-09],
        "dvar2": [1.17295455933, 37.9895515442, 585.459289551, 1023.70477295, 941.643188477, 289.156188965, 8276.61523438, 8109.94970703, 3262.58911133, 460.815826416, 351.571289062, 1870.734375, 485.117797852, 10710.0439453, 1208.52001953, 1479.53222656, 2607.77294922, 396.773468018, 131.94078064, 237.727706909, 1871.5333252, 1232.89880371, 1025.66333008, 992.937255859, 1795.09057617, 2439.86083984, 2533.55444336, 1931.67211914, 1217.4276123, 949.856994629, 1189.35803223, 314.916503906, 176.008758545, 193.222702026, 44.9530944824, 9.31777954102, 0.378832697868, 0.00692110462114, 3.25628866449e-06, 1.564271912e-08],
        "max": [10.2498168945, 44.4835929871, 143.593093872, 171.18850708, 176.897033691, 102.525871277, 571.30670166, 552.658325195, 710.16796875, 173.696456909, 99.2192611694, 573.372436523, 290.803131104, 1495.51940918, 557.552429199, 593.457214355, 531.395874023, 345.530670166, 253.90826416, 191.990386963, 610.34979248, 265.508331299, 253.229217529, 254.383804321, 283.552062988, 366.282287598, 407.18927002, 307.998779297, 292.532318115, 246.743392944, 221.499023438, 139.67918396, 108.996620178, 123.889297485, 59.7565460205, 27.5225639343, 5.73387289047, 0.664879024029, 0.0140406070277, 0.000997350318357],
        "mean": [1.93417346478, 4.60586881638, 3.90477824211, 3.80031609535, 3.286850214, 3.30547595024, 11.8353834152, 27.0805568695, 36.6954803467, 8.64116859436, 5.40514039993, 8.44972038269, 9.16051292419, 21.2738838196, 13.0513086319, 21.7652206421, 18.9123725891, 9.02449607849, 5.9238038063, 8.03063964844, 13.0213451385, 8.17586994171, 8.96679019928, 6.85212802887, 8.32846164703, 9.30205631256, 9.20755958557, 8.72090244293, 7.41262054443, 5.84575843811, 5.46417045593, 3.28658866882, 2.71376180649, 1.97091341019, 1.09094238281, 0.498691916466, 0.118528537452, 0.00894594192505, 0.000238950509811, 7.83375871833e-05],
        "median": [0.00589563231915, 0.0137236248702, 0.0197690576315, 0.126632541418, 0.403148919344, 0.479156047106, 1.3916336298, 4.63219594955, 4.17988586426, 2.40770101547, 1.49762928486, 2.2954249382, 3.07244324684, 2.31087493896, 2.8269636631, 4.62339687347, 2.71894741058, 2.62738108635, 1.6992636919, 1.70363509655, 1.54345405102, 1.01045310497, 0.801906824112, 0.540046930313, 0.435919374228, 0.319521456957, 0.224496588111, 0.11754912138, 0.0697745904326, 0.0462943203747, 0.028908688575, 0.0193322561681, 0.0108105316758, 0.00309373205528, 0.000826468749437, 0.000254722632235, 8.19614724605e-05, 7.96328549768e-06, 1.36086591738e-05, 2.38628363149e-05],
        "min": [4.09158531056e-07, 8.36606250232e-06, 1.35954578582e-05, 6.85905324644e-05, 0.000194456224563, 0.00014329032274, 0.000273678626399, 0.000170753861312, 0.000400949968025, 0.00116615090519, 0.00134812179022, 0.000959127617534, 0.00105859327596, 0.00109665596392, 0.00195209961385, 0.00224706251174, 0.00231637898833, 0.00198832154274, 0.00272794626653, 0.00257085822523, 0.00182231434155, 0.00232235225849, 0.00228859088384, 0.00367331993766, 0.00244481442496, 0.00064548291266, 0.000302488362649, 0.000169793071109, 0.000120930009871, 7.65457298257e-05, 7.11789762136e-05, 1.18315365398e-05, 2.29767829296e-06, 7.08023151219e-07, 4.72993860967e-07, 3.28936806682e-07, 5.39713589376e-08, 1.37234659192e-08, 7.73209585248e-09, 7.90571874631e-09],
        "var": [9.05764293671, 73.2693099976, 216.193878174, 229.927902222, 184.153259277, 80.7530059814, 2079.42651367, 3812.30151367, 7624.05957031, 286.789825439, 123.494987488, 789.226196289, 346.863372803, 10206.9326172, 1572.95800781, 3406.1237793, 3065.98901367, 482.722259521, 256.474456787, 320.598419189, 1231.06298828, 633.959472656, 738.824157715, 592.322631836, 996.563110352, 1549.38989258, 1553.06335449, 1447.90539551, 1010.34936523, 614.184753418, 590.347229004, 194.244171143, 132.725860596, 92.1965713501, 27.6903972626, 6.00786828995, 0.324310600758, 0.00271022645757, 1.38406937822e-06, 1.32927482355e-08]
    },
    "gfcc": {
        "mean": [-122.019180298, 119.128791809, -132.675979614, 20.4891586304, -50.6351737976, 5.25231981277, -26.537229538, 1.29764711857, -9.93123245239, 2.03039360046, 3.46746706963, 2.69391441345, 0.95587605238],
        "cov": [[12643.71875, -1666.79455566, 1611.66357422, 626.552978516, -495.365814209, 515.895141602, -211.230072021, 254.230621338, -245.335067749, 400.756317139, -408.165405273, 310.930633545, -169.028549194], [-1666.79455566, 4348.37255859, 781.93951416, -402.462158203, 1445.23498535, -571.606811523, 990.159729004, -373.364929199, 928.551269531, -93.7295074463, 767.695251465, 7.87296581268, 494.838317871], [1611.66357422, 781.93951416, 3068.59301758, 991.903137207, 868.384460449, 712.376037598, 585.429260254, 391.014099121, 190.525894165, 188.27784729, -185.020751953, -119.281806946, -121.399017334], [626.552978516, -402.462158203, 991.903137207, 938.727661133, 177.141708374, 401.280029297, 199.566848755, 212.251495361, 56.7022247314, 44.6410636902, -172.591781616, -117.945831299, -113.508644104], [-495.365814209, 1445.23498535, 868.384460449, 177.141708374, 902.089172363, 18.6507358551, 547.493713379, 39.4902610779, 439.330352783, 102.693740845, 291.135070801, 42.2550048828, 147.887374878], [515.895141602, -571.606811523, 712.376037598, 401.280029297, 18.6507358551, 531.397033691, 113.963310242, 245.581420898, -91.7438354492, 49.9940795898, -215.174987793, -88.2649993896, -159.54838562], [-211.230072021, 990.159729004, 585.429260254, 199.566848755, 547.493713379, 113.963310242, 554.292358398, 37.9001502991, 340.998413086, 26.41705513, 178.933029175, -31.0284957886, 110.845275879], [254.230621338, -373.364929199, 391.014099121, 212.251495361, 39.4902610779, 245.581420898, 37.9001502991, 233.822555542, -42.3071212769, 80.0963973999, -107.540077209, -32.4584007263, -97.3140258789], [-245.335067749, 928.551269531, 190.525894165, 56.7022247314, 439.330352783, -91.7438354492, 340.998413086, -42.3071212769, 411.860778809, 117.003982544, 304.490356445, 80.6380233765, 159.138595581], [400.756317139, -93.7295074463, 188.27784729, 44.6410636902, 102.693740845, 49.9940795898, 26.41705513, 80.0963973999, 117.003982544, 314.595794678, 144.875793457, 170.408905029, -0.811815023422], [-408.165405273, 767.695251465, -185.020751953, -172.591781616, 291.135070801, -215.174987793, 178.933029175, -107.540077209, 304.490356445, 144.875793457, 414.39541626, 167.183837891, 181.029754639], [310.930633545, 7.87296581268, -119.281806946, -117.945831299, 42.2550048828, -88.2649993896, -31.0284957886, -32.4584007263, 80.6380233765, 170.408905029, 167.183837891, 246.168228149, 86.4234619141], [-169.028549194, 494.838317871, -121.399017334, -113.508644104, 147.887374878, -159.54838562, 110.845275879, -97.3140258789, 159.138595581, -0.811815023422, 181.029754639, 86.4234619141, 217.813339233]],
        "icov": [[0.000111394510895, 4.37617272837e-05, -0.000136201342684, 2.57958181464e-05, 0.000212416722206, 8.65940091899e-05, -0.000107733387267, 5.93149998167e-05, -0.000136848801048, -2.1710897272e-05, 0.00014081930567, -0.000244420400122, 4.9344243962e-06], [4.37617272837e-05, 0.00185222434811, -0.000883821980096, 0.00127668189816, -0.00100128888153, 0.00130716059357, -0.000987106701359, 0.00136486801784, -0.00161228864454, 0.00112765748054, -0.000770995684434, 0.000970903609414, 0.000185902666999], [-0.000136201342684, -0.000883821980096, 0.00156009895727, -0.00108104373794, -0.00103890837636, -0.00130932428874, 0.000517642532941, -0.000423404911999, 0.00144667131826, -0.00128170580138, 0.00102712376975, 2.03169292945e-05, -0.000421390373958], [2.57958181464e-05, 0.00127668189816, -0.00108104373794, 0.00301745580509, -0.000276459904853, 0.000102432830317, -0.000411391723901, 0.000634123804048, -0.00279407715425, 0.000919751822948, 0.000221109134145, 0.000981739372946, 0.000316491903504], [0.000212416722206, -0.00100128888153, -0.00103890837636, -0.000276459904853, 0.00608475320041, 0.000958791119047, -0.00224809977226, -0.00219275802374, -0.00128280988429, 0.000488929043058, -0.000671070825774, -0.00184707751032, 0.000681566016283], [8.65940091899e-05, 0.00130716059357, -0.00130932428874, 0.000102432830317, 0.000958791119047, 0.00757423741743, -0.00410774862394, -0.00253524701111, 0.000559136795346, 0.000290399824735, 0.000354208605131, -0.000249560369411, 0.00167324347422], [-0.000107733387267, -0.000987106701359, 0.000517642532941, -0.000411391723901, -0.00224809977226, -0.00410774862394, 0.00897718220949, -0.000264995993348, -0.00387064623646, 0.000999039853923, -0.000109456923383, 0.0014378381893, -0.00158419995569], [5.93149998167e-05, 0.00136486801784, -0.000423404911999, 0.000634123804048, -0.00219275802374, -0.00253524701111, -0.000264995993348, 0.0114918155596, -0.000421552744228, -0.00278171780519, 0.00120018713642, 0.00202431785874, 0.000437523733126], [-0.000136848801048, -0.00161228864454, 0.00144667131826, -0.00279407715425, -0.00128280988429, 0.000559136795346, -0.00387064623646, -0.000421552744228, 0.015217255801, -0.00439997622743, -0.00397833203897, 0.00102188030723, -0.00226450106129], [-2.1710897272e-05, 0.00112765748054, -0.00128170580138, 0.000919751822948, 0.000488929043058, 0.000290399824735, 0.000999039853923, -0.00278171780519, -0.00439997622743, 0.0107720941305, -0.00369455083273, -0.00521942786872, 0.00371220172383], [0.00014081930567, -0.000770995684434, 0.00102712376975, 0.000221109134145, -0.000671070825774, 0.000354208605131, -0.000109456923383, 0.00120018713642, -0.00397833203897, -0.00369455083273, 0.0116041265428, -0.00251696677878, -0.00189733912703], [-0.000244420400122, 0.000970903609414, 2.03169292945e-05, 0.000981739372946, -0.00184707751032, -0.000249560369411, 0.0014378381893, 0.00202431785874, 0.00102188030723, -0.00521942786872, -0.00251696677878, 0.0118959033862, -0.00402266299352], [4.9344243962e-06, 0.000185902666999, -0.000421390373958, 0.000316491903504, 0.000681566016283, 0.00167324347422, -0.00158419995569, 0.000437523733126, -0.00226450106129, 0.00371220172383, -0.00189733912703, -0.00402266299352, 0.0107085611671]]
    },
    "melbands": {
        "dmean": [0.00272561749443, 0.00166266900487, 0.000670081411954, 0.000204415235203, 0.000350528862327, 0.000443861761596, 0.000260297645582, 4.90403035656e-05, 3.5062788811e-05, 3.93433401769e-05, 2.96269809041e-05, 6.21066064923e-05, 3.74390183424e-05, 2.56068087765e-05, 4.2853942432e-05, 1.65170240507e-05, 9.46719046624e-06, 5.74629575567e-06, 5.70420706936e-06, 1.01392633951e-05, 9.93983667286e-06, 6.32333694739e-06, 5.70769589103e-06, 6.73611066304e-06, 4.05641685575e-06, 4.46449666924e-06, 6.64311801302e-06, 5.27171459908e-06, 5.59281670576e-06, 5.71308464714e-06, 4.30343061453e-06, 3.67398115486e-06, 3.64317133972e-06, 2.78128322861e-06, 3.17819922202e-06, 2.53253097071e-06, 1.65020196619e-06, 1.48613514739e-06, 1.88452042948e-06, 1.68687904534e-06],
        "dmean2": [0.00363132217899, 0.00220621214248, 0.00118946691509, 0.000361275859177, 0.000601448235102, 0.000712797220331, 0.000363160623237, 8.09624907561e-05, 6.00077837589e-05, 6.29914356978e-05, 4.7082277888e-05, 9.65701183304e-05, 6.16628021817e-05, 3.84291342925e-05, 5.9085956309e-05, 2.59588559857e-05, 1.48150174937e-05, 8.21972207632e-06, 8.78758510225e-06, 1.54628687596e-05, 1.46821912494e-05, 9.555035831e-06, 8.59877218318e-06, 1.00016395663e-05, 5.88389593759e-06, 6.73552403896e-06, 9.87329076452e-06, 7.24274468666e-06, 8.39880431158e-06, 8.52617176861e-06, 5.78873869017e-06, 4.7243283916e-06, 5.07243794345e-06, 3.94863081965e-06, 4.72709416499e-06, 3.86002147934e-06, 2.30853902394e-06, 1.9131400677e-06, 2.6476570838e-06, 2.50585776485e-06],
        "dvar": [3.57342796633e-05, 3.79664124921e-05, 1.0119284525e-05, 1.01105331396e-06, 2.29958186537e-06, 1.85375472483e-06, 3.52148987304e-07, 1.70728249316e-08, 1.15175753379e-08, 2.44866633636e-08, 5.48735279438e-09, 8.4674404377e-08, 1.72082028627e-08, 6.80262113306e-09, 1.99442897753e-08, 3.43696116012e-09, 6.36773356266e-10, 3.06793201954e-10, 1.74826791932e-10, 8.86674900169e-10, 1.08605135996e-09, 5.41826084e-10, 3.65532965008e-10, 5.50253176357e-10, 2.69053668234e-10, 2.9244062727e-10, 7.81534337246e-10, 4.38845043638e-10, 5.68772029474e-10, 5.82741965793e-10, 2.92869228868e-10, 2.09516917704e-10, 2.0768739506e-10, 1.24404764268e-10, 1.75628400712e-10, 1.2333414845e-10, 4.50471361602e-11, 3.51557845335e-11, 6.63706242743e-11, 6.19517354083e-11],
        "dvar2": [6.38321434963e-05, 7.73795909481e-05, 2.81596367131e-05, 2.89891977445e-06, 6.26316250418e-06, 4.81466622659e-06, 5.9891027604e-07, 4.4230827001e-08, 3.13337338298e-08, 6.39994155449e-08, 1.14899183501e-08, 1.80666120286e-07, 3.86963918686e-08, 1.05877679957e-08, 3.43606210151e-08, 8.78114558844e-09, 1.48681567058e-09, 4.93710128335e-10, 4.31171737203e-10, 2.03206562688e-09, 2.6442696921e-09, 1.27049359921e-09, 8.60021387439e-10, 1.16443099607e-09, 6.34627517204e-10, 6.77594702569e-10, 1.79800863087e-09, 8.65071680956e-10, 1.14299258946e-09, 1.36892897018e-09, 5.48590839422e-10, 3.65439678518e-10, 4.4174117142e-10, 2.74773565012e-10, 4.06652850282e-10, 2.99349905974e-10, 9.66573904249e-11, 6.60295290666e-11, 1.52713508506e-10, 1.46821041436e-10],
        "max": [0.0682969912887, 0.0611911304295, 0.02854318358, 0.0105301141739, 0.0156854055822, 0.0134487487376, 0.00919006671757, 0.00144721777178, 0.00158445443958, 0.00328335841186, 0.00167169014458, 0.00631441781297, 0.00356440804899, 0.00163282325957, 0.00292747886851, 0.000894016295206, 0.000656275777146, 0.000536273873877, 0.00022948088008, 0.000460124632809, 0.00072022533277, 0.000275922153378, 0.000243860296905, 0.000262378714979, 0.000200124821276, 0.000197134228074, 0.00027659747866, 0.000226015792578, 0.000283427711111, 0.000268081552349, 0.000181955649168, 0.000165079633007, 0.000160912808497, 0.000133731315145, 0.000137194787385, 0.000120142984088, 7.9786463175e-05, 6.6413784225e-05, 9.98592659016e-05, 0.000108634652861],
        "mean": [0.0131139317527, 0.00322802946903, 0.000659648387227, 0.000220150628593, 0.000344293483067, 0.000631770119071, 0.00050492194714, 6.88686996e-05, 4.52007698186e-05, 5.71264718019e-05, 4.40006078861e-05, 8.36209583213e-05, 5.30180077476e-05, 4.5013250201e-05, 7.67897217884e-05, 2.49780860031e-05, 1.57276081154e-05, 9.40388690651e-06, 8.74402303452e-06, 1.59927858476e-05, 1.43446404763e-05, 8.09671018942e-06, 7.28162376618e-06, 8.65579477249e-06, 5.03420369569e-06, 5.37936284672e-06, 7.04738476998e-06, 5.79878906137e-06, 6.13744623479e-06, 5.65632080907e-06, 4.62725120087e-06, 4.24026893597e-06, 3.77415335606e-06, 3.00094484373e-06, 3.27755560647e-06, 2.49741378866e-06, 1.90200250927e-06, 1.8327093585e-06, 1.90776631825e-06, 1.57565955305e-06],
        "median": [3.92632027797e-05, 1.32718987516e-05, 3.03627493849e-05, 3.23538442899e-05, 4.53426473541e-05, 0.000104438811832, 6.48549030302e-05, 1.69767881744e-05, 9.11452843866e-06, 1.50492905959e-05, 1.47795544763e-05, 8.44847181725e-06, 7.42608744986e-06, 8.87315218279e-06, 7.45747911424e-06, 4.34066623711e-06, 3.81333848054e-06, 2.05759624805e-06, 2.06900699595e-06, 1.76765547621e-06, 1.65072140135e-06, 9.82344886324e-07, 7.6163871654e-07, 6.63430171244e-07, 3.81916379411e-07, 3.14550135272e-07, 2.90814909931e-07, 1.65355146464e-07, 1.39517638331e-07, 9.78743486257e-08, 5.30828820899e-08, 3.59853515874e-08, 2.96682731715e-08, 2.19682032565e-08, 1.70537841626e-08, 1.28016868217e-08, 1.07066693289e-08, 6.71196831448e-09, 4.36346736521e-09, 1.54729995483e-09],
