{
"highlevel": {
    "danceability": {
        "all": {
            "danceable": 1.6326257537e-06,
            "not_danceable": 0.999998390675
        },
        "probability": 0.999998390675,
        "value": "not_danceable"
    },
    "gender": {
        "all": {
            "female": 0.135679855943,
            "male": 0.864320158958
        },
        "probability": 0.864320158958,
        "value": "male"
    },
    "genre_dortmund": {
        "all": {
            "alternative": 0.195188313723,
            "blues": 0.0083837620914,
            "electronic": 0.0208778958768,
            "folkcountry": 0.0934788286686,
            "funksoulrnb": 0.0048961113207,
            "jazz": 0.00900408811867,
            "pop": 0.127650097013,
            "raphiphop": 0.000749020429794,
            "rock": 0.539771854877
        },
        "probability": 0.539771854877,
        "value": "rock"
    },
    "genre_electronic": {
        "all": {
            "ambient": 0.326273709536,
            "dnb": 0.177799507976,
            "house": 0.0468506328762,
            "techno": 0.0306381639093,
            "trance": 0.418437987566
        },
        "probability": 0.418437987566,
        "value": "trance"
    },
    "genre_rosamerica": {
        "all": {
            "cla": 0.00042161764577,
            "dan": 0.000143176614074,
            "hip": 5.24900569872e-05,
            "jaz": 0.00026426333352,
            "pop": 0.0514459311962,
            "rhy": 5.08280172653e-05,
            "roc": 0.947609484196,
            "spe": 1.21935418065e-05
        },
        "probability": 0.947609484196,
        "value": "roc"
    },
    "genre_tzanetakis": {
        "all": {
            "blu": 0.0626541376114,
            "cla": 0.0348133966327,
            "cou": 0.0783501937985,
            "dis": 0.104547761381,
            "hip": 0.15693578124,
            "jaz": 0.313987255096,
            "met": 0.044816005975,
            "pop": 0.0627349764109,
            "reg": 0.0627352520823,
            "roc": 0.0784252434969
        },
        "probability": 0.313987255096,
        "value": "jaz"
    },
    "ismir04_rhythm": {
        "all": {
            "ChaChaCha": 0.423328399658,
            "Jive": 0.250326007605,
            "Quickstep": 0.0625850856304,
            "Rumba-American": 0.00943293422461,
            "Rumba-International": 0.0125397359952,
            "Rumba-Misc": 0.00597040262073,
            "Samba": 0.0589852891862,
            "Tango": 0.0171764269471,
            "VienneseWaltz": 0.152471363544,
            "Waltz": 0.00718434527516
        },
        "probability": 0.423328399658,
        "value": "ChaChaCha"
    },
    "mood_acoustic": {
        "all": {
            "acoustic": 0.00403807032853,
            "not_acoustic": 0.995961904526
        },
        "probability": 0.995961904526,
        "value": "not_acoustic"
    },
    "mood_aggressive": {
        "all": {
            "aggressive": 0.980655729771,
            "not_aggressive": 0.0193442869931
        },
        "probability": 0.980655729771,
        "value": "aggressive"
    },
    "mood_electronic": {
        "all": {
            "electronic": 0.125457629561,
            "not_electronic": 0.874542355537
        },
        "probability": 0.874542355537,
        "value": "not_electronic"
    },
    "mood_happy": {
        "all": {
            "happy": 0.874513983727,
            "not_happy": 0.125485986471
        },
        "probability": 0.874513983727,
        "value": "happy"
    },
    "mood_party": {
        "all": {
            "not_party": 0.56654304266,
            "party": 0.43345695734
        },
        "probability": 0.56654304266,
        "value": "not_party"
    },
    "mood_relaxed": {
        "all": {
            "not_relaxed": 0.960646271706,
            "relaxed": 0.0393537208438
        },
        "probability": 0.960646271706,
        "value": "not_relaxed"
    },
    "mood_sad": {
        "all": {
            "not_sad": 0.940769374371,
            "sad": 0.05923063308
        },
        "probability": 0.940769374371,
        "value": "not_sad"
    },
    "moods_mirex": {
        "all": {
            "Cluster1": 0.3262167871,
            "Cluster2": 0.100578851998,
            "Cluster3": 0.061361875385,
            "Cluster4": 0.0552851967514,
            "Cluster5": 0.456557273865
        },
        "probability": 0.456557273865,
        "value": "Cluster5"
    },
    "timbre": {
        "all": {
            "bright": 0.932848036289,
            "dark": 0.0671519562602
        },
        "probability": 0.932848036289,
        "value": "bright"
    },
    "tonal_atonal": {
        "all": {
            "atonal": 0.00174247054383,
            "tonal": 0.998257517815
        },
        "probability": 0.998257517815,
        "value": "tonal"
    },
    "voice_instrumental": {
        "all": {
            "instrumental": 0.0572230368853,
            "voice": 0.942776978016
        },
        "probability": 0.942776978016,
        "value": "voice"
    }
},
"lowlevel": {
    "average_loudness": 0.986322522163,
    "barkbands_crest": {
        "dmean": 2.03718733788,
        "dmean2": 3.34375047684,
        "dvar": 3.31373739243,
        "dvar2": 8.98233985901,
        "max": 18.7722663879,
        "mean": 7.31969451904,
        "median": 6.73329877853,
        "min": 2.48002171516,
        "var": 7.6907992363
    },
    "barkbands_flatness_db": {
        "dmean": 0.0125962039456,
        "dmean2": 0.0202194228768,
        "dvar": 0.000125545164337,
        "dvar2": 0.000319544429658,
        "max": 0.181514948606,
        "mean": 0.0897550210357,
        "median": 0.0877321437001,
        "min": 0.0415348410606,
        "var": 0.000463209231384
    },
    "barkbands_kurtosis": {
        "dmean": 0.894554615021,
        "dmean2": 1.46861541271,
        "dvar": 0.990356326103,
        "dvar2": 2.74364089966,
        "max": 9.98821353912,
        "mean": 0.604126870632,
        "median": 0.277299880981,
        "min": -1.62102007866,
        "var": 2.19431447983
    },
    "barkbands_skewness": {
        "dmean": 0.308214604855,
        "dmean2": 0.491385757923,
        "dvar": 0.071318000555,
        "dvar2": 0.190985679626,
        "max": 3.11919140816,
        "mean": 1.02609705925,
        "median": 0.976368308067,
        "min": -0.241927459836,
        "var": 0.237995386124
    },
    "barkbands_spread": {
        "dmean": 5.03550577164,
        "dmean2": 7.84999990463,
        "dvar": 20.6683731079,
        "dvar2": 45.5004692078,
        "max": 81.5292053223,
        "mean": 31.3898735046,
        "median": 30.0544471741,
        "min": 11.2831249237,
        "var": 94.5903778076
    },
    "dissonance": {
        "dmean": 0.0139561034739,
        "dmean2": 0.0241004060954,
        "dvar": 0.000147223530803,
        "dvar2": 0.000406815233873,
        "max": 0.499976426363,
        "mean": 0.478331774473,
        "median": 0.481374174356,
        "min": 0.403984040022,
        "var": 0.00023114362557
    },
    "dynamic_complexity": 0.920581996441,
    "erbbands_crest": {
        "dmean": 2.22950720787,
        "dmean2": 3.62284612656,
        "dvar": 5.08182382584,
        "dvar2": 13.3638076782,
        "max": 26.9824733734,
        "mean": 7.40520477295,
        "median": 6.45939874649,
        "min": 2.39905738831,
        "var": 13.0486965179
    },
    "erbbands_flatness_db": {
        "dmean": 0.0109992129728,
        "dmean2": 0.0170372631401,
        "dvar": 9.44201747188e-05,
        "dvar2": 0.000222806687816,
        "max": 0.20073351264,
        "mean": 0.120831303298,
        "median": 0.119327738881,
        "min": 0.0679805353284,
        "var": 0.00040847909986
    },
    "erbbands_kurtosis": {
        "dmean": 0.449742883444,
        "dmean2": 0.731582462788,
        "dvar": 0.25020429492,
        "dvar2": 0.64216697216,
        "max": 5.6158285141,
        "mean": -0.134379774332,
        "median": -0.367527723312,
        "min": -1.57699489594,
        "var": 0.80353051424
    },
    "erbbands_skewness": {
        "dmean": 0.275879114866,
        "dmean2": 0.445835053921,
        "dvar": 0.0509007237852,
        "dvar2": 0.133787408471,
        "max": 1.5328732729,
        "mean": 0.195789426565,
        "median": 0.173296302557,
        "min": -1.17664861679,
        "var": 0.18132892251
    },
    "erbbands_spread": {
        "dmean": 5.5606751442,
        "dmean2": 8.59890174866,
        "dvar": 22.5128231049,
        "dvar2": 52.1832771301,
        "max": 104.043891907,
        "mean": 39.8327064514,
        "median": 38.6194343567,
        "min": 12.5423164368,
        "var": 139.300704956
    },
    "hfc": {
        "dmean": 6.63642311096,
        "dmean2": 9.94456100464,
        "dvar": 47.267780304,
        "dvar2": 110.153961182,
        "max": 106.339836121,
        "mean": 38.5244598389,
        "median": 37.5958099365,
        "min": 5.95234060287,
        "var": 224.233520508
    },
    "melbands_crest": {
        "dmean": 2.70337462425,
        "dmean2": 4.45231342316,
        "dvar": 5.44521570206,
        "dvar2": 14.5291414261,
        "max": 26.2980518341,
        "mean": 11.1460866928,
        "median": 10.6128616333,
        "min": 4.05887937546,
        "var": 13.841884613
    },
    "melbands_flatness_db": {
        "dmean": 0.017220588401,
        "dmean2": 0.0273797567934,
        "dvar": 0.000252347352216,
        "dvar2": 0.000629416434094,
        "max": 0.26416939497,
        "mean": 0.138999223709,
        "median": 0.137831136584,
        "min": 0.055468481034,
        "var": 0.000931995629799
    },
    "melbands_kurtosis": {
        "dmean": 2.59161448479,
        "dmean2": 4.20352077484,
        "dvar": 8.98013496399,
        "dvar2": 24.3580589294,
        "max": 33.2473602295,
        "mean": 5.71326351166,
        "median": 4.42922019958,
        "min": -0.530846834183,
        "var": 21.9903717041
    },
    "melbands_skewness": {
        "dmean": 0.453647732735,
        "dmean2": 0.721322476864,
        "dvar": 0.165187686682,
        "dvar2": 0.434423267841,
        "max": 5.1939535141,
        "mean": 2.04338121414,
        "median": 1.937032938,
        "min": 0.0317740701139,
        "var": 0.599248051643
    },
    "melbands_spread": {
        "dmean": 6.32894706726,
        "dmean2": 10.0980939865,
        "dvar": 31.5413265228,
        "dvar2": 79.6747360229,
        "max": 83.575958252,
        "mean": 31.4478206635,
        "median": 30.7184467316,
        "min": 7.5324845314,
        "var": 107.613197327
    },
    "pitch_salience": {
        "dmean": 0.0616867095232,
        "dmean2": 0.100656099617,
        "dvar": 0.0025556567125,
        "dvar2": 0.00639373529702,
        "max": 0.822256803513,
        "mean": 0.594625115395,
        "median": 0.599572479725,
        "min": 0.279214024544,
        "var": 0.00713031319901
    },
    "silence_rate_20dB": {
        "dmean": 0,
        "dmean2": 0,
        "dvar": 0,
        "dvar2": 0,
        "max": 1,
        "mean": 1,
        "median": 1,
        "min": 1,
        "var": 0
    },
    "silence_rate_30dB": {
        "dmean": 0,
        "dmean2": 0,
        "dvar": 0,
        "dvar2": 0,
        "max": 1,
        "mean": 1,
        "median": 1,
        "min": 1,
        "var": 0
    },
    "silence_rate_60dB": {
        "dmean": 0,
        "dmean2": 0,
        "dvar": 0,
        "dvar2": 0,
        "max": 0,
        "mean": 0,
        "median": 0,
        "min": 0,
        "var": 0
    },
    "spectral_centroid": {
        "dmean": 220.418945312,
        "dmean2": 348.418487549,
        "dvar": 34498.421875,
        "dvar2": 81851.1171875,
        "max": 2868.34814453,
        "mean": 1677.34472656,
        "median": 1655.05041504,
        "min": 730.782897949,
        "var": 127873.5
    },
    "spectral_complexity": {
        "dmean": 3.96207427979,
        "dmean2": 6.28272676468,
        "dvar": 10.2547283173,
        "dvar2": 25.1817760468,
        "max": 58,
        "mean": 34.9412231445,
        "median": 35,
        "min": 14,
        "var": 47.0978431702
    },
    "spectral_decrease": {
        "dmean": 2.2745838546e-09,
        "dmean2": 3.61714991293e-09,
        "dvar": 5.04374164326e-18,
        "dvar2": 1.21294596923e-17,
        "max": -2.58940113795e-09,
        "mean": -9.73007097116e-09,
        "median": -9.3691436831e-09,
        "min": -2.81228995647e-08,
        "var": 9.99964001419e-18
    },
    "spectral_energy": {
        "dmean": 0.00892987009138,
        "dmean2": 0.0141790863127,
        "dvar": 7.58144233259e-05,
        "dvar2": 0.000182247444172,
        "max": 0.110418513417,
        "mean": 0.0402177758515,
        "median": 0.0389216579497,
        "min": 0.0106064258143,
        "var": 0.000155590591021
    },
    "spectral_energyband_high": {
        "dmean": 0.000413729954744,
        "dmean2": 0.000581424857955,
        "dvar": 4.15118080355e-07,
        "dvar2": 8.2257571421e-07,
        "max": 0.0116691933945,
        "mean": 0.00183072022628,
        "median": 0.00153266254347,
        "min": 0.00014473083138,
        "var": 1.93965161088e-06
    },
    "spectral_energyband_low": {
        "dmean": 0.00568939745426,
        "dmean2": 0.00932842865586,
        "dvar": 5.25739596924e-05,
        "dvar2": 0.000127956314827,
        "max": 0.080493144691,
        "mean": 0.013087159954,
        "median": 0.0108128963038,
        "min": 0.000308960443363,
        "var": 8.59119099914e-05
    },
    "spectral_energyband_middle_high": {
        "dmean": 0.00281942635775,
        "dmean2": 0.00435909815133,
        "dvar": 9.587221939e-06,
        "dvar2": 2.35693987634e-05,
        "max": 0.0422768294811,
        "mean": 0.0108236642554,
        "median": 0.00963401701301,
        "min": 0.00179545918945,
        "var": 3.51201451849e-05
    },
    "spectral_energyband_middle_low": {
        "dmean": 0.00571103347465,
        "dmean2": 0.00911463983357,
        "dvar": 3.04605509882e-05,
        "dvar2": 7.88594115875e-05,
        "max": 0.0509111583233,
        "mean": 0.0164884719998,
        "median": 0.0149189103395,
        "min": 0.00295537756756,
        "var": 5.6140437664e-05
    },
    "spectral_entropy": {
        "dmean": 0.0807729363441,
        "dmean2": 0.124115169048,
        "dvar": 0.00459168851376,
        "dvar2": 0.0105510624126,
        "max": 8.45422363281,
        "mean": 7.92029571533,
        "median": 7.91890716553,
        "min": 7.51281166077,
        "var": 0.0231560766697
    },
    "spectral_flux": {
        "dmean": 0.0197819340974,
        "dmean2": 0.0305482316762,
        "dvar": 0.000333336211042,
        "dvar2": 0.00077414768748,
        "max": 0.235012724996,
        "mean": 0.107426561415,
        "median": 0.103850468993,
        "min": 0.0500158779323,
        "var": 0.000737843103707
    },
    "spectral_kurtosis": {
        "dmean": 0.72745013237,
        "dmean2": 1.21110010147,
        "dvar": 0.407933562994,
        "dvar2": 1.09045803547,
        "max": 9.26456546783,
        "mean": 3.25973510742,
        "median": 3.23083972931,
        "min": -0.155272006989,
        "var": 1.21041667461
    },
    "spectral_rms": {
        "dmean": 0.000687909545377,
        "dmean2": 0.00108396878932,
        "dvar": 3.91326466342e-07,
        "dvar2": 9.29723967147e-07,
        "max": 0.0103790834546,
        "mean": 0.0061901290901,
        "median": 0.00616217078641,
        "min": 0.00321678910404,
        "var": 9.19199010241e-07
    },
    "spectral_rolloff": {
        "dmean": 449.680206299,
        "dmean2": 723.238830566,
        "dvar": 337255.6875,
        "dvar2": 697829.625,
        "max": 8397.94921875,
        "mean": 1848.95751953,
        "median": 1722.65625,
        "min": 193.798828125,
        "var": 1126825
    },
    "spectral_skewness": {
        "dmean": 0.127259328961,
        "dmean2": 0.198194861412,
        "dvar": 0.0117655098438,
        "dvar2": 0.0260153543204,
        "max": 2.74713039398,
        "mean": 1.38110041618,
        "median": 1.39082467556,
        "min": 0.634977221489,
        "var": 0.0414774641395
    },
    "spectral_spread": {
        "dmean": 342724.84375,
        "dmean2": 516278,
        "dvar": 141087047680,
        "dvar2": 231172046848,
        "max": 11563776,
        "mean": 4848435.5,
        "median": 4723075,
        "min": 3043777,
        "var": 704494698496
    },
    "spectral_strongpeak": {
        "dmean": 0.606590807438,
        "dmean2": 1.08286619186,
        "dvar": 1.06706511974,
        "dvar2": 2.79171609879,
        "max": 7.65261220932,
        "mean": 0.845663487911,
        "median": 0.410988986492,
        "min": 0.0785336047411,
        "var": 1.33214080334
    },
    "zerocrossingrate": {
        "dmean": 0.008525647223,
        "dmean2": 0.01026827842,
        "dvar": 6.43994208076e-05,
        "dvar2": 8.07316027931e-05,
        "max": 0.21435546875,
        "mean": 0.0766703560948,
        "median": 0.07373046875,
        "min": 0.02734375,
        "var": 0.000572961347643
    },
    "barkbands": {
        "dmean": [9.39578967518e-05, 0.00395394070074, 0.00207540509291, 0.00215137586929, 0.00219119340181, 0.00164225324988, 0.000992585089989, 0.00142183003481, 0.00156921055168, 0.0012902666349, 0.00100635667332, 0.000475355947856, 0.000655884272419, 0.000355323456461, 0.0005640713498, 0.000616953300778, 0.000339455495123, 0.000336841359967, 0.000246754323598, 0.000198305016966, 0.000140390358865, 8.81198138813e-05, 9.85527149169e-05, 0.000117151525046, 6.12621297478e-05, 6.14179298282e-05, 1.39667463372e-07],
        "dmean2": [0.000153503249749, 0.00638974411413, 0.00353100942448, 0.00359333842061, 0.00362143130042, 0.00263173948042, 0.00167642277665, 0.00228902045637, 0.0024540508166, 0.00208201445639, 0.00158663815819, 0.000783461902756, 0.00107951159589, 0.000582901993766, 0.000953740440309, 0.00103355327155, 0.000576922728214, 0.00054878910305, 0.000415792164858, 0.000325469998643, 0.000232322185184, 0.000142101402162, 0.000153034445248, 0.000175586508703, 8.99632796063e-05, 9.40796890063e-05, 2.46331097742e-07],
        "dvar": [1.71014793438e-08, 3.35638942488e-05, 8.36765684653e-06, 6.31507691651e-06, 6.89937587595e-06, 4.32004299e-06, 2.55098484558e-06, 4.14382429881e-06, 6.35981177766e-06, 3.6871708744e-06, 3.66829294762e-06, 3.99565010412e-07, 2.54420797319e-06, 4.20595142714e-07, 7.81984851983e-07, 8.09281004877e-07, 1.38379405712e-07, 1.72692082856e-07, 6.01579586146e-08, 4.93299268101e-08, 2.62857309252e-08, 1.33135991121e-08, 3.65061687546e-08, 6.40134629748e-08, 9.80481473789e-09, 1.19700791501e-08, 1.19038798458e-13],
        "dvar2": [4.19394829976e-08, 8.65746696945e-05, 2.22288217628e-05, 1.72838554136e-05, 1.8664264644e-05, 1.05114213511e-05, 7.22108643458e-06, 1.02157728179e-05, 1.58497878147e-05, 8.78607170307e-06, 8.40129632707e-06, 1.04808691503e-06, 7.04384228811e-06, 1.05140145479e-06, 2.04875050258e-06, 2.20850074584e-06, 3.78287808189e-07, 4.19557380837e-07, 1.49028494434e-07, 1.12561217236e-07, 6.94714259453e-08, 3.4212792599e-08, 8.64348805862e-08, 1.32430898248e-07, 1.66308051774e-08, 2.97540108107e-08, 3.13799794526e-13],
        "max": [0.0010756048141, 0.0650371909142, 0.0277637746185, 0.0266157444566, 0.0243737418205, 0.0268354918808, 0.0250127241015, 0.0269330628216, 0.0283972732723, 0.0319009423256, 0.0313097499311, 0.00883164163679, 0.0348181761801, 0.00800326187164, 0.0113573381677, 0.00983905792236, 0.00335685885511, 0.00549641996622, 0.00339597323909, 0.00304120942019, 0.00267149950378, 0.00189179356676, 0.00332532287575, 0.00414055259898, 0.00187722675037, 0.00121072668117, 5.46418641534e-06],
        "mean": [0.000120037679153, 0.00817584060133, 0.0030368140433, 0.00301763275638, 0.00348780979402, 0.00286803976633, 0.00146779627539, 0.00223388383165, 0.00292393192649, 0.00218643294647, 0.00177450967021, 0.00082425220171, 0.00109340914059, 0.000546179013327, 0.000945902138483, 0.00119996524882, 0.000774614047259, 0.000795233936515, 0.000624807726126, 0.000549187185243, 0.000420873519033, 0.000255530147115, 0.000272218050668, 0.000335234741215, 0.000173293476109, 0.000114244838187, 1.20998763009e-07],
        "median": [7.16743961675e-05, 0.00625563459471, 0.00200753076933, 0.00207129260525, 0.00267944135703, 0.00204512686469, 0.000922689156141, 0.00121295219287, 0.00190296384972, 0.00131848512683, 0.000796078122221, 0.000533562561031, 0.000659811426885, 0.000281283748336, 0.000550193130039, 0.000619410944637, 0.000603974680416, 0.000628223642707, 0.000542922934983, 0.000455829373095, 0.000353758950951, 0.000214238563785, 0.000196952067199, 0.000229478391702, 0.000116449504276, 6.61461381242e-05, 3.36594467854e-08],
        "min": [1.3141340105e-07, 5.98952647124e-05, 3.46903289028e-05, 3.92494366679e-05, 6.26136752544e-05, 4.17744122387e-05, 3.19945247611e-05, 1.91170038306e-05, 4.85579657834e-05, 4.64251315861e-05, 5.66685121157e-05, 4.30198087997e-05, 5.1091905334e-05, 2.31375252042e-05, 5.32243611815e-05, 8.02067297627e-05, 8.09836710687e-05, 0.000107543542981, 0.000101814279333, 5.51105222257e-05, 4.43730095867e-05, 2.20951624215e-05, 1.3454807231e-05, 1.19252890727e-05, 3.55881661562e-06, 5.28735100147e-08, 7.48782893328e-12],
        "var": [2.28339853692e-08, 5.40435539733e-05, 1.05716453618e-05, 8.63808054419e-06, 8.85186273081e-06, 7.06932269168e-06, 3.38327208738e-06, 7.8452485468e-06, 1.11346598715e-05, 7.99283952801e-06, 1.05579383671e-05, 8.90566866474e-07, 2.79983851215e-06, 6.4502631858e-07, 1.27519615489e-06, 1.90611547168e-06, 3.05872987383e-07, 3.66717188172e-07, 1.38393232874e-07, 1.27722572074e-07, 7.89178855598e-08, 3.37997363431e-08, 1.08458550585e-07, 1.87333000667e-07, 4.46633059425e-08, 1.86803639224e-08, 9.18218748106e-14]
    },
    "erbbands": {
        "dmean": [0.074533008039, 1.04690420628, 2.28900289536, 5.04762649536, 7.69131565094, 7.1559047699, 10.3827600479, 15.7641506195, 12.6358270645, 20.8622913361, 29.8060874939, 41.8055381775, 26.0196590424, 42.5847587585, 42.0883026123, 21.337064743, 30.0062484741, 18.6286258698, 29.0526885986, 29.3159217834, 21.8655605316, 15.8315324783, 17.3117733002, 15.1692943573, 10.7476062775, 8.64656925201, 7.17545795441, 4.48707962036, 3.13817858696, 2.74377155304, 3.07354879379, 2.90100955963, 1.90751588345, 0.888004660606, 0.345764577389, 0.249675855041, 0.136398181319, 0.0109510906041, 0.000199406669708, 1.68385686266e-05],
        "dmean2": [0.122133404016, 1.68648529053, 3.81044507027, 8.47157287598, 12.6342658997, 12.0590734482, 16.3472118378, 25.8726100922, 21.0849246979, 35.142490387, 47.665271759, 65.4577331543, 42.0713119507, 67.6627502441, 66.5709152222, 34.630821228, 49.1260299683, 30.4390163422, 48.8511619568, 49.0782661438, 35.7025337219, 26.1624126434, 28.6407527924, 25.1241359711, 17.9497947693, 14.0045719147, 11.7468147278, 7.40305614471, 5.05469751358, 4.39380073547, 4.71785831451, 4.41404390335, 2.84986782074, 1.30684435368, 0.529910564423, 0.384460538626, 0.213801637292, 0.0182629209012, 0.000322509731632, 2.60705692199e-05],
        "dvar": [0.0115929860622, 2.42678713799, 11.0202713013, 34.6307907104, 99.330909729, 83.9964752197, 168.088180542, 463.934692383, 341.526031494, 986.136291504, 1989.30432129, 5466.69677734, 908.34387207, 5607.08544922, 7114.47998047, 861.136535645, 4918.92822266, 866.017700195, 2606.31030273, 1740.47827148, 834.056762695, 296.759857178, 551.424194336, 214.379135132, 122.264678955, 90.1671295166, 79.790435791, 25.4794960022, 15.3898324966, 18.5059356689, 39.872795105, 44.876373291, 14.1537437439, 2.23881053925, 0.42569476366, 0.143520444632, 0.0752945020795, 0.00059632275952, 1.8038136318e-07, 5.08113662256e-10],
        "dvar2": [0.0297137163579, 6.35049343109, 28.0354347229, 95.4340744019, 256.428192139, 226.907196045, 424.667694092, 1103.39550781, 975.160827637, 2583.33569336, 4953.15429688, 14042.5302734, 2400.81176758, 13303.0380859, 16830.8671875, 2253.26953125, 13472.8037109, 2301.25439453, 6850.16748047, 4813.18652344, 2114.61328125, 777.059265137, 1349.74108887, 510.578369141, 306.105682373, 206.441955566, 198.767593384, 65.4883270264, 40.072807312, 44.3742637634, 95.1279983521, 103.046211243, 29.4196300507, 3.79915261269, 0.851604223251, 0.321013778448, 0.190073549747, 0.00161860475782, 4.82714369809e-07, 1.28240384978e-09],
        "max": [0.971273601055, 17.4453964233, 42.3836708069, 61.058681488, 84.5863037109, 117.938926697, 150.161056519, 245.640472412, 231.706283569, 296.312408447, 610.304748535, 831.020629883, 350.783203125, 1316.17675781, 1575.68762207, 410.177429199, 1474.70129395, 431.698547363, 592.077270508, 516.728027344, 415.338775635, 184.781448364, 347.914398193, 215.154602051, 174.534698486, 140.733505249, 140.516464233, 99.6815032959, 65.6214599609, 71.4528884888, 112.689002991, 121.054382324, 64.0109405518, 32.1999435425, 11.4289035797, 6.00706768036, 3.24046587944, 0.278835058212, 0.0046800612472, 0.000275455182418],
        "mean": [0.146284103394, 2.10642027855, 3.99933695793, 7.75518941879, 10.5505361557, 10.4339733124, 19.2252578735, 24.1592292786, 20.3092422485, 31.1949710846, 53.1766548157, 76.1567993164, 49.9530525208, 75.9664154053, 77.6617889404, 39.8640365601, 50.6623649597, 33.2983703613, 48.3509368896, 59.654914856, 50.6786727905, 40.4813079834, 42.9974250793, 40.6700248718, 28.5430603027, 24.7392673492, 20.7781715393, 13.6118917465, 9.38404846191, 7.36329030991, 8.20639133453, 7.63614845276, 5.32098150253, 2.47861003876, 0.864601254463, 0.530578494072, 0.213577076793, 0.0156714227051, 0.000340467347996, 6.78137294017e-05],
        "median": [0.102863773704, 1.62515711784, 2.80826377869, 5.53478384018, 7.17454195023, 7.52595043182, 14.0800943375, 15.0429611206, 13.9559593201, 18.4769496918, 32.8315544128, 45.9088516235, 40.3576965332, 40.4677429199, 37.9383926392, 26.0878829956, 30.9952583313, 20.2304801941, 28.6056022644, 34.8028717041, 31.6332168579, 32.9342422485, 33.7684898376, 34.0200042725, 24.937292099, 20.7565231323, 17.1901836395, 11.2776851654, 8.07583618164, 5.65451622009, 5.77781867981, 5.23793649673, 3.64962530136, 1.66249883175, 0.551927983761, 0.30853664875, 0.120461881161, 0.00957612507045, 0.000218781860895, 6.22675579507e-05],
        "min": [0.00215560733341, 0.0311640836298, 0.0970878824592, 0.190203353763, 0.449289113283, 0.541638314724, 0.377589404583, 0.656932711601, 0.600707054138, 0.716599941254, 1.73286247253, 1.86325824261, 2.37729644775, 3.50751280785, 3.56791138649, 4.63798046112, 3.20316171646, 2.50239467621, 2.27816033363, 2.64885115623, 5.61570215225, 6.06285190582, 5.78659200668, 6.30156087875, 3.72112679482, 2.96095752716, 2.03357410431, 1.5940169096, 0.890018999577, 0.523472845554, 0.361634939909, 0.224664106965, 0.183732762933, 0.0377602912486, 0.0121439034119, 0.00190860382281, 0.000217433349462, 2.5817342248e-05, 7.27932410882e-06, 1.37260949487e-05],
        "var": [0.0192890670151, 3.72589254379, 16.4369945526, 49.8851737976, 117.986465454, 100.797370911, 309.175354004, 700.529724121, 472.578582764, 1503.27392578, 3851.15356445, 8640.48535156, 1488.54138184, 12404.3837891, 19749.7890625, 1978.66992188, 5679.01904297, 1344.84204102, 4013.05175781, 4197.41015625, 2281.79443359, 749.784851074, 1095.87658691, 607.463195801, 284.347351074, 257.185272217, 207.832077026, 83.9397659302, 41.6071014404, 48.9752426147, 111.195907593, 107.01473999, 43.2059783936, 9.4784154892, 1.35126924515, 0.391289174557, 0.0856652706861, 0.000510333920829, 1.75871903707e-07, 8.59924687013e-10]
    },
    "gfcc": {
        "mean": [80.8780288696, 75.8677825928, -117.740234375, 34.6060409546, -60.5313873291, 20.5612182617, -37.2264785767, 20.3479766846, -27.7015247345, 3.53897643089, -19.9708518982, 2.96036124229, -12.5001134872],
        "cov": [[408.551757812, -198.333282471, 41.1436004639, -46.4857368469, -40.893787384, 3.60650849342, -45.3270835876, 42.4362640381, 1.20646440983, 35.2680091858, -37.414516449, 16.3978633881, -8.40888118744], [-198.333282471, 298.254730225, -53.7670898438, -11.016661644, 68.4233856201, -21.1697292328, 59.3048973083, -33.5390357971, 32.3812484741, -7.95463895798, 28.2940635681, -16.0502738953, 5.93003749847], [41.1436004639, -53.7670898438, 155.951095581, 27.5062828064, -5.01146554947, 7.77006578445, -2.72926187515, 20.5568828583, -13.9787654877, 8.43953323364, -1.9875677824, 17.0205421448, -14.3190202713], [-46.4857368469, -11.016661644, 27.5062828064, 115.838752747, 9.78134441376, 13.3915786743, 0.712260901928, 15.0034666061, 23.2488079071, -13.1399297714, 16.0205192566, -1.67189526558, 14.7442960739], [-40.893787384, 68.4233856201, -5.01146554947, 9.78134441376, 110.27381134, 14.0829954147, 19.8076896667, -3.20211815834, 12.0971155167, 3.30617022514, -6.47507143021, 8.80058574677, -5.80764579773], [3.60650849342, -21.1697292328, 7.77006578445, 13.3915786743, 14.0829954147, 94.2423400879, 46.4470024109, 4.74080896378, -14.5019893646, 2.39182519913, 19.5884552002, -5.63455629349, 6.39314556122], [-45.3270835876, 59.3048973083, -2.72926187515, 0.712260901928, 19.8076896667, 46.4470024109, 96.0774078369, 16.0084629059, 2.99459576607, 4.89769697189, 21.7756843567, 1.00561404228, 4.13448047638], [42.4362640381, -33.5390357971, 20.5568828583, 15.0034666061, -3.20211815834, 4.74080896378, 16.0084629059, 75.1107406616, 42.2612609863, 8.56088733673, -9.7334728241, 3.00493240356, 7.5390381813], [1.20646440983, 32.3812484741, -13.9787654877, 23.2488079071, 12.0971155167, -14.5019893646, 2.99459576607, 42.2612609863, 84.3373794556, 19.3516197205, -1.96768593788, -4.08262252808, 7.02163410187], [35.2680091858, -7.95463895798, 8.43953323364, -13.1399297714, 3.30617022514, 2.39182519913, 4.89769697189, 8.56088733673, 19.3516197205, 51.3311309814, 16.5050849915, 5.96371030807, -1.27248883247], [-37.414516449, 28.2940635681, -1.9875677824, 16.0205192566, -6.47507143021, 19.5884552002, 21.7756843567, -9.7334728241, -1.96768593788, 16.5050849915, 53.958240509, 14.2619047165, 7.96845960617], [16.3978633881, -16.0502738953, 17.0205421448, -1.67189526558, 8.80058574677, -5.63455629349, 1.00561404228, 3.00493240356, -4.08262252808, 5.96371030807, 14.2619047165, 41.524974823, 11.9521427155], [-8.40888118744, 5.93003749847, -14.3190202713, 14.7442960739, -5.80764579773, 6.39314556122, 4.13448047638, 7.5390381813, 7.02163410187, -1.27248883247, 7.96845960617, 11.9521427155, 39.7994651794]],
        "icov": [[0.00452968524769, 0.0022818131838, -0.00023474250338, 0.00174317089841, 0.000500683439896, -0.00101465941407, 0.00082932470832, -0.000825869676191, -0.00078223500168, -0.00251608644612, 0.00248810416088, -0.00157992122695, 0.000227020413149], [0.0022818131838, 0.0129328602925, -0.00276356004179, 0.00715340534225, -0.00892101041973, 0.009276824072, -0.00803370028734, 0.00726453913376, -0.00873121991754, 0.00796563643962, -0.0122796948999, 0.0128637878224, -0.00803213845938], [-0.00023474250338, -0.00276356004179, 0.0104876952246, -0.00631185760722, 0.00370404100977, -0.00326319714077, 0.00190559483599, -0.00521618220955, 0.00642880098894, -0.00632140599191, 0.00694543030113, -0.00972313806415, 0.00852159876376], [0.00174317089841, 0.00715340534225, -0.00631185760722, 0.0186691340059, -0.00776044186205, 0.00383005896583, -0.000998188159429, 0.00263435463421, -0.0103172743693, 0.0129620023072, -0.0160019434988, 0.0130586558953, -0.0105107985437], [0.000500683439896, -0.00892101041973, 0.00370404100977, -0.00776044186205, 0.0195882115513, -0.0107365353033, 0.0031839183066, -0.0013773086248, 0.002900298452, -0.00974851567298, 0.0186273194849, -0.0190325118601, 0.0113185569644], [-0.00101465941407, 0.009276824072, -0.00326319714077, 0.00383005896583, -0.0107365353033, 0.0256552454084, -0.0132169993594, 0.00315776676871, -0.000452957843663, 0.00704366108403, -0.0171673428267, 0.0193847827613, -0.0111816357821], [0.00082932470832, -0.00803370028734, 0.00190559483599, -0.000998188159429, 0.0031839183066, -0.0132169993594, 0.0228917263448, -0.0111545687541, 0.00586044136435, -0.00404824642465, 0.0017012321623, -0.00747669069096, 0.00549156405032], [-0.000825869676191, 0.00726453913376, -0.00521618220955, 0.00263435463421, -0.0013773086248, 0.00315776676871, -0.0111545687541, 0.0310246665031, -0.0192270036787, 0.00533962342888, 0.00134294375312, 0.00306679587811, -0.00716283777729], [-0.00078223500168, -0.00873121991754, 0.00642880098894, -0.0103172743693, 0.002900298452, -0.000452957843663, 0.00586044136435, -0.0192270036787, 0.0313591919839, -0.0159924775362, 0.00855919998139, -0.00435499055311, 0.00435034977272], [-0.00251608644612, 0.00796563643962, -0.00632140599191, 0.0129620023072, -0.00974851567298, 0.00704366108403, -0.00404824642465, 0.00533962342888, -0.0159924775362, 0.0393543317914, -0.0263825077564, 0.013680152595, -0.00668599829078], [0.00248810416088, -0.0122796948999, 0.00694543030113, -0.0160019434988, 0.0186273194849, -0.0171673428267, 0.0017012321623, 0.00134294375312, 0.00855919998139, -0.0263825077564, 0.055127158761, -0.0335389710963, 0.0125081920996], [-0.00157992122695, 0.0128637878224, -0.00972313806415, 0.0130586558953, -0.0190325118601, 0.0193847827613, -0.00747669069096, 0.00306679587811, -0.00435499055311, 0.013680152595, -0.0335389710963, 0.0572976656258, -0.0255680792034], [0.000227020413149, -0.00803213845938, 0.00852159876376, -0.0105107985437, 0.0113185569644, -0.0111816357821, 0.00549156405032, -0.00716283777729, 0.00435034977272, -0.00668599829078, 0.0125081920996, -0.0255680792034, 0.0417573228478]]
    },
    "melbands": {
        "dmean": [0.000884346023668, 0.00125854229555, 0.000895780394785, 0.000511085847393, 0.000336098688422, 0.000329764268827, 0.000198324516532, 0.000241096306127, 0.000251874909736, 0.000251984572969, 0.000131309934659, 0.000181038820301, 0.000142449353007, 7.29203820811e-05, 4.64543918497e-05, 7.01561002643e-05, 3.26941080857e-05, 4.77322100778e-05, 3.5069489968e-05, 5.5361961131e-05, 2.31366066146e-05, 1.81162286026e-05, 2.04128391488e-05, 1.69774284586e-05, 1.36541220854e-05, 9.33135379455e-06, 8.53851179272e-06, 6.06144794801e-06, 5.58963483854e-06, 3.74318574359e-06, 2.82681980934e-06, 1.9950132355e-06, 1.90139451206e-06, 1.56205612711e-06, 1.97289205062e-06, 1.89640013559e-06, 1.98493626158e-06, 1.50031087287e-06, 1.29852003283e-06, 7.36762501674e-07],
        "dmean2": [0.00142505555414, 0.00205533322878, 0.00147235102486, 0.000850668177009, 0.000538026331924, 0.000537950545549, 0.000329452683218, 0.000401112716645, 0.000400045828428, 0.000395905371988, 0.00021274574101, 0.000287981296424, 0.000224077128223, 0.000116914103273, 7.61096889619e-05, 0.000116637471365, 5.32772028237e-05, 7.98331238911e-05, 5.88803814026e-05, 9.39891178859e-05, 3.79685297958e-05, 2.97548194794e-05, 3.4474516724e-05, 2.81850188912e-05, 2.28414810408e-05, 1.58676284627e-05, 1.42696062539e-05, 9.86705435935e-06, 9.23147672438e-06, 6.27058534519e-06, 4.66296751256e-06, 3.25482847074e-06, 3.12925544677e-06, 2.50940342994e-06, 3.1039633086e-06, 3.03633555632e-06, 3.03414731206e-06, 2.28214162235e-06, 1.98523935069e-06, 1.10375106033e-06],
        "dvar": [1.62830417594e-06, 3.1677620882e-06, 9.92329887595e-07, 4.29690629744e-07, 1.61544775779e-07, 1.91545154848e-07, 9.5394057098e-08, 1.35851934147e-07, 1.30846743218e-07, 1.9718137878e-07, 2.31136123574e-08, 1.04626963093e-07, 7.20443722457e-08, 1.1105086628e-08, 4.44439596237e-09, 4.32387423643e-08, 2.8321922585e-09, 7.66097230098e-09, 2.88267165693e-09, 8.01910537973e-09, 1.07991782183e-09, 4.13677148092e-10, 7.52065243415e-10, 3.88233029058e-10, 1.68342131901e-10, 9.36897989745e-11, 8.42115682742e-11, 4.65355601276e-11, 5.37901251318e-11, 1.77493766212e-11, 1.04867252035e-11, 5.29261313595e-12, 8.45595468646e-12, 5.52665552211e-12, 1.29249536421e-11, 1.92765074736e-11, 1.88398671663e-11, 9.51082615441e-12, 4.75471138156e-12, 1.39097392458e-12],
        "dvar2": [4.07148309023e-06, 7.99983081379e-06, 2.69917950391e-06, 1.14526324069e-06, 4.21201548306e-07, 4.57934959286e-07, 2.74796576605e-07, 3.47993932337e-07, 3.28346857259e-07, 4.98286169659e-07, 6.19371434141e-08, 2.47570255851e-07, 1.67264900597e-07, 2.80625371829e-08, 1.14074039104e-08, 1.21857283375e-07, 7.18697634738e-09, 1.99202734308e-08, 8.10560685238e-09, 2.23606946292e-08, 2.58263699315e-09, 1.07748543421e-09, 1.95403271341e-09, 9.92104398634e-10, 4.04293376555e-10, 2.44415876427e-10, 2.10560874292e-10, 1.07043367226e-10, 1.30614186133e-10, 4.80122192004e-11, 2.78113712615e-11, 1.38731708413e-11, 2.20638368686e-11, 1.28703436797e-11, 3.05378708432e-11, 4.87267032279e-11, 4.16910637957e-11, 2.11347519347e-11, 9.37975131593e-12, 2.83421810326e-12],
        "max": [0.0139141911641, 0.0228764954954, 0.00992925651371, 0.00667912652716, 0.00425666105002, 0.00524499826133, 0.00420309742913, 0.00422961032018, 0.00478900363669, 0.00497236708179, 0.00175795599353, 0.00564693752676, 0.00421401904896, 0.00191983173136, 0.00135732709896, 0.00458641210571, 0.000763805117458, 0.00101883336902, 0.000680630037095, 0.00102853274439, 0.000494861975312, 0.000260583969066, 0.000376424723072, 0.000261044566287, 0.000172302767169, 0.000110618704639, 0.000135364374728, 8.20697896415e-05, 0.000123838282889, 5.40750443179e-05, 6.34130628896e-05, 3.61507700291e-05, 4.35683396063e-05, 3.90978966607e-05, 6.07619476796e-05, 8.48757117637e-05, 7.24757483113e-05, 5.34857645107e-05, 3.98571355618e-05, 2.18791628868e-05],
        "mean": [0.00187960942276, 0.00247510103509, 0.00141547224484, 0.00074012420373, 0.00062975473702, 0.000527130090632, 0.000313897064188, 0.000363466417184, 0.000454945256934, 0.000455178320408, 0.000239525121287, 0.000308667425998, 0.000254431477515, 0.000131711887661, 8.52378798299e-05, 0.000113778340165, 5.28438613401e-05, 7.44332501199e-05, 6.26047112746e-05, 0.000102376339782, 4.98671724927e-05, 4.14807618654e-05, 4.11897490267e-05, 3.85986713809e-05, 3.26362714986e-05, 2.16806602111e-05, 1.98758989427e-05, 1.54310218932e-05, 1.41296604852e-05, 9.5883897302e-06, 7.3841001722e-06, 5.32455260327e-06, 4.67851532449e-06, 3.74444948648e-06, 4.72419878861e-06, 4.52962649433e-06, 4.81420102005e-06, 3.74270052816e-06, 3.21393918057e-06, 1.70884470663e-06],
        "median": [0.0014124463778, 0.00184986321256, 0.00106999697164, 0.000529511075001, 0.000489890458994, 0.000348370522261, 0.000211024991586, 0.000214899191633, 0.000279969506664, 0.000276526930975, 0.000187166107935, 0.000154244538862, 0.000117263713037, 7.85299853305e-05, 5.88905786572e-05, 6.40988873783e-05, 2.93641114695e-05, 3.94797534682e-05, 3.76071839128e-05, 4.89850644954e-05, 3.25100809278e-05, 3.25162436638e-05, 3.05422327074e-05, 3.04773529933e-05, 2.66817623924e-05, 1.87469777302e-05, 1.64389985002e-05, 1.25619890241e-05, 1.11308627311e-05, 7.9009869296e-06, 6.03436910751e-06, 4.49798835689e-06, 3.6715157421e-06, 2.81397615254e-06, 3.21295033245e-06, 3.01158252114e-06, 3.27032080349e-06, 2.50524158218e-06, 2.13128964788e-06, 1.0957548966e-06],
        "min": [1.57390386448e-05, 4.40282274212e-05, 3.80009114451e-05, 2.90111893264e-05, 1.62125252245e-05, 1.07405376184e-05, 9.41593407333e-06, 6.35127389614e-06, 9.15946475288e-06, 1.15543425636e-05, 7.17406874173e-06, 1.01224068203e-05, 9.19108970265e-06, 6.45579439151e-06, 7.4712352216e-06, 4.06797471442e-06, 2.60391584561e-06, 2.79669711745e-06, 3.09386564368e-06, 4.8225788305e-06, 5.98390533924e-06, 4.2905612645e-06, 1.68641076925e-06, 6.01867395744e-06, 3.70504176317e-06, 2.70409645964e-06, 2.00722706722e-06, 1.82975338703e-06, 1.1236197679e-06, 1.02893693565e-06, 8.16591182229e-07, 5.46462729289e-07, 3.05541590251e-07, 2.30896176845e-07, 2.10396763123e-07, 1.17193202698e-07, 1.41447230817e-07, 1.11766688349e-07, 2.9382805522e-08, 2.53630219049e-08],
