{
"highlevel": {
    "danceability": {
        "all": {
            "danceable": 0.669568121433,
            "not_danceable": 0.330431908369
        },
        "probability": 0.669568121433,
        "value": "danceable"
    },
    "gender": {
        "all": {
            "female": 0.00982662290335,
            "male": 0.990173399448
        },
        "probability": 0.990173399448,
        "value": "male"
    },
    "genre_dortmund": {
        "all": {
            "alternative": 0.0716491416097,
            "blues": 0.208773836493,
            "electronic": 0.012456741184,
            "folkcountry": 0.233250632882,
            "funksoulrnb": 0.00899521168321,
            "jazz": 0.0647364631295,
            "pop": 0.0928413495421,
            "raphiphop": 0.0109368897974,
            "rock": 0.296359717846
        },
        "probability": 0.296359717846,
        "value": "rock"
    },
    "genre_electronic": {
        "all": {
            "ambient": 0.314809769392,
            "dnb": 0.0848463028669,
            "house": 0.508888959885,
            "techno": 0.0217102393508,
            "trance": 0.069744721055
        },
        "probability": 0.508888959885,
        "value": "house"
    },
    "genre_rosamerica": {
        "all": {
            "cla": 0.069782115519,
            "dan": 0.0340527333319,
            "hip": 0.050280187279,
            "jaz": 0.0532427579165,
            "pop": 0.192099794745,
            "rhy": 0.266674637794,
            "roc": 0.299941718578,
            "spe": 0.0339260362089
        },
        "probability": 0.299941718578,
        "value": "roc"
    },
    "genre_tzanetakis": {
        "all": {
            "blu": 0.0626613423228,
            "cla": 0.0348169617355,
            "cou": 0.104475811124,
            "dis": 0.0784321576357,
            "hip": 0.15692435205,
            "jaz": 0.313974827528,
            "met": 0.0448166541755,
            "pop": 0.0627359300852,
            "reg": 0.0627360641956,
            "roc": 0.0784258767962
        },
        "probability": 0.313974827528,
        "value": "jaz"
    },
    "ismir04_rhythm": {
        "all": {
            "ChaChaCha": 0.428751170635,
            "Jive": 0.247823059559,
            "Quickstep": 0.0534147247672,
            "Rumba-American": 0.0119980163872,
            "Rumba-International": 0.0712445676327,
            "Rumba-Misc": 0.0103651117533,
            "Samba": 0.0516198202968,
            "Tango": 0.072668351233,
            "VienneseWaltz": 0.041793782264,
            "Waltz": 0.0103214066476
        },
        "probability": 0.428751170635,
        "value": "ChaChaCha"
    },
    "mood_acoustic": {
        "all": {
            "acoustic": 0.151527866721,
            "not_acoustic": 0.848472118378
        },
        "probability": 0.848472118378,
        "value": "not_acoustic"
    },
    "mood_aggressive": {
        "all": {
            "aggressive": 0.0782081261277,
            "not_aggressive": 0.921791851521
        },
        "probability": 0.921791851521,
        "value": "not_aggressive"
    },
    "mood_electronic": {
        "all": {
            "electronic": 0.210479304194,
            "not_electronic": 0.789520680904
        },
        "probability": 0.789520680904,
        "value": "not_electronic"
    },
    "mood_happy": {
        "all": {
            "happy": 0.167494684458,
            "not_happy": 0.832505345345
        },
        "probability": 0.832505345345,
        "value": "not_happy"
    },
    "mood_party": {
        "all": {
            "not_party": 0.51731222868,
            "party": 0.482687741518
        },
        "probability": 0.51731222868,
        "value": "not_party"
    },
    "mood_relaxed": {
        "all": {
            "not_relaxed": 0.408828914165,
            "relaxed": 0.591171085835
        },
        "probability": 0.591171085835,
        "value": "relaxed"
    },
    "mood_sad": {
        "all": {
            "not_sad": 0.591615974903,
            "sad": 0.408384054899
        },
        "probability": 0.591615974903,
        "value": "not_sad"
    },
    "moods_mirex": {
        "all": {
            "Cluster1": 0.346971720457,
            "Cluster2": 0.228370204568,
            "Cluster3": 0.235625565052,
            "Cluster4": 0.155415698886,
            "Cluster5": 0.0336167924106
        },
        "probability": 0.346971720457,
        "value": "Cluster1"
    },
    "timbre": {
        "all": {
            "bright": 0.980952382088,
            "dark": 0.0190476160496
        },
        "probability": 0.980952382088,
        "value": "bright"
    },
    "tonal_atonal": {
        "all": {
            "atonal": 0.0427768230438,
            "tonal": 0.957223176956
        },
        "probability": 0.957223176956,
        "value": "tonal"
    },
    "voice_instrumental": {
        "all": {
            "instrumental": 0.140990197659,
            "voice": 0.859009802341
        },
        "probability": 0.859009802341,
        "value": "voice"
    }
},
"lowlevel": {
    "average_loudness": 0.945025384426,
    "barkbands_crest": {
        "dmean": 2.18482303619,
        "dmean2": 3.51308178902,
        "dvar": 5.39908313751,
        "dvar2": 13.0231904984,
        "max": 25.4684410095,
        "mean": 10.3921422958,
        "median": 9.22839927673,
        "min": 2.8297958374,
        "var": 24.9531593323
    },
    "barkbands_flatness_db": {
        "dmean": 0.0226246956736,
        "dmean2": 0.0323790870607,
        "dvar": 0.000579824845772,
        "dvar2": 0.00115066976286,
        "max": 0.516301393509,
        "mean": 0.182447776198,
        "median": 0.15709105134,
        "min": 0.0656403973699,
        "var": 0.00749106891453
    },
    "barkbands_kurtosis": {
        "dmean": 4.16698265076,
        "dmean2": 6.56648731232,
        "dvar": 172.386703491,
        "dvar2": 431.901000977,
        "max": 322.777679443,
        "mean": 7.31696653366,
        "median": 2.67213153839,
        "min": -1.91341435909,
        "var": 309.287261963
    },
    "barkbands_skewness": {
        "dmean": 0.591603398323,
        "dmean2": 0.898795008659,
        "dvar": 0.587783575058,
        "dvar2": 1.32147800922,
        "max": 15.1957492828,
        "mean": 1.94595825672,
        "median": 1.74285650253,
        "min": -2.01371598244,
        "var": 2.25996589661
    },
    "barkbands_spread": {
        "dmean": 5.07606840134,
        "dmean2": 7.51823472977,
        "dvar": 37.9704475403,
        "dvar2": 80.2194442749,
        "max": 87.6838607788,
        "mean": 19.9590034485,
        "median": 18.4981613159,
        "min": 0.527655482292,
        "var": 174.210357666
    },
    "dissonance": {
        "dmean": 0.0174774453044,
        "dmean2": 0.0289264153689,
        "dvar": 0.000342742743669,
        "dvar2": 0.000913925992791,
        "max": 0.499626755714,
        "mean": 0.459972590208,
        "median": 0.466612428427,
        "min": 0.283345520496,
        "var": 0.000914687057957
    },
    "dynamic_complexity": 3.53873038292,
    "erbbands_crest": {
        "dmean": 2.19450354576,
        "dmean2": 3.45248055458,
        "dvar": 4.43571376801,
        "dvar2": 10.9192209244,
        "max": 28.3568401337,
        "mean": 9.4900188446,
        "median": 7.98322153091,
        "min": 2.42191076279,
        "var": 25.3352890015
    },
    "erbbands_flatness_db": {
        "dmean": 0.0159379448742,
        "dmean2": 0.0220872499049,
        "dvar": 0.000246591022005,
        "dvar2": 0.000473824387882,
        "max": 0.36763304472,
        "mean": 0.173130780458,
        "median": 0.163471877575,
        "min": 0.0790603086352,
        "var": 0.00237350584939
    },
    "erbbands_kurtosis": {
        "dmean": 0.866798520088,
        "dmean2": 1.32733500004,
        "dvar": 1.79475557804,
        "dvar2": 3.99369120598,
        "max": 19.8101959229,
        "mean": 0.365425765514,
        "median": -0.220659971237,
        "min": -1.81816387177,
        "var": 4.96919345856
    },
    "erbbands_skewness": {
        "dmean": 0.332580238581,
        "dmean2": 0.488756388426,
        "dvar": 0.118486538529,
        "dvar2": 0.251684129238,
        "max": 3.97326540947,
        "mean": 0.227390348911,
        "median": 0.164941683412,
        "min": -3.61170721054,
        "var": 0.669988632202
    },
    "erbbands_spread": {
        "dmean": 8.74304103851,
        "dmean2": 13.3916769028,
        "dvar": 109.329856873,
        "dvar2": 238.753173828,
        "max": 137.950927734,
        "mean": 41.1645011902,
        "median": 37.2558822632,
        "min": 6.08532953262,
        "var": 380.279266357
    },
    "hfc": {
        "dmean": 6.4380812645,
        "dmean2": 8.52707004547,
        "dvar": 105.877288818,
        "dvar2": 193.413604736,
        "max": 191.960296631,
        "mean": 16.442111969,
        "median": 8.42952919006,
        "min": 0.0128765199333,
        "var": 392.180908203
    },
    "melbands_crest": {
        "dmean": 2.69735002518,
        "dmean2": 4.33749818802,
        "dvar": 6.47684669495,
        "dvar2": 16.3422546387,
        "max": 28.4343986511,
        "mean": 14.8458604813,
        "median": 14.6917600632,
        "min": 3.62968230247,
        "var": 19.3294658661
    },
    "melbands_flatness_db": {
        "dmean": 0.0281577147543,
        "dmean2": 0.0385456904769,
        "dvar": 0.000985484453849,
        "dvar2": 0.00187869055662,
        "max": 0.658126413822,
        "mean": 0.243434682488,
        "median": 0.217954218388,
        "min": 0.0483676679432,
        "var": 0.0125867808238
    },
    "melbands_kurtosis": {
        "dmean": 9.91635608673,
        "dmean2": 15.5355978012,
        "dvar": 470.638305664,
        "dvar2": 1145.50280762,
        "max": 414.361328125,
        "mean": 20.1996898651,
        "median": 10.559346199,
        "min": -1.80768311024,
        "var": 1023.51208496
    },
    "melbands_skewness": {
        "dmean": 0.827166795731,
        "dmean2": 1.2751750946,
        "dvar": 1.128713727,
        "dvar2": 2.58245944977,
        "max": 12.4903879166,
        "mean": 3.19718027115,
        "median": 2.7948319912,
        "min": -0.307452529669,
        "var": 3.53592848778
    },
    "melbands_spread": {
        "dmean": 6.37614202499,
        "dmean2": 9.49810791016,
        "dvar": 91.7587661743,
        "dvar2": 171.338989258,
        "max": 215.48550415,
        "mean": 20.112405777,
        "median": 15.4091243744,
        "min": 0.488259464502,
        "var": 361.268890381
    },
    "pitch_salience": {
        "dmean": 0.0631597936153,
        "dmean2": 0.102237813175,
        "dvar": 0.00399035541341,
        "dvar2": 0.00987812783569,
        "max": 0.823700428009,
        "mean": 0.528158247471,
        "median": 0.535858929157,
        "min": 0.0855145826936,
        "var": 0.0142592974007
    },
    "silence_rate_20dB": {
        "dmean": 0,
        "dmean2": 0,
        "dvar": 0,
        "dvar2": 0,
        "max": 1,
        "mean": 1,
        "median": 1,
        "min": 1,
        "var": 0
    },
    "silence_rate_30dB": {
        "dmean": 0.0417956672609,
        "dmean2": 0.0836560800672,
        "dvar": 0.0400489605963,
        "dvar2": 0.112288706005,
        "max": 1,
        "mean": 0.976024746895,
        "median": 1,
        "min": 0,
        "var": 0.0234000775963
    },
    "silence_rate_60dB": {
        "dmean": 0.0193498451263,
        "dmean2": 0.0379550717771,
        "dvar": 0.0189753696322,
        "dvar2": 0.0396130569279,
        "max": 1,
        "mean": 0.0502706877887,
        "median": 0,
        "min": 0,
        "var": 0.0477431155741
    },
    "spectral_centroid": {
        "dmean": 270.878234863,
        "dmean2": 404.572357178,
        "dvar": 99395.6015625,
        "dvar2": 205811.453125,
        "max": 4922.96972656,
        "mean": 1227.87976074,
        "median": 1128.85595703,
        "min": 144.484802246,
        "var": 505428.59375
    },
    "spectral_complexity": {
        "dmean": 4.36222887039,
        "dmean2": 5.69558477402,
        "dvar": 30.3874015808,
        "dvar2": 47.4865684509,
        "max": 58,
        "mean": 16.6999225616,
        "median": 14,
        "min": 0,
        "var": 143.959335327
    },
    "spectral_decrease": {
        "dmean": 2.72243960708e-09,
        "dmean2": 3.98306765348e-09,
        "dvar": 3.11034237088e-17,
        "dvar2": 6.81507687761e-17,
        "max": -1.88362520026e-11,
        "mean": -6.37005115323e-09,
        "median": -4.43574244002e-09,
        "min": -4.76529393723e-08,
        "var": 4.44180404858e-17
    },
    "spectral_energy": {
        "dmean": 0.0107074789703,
        "dmean2": 0.0155723067001,
        "dvar": 0.000465813354822,
        "dvar2": 0.00101272331085,
        "max": 0.184722110629,
        "mean": 0.025533400476,
        "median": 0.0175487808883,
        "min": 7.22603144823e-05,
        "var": 0.000695311638992
    },
    "spectral_energyband_high": {
        "dmean": 0.000409550382756,
        "dmean2": 0.000549749296624,
        "dvar": 5.65670291053e-07,
        "dvar2": 1.10167536604e-06,
        "max": 0.0135640157387,
        "mean": 0.000766313751228,
        "median": 0.000192861567484,
        "min": 3.99379409544e-08,
        "var": 1.92168226931e-06
    },
    "spectral_energyband_low": {
        "dmean": 0.00707598589361,
        "dmean2": 0.0109373321757,
        "dvar": 0.000298598926747,
        "dvar2": 0.000672221009154,
        "max": 0.145343214273,
        "mean": 0.0121514527127,
        "median": 0.00778626929969,
        "min": 4.34767534898e-05,
        "var": 0.000319102371577
    },
    "spectral_energyband_middle_high": {
        "dmean": 0.00199731183238,
        "dmean2": 0.0029625678435,
        "dvar": 1.54313675012e-05,
        "dvar2": 3.60586273018e-05,
        "max": 0.0528528466821,
        "mean": 0.00445957155898,
        "median": 0.00177687301766,
        "min": 3.1076061191e-07,
        "var": 3.83138140023e-05
    },
    "spectral_energyband_middle_low": {
        "dmean": 0.00409022253007,
        "dmean2": 0.00641668960452,
        "dvar": 6.31770890323e-05,
        "dvar2": 0.000164078606758,
        "max": 0.0805710330606,
        "mean": 0.00940650701523,
        "median": 0.00662585254759,
        "min": 2.3051086373e-06,
        "var": 9.41657999647e-05
    },
    "spectral_entropy": {
        "dmean": 0.170552462339,
        "dmean2": 0.231166705489,
        "dvar": 0.0371366553009,
        "dvar2": 0.0668706297874,
        "max": 8.46580600739,
        "mean": 7.30890703201,
        "median": 7.50870323181,
        "min": 4.92954397202,
        "var": 0.435674190521
    },
    "spectral_flux": {
        "dmean": 0.0273770224303,
        "dmean2": 0.0380782857537,
        "dvar": 0.0015191223938,
        "dvar2": 0.0025867507793,
        "max": 0.355310440063,
        "mean": 0.0746741965413,
        "median": 0.0566469803452,
        "min": 0.00192133511882,
        "var": 0.00401758775115
    },
    "spectral_kurtosis": {
        "dmean": 2.65761089325,
        "dmean2": 4.48525619507,
        "dvar": 16.4813251495,
        "dvar2": 46.959072113,
        "max": 87.5271224976,
        "mean": 5.58255577087,
        "median": 2.99764871597,
        "min": -0.352721452713,
        "var": 74.3919372559
    },
    "spectral_rms": {
        "dmean": 0.000880975916516,
        "dmean2": 0.00121110049076,
        "dvar": 1.89955119367e-06,
        "dvar2": 3.69734016203e-06,
        "max": 0.0134244812652,
        "mean": 0.00451332144439,
        "median": 0.00413772417232,
        "min": 0.000265514361672,
        "var": 4.54060000266e-06
    },
    "spectral_rolloff": {
        "dmean": 379.563568115,
        "dmean2": 613.572937012,
        "dvar": 426497.1875,
        "dvar2": 846760.75,
        "max": 7450.48828125,
        "mean": 1119.8927002,
        "median": 732.12890625,
        "min": 86.1328125,
        "var": 1333124
    },
    "spectral_skewness": {
        "dmean": 0.303719192743,
        "dmean2": 0.485207736492,
        "dvar": 0.104519210756,
        "dvar2": 0.267142564058,
        "max": 7.55625724792,
        "mean": 1.51510250568,
        "median": 1.29834091663,
        "min": -0.0324681513011,
        "var": 0.829749405384
    },
    "spectral_spread": {
        "dmean": 437263.21875,
        "dmean2": 639163,
        "dvar": 246301769728,
        "dvar2": 483259547648,
        "max": 11673178,
        "mean": 3895615.5,
        "median": 3938774.25,
        "min": 1065948.625,
        "var": 1.1300381655e+12
    },
    "spectral_strongpeak": {
        "dmean": 0.321766346693,
        "dmean2": 0.57711160183,
        "dvar": 0.787037193775,
        "dvar2": 2.00367593765,
        "max": 12.8031463623,
        "mean": 0.58305811882,
        "median": 0.362543463707,
        "min": 0,
        "var": 0.857077002525
    },
    "zerocrossingrate": {
        "dmean": 0.00879737734795,
        "dmean2": 0.0101771280169,
        "dvar": 0.000104301027022,
        "dvar2": 0.00012870838691,
        "max": 0.2724609375,
        "mean": 0.0464354343712,
        "median": 0.04248046875,
        "min": 0.0029296875,
        "var": 0.000935321790166
    },
    "barkbands": {
        "dmean": [0.000133640103741, 0.00490088062361, 0.00286439876072, 0.00146475282963, 0.00175434409175, 0.000746218196582, 0.000403402635129, 0.000447201135103, 0.000525292125531, 0.00050077738706, 0.000255521415966, 0.000303441222059, 0.000352952978574, 0.000431988941273, 0.00038381991908, 0.000313703116262, 0.000188349207747, 0.000139370866236, 9.64357386692e-05, 0.000241215195274, 0.000153033586685, 0.000122072786326, 7.47632002458e-05, 3.10265750159e-05, 1.74815904757e-05, 4.34729872723e-06, 2.09809836171e-09],
        "dmean2": [0.000216215150431, 0.0077875633724, 0.00516777997836, 0.00261194212362, 0.00288623734377, 0.00115354161244, 0.000613483483903, 0.000684059865307, 0.000781333248597, 0.000711585453246, 0.000390021159546, 0.000481689698063, 0.000584076158702, 0.000687543011736, 0.000603868975304, 0.000497454078868, 0.000295882957289, 0.000204513416975, 0.000139881914947, 0.000341663049767, 0.000220853093197, 0.000175095614395, 0.000108148495201, 4.57960049971e-05, 2.56870316662e-05, 6.58143608234e-06, 3.51965323553e-09],
        "dvar": [5.09650881497e-08, 0.000162223019288, 6.40274665784e-05, 1.52843367687e-05, 1.5513451217e-05, 2.16504713535e-06, 1.63475442605e-06, 9.33481771881e-07, 1.32894297167e-06, 1.28248666442e-06, 3.40010188893e-07, 4.44944276978e-07, 8.53178164562e-07, 1.2545312984e-06, 7.36660979328e-07, 6.76482216022e-07, 1.21195654401e-07, 7.69459589378e-08, 3.39122046e-08, 7.95391088104e-07, 1.09088070133e-07, 6.07194081681e-08, 7.51657935893e-08, 3.46551232155e-09, 1.15033216286e-09, 8.70510191708e-11, 2.36714871464e-16],
        "dvar2": [1.23314521261e-07, 0.000375057948986, 0.000183181778993, 4.42889504484e-05, 4.24608842877e-05, 4.70726263302e-06, 3.73387319996e-06, 2.06294976124e-06, 2.56107864516e-06, 2.47110688179e-06, 7.66808511798e-07, 1.15954287594e-06, 2.26528482017e-06, 2.98998634207e-06, 1.85442127076e-06, 1.85147257525e-06, 2.90928227287e-07, 1.56239579496e-07, 7.25603399587e-08, 1.23451536638e-06, 2.22850715659e-07, 1.33187043616e-07, 1.73718461838e-07, 7.78950681735e-09, 2.6075597237e-09, 2.06183320417e-10, 2.73979847751e-16],
        "max": [0.00260944291949, 0.118349701166, 0.0620909444988, 0.0373732894659, 0.0422922894359, 0.0309433098882, 0.0315865427256, 0.0114593934268, 0.0191669240594, 0.0200986564159, 0.00836882647127, 0.00790406111628, 0.0111008286476, 0.0166952628642, 0.00857525411993, 0.0110311610624, 0.00401306152344, 0.00533562526107, 0.00303903827444, 0.0321994014084, 0.00708781462163, 0.00482555711642, 0.00762887857854, 0.000857600651216, 0.000469414022518, 0.00010543508688, 5.11563484906e-07],
        "mean": [0.000143348952406, 0.00719171902165, 0.00375121622346, 0.00194192980416, 0.0028147995472, 0.00162056111731, 0.000785159296356, 0.000767557532527, 0.00104878051206, 0.000880746461917, 0.000428131577792, 0.000453932065284, 0.000446674530394, 0.000567943847273, 0.000527506286744, 0.000404592166888, 0.000317419267958, 0.000237971267779, 0.000153838554979, 0.000409123895224, 0.000278938823612, 0.00017973606009, 0.000110115754069, 4.44161996711e-05, 2.23804308916e-05, 4.87043416797e-06, 1.65438962529e-09],
        "median": [5.87311224081e-05, 0.00372798554599, 0.00215244293213, 0.00084140652325, 0.00189307203982, 0.000620064500254, 0.000202596536838, 0.000255134131294, 0.000296739628538, 0.000172663058038, 8.32393197925e-05, 0.000146427701111, 9.94543006527e-05, 6.83507896611e-05, 0.000115836613986, 8.95559569472e-05, 0.000127745151985, 7.04484409653e-05, 5.33881466254e-05, 0.000101821708085, 5.95303536102e-05, 4.23930105171e-05, 2.22120652325e-05, 1.27603489091e-05, 5.69442727283e-06, 7.30474937427e-07, 3.37350092305e-10],
        "min": [1.69700086872e-07, 7.85909469414e-06, 2.49542540587e-06, 8.03709028219e-08, 3.28942860506e-07, 3.20209849747e-08, 1.75722504991e-07, 7.93788998976e-08, 1.1169704095e-07, 1.1942510092e-08, 1.87571203014e-09, 3.72981325825e-08, 1.02800514767e-08, 1.59435433744e-08, 3.59206033806e-08, 4.91856111395e-09, 6.44953379592e-09, 4.53784165799e-09, 4.82955586634e-09, 5.21664711428e-09, 5.40179101449e-09, 5.89659654437e-09, 4.75870853833e-09, 1.68549862956e-09, 8.91419368876e-11, 1.36041516594e-11, 1.59719910908e-11],
        "var": [6.0003223723e-08, 0.000160366864293, 4.38549395767e-05, 1.16845885714e-05, 1.42275157486e-05, 9.64462014963e-06, 5.81169069847e-06, 1.62308981544e-06, 3.61734464605e-06, 3.46094338965e-06, 9.57471343099e-07, 6.58772421502e-07, 1.02741648789e-06, 2.24478117161e-06, 1.07949483663e-06, 8.24168182589e-07, 2.24343239097e-07, 1.82083056188e-07, 6.88453098974e-08, 2.19277012548e-06, 3.35387284167e-07, 1.26424609448e-07, 1.45627339521e-07, 6.07816241782e-09, 1.74363978811e-09, 1.01492418636e-10, 2.29732328894e-16]
    },
    "erbbands": {
        "dmean": [0.116535387933, 1.2282885313, 3.24280953407, 3.98082399368, 6.83739757538, 4.89125537872, 5.13495254517, 6.85808849335, 6.89079523087, 5.68803310394, 10.224146843, 11.7228507996, 16.2787094116, 12.0807342529, 9.57306003571, 13.6758775711, 15.4368104935, 19.3687858582, 21.4434356689, 20.8835792542, 12.1121578217, 9.21411037445, 8.07528114319, 5.45219182968, 7.44247102737, 11.1083879471, 5.40203332901, 6.42062091827, 4.41722393036, 3.42768335342, 1.81350755692, 0.849659740925, 0.436592042446, 0.196860358119, 0.133140861988, 0.0354828648269, 0.00473524443805, 0.000234093342442, 1.1557540347e-05, 1.2747744222e-05],
        "dmean2": [0.185137584805, 1.98397195339, 5.71465444565, 7.04688119888, 11.8592472076, 7.91936826706, 8.26799964905, 10.3896837234, 10.2535638809, 8.61624240875, 15.6804132462, 17.8775634766, 23.5790729523, 17.6474285126, 14.3398981094, 21.5305252075, 25.2929363251, 30.2225933075, 34.4210853577, 33.2742919922, 19.2103042603, 14.1655673981, 11.8404626846, 8.14717102051, 10.5197525024, 15.7475223541, 7.73044538498, 9.21581745148, 6.36425161362, 5.0088353157, 2.69649004936, 1.24000549316, 0.640367686749, 0.298769205809, 0.19539155066, 0.0532389543951, 0.00719659170136, 0.000361877930118, 1.57763006428e-05, 1.82755866263e-05],
        "dvar": [0.10514035821, 10.2621679306, 79.2537918091, 115.412849426, 265.932769775, 146.114501953, 94.8514022827, 248.521194458, 468.703308105, 154.904708862, 478.393768311, 740.541625977, 1349.22192383, 751.493591309, 504.156433105, 956.524780273, 1592.07995605, 2064.32104492, 3366.9453125, 2680.21875, 703.731262207, 326.286651611, 248.605484009, 136.592315674, 473.610595703, 1449.45446777, 110.489257812, 223.147079468, 69.3975448608, 158.009887695, 35.884147644, 3.07769179344, 0.708029091358, 0.145694762468, 0.0778327733278, 0.00567694846541, 0.000137954528327, 4.73814509405e-07, 4.9418480419e-10, 6.12656481103e-10],
        "dvar2": [0.248172730207, 24.6670360565, 222.142547607, 329.764892578, 760.299133301, 379.481323242, 239.477493286, 527.633666992, 1035.43225098, 317.791809082, 1075.71520996, 1504.70837402, 2637.92797852, 1546.24523926, 1168.1796875, 2504.28369141, 4150.76855469, 4954.14501953, 8688.10839844, 7020.8125, 1786.32568359, 787.692504883, 518.588806152, 327.546203613, 806.239074707, 2292.11499023, 218.035140991, 461.812988281, 147.610153198, 369.392883301, 79.2502822876, 6.8086514473, 1.63174951077, 0.337658405304, 0.180731534958, 0.013246239163, 0.000333296949975, 1.11938720693e-06, 1.00339414555e-09, 1.29364907675e-09],
        "max": [3.18437767029, 28.0180530548, 74.892906189, 108.353294373, 196.32484436, 170.624481201, 111.543640137, 403.215362549, 549.978393555, 162.817184448, 303.458648682, 489.771759033, 508.683929443, 526.494445801, 362.771057129, 390.489868164, 591.716552734, 583.418640137, 789.530151367, 641.461853027, 299.570220947, 219.429244995, 298.077667236, 193.527145386, 680.448303223, 1363.22473145, 229.199829102, 295.269836426, 115.123725891, 384.649139404, 194.478668213, 38.9720077515, 10.6078109741, 4.54878807068, 3.76457834244, 0.723716616631, 0.206602796912, 0.010919239372, 0.000276039267192, 0.000213560677366],
        "mean": [0.134067177773, 1.86768913269, 4.59429311752, 5.79804849625, 9.11260700226, 7.75102853775, 10.6138381958, 14.1331415176, 12.8939561844, 12.0314044952, 16.9169998169, 23.4357814789, 32.983669281, 21.2592601776, 18.1847877502, 20.840555191, 21.3431491852, 26.8334541321, 28.2365322113, 30.0243701935, 19.5026397705, 16.1748771667, 13.5484962463, 8.79967975616, 12.4904384613, 18.7049217224, 10.0214138031, 11.1877317429, 6.94731712341, 4.92102098465, 2.8250014782, 1.27803194523, 0.585866272449, 0.250773221254, 0.162639260292, 0.042165890336, 0.00539062032476, 0.000267228402663, 2.26176580327e-05, 3.11128569592e-05],
        "median": [0.0329352244735, 1.05522155762, 2.54248762131, 2.64397168159, 5.40115594864, 4.53280162811, 4.965487957, 3.62969255447, 3.33852171898, 3.8101606369, 6.4629445076, 6.81904029846, 7.16541242599, 6.29015731812, 5.2736954689, 6.70165109634, 5.36878728867, 4.49209785461, 6.5098938942, 5.62353372574, 6.00440073013, 6.95697832108, 4.61686992645, 3.30809998512, 3.59816527367, 4.6993598938, 2.92358899117, 2.07396268845, 1.66856384277, 0.876013636589, 0.608387708664, 0.367701649666, 0.156976461411, 0.0671408772469, 0.0374089069664, 0.0078830095008, 0.000647911685519, 2.4996814318e-05, 1.14892536658e-05, 2.09925528907e-05],
        "min": [0.000247585965553, 0.00224535726011, 0.00862221047282, 0.00163108040579, 0.000500531110447, 0.00159367988817, 0.000582279521041, 0.000222798349569, 0.00344782648608, 0.00129846238997, 0.00221646321006, 0.00293596414849, 0.00113983545452, 0.000387080042856, 0.000346043816535, 0.00260048545897, 0.000651631737128, 0.00119449396152, 0.00172125129029, 0.00113451329526, 0.000573476077989, 0.000336045835866, 0.000371426460333, 0.000221034846618, 0.000222787028179, 0.000249257020187, 0.000250580371358, 0.000204677096917, 0.00023013689497, 0.000180911825737, 0.000130330663524, 5.55074220756e-05, 1.4527337953e-05, 7.11112761564e-06, 3.03713682115e-06, 6.30719614492e-06, 7.77721027134e-07, 1.69991309917e-07, 7.79822002528e-08, 8.35489046835e-08],
        "var": [0.0961719378829, 9.69139289856, 57.4231071472, 91.2935333252, 211.21913147, 139.476913452, 193.34588623, 1259.98327637, 1729.11645508, 420.836334229, 844.904418945, 1792.93615723, 4205.30273438, 1775.01049805, 1262.79785156, 1400.89208984, 2165.79052734, 3559.5078125, 4093.56274414, 4163.26660156, 1080.73815918, 547.047485352, 545.370727539, 224.853713989, 1208.92346191, 4153.29785156, 361.802581787, 653.735839844, 162.681869507, 244.954147339, 84.1569366455, 6.36285972595, 1.14286792278, 0.205618217587, 0.110364481807, 0.00700052175671, 0.000154380250024, 5.27279553353e-07, 8.75671313239e-10, 1.00973163164e-09]
    },
    "gfcc": {
        "mean": [-42.1408653259, 124.071975708, -120.513717651, 54.9257469177, -57.0568733215, 17.2356014252, -29.8295383453, 3.15318775177, -16.2993431091, -3.99568033218, -15.8147449493, -7.94730043411, -3.29942131042],
        "cov": [[10360.5136719, -2405.62890625, -2103.234375, 158.328063965, -969.02746582, 733.995544434, -408.461212158, 124.344261169, -996.545471191, 134.697036743, -387.296112061, 44.5283432007, -93.9768753052], [-2405.62890625, 1495.34399414, 378.167541504, -248.333084106, 449.287139893, -373.236694336, 192.964355469, -117.625350952, 449.610107422, -141.208084106, 234.069854736, -53.6041030884, 124.76701355], [-2103.234375, 378.167541504, 934.644470215, 106.239341736, 222.080322266, -74.8108825684, 116.578681946, 13.5835428238, 198.205413818, 61.0625724792, 74.7348632812, -3.70215821266, -55.7322158813], [158.328063965, -248.333084106, 106.239341736, 399.750762939, -42.7430839539, -16.8969364166, -35.8383331299, -32.436252594, -30.7745323181, -37.3061408997, -11.9939899445, 38.8444290161, 40.2869720459], [-969.02746582, 449.287139893, 222.080322266, -42.7430839539, 315.473632812, -82.1956787109, 66.9292907715, -13.6921005249, 152.129211426, -37.7864303589, 42.7834129333, 11.437374115, 25.5613899231], [733.995544434, -373.236694336, -74.8108825684, -16.8969364166, -82.1956787109, 289.68371582, 21.4027366638, 46.3813819885, -189.948425293, 29.7092056274, -69.5139083862, -55.2677345276, -85.3206863403], [-408.461212158, 192.964355469, 116.578681946, -35.8383331299, 66.9292907715, 21.4027366638, 158.190933228, 8.9044380188, 51.5876846313, 1.70721662045, 31.1162052155, -49.9755706787, -26.0792350769], [124.344261169, -117.625350952, 13.5835428238, -32.436252594, -13.6921005249, 46.3813819885, 8.9044380188, 96.489402771, -9.10159015656, 43.3808364868, -20.9848995209, -4.72122859955, -25.609292984], [-996.545471191, 449.610107422, 198.205413818, -30.7745323181, 152.129211426, -189.948425293, 51.5876846313, -9.10159015656, 304.324462891, 8.72188186646, 80.1205749512, 27.6362075806, 54.0474319458], [134.697036743, -141.208084106, 61.0625724792, -37.3061408997, -37.7864303589, 29.7092056274, 1.70721662045, 43.3808364868, 8.72188186646, 127.331016541, 7.82440710068, 7.64677476883, -41.959651947], [-387.296112061, 234.069854736, 74.7348632812, -11.9939899445, 42.7834129333, -69.5139083862, 31.1162052155, -20.9848995209, 80.1205749512, 7.82440710068, 119.456123352, 1.89358091354, 21.5120220184], [44.5283432007, -53.6041030884, -3.70215821266, 38.8444290161, 11.437374115, -55.2677345276, -49.9755706787, -4.72122859955, 27.6362075806, 7.64677476883, 1.89358091354, 117.564002991, 52.5174674988], [-93.9768753052, 124.76701355, -55.7322158813, 40.2869720459, 25.5613899231, -85.3206863403, -26.0792350769, -25.609292984, 54.0474319458, -41.959651947, 21.5120220184, 52.5174674988, 109.408874512]],
        "icov": [[0.000334834243404, -0.000442028831458, 0.000794864492491, -0.000636456534266, 0.000392869464122, -0.00059891102137, 0.00029568572063, -0.000325860106386, 0.000400702207116, -0.000907340145204, 0.000476988527225, -0.000565572991036, 0.000498086214066], [-0.000442028831458, 0.0101413726807, -0.00312572903931, 0.00720383692533, -0.00569208199158, 0.00555588956922, -0.00416401028633, 0.00519078923389, -0.00405488954857, 0.00861638318747, -0.00805171765387, 0.00759220309556, -0.00705814361572], [0.000794864492491, -0.00312572903931, 0.00422342540696, -0.00387117057107, 0.000934446055908, -0.00229997071438, 0.000907206209376, -0.00190005812328, 0.000992021989077, -0.0046088504605, 0.00232944637537, -0.00309217791073, 0.00435234233737], [-0.000636456534266, 0.00720383692533, -0.00387117057107, 0.00875605177134, -0.00316649815068, 0.00420776149258, -0.0027805250138, 0.00446265144274, -0.00256111542694, 0.0077064819634, -0.00545761687681, 0.00494711007923, -0.00663583166897], [0.000392869464122, -0.00569208199158, 0.000934446055908, -0.00316649815068, 0.00879366602749, -0.00373957050033, 0.00136049697176, -0.00286335800774, 0.000399693060899, -0.00240354659036, 0.00463956035674, -0.00551493512467, 0.00376964756288], [-0.00059891102137, 0.00555588956922, -0.00229997071438, 0.00420776149258, -0.00373957050033, 0.0116705726832, -0.00454207789153, 0.00104220083449, 0.00223653204739, 0.00404710043222, -0.00296011404134, 0.00541253108531, -0.00200393539853], [0.00029568572063, -0.00416401028633, 0.000907206209376, -0.0027805250138, 0.00136049697176, -0.00454207789153, 0.0114772850648, -0.00270588044077, -0.000183614130947, -0.00292477523908, 0.00138389447238, 0.000151634565555, 0.00335511658341], [-0.000325860106386, 0.00519078923389, -0.00190005812328, 0.00446265144274, -0.00286335800774, 0.00104220083449, -0.00270588044077, 0.0165344774723, -0.00328271859325, 0.000494102190714, -0.00156287802383, 0.00367834419012, -0.00375073612668], [0.000400702207116, -0.00405488954857, 0.000992021989077, -0.00256111542694, 0.000399693060899, 0.00223653204739, -0.000183614130947, -0.00328271859325, 0.0105199413374, -0.00590226380154, 0.00224982039072, -0.00274522369727, 0.000670244917274], [-0.000907340145204, 0.00861638318747, -0.0046088504605, 0.0077064819634, -0.00240354659036, 0.00404710043222, -0.00292477523908, 0.000494102190714, -0.00590226380154, 0.0214495696127, -0.00938599649817, 0.00316802575253, -0.00118793710135], [0.000476988527225, -0.00805171765387, 0.00232944637537, -0.00545761687681, 0.00463956035674, -0.00296011404134, 0.00138389447238, -0.00156287802383, 0.00224982039072, -0.00938599649817, 0.0182265881449, -0.00506679620594, 0.00349696702324], [-0.000565572991036, 0.00759220309556, -0.00309217791073, 0.00494711007923, -0.00551493512467, 0.00541253108531, 0.000151634565555, 0.00367834419012, -0.00274522369727, 0.00316802575253, -0.00506679620594, 0.0196170713753, -0.0119831329212], [0.000498086214066, -0.00705814361572, 0.00435234233737, -0.00663583166897, 0.00376964756288, -0.00200393539853, 0.00335511658341, -0.00375073612668, 0.000670244917274, -0.00118793710135, 0.00349696702324, -0.0119831329212, 0.0240334477276]]
    },
    "melbands": {
        "dmean": [0.00122346216813, 0.00162455521058, 0.000776870176196, 0.00044638212421, 0.000167418882484, 0.000147776081576, 9.63581769611e-05, 6.6404856625e-05, 8.26788964332e-05, 7.87733370089e-05, 8.18311164039e-05, 5.11804064445e-05, 3.52069473593e-05, 3.34208525601e-05, 3.7795110984e-05, 3.3372631151e-05, 3.74819101125e-05, 3.7216275814e-05, 2.7709045753e-05, 2.87182137981e-05, 1.3505113202e-05, 1.05924236777e-05, 1.0322617527e-05, 6.2440703914e-06, 4.51675396107e-06, 3.63976459994e-06, 1.03423853943e-05, 6.45856471237e-06, 3.20034882861e-06, 4.03315425501e-06, 3.93876644011e-06, 2.63709762294e-06, 2.4420291993e-06, 1.82040639629e-06, 1.185668566e-06, 7.06019193331e-07, 4.80068365505e-07, 3.34082926656e-07, 2.36391016983e-07, 1.51961231154e-07],
        "dmean2": [0.00193920254242, 0.00271150958724, 0.00137848686427, 0.000744938268326, 0.000266298971837, 0.000221976442845, 0.000143732817378, 0.000100847966678, 0.000127010149299, 0.000118222465971, 0.000118552612548, 7.48891761759e-05, 5.29353928869e-05, 5.26067487954e-05, 6.15441749687e-05, 5.50162076252e-05, 5.83500041103e-05, 6.06105495535e-05, 4.33159621025e-05, 4.66618548671e-05, 2.12031882256e-05, 1.68173646671e-05, 1.61156058311e-05, 9.3908602139e-06, 7.05276806912e-06, 5.29537237526e-06, 1.51903650476e-05, 9.33599494601e-06, 4.79152868138e-06, 6.00730709266e-06, 5.7575593928e-06, 3.91469029637e-06, 3.67401889889e-06, 2.74252829513e-06, 1.81951884315e-06, 1.06330253402e-06, 7.25258018974e-07, 5.00515056956e-07, 3.58525738875e-07, 2.38471329794e-07],
        "dvar": [1.05921581053e-05, 1.8127138901e-05, 4.16517332269e-06, 1.12441273359e-06, 1.0318240129e-07, 1.02007284397e-07, 8.66042242365e-08, 2.13880237965e-08, 3.00557658761e-08, 3.31596403669e-08, 3.38327481586e-08, 1.42047600349e-08, 6.80834766342e-09, 5.54866774749e-09, 9.53579526453e-09, 6.53996501399e-09, 7.89696752435e-09, 1.24384085254e-08, 3.92118870707e-09, 6.19766948873e-09, 7.41851025055e-10, 4.57042292901e-10, 4.36156749606e-10, 1.52039658641e-10, 1.08728755166e-10, 4.76300873742e-11, 1.9913215521e-09, 3.69760555508e-10, 3.85069059972e-11, 6.35357183532e-11, 1.06709814596e-10, 2.5708307011e-11, 3.4608402949e-11, 6.48368025935e-11, 1.5801719308e-11, 4.28622762283e-12, 8.55942703867e-13, 4.44911875353e-13, 2.05048489039e-13, 9.69885386197e-14],
        "dvar2": [2.43538452196e-05, 4.72625797556e-05, 1.19962860481e-05, 3.14416092806e-06, 2.54767797969e-07, 2.1204655809e-07, 1.97951493419e-07, 4.41062333323e-08, 6.83778011989e-08, 6.45679207878e-08, 6.69375239681e-08, 2.92258395262e-08, 1.48873375849e-08, 1.44649856537e-08, 2.55227146084e-08, 1.7386199147e-08, 1.87586124412e-08, 3.1770547082e-08, 9.36638322457e-09, 1.71390439618e-08, 1.79229020514e-09, 1.13731546403e-09, 1.03587338707e-09, 3.36048300298e-10, 2.78357670247e-10, 1.02996638995e-10, 3.40428418788e-09, 6.27254692631e-10, 8.1766267368e-11, 1.35601668783e-10, 2.30679836344e-10, 5.73177096064e-11, 7.86158221855e-11, 1.61275645616e-10, 3.67489857989e-11, 9.97671043002e-12, 1.98374454884e-12, 1.05930477064e-12, 4.74992007532e-13, 2.35460007611e-13],
        "max": [0.0322329737246, 0.0380081422627, 0.0183754712343, 0.0115305101499, 0.00391837023199, 0.00771510181949, 0.00756185455248, 0.0018832902424, 0.00241008866578, 0.00350728188641, 0.00247484864667, 0.00231881206855, 0.00134733389132, 0.000948149419855, 0.00122668221593, 0.00124937761575, 0.00115735770669, 0.00174195878208, 0.000739674316719, 0.00102364795748, 0.000317751400871, 0.000253592501394, 0.000319006212521, 0.000177827605512, 0.000170503582922, 0.000123151388834, 0.00148863263894, 0.000666147854645, 0.000129909778479, 0.000128788175061, 0.000197929155547, 5.69246294617e-05, 0.000132144254167, 0.000231391109992, 0.000125729726278, 6.24482272542e-05, 1.24477573991e-05, 8.66325626703e-06, 4.30261025031e-06, 4.23601977673e-06],
        "mean": [0.00166912237182, 0.0025312223006, 0.00110383413266, 0.000642097729724, 0.00034683328704, 0.000311095413053, 0.000185718236025, 0.000132837187266, 0.000134142712341, 0.000157390240929, 0.000161312418641, 8.38943597046e-05, 6.27359258942e-05, 5.31729710929e-05, 4.8809346481e-05, 4.5204826165e-05, 5.01193244418e-05, 4.57417590951e-05, 3.90546811104e-05, 3.63694889529e-05, 2.10867710848e-05, 1.74431825144e-05, 1.51394315253e-05, 1.010640608e-05, 6.63780474497e-06, 5.63716139368e-06, 1.62171436386e-05, 1.08046970126e-05, 5.61460319659e-06, 6.8603994805e-06, 6.35230344415e-06, 3.94135440729e-06, 3.25050700667e-06, 2.50556149695e-06, 1.78087873337e-06, 1.04931166334e-06, 6.65207721795e-07, 4.26125637887e-07, 2.97694299434e-07, 1.80777561809e-07],
        "median": [0.00067980226595, 0.00162236357573, 0.000664208550006, 0.000399866927182, 0.000175388238858, 9.16659482755e-05, 4.97111759614e-05, 4.39477771579e-05, 4.54351284134e-05, 4.29995307059e-05, 3.33331045113e-05, 2.33168193517e-05, 1.44764389916e-05, 1.68940932781e-05, 1.33969479066e-05, 1.01006880868e-05, 6.47326442049e-06, 9.11107235879e-06, 7.88120087236e-06, 6.94312529959e-06, 6.25030770607e-06, 6.78610149407e-06, 4.97280507261e-06, 3.19939317706e-06, 2.44406828642e-06, 1.75543061687e-06, 3.99306554755e-06, 2.71469161817e-06, 1.77163451553e-06, 1.37903509767e-06, 1.12361476567e-06, 1.00723809737e-06, 5.68869324979e-07, 4.34199336041e-07, 3.35064129331e-07, 2.96425838542e-07, 1.80720647336e-07, 9.95727020836e-08, 7.54795408398e-08, 4.36086438071e-08],
