{
"highlevel": {
    "danceability": {
        "all": {
            "danceable": 0.931098341942,
            "not_danceable": 0.0689016357064
        },
        "probability": 0.931098341942,
        "value": "danceable"
    },
    "gender": {
        "all": {
            "female": 0.0439766086638,
            "male": 0.956023395061
        },
        "probability": 0.956023395061,
        "value": "male"
    },
    "genre_dortmund": {
        "all": {
            "alternative": 0.0583201125264,
            "blues": 0.0667067393661,
            "electronic": 0.0337195284665,
            "folkcountry": 0.0906517282128,
            "funksoulrnb": 0.076924815774,
            "jazz": 0.221556037664,
            "pop": 0.0711673051119,
            "raphiphop": 0.271032780409,
            "rock": 0.109920956194
        },
        "probability": 0.271032780409,
        "value": "raphiphop"
    },
    "genre_electronic": {
        "all": {
            "ambient": 0.496514290571,
            "dnb": 0.0973497405648,
            "house": 0.162610322237,
            "techno": 0.0309759546071,
            "trance": 0.212549701333
        },
        "probability": 0.496514290571,
        "value": "ambient"
    },
    "genre_rosamerica": {
        "all": {
            "cla": 0.0297348462045,
            "dan": 0.320982724428,
            "hip": 0.118922330439,
            "jaz": 0.0391828455031,
            "pop": 0.280023366213,
            "rhy": 0.12967158854,
            "roc": 0.0618201047182,
            "spe": 0.0196621827781
        },
        "probability": 0.320982724428,
        "value": "dan"
    },
    "genre_tzanetakis": {
        "all": {
            "blu": 0.0626613423228,
            "cla": 0.0348169617355,
            "cou": 0.104475811124,
            "dis": 0.0784321576357,
            "hip": 0.15692435205,
            "jaz": 0.313974827528,
            "met": 0.0448166541755,
            "pop": 0.0627359300852,
            "reg": 0.0627360641956,
            "roc": 0.0784258767962
        },
        "probability": 0.313974827528,
        "value": "jaz"
    },
    "ismir04_rhythm": {
        "all": {
            "ChaChaCha": 0.025049874559,
            "Jive": 0.0674196183681,
            "Quickstep": 0.0391330830753,
            "Rumba-American": 0.00591806042939,
            "Rumba-International": 0.0705702602863,
            "Rumba-Misc": 0.00590236159042,
            "Samba": 0.773717463017,
            "Tango": 0.00182585348375,
            "VienneseWaltz": 0.00583531102166,
            "Waltz": 0.00462809018791
        },
        "probability": 0.773717463017,
        "value": "Samba"
    },
    "mood_acoustic": {
        "all": {
            "acoustic": 0.10110488534,
            "not_acoustic": 0.898895144463
        },
        "probability": 0.898895144463,
        "value": "not_acoustic"
    },
    "mood_aggressive": {
        "all": {
            "aggressive": 0.0532334297895,
            "not_aggressive": 0.946766555309
        },
        "probability": 0.946766555309,
        "value": "not_aggressive"
    },
    "mood_electronic": {
        "all": {
            "electronic": 0.787809610367,
            "not_electronic": 0.212190389633
        },
        "probability": 0.787809610367,
        "value": "electronic"
    },
    "mood_happy": {
        "all": {
            "happy": 0.647670507431,
            "not_happy": 0.352329522371
        },
        "probability": 0.647670507431,
        "value": "happy"
    },
    "mood_party": {
        "all": {
            "not_party": 0.398003488779,
            "party": 0.601996541023
        },
        "probability": 0.601996541023,
        "value": "party"
    },
    "mood_relaxed": {
        "all": {
            "not_relaxed": 0.717263758183,
            "relaxed": 0.282736212015
        },
        "probability": 0.717263758183,
        "value": "not_relaxed"
    },
    "mood_sad": {
        "all": {
            "not_sad": 0.520981550217,
            "sad": 0.479018449783
        },
        "probability": 0.520981550217,
        "value": "not_sad"
    },
    "moods_mirex": {
        "all": {
            "Cluster1": 0.300199747086,
            "Cluster2": 0.405201643705,
            "Cluster3": 0.0568032152951,
            "Cluster4": 0.140008598566,
            "Cluster5": 0.0977867990732
        },
        "probability": 0.405201643705,
        "value": "Cluster2"
    },
    "timbre": {
        "all": {
            "bright": 0.98955065012,
            "dark": 0.0104493685067
        },
        "probability": 0.98955065012,
        "value": "bright"
    },
    "tonal_atonal": {
        "all": {
            "atonal": 0.265506595373,
            "tonal": 0.734493374825
        },
        "probability": 0.734493374825,
        "value": "tonal"
    },
    "voice_instrumental": {
        "all": {
            "instrumental": 0.0505637787282,
            "voice": 0.949436247349
        },
        "probability": 0.949436247349,
        "value": "voice"
    }
},
"lowlevel": {
    "average_loudness": 0.979678809643,
    "barkbands_crest": {
        "dmean": 3.37314558029,
        "dmean2": 5.27070236206,
        "dvar": 9.23365402222,
        "dvar2": 19.8247127533,
        "max": 25.5505390167,
        "mean": 11.245010376,
        "median": 10.2734222412,
        "min": 2.57279086113,
        "var": 21.6806430817
    },
    "barkbands_flatness_db": {
        "dmean": 0.0311559196562,
        "dmean2": 0.0455077253282,
        "dvar": 0.00082021340495,
        "dvar2": 0.00161661347374,
        "max": 0.304153829813,
        "mean": 0.150883376598,
        "median": 0.148423880339,
        "min": 0.0371816568077,
        "var": 0.00200160685927
    },
    "barkbands_kurtosis": {
        "dmean": 3.3368332386,
        "dmean2": 5.41435623169,
        "dvar": 52.9727706909,
        "dvar2": 127.822723389,
        "max": 117.078842163,
        "mean": 3.49907708168,
        "median": 1.39413166046,
        "min": -1.71936964989,
        "var": 63.7996482849
    },
    "barkbands_skewness": {
        "dmean": 0.666585803032,
        "dmean2": 1.02618312836,
        "dvar": 0.546429872513,
        "dvar2": 1.24356627464,
        "max": 10.0432548523,
        "mean": 1.51278281212,
        "median": 1.37095737457,
        "min": -1.44163858891,
        "var": 1.29013502598
    },
    "barkbands_spread": {
        "dmean": 8.74569320679,
        "dmean2": 14.0050592422,
        "dvar": 94.1290817261,
        "dvar2": 231.027069092,
        "max": 80.3976211548,
        "mean": 24.2476730347,
        "median": 22.3115005493,
        "min": 1.95532929897,
        "var": 145.763748169
    },
    "dissonance": {
        "dmean": 0.0240126140416,
        "dmean2": 0.0403719469905,
        "dvar": 0.000584874185733,
        "dvar2": 0.00151980889495,
        "max": 0.500000059605,
        "mean": 0.457463651896,
        "median": 0.464781194925,
        "min": 0.253907173872,
        "var": 0.000970091263298
    },
    "dynamic_complexity": 2.24282073975,
    "erbbands_crest": {
        "dmean": 2.98829650879,
        "dmean2": 4.82769775391,
        "dvar": 7.18918180466,
        "dvar2": 18.5058612823,
        "max": 24.9159202576,
        "mean": 8.78279304504,
        "median": 7.87032699585,
        "min": 2.34085893631,
        "var": 15.541062355
    },
    "erbbands_flatness_db": {
        "dmean": 0.02423244901,
        "dmean2": 0.0336756967008,
        "dvar": 0.000509915524162,
        "dvar2": 0.000898743281141,
        "max": 0.323926866055,
        "mean": 0.152396947145,
        "median": 0.150166556239,
        "min": 0.0528940670192,
        "var": 0.00187690276653
    },
    "erbbands_kurtosis": {
        "dmean": 0.926982104778,
        "dmean2": 1.49504077435,
        "dvar": 1.4187579155,
        "dvar2": 3.38037347794,
        "max": 13.7616729736,
        "mean": 0.222580492496,
        "median": -0.206656217575,
        "min": -1.65217530727,
        "var": 2.55050945282
    },
    "erbbands_skewness": {
        "dmean": 0.408262461424,
        "dmean2": 0.64110904932,
        "dvar": 0.142976880074,
        "dvar2": 0.350137621164,
        "max": 2.97908163071,
        "mean": 0.347937047482,
        "median": 0.318526178598,
        "min": -2.19776511192,
        "var": 0.386048406363
    },
    "erbbands_spread": {
        "dmean": 12.6300506592,
        "dmean2": 19.0154380798,
        "dvar": 178.831848145,
        "dvar2": 413.872283936,
        "max": 158.436157227,
        "mean": 41.5969085693,
        "median": 37.8239059448,
        "min": 5.72358465195,
        "var": 384.166992188
    },
    "hfc": {
        "dmean": 11.8314266205,
        "dmean2": 17.4710960388,
        "dvar": 242.9269104,
        "dvar2": 590.39251709,
        "max": 122.181785583,
        "mean": 21.3019752502,
        "median": 18.4172821045,
        "min": 0.149282738566,
        "var": 332.110015869
    },
    "melbands_crest": {
        "dmean": 3.81350803375,
        "dmean2": 6.07042741776,
        "dvar": 11.865737915,
        "dvar2": 27.8564586639,
        "max": 33.8981666565,
        "mean": 15.376704216,
        "median": 14.562874794,
        "min": 3.09994649887,
        "var": 28.5746212006
    },
    "melbands_flatness_db": {
        "dmean": 0.0386965945363,
        "dmean2": 0.0549906603992,
        "dvar": 0.0012905059848,
        "dvar2": 0.00277238804847,
        "max": 0.394013941288,
        "mean": 0.193571805954,
        "median": 0.187266454101,
        "min": 0.0370679013431,
        "var": 0.0034512791317
    },
    "melbands_kurtosis": {
        "dmean": 9.42476081848,
        "dmean2": 14.9734764099,
        "dvar": 403.571594238,
        "dvar2": 1014.92785645,
        "max": 327.023590088,
        "mean": 13.381196022,
        "median": 7.18702697754,
        "min": -1.42240512371,
        "var": 552.698425293
    },
    "melbands_skewness": {
        "dmean": 0.951917827129,
        "dmean2": 1.44235754013,
        "dvar": 1.10629141331,
        "dvar2": 2.46349191666,
        "max": 16.2326068878,
        "mean": 2.66255569458,
        "median": 2.3661429882,
        "min": -0.518360078335,
        "var": 2.99541378021
    },
    "melbands_spread": {
        "dmean": 9.23482513428,
        "dmean2": 14.476102829,
        "dvar": 118.166358948,
        "dvar2": 295.710418701,
        "max": 118.774742126,
        "mean": 24.0378170013,
        "median": 21.3006381989,
        "min": 1.14674687386,
        "var": 209.880249023
    },
    "pitch_salience": {
        "dmean": 0.0920812264085,
        "dmean2": 0.138324722648,
        "dvar": 0.00670487806201,
        "dvar2": 0.0140459947288,
        "max": 0.871145546436,
        "mean": 0.51256865263,
        "median": 0.518222153187,
        "min": 0.0717480480671,
        "var": 0.0168214067817
    },
    "silence_rate_20dB": {
        "dmean": 0,
        "dmean2": 0,
        "dvar": 0,
        "dvar2": 0,
        "max": 1,
        "mean": 1,
        "median": 1,
        "min": 1,
        "var": 0
    },
    "silence_rate_30dB": {
        "dmean": 0,
        "dmean2": 0,
        "dvar": 0,
        "dvar2": 0,
        "max": 1,
        "mean": 1,
        "median": 1,
        "min": 1,
        "var": 0
    },
    "silence_rate_60dB": {
        "dmean": 0.0232198145241,
        "dmean2": 0.0464756004512,
        "dvar": 0.0226808395237,
        "dvar2": 0.0489628724754,
        "max": 1,
        "mean": 0.0363495759666,
        "median": 0,
        "min": 0,
        "var": 0.0350283831358
    },
    "spectral_centroid": {
        "dmean": 362.675292969,
        "dmean2": 574.192504883,
        "dvar": 156541.796875,
        "dvar2": 410437.40625,
        "max": 3565.78979492,
        "mean": 1403.54992676,
        "median": 1337.81054688,
        "min": 331.48727417,
        "var": 305130.28125
    },
    "spectral_complexity": {
        "dmean": 5.90712070465,
        "dmean2": 8.33384990692,
        "dvar": 46.8396606445,
        "dvar2": 88.244140625,
        "max": 52,
        "mean": 18.103635788,
        "median": 16,
        "min": 0,
        "var": 98.3835830688
    },
    "spectral_decrease": {
        "dmean": 3.36533911849e-09,
        "dmean2": 5.17463849548e-09,
        "dvar": 2.0568467971e-17,
        "dvar2": 4.79772100645e-17,
        "max": -3.02447684952e-11,
        "mean": -7.00750879545e-09,
        "median": -4.91262497349e-09,
        "min": -2.90353856514e-08,
        "var": 3.68235000673e-17
    },
    "spectral_energy": {
        "dmean": 0.0135349947959,
        "dmean2": 0.0206943452358,
        "dvar": 0.000320930208545,
        "dvar2": 0.000749100057874,
        "max": 0.116355285048,
        "mean": 0.0283801294863,
        "median": 0.0204050987959,
        "min": 0.000127691353555,
        "var": 0.000579045678023
    },
    "spectral_energyband_high": {
        "dmean": 0.000960204633884,
        "dmean2": 0.00153211527504,
        "dvar": 2.32946399592e-06,
        "dvar2": 6.11651830695e-06,
        "max": 0.0102555733174,
        "mean": 0.00102048309054,
        "median": 0.000485707074404,
        "min": 1.40928409564e-06,
        "var": 2.17174510908e-06
    },
    "spectral_energyband_low": {
        "dmean": 0.00684385420755,
        "dmean2": 0.00986030697823,
        "dvar": 0.000155507499585,
        "dvar2": 0.000327407906298,
        "max": 0.0950972214341,
        "mean": 0.011478328146,
        "median": 0.00624064262956,
        "min": 2.11900985647e-08,
        "var": 0.0002596147242
    },
    "spectral_energyband_middle_high": {
        "dmean": 0.00241858419031,
        "dmean2": 0.00339893950149,
        "dvar": 6.33900026514e-06,
        "dvar2": 1.18045682029e-05,
        "max": 0.0249871611595,
        "mean": 0.00528127746657,
        "median": 0.00434180162847,
        "min": 2.6514802812e-05,
        "var": 1.85191838682e-05
    },
    "spectral_energyband_middle_low": {
        "dmean": 0.00839665718377,
        "dmean2": 0.0136750498787,
        "dvar": 0.000207327306271,
        "dvar2": 0.00053405854851,
        "max": 0.0901717171073,
        "mean": 0.0115595236421,
        "median": 0.00707456376404,
        "min": 6.25154061709e-05,
        "var": 0.000200539434445
    },
    "spectral_entropy": {
        "dmean": 0.254185736179,
        "dmean2": 0.36803150177,
        "dvar": 0.0595932789147,
        "dvar2": 0.122324153781,
        "max": 8.54901123047,
        "mean": 7.5741071701,
        "median": 7.56814336777,
        "min": 5.96890926361,
        "var": 0.141839489341
    },
    "spectral_flux": {
        "dmean": 0.0376894772053,
        "dmean2": 0.0575450584292,
        "dvar": 0.00158437748905,
        "dvar2": 0.00300806434825,
        "max": 0.307713985443,
        "mean": 0.100723810494,
        "median": 0.0834048241377,
        "min": 0.00900559220463,
        "var": 0.00393352191895
    },
    "spectral_kurtosis": {
        "dmean": 1.73711776733,
        "dmean2": 2.71942090988,
        "dvar": 2.99929070473,
        "dvar2": 6.86145687103,
        "max": 25.6730766296,
        "mean": 3.97342324257,
        "median": 3.46360015869,
        "min": -0.818623542786,
        "var": 6.3592543602
    },
    "spectral_rms": {
        "dmean": 0.00117603188846,
        "dmean2": 0.00169351685327,
        "dvar": 1.77974754934e-06,
        "dvar2": 3.59168689101e-06,
        "max": 0.0106544522569,
        "mean": 0.00482665654272,
        "median": 0.00446177227423,
        "min": 0.000352954579284,
        "var": 4.39130235463e-06
    },
    "spectral_rolloff": {
        "dmean": 768.863342285,
        "dmean2": 1310.35668945,
        "dvar": 1392942.125,
        "dvar2": 3605444.5,
        "max": 12101.6601562,
        "mean": 1469.38842773,
        "median": 1162.79296875,
        "min": 64.599609375,
        "var": 1528750.5
    },
    "spectral_skewness": {
        "dmean": 0.27324616909,
        "dmean2": 0.422147095203,
        "dvar": 0.0682088136673,
        "dvar2": 0.146197423339,
        "max": 4.11203861237,
        "mean": 1.54453778267,
        "median": 1.49945759773,
        "min": 0.102985724807,
        "var": 0.159640029073
    },
    "spectral_spread": {
        "dmean": 1002898.25,
        "dmean2": 1467599.375,
        "dvar": 1.20479691571e+12,
        "dvar2": 2.7341923287e+12,
        "max": 16355378,
        "mean": 4978316,
        "median": 4639028,
        "min": 2178692,
        "var": 2.41194788454e+12
    },
    "spectral_strongpeak": {
        "dmean": 0.528772294521,
        "dmean2": 0.883544623852,
        "dvar": 0.677604556084,
        "dvar2": 1.5266264677,
        "max": 9.55574893951,
        "mean": 0.848897516727,
        "median": 0.383992314339,
        "min": 0.0243825390935,
        "var": 1.02136683464
    },
    "zerocrossingrate": {
        "dmean": 0.0154182743281,
        "dmean2": 0.0187619514763,
        "dvar": 0.000199150206754,
        "dvar2": 0.000301563675748,
        "max": 0.21630859375,
        "mean": 0.0618168599904,
        "median": 0.05908203125,
        "min": 0.005859375,
        "var": 0.000726959842723
    },
    "barkbands": {
        "dmean": [0.000179262482561, 0.0056358599104, 0.00251794839278, 0.00251755258068, 0.00319245434366, 0.00124307116494, 0.00152746157255, 0.000803008093499, 0.00113918329589, 0.000383422942832, 0.000481130293338, 0.000702911987901, 0.000571983575355, 0.00028245721478, 0.000253301375778, 0.000245996314334, 0.000259971362539, 0.000278017541859, 0.000255086255493, 0.000342736253515, 8.4860912466e-05, 0.000157213638886, 0.00024931615917, 0.000122829107568, 0.000110000328277, 7.19598247088e-05, 5.75143346282e-08],
        "dmean2": [0.000310291885398, 0.00816098600626, 0.00388328288682, 0.00467383675277, 0.00516654038802, 0.00207372871228, 0.00246001407504, 0.00131086900365, 0.00174332363531, 0.000576451478992, 0.000705359154381, 0.00110466673505, 0.000860570464283, 0.000435615947936, 0.000378892989829, 0.000388400541851, 0.000409088563174, 0.000414568785345, 0.000388639600715, 0.000585122150369, 0.000130516244099, 0.000246810406679, 0.000419535121182, 0.000192840205273, 0.0001740421867, 0.000118852884043, 1.05152018648e-07],
        "dvar": [1.14619261637e-07, 0.000137002585689, 3.52055685653e-05, 5.44329741388e-05, 4.63914111606e-05, 6.25332222626e-06, 8.6029403974e-06, 2.95433073916e-06, 4.36845812146e-06, 8.30674764529e-07, 1.1129293398e-06, 1.69482450474e-06, 1.10623375349e-06, 3.07449056436e-07, 1.88402353274e-07, 1.63921654917e-07, 1.72321847458e-07, 1.89153851693e-07, 1.18047509545e-07, 5.30520253506e-07, 1.85425577115e-08, 6.2430082437e-08, 1.54844414624e-07, 3.05865022199e-08, 3.33410419273e-08, 2.68235940126e-08, 5.23717896307e-14],
        "dvar2": [3.12964914428e-07, 0.000309555442072, 7.41885669413e-05, 0.000153056942509, 0.000110583539936, 1.60245945153e-05, 2.15222316911e-05, 7.35999356039e-06, 9.60121633398e-06, 1.53438566031e-06, 2.39460655393e-06, 3.82260395781e-06, 2.4051262244e-06, 7.36613912977e-07, 4.00296642056e-07, 3.71326137838e-07, 4.07682932746e-07, 4.14939250959e-07, 2.42498686021e-07, 1.43780960116e-06, 4.60084343956e-08, 1.62645534374e-07, 4.10190523326e-07, 7.40151833156e-08, 8.25872845667e-08, 7.09615832761e-08, 1.45348089033e-13],
        "max": [0.00334514095448, 0.076455630362, 0.041223552078, 0.0490328893065, 0.0554051212966, 0.02595519647, 0.0314673930407, 0.0191285181791, 0.0260065831244, 0.0182912256569, 0.0209971852601, 0.0150757459924, 0.012526948005, 0.00674252817407, 0.00567029509693, 0.00518116634339, 0.00663766590878, 0.00656054122373, 0.00523847807199, 0.00546865910292, 0.00117286993191, 0.00275905360468, 0.00241383328103, 0.00118030293379, 0.00166593142785, 0.00199389178306, 2.80245626527e-06],
        "mean": [0.000185835728189, 0.0075142942369, 0.00287036062218, 0.00162794697098, 0.00376156950369, 0.00152482069097, 0.00203245365992, 0.000894194585271, 0.00161526247393, 0.00056529516587, 0.000666103500407, 0.0010583603289, 0.000771272054408, 0.000379737990443, 0.000320054125041, 0.000300949992379, 0.000329658156261, 0.000407858082326, 0.000399175682105, 0.00031163886888, 9.99528492684e-05, 0.000205400647246, 0.000229747602134, 0.000141486219945, 0.000106576044345, 6.00968051003e-05, 3.57700109532e-08],
        "median": [2.47514763032e-05, 0.00477210851386, 0.000211736929487, 0.000119812022604, 0.0012583185453, 0.000573609548155, 0.000606704677921, 0.000197175599169, 0.000547059287783, 0.000142670280184, 0.000217443186557, 0.000509471050464, 0.000258308806224, 0.000143333541928, 9.66490479186e-05, 0.000121917844808, 0.000158341106726, 0.000199311063625, 0.000221326365136, 6.92833491485e-05, 3.75000090571e-05, 0.000107608633698, 7.69982652855e-05, 7.13812187314e-05, 2.83771314571e-05, 8.40231314214e-06, 5.12514530815e-10],
        "min": [6.48646358847e-10, 2.18585305412e-09, 7.59495311087e-09, 3.40595427417e-08, 1.70986618286e-06, 3.11984240398e-06, 2.15254317482e-06, 7.78739376983e-07, 2.92328513751e-06, 1.58348780133e-06, 1.19668129628e-06, 3.06315882881e-06, 6.3109854409e-07, 1.81645486919e-06, 8.01810870144e-07, 1.07831908736e-06, 9.31665340431e-07, 1.33757907861e-06, 8.51842401062e-07, 3.4802042137e-08, 7.81282594176e-08, 4.82984816585e-08, 1.38020297413e-07, 6.00318585953e-08, 4.19895851422e-09, 1.00435987652e-11, 6.95168185169e-12],
        "var": [1.29458896936e-07, 0.000153507047798, 3.807079338e-05, 3.24553511746e-05, 5.13698469149e-05, 6.61997910356e-06, 1.31408733068e-05, 3.98707379645e-06, 7.182691661e-06, 1.93719483832e-06, 1.94847484636e-06, 2.82416317532e-06, 1.9418073407e-06, 4.41175359356e-07, 3.08396352011e-07, 2.33476669109e-07, 2.25565742085e-07, 3.20156516409e-07, 2.58574942791e-07, 4.12858071286e-07, 2.20625651082e-08, 7.49451629645e-08, 1.35487198349e-07, 3.59629304114e-08, 3.46506041637e-08, 2.17932818458e-08, 3.19750770186e-14]
    },
    "erbbands": {
        "dmean": [0.150051534176, 1.32332575321, 2.39508914948, 6.14445638657, 8.8250837326, 14.0687036514, 7.10437726974, 11.2349252701, 16.8728752136, 24.0735340118, 17.4941120148, 25.8637218475, 15.5990104675, 15.9085435867, 17.6080112457, 27.3104553223, 23.5454502106, 16.701883316, 11.5667762756, 13.0167074203, 13.410525322, 14.8505830765, 15.4273366928, 13.8790845871, 11.9422492981, 17.9346828461, 5.87891244888, 3.44817686081, 5.52597522736, 7.67121887207, 6.43777513504, 3.7273182869, 1.71638894081, 1.29086959362, 0.758503675461, 0.452086091042, 0.0961057022214, 0.00559289287776, 0.000131133841933, 2.27558703045e-05],
        "dmean2": [0.216687053442, 1.98317980766, 3.55735731125, 10.1924905777, 15.9752569199, 21.4690418243, 11.5031585693, 18.5439891815, 26.8041572571, 40.066368103, 27.9821910858, 39.5994606018, 23.3481216431, 22.9585094452, 26.6482372284, 42.3387413025, 34.9431266785, 25.2117462158, 17.7363777161, 19.3357753754, 21.266954422, 23.2804908752, 23.2396202087, 21.014213562, 17.9433574677, 30.8418807983, 9.70413303375, 5.32100391388, 8.76097393036, 12.5031576157, 10.8046302795, 6.03991413116, 2.67350769043, 2.08072543144, 1.20150947571, 0.737774133682, 0.159717455506, 0.00982797052711, 0.000218869783566, 3.52630195266e-05],
        "dvar": [0.093033477664, 7.88400697708, 27.158115387, 254.530578613, 570.334838867, 936.290710449, 236.412689209, 496.811676025, 857.002319336, 2749.86547852, 1455.12060547, 2212.33935547, 989.617736816, 948.81048584, 1461.38244629, 2969.35839844, 1943.18908691, 703.021850586, 436.51159668, 431.465362549, 469.236022949, 521.293212891, 598.497558594, 379.486297607, 252.249557495, 1691.34985352, 143.20916748, 29.8289966583, 80.9296264648, 141.351974487, 99.9188613892, 31.1543159485, 5.8311920166, 5.0860285759, 1.69591832161, 1.05917704105, 0.0413383580744, 0.000158032751642, 7.23835498206e-08, 1.03066610802e-09],
        "dvar2": [0.187969848514, 18.8471622467, 56.9302444458, 653.414672852, 1614.38647461, 1921.20117188, 608.657409668, 1222.73828125, 1895.26062012, 7367.34912109, 3386.81054688, 4941.91357422, 2095.39306641, 1732.89562988, 3623.47485352, 6778.81542969, 4095.29858398, 1596.61914062, 988.319152832, 860.839172363, 1073.78356934, 1261.36425781, 1284.28771973, 796.474121094, 582.168701172, 4633.31640625, 383.204406738, 73.8723526001, 213.517288208, 374.749176025, 263.113189697, 78.5575485229, 14.2588233948, 12.9607133865, 4.13908433914, 2.75533366203, 0.108965739608, 0.000433209061157, 1.93435056417e-07, 2.54420706725e-09],
        "max": [2.46639108658, 17.8655223846, 41.965171814, 107.143920898, 164.046234131, 240.996047974, 158.16784668, 265.496826172, 425.121917725, 576.260314941, 624.97479248, 532.214233398, 460.844696045, 720.179260254, 723.618286133, 708.992248535, 577.161193848, 399.03326416, 223.854751587, 267.699035645, 237.911560059, 230.159683228, 414.513397217, 270.948120117, 163.310531616, 310.29473877, 91.3020858765, 47.8594512939, 80.5199966431, 110.270561218, 57.1851196289, 41.3274421692, 17.144821167, 20.414106369, 12.2265672684, 11.8335208893, 2.02605295181, 0.111264891922, 0.00254678912461, 0.000292729586363],
        "mean": [0.210871383548, 1.70341968536, 3.28766036034, 4.89784669876, 7.11097097397, 17.4163799286, 10.1496810913, 13.8258562088, 22.6812496185, 29.0628528595, 22.8188705444, 36.7052688599, 23.4759845734, 25.7902355194, 27.0182476044, 39.8439559937, 34.8706321716, 25.2018928528, 16.3623008728, 16.9752025604, 16.9708957672, 19.6163768768, 22.1173343658, 22.2906723022, 17.5107212067, 15.5357379913, 5.7749171257, 4.14414358139, 7.00021505356, 8.22795009613, 5.9818611145, 3.98715353012, 1.89481878281, 1.24093520641, 0.733606040478, 0.385578900576, 0.0808058828115, 0.00450507132336, 0.000123608173453, 4.18888266722e-05],
        "median": [0.0855396315455, 1.06008696556, 0.780264616013, 0.47455239296, 1.96126568317, 4.87238168716, 4.08130931854, 5.60528850555, 8.35608386993, 9.12460422516, 7.47685670853, 12.1959209442, 8.60601711273, 9.01077651978, 14.0369710922, 18.5825233459, 14.6504116058, 10.1831560135, 6.87533044815, 6.11743831635, 7.37679386139, 9.98523330688, 10.9974470139, 12.455198288, 9.99121952057, 3.25535082817, 1.64250564575, 1.7704423666, 3.43306446075, 3.74353432655, 2.03337097168, 1.83424222469, 0.872651934624, 0.363937407732, 0.183325245976, 0.0566333197057, 0.0109990313649, 0.000585486588534, 3.24312168232e-05, 2.90925727313e-05],
        "min": [1.55810269575e-07, 1.19054766401e-06, 7.1248086897e-06, 6.59875659039e-05, 0.000772585975938, 0.00613017147407, 0.0118789989501, 0.0426606088877, 0.0633834600449, 0.0378391742706, 0.0160233080387, 0.0616365149617, 0.0855309590697, 0.0593065954745, 0.144782483578, 0.0959425419569, 0.0643388181925, 0.151879698038, 0.0772462040186, 0.0640561208129, 0.0675379112363, 0.0702341645956, 0.0767495110631, 0.0541711114347, 0.0481066852808, 0.00429491372779, 0.00295339315198, 0.00330171408132, 0.00432855077088, 0.00326105719432, 0.00404275022447, 0.00106698740274, 0.00239997892641, 0.00042617841973, 2.71395565505e-05, 6.06183220953e-06, 3.06400283989e-06, 5.37200605777e-07, 2.57864286368e-07, 2.50776054145e-07],
        "var": [0.128830432892, 8.00372219086, 33.47914505, 197.379241943, 350.125396729, 1313.40002441, 281.984954834, 562.285888672, 1434.21472168, 2907.35791016, 2174.63208008, 3878.27539062, 1856.25170898, 2539.88818359, 1943.94213867, 4331.12597656, 3440.90576172, 1442.90319824, 612.823425293, 727.339660645, 627.294189453, 694.276916504, 975.739196777, 868.758483887, 428.159606934, 1229.79943848, 117.721672058, 37.1202125549, 94.2846984863, 141.507247925, 88.5285720825, 31.8703746796, 6.89690065384, 4.90013647079, 1.76206958294, 0.886986136436, 0.0348668992519, 0.000122841855045, 6.10771309084e-08, 1.49540146932e-09]
    },
    "gfcc": {
        "mean": [3.86078310013, 83.3983917236, -122.211463928, 30.9472179413, -66.30519104, 22.8850784302, -43.0414619446, 15.8915843964, -23.8604869843, 2.0763130188, -7.32175445557, 6.3438782692, -14.1233139038],
        "cov": [[4314.27148438, -588.696533203, 407.699798584, 518.43371582, -48.6484298706, 221.214324951, 19.5274677277, 118.290428162, -86.0266418457, 48.7307624817, -220.629699707, 24.7631702423, -179.320510864], [-588.696533203, 965.294433594, 117.09664917, 131.712310791, 222.125366211, 119.56855011, 163.471939087, -9.69712162018, 138.937805176, -79.1950531006, 176.270751953, 9.29790019989, 121.606590271], [407.699798584, 117.09664917, 904.24206543, 255.870407104, 264.524169922, 255.569702148, 62.6848144531, 99.5020751953, 45.1926689148, 139.666564941, -48.5293045044, 141.723571777, 26.3178787231], [518.43371582, 131.712310791, 255.870407104, 406.668060303, 173.621704102, 141.947845459, 58.7016792297, 21.5300540924, 77.9894866943, 25.1217842102, 19.8758811951, 21.1674957275, 55.5136795044], [-48.6484298706, 222.125366211, 264.524169922, 173.621704102, 415.241821289, 159.858062744, 119.526885986, 105.588523865, 54.634147644, 93.0585021973, 8.19170570374, 35.7231788635, 46.2551345825], [221.214324951, 119.56855011, 255.569702148, 141.947845459, 159.858062744, 305.755310059, 169.855758667, 94.3611831665, 98.7506561279, 47.513671875, 44.4187355042, 57.0289344788, 5.73987483978], [19.5274677277, 163.471939087, 62.6848144531, 58.7016792297, 119.526885986, 169.855758667, 265.341125488, 117.6873703, 60.0784225464, 6.24505901337, 46.9602165222, 42.8173484802, 23.3777256012], [118.290428162, -9.69712162018, 99.5020751953, 21.5300540924, 105.588523865, 94.3611831665, 117.6873703, 182.871353149, 69.6960601807, 44.3274841309, 20.3181190491, 28.910987854, -3.92807269096], [-86.0266418457, 138.937805176, 45.1926689148, 77.9894866943, 54.634147644, 98.7506561279, 60.0784225464, 69.6960601807, 218.027893066, 52.7092132568, 90.3287811279, 34.7197227478, -4.19734191895], [48.7307624817, -79.1950531006, 139.666564941, 25.1217842102, 93.0585021973, 47.513671875, 6.24505901337, 44.3274841309, 52.7092132568, 172.926025391, 17.5755176544, 27.3158416748, 9.80595302582], [-220.629699707, 176.270751953, -48.5293045044, 19.8758811951, 8.19170570374, 44.4187355042, 46.9602165222, 20.3181190491, 90.3287811279, 17.5755176544, 174.628250122, 47.7987289429, 11.0627183914], [24.7631702423, 9.29790019989, 141.723571777, 21.1674957275, 35.7231788635, 57.0289344788, 42.8173484802, 28.910987854, 34.7197227478, 27.3158416748, 47.7987289429, 143.031799316, 13.8228654861], [-179.320510864, 121.606590271, 26.3178787231, 55.5136795044, 46.2551345825, 5.73987483978, 23.3777256012, -3.92807269096, -4.19734191895, 9.80595302582, 11.0627183914, 13.8228654861, 147.847335815]],
        "icov": [[0.000465230230475, -0.000160744442837, 0.000259656226262, -0.001069864491, 0.000685216451529, -0.000448131933808, 0.0002882888366, -0.000802736380138, 0.000723866105545, -0.00058024993632, 0.000810196390375, -0.0005017441581, 0.000833406287711], [-0.000160744442837, 0.00357969757169, -0.00181573082227, 0.00163608812727, -0.00266071106307, 0.00150387117174, -0.00238510337658, 0.00339262513444, -0.00279014976695, 0.00409343419597, -0.00414026994258, 0.00296673900448, -0.00250739604235], [0.000259656226262, -0.00181573082227, 0.00353481527418, -0.00219589076005, 0.00117314385716, -0.00265985960141, 0.0024857618846, -0.00267121195793, 0.00227877381258, -0.00330377533101, 0.00376927875914, -0.00388148380443, 0.00164057756774], [-0.001069864491, 0.00163608812727, -0.00219589076005, 0.00695160822943, -0.00355268572457, 0.000800715759397, -0.00143195327837, 0.00410087360069, -0.00392288714647, 0.00377645832486, -0.00350849772803, 0.003168547526, -0.00384240923449], [0.000685216451529, -0.00266071106307, 0.00117314385716, -0.00355268572457, 0.00683253770694, -0.00213999999687, 0.00124692555983, -0.00454050581902, 0.00332266325131, -0.00498972227797, 0.00397124048322, -0.00227601616643, 0.00211327918805], [-0.000448131933808, 0.00150387117174, -0.00265985960141, 0.000800715759397, -0.00213999999687, 0.00903422571719, -0.00544356834143, 0.00257549295202, -0.00337205850519, 0.00209549209103, -0.00292303157039, 0.00198767473921, -0.000561550434213], [0.0002882888366, -0.00238510337658, 0.0024857618846, -0.00143195327837, 0.00124692555983, -0.00544356834143, 0.0101073589176, -0.00638769334182, 0.00293137156405, -0.00153750239406, 0.00248155370355, -0.00334336189553, 0.000772056344431], [-0.000802736380138, 0.00339262513444, -0.00267121195793, 0.00410087360069, -0.00454050581902, 0.00257549295202, -0.00638769334182, 0.0137362321839, -0.00581685919315, 0.00356258149259, -0.00413279235363, 0.00356108485721, -0.00255801412277], [0.000723866105545, -0.00279014976695, 0.00227877381258, -0.00392288714647, 0.00332266325131, -0.00337205850519, 0.00293137156405, -0.00581685919315, 0.0107675399631, -0.00532756838948, 0.000983440317214, -0.00308003602549, 0.0035869802814], [-0.00058024993632, 0.00409343419597, -0.00330377533101, 0.00377645832486, -0.00498972227797, 0.00209549209103, -0.00153750239406, 0.00356258149259, -0.00532756838948, 0.0130319790915, -0.00586913106963, 0.00385416019708, -0.00401986157522], [0.000810196390375, -0.00414026994258, 0.00376927875914, -0.00350849772803, 0.00397124048322, -0.00292303157039, 0.00248155370355, -0.00413279235363, 0.000983440317214, -0.00586913106963, 0.01456648577, -0.00713467039168, 0.00339767104015], [-0.0005017441581, 0.00296673900448, -0.00388148380443, 0.003168547526, -0.00227601616643, 0.00198767473921, -0.00334336189553, 0.00356108485721, -0.00308003602549, 0.00385416019708, -0.00713467039168, 0.0130359884351, -0.00331736844964], [0.000833406287711, -0.00250739604235, 0.00164057756774, -0.00384240923449, 0.00211327918805, -0.000561550434213, 0.000772056344431, -0.00255801412277, 0.0035869802814, -0.00401986157522, 0.00339767104015, -0.00331736844964, 0.0105826128274]]
    },
    "melbands": {
        "dmean": [0.00148964428809, 0.00127491320018, 0.00109354115557, 0.000829386466648, 0.000305376743199, 0.000247104559094, 0.0002775429748, 0.000249329459621, 0.000147119513713, 0.000169027640368, 7.81460112194e-05, 6.47022679914e-05, 5.66738453927e-05, 8.14687882666e-05, 5.3342540923e-05, 6.53338502161e-05, 2.87335969915e-05, 1.92719562619e-05, 2.13919302041e-05, 1.73288244696e-05, 1.62312080647e-05, 1.56438072736e-05, 1.49241805047e-05, 1.35899745146e-05, 1.18284588098e-05, 1.03006450445e-05, 7.96812491899e-06, 1.45012891153e-05, 4.09459016737e-06, 2.00891281565e-06, 2.05553783417e-06, 2.98973782265e-06, 3.78777644983e-06, 4.34745970779e-06, 3.68868904843e-06, 3.3839974094e-06, 2.00744671019e-06, 1.20465972486e-06, 1.15678005841e-06, 1.11785539048e-06],
        "dmean2": [0.00210059480742, 0.00186512968503, 0.00182212458458, 0.0013610906899, 0.000464261858724, 0.00040641304804, 0.00044112073374, 0.000411101122154, 0.000236490333918, 0.000257257051999, 0.00011741102935, 9.43916093092e-05, 8.42209046823e-05, 0.00012676040933, 8.16600659164e-05, 9.62233971222e-05, 4.36572845501e-05, 3.02402822854e-05, 3.19129540003e-05, 2.68095081992e-05, 2.63843230641e-05, 2.50614339166e-05, 2.30455079873e-05, 2.04978769034e-05, 1.81383547897e-05, 1.58332240972e-05, 1.24292300825e-05, 2.5557621484e-05, 6.87005785949e-06, 3.16014302371e-06, 3.22799724017e-06, 4.79007030663e-06, 6.0649513216e-06, 7.20553316569e-06, 6.20494574832e-06, 5.73741317567e-06, 3.18480033457e-06, 1.87808609553e-06, 1.88790272659e-06, 1.83059910341e-06],
        "dvar": [9.0986595751e-06, 6.50363881505e-06, 7.94479910837e-06, 3.29174713443e-06, 3.97672607733e-07, 2.39806155378e-07, 2.28498876709e-07, 2.63049031446e-07, 1.19801654819e-07, 9.43259266251e-08, 2.65238675468e-08, 1.53814330162e-08, 1.52803263376e-08, 2.42354971647e-08, 1.09152615835e-08, 1.70223923845e-08, 2.56376386787e-09, 1.62104618617e-09, 1.41458389447e-09, 8.94628537917e-10, 7.50606965472e-10, 6.15261175341e-10, 5.11440167994e-10, 4.70923133822e-10, 2.96251134735e-10, 2.07924288897e-10, 1.62532695636e-10, 1.35649280697e-09, 7.09451247749e-11, 1.10654792621e-11, 1.15280814408e-11, 2.43696642727e-11, 3.67454192074e-11, 4.78497692857e-11, 3.24427255893e-11, 2.88709074009e-11, 9.48591899474e-12, 2.92728861984e-12, 3.44163564835e-12, 4.82154463924e-12],
        "dvar2": [1.91237286344e-05, 1.37050255944e-05, 2.06170643651e-05, 8.14276791061e-06, 8.74619502156e-07, 5.95306687501e-07, 5.30945385435e-07, 6.99902386714e-07, 2.69542169917e-07, 2.10625913155e-07, 5.50886802841e-08, 2.85813932521e-08, 3.6071817533e-08, 5.53562244932e-08, 2.50387373057e-08, 3.60819640832e-08, 5.93369753332e-09, 3.7336187475e-09, 2.9541524782e-09, 1.93228388845e-09, 1.76588366152e-09, 1.49433521113e-09, 1.15391585176e-09, 1.04345854179e-09, 6.41375452748e-10, 4.42931108458e-10, 4.02755051532e-10, 3.7645278006e-09, 1.89885995816e-10, 2.73992165761e-11, 2.92128682355e-11, 6.45635697683e-11, 9.60519788706e-11, 1.26561622293e-10, 8.52735521084e-11, 7.65770433175e-11, 2.34738582738e-11, 7.12592268179e-12, 8.77801997756e-12, 1.23752683448e-11],
        "max": [0.020752299577, 0.0205864869058, 0.0196359045804, 0.0143090952188, 0.00601011607796, 0.00618246197701, 0.00554147176445, 0.00525607634336, 0.00617829523981, 0.00385091453791, 0.00255066086538, 0.00264612445608, 0.00220706150867, 0.00209291139618, 0.00137542048469, 0.00168591307011, 0.000765965436585, 0.000471707549877, 0.000601452658884, 0.000417396251578, 0.000389749679016, 0.000351679133018, 0.000354509829776, 0.000279875326669, 0.000232586666243, 0.000208161669434, 0.000169245497091, 0.000268951669568, 6.33113013464e-05, 2.43393023993e-05, 3.23881977238e-05, 5.21595502505e-05, 6.56010670355e-05, 6.32326773484e-05, 3.5697590647e-05, 3.61412458005e-05, 2.72968736681e-05, 1.38472596518e-05, 1.4163592823e-05, 2.3689450245e-05],
        "mean": [0.00204032100737, 0.00195608055219, 0.00088461348787, 0.000904159154743, 0.000443878059741, 0.000304428656818, 0.000384829560062, 0.000296072248602, 0.000186645018402, 0.000239835761022, 0.000112984140287, 0.000102350473753, 8.25174938655e-05, 0.000120308955957, 7.40908581065e-05, 8.68268616614e-05, 4.06229446526e-05, 2.53899743257e-05, 2.69027277682e-05, 2.12827962969e-05, 1.91110430023e-05, 1.95458178496e-05, 2.01099483093e-05, 1.90816972463e-05, 1.79864146048e-05, 1.50581927301e-05, 9.82281653705e-06, 1.10737410068e-05, 3.79213224733e-06, 2.29959573517e-06, 2.36851133195e-06, 3.69149620383e-06, 4.61100034954e-06, 4.39126142737e-06, 3.38792710863e-06, 3.07477057504e-06, 2.24612631428e-06, 1.35284949465e-06, 1.07851030862e-06, 1.04771777387e-06],
        "median": [0.00111769908108, 0.000947487715166, 0.000116868002806, 0.000262808345724, 0.000170613260707, 0.000124181155115, 0.000138114744914, 9.22081162571e-05, 4.57205460407e-05, 7.43147538742e-05, 3.84834056604e-05, 3.24456304952e-05, 3.6705238017e-05, 5.68125433347e-05, 2.89960189548e-05, 2.63290239673e-05, 1.46456359289e-05, 1.02109806903e-05, 8.31323541206e-06, 8.30653516459e-06, 7.73210376792e-06, 9.48440901993e-06, 9.59725912253e-06, 8.6718100647e-06, 9.0085904958e-06, 7.84312305768e-06, 4.20237256549e-06, 1.33209721298e-06, 9.14885220027e-07, 8.08457514268e-07, 8.66370726271e-07, 1.73840851403e-06, 2.15910699808e-06, 1.75274522007e-06, 1.09540951598e-06, 1.01018872556e-06, 1.0516328075e-06, 6.44511942482e-07, 2.91369985916e-07, 2.81112590983e-07],
        "min": [7.29376337105e-10, 3.0813087637e-09, 1.26109860332e-08, 3.35679175123e-07, 4.58369896705e-07, 8.87006194716e-07, 8.57895486206e-07, 3.7752499793e-07, 1.03554619102e-07, 4.55522325638e-07, 1.48857779436e-07, 1.88078516317e-07, 2.86042791231e-07, 4.35186990444e-07, 1.83483123806e-07, 8.60024300664e-08, 2.05122120178e-07, 1.22910847722e-07, 5.42530216308e-08, 8.25209767186e-08, 6.15224280409e-08, 6.22960882879e-08, 5.81888457418e-08, 5.63518121055e-08, 4.18398258262e-08, 3.3045893133e-08, 4.42162839676e-09, 4.6130840814e-10, 1.80443472664e-11, 7.81535502981e-10, 1.84140136472e-09, 2.22112572779e-09, 1.7860704582e-10, 1.47130152506e-09, 2.26041718676e-09, 1.29489308165e-09, 4.0892600417e-10, 2.34728014803e-10, 2.78040372843e-12, 1.95334356329e-11],
