{
"highlevel": {
    "danceability": {
        "all": {
            "danceable": 0.997572183609,
            "not_danceable": 0.00242778705433
        },
        "probability": 0.997572183609,
        "value": "danceable"
    },
    "gender": {
        "all": {
            "female": 0.454160302877,
            "male": 0.545839726925
        },
        "probability": 0.545839726925,
        "value": "male"
    },
    "genre_dortmund": {
        "all": {
            "alternative": 0.0129483388737,
            "blues": 0.0255715474486,
            "electronic": 0.112604357302,
            "folkcountry": 0.00510292174295,
            "funksoulrnb": 0.0485219284892,
            "jazz": 0.0968703702092,
            "pop": 0.0190564077348,
            "raphiphop": 0.626281917095,
            "rock": 0.0530422180891
        },
        "probability": 0.626281917095,
        "value": "raphiphop"
    },
    "genre_electronic": {
        "all": {
            "ambient": 0.197726637125,
            "dnb": 0.482717394829,
            "house": 0.204411372542,
            "techno": 0.0132596744224,
            "trance": 0.101884916425
        },
        "probability": 0.482717394829,
        "value": "dnb"
    },
    "genre_rosamerica": {
        "all": {
            "cla": 0.0018181076739,
            "dan": 0.59967237711,
            "hip": 0.312665700912,
            "jaz": 0.00322575843893,
            "pop": 0.0225186944008,
            "rhy": 0.0514519885182,
            "roc": 0.00790101010352,
            "spe": 0.000746367790271
        },
        "probability": 0.59967237711,
        "value": "dan"
    },
    "genre_tzanetakis": {
        "all": {
            "blu": 0.0626541376114,
            "cla": 0.0348133966327,
            "cou": 0.0783501937985,
            "dis": 0.104547761381,
            "hip": 0.15693578124,
            "jaz": 0.313987255096,
            "met": 0.044816005975,
            "pop": 0.0627349764109,
            "reg": 0.0627352520823,
            "roc": 0.0784252434969
        },
        "probability": 0.313987255096,
        "value": "jaz"
    },
    "ismir04_rhythm": {
        "all": {
            "ChaChaCha": 0.0387799143791,
            "Jive": 0.0291137993336,
            "Quickstep": 0.0914518609643,
            "Rumba-American": 0.00982642639428,
            "Rumba-International": 0.0153302550316,
            "Rumba-Misc": 0.00233860104345,
            "Samba": 0.805567145348,
            "Tango": 0.003650019411,
            "VienneseWaltz": 0.00278169708326,
            "Waltz": 0.00116025202442
        },
        "probability": 0.805567145348,
        "value": "Samba"
    },
    "mood_acoustic": {
        "all": {
            "acoustic": 0.00650543067604,
            "not_acoustic": 0.993494570255
        },
        "probability": 0.993494570255,
        "value": "not_acoustic"
    },
    "mood_aggressive": {
        "all": {
            "aggressive": 0.380490958691,
            "not_aggressive": 0.619509041309
        },
        "probability": 0.619509041309,
        "value": "not_aggressive"
    },
    "mood_electronic": {
        "all": {
            "electronic": 0.867488622665,
            "not_electronic": 0.132511377335
        },
        "probability": 0.867488622665,
        "value": "electronic"
    },
    "mood_happy": {
        "all": {
            "happy": 0.219666853547,
            "not_happy": 0.780333161354
        },
        "probability": 0.780333161354,
        "value": "not_happy"
    },
    "mood_party": {
        "all": {
            "not_party": 0.100977428257,
            "party": 0.899022579193
        },
        "probability": 0.899022579193,
        "value": "party"
    },
    "mood_relaxed": {
        "all": {
            "not_relaxed": 0.969923853874,
            "relaxed": 0.0300761274993
        },
        "probability": 0.969923853874,
        "value": "not_relaxed"
    },
    "mood_sad": {
        "all": {
            "not_sad": 0.907777667046,
            "sad": 0.092222340405
        },
        "probability": 0.907777667046,
        "value": "not_sad"
    },
    "moods_mirex": {
        "all": {
            "Cluster1": 0.331534951925,
            "Cluster2": 0.166150316596,
            "Cluster3": 0.0869000330567,
            "Cluster4": 0.264333277941,
            "Cluster5": 0.151081427932
        },
        "probability": 0.331534951925,
        "value": "Cluster1"
    },
    "timbre": {
        "all": {
            "bright": 0.934613406658,
            "dark": 0.0653865635395
        },
        "probability": 0.934613406658,
        "value": "bright"
    },
    "tonal_atonal": {
        "all": {
            "atonal": 0.0946616530418,
            "tonal": 0.905338346958
        },
        "probability": 0.905338346958,
        "value": "tonal"
    },
    "voice_instrumental": {
        "all": {
            "instrumental": 0.1199939996,
            "voice": 0.880006015301
        },
        "probability": 0.880006015301,
        "value": "voice"
    }
},
"lowlevel": {
    "average_loudness": 0.974066138268,
    "barkbands_crest": {
        "dmean": 3.69164085388,
        "dmean2": 6.06816291809,
        "dvar": 12.707116127,
        "dvar2": 31.3067054749,
        "max": 25.8988494873,
        "mean": 11.2891559601,
        "median": 10.4885196686,
        "min": 2.12237882614,
        "var": 26.0913715363
    },
    "barkbands_flatness_db": {
        "dmean": 0.0319104790688,
        "dmean2": 0.0479120761156,
        "dvar": 0.00113552610856,
        "dvar2": 0.00262181507424,
        "max": 0.391902536154,
        "mean": 0.143643826246,
        "median": 0.133113563061,
        "min": 0.0369880720973,
        "var": 0.00353588629514
    },
    "barkbands_kurtosis": {
        "dmean": 7.00193595886,
        "dmean2": 11.73807621,
        "dvar": 336.590484619,
        "dvar2": 882.695007324,
        "max": 236.493682861,
        "mean": 6.47593641281,
        "median": 0.984534263611,
        "min": -1.83746266365,
        "var": 343.822479248
    },
    "barkbands_skewness": {
        "dmean": 0.969119310379,
        "dmean2": 1.43988358974,
        "dvar": 1.62776792049,
        "dvar2": 3.72298192978,
        "max": 13.2697620392,
        "mean": 1.55629873276,
        "median": 1.13834214211,
        "min": -2.80622601509,
        "var": 3.53798556328
    },
    "barkbands_spread": {
        "dmean": 10.1791992188,
        "dmean2": 15.0289096832,
        "dvar": 112.146392822,
        "dvar2": 263.714508057,
        "max": 96.3888549805,
        "mean": 29.2589206696,
        "median": 27.8211116791,
        "min": 0.949407994747,
        "var": 302.962127686
    },
    "dissonance": {
        "dmean": 0.0184684209526,
        "dmean2": 0.0309274233878,
        "dvar": 0.000378255354008,
        "dvar2": 0.0010286429897,
        "max": 0.499993354082,
        "mean": 0.471036285162,
        "median": 0.478081882,
        "min": 0.314139008522,
        "var": 0.000624295731541
    },
    "dynamic_complexity": 2.48950123787,
    "erbbands_crest": {
        "dmean": 3.19081187248,
        "dmean2": 5.17538118362,
        "dvar": 9.69999217987,
        "dvar2": 22.1361961365,
        "max": 30.3784980774,
        "mean": 9.29057884216,
        "median": 7.9313993454,
        "min": 2.28325462341,
        "var": 27.8857154846
    },
    "erbbands_flatness_db": {
        "dmean": 0.0217599384487,
        "dmean2": 0.0307108517736,
        "dvar": 0.000438881048467,
        "dvar2": 0.000835690938402,
        "max": 0.385117053986,
        "mean": 0.143630102277,
        "median": 0.134118258953,
        "min": 0.0588434115052,
        "var": 0.00213956506923
    },
    "erbbands_kurtosis": {
        "dmean": 1.62547016144,
        "dmean2": 2.55074548721,
        "dvar": 9.4337348938,
        "dvar2": 22.7901248932,
        "max": 65.2740707397,
        "mean": 1.12215352058,
        "median": 0.0242440700531,
        "min": -1.76853883266,
        "var": 13.8447504044
    },
    "erbbands_skewness": {
        "dmean": 0.475489705801,
        "dmean2": 0.716736018658,
        "dvar": 0.234074667096,
        "dvar2": 0.535890161991,
        "max": 4.63583946228,
        "mean": 0.0588851310313,
        "median": 0.102693043649,
        "min": -4.33612155914,
        "var": 0.825095415115
    },
    "erbbands_spread": {
        "dmean": 14.2356519699,
        "dmean2": 21.3076076508,
        "dvar": 232.628677368,
        "dvar2": 525.048339844,
        "max": 164.223876953,
        "mean": 44.2306518555,
        "median": 40.9178886414,
        "min": 1.48753297329,
        "var": 588.328796387
    },
    "hfc": {
        "dmean": 10.5369215012,
        "dmean2": 14.6054525375,
        "dvar": 196.313858032,
        "dvar2": 373.033538818,
        "max": 117.434333801,
        "mean": 26.2221240997,
        "median": 20.5492935181,
        "min": 0.143411248922,
        "var": 506.228729248
    },
    "melbands_crest": {
        "dmean": 4.33895587921,
        "dmean2": 6.72245121002,
        "dvar": 14.6482439041,
        "dvar2": 34.8533401489,
        "max": 37.1181716919,
        "mean": 16.8529529572,
        "median": 16.373626709,
        "min": 3.10803699493,
        "var": 51.6319313049
    },
    "melbands_flatness_db": {
        "dmean": 0.0418515130877,
        "dmean2": 0.0585038475692,
        "dvar": 0.00185990682803,
        "dvar2": 0.0041091023013,
        "max": 0.502795696259,
        "mean": 0.179672524333,
        "median": 0.167324990034,
        "min": 0.0173322092742,
        "var": 0.00723396427929
    },
    "melbands_kurtosis": {
        "dmean": 21.7100067139,
        "dmean2": 35.5700111389,
        "dvar": 3155.41625977,
        "dvar2": 7885.50878906,
        "max": 679.078735352,
        "mean": 24.3022651672,
        "median": 6.68563461304,
        "min": -1.92214858532,
        "var": 3273.32568359
    },
    "melbands_skewness": {
        "dmean": 1.43230187893,
        "dmean2": 2.127409935,
        "dvar": 4.00638723373,
        "dvar2": 8.96020317078,
        "max": 22.0314788818,
        "mean": 3.10107636452,
        "median": 2.37213373184,
        "min": -2.76768994331,
        "var": 8.5085515976
    },
    "melbands_spread": {
        "dmean": 13.8299674988,
        "dmean2": 21.147321701,
        "dvar": 347.492248535,
        "dvar2": 744.179199219,
        "max": 248.694274902,
        "mean": 32.5895042419,
        "median": 26.6579151154,
        "min": 0.59586006403,
        "var": 782.687438965
    },
    "pitch_salience": {
        "dmean": 0.0991043820977,
        "dmean2": 0.159893617034,
        "dvar": 0.00988346803933,
        "dvar2": 0.0249477475882,
        "max": 0.830524146557,
        "mean": 0.513195931911,
        "median": 0.53036493063,
        "min": 0.0468024760485,
        "var": 0.0231130812317
    },
    "silence_rate_20dB": {
        "dmean": 0,
        "dmean2": 0,
        "dvar": 0,
        "dvar2": 0,
        "max": 1,
        "mean": 1,
        "median": 1,
        "min": 1,
        "var": 0
    },
    "silence_rate_30dB": {
        "dmean": 0.0681114569306,
        "dmean2": 0.136328428984,
        "dvar": 0.0634719133377,
        "dvar2": 0.148726314306,
        "max": 1,
        "mean": 0.947409152985,
        "median": 1,
        "min": 0,
        "var": 0.0498249456286
    },
    "silence_rate_60dB": {
        "dmean": 0.0363777093589,
        "dmean2": 0.0720371827483,
        "dvar": 0.0350546427071,
        "dvar2": 0.0761420354247,
        "max": 1,
        "mean": 0.0564578510821,
        "median": 0,
        "min": 0,
        "var": 0.0532703213394
    },
    "spectral_centroid": {
        "dmean": 444.120941162,
        "dmean2": 667.835266113,
        "dvar": 215508.625,
        "dvar2": 461129.40625,
        "max": 5145.703125,
        "mean": 1797.2467041,
        "median": 1705.20178223,
        "min": 197.668411255,
        "var": 657877.375
    },
    "spectral_complexity": {
        "dmean": 5.66331291199,
        "dmean2": 7.78853607178,
        "dvar": 42.6845664978,
        "dvar2": 67.2776184082,
        "max": 59,
        "mean": 19.0007724762,
        "median": 16,
        "min": 0,
        "var": 160.544937134
    },
    "spectral_decrease": {
        "dmean": 4.5951482619e-09,
        "dmean2": 7.14311099159e-09,
        "dvar": 6.94833368906e-17,
        "dvar2": 1.64762731318e-16,
        "max": -6.27969204414e-11,
        "mean": -8.0605762065e-09,
        "median": -5.22156007321e-09,
        "min": -5.76220315907e-08,
        "var": 8.03195154116e-17
    },
    "spectral_energy": {
        "dmean": 0.0179997589439,
        "dmean2": 0.0277130138129,
        "dvar": 0.0010098288767,
        "dvar2": 0.00239028059877,
        "max": 0.2194031775,
        "mean": 0.0328008793294,
        "median": 0.0220954678953,
        "min": 0.000262399174972,
        "var": 0.00119355518837
    },
    "spectral_energyband_high": {
        "dmean": 0.00101147219539,
        "dmean2": 0.00136875954922,
        "dvar": 1.78010088803e-06,
        "dvar2": 3.35883510161e-06,
        "max": 0.0141513189301,
        "mean": 0.00188650924247,
        "median": 0.000991423148662,
        "min": 2.4764092359e-06,
        "var": 4.94346477353e-06
    },
    "spectral_energyband_low": {
        "dmean": 0.0133707281202,
        "dmean2": 0.021183039993,
        "dvar": 0.000964067003224,
        "dvar2": 0.00235840305686,
        "max": 0.215714588761,
        "mean": 0.0179178602993,
        "median": 0.00399932824075,
        "min": 8.40394562829e-08,
        "var": 0.000999103533104
    },
    "spectral_energyband_middle_high": {
        "dmean": 0.00214504613541,
        "dmean2": 0.00328127574176,
        "dvar": 7.05507636667e-06,
        "dvar2": 1.54841527547e-05,
        "max": 0.0250111874193,
        "mean": 0.00558120151982,
        "median": 0.00449624611065,
        "min": 1.41863720273e-05,
        "var": 2.29993438552e-05
    },
    "spectral_energyband_middle_low": {
        "dmean": 0.00658445898443,
        "dmean2": 0.0113798640668,
        "dvar": 0.000141912620165,
        "dvar2": 0.000382033496862,
        "max": 0.0671732053161,
        "mean": 0.0082735195756,
        "median": 0.00488664908335,
        "min": 9.24213145481e-06,
        "var": 0.000115844406537
    },
    "spectral_entropy": {
        "dmean": 0.216043710709,
        "dmean2": 0.306513786316,
        "dvar": 0.0437018051744,
        "dvar2": 0.101318538189,
        "max": 8.58234405518,
        "mean": 7.82042884827,
        "median": 7.86308860779,
        "min": 6.00307846069,
        "var": 0.155650392175
    },
    "spectral_flux": {
        "dmean": 0.0420858263969,
        "dmean2": 0.0623232834041,
        "dvar": 0.00286849588156,
        "dvar2": 0.00542292511091,
        "max": 0.418411374092,
        "mean": 0.107913188636,
        "median": 0.0864114239812,
        "min": 0.0116792004555,
        "var": 0.00566659402102
    },
    "spectral_kurtosis": {
        "dmean": 1.09480333328,
        "dmean2": 1.71159899235,
        "dvar": 1.99223339558,
        "dvar2": 5.1312379837,
        "max": 23.3897037506,
        "mean": 2.60750126839,
        "median": 2.24073886871,
        "min": -0.807919979095,
        "var": 3.46012830734
    },
    "spectral_rms": {
        "dmean": 0.00133997306693,
        "dmean2": 0.00195536133833,
        "dvar": 3.32000058734e-06,
        "dvar2": 7.16385966371e-06,
        "max": 0.0146305114031,
        "mean": 0.00505678029731,
        "median": 0.00464290380478,
        "min": 0.00050596363144,
        "var": 6.42982286081e-06
    },
    "spectral_rolloff": {
        "dmean": 985.077575684,
        "dmean2": 1563.21704102,
        "dvar": 2055173,
        "dvar2": 4446055,
        "max": 13975.0488281,
        "mean": 2201.05053711,
        "median": 1571.92382812,
        "min": 64.599609375,
        "var": 4345384.5
    },
    "spectral_skewness": {
        "dmean": 0.222235873342,
        "dmean2": 0.326513618231,
        "dvar": 0.0534803383052,
        "dvar2": 0.121909484267,
        "max": 3.83781313896,
        "mean": 1.24476933479,
        "median": 1.19869542122,
        "min": -0.150980129838,
        "var": 0.174973264337
    },
    "spectral_spread": {
        "dmean": 691351.75,
        "dmean2": 986657.9375,
        "dvar": 494239645696,
        "dvar2": 1.06733672858e+12,
        "max": 12921693,
        "mean": 5424968.5,
        "median": 5249311,
        "min": 2162456.25,
        "var": 1.56863011226e+12
    },
    "spectral_strongpeak": {
        "dmean": 0.602608084679,
        "dmean2": 1.01046538353,
        "dvar": 0.92318713665,
        "dvar2": 2.25084209442,
        "max": 9.31284618378,
        "mean": 0.908541381359,
        "median": 0.366338193417,
        "min": 0,
        "var": 1.61535596848
    },
    "zerocrossingrate": {
        "dmean": 0.019581137225,
        "dmean2": 0.0209000259638,
        "dvar": 0.000375070259906,
        "dvar2": 0.000478818343254,
        "max": 0.34228515625,
        "mean": 0.084865771234,
        "median": 0.07666015625,
        "min": 0.005859375,
        "var": 0.00240322295576
    },
    "barkbands": {
        "dmean": [0.000675802992191, 0.0103354584426, 0.00349652720615, 0.00173410400748, 0.00350727047771, 0.000667088199407, 0.000852744851727, 0.000478958565509, 0.000482128816657, 0.000515627791174, 0.000281476037344, 0.00046805862803, 0.000522339192685, 0.000582510896493, 0.000379317731131, 0.000356475939043, 0.000212904284126, 0.000197648405447, 0.000186060889973, 0.000278761057416, 0.000237461485085, 0.000246210722253, 0.000226152566029, 0.000175590655999, 0.000104955979623, 6.22593288426e-05, 7.09578671376e-08],
        "dmean2": [0.00111525307875, 0.0169932004064, 0.0065652616322, 0.00324397603981, 0.00613142410293, 0.0010714866221, 0.00139880483039, 0.000779098831117, 0.000751221610699, 0.000801506568678, 0.000442809599917, 0.000726684404071, 0.000799340486992, 0.000911467592232, 0.000604547036346, 0.000552317418624, 0.00033124309266, 0.000319766666507, 0.000294809986372, 0.000443783268565, 0.000355725816917, 0.000357488432201, 0.000317562895361, 0.000240806257352, 0.000143416444189, 9.20721431612e-05, 1.28766700414e-07],
        "dvar": [2.03892523132e-06, 0.000623019528575, 0.000135481590405, 2.82863511529e-05, 5.68604154978e-05, 1.69032375652e-06, 2.4888072403e-06, 8.02727527116e-07, 7.70223209656e-07, 1.02416277059e-06, 2.7021175697e-07, 1.45420176523e-06, 2.00121553462e-06, 1.17595550364e-06, 6.19880097474e-07, 5.13592340212e-07, 1.97828171622e-07, 1.21035952816e-07, 1.38997023669e-07, 2.42368400905e-07, 1.15797440969e-07, 1.34521798145e-07, 1.01758502069e-07, 6.63413430857e-08, 2.69298059408e-08, 1.14672440432e-08, 1.11071870831e-13],
        "dvar2": [5.1361334954e-06, 0.00156261574011, 0.000394110538764, 8.2563412434e-05, 0.000147980201291, 4.11100018027e-06, 6.34088200968e-06, 1.9635483568e-06, 1.74668957698e-06, 2.30798036682e-06, 6.57593432152e-07, 2.86870886157e-06, 4.50535253549e-06, 2.65774792751e-06, 1.32661375574e-06, 1.16484318369e-06, 4.76452783005e-07, 2.99828855077e-07, 3.45899906051e-07, 5.92564788349e-07, 2.60050455836e-07, 2.85336597017e-07, 2.0188831229e-07, 1.3196540749e-07, 5.32381605467e-08, 2.60604675617e-08, 3.00502271721e-13],
        "max": [0.0170943103731, 0.175046935678, 0.0753460973501, 0.0410208180547, 0.0485176891088, 0.0197687521577, 0.0208375845104, 0.0124430693686, 0.00950101856142, 0.0132198985666, 0.0114683005959, 0.017949398607, 0.0215216875076, 0.012357711792, 0.0115375937894, 0.0145687004551, 0.0078627076, 0.00432413863018, 0.00645487150177, 0.00747319264337, 0.00329828262329, 0.00530837941915, 0.003202466527, 0.0025125683751, 0.0017103102291, 0.00131764274556, 5.43502073924e-06],
        "mean": [0.00146525842138, 0.0128886010498, 0.00292109348811, 0.00148457172327, 0.00309955654666, 0.000842751585878, 0.00112826144323, 0.000618837832008, 0.000696120085195, 0.000819379580207, 0.000444823061116, 0.000767949211877, 0.000708395789843, 0.00084630510537, 0.000588130787946, 0.000531622266863, 0.000323834334267, 0.000301326450426, 0.000252612138866, 0.000436625326984, 0.000377813063096, 0.000405106024118, 0.000351744150976, 0.000271881406661, 0.000144549368997, 8.37163461256e-05, 4.58218387678e-08],
        "median": [0.000124313519336, 0.00181498250458, 0.000152748252731, 0.00027381075779, 0.000873645825777, 0.000356452277629, 0.000456498615677, 0.000207126286114, 0.000287541828584, 0.000259620748693, 0.000176928180736, 0.000198498441023, 0.000158063092385, 0.000250279757893, 0.000176137531525, 0.000149996732944, 0.000115935334179, 0.000130912405439, 8.51850636536e-05, 0.000195781743969, 0.000171958105057, 0.000165196601301, 0.000151140746311, 0.000114873480925, 5.56373342988e-05, 3.15803154081e-05, 5.03930619455e-10],
        "min": [2.61309507366e-09, 1.58028576891e-08, 8.00130806056e-09, 5.72375391528e-09, 1.45608495927e-07, 2.43347926698e-07, 1.18567731988e-06, 3.88787277927e-08, 6.89824730671e-08, 1.5140385301e-07, 3.46136289409e-07, 7.3813161805e-08, 1.38701949481e-07, 1.86065264529e-07, 5.07408515205e-07, 4.87240697566e-07, 7.10481799615e-07, 4.5024714268e-07, 3.14256340062e-07, 4.14131079651e-07, 1.31986894303e-07, 3.88147697095e-07, 4.7822641136e-07, 1.0543179485e-07, 7.21009172366e-08, 3.53040131851e-11, 8.64237414272e-12],
        "var": [7.2851639743e-06, 0.000589899951592, 7.96881140559e-05, 1.78818881977e-05, 4.43587559857e-05, 2.56640987573e-06, 3.52568827111e-06, 1.26707175241e-06, 1.32886486881e-06, 2.13112798519e-06, 5.60106286684e-07, 3.31425644617e-06, 3.35926256412e-06, 2.43123758992e-06, 1.21641539863e-06, 1.18374657632e-06, 3.50055501031e-07, 2.01236403541e-07, 2.25136403742e-07, 4.31437797488e-07, 2.42122609961e-07, 3.34284550263e-07, 2.26072302212e-07, 1.42976119832e-07, 5.08173378932e-08, 1.78637442616e-08, 7.34913703244e-14]
    },
    "erbbands": {
        "dmean": [0.312591254711, 2.34937286377, 4.18522024155, 5.20355319977, 6.44347667694, 15.9995117188, 8.59587192535, 6.10378551483, 11.1293964386, 12.2968473434, 9.64566993713, 11.1942462921, 16.6714801788, 10.7619361877, 10.1392259598, 19.2581329346, 22.009185791, 30.3839187622, 15.2122268677, 22.1537532806, 14.7664289474, 10.8040838242, 10.5786371231, 9.90592765808, 9.84804821014, 13.1534776688, 9.63746833801, 10.3517208099, 9.61930274963, 7.74731588364, 6.1858625412, 4.00049304962, 2.85472488403, 1.32770609856, 0.727040469646, 0.329560518265, 0.112581156194, 0.00780933396891, 0.000155593690579, 2.69530828518e-05],
        "dmean2": [0.498893886805, 3.93303918839, 7.68141222, 9.79766178131, 11.6875162125, 27.7770404816, 14.5629959106, 9.53185367584, 17.6435203552, 21.053812027, 15.5982112885, 17.3402481079, 25.683423996, 17.1041069031, 16.0255756378, 29.1593265533, 34.1195373535, 45.8438262939, 23.610918045, 34.3016357422, 22.9039669037, 16.5799331665, 16.4329471588, 16.0801467896, 15.1866693497, 20.6665878296, 14.9438371658, 15.2401742935, 14.1432714462, 11.2707767487, 8.67775344849, 5.60667514801, 3.97003293037, 1.80153882504, 1.04172134399, 0.487572610378, 0.172110080719, 0.0125004155561, 0.00023946465808, 3.86139399779e-05],
        "dvar": [0.41199940443, 37.8921394348, 174.520523071, 271.107269287, 266.833435059, 1557.8125, 391.462158203, 158.696731567, 517.321655273, 578.08215332, 422.465606689, 433.507415771, 1261.7565918, 401.838165283, 369.919128418, 2188.12646484, 3330.60571289, 3502.33544922, 590.430847168, 2070.86523438, 649.734069824, 435.20602417, 322.309875488, 348.417785645, 394.134277344, 561.990478516, 220.090682983, 231.257064819, 227.357711792, 115.961967468, 91.9195251465, 37.0224380493, 18.5190925598, 4.16276073456, 1.69249486923, 0.290552616119, 0.0433455593884, 0.000258648651652, 9.08415955791e-08, 1.56556789754e-09],
        "dvar2": [0.996303200722, 97.887046814, 496.706054688, 786.241088867, 769.33795166, 4053.00415039, 1005.87268066, 389.454803467, 1268.48803711, 1615.84887695, 1059.97497559, 964.124145508, 2818.30712891, 1009.45458984, 799.49041748, 4116.73242188, 7817.24707031, 7791.50634766, 1349.01879883, 4458.16748047, 1559.5168457, 1045.74133301, 739.70880127, 896.574645996, 897.359191895, 1388.9119873, 550.341552734, 519.297607422, 493.966949463, 243.230072021, 190.744506836, 74.5219802856, 38.4851531982, 7.59316968918, 3.85946130753, 0.679085552692, 0.100273199379, 0.000633456395008, 2.14476457927e-07, 3.57395513184e-09],
        "max": [5.44817304611, 42.4541893005, 93.4091262817, 122.264427185, 125.600868225, 279.673736572, 142.70664978, 228.210800171, 377.33404541, 203.278991699, 325.756988525, 270.33215332, 544.648864746, 355.645690918, 559.68560791, 690.579162598, 969.499084473, 865.593322754, 319.222503662, 864.221923828, 350.895111084, 215.941345215, 291.786468506, 177.589538574, 345.616668701, 374.555541992, 187.344741821, 148.393157959, 192.938140869, 146.488555908, 110.723152161, 66.6136627197, 46.2427101135, 21.139799118, 16.6407642365, 6.27926921844, 2.40903425217, 0.177185490727, 0.00335426884703, 0.000320641265716],
        "mean": [0.445720762014, 2.55581092834, 3.84054160118, 4.41126537323, 5.80803918839, 13.4299030304, 8.4009552002, 7.93497514725, 15.4915361404, 15.3377952576, 12.4310321808, 16.5485057831, 28.1468791962, 17.7487659454, 17.0737571716, 33.0450668335, 34.4638214111, 46.3643760681, 27.7419395447, 37.7454299927, 24.7684116364, 17.2999534607, 17.0559253693, 13.7409038544, 14.4428157806, 20.3155593872, 15.3259620667, 16.2314891815, 15.2938270569, 13.2163162231, 9.01919269562, 5.83191585541, 4.40187072754, 1.92062973976, 0.917828381062, 0.438291996717, 0.147390127182, 0.00904046185315, 0.000212749728234, 5.25843424839e-05],
        "median": [0.0629306584597, 0.336304634809, 0.244950249791, 0.788444042206, 1.80707168579, 3.01249599457, 2.65851020813, 3.22326612473, 6.36221694946, 6.35234975815, 4.98708772659, 7.14486265182, 9.37469673157, 8.45979595184, 8.89115905762, 9.50533294678, 9.70161151886, 14.7898139954, 14.1538639069, 11.7301359177, 8.2989692688, 6.97610378265, 7.40109443665, 5.38647460938, 5.51663017273, 9.21699428558, 7.55477142334, 6.64856100082, 5.57216310501, 7.09525442123, 3.39916348457, 1.95484924316, 1.99672782421, 0.758812189102, 0.312778323889, 0.162435546517, 0.0540614128113, 0.00261155120097, 8.53603633004e-05, 3.86142128264e-05],
        "min": [9.4590950539e-07, 7.10549875294e-06, 1.66428872035e-05, 4.03846788686e-05, 0.000150366526213, 0.000923494400922, 0.000498437671922, 0.00286814686842, 0.0118017047644, 0.00725131062791, 0.00186060729902, 0.00142295402475, 0.00591258145869, 0.00916074309498, 0.020928895101, 0.00686257192865, 0.0055655259639, 0.00997950602323, 0.023958209902, 0.0403400957584, 0.0293837618083, 0.0395039245486, 0.0267126616091, 0.0190492756665, 0.0168532151729, 0.0136992409825, 0.0106002455577, 0.00628372561187, 0.0163797177374, 0.0198891591281, 0.0102386986837, 0.00222019967623, 0.000562996836379, 0.000697512878105, 0.000108797044959, 8.69989071361e-06, 2.70295731752e-06, 2.555038634e-07, 5.69976975839e-07, 4.58510754697e-07],
        "var": [0.509920239449, 31.4637928009, 110.708442688, 163.738418579, 171.908004761, 1192.91430664, 330.16506958, 236.082443237, 770.615478516, 623.512268066, 561.779602051, 732.121643066, 2730.25561523, 678.086181641, 953.802001953, 5482.54736328, 5829.0234375, 7681.62548828, 1474.44494629, 5244.59765625, 1630.14074707, 744.723205566, 629.436157227, 490.213226318, 798.149291992, 948.492248535, 387.071960449, 485.211761475, 520.037109375, 278.119293213, 171.792373657, 75.9895858765, 37.2251091003, 8.5077047348, 2.45307445526, 0.464706003666, 0.0615504384041, 0.000305741879856, 1.21017109223e-07, 2.39318564965e-09]
    },
    "gfcc": {
        "mean": [11.696228981, 57.9962539673, -115.672431946, 38.7136459351, -66.7612838745, 26.5530052185, -39.5737380981, 9.88459873199, -21.8729934692, 12.6163930893, -16.5997543335, 4.76634740829, -8.54539871216],
        "cov": [[4162.45019531, -197.672943115, 31.3498744965, 179.535446167, 2.79537272453, 63.7361526489, -86.5020294189, 72.5985488892, -110.286193848, -1.07431185246, -131.084060669, 55.2540206909, -117.095878601], [-197.672943115, 1463.27893066, 393.327606201, 162.502532959, 350.90322876, 204.419692993, 327.051574707, 22.1448116302, 122.697441101, -111.875534058, 120.018455505, -189.053588867, 25.8761329651], [31.3498744965, 393.327606201, 1090.19641113, 563.61151123, 272.489807129, 142.861450195, 181.444442749, 106.585464478, 77.2811431885, -24.1779174805, -12.8182640076, -11.4496192932, -58.3246116638], [179.535446167, 162.502532959, 563.61151123, 708.992004395, 232.812545776, 58.5626373291, 122.958648682, 101.440429688, 131.632064819, -34.7194404602, -17.7169113159, -25.3863296509, 23.7888698578], [2.79537272453, 350.90322876, 272.489807129, 232.812545776, 400.202056885, 174.128814697, 169.852478027, 94.8733139038, 118.245803833, 36.1899871826, 14.2971534729, -20.9515113831, 22.3647766113], [63.7361526489, 204.419692993, 142.861450195, 58.5626373291, 174.128814697, 324.803283691, 181.787582397, 31.8723297119, 66.8468704224, 52.3154029846, 69.1112518311, -28.7604675293, 7.82104587555], [-86.5020294189, 327.051574707, 181.444442749, 122.958648682, 169.852478027, 181.787582397, 285.47277832, 58.41929245, 70.1198196411, 36.8505401611, 62.4120368958, -26.8904819489, 5.84738016129], [72.5985488892, 22.1448116302, 106.585464478, 101.440429688, 94.8733139038, 31.8723297119, 58.41929245, 140.33013916, 68.6897735596, 27.3113384247, 5.58269166946, 20.0208301544, 25.4430274963], [-110.286193848, 122.697441101, 77.2811431885, 131.632064819, 118.245803833, 66.8468704224, 70.1198196411, 68.6897735596, 163.118270874, 52.8760643005, 26.5893688202, -6.22734975815, 54.9959602356], [-1.07431185246, -111.875534058, -24.1779174805, -34.7194404602, 36.1899871826, 52.3154029846, 36.8505401611, 27.3113384247, 52.8760643005, 150.844421387, 57.6308479309, 44.8083343506, 24.8558273315], [-131.084060669, 120.018455505, -12.8182640076, -17.7169113159, 14.2971534729, 69.1112518311, 62.4120368958, 5.58269166946, 26.5893688202, 57.6308479309, 176.069442749, 39.8903923035, 25.7203140259], [55.2540206909, -189.053588867, -11.4496192932, -25.3863296509, -20.9515113831, -28.7604675293, -26.8904819489, 20.0208301544, -6.22734975815, 44.8083343506, 39.8903923035, 120.736022949, 23.2303199768], [-117.095878601, 25.8761329651, -58.3246116638, 23.7888698578, 22.3647766113, 7.82104587555, 5.84738016129, 25.4430274963, 54.9959602356, 24.8558273315, 25.7203140259, 23.2303199768, 109.776748657]],
        "icov": [[0.000324813794577, -0.000292435870506, 0.000278958876152, -0.000441123556811, 0.000260350876488, -0.000482375646243, 0.000418033654569, -0.000447389145847, 0.000524860573933, -0.000496512686368, 0.000603496911936, -0.000673504720908, 0.000572558492422], [-0.000292435870506, 0.0027881602291, -0.00131617253646, 0.00183242210187, -0.00210316549055, 0.00170727807563, -0.00222584302537, 0.00140782934614, -0.00169481115881, 0.00341932685114, -0.00330533692613, 0.00419400492683, -0.00200463668443], [0.000278958876152, -0.00131617253646, 0.00259905564599, -0.00238369847648, 0.000693942420185, -0.0013796207495, 0.000843357527629, -0.00118039373774, 0.00131851260085, -0.00156027753837, 0.00183498347178, -0.00271353009157, 0.00252783321775], [-0.000441123556811, 0.00183242210187, -0.00238369847648, 0.00452844239771, -0.00201279227622, 0.0020857299678, -0.00184258841909, 0.00102261838038, -0.00304238009267, 0.00346872583032, -0.00237222621217, 0.00316677754745, -0.00240320456214], [0.000260350876488, -0.00210316549055, 0.000693942420185, -0.00201279227622, 0.00641134474427, -0.0028288688045, 0.000677563948557, -0.00223617674783, -4.96961984027e-05, -0.00278405006975, 0.00331139145419, -0.00316221569665, 0.00150446745101], [-0.000482375646243, 0.00170727807563, -0.0013796207495, 0.0020857299678, -0.0028288688045, 0.00716544175521, -0.00394480163231, 0.00191001489293, -0.00175312161446, 0.00135288829915, -0.00351677811705, 0.00412786519155, -0.00174627627712], [0.000418033654569, -0.00222584302537, 0.000843357527629, -0.00184258841909, 0.000677563948557, -0.00394480163231, 0.00861561764032, -0.00265102670528, 0.00159423437435, -0.00311455526389, 0.00114279414993, -0.00200657430105, 0.00217984966002], [-0.000447389145847, 0.00140782934614, -0.00118039373774, 0.00102261838038, -0.00223617674783, 0.00191001489293, -0.00265102670528, 0.0116675132886, -0.00434971740469, 0.00170758448076, -0.00086701719556, -0.000157352551469, -0.00187237106729], [0.000524860573933, -0.00169481115881, 0.00131851260085, -0.00304238009267, -4.96961984027e-05, -0.00175312161446, 0.00159423437435, -0.00434971740469, 0.0140500981361, -0.00590834207833, 0.00179469434079, 9.78868702077e-05, -0.00276483572088], [-0.000496512686368, 0.00341932685114, -0.00156027753837, 0.00346872583032, -0.00278405006975, 0.00135288829915, -0.00311455526389, 0.00170758448076, -0.00590834207833, 0.0144329592586, -0.00562321394682, 0.0016076953616, -0.00200601061806], [0.000603496911936, -0.00330533692613, 0.00183498347178, -0.00237222621217, 0.00331139145419, -0.00351677811705, 0.00114279414993, -0.00086701719556, 0.00179469434079, -0.00562321394682, 0.0120822833851, -0.00780451251194, 0.0018226725515], [-0.000673504720908, 0.00419400492683, -0.00271353009157, 0.00316677754745, -0.00316221569665, 0.00412786519155, -0.00200657430105, -0.000157352551469, 9.78868702077e-05, 0.0016076953616, -0.00780451251194, 0.0186990331858, -0.00588292302564], [0.000572558492422, -0.00200463668443, 0.00252783321775, -0.00240320456214, 0.00150446745101, -0.00174627627712, 0.00217984966002, -0.00187237106729, -0.00276483572088, -0.00200601061806, 0.0018226725515, -0.00588292302564, 0.0148494308814]]
    },
    "melbands": {
        "dmean": [0.00282913632691, 0.00248046428896, 0.000910760427359, 0.00077031319961, 0.000423656631028, 0.000135931477416, 0.00016655062791, 0.000129245803691, 7.83162613516e-05, 7.32717453502e-05, 8.48285126267e-05, 4.62272073491e-05, 3.39379876095e-05, 4.03487611038e-05, 6.11447612755e-05, 5.4115182138e-05, 6.28413108643e-05, 2.6841476938e-05, 3.1578612834e-05, 3.15461766149e-05, 1.67379257618e-05, 1.2387348761e-05, 1.00937741081e-05, 9.58987948252e-06, 8.35002902022e-06, 7.10720451025e-06, 8.36992057884e-06, 9.68278618529e-06, 6.78136257193e-06, 5.59953059565e-06, 6.64224398861e-06, 5.99685790803e-06, 4.50540528618e-06, 4.61677518615e-06, 3.94817288907e-06, 2.8345255032e-06, 2.43103499997e-06, 2.20540732698e-06, 1.56535588758e-06, 1.04572279724e-06],
        "dmean2": [0.00456166826189, 0.00433307047933, 0.00171054864768, 0.00136370316613, 0.000721825344954, 0.000211674792808, 0.000267363211606, 0.000220721776714, 0.000127732302644, 0.000112979643745, 0.000130600878038, 7.37607624615e-05, 5.29502613063e-05, 6.33175804978e-05, 9.43232371355e-05, 8.0607511336e-05, 9.58839591476e-05, 4.27681261499e-05, 4.86809694848e-05, 4.87295947096e-05, 2.605235386e-05, 1.96404598682e-05, 1.54762401507e-05, 1.56494170369e-05, 1.38351624628e-05, 1.12141951831e-05, 1.32850027512e-05, 1.53703949763e-05, 1.09169268399e-05, 8.47357750899e-06, 9.95674690785e-06, 9.04205717234e-06, 6.66114647174e-06, 6.87616147843e-06, 5.6986468735e-06, 4.1847670218e-06, 3.48536104866e-06, 3.13992268275e-06, 2.22281505557e-06, 1.46156367009e-06],
        "dvar": [4.08104497183e-05, 4.91507526021e-05, 8.08058757684e-06, 2.62563776232e-06, 1.07663197468e-06, 6.84391991967e-08, 1.01920647921e-07, 6.059440949e-08, 2.70743054642e-08, 1.89262863159e-08, 3.20640651807e-08, 7.62973240143e-09, 3.86268883545e-09, 6.31778096505e-09, 2.84703318698e-08, 2.90989223828e-08, 1.59808983824e-08, 2.46082976219e-09, 4.57037785395e-09, 4.6760710859e-09, 9.1605473207e-10, 6.48575693152e-10, 2.96643376529e-10, 3.06253938875e-10, 2.56076937433e-10, 2.44084807921e-10, 3.00948821419e-10, 3.08063657917e-10, 1.35929406619e-10, 6.66501645541e-11, 1.03134660534e-10, 9.30706622881e-11, 4.50919891704e-11, 4.15248668784e-11, 3.98689102565e-11, 2.19737127799e-11, 1.45596468909e-11, 1.16548558998e-11, 5.97151581655e-12, 2.73561685457e-12],
        "dvar2": [0.000100618468423, 0.000131927256007, 2.34262188314e-05, 6.93356241754e-06, 2.75152024187e-06, 1.62850767538e-07, 2.51837263932e-07, 1.6634268718e-07, 6.74190800964e-08, 4.14799288251e-08, 7.11995085112e-08, 1.87590725176e-08, 9.06714969773e-09, 1.29529951209e-08, 5.50905916441e-08, 6.24011704531e-08, 3.51161766332e-08, 5.66357094556e-09, 9.97357485488e-09, 1.02992405715e-08, 2.17201945318e-09, 1.61582014435e-09, 6.60908772154e-10, 7.62116203479e-10, 6.69216237981e-10, 6.06847461171e-10, 6.87611967365e-10, 7.79960762642e-10, 3.53421042432e-10, 1.53981286055e-10, 2.38525893481e-10, 2.09252642991e-10, 9.74306191281e-11, 8.86877099537e-11, 8.55156084834e-11, 4.72798328266e-11, 3.05778700971e-11, 2.55162974083e-11, 1.23536389451e-11, 5.16988795524e-12],
        "max": [0.0509269870818, 0.0492969639599, 0.0214830264449, 0.0101037621498, 0.00672777881846, 0.00451990682632, 0.00488627981395, 0.00212007272057, 0.00231343344785, 0.00184198573697, 0.00268471660092, 0.00149430171587, 0.0016264008591, 0.00122985232156, 0.00328215770423, 0.00295266089961, 0.0015350417234, 0.000795941334218, 0.00115897634532, 0.00153323332779, 0.000512148078997, 0.000311027368298, 0.000207691293326, 0.000221466179937, 0.000150473075337, 0.000288679002551, 0.000371546775568, 0.000231743018958, 0.000169962499058, 8.17239124444e-05, 8.90913506737e-05, 0.000109382403025, 0.000103382481029, 9.33999181143e-05, 5.81772219448e-05, 5.58009305678e-05, 4.20119140472e-05, 3.32956005877e-05, 2.84138950519e-05, 1.6943031369e-05],
        "mean": [0.0038446506951, 0.00255256681703, 0.000803338247351, 0.000677296950016, 0.000395537615987, 0.000184279997484, 0.000229217752349, 0.000161208110512, 9.73300993792e-05, 0.000107290376036, 0.000140416523209, 7.15139904059e-05, 5.43870301044e-05, 6.22935331194e-05, 9.9819204479e-05, 7.43573036743e-05, 9.02291794773e-05, 4.28685016232e-05, 4.88533696625e-05, 4.89527592435e-05, 2.47380139626e-05, 1.8247999833e-05, 1.59141873155e-05, 1.41158579936e-05, 1.07717187348e-05, 9.38880475587e-06, 1.22011233543e-05, 1.41403870657e-05, 9.86867962638e-06, 8.77378533914e-06, 9.64384889812e-06, 8.92344360182e-06, 7.20011121302e-06, 7.50926892579e-06, 5.47058880329e-06, 3.90121931559e-06, 3.42664088748e-06, 3.32643503498e-06, 2.28228054766e-06, 1.39247595143e-06],
        "median": [0.00053955684416, 0.000252288795309, 0.000162617463502, 0.000193483312614, 0.00010910340643, 7.82202550909e-05, 9.31949471124e-05, 6.33425661363e-05, 3.73928123736e-05, 4.28310086136e-05, 4.45892292191e-05, 2.96620528388e-05, 2.37001877395e-05, 2.29038414545e-05, 2.12002760236e-05, 1.45081367009e-05, 2.43972153839e-05, 1.7456648493e-05, 1.34199408421e-05, 1.27351204355e-05, 7.6831665865e-06, 6.82878726366e-06, 6.54286259305e-06, 5.83217843086e-06, 3.95645201934e-06, 3.01463819596e-06, 4.54634755442e-06, 6.34458592685e-06, 4.70138184028e-06, 4.00710314352e-06, 3.5437913084e-06, 2.95609083878e-06, 3.11937287734e-06, 3.98529709855e-06, 2.06801837521e-06, 1.11408508019e-06, 1.18601826671e-06, 1.48070603245e-06, 9.9896874417e-07, 4.45508135272e-07],
        "min": [4.21637569303e-09, 9.94294158119e-09, 5.0250772432e-09, 2.44259403814e-08, 1.51544909954e-08, 5.53799068825e-08, 1.74621050064e-07, 7.79048363597e-08, 1.28507373631e-08, 8.88842599522e-09, 2.48637963551e-08, 4.04253341912e-08, 5.66341675778e-08, 1.43509755191e-08, 1.03449506739e-08, 1.62629909539e-08, 1.52237955575e-08, 3.34057936868e-08, 5.19661291776e-08, 3.64556527188e-08, 2.95486639601e-08, 1.19866347958e-08, 1.61524269515e-08, 2.4336786808e-08, 1.2771546487e-08, 8.13168021807e-09, 9.91107418358e-10, 7.0245498307e-09, 6.18776363481e-09, 4.35754987649e-09, 1.59987145754e-09, 1.79585912807e-09, 5.51326451159e-09, 1.31169972661e-08, 3.42488659655e-09, 4.94350255176e-11, 2.05226696748e-10, 1.3945359624e-11, 2.98372021534e-11, 9.70970786413e-12],
