{
"highlevel": {
    "danceability": {
        "all": {
            "danceable": 0.989914596081,
            "not_danceable": 0.0100853843614
        },
        "probability": 0.989914596081,
        "value": "danceable"
    },
    "gender": {
        "all": {
            "female": 0.966672539711,
            "male": 0.033327486366
        },
        "probability": 0.966672539711,
        "value": "female"
    },
    "genre_dortmund": {
        "all": {
            "alternative": 0.0718947574496,
            "blues": 0.0253507643938,
            "electronic": 0.131897166371,
            "folkcountry": 0.0332340821624,
            "funksoulrnb": 0.0520144887269,
            "jazz": 0.0622408874333,
            "pop": 0.0599741153419,
            "raphiphop": 0.440303117037,
            "rock": 0.123090624809
        },
        "probability": 0.440303117037,
        "value": "raphiphop"
    },
    "genre_electronic": {
        "all": {
            "ambient": 0.312767207623,
            "dnb": 0.191735386848,
            "house": 0.337713181973,
            "techno": 0.0192098878324,
            "trance": 0.138574317098
        },
        "probability": 0.337713181973,
        "value": "house"
    },
    "genre_rosamerica": {
        "all": {
            "cla": 0.00197262130678,
            "dan": 0.6680098176,
            "hip": 0.0294341277331,
            "jaz": 0.00183311314322,
            "pop": 0.223571524024,
            "rhy": 0.057383261621,
            "roc": 0.0165218133479,
            "spe": 0.00127373624127
        },
        "probability": 0.6680098176,
        "value": "dan"
    },
    "genre_tzanetakis": {
        "all": {
            "blu": 0.0626613423228,
            "cla": 0.0348169617355,
            "cou": 0.104475811124,
            "dis": 0.0784321576357,
            "hip": 0.15692435205,
            "jaz": 0.313974827528,
            "met": 0.0448166541755,
            "pop": 0.0627359300852,
            "reg": 0.0627360641956,
            "roc": 0.0784258767962
        },
        "probability": 0.313974827528,
        "value": "jaz"
    },
    "ismir04_rhythm": {
        "all": {
            "ChaChaCha": 0.0823685154319,
            "Jive": 0.0675169676542,
            "Quickstep": 0.172790274024,
            "Rumba-American": 0.0347292087972,
            "Rumba-International": 0.0631396174431,
            "Rumba-Misc": 0.016172811389,
            "Samba": 0.50947022438,
            "Tango": 0.0193823575974,
            "VienneseWaltz": 0.0210804641247,
            "Waltz": 0.013349535875
        },
        "probability": 0.50947022438,
        "value": "Samba"
    },
    "mood_acoustic": {
        "all": {
            "acoustic": 0.00673238374293,
            "not_acoustic": 0.993267595768
        },
        "probability": 0.993267595768,
        "value": "not_acoustic"
    },
    "mood_aggressive": {
        "all": {
            "aggressive": 0.185991689563,
            "not_aggressive": 0.814008295536
        },
        "probability": 0.814008295536,
        "value": "not_aggressive"
    },
    "mood_electronic": {
        "all": {
            "electronic": 0.734706521034,
            "not_electronic": 0.265293449163
        },
        "probability": 0.734706521034,
        "value": "electronic"
    },
    "mood_happy": {
        "all": {
            "happy": 0.595502197742,
            "not_happy": 0.404497802258
        },
        "probability": 0.595502197742,
        "value": "happy"
    },
    "mood_party": {
        "all": {
            "not_party": 0.22867153585,
            "party": 0.771328449249
        },
        "probability": 0.771328449249,
        "value": "party"
    },
    "mood_relaxed": {
        "all": {
            "not_relaxed": 0.916096389294,
            "relaxed": 0.0839036256075
        },
        "probability": 0.916096389294,
        "value": "not_relaxed"
    },
    "mood_sad": {
        "all": {
            "not_sad": 0.653278768063,
            "sad": 0.34672126174
        },
        "probability": 0.653278768063,
        "value": "not_sad"
    },
    "moods_mirex": {
        "all": {
            "Cluster1": 0.202461227775,
            "Cluster2": 0.250274538994,
            "Cluster3": 0.0590523593128,
            "Cluster4": 0.106051258743,
            "Cluster5": 0.382160604
        },
        "probability": 0.382160604,
        "value": "Cluster5"
    },
    "timbre": {
        "all": {
            "bright": 0.933412075043,
            "dark": 0.066587895155
        },
        "probability": 0.933412075043,
        "value": "bright"
    },
    "tonal_atonal": {
        "all": {
            "atonal": 0.341795861721,
            "tonal": 0.658204138279
        },
        "probability": 0.658204138279,
        "value": "tonal"
    },
    "voice_instrumental": {
        "all": {
            "instrumental": 0.267664313316,
            "voice": 0.732335686684
        },
        "probability": 0.732335686684,
        "value": "voice"
    }
},
"lowlevel": {
    "average_loudness": 0.817093014717,
    "barkbands_crest": {
        "dmean": 2.67705273628,
        "dmean2": 4.26835250854,
        "dvar": 7.06762552261,
        "dvar2": 16.804227829,
        "max": 25.6517028809,
        "mean": 11.913230896,
        "median": 10.6914100647,
        "min": 2.13200139999,
        "var": 31.0249443054
    },
    "barkbands_flatness_db": {
        "dmean": 0.0244175642729,
        "dmean2": 0.0373171381652,
        "dvar": 0.000780896109063,
        "dvar2": 0.00166956824251,
        "max": 0.452995747328,
        "mean": 0.163289323449,
        "median": 0.149240463972,
        "min": 0.0371788404882,
        "var": 0.00454289419577
    },
    "barkbands_kurtosis": {
        "dmean": 5.297727108,
        "dmean2": 8.46866416931,
        "dvar": 196.247467041,
        "dvar2": 471.979858398,
        "max": 260.46395874,
        "mean": 7.16888427734,
        "median": 2.04950523376,
        "min": -1.8133007288,
        "var": 311.351593018
    },
    "barkbands_skewness": {
        "dmean": 0.722422003746,
        "dmean2": 1.08582353592,
        "dvar": 0.871141016483,
        "dvar2": 1.87155437469,
        "max": 12.3865671158,
        "mean": 1.76234793663,
        "median": 1.48178517818,
        "min": -3.12620711327,
        "var": 3.39738464355
    },
    "barkbands_spread": {
        "dmean": 6.81915092468,
        "dmean2": 10.7608861923,
        "dvar": 92.095375061,
        "dvar2": 200.114517212,
        "max": 90.5812072754,
        "mean": 24.3574466705,
        "median": 21.1820850372,
        "min": 0.434227854013,
        "var": 295.050811768
    },
    "dissonance": {
        "dmean": 0.0182156674564,
        "dmean2": 0.0307204127312,
        "dvar": 0.000438882241724,
        "dvar2": 0.00115320936311,
        "max": 0.500000059605,
        "mean": 0.462653338909,
        "median": 0.474317371845,
        "min": 0.241399616003,
        "var": 0.00132371555082
    },
    "dynamic_complexity": 3.10860562325,
    "erbbands_crest": {
        "dmean": 2.6514942646,
        "dmean2": 4.3598742485,
        "dvar": 5.86627912521,
        "dvar2": 14.4771709442,
        "max": 23.3305492401,
        "mean": 8.21687889099,
        "median": 7.34007692337,
        "min": 2.22386097908,
        "var": 15.0243501663
    },
    "erbbands_flatness_db": {
        "dmean": 0.0170491915196,
        "dmean2": 0.0253386553377,
        "dvar": 0.000345178676071,
        "dvar2": 0.000734780041967,
        "max": 0.380765140057,
        "mean": 0.153318941593,
        "median": 0.141598299146,
        "min": 0.0613182522357,
        "var": 0.00357463420369
    },
    "erbbands_kurtosis": {
        "dmean": 0.852095067501,
        "dmean2": 1.3618824482,
        "dvar": 1.08518767357,
        "dvar2": 2.43555355072,
        "max": 10.0836706161,
        "mean": 0.284685671329,
        "median": -0.238480806351,
        "min": -1.82969617844,
        "var": 2.7630238533
    },
    "erbbands_skewness": {
        "dmean": 0.377706676722,
        "dmean2": 0.577457845211,
        "dvar": 0.147968515754,
        "dvar2": 0.29417347908,
        "max": 2.18818306923,
        "mean": 0.0816927403212,
        "median": 0.154950931668,
        "min": -2.8089017868,
        "var": 0.555370330811
    },
    "erbbands_spread": {
        "dmean": 9.69343280792,
        "dmean2": 14.9921827316,
        "dvar": 133.711029053,
        "dvar2": 283.351074219,
        "max": 163.40196228,
        "mean": 42.9785842896,
        "median": 42.4543647766,
        "min": 5.00144672394,
        "var": 466.063018799
    },
    "hfc": {
        "dmean": 10.4076461792,
        "dmean2": 15.4142923355,
        "dvar": 429.790649414,
        "dvar2": 786.007019043,
        "max": 237.69682312,
        "mean": 27.0048675537,
        "median": 21.9712543488,
        "min": 0.000287499598926,
        "var": 892.710449219
    },
    "melbands_crest": {
        "dmean": 3.09613609314,
        "dmean2": 4.96137285233,
        "dvar": 11.5105762482,
        "dvar2": 25.5167865753,
        "max": 36.4010009766,
        "mean": 15.8224954605,
        "median": 14.6670761108,
        "min": 3.8040766716,
        "var": 45.2802124023
    },
    "melbands_flatness_db": {
        "dmean": 0.030435057357,
        "dmean2": 0.0450389683247,
        "dvar": 0.00131780072115,
        "dvar2": 0.00262642255984,
        "max": 0.57412725687,
        "mean": 0.208735048771,
        "median": 0.196086928248,
        "min": 0.0308387205005,
        "var": 0.00898905470967
    },
    "melbands_kurtosis": {
        "dmean": 12.9584903717,
        "dmean2": 20.3819847107,
        "dvar": 1082.27832031,
        "dvar2": 2664.50439453,
        "max": 689.877502441,
        "mean": 21.6854858398,
        "median": 8.39461708069,
        "min": -1.77096199989,
        "var": 1827.11621094
    },
    "melbands_skewness": {
        "dmean": 0.944834709167,
        "dmean2": 1.43070590496,
        "dvar": 1.71948587894,
        "dvar2": 3.81834578514,
        "max": 22.9816875458,
        "mean": 3.16603016853,
        "median": 2.58915352821,
        "min": -0.678469598293,
        "var": 6.1549282074
    },
    "melbands_spread": {
        "dmean": 10.5201711655,
        "dmean2": 15.6898317337,
        "dvar": 358.686828613,
        "dvar2": 636.938415527,
        "max": 235.336715698,
        "mean": 28.3977298737,
        "median": 17.3972911835,
        "min": 0.330702096224,
        "var": 1060.53710938
    },
    "pitch_salience": {
        "dmean": 0.0741014927626,
        "dmean2": 0.117363452911,
        "dvar": 0.00593018904328,
        "dvar2": 0.014880111441,
        "max": 0.851746976376,
        "mean": 0.508076071739,
        "median": 0.538554608822,
        "min": 0.0470464341342,
        "var": 0.0246236212552
    },
    "silence_rate_20dB": {
        "dmean": 0,
        "dmean2": 0,
        "dvar": 0,
        "dvar2": 0,
        "max": 1,
        "mean": 1,
        "median": 1,
        "min": 1,
        "var": 0
    },
    "silence_rate_30dB": {
        "dmean": 0.0588235296309,
        "dmean2": 0.117738187313,
        "dvar": 0.0553642958403,
        "dvar2": 0.120914921165,
        "max": 1,
        "mean": 0.869296193123,
        "median": 1,
        "min": 0,
        "var": 0.11362183094
    },
    "silence_rate_60dB": {
        "dmean": 0.0247678011656,
        "dmean2": 0.0495739728212,
        "dvar": 0.0241549015045,
        "dvar2": 0.0533123873174,
        "max": 1,
        "mean": 0.0850734710693,
        "median": 0,
        "min": 0,
        "var": 0.0778357461095
    },
    "spectral_centroid": {
        "dmean": 317.579742432,
        "dmean2": 465.994812012,
        "dvar": 184910.703125,
        "dvar2": 346294.71875,
        "max": 4842.00830078,
        "mean": 1552.81945801,
        "median": 1406.53063965,
        "min": 147.153778076,
        "var": 750471.5625
    },
    "spectral_complexity": {
        "dmean": 4.19504642487,
        "dmean2": 6.20681619644,
        "dvar": 26.0640506744,
        "dvar2": 47.1602935791,
        "max": 65,
        "mean": 20.7045631409,
        "median": 19,
        "min": 0,
        "var": 149.535247803
    },
    "spectral_decrease": {
        "dmean": 4.50021131471e-09,
        "dmean2": 7.39105043834e-09,
        "dvar": 8.22020461369e-17,
        "dvar2": 2.2088506976e-16,
        "max": -3.22956071608e-13,
        "mean": -1.15025606817e-08,
        "median": -6.01216543217e-09,
        "min": -7.70074350953e-08,
        "var": 1.82268467118e-16
    },
    "spectral_energy": {
        "dmean": 0.0176318902522,
        "dmean2": 0.0288143027574,
        "dvar": 0.00120027584489,
        "dvar2": 0.00321231270209,
        "max": 0.296378731728,
        "mean": 0.0458627343178,
        "median": 0.0250908844173,
        "min": 1.25102394577e-06,
        "var": 0.00267841876484
    },
    "spectral_energyband_high": {
        "dmean": 0.000919638201594,
        "dmean2": 0.00134008040186,
        "dvar": 4.28925386586e-06,
        "dvar2": 7.41576604923e-06,
        "max": 0.0230536144227,
        "mean": 0.00174038426485,
        "median": 0.000878843828104,
        "min": 5.51343104505e-09,
        "var": 8.99828864931e-06
    },
    "spectral_energyband_low": {
        "dmean": 0.014370592311,
        "dmean2": 0.0239994954318,
        "dvar": 0.00116792158224,
        "dvar2": 0.00313927978277,
        "max": 0.272445708513,
        "mean": 0.0304086711258,
        "median": 0.00784673914313,
        "min": 9.01259568309e-07,
        "var": 0.00239681056701
    },
    "spectral_energyband_middle_high": {
        "dmean": 0.00188973080367,
        "dmean2": 0.00273189344443,
        "dvar": 7.75322769186e-06,
        "dvar2": 1.51980011651e-05,
        "max": 0.0339673236012,
        "mean": 0.00487516401336,
        "median": 0.00359696219675,
        "min": 1.8852407635e-08,
        "var": 2.22616999963e-05
    },
    "spectral_energyband_middle_low": {
        "dmean": 0.00425405148417,
        "dmean2": 0.00687951315194,
        "dvar": 6.75340706948e-05,
        "dvar2": 0.000178793896339,
        "max": 0.10946328938,
        "mean": 0.00973740778863,
        "median": 0.00855435431004,
        "min": 2.50300274729e-07,
        "var": 7.94953666627e-05
    },
    "spectral_entropy": {
        "dmean": 0.17325912416,
        "dmean2": 0.26025018096,
        "dvar": 0.0483810119331,
        "dvar2": 0.0965818464756,
        "max": 8.89628410339,
        "mean": 7.58111143112,
        "median": 7.6889538765,
        "min": 5.92242002487,
        "var": 0.313453048468
    },
    "spectral_flux": {
        "dmean": 0.0323188193142,
        "dmean2": 0.0529654435813,
        "dvar": 0.00243733497337,
        "dvar2": 0.00568927731365,
        "max": 0.483898580074,
        "mean": 0.0938929542899,
        "median": 0.0761187821627,
        "min": 0.000400526681915,
        "var": 0.00534861953929
    },
    "spectral_kurtosis": {
        "dmean": 1.96844995022,
        "dmean2": 3.2255051136,
        "dvar": 10.5862855911,
        "dvar2": 26.870010376,
        "max": 56.4788360596,
        "mean": 5.35070371628,
        "median": 3.08286905289,
        "min": -1.2058287859,
        "var": 35.9765853882
    },
    "spectral_rms": {
        "dmean": 0.00107713590842,
        "dmean2": 0.00167740695179,
        "dvar": 2.77366211776e-06,
        "dvar2": 6.55817393636e-06,
        "max": 0.0170044116676,
        "mean": 0.00575110968202,
        "median": 0.00494761671871,
        "min": 3.49358160747e-05,
        "var": 1.16689034257e-05
    },
    "spectral_rolloff": {
        "dmean": 723.664001465,
        "dmean2": 1170.81811523,
        "dvar": 2117910.75,
        "dvar2": 4005190,
        "max": 12187.7929688,
        "mean": 1952.7565918,
        "median": 990.52734375,
        "min": 64.599609375,
        "var": 6269800.5
    },
    "spectral_skewness": {
        "dmean": 0.256051450968,
        "dmean2": 0.404840290546,
        "dvar": 0.100687213242,
        "dvar2": 0.225899577141,
        "max": 5.36538410187,
        "mean": 1.5992937088,
        "median": 1.36537539959,
        "min": -0.0180491060019,
        "var": 0.588643908501
    },
    "spectral_spread": {
        "dmean": 740739.5,
        "dmean2": 1099524.125,
        "dvar": 1.05615785984e+12,
        "dvar2": 2.00814087373e+12,
        "max": 16177990,
        "mean": 4892836,
        "median": 4724124.5,
        "min": 1192813.125,
        "var": 4.41367291494e+12
    },
    "spectral_strongpeak": {
        "dmean": 0.391147136688,
        "dmean2": 0.650233626366,
        "dvar": 0.503432869911,
        "dvar2": 1.18974912167,
        "max": 9.41085147858,
        "mean": 0.753470003605,
        "median": 0.558260142803,
        "min": 0.0013685231097,
        "var": 0.667513549328
    },
    "zerocrossingrate": {
        "dmean": 0.0160649064928,
        "dmean2": 0.01759249717,
        "dvar": 0.000607641937677,
        "dvar2": 0.000646246073302,
        "max": 0.46435546875,
        "mean": 0.0727097243071,
        "median": 0.0556640625,
        "min": 0.001953125,
        "var": 0.00428890436888
    },
    "barkbands": {
        "dmean": [0.000742894597352, 0.0122776599601, 0.00398604664952, 0.00135291402694, 0.00174928491469, 0.00103163369931, 0.000670850684401, 0.000449118932011, 0.000901806110051, 0.000346736283973, 0.000552585115656, 0.000253453617916, 0.000304645393044, 0.000211850681808, 0.000282093067653, 0.000235489511397, 0.000272135803243, 0.00028980706702, 0.000237376050791, 0.000331613264279, 0.000202220180654, 0.000189693411812, 0.000169337945408, 0.000152090360643, 0.000159559116582, 7.42008996895e-05, 1.04227808606e-07],
        "dmean2": [0.00103618460707, 0.0195620339364, 0.00715045211837, 0.00228991894983, 0.00290759722702, 0.00160569301806, 0.00105708569754, 0.000722147407942, 0.00139642425347, 0.000545663235243, 0.000900797487702, 0.000395676674088, 0.000487896206323, 0.000349535461282, 0.000449713348644, 0.000380332785426, 0.000435263529653, 0.00043017839198, 0.000354260933818, 0.000515712948982, 0.000298513536109, 0.00027877849061, 0.000251271820161, 0.000237133484916, 0.000241152796661, 0.000122243669466, 1.91305232988e-07],
        "dvar": [5.00862824993e-06, 0.000861312029883, 0.000228395452723, 1.43355628097e-05, 2.46754498221e-05, 2.61445848082e-06, 1.37466111028e-06, 8.63947661855e-07, 2.18432160182e-06, 7.19308275166e-07, 8.70586745805e-07, 2.8216416581e-07, 2.58897443928e-07, 1.55577779992e-07, 3.16121941069e-07, 2.06248799373e-07, 3.39858871712e-07, 4.33937088928e-07, 2.33557500451e-07, 5.1475649343e-07, 2.42881156964e-07, 2.59270933611e-07, 2.30006108382e-07, 1.00488890098e-07, 1.20202756193e-07, 2.53145326923e-08, 6.48297984306e-13],
        "dvar2": [9.27431392483e-06, 0.0023148721084, 0.000677689968143, 4.0591465222e-05, 6.64783437969e-05, 6.52609378449e-06, 3.26843655785e-06, 2.13867201637e-06, 4.84655129185e-06, 1.47476976053e-06, 2.06391860047e-06, 6.11741370449e-07, 6.26217172339e-07, 3.62509240404e-07, 7.38730136618e-07, 4.90251125029e-07, 7.9335211467e-07, 9.53405844939e-07, 4.62405978396e-07, 1.16039416298e-06, 4.33567549862e-07, 4.92903950544e-07, 4.06140742371e-07, 2.09839157606e-07, 2.63939313072e-07, 6.14097572793e-08, 1.88058813314e-12],
        "max": [0.0302222855389, 0.250418782234, 0.15746833384, 0.0419885963202, 0.0639970824122, 0.0264504700899, 0.0144705697894, 0.0101906731725, 0.0180476587266, 0.0161590073258, 0.012944621034, 0.0119117610157, 0.00534434057772, 0.00518526183441, 0.00534911081195, 0.00470416853204, 0.00846684351563, 0.0120968017727, 0.0065623796545, 0.00981652457267, 0.00608279230073, 0.00695725250989, 0.00581891741604, 0.0029980125837, 0.0041686668992, 0.00141857424751, 1.59123737831e-05],
        "mean": [0.0011701383628, 0.0236944649369, 0.00474492227659, 0.00163804390468, 0.00252761878073, 0.00189467554446, 0.00117838080041, 0.000663253420498, 0.00163464772049, 0.000598740938585, 0.0008687551599, 0.000403637503041, 0.000469272519695, 0.00033102335874, 0.000423116696766, 0.000354457937647, 0.000374926486984, 0.000468200189061, 0.000406747072702, 0.000534301099833, 0.000357541663107, 0.000298964616377, 0.000270614953479, 0.000238329681451, 0.000224353570957, 9.35842108447e-05, 6.79214764432e-08],
        "median": [5.55476362933e-05, 0.00586924655363, 0.000447893107776, 0.000496321939863, 0.0014737098245, 0.00108855590224, 0.000602379441261, 0.000357500248356, 0.000719355070032, 0.000236471983953, 0.00046514722635, 0.000170476982021, 0.000175942346686, 0.000148630017065, 0.000177920126589, 0.000156498310389, 0.000147335391375, 0.000152524400619, 0.000166765370523, 0.000199177331524, 0.000167747624801, 7.9118879512e-05, 7.54747889005e-05, 9.14129777811e-05, 7.00415403116e-05, 2.13377952605e-05, 6.0230953558e-10],
        "min": [2.96337038241e-10, 1.68303468939e-08, 7.20909554275e-08, 5.0256691253e-08, 1.24936794244e-09, 8.18331091779e-09, 3.45103190469e-09, 3.49022033497e-10, 2.75716125486e-08, 2.47976350565e-09, 1.00923980284e-09, 2.33096630886e-09, 1.16163167974e-09, 1.32221744664e-09, 1.57849733284e-09, 1.32901378791e-09, 1.45261125351e-09, 6.46559195072e-10, 7.90821186314e-10, 5.2365722869e-10, 7.3010564261e-10, 1.59194837868e-10, 1.03468078549e-09, 1.02327035734e-09, 7.71390562537e-10, 6.22671705863e-12, 9.987265355e-12],
        "var": [1.29678546728e-05, 0.00164912827313, 0.000180021932465, 1.13887799671e-05, 2.02848095796e-05, 5.37996174899e-06, 2.62313506028e-06, 1.08105973595e-06, 5.53299196326e-06, 1.57914814736e-06, 1.47313141952e-06, 5.96711572598e-07, 4.77599030546e-07, 2.59823991655e-07, 4.98066299315e-07, 3.30817641725e-07, 4.43439148512e-07, 1.00257398117e-06, 4.59166301425e-07, 9.39375865983e-07, 4.78205549825e-07, 4.53193962358e-07, 4.21236649117e-07, 1.82804143378e-07, 1.92825339695e-07, 3.32173399897e-08, 3.63727575619e-13]
    },
    "erbbands": {
        "dmean": [0.435203582048, 2.47740697861, 4.7346200943, 4.22920322418, 5.35242509842, 6.34808111191, 5.82486534119, 8.76068019867, 7.82770395279, 13.3284063339, 8.54800701141, 21.1274929047, 12.2772598267, 12.4894018173, 20.9149551392, 8.85529994965, 14.6718797684, 9.76066112518, 13.6928424835, 14.207818985, 12.024605751, 13.5405712128, 15.9923114777, 11.3057632446, 14.2735328674, 15.4888057709, 8.98473358154, 8.10340690613, 6.58334350586, 5.62086486816, 5.02634763718, 3.18546414375, 2.81783366203, 1.96875834465, 1.10553598404, 0.457119256258, 0.114313825965, 0.00855414383113, 0.00017888614093, 2.88021510642e-05],
        "dmean2": [0.698400318623, 4.01761293411, 8.23889923096, 7.15269994736, 9.10888671875, 10.3771257401, 9.08678627014, 13.9375419617, 12.4095659256, 20.718334198, 13.610414505, 32.9070205688, 19.3361091614, 19.5521717072, 33.6160087585, 13.9527282715, 23.3880462646, 15.8106651306, 21.9932746887, 22.6840019226, 19.1613426208, 21.012468338, 23.2247753143, 17.303440094, 21.2541923523, 24.1346817017, 13.2783918381, 11.93055439, 9.42835426331, 8.47055149078, 7.66684532166, 4.86292076111, 4.49286794662, 3.04589509964, 1.66751074791, 0.745575964451, 0.188947439194, 0.0141409039497, 0.000289172312478, 4.65602897748e-05],
        "dvar": [1.39395570755, 39.0197677612, 268.389221191, 191.342819214, 264.660400391, 244.008178711, 85.1813812256, 232.810668945, 215.662368774, 648.696716309, 289.33984375, 1264.87670898, 855.226318359, 883.488708496, 954.979797363, 254.875259399, 616.975524902, 352.728668213, 919.999206543, 723.43737793, 579.297912598, 916.833618164, 1144.50012207, 574.448791504, 891.175292969, 1214.23706055, 339.041534424, 421.800323486, 291.380401611, 262.580444336, 205.154052734, 50.3550872803, 35.1429862976, 18.7722225189, 6.37490701675, 1.01358342171, 0.0628232806921, 0.00043915284914, 1.70644511854e-07, 2.38284836307e-09],
        "dvar2": [3.43000674248, 96.7814254761, 777.68737793, 541.902954102, 724.743347168, 630.238525391, 217.079330444, 586.979492188, 539.743469238, 1598.33447266, 725.515930176, 2733.48828125, 1901.10864258, 1557.79602051, 2266.41821289, 586.323364258, 1504.53540039, 813.863769531, 2176.67285156, 1648.96264648, 1320.85461426, 2070.02026367, 2513.19995117, 1214.9420166, 1868.54785156, 2699.04174805, 648.426391602, 735.591186523, 542.443969727, 470.339477539, 380.824859619, 100.436813354, 74.3227767944, 42.6153106689, 14.1745271683, 2.29378199577, 0.162234589458, 0.00117433303967, 4.29237445587e-07, 5.84481751886e-09],
        "max": [12.8630647659, 59.4534301758, 179.987960815, 144.406311035, 223.125427246, 186.364746094, 97.1882324219, 310.92868042, 216.79069519, 296.921417236, 229.896194458, 436.194061279, 456.68145752, 618.041564941, 359.996063232, 283.401702881, 260.313781738, 239.777816772, 333.354766846, 460.174621582, 272.100189209, 524.228942871, 708.197692871, 257.278045654, 498.424530029, 492.220458984, 217.945510864, 275.148803711, 235.635681152, 195.385177612, 185.199920654, 74.1625900269, 59.6431465149, 51.2811813354, 32.3005180359, 12.4284181595, 2.38636231422, 0.279496222734, 0.00514534069225, 0.000517679902259],
        "mean": [0.732329010963, 4.96770906448, 6.90168046951, 5.33700370789, 6.92484331131, 9.63391971588, 10.1922903061, 16.0752162933, 13.5419464111, 22.3741798401, 15.0120983124, 36.6655197144, 24.563621521, 23.4522666931, 34.9772377014, 16.3649406433, 23.3297576904, 16.3289604187, 20.7809906006, 22.3512458801, 18.8840255737, 21.1594543457, 25.5727272034, 20.0868148804, 23.6065387726, 25.7964038849, 16.3128242493, 13.5030193329, 10.6554775238, 9.13279628754, 7.7690615654, 5.09915208817, 4.08211660385, 2.68469500542, 1.4785476923, 0.576727867126, 0.139052852988, 0.0100064948201, 0.000241099492996, 6.84658807586e-05],
        "median": [0.165973082185, 1.19082689285, 0.904939293861, 1.67756974697, 3.45879673958, 4.81208848953, 6.41330337524, 8.65217113495, 7.04374933243, 11.8498382568, 9.6013469696, 16.8238124847, 9.97738647461, 11.979347229, 18.7467727661, 8.30098819733, 9.04932403564, 8.11661434174, 8.18130683899, 9.81814956665, 8.80543041229, 9.00329589844, 9.51251983643, 8.24060153961, 8.95017910004, 9.95500087738, 7.32075071335, 5.49726581573, 3.16130828857, 1.90111351013, 2.31895017624, 1.79135835171, 1.54672574997, 0.971685647964, 0.390000790358, 0.149956420064, 0.0241913888603, 0.00146901723929, 7.32700209483e-05, 4.47572783742e-05],
        "min": [1.21335347103e-06, 1.43900006151e-05, 0.000182216899702, 0.000316029385431, 7.27415899746e-05, 9.44848216022e-06, 1.46005095303e-05, 8.06476455182e-05, 6.9766647357e-05, 6.73925678711e-05, 4.92078579555e-05, 0.000476154789794, 0.000505042844452, 4.77603462059e-05, 7.26553407731e-05, 8.84152177605e-05, 5.06884898641e-05, 7.31093678041e-05, 6.79415243212e-05, 0.00010822173499, 8.83305765456e-05, 9.41096659517e-05, 4.63164651592e-05, 4.00976678065e-05, 3.13753225782e-05, 2.95860736514e-05, 2.42201404035e-05, 2.23015085794e-05, 1.58213624672e-05, 2.83688077616e-05, 3.14813514706e-05, 1.51730728248e-05, 2.38118336711e-05, 1.33728099172e-05, 1.93047458197e-06, 7.31967944034e-08, 2.01707983649e-08, 5.75701397665e-09, 2.24142504557e-09, 1.57519697286e-09],
        "var": [2.61167311668, 73.2706069946, 263.952209473, 146.273132324, 200.88961792, 252.62310791, 137.789459229, 455.232788086, 368.17477417, 1077.22412109, 372.139221191, 2724.79223633, 2421.75830078, 1952.5020752, 1988.08288574, 564.253417969, 1173.59350586, 598.255432129, 1383.35058594, 1312.41577148, 941.339538574, 1379.46520996, 2667.17236328, 1108.19384766, 1606.80908203, 2265.46020508, 706.046142578, 807.587768555, 542.840576172, 483.361328125, 353.244262695, 96.9435272217, 56.4984817505, 25.7740478516, 10.9447040558, 1.50423789024, 0.0760050341487, 0.000494288571645, 2.09657216033e-07, 4.80147699378e-09]
    },
    "gfcc": {
        "mean": [-0.710009932518, 85.1161651611, -115.463806152, 29.9328536987, -63.5751953125, 17.0290241241, -40.8630104065, 15.5606584549, -25.9137763977, 5.75204277039, -12.5878953934, -1.60903215408, -5.98666906357],
        "cov": [[10313.8642578, -2328.79711914, 928.797790527, 1506.92651367, -244.497314453, 526.203979492, 277.107910156, 423.963684082, -336.20916748, 516.495849609, -355.383605957, 499.97354126, -325.911682129], [-2328.79711914, 2655.57324219, -122.875717163, -268.938262939, 692.779785156, 93.2163848877, 509.093231201, -121.735351562, 402.125152588, -302.067749023, 380.603210449, -186.650543213, 281.271331787], [928.797790527, -122.875717163, 1024.20715332, 401.647674561, 170.438415527, 401.218017578, 213.861328125, 111.551071167, 57.5411376953, 141.72366333, -27.1453361511, 139.240447998, -52.0344734192], [1506.92651367, -268.938262939, 401.647674561, 904.784545898, 97.4205169678, 205.962844849, 215.407943726, 99.2185745239, 115.553222656, 91.5756607056, 39.339302063, 53.6065559387, -10.6172904968], [-244.497314453, 692.779785156, 170.438415527, 97.4205169678, 422.05859375, 151.685180664, 273.049713135, 27.6860790253, 153.290039062, -23.3809757233, 102.12902832, 2.30395913124, 61.782913208], [526.203979492, 93.2163848877, 401.218017578, 205.962844849, 151.685180664, 488.289459229, 292.649047852, 36.5883216858, 109.39099884, 62.9432258606, -0.435415416956, 74.9955825806, 9.22125720978], [277.107910156, 509.093231201, 213.861328125, 215.407943726, 273.049713135, 292.649047852, 450.738677979, 73.1825866699, 174.105789185, 27.6387767792, 85.8844604492, 37.2258262634, 53.6556625366], [423.963684082, -121.735351562, 111.551071167, 99.2185745239, 27.6860790253, 36.5883216858, 73.1825866699, 207.934570312, 34.3617591858, 49.6347541809, 19.3239746094, 21.3447685242, 3.5120241642], [-336.20916748, 402.125152588, 57.5411376953, 115.553222656, 153.290039062, 109.39099884, 174.105789185, 34.3617591858, 224.884994507, -4.20066452026, 95.7849121094, -37.2394180298, 63.9582519531], [516.495849609, -302.067749023, 141.72366333, 91.5756607056, -23.3809757233, 62.9432258606, 27.6387767792, 49.6347541809, -4.20066452026, 148.433990479, -35.2281417847, 36.3924217224, -45.8890686035], [-355.383605957, 380.603210449, -27.1453361511, 39.339302063, 102.12902832, -0.435415416956, 85.8844604492, 19.3239746094, 95.7849121094, -35.2281417847, 165.509246826, -28.2797050476, 68.2006607056], [499.97354126, -186.650543213, 139.240447998, 53.6065559387, 2.30395913124, 74.9955825806, 37.2258262634, 21.3447685242, -37.2394180298, 36.3924217224, -28.2797050476, 119.55632019, -10.2416276932], [-325.911682129, 281.271331787, -52.0344734192, -10.6172904968, 61.782913208, 9.22125720978, 53.6556625366, 3.5120241642, 63.9582519531, -45.8890686035, 68.2006607056, -10.2416276932, 111.677398682]],
        "icov": [[0.000221730602789, -7.14448688086e-05, 0.000135670925374, -0.000380767247407, 0.000110349166789, -0.000133598194225, -3.14408935083e-05, -0.000318770355079, 0.000412485387642, -0.000338576413924, 0.00021973605908, -0.000571289623622, 0.000267213588813], [-7.14448688086e-05, 0.00235433666967, -0.000661193684209, 0.00119804020505, -0.00189844472334, 0.000888053036761, -0.00203795498237, 0.00160102616064, -0.000926403095946, 0.00259044393897, -0.00179322517943, 0.00240436010063, -0.00151598884258], [0.000135670925374, -0.000661193684209, 0.00227092113346, -0.00100358820055, -0.000270750810159, -0.00172872375697, 0.00134629476815, -0.00111821992323, 0.000519517925568, -0.00151236134116, 0.000512066297233, -0.00207115709782, 0.00128314632457], [-0.000380767247407, 0.00119804020505, -0.00100358820055, 0.00266094622202, -0.000711454602424, 0.000771391496528, -0.00141233974136, 0.00107694533654, -0.00160885776859, 0.00145166588482, -0.00143055268563, 0.00186529324856, -0.000806036870927], [0.000110349166789, -0.00189844472334, -0.000270750810159, -0.000711454602424, 0.00628582946956, -3.48666362697e-05, -0.00101444136817, -0.000896111596376, -0.000263174646534, -0.00110908527859, 0.000617677113041, -0.00191908120178, 0.00109242519829], [-0.000133598194225, 0.000888053036761, -0.00172872375697, 0.000771391496528, -3.48666362697e-05, 0.00542827276513, -0.00367670622654, 0.00167083588894, -0.00165171956178, 0.000955626659561, 0.000607869413216, 0.000300717656501, -0.00107868551277], [-3.14408935083e-05, -0.00203795498237, 0.00134629476815, -0.00141233974136, -0.00101444136817, -0.00367670622654, 0.00846604071558, -0.0023674631957, -0.000904963060748, -0.00258036470041, 0.00062339467695, -0.00311876065098, 0.00119706103578], [-0.000318770355079, 0.00160102616064, -0.00111821992323, 0.00107694533654, -0.000896111596376, 0.00167083588894, -0.0023674631957, 0.00729404157028, -0.00146497506648, 0.000424941419624, -0.00187823490705, 0.00187345966697, -0.00178295536898], [0.000412485387642, -0.000926403095946, 0.000519517925568, -0.00160885776859, -0.000263174646534, -0.00165171956178, -0.000904963060748, -0.00146497506648, 0.0107290400192, -0.00262027885765, -0.00137088517658, 0.00219106324948, -0.00179418455809], [-0.000338576413924, 0.00259044393897, -0.00151236134116, 0.00145166588482, -0.00110908527859, 0.000955626659561, -0.00258036470041, 0.000424941419624, -0.00262027885765, 0.0131661677733, -0.00133364403155, 0.00171471014619, 0.00156443333253], [0.00021973605908, -0.00179322517943, 0.000512066297233, -0.00143055268563, 0.000617677113041, 0.000607869413216, 0.00062339467695, -0.00187823490705, -0.00137088517658, -0.00133364403155, 0.0118968496099, -0.0013486124808, -0.00252397381701], [-0.000571289623622, 0.00240436010063, -0.00207115709782, 0.00186529324856, -0.00191908120178, 0.000300717656501, -0.00311876065098, 0.00187345966697, 0.00219106324948, 0.00171471014619, -0.0013486124808, 0.0160418152809, -0.00428968947381], [0.000267213588813, -0.00151598884258, 0.00128314632457, -0.000806036870927, 0.00109242519829, -0.00107868551277, 0.00119706103578, -0.00178295536898, -0.00179418455809, 0.00156443333253, -0.00252397381701, -0.00428968947381, 0.0158575959504]]
    },
    "melbands": {
        "dmean": [0.00360411615111, 0.00255911541171, 0.000745208933949, 0.000446607213235, 0.000204898606171, 0.000193664396647, 0.000124494850752, 0.000138680698001, 8.54162135511e-05, 0.00012907810742, 6.09795206401e-05, 4.89421545353e-05, 7.96520034783e-05, 3.48697249137e-05, 3.17649501085e-05, 2.4672370273e-05, 1.87642272067e-05, 2.3731339752e-05, 1.76201610884e-05, 1.84415966942e-05, 1.48278350025e-05, 1.39027679324e-05, 1.84734617505e-05, 1.45256381074e-05, 9.17560737435e-06, 1.00565202956e-05, 1.15835618999e-05, 1.07221439976e-05, 6.11917494098e-06, 5.74244222662e-06, 4.82821496917e-06, 4.06080062021e-06, 3.55741940439e-06, 3.06033143715e-06, 3.17407170769e-06, 2.50934817814e-06, 1.91478170564e-06, 2.00164458874e-06, 2.12905229091e-06, 1.60825493367e-06],
        "dmean2": [0.00573090882972, 0.00422682473436, 0.0012708021095, 0.000746464531403, 0.000321918079862, 0.000306358706439, 0.00019758909184, 0.000215374224354, 0.000134480447741, 0.000201935414225, 9.67834348558e-05, 7.68165555201e-05, 0.0001290471846, 5.48688803974e-05, 5.11449688929e-05, 3.9405276766e-05, 3.09544666379e-05, 3.83666447306e-05, 2.84661036858e-05, 3.00614301523e-05, 2.34884464589e-05, 2.21313675866e-05, 2.87771490548e-05, 2.19523517444e-05, 1.4575158275e-05, 1.50291471073e-05, 1.79116068466e-05, 1.66478985193e-05, 9.3693506642e-06, 8.81762480276e-06, 6.99803558746e-06, 5.96312656853e-06, 5.26957546754e-06, 4.7015405471e-06, 4.97654400533e-06, 3.7622853597e-06, 3.01958493765e-06, 3.22185314872e-06, 3.38524182553e-06, 2.55051804743e-06],
        "dvar": [7.87599783507e-05, 5.51748235011e-05, 5.27994416188e-06, 1.83592510439e-06, 9.49752632096e-08, 1.04012968904e-07, 5.19928313736e-08, 7.3055197447e-08, 2.39443043171e-08, 4.96100227565e-08, 2.10462882677e-08, 1.56275721253e-08, 1.60858562026e-08, 4.75688066714e-09, 2.59725041474e-09, 1.59544499834e-09, 1.32753541493e-09, 2.607396965e-09, 1.25158616804e-09, 1.20075605015e-09, 9.78918057726e-10, 1.4292652617e-09, 1.41454725711e-09, 1.21016308086e-09, 3.89056065142e-10, 4.46605530335e-10, 6.20997475664e-10, 6.77548850359e-10, 1.59569538138e-10, 2.59901988819e-10, 1.28614466299e-10, 1.06638420316e-10, 9.25841348032e-11, 7.8198003628e-11, 8.08718994549e-11, 4.2935613398e-11, 1.59912586645e-11, 1.65350112075e-11, 2.34236484375e-11, 1.22410345749e-11],
        "dvar2": [0.000212921368075, 0.000145484969835, 1.4862601347e-05, 4.95728363603e-06, 2.36327636571e-07, 2.60975241417e-07, 1.2772282787e-07, 1.84022852068e-07, 5.92108477804e-08, 1.09002634474e-07, 4.69585614837e-08, 2.77545098015e-08, 3.87208025643e-08, 1.0524045635e-08, 6.04076877408e-09, 3.89189880323e-09, 3.09890491046e-09, 6.15208861632e-09, 2.99827318528e-09, 2.88784374192e-09, 2.25926477526e-09, 3.45389761236e-09, 3.21377746637e-09, 2.5928297287e-09, 8.73951855329e-10, 8.86099138508e-10, 1.35977673565e-09, 1.57317225913e-09, 3.46130846207e-10, 5.29878863009e-10, 2.35863995002e-10, 2.21717186277e-10, 1.80692336094e-10, 1.43223252702e-10, 1.6058367136e-10, 8.24569926228e-11, 3.6097444478e-11, 3.50773507463e-11, 5.56384348316e-11, 2.78315322177e-11],
        "max": [0.0827370509505, 0.0793985053897, 0.0239754673094, 0.0181501954794, 0.00289557571523, 0.0062539037317, 0.00325908581726, 0.0026993167121, 0.00209350744262, 0.00308035453781, 0.00222602998838, 0.00270894984715, 0.00176504347473, 0.00140378018841, 0.000561041699257, 0.000388934509829, 0.000459964358015, 0.000561764463782, 0.000452031963505, 0.000449038867373, 0.000430790329119, 0.000730890082195, 0.000576804450247, 0.000809746677987, 0.000207550998311, 0.000289805757347, 0.00036949510104, 0.000438990769908, 0.000135537891765, 0.000208666620892, 0.000148586535943, 0.000139620140544, 0.00011778021144, 0.000117862291518, 0.000114881069749, 8.94165859791e-05, 3.83614824386e-05, 4.32915512647e-05, 6.23849628028e-05, 4.37277194578e-05],
        "mean": [0.00659728236496, 0.00482429331169, 0.000990730593912, 0.000621328712441, 0.000376696407329, 0.000359290337656, 0.000216229629586, 0.000227512893616, 0.00014532613568, 0.000228443954256, 0.000117569215945, 8.91433592187e-05, 0.000127094768686, 5.36088700755e-05, 5.21628644492e-05, 3.93173831981e-05, 2.90977059194e-05, 3.3838696254e-05, 2.70807231573e-05, 2.79111336567e-05, 2.09798799915e-05, 1.99901642191e-05, 2.61520199274e-05, 2.24363011512e-05, 1.50133491843e-05, 1.60016152222e-05, 1.8312544853e-05, 1.67828184203e-05, 1.02264721136e-05, 9.22278923099e-06, 7.37928530725e-06, 6.06290404903e-06, 5.51075390831e-06, 4.82506538901e-06, 4.68902544526e-06, 3.65486198461e-06, 2.86573981612e-06, 2.78106358564e-06, 2.79965161099e-06, 2.08820142689e-06],
        "median": [0.00166772992816, 0.000937477569096, 0.000390569504816, 0.00035671601654, 0.000243256552494, 0.000201746675884, 0.000114371898235, 0.000125671169371, 7.89853584138e-05, 0.000101582285424, 4.37896342191e-05, 4.26428741775e-05, 6.81607925799e-05, 2.42375208472e-05, 2.15305844904e-05, 1.5917870769e-05, 1.35301161208e-05, 1.27799785332e-05, 1.20013392007e-05, 1.17059844342e-05, 8.35860464576e-06, 8.07217384136e-06, 8.21326830192e-06, 7.27198175809e-06, 5.56423174203e-06, 6.3436250457e-06, 6.1002710936e-06, 5.73820443606e-06, 4.16786588175e-06, 3.21253378388e-06, 2.64116988546e-06, 1.87850559996e-06, 1.02930960111e-06, 1.04699404346e-06, 1.4072546719e-06, 9.76524461294e-07, 9.46864872731e-07, 1.02172407423e-06, 9.98816858555e-07, 6.6176147584e-07],
        "min": [6.61837784577e-09, 5.41784928032e-08, 4.76040646902e-08, 1.3161042256e-09, 4.13199613414e-10, 1.70745473316e-09, 1.07466957555e-09, 2.97775110125e-10, 2.84133994111e-10, 3.90252807847e-09, 2.54474086248e-09, 9.00338831267e-11, 2.04826336447e-10, 2.31696745123e-10, 9.62335627852e-11, 1.27383076309e-10, 1.28957747259e-10, 1.01476237135e-10, 1.17969994884e-10, 1.1686183965e-10, 8.85860690358e-11, 9.83878811756e-11, 7.68566529863e-11, 2.72940125362e-11, 2.91984596223e-11, 2.66103389324e-11, 1.26212165719e-11, 1.65782977624e-11, 1.27542395048e-11, 1.43254514154e-11, 1.12549596379e-11, 6.80868078931e-12, 1.13605036836e-11, 1.42793337918e-11, 1.26012785276e-11, 1.45301227647e-11, 6.94088233069e-12, 1.39736928625e-11, 1.36904281314e-11, 4.53906497892e-13],
