{
"highlevel": {
    "danceability": {
        "all": {
            "danceable": 0.996203899384,
            "not_danceable": 0.00379608385265
        },
        "probability": 0.996203899384,
        "value": "danceable"
    },
    "gender": {
        "all": {
            "female": 0.0561753064394,
            "male": 0.943824708462
        },
        "probability": 0.943824708462,
        "value": "male"
    },
    "genre_dortmund": {
        "all": {
            "alternative": 0.00964613072574,
            "blues": 0.0267691351473,
            "electronic": 0.0558336935937,
            "folkcountry": 0.0120520442724,
            "funksoulrnb": 0.0229061618447,
            "jazz": 0.135766357183,
            "pop": 0.0232531186193,
            "raphiphop": 0.697118699551,
            "rock": 0.0166546646506
        },
        "probability": 0.697118699551,
        "value": "raphiphop"
    },
    "genre_electronic": {
        "all": {
            "ambient": 0.238594397902,
            "dnb": 0.103478863835,
            "house": 0.53023660183,
            "techno": 0.05111688748,
            "trance": 0.0765732526779
        },
        "probability": 0.53023660183,
        "value": "house"
    },
    "genre_rosamerica": {
        "all": {
            "cla": 0.00444688182324,
            "dan": 0.115482084453,
            "hip": 0.74469524622,
            "jaz": 0.00910792127252,
            "pop": 0.0134334871545,
            "rhy": 0.104923218489,
            "roc": 0.00322645832784,
            "spe": 0.00468468246982
        },
        "probability": 0.74469524622,
        "value": "hip"
    },
    "genre_tzanetakis": {
        "all": {
            "blu": 0.04886373505,
            "cla": 0.0976962447166,
            "cou": 0.0781456977129,
            "dis": 0.130240783095,
            "hip": 0.0651315301657,
            "jaz": 0.130273982882,
            "met": 0.0781951919198,
            "pop": 0.195499449968,
            "reg": 0.0977661535144,
            "roc": 0.0781872272491
        },
        "probability": 0.195499449968,
        "value": "pop"
    },
    "ismir04_rhythm": {
        "all": {
            "ChaChaCha": 0.395666569471,
            "Jive": 0.0101541094482,
            "Quickstep": 0.0981622859836,
            "Rumba-American": 0.00755923707038,
            "Rumba-International": 0.00737862708047,
            "Rumba-Misc": 0.00365597894415,
            "Samba": 0.468575060368,
            "Tango": 0.00609029224142,
            "VienneseWaltz": 0.00134145980701,
            "Waltz": 0.00141640612856
        },
        "probability": 0.468575060368,
        "value": "Samba"
    },
    "mood_acoustic": {
        "all": {
            "acoustic": 0.0114341918379,
            "not_acoustic": 0.988565802574
        },
        "probability": 0.988565802574,
        "value": "not_acoustic"
    },
    "mood_aggressive": {
        "all": {
            "aggressive": 0.260688245296,
            "not_aggressive": 0.739311754704
        },
        "probability": 0.739311754704,
        "value": "not_aggressive"
    },
    "mood_electronic": {
        "all": {
            "electronic": 0.899574637413,
            "not_electronic": 0.100425340235
        },
        "probability": 0.899574637413,
        "value": "electronic"
    },
    "mood_happy": {
        "all": {
            "happy": 0.18426425755,
            "not_happy": 0.815735757351
        },
        "probability": 0.815735757351,
        "value": "not_happy"
    },
    "mood_party": {
        "all": {
            "not_party": 0.13366125524,
            "party": 0.866338729858
        },
        "probability": 0.866338729858,
        "value": "party"
    },
    "mood_relaxed": {
        "all": {
            "not_relaxed": 0.162150457501,
            "relaxed": 0.8378495574
        },
        "probability": 0.8378495574,
        "value": "relaxed"
    },
    "mood_sad": {
        "all": {
            "not_sad": 0.944020032883,
            "sad": 0.0559799596667
        },
        "probability": 0.944020032883,
        "value": "not_sad"
    },
    "moods_mirex": {
        "all": {
            "Cluster1": 0.191049933434,
            "Cluster2": 0.362749397755,
            "Cluster3": 0.0587359406054,
            "Cluster4": 0.255293607712,
            "Cluster5": 0.132171109319
        },
        "probability": 0.362749397755,
        "value": "Cluster2"
    },
    "timbre": {
        "all": {
            "bright": 0.928389370441,
            "dark": 0.0716105997562
        },
        "probability": 0.928389370441,
        "value": "bright"
    },
    "tonal_atonal": {
        "all": {
            "atonal": 0.980801284313,
            "tonal": 0.0191987100989
        },
        "probability": 0.980801284313,
        "value": "atonal"
    },
    "voice_instrumental": {
        "all": {
            "instrumental": 0.0985709577799,
            "voice": 0.901429057121
        },
        "probability": 0.901429057121,
        "value": "voice"
    }
},
"lowlevel": {
    "average_loudness": 0.973276734352,
    "barkbands_crest": {
        "dmean": 3.96077418327,
        "dmean2": 6.17038917542,
        "dvar": 17.166437149,
        "dvar2": 34.2592124939,
        "max": 26.3637332916,
        "mean": 13.9991769791,
        "median": 13.3446035385,
        "min": 2.20368909836,
        "var": 46.0351791382
    },
    "barkbands_flatness_db": {
        "dmean": 0.0465293601155,
        "dmean2": 0.0661992579699,
        "dvar": 0.00241874554195,
        "dvar2": 0.00441842572764,
        "max": 0.598963022232,
        "mean": 0.193086668849,
        "median": 0.182305037975,
        "min": 0.0261274464428,
        "var": 0.00933923199773
    },
    "barkbands_kurtosis": {
        "dmean": 16.9916305542,
        "dmean2": 24.9567890167,
        "dvar": 2249.67016602,
        "dvar2": 4087.42651367,
        "max": 822.480957031,
        "mean": 23.9174423218,
        "median": 4.18917942047,
        "min": -1.96240329742,
        "var": 5218.54931641
    },
    "barkbands_skewness": {
        "dmean": 1.40101218224,
        "dmean2": 2.02136445045,
        "dvar": 2.87872838974,
        "dvar2": 5.32709741592,
        "max": 21.0680484772,
        "mean": 2.67025089264,
        "median": 1.99446594715,
        "min": -5.43858003616,
        "var": 9.31849193573
    },
    "barkbands_spread": {
        "dmean": 11.4894962311,
        "dmean2": 17.1480884552,
        "dvar": 263.679229736,
        "dvar2": 555.55090332,
        "max": 127.640693665,
        "mean": 23.8010826111,
        "median": 15.9736328125,
        "min": 0.130912110209,
        "var": 570.245910645
    },
    "dissonance": {
        "dmean": 0.0203639753163,
        "dmean2": 0.0335048697889,
        "dvar": 0.000428408675361,
        "dvar2": 0.000987443723716,
        "max": 0.499999940395,
        "mean": 0.461762994528,
        "median": 0.473618596792,
        "min": 0.220653921366,
        "var": 0.00129121751525
    },
    "dynamic_complexity": 4.74098682404,
    "erbbands_crest": {
        "dmean": 3.07045412064,
        "dmean2": 4.95525169373,
        "dvar": 8.7162322998,
        "dvar2": 19.6496334076,
        "max": 30.1512107849,
        "mean": 8.43408966064,
        "median": 7.47173166275,
        "min": 2.42076969147,
        "var": 19.2276363373
    },
    "erbbands_flatness_db": {
        "dmean": 0.0285397339612,
        "dmean2": 0.0402773618698,
        "dvar": 0.000827962649055,
        "dvar2": 0.00162679015193,
        "max": 0.40735027194,
        "mean": 0.156760439277,
        "median": 0.145372062922,
        "min": 0.0545335151255,
        "var": 0.00341541715898
    },
    "erbbands_kurtosis": {
        "dmean": 1.99512791634,
        "dmean2": 3.19325470924,
        "dvar": 13.1634807587,
        "dvar2": 31.0843162537,
        "max": 52.383518219,
        "mean": 1.47198963165,
        "median": 0.0859892368317,
        "min": -1.87230074406,
        "var": 18.3423347473
    },
    "erbbands_skewness": {
        "dmean": 0.614465177059,
        "dmean2": 0.917325794697,
        "dvar": 0.527184128761,
        "dvar2": 1.07888805866,
        "max": 6.26304769516,
        "mean": 0.139218837023,
        "median": 0.128519356251,
        "min": -4.08677721024,
        "var": 1.54491662979
    },
    "erbbands_spread": {
        "dmean": 15.1036348343,
        "dmean2": 23.4507980347,
        "dvar": 306.615264893,
        "dvar2": 761.931030273,
        "max": 159.603668213,
        "mean": 45.4015464783,
        "median": 39.756072998,
        "min": 1.88808500767,
        "var": 773.03729248
    },
    "hfc": {
        "dmean": 17.7541065216,
        "dmean2": 28.6432628632,
        "dvar": 1124.70727539,
        "dvar2": 2834.62084961,
        "max": 247.451049805,
        "mean": 19.5222702026,
        "median": 9.01719379425,
        "min": 0.00226470641792,
        "var": 1037.03308105
    },
    "melbands_crest": {
        "dmean": 5.13918352127,
        "dmean2": 7.78248596191,
        "dvar": 23.9780006409,
        "dvar2": 47.905960083,
        "max": 35.0940246582,
        "mean": 19.9073238373,
        "median": 19.6670837402,
        "min": 2.82497787476,
        "var": 80.3187561035
    },
    "melbands_flatness_db": {
        "dmean": 0.0565039739013,
        "dmean2": 0.0795315951109,
        "dvar": 0.0037620824296,
        "dvar2": 0.00679044052958,
        "max": 0.762804031372,
        "mean": 0.247610405087,
        "median": 0.239186033607,
        "min": 0.0171128101647,
        "var": 0.0160274915397
    },
    "melbands_kurtosis": {
        "dmean": 33.3831596375,
        "dmean2": 50.6727600098,
        "dvar": 3564.2578125,
        "dvar2": 7357.68066406,
        "max": 709.474121094,
        "mean": 50.4135055542,
        "median": 16.4602794647,
        "min": -1.91281092167,
        "var": 7929.37353516
    },
    "melbands_skewness": {
        "dmean": 1.81039345264,
        "dmean2": 2.66371107101,
        "dvar": 3.97484827042,
        "dvar2": 8.10290241241,
        "max": 20.9997348785,
        "mean": 4.36368513107,
        "median": 3.47707986832,
        "min": -1.2948820591,
        "var": 13.3156671524
    },
    "melbands_spread": {
        "dmean": 16.1368846893,
        "dmean2": 25.1372642517,
        "dvar": 819.692138672,
        "dvar2": 1793.73352051,
        "max": 283.892120361,
        "mean": 26.8075733185,
        "median": 13.480588913,
        "min": 0.192433893681,
        "var": 1293.27734375
    },
    "pitch_salience": {
        "dmean": 0.122578963637,
        "dmean2": 0.184822827578,
        "dvar": 0.0149354534224,
        "dvar2": 0.0311189386994,
        "max": 0.97268217802,
        "mean": 0.456750899553,
        "median": 0.452719420195,
        "min": 0.0576358102262,
        "var": 0.0384824834764
    },
    "silence_rate_20dB": {
        "dmean": 0,
        "dmean2": 0,
        "dvar": 0,
        "dvar2": 0,
        "max": 1,
        "mean": 1,
        "median": 1,
        "min": 1,
        "var": 0
    },
    "silence_rate_30dB": {
        "dmean": 0.0851393193007,
        "dmean2": 0.170410528779,
        "dvar": 0.077890008688,
        "dvar2": 0.167705580592,
        "max": 1,
        "mean": 0.915699899197,
        "median": 1,
        "min": 0,
        "var": 0.0771928057075
    },
    "silence_rate_60dB": {
        "dmean": 0.065789476037,
        "dmean2": 0.130906268954,
        "dvar": 0.0614613853395,
        "dvar2": 0.126162737608,
        "max": 1,
        "mean": 0.144624903798,
        "median": 0,
        "min": 0,
        "var": 0.123709507287
    },
    "spectral_centroid": {
        "dmean": 475.58026123,
        "dmean2": 723.426635742,
        "dvar": 413100.34375,
        "dvar2": 814971.0625,
        "max": 6728.375,
        "mean": 1667.41625977,
        "median": 1563.33947754,
        "min": 107.546859741,
        "var": 1143572.875
    },
    "spectral_complexity": {
        "dmean": 5.60526323318,
        "dmean2": 8.03718090057,
        "dvar": 63.8675384521,
        "dvar2": 126.951210022,
        "max": 52,
        "mean": 12.829079628,
        "median": 9,
        "min": 0,
        "var": 147.08164978
    },
    "spectral_decrease": {
        "dmean": 4.52782211724e-09,
        "dmean2": 6.5016925177e-09,
        "dvar": 7.01249577307e-17,
        "dvar2": 1.45675942347e-16,
        "max": -2.10318676537e-12,
        "mean": -8.05847122365e-09,
        "median": -2.83171730509e-09,
        "min": -5.67137696805e-08,
        "var": 1.32872033498e-16
    },
    "spectral_energy": {
        "dmean": 0.0182285197079,
        "dmean2": 0.0263451971114,
        "dvar": 0.00104711158201,
        "dvar2": 0.00218265899457,
        "max": 0.219536095858,
        "mean": 0.03218524158,
        "median": 0.0126454671845,
        "min": 8.14330087451e-06,
        "var": 0.00197124434635
    },
    "spectral_energyband_high": {
        "dmean": 0.00119360664394,
        "dmean2": 0.00192273082212,
        "dvar": 7.9835208453e-06,
        "dvar2": 2.00887989195e-05,
        "max": 0.0230405516922,
        "mean": 0.00122492224909,
        "median": 0.000263767462457,
        "min": 1.19131493559e-09,
        "var": 7.12630526323e-06
    },
    "spectral_energyband_low": {
        "dmean": 0.0129513917491,
        "dmean2": 0.0185562018305,
        "dvar": 0.00067818997195,
        "dvar2": 0.00135256757494,
        "max": 0.17449440062,
        "mean": 0.0218777079135,
        "median": 0.00483678234741,
        "min": 1.93636289225e-08,
        "var": 0.00134247576352
    },
    "spectral_energyband_middle_high": {
        "dmean": 0.00320949871093,
        "dmean2": 0.00537762790918,
        "dvar": 4.39140676463e-05,
        "dvar2": 0.000111485132948,
        "max": 0.0492458567023,
        "mean": 0.0035393119324,
        "median": 0.00109907763544,
        "min": 7.42338315263e-08,
        "var": 3.9798906073e-05
    },
    "spectral_energyband_middle_low": {
        "dmean": 0.00633011758327,
        "dmean2": 0.0109696742147,
        "dvar": 0.000212849554373,
        "dvar2": 0.000588645867538,
        "max": 0.0885909199715,
        "mean": 0.00616265507415,
        "median": 0.001536901691,
        "min": 1.05576350506e-06,
        "var": 0.000157431059051
    },
    "spectral_entropy": {
        "dmean": 0.294896245003,
        "dmean2": 0.417762845755,
        "dvar": 0.139067724347,
        "dvar2": 0.284379482269,
        "max": 8.92469024658,
        "mean": 7.60139465332,
        "median": 7.70134973526,
        "min": 4.16760826111,
        "var": 0.429748684168
    },
    "spectral_flux": {
        "dmean": 0.048995256424,
        "dmean2": 0.0727910399437,
        "dvar": 0.0048524197191,
        "dvar2": 0.00864145811647,
        "max": 0.448735773563,
        "mean": 0.0920086279511,
        "median": 0.0660563483834,
        "min": 0.0012343301205,
        "var": 0.00756591372192
    },
    "spectral_kurtosis": {
        "dmean": 2.74841403961,
        "dmean2": 4.40154504776,
        "dvar": 61.3200836182,
        "dvar2": 142.789627075,
        "max": 180.938079834,
        "mean": 4.91917848587,
        "median": 2.88382482529,
        "min": -1.26641941071,
        "var": 133.264846802
    },
    "spectral_rms": {
        "dmean": 0.00143945985474,
        "dmean2": 0.00197728676721,
        "dvar": 3.85792827728e-06,
        "dvar2": 7.1755684985e-06,
        "max": 0.0146349435672,
        "mean": 0.00451310072094,
        "median": 0.00351241230965,
        "min": 8.91329545993e-05,
        "var": 1.10321143438e-05
    },
    "spectral_rolloff": {
        "dmean": 1242.02587891,
        "dmean2": 2098.39550781,
        "dvar": 5725774,
        "dvar2": 10732335,
        "max": 13372.1191406,
        "mean": 2125.34350586,
        "median": 645.99609375,
        "min": 64.599609375,
        "var": 9617751
    },
    "spectral_skewness": {
        "dmean": 0.355795919895,
        "dmean2": 0.548123717308,
        "dvar": 0.29513207078,
        "dvar2": 0.633137285709,
        "max": 10.7905158997,
        "mean": 1.41929864883,
        "median": 1.3161277771,
        "min": -0.272055327892,
        "var": 0.917428612709
    },
    "spectral_spread": {
        "dmean": 1074897,
        "dmean2": 1589367.5,
        "dvar": 2.13102952448e+12,
        "dvar2": 3.8139550761e+12,
        "max": 20406120,
        "mean": 5265134.5,
        "median": 4641323,
        "min": 737514.25,
        "var": 6.80739104358e+12
    },
    "spectral_strongpeak": {
        "dmean": 0.364045619965,
        "dmean2": 0.590735554695,
        "dvar": 0.509328365326,
        "dvar2": 1.3219897747,
        "max": 6.69153881073,
        "mean": 0.540808200836,
        "median": 0.289539068937,
        "min": 0,
        "var": 0.56983423233
    },
    "zerocrossingrate": {
        "dmean": 0.0270984750241,
        "dmean2": 0.0321233086288,
        "dvar": 0.00138432683889,
        "dvar2": 0.00169446063228,
        "max": 0.4130859375,
        "mean": 0.0731545761228,
        "median": 0.04931640625,
        "min": 0.001953125,
        "var": 0.00537729589269
    },
    "barkbands": {
        "dmean": [0.000827322364785, 0.0111110480502, 0.00261527253315, 0.00151572003961, 0.00194621714763, 0.00120786449406, 0.0008822028758, 0.000564559246413, 0.000748821243178, 0.000489429628942, 0.000798755965661, 0.000322079664329, 0.000477852823678, 0.00033042798168, 0.000445542274974, 0.000342745188391, 0.000209950856515, 0.000251411111094, 0.000151362022734, 0.000125483275042, 0.000145882673678, 0.000117581257655, 0.000217264328967, 0.000194162406842, 0.000255125545664, 0.000269560841843, 4.37424802158e-07],
        "dmean2": [0.0012780551333, 0.0156374834478, 0.00489148590714, 0.00263213692233, 0.00340998801403, 0.00210190052167, 0.00157011835836, 0.0010144211119, 0.00125083827879, 0.000828538730275, 0.00128970609512, 0.000551986100618, 0.000848843541462, 0.000575687154196, 0.000771337421611, 0.000593276636209, 0.000351431866875, 0.000437984796008, 0.000250738143222, 0.000198649911908, 0.000226911666687, 0.000188983904081, 0.000361277605407, 0.000324170250678, 0.000430696323747, 0.000434322515503, 7.46626426462e-07],
        "dvar": [2.06782488021e-06, 0.000493566854857, 6.28292473266e-05, 1.86019206012e-05, 2.52809495578e-05, 8.34427737573e-06, 5.57820067115e-06, 1.68956512425e-06, 2.335222689e-06, 1.34217066261e-06, 5.07113509229e-06, 5.11892494615e-07, 1.37372774134e-06, 6.10040956417e-07, 9.27585006139e-07, 5.19136733601e-07, 1.86409309322e-07, 2.50082592856e-07, 7.61722063203e-08, 6.43682227519e-08, 8.05633959544e-08, 4.62207303542e-08, 3.29193142079e-07, 2.15564995187e-07, 6.79889069488e-07, 7.10180245278e-07, 2.66148951836e-12],
        "dvar2": [4.40001713287e-06, 0.000975008180831, 0.000180532428203, 5.22346927028e-05, 6.88695217832e-05, 2.21044665523e-05, 1.52172005983e-05, 4.72411556984e-06, 6.14229293205e-06, 3.43529518432e-06, 1.24037678688e-05, 1.34473998514e-06, 3.74047749574e-06, 1.67561609032e-06, 2.56055614045e-06, 1.42344288179e-06, 4.93729430673e-07, 6.88550983341e-07, 1.98811775931e-07, 1.66353089526e-07, 2.01653250542e-07, 1.11131782887e-07, 8.49946616199e-07, 5.54145742626e-07, 1.79251173904e-06, 1.71681563188e-06, 7.10001762244e-12],
        "max": [0.0128310527653, 0.156424462795, 0.0501019135118, 0.0336491838098, 0.0446729399264, 0.0232227705419, 0.0379101894796, 0.00863576028496, 0.0120968762785, 0.0175681859255, 0.0275602377951, 0.00630330480635, 0.00836245901883, 0.00585293816403, 0.00990694668144, 0.00526432599872, 0.00362188811414, 0.00355865131132, 0.00263429386541, 0.00367788039148, 0.00481501407921, 0.00201486912556, 0.00492647383362, 0.00339382793754, 0.00837409030646, 0.00726086553186, 1.94268777705e-05],
        "mean": [0.0012419372797, 0.0181380528957, 0.00193821825087, 0.00134896545205, 0.00168739410583, 0.00108650419861, 0.0007222390268, 0.000483595766127, 0.000728705665097, 0.000431098946137, 0.000716928218026, 0.000285633897875, 0.00037859173608, 0.000285810965579, 0.000440243718913, 0.00031682124245, 0.000203790172236, 0.000258499814663, 0.000189316124306, 0.000173383901711, 0.000205658405321, 0.00013598879741, 0.000188430320122, 0.000176497924258, 0.00021419825498, 0.000208391167689, 3.23509340205e-07],
        "median": [0.000238002859987, 0.00364185404032, 0.000259947468294, 0.000143603698234, 0.00026893967879, 0.000143433659105, 0.000102485246316, 5.9335554397e-05, 8.75725963851e-05, 4.48465107183e-05, 5.69433323108e-05, 4.25329853897e-05, 4.3075902795e-05, 3.81198478863e-05, 6.44234532956e-05, 5.49788564967e-05, 3.59690238838e-05, 6.22070001555e-05, 4.99142006447e-05, 5.01010108565e-05, 6.81994279148e-05, 3.2881169318e-05, 1.95835964405e-05, 1.783755215e-05, 1.50146370288e-05, 3.10855875796e-06, 5.34988220391e-10],
        "min": [2.69736011305e-09, 2.42278508367e-09, 3.03817804248e-10, 5.78087022696e-10, 2.21685905188e-08, 3.42994894709e-08, 1.41407561216e-08, 3.95392252273e-09, 2.98922024911e-08, 6.93953872144e-09, 5.11506126344e-09, 3.87878129615e-09, 7.00753188809e-09, 2.37716379914e-09, 3.70756048085e-09, 5.2381015081e-09, 1.20938048465e-09, 1.33758970566e-09, 1.18315746089e-09, 8.4788570609e-10, 3.60113466824e-10, 1.84292164862e-10, 4.68800172293e-11, 4.76892379753e-11, 4.37932112449e-12, 3.70494086799e-12, 5.78179821728e-12],
        "var": [4.04666843679e-06, 0.000979972304776, 3.77960677724e-05, 1.32127388497e-05, 1.80050701601e-05, 6.83358712195e-06, 4.14106079916e-06, 1.26950999402e-06, 2.37561221184e-06, 1.13854230221e-06, 4.5164219955e-06, 4.14416632566e-07, 9.59642306952e-07, 4.48826341426e-07, 8.10618359992e-07, 4.16467031528e-07, 1.68165300352e-07, 2.21905679609e-07, 1.02695373982e-07, 9.24133871649e-08, 1.20498242495e-07, 5.95699134465e-08, 2.57029427075e-07, 1.80018460583e-07, 5.22844459283e-07, 6.17467208031e-07, 1.85271004267e-12]
    },
    "erbbands": {
        "dmean": [0.484196841717, 2.12636876106, 3.17288899422, 4.02536392212, 4.6622209549, 8.28140163422, 7.78676700592, 11.1755008698, 12.9692821503, 10.9458885193, 13.3379688263, 18.1383705139, 14.5702295303, 21.7719707489, 29.2693557739, 13.7671937943, 21.6776924133, 16.451210022, 21.1111545563, 21.2896404266, 15.7625875473, 12.5412406921, 14.7595338821, 8.72243404388, 6.7175488472, 5.57765769958, 5.91072893143, 5.73134946823, 4.80439949036, 5.59128189087, 5.93606424332, 3.99779510498, 3.63362169266, 2.44036364555, 2.13633131981, 1.33443772793, 0.463967710733, 0.0428004153073, 0.000823964714073, 6.19522033958e-05],
        "dmean2": [0.638450860977, 3.28663802147, 5.89552354813, 7.14473485947, 7.95833683014, 14.5427703857, 13.5575647354, 19.7859210968, 23.5749092102, 19.0863609314, 23.5192680359, 30.1049880981, 24.3260192871, 36.4921989441, 48.0934181213, 23.7438812256, 37.9593887329, 28.6738986969, 36.33253479, 37.2890167236, 27.2695159912, 21.1446228027, 25.7183837891, 14.5152816772, 11.0361118317, 8.81708908081, 9.31153297424, 9.07707691193, 7.79819250107, 9.26337337494, 9.96631908417, 6.69071340561, 6.09059238434, 4.07214784622, 3.59580874443, 2.18543720245, 0.759940087795, 0.0721658095717, 0.00136778946035, 9.68885869952e-05],
        "dvar": [0.879332244396, 21.1248645782, 90.7302093506, 139.136383057, 139.969573975, 463.063568115, 383.379302979, 759.197631836, 1226.4934082, 762.945861816, 908.97668457, 1445.24633789, 1198.26403809, 2082.4675293, 10394.1884766, 983.013916016, 2830.06054688, 1429.18310547, 2478.9465332, 2141.57592773, 958.300720215, 682.057250977, 926.658447266, 224.633010864, 195.617645264, 108.393638611, 121.890914917, 136.130386353, 75.7347717285, 167.450637817, 255.640167236, 87.4283294678, 83.2138442993, 46.9044723511, 56.4079780579, 18.0404338837, 2.19312620163, 0.021882167086, 7.17052216714e-06, 1.96229308358e-08],
        "dvar2": [1.54063272476, 50.9513397217, 260.256072998, 393.819000244, 379.056121826, 1266.95666504, 1018.76672363, 2034.03271484, 3474.19677734, 2058.89111328, 2517.37890625, 3754.85668945, 3081.18969727, 5082.25878906, 25795.8847656, 2501.34106445, 7634.13037109, 3881.23632812, 6855.63574219, 6027.25732422, 2563.3125, 1816.21960449, 2542.18945312, 605.716064453, 501.481323242, 275.332092285, 305.538024902, 345.044189453, 182.10168457, 432.706878662, 661.779846191, 222.961395264, 215.918045044, 120.792648315, 149.996246338, 44.7355499268, 5.34768390656, 0.0555749461055, 1.81584327947e-05, 4.91109943823e-08],
        "max": [6.99814319611, 30.9021625519, 62.7918739319, 85.8744430542, 83.8860778809, 180.694732666, 197.895065308, 203.766937256, 269.81552124, 502.650756836, 189.463256836, 306.746612549, 460.625305176, 426.160003662, 1306.71520996, 238.374572754, 404.370117188, 258.652252197, 478.663787842, 355.302825928, 209.133483887, 249.892684937, 218.317016602, 133.079147339, 117.220817566, 130.044570923, 166.863555908, 168.119522095, 86.2591094971, 93.372756958, 143.822418213, 74.7624435425, 69.0506668091, 60.064666748, 88.5644302368, 43.0356216431, 12.3664989471, 1.15861845016, 0.0200428310782, 0.00110937573481],
        "mean": [0.801365911961, 2.93864202499, 2.57280516624, 3.46352124214, 4.39391851425, 6.98129892349, 6.96787548065, 9.87021541595, 9.84699249268, 10.1752767563, 11.8412513733, 17.7306938171, 13.0098361969, 21.0536193848, 24.8486118317, 12.3146791458, 17.6853466034, 14.4025201797, 19.981546402, 21.2711257935, 15.611366272, 12.41264534, 14.9028635025, 11.6115846634, 8.16535663605, 7.59639406204, 8.68165397644, 7.49054479599, 5.5563621521, 5.28334093094, 5.06835460663, 3.5563313961, 3.24718856812, 2.17970180511, 1.6803702116, 1.03690838814, 0.354380041361, 0.0310805719346, 0.000628390000202, 7.00748860254e-05],
        "median": [0.126860797405, 0.657526493073, 0.557684898376, 0.573049724102, 0.696987569332, 1.02944731712, 1.13948965073, 1.19369924068, 1.38433873653, 1.85919237137, 1.78682947159, 2.07679581642, 1.83101141453, 2.48755741119, 2.40461468697, 1.88636887074, 2.32853221893, 2.37400650978, 3.47680354118, 3.53453660011, 3.3329102993, 2.38975453377, 3.43533492088, 3.45464372635, 2.06811738014, 2.2213640213, 2.77599525452, 2.49706888199, 1.35942614079, 0.70252853632, 0.501868784428, 0.368929326534, 0.292267560959, 0.169394135475, 0.0817576721311, 0.0242942180485, 0.00356625951827, 0.000195143351448, 2.62299727183e-05, 2.16461539821e-05],
        "min": [2.63242895926e-07, 5.84147755944e-07, 3.10599966724e-06, 9.63515412877e-05, 0.000208976169233, 0.000170069717569, 0.000185584576684, 0.000784020114224, 0.000622353167273, 0.000428354076575, 0.000303440116113, 0.0010605835123, 0.000572973513044, 0.000318768696161, 0.000287310307613, 0.000274519639788, 0.000377649092115, 0.000211339793168, 0.000391280133044, 0.000179022899829, 0.000333436153596, 8.88352151378e-05, 6.31404182059e-05, 6.61357480567e-05, 5.08566445205e-05, 3.86445281038e-05, 2.33429200307e-05, 2.80354424831e-06, 8.05953368399e-06, 3.66178414879e-06, 2.49133836405e-06, 2.34283925238e-06, 1.20542608784e-06, 2.52932949252e-07, 6.69597781666e-08, 1.89209661272e-08, 1.13555129744e-08, 4.04825239997e-09, 5.26821386515e-09, 9.17433862213e-09],
        "var": [1.99131369591, 28.6876602173, 55.7143516541, 90.992729187, 109.095840454, 326.830108643, 303.33605957, 613.856384277, 780.200805664, 615.832763672, 731.941040039, 1523.22277832, 1020.03704834, 2236.06884766, 8563.81347656, 809.353759766, 2032.54528809, 1059.31628418, 1859.11560059, 1708.27392578, 827.297851562, 614.225036621, 797.874389648, 316.525482178, 222.623748779, 161.167236328, 201.305557251, 176.946365356, 95.7505493164, 140.737869263, 196.651107788, 74.0110702515, 67.1171951294, 38.158039093, 42.092464447, 15.3345375061, 1.84539294243, 0.0167303290218, 5.56614077141e-06, 1.71620069267e-08]
    },
    "gfcc": {
        "mean": [-66.3339385986, 76.8944702148, -105.372993469, 47.0699462891, -56.4889373779, 20.8756713867, -32.4231758118, 12.6786556244, -18.5625896454, 8.6416015625, -13.0735197067, 0.637963831425, -0.996625542641],
        "cov": [[14219.4199219, -1824.81506348, -1188.17590332, -592.618469238, 123.090110779, 474.556640625, -182.184295654, 645.59967041, -350.426300049, 313.726501465, -378.938293457, 549.43762207, -405.422454834], [-1824.81506348, 3770.43432617, 156.986358643, 385.235565186, 533.365112305, -311.281921387, 628.062866211, -375.837280273, 511.25692749, -327.536895752, 485.000091553, -401.123016357, 303.369903564], [-1188.17590332, 156.986358643, 2640.65649414, 996.300476074, 18.8385353088, 396.550445557, 58.4823570251, 9.17993450165, 312.325744629, 65.1655578613, 177.178405762, 42.4938583374, -56.6790962219], [-592.618469238, 385.235565186, 996.300476074, 1056.58813477, 57.9545822144, 274.031860352, 223.492843628, 6.03858566284, 268.921417236, 9.75619983673, 223.372268677, -85.9264984131, 101.157051086], [123.090110779, 533.365112305, 18.8385353088, 57.9545822144, 574.915161133, 80.8736419678, 224.007263184, 41.4396438599, 102.555160522, 13.5156488419, 60.3709564209, 38.1566085815, 30.9657001495], [474.556640625, -311.281921387, 396.550445557, 274.031860352, 80.8736419678, 422.193115234, 77.4443664551, 100.617195129, 67.5941467285, 62.512638092, 50.3695678711, 46.8000411987, -7.62594556808], [-182.184295654, 628.062866211, 58.4823570251, 223.492843628, 224.007263184, 77.4443664551, 339.375457764, -12.8506498337, 155.168930054, -22.6900882721, 132.275405884, -65.2341003418, 80.8709945679], [645.59967041, -375.837280273, 9.17993450165, 6.03858566284, 41.4396438599, 100.617195129, -12.8506498337, 214.728866577, -20.8853931427, 99.8790512085, -42.2325744629, 78.7114944458, 3.13604784012], [-350.426300049, 511.25692749, 312.325744629, 268.921417236, 102.555160522, 67.5941467285, 155.168930054, -20.8853931427, 258.597412109, -22.4069042206, 157.94291687, -46.1751747131, 53.7102737427], [313.726501465, -327.536895752, 65.1655578613, 9.75619983673, 13.5156488419, 62.512638092, -22.6900882721, 99.8790512085, -22.4069042206, 169.141708374, -9.19496440887, 72.5190505981, -5.39929103851], [-378.938293457, 485.000091553, 177.178405762, 223.372268677, 60.3709564209, 50.3695678711, 132.275405884, -42.2325744629, 157.94291687, -9.19496440887, 206.232711792, -40.6651191711, 82.5597381592], [549.43762207, -401.123016357, 42.4938583374, -85.9264984131, 38.1566085815, 46.8000411987, -65.2341003418, 78.7114944458, -46.1751747131, 72.5190505981, -40.6651191711, 161.967208862, -40.2353591919], [-405.422454834, 303.369903564, -56.6790962219, 101.157051086, 30.9657001495, -7.62594556808, 80.8709945679, 3.13604784012, 53.7102737427, -5.39929103851, 82.5597381592, -40.2353591919, 150.460754395]],
        "icov": [[0.000110672823212, -8.02205468062e-05, 0.000104802638816, -5.79804836889e-05, 8.59168503666e-05, -0.000164916811627, -9.0879311756e-06, -0.000266771792667, 4.79281698063e-05, -1.62441756402e-05, 7.71486447775e-05, -0.000346724467818, 0.00037008014624], [-8.02205468062e-05, 0.0011146083707, -0.000283100380329, 0.0003350203624, -0.000831061101053, 0.00101206777617, -0.000636340817437, 0.000607017776929, -0.000518070766702, 0.000798026158009, -0.00124482915271, 0.00159005762544, -0.000921857426874], [0.000104802638816, -0.000283100380329, 0.000892221578397, -0.000797327898908, 0.00023126162705, -0.000576884369366, 0.000523745082319, -1.51231060954e-05, -0.000499399204273, -0.000344527710695, 0.000451439642347, -0.00100543140434, 0.00101666606497], [-5.79804836889e-05, 0.0003350203624, -0.000797327898908, 0.00238984799944, 5.08987159265e-06, -0.000342945015291, -0.000779471884016, -2.16248445213e-05, -0.000562491302844, 0.000136393646244, -0.0010144088883, 0.00153217290062, -0.00116579933092], [8.59168503666e-05, -0.000831061101053, 0.00023126162705, 5.08987159265e-06, 0.00332325696945, -0.000877536891494, -0.00163890235126, -0.00064996839501, -0.000179215508979, -0.00044537539361, 0.00136863114312, -0.00260083237663, 0.000758371141274], [-0.000164916811627, 0.00101206777617, -0.000576884369366, -0.000342945015291, -0.000877536891494, 0.00464940164238, -0.00115440867376, -0.000813721097074, -3.97745425289e-05, 0.000624829612207, -0.00181246595457, 0.00105706113391, -0.000104215097963], [-9.0879311756e-06, -0.000636340817437, 0.000523745082319, -0.000779471884016, -0.00163890235126, -0.00115440867376, 0.00694663543254, -0.000256260304013, -0.00121208059136, -0.000425688456744, -0.000562319299206, 0.00114087259863, -0.000438676448539], [-0.000266771792667, 0.000607017776929, -1.51231060954e-05, -2.16248445213e-05, -0.00064996839501, -0.000813721097074, -0.000256260304013, 0.00931456126273, -0.00162586430088, -0.00326795573346, 0.00277891638689, -0.00094113004161, -0.00321116135456], [4.79281698063e-05, -0.000518070766702, -0.000499399204273, -0.000562491302844, -0.000179215508979, -3.97745425289e-05, -0.00121208059136, -0.00162586430088, 0.00977495871484, 0.000941508915275, -0.00516038294882, 0.000187341764104, 0.0015100633027], [-1.62441756402e-05, 0.000798026158009, -0.000344527710695, 0.000136393646244, -0.00044537539361, 0.000624829612207, -0.000425688456744, -0.00326795573346, 0.000941508915275, 0.00983803067356, -0.002569160657, -0.00134217087179, -0.000386285362765], [7.71486447775e-05, -0.00124482915271, 0.000451439642347, -0.0010144088883, 0.00136863114312, -0.00181246595457, -0.000562319299206, 0.00277891638689, -0.00516038294882, -0.002569160657, 0.0142147270963, -0.00297464150935, -0.00340470555238], [-0.000346724467818, 0.00159005762544, -0.00100543140434, 0.00153217290062, -0.00260083237663, 0.00105706113391, 0.00114087259863, -0.00094113004161, 0.000187341764104, -0.00134217087179, -0.00297464150935, 0.0133826760575, -0.000457950081909], [0.00037008014624, -0.000921857426874, 0.00101666606497, -0.00116579933092, 0.000758371141274, -0.000104215097963, -0.000438676448539, -0.00321116135456, 0.0015100633027, -0.000386285362765, -0.00340470555238, -0.000457950081909, 0.012003114447]]
    },
    "melbands": {
        "dmean": [0.00357291195542, 0.00194990565069, 0.000727984239347, 0.000448345817858, 0.000297594902804, 0.00024369773746, 0.000198100446141, 0.000120379685541, 0.000109072403575, 0.000115937815281, 7.18294832041e-05, 8.48395429784e-05, 9.80247859843e-05, 4.79049267597e-05, 3.87898944609e-05, 4.98069930472e-05, 2.93630619126e-05, 3.34587712132e-05, 3.66902640963e-05, 2.61977984337e-05, 1.70509902091e-05, 1.31140386657e-05, 1.41413347592e-05, 1.09247775981e-05, 7.13089912097e-06, 5.31127716386e-06, 4.68751750304e-06, 3.77720425604e-06, 3.75779177375e-06, 3.77572700927e-06, 3.31795081365e-06, 2.80304675471e-06, 2.1775958885e-06, 3.70379484593e-06, 3.37578148901e-06, 2.84592920252e-06, 2.48419792115e-06, 2.4658950224e-06, 2.50917969424e-06, 1.91480307876e-06],
        "dmean2": [0.0048459675163, 0.0033788359724, 0.00127931358293, 0.000781626382377, 0.000519016059116, 0.000430259184213, 0.000358403689461, 0.000211491176742, 0.000190890146769, 0.000192717736354, 0.000120389609947, 0.000143099576235, 0.000160167590366, 8.03088551038e-05, 6.85490231263e-05, 8.7668064225e-05, 5.14334715263e-05, 5.82917746215e-05, 6.32039591437e-05, 4.57263158751e-05, 2.96252001135e-05, 2.21493464778e-05, 2.42469704972e-05, 1.90901482711e-05, 1.18473490147e-05, 8.93510696187e-06, 7.51171728552e-06, 6.07457786828e-06, 6.07531637797e-06, 5.95395476921e-06, 5.36304060006e-06, 4.62887919639e-06, 3.48717549059e-06, 6.25053144176e-06, 5.7097267927e-06, 4.71640260002e-06, 4.20275409851e-06, 4.0958216232e-06, 4.29864621765e-06, 3.20353001371e-06],
        "dvar": [4.84932752443e-05, 2.51495530392e-05, 4.43538465333e-06, 1.42178600981e-06, 5.15689521308e-07, 3.53938361286e-07, 2.80160804778e-07, 8.36806890447e-08, 6.04679470939e-08, 6.06846057849e-08, 3.11798267205e-08, 3.14989989647e-08, 9.53928918079e-08, 1.51752264088e-08, 9.42391498171e-09, 1.4329947895e-08, 4.83299844589e-09, 7.16217929408e-09, 5.75999248298e-09, 3.62909036156e-09, 1.11626619059e-09, 7.19284465323e-10, 9.62339763433e-10, 4.57275356469e-10, 1.51024442951e-10, 1.17883092177e-10, 9.82026127083e-11, 4.88856247149e-11, 4.78266662385e-11, 5.63053353941e-11, 4.74378834825e-11, 2.71420264736e-11, 1.64666041219e-11, 8.70318539459e-11, 8.35384816877e-11, 4.7633307021e-11, 3.52386314573e-11, 3.43733236319e-11, 5.21123803832e-11, 2.67574642998e-11],
        "dvar2": [8.9298322564e-05, 6.87173669576e-05, 1.25253654915e-05, 3.81935433325e-06, 1.41154805533e-06, 9.53527319325e-07, 7.83631548984e-07, 2.27557549692e-07, 1.65563122323e-07, 1.57228996045e-07, 8.01862256594e-08, 7.79102862225e-08, 2.34761884599e-07, 3.75781752382e-08, 2.61217447672e-08, 3.83506133517e-08, 1.32964421695e-08, 1.98170475585e-08, 1.57899666675e-08, 1.00627195465e-08, 2.97008351247e-09, 1.91105020697e-09, 2.63035193626e-09, 1.26146459944e-09, 4.10226796976e-10, 3.02807751096e-10, 2.52267151613e-10, 1.26056692862e-10, 1.20841364692e-10, 1.43011269493e-10, 1.22935592262e-10, 6.6159980272e-11, 4.01504871017e-11, 2.27387567109e-10, 2.17504278477e-10, 1.21709239909e-10, 9.09116323888e-11, 8.84438702831e-11, 1.38705824604e-10, 6.8436430134e-11],
        "max": [0.0496693328023, 0.0350183360279, 0.01573747769, 0.0127059202641, 0.00536081334576, 0.0040761618875, 0.00579742807895, 0.00447127409279, 0.00170850218274, 0.00218918453902, 0.00251688295975, 0.00164810405113, 0.00394830200821, 0.00124247965869, 0.0010240044212, 0.00101889355574, 0.00052543671336, 0.000877651153132, 0.000681723991875, 0.000467978097731, 0.000278970313957, 0.000260499684373, 0.000273005105555, 0.000186328165, 0.000112627312774, 8.50676005939e-05, 0.000110316876089, 9.52202026383e-05, 8.0170109868e-05, 0.000141508702654, 9.13427284104e-05, 5.03678347741e-05, 4.00258904847e-05, 6.79082731949e-05, 7.63269781601e-05, 7.44236313039e-05, 5.38079912076e-05, 4.3894022383e-05, 6.82519603288e-05, 4.72568099212e-05],
        "mean": [0.00591952493414, 0.00215885136276, 0.000649586494546, 0.000402606965508, 0.000262778019533, 0.000214213563595, 0.000153809742187, 0.000111209570605, 9.79628021014e-05, 0.000112184687168, 6.18321137154e-05, 8.08066033642e-05, 8.53591773193e-05, 4.18507370341e-05, 3.12979282171e-05, 4.02156147175e-05, 2.49770164373e-05, 2.96514263027e-05, 3.69611370843e-05, 2.40198151005e-05, 1.63022359629e-05, 1.27088951558e-05, 1.31799433802e-05, 1.14541508083e-05, 9.46879208641e-06, 6.15426006334e-06, 5.62684454053e-06, 4.98173039887e-06, 5.32650074092e-06, 5.18848355568e-06, 3.98794600187e-06, 3.20505273521e-06, 2.33139303418e-06, 3.28908890879e-06, 2.85445821646e-06, 2.42051260102e-06, 2.15549925997e-06, 2.272180609e-06, 2.06612298825e-06, 1.71602823684e-06],
        "median": [0.00113008148037, 0.000518879271112, 0.000107298765215, 5.9178652009e-05, 4.58743961644e-05, 2.71143435384e-05, 2.21674417844e-05, 2.03549243452e-05, 1.3300827959e-05, 1.19580445244e-05, 6.75225237501e-06, 9.24775940803e-06, 7.67895926401e-06, 5.59233421882e-06, 3.72755425815e-06, 4.15144268118e-06, 3.60775743502e-06, 4.40282246927e-06, 4.96937218486e-06, 3.68126529793e-06, 3.29432964463e-06, 2.22927474169e-06, 2.698003982e-06, 2.86401018457e-06, 2.62360526904e-06, 1.47541504703e-06, 1.20389927361e-06, 1.44124908275e-06, 1.61179002589e-06, 1.60312697517e-06, 1.29974193896e-06, 7.61675039485e-07, 4.3826946694e-07, 3.6163945083e-07, 2.72780653177e-07, 2.48584683504e-07, 2.0229416009e-07, 1.78304119913e-07, 1.55941805247e-07, 1.26937464984e-07],
        "min": [2.80952772158e-09, 9.88872317365e-10, 2.53099194936e-08, 9.30406596211e-09, 7.67317498429e-09, 9.46583256223e-09, 8.17577827661e-09, 1.32225119742e-09, 1.40655820324e-09, 4.6385482122e-09, 1.75585601614e-09, 1.00949593129e-09, 9.12065756253e-10, 8.07696298732e-10, 6.11780903714e-10, 4.42791608934e-10, 3.2334104838e-10, 5.81453329929e-10, 2.43607967132e-10, 2.10634010234e-10, 3.45016820669e-10, 8.74249422855e-11, 5.10804211429e-11, 4.59706404887e-11, 5.13200384966e-11, 3.6851917351e-11, 3.33659350149e-11, 1.34632400714e-11, 2.16918670526e-11, 3.72358150173e-13, 1.2970570798e-12, 5.56663656143e-12, 6.98686171852e-13, 1.2878471076e-12, 4.33584564736e-13, 1.4197784658e-13, 1.69614431007e-13, 1.9245271609e-13, 1.90414416006e-13, 5.07345393182e-14],
