{
"highlevel": {
    "danceability": {
        "all": {
            "danceable": 2.49026967936e-08,
            "not_danceable": 1
        },
        "probability": 1,
        "value": "not_danceable"
    },
    "gender": {
        "all": {
            "female": 0.119963631034,
            "male": 0.880036354065
        },
        "probability": 0.880036354065,
        "value": "male"
    },
    "genre_dortmund": {
        "all": {
            "alternative": 0.207174628973,
            "blues": 0.0269269440323,
            "electronic": 0.0192159544677,
            "folkcountry": 0.045807056129,
            "funksoulrnb": 0.00680431630462,
            "jazz": 0.00477164704353,
            "pop": 0.035372171551,
            "raphiphop": 0.000991767388768,
            "rock": 0.652935504913
        },
        "probability": 0.652935504913,
        "value": "rock"
    },
    "genre_electronic": {
        "all": {
            "ambient": 0.340002059937,
            "dnb": 0.30268278718,
            "house": 0.0367155112326,
            "techno": 0.0262468140572,
            "trance": 0.294352829456
        },
        "probability": 0.340002059937,
        "value": "ambient"
    },
    "genre_rosamerica": {
        "all": {
            "cla": 0.000318059988786,
            "dan": 0.000626157561783,
            "hip": 7.35604771762e-05,
            "jaz": 0.000127490740851,
            "pop": 0.00268318783492,
            "rhy": 5.48659372726e-05,
            "roc": 0.995985925198,
            "spe": 0.000130768297822
        },
        "probability": 0.995985925198,
        "value": "roc"
    },
    "genre_tzanetakis": {
        "all": {
            "blu": 0.0626541376114,
            "cla": 0.0348133966327,
            "cou": 0.0783501937985,
            "dis": 0.104547761381,
            "hip": 0.15693578124,
            "jaz": 0.313987255096,
            "met": 0.044816005975,
            "pop": 0.0627349764109,
            "reg": 0.0627352520823,
            "roc": 0.0784252434969
        },
        "probability": 0.313987255096,
        "value": "jaz"
    },
    "ismir04_rhythm": {
        "all": {
            "ChaChaCha": 0.151067793369,
            "Jive": 0.266343981028,
            "Quickstep": 0.0595866441727,
            "Rumba-American": 0.0216680858284,
            "Rumba-International": 0.0257112495601,
            "Rumba-Misc": 0.00887072086334,
            "Samba": 0.207933351398,
            "Tango": 0.0386119186878,
            "VienneseWaltz": 0.184365659952,
            "Waltz": 0.0358405932784
        },
        "probability": 0.266343981028,
        "value": "Jive"
    },
    "mood_acoustic": {
        "all": {
            "acoustic": 0.0210176501423,
            "not_acoustic": 0.978982329369
        },
        "probability": 0.978982329369,
        "value": "not_acoustic"
    },
    "mood_aggressive": {
        "all": {
            "aggressive": 0.995171844959,
            "not_aggressive": 0.00482813408598
        },
        "probability": 0.995171844959,
        "value": "aggressive"
    },
    "mood_electronic": {
        "all": {
            "electronic": 0.21538515389,
            "not_electronic": 0.784614861012
        },
        "probability": 0.784614861012,
        "value": "not_electronic"
    },
    "mood_happy": {
        "all": {
            "happy": 0.400475978851,
            "not_happy": 0.599524021149
        },
        "probability": 0.599524021149,
        "value": "not_happy"
    },
    "mood_party": {
        "all": {
            "not_party": 0.794087469578,
            "party": 0.205912515521
        },
        "probability": 0.794087469578,
        "value": "not_party"
    },
    "mood_relaxed": {
        "all": {
            "not_relaxed": 0.835933983326,
            "relaxed": 0.164066031575
        },
        "probability": 0.835933983326,
        "value": "not_relaxed"
    },
    "mood_sad": {
        "all": {
            "not_sad": 0.810332894325,
            "sad": 0.189667135477
        },
        "probability": 0.810332894325,
        "value": "not_sad"
    },
    "moods_mirex": {
        "all": {
            "Cluster1": 0.5882396698,
            "Cluster2": 0.0266481917351,
            "Cluster3": 0.169517457485,
            "Cluster4": 0.030479002744,
            "Cluster5": 0.185115665197
        },
        "probability": 0.5882396698,
        "value": "Cluster1"
    },
    "timbre": {
        "all": {
            "bright": 0.807707250118,
            "dark": 0.192292720079
        },
        "probability": 0.807707250118,
        "value": "bright"
    },
    "tonal_atonal": {
        "all": {
            "atonal": 0.00447378028184,
            "tonal": 0.995526194572
        },
        "probability": 0.995526194572,
        "value": "tonal"
    },
    "voice_instrumental": {
        "all": {
            "instrumental": 0.000105914623418,
            "voice": 0.999894082546
        },
        "probability": 0.999894082546,
        "value": "voice"
    }
},
"lowlevel": {
    "average_loudness": 0.975311994553,
    "barkbands_crest": {
        "dmean": 1.89012765884,
        "dmean2": 3.15800285339,
        "dvar": 3.10597014427,
        "dvar2": 8.09393787384,
        "max": 18.3181800842,
        "mean": 7.77887153625,
        "median": 7.40768527985,
        "min": 2.83882522583,
        "var": 6.49910259247
    },
    "barkbands_flatness_db": {
        "dmean": 0.0141070401296,
        "dmean2": 0.0229210499674,
        "dvar": 0.000182221760042,
        "dvar2": 0.000447609869298,
        "max": 0.337502449751,
        "mean": 0.117095559835,
        "median": 0.111292675138,
        "min": 0.0468479916453,
        "var": 0.000963815604337
    },
    "barkbands_kurtosis": {
        "dmean": 1.21102285385,
        "dmean2": 1.93131041527,
        "dvar": 5.01084375381,
        "dvar2": 11.9012203217,
        "max": 47.1707725525,
        "mean": 1.65481448174,
        "median": 0.260858774185,
        "min": -1.73641145229,
        "var": 23.9784488678
    },
    "barkbands_skewness": {
        "dmean": 0.312304675579,
        "dmean2": 0.509386718273,
        "dvar": 0.106397055089,
        "dvar2": 0.272500932217,
        "max": 5.22996997833,
        "mean": 1.23545336723,
        "median": 1.11588525772,
        "min": -0.382225185633,
        "var": 0.535589277744
    },
    "barkbands_spread": {
        "dmean": 4.59274148941,
        "dmean2": 7.0077495575,
        "dvar": 21.4400749207,
        "dvar2": 45.5210990906,
        "max": 87.2250213623,
        "mean": 27.7800655365,
        "median": 27.9244194031,
        "min": 1.26969075203,
        "var": 110.796257019
    },
    "dissonance": {
        "dmean": 0.0144386542961,
        "dmean2": 0.0248217098415,
        "dvar": 0.000157739050337,
        "dvar2": 0.000451821775641,
        "max": 0.500000119209,
        "mean": 0.473737359047,
        "median": 0.477199196815,
        "min": 0.354012548923,
        "var": 0.000308203947498
    },
    "dynamic_complexity": 1.21883535385,
    "erbbands_crest": {
        "dmean": 2.52827215195,
        "dmean2": 4.19288492203,
        "dvar": 5.2562918663,
        "dvar2": 14.1140832901,
        "max": 21.5427703857,
        "mean": 7.90725517273,
        "median": 7.16460895538,
        "min": 2.3181450367,
        "var": 11.6448707581
    },
    "erbbands_flatness_db": {
        "dmean": 0.0114751588553,
        "dmean2": 0.0174855440855,
        "dvar": 0.000107655650936,
        "dvar2": 0.000241828442086,
        "max": 0.253285706043,
        "mean": 0.138039886951,
        "median": 0.138463929296,
        "min": 0.0650683119893,
        "var": 0.000430974352639
    },
    "erbbands_kurtosis": {
        "dmean": 0.538750350475,
        "dmean2": 0.891990184784,
        "dvar": 0.720204114914,
        "dvar2": 1.66420245171,
        "max": 24.203836441,
        "mean": -0.106907114387,
        "median": -0.312841415405,
        "min": -1.73780369759,
        "var": 1.94166374207
    },
    "erbbands_skewness": {
        "dmean": 0.282984673977,
        "dmean2": 0.449885219336,
        "dvar": 0.0608147792518,
        "dvar2": 0.155835583806,
        "max": 4.19363117218,
        "mean": 0.093009583652,
        "median": -0.00361929321662,
        "min": -1.42827641964,
        "var": 0.345720767975
    },
    "erbbands_spread": {
        "dmean": 6.11923456192,
        "dmean2": 9.66652011871,
        "dvar": 35.602848053,
        "dvar2": 83.940788269,
        "max": 114.058456421,
        "mean": 40.7791366577,
        "median": 38.1818656921,
        "min": 8.71168899536,
        "var": 186.717788696
    },
    "hfc": {
        "dmean": 4.77870893478,
        "dmean2": 7.24535942078,
        "dvar": 23.8420257568,
        "dvar2": 50.7190055847,
        "max": 87.0583496094,
        "mean": 35.2330932617,
        "median": 36.1054992676,
        "min": 1.9832328558,
        "var": 165.063674927
    },
    "melbands_crest": {
        "dmean": 2.63924717903,
        "dmean2": 4.35094928741,
        "dvar": 6.18529081345,
        "dvar2": 15.692399025,
        "max": 26.2537307739,
        "mean": 12.4124345779,
        "median": 11.7840118408,
        "min": 4.71448993683,
        "var": 14.0239620209
    },
    "melbands_flatness_db": {
        "dmean": 0.0172305554152,
        "dmean2": 0.0271581709385,
        "dvar": 0.000336977100233,
        "dvar2": 0.000780725385994,
        "max": 0.431454062462,
        "mean": 0.160289034247,
        "median": 0.153608292341,
        "min": 0.0608208589256,
        "var": 0.00195187679492
    },
    "melbands_kurtosis": {
        "dmean": 3.26899051666,
        "dmean2": 5.46018314362,
        "dvar": 34.9751548767,
        "dvar2": 95.8182907104,
        "max": 118.907157898,
        "mean": 8.1209192276,
        "median": 5.54311847687,
        "min": -0.669652938843,
        "var": 105.916519165
    },
    "melbands_skewness": {
        "dmean": 0.464298963547,
        "dmean2": 0.780748128891,
        "dvar": 0.260237574577,
        "dvar2": 0.695775806904,
        "max": 9.16840648651,
        "mean": 2.31698036194,
        "median": 2.13674330711,
        "min": 0.424176454544,
        "var": 0.865294337273
    },
    "melbands_spread": {
        "dmean": 5.62157392502,
        "dmean2": 8.96012496948,
        "dvar": 32.1375846863,
        "dvar2": 84.7803573608,
        "max": 96.5373687744,
        "mean": 27.7763385773,
        "median": 27.6683654785,
        "min": 1.26109337807,
        "var": 136.383056641
    },
    "pitch_salience": {
        "dmean": 0.0628463253379,
        "dmean2": 0.103888168931,
        "dvar": 0.00309013808146,
        "dvar2": 0.00825990922749,
        "max": 0.809461295605,
        "mean": 0.570946514606,
        "median": 0.572202861309,
        "min": 0.219511419535,
        "var": 0.00669184559956
    },
    "silence_rate_20dB": {
        "dmean": 0,
        "dmean2": 0,
        "dvar": 0,
        "dvar2": 0,
        "max": 1,
        "mean": 1,
        "median": 1,
        "min": 1,
        "var": 0
    },
    "silence_rate_30dB": {
        "dmean": 0,
        "dmean2": 0,
        "dvar": 0,
        "dvar2": 0,
        "max": 1,
        "mean": 1,
        "median": 1,
        "min": 1,
        "var": 0
    },
    "silence_rate_60dB": {
        "dmean": 0.000773993786424,
        "dmean2": 0.000774593325332,
        "dvar": 0.000773394829594,
        "dvar2": 0.000773993320763,
        "max": 1,
        "mean": 0.00077339517884,
        "median": 0,
        "min": 0,
        "var": 0.000772797095124
    },
    "spectral_centroid": {
        "dmean": 198.345947266,
        "dmean2": 310.953887939,
        "dvar": 30088.5625,
        "dvar2": 69719.796875,
        "max": 3206.64770508,
        "mean": 1514.96008301,
        "median": 1535.11022949,
        "min": 224.145339966,
        "var": 182582.25
    },
    "spectral_complexity": {
        "dmean": 4.00154781342,
        "dmean2": 6.27265691757,
        "dvar": 11.5789661407,
        "dvar2": 28.4229106903,
        "max": 57,
        "mean": 33.5058021545,
        "median": 36,
        "min": 2,
        "var": 114.234519958
    },
    "spectral_decrease": {
        "dmean": 1.70753844397e-09,
        "dmean2": 2.78175193991e-09,
        "dvar": 2.83118343116e-18,
        "dvar2": 7.54263731658e-18,
        "max": -3.9080677583e-10,
        "mean": -1.0490254887e-08,
        "median": -1.0842201803e-08,
        "min": -2.00903880199e-08,
        "var": 9.98498816399e-18
    },
    "spectral_energy": {
        "dmean": 0.00655816588551,
        "dmean2": 0.0107115013525,
        "dvar": 4.09105014114e-05,
        "dvar2": 0.000108441570774,
        "max": 0.0787617638707,
        "mean": 0.0427883826196,
        "median": 0.0439425446093,
        "min": 0.00198417645879,
        "var": 0.000153501023306
    },
    "spectral_energyband_high": {
        "dmean": 0.000402264820877,
        "dmean2": 0.000549254880752,
        "dvar": 2.9821813996e-07,
        "dvar2": 5.871979738e-07,
        "max": 0.00853987503797,
        "mean": 0.0014941325644,
        "median": 0.00116082420573,
        "min": 6.6273187258e-06,
        "var": 1.33300716243e-06
    },
    "spectral_energyband_low": {
        "dmean": 0.00473351124674,
        "dmean2": 0.00803987961262,
        "dvar": 4.64019067294e-05,
        "dvar2": 0.000122852798086,
        "max": 0.05954278633,
        "mean": 0.0143448887393,
        "median": 0.0127828465775,
        "min": 5.51858502149e-05,
        "var": 7.45341458241e-05
    },
    "spectral_energyband_middle_high": {
        "dmean": 0.00198208237998,
        "dmean2": 0.00327015598305,
        "dvar": 4.40712528871e-06,
        "dvar2": 1.20032018458e-05,
        "max": 0.0316559560597,
        "mean": 0.0100690862164,
        "median": 0.00976008921862,
        "min": 1.96480687009e-05,
        "var": 3.03255856124e-05
    },
    "spectral_energyband_middle_low": {
        "dmean": 0.00536143733189,
        "dmean2": 0.0086178323254,
        "dvar": 2.23720908252e-05,
        "dvar2": 5.88120456086e-05,
        "max": 0.0540970638394,
        "mean": 0.0190991256386,
        "median": 0.0176722370088,
        "min": 0.000710724969395,
        "var": 8.34111124277e-05
    },
    "spectral_entropy": {
        "dmean": 0.0890577211976,
        "dmean2": 0.133068040013,
        "dvar": 0.00919292028993,
        "dvar2": 0.0182010605931,
        "max": 8.51634216309,
        "mean": 7.81678533554,
        "median": 7.84113693237,
        "min": 5.90976190567,
        "var": 0.0562280416489
    },
    "spectral_flux": {
        "dmean": 0.0204659514129,
        "dmean2": 0.032650783658,
        "dvar": 0.000366533029592,
        "dvar2": 0.000782549323048,
        "max": 0.225050970912,
        "mean": 0.101093560457,
        "median": 0.0978033542633,
        "min": 0.0155402813107,
        "var": 0.000825829978567
    },
    "spectral_kurtosis": {
        "dmean": 0.915211558342,
        "dmean2": 1.57616436481,
        "dvar": 0.742472410202,
        "dvar2": 2.22337031364,
        "max": 13.278181076,
        "mean": 3.08620858192,
        "median": 2.96577501297,
        "min": -0.837102651596,
        "var": 1.6729272604
    },
    "spectral_rms": {
        "dmean": 0.000504318915773,
        "dmean2": 0.000816714949906,
        "dvar": 2.48042141493e-07,
        "dvar2": 6.37830055439e-07,
        "max": 0.00876588560641,
        "mean": 0.00638215662912,
        "median": 0.00654757767916,
        "min": 0.00139132386539,
        "var": 1.01276373243e-06
    },
    "spectral_rolloff": {
        "dmean": 381.613616943,
        "dmean2": 620.293823242,
        "dvar": 317398.5,
        "dvar2": 661713.25,
        "max": 9022.41210938,
        "mean": 1630.0090332,
        "median": 1571.92382812,
        "min": 129.19921875,
        "var": 973549.3125
    },
    "spectral_skewness": {
        "dmean": 0.138762265444,
        "dmean2": 0.226636961102,
        "dvar": 0.0165309030563,
        "dvar2": 0.0434941910207,
        "max": 2.97479724884,
        "mean": 1.26886415482,
        "median": 1.26372420788,
        "min": 0.406812310219,
        "var": 0.059553720057
    },
    "spectral_spread": {
        "dmean": 309830.5625,
        "dmean2": 453437.5625,
        "dvar": 174911045632,
        "dvar2": 266204594176,
        "max": 12411341,
        "mean": 4474064.5,
        "median": 4227141.5,
        "min": 2906650.25,
        "var": 1.03424622592e+12
    },
    "spectral_strongpeak": {
        "dmean": 0.513302206993,
        "dmean2": 0.911196708679,
        "dvar": 0.609788000584,
        "dvar2": 1.60181283951,
        "max": 6.8785572052,
        "mean": 0.819740593433,
        "median": 0.511427819729,
        "min": 0.0321220643818,
        "var": 0.740879833698
    },
    "zerocrossingrate": {
        "dmean": 0.00810539349914,
        "dmean2": 0.0094498116523,
        "dvar": 7.3998417065e-05,
        "dvar2": 8.9956985903e-05,
        "max": 0.2119140625,
        "mean": 0.0649338513613,
        "median": 0.0615234375,
        "min": 0.00634765625,
        "var": 0.000574980280362
    },
    "barkbands": {
        "dmean": [0.000245093891863, 0.00276732491329, 0.00268583232537, 0.00171766686253, 0.00232716021128, 0.00151875591837, 0.00197063037194, 0.00155198690481, 0.000814757600892, 0.000630175636616, 0.00109322089702, 0.000354481337126, 0.00037358814734, 0.000784242874943, 0.00044294988038, 0.000336084282026, 0.000386565719964, 0.000266173301497, 0.000239736851654, 0.000174139626324, 0.000138707939186, 0.000113481721201, 8.71511074365e-05, 5.96447389398e-05, 4.5743840019e-05, 2.31614631048e-05, 4.46635617379e-09],
        "dmean2": [0.000335911696311, 0.00458930060267, 0.00458859279752, 0.00288496841677, 0.00385740026832, 0.00255036423914, 0.00307477498427, 0.00255297240801, 0.00133633357473, 0.00105584820267, 0.00182787235826, 0.000600461964495, 0.000622349150945, 0.00132264068816, 0.00072619097773, 0.000565316353459, 0.00064593355637, 0.000453648215625, 0.00040516097215, 0.000285547197564, 0.000211178907193, 0.000170260042069, 0.000137338021887, 9.03422405827e-05, 6.49649373372e-05, 3.15750985465e-05, 7.77292807896e-09],
        "dvar": [1.93732304865e-07, 2.14540032175e-05, 1.4025074961e-05, 3.74410046788e-06, 6.61177818984e-06, 4.6342324822e-06, 1.02552048702e-05, 7.62316449254e-06, 2.40156123255e-06, 1.06130607946e-06, 2.87981583824e-06, 3.0147359098e-07, 2.5779897328e-07, 1.45744343172e-06, 2.8471947644e-07, 1.79204874939e-07, 1.52349400651e-07, 7.55249445206e-08, 5.12343980574e-08, 3.07198284588e-08, 2.18201066104e-08, 2.11454285193e-08, 3.0143592511e-08, 2.13022470774e-08, 2.37514914403e-08, 5.40790212611e-09, 1.0458020397e-15],
        "dvar2": [3.2940846495e-07, 5.19055101904e-05, 3.81147110602e-05, 1.00990309875e-05, 1.73473963514e-05, 1.25778642541e-05, 2.40496574406e-05, 2.09744357562e-05, 6.38311666989e-06, 2.92112736133e-06, 7.6776395872e-06, 8.34254649362e-07, 6.60695263832e-07, 4.13590350945e-06, 7.51909965402e-07, 4.88149851208e-07, 4.29403854696e-07, 1.94091711592e-07, 1.42334485531e-07, 8.18273946379e-08, 5.32063744174e-08, 4.87520175341e-08, 7.88154963516e-08, 4.13219538586e-08, 4.86759326179e-08, 1.04588702143e-08, 1.58361290407e-15],
        "max": [0.00372235104442, 0.0433058291674, 0.040342643857, 0.023612562567, 0.023555662483, 0.0276675075293, 0.0378408841789, 0.0330193638802, 0.0162991881371, 0.0136582646519, 0.0217591468245, 0.00772360153496, 0.00638820789754, 0.011990356259, 0.00558729376644, 0.00531277153641, 0.00616731634364, 0.00396390724927, 0.00274587748572, 0.00181611825246, 0.00146826973651, 0.00212609791197, 0.00287819094956, 0.0024412011262, 0.00393481599167, 0.00139643345028, 1.00817294424e-06],
        "mean": [0.000288246490527, 0.00462474161759, 0.00753631209955, 0.00365161593072, 0.00464922888204, 0.0026736902073, 0.00381700298749, 0.00237716594711, 0.00130016333424, 0.0011345774401, 0.00192878453527, 0.000649205467198, 0.000698922667652, 0.00164980476256, 0.000958334247116, 0.000759652641136, 0.00102549616713, 0.00066524889553, 0.000664631952532, 0.00048473617062, 0.000398028583732, 0.000327032117639, 0.000229936966207, 0.000154653578647, 0.00010140001541, 3.97700496251e-05, 3.25233862064e-09],
        "median": [5.03634582856e-05, 0.00283688842319, 0.00595611380413, 0.00288553070277, 0.00364227080718, 0.00195515574887, 0.00133099965751, 0.000976635143161, 0.000674981158227, 0.00064868782647, 0.000939524441492, 0.00042747813859, 0.000529386568815, 0.000939192948863, 0.000786371470895, 0.000627852627076, 0.000897597754374, 0.000605515146162, 0.000630824360996, 0.000444462610176, 0.000348666420905, 0.000229690675042, 0.000159456030815, 9.07896683202e-05, 4.51855012216e-05, 1.6863035853e-05, 7.17137904616e-10],
        "min": [1.24507437249e-07, 1.40952488437e-05, 1.85249996321e-06, 8.87201895239e-06, 9.91003253148e-05, 2.78133593383e-05, 1.34940300995e-05, 6.42806480755e-06, 7.33357046556e-06, 2.19994012696e-06, 8.49578839279e-07, 5.53830716399e-07, 2.75281564655e-07, 4.2059923544e-06, 4.18197743102e-07, 9.56582198341e-07, 1.29573868435e-06, 1.20639197121e-06, 3.42412090504e-06, 2.35922561842e-06, 1.5633872863e-06, 2.10035886994e-06, 1.10151927402e-06, 2.76350618833e-07, 2.36593109548e-07, 5.11397395542e-08, 7.9976294684e-12],
        "var": [3.12296151606e-07, 2.74977646768e-05, 3.62472710549e-05, 9.01316707314e-06, 1.43477582242e-05, 6.43562270852e-06, 3.54708899977e-05, 1.59059527505e-05, 3.48828712049e-06, 2.18018954001e-06, 6.52197559248e-06, 5.35227229648e-07, 4.7444555662e-07, 3.50775371771e-06, 6.42458815037e-07, 4.80660276025e-07, 6.83012217451e-07, 1.59761242458e-07, 1.50433280055e-07, 8.94711789101e-08, 7.31196223569e-08, 7.16364851883e-08, 6.83429988158e-08, 5.93573901142e-08, 6.21737044071e-08, 1.01411679054e-08, 9.23657029971e-16]
    },
    "erbbands": {
        "dmean": [0.0902790501714, 0.702997624874, 2.64183330536, 4.14939165115, 7.06210327148, 8.23303413391, 9.58991527557, 13.6425580978, 20.161315918, 44.2310371399, 19.2785778046, 18.3049106598, 23.841588974, 16.7028656006, 43.5112686157, 13.3725128174, 16.7550849915, 37.8816299438, 24.7796287537, 20.2184352875, 18.7462272644, 17.2753067017, 14.3255729675, 13.321721077, 10.4968252182, 8.76086425781, 6.301425457, 5.07196950912, 4.31400775909, 3.08475542068, 2.48805785179, 1.53796553612, 0.974650502205, 0.612326920033, 0.29761710763, 0.1326893121, 0.0383319929242, 0.00291090854444, 5.60574007977e-05, 9.06954028324e-06],
        "dmean2": [0.125907212496, 1.21799910069, 4.62101745605, 6.84999418259, 12.1487007141, 13.7013492584, 15.9138793945, 22.718044281, 31.748462677, 70.3623428345, 31.8568687439, 30.4567584991, 39.7472496033, 27.720281601, 73.5380706787, 22.0391044617, 27.5765190125, 63.563457489, 40.4898796082, 33.70362854, 30.9497241974, 29.0730323792, 24.2779159546, 22.6449813843, 17.9464931488, 14.3517475128, 9.99799060822, 7.7229809761, 6.56270503998, 4.67389583588, 3.89289283752, 2.36017608643, 1.45077645779, 0.902793347836, 0.415190249681, 0.182292163372, 0.0528926663101, 0.0043349401094, 8.0452497059e-05, 1.40858246596e-05],
        "dvar": [0.0204712748528, 1.62588453293, 17.4071788788, 20.4896259308, 72.074798584, 104.251449585, 169.288635254, 368.779815674, 1441.72460938, 4656.68896484, 1136.74316406, 1499.85803223, 1627.15319824, 647.14263916, 4545.125, 322.527893066, 477.105163574, 4136.78027344, 857.871154785, 704.068908691, 512.292541504, 357.26385498, 217.630325317, 171.093017578, 100.945785522, 77.4922332764, 50.0651893616, 32.4238204956, 31.3512058258, 21.0172615051, 24.5558013916, 12.9541940689, 6.29448843002, 4.74603843689, 0.745257377625, 0.158393889666, 0.0172360930592, 0.000101368699688, 3.43976900297e-08, 1.25163671094e-10],
        "dvar2": [0.0377378053963, 4.39656972885, 48.2956886292, 53.7552757263, 194.423431396, 275.722351074, 448.742797852, 974.067199707, 3328.44140625, 12068.8447266, 3040.00244141, 4013.32299805, 4283.87011719, 1642.49206543, 12587.2412109, 878.624511719, 1210.96508789, 11731.6650391, 2345.68579102, 2000.71203613, 1344.85461426, 1014.03942871, 557.996582031, 460.732727051, 279.762695312, 207.655014038, 126.823577881, 75.6078720093, 72.4383926392, 51.7316474915, 63.421459198, 28.2521362305, 11.8457889557, 10.3782539368, 1.36444818974, 0.296390175819, 0.032663565129, 0.000219451118028, 7.15550640962e-08, 2.66466543275e-10],
        "max": [1.21613729, 11.0965490341, 45.2048301697, 50.2868118286, 74.1315917969, 111.052856445, 199.809661865, 274.012268066, 573.17791748, 682.374633789, 385.100219727, 448.49810791, 521.932128906, 531.198913574, 763.442626953, 216.507553101, 327.467041016, 656.048156738, 306.007415771, 322.100097656, 348.488647461, 287.061279297, 200.916824341, 190.638366699, 115.037719727, 99.1695327759, 78.5718231201, 57.7383537292, 72.4360046387, 81.3141326904, 84.6333847046, 59.4688644409, 48.4411010742, 59.1067695618, 15.7059421539, 7.40882968903, 2.66907167435, 0.226498261094, 0.00396194122732, 0.000203411604161],
        "mean": [0.142406374216, 1.08273994923, 6.70028734207, 12.0849056244, 13.8709077835, 15.2487812042, 17.7850646973, 24.2121772766, 41.1171340942, 76.4567337036, 32.769203186, 30.7543525696, 41.5542068481, 35.1236991882, 77.5847625732, 29.804479599, 36.1848907471, 80.1177749634, 59.7771949768, 45.8770561218, 50.1663703918, 49.4286193848, 38.7080535889, 36.8067741394, 29.4525547028, 24.2695426941, 17.6640090942, 14.619559288, 11.97722435, 8.57578086853, 6.33041477203, 3.92599487305, 2.28927254677, 1.29374158382, 0.628939092159, 0.240406394005, 0.0643063411117, 0.00441816681996, 0.000117340925499, 5.79663537792e-05],
        "median": [0.054246366024, 0.751243412495, 5.23599243164, 9.6403837204, 9.66686248779, 11.1391859055, 13.7927713394, 17.4248390198, 15.8077726364, 32.8308868408, 17.7213459015, 17.1414413452, 22.7609539032, 23.5616531372, 39.3078765869, 22.339969635, 28.6255397797, 39.0492630005, 51.7171440125, 36.2867431641, 44.9618110657, 45.7719688416, 36.1060142517, 34.4781455994, 28.3508205414, 22.2496547699, 15.906288147, 12.0904464722, 8.36275291443, 6.04399585724, 4.35304689407, 2.45996642113, 1.27536797523, 0.583003461361, 0.284719377756, 0.105916805565, 0.025477251038, 0.0018180803163, 6.58662393107e-05, 5.87312788412e-05],
        "min": [0.000196029272047, 0.00418852921575, 0.00508972536772, 0.0209549162537, 0.0547181926668, 0.383756816387, 0.287141084671, 0.486454278231, 0.676889836788, 0.315871924162, 0.47386354208, 0.230794131756, 0.151429593563, 0.0549376085401, 0.0361424349248, 0.0233609713614, 0.018995327875, 0.127951681614, 0.0534050539136, 0.0591007098556, 0.0583985336125, 0.0656381398439, 0.0610754005611, 0.201058223844, 0.11220036447, 0.123615607619, 0.0696540847421, 0.0638426467776, 0.0796013697982, 0.0481400452554, 0.0278564523906, 0.0102379657328, 0.0042859101668, 0.00222289469093, 0.00148157367948, 0.000589188770391, 6.3696752477e-05, 5.45910143046e-06, 5.63383628105e-06, 4.15092608819e-06],
        "var": [0.0396512337029, 1.40992414951, 30.664806366, 78.829284668, 150.351547241, 188.141189575, 227.931243896, 560.561889648, 5376.18408203, 11264.3203125, 2017.62512207, 2060.24755859, 3000.09887695, 2035.72680664, 9609.6796875, 774.368774414, 1042.0324707, 9875.30957031, 2216.87475586, 1505.59802246, 1541.22277832, 1186.64331055, 529.88269043, 477.680206299, 259.414428711, 220.991317749, 148.120910645, 106.036361694, 99.0171508789, 60.6242370605, 58.6158027649, 31.7648448944, 16.9559669495, 10.4846172333, 2.17085361481, 0.34704425931, 0.029963567853, 0.00013958508498, 5.35841024885e-08, 3.89547116786e-10]
    },
    "gfcc": {
        "mean": [64.7372741699, 90.8252487183, -125.534599304, 46.3584976196, -60.465385437, 16.0506210327, -42.3162994385, 9.14049053192, -25.4769039154, 3.45716071129, -18.6796474457, -1.29231464863, -15.2225055695],
        "cov": [[1036.11242676, -291.349517822, -315.696136475, -125.597351074, -5.85384273529, 145.995559692, -10.7211494446, 8.18634128571, -89.4637374878, -19.2858810425, -62.1769599915, 44.1372108459, 4.25514602661], [-291.349517822, 441.393096924, -32.8010215759, 2.73593044281, 83.1026077271, -41.96144104, 70.2122039795, -38.156452179, 44.2297515869, -3.58654379845, 85.6833877563, -43.8071098328, 14.4702510834], [-315.696136475, -32.8010215759, 382.966461182, 55.9201583862, -49.9740905762, -55.7330207825, -46.5918617249, 40.3603363037, 27.1835021973, 50.9421310425, 9.82067489624, -2.21198034286, -41.6209526062], [-125.597351074, 2.73593044281, 55.9201583862, 128.481658936, 11.0555801392, -25.5939674377, -5.3324546814, -10.6757097244, 24.4995384216, -8.26232433319, -0.639215409756, 8.74098873138, 25.3131160736], [-5.85384273529, 83.1026077271, -49.9740905762, 11.0555801392, 143.083587646, 58.0674781799, 39.5609703064, -6.35185480118, -12.1964693069, -17.9201622009, -0.908642649651, 19.25532341, 32.3680725098], [145.995559692, -41.96144104, -55.7330207825, -25.5939674377, 58.0674781799, 123.255455017, 51.6471328735, 6.17600345612, -32.1072235107, -21.9734764099, -11.7835826874, 15.7507829666, 14.4836330414], [-10.7211494446, 70.2122039795, -46.5918617249, -5.3324546814, 39.5609703064, 51.6471328735, 89.2761993408, 3.62213945389, -5.15547561646, -6.63855314255, 4.58707141876, -4.86950063705, 4.00577974319], [8.18634128571, -38.156452179, 40.3603363037, -10.6757097244, -6.35185480118, 6.17600345612, 3.62213945389, 66.4292831421, 35.215171814, 15.3756437302, 0.137751564384, 3.60243654251, -6.02914428711], [-89.4637374878, 44.2297515869, 27.1835021973, 24.4995384216, -12.1964693069, -32.1072235107, -5.15547561646, 35.215171814, 88.0714492798, 36.4139251709, 24.2135505676, -6.85924482346, -3.41470527649], [-19.2858810425, -3.58654379845, 50.9421310425, -8.26232433319, -17.9201622009, -21.9734764099, -6.63855314255, 15.3756437302, 36.4139251709, 79.1814956665, 36.9660568237, -2.19492053986, -21.2209186554], [-62.1769599915, 85.6833877563, 9.82067489624, -0.639215409756, -0.908642649651, -11.7835826874, 4.58707141876, 0.137751564384, 24.2135505676, 36.9660568237, 72.9599609375, 8.42932033539, 2.48408985138], [44.1372108459, -43.8071098328, -2.21198034286, 8.74098873138, 19.25532341, 15.7507829666, -4.86950063705, 3.60243654251, -6.85924482346, -2.19492053986, 8.42932033539, 59.1518478394, 35.793838501], [4.25514602661, 14.4702510834, -41.6209526062, 25.3131160736, 32.3680725098, 14.4836330414, 4.00577974319, -6.02914428711, -3.41470527649, -21.2209186554, 2.48408985138, 35.793838501, 69.6467666626]],
        "icov": [[0.00273137143813, -0.000981045537628, 0.00314453756437, -0.000822174770292, 0.00210170843638, -0.00405847933143, 0.00370099721476, -0.0030667996034, 0.00328058446757, -0.00382292782888, 0.00333301932551, -0.00314220460132, 0.00209586182609], [-0.000981045537628, 0.015090463683, -0.004862296395, 0.00861484277993, -0.0115909632295, 0.01332804095, -0.0144644994289, 0.0129783889279, -0.012073638849, 0.0151048786938, -0.0200968589634, 0.0153959235176, -0.00772680062801], [0.00314453756437, -0.004862296395, 0.00873722415417, -0.00608853064477, 0.00541374552995, -0.00698775332421, 0.00903867278248, -0.0101428730413, 0.00892338715494, -0.0100607890636, 0.00837509520352, -0.00802071299404, 0.00698703480884], [-0.000822174770292, 0.00861484277993, -0.00608853064477, 0.0173213109374, -0.00773653294891, 0.00965905748308, -0.0102358805016, 0.0136186927557, -0.0136244585738, 0.0120127266273, -0.00998257659376, 0.00838447362185, -0.00927989091724], [0.00210170843638, -0.0115909632295, 0.00541374552995, -0.00773653294891, 0.0195687822998, -0.0154637405649, 0.0102564683184, -0.00994325429201, 0.0100197792053, -0.0129551747814, 0.0164102464914, -0.0136785740033, 0.00398601405323], [-0.00405847933143, 0.01332804095, -0.00698775332421, 0.00965905748308, -0.0154637405649, 0.0308595821261, -0.0226164795458, 0.0101111400872, -0.00889593362808, 0.0173763372004, -0.018951818347, 0.0129298958927, -0.00837318785489], [0.00370099721476, -0.0144644994289, 0.00903867278248, -0.0102358805016, 0.0102564683184, -0.0226164795458, 0.0338251665235, -0.0168032571673, 0.014552006498, -0.0175556968898, 0.0183996856213, -0.0125124277547, 0.0095760691911], [-0.0030667996034, 0.0129783889279, -0.0101428730413, 0.0136186927557, -0.00994325429201, 0.0101111400872, -0.0168032571673, 0.0396401807666, -0.027277963236, 0.0166272688657, -0.014190165326, 0.0103984354064, -0.00771298632026], [0.00328058446757, -0.012073638849, 0.00892338715494, -0.0136244585738, 0.0100197792053, -0.00889593362808, 0.014552006498, -0.027277963236, 0.0368225835264, -0.022590264678, 0.013550914824, -0.0089934496209, 0.00564845604822], [-0.00382292782888, 0.0151048786938, -0.0100607890636, 0.0120127266273, -0.0129551747814, 0.0173763372004, -0.0175556968898, 0.0166272688657, -0.022590264678, 0.0417579561472, -0.0310165714473, 0.0141808846965, -0.00299262581393], [0.00333301932551, -0.0200968589634, 0.00837509520352, -0.00998257659376, 0.0164102464914, -0.018951818347, 0.0183996856213, -0.014190165326, 0.013550914824, -0.0310165714473, 0.0488123968244, -0.0256566740572, 0.00929154269397], [-0.00314220460132, 0.0153959235176, -0.00802071299404, 0.00838447362185, -0.0136785740033, 0.0129298958927, -0.0125124277547, 0.0103984354064, -0.0089934496209, 0.0141808846965, -0.0256566740572, 0.0465331301093, -0.0246792621911], [0.00209586182609, -0.00772680062801, 0.00698703480884, -0.00927989091724, 0.00398601405323, -0.00837318785489, 0.0095760691911, -0.00771298632026, 0.00564845604822, -0.00299262581393, 0.00929154269397, -0.0246792621911, 0.0337712578475]]
    },
    "melbands": {
        "dmean": [0.00072086811997, 0.00118180736899, 0.000750343606342, 0.000519074150361, 0.000351252791006, 0.000298759434372, 0.000336543598678, 0.000471998675494, 0.000139064606628, 0.000117860676255, 0.000119119569717, 6.35826363578e-05, 0.000157527683768, 5.09556739416e-05, 4.53088614449e-05, 3.45050866599e-05, 8.11987774796e-05, 4.50763654953e-05, 2.72437919193e-05, 2.66541501333e-05, 2.60263259406e-05, 2.25058211072e-05, 1.75321092684e-05, 1.33188641485e-05, 1.24109074022e-05, 8.83577558852e-06, 7.67668370827e-06, 6.44051215204e-06, 4.42187001681e-06, 3.92069478039e-06, 3.14986232297e-06, 2.81352527054e-06, 2.25034364121e-06, 1.76747892056e-06, 1.56230044013e-06, 1.32444529299e-06, 9.57650286182e-07, 7.63152911532e-07, 6.44026385999e-07, 5.22407788139e-07],
        "dmean2": [0.00111331813969, 0.00208355206996, 0.00124478398357, 0.000873807060998, 0.000574080389924, 0.000499321962707, 0.000528081262019, 0.000759899092373, 0.000231437865295, 0.00019609258743, 0.000198255322175, 0.00010559718794, 0.000262508692686, 8.74233664945e-05, 7.32946573407e-05, 5.61872911931e-05, 0.000136811257107, 7.44939752622e-05, 4.53130523965e-05, 4.49384533567e-05, 4.30645159213e-05, 3.79225057259e-05, 3.02429561998e-05, 2.23310144065e-05, 2.11967308132e-05, 1.48971603267e-05, 1.33220391945e-05, 1.06240022433e-05, 7.17944294593e-06, 6.32723185845e-06, 4.90068214276e-06, 4.40851044914e-06, 3.50625168721e-06, 2.78497509498e-06, 2.48146830018e-06, 2.14886654248e-06, 1.44069394992e-06, 1.16668343253e-06, 9.54747179094e-07, 7.80396021582e-07],
        "dvar": [1.30972250645e-06, 3.92553783968e-06, 5.94747803007e-07, 3.71706960323e-07, 1.81088807949e-07, 1.78407091767e-07, 3.68348764823e-07, 5.45879800029e-07, 6.36452028857e-08, 5.68767362097e-08, 4.05382110102e-08, 1.01393213825e-08, 6.430409627e-08, 6.14883521877e-09, 3.94010335469e-09, 2.21712914694e-09, 2.01743848294e-08, 2.77029710283e-09, 1.12897147186e-09, 1.15232579034e-09, 9.25884591219e-10, 6.14002071408e-10, 3.61650431824e-10, 1.79311065995e-10, 1.51567994267e-10, 6.99140328964e-11, 5.54214972526e-11, 4.29877626551e-11, 2.55710713021e-11, 1.76241070349e-11, 1.26098593373e-11, 1.25506566945e-11, 9.54400794506e-12, 7.56288521392e-12, 8.47832828249e-12, 9.3991498612e-12, 4.81557415472e-12, 3.44421192955e-12, 4.28299583299e-12, 3.19816482325e-12],
        "dvar2": [2.71933276963e-06, 1.08975536932e-05, 1.60583056186e-06, 1.01867567537e-06, 4.63414011165e-07, 4.78635456602e-07, 8.4821465407e-07, 1.44664329582e-06, 1.64125665947e-07, 1.51469393472e-07, 1.07113400816e-07, 2.56637164853e-08, 1.75491337018e-07, 1.75032699445e-08, 9.5859995497e-09, 5.33787503088e-09, 5.78729846268e-08, 7.50501882862e-09, 2.92053004003e-09, 3.20123860753e-09, 2.47351117366e-09, 1.73584357999e-09, 1.00382568924e-09, 4.59066479275e-10, 4.17647388895e-10, 1.96786725803e-10, 1.57232130094e-10, 1.16933004946e-10, 6.68951907756e-11, 4.5491652112e-11, 3.04341656043e-11, 3.05091958641e-11, 2.33807660732e-11, 1.9686516306e-11, 2.19952597802e-11, 2.46267398835e-11, 1.03059965076e-11, 7.07077191936e-12, 8.94839757848e-12, 7.18436117889e-12],
        "max": [0.0108641684055, 0.0182236675173, 0.00874604750425, 0.00478545343503, 0.00591993844137, 0.00559664145112, 0.0087908944115, 0.00799411628395, 0.00277697807178, 0.00302908336744, 0.00260080490261, 0.00215497799218, 0.00325021729805, 0.000979088828899, 0.00112729147077, 0.00073046417674, 0.00147083378397, 0.000562610337511, 0.000442472810391, 0.000495004525874, 0.000470934493933, 0.000356451608241, 0.000217446824536, 0.000172529151314, 0.000176127199666, 9.98498653644e-05, 7.48003658373e-05, 7.37995287636e-05, 6.27455592621e-05, 4.19282296207e-05, 3.70416528312e-05, 3.73094590032e-05, 4.60953524453e-05, 4.8506361054e-05, 5.39567336091e-05, 4.8096961109e-05, 3.6685669329e-05, 3.18353850162e-05, 5.35878789378e-05, 4.61296804133e-05],
        "mean": [0.00124821660575, 0.00287150545046, 0.0022165288683, 0.00103780708741, 0.000675624702126, 0.000525672105141, 0.000676368828863, 0.000804252631497, 0.000232788152061, 0.0001906575053, 0.000202211682335, 0.000124240992591, 0.00027585629141, 9.72795824055e-05, 8.29548589536e-05, 7.22329787095e-05, 0.00016357464483, 0.000100074459624, 5.93992735958e-05, 5.78835606575e-05, 6.24127496849e-05, 5.72046628804e-05, 3.86154097214e-05, 3.20542458212e-05, 3.00167721434e-05, 2.15867548832e-05, 1.90332702914e-05, 1.53470500663e-05, 1.0859388567e-05, 9.79833839665e-06, 8.12267262518e-06, 7.06416039975e-06, 5.62191235076e-06, 4.39575160271e-06, 3.71651435671e-06, 3.01000909531e-06, 2.18469836e-06, 1.6605441715e-06, 1.30306591473e-06, 1.01722753243e-06],
        "median": [0.000636006006971, 0.00228571961634, 0.0018677971093, 0.000773969921283, 0.000548397772945, 0.000388143787859, 0.000242024631007, 0.00035394373117, 0.000122823548736, 0.000103560931166, 0.000106587423943, 7.75107109803e-05, 0.000133024033858, 5.81942986173e-05, 5.8148347307e-05, 5.06667929585e-05, 7.6187599916e-05, 8.36006074678e-05, 4.87059442094e-05, 4.43817552878e-05, 5.34435566806e-05, 4.93235565955e-05, 3.36629891535e-05, 2.8477230444e-05, 2.73830846709e-05, 2.0184153982e-05, 1.81162176887e-05, 1.36155385917e-05, 9.3918897619e-06, 8.71725023899e-06, 6.47746446703e-06, 4.92862591273e-06, 3.84505483453e-06, 3.20133472087e-06, 2.52170434578e-06, 1.98233806259e-06, 1.32690968258e-06, 9.48586489358e-07, 6.1832412257e-07, 4.46537910648e-07],
        "min": [2.70522104984e-06, 5.42165662409e-06, 3.49806691702e-06, 1.3111228327e-05, 1.28478395709e-05, 1.09662914838e-05, 4.20200649387e-06, 2.45065439231e-06, 2.15255113289e-06, 1.17818592571e-06, 4.57682602928e-07, 1.2863429788e-07, 1.2506609437e-07, 8.16788627844e-08, 4.2194763239e-08, 4.31202273887e-08, 2.99286000427e-07, 6.13643038605e-08, 4.05474658294e-08, 7.03218105969e-08, 7.47419690583e-08, 7.47434398818e-08, 4.28340776182e-08, 6.7377108337e-08, 1.66377674304e-07, 8.91662210734e-08, 7.42747587879e-08, 8.44701517622e-08, 4.19956478481e-08, 3.91645151865e-08, 3.74957096483e-08, 4.70235974603e-08, 3.33539702524e-08, 2.30329391115e-08, 1.39033922153e-08, 1.41647964469e-08, 4.29326396656e-09, 3.29026983437e-09, 2.18620255232e-09, 1.55603063767e-09],
