{
"highlevel": {
    "danceability": {
        "all": {
            "danceable": 0.996287941933,
            "not_danceable": 0.00371205084957
        },
        "probability": 0.996287941933,
        "value": "danceable"
    },
    "gender": {
        "all": {
            "female": 0.589827120304,
            "male": 0.410172849894
        },
        "probability": 0.589827120304,
        "value": "female"
    },
    "genre_dortmund": {
        "all": {
            "alternative": 0.162117555737,
            "blues": 0.0802747011185,
            "electronic": 0.151993960142,
            "folkcountry": 0.0695911049843,
            "funksoulrnb": 0.0159386079758,
            "jazz": 0.0459536537528,
            "pop": 0.163386777043,
            "raphiphop": 0.0315612778068,
            "rock": 0.279182344675
        },
        "probability": 0.279182344675,
        "value": "rock"
    },
    "genre_electronic": {
        "all": {
            "ambient": 0.169433310628,
            "dnb": 0.260557502508,
            "house": 0.0755694881082,
            "techno": 0.0279305521399,
            "trance": 0.46650916338
        },
        "probability": 0.46650916338,
        "value": "trance"
    },
    "genre_rosamerica": {
        "all": {
            "cla": 0.000982296536677,
            "dan": 0.921151697636,
            "hip": 0.0199051089585,
            "jaz": 0.00076708215056,
            "pop": 0.0373437069356,
            "rhy": 0.0119321355596,
            "roc": 0.00506477337331,
            "spe": 0.00285321124829
        },
        "probability": 0.921151697636,
        "value": "dan"
    },
    "genre_tzanetakis": {
        "all": {
            "blu": 0.0626613423228,
            "cla": 0.0348169617355,
            "cou": 0.104475811124,
            "dis": 0.0784321576357,
            "hip": 0.15692435205,
            "jaz": 0.313974827528,
            "met": 0.0448166541755,
            "pop": 0.0627359300852,
            "reg": 0.0627360641956,
            "roc": 0.0784258767962
        },
        "probability": 0.313974827528,
        "value": "jaz"
    },
    "ismir04_rhythm": {
        "all": {
            "ChaChaCha": 0.141116723418,
            "Jive": 0.0703397467732,
            "Quickstep": 0.0441838689148,
            "Rumba-American": 0.0203906483948,
            "Rumba-International": 0.0308330040425,
            "Rumba-Misc": 0.00439066952094,
            "Samba": 0.665709495544,
            "Tango": 0.00901668425649,
            "VienneseWaltz": 0.0111320270225,
            "Waltz": 0.00288714142516
        },
        "probability": 0.665709495544,
        "value": "Samba"
    },
    "mood_acoustic": {
        "all": {
            "acoustic": 0.0571053363383,
            "not_acoustic": 0.942894637585
        },
        "probability": 0.942894637585,
        "value": "not_acoustic"
    },
    "mood_aggressive": {
        "all": {
            "aggressive": 0.28666010499,
            "not_aggressive": 0.713339924812
        },
        "probability": 0.713339924812,
        "value": "not_aggressive"
    },
    "mood_electronic": {
        "all": {
            "electronic": 0.565762639046,
            "not_electronic": 0.434237360954
        },
        "probability": 0.565762639046,
        "value": "electronic"
    },
    "mood_happy": {
        "all": {
            "happy": 0.535468816757,
            "not_happy": 0.464531183243
        },
        "probability": 0.535468816757,
        "value": "happy"
    },
    "mood_party": {
        "all": {
            "not_party": 0.310216873884,
            "party": 0.689783155918
        },
        "probability": 0.689783155918,
        "value": "party"
    },
    "mood_relaxed": {
        "all": {
            "not_relaxed": 0.942023515701,
            "relaxed": 0.0579764917493
        },
        "probability": 0.942023515701,
        "value": "not_relaxed"
    },
    "mood_sad": {
        "all": {
            "not_sad": 0.822111368179,
            "sad": 0.177888631821
        },
        "probability": 0.822111368179,
        "value": "not_sad"
    },
    "moods_mirex": {
        "all": {
            "Cluster1": 0.39647179842,
            "Cluster2": 0.114987395704,
            "Cluster3": 0.125197261572,
            "Cluster4": 0.0739472657442,
            "Cluster5": 0.289396286011
        },
        "probability": 0.39647179842,
        "value": "Cluster1"
    },
    "timbre": {
        "all": {
            "bright": 0.941788554192,
            "dark": 0.0582114718854
        },
        "probability": 0.941788554192,
        "value": "bright"
    },
    "tonal_atonal": {
        "all": {
            "atonal": 0.565181195736,
            "tonal": 0.434818804264
        },
        "probability": 0.565181195736,
        "value": "atonal"
    },
    "voice_instrumental": {
        "all": {
            "instrumental": 0.00462575862184,
            "voice": 0.995374262333
        },
        "probability": 0.995374262333,
        "value": "voice"
    }
},
"lowlevel": {
    "average_loudness": 0.969430208206,
    "barkbands_crest": {
        "dmean": 3.17951393127,
        "dmean2": 5.38148593903,
        "dvar": 7.35236310959,
        "dvar2": 17.6805057526,
        "max": 25.9530162811,
        "mean": 12.701177597,
        "median": 11.6907091141,
        "min": 3.37091493607,
        "var": 24.8684597015
    },
    "barkbands_flatness_db": {
        "dmean": 0.0334092304111,
        "dmean2": 0.0507606118917,
        "dvar": 0.00127234868705,
        "dvar2": 0.00288826273754,
        "max": 0.423896402121,
        "mean": 0.164403945208,
        "median": 0.148030728102,
        "min": 0.0599203705788,
        "var": 0.00438196817413
    },
    "barkbands_kurtosis": {
        "dmean": 15.5768203735,
        "dmean2": 24.7723579407,
        "dvar": 1726.91064453,
        "dvar2": 4371.16210938,
        "max": 572.722900391,
        "mean": 20.178314209,
        "median": 6.01445007324,
        "min": -1.96906709671,
        "var": 2024.91052246
    },
    "barkbands_skewness": {
        "dmean": 1.1046885252,
        "dmean2": 1.68249201775,
        "dvar": 2.63011074066,
        "dvar2": 6.24697971344,
        "max": 22.0127811432,
        "mean": 3.18105840683,
        "median": 2.3729300499,
        "min": -0.819092333317,
        "var": 6.77541255951
    },
    "barkbands_spread": {
        "dmean": 8.18846321106,
        "dmean2": 12.1056890488,
        "dvar": 103.379936218,
        "dvar2": 177.204727173,
        "max": 117.787261963,
        "mean": 22.4839572906,
        "median": 18.311870575,
        "min": 0.450195938349,
        "var": 330.518371582
    },
    "dissonance": {
        "dmean": 0.0185397807509,
        "dmean2": 0.0302478838712,
        "dvar": 0.000374146853574,
        "dvar2": 0.000912261137273,
        "max": 0.499903053045,
        "mean": 0.463982969522,
        "median": 0.470688611269,
        "min": 0.298082768917,
        "var": 0.000754685024731
    },
    "dynamic_complexity": 2.72783732414,
    "erbbands_crest": {
        "dmean": 2.67395401001,
        "dmean2": 4.34193849564,
        "dvar": 6.1138792038,
        "dvar2": 14.9556837082,
        "max": 25.4077777863,
        "mean": 7.63796806335,
        "median": 6.76016235352,
        "min": 2.59988594055,
        "var": 13.7376031876
    },
    "erbbands_flatness_db": {
        "dmean": 0.0170409101993,
        "dmean2": 0.0256552491337,
        "dvar": 0.000275182363112,
        "dvar2": 0.00056549772853,
        "max": 0.229404345155,
        "mean": 0.107876308262,
        "median": 0.10146920383,
        "min": 0.0611487105489,
        "var": 0.00079735473264
    },
    "erbbands_kurtosis": {
        "dmean": 1.24117803574,
        "dmean2": 1.93425750732,
        "dvar": 4.38978910446,
        "dvar2": 9.82884883881,
        "max": 29.3745002747,
        "mean": 0.433141350746,
        "median": -0.441531896591,
        "min": -1.84406840801,
        "var": 6.9634270668
    },
    "erbbands_skewness": {
        "dmean": 0.468881011009,
        "dmean2": 0.6999360919,
        "dvar": 0.247429206967,
        "dvar2": 0.508570075035,
        "max": 4.08945083618,
        "mean": 0.445342153311,
        "median": 0.489069730043,
        "min": -4.85697078705,
        "var": 0.738848626614
    },
    "erbbands_spread": {
        "dmean": 16.9737987518,
        "dmean2": 25.6113109589,
        "dvar": 297.777832031,
        "dvar2": 667.492614746,
        "max": 193.242752075,
        "mean": 65.9508666992,
        "median": 61.7383956909,
        "min": 7.95517921448,
        "var": 1003.30548096
    },
    "hfc": {
        "dmean": 11.7209997177,
        "dmean2": 15.5870132446,
        "dvar": 248.505950928,
        "dvar2": 438.210205078,
        "max": 222.905181885,
        "mean": 25.7666072845,
        "median": 16.7880363464,
        "min": 0.538954555988,
        "var": 739.954162598
    },
    "melbands_crest": {
        "dmean": 3.95766472816,
        "dmean2": 6.63281011581,
        "dvar": 10.5499753952,
        "dvar2": 26.5214805603,
        "max": 33.5849571228,
        "mean": 17.8907833099,
        "median": 16.9506473541,
        "min": 5.22007036209,
        "var": 36.2374038696
    },
    "melbands_flatness_db": {
        "dmean": 0.0394740030169,
        "dmean2": 0.0594718232751,
        "dvar": 0.00164685235359,
        "dvar2": 0.00367657933384,
        "max": 0.547748863697,
        "mean": 0.234944120049,
        "median": 0.217597916722,
        "min": 0.0648526698351,
        "var": 0.00639783870429
    },
    "melbands_kurtosis": {
        "dmean": 45.7215995789,
        "dmean2": 68.7545394897,
        "dvar": 9357.90234375,
        "dvar2": 20011.5800781,
        "max": 1302.24621582,
        "mean": 73.2896575928,
        "median": 23.8033542633,
        "min": -0.790304899216,
        "var": 17929.5585938
    },
    "melbands_skewness": {
        "dmean": 1.70251071453,
        "dmean2": 2.59662055969,
        "dvar": 4.92363977432,
        "dvar2": 10.9505834579,
        "max": 29.6860694885,
        "mean": 5.49669075012,
        "median": 4.04557561874,
        "min": -0.0102751525119,
        "var": 16.8492984772
    },
    "melbands_spread": {
        "dmean": 5.96429538727,
        "dmean2": 9.15012931824,
        "dvar": 73.575668335,
        "dvar2": 162.763031006,
        "max": 153.747955322,
        "mean": 14.9813480377,
        "median": 12.5395097733,
        "min": 0.359282582998,
        "var": 178.726791382
    },
    "pitch_salience": {
        "dmean": 0.0896477475762,
        "dmean2": 0.144718959928,
        "dvar": 0.00572994118556,
        "dvar2": 0.0139233451337,
        "max": 0.793304920197,
        "mean": 0.49545031786,
        "median": 0.505699932575,
        "min": 0.0841457173228,
        "var": 0.0184834618121
    },
    "silence_rate_20dB": {
        "dmean": 0,
        "dmean2": 0,
        "dvar": 0,
        "dvar2": 0,
        "max": 1,
        "mean": 1,
        "median": 1,
        "min": 1,
        "var": 0
    },
    "silence_rate_30dB": {
        "dmean": 0.00773993786424,
        "dmean2": 0.0154918665066,
        "dvar": 0.00768002867699,
        "dvar2": 0.0229980647564,
        "max": 1,
        "mean": 0.996133029461,
        "median": 1,
        "min": 0,
        "var": 0.00385198835284
    },
    "silence_rate_60dB": {
        "dmean": 0.00464396271855,
        "dmean2": 0.00929511990398,
        "dvar": 0.00462235184386,
        "dvar2": 0.0138561464846,
        "max": 1,
        "mean": 0.00232018553652,
        "median": 0,
        "min": 0,
        "var": 0.00231482926756
    },
    "spectral_centroid": {
        "dmean": 356.080566406,
        "dmean2": 559.582336426,
        "dvar": 156833.421875,
        "dvar2": 302575.15625,
        "max": 5362.2578125,
        "mean": 1152.35705566,
        "median": 1033.40576172,
        "min": 153.163513184,
        "var": 431751.4375
    },
    "spectral_complexity": {
        "dmean": 5.45278644562,
        "dmean2": 8.02091407776,
        "dvar": 36.3236808777,
        "dvar2": 72.5115814209,
        "max": 53,
        "mean": 16.3766441345,
        "median": 15,
        "min": 1,
        "var": 129.436660767
    },
    "spectral_decrease": {
        "dmean": 4.02650002229e-09,
        "dmean2": 6.56164722557e-09,
        "dvar": 2.37183733979e-17,
        "dvar2": 5.94725787418e-17,
        "max": -4.47943737658e-10,
        "mean": -1.00911270451e-08,
        "median": -8.71220695586e-09,
        "min": -4.43001972883e-08,
        "var": 3.573493369e-17
    },
    "spectral_energy": {
        "dmean": 0.0158716458827,
        "dmean2": 0.0256359335035,
        "dvar": 0.000366986641893,
        "dvar2": 0.000911108392756,
        "max": 0.173010885715,
        "mean": 0.0404233373702,
        "median": 0.0350732691586,
        "min": 0.00191592483316,
        "var": 0.00057395757176
    },
    "spectral_energyband_high": {
        "dmean": 0.00102230045013,
        "dmean2": 0.0013300004648,
        "dvar": 2.80318431578e-06,
        "dvar2": 4.64969889435e-06,
        "max": 0.0266884937882,
        "mean": 0.00178983772639,
        "median": 0.000759520742577,
        "min": 2.62253229266e-06,
        "var": 7.86216969573e-06
    },
    "spectral_energyband_low": {
        "dmean": 0.0101772015914,
        "dmean2": 0.0173870772123,
        "dvar": 0.000142080869409,
        "dvar2": 0.000366911845049,
        "max": 0.0966982096434,
        "mean": 0.0223547723144,
        "median": 0.0202337093651,
        "min": 0.00072958425153,
        "var": 0.000188157660887
    },
    "spectral_energyband_middle_high": {
        "dmean": 0.00172983715311,
        "dmean2": 0.00248745433055,
        "dvar": 6.63186301608e-06,
        "dvar2": 1.36532362376e-05,
        "max": 0.0555167943239,
        "mean": 0.00389670510776,
        "median": 0.0023147938773,
        "min": 4.22309176429e-06,
        "var": 2.43059657805e-05
    },
    "spectral_energyband_middle_low": {
        "dmean": 0.00814599264413,
        "dmean2": 0.0131935002282,
        "dvar": 0.000155828951392,
        "dvar2": 0.000406911305618,
        "max": 0.159404888749,
        "mean": 0.013965007849,
        "median": 0.0103117376566,
        "min": 9.48669476202e-05,
        "var": 0.000211318954825
    },
    "spectral_entropy": {
        "dmean": 0.220095321536,
        "dmean2": 0.330310642719,
        "dvar": 0.049898982048,
        "dvar2": 0.113201513886,
        "max": 8.82023239136,
        "mean": 7.83351707458,
        "median": 7.85513782501,
        "min": 5.94329357147,
        "var": 0.125987142324
    },
    "spectral_flux": {
        "dmean": 0.0352583006024,
        "dmean2": 0.0571363940835,
        "dvar": 0.00154583691619,
        "dvar2": 0.00363956810907,
        "max": 0.371267735958,
        "mean": 0.104299597442,
        "median": 0.095090188086,
        "min": 0.0141232870519,
        "var": 0.00264866510406
    },
    "spectral_kurtosis": {
        "dmean": 0.85010522604,
        "dmean2": 1.29159188271,
        "dvar": 0.871525704861,
        "dvar2": 1.92765140533,
        "max": 13.082529068,
        "mean": 1.9664427042,
        "median": 1.81751155853,
        "min": -1.29777848721,
        "var": 1.99465954304
    },
    "spectral_rms": {
        "dmean": 0.00119422818534,
        "dmean2": 0.00189484574366,
        "dvar": 1.52732275183e-06,
        "dvar2": 3.66627864423e-06,
        "max": 0.0129919638857,
        "mean": 0.00602411665022,
        "median": 0.00584960030392,
        "min": 0.001367185032,
        "var": 3.1473546187e-06
    },
    "spectral_rolloff": {
        "dmean": 480.079681396,
        "dmean2": 810.12310791,
        "dvar": 1292794.5,
        "dvar2": 2505619.25,
        "max": 10314.4042969,
        "mean": 943.811706543,
        "median": 473.73046875,
        "min": 64.599609375,
        "var": 2491728
    },
    "spectral_skewness": {
        "dmean": 0.204583540559,
        "dmean2": 0.301901161671,
        "dvar": 0.0397393293679,
        "dvar2": 0.0759302154183,
        "max": 3.07294416428,
        "mean": 1.29231595993,
        "median": 1.30245029926,
        "min": -0.242819517851,
        "var": 0.143280223012
    },
    "spectral_spread": {
        "dmean": 931386.75,
        "dmean2": 1342896.75,
        "dvar": 930212872192,
        "dvar2": 1.83685336269e+12,
        "max": 17256080,
        "mean": 6903315.5,
        "median": 6596408.5,
        "min": 3432154.25,
        "var": 2.44992180224e+12
    },
    "spectral_strongpeak": {
        "dmean": 0.286415576935,
        "dmean2": 0.499876648188,
        "dvar": 0.317844301462,
        "dvar2": 0.805225729942,
        "max": 7.04172563553,
        "mean": 0.453325718641,
        "median": 0.296317100525,
        "min": 0.023562785238,
        "var": 0.421290904284
    },
    "zerocrossingrate": {
        "dmean": 0.0153683880344,
        "dmean2": 0.0176450703293,
        "dvar": 0.000241673114942,
        "dvar2": 0.000292372773401,
        "max": 0.25244140625,
        "mean": 0.0584657303989,
        "median": 0.05029296875,
        "min": 0.00341796875,
        "var": 0.00135946681257
    },
    "barkbands": {
        "dmean": [0.000429066858487, 0.00743858888745, 0.00414658291265, 0.00247935345396, 0.0047344812192, 0.0012864532182, 0.00120817357674, 0.000569701951463, 0.00047417805763, 0.000441941403551, 0.000625257962383, 0.000329018861521, 0.000256966450252, 0.000259709137026, 0.00014268355153, 0.000167831618455, 0.000135379916173, 0.000143096593092, 0.000140591189847, 0.000139252864756, 0.000144785328303, 0.000180282950168, 0.000201787333935, 0.000282189343125, 0.00023533651256, 5.77058417548e-05, 4.2262325195e-08],
        "dmean2": [0.000741078809369, 0.0131237888709, 0.00688931532204, 0.00422361213714, 0.00811739917845, 0.00208569713868, 0.00196570809931, 0.000923228508327, 0.000756193592679, 0.000679767341353, 0.000947897904553, 0.000530610908754, 0.000403589889174, 0.000419419142418, 0.000218835586566, 0.000256918923697, 0.000223228911636, 0.000230248362641, 0.000218318338739, 0.00021905588801, 0.000215921754716, 0.000251770805335, 0.000284196226858, 0.000385515682865, 0.000334790849593, 8.46189941512e-05, 7.82158622314e-08],
        "dvar": [2.80648578155e-07, 4.53627653769e-05, 4.90780803375e-05, 1.7677048163e-05, 0.000105621853436, 3.89136675949e-06, 4.61236686533e-06, 1.090513706e-06, 1.13290013815e-06, 1.01322495993e-06, 3.68300379705e-06, 5.08108485064e-07, 3.52460375552e-07, 2.0875668838e-07, 6.47583533464e-08, 1.22840575045e-07, 3.80613691675e-08, 5.47522134298e-08, 4.51732198314e-08, 4.31557758418e-08, 5.14695734921e-08, 1.2837858776e-07, 1.75857451268e-07, 3.71306100533e-07, 1.99119440936e-07, 1.14265876761e-08, 4.44921944881e-14],
        "dvar2": [7.67142410041e-07, 0.000129441177705, 0.000117575102195, 4.2201285396e-05, 0.000295250851195, 9.55840914685e-06, 1.1075434486e-05, 2.66622782874e-06, 2.95328914035e-06, 1.89530567241e-06, 8.548677215e-06, 1.09992311081e-06, 6.21389290245e-07, 5.01826150412e-07, 1.40567507856e-07, 2.57247734226e-07, 9.35143518177e-08, 1.26413226553e-07, 1.04895008235e-07, 9.99989353545e-08, 1.12866075597e-07, 2.53803875694e-07, 3.2575664477e-07, 6.68974621476e-07, 3.64087782145e-07, 2.18754969694e-08, 1.21673626578e-13],
        "max": [0.00542880222201, 0.0540883094072, 0.0543479844928, 0.03966441378, 0.142338141799, 0.0380569472909, 0.027316885069, 0.012065442279, 0.0147535568103, 0.0179765708745, 0.0477167293429, 0.0133244916797, 0.0175871811807, 0.00675748521462, 0.00525622628629, 0.00463097495958, 0.0019744746387, 0.00325757847168, 0.00229220697656, 0.00259803212248, 0.00285197095945, 0.00575965642929, 0.00603658240288, 0.0115295629948, 0.00671756593511, 0.00194734951947, 2.88528713099e-06],
        "mean": [0.000977992545813, 0.0144346375018, 0.00547819864005, 0.00275276647881, 0.00555976107717, 0.00186983228195, 0.00203415122814, 0.000840358086862, 0.000706974067725, 0.000644639483653, 0.000932226481382, 0.000487670302391, 0.000406186882174, 0.00036135953269, 0.000193996034795, 0.00025262881536, 0.000183219613973, 0.000201677525183, 0.000204005817068, 0.000218189248699, 0.000223339404329, 0.000275981961749, 0.00031909396057, 0.000450666673714, 0.000334256154019, 7.95265950728e-05, 2.66034838603e-08],
        "median": [0.000790642283391, 0.0135178575292, 0.00258105644025, 0.0011620640289, 0.00274608214386, 0.000910742324777, 0.000946177751757, 0.000303723325487, 0.000248098076554, 0.000163878125022, 0.000215821273741, 0.000199621732463, 0.000143711760757, 0.000146894337377, 8.92678799573e-05, 9.47785447352e-05, 9.90716725937e-05, 9.77144300123e-05, 9.42087499425e-05, 0.000107317195216, 0.000116416224046, 0.000108125444967, 0.000105459657789, 0.000142639604746, 0.000121270408272, 2.62002249656e-05, 8.52068748891e-10],
        "min": [4.83983285449e-07, 5.27082229382e-05, 1.30693661049e-05, 5.77775426791e-06, 1.08213462227e-05, 3.56871919394e-06, 3.33232861749e-07, 1.46235720422e-07, 1.65851119505e-07, 2.36221794125e-07, 1.83326690717e-07, 1.85140123676e-07, 2.13565641616e-07, 7.82080675776e-08, 9.34181372259e-08, 2.17156340909e-07, 6.81657468249e-08, 1.80169791975e-07, 1.49711567587e-07, 2.5846020435e-07, 4.37127113173e-07, 6.01289400493e-07, 4.09804954415e-07, 4.03556498441e-07, 3.66942913388e-07, 1.94480307414e-08, 9.5139547282e-12],
        "var": [6.15775093138e-07, 6.71688831062e-05, 6.10056813457e-05, 1.80967053893e-05, 8.55727266753e-05, 8.28765678307e-06, 9.24895721255e-06, 1.98205907509e-06, 1.77996957973e-06, 2.07034418054e-06, 7.05114825905e-06, 8.45586328069e-07, 1.00083082089e-06, 3.7858626456e-07, 9.98353755222e-08, 2.25546514798e-07, 5.41714868518e-08, 8.82298110128e-08, 8.2372210386e-08, 8.13263696386e-08, 9.85823618294e-08, 2.63618687768e-07, 4.04136415e-07, 8.76352828527e-07, 3.88108617244e-07, 2.08016821546e-08, 2.84405576075e-14]
    },
    "erbbands": {
        "dmean": [0.266570746899, 1.59996581078, 4.03393363953, 6.76564979553, 13.8916940689, 16.4985904694, 10.4368457794, 9.76424121857, 15.5853691101, 18.5820732117, 11.3394050598, 10.03211689, 13.919216156, 10.8865385056, 24.8428936005, 12.3043737411, 12.4659347534, 13.0819597244, 8.84381389618, 8.74026298523, 7.92370557785, 7.91304683685, 7.55359601974, 6.79547834396, 7.36529254913, 6.39763689041, 6.00186681747, 5.85260725021, 6.24583959579, 5.90593290329, 6.19957780838, 5.22893857956, 5.41913461685, 3.26829767227, 1.40001249313, 0.40102738142, 0.0821591764688, 0.0066600474529, 0.000143987679621, 2.66292827291e-05],
        "dmean2": [0.470826506615, 2.78734755516, 6.87571716309, 11.0787620544, 24.1748104095, 28.1541748047, 17.2735767365, 15.903260231, 24.917514801, 30.3494586945, 18.1158256531, 15.7203445435, 21.0577049255, 16.6440963745, 37.7689170837, 19.3967151642, 19.1048374176, 20.8678894043, 13.6142902374, 13.557510376, 11.9827747345, 12.8780708313, 12.074640274, 10.5374307632, 11.5067329407, 10.1582717896, 9.09577846527, 8.67349243164, 8.63642215729, 8.39171791077, 8.83923435211, 6.96002006531, 7.78530454636, 4.67550420761, 2.05587244034, 0.576812028885, 0.122937627137, 0.0103906663135, 0.00021333656332, 3.94940652768e-05],
        "dvar": [0.0582216233015, 2.66729879379, 47.5298423767, 130.59967041, 774.595397949, 1300.05200195, 173.185287476, 277.720062256, 1055.52734375, 1333.734375, 511.216003418, 538.833618164, 909.202880859, 495.71005249, 5714.19287109, 785.263671875, 969.900085449, 529.046020508, 383.514862061, 233.909484863, 214.742553711, 130.920318604, 145.782531738, 117.691902161, 142.662109375, 87.7237243652, 82.1996688843, 109.410736084, 163.848098755, 118.691368103, 175.10194397, 159.35508728, 129.845504761, 41.4529151917, 8.42625999451, 0.583495855331, 0.022779898718, 0.000201177317649, 7.18763573104e-08, 1.05367825576e-09],
        "dvar2": [0.168732330203, 7.68208312988, 121.907051086, 290.884735107, 2138.76489258, 3641.45581055, 443.068786621, 679.416381836, 2461.53417969, 3125.88964844, 1192.09802246, 1354.87304688, 1850.23901367, 1026.98046875, 13208.7871094, 1620.33117676, 1590.46704102, 1248.77172852, 791.045043945, 538.96697998, 479.326263428, 321.853881836, 335.854217529, 266.16204834, 334.360351562, 207.012786865, 189.09942627, 223.663894653, 309.957580566, 233.646209717, 342.314575195, 246.725311279, 271.343353271, 77.9683532715, 17.4383277893, 1.08827877045, 0.044901818037, 0.00047194873332, 1.55437831495e-07, 2.29349250702e-09],
        "max": [1.72254776955, 14.2152242661, 52.7987060547, 104.856460571, 329.965393066, 525.558349609, 173.253692627, 287.505004883, 504.717468262, 586.753051758, 470.324279785, 339.963012695, 500.363616943, 324.640838623, 1912.6685791, 504.25100708, 984.073181152, 386.368225098, 523.447570801, 184.066818237, 196.752365112, 107.932495117, 145.036392212, 120.999488831, 167.476516724, 124.230293274, 129.419219971, 160.259033203, 218.647018433, 160.125717163, 203.808334351, 256.927520752, 212.39881897, 101.602142334, 56.0979652405, 13.7718887329, 2.01874232292, 0.19101755321, 0.00350706279278, 0.000333688542014],
        "mean": [0.57767355442, 2.62182307243, 5.61348009109, 8.86295127869, 14.1038284302, 20.4754524231, 14.4528064728, 15.1404600143, 24.8210506439, 29.8511390686, 17.4372577667, 15.3100833893, 22.0393409729, 18.5604324341, 37.4517326355, 19.9966239929, 20.4588661194, 19.3768291473, 12.5812635422, 12.7392492294, 11.781255722, 11.1643924713, 10.740904808, 10.4045391083, 11.1000509262, 10.0400590897, 8.9961605072, 9.24365520477, 9.53104114532, 9.17847824097, 9.50357818604, 8.68608951569, 7.92907476425, 4.6277089119, 1.90343999863, 0.550673484802, 0.113658376038, 0.00794933270663, 0.000205472417292, 6.24933527433e-05],
        "median": [0.537352621555, 2.37387609482, 3.35624170303, 4.20302534103, 5.47088718414, 9.76796531677, 9.39103126526, 6.0850982666, 9.57985115051, 10.8533344269, 6.91248703003, 5.23289442062, 6.8399143219, 6.18866968155, 10.6241998672, 8.37469863892, 7.67841148376, 7.87526941299, 5.8909778595, 5.63371658325, 5.29160308838, 6.10703372955, 5.48815393448, 4.95196819305, 4.96477651596, 5.06732225418, 4.87446117401, 4.31755304337, 3.73585677147, 3.58455133438, 3.0039088726, 2.70853805542, 2.46097016335, 1.72549235821, 0.663899064064, 0.180288776755, 0.0373090840876, 0.00208098138683, 7.56023946451e-05, 4.88031801069e-05],
        "min": [0.00220964546315, 0.00741748232394, 0.0623934417963, 0.0341238081455, 0.0688441693783, 0.0450709052384, 0.0251011010259, 0.0233504083008, 0.0163653362542, 0.00799980107695, 0.00376440910622, 0.00490121822804, 0.0137237999588, 0.010185752064, 0.0084937736392, 0.00861418899149, 0.0101621225476, 0.00551818590611, 0.00439958740026, 0.0107103120536, 0.0141030922532, 0.00801386684179, 0.0130961760879, 0.00890165008605, 0.00816184002906, 0.0115492232144, 0.0117454268038, 0.0189576167613, 0.0191513039172, 0.0153281306848, 0.00948586780578, 0.0105871837586, 0.00475521991029, 0.00647727027535, 0.00146619987208, 0.000508651253767, 2.38030115725e-05, 1.37019958402e-06, 3.10554764837e-06, 2.97440874419e-06],
        "var": [0.118990600109, 3.09018087387, 51.1728897095, 157.921051025, 618.353759766, 1097.91467285, 291.650726318, 611.133239746, 2181.12670898, 2286.47900391, 974.274963379, 925.181762695, 1933.01977539, 1173.49414062, 10556.5029297, 1432.59118652, 2899.8203125, 1010.43572998, 645.648193359, 390.632476807, 350.928375244, 195.368301392, 229.154632568, 203.283950806, 263.242462158, 162.531677246, 142.999404907, 218.651901245, 339.636657715, 262.289672852, 383.591674805, 420.517456055, 230.834075928, 82.6068649292, 12.9161157608, 1.04093706608, 0.0439872257411, 0.000272765639238, 1.19410188404e-07, 2.18895301884e-09]
    },
    "gfcc": {
        "mean": [21.4712963104, 78.4596710205, -78.653755188, 52.7682952881, -60.3213577271, 35.4690322876, -40.1876144409, 17.8546562195, -27.2809295654, 8.11777019501, -12.0759811401, 3.22893977165, -6.62620925903],
        "cov": [[5043.84228516, -275.732421875, -1144.89978027, -694.945068359, -500.486022949, -359.751739502, -382.434997559, -101.258476257, -177.547531128, 130.642105103, -128.343551636, 23.4408893585, -350.863220215], [-275.732421875, 675.249145508, -193.317016602, -223.643264771, 46.1867828369, -76.8098297119, 90.686126709, -5.14737272263, 3.26802325249, -31.5228805542, 65.948135376, -20.6921234131, 38.8241233826], [-1144.89978027, -193.317016602, 602.41595459, 321.951629639, 99.8449478149, 124.643493652, 34.7470626831, 22.2586135864, 55.1706428528, -23.3203620911, -14.0969362259, -0.515077114105, 78.6377182007], [-694.945068359, -223.643264771, 321.951629639, 402.490722656, 112.655097961, 53.1237182617, -16.5530395508, -5.9115319252, 59.5448112488, -18.3388729095, -10.2345027924, -5.86773920059, 60.8239898682], [-500.486022949, 46.1867828369, 99.8449478149, 112.655097961, 193.443008423, 53.2332572937, 37.8743209839, -0.0281500145793, 1.4297426939, -22.762336731, -6.08910512924, -7.19452047348, 29.7077636719], [-359.751739502, -76.8098297119, 124.643493652, 53.1237182617, 53.2332572937, 158.847808838, 85.9776077271, 15.2310533524, -12.9371881485, -32.4458351135, -3.04842329025, -13.5897064209, 24.6245574951], [-382.434997559, 90.686126709, 34.7470626831, -16.5530395508, 37.8743209839, 85.9776077271, 163.672851562, 43.4000816345, 0.0289621166885, -34.1950759888, 12.0084190369, -0.826986610889, 24.7585525513], [-101.258476257, -5.14737272263, 22.2586135864, -5.9115319252, -0.0281500145793, 15.2310533524, 43.4000816345, 69.9936599731, 26.2183418274, -2.83728265762, -1.58530771732, 1.32484555244, 14.2124233246], [-177.547531128, 3.26802325249, 55.1706428528, 59.5448112488, 1.4297426939, -12.9371881485, 0.0289621166885, 26.2183418274, 88.2836990356, 33.7171554565, 17.1856307983, 6.77822971344, 15.617562294], [130.642105103, -31.5228805542, -23.3203620911, -18.3388729095, -22.762336731, -32.4458351135, -34.1950759888, -2.83728265762, 33.7171554565, 83.8005371094, 22.8086929321, 17.9260368347, -13.5615720749], [-128.343551636, 65.948135376, -14.0969362259, -10.2345027924, -6.08910512924, -3.04842329025, 12.0084190369, -1.58530771732, 17.1856307983, 22.8086929321, 71.0777664185, 22.9292507172, 13.9720411301], [23.4408893585, -20.6921234131, -0.515077114105, -5.86773920059, -7.19452047348, -13.5897064209, -0.826986610889, 1.32484555244, 6.77822971344, 17.9260368347, 22.9292507172, 60.8096046448, 14.1307792664], [-350.863220215, 38.8241233826, 78.6377182007, 60.8239898682, 29.7077636719, 24.6245574951, 24.7585525513, 14.2124233246, 15.617562294, -13.5615720749, 13.9720411301, 14.1307792664, 77.9012069702]],
        "icov": [[0.000831532641314, 0.000102274243545, 0.00121286360081, -2.7406067602e-05, 0.0010793301044, -0.000333090079948, 0.00119098392315, -0.000376419659005, 0.000665254076011, -0.000492199091241, 0.00154741993174, -0.00107880192809, 0.00157421443146], [0.000102274243545, 0.00581635953858, -0.000270128395641, 0.00517757516354, -0.00357815925963, 0.00611448707059, -0.00408084783703, 0.0046923100017, -0.00382673833519, 0.00384718575515, -0.00487221637741, 0.00551993958652, -0.00502582639456], [0.00121286360081, -0.000270128395641, 0.00532573834062, -0.00275695300661, 0.00206643925048, -0.00303990487009, 0.00231118453667, -0.00144666386768, 0.000647620530799, -0.00124740717001, 0.00347657129169, -0.00253125256859, 0.00156467990018], [-2.7406067602e-05, 0.00517757516354, -0.00275695300661, 0.0105391861871, -0.00537116266787, 0.00522696552798, -0.00205521425232, 0.00619485415518, -0.00719464663416, 0.00536281429231, -0.00413903594017, 0.00533011136577, -0.00607909075916], [0.0010793301044, -0.00357815925963, 0.00206643925048, -0.00537116266787, 0.010698097758, -0.0051807560958, 0.0027047584299, -0.00274455384351, 0.00424796389416, -0.00330760935321, 0.00574962282553, -0.00460192700848, 0.00432734424248], [-0.000333090079948, 0.00611448707059, -0.00303990487009, 0.00522696552798, -0.0051807560958, 0.0184586104006, -0.0106266653165, 0.00556817604229, -0.00116288138088, 0.00396241853014, -0.00640489021316, 0.00884190946817, -0.00658976892009], [0.00119098392315, -0.00408084783703, 0.00231118453667, -0.00205521425232, 0.0027047584299, -0.0106266653165, 0.0169326104224, -0.00950291287154, 0.0024321754463, 0.000494073377922, 0.00305949756876, -0.0065110665746, 0.00558014027774], [-0.000376419659005, 0.0046923100017, -0.00144666386768, 0.00619485415518, -0.00274455384351, 0.00556817604229, -0.00950291287154, 0.0256287399679, -0.0115054398775, 0.00440510595217, -0.000913684489205, 0.00460197357461, -0.00737682776526], [0.000665254076011, -0.00382673833519, 0.000647620530799, -0.00719464663416, 0.00424796389416, -0.00116288138088, 0.0024321754463, -0.0115054398775, 0.0242250971496, -0.0117174889892, 0.00150042283349, -0.00227348390035, 0.00318764289841], [-0.000492199091241, 0.00384718575515, -0.00124740717001, 0.00536281429231, -0.00330760935321, 0.00396241853014, 0.000494073377922, 0.00440510595217, -0.0117174889892, 0.0229376405478, -0.00860285945237, 0.000238870328758, -0.00017214663967], [0.00154741993174, -0.00487221637741, 0.00347657129169, -0.00413903594017, 0.00574962282553, -0.00640489021316, 0.00305949756876, -0.000913684489205, 0.00150042283349, -0.00860285945237, 0.0266501549631, -0.0118582267314, 0.00371892866679], [-0.00107880192809, 0.00551993958652, -0.00253125256859, 0.00533011136577, -0.00460192700848, 0.00884190946817, -0.0065110665746, 0.00460197357461, -0.00227348390035, 0.000238870328758, -0.0118582267314, 0.027787944302, -0.0114429173991], [0.00157421443146, -0.00502582639456, 0.00156467990018, -0.00607909075916, 0.00432734424248, -0.00658976892009, 0.00558014027774, -0.00737682776526, 0.00318764289841, -0.00017214663967, 0.00371892866679, -0.0114429173991, 0.026343472302]]
    },
    "melbands": {
        "dmean": [0.00217856187373, 0.00188836210873, 0.00129634258337, 0.00122386356816, 0.000378757831641, 0.000234750448726, 0.000222689341172, 0.000183922718861, 9.40811587498e-05, 6.18473568466e-05, 7.2253315011e-05, 4.45379082521e-05, 9.67631785898e-05, 3.15312936436e-05, 4.02124060201e-05, 2.52158642979e-05, 2.46382314799e-05, 1.64093180501e-05, 1.01864889075e-05, 1.32935856527e-05, 8.6374775492e-06, 8.57261420606e-06, 6.91502054906e-06, 7.68558857089e-06, 5.51254606762e-06, 6.02549380346e-06, 5.42668431081e-06, 4.23117808168e-06, 4.15416889155e-06, 3.33162893185e-06, 3.63707226825e-06, 3.65536470781e-06, 3.73950842913e-06, 3.24756183545e-06, 3.79263610739e-06, 3.40094106832e-06, 3.26401095663e-06, 4.16218063037e-06, 3.24719235323e-06, 2.79814321402e-06],
        "dmean2": [0.00386878661811, 0.00323580694385, 0.00212743761949, 0.0021132233087, 0.000625938817393, 0.000379031902412, 0.000359862984624, 0.000296489975881, 0.000150314546772, 9.71549161477e-05, 0.000109728905954, 6.83850594214e-05, 0.000147275190102, 5.13370214321e-05, 6.18235135335e-05, 3.97738622269e-05, 4.02192636102e-05, 2.57531191892e-05, 1.61386451509e-05, 2.06058157346e-05, 1.33242019729e-05, 1.41128266478e-05, 1.13109736049e-05, 1.25031256175e-05, 8.63884179125e-06, 9.56477288128e-06, 8.55510916153e-06, 6.87247302267e-06, 6.45039517622e-06, 5.16369073011e-06, 5.41466988579e-06, 5.17463058713e-06, 5.57217117603e-06, 4.71345765618e-06, 5.65871323488e-06, 4.75797287436e-06, 4.56875341115e-06, 6.18703188593e-06, 4.71560952064e-06, 4.14309488406e-06],
        "dvar": [3.64054540114e-06, 8.70486655913e-06, 4.29057990914e-06, 7.39690131013e-06, 2.62443450083e-07, 1.49677632066e-07, 1.87131632856e-07, 1.25559338926e-07, 4.3506862113e-08, 1.85480679704e-08, 2.47292319955e-08, 8.53579518179e-09, 9.72638716235e-08, 3.64670094122e-09, 9.00343533061e-09, 3.12583181561e-09, 2.0102988163e-09, 1.53677892634e-09, 2.57385557312e-10, 9.48915834798e-10, 2.39754938125e-10, 1.50888773698e-10, 1.20638776746e-10, 1.79937925671e-10, 8.17815190568e-11, 9.61577067971e-11, 9.56458245938e-11, 4.39665352736e-11, 4.1240618559e-11, 2.93420947262e-11, 5.53648620005e-11, 6.18125897689e-11, 6.23557802615e-11, 3.59709102782e-11, 6.75495076541e-11, 6.70321714802e-11, 6.64518232107e-11, 8.08002553754e-11, 4.30123124617e-11, 3.25504137533e-11],
        "dvar2": [1.03860793388e-05, 2.25167805183e-05, 1.0104267858e-05, 2.06878430618e-05, 6.72070314067e-07, 3.63191645647e-07, 4.41636615278e-07, 2.9473557106e-07, 1.00582070672e-07, 4.63472602519e-08, 4.94471201762e-08, 1.65940310382e-08, 2.26759979682e-07, 8.92321061485e-09, 1.92438047719e-08, 5.5576436786e-09, 4.89791274205e-09, 3.22165116806e-09, 6.0313409822e-10, 2.0279717905e-09, 5.72017544442e-10, 3.7502523309e-10, 2.96722951765e-10, 4.30652735695e-10, 1.89789253757e-10, 2.299739843e-10, 2.34426422718e-10, 1.08702526147e-10, 9.35854588269e-11, 7.08221259416e-11, 1.16169969477e-10, 1.16056740607e-10, 1.44426470783e-10, 6.68479785415e-11, 1.37614003526e-10, 1.2531356508e-10, 1.05060453393e-10, 1.77631562237e-10, 8.62281912539e-11, 6.47639997187e-11],
        "max": [0.0134023567662, 0.02328456752, 0.0174947883934, 0.0378401055932, 0.00505242776126, 0.00671007391065, 0.00643992982805, 0.00547823449597, 0.00480521237478, 0.00199778727256, 0.00267617078498, 0.00116658129264, 0.00787507463247, 0.00082090694923, 0.00189079286065, 0.00153067521751, 0.000694023619872, 0.00104731519241, 0.000147348007886, 0.000433206587331, 0.00023247419449, 0.000112677269499, 0.000132082233904, 0.0001922861411, 0.000105523977254, 9.63968996075e-05, 0.000142528500874, 0.000101722769614, 7.4809518992e-05, 7.86163582234e-05, 0.000133569628815, 0.000138061674079, 0.000127926832647, 9.94507281575e-05, 0.000129468724481, 0.000120738746773, 0.00016372151731, 0.000167986829183, 9.11124152481e-05, 9.10715607461e-05],
        "mean": [0.00448907632381, 0.00313243479468, 0.001655869768, 0.00135969836265, 0.000578563543968, 0.000369472254533, 0.000365304847946, 0.000288463430479, 0.000135373717058, 9.34278359637e-05, 0.00011196124251, 7.08818479325e-05, 0.000142243065056, 5.07286531501e-05, 5.64821821172e-05, 4.13352972828e-05, 3.43408210028e-05, 2.16778553295e-05, 1.34034471557e-05, 2.01148468477e-05, 1.19052674563e-05, 1.15723214549e-05, 9.1563033493e-06, 1.04143155113e-05, 7.97576558398e-06, 8.3763306975e-06, 7.88066608948e-06, 6.26351538813e-06, 5.89531418882e-06, 4.85746795675e-06, 5.49380774828e-06, 5.36386369276e-06, 5.29564658791e-06, 4.97518294651e-06, 5.53454765395e-06, 5.2207437875e-06, 5.27590555066e-06, 5.84583858654e-06, 4.54014798379e-06, 3.74267415282e-06],
        "median": [0.00419997191057, 0.00239079305902, 0.000812437385321, 0.000657715951093, 0.000375981937395, 0.000156724170665, 0.000156917390996, 9.99530457193e-05, 4.54397886642e-05, 3.0489589335e-05, 3.29540671373e-05, 2.24005434575e-05, 3.48092871718e-05, 1.87261066458e-05, 1.99128862732e-05, 1.36084099722e-05, 1.37812867251e-05, 8.81247342477e-06, 6.30424756309e-06, 6.7680207394e-06, 5.55443057237e-06, 5.7527286117e-06, 4.65382709081e-06, 4.97033670399e-06, 3.56716032002e-06, 3.61518300451e-06, 3.33798107022e-06, 3.20400545206e-06, 3.06620768242e-06, 2.41878410634e-06, 2.3709828838e-06, 2.0495579065e-06, 2.01800457944e-06, 1.82823157502e-06, 1.77296976744e-06, 1.55898919729e-06, 1.55106920374e-06, 1.77520610123e-06, 1.5666003037e-06, 1.37059726057e-06],
        "min": [1.9314522433e-05, 7.21897667972e-05, 6.91223704052e-06, 2.69657789431e-06, 1.96790142581e-06, 6.07106642292e-07, 1.29505664859e-07, 7.4500498215e-08, 2.74156839453e-08, 2.34232917506e-08, 5.94846980562e-08, 3.42073889215e-08, 2.56757317629e-08, 1.77730541395e-08, 1.87521624895e-08, 1.79923045351e-08, 7.57519380556e-09, 6.10287731462e-09, 7.99027688458e-09, 1.4069507337e-08, 1.59226924978e-08, 4.0833785242e-09, 1.26333628003e-08, 7.67451346917e-09, 6.99766289358e-09, 5.48213829887e-09, 6.37320596297e-09, 7.35861815926e-09, 6.37177999252e-09, 1.02698249904e-08, 8.24065349292e-09, 1.2120215942e-08, 7.43865546937e-09, 8.42256309141e-09, 4.17481427206e-09, 1.41325473546e-09, 2.06092348048e-11, 3.0191471545e-09, 2.5180577623e-09, 5.2792419325e-09],
