{
"highlevel": {
    "danceability": {
        "all": {
            "danceable": 0.866783022881,
            "not_danceable": 0.133216962218
        },
        "probability": 0.866783022881,
        "value": "danceable"
    },
    "gender": {
        "all": {
            "female": 0.416667938232,
            "male": 0.583332061768
        },
        "probability": 0.583332061768,
        "value": "male"
    },
    "genre_dortmund": {
        "all": {
            "alternative": 0.0345547609031,
            "blues": 0.343514591455,
            "electronic": 0.00521561177447,
            "folkcountry": 0.0783804431558,
            "funksoulrnb": 0.0404292009771,
            "jazz": 0.285872966051,
            "pop": 0.137546524405,
            "raphiphop": 0.00629323208705,
            "rock": 0.068192653358
        },
        "probability": 0.343514591455,
        "value": "blues"
    },
    "genre_electronic": {
        "all": {
            "ambient": 0.20232334733,
            "dnb": 0.233979195356,
            "house": 0.483867526054,
            "techno": 0.0161536950618,
            "trance": 0.0636762455106
        },
        "probability": 0.483867526054,
        "value": "house"
    },
    "genre_rosamerica": {
        "all": {
            "cla": 0.00651742471382,
            "dan": 0.0208823978901,
            "hip": 0.0269001815468,
            "jaz": 0.0180629212409,
            "pop": 0.571049869061,
            "rhy": 0.265379279852,
            "roc": 0.0857592001557,
            "spe": 0.0054487278685
        },
        "probability": 0.571049869061,
        "value": "pop"
    },
    "genre_tzanetakis": {
        "all": {
            "blu": 0.0626613423228,
            "cla": 0.0348169617355,
            "cou": 0.104475811124,
            "dis": 0.0784321576357,
            "hip": 0.15692435205,
            "jaz": 0.313974827528,
            "met": 0.0448166541755,
            "pop": 0.0627359300852,
            "reg": 0.0627360641956,
            "roc": 0.0784258767962
        },
        "probability": 0.313974827528,
        "value": "jaz"
    },
    "ismir04_rhythm": {
        "all": {
            "ChaChaCha": 0.343684017658,
            "Jive": 0.0631567761302,
            "Quickstep": 0.075412966311,
            "Rumba-American": 0.0311623811722,
            "Rumba-International": 0.0494132637978,
            "Rumba-Misc": 0.0256477091461,
            "Samba": 0.222794413567,
            "Tango": 0.033246640116,
            "VienneseWaltz": 0.133805692196,
            "Waltz": 0.0216761492193
        },
        "probability": 0.343684017658,
        "value": "ChaChaCha"
    },
    "mood_acoustic": {
        "all": {
            "acoustic": 0.347259491682,
            "not_acoustic": 0.65274053812
        },
        "probability": 0.65274053812,
        "value": "not_acoustic"
    },
    "mood_aggressive": {
        "all": {
            "aggressive": 0.30433550477,
            "not_aggressive": 0.695664525032
        },
        "probability": 0.695664525032,
        "value": "not_aggressive"
    },
    "mood_electronic": {
        "all": {
            "electronic": 0.0280858315527,
            "not_electronic": 0.971914172173
        },
        "probability": 0.971914172173,
        "value": "not_electronic"
    },
    "mood_happy": {
        "all": {
            "happy": 0.725697517395,
            "not_happy": 0.274302512407
        },
        "probability": 0.725697517395,
        "value": "happy"
    },
    "mood_party": {
        "all": {
            "not_party": 0.573327362537,
            "party": 0.426672637463
        },
        "probability": 0.573327362537,
        "value": "not_party"
    },
    "mood_relaxed": {
        "all": {
            "not_relaxed": 0.919396042824,
            "relaxed": 0.0806039497256
        },
        "probability": 0.919396042824,
        "value": "not_relaxed"
    },
    "mood_sad": {
        "all": {
            "not_sad": 0.37977591157,
            "sad": 0.620224118233
        },
        "probability": 0.620224118233,
        "value": "sad"
    },
    "moods_mirex": {
        "all": {
            "Cluster1": 0.0972744822502,
            "Cluster2": 0.505749821663,
            "Cluster3": 0.153411209583,
            "Cluster4": 0.225819289684,
            "Cluster5": 0.0177452228963
        },
        "probability": 0.505749821663,
        "value": "Cluster2"
    },
    "timbre": {
        "all": {
            "bright": 0.995988547802,
            "dark": 0.0040114284493
        },
        "probability": 0.995988547802,
        "value": "bright"
    },
    "tonal_atonal": {
        "all": {
            "atonal": 0.085257537663,
            "tonal": 0.914742469788
        },
        "probability": 0.914742469788,
        "value": "tonal"
    },
    "voice_instrumental": {
        "all": {
            "instrumental": 0.0221350323409,
            "voice": 0.977864980698
        },
        "probability": 0.977864980698,
        "value": "voice"
    }
},
"lowlevel": {
    "average_loudness": 0.973273456097,
    "barkbands_crest": {
        "dmean": 2.32057547569,
        "dmean2": 3.6662364006,
        "dvar": 5.99006843567,
        "dvar2": 13.7681274414,
        "max": 24.1940784454,
        "mean": 11.1685447693,
        "median": 10.5625543594,
        "min": 2.52742624283,
        "var": 20.3345584869
    },
    "barkbands_flatness_db": {
        "dmean": 0.0296918991953,
        "dmean2": 0.043452065438,
        "dvar": 0.0009026696207,
        "dvar2": 0.00171096390113,
        "max": 0.422790914774,
        "mean": 0.173694163561,
        "median": 0.167597278953,
        "min": 0.0620576478541,
        "var": 0.00369361648336
    },
    "barkbands_kurtosis": {
        "dmean": 4.30121564865,
        "dmean2": 6.63680028915,
        "dvar": 172.160186768,
        "dvar2": 350.569091797,
        "max": 348.482849121,
        "mean": 6.20471286774,
        "median": 0.329174280167,
        "min": -1.9713767767,
        "var": 420.503997803
    },
    "barkbands_skewness": {
        "dmean": 0.660238802433,
        "dmean2": 1.01230800152,
        "dvar": 0.847354769707,
        "dvar2": 1.84202682972,
        "max": 16.4565467834,
        "mean": 1.44544231892,
        "median": 0.893808066845,
        "min": -3.28300619125,
        "var": 3.36524605751
    },
    "barkbands_spread": {
        "dmean": 8.47565937042,
        "dmean2": 13.4376392365,
        "dvar": 113.964538574,
        "dvar2": 264.150909424,
        "max": 96.2648468018,
        "mean": 26.6163196564,
        "median": 26.2595405579,
        "min": 0.509577214718,
        "var": 255.223297119
    },
    "dissonance": {
        "dmean": 0.0217955522239,
        "dmean2": 0.0358623713255,
        "dvar": 0.000452269945526,
        "dvar2": 0.00121046660934,
        "max": 0.499809831381,
        "mean": 0.454902112484,
        "median": 0.461150288582,
        "min": 0.270973086357,
        "var": 0.000867350958288
    },
    "dynamic_complexity": 2.11132955551,
    "erbbands_crest": {
        "dmean": 2.87856531143,
        "dmean2": 4.57090187073,
        "dvar": 8.27460861206,
        "dvar2": 18.8849754333,
        "max": 30.1736660004,
        "mean": 10.7543725967,
        "median": 8.94925880432,
        "min": 2.63316631317,
        "var": 34.8638687134
    },
    "erbbands_flatness_db": {
        "dmean": 0.0283447336406,
        "dmean2": 0.0416104309261,
        "dvar": 0.000699760043062,
        "dvar2": 0.0013866792433,
        "max": 0.330990791321,
        "mean": 0.172881484032,
        "median": 0.17173525691,
        "min": 0.0668558999896,
        "var": 0.00225664349273
    },
    "erbbands_kurtosis": {
        "dmean": 1.20522427559,
        "dmean2": 1.84358942509,
        "dvar": 3.32510948181,
        "dvar2": 7.30873346329,
        "max": 30.4028663635,
        "mean": 0.904835939407,
        "median": 0.0296423435211,
        "min": -1.85864377022,
        "var": 8.13349723816
    },
    "erbbands_skewness": {
        "dmean": 0.426669895649,
        "dmean2": 0.642180025578,
        "dvar": 0.184065759182,
        "dvar2": 0.395218729973,
        "max": 3.78829932213,
        "mean": 0.0888919606805,
        "median": 0.0664429664612,
        "min": -3.85844540596,
        "var": 0.756239235401
    },
    "erbbands_spread": {
        "dmean": 11.7332143784,
        "dmean2": 18.362575531,
        "dvar": 204.397079468,
        "dvar2": 455.33883667,
        "max": 187.381088257,
        "mean": 39.8759803772,
        "median": 34.8880767822,
        "min": 3.85279774666,
        "var": 574.788024902
    },
    "hfc": {
        "dmean": 11.3093156815,
        "dmean2": 18.16289711,
        "dvar": 204.521621704,
        "dvar2": 510.540863037,
        "max": 183.473937988,
        "mean": 28.3276233673,
        "median": 27.2197151184,
        "min": 0.243221223354,
        "var": 468.231811523
    },
    "melbands_crest": {
        "dmean": 2.7282743454,
        "dmean2": 4.22387695312,
        "dvar": 8.73078250885,
        "dvar2": 19.5566082001,
        "max": 31.2049026489,
        "mean": 16.7399692535,
        "median": 16.5270843506,
        "min": 3.33763766289,
        "var": 33.7296333313
    },
    "melbands_flatness_db": {
        "dmean": 0.0352149419487,
        "dmean2": 0.0519114397466,
        "dvar": 0.00148063339293,
        "dvar2": 0.00291194370948,
        "max": 0.506225407124,
        "mean": 0.203383862972,
        "median": 0.194496527314,
        "min": 0.0357872135937,
        "var": 0.006960763596
    },
    "melbands_kurtosis": {
        "dmean": 10.1109056473,
        "dmean2": 16.3624134064,
        "dvar": 526.215515137,
        "dvar2": 1270.51782227,
        "max": 385.839447021,
        "mean": 18.1620616913,
        "median": 4.85688877106,
        "min": -1.78062045574,
        "var": 1177.18566895
    },
    "melbands_skewness": {
        "dmean": 0.88376969099,
        "dmean2": 1.36781156063,
        "dvar": 1.29692447186,
        "dvar2": 2.88383078575,
        "max": 13.5491409302,
        "mean": 2.74986624718,
        "median": 2.0584757328,
        "min": -1.52143275738,
        "var": 5.2392911911
    },
    "melbands_spread": {
        "dmean": 9.82610797882,
        "dmean2": 15.4555578232,
        "dvar": 226.732925415,
        "dvar2": 488.675598145,
        "max": 231.975097656,
        "mean": 31.2311687469,
        "median": 28.4376144409,
        "min": 0.472149580717,
        "var": 619.758728027
    },
    "pitch_salience": {
        "dmean": 0.0690912827849,
        "dmean2": 0.109097614884,
        "dvar": 0.00521106040105,
        "dvar2": 0.0125053739175,
        "max": 0.797561705112,
        "mean": 0.459277570248,
        "median": 0.447326332331,
        "min": 0.0242179371417,
        "var": 0.0159795433283
    },
    "silence_rate_20dB": {
        "dmean": 0,
        "dmean2": 0,
        "dvar": 0,
        "dvar2": 0,
        "max": 1,
        "mean": 1,
        "median": 1,
        "min": 1,
        "var": 0
    },
    "silence_rate_30dB": {
        "dmean": 0,
        "dmean2": 0,
        "dvar": 0,
        "dvar2": 0,
        "max": 1,
        "mean": 1,
        "median": 1,
        "min": 1,
        "var": 0
    },
    "silence_rate_60dB": {
        "dmean": 0.0247678011656,
        "dmean2": 0.0495739728212,
        "dvar": 0.0241547003388,
        "dvar2": 0.0517631657422,
        "max": 1,
        "mean": 0.0301624126732,
        "median": 0,
        "min": 0,
        "var": 0.0292523223907
    },
    "spectral_centroid": {
        "dmean": 356.24786377,
        "dmean2": 553.326293945,
        "dvar": 172446.421875,
        "dvar2": 384318.40625,
        "max": 5449.81933594,
        "mean": 1700.09936523,
        "median": 1778.83032227,
        "min": 188.321517944,
        "var": 613269.5625
    },
    "spectral_complexity": {
        "dmean": 4.45356035233,
        "dmean2": 7.08288145065,
        "dvar": 32.4088478088,
        "dvar2": 76.8117904663,
        "max": 49,
        "mean": 16.0309352875,
        "median": 15,
        "min": 1,
        "var": 68.5790328979
    },
    "spectral_decrease": {
        "dmean": 2.1005992501e-09,
        "dmean2": 3.27727045502e-09,
        "dvar": 8.1094256082e-18,
        "dvar2": 1.9071219777e-17,
        "max": -1.19835238954e-10,
        "mean": -7.19532478044e-09,
        "median": -7.24478832481e-09,
        "min": -2.52178669058e-08,
        "var": 1.71683337912e-17
    },
    "spectral_energy": {
        "dmean": 0.00864409655333,
        "dmean2": 0.0134763885289,
        "dvar": 0.000128320825752,
        "dvar2": 0.000301977415802,
        "max": 0.0990790501237,
        "mean": 0.0297261923552,
        "median": 0.0299545880407,
        "min": 0.000474346452393,
        "var": 0.000274205813184
    },
    "spectral_energyband_high": {
        "dmean": 0.00114227505401,
        "dmean2": 0.00194480421487,
        "dvar": 2.78864899883e-06,
        "dvar2": 6.9648126555e-06,
        "max": 0.0232042968273,
        "mean": 0.0015334810596,
        "median": 0.000905301072635,
        "min": 4.68131474918e-06,
        "var": 3.76199727725e-06
    },
    "spectral_energyband_low": {
        "dmean": 0.00403730617836,
        "dmean2": 0.00681600859389,
        "dvar": 5.06034884893e-05,
        "dvar2": 0.000126355953398,
        "max": 0.0582294277847,
        "mean": 0.012533836998,
        "median": 0.0118624130264,
        "min": 1.60155582307e-06,
        "var": 0.000120412412798
    },
    "spectral_energyband_middle_high": {
        "dmean": 0.00249309348874,
        "dmean2": 0.00362430512905,
        "dvar": 1.0242886674e-05,
        "dvar2": 2.14536921703e-05,
        "max": 0.0390967726707,
        "mean": 0.00816829875112,
        "median": 0.0056600398384,
        "min": 2.73414771073e-05,
        "var": 6.57602213323e-05
    },
    "spectral_energyband_middle_low": {
        "dmean": 0.00425994023681,
        "dmean2": 0.00640265317634,
        "dvar": 4.99875204696e-05,
        "dvar2": 0.000114817223221,
        "max": 0.0789713934064,
        "mean": 0.00834310054779,
        "median": 0.00548842316493,
        "min": 7.07931176294e-05,
        "var": 7.87986282376e-05
    },
    "spectral_entropy": {
        "dmean": 0.321999669075,
        "dmean2": 0.459495157003,
        "dvar": 0.0985358804464,
        "dvar2": 0.189293563366,
        "max": 8.61383724213,
        "mean": 7.35788249969,
        "median": 7.33129453659,
        "min": 5.94837427139,
        "var": 0.258822917938
    },
    "spectral_flux": {
        "dmean": 0.0348713509738,
        "dmean2": 0.0533016733825,
        "dvar": 0.001254196628,
        "dvar2": 0.00263021374121,
        "max": 0.277937889099,
        "mean": 0.0829681828618,
        "median": 0.0745404437184,
        "min": 0.00766378641129,
        "var": 0.00235004513524
    },
    "spectral_kurtosis": {
        "dmean": 1.66723978519,
        "dmean2": 2.69698262215,
        "dvar": 2.11462402344,
        "dvar2": 4.95969057083,
        "max": 17.7209358215,
        "mean": 3.49727988243,
        "median": 3.26932954788,
        "min": -1.40482187271,
        "var": 4.92424106598
    },
    "spectral_rms": {
        "dmean": 0.000795887433924,
        "dmean2": 0.00120385061018,
        "dvar": 9.76688738774e-07,
        "dvar2": 2.10379380405e-06,
        "max": 0.0098317079246,
        "mean": 0.00512152072042,
        "median": 0.005405921489,
        "min": 0.000680277182255,
        "var": 2.77119966086e-06
    },
    "spectral_rolloff": {
        "dmean": 709.764831543,
        "dmean2": 1243.44006348,
        "dvar": 1592562.375,
        "dvar2": 3774704.75,
        "max": 11369.53125,
        "mean": 1875.23535156,
        "median": 1528.85742188,
        "min": 86.1328125,
        "var": 2885476
    },
    "spectral_skewness": {
        "dmean": 0.269808024168,
        "dmean2": 0.424705505371,
        "dvar": 0.0546735301614,
        "dvar2": 0.127722889185,
        "max": 3.11424541473,
        "mean": 1.29101157188,
        "median": 1.27549791336,
        "min": -0.0935073196888,
        "var": 0.148222267628
    },
    "spectral_spread": {
        "dmean": 954138.25,
        "dmean2": 1455014.875,
        "dvar": 1.25683040256e+12,
        "dvar2": 2.42840344986e+12,
        "max": 16862828,
        "mean": 4678322,
        "median": 4124254.25,
        "min": 2364638.5,
        "var": 3.00830215373e+12
    },
    "spectral_strongpeak": {
        "dmean": 0.749794900417,
        "dmean2": 1.24359869957,
        "dvar": 2.21899747849,
        "dvar2": 5.08656215668,
        "max": 11.1800928116,
        "mean": 1.48723113537,
        "median": 0.596883356571,
        "min": 0.0477475710213,
        "var": 4.79945755005
    },
    "zerocrossingrate": {
        "dmean": 0.0137100452557,
        "dmean2": 0.0173353087157,
        "dvar": 0.000286373920972,
        "dvar2": 0.000332393596182,
        "max": 0.353515625,
        "mean": 0.0667227059603,
        "median": 0.06396484375,
        "min": 0.00341796875,
        "var": 0.00160341651645
    },
    "barkbands": {
        "dmean": [2.48693322646e-05, 0.00236815121025, 0.00174294039607, 0.000660488964058, 0.00227969978005, 0.000663772923872, 0.000326657667756, 0.000496229040436, 0.000909680849873, 0.000303057749989, 0.000377758900868, 0.000417274684878, 0.000639246369246, 0.000650598027278, 0.000723223725799, 0.000265577458777, 0.000254782789852, 0.000282897963189, 0.000244397990173, 0.000394143891754, 0.000276670325547, 0.000224182251259, 0.000219907800783, 0.000181546143722, 9.6175026556e-05, 6.31648072158e-05, 1.44443912387e-09],
        "dmean2": [4.04983220506e-05, 0.00407023308799, 0.00292684650049, 0.0011558807455, 0.00344297895208, 0.00113233947195, 0.000518180953804, 0.000781840702984, 0.00143078353722, 0.000453326967545, 0.000576919002924, 0.000624525302555, 0.000956818345003, 0.000973837100901, 0.00102743436582, 0.000401301833335, 0.000389981083572, 0.000443206023192, 0.000381151563488, 0.000613308802713, 0.000484734948259, 0.000395524839405, 0.000393997586798, 0.00031495737494, 0.000161821561051, 0.000111899593321, 2.56679677513e-09],
        "dvar": [3.26876659074e-09, 2.41761299549e-05, 9.67650976236e-06, 2.02391129278e-06, 3.20116778312e-05, 2.39464702645e-06, 6.73499243931e-07, 3.67082930097e-06, 5.24300685356e-06, 5.05882780999e-07, 7.93599383542e-07, 1.47928585648e-06, 3.23784388456e-06, 3.24918914885e-06, 3.01370982925e-06, 5.2222208069e-07, 2.96370728847e-07, 2.5244892754e-07, 1.83168637591e-07, 4.3455196419e-07, 2.59331187635e-07, 1.76809081154e-07, 2.02029781349e-07, 2.50233370025e-07, 4.30488995562e-08, 1.50105208263e-08, 3.69783582042e-17],
        "dvar2": [7.84839393475e-09, 6.26926048426e-05, 2.31050726143e-05, 5.32431249667e-06, 7.16398571967e-05, 6.39060044705e-06, 1.53291478e-06, 8.7949583758e-06, 1.33018411361e-05, 9.92420382318e-07, 1.65176300015e-06, 3.34897072207e-06, 7.88108354755e-06, 6.33999752608e-06, 5.84050167163e-06, 8.35866501347e-07, 5.39504185326e-07, 6.03595253779e-07, 4.12248880366e-07, 9.11134463877e-07, 7.10404776783e-07, 4.75353914453e-07, 4.53689722235e-07, 6.36422441858e-07, 8.9104048584e-08, 3.92999197629e-08, 7.71446374019e-17],
        "max": [0.000583725632168, 0.0461124107242, 0.0276146382093, 0.0175649859011, 0.0570434555411, 0.0251414105296, 0.0128641556948, 0.0302365701646, 0.0309506114572, 0.0143779218197, 0.0151417152956, 0.0215389411896, 0.0245470441878, 0.0331105142832, 0.0209007896483, 0.0187258347869, 0.0108886193484, 0.00758433388546, 0.00841896329075, 0.0107062859461, 0.00436695385724, 0.00497711030766, 0.00987589545548, 0.0103784557432, 0.00327101186849, 0.00145834707655, 1.44904149124e-07],
        "mean": [3.24067259498e-05, 0.00637913914397, 0.00540750147775, 0.00114722538274, 0.00317026022822, 0.000938406505156, 0.000580853549764, 0.000784065399785, 0.00147136731539, 0.000554595375434, 0.000597001577262, 0.000822547764983, 0.00129578437191, 0.00150383531582, 0.00142653600778, 0.000426418788265, 0.00046335789375, 0.000496574619319, 0.000382279598853, 0.000759320799261, 0.000322913983837, 0.000204332740395, 0.00021425705927, 0.000185177312233, 0.000107845567982, 5.22255286342e-05, 1.17382825682e-09],
        "median": [3.66776157534e-06, 0.00230308691971, 0.00285399821587, 0.000207133678487, 0.000600168656092, 0.000460012524854, 0.000295420002658, 0.000113912596134, 0.000434953923104, 0.000111203808046, 7.46610458009e-05, 0.000133582245326, 0.00018109503435, 0.000188891601283, 0.000151951011503, 9.94585934677e-05, 0.000110267006676, 0.00018407155585, 0.00016307750775, 0.000342910730978, 0.000117489755212, 5.93477634538e-05, 6.53606621199e-05, 4.68648358947e-05, 3.21164552588e-05, 7.88454599387e-06, 4.25418200667e-10],
        "min": [1.31499620082e-08, 5.26263818301e-07, 9.2870564572e-09, 1.04549883417e-07, 6.93436902566e-07, 5.05521666128e-06, 2.92619802167e-07, 1.83606772453e-07, 1.052009452e-06, 3.2136094319e-07, 1.55423904857e-07, 5.95714368501e-07, 5.95883307142e-07, 7.12655378265e-07, 5.73403042381e-07, 6.41065525997e-07, 1.51734025167e-06, 1.68690462488e-06, 1.32787147322e-06, 1.32144259624e-06, 1.39469227634e-06, 5.689451541e-07, 6.39281608983e-07, 1.88617974572e-07, 1.35583466676e-09, 1.35532496684e-11, 1.99923445854e-11],
        "var": [5.61140200972e-09, 6.71411253279e-05, 3.66367130482e-05, 4.3858153731e-06, 4.6520948672e-05, 2.27225268645e-06, 1.08066524263e-06, 5.39159509572e-06, 7.9197152445e-06, 1.409513402e-06, 2.08858023143e-06, 3.79682023777e-06, 1.0278236914e-05, 1.94481763174e-05, 1.0867885976e-05, 1.20627009892e-06, 1.26984639337e-06, 6.48008210646e-07, 4.65317611997e-07, 1.19397645904e-06, 2.50495105547e-07, 1.44313744954e-07, 2.93489023306e-07, 2.9433519444e-07, 7.16697741154e-08, 1.47343772738e-08, 2.80973798796e-17]
    },
    "erbbands": {
        "dmean": [0.0392113290727, 0.632616817951, 2.00714015961, 2.06870627403, 2.06604957581, 9.5354385376, 10.8328371048, 5.10338878632, 4.97845458984, 4.53055477142, 14.9845533371, 21.8276042938, 13.4250268936, 9.32112598419, 15.2286739349, 17.8189907074, 27.6750926971, 31.3377151489, 33.0525360107, 24.8292503357, 14.9930734634, 11.8969602585, 14.7668266296, 11.467040062, 14.3322715759, 20.8409748077, 12.2407150269, 10.1705589294, 7.96492290497, 7.31942987442, 6.11590576172, 4.89538097382, 2.38668274879, 1.28963637352, 0.614777803421, 0.285831004381, 0.121611580253, 0.0124968606979, 0.000221022070036, 1.92357692868e-05],
        "dmean2": [0.0666176602244, 1.0885103941, 3.37088274956, 3.61051678658, 3.59766793251, 14.3164625168, 16.6714019775, 8.36698055267, 7.91022968292, 7.27059650421, 23.5021820068, 34.7840805054, 19.9243087769, 13.9856281281, 22.4729442596, 26.3310832977, 40.1290855408, 46.2687034607, 48.1873512268, 35.2456321716, 22.5455532074, 18.1217708588, 23.6453742981, 18.1695709229, 22.5022716522, 32.3890533447, 20.5429172516, 18.1371459961, 14.0940799713, 12.7283124924, 10.8988742828, 8.47917938232, 4.11233711243, 2.16345334053, 1.04533565044, 0.494642227888, 0.217890679836, 0.0230973046273, 0.000402128294809, 3.10437389999e-05],
        "dvar": [0.00850937888026, 1.63974916935, 12.1387329102, 16.864364624, 18.7353820801, 609.431762695, 678.882995605, 164.724105835, 88.8059387207, 247.733139038, 2803.03710938, 3652.48461914, 881.992736816, 307.168273926, 1151.41210938, 3202.15527344, 5908.50732422, 7983.23974609, 7369.87695312, 3414.125, 1505.9699707, 556.626037598, 843.179870605, 389.332855225, 674.810424805, 1206.62255859, 384.584716797, 437.413787842, 224.431793213, 177.375289917, 187.0262146, 236.1902771, 26.1659126282, 8.11616230011, 1.99138402939, 0.322645306587, 0.0601362995803, 0.000778155168518, 2.21141490897e-07, 7.08510916603e-10],
        "dvar2": [0.0217907037586, 4.23589324951, 28.7808685303, 44.7140922546, 52.3441543579, 1354.75146484, 1675.7244873, 405.482452393, 202.281478882, 531.562927246, 6874.296875, 9130.95019531, 1759.71472168, 687.321838379, 2303.65649414, 7506.45703125, 13009.7021484, 14238.5527344, 14691.3652344, 6032.89404297, 2464.5534668, 1123.38098145, 2125.63012695, 998.166992188, 1420.04406738, 2593.13134766, 1020.22277832, 1229.18505859, 617.525146484, 420.419006348, 415.79208374, 613.139892578, 60.6065063477, 17.7460441589, 4.25502490997, 0.736041545868, 0.163094431162, 0.00216187094338, 6.0896428522e-07, 1.82103243596e-09],
        "max": [1.04434502125, 12.1766681671, 30.3852233887, 39.9523200989, 44.7671508789, 252.565322876, 291.752166748, 310.05770874, 142.679870605, 217.586883545, 771.528564453, 807.164672852, 558.326416016, 262.770080566, 678.152526855, 1071.53051758, 1216.95605469, 1861.04040527, 1121.76635742, 1133.34887695, 1176.65844727, 504.748382568, 538.666748047, 233.102340698, 507.918243408, 529.185913086, 200.178909302, 219.405578613, 129.756881714, 299.605957031, 320.035522461, 348.128540039, 71.0593948364, 47.2269821167, 21.0405826569, 10.283703804, 2.36000657082, 0.293239891529, 0.00473032193258, 0.000209081394132],
        "mean": [0.0914924293756, 1.77824687958, 6.57544326782, 4.60122251511, 3.11673402786, 12.884141922, 14.6489944458, 7.83478593826, 8.94558238983, 7.75697851181, 24.0035762787, 35.9408187866, 23.88489151, 17.2093658447, 29.6107349396, 35.2279167175, 66.467086792, 84.0430755615, 70.8184967041, 47.1706428528, 29.2246170044, 22.3426818848, 25.950674057, 19.9339809418, 24.2298622131, 39.9097442627, 19.40583992, 9.48601531982, 7.18609523773, 6.87800455093, 6.01238679886, 4.77650547028, 2.53842496872, 1.47727894783, 0.596315979958, 0.256737500429, 0.0969531461596, 0.00904380530119, 0.000184312782949, 4.56294801552e-05],
        "median": [0.0161851234734, 0.929705202579, 4.49659824371, 3.03856229782, 1.5100620985, 1.85510158539, 3.20367121696, 3.95483398438, 5.01247167587, 2.97417378426, 4.948158741, 10.046995163, 7.75157785416, 5.43527889252, 7.7093334198, 10.2491893768, 10.9564723969, 16.3175354004, 10.9646501541, 7.74392843246, 7.56544876099, 5.94361543655, 9.39552879333, 9.02715396881, 10.8258600235, 17.1002254486, 10.5343198776, 2.9946243763, 2.0057477951, 2.19671869278, 1.83692240715, 1.09829103947, 0.697644650936, 0.486702263355, 0.126145377755, 0.0432639606297, 0.0140387974679, 0.000897514808457, 4.1962168325e-05, 4.13718153141e-05],
        "min": [2.3834842068e-05, 0.000152658714796, 0.000476952031022, 0.00106734107248, 0.00185962463729, 0.0186152216047, 0.0258322432637, 0.0430878475308, 0.0245188977569, 0.0631505176425, 0.0815146639943, 0.0904337316751, 0.0514535084367, 0.0209937039763, 0.0810215845704, 0.0368779934943, 0.0387447811663, 0.0726694762707, 0.0442025251687, 0.0616175197065, 0.0719033032656, 0.0684046298265, 0.0902538076043, 0.0733860954642, 0.0793084427714, 0.0857332125306, 0.0885268598795, 0.0331064946949, 0.0240484178066, 0.0143842482939, 0.0220128148794, 0.00881179329008, 0.00164277071599, 0.000267764815362, 3.47613713529e-05, 3.35912613991e-06, 7.770756838e-07, 2.20295774511e-07, 3.0861812661e-07, 5.54670521069e-07],
        "var": [0.0201998762786, 4.79572153091, 46.0878181458, 28.5028457642, 21.0765914917, 871.288391113, 872.597351074, 191.026199341, 157.386169434, 346.783172607, 4134.08056641, 5714.93603516, 2027.60400391, 865.545837402, 3310.60791016, 6236.26660156, 25617.7441406, 59900.125, 24680.078125, 12312.1210938, 4622.93310547, 2430.67480469, 2057.39331055, 868.918701172, 1758.59069824, 3358.88208008, 614.629272461, 311.620758057, 169.258743286, 210.24156189, 272.873809814, 262.959899902, 36.4667510986, 13.2569360733, 2.8023416996, 0.457820564508, 0.0469324328005, 0.000516257598065, 1.56601302592e-07, 9.18803477745e-10]
    },
    "gfcc": {
        "mean": [1.80387485027, 79.0277786255, -127.330589294, 43.4438972473, -58.7233161926, 19.6956672668, -33.7591629028, 7.93311548233, -25.8316688538, 5.20011806488, -11.0370998383, -7.83592367172, -10.8675384521],
        "cov": [[3753.89624023, -1482.48291016, -16.1712741852, -126.766159058, 97.8041000366, 361.255706787, -82.4719924927, 336.119476318, -324.169433594, 323.953094482, -390.506439209, 228.07774353, -216.096893311], [-1482.48291016, 1864.40515137, 160.448730469, 345.887481689, 275.126525879, -123.577209473, 356.152587891, -230.372573853, 207.438446045, -262.831359863, 290.916534424, -319.239929199, 134.983413696], [-16.1712741852, 160.448730469, 1134.61791992, 386.477661133, 128.969940186, 95.1270446777, -13.2692451477, -54.0571594238, 11.0427341461, -28.4933071136, -58.5171737671, 88.5988769531, -87.1259765625], [-126.766159058, 345.887481689, 386.477661133, 478.303497314, 192.88444519, 14.9986562729, 36.0464019775, -15.2915449142, 136.867385864, -99.0835647583, 6.9781498909, -14.8073377609, 13.2772846222], [97.8041000366, 275.126525879, 128.969940186, 192.88444519, 434.575653076, 120.108192444, 120.213539124, 60.6836967468, 83.6770172119, 69.2786560059, 5.27306842804, -58.8474273682, -3.73663806915], [361.255706787, -123.577209473, 95.1270446777, 14.9986562729, 120.108192444, 290.320037842, 144.068557739, 28.3349819183, -33.6262741089, 95.2216873169, -8.03655910492, -0.165992319584, -59.0381736755], [-82.4719924927, 356.152587891, -13.2692451477, 36.0464019775, 120.213539124, 144.068557739, 374.430664062, 21.8476448059, 11.4186954498, 39.4284362793, 114.381797791, -51.5842247009, -32.4538459778], [336.119476318, -230.372573853, -54.0571594238, -15.2915449142, 60.6836967468, 28.3349819183, 21.8476448059, 248.80279541, 45.3442153931, 65.3246383667, -35.8941841125, 51.4203529358, -0.699253499508], [-324.169433594, 207.438446045, 11.0427341461, 136.867385864, 83.6770172119, -33.6262741089, 11.4186954498, 45.3442153931, 248.965805054, -17.2516727448, 9.69673347473, -10.1219739914, 48.377571106], [323.953094482, -262.831359863, -28.4933071136, -99.0835647583, 69.2786560059, 95.2216873169, 39.4284362793, 65.3246383667, -17.2516727448, 223.073318481, 12.7614908218, 39.345123291, -28.6204776764], [-390.506439209, 290.916534424, -58.5171737671, 6.9781498909, 5.27306842804, -8.03655910492, 114.381797791, -35.8941841125, 9.69673347473, 12.7614908218, 218.796417236, -17.8889446259, 57.0135688782], [228.07774353, -319.239929199, 88.5988769531, -14.8073377609, -58.8474273682, -0.165992319584, -51.5842247009, 51.4203529358, -10.1219739914, 39.345123291, -17.8889446259, 209.617767334, 14.2075939178], [-216.096893311, 134.983413696, -87.1259765625, 13.2772846222, -3.73663806915, -59.0381736755, -32.4538459778, -0.699253499508, 48.377571106, -28.6204776764, 57.0135688782, 14.2075939178, 138.04069519]],
        "icov": [[0.000619314145297, 6.58127755742e-05, 0.000243346570642, -0.000509003002662, 4.77710955238e-06, -0.000407510000514, 4.11305409216e-05, -0.000524184375536, 0.000937379489187, -0.000596210302319, 0.000901698018424, -0.000348882400431, 0.000151922751684], [6.58127755742e-05, 0.00330629968084, -0.000983088393696, 0.000512183178216, -0.00179608992767, 0.00213896064088, -0.00300422660075, 0.00188197870739, -0.00141888449434, 0.00269679678604, -0.00183908385225, 0.00312509411015, -0.00213605049066], [0.000243346570642, -0.000983088393696, 0.00195656786673, -0.00181964982767, 0.000546480237972, -0.00111932889558, 0.00117247982416, -0.000369437912013, 0.00120173161849, -0.00127861869987, 0.00103087211028, -0.00191142910626, 0.00164675025735], [-0.000509003002662, 0.000512183178216, -0.00181964982767, 0.00565716437995, -0.0022157097701, 0.000558708328754, -0.000495091837365, 0.000864641973749, -0.00299698626623, 0.00359858619049, -0.0016790847294, 0.000617284618784, -0.000496935390402], [4.77710955238e-06, -0.00179608992767, 0.000546480237972, -0.0022157097701, 0.00517002586275, -0.00198530056514, 0.000945794221479, -0.00171253283042, 0.000604673987255, -0.00345124234445, 0.0017455695197, -0.000212969898712, 0.000199860180146], [-0.000407510000514, 0.00213896064088, -0.00111932889558, 0.000558708328754, -0.00198530056514, 0.00752952462062, -0.00419157464057, 0.00183600897435, -0.000714794034138, 0.000315213663271, -0.000643905019388, 0.00209488207474, -0.000933165254537], [4.11305409216e-05, -0.00300422660075, 0.00117247982416, -0.000495091837365, 0.000945794221479, -0.00419157464057, 0.00763796223328, -0.00246417615563, 0.00107424415182, -0.0017229502555, -0.00132841756567, -0.00240462855436, 0.00386832328513], [-0.000524184375536, 0.00188197870739, -0.000369437912013, 0.000864641973749, -0.00171253283042, 0.00183600897435, -0.00246417615563, 0.00686688488349, -0.00261634448543, 0.00101565173827, -0.000543773232494, 0.00062148750294, -0.00149477389641], [0.000937379489187, -0.00141888449434, 0.00120173161849, -0.00299698626623, 0.000604673987255, -0.000714794034138, 0.00107424415182, -0.00261634448543, 0.00785910058767, -0.00283394940197, 0.00274561275728, -0.00164857623167, -0.000454578723293], [-0.000596210302319, 0.00269679678604, -0.00127861869987, 0.00359858619049, -0.00345124234445, 0.000315213663271, -0.0017229502555, 0.00101565173827, -0.00283394940197, 0.0106422845274, -0.00425136368722, 0.00143002870027, -0.00027368706651], [0.000901698018424, -0.00183908385225, 0.00103087211028, -0.0016790847294, 0.0017455695197, -0.000643905019388, -0.00132841756567, -0.000543773232494, 0.00274561275728, -0.00425136368722, 0.0100478380919, -0.00209639733657, -0.00229900307022], [-0.000348882400431, 0.00312509411015, -0.00191142910626, 0.000617284618784, -0.000212969898712, 0.00209488207474, -0.00240462855436, 0.00062148750294, -0.00164857623167, 0.00143002870027, -0.00209639733657, 0.00968919228762, -0.00379697233438], [0.000151922751684, -0.00213605049066, 0.00164675025735, -0.000496935390402, 0.000199860180146, -0.000933165254537, 0.00386832328513, -0.00149477389641, -0.000454578723293, -0.00027368706651, -0.00229900307022, -0.00379697233438, 0.0126090627164]]
    },
    "melbands": {
        "dmean": [0.000507593213115, 0.000977969262749, 0.000350202724803, 0.000348687171936, 0.000457833142718, 0.00011607218039, 7.34443601687e-05, 5.54137805011e-05, 0.000138174960739, 0.000132146204123, 6.522606418e-05, 3.60426638508e-05, 5.65648479096e-05, 5.05998032168e-05, 5.05781499669e-05, 7.29811363271e-05, 5.85306661378e-05, 5.32756894245e-05, 5.35411709279e-05, 2.0748391762e-05, 2.03496711038e-05, 1.3531537661e-05, 1.41396867548e-05, 1.51054073285e-05, 9.36494780035e-06, 9.71305325947e-06, 1.23218896988e-05, 1.49193319885e-05, 8.78481750988e-06, 6.54800805933e-06, 5.87013073527e-06, 4.54673772765e-06, 4.37650442109e-06, 4.03014473704e-06, 3.53237305717e-06, 3.54605185748e-06, 2.82729070022e-06, 1.79453445526e-06, 1.35754385155e-06, 1.03724516975e-06],
        "dmean2": [0.000871057040058, 0.001651996281, 0.000612953735981, 0.000537325046025, 0.000689384294674, 0.000193378305994, 0.000116524897749, 8.79427898326e-05, 0.000217468841583, 0.000209512931178, 9.66693987721e-05, 5.42232010048e-05, 8.41035725898e-05, 7.34432542231e-05, 7.26670332369e-05, 0.000104935730633, 8.73342651175e-05, 7.8927812865e-05, 7.48293750803e-05, 3.06039582938e-05, 3.17650956276e-05, 2.03508479899e-05, 2.25486146519e-05, 2.45954161073e-05, 1.51871818161e-05, 1.53858745762e-05, 1.91607741726e-05, 2.32957991102e-05, 1.45131361933e-05, 1.16657038234e-05, 1.04893379103e-05, 8.0648014773e-06, 7.71362647356e-06, 7.087634458e-06, 6.31836064713e-06, 6.24851509201e-06, 4.91440687256e-06, 3.12837642014e-06, 2.2889603315e-06, 1.75174693595e-06],
        "dvar": [1.23985444134e-06, 2.92057234219e-06, 4.61866221713e-07, 6.76803665556e-07, 1.27778287151e-06, 7.64567502642e-08, 2.11871888922e-08, 3.65547521142e-08, 2.02492316248e-07, 1.2744168032e-07, 2.20853415556e-08, 4.91142326808e-09, 1.70413141376e-08, 1.62334998777e-08, 2.23067750937e-08, 3.94950419036e-08, 3.01460936214e-08, 2.16639968187e-08, 1.87222468639e-08, 2.48357512334e-09, 3.89851040339e-09, 9.53289336358e-10, 8.2413403879e-10, 7.43801686909e-10, 3.06954794915e-10, 3.38274103173e-10, 5.30019972356e-10, 6.48349762766e-10, 1.93405444437e-10, 2.10994693939e-10, 1.3655893083e-10, 8.34651375792e-11, 6.834793842e-11, 5.55289321469e-11, 6.24976390085e-11, 9.55219445209e-11, 8.52223222547e-11, 1.50455828352e-11, 9.52344540034e-12, 5.96471526684e-12],
        "dvar2": [3.21486459143e-06, 7.17683587936e-06, 1.23224936033e-06, 1.60064848842e-06, 2.93199923362e-06, 1.91666330807e-07, 4.75104577902e-08, 8.23761112656e-08, 5.05308662468e-07, 3.20696415201e-07, 4.40771330545e-08, 1.0786746607e-08, 3.60240264285e-08, 3.57392053729e-08, 4.81725201951e-08, 9.30094259388e-08, 5.353142285e-08, 4.40921219536e-08, 3.44511335015e-08, 4.66040583902e-09, 7.0111947359e-09, 1.70682989964e-09, 2.03134620236e-09, 1.91656113202e-09, 8.17915957185e-10, 7.73021258116e-10, 1.05127073713e-09, 1.40711076124e-09, 4.9573412042e-10, 6.00116401017e-10, 3.81385228954e-10, 2.33106450809e-10, 1.76193684642e-10, 1.31517005619e-10, 1.40053468822e-10, 2.29064309187e-10, 2.28029553573e-10, 3.60717428149e-11, 2.10560544694e-11, 1.34024475545e-11],
        "max": [0.0111944042146, 0.0160044524819, 0.00661593163386, 0.0091702574864, 0.0113658327609, 0.00608651014045, 0.00189284840599, 0.00317812431604, 0.00621543824673, 0.0048736538738, 0.00277809053659, 0.00101203436498, 0.00235440395772, 0.00205818144605, 0.0026152827777, 0.00269935792312, 0.00356920575723, 0.00207767845131, 0.0019859499298, 0.000836146471556, 0.00180109555367, 0.000582842214499, 0.000538162363227, 0.000437594484538, 0.000216588101466, 0.000396931747673, 0.000300800282275, 0.000382255355362, 0.000160852796398, 0.000144236400956, 0.000116821473057, 8.85245535756e-05, 0.000161520089023, 0.000152776323375, 0.000186776785995, 0.000222482500249, 0.000189879618119, 4.95544591104e-05, 5.0185710279e-05, 4.53319917142e-05],
        "mean": [0.00130653672386, 0.00315722101368, 0.000786390854046, 0.000481820898131, 0.000631443457678, 0.000174011205672, 0.000133223147714, 8.84350010892e-05, 0.000215584834223, 0.000217692533624, 0.000112772504508, 6.40206199023e-05, 9.89269756246e-05, 0.000101810415799, 0.000102840276668, 0.000152529581101, 0.000148219362018, 0.000101997975435, 9.70546534518e-05, 3.42544335581e-05, 3.63636754628e-05, 2.3371700081e-05, 2.38982920564e-05, 2.37717722484e-05, 1.48306271512e-05, 1.50024588947e-05, 2.10459747905e-05, 2.80670392385e-05, 1.4141705833e-05, 6.24219774181e-06, 5.13640497957e-06, 3.93688242184e-06, 3.99638201998e-06, 3.75978606826e-06, 3.4153906654e-06, 3.37487676916e-06, 2.74344051832e-06, 1.80615916179e-06, 1.53861117269e-06, 1.12903762783e-06],
        "median": [0.000352278497303, 0.00292726582848, 0.000581230502576, 0.000134986505145, 0.000109803266241, 8.79659564816e-05, 7.30239698896e-05, 2.90672360279e-05, 4.66877208964e-05, 6.13624652033e-05, 2.82977762254e-05, 1.52817156049e-05, 1.83221145562e-05, 1.89206220966e-05, 1.45340300151e-05, 2.78865027212e-05, 1.77148849616e-05, 1.39333142215e-05, 1.06650077214e-05, 6.43934527034e-06, 8.36693652673e-06, 5.30599436388e-06, 6.02077307121e-06, 9.53614016908e-06, 6.04315528108e-06, 6.07445554124e-06, 7.51752577344e-06, 1.05946546682e-05, 6.3436941673e-06, 2.03554600375e-06, 1.26495001496e-06, 1.01168029687e-06, 1.20532388337e-06, 1.1645045106e-06, 1.08933102183e-06, 8.23457639854e-07, 6.2970707404e-07, 4.6453871505e-07, 4.80383619106e-07, 3.54937299107e-07],
        "min": [2.26883173582e-07, 2.40332127532e-07, 1.10437227363e-07, 1.55659137135e-07, 7.0352638204e-07, 9.30933993004e-07, 1.20908282497e-07, 7.62079892525e-08, 2.34751126982e-07, 3.00418776078e-07, 4.6574562873e-08, 6.32037142623e-08, 5.27433350328e-08, 9.32046262392e-08, 6.67421531375e-08, 1.12121739448e-07, 5.23770289362e-08, 4.72071981505e-08, 4.01125603844e-08, 5.34626920512e-08, 7.36758067887e-08, 7.70612516021e-08, 5.48602940853e-08, 6.5628107393e-08, 2.90277046844e-08, 2.70577675821e-08, 6.01282934554e-08, 4.22465440408e-08, 4.73551793334e-08, 5.66954083681e-09, 9.61797863575e-10, 1.11669660185e-08, 5.20090681633e-09, 5.54228174465e-09, 1.2966665075e-08, 3.58611229601e-09, 2.6235431605e-09, 8.00996602379e-10, 2.59717213014e-11, 5.30821176944e-12],
