{
"highlevel": {
    "danceability": {
        "all": {
            "danceable": 0.926877498627,
            "not_danceable": 0.0731224939227
        },
        "probability": 0.926877498627,
        "value": "danceable"
    },
    "gender": {
        "all": {
            "female": 0.0182350426912,
            "male": 0.98176497221
        },
        "probability": 0.98176497221,
        "value": "male"
    },
    "genre_dortmund": {
        "all": {
            "alternative": 0.0867961645126,
            "blues": 0.117928273976,
            "electronic": 0.0150466114283,
            "folkcountry": 0.0655037090182,
            "funksoulrnb": 0.00448738783598,
            "jazz": 0.0041859569028,
            "pop": 0.0221520029008,
            "raphiphop": 0.00657048495486,
            "rock": 0.677329421043
        },
        "probability": 0.677329421043,
        "value": "rock"
    },
    "genre_electronic": {
        "all": {
            "ambient": 0.231947571039,
            "dnb": 0.111526764929,
            "house": 0.0523936599493,
            "techno": 0.0239522401243,
            "trance": 0.580179750919
        },
        "probability": 0.580179750919,
        "value": "trance"
    },
    "genre_rosamerica": {
        "all": {
            "cla": 0.00131160323508,
            "dan": 0.00666463468224,
            "hip": 0.0051965159364,
            "jaz": 0.000528412405401,
            "pop": 0.0220832675695,
            "rhy": 0.00494470028207,
            "roc": 0.95865547657,
            "spe": 0.000615370401647
        },
        "probability": 0.95865547657,
        "value": "roc"
    },
    "genre_tzanetakis": {
        "all": {
            "blu": 0.0626613423228,
            "cla": 0.0348169617355,
            "cou": 0.104475811124,
            "dis": 0.0784321576357,
            "hip": 0.15692435205,
            "jaz": 0.313974827528,
            "met": 0.0448166541755,
            "pop": 0.0627359300852,
            "reg": 0.0627360641956,
            "roc": 0.0784258767962
        },
        "probability": 0.313974827528,
        "value": "jaz"
    },
    "ismir04_rhythm": {
        "all": {
            "ChaChaCha": 0.0270216595381,
            "Jive": 0.830455899239,
            "Quickstep": 0.00510577019304,
            "Rumba-American": 0.00478607555851,
            "Rumba-International": 0.00423792889342,
            "Rumba-Misc": 0.00199435907416,
            "Samba": 0.0585940331221,
            "Tango": 0.0115577261895,
            "VienneseWaltz": 0.0526598356664,
            "Waltz": 0.00358669972047
        },
        "probability": 0.830455899239,
        "value": "Jive"
    },
    "mood_acoustic": {
        "all": {
            "acoustic": 0.0191613789648,
            "not_acoustic": 0.980838596821
        },
        "probability": 0.980838596821,
        "value": "not_acoustic"
    },
    "mood_aggressive": {
        "all": {
            "aggressive": 0.90069180727,
            "not_aggressive": 0.0993081703782
        },
        "probability": 0.90069180727,
        "value": "aggressive"
    },
    "mood_electronic": {
        "all": {
            "electronic": 0.112543024123,
            "not_electronic": 0.887456953526
        },
        "probability": 0.887456953526,
        "value": "not_electronic"
    },
    "mood_happy": {
        "all": {
            "happy": 0.833310484886,
            "not_happy": 0.166689544916
        },
        "probability": 0.833310484886,
        "value": "happy"
    },
    "mood_party": {
        "all": {
            "not_party": 0.365704208612,
            "party": 0.63429582119
        },
        "probability": 0.63429582119,
        "value": "party"
    },
    "mood_relaxed": {
        "all": {
            "not_relaxed": 0.993887722492,
            "relaxed": 0.00611230591312
        },
        "probability": 0.993887722492,
        "value": "not_relaxed"
    },
    "mood_sad": {
        "all": {
            "not_sad": 0.973339617252,
            "sad": 0.0266603734344
        },
        "probability": 0.973339617252,
        "value": "not_sad"
    },
    "moods_mirex": {
        "all": {
            "Cluster1": 0.241885110736,
            "Cluster2": 0.144315630198,
            "Cluster3": 0.0901277437806,
            "Cluster4": 0.119244284928,
            "Cluster5": 0.404427230358
        },
        "probability": 0.404427230358,
        "value": "Cluster5"
    },
    "timbre": {
        "all": {
            "bright": 0.963067770004,
            "dark": 0.036932259798
        },
        "probability": 0.963067770004,
        "value": "bright"
    },
    "tonal_atonal": {
        "all": {
            "atonal": 0.00900742784142,
            "tonal": 0.990992546082
        },
        "probability": 0.990992546082,
        "value": "tonal"
    },
    "voice_instrumental": {
        "all": {
            "instrumental": 0.00143085315358,
            "voice": 0.998569130898
        },
        "probability": 0.998569130898,
        "value": "voice"
    }
},
"lowlevel": {
    "average_loudness": 0.979852557182,
    "barkbands_crest": {
        "dmean": 3.35870051384,
        "dmean2": 5.50444221497,
        "dvar": 10.28769207,
        "dvar2": 26.9507007599,
        "max": 24.9979457855,
        "mean": 9.89966773987,
        "median": 8.71511077881,
        "min": 2.38437867165,
        "var": 23.2281150818
    },
    "barkbands_flatness_db": {
        "dmean": 0.0270161163062,
        "dmean2": 0.0425920896232,
        "dvar": 0.00064485456096,
        "dvar2": 0.00170406675898,
        "max": 0.339230209589,
        "mean": 0.138311475515,
        "median": 0.132513552904,
        "min": 0.042429074645,
        "var": 0.00240072514862
    },
    "barkbands_kurtosis": {
        "dmean": 3.51197242737,
        "dmean2": 6.04275751114,
        "dvar": 81.3957824707,
        "dvar2": 240.81022644,
        "max": 220.20123291,
        "mean": 2.95882797241,
        "median": 0.265927553177,
        "min": -1.71530091763,
        "var": 86.3776931763
    },
    "barkbands_skewness": {
        "dmean": 0.719564080238,
        "dmean2": 1.15082776546,
        "dvar": 0.648962378502,
        "dvar2": 1.66464233398,
        "max": 12.6739053726,
        "mean": 1.21780562401,
        "median": 0.932780265808,
        "min": -1.64750826359,
        "var": 1.49298083782
    },
    "barkbands_spread": {
        "dmean": 6.93796730042,
        "dmean2": 10.7350416183,
        "dvar": 46.7132568359,
        "dvar2": 102.878944397,
        "max": 62.5325775146,
        "mean": 26.087480545,
        "median": 26.8086128235,
        "min": 0.93584728241,
        "var": 168.811965942
    },
    "dissonance": {
        "dmean": 0.0149758299813,
        "dmean2": 0.0253823362291,
        "dvar": 0.000415118352976,
        "dvar2": 0.00116440060083,
        "max": 0.499979674816,
        "mean": 0.472301840782,
        "median": 0.483755290508,
        "min": 0.279846221209,
        "var": 0.00107188383117
    },
    "dynamic_complexity": 1.78191447258,
    "erbbands_crest": {
        "dmean": 2.26711940765,
        "dmean2": 3.59844589233,
        "dvar": 5.89865446091,
        "dvar2": 12.872505188,
        "max": 32.6411247253,
        "mean": 8.64616203308,
        "median": 6.55423879623,
        "min": 2.52886819839,
        "var": 34.0944786072
    },
    "erbbands_flatness_db": {
        "dmean": 0.0184739138931,
        "dmean2": 0.0264307074249,
        "dvar": 0.000322229228914,
        "dvar2": 0.000600112834945,
        "max": 0.31896597147,
        "mean": 0.167010828853,
        "median": 0.161694392562,
        "min": 0.084746196866,
        "var": 0.0017346474342
    },
    "erbbands_kurtosis": {
        "dmean": 1.29339551926,
        "dmean2": 2.01947712898,
        "dvar": 6.38920783997,
        "dvar2": 16.1207828522,
        "max": 31.7506713867,
        "mean": 1.28334856033,
        "median": 0.44664645195,
        "min": -1.65021157265,
        "var": 11.447593689
    },
    "erbbands_skewness": {
        "dmean": 0.381997287273,
        "dmean2": 0.594748795033,
        "dvar": 0.173119306564,
        "dvar2": 0.41857239604,
        "max": 5.10292959213,
        "mean": -0.0425918623805,
        "median": -0.354483038187,
        "min": -1.8666011095,
        "var": 1.10719788074
    },
    "erbbands_spread": {
        "dmean": 9.15195560455,
        "dmean2": 13.603884697,
        "dvar": 99.1188583374,
        "dvar2": 208.985809326,
        "max": 109.268089294,
        "mean": 33.8588523865,
        "median": 30.1124706268,
        "min": 3.81540894508,
        "var": 307.547668457
    },
    "hfc": {
        "dmean": 7.13556432724,
        "dmean2": 9.29010295868,
        "dvar": 49.6065483093,
        "dvar2": 86.2250823975,
        "max": 90.9374542236,
        "mean": 27.444272995,
        "median": 26.1171627045,
        "min": 0.322509348392,
        "var": 268.405792236
    },
    "melbands_crest": {
        "dmean": 4.1222486496,
        "dmean2": 6.68885850906,
        "dvar": 11.8491411209,
        "dvar2": 29.5069313049,
        "max": 32.2036705017,
        "mean": 14.8625392914,
        "median": 14.3339395523,
        "min": 3.3537902832,
        "var": 25.5611286163
    },
    "melbands_flatness_db": {
        "dmean": 0.0348414555192,
        "dmean2": 0.0539819784462,
        "dvar": 0.00104019988794,
        "dvar2": 0.00269296579063,
        "max": 0.439378648996,
        "mean": 0.183773562312,
        "median": 0.180828779936,
        "min": 0.0374001264572,
        "var": 0.00385845848359
    },
    "melbands_kurtosis": {
        "dmean": 9.1815366745,
        "dmean2": 15.5972194672,
        "dvar": 310.195739746,
        "dvar2": 862.296936035,
        "max": 322.206512451,
        "mean": 11.4652557373,
        "median": 4.70090675354,
        "min": -1.4156614542,
        "var": 483.431030273
    },
    "melbands_skewness": {
        "dmean": 1.00755047798,
        "dmean2": 1.60280549526,
        "dvar": 1.31342566013,
        "dvar2": 3.21434855461,
        "max": 11.9609699249,
        "mean": 2.40297746658,
        "median": 2.05553746223,
        "min": -1.45400106907,
        "var": 3.17632079124
    },
    "melbands_spread": {
        "dmean": 9.90046977997,
        "dmean2": 15.0118837357,
        "dvar": 91.6149673462,
        "dvar2": 190.15776062,
        "max": 94.0122070312,
        "mean": 29.113494873,
        "median": 26.0379867554,
        "min": 0.673542022705,
        "var": 336.579650879
    },
    "pitch_salience": {
        "dmean": 0.0925396084785,
        "dmean2": 0.156330928206,
        "dvar": 0.00727460999042,
        "dvar2": 0.0209698677063,
        "max": 0.840075016022,
        "mean": 0.546157240868,
        "median": 0.55964410305,
        "min": 0.194629460573,
        "var": 0.0125318737701
    },
    "silence_rate_20dB": {
        "dmean": 0,
        "dmean2": 0,
        "dvar": 0,
        "dvar2": 0,
        "max": 1,
        "mean": 1,
        "median": 1,
        "min": 1,
        "var": 0
    },
    "silence_rate_30dB": {
        "dmean": 0,
        "dmean2": 0,
        "dvar": 0,
        "dvar2": 0,
        "max": 1,
        "mean": 1,
        "median": 1,
        "min": 1,
        "var": 0
    },
    "silence_rate_60dB": {
        "dmean": 0.0061919502914,
        "dmean2": 0.0123934932053,
        "dvar": 0.0061535956338,
        "dvar2": 0.0122398762032,
        "max": 1,
        "mean": 0.00850734766573,
        "median": 0,
        "min": 0,
        "var": 0.00843500718474
    },
    "spectral_centroid": {
        "dmean": 305.988128662,
        "dmean2": 459.293579102,
        "dvar": 89121.03125,
        "dvar2": 197643.3125,
        "max": 2990.43530273,
        "mean": 1527.70349121,
        "median": 1514.67248535,
        "min": 314.721862793,
        "var": 361817.40625
    },
    "spectral_complexity": {
        "dmean": 4.51161003113,
        "dmean2": 6.45313692093,
        "dvar": 17.3180599213,
        "dvar2": 31.9614315033,
        "max": 55,
        "mean": 27.2003097534,
        "median": 28,
        "min": 1,
        "var": 124.77129364
    },
    "spectral_decrease": {
        "dmean": 3.77351128122e-09,
        "dmean2": 6.07187766732e-09,
        "dvar": 2.17037799791e-17,
        "dvar2": 5.38977718424e-17,
        "max": -2.05816308441e-10,
        "mean": -8.71754846088e-09,
        "median": -7.68740715529e-09,
        "min": -3.05667775535e-08,
        "var": 2.71307184178e-17
    },
    "spectral_energy": {
        "dmean": 0.0144822541624,
        "dmean2": 0.0231832433492,
        "dvar": 0.000313970260322,
        "dvar2": 0.000777502951678,
        "max": 0.11759455502,
        "mean": 0.0353912785649,
        "median": 0.0319256335497,
        "min": 0.000873673241585,
        "var": 0.000409341009799
    },
    "spectral_energyband_high": {
        "dmean": 0.000463713658974,
        "dmean2": 0.000541324960068,
        "dvar": 4.824821076e-07,
        "dvar2": 6.49440323741e-07,
        "max": 0.0076386439614,
        "mean": 0.00100464711431,
        "median": 0.000463515258161,
        "min": 5.42047746421e-06,
        "var": 1.78697337105e-06
    },
    "spectral_energyband_low": {
        "dmean": 0.00949419662356,
        "dmean2": 0.0161289516836,
        "dvar": 0.000265129026957,
        "dvar2": 0.000688001804519,
        "max": 0.106562756002,
        "mean": 0.0135833974928,
        "median": 0.00939072016627,
        "min": 8.4063889517e-05,
        "var": 0.000261392473476
    },
    "spectral_energyband_middle_high": {
        "dmean": 0.00261484622024,
        "dmean2": 0.00384885119274,
        "dvar": 1.28865767692e-05,
        "dvar2": 3.29265239998e-05,
        "max": 0.0743931680918,
        "mean": 0.00896512717009,
        "median": 0.00803293474019,
        "min": 2.03090112336e-05,
        "var": 4.84547490487e-05
    },
    "spectral_energyband_middle_low": {
        "dmean": 0.0087875071913,
        "dmean2": 0.0143537530676,
        "dvar": 0.000178593196324,
        "dvar2": 0.000447219965281,
        "max": 0.0930735915899,
        "mean": 0.0137669797987,
        "median": 0.00847563985735,
        "min": 0.000233844140894,
        "var": 0.000222335191211
    },
    "spectral_entropy": {
        "dmean": 0.153432890773,
        "dmean2": 0.216343790293,
        "dvar": 0.0229716263711,
        "dvar2": 0.0488577149808,
        "max": 8.33698272705,
        "mean": 7.65982627869,
        "median": 7.67945194244,
        "min": 6.25806808472,
        "var": 0.12132576853
    },
    "spectral_flux": {
        "dmean": 0.0367414020002,
        "dmean2": 0.0542408451438,
        "dvar": 0.00148819433525,
        "dvar2": 0.00290778186172,
        "max": 0.299662590027,
        "mean": 0.110242553055,
        "median": 0.0960751846433,
        "min": 0.0169862713665,
        "var": 0.00292472541332
    },
    "spectral_kurtosis": {
        "dmean": 1.68137097359,
        "dmean2": 2.85749125481,
        "dvar": 3.05355834961,
        "dvar2": 8.69680213928,
        "max": 16.4107704163,
        "mean": 4.04563236237,
        "median": 3.64526128769,
        "min": 0.0654842853546,
        "var": 5.57307767868
    },
    "spectral_rms": {
        "dmean": 0.00113443098962,
        "dmean2": 0.00175576319452,
        "dvar": 1.4857299675e-06,
        "dvar2": 3.52565507455e-06,
        "max": 0.0107110412791,
        "mean": 0.00564254447818,
        "median": 0.00558094587177,
        "min": 0.000923235667869,
        "var": 2.68978419626e-06
    },
    "spectral_rolloff": {
        "dmean": 537.365112305,
        "dmean2": 855.123962402,
        "dvar": 411344.6875,
        "dvar2": 858608.75,
        "max": 5275.63476562,
        "mean": 1588.09143066,
        "median": 1528.85742188,
        "min": 86.1328125,
        "var": 1037636.1875
    },
    "spectral_skewness": {
        "dmean": 0.22087085247,
        "dmean2": 0.357593774796,
        "dvar": 0.0396177656949,
        "dvar2": 0.105627402663,
        "max": 2.69505214691,
        "mean": 1.3777474165,
        "median": 1.33134579659,
        "min": 0.672762393951,
        "var": 0.113606534898
    },
    "spectral_spread": {
        "dmean": 455671.8125,
        "dmean2": 631860.75,
        "dvar": 416639057920,
        "dvar2": 551248134144,
        "max": 20880048,
        "mean": 3918885.5,
        "median": 3699617,
        "min": 2063707.125,
        "var": 1.41009577574e+12
    },
    "spectral_strongpeak": {
        "dmean": 0.561915695667,
        "dmean2": 0.942885279655,
        "dvar": 0.811102211475,
        "dvar2": 1.99136734009,
        "max": 9.89815807343,
        "mean": 0.98793900013,
        "median": 0.375054270029,
        "min": 0,
        "var": 2.06363487244
    },
    "zerocrossingrate": {
        "dmean": 0.0103132408112,
        "dmean2": 0.0119585413486,
        "dvar": 9.4817019999e-05,
        "dvar2": 0.000117356343253,
        "max": 0.15087890625,
        "mean": 0.0585556104779,
        "median": 0.05517578125,
        "min": 0.009765625,
        "var": 0.000667092739604
    },
    "barkbands": {
        "dmean": [0.000287318049232, 0.00683792447671, 0.00340162054636, 0.0044135004282, 0.00362595054321, 0.000562590779737, 0.000574964389671, 0.00106195814442, 0.00117186328862, 0.00073414639337, 0.000466050609248, 0.000728104263544, 0.000542421941645, 0.000468432990601, 0.000486269913381, 0.000421153003117, 0.000423742982093, 0.000292241951684, 0.000191654180526, 0.000180193543201, 0.000124800106278, 0.00011681162141, 8.21693247417e-05, 7.44495773688e-05, 4.42094824393e-05, 4.83307849208e-06, 3.61460941178e-08],
        "dmean2": [0.000447921367595, 0.0118308272213, 0.00613563740626, 0.0072468505241, 0.00645144889131, 0.000939862686209, 0.000857566308696, 0.00172624131665, 0.00183950387873, 0.00111945345998, 0.000745148339774, 0.00117240217514, 0.000875483383425, 0.000747867336031, 0.000773326843046, 0.000659583776724, 0.000683834776282, 0.000462083145976, 0.000301067804685, 0.000265145354206, 0.000178222777322, 0.000157282236614, 0.000106856547063, 9.45365027292e-05, 5.37908308615e-05, 6.88931686454e-06, 6.0906536703e-08],
        "dvar": [2.70500038368e-07, 0.000163272605278, 4.77927205793e-05, 5.16106847499e-05, 5.87722788623e-05, 7.61686806072e-07, 1.13212104225e-06, 1.49010311361e-05, 1.90560731426e-05, 8.52075845614e-06, 1.35512516408e-06, 2.75400270766e-06, 1.16734952371e-06, 4.98838232943e-07, 5.12716951562e-07, 2.98381962693e-07, 2.85845800363e-07, 1.15267951628e-07, 5.11751601096e-08, 6.2949574442e-08, 2.96848057246e-08, 3.72349227007e-08, 2.08974917371e-08, 2.12035562441e-08, 7.21406001603e-09, 6.78080230854e-11, 2.06768772297e-14],
        "dvar2": [5.52219319161e-07, 0.000440251315013, 0.000139249881613, 0.000123306221212, 0.000159266885021, 1.9462011096e-06, 2.07613743441e-06, 4.08473533753e-05, 4.42203854618e-05, 2.38805478148e-05, 3.26171243614e-06, 6.70384906698e-06, 2.41394309342e-06, 1.16267233352e-06, 1.21553841836e-06, 7.69541372847e-07, 7.2051176403e-07, 2.94856732808e-07, 1.22831821159e-07, 1.40642768542e-07, 5.58329880107e-08, 6.10123223055e-08, 3.47530750844e-08, 3.52894353739e-08, 1.05843076526e-08, 1.31804289705e-10, 4.2700933257e-14],
        "max": [0.00440364982933, 0.0895538181067, 0.0522743649781, 0.0500082485378, 0.061214312911, 0.0090161236003, 0.0246269628406, 0.070611640811, 0.0675380304456, 0.0706318020821, 0.032702691853, 0.0299391448498, 0.0262210592628, 0.012959074229, 0.00859713181853, 0.00681162392721, 0.00716470973566, 0.00325787113979, 0.00256046280265, 0.00363603536971, 0.00181031052489, 0.00201323488727, 0.0015497985296, 0.00132735888474, 0.000791290774941, 9.03552790987e-05, 3.25862879436e-06],
        "mean": [0.000328538968461, 0.00743440538645, 0.00404966250062, 0.00453693652526, 0.00337074813433, 0.00087768730009, 0.0010139758233, 0.00158846704289, 0.00213934620842, 0.00138090772089, 0.000791848869994, 0.00108002626803, 0.000944027793594, 0.000973758171313, 0.00093600328546, 0.000903783889953, 0.00083199411165, 0.000600497878622, 0.000400403660024, 0.000370511435904, 0.000247739750193, 0.000222981179832, 0.000157692018547, 0.000128798797959, 7.31298059691e-05, 7.42157908462e-06, 2.84816010776e-08],
        "median": [0.000106669205707, 0.00373163446784, 0.00167886773124, 0.00207662698813, 0.0014844131656, 0.00055503542535, 0.000496986787766, 0.000440480303951, 0.000432330009062, 0.000405367143685, 0.000292788434308, 0.000556730374228, 0.000513735983986, 0.000521101115737, 0.00055285426788, 0.000603896100074, 0.00053759093862, 0.000440957897808, 0.000277970626485, 0.000217720400542, 0.00013404909987, 8.96600322449e-05, 4.88001460326e-05, 3.05596113321e-05, 1.56185378728e-05, 1.94140625354e-06, 1.40193978648e-09],
        "min": [3.40500179163e-07, 3.19036189467e-05, 7.04353897163e-06, 7.91949787526e-06, 9.54158349487e-06, 5.37768983122e-06, 9.29148995965e-07, 1.32750210469e-06, 8.41420444431e-07, 1.57944077728e-06, 2.38797747443e-06, 1.74940566922e-06, 1.18877460409e-06, 1.56275405061e-06, 9.91148453977e-07, 5.42649729596e-07, 9.94100560092e-07, 1.76955859388e-06, 1.68261806266e-06, 1.73014939264e-06, 1.42945555126e-06, 1.08286724299e-06, 1.38705871677e-07, 4.51166727089e-07, 2.37501951439e-09, 8.37034001139e-12, 4.69493324426e-12],
        "var": [3.67840414128e-07, 0.00013924628729, 3.86398423871e-05, 5.07208387717e-05, 4.11582077504e-05, 1.06020729618e-06, 3.88579337596e-06, 2.4998878871e-05, 5.16855579917e-05, 2.25164712901e-05, 2.8158542591e-06, 3.56584359906e-06, 2.46013814831e-06, 2.26678639592e-06, 1.20226366107e-06, 8.55035409586e-07, 7.31033537704e-07, 3.10191524022e-07, 1.51140795879e-07, 1.99917209898e-07, 8.83420412379e-08, 1.04621257435e-07, 6.28313969742e-08, 5.27343964052e-08, 1.89906561587e-08, 1.64295146932e-10, 1.74796632789e-14]
    },
    "erbbands": {
        "dmean": [0.162402838469, 1.68739891052, 3.84970116615, 8.52290153503, 16.6103286743, 10.1952161789, 5.5294675827, 4.73491239548, 6.83925485611, 12.7943372726, 24.5272293091, 34.6941833496, 20.0137901306, 16.6079292297, 23.4377365112, 23.6741104126, 25.9254817963, 18.0823497772, 27.4616088867, 21.9986572266, 21.9721374512, 22.3493003845, 15.767168045, 11.2143106461, 9.02871799469, 8.44527435303, 5.64776706696, 4.98297834396, 4.42628717422, 3.13207149506, 2.26574325562, 1.7059006691, 1.22758972645, 0.705087006092, 0.20249684155, 0.0396761745214, 0.0063231610693, 0.000443785742391, 1.87627065316e-05, 1.62261894729e-05],
        "dmean2": [0.27423080802, 2.96123051643, 6.86824274063, 13.9738721848, 28.0571479797, 18.2346057892, 9.59610748291, 7.88428735733, 11.1030158997, 19.2919998169, 39.6503410339, 54.8324317932, 31.5841522217, 25.6285152435, 36.7546844482, 39.0416412354, 40.757850647, 27.6341495514, 43.4533500671, 35.7026405334, 34.2492599487, 35.6483650208, 24.5326519012, 17.2108516693, 13.7978534698, 12.3794498444, 7.97545671463, 7.07957410812, 6.19388580322, 4.13458251953, 2.93407177925, 2.22588539124, 1.58232498169, 0.860073447227, 0.25204706192, 0.0537241213024, 0.00944335665554, 0.000702448713128, 2.58128366113e-05, 2.51182555076e-05],
        "dvar": [0.107002779841, 10.0235748291, 58.0285453796, 138.448699951, 1083.83508301, 436.562683105, 105.603111267, 51.9813346863, 115.339408875, 857.680175781, 8135.04736328, 18952.4238281, 6537.39794922, 1499.33605957, 3020.77075195, 2777.51635742, 2258.98461914, 1109.38952637, 1638.02575684, 774.389648438, 771.57635498, 799.855041504, 338.715545654, 181.350784302, 124.527549744, 129.438583374, 64.338104248, 50.472240448, 53.8033866882, 28.565694809, 16.5422477722, 10.7834978104, 5.93760490417, 1.90232336521, 0.148418962955, 0.00472966628149, 0.000126593105961, 8.65398078531e-07, 1.04636832532e-09, 3.77370357185e-10],
        "dvar2": [0.283490628004, 27.4697246552, 167.735183716, 342.242584229, 2754.54736328, 1215.23925781, 285.763763428, 131.613494873, 295.754272461, 1646.23571777, 22408.984375, 44365.4335938, 19188.3789062, 3578.60839844, 7206.19140625, 6952.16357422, 4008.09790039, 2226.5793457, 4057.875, 1923.29748535, 2048.66137695, 2077.97338867, 854.753601074, 440.130950928, 285.346343994, 285.705352783, 130.629318237, 98.9944534302, 94.3178024292, 48.7407188416, 27.5980682373, 18.7562408447, 10.0489063263, 2.85629820824, 0.237293168902, 0.00879621505737, 0.000276029197266, 2.02718274522e-06, 1.96325111723e-09, 8.88769779994e-10],
        "max": [2.50514030457, 21.8581371307, 57.2158508301, 73.8174362183, 248.315872192, 152.589050293, 78.7035522461, 81.6201934814, 128.331710815, 611.054748535, 1792.08813477, 2102.73144531, 2041.10827637, 813.693908691, 1316.24169922, 1111.90124512, 1284.27246094, 765.604125977, 509.288543701, 370.814239502, 398.084869385, 377.416320801, 203.20690918, 148.119674683, 126.848175049, 167.227325439, 115.304092407, 72.1091308594, 82.1133041382, 57.2457809448, 44.869556427, 32.8513641357, 23.6912174225, 13.6036787033, 3.84380316734, 0.749488830566, 0.112806990743, 0.0119005730376, 0.000538411957677, 0.000130667875055],
        "mean": [0.165747597814, 1.84230268002, 4.90817546844, 9.62468719482, 15.7156610489, 9.87357330322, 6.37242460251, 7.81730031967, 11.2476739883, 23.5267543793, 38.2705230713, 62.31042099, 37.9335365295, 32.2707633972, 41.1994934082, 40.251411438, 48.194644928, 42.7691726685, 54.9980621338, 47.9710083008, 47.3502578735, 46.7178153992, 34.9632263184, 25.0123691559, 20.1230773926, 17.543554306, 11.5747823715, 9.2763633728, 8.19017314911, 6.02291727066, 4.25556945801, 2.95561218262, 2.02108383179, 1.1440268755, 0.333096981049, 0.0645356550813, 0.00869883503765, 0.000541300687473, 4.08145788242e-05, 4.48923128715e-05],
        "median": [0.0638470575213, 0.94326364994, 2.61620664597, 5.56156492233, 6.04609251022, 4.85531806946, 3.70939803123, 4.88002824783, 6.59921360016, 8.46428489685, 11.5613145828, 11.0747566223, 12.6278009415, 14.6957931519, 20.3502941132, 24.3922348022, 30.2028274536, 24.711971283, 37.2419204712, 35.6762084961, 33.2704734802, 31.956993103, 24.8510932922, 17.1999740601, 13.771150589, 9.98438644409, 6.80993700027, 4.73018312454, 3.30467939377, 2.06949424744, 1.28534471989, 0.736885607243, 0.45415905118, 0.231435626745, 0.0806953161955, 0.0179185774177, 0.00182784337085, 0.000105672435893, 2.57889641944e-05, 4.09598542319e-05],
        "min": [0.000450008607004, 0.00331484037451, 0.012773479335, 0.0506106801331, 0.0203573871404, 0.0234742294997, 0.0807951539755, 0.0227019637823, 0.0174288116395, 0.0215708427131, 0.0642600432038, 0.0253570210189, 0.0574560947716, 0.0364827625453, 0.108137346804, 0.0532693453133, 0.0446095503867, 0.0576842017472, 0.0708510354161, 0.0522535443306, 0.0547579824924, 0.0760492086411, 0.0912924781442, 0.118958890438, 0.0650266557932, 0.0893541947007, 0.0695853531361, 0.0627042651176, 0.0433780886233, 0.0241786967963, 0.024037361145, 0.011656306684, 0.00625977991149, 0.00031768597546, 4.74718799524e-05, 1.27477642309e-05, 3.62727541869e-06, 5.60210253298e-07, 9.54040956458e-07, 1.31355932353e-06],
        "var": [0.0952325612307, 8.04937839508, 47.3821868896, 141.644104004, 905.860412598, 293.589202881, 83.6934967041, 81.4752578735, 187.381011963, 3176.79785156, 13503.5146484, 47982.2539062, 13532.8603516, 5021.27392578, 5403.84277344, 3685.890625, 5711.09423828, 6564.57324219, 3725.23242188, 2188.54467773, 2205.92993164, 2099.94628906, 1035.12133789, 570.979919434, 396.274414062, 428.27142334, 188.701705933, 137.650650024, 141.582733154, 84.4153518677, 47.4746742249, 26.3932571411, 14.0516614914, 4.8442029953, 0.372703403234, 0.0120520526543, 0.000247755902819, 1.26321504013e-06, 2.08715844607e-09, 6.07608963143e-10]
    },
    "gfcc": {
        "mean": [21.8598556519, 107.191871643, -139.781173706, 50.881603241, -53.9829483032, 26.3519248962, -35.0483627319, 10.6127891541, -19.5996627808, -4.70066452026, -11.7870187759, -8.94841480255, -7.36340427399],
        "cov": [[2281.42651367, -913.243835449, -159.899337769, 125.121253967, -74.0234298706, 46.0218429565, -273.703887939, -3.07318067551, -231.74041748, 109.76272583, -205.681762695, 57.7117614746, -99.1639862061], [-913.243835449, 966.483947754, -51.7534751892, -40.4863204956, 289.987335205, -113.450683594, 118.774261475, -110.427886963, 200.199829102, -97.3625106812, 140.50718689, -93.9757461548, 104.262466431], [-159.899337769, -51.7534751892, 463.942199707, 38.0973854065, -146.496704102, 19.6418514252, -23.511177063, 19.0580940247, -27.4455661774, -7.22928190231, -40.1190299988, 30.5590629578, -50.4654273987], [125.121253967, -40.4863204956, 38.0973854065, 277.847991943, 132.118408203, 46.5551719666, -111.992233276, -102.319961548, -0.838871359825, 6.24487304688, -17.2923164368, -42.8161659241, 65.7271728516], [-74.0234298706, 289.987335205, -146.496704102, 132.118408203, 429.248596191, 4.42621278763, -16.9337749481, -86.8959579468, 63.5882911682, 34.3542976379, 12.1811027527, -39.9066314697, 70.9052276611], [46.0218429565, -113.450683594, 19.6418514252, 46.5551719666, 4.42621278763, 112.397964478, 13.049328804, 15.7064838409, -8.39802742004, 13.4922132492, -5.18775558472, -14.4145555496, 11.1501684189], [-273.703887939, 118.774261475, -23.511177063, -111.992233276, -16.9337749481, 13.049328804, 203.515670776, 97.806602478, 48.6560401917, -14.2466964722, 46.868927002, 5.1421251297, -23.862197876], [-3.07318067551, -110.427886963, 19.0580940247, -102.319961548, -86.8959579468, 15.7064838409, 97.806602478, 157.304244995, 19.7170791626, 27.2783355713, 9.36061954498, 42.2469749451, -47.1051445007], [-231.74041748, 200.199829102, -27.4455661774, -0.838871359825, 63.5882911682, -8.39802742004, 48.6560401917, 19.7170791626, 119.149719238, 5.56368684769, 56.3384170532, -18.9402656555, 30.7244911194], [109.76272583, -97.3625106812, -7.22928190231, 6.24487304688, 34.3542976379, 13.4922132492, -14.2466964722, 27.2783355713, 5.56368684769, 87.1890869141, 5.31562376022, 28.4835224152, -10.9979352951], [-205.681762695, 140.50718689, -40.1190299988, -17.2923164368, 12.1811027527, -5.18775558472, 46.868927002, 9.36061954498, 56.3384170532, 5.31562376022, 93.5334625244, 15.8172512054, 24.0704841614], [57.7117614746, -93.9757461548, 30.5590629578, -42.8161659241, -39.9066314697, -14.4145555496, 5.1421251297, 42.2469749451, -18.9402656555, 28.4835224152, 15.8172512054, 98.9104919434, -14.5706996918], [-99.1639862061, 104.262466431, -50.4654273987, 65.7271728516, 70.9052276611, 11.1501684189, -23.862197876, -47.1051445007, 30.7244911194, -10.9979352951, 24.0704841614, -14.5706996918, 86.4833374023]],
        "icov": [[0.000958573131356, 0.000532481528353, 0.000643964158371, -0.000362943887012, -7.40663745091e-05, 5.3370353271e-05, 0.00075347017264, -0.000107222658698, 0.000159488088684, -0.000190270686289, 0.000899015692994, -0.000347471155692, 0.000922503706533], [0.000532481528353, 0.0098039554432, -0.00405472982675, 0.00621598958969, -0.00707406876609, 0.00725279841572, -0.00223035435192, 0.00494441902265, -0.00570894032717, 0.00738567486405, -0.00909582246095, 0.0066922493279, -0.00473012169823], [0.000643964158371, -0.00405472982675, 0.00556791014969, -0.00472100870684, 0.00452114734799, -0.0039554736577, 0.00135891395621, -0.00150663021486, 0.00103080028202, -0.00306588690728, 0.006796781905, -0.0054028024897, 0.00526313995942], [-0.000362943887012, 0.00621598958969, -0.00472100870684, 0.0124028911814, -0.00659431982785, 0.00195207330398, 0.00118009804282, 0.00459667248651, -0.00361691578291, 0.00480050500482, -0.00734817795455, 0.00660540210083, -0.00705343438312], [-7.40663745091e-05, -0.00707406876609, 0.00452114734799, -0.00659431982785, 0.00968230608851, -0.00494550494477, -0.000314105447615, -0.000589644885622, 0.00156188139226, -0.00824652798474, 0.00958214700222, -0.00587355345488, 0.00312473881058], [5.3370353271e-05, 0.00725279841572, -0.0039554736577, 0.00195207330398, -0.00494550494477, 0.017898440361, -0.00436098594218, 0.000480035028886, -0.000475809414638, 0.00253617647104, -0.0077618653886, 0.0088733099401, -0.00752221560106], [0.00075347017264, -0.00223035435192, 0.00135891395621, 0.00118009804282, -0.000314105447615, -0.00436098594218, 0.0129372933879, -0.00802268646657, 0.00121422880329, 0.00257589644752, -0.00193248188589, -0.000103809412394, 0.00388513086364], [-0.000107222658698, 0.00494441902265, -0.00150663021486, 0.00459667248651, -0.000589644885622, 0.000480035028886, -0.00802268646657, 0.0199753828347, -0.00947811454535, -0.000610677001532, 0.000499602698255, -0.00258793123066, 0.00134606612846], [0.000159488088684, -0.00570894032717, 0.00103080028202, -0.00361691578291, 0.00156188139226, -0.000475809414638, 0.00121422880329, -0.00947811454535, 0.0221570562571, -0.00622691400349, -0.00410533882678, 0.00345876370557, -0.00256898300722], [-0.000190270686289, 0.00738567486405, -0.00306588690728, 0.00480050500482, -0.00824652798474, 0.00253617647104, 0.00257589644752, -0.000610677001532, -0.00622691400349, 0.0235498994589, -0.00979687552899, 0.000966837164015, 0.000349247740814], [0.000899015692994, -0.00909582246095, 0.006796781905, -0.00734817795455, 0.00958214700222, -0.0077618653886, -0.00193248188589, 0.000499602698255, -0.00410533882678, -0.00979687552899, 0.0317127555609, -0.01436116267, 0.00339739629999], [-0.000347471155692, 0.0066922493279, -0.0054028024897, 0.00660540210083, -0.00587355345488, 0.0088733099401, -0.000103809412394, -0.00258793123066, 0.00345876370557, 0.000966837164015, -0.01436116267, 0.0227836407721, -0.00767608219758], [0.000922503706533, -0.00473012169823, 0.00526313995942, -0.00705343438312, 0.00312473881058, -0.00752221560106, 0.00388513086364, 0.00134606612846, -0.00256898300722, 0.000349247740814, 0.00339739629999, -0.00767608219758, 0.0256863255054]]
    },
    "melbands": {
        "dmean": [0.00171611085534, 0.00203924207017, 0.00179692055099, 0.000960521458182, 0.000228873468586, 0.000106941413833, 0.000103034675703, 0.000170910207089, 0.000193944651983, 0.000200650290935, 0.000100074961665, 7.52085106797e-05, 7.87372046034e-05, 7.73213832872e-05, 7.40871982998e-05, 4.24682621087e-05, 3.73797265638e-05, 4.73288200737e-05, 3.42274470313e-05, 3.08579474222e-05, 2.70170130534e-05, 2.6147108656e-05, 1.92426268768e-05, 1.48769522639e-05, 9.39497476793e-06, 7.4751142165e-06, 7.00446207702e-06, 5.68046471017e-06, 4.04953379984e-06, 3.16099567499e-06, 3.05064077111e-06, 2.84624957203e-06, 2.12672330235e-06, 1.73785656443e-06, 1.36437859055e-06, 1.24580481042e-06, 1.02587705442e-06, 9.45363581195e-07, 7.22264019259e-07, 5.92597473315e-07],
        "dmean2": [0.00293822982349, 0.00357266678475, 0.00295087858103, 0.00165547209326, 0.000398759962991, 0.000177861002157, 0.000164209952345, 0.000267151190201, 0.000308242073515, 0.000319258164382, 0.00015713062021, 0.000115328650281, 0.000125116639538, 0.000123473713757, 0.000118208568892, 6.6647240601e-05, 5.7303775975e-05, 7.63894058764e-05, 5.45687616977e-05, 4.98383014929e-05, 4.34322973888e-05, 4.25926045864e-05, 3.00006140606e-05, 2.34387516684e-05, 1.46695238072e-05, 1.18101525004e-05, 1.05654062281e-05, 8.55942471389e-06, 5.84718009122e-06, 4.73457430417e-06, 4.51051437267e-06, 4.14068608734e-06, 2.94895653496e-06, 2.38229335991e-06, 1.88402748336e-06, 1.66000995705e-06, 1.39506676078e-06, 1.26215002183e-06, 9.31623048928e-07, 7.46691853237e-07],
        "dvar": [1.06061734186e-05, 1.48672243085e-05, 7.89064961282e-06, 3.67274583368e-06, 1.88134208656e-07, 2.58782666407e-08, 2.58061358949e-08, 1.91509627712e-07, 3.90070653111e-07, 6.5068695676e-07, 1.88203884477e-07, 4.01547417539e-08, 3.91815504486e-08, 3.96848136575e-08, 2.06026466998e-08, 5.25710674992e-09, 5.03984232125e-09, 4.59666438246e-09, 2.28114105383e-09, 1.84402026981e-09, 1.16308163101e-09, 1.20810517146e-09, 6.44581943376e-10, 3.54477530662e-10, 1.39595460191e-10, 9.20168802265e-11, 1.04959638203e-10, 6.47649503471e-11, 3.87547563485e-11, 2.22574510905e-11, 2.0326783659e-11, 2.47467081549e-11, 1.29313773231e-11, 9.38309759752e-12, 5.64422510466e-12, 5.95672686524e-12, 4.059758172e-12, 3.55343814269e-12, 2.00729515475e-12, 1.39513747777e-12],
        "dvar2": [2.84610159724e-05, 4.16557959397e-05, 1.91360122699e-05, 9.76153205556e-06, 5.11380903845e-07, 6.53180833865e-08, 6.33753032275e-08, 4.61608266278e-07, 1.03918046079e-06, 1.53288044658e-06, 5.48136426914e-07, 9.71594289467e-08, 9.50601801719e-08, 9.32353145799e-08, 5.1477119456e-08, 1.06838591307e-08, 1.01433714761e-08, 1.15952838442e-08, 5.39081357331e-09, 4.66966554313e-09, 3.1432394465e-09, 3.20282689259e-09, 1.61448521219e-09, 9.23368881356e-10, 3.50271173177e-10, 2.22417889661e-10, 2.38330022384e-10, 1.47572981612e-10, 8.37785396612e-11, 5.07064668032e-11, 4.20923504385e-11, 4.81835821242e-11, 2.32606104517e-11, 1.8186835718e-11, 9.92244134079e-12, 1.09488858951e-11, 7.50572607539e-12, 6.50417653764e-12, 3.40323342424e-12, 2.23074315096e-12],
        "max": [0.0222204793245, 0.027341991663, 0.0203516557813, 0.0151159269735, 0.0032071787864, 0.00182860367931, 0.00212191510946, 0.00618001166731, 0.0122255878523, 0.0128854094073, 0.010917426087, 0.0038397947792, 0.00540459668264, 0.00302682444453, 0.00361240259372, 0.0020058772061, 0.00170431274455, 0.000796518579591, 0.000553531164769, 0.000612981733866, 0.000418876414187, 0.00045302012586, 0.000339849182637, 0.000229381301324, 0.00013221646077, 0.000137945608003, 0.000213117411477, 0.000124210564536, 0.000100289013062, 5.83022265346e-05, 4.83664916828e-05, 5.95322380832e-05, 3.48108660546e-05, 3.56782729796e-05, 3.04275072267e-05, 2.40982099058e-05, 2.01852635655e-05, 1.75702352863e-05, 1.32345603561e-05, 1.19378619274e-05],
        "mean": [0.00182755070273, 0.00257982080802, 0.00198764284141, 0.000933848961722, 0.000257584120845, 0.000179538503289, 0.000171581908944, 0.000289257295663, 0.000318307749694, 0.000354568473995, 0.000185248776688, 0.000141955373692, 0.000135868991492, 0.000115830240247, 0.000123680758406, 7.66593948356e-05, 8.32694859128e-05, 8.97685458767e-05, 6.66666528559e-05, 6.41580918455e-05, 5.24351817148e-05, 4.94707710459e-05, 3.79669036192e-05, 2.86711801891e-05, 1.91134913621e-05, 1.51866743181e-05, 1.39511384987e-05, 1.09655447886e-05, 7.706942597e-06, 5.6051953834e-06, 5.27566726305e-06, 4.94428104503e-06, 3.80657138521e-06, 3.14707949656e-06, 2.48234209721e-06, 2.10321263694e-06, 1.69003192241e-06, 1.47526634464e-06, 1.17140734801e-06, 9.05557328679e-07],
        "median": [0.000857524108142, 0.00152222276665, 0.00104918680154, 0.000432852189988, 0.000150337873492, 0.000114745809697, 9.67493397184e-05, 9.59991739364e-05, 9.70626642811e-05, 6.05849272688e-05, 5.84546069149e-05, 5.66076487303e-05, 6.08763330092e-05, 4.62704483652e-05, 7.60825714679e-05, 4.86677454319e-05, 3.96514806198e-05, 5.64869696973e-05, 4.25332582381e-05, 4.2605541239e-05, 3.45396510966e-05, 3.16075602314e-05, 2.43505946855e-05, 1.90501486941e-05, 1.26349341372e-05, 1.05518438431e-05, 7.91343336459e-06, 6.13128531768e-06, 4.41449492428e-06, 3.07080313178e-06, 2.47323691838e-06, 1.91642675418e-06, 1.40880911204e-06, 1.03990009848e-06, 7.68248412442e-07, 5.37647679266e-07, 4.16780665091e-07, 3.24139932673e-07, 2.47428801003e-07, 1.73539888237e-07],
        "min": [7.948381608e-06, 4.96255643156e-06, 9.3425369414e-06, 1.52174800405e-06, 2.64800723926e-06, 5.84296344641e-07, 2.0073593987e-07, 2.52552041502e-07, 5.2909445003e-07, 1.32747871362e-07, 2.83191980088e-07, 1.04046698368e-07, 3.71250081344e-07, 2.6771846251e-07, 6.21287341573e-08, 1.08461307491e-07, 1.05525586491e-07, 6.78803928622e-08, 7.21819617411e-08, 3.24537090535e-08, 7.67200205587e-08, 6.49614690929e-08, 6.91115573659e-08, 8.4615614071e-08, 7.01331757114e-08, 5.28811945344e-08, 4.13451175518e-08, 5.09885396127e-08, 3.38457901705e-08, 2.66798636517e-08, 3.30151195271e-08, 2.60169503719e-08, 1.64322031537e-08, 1.20861409769e-08, 2.25219931593e-09, 1.00152854898e-08, 2.88823009953e-09, 7.61126384141e-10, 7.82324274806e-11, 2.31852748805e-11],
