{
"highlevel": {
    "danceability": {
        "all": {
            "danceable": 0.300048440695,
            "not_danceable": 0.699951589108
        },
        "probability": 0.699951589108,
        "value": "not_danceable"
    },
    "gender": {
        "all": {
            "female": 0.912650227547,
            "male": 0.0873497650027
        },
        "probability": 0.912650227547,
        "value": "female"
    },
    "genre_dortmund": {
        "all": {
            "alternative": 0.0110572651029,
            "blues": 0.0282780695707,
            "electronic": 0.0524661615491,
            "folkcountry": 0.14860406518,
            "funksoulrnb": 0.0595605075359,
            "jazz": 0.175681456923,
            "pop": 0.0670574530959,
            "raphiphop": 0.42138504982,
            "rock": 0.0359099805355
        },
        "probability": 0.42138504982,
        "value": "raphiphop"
    },
    "genre_electronic": {
        "all": {
            "ambient": 0.583648920059,
            "dnb": 0.0712204873562,
            "house": 0.298603594303,
            "techno": 0.0317923799157,
            "trance": 0.0147346090525
        },
        "probability": 0.583648920059,
        "value": "ambient"
    },
    "genre_rosamerica": {
        "all": {
            "cla": 0.0197389535606,
            "dan": 0.0116895902902,
            "hip": 0.0546996407211,
            "jaz": 0.0810604766011,
            "pop": 0.169679239392,
            "rhy": 0.5713352561,
            "roc": 0.0109739685431,
            "spe": 0.0808228626847
        },
        "probability": 0.5713352561,
        "value": "rhy"
    },
    "genre_tzanetakis": {
        "all": {
            "blu": 0.0626613423228,
            "cla": 0.0348169617355,
            "cou": 0.104475811124,
            "dis": 0.0784321576357,
            "hip": 0.15692435205,
            "jaz": 0.313974827528,
            "met": 0.0448166541755,
            "pop": 0.0627359300852,
            "reg": 0.0627360641956,
            "roc": 0.0784258767962
        },
        "probability": 0.313974827528,
        "value": "jaz"
    },
    "ismir04_rhythm": {
        "all": {
            "ChaChaCha": 0.0108652869239,
            "Jive": 0.0270492359996,
            "Quickstep": 0.0775749906898,
            "Rumba-American": 0.0130446432158,
            "Rumba-International": 0.658070862293,
            "Rumba-Misc": 0.00913923140615,
            "Samba": 0.0227794889361,
            "Tango": 0.00247825286351,
            "VienneseWaltz": 0.164420574903,
            "Waltz": 0.0145774204284
        },
        "probability": 0.658070862293,
        "value": "Rumba-International"
    },
    "mood_acoustic": {
        "all": {
            "acoustic": 0.912336468697,
            "not_acoustic": 0.0876635238528
        },
        "probability": 0.912336468697,
        "value": "acoustic"
    },
    "mood_aggressive": {
        "all": {
            "aggressive": 0.0603191070259,
            "not_aggressive": 0.939680874348
        },
        "probability": 0.939680874348,
        "value": "not_aggressive"
    },
    "mood_electronic": {
        "all": {
            "electronic": 0.542098104954,
            "not_electronic": 0.457901895046
        },
        "probability": 0.542098104954,
        "value": "electronic"
    },
    "mood_happy": {
        "all": {
            "happy": 0.337148815393,
            "not_happy": 0.662851214409
        },
        "probability": 0.662851214409,
        "value": "not_happy"
    },
    "mood_party": {
        "all": {
            "not_party": 0.949529528618,
            "party": 0.0504704602063
        },
        "probability": 0.949529528618,
        "value": "not_party"
    },
    "mood_relaxed": {
        "all": {
            "not_relaxed": 0.115973331034,
            "relaxed": 0.884026646614
        },
        "probability": 0.884026646614,
        "value": "relaxed"
    },
    "mood_sad": {
        "all": {
            "not_sad": 0.140750542283,
            "sad": 0.859249472618
        },
        "probability": 0.859249472618,
        "value": "sad"
    },
    "moods_mirex": {
        "all": {
            "Cluster1": 0.23423306644,
            "Cluster2": 0.418644279242,
            "Cluster3": 0.150878041983,
            "Cluster4": 0.163306131959,
            "Cluster5": 0.0329384729266
        },
        "probability": 0.418644279242,
        "value": "Cluster2"
    },
    "timbre": {
        "all": {
            "bright": 0.86356061697,
            "dark": 0.136439368129
        },
        "probability": 0.86356061697,
        "value": "bright"
    },
    "tonal_atonal": {
        "all": {
            "atonal": 0.0366829447448,
            "tonal": 0.963317036629
        },
        "probability": 0.963317036629,
        "value": "tonal"
    },
    "voice_instrumental": {
        "all": {
            "instrumental": 0.16840004921,
            "voice": 0.83159995079
        },
        "probability": 0.83159995079,
        "value": "voice"
    }
},
"lowlevel": {
    "average_loudness": 0.968214690685,
    "barkbands_crest": {
        "dmean": 2.68969988823,
        "dmean2": 4.28209400177,
        "dvar": 5.18916845322,
        "dvar2": 12.5267467499,
        "max": 23.0063400269,
        "mean": 10.8992786407,
        "median": 10.5256614685,
        "min": 3.19590234756,
        "var": 13.7296876907
    },
    "barkbands_flatness_db": {
        "dmean": 0.0310933403671,
        "dmean2": 0.0438102781773,
        "dvar": 0.00107773370109,
        "dvar2": 0.00191293074749,
        "max": 0.431610643864,
        "mean": 0.225153118372,
        "median": 0.227188631892,
        "min": 0.0487880371511,
        "var": 0.00347250304185
    },
    "barkbands_kurtosis": {
        "dmean": 6.32113218307,
        "dmean2": 9.9545211792,
        "dvar": 78.2545776367,
        "dvar2": 183.333236694,
        "max": 87.7958984375,
        "mean": 10.567899704,
        "median": 7.14233016968,
        "min": -1.90047514439,
        "var": 133.483215332
    },
    "barkbands_skewness": {
        "dmean": 0.795283615589,
        "dmean2": 1.24252593517,
        "dvar": 0.70328348875,
        "dvar2": 1.56138396263,
        "max": 7.81447458267,
        "mean": 2.22219777107,
        "median": 2.09826850891,
        "min": -1.36989998817,
        "var": 1.70993125439
    },
    "barkbands_spread": {
        "dmean": 4.45747184753,
        "dmean2": 6.65154933929,
        "dvar": 61.006603241,
        "dvar2": 100.32535553,
        "max": 92.0397415161,
        "mean": 11.4374113083,
        "median": 6.90485191345,
        "min": 1.06530690193,
        "var": 172.460128784
    },
    "dissonance": {
        "dmean": 0.0351653434336,
        "dmean2": 0.05642259866,
        "dvar": 0.00100599229336,
        "dvar2": 0.002620248124,
        "max": 0.5,
        "mean": 0.415028631687,
        "median": 0.421348899603,
        "min": 0.208937376738,
        "var": 0.00276477588341
    },
    "dynamic_complexity": 2.51831364632,
    "erbbands_crest": {
        "dmean": 3.34835720062,
        "dmean2": 5.46287059784,
        "dvar": 8.77715492249,
        "dvar2": 22.8603820801,
        "max": 28.0464611053,
        "mean": 11.8875179291,
        "median": 11.1745252609,
        "min": 3.3899371624,
        "var": 21.1316776276
    },
    "erbbands_flatness_db": {
        "dmean": 0.0274592358619,
        "dmean2": 0.0394805110991,
        "dvar": 0.000769571051933,
        "dvar2": 0.00146277563181,
        "max": 0.373783946037,
        "mean": 0.214604064822,
        "median": 0.218936964869,
        "min": 0.0864934697747,
        "var": 0.00261884904467
    },
    "erbbands_kurtosis": {
        "dmean": 2.46809673309,
        "dmean2": 3.98562192917,
        "dvar": 11.7930030823,
        "dvar2": 28.0206546783,
        "max": 38.1522407532,
        "mean": 3.31254458427,
        "median": 2.27409219742,
        "min": -1.83434188366,
        "var": 20.8805618286
    },
    "erbbands_skewness": {
        "dmean": 0.553250133991,
        "dmean2": 0.848091363907,
        "dvar": 0.321941584349,
        "dvar2": 0.667430222034,
        "max": 4.62982797623,
        "mean": 1.28593623638,
        "median": 1.34150183201,
        "min": -3.57570338249,
        "var": 1.02142381668
    },
    "erbbands_spread": {
        "dmean": 10.9207668304,
        "dmean2": 17.3164081573,
        "dvar": 222.416503906,
        "dvar2": 448.800445557,
        "max": 141.159332275,
        "mean": 30.0390071869,
        "median": 20.6696987152,
        "min": 3.05709576607,
        "var": 604.511779785
    },
    "hfc": {
        "dmean": 10.0113105774,
        "dmean2": 16.7689342499,
        "dvar": 889.605834961,
        "dvar2": 2483.01855469,
        "max": 261.187957764,
        "mean": 16.8015823364,
        "median": 12.7001991272,
        "min": 0.470191568136,
        "var": 608.592651367
    },
    "melbands_crest": {
        "dmean": 3.33131551743,
        "dmean2": 5.36734247208,
        "dvar": 7.40907382965,
        "dvar2": 18.3405342102,
        "max": 28.8751316071,
        "mean": 14.1263561249,
        "median": 13.6796226501,
        "min": 5.06585836411,
        "var": 18.3784885406
    },
    "melbands_flatness_db": {
        "dmean": 0.0379495769739,
        "dmean2": 0.0521928668022,
        "dvar": 0.00182758807205,
        "dvar2": 0.00308577087708,
        "max": 0.555575609207,
        "mean": 0.293812066317,
        "median": 0.29647347331,
        "min": 0.047086417675,
        "var": 0.00691068032756
    },
    "melbands_kurtosis": {
        "dmean": 12.0235443115,
        "dmean2": 19.6110439301,
        "dvar": 442.478942871,
        "dvar2": 1058.98950195,
        "max": 235.287399292,
        "mean": 19.3054466248,
        "median": 12.1748390198,
        "min": -1.56654131413,
        "var": 588.499938965
    },
    "melbands_skewness": {
        "dmean": 1.00654423237,
        "dmean2": 1.62147951126,
        "dvar": 1.3890247345,
        "dvar2": 3.15247797966,
        "max": 12.4563598633,
        "mean": 2.72944450378,
        "median": 2.36419010162,
        "min": -0.131601750851,
        "var": 3.06516265869
    },
    "melbands_spread": {
        "dmean": 5.09642934799,
        "dmean2": 7.49676942825,
        "dvar": 98.5509872437,
        "dvar2": 191.048919678,
        "max": 175.03364563,
        "mean": 11.8913545609,
        "median": 7.46199893951,
        "min": 0.939887106419,
        "var": 230.622512817
    },
    "pitch_salience": {
        "dmean": 0.0792936906219,
        "dmean2": 0.125196561217,
        "dvar": 0.00446985848248,
        "dvar2": 0.0110375182703,
        "max": 0.844105184078,
        "mean": 0.601713061333,
        "median": 0.61400604248,
        "min": 0.251268386841,
        "var": 0.0128495683894
    },
    "silence_rate_20dB": {
        "dmean": 0,
        "dmean2": 0,
        "dvar": 0,
        "dvar2": 0,
        "max": 1,
        "mean": 1,
        "median": 1,
        "min": 1,
        "var": 0
    },
    "silence_rate_30dB": {
        "dmean": 0.0479876175523,
        "dmean2": 0.0960495769978,
        "dvar": 0.0456853210926,
        "dvar2": 0.0976671949029,
        "max": 1,
        "mean": 0.946635723114,
        "median": 1,
        "min": 0,
        "var": 0.0505171082914
    },
    "silence_rate_60dB": {
        "dmean": 0.0139318881556,
        "dmean2": 0.0278853606433,
        "dvar": 0.0137379430234,
        "dvar2": 0.0302064009011,
        "max": 1,
        "mean": 0.0208816714585,
        "median": 0,
        "min": 0,
        "var": 0.0204456131905
    },
    "spectral_centroid": {
        "dmean": 229.878189087,
        "dmean2": 342.111236572,
        "dvar": 137219.65625,
        "dvar2": 252121.78125,
        "max": 4242.66943359,
        "mean": 797.225280762,
        "median": 582.83581543,
        "min": 175.187561035,
        "var": 372828.34375
    },
    "spectral_complexity": {
        "dmean": 3.59133124352,
        "dmean2": 5.54144096375,
        "dvar": 32.6380310059,
        "dvar2": 65.0089187622,
        "max": 55,
        "mean": 12.3518943787,
        "median": 11,
        "min": 3,
        "var": 49.3850860596
    },
    "spectral_decrease": {
        "dmean": 4.24621804385e-09,
        "dmean2": 6.61739241181e-09,
        "dvar": 5.25116421289e-17,
        "dvar2": 1.24475475301e-16,
        "max": -2.99945929205e-10,
        "mean": -9.68769686693e-09,
        "median": -7.11585457225e-09,
        "min": -6.72060593843e-08,
        "var": 8.70065096579e-17
    },
    "spectral_energy": {
        "dmean": 0.0168523825705,
        "dmean2": 0.0263581406325,
        "dvar": 0.000820030807517,
        "dvar2": 0.00196787691675,
        "max": 0.25908729434,
        "mean": 0.0380874983966,
        "median": 0.0283883158118,
        "min": 0.00117471267004,
        "var": 0.00130914174952
    },
    "spectral_energyband_high": {
        "dmean": 0.000558506464586,
        "dmean2": 0.000951017718762,
        "dvar": 4.10595521316e-06,
        "dvar2": 1.11373183245e-05,
        "max": 0.0192525349557,
        "mean": 0.000537262356374,
        "median": 7.11322427378e-05,
        "min": 3.23423478221e-07,
        "var": 2.99993780573e-06
    },
    "spectral_energyband_low": {
        "dmean": 0.0100125847384,
        "dmean2": 0.0156256947666,
        "dvar": 0.000574223930016,
        "dvar2": 0.00135935540311,
        "max": 0.217316120863,
        "mean": 0.0169121231884,
        "median": 0.00286217289977,
        "min": 4.61517811345e-05,
        "var": 0.000855383696035
    },
    "spectral_energyband_middle_high": {
        "dmean": 0.00282618589699,
        "dmean2": 0.00489130103961,
        "dvar": 0.000134695059387,
        "dvar2": 0.00038499783841,
        "max": 0.101045772433,
        "mean": 0.00300658633932,
        "median": 0.00116732891183,
        "min": 1.77229630935e-05,
        "var": 8.15302482806e-05
    },
    "spectral_energyband_middle_low": {
        "dmean": 0.00726610794663,
        "dmean2": 0.0112981777638,
        "dvar": 7.71378108766e-05,
        "dvar2": 0.000180825809366,
        "max": 0.101849354804,
        "mean": 0.0194103252143,
        "median": 0.0173070691526,
        "min": 0.000767721910961,
        "var": 0.000193779589608
    },
    "spectral_entropy": {
        "dmean": 0.291519194841,
        "dmean2": 0.408052533865,
        "dvar": 0.102676533163,
        "dvar2": 0.185238659382,
        "max": 8.46656227112,
        "mean": 6.87326049805,
        "median": 6.78535366058,
        "min": 5.43375444412,
        "var": 0.352788209915
    },
    "spectral_flux": {
        "dmean": 0.0409920066595,
        "dmean2": 0.0657270029187,
        "dvar": 0.00270541571081,
        "dvar2": 0.00587092572823,
        "max": 0.435257434845,
        "mean": 0.0985370501876,
        "median": 0.0845086202025,
        "min": 0.0115470569581,
        "var": 0.00412434898317
    },
    "spectral_kurtosis": {
        "dmean": 4.99880933762,
        "dmean2": 8.07326316833,
        "dvar": 44.1682777405,
        "dvar2": 102.717185974,
        "max": 71.1823425293,
        "mean": 9.8985042572,
        "median": 7.92448234558,
        "min": -0.639681577682,
        "var": 81.4717483521
    },
    "spectral_rms": {
        "dmean": 0.0012209151173,
        "dmean2": 0.00183418649249,
        "dvar": 2.70533337243e-06,
        "dvar2": 6.08156460657e-06,
        "max": 0.0158986821771,
        "mean": 0.00553496927023,
        "median": 0.00526269106194,
        "min": 0.00107054237742,
        "var": 6.52266135148e-06
    },
    "spectral_rolloff": {
        "dmean": 366.630096436,
        "dmean2": 579.228393555,
        "dvar": 925350.625,
        "dvar2": 1642502.25,
        "max": 10249.8046875,
        "mean": 912.154968262,
        "median": 495.263671875,
        "min": 86.1328125,
        "var": 2041717.25
    },
    "spectral_skewness": {
        "dmean": 0.529224574566,
        "dmean2": 0.804891467094,
        "dvar": 0.33573102951,
        "dvar2": 0.710928618908,
        "max": 6.54690074921,
        "mean": 2.25160837173,
        "median": 2.20187211037,
        "min": -0.0146045647562,
        "var": 0.997091054916
    },
    "spectral_spread": {
        "dmean": 797314.9375,
        "dmean2": 1135923.625,
        "dvar": 883709444096,
        "dvar2": 1.63567553741e+12,
        "max": 12589773,
        "mean": 3760421.75,
        "median": 3301616,
        "min": 1040488.875,
        "var": 2.86012814131e+12
    },
    "spectral_strongpeak": {
        "dmean": 0.565929710865,
        "dmean2": 0.95106869936,
        "dvar": 0.493787229061,
        "dvar2": 1.2048664093,
        "max": 5.44593143463,
        "mean": 1.01995933056,
        "median": 0.632130324841,
        "min": 0.0417656973004,
        "var": 0.932582259178
    },
    "zerocrossingrate": {
        "dmean": 0.0100936656818,
        "dmean2": 0.0108382552862,
        "dvar": 0.000243797694566,
        "dvar2": 0.000241834743065,
        "max": 0.2470703125,
        "mean": 0.0368888378143,
        "median": 0.0263671875,
        "min": 0.00341796875,
        "var": 0.00127649167553
    },
    "barkbands": {
        "dmean": [0.0003420865105, 0.00444911699742, 0.00560002028942, 0.00264286575839, 0.00192789768334, 0.00240585231222, 0.00244290288538, 0.00195566331968, 0.000590900948737, 0.000269050186034, 0.000422297191108, 0.000450353079941, 0.00100170762744, 0.000145222555147, 0.000385026622098, 0.000165514618857, 0.000124072204926, 0.000145523867104, 0.000119955642731, 0.000178542468348, 0.000124791898998, 0.00011175282998, 0.000135654918267, 6.60260702716e-05, 2.99206840282e-05, 6.05909826845e-06, 1.70967471291e-08],
        "dmean2": [0.000509501551278, 0.00644363323227, 0.00920021533966, 0.00461133476347, 0.00303766387515, 0.00377097330056, 0.00390698807314, 0.00286151189357, 0.000904326734599, 0.000400519900722, 0.000710062508006, 0.000765467295423, 0.00181024114136, 0.000243771661189, 0.000705435930286, 0.000295963633107, 0.000197835775907, 0.000262071494944, 0.000198082227143, 0.000288706884021, 0.000218534638407, 0.000194253894733, 0.000233584229136, 0.000105560320662, 4.71007806482e-05, 9.649535059e-06, 3.18136699207e-08],
        "dvar": [5.45168234112e-07, 9.74404028966e-05, 0.000245854258537, 4.07515399274e-05, 7.24257006368e-06, 1.22970477605e-05, 1.38488830999e-05, 1.44486066347e-05, 1.84897589861e-06, 3.32495289967e-07, 2.02636874747e-06, 2.15310956264e-06, 2.13254661503e-05, 1.19601224924e-07, 3.4090292047e-06, 4.31084799857e-07, 9.34025550237e-08, 4.01253259952e-07, 1.32558525934e-07, 2.47360105732e-07, 2.50545980407e-07, 2.04175876206e-07, 2.76113411246e-07, 2.8811268038e-08, 7.14854886397e-09, 3.3742358907e-10, 1.28097461769e-14],
        "dvar2": [1.1867197145e-06, 0.000214386323933, 0.000631489034276, 0.000113287540444, 1.69004433701e-05, 2.8858479709e-05, 3.08749658871e-05, 2.82472174149e-05, 4.33511559095e-06, 6.02731631716e-07, 5.73719034946e-06, 5.86203123021e-06, 6.17486439296e-05, 3.22162748034e-07, 9.75000421022e-06, 1.244600071e-06, 2.40760812176e-07, 1.14849933652e-06, 3.52684935478e-07, 6.39689858417e-07, 6.9093835009e-07, 5.5938579635e-07, 7.63244486279e-07, 7.13543997222e-08, 1.47591308064e-08, 7.50254858239e-10, 3.71650172931e-14],
        "max": [0.00885461084545, 0.10206104815, 0.148780614138, 0.0725798979402, 0.0313476286829, 0.0487887188792, 0.0374855473638, 0.0574999526143, 0.0277663432062, 0.0133446203545, 0.012857680209, 0.0134067758918, 0.0398042015731, 0.00288891792297, 0.0164565127343, 0.00640458846465, 0.00354010565206, 0.00544832553715, 0.00338185974397, 0.00629685679451, 0.00483041908592, 0.00386582105421, 0.00428445450962, 0.00147137755994, 0.00125076214317, 0.000256914703641, 1.77577931026e-06],
        "mean": [0.000841044471599, 0.00861225277185, 0.00576813006774, 0.00293559255078, 0.0034448641818, 0.00475970190018, 0.00384466652758, 0.0032042870298, 0.00101406080648, 0.000400119344704, 0.000406768696848, 0.000418182316935, 0.000773499021307, 0.000159885777975, 0.000292521028314, 0.000149029394379, 0.000169138336787, 0.000125074497191, 0.000134855537908, 0.000213343169889, 0.000104675353214, 8.99451188161e-05, 0.000116067953059, 6.63676692056e-05, 3.64351617463e-05, 7.05526190359e-06, 1.0270943207e-08],
        "median": [1.12674842967e-05, 0.000281461107079, 0.000840405584313, 0.00112376257312, 0.00248957262374, 0.00269546802156, 0.00149622967001, 0.000848950992804, 0.000201797869522, 0.000134016314405, 7.01472672517e-05, 5.42792367924e-05, 4.4362142944e-05, 3.34089781973e-05, 3.00938554574e-05, 2.47284351644e-05, 4.63090837002e-05, 2.64337995759e-05, 3.39278340107e-05, 4.79048467241e-05, 4.56270799987e-06, 4.52600352219e-06, 5.9755179791e-06, 1.01553459899e-05, 5.23094740856e-06, 7.9153136312e-07, 4.82440032368e-10],
        "min": [7.4840955655e-10, 1.45948249042e-07, 6.13459633314e-06, 1.34731362778e-05, 8.89299553819e-05, 4.66151686851e-05, 9.15773944143e-06, 2.35216703004e-06, 1.34436777444e-06, 1.05426181563e-06, 4.4652929887e-07, 3.06737547362e-07, 3.1455576277e-07, 1.76175632305e-07, 1.9779106708e-07, 2.14509938701e-07, 2.79762247146e-07, 1.6609311615e-07, 7.780117528e-08, 3.31235298745e-07, 1.03217940861e-08, 2.0377650678e-09, 2.11312389808e-08, 2.49179704648e-10, 8.11791189825e-11, 1.09019199918e-11, 9.48835714859e-12],
        "var": [1.9123463062e-06, 0.000234596416703, 0.000215672451304, 3.11834883178e-05, 1.28126393975e-05, 3.23858803313e-05, 2.92143122351e-05, 3.09123206534e-05, 6.12246776655e-06, 7.15651765404e-07, 1.42824183058e-06, 1.65538983765e-06, 1.22832143461e-05, 1.084598793e-07, 1.97217104869e-06, 2.62956348251e-07, 1.20074275856e-07, 2.37859850927e-07, 1.11525281454e-07, 2.4041554525e-07, 1.73111430968e-07, 1.38751090617e-07, 1.94894823835e-07, 2.76198921512e-08, 1.27402239869e-08, 4.90622709126e-10, 6.99015676139e-15]
    },
    "erbbands": {
        "dmean": [0.121059119701, 1.14792704582, 5.08497238159, 8.79216384888, 5.85648441315, 7.59214401245, 13.8117275238, 21.3275241852, 30.7375946045, 39.3617553711, 39.1095542908, 13.6626262665, 9.68406963348, 8.15582084656, 19.9657363892, 26.2026081085, 40.9652709961, 10.4179553986, 14.7493238449, 17.2111377716, 7.72726249695, 6.6050901413, 6.04166889191, 7.06821346283, 6.91196250916, 8.31956577301, 7.33404397964, 4.10869169235, 3.56665301323, 4.63832521439, 3.60545086861, 1.44773638248, 1.06811749935, 0.453712105751, 0.161015897989, 0.0455334670842, 0.00854177586734, 0.000534693885129, 2.25696330745e-05, 2.05909218494e-05],
        "dmean2": [0.16847397387, 1.65574300289, 8.15017986298, 14.7813215256, 9.64181900024, 11.7921380997, 23.0896682739, 33.3417129517, 48.9793891907, 60.7989997864, 55.0592803955, 20.3609142303, 13.8562421799, 12.9599990845, 33.5345649719, 45.5618934631, 73.9277877808, 17.3949012756, 26.2816104889, 31.8926410675, 13.3939638138, 10.6120967865, 10.629948616, 12.5155572891, 11.0081567764, 13.3859138489, 12.6061410904, 7.29982042313, 6.12921524048, 8.15857982635, 6.12776422501, 2.30152511597, 1.73562633991, 0.710749447346, 0.244218155742, 0.0722443833947, 0.0140329385176, 0.00086701894179, 3.64872139471e-05, 3.26016670442e-05],
        "dvar": [0.0591831617057, 6.96952724457, 181.141021729, 543.066223145, 136.800857544, 126.263305664, 354.321838379, 1188.84387207, 2536.62402344, 5161.0625, 5487.66699219, 858.456542969, 467.626678467, 263.024047852, 5142.60205078, 10597.7666016, 34799.8945312, 754.947509766, 3981.66552734, 7343.01855469, 727.082824707, 265.511352539, 488.516296387, 978.716430664, 334.353729248, 520.61505127, 785.91595459, 286.033996582, 184.320236206, 352.260986328, 183.873458862, 12.5320682526, 8.90595912933, 1.80363643169, 0.220940440893, 0.0175062287599, 0.000774443265982, 3.38590530191e-06, 3.34661520718e-09, 1.29396049431e-09],
        "dvar2": [0.12496355176, 15.8271036148, 462.103881836, 1444.80871582, 358.441345215, 290.595397949, 907.642028809, 2806.49169922, 5748.77441406, 10772.2978516, 9818.25683594, 2190.45654297, 780.173583984, 707.520751953, 14176.2880859, 30008.8183594, 100788.046875, 2050.24633789, 11257.4902344, 21306.4316406, 2048.95361328, 691.656982422, 1370.9934082, 2762.09643555, 877.151611328, 1343.17871094, 2129.00683594, 801.132324219, 502.049438477, 975.53338623, 503.303405762, 30.3008441925, 22.6740436554, 4.32840919495, 0.438540846109, 0.0383002758026, 0.00186227995437, 8.1318357843e-06, 8.73829275605e-09, 3.22891113846e-09],
        "max": [2.50830006599, 26.59649086, 138.142089844, 270.568267822, 128.305984497, 148.143676758, 235.7056427, 446.974273682, 697.060546875, 1037.37084961, 1282.55212402, 499.284729004, 507.77041626, 168.686340332, 630.634887695, 866.398864746, 1595.45202637, 216.455703735, 537.638305664, 817.919311523, 262.664245605, 152.690856934, 185.705352783, 281.941619873, 159.214767456, 285.000152588, 283.558197021, 164.041229248, 115.622138977, 159.620376587, 114.36240387, 30.5564785004, 27.1743221283, 22.8033313751, 6.90197753906, 1.65817213058, 0.429290026426, 0.0325903147459, 0.000583869579714, 0.000293736840831],
        "mean": [0.244145482779, 1.97821950912, 5.84135389328, 9.61275482178, 8.30606651306, 12.9030761719, 25.6789684296, 39.469379425, 53.1367950439, 57.4628219604, 71.7723236084, 24.5495357513, 18.6135826111, 10.7460412979, 18.7424163818, 22.7844181061, 32.1514205933, 11.914973259, 12.8405218124, 12.7158546448, 8.20231056213, 9.24168491364, 6.63610982895, 5.99733018875, 8.74339485168, 10.0319385529, 6.54701042175, 3.32498717308, 2.89496469498, 3.78074669838, 3.12627649307, 1.44667565823, 1.07601356506, 0.515160381794, 0.196642711759, 0.054880540818, 0.00900588091463, 0.00050335546257, 3.40974365827e-05, 4.48235841759e-05],
        "median": [0.00705028325319, 0.0715644583106, 0.734105527401, 3.4970498085, 3.47402596474, 8.24673461914, 14.2076568604, 21.5761051178, 21.7868156433, 23.0573444366, 17.9355049133, 6.3675031662, 5.23734092712, 3.47884988785, 2.86886525154, 2.58967471123, 2.33485078812, 2.32481956482, 1.775801301, 1.63063955307, 1.64159417152, 2.63901543617, 2.03797602654, 1.29643762112, 2.31849575043, 2.21352601051, 0.681122660637, 0.121211394668, 0.123957447708, 0.26062297821, 0.133693546057, 0.143239796162, 0.192783907056, 0.071296453476, 0.0299205090851, 0.00658909650519, 0.000945661449805, 5.15478313901e-05, 1.94574840862e-05, 3.35404511134e-05],
        "min": [1.12661891762e-05, 0.000159101633471, 0.00883171055466, 0.0895077884197, 0.144963636994, 0.179263338447, 0.44909632206, 0.276797741652, 0.333309471607, 0.103951901197, 0.0799577459693, 0.0400740876794, 0.041544854641, 0.0412451550364, 0.0282296203077, 0.0267060510814, 0.0219289883971, 0.0132672488689, 0.0211156886071, 0.0157544780523, 0.0148146646097, 0.0147485183552, 0.0110221160576, 0.00535486545414, 0.00759582873434, 0.0147358784452, 0.00466268183663, 0.000963660364505, 0.000146689184476, 0.000552201876417, 0.000326842186041, 7.03454061295e-05, 9.38907178352e-05, 6.68254006086e-06, 2.65717426373e-06, 1.53392909397e-06, 5.58709814413e-07, 1.20726980413e-07, 5.75767955979e-07, 1.32299021516e-06],
        "var": [0.165474697948, 13.8814907074, 175.003311157, 443.093383789, 163.175613403, 231.41545105, 907.942199707, 2680.63525391, 5863.24267578, 8337.68554688, 16351.7988281, 2325.58544922, 1979.0234375, 340.485565186, 3590.45092773, 6895.16845703, 20136.7558594, 696.700622559, 2429.81762695, 4064.35961914, 529.245727539, 325.736938477, 328.514190674, 596.156494141, 333.054412842, 518.469604492, 564.932250977, 191.635665894, 129.890106201, 234.309524536, 135.281005859, 12.8065767288, 8.09742927551, 2.70486164093, 0.38927128911, 0.0274887047708, 0.000904538319446, 3.7077363686e-06, 3.11989678536e-09, 1.75588044105e-09]
    },
    "gfcc": {
        "mean": [-46.6223907471, 132.201705933, -102.017036438, 27.661939621, -72.5755462646, -4.63629579544, -49.0324630737, 6.92011880875, -24.317193985, -2.61782884598, -2.81350970268, -13.4013109207, -7.70881080627],
        "cov": [[4235.52148438, -1378.6373291, -305.018707275, 502.371917725, -79.0766830444, 662.404846191, 97.3967285156, 390.142913818, 47.7167930603, 352.98059082, -65.0641784668, 102.296600342, -159.173828125], [-1378.6373291, 2038.58837891, 161.738800049, -462.903106689, 627.364318848, -191.237091064, 324.191009521, 47.2758216858, 301.478515625, -201.02923584, 271.46383667, -119.706695557, 152.576766968], [-305.018707275, 161.738800049, 944.956298828, 458.539123535, 152.653991699, 168.748550415, 160.265838623, 101.064353943, 115.500480652, 73.7519683838, 27.5470294952, 100.972015381, 95.3324432373], [502.371917725, -462.903106689, 458.539123535, 1009.4644165, 133.753295898, 168.120803833, 29.436498642, 11.5853328705, 158.081039429, 77.0140380859, 8.83324050903, 74.0017318726, 138.112960815], [-79.0766830444, 627.364318848, 152.653991699, 133.753295898, 586.692871094, 42.5817184448, 90.3344192505, 112.942733765, 199.684890747, 49.1814422607, 110.64427948, -27.4666042328, 100.293830872], [662.404846191, -191.237091064, 168.748550415, 168.120803833, 42.5817184448, 428.410858154, 189.490219116, 46.6876945496, 31.0426883698, 69.6425323486, -2.59800076485, 46.1585273743, -13.5153360367], [97.3967285156, 324.191009521, 160.265838623, 29.436498642, 90.3344192505, 189.490219116, 395.503479004, 47.4387779236, 34.3850250244, -4.1540055275, 62.4146003723, 35.9738845825, 1.51291286945], [390.142913818, 47.2758216858, 101.064353943, 11.5853328705, 112.942733765, 46.6876945496, 47.4387779236, 249.744659424, 70.1811904907, 73.6315765381, 12.6431045532, -5.33322572708, 8.79944515228], [47.7167930603, 301.478515625, 115.500480652, 158.081039429, 199.684890747, 31.0426883698, 34.3850250244, 70.1811904907, 258.504150391, 23.1539764404, 42.1778259277, -32.1643295288, 56.8863143921], [352.98059082, -201.02923584, 73.7519683838, 77.0140380859, 49.1814422607, 69.6425323486, -4.1540055275, 73.6315765381, 23.1539764404, 202.322967529, -13.3828516006, -11.4340076447, -17.315738678], [-65.0641784668, 271.46383667, 27.5470294952, 8.83324050903, 110.64427948, -2.59800076485, 62.4146003723, 12.6431045532, 42.1778259277, -13.3828516006, 139.99671936, 11.1765975952, 31.4125480652], [102.296600342, -119.706695557, 100.972015381, 74.0017318726, -27.4666042328, 46.1585273743, 35.9738845825, -5.33322572708, -32.1643295288, -11.4340076447, 11.1765975952, 147.117416382, 11.6197805405], [-159.173828125, 152.576766968, 95.3324432373, 138.112960815, 100.293830872, -13.5153360367, 1.51291286945, 8.79944515228, 56.8863143921, -17.315738678, 31.4125480652, 11.6197805405, 139.821243286]],
        "icov": [[0.000710844702553, 6.65279294481e-05, 0.000765098724514, -0.000518856744748, 0.000196027496713, -0.000942180748098, 0.000122713419842, -0.00118937599473, -9.89119362202e-05, -0.000519531429745, -0.000152712513227, -0.000544936279766, 0.000624834327027], [6.65279294481e-05, 0.00591038307175, -0.00220967759378, 0.00442520389333, -0.00405881227925, 0.00284234504215, -0.00418090866879, 0.00193923769984, -0.00437501538545, 0.00424209656194, -0.00416333694011, 0.00343680032529, -0.00317399390042], [0.000765098724514, -0.00220967759378, 0.00333220255561, -0.00282684573904, 0.00172436947469, -0.00218118424527, 0.00126292591449, -0.00245613581501, 0.00139705417678, -0.00249598664232, 0.00164498540107, -0.00271659879945, 0.0014744901564], [-0.000518856744748, 0.00442520389333, -0.00282684573904, 0.00540242018178, -0.00314791291021, 0.00241992459632, -0.00294201960787, 0.00292575522326, -0.00397538812831, 0.00314934761263, -0.00282171857543, 0.0025734519586, -0.00406150473282], [0.000196027496713, -0.00405881227925, 0.00172436947469, -0.00314791291021, 0.00577559508383, -0.00232211174443, 0.00268974131905, -0.0022900509648, 0.0015285613481, -0.00363018899225, 0.00132592755836, -0.00211151828989, 0.0011398429051], [-0.000942180748098, 0.00284234504215, -0.00218118424527, 0.00241992459632, -0.00232211174443, 0.00626385957003, -0.00394238065928, 0.00254127359949, -0.00215342291631, 0.00187165674288, -0.00112506072037, 0.0018003648147, -0.00171252014115], [0.000122713419842, -0.00418090866879, 0.00126292591449, -0.00294201960787, 0.00268974131905, -0.00394238065928, 0.00685726385564, -0.00198166281916, 0.00312063936144, -0.00231627188623, 0.00144380435813, -0.0027147938963, 0.00283185602166], [-0.00118937599473, 0.00193923769984, -0.00245613581501, 0.00292575522326, -0.0022900509648, 0.00254127359949, -0.00198166281916, 0.00791340321302, -0.00234588165767, 0.000676848692819, -0.000878792372532, 0.00194578175433, -0.00219982676208], [-9.89119362202e-05, -0.00437501538545, 0.00139705417678, -0.00397538812831, 0.0015285613481, -0.00215342291631, 0.00312063936144, -0.00234588165767, 0.00942747760564, -0.00268756551668, 0.00255696102977, -0.000819191976916, 0.00177031580824], [-0.000519531429745, 0.00424209656194, -0.00249598664232, 0.00314934761263, -0.00363018899225, 0.00187165674288, -0.00231627188623, 0.000676848692819, -0.00268756551668, 0.00996099971235, -0.0025510173291, 0.00374881806783, -0.00127367686946], [-0.000152712513227, -0.00416333694011, 0.00164498540107, -0.00282171857543, 0.00132592755836, -0.00112506072037, 0.00144380435813, -0.000878792372532, 0.00255696102977, -0.0025510173291, 0.0123653644696, -0.00344627350569, 0.00116695591714], [-0.000544936279766, 0.00343680032529, -0.00271659879945, 0.0025734519586, -0.00211151828989, 0.0018003648147, -0.0027147938963, 0.00194578175433, -0.000819191976916, 0.00374881806783, -0.00344627350569, 0.010913210921, -0.00280008092523], [0.000624834327027, -0.00317399390042, 0.0014744901564, -0.00406150473282, 0.0011398429051, -0.00171252014115, 0.00283185602166, -0.00219982676208, 0.00177031580824, -0.00127367686946, 0.00116695591714, -0.00280008092523, 0.0125506035984]]
    },
    "melbands": {
        "dmean": [0.00112298573367, 0.00223631015979, 0.00141693651676, 0.000413198780734, 0.000440644304035, 0.000476782588521, 0.000487633020384, 0.000422168435762, 0.000295246107271, 7.45071520214e-05, 4.81540264445e-05, 3.10387222271e-05, 6.11400973867e-05, 4.92320359626e-05, 0.000135245121783, 4.94619380333e-05, 1.66612408066e-05, 2.00489939743e-05, 2.81139491562e-05, 1.65621513588e-05, 7.71632403485e-06, 7.33492925065e-06, 5.18405659022e-06, 7.29718476578e-06, 5.62322884434e-06, 4.9809000302e-06, 5.01477234138e-06, 5.98017822995e-06, 5.46287401448e-06, 2.78605216408e-06, 2.31244553106e-06, 1.79437245151e-06, 2.54516407949e-06, 2.82901760329e-06, 2.54936730926e-06, 9.39277299494e-07, 8.99665963061e-07, 8.6232034846e-07, 5.48140121737e-07, 3.34207669539e-07],
        "dmean2": [0.00159602309577, 0.00348908803426, 0.00236573535949, 0.000641036720481, 0.000724653713405, 0.000738562142942, 0.000778760702815, 0.000649412337225, 0.000417100614868, 0.000111358152935, 6.97399445926e-05, 4.95620915899e-05, 0.000101645877294, 8.17724867375e-05, 0.00024701905204, 8.67844064487e-05, 2.77951203316e-05, 3.5225526517e-05, 5.20509966009e-05, 3.04344812321e-05, 1.29606351038e-05, 1.17506378956e-05, 8.43332600198e-06, 1.32423683681e-05, 9.98312316369e-06, 8.1835396486e-06, 7.79038964538e-06, 9.75073635345e-06, 9.42324459174e-06, 4.89287504024e-06, 4.13704128732e-06, 3.01052023133e-06, 4.53609982287e-06, 4.99178759128e-06, 4.40863368567e-06, 1.4628868712e-06, 1.44758826082e-06, 1.41966268075e-06, 8.91390413926e-07, 5.16439513376e-07],
        "dvar": [5.61148272027e-06, 3.11304647767e-05, 1.30933303808e-05, 4.69651297408e-07, 3.02814981978e-07, 5.62719833397e-07, 5.50381798803e-07, 6.28887789844e-07, 3.09609049509e-07, 2.92571726845e-08, 1.18839613705e-08, 3.65562113913e-09, 4.23286365958e-08, 2.454059711e-08, 4.33651223375e-07, 3.32776046719e-08, 1.60427415796e-09, 6.31425089992e-09, 1.87467126267e-08, 6.03770500263e-09, 5.27559829155e-10, 3.37272321183e-10, 1.46288370306e-10, 1.14615261726e-09, 6.24354845602e-10, 2.06197017794e-10, 1.30518457153e-10, 3.08906900059e-10, 4.32760216551e-10, 1.20023421757e-10, 9.60924673166e-11, 4.17259213292e-11, 1.15465435824e-10, 1.3035712787e-10, 1.03971505017e-10, 5.90195860933e-12, 4.60677069408e-12, 6.3412734265e-12, 2.18916551553e-12, 1.19121119219e-12],
        "dvar2": [1.17551726362e-05, 7.63052303228e-05, 3.45029984601e-05, 1.07584639863e-06, 7.71934310251e-07, 1.29839986585e-06, 1.21205346204e-06, 1.30802618514e-06, 5.59352429264e-07, 6.97954689599e-08, 1.99570475701e-08, 9.59899804087e-09, 1.16609932377e-07, 6.63203891804e-08, 1.25480141833e-06, 9.52798515641e-08, 4.25398027915e-09, 1.7705330535e-08, 5.38469677736e-08, 1.76056520473e-08, 1.42636469302e-09, 8.80084616295e-10, 3.77207765023e-10, 3.27788729493e-09, 1.75884029563e-09, 5.53588508367e-10, 3.24978294275e-10, 8.13757894402e-10, 1.15808473922e-09, 3.35894201342e-10, 2.701145696e-10, 1.10712002066e-10, 3.22122495344e-10, 3.62346846972e-10, 2.88418011696e-10, 1.41108253554e-11, 1.12663047294e-11, 1.65092783194e-11, 5.38820507309e-12, 2.74087415091e-12],
        "max": [0.0226367376745, 0.0559805706143, 0.0402736701071, 0.00784053746611, 0.00629436224699, 0.0105550428852, 0.00900351814926, 0.0130726853386, 0.00849423836917, 0.00408401200548, 0.00252272328362, 0.00061974133132, 0.00178340869024, 0.00157567253336, 0.00575692532584, 0.00149514619261, 0.000314256409183, 0.000660421908833, 0.00122513610404, 0.000780917995144, 0.000209755191463, 0.000185442404472, 0.000149441533722, 0.000291801843559, 0.000235880739638, 0.000127184903249, 0.000125671242131, 0.000236556807067, 0.000231764803175, 0.000114251262858, 9.26424472709e-05, 5.30780380359e-05, 9.58896562224e-05, 9.44547646213e-05, 8.64089670358e-05, 1.96357632376e-05, 1.84391337825e-05, 2.45526789513e-05, 1.71745014086e-05, 1.93110026885e-05],
        "mean": [0.00238421396352, 0.00300183193758, 0.00164699996822, 0.000697869574651, 0.000830800505355, 0.000899798818864, 0.000844629830681, 0.000623688742053, 0.000534672231879, 0.000134757647174, 9.03347754502e-05, 3.94149865315e-05, 5.89478368056e-05, 4.82585237478e-05, 9.61113764788e-05, 4.6630299039e-05, 1.89666188817e-05, 1.82106232387e-05, 2.09150384762e-05, 1.2781397345e-05, 8.75285695656e-06, 9.80586264632e-06, 7.46254318074e-06, 5.76748243475e-06, 4.52337781098e-06, 5.79482320973e-06, 6.82699783283e-06, 6.72809892421e-06, 4.81453344037e-06, 2.2960186925e-06, 1.81099994734e-06, 1.51815072513e-06, 1.90859759641e-06, 2.30687101066e-06, 2.13295743379e-06, 9.43909640228e-07, 8.58658324887e-07, 8.29891973808e-07, 5.63848118418e-07, 3.84972224765e-07],
        "median": [7.7899749158e-05, 0.000323053915054, 0.000643747567665, 0.000407109560911, 0.000538238731679, 0.000482145667775, 0.000335396442097, 0.000248999684118, 0.000115509043098, 3.13379823638e-05, 2.38053726207e-05, 1.23071458802e-05, 9.40426434681e-06, 7.08051538822e-06, 4.95823951496e-06, 4.19767457061e-06, 3.6451692722e-06, 2.20025663111e-06, 2.3876737032e-06, 1.71840531493e-06, 1.82110113656e-06, 2.45218348027e-06, 2.46652621172e-06, 9.89406316876e-07, 7.68857887579e-07, 1.31732008413e-06, 1.63393224284e-06, 1.41526095376e-06, 4.21787206051e-07, 8.43162979436e-08, 3.7477150272e-08, 4.84980873239e-08, 1.15250891497e-07, 1.47084946889e-07, 7.74577273432e-08, 4.59137332598e-08, 9.32846475621e-08, 1.43812528108e-07, 8.03420689977e-08, 4.7661963265e-08],
        "min": [5.46083533948e-08, 1.89491117908e-06, 1.40456149893e-05, 1.3078786651e-05, 1.53631826834e-05, 6.52752305541e-06, 3.83345195587e-06, 8.3630715153e-07, 2.67492538342e-07, 2.02236478231e-07, 1.88905985965e-07, 1.68527591882e-07, 7.45371124822e-08, 3.90059220479e-08, 4.98070669153e-08, 2.1252768434e-08, 1.74475953685e-08, 1.88412325741e-08, 1.50245895725e-08, 1.50728247661e-08, 1.4155721928e-08, 1.60452700015e-08, 5.27214849555e-09, 1.08739162119e-09, 2.62612265267e-09, 1.9402375262e-09, 7.46459161149e-09, 3.15889647773e-09, 1.94974303369e-09, 1.45200596338e-11, 1.16423147165e-12, 1.71547335798e-12, 1.06863587424e-10, 2.08801378965e-10, 7.1109278188e-11, 1.17459358212e-11, 3.52087044415e-12, 2.62672088941e-12, 1.01369119262e-12, 7.45404877146e-13],
