{
"highlevel": {
    "danceability": {
        "all": {
            "danceable": 0.335025459528,
            "not_danceable": 0.664974570274
        },
        "probability": 0.664974570274,
        "value": "not_danceable"
    },
    "gender": {
        "all": {
            "female": 0.0574760399759,
            "male": 0.942523956299
        },
        "probability": 0.942523956299,
        "value": "male"
    },
    "genre_dortmund": {
        "all": {
            "alternative": 0.145468950272,
            "blues": 0.0104367835447,
            "electronic": 0.00890719611198,
            "folkcountry": 0.0288960374892,
            "funksoulrnb": 0.00103468331508,
            "jazz": 0.00444192625582,
            "pop": 0.0153481839225,
            "raphiphop": 0.000723576871678,
            "rock": 0.78474265337
        },
        "probability": 0.78474265337,
        "value": "rock"
    },
    "genre_electronic": {
        "all": {
            "ambient": 0.352387696505,
            "dnb": 0.161942049861,
            "house": 0.0458714514971,
            "techno": 0.031789585948,
            "trance": 0.408009231091
        },
        "probability": 0.408009231091,
        "value": "trance"
    },
    "genre_rosamerica": {
        "all": {
            "cla": 0.00199400726706,
            "dan": 0.0542947985232,
            "hip": 0.00673352973536,
            "jaz": 0.00196924898773,
            "pop": 0.00769227091223,
            "rhy": 0.002983025508,
            "roc": 0.923611164093,
            "spe": 0.000721943855751
        },
        "probability": 0.923611164093,
        "value": "roc"
    },
    "genre_tzanetakis": {
        "all": {
            "blu": 0.0626541376114,
            "cla": 0.0348133966327,
            "cou": 0.0783501937985,
            "dis": 0.104547761381,
            "hip": 0.15693578124,
            "jaz": 0.313987255096,
            "met": 0.044816005975,
            "pop": 0.0627349764109,
            "reg": 0.0627352520823,
            "roc": 0.0784252434969
        },
        "probability": 0.313987255096,
        "value": "jaz"
    },
    "ismir04_rhythm": {
        "all": {
            "ChaChaCha": 0.793330669403,
            "Jive": 0.135287672281,
            "Quickstep": 0.00737373158336,
            "Rumba-American": 0.00648471852764,
            "Rumba-International": 0.00312744453549,
            "Rumba-Misc": 0.00088939757552,
            "Samba": 0.0183657277375,
            "Tango": 0.00469921668991,
            "VienneseWaltz": 0.0294307079166,
            "Waltz": 0.00101071037352
        },
        "probability": 0.793330669403,
        "value": "ChaChaCha"
    },
    "mood_acoustic": {
        "all": {
            "acoustic": 0.0220477432013,
            "not_acoustic": 0.977952241898
        },
        "probability": 0.977952241898,
        "value": "not_acoustic"
    },
    "mood_aggressive": {
        "all": {
            "aggressive": 0.954809069633,
            "not_aggressive": 0.0451909191906
        },
        "probability": 0.954809069633,
        "value": "aggressive"
    },
    "mood_electronic": {
        "all": {
            "electronic": 0.0489178448915,
            "not_electronic": 0.95108217001
        },
        "probability": 0.95108217001,
        "value": "not_electronic"
    },
    "mood_happy": {
        "all": {
            "happy": 0.824251770973,
            "not_happy": 0.175748243928
        },
        "probability": 0.824251770973,
        "value": "happy"
    },
    "mood_party": {
        "all": {
            "not_party": 0.745109140873,
            "party": 0.254890859127
        },
        "probability": 0.745109140873,
        "value": "not_party"
    },
    "mood_relaxed": {
        "all": {
            "not_relaxed": 0.985209226608,
            "relaxed": 0.0147907910869
        },
        "probability": 0.985209226608,
        "value": "not_relaxed"
    },
    "mood_sad": {
        "all": {
            "not_sad": 0.821918666363,
            "sad": 0.178081348538
        },
        "probability": 0.821918666363,
        "value": "not_sad"
    },
    "moods_mirex": {
        "all": {
            "Cluster1": 0.303028285503,
            "Cluster2": 0.0974103361368,
            "Cluster3": 0.0638236105442,
            "Cluster4": 0.0487628765404,
            "Cluster5": 0.486974895
        },
        "probability": 0.486974895,
        "value": "Cluster5"
    },
    "timbre": {
        "all": {
            "bright": 0.981136381626,
            "dark": 0.018863607198
        },
        "probability": 0.981136381626,
        "value": "bright"
    },
    "tonal_atonal": {
        "all": {
            "atonal": 0.00271119200625,
            "tonal": 0.997288823128
        },
        "probability": 0.997288823128,
        "value": "tonal"
    },
    "voice_instrumental": {
        "all": {
            "instrumental": 0.00148425123189,
            "voice": 0.998515725136
        },
        "probability": 0.998515725136,
        "value": "voice"
    }
},
"lowlevel": {
    "average_loudness": 0.981057882309,
    "barkbands_crest": {
        "dmean": 2.61253809929,
        "dmean2": 4.33721256256,
        "dvar": 5.82010602951,
        "dvar2": 15.1668767929,
        "max": 19.1724967957,
        "mean": 7.89512395859,
        "median": 7.2685008049,
        "min": 2.47363734245,
        "var": 8.90987300873
    },
    "barkbands_flatness_db": {
        "dmean": 0.0179449729621,
        "dmean2": 0.0287554860115,
        "dvar": 0.00028897865559,
        "dvar2": 0.000699666212313,
        "max": 0.23927590251,
        "mean": 0.108519211411,
        "median": 0.104450039566,
        "min": 0.0484029203653,
        "var": 0.000657618802506
    },
    "barkbands_kurtosis": {
        "dmean": 1.53681957722,
        "dmean2": 2.54693388939,
        "dvar": 6.47821998596,
        "dvar2": 15.9132137299,
        "max": 27.4033088684,
        "mean": 0.869207382202,
        "median": 0.128666877747,
        "min": -1.79724884033,
        "var": 7.9283823967
    },
    "barkbands_skewness": {
        "dmean": 0.440835297108,
        "dmean2": 0.707344412804,
        "dvar": 0.263030827045,
        "dvar2": 0.601559817791,
        "max": 4.70284175873,
        "mean": 1.16428303719,
        "median": 1.05823493004,
        "min": -1.92973279953,
        "var": 0.507777869701
    },
    "barkbands_spread": {
        "dmean": 6.67721271515,
        "dmean2": 10.2728567123,
        "dvar": 43.2615737915,
        "dvar2": 92.9721832275,
        "max": 98.5072631836,
        "mean": 35.6043586731,
        "median": 33.7374153137,
        "min": 5.22580289841,
        "var": 166.776260376
    },
    "dissonance": {
        "dmean": 0.0112387612462,
        "dmean2": 0.0188400950283,
        "dvar": 0.000104259248474,
        "dvar2": 0.000295042380458,
        "max": 0.499816566706,
        "mean": 0.478761643171,
        "median": 0.480540156364,
        "min": 0.383838772774,
        "var": 0.000169921899214
    },
    "dynamic_complexity": 1.70850872993,
    "erbbands_crest": {
        "dmean": 2.13607645035,
        "dmean2": 3.4807009697,
        "dvar": 5.3055062294,
        "dvar2": 12.5464296341,
        "max": 27.7763023376,
        "mean": 7.09054994583,
        "median": 5.86213445663,
        "min": 2.55983877182,
        "var": 15.0602693558
    },
    "erbbands_flatness_db": {
        "dmean": 0.0117275966331,
        "dmean2": 0.0173678416759,
        "dvar": 0.000109625885671,
        "dvar2": 0.000234866514802,
        "max": 0.223095655441,
        "mean": 0.120122015476,
        "median": 0.117889367044,
        "min": 0.0686427354813,
        "var": 0.000547231466044
    },
    "erbbands_kurtosis": {
        "dmean": 0.415539115667,
        "dmean2": 0.67459666729,
        "dvar": 0.275896310806,
        "dvar2": 0.637008726597,
        "max": 6.44389533997,
        "mean": -0.488772600889,
        "median": -0.674407958984,
        "min": -1.50088965893,
        "var": 0.687457561493
    },
    "erbbands_skewness": {
        "dmean": 0.269785583019,
        "dmean2": 0.419775784016,
        "dvar": 0.0543330125511,
        "dvar2": 0.132065758109,
        "max": 2.04152870178,
        "mean": -0.134691089392,
        "median": -0.159237518907,
        "min": -1.52198827267,
        "var": 0.22607113421
    },
    "erbbands_spread": {
        "dmean": 7.10271883011,
        "dmean2": 11.2459201813,
        "dvar": 44.5700263977,
        "dvar2": 110.524337769,
        "max": 94.6323852539,
        "mean": 49.0786437988,
        "median": 49.6140098572,
        "min": 13.8232212067,
        "var": 171.02557373
    },
    "hfc": {
        "dmean": 6.90563631058,
        "dmean2": 10.1077270508,
        "dvar": 96.163520813,
        "dvar2": 192.136199951,
        "max": 149.332092285,
        "mean": 30.3622207642,
        "median": 25.0003261566,
        "min": 0.037253331393,
        "var": 299.831512451
    },
    "melbands_crest": {
        "dmean": 3.3034799099,
        "dmean2": 5.4917755127,
        "dvar": 7.99480056763,
        "dvar2": 20.9305000305,
        "max": 29.549446106,
        "mean": 13.0394277573,
        "median": 12.5867767334,
        "min": 4.1835899353,
        "var": 14.6392097473
    },
    "melbands_flatness_db": {
        "dmean": 0.024993037805,
        "dmean2": 0.0389323830605,
        "dvar": 0.000603080203291,
        "dvar2": 0.00135788833722,
        "max": 0.322280883789,
        "mean": 0.143620356917,
        "median": 0.137552455068,
        "min": 0.0416635908186,
        "var": 0.0015763679985
    },
    "melbands_kurtosis": {
        "dmean": 5.68696975708,
        "dmean2": 9.51105880737,
        "dvar": 95.0736312866,
        "dvar2": 235.137268066,
        "max": 100.340576172,
        "mean": 9.2473783493,
        "median": 6.69368457794,
        "min": -1.59017705917,
        "var": 105.837150574
    },
    "melbands_skewness": {
        "dmean": 0.709889829159,
        "dmean2": 1.14182198048,
        "dvar": 0.726999878883,
        "dvar2": 1.69744455814,
        "max": 8.91731834412,
        "mean": 2.59593343735,
        "median": 2.48936128616,
        "min": -0.752652406693,
        "var": 1.34761404991
    },
    "melbands_spread": {
        "dmean": 8.81944084167,
        "dmean2": 13.9835033417,
        "dvar": 115.297889709,
        "dvar2": 250.917480469,
        "max": 188.268981934,
        "mean": 32.8776512146,
        "median": 31.2836856842,
        "min": 3.50704026222,
        "var": 286.757324219
    },
    "pitch_salience": {
        "dmean": 0.0662615969777,
        "dmean2": 0.109325289726,
        "dvar": 0.00342538114637,
        "dvar2": 0.00884545594454,
        "max": 0.834609627724,
        "mean": 0.563557565212,
        "median": 0.557001531124,
        "min": 0.235283300281,
        "var": 0.00730593362823
    },
    "silence_rate_20dB": {
        "dmean": 0,
        "dmean2": 0,
        "dvar": 0,
        "dvar2": 0,
        "max": 1,
        "mean": 1,
        "median": 1,
        "min": 1,
        "var": 0
    },
    "silence_rate_30dB": {
        "dmean": 0,
        "dmean2": 0,
        "dvar": 0,
        "dvar2": 0,
        "max": 1,
        "mean": 1,
        "median": 1,
        "min": 1,
        "var": 0
    },
    "silence_rate_60dB": {
        "dmean": 0.00232198135927,
        "dmean2": 0.00464755995199,
        "dvar": 0.00231658900157,
        "dvar2": 0.00462596444413,
        "max": 1,
        "mean": 0.0139211136848,
        "median": 0,
        "min": 0,
        "var": 0.0137273073196
    },
    "spectral_centroid": {
        "dmean": 233.462554932,
        "dmean2": 374.763977051,
        "dvar": 44108.2304688,
        "dvar2": 100591.945312,
        "max": 4032.02075195,
        "mean": 1863.23913574,
        "median": 1835.32653809,
        "min": 421.690185547,
        "var": 159578.109375
    },
    "spectral_complexity": {
        "dmean": 4.63931894302,
        "dmean2": 7.18512773514,
        "dvar": 18.9845142365,
        "dvar2": 37.9308357239,
        "max": 59,
        "mean": 31.4601707458,
        "median": 31,
        "min": 0,
        "var": 82.9970550537
    },
    "spectral_decrease": {
        "dmean": 2.80759260285e-09,
        "dmean2": 4.54244819537e-09,
        "dvar": 1.37124534285e-17,
        "dvar2": 3.31790150803e-17,
        "max": -1.41575293156e-11,
        "mean": -6.94170232407e-09,
        "median": -5.63899149597e-09,
        "min": -2.48712801465e-08,
        "var": 1.66875069361e-17
    },
    "spectral_energy": {
        "dmean": 0.0109916934744,
        "dmean2": 0.0177080351859,
        "dvar": 0.00020563697035,
        "dvar2": 0.000496024091262,
        "max": 0.09690579772,
        "mean": 0.0289534665644,
        "median": 0.0238811057061,
        "min": 5.68128562008e-05,
        "var": 0.000260084372712
    },
    "spectral_energyband_high": {
        "dmean": 0.00054820405785,
        "dmean2": 0.000777216104325,
        "dvar": 7.21866683762e-07,
        "dvar2": 1.42219744248e-06,
        "max": 0.0163849815726,
        "mean": 0.0018324299017,
        "median": 0.00134870805778,
        "min": 1.91945946426e-06,
        "var": 2.52417839874e-06
    },
    "spectral_energyband_low": {
        "dmean": 0.00733916973695,
        "dmean2": 0.012309554033,
        "dvar": 0.000151497748448,
        "dvar2": 0.000373143440811,
        "max": 0.0796960219741,
        "mean": 0.0106178466231,
        "median": 0.00705698458478,
        "min": 8.28845350043e-06,
        "var": 0.000143147684867
    },
    "spectral_energyband_middle_high": {
        "dmean": 0.00194888131227,
        "dmean2": 0.00300040072761,
        "dvar": 8.95557877811e-06,
        "dvar2": 2.12858994928e-05,
        "max": 0.0442957207561,
        "mean": 0.00658527109772,
        "median": 0.00490840803832,
        "min": 7.18508545106e-06,
        "var": 2.8010659662e-05
    },
    "spectral_energyband_middle_low": {
        "dmean": 0.00466321827844,
        "dmean2": 0.00745581230149,
        "dvar": 4.74742300867e-05,
        "dvar2": 0.000117517782201,
        "max": 0.0635011792183,
        "mean": 0.0115055609494,
        "median": 0.00957613438368,
        "min": 3.06159745378e-05,
        "var": 6.80366501911e-05
    },
    "spectral_entropy": {
        "dmean": 0.0796516165137,
        "dmean2": 0.120270639658,
        "dvar": 0.00501817883924,
        "dvar2": 0.00990320090204,
        "max": 8.51068687439,
        "mean": 7.95550870895,
        "median": 7.95431375504,
        "min": 6.99774312973,
        "var": 0.0284670758992
    },
    "spectral_flux": {
        "dmean": 0.0255935303867,
        "dmean2": 0.0400267392397,
        "dvar": 0.00102244701702,
        "dvar2": 0.00212406087667,
        "max": 0.274311572313,
        "mean": 0.0952437072992,
        "median": 0.0819263756275,
        "min": 0.00634926231578,
        "var": 0.00179030245636
    },
    "spectral_kurtosis": {
        "dmean": 0.728290557861,
        "dmean2": 1.23568463326,
        "dvar": 0.471947580576,
        "dvar2": 1.23672175407,
        "max": 8.37752723694,
        "mean": 2.94671320915,
        "median": 2.84315824509,
        "min": -0.286194562912,
        "var": 1.32410728931
    },
    "spectral_rms": {
        "dmean": 0.000918380043004,
        "dmean2": 0.00144285417628,
        "dvar": 1.10649136786e-06,
        "dvar2": 2.55410054706e-06,
        "max": 0.00972328335047,
        "mean": 0.00512914871797,
        "median": 0.00482686655596,
        "min": 0.000235429761233,
        "var": 1.93911341739e-06
    },
    "spectral_rolloff": {
        "dmean": 729.012329102,
        "dmean2": 1172.95031738,
        "dvar": 806310,
        "dvar2": 1609932.625,
        "max": 10960.4003906,
        "mean": 2370.46508789,
        "median": 2325.5859375,
        "min": 129.19921875,
        "var": 2435486
    },
    "spectral_skewness": {
        "dmean": 0.125527277589,
        "dmean2": 0.208687663078,
        "dvar": 0.0118456725031,
        "dvar2": 0.0324046164751,
        "max": 2.11174368858,
        "mean": 1.23996114731,
        "median": 1.24157357216,
        "min": 0.472175747156,
        "var": 0.0475136898458
    },
    "spectral_spread": {
        "dmean": 441200.34375,
        "dmean2": 621794.0625,
        "dvar": 184406851584,
        "dvar2": 334520778752,
        "max": 10176510,
        "mean": 4985230.5,
        "median": 4765620.5,
        "min": 2692246.75,
        "var": 1.20388373709e+12
    },
    "spectral_strongpeak": {
        "dmean": 0.519636392593,
        "dmean2": 0.897816002369,
        "dvar": 0.566378474236,
        "dvar2": 1.40401566029,
        "max": 6.99201536179,
        "mean": 0.759002029896,
        "median": 0.36910456419,
        "min": 0.00422613043338,
        "var": 0.939490020275
    },
    "zerocrossingrate": {
        "dmean": 0.0127074057236,
        "dmean2": 0.0142808081582,
        "dvar": 0.000161399919307,
        "dvar2": 0.000180847026058,
        "max": 0.28076171875,
        "mean": 0.0892893821001,
        "median": 0.08251953125,
        "min": 0.01220703125,
        "var": 0.00125785463024
    },
    "barkbands": {
        "dmean": [4.14332971559e-05, 0.00467451382428, 0.00309479911812, 0.00174307415728, 0.00223689689301, 0.000774291635025, 0.00102376984432, 0.000506289477926, 0.000850426789839, 0.000964707520325, 0.000307430542307, 0.000209444653592, 0.000206073760637, 0.000299879815429, 0.000213772684219, 0.000286007823888, 0.000370812485926, 0.000269686366664, 0.00025352879311, 0.000202597890166, 0.000168661805219, 0.000124697224237, 0.000102036763565, 9.40413592616e-05, 0.000135747890454, 5.4316882597e-05, 1.74354042315e-09],
        "dmean2": [7.18221999705e-05, 0.00780613580719, 0.00540105020627, 0.00300213950686, 0.003887624247, 0.00127762916964, 0.00165557605214, 0.000795848609414, 0.00134758965578, 0.00146187760402, 0.000478682952235, 0.000339793419698, 0.000339263468049, 0.000502209470142, 0.00035986880539, 0.000490236387122, 0.000634943426121, 0.000455243920442, 0.000419171381509, 0.000335779855959, 0.000274924212135, 0.000193744970602, 0.000155794565217, 0.000133736219141, 0.000195003318368, 8.03154762252e-05, 3.14447778926e-09],
        "dvar": [6.42567421494e-09, 9.41562611843e-05, 1.63919085026e-05, 4.8366800911e-06, 2.70336731774e-05, 1.34250319661e-06, 1.92136917576e-06, 1.35269021939e-06, 1.79579558335e-06, 5.44049999007e-06, 4.75466578109e-07, 1.78478288149e-07, 8.82898376631e-08, 2.51818136121e-07, 1.53635411948e-07, 1.16741937006e-07, 1.30254491637e-07, 7.60501990271e-08, 8.12019678165e-08, 8.28853075063e-08, 6.29775414041e-08, 3.72284851835e-08, 2.24164580231e-08, 7.47903996512e-08, 7.84783296126e-08, 7.63639906864e-09, 3.32161488724e-17],
        "dvar2": [1.78558448027e-08, 0.000236139821936, 4.50290281151e-05, 1.30755770442e-05, 7.5820942584e-05, 3.42022849509e-06, 4.99552379551e-06, 2.90984280582e-06, 4.56729048892e-06, 1.26744616864e-05, 1.0478937611e-06, 4.35934310872e-07, 2.28737434327e-07, 6.84575979903e-07, 4.32841943621e-07, 3.26921423266e-07, 3.66794012052e-07, 2.06080528642e-07, 2.0462917405e-07, 2.14399918264e-07, 1.52407110932e-07, 7.67227419374e-08, 5.16097706793e-08, 1.50938689103e-07, 1.71565417872e-07, 1.60013229333e-08, 8.94604633678e-17],
        "max": [0.000865360780153, 0.0639615952969, 0.0368450246751, 0.0188109241426, 0.0509852319956, 0.010970887728, 0.0133402664214, 0.011354890652, 0.0167435687035, 0.0293053612113, 0.0140979532152, 0.00752017972991, 0.00321523682214, 0.0068512186408, 0.00469585275277, 0.00383597565815, 0.00378328305669, 0.00254244729877, 0.0032438209746, 0.00419800169766, 0.0028217881918, 0.00218026898801, 0.00167510041501, 0.00895241461694, 0.00533007318154, 0.000985402031802, 1.03080225244e-07],
        "mean": [3.98879237764e-05, 0.00437797047198, 0.00474959844723, 0.00276205758564, 0.00291691930033, 0.00126751489006, 0.00223171105608, 0.000694051675964, 0.00142283271998, 0.00160694052465, 0.000492408289574, 0.000344311905792, 0.000340084545314, 0.000591082964092, 0.000384194485378, 0.000575160782319, 0.00083188759163, 0.000643025676254, 0.000610172457527, 0.000467231875518, 0.00041020574281, 0.000317239377182, 0.000247253599809, 0.00022155525221, 0.000301892519929, 0.000106307197711, 1.3203415028e-09],
        "median": [9.28321605898e-06, 0.00131329032592, 0.00371924554929, 0.0021578988526, 0.00160497159231, 0.000637227320112, 0.00109131075442, 0.000288933457341, 0.000669504050165, 0.000303599110339, 0.000204867057619, 0.000182027506526, 0.000179451177246, 0.000277050276054, 0.000192048493773, 0.000472594023449, 0.00075440807268, 0.000569784955587, 0.000527673342731, 0.000383783597499, 0.000313403084874, 0.000216378757614, 0.000176625166205, 0.000115131420898, 0.00012599749607, 4.27081358794e-05, 4.28390239948e-10],
        "min": [1.48649725862e-09, 5.56674251584e-07, 2.26217434829e-06, 5.01989734403e-06, 4.62073921881e-06, 2.36754499383e-06, 4.28247517448e-07, 2.23262361487e-07, 9.07121204818e-07, 7.48291085984e-07, 6.11845450749e-07, 1.27365154867e-07, 6.60005639475e-07, 3.8967093019e-07, 1.24557317349e-07, 1.66397899193e-06, 7.75785736096e-07, 5.50271806787e-07, 5.28999635208e-07, 7.7560275713e-07, 6.38862161395e-07, 2.75430068086e-07, 1.78505189297e-07, 1.48754025986e-07, 9.27349219637e-08, 2.14245739205e-11, 9.65388099322e-12],
        "var": [5.8657771973e-09, 7.85175579949e-05, 1.62568921951e-05, 5.81365247854e-06, 2.16602420551e-05, 2.57790998148e-06, 5.98992119194e-06, 1.73787589119e-06, 3.62914261132e-06, 1.38716541187e-05, 9.98120640361e-07, 2.70181061524e-07, 1.56293225473e-07, 6.56626866657e-07, 2.75249703918e-07, 1.75342094622e-07, 1.92928823139e-07, 1.18576039654e-07, 1.38918295534e-07, 1.18859254883e-07, 1.0680604845e-07, 8.73905534604e-08, 5.4095373514e-08, 2.13282163486e-07, 2.85136223965e-07, 2.39478357145e-08, 2.32187877408e-17]
    },
    "erbbands": {
        "dmean": [0.0912512615323, 1.21174538136, 3.4749853611, 4.46723365784, 6.51898384094, 8.95946311951, 4.26435613632, 8.38719558716, 12.2561101913, 17.0648479462, 8.67283439636, 22.186126709, 14.8550376892, 36.4355278015, 9.67128181458, 8.11535072327, 9.59365844727, 9.35991573334, 16.2469730377, 9.31016254425, 16.5933532715, 19.5744037628, 15.2960147858, 14.029961586, 11.1189670563, 9.77181053162, 7.44869470596, 6.09350252151, 4.76515626907, 4.06094312668, 2.60798096657, 1.79299271107, 1.83391821384, 1.64595735073, 0.956430435181, 0.353753238916, 0.0946738570929, 0.00850511249155, 0.000151222484419, 1.69273298525e-05],
        "dmean2": [0.14760415256, 2.06003451347, 6.09339284897, 7.73327064514, 11.1501369476, 15.559677124, 7.02865314484, 14.010137558, 20.0623245239, 26.3148593903, 13.7993783951, 34.9350547791, 23.8780021667, 54.0783233643, 15.0171890259, 13.0870466232, 15.9385375977, 15.486823082, 27.2740936279, 15.6853380203, 28.3067779541, 33.2790794373, 25.8175525665, 23.6181564331, 18.1501407623, 16.176574707, 12.3739519119, 9.7032327652, 7.60888576508, 6.23520088196, 4.00453710556, 2.62327766418, 2.58847546577, 2.35625052452, 1.40659379959, 0.532962858677, 0.139324367046, 0.013196580112, 0.000226591189858, 2.57140545727e-05],
        "dvar": [0.0379619672894, 6.39259910583, 29.2124881744, 26.7459335327, 97.4807052612, 519.620849609, 51.272808075, 168.437011719, 287.792816162, 944.258728027, 308.851928711, 1336.01818848, 957.794799805, 11064.2509766, 281.601043701, 300.75769043, 208.502059937, 223.935317993, 665.403320312, 191.529724121, 406.273803711, 384.296173096, 227.438613892, 231.332992554, 191.13760376, 192.883865356, 137.611938477, 74.1821594238, 57.3116455078, 35.1969947815, 14.3980445862, 11.8981513977, 38.155708313, 16.5178546906, 2.77800559998, 0.334510087967, 0.0248445793986, 0.000238731852733, 6.85164422976e-08, 3.60393742627e-10],
        "dvar2": [0.0916277170181, 16.3276233673, 79.9288711548, 74.1101989746, 265.384033203, 1454.74389648, 125.660484314, 455.953125, 759.098144531, 2257.24926758, 749.970092773, 3318.24243164, 2310.19091797, 25014.8398438, 681.763305664, 725.512268066, 561.673950195, 561.515441895, 1917.35742188, 520.982116699, 1167.04614258, 1060.2088623, 628.044677734, 618.126342773, 470.488128662, 489.684631348, 353.897888184, 170.95866394, 124.875778198, 76.3162918091, 33.518497467, 23.2737503052, 80.0767059326, 38.8831214905, 5.60646104813, 0.734154880047, 0.0543028973043, 0.000614285934716, 1.63880741866e-07, 7.90752074931e-10],
        "max": [1.08440995216, 16.8827896118, 47.7193984985, 46.5884056091, 72.1121063232, 229.839645386, 74.7406158447, 136.203323364, 203.362945557, 344.108337402, 219.050888062, 511.917785645, 693.500854492, 1618.98571777, 389.900146484, 355.255340576, 158.545608521, 260.930206299, 304.735076904, 164.269500732, 253.955947876, 226.999053955, 162.346694946, 161.478469849, 138.770309448, 190.777236938, 148.683609009, 92.8528518677, 84.0160446167, 77.6176528931, 46.8439941406, 102.608283997, 194.672805786, 73.6585235596, 27.8549175262, 6.32186460495, 2.06032705307, 0.191340476274, 0.0033661336638, 0.000222029237193],
        "mean": [0.0790502279997, 1.18526077271, 4.84111642838, 8.08331775665, 9.25993347168, 10.6211395264, 7.2887096405, 13.3940114975, 25.0403156281, 30.7393894196, 14.7655525208, 37.363445282, 25.5709381104, 60.8989677429, 18.5555400848, 14.0426368713, 16.6809196472, 19.8365211487, 32.6519165039, 19.7061977386, 36.6392211914, 46.500087738, 38.0701446533, 33.8416023254, 27.0545463562, 22.6933994293, 16.9554519653, 15.309305191, 11.7725362778, 9.64706707001, 6.27747106552, 4.27283763885, 4.09457731247, 3.54567408562, 1.97074449062, 0.654100060463, 0.179309666157, 0.013084740378, 0.000284780806396, 5.32499216206e-05],
        "median": [0.0142494821921, 0.426930218935, 3.58449673653, 6.65460205078, 6.23006868362, 5.15141773224, 4.52133560181, 6.59517145157, 13.6154937744, 15.2712421417, 8.11217498779, 17.8480091095, 11.7766895294, 10.2606801987, 10.2844991684, 8.31938076019, 9.12608909607, 12.5527086258, 16.2960567474, 14.0757064819, 31.5096912384, 41.9946861267, 34.4537277222, 29.7557678223, 22.537530899, 18.1399116516, 12.9104509354, 11.5471048355, 8.19305801392, 6.79857873917, 4.2880525589, 2.81878137589, 1.78250455856, 1.38921582699, 0.839406907558, 0.276873648167, 0.0687577202916, 0.00479409657419, 0.000124891230371, 4.24889294663e-05],
        "min": [2.83552890323e-05, 0.000149282277562, 0.00193332484923, 0.0129365036264, 0.0180880259722, 0.00602611526847, 0.0110851889476, 0.0237674452364, 0.0151672083884, 0.0103588672355, 0.0211833007634, 0.0159663707018, 0.0249018575996, 0.031195698306, 0.0204247850925, 0.00980186276138, 0.0291005652398, 0.0268377736211, 0.0095087364316, 0.0187117531896, 0.101744890213, 0.0486466810107, 0.025924956426, 0.0247605405748, 0.0310844182968, 0.0332880616188, 0.0333745628595, 0.0213606785983, 0.00974209513515, 0.00756491860375, 0.00481388485059, 0.00335368793458, 0.00224227132276, 0.00147534068674, 0.000554195255972, 4.54037217423e-05, 4.22240464104e-06, 8.94374693416e-07, 5.53592997221e-07, 1.53789500246e-07],
        "var": [0.0338394157588, 5.10435199738, 24.1854133606, 33.7590789795, 99.1684188843, 398.012542725, 71.7027816772, 293.004669189, 801.244995117, 1472.82763672, 416.169708252, 2749.2565918, 2078.2043457, 26383.4902344, 573.948242188, 400.446014404, 358.097229004, 489.788146973, 1492.25036621, 284.816375732, 542.617553711, 572.153442383, 363.064453125, 354.005401611, 330.570678711, 285.025146484, 194.233215332, 147.221710205, 118.293525696, 84.4967422485, 35.9131469727, 35.4159927368, 107.274047852, 56.924533844, 9.08382320404, 0.892591834068, 0.0722532495856, 0.000475945445942, 1.721877112e-07, 1.05176467535e-09]
    },
    "gfcc": {
        "mean": [52.9407691956, 64.712059021, -115.949234009, 47.9158706665, -60.7040557861, 12.3409347534, -45.7135696411, 19.7114639282, -29.9483947754, 3.2533261776, -27.1360931396, -0.727114737034, -18.1822681427],
        "cov": [[1575.92773438, -209.094741821, 55.1016731262, -217.992431641, -112.589820862, 58.0403862, -4.98061323166, 8.61166000366, -94.1266555786, 38.9855461121, -49.7375068665, 26.7504997253, -45.2638893127], [-209.094741821, 520.944458008, -167.334716797, 31.0820579529, 44.8300285339, -30.8140182495, 97.6706771851, -43.1923294067, 59.8921775818, -28.5569572449, 42.9942436218, -38.5791244507, 35.248840332], [55.1016731262, -167.334716797, 336.462890625, 67.6619338989, 87.4036331177, 1.11222505569, -50.5882759094, 78.4990234375, 0.0468311682343, 68.2227706909, 12.7136325836, 43.4107284546, -20.0355167389], [-217.992431641, 31.0820579529, 67.6619338989, 243.534591675, 24.8963165283, 2.60084652901, -8.04529571533, 4.51548814774, 66.8832397461, -2.27806377411, 59.8144111633, -3.1235601902, 20.2415122986], [-112.589820862, 44.8300285339, 87.4036331177, 24.8963165283, 177.835388184, 28.4443969727, 35.0380439758, 43.8837394714, 0.779115974903, 27.584564209, -12.2373609543, 11.8695573807, 2.56225085258], [58.0403862, -30.8140182495, 1.11222505569, 2.60084652901, 28.4443969727, 115.182067871, 60.6635322571, 11.5152864456, -12.2736663818, -18.6954593658, -4.71806049347, 2.90468835831, 24.967508316], [-4.98061323166, 97.6706771851, -50.5882759094, -8.04529571533, 35.0380439758, 60.6635322571, 104.084388733, 15.5775623322, 8.56789493561, -20.7065677643, -3.18158721924, 5.87851905823, 21.6699829102], [8.61166000366, -43.1923294067, 78.4990234375, 4.51548814774, 43.8837394714, 11.5152864456, 15.5775623322, 80.6404037476, 23.5769023895, 24.9162330627, -3.74166560173, 7.82623386383, -1.64638030529], [-94.1266555786, 59.8921775818, 0.0468311682343, 66.8832397461, 0.779115974903, -12.2736663818, 8.56789493561, 23.5769023895, 78.993347168, 24.0037403107, 24.129863739, -15.4876279831, -4.33393144608], [38.9855461121, -28.5569572449, 68.2227706909, -2.27806377411, 27.584564209, -18.6954593658, -20.7065677643, 24.9162330627, 24.0037403107, 69.6178207397, 21.7416419983, 11.9375638962, -25.536277771], [-49.7375068665, 42.9942436218, 12.7136325836, 59.8144111633, -12.2373609543, -4.71806049347, -3.18158721924, -3.74166560173, 24.129863739, 21.7416419983, 66.5872421265, 17.2172412872, 6.92275333405], [26.7504997253, -38.5791244507, 43.4107284546, -3.1235601902, 11.8695573807, 2.90468835831, 5.87851905823, 7.82623386383, -15.4876279831, 11.9375638962, 17.2172412872, 61.2028846741, 12.3724346161], [-45.2638893127, 35.248840332, -20.0355167389, 20.2415122986, 2.56225085258, 24.967508316, 21.6699829102, -1.64638030529, -4.33393144608, -25.536277771, 6.92275333405, 12.3724346161, 56.1125144958]],
        "icov": [[0.000930567504838, -0.000275722501101, -0.000226295524044, 0.000115302653285, 0.00137190881651, -0.000947584048845, -0.000141181852086, -0.000410517299315, 0.00135298806708, -0.00166750058997, 0.00104782474227, -0.000294196186587, 0.000484159827465], [-0.000275722501101, 0.00668391771615, -0.000259285588982, 0.00300153996795, -0.0047823973, 0.00721090612933, -0.00808011647314, 0.00602022372186, -0.00557994423434, 0.00448615616187, -0.00818409677595, 0.00608856230974, -0.0040116822347], [-0.000226295524044, -0.000259285588982, 0.00791291426867, -0.00406798766926, -0.0011648935033, -0.00207187305205, 0.00493130367249, -0.00687120249495, 0.00466903671622, -0.00506351096556, 0.00244975555688, -0.00403657881543, 0.00178629928268], [0.000115302653285, 0.00300153996795, -0.00406798766926, 0.0126856928691, -0.00535434344783, 0.00195518392138, -0.000496865890455, 0.00663354061544, -0.0139067331329, 0.0129990605637, -0.0128425853327, 0.00356704182923, -0.00242053414695], [0.00137190881651, -0.0047823973, -0.0011648935033, -0.00535434344783, 0.0146054560319, -0.00524272490293, -0.000536264909897, -0.00644397642463, 0.01052727364, -0.0132482387125, 0.0122835645452, -0.0032382956706, 0.00129280402325], [-0.000947584048845, 0.00721090612933, -0.00207187305205, 0.00195518392138, -0.00524272490293, 0.0232890229672, -0.0184666365385, 0.00633354764432, -0.00139226473402, 0.00452913995832, -0.00936121493578, 0.0105743920431, -0.00876797456294], [-0.000141181852086, -0.00808011647314, 0.00493130367249, -0.000496865890455, -0.000536264909897, -0.0184666365385, 0.0329835005105, -0.011471375823, -0.00235676299781, 0.00452942634001, 0.00644524302334, -0.0138218607754, 0.00620051519945], [-0.000410517299315, 0.00602022372186, -0.00687120249495, 0.00663354061544, -0.00644397642463, 0.00633354764432, -0.011471375823, 0.0296039246023, -0.0163288321346, 0.00369951524772, -0.00441646203399, 0.00512371771038, -0.00634691677988], [0.00135298806708, -0.00557994423434, 0.00466903671622, -0.0139067331329, 0.01052727364, -0.00139226473402, -0.00235676299781, -0.0163288321346, 0.0407420992851, -0.0243863146752, 0.00888931192458, 0.00440431386232, 0.00183115177788], [-0.00166750058997, 0.00448615616187, -0.00506351096556, 0.0129990605637, -0.0132482387125, 0.00452913995832, 0.00452942634001, 0.00369951524772, -0.0243863146752, 0.0489967688918, -0.0243194494396, -0.00166434142739, 0.01007044781], [0.00104782474227, -0.00818409677595, 0.00244975555688, -0.0128425853327, 0.0122835645452, -0.00936121493578, 0.00644524302334, -0.00441646203399, 0.00888931192458, -0.0243194494396, 0.0423786081374, -0.0149652147666, 0.000169910548721], [-0.000294196186587, 0.00608856230974, -0.00403657881543, 0.00356704182923, -0.0032382956706, 0.0105743920431, -0.0138218607754, 0.00512371771038, 0.00440431386232, -0.00166434142739, -0.0149652147666, 0.0321259535849, -0.0115136727691], [0.000484159827465, -0.0040116822347, 0.00178629928268, -0.00242053414695, 0.00129280402325, -0.00876797456294, 0.00620051519945, -0.00634691677988, 0.00183115177788, 0.01007044781, 0.000169910548721, -0.0115136727691, 0.0307465828955]]
    },
    "melbands": {
        "dmean": [0.00109139690176, 0.00172649940941, 0.000780722650234, 0.00056567863794, 0.000192095089005, 0.000171512452653, 0.000197992529138, 0.000174464294105, 8.27833428048e-05, 0.000136275280965, 7.3209470429e-05, 0.000153862085426, 3.73743205273e-05, 2.37007989199e-05, 2.23442621063e-05, 1.82461481018e-05, 2.05532633117e-05, 3.10974719469e-05, 1.37003962664e-05, 1.7226451746e-05, 2.20866768359e-05, 2.35797142523e-05, 1.90150258277e-05, 1.28362562464e-05, 1.26535278469e-05, 9.8306363725e-06, 7.88711804489e-06, 6.96825509294e-06, 4.90240336148e-06, 5.02428565596e-06, 3.5881751046e-06, 3.06375295622e-06, 2.53104553849e-06, 2.47459047387e-06, 1.64237883382e-06, 1.46911020238e-06, 1.1905987094e-06, 1.34003630592e-06, 1.55278303282e-06, 1.51399058268e-06],
        "dmean2": [0.00179247534834, 0.00295497244224, 0.00133507081773, 0.000971491506789, 0.000324077234836, 0.000286042399239, 0.000323351821862, 0.00027046885225, 0.000131688037072, 0.000215371255763, 0.00011972036009, 0.000228500983212, 5.82644825045e-05, 3.83901460737e-05, 3.66229724023e-05, 3.01717664115e-05, 3.41252089129e-05, 5.22779992025e-05, 2.28417247854e-05, 2.93008160952e-05, 3.76186289941e-05, 4.06217586715e-05, 3.23615131492e-05, 2.16649186768e-05, 2.14712163142e-05, 1.6296397007e-05, 1.31325778057e-05, 1.16077844723e-05, 8.23603204481e-06, 8.17121144792e-06, 5.83121573072e-06, 4.93795823786e-06, 3.98154543291e-06, 3.88312446375e-06, 2.63035099124e-06, 2.26637394007e-06, 1.76657624706e-06, 1.90374669273e-06, 2.33217224377e-06, 2.24215114031e-06],
        "dvar": [5.15068541063e-06, 8.76581816556e-06, 7.92095363522e-07, 1.62576952789e-06, 1.48179282178e-07, 6.99981939078e-08, 7.3458487293e-08, 1.09972539519e-07, 2.2907554964e-08, 5.13003683977e-08, 2.77679266247e-08, 1.92580813518e-07, 4.24433421742e-09, 2.36545161236e-09, 1.54406476494e-09, 6.27603025105e-10, 1.13002573965e-09, 2.42963582586e-09, 5.66873381569e-10, 4.61249455297e-10, 6.61121324352e-10, 5.50056555859e-10, 3.53127055375e-10, 1.81029344293e-10, 1.84098555844e-10, 1.3439475921e-10, 1.23046697831e-10, 8.87884349376e-11, 6.0628543852e-11, 4.91100562994e-11, 2.43365171765e-11, 2.41121185518e-11, 1.35606708154e-11, 1.26132524564e-11, 6.23423795226e-12, 3.65299630822e-12, 7.19859892181e-12, 1.81691380691e-11, 2.70495500998e-11, 1.13360579604e-11],
        "dvar2": [1.2636336578e-05, 2.33464361372e-05, 2.09358404391e-06, 4.52071344625e-06, 3.91608296013e-07, 1.86151467574e-07, 1.94345375348e-07, 2.52795814504e-07, 5.77697889526e-08, 1.3134324206e-07, 6.78606255633e-08, 4.37620514049e-07, 1.02120942813e-08, 5.67374369709e-09, 3.87209375674e-09, 1.60254687298e-09, 2.86672863226e-09, 6.90128310055e-09, 1.55466373108e-09, 1.26402410761e-09, 1.90301552294e-09, 1.49253787107e-09, 1.00173414008e-09, 4.99039198854e-10, 4.99868646475e-10, 3.33716471124e-10, 3.23046839279e-10, 2.2369138486e-10, 1.59084634355e-10, 1.24022153658e-10, 5.64335488062e-11, 5.60362936608e-11, 2.87006269445e-11, 2.96847026127e-11, 1.53304192257e-11, 8.48830120775e-12, 1.45716754635e-11, 3.21313843588e-11, 7.25541779434e-11, 2.61017908676e-11],
        "max": [0.0137086883187, 0.0221389904618, 0.00782892573625, 0.0124766714871, 0.00389343197457, 0.00266891415231, 0.00308641791344, 0.00371217750944, 0.00178089761175, 0.00318579212762, 0.00365162384696, 0.0064544598572, 0.00102445716038, 0.000903937732801, 0.000523938273545, 0.000226291827857, 0.000624125823379, 0.000512649130542, 0.000315353943733, 0.00022328630439, 0.000354221003363, 0.000273908401141, 0.000193524829228, 0.000124718266306, 0.000142530407174, 0.00014567055041, 0.000153480301378, 0.0001178454404, 9.2108399258e-05, 7.28123995941e-05, 5.22090231243e-05, 6.25861503067e-05, 4.24121280957e-05, 4.09642780141e-05, 3.28414716932e-05, 2.0461033273e-05, 7.81014678068e-05, 0.000142494696775, 0.000113129310193, 6.95642520441e-05],
        "mean": [0.000983550678939, 0.00227695354261, 0.00147105322685, 0.000733776250854, 0.000308299553581, 0.000273046636721, 0.000422432785854, 0.000302139640553, 0.000133104564156, 0.000226105126785, 0.000119682161312, 0.000254934246186, 6.62293750793e-05, 3.87990585295e-05, 3.80342025892e-05, 3.03498800349e-05, 4.05868559028e-05, 6.05154418736e-05, 2.49099812208e-05, 3.24188185914e-05, 4.45446567028e-05, 4.94897540193e-05, 4.18226627517e-05, 2.81012617052e-05, 2.77128601738e-05, 2.12558097701e-05, 1.72812196979e-05, 1.45647572936e-05, 9.85036422207e-06, 1.09426782728e-05, 8.16576448415e-06, 6.82223617332e-06, 5.62492596146e-06, 5.30398710907e-06, 3.60456374437e-06, 3.05787239085e-06, 2.48209653364e-06, 2.80595349977e-06, 3.02664352603e-06, 2.98542408927e-06],
        "median": [0.000240447407123, 0.00157760910224, 0.00126268982422, 0.00041933124885, 0.000184259348316, 0.000135389680509, 0.000218156797928, 0.00014740282495, 6.31060102023e-05, 0.000107302868855, 4.82958421344e-05, 3.92203692172e-05, 3.23482563545e-05, 1.98175803234e-05, 1.93479645532e-05, 1.86701854545e-05, 2.3132921342e-05, 2.79481846519e-05, 1.41020673254e-05, 2.34222497966e-05, 3.83129954571e-05, 4.36463342339e-05, 3.76582102035e-05, 2.41967172769e-05, 2.43109643634e-05, 1.7425742044e-05, 1.40518941407e-05, 1.14046861199e-05, 7.22924505681e-06, 8.15364546725e-06, 6.0276934164e-06, 4.63964261144e-06, 3.80749384021e-06, 3.69592430616e-06, 2.44248894887e-06, 2.03830154533e-06, 1.47266575823e-06, 1.26278837342e-06, 1.11516237666e-06, 1.1488847349e-06],
        "min": [1.70035875158e-07, 9.60663328442e-07, 2.36355413108e-06, 9.84744133348e-07, 3.83659624958e-07, 5.26210556018e-07, 2.07567495636e-07, 8.62915925381e-08, 1.82520707881e-07, 9.60048041065e-08, 1.13771427834e-07, 1.25693205177e-07, 7.75162902755e-08, 1.86700290783e-08, 3.22351247917e-08, 7.69790418076e-08, 4.4849844727e-08, 1.55140948976e-08, 7.4661841154e-09, 6.84713654664e-08, 1.28980829572e-07, 4.81595741064e-08, 3.51577682522e-08, 1.99450216343e-08, 1.78065580059e-08, 2.70932467572e-08, 1.60824420448e-08, 2.50729019768e-08, 2.21457234773e-08, 1.95718641294e-08, 9.17624287666e-09, 5.51049916808e-09, 4.756063543e-09, 3.80566378411e-09, 2.40117636885e-09, 2.9878393093e-09, 1.82562898132e-09, 1.31487631894e-09, 1.90533824829e-10, 1.04621011854e-09],
