{
"highlevel": {
    "danceability": {
        "all": {
            "danceable": 0.0278721097857,
            "not_danceable": 0.972127914429
        },
        "probability": 0.972127914429,
        "value": "not_danceable"
    },
    "gender": {
        "all": {
            "female": 0.22622731328,
            "male": 0.773772716522
        },
        "probability": 0.773772716522,
        "value": "male"
    },
    "genre_dortmund": {
        "all": {
            "alternative": 0.220688551664,
            "blues": 0.0531949400902,
            "electronic": 0.134579896927,
            "folkcountry": 0.0268169213086,
            "funksoulrnb": 0.00449733249843,
            "jazz": 0.0283987671137,
            "pop": 0.0404527410865,
            "raphiphop": 0.00462024705485,
            "rock": 0.486750602722
        },
        "probability": 0.486750602722,
        "value": "rock"
    },
    "genre_electronic": {
        "all": {
            "ambient": 0.174316212535,
            "dnb": 0.137156963348,
            "house": 0.0530713684857,
            "techno": 0.0236573461443,
            "trance": 0.611798107624
        },
        "probability": 0.611798107624,
        "value": "trance"
    },
    "genre_rosamerica": {
        "all": {
            "cla": 0.0014325985685,
            "dan": 0.0263800788671,
            "hip": 0.00886278320104,
            "jaz": 0.000708749750629,
            "pop": 0.0751221105456,
            "rhy": 0.00104747503065,
            "roc": 0.885980904102,
            "spe": 0.000465302960947
        },
        "probability": 0.885980904102,
        "value": "roc"
    },
    "genre_tzanetakis": {
        "all": {
            "blu": 0.0626541376114,
            "cla": 0.0348133966327,
            "cou": 0.0783501937985,
            "dis": 0.104547761381,
            "hip": 0.15693578124,
            "jaz": 0.313987255096,
            "met": 0.044816005975,
            "pop": 0.0627349764109,
            "reg": 0.0627352520823,
            "roc": 0.0784252434969
        },
        "probability": 0.313987255096,
        "value": "jaz"
    },
    "ismir04_rhythm": {
        "all": {
            "ChaChaCha": 0.861247122288,
            "Jive": 0.058250207454,
            "Quickstep": 0.00251693837345,
            "Rumba-American": 0.0050554103218,
            "Rumba-International": 0.00142972962931,
            "Rumba-Misc": 0.000707224477082,
            "Samba": 0.0242485962808,
            "Tango": 0.0109366755933,
            "VienneseWaltz": 0.0336629636586,
            "Waltz": 0.00194513064343
        },
        "probability": 0.861247122288,
        "value": "ChaChaCha"
    },
    "mood_acoustic": {
        "all": {
            "acoustic": 5.86610804021e-06,
            "not_acoustic": 0.999994158745
        },
        "probability": 0.999994158745,
        "value": "not_acoustic"
    },
    "mood_aggressive": {
        "all": {
            "aggressive": 0.993900358677,
            "not_aggressive": 0.0060996520333
        },
        "probability": 0.993900358677,
        "value": "aggressive"
    },
    "mood_electronic": {
        "all": {
            "electronic": 0.207934826612,
            "not_electronic": 0.792065143585
        },
        "probability": 0.792065143585,
        "value": "not_electronic"
    },
    "mood_happy": {
        "all": {
            "happy": 0.261200994253,
            "not_happy": 0.738799035549
        },
        "probability": 0.738799035549,
        "value": "not_happy"
    },
    "mood_party": {
        "all": {
            "not_party": 0.25868627429,
            "party": 0.741313695908
        },
        "probability": 0.741313695908,
        "value": "party"
    },
    "mood_relaxed": {
        "all": {
            "not_relaxed": 0.977404475212,
            "relaxed": 0.0225955117494
        },
        "probability": 0.977404475212,
        "value": "not_relaxed"
    },
    "mood_sad": {
        "all": {
            "not_sad": 0.888746261597,
            "sad": 0.111253730953
        },
        "probability": 0.888746261597,
        "value": "not_sad"
    },
    "moods_mirex": {
        "all": {
            "Cluster1": 0.479659378529,
            "Cluster2": 0.0596379637718,
            "Cluster3": 0.26538708806,
            "Cluster4": 0.0482208617032,
            "Cluster5": 0.147094711661
        },
        "probability": 0.479659378529,
        "value": "Cluster1"
    },
    "timbre": {
        "all": {
            "bright": 0.99999910593,
            "dark": 9.02230681277e-07
        },
        "probability": 0.99999910593,
        "value": "bright"
    },
    "tonal_atonal": {
        "all": {
            "atonal": 0.0618677735329,
            "tonal": 0.938132226467
        },
        "probability": 0.938132226467,
        "value": "tonal"
    },
    "voice_instrumental": {
        "all": {
            "instrumental": 0.0829090997577,
            "voice": 0.917090892792
        },
        "probability": 0.917090892792,
        "value": "voice"
    }
},
"lowlevel": {
    "average_loudness": 0.977231800556,
    "barkbands_crest": {
        "dmean": 3.08344745636,
        "dmean2": 5.14030265808,
        "dvar": 10.9724321365,
        "dvar2": 27.5395927429,
        "max": 24.9650192261,
        "mean": 12.1617574692,
        "median": 11.9384040833,
        "min": 2.95134687424,
        "var": 21.8072853088
    },
    "barkbands_flatness_db": {
        "dmean": 0.0226333886385,
        "dmean2": 0.0378259271383,
        "dvar": 0.000657599186525,
        "dvar2": 0.00172383559402,
        "max": 0.273095190525,
        "mean": 0.133363693953,
        "median": 0.127071559429,
        "min": 0.0527095645666,
        "var": 0.00126958359033
    },
    "barkbands_kurtosis": {
        "dmean": 1.9701154232,
        "dmean2": 3.36569690704,
        "dvar": 17.2946949005,
        "dvar2": 45.6704177856,
        "max": 34.8569946289,
        "mean": 0.850827813148,
        "median": -0.44069480896,
        "min": -1.75774919987,
        "var": 16.5891361237
    },
    "barkbands_skewness": {
        "dmean": 0.564141213894,
        "dmean2": 0.940263152122,
        "dvar": 0.535927474499,
        "dvar2": 1.38802194595,
        "max": 5.69240045547,
        "mean": 1.12100923061,
        "median": 0.963771045208,
        "min": -1.11086153984,
        "var": 0.871852338314
    },
    "barkbands_spread": {
        "dmean": 6.13980722427,
        "dmean2": 10.1810588837,
        "dvar": 43.6423377991,
        "dvar2": 110.974388123,
        "max": 64.6396560669,
        "mean": 35.4522361755,
        "median": 36.6302604675,
        "min": 4.4685754776,
        "var": 122.660575867
    },
    "dissonance": {
        "dmean": 0.00962361507118,
        "dmean2": 0.0161287803203,
        "dvar": 8.59499414219e-05,
        "dvar2": 0.00022324580641,
        "max": 0.499662131071,
        "mean": 0.483415514231,
        "median": 0.486441284418,
        "min": 0.393205791712,
        "var": 0.000161922187544
    },
    "dynamic_complexity": 0.959021806717,
    "erbbands_crest": {
        "dmean": 1.92177331448,
        "dmean2": 3.20266509056,
        "dvar": 3.57353043556,
        "dvar2": 9.28084564209,
        "max": 25.9373321533,
        "mean": 7.23862504959,
        "median": 6.53716230392,
        "min": 2.38336753845,
        "var": 9.59784126282
    },
    "erbbands_flatness_db": {
        "dmean": 0.0137611376122,
        "dmean2": 0.0206714179367,
        "dvar": 0.000188045713003,
        "dvar2": 0.000371691508917,
        "max": 0.289678245783,
        "mean": 0.154564127326,
        "median": 0.151903927326,
        "min": 0.0855437591672,
        "var": 0.000964341219515
    },
    "erbbands_kurtosis": {
        "dmean": 0.727865278721,
        "dmean2": 1.14818644524,
        "dvar": 0.536099374294,
        "dvar2": 1.28569591045,
        "max": 8.63031291962,
        "mean": 0.829646408558,
        "median": 0.599579334259,
        "min": -1.60641551018,
        "var": 1.66856408119
    },
    "erbbands_skewness": {
        "dmean": 0.235528156161,
        "dmean2": 0.371314257383,
        "dvar": 0.0410572178662,
        "dvar2": 0.0924153104424,
        "max": 2.37418651581,
        "mean": -0.542841553688,
        "median": -0.529808700085,
        "min": -2.0271127224,
        "var": 0.21624109149
    },
    "erbbands_spread": {
        "dmean": 7.6029086113,
        "dmean2": 12.6108531952,
        "dvar": 94.0835342407,
        "dvar2": 247.047149658,
        "max": 93.348777771,
        "mean": 31.9491710663,
        "median": 29.5867290497,
        "min": 9.56242275238,
        "var": 148.559112549
    },
    "hfc": {
        "dmean": 7.23074531555,
        "dmean2": 11.9886693954,
        "dvar": 129.043228149,
        "dvar2": 330.936859131,
        "max": 112.133636475,
        "mean": 32.5001678467,
        "median": 30.5154800415,
        "min": 6.21218585968,
        "var": 212.24055481
    },
    "melbands_crest": {
        "dmean": 3.07098531723,
        "dmean2": 4.95641851425,
        "dvar": 9.65327072144,
        "dvar2": 25.8147907257,
        "max": 30.3244457245,
        "mean": 16.4930591583,
        "median": 16.2319812775,
        "min": 3.80833125114,
        "var": 21.2489356995
    },
    "melbands_flatness_db": {
        "dmean": 0.0279675126076,
        "dmean2": 0.0464528314769,
        "dvar": 0.00108759128489,
        "dvar2": 0.00273739942349,
        "max": 0.349096417427,
        "mean": 0.174288064241,
        "median": 0.16884636879,
        "min": 0.0489776134491,
        "var": 0.00240790168755
    },
    "melbands_kurtosis": {
        "dmean": 7.39810180664,
        "dmean2": 12.6236524582,
        "dvar": 219.177154541,
        "dvar2": 586.888183594,
        "max": 121.647842407,
        "mean": 9.64667510986,
        "median": 5.28355789185,
        "min": -1.64661049843,
        "var": 210.109054565
    },
    "melbands_skewness": {
        "dmean": 0.880786895752,
        "dmean2": 1.47444319725,
        "dvar": 1.43099582195,
        "dvar2": 3.68391561508,
        "max": 9.9870557785,
        "mean": 2.67904877663,
        "median": 2.37138080597,
        "min": -0.0971681922674,
        "var": 2.14366698265
    },
    "melbands_spread": {
        "dmean": 9.59441566467,
        "dmean2": 16.2373561859,
        "dvar": 100.070571899,
        "dvar2": 263.333862305,
        "max": 93.4797286987,
        "mean": 33.756816864,
        "median": 32.1258926392,
        "min": 2.85426020622,
        "var": 260.554534912
    },
    "pitch_salience": {
        "dmean": 0.0772381201386,
        "dmean2": 0.125257655978,
        "dvar": 0.00603654934093,
        "dvar2": 0.0148106478155,
        "max": 0.806443333626,
        "mean": 0.444208294153,
        "median": 0.434690088034,
        "min": 0.124288909137,
        "var": 0.0139161013067
    },
    "silence_rate_20dB": {
        "dmean": 0,
        "dmean2": 0,
        "dvar": 0,
        "dvar2": 0,
        "max": 1,
        "mean": 1,
        "median": 1,
        "min": 1,
        "var": 0
    },
    "silence_rate_30dB": {
        "dmean": 0.071207433939,
        "dmean2": 0.142525181174,
        "dvar": 0.0661373734474,
        "dvar2": 0.145448938012,
        "max": 1,
        "mean": 0.939675152302,
        "median": 1,
        "min": 0,
        "var": 0.0566858164966
    },
    "silence_rate_60dB": {
        "dmean": 0,
        "dmean2": 0,
        "dvar": 0,
        "dvar2": 0,
        "max": 0,
        "mean": 0,
        "median": 0,
        "min": 0,
        "var": 0
    },
    "spectral_centroid": {
        "dmean": 230.332473755,
        "dmean2": 380.701141357,
        "dvar": 56490.3046875,
        "dvar2": 156594.0625,
        "max": 3113.38061523,
        "mean": 2113.13549805,
        "median": 2137.96972656,
        "min": 890.127441406,
        "var": 152605.578125
    },
    "spectral_complexity": {
        "dmean": 4.1284828186,
        "dmean2": 6.35089063644,
        "dvar": 13.8921365738,
        "dvar2": 28.3548221588,
        "max": 55,
        "mean": 33.0765647888,
        "median": 32,
        "min": 15,
        "var": 50.7822418213
    },
    "spectral_decrease": {
        "dmean": 4.81789141915e-09,
        "dmean2": 8.2575164484e-09,
        "dvar": 7.36007044902e-17,
        "dvar2": 1.9552479744e-16,
        "max": -9.06822339442e-10,
        "mean": -1.11860654073e-08,
        "median": -8.73894734355e-09,
        "min": -6.51036131671e-08,
        "var": 7.34054700133e-17
    },
    "spectral_energy": {
        "dmean": 0.0186138488352,
        "dmean2": 0.0318851396441,
        "dvar": 0.00107383378781,
        "dvar2": 0.00284741469659,
        "max": 0.24928638339,
        "mean": 0.045166708529,
        "median": 0.0360781960189,
        "min": 0.00406571663916,
        "var": 0.00107425299939
    },
    "spectral_energyband_high": {
        "dmean": 0.000545140181202,
        "dmean2": 0.000899667793419,
        "dvar": 1.23959853227e-06,
        "dvar2": 3.33223783855e-06,
        "max": 0.0120182735845,
        "mean": 0.00135395210236,
        "median": 0.000891865929589,
        "min": 3.59884215868e-05,
        "var": 1.8485683313e-06
    },
    "spectral_energyband_low": {
        "dmean": 0.0157944653183,
        "dmean2": 0.0268493499607,
        "dvar": 0.00101525697391,
        "dvar2": 0.00271630962379,
        "max": 0.23732227087,
        "mean": 0.0274890586734,
        "median": 0.0183435492218,
        "min": 1.99244095711e-05,
        "var": 0.00101708678994
    },
    "spectral_energyband_middle_high": {
        "dmean": 0.00203262991272,
        "dmean2": 0.00318799261004,
        "dvar": 3.78286108571e-06,
        "dvar2": 9.45816464082e-06,
        "max": 0.0250861532986,
        "mean": 0.0101258568466,
        "median": 0.00990610942245,
        "min": 0.00239947391674,
        "var": 1.37843289849e-05
    },
    "spectral_energyband_middle_low": {
        "dmean": 0.00444970652461,
        "dmean2": 0.00782240461558,
        "dvar": 0.000111211302283,
        "dvar2": 0.000304907356622,
        "max": 0.11016779393,
        "mean": 0.00719450879842,
        "median": 0.0051415883936,
        "min": 0.0005339209456,
        "var": 8.16729516373e-05
    },
    "spectral_entropy": {
        "dmean": 0.0835181102157,
        "dmean2": 0.130529969931,
        "dvar": 0.00816468521953,
        "dvar2": 0.0155789386481,
        "max": 8.27250003815,
        "mean": 7.80340194702,
        "median": 7.81157779694,
        "min": 7.20865392685,
        "var": 0.0335339568555
    },
    "spectral_flux": {
        "dmean": 0.038417071104,
        "dmean2": 0.0606509558856,
        "dvar": 0.00264776078984,
        "dvar2": 0.00548439146951,
        "max": 0.425721675158,
        "mean": 0.106834158301,
        "median": 0.0828337520361,
        "min": 0.0243600159883,
        "var": 0.00433627981693
    },
    "spectral_kurtosis": {
        "dmean": 1.3405777216,
        "dmean2": 2.30487632751,
        "dvar": 1.66992926598,
        "dvar2": 4.84782171249,
        "max": 11.5302400589,
        "mean": 3.46861600876,
        "median": 3.18109750748,
        "min": 0.259862184525,
        "var": 2.88631510735
    },
    "spectral_rms": {
        "dmean": 0.00118920695968,
        "dmean2": 0.00201546167955,
        "dvar": 3.04296577269e-06,
        "dvar2": 7.79088713898e-06,
        "max": 0.0155950710177,
        "mean": 0.0063382810913,
        "median": 0.00593281071633,
        "min": 0.00199162075296,
        "var": 3.89119986721e-06
    },
    "spectral_rolloff": {
        "dmean": 528.147094727,
        "dmean2": 908.931091309,
        "dvar": 334763.625,
        "dvar2": 826781.625,
        "max": 4844.97070312,
        "mean": 1860.73144531,
        "median": 1851.85546875,
        "min": 86.1328125,
        "var": 766925.625
    },
    "spectral_skewness": {
        "dmean": 0.174792796373,
        "dmean2": 0.295610576868,
        "dvar": 0.0242053885013,
        "dvar2": 0.0668651685119,
        "max": 2.61497950554,
        "mean": 1.12730431557,
        "median": 1.11602759361,
        "min": 0.160540893674,
        "var": 0.0646578595042
    },
    "spectral_spread": {
        "dmean": 358108.375,
        "dmean2": 551528.625,
        "dvar": 179991724032,
        "dvar2": 338623856640,
        "max": 8633425,
        "mean": 3669994.5,
        "median": 3571252,
        "min": 1751462.625,
        "var": 691220250624
    },
    "spectral_strongpeak": {
        "dmean": 0.258793920279,
        "dmean2": 0.466055929661,
        "dvar": 0.344307482243,
        "dvar2": 0.946453511715,
        "max": 6.19415664673,
        "mean": 0.534522533417,
        "median": 0.414388000965,
        "min": 0.0498824939132,
        "var": 0.444434344769
    },
    "zerocrossingrate": {
        "dmean": 0.00888014305383,
        "dmean2": 0.0111578507349,
        "dvar": 5.91423558944e-05,
        "dvar2": 9.11082461243e-05,
        "max": 0.134765625,
        "mean": 0.0639240592718,
        "median": 0.0634765625,
        "min": 0.0078125,
        "var": 0.000436853180872
    },
    "barkbands": {
        "dmean": [0.00023368865368, 0.0139060355723, 0.00323297851719, 0.00148261012509, 0.00258758687414, 0.000461154064396, 0.000449639133876, 0.000285962596536, 0.0003097045701, 0.000349518464645, 0.000400306365918, 0.000308232702082, 0.000579078739975, 0.000683061778545, 0.000605717592407, 0.000427324877819, 0.000533135840669, 0.000405537837651, 0.000365936604794, 0.000288743933197, 0.000179526323336, 0.000183900119737, 0.000111894813017, 5.99106315349e-05, 3.25001310557e-05, 1.17099480121e-05, 2.06286121518e-09],
        "dmean2": [0.000372619659174, 0.0235049854964, 0.00595031585544, 0.00266677304171, 0.00460234424099, 0.000786202435847, 0.000703360361513, 0.000465358432848, 0.000476560235256, 0.000515512190759, 0.00061874021776, 0.000496942782775, 0.000919393671211, 0.0010762285674, 0.0010020469781, 0.000670795387123, 0.000871125084814, 0.000655690499116, 0.00060048152227, 0.000473777297884, 0.000306942529278, 0.000315694167512, 0.000185065859114, 9.77114395937e-05, 5.00880269101e-05, 1.83718657354e-05, 3.62757002215e-09],
        "dvar": [1.62785340763e-07, 0.000797186221462, 6.68851353112e-05, 9.18576461117e-06, 5.72179269511e-05, 6.83995381223e-07, 5.37462767625e-07, 1.67441825738e-07, 3.94406782789e-07, 2.99752940691e-07, 3.05290996039e-07, 1.5484567939e-07, 4.34580925912e-07, 8.26878817861e-07, 6.49018943477e-07, 3.362125085e-07, 3.54814233106e-07, 1.73222957756e-07, 2.16189491198e-07, 1.41531842246e-07, 1.14819862063e-07, 2.17527912127e-07, 3.37163470476e-08, 9.63551105571e-09, 2.61487631548e-09, 5.05813890772e-10, 6.23378198871e-17],
        "dvar2": [4.05141832971e-07, 0.00214649317786, 0.000196753622731, 2.62188896158e-05, 0.000156632333528, 1.93373034563e-06, 1.19416256439e-06, 4.0560752268e-07, 8.82290180471e-07, 4.86677834033e-07, 6.35905053059e-07, 3.77997508849e-07, 1.15739828743e-06, 2.15616773858e-06, 1.63973982126e-06, 8.07157675808e-07, 9.61350338002e-07, 4.3318277676e-07, 5.53545532966e-07, 3.89987718563e-07, 3.20204634363e-07, 6.10967390458e-07, 8.5179415521e-08, 2.41771473952e-08, 5.53824452965e-09, 1.10758457961e-09, 8.41112054604e-17],
        "max": [0.00492374831811, 0.230498060584, 0.0704624429345, 0.0450170114636, 0.0597298927605, 0.00856896676123, 0.015470254235, 0.00538207963109, 0.0152986645699, 0.0208206363022, 0.00778963509947, 0.00464873993769, 0.00849150493741, 0.0142899537459, 0.0161177590489, 0.00880192033947, 0.00714522833005, 0.00434750271961, 0.00561210000888, 0.00468519655988, 0.00341294053942, 0.00634423084557, 0.00218186574057, 0.00146551174112, 0.000532307371031, 0.000229433673667, 2.58888547933e-07],
        "mean": [0.000307907233946, 0.0224220007658, 0.00390894291922, 0.00167714525014, 0.00239707855508, 0.000788525096141, 0.000902632833458, 0.000533477868885, 0.000638814410195, 0.000831552082673, 0.000776470056735, 0.000586736947298, 0.00115448900033, 0.0014308555983, 0.00115632626694, 0.000891459232662, 0.00122476171236, 0.000957875570748, 0.000810671015643, 0.000670135719702, 0.00035127720912, 0.00031368798227, 0.000217602340854, 0.000132348141051, 6.6849977884e-05, 1.70538132807e-05, 1.66383107292e-09],
        "median": [8.7333151896e-05, 0.015043660067, 0.00251736748032, 0.000968577573076, 0.000796430453192, 0.000501498871017, 0.000523168884683, 0.000361447571777, 0.000363547034794, 0.000435084162746, 0.00037184075336, 0.000395837065298, 0.000855648773722, 0.000986540922895, 0.00085500330897, 0.000625115004368, 0.000953170179855, 0.000818842439912, 0.000649950408842, 0.00052677874919, 0.000224013187108, 0.000166711193742, 0.000126999017084, 7.30649553589e-05, 3.49361289409e-05, 4.42073996965e-06, 6.07249528439e-10],
        "min": [1.04696136205e-08, 2.603955636e-06, 2.30869682127e-06, 2.66512506641e-06, 3.92012298107e-05, 9.48607521423e-06, 1.70689399965e-05, 5.2878385759e-06, 1.15315460789e-05, 1.4194659343e-05, 4.49494245913e-06, 2.57218162005e-05, 5.79642692173e-05, 3.34500582539e-05, 4.2795920308e-05, 3.29333270201e-05, 0.000110828310426, 7.73518622736e-05, 7.46727891965e-05, 3.75382842321e-05, 6.50153560855e-06, 6.18129297436e-06, 2.10078894725e-07, 2.89237629403e-08, 1.62398323955e-11, 1.53293020638e-11, 1.32626704757e-11],
        "var": [2.58812661968e-07, 0.000776284723543, 4.19225871156e-05, 6.75424598739e-06, 3.90921341022e-05, 7.55135943109e-07, 1.24057464745e-06, 3.83345536648e-07, 7.66420157561e-07, 2.77868412013e-06, 1.01410842035e-06, 3.24813782981e-07, 9.28681458845e-07, 2.01416742129e-06, 1.18456603104e-06, 7.87294879956e-07, 9.16645603866e-07, 3.72619240352e-07, 3.81645833158e-07, 2.56243623653e-07, 1.48035312009e-07, 2.01824505552e-07, 5.84339119314e-08, 3.05377874099e-08, 6.45241060582e-09, 8.94472107493e-10, 5.89247204785e-17]
    },
    "erbbands": {
        "dmean": [0.351549983025, 3.34992837906, 4.4380645752, 4.10868549347, 9.21426963806, 7.13263130188, 5.03443384171, 3.29511737823, 5.6897482872, 7.39690971375, 5.63065433502, 6.87301492691, 8.8560962677, 11.500667572, 13.6282625198, 15.3101158142, 27.6577548981, 35.9634399414, 31.0721511841, 21.6185970306, 25.8254070282, 22.7746601105, 20.2528247833, 21.9124259949, 16.4301986694, 13.8131504059, 7.67287969589, 7.13337945938, 6.98096370697, 4.91258764267, 2.99447393417, 1.76037991047, 0.776564538479, 0.426575690508, 0.217231035233, 0.0706698745489, 0.0224692113698, 0.00163329439238, 3.69823319488e-05, 2.16484368138e-05],
        "dmean2": [0.57402831316, 5.77988433838, 8.0443649292, 7.5332660675, 16.2556247711, 12.9484033585, 9.16203594208, 5.45408296585, 9.17116737366, 11.5578899384, 9.06939983368, 10.6114673615, 13.8535337448, 16.8757648468, 21.7001419067, 24.452009201, 43.9616088867, 55.4473152161, 50.7001647949, 35.1575317383, 40.9270324707, 37.1898612976, 32.431842804, 35.6601600647, 27.2189769745, 22.6381912231, 13.1443119049, 12.1794290543, 12.1686906815, 8.24248313904, 4.96184206009, 2.93070244789, 1.19666719437, 0.676182568073, 0.33057820797, 0.10875351727, 0.0360268056393, 0.00273994961753, 5.9821515606e-05, 3.65890155081e-05],
        "dvar": [0.462603151798, 49.271156311, 111.429611206, 76.5591506958, 665.779785156, 422.105255127, 181.948928833, 19.5651874542, 81.808555603, 143.686416626, 76.3605575562, 299.343444824, 124.761062622, 436.404205322, 369.172302246, 343.935546875, 1061.66345215, 2301.36230469, 2104.46020508, 733.71282959, 1290.78320312, 577.780639648, 388.09072876, 674.942504883, 589.820556641, 319.787841797, 206.885955811, 206.584365845, 329.987243652, 101.537696838, 22.9175014496, 9.57135105133, 1.58474433422, 0.433570086956, 0.118402838707, 0.0150158815086, 0.00209802784957, 1.54079953063e-05, 4.92799046015e-09, 1.325016874e-09],
        "dvar2": [1.07281720638, 138.374267578, 326.797149658, 220.0365448, 1829.20471191, 1186.14111328, 534.45123291, 49.4863853455, 185.203231812, 340.400268555, 188.41178894, 695.459472656, 316.350158691, 698.141967773, 851.747802734, 830.229309082, 2851.19140625, 5922.42626953, 5210.03271484, 2036.27453613, 3239.45214844, 1532.98486328, 970.426635742, 1642.86987305, 1606.69677734, 884.85534668, 581.822692871, 572.681152344, 931.832580566, 274.695373535, 58.3571281433, 24.5833148956, 3.94732308388, 1.00281178951, 0.252538949251, 0.0318455733359, 0.00491787679493, 3.93526388507e-05, 1.20131149473e-08, 3.489807332e-09],
        "max": [5.37710142136, 54.6409988403, 80.4114837646, 72.9663314819, 294.807189941, 184.160964966, 123.843955994, 45.1828994751, 120.961303711, 204.212036133, 145.04637146, 463.695404053, 201.984817505, 901.409179688, 214.781921387, 237.065368652, 434.737060547, 747.786254883, 907.268554688, 320.892883301, 610.693359375, 295.050964355, 242.263061523, 350.443115234, 379.190673828, 217.005401611, 144.474227905, 151.319366455, 263.800109863, 126.177047729, 46.8010025024, 59.1072120667, 15.9829483032, 6.73764944077, 3.17087697983, 1.19629085064, 0.52857118845, 0.0479758158326, 0.00081968883751, 0.000272915232927],
        "mean": [0.514638483524, 5.32259607315, 6.53709506989, 5.04996728897, 8.31313228607, 6.72701501846, 5.76464223862, 6.44959163666, 10.8583316803, 14.8614444733, 11.4146356583, 14.6017570496, 20.4716854095, 30.757648468, 29.705406189, 32.9683837891, 56.6979637146, 79.6725463867, 63.4204368591, 46.8577842712, 60.0661201477, 58.1991729736, 53.4081001282, 50.4981460571, 37.6267738342, 31.9529838562, 16.0115776062, 13.1356897354, 11.648806572, 8.8377790451, 5.84273433685, 3.59839463234, 1.67625069618, 0.876190781593, 0.395367145538, 0.113111235201, 0.0285921152681, 0.00165106391069, 6.4784391725e-05, 5.72881945118e-05],
        "median": [0.272595763206, 3.61576533318, 3.91990327835, 3.26967263222, 2.53725147247, 2.52456521988, 3.17781281471, 4.18486309052, 6.5280418396, 7.68100833893, 7.61027193069, 8.71284866333, 12.7062273026, 15.7488708496, 16.884677887, 24.4306926727, 43.1971206665, 54.9463615417, 45.2488021851, 37.0823059082, 45.752910614, 48.7650489807, 46.9822425842, 40.0782051086, 31.0177612305, 25.9787845612, 11.3294782639, 7.43257236481, 5.94371271133, 5.08608388901, 3.40797924995, 1.91849386692, 0.929510593414, 0.464783370495, 0.176430895925, 0.0370380282402, 0.00491959741339, 0.000241662040935, 3.72583745047e-05, 4.79359150631e-05],
        "min": [4.86434910272e-05, 0.000805330695584, 0.00720234774053, 0.0121131865308, 0.0841220766306, 0.115907676518, 0.0965441912413, 0.234009370208, 0.297181814909, 0.539013683796, 0.751615107059, 0.472237348557, 0.761683225632, 0.666980147362, 1.4601610899, 2.98722171783, 5.02358484268, 4.98322582245, 3.55847883224, 4.18073606491, 4.09189844131, 7.10607337952, 6.41438674927, 4.37098073959, 4.56957817078, 1.56940531731, 0.618295192719, 0.280132293701, 0.295385807753, 0.052333958447, 0.00465380819514, 0.00180804077536, 0.000415436981712, 7.92162391008e-05, 1.63890726981e-05, 8.63822151587e-06, 4.52529957329e-06, 1.74659544427e-06, 2.94044684779e-06, 5.46638966625e-06],
        "var": [0.602114200592, 42.4516944885, 76.7994613647, 50.4471054077, 462.441711426, 275.848236084, 112.926597595, 41.0473327637, 188.569046021, 345.998413086, 190.237716675, 510.092285156, 473.715484619, 5060.67626953, 1154.63110352, 753.08605957, 2126.72070312, 5867.83349609, 3729.57348633, 1312.09191895, 2889.14770508, 1535.43225098, 897.641174316, 1392.88146973, 845.557067871, 557.162963867, 237.721389771, 263.749023438, 295.650878906, 120.081993103, 41.5134658813, 28.4510154724, 4.04152297974, 1.01658570766, 0.271220505238, 0.0308602880687, 0.00316106900573, 1.50418736666e-05, 6.16690032373e-09, 1.36825839547e-09]
    },
    "gfcc": {
        "mean": [44.4613265991, 93.6598968506, -144.789245605, 60.5900344849, -42.9501037598, 29.8882598877, -30.3790092468, 15.1781148911, -16.8754749298, 4.37132883072, -6.19556522369, -3.69939613342, -9.18966197968],
        "cov": [[1134.96960449, -597.811218262, 475.342773438, 114.883392334, -129.081497192, 273.940979004, -100.566184998, 81.0140380859, -94.1971817017, 124.096794128, -139.41619873, 103.820495605, -96.2083206177], [-597.811218262, 645.971496582, -237.469818115, 43.8564109802, 122.242721558, -154.976211548, 129.272323608, -77.6640930176, 124.555183411, -98.4805908203, 146.543365479, -90.8528823853, 117.230194092], [475.342773438, -237.469818115, 368.973876953, 17.8927497864, -10.1631374359, 127.701759338, -33.4423713684, 68.4532165527, -51.4364967346, 95.5277786255, -62.1106262207, 86.0115280151, -63.5986785889], [114.883392334, 43.8564109802, 17.8927497864, 250.447662354, 45.5078201294, 71.1428070068, 49.7485771179, -21.1286392212, 73.9093170166, -23.6724205017, 41.8236885071, -47.7670936584, 48.6359634399], [-129.081497192, 122.242721558, -10.1631374359, 45.5078201294, 253.052322388, 13.3952112198, 92.4458999634, 42.4300460815, 52.6518173218, 48.693775177, 33.3166618347, 12.177936554, 11.8264846802], [273.940979004, -154.976211548, 127.701759338, 71.1428070068, 13.3952112198, 171.352294922, 16.105463028, 60.2622146606, 6.22554111481, 46.3868980408, -7.11867284775, 11.3089065552, -7.18308067322], [-100.566184998, 129.272323608, -33.4423713684, 49.7485771179, 92.4458999634, 16.105463028, 117.366615295, 23.288898468, 60.0363883972, -7.64290332794, 42.4927444458, -11.6351308823, 22.9440631866], [81.0140380859, -77.6640930176, 68.4532165527, -21.1286392212, 42.4300460815, 60.2622146606, 23.288898468, 114.978912354, 9.82756900787, 57.2168273926, -3.2093706131, 27.0817565918, -10.714840889], [-94.1971817017, 124.555183411, -51.4364967346, 73.9093170166, 52.6518173218, 6.22554111481, 60.0363883972, 9.82756900787, 108.115966797, 4.22424030304, 54.7652740479, -30.4365444183, 30.9387359619], [124.096794128, -98.4805908203, 95.5277786255, -23.6724205017, 48.693775177, 46.3868980408, -7.64290332794, 57.2168273926, 4.22424030304, 117.913085938, 3.42097640038, 46.7063522339, -32.768321991], [-139.41619873, 146.543365479, -62.1106262207, 41.8236885071, 33.3166618347, -7.11867284775, 42.4927444458, -3.2093706131, 54.7652740479, 3.42097640038, 96.2802429199, -12.3271341324, 35.2147331238], [103.820495605, -90.8528823853, 86.0115280151, -47.7670936584, 12.177936554, 11.3089065552, -11.6351308823, 27.0817565918, -30.4365444183, 46.7063522339, -12.3271341324, 82.7236022949, -20.8250522614], [-96.2083206177, 117.230194092, -63.5986785889, 48.6359634399, 11.8264846802, -7.18308067322, 22.9440631866, -10.714840889, 30.9387359619, -32.768321991, 35.2147331238, -20.8250522614, 75.610824585]],
        "icov": [[0.00435400987044, 0.000903283711523, -0.00238437065855, -0.00278832763433, 0.00207975972444, -0.00288641010411, 0.000249830103712, 0.000503867922816, 0.000282282126136, -0.00151236809324, 0.00298763602041, -0.00209459243342, 0.000584402936511], [0.000903283711523, 0.00947455037385, -0.00447287084535, 0.00391509616747, -0.00314704049379, 0.0062273060903, -0.0046732374467, 0.00389622687362, -0.00279168924317, 0.00299088703468, -0.00846318341792, 0.00781235052273, -0.00823511555791], [-0.00238437065855, -0.00447287084535, 0.00986112933606, -0.00293675949797, 0.00136880157515, -0.00400950526819, 0.00190781836864, -0.00283251958899, 0.0023002573289, -0.0028417094145, 0.00492873042822, -0.00764728011563, 0.00593473576009], [-0.00278832763433, 0.00391509616747, -0.00293675949797, 0.012731182389, -0.00465475814417, 0.00134003267158, -0.00213826494291, 0.00535643706098, -0.00583581347018, 0.00456148199737, -0.00746998097748, 0.00887083541602, -0.00772710097954], [0.00207975972444, -0.00314704049379, 0.00136880157515, -0.00465475814417, 0.00940776150674, -0.00255517102778, -0.00384160224348, -0.00190497178119, 0.00194155890495, -0.00650057150051, 0.00630842987448, -0.00507365353405, 0.00290548009798], [-0.00288641010411, 0.0062273060903, -0.00400950526819, 0.00134003267158, -0.00255517102778, 0.0186042767018, -0.00574601953849, -0.00227404432371, 4.59587063233e-05, 0.000571516051423, -0.00826557911932, 0.0098262950778, -0.0071889613755], [0.000249830103712, -0.0046732374467, 0.00190781836864, -0.00213826494291, -0.00384160224348, -0.00574601953849, 0.0211311094463, -0.00513971270993, -0.00521987024695, 0.00590163934976, 0.000781250884756, -0.00626899115741, 0.00606110040098], [0.000503867922816, 0.00389622687362, -0.00283251958899, 0.00535643706098, -0.00190497178119, -0.00227404432371, -0.00513971270993, 0.0173833649606, -0.00331881269813, -0.00364188174717, -0.00148340477608, 0.00301049463451, -0.00582305248827], [0.000282282126136, -0.00279168924317, 0.0023002573289, -0.00583581347018, 0.00194155890495, 4.59587063233e-05, -0.00521987024695, -0.00331881269813, 0.0217512194067, -0.00668395590037, -0.00197673798539, 0.00262150843628, 0.00103623815812], [-0.00151236809324, 0.00299088703468, -0.0028417094145, 0.00456148199737, -0.00650057150051, 0.000571516051423, 0.00590163934976, -0.00364188174717, -0.00668395590037, 0.0226795449853, -0.00946263875812, -0.0021841712296, 0.00324756745249], [0.00298763602041, -0.00846318341792, 0.00492873042822, -0.00746998097748, 0.00630842987448, -0.00826557911932, 0.000781250884756, -0.00148340477608, -0.00197673798539, -0.00946263875812, 0.0295546613634, -0.0118250995874, 0.0033409667667], [-0.00209459243342, 0.00781235052273, -0.00764728011563, 0.00887083541602, -0.00507365353405, 0.0098262950778, -0.00626899115741, 0.00301049463451, 0.00262150843628, -0.0021841712296, -0.0118250995874, 0.0316611714661, -0.0106518343091], [0.000584402936511, -0.00823511555791, 0.00593473576009, -0.00772710097954, 0.00290548009798, -0.0071889613755, 0.00606110040098, -0.00582305248827, 0.00103623815812, 0.00324756745249, 0.0033409667667, -0.0106518343091, 0.0293913781643]]
    },
    "melbands": {
        "dmean": [0.00362878316082, 0.0030114594847, 0.000853118603118, 0.000627767120022, 0.000190732505871, 7.72736093495e-05, 8.79537983565e-05, 7.64117576182e-05, 4.55041845271e-05, 4.40941621491e-05, 4.44963516202e-05, 4.68701255159e-05, 5.6174423662e-05, 3.54068579327e-05, 5.67140923522e-05, 5.11789257871e-05, 7.42099655326e-05, 4.90257043566e-05, 3.51744674845e-05, 3.14443605021e-05, 3.56658129022e-05, 2.78744300886e-05, 2.54864553426e-05, 2.24873019761e-05, 1.9560675355e-05, 1.3756842236e-05, 1.3134414985e-05, 9.13160602067e-06, 5.30428906131e-06, 4.61386616735e-06, 4.36381151303e-06, 4.38021424998e-06, 3.60702415492e-06, 2.6332543257e-06, 1.98887164515e-06, 1.33739456487e-06, 1.10394785224e-06, 6.18931551344e-07, 5.08709263158e-07, 3.64039181022e-07],
        "dmean2": [0.00607414729893, 0.00533571094275, 0.00153994816355, 0.00111898116302, 0.000348664529156, 0.000128463871079, 0.000139612355269, 0.000120566772239, 7.2218310379e-05, 6.81930032442e-05, 6.93954134476e-05, 6.85862396494e-05, 8.77637503436e-05, 5.66214002902e-05, 8.89925431693e-05, 8.09729972389e-05, 0.000114376882266, 7.93484723545e-05, 5.76976526645e-05, 5.01317117596e-05, 5.67777278775e-05, 4.52834901807e-05, 4.19934476668e-05, 3.61302663805e-05, 3.20451072184e-05, 2.32914280787e-05, 2.17082670133e-05, 1.5048241039e-05, 9.07547928364e-06, 7.95507003204e-06, 7.4909326031e-06, 7.72575003793e-06, 6.12610983808e-06, 4.38420329374e-06, 3.32387548951e-06, 2.24308223551e-06, 1.8560585886e-06, 1.00000431758e-06, 8.08906577277e-07, 5.90353465668e-07],
        "dvar": [5.21040710737e-05, 4.32503911725e-05, 3.11384496854e-06, 3.38607765116e-06, 2.66041638497e-07, 1.19313963154e-08, 2.01204795047e-08, 1.41462495051e-08, 4.82282480618e-09, 1.17415295264e-08, 3.09170267165e-09, 7.78968711757e-09, 6.63369537079e-09, 1.90378846021e-09, 4.0642116339e-09, 2.9295321724e-09, 1.08336637439e-08, 4.72437466925e-09, 1.86656956558e-09, 1.44035439131e-09, 2.2608888095e-09, 1.06177744374e-09, 7.53877293924e-10, 5.60151369733e-10, 5.76573511157e-10, 3.87893606124e-10, 3.23481658127e-10, 1.30009489285e-10, 9.11207706511e-11, 6.87196965998e-11, 8.27517776525e-11, 1.28343974337e-10, 7.0814576425e-11, 2.47322023972e-11, 9.75249828811e-12, 4.66503051466e-12, 3.85241187909e-12, 1.09934576633e-12, 6.00415442191e-13, 3.28624253461e-13],
        "dvar2": [0.000133667912451, 0.000124044716358, 8.80852803675e-06, 9.30263013288e-06, 7.79094534664e-07, 3.11547125875e-08, 4.48332997394e-08, 3.38581642723e-08, 1.17895959661e-08, 2.76234608521e-08, 7.71794539389e-09, 1.22737926489e-08, 1.44128238233e-08, 4.67594230003e-09, 1.09901456824e-08, 7.19192216891e-09, 2.86046155651e-08, 1.18312026842e-08, 4.7678301307e-09, 3.36178374027e-09, 5.86704196337e-09, 2.92718782546e-09, 1.87796400652e-09, 1.46781142796e-09, 1.38468336797e-09, 1.06988184978e-09, 8.89874895993e-10, 3.58185314742e-10, 2.56083571015e-10, 1.9234630555e-10, 2.30665223033e-10, 3.64060837033e-10, 1.96601984692e-10, 6.59930304847e-11, 2.49326288781e-11, 1.21781786044e-11, 9.90974403231e-12, 2.86568555344e-12, 1.41431181003e-12, 7.98158414361e-13],
        "max": [0.0597066991031, 0.0484874211252, 0.0205811765045, 0.0163130629808, 0.00510897208005, 0.00101949926466, 0.00243559293449, 0.00181413942482, 0.00110696081538, 0.00294254231267, 0.00104098406155, 0.00381554639898, 0.00106806599069, 0.000552423647605, 0.000757214322221, 0.000717253948096, 0.00170575163793, 0.00125535193365, 0.000800335139502, 0.000645389896818, 0.000742411590181, 0.000366919295629, 0.000311345851514, 0.000267347641056, 0.00031939742621, 0.000264433212578, 0.000260935659753, 0.000111941655632, 0.000107808649773, 8.28845004435e-05, 8.95582561498e-05, 0.000153543747729, 0.00011811049626, 6.72913956805e-05, 2.83071458398e-05, 3.33610987582e-05, 3.65929627151e-05, 1.3012529962e-05, 1.10839755507e-05, 6.25486973149e-06],
        "mean": [0.00559939397499, 0.00499559706077, 0.000988108571619, 0.000573174329475, 0.000214682891965, 0.000146748032421, 0.000173196414835, 0.00015140058531, 9.19131707633e-05, 9.15832642931e-05, 9.94859146886e-05, 0.000121131481137, 0.0001122320391, 6.9116751547e-05, 0.000112624155008, 0.000111472072604, 0.000154000750626, 9.53204435064e-05, 7.06621358404e-05, 6.22099250904e-05, 7.42697302485e-05, 6.23363157501e-05, 5.4088581237e-05, 4.81040442537e-05, 4.036349128e-05, 2.71251155937e-05, 2.73861351161e-05, 1.92022052943e-05, 9.67343294178e-06, 8.66800382937e-06, 7.17138254913e-06, 6.56611882732e-06, 6.03541957389e-06, 4.48811761089e-06, 3.57308817911e-06, 2.53840221376e-06, 2.06111280932e-06, 1.15644400012e-06, 9.96225026029e-07, 6.47690001188e-07],
        "median": [0.003719097469, 0.00328221498057, 0.000584459805395, 0.000182037983905, 0.000117364361358, 9.47362859733e-05, 0.000105908351543, 8.06589741842e-05, 5.63085995964e-05, 5.3752122767e-05, 6.26577893854e-05, 5.6872569985e-05, 5.29275857843e-05, 4.91166611027e-05, 8.58038765728e-05, 8.57457271195e-05, 9.99920812319e-05, 6.92268949933e-05, 5.32525009476e-05, 4.48802602477e-05, 5.32569792995e-05, 4.79940281366e-05, 4.44169891125e-05, 3.9535570977e-05, 2.97643437079e-05, 2.10313883144e-05, 2.10009366128e-05, 1.49012093971e-05, 7.07102435626e-06, 5.28124064658e-06, 3.71865849047e-06, 3.37715596288e-06, 3.1431716252e-06, 2.46409172178e-06, 2.09509107663e-06, 1.36796541028e-06, 1.02749550024e-06, 6.34019158952e-07, 5.31179011887e-07, 2.97641435054e-07],
        "min": [7.33507533823e-07, 2.87209195449e-06, 5.64330912312e-06, 6.26662904324e-06, 6.5525609898e-06, 4.86101998831e-06, 4.17988030676e-06, 5.19977493241e-06, 5.54045209356e-06, 1.73025728145e-06, 3.16048726745e-06, 1.85847409284e-06, 1.12828433885e-06, 2.59797616309e-06, 6.10760798736e-06, 5.46128558199e-06, 5.30527358933e-06, 4.25690404882e-06, 3.29404565491e-06, 2.93192852041e-06, 2.57236479229e-06, 4.0036647988e-06, 4.68673442811e-06, 4.07324478147e-06, 2.74914623333e-06, 2.02485057343e-06, 2.10710254578e-06, 7.50433798657e-07, 2.40231031512e-07, 1.31899511757e-07, 1.1248580023e-07, 1.42991552821e-07, 3.9761935966e-08, 9.55996082297e-09, 1.94509319762e-09, 8.80948536341e-10, 7.59882920476e-11, 6.9436329516e-13, 2.37116858266e-13, 1.58359816146e-13],
