{
"highlevel": {
    "danceability": {
        "all": {
            "danceable": 0.999925971031,
            "not_danceable": 7.40486430004e-05
        },
        "probability": 0.999925971031,
        "value": "danceable"
    },
    "gender": {
        "all": {
            "female": 0.825929045677,
            "male": 0.174070954323
        },
        "probability": 0.825929045677,
        "value": "female"
    },
    "genre_dortmund": {
        "all": {
            "alternative": 0.0327830798924,
            "blues": 0.01762435399,
            "electronic": 0.119255542755,
            "folkcountry": 0.0133241815493,
            "funksoulrnb": 0.0109983310103,
            "jazz": 0.081086345017,
            "pop": 0.0241652335972,
            "raphiphop": 0.665550887585,
            "rock": 0.035212058574
        },
        "probability": 0.665550887585,
        "value": "raphiphop"
    },
    "genre_electronic": {
        "all": {
            "ambient": 0.112690910697,
            "dnb": 0.178987085819,
            "house": 0.136999696493,
            "techno": 0.0212831795216,
            "trance": 0.550039112568
        },
        "probability": 0.550039112568,
        "value": "trance"
    },
    "genre_rosamerica": {
        "all": {
            "cla": 0.00214366428554,
            "dan": 0.905193507671,
            "hip": 0.0173344556242,
            "jaz": 0.00178087246604,
            "pop": 0.0497389882803,
            "rhy": 0.00878725200891,
            "roc": 0.0127005130053,
            "spe": 0.0023207240738
        },
        "probability": 0.905193507671,
        "value": "dan"
    },
    "genre_tzanetakis": {
        "all": {
            "blu": 0.0626613423228,
            "cla": 0.0348169617355,
            "cou": 0.104475811124,
            "dis": 0.0784321576357,
            "hip": 0.15692435205,
            "jaz": 0.313974827528,
            "met": 0.0448166541755,
            "pop": 0.0627359300852,
            "reg": 0.0627360641956,
            "roc": 0.0784258767962
        },
        "probability": 0.313974827528,
        "value": "jaz"
    },
    "ismir04_rhythm": {
        "all": {
            "ChaChaCha": 0.0882032364607,
            "Jive": 0.0208330135792,
            "Quickstep": 0.0106415767223,
            "Rumba-American": 0.0147469807416,
            "Rumba-International": 0.0285050999373,
            "Rumba-Misc": 0.00624142261222,
            "Samba": 0.812739491463,
            "Tango": 0.00569827901199,
            "VienneseWaltz": 0.00895066745579,
            "Waltz": 0.00344025390223
        },
        "probability": 0.812739491463,
        "value": "Samba"
    },
    "mood_acoustic": {
        "all": {
            "acoustic": 0.0195214990526,
            "not_acoustic": 0.980478525162
        },
        "probability": 0.980478525162,
        "value": "not_acoustic"
    },
    "mood_aggressive": {
        "all": {
            "aggressive": 0.5,
            "not_aggressive": 0.5
        },
        "probability": 0.5,
        "value": "aggressive"
    },
    "mood_electronic": {
        "all": {
            "electronic": 0.862969040871,
            "not_electronic": 0.137030944228
        },
        "probability": 0.862969040871,
        "value": "electronic"
    },
    "mood_happy": {
        "all": {
            "happy": 0.362862169743,
            "not_happy": 0.637137830257
        },
        "probability": 0.637137830257,
        "value": "not_happy"
    },
    "mood_party": {
        "all": {
            "not_party": 0.223226323724,
            "party": 0.776773691177
        },
        "probability": 0.776773691177,
        "value": "party"
    },
    "mood_relaxed": {
        "all": {
            "not_relaxed": 0.902227640152,
            "relaxed": 0.0977723896503
        },
        "probability": 0.902227640152,
        "value": "not_relaxed"
    },
    "mood_sad": {
        "all": {
            "not_sad": 0.903836548328,
            "sad": 0.0961634516716
        },
        "probability": 0.903836548328,
        "value": "not_sad"
    },
    "moods_mirex": {
        "all": {
            "Cluster1": 0.364146441221,
            "Cluster2": 0.147509351373,
            "Cluster3": 0.0545691289008,
            "Cluster4": 0.141529515386,
            "Cluster5": 0.292245537043
        },
        "probability": 0.364146441221,
        "value": "Cluster1"
    },
    "timbre": {
        "all": {
            "bright": 0.266400426626,
            "dark": 0.733599603176
        },
        "probability": 0.733599603176,
        "value": "dark"
    },
    "tonal_atonal": {
        "all": {
            "atonal": 0.35340243578,
            "tonal": 0.64659756422
        },
        "probability": 0.64659756422,
        "value": "tonal"
    },
    "voice_instrumental": {
        "all": {
            "instrumental": 0.082504697144,
            "voice": 0.917495310307
        },
        "probability": 0.917495310307,
        "value": "voice"
    }
},
"lowlevel": {
    "average_loudness": 0.975264966488,
    "barkbands_crest": {
        "dmean": 2.9778778553,
        "dmean2": 4.46914958954,
        "dvar": 9.27093791962,
        "dvar2": 19.8897151947,
        "max": 26.069234848,
        "mean": 14.3191194534,
        "median": 13.8987636566,
        "min": 2.63468599319,
        "var": 31.5917472839
    },
    "barkbands_flatness_db": {
        "dmean": 0.028617080301,
        "dmean2": 0.0398517213762,
        "dvar": 0.000900364422705,
        "dvar2": 0.0017853945028,
        "max": 0.513298511505,
        "mean": 0.17404524982,
        "median": 0.165970280766,
        "min": 0.0436943620443,
        "var": 0.00489475205541
    },
    "barkbands_kurtosis": {
        "dmean": 7.52748060226,
        "dmean2": 10.6108417511,
        "dvar": 652.764831543,
        "dvar2": 1201.01293945,
        "max": 599.658996582,
        "mean": 11.4536781311,
        "median": 3.47299385071,
        "min": -1.85572052002,
        "var": 1504.31530762
    },
    "barkbands_skewness": {
        "dmean": 0.813000023365,
        "dmean2": 1.13844013214,
        "dvar": 1.15222513676,
        "dvar2": 2.23803758621,
        "max": 21.1939315796,
        "mean": 2.30421686172,
        "median": 1.86870646477,
        "min": -2.42421555519,
        "var": 4.42811155319
    },
    "barkbands_spread": {
        "dmean": 7.28076410294,
        "dmean2": 10.9610519409,
        "dvar": 83.8122253418,
        "dvar2": 169.968826294,
        "max": 98.0420455933,
        "mean": 23.2216358185,
        "median": 20.415594101,
        "min": 0.182026833296,
        "var": 225.819900513
    },
    "dissonance": {
        "dmean": 0.0203124564141,
        "dmean2": 0.0329482294619,
        "dvar": 0.00044248328777,
        "dvar2": 0.00110869132914,
        "max": 0.499999821186,
        "mean": 0.460314154625,
        "median": 0.47053578496,
        "min": 0.196527376771,
        "var": 0.00120966997929
    },
    "dynamic_complexity": 2.15152311325,
    "erbbands_crest": {
        "dmean": 2.51365828514,
        "dmean2": 4.02881145477,
        "dvar": 6.2230181694,
        "dvar2": 15.5576438904,
        "max": 25.1926517487,
        "mean": 8.56961250305,
        "median": 7.54302740097,
        "min": 2.18618702888,
        "var": 18.1855278015
    },
    "erbbands_flatness_db": {
        "dmean": 0.0194544121623,
        "dmean2": 0.0283012744039,
        "dvar": 0.000431474851212,
        "dvar2": 0.00080393103417,
        "max": 0.309549003839,
        "mean": 0.146450206637,
        "median": 0.135624334216,
        "min": 0.055950820446,
        "var": 0.00249396660365
    },
    "erbbands_kurtosis": {
        "dmean": 1.06596791744,
        "dmean2": 1.63487195969,
        "dvar": 3.74566674232,
        "dvar2": 7.13306903839,
        "max": 34.278087616,
        "mean": 0.609570026398,
        "median": -0.147001743317,
        "min": -1.84176790714,
        "var": 8.08929252625
    },
    "erbbands_skewness": {
        "dmean": 0.418184399605,
        "dmean2": 0.627023160458,
        "dvar": 0.17132909596,
        "dvar2": 0.350597172976,
        "max": 4.07162857056,
        "mean": 0.325111091137,
        "median": 0.256859898567,
        "min": -3.06496238708,
        "var": 0.620593607426
    },
    "erbbands_spread": {
        "dmean": 10.9908390045,
        "dmean2": 16.955039978,
        "dvar": 191.303817749,
        "dvar2": 393.890014648,
        "max": 221.048278809,
        "mean": 43.6348228455,
        "median": 40.811580658,
        "min": 4.14006137848,
        "var": 486.563171387
    },
    "hfc": {
        "dmean": 11.6872549057,
        "dmean2": 17.6857471466,
        "dvar": 266.172393799,
        "dvar2": 625.25378418,
        "max": 163.954269409,
        "mean": 27.9754123688,
        "median": 22.5995235443,
        "min": 0.106692671776,
        "var": 489.005950928
    },
    "melbands_crest": {
        "dmean": 4.14858007431,
        "dmean2": 6.44079875946,
        "dvar": 18.2583465576,
        "dvar2": 41.6322784424,
        "max": 34.1218605042,
        "mean": 21.0560932159,
        "median": 21.7121200562,
        "min": 3.04736280441,
        "var": 55.6122741699
    },
    "melbands_flatness_db": {
        "dmean": 0.0353212058544,
        "dmean2": 0.0474774912,
        "dvar": 0.0013676576782,
        "dvar2": 0.00264429696836,
        "max": 0.643570661545,
        "mean": 0.229579135776,
        "median": 0.218225717545,
        "min": 0.0278660338372,
        "var": 0.00778172444552
    },
    "melbands_kurtosis": {
        "dmean": 17.1104354858,
        "dmean2": 25.5633735657,
        "dvar": 1433.60351562,
        "dvar2": 3259.75366211,
        "max": 565.225585938,
        "mean": 29.5595607758,
        "median": 12.5693836212,
        "min": -1.77303111553,
        "var": 2720.59277344
    },
    "melbands_skewness": {
        "dmean": 1.18015372753,
        "dmean2": 1.69460403919,
        "dvar": 2.25244879723,
        "dvar2": 4.83146190643,
        "max": 21.1116008759,
        "mean": 3.80048942566,
        "median": 3.11861658096,
        "min": -0.72111338377,
        "var": 7.27737379074
    },
    "melbands_spread": {
        "dmean": 7.56292247772,
        "dmean2": 11.1628904343,
        "dvar": 142.510971069,
        "dvar2": 298.734222412,
        "max": 227.224502563,
        "mean": 20.5717601776,
        "median": 16.2769813538,
        "min": 0.251725882292,
        "var": 337.277923584
    },
    "pitch_salience": {
        "dmean": 0.090651139617,
        "dmean2": 0.135805934668,
        "dvar": 0.00933556817472,
        "dvar2": 0.0190204214305,
        "max": 0.896903932095,
        "mean": 0.430965214968,
        "median": 0.425791144371,
        "min": 0.0318746492267,
        "var": 0.0297233983874
    },
    "silence_rate_20dB": {
        "dmean": 0,
        "dmean2": 0,
        "dvar": 0,
        "dvar2": 0,
        "max": 1,
        "mean": 1,
        "median": 1,
        "min": 1,
        "var": 0
    },
    "silence_rate_30dB": {
        "dmean": 0.0325077399611,
        "dmean2": 0.0650658383965,
        "dvar": 0.0314509123564,
        "dvar2": 0.0825214982033,
        "max": 1,
        "mean": 0.976024746895,
        "median": 1,
        "min": 0,
        "var": 0.0233999453485
    },
    "silence_rate_60dB": {
        "dmean": 0.0131578948349,
        "dmean2": 0.0263361725956,
        "dvar": 0.0129848867655,
        "dvar2": 0.0287412200123,
        "max": 1,
        "mean": 0.0208816714585,
        "median": 0,
        "min": 0,
        "var": 0.0204457435757
    },
    "spectral_centroid": {
        "dmean": 312.733184814,
        "dmean2": 451.084106445,
        "dvar": 102761.929688,
        "dvar2": 185728.0625,
        "max": 4546.27001953,
        "mean": 1547.90075684,
        "median": 1557.21276855,
        "min": 161.858825684,
        "var": 473673.40625
    },
    "spectral_complexity": {
        "dmean": 5.14628505707,
        "dmean2": 7.93958187103,
        "dvar": 30.0025882721,
        "dvar2": 65.3378829956,
        "max": 57,
        "mean": 21.1802005768,
        "median": 20,
        "min": 0,
        "var": 124.548202515
    },
    "spectral_decrease": {
        "dmean": 3.29758975681e-09,
        "dmean2": 4.90332130454e-09,
        "dvar": 1.582591561e-17,
        "dvar2": 3.46741440375e-17,
        "max": -3.84924869756e-11,
        "mean": -1.20539560555e-08,
        "median": -1.06524922217e-08,
        "min": -3.73790811636e-08,
        "var": 5.26974930689e-17
    },
    "spectral_energy": {
        "dmean": 0.0130272749811,
        "dmean2": 0.0195315685123,
        "dvar": 0.000238359687501,
        "dvar2": 0.000528077420313,
        "max": 0.142696529627,
        "mean": 0.0480318665504,
        "median": 0.0436280332506,
        "min": 0.000273059093161,
        "var": 0.000779752561357
    },
    "spectral_energyband_high": {
        "dmean": 0.000853517674841,
        "dmean2": 0.0012984740315,
        "dvar": 2.03826539291e-06,
        "dvar2": 4.42396276412e-06,
        "max": 0.0180394705385,
        "mean": 0.00152878439985,
        "median": 0.000949695066083,
        "min": 1.11118914958e-07,
        "var": 3.63655544788e-06
    },
    "spectral_energyband_low": {
        "dmean": 0.00992700085044,
        "dmean2": 0.0137061364949,
        "dvar": 0.00022925293888,
        "dvar2": 0.000451487081591,
        "max": 0.136023640633,
        "mean": 0.0293588787317,
        "median": 0.0218464639038,
        "min": 1.56421322117e-07,
        "var": 0.00069973396603
    },
    "spectral_energyband_middle_high": {
        "dmean": 0.00282130157575,
        "dmean2": 0.00424068234861,
        "dvar": 1.52599259309e-05,
        "dvar2": 3.52063689206e-05,
        "max": 0.0485463254154,
        "mean": 0.00663466146216,
        "median": 0.00428302912042,
        "min": 6.27754161542e-06,
        "var": 4.45728874183e-05
    },
    "spectral_energyband_middle_low": {
        "dmean": 0.00746556045488,
        "dmean2": 0.0124402018264,
        "dvar": 0.000196665670956,
        "dvar2": 0.00052867672639,
        "max": 0.0886223763227,
        "mean": 0.0112419035286,
        "median": 0.00753983436152,
        "min": 6.17853365839e-05,
        "var": 0.000179317372385
    },
    "spectral_entropy": {
        "dmean": 0.203282237053,
        "dmean2": 0.295717924833,
        "dvar": 0.0580500364304,
        "dvar2": 0.121137030423,
        "max": 8.73439598083,
        "mean": 7.67277240753,
        "median": 7.8049082756,
        "min": 5.93608474731,
        "var": 0.265163570642
    },
    "spectral_flux": {
        "dmean": 0.0376126654446,
        "dmean2": 0.0586950667202,
        "dvar": 0.00157639058307,
        "dvar2": 0.00312045565806,
        "max": 0.335992217064,
        "mean": 0.109232291579,
        "median": 0.0931576341391,
        "min": 0.00783737935126,
        "var": 0.00396354589611
    },
    "spectral_kurtosis": {
        "dmean": 1.43529248238,
        "dmean2": 2.25444626808,
        "dvar": 4.56548643112,
        "dvar2": 8.22040367126,
        "max": 48.3316307068,
        "mean": 3.71974849701,
        "median": 2.99666309357,
        "min": -1.33016431332,
        "var": 11.2583665848
    },
    "spectral_rms": {
        "dmean": 0.000933322124183,
        "dmean2": 0.00137060007546,
        "dvar": 1.07940934413e-06,
        "dvar2": 2.26685187954e-06,
        "max": 0.0117989880964,
        "mean": 0.00650717504323,
        "median": 0.00652410415933,
        "min": 0.000516138679814,
        "var": 4.51704590887e-06
    },
    "spectral_rolloff": {
        "dmean": 575.764770508,
        "dmean2": 948.011108398,
        "dvar": 1425913.5,
        "dvar2": 3062216,
        "max": 13372.1191406,
        "mean": 1224.36303711,
        "median": 710.595703125,
        "min": 64.599609375,
        "var": 2609929.5
    },
    "spectral_skewness": {
        "dmean": 0.226907521486,
        "dmean2": 0.351886868477,
        "dvar": 0.0702941790223,
        "dvar2": 0.138094842434,
        "max": 5.26672410965,
        "mean": 1.43356132507,
        "median": 1.34866857529,
        "min": 0.184664592147,
        "var": 0.216818585992
    },
    "spectral_spread": {
        "dmean": 893001.1875,
        "dmean2": 1329740.125,
        "dvar": 1.52766434509e+12,
        "dvar2": 3.00328157184e+12,
        "max": 20283204,
        "mean": 5132639,
        "median": 4843780,
        "min": 1925565.875,
        "var": 3.6445749248e+12
    },
    "spectral_strongpeak": {
        "dmean": 0.303684204817,
        "dmean2": 0.519854485989,
        "dvar": 0.401951938868,
        "dvar2": 0.999996483326,
        "max": 5.75635433197,
        "mean": 0.679055690765,
        "median": 0.44329097867,
        "min": 0,
        "var": 0.490207701921
    },
    "zerocrossingrate": {
        "dmean": 0.0135150356218,
        "dmean2": 0.015593229793,
        "dvar": 0.000324904976878,
        "dvar2": 0.00035170535557,
        "max": 0.41796875,
        "mean": 0.0543506518006,
        "median": 0.04736328125,
        "min": 0.00244140625,
        "var": 0.00164609239437
    },
    "barkbands": {
        "dmean": [0.000540739274584, 0.00805747788399, 0.00427728286013, 0.00132898625452, 0.0027925837785, 0.00146985205356, 0.00169787486084, 0.00130160967819, 0.00103140028659, 0.000659520388581, 0.000730162370019, 0.000539566914085, 0.000484722258989, 0.000485058408231, 0.000454023858765, 0.000408176245401, 0.000315683952067, 0.000199339483515, 0.000242752023041, 0.000210818761843, 0.000191494051251, 0.000131218490424, 0.000113213405712, 0.000232736943872, 0.000176504487172, 6.57900964143e-05, 1.88072739604e-08],
        "dmean2": [0.000816072977614, 0.00993318948895, 0.00694434484467, 0.0022643674165, 0.00493875565007, 0.0025801723823, 0.00290030986071, 0.00215353211388, 0.00162789458409, 0.00102618825622, 0.0010844618082, 0.000874160497915, 0.000788159726653, 0.000783873314504, 0.000742792210076, 0.000686441722792, 0.000536864041351, 0.000321768486174, 0.000383219623473, 0.000326816196321, 0.000294724013656, 0.00019670232723, 0.000166566023836, 0.000384349987144, 0.000287299073534, 0.00010633430793, 3.46889095226e-08],
        "dvar": [9.06871548523e-07, 0.000154348628712, 0.000135769412736, 1.44695259223e-05, 3.58539873559e-05, 1.08698013719e-05, 1.16368455565e-05, 6.31641569271e-06, 6.41176757199e-06, 2.10354755836e-06, 2.0666261662e-06, 8.1221014625e-07, 8.16923716229e-07, 9.78039111033e-07, 7.94165885054e-07, 6.09073197211e-07, 5.16782677096e-07, 1.56228651349e-07, 2.39648670686e-07, 1.26143547163e-07, 2.139113775e-07, 7.62511263019e-08, 6.58205010495e-08, 1.63752019944e-07, 1.05972276288e-07, 2.97194056031e-08, 8.00482472869e-15],
        "dvar2": [2.01758507501e-06, 0.000285791931674, 0.000322520558257, 3.82706966775e-05, 0.000100310564449, 3.07040863845e-05, 3.25359105773e-05, 1.60974923347e-05, 1.46586289702e-05, 4.08322239309e-06, 4.08754476666e-06, 1.83773988738e-06, 1.8743161263e-06, 2.49273421105e-06, 1.91726303456e-06, 1.46982392835e-06, 1.32053844482e-06, 3.69746885553e-07, 6.01864257987e-07, 2.61308713334e-07, 4.84760221298e-07, 1.62143166449e-07, 1.43637933547e-07, 4.16849871954e-07, 2.56075850302e-07, 6.84653116423e-08, 2.27071864052e-14],
        "max": [0.0103518795222, 0.126628264785, 0.0912621319294, 0.0293969586492, 0.0420615933836, 0.030006621033, 0.0290921311826, 0.0362863317132, 0.0369548089802, 0.0201912317425, 0.0175852756947, 0.0123485745862, 0.0178279448301, 0.0127388499677, 0.0137785617262, 0.0115784760565, 0.00927289482206, 0.00674892403185, 0.00844479259104, 0.00572030059993, 0.0110531384125, 0.00483265565708, 0.00335132260807, 0.00370544870384, 0.00356494705193, 0.00195118924603, 1.18067259791e-06],
        "mean": [0.0011137080146, 0.0223279390484, 0.00534560671076, 0.00122813729104, 0.00286996760406, 0.00160042976495, 0.00188803952187, 0.00181782792788, 0.00156472821254, 0.00110620167106, 0.00105294480454, 0.000744428485632, 0.000654258124996, 0.000678786542267, 0.000631266157143, 0.000601257022936, 0.000386209896533, 0.000312580901664, 0.000415072863689, 0.000385299324989, 0.000394353555748, 0.000227781914873, 0.000165397650562, 0.000237853397266, 0.000203157178476, 7.86712116678e-05, 1.2149850015e-08],
        "median": [0.000463522796053, 0.018158486113, 0.00048466224689, 0.000423052697442, 0.00114788743667, 0.000511759717483, 0.000587984803133, 0.000492709514219, 0.000460837676656, 0.000260173430433, 0.000310602685204, 0.000323645799654, 0.000267083843937, 0.000250067911111, 0.000256786792306, 0.000286236638203, 0.000191331841052, 0.000178415430128, 0.000209038684261, 0.000231318044825, 0.000208903118619, 0.000112284207717, 6.21582294116e-05, 8.9834073151e-05, 8.27488547657e-05, 2.14093270188e-05, 1.0164348252e-09],
        "min": [9.79450298644e-10, 9.52541512333e-09, 6.11323258681e-09, 1.03715205313e-08, 5.07066670252e-06, 2.12871373151e-06, 3.08420248984e-06, 1.44923944845e-06, 8.50771812111e-07, 1.33717747985e-07, 2.64656279114e-07, 3.5499303408e-07, 2.17846888972e-07, 1.09031830675e-07, 4.00648644927e-07, 4.60693797777e-07, 1.56246670713e-07, 1.15390953681e-07, 2.0915456389e-07, 2.04848191743e-08, 5.58668915573e-08, 4.48292869493e-09, 3.25538862533e-09, 2.27942154041e-09, 5.19250809017e-10, 3.74957530302e-11, 7.76533091301e-12],
        "var": [2.00219187718e-06, 0.000535569153726, 0.00014218474098, 1.04535547507e-05, 2.63438232651e-05, 1.10765759018e-05, 1.05863155113e-05, 9.50096728047e-06, 1.24047410281e-05, 6.27016061117e-06, 4.44069246441e-06, 1.58997079325e-06, 1.58369277869e-06, 1.57670160661e-06, 1.36193716571e-06, 9.66103584688e-07, 5.51743596588e-07, 2.30123148981e-07, 3.88279886465e-07, 2.57903650436e-07, 4.25809531635e-07, 1.57048617666e-07, 1.04195571282e-07, 1.72201737314e-07, 1.24968295268e-07, 3.44080390846e-08, 5.24356296569e-15]
    },
    "erbbands": {
        "dmean": [0.366731733084, 1.4478315115, 4.41061830521, 3.52065682411, 7.39781999588, 9.73613548279, 8.77441215515, 14.8157653809, 20.5964756012, 26.8938064575, 23.7118492126, 25.6562767029, 19.8644142151, 22.5859851837, 29.6305656433, 17.4234046936, 22.7960777283, 20.2122383118, 23.0755558014, 21.0576858521, 21.1703548431, 16.8620243073, 11.8186626434, 11.9120779037, 10.2451572418, 9.54581451416, 8.91481304169, 6.55032157898, 4.95824718475, 4.11234760284, 3.41774725914, 6.21567249298, 2.41433811188, 2.24947476387, 1.13034486771, 0.400121718645, 0.107174523175, 0.00741979805753, 0.000152090171468, 2.25320200116e-05],
        "dmean2": [0.448190480471, 1.87714147568, 6.87387609482, 5.38649749756, 13.4580783844, 16.8369426727, 14.811132431, 25.8157253265, 36.4469718933, 44.3731765747, 39.0178947449, 39.4890213013, 28.8724002838, 34.3203697205, 43.6073188782, 28.1455516815, 37.2309265137, 32.7756118774, 36.0619163513, 35.3404197693, 34.6965255737, 27.4698028564, 19.4465293884, 18.4389190674, 15.9826955795, 14.6969537735, 13.5499010086, 9.97749423981, 7.4547662735, 6.0883231163, 5.07753753662, 10.4415473938, 3.80727648735, 3.66849136353, 1.81512916088, 0.647591412067, 0.165632620454, 0.0121089769527, 0.000242102294578, 3.45846528944e-05],
        "dvar": [0.368668943644, 5.78887176514, 131.399673462, 76.1125183105, 488.633422852, 364.184173584, 241.29649353, 1170.65332031, 2551.20874023, 1807.39880371, 2269.31542969, 3847.0390625, 1610.22924805, 2077.51074219, 4057.203125, 748.527770996, 2047.0012207, 1895.19909668, 1571.6595459, 1502.41394043, 1604.96435547, 1175.21972656, 533.147888184, 615.094360352, 358.342285156, 260.666259766, 351.656555176, 234.134536743, 112.130561829, 87.5009460449, 53.9679260254, 125.282371521, 22.8315963745, 17.3957290649, 5.21563339233, 1.2378462553, 0.0748920664191, 0.000383108475944, 1.36529394013e-07, 8.3609424939e-10],
        "dvar2": [0.612982928753, 12.4059391022, 287.66027832, 158.46697998, 1393.7779541, 989.080932617, 638.413757324, 3242.20166016, 7337.54589844, 4704.890625, 5733.93945312, 8519.38574219, 2907.56103516, 4723.32470703, 8353.07617188, 1714.12841797, 4803.27978516, 5031.28222656, 3493.44995117, 3803.17431641, 3838.01635742, 2693.0222168, 1366.40710449, 1466.70751953, 833.760070801, 535.886474609, 756.88885498, 531.932006836, 244.212936401, 187.182510376, 116.467796326, 325.677307129, 56.43334198, 43.8540115356, 12.0609617233, 2.85415625572, 0.176974013448, 0.000882848573383, 3.11240256679e-07, 1.93414684269e-09],
        "max": [6.60628509521, 25.0980606079, 95.4315185547, 88.2030792236, 171.881713867, 160.602645874, 191.817840576, 386.602600098, 399.943817139, 376.687683105, 683.706359863, 1098.39465332, 778.143310547, 787.683288574, 854.376586914, 342.860198975, 868.803894043, 733.322143555, 732.782592773, 592.38079834, 692.536560059, 641.679748535, 289.884216309, 409.745910645, 328.992767334, 282.875305176, 384.525817871, 308.309753418, 197.179855347, 112.835975647, 100.510513306, 104.096977234, 60.0322265625, 34.5736732483, 28.9262771606, 14.7502603531, 4.23757839203, 0.272670298815, 0.0050095692277, 0.000370430701878],
        "mean": [0.947649896145, 3.85006213188, 6.13300323486, 4.92714595795, 5.98683595657, 10.4322376251, 11.1606121063, 16.203250885, 21.5685272217, 37.2061271667, 32.5045852661, 40.5403747559, 35.8472061157, 35.2280807495, 44.7008666992, 27.1760387421, 31.5887432098, 30.2648849487, 35.3281974792, 31.0878143311, 31.6787471771, 22.6953201294, 18.0733280182, 20.7368354797, 18.8170661926, 17.901889801, 17.6487941742, 13.5095129013, 8.71358585358, 6.2518081665, 4.86274671555, 5.92775821686, 2.93390011787, 2.39392495155, 1.3695179224, 0.506685376167, 0.115123920143, 0.00741672515869, 0.000188414021977, 6.76136551192e-05],
        "median": [0.774699568748, 2.68295741081, 1.05955767632, 1.51116836071, 1.72995579243, 4.19421672821, 3.84571266174, 4.99397993088, 6.53098773956, 14.5430908203, 12.6356925964, 12.2412805557, 10.1955728531, 13.0053529739, 14.4264135361, 12.3540906906, 13.1024274826, 12.1915426254, 15.9030246735, 16.1073875427, 15.6381483078, 11.5202207565, 10.3882923126, 10.585308075, 10.321808815, 10.8731594086, 10.3421955109, 7.05675983429, 4.52660703659, 2.54481697083, 1.87532091141, 1.94454479218, 1.27723193169, 0.894720554352, 0.552073657513, 0.156306311488, 0.0268337763846, 0.00130385439843, 7.17460061423e-05, 6.04776942055e-05],
        "min": [5.67877918911e-07, 4.94531741424e-06, 4.39421419287e-05, 0.000244662398472, 0.00295196729712, 0.0326338112354, 0.0174028351903, 0.0328078120947, 0.0492254681885, 0.113589055836, 0.100842267275, 0.043430108577, 0.0115762567148, 0.0116319153458, 0.0100076971576, 0.0144046815112, 0.0132627440616, 0.00995970517397, 0.0159157402813, 0.0326400585473, 0.0258222129196, 0.0132445115596, 0.00922319944948, 0.00900772865862, 0.00425922172144, 0.00161729438696, 0.00188706256449, 0.00188726803754, 0.000383221864467, 0.000268595438683, 0.00016374567349, 3.88933694921e-05, 5.14376661158e-05, 1.65696055774e-05, 1.62020626249e-06, 5.41679355592e-07, 2.40298959397e-07, 3.17953627871e-08, 2.00132362238e-07, 4.1223847802e-07],
        "var": [1.12547910213, 16.52784729, 154.015670776, 91.6497573853, 290.471679688, 317.572387695, 330.833496094, 1288.1875, 1810.29699707, 2548.88061523, 3071.13330078, 8484.7578125, 5400.41357422, 4304.76904297, 7979.75244141, 1584.70581055, 3604.97558594, 2953.67626953, 3357.45703125, 2248.59155273, 2722.86669922, 1644.26062012, 745.294677734, 1129.12353516, 603.617126465, 550.493347168, 680.524902344, 543.850463867, 223.040802002, 148.632293701, 88.610786438, 120.970573425, 26.9966278076, 18.5399684906, 6.41914987564, 1.45058631897, 0.0820040330291, 0.00039541782462, 1.51419030203e-07, 1.65476721214e-09]
    },
    "gfcc": {
        "mean": [21.1066913605, 80.8006362915, -114.668174744, 37.1583061218, -58.0081634521, 22.4151000977, -32.7780036926, 21.0387687683, -22.5257167816, 16.0751304626, -13.8652191162, 0.782306611538, -2.37534999847],
        "cov": [[5084.55810547, -923.737609863, -26.3828735352, 440.757751465, 46.5457496643, 724.169494629, -123.342926025, 257.299224854, -142.718719482, 135.731536865, -2.25148892403, 214.792816162, -218.565109253], [-923.737609863, 1213.10522461, 156.036148071, 116.230743408, 289.971954346, -27.3458995819, 336.579101562, -67.7820281982, 148.171630859, 23.8932952881, 105.283111572, -163.095947266, 155.647613525], [-26.3828735352, 156.036148071, 1019.31500244, 329.333770752, 183.760345459, 250.159194946, 88.2002182007, 140.570983887, 150.821990967, 91.9255752563, 98.0183181763, 26.6802406311, -74.4178619385], [440.757751465, 116.230743408, 329.333770752, 587.883605957, 299.113677979, 279.808868408, 224.029922485, 141.173583984, 128.057144165, 32.8638916016, 142.051574707, 26.3198642731, 34.9387702942], [46.5457496643, 289.971954346, 183.760345459, 299.113677979, 492.426361084, 277.491699219, 332.911193848, 137.462478638, 82.1169815063, 80.3267669678, 82.9711074829, 5.94133377075, 71.4692459106], [724.169494629, -27.3458995819, 250.159194946, 279.808868408, 277.491699219, 573.088134766, 258.95425415, 165.90612793, 100.900138855, 53.233795166, 128.228927612, 59.6997261047, 13.7177352905], [-123.342926025, 336.579101562, 88.2002182007, 224.029922485, 332.911193848, 258.95425415, 481.71295166, 157.504165649, 88.9534225464, 110.730262756, 82.9830932617, 5.45957899094, 129.572784424], [257.299224854, -67.7820281982, 140.570983887, 141.173583984, 137.462478638, 165.90612793, 157.504165649, 257.712921143, 67.352104187, 67.461479187, 27.2262516022, 34.6024017334, 49.6365966797], [-142.718719482, 148.171630859, 150.821990967, 128.057144165, 82.1169815063, 100.900138855, 88.9534225464, 67.352104187, 198.924957275, 17.3340435028, 82.7218017578, 35.6468887329, 22.0458927155], [135.731536865, 23.8932952881, 91.9255752563, 32.8638916016, 80.3267669678, 53.233795166, 110.730262756, 67.461479187, 17.3340435028, 172.324371338, 43.2784500122, 32.418346405, 34.8129577637], [-2.25148892403, 105.283111572, 98.0183181763, 142.051574707, 82.9711074829, 128.228927612, 82.9830932617, 27.2262516022, 82.7218017578, 43.2784500122, 188.741516113, 53.8627548218, 32.1870956421], [214.792816162, -163.095947266, 26.6802406311, 26.3198642731, 5.94133377075, 59.6997261047, 5.45957899094, 34.6024017334, 35.6468887329, 32.418346405, 53.8627548218, 161.9190979, 10.4447669983], [-218.565109253, 155.647613525, -74.4178619385, 34.9387702942, 71.4692459106, 13.7177352905, 129.572784424, 49.6365966797, 22.0458927155, 34.8129577637, 32.1870956421, 10.4447669983, 158.241928101]],
        "icov": [[0.000535459548701, -0.000366472988389, 0.000522301299497, -0.000837278028484, 0.000456503184978, -0.00111692538485, 0.000888101407327, -0.00061743351398, 0.000798681052402, -0.000988251995295, 0.000788384408224, -0.000829871511087, 0.000888216251042], [-0.000366472988389, 0.0028500596527, -0.00106614409015, 0.00131267600227, -0.00147294870112, 0.00187583744992, -0.00226806732826, 0.00236361520365, -0.00221648742445, 0.00140483328141, -0.00187802209985, 0.00323370355181, -0.00231404858641], [0.000522301299497, -0.00106614409015, 0.00222260318696, -0.00164090842009, 0.000646769301966, -0.00162844732404, 0.00170284847263, -0.00144405046012, 0.000482605973957, -0.00203639804386, 0.00119094259571, -0.00128200335894, 0.0023084434215], [-0.000837278028484, 0.00131267600227, -0.00164090842009, 0.00490952190012, -0.0023084897548, 0.00184201321099, -0.00206420384347, 0.00085266167298, -0.00197609234601, 0.00286161177792, -0.0031456425786, 0.00222661113366, -0.0018589560641], [0.000456503184978, -0.00147294870112, 0.000646769301966, -0.0023084897548, 0.00568435434252, -0.00216336827725, -0.000832847028505, -0.00130957411602, 0.00156621681526, -0.0015639050398, 0.00162438047118, -0.00159279396757, 0.00150673394091], [-0.00111692538485, 0.00187583744992, -0.00162844732404, 0.00184201321099, -0.00216336827725, 0.00619287695736, -0.00374627648853, 0.000972057052422, -0.00209684576839, 0.00320437503979, -0.00357432384044, 0.00214016158134, -0.00118451018352], [0.000888101407327, -0.00226806732826, 0.00170284847263, -0.00206420384347, -0.000832847028505, -0.00374627648853, 0.00833818782121, -0.00283764279447, 0.00155860895757, -0.00394266843796, 0.00243701087311, -0.0020199357532, -0.000234546416323], [-0.00061743351398, 0.00236361520365, -0.00144405046012, 0.00085266167298, -0.00130957411602, 0.000972057052422, -0.00283764279447, 0.00843175500631, -0.00324217043817, 0.000226264004596, 0.00010158814257, 0.00215082289651, -0.00361985014752], [0.000798681052402, -0.00221648742445, 0.000482605973957, -0.00197609234601, 0.00156621681526, -0.00209684576839, 0.00155860895757, -0.00324217043817, 0.00960433483124, -0.000651572481729, -0.000395313691115, -0.00369471171871, 0.00229128659703], [-0.000988251995295, 0.00140483328141, -0.00203639804386, 0.00286161177792, -0.0015639050398, 0.00320437503979, -0.00394266843796, 0.000226264004596, -0.000651572481729, 0.0103683788329, -0.00366965634748, 0.00099094666075, -0.00225957902148], [0.000788384408224, -0.00187802209985, 0.00119094259571, -0.0031456425786, 0.00162438047118, -0.00357432384044, 0.00243701087311, 0.00010158814257, -0.000395313691115, -0.00366965634748, 0.010859449394, -0.00430239830166, 0.000677133561112], [-0.000829871511087, 0.00323370355181, -0.00128200335894, 0.00222661113366, -0.00159279396757, 0.00214016158134, -0.0020199357532, 0.00215082289651, -0.00369471171871, 0.00099094666075, -0.00430239830166, 0.0115329585969, -0.00349764036946], [0.000888216251042, -0.00231404858641, 0.0023084434215, -0.0018589560641, 0.00150673394091, -0.00118451018352, -0.000234546416323, -0.00361985014752, 0.00229128659703, -0.00225957902148, 0.000677133561112, -0.00349764036946, 0.0123391197994]]
    },
    "melbands": {
        "dmean": [0.0026236998383, 0.00188507046551, 0.00063803960802, 0.000637601769995, 0.000334432290401, 0.000315513141686, 0.000333772826707, 0.000307700567646, 0.000178928108653, 0.000167478967342, 0.000100790719443, 9.23109328141e-05, 9.26488719415e-05, 6.8918299803e-05, 4.75945707876e-05, 4.79662048747e-05, 4.09369240515e-05, 4.0768954932e-05, 3.71968671971e-05, 2.92981330858e-05, 2.45954506681e-05, 1.79916150955e-05, 1.57661816047e-05, 8.7500520749e-06, 1.06452480395e-05, 9.55944051384e-06, 6.54870927974e-06, 7.11963684807e-06, 6.59302440909e-06, 5.14744851898e-06, 3.65813025383e-06, 2.94894653052e-06, 2.55316331277e-06, 2.33201035371e-06, 1.91791673387e-06, 2.87915008812e-06, 4.15325666836e-06, 1.84547207027e-06, 1.14233216664e-06, 2.39870928453e-06],
        "dmean2": [0.00315203587525, 0.00274367537349, 0.000978480326012, 0.00114320032299, 0.000568613293581, 0.000552818644792, 0.00058352353517, 0.000504604657181, 0.000299103063298, 0.000254181271885, 0.000146785008837, 0.000141392069054, 0.000136786649819, 0.000108713160444, 7.85399533925e-05, 7.70651822677e-05, 6.72201203997e-05, 6.40181897325e-05, 6.19026686763e-05, 4.95957792737e-05, 4.01470679208e-05, 2.94839010166e-05, 2.72500910796e-05, 1.35615546242e-05, 1.67602302099e-05, 1.51539425133e-05, 1.01261985037e-05, 1.10622568172e-05, 1.02304229586e-05, 8.09907305666e-06, 5.52319852432e-06, 4.52994390798e-06, 3.9266415115e-06, 3.46919068761e-06, 2.82728387901e-06, 4.77796493215e-06, 7.08693414708e-06, 2.93371886073e-06, 1.84193061159e-06, 3.93021446143e-06],
        "dvar": [1.68839142134e-05, 1.70834136952e-05, 2.45818137046e-06, 2.38361121774e-06, 3.15328321676e-07, 5.49064225197e-07, 5.83568464663e-07, 2.40060927581e-07, 1.37873556127e-07, 1.60627109835e-07, 4.23508517144e-08, 3.34712346728e-08, 3.41247847757e-08, 1.48249919008e-08, 7.32300842188e-09, 8.49980263951e-09, 8.44026271096e-09, 5.03821651066e-09, 5.76180392287e-09, 3.52243945123e-09, 2.36278641097e-09, 1.26852051086e-09, 1.76798109486e-09, 3.06871639211e-10, 5.58225687897e-10, 3.12482179021e-10, 1.60997340459e-10, 1.63666552533e-10, 1.64978850026e-10, 2.79146622484e-10, 5.52697262957e-11, 3.82780057651e-11, 3.56585802552e-11, 2.87782228603e-11, 1.95565785788e-11, 3.60322778559e-11, 5.60445682918e-11, 1.51690014716e-11, 6.44095931104e-12, 2.13617092765e-11],
        "dvar2": [2.88144747174e-05, 3.44307663909e-05, 4.78205265608e-06, 6.74327020533e-06, 8.37875973048e-07, 1.54300028044e-06, 1.66660356626e-06, 6.22344543899e-07, 3.58477450391e-07, 3.45511523392e-07, 7.4905102565e-08, 7.53294173705e-08, 6.92426525006e-08, 3.01019973392e-08, 1.80511445791e-08, 1.85180546453e-08, 2.25940528509e-08, 1.09354756361e-08, 1.43273162223e-08, 8.44490610774e-09, 5.75467629105e-09, 2.6772446482e-09, 4.92204987879e-09, 6.92667867508e-10, 1.36565758702e-09, 7.36077199193e-10, 3.69359764996e-10, 3.61140423122e-10, 3.54066526098e-10, 7.38319350102e-10, 1.12133316521e-10, 7.96069668518e-11, 8.57408033461e-11, 6.24846493991e-11, 4.19696360998e-11, 9.50523479371e-11, 1.46057027584e-10, 3.85291971938e-11, 1.56511956173e-11, 5.52930999598e-11],
        "max": [0.0445879437029, 0.0373911932111, 0.0132001331076, 0.0106289554387, 0.00541221629828, 0.00742022320628, 0.00595394987613, 0.00478490348905, 0.00452914321795, 0.00727828918025, 0.00390757666901, 0.0033401963301, 0.00257133087143, 0.00170681683812, 0.000958718417678, 0.00192140054423, 0.00138015591074, 0.00117333233356, 0.00121941010002, 0.00109014031477, 0.000700460397638, 0.000786531891208, 0.000487296754727, 0.000321822008118, 0.000377775228117, 0.000240412467974, 0.00021668188856, 0.000236941763433, 0.000202014285605, 0.000411890010582, 0.000144993769936, 0.000118083997222, 9.11430906854e-05, 6.56225529383e-05, 7.00132513884e-05, 8.40988504933e-05, 5.05063908349e-05, 4.44077413704e-05, 3.17200283462e-05, 3.82562684536e-05],
        "mean": [0.0071301870048, 0.00374998012558, 0.000924913620111, 0.000583431974519, 0.000433339038864, 0.000341637933161, 0.000358394929208, 0.000442345568445, 0.000227412718232, 0.000262859975919, 0.000178145390237, 0.000143914192449, 0.000139173847856, 0.000102826343209, 6.16470570094e-05, 6.42606391921e-05, 5.79970765102e-05, 5.85540328757e-05, 4.99650523125e-05, 4.11810106016e-05, 3.39647231158e-05, 2.31894355238e-05, 1.91278468264e-05, 1.43087072502e-05, 1.7074011339e-05, 1.59362007253e-05, 1.13889846034e-05, 1.20881550174e-05, 1.18512307381e-05, 9.47315493249e-06, 7.01605540598e-06, 5.00374426338e-06, 3.98771499022e-06, 3.25535370393e-06, 2.70717123385e-06, 3.1255419799e-06, 3.76093885279e-06, 2.14347915062e-06, 1.51312997332e-06, 2.29993179346e-06],
        "median": [0.00607219105586, 0.00190469354857, 0.000289880059427, 0.000197299596039, 0.000163265853189, 0.000105375300336, 0.000107230014692, 0.000174066459294, 8.78344653756e-05, 7.0816873631e-05, 4.34061403212e-05, 4.90748534503e-05, 4.56538546132e-05, 4.05212376791e-05, 2.38995999098e-05, 2.65514536295e-05, 1.96112468984e-05, 2.38307020481e-05, 2.09053123399e-05, 2.00604245038e-05, 1.58022776304e-05, 1.13062651508e-05, 9.30380065256e-06, 8.05817035143e-06, 8.00900124887e-06, 7.66483481129e-06, 6.99555948813e-06, 7.08749576006e-06, 6.58073531667e-06, 4.68667712994e-06, 3.62864170711e-06, 2.48281003223e-06, 1.71515375769e-06, 1.18952993944e-06, 9.59908902587e-07, 1.04099081e-06, 1.16530748073e-06, 9.03196792024e-07, 6.24746519406e-07, 7.31995157821e-07],
        "min": [3.47181883242e-09, 4.61000260188e-09, 3.88835772469e-08, 2.16816204102e-07, 9.55339942266e-07, 4.87574254748e-07, 4.42841269432e-07, 6.30007889413e-07, 5.74069986214e-07, 1.40147818684e-07, 4.73425387781e-08, 4.26686561639e-08, 3.6636585321e-08, 3.3609421024e-08, 1.3814348776e-08, 2.95076141299e-08, 1.4391147829e-08, 1.59944573142e-08, 3.2714694953e-08, 3.19858450837e-08, 2.13690771744e-08, 1.05954720553e-08, 5.42995604036e-09, 3.65221231036e-09, 6.63305632642e-09, 4.4726324866e-09, 7.61562424234e-10, 7.25709659033e-10, 6.81515122114e-10, 1.66887859088e-09, 8.32346247481e-10, 1.86040086114e-10, 9.65640484241e-11, 7.567376413e-12, 4.13389426857e-11, 2.35969251951e-12, 1.64187656526e-11, 2.5719523733e-11, 8.48975230394e-12, 1.21921548378e-12],
