{
"highlevel": {
    "danceability": {
        "all": {
            "danceable": 0.999569237232,
            "not_danceable": 0.000430791842518
        },
        "probability": 0.999569237232,
        "value": "danceable"
    },
    "gender": {
        "all": {
            "female": 0.549821734428,
            "male": 0.450178265572
        },
        "probability": 0.549821734428,
        "value": "female"
    },
    "genre_dortmund": {
        "all": {
            "alternative": 0.0243149343878,
            "blues": 0.0356852710247,
            "electronic": 0.0647580400109,
            "folkcountry": 0.0500625967979,
            "funksoulrnb": 0.0583865083754,
            "jazz": 0.0497543625534,
            "pop": 0.210117191076,
            "raphiphop": 0.434597581625,
            "rock": 0.0723235160112
        },
        "probability": 0.434597581625,
        "value": "raphiphop"
    },
    "genre_electronic": {
        "all": {
            "ambient": 0.127816006541,
            "dnb": 0.206022039056,
            "house": 0.411566764116,
            "techno": 0.012352546677,
            "trance": 0.242242619395
        },
        "probability": 0.411566764116,
        "value": "house"
    },
    "genre_rosamerica": {
        "all": {
            "cla": 0.00693016313016,
            "dan": 0.293454498053,
            "hip": 0.162759259343,
            "jaz": 0.0105620548129,
            "pop": 0.269241780043,
            "rhy": 0.230639979243,
            "roc": 0.0203697755933,
            "spe": 0.0060425135307
        },
        "probability": 0.293454498053,
        "value": "dan"
    },
    "genre_tzanetakis": {
        "all": {
            "blu": 0.0626613423228,
            "cla": 0.0348169617355,
            "cou": 0.104475811124,
            "dis": 0.0784321576357,
            "hip": 0.15692435205,
            "jaz": 0.313974827528,
            "met": 0.0448166541755,
            "pop": 0.0627359300852,
            "reg": 0.0627360641956,
            "roc": 0.0784258767962
        },
        "probability": 0.313974827528,
        "value": "jaz"
    },
    "ismir04_rhythm": {
        "all": {
            "ChaChaCha": 0.0159017797559,
            "Jive": 0.0241773612797,
            "Quickstep": 0.0395034998655,
            "Rumba-American": 0.00796713773161,
            "Rumba-International": 0.0264340471476,
            "Rumba-Misc": 0.00865295063704,
            "Samba": 0.870410680771,
            "Tango": 0.00106050749309,
            "VienneseWaltz": 0.00175183475949,
            "Waltz": 0.00414019916207
        },
        "probability": 0.870410680771,
        "value": "Samba"
    },
    "mood_acoustic": {
        "all": {
            "acoustic": 0.00990351010114,
            "not_acoustic": 0.990096509457
        },
        "probability": 0.990096509457,
        "value": "not_acoustic"
    },
    "mood_aggressive": {
        "all": {
            "aggressive": 0.0350209884346,
            "not_aggressive": 0.964978992939
        },
        "probability": 0.964978992939,
        "value": "not_aggressive"
    },
    "mood_electronic": {
        "all": {
            "electronic": 0.80108755827,
            "not_electronic": 0.198912426829
        },
        "probability": 0.80108755827,
        "value": "electronic"
    },
    "mood_happy": {
        "all": {
            "happy": 0.704711437225,
            "not_happy": 0.295288592577
        },
        "probability": 0.704711437225,
        "value": "happy"
    },
    "mood_party": {
        "all": {
            "not_party": 0.162357196212,
            "party": 0.837642788887
        },
        "probability": 0.837642788887,
        "value": "party"
    },
    "mood_relaxed": {
        "all": {
            "not_relaxed": 0.895248770714,
            "relaxed": 0.104751229286
        },
        "probability": 0.895248770714,
        "value": "not_relaxed"
    },
    "mood_sad": {
        "all": {
            "not_sad": 0.582891225815,
            "sad": 0.417108803988
        },
        "probability": 0.582891225815,
        "value": "not_sad"
    },
    "moods_mirex": {
        "all": {
            "Cluster1": 0.38130480051,
            "Cluster2": 0.178680375218,
            "Cluster3": 0.0644326433539,
            "Cluster4": 0.115411356091,
            "Cluster5": 0.260170817375
        },
        "probability": 0.38130480051,
        "value": "Cluster1"
    },
    "timbre": {
        "all": {
            "bright": 0.965192914009,
            "dark": 0.0348071046174
        },
        "probability": 0.965192914009,
        "value": "bright"
    },
    "tonal_atonal": {
        "all": {
            "atonal": 0.0862944722176,
            "tonal": 0.913705527782
        },
        "probability": 0.913705527782,
        "value": "tonal"
    },
    "voice_instrumental": {
        "all": {
            "instrumental": 0.0117319207639,
            "voice": 0.988268077374
        },
        "probability": 0.988268077374,
        "value": "voice"
    }
},
"lowlevel": {
    "average_loudness": 0.955647647381,
    "barkbands_crest": {
        "dmean": 2.84693598747,
        "dmean2": 4.30313396454,
        "dvar": 6.8888502121,
        "dvar2": 16.1187973022,
        "max": 24.7587776184,
        "mean": 13.1031360626,
        "median": 13.0343456268,
        "min": 2.6947042942,
        "var": 30.0238208771
    },
    "barkbands_flatness_db": {
        "dmean": 0.0268611088395,
        "dmean2": 0.0373720526695,
        "dvar": 0.000620390928816,
        "dvar2": 0.00138167862315,
        "max": 0.345093548298,
        "mean": 0.144713670015,
        "median": 0.142872020602,
        "min": 0.0471263341606,
        "var": 0.00253698742017
    },
    "barkbands_kurtosis": {
        "dmean": 4.82423114777,
        "dmean2": 7.22068500519,
        "dvar": 73.9323272705,
        "dvar2": 171.336105347,
        "max": 100.252494812,
        "mean": 6.82279348373,
        "median": 2.38909816742,
        "min": -1.83827471733,
        "var": 158.233306885
    },
    "barkbands_skewness": {
        "dmean": 0.750948607922,
        "dmean2": 1.09031927586,
        "dvar": 0.700886428356,
        "dvar2": 1.53706884384,
        "max": 8.96031761169,
        "mean": 1.9755371809,
        "median": 1.73191642761,
        "min": -6.98072719574,
        "var": 2.8403813839
    },
    "barkbands_spread": {
        "dmean": 9.49577522278,
        "dmean2": 13.9307451248,
        "dvar": 106.051094055,
        "dvar2": 245.732543945,
        "max": 102.81880188,
        "mean": 30.0026435852,
        "median": 26.8568267822,
        "min": 1.75006628036,
        "var": 302.167572021
    },
    "dissonance": {
        "dmean": 0.0192158799618,
        "dmean2": 0.0314580500126,
        "dvar": 0.000341033213772,
        "dvar2": 0.000792745093349,
        "max": 0.499968022108,
        "mean": 0.461966127157,
        "median": 0.468461453915,
        "min": 0.288287520409,
        "var": 0.000809828459751
    },
    "dynamic_complexity": 2.00345253944,
    "erbbands_crest": {
        "dmean": 3.04390740395,
        "dmean2": 4.68609905243,
        "dvar": 8.60602760315,
        "dvar2": 18.8345508575,
        "max": 28.6287937164,
        "mean": 9.25981521606,
        "median": 8.06570053101,
        "min": 2.27366399765,
        "var": 25.181728363
    },
    "erbbands_flatness_db": {
        "dmean": 0.017536830157,
        "dmean2": 0.0245549231768,
        "dvar": 0.000267473777058,
        "dvar2": 0.000497501227073,
        "max": 0.336540609598,
        "mean": 0.118880644441,
        "median": 0.111131042242,
        "min": 0.0521340183914,
        "var": 0.00188227195758
    },
    "erbbands_kurtosis": {
        "dmean": 1.05139613152,
        "dmean2": 1.51573812962,
        "dvar": 2.50857329369,
        "dvar2": 4.17141914368,
        "max": 41.671421051,
        "mean": 0.600076198578,
        "median": -0.185297966003,
        "min": -1.69091033936,
        "var": 8.71290016174
    },
    "erbbands_skewness": {
        "dmean": 0.382609784603,
        "dmean2": 0.562924146652,
        "dvar": 0.135797664523,
        "dvar2": 0.270640671253,
        "max": 3.75307559967,
        "mean": 0.240141257644,
        "median": 0.26384267211,
        "min": -5.25040197372,
        "var": 0.594014823437
    },
    "erbbands_spread": {
        "dmean": 13.0207586288,
        "dmean2": 19.4568119049,
        "dvar": 230.196044922,
        "dvar2": 520.182495117,
        "max": 144.03742981,
        "mean": 51.7711219788,
        "median": 48.4899406433,
        "min": 3.69463825226,
        "var": 650.468139648
    },
    "hfc": {
        "dmean": 15.9188632965,
        "dmean2": 23.3888969421,
        "dvar": 670.621765137,
        "dvar2": 1468.09484863,
        "max": 270.186920166,
        "mean": 32.0093307495,
        "median": 23.9095458984,
        "min": 0.109871506691,
        "var": 1012.98925781
    },
    "melbands_crest": {
        "dmean": 3.7865421772,
        "dmean2": 6.04669475555,
        "dvar": 11.6059904099,
        "dvar2": 28.2961521149,
        "max": 35.994682312,
        "mean": 19.4921760559,
        "median": 19.9143772125,
        "min": 4.15234947205,
        "var": 53.2650146484
    },
    "melbands_flatness_db": {
        "dmean": 0.0331453308463,
        "dmean2": 0.0457225553691,
        "dvar": 0.000912764691748,
        "dvar2": 0.00210735457949,
        "max": 0.395027339458,
        "mean": 0.198109358549,
        "median": 0.196353152394,
        "min": 0.0296950247139,
        "var": 0.00448123039678
    },
    "melbands_kurtosis": {
        "dmean": 15.3419370651,
        "dmean2": 23.1834487915,
        "dvar": 715.342956543,
        "dvar2": 1695.31506348,
        "max": 276.887145996,
        "mean": 27.7457828522,
        "median": 13.2807559967,
        "min": -1.85587620735,
        "var": 1552.36547852
    },
    "melbands_skewness": {
        "dmean": 1.10991954803,
        "dmean2": 1.67372882366,
        "dvar": 1.72029566765,
        "dvar2": 3.78785872459,
        "max": 13.9493074417,
        "mean": 3.83100104332,
        "median": 3.26940870285,
        "min": -4.53027820587,
        "var": 6.49712848663
    },
    "melbands_spread": {
        "dmean": 10.4731063843,
        "dmean2": 16.0388412476,
        "dvar": 344.245147705,
        "dvar2": 816.989257812,
        "max": 249.057693481,
        "mean": 25.9144878387,
        "median": 19.9821395874,
        "min": 1.31874883175,
        "var": 615.823974609
    },
    "pitch_salience": {
        "dmean": 0.0882395878434,
        "dmean2": 0.136547788978,
        "dvar": 0.0061740046367,
        "dvar2": 0.0148545755073,
        "max": 0.788339436054,
        "mean": 0.460698843002,
        "median": 0.448165267706,
        "min": 0.11999348551,
        "var": 0.0232967361808
    },
    "silence_rate_20dB": {
        "dmean": 0,
        "dmean2": 0,
        "dvar": 0,
        "dvar2": 0,
        "max": 1,
        "mean": 1,
        "median": 1,
        "min": 1,
        "var": 0
    },
    "silence_rate_30dB": {
        "dmean": 0.0495356023312,
        "dmean2": 0.0991479456425,
        "dvar": 0.0470812655985,
        "dvar2": 0.0939637050033,
        "max": 1,
        "mean": 0.943542122841,
        "median": 1,
        "min": 0,
        "var": 0.0532710589468
    },
    "silence_rate_60dB": {
        "dmean": 0.00773993786424,
        "dmean2": 0.0154918665066,
        "dvar": 0.0076800249517,
        "dvar2": 0.0168010219932,
        "max": 1,
        "mean": 0.0293890181929,
        "median": 0,
        "min": 0,
        "var": 0.0285255070776
    },
    "spectral_centroid": {
        "dmean": 363.477783203,
        "dmean2": 554.771850586,
        "dvar": 193843.328125,
        "dvar2": 411354.65625,
        "max": 7139.98632812,
        "mean": 1640.90600586,
        "median": 1518.0970459,
        "min": 410.953674316,
        "var": 561554
    },
    "spectral_complexity": {
        "dmean": 5.83746147156,
        "dmean2": 8.43687057495,
        "dvar": 56.037071228,
        "dvar2": 101.350379944,
        "max": 63,
        "mean": 18.2869300842,
        "median": 16,
        "min": 0,
        "var": 128.53263855
    },
    "spectral_decrease": {
        "dmean": 3.30256466619e-09,
        "dmean2": 5.24600229923e-09,
        "dvar": 2.55642170087e-17,
        "dvar2": 5.33474849768e-17,
        "max": -1.78056024785e-11,
        "mean": -1.03122888007e-08,
        "median": -8.34620994539e-09,
        "min": -4.78284789551e-08,
        "var": 6.8115471325e-17
    },
    "spectral_energy": {
        "dmean": 0.0132966339588,
        "dmean2": 0.0210316609591,
        "dvar": 0.000398307631258,
        "dvar2": 0.000823933689389,
        "max": 0.190105527639,
        "mean": 0.0418243296444,
        "median": 0.0337536782026,
        "min": 8.5466861492e-05,
        "var": 0.00105097168125
    },
    "spectral_energyband_high": {
        "dmean": 0.00142684695311,
        "dmean2": 0.00207491172478,
        "dvar": 5.91777552472e-06,
        "dvar2": 1.19322530736e-05,
        "max": 0.0344670601189,
        "mean": 0.00224267947488,
        "median": 0.00113527476788,
        "min": 1.7831553123e-06,
        "var": 1.02381427496e-05
    },
    "spectral_energyband_low": {
        "dmean": 0.0101992189884,
        "dmean2": 0.01613025181,
        "dvar": 0.000323963962728,
        "dvar2": 0.000693874142598,
        "max": 0.172923505306,
        "mean": 0.026738634333,
        "median": 0.0197482667863,
        "min": 3.15349923952e-09,
        "var": 0.000818315136712
    },
    "spectral_energyband_middle_high": {
        "dmean": 0.00229617021978,
        "dmean2": 0.00354415224865,
        "dvar": 1.07646646939e-05,
        "dvar2": 2.60261931544e-05,
        "max": 0.0344315357506,
        "mean": 0.00554092973471,
        "median": 0.0036672106944,
        "min": 7.32700391382e-06,
        "var": 2.6452491511e-05
    },
    "spectral_energyband_middle_low": {
        "dmean": 0.00467019202188,
        "dmean2": 0.00756484922022,
        "dvar": 5.84322333452e-05,
        "dvar2": 0.000155084984726,
        "max": 0.0665482506156,
        "mean": 0.00850395672023,
        "median": 0.0065798535943,
        "min": 2.99120983982e-05,
        "var": 6.28338457318e-05
    },
    "spectral_entropy": {
        "dmean": 0.184838056564,
        "dmean2": 0.250719845295,
        "dvar": 0.0276902224869,
        "dvar2": 0.0493218414485,
        "max": 8.8045759201,
        "mean": 7.83845996857,
        "median": 7.85488271713,
        "min": 6.52229738235,
        "var": 0.129234343767
    },
    "spectral_flux": {
        "dmean": 0.033020760864,
        "dmean2": 0.0489977300167,
        "dvar": 0.00149767810944,
        "dvar2": 0.00291359284893,
        "max": 0.369875878096,
        "mean": 0.100908316672,
        "median": 0.0829082131386,
        "min": 0.00260873348452,
        "var": 0.00396669749171
    },
    "spectral_kurtosis": {
        "dmean": 0.839850902557,
        "dmean2": 1.31115984917,
        "dvar": 0.633972704411,
        "dvar2": 1.45815861225,
        "max": 11.700586319,
        "mean": 2.28788757324,
        "median": 2.12847661972,
        "min": -1.04309356213,
        "var": 1.97320723534
    },
    "spectral_rms": {
        "dmean": 0.000950354733504,
        "dmean2": 0.00145883171353,
        "dvar": 1.29224793e-06,
        "dvar2": 2.56072166849e-06,
        "max": 0.0136186927557,
        "mean": 0.00592745747417,
        "median": 0.00573850283399,
        "min": 0.000288759940304,
        "var": 5.66947483094e-06
    },
    "spectral_rolloff": {
        "dmean": 852.73034668,
        "dmean2": 1400.66052246,
        "dvar": 2092309.25,
        "dvar2": 4157592.25,
        "max": 12252.3925781,
        "mean": 1779.72790527,
        "median": 1033.59375,
        "min": 64.599609375,
        "var": 4746360
    },
    "spectral_skewness": {
        "dmean": 0.173935338855,
        "dmean2": 0.265821069479,
        "dvar": 0.0255754273385,
        "dvar2": 0.0508901253343,
        "max": 3.10402035713,
        "mean": 1.29547011852,
        "median": 1.30154812336,
        "min": -0.34003046155,
        "var": 0.103110201657
    },
    "spectral_spread": {
        "dmean": 925215.625,
        "dmean2": 1381208,
        "dvar": 951026384896,
        "dvar2": 2.12296479539e+12,
        "max": 15872063,
        "mean": 6451891,
        "median": 6125295,
        "min": 2737199.75,
        "var": 2.80276998554e+12
    },
    "spectral_strongpeak": {
        "dmean": 0.40645635128,
        "dmean2": 0.692788779736,
        "dvar": 0.843835890293,
        "dvar2": 2.2542822361,
        "max": 16.7278003693,
        "mean": 0.723836481571,
        "median": 0.410137921572,
        "min": 0.0142745058984,
        "var": 1.15245425701
    },
    "zerocrossingrate": {
        "dmean": 0.0180168971419,
        "dmean2": 0.0204385984689,
        "dvar": 0.000384007988032,
        "dvar2": 0.000463894684799,
        "max": 0.4267578125,
        "mean": 0.0767239779234,
        "median": 0.06591796875,
        "min": 0.00390625,
        "var": 0.00265302881598
    },
    "barkbands": {
        "dmean": [0.000585892819799, 0.00853529013693, 0.00473655667156, 0.00187039026059, 0.00178741966374, 0.00080004130723, 0.00065434986027, 0.00072281708708, 0.000553821912035, 0.000496850057971, 0.000374712079065, 0.000365884276107, 0.000559899315704, 0.000424939586082, 0.000289570423774, 0.000248200347414, 0.000378248514608, 0.000248680822551, 0.000334635551553, 0.000268370844424, 0.000200321068405, 0.000215127991396, 0.000278154824628, 0.000353541574441, 0.00025560989161, 0.000206266136956, 2.55940648231e-07],
        "dmean2": [0.000956661009695, 0.0142863541842, 0.0075843562372, 0.00334685831331, 0.00299254036509, 0.00126413372345, 0.00110956735443, 0.0010991403833, 0.000879269733559, 0.000722670578398, 0.000536970212124, 0.000559875217732, 0.000837976927869, 0.000618800404482, 0.000438436516561, 0.000409909640439, 0.000657623284496, 0.000410910550272, 0.000551959790755, 0.000430936226621, 0.000298644212307, 0.000326573790517, 0.000408038904425, 0.000534094753675, 0.000386010564398, 0.000319712009514, 4.67038802299e-07],
        "dvar": [6.57747136756e-07, 0.00025518934126, 0.0001915172179, 2.75027723546e-05, 1.12627758426e-05, 2.09068775803e-06, 1.78432355824e-06, 1.70085218087e-06, 1.3793941207e-06, 1.06711490844e-06, 6.51414836739e-07, 9.22892922972e-07, 1.33845651362e-06, 6.23828782409e-07, 2.86251719217e-07, 2.91003487973e-07, 1.10904466055e-06, 2.51705017718e-07, 3.73984335056e-07, 2.97158749163e-07, 1.28199971527e-07, 1.69032944086e-07, 3.66628142956e-07, 6.20940340923e-07, 1.79689024549e-07, 1.69142367668e-07, 1.16632094607e-12],
        "dvar2": [1.52761560912e-06, 0.000767177611124, 0.000453571672551, 7.82204442658e-05, 3.00309493468e-05, 4.95800259159e-06, 4.77535877508e-06, 3.61192064702e-06, 3.32663148583e-06, 2.30116984312e-06, 1.15178590931e-06, 2.13411294681e-06, 2.59425291915e-06, 1.31277045057e-06, 6.11323343946e-07, 7.29162024982e-07, 3.15184843203e-06, 6.32350236174e-07, 9.73966962192e-07, 7.23466200725e-07, 2.8456784662e-07, 3.37422875418e-07, 7.19568959084e-07, 1.26990971694e-06, 4.01036885478e-07, 4.04683476063e-07, 3.27208876313e-12],
        "max": [0.00933018513024, 0.150280416012, 0.100740045309, 0.0449738502502, 0.036620631814, 0.0260609369725, 0.0151075962931, 0.0167152974755, 0.0113908583298, 0.0135540803894, 0.012158440426, 0.0160595271736, 0.0191365517676, 0.00993266422302, 0.00802735611796, 0.00541450781748, 0.0126187680289, 0.00439463090152, 0.00868548639119, 0.00562534155324, 0.00351711618714, 0.00721002556384, 0.0105182947591, 0.0138976704329, 0.00514599680901, 0.00369552639313, 1.24015214169e-05],
        "mean": [0.00127912918106, 0.019906649366, 0.00449984753504, 0.00168673321605, 0.00262738461606, 0.00112733314745, 0.000830368197057, 0.00112101004925, 0.000814595958218, 0.000850880052894, 0.000636242213659, 0.00051635800628, 0.00099460943602, 0.000677388277836, 0.000419294286985, 0.000277662184089, 0.000407105078921, 0.000279656873317, 0.000446552643552, 0.00034488143865, 0.000290774798486, 0.000319375656545, 0.000391240086174, 0.000520093541127, 0.000337512319675, 0.000221484297072, 1.61285697686e-07],
        "median": [0.000469881197205, 0.0155235175043, 0.00087073945906, 0.000651407055557, 0.00146835879423, 0.000584933790378, 0.000305513298372, 0.000453281274531, 0.000244316965109, 0.00020628956554, 0.000165478122653, 0.000117268064059, 0.000246398732997, 0.000202070441446, 0.000143349927384, 9.95936643449e-05, 0.000160180003149, 9.05330525711e-05, 0.000212752624066, 0.000151495609316, 0.000150257445057, 0.000154233915964, 0.000161826726981, 0.000231952333706, 0.00013855585712, 8.02133217803e-05, 7.20285775468e-10],
        "min": [9.71017918849e-11, 4.35172287094e-10, 6.52973008997e-10, 8.13215716988e-10, 2.19510781108e-07, 2.20803304529e-08, 5.32920125806e-07, 5.87320471368e-07, 1.80969209396e-07, 1.28161332213e-07, 2.41525413003e-07, 4.76735237953e-07, 2.84248102389e-07, 9.54845589263e-08, 4.385906891e-07, 1.62942015436e-07, 1.17077888717e-07, 9.87644028783e-08, 1.59506527098e-07, 8.21178716137e-08, 1.26812892631e-07, 5.86989905571e-08, 3.43068897735e-08, 1.0636744463e-07, 5.38641664605e-08, 7.4163430952e-10, 7.80362233166e-12],
        "var": [3.10470522891e-06, 0.000420861761086, 0.000182062576641, 1.75898821908e-05, 1.24295847854e-05, 2.81986672235e-06, 1.90254183963e-06, 3.82403550248e-06, 2.44373791247e-06, 2.87007105726e-06, 1.6734802557e-06, 1.54013616793e-06, 4.18513354816e-06, 1.48723177062e-06, 5.45088937542e-07, 2.79832732986e-07, 7.35986191103e-07, 2.53302516739e-07, 4.07891235454e-07, 3.23612908915e-07, 1.86804882674e-07, 2.79713788132e-07, 5.61542549349e-07, 1.01171895039e-06, 2.99527926018e-07, 1.69917598214e-07, 7.0175424716e-13]
    },
    "erbbands": {
        "dmean": [0.29484602809, 1.89495754242, 4.14931869507, 6.77365207672, 5.3092546463, 6.72328042984, 6.61817932129, 6.43868494034, 8.83079814911, 11.6672000885, 14.3303318024, 13.7801446915, 12.5417366028, 13.2827510834, 16.9900817871, 17.0506744385, 23.3847503662, 21.3690185547, 17.7932052612, 11.3774423599, 14.4246263504, 19.4758815765, 14.1815042496, 14.5598049164, 17.1884651184, 12.1375579834, 9.03115940094, 7.39025688171, 7.33523511887, 7.84451627731, 8.09052658081, 8.23655700684, 5.52811479568, 3.28984594345, 1.6625058651, 0.914664924145, 0.374244868755, 0.0430967211723, 0.000764352269471, 4.85199525428e-05],
        "dmean2": [0.466329544783, 3.22382950783, 6.24367952347, 11.8616228104, 9.01184463501, 11.5203895569, 10.4236516953, 10.3903923035, 15.0600690842, 18.2744731903, 22.1206970215, 21.4676475525, 19.039516449, 19.1577167511, 24.2670173645, 25.125749588, 34.1522789001, 31.87591362, 26.719543457, 17.9006500244, 24.3041496277, 33.7786560059, 23.237197876, 24.2479782104, 28.1831226349, 19.2834033966, 13.9673204422, 11.0588788986, 10.9957895279, 11.6053476334, 12.2171754837, 12.3130102158, 8.52802181244, 4.9651222229, 2.63354897499, 1.45148801804, 0.563628256321, 0.0708573162556, 0.00123153370805, 7.28619488655e-05],
        "dvar": [0.160540506244, 17.7904243469, 120.931793213, 421.502044678, 96.3372192383, 199.348693848, 132.824829102, 152.314102173, 381.544036865, 410.959594727, 827.278747559, 878.881652832, 936.43762207, 882.136230469, 1745.35009766, 1660.81921387, 2648.22973633, 1545.21789551, 1121.6060791, 411.24041748, 1018.55236816, 3119.17382812, 861.064025879, 975.651428223, 911.115539551, 639.031738281, 270.079681396, 188.282775879, 205.967391968, 216.566436768, 402.996612549, 333.761108398, 171.365142822, 32.1984138489, 8.60436058044, 2.74996972084, 0.531431615353, 0.0143056316301, 4.03921967518e-06, 9.45107103689e-09],
        "dvar2": [0.44229644537, 53.3640213013, 233.993652344, 1132.46350098, 259.397247314, 542.128112793, 303.113861084, 374.468322754, 1029.05310059, 909.673034668, 1798.01977539, 2090.52856445, 2186.39672852, 1887.30578613, 3472.62231445, 3520.36254883, 4990.55712891, 3299.86743164, 2343.96606445, 1008.57116699, 2638.46313477, 8839.37304688, 2199.30786133, 2490.34790039, 2330.7734375, 1564.40307617, 606.042114258, 400.522033691, 407.982971191, 423.288452148, 836.083435059, 661.068908691, 386.230957031, 68.9677352905, 20.2955284119, 6.70347738266, 1.18958926201, 0.0375068970025, 1.04330183603e-05, 2.30538006463e-08],
        "max": [3.18739795685, 38.8636856079, 81.9863204956, 157.884536743, 80.6494522095, 177.227783203, 158.391403198, 180.399703979, 225.209594727, 342.16305542, 389.257659912, 313.046936035, 422.998474121, 483.430145264, 692.17388916, 813.106384277, 1031.71813965, 525.918579102, 484.989196777, 200.518432617, 318.131530762, 636.779785156, 281.004272461, 532.050354004, 335.449981689, 250.754806519, 177.436721802, 135.178344727, 293.42956543, 232.233688354, 414.046569824, 346.08404541, 277.156951904, 90.6908798218, 28.9482955933, 19.0050392151, 5.96377944946, 1.28428661823, 0.0217174850404, 0.00101394462399],
        "mean": [0.786217212677, 3.61293315887, 5.09020376205, 6.35941505432, 6.41394615173, 9.02738189697, 10.3496818542, 8.50101947784, 11.2565307617, 18.34116745, 22.3251438141, 21.7168292999, 20.5659408569, 25.6057224274, 29.0484676361, 28.0316314697, 44.0282859802, 40.3079071045, 29.2446079254, 15.7864131927, 16.4239082336, 20.4126281738, 17.0326538086, 18.1112537384, 23.2641983032, 16.2713508606, 12.6143760681, 11.3009767532, 11.2994089127, 11.0142288208, 11.270652771, 12.0211744308, 7.62401294708, 4.39499473572, 2.06153392792, 1.0202562809, 0.406201809645, 0.0379315689206, 0.000731012318283, 8.756043826e-05],
        "median": [0.666633009911, 2.10188794136, 1.29407250881, 2.16727900505, 3.21176123619, 4.17046403885, 4.60534858704, 4.05427312851, 4.36327123642, 8.08965873718, 9.1808719635, 7.54490470886, 7.26743888855, 7.41051578522, 9.91450309753, 8.82699203491, 12.8277568817, 14.4533510208, 10.6193275452, 6.47595834732, 6.50267696381, 7.66637372971, 6.87035036087, 7.94267702103, 10.4221744537, 7.83390426636, 6.26831293106, 5.4767241478, 5.62411975861, 4.7738275528, 4.62019681931, 5.36051988602, 3.25263285637, 1.70188593864, 0.855656445026, 0.426548838615, 0.132630363107, 0.00985248666257, 0.000225907686399, 6.02812033321e-05],
        "min": [1.83410104881e-08, 1.64137389902e-07, 1.07069342903e-06, 1.13682344818e-05, 9.42280821619e-05, 0.000844913709443, 0.000331955496222, 0.000925118743908, 0.00733629381284, 0.0568559803069, 0.0491600967944, 0.0105021623895, 0.00517248222604, 0.0165110956877, 0.0187776256353, 0.0372970253229, 0.0205187890679, 0.00823036208749, 0.00796696078032, 0.0323907770216, 0.00938410125673, 0.00681168353185, 0.00556264026091, 0.00919977482408, 0.00972478743643, 0.00359686696902, 0.00869834050536, 0.00303051387891, 0.00345672457479, 0.00191783171613, 0.00127127498854, 0.00365536217578, 0.000726670725271, 0.000624612555839, 0.000179006121471, 3.54914591298e-05, 3.91965613744e-06, 1.60190495535e-07, 9.41882021266e-08, 1.59078282991e-07],
        "var": [0.537608623505, 22.6778964996, 162.280929565, 301.921844482, 87.2361297607, 208.384597778, 233.188751221, 188.973220825, 361.992614746, 989.647155762, 1710.48974609, 1628.57250977, 1717.30297852, 2822.92431641, 3639.45556641, 3375.86499023, 9050.95898438, 4147.19140625, 2490.39575195, 539.038818359, 885.646972656, 2027.75427246, 815.855102539, 939.995056152, 1071.69116211, 693.862243652, 365.078369141, 288.055999756, 352.003417969, 354.065856934, 555.786804199, 548.045227051, 243.412780762, 57.787399292, 11.3900518417, 2.90694642067, 0.597581267357, 0.0109668057412, 3.24904476656e-06, 1.10039710677e-08]
    },
    "gfcc": {
        "mean": [33.4296798706, 56.4785079956, -95.330116272, 38.6531982422, -58.7101020813, 31.074596405, -38.7554321289, 17.6615772247, -26.0829982758, 12.6623106003, -13.4956665039, 4.01722049713, -14.4800186157],
        "cov": [[4400.69335938, 6.91213274002, 544.399658203, 594.978637695, 382.617523193, 358.63571167, 308.644744873, 161.208862305, -32.2227210999, 27.131570816, -60.874961853, 145.165084839, -87.5917816162], [6.91213274002, 1018.15606689, 132.449462891, 118.23841095, 270.0390625, 172.172103882, 325.272918701, 63.7273712158, 82.4906539917, 10.6610870361, 83.9665527344, 28.5554218292, 90.5856323242], [544.399658203, 132.449462891, 933.64050293, 365.268829346, 222.608001709, 98.6501159668, 46.5861320496, 95.0465698242, 20.8047981262, 31.5729827881, -32.2999954224, 65.3177108765, -28.885017395], [594.978637695, 118.23841095, 365.268829346, 474.453643799, 214.452789307, 101.223701477, 70.3756790161, 75.0676803589, 62.7083854675, 1.06242871284, 3.25419378281, 22.8247489929, 50.8885688782], [382.617523193, 270.0390625, 222.608001709, 214.452789307, 358.152893066, 168.408538818, 178.615921021, 76.1270675659, 56.011302948, 21.4746894836, 13.5647783279, 56.4113578796, 19.9278774261], [358.63571167, 172.172103882, 98.6501159668, 101.223701477, 168.408538818, 318.619476318, 249.525039673, 71.8126068115, 35.4578971863, -1.45127642155, 51.0802879333, 18.8213882446, 16.5334758759], [308.644744873, 325.272918701, 46.5861320496, 70.3756790161, 178.615921021, 249.525039673, 384.486846924, 100.701133728, 35.8222122192, -17.2522296906, 56.0175704956, 59.5632247925, 22.8303451538], [161.208862305, 63.7273712158, 95.0465698242, 75.0676803589, 76.1270675659, 71.8126068115, 100.701133728, 147.055969238, 64.1445083618, 19.5148162842, 5.50975942612, 6.76641178131, 22.6911220551], [-32.2227210999, 82.4906539917, 20.8047981262, 62.7083854675, 56.011302948, 35.4578971863, 35.8222122192, 64.1445083618, 142.653579712, 50.2695999146, 10.5960474014, -7.17104673386, 21.1802749634], [27.131570816, 10.6610870361, 31.5729827881, 1.06242871284, 21.4746894836, -1.45127642155, -17.2522296906, 19.5148162842, 50.2695999146, 104.569259644, 20.0792484283, -11.4580221176, 1.40437185764], [-60.874961853, 83.9665527344, -32.2999954224, 3.25419378281, 13.5647783279, 51.0802879333, 56.0175704956, 5.50975942612, 10.5960474014, 20.0792484283, 89.2587203979, 15.7722225189, 17.5360603333], [145.165084839, 28.5554218292, 65.3177108765, 22.8247489929, 56.4113578796, 18.8213882446, 59.5632247925, 6.76641178131, -7.17104673386, -11.4580221176, 15.7722225189, 116.619132996, 24.1262283325], [-87.5917816162, 90.5856323242, -28.885017395, 50.8885688782, 19.9278774261, 16.5334758759, 22.8303451538, 22.6911220551, 21.1802749634, 1.40437185764, 17.5360603333, 24.1262283325, 103.993942261]],
        "icov": [[0.00039028012543, -6.4888590714e-05, 0.000210890502785, -0.000708390551154, 0.000200018330361, -0.000483936746605, 4.26432197855e-05, -0.000376049691113, 0.000619788072072, -0.000652104441542, 0.000715349044185, -0.000764727534261, 0.000841131841298], [-6.4888590714e-05, 0.00210713781416, -0.000704018224496, 0.000852692290209, -0.00147539458703, 0.00149439077359, -0.00229019718245, 0.00147308933083, -0.00109551451169, 0.000754703592975, -0.00154953694437, 0.00203590025194, -0.0022745213937], [0.000210890502785, -0.000704018224496, 0.00235502305441, -0.00213935249485, 0.000429423671449, -0.00125162443146, 0.00134228344541, -0.00171228160616, 0.0015502263559, -0.00161785027012, 0.00173673522659, -0.00243224995211, 0.00266504031606], [-0.000708390551154, 0.000852692290209, -0.00213935249485, 0.00596511736512, -0.00278822588734, 0.00136727059726, -0.000362079590559, 0.00118203181773, -0.00275575509295, 0.00324801378883, -0.00259052519687, 0.0033886693418, -0.00454605231062], [0.000200018330361, -0.00147539458703, 0.000429423671449, -0.00278822588734, 0.00685189245269, -0.00266198813915, 0.000207133605727, -0.00106979208067, 0.000561603228562, -0.00245728273876, 0.00283104507253, -0.00362155539915, 0.00251708365977], [-0.000483936746605, 0.00149439077359, -0.00125162443146, 0.00136727059726, -0.00266198813915, 0.00911928713322, -0.00585327856243, 0.001777038211, -0.00162716384511, 0.00179248908535, -0.00394589221105, 0.00457299174741, -0.00285684340633], [4.26432197855e-05, -0.00229019718245, 0.00134228344541, -0.000362079590559, 0.000207133605727, -0.00585327856243, 0.00977613497525, -0.00463442504406, 0.0012425405439, 0.00105039426126, -4.88788828079e-05, -0.00451327022165, 0.00312479399145], [-0.000376049691113, 0.00147308933083, -0.00171228160616, 0.00118203181773, -0.00106979208067, 0.001777038211, -0.00463442504406, 0.0125919925049, -0.00510086631402, 0.000516292057, -0.000313301628921, 0.00334056699648, -0.00415180064738], [0.000619788072072, -0.00109551451169, 0.0015502263559, -0.00275575509295, 0.000561603228562, -0.00162716384511, 0.0012425405439, -0.00510086631402, 0.0125920102, -0.00618319399655, 0.0023447999265, -0.00169503921643, 0.00176343391649], [-0.000652104441542, 0.000754703592975, -0.00161785027012, 0.00324801378883, -0.00245728273876, 0.00179248908535, 0.00105039426126, 0.000516292057, -0.00618319399655, 0.0152922598645, -0.00612494954839, 0.00362752424553, -0.00215870002285], [0.000715349044185, -0.00154953694437, 0.00173673522659, -0.00259052519687, 0.00283104507253, -0.00394589221105, -4.88788828079e-05, -0.000313301628921, 0.0023447999265, -0.00612494954839, 0.0173744242638, -0.00481686601415, 0.00165911542717], [-0.000764727534261, 0.00203590025194, -0.00243224995211, 0.0033886693418, -0.00362155539915, 0.00457299174741, -0.00451327022165, 0.00334056699648, -0.00169503921643, 0.00362752424553, -0.00481686601415, 0.0151915466413, -0.00693834060803], [0.000841131841298, -0.0022745213937, 0.00266504031606, -0.00454605231062, 0.00251708365977, -0.00285684340633, 0.00312479399145, -0.00415180064738, 0.00176343391649, -0.00215870002285, 0.00165911542717, -0.00693834060803, 0.0164621379226]]
    },
    "melbands": {
        "dmean": [0.00238288124092, 0.00196837633848, 0.00108868489042, 0.000431790074799, 0.000236922263866, 0.000143676428706, 0.000134011774207, 0.000132289293106, 0.000114633548947, 8.49950956763e-05, 6.31938019069e-05, 5.57261446374e-05, 5.33208512934e-05, 4.78672482132e-05, 5.06765318278e-05, 5.0736234698e-05, 4.33278692071e-05, 3.15131655952e-05, 1.69452287082e-05, 1.79637008841e-05, 1.77263664227e-05, 2.17452870857e-05, 1.63346849149e-05, 1.20767626868e-05, 1.23744875964e-05, 1.41277268995e-05, 1.12953075586e-05, 7.64406468079e-06, 6.05857576375e-06, 5.03336514157e-06, 4.46620060757e-06, 4.38055667473e-06, 4.44783063358e-06, 4.57096393802e-06, 4.71764769827e-06, 5.25226414538e-06, 5.35073695573e-06, 4.31588523497e-06, 3.18999855153e-06, 2.80247149931e-06],
        "dmean2": [0.00385215342976, 0.00313127809204, 0.00188457441982, 0.000732304586563, 0.000374941737391, 0.000232813486946, 0.000227881319006, 0.000201811330044, 0.000179311071406, 0.00013201974798, 9.60403122008e-05, 8.02435752121e-05, 7.61387127568e-05, 7.1428839874e-05, 7.46275254642e-05, 7.47555386624e-05, 6.34522584733e-05, 4.79026784888e-05, 2.63004749286e-05, 2.93528264592e-05, 3.01260697597e-05, 3.81833378924e-05, 2.69384108833e-05, 2.00321883312e-05, 2.05895830732e-05, 2.3088645321e-05, 1.87144560186e-05, 1.2131227777e-05, 9.50634967012e-06, 7.75645003159e-06, 6.81962637827e-06, 6.64465596856e-06, 6.80052971802e-06, 6.91161085342e-06, 7.36487027098e-06, 7.81639664638e-06, 8.116007848e-06, 6.76190484228e-06, 4.84769952891e-06, 4.36689424532e-06],
        "dvar": [1.37678653118e-05, 2.20290203288e-05, 9.60655961535e-06, 7.28895486191e-07, 1.54399970143e-07, 7.24080848613e-08, 8.54166728459e-08, 5.41375442253e-08, 5.32615871407e-08, 3.58377043597e-08, 2.34789272469e-08, 1.6963504379e-08, 1.42499150257e-08, 1.40747786759e-08, 1.2108353431e-08, 1.04241690835e-08, 6.81753409282e-09, 3.72812980487e-09, 8.67919902614e-10, 1.5411758536e-09, 1.55135426727e-09, 4.12148848383e-09, 1.30429222978e-09, 6.12175921066e-10, 7.54065088149e-10, 5.97289329107e-10, 5.324335417e-10, 2.59406274239e-10, 1.19157919642e-10, 9.85292472611e-11, 6.53653867144e-11, 7.4249356663e-11, 7.55638329686e-11, 6.89570484047e-11, 1.35478517294e-10, 1.60369634239e-10, 1.30173524737e-10, 1.14923466576e-10, 3.64533715713e-11, 2.38129290592e-11],
        "dvar2": [4.03275516874e-05, 4.2009196477e-05, 2.54475107795e-05, 1.9693586637e-06, 3.61966897344e-07, 1.7600363833e-07, 2.29175526556e-07, 1.17961612034e-07, 1.18123182347e-07, 8.55668815802e-08, 5.44527658519e-08, 3.59912597503e-08, 2.58144687848e-08, 3.23900444243e-08, 2.36413892907e-08, 2.07757508974e-08, 1.44577221306e-08, 7.65645413736e-09, 1.98989402733e-09, 3.7684459997e-09, 4.01909794334e-09, 1.17363816443e-08, 3.51680329302e-09, 1.54405888075e-09, 1.9411883212e-09, 1.54700152688e-09, 1.37657063526e-09, 6.36603214588e-10, 2.66459521114e-10, 2.38323055735e-10, 1.37276814915e-10, 1.64295854699e-10, 1.53787524382e-10, 1.33916849832e-10, 2.92985830042e-10, 3.28096744218e-10, 2.69856192947e-10, 2.65933358667e-10, 7.40185759907e-11, 5.37091066066e-11],
        "max": [0.0325847417116, 0.0414236932993, 0.0232544988394, 0.00929391011596, 0.00523332040757, 0.00429071811959, 0.00333775114268, 0.00415041809902, 0.00290197459981, 0.00198559672572, 0.00208690040745, 0.00212329346687, 0.00190481648315, 0.00183992600068, 0.00165016157553, 0.00165790331084, 0.0012000472052, 0.000804064271506, 0.00032417246257, 0.000473323656479, 0.000400383607484, 0.000757452915423, 0.000395506911445, 0.000249137287028, 0.000508167257067, 0.000201382237719, 0.000335504242685, 0.000158132490469, 0.000105851351691, 0.000110651752038, 8.07046380942e-05, 0.000177401248948, 0.000156330614118, 0.00012416492973, 0.000232966573094, 0.000250949378824, 0.000207543489523, 0.000221082911594, 0.000130496453494, 5.78483486606e-05],
        "mean": [0.00620277225971, 0.00341013027355, 0.00109266524669, 0.000562842644285, 0.00037964884541, 0.000195034299395, 0.000170861050719, 0.000210622602026, 0.000177086549229, 0.000127770457766, 0.000100073535577, 0.000102869351394, 9.1190195235e-05, 7.04689955455e-05, 8.39453714434e-05, 9.17167417356e-05, 7.36973524909e-05, 4.89774138259e-05, 2.37096628553e-05, 2.11409042095e-05, 1.93500436581e-05, 2.16802327486e-05, 1.89837010112e-05, 1.34929368869e-05, 1.41732070915e-05, 1.82602379937e-05, 1.412094025e-05, 9.97421375359e-06, 8.16266037873e-06, 6.68441043672e-06, 6.58542967358e-06, 6.4899049903e-06, 6.016946827e-06, 6.19114507572e-06, 6.19255160927e-06, 7.13727467883e-06, 7.56074450692e-06, 5.69875146539e-06, 4.20302103521e-06, 3.53624909621e-06],
        "median": [0.00515408907086, 0.00148551142775, 0.000454840337625, 0.000278673571302, 0.000176586370799, 9.73907590378e-05, 6.40996004222e-05, 8.97673089639e-05, 6.78028300172e-05, 3.87567743019e-05, 3.11760995828e-05, 2.273724931e-05, 2.57676547335e-05, 1.99525366043e-05, 2.40419230977e-05, 2.29304496315e-05, 2.04576499527e-05, 1.61548814503e-05, 8.94432196219e-06, 7.32512535251e-06, 7.65851109463e-06, 7.62263698562e-06, 6.81759956933e-06, 4.6388076953e-06, 5.35658864464e-06, 7.54707662054e-06, 6.35980768493e-06, 4.58123076896e-06, 3.8723023863e-06, 2.9929133234e-06, 3.08185371978e-06, 3.16648015541e-06, 2.64626532953e-06, 2.5182328045e-06, 2.43213935391e-06, 2.97817564388e-06, 3.34914511768e-06, 2.40361305259e-06, 1.50761468376e-06, 1.34886283831e-06],
        "min": [2.28956492654e-10, 2.70774097588e-10, 1.03836572674e-09, 4.21708605813e-08, 1.71030052343e-08, 4.31030411363e-09, 7.16497297049e-08, 5.03970397858e-07, 8.83339978941e-08, 2.45003626276e-08, 2.42455424626e-08, 4.70760568305e-08, 4.17606429437e-08, 5.89714836963e-08, 6.78522056319e-08, 2.48391849311e-08, 9.79762759812e-09, 1.02296766613e-08, 3.03320177863e-08, 3.3245044051e-08, 7.63624186106e-09, 6.68305588647e-09, 3.38502648134e-09, 2.34426766887e-09, 3.79824216523e-09, 6.26399332404e-09, 4.08273148622e-09, 1.58774893233e-09, 5.22587262353e-09, 3.21203352804e-09, 8.75572392367e-10, 1.39019162848e-09, 1.30311594848e-09, 4.70749883519e-10, 1.9346257929e-10, 8.24583068493e-10, 2.17429785287e-09, 2.71588668221e-10, 2.23592089288e-10, 4.39474040492e-10],
