{
"highlevel": {
    "danceability": {
        "all": {
            "danceable": 0.952545523643,
            "not_danceable": 0.047454494983
        },
        "probability": 0.952545523643,
        "value": "danceable"
    },
    "gender": {
        "all": {
            "female": 0.0210507363081,
            "male": 0.978949248791
        },
        "probability": 0.978949248791,
        "value": "male"
    },
    "genre_dortmund": {
        "all": {
            "alternative": 0.0254674293101,
            "blues": 0.0192361995578,
            "electronic": 0.109420776367,
            "folkcountry": 0.0242283903062,
            "funksoulrnb": 0.0310267787427,
            "jazz": 0.314775288105,
            "pop": 0.0215370710939,
            "raphiphop": 0.400758266449,
            "rock": 0.0535498037934
        },
        "probability": 0.400758266449,
        "value": "raphiphop"
    },
    "genre_electronic": {
        "all": {
            "ambient": 0.400298297405,
            "dnb": 0.065750002861,
            "house": 0.273396611214,
            "techno": 0.0230098627508,
            "trance": 0.237545236945
        },
        "probability": 0.400298297405,
        "value": "ambient"
    },
    "genre_rosamerica": {
        "all": {
            "cla": 0.0480313487351,
            "dan": 0.147024258971,
            "hip": 0.302176117897,
            "jaz": 0.0508309081197,
            "pop": 0.16432569921,
            "rhy": 0.175960063934,
            "roc": 0.0602458044887,
            "spe": 0.0514058023691
        },
        "probability": 0.302176117897,
        "value": "hip"
    },
    "genre_tzanetakis": {
        "all": {
            "blu": 0.0605663768947,
            "cla": 0.0336414501071,
            "cou": 0.075687803328,
            "dis": 0.0605419129133,
            "hip": 0.151341602206,
            "jaz": 0.151314869523,
            "met": 0.0432291142642,
            "pop": 0.0605219639838,
            "reg": 0.0605241544545,
            "roc": 0.302630752325
        },
        "probability": 0.302630752325,
        "value": "roc"
    },
    "ismir04_rhythm": {
        "all": {
            "ChaChaCha": 0.0273340623826,
            "Jive": 0.049002841115,
            "Quickstep": 0.112404383719,
            "Rumba-American": 0.0081775886938,
            "Rumba-International": 0.0231604520231,
            "Rumba-Misc": 0.00808303616941,
            "Samba": 0.753812015057,
            "Tango": 0.00743418233469,
            "VienneseWaltz": 0.00771588878706,
            "Waltz": 0.00287553993985
        },
        "probability": 0.753812015057,
        "value": "Samba"
    },
    "mood_acoustic": {
        "all": {
            "acoustic": 0.146855071187,
            "not_acoustic": 0.853144943714
        },
        "probability": 0.853144943714,
        "value": "not_acoustic"
    },
    "mood_aggressive": {
        "all": {
            "aggressive": 0.1090509817,
            "not_aggressive": 0.890949010849
        },
        "probability": 0.890949010849,
        "value": "not_aggressive"
    },
    "mood_electronic": {
        "all": {
            "electronic": 0.911903202534,
            "not_electronic": 0.088096767664
        },
        "probability": 0.911903202534,
        "value": "electronic"
    },
    "mood_happy": {
        "all": {
            "happy": 0.824292600155,
            "not_happy": 0.175707384944
        },
        "probability": 0.824292600155,
        "value": "happy"
    },
    "mood_party": {
        "all": {
            "not_party": 0.471299856901,
            "party": 0.528700113297
        },
        "probability": 0.528700113297,
        "value": "party"
    },
    "mood_relaxed": {
        "all": {
            "not_relaxed": 0.690573513508,
            "relaxed": 0.309426516294
        },
        "probability": 0.690573513508,
        "value": "not_relaxed"
    },
    "mood_sad": {
        "all": {
            "not_sad": 0.769533216953,
            "sad": 0.230466797948
        },
        "probability": 0.769533216953,
        "value": "not_sad"
    },
    "moods_mirex": {
        "all": {
            "Cluster1": 0.349979251623,
            "Cluster2": 0.17828643322,
            "Cluster3": 0.0527630634606,
            "Cluster4": 0.153475672007,
            "Cluster5": 0.265495598316
        },
        "probability": 0.349979251623,
        "value": "Cluster1"
    },
    "timbre": {
        "all": {
            "bright": 0.843438088894,
            "dark": 0.156561926007
        },
        "probability": 0.843438088894,
        "value": "bright"
    },
    "tonal_atonal": {
        "all": {
            "atonal": 0.0217970274389,
            "tonal": 0.978202998638
        },
        "probability": 0.978202998638,
        "value": "tonal"
    },
    "voice_instrumental": {
        "all": {
            "instrumental": 0.401929616928,
            "voice": 0.598070383072
        },
        "probability": 0.598070383072,
        "value": "voice"
    }
},
"lowlevel": {
    "average_loudness": 0.977412283421,
    "barkbands_crest": {
        "dmean": 3.53759503365,
        "dmean2": 5.63179397583,
        "dvar": 9.09501647949,
        "dvar2": 21.4065666199,
        "max": 22.8385620117,
        "mean": 10.6909351349,
        "median": 9.70574378967,
        "min": 2.67336010933,
        "var": 16.6506690979
    },
    "barkbands_flatness_db": {
        "dmean": 0.0291266832501,
        "dmean2": 0.0444376580417,
        "dvar": 0.000657147960737,
        "dvar2": 0.0014921851689,
        "max": 0.353734463453,
        "mean": 0.154398486018,
        "median": 0.151495113969,
        "min": 0.0463161543012,
        "var": 0.00186064490117
    },
    "barkbands_kurtosis": {
        "dmean": 3.91832089424,
        "dmean2": 6.18287611008,
        "dvar": 26.584438324,
        "dvar2": 64.6390609741,
        "max": 67.8941116333,
        "mean": 5.21533250809,
        "median": 3.51526975632,
        "min": -1.95860767365,
        "var": 43.2013473511
    },
    "barkbands_skewness": {
        "dmean": 0.733396708965,
        "dmean2": 1.10378921032,
        "dvar": 0.532426297665,
        "dvar2": 1.17740726471,
        "max": 6.53446769714,
        "mean": 1.83350253105,
        "median": 1.71241092682,
        "min": -4.46101045609,
        "var": 1.13253438473
    },
    "barkbands_spread": {
        "dmean": 7.76440286636,
        "dmean2": 11.977013588,
        "dvar": 73.4077682495,
        "dvar2": 158.25630188,
        "max": 115.194854736,
        "mean": 21.4024200439,
        "median": 18.4288311005,
        "min": 1.55130696297,
        "var": 177.326660156
    },
    "dissonance": {
        "dmean": 0.0263174846768,
        "dmean2": 0.0440591163933,
        "dvar": 0.000573162804358,
        "dvar2": 0.00148375029676,
        "max": 0.499326497316,
        "mean": 0.4550986588,
        "median": 0.462311506271,
        "min": 0.281822681427,
        "var": 0.0010929191485
    },
    "dynamic_complexity": 2.35233569145,
    "erbbands_crest": {
        "dmean": 3.79296684265,
        "dmean2": 6.24842023849,
        "dvar": 12.3129463196,
        "dvar2": 30.4448432922,
        "max": 29.1990280151,
        "mean": 9.71109294891,
        "median": 8.39236354828,
        "min": 2.73945617676,
        "var": 21.9391670227
    },
    "erbbands_flatness_db": {
        "dmean": 0.0271846391261,
        "dmean2": 0.039611350745,
        "dvar": 0.000556820945349,
        "dvar2": 0.00106732337736,
        "max": 0.307826578617,
        "mean": 0.161453172565,
        "median": 0.158159464598,
        "min": 0.0695944726467,
        "var": 0.00195984821767
    },
    "erbbands_kurtosis": {
        "dmean": 1.67759299278,
        "dmean2": 2.78840756416,
        "dvar": 5.21016740799,
        "dvar2": 13.2679204941,
        "max": 19.2757949829,
        "mean": 0.750207185745,
        "median": -0.0622129440308,
        "min": -1.78417479992,
        "var": 6.66432142258
    },
    "erbbands_skewness": {
        "dmean": 0.605070531368,
        "dmean2": 0.951889157295,
        "dvar": 0.36340290308,
        "dvar2": 0.84992402792,
        "max": 3.78778791428,
        "mean": 0.792972326279,
        "median": 0.792988955975,
        "min": -4.02277088165,
        "var": 0.761627793312
    },
    "erbbands_spread": {
        "dmean": 13.8369636536,
        "dmean2": 21.211730957,
        "dvar": 185.576904297,
        "dvar2": 416.069030762,
        "max": 144.105194092,
        "mean": 44.8333206177,
        "median": 41.082736969,
        "min": 8.17957687378,
        "var": 415.030792236
    },
    "hfc": {
        "dmean": 10.7985038757,
        "dmean2": 14.9438858032,
        "dvar": 189.261932373,
        "dvar2": 425.753967285,
        "max": 96.8843688965,
        "mean": 19.0922985077,
        "median": 13.1479187012,
        "min": 0.068375043571,
        "var": 323.791259766
    },
    "melbands_crest": {
        "dmean": 4.33162927628,
        "dmean2": 6.92911720276,
        "dvar": 13.3760004044,
        "dvar2": 34.9866600037,
        "max": 37.3479347229,
        "mean": 14.8719234467,
        "median": 14.0623779297,
        "min": 4.63610839844,
        "var": 30.9800643921
    },
    "melbands_flatness_db": {
        "dmean": 0.0340057089925,
        "dmean2": 0.0505763329566,
        "dvar": 0.00101817923132,
        "dvar2": 0.00220187404193,
        "max": 0.461419373751,
        "mean": 0.196647629142,
        "median": 0.193520382047,
        "min": 0.0442241467535,
        "var": 0.003154380247
    },
    "melbands_kurtosis": {
        "dmean": 10.8028497696,
        "dmean2": 16.8663139343,
        "dvar": 231.637023926,
        "dvar2": 511.166717529,
        "max": 165.548736572,
        "mean": 16.7326183319,
        "median": 10.6684398651,
        "min": -1.81959342957,
        "var": 350.357513428
    },
    "melbands_skewness": {
        "dmean": 1.10180342197,
        "dmean2": 1.65554881096,
        "dvar": 1.31824576855,
        "dvar2": 2.7268884182,
        "max": 10.0778045654,
        "mean": 2.92368388176,
        "median": 2.61096906662,
        "min": -1.35460615158,
        "var": 2.80308413506
    },
    "melbands_spread": {
        "dmean": 9.84980392456,
        "dmean2": 15.2961034775,
        "dvar": 277.080841064,
        "dvar2": 656.512390137,
        "max": 238.055786133,
        "mean": 21.2760829926,
        "median": 16.7688484192,
        "min": 1.30206429958,
        "var": 373.572235107
    },
    "pitch_salience": {
        "dmean": 0.0835408642888,
        "dmean2": 0.133930489421,
        "dvar": 0.0053400225006,
        "dvar2": 0.0136091271415,
        "max": 0.889541268349,
        "mean": 0.553492307663,
        "median": 0.558047890663,
        "min": 0.124993272126,
        "var": 0.012748753652
    },
    "silence_rate_20dB": {
        "dmean": 0,
        "dmean2": 0,
        "dvar": 0,
        "dvar2": 0,
        "max": 1,
        "mean": 1,
        "median": 1,
        "min": 1,
        "var": 0
    },
    "silence_rate_30dB": {
        "dmean": 0.0526315793395,
        "dmean2": 0.105344690382,
        "dvar": 0.0498611740768,
        "dvar2": 0.131427571177,
        "max": 1,
        "mean": 0.965970635414,
        "median": 1,
        "min": 0,
        "var": 0.0328716598451
    },
    "silence_rate_60dB": {
        "dmean": 0.0410216711462,
        "dmean2": 0.0813323035836,
        "dvar": 0.039338555187,
        "dvar2": 0.0917580649257,
        "max": 1,
        "mean": 0.040216550231,
        "median": 0,
        "min": 0,
        "var": 0.0385992452502
    },
    "spectral_centroid": {
        "dmean": 393.026245117,
        "dmean2": 615.125915527,
        "dvar": 199580.625,
        "dvar2": 464910.875,
        "max": 6193.3359375,
        "mean": 1287.19213867,
        "median": 1181.99035645,
        "min": 178.648620605,
        "var": 384919.5
    },
    "spectral_complexity": {
        "dmean": 5.94349861145,
        "dmean2": 8.34779262543,
        "dvar": 45.3241462708,
        "dvar2": 95.5720214844,
        "max": 51,
        "mean": 16.1809749603,
        "median": 14,
        "min": 0,
        "var": 89.5080718994
    },
    "spectral_decrease": {
        "dmean": 4.07371780753e-09,
        "dmean2": 5.5739830529e-09,
        "dvar": 3.33201188579e-17,
        "dvar2": 5.94625864e-17,
        "max": -1.90557500335e-11,
        "mean": -7.24572402078e-09,
        "median": -4.25137569593e-09,
        "min": -3.9084426362e-08,
        "var": 6.30879469712e-17
    },
    "spectral_energy": {
        "dmean": 0.0161496978253,
        "dmean2": 0.0220697522163,
        "dvar": 0.000512306054588,
        "dvar2": 0.00091489055194,
        "max": 0.152935862541,
        "mean": 0.0290787350386,
        "median": 0.017359636724,
        "min": 7.81225462561e-05,
        "var": 0.000975482398644
    },
    "spectral_energyband_high": {
        "dmean": 0.000670718669426,
        "dmean2": 0.000923217216041,
        "dvar": 9.91249407889e-07,
        "dvar2": 1.92298875845e-06,
        "max": 0.0083674211055,
        "mean": 0.00107347301673,
        "median": 0.000551095232368,
        "min": 2.44500188273e-06,
        "var": 1.88576416349e-06
    },
    "spectral_energyband_low": {
        "dmean": 0.00643026130274,
        "dmean2": 0.00887834560126,
        "dvar": 0.000240293768002,
        "dvar2": 0.000382712023566,
        "max": 0.128073230386,
        "mean": 0.0106802573428,
        "median": 0.00374224875122,
        "min": 1.02454669104e-06,
        "var": 0.000423945515649
    },
    "spectral_energyband_middle_high": {
        "dmean": 0.00203535892069,
        "dmean2": 0.00316500803456,
        "dvar": 7.62234549256e-06,
        "dvar2": 1.94621243281e-05,
        "max": 0.0206050798297,
        "mean": 0.00307779200375,
        "median": 0.00196550320834,
        "min": 1.57416689035e-05,
        "var": 1.01979139799e-05
    },
    "spectral_energyband_middle_low": {
        "dmean": 0.01059329696,
        "dmean2": 0.0156575050205,
        "dvar": 0.000206510114367,
        "dvar2": 0.000437078269897,
        "max": 0.107174888253,
        "mean": 0.0156853888184,
        "median": 0.00856822077185,
        "min": 5.90299569012e-05,
        "var": 0.00033325602999
    },
    "spectral_entropy": {
        "dmean": 0.196067214012,
        "dmean2": 0.292858064175,
        "dvar": 0.03866603598,
        "dvar2": 0.0722052380443,
        "max": 8.62980937958,
        "mean": 7.62319135666,
        "median": 7.65544986725,
        "min": 5.86432027817,
        "var": 0.11898162961
    },
    "spectral_flux": {
        "dmean": 0.0399430915713,
        "dmean2": 0.0639122575521,
        "dvar": 0.0022117625922,
        "dvar2": 0.00465470738709,
        "max": 0.345568686724,
        "mean": 0.102557815611,
        "median": 0.0838211551309,
        "min": 0.0102820601314,
        "var": 0.00421007117257
    },
    "spectral_kurtosis": {
        "dmean": 1.41628623009,
        "dmean2": 2.30512404442,
        "dvar": 2.06929039955,
        "dvar2": 4.88619232178,
        "max": 19.2111358643,
        "mean": 2.44694185257,
        "median": 2.02826976776,
        "min": -1.16638684273,
        "var": 4.11846494675
    },
    "spectral_rms": {
        "dmean": 0.00138675037306,
        "dmean2": 0.00183795334306,
        "dvar": 2.44509215008e-06,
        "dvar2": 4.16028115069e-06,
        "max": 0.0122149791569,
        "mean": 0.004725611303,
        "median": 0.00411536497995,
        "min": 0.000276074482827,
        "var": 6.03813259659e-06
    },
    "spectral_rolloff": {
        "dmean": 689.947143555,
        "dmean2": 1128.85095215,
        "dvar": 1307201.625,
        "dvar2": 2629373.25,
        "max": 10680.46875,
        "mean": 1271.05786133,
        "median": 753.662109375,
        "min": 43.06640625,
        "var": 2212614.75
    },
    "spectral_skewness": {
        "dmean": 0.272706210613,
        "dmean2": 0.411080151796,
        "dvar": 0.0558275990188,
        "dvar2": 0.113624900579,
        "max": 3.5324318409,
        "mean": 1.21290028095,
        "median": 1.17949140072,
        "min": -0.214243471622,
        "var": 0.177812576294
    },
    "spectral_spread": {
        "dmean": 722709.375,
        "dmean2": 1072141.75,
        "dvar": 657522229248,
        "dvar2": 1.3574078464e+12,
        "max": 13019297,
        "mean": 4914658.5,
        "median": 4644392.5,
        "min": 2426816.5,
        "var": 1.58106084966e+12
    },
    "spectral_strongpeak": {
        "dmean": 0.543432354927,
        "dmean2": 0.901198863983,
        "dvar": 0.426309227943,
        "dvar2": 1.05750310421,
        "max": 5.95449352264,
        "mean": 0.791325747967,
        "median": 0.495967358351,
        "min": 0,
        "var": 0.641418576241
    },
    "zerocrossingrate": {
        "dmean": 0.0137724038213,
        "dmean2": 0.0157955773175,
        "dvar": 0.00031689813477,
        "dvar2": 0.000364744337276,
        "max": 0.36328125,
        "mean": 0.0614320486784,
        "median": 0.05419921875,
        "min": 0.0078125,
        "var": 0.00135805294849
    },
    "barkbands": {
        "dmean": [0.000262829038547, 0.00501171592623, 0.00195254792925, 0.00238176109269, 0.00467399414629, 0.00151078717317, 0.00106259668246, 0.00223808642477, 0.00188273412641, 0.000792475882918, 0.000244966504397, 0.000282341003185, 0.000230349833146, 0.000206074299058, 0.000153355940711, 0.00024353673507, 0.000198524896405, 0.000215447493247, 0.000214818603126, 0.000196360764676, 0.000127207895275, 0.000194060150534, 0.000142027492984, 0.000120098724437, 7.68768513808e-05, 5.13282138854e-05, 3.05530640787e-08],
        "dmean2": [0.000392044777982, 0.00742554012686, 0.00345920282416, 0.00343349599279, 0.00743800075725, 0.00235553691164, 0.00176040222868, 0.00365724205039, 0.00309770763852, 0.00128866557498, 0.000388174172258, 0.000453758024378, 0.000362703576684, 0.000327779504005, 0.000244994385866, 0.000421560805989, 0.000349666370312, 0.000379680481274, 0.000350814574631, 0.000318751728628, 0.000185901109944, 0.000278312480077, 0.000199590314878, 0.000180291826837, 0.000116188391985, 8.19524866529e-05, 5.32661736941e-08],
        "dvar": [3.87577642869e-07, 0.000181964336662, 3.91484900319e-05, 3.57155986421e-05, 8.83461761987e-05, 1.09780976345e-05, 5.72284943701e-06, 2.15656400542e-05, 8.00584439276e-06, 3.04899299408e-06, 1.94150814536e-07, 2.77761472489e-07, 1.74149604959e-07, 9.2958451603e-08, 3.65814720737e-08, 3.12204264219e-07, 2.34706305946e-07, 3.07651163212e-07, 1.39521034725e-07, 9.46139877556e-08, 4.10593727906e-08, 6.91359360872e-08, 5.30460511072e-08, 7.60191483096e-08, 3.14165617965e-08, 1.56605590718e-08, 1.48717352316e-14],
        "dvar2": [8.30188071177e-07, 0.000332818803145, 0.000109494576463, 6.52315429761e-05, 0.000201042581466, 2.21588688873e-05, 1.41605542012e-05, 5.13736922585e-05, 2.02690225706e-05, 7.63313073548e-06, 4.73369624387e-07, 6.86143323492e-07, 3.99139366891e-07, 2.2174458536e-07, 8.37493558947e-08, 8.77736454186e-07, 6.64752974444e-07, 8.89586544872e-07, 3.69652013887e-07, 2.49633643534e-07, 9.44999669628e-08, 1.46144586211e-07, 9.91226443148e-08, 1.51352168132e-07, 6.78265053011e-08, 3.77849858069e-08, 3.88002415028e-14],
        "max": [0.00812784209847, 0.110760957003, 0.0465341955423, 0.0757886469364, 0.0733452215791, 0.0287863612175, 0.025654759258, 0.0622724369168, 0.0295433159918, 0.0189278125763, 0.00497301248834, 0.00496141286567, 0.00570770539343, 0.00347900670022, 0.00157348171342, 0.00455590942875, 0.00479022553191, 0.00444263080135, 0.00299078482203, 0.00247515994124, 0.00195668125525, 0.00300800334662, 0.00213642464951, 0.00308670592494, 0.00316175608896, 0.00152255466674, 1.6418487121e-06],
        "mean": [0.000474215514259, 0.00696983933449, 0.00192160473671, 0.00298463949002, 0.0047021470964, 0.00192450475879, 0.00122304656543, 0.00246604718268, 0.00211116066203, 0.00084847281687, 0.000283121422399, 0.000320841674693, 0.000257575506112, 0.000268422270892, 0.000201152637601, 0.000264831003733, 0.000196360910195, 0.000193792904611, 0.000245166913373, 0.000255652790656, 0.000169638835359, 0.000306695495965, 0.000212564773392, 0.00015492340026, 7.77424284024e-05, 4.45849254902e-05, 2.08150989778e-08],
        "median": [5.88731854805e-05, 0.00174730864819, 0.000355704774847, 0.000368836161215, 0.00132938229945, 0.000557102204766, 0.000315548037179, 0.000708327221218, 0.000908494810574, 0.00026735078427, 8.79208600963e-05, 0.000108827473014, 8.33805170259e-05, 0.000125209757243, 0.000107076666609, 0.000122206445667, 7.54962311476e-05, 4.88691148348e-05, 0.000115237409773, 0.000125177917653, 7.93915460235e-05, 0.000179389040568, 8.25183669804e-05, 3.44295549439e-05, 1.04170594568e-05, 2.39756650444e-06, 3.9461053869e-10],
        "min": [5.65185731549e-10, 3.55965141807e-08, 6.27777865247e-08, 7.24618800518e-08, 4.83259373141e-06, 1.76621506398e-06, 2.58306999967e-06, 6.58338512949e-06, 3.50308164343e-06, 2.50079824582e-06, 4.64592460503e-07, 1.08229573925e-06, 6.52351616282e-07, 6.17948217041e-07, 4.75939572198e-07, 2.34453054304e-07, 3.68241103388e-07, 6.18051601009e-08, 8.23166601549e-07, 4.32222464042e-07, 3.94718739472e-07, 6.29619023584e-07, 2.64948113227e-07, 1.3067270288e-07, 6.73665984108e-11, 7.45068590158e-12, 9.60218970308e-12],
        "var": [8.03841203378e-07, 0.000246674782829, 2.67395753326e-05, 6.43718594802e-05, 9.11377574084e-05, 1.57014310389e-05, 6.71124462315e-06, 2.84141115117e-05, 9.56455278356e-06, 3.10559425998e-06, 2.59053564378e-07, 3.56237819688e-07, 2.15199861486e-07, 1.33527080948e-07, 5.72480729488e-08, 2.29688481568e-07, 1.60654053616e-07, 2.02625614065e-07, 1.32566128741e-07, 1.18666797277e-07, 5.5479340233e-08, 1.32063178171e-07, 1.09250656521e-07, 1.26704421177e-07, 3.92725887366e-08, 1.52260284381e-08, 1.01858168303e-14]
    },
    "erbbands": {
        "dmean": [0.174430191517, 1.08763670921, 2.13438630104, 4.76407623291, 12.5566234589, 16.0850906372, 11.5604047775, 14.2627134323, 13.321103096, 28.1639022827, 47.5094490051, 45.7784690857, 29.3090591431, 17.4077949524, 9.82998657227, 10.3287239075, 10.3105325699, 9.27354049683, 9.58374977112, 8.51132774353, 13.8250637054, 11.1788301468, 12.3795080185, 9.68482875824, 11.7659254074, 8.86760807037, 5.52578496933, 5.42883443832, 7.66046333313, 4.87518548965, 4.20193815231, 3.01172733307, 1.89561414719, 1.03589606285, 0.514670789242, 0.246960386634, 0.0810736864805, 0.0104845864698, 0.00018615584122, 2.53516882367e-05],
        "dmean2": [0.2663410604, 1.58889627457, 3.6196243763, 6.7863240242, 19.9224681854, 24.6889438629, 18.4726657867, 22.4008579254, 22.3771247864, 46.7134628296, 76.3457565308, 75.2061157227, 47.7433128357, 27.5238342285, 15.4168958664, 16.5163784027, 16.0757484436, 14.4042015076, 15.536438942, 13.4342002869, 24.1685276031, 19.6669902802, 22.1311588287, 15.7765312195, 19.5508880615, 13.9567556381, 8.49978256226, 7.96099042892, 11.2828454971, 7.01556015015, 5.94646930695, 4.58540630341, 2.78988575935, 1.59478974342, 0.776671886444, 0.387931019068, 0.134486556053, 0.0180207416415, 0.000308773276629, 3.52341776306e-05],
        "dvar": [0.218442559242, 8.90041446686, 44.6481285095, 126.641746521, 918.919616699, 1465.91101074, 664.634460449, 1103.3104248, 1041.34887695, 3249.77124023, 9388.91992188, 5445.63574219, 4240.30029297, 1097.79870605, 264.240234375, 356.072235107, 338.988342285, 190.75680542, 188.191192627, 167.531799316, 1155.90161133, 711.846984863, 1129.16809082, 410.040252686, 338.438079834, 195.539215088, 102.232826233, 69.5393295288, 119.959327698, 42.3920478821, 54.60729599, 47.4092979431, 17.826007843, 6.55750703812, 1.17042863369, 0.293897390366, 0.0446604713798, 0.00142708234489, 3.53382262119e-07, 1.54035917355e-09],
        "dvar2": [0.427342146635, 17.5155334473, 122.261474609, 223.613601685, 2121.3972168, 2981.52001953, 1437.35571289, 2266.68774414, 2647.88500977, 7952.38427734, 21760.3320312, 13567.3632812, 11076.6308594, 2526.67211914, 682.875915527, 889.170898438, 768.198425293, 432.409942627, 455.430053711, 420.763031006, 3289.1887207, 2003.9128418, 3278.60351562, 1101.43652344, 906.531005859, 505.889862061, 257.02432251, 158.263870239, 255.805099487, 90.4256896973, 101.807235718, 104.98664856, 33.643901825, 14.5481805801, 2.41749477386, 0.706076979637, 0.106581531465, 0.00355370342731, 8.70614712767e-07, 3.14300874216e-09],
        "max": [3.86174464226, 22.5859489441, 53.4605751038, 153.728439331, 227.279495239, 380.65234375, 246.785110474, 314.299530029, 351.490722656, 982.24041748, 1429.03991699, 856.316894531, 838.062683105, 375.232269287, 222.925201416, 209.483612061, 251.994216919, 166.285888672, 191.046157837, 205.642944336, 263.87588501, 237.203399658, 242.934204102, 165.525512695, 127.274726868, 124.079277039, 108.427970886, 61.6269111633, 138.718658447, 73.7493133545, 69.3193817139, 90.9257049561, 52.455242157, 48.9680671692, 16.6581115723, 6.53919649124, 3.13565087318, 0.649590909481, 0.00990522839129, 0.000392271118471],
        "mean": [0.246943682432, 1.36906194687, 2.27040910721, 6.48458576202, 13.3995065689, 16.4972476959, 13.8781404495, 17.8067569733, 15.6459856033, 31.238079071, 54.7341766357, 50.8202171326, 34.0759239197, 21.0643615723, 12.1701412201, 11.9488201141, 12.0773077011, 12.8106393814, 12.4201221466, 11.1314210892, 14.7972164154, 11.4138317108, 11.0975236893, 10.3603658676, 14.1745166779, 11.8838386536, 7.41542196274, 7.17341279984, 11.6212978363, 7.89011907578, 6.10075139999, 3.95608687401, 2.22053837776, 1.03592884541, 0.516676545143, 0.224492892623, 0.0675103589892, 0.00773489521816, 0.000157321701408, 4.1975203203e-05],
        "median": [0.0418065153062, 0.315943062305, 0.41942346096, 1.19262433052, 2.00411748886, 3.434071064, 4.62962532043, 4.74481725693, 4.68417978287, 11.0160932541, 21.8744735718, 20.9715099335, 13.4685554504, 7.43660306931, 4.83483123779, 4.40162324905, 4.16718101501, 5.96976137161, 7.11564445496, 6.28275775909, 6.58816146851, 4.58258247375, 2.85228061676, 3.66964936256, 7.72989463806, 5.73151302338, 3.64974761009, 3.32944369316, 6.54038906097, 4.22141027451, 2.22142505646, 1.09127116203, 0.395517468452, 0.147278174758, 0.0486180149019, 0.0146013954654, 0.00406388379633, 0.000271451834124, 2.00058693736e-05, 2.31208869081e-05],
        "min": [1.91090566659e-06, 1.68330643646e-05, 0.000213265302591, 0.000976127164904, 0.0031806062907, 0.0140391951427, 0.0169095620513, 0.0115827191621, 0.052514873445, 0.107633292675, 0.188429117203, 0.104276075959, 0.146598353982, 0.0670407414436, 0.0400234311819, 0.0400758087635, 0.0507619120181, 0.0248864628375, 0.0307267345488, 0.0265605133027, 0.0112472809851, 0.0251656044275, 0.0124453213066, 0.0347196199, 0.0280764121562, 0.0277944859117, 0.0116389878094, 0.0140160387382, 0.0261709429324, 0.0149013986811, 0.00714191887528, 0.00484332581982, 0.00104875059333, 0.000164944984135, 3.36089942721e-05, 3.44037857758e-06, 4.77394905829e-07, 1.01927312812e-07, 5.47708829401e-08, 9.64068860299e-08],
        "var": [0.273702561855, 11.3611736298, 33.3668899536, 254.60609436, 1011.72595215, 1737.84033203, 778.873046875, 1517.63037109, 1163.91955566, 3433.07080078, 13216.4707031, 6441.39697266, 4414.9296875, 1408.4375, 344.189849854, 448.328063965, 436.78515625, 327.608459473, 234.976699829, 202.605865479, 796.084716797, 495.525756836, 717.720397949, 341.962188721, 340.332885742, 264.573577881, 114.847129822, 97.2652740479, 208.229812622, 93.8106918335, 106.737785339, 75.8958053589, 27.2361965179, 7.95730066299, 1.53634500504, 0.304165452719, 0.0433388501406, 0.00115941697732, 3.00808892462e-07, 2.46487608102e-09]
    },
    "gfcc": {
        "mean": [-9.87926387787, 90.4850540161, -122.633201599, 40.0878334045, -81.9720916748, 15.3037118912, -33.8370704651, 8.36502552032, -12.5190353394, 0.740624070168, -16.9064884186, -3.85298013687, -7.90029382706],
        "cov": [[4342.67871094, -832.794677734, 622.19934082, 264.942443848, 384.073272705, 201.298187256, -158.673248291, 219.021957397, -375.117156982, 130.073898315, -309.321380615, 127.094039917, -282.829223633], [-832.794677734, 1140.6887207, -51.9464416504, 214.182830811, 169.858963013, 5.87519025803, 270.827301025, -62.9325408936, 276.325500488, -90.580078125, 159.952896118, -160.194244385, 149.704345703], [622.19934082, -51.9464416504, 852.657287598, 210.091690063, 345.862457275, 159.118896484, -115.27746582, 131.453369141, -120.039077759, 36.8837509155, -111.396697998, 73.5897750854, -102.083473206], [264.942443848, 214.182830811, 210.091690063, 514.546325684, 253.756500244, 148.790985107, 94.4169616699, 76.0243301392, 146.744918823, -22.4762573242, 36.5324211121, -81.39503479, 50.8184318542], [384.073272705, 169.858963013, 345.862457275, 253.756500244, 524.570007324, 164.416885376, 38.3088493347, 111.726951599, 11.9030380249, 30.4343738556, -59.9915275574, 45.7439956665, -30.4259471893], [201.298187256, 5.87519025803, 159.118896484, 148.790985107, 164.416885376, 285.069335938, 129.750839233, 105.114379883, 52.6774559021, 13.070356369, 9.9316368103, 13.7758951187, 10.9792613983], [-158.673248291, 270.827301025, -115.27746582, 94.4169616699, 38.3088493347, 129.750839233, 380.650726318, 107.045303345, 194.005615234, 25.6178894043, 46.7416229248, -47.9027633667, 47.9028625488], [219.021957397, -62.9325408936, 131.453369141, 76.0243301392, 111.726951599, 105.114379883, 107.045303345, 211.808029175, 83.0616989136, 80.5177841187, -25.8528423309, 10.3669052124, -7.96032238007], [-375.117156982, 276.325500488, -120.039077759, 146.744918823, 11.9030380249, 52.6774559021, 194.005615234, 83.0616989136, 312.952850342, 33.2325210571, 76.2323303223, -76.7594604492, 78.8742828369], [130.073898315, -90.580078125, 36.8837509155, -22.4762573242, 30.4343738556, 13.070356369, 25.6178894043, 80.5177841187, 33.2325210571, 154.589599609, 7.07324123383, 39.469581604, -10.364859581], [-309.321380615, 159.952896118, -111.396697998, 36.5324211121, -59.9915275574, 9.9316368103, 46.7416229248, -25.8528423309, 76.2323303223, 7.07324123383, 166.801620483, -1.69270551205, 64.9229278564], [127.094039917, -160.194244385, 73.5897750854, -81.39503479, 45.7439956665, 13.7758951187, -47.9027633667, 10.3669052124, -76.7594604492, 39.469581604, -1.69270551205, 165.388076782, -12.6703062057], [-282.829223633, 149.704345703, -102.083473206, 50.8184318542, -30.4259471893, 10.9792613983, 47.9028625488, -7.96032238007, 78.8742828369, -10.364859581, 64.9229278564, -12.6703062057, 131.965393066]],
        "icov": [[0.000393534864997, 8.06911411928e-05, 7.86537202657e-05, -0.000477042427519, 3.79603770853e-05, -0.000107496001874, -2.93481316476e-05, -0.000236508247326, 0.00054647331126, -0.000315747427521, 0.000385194376577, -0.000121244745969, 0.00045795342885], [8.06911411928e-05, 0.00312371272594, -0.0012623363873, 0.00117124279495, -0.00235915416852, 0.0018010615604, -0.00234627863392, 0.00228991103359, -0.0014490847243, 0.00136313727126, -0.0024507236667, 0.00259928358719, -0.00207373895682], [7.86537202657e-05, -0.0012623363873, 0.0029482669197, -0.00152265303768, 0.000363181490684, -0.00147415930405, 0.00192348542623, -0.00211380468681, 0.00145057984628, -0.000734165951144, 0.00158909976017, -0.00161547656171, 0.0019867233932], [-0.000477042427519, 0.00117124279495, -0.00152265303768, 0.00531672406942, -0.00267186504789, 0.000196363485884, -0.000699026684742, 0.00129103031941, -0.00260845362209, 0.00182647863403, -0.00261946301907, 0.00336475111544, -0.00256285211071], [3.79603770853e-05, -0.00235915416852, 0.000363181490684, -0.00267186504789, 0.00551035813987, -0.0021512133535, 0.00158222671598, -0.0019392328104, 0.00120510172565, -0.00142466044053, 0.00318610155955, -0.00346357072704, 0.0020934259519], [-0.000107496001874, 0.0018010615604, -0.00147415930405, 0.000196363485884, -0.0021512133535, 0.00720241153613, -0.00330760655925, -0.000286909955321, -0.000308893300826, 0.00187762628775, -0.00252559967339, 0.000883975357283, -0.00174190546386], [-2.93481316476e-05, -0.00234627863392, 0.00192348542623, -0.000699026684742, 0.00158222671598, -0.00330760655925, 0.00681596342474, -0.00323816598393, -0.000948835688177, -0.000743741111364, 0.00172034406569, -0.0015391377965, 0.00184094312135], [-0.000236508247326, 0.00228991103359, -0.00211380468681, 0.00129103031941, -0.0019392328104, -0.000286909955321, -0.00323816598393, 0.0115541294217, -0.00353561574593, -0.00264927349053, 0.000127126448206, 0.00173009862192, -0.00177908304613], [0.00054647331126, -0.0014490847243, 0.00145057984628, -0.00260845362209, 0.00120510172565, -0.000308893300826, -0.000948835688177, -0.00353561574593, 0.00877605937421, -0.00227992702276, 0.000251983699854, 0.000496794236824, -0.000124318728922], [-0.000315747427521, 0.00136313727126, -0.000734165951144, 0.00182647863403, -0.00142466044053, 0.00187762628775, -0.000743741111364, -0.00264927349053, -0.00227992702276, 0.0103534338996, -0.00288305687718, -0.000607173598837, -0.000332932453603], [0.000385194376577, -0.0024507236667, 0.00158909976017, -0.00261946301907, 0.00318610155955, -0.00252559967339, 0.00172034406569, 0.000127126448206, 0.000251983699854, -0.00288305687718, 0.0116108814254, -0.00394544145092, -0.000296456069918], [-0.000121244745969, 0.00259928358719, -0.00161547656171, 0.00336475111544, -0.00346357072704, 0.000883975357283, -0.0015391377965, 0.00173009862192, 0.000496794236824, -0.000607173598837, -0.00394544145092, 0.0114468419924, -0.0032675229013], [0.00045795342885, -0.00207373895682, 0.0019867233932, -0.00256285211071, 0.0020934259519, -0.00174190546386, 0.00184094312135, -0.00177908304613, -0.000124318728922, -0.000332932453603, -0.000296456069918, -0.0032675229013, 0.0131677994505]]
    },
    "melbands": {
        "dmean": [0.00146933982614, 0.00113826349843, 0.00104078208096, 0.00104782392737, 0.000481917290017, 0.000302665866911, 0.000212415034184, 0.000367084983736, 0.000369354354916, 0.000283847708488, 0.000143416036735, 7.61098199291e-05, 3.33496464009e-05, 3.12842785206e-05, 2.81646134681e-05, 2.04540574487e-05, 1.79795879376e-05, 1.72272302734e-05, 1.08578506115e-05, 1.39238436532e-05, 1.66405297932e-05, 1.09089123725e-05, 1.23828631331e-05, 1.09407992568e-05, 7.59407657824e-06, 9.01929342945e-06, 8.53910023579e-06, 5.52344272364e-06, 4.15709337176e-06, 2.78255947705e-06, 3.35085724146e-06, 4.44364331997e-06, 4.29042847827e-06, 2.47198659054e-06, 2.6361176424e-06, 2.37256563196e-06, 1.76529078999e-06, 1.42917679113e-06, 1.04703315174e-06, 8.76089984558e-07],
        "dmean2": [0.00220480374992, 0.00170889333822, 0.00151687103789, 0.0016444491921, 0.000742193660699, 0.000473987340229, 0.000354219519068, 0.000608441245276, 0.000596032070462, 0.000467289792141, 0.000235985891777, 0.000120941716887, 5.19805544172e-05, 4.98413064633e-05, 4.52411295555e-05, 3.15607321681e-05, 2.79862561001e-05, 2.81671364064e-05, 1.73066855496e-05, 2.31489011639e-05, 2.93721168418e-05, 1.90385799215e-05, 2.22762828344e-05, 1.93159012269e-05, 1.25396009025e-05, 1.51037838805e-05, 1.41959417306e-05, 8.79160688783e-06, 6.77695879858e-06, 4.1322737161e-06, 5.07339382239e-06, 6.67469294058e-06, 6.21712570137e-06, 3.63374147128e-06, 3.75562672161e-06, 3.59067962563e-06, 2.75958154816e-06, 2.12208738049e-06, 1.631661803e-06, 1.39290784773e-06],
        "dvar": [1.57778304128e-05, 9.95509253698e-06, 5.87133899899e-06, 4.34151479567e-06, 1.38715768117e-06, 4.86166413793e-07, 2.52349877883e-07, 5.34574269295e-07, 4.62505681753e-07, 1.99886642349e-07, 1.06665346777e-07, 2.15010018678e-08, 2.96182167681e-09, 3.61082030942e-09, 3.21717985585e-09, 1.11165077143e-09, 7.29187599191e-10, 7.05515146304e-10, 1.94162672051e-10, 7.12353398491e-10, 1.76025150012e-09, 6.57257803738e-10, 1.11276443615e-09, 8.53437209791e-10, 2.41499736875e-10, 2.37084435417e-10, 1.61903546125e-10, 9.53526008152e-11, 7.00251870378e-11, 1.86684469966e-11, 2.60078191622e-11, 4.28165974897e-11, 3.73648126328e-11, 1.1445495593e-11, 2.13161086005e-11, 2.27408335218e-11, 2.16306694778e-11, 1.08199673179e-11, 5.44291825152e-12, 6.5972110587e-12],
        "dvar2": [2.91496380669e-05, 2.39696437347e-05, 1.14368722279e-05, 9.85602127912e-06, 2.92813842862e-06, 9.94278138933e-07, 6.39764550669e-07, 1.31685055749e-06, 1.08081633243e-06, 5.0468037216e-07, 2.77727451703e-07, 4.95372773912e-08, 7.42768957451e-09, 8.63357563219e-09, 7.57169349441e-09, 2.52082466012e-09, 1.70907443753e-09, 1.71266689719e-09, 4.53404730427e-10, 1.93411153759e-09, 5.02494046373e-09, 1.83394643916e-09, 3.23249182976e-09, 2.45828379875e-09, 6.30624108489e-10, 6.36295349743e-10, 4.31092911368e-10, 2.48701392813e-10, 1.86398965707e-10, 4.06534979291e-11, 6.04995220588e-11, 9.28615379037e-11, 8.31621368991e-11, 2.63566946046e-11, 4.24437048008e-11, 4.87549098316e-11, 4.87587921427e-11, 2.11018789248e-11, 1.15401273607e-11, 1.55591858841e-11],
        "max": [0.03356975317, 0.0258263275027, 0.025860728696, 0.0165204647928, 0.0131144905463, 0.00675624702126, 0.00551674561575, 0.010904347524, 0.0094554880634, 0.00492876535282, 0.00412839511409, 0.00160450360272, 0.000574764853809, 0.000698443793226, 0.000574656005483, 0.000534188235179, 0.000288307492156, 0.000415485876147, 0.000143224213389, 0.000277330953395, 0.000300343846902, 0.0002804172982, 0.00024664826924, 0.000209447622183, 0.00013011082774, 0.000115177179396, 0.000108662316052, 9.85951046459e-05, 9.237172344e-05, 3.62352147931e-05, 4.17432493123e-05, 8.60323852976e-05, 8.50444484968e-05, 4.36596383224e-05, 4.8400110245e-05, 3.96227987949e-05, 7.30905740056e-05, 5.13031700393e-05, 2.40141107497e-05, 5.98117949266e-05],
        "mean": [0.0020732069388, 0.00141232518945, 0.0013663941063, 0.00106483697891, 0.000564305926673, 0.000380170589779, 0.000248236727202, 0.000410832260968, 0.000420155905886, 0.000311692652758, 0.000163659686223, 8.87061396497e-05, 3.99415075663e-05, 3.59978876077e-05, 3.06300498778e-05, 2.40907083935e-05, 2.37839412875e-05, 2.10813832382e-05, 1.42393591887e-05, 1.66674180946e-05, 1.66672161868e-05, 1.12932475531e-05, 1.08945505417e-05, 9.5365649031e-06, 7.97723441792e-06, 9.96477501758e-06, 1.05929066194e-05, 7.10039194018e-06, 4.96573557029e-06, 3.63303070117e-06, 4.17565797761e-06, 6.33971012576e-06, 6.45072032057e-06, 3.68636892745e-06, 3.65867254004e-06, 2.92305662697e-06, 2.22047083298e-06, 1.6297633465e-06, 1.08720723802e-06, 8.09960283732e-07],
        "median": [0.00045701029012, 0.000329674425302, 0.00023716405849, 0.000237324900809, 0.000171607374796, 0.000103442886029, 7.14954876457e-05, 0.000139297073474, 0.000172300307895, 0.000122643919894, 5.84104054724e-05, 2.91005562758e-05, 1.3735219909e-05, 1.28102437884e-05, 7.56087274567e-06, 8.70291751198e-06, 1.01866617115e-05, 1.07886171463e-05, 7.78178491601e-06, 8.21250341687e-06, 6.8741155701e-06, 4.59023567601e-06, 3.09003257826e-06, 2.08731785278e-06, 2.54276346823e-06, 4.5289193622e-06, 5.70400925426e-06, 3.13223199555e-06, 2.10192297345e-06, 1.67369444171e-06, 1.7988087393e-06, 3.39026564689e-06, 3.54733992936e-06, 1.86971453786e-06, 1.28869544369e-06, 8.20927482437e-07, 5.54462417313e-07, 2.89348150773e-07, 1.44694439541e-07, 9.87124693097e-08],
        "min": [1.25235288806e-08, 6.95874220469e-08, 1.23015425402e-07, 6.3719045329e-07, 5.56186591893e-07, 3.08478320221e-07, 9.21656692299e-07, 1.00332044894e-06, 1.21428934108e-06, 4.72295084819e-07, 7.20902676221e-07, 2.67066099013e-07, 7.85000153769e-08, 1.46343126062e-07, 1.01069304037e-07, 5.07596205068e-08, 4.35291802603e-08, 4.00851654092e-08, 4.29473949737e-08, 1.99967633563e-08, 7.92985499487e-09, 2.68606452636e-08, 1.51663890335e-08, 3.21010440452e-09, 1.85723862955e-08, 1.41272558096e-08, 1.89241688986e-08, 1.29089237078e-08, 4.50059056689e-09, 8.84018636071e-09, 3.13404058261e-09, 1.48570542535e-08, 1.13272582425e-08, 6.73993039157e-09, 9.56932977303e-10, 1.41472089599e-09, 8.95829157382e-12, 4.74714656473e-10, 4.00814884755e-12, 5.24523892202e-13],
