{
"highlevel": {
    "danceability": {
        "all": {
            "danceable": 0.120790965855,
            "not_danceable": 0.879209041595
        },
        "probability": 0.879209041595,
        "value": "not_danceable"
    },
    "gender": {
        "all": {
            "female": 0.187670633197,
            "male": 0.812329351902
        },
        "probability": 0.812329351902,
        "value": "male"
    },
    "genre_dortmund": {
        "all": {
            "alternative": 0.166780054569,
            "blues": 0.00889675319195,
            "electronic": 0.0205672737211,
            "folkcountry": 0.0670495778322,
            "funksoulrnb": 0.00930907204747,
            "jazz": 0.0118854176253,
            "pop": 0.0946780443192,
            "raphiphop": 0.00144453113899,
            "rock": 0.619389295578
        },
        "probability": 0.619389295578,
        "value": "rock"
    },
    "genre_electronic": {
        "all": {
            "ambient": 0.273518800735,
            "dnb": 0.387270569801,
            "house": 0.0791097208858,
            "techno": 0.0212465077639,
            "trance": 0.238854393363
        },
        "probability": 0.387270569801,
        "value": "dnb"
    },
    "genre_rosamerica": {
        "all": {
            "cla": 0.00755143677816,
            "dan": 0.184775754809,
            "hip": 0.00469266576692,
            "jaz": 0.0136371701956,
            "pop": 0.103969275951,
            "rhy": 0.032705001533,
            "roc": 0.64698278904,
            "spe": 0.00568591849878
        },
        "probability": 0.64698278904,
        "value": "roc"
    },
    "genre_tzanetakis": {
        "all": {
            "blu": 0.0626541376114,
            "cla": 0.0348133966327,
            "cou": 0.0783501937985,
            "dis": 0.104547761381,
            "hip": 0.15693578124,
            "jaz": 0.313987255096,
            "met": 0.044816005975,
            "pop": 0.0627349764109,
            "reg": 0.0627352520823,
            "roc": 0.0784252434969
        },
        "probability": 0.313987255096,
        "value": "jaz"
    },
    "ismir04_rhythm": {
        "all": {
            "ChaChaCha": 0.104058556259,
            "Jive": 0.269768297672,
            "Quickstep": 0.106354318559,
            "Rumba-American": 0.0150737641379,
            "Rumba-International": 0.154455646873,
            "Rumba-Misc": 0.00846841465682,
            "Samba": 0.120954953134,
            "Tango": 0.00951370690018,
            "VienneseWaltz": 0.198078587651,
            "Waltz": 0.0132737467065
        },
        "probability": 0.269768297672,
        "value": "Jive"
    },
    "mood_acoustic": {
        "all": {
            "acoustic": 0.0252934303135,
            "not_acoustic": 0.974706590176
        },
        "probability": 0.974706590176,
        "value": "not_acoustic"
    },
    "mood_aggressive": {
        "all": {
            "aggressive": 0.166585534811,
            "not_aggressive": 0.833414435387
        },
        "probability": 0.833414435387,
        "value": "not_aggressive"
    },
    "mood_electronic": {
        "all": {
            "electronic": 0.378192335367,
            "not_electronic": 0.621807694435
        },
        "probability": 0.621807694435,
        "value": "not_electronic"
    },
    "mood_happy": {
        "all": {
            "happy": 0.911536812782,
            "not_happy": 0.0884631723166
        },
        "probability": 0.911536812782,
        "value": "happy"
    },
    "mood_party": {
        "all": {
            "not_party": 0.786728620529,
            "party": 0.213271379471
        },
        "probability": 0.786728620529,
        "value": "not_party"
    },
    "mood_relaxed": {
        "all": {
            "not_relaxed": 0.12650577724,
            "relaxed": 0.873494207859
        },
        "probability": 0.873494207859,
        "value": "relaxed"
    },
    "mood_sad": {
        "all": {
            "not_sad": 0.726958453655,
            "sad": 0.273041546345
        },
        "probability": 0.726958453655,
        "value": "not_sad"
    },
    "moods_mirex": {
        "all": {
            "Cluster1": 0.543336987495,
            "Cluster2": 0.149474054575,
            "Cluster3": 0.0981995984912,
            "Cluster4": 0.0836683139205,
            "Cluster5": 0.125321060419
        },
        "probability": 0.543336987495,
        "value": "Cluster1"
    },
    "timbre": {
        "all": {
            "bright": 0.41771659255,
            "dark": 0.582283437252
        },
        "probability": 0.582283437252,
        "value": "dark"
    },
    "tonal_atonal": {
        "all": {
            "atonal": 0.0334772020578,
            "tonal": 0.966522812843
        },
        "probability": 0.966522812843,
        "value": "tonal"
    },
    "voice_instrumental": {
        "all": {
            "instrumental": 0.00323755177669,
            "voice": 0.99676245451
        },
        "probability": 0.99676245451,
        "value": "voice"
    }
},
"lowlevel": {
    "average_loudness": 0.947446703911,
    "barkbands_crest": {
        "dmean": 2.10245752335,
        "dmean2": 3.48335504532,
        "dvar": 3.55739951134,
        "dvar2": 9.76639556885,
        "max": 19.7944507599,
        "mean": 8.64393997192,
        "median": 8.26573753357,
        "min": 2.65357041359,
        "var": 7.73036813736
    },
    "barkbands_flatness_db": {
        "dmean": 0.0249963998795,
        "dmean2": 0.0369847416878,
        "dvar": 0.000757432135288,
        "dvar2": 0.00144160597119,
        "max": 0.386056363583,
        "mean": 0.148608654737,
        "median": 0.131778508425,
        "min": 0.0548462420702,
        "var": 0.00363277713768
    },
    "barkbands_kurtosis": {
        "dmean": 3.0781891346,
        "dmean2": 4.99892711639,
        "dvar": 14.1603240967,
        "dvar2": 36.6078414917,
        "max": 41.7203445435,
        "mean": 5.64677762985,
        "median": 4.46958303452,
        "min": -1.82692050934,
        "var": 27.2507247925
    },
    "barkbands_skewness": {
        "dmean": 0.504447460175,
        "dmean2": 0.803237974644,
        "dvar": 0.256204813719,
        "dvar2": 0.662421107292,
        "max": 5.75619745255,
        "mean": 2.02805256844,
        "median": 2.00475502014,
        "min": -0.149223536253,
        "var": 0.619370043278
    },
    "barkbands_spread": {
        "dmean": 6.81543111801,
        "dmean2": 10.1134252548,
        "dvar": 84.4555587769,
        "dvar2": 157.156005859,
        "max": 94.2655258179,
        "mean": 21.2227668762,
        "median": 18.0146484375,
        "min": 1.9231710434,
        "var": 224.760543823
    },
    "dissonance": {
        "dmean": 0.0167341921479,
        "dmean2": 0.027325084433,
        "dvar": 0.000292185257422,
        "dvar2": 0.000662352249492,
        "max": 0.500000059605,
        "mean": 0.464451283216,
        "median": 0.473192155361,
        "min": 0.303422898054,
        "var": 0.000933822535444
    },
    "dynamic_complexity": 3.11277246475,
    "erbbands_crest": {
        "dmean": 1.93588507175,
        "dmean2": 3.13462543488,
        "dvar": 4.08251476288,
        "dvar2": 10.6135387421,
        "max": 22.7571353912,
        "mean": 6.71469783783,
        "median": 5.87177228928,
        "min": 2.1770772934,
        "var": 9.60275936127
    },
    "erbbands_flatness_db": {
        "dmean": 0.0181439779699,
        "dmean2": 0.0246255137026,
        "dvar": 0.000498050998431,
        "dvar2": 0.000855240854435,
        "max": 0.309632629156,
        "mean": 0.127911865711,
        "median": 0.115869291127,
        "min": 0.0622856616974,
        "var": 0.00217095226981
    },
    "erbbands_kurtosis": {
        "dmean": 0.924647212029,
        "dmean2": 1.4551551342,
        "dvar": 3.658400774,
        "dvar2": 8.63924789429,
        "max": 28.2247543335,
        "mean": 0.258763045073,
        "median": -0.583604574203,
        "min": -1.78095924854,
        "var": 7.10909461975
    },
    "erbbands_skewness": {
        "dmean": 0.36906811595,
        "dmean2": 0.570207595825,
        "dvar": 0.18569251895,
        "dvar2": 0.39755243063,
        "max": 4.10812759399,
        "mean": 0.582825362682,
        "median": 0.477100670338,
        "min": -2.30338764191,
        "var": 0.509280204773
    },
    "erbbands_spread": {
        "dmean": 10.3782520294,
        "dmean2": 14.9724397659,
        "dvar": 135.166778564,
        "dvar2": 264.683319092,
        "max": 116.096183777,
        "mean": 51.9798316956,
        "median": 51.220085144,
        "min": 5.16927814484,
        "var": 442.985168457
    },
    "hfc": {
        "dmean": 7.24478769302,
        "dmean2": 10.2815103531,
        "dvar": 115.101539612,
        "dvar2": 253.236282349,
        "max": 144.136169434,
        "mean": 22.765827179,
        "median": 19.9624481201,
        "min": 0.833171010017,
        "var": 389.706512451
    },
    "melbands_crest": {
        "dmean": 3.1890707016,
        "dmean2": 5.28969526291,
        "dvar": 8.40750217438,
        "dvar2": 22.560962677,
        "max": 29.1336231232,
        "mean": 13.3962211609,
        "median": 12.762720108,
        "min": 5.82919645309,
        "var": 17.716501236
    },
    "melbands_flatness_db": {
        "dmean": 0.0312457364053,
        "dmean2": 0.0447061397135,
        "dvar": 0.00122580700554,
        "dvar2": 0.00230880896561,
        "max": 0.506166219711,
        "mean": 0.212484642863,
        "median": 0.19320307672,
        "min": 0.0661729201674,
        "var": 0.00618133274838
    },
    "melbands_kurtosis": {
        "dmean": 7.65731859207,
        "dmean2": 12.4794712067,
        "dvar": 121.908042908,
        "dvar2": 328.542907715,
        "max": 153.431091309,
        "mean": 18.3630161285,
        "median": 15.8063735962,
        "min": 0.683498620987,
        "var": 173.241973877
    },
    "melbands_skewness": {
        "dmean": 0.699784934521,
        "dmean2": 1.12295103073,
        "dvar": 0.582515239716,
        "dvar2": 1.44752132893,
        "max": 10.5928611755,
        "mean": 3.33584713936,
        "median": 3.26149725914,
        "min": 0.194728270173,
        "var": 1.32393586636
    },
    "melbands_spread": {
        "dmean": 5.40198373795,
        "dmean2": 8.34541511536,
        "dvar": 57.6700973511,
        "dvar2": 120.649894714,
        "max": 83.3287658691,
        "mean": 16.0871582031,
        "median": 13.6476211548,
        "min": 2.40518736839,
        "var": 132.394134521
    },
    "pitch_salience": {
        "dmean": 0.069986730814,
        "dmean2": 0.116466209292,
        "dvar": 0.00398849043995,
        "dvar2": 0.011217340827,
        "max": 0.856089174747,
        "mean": 0.623906731606,
        "median": 0.632739603519,
        "min": 0.26133236289,
        "var": 0.00733089307323
    },
    "silence_rate_20dB": {
        "dmean": 0,
        "dmean2": 0,
        "dvar": 0,
        "dvar2": 0,
        "max": 1,
        "mean": 1,
        "median": 1,
        "min": 1,
        "var": 0
    },
    "silence_rate_30dB": {
        "dmean": 0.0247678011656,
        "dmean2": 0.0495739728212,
        "dvar": 0.0241546947509,
        "dvar2": 0.0626074746251,
        "max": 1,
        "mean": 0.982985317707,
        "median": 1,
        "min": 0,
        "var": 0.0167254284024
    },
    "silence_rate_60dB": {
        "dmean": 0.00464396271855,
        "dmean2": 0.00929511990398,
        "dvar": 0.00462236069143,
        "dvar2": 0.0138562321663,
        "max": 1,
        "mean": 0.00232018553652,
        "median": 0,
        "min": 0,
        "var": 0.00231480319053
    },
    "spectral_centroid": {
        "dmean": 254.357467651,
        "dmean2": 390.162750244,
        "dvar": 101642.679688,
        "dvar2": 207043.78125,
        "max": 3758.41918945,
        "mean": 1048.32006836,
        "median": 985.169616699,
        "min": 250.109237671,
        "var": 278949.53125
    },
    "spectral_complexity": {
        "dmean": 4.12693500519,
        "dmean2": 6.44616556168,
        "dvar": 20.2855434418,
        "dvar2": 45.4849853516,
        "max": 55,
        "mean": 21.9860782623,
        "median": 23,
        "min": 3,
        "var": 140.734710693
    },
    "spectral_decrease": {
        "dmean": 2.84286838514e-09,
        "dmean2": 4.73919081756e-09,
        "dvar": 2.55964803613e-17,
        "dvar2": 6.85666354834e-17,
        "max": -5.23420806697e-10,
        "mean": -9.2012113484e-09,
        "median": -9.20556253448e-09,
        "min": -5.31080530664e-08,
        "var": 4.61769044008e-17
    },
    "spectral_energy": {
        "dmean": 0.0110652633011,
        "dmean2": 0.0183653049171,
        "dvar": 0.000378885742975,
        "dvar2": 0.00100873177871,
        "max": 0.204418107867,
        "mean": 0.0367924235761,
        "median": 0.0373978428543,
        "min": 0.00218616891652,
        "var": 0.000715340021998
    },
    "spectral_energyband_high": {
        "dmean": 0.000683887628838,
        "dmean2": 0.000955127936322,
        "dvar": 1.41254008668e-06,
        "dvar2": 2.98706504509e-06,
        "max": 0.0164843220264,
        "mean": 0.00128107750788,
        "median": 0.000692901609,
        "min": 6.06785590662e-07,
        "var": 3.44391014551e-06
    },
    "spectral_energyband_low": {
        "dmean": 0.00818909239024,
        "dmean2": 0.0140502564609,
        "dvar": 0.000327561079757,
        "dvar2": 0.000914706615731,
        "max": 0.192389339209,
        "mean": 0.0155015205964,
        "median": 0.0116723263636,
        "min": 0.000178062357008,
        "var": 0.000316410092637
    },
    "spectral_energyband_middle_high": {
        "dmean": 0.000993633409962,
        "dmean2": 0.00153617979959,
        "dvar": 1.87676903352e-06,
        "dvar2": 4.44388297183e-06,
        "max": 0.02723069489,
        "mean": 0.00370860402472,
        "median": 0.00324660399929,
        "min": 1.99135338335e-05,
        "var": 1.1383481251e-05
    },
    "spectral_energyband_middle_low": {
        "dmean": 0.00539087131619,
        "dmean2": 0.00864604301751,
        "dvar": 4.53057145933e-05,
        "dvar2": 0.000118905256386,
        "max": 0.0829408913851,
        "mean": 0.0183929018676,
        "median": 0.0177225414664,
        "min": 0.000934660609346,
        "var": 0.000163796619745
    },
    "spectral_entropy": {
        "dmean": 0.207984045148,
        "dmean2": 0.285414993763,
        "dvar": 0.0710179880261,
        "dvar2": 0.120241589844,
        "max": 8.57715511322,
        "mean": 7.6063337326,
        "median": 7.74376821518,
        "min": 5.71601390839,
        "var": 0.315355598927
    },
    "spectral_flux": {
        "dmean": 0.0242567602545,
        "dmean2": 0.0365617610514,
        "dvar": 0.000975367438514,
        "dvar2": 0.00184409425128,
        "max": 0.3381472826,
        "mean": 0.0884413346648,
        "median": 0.0783794820309,
        "min": 0.013152253814,
        "var": 0.00242908694781
    },
    "spectral_kurtosis": {
        "dmean": 1.96308016777,
        "dmean2": 2.97895598412,
        "dvar": 12.8451528549,
        "dvar2": 28.1069278717,
        "max": 50.9522094727,
        "mean": 4.43397140503,
        "median": 3.11429357529,
        "min": -0.555260181427,
        "var": 29.4183273315
    },
    "spectral_rms": {
        "dmean": 0.000814324303064,
        "dmean2": 0.00132121553179,
        "dvar": 1.10998712444e-06,
        "dvar2": 2.85382861875e-06,
        "max": 0.0141220502555,
        "mean": 0.00558731565252,
        "median": 0.00604033935815,
        "min": 0.00146042718552,
        "var": 4.67698646389e-06
    },
    "spectral_rolloff": {
        "dmean": 530.480895996,
        "dmean2": 884.630981445,
        "dvar": 1142613,
        "dvar2": 2343586,
        "max": 10185.2050781,
        "mean": 1053.51306152,
        "median": 559.86328125,
        "min": 107.666015625,
        "var": 1878903.625
    },
    "spectral_skewness": {
        "dmean": 0.267153739929,
        "dmean2": 0.380982398987,
        "dvar": 0.120664864779,
        "dvar2": 0.22630675137,
        "max": 5.34953689575,
        "mean": 1.56809735298,
        "median": 1.4759516716,
        "min": 0.103229187429,
        "var": 0.421870082617
    },
    "spectral_spread": {
        "dmean": 717097.9375,
        "dmean2": 956127.6875,
        "dvar": 705388675072,
        "dvar2": 1.18429620634e+12,
        "max": 19634544,
        "mean": 5148835,
        "median": 5123336,
        "min": 1161925.125,
        "var": 2.57767348634e+12
    },
    "spectral_strongpeak": {
        "dmean": 0.286796212196,
        "dmean2": 0.496441483498,
        "dvar": 0.118053682148,
        "dvar2": 0.29147323966,
        "max": 3.10527324677,
        "mean": 0.528542399406,
        "median": 0.406870931387,
        "min": 0,
        "var": 0.206257924438
    },
    "zerocrossingrate": {
        "dmean": 0.0134783769026,
        "dmean2": 0.0155527601019,
        "dvar": 0.000250319339102,
        "dvar2": 0.000292358774459,
        "max": 0.2353515625,
        "mean": 0.0555281154811,
        "median": 0.04931640625,
        "min": 0.00537109375,
        "var": 0.00115291844122
    },
    "barkbands": {
        "dmean": [0.000301659165416, 0.00429021427408, 0.004150390625, 0.0024585055653, 0.00277227559127, 0.00189773121383, 0.000839790038299, 0.000552712823264, 0.000512346625328, 0.000388411717722, 0.000218193323235, 0.000133084628033, 0.000133533918415, 0.0002471851476, 0.000144968216773, 0.000115039307275, 0.000267788826022, 0.000142674092785, 0.000148779261508, 0.000119041571452, 0.000142133460031, 0.000151700849528, 0.000129283507704, 0.000139511917951, 0.00011148264457, 4.49819490314e-05, 4.68302330248e-09],
        "dmean2": [0.000502873561345, 0.00744266994298, 0.00734305568039, 0.00412231916562, 0.00454355822876, 0.00301063596271, 0.00140199251473, 0.000863351044245, 0.000820979126729, 0.00061211787397, 0.000353848561645, 0.000218814486288, 0.000217277935008, 0.000395116192522, 0.00024592547561, 0.000190624487004, 0.000446380028734, 0.000233041602769, 0.000248446245678, 0.000194662236026, 0.000221892696572, 0.000244864379056, 0.000183710304555, 0.000193264189875, 0.000154398265295, 6.50416477583e-05, 6.24857232623e-09],
        "dvar": [1.58770049552e-07, 8.2470192865e-05, 9.82972851489e-05, 1.5581592379e-05, 1.47762848428e-05, 5.78288609177e-06, 2.03891772799e-06, 8.34302682051e-07, 8.83626967152e-07, 4.67543884497e-07, 1.63890703675e-07, 3.43526913582e-08, 3.98566157855e-08, 1.41393385888e-07, 5.96517679696e-08, 3.82396478926e-08, 1.61806894994e-07, 1.16446521758e-07, 6.30439487281e-08, 3.19775068647e-08, 5.10134441356e-08, 8.58342730226e-08, 6.55203109545e-08, 8.1501468685e-08, 5.52141443677e-08, 5.91621018842e-09, 8.09543861932e-15],
        "dvar2": [4.02292755552e-07, 0.000232540289289, 0.000280688283965, 4.33984569099e-05, 3.89176420867e-05, 1.46573593156e-05, 5.11793086844e-06, 2.07701054933e-06, 2.05243372875e-06, 1.13384066935e-06, 3.77371492277e-07, 8.3978605403e-08, 1.01386980589e-07, 3.59491224344e-07, 1.81248850595e-07, 9.89222073144e-08, 4.18002230163e-07, 2.81445380779e-07, 1.65675373864e-07, 8.16648650925e-08, 1.27262637761e-07, 2.04766777756e-07, 1.39952163636e-07, 1.5703172096e-07, 1.16097346847e-07, 1.25799193285e-08, 8.12812223262e-15],
        "max": [0.00353061920032, 0.103615865111, 0.100042507052, 0.0472501963377, 0.053287781775, 0.0288536455482, 0.0250422041863, 0.0145877385512, 0.0141474185511, 0.0114365294576, 0.00770868826658, 0.00318628782406, 0.00280667468905, 0.00504163000733, 0.00383904948831, 0.00350279454142, 0.00588626554236, 0.0106857214123, 0.00410487642512, 0.00220386660658, 0.00201653596014, 0.0032889849972, 0.00509036378935, 0.00474913604558, 0.00341013469733, 0.000787556171417, 3.2125301459e-06],
        "mean": [0.000405995582696, 0.00613724580035, 0.00702631706372, 0.00415664864704, 0.00597762549296, 0.00431000906974, 0.00151058856864, 0.00108306214679, 0.00109242286999, 0.000749318453018, 0.000426694517955, 0.000255787366768, 0.000269144278718, 0.000441413343651, 0.000276438542642, 0.000210354904993, 0.00050559907686, 0.000299077335512, 0.000267286231974, 0.000232378646615, 0.000244101785938, 0.000221460824832, 0.000218278641114, 0.000246070732828, 0.000168476122781, 6.06509020145e-05, 4.24151824774e-09],
        "median": [0.000206200144021, 0.0043772677891, 0.00415396131575, 0.00230216723867, 0.00437027262524, 0.00304297660477, 0.000862251326907, 0.000605257810093, 0.000486914708745, 0.000399971264414, 0.000255579769146, 0.000168474580278, 0.000173277090653, 0.000264063535724, 0.000153034343384, 0.000142271746881, 0.000356200820534, 0.00020320751355, 0.000161524061696, 0.000152488282765, 0.000140383053804, 9.33898190851e-05, 0.000102998405055, 0.000106127816252, 5.84644112678e-05, 2.86707818304e-05, 4.30198099366e-10],
        "min": [9.72171960711e-07, 4.75997057947e-06, 7.85644442658e-06, 7.13410827302e-06, 4.89194899274e-05, 2.42023997998e-05, 1.13272235467e-05, 5.75621515964e-06, 5.38886752111e-06, 1.45621174852e-06, 1.3297243413e-06, 6.75595742905e-07, 2.47769264661e-07, 7.16350598395e-07, 9.96739260017e-08, 8.09480127373e-08, 1.00879027798e-07, 7.84912685958e-08, 1.50337442051e-07, 2.11880376355e-07, 3.61283696293e-08, 2.1416572682e-10, 1.64687907755e-09, 3.59292195995e-09, 1.85029942756e-11, 1.13489998649e-11, 1.46888473607e-11],
        "var": [2.53140854056e-07, 7.08943043719e-05, 9.60739052971e-05, 2.61508321273e-05, 3.26767876686e-05, 1.86856686923e-05, 4.02504019803e-06, 1.88012018043e-06, 2.96399434774e-06, 1.25366852899e-06, 4.52937541695e-07, 9.17742895012e-08, 1.1631869512e-07, 3.10005134452e-07, 1.41334069781e-07, 6.70684059401e-08, 3.57863285672e-07, 2.01945624667e-07, 1.15135364354e-07, 6.20307361032e-08, 8.67389857717e-08, 1.32977049816e-07, 1.55207160901e-07, 2.35320499087e-07, 1.21425955513e-07, 8.32230107051e-09, 8.10185065873e-15]
    },
    "erbbands": {
        "dmean": [0.107063636184, 1.08180010319, 4.37445449829, 6.54816579819, 7.38276433945, 11.5227375031, 13.9199838638, 14.9927072525, 14.2150764465, 11.1576776505, 9.09427928925, 12.2274866104, 11.5559310913, 10.4850740433, 8.24089336395, 5.49243783951, 5.49052476883, 12.5365352631, 7.75741195679, 5.90062856674, 9.13763141632, 11.2506961823, 8.30050945282, 6.87296819687, 6.93745994568, 5.4953327179, 5.62994241714, 5.59453296661, 5.45893669128, 5.03181838989, 3.33740735054, 2.60539317131, 2.77201414108, 1.59431004524, 0.555938661098, 0.227226451039, 0.0854508802295, 0.00749243609607, 0.000139235809911, 1.81842642633e-05],
        "dmean2": [0.181299299002, 1.87520670891, 7.59179449081, 11.2990131378, 12.0335874557, 19.0566196442, 22.6406078339, 23.8347187042, 23.7557621002, 17.2945194244, 14.6446037292, 19.1049098969, 18.3021087646, 17.0729560852, 13.1003341675, 8.99951171875, 8.90398025513, 19.9103450775, 12.7996273041, 10.0956344604, 15.2432374954, 18.6003780365, 13.413066864, 11.5367965698, 11.4956445694, 8.94503211975, 8.88469409943, 8.79484462738, 8.78603935242, 7.71692991257, 4.75236177444, 3.60496616364, 3.94080042839, 2.24295473099, 0.778499424458, 0.330386847258, 0.125401303172, 0.0114398291335, 0.000207862060051, 2.78674142464e-05],
        "dvar": [0.0209970995784, 6.81400346756, 118.755332947, 130.085571289, 122.296890259, 297.273620605, 400.432556152, 367.276123047, 550.562438965, 393.369628906, 190.300003052, 556.972351074, 407.703460693, 408.918640137, 193.281677246, 51.3369941711, 70.7942810059, 360.554168701, 148.971755981, 129.126480103, 181.166946411, 270.946807861, 415.3175354, 117.681236267, 143.227294922, 62.1351470947, 77.140625, 87.731880188, 113.930053711, 100.933578491, 43.0892372131, 27.8946437836, 37.7198295593, 12.8667554855, 1.00378441811, 0.145936056972, 0.0222990904003, 0.000203103409149, 6.41059543227e-08, 7.14644121658e-10],
        "dvar2": [0.0605044849217, 18.8637599945, 334.263122559, 367.318969727, 330.929840088, 803.081604004, 968.612976074, 1001.86505127, 1503.4309082, 947.471740723, 464.895202637, 1210.15844727, 1001.871521, 1028.93615723, 442.20904541, 127.318016052, 178.689254761, 912.446166992, 425.079528809, 377.342895508, 472.725646973, 654.135986328, 971.225585938, 300.011260986, 387.833648682, 157.323883057, 190.869628906, 218.65397644, 276.210845947, 224.320495605, 93.090461731, 49.4588470459, 81.7193450928, 27.468662262, 1.86831402779, 0.307292819023, 0.0481990911067, 0.000466910889372, 1.43848112089e-07, 1.75091818821e-09],
        "max": [1.44051241875, 28.291847229, 106.476119995, 130.12020874, 134.55519104, 256.872741699, 215.488937378, 240.869216919, 369.622070312, 341.908477783, 226.457839966, 320.132080078, 424.630584717, 333.129516602, 314.087768555, 92.6790466309, 134.39125061, 243.415023804, 179.090393066, 222.269073486, 171.467269897, 287.502685547, 645.634277344, 180.768814087, 190.86076355, 79.6728591919, 91.8768463135, 100.469329834, 120.625015259, 127.366798401, 156.064590454, 127.89855957, 108.098312378, 58.9855651855, 14.7967948914, 4.40174055099, 1.6158798933, 0.162938207388, 0.00277042482048, 0.000250108772889],
        "mean": [0.170893520117, 1.47314012051, 7.0765004158, 11.5084533691, 15.0957050323, 23.4662857056, 29.5771198273, 33.5798721313, 25.8202037811, 23.2547893524, 19.2646427155, 27.5671730042, 23.352935791, 20.4341506958, 17.1118392944, 11.1530218124, 12.2531766891, 23.1553516388, 16.9238452911, 12.231959343, 18.0393352509, 23.5032272339, 18.1240558624, 14.1896619797, 12.6563100815, 10.8058223724, 10.1688766479, 9.00353050232, 7.87511348724, 7.65006494522, 5.8309211731, 4.94614648819, 4.27029752731, 2.41416978836, 0.853201687336, 0.319920927286, 0.10925232619, 0.00858821254224, 0.000188386067748, 5.36663937964e-05],
        "median": [0.140076115727, 1.01125097275, 4.30674791336, 7.73319196701, 10.0749864578, 14.1514759064, 17.2807693481, 23.7945327759, 14.7368116379, 14.4955024719, 12.7926177979, 11.3651733398, 12.5813875198, 11.7318706512, 10.0881700516, 7.46186447144, 8.48844146729, 14.263212204, 11.16492939, 7.48264932632, 13.441529274, 17.9885349274, 12.9376106262, 9.40859413147, 7.64754152298, 7.23252630234, 6.58149623871, 4.77581214905, 3.2860751152, 3.33624410629, 2.78092718124, 2.24201345444, 1.72063302994, 0.809567332268, 0.334196537733, 0.152107268572, 0.0492057204247, 0.00355659308843, 9.59049357334e-05, 5.08938646817e-05],
        "min": [0.000308524206048, 0.00295338220894, 0.026651699096, 0.0372660979629, 0.149039462209, 0.15508878231, 0.244208902121, 0.361136853695, 0.515596449375, 0.549633741379, 0.198236301541, 0.217220813036, 0.0960289984941, 0.101714491844, 0.0503791458905, 0.0368231423199, 0.0266766659915, 0.0375582948327, 0.0394918695092, 0.00903033278883, 0.00444673188031, 0.00670585362241, 0.00913981627673, 0.00813607219607, 0.00854066107422, 0.00951111130416, 0.00695727951825, 0.00177495996468, 0.000315477402182, 0.000148300081491, 6.65939005557e-05, 0.000129613617901, 4.13034940721e-05, 6.45210184302e-06, 3.21725406138e-06, 2.22437529374e-06, 1.20683466776e-06, 1.78881407464e-07, 1.53033056449e-06, 3.30573152496e-06],
        "var": [0.0255849473178, 5.5493645668, 107.119178772, 167.766433716, 252.79296875, 631.619812012, 1164.203125, 1082.22473145, 1149.46508789, 823.264587402, 487.964477539, 2292.83398438, 1052.14099121, 899.981140137, 707.979858398, 148.760116577, 224.685272217, 802.888061523, 435.832763672, 254.311050415, 393.638458252, 685.32232666, 723.120788574, 279.750061035, 255.350952148, 127.845779419, 130.685455322, 145.671356201, 169.02230835, 173.501251221, 114.897537231, 100.911613464, 75.5552902222, 27.8831539154, 2.53560018539, 0.240141615272, 0.0290534812957, 0.000225254087127, 7.82659199672e-08, 1.5451692148e-09]
    },
    "gfcc": {
        "mean": [19.2108612061, 100.470275879, -94.4390563965, 43.1079483032, -63.4657897949, 11.9443378448, -43.7926979065, 10.0415382385, -25.6192836761, 2.95784378052, -16.1765766144, 0.841004669666, -9.66370868683],
        "cov": [[7422.43017578, -2763.69873047, -290.906890869, 133.501846313, -181.441665649, 819.238891602, -643.077392578, 593.37310791, -516.73046875, 153.816436768, -541.665527344, 369.221405029, -421.083007812], [-2763.69873047, 1809.89025879, -71.3014450073, -178.311248779, 344.968475342, -364.400238037, 335.640319824, -247.049072266, 291.236816406, -125.83291626, 301.710968018, -208.230560303, 216.628005981], [-290.906890869, -71.3014450073, 299.709777832, 28.9129047394, -25.7099285126, -0.566045343876, -10.0134401321, 17.7214183807, 9.51476097107, 47.3228416443, 3.80696868896, 25.491235733, -14.4606990814], [133.501846313, -178.311248779, 28.9129047394, 162.919006348, -59.2372093201, 22.6440467834, -20.5766944885, -1.09894526005, 15.134677887, -9.26985645294, -11.9772415161, 10.7876825333, 0.428482562304], [-181.441665649, 344.968475342, -25.7099285126, -59.2372093201, 253.428436279, -46.9393844604, 53.4784126282, 1.76413166523, 39.9197921753, -17.4088554382, 31.9746360779, -14.0106334686, 11.5386199951], [819.238891602, -364.400238037, -0.566045343876, 22.6440467834, -46.9393844604, 185.185409546, -59.9048461914, 77.1741867065, -62.1352424622, 20.7796382904, -60.4846534729, 32.1026382446, -48.8059616089], [-643.077392578, 335.640319824, -10.0134401321, -20.5766944885, 53.4784126282, -59.9048461914, 153.781448364, -42.8803062439, 57.3696174622, -14.6874198914, 49.7446479797, -51.1687469482, 47.7162666321], [593.37310791, -247.049072266, 17.7214183807, -1.09894526005, 1.76413166523, 77.1741867065, -42.8803062439, 133.824890137, -37.1776542664, 23.4348564148, -43.5986633301, 31.7264633179, -36.2127456665], [-516.73046875, 291.236816406, 9.51476097107, 15.134677887, 39.9197921753, -62.1352424622, 57.3696174622, -37.1776542664, 128.597244263, -5.64651870728, 58.6381530762, -31.6792545319, 44.016872406], [153.816436768, -125.83291626, 47.3228416443, -9.26985645294, -17.4088554382, 20.7796382904, -14.6874198914, 23.4348564148, -5.64651870728, 76.8769683838, -7.85215759277, 29.1531867981, -16.878484726], [-541.665527344, 301.710968018, 3.80696868896, -11.9772415161, 31.9746360779, -60.4846534729, 49.7446479797, -43.5986633301, 58.6381530762, -7.85215759277, 114.391075134, -23.3378868103, 48.7802391052], [369.221405029, -208.230560303, 25.491235733, 10.7876825333, -14.0106334686, 32.1026382446, -51.1687469482, 31.7264633179, -31.6792545319, 29.1531867981, -23.3378868103, 85.9576950073, -19.9490146637], [-421.083007812, 216.628005981, -14.4606990814, 0.428482562304, 11.5386199951, -48.8059616089, 47.7162666321, -36.2127456665, 44.016872406, -16.878484726, 48.7802391052, -19.9490146637, 84.9414825439]],
        "icov": [[0.000783453811891, 0.000256265862845, 0.00106049363967, -0.000350239279214, -0.000528570497409, -0.00148880318739, 0.00114791467786, -0.00112931092735, 0.00036890708725, -0.000453476008261, 0.000751475512516, -0.000812137091998, 0.000599077320658], [0.000256265862845, 0.00668429629877, -0.000330743612722, 0.00483260909095, -0.00455439044163, 0.00239375140518, -0.00295923370868, 0.00305977184325, -0.0048726350069, 0.00477038184181, -0.00591479521245, 0.00433848518878, -0.0030078869313], [0.00106049363967, -0.000330743612722, 0.00540681788698, -0.00179591262713, -1.69741342688e-05, -0.00173448526766, 0.00171468907502, -0.00233260286041, 0.000722103926819, -0.00333725381643, 0.00115122343414, -0.00205707643181, 0.0018966946518], [-0.000350239279214, 0.00483260909095, -0.00179591262713, 0.0116053521633, -0.00124393985607, 0.00166173407342, -0.00248882337473, 0.00347756105475, -0.00663614599034, 0.00644212495536, -0.00394459301606, 0.00232664961368, -0.00289007858373], [-0.000528570497409, -0.00455439044163, -1.69741342688e-05, -0.00124393985607, 0.0084294360131, -0.000106938554381, 1.12505167635e-05, -0.00282750558108, 0.00150488235522, -0.00128669571131, 0.00302254385315, -0.00363998464309, 0.00295379781164], [-0.00148880318739, 0.00239375140518, -0.00173448526766, 0.00166173407342, -0.000106938554381, 0.0129739101976, -0.00317087420262, 5.1630240705e-06, -0.00105514074676, 0.00205152877606, -0.00301498151384, 0.0036114922259, -0.00100235978607], [0.00114791467786, -0.00295923370868, 0.00171468907502, -0.00248882337473, 1.12505167635e-05, -0.00317087420262, 0.0139704030007, -0.0025672223419, 0.00165608385578, -0.00424022274092, 0.00356889003888, 0.00100017571822, -0.000739211041946], [-0.00112931092735, 0.00305977184325, -0.00233260286041, 0.00347756105475, -0.00282750558108, 5.1630240705e-06, -0.0025672223419, 0.014660179615, -0.00300308736041, 0.00177281314973, -0.00257922336459, 0.0022879645694, -0.00181017850991], [0.00036890708725, -0.0048726350069, 0.000722103926819, -0.00663614599034, 0.00150488235522, -0.00105514074676, 0.00165608385578, -0.00300308736041, 0.0171350128949, -0.00621593557298, 0.0015370734036, -0.00116798572708, 0.000119110627566], [-0.000453476008261, 0.00477038184181, -0.00333725381643, 0.00644212495536, -0.00128669571131, 0.00205152877606, -0.00424022274092, 0.00177281314973, -0.00621593557298, 0.0219667591155, -0.00558297289535, -0.00175950024277, -0.000144323086715], [0.000751475512516, -0.00591479521245, 0.00115122343414, -0.00394459301606, 0.00302254385315, -0.00301498151384, 0.00356889003888, -0.00257922336459, 0.0015370734036, -0.00558297289535, 0.0208378192037, -0.00487774657086, -0.00123976788018], [-0.000812137091998, 0.00433848518878, -0.00205707643181, 0.00232664961368, -0.00363998464309, 0.0036114922259, 0.00100017571822, 0.0022879645694, -0.00116798572708, -0.00175950024277, -0.00487774657086, 0.0215932745486, -0.00434123631567], [0.000599077320658, -0.0030078869313, 0.0018966946518, -0.00289007858373, 0.00295379781164, -0.00100235978607, -0.000739211041946, -0.00181017850991, 0.000119110627566, -0.000144323086715, -0.00123976788018, -0.00434123631567, 0.0210195370018]]
    },
    "melbands": {
        "dmean": [0.00103084323928, 0.00195218168665, 0.00111477146856, 0.00065480027115, 0.0004638506216, 0.000343987601809, 0.000200052498258, 0.000125971346279, 7.23613557057e-05, 8.07019532658e-05, 5.84426015848e-05, 4.50787265436e-05, 2.79831201624e-05, 1.6605546989e-05, 1.15816346806e-05, 1.50857731569e-05, 2.72310153377e-05, 1.30974012791e-05, 1.08391577669e-05, 8.27589065011e-06, 1.38675932249e-05, 1.42867966133e-05, 9.71901681623e-06, 6.41949418423e-06, 5.92974220126e-06, 6.24944777883e-06, 4.49929120805e-06, 3.80368874175e-06, 3.5424352518e-06, 3.9653677959e-06, 3.14507451549e-06, 3.43735518982e-06, 2.83133999801e-06, 2.88786645797e-06, 2.01892794394e-06, 1.77028186954e-06, 1.67831217368e-06, 1.9998242351e-06, 1.97419308279e-06, 1.22903065858e-06],
        "dmean2": [0.00177902902942, 0.00335561507381, 0.00188190641347, 0.0010926843388, 0.000752982799895, 0.000547128147446, 0.000330131268129, 0.000193665211555, 0.000118531192129, 0.000127085513668, 9.25490603549e-05, 7.26407452021e-05, 4.54147120763e-05, 2.70183991233e-05, 1.91932849702e-05, 2.46005711233e-05, 4.33204295405e-05, 2.18794502871e-05, 1.85069275176e-05, 1.39461280924e-05, 2.32419552049e-05, 2.39150831476e-05, 1.57038030011e-05, 1.0688682778e-05, 1.00347551779e-05, 1.05719745989e-05, 7.49553146306e-06, 6.22069364908e-06, 5.64844640394e-06, 6.42037275611e-06, 4.95764379593e-06, 5.72995077164e-06, 4.4557068577e-06, 4.3614563765e-06, 2.99472912957e-06, 2.55586041931e-06, 2.44965531238e-06, 2.85419559987e-06, 2.94842789117e-06, 1.74358376626e-06],
        "dvar": [3.17280955642e-06, 2.42635833274e-05, 3.44490490534e-06, 8.95898153885e-07, 4.01538471806e-07, 1.85970094435e-07, 1.05919909288e-07, 4.79538719844e-08, 1.09188214026e-08, 2.64686885743e-08, 1.05509831982e-08, 7.64517782414e-09, 2.63699106995e-09, 5.34372102123e-10, 2.42719150334e-10, 5.8445165374e-10, 1.83573001244e-09, 4.00765420849e-10, 3.59111601567e-10, 2.06974076766e-10, 4.73022843117e-10, 4.60564530957e-10, 4.41219616398e-10, 1.53148133064e-10, 8.59157328614e-11, 1.29581151365e-10, 5.64335418674e-11, 2.81837764932e-11, 2.91384485984e-11, 4.13549992861e-11, 2.91000435554e-11, 5.09003186822e-11, 3.04792441286e-11, 3.54682463954e-11, 1.65325479001e-11, 1.26774493681e-11, 1.28359189597e-11, 1.96508954942e-11, 2.31038313481e-11, 7.54059835406e-12],
        "dvar2": [9.20139518712e-06, 6.73058675602e-05, 9.76539195108e-06, 2.41784096033e-06, 9.62650233305e-07, 4.9708393135e-07, 2.76911180208e-07, 1.17345351214e-07, 2.61847734606e-08, 5.91557629548e-08, 2.57328363062e-08, 1.9077981861e-08, 6.01836092073e-09, 1.34172195576e-09, 6.07188410662e-10, 1.49222723067e-09, 4.65564653496e-09, 1.09369013845e-09, 1.13063858276e-09, 5.52383916386e-10, 1.21642396156e-09, 1.17476983696e-09, 9.98152449583e-10, 3.82386150521e-10, 2.22876897493e-10, 3.52675250115e-10, 1.53315887763e-10, 7.28027568786e-11, 7.14190026563e-11, 1.05385825067e-10, 7.42046771252e-11, 1.30944477483e-10, 6.95400750872e-11, 7.7765564821e-11, 3.91350528373e-11, 2.5620731231e-11, 2.42981676446e-11, 4.14376588598e-11, 5.65518708251e-11, 1.54391915919e-11],
        "max": [0.0206502769142, 0.0494436994195, 0.0205904673785, 0.0106736309826, 0.00737423542887, 0.00553168356419, 0.00494549050927, 0.00307732564397, 0.00159478082787, 0.00237140082754, 0.00215295283124, 0.00146979780402, 0.00106233381666, 0.000429971172707, 0.000229789744481, 0.000346139073372, 0.000553927267902, 0.000272782956017, 0.000285834772512, 0.000269377807854, 0.000312004733132, 0.000326013483573, 0.000668080698233, 0.000320635270327, 0.000125282182125, 0.000187206387636, 0.000124679500004, 4.48032296845e-05, 6.01238243689e-05, 5.39417342225e-05, 6.3785664679e-05, 7.92033824837e-05, 8.59386855154e-05, 8.00090274424e-05, 8.60504587763e-05, 9.62700069067e-05, 8.18160624476e-05, 8.30865828902e-05, 6.36474433122e-05, 4.92505751026e-05],
        "mean": [0.00161365128588, 0.00312595069408, 0.00217562704347, 0.00136595009826, 0.00105200149119, 0.000778959016316, 0.000371449015802, 0.000255221239058, 0.000147153463331, 0.00017713716079, 0.00011452248873, 8.39212589199e-05, 5.69988333154e-05, 3.43208594131e-05, 2.29841971304e-05, 2.95791851386e-05, 4.64732038381e-05, 2.75643105851e-05, 1.95778156922e-05, 1.51254798766e-05, 2.43969552685e-05, 2.67800114671e-05, 1.92816205526e-05, 1.35776463139e-05, 1.12638235805e-05, 9.7408747024e-06, 8.31796205603e-06, 6.89146872901e-06, 6.15522912994e-06, 6.36937693343e-06, 4.73409818369e-06, 4.5911210691e-06, 4.05322907682e-06, 4.28519206253e-06, 3.26185181621e-06, 3.20644107887e-06, 2.97500923807e-06, 3.05616890728e-06, 2.72337115348e-06, 1.82132737336e-06],
        "median": [0.00126115244348, 0.00206812447868, 0.001497623045, 0.00100439344533, 0.000690458808094, 0.000566588947549, 0.000209255085792, 0.000149780564243, 0.000100965466117, 6.92364337738e-05, 6.1195998569e-05, 4.49985454907e-05, 3.35457480105e-05, 2.2613139663e-05, 1.66521313076e-05, 1.79240505531e-05, 2.67008581432e-05, 1.82345374924e-05, 1.097578388e-05, 9.3353801276e-06, 1.6147223505e-05, 1.9460434487e-05, 1.3083513295e-05, 9.09968457563e-06, 7.03819978298e-06, 5.72285762246e-06, 4.82314044348e-06, 4.67720974484e-06, 3.76552475245e-06, 3.67214556718e-06, 2.2758799787e-06, 1.77285619429e-06, 1.68916687926e-06, 1.7831241621e-06, 1.53891369337e-06, 1.54975816713e-06, 1.22254323287e-06, 1.19238200114e-06, 9.18906721381e-07, 5.61258787002e-07],
        "min": [1.79731125627e-06, 1.43803308674e-05, 6.81929896018e-06, 1.04189593912e-05, 8.76476133271e-06, 1.03663132904e-05, 6.49852972856e-06, 3.87063755625e-06, 1.34202832669e-06, 9.18971807096e-07, 3.6080879795e-07, 2.53706957665e-07, 1.6235567557e-07, 8.44703293978e-08, 4.71804177948e-08, 2.12636077634e-08, 7.19718968867e-08, 2.88508150703e-08, 7.27681959134e-09, 7.22774773365e-09, 4.35931646336e-09, 6.71865052482e-09, 7.44478834136e-09, 3.90935106509e-09, 4.04584010738e-09, 5.2860329447e-09, 6.54644027875e-09, 5.51139311966e-09, 4.16510159695e-09, 9.17332210193e-10, 4.40912063804e-12, 4.18846858238e-12, 4.04646411864e-12, 5.31748776955e-11, 7.09828571789e-13, 2.4832984627e-11, 3.36676554691e-11, 1.28735737348e-11, 1.08234656047e-12, 1.84512276877e-13],
