{
"highlevel": {
    "danceability": {
        "all": {
            "danceable": 0.238077178597,
            "not_danceable": 0.761922836304
        },
        "probability": 0.761922836304,
        "value": "not_danceable"
    },
    "gender": {
        "all": {
            "female": 0.639682114124,
            "male": 0.360317856073
        },
        "probability": 0.639682114124,
        "value": "female"
    },
    "genre_dortmund": {
        "all": {
            "alternative": 0.283243536949,
            "blues": 0.024567887187,
            "electronic": 0.0716254934669,
            "folkcountry": 0.0154476258904,
            "funksoulrnb": 0.00694031594321,
            "jazz": 0.0163469091058,
            "pop": 0.0372382886708,
            "raphiphop": 0.00940430909395,
            "rock": 0.53518563509
        },
        "probability": 0.53518563509,
        "value": "rock"
    },
    "genre_electronic": {
        "all": {
            "ambient": 0.646688580513,
            "dnb": 0.0854959860444,
            "house": 0.174960076809,
            "techno": 0.0137687362731,
            "trance": 0.0790866315365
        },
        "probability": 0.646688580513,
        "value": "ambient"
    },
    "genre_rosamerica": {
        "all": {
            "cla": 0.00941548682749,
            "dan": 0.0380508452654,
            "hip": 0.0152097539976,
            "jaz": 0.00658124964684,
            "pop": 0.136319890618,
            "rhy": 0.0404213927686,
            "roc": 0.747000217438,
            "spe": 0.00700115645304
        },
        "probability": 0.747000217438,
        "value": "roc"
    },
    "genre_tzanetakis": {
        "all": {
            "blu": 0.0626613423228,
            "cla": 0.0348169617355,
            "cou": 0.104475811124,
            "dis": 0.0784321576357,
            "hip": 0.15692435205,
            "jaz": 0.313974827528,
            "met": 0.0448166541755,
            "pop": 0.0627359300852,
            "reg": 0.0627360641956,
            "roc": 0.0784258767962
        },
        "probability": 0.313974827528,
        "value": "jaz"
    },
    "ismir04_rhythm": {
        "all": {
            "ChaChaCha": 0.755605697632,
            "Jive": 0.0117672085762,
            "Quickstep": 0.00881198886782,
            "Rumba-American": 0.00502724945545,
            "Rumba-International": 0.0351604893804,
            "Rumba-Misc": 0.00234483415261,
            "Samba": 0.0778459310532,
            "Tango": 0.087391577661,
            "VienneseWaltz": 0.0139904385433,
            "Waltz": 0.00205458886921
        },
        "probability": 0.755605697632,
        "value": "ChaChaCha"
    },
    "mood_acoustic": {
        "all": {
            "acoustic": 0.00930459890515,
            "not_acoustic": 0.990695416927
        },
        "probability": 0.990695416927,
        "value": "not_acoustic"
    },
    "mood_aggressive": {
        "all": {
            "aggressive": 0.840929448605,
            "not_aggressive": 0.159070566297
        },
        "probability": 0.840929448605,
        "value": "aggressive"
    },
    "mood_electronic": {
        "all": {
            "electronic": 0.627159297466,
            "not_electronic": 0.372840702534
        },
        "probability": 0.627159297466,
        "value": "electronic"
    },
    "mood_happy": {
        "all": {
            "happy": 0.00986344367266,
            "not_happy": 0.990136563778
        },
        "probability": 0.990136563778,
        "value": "not_happy"
    },
    "mood_party": {
        "all": {
            "not_party": 0.464453756809,
            "party": 0.535546243191
        },
        "probability": 0.535546243191,
        "value": "party"
    },
    "mood_relaxed": {
        "all": {
            "not_relaxed": 0.826455771923,
            "relaxed": 0.173544213176
        },
        "probability": 0.826455771923,
        "value": "not_relaxed"
    },
    "mood_sad": {
        "all": {
            "not_sad": 0.559002220631,
            "sad": 0.440997809172
        },
        "probability": 0.559002220631,
        "value": "not_sad"
    },
    "moods_mirex": {
        "all": {
            "Cluster1": 0.519190788269,
            "Cluster2": 0.0808058604598,
            "Cluster3": 0.173766702414,
            "Cluster4": 0.135357707739,
            "Cluster5": 0.0908789783716
        },
        "probability": 0.519190788269,
        "value": "Cluster1"
    },
    "timbre": {
        "all": {
            "bright": 0.00943298544735,
            "dark": 0.990567028522
        },
        "probability": 0.990567028522,
        "value": "dark"
    },
    "tonal_atonal": {
        "all": {
            "atonal": 0.814332604408,
            "tonal": 0.185667395592
        },
        "probability": 0.814332604408,
        "value": "atonal"
    },
    "voice_instrumental": {
        "all": {
            "instrumental": 0.387330919504,
            "voice": 0.612669050694
        },
        "probability": 0.612669050694,
        "value": "voice"
    }
},
"lowlevel": {
    "average_loudness": 0.886172294617,
    "barkbands_crest": {
        "dmean": 2.42112374306,
        "dmean2": 3.80705165863,
        "dvar": 6.72363424301,
        "dvar2": 14.7164945602,
        "max": 25.4959869385,
        "mean": 11.0685777664,
        "median": 9.88200283051,
        "min": 2.84704875946,
        "var": 20.1471977234
    },
    "barkbands_flatness_db": {
        "dmean": 0.0198629051447,
        "dmean2": 0.0311435107142,
        "dvar": 0.000371902133338,
        "dvar2": 0.000859100080561,
        "max": 0.418227612972,
        "mean": 0.203046306968,
        "median": 0.172768160701,
        "min": 0.0627890452743,
        "var": 0.00750319520012
    },
    "barkbands_kurtosis": {
        "dmean": 1.93516027927,
        "dmean2": 3.0119240284,
        "dvar": 11.0856981277,
        "dvar2": 23.470954895,
        "max": 69.6064376831,
        "mean": 2.68349957466,
        "median": 1.22105932236,
        "min": -1.77264904976,
        "var": 25.3683605194
    },
    "barkbands_skewness": {
        "dmean": 0.489526897669,
        "dmean2": 0.73490357399,
        "dvar": 0.286044687033,
        "dvar2": 0.572671711445,
        "max": 7.85523605347,
        "mean": 1.26042616367,
        "median": 1.34790790081,
        "min": -2.04213547707,
        "var": 1.26925194263
    },
    "barkbands_spread": {
        "dmean": 4.27761793137,
        "dmean2": 6.7392115593,
        "dvar": 32.2753105164,
        "dvar2": 78.7464141846,
        "max": 75.118019104,
        "mean": 21.8934688568,
        "median": 23.0492286682,
        "min": 1.58381271362,
        "var": 196.612579346
    },
    "dissonance": {
        "dmean": 0.0150588098913,
        "dmean2": 0.025843527168,
        "dvar": 0.000280598382233,
        "dvar2": 0.000782796822023,
        "max": 0.500000059605,
        "mean": 0.470431476831,
        "median": 0.482184380293,
        "min": 0.319599896669,
        "var": 0.000967786996625
    },
    "dynamic_complexity": 3.26470065117,
    "erbbands_crest": {
        "dmean": 2.79597258568,
        "dmean2": 4.45210361481,
        "dvar": 6.79250860214,
        "dvar2": 15.370762825,
        "max": 28.7381267548,
        "mean": 10.9741945267,
        "median": 9.60596942902,
        "min": 3.1988799572,
        "var": 27.2363243103
    },
    "erbbands_flatness_db": {
        "dmean": 0.0169499684125,
        "dmean2": 0.0245004277676,
        "dvar": 0.000253462116234,
        "dvar2": 0.000488254008815,
        "max": 0.333335667849,
        "mean": 0.203032925725,
        "median": 0.1891913414,
        "min": 0.0877031311393,
        "var": 0.00379860098474
    },
    "erbbands_kurtosis": {
        "dmean": 1.09527087212,
        "dmean2": 1.67738211155,
        "dvar": 1.77359187603,
        "dvar2": 3.47723197937,
        "max": 22.0095443726,
        "mean": 1.39652907848,
        "median": 0.7263007164,
        "min": -1.66955864429,
        "var": 8.10498809814
    },
    "erbbands_skewness": {
        "dmean": 0.333743602037,
        "dmean2": 0.519025027752,
        "dvar": 0.081082880497,
        "dvar2": 0.188740566373,
        "max": 2.18910288811,
        "mean": -0.197479963303,
        "median": -0.184474110603,
        "min": -2.98865556717,
        "var": 0.558065891266
    },
    "erbbands_spread": {
        "dmean": 6.00317716599,
        "dmean2": 8.77407169342,
        "dvar": 53.5563926697,
        "dvar2": 103.867462158,
        "max": 114.160064697,
        "mean": 25.8148136139,
        "median": 22.6519508362,
        "min": 4.43260335922,
        "var": 186.381576538
    },
    "hfc": {
        "dmean": 7.80971860886,
        "dmean2": 12.1457271576,
        "dvar": 155.089736938,
        "dvar2": 332.968444824,
        "max": 115.389572144,
        "mean": 26.3086395264,
        "median": 24.9000453949,
        "min": 0.633207559586,
        "var": 566.312561035
    },
    "melbands_crest": {
        "dmean": 2.96306943893,
        "dmean2": 4.87902641296,
        "dvar": 9.7279548645,
        "dvar2": 26.0610713959,
        "max": 29.9630756378,
        "mean": 15.0009346008,
        "median": 14.3414974213,
        "min": 3.88146567345,
        "var": 26.4300193787
    },
    "melbands_flatness_db": {
        "dmean": 0.0244699642062,
        "dmean2": 0.0368321090937,
        "dvar": 0.000676902127452,
        "dvar2": 0.00148415402509,
        "max": 0.53182053566,
        "mean": 0.262523263693,
        "median": 0.223955601454,
        "min": 0.0748312622309,
        "var": 0.0140407364815
    },
    "melbands_kurtosis": {
        "dmean": 5.74880933762,
        "dmean2": 8.71183586121,
        "dvar": 107.896934509,
        "dvar2": 232.983398438,
        "max": 150.50894165,
        "mean": 10.2956962585,
        "median": 6.35170459747,
        "min": -1.66974794865,
        "var": 197.512405396
    },
    "melbands_skewness": {
        "dmean": 0.715669333935,
        "dmean2": 1.05336344242,
        "dvar": 0.752369701862,
        "dvar2": 1.44210374355,
        "max": 10.7331933975,
        "mean": 2.48643255234,
        "median": 2.27919816971,
        "min": -1.49355626106,
        "var": 2.50882101059
    },
    "melbands_spread": {
        "dmean": 6.20672988892,
        "dmean2": 9.64577865601,
        "dvar": 60.9219360352,
        "dvar2": 143.611053467,
        "max": 78.3729934692,
        "mean": 25.0789756775,
        "median": 19.519947052,
        "min": 1.37294268608,
        "var": 390.300872803
    },
    "pitch_salience": {
        "dmean": 0.0709504783154,
        "dmean2": 0.115698121488,
        "dvar": 0.00502825947478,
        "dvar2": 0.0120437815785,
        "max": 0.805940747261,
        "mean": 0.511195600033,
        "median": 0.528060495853,
        "min": 0.126188486814,
        "var": 0.0173462424427
    },
    "silence_rate_20dB": {
        "dmean": 0,
        "dmean2": 0,
        "dvar": 0,
        "dvar2": 0,
        "max": 1,
        "mean": 1,
        "median": 1,
        "min": 1,
        "var": 0
    },
    "silence_rate_30dB": {
        "dmean": 0.0603715181351,
        "dmean2": 0.120836563408,
        "dvar": 0.056727360934,
        "dvar2": 0.10933431983,
        "max": 1,
        "mean": 0.927300870419,
        "median": 1,
        "min": 0,
        "var": 0.0674146488309
    },
    "silence_rate_60dB": {
        "dmean": 0.0061919502914,
        "dmean2": 0.0123934932053,
        "dvar": 0.00615357933566,
        "dvar2": 0.0122398743406,
        "max": 1,
        "mean": 0.00928074214607,
        "median": 0,
        "min": 0,
        "var": 0.0091945445165
    },
    "spectral_centroid": {
        "dmean": 168.710678101,
        "dmean2": 252.684539795,
        "dvar": 51700.1210938,
        "dvar2": 100227.429688,
        "max": 3244.48120117,
        "mean": 1238.03088379,
        "median": 1369.74145508,
        "min": 200.396774292,
        "var": 570646.4375
    },
    "spectral_complexity": {
        "dmean": 3.7817337513,
        "dmean2": 5.92176628113,
        "dvar": 20.7726974487,
        "dvar2": 41.7712593079,
        "max": 59,
        "mean": 20.9961338043,
        "median": 21,
        "min": 3,
        "var": 128.753234863
    },
    "spectral_decrease": {
        "dmean": 3.29791216558e-09,
        "dmean2": 4.73809524948e-09,
        "dvar": 4.27298972045e-17,
        "dvar2": 8.30922909993e-17,
        "max": -4.14001971594e-10,
        "mean": -9.72343983108e-09,
        "median": -6.86747902989e-09,
        "min": -5.9367145866e-08,
        "var": 1.01648982929e-16
    },
    "spectral_energy": {
        "dmean": 0.0129212522879,
        "dmean2": 0.0184251777828,
        "dvar": 0.000625455111731,
        "dvar2": 0.00119938224088,
        "max": 0.226354390383,
        "mean": 0.0390847846866,
        "median": 0.0287276711315,
        "min": 0.00161997182295,
        "var": 0.0015640668571
    },
    "spectral_energyband_high": {
        "dmean": 0.000589899078477,
        "dmean2": 0.000895204604603,
        "dvar": 1.55094187448e-06,
        "dvar2": 3.1788895285e-06,
        "max": 0.0116279842332,
        "mean": 0.00100859452505,
        "median": 0.00037157497718,
        "min": 1.01315642098e-07,
        "var": 3.02116654893e-06
    },
    "spectral_energyband_low": {
        "dmean": 0.0111434515566,
        "dmean2": 0.0164015740156,
        "dvar": 0.000649707217235,
        "dvar2": 0.00135840941221,
        "max": 0.220441162586,
        "mean": 0.0223021768034,
        "median": 0.00806610193104,
        "min": 0.000198316411115,
        "var": 0.00120702572167
    },
    "spectral_energyband_middle_high": {
        "dmean": 0.00248672394082,
        "dmean2": 0.00399886956438,
        "dvar": 1.0730822396e-05,
        "dvar2": 2.60732413153e-05,
        "max": 0.0347836613655,
        "mean": 0.00903656892478,
        "median": 0.00915211997926,
        "min": 0.000110051085358,
        "var": 6.29782298347e-05
    },
    "spectral_energyband_middle_low": {
        "dmean": 0.00325351743959,
        "dmean2": 0.00527926255018,
        "dvar": 4.35708934674e-05,
        "dvar2": 0.000115931994515,
        "max": 0.0655499473214,
        "mean": 0.0077923075296,
        "median": 0.00591903971508,
        "min": 0.000488902151119,
        "var": 4.73356994917e-05
    },
    "spectral_entropy": {
        "dmean": 0.147384926677,
        "dmean2": 0.211518332362,
        "dvar": 0.018798539415,
        "dvar2": 0.0358829498291,
        "max": 8.29179573059,
        "mean": 7.16850805283,
        "median": 7.48242902756,
        "min": 5.2092423439,
        "var": 0.582962751389
    },
    "spectral_flux": {
        "dmean": 0.0267248693854,
        "dmean2": 0.0397051312029,
        "dvar": 0.00162922334857,
        "dvar2": 0.00280668470077,
        "max": 0.396845012903,
        "mean": 0.0853394418955,
        "median": 0.0688880607486,
        "min": 0.0151946432889,
        "var": 0.00465190270916
    },
    "spectral_kurtosis": {
        "dmean": 6.49152708054,
        "dmean2": 11.2920856476,
        "dvar": 121.773109436,
        "dvar2": 377.60458374,
        "max": 96.1972808838,
        "mean": 19.0308475494,
        "median": 5.33857059479,
        "min": -0.81075334549,
        "var": 639.488952637
    },
    "spectral_rms": {
        "dmean": 0.000828367250506,
        "dmean2": 0.00116353796329,
        "dvar": 1.47643265791e-06,
        "dvar2": 2.62400567408e-06,
        "max": 0.0148604689166,
        "mean": 0.00556123023853,
        "median": 0.00529405288398,
        "min": 0.00125716358889,
        "var": 7.20425350664e-06
    },
    "spectral_rolloff": {
        "dmean": 282.630187988,
        "dmean2": 499.302337646,
        "dvar": 251476.265625,
        "dvar2": 591270.9375,
        "max": 6481.49414062,
        "mean": 1148.99072266,
        "median": 1291.9921875,
        "min": 86.1328125,
        "var": 719911.875
    },
    "spectral_skewness": {
        "dmean": 0.474012583494,
        "dmean2": 0.797697067261,
        "dvar": 0.375086545944,
        "dvar2": 1.18025040627,
        "max": 8.02635955811,
        "mean": 2.66402935982,
        "median": 1.7144908905,
        "min": 0.348844468594,
        "var": 3.53259253502
    },
    "spectral_spread": {
        "dmean": 462374.15625,
        "dmean2": 678631.125,
        "dvar": 220062203904,
        "dvar2": 414702927872,
        "max": 7799277.5,
        "mean": 3259293.75,
        "median": 3509657.75,
        "min": 808721.4375,
        "var": 2.28557376717e+12
    },
    "spectral_strongpeak": {
        "dmean": 0.772545456886,
        "dmean2": 1.40709197521,
        "dvar": 2.97475504875,
        "dvar2": 7.64216566086,
        "max": 10.0129261017,
        "mean": 1.05661857128,
        "median": 0.39515709877,
        "min": 0.0320652984083,
        "var": 3.24247646332
    },
    "zerocrossingrate": {
        "dmean": 0.00656496407464,
        "dmean2": 0.00794865936041,
        "dvar": 5.64579386264e-05,
        "dvar2": 7.30404208298e-05,
        "max": 0.14501953125,
        "mean": 0.044369019568,
        "median": 0.0439453125,
        "min": 0.00537109375,
        "var": 0.000707246421371
    },
    "barkbands": {
        "dmean": [0.000102141326352, 0.00884776655585, 0.00357797276229, 0.00168435531668, 0.00136639503762, 0.000553595367819, 0.000392229558202, 0.00014518154785, 0.00032124252175, 0.000277555867797, 0.000178300761036, 0.000280304870103, 0.000774867483415, 0.00117123825476, 0.00119888712652, 0.000516652769875, 0.000125123988255, 0.000137599461596, 0.000177794965566, 0.00020288999076, 0.000135200054501, 0.000112970374175, 0.000115430702863, 0.000127231163788, 4.56888301414e-05, 2.34893104789e-05, 1.91327931276e-09],
        "dmean2": [0.000164159442647, 0.013074202463, 0.00619998155162, 0.00285441917367, 0.00230461522005, 0.000830712204333, 0.000648186018225, 0.000242826761678, 0.000503192306496, 0.00043339090189, 0.000307093578158, 0.000469429971417, 0.00134181184694, 0.00178099016193, 0.00179506256245, 0.000909244641662, 0.000209044199437, 0.000233785351156, 0.00026472270838, 0.00032022211235, 0.000224854084081, 0.000175924753421, 0.000172763917362, 0.000186466699233, 7.15943606338e-05, 3.58810284524e-05, 3.2746574341e-09],
        "dvar": [4.76212207445e-08, 0.000487515208079, 0.000117198716907, 1.35757563839e-05, 6.94529217071e-06, 7.6886988154e-07, 4.00822870006e-07, 7.24197875002e-08, 3.06982059328e-07, 1.62636865753e-07, 1.0221332758e-07, 4.07457775964e-07, 1.44776504385e-06, 3.43746228282e-06, 4.05374248658e-06, 9.46583611494e-07, 3.95056751756e-08, 6.87826613444e-08, 1.20992638131e-07, 1.58835163688e-07, 7.9905447592e-08, 6.1076974589e-08, 5.79788519417e-08, 1.57264338441e-07, 8.53622506014e-09, 1.94295646239e-09, 8.95519429261e-17],
        "dvar2": [1.11363831934e-07, 0.00105265714228, 0.000318541628076, 3.55450611096e-05, 1.93553842109e-05, 1.86707325156e-06, 1.14358567771e-06, 1.89562697983e-07, 7.08621257672e-07, 3.78171165494e-07, 2.53574086173e-07, 1.01116654605e-06, 3.93144910049e-06, 7.79893252911e-06, 8.29809869174e-06, 2.95252652904e-06, 1.05464472711e-07, 1.8826213477e-07, 2.56044444313e-07, 3.70676531247e-07, 2.01686091827e-07, 1.34818080255e-07, 1.21013627563e-07, 3.27398254285e-07, 1.98160350351e-08, 4.54323778598e-09, 1.03719832901e-16],
        "max": [0.00219549098983, 0.208515897393, 0.0843905359507, 0.0324155017734, 0.023150138557, 0.0096409637481, 0.00634817406535, 0.00364702404477, 0.0064895497635, 0.00419965619221, 0.00378809985705, 0.0183586888015, 0.0101007008925, 0.0242952872068, 0.0212461203337, 0.0102836126462, 0.00182427919935, 0.00228888471611, 0.00393289746717, 0.00453950744122, 0.00257355277427, 0.00227579567581, 0.00256905588321, 0.00459742126986, 0.000912040821277, 0.000353985116817, 3.26407644025e-07],
        "mean": [0.000134832764161, 0.0149030983448, 0.00626402487978, 0.00213467725553, 0.00277214450762, 0.00125348591246, 0.000711394590326, 0.000209856079891, 0.000631601258647, 0.000561519700568, 0.000239999848418, 0.000412960333051, 0.00121747993398, 0.00228554732166, 0.00247989501804, 0.000998105155304, 0.000219474721234, 0.000198744906811, 0.000326806039084, 0.000337051460519, 0.000211180435144, 0.00016740000865, 0.000172760686837, 0.000151874206495, 6.17517871433e-05, 2.72013094218e-05, 1.61697288892e-09],
        "median": [1.47559794641e-05, 0.00497003924102, 0.000944234372582, 0.00105750386138, 0.00197946326807, 0.000727328821085, 0.000360765669029, 0.000110844215669, 0.000306053028908, 0.000278567924397, 0.00012300760136, 0.000198629306396, 0.000775220338255, 0.000953656504862, 0.000700563599821, 0.00031292650965, 0.000132225075504, 9.87236417131e-05, 0.000159423871082, 0.000151521569933, 9.04233238543e-05, 3.87197469536e-05, 4.74174266856e-05, 2.21393765969e-05, 1.5234672901e-05, 4.74346416013e-06, 4.50041309774e-10],
        "min": [1.1620078233e-09, 5.80110681767e-05, 9.7585768799e-07, 2.28351132137e-06, 2.07129032788e-05, 1.90719983948e-05, 6.06576850259e-06, 2.50430275628e-06, 7.62688796385e-06, 3.40878432326e-06, 4.05093805966e-06, 1.43775114338e-05, 1.15080592877e-05, 3.39986104336e-06, 9.29029226882e-07, 3.39568629215e-07, 3.05574303638e-08, 1.37966353009e-07, 1.60942875027e-07, 2.23692815382e-08, 8.04806088439e-09, 1.39196352222e-08, 1.62133044768e-08, 1.14623857073e-08, 1.39923420073e-10, 1.12047558731e-11, 1.30753628411e-11],
        "var": [7.02366946825e-08, 0.000767253222875, 0.00020584007143, 1.23194067783e-05, 7.78379853728e-06, 1.90000844214e-06, 8.33301498915e-07, 9.93050832676e-08, 7.92709897723e-07, 4.80758217236e-07, 1.29405066218e-07, 5.88018508552e-07, 2.05645710594e-06, 1.0082114386e-05, 1.443009387e-05, 2.40150643549e-06, 7.46716821709e-08, 8.69288854233e-08, 2.48842781048e-07, 2.91920116524e-07, 1.17785340592e-07, 9.82472414535e-08, 1.05028632902e-07, 2.00815804874e-07, 1.33583570872e-08, 2.45327047566e-09, 8.82831405107e-17]
    },
    "erbbands": {
        "dmean": [0.218822017312, 2.25940799713, 4.59369325638, 4.43251180649, 5.84107398987, 4.19908237457, 3.58326101303, 5.26829910278, 6.04716253281, 3.83099222183, 3.61190342903, 6.87256240845, 7.01999616623, 8.12450027466, 7.95311355591, 11.2994127274, 31.2331352234, 45.0582046509, 82.0780715942, 17.2886943817, 33.3827285767, 7.19890499115, 6.89372491837, 7.38487672806, 9.21527957916, 9.83765506744, 7.90013360977, 3.85940814018, 4.42795753479, 3.62648105621, 3.43433785439, 2.12705612183, 2.33244919777, 0.689360380173, 0.294466584921, 0.147067725658, 0.0364499092102, 0.00151423015632, 4.0605009417e-05, 1.67714879353e-05],
        "dmean2": [0.344534486532, 3.5498175621, 8.11597156525, 7.45871734619, 9.52979755402, 7.15480518341, 5.71038103104, 7.52859258652, 9.91885375977, 6.19317865372, 6.10999202728, 10.7935886383, 11.2681217194, 12.8817052841, 13.4024629593, 18.9628124237, 53.2157554626, 69.8648757935, 125.361709595, 26.3852310181, 59.2252235413, 12.2188520432, 11.4851884842, 11.3146915436, 13.9605503082, 15.2115697861, 12.9597253799, 6.19729185104, 6.95339345932, 5.54853868484, 5.19366550446, 2.98926186562, 3.53319740295, 1.03849279881, 0.464181482792, 0.224279120564, 0.0561416000128, 0.00239561055787, 6.10220886301e-05, 2.31263129535e-05],
        "dvar": [0.276085197926, 34.0832748413, 171.82208252, 132.266799927, 126.876296997, 71.8517532349, 31.1837806702, 73.8917007446, 97.2688827515, 26.1506843567, 43.7943382263, 159.299987793, 145.766540527, 128.281463623, 244.50177002, 419.660614014, 2240.80957031, 4249.74267578, 15622.1318359, 1116.59326172, 4168.89501953, 127.057128906, 164.659103394, 190.600158691, 391.592987061, 352.69430542, 268.021942139, 58.6563453674, 94.1207885742, 59.7081031799, 52.5019721985, 33.8122291565, 48.905254364, 2.18346214294, 0.445571482182, 0.0790061429143, 0.0050443392247, 8.9742070486e-06, 5.48302825365e-09, 8.96362262193e-10],
        "dvar2": [0.583333432674, 80.828704834, 474.037231445, 343.428192139, 341.450592041, 204.573608398, 82.4548339844, 168.175125122, 275.128967285, 72.1417770386, 117.097488403, 361.068054199, 349.201416016, 305.482910156, 642.534301758, 1020.40936279, 5910.90185547, 10573.7402344, 33901.203125, 2252.48706055, 13146.953125, 347.89050293, 457.232910156, 421.492797852, 861.285949707, 798.554443359, 675.771911621, 134.694671631, 209.680679321, 125.349182129, 109.058616638, 64.6262741089, 103.051330566, 4.57144498825, 1.13430500031, 0.18789036572, 0.0119085786864, 2.13357798202e-05, 1.21448229251e-08, 1.62113522606e-09],
        "max": [4.97570419312, 49.6007156372, 92.3067703247, 104.761703491, 115.771850586, 85.4211502075, 60.143989563, 109.721641541, 94.6766891479, 46.7513504028, 69.2114486694, 157.123413086, 149.606414795, 120.305206299, 346.338989258, 493.634002686, 469.291351318, 671.824951172, 1318.84973145, 586.233032227, 694.441650391, 98.2005233765, 114.807113647, 120.662994385, 233.487136841, 221.347122192, 160.201065063, 84.2790374756, 74.6417388916, 82.0076293945, 63.7304725647, 70.6197280884, 72.2702178955, 15.3727035522, 5.75550413132, 2.12152814865, 0.604195654392, 0.0320092365146, 0.000710177584551, 0.000271533353953],
        "mean": [0.329937249422, 3.68921065331, 7.24415969849, 7.67126083374, 9.27582359314, 8.27281665802, 8.37962150574, 11.8242712021, 12.0576753616, 6.95347452164, 6.11307096481, 13.3896579742, 15.1931829453, 16.4566879272, 13.081413269, 18.7745571136, 53.3128318787, 90.9841308594, 191.356994629, 42.4683418274, 62.258266449, 14.901722908, 11.0536212921, 13.6499900818, 16.7428627014, 17.0201072693, 11.8929719925, 6.47048616409, 6.14345932007, 5.42840862274, 5.07316970825, 2.87369203568, 2.7029440403, 0.940975248814, 0.337195038795, 0.167148858309, 0.0415926612914, 0.00176988879684, 6.67867643642e-05, 5.00489768456e-05],
        "median": [0.0950337797403, 1.34944152832, 1.75272405148, 2.23382234573, 5.57093286514, 5.69535589218, 5.61512947083, 6.01132631302, 6.4260635376, 5.03455638885, 3.32717180252, 5.86403226852, 8.85450935364, 9.40970230103, 6.9452624321, 11.9367742538, 36.0803909302, 61.5699310303, 97.6263656616, 31.8857707977, 16.8365707397, 11.28926754, 6.3223938942, 6.61756086349, 8.44692325592, 7.94933223724, 4.76778316498, 2.80909967422, 1.44512462616, 1.36948823929, 1.49654579163, 0.518628776073, 0.417507708073, 0.214037209749, 0.0657380744815, 0.0308518633246, 0.0063142250292, 0.000228518911172, 3.116422522e-05, 3.81336867576e-05],
        "min": [0.0018423309084, 0.0235569756478, 0.0339775495231, 0.0354920849204, 0.0748727917671, 0.0656917542219, 0.103414937854, 0.318497866392, 0.22438660264, 0.259373307228, 0.313015431166, 0.23328910768, 0.172012850642, 0.336708754301, 0.871187210083, 0.862393856049, 0.935346126556, 0.534990668297, 0.0922942683101, 0.045709989965, 0.0154000911862, 0.00433864910156, 0.00810582283884, 0.00978198740631, 0.00591685203835, 0.00166299485136, 0.000608583563007, 0.000343341060216, 0.000418211508077, 0.000439655937953, 0.000470285245683, 0.000248804775765, 0.000172223939444, 8.11341160443e-05, 9.24352843867e-06, 2.95236009151e-06, 9.59974272519e-07, 1.34647564209e-07, 7.75099863404e-07, 1.8099568706e-06],
        "var": [0.404355704784, 47.3618888855, 199.007873535, 219.908432007, 147.377044678, 81.7704849243, 72.2618255615, 213.580673218, 219.097610474, 43.9134750366, 61.1378860474, 380.968566895, 367.26385498, 344.756439209, 380.919250488, 702.71105957, 3706.28662109, 11021.1582031, 61303.2929688, 3396.73364258, 10052.2587891, 271.95324707, 229.39781189, 396.624938965, 713.730651855, 714.697814941, 399.983795166, 101.823905945, 143.497833252, 100.110115051, 93.7118988037, 51.8961181641, 61.4341812134, 3.66380691528, 0.49504712224, 0.0943011119962, 0.00649043545127, 1.32024142658e-05, 9.49451983701e-09, 2.49735743196e-09]
    },
    "gfcc": {
        "mean": [-29.4228229523, 135.633895874, -118.536750793, 31.6808300018, -40.9338951111, 30.0030059814, -35.522644043, -3.43285655975, -17.1126976013, 2.24072623253, -2.01975703239, -10.4305934906, -6.75504589081],
        "cov": [[12872.2216797, -7351.47070312, -1840.66015625, 2804.60473633, -221.799362183, 871.091308594, -789.604064941, 1290.41674805, -126.668464661, 1853.91296387, -1489.09533691, 765.536621094, 207.418701172], [-7351.47070312, 4586.05908203, 1076.34619141, -1630.66967773, 90.1689453125, -638.734069824, 422.549346924, -820.274108887, 60.9694862366, -1194.90576172, 861.008789062, -484.038513184, -129.630752563], [-1840.66015625, 1076.34619141, 690.022766113, -428.910644531, 132.134277344, -85.5192947388, 69.7553329468, -192.310424805, -89.6730194092, -274.165710449, 169.33241272, -130.177963257, -137.603393555], [2804.60473633, -1630.66967773, -428.910644531, 861.924255371, -97.6584777832, 223.089645386, -105.789993286, 267.547485352, 40.5240249634, 328.188476562, -264.560852051, 125.41796875, 69.90284729], [-221.799362183, 90.1689453125, 132.134277344, -97.6584777832, 240.400741577, 35.1723327637, 8.89761638641, 22.8375377655, -21.2037239075, 73.6959915161, -34.8468589783, 24.4537162781, -10.3059720993], [871.091308594, -638.734069824, -85.5192947388, 223.089645386, 35.1723327637, 189.426269531, -5.71789741516, 119.922393799, -4.81783676147, 176.294372559, -97.0883407593, 53.5743331909, 16.7256736755], [-789.604064941, 422.549346924, 69.7553329468, -105.789993286, 8.89761638641, -5.71789741516, 150.526229858, -62.9530601501, 39.938835144, -123.643104553, 114.731567383, -52.1606636047, -8.62258911133], [1290.41674805, -820.274108887, -192.310424805, 267.547485352, 22.8375377655, 119.922393799, -62.9530601501, 213.362472534, 6.20158529282, 236.938583374, -160.525054932, 103.342041016, 37.150478363], [-126.668464661, 60.9694862366, -89.6730194092, 40.5240249634, -21.2037239075, -4.81783676147, 39.938835144, 6.20158529282, 97.0456390381, -18.0827636719, 40.9317703247, -0.79532533884, 36.9179801941], [1853.91296387, -1194.90576172, -274.165710449, 328.188476562, 73.6959915161, 176.294372559, -123.643104553, 236.938583374, -18.0827636719, 427.286712646, -240.411468506, 157.906066895, 46.7509460449], [-1489.09533691, 861.008789062, 169.33241272, -264.560852051, -34.8468589783, -97.0883407593, 114.731567383, -160.525054932, 40.9317703247, -240.411468506, 248.392288208, -93.6642684937, -10.5352535248], [765.536621094, -484.038513184, -130.177963257, 125.41796875, 24.4537162781, 53.5743331909, -52.1606636047, 103.342041016, -0.79532533884, 157.906066895, -93.6642684937, 115.466201782, 30.4243564606], [207.418701172, -129.630752563, -137.603393555, 69.90284729, -10.3059720993, 16.7256736755, -8.62258911133, 37.150478363, 36.9179801941, 46.7509460449, -10.5352535248, 30.4243564606, 85.376449585]],
        "icov": [[0.00215794146061, 0.00047135562636, 0.00119205284864, -0.00326261809096, 0.00123779359274, 2.2189315132e-05, 0.00183052441571, -0.00116148206871, 0.00226245867088, -0.0014896687353, 0.00325245992281, -0.0016096981708, 0.00171333109029], [0.00047135562636, 0.0118333185092, -0.0031794575043, 0.0073822052218, -0.00655037397519, 0.0112903630361, -0.00489813508466, 0.0064505203627, -0.00523090129718, 0.00935489684343, -0.00588102452457, 0.00723648210987, -0.00681602489203], [0.00119205284864, -0.0031794575043, 0.00667389528826, -0.00356137682684, -0.000473126361612, -0.0053919358179, 0.00471803639084, -0.00310345180333, 0.00539190322161, -0.000591689080466, 0.00144384684972, -0.0023626643233, 0.00778754940256], [-0.00326261809096, 0.0073822052218, -0.00356137682684, 0.013649681583, -0.00525352172554, 0.00513642607257, -0.00559354294091, 0.0052294768393, -0.00898367166519, 0.00952768698335, -0.00754737621173, 0.00798701494932, -0.00737163750455], [0.00123779359274, -0.00655037397519, -0.000473126361612, -0.00525352172554, 0.012473509647, -0.00623522186652, 0.00111457589082, -0.0038568561431, 0.00314049771987, -0.0100609241053, 0.00870921369642, -0.00610081851482, 0.002503963653], [2.2189315132e-05, 0.0112903630361, -0.0053919358179, 0.00513642607257, -0.00623522186652, 0.0248936582357, -0.0114755434915, 0.00422676932067, -0.00317645957693, 0.00297991163097, -0.00640719011426, 0.00935679394752, -0.00881792698056], [0.00183052441571, -0.00489813508466, 0.00471803639084, -0.00559354294091, 0.00111457589082, -0.0114755434915, 0.0194676443934, -0.00554615305737, 0.000787008786574, -0.00031648229924, 0.000305475783534, -0.00393860926852, 0.00833607185632], [-0.00116148206871, 0.0064505203627, -0.00310345180333, 0.0052294768393, -0.0038568561431, 0.00422676932067, -0.00554615305737, 0.0216273032129, -0.00723464461043, 0.00207794061862, -0.000796708336566, 0.000673109374475, -0.0062799830921], [0.00226245867088, -0.00523090129718, 0.00539190322161, -0.00898367166519, 0.00314049771987, -0.00317645957693, 0.000787008786574, -0.00723464461043, 0.0235928148031, -0.00561157939956, 0.0015610656701, -0.00477054575458, 0.0015994097339], [-0.0014896687353, 0.00935489684343, -0.000591689080466, 0.00952768698335, -0.0100609241053, 0.00297991163097, -0.00031648229924, 0.00207794061862, -0.00561157939956, 0.0225081574172, -0.00619058217853, 0.00234082876705, -0.00516260042787], [0.00325245992281, -0.00588102452457, 0.00144384684972, -0.00754737621173, 0.00870921369642, -0.00640719011426, 0.000305475783534, -0.000796708336566, 0.0015610656701, -0.00619058217853, 0.0241662599146, -0.00700466893613, 0.00255253817886], [-0.0016096981708, 0.00723648210987, -0.0023626643233, 0.00798701494932, -0.00610081851482, 0.00935679394752, -0.00393860926852, 0.000673109374475, -0.00477054575458, 0.00234082876705, -0.00700466893613, 0.0261162687093, -0.00809940136969], [0.00171333109029, -0.00681602489203, 0.00778754940256, -0.00737163750455, 0.002503963653, -0.00881792698056, 0.00833607185632, -0.0062799830921, 0.0015994097339, -0.00516260042787, 0.00255253817886, -0.00809940136969, 0.0267291851342]]
    },
    "melbands": {
        "dmean": [0.00221602991223, 0.00252329441719, 0.000837155326735, 0.000356505450327, 0.000129107211251, 0.000112519337563, 9.26408320083e-05, 3.81844620279e-05, 3.45451117028e-05, 4.31806292909e-05, 3.68800465367e-05, 3.57065000571e-05, 2.56719176832e-05, 3.30745497195e-05, 4.93080406159e-05, 8.64002067829e-05, 8.76514750416e-05, 0.00014496636868, 5.24727256561e-05, 2.31868980336e-05, 3.80514429708e-05, 7.30221609047e-06, 7.12871405995e-06, 6.86767498337e-06, 6.10216193309e-06, 8.42624012876e-06, 5.1873485063e-06, 7.61389492254e-06, 6.12782059761e-06, 3.06683364215e-06, 2.20641618398e-06, 2.56153043665e-06, 2.32025013247e-06, 2.00762406166e-06, 2.35711536334e-06, 1.23740687741e-06, 1.60803199378e-06, 2.00741487788e-06, 1.05373555925e-06, 4.47057146857e-07],
        "dmean2": [0.00313317612745, 0.00439533032477, 0.0013871655101, 0.000604192435276, 0.000206022144994, 0.000164028402651, 0.000151957909111, 6.20098580839e-05, 5.72470744373e-05, 6.74688199069e-05, 5.88944058109e-05, 5.61025262868e-05, 4.36351328972e-05, 5.57414532523e-05, 8.19677879917e-05, 0.000145031357533, 0.000134525384055, 0.000223836788791, 7.96856184024e-05, 3.86986430385e-05, 6.74086186336e-05, 1.21451330415e-05, 1.19907899716e-05, 1.13935693662e-05, 9.43187751545e-06, 1.28075280372e-05, 7.76170782046e-06, 1.20005788631e-05, 9.98405175778e-06, 5.02235525346e-06, 3.57656358574e-06, 4.11085920859e-06, 3.5728101011e-06, 3.09089796247e-06, 3.59302589459e-06, 1.81577695457e-06, 2.32905540543e-06, 3.13069699587e-06, 1.60754848366e-06, 7.01518388269e-07],
        "dvar": [2.81795382762e-05, 4.59993607365e-05, 4.03167723562e-06, 4.96689267493e-07, 4.29172288818e-08, 3.39931922611e-08, 2.24042331354e-08, 2.68652389224e-09, 3.84744858195e-09, 5.73959679784e-09, 3.88817467112e-09, 2.50817722147e-09, 1.97371097244e-09, 7.84615483695e-09, 5.52296386402e-09, 1.87181985467e-08, 1.62718780672e-08, 4.64906584341e-08, 1.05892690172e-08, 1.55667712054e-09, 5.32588462221e-09, 1.54249307771e-10, 1.49674134198e-10, 1.73889680433e-10, 1.28024188473e-10, 3.38329503302e-10, 8.47893144584e-11, 2.33142311012e-10, 1.49955298179e-10, 4.34198024757e-11, 1.73618341925e-11, 3.06700081998e-11, 2.78354683053e-11, 1.89204363982e-11, 2.69413120285e-11, 5.8081959381e-12, 2.63556849955e-11, 4.46776747542e-11, 6.34174570496e-12, 8.0313360129e-13],
        "dvar2": [5.49938486074e-05, 0.000120595919725, 1.05830640678e-05, 1.37994720717e-06, 1.12465990298e-07, 7.95124961428e-08, 6.40485708914e-08, 7.20179116342e-09, 9.90188819827e-09, 1.31991750862e-08, 9.32290156186e-09, 5.9161369137e-09, 4.99993424441e-09, 2.06670467406e-08, 1.36663080852e-08, 5.14465590129e-08, 3.8995324303e-08, 1.02826483328e-07, 2.0704607806e-08, 4.22676249556e-09, 1.68445613014e-08, 4.06275457721e-10, 4.2231715347e-10, 4.63678540008e-10, 2.84838652664e-10, 7.73174413382e-10, 1.74812803122e-10, 5.52428103262e-10, 3.69907215969e-10, 1.05931846628e-10, 4.22613714857e-11, 7.082922443e-11, 6.15109074786e-11, 4.01943374417e-11, 5.73154197714e-11, 1.21899643157e-11, 5.5004726468e-11, 9.98213595116e-11, 1.32156447244e-11, 1.78307065293e-12],
        "max": [0.0550763942301, 0.0491438060999, 0.0163667611778, 0.00644538877532, 0.00277740671299, 0.00224740873091, 0.00143307715189, 0.000677038566209, 0.00086276064394, 0.000872253265698, 0.000760938681196, 0.000539478263818, 0.000641969265416, 0.00262390519492, 0.000893689808436, 0.00116229034029, 0.00128279428463, 0.00227065384388, 0.00189092510846, 0.000524311617482, 0.000787149590906, 0.000119930140499, 0.000122483659652, 0.000137115770485, 9.6988354926e-05, 0.000206812532269, 0.000118869596918, 0.00018864433514, 0.000104800717963, 6.63357714075e-05, 4.39774375991e-05, 4.08015512221e-05, 6.94652626407e-05, 5.22050540894e-05, 5.11606231157e-05, 2.90088864858e-05, 6.56119955238e-05, 7.31540931156e-05, 2.70542386716e-05, 9.31486738409e-06],
        "mean": [0.00372166302986, 0.00438286364079, 0.00144974712748, 0.000631785776932, 0.000307524140226, 0.00024874630617, 0.000184655466001, 6.67791100568e-05, 5.95879391767e-05, 8.43338275445e-05, 7.86019154475e-05, 7.16505310265e-05, 3.90929271816e-05, 4.80402522953e-05, 7.95415544417e-05, 0.000137811453897, 0.00016853697889, 0.000332213530783, 0.000105509709101, 4.79176633235e-05, 6.83082107571e-05, 1.21506855066e-05, 1.16968212751e-05, 9.77784930001e-06, 1.06335519376e-05, 1.41034952321e-05, 8.96432266018e-06, 1.22392293633e-05, 8.99879250937e-06, 4.2872470658e-06, 3.48515891346e-06, 3.49184415427e-06, 3.16010755341e-06, 2.85619080387e-06, 3.35425829689e-06, 1.82190433407e-06, 1.86516183476e-06, 2.17370961764e-06, 1.30485705085e-06, 6.20387311301e-07],
        "median": [0.00124068721198, 0.00140042416751, 0.000566922302824, 0.000425124948379, 0.000212625745917, 0.000131138978759, 0.000100547054899, 4.67753343401e-05, 2.93347748084e-05, 3.94509734178e-05, 4.47621569037e-05, 3.72961367248e-05, 2.01534348889e-05, 2.15400632442e-05, 4.12667213823e-05, 9.11175520741e-05, 9.01869061636e-05, 0.000171428080648, 3.77840151486e-05, 2.09789450309e-05, 1.68178266904e-05, 6.69808741804e-06, 6.77297066431e-06, 4.70414352094e-06, 4.40784197053e-06, 6.50464926366e-06, 4.45104933533e-06, 5.23865264768e-06, 3.38358336194e-06, 1.4631752947e-06, 1.48788524257e-06, 7.79965262154e-07, 6.61632100218e-07, 6.38006895315e-07, 9.06646562271e-07, 3.7289720467e-07, 2.12705018043e-07, 2.67138602794e-07, 2.63647024212e-07, 1.32255621565e-07],
        "min": [1.75631303136e-05, 2.0733632482e-05, 5.70931206312e-06, 4.70413851872e-06, 2.69024963018e-06, 5.84415602134e-06, 3.12359270538e-06, 2.60784167949e-06, 1.68765859598e-06, 1.23041684219e-06, 3.91164832081e-07, 9.83955033007e-07, 1.50925916387e-06, 1.61184232184e-06, 2.78103311757e-06, 1.43977990774e-06, 3.81568753482e-07, 1.10947418364e-07, 6.14302209101e-08, 3.15333608114e-08, 9.80810010986e-09, 2.00034899756e-09, 4.44468062355e-09, 6.58526122521e-09, 6.9037833228e-09, 5.04962827108e-09, 1.86337634211e-09, 6.46382225522e-10, 2.97163793572e-10, 1.41095288231e-10, 2.58004520526e-11, 1.8885683295e-10, 2.09836981124e-10, 1.77646203303e-10, 2.50017700987e-10, 1.63952684762e-10, 1.11613170095e-10, 8.32021118669e-11, 1.22481524922e-10, 2.65431204577e-13],
