{
"highlevel": {
    "danceability": {
        "all": {
            "danceable": 0.0314264893532,
            "not_danceable": 0.968573510647
        },
        "probability": 0.968573510647,
        "value": "not_danceable"
    },
    "gender": {
        "all": {
            "female": 0.0595907494426,
            "male": 0.940409243107
        },
        "probability": 0.940409243107,
        "value": "male"
    },
    "genre_dortmund": {
        "all": {
            "alternative": 0.096648439765,
            "blues": 0.0228389184922,
            "electronic": 0.00380126736127,
            "folkcountry": 0.0799543783069,
            "funksoulrnb": 0.00372972572222,
            "jazz": 0.00131407310255,
            "pop": 0.0557238385081,
            "raphiphop": 0.000454605353298,
            "rock": 0.735534727573
        },
        "probability": 0.735534727573,
        "value": "rock"
    },
    "genre_electronic": {
        "all": {
            "ambient": 0.241513669491,
            "dnb": 0.067333266139,
            "house": 0.0170831270516,
            "techno": 0.00903793331236,
            "trance": 0.665031969547
        },
        "probability": 0.665031969547,
        "value": "trance"
    },
    "genre_rosamerica": {
        "all": {
            "cla": 0.000466785626486,
            "dan": 0.00870185531676,
            "hip": 0.000569379364606,
            "jaz": 0.000256566941971,
            "pop": 0.0122445281595,
            "rhy": 0.000390333094401,
            "roc": 0.976798713207,
            "spe": 0.000571854936425
        },
        "probability": 0.976798713207,
        "value": "roc"
    },
    "genre_tzanetakis": {
        "all": {
            "blu": 0.0626541376114,
            "cla": 0.0348133966327,
            "cou": 0.0783501937985,
            "dis": 0.104547761381,
            "hip": 0.15693578124,
            "jaz": 0.313987255096,
            "met": 0.044816005975,
            "pop": 0.0627349764109,
            "reg": 0.0627352520823,
            "roc": 0.0784252434969
        },
        "probability": 0.313987255096,
        "value": "jaz"
    },
    "ismir04_rhythm": {
        "all": {
            "ChaChaCha": 0.162471473217,
            "Jive": 0.81383562088,
            "Quickstep": 0.00152834272012,
            "Rumba-American": 0.00142935127951,
            "Rumba-International": 0.000924122577999,
            "Rumba-Misc": 0.000367569067748,
            "Samba": 0.0121336849406,
            "Tango": 0.00149446644355,
            "VienneseWaltz": 0.00566170085222,
            "Waltz": 0.000153688772116
        },
        "probability": 0.81383562088,
        "value": "Jive"
    },
    "mood_acoustic": {
        "all": {
            "acoustic": 0.0133052002639,
            "not_acoustic": 0.986694812775
        },
        "probability": 0.986694812775,
        "value": "not_acoustic"
    },
    "mood_aggressive": {
        "all": {
            "aggressive": 0.86734944582,
            "not_aggressive": 0.132650583982
        },
        "probability": 0.86734944582,
        "value": "aggressive"
    },
    "mood_electronic": {
        "all": {
            "electronic": 0.113502182066,
            "not_electronic": 0.886497795582
        },
        "probability": 0.886497795582,
        "value": "not_electronic"
    },
    "mood_happy": {
        "all": {
            "happy": 0.97147166729,
            "not_happy": 0.0285283308476
        },
        "probability": 0.97147166729,
        "value": "happy"
    },
    "mood_party": {
        "all": {
            "not_party": 0.75175178051,
            "party": 0.248248234391
        },
        "probability": 0.75175178051,
        "value": "not_party"
    },
    "mood_relaxed": {
        "all": {
            "not_relaxed": 0.959343016148,
            "relaxed": 0.0406569764018
        },
        "probability": 0.959343016148,
        "value": "not_relaxed"
    },
    "mood_sad": {
        "all": {
            "not_sad": 0.955363273621,
            "sad": 0.0446367263794
        },
        "probability": 0.955363273621,
        "value": "not_sad"
    },
    "moods_mirex": {
        "all": {
            "Cluster1": 0.365803509951,
            "Cluster2": 0.0831160917878,
            "Cluster3": 0.0445446334779,
            "Cluster4": 0.0816434770823,
            "Cluster5": 0.424892306328
        },
        "probability": 0.424892306328,
        "value": "Cluster5"
    },
    "timbre": {
        "all": {
            "bright": 0.988222360611,
            "dark": 0.0117776552215
        },
        "probability": 0.988222360611,
        "value": "bright"
    },
    "tonal_atonal": {
        "all": {
            "atonal": 0.00601778225973,
            "tonal": 0.993982195854
        },
        "probability": 0.993982195854,
        "value": "tonal"
    },
    "voice_instrumental": {
        "all": {
            "instrumental": 0.00493986997753,
            "voice": 0.995060145855
        },
        "probability": 0.995060145855,
        "value": "voice"
    }
},
"lowlevel": {
    "average_loudness": 0.982321381569,
    "barkbands_crest": {
        "dmean": 2.78854823112,
        "dmean2": 4.74345779419,
        "dvar": 6.95196771622,
        "dvar2": 18.5492515564,
        "max": 19.1465377808,
        "mean": 7.4586353302,
        "median": 6.81192684174,
        "min": 2.69793725014,
        "var": 8.95003223419
    },
    "barkbands_flatness_db": {
        "dmean": 0.0179048404098,
        "dmean2": 0.0301701389253,
        "dvar": 0.000244721508352,
        "dvar2": 0.000689712818712,
        "max": 0.169219121337,
        "mean": 0.0994851216674,
        "median": 0.0974090322852,
        "min": 0.0506594777107,
        "var": 0.000401348050218
    },
    "barkbands_kurtosis": {
        "dmean": 1.51091110706,
        "dmean2": 2.52751874924,
        "dvar": 3.77738189697,
        "dvar2": 10.17532444,
        "max": 14.2616462708,
        "mean": 0.496405571699,
        "median": -0.136257171631,
        "min": -1.74989640713,
        "var": 4.14260149002
    },
    "barkbands_skewness": {
        "dmean": 0.516656577587,
        "dmean2": 0.836708664894,
        "dvar": 0.228648841381,
        "dvar2": 0.595681905746,
        "max": 3.63211655617,
        "mean": 1.03288388252,
        "median": 0.967425584793,
        "min": -0.651969373226,
        "var": 0.429735213518
    },
    "barkbands_spread": {
        "dmean": 7.41845417023,
        "dmean2": 11.5770597458,
        "dvar": 48.2889709473,
        "dvar2": 116.975646973,
        "max": 87.5094451904,
        "mean": 35.2360954285,
        "median": 34.7205352783,
        "min": 10.9741621017,
        "var": 125.379226685
    },
    "dissonance": {
        "dmean": 0.0113360658288,
        "dmean2": 0.019395051524,
        "dvar": 9.30739988689e-05,
        "dvar2": 0.000264879461611,
        "max": 0.499999880791,
        "mean": 0.481243789196,
        "median": 0.484019041061,
        "min": 0.426518946886,
        "var": 0.000152898501256
    },
    "dynamic_complexity": 1.09254252911,
    "erbbands_crest": {
        "dmean": 2.2113506794,
        "dmean2": 3.72134304047,
        "dvar": 5.23442316055,
        "dvar2": 13.3009986877,
        "max": 22.530506134,
        "mean": 7.40814352036,
        "median": 6.08207941055,
        "min": 2.42712974548,
        "var": 15.3776302338
    },
    "erbbands_flatness_db": {
        "dmean": 0.0117780184373,
        "dmean2": 0.0184367373586,
        "dvar": 0.00011167415505,
        "dvar2": 0.000243399335886,
        "max": 0.194075077772,
        "mean": 0.122295856476,
        "median": 0.1199304685,
        "min": 0.0605180263519,
        "var": 0.000483005103888
    },
    "erbbands_kurtosis": {
        "dmean": 0.520467698574,
        "dmean2": 0.835072338581,
        "dvar": 0.305823892355,
        "dvar2": 0.70657068491,
        "max": 6.35949802399,
        "mean": -0.166372135282,
        "median": -0.408114671707,
        "min": -1.53038978577,
        "var": 0.956608176231
    },
    "erbbands_skewness": {
        "dmean": 0.299842894077,
        "dmean2": 0.470828562975,
        "dvar": 0.0637674033642,
        "dvar2": 0.153031617403,
        "max": 1.61666047573,
        "mean": -0.168345466256,
        "median": -0.182090386748,
        "min": -2.19181704521,
        "var": 0.229873761535
    },
    "erbbands_spread": {
        "dmean": 7.7037525177,
        "dmean2": 12.3032121658,
        "dvar": 46.1921577454,
        "dvar2": 108.434967041,
        "max": 98.3898544312,
        "mean": 44.2502975464,
        "median": 44.2480278015,
        "min": 12.2124919891,
        "var": 192.836929321
    },
    "hfc": {
        "dmean": 7.04618358612,
        "dmean2": 10.351108551,
        "dvar": 50.5076217651,
        "dvar2": 96.3574981689,
        "max": 112.309387207,
        "mean": 34.6252975464,
        "median": 32.6974334717,
        "min": 10.4618024826,
        "var": 173.096328735
    },
    "melbands_crest": {
        "dmean": 3.7039835453,
        "dmean2": 6.2931022644,
        "dvar": 9.61247062683,
        "dvar2": 26.1286220551,
        "max": 25.8349170685,
        "mean": 12.2744655609,
        "median": 11.8177595139,
        "min": 4.152156353,
        "var": 16.0583496094
    },
    "melbands_flatness_db": {
        "dmean": 0.0272831600159,
        "dmean2": 0.0444919504225,
        "dvar": 0.000632382463664,
        "dvar2": 0.00159098138101,
        "max": 0.26144143939,
        "mean": 0.137114241719,
        "median": 0.133644327521,
        "min": 0.0405676327646,
        "var": 0.0010685455054
    },
    "melbands_kurtosis": {
        "dmean": 5.0495891571,
        "dmean2": 8.57006168365,
        "dvar": 39.0603866577,
        "dvar2": 104.601776123,
        "max": 49.4619979858,
        "mean": 7.31785011292,
        "median": 5.47631835938,
        "min": -1.29213905334,
        "var": 48.1739273071
    },
    "melbands_skewness": {
        "dmean": 0.739817082882,
        "dmean2": 1.23359501362,
        "dvar": 0.501925885677,
        "dvar2": 1.30359530449,
        "max": 6.27694177628,
        "mean": 2.35726523399,
        "median": 2.24609827995,
        "min": 0.389673858881,
        "var": 0.96586638689
    },
    "melbands_spread": {
        "dmean": 10.8994731903,
        "dmean2": 17.1324863434,
        "dvar": 90.9309997559,
        "dvar2": 227.832275391,
        "max": 126.927970886,
        "mean": 34.9450149536,
        "median": 33.4165687561,
        "min": 6.73718976974,
        "var": 211.606674194
    },
    "pitch_salience": {
        "dmean": 0.0726538226008,
        "dmean2": 0.12149284035,
        "dvar": 0.00355953956023,
        "dvar2": 0.0101161841303,
        "max": 0.836198925972,
        "mean": 0.608798801899,
        "median": 0.617106676102,
        "min": 0.288650602102,
        "var": 0.00789201259613
    },
    "silence_rate_20dB": {
        "dmean": 0,
        "dmean2": 0,
        "dvar": 0,
        "dvar2": 0,
        "max": 1,
        "mean": 1,
        "median": 1,
        "min": 1,
        "var": 0
    },
    "silence_rate_30dB": {
        "dmean": 0.00154798757285,
        "dmean2": 0.00309837330133,
        "dvar": 0.00154558685608,
        "dvar2": 0.00463793706149,
        "max": 1,
        "mean": 0.999226629734,
        "median": 1,
        "min": 0,
        "var": 0.000772796280216
    },
    "silence_rate_60dB": {
        "dmean": 0,
        "dmean2": 0,
        "dvar": 0,
        "dvar2": 0,
        "max": 0,
        "mean": 0,
        "median": 0,
        "min": 0,
        "var": 0
    },
    "spectral_centroid": {
        "dmean": 304.731628418,
        "dmean2": 475.07131958,
        "dvar": 66670.3671875,
        "dvar2": 163927.3125,
        "max": 3080.48535156,
        "mean": 1820.8572998,
        "median": 1849.93054199,
        "min": 656.316467285,
        "var": 157446.890625
    },
    "spectral_complexity": {
        "dmean": 4.11300325394,
        "dmean2": 6.47947311401,
        "dvar": 9.88816738129,
        "dvar2": 23.3202896118,
        "max": 53,
        "mean": 33.9682922363,
        "median": 34,
        "min": 15,
        "var": 29.4321022034
    },
    "spectral_decrease": {
        "dmean": 3.88443943677e-09,
        "dmean2": 6.40092912008e-09,
        "dvar": 2.2450786938e-17,
        "dvar2": 5.80802881871e-17,
        "max": -1.89632598513e-09,
        "mean": -8.59438209488e-09,
        "median": -7.16220283081e-09,
        "min": -3.52175177909e-08,
        "var": 2.45341637334e-17
    },
    "spectral_energy": {
        "dmean": 0.0150555130094,
        "dmean2": 0.0246921237558,
        "dvar": 0.000328618305502,
        "dvar2": 0.00084777927259,
        "max": 0.137050747871,
        "mean": 0.0355777591467,
        "median": 0.0299592465162,
        "min": 0.0082582347095,
        "var": 0.000369254645193
    },
    "spectral_energyband_high": {
        "dmean": 0.000478354399092,
        "dmean2": 0.00067622656934,
        "dvar": 4.9772171451e-07,
        "dvar2": 8.7428520601e-07,
        "max": 0.0113423522562,
        "mean": 0.00172402651515,
        "median": 0.00139673682861,
        "min": 0.000330358161591,
        "var": 1.77453762262e-06
    },
    "spectral_energyband_low": {
        "dmean": 0.00893305800855,
        "dmean2": 0.0154698649421,
        "dvar": 0.000238645166974,
        "dvar2": 0.00064658705378,
        "max": 0.11246599257,
        "mean": 0.012307651341,
        "median": 0.00789026729763,
        "min": 0.000453998887679,
        "var": 0.000203813542612
    },
    "spectral_energyband_middle_high": {
        "dmean": 0.00208062306046,
        "dmean2": 0.00318633439019,
        "dvar": 5.51705170437e-06,
        "dvar2": 1.14330523502e-05,
        "max": 0.0275258813053,
        "mean": 0.00860155746341,
        "median": 0.00667331274599,
        "min": 0.0019727437757,
        "var": 2.45164501393e-05
    },
    "spectral_energyband_middle_low": {
        "dmean": 0.00795240700245,
        "dmean2": 0.0131259728223,
        "dvar": 0.000113140362373,
        "dvar2": 0.000291041942546,
        "max": 0.0838820636272,
        "mean": 0.0148962941021,
        "median": 0.0114128347486,
        "min": 0.00244786264375,
        "var": 0.000123234567582
    },
    "spectral_entropy": {
        "dmean": 0.0927094593644,
        "dmean2": 0.145657584071,
        "dvar": 0.00683388253674,
        "dvar2": 0.0153746064752,
        "max": 8.58212947845,
        "mean": 7.92694568634,
        "median": 7.91631412506,
        "min": 7.5060095787,
        "var": 0.025153754279
    },
    "spectral_flux": {
        "dmean": 0.0318167507648,
        "dmean2": 0.0501353293657,
        "dvar": 0.00115079886746,
        "dvar2": 0.00232004001737,
        "max": 0.304161161184,
        "mean": 0.117667630315,
        "median": 0.105614706874,
        "min": 0.0462981574237,
        "var": 0.00195259100292
    },
    "spectral_kurtosis": {
        "dmean": 0.721387624741,
        "dmean2": 1.16950833797,
        "dvar": 0.449280768633,
        "dvar2": 1.08649325371,
        "max": 11.3140487671,
        "mean": 3.11672067642,
        "median": 3.07591438293,
        "min": -0.157899856567,
        "var": 1.27433490753
    },
    "spectral_rms": {
        "dmean": 0.00115308712702,
        "dmean2": 0.0018423734,
        "dvar": 1.44347211517e-06,
        "dvar2": 3.60836270374e-06,
        "max": 0.01156321913,
        "mean": 0.0057159261778,
        "median": 0.00540634198114,
        "min": 0.00283845281228,
        "var": 2.03817921829e-06
    },
    "spectral_rolloff": {
        "dmean": 756.795715332,
        "dmean2": 1211.73120117,
        "dvar": 697147.875,
        "dvar2": 1593098.75,
        "max": 9517.67578125,
        "mean": 2223.96630859,
        "median": 2239.453125,
        "min": 129.19921875,
        "var": 1434252.125
    },
    "spectral_skewness": {
        "dmean": 0.122047044337,
        "dmean2": 0.195400103927,
        "dvar": 0.0121741313487,
        "dvar2": 0.0255786851048,
        "max": 2.52799987793,
        "mean": 1.34191286564,
        "median": 1.34986376762,
        "min": 0.599807083607,
        "var": 0.037776324898
    },
    "spectral_spread": {
        "dmean": 401717.0625,
        "dmean2": 577315,
        "dvar": 152554700800,
        "dvar2": 293876563968,
        "max": 9281391,
        "mean": 4888353.5,
        "median": 4740267,
        "min": 3088719.5,
        "var": 711869071360
    },
    "spectral_strongpeak": {
        "dmean": 0.657435357571,
        "dmean2": 1.15979444981,
        "dvar": 1.11260700226,
        "dvar2": 2.89346909523,
        "max": 7.99548530579,
        "mean": 0.908705472946,
        "median": 0.389729708433,
        "min": 0.0370729640126,
        "var": 1.65758645535
    },
    "zerocrossingrate": {
        "dmean": 0.0115649336949,
        "dmean2": 0.0144971497357,
        "dvar": 0.000104410501081,
        "dvar2": 0.000150212552398,
        "max": 0.2255859375,
        "mean": 0.0853551849723,
        "median": 0.08203125,
        "min": 0.02880859375,
        "var": 0.0005734115839
    },
    "barkbands": {
        "dmean": [0.000350719463313, 0.00577209051698, 0.00342989410274, 0.00173646968324, 0.00486355647445, 0.00174618151505, 0.00131914694794, 0.000657504540868, 0.00100749335252, 0.00109284021892, 0.000210090438486, 0.00046846686746, 0.000327587622451, 0.000627060071565, 0.00039089602069, 0.000356163072865, 0.000518527580425, 0.000436521688243, 0.000245707778959, 0.00019212992629, 0.000109247848741, 8.16105020931e-05, 0.000131001681439, 0.000157313799718, 8.74094621395e-05, 3.69314111595e-05, 1.08634310436e-08],
        "dmean2": [0.000547602481674, 0.0101757664233, 0.00601721787825, 0.00296269590035, 0.00841536745429, 0.00300949439406, 0.00219661695883, 0.00108511967119, 0.00168059556745, 0.00175281369593, 0.000331501185428, 0.000752388907131, 0.000516361149494, 0.00102437008172, 0.000630572321825, 0.000585301604588, 0.000848337891512, 0.000702537363395, 0.000391791894799, 0.000314303208143, 0.00018380417896, 0.000124288359075, 0.000194503489183, 0.000229461729759, 0.000125189719256, 5.80666564929e-05, 1.84450996699e-08],
        "dvar": [4.40203763219e-07, 0.000141101729241, 2.22886119445e-05, 3.74301680495e-06, 6.65951010888e-05, 5.35408025826e-06, 4.36998925579e-06, 1.81647385489e-06, 3.72810472982e-06, 4.31652142652e-06, 1.14302132204e-07, 1.05345293377e-06, 5.44808358427e-07, 1.18180548725e-06, 3.77532558105e-07, 2.35893736544e-07, 3.22573157518e-07, 3.42972668932e-07, 8.33147737467e-08, 2.80722023405e-08, 1.05158139974e-08, 2.22848015596e-08, 7.9420388488e-08, 7.39102219427e-08, 2.41450965888e-08, 9.58207291291e-09, 7.26653810637e-15],
        "dvar2": [1.00309978279e-06, 0.000387814128771, 6.34835960227e-05, 1.05101344161e-05, 0.000175311899511, 1.48475364767e-05, 1.14519189083e-05, 4.38210190623e-06, 8.63409422891e-06, 1.00972883956e-05, 2.29024692544e-07, 2.5453005037e-06, 1.16940577755e-06, 2.92575282401e-06, 8.60309114614e-07, 5.93049037434e-07, 7.96598953912e-07, 8.221482517e-07, 1.90629663166e-07, 7.64257350738e-08, 2.89686354904e-08, 4.489894323e-08, 1.62213552812e-07, 1.52186260038e-07, 5.43798925889e-08, 2.390646614e-08, 9.35968018584e-15],
        "max": [0.00494418526068, 0.0845653414726, 0.0456924960017, 0.0171067640185, 0.0691004022956, 0.0226560272276, 0.0242570154369, 0.0227362066507, 0.0311920810491, 0.0234976764768, 0.00658702524379, 0.0151236727834, 0.0120295695961, 0.0144723700359, 0.00793024897575, 0.00605864962563, 0.010589433834, 0.00831006653607, 0.00501208286732, 0.00187101820484, 0.00104497489519, 0.0025629545562, 0.00532719539478, 0.00512388348579, 0.00279398146085, 0.00154170126189, 2.8259858027e-06],
        "mean": [0.000354599353159, 0.00597350904718, 0.00457277940586, 0.00235523912124, 0.00506910588592, 0.00240263901651, 0.00175517098978, 0.000957659038249, 0.00139096251223, 0.00175695237704, 0.000331187387928, 0.000773231266066, 0.000516507134307, 0.00115305872168, 0.000673217407893, 0.000681505072862, 0.00121463323012, 0.00103917694651, 0.00063779973425, 0.000518672924954, 0.000298668892356, 0.00020898146613, 0.000306451081997, 0.000380214391043, 0.000195964530576, 5.98921978963e-05, 7.58675611223e-09],
        "median": [5.95161727688e-05, 0.00292238453403, 0.00290652946569, 0.00175867113285, 0.00264852913097, 0.00157849665266, 0.0010260452982, 0.00062522222288, 0.000684092985466, 0.000696184753906, 0.000182490824955, 0.000280734908301, 0.000226963573368, 0.000495633285027, 0.000446457212092, 0.000518794870004, 0.000990644562989, 0.0007648114115, 0.000505224219523, 0.000471974170068, 0.000273611774901, 0.000150046485942, 0.000165950885275, 0.000270771066425, 0.000127837498439, 3.58026118192e-05, 7.07796210531e-10],
        "min": [2.53596006417e-08, 4.82656250824e-05, 3.80954043067e-05, 3.91490066249e-05, 0.00010483933147, 7.79296678957e-05, 9.60840770858e-06, 8.84841665538e-06, 1.71392530319e-05, 3.48046523868e-05, 1.21472621686e-05, 1.46052425407e-05, 2.52203535638e-05, 4.18008785346e-05, 5.64098918403e-05, 7.76689339546e-05, 0.000179742273758, 8.0126686953e-05, 8.18616681499e-05, 8.83221218828e-05, 5.61734050279e-05, 2.14296742342e-05, 1.71108131326e-05, 5.29805074621e-05, 1.86280103662e-05, 1.83975987511e-06, 1.17620496676e-11],
        "var": [4.88040200253e-07, 0.000102027064713, 2.39735145442e-05, 4.75034676128e-06, 5.33268175786e-05, 6.10113465882e-06, 5.15223064212e-06, 2.06142658499e-06, 6.04584420216e-06, 9.26508982957e-06, 2.49972515576e-07, 2.6250022529e-06, 1.03221850623e-06, 3.80927508559e-06, 5.83829717016e-07, 3.76643328082e-07, 8.251479926e-07, 7.75789828822e-07, 2.24095870749e-07, 5.36309201493e-08, 1.95462721564e-08, 5.99764433673e-08, 2.29459914181e-07, 1.80217838874e-07, 4.98210184219e-08, 9.10617359295e-09, 6.78571985386e-15]
    },
    "erbbands": {
        "dmean": [0.16603666544, 1.33840453625, 3.74052500725, 4.903652668, 13.453578949, 16.2844562531, 11.1740627289, 14.2673950195, 21.1584129333, 13.1167449951, 16.6602249146, 24.6245098114, 37.5323791504, 17.5581817627, 8.36357307434, 21.4707984924, 13.5577392578, 28.7823352814, 19.8159427643, 21.4761066437, 19.1080245972, 26.1539211273, 24.8694896698, 16.239736557, 10.0930528641, 9.32504272461, 5.80575084686, 3.17635846138, 2.76587295532, 4.13271331787, 3.57228827477, 3.56229543686, 2.59239768982, 1.31244444847, 0.501429438591, 0.214474499226, 0.0642481446266, 0.00611800188199, 0.000111175613711, 1.98652578547e-05],
        "dmean2": [0.286899119616, 2.40696835518, 6.55248689651, 8.30163955688, 23.1331787109, 28.16771698, 19.3123207092, 24.529750824, 35.5952682495, 21.5918598175, 27.2563056946, 41.0412063599, 60.961894989, 28.049489975, 13.2932004929, 34.1810760498, 21.368719101, 46.2544250488, 32.2742576599, 33.4460945129, 31.1166667938, 43.2419776917, 40.1122703552, 25.4976196289, 16.5966873169, 15.3082504272, 9.75889015198, 5.12507915497, 4.25118398666, 6.34120321274, 5.31879281998, 5.33976268768, 3.85460829735, 1.91702449322, 0.752821922302, 0.328405618668, 0.102227576077, 0.00974137708545, 0.000172066356754, 3.11541589326e-05],
        "dvar": [0.11584866792, 7.51518297195, 32.9968605042, 27.4509906769, 412.660888672, 844.558654785, 226.197296143, 436.470001221, 1098.37145996, 398.827697754, 1134.08410645, 2616.20703125, 5238.62988281, 796.125793457, 159.911468506, 2418.44238281, 645.441833496, 2699.3269043, 1299.95495605, 1247.34802246, 744.96484375, 948.996643066, 1109.93762207, 487.358215332, 105.918998718, 68.2163238525, 31.2855854034, 11.4759922028, 21.9708786011, 100.973518372, 54.1719551086, 48.880821228, 17.3801879883, 5.55013608932, 0.797198295593, 0.291790962219, 0.0252553131431, 0.000170380008058, 5.66385054412e-08, 6.31163343812e-10],
        "dvar2": [0.307455807924, 21.0931129456, 93.0931549072, 75.8523101807, 1103.22570801, 2225.00805664, 638.755371094, 1194.63745117, 2932.20874023, 959.425842285, 2798.19628906, 6397.29003906, 12420.8291016, 1771.36096191, 374.707550049, 5794.63525391, 1419.36816406, 6408.80224609, 3319.02319336, 2878.71044922, 1768.2097168, 2314.20996094, 2790.04296875, 1097.01245117, 256.558532715, 180.997360229, 86.2580947876, 30.145647049, 45.6660232544, 212.694015503, 107.675750732, 106.067230225, 37.6068458557, 12.8918714523, 1.77639591694, 0.722035944462, 0.0651831328869, 0.000426540209446, 1.39936418009e-07, 1.51612367105e-09],
        "max": [2.11889386177, 21.0881690979, 55.0123825073, 49.400226593, 157.058898926, 257.689208984, 148.865066528, 228.36819458, 369.724822998, 341.503601074, 566.559448242, 883.935058594, 860.542175293, 421.515228271, 205.589691162, 774.873596191, 314.580566406, 866.72845459, 461.92666626, 599.052368164, 455.481292725, 499.072845459, 431.157012939, 338.342193604, 104.950698853, 85.8500747681, 65.5224151611, 45.952205658, 79.7551956177, 171.148422241, 113.453933716, 136.032409668, 77.8938217163, 42.373752594, 13.7427473068, 9.97033786774, 2.22519040108, 0.187647417188, 0.00343261961825, 0.000267328374321],
        "mean": [0.152432739735, 1.423838377, 5.0977807045, 7.30446243286, 13.940782547, 16.1985359192, 15.4032230377, 18.4856719971, 27.4752178192, 18.8151836395, 25.0064964294, 33.1584854126, 62.3276901245, 28.847650528, 15.2920770645, 36.4416503906, 26.1532859802, 57.7978286743, 36.6179580688, 40.5923728943, 43.0412025452, 64.8903274536, 63.1603813171, 40.2833633423, 27.2884941101, 25.2927913666, 16.1567440033, 9.20042610168, 7.28923940659, 8.87978935242, 8.34402656555, 8.20164585114, 5.92418861389, 2.77755665779, 1.07899427414, 0.382817447186, 0.0975231602788, 0.00810991693288, 0.000187029902008, 5.52836718271e-05],
        "median": [0.0447801947594, 0.788995623589, 3.01730489731, 5.57417058945, 7.78354310989, 7.52036619186, 10.0970983505, 11.048371315, 16.2060508728, 11.1347379684, 16.0962219238, 16.5750484467, 24.3411521912, 16.4538955688, 9.62217521667, 13.7964086533, 12.5857362747, 25.2094593048, 23.3314037323, 27.4561805725, 34.3920211792, 53.4738960266, 49.2938156128, 29.7245635986, 22.2912540436, 23.3214111328, 14.9407272339, 8.17214870453, 5.55478858948, 4.69369602203, 4.93101835251, 5.59721231461, 4.29917049408, 1.86217367649, 0.675302147865, 0.212280422449, 0.0613748542964, 0.00473572826013, 0.000122771103634, 4.66219680675e-05],
        "min": [0.0012217387557, 0.0145861422643, 0.0884315744042, 0.305910080671, 0.346520930529, 0.363547682762, 0.428488940001, 0.966204762459, 1.27490615845, 0.631539106369, 0.624650299549, 0.883913874626, 2.00531029701, 1.05655217171, 1.13014423847, 1.44857084751, 1.51290869713, 2.55576086044, 3.43956971169, 4.08184099197, 8.24769210815, 14.3412027359, 8.08084106445, 3.28365659714, 4.78222131729, 4.97862911224, 2.99718976021, 1.85568130016, 0.948611557484, 0.750980615616, 0.548008322716, 0.771870613098, 0.589001297951, 0.253123223782, 0.0868682414293, 0.0149890324101, 0.0021110160742, 9.9338722066e-05, 2.29322085943e-05, 1.36725038828e-05],
        "var": [0.0922816768289, 5.12039709091, 32.5432434082, 37.2853469849, 337.220092773, 669.23260498, 246.627105713, 465.735534668, 1211.37158203, 532.646240234, 1294.98657227, 3548.4621582, 12506.7832031, 1358.41442871, 305.484588623, 6259.27636719, 1509.89355469, 11404.2558594, 1857.88049316, 2057.46606445, 1418.0760498, 2131.91918945, 2222.12866211, 1344.0904541, 262.476196289, 128.04989624, 55.2840614319, 22.6169776917, 52.1729278564, 244.350921631, 161.247711182, 117.628768921, 36.435836792, 10.6468133926, 1.5454262495, 0.322027444839, 0.0220650490373, 0.000155545669259, 5.47179404009e-08, 8.04580402303e-10]
    },
    "gfcc": {
        "mean": [68.6316070557, 71.5453491211, -118.357658386, 46.3455848694, -58.7838058472, 17.9927139282, -49.9463768005, 21.2999076843, -27.7821655273, 1.12993729115, -18.8151378632, -2.28975391388, -12.2044649124],
        "cov": [[348.712768555, -21.9102249146, 92.7836685181, -44.3132362366, 2.97950267792, 43.6534576416, 32.9491539001, 5.35387039185, -19.8330402374, 7.0484161377, 6.67162466049, 16.4895820618, -21.3950843811], [-21.9102249146, 244.483840942, -50.9112548828, -35.5008087158, 24.7284755707, -49.2851257324, 28.1372470856, -33.2848052979, -6.88638019562, -5.56364488602, 25.0913925171, -16.013217926, 26.6274299622], [92.7836685181, -50.9112548828, 204.739303589, 48.4724502563, 10.1941995621, 12.2746305466, -8.63770484924, 24.5551319122, 6.77072238922, 22.8956985474, -21.6721820831, 26.6470947266, -4.19715166092], [-44.3132362366, -35.5008087158, 48.4724502563, 126.695503235, 17.1536445618, 16.9002075195, -16.1329555511, 4.43522167206, 23.6940917969, -6.58907270432, 1.51011526585, -2.53071308136, -2.64190864563], [2.97950267792, 24.7284755707, 10.1941995621, 17.1536445618, 175.921386719, 46.1048583984, 35.9847602844, 26.427822113, -19.8996543884, 20.6107292175, 8.12570476532, -5.89171600342, -4.92700004578], [43.6534576416, -49.2851257324, 12.2746305466, 16.9002075195, 46.1048583984, 100.494842529, 38.8875770569, 14.5572910309, -4.31703233719, 2.29053330421, 13.1317396164, -2.10403466225, -13.0760116577], [32.9491539001, 28.1372470856, -8.63770484924, -16.1329555511, 35.9847602844, 38.8875770569, 80.1560058594, 32.9310836792, -1.25866317749, -0.726455628872, 5.48528575897, 1.50974416733, -2.50241088867], [5.35387039185, -33.2848052979, 24.5551319122, 4.43522167206, 26.427822113, 14.5572910309, 32.9310836792, 74.5635910034, 27.0358219147, 11.1777553558, -14.4116601944, 1.42990887165, 5.8199133873], [-19.8330402374, -6.88638019562, 6.77072238922, 23.6940917969, -19.8996543884, -4.31703233719, -1.25866317749, 27.0358219147, 64.415802002, 17.1594352722, -7.19867515564, -0.73352175951, 7.96132087708], [7.0484161377, -5.56364488602, 22.8956985474, -6.58907270432, 20.6107292175, 2.29053330421, -0.726455628872, 11.1777553558, 17.1594352722, 59.4206771851, 20.8391189575, 6.36729955673, -6.77147960663], [6.67162466049, 25.0913925171, -21.6721820831, 1.51011526585, 8.12570476532, 13.1317396164, 5.48528575897, -14.4116601944, -7.19867515564, 20.8391189575, 63.5094032288, 16.3200893402, -10.3563022614], [16.4895820618, -16.013217926, 26.6470947266, -2.53071308136, -5.89171600342, -2.10403466225, 1.50974416733, 1.42990887165, -0.73352175951, 6.36729955673, 16.3200893402, 43.4276428223, 8.50975036621], [-21.3950843811, 26.6274299622, -4.19715166092, -2.64190864563, -4.92700004578, -13.0760116577, -2.50241088867, 5.8199133873, 7.96132087708, -6.77147960663, -10.3563022614, 8.50975036621, 47.733921051]],
        "icov": [[0.00438339775428, 0.000523978786077, -0.00327346520498, 0.00315851578489, -4.03166668548e-05, -0.00102311442606, -0.00155372731388, 0.00125969352666, -0.000882593623828, 0.00190644909162, -0.00207000877708, 0.000999762793072, 0.000830241828226], [0.000523978786077, 0.0123647935688, -0.00381251028739, 0.0042843176052, -0.00488304672763, 0.010854119435, -0.0114399464801, 0.01096979063, -0.00695947417989, 0.00594333652407, -0.0117714293301, 0.012032664381, -0.00892379134893], [-0.00327346520498, -0.00381251028739, 0.0120871113613, -0.00789442937821, 0.00254171690904, -0.00369077571668, 0.00506246881559, -0.00608744984493, 0.00674448860809, -0.00961701199412, 0.0123331472278, -0.0117080910131, 0.00381820485927], [0.00315851578489, 0.0042843176052, -0.00789442937821, 0.0164355374873, -0.00468894885853, 0.00110647175461, -0.000448640668765, 0.00520399771631, -0.0113228159025, 0.0115260472521, -0.0109606338665, 0.00805163756013, -0.00188747083303], [-4.03166668548e-05, -0.00488304672763, 0.00254171690904, -0.00468894885853, 0.0107680894434, -0.0066444738768, 0.00228042784147, -0.00739217875525, 0.00952436681837, -0.00826730765402, 0.00613143621013, -0.00367857771926, 0.00220670131966], [-0.00102311442606, 0.010854119435, -0.00369077571668, 0.00110647175461, -0.0066444738768, 0.0246360599995, -0.0160976797342, 0.00974303577095, -0.00628819083795, 0.00641777459532, -0.0130144236609, 0.0122290942818, -0.00579011114314], [-0.00155372731388, -0.0114399464801, 0.00506246881559, -0.000448640668765, 0.00228042784147, -0.0160976797342, 0.0325451381505, -0.0197706501931, 0.00650564907119, -0.00128941133153, 0.00782173965126, -0.0120420688763, 0.00862360373139], [0.00125969352666, 0.01096979063, -0.00608744984493, 0.00520399771631, -0.00739217875525, 0.00974303577095, -0.0197706501931, 0.03425655514, -0.0165739282966, 0.00394000438973, -0.00525546725839, 0.00943793170154, -0.00860865507275], [-0.000882593623828, -0.00695947417989, 0.00674448860809, -0.0113228159025, 0.00952436681837, -0.00628819083795, 0.00650564907119, -0.0165739282966, 0.0334265045822, -0.0174711309373, 0.0128524042666, -0.00765627762303, 0.00117518380284], [0.00190644909162, 0.00594333652407, -0.00961701199412, 0.0115260472521, -0.00826730765402, 0.00641777459532, -0.00128941133153, 0.00394000438973, -0.0174711309373, 0.0354958474636, -0.0216935519129, 0.0099633121863, -0.000845295318868], [-0.00207000877708, -0.0117714293301, 0.0123331472278, -0.0109606338665, 0.00613143621013, -0.0130144236609, 0.00782173965126, -0.00525546725839, 0.0128524042666, -0.0216935519129, 0.0427377149463, -0.0268843602389, 0.013079142198], [0.000999762793072, 0.012032664381, -0.0117080910131, 0.00805163756013, -0.00367857771926, 0.0122290942818, -0.0120420688763, 0.00943793170154, -0.00765627762303, 0.0099633121863, -0.0268843602389, 0.0468116924167, -0.0171474404633], [0.000830241828226, -0.00892379134893, 0.00381820485927, -0.00188747083303, 0.00220670131966, -0.00579011114314, 0.00862360373139, -0.00860865507275, 0.00117518380284, -0.000845295318868, 0.013079142198, -0.0171474404633, 0.0322528332472]]
    },
    "melbands": {
        "dmean": [0.0015070931986, 0.00187093217392, 0.000913241237868, 0.0012740381062, 0.000381749938242, 0.000334385869792, 0.000308470072923, 0.000129176187329, 0.000137207869557, 0.000160507552209, 0.000188734033145, 7.68159443396e-05, 2.88646733679e-05, 4.8229987442e-05, 4.55122353742e-05, 3.39638390869e-05, 6.08258196735e-05, 3.6597612052e-05, 2.71558928944e-05, 2.7779249649e-05, 2.62000066868e-05, 2.8636006391e-05, 3.47238237737e-05, 1.96509354282e-05, 1.46092870636e-05, 8.6686513896e-06, 7.546525012e-06, 6.90608703735e-06, 4.73105546916e-06, 2.94725396088e-06, 1.82514429525e-06, 1.74778574547e-06, 1.88390197309e-06, 2.72082661468e-06, 2.28626913668e-06, 2.3281754693e-06, 2.33211380873e-06, 2.07230505112e-06, 1.61611501426e-06, 1.12511293082e-06],
        "dmean2": [0.00262664188631, 0.0032722579781, 0.00154267717153, 0.0021955720149, 0.000657564029098, 0.000575130223297, 0.000515734544024, 0.00021344407287, 0.000222321265028, 0.000267478404567, 0.000305548077449, 0.000122697485494, 4.56682864751e-05, 7.77466848376e-05, 7.08116276655e-05, 5.1314549637e-05, 9.92017885437e-05, 5.95605015405e-05, 4.24719401053e-05, 4.4119078666e-05, 4.26279875683e-05, 4.76806999359e-05, 5.67835195397e-05, 3.22896739817e-05, 2.31579451793e-05, 1.40681386256e-05, 1.26898148665e-05, 1.14329923235e-05, 7.99157714937e-06, 4.9923332881e-06, 2.97429164675e-06, 2.76593823401e-06, 2.85495298158e-06, 4.19725620304e-06, 3.49318247572e-06, 3.58766692443e-06, 3.60937156074e-06, 3.17217768497e-06, 2.45015962719e-06, 1.70060957316e-06],
        "dvar": [9.70685050561e-06, 1.00765500974e-05, 9.01874557258e-07, 4.81377173855e-06, 2.65768733243e-07, 2.21444921067e-07, 2.32421882629e-07, 4.15805736509e-08, 7.22991941871e-08, 1.11850141593e-07, 1.357387589e-07, 1.71936207494e-08, 2.05783123874e-09, 1.00209538445e-08, 1.174439479e-08, 5.09006303773e-09, 1.1574912584e-08, 5.65486013571e-09, 2.17456519458e-09, 1.50309398261e-09, 1.50849832625e-09, 1.25739829659e-09, 1.59688806622e-09, 9.95370008638e-10, 4.05603828302e-10, 7.85237777579e-11, 5.71381032766e-11, 3.73987472935e-11, 2.17570787775e-11, 8.06690651778e-12, 4.77093061238e-12, 7.30171392099e-12, 1.4320055558e-11, 4.20275099444e-11, 2.21314026133e-11, 1.84569148159e-11, 2.15438621803e-11, 9.71983431242e-12, 9.42889950145e-12, 4.30081621358e-12],
        "dvar2": [2.61947607214e-05, 2.84337838821e-05, 2.42584837906e-06, 1.27156899907e-05, 7.37724121791e-07, 6.10314089045e-07, 6.15115538949e-07, 9.56704013788e-08, 1.75333994434e-07, 2.71485049552e-07, 3.2276722095e-07, 3.80352034313e-08, 4.65265559413e-09, 2.37803909897e-08, 2.83806116386e-08, 1.03512594052e-08, 2.74215796736e-08, 1.45109630978e-08, 4.85936224592e-09, 3.46961637199e-09, 3.50692497264e-09, 3.02375013916e-09, 4.14999679066e-09, 2.56770626983e-09, 9.56973500443e-10, 1.88757162678e-10, 1.51455320507e-10, 1.02547137448e-10, 6.23528312316e-11, 2.24212072519e-11, 1.22492363475e-11, 1.64725559582e-11, 2.94534778511e-11, 8.96873270095e-11, 4.75903309816e-11, 3.9101943905e-11, 4.88543823451e-11, 2.03706322643e-11, 2.37781027507e-11, 1.01641282196e-11],
        "max": [0.0197052750736, 0.0267331786454, 0.0088505949825, 0.0185926966369, 0.00437281467021, 0.00510635413229, 0.00563067290932, 0.00350047135726, 0.00467998022214, 0.00584421539679, 0.00435164477676, 0.00186500779819, 0.000602817570325, 0.00147252820898, 0.00170930963941, 0.00135843839962, 0.00157660001423, 0.00102282688022, 0.000752575520892, 0.000577604223508, 0.000760525232181, 0.000731223844923, 0.000478780508274, 0.000572365475819, 0.000304092187434, 0.000122214420117, 7.40105970181e-05, 5.86428795941e-05, 5.7666664361e-05, 2.65500675596e-05, 3.54136391252e-05, 4.67615536763e-05, 7.03082187101e-05, 0.000110996967123, 8.03598304628e-05, 7.15697315172e-05, 9.58070377237e-05, 5.82457323617e-05, 6.40895959805e-05, 3.4073869756e-05],
        "mean": [0.00151100137737, 0.00244629033841, 0.00139067671262, 0.00123500998598, 0.00052267301362, 0.000437181530287, 0.000412179535488, 0.000188920486835, 0.000204444047995, 0.000212571801967, 0.000309267488774, 0.000118653268146, 4.7114026529e-05, 7.8703793406e-05, 7.72447529016e-05, 6.14946111455e-05, 0.000113383764983, 6.00589155511e-05, 4.85405435029e-05, 5.18103734066e-05, 5.14493476658e-05, 6.29623245914e-05, 7.72964849602e-05, 4.30001309724e-05, 3.1793009839e-05, 2.10386915569e-05, 1.75818095158e-05, 1.66641275428e-05, 1.11025283331e-05, 7.26500229575e-06, 4.5834217417e-06, 4.09792073697e-06, 4.0605882532e-06, 5.3143085097e-06, 4.74045828014e-06, 4.9375130402e-06, 4.90051297675e-06, 4.38345796283e-06, 3.19513151226e-06, 2.10599773709e-06],
        "median": [0.000624148466159, 0.00149265863001, 0.00111920491327, 0.000586465816014, 0.000344050000422, 0.000269558018772, 0.000245005707256, 0.00011229145457, 0.000130047148559, 0.000101766338048, 0.000116292198072, 6.26220280537e-05, 2.69806441793e-05, 3.03221186186e-05, 2.91802498396e-05, 2.45276278292e-05, 4.87867218908e-05, 3.5059703805e-05, 3.23095300701e-05, 3.71626920241e-05, 3.85452840419e-05, 4.94029736728e-05, 6.38708588667e-05, 3.04795958073e-05, 2.25903331739e-05, 1.68493497767e-05, 1.48637554958e-05, 1.49678344314e-05, 9.95798745862e-06, 6.37803987047e-06, 3.90561763197e-06, 3.15585998578e-06, 2.57739998233e-06, 2.59281750914e-06, 2.66634879154e-06, 3.10230734613e-06, 3.30978559759e-06, 3.2033158277e-06, 2.19919570554e-06, 1.2783011698e-06],
        "min": [1.23022291518e-05, 6.12109506619e-05, 4.70786835649e-05, 1.62111573445e-05, 2.21756163228e-05, 1.39435769597e-05, 1.74877714016e-05, 4.45304976893e-06, 1.39273777222e-06, 5.4273796195e-06, 8.72885993886e-06, 3.81445170206e-06, 2.56164889834e-06, 2.81203006125e-06, 2.07392963603e-06, 2.23614256356e-06, 2.98687518807e-06, 3.06127913063e-06, 5.37509413334e-06, 4.21861022915e-06, 4.92555545861e-06, 1.08354033728e-05, 9.7013753475e-06, 4.08625237469e-06, 1.86693455362e-06, 3.19897208101e-06, 3.09537540488e-06, 3.27284851664e-06, 1.74613069248e-06, 8.03076773082e-07, 4.60598840846e-07, 3.97338737912e-07, 4.02133451871e-07, 2.96625387364e-07, 2.44362865942e-07, 3.18121180953e-07, 3.82957892953e-07, 3.55404608854e-07, 3.58555269031e-07, 1.77512447408e-07],
