{
"highlevel": {
    "danceability": {
        "all": {
            "danceable": 0.515294849873,
            "not_danceable": 0.484705120325
        },
        "probability": 0.515294849873,
        "value": "danceable"
    },
    "gender": {
        "all": {
            "female": 0.370767354965,
            "male": 0.629232645035
        },
        "probability": 0.629232645035,
        "value": "male"
    },
    "genre_dortmund": {
        "all": {
            "alternative": 0.233601167798,
            "blues": 0.0337935201824,
            "electronic": 0.0793114379048,
            "folkcountry": 0.0757644400001,
            "funksoulrnb": 0.00395738566294,
            "jazz": 0.0160478744656,
            "pop": 0.103159792721,
            "raphiphop": 0.00920023489743,
            "rock": 0.445164144039
        },
        "probability": 0.445164144039,
        "value": "rock"
    },
    "genre_electronic": {
        "all": {
            "ambient": 0.576347470284,
            "dnb": 0.202209368348,
            "house": 0.0348359532654,
            "techno": 0.0104259708896,
            "trance": 0.17618124187
        },
        "probability": 0.576347470284,
        "value": "ambient"
    },
    "genre_rosamerica": {
        "all": {
            "cla": 0.00782832689583,
            "dan": 0.00632829079404,
            "hip": 0.00273287994787,
            "jaz": 0.00275638746098,
            "pop": 0.175004258752,
            "rhy": 0.00529530458152,
            "roc": 0.799286544323,
            "spe": 0.000768017082009
        },
        "probability": 0.799286544323,
        "value": "roc"
    },
    "genre_tzanetakis": {
        "all": {
            "blu": 0.0626613423228,
            "cla": 0.0348169617355,
            "cou": 0.104475811124,
            "dis": 0.0784321576357,
            "hip": 0.15692435205,
            "jaz": 0.313974827528,
            "met": 0.0448166541755,
            "pop": 0.0627359300852,
            "reg": 0.0627360641956,
            "roc": 0.0784258767962
        },
        "probability": 0.313974827528,
        "value": "jaz"
    },
    "ismir04_rhythm": {
        "all": {
            "ChaChaCha": 0.131445840001,
            "Jive": 0.113503813744,
            "Quickstep": 0.466492772102,
            "Rumba-American": 0.0322329252958,
            "Rumba-International": 0.0161089394242,
            "Rumba-Misc": 0.00574017502367,
            "Samba": 0.125206783414,
            "Tango": 0.0632067248225,
            "VienneseWaltz": 0.0236471574754,
            "Waltz": 0.0224148780107
        },
        "probability": 0.466492772102,
        "value": "Quickstep"
    },
    "mood_acoustic": {
        "all": {
            "acoustic": 0.0148886144161,
            "not_acoustic": 0.985111415386
        },
        "probability": 0.985111415386,
        "value": "not_acoustic"
    },
    "mood_aggressive": {
        "all": {
            "aggressive": 0.876026690006,
            "not_aggressive": 0.123973280191
        },
        "probability": 0.876026690006,
        "value": "aggressive"
    },
    "mood_electronic": {
        "all": {
            "electronic": 0.432280272245,
            "not_electronic": 0.567719697952
        },
        "probability": 0.567719697952,
        "value": "not_electronic"
    },
    "mood_happy": {
        "all": {
            "happy": 0.531148731709,
            "not_happy": 0.468851298094
        },
        "probability": 0.531148731709,
        "value": "happy"
    },
    "mood_party": {
        "all": {
            "not_party": 0.57107925415,
            "party": 0.428920775652
        },
        "probability": 0.57107925415,
        "value": "not_party"
    },
    "mood_relaxed": {
        "all": {
            "not_relaxed": 0.672010838985,
            "relaxed": 0.327989161015
        },
        "probability": 0.672010838985,
        "value": "not_relaxed"
    },
    "mood_sad": {
        "all": {
            "not_sad": 0.747536838055,
            "sad": 0.252463161945
        },
        "probability": 0.747536838055,
        "value": "not_sad"
    },
    "moods_mirex": {
        "all": {
            "Cluster1": 0.450169801712,
            "Cluster2": 0.0916299447417,
            "Cluster3": 0.0651605129242,
            "Cluster4": 0.0326767340302,
            "Cluster5": 0.360363006592
        },
        "probability": 0.450169801712,
        "value": "Cluster1"
    },
    "timbre": {
        "all": {
            "bright": 0.878416717052,
            "dark": 0.121583268046
        },
        "probability": 0.878416717052,
        "value": "bright"
    },
    "tonal_atonal": {
        "all": {
            "atonal": 0.00597885157913,
            "tonal": 0.994021177292
        },
        "probability": 0.994021177292,
        "value": "tonal"
    },
    "voice_instrumental": {
        "all": {
            "instrumental": 9.95083464659e-05,
            "voice": 0.999900519848
        },
        "probability": 0.999900519848,
        "value": "voice"
    }
},
"lowlevel": {
    "average_loudness": 0.975237727165,
    "barkbands_crest": {
        "dmean": 2.49364829063,
        "dmean2": 4.11837244034,
        "dvar": 5.72779321671,
        "dvar2": 14.6122331619,
        "max": 20.4604644775,
        "mean": 9.90788459778,
        "median": 9.37549877167,
        "min": 2.88912248611,
        "var": 15.526017189
    },
    "barkbands_flatness_db": {
        "dmean": 0.0194310229272,
        "dmean2": 0.0295664779842,
        "dvar": 0.000317059486406,
        "dvar2": 0.000700391654391,
        "max": 0.277680903673,
        "mean": 0.136330381036,
        "median": 0.132533609867,
        "min": 0.0516377873719,
        "var": 0.00149031938054
    },
    "barkbands_kurtosis": {
        "dmean": 1.15624213219,
        "dmean2": 1.91274559498,
        "dvar": 2.30067229271,
        "dvar2": 6.44324207306,
        "max": 15.3871326447,
        "mean": 0.913122296333,
        "median": 0.381356239319,
        "min": -1.51038479805,
        "var": 3.74459719658
    },
    "barkbands_skewness": {
        "dmean": 0.395309209824,
        "dmean2": 0.633645236492,
        "dvar": 0.161919519305,
        "dvar2": 0.429184377193,
        "max": 3.83331680298,
        "mean": 1.04441225529,
        "median": 0.991335332394,
        "min": -0.610838294029,
        "var": 0.465406805277
    },
    "barkbands_spread": {
        "dmean": 4.69956111908,
        "dmean2": 7.2756357193,
        "dvar": 21.1085090637,
        "dvar2": 43.5562438965,
        "max": 70.07006073,
        "mean": 24.4973278046,
        "median": 23.4542560577,
        "min": 8.27418708801,
        "var": 70.5598526001
    },
    "dissonance": {
        "dmean": 0.0156213091686,
        "dmean2": 0.0265855379403,
        "dvar": 0.000189759550267,
        "dvar2": 0.000548298936337,
        "max": 0.49999922514,
        "mean": 0.469674557447,
        "median": 0.472625851631,
        "min": 0.389376074076,
        "var": 0.000335529388394
    },
    "dynamic_complexity": 1.95619869232,
    "erbbands_crest": {
        "dmean": 2.03819298744,
        "dmean2": 3.26721739769,
        "dvar": 3.58307385445,
        "dvar2": 9.30285453796,
        "max": 23.3286800385,
        "mean": 7.64995765686,
        "median": 6.97907018661,
        "min": 2.68391275406,
        "var": 8.94837760925
    },
    "erbbands_flatness_db": {
        "dmean": 0.0197671670467,
        "dmean2": 0.0275338962674,
        "dvar": 0.000402567733545,
        "dvar2": 0.000725429388694,
        "max": 0.275745749474,
        "mean": 0.162712261081,
        "median": 0.163862213492,
        "min": 0.0711713731289,
        "var": 0.00156568281818
    },
    "erbbands_kurtosis": {
        "dmean": 0.507421553135,
        "dmean2": 0.811758697033,
        "dvar": 0.243552789092,
        "dvar2": 0.621725738049,
        "max": 4.45076799393,
        "mean": 0.108282186091,
        "median": -0.0903866291046,
        "min": -1.31404030323,
        "var": 0.806017160416
    },
    "erbbands_skewness": {
        "dmean": 0.257193982601,
        "dmean2": 0.403178006411,
        "dvar": 0.0455499365926,
        "dvar2": 0.113121770322,
        "max": 1.54576313496,
        "mean": 0.0833040103316,
        "median": 0.0688998028636,
        "min": -1.37745141983,
        "var": 0.19960694015
    },
    "erbbands_spread": {
        "dmean": 6.17433071136,
        "dmean2": 9.56278324127,
        "dvar": 61.6181678772,
        "dvar2": 140.335647583,
        "max": 89.5019454956,
        "mean": 29.8709583282,
        "median": 27.1541805267,
        "min": 8.64225101471,
        "var": 146.763122559
    },
    "hfc": {
        "dmean": 6.81565332413,
        "dmean2": 9.65341949463,
        "dvar": 82.7105255127,
        "dvar2": 163.683197021,
        "max": 91.6953201294,
        "mean": 26.3850154877,
        "median": 22.4915828705,
        "min": 4.00846576691,
        "var": 302.6980896
    },
    "melbands_crest": {
        "dmean": 3.27750396729,
        "dmean2": 5.35783863068,
        "dvar": 10.704082489,
        "dvar2": 29.7378578186,
        "max": 30.4779949188,
        "mean": 14.2610435486,
        "median": 13.0138111115,
        "min": 4.2444653511,
        "var": 30.8762454987
    },
    "melbands_flatness_db": {
        "dmean": 0.0245264004916,
        "dmean2": 0.0364178754389,
        "dvar": 0.000524119124748,
        "dvar2": 0.00113160093315,
        "max": 0.380423009396,
        "mean": 0.195019930601,
        "median": 0.188301414251,
        "min": 0.0547697432339,
        "var": 0.00308402930386
    },
    "melbands_kurtosis": {
        "dmean": 3.41153907776,
        "dmean2": 5.67157888412,
        "dvar": 31.2347164154,
        "dvar2": 85.9183120728,
        "max": 62.7080688477,
        "mean": 5.63343572617,
        "median": 3.91929197311,
        "min": -1.08452129364,
        "var": 42.4583740234
    },
    "melbands_skewness": {
        "dmean": 0.588940024376,
        "dmean2": 0.945747256279,
        "dvar": 0.420062690973,
        "dvar2": 1.09295022488,
        "max": 6.95001316071,
        "mean": 1.97893083096,
        "median": 1.90351450443,
        "min": -0.387339532375,
        "var": 1.09488332272
    },
    "melbands_spread": {
        "dmean": 5.66860246658,
        "dmean2": 8.97534656525,
        "dvar": 27.3760166168,
        "dvar2": 68.1668777466,
        "max": 62.745426178,
        "mean": 25.8465385437,
        "median": 25.0814056396,
        "min": 6.44774961472,
        "var": 97.5464630127
    },
    "pitch_salience": {
        "dmean": 0.0678527727723,
        "dmean2": 0.110287822783,
        "dvar": 0.00375361787155,
        "dvar2": 0.00978597719222,
        "max": 0.845735311508,
        "mean": 0.552923679352,
        "median": 0.55424118042,
        "min": 0.286588579416,
        "var": 0.00969799049199
    },
    "silence_rate_20dB": {
        "dmean": 0,
        "dmean2": 0,
        "dvar": 0,
        "dvar2": 0,
        "max": 1,
        "mean": 1,
        "median": 1,
        "min": 1,
        "var": 0
    },
    "silence_rate_30dB": {
        "dmean": 0,
        "dmean2": 0,
        "dvar": 0,
        "dvar2": 0,
        "max": 1,
        "mean": 1,
        "median": 1,
        "min": 1,
        "var": 0
    },
    "silence_rate_60dB": {
        "dmean": 0,
        "dmean2": 0,
        "dvar": 0,
        "dvar2": 0,
        "max": 0,
        "mean": 0,
        "median": 0,
        "min": 0,
        "var": 0
    },
    "spectral_centroid": {
        "dmean": 180.400238037,
        "dmean2": 281.466949463,
        "dvar": 28904.4121094,
        "dvar2": 61442.7578125,
        "max": 3056.84863281,
        "mean": 1376.83764648,
        "median": 1337.58630371,
        "min": 617.638244629,
        "var": 125446.320312
    },
    "spectral_complexity": {
        "dmean": 3.75851392746,
        "dmean2": 5.82261800766,
        "dvar": 12.7249584198,
        "dvar2": 27.3310394287,
        "max": 49,
        "mean": 27.8538284302,
        "median": 28,
        "min": 11,
        "var": 46.1062316895
    },
    "spectral_decrease": {
        "dmean": 2.6732627223e-09,
        "dmean2": 4.31940128109e-09,
        "dvar": 1.27754389471e-17,
        "dvar2": 3.3291614214e-17,
        "max": -1.44054879136e-09,
        "mean": -8.78383854541e-09,
        "median": -7.79047670818e-09,
        "min": -3.18204556038e-08,
        "var": 1.74090284602e-17
    },
    "spectral_energy": {
        "dmean": 0.0105237187818,
        "dmean2": 0.0168841704726,
        "dvar": 0.000197463363293,
        "dvar2": 0.000508435128722,
        "max": 0.127064839005,
        "mean": 0.0355454608798,
        "median": 0.0314865782857,
        "min": 0.00585794029757,
        "var": 0.000285654852632
    },
    "spectral_energyband_high": {
        "dmean": 0.000389975117287,
        "dmean2": 0.00056128174765,
        "dvar": 5.07702623054e-07,
        "dvar2": 1.07526409465e-06,
        "max": 0.00685831578448,
        "mean": 0.000704482896253,
        "median": 0.000249768665526,
        "min": 4.20939022661e-06,
        "var": 1.04823936908e-06
    },
    "spectral_energyband_low": {
        "dmean": 0.00655861152336,
        "dmean2": 0.0112707046792,
        "dvar": 0.000100642733742,
        "dvar2": 0.000286944297841,
        "max": 0.087216347456,
        "mean": 0.0138124711812,
        "median": 0.0126456879079,
        "min": 0.000119790442113,
        "var": 9.79818214546e-05
    },
    "spectral_energyband_middle_high": {
        "dmean": 0.00264082406648,
        "dmean2": 0.00368114584126,
        "dvar": 1.30841726786e-05,
        "dvar2": 2.64075952146e-05,
        "max": 0.0459691621363,
        "mean": 0.00978648941964,
        "median": 0.00694042863324,
        "min": 0.00129667890724,
        "var": 7.02363759046e-05
    },
    "spectral_energyband_middle_low": {
        "dmean": 0.00520584126934,
        "dmean2": 0.00838192366064,
        "dvar": 7.91632337496e-05,
        "dvar2": 0.000196515407879,
        "max": 0.0953206196427,
        "mean": 0.0125191034749,
        "median": 0.00960339047015,
        "min": 0.00196038256399,
        "var": 9.8003038147e-05
    },
    "spectral_entropy": {
        "dmean": 0.124439947307,
        "dmean2": 0.170406594872,
        "dvar": 0.0162460282445,
        "dvar2": 0.0274781119078,
        "max": 8.46641159058,
        "mean": 7.63874197006,
        "median": 7.59880971909,
        "min": 6.89383411407,
        "var": 0.0743029713631
    },
    "spectral_flux": {
        "dmean": 0.027601968497,
        "dmean2": 0.0423665158451,
        "dvar": 0.000921679427847,
        "dvar2": 0.00199186615646,
        "max": 0.286401033401,
        "mean": 0.0956122651696,
        "median": 0.0858692154288,
        "min": 0.0228431280702,
        "var": 0.00210969033651
    },
    "spectral_kurtosis": {
        "dmean": 2.28129887581,
        "dmean2": 3.72344112396,
        "dvar": 7.07252407074,
        "dvar2": 19.7014465332,
        "max": 30.2327041626,
        "mean": 6.42031764984,
        "median": 6.01148986816,
        "min": 0.193238973618,
        "var": 12.7074794769
    },
    "spectral_rms": {
        "dmean": 0.00083084020298,
        "dmean2": 0.0013055568561,
        "dvar": 9.34834702093e-07,
        "dvar2": 2.31874173551e-06,
        "max": 0.0111339883879,
        "mean": 0.00574130332097,
        "median": 0.00554243754596,
        "min": 0.00239061983302,
        "var": 1.7159447907e-06
    },
    "spectral_rolloff": {
        "dmean": 355.280822754,
        "dmean2": 585.316833496,
        "dvar": 175273.109375,
        "dvar2": 400973.625,
        "max": 7536.62109375,
        "mean": 1331.79345703,
        "median": 1291.9921875,
        "min": 150.732421875,
        "var": 421031.5625
    },
    "spectral_skewness": {
        "dmean": 0.255823850632,
        "dmean2": 0.420316457748,
        "dvar": 0.0679271742702,
        "dvar2": 0.185220643878,
        "max": 3.79898905754,
        "mean": 1.77651107311,
        "median": 1.77585184574,
        "min": 0.458245813847,
        "var": 0.132350444794
    },
    "spectral_spread": {
        "dmean": 611785.375,
        "dmean2": 840590,
        "dvar": 570106707968,
        "dvar2": 1.01793523302e+12,
        "max": 12335124,
        "mean": 3733245.75,
        "median": 3346984,
        "min": 1534799.25,
        "var": 1.99463324877e+12
    },
    "spectral_strongpeak": {
        "dmean": 0.494993507862,
        "dmean2": 0.856038987637,
        "dvar": 0.821773767471,
        "dvar2": 2.05749154091,
        "max": 6.98504161835,
        "mean": 0.739466845989,
        "median": 0.322522491217,
        "min": 0,
        "var": 1.21976006031
    },
    "zerocrossingrate": {
        "dmean": 0.00833479501307,
        "dmean2": 0.00985828880221,
        "dvar": 7.53183558118e-05,
        "dvar2": 0.000105099774373,
        "max": 0.16845703125,
        "mean": 0.0534756705165,
        "median": 0.0498046875,
        "min": 0.01171875,
        "var": 0.000478233181639
    },
    "barkbands": {
        "dmean": [0.000485462631332, 0.00510719744489, 0.00133980519604, 0.00188637070823, 0.00168111268431, 0.000882413063664, 0.00100576248951, 0.00124625163153, 0.00107841857243, 0.00103454559576, 0.000599352526478, 0.000722514523659, 0.000626770197414, 0.000667796703056, 0.000373264803784, 0.000451239699032, 0.000339700083714, 0.000157296628458, 0.00020662836323, 0.00010990449664, 9.58407763392e-05, 6.51961017866e-05, 7.28752565919e-05, 6.36275362922e-05, 9.25437561818e-05, 2.78004827123e-05, 1.24191554818e-08],
        "dmean2": [0.000773488718551, 0.00865666568279, 0.00241374853067, 0.00314851431176, 0.002769571729, 0.00148152979091, 0.00160462944768, 0.00204878929071, 0.00171602226328, 0.00155221135356, 0.000913584604859, 0.00116235075984, 0.000967338972259, 0.0010516581824, 0.000593457429204, 0.00074192835018, 0.000553850142751, 0.000254873972153, 0.000324388820445, 0.000174907472683, 0.000159021074069, 0.000104085163912, 0.00011073283531, 9.36459764489e-05, 0.00013551444863, 4.39142459072e-05, 2.17137881009e-08],
        "dvar": [6.89794887876e-07, 5.58569263376e-05, 1.01631276266e-05, 1.36167100209e-05, 1.52991615323e-05, 3.47972036252e-06, 2.87192233372e-06, 5.99335362494e-06, 2.67590439762e-06, 4.83454823552e-06, 2.09197833101e-06, 2.27623195315e-06, 8.9314107754e-07, 1.54865847435e-06, 3.82095038276e-07, 3.03700261384e-07, 1.88597510942e-07, 6.58775647366e-08, 9.73779137325e-08, 4.51533033186e-08, 4.25588062569e-08, 1.82796888737e-08, 1.57989870075e-08, 1.52354786565e-08, 3.93311658797e-08, 3.0767977055e-09, 8.50652234335e-15],
        "dvar2": [1.65556241427e-06, 0.000160691706697, 2.89958679787e-05, 3.50503360096e-05, 3.82755424653e-05, 8.41901146487e-06, 6.60028399579e-06, 1.56221849466e-05, 7.01276940163e-06, 1.14673193821e-05, 4.38789675172e-06, 5.12124142915e-06, 2.09752897717e-06, 3.34456149176e-06, 8.28934787478e-07, 7.62903766827e-07, 5.0153215625e-07, 1.63200809311e-07, 2.35144725025e-07, 1.04954366975e-07, 1.13312097483e-07, 4.56715838482e-08, 3.44804256258e-08, 3.29513341057e-08, 9.00936001358e-08, 7.24643456351e-09, 1.56795962932e-14],
        "max": [0.0100303376094, 0.0681165009737, 0.0282855965197, 0.0401569604874, 0.0493826977909, 0.0253337044269, 0.0223644822836, 0.0279575772583, 0.0150286816061, 0.0337251462042, 0.0280943252146, 0.0270487368107, 0.0108844554052, 0.0182801876217, 0.00891253259033, 0.00596315599978, 0.0057906084694, 0.00489498768002, 0.00350089767016, 0.00319839408621, 0.00177505146712, 0.00119202316273, 0.00127822102513, 0.00171565834899, 0.00224244664423, 0.000438058457803, 2.45497994911e-06],
        "mean": [0.00066696171416, 0.0105075938627, 0.00153721845709, 0.00268303719349, 0.00240385439247, 0.00138261308894, 0.00167078722734, 0.00185512541793, 0.00220393249765, 0.00193522963673, 0.00122913171072, 0.00128099578433, 0.0010326608317, 0.00122523948085, 0.00068357156124, 0.000951602472924, 0.000722433673218, 0.000319375423715, 0.000447918311693, 0.000188604928553, 0.000128559142468, 9.68852546066e-05, 0.000117308474728, 0.000109932720079, 0.000130023152451, 3.48663015757e-05, 8.51689563319e-09],
        "median": [0.000304297427647, 0.00992441363633, 0.000955552677624, 0.0014381930232, 0.00140051555354, 0.000823197944555, 0.000897288264241, 0.000760547001846, 0.00158934027422, 0.000957726850174, 0.000437226553913, 0.000496189517435, 0.000565387308598, 0.000531030411366, 0.000435577065218, 0.000752347987145, 0.0005374851753, 0.000203813586268, 0.000277612678474, 9.97694005491e-05, 4.78425972688e-05, 2.55392897088e-05, 4.13968591602e-05, 2.60226133832e-05, 3.12062657031e-05, 6.00518706051e-06, 6.90252632829e-10],
        "min": [4.53682602597e-08, 8.19091656012e-06, 5.39523580301e-06, 1.58719030878e-05, 0.000124284488265, 1.79162743734e-05, 4.51477535535e-05, 1.28529864014e-05, 5.40015898878e-05, 4.60716073576e-05, 1.0372480574e-05, 2.15524742089e-05, 1.50776977534e-05, 4.41024421889e-05, 3.42480816471e-05, 7.92840728536e-05, 4.59111179225e-05, 1.09536813397e-05, 6.29486885373e-06, 2.60659908236e-06, 1.02570402305e-06, 9.81750005735e-08, 4.89444431651e-08, 2.25900564921e-09, 1.42671670034e-08, 9.46421066517e-11, 8.48288279898e-12],
        "var": [1.20450624763e-06, 6.19731217739e-05, 6.41531096335e-06, 1.48133794937e-05, 1.50126434164e-05, 4.28248722528e-06, 6.40854159428e-06, 8.52890661918e-06, 4.3966215344e-06, 1.14006579679e-05, 8.70683470566e-06, 5.04559602632e-06, 1.85274654996e-06, 3.63980302609e-06, 8.00989482741e-07, 5.73059935505e-07, 3.82264971677e-07, 1.36403699003e-07, 2.53373031001e-07, 7.87974414607e-08, 4.22793533517e-08, 2.58927084218e-08, 3.16056834038e-08, 3.49143256528e-08, 6.2940863188e-08, 4.65701432972e-09, 6.95837566169e-15]
    },
    "erbbands": {
        "dmean": [0.190490528941, 1.03023838997, 1.54032588005, 3.90696382523, 6.4634642601, 5.93463087082, 4.88028478622, 8.16971206665, 14.6783628464, 17.8297805786, 24.655632019, 28.0518665314, 18.8611774445, 33.8325004578, 26.455280304, 28.0249881744, 28.3785743713, 30.6201686859, 24.1246604919, 18.0611953735, 26.0659561157, 16.411239624, 8.77577495575, 9.29792308807, 9.57260990143, 4.86593675613, 4.26547718048, 3.59439396858, 2.25769305229, 2.3004629612, 2.02472758293, 1.26973068714, 1.17799806595, 0.880904555321, 0.682794392109, 0.245740890503, 0.0374110899866, 0.00211207056418, 5.35347098776e-05, 1.45227995745e-05],
        "dmean2": [0.321475446224, 1.74989140034, 2.70163869858, 6.68330717087, 10.7547683716, 9.71353912354, 8.45136356354, 13.6505060196, 22.9651546478, 28.7900180817, 39.7818260193, 44.7229194641, 28.3563251495, 50.7283401489, 40.0279159546, 44.763130188, 43.3104896545, 47.6657752991, 38.1493911743, 28.4903182983, 42.4969482422, 26.5272655487, 14.1109313965, 14.6041908264, 14.9524879456, 7.58495092392, 6.98923587799, 6.05458402634, 3.65603590012, 3.57018089294, 3.08627796173, 1.90229535103, 1.76486778259, 1.32424938679, 1.03698122501, 0.376774966717, 0.0596180967987, 0.00340131903067, 8.20614295662e-05, 2.24712384806e-05],
        "dvar": [0.0782567635179, 2.72971916199, 11.8535480499, 61.2071418762, 196.916061401, 203.897323608, 105.249633789, 308.599731445, 728.217956543, 1282.12194824, 2928.29516602, 1879.87890625, 1692.8392334, 5046.19873047, 2691.75927734, 3894.14819336, 1630.09387207, 3655.54370117, 1477.58276367, 754.097595215, 1031.20007324, 452.944519043, 193.917236328, 167.170791626, 271.788604736, 93.4034347534, 83.1124038696, 74.7385864258, 22.5692367554, 17.1865272522, 12.7438049316, 6.1831111908, 5.35343933105, 4.20451259613, 2.26076817513, 0.2702254951, 0.00618610810488, 2.17010820052e-05, 1.14066915913e-08, 4.21451096244e-10],
        "dvar2": [0.238394886255, 7.42090368271, 33.7687568665, 164.115493774, 487.328857422, 515.810302734, 298.730987549, 741.849304199, 1596.45568848, 3084.32006836, 7386.77392578, 4919.29052734, 3440.87060547, 12091.2568359, 5580.73535156, 9272.25, 3613.56347656, 7640.46337891, 3364.56860352, 1791.81677246, 2688.61181641, 1130.51379395, 471.743499756, 388.864746094, 686.434814453, 219.600067139, 219.598587036, 204.912078857, 56.8479118347, 39.1037216187, 28.247461319, 13.5840520859, 11.3891458511, 8.99764251709, 5.31118965149, 0.636029660702, 0.0149849187583, 5.31656696694e-05, 2.68432724937e-08, 1.0042541243e-09],
        "max": [2.36549711227, 15.134103775, 31.0363292694, 75.1157531738, 172.876556396, 154.422302246, 121.356399536, 228.402450562, 471.051300049, 567.078308105, 764.053955078, 438.466949463, 726.103942871, 1289.37304688, 881.50402832, 1278.84912109, 504.445922852, 1060.79553223, 600.513244629, 402.632049561, 385.58984375, 260.540679932, 270.731048584, 129.982803345, 244.271789551, 141.396392822, 91.2448730469, 95.2789459229, 47.3189582825, 38.0325164795, 40.4066009521, 31.0606899261, 31.9478416443, 35.4022293091, 19.1252613068, 5.77120923996, 0.868613839149, 0.0420069359243, 0.000968182343058, 0.000217029635678],
        "mean": [0.328465402126, 2.18827557564, 2.42214345932, 5.4439330101, 9.0846786499, 8.01671791077, 7.99654102325, 12.4024801254, 25.0031261444, 29.315820694, 39.662071228, 58.9821624756, 37.3338088989, 65.3037261963, 62.4313049316, 51.4776611328, 51.2208786011, 59.20154953, 47.1670799255, 36.5784721375, 56.1586837769, 37.6632537842, 20.0227584839, 20.6818618774, 20.1491260529, 8.82660198212, 6.05581998825, 4.56380653381, 3.29575037956, 3.5385184288, 3.27803850174, 2.19374799728, 1.97747015953, 1.27924871445, 0.928638458252, 0.311171770096, 0.0454355180264, 0.00242839567363, 8.38161067804e-05, 4.77454887005e-05],
        "median": [0.213581636548, 2.05553007126, 1.85658955574, 3.0564801693, 4.69786119461, 4.45147848129, 4.94482755661, 7.04498434067, 12.5764446259, 15.6960191727, 18.9957466125, 43.769744873, 20.1003627777, 34.5187759399, 23.9672489166, 24.769985199, 30.1165142059, 25.6145172119, 30.393579483, 26.2432880402, 44.1197776794, 28.66431427, 13.3780508041, 13.5367450714, 11.4916210175, 4.91768598557, 2.68404364586, 1.48369991779, 0.913707077503, 1.17100870609, 1.14251494408, 0.530953168869, 0.426671952009, 0.228826731443, 0.222202196717, 0.068965010345, 0.00679900404066, 0.000244657712756, 3.11730218527e-05, 4.09252788813e-05],
        "min": [0.000197147252038, 0.00239229830913, 0.0145435454324, 0.0732743665576, 0.180002048612, 0.248692959547, 0.303892314434, 0.350932389498, 0.537921667099, 1.6574023962, 0.901039719582, 1.16891229153, 2.36402964592, 1.49932253361, 1.69684374332, 1.67996275425, 2.20155930519, 2.25487518311, 2.25416326523, 3.50688290596, 4.25598669052, 3.22556972504, 0.655217945576, 0.696317195892, 0.20667335391, 0.128706395626, 0.0716254264116, 0.0211269110441, 0.00545744830742, 0.00216937623918, 0.00136936304625, 0.000412634137319, 0.000208161101909, 9.95747832349e-05, 0.000139686875627, 1.50721252794e-05, 7.58885380492e-06, 9.89064687928e-07, 3.24110646943e-06, 6.98370831742e-06],
        "var": [0.105523727834, 2.90693664551, 8.13017749786, 57.8262443542, 210.521560669, 184.615066528, 109.461677551, 368.677124023, 1667.72094727, 1727.23278809, 4111.32519531, 3073.47094727, 3464.88696289, 11283.1025391, 12375.3369141, 6570.64111328, 3962.06030273, 9336.72753906, 3068.33276367, 1345.6270752, 1992.01257324, 957.102111816, 485.535247803, 407.613830566, 659.20526123, 160.378814697, 85.9518585205, 65.5611495972, 29.8908519745, 30.7227592468, 25.1487522125, 13.2697439194, 12.362944603, 7.1810259819, 3.25050759315, 0.38127091527, 0.00852730125189, 2.97975948342e-05, 1.7568474675e-08, 7.17156500851e-10]
    },
    "gfcc": {
        "mean": [29.625164032, 114.924095154, -133.040740967, 27.4259471893, -45.7850036621, 24.5397052765, -37.4494438171, 23.385974884, -19.6215782166, 4.26958179474, -13.0650978088, -2.20919394493, -6.43011951447],
        "cov": [[2349.07421875, -1547.28405762, 334.855224609, 168.2081604, -532.0625, 340.319000244, -259.213806152, 43.6882820129, -333.293731689, 60.6155204773, -212.849319458, 132.384338379, -296.763122559], [-1547.28405762, 1353.87756348, -299.42880249, -108.912757874, 416.949401855, -300.329101562, 241.806381226, -39.1672668457, 277.78036499, -63.9303779602, 211.807922363, -125.781951904, 213.929229736], [334.855224609, -299.42880249, 373.433227539, 85.3667984009, -70.8620681763, 89.4073867798, -91.4978866577, 14.1899909973, -65.0964889526, 56.083065033, -115.519203186, 49.0862312317, -39.7966499329], [168.2081604, -108.912757874, 85.3667984009, 189.748687744, -25.5238761902, 51.3801269531, -11.9164142609, -21.287689209, 11.4331922531, 3.05425262451, -20.4376335144, -7.78220462799, 14.0588855743], [-532.0625, 416.949401855, -70.8620681763, -25.5238761902, 256.45199585, -61.8294448853, 92.1249542236, -5.92179012299, 79.028175354, -10.4937343597, 42.5220069885, -18.2041339874, 77.8348464966], [340.319000244, -300.329101562, 89.4073867798, 51.3801269531, -61.8294448853, 155.801116943, -24.8552436829, 20.6012096405, -46.3555870056, 9.13751888275, -47.2434043884, 27.4476013184, -43.245262146], [-259.213806152, 241.806381226, -91.4978866577, -11.9164142609, 92.1249542236, -24.8552436829, 139.342147827, 14.7231655121, 51.9765739441, -14.419834137, 45.5782241821, -14.6694135666, 34.9440231323], [43.6882820129, -39.1672668457, 14.1899909973, -21.287689209, -5.92179012299, 20.6012096405, 14.7231655121, 102.680450439, 20.3472537994, 24.5796337128, 14.0125141144, 1.2366297245, -6.0687251091], [-333.293731689, 277.78036499, -65.0964889526, 11.4331922531, 79.028175354, -46.3555870056, 51.9765739441, 20.3472537994, 142.910293579, 19.5246143341, 52.2981796265, -26.9166107178, 46.258441925], [60.6155204773, -63.9303779602, 56.083065033, 3.05425262451, -10.4937343597, 9.13751888275, -14.419834137, 24.5796337128, 19.5246143341, 70.9393539429, -2.12574124336, 22.0741462708, -13.4199142456], [-212.849319458, 211.807922363, -115.519203186, -20.4376335144, 42.5220069885, -47.2434043884, 45.5782241821, 14.0125141144, 52.2981796265, -2.12574124336, 118.224273682, -16.7057819366, 38.2646369934], [132.384338379, -125.781951904, 49.0862312317, -7.78220462799, -18.2041339874, 27.4476013184, -14.6694135666, 1.2366297245, -26.9166107178, 22.0741462708, -16.7057819366, 83.2766342163, -13.1337213516], [-296.763122559, 213.929229736, -39.7966499329, 14.0588855743, 77.8348464966, -43.245262146, 34.9440231323, -6.0687251091, 46.258441925, -13.4199142456, 38.2646369934, -13.1337213516, 96.8325119019]],
        "icov": [[0.00217433203943, 0.0015777326189, 0.000100000157545, -0.00134039286058, 0.000866401125677, -3.24927787005e-05, -0.000122937010019, -0.000568584830035, 0.00114350789227, 0.000107183666842, -0.000586902722716, -0.000477149471408, 0.00234734080732], [0.0015777326189, 0.0101274196059, -0.00371597916819, 0.00349426083267, -0.00523337488994, 0.00730618694797, -0.00555012701079, 0.00432946626097, -0.00826629437506, 0.00653739785776, -0.00695290463045, 0.00466021476313, -0.00159511074889], [0.000100000157545, -0.00371597916819, 0.0075274836272, -0.00417601875961, 0.00193779193796, -0.00354905077256, 0.00416655745357, -0.00353233376518, 0.00554672302678, -0.00660327868536, 0.00694945221767, -0.00318639772013, 0.00060522655258], [-0.00134039286058, 0.00349426083267, -0.00417601875961, 0.0110461870208, -0.00196190574206, 0.000425941310823, -0.00335045019165, 0.00578334834427, -0.00758478278294, 0.00354033568874, -0.00343670416623, 0.00467827916145, -0.00570235494524], [0.000866401125677, -0.00523337488994, 0.00193779193796, -0.00196190574206, 0.0110696805641, -0.00440112827346, 0.000150577223394, -0.00206307484768, 0.00436733942479, -0.00410754885525, 0.00468718865886, -0.00335129559971, -0.000710990920197], [-3.24927787005e-05, 0.00730618694797, -0.00354905077256, 0.000425941310823, -0.00440112827346, 0.0163990668952, -0.0051826313138, 0.0006955548306, -0.00565738882869, 0.00630581518635, -0.00372670777142, 0.00172759406269, 0.00029746623477], [-0.000122937010019, -0.00555012701079, 0.00416655745357, -0.00335045019165, 0.000150577223394, -0.0051826313138, 0.0149561027065, -0.0049610408023, 0.00400605704635, -0.00204851012677, 0.00289490353316, -0.00375928170979, 0.00208856817335], [-0.000568584830035, 0.00432946626097, -0.00353233376518, 0.00578334834427, -0.00206307484768, 0.0006955548306, -0.0049610408023, 0.0157346092165, -0.00717599922791, 5.29587669007e-06, -0.00550633249804, 0.00443495996296, -0.00264728884213], [0.00114350789227, -0.00826629437506, 0.00554672302678, -0.00758478278294, 0.00436733942479, -0.00565738882869, 0.00400605704635, -0.00717599922791, 0.0229076556861, -0.0127721335739, 0.0050304220058, -0.00250830152072, 0.00217385822907], [0.000107183666842, 0.00653739785776, -0.00660327868536, 0.00354033568874, -0.00410754885525, 0.00630581518635, -0.00204851012677, 5.29587669007e-06, -0.0127721335739, 0.0274215806276, -0.00737577723339, -0.00196107244119, 0.00206560897641], [-0.000586902722716, -0.00695290463045, 0.00694945221767, -0.00343670416623, 0.00468718865886, -0.00372670777142, 0.00289490353316, -0.00550633249804, 0.0050304220058, -0.00737577723339, 0.0200990308076, -0.00381067744456, -0.00178904552013], [-0.000477149471408, 0.00466021476313, -0.00318639772013, 0.00467827916145, -0.00335129559971, 0.00172759406269, -0.00375928170979, 0.00443495996296, -0.00250830152072, -0.00196107244119, -0.00381067744456, 0.0184500329196, -0.00371212721802], [0.00234734080732, -0.00159511074889, 0.00060522655258, -0.00570235494524, -0.000710990920197, 0.00029746623477, 0.00208856817335, -0.00264728884213, 0.00217385822907, 0.00206560897641, -0.00178904552013, -0.00371212721802, 0.0213576927781]]
    },
    "melbands": {
        "dmean": [0.00152784830425, 0.000963324622717, 0.000768709403928, 0.000440578762209, 0.000176272747922, 0.000183068579645, 0.000217936103581, 0.000215728257899, 0.000202352413908, 0.000168163285707, 9.91807683022e-05, 0.000148963561514, 8.7090258603e-05, 8.88138310984e-05, 7.09356027073e-05, 5.3404695791e-05, 6.40669459244e-05, 4.38501847384e-05, 2.47873977059e-05, 2.88395276584e-05, 3.28181813529e-05, 1.98129237106e-05, 1.30375301524e-05, 7.47974945625e-06, 8.27621988719e-06, 8.99462156667e-06, 4.78975880469e-06, 3.31849400936e-06, 2.96322468785e-06, 2.25620078709e-06, 2.14587748815e-06, 1.43077318171e-06, 1.13432258786e-06, 1.41951704791e-06, 1.39016890444e-06, 9.50933213062e-07, 7.97818984211e-07, 9.00455745523e-07, 7.97797781615e-07, 7.59342981382e-07],
        "dmean2": [0.00256769289263, 0.0016478105681, 0.00130173272919, 0.000722417782526, 0.000302414991893, 0.000306235946482, 0.000340582861099, 0.000349820678821, 0.000325855595293, 0.000270306365564, 0.000148648075992, 0.000223170063691, 0.000131602413603, 0.000140889678732, 0.000109825006803, 8.19375782157e-05, 0.000101183606603, 7.04427948222e-05, 3.91821595258e-05, 4.67388090328e-05, 5.41412118764e-05, 3.24039829138e-05, 2.10626858461e-05, 1.22342962641e-05, 1.32371205837e-05, 1.40989941428e-05, 7.7037148003e-06, 5.33155252924e-06, 4.92489562021e-06, 3.78314302907e-06, 3.66880863112e-06, 2.36090340877e-06, 1.77616448127e-06, 2.22351900447e-06, 2.15409500015e-06, 1.51468611875e-06, 1.22710218875e-06, 1.37696065394e-06, 1.26959457702e-06, 1.1554378716e-06],
        "dvar": [4.77257935927e-06, 3.3546530176e-06, 2.37450922214e-06, 1.04996991013e-06, 1.4145044247e-07, 1.60075927624e-07, 1.46465268358e-07, 1.73318682073e-07, 1.77550276703e-07, 7.11876850801e-08, 4.90467471082e-08, 1.00241365431e-07, 3.97509118955e-08, 3.51332793969e-08, 1.21460592695e-08, 7.51902096141e-09, 1.63547504428e-08, 5.29772803404e-09, 1.8934112056e-09, 1.37309874582e-09, 1.70070568739e-09, 6.50218268117e-10, 5.23845355982e-10, 1.38242958747e-10, 1.35306307825e-10, 2.32905916775e-10, 8.91882401266e-11, 4.79686151911e-11, 4.34155315865e-11, 2.48430078592e-11, 3.06505654191e-11, 9.83912777641e-12, 5.06970854186e-12, 6.17090623392e-12, 6.30974395996e-12, 3.5501701405e-12, 2.57378146573e-12, 3.00135762597e-12, 3.16345604226e-12, 3.35036881051e-12],
        "dvar2": [1.41010832522e-05, 9.3137505246e-06, 6.2038420765e-06, 2.5995955184e-06, 3.88785821315e-07, 3.75781240791e-07, 3.20644261365e-07, 4.2355424057e-07, 4.38111072754e-07, 1.85508199024e-07, 1.00324726304e-07, 2.42456394517e-07, 7.9807485065e-08, 7.42077972404e-08, 2.89818391508e-08, 1.6945394421e-08, 3.55753151382e-08, 1.1830793234e-08, 4.20210666263e-09, 3.42329919967e-09, 4.56096671542e-09, 1.68456881777e-09, 1.30460908743e-09, 3.56647017474e-10, 3.23383125833e-10, 5.7653554153e-10, 2.05469988246e-10, 1.19998483372e-10, 1.17406181999e-10, 6.65983518333e-11, 8.55278139977e-11, 2.57331395775e-11, 1.21348686308e-11, 1.42232475797e-11, 1.50417872602e-11, 8.29548322395e-12, 5.86928032217e-12, 6.68292634773e-12, 6.68426555425e-12, 7.44694843985e-12],
        "max": [0.0203691720963, 0.0140675986186, 0.0157096683979, 0.0132078733295, 0.00383928930387, 0.00556369591504, 0.00609792442992, 0.00560832163319, 0.00573157053441, 0.00290213129483, 0.00373325473629, 0.00564348883927, 0.0040962449275, 0.00354176107794, 0.0014192519011, 0.00112936832011, 0.00235786032863, 0.00102447217796, 0.000814448925667, 0.000455953821074, 0.000561060151085, 0.000332698371494, 0.000400163786253, 0.000205356671358, 0.000115738454042, 0.000182927440619, 0.00018153754354, 9.58402670221e-05, 7.81269482104e-05, 4.84203774249e-05, 7.27084552636e-05, 3.02931948681e-05, 2.52590980381e-05, 2.44940965786e-05, 2.95017944154e-05, 1.98999932763e-05, 2.22066882998e-05, 2.43510457949e-05, 2.53070993494e-05, 3.3720585634e-05],
        "mean": [0.00298059079796, 0.00189878360834, 0.00110182922799, 0.00062226265436, 0.000291445321636, 0.000277703860775, 0.000372792768758, 0.000343586667441, 0.000340011436492, 0.000345783424564, 0.000184188189451, 0.000274884368991, 0.000195826039999, 0.000164244935149, 0.000118700147141, 9.46689397097e-05, 0.000115233051474, 8.03181610536e-05, 4.55423614767e-05, 5.74684490857e-05, 6.60738514853e-05, 4.2064468289e-05, 2.39736109506e-05, 1.49688648889e-05, 1.65253150044e-05, 1.80802417162e-05, 9.11691222427e-06, 5.14914790983e-06, 3.96396535507e-06, 2.98729651149e-06, 2.55620670941e-06, 1.91102685676e-06, 1.70702207924e-06, 2.07826997212e-06, 2.03155764211e-06, 1.52715529111e-06, 1.2593492329e-06, 1.45673254792e-06, 1.18345110423e-06, 1.03835668597e-06],
        "median": [0.0024544345215, 0.00158500915859, 0.000609942537267, 0.000357864919351, 0.00018767581787, 0.000159513321705, 0.000192723280634, 0.000168837010278, 0.000177999521839, 0.000246949115535, 9.0110443125e-05, 0.000140326956171, 7.07758954377e-05, 6.52240269119e-05, 7.01537719578e-05, 5.07946933794e-05, 4.71967323392e-05, 4.91753889946e-05, 2.89105810225e-05, 4.36321315647e-05, 4.99623383803e-05, 3.13007876684e-05, 1.4552916582e-05, 9.27642031456e-06, 1.07105406641e-05, 9.67289997789e-06, 4.6564632612e-06, 2.60500792137e-06, 1.76665184881e-06, 1.16146429718e-06, 7.01335807207e-07, 5.03697947352e-07, 4.25150489036e-07, 7.09057189852e-07, 6.67826043355e-07, 3.74392953972e-07, 2.78615146954e-07, 3.15173139143e-07, 2.19933568246e-07, 1.55447423822e-07],
        "min": [2.27530881602e-06, 3.4103481994e-06, 1.78686714207e-05, 1.92426268768e-05, 1.16085830086e-05, 5.58312058274e-06, 5.51088669454e-06, 1.3124799807e-05, 5.35761455467e-06, 7.04163130649e-06, 9.41964299273e-06, 4.57944179288e-06, 3.49547826772e-06, 3.69042936654e-06, 4.7629432629e-06, 2.73288947028e-06, 4.04085676564e-06, 3.25990458805e-06, 3.27783072862e-06, 5.33680304216e-06, 4.33339073425e-06, 2.81912639366e-06, 8.57777251895e-07, 4.2347028284e-07, 4.7155987204e-07, 1.1757713736e-07, 7.52521245317e-08, 7.67337127172e-08, 3.72357042977e-08, 2.15903650513e-08, 7.61998109056e-09, 1.75624059739e-09, 2.22876217482e-10, 9.87888659765e-10, 8.89293472195e-10, 3.08386371994e-10, 4.98097917079e-11, 9.00212022981e-12, 1.50877151484e-12, 9.18902324024e-13],
