{
"highlevel": {
    "danceability": {
        "all": {
            "danceable": 0.999177753925,
            "not_danceable": 0.000822225818411
        },
        "probability": 0.999177753925,
        "value": "danceable"
    },
    "gender": {
        "all": {
            "female": 0.515107989311,
            "male": 0.484892040491
        },
        "probability": 0.515107989311,
        "value": "female"
    },
    "genre_dortmund": {
        "all": {
            "alternative": 0.0349014960229,
            "blues": 0.0293899141252,
            "electronic": 0.0189958196133,
            "folkcountry": 0.488503098488,
            "funksoulrnb": 0.0139166144654,
            "jazz": 0.306707918644,
            "pop": 0.0773258060217,
            "raphiphop": 0.00449623446912,
            "rock": 0.025763111189
        },
        "probability": 0.488503098488,
        "value": "folkcountry"
    },
    "genre_electronic": {
        "all": {
            "ambient": 0.806596517563,
            "dnb": 0.100407958031,
            "house": 0.0650725215673,
            "techno": 0.0121480971575,
            "trance": 0.0157749187201
        },
        "probability": 0.806596517563,
        "value": "ambient"
    },
    "genre_rosamerica": {
        "all": {
            "cla": 0.0238848812878,
            "dan": 0.0084622958675,
            "hip": 0.0334575101733,
            "jaz": 0.195550009608,
            "pop": 0.435066699982,
            "rhy": 0.262104690075,
            "roc": 0.0312398374081,
            "spe": 0.0102340681478
        },
        "probability": 0.435066699982,
        "value": "pop"
    },
    "genre_tzanetakis": {
        "all": {
            "blu": 0.0620671063662,
            "cla": 0.034474901855,
            "cou": 0.103433981538,
            "dis": 0.0620971247554,
            "hip": 0.15527240932,
            "jaz": 0.310666948557,
            "met": 0.044346679002,
            "pop": 0.0620793737471,
            "reg": 0.0620816536248,
            "roc": 0.103479810059
        },
        "probability": 0.310666948557,
        "value": "jaz"
    },
    "ismir04_rhythm": {
        "all": {
            "ChaChaCha": 0.071558304131,
            "Jive": 0.0153990890831,
            "Quickstep": 0.2237560004,
            "Rumba-American": 0.0490954481065,
            "Rumba-International": 0.296174734831,
            "Rumba-Misc": 0.0173662751913,
            "Samba": 0.106928564608,
            "Tango": 0.0161800906062,
            "VienneseWaltz": 0.15186445415,
            "Waltz": 0.0516770295799
        },
        "probability": 0.296174734831,
        "value": "Rumba-International"
    },
    "mood_acoustic": {
        "all": {
            "acoustic": 0.977183222771,
            "not_acoustic": 0.022816805169
        },
        "probability": 0.977183222771,
        "value": "acoustic"
    },
    "mood_aggressive": {
        "all": {
            "aggressive": 0.00683893589303,
            "not_aggressive": 0.993161082268
        },
        "probability": 0.993161082268,
        "value": "not_aggressive"
    },
    "mood_electronic": {
        "all": {
            "electronic": 0.0174384247512,
            "not_electronic": 0.982561588287
        },
        "probability": 0.982561588287,
        "value": "not_electronic"
    },
    "mood_happy": {
        "all": {
            "happy": 0.755966901779,
            "not_happy": 0.244033068419
        },
        "probability": 0.755966901779,
        "value": "happy"
    },
    "mood_party": {
        "all": {
            "not_party": 0.982932150364,
            "party": 0.0170678514987
        },
        "probability": 0.982932150364,
        "value": "not_party"
    },
    "mood_relaxed": {
        "all": {
            "not_relaxed": 0.229999631643,
            "relaxed": 0.770000398159
        },
        "probability": 0.770000398159,
        "value": "relaxed"
    },
    "mood_sad": {
        "all": {
            "not_sad": 0.192164853215,
            "sad": 0.807835161686
        },
        "probability": 0.807835161686,
        "value": "sad"
    },
    "moods_mirex": {
        "all": {
            "Cluster1": 0.0919678211212,
            "Cluster2": 0.36617103219,
            "Cluster3": 0.269236981869,
            "Cluster4": 0.158393353224,
            "Cluster5": 0.114230811596
        },
        "probability": 0.36617103219,
        "value": "Cluster2"
    },
    "timbre": {
        "all": {
            "bright": 1,
            "dark": 2.55781866798e-08
        },
        "probability": 1,
        "value": "bright"
    },
    "tonal_atonal": {
        "all": {
            "atonal": 4.14228525187e-05,
            "tonal": 0.999958574772
        },
        "probability": 0.999958574772,
        "value": "tonal"
    },
    "voice_instrumental": {
        "all": {
            "instrumental": 0.00838886015117,
            "voice": 0.991611123085
        },
        "probability": 0.991611123085,
        "value": "voice"
    }
},
"lowlevel": {
    "average_loudness": 0.866988062859,
    "barkbands_crest": {
        "dmean": 2.81472444534,
        "dmean2": 4.26948833466,
        "dvar": 7.34574985504,
        "dvar2": 15.9794387817,
        "max": 26.581237793,
        "mean": 13.9800825119,
        "median": 12.9885511398,
        "min": 2.02393507957,
        "var": 31.3218078613
    },
    "barkbands_flatness_db": {
        "dmean": 0.0342983491719,
        "dmean2": 0.0472696237266,
        "dvar": 0.00101926620118,
        "dvar2": 0.00197806349024,
        "max": 0.400348007679,
        "mean": 0.191074550152,
        "median": 0.186403185129,
        "min": 0.0545335002244,
        "var": 0.00385702960193
    },
    "barkbands_kurtosis": {
        "dmean": 5.69315099716,
        "dmean2": 8.24875450134,
        "dvar": 219.954406738,
        "dvar2": 458.467071533,
        "max": 235.640213013,
        "mean": 9.39228248596,
        "median": 4.14569807053,
        "min": -1.88528847694,
        "var": 424.83493042
    },
    "barkbands_skewness": {
        "dmean": 0.70587927103,
        "dmean2": 1.03172779083,
        "dvar": 0.882259011269,
        "dvar2": 1.76942634583,
        "max": 11.9266052246,
        "mean": 1.7095259428,
        "median": 1.49432444572,
        "min": -2.10244297981,
        "var": 2.6324198246
    },
    "barkbands_spread": {
        "dmean": 6.47671365738,
        "dmean2": 9.95654201508,
        "dvar": 94.6306686401,
        "dvar2": 189.342453003,
        "max": 116.018997192,
        "mean": 16.5917358398,
        "median": 12.0808429718,
        "min": 0.430147349834,
        "var": 265.995880127
    },
    "dissonance": {
        "dmean": 0.0350295454264,
        "dmean2": 0.0559428520501,
        "dvar": 0.000995067297481,
        "dvar2": 0.00247436854988,
        "max": 0.498859673738,
        "mean": 0.417788535357,
        "median": 0.429226785898,
        "min": 0.194360971451,
        "var": 0.00296661374159
    },
    "dynamic_complexity": 2.82333183289,
    "erbbands_crest": {
        "dmean": 3.43170666695,
        "dmean2": 5.22293519974,
        "dvar": 10.9139480591,
        "dvar2": 23.8140106201,
        "max": 33.4415512085,
        "mean": 16.3730144501,
        "median": 15.6470222473,
        "min": 3.23596167564,
        "var": 62.1138038635
    },
    "erbbands_flatness_db": {
        "dmean": 0.0317087955773,
        "dmean2": 0.0430950261652,
        "dvar": 0.000969789049122,
        "dvar2": 0.00184768659528,
        "max": 0.418131947517,
        "mean": 0.199164435267,
        "median": 0.195223405957,
        "min": 0.0681223347783,
        "var": 0.00454883044586
    },
    "erbbands_kurtosis": {
        "dmean": 4.40967702866,
        "dmean2": 6.16084337234,
        "dvar": 73.7514648438,
        "dvar2": 142.236221313,
        "max": 127.948684692,
        "mean": 7.12583208084,
        "median": 2.24529075623,
        "min": -1.82559287548,
        "var": 206.509155273
    },
    "erbbands_skewness": {
        "dmean": 0.635444402695,
        "dmean2": 0.913395047188,
        "dvar": 0.537816643715,
        "dvar2": 1.03196525574,
        "max": 9.34334564209,
        "mean": 1.62554705143,
        "median": 1.29580497742,
        "min": -2.95529222488,
        "var": 2.6498644352
    },
    "erbbands_spread": {
        "dmean": 10.3821630478,
        "dmean2": 15.5371484756,
        "dvar": 174.358215332,
        "dvar2": 415.278747559,
        "max": 153.045288086,
        "mean": 29.2340011597,
        "median": 24.9221611023,
        "min": 1.10786139965,
        "var": 495.832458496
    },
    "hfc": {
        "dmean": 6.13927125931,
        "dmean2": 9.46674633026,
        "dvar": 63.485244751,
        "dvar2": 147.189910889,
        "max": 95.6095657349,
        "mean": 19.6642379761,
        "median": 16.7228870392,
        "min": 0.512089252472,
        "var": 254.961578369
    },
    "melbands_crest": {
        "dmean": 3.18981552124,
        "dmean2": 4.96036434174,
        "dvar": 9.628282547,
        "dvar2": 20.9232578278,
        "max": 34.4732284546,
        "mean": 17.1853656769,
        "median": 16.5426311493,
        "min": 3.9238858223,
        "var": 33.7651672363
    },
    "melbands_flatness_db": {
        "dmean": 0.0384858287871,
        "dmean2": 0.0534493029118,
        "dvar": 0.00144493463449,
        "dvar2": 0.00288914819248,
        "max": 0.460254848003,
        "mean": 0.236546158791,
        "median": 0.229618579149,
        "min": 0.0401374921203,
        "var": 0.00478321127594
    },
    "melbands_kurtosis": {
        "dmean": 8.76002979279,
        "dmean2": 13.3911390305,
        "dvar": 339.985412598,
        "dvar2": 756.216796875,
        "max": 329.199279785,
        "mean": 16.083770752,
        "median": 8.54592514038,
        "min": -1.16165935993,
        "var": 605.640136719
    },
    "melbands_skewness": {
        "dmean": 0.858549714088,
        "dmean2": 1.28110849857,
        "dvar": 1.0300194025,
        "dvar2": 2.19961333275,
        "max": 12.6134414673,
        "mean": 2.16937112808,
        "median": 1.98568117619,
        "min": -2.30406451225,
        "var": 3.59901380539
    },
    "melbands_spread": {
        "dmean": 5.6795463562,
        "dmean2": 8.74510765076,
        "dvar": 71.2557983398,
        "dvar2": 175.253509521,
        "max": 117.880760193,
        "mean": 15.9185504913,
        "median": 13.5220928192,
        "min": 0.663650274277,
        "var": 138.411468506
    },
    "pitch_salience": {
        "dmean": 0.0648077651858,
        "dmean2": 0.0960687473416,
        "dvar": 0.00421601114795,
        "dvar2": 0.00937366485596,
        "max": 0.805101156235,
        "mean": 0.447474867105,
        "median": 0.449548214674,
        "min": 0.0942016914487,
        "var": 0.0171578954905
    },
    "silence_rate_20dB": {
        "dmean": 0,
        "dmean2": 0,
        "dvar": 0,
        "dvar2": 0,
        "max": 1,
        "mean": 1,
        "median": 1,
        "min": 1,
        "var": 0
    },
    "silence_rate_30dB": {
        "dmean": 0,
        "dmean2": 0,
        "dvar": 0,
        "dvar2": 0,
        "max": 1,
        "mean": 1,
        "median": 1,
        "min": 1,
        "var": 0
    },
    "silence_rate_60dB": {
        "dmean": 0.0201238393784,
        "dmean2": 0.0402788519859,
        "dvar": 0.0197187755257,
        "dvar2": 0.046402156353,
        "max": 1,
        "mean": 0.0201082751155,
        "median": 0,
        "min": 0,
        "var": 0.0197039488703
    },
    "spectral_centroid": {
        "dmean": 268.381286621,
        "dmean2": 420.977050781,
        "dvar": 123917.242188,
        "dvar2": 284804.5625,
        "max": 4558.81738281,
        "mean": 1069.31225586,
        "median": 944.555664062,
        "min": 252.034942627,
        "var": 261626.078125
    },
    "spectral_complexity": {
        "dmean": 3.16253876686,
        "dmean2": 5.0077457428,
        "dvar": 16.7692642212,
        "dvar2": 40.5670509338,
        "max": 45,
        "mean": 12.0216550827,
        "median": 11,
        "min": 2,
        "var": 38.1944274902
    },
    "spectral_decrease": {
        "dmean": 1.59088786589e-09,
        "dmean2": 2.25160690093e-09,
        "dvar": 3.37393964445e-18,
        "dvar2": 6.40336352686e-18,
        "max": -1.70732789018e-10,
        "mean": -6.29826857335e-09,
        "median": -5.40111111391e-09,
        "min": -2.42690152419e-08,
        "var": 1.72509774062e-17
    },
    "spectral_energy": {
        "dmean": 0.00642099464312,
        "dmean2": 0.00909733492881,
        "dvar": 5.37244195584e-05,
        "dvar2": 0.000102727288322,
        "max": 0.0971718877554,
        "mean": 0.0255547240376,
        "median": 0.0220302958041,
        "min": 0.000751115963794,
        "var": 0.000281819637166
    },
    "spectral_energyband_high": {
        "dmean": 0.000408575782785,
        "dmean2": 0.000673871021718,
        "dvar": 5.30915428953e-07,
        "dvar2": 1.29264651605e-06,
        "max": 0.00959518924356,
        "mean": 0.000633483694401,
        "median": 0.000159088303917,
        "min": 1.71742499333e-06,
        "var": 1.16742455702e-06
    },
    "spectral_energyband_low": {
        "dmean": 0.00133716012351,
        "dmean2": 0.00187900476158,
        "dvar": 6.58177259538e-06,
        "dvar2": 1.41097798405e-05,
        "max": 0.0249315351248,
        "mean": 0.00425666756928,
        "median": 0.00370497559197,
        "min": 3.45887656295e-06,
        "var": 1.58589555213e-05
    },
    "spectral_energyband_middle_high": {
        "dmean": 0.00132515782025,
        "dmean2": 0.0019940205384,
        "dvar": 4.95203403261e-06,
        "dvar2": 1.13813666758e-05,
        "max": 0.0306119397283,
        "mean": 0.00345921935514,
        "median": 0.00200093444437,
        "min": 3.59072764695e-05,
        "var": 2.12507020478e-05
    },
    "spectral_energyband_middle_low": {
        "dmean": 0.00532505614683,
        "dmean2": 0.00743376556784,
        "dvar": 4.6067591029e-05,
        "dvar2": 8.25294555398e-05,
        "max": 0.0953734740615,
        "mean": 0.0177674461156,
        "median": 0.0118417553604,
        "min": 0.000269049050985,
        "var": 0.000258003623458
    },
    "spectral_entropy": {
        "dmean": 0.360969930887,
        "dmean2": 0.498753994703,
        "dvar": 0.127223014832,
        "dvar2": 0.263188630342,
        "max": 8.57829475403,
        "mean": 7.11292028427,
        "median": 7.12451457977,
        "min": 5.16532182693,
        "var": 0.370168983936
    },
    "spectral_flux": {
        "dmean": 0.0286280661821,
        "dmean2": 0.0450462624431,
        "dvar": 0.000719626492355,
        "dvar2": 0.00179351330735,
        "max": 0.225132420659,
        "mean": 0.070797637105,
        "median": 0.0639632418752,
        "min": 0.00993511732668,
        "var": 0.00136181164999
    },
    "spectral_kurtosis": {
        "dmean": 2.48940134048,
        "dmean2": 3.96326732635,
        "dvar": 6.3196144104,
        "dvar2": 15.7332725525,
        "max": 23.158618927,
        "mean": 5.50568628311,
        "median": 4.52495908737,
        "min": -1.40298640728,
        "var": 13.5893344879
    },
    "spectral_rms": {
        "dmean": 0.000652065849863,
        "dmean2": 0.000907592766453,
        "dvar": 4.71753537568e-07,
        "dvar2": 8.5237991243e-07,
        "max": 0.00973662361503,
        "mean": 0.00470814714208,
        "median": 0.00463605113328,
        "min": 0.000856035097968,
        "var": 2.76478021988e-06
    },
    "spectral_rolloff": {
        "dmean": 449.03036499,
        "dmean2": 775.229980469,
        "dvar": 1098072.75,
        "dvar2": 2361403.5,
        "max": 11132.6660156,
        "mean": 1148.98413086,
        "median": 710.595703125,
        "min": 107.666015625,
        "var": 2148030.5
    },
    "spectral_skewness": {
        "dmean": 0.359783023596,
        "dmean2": 0.558419466019,
        "dvar": 0.122636578977,
        "dvar2": 0.28225800395,
        "max": 3.61571788788,
        "mean": 1.76857244968,
        "median": 1.706564188,
        "min": -0.0721379816532,
        "var": 0.305409878492
    },
    "spectral_spread": {
        "dmean": 843312.5625,
        "dmean2": 1242631.375,
        "dvar": 1.02739574784e+12,
        "dvar2": 2.01268120781e+12,
        "max": 16841118,
        "mean": 4708985,
        "median": 4310086.5,
        "min": 1692128.5,
        "var": 3.3388930007e+12
    },
    "spectral_strongpeak": {
        "dmean": 0.605634689331,
        "dmean2": 0.918855667114,
        "dvar": 0.574000775814,
        "dvar2": 1.11996531487,
        "max": 7.26187419891,
        "mean": 2.11702752113,
        "median": 1.57026600838,
        "min": 0.0552296489477,
        "var": 3.4198923111
    },
    "zerocrossingrate": {
        "dmean": 0.0108381807804,
        "dmean2": 0.013191157952,
        "dvar": 0.000212257073144,
        "dvar2": 0.000226813310292,
        "max": 0.30859375,
        "mean": 0.049410816282,
        "median": 0.04248046875,
        "min": 0.0068359375,
        "var": 0.00107794522773
    },
    "barkbands": {
        "dmean": [2.18640198e-05, 0.000734243774787, 0.000531535770278, 0.000367130647646, 0.00143892935012, 0.000520208326634, 0.000565593712963, 0.00225511239842, 0.00227108085528, 0.000719632895198, 0.000515912368428, 0.000150129868416, 0.000105369399535, 8.80442748894e-05, 0.000133124107379, 8.41498549562e-05, 9.68884123722e-05, 0.000150962136104, 0.000139171082992, 0.000102603240521, 6.98819858371e-05, 8.79242652445e-05, 6.29489804851e-05, 7.82682473073e-05, 6.80740195094e-05, 4.05006248911e-05, 4.72438799193e-08],
        "dmean2": [3.60574267688e-05, 0.00105358532164, 0.000800189329311, 0.000566295406315, 0.0021389212925, 0.000815763953142, 0.000871666066814, 0.00317798671313, 0.00308197457343, 0.00097883248236, 0.000739129842259, 0.00023087709269, 0.000154481895152, 0.000137344715768, 0.000205070638913, 0.000139158364618, 0.000158715920406, 0.000250780722126, 0.000233338127146, 0.000173530381289, 0.000120187447465, 0.000146845777635, 0.000108504762466, 0.000129901149194, 0.000111342029413, 6.93014080753e-05, 8.55533457411e-08],
        "dvar": [2.3881705502e-09, 2.40478948399e-06, 1.48097365127e-06, 9.80208255896e-07, 7.78732191975e-06, 1.80302015451e-06, 1.17063189009e-06, 2.23563001782e-05, 2.51157234743e-05, 3.45450348505e-06, 2.84738621303e-06, 1.08384881514e-07, 5.31266550752e-08, 4.51343460384e-08, 8.190357903e-08, 2.80714349543e-08, 3.05787644095e-08, 8.61323670165e-08, 8.02781983111e-08, 3.61993990339e-08, 1.42114684465e-08, 3.43466979302e-08, 1.21114984708e-08, 3.53527980224e-08, 5.70308209547e-08, 5.80391734673e-09, 1.11983413807e-13],
        "dvar2": [5.57628698772e-09, 5.08936318511e-06, 3.23384961121e-06, 2.17980391426e-06, 1.6097435946e-05, 4.21175127485e-06, 2.56629300566e-06, 4.22772391175e-05, 4.14699170506e-05, 5.63548974242e-06, 5.8771552176e-06, 2.61177717675e-07, 1.12586789669e-07, 1.05282204288e-07, 1.8644236377e-07, 6.91962256383e-08, 7.63782637137e-08, 2.29195123325e-07, 2.15643609636e-07, 9.50667384814e-08, 3.69676449452e-08, 8.93386342682e-08, 3.18561710344e-08, 8.66181366632e-08, 1.24858004824e-07, 1.43839908873e-08, 3.08699219615e-13],
        "max": [0.000687192252371, 0.0197571665049, 0.0186891816556, 0.0139378607273, 0.040455006063, 0.028742229566, 0.0116417631507, 0.0521743521094, 0.0757642090321, 0.0252901613712, 0.0298100188375, 0.00382588012144, 0.00379424449056, 0.00388392200693, 0.00491552613676, 0.00225531705655, 0.00253627146594, 0.00364943570457, 0.00310921459459, 0.00266226753592, 0.00100674643181, 0.00195544259623, 0.000965123006608, 0.00395056465641, 0.00574390683323, 0.000954919843934, 6.38402161712e-06],
        "mean": [3.19900682371e-05, 0.00255014235154, 0.00138857634738, 0.000601054169238, 0.00243365229107, 0.00091895647347, 0.000713663292117, 0.00487283011898, 0.0076652909629, 0.00142224610317, 0.00086028611986, 0.000210178797715, 0.000165176665178, 0.000129238207592, 0.000220494199311, 0.00012034852989, 0.000147553742863, 0.000203568459256, 0.00020225008484, 0.000133378314786, 9.34323688853e-05, 0.000118350923003, 7.49669998186e-05, 0.000101269928564, 0.000109766981041, 6.60220830468e-05, 3.75822750698e-08],
        "median": [6.41356382403e-06, 0.00197844696231, 0.000468800833914, 0.000134593530674, 0.000862758024596, 0.000288970797556, 0.000261488195974, 0.000588496332057, 0.000368905137293, 0.000242538459133, 0.000166936602909, 5.76851307414e-05, 6.21845392743e-05, 5.62888926652e-05, 6.61116937408e-05, 4.34360699728e-05, 7.61746632634e-05, 7.94409206719e-05, 0.000102924503153, 5.23274939042e-05, 2.0128705728e-05, 3.06387846649e-05, 1.93965024664e-05, 2.55587419815e-05, 1.27849061755e-05, 6.41114274913e-06, 3.94266647108e-10],
        "min": [1.36573543585e-08, 1.72247510477e-07, 1.10908970896e-07, 1.60519718406e-07, 2.45184355663e-06, 7.84226926953e-07, 7.43060638797e-07, 3.14854037242e-06, 8.27983853924e-07, 2.75606879541e-07, 5.60550006412e-07, 3.08819437578e-07, 7.99409974661e-07, 1.10662767838e-06, 8.12364419289e-07, 6.14714622316e-07, 1.74753040483e-06, 1.19078208627e-06, 1.5137036371e-06, 6.30380782241e-07, 1.22566561345e-07, 1.08184288194e-07, 1.82704198437e-08, 4.52253301475e-09, 4.94203983292e-11, 3.61071437506e-12, 5.39647059677e-12],
        "var": [4.20272483481e-09, 7.31284217181e-06, 4.16920966018e-06, 1.96343626158e-06, 1.56008973136e-05, 3.08727203446e-06, 1.69510235537e-06, 9.2478672741e-05, 0.000219480338274, 1.25351016322e-05, 5.92621654505e-06, 1.66893755704e-07, 1.23560866427e-07, 6.63250219191e-08, 1.66731283002e-07, 4.67647041091e-08, 5.03768333715e-08, 1.0551217855e-07, 8.55593000892e-08, 4.61542200014e-08, 2.35961632455e-08, 4.90114118179e-08, 1.66610973906e-08, 5.38537392458e-08, 1.30792756181e-07, 1.95507716683e-08, 9.54420732984e-14]
    },
    "erbbands": {
        "dmean": [0.0133085232228, 0.19382750988, 0.592350065708, 0.934665620327, 2.23980927467, 5.4104886055, 6.55373191833, 4.18771743774, 3.9439239502, 23.2231121063, 52.1887741089, 54.3303146362, 25.1027622223, 15.5560054779, 16.0500106812, 5.65353536606, 4.79388332367, 4.25091695786, 5.73292398453, 5.83697891235, 3.8036429882, 4.87916564941, 6.48998641968, 9.65568447113, 5.73692846298, 4.9714384079, 2.8018424511, 3.14386129379, 3.20361018181, 2.17930579185, 1.89206242561, 1.4914919138, 1.40708625317, 0.843521356583, 0.488050818443, 0.217833146453, 0.0689357817173, 0.00579888187349, 0.000111569956061, 1.21855619e-05],
        "dmean2": [0.0201088115573, 0.277015715837, 0.870310246944, 1.41579341888, 3.52837562561, 8.05173492432, 9.6150970459, 6.33274555206, 6.25238466263, 35.6280593872, 70.4156112671, 70.528968811, 32.3814659119, 22.5622348785, 23.8819198608, 8.39595603943, 6.98442173004, 6.62988042831, 8.74028778076, 9.34334087372, 6.48197174072, 8.10769462585, 10.6863212585, 16.1763725281, 9.57783222198, 8.3981256485, 4.74331140518, 5.33439445496, 5.40235567093, 3.65220522881, 3.2866563797, 2.45390462875, 2.32745623589, 1.40131151676, 0.777798056602, 0.370566308498, 0.118272669613, 0.0100302370265, 0.000187828278285, 1.84053951671e-05],
        "dvar": [0.00087338022422, 0.169795498252, 1.87631750107, 5.17765569687, 48.7408409119, 121.552497864, 167.755371094, 198.806503296, 82.9924240112, 1906.53051758, 14030.2675781, 14519.5878906, 3179.02978516, 1910.2064209, 2745.2590332, 135.771072388, 95.71509552, 141.389785767, 194.11656189, 136.917480469, 72.0529708862, 80.8882751465, 160.39642334, 336.323120117, 143.860626221, 93.4293212891, 25.0100975037, 29.9348506927, 50.9558830261, 15.5592393875, 11.7624864578, 9.02520847321, 14.0296840668, 12.5733375549, 1.88403749466, 0.185891896486, 0.0172059703618, 0.000144805191667, 4.71475480879e-08, 2.40212877367e-10],
        "dvar2": [0.00185689365026, 0.358470261097, 3.95470714569, 11.5090103149, 106.951721191, 251.686553955, 376.161529541, 457.88458252, 186.578140259, 4120.65234375, 26033.5429688, 23078.1601562, 4349.05175781, 4057.29711914, 6335.96923828, 311.801116943, 198.803665161, 352.996948242, 419.666107178, 327.936859131, 197.362380981, 211.459182739, 426.481689453, 890.21081543, 381.933807373, 247.272384644, 67.4391937256, 75.6419372559, 135.097351074, 40.5399055481, 30.9295883179, 21.9014148712, 34.7371177673, 29.5462932587, 3.67312312126, 0.444492101669, 0.0432704612613, 0.000369797606254, 1.15690248492e-07, 5.48727452365e-10],
        "max": [0.374452292919, 5.24653053284, 19.8345375061, 35.9435386658, 121.931182861, 140.141387939, 240.731170654, 333.076751709, 193.185150146, 846.688720703, 1833.67810059, 2262.78100586, 756.902954102, 794.827087402, 1215.13623047, 172.034637451, 191.012664795, 227.165313721, 307.809997559, 276.857055664, 94.6591949463, 98.1275024414, 192.642288208, 158.26751709, 163.985183716, 137.745422363, 56.0231285095, 57.6881790161, 81.33618927, 42.3043136597, 27.6276683807, 56.1128616333, 77.2910232544, 79.7948608398, 29.0541439056, 5.9592461586, 1.64998364449, 0.160819545388, 0.00323432940058, 0.000247678603046],
        "mean": [0.0450421571732, 0.670077621937, 1.76794743538, 1.74229252338, 3.23704218864, 9.03339958191, 11.8345851898, 7.00930118561, 6.46428203583, 53.7067070007, 120.52696991, 203.648422241, 55.3499488831, 40.915599823, 27.9454174042, 9.81661701202, 8.32857131958, 6.7593126297, 9.70959281921, 11.0689172745, 5.67679309845, 7.37669086456, 10.344045639, 12.5603103638, 8.48058605194, 6.79294538498, 3.72643637657, 4.19570827484, 4.00751876831, 2.98715400696, 2.32635831833, 1.90936279297, 1.79076600075, 1.2158203125, 0.781215846539, 0.347883999348, 0.113865204155, 0.00925969332457, 0.000195710541448, 4.02900695917e-05],
        "median": [0.0166226420552, 0.538076817989, 0.771495401859, 0.69619333744, 0.923253595829, 2.99067115784, 4.05682849884, 1.98451173306, 2.81477999687, 12.265838623, 25.064163208, 14.4036417007, 18.2848300934, 7.8646273613, 8.88679981232, 3.98397517204, 3.40000891685, 3.29570674896, 3.37272763252, 3.72681355476, 2.48480367661, 3.91236281395, 5.15943002701, 5.4956870079, 4.49388694763, 2.59491300583, 0.861167252064, 0.90513831377, 1.17648327351, 0.706322133541, 0.575581550598, 0.560548365116, 0.36734905839, 0.141328573227, 0.0896893292665, 0.0453213974833, 0.00859150197357, 0.000388388900319, 2.64093814621e-05, 3.11875264742e-05],
        "min": [1.25438491523e-05, 6.88595318934e-05, 0.000494211155456, 0.000793598534074, 0.00347832264379, 0.0125328386202, 0.0470738857985, 0.0655195936561, 0.0701137632132, 0.116619922221, 0.0754795446992, 0.0679442286491, 0.0886109247804, 0.0657923966646, 0.101787239313, 0.0292016100138, 0.0819425433874, 0.105173267424, 0.0378488786519, 0.0651824250817, 0.0708111152053, 0.0767231583595, 0.0626341626048, 0.0669273585081, 0.0658163428307, 0.0362694524229, 0.0146441496909, 0.00776634272188, 0.0047575137578, 0.00100598530844, 0.00064622896025, 0.000288831302896, 8.23232912808e-05, 1.33241992444e-05, 3.78509662369e-06, 1.01410728348e-06, 5.17094122188e-07, 1.26725865357e-07, 4.2513391918e-07, 9.3022214287e-07],
        "var": [0.00341767235659, 0.498170405626, 5.67914009094, 9.66825675964, 79.0863037109, 249.754684448, 360.510131836, 279.154785156, 137.622467041, 12279.0273438, 48057.7304688, 159679.21875, 10343.7441406, 12844.8378906, 4790.62011719, 269.379486084, 270.041687012, 209.194747925, 387.225860596, 401.602050781, 83.8922653198, 112.134307861, 220.762496948, 338.898803711, 163.131210327, 126.654075623, 42.9713745117, 49.3912696838, 58.6787223816, 28.928730011, 15.309679985, 13.145108223, 21.8931102753, 22.5808448792, 5.25237798691, 0.52691090107, 0.0630411356688, 0.000516909116413, 1.86442619565e-07, 1.20544585425e-09]
    },
    "gfcc": {
        "mean": [-22.4166183472, 89.3170852661, -115.316490173, 20.6993312836, -73.0725708008, 9.59188556671, -33.9350395203, 24.283159256, -22.5978279114, -0.745519936085, -17.8547153473, -4.5427479744, -13.5724420547],
        "cov": [[3395.05029297, -1566.73718262, 277.101593018, 104.222740173, -92.7986679077, 309.279327393, -49.3156700134, 266.674835205, -106.028251648, 282.29296875, -382.21685791, 253.409973145, -155.667037964], [-1566.73718262, 1744.25769043, -30.7388744354, 146.164535522, 269.553253174, -87.0605316162, 253.341918945, -132.328964233, 99.6351318359, -272.768707275, 327.479766846, -154.243148804, 113.538787842], [277.101593018, -30.7388744354, 754.388183594, 388.706390381, 178.992385864, 162.945922852, -55.9052696228, 43.7098388672, 39.5779418945, 144.010040283, -17.2451648712, 33.9454689026, -13.1058530807], [104.222740173, 146.164535522, 388.706390381, 614.43572998, 221.506866455, 142.553421021, -60.6778488159, -93.4081573486, 45.9415092468, 43.5294418335, 41.6792106628, 24.9873161316, 51.9207763672], [-92.7986679077, 269.553253174, 178.992385864, 221.506866455, 298.628875732, 104.585601807, 30.5904121399, -6.71059751511, 19.2633800507, 9.16209983826, 29.3203639984, 23.8457355499, 16.4050064087], [309.279327393, -87.0605316162, 162.945922852, 142.553421021, 104.585601807, 259.696655273, 74.2702178955, 70.05809021, 17.3657817841, 58.9513168335, 5.96236515045, 51.8112182617, 14.5117416382], [-49.3156700134, 253.341918945, -55.9052696228, -60.6778488159, 30.5904121399, 74.2702178955, 319.705871582, 98.0329971313, 28.2842788696, -54.6967887878, 38.8011627197, -9.23637294769, -5.96162843704], [266.674835205, -132.328964233, 43.7098388672, -93.4081573486, -6.71059751511, 70.05809021, 98.0329971313, 204.148880005, 76.1180801392, 57.2836799622, -36.2190589905, 1.84010827541, -14.2009296417], [-106.028251648, 99.6351318359, 39.5779418945, 45.9415092468, 19.2633800507, 17.3657817841, 28.2842788696, 76.1180801392, 222.542236328, 94.8858947754, 20.8738079071, -44.1527290344, 29.8257026672], [282.29296875, -272.768707275, 144.010040283, 43.5294418335, 9.16209983826, 58.9513168335, -54.6967887878, 57.2836799622, 94.8858947754, 224.013031006, -13.7444124222, 44.6461257935, -5.50885438919], [-382.21685791, 327.479766846, -17.2451648712, 41.6792106628, 29.3203639984, 5.96236515045, 38.8011627197, -36.2190589905, 20.8738079071, -13.7444124222, 194.642227173, 23.3557415009, 47.2589187622], [253.409973145, -154.243148804, 33.9454689026, 24.9873161316, 23.8457355499, 51.8112182617, -9.23637294769, 1.84010827541, -44.1527290344, 44.6461257935, 23.3557415009, 167.358932495, 36.4821624756], [-155.667037964, 113.538787842, -13.1058530807, 51.9207763672, 16.4050064087, 14.5117416382, -5.96162843704, -14.2009296417, 29.8257026672, -5.50885438919, 47.2589187622, 36.4821624756, 128.837005615]],
        "icov": [[0.00074567378033, 0.000221666574362, 0.000158336086315, -0.000548028736375, 0.000392187474063, -0.0003760450345, -6.01740030106e-05, -0.000785856158473, 0.000393789436202, -0.000311629846692, 0.000924920255784, -0.000894053548109, 0.000654993404169], [0.000221666574362, 0.00286929006688, -0.000788018631283, 0.000640258251224, -0.00245952093974, 0.00118747458328, -0.00176381587517, 0.00162270013243, -0.00173712708056, 0.00270346761681, -0.00316800526343, 0.00175144209061, -0.00113842275459], [0.000158336086315, -0.000788018631283, 0.00291506876238, -0.0020587600302, 0.000438769930042, -0.000596413912717, 0.000875499448739, -0.00216408353299, 0.00156890740618, -0.00220286729746, 0.00118337874301, -0.000450607156381, 0.00106137630064], [-0.000548028736375, 0.000640258251224, -0.0020587600302, 0.00481102569029, -0.00240016891621, -0.000925188825931, -0.000133641646244, 0.0040893163532, -0.00245581823401, 0.0018011869397, -0.00153802148998, 0.00113736395724, -0.00163261464331], [0.000392187474063, -0.00245952093974, 0.000438769930042, -0.00240016891621, 0.00762863410637, -0.00236516678706, 0.00113845348824, -0.00202830764465, 0.00152030203026, -0.00203141570091, 0.00334724946879, -0.0027999363374, 0.00190360168926], [-0.0003760450345, 0.00118747458328, -0.000596413912717, -0.000925188825931, -0.00236516678706, 0.00751075614244, -0.00225193612278, -0.00121496943757, 0.000457601156086, -0.000105712373625, -0.00200105807744, 0.000581743079238, -0.00151276984252], [-6.01740030106e-05, -0.00176381587517, 0.000875499448739, -0.000133641646244, 0.00113845348824, -0.00225193612278, 0.00606123078614, -0.00342008890584, 0.00035170261981, 0.000487396260723, 0.000755832938012, -0.00129056500737, 0.00166438880842], [-0.000785856158473, 0.00162270013243, -0.00216408353299, 0.0040893163532, -0.00202830764465, -0.00121496943757, -0.00342008890584, 0.0124776521698, -0.00533913029358, 0.0018194806762, -0.00114631396718, 0.0014020355884, -0.00129817076959], [0.000393789436202, -0.00173712708056, 0.00156890740618, -0.00245581823401, 0.00152030203026, 0.000457601156086, 0.00035170261981, -0.00533913029358, 0.0107932742685, -0.00687359273434, 0.00153481843881, 0.00240831333213, -0.00169889710378], [-0.000311629846692, 0.00270346761681, -0.00220286729746, 0.0018011869397, -0.00203141570091, -0.000105712373625, 0.000487396260723, 0.0018194806762, -0.00687359273434, 0.0119082015008, -0.00360503303818, -0.00113171723206, 0.000527975556906], [0.000924920255784, -0.00316800526343, 0.00118337874301, -0.00153802148998, 0.00334724946879, -0.00200105807744, 0.000755832938012, -0.00114631396718, 0.00153481843881, -0.00360503303818, 0.0118485540152, -0.00459568109363, 0.00080306030577], [-0.000894053548109, 0.00175144209061, -0.000450607156381, 0.00113736395724, -0.0027999363374, 0.000581743079238, -0.00129056500737, 0.0014020355884, 0.00240831333213, -0.00113171723206, -0.00459568109363, 0.0116574456915, -0.00496323639527], [0.000654993404169, -0.00113842275459, 0.00106137630064, -0.00163261464331, 0.00190360168926, -0.00151276984252, 0.00166438880842, -0.00129817076959, -0.00169889710378, 0.000527975556906, 0.00080306030577, -0.00496323639527, 0.0117109334096]]
    },
    "melbands": {
        "dmean": [0.000163825287018, 0.000296998827253, 0.000192921695998, 0.000247212825343, 0.000265168229816, 9.21854079934e-05, 7.05141792423e-05, 0.000298257684335, 0.000473910069559, 0.000318736012559, 0.000125633261632, 6.40912840026e-05, 6.72551541356e-05, 1.91819399333e-05, 1.35142763611e-05, 9.27437940845e-06, 8.26561608847e-06, 8.94927143236e-06, 9.13790245249e-06, 6.90081924404e-06, 4.70144186693e-06, 5.13892473464e-06, 5.95385745328e-06, 7.69556936575e-06, 8.35802075017e-06, 4.74297303299e-06, 3.55631118509e-06, 3.44480940839e-06, 1.91690901374e-06, 1.60626632351e-06, 2.01593979909e-06, 2.07624566428e-06, 1.5855955553e-06, 1.07647827008e-06, 1.26976260617e-06, 8.06828097666e-07, 9.51181391429e-07, 1.04792059119e-06, 8.69917187174e-07, 7.25487325326e-07],
        "dmean2": [0.00023882840469, 0.000421240663854, 0.000290220457828, 0.000379888253519, 0.000381060322979, 0.000141209515277, 0.000112451838504, 0.00045423724805, 0.000623873725999, 0.000416268303525, 0.000161681367899, 9.40942627494e-05, 9.7041396657e-05, 3.02750740957e-05, 1.95025895664e-05, 1.4034249034e-05, 1.29873633341e-05, 1.38015921038e-05, 1.40272804856e-05, 1.11466251838e-05, 8.08484401205e-06, 8.59088231664e-06, 9.5969035101e-06, 1.26143913803e-05, 1.41480204547e-05, 8.08454842627e-06, 5.94360926698e-06, 5.83602013648e-06, 3.26812028106e-06, 2.8040090001e-06, 3.42155362887e-06, 3.51623248207e-06, 2.67955101663e-06, 1.83603913229e-06, 2.22443918574e-06, 1.39948986089e-06, 1.54535234742e-06, 1.74509614226e-06, 1.46802267409e-06, 1.21524146834e-06],
        "dvar": [1.22029135241e-07, 4.02470334393e-07, 2.13904527868e-07, 2.54943273603e-07, 2.79626732436e-07, 8.14719882669e-08, 2.06459134233e-08, 3.41940278759e-07, 1.11278700388e-06, 5.15347835517e-07, 8.90731470804e-08, 3.19053903297e-08, 5.33076089937e-08, 1.99539385015e-09, 9.02123598046e-10, 4.21304768849e-10, 5.18809828431e-10, 4.62314797556e-10, 3.25343724183e-10, 1.94856755731e-10, 1.10941450471e-10, 9.41539832211e-11, 1.18184032005e-10, 2.30468477636e-10, 2.56537679988e-10, 1.33799679669e-10, 3.57975316057e-11, 5.55450546669e-11, 1.39842087563e-11, 9.51986579845e-12, 1.300357131e-11, 2.46613493515e-11, 1.15174432491e-11, 3.73588313063e-12, 5.55274923264e-12, 3.03799476895e-12, 3.96332619501e-12, 7.93248192826e-12, 9.85373675016e-12, 1.10671376577e-11],
        "dvar2": [2.5790288305e-07, 8.56140161432e-07, 4.59982487655e-07, 5.73141562654e-07, 5.95205221998e-07, 1.86801898394e-07, 4.75542449863e-08, 7.04675414909e-07, 2.02929049919e-06, 8.17375791939e-07, 1.19549056876e-07, 6.92919925882e-08, 1.19458547942e-07, 5.04456609818e-09, 1.71305492014e-09, 1.05665165506e-09, 1.26030841319e-09, 9.58351509261e-10, 7.87846454742e-10, 4.62135496537e-10, 3.04350822322e-10, 2.50011233938e-10, 2.99115482383e-10, 6.10990646965e-10, 6.76883549211e-10, 3.60383334286e-10, 9.15154410586e-11, 1.50572110336e-10, 3.78610094665e-11, 2.54787527881e-11, 3.27477524265e-11, 6.5112241987e-11, 3.1031833353e-11, 9.71169412251e-12, 1.46751725355e-11, 8.20534352269e-12, 9.19756371759e-12, 2.02148072587e-11, 2.51839729626e-11, 2.6451112134e-11],
        "max": [0.00415180670097, 0.00771850114688, 0.00532049126923, 0.00629770522937, 0.00972742866725, 0.00661548413336, 0.00259248935618, 0.0105840442702, 0.0183216985315, 0.0124960467219, 0.00401180051267, 0.00336783309467, 0.00491274148226, 0.000555134494789, 0.000407244457165, 0.00039058396942, 0.000398097006837, 0.000481488241348, 0.000232086065807, 0.000313848693622, 0.000112084395369, 0.000100701894553, 0.000172726533492, 0.00021427241154, 0.000135957510793, 0.000172953223228, 6.23196174274e-05, 0.000125677863252, 4.23606725235e-05, 3.71225651179e-05, 3.57190074283e-05, 6.38039055048e-05, 3.42849671142e-05, 2.33298487728e-05, 1.929580867e-05, 2.22901471716e-05, 4.537940913e-05, 6.31305447314e-05, 7.65404765843e-05, 7.24116398487e-05],
        "mean": [0.000573282653932, 0.000947605876718, 0.000353647163138, 0.000391224835766, 0.000476025801618, 0.000157731381478, 9.80570766842e-05, 0.000696772767697, 0.00116598955356, 0.0011449214071, 0.000235849583987, 0.00016411569959, 0.000114221227705, 2.82335695374e-05, 2.22332109843e-05, 1.43696661326e-05, 1.23147101476e-05, 1.46023085108e-05, 1.54854351422e-05, 1.17819854495e-05, 6.04171509622e-06, 7.15192709322e-06, 9.08196579985e-06, 1.06471816252e-05, 1.0326129086e-05, 6.38849451207e-06, 5.1300485211e-06, 4.35694664702e-06, 2.38887992055e-06, 2.08077153729e-06, 2.58973204836e-06, 2.42061696554e-06, 2.12960048884e-06, 1.35304355808e-06, 1.46309810134e-06, 1.00329214092e-06, 1.19194749004e-06, 1.29817874495e-06, 1.11560393634e-06, 1.0090801652e-06],
        "median": [0.000374820112484, 0.00066072907066, 0.000138385687023, 0.000145432626596, 0.000154013381689, 4.41092015535e-05, 3.74252995243e-05, 0.000133387729875, 0.000155924935825, 6.10108436376e-05, 3.80564852094e-05, 2.27501768677e-05, 2.59269854723e-05, 9.87100793282e-06, 8.42102872411e-06, 5.82810980632e-06, 5.28427472091e-06, 5.13977283845e-06, 5.14900784765e-06, 3.9966962504e-06, 2.65358085016e-06, 3.44886871062e-06, 4.28026351074e-06, 4.02118757847e-06, 3.96443192585e-06, 3.00122087538e-06, 2.62460935119e-06, 1.36832409225e-06, 4.86287490276e-07, 3.9816353592e-07, 5.38755614343e-07, 6.53745303225e-07, 5.57890643904e-07, 2.903910854e-07, 2.99555040328e-07, 3.25434371007e-07, 3.31497460593e-07, 2.71009952257e-07, 1.82254538572e-07, 9.13202242714e-08],
        "min": [4.52911415039e-08, 1.56858675382e-07, 2.13880070987e-07, 2.5815660365e-07, 1.7613900809e-06, 2.47902903538e-07, 1.50473695726e-07, 8.44556950597e-07, 3.59129501248e-07, 1.50899751361e-07, 1.56166393595e-07, 1.1141855083e-07, 1.52165625877e-07, 4.33126423616e-08, 1.2315638287e-07, 1.82289738859e-07, 1.21319928326e-07, 4.24992450121e-08, 6.04914873747e-08, 5.49224701274e-08, 6.05804046927e-08, 6.64712160869e-08, 3.72937591919e-08, 6.0967771276e-08, 1.51988377439e-08, 4.68737511028e-08, 1.45814933461e-08, 1.19204948135e-08, 3.3942276767e-10, 3.0053659561e-09, 3.47482997931e-09, 2.97608782063e-09, 1.23589449785e-09, 4.95026380998e-11, 2.43559117319e-10, 1.07970681007e-10, 8.2378950883e-11, 3.99869070147e-12, 3.47705826804e-12, 1.3341153811e-13],
