{
"highlevel": {
    "danceability": {
        "all": {
            "danceable": 0.468367248774,
            "not_danceable": 0.531632721424
        },
        "probability": 0.531632721424,
        "value": "not_danceable"
    },
    "gender": {
        "all": {
            "female": 0.0123171033338,
            "male": 0.987682878971
        },
        "probability": 0.987682878971,
        "value": "male"
    },
    "genre_dortmund": {
        "all": {
            "alternative": 0.046920619905,
            "blues": 0.0422126203775,
            "electronic": 0.00280690845102,
            "folkcountry": 0.59772503376,
            "funksoulrnb": 0.005057586357,
            "jazz": 0.00852393265814,
            "pop": 0.118666052818,
            "raphiphop": 0.00103448610753,
            "rock": 0.177052751184
        },
        "probability": 0.59772503376,
        "value": "folkcountry"
    },
    "genre_electronic": {
        "all": {
            "ambient": 0.228717446327,
            "dnb": 0.0758650973439,
            "house": 0.395587027073,
            "techno": 0.0165721718222,
            "trance": 0.283258259296
        },
        "probability": 0.395587027073,
        "value": "house"
    },
    "genre_rosamerica": {
        "all": {
            "cla": 0.00533585390076,
            "dan": 0.0653186738491,
            "hip": 0.022069061175,
            "jaz": 0.00923753529787,
            "pop": 0.276093065739,
            "rhy": 0.170631051064,
            "roc": 0.4445053339,
            "spe": 0.00680942786857
        },
        "probability": 0.4445053339,
        "value": "roc"
    },
    "genre_tzanetakis": {
        "all": {
            "blu": 0.0610634572804,
            "cla": 0.0338886082172,
            "cou": 0.0609872415662,
            "dis": 0.0508242882788,
            "hip": 0.152499303222,
            "jaz": 0.305208653212,
            "met": 0.0610179640353,
            "pop": 0.0610033459961,
            "reg": 0.0609996654093,
            "roc": 0.152507469058
        },
        "probability": 0.305208653212,
        "value": "jaz"
    },
    "ismir04_rhythm": {
        "all": {
            "ChaChaCha": 0.120306529105,
            "Jive": 0.673736035824,
            "Quickstep": 0.0123742315918,
            "Rumba-American": 0.00927278958261,
            "Rumba-International": 0.051004383713,
            "Rumba-Misc": 0.00757353380322,
            "Samba": 0.048528123647,
            "Tango": 0.013186824508,
            "VienneseWaltz": 0.0598542243242,
            "Waltz": 0.0041633117944
        },
        "probability": 0.673736035824,
        "value": "Jive"
    },
    "mood_acoustic": {
        "all": {
            "acoustic": 0.201181650162,
            "not_acoustic": 0.798818349838
        },
        "probability": 0.798818349838,
        "value": "not_acoustic"
    },
    "mood_aggressive": {
        "all": {
            "aggressive": 4.09225140174e-06,
            "not_aggressive": 0.99999588728
        },
        "probability": 0.99999588728,
        "value": "not_aggressive"
    },
    "mood_electronic": {
        "all": {
            "electronic": 0.237220451236,
            "not_electronic": 0.762779533863
        },
        "probability": 0.762779533863,
        "value": "not_electronic"
    },
    "mood_happy": {
        "all": {
            "happy": 0.951331377029,
            "not_happy": 0.0486686192453
        },
        "probability": 0.951331377029,
        "value": "happy"
    },
    "mood_party": {
        "all": {
            "not_party": 0.169619634748,
            "party": 0.830380380154
        },
        "probability": 0.830380380154,
        "value": "party"
    },
    "mood_relaxed": {
        "all": {
            "not_relaxed": 0.980781078339,
            "relaxed": 0.0192188993096
        },
        "probability": 0.980781078339,
        "value": "not_relaxed"
    },
    "mood_sad": {
        "all": {
            "not_sad": 0.697342693806,
            "sad": 0.302657335997
        },
        "probability": 0.697342693806,
        "value": "not_sad"
    },
    "moods_mirex": {
        "all": {
            "Cluster1": 0.151239857078,
            "Cluster2": 0.351208776236,
            "Cluster3": 0.136052504182,
            "Cluster4": 0.312134742737,
            "Cluster5": 0.0493641234934
        },
        "probability": 0.351208776236,
        "value": "Cluster2"
    },
    "timbre": {
        "all": {
            "bright": 0.994868695736,
            "dark": 0.00513130333275
        },
        "probability": 0.994868695736,
        "value": "bright"
    },
    "tonal_atonal": {
        "all": {
            "atonal": 0.00526441261172,
            "tonal": 0.994735598564
        },
        "probability": 0.994735598564,
        "value": "tonal"
    },
    "voice_instrumental": {
        "all": {
            "instrumental": 0.000984145211987,
            "voice": 0.99901586771
        },
        "probability": 0.99901586771,
        "value": "voice"
    }
},
"lowlevel": {
    "average_loudness": 0.96364659071,
    "barkbands_crest": {
        "dmean": 2.14448714256,
        "dmean2": 3.4536345005,
        "dvar": 3.75755929947,
        "dvar2": 10.0126056671,
        "max": 20.1170806885,
        "mean": 8.48986244202,
        "median": 7.99658584595,
        "min": 2.26220393181,
        "var": 10.2213907242
    },
    "barkbands_flatness_db": {
        "dmean": 0.0207006875426,
        "dmean2": 0.0314012020826,
        "dvar": 0.00052584183868,
        "dvar2": 0.00105944194365,
        "max": 0.505159556866,
        "mean": 0.142085835338,
        "median": 0.128153279424,
        "min": 0.0544954091311,
        "var": 0.00321428035386
    },
    "barkbands_kurtosis": {
        "dmean": 2.70953154564,
        "dmean2": 4.24160432816,
        "dvar": 26.5479755402,
        "dvar2": 61.6640853882,
        "max": 69.7595291138,
        "mean": 4.23349714279,
        "median": 0.924911975861,
        "min": -1.91374325752,
        "var": 75.6184768677
    },
    "barkbands_skewness": {
        "dmean": 0.49669149518,
        "dmean2": 0.754317462444,
        "dvar": 0.318189114332,
        "dvar2": 0.709877073765,
        "max": 6.48277759552,
        "mean": 1.47279012203,
        "median": 1.18482875824,
        "min": -1.48059010506,
        "var": 1.67516064644
    },
    "barkbands_spread": {
        "dmean": 7.9935092926,
        "dmean2": 12.5408344269,
        "dvar": 95.422706604,
        "dvar2": 213.719482422,
        "max": 90.8594436646,
        "mean": 31.1050872803,
        "median": 28.6983718872,
        "min": 1.31647324562,
        "var": 327.441894531
    },
    "dissonance": {
        "dmean": 0.0181914065033,
        "dmean2": 0.0302539821714,
        "dvar": 0.000326017150655,
        "dvar2": 0.000820240820758,
        "max": 0.499708294868,
        "mean": 0.460301846266,
        "median": 0.4659922719,
        "min": 0.252119451761,
        "var": 0.000971171364654
    },
    "dynamic_complexity": 2.62091445923,
    "erbbands_crest": {
        "dmean": 2.65911650658,
        "dmean2": 4.32956790924,
        "dvar": 6.4916343689,
        "dvar2": 15.56158638,
        "max": 28.1439933777,
        "mean": 9.05811023712,
        "median": 7.92655038834,
        "min": 2.43045449257,
        "var": 21.0176486969
    },
    "erbbands_flatness_db": {
        "dmean": 0.01701377891,
        "dmean2": 0.0246526561677,
        "dvar": 0.000327574642142,
        "dvar2": 0.000594444514718,
        "max": 0.377944350243,
        "mean": 0.147148907185,
        "median": 0.141577348113,
        "min": 0.0627199187875,
        "var": 0.00169259065297
    },
    "erbbands_kurtosis": {
        "dmean": 1.16927039623,
        "dmean2": 1.73411643505,
        "dvar": 14.0000619888,
        "dvar2": 30.119802475,
        "max": 92.9500579834,
        "mean": 1.30589747429,
        "median": -0.285196781158,
        "min": -1.83348023891,
        "var": 60.2889595032
    },
    "erbbands_skewness": {
        "dmean": 0.380839318037,
        "dmean2": 0.563286721706,
        "dvar": 0.194131836295,
        "dvar2": 0.391012012959,
        "max": 7.40825796127,
        "mean": 0.342267632484,
        "median": 0.37554243207,
        "min": -5.51500654221,
        "var": 1.21565532684
    },
    "erbbands_spread": {
        "dmean": 11.7277011871,
        "dmean2": 17.2057151794,
        "dvar": 171.392211914,
        "dvar2": 341.243560791,
        "max": 155.299240112,
        "mean": 54.5179824829,
        "median": 48.4526634216,
        "min": 2.02685260773,
        "var": 904.996887207
    },
    "hfc": {
        "dmean": 9.20788764954,
        "dmean2": 13.2466230392,
        "dvar": 208.979248047,
        "dvar2": 469.871368408,
        "max": 244.331741333,
        "mean": 30.3738861084,
        "median": 26.4041557312,
        "min": 0.191557198763,
        "var": 720.263122559
    },
    "melbands_crest": {
        "dmean": 2.76675343513,
        "dmean2": 4.63135528564,
        "dvar": 5.67680263519,
        "dvar2": 15.2772121429,
        "max": 26.2075862885,
        "mean": 12.483171463,
        "median": 12.1478281021,
        "min": 4.34929466248,
        "var": 14.5539054871
    },
    "melbands_flatness_db": {
        "dmean": 0.0248245019466,
        "dmean2": 0.0367663279176,
        "dvar": 0.000817050226033,
        "dvar2": 0.00163416727446,
        "max": 0.632660150528,
        "mean": 0.176991999149,
        "median": 0.156548529863,
        "min": 0.0488183647394,
        "var": 0.00594451883808
    },
    "melbands_kurtosis": {
        "dmean": 9.31912612915,
        "dmean2": 14.3311481476,
        "dvar": 260.091217041,
        "dvar2": 589.852905273,
        "max": 197.422897339,
        "mean": 20.1070194244,
        "median": 9.15569496155,
        "min": -1.73156547546,
        "var": 754.235961914
    },
    "melbands_skewness": {
        "dmean": 0.798158705235,
        "dmean2": 1.19586360455,
        "dvar": 0.762398660183,
        "dvar2": 1.66651141644,
        "max": 11.9961338043,
        "mean": 3.12117648125,
        "median": 2.64331698418,
        "min": -0.657509863377,
        "var": 4.47136211395
    },
    "melbands_spread": {
        "dmean": 8.64018440247,
        "dmean2": 13.3336000443,
        "dvar": 142.243850708,
        "dvar2": 290.169281006,
        "max": 216.390548706,
        "mean": 31.1929340363,
        "median": 28.1859283447,
        "min": 0.969664633274,
        "var": 591.242431641
    },
    "pitch_salience": {
        "dmean": 0.0596244223416,
        "dmean2": 0.0981190130115,
        "dvar": 0.00273122545332,
        "dvar2": 0.00715334760025,
        "max": 0.807256877422,
        "mean": 0.568108081818,
        "median": 0.567028343678,
        "min": 0.300690323114,
        "var": 0.00670943874866
    },
    "silence_rate_20dB": {
        "dmean": 0,
        "dmean2": 0,
        "dvar": 0,
        "dvar2": 0,
        "max": 1,
        "mean": 1,
        "median": 1,
        "min": 1,
        "var": 0
    },
    "silence_rate_30dB": {
        "dmean": 0,
        "dmean2": 0,
        "dvar": 0,
        "dvar2": 0,
        "max": 1,
        "mean": 1,
        "median": 1,
        "min": 1,
        "var": 0
    },
    "silence_rate_60dB": {
        "dmean": 0.00851393211633,
        "dmean2": 0.017041053623,
        "dvar": 0.00844143796712,
        "dvar2": 0.018300069496,
        "max": 1,
        "mean": 0.0146945090964,
        "median": 0,
        "min": 0,
        "var": 0.0144785894081
    },
    "spectral_centroid": {
        "dmean": 279.247497559,
        "dmean2": 421.439056396,
        "dvar": 99719.5703125,
        "dvar2": 213940.46875,
        "max": 5153.61328125,
        "mean": 1491.04492188,
        "median": 1450.73986816,
        "min": 177.995422363,
        "var": 585654.125
    },
    "spectral_complexity": {
        "dmean": 3.38157892227,
        "dmean2": 4.96359395981,
        "dvar": 14.3118972778,
        "dvar2": 26.0521450043,
        "max": 52,
        "mean": 17.4276866913,
        "median": 17,
        "min": 0,
        "var": 85.7621841431
    },
    "spectral_decrease": {
        "dmean": 1.62885060995e-09,
        "dmean2": 2.56728616144e-09,
        "dvar": 2.53664240621e-18,
        "dvar2": 6.44687943094e-18,
        "max": -1.67206370277e-11,
        "mean": -6.03061822702e-09,
        "median": -5.91178883624e-09,
        "min": -1.92927966935e-08,
        "var": 9.52107963388e-18
    },
    "spectral_energy": {
        "dmean": 0.00668533612043,
        "dmean2": 0.0104560218751,
        "dvar": 4.24672289228e-05,
        "dvar2": 0.000104833234218,
        "max": 0.0791703388095,
        "mean": 0.0255159754306,
        "median": 0.0252308081836,
        "min": 8.04820665508e-05,
        "var": 0.000173849766725
    },
    "spectral_energyband_high": {
        "dmean": 0.000884231936652,
        "dmean2": 0.00124493078329,
        "dvar": 2.56770113083e-06,
        "dvar2": 5.40329347132e-06,
        "max": 0.0333701521158,
        "mean": 0.00211526197381,
        "median": 0.00132168002892,
        "min": 2.67667445542e-07,
        "var": 6.83155985826e-06
    },
    "spectral_energyband_low": {
        "dmean": 0.00333699979819,
        "dmean2": 0.00558790005744,
        "dvar": 1.61666030181e-05,
        "dvar2": 4.34978901467e-05,
        "max": 0.0383892543614,
        "mean": 0.00693265907466,
        "median": 0.00537222716957,
        "min": 2.93607899948e-05,
        "var": 3.04572913592e-05
    },
    "spectral_energyband_middle_high": {
        "dmean": 0.00239363801666,
        "dmean2": 0.00351255270652,
        "dvar": 1.4291917978e-05,
        "dvar2": 2.98128634313e-05,
        "max": 0.0579861775041,
        "mean": 0.00718497717753,
        "median": 0.00285992864519,
        "min": 9.12537473141e-07,
        "var": 7.17808725312e-05
    },
    "spectral_energyband_middle_low": {
        "dmean": 0.00417952053249,
        "dmean2": 0.0064830663614,
        "dvar": 2.29817487707e-05,
        "dvar2": 5.82578322792e-05,
        "max": 0.0551144182682,
        "mean": 0.0108467806131,
        "median": 0.00944523606449,
        "min": 2.80192161881e-05,
        "var": 5.21095353179e-05
    },
    "spectral_entropy": {
        "dmean": 0.180178850889,
        "dmean2": 0.252400934696,
        "dvar": 0.0503637716174,
        "dvar2": 0.0938106626272,
        "max": 8.59538078308,
        "mean": 7.63789606094,
        "median": 7.70450305939,
        "min": 4.27114772797,
        "var": 0.273394525051
    },
    "spectral_flux": {
        "dmean": 0.0217209178954,
        "dmean2": 0.0333180502057,
        "dvar": 0.000443304743385,
        "dvar2": 0.00094416498905,
        "max": 0.227109193802,
        "mean": 0.0851370692253,
        "median": 0.0840556249022,
        "min": 0.006613812875,
        "var": 0.00160054583102
    },
    "spectral_kurtosis": {
        "dmean": 1.08879995346,
        "dmean2": 1.70592534542,
        "dvar": 3.93678808212,
        "dvar2": 7.83802986145,
        "max": 61.4746170044,
        "mean": 2.14942955971,
        "median": 1.37177419662,
        "min": -0.842800378799,
        "var": 17.3394088745
    },
    "spectral_rms": {
        "dmean": 0.000665005354676,
        "dmean2": 0.00101820891723,
        "dvar": 3.85409464343e-07,
        "dvar2": 8.90903720574e-07,
        "max": 0.0087885921821,
        "mean": 0.00479089375585,
        "median": 0.00496139330789,
        "min": 0.000280212581856,
        "var": 1.94098834072e-06
    },
    "spectral_rolloff": {
        "dmean": 836.546081543,
        "dmean2": 1418.22351074,
        "dvar": 2181715.25,
        "dvar2": 5309280.5,
        "max": 13242.9199219,
        "mean": 2125.38916016,
        "median": 1550.390625,
        "min": 129.19921875,
        "var": 4385831
    },
    "spectral_skewness": {
        "dmean": 0.18413695693,
        "dmean2": 0.278333842754,
        "dvar": 0.0448835529387,
        "dvar2": 0.0826407149434,
        "max": 6.55545902252,
        "mean": 1.1433403492,
        "median": 1.07496654987,
        "min": -0.0545746795833,
        "var": 0.310066699982
    },
    "spectral_spread": {
        "dmean": 736951.0625,
        "dmean2": 1083006.375,
        "dvar": 884625113088,
        "dvar2": 1.91901558374e+12,
        "max": 11576162,
        "mean": 5710453.5,
        "median": 5515078,
        "min": 1604545.625,
        "var": 2.72275918029e+12
    },
    "spectral_strongpeak": {
        "dmean": 0.676374077797,
        "dmean2": 1.14047944546,
        "dvar": 1.19574356079,
        "dvar2": 2.75028944016,
        "max": 10.7754497528,
        "mean": 1.10204923153,
        "median": 0.497022867203,
        "min": 0,
        "var": 2.22744870186
    },
    "zerocrossingrate": {
        "dmean": 0.0136544900015,
        "dmean2": 0.0154392942786,
        "dvar": 0.000219858906348,
        "dvar2": 0.000251973280683,
        "max": 0.29345703125,
        "mean": 0.0828548669815,
        "median": 0.078125,
        "min": 0.00830078125,
        "var": 0.00182745757047
    },
    "barkbands": {
        "dmean": [3.87268955819e-05, 0.00139909563586, 0.00187771127094, 0.00145144015551, 0.00208853231743, 0.000569457304664, 0.000709332991391, 0.000585280999076, 0.000677564239595, 0.00114905112423, 0.00056171376491, 0.000399385433411, 0.000231807352975, 0.00061853666557, 0.000353731942596, 0.000176086046849, 0.000169820603332, 0.000188152931514, 0.000294041674351, 0.00019914341101, 0.000178015980055, 0.000265063834377, 0.000196571709239, 0.000254981510807, 7.73619467509e-05, 8.38326959638e-05, 3.65764174504e-09],
        "dmean2": [6.50118672638e-05, 0.00233279797249, 0.00320797343738, 0.00244555436075, 0.00332543649711, 0.000954607501626, 0.00114082440268, 0.000941079400945, 0.00105666508898, 0.00174250430427, 0.000812719517853, 0.000614108401351, 0.000359877158189, 0.000950759102125, 0.000524762319401, 0.000270029267995, 0.000259758671746, 0.000305648776703, 0.000438630668214, 0.000295780570013, 0.000263810099568, 0.000389452907257, 0.000288730516331, 0.000387673644582, 0.000122927187476, 0.000148948020069, 4.50477921632e-09],
        "dvar": [3.37890471158e-09, 2.81040297523e-06, 6.81030087435e-06, 3.45982903127e-06, 7.28284521756e-06, 1.0156419421e-06, 3.87422596759e-06, 2.20092601921e-06, 3.13699865728e-06, 7.56103736421e-06, 1.81418579359e-06, 1.50902326368e-06, 3.08076579358e-07, 2.17464776142e-06, 7.65596098518e-07, 3.74179620621e-07, 1.14947191321e-07, 1.72760522332e-07, 1.01500484107e-06, 2.45544896416e-07, 1.53116147317e-07, 2.52951082302e-07, 3.01080490317e-07, 1.54161810428e-07, 2.39700934657e-08, 1.73301657469e-07, 8.96957492682e-15],
        "dvar2": [9.04471875174e-09, 7.6388096204e-06, 1.94972944882e-05, 9.35020307224e-06, 1.82143157872e-05, 2.67963287115e-06, 9.49595687416e-06, 5.89541787122e-06, 7.05562933945e-06, 1.71043739101e-05, 3.71769147023e-06, 2.52922313848e-06, 7.07416973e-07, 5.05342859469e-06, 1.58847547027e-06, 7.64019773669e-07, 2.30315990279e-07, 4.49318605433e-07, 2.33980426856e-06, 5.20658772984e-07, 3.49414392531e-07, 5.98952794917e-07, 5.22450648077e-07, 3.18369757224e-07, 6.17481390464e-08, 5.00986232055e-07, 8.98543392469e-15],
        "max": [0.000491959624924, 0.0194043852389, 0.0253888778389, 0.0172021836042, 0.0356801375747, 0.0181302241981, 0.0232037492096, 0.0198482908309, 0.0250575598329, 0.0508226156235, 0.0185327455401, 0.0483125261962, 0.0109497215599, 0.031374078244, 0.0163542088121, 0.015347102657, 0.0070218751207, 0.00765083404258, 0.0213785748929, 0.0099725285545, 0.00966223888099, 0.00683544203639, 0.0163080282509, 0.00703606475145, 0.00199416279793, 0.00731515884399, 3.40635665452e-06],
        "mean": [5.03311275679e-05, 0.00262455712073, 0.0030517403502, 0.00223932880908, 0.0041865282692, 0.000948133820202, 0.000994465430267, 0.000856103026308, 0.000995440525003, 0.00172013789415, 0.00102774135303, 0.00071603624383, 0.000386068975786, 0.00113860052079, 0.000651698268484, 0.000307410693495, 0.000339721416822, 0.000336113967933, 0.000579192594159, 0.000419795571361, 0.000429750914918, 0.0004936446785, 0.000346454471583, 0.000504324387293, 0.000111405242933, 6.12426374573e-05, 3.52909657053e-09],
        "median": [2.04573225346e-05, 0.00217400956899, 0.00184963212814, 0.00150539062452, 0.00336398277432, 0.000590408919379, 0.000427849969128, 0.000242591078859, 0.000228665070608, 0.000313776807161, 0.00013745862816, 0.000208363373531, 9.6089373983e-05, 0.000165214238223, 0.000175718974788, 9.60790566751e-05, 0.000144780162373, 0.000150404652231, 0.000101209996501, 0.000140277144965, 0.000181263400009, 0.000227004173212, 0.000179164882866, 0.00031452847179, 5.65806367376e-05, 4.87459374199e-06, 4.02303995672e-10],
        "min": [6.30766052723e-08, 1.07364412543e-05, 4.5959441195e-06, 3.476548045e-06, 1.16471464935e-05, 5.42799261893e-06, 8.30709439015e-07, 3.10840221118e-07, 9.51658805093e-08, 1.21933553032e-07, 6.6644048502e-08, 7.79049642574e-08, 5.43825642296e-08, 3.05919982679e-08, 7.23392190594e-08, 2.83038321669e-08, 2.00897805058e-08, 3.41425021588e-08, 2.42014976948e-08, 3.8060221641e-08, 4.37621920923e-08, 9.53837329121e-08, 3.60724108361e-08, 5.47276535201e-08, 3.78646586308e-10, 2.24185427167e-11, 2.7354294177e-11],
        "var": [4.90678919718e-09, 4.63248716187e-06, 1.16039427667e-05, 5.23830112797e-06, 1.2908935787e-05, 1.50164873958e-06, 4.42510236098e-06, 3.50194386556e-06, 4.79093159811e-06, 1.52617467393e-05, 5.36062862011e-06, 5.65247592021e-06, 5.93473544086e-07, 4.39126233687e-06, 2.2789772629e-06, 8.14364454982e-07, 3.70341524558e-07, 3.44574061728e-07, 2.6733021059e-06, 7.20415414435e-07, 4.75111136211e-07, 5.02127136315e-07, 6.63069442908e-07, 3.88024204767e-07, 3.05530001299e-08, 1.01205642977e-07, 8.96406921266e-15]
    },
    "erbbands": {
        "dmean": [0.0341020338237, 0.36286726594, 1.74387359619, 3.82832527161, 7.82770013809, 6.25481653214, 4.08369922638, 5.23253250122, 8.42249202728, 12.426533699, 14.5933523178, 14.927318573, 29.2582931519, 29.8944320679, 20.8764591217, 17.5150966644, 9.82047843933, 29.6292819977, 22.6234436035, 10.8211040497, 8.36595916748, 8.64022922516, 9.40740776062, 10.86191082, 15.6694879532, 9.50522708893, 6.9209356308, 7.94565868378, 9.95990848541, 6.06712579727, 5.93302726746, 5.63636636734, 4.13695907593, 1.26325440407, 0.389671415091, 0.422227263451, 0.142773881555, 0.00599067332223, 0.000141026685014, 1.65851342899e-05],
        "dmean2": [0.0550583899021, 0.612208902836, 3.03505158424, 6.44784259796, 12.3943758011, 10.1970081329, 6.69656658173, 8.77616024017, 13.6808385849, 20.0505523682, 23.3328475952, 23.469575882, 48.5419692993, 41.4729804993, 29.514623642, 26.2154979706, 14.9128446579, 45.1787719727, 33.4197769165, 16.5702114105, 12.5650205612, 12.8977613449, 14.6917057037, 16.3155860901, 23.4627037048, 13.9442863464, 10.2305402756, 12.048541069, 14.6971731186, 9.01561069489, 8.6428937912, 8.4261636734, 6.36794567108, 1.96725940704, 0.617885351181, 0.751368224621, 0.251175045967, 0.0106830950826, 0.000245161994826, 2.61832756223e-05],
        "dvar": [0.00204432546161, 0.184338092804, 5.24467515945, 24.9076290131, 112.69959259, 87.3073272705, 44.1616325378, 120.542579651, 259.335571289, 1525.17980957, 1725.25634766, 1763.00488281, 5366.98974609, 7806.38476562, 2458.43969727, 3298.83447266, 489.854522705, 4747.38720703, 3616.5065918, 1149.03015137, 929.125854492, 303.030853271, 391.071624756, 1003.15197754, 3007.29296875, 581.28338623, 274.926208496, 204.975204468, 395.531555176, 263.060852051, 264.539611816, 101.489112854, 41.2976417542, 5.50766277313, 0.951383411884, 4.43669033051, 0.457801371813, 0.000701261626091, 3.71442069991e-07, 1.67687508323e-09],
        "dvar2": [0.00502659939229, 0.519889175892, 15.296962738, 67.2915725708, 281.432525635, 227.417404175, 110.626647949, 312.274810791, 646.124633789, 3622.87304688, 4804.87304688, 4091.99267578, 14350.1484375, 14933.1220703, 5679.90283203, 5449.76757812, 1064.22265625, 11107.1953125, 8018.26171875, 2273.87646484, 1665.80078125, 598.634033203, 989.328430176, 2046.71337891, 6700.95605469, 1204.8572998, 593.970397949, 482.164794922, 968.94519043, 483.759185791, 470.335021973, 199.32220459, 91.1642074585, 14.0647783279, 2.20678639412, 12.8888492584, 1.30771207809, 0.00201911316253, 1.06754271201e-06, 4.73093875186e-09],
        "max": [0.570547938347, 4.36731004715, 22.3418064117, 47.6119880676, 129.340255737, 159.096603394, 129.283966064, 217.233795166, 208.125808716, 747.850830078, 672.790222168, 590.500732422, 962.976989746, 1983.15710449, 840.765686035, 2340.15039062, 335.637817383, 1545.42822266, 1123.08117676, 661.76348877, 884.936645508, 312.767059326, 380.494598389, 576.004455566, 1064.42810059, 519.241333008, 381.149597168, 294.158905029, 250.549713135, 478.962677002, 470.475280762, 270.49130249, 67.5621185303, 24.7301845551, 21.9205760956, 36.8970146179, 11.4038553238, 0.378516852856, 0.00957108661532, 0.000668080057949],
        "mean": [0.0587019026279, 0.669557332993, 2.9472219944, 6.46968650818, 13.7995195389, 11.4027490616, 7.44797468185, 8.14411830902, 13.0802383423, 17.4103088379, 20.7041893005, 22.3399181366, 43.1802902222, 49.7459640503, 41.6458969116, 32.9876098633, 19.5898132324, 57.2462844849, 44.4552192688, 22.9099826813, 15.8584671021, 18.5609493256, 18.9114456177, 22.6867275238, 31.6707897186, 20.5160999298, 15.6472454071, 19.1066322327, 17.8439121246, 11.0026073456, 10.3129987717, 10.3366060257, 7.98457574844, 1.96898531914, 0.499809712172, 0.329442858696, 0.102684378624, 0.00411986699328, 0.000124243670143, 4.2323499656e-05],
        "median": [0.0428528524935, 0.556596457958, 2.13306808472, 4.29968929291, 9.84466838837, 8.14620018005, 5.0766787529, 4.87416219711, 6.88786172867, 6.06580734253, 4.87746524811, 6.22420597076, 11.4440345764, 7.59065103531, 6.79123878479, 10.181224823, 5.79500770569, 9.06922149658, 9.43663787842, 8.92788887024, 5.30420351028, 8.51249599457, 9.40244102478, 6.28162288666, 6.23470640182, 6.63402986526, 6.28389883041, 8.1302690506, 7.43134450912, 5.52311992645, 5.59620094299, 6.14976024628, 4.86040258408, 1.05279564857, 0.202552780509, 0.0437984876335, 0.00545552838594, 0.000227892014664, 3.26951594616e-05, 3.75964591512e-05],
        "min": [0.000232619029703, 0.00320182391442, 0.00744583504274, 0.0207144394517, 0.0388033911586, 0.0283842757344, 0.0579579733312, 0.0330798141658, 0.0142558030784, 0.0100163873285, 0.00536592490971, 0.00232453970239, 0.00627142610028, 0.00276409718208, 0.00294705945998, 0.00353014562279, 0.00312773953192, 0.0022290085908, 0.00384505116381, 0.00333857932128, 0.00187047210056, 0.0011124915909, 0.00171498686541, 0.00129056232981, 0.00182101270184, 0.00190436106641, 0.00176626991015, 0.00191756221466, 0.00338328815997, 0.001994790975, 0.000775251479354, 0.000930953479838, 0.000727860198822, 6.67374551995e-05, 3.2037289202e-05, 1.24098205561e-05, 4.71771636512e-06, 7.6174063679e-07, 7.76920217049e-07, 4.91247419632e-07],
        "var": [0.00353661598638, 0.296279370785, 8.11703681946, 42.7967796326, 181.038955688, 143.020690918, 74.9467849731, 164.234481812, 388.022033691, 2504.37036133, 2388.08544922, 2681.63793945, 7116.23730469, 19012.4003906, 6960.98681641, 13063.3925781, 1100.84436035, 10132.5039062, 9592.10351562, 2971.53857422, 2372.81787109, 1011.92913818, 909.832641602, 3012.90576172, 8023.76855469, 1736.17077637, 809.141662598, 773.754272461, 720.914367676, 553.393493652, 565.508728027, 241.042251587, 90.1426925659, 6.95258808136, 1.54802286625, 2.58328962326, 0.276261746883, 0.000415143673308, 2.25191712389e-07, 1.50416334943e-09]
    },
    "gfcc": {
        "mean": [12.9669237137, 84.8890457153, -112.077217102, 57.0589828491, -74.6005630493, 31.6769142151, -41.9101791382, 3.27559757233, -25.209104538, -7.16389417648, -13.8805236816, -9.39773273468, -6.74567842484],
        "cov": [[4284.31738281, -1229.36193848, -1103.453125, -395.487182617, -283.438446045, 315.57232666, -12.2260465622, 342.513977051, -210.628356934, 246.735916138, -101.456634521, -8.66541862488, -152.35736084], [-1229.36193848, 1211.63171387, -86.552192688, -11.2612495422, 183.776626587, -130.652526855, 106.749404907, -119.864212036, 184.714660645, -177.321563721, 183.330917358, -159.201721191, 167.799819946], [-1103.453125, -86.552192688, 1043.05151367, 206.531204224, -51.3554801941, -39.905456543, -120.800613403, -63.1347846985, -15.5670366287, -8.93508243561, -96.0833740234, 114.308303833, -63.6691169739], [-395.487182617, -11.2612495422, 206.531204224, 332.2862854, 29.1837539673, -80.9818572998, -48.7304725647, -0.254133820534, 36.8100662231, -30.9943790436, 35.8169364929, -24.3892440796, 38.3523445129], [-283.438446045, 183.776626587, -51.3554801941, 29.1837539673, 224.218338013, -44.1296920776, 55.0271186829, -36.9894981384, 3.98975396156, -23.5938549042, 1.2389690876, 14.6318206787, 25.1954612732], [315.57232666, -130.652526855, -39.905456543, -80.9818572998, -44.1296920776, 277.662261963, 64.0529251099, 15.3435173035, -49.6754112244, 26.9368495941, -4.99735307693, -18.2783088684, 18.2809333801], [-12.2260465622, 106.749404907, -120.800613403, -48.7304725647, 55.0271186829, 64.0529251099, 174.251724243, 6.16948413849, -7.48590040207, -0.577766954899, 3.24358820915, -16.1153278351, 11.6204547882], [342.513977051, -119.864212036, -63.1347846985, -0.254133820534, -36.9894981384, 15.3435173035, 6.16948413849, 130.267044067, 22.9402503967, 21.9889545441, -1.14566504955, 3.73398566246, -6.30463695526], [-210.628356934, 184.714660645, -15.5670366287, 36.8100662231, 3.98975396156, -49.6754112244, -7.48590040207, 22.9402503967, 133.048843384, -5.08158969879, 37.3746871948, -34.9862060547, 25.829126358], [246.735916138, -177.321563721, -8.93508243561, -30.9943790436, -23.5938549042, 26.9368495941, -0.577766954899, 21.9889545441, -5.08158969879, 104.708396912, -26.2195034027, 27.437210083, -43.4608764648], [-101.456634521, 183.330917358, -96.0833740234, 35.8169364929, 1.2389690876, -4.99735307693, 3.24358820915, -1.14566504955, 37.3746871948, -26.2195034027, 122.152160645, -37.9027442932, 48.0346107483], [-8.66541862488, -159.201721191, 114.308303833, -24.3892440796, 14.6318206787, -18.2783088684, -16.1153278351, 3.73398566246, -34.9862060547, 27.437210083, -37.9027442932, 126.486465454, -29.5233459473], [-152.35736084, 167.799819946, -63.6691169739, 38.3523445129, 25.1954612732, 18.2809333801, 11.6204547882, -6.30463695526, 25.829126358, -43.4608764648, 48.0346107483, -29.5233459473, 103.698745728]],
        "icov": [[0.000872489472385, 0.000326388602844, 0.000949176668655, 0.000180134404218, 0.000370126042981, -0.000453742279205, 0.000694468209986, -0.00145686033648, 0.000953484792262, -0.000580035324674, 0.000334660260705, 0.000286389607936, 0.000539491709787], [0.000326388602844, 0.00493272440508, -0.00135373894591, 0.00377582991496, -0.00252717616968, 0.0024048439227, -0.00244224723428, 0.0019621825777, -0.00376427476294, 0.00298111606389, -0.00447290437296, 0.00458898348734, -0.00358151108958], [0.000949176668655, -0.00135373894591, 0.0034032065887, -0.00257143611088, 0.00198162463494, -0.002087732777, 0.00223889388144, -0.0012915530242, 0.00164939113893, -0.000752033956815, 0.00323385512456, -0.00311214174144, 0.003072792897], [0.000180134404218, 0.00377582991496, -0.00257143611088, 0.00772953499109, -0.0030192672275, 0.00329543300904, -0.00135156617034, 0.000289228453767, -0.00234799901955, 0.00162480585277, -0.00489002186805, 0.00562980398536, -0.00482729962096], [0.000370126042981, -0.00252717616968, 0.00198162463494, -0.0030192672275, 0.00783145427704, -0.000596937316004, -0.000608616333921, 2.43114227487e-05, 0.0022106776014, -0.00130501738749, 0.00368700898252, -0.0043185884133, 0.00120364280883], [-0.000453742279205, 0.0024048439227, -0.002087732777, 0.00329543300904, -0.000596937316004, 0.00720732845366, -0.0037515386939, 0.00121910101734, -2.22755697905e-05, -0.00032737114816, -0.00288937287405, 0.00407087849453, -0.00532395718619], [0.000694468209986, -0.00244224723428, 0.00223889388144, -0.00135156617034, -0.000608616333921, -0.0037515386939, 0.00985494907945, -0.00316937780008, 0.00292624812573, -0.00187378225382, 0.00297882664017, -0.00162349815946, 0.00300272507593], [-0.00145686033648, 0.0019621825777, -0.0012915530242, 0.000289228453767, 2.43114227487e-05, 0.00121910101734, -0.00316937780008, 0.0133681250736, -0.00635775178671, 0.00204543443397, -0.00190163764637, -0.000277121376712, -0.00202563218772], [0.000953484792262, -0.00376427476294, 0.00164939113893, -0.00234799901955, 0.0022106776014, -2.22755697905e-05, 0.00292624812573, -0.00635775178671, 0.0153078828007, -0.00565352197737, 0.00195625494234, -2.7375159334e-05, 0.00102922867518], [-0.000580035324674, 0.00298111606389, -0.000752033956815, 0.00162480585277, -0.00130501738749, -0.00032737114816, -0.00187378225382, 0.00204543443397, -0.00565352197737, 0.0163342040032, -0.00207226886414, -0.000508592172991, 0.0030394278001], [0.000334660260705, -0.00447290437296, 0.00323385512456, -0.00489002186805, 0.00368700898252, -0.00288937287405, 0.00297882664017, -0.00190163764637, 0.00195625494234, -0.00207226886414, 0.0164235252887, -0.00381996226497, 0.000636790995486], [0.000286389607936, 0.00458898348734, -0.00311214174144, 0.00562980398536, -0.0043185884133, 0.00407087849453, -0.00162349815946, -0.000277121376712, -2.7375159334e-05, -0.000508592172991, -0.00381996226497, 0.0164539925754, -0.00425349408761], [0.000539491709787, -0.00358151108958, 0.003072792897, -0.00482729962096, 0.00120364280883, -0.00532395718619, 0.00300272507593, -0.00202563218772, 0.00102922867518, 0.0030394278001, 0.000636790995486, -0.00425349408761, 0.0196013562381]]
    },
    "melbands": {
        "dmean": [0.000340197904734, 0.000744648394175, 0.000707405910362, 0.000504824332893, 0.000169445673237, 0.000118659940199, 0.000132365108584, 0.000127260849695, 0.00013153848704, 9.10666567506e-05, 0.000150859676069, 0.000125264981762, 7.52583000576e-05, 4.46205813205e-05, 3.42809107678e-05, 2.50631273957e-05, 6.32653827779e-05, 4.32369379268e-05, 2.06182521651e-05, 1.41121581692e-05, 9.25774565985e-06, 8.72743930813e-06, 1.18511561595e-05, 8.42884946906e-06, 9.33548380999e-06, 1.3381851204e-05, 9.94230958895e-06, 6.177492196e-06, 4.14860005549e-06, 5.00063515574e-06, 5.07526874571e-06, 6.4762407419e-06, 4.84922020405e-06, 3.16983596349e-06, 3.55858469447e-06, 3.65427627003e-06, 3.87343243347e-06, 3.58302963832e-06, 1.8844089027e-06, 9.04159435322e-07],
        "dmean2": [0.000558723171707, 0.00128567568026, 0.0011686043581, 0.00080239912495, 0.000275171973044, 0.000198516485398, 0.000216511674807, 0.000203135903575, 0.000210082245758, 0.00014302667114, 0.000248877011472, 0.00017256657884, 0.000105421560875, 6.83139442117e-05, 5.11246616952e-05, 3.79258744942e-05, 9.71662811935e-05, 6.48366767564e-05, 3.14675198752e-05, 2.14709398279e-05, 1.37754341267e-05, 1.31673705255e-05, 1.84286473086e-05, 1.36369981192e-05, 1.39947242133e-05, 2.07749817491e-05, 1.45550957313e-05, 9.28511235543e-06, 6.24963240625e-06, 7.60123703003e-06, 7.86985128798e-06, 9.78419393505e-06, 7.28981331122e-06, 4.85544751427e-06, 5.29423596163e-06, 5.61183514947e-06, 5.96821655563e-06, 5.4962674767e-06, 2.94860478789e-06, 1.46429022152e-06],
        "dvar": [1.7742402747e-07, 8.52623827541e-07, 7.61455112297e-07, 4.1874622525e-07, 8.84852227045e-08, 5.2146923224e-08, 8.45540384375e-08, 1.38535298788e-07, 1.50421428202e-07, 5.80403245465e-08, 1.4247362401e-07, 1.42464259056e-07, 3.20577804303e-08, 1.25075523272e-08, 1.2954130213e-08, 3.77571662824e-09, 2.36629720263e-08, 1.46953764713e-08, 2.40597786139e-09, 2.1884549728e-09, 1.03849684407e-09, 4.09877909391e-10, 5.31735599996e-10, 4.32867991451e-10, 7.97243659978e-10, 2.67102095997e-09, 7.87627352228e-10, 2.71222266868e-10, 1.05392354566e-10, 1.06692370216e-10, 7.65916149947e-11, 1.67852828858e-10, 1.0365330122e-10, 9.48146769431e-11, 1.16597551059e-10, 5.47393692873e-11, 4.10084986802e-11, 3.05732522632e-11, 9.90718531518e-12, 3.6383209813e-12],
        "dvar2": [4.63608643031e-07, 2.43653039433e-06, 2.0437053081e-06, 1.07626942736e-06, 2.18915317873e-07, 1.34407784458e-07, 2.08148563274e-07, 3.23605121366e-07, 4.089540937e-07, 1.36098435632e-07, 3.78907714094e-07, 2.67921222985e-07, 7.06428480157e-08, 2.61000820956e-08, 2.01356069596e-08, 8.70473826353e-09, 5.52225678518e-08, 3.45102861843e-08, 5.59732926675e-09, 4.53766046959e-09, 1.8375632127e-09, 7.9835521527e-10, 1.22326537788e-09, 1.1350931306e-09, 1.62326341258e-09, 6.79712242047e-09, 1.49633239133e-09, 6.071189107e-10, 2.2613126649e-10, 2.39631314791e-10, 1.84575646434e-10, 4.17066547964e-10, 2.37846964346e-10, 1.69922784177e-10, 2.20688897712e-10, 1.05925886118e-10, 8.88321360915e-11, 7.02314664758e-11, 2.3606205532e-11, 9.80239067e-12],
        "max": [0.00525155384094, 0.00891775358468, 0.00775554031134, 0.00772082619369, 0.00626251474023, 0.00428073760122, 0.00382803822868, 0.00724882120267, 0.00621634395793, 0.00324708293192, 0.00482795806602, 0.00868135970086, 0.00264239450917, 0.00345289916731, 0.00452623609453, 0.00126674328931, 0.00356671423651, 0.00219761650078, 0.000897834892385, 0.00104882358573, 0.000864229223225, 0.000479431735585, 0.00039117920096, 0.000405229104217, 0.000519151159097, 0.00108525215182, 0.000552609795704, 0.000410781765822, 0.000229973738897, 0.000254579470493, 0.000141952783451, 0.00018955025007, 0.000182166666491, 0.000292142474791, 0.000307432113914, 0.000203684627195, 0.000150148989633, 6.84598271619e-05, 3.02209191432e-05, 2.71354492725e-05],
        "mean": [0.00062726152828, 0.00135935342405, 0.00133576977532, 0.000964977545664, 0.000307930691633, 0.000189777289052, 0.000201481074328, 0.000182019924978, 0.000179156835657, 0.000135821173899, 0.00021421952988, 0.000200383583433, 0.000145542406244, 8.44613896334e-05, 6.13798765698e-05, 4.60879819002e-05, 0.000116147544759, 7.59223112254e-05, 3.77890137315e-05, 2.49795320997e-05, 1.67055459315e-05, 1.75469594978e-05, 2.22055805352e-05, 1.46665424836e-05, 1.804749445e-05, 2.38776974584e-05, 1.99154001166e-05, 1.18302641567e-05, 8.2572669271e-06, 1.13163150672e-05, 1.10719665827e-05, 1.10228756967e-05, 7.87280350778e-06, 5.34346281711e-06, 5.90943454881e-06, 5.77560012971e-06, 6.82347081238e-06, 6.63996024741e-06, 3.14728140438e-06, 1.13172245619e-06],
        "median": [0.000496724213008, 0.00104308943264, 0.00101141771302, 0.000757592672016, 0.000204535375815, 0.000114035050501, 0.000100496057712, 6.16916222498e-05, 3.54917974619e-05, 3.40848273481e-05, 5.27331831108e-05, 2.45073024416e-05, 2.17604647332e-05, 2.3593498554e-05, 1.77305719262e-05, 9.95652044367e-06, 1.54347399075e-05, 1.3172943909e-05, 1.37251208798e-05, 7.78760204412e-06, 4.90037018608e-06, 7.70385395299e-06, 9.35859770834e-06, 6.7079058681e-06, 4.40345593233e-06, 3.56152349923e-06, 4.88601244797e-06, 3.73860666514e-06, 2.46030913331e-06, 5.5947657529e-06, 4.1092016545e-06, 4.17883074988e-06, 3.30710645358e-06, 2.58253430729e-06, 3.08171161123e-06, 2.91794412988e-06, 4.14593614551e-06, 4.04193770009e-06, 1.75971842964e-06, 5.16804732342e-07],
        "min": [2.80222548099e-06, 4.19575189881e-06, 4.38811775894e-06, 2.48586297857e-06, 1.84623684163e-06, 7.9073163306e-07, 2.01781546139e-07, 7.29004980826e-08, 3.60428913382e-08, 1.4243723534e-08, 3.09570680201e-08, 8.41765146475e-09, 1.01623278681e-08, 7.40998151727e-09, 1.20073622156e-08, 4.30747171265e-09, 2.75135092487e-09, 4.81256900997e-09, 4.60970417393e-09, 3.51725160108e-09, 1.14067566503e-09, 1.02031916249e-09, 1.63530211594e-09, 1.33968902638e-09, 9.78537473273e-10, 8.2590073669e-10, 1.41773470741e-09, 1.10516551466e-09, 9.18836284836e-10, 1.01152530796e-09, 1.23003485175e-09, 2.10495620934e-09, 1.6646931611e-09, 5.23715515399e-10, 3.66807945129e-10, 4.86998441573e-10, 5.49034928632e-10, 1.12326682677e-10, 2.81037508803e-13, 9.10639402427e-13],
