{
"highlevel": {
    "danceability": {
        "all": {
            "danceable": 0.952372848988,
            "not_danceable": 0.0476271472871
        },
        "probability": 0.952372848988,
        "value": "danceable"
    },
    "gender": {
        "all": {
            "female": 0.0607346482575,
            "male": 0.939265370369
        },
        "probability": 0.939265370369,
        "value": "male"
    },
    "genre_dortmund": {
        "all": {
            "alternative": 0.0480011329055,
            "blues": 0.0401280373335,
            "electronic": 0.0517501942813,
            "folkcountry": 0.237502813339,
            "funksoulrnb": 0.0221220366657,
            "jazz": 0.0770833641291,
            "pop": 0.0867484509945,
            "raphiphop": 0.00826721731573,
            "rock": 0.428396731615
        },
        "probability": 0.428396731615,
        "value": "rock"
    },
    "genre_electronic": {
        "all": {
            "ambient": 0.298470795155,
            "dnb": 0.358557641506,
            "house": 0.0718583837152,
            "techno": 0.0205939430743,
            "trance": 0.250519275665
        },
        "probability": 0.358557641506,
        "value": "dnb"
    },
    "genre_rosamerica": {
        "all": {
            "cla": 0.00103979068808,
            "dan": 0.0305017009377,
            "hip": 0.00746146170422,
            "jaz": 0.00474984152243,
            "pop": 0.160181969404,
            "rhy": 0.0289862658828,
            "roc": 0.766184210777,
            "spe": 0.000894793134648
        },
        "probability": 0.766184210777,
        "value": "roc"
    },
    "genre_tzanetakis": {
        "all": {
            "blu": 0.0626541376114,
            "cla": 0.0348133966327,
            "cou": 0.0783501937985,
            "dis": 0.104547761381,
            "hip": 0.15693578124,
            "jaz": 0.313987255096,
            "met": 0.044816005975,
            "pop": 0.0627349764109,
            "reg": 0.0627352520823,
            "roc": 0.0784252434969
        },
        "probability": 0.313987255096,
        "value": "jaz"
    },
    "ismir04_rhythm": {
        "all": {
            "ChaChaCha": 0.0339649170637,
            "Jive": 0.49761351943,
            "Quickstep": 0.133852094412,
            "Rumba-American": 0.0150080714375,
            "Rumba-International": 0.0197421703488,
            "Rumba-Misc": 0.00443711690605,
            "Samba": 0.261978685856,
            "Tango": 0.00476732337847,
            "VienneseWaltz": 0.0252396222204,
            "Waltz": 0.00339649920352
        },
        "probability": 0.49761351943,
        "value": "Jive"
    },
    "mood_acoustic": {
        "all": {
            "acoustic": 0.296683192253,
            "not_acoustic": 0.703316807747
        },
        "probability": 0.703316807747,
        "value": "not_acoustic"
    },
    "mood_aggressive": {
        "all": {
            "aggressive": 0.255962282419,
            "not_aggressive": 0.744037747383
        },
        "probability": 0.744037747383,
        "value": "not_aggressive"
    },
    "mood_electronic": {
        "all": {
            "electronic": 0.221159264445,
            "not_electronic": 0.778840720654
        },
        "probability": 0.778840720654,
        "value": "not_electronic"
    },
    "mood_happy": {
        "all": {
            "happy": 0.905910313129,
            "not_happy": 0.09408967942
        },
        "probability": 0.905910313129,
        "value": "happy"
    },
    "mood_party": {
        "all": {
            "not_party": 0.726577758789,
            "party": 0.273422241211
        },
        "probability": 0.726577758789,
        "value": "not_party"
    },
    "mood_relaxed": {
        "all": {
            "not_relaxed": 0.864897370338,
            "relaxed": 0.135102644563
        },
        "probability": 0.864897370338,
        "value": "not_relaxed"
    },
    "mood_sad": {
        "all": {
            "not_sad": 0.799444079399,
            "sad": 0.200555890799
        },
        "probability": 0.799444079399,
        "value": "not_sad"
    },
    "moods_mirex": {
        "all": {
            "Cluster1": 0.297972530127,
            "Cluster2": 0.334308773279,
            "Cluster3": 0.160469040275,
            "Cluster4": 0.0912424623966,
            "Cluster5": 0.116007208824
        },
        "probability": 0.334308773279,
        "value": "Cluster2"
    },
    "timbre": {
        "all": {
            "bright": 0.990807533264,
            "dark": 0.00919248349965
        },
        "probability": 0.990807533264,
        "value": "bright"
    },
    "tonal_atonal": {
        "all": {
            "atonal": 5.74405239604e-05,
            "tonal": 0.999942541122
        },
        "probability": 0.999942541122,
        "value": "tonal"
    },
    "voice_instrumental": {
        "all": {
            "instrumental": 0.0110209165141,
            "voice": 0.988979101181
        },
        "probability": 0.988979101181,
        "value": "voice"
    }
},
"lowlevel": {
    "average_loudness": 0.973343193531,
    "barkbands_crest": {
        "dmean": 2.95539903641,
        "dmean2": 4.85257720947,
        "dvar": 7.64447307587,
        "dvar2": 17.8076992035,
        "max": 24.061006546,
        "mean": 10.4020404816,
        "median": 9.35962867737,
        "min": 3.14588284492,
        "var": 19.5043258667
    },
    "barkbands_flatness_db": {
        "dmean": 0.024194734171,
        "dmean2": 0.0391811579466,
        "dvar": 0.000576669466682,
        "dvar2": 0.00140507740434,
        "max": 0.376015782356,
        "mean": 0.146348044276,
        "median": 0.131628602743,
        "min": 0.0417461059988,
        "var": 0.00304720946588
    },
    "barkbands_kurtosis": {
        "dmean": 5.41949558258,
        "dmean2": 9.12034988403,
        "dvar": 153.396102905,
        "dvar2": 427.781646729,
        "max": 287.344665527,
        "mean": 8.19285678864,
        "median": 3.23509979248,
        "min": -1.69332075119,
        "var": 222.799865723
    },
    "barkbands_skewness": {
        "dmean": 0.716058492661,
        "dmean2": 1.14828181267,
        "dvar": 0.696413457394,
        "dvar2": 1.77451241016,
        "max": 14.1244077682,
        "mean": 2.12262916565,
        "median": 1.71615171432,
        "min": -0.145864412189,
        "var": 2.00677728653
    },
    "barkbands_spread": {
        "dmean": 5.44712686539,
        "dmean2": 8.70010662079,
        "dvar": 31.8805294037,
        "dvar2": 72.4503555298,
        "max": 78.7801208496,
        "mean": 19.6236286163,
        "median": 18.8884811401,
        "min": 0.747864127159,
        "var": 126.203430176
    },
    "dissonance": {
        "dmean": 0.0211326014251,
        "dmean2": 0.0359531156719,
        "dvar": 0.000440896168584,
        "dvar2": 0.0012227576226,
        "max": 0.499578744173,
        "mean": 0.459180504084,
        "median": 0.467613577843,
        "min": 0.258626461029,
        "var": 0.000897690013517
    },
    "dynamic_complexity": 1.6513812542,
    "erbbands_crest": {
        "dmean": 3.03419947624,
        "dmean2": 4.87738180161,
        "dvar": 7.75846719742,
        "dvar2": 18.9381065369,
        "max": 28.868642807,
        "mean": 9.83164405823,
        "median": 8.7389383316,
        "min": 2.27144742012,
        "var": 27.0278129578
    },
    "erbbands_flatness_db": {
        "dmean": 0.0179052911699,
        "dmean2": 0.0254434850067,
        "dvar": 0.00025061937049,
        "dvar2": 0.000513423292432,
        "max": 0.269016444683,
        "mean": 0.135229066014,
        "median": 0.129855200648,
        "min": 0.0575563944876,
        "var": 0.00124932848848
    },
    "erbbands_kurtosis": {
        "dmean": 0.9949477911,
        "dmean2": 1.51429748535,
        "dvar": 1.4633859396,
        "dvar2": 3.48751115799,
        "max": 13.3536071777,
        "mean": 0.712608635426,
        "median": -0.0496578216553,
        "min": -1.59274601936,
        "var": 4.58277320862
    },
    "erbbands_skewness": {
        "dmean": 0.37598529458,
        "dmean2": 0.574704289436,
        "dvar": 0.101209364831,
        "dvar2": 0.236607536674,
        "max": 2.89943051338,
        "mean": 0.657926559448,
        "median": 0.572365283966,
        "min": -1.13740217686,
        "var": 0.440191268921
    },
    "erbbands_spread": {
        "dmean": 10.2029018402,
        "dmean2": 14.8740758896,
        "dvar": 89.0326690674,
        "dvar2": 189.965332031,
        "max": 111.707839966,
        "mean": 44.556060791,
        "median": 42.1764411926,
        "min": 8.06889820099,
        "var": 387.566589355
    },
    "hfc": {
        "dmean": 7.53434514999,
        "dmean2": 10.7496824265,
        "dvar": 61.7040138245,
        "dvar2": 140.622055054,
        "max": 76.8848190308,
        "mean": 23.6210422516,
        "median": 22.188829422,
        "min": 0.637810051441,
        "var": 205.400543213
    },
    "melbands_crest": {
        "dmean": 3.57128596306,
        "dmean2": 5.83157396317,
        "dvar": 9.13951969147,
        "dvar2": 22.4181442261,
        "max": 30.4265842438,
        "mean": 14.4741153717,
        "median": 13.4435052872,
        "min": 3.96760869026,
        "var": 30.1328334808
    },
    "melbands_flatness_db": {
        "dmean": 0.0306947659701,
        "dmean2": 0.0484023801982,
        "dvar": 0.00100353907328,
        "dvar2": 0.00234136497602,
        "max": 0.475969821215,
        "mean": 0.201928392053,
        "median": 0.185488983989,
        "min": 0.0532123818994,
        "var": 0.00490841316059
    },
    "melbands_kurtosis": {
        "dmean": 12.84649086,
        "dmean2": 21.2812309265,
        "dvar": 489.95690918,
        "dvar2": 1255.93835449,
        "max": 373.91116333,
        "mean": 21.9163837433,
        "median": 10.7280454636,
        "min": -0.788630485535,
        "var": 927.303649902
    },
    "melbands_skewness": {
        "dmean": 1.03559052944,
        "dmean2": 1.62697577477,
        "dvar": 1.24098110199,
        "dvar2": 3.00821518898,
        "max": 11.4424238205,
        "mean": 3.23655462265,
        "median": 2.79114842415,
        "min": -0.197326242924,
        "var": 3.74316978455
    },
    "melbands_spread": {
        "dmean": 5.68704223633,
        "dmean2": 9.14552783966,
        "dvar": 40.7986602783,
        "dvar2": 92.7691802979,
        "max": 83.0988998413,
        "mean": 17.6508255005,
        "median": 17.0382480621,
        "min": 0.546419799328,
        "var": 114.107406616
    },
    "pitch_salience": {
        "dmean": 0.0794089138508,
        "dmean2": 0.129975199699,
        "dvar": 0.00511350808665,
        "dvar2": 0.0126500474289,
        "max": 0.803648173809,
        "mean": 0.534882843494,
        "median": 0.554811537266,
        "min": 0.157762378454,
        "var": 0.0150993075222
    },
    "silence_rate_20dB": {
        "dmean": 0,
        "dmean2": 0,
        "dvar": 0,
        "dvar2": 0,
        "max": 1,
        "mean": 1,
        "median": 1,
        "min": 1,
        "var": 0
    },
    "silence_rate_30dB": {
        "dmean": 0.0557275526226,
        "dmean2": 0.111541442573,
        "dvar": 0.0526216924191,
        "dvar2": 0.123885281384,
        "max": 1,
        "mean": 0.956689894199,
        "median": 1,
        "min": 0,
        "var": 0.0414348207414
    },
    "silence_rate_60dB": {
        "dmean": 0.00154798757285,
        "dmean2": 0.00309837330133,
        "dvar": 0.0015455884859,
        "dvar2": 0.00463794544339,
        "max": 1,
        "mean": 0.00077339517884,
        "median": 0,
        "min": 0,
        "var": 0.000772796629462
    },
    "spectral_centroid": {
        "dmean": 228.132553101,
        "dmean2": 367.584899902,
        "dvar": 51274.765625,
        "dvar2": 125531.703125,
        "max": 2883.10546875,
        "mean": 1059.17492676,
        "median": 1034.55053711,
        "min": 168.307800293,
        "var": 221950.953125
    },
    "spectral_complexity": {
        "dmean": 4.29876184464,
        "dmean2": 6.23934936523,
        "dvar": 20.570148468,
        "dvar2": 41.5871238708,
        "max": 50,
        "mean": 20.3704566956,
        "median": 20,
        "min": 3,
        "var": 90.013381958
    },
    "spectral_decrease": {
        "dmean": 5.35236077681e-09,
        "dmean2": 8.58742321697e-09,
        "dvar": 5.95719132072e-17,
        "dvar2": 1.50066550864e-16,
        "max": -4.8285192511e-10,
        "mean": -1.03975184018e-08,
        "median": -8.2355260389e-09,
        "min": -5.58615127488e-08,
        "var": 6.50004547219e-17
    },
    "spectral_energy": {
        "dmean": 0.02073985897,
        "dmean2": 0.0331488028169,
        "dvar": 0.000867460737936,
        "dvar2": 0.00217999401502,
        "max": 0.213661506772,
        "mean": 0.0413851775229,
        "median": 0.033366445452,
        "min": 0.00188024668023,
        "var": 0.000965273648035
    },
    "spectral_energyband_high": {
        "dmean": 0.000372211332433,
        "dmean2": 0.000541218440048,
        "dvar": 2.68867978548e-07,
        "dvar2": 6.09445919508e-07,
        "max": 0.00709826219827,
        "mean": 0.00103254010901,
        "median": 0.000844156835228,
        "min": 2.9803347843e-06,
        "var": 8.86924738097e-07
    },
    "spectral_energyband_low": {
        "dmean": 0.0137630701065,
        "dmean2": 0.0228775478899,
        "dvar": 0.000813976803329,
        "dvar2": 0.00210219342262,
        "max": 0.198375612497,
        "mean": 0.0176136903465,
        "median": 0.0107681155205,
        "min": 4.8093181249e-05,
        "var": 0.000733714434318
    },
    "spectral_energyband_middle_high": {
        "dmean": 0.00198135990649,
        "dmean2": 0.00287956814282,
        "dvar": 6.38281926513e-06,
        "dvar2": 1.32667437356e-05,
        "max": 0.033748537302,
        "mean": 0.00507230404764,
        "median": 0.00357722700574,
        "min": 1.26986178657e-05,
        "var": 2.12434424611e-05
    },
    "spectral_energyband_middle_low": {
        "dmean": 0.0102251740173,
        "dmean2": 0.0164869185537,
        "dvar": 0.000145360609167,
        "dvar2": 0.000357649318175,
        "max": 0.0994400903583,
        "mean": 0.0205519832671,
        "median": 0.0167657770216,
        "min": 0.000843329471536,
        "var": 0.00021451379871
    },
    "spectral_entropy": {
        "dmean": 0.165679767728,
        "dmean2": 0.249924823642,
        "dvar": 0.0313341803849,
        "dvar2": 0.0671701431274,
        "max": 8.44922542572,
        "mean": 7.63336849213,
        "median": 7.75090456009,
        "min": 5.63990306854,
        "var": 0.186588481069
    },
    "spectral_flux": {
        "dmean": 0.0451606214046,
        "dmean2": 0.0716968625784,
        "dvar": 0.00292110443115,
        "dvar2": 0.00696350447834,
        "max": 0.41624212265,
        "mean": 0.115296281874,
        "median": 0.10061044991,
        "min": 0.0145932761952,
        "var": 0.00411302084103
    },
    "spectral_kurtosis": {
        "dmean": 1.04368031025,
        "dmean2": 1.64929175377,
        "dvar": 1.91959929466,
        "dvar2": 4.45469760895,
        "max": 21.4146537781,
        "mean": 3.22060799599,
        "median": 2.79109334946,
        "min": -0.0129117965698,
        "var": 3.97552633286
    },
    "spectral_rms": {
        "dmean": 0.00145223643631,
        "dmean2": 0.00223305658437,
        "dvar": 2.81980646832e-06,
        "dvar2": 6.67180074743e-06,
        "max": 0.0144378058612,
        "mean": 0.00600868090987,
        "median": 0.00570549117401,
        "min": 0.00135439541191,
        "var": 4.27149279858e-06
    },
    "spectral_rolloff": {
        "dmean": 413.146911621,
        "dmean2": 692.38293457,
        "dvar": 423881.8125,
        "dvar2": 888349.0625,
        "max": 8419.48242188,
        "mean": 1012.93994141,
        "median": 775.1953125,
        "min": 86.1328125,
        "var": 881789
    },
    "spectral_skewness": {
        "dmean": 0.189620926976,
        "dmean2": 0.285282462835,
        "dvar": 0.0418041683733,
        "dvar2": 0.0917472839355,
        "max": 3.61232328415,
        "mean": 1.49983882904,
        "median": 1.42938137054,
        "min": 0.675104677677,
        "var": 0.148136973381
    },
    "spectral_spread": {
        "dmean": 500046.75,
        "dmean2": 712589.4375,
        "dvar": 223905628160,
        "dvar2": 441812320256,
        "max": 10072441,
        "mean": 5386258.5,
        "median": 5341884,
        "min": 2020892.25,
        "var": 851371884544
    },
    "spectral_strongpeak": {
        "dmean": 0.586748301983,
        "dmean2": 1.00657212734,
        "dvar": 0.624839425087,
        "dvar2": 1.54082238674,
        "max": 7.354367733,
        "mean": 0.97633254528,
        "median": 0.615757226944,
        "min": 0.0392386205494,
        "var": 1.04640555382
    },
    "zerocrossingrate": {
        "dmean": 0.00980266183615,
        "dmean2": 0.0116431061178,
        "dvar": 9.12623363547e-05,
        "dvar2": 0.000120999138744,
        "max": 0.21337890625,
        "mean": 0.0557108893991,
        "median": 0.05419921875,
        "min": 0.005859375,
        "var": 0.000809174147435
    },
    "barkbands": {
        "dmean": [0.000435970345279, 0.00918752234429, 0.00369229516946, 0.00511377910152, 0.00377029227093, 0.00122656743042, 0.00152115675155, 0.00159459991846, 0.00142098055221, 0.000853820587508, 0.000505471776705, 0.000273228302831, 0.000467551057227, 0.000363822910003, 0.000361986109056, 0.000207129443879, 0.000176985078724, 0.000114056281745, 0.000107518877485, 0.000108332125819, 9.06833083718e-05, 9.16894132388e-05, 7.96202293714e-05, 7.90498088463e-05, 6.22204242973e-05, 2.93677494483e-05, 2.22898144386e-08],
        "dmean2": [0.000676136696711, 0.0152269909158, 0.00658215535805, 0.00859786383808, 0.00648027518764, 0.0020407740958, 0.00255223200656, 0.00244607706554, 0.00218256982043, 0.00131830503233, 0.000730528496206, 0.000418648443883, 0.000760013004765, 0.000565653317608, 0.000553010613658, 0.000323856016621, 0.000271374883596, 0.000183445823495, 0.000173630716745, 0.000176159461262, 0.000146174512338, 0.000146109217894, 0.000124210928334, 0.000119975491543, 8.72872769833e-05, 4.5781092922e-05, 3.84952159038e-08],
        "dvar": [9.21037837998e-07, 0.000519259774592, 6.32230803603e-05, 4.45364094048e-05, 3.93626069126e-05, 3.43696092386e-06, 8.99750193639e-06, 1.02930735011e-05, 8.64022968017e-06, 4.23853634857e-06, 1.1853730939e-06, 4.4736461291e-07, 9.48723538841e-07, 6.12498297414e-07, 4.38203812791e-07, 1.90475248019e-07, 6.47106475071e-08, 2.46809044313e-08, 1.73617760169e-08, 1.81921784304e-08, 1.65352673775e-08, 1.80437744746e-08, 1.27928734273e-08, 1.68993938843e-08, 8.52156389897e-09, 2.23962803858e-09, 2.37314728551e-14],
        "dvar2": [1.83564327472e-06, 0.00131415133364, 0.000179986920557, 0.000110413122457, 0.000108444510261, 8.57502527651e-06, 2.26558331633e-05, 2.57522333413e-05, 1.9350231014e-05, 9.59819681157e-06, 2.44816465056e-06, 1.0252742868e-06, 2.30154205383e-06, 1.53392113589e-06, 9.2955559694e-07, 4.38230642885e-07, 1.52193379677e-07, 6.10749992802e-08, 4.31092068709e-08, 4.51395223422e-08, 4.31117541666e-08, 4.63653258009e-08, 3.18604982397e-08, 4.15745233795e-08, 1.74370953232e-08, 5.4616573486e-09, 3.54416609992e-14],
        "max": [0.00832701846957, 0.145962655544, 0.0606646612287, 0.0510965771973, 0.051969692111, 0.0268587153405, 0.037921346724, 0.0406756773591, 0.0492445267737, 0.0256467536092, 0.0150955794379, 0.0102215735242, 0.0124160135165, 0.00959124043584, 0.00858969520777, 0.00766811426729, 0.00345754786395, 0.00154714006931, 0.00140832259785, 0.00145668734331, 0.00163165561389, 0.00158426712733, 0.00159213028383, 0.00247432244942, 0.00170857051853, 0.000624384963885, 4.77554112877e-06],
        "mean": [0.000512417871505, 0.0101921427995, 0.00434962939471, 0.00601642997935, 0.00493077933788, 0.0019251947524, 0.00208674184978, 0.00245985854417, 0.00250157900155, 0.0012098737061, 0.000786782591604, 0.000391218054574, 0.000672747613862, 0.000529890297912, 0.000547906791326, 0.000342242507031, 0.000327674526488, 0.000213824998355, 0.000230838399148, 0.000244197522989, 0.00018734994228, 0.000192865627469, 0.000179191396455, 0.000176448273123, 0.000130266198539, 4.70407721878e-05, 1.51129828652e-08],
        "median": [7.22820841474e-05, 0.00378875527531, 0.00242586247623, 0.00308487610891, 0.00300768134184, 0.00111452664714, 0.00092189933639, 0.000769720238168, 0.00071559601929, 0.000431525986642, 0.000267000810709, 0.000142103614053, 0.000303105072817, 0.000171951542143, 0.000211435268284, 0.000166113648447, 0.000215519481571, 0.000157010857947, 0.000188788719242, 0.000200203037821, 0.000160926560056, 0.000155999499839, 0.000133971887408, 0.00012440867431, 8.12493890407e-05, 2.46353465627e-05, 6.84564405162e-10],
        "min": [2.11731190802e-07, 9.6978401416e-06, 1.56156420417e-06, 5.05918421823e-07, 7.66347147874e-06, 4.55720546597e-05, 8.41076143843e-06, 6.36181221125e-06, 1.0417365047e-05, 2.4181988465e-06, 7.58991745897e-07, 5.87723604895e-07, 2.38912974737e-07, 7.85621409705e-07, 7.31956220079e-07, 1.18835930607e-06, 5.93843537899e-07, 8.35883213313e-07, 9.19234196317e-07, 9.78392790785e-07, 6.11667644534e-07, 5.87801764595e-07, 3.74350975108e-07, 4.7845469453e-07, 7.30220222067e-08, 1.9513134164e-10, 1.00026245967e-11],
        "var": [1.12093823645e-06, 0.000467718375148, 4.48714854429e-05, 5.29596727574e-05, 3.62446699e-05, 6.39999461782e-06, 1.13233236334e-05, 1.83102001756e-05, 2.8847487556e-05, 6.5611438913e-06, 2.53057010013e-06, 8.16137060156e-07, 1.33473611186e-06, 1.11046756501e-06, 8.82491633547e-07, 3.2492383184e-07, 1.42792416113e-07, 4.76503068114e-08, 4.01316562204e-08, 4.76882178191e-08, 2.9473868679e-08, 3.55861651258e-08, 3.25765938669e-08, 4.34787850168e-08, 2.78638960793e-08, 4.58209115095e-09, 2.10141742196e-14]
    },
    "erbbands": {
        "dmean": [0.234036028385, 2.15990185738, 4.20237588882, 10.6204538345, 17.345293045, 10.8056402206, 6.9794511795, 11.2323608398, 19.1869850159, 32.0794906616, 26.7910003662, 37.4496803284, 28.7341537476, 16.2579231262, 19.6242618561, 12.0572023392, 21.4683837891, 17.8829517365, 19.3296546936, 13.5374507904, 9.2951965332, 8.85010051727, 6.50559949875, 5.62921142578, 5.11019992828, 5.39112377167, 3.80978870392, 3.52461361885, 3.33022546768, 2.78186130524, 2.24991750717, 1.7327735424, 1.37098181248, 0.852265238762, 0.412825405598, 0.173921853304, 0.0481236390769, 0.00398777145892, 7.80643895268e-05, 2.5355418984e-05],
        "dmean2": [0.397428870201, 3.56012678146, 7.29740428925, 18.4381694794, 29.4257450104, 18.9142551422, 11.7873888016, 18.6563911438, 31.8854961395, 52.0815200806, 40.4291305542, 57.2334365845, 44.8372917175, 24.2798976898, 28.3121891022, 18.3008403778, 34.5049095154, 27.5710144043, 29.2678279877, 20.9612522125, 14.1418094635, 13.6154737473, 10.263250351, 9.05312728882, 8.21189022064, 8.79716968536, 6.1521396637, 5.76156234741, 5.34187507629, 4.42865943909, 3.44744753838, 2.6831278801, 2.04345607758, 1.24407589436, 0.581505000591, 0.268407434225, 0.0761953219771, 0.00641631614417, 0.000120268057799, 3.94161725126e-05],
        "dvar": [0.294931948185, 29.5952758789, 97.6385879517, 179.571029663, 654.254455566, 390.351104736, 97.901550293, 330.020965576, 1378.88427734, 3670.78564453, 2975.08837891, 6839.09033203, 4688.29589844, 1851.33032227, 1855.84326172, 879.741516113, 1894.31115723, 1431.50695801, 1428.21704102, 565.111999512, 272.487213135, 159.719512939, 93.0457763672, 50.6931610107, 37.0197143555, 49.412021637, 30.992193222, 23.8260498047, 25.6098232269, 14.4475336075, 10.5599355698, 6.94242811203, 5.1750254631, 1.64700424671, 0.404269486666, 0.0860681384802, 0.00614809244871, 4.55386252725e-05, 1.45852085964e-08, 1.08876341276e-09],
        "dvar2": [0.74413394928, 75.208694458, 270.220550537, 464.669250488, 1649.61914062, 1089.02734375, 269.69732666, 831.997192383, 3336.43017578, 9731.4609375, 6889.29589844, 15054.2412109, 10773.4238281, 4338.40722656, 3992.63745117, 1957.22460938, 4590.1953125, 3595.06787109, 3157.31225586, 1159.61254883, 611.69317627, 379.706054688, 231.565383911, 126.686470032, 89.5127944946, 124.382949829, 79.7933883667, 61.3091163635, 67.0818939209, 37.0449867249, 25.6249885559, 16.879529953, 12.4269104004, 3.71998786926, 0.762656390667, 0.199680060148, 0.0146666318178, 0.000114008209493, 3.47058843886e-08, 2.68485367272e-09],
        "max": [3.8017475605, 34.5312156677, 79.2960205078, 97.1067733765, 227.482879639, 201.304443359, 108.005233765, 243.315719604, 439.17175293, 668.500366211, 818.364501953, 1384.21057129, 839.704345703, 927.688537598, 702.709533691, 499.140472412, 544.773498535, 466.587921143, 507.155487061, 501.417144775, 246.788452148, 150.410003662, 100.032417297, 84.3119659424, 65.0355529785, 83.5011062622, 92.3404998779, 43.9585990906, 59.5881195068, 56.7422218323, 46.8677978516, 36.4326477051, 44.6232681274, 21.2155475616, 14.0513410568, 4.50269937515, 0.96200209856, 0.067447155714, 0.00125840946566, 0.000240520312218],
        "mean": [0.278684794903, 2.31178236008, 4.91415739059, 13.1525535583, 22.2165565491, 13.5115432739, 10.8963241577, 17.870059967, 26.3342647552, 47.8610420227, 48.9483108521, 67.504486084, 41.8097419739, 25.9489860535, 32.9385757446, 19.7284908295, 32.5078544617, 28.1227397919, 30.0039215088, 23.6168136597, 17.3273944855, 17.248752594, 12.5867977142, 12.0081167221, 11.508351326, 12.0299863815, 8.26650905609, 7.24618339539, 6.81116867065, 5.99690771103, 4.98366355896, 3.84110736847, 2.82890510559, 1.65277194977, 0.827863395214, 0.298182338476, 0.0722874328494, 0.00473819300532, 0.000126063634525, 5.5566579249e-05],
        "median": [0.0988577455282, 0.791668534279, 2.84671330452, 8.61765098572, 12.54662323, 8.16510486603, 7.51988744736, 9.82420349121, 11.7845106125, 20.3962860107, 17.4801101685, 19.9056987762, 14.6881227493, 11.110449791, 12.0089921951, 8.6473941803, 15.1293382645, 10.1081218719, 12.5187616348, 10.8336486816, 10.7109079361, 11.7166566849, 8.95012283325, 9.48374271393, 10.0600481033, 9.514087677, 7.00403594971, 6.02382326126, 5.5964217186, 4.63309907913, 3.60539054871, 2.84166479111, 1.81632459164, 1.02476561069, 0.495103299618, 0.161395192146, 0.0364764891565, 0.00193869625218, 7.54581415094e-05, 4.69290680485e-05],
        "min": [0.000603461754508, 0.0040741446428, 0.00479493290186, 0.00191001791973, 0.00782891083509, 0.0282074641436, 0.33029717207, 0.546125531197, 0.292131096125, 0.165621951222, 0.452125996351, 0.568063616753, 0.22628711164, 0.0386323183775, 0.0318745560944, 0.0375690609217, 0.0182500220835, 0.0268466845155, 0.0490894913673, 0.026620818302, 0.0691584274173, 0.0334583930671, 0.033922161907, 0.0355998054147, 0.0289889927953, 0.0467188619077, 0.0367611572146, 0.0168348047882, 0.0190426930785, 0.0191972646862, 0.00990616623312, 0.0173059683293, 0.00724714528769, 0.000574883946683, 0.000442621094408, 1.54204208229e-05, 2.07059952118e-06, 2.79518587831e-07, 9.87647126749e-07, 2.10113785215e-06],
        "var": [0.273520469666, 26.3849449158, 69.846862793, 188.993621826, 725.785888672, 316.713012695, 124.857963562, 616.623474121, 1896.9095459, 5343.08642578, 7844.05957031, 22347.4140625, 7221.21289062, 2912.98120117, 4140.63867188, 1752.62512207, 2863.06640625, 2752.83618164, 2663.10522461, 1319.04663086, 548.244445801, 356.262786865, 184.55015564, 114.057289124, 91.8826675415, 126.837188721, 56.4571304321, 43.4116210938, 46.2065620422, 35.4369049072, 25.6284599304, 18.4372348785, 12.7231063843, 4.27959871292, 1.3991496563, 0.194948926568, 0.0114139439538, 5.91694333707e-05, 2.43188917892e-08, 1.41456324432e-09]
    },
    "gfcc": {
        "mean": [34.0996856689, 90.3586044312, -101.725120544, 39.0680274963, -68.6223754883, 22.7919273376, -41.7390708923, 13.9435796738, -25.5669803619, 4.13831567764, -19.5366706848, -4.85747909546, -13.7297916412],
        "cov": [[2929.09936523, -838.135131836, -364.359008789, -59.9986457825, 10.7066431046, 79.6493301392, -135.686599731, 292.06552124, 55.551109314, 297.096740723, -135.175521851, 179.463729858, -88.0652313232], [-838.135131836, 639.733337402, 192.945358276, 48.6858444214, 86.1215438843, 2.06129527092, 128.821395874, -81.582611084, 47.1520690918, -124.109771729, 50.6241455078, -112.545425415, 32.1718063354], [-364.359008789, 192.945358276, 408.374603271, 165.055984497, 74.2814178467, 6.06378507614, 57.6612205505, -28.9211502075, -19.1321468353, -34.0536155701, 0.391055971384, -32.6451377869, -13.1264648438], [-59.9986457825, 48.6858444214, 165.055984497, 326.004241943, 51.4119224548, -33.8657798767, -16.3500022888, -14.7062063217, 45.6648368835, -9.06963443756, 11.9653654099, -33.3189277649, 49.1744384766], [10.7066431046, 86.1215438843, 74.2814178467, 51.4119224548, 157.284423828, 69.8624725342, 36.3888092041, 9.06996440887, 18.7553653717, 4.14334774017, -4.22568750381, -6.59701013565, -1.79061961174], [79.6493301392, 2.06129527092, 6.06378507614, -33.8657798767, 69.8624725342, 185.198608398, 83.4018630981, 0.101506732404, -46.5616760254, -1.45872175694, 33.9098854065, 16.6155815125, -17.2356987], [-135.686599731, 128.821395874, 57.6612205505, -16.3500022888, 36.3888092041, 83.4018630981, 161.867599487, 24.6009311676, -8.75603103638, -18.4518299103, 34.8813171387, 9.51795864105, -3.7859313488], [292.06552124, -81.582611084, -28.9211502075, -14.7062063217, 9.06996440887, 0.101506732404, 24.6009311676, 137.368331909, 72.6421813965, 55.9481658936, -22.178024292, 25.2895774841, 8.78122138977], [55.551109314, 47.1520690918, -19.1321468353, 45.6648368835, 18.7553653717, -46.5616760254, -8.75603103638, 72.6421813965, 135.434906006, 38.5807685852, -18.2819824219, -25.149394989, 33.4589004517], [297.096740723, -124.109771729, -34.0536155701, -9.06963443756, 4.14334774017, -1.45872175694, -18.4518299103, 55.9481658936, 38.5807685852, 104.917350769, 13.1453447342, 42.6789054871, -6.84840154648], [-135.175521851, 50.6241455078, 0.391055971384, 11.9653654099, -4.22568750381, 33.9098854065, 34.8813171387, -22.178024292, -18.2819824219, 13.1453447342, 114.084403992, 51.3582382202, 18.2651100159], [179.463729858, -112.545425415, -32.6451377869, -33.3189277649, -6.59701013565, 16.6155815125, 9.51795864105, 25.2895774841, -25.149394989, 42.6789054871, 51.3582382202, 114.302947998, 11.1152067184], [-88.0652313232, 32.1718063354, -13.1264648438, 49.1744384766, -1.79061961174, -17.2356987, -3.7859313488, 8.78122138977, 33.4589004517, -6.84840154648, 18.2651100159, 11.1152067184, 75.5226516724]],
        "icov": [[0.000951515685301, -6.15177268628e-05, 0.000876671576407, -0.000929056142922, 0.000157637827215, -0.000906609522644, 0.000658489356283, -0.00132228282746, 0.000598244601861, -0.00155041564722, 0.00177257182077, -0.00140371115413, 0.00124890101142], [-6.15177268628e-05, 0.00680594798177, -0.00239074486308, 0.00298252119683, -0.00358963338658, 0.00304460222833, -0.0043601100333, 0.0036702323705, -0.00526254158467, 0.0054604979232, -0.00608218088746, 0.00560576887801, -0.00189153989777], [0.000876671576407, -0.00239074486308, 0.00562157295644, -0.00399982137606, -0.000130171552883, -0.000487697485369, 0.000157250527991, -0.00241865986027, 0.00383451348171, -0.00307033117861, 0.00379517069086, -0.00274196499959, 0.00330532994121], [-0.000929056142922, 0.00298252119683, -0.00399982137606, 0.00741485273466, -0.00282973353751, 0.00266017206013, -0.00123894901481, 0.00311500323005, -0.00355547643267, 0.00327590457164, -0.00557968812063, 0.00529720308259, -0.00531927030534], [0.000157637827215, -0.00358963338658, -0.000130171552883, -0.00282973353751, 0.0121057825163, -0.00698232930154, 0.00230486225337, -0.000204222727916, -0.00152136676479, -0.00298522086814, 0.00595102831721, -0.00517441006377, 0.00209126528352], [-0.000906609522644, 0.00304460222833, -0.000487697485369, 0.00266017206013, -0.00698232930154, 0.0131684551015, -0.0066445376724, 0.000953693757765, 0.00312672951259, 0.00201370287687, -0.0068782530725, 0.00632740324363, -0.00224562454969], [0.000658489356283, -0.0043601100333, 0.000157250527991, -0.00123894901481, 0.00230486225337, -0.0066445376724, 0.0143200634047, -0.00747970305383, 0.00266429712065, 4.13236557506e-05, 0.000939414021559, -0.00420542713255, 0.00280015636235], [-0.00132228282746, 0.0036702323705, -0.00241865986027, 0.00311500323005, -0.000204222727916, 0.000953693757765, -0.00747970305383, 0.0210031159222, -0.0130606330931, 0.000205408185138, 0.00161296490114, -0.00170005369, -0.00249321642332], [0.000598244601861, -0.00526254158467, 0.00383451348171, -0.00355547643267, -0.00152136676479, 0.00312672951259, 0.00266429712065, -0.0130606330931, 0.0251063276082, -0.0114542450756, 0.00300015090033, 0.00503912568092, -0.00537822581828], [-0.00155041564722, 0.0054604979232, -0.00307033117861, 0.00327590457164, -0.00298522086814, 0.00201370287687, 4.13236557506e-05, 0.000205408185138, -0.0114542450756, 0.0256077572703, -0.0104733128101, -0.000345891661709, 0.00354687334038], [0.00177257182077, -0.00608218088746, 0.00379517069086, -0.00557968812063, 0.00595102831721, -0.0068782530725, 0.000939414021559, 0.00161296490114, 0.00300015090033, -0.0104733128101, 0.0246765259653, -0.0150542594492, 0.00135024054907], [-0.00140371115413, 0.00560576887801, -0.00274196499959, 0.00529720308259, -0.00517441006377, 0.00632740324363, -0.00420542713255, -0.00170005369, 0.00503912568092, -0.000345891661709, -0.0150542594492, 0.0256218183786, -0.00903626531363], [0.00124890101142, -0.00189153989777, 0.00330532994121, -0.00531927030534, 0.00209126528352, -0.00224562454969, 0.00280015636235, -0.00249321642332, -0.00537822581828, 0.00354687334038, 0.00135024054907, -0.00903626531363, 0.0232162196189]]
    },
    "melbands": {
        "dmean": [0.00235830899328, 0.00245245732367, 0.0020760174375, 0.00100202590693, 0.000269386859145, 0.000250845972914, 0.000296614452964, 0.000359520112397, 0.000228267075727, 0.000220279383939, 0.000140738804475, 6.78309079376e-05, 7.05946004018e-05, 3.4043652704e-05, 4.44592151325e-05, 4.15563990828e-05, 3.5892939195e-05, 3.2368247048e-05, 2.2678548703e-05, 1.90201408259e-05, 1.08983140308e-05, 1.07019941424e-05, 7.79177753429e-06, 5.49599053556e-06, 4.91029049954e-06, 4.26677070209e-06, 3.95400775233e-06, 3.67915822608e-06, 2.50616244557e-06, 2.4628175197e-06, 2.22772746383e-06, 2.0430532004e-06, 1.84829650607e-06, 1.61065918292e-06, 1.4212108681e-06, 1.2649600194e-06, 1.09998256903e-06, 1.06513323317e-06, 9.16808573947e-07, 7.17197735867e-07],
        "dmean2": [0.0039263847284, 0.00408942531794, 0.00352054042742, 0.00170376279857, 0.000454281718703, 0.000417340866989, 0.000495571759529, 0.00057584035676, 0.000344687898178, 0.000339315360179, 0.000220749701839, 0.000104136583104, 0.000101372221252, 5.09273959324e-05, 7.10184467607e-05, 6.68466964271e-05, 5.63020294067e-05, 4.90975726279e-05, 3.53618379449e-05, 3.01084746752e-05, 1.64649991348e-05, 1.68230144482e-05, 1.25151418615e-05, 8.91340550879e-06, 8.03341936262e-06, 6.94003529134e-06, 6.32314277027e-06, 6.06184812568e-06, 4.09516587752e-06, 4.04261345466e-06, 3.70516295334e-06, 3.36602442985e-06, 2.97394558402e-06, 2.62399476014e-06, 2.23687743528e-06, 2.00500994652e-06, 1.75117713752e-06, 1.64736684383e-06, 1.3599783415e-06, 1.06729885374e-06],
        "dvar": [3.25407563651e-05, 3.42822677339e-05, 6.85308532411e-06, 2.66856341113e-06, 1.58885626433e-07, 1.64396155355e-07, 3.38843051395e-07, 4.87272870942e-07, 2.04074950716e-07, 2.25824010158e-07, 1.19687086908e-07, 3.61621417255e-08, 2.42201334544e-08, 4.77959893885e-09, 1.00639505618e-08, 8.08123523655e-09, 6.82859591095e-09, 4.28867119595e-09, 1.74303993461e-09, 1.75330916452e-09, 2.94692020786e-10, 2.4647833774e-10, 1.38773825764e-10, 6.24219564926e-11, 4.09537161128e-11, 2.627655038e-11, 2.26532247821e-11, 2.26675882925e-11, 1.25672684065e-11, 1.22525132401e-11, 9.45318736484e-12, 9.88984154987e-12, 8.12569629638e-12, 4.71927358303e-12, 4.26250007513e-12, 3.77021200718e-12, 2.87477138448e-12, 3.15423533646e-12, 2.17286518639e-12, 1.17511306675e-12],
        "dvar2": [8.10720885056e-05, 9.13872281672e-05, 1.72246018337e-05, 7.16179056326e-06, 4.43668085381e-07, 4.06593272828e-07, 8.2413509972e-07, 1.28741714889e-06, 4.73589977901e-07, 4.97892699514e-07, 2.75384650195e-07, 8.53766195519e-08, 5.11411109017e-08, 1.06058637428e-08, 2.31125465433e-08, 1.9571080756e-08, 1.70927059173e-08, 9.70044844451e-09, 3.75354236581e-09, 4.09884837183e-09, 6.90661250413e-10, 6.09497896598e-10, 3.40394296083e-10, 1.5914168594e-10, 1.05384811988e-10, 6.45964115531e-11, 5.51828027717e-11, 5.80944251038e-11, 3.25671815904e-11, 3.2405533118e-11, 2.46599875936e-11, 2.59650564938e-11, 2.07853751572e-11, 1.24948254868e-11, 1.06400088393e-11, 9.55649101519e-12, 7.18457021306e-12, 7.88344649977e-12, 5.07158768107e-12, 2.70990977054e-12],
        "max": [0.0388726964593, 0.0444379970431, 0.0178006775677, 0.0136635359377, 0.00355402450077, 0.00522613059729, 0.00676663592458, 0.00824370514601, 0.00690265512094, 0.00747185572982, 0.00416478468105, 0.00405809795484, 0.0024546792265, 0.00110388128087, 0.00152458343655, 0.00155972375069, 0.000991514534689, 0.000833291327581, 0.000519857625477, 0.000721297750715, 0.00024924200261, 0.000184572854778, 0.000127880921355, 8.48776617204e-05, 7.84697549534e-05, 4.72292776976e-05, 5.49132819287e-05, 5.40961555089e-05, 5.61673004995e-05, 4.23466299253e-05, 2.87941365968e-05, 4.11997243646e-05, 4.44825345767e-05, 3.20602302963e-05, 3.12541997118e-05, 2.88562641799e-05, 2.69685224339e-05, 3.43447572959e-05, 2.47106891038e-05, 1.56862533913e-05],
        "mean": [0.00272591714747, 0.00283292378299, 0.00270072720014, 0.00129936635494, 0.00042187521467, 0.000399875338189, 0.000402239151299, 0.000535315426532, 0.000423148158006, 0.000383848702768, 0.000195912347408, 0.000101466248452, 0.000112624184112, 5.41759836779e-05, 6.54115574434e-05, 5.95531237195e-05, 5.28823038621e-05, 4.73096624773e-05, 3.58372162736e-05, 2.91509386443e-05, 1.86881043192e-05, 1.90373448277e-05, 1.35494292408e-05, 1.00670340544e-05, 9.64193623076e-06, 8.50965534482e-06, 8.23662230687e-06, 7.80203754402e-06, 5.10403970111e-06, 4.68905182061e-06, 4.1261282604e-06, 3.88184889744e-06, 3.62697528544e-06, 3.23111930811e-06, 2.87215061689e-06, 2.64785103354e-06, 2.24245900426e-06, 2.00728186428e-06, 1.78766379122e-06, 1.24993778172e-06],
        "median": [0.00101644254755, 0.0014921084512, 0.00187069375534, 0.000795457686763, 0.00029405055102, 0.000220026864554, 0.000180251910933, 0.000203694668016, 0.000131473236252, 0.000109712724225, 6.00810490141e-05, 4.2266685341e-05, 3.93556947529e-05, 1.99648602575e-05, 3.08744456561e-05, 2.58685649897e-05, 1.55502511916e-05, 1.91667731997e-05, 1.48667531903e-05, 1.2277316273e-05, 1.13846863314e-05, 1.22800529425e-05, 8.57906525198e-06, 7.26397001927e-06, 7.31344971427e-06, 6.8546842158e-06, 6.67986751068e-06, 6.07578022027e-06, 4.08390633311e-06, 3.84617578675e-06, 3.28690362039e-06, 3.08309245156e-06, 2.79127857539e-06, 2.35942457039e-06, 2.05597211789e-06, 1.90064133676e-06, 1.63506535955e-06, 1.24411189972e-06, 1.0910017636e-06, 7.38654136967e-07],
        "min": [2.05255560104e-06, 4.45838259111e-06, 2.94789799682e-07, 8.16041847429e-07, 1.18725565699e-05, 8.57596114656e-06, 2.63429001279e-06, 1.3027396335e-06, 3.0845112633e-06, 2.24351379075e-06, 2.13067266941e-07, 1.14283309927e-07, 1.02399503987e-07, 1.03179345956e-07, 6.55365681723e-08, 2.71465800949e-08, 4.96778902459e-08, 4.40566623183e-08, 3.99025523734e-08, 5.45788516604e-08, 3.98869630658e-08, 2.71824216469e-08, 3.9915647676e-08, 3.12685166648e-08, 1.99019716263e-08, 3.11482253323e-08, 2.04735783882e-08, 2.43937527955e-08, 2.29576233579e-08, 1.46591307981e-08, 8.33906366182e-09, 1.05408890505e-08, 8.39297786825e-09, 9.76374092687e-09, 2.71344657854e-09, 7.68129115869e-09, 8.888295433e-09, 2.75231748503e-09, 1.12121811835e-09, 9.75873409859e-11],
