{
"highlevel": {
    "danceability": {
        "all": {
            "danceable": 0.35844451189,
            "not_danceable": 0.64155548811
        },
        "probability": 0.64155548811,
        "value": "not_danceable"
    },
    "gender": {
        "all": {
            "female": 0.456828594208,
            "male": 0.543171405792
        },
        "probability": 0.543171405792,
        "value": "male"
    },
    "genre_dortmund": {
        "all": {
            "alternative": 0.100630782545,
            "blues": 0.201622858644,
            "electronic": 0.0117326984182,
            "folkcountry": 0.204695045948,
            "funksoulrnb": 0.0308681875467,
            "jazz": 0.260977387428,
            "pop": 0.0376157574356,
            "raphiphop": 0.00326455011964,
            "rock": 0.148592740297
        },
        "probability": 0.260977387428,
        "value": "jazz"
    },
    "genre_electronic": {
        "all": {
            "ambient": 0.514423549175,
            "dnb": 0.246417939663,
            "house": 0.158094450831,
            "techno": 0.0176033396274,
            "trance": 0.063460752368
        },
        "probability": 0.514423549175,
        "value": "ambient"
    },
    "genre_rosamerica": {
        "all": {
            "cla": 0.0391110517085,
            "dan": 0.0164386164397,
            "hip": 0.0125042097643,
            "jaz": 0.145590290427,
            "pop": 0.373001039028,
            "rhy": 0.247719690204,
            "roc": 0.140934437513,
            "spe": 0.024700678885
        },
        "probability": 0.373001039028,
        "value": "pop"
    },
    "genre_tzanetakis": {
        "all": {
            "blu": 0.0626613423228,
            "cla": 0.0348169617355,
            "cou": 0.104475811124,
            "dis": 0.0784321576357,
            "hip": 0.15692435205,
            "jaz": 0.313974827528,
            "met": 0.0448166541755,
            "pop": 0.0627359300852,
            "reg": 0.0627360641956,
            "roc": 0.0784258767962
        },
        "probability": 0.313974827528,
        "value": "jaz"
    },
    "ismir04_rhythm": {
        "all": {
            "ChaChaCha": 0.219385012984,
            "Jive": 0.0164360012859,
            "Quickstep": 0.335635840893,
            "Rumba-American": 0.0186905283481,
            "Rumba-International": 0.0745111554861,
            "Rumba-Misc": 0.0153087200597,
            "Samba": 0.0508609190583,
            "Tango": 0.13580223918,
            "VienneseWaltz": 0.116301171482,
            "Waltz": 0.017068432644
        },
        "probability": 0.335635840893,
        "value": "Quickstep"
    },
    "mood_acoustic": {
        "all": {
            "acoustic": 0.566212296486,
            "not_acoustic": 0.433787733316
        },
        "probability": 0.566212296486,
        "value": "acoustic"
    },
    "mood_aggressive": {
        "all": {
            "aggressive": 0.186170011759,
            "not_aggressive": 0.813830018044
        },
        "probability": 0.813830018044,
        "value": "not_aggressive"
    },
    "mood_electronic": {
        "all": {
            "electronic": 0.208654239774,
            "not_electronic": 0.791345775127
        },
        "probability": 0.791345775127,
        "value": "not_electronic"
    },
    "mood_happy": {
        "all": {
            "happy": 0.197582885623,
            "not_happy": 0.802417099476
        },
        "probability": 0.802417099476,
        "value": "not_happy"
    },
    "mood_party": {
        "all": {
            "not_party": 0.827063858509,
            "party": 0.17293612659
        },
        "probability": 0.827063858509,
        "value": "not_party"
    },
    "mood_relaxed": {
        "all": {
            "not_relaxed": 0.402487009764,
            "relaxed": 0.597513020039
        },
        "probability": 0.597513020039,
        "value": "relaxed"
    },
    "mood_sad": {
        "all": {
            "not_sad": 0.203512087464,
            "sad": 0.796487927437
        },
        "probability": 0.796487927437,
        "value": "sad"
    },
    "moods_mirex": {
        "all": {
            "Cluster1": 0.263777822256,
            "Cluster2": 0.20223107934,
            "Cluster3": 0.210111021996,
            "Cluster4": 0.151943519711,
            "Cluster5": 0.171936556697
        },
        "probability": 0.263777822256,
        "value": "Cluster1"
    },
    "timbre": {
        "all": {
            "bright": 0.906038701534,
            "dark": 0.0939612835646
        },
        "probability": 0.906038701534,
        "value": "bright"
    },
    "tonal_atonal": {
        "all": {
            "atonal": 0.0126497326419,
            "tonal": 0.987350285053
        },
        "probability": 0.987350285053,
        "value": "tonal"
    },
    "voice_instrumental": {
        "all": {
            "instrumental": 0.0441132970154,
            "voice": 0.955886721611
        },
        "probability": 0.955886721611,
        "value": "voice"
    }
},
"lowlevel": {
    "average_loudness": 0.97922617197,
    "barkbands_crest": {
        "dmean": 2.77561926842,
        "dmean2": 4.49531936646,
        "dvar": 6.44502162933,
        "dvar2": 16.6426696777,
        "max": 24.444934845,
        "mean": 9.9699382782,
        "median": 9.29502773285,
        "min": 3.7211124897,
        "var": 14.6143884659
    },
    "barkbands_flatness_db": {
        "dmean": 0.0207166019827,
        "dmean2": 0.0326223485172,
        "dvar": 0.000350537506165,
        "dvar2": 0.000835090409964,
        "max": 0.346007406712,
        "mean": 0.164127081633,
        "median": 0.159277886152,
        "min": 0.0804274082184,
        "var": 0.00173345312942
    },
    "barkbands_kurtosis": {
        "dmean": 2.36419224739,
        "dmean2": 3.75269699097,
        "dvar": 13.6032838821,
        "dvar2": 33.5347671509,
        "max": 50.9720458984,
        "mean": 3.69695854187,
        "median": 2.26091814041,
        "min": -1.64489650726,
        "var": 27.1942920685
    },
    "barkbands_skewness": {
        "dmean": 0.501553595066,
        "dmean2": 0.742770552635,
        "dvar": 0.232241511345,
        "dvar2": 0.532187521458,
        "max": 6.48935604095,
        "mean": 1.3443403244,
        "median": 1.35384535789,
        "min": -1.63611209393,
        "var": 1.16645479202
    },
    "barkbands_spread": {
        "dmean": 4.50408554077,
        "dmean2": 7.1130194664,
        "dvar": 25.0980014801,
        "dvar2": 54.889591217,
        "max": 68.0928344727,
        "mean": 17.2474422455,
        "median": 15.4007997513,
        "min": 2.40646624565,
        "var": 86.9192199707
    },
    "dissonance": {
        "dmean": 0.0238303467631,
        "dmean2": 0.0408644862473,
        "dvar": 0.000468875135994,
        "dvar2": 0.00138702150434,
        "max": 0.499755054712,
        "mean": 0.455735206604,
        "median": 0.462539434433,
        "min": 0.317344009876,
        "var": 0.000837589381263
    },
    "dynamic_complexity": 2.32024979591,
    "erbbands_crest": {
        "dmean": 3.19851160049,
        "dmean2": 5.27871656418,
        "dvar": 10.1805438995,
        "dvar2": 24.7308006287,
        "max": 30.2818088531,
        "mean": 10.1890211105,
        "median": 8.7950334549,
        "min": 2.73526787758,
        "var": 26.6071815491
    },
    "erbbands_flatness_db": {
        "dmean": 0.0192934758961,
        "dmean2": 0.0280691254884,
        "dvar": 0.000303110689856,
        "dvar2": 0.000609054230154,
        "max": 0.324442118406,
        "mean": 0.186175882816,
        "median": 0.188275769353,
        "min": 0.0853441208601,
        "var": 0.00197566743009
    },
    "erbbands_kurtosis": {
        "dmean": 1.16109883785,
        "dmean2": 1.85987007618,
        "dvar": 2.32307600975,
        "dvar2": 5.71083641052,
        "max": 20.731584549,
        "mean": 1.16373670101,
        "median": 0.37405705452,
        "min": -1.75461006165,
        "var": 7.1199760437
    },
    "erbbands_skewness": {
        "dmean": 0.381635665894,
        "dmean2": 0.602354586124,
        "dvar": 0.127583667636,
        "dvar2": 0.300963014364,
        "max": 4.10289430618,
        "mean": 0.58416312933,
        "median": 0.592643022537,
        "min": -1.90615665913,
        "var": 0.521779835224
    },
    "erbbands_spread": {
        "dmean": 8.28580570221,
        "dmean2": 12.1218261719,
        "dvar": 87.957611084,
        "dvar2": 174.510848999,
        "max": 130.307220459,
        "mean": 32.6436729431,
        "median": 28.3722953796,
        "min": 4.14332914352,
        "var": 345.285858154
    },
    "hfc": {
        "dmean": 6.49448919296,
        "dmean2": 9.43278980255,
        "dvar": 62.6375274658,
        "dvar2": 132.605026245,
        "max": 90.5206680298,
        "mean": 20.053483963,
        "median": 15.2025346756,
        "min": 0.772169113159,
        "var": 250.389144897
    },
    "melbands_crest": {
        "dmean": 3.12115240097,
        "dmean2": 5.1581363678,
        "dvar": 8.69961738586,
        "dvar2": 22.4427623749,
        "max": 31.2124080658,
        "mean": 12.8062868118,
        "median": 12.1248998642,
        "min": 4.41819000244,
        "var": 19.8946285248
    },
    "melbands_flatness_db": {
        "dmean": 0.0235241968185,
        "dmean2": 0.0352383218706,
        "dvar": 0.000506957643665,
        "dvar2": 0.00114074675366,
        "max": 0.433041423559,
        "mean": 0.20309920609,
        "median": 0.197168290615,
        "min": 0.0770416334271,
        "var": 0.00328719103709
    },
    "melbands_kurtosis": {
        "dmean": 5.37977457047,
        "dmean2": 8.16396808624,
        "dvar": 75.5681228638,
        "dvar2": 177.052261353,
        "max": 147.912872314,
        "mean": 9.8549489975,
        "median": 5.96269512177,
        "min": -1.51518440247,
        "var": 158.207260132
    },
    "melbands_skewness": {
        "dmean": 0.678748607635,
        "dmean2": 0.997596025467,
        "dvar": 0.5133061409,
        "dvar2": 1.12311244011,
        "max": 9.68750572205,
        "mean": 2.09840416908,
        "median": 1.958319664,
        "min": -1.18713986874,
        "var": 2.1552875042
    },
    "melbands_spread": {
        "dmean": 5.64839410782,
        "dmean2": 8.67720508575,
        "dvar": 37.3680305481,
        "dvar2": 84.7080001831,
        "max": 82.0988540649,
        "mean": 20.7519817352,
        "median": 17.4452667236,
        "min": 2.14255475998,
        "var": 183.573974609
    },
    "pitch_salience": {
        "dmean": 0.0732367932796,
        "dmean2": 0.120464816689,
        "dvar": 0.00429382687435,
        "dvar2": 0.0115693304688,
        "max": 0.837842285633,
        "mean": 0.562031209469,
        "median": 0.565531134605,
        "min": 0.234201312065,
        "var": 0.00950868893415
    },
    "silence_rate_20dB": {
        "dmean": 0,
        "dmean2": 0,
        "dvar": 0,
        "dvar2": 0,
        "max": 1,
        "mean": 1,
        "median": 1,
        "min": 1,
        "var": 0
    },
    "silence_rate_30dB": {
        "dmean": 0,
        "dmean2": 0,
        "dvar": 0,
        "dvar2": 0,
        "max": 1,
        "mean": 1,
        "median": 1,
        "min": 1,
        "var": 0
    },
    "silence_rate_60dB": {
        "dmean": 0.00464396271855,
        "dmean2": 0.00929511990398,
        "dvar": 0.00462235696614,
        "dvar2": 0.0107579780743,
        "max": 1,
        "mean": 0.00618716143072,
        "median": 0,
        "min": 0,
        "var": 0.00614883378148
    },
    "spectral_centroid": {
        "dmean": 196.986633301,
        "dmean2": 296.974334717,
        "dvar": 42584.4609375,
        "dvar2": 89912.7265625,
        "max": 2599.68945312,
        "mean": 1069.046875,
        "median": 978.916320801,
        "min": 244.437149048,
        "var": 243445.15625
    },
    "spectral_complexity": {
        "dmean": 3.06656336784,
        "dmean2": 4.64678525925,
        "dvar": 9.25100708008,
        "dvar2": 19.1408843994,
        "max": 40,
        "mean": 18.2219638824,
        "median": 18,
        "min": 4,
        "var": 44.3475189209
    },
    "spectral_decrease": {
        "dmean": 2.3467279231e-09,
        "dmean2": 3.5905287632e-09,
        "dvar": 8.86594018103e-18,
        "dvar2": 2.20477762717e-17,
        "max": -4.64440763626e-10,
        "mean": -6.6110299457e-09,
        "median": -5.79238701448e-09,
        "min": -2.42472477652e-08,
        "var": 1.6429807088e-17
    },
    "spectral_energy": {
        "dmean": 0.00934304669499,
        "dmean2": 0.0142311565578,
        "dvar": 0.000136517643114,
        "dvar2": 0.000336116238032,
        "max": 0.0947938039899,
        "mean": 0.0267704185098,
        "median": 0.0234696175903,
        "min": 0.0018229453126,
        "var": 0.000267133669695
    },
    "spectral_energyband_high": {
        "dmean": 0.000237821383053,
        "dmean2": 0.000347598426742,
        "dvar": 2.04461869657e-07,
        "dvar2": 4.69401470582e-07,
        "max": 0.00610296381637,
        "mean": 0.000534872233402,
        "median": 0.000291019619908,
        "min": 1.62242201895e-06,
        "var": 4.73256022815e-07
    },
    "spectral_energyband_low": {
        "dmean": 0.00220003467984,
        "dmean2": 0.00346341193654,
        "dvar": 1.60646231961e-05,
        "dvar2": 4.10548927903e-05,
        "max": 0.0439282506704,
        "mean": 0.00548983598128,
        "median": 0.00369577715173,
        "min": 1.88491139852e-05,
        "var": 3.05617941194e-05
    },
    "spectral_energyband_middle_high": {
        "dmean": 0.0030209266115,
        "dmean2": 0.0045054401271,
        "dvar": 2.37084113905e-05,
        "dvar2": 5.55293809157e-05,
        "max": 0.0583482384682,
        "mean": 0.00709987757728,
        "median": 0.00338023342192,
        "min": 0.000157641639817,
        "var": 7.63408606872e-05
    },
    "spectral_energyband_middle_low": {
        "dmean": 0.00719866901636,
        "dmean2": 0.0113662714139,
        "dvar": 0.000116946299386,
        "dvar2": 0.00029970362084,
        "max": 0.0895708203316,
        "mean": 0.0147054288536,
        "median": 0.00999818742275,
        "min": 0.000921971630305,
        "var": 0.00017869201838
    },
    "spectral_entropy": {
        "dmean": 0.157111480832,
        "dmean2": 0.238108351827,
        "dvar": 0.0228476189077,
        "dvar2": 0.0464898087084,
        "max": 8.3224363327,
        "mean": 7.39066362381,
        "median": 7.41852998734,
        "min": 6.19536876678,
        "var": 0.130735829473
    },
    "spectral_flux": {
        "dmean": 0.0267714336514,
        "dmean2": 0.0426489859819,
        "dvar": 0.000882952474058,
        "dvar2": 0.00215194863267,
        "max": 0.265192061663,
        "mean": 0.0858533605933,
        "median": 0.0796529576182,
        "min": 0.0104707106948,
        "var": 0.00208485685289
    },
    "spectral_kurtosis": {
        "dmean": 2.07319426537,
        "dmean2": 3.43800449371,
        "dvar": 5.11629772186,
        "dvar2": 14.9101247787,
        "max": 34.0181541443,
        "mean": 4.59751558304,
        "median": 3.61817407608,
        "min": -0.918258666992,
        "var": 12.2323980331
    },
    "spectral_rms": {
        "dmean": 0.000839443237055,
        "dmean2": 0.00124442472588,
        "dvar": 8.53930998801e-07,
        "dvar2": 2.02063029064e-06,
        "max": 0.00961674377322,
        "mean": 0.00487884879112,
        "median": 0.00478510046378,
        "min": 0.00133359781466,
        "var": 2.31437661569e-06
    },
    "spectral_rolloff": {
        "dmean": 324.964263916,
        "dmean2": 536.979919434,
        "dvar": 301502.28125,
        "dvar2": 689958.5625,
        "max": 7019.82421875,
        "mean": 1111.68444824,
        "median": 904.39453125,
        "min": 129.19921875,
        "var": 571758.0625
    },
    "spectral_skewness": {
        "dmean": 0.251427441835,
        "dmean2": 0.401400834322,
        "dvar": 0.0543923042715,
        "dvar2": 0.135174199939,
        "max": 4.25709056854,
        "mean": 1.58933925629,
        "median": 1.5031440258,
        "min": 0.373813897371,
        "var": 0.219847917557
    },
    "spectral_spread": {
        "dmean": 542146.5,
        "dmean2": 727997.5,
        "dvar": 458854563840,
        "dvar2": 734146330624,
        "max": 12189771,
        "mean": 4048264.75,
        "median": 3648246.75,
        "min": 1573218.75,
        "var": 2.05198419558e+12
    },
    "spectral_strongpeak": {
        "dmean": 0.873120069504,
        "dmean2": 1.48552918434,
        "dvar": 1.90707087517,
        "dvar2": 4.97920131683,
        "max": 12.9205932617,
        "mean": 1.44711124897,
        "median": 0.678962469101,
        "min": 0.0601455494761,
        "var": 3.28023076057
    },
    "zerocrossingrate": {
        "dmean": 0.00776261370629,
        "dmean2": 0.00923309195787,
        "dvar": 6.57227938063e-05,
        "dvar2": 9.09985319595e-05,
        "max": 0.1435546875,
        "mean": 0.0497994013131,
        "median": 0.046875,
        "min": 0.00390625,
        "var": 0.000494469190016
    },
    "barkbands": {
        "dmean": [1.65442961588e-05, 0.00131799641531, 0.000847520015668, 0.00137874332722, 0.00330794183537, 0.00104613648728, 0.000765073753428, 0.00127697805874, 0.00172756554093, 0.00115626864135, 0.000943857827224, 0.000561079883482, 0.000582389999181, 0.000366331049008, 0.000457918766188, 0.000367801083485, 0.000238880151301, 0.000206941767829, 0.000104594051663, 8.38420892251e-05, 6.48172863293e-05, 5.353429151e-05, 5.18118868058e-05, 5.45291659364e-05, 2.33710634348e-05, 2.30854152505e-06, 3.86325016422e-09],
        "dmean2": [2.91073229164e-05, 0.00209438684396, 0.00136477081105, 0.00230540102348, 0.0052402750589, 0.00168866012245, 0.00123064394575, 0.00203618872911, 0.00276374351233, 0.00188197428361, 0.00144035101403, 0.000885088928044, 0.000934851064812, 0.000564643705729, 0.000744103337638, 0.000579786719754, 0.000372642331058, 0.000318011152558, 0.000163416523719, 0.000128356128698, 0.000100909819594, 8.44599926495e-05, 7.86438977229e-05, 8.12121725176e-05, 3.43642022926e-05, 3.35921117767e-06, 4.72988670452e-09],
        "dvar": [7.13386461015e-10, 6.16440820522e-06, 2.78547554444e-06, 1.01473879113e-05, 4.35512083641e-05, 2.4957810183e-06, 5.93203230892e-06, 1.51391050167e-05, 2.05086780625e-05, 1.13302066893e-05, 5.97002326685e-06, 2.69030329036e-06, 4.21155209551e-06, 9.21647654195e-07, 1.48204321704e-06, 1.35763878006e-06, 7.1006888902e-07, 1.76950450737e-07, 3.86410583531e-08, 1.81496222496e-08, 2.50413734193e-08, 1.22399557156e-08, 1.40514595515e-08, 1.65918763173e-08, 3.57269125395e-09, 3.64707951339e-11, 8.07560873099e-15],
        "dvar2": [1.95811877823e-09, 1.49403695104e-05, 7.72661678639e-06, 2.86084396066e-05, 0.000108570544398, 6.59489569443e-06, 1.58239217853e-05, 3.2383180951e-05, 5.34456594323e-05, 3.0605289794e-05, 1.17847484944e-05, 5.92732976656e-06, 1.08586782517e-05, 2.1744147034e-06, 3.39381222147e-06, 3.32980471285e-06, 1.80884364909e-06, 3.89028002701e-07, 9.60380432957e-08, 3.934226811e-08, 6.33729797528e-08, 2.97513729208e-08, 3.43535404568e-08, 3.88034848697e-08, 7.88055221079e-09, 6.91855323032e-11, 8.0675339659e-15],
        "max": [0.000303717708448, 0.0276757180691, 0.0216345191002, 0.0307838376611, 0.0672258734703, 0.0181597452611, 0.0446389056742, 0.0597381219268, 0.0597073584795, 0.0372068881989, 0.0502079278231, 0.039310157299, 0.0363962091506, 0.015712602064, 0.0182076878846, 0.0207222681493, 0.024232879281, 0.0066436054185, 0.00288685900159, 0.00204681162722, 0.00391926756129, 0.00153785594739, 0.00220333505422, 0.00185619841795, 0.00117373710964, 9.05830966076e-05, 3.20469825965e-06],
        "mean": [1.874992995e-05, 0.00282158097252, 0.00187775760423, 0.00190938927699, 0.0049158828333, 0.00193228502758, 0.00110024039168, 0.00163027760573, 0.00264955847524, 0.00145468814299, 0.00141938135494, 0.000804574461654, 0.000954406103119, 0.000495976535603, 0.000636710610706, 0.00057722494239, 0.000407887710026, 0.000346360669937, 0.00020362608484, 0.000173965934664, 0.000127129038447, 0.000102762904135, 8.96193014341e-05, 8.33160593174e-05, 3.4180640796e-05, 2.9375264603e-06, 3.69790442711e-09],
        "median": [8.32955811347e-06, 0.00128544983454, 0.00109334592707, 0.000692855857778, 0.00260136695579, 0.00126767065376, 0.000525823328644, 0.000493578496389, 0.000784470059443, 0.000320960505633, 0.000342453829944, 0.000277976156212, 0.000192862135009, 0.000136952454341, 0.000168557904544, 0.000105348226498, 9.81960911304e-05, 0.000113400506962, 8.81386149558e-05, 8.76406920725e-05, 5.7824603573e-05, 5.3795385611e-05, 3.76986863557e-05, 2.71273947874e-05, 7.97238772066e-06, 4.54699488728e-07, 3.71904701479e-10],
        "min": [7.18616703921e-08, 7.7428712757e-06, 1.6422166027e-06, 6.65424067847e-06, 6.45664695185e-05, 5.63412140764e-06, 1.51886661115e-05, 8.73174849403e-06, 1.66950394487e-05, 1.10448845589e-05, 7.32866692488e-06, 2.3157169835e-06, 7.51643847252e-06, 2.11886003854e-06, 3.53782593265e-06, 1.11255815227e-06, 1.91030585484e-06, 1.16218291168e-06, 7.40061864235e-07, 1.13080011488e-06, 4.21785642857e-07, 1.54063130253e-07, 1.47107854787e-07, 5.03930976947e-08, 2.43454579413e-11, 3.14925585609e-11, 3.79952978802e-11],
        "var": [7.73209940519e-10, 1.29877626023e-05, 4.76537888972e-06, 1.10965311251e-05, 4.99867965118e-05, 4.35022911915e-06, 6.63308037474e-06, 2.02721421374e-05, 4.04539823649e-05, 1.44306568473e-05, 1.14670638141e-05, 5.93927506998e-06, 9.32503735385e-06, 1.43706085964e-06, 2.23392271437e-06, 2.57799297287e-06, 1.92238235286e-06, 3.73407999632e-07, 9.20835816487e-08, 5.52141266041e-08, 4.54747279832e-08, 2.04939851756e-08, 2.03190300141e-08, 2.30570869064e-08, 4.98974728202e-09, 5.91838106301e-11, 8.08337094092e-15]
    },
    "erbbands": {
        "dmean": [0.0180918741971, 0.358799993992, 0.979119539261, 2.56011104584, 11.6077156067, 9.16544914246, 8.79502487183, 9.1233587265, 8.62913894653, 17.926202774, 29.9039764404, 38.6907920837, 34.9429397583, 37.7939071655, 30.2868709564, 18.9067630768, 26.6105957031, 20.2841835022, 20.3857650757, 19.9762535095, 16.7956829071, 10.172870636, 11.3788766861, 6.4610953331, 4.79425191879, 3.82949018478, 2.92443323135, 2.41875720024, 1.99331188202, 1.74063253403, 1.47204995155, 1.26170909405, 0.821999847889, 0.378057956696, 0.105980709195, 0.0217855349183, 0.00227181822993, 0.000104785125586, 8.01472288003e-06, 1.09503180283e-05],
        "dmean2": [0.0289279930294, 0.569526791573, 1.5536198616, 4.25257301331, 18.9406337738, 15.1588764191, 14.0008277893, 14.7131252289, 14.1045198441, 28.4796905518, 48.556224823, 60.5498886108, 56.2964935303, 58.3129463196, 47.5099105835, 30.2050380707, 42.3622055054, 31.5043411255, 32.3054122925, 31.2540569305, 26.6645278931, 15.8886566162, 17.3371620178, 9.97269821167, 7.31296348572, 5.66403532028, 4.57415723801, 3.83339858055, 3.1288421154, 2.65544223785, 2.23027896881, 1.94370317459, 1.22478747368, 0.566969871521, 0.150646001101, 0.0300793256611, 0.00325784832239, 0.000158952694619, 1.13362311822e-05, 1.64159082487e-05],
        "dvar": [0.00100556015968, 0.468258261681, 3.49798822403, 25.663351059, 876.892333984, 265.848297119, 215.620620728, 199.514511108, 569.407348633, 3709.47094727, 8826.41503906, 10569.4609375, 11290.8232422, 9381.53613281, 7436.92480469, 2474.3996582, 9962.73144531, 2546.02587891, 2482.33666992, 3360.26318359, 2355.11547852, 699.578186035, 611.034606934, 145.353897095, 70.9637832642, 40.9367790222, 36.1011962891, 39.5895576477, 15.5689172745, 13.806977272, 11.9185914993, 10.265958786, 3.78538036346, 1.01414549351, 0.067553319037, 0.00315223168582, 3.8044021494e-05, 1.15303336656e-07, 3.09513997765e-10, 1.7990411938e-10],
        "dvar2": [0.00242585409433, 1.13889455795, 9.31010246277, 71.7966003418, 2207.65600586, 720.229980469, 574.12298584, 515.996154785, 1593.39196777, 9300.5859375, 19637.1875, 26206.2617188, 31381.9960938, 21728.5351562, 16450.3261719, 6309.92041016, 25312.4785156, 6082.79101562, 5909.96923828, 7230.23535156, 5988.73632812, 1833.984375, 1368.65771484, 339.36895752, 166.25642395, 85.6382141113, 87.7965927124, 102.931022644, 38.2746734619, 33.0785140991, 28.7668933868, 25.8964195251, 8.44174575806, 2.32727980614, 0.138209059834, 0.00582303479314, 7.97849497758e-05, 2.65312110059e-07, 4.54710324949e-10, 4.31420510427e-10],
        "max": [0.523440480232, 7.17067098618, 21.3399925232, 45.6092758179, 284.86605835, 161.780914307, 199.982513428, 167.898452759, 476.037994385, 1282.57165527, 1545.27319336, 1679.36462402, 1481.74975586, 1708.80456543, 2011.1315918, 829.476989746, 1938.82910156, 889.904846191, 602.31817627, 1240.49816895, 880.376831055, 591.004455566, 453.038574219, 149.191192627, 124.359046936, 103.821846008, 130.336288452, 143.096862793, 60.7971038818, 54.3692893982, 63.8867530823, 47.5919952393, 34.0538368225, 21.5403442383, 3.95372653008, 0.758147716522, 0.106656946242, 0.00551149761304, 0.000483591546072, 0.000113198133477],
        "mean": [0.0459076240659, 0.757883667946, 2.23306822777, 4.37195396423, 13.9399728775, 14.7404699326, 15.3272228241, 16.6045074463, 14.2506475449, 24.294008255, 41.9899673462, 62.2696304321, 49.6948318481, 54.1506652832, 51.2235832214, 29.6120967865, 44.3952560425, 30.9433460236, 31.209236145, 33.7214736938, 31.2830181122, 18.6831245422, 19.9164485931, 12.9033937454, 9.4204044342, 7.98724746704, 6.17697620392, 4.43816900253, 3.80961108208, 3.14197349548, 2.44104957581, 1.94251537323, 1.18995654583, 0.54286813736, 0.156997859478, 0.0297182034701, 0.00281881727278, 0.00012506780331, 2.1206897145e-05, 3.27482921421e-05],
        "median": [0.0194504335523, 0.346649646759, 1.28196012974, 2.31475186348, 4.50144815445, 8.57308006287, 8.70656490326, 10.9276351929, 8.17011451721, 9.08205318451, 12.2393922806, 20.9391117096, 14.6126050949, 15.3476905823, 13.4450683594, 12.2270469666, 10.5134086609, 9.59604263306, 10.0928859711, 7.22341585159, 6.48656702042, 5.82538509369, 6.42962837219, 5.68524551392, 4.60138940811, 3.91356658936, 3.04420948029, 2.13614797592, 2.01875972748, 1.53130209446, 1.00510203838, 0.724648177624, 0.329768627882, 0.124730013311, 0.0351810716093, 0.00525464490056, 0.000414975802414, 2.56071489275e-05, 1.65292840393e-05, 2.90697262244e-05],
        "min": [0.00026856828481, 0.00120451755356, 0.0039310278371, 0.0239004101604, 0.0297253727913, 0.157920628786, 0.215155243874, 0.248284190893, 0.321933835745, 0.37042337656, 0.625071465969, 0.505108296871, 0.629692614079, 0.648370802402, 0.517650485039, 0.272573471069, 0.481108516455, 0.416056007147, 0.339728146791, 0.216605082154, 0.105109475553, 0.118125393987, 0.0789267718792, 0.0423333868384, 0.0454048626125, 0.051270455122, 0.0218196623027, 0.0146240387112, 0.00516860419884, 0.0049445158802, 0.00421882094815, 0.00121721148025, 0.000668853113893, 5.21695110365e-05, 5.51750008526e-06, 3.28070268552e-06, 1.19660990094e-06, 1.81630127827e-07, 8.92466118785e-07, 2.04781827051e-06],
        "var": [0.00417479639873, 0.935543835163, 7.12017440796, 35.0963134766, 857.383483887, 313.270843506, 357.159729004, 333.775177002, 550.129760742, 4877.57177734, 12782.0761719, 23643.9003906, 15105.0673828, 16089.1367188, 16180.9931641, 4270.35302734, 20902.421875, 4655.05175781, 3682.48364258, 8409.89746094, 6700.21582031, 1845.72521973, 1356.34484863, 363.89944458, 168.154922485, 135.268783569, 85.9581604004, 56.5734367371, 26.8042697906, 21.9044818878, 16.4437046051, 12.4522686005, 5.32069015503, 1.29731702805, 0.109654262662, 0.00546211004257, 5.46988085262e-05, 1.26821319668e-07, 4.85332218858e-10, 3.94152321892e-10]
    },
    "gfcc": {
        "mean": [-9.48565483093, 126.9532547, -136.989059448, 39.0780258179, -73.1889877319, 18.6838588715, -36.9659194946, 1.00699055195, -19.0924739838, -11.226480484, -8.56454944611, -12.4125614166, -0.521628558636],
        "cov": [[2681.62084961, -1351.88781738, -216.993713379, 204.420394897, -199.941436768, 210.101150513, -313.044067383, 230.453796387, -294.921081543, 47.2703933716, -244.414108276, 98.8343887329, -159.160446167], [-1351.88781738, 1160.23669434, -50.2320556641, -116.13822937, 279.041870117, -235.979736328, 314.369445801, -163.854125977, 261.471069336, -80.087852478, 198.118591309, -86.0953979492, 102.678405762], [-216.993713379, -50.2320556641, 700.232849121, 95.1891174316, -111.991981506, 169.328384399, -114.406440735, 59.0996398926, -43.6267662048, 64.9867172241, -22.7447719574, 27.8804187775, 10.1928682327], [204.420394897, -116.13822937, 95.1891174316, 231.342468262, 17.1410980225, 39.5083351135, -78.9646072388, 27.3149795532, 11.6443109512, -9.50576114655, -7.24461078644, 18.6070327759, 35.3323974609], [-199.941436768, 279.041870117, -111.991981506, 17.1410980225, 232.186843872, -54.4416122437, 87.8599624634, -17.0682315826, 78.3848648071, -19.6806316376, 37.5914993286, 1.01955533028, 31.087179184], [210.101150513, -235.979736328, 169.328384399, 39.5083351135, -54.4416122437, 251.22946167, 4.55641746521, 25.3272361755, -86.2300567627, 55.185131073, -3.00002002716, 15.1435546875, -8.4625120163], [-313.044067383, 314.369445801, -114.406440735, -78.9646072388, 87.8599624634, 4.55641746521, 267.982116699, -48.9076423645, 37.1715011597, -8.15866088867, 83.417137146, -27.4370250702, 0.149002850056], [230.453796387, -163.854125977, 59.0996398926, 27.3149795532, -17.0682315826, 25.3272361755, -48.9076423645, 150.225921631, 19.5548019409, 24.7484016418, -37.1423072815, 22.2286148071, -10.3134183884], [-294.921081543, 261.471069336, -43.6267662048, 11.6443109512, 78.3848648071, -86.2300567627, 37.1715011597, 19.5548019409, 180.43069458, -2.41306233406, 35.9080047607, -16.5791130066, 35.2664718628], [47.2703933716, -80.087852478, 64.9867172241, -9.50576114655, -19.6806316376, 55.185131073, -8.15866088867, 24.7484016418, -2.41306233406, 93.4524688721, 13.2132005692, 12.9419355392, -17.1392593384], [-244.414108276, 198.118591309, -22.7447719574, -7.24461078644, 37.5914993286, -3.00002002716, 83.417137146, -37.1423072815, 35.9080047607, 13.2132005692, 117.666809082, 1.75277340412, 21.601524353], [98.8343887329, -86.0953979492, 27.8804187775, 18.6070327759, 1.01955533028, 15.1435546875, -27.4370250702, 22.2286148071, -16.5791130066, 12.9419355392, 1.75277340412, 70.968132019, 14.0509691238], [-159.160446167, 102.678405762, 10.1928682327, 35.3323974609, 31.087179184, -8.4625120163, 0.149002850056, -10.3134183884, 35.2664718628, -17.1392593384, 21.601524353, 14.0509691238, 81.2266311646]],
        "icov": [[0.00123198027723, 0.000695533875842, 0.000822481117211, -0.00102510442957, -4.45976402261e-05, -0.00034800710273, 0.000169271123013, -0.00092686235439, 0.000746353587601, 2.17969372898e-05, 0.000604797969572, -0.000610567338299, 0.0013656365918], [0.000695533875842, 0.0134304752573, -0.0061447811313, 0.00529924174771, -0.00827144738287, 0.0082515059039, -0.00728004099801, 0.00642415927723, -0.00780986994505, 0.00567862717435, -0.00912904273719, 0.00858490727842, -0.00676240073517], [0.000822481117211, -0.0061447811313, 0.00590639049187, -0.00407603709027, 0.00478345761076, -0.00564579851925, 0.00441191997379, -0.00430693244562, 0.00435237167403, -0.00346672395244, 0.00512910354882, -0.00499314581975, 0.00431569851935], [-0.00102510442957, 0.00529924174771, -0.00407603709027, 0.00953603349626, -0.00491129094735, 0.002489405917, -0.00110642309301, 0.00335305696353, -0.00501541048288, 0.00436557410285, -0.0057164337486, 0.00436295149848, -0.00591294420883], [-4.45976402261e-05, -0.00827144738287, 0.00478345761076, -0.00491129094735, 0.0115898074582, -0.00481065548956, 0.00254397583194, -0.00395910721272, 0.00325054489076, -0.00348630873486, 0.00637900969014, -0.00700067961589, 0.0038280270528], [-0.00034800710273, 0.0082515059039, -0.00564579851925, 0.002489405917, -0.00481065548956, 0.0129290549085, -0.00698818219826, 0.00362183409743, -0.00163036724553, -0.000147006343468, -0.00594160566106, 0.00665777828544, -0.00672090239823], [0.000169271123013, -0.00728004099801, 0.00441191997379, -0.00110642309301, 0.00254397583194, -0.00698818219826, 0.0113138826564, -0.00365216983482, 0.00391654670238, -0.00146218982991, 0.00123298715334, -0.00348413968459, 0.0055416491814], [-0.00092686235439, 0.00642415927723, -0.00430693244562, 0.00335305696353, -0.00395910721272, 0.00362183409743, -0.00365216983482, 0.0136214951053, -0.00808951910585, 0.00168983754702, -0.00230591441505, 0.00197256822139, -0.00308534316719], [0.000746353587601, -0.00780986994505, 0.00435237167403, -0.00501541048288, 0.00325054489076, -0.00163036724553, 0.00391654670238, -0.00808951910585, 0.015876300633, -0.00610996549949, 0.00441325735301, -0.00215009041131, 0.00153808214236], [2.17969372898e-05, 0.00567862717435, -0.00346672395244, 0.00436557410285, -0.00348630873486, -0.000147006343468, -0.00146218982991, 0.00168983754702, -0.00610996549949, 0.0181656386703, -0.00765915308148, 0.00126639171503, 0.00124030397274], [0.000604797969572, -0.00912904273719, 0.00512910354882, -0.0057164337486, 0.00637900969014, -0.00594160566106, 0.00123298715334, -0.00230591441505, 0.00441325735301, -0.00765915308148, 0.0209503658116, -0.00886927358806, 0.00364299747162], [-0.000610567338299, 0.00858490727842, -0.00499314581975, 0.00436295149848, -0.00700067961589, 0.00665777828544, -0.00348413968459, 0.00197256822139, -0.00215009041131, 0.00126639171503, -0.00886927358806, 0.0244248490781, -0.0103556886315], [0.0013656365918, -0.00676240073517, 0.00431569851935, -0.00591294420883, 0.0038280270528, -0.00672090239823, 0.0055416491814, -0.00308534316719, 0.00153808214236, 0.00124030397274, 0.00364299747162, -0.0103556886315, 0.0234152376652]]
    },
    "melbands": {
        "dmean": [0.000269370269962, 0.00050150998868, 0.000724737299606, 0.000791998929344, 0.000308269896777, 0.000196432112716, 0.000140020289109, 0.000216817454202, 0.000260265951511, 0.000253209203947, 0.000176494460902, 0.000156479465659, 0.000107423002191, 7.21208634786e-05, 4.40671901742e-05, 6.68779248372e-05, 3.71449859813e-05, 3.30621187459e-05, 3.36114571837e-05, 2.81715911115e-05, 2.0019520889e-05, 1.3068998669e-05, 9.35609023145e-06, 9.66493007581e-06, 5.4307879509e-06, 3.88701437259e-06, 3.34468245455e-06, 2.78557490674e-06, 1.91928825188e-06, 2.03340459848e-06, 1.38093969326e-06, 1.22846677186e-06, 1.07452365228e-06, 1.02504918686e-06, 9.10219853267e-07, 8.14790837467e-07, 8.21300091047e-07, 6.73658973938e-07, 4.12980142528e-07, 3.04974975052e-07],
        "dmean2": [0.000427656254033, 0.00078147451859, 0.00118669774383, 0.00129399634898, 0.000496585853398, 0.000315450131893, 0.000228544609854, 0.00034139471245, 0.000426499638706, 0.000396153336624, 0.000284201698378, 0.000241388450377, 0.000166271798662, 0.000111988054414, 6.9432593591e-05, 0.000108587206341, 5.78939070692e-05, 5.26752883161e-05, 5.34232021892e-05, 4.43769968115e-05, 3.22981941281e-05, 2.05635878956e-05, 1.44937184814e-05, 1.48483823068e-05, 8.59776810103e-06, 6.12394524069e-06, 5.16758746016e-06, 4.23742676503e-06, 3.06026890939e-06, 3.27976363224e-06, 2.25214307648e-06, 1.98344832825e-06, 1.70434680058e-06, 1.58848536103e-06, 1.41261989484e-06, 1.27989426346e-06, 1.2747287883e-06, 1.02205592611e-06, 6.34559626178e-07, 4.62954687919e-07],
        "dvar": [2.43913973463e-07, 9.05388333194e-07, 2.61104901256e-06, 3.02202874991e-06, 2.29789648643e-07, 8.781119476e-08, 1.62447605589e-07, 4.61353380388e-07, 6.52266692214e-07, 4.41950191998e-07, 2.90365278488e-07, 1.69144499296e-07, 7.67424452874e-08, 4.43071144218e-08, 1.23854944079e-08, 6.20826412501e-08, 1.00976604855e-08, 6.85691547986e-09, 8.95814800117e-09, 1.00043537898e-08, 4.64078908635e-09, 1.50100254448e-09, 4.52080428648e-10, 4.35700669987e-10, 1.16630469171e-10, 5.54475944325e-11, 3.38454472781e-11, 2.60080967179e-11, 1.19929812609e-11, 2.58757442556e-11, 1.34854237152e-11, 5.62860999129e-12, 4.71927575144e-12, 4.87760005996e-12, 4.50655701992e-12, 4.42519285104e-12, 4.38876062228e-12, 2.42561851681e-12, 1.43729732976e-12, 5.69689694724e-13],
        "dvar2": [5.88505486121e-07, 2.32545016843e-06, 6.99168003848e-06, 7.72237763158e-06, 5.98078656822e-07, 2.28381409784e-07, 4.41369394366e-07, 1.10872792902e-06, 1.5503449049e-06, 1.06612765194e-06, 8.05382683211e-07, 4.07157301652e-07, 1.6706660233e-07, 9.50018943513e-08, 2.94606596896e-08, 1.64467621744e-07, 2.37500170641e-08, 1.65412963327e-08, 1.93200211385e-08, 2.41290418757e-08, 1.17009388845e-08, 3.97258226315e-09, 1.0536043149e-09, 9.0101237582e-10, 2.8360208626e-10, 1.40126812931e-10, 7.62878232807e-11, 5.6345240973e-11, 2.8096854704e-11, 6.6961616807e-11, 3.51287020306e-11, 1.40773816215e-11, 1.14541709451e-11, 1.20330620468e-11, 1.09436695817e-11, 1.15064520412e-11, 1.11173440245e-11, 5.68869560832e-12, 3.38553425745e-12, 1.29183187585e-12],
        "max": [0.00662303669378, 0.0106803067029, 0.014177961275, 0.017021028325, 0.00613259524107, 0.00336911389604, 0.00764436181635, 0.0134275658056, 0.0107255578041, 0.0115428715944, 0.00725011155009, 0.00627283100039, 0.00499554909766, 0.00505824014544, 0.00164418446366, 0.00416282191873, 0.00186551536899, 0.00101263087709, 0.00180522818118, 0.00212865043432, 0.00156047381461, 0.000974452064838, 0.000341756269336, 0.000400768651161, 0.000138880961458, 0.000105819068267, 8.45329777803e-05, 8.84167602635e-05, 5.46179435332e-05, 0.000116794311907, 7.58155656513e-05, 3.46665328834e-05, 2.38090833591e-05, 3.41950835718e-05, 3.82706239179e-05, 3.44093314197e-05, 3.31820774591e-05, 2.50014782068e-05, 2.65050039161e-05, 1.49917987073e-05],
        "mean": [0.000616055098362, 0.00115257222205, 0.00105428905226, 0.00108022044878, 0.000560315675102, 0.000361939833965, 0.000223460621783, 0.000286115187919, 0.000358153803973, 0.000396491290303, 0.000237475207541, 0.000210783211514, 0.000177058071131, 0.000104901882878, 6.7906883487e-05, 0.00010470856796, 5.07950098836e-05, 4.72647188872e-05, 4.71386665595e-05, 4.57258902316e-05, 3.65335399692e-05, 2.19816320168e-05, 1.56139631144e-05, 1.63331515068e-05, 9.97863480734e-06, 6.94444315741e-06, 6.18893818682e-06, 5.21484662386e-06, 3.81991867471e-06, 3.51877542926e-06, 2.29225588555e-06, 2.21688310376e-06, 1.83108159035e-06, 1.72790350916e-06, 1.43871659475e-06, 1.21471850889e-06, 1.20161689665e-06, 9.44218015775e-07, 5.51153448214e-07, 4.34745174971e-07],
        "median": [0.000293646589853, 0.000688814092427, 0.000498792971484, 0.000504796160385, 0.000358305405825, 0.000244395487243, 0.000126668732264, 0.000102420541225, 9.11777096917e-05, 0.000129639738589, 6.07740948908e-05, 5.46298688278e-05, 4.53479115095e-05, 3.45426560671e-05, 2.32003512792e-05, 1.89711008716e-05, 1.40667643791e-05, 1.38930508911e-05, 1.21139673865e-05, 7.09305459168e-06, 6.66678897687e-06, 5.77348419029e-06, 4.40294888904e-06, 5.42223506272e-06, 3.81308268516e-06, 3.02567264043e-06, 3.05982257487e-06, 2.21805180445e-06, 1.78005336693e-06, 1.39368671626e-06, 1.06785785192e-06, 1.14264469175e-06, 8.95853872862e-07, 7.72819589656e-07, 5.9751016579e-07, 4.4880712835e-07, 4.10012319207e-07, 2.61473644514e-07, 1.26902023112e-07, 9.78671934604e-08],
        "min": [2.2733345304e-06, 1.49838615471e-06, 5.53491281607e-06, 1.00245706562e-05, 8.17435920908e-06, 2.84633460979e-06, 4.68349117e-06, 3.01065733765e-06, 2.39476958086e-06, 3.24644724969e-06, 3.0937333122e-06, 2.06674121728e-06, 1.12458837975e-06, 4.40088456344e-07, 7.13984945833e-07, 7.78997844009e-07, 2.98478909144e-07, 4.71005023428e-07, 2.68863573183e-07, 9.01618903981e-08, 1.04542770885e-07, 1.01511901107e-07, 4.54713386944e-08, 4.50049988387e-08, 2.6636859829e-08, 2.65740762728e-08, 3.36000098855e-08, 2.12299546831e-08, 1.43814418152e-08, 9.45340516978e-09, 5.48908518638e-09, 2.86618195844e-09, 1.31895894206e-09, 2.72275002544e-09, 2.32240959797e-09, 3.86176979283e-10, 4.45606884725e-10, 5.03554697939e-10, 1.03135396057e-10, 2.24634086289e-13],
