{
"highlevel": {
    "danceability": {
        "all": {
            "danceable": 0.0163189191371,
            "not_danceable": 0.983681082726
        },
        "probability": 0.983681082726,
        "value": "not_danceable"
    },
    "gender": {
        "all": {
            "female": 0.20803900063,
            "male": 0.791961014271
        },
        "probability": 0.791961014271,
        "value": "male"
    },
    "genre_dortmund": {
        "all": {
            "alternative": 0.191882118583,
            "blues": 0.01079095155,
            "electronic": 0.026449771598,
            "folkcountry": 0.130223304033,
            "funksoulrnb": 0.00294875842519,
            "jazz": 0.00508675444871,
            "pop": 0.063420034945,
            "raphiphop": 0.000505912525114,
            "rock": 0.56869238615
        },
        "probability": 0.56869238615,
        "value": "rock"
    },
    "genre_electronic": {
        "all": {
            "ambient": 0.426333993673,
            "dnb": 0.137208998203,
            "house": 0.0937032401562,
            "techno": 0.0179816447198,
            "trance": 0.324772119522
        },
        "probability": 0.426333993673,
        "value": "ambient"
    },
    "genre_rosamerica": {
        "all": {
            "cla": 0.000378035852918,
            "dan": 0.00634548673406,
            "hip": 0.00014963519061,
            "jaz": 0.000313607335556,
            "pop": 0.0115524828434,
            "rhy": 0.000233402271988,
            "roc": 0.980889558792,
            "spe": 0.000137784547405
        },
        "probability": 0.980889558792,
        "value": "roc"
    },
    "genre_tzanetakis": {
        "all": {
            "blu": 0.0626541376114,
            "cla": 0.0348133966327,
            "cou": 0.0783501937985,
            "dis": 0.104547761381,
            "hip": 0.15693578124,
            "jaz": 0.313987255096,
            "met": 0.044816005975,
            "pop": 0.0627349764109,
            "reg": 0.0627352520823,
            "roc": 0.0784252434969
        },
        "probability": 0.313987255096,
        "value": "jaz"
    },
    "ismir04_rhythm": {
        "all": {
            "ChaChaCha": 0.509223818779,
            "Jive": 0.342651575804,
            "Quickstep": 0.00832681171596,
            "Rumba-American": 0.00732112443075,
            "Rumba-International": 0.0290074981749,
            "Rumba-Misc": 0.00257904431783,
            "Samba": 0.0270941928029,
            "Tango": 0.0225949641317,
            "VienneseWaltz": 0.045170918107,
            "Waltz": 0.00603005150333
        },
        "probability": 0.509223818779,
        "value": "ChaChaCha"
    },
    "mood_acoustic": {
        "all": {
            "acoustic": 0.138298362494,
            "not_acoustic": 0.861701607704
        },
        "probability": 0.861701607704,
        "value": "not_acoustic"
    },
    "mood_aggressive": {
        "all": {
            "aggressive": 0.292876124382,
            "not_aggressive": 0.707123875618
        },
        "probability": 0.707123875618,
        "value": "not_aggressive"
    },
    "mood_electronic": {
        "all": {
            "electronic": 0.516406297684,
            "not_electronic": 0.483593732119
        },
        "probability": 0.516406297684,
        "value": "electronic"
    },
    "mood_happy": {
        "all": {
            "happy": 0.695631504059,
            "not_happy": 0.304368525743
        },
        "probability": 0.695631504059,
        "value": "happy"
    },
    "mood_party": {
        "all": {
            "not_party": 0.585739076138,
            "party": 0.414260953665
        },
        "probability": 0.585739076138,
        "value": "not_party"
    },
    "mood_relaxed": {
        "all": {
            "not_relaxed": 0.901458442211,
            "relaxed": 0.0985415503383
        },
        "probability": 0.901458442211,
        "value": "not_relaxed"
    },
    "mood_sad": {
        "all": {
            "not_sad": 0.82255345583,
            "sad": 0.177446529269
        },
        "probability": 0.82255345583,
        "value": "not_sad"
    },
    "moods_mirex": {
        "all": {
            "Cluster1": 0.590628266335,
            "Cluster2": 0.0930422022939,
            "Cluster3": 0.198595657945,
            "Cluster4": 0.0601055473089,
            "Cluster5": 0.0576283447444
        },
        "probability": 0.590628266335,
        "value": "Cluster1"
    },
    "timbre": {
        "all": {
            "bright": 0.996231496334,
            "dark": 0.00376847479492
        },
        "probability": 0.996231496334,
        "value": "bright"
    },
    "tonal_atonal": {
        "all": {
            "atonal": 0.000257606996456,
            "tonal": 0.999742388725
        },
        "probability": 0.999742388725,
        "value": "tonal"
    },
    "voice_instrumental": {
        "all": {
            "instrumental": 0.0102660898119,
            "voice": 0.989733934402
        },
        "probability": 0.989733934402,
        "value": "voice"
    }
},
"lowlevel": {
    "average_loudness": 0.97808098793,
    "barkbands_crest": {
        "dmean": 2.54372692108,
        "dmean2": 4.3136177063,
        "dvar": 7.45188236237,
        "dvar2": 20.5446395874,
        "max": 20.8208503723,
        "mean": 8.62769031525,
        "median": 7.78710651398,
        "min": 3.0222837925,
        "var": 12.5488948822
    },
    "barkbands_flatness_db": {
        "dmean": 0.0179153159261,
        "dmean2": 0.0298381075263,
        "dvar": 0.000357513519702,
        "dvar2": 0.000988088897429,
        "max": 0.302186280489,
        "mean": 0.114202983677,
        "median": 0.106992997229,
        "min": 0.054363604635,
        "var": 0.00106801616494
    },
    "barkbands_kurtosis": {
        "dmean": 2.09739422798,
        "dmean2": 3.60358977318,
        "dvar": 14.6740818024,
        "dvar2": 41.0230522156,
        "max": 36.2544174194,
        "mean": 2.13063383102,
        "median": 1.22077512741,
        "min": -1.71353924274,
        "var": 12.4367446899
    },
    "barkbands_skewness": {
        "dmean": 0.466626226902,
        "dmean2": 0.774140119553,
        "dvar": 0.344899296761,
        "dvar2": 0.922896564007,
        "max": 5.69504451752,
        "mean": 1.47355091572,
        "median": 1.37661278248,
        "min": -0.163649886847,
        "var": 0.491356611252
    },
    "barkbands_spread": {
        "dmean": 5.46856307983,
        "dmean2": 8.40210056305,
        "dvar": 29.1231956482,
        "dvar2": 64.6993942261,
        "max": 79.5270309448,
        "mean": 26.4110660553,
        "median": 25.3917179108,
        "min": 5.19023513794,
        "var": 108.619178772
    },
    "dissonance": {
        "dmean": 0.0144402999431,
        "dmean2": 0.0243244785815,
        "dvar": 0.000182633491931,
        "dvar2": 0.00050848844694,
        "max": 0.500000119209,
        "mean": 0.475660711527,
        "median": 0.480325698853,
        "min": 0.339077889919,
        "var": 0.000386771309422
    },
    "dynamic_complexity": 1.43501746655,
    "erbbands_crest": {
        "dmean": 2.15139579773,
        "dmean2": 3.52054071426,
        "dvar": 4.2541885376,
        "dvar2": 11.1162452698,
        "max": 23.2428417206,
        "mean": 6.89212703705,
        "median": 6.08519458771,
        "min": 2.52948355675,
        "var": 9.99285507202
    },
    "erbbands_flatness_db": {
        "dmean": 0.0124316513538,
        "dmean2": 0.0188849326223,
        "dvar": 0.000165957040736,
        "dvar2": 0.000327971967636,
        "max": 0.293728470802,
        "mean": 0.130281284451,
        "median": 0.126878604293,
        "min": 0.0676935464144,
        "var": 0.000678025011439
    },
    "erbbands_kurtosis": {
        "dmean": 0.408725887537,
        "dmean2": 0.663014769554,
        "dvar": 0.262798696756,
        "dvar2": 0.653126180172,
        "max": 6.52793216705,
        "mean": -0.387986660004,
        "median": -0.664432764053,
        "min": -1.5775411129,
        "var": 1.10098540783
    },
    "erbbands_skewness": {
        "dmean": 0.254084378481,
        "dmean2": 0.388753533363,
        "dvar": 0.0415435545146,
        "dvar2": 0.0994118973613,
        "max": 2.10366034508,
        "mean": 0.128576844931,
        "median": 0.0851455107331,
        "min": -1.09705865383,
        "var": 0.18699349463
    },
    "erbbands_spread": {
        "dmean": 7.18391513824,
        "dmean2": 11.541264534,
        "dvar": 45.2028236389,
        "dvar2": 106.754806519,
        "max": 103.199707031,
        "mean": 46.5556106567,
        "median": 45.4476051331,
        "min": 9.99710655212,
        "var": 198.979751587
    },
    "hfc": {
        "dmean": 5.41573953629,
        "dmean2": 8.32987976074,
        "dvar": 38.4234466553,
        "dvar2": 74.2838363647,
        "max": 119.154876709,
        "mean": 28.0152320862,
        "median": 26.944683075,
        "min": 2.44790649414,
        "var": 170.505828857
    },
    "melbands_crest": {
        "dmean": 2.98369216919,
        "dmean2": 5.02297735214,
        "dvar": 8.46554470062,
        "dvar2": 22.5247573853,
        "max": 28.71534729,
        "mean": 12.8980073929,
        "median": 11.9469127655,
        "min": 4.65030097961,
        "var": 20.9380321503
    },
    "melbands_flatness_db": {
        "dmean": 0.0234583318233,
        "dmean2": 0.0381397530437,
        "dvar": 0.000719828531146,
        "dvar2": 0.00188653601799,
        "max": 0.372668385506,
        "mean": 0.165493816137,
        "median": 0.157625228167,
        "min": 0.0695173814893,
        "var": 0.0019645281136
    },
    "melbands_kurtosis": {
        "dmean": 6.07930135727,
        "dmean2": 10.4396162033,
        "dvar": 119.509315491,
        "dvar2": 335.402404785,
        "max": 105.728721619,
        "mean": 10.4356269836,
        "median": 7.78673839569,
        "min": -0.913282871246,
        "var": 108.05569458
    },
    "melbands_skewness": {
        "dmean": 0.696769416332,
        "dmean2": 1.16234111786,
        "dvar": 0.748750388622,
        "dvar2": 2.01025485992,
        "max": 8.95725059509,
        "mean": 2.68751049042,
        "median": 2.50946927071,
        "min": 0.15619802475,
        "var": 1.2506711483
    },
    "melbands_spread": {
        "dmean": 6.13989591599,
        "dmean2": 9.7365655899,
        "dvar": 38.4401092529,
        "dvar2": 90.4918518066,
        "max": 85.9648284912,
        "mean": 24.4245872498,
        "median": 23.6121501923,
        "min": 2.83263087273,
        "var": 105.558914185
    },
    "pitch_salience": {
        "dmean": 0.0675052925944,
        "dmean2": 0.114572785795,
        "dvar": 0.00400778837502,
        "dvar2": 0.010831952095,
        "max": 0.857190668583,
        "mean": 0.58207577467,
        "median": 0.589420318604,
        "min": 0.275078862906,
        "var": 0.00787452980876
    },
    "silence_rate_20dB": {
        "dmean": 0,
        "dmean2": 0,
        "dvar": 0,
        "dvar2": 0,
        "max": 1,
        "mean": 1,
        "median": 1,
        "min": 1,
        "var": 0
    },
    "silence_rate_30dB": {
        "dmean": 0.0247678011656,
        "dmean2": 0.0495739728212,
        "dvar": 0.0241546388716,
        "dvar2": 0.0672552138567,
        "max": 1,
        "mean": 0.98530548811,
        "median": 1,
        "min": 0,
        "var": 0.0144784003496
    },
    "silence_rate_60dB": {
        "dmean": 0,
        "dmean2": 0,
        "dvar": 0,
        "dvar2": 0,
        "max": 0,
        "mean": 0,
        "median": 0,
        "min": 0,
        "var": 0
    },
    "spectral_centroid": {
        "dmean": 235.227676392,
        "dmean2": 370.899017334,
        "dvar": 42845.3945312,
        "dvar2": 100591.664062,
        "max": 3211.11450195,
        "mean": 1459.69946289,
        "median": 1434.75878906,
        "min": 552.661071777,
        "var": 157522.203125
    },
    "spectral_complexity": {
        "dmean": 3.6277089119,
        "dmean2": 5.88303661346,
        "dvar": 9.65938568115,
        "dvar2": 24.3851718903,
        "max": 48,
        "mean": 29.6086616516,
        "median": 31,
        "min": 5,
        "var": 66.541343689
    },
    "spectral_decrease": {
        "dmean": 3.91637833275e-09,
        "dmean2": 6.65350885498e-09,
        "dvar": 4.51780573414e-17,
        "dvar2": 1.21086919995e-16,
        "max": -7.25928095413e-10,
        "mean": -9.6811296757e-09,
        "median": -8.38513525281e-09,
        "min": -5.27768833081e-08,
        "var": 4.28237193383e-17
    },
    "spectral_energy": {
        "dmean": 0.0151067012921,
        "dmean2": 0.025619385764,
        "dvar": 0.000653576280456,
        "dvar2": 0.00174817570951,
        "max": 0.20206131041,
        "mean": 0.0390798784792,
        "median": 0.0342913456261,
        "min": 0.00342696951702,
        "var": 0.000634525320493
    },
    "spectral_energyband_high": {
        "dmean": 0.000364452891517,
        "dmean2": 0.000534377410077,
        "dvar": 3.8951381498e-07,
        "dvar2": 6.05090974659e-07,
        "max": 0.0136648612097,
        "mean": 0.00129287817981,
        "median": 0.00101968867239,
        "min": 2.04630396183e-06,
        "var": 1.67553753272e-06
    },
    "spectral_energyband_low": {
        "dmean": 0.0104248542339,
        "dmean2": 0.0187663733959,
        "dvar": 0.000643713399768,
        "dvar2": 0.00178242707625,
        "max": 0.18528676033,
        "mean": 0.0135230561718,
        "median": 0.00795294158161,
        "min": 0.000257436302491,
        "var": 0.000451462925412
    },
    "spectral_energyband_middle_high": {
        "dmean": 0.00150587898679,
        "dmean2": 0.00241805729456,
        "dvar": 2.18320747081e-06,
        "dvar2": 5.55737005925e-06,
        "max": 0.0200403761119,
        "mean": 0.00659611215815,
        "median": 0.00636257091537,
        "min": 0.000597795005888,
        "var": 8.84325436346e-06
    },
    "spectral_energyband_middle_low": {
        "dmean": 0.00720614893362,
        "dmean2": 0.0112717123702,
        "dvar": 8.25065726531e-05,
        "dvar2": 0.000189848375157,
        "max": 0.0999579131603,
        "mean": 0.020110219717,
        "median": 0.0176408588886,
        "min": 0.00122045364697,
        "var": 0.000170393148437
    },
    "spectral_entropy": {
        "dmean": 0.0972062721848,
        "dmean2": 0.145714312792,
        "dvar": 0.0114745087922,
        "dvar2": 0.0242964904755,
        "max": 8.53750991821,
        "mean": 7.79924440384,
        "median": 7.81925535202,
        "min": 5.98103761673,
        "var": 0.063587680459
    },
    "spectral_flux": {
        "dmean": 0.0301784630865,
        "dmean2": 0.0503373369575,
        "dvar": 0.00184953783173,
        "dvar2": 0.00350616476499,
        "max": 0.374291241169,
        "mean": 0.104194588959,
        "median": 0.0914887413383,
        "min": 0.0109579786658,
        "var": 0.00302128121257
    },
    "spectral_kurtosis": {
        "dmean": 0.902327954769,
        "dmean2": 1.50655269623,
        "dvar": 2.01287889481,
        "dvar2": 6.2397942543,
        "max": 25.2852096558,
        "mean": 2.97475194931,
        "median": 2.72776603699,
        "min": -0.408437728882,
        "var": 2.80392622948
    },
    "spectral_rms": {
        "dmean": 0.00103940372355,
        "dmean2": 0.00170785409864,
        "dvar": 1.99281998903e-06,
        "dvar2": 5.13355371368e-06,
        "max": 0.014040405862,
        "mean": 0.00593989435583,
        "median": 0.00578402727842,
        "min": 0.00182849250268,
        "var": 2.84436850961e-06
    },
    "spectral_rolloff": {
        "dmean": 504.763549805,
        "dmean2": 811.040405273,
        "dvar": 461094.34375,
        "dvar2": 909297.8125,
        "max": 8893.21289062,
        "mean": 1474.24719238,
        "median": 1270.45898438,
        "min": 107.666015625,
        "var": 1309174.375
    },
    "spectral_skewness": {
        "dmean": 0.144749417901,
        "dmean2": 0.230939015746,
        "dvar": 0.0237597543746,
        "dvar2": 0.0659729093313,
        "max": 3.16825628281,
        "mean": 1.26444387436,
        "median": 1.22166824341,
        "min": 0.572161078453,
        "var": 0.0872984081507
    },
    "spectral_spread": {
        "dmean": 397236.25,
        "dmean2": 580568.875,
        "dvar": 227121610752,
        "dvar2": 359921614848,
        "max": 12418220,
        "mean": 4715026,
        "median": 4475246,
        "min": 1810899.125,
        "var": 1.13683516621e+12
    },
    "spectral_strongpeak": {
        "dmean": 0.417684406042,
        "dmean2": 0.715088367462,
        "dvar": 0.306264340878,
        "dvar2": 0.708837032318,
        "max": 4.93988895416,
        "mean": 0.738578617573,
        "median": 0.545536756516,
        "min": 0.0550988353789,
        "var": 0.479147017002
    },
    "zerocrossingrate": {
        "dmean": 0.0088824108243,
        "dmean2": 0.0109312972054,
        "dvar": 8.10298151919e-05,
        "dvar2": 0.000106868174043,
        "max": 0.20703125,
        "mean": 0.0665508806705,
        "median": 0.0625,
        "min": 0.01708984375,
        "var": 0.000639391306322
    },
    "barkbands": {
        "dmean": [0.000390330154914, 0.00729546230286, 0.00272272247821, 0.00287573062815, 0.00354200811125, 0.000958444434218, 0.00109071168117, 0.00165372749325, 0.000940758560318, 0.000600082683377, 0.000529270910192, 0.000403979473049, 0.000361844751751, 0.000398168864194, 0.000366192631191, 0.000178986927494, 0.000200693932129, 0.000187484489288, 0.000231554891798, 0.000166529614944, 0.000115974886285, 0.000103665195638, 7.970938168e-05, 7.91371930973e-05, 5.52210112801e-05, 2.55621980614e-05, 2.90298967087e-08],
        "dmean2": [0.000678972050082, 0.0133508453146, 0.00496995728463, 0.00486402306706, 0.00580909475684, 0.00157505774405, 0.00175065116491, 0.0025794126559, 0.00148189719766, 0.000956469215453, 0.000866795598995, 0.000673346803524, 0.00061339820968, 0.000667041051202, 0.000595385383349, 0.000307409907691, 0.000332437135512, 0.000311717449222, 0.000381699384889, 0.000275240920018, 0.000200605136342, 0.000168967773789, 0.000125094346004, 0.000109242879262, 8.08728800621e-05, 3.84267987101e-05, 5.11321900376e-08],
        "dvar": [8.66209802552e-07, 0.000424867263064, 3.04757904814e-05, 1.97876815946e-05, 2.34669259953e-05, 2.72072725238e-06, 3.06061065203e-06, 7.31358841222e-06, 2.77518438452e-06, 1.02547414826e-06, 7.26993903299e-07, 5.36632455805e-07, 4.17187379753e-07, 2.6602455705e-07, 3.53814755272e-07, 3.5784605501e-08, 4.47772059431e-08, 4.74806078898e-08, 6.19360847054e-08, 3.00980929069e-08, 2.11676116635e-08, 2.21817586521e-08, 1.94893079453e-08, 4.91362932564e-08, 1.55068597962e-08, 1.99258742839e-09, 8.52433290513e-15],
        "dvar2": [2.33537048189e-06, 0.00118471507449, 8.83946631802e-05, 4.53336178907e-05, 6.51260415907e-05, 6.56362681184e-06, 7.3218388934e-06, 1.58813891176e-05, 6.58548879073e-06, 2.6067075396e-06, 1.79678613677e-06, 1.45518401951e-06, 1.20096615319e-06, 7.25533311652e-07, 9.64330183706e-07, 9.54911314466e-08, 1.19810280808e-07, 1.29778726432e-07, 1.71266279381e-07, 8.02825468327e-08, 5.65089699478e-08, 5.0410950081e-08, 3.83978786545e-08, 7.15070598289e-08, 3.06370040448e-08, 4.54731274857e-09, 2.21359744906e-14],
        "max": [0.0069834892638, 0.148313045502, 0.0448316521943, 0.0454574152827, 0.0618337802589, 0.0208556577563, 0.0241034142673, 0.0371787324548, 0.0289847962558, 0.0170298386365, 0.0164051558822, 0.0107238646597, 0.00808757729828, 0.00513952225447, 0.00987944751978, 0.0023198351264, 0.00257810694166, 0.00225225836039, 0.00335181527771, 0.00227188481949, 0.00230311881751, 0.00330996280536, 0.00277153658681, 0.00591001007706, 0.00246096216142, 0.000799317611381, 1.29055888465e-06],
        "mean": [0.000365776591934, 0.00739560136572, 0.0035955903586, 0.00452217645943, 0.00739563582465, 0.0015914964024, 0.00177610607352, 0.00270274258219, 0.00150096754078, 0.00101875560358, 0.00105753832031, 0.00068823347101, 0.000560479878914, 0.000738706847187, 0.000674155482557, 0.00041307968786, 0.000467151694465, 0.000429236475611, 0.000629749440122, 0.000440008065198, 0.000293582968879, 0.000280133623164, 0.00019883987261, 0.000179035923793, 0.000119877338875, 4.51919731859e-05, 2.0686721669e-08],
        "median": [0.000100931531051, 0.00321577279828, 0.00248537864536, 0.0026538525708, 0.00586442975327, 0.0011053289054, 0.001113796141, 0.00130092445761, 0.000851124641486, 0.000450459076092, 0.000645962310955, 0.000359234662028, 0.000298819388263, 0.000542445573956, 0.000454025896033, 0.000347699620761, 0.000401216035243, 0.000320498627843, 0.000584193388931, 0.000398890057113, 0.000245817966061, 0.000228974677157, 0.000140255317092, 8.44161913847e-05, 5.51500816073e-05, 2.4034836315e-05, 1.20178522689e-09],
        "min": [1.62210255894e-07, 7.98105611466e-06, 1.18569550978e-05, 0.000104276565253, 0.000120160228107, 3.91627906993e-07, 2.17182605411e-05, 1.02203994174e-05, 3.75226636606e-06, 2.14341216633e-05, 2.03040726774e-05, 6.01562305746e-07, 3.11879784931e-06, 3.21064799209e-05, 1.19254173114e-06, 3.83333008358e-06, 3.04728437186e-05, 8.81554842636e-06, 1.84927339433e-05, 2.08674464375e-06, 1.28720262182e-06, 3.64130812613e-07, 9.63646016316e-08, 1.80193726607e-08, 1.19051513092e-09, 3.25895366249e-10, 7.65832796484e-12],
        "var": [6.61814965497e-07, 0.000276176695479, 2.22673479584e-05, 2.83128629235e-05, 4.45496880275e-05, 3.79396192329e-06, 4.61953322883e-06, 1.62143787747e-05, 4.27716804552e-06, 2.45889918915e-06, 1.78008247076e-06, 1.00463637409e-06, 6.15849387486e-07, 4.46594697223e-07, 6.06987327956e-07, 8.78942856275e-08, 1.02620859366e-07, 1.22290799709e-07, 1.7539576902e-07, 8.57802291421e-08, 4.69421905791e-08, 6.44385806936e-08, 5.71588216758e-08, 1.80011682005e-07, 4.75869903482e-08, 4.87052576048e-09, 6.53498963114e-15]
    },
    "erbbands": {
        "dmean": [0.21993149817, 1.64260792732, 3.10706591606, 6.61710262299, 13.8507099152, 10.0374069214, 7.21707296371, 7.81219291687, 12.9087657928, 27.6025085449, 34.077507019, 19.0626220703, 26.4691390991, 11.8714265823, 20.7382221222, 16.7998008728, 16.0420398712, 20.4720039368, 17.8489933014, 15.4638929367, 8.61312294006, 11.0358819962, 10.1503143311, 10.29758358, 11.0369644165, 8.20389080048, 5.04930448532, 4.5618686676, 3.89411640167, 2.85796713829, 2.19954657555, 1.84703552723, 1.31886982918, 0.720898091793, 0.384273886681, 0.174285709858, 0.0334879942238, 0.00207576644607, 5.02594775753e-05, 1.86787838174e-05],
        "dmean2": [0.394364148378, 3.00752305984, 5.73277950287, 11.3693904877, 22.3767852783, 16.765329361, 11.5463790894, 13.184378624, 21.2990512848, 42.9001617432, 53.5935630798, 29.9979782104, 41.6054611206, 19.3961467743, 34.1607551575, 27.8886394501, 27.6839866638, 34.223449707, 29.8890304565, 24.7130794525, 14.6064825058, 18.3951015472, 16.9673023224, 16.932806015, 18.2801055908, 13.7372512817, 8.60306739807, 7.67882537842, 6.34165334702, 4.56628465652, 3.32224607468, 2.60471200943, 1.82649624348, 1.07700669765, 0.548789381981, 0.262890905142, 0.0503446795046, 0.0031845876947, 7.32926855562e-05, 3.08401795337e-05],
        "dvar": [0.333145350218, 22.6296863556, 57.3842353821, 92.7249069214, 331.882751465, 316.846038818, 201.556808472, 216.741348267, 599.025085449, 1635.40698242, 4656.68017578, 1195.15600586, 1732.02978516, 344.145324707, 1074.10290527, 901.38659668, 950.626647949, 667.273864746, 1199.58227539, 339.632843018, 83.8915405273, 158.808395386, 139.156295776, 117.898582458, 153.697891235, 77.7155303955, 40.2294387817, 34.3428153992, 30.4266147614, 16.8537368774, 18.0341529846, 19.1420211792, 16.5378341675, 3.01427793503, 0.613997459412, 0.111904121935, 0.00315845082514, 1.30489970616e-05, 6.25480778282e-09, 8.4905887876e-10],
        "dvar2": [0.919990122318, 64.177154541, 165.32359314, 227.96257019, 892.817321777, 876.361999512, 482.148101807, 554.550354004, 1497.99377441, 3917.15771484, 10088.4140625, 2928.27978516, 4420.51074219, 886.229736328, 2815.06494141, 2262.66015625, 2765.55541992, 1803.8840332, 3306.73193359, 826.846740723, 223.172439575, 423.528045654, 388.570892334, 322.710601807, 418.884429932, 207.556304932, 113.845298767, 89.8408889771, 72.752204895, 36.1980018616, 34.6847610474, 31.5493526459, 27.4533977509, 6.21473932266, 1.06127083302, 0.26069906354, 0.00689272210002, 2.86461818177e-05, 1.32170443479e-08, 2.22507234859e-09],
        "max": [3.64400196075, 34.6596870422, 58.1507911682, 87.4730834961, 187.808349609, 287.229522705, 274.061798096, 156.216217041, 315.162017822, 534.434692383, 1125.85424805, 728.366882324, 647.204528809, 306.816467285, 482.601043701, 541.615722656, 383.556732178, 271.529510498, 634.988525391, 346.968353271, 123.12147522, 171.037155151, 133.941253662, 132.382858276, 151.952453613, 118.340583801, 74.0630493164, 98.3997650146, 128.430374146, 95.9252929688, 79.5634002686, 126.957878113, 105.052276611, 34.4944152832, 12.1508321762, 6.21290779114, 0.998274922371, 0.0853207409382, 0.00168371992186, 0.000228178920224],
        "mean": [0.219703122973, 1.62505853176, 3.99869608879, 10.739109993, 27.9203338623, 17.6330089569, 12.2942075729, 12.2110643387, 20.3870506287, 42.866569519, 58.4439849854, 33.3420600891, 43.717338562, 23.7846832275, 43.3665390015, 31.9919223785, 27.5032176971, 38.7711601257, 34.3762130737, 31.58735466, 23.3980712891, 26.4560470581, 24.3690032959, 28.3014392853, 29.597076416, 21.2034416199, 12.9828672409, 12.0639791489, 10.1533565521, 7.38142585754, 5.27619171143, 4.15945577621, 2.84454274178, 1.49575173855, 0.788137555122, 0.310253888369, 0.0594179853797, 0.00306912092492, 0.000100552329968, 5.31536861672e-05],
        "median": [0.0856631472707, 0.711617946625, 2.36558508873, 7.38169908524, 21.0163841248, 12.1211585999, 8.33840179443, 8.24571990967, 13.7131814957, 27.2627506256, 27.8477478027, 21.5024662018, 20.3558864594, 15.7797737122, 28.4726200104, 18.7153224945, 16.2009143829, 29.2978935242, 21.2082042694, 25.3603210449, 19.7071266174, 22.9468383789, 18.8531322479, 24.4437274933, 27.3312568665, 19.4516277313, 11.2768144608, 10.2672834396, 8.2326669693, 5.7701716423, 3.52806425095, 2.31001806259, 1.18608176708, 0.670839548111, 0.360985219479, 0.157987505198, 0.0318429730833, 0.00137852528132, 5.93373370066e-05, 4.63627875433e-05],
        "min": [0.000418463052483, 0.0052444585599, 0.0972132086754, 0.351317316294, 0.473834723234, 0.390680253506, 0.122868493199, 0.0442952662706, 0.190885975957, 0.609092891216, 0.247536346316, 0.258416116238, 1.00000154972, 0.986297488213, 1.45298469067, 0.249990180135, 0.45299616456, 1.64923024178, 0.767084956169, 0.243175700307, 2.10444307327, 1.83660674095, 0.527930617332, 1.16189086437, 0.338259667158, 0.115361534059, 0.0619183070958, 0.0256131868809, 0.0117665454745, 0.00565175991505, 0.00257215416059, 0.000503772811498, 0.000159744988196, 9.20381135074e-05, 1.60087656695e-05, 9.85833503364e-06, 3.86808915209e-06, 5.52082894956e-07, 3.94606013288e-06, 8.52808898344e-06],
        "var": [0.229720920324, 14.1344242096, 38.7082710266, 113.647956848, 608.702575684, 402.800323486, 317.948394775, 252.809936523, 737.22644043, 2747.36376953, 10652.4628906, 1825.49902344, 3588.97021484, 656.386413574, 2362.29370117, 1885.89074707, 1318.22570801, 1169.11242676, 1900.72058105, 834.276000977, 220.409072876, 331.002563477, 347.040771484, 362.550842285, 408.065216064, 201.130950928, 82.8128662109, 84.4041442871, 86.0274887085, 48.1530685425, 53.6802253723, 64.6687850952, 55.0969657898, 9.08961296082, 1.8489575386, 0.256842523813, 0.0080474531278, 2.64511108981e-05, 1.60487445555e-08, 9.91345783241e-10]
    },
    "gfcc": {
        "mean": [53.9967803955, 90.6319885254, -121.092926025, 45.5835609436, -62.1134223938, 19.592502594, -38.6585960388, 13.1104354858, -28.4602298737, 3.01166439056, -21.7366313934, -5.0796289444, -16.2652263641],
        "cov": [[1543.81274414, -513.345336914, 229.809555054, -63.5249023438, -313.652587891, 21.0256347656, -191.435714722, 78.1588287354, -25.3088951111, 173.401992798, -59.150352478, 121.607620239, -69.3151321411], [-513.345336914, 539.287414551, -172.163696289, 68.3307037354, 157.941162109, -91.9485931396, 182.869842529, -63.6007347107, 70.5824050903, -75.1219558716, 87.2842636108, -60.0301971436, 23.8742752075], [229.809555054, -172.163696289, 218.945983887, -4.7167801857, -9.17739963531, 38.6424560547, -72.6474456787, 36.8000526428, -22.4749259949, 47.3892021179, -24.388381958, 48.1017456055, -3.20394921303], [-63.5249023438, 68.3307037354, -4.7167801857, 238.780807495, 19.9215049744, -69.3865890503, -1.02558541298, -44.3253135681, 36.2621078491, -7.31963729858, 63.0835838318, -1.57829415798, 24.3033332825], [-313.652587891, 157.941162109, -9.17739963531, 19.9215049744, 174.179504395, 24.3628139496, 63.5692863464, 3.63660502434, 21.3393383026, -16.1001396179, 20.6457099915, -7.85848522186, 12.9124450684], [21.0256347656, -91.9485931396, 38.6424560547, -69.3865890503, 24.3628139496, 134.943161011, 31.0896835327, 39.0823097229, -16.5878715515, 16.7509689331, -17.4646568298, 9.13760185242, 1.7441034317], [-191.435714722, 182.869842529, -72.6474456787, -1.02558541298, 63.5692863464, 31.0896835327, 160.596176147, 6.76692676544, 27.0695075989, -23.4005661011, 32.3671836853, -18.5533370972, -1.03198885918], [78.1588287354, -63.6007347107, 36.8000526428, -44.3253135681, 3.63660502434, 39.0823097229, 6.76692676544, 78.1776199341, 15.3025245667, 27.2131958008, -11.2407712936, 16.9951305389, -2.74524044991], [-25.3088951111, 70.5824050903, -22.4749259949, 36.2621078491, 21.3393383026, -16.5878715515, 27.0695075989, 15.3025245667, 63.301235199, 15.3174314499, 22.2311000824, -9.46472549438, -1.07156574726], [173.401992798, -75.1219558716, 47.3892021179, -7.31963729858, -16.1001396179, 16.7509689331, -23.4005661011, 27.2131958008, 15.3174314499, 75.2407531738, 12.0283908844, 26.957239151, -15.816950798], [-59.150352478, 87.2842636108, -24.388381958, 63.0835838318, 20.6457099915, -17.4646568298, 32.3671836853, -11.2407712936, 22.2311000824, 12.0283908844, 69.4253158569, 13.6948804855, 5.49548149109], [121.607620239, -60.0301971436, 48.1017456055, -1.57829415798, -7.85848522186, 9.13760185242, -18.5533370972, 16.9951305389, -9.46472549438, 26.957239151, 13.6948804855, 65.1656036377, 6.78504419327], [-69.3151321411, 23.8742752075, -3.20394921303, 24.3033332825, 12.9124450684, 1.7441034317, -1.03198885918, -2.74524044991, -1.07156574726, -15.816950798, 5.49548149109, 6.78504419327, 42.1079673767]],
        "icov": [[0.00196638144553, -0.000976318260655, -0.000623106665444, -0.000956126255915, 0.0035415997263, -0.00112380599603, 0.000828830932733, -0.000679858145304, -0.000172172251041, -0.00252650934272, 0.00259669218212, -0.00291045941412, 0.00240807584487], [-0.000976318260655, 0.0148380314931, -7.22080403648e-06, 0.00685021560639, -0.00982285384089, 0.0123675465584, -0.0115799484774, 0.00806227885187, -0.0072036255151, 0.00511823967099, -0.012359415181, 0.00772756105289, -0.00912542082369], [-0.000623106665444, -7.22080403648e-06, 0.00850495044142, -0.0021857873071, -0.00220926431939, -0.00172554457095, 0.00262018456124, -0.00246984115802, 0.00278142560273, -0.00224638544023, 0.00311814504676, -0.00322254304774, 0.000878506980371], [-0.000956126255915, 0.00685021560639, -0.0021857873071, 0.0114545281976, -0.00528286397457, 0.00793180149049, -0.00465071434155, 0.00732696382329, -0.0071498407051, 0.00415527774021, -0.0125790135935, 0.00577133940533, -0.00848954450339], [0.0035415997263, -0.00982285384089, -0.00220926431939, -0.00528286397457, 0.0183748863637, -0.0100269978866, 0.00553198391572, -0.00503250863403, 0.00134818209335, -0.00469669746235, 0.00944657251239, -0.00824544765055, 0.00723424134776], [-0.00112380599603, 0.0123675465584, -0.00172554457095, 0.00793180149049, -0.0100269978866, 0.0230080652982, -0.0138775445521, 0.00305720674805, -0.000404370715842, -1.98240329041e-07, -0.00927412230521, 0.00889350008219, -0.0118233757094], [0.000828830932733, -0.0115799484774, 0.00262018456124, -0.00465071434155, 0.00553198391572, -0.0138775445521, 0.0209312364459, -0.00799141917378, 0.00201424374245, 0.00144014612306, 0.00361975980923, -0.00578601891175, 0.0107360742986], [-0.000679858145304, 0.00806227885187, -0.00246984115802, 0.00732696382329, -0.00503250863403, 0.00305720674805, -0.00799141917378, 0.0270144026726, -0.0141216749325, -0.000220179776079, -0.00268705934286, -0.000309016206302, -0.0071667204611], [-0.000172172251041, -0.0072036255151, 0.00278142560273, -0.0071498407051, 0.00134818209335, -0.000404370715842, 0.00201424374245, -0.0141216749325, 0.0333943329751, -0.0116278212517, 0.00286210025661, 0.00476329168305, 0.00221221148968], [-0.00252650934272, 0.00511823967099, -0.00224638544023, 0.00415527774021, -0.00469669746235, -1.98240329041e-07, 0.00144014612306, -0.000220179776079, -0.0116278212517, 0.0319066718221, -0.014446573332, -0.00134760164656, 0.00562279857695], [0.00259669218212, -0.012359415181, 0.00311814504676, -0.0125790135935, 0.00944657251239, -0.00927412230521, 0.00361975980923, -0.00268705934286, 0.00286210025661, -0.014446573332, 0.0418871343136, -0.0179364681244, 0.00825012568384], [-0.00291045941412, 0.00772756105289, -0.00322254304774, 0.00577133940533, -0.00824544765055, 0.00889350008219, -0.00578601891175, -0.000309016206302, 0.00476329168305, -0.00134760164656, -0.0179364681244, 0.0330954194069, -0.0141273336485], [0.00240807584487, -0.00912542082369, 0.000878506980371, -0.00848954450339, 0.00723424134776, -0.0118233757094, 0.0107360742986, -0.0071667204611, 0.00221221148968, 0.00562279857695, 0.00825012568384, -0.0141273336485, 0.0392883978784]]
    },
    "melbands": {
        "dmean": [0.00201213778928, 0.00176878587808, 0.00123103382066, 0.000883629079908, 0.000274650374195, 0.000186480057891, 0.000198957495741, 0.000311711133691, 0.000267307419563, 0.000118719755847, 0.000131752807647, 4.87305042043e-05, 7.73650754127e-05, 4.44587021775e-05, 4.93411826028e-05, 3.30398252117e-05, 4.16147922806e-05, 3.10740506393e-05, 2.08501678571e-05, 1.79918861249e-05, 1.0674254554e-05, 1.40523025038e-05, 9.32456623559e-06, 9.93791582005e-06, 9.15073997021e-06, 1.11441022455e-05, 7.17474631529e-06, 5.34622813575e-06, 3.97301482735e-06, 2.78449806501e-06, 2.99219186672e-06, 2.63790411736e-06, 1.87104899396e-06, 1.71701390173e-06, 1.27339058054e-06, 1.53424957716e-06, 1.15136776913e-06, 1.07542541627e-06, 8.26451469038e-07, 6.10909467014e-07],
        "dmean2": [0.00364117696881, 0.00327081582509, 0.00206365296617, 0.00146022764966, 0.00043465429917, 0.0003120493202, 0.000324248045217, 0.000487603159854, 0.000423523597419, 0.000186622521142, 0.00020775423036, 7.95521773398e-05, 0.00012767908629, 7.39894312574e-05, 8.28125048429e-05, 5.59182408324e-05, 6.95740382071e-05, 5.17726293765e-05, 3.39266043738e-05, 2.96899925161e-05, 1.82014427992e-05, 2.3279524612e-05, 1.54563658725e-05, 1.66749960044e-05, 1.5194246771e-05, 1.85334429261e-05, 1.19939195429e-05, 9.06002878764e-06, 6.81268465996e-06, 4.74466878586e-06, 5.11545795234e-06, 4.38555662186e-06, 2.99756607092e-06, 2.82380324279e-06, 2.00379508897e-06, 2.33038485931e-06, 1.64294772276e-06, 1.52775373863e-06, 1.23933978102e-06, 9.34037473144e-07],
        "dvar": [3.01634590869e-05, 2.33857135754e-05, 2.86479485112e-06, 1.53017970206e-06, 2.70206328423e-07, 1.24439424098e-07, 1.19628623452e-07, 1.87074121527e-07, 3.06331799038e-07, 4.02541076028e-08, 4.25987742858e-08, 6.46655085035e-09, 1.51527572712e-08, 7.04186531308e-09, 6.63170540705e-09, 2.89681145738e-09, 2.75319700371e-09, 3.41898553913e-09, 1.00930397373e-09, 3.66232710824e-10, 1.35048805472e-10, 2.71298178367e-10, 1.68954836233e-10, 1.51630041856e-10, 1.00273657433e-10, 1.72986125424e-10, 6.60969542987e-11, 3.60360734308e-11, 2.27827600535e-11, 1.26467395584e-11, 1.36425358857e-11, 1.22541317371e-11, 8.5453944268e-12, 5.57226010126e-12, 5.63181142346e-12, 1.09394333869e-11, 7.49422659346e-12, 1.21083056775e-11, 4.54351833934e-12, 2.33640732629e-12],
        "dvar2": [8.33203521324e-05, 6.69426153763e-05, 6.80737957737e-06, 4.19578509536e-06, 6.88854868258e-07, 3.12350863396e-07, 2.95628581171e-07, 4.42859203531e-07, 6.65743186801e-07, 9.80125136607e-08, 1.082517187e-07, 1.64878528608e-08, 3.76258064705e-08, 1.9467373491e-08, 1.85595769864e-08, 8.30938695628e-09, 7.54557483162e-09, 9.41055322556e-09, 2.67109112606e-09, 9.11766051548e-10, 3.51617707173e-10, 7.1517175515e-10, 4.68477590054e-10, 4.25882384913e-10, 2.76096062679e-10, 4.63033805742e-10, 1.77353631781e-10, 9.55626897059e-11, 6.53178969245e-11, 3.31875187054e-11, 3.53132488529e-11, 3.11197213831e-11, 1.82126830978e-11, 1.32895448118e-11, 1.08127447968e-11, 2.61366848303e-11, 1.31638406772e-11, 2.16321700136e-11, 9.09248631248e-12, 5.71148683903e-12],
        "max": [0.0374028645456, 0.03548848629, 0.0157815683633, 0.0152483284473, 0.00896503031254, 0.00347046507522, 0.00414169952273, 0.00553410407156, 0.00976107921451, 0.0039889421314, 0.00325052579865, 0.00136382388882, 0.0022969332058, 0.00124689389486, 0.000854411220644, 0.000797243788838, 0.00057414668845, 0.0010920179775, 0.00064025685424, 0.000353187817382, 0.0001715811959, 0.000212637649383, 0.000167499005329, 0.000146435530041, 0.000112124194857, 0.000172328873305, 0.00013065127132, 9.50316461967e-05, 5.92170435993e-05, 5.75222511543e-05, 5.27643278474e-05, 7.40803297958e-05, 6.84815604473e-05, 4.67752506665e-05, 4.26599799539e-05, 7.66723387642e-05, 7.53328713472e-05, 8.92823300092e-05, 3.63996405213e-05, 2.86786053039e-05],
        "mean": [0.00202093250118, 0.0021461895667, 0.00238240160979, 0.00178373255767, 0.000456681242213, 0.00029285409255, 0.000323917513015, 0.000487724348204, 0.000451908854302, 0.00020051143656, 0.000214432686334, 8.63154709805e-05, 0.000155000205268, 8.22631845949e-05, 8.01476053311e-05, 5.30522884219e-05, 7.40347531973e-05, 5.56088161829e-05, 4.09340245824e-05, 3.75284289476e-05, 2.5351468139e-05, 2.98650811601e-05, 2.07675238926e-05, 2.17609413085e-05, 2.22329981625e-05, 2.54855003732e-05, 1.71437804966e-05, 1.27657949633e-05, 8.76733065525e-06, 6.37071389065e-06, 7.249983355e-06, 6.17094929112e-06, 4.44705165137e-06, 3.91753474105e-06, 2.83987083094e-06, 3.01861655316e-06, 2.35061202147e-06, 2.10625921682e-06, 1.56282487751e-06, 1.1434760836e-06],
        "median": [0.000840928405523, 0.00116030767094, 0.0018186805537, 0.00138148467522, 0.000297937251162, 0.000195069311303, 0.000216616070247, 0.000313233205816, 0.000221891590627, 0.000123165344121, 9.66988445725e-05, 5.36542065674e-05, 9.76052906481e-05, 5.06390460941e-05, 4.27014419984e-05, 3.04728600895e-05, 5.3235082305e-05, 3.29152790073e-05, 3.01090567518e-05, 3.18330239679e-05, 2.07054417842e-05, 2.50502598647e-05, 1.43092556755e-05, 1.66864392668e-05, 1.81536306627e-05, 2.15588406718e-05, 1.47972459672e-05, 1.12852285383e-05, 7.5342004493e-06, 5.13879876962e-06, 6.00268367634e-06, 4.98853250974e-06, 3.32319541485e-06, 2.9888269637e-06, 1.86075567399e-06, 1.90125115296e-06, 1.21187838431e-06, 8.48235117701e-07, 6.32796002265e-07, 5.14236774052e-07],
        "min": [2.11559381569e-06, 3.83264668926e-05, 7.56847948651e-05, 2.90017760562e-05, 2.77901381196e-06, 1.18874950772e-07, 4.28290786658e-06, 6.31881312074e-06, 1.48586627802e-06, 1.67629787029e-06, 3.35905997417e-06, 2.37765334532e-06, 3.54349595e-06, 3.77013520847e-07, 2.17883609821e-07, 5.46310332084e-07, 2.90153320748e-06, 1.39472160754e-06, 1.00706330386e-07, 9.89304425048e-08, 2.97330097965e-06, 1.79007020051e-06, 7.16862800232e-08, 7.71047723447e-07, 6.72720204875e-07, 9.92813440348e-08, 9.21450933333e-08, 2.48986538054e-08, 2.34223858087e-08, 3.93176406988e-08, 5.2397806094e-09, 7.20236181806e-09, 4.06888789328e-09, 2.54890974993e-09, 1.66808267199e-09, 3.18133658306e-10, 1.98163846443e-10, 5.00661075098e-11, 1.30691041322e-10, 1.15723888805e-11],
