{
"highlevel": {
    "danceability": {
        "all": {
            "danceable": 0.999605059624,
            "not_danceable": 0.000394934002543
        },
        "probability": 0.999605059624,
        "value": "danceable"
    },
    "gender": {
        "all": {
            "female": 0.9714230299,
            "male": 0.0285769980401
        },
        "probability": 0.9714230299,
        "value": "female"
    },
    "genre_dortmund": {
        "all": {
            "alternative": 0.0402341224253,
            "blues": 0.0182759966701,
            "electronic": 0.153182595968,
            "folkcountry": 0.00996168423444,
            "funksoulrnb": 0.038438718766,
            "jazz": 0.0347080901265,
            "pop": 0.0320503897965,
            "raphiphop": 0.608360230923,
            "rock": 0.0647881478071
        },
        "probability": 0.608360230923,
        "value": "raphiphop"
    },
    "genre_electronic": {
        "all": {
            "ambient": 0.364144325256,
            "dnb": 0.291456639767,
            "house": 0.0959097072482,
            "techno": 0.011913488619,
            "trance": 0.236575841904
        },
        "probability": 0.364144325256,
        "value": "ambient"
    },
    "genre_rosamerica": {
        "all": {
            "cla": 0.0125508522615,
            "dan": 0.143946290016,
            "hip": 0.274219036102,
            "jaz": 0.0127339083701,
            "pop": 0.396046131849,
            "rhy": 0.0793853402138,
            "roc": 0.0728139653802,
            "spe": 0.00830449163914
        },
        "probability": 0.396046131849,
        "value": "pop"
    },
    "genre_tzanetakis": {
        "all": {
            "blu": 0.0626613423228,
            "cla": 0.0348169617355,
            "cou": 0.104475811124,
            "dis": 0.0784321576357,
            "hip": 0.15692435205,
            "jaz": 0.313974827528,
            "met": 0.0448166541755,
            "pop": 0.0627359300852,
            "reg": 0.0627360641956,
            "roc": 0.0784258767962
        },
        "probability": 0.313974827528,
        "value": "jaz"
    },
    "ismir04_rhythm": {
        "all": {
            "ChaChaCha": 0.0746066719294,
            "Jive": 0.036230366677,
            "Quickstep": 0.0378645174205,
            "Rumba-American": 0.0148470122367,
            "Rumba-International": 0.0250546000898,
            "Rumba-Misc": 0.0194178000093,
            "Samba": 0.752320408821,
            "Tango": 0.00851829815656,
            "VienneseWaltz": 0.0257897078991,
            "Waltz": 0.00535063864663
        },
        "probability": 0.752320408821,
        "value": "Samba"
    },
    "mood_acoustic": {
        "all": {
            "acoustic": 0.0508477017283,
            "not_acoustic": 0.949152290821
        },
        "probability": 0.949152290821,
        "value": "not_acoustic"
    },
    "mood_aggressive": {
        "all": {
            "aggressive": 0.435720562935,
            "not_aggressive": 0.564279437065
        },
        "probability": 0.564279437065,
        "value": "not_aggressive"
    },
    "mood_electronic": {
        "all": {
            "electronic": 0.853322386742,
            "not_electronic": 0.146677613258
        },
        "probability": 0.853322386742,
        "value": "electronic"
    },
    "mood_happy": {
        "all": {
            "happy": 0.522130131721,
            "not_happy": 0.477869838476
        },
        "probability": 0.522130131721,
        "value": "happy"
    },
    "mood_party": {
        "all": {
            "not_party": 0.474062353373,
            "party": 0.525937616825
        },
        "probability": 0.525937616825,
        "value": "party"
    },
    "mood_relaxed": {
        "all": {
            "not_relaxed": 0.427503436804,
            "relaxed": 0.572496533394
        },
        "probability": 0.572496533394,
        "value": "relaxed"
    },
    "mood_sad": {
        "all": {
            "not_sad": 0.709599077702,
            "sad": 0.290400922298
        },
        "probability": 0.709599077702,
        "value": "not_sad"
    },
    "moods_mirex": {
        "all": {
            "Cluster1": 0.205140665174,
            "Cluster2": 0.162344023585,
            "Cluster3": 0.0777741521597,
            "Cluster4": 0.196558594704,
            "Cluster5": 0.358182549477
        },
        "probability": 0.358182549477,
        "value": "Cluster5"
    },
    "timbre": {
        "all": {
            "bright": 0.787442028522,
            "dark": 0.212557986379
        },
        "probability": 0.787442028522,
        "value": "bright"
    },
    "tonal_atonal": {
        "all": {
            "atonal": 0.0744732096791,
            "tonal": 0.925526797771
        },
        "probability": 0.925526797771,
        "value": "tonal"
    },
    "voice_instrumental": {
        "all": {
            "instrumental": 0.0194874107838,
            "voice": 0.980512619019
        },
        "probability": 0.980512619019,
        "value": "voice"
    }
},
"lowlevel": {
    "average_loudness": 0.97210162878,
    "barkbands_crest": {
        "dmean": 3.76702260971,
        "dmean2": 6.35065984726,
        "dvar": 9.29788970947,
        "dvar2": 25.1150760651,
        "max": 25.0969982147,
        "mean": 11.9358730316,
        "median": 11.1664247513,
        "min": 3.53906464577,
        "var": 21.4926929474
    },
    "barkbands_flatness_db": {
        "dmean": 0.0267321877182,
        "dmean2": 0.0432633385062,
        "dvar": 0.000567364564631,
        "dvar2": 0.00147837901022,
        "max": 0.322309166193,
        "mean": 0.147182717919,
        "median": 0.14111739397,
        "min": 0.0604927428067,
        "var": 0.00186173547991
    },
    "barkbands_kurtosis": {
        "dmean": 3.64895749092,
        "dmean2": 6.05518579483,
        "dvar": 40.3040428162,
        "dvar2": 104.605537415,
        "max": 90.8896942139,
        "mean": 4.06909894943,
        "median": 1.69707632065,
        "min": -1.86824524403,
        "var": 63.7931289673
    },
    "barkbands_skewness": {
        "dmean": 0.722123980522,
        "dmean2": 1.15519118309,
        "dvar": 0.584873318672,
        "dvar2": 1.44019460678,
        "max": 8.89079284668,
        "mean": 1.52010631561,
        "median": 1.29314744473,
        "min": -1.21158862114,
        "var": 1.47100746632
    },
    "barkbands_spread": {
        "dmean": 7.16750860214,
        "dmean2": 11.3772745132,
        "dvar": 65.950920105,
        "dvar2": 142.007797241,
        "max": 96.8992843628,
        "mean": 23.09100914,
        "median": 20.4065799713,
        "min": 2.44156742096,
        "var": 176.312393188
    },
    "dissonance": {
        "dmean": 0.0242994520813,
        "dmean2": 0.040491271764,
        "dvar": 0.000539156666491,
        "dvar2": 0.00143896043301,
        "max": 0.499967306852,
        "mean": 0.455591768026,
        "median": 0.462006002665,
        "min": 0.285283476114,
        "var": 0.00100281182677
    },
    "dynamic_complexity": 2.33720636368,
    "erbbands_crest": {
        "dmean": 3.07374858856,
        "dmean2": 4.95804452896,
        "dvar": 8.34056854248,
        "dvar2": 20.3075237274,
        "max": 27.1804218292,
        "mean": 9.89105796814,
        "median": 9.27015686035,
        "min": 2.50945878029,
        "var": 19.9996585846
    },
    "erbbands_flatness_db": {
        "dmean": 0.0206134486943,
        "dmean2": 0.0297756306827,
        "dvar": 0.000440401083324,
        "dvar2": 0.000848782539833,
        "max": 0.279995530844,
        "mean": 0.152619764209,
        "median": 0.150997549295,
        "min": 0.0640479698777,
        "var": 0.00187095045112
    },
    "erbbands_kurtosis": {
        "dmean": 1.25582027435,
        "dmean2": 1.95242166519,
        "dvar": 2.95693063736,
        "dvar2": 6.98664808273,
        "max": 23.7131900787,
        "mean": 1.28640580177,
        "median": 0.502123594284,
        "min": -1.75279307365,
        "var": 6.57030248642
    },
    "erbbands_skewness": {
        "dmean": 0.437820911407,
        "dmean2": 0.668149888515,
        "dvar": 0.162210226059,
        "dvar2": 0.378328233957,
        "max": 3.37952852249,
        "mean": 0.623123884201,
        "median": 0.638301372528,
        "min": -1.72445559502,
        "var": 0.510766148567
    },
    "erbbands_spread": {
        "dmean": 8.58789634705,
        "dmean2": 12.8633451462,
        "dvar": 101.2501297,
        "dvar2": 198.535888672,
        "max": 138.393493652,
        "mean": 35.2510490417,
        "median": 30.9466609955,
        "min": 4.66865587234,
        "var": 391.483215332
    },
    "hfc": {
        "dmean": 7.61074924469,
        "dmean2": 10.5454120636,
        "dvar": 65.0118789673,
        "dvar2": 121.435951233,
        "max": 110.64528656,
        "mean": 25.55037117,
        "median": 21.4839382172,
        "min": 0.397866040468,
        "var": 342.893920898
    },
    "melbands_crest": {
        "dmean": 4.92610120773,
        "dmean2": 8.42895030975,
        "dvar": 16.3888435364,
        "dvar2": 44.6098403931,
        "max": 35.0656051636,
        "mean": 17.8739624023,
        "median": 17.1521224976,
        "min": 4.38887548447,
        "var": 43.3491020203
    },
    "melbands_flatness_db": {
        "dmean": 0.0335830785334,
        "dmean2": 0.053719189018,
        "dvar": 0.00101065495983,
        "dvar2": 0.00243387254886,
        "max": 0.436945259571,
        "mean": 0.203011527658,
        "median": 0.194308519363,
        "min": 0.0537733584642,
        "var": 0.00349111412652
    },
    "melbands_kurtosis": {
        "dmean": 9.34993171692,
        "dmean2": 15.3630619049,
        "dvar": 359.134033203,
        "dvar2": 788.173339844,
        "max": 380.502807617,
        "mean": 13.0449171066,
        "median": 6.09182167053,
        "min": -1.22374010086,
        "var": 608.600952148
    },
    "melbands_skewness": {
        "dmean": 0.985889732838,
        "dmean2": 1.59058046341,
        "dvar": 1.19854283333,
        "dvar2": 2.74109458923,
        "max": 15.9984951019,
        "mean": 2.49170613289,
        "median": 2.11377453804,
        "min": -0.821713089943,
        "var": 3.37092638016
    },
    "melbands_spread": {
        "dmean": 8.62889957428,
        "dmean2": 13.9743299484,
        "dvar": 140.299911499,
        "dvar2": 337.801300049,
        "max": 170.267852783,
        "mean": 22.8997764587,
        "median": 20.7900066376,
        "min": 1.50891518593,
        "var": 229.010726929
    },
    "pitch_salience": {
        "dmean": 0.0912293344736,
        "dmean2": 0.151331856847,
        "dvar": 0.00678078178316,
        "dvar2": 0.0174283813685,
        "max": 0.818767547607,
        "mean": 0.484329968691,
        "median": 0.49577280879,
        "min": 0.109190322459,
        "var": 0.0173957683146
    },
    "silence_rate_20dB": {
        "dmean": 0,
        "dmean2": 0,
        "dvar": 0,
        "dvar2": 0,
        "max": 1,
        "mean": 1,
        "median": 1,
        "min": 1,
        "var": 0
    },
    "silence_rate_30dB": {
        "dmean": 0.0510835908353,
        "dmean2": 0.102246321738,
        "dvar": 0.0484738871455,
        "dvar2": 0.108832642436,
        "max": 1,
        "mean": 0.954369664192,
        "median": 1,
        "min": 0,
        "var": 0.0435485616326
    },
    "silence_rate_60dB": {
        "dmean": 0.0123839005828,
        "dmean2": 0.0247869864106,
        "dvar": 0.0122306123376,
        "dvar2": 0.0303692519665,
        "max": 1,
        "mean": 0.0116009283811,
        "median": 0,
        "min": 0,
        "var": 0.011466297321
    },
    "spectral_centroid": {
        "dmean": 274.083343506,
        "dmean2": 400.985321045,
        "dvar": 97841.890625,
        "dvar2": 208946.765625,
        "max": 3726.93701172,
        "mean": 1337.66235352,
        "median": 1237.35473633,
        "min": 285.117736816,
        "var": 296145.53125
    },
    "spectral_complexity": {
        "dmean": 4.05108356476,
        "dmean2": 5.71649885178,
        "dvar": 20.986579895,
        "dvar2": 31.2209739685,
        "max": 59,
        "mean": 20.7548332214,
        "median": 18,
        "min": 3,
        "var": 126.345878601
    },
    "spectral_decrease": {
        "dmean": 4.22243973119e-09,
        "dmean2": 7.14871717378e-09,
        "dvar": 2.75543176095e-17,
        "dvar2": 6.66175200276e-17,
        "max": -2.64370025871e-10,
        "mean": -1.07581650255e-08,
        "median": -9.16991993449e-09,
        "min": -4.17896011129e-08,
        "var": 6.61628155361e-17
    },
    "spectral_energy": {
        "dmean": 0.0162997171283,
        "dmean2": 0.0274496693164,
        "dvar": 0.000404623511713,
        "dvar2": 0.000961761630606,
        "max": 0.160541325808,
        "mean": 0.042921230197,
        "median": 0.0363395698369,
        "min": 0.00113831204362,
        "var": 0.00101415405516
    },
    "spectral_energyband_high": {
        "dmean": 0.000428971310612,
        "dmean2": 0.000514460087288,
        "dvar": 3.76811243541e-07,
        "dvar2": 5.14896839832e-07,
        "max": 0.00827817246318,
        "mean": 0.00109596119728,
        "median": 0.000608354224823,
        "min": 4.45013199624e-07,
        "var": 1.93255982595e-06
    },
    "spectral_energyband_low": {
        "dmean": 0.0134085277095,
        "dmean2": 0.0234478693455,
        "dvar": 0.000370280904463,
        "dvar2": 0.000962383695878,
        "max": 0.139408022165,
        "mean": 0.0233105607331,
        "median": 0.01443560794,
        "min": 1.41946031817e-06,
        "var": 0.00067526078783
    },
    "spectral_energyband_middle_high": {
        "dmean": 0.00293544004671,
        "dmean2": 0.00441791908816,
        "dvar": 1.42553162732e-05,
        "dvar2": 3.36552984663e-05,
        "max": 0.0582227818668,
        "mean": 0.00765683641657,
        "median": 0.00574840651825,
        "min": 7.16386857675e-05,
        "var": 5.70844531467e-05
    },
    "spectral_energyband_middle_low": {
        "dmean": 0.00531175965443,
        "dmean2": 0.00819620862603,
        "dvar": 4.82601681142e-05,
        "dvar2": 0.000120725409943,
        "max": 0.0754317715764,
        "mean": 0.0114758303389,
        "median": 0.00883799046278,
        "min": 0.000282659311779,
        "var": 9.18733712751e-05
    },
    "spectral_entropy": {
        "dmean": 0.168440848589,
        "dmean2": 0.237806156278,
        "dvar": 0.0333880223334,
        "dvar2": 0.0654682740569,
        "max": 8.73287200928,
        "mean": 7.67394304276,
        "median": 7.70866155624,
        "min": 6.15378332138,
        "var": 0.154793575406
    },
    "spectral_flux": {
        "dmean": 0.041865799576,
        "dmean2": 0.0718087032437,
        "dvar": 0.00236754235812,
        "dvar2": 0.00654000882059,
        "max": 0.393344193697,
        "mean": 0.113029666245,
        "median": 0.101701639593,
        "min": 0.0178908407688,
        "var": 0.00372816598974
    },
    "spectral_kurtosis": {
        "dmean": 1.36438298225,
        "dmean2": 2.15365099907,
        "dvar": 4.07293128967,
        "dvar2": 9.48688602448,
        "max": 32.6690139771,
        "mean": 3.88967490196,
        "median": 3.30369091034,
        "min": -1.27312922478,
        "var": 8.69896221161
    },
    "spectral_rms": {
        "dmean": 0.00121354765724,
        "dmean2": 0.00197879457846,
        "dvar": 1.72003399257e-06,
        "dvar2": 3.72758495359e-06,
        "max": 0.0125150186941,
        "mean": 0.00599041394889,
        "median": 0.00595426233485,
        "min": 0.00105382560287,
        "var": 5.98933911533e-06
    },
    "spectral_rolloff": {
        "dmean": 554.730651855,
        "dmean2": 963.339477539,
        "dvar": 1021593.1875,
        "dvar2": 2259201.75,
        "max": 9280.81054688,
        "mean": 1289.39404297,
        "median": 990.52734375,
        "min": 64.599609375,
        "var": 1779088.875
    },
    "spectral_skewness": {
        "dmean": 0.219596624374,
        "dmean2": 0.324179381132,
        "dvar": 0.0649098232388,
        "dvar2": 0.13823838532,
        "max": 4.40668725967,
        "mean": 1.55105507374,
        "median": 1.53349673748,
        "min": 0.158012226224,
        "var": 0.225212812424
    },
    "spectral_spread": {
        "dmean": 619492.875,
        "dmean2": 858266.1875,
        "dvar": 589528104960,
        "dvar2": 1.03571049677e+12,
        "max": 12968236,
        "mean": 4984211,
        "median": 4795191.5,
        "min": 1736978.125,
        "var": 2.42925856358e+12
    },
    "spectral_strongpeak": {
        "dmean": 0.583773910999,
        "dmean2": 1.00683629513,
        "dvar": 0.887638449669,
        "dvar2": 2.36620187759,
        "max": 7.31941461563,
        "mean": 0.850580751896,
        "median": 0.430240601301,
        "min": 0,
        "var": 1.19812989235
    },
    "zerocrossingrate": {
        "dmean": 0.0120346965268,
        "dmean2": 0.0146431419998,
        "dvar": 0.000229951561778,
        "dvar2": 0.000299887731671,
        "max": 0.294921875,
        "mean": 0.0564823970199,
        "median": 0.04931640625,
        "min": 0.00830078125,
        "var": 0.00110436906107
    },
    "barkbands": {
        "dmean": [0.00113713135943, 0.0117893600836, 0.00500823976472, 0.000911553855985, 0.00119901529979, 0.000779364199843, 0.00172665098216, 0.000856576021761, 0.00199394323863, 0.00115468888544, 0.000868196191732, 0.000787609431427, 0.000552316661924, 0.000430874235462, 0.000404104299378, 0.000242261419771, 0.000245237140916, 0.000205218821066, 0.000123221776448, 0.000111378409201, 0.000110879467684, 0.000102148056612, 0.000103813043097, 7.61596311349e-05, 5.56328923267e-05, 3.9186928916e-05, 3.94176424834e-08],
        "dmean2": [0.00163021904882, 0.0204473678023, 0.00864676665515, 0.0015585051151, 0.00193131773267, 0.00125429977197, 0.00262447795831, 0.00141665304545, 0.00313666183501, 0.00182898866478, 0.00132271787152, 0.00123787485063, 0.000869435665663, 0.000694350164849, 0.00064064108301, 0.000382751866709, 0.000388864718843, 0.000326596316881, 0.000196822162252, 0.000170845698449, 0.000151207234012, 0.000133107183501, 0.000145126497955, 0.000111805988126, 8.17575491965e-05, 5.35190483788e-05, 6.29700735999e-08],
        "dvar": [2.69036695499e-06, 0.000309214286972, 0.000186104138265, 6.45652562525e-06, 4.73465752293e-06, 2.53033795161e-06, 9.35003299674e-06, 4.23588107878e-06, 1.8441114662e-05, 7.8722687249e-06, 3.24797633766e-06, 2.7763126127e-06, 1.30137163978e-06, 5.95466303821e-07, 4.63909344717e-07, 2.2428011448e-07, 1.67596382994e-07, 1.20430797779e-07, 7.48243920157e-08, 3.06076053391e-08, 3.64260372976e-08, 3.78543845159e-08, 2.25480736304e-08, 1.44546641323e-08, 6.0991411921e-09, 5.32400123987e-09, 6.03668387522e-14],
        "dvar2": [4.99296083945e-06, 0.000856426311657, 0.000460530456621, 1.32717896122e-05, 1.09771262942e-05, 6.73425847708e-06, 2.01799575734e-05, 1.07169062176e-05, 5.05093921674e-05, 1.96292276087e-05, 6.84586575517e-06, 6.38581832391e-06, 3.02548232867e-06, 1.46677052726e-06, 1.14029523957e-06, 5.54331791136e-07, 3.82420097367e-07, 2.78909084273e-07, 1.84245422474e-07, 7.09158527457e-08, 6.79483775912e-08, 7.10909731083e-08, 4.5146435923e-08, 3.05835463621e-08, 1.21955165966e-08, 1.01316333101e-08, 9.73225067701e-14],
        "max": [0.0135611649603, 0.134867936373, 0.0942467972636, 0.0190723799169, 0.0289685986936, 0.0240353606641, 0.0324471071362, 0.0264858938754, 0.0620471462607, 0.052858825773, 0.0288107376546, 0.0225134696811, 0.0150882760063, 0.00785506609827, 0.00831290706992, 0.0062268320471, 0.00463437242433, 0.00395986624062, 0.0049847937189, 0.00188802962657, 0.00230031460524, 0.00264289951883, 0.00184152415022, 0.00122721283697, 0.000935715856031, 0.000773213687353, 6.64875278744e-06],
        "mean": [0.00187318457756, 0.0163722839206, 0.00462912209332, 0.000918111938518, 0.00153535115533, 0.00128260010388, 0.00320657086559, 0.00110986584332, 0.00289718364365, 0.0018140359316, 0.00153573509306, 0.0011747488752, 0.000827299372759, 0.0006888503558, 0.000629535526969, 0.000350543821696, 0.000366881373338, 0.000312044401653, 0.000204109979677, 0.000208465193282, 0.000240136228967, 0.00022458130843, 0.000219108726014, 0.000148100618389, 9.65669678408e-05, 5.62382156204e-05, 3.40525403431e-08],
        "median": [0.000417627074057, 0.00870663393289, 0.000772783649154, 0.000131193679408, 0.00046545494115, 0.000697652169038, 0.00141699519008, 0.000540279434063, 0.000866263289936, 0.000493113242555, 0.00039237679448, 0.000292309210636, 0.000344403350027, 0.000270001852186, 0.000274948630249, 0.000150817126269, 0.00017873426259, 0.000155708563398, 8.48308409331e-05, 0.000104171915154, 0.000105640749098, 9.30054811761e-05, 0.000116394956422, 7.18213777873e-05, 4.68341495434e-05, 1.50295973071e-05, 7.61313068143e-10],
        "min": [1.15272502654e-09, 2.4247955821e-07, 2.62233442072e-07, 5.70763631913e-08, 2.60139518105e-06, 1.84908221854e-05, 8.65553010954e-06, 1.81534942385e-05, 9.47473108681e-06, 6.17670411884e-06, 9.16804083317e-07, 1.85191743185e-06, 6.97259383742e-06, 1.17707168101e-06, 1.50044513703e-06, 1.37992481086e-06, 1.21027778732e-06, 7.1970538329e-07, 2.04160770068e-07, 1.34092360327e-07, 7.44235606476e-08, 4.25953388117e-08, 9.88216228848e-08, 3.42229213857e-08, 6.4329758187e-10, 6.14479356287e-10, 8.2853741229e-12],
        "var": [7.87793578638e-06, 0.000438605056843, 0.000150317282532, 6.71135740049e-06, 8.10378878668e-06, 3.47716195392e-06, 2.07912817132e-05, 4.39073710368e-06, 2.77274284599e-05, 1.45660796989e-05, 9.40508016356e-06, 5.81364201935e-06, 2.17681781578e-06, 1.1846191228e-06, 7.61209150824e-07, 3.11411071152e-07, 2.7072286457e-07, 1.8758593967e-07, 1.22400308555e-07, 8.17335745751e-08, 1.32721538648e-07, 1.36345207125e-07, 7.50016582174e-08, 4.04195468207e-08, 1.55624935161e-08, 1.02856736461e-08, 5.43761711277e-14]
    },
    "erbbands": {
        "dmean": [0.496523022652, 2.148458004, 5.0508518219, 4.19145107269, 2.80875372887, 5.0905251503, 4.53879308701, 6.67522859573, 18.6896095276, 31.0206222534, 14.2131147385, 40.6685600281, 41.1338691711, 39.0350494385, 32.2105751038, 29.4544887543, 25.2822818756, 25.1407737732, 22.5132236481, 15.2043991089, 14.0642251968, 12.4941625595, 11.0845966339, 7.37411642075, 5.57673454285, 5.30632734299, 4.46446561813, 4.43280792236, 3.85914516449, 2.90401268005, 3.22244715691, 1.97975611687, 1.13037836552, 0.492706686258, 0.461736768484, 0.268743187189, 0.064251318574, 0.0047807325609, 9.64521750575e-05, 2.06224594876e-05],
        "dmean2": [0.872655034065, 3.65222072601, 8.54876232147, 7.05218219757, 4.62379598618, 8.35444259644, 7.38194179535, 10.7591276169, 28.0457744598, 50.0673561096, 22.013792038, 63.8238716125, 64.8741760254, 60.0703010559, 48.094619751, 45.0631523132, 39.5811843872, 39.270072937, 35.9615898132, 24.4522953033, 21.5560150146, 19.340681076, 17.3834629059, 11.9363937378, 8.54979515076, 8.22387886047, 6.10732841492, 6.01423358917, 5.16629838943, 3.74765610695, 4.61646842957, 2.96834492683, 1.65201127529, 0.717810630798, 0.69902664423, 0.382743060589, 0.0885374769568, 0.00738117843866, 0.000140557836858, 3.25319415424e-05],
        "dvar": [0.53847849369, 11.2542448044, 172.482055664, 131.944915771, 33.4360237122, 93.0851898193, 89.4656982422, 212.253051758, 1337.94299316, 4605.64648438, 715.983581543, 7645.37451172, 12124.1455078, 8567.8125, 3577.16650391, 3784.69726562, 2542.77490234, 1933.49133301, 1847.41601562, 484.968109131, 869.929870605, 430.903259277, 339.540405273, 221.978744507, 114.233634949, 72.0405807495, 49.7361068726, 66.7920532227, 57.7511367798, 21.1486740112, 22.8754062653, 9.56486988068, 3.64043259621, 0.719833493233, 0.424934595823, 0.206603974104, 0.0137999095023, 8.95566263353e-05, 3.18524264742e-08, 6.78215705818e-10],
        "dvar2": [1.52160799503, 29.4028606415, 429.338653564, 280.407653809, 74.2618789673, 209.846878052, 218.159179688, 566.657775879, 2984.93115234, 11222.8779297, 1673.35046387, 19574.921875, 32368.6347656, 21195.8144531, 7422.63574219, 8919.98144531, 5827.31152344, 4518.18359375, 4464.85302734, 1168.66137695, 2103.49414062, 942.44720459, 747.988525391, 563.302246094, 253.998931885, 168.643249512, 95.4823989868, 123.387771606, 112.156105042, 36.7751426697, 50.7170295715, 21.3812732697, 7.95074892044, 1.55175805092, 0.839734911919, 0.42027592659, 0.0256931539625, 0.000203178860829, 6.54951861634e-08, 1.31462885022e-09],
        "max": [5.22326660156, 26.8311309814, 99.8050918579, 83.8768463135, 46.1880760193, 141.565429688, 113.325744629, 235.39402771, 459.789031982, 822.526733398, 418.770568848, 1180.67004395, 1984.88037109, 1758.8449707, 911.804748535, 1002.8850708, 672.714355469, 527.311950684, 573.133666992, 212.678436279, 413.995025635, 238.901077271, 208.675170898, 186.804733276, 152.215484619, 88.994758606, 86.763961792, 109.316146851, 102.640419006, 74.0824203491, 59.474571228, 32.0386352539, 21.8806247711, 11.4220027924, 6.79606199265, 4.22910261154, 1.25943410397, 0.0968716070056, 0.00241309241392, 0.000265591748757],
        "mean": [0.670874714851, 2.90518403053, 5.29201555252, 4.35127973557, 3.43742632866, 6.1464548111, 5.74178028107, 11.5746030807, 37.6398277283, 46.9233779907, 24.4169654846, 61.499671936, 61.1714286804, 68.7500839233, 59.3268013, 47.6426887512, 40.0842819214, 40.3182296753, 35.9263954163, 23.4284820557, 21.874830246, 19.9021987915, 17.8842868805, 12.0280609131, 10.3990468979, 10.0943050385, 9.37172698975, 9.4037733078, 8.28058624268, 6.77219581604, 6.44023275375, 3.80910778046, 2.10280275345, 0.920025527477, 0.728629171848, 0.36304718256, 0.0915825068951, 0.00597242545336, 0.000151975313202, 5.85343732382e-05],
        "median": [0.228383377194, 1.3042447567, 1.44233191013, 0.741998791695, 0.873985767365, 1.65720438957, 2.84619998932, 6.48803281784, 15.7505846024, 22.3006687164, 13.7877855301, 20.2769756317, 20.370262146, 22.4581127167, 20.1991882324, 14.1438694, 18.5540866852, 17.7716426849, 13.8841590881, 12.7173280716, 9.50582313538, 10.0581235886, 9.50966358185, 5.77803230286, 4.53334856033, 4.96835041046, 4.34033966064, 3.87145447731, 3.3693625927, 2.95165038109, 3.58956813812, 1.9012016058, 0.967028915882, 0.425010323524, 0.32181596756, 0.112986251712, 0.0241385623813, 0.00145028135739, 6.06910252827e-05, 4.71247840323e-05],
        "min": [4.56279440186e-06, 9.75881630438e-05, 0.000563627691008, 0.000834755366668, 0.00614820094779, 0.0130333872512, 0.107239708304, 0.128808870912, 0.378911942244, 0.336091458797, 0.535240650177, 0.725450456142, 0.47077280283, 0.182831168175, 0.304269164801, 0.16752833128, 0.360799789429, 0.140383034945, 0.0707384943962, 0.0875295996666, 0.0763807967305, 0.0472430549562, 0.0437708944082, 0.0290235821158, 0.0153777236119, 0.00519823236391, 0.0060036634095, 0.00183024723083, 0.00165795977227, 0.00158851395827, 0.00305604632013, 0.00103190203663, 0.000460557232145, 4.27972008765e-05, 2.27513410209e-05, 1.4528633983e-05, 1.38523353144e-06, 1.24622147268e-07, 6.40831672172e-07, 1.31186527597e-06],
        "var": [0.798741340637, 15.6847610474, 146.892242432, 131.321640015, 43.9787559509, 163.012680054, 101.468566895, 289.208312988, 3635.56469727, 5662.484375, 1246.59191895, 12972.6005859, 15135.0087891, 18775.5957031, 10506.0751953, 9349.48925781, 4674.53808594, 3863.71777344, 3015.01074219, 838.33392334, 1253.91662598, 754.654907227, 567.140197754, 328.18069458, 267.094421387, 192.383270264, 169.430450439, 242.159118652, 193.901153564, 92.9513015747, 64.239151001, 24.7179546356, 9.39112377167, 1.83001089096, 0.960334122181, 0.366601645947, 0.0269143767655, 0.000131592518301, 5.66811486635e-08, 2.05869832293e-09]
    },
    "gfcc": {
        "mean": [23.7284240723, 86.8476028442, -116.418319702, 26.533449173, -64.5858001709, 29.7000617981, -30.6476554871, 21.9927711487, -12.6798839569, 13.1094884872, -10.4801435471, 7.18463659286, -10.9531917572],
        "cov": [[3301.78369141, -743.47668457, 80.842880249, 272.087402344, 171.421188354, 383.261535645, 168.634017944, 97.8124008179, -169.320510864, 164.499359131, -228.1796875, 158.919113159, -47.67420578], [-743.47668457, 899.706970215, -62.7329101562, -100.28212738, 208.222961426, -84.8302383423, 143.324249268, -41.704246521, 93.3778686523, -72.4898376465, 117.739311218, -61.0559997559, 44.0102043152], [80.842880249, -62.7329101562, 648.040039062, 144.123184204, 76.0712585449, 79.2186050415, -30.2518348694, 54.0052185059, -47.5837440491, 28.328037262, -38.5055847168, 42.5871963501, -50.2605323792], [272.087402344, -100.28212738, 144.123184204, 376.003448486, 77.3959121704, 7.23293972015, -2.67234182358, 16.8502388, 9.36546039581, 9.26241970062, -19.1045398712, 15.4317407608, 15.1863508224], [171.421188354, 208.222961426, 76.0712585449, 77.3959121704, 284.091552734, 61.8400688171, 83.0932388306, 59.5944442749, 25.8496208191, 29.8723297119, 5.57304477692, 14.8302249908, 7.99708175659], [383.261535645, -84.8302383423, 79.2186050415, 7.23293972015, 61.8400688171, 303.464172363, 171.493026733, 42.6149177551, 2.44940543175, 66.7911758423, -1.9584634304, 26.4349822998, 10.7387676239], [168.634017944, 143.324249268, -30.2518348694, -2.67234182358, 83.0932388306, 171.493026733, 293.25692749, 41.7856216431, 11.8151035309, 53.1905975342, 28.2959747314, 19.8331203461, 24.7680702209], [97.8124008179, -41.704246521, 54.0052185059, 16.8502388, 59.5944442749, 42.6149177551, 41.7856216431, 131.198608398, 39.498966217, 31.4646987915, 16.1372394562, 22.2375049591, 14.0945014954], [-169.320510864, 93.3778686523, -47.5837440491, 9.36546039581, 25.8496208191, 2.44940543175, 11.8151035309, 39.498966217, 143.240524292, 37.3050842285, 54.0815849304, 6.00423526764, 36.1065063477], [164.499359131, -72.4898376465, 28.328037262, 9.26241970062, 29.8723297119, 66.7911758423, 53.1905975342, 31.4646987915, 37.3050842285, 133.726867676, 23.6241149902, 22.2042102814, 12.5531187057], [-228.1796875, 117.739311218, -38.5055847168, -19.1045398712, 5.57304477692, -1.9584634304, 28.2959747314, 16.1372394562, 54.0815849304, 23.6241149902, 122.069633484, 16.1849746704, 27.2400341034], [158.919113159, -61.0559997559, 42.5871963501, 15.4317407608, 14.8302249908, 26.4349822998, 19.8331203461, 22.2375049591, 6.00423526764, 22.2042102814, 16.1849746704, 83.5344619751, 21.4645671844], [-47.67420578, 44.0102043152, -50.2605323792, 15.1863508224, 7.99708175659, 10.7387676239, 24.7680702209, 14.0945014954, 36.1065063477, 12.5531187057, 27.2400341034, 21.4645671844, 74.9160003662]],
        "icov": [[0.000653529132251, 0.000123560879729, 0.000439754658146, -0.000447427417384, -0.000280159059912, -0.000638732512016, 0.000117680705443, -0.000313872500556, 0.000668310676701, -0.000613689946476, 0.0010338020511, -0.00123387784697, 0.000628993206192], [0.000123560879729, 0.00504074012861, -0.00150047626812, 0.00224230065942, -0.00454203505069, 0.00314428773709, -0.00410326896235, 0.00420722831041, -0.00300696259364, 0.00386759755202, -0.00341522460803, 0.004050812684, -0.00286226603203], [0.000439754658146, -0.00150047626812, 0.00301037845202, -0.00179585814476, 0.000914639735129, -0.00221363129094, 0.00220333295874, -0.00239156605676, 0.00214686221443, -0.00194914406165, 0.00184563291259, -0.00325983040966, 0.00304097542539], [-0.000447427417384, 0.00224230065942, -0.00179585814476, 0.00456446222961, -0.002623307053, 0.00223346683197, -0.00198811898008, 0.00250308471732, -0.00227527483366, 0.00225627282634, -0.00168348313309, 0.00280289584771, -0.00305826193653], [-0.000280159059912, -0.00454203505069, 0.000914639735129, -0.002623307053, 0.00858694594353, -0.00262233684771, 0.00250003905967, -0.00501992832869, 0.00198767078109, -0.00334574771114, 0.00298843206838, -0.00323525676504, 0.0026555180084], [-0.000638732512016, 0.00314428773709, -0.00221363129094, 0.00223346683197, -0.00262233684771, 0.00842034816742, -0.00593875721097, 0.00281523005106, -0.00263467058539, 0.00169830559753, -0.00231126416475, 0.00362077960745, -0.00289656361565], [0.000117680705443, -0.00410326896235, 0.00220333295874, -0.00198811898008, 0.00250003905967, -0.00593875721097, 0.00939903222024, -0.00421447027475, 0.0036983739119, -0.00396923720837, 0.00193364266306, -0.00372227537446, 0.00188252679072], [-0.000313872500556, 0.00420722831041, -0.00239156605676, 0.00250308471732, -0.00501992832869, 0.00281523005106, -0.00421447027475, 0.0137562211603, -0.00547748012468, 0.00312095484696, -0.0033897778485, 0.00283930962905, -0.00330958352424], [0.000668310676701, -0.00300696259364, 0.00214686221443, -0.00227527483366, 0.00198767078109, -0.00263467058539, 0.0036983739119, -0.00547748012468, 0.0131726441905, -0.00524190068245, -0.00014835462207, -0.00243999483064, -0.000650718749966], [-0.000613689946476, 0.00386759755202, -0.00194914406165, 0.00225627282634, -0.00334574771114, 0.00169830559753, -0.00396923720837, 0.00312095484696, -0.00524190068245, 0.0133177516982, -0.00455468613654, 0.00310834962875, -0.00252846046351], [0.0010338020511, -0.00341522460803, 0.00184563291259, -0.00168348313309, 0.00298843206838, -0.00231126416475, 0.00193364266306, -0.0033897778485, -0.00014835462207, -0.00455468613654, 0.0150437736884, -0.00652463827282, 0.00148850213736], [-0.00123387784697, 0.004050812684, -0.00325983040966, 0.00280289584771, -0.00323525676504, 0.00362077960745, -0.00372227537446, 0.00283930962905, -0.00243999483064, 0.00310834962875, -0.00652463827282, 0.0207281019539, -0.00830865465105], [0.000628993206192, -0.00286226603203, 0.00304097542539, -0.00305826193653, 0.0026555180084, -0.00289656361565, 0.00188252679072, -0.00330958352424, -0.000650718749966, -0.00252846046351, 0.00148850213736, -0.00830865465105, 0.0207987632602]]
    },
    "melbands": {
        "dmean": [0.00374659989029, 0.00226715323515, 0.000711868808139, 0.000281261251075, 0.000170380881173, 0.000156198366312, 0.000304136163322, 0.000310114701279, 0.000126866711071, 0.00028084704536, 0.00020631638472, 0.000162919779541, 0.000125873615616, 8.52556913742e-05, 7.12382679922e-05, 4.9242265959e-05, 4.77152061649e-05, 3.83129336115e-05, 2.28652315855e-05, 1.7208420104e-05, 1.82284493349e-05, 1.41545706356e-05, 1.20052918646e-05, 1.01569221442e-05, 5.87332260693e-06, 4.84038946524e-06, 3.83406813853e-06, 3.60444801117e-06, 3.17048579745e-06, 2.78128732134e-06, 2.79208029497e-06, 2.30668433687e-06, 2.02487376555e-06, 1.68502003817e-06, 2.13603129851e-06, 1.61181287694e-06, 1.17998820315e-06, 9.30762325879e-07, 5.11946666393e-07, 4.48635546491e-07],
        "dmean2": [0.00655919592828, 0.00361152575351, 0.00119239266496, 0.000459384435089, 0.000273744837614, 0.000252098048804, 0.000456612528069, 0.000503322517034, 0.000193591113202, 0.000442368764197, 0.000325858301949, 0.000251870747888, 0.000187965386431, 0.000132290413603, 0.000112486362923, 7.86344244261e-05, 7.63255447964e-05, 6.16754987277e-05, 3.58736651833e-05, 2.77563558484e-05, 2.8323243896e-05, 2.22071048483e-05, 1.89513084479e-05, 1.62275937328e-05, 9.70052769844e-06, 7.7219965533e-06, 5.68729319639e-06, 5.75136436964e-06, 4.68414464194e-06, 3.95732286051e-06, 3.90510194848e-06, 3.13589112011e-06, 2.81381790046e-06, 2.38627058025e-06, 3.12915972245e-06, 2.50483503805e-06, 1.76392529738e-06, 1.37353697482e-06, 7.99610745617e-07, 6.7558352157e-07],
        "dvar": [3.15790821332e-05, 2.12172744796e-05, 3.67173447557e-06, 2.58198923575e-07, 1.25253365013e-07, 1.22500821931e-07, 3.18920939435e-07, 4.75916237974e-07, 5.19892111583e-08, 3.78605108153e-07, 2.95257564176e-07, 1.67697223219e-07, 5.81505972264e-08, 3.76675188818e-08, 2.26065264286e-08, 9.72872271632e-09, 7.68324426303e-09, 5.7851550217e-09, 1.26411003887e-09, 7.54495299571e-10, 1.47737522216e-09, 6.25694496215e-10, 3.2802113803e-10, 3.5507269347e-10, 1.60494256773e-10, 1.20823295813e-10, 3.7171116879e-11, 3.57946172702e-11, 2.66364378471e-11, 2.32254146471e-11, 2.86082442458e-11, 2.1611823442e-11, 1.41110387264e-11, 7.43454343227e-12, 1.01687035528e-11, 6.54616855514e-12, 3.57895896079e-12, 2.56548948752e-12, 7.3073968751e-13, 6.14879078643e-13],
        "dvar2": [8.87308342499e-05, 5.14611238032e-05, 7.86956206866e-06, 6.1669175011e-07, 2.87788338937e-07, 3.30748264332e-07, 6.88513409841e-07, 1.17386866805e-06, 1.17850248671e-07, 1.01424132026e-06, 7.89443959093e-07, 4.16618547661e-07, 1.21026133115e-07, 8.3952386376e-08, 5.57878543361e-08, 2.28535963487e-08, 1.83136315002e-08, 1.3995713033e-08, 3.06681835482e-09, 1.99153271652e-09, 3.57274942964e-09, 1.45670497886e-09, 7.54921625212e-10, 8.38413949378e-10, 4.16610274057e-10, 2.99877539467e-10, 7.67407595803e-11, 8.54500289971e-11, 5.85532594632e-11, 4.72829692066e-11, 5.36799805995e-11, 4.07987810203e-11, 2.95487731505e-11, 1.48364584507e-11, 2.28992189794e-11, 1.5768383127e-11, 8.136046524e-12, 5.60402158706e-12, 1.70035426711e-12, 1.34416490525e-12],
        "max": [0.0425997115672, 0.0391723178327, 0.0131750619039, 0.00624383753166, 0.0056334240362, 0.00611171592027, 0.00629619928077, 0.00751904491335, 0.0032182619907, 0.00762124778703, 0.00963098276407, 0.00805898848921, 0.00434942636639, 0.00314157037064, 0.00222341041081, 0.00140547915362, 0.000941408041399, 0.0010573688196, 0.000406506820582, 0.000342257262673, 0.000471437437227, 0.000239719112869, 0.000227329830523, 0.000236929292441, 0.000167445614352, 0.000213604347664, 7.92264327174e-05, 7.3449795309e-05, 5.33664569957e-05, 6.03457119723e-05, 7.8441320511e-05, 5.60340195079e-05, 5.23460803379e-05, 3.75260060537e-05, 3.98994015995e-05, 2.93070024782e-05, 2.27161708608e-05, 1.88245739992e-05, 9.98696305032e-06, 1.06543557195e-05],
        "mean": [0.00523459399119, 0.00313287274912, 0.000743027136195, 0.000354897987563, 0.000217865032027, 0.000266558898147, 0.000610019895248, 0.000450848427135, 0.000207232136745, 0.000414813752286, 0.000299523933791, 0.000275182508631, 0.000226897522225, 0.00013055402087, 0.000106498817331, 7.79419860919e-05, 7.23599514458e-05, 5.73881297896e-05, 3.57422977686e-05, 2.50613557e-05, 2.60184333456e-05, 2.05896558327e-05, 1.85352055269e-05, 1.46525098899e-05, 9.03056661627e-06, 7.93599519966e-06, 6.87847432346e-06, 6.58566432321e-06, 5.85174984735e-06, 5.69239955439e-06, 5.35769277121e-06, 4.62939806312e-06, 4.31000717072e-06, 3.53905966222e-06, 4.02291379942e-06, 2.83340204987e-06, 2.14436386159e-06, 1.62286653449e-06, 9.0691207788e-07, 7.41872156595e-07],
        "median": [0.00243913801387, 0.00146293477155, 0.000141061813338, 9.56892181421e-05, 9.65489598457e-05, 0.000144307865412, 0.000271520286333, 0.000214374245843, 0.000101510595414, 0.000125999664306, 9.1648871603e-05, 7.59071917855e-05, 7.00102027622e-05, 3.09373899654e-05, 4.01526340283e-05, 3.31072915287e-05, 2.84805573756e-05, 1.98835386982e-05, 1.72021427716e-05, 1.24059015434e-05, 9.88191641227e-06, 9.53795733949e-06, 9.73858277575e-06, 6.9981483648e-06, 4.05915670854e-06, 3.12492647936e-06, 3.01560066873e-06, 3.07998425342e-06, 2.61399168267e-06, 2.4323087473e-06, 2.08129586099e-06, 1.85720125501e-06, 1.61840250712e-06, 1.51771939727e-06, 2.27949249165e-06, 1.33607852604e-06, 1.07392781956e-06, 7.20350215033e-07, 4.21150929242e-07, 2.96779745668e-07],
        "min": [5.01162418232e-08, 2.27725578839e-07, 2.13917275005e-07, 2.93111725114e-07, 3.92193260268e-06, 3.1062177186e-06, 5.39114535059e-06, 4.53274014944e-06, 1.51972847107e-06, 3.01499380839e-06, 1.29734542043e-06, 5.18521346748e-07, 5.46211595065e-07, 1.4841026541e-07, 5.23189612522e-07, 5.35005881375e-07, 1.35644569355e-07, 8.46454142334e-08, 1.16908971393e-07, 1.18037092989e-07, 6.48237445944e-08, 5.22923535584e-08, 3.39209051958e-08, 3.58986902427e-08, 2.13155200157e-08, 8.52792680917e-09, 5.86229287336e-09, 1.90926030541e-09, 4.05348599131e-09, 1.83070469895e-09, 7.89491416686e-10, 1.00954677951e-09, 5.66929503343e-10, 7.77984010547e-10, 1.56321766642e-09, 1.18561338525e-09, 4.58054788544e-10, 3.93550997346e-10, 1.63755012154e-12, 4.54477688122e-12],
