{
"highlevel": {
    "danceability": {
        "all": {
            "danceable": 0.999999880791,
            "not_danceable": 1.00000008274e-07
        },
        "probability": 0.999999880791,
        "value": "danceable"
    },
    "gender": {
        "all": {
            "female": 0.797124803066,
            "male": 0.202875167131
        },
        "probability": 0.797124803066,
        "value": "female"
    },
    "genre_dortmund": {
        "all": {
            "alternative": 0.0384118072689,
            "blues": 0.0106874546036,
            "electronic": 0.12055311352,
            "folkcountry": 0.0549521036446,
            "funksoulrnb": 0.0165665391833,
            "jazz": 0.0617878548801,
            "pop": 0.197409942746,
            "raphiphop": 0.465067535639,
            "rock": 0.0345636568964
        },
        "probability": 0.465067535639,
        "value": "raphiphop"
    },
    "genre_electronic": {
        "all": {
            "ambient": 0.162774845958,
            "dnb": 0.0812110975385,
            "house": 0.375770390034,
            "techno": 0.0159643944353,
            "trance": 0.364279299974
        },
        "probability": 0.375770390034,
        "value": "house"
    },
    "genre_rosamerica": {
        "all": {
            "cla": 0.00376040139236,
            "dan": 0.499816656113,
            "hip": 0.0701174661517,
            "jaz": 0.00517654046416,
            "pop": 0.202966928482,
            "rhy": 0.206102490425,
            "roc": 0.00823349598795,
            "spe": 0.00382602633908
        },
        "probability": 0.499816656113,
        "value": "dan"
    },
    "genre_tzanetakis": {
        "all": {
            "blu": 0.07593434304,
            "cla": 0.0337142795324,
            "cou": 0.0606776997447,
            "dis": 0.0505694411695,
            "hip": 0.151736244559,
            "jaz": 0.303671628237,
            "met": 0.0607067197561,
            "pop": 0.060691729188,
            "reg": 0.0505727082491,
            "roc": 0.151725202799
        },
        "probability": 0.303671628237,
        "value": "jaz"
    },
    "ismir04_rhythm": {
        "all": {
            "ChaChaCha": 0.337145715952,
            "Jive": 0.0675398930907,
            "Quickstep": 0.0276831425726,
            "Rumba-American": 0.0339049883187,
            "Rumba-International": 0.328265845776,
            "Rumba-Misc": 0.0428516082466,
            "Samba": 0.120737791061,
            "Tango": 0.0121543277055,
            "VienneseWaltz": 0.0196098368615,
            "Waltz": 0.0101068438962
        },
        "probability": 0.337145715952,
        "value": "ChaChaCha"
    },
    "mood_acoustic": {
        "all": {
            "acoustic": 6.65171455694e-06,
            "not_acoustic": 0.99999332428
        },
        "probability": 0.99999332428,
        "value": "not_acoustic"
    },
    "mood_aggressive": {
        "all": {
            "aggressive": 1.43651446294e-09,
            "not_aggressive": 1
        },
        "probability": 1,
        "value": "not_aggressive"
    },
    "mood_electronic": {
        "all": {
            "electronic": 0.428424566984,
            "not_electronic": 0.571575403214
        },
        "probability": 0.571575403214,
        "value": "not_electronic"
    },
    "mood_happy": {
        "all": {
            "happy": 0.620570540428,
            "not_happy": 0.379429459572
        },
        "probability": 0.620570540428,
        "value": "happy"
    },
    "mood_party": {
        "all": {
            "not_party": 0.172552272677,
            "party": 0.827447712421
        },
        "probability": 0.827447712421,
        "value": "party"
    },
    "mood_relaxed": {
        "all": {
            "not_relaxed": 0.805982887745,
            "relaxed": 0.194017082453
        },
        "probability": 0.805982887745,
        "value": "not_relaxed"
    },
    "mood_sad": {
        "all": {
            "not_sad": 0.597916185856,
            "sad": 0.402083784342
        },
        "probability": 0.597916185856,
        "value": "not_sad"
    },
    "moods_mirex": {
        "all": {
            "Cluster1": 0.170636758208,
            "Cluster2": 0.122102983296,
            "Cluster3": 0.189739897847,
            "Cluster4": 0.263336598873,
            "Cluster5": 0.254183769226
        },
        "probability": 0.263336598873,
        "value": "Cluster4"
    },
    "timbre": {
        "all": {
            "bright": 0.892324268818,
            "dark": 0.107675716281
        },
        "probability": 0.892324268818,
        "value": "bright"
    },
    "tonal_atonal": {
        "all": {
            "atonal": 0.00746905663982,
            "tonal": 0.992530941963
        },
        "probability": 0.992530941963,
        "value": "tonal"
    },
    "voice_instrumental": {
        "all": {
            "instrumental": 0.0529087111354,
            "voice": 0.947091281414
        },
        "probability": 0.947091281414,
        "value": "voice"
    }
},
"lowlevel": {
    "average_loudness": 0.97887724638,
    "barkbands_crest": {
        "dmean": 3.21987509727,
        "dmean2": 4.90087604523,
        "dvar": 9.51314544678,
        "dvar2": 20.8998012543,
        "max": 26.19556427,
        "mean": 13.84608078,
        "median": 13.536356926,
        "min": 2.59098863602,
        "var": 35.8677787781
    },
    "barkbands_flatness_db": {
        "dmean": 0.0327546335757,
        "dmean2": 0.0456571467221,
        "dvar": 0.00105587765574,
        "dvar2": 0.00203047762625,
        "max": 0.397637486458,
        "mean": 0.169033676386,
        "median": 0.164778068662,
        "min": 0.0389796569943,
        "var": 0.00428367312998
    },
    "barkbands_kurtosis": {
        "dmean": 7.47136831284,
        "dmean2": 11.2795000076,
        "dvar": 300.11428833,
        "dvar2": 701.51953125,
        "max": 289.0284729,
        "mean": 10.1185903549,
        "median": 3.43594455719,
        "min": -1.95506024361,
        "var": 546.428344727
    },
    "barkbands_skewness": {
        "dmean": 0.970870614052,
        "dmean2": 1.42509078979,
        "dvar": 1.3826880455,
        "dvar2": 3.24943566322,
        "max": 14.1128911972,
        "mean": 2.25176763535,
        "median": 1.8699067831,
        "min": -4.38740253448,
        "var": 4.05203104019
    },
    "barkbands_spread": {
        "dmean": 16.6956653595,
        "dmean2": 25.4468002319,
        "dvar": 391.749237061,
        "dvar2": 879.782836914,
        "max": 130.296646118,
        "mean": 34.9536361694,
        "median": 25.1382637024,
        "min": 0.647306323051,
        "var": 775.313354492
    },
    "dissonance": {
        "dmean": 0.0222423579544,
        "dmean2": 0.03628892079,
        "dvar": 0.000401948898798,
        "dvar2": 0.00097075116355,
        "max": 0.499990552664,
        "mean": 0.452014148235,
        "median": 0.459423184395,
        "min": 0.272986531258,
        "var": 0.00108653900679
    },
    "dynamic_complexity": 2.29182076454,
    "erbbands_crest": {
        "dmean": 2.88298797607,
        "dmean2": 4.3811583519,
        "dvar": 8.00501060486,
        "dvar2": 16.1778259277,
        "max": 25.8638935089,
        "mean": 9.30790042877,
        "median": 8.09160804749,
        "min": 2.05549168587,
        "var": 24.4436283112
    },
    "erbbands_flatness_db": {
        "dmean": 0.0209406130016,
        "dmean2": 0.0286885555834,
        "dvar": 0.000430186017184,
        "dvar2": 0.00079083343735,
        "max": 0.263024628162,
        "mean": 0.120394155383,
        "median": 0.109430961311,
        "min": 0.049745105207,
        "var": 0.00176238943823
    },
    "erbbands_kurtosis": {
        "dmean": 1.48762214184,
        "dmean2": 2.25608563423,
        "dvar": 5.7770614624,
        "dvar2": 13.4817180634,
        "max": 41.8355903625,
        "mean": 0.92043864727,
        "median": -0.153224945068,
        "min": -1.80336201191,
        "var": 10.9068803787
    },
    "erbbands_skewness": {
        "dmean": 0.535018622875,
        "dmean2": 0.79721814394,
        "dvar": 0.302385509014,
        "dvar2": 0.664133131504,
        "max": 4.89345693588,
        "mean": 0.37319278717,
        "median": 0.423064559698,
        "min": -5.79688930511,
        "var": 1.12879884243
    },
    "erbbands_spread": {
        "dmean": 17.9992904663,
        "dmean2": 25.2936382294,
        "dvar": 336.650817871,
        "dvar2": 765.894775391,
        "max": 197.247879028,
        "mean": 59.8077812195,
        "median": 56.3821868896,
        "min": 6.75899982452,
        "var": 921.913879395
    },
    "hfc": {
        "dmean": 39.9176826477,
        "dmean2": 60.6488418579,
        "dvar": 3321.578125,
        "dvar2": 7167.87158203,
        "max": 366.469116211,
        "mean": 52.5095405579,
        "median": 23.899274826,
        "min": 0.622147321701,
        "var": 4431.35253906
    },
    "melbands_crest": {
        "dmean": 3.93537688255,
        "dmean2": 5.95712471008,
        "dvar": 13.6976499557,
        "dvar2": 33.0432357788,
        "max": 36.5304985046,
        "mean": 20.0024623871,
        "median": 19.8405170441,
        "min": 3.66496443748,
        "var": 58.625743866
    },
    "melbands_flatness_db": {
        "dmean": 0.0435765273869,
        "dmean2": 0.0609862282872,
        "dvar": 0.00196330971085,
        "dvar2": 0.00412886263803,
        "max": 0.496213644743,
        "mean": 0.224405020475,
        "median": 0.220977932215,
        "min": 0.0181439258158,
        "var": 0.00756511837244
    },
    "melbands_kurtosis": {
        "dmean": 22.0389137268,
        "dmean2": 34.1573486328,
        "dvar": 2365.38012695,
        "dvar2": 5900.33544922,
        "max": 884.171081543,
        "mean": 39.2017974854,
        "median": 17.3406620026,
        "min": -1.92517197132,
        "var": 4541.28173828
    },
    "melbands_skewness": {
        "dmean": 1.28998851776,
        "dmean2": 1.90000033379,
        "dvar": 2.68791341782,
        "dvar2": 6.29535198212,
        "max": 26.0603408813,
        "mean": 4.36026620865,
        "median": 3.55598711967,
        "min": -0.290753871202,
        "var": 9.44605731964
    },
    "melbands_spread": {
        "dmean": 12.2976922989,
        "dmean2": 18.4562778473,
        "dvar": 384.034332275,
        "dvar2": 845.153259277,
        "max": 303.471038818,
        "mean": 23.97590065,
        "median": 15.8452062607,
        "min": 0.52315568924,
        "var": 876.540405273
    },
    "pitch_salience": {
        "dmean": 0.0904715359211,
        "dmean2": 0.139821112156,
        "dvar": 0.0100636845455,
        "dvar2": 0.0210930276662,
        "max": 0.832010865211,
        "mean": 0.439801573753,
        "median": 0.448682874441,
        "min": 0.0381355509162,
        "var": 0.0302768312395
    },
    "silence_rate_20dB": {
        "dmean": 0,
        "dmean2": 0,
        "dvar": 0,
        "dvar2": 0,
        "max": 1,
        "mean": 1,
        "median": 1,
        "min": 1,
        "var": 0
    },
    "silence_rate_30dB": {
        "dmean": 0.0588235296309,
        "dmean2": 0.117738187313,
        "dvar": 0.0553636103868,
        "dvar2": 0.106973931193,
        "max": 1,
        "mean": 0.869296193123,
        "median": 1,
        "min": 0,
        "var": 0.11362054199
    },
    "silence_rate_60dB": {
        "dmean": 0.00928792543709,
        "dmean2": 0.018590239808,
        "dvar": 0.00920166354626,
        "dvar2": 0.0197937469929,
        "max": 1,
        "mean": 0.0131477182731,
        "median": 0,
        "min": 0,
        "var": 0.0129748359323
    },
    "spectral_centroid": {
        "dmean": 448.048095703,
        "dmean2": 663.814331055,
        "dvar": 328323.5625,
        "dvar2": 734834.0625,
        "max": 7748.89404297,
        "mean": 1477.45910645,
        "median": 1196.59570312,
        "min": 213.860321045,
        "var": 959343
    },
    "spectral_complexity": {
        "dmean": 5.65325069427,
        "dmean2": 8.31525993347,
        "dvar": 64.3057174683,
        "dvar2": 119.335922241,
        "max": 57,
        "mean": 15.7958240509,
        "median": 13,
        "min": 1,
        "var": 118.482780457
    },
    "spectral_decrease": {
        "dmean": 3.36837802095e-09,
        "dmean2": 4.34962332818e-09,
        "dvar": 1.40444034899e-17,
        "dvar2": 2.55652791086e-17,
        "max": 1.37601138817e-10,
        "mean": -1.1218699747e-08,
        "median": -7.56482609887e-09,
        "min": -4.10610425661e-08,
        "var": 9.08047509772e-17
    },
    "spectral_energy": {
        "dmean": 0.0143898548558,
        "dmean2": 0.0189635064453,
        "dvar": 0.000238278953475,
        "dvar2": 0.000439099152572,
        "max": 0.156592458487,
        "mean": 0.0471047759056,
        "median": 0.0329677984118,
        "min": 0.000874257937539,
        "var": 0.00137511524372
    },
    "spectral_energyband_high": {
        "dmean": 0.00393525743857,
        "dmean2": 0.00597744388506,
        "dvar": 3.52402057615e-05,
        "dvar2": 7.45694633224e-05,
        "max": 0.0353793539107,
        "mean": 0.00440309057012,
        "median": 0.00120053370483,
        "min": 1.06149955172e-05,
        "var": 4.66111778223e-05
    },
    "spectral_energyband_low": {
        "dmean": 0.0101226521656,
        "dmean2": 0.0139737417921,
        "dvar": 0.000242149864789,
        "dvar2": 0.000423329125624,
        "max": 0.149796694517,
        "mean": 0.0273244082928,
        "median": 0.0113770104945,
        "min": 9.15077748687e-07,
        "var": 0.00124191457871
    },
    "spectral_energyband_middle_high": {
        "dmean": 0.00165579677559,
        "dmean2": 0.00245013250969,
        "dvar": 6.69024348099e-06,
        "dvar2": 1.52412521857e-05,
        "max": 0.033544216305,
        "mean": 0.00362771889195,
        "median": 0.00232164445333,
        "min": 2.6237230486e-05,
        "var": 1.46994880197e-05
    },
    "spectral_energyband_middle_low": {
        "dmean": 0.00617385143414,
        "dmean2": 0.00970502570271,
        "dvar": 9.88407045952e-05,
        "dvar2": 0.000243302944,
        "max": 0.0779695659876,
        "mean": 0.0124577647075,
        "median": 0.00984130613506,
        "min": 6.04330634815e-05,
        "var": 0.000137470313348
    },
    "spectral_entropy": {
        "dmean": 0.319201529026,
        "dmean2": 0.437034755945,
        "dvar": 0.110128305852,
        "dvar2": 0.236998781562,
        "max": 8.94476890564,
        "mean": 7.77559375763,
        "median": 7.79991388321,
        "min": 5.83388710022,
        "var": 0.333884447813
    },
    "spectral_flux": {
        "dmean": 0.0394675284624,
        "dmean2": 0.0522708147764,
        "dvar": 0.00144956435543,
        "dvar2": 0.00247449870221,
        "max": 0.353437781334,
        "mean": 0.109520569444,
        "median": 0.0911650583148,
        "min": 0.014458950609,
        "var": 0.0048098154366
    },
    "spectral_kurtosis": {
        "dmean": 1.28151619434,
        "dmean2": 1.89959716797,
        "dvar": 2.07876873016,
        "dvar2": 4.34285259247,
        "max": 15.1116199493,
        "mean": 2.24122548103,
        "median": 1.73412704468,
        "min": -1.46574985981,
        "var": 5.1737742424
    },
    "spectral_rms": {
        "dmean": 0.00107450562064,
        "dmean2": 0.00142658979166,
        "dvar": 1.14219869829e-06,
        "dvar2": 2.0309159936e-06,
        "max": 0.0123601434752,
        "mean": 0.00625769980252,
        "median": 0.00567130558193,
        "min": 0.000923544575926,
        "var": 6.79705863149e-06
    },
    "spectral_rolloff": {
        "dmean": 2107.80102539,
        "dmean2": 3604.43212891,
        "dvar": 10115915,
        "dvar2": 23308532,
        "max": 13501.3183594,
        "mean": 2723.59472656,
        "median": 818.26171875,
        "min": 64.599609375,
        "var": 13559814
    },
    "spectral_skewness": {
        "dmean": 0.297427356243,
        "dmean2": 0.438105523586,
        "dvar": 0.0861632376909,
        "dvar2": 0.181422203779,
        "max": 3.41434550285,
        "mean": 1.33432304859,
        "median": 1.32852625847,
        "min": -0.733952045441,
        "var": 0.285036057234
    },
    "spectral_spread": {
        "dmean": 1643202,
        "dmean2": 2349652,
        "dvar": 3.67042179891e+12,
        "dvar2": 7.61851595981e+12,
        "max": 21191890,
        "mean": 8117765,
        "median": 7621969,
        "min": 2882778,
        "var": 9.03080941978e+12
    },
    "spectral_strongpeak": {
        "dmean": 0.411862641573,
        "dmean2": 0.656293451786,
        "dvar": 0.566279709339,
        "dvar2": 1.26515638828,
        "max": 13.8718833923,
        "mean": 0.843960642815,
        "median": 0.563885033131,
        "min": 0,
        "var": 0.93914270401
    },
    "zerocrossingrate": {
        "dmean": 0.029537614435,
        "dmean2": 0.0337867178023,
        "dvar": 0.000854227633681,
        "dvar2": 0.00103247188963,
        "max": 0.48681640625,
        "mean": 0.0926114320755,
        "median": 0.07470703125,
        "min": 0.0029296875,
        "var": 0.00501534901559
    },
    "barkbands": {
        "dmean": [0.000503954302985, 0.00943147856742, 0.00366763793863, 0.00146271893755, 0.0031957058236, 0.000966548279393, 0.00103847810533, 0.00122441770509, 0.000579377054237, 0.000498860841617, 0.000340901839081, 0.000357704964699, 0.00023164099548, 0.000186780001968, 0.0002382685052, 0.000206274926313, 0.000137690949487, 0.000160649928148, 0.000177768786671, 0.000209477249882, 0.000355215073796, 0.000413918314734, 0.000643472827505, 0.000666319741867, 0.00109130516648, 0.000946390384343, 1.87775327731e-07],
        "dmean2": [0.000579265935812, 0.0131443180144, 0.00604734942317, 0.00274475850165, 0.00522859068587, 0.00160307320766, 0.00162693904713, 0.00186020636465, 0.00088836037321, 0.000743640994187, 0.000513428763952, 0.000548002892174, 0.000353035255102, 0.000290305702947, 0.000387085456168, 0.000339806982083, 0.000210949816392, 0.000263291964075, 0.000292592274491, 0.000339586607879, 0.000543810136151, 0.000618359656073, 0.000990628730506, 0.00104322005063, 0.00172267784365, 0.00153428991325, 3.54287635673e-07],
        "dvar": [6.01839758474e-07, 0.00024308283173, 0.000126738115796, 2.53393591265e-05, 3.20570616168e-05, 3.52113966073e-06, 3.39424082085e-06, 5.33935462954e-06, 1.64884431797e-06, 1.01299247035e-06, 4.24107781782e-07, 4.94461346534e-07, 3.13079056014e-07, 1.28253901721e-07, 2.8416266673e-07, 1.20200112974e-07, 5.03867205737e-08, 1.22701337091e-07, 1.24046678707e-07, 2.40953227149e-07, 4.02946056965e-07, 5.71369696445e-07, 1.29681893668e-06, 1.32712136747e-06, 2.59956209447e-06, 1.85087981208e-06, 1.20914096877e-12],
        "dvar2": [6.97872053479e-07, 0.000429919426097, 0.000313373864628, 7.29157181922e-05, 8.04405572126e-05, 9.24119194678e-06, 7.34780132916e-06, 1.13047481136e-05, 3.51960102307e-06, 2.11103542824e-06, 9.14222312076e-07, 1.02960223103e-06, 6.04584101893e-07, 2.85771903918e-07, 6.26707787887e-07, 2.94968970138e-07, 1.20142985338e-07, 3.1641226883e-07, 3.26966642206e-07, 6.43928615318e-07, 8.50513572459e-07, 1.19385458675e-06, 2.84649627247e-06, 2.9524526326e-06, 5.88888951825e-06, 4.35607034888e-06, 3.52538267676e-12],
        "max": [0.00831511616707, 0.142940551043, 0.0779311209917, 0.0407995656133, 0.0528254210949, 0.0220963396132, 0.0242511536926, 0.031441770494, 0.0162488296628, 0.0167602878064, 0.0108474381268, 0.0114602670074, 0.00991053320467, 0.00518612330779, 0.0104250507429, 0.00307167321444, 0.00276114372537, 0.00308295455761, 0.00367915653624, 0.0050883111544, 0.00435239635408, 0.00510324677452, 0.00837253499776, 0.0111978892237, 0.0148065080866, 0.0102103259414, 1.99440819415e-05],
        "mean": [0.00114922435023, 0.0225317198783, 0.00313666881993, 0.00107105274219, 0.00475935358554, 0.00126571592409, 0.00193720147945, 0.00216259690933, 0.000823051610496, 0.000869851035532, 0.000568748801015, 0.00054570537759, 0.000320225488394, 0.000266350369202, 0.000328217807692, 0.000263488356723, 0.000207916644285, 0.000171738021891, 0.000237916450715, 0.000216178028495, 0.000390089116991, 0.000443572935183, 0.000631073198747, 0.000734936504159, 0.0011909151217, 0.00088112388039, 1.0906025949e-07],
        "median": [0.000338941259542, 0.00827116519213, 0.00035003956873, 0.000113611473353, 0.00207807682455, 0.000374444527552, 0.000746167381294, 0.000641393009573, 0.00018482239102, 0.000282900960883, 0.000159582254128, 0.000133086825372, 0.00010020663467, 0.000109879802039, 0.000141804295708, 0.000109633205284, 7.98188921181e-05, 4.86624339828e-05, 9.96901871986e-05, 6.2484483351e-05, 9.08576912479e-05, 9.34096751735e-05, 0.000118287163787, 0.000177989422809, 0.0003097471199, 0.000169245715369, 8.8336327142e-10],
        "min": [6.60531185304e-09, 8.22482988383e-08, 2.27105317663e-07, 6.21801632406e-08, 3.64914535567e-06, 7.91928300714e-07, 2.43597833105e-06, 5.98606163749e-07, 7.63432922213e-07, 3.00826229704e-07, 3.23087789411e-07, 9.08528875243e-07, 8.75431680925e-07, 1.08370954877e-06, 1.71918850356e-06, 4.07633308441e-07, 7.53913298013e-07, 6.17502678324e-07, 7.82679876465e-07, 6.33067884337e-07, 7.18616320228e-07, 2.09221306946e-09, 2.99763854628e-07, 4.11440453263e-07, 1.35291415404e-07, 3.047666286e-10, 1.17045401149e-11],
        "var": [3.03208025798e-06, 0.000998812844045, 0.000105226594314, 1.44987761814e-05, 4.54818946309e-05, 4.74965418107e-06, 8.98085636436e-06, 1.42894932651e-05, 3.19096852763e-06, 2.86372392111e-06, 1.28623082674e-06, 1.26251268284e-06, 6.13974066255e-07, 2.03402464649e-07, 3.76376391387e-07, 1.56357486958e-07, 9.47319875877e-08, 1.10508729279e-07, 1.3168141777e-07, 1.93476026311e-07, 4.85933867367e-07, 6.99937629633e-07, 1.48350193285e-06, 1.75919558387e-06, 3.62187665814e-06, 2.1026783088e-06, 6.54097652777e-13]
    },
    "erbbands": {
        "dmean": [0.361396878958, 2.19188904762, 4.24220895767, 4.20178842545, 5.83381748199, 13.6484251022, 10.3872423172, 7.46858453751, 12.3741264343, 24.1514396667, 20.7296352386, 13.5280704498, 15.5930957794, 10.7268886566, 15.8889760971, 14.7216720581, 11.0257606506, 9.97150993347, 11.284822464, 10.5845403671, 10.8838672638, 6.64866733551, 7.29730653763, 9.23118972778, 9.57560157776, 10.3593225479, 12.5246829987, 13.2840509415, 14.3738908768, 21.0641460419, 15.8183746338, 15.1012916565, 10.6229600906, 10.5647602081, 8.78830242157, 5.09365415573, 1.63221216202, 0.128589317203, 0.002420963021, 0.000139899027999],
        "dmean2": [0.426124721766, 2.93846154213, 6.24023294449, 7.35819864273, 10.3801651001, 21.9652423859, 16.5403690338, 12.4524774551, 19.1018066406, 37.1598167419, 32.3669662476, 20.8867435455, 23.096654892, 16.1953239441, 24.1759090424, 21.8572502136, 16.4299201965, 15.0904684067, 18.6394252777, 17.0209732056, 17.7282733917, 10.1703948975, 11.8167161942, 15.0771007538, 15.494685173, 17.0052089691, 19.2736091614, 20.3011245728, 21.6920776367, 31.8989849091, 24.497253418, 24.4008827209, 16.6408977509, 16.9325733185, 14.0211496353, 8.33450508118, 2.64035511017, 0.215419188142, 0.00399515777826, 0.000222923656111],
        "dvar": [0.29039311409, 14.7955522537, 132.070281982, 189.69468689, 225.869049072, 592.607910156, 373.664520264, 215.850189209, 678.244995117, 1774.1315918, 2220.56738281, 994.966308594, 1118.98400879, 759.942626953, 842.184997559, 781.001037598, 628.942321777, 310.274993896, 1110.61914062, 312.241516113, 413.791748047, 112.082344055, 203.231109619, 362.203155518, 426.454467773, 598.705444336, 466.113494873, 643.173828125, 778.836730957, 1299.16870117, 795.917602539, 727.323791504, 355.533782959, 289.058624268, 166.692382812, 55.0236129761, 5.6240401268, 0.0398796014488, 1.33334269776e-05, 3.82356333262e-08],
        "dvar2": [0.470445334911, 25.0529880524, 294.850982666, 509.122344971, 630.111938477, 1445.85229492, 847.995178223, 571.431274414, 1440.08789062, 3844.30639648, 5083.83203125, 2067.97998047, 2504.82373047, 1445.67565918, 1806.78466797, 1608.40661621, 1145.44677734, 670.673828125, 2461.6809082, 710.659484863, 1019.16235352, 248.113433838, 503.63293457, 927.849853516, 1139.70385742, 1613.29577637, 1024.34716797, 1336.39440918, 1650.80358887, 2779.99780273, 1704.86486816, 1745.54467773, 740.902832031, 662.275634766, 389.281433105, 128.994857788, 13.100851059, 0.0994682982564, 3.26940426021e-05, 8.94858800393e-08],
        "max": [6.06284999847, 36.2312469482, 90.0165557861, 97.1991653442, 114.538475037, 233.126190186, 247.143981934, 184.456436157, 340.331878662, 621.325866699, 877.736206055, 434.428222656, 594.039855957, 657.654296875, 532.758300781, 445.745117188, 466.657989502, 290.555480957, 658.635986328, 239.64680481, 208.672134399, 106.924736023, 111.02935791, 168.27482605, 203.786102295, 263.252593994, 135.121032715, 179.00769043, 206.391571045, 258.031158447, 192.372619629, 204.970321655, 204.060592651, 245.28213501, 95.362449646, 72.9241714478, 14.3265171051, 1.0640540123, 0.020080441609, 0.00141346955206],
        "mean": [0.848163604736, 4.18604135513, 4.6018409729, 3.49698424339, 7.03668260574, 19.2063598633, 15.8106536865, 10.1101284027, 22.6043987274, 47.4153022766, 34.8058052063, 20.5575046539, 27.189994812, 19.739151001, 27.4156570435, 24.3728866577, 17.2797584534, 15.4431037903, 14.9085836411, 15.9866132736, 14.9752969742, 10.0309886932, 8.96725273132, 11.6961660385, 11.7125654221, 10.6129255295, 14.7472648621, 13.9481191635, 15.1066589355, 21.0105247498, 16.2138175964, 15.351647377, 12.0726013184, 11.6232070923, 9.13154220581, 4.84099721909, 1.49167263508, 0.108167670667, 0.00214403797872, 0.000177624184289],
        "median": [0.315955936909, 1.49046826363, 0.874215066433, 0.534082949162, 1.9000480175, 7.18255853653, 4.83746290207, 3.37175369263, 8.00175666809, 16.7088890076, 11.5799627304, 6.54856443405, 9.34464263916, 6.8724603653, 8.94511222839, 7.24524307251, 5.27950620651, 6.72224378586, 6.11786031723, 8.17510509491, 6.48771905899, 4.15255880356, 3.02819991112, 4.23799133301, 4.50404548645, 3.14139938354, 4.31897449493, 2.66319155693, 2.82291793823, 3.71799445152, 3.52486371994, 3.90135931969, 2.7284154892, 2.84550333023, 2.29589867592, 0.921348392963, 0.282429099083, 0.0164351910353, 0.00039020946133, 0.000103426260466],
        "min": [7.1040203693e-06, 9.83091886155e-05, 0.00147060328163, 0.00219544605352, 0.00966285727918, 0.0109574357048, 0.0151023911312, 0.00643352046609, 0.030535986647, 0.0502723157406, 0.0288889221847, 0.019501240924, 0.0137285823002, 0.0148103153333, 0.0313442349434, 0.0622627027333, 0.0632121786475, 0.088839828968, 0.0723458081484, 0.0459256209433, 0.0572485104203, 0.0472722910345, 0.0245804823935, 0.0411519780755, 0.036165188998, 0.0214218646288, 0.0338889732957, 0.0243791397661, 0.0107188550755, 0.00942389108241, 0.010558472015, 0.0123376185074, 0.00389403640293, 0.000843951478601, 0.00046289616148, 4.66833153041e-05, 1.95499687834e-05, 2.15089335143e-06, 9.54659071795e-07, 1.56134387908e-06],
        "var": [1.52236676216, 44.4243507385, 147.572418213, 131.681472778, 216.067214966, 857.751525879, 774.010437012, 288.72857666, 1614.43811035, 5535.7109375, 4845.9921875, 1849.36547852, 2367.52832031, 2465.88916016, 2686.94799805, 2048.18017578, 1400.26196289, 582.590270996, 1253.7232666, 547.077453613, 519.901794434, 193.760406494, 217.478240967, 386.615631104, 396.231781006, 467.538757324, 577.318603516, 756.810913086, 909.487426758, 1566.72961426, 927.055297852, 781.911376953, 506.053222656, 399.667938232, 217.627410889, 66.4319763184, 6.02848100662, 0.0366104803979, 1.29450481836e-05, 4.41514700356e-08]
    },
    "gfcc": {
        "mean": [30.1091632843, 51.3081054688, -77.5673751831, 26.9568767548, -62.0120544434, 30.316608429, -40.6061019897, 23.0116138458, -22.9422073364, 19.0220031738, -15.7055587769, 8.12121105194, -8.35412788391],
        "cov": [[4008.77294922, -1102.79248047, 28.1923675537, -89.2457275391, -424.740905762, -244.963302612, -183.737503052, 14.4713077545, -232.35105896, -92.1222076416, -265.87097168, 174.999862671, -203.339080811], [-1102.79248047, 1627.68945312, -420.538299561, -3.61218142509, 231.339233398, 6.29244327545, 268.155883789, -84.3530960083, 58.9495773315, 8.27231121063, 231.374755859, -202.030456543, 186.179962158], [28.1923675537, -420.538299561, 909.311706543, 198.001022339, 126.467628479, 248.265838623, -14.8744773865, 57.1870994568, 64.4633407593, 39.881778717, -52.7169647217, 123.89781189, -93.1753311157], [-89.2457275391, -3.61218142509, 198.001022339, 446.724395752, 122.427452087, 87.6132888794, 46.3410301208, 31.0791130066, 112.009605408, -18.7755203247, 23.6884441376, -1.60763597488, 12.9588518143], [-424.740905762, 231.339233398, 126.467628479, 122.427452087, 326.38394165, 161.47618103, 113.584716797, 45.107170105, 82.9848709106, 51.3827018738, 54.3173980713, 2.67254400253, 42.6206474304], [-244.963302612, 6.29244327545, 248.265838623, 87.6132888794, 161.47618103, 453.215118408, 233.651611328, 40.9199905396, 82.5033340454, 66.0382614136, 98.0439376831, 24.0149059296, -12.9606685638], [-183.737503052, 268.155883789, -14.8744773865, 46.3410301208, 113.584716797, 233.651611328, 337.864105225, 56.5153770447, 77.9524383545, 75.4330062866, 118.405235291, 0.715012133121, 15.3346014023], [14.4713077545, -84.3530960083, 57.1870994568, 31.0791130066, 45.107170105, 40.9199905396, 56.5153770447, 187.275177002, 71.6644439697, 31.0513095856, 27.1092453003, 9.94382953644, 10.6085262299], [-232.35105896, 58.9495773315, 64.4633407593, 112.009605408, 82.9848709106, 82.5033340454, 77.9524383545, 71.6644439697, 187.30039978, 48.8161354065, 53.4520683289, 16.8300533295, 5.25569725037], [-92.1222076416, 8.27231121063, 39.881778717, -18.7755203247, 51.3827018738, 66.0382614136, 75.4330062866, 31.0513095856, 48.8161354065, 141.138198853, 68.9199371338, 21.0028133392, 7.7808508873], [-265.87097168, 231.374755859, -52.7169647217, 23.6884441376, 54.3173980713, 98.0439376831, 118.405235291, 27.1092453003, 53.4520683289, 68.9199371338, 176.104766846, 5.27220582962, 50.8859405518], [174.999862671, -202.030456543, 123.89781189, -1.60763597488, 2.67254400253, 24.0149059296, 0.715012133121, 9.94382953644, 16.8300533295, 21.0028133392, 5.27220582962, 140.882278442, -16.5561733246], [-203.339080811, 186.179962158, -93.1753311157, 12.9588518143, 42.6206474304, -12.9606685638, 15.3346014023, 10.6085262299, 5.25569725037, 7.7808508873, 50.8859405518, -16.5561733246, 131.291915894]],
        "icov": [[0.000386400701245, 0.000112493733468, 0.000103791448055, -0.000181940398761, 0.000316728459438, 7.66159791965e-05, -0.000190530758118, -0.000221078662435, 0.000463773059892, -8.44713940751e-05, 0.000338721525623, -0.00043763249414, 0.000275369646261], [0.000112493733468, 0.00191173923668, -0.000137029084726, 0.000623725529294, -0.00129549927078, 0.0014275853755, -0.00177320407238, 0.0015809466131, -0.000674669630826, 0.00144108827226, -0.00203786138445, 0.0022275603842, -0.00104237173218], [0.000103791448055, -0.000137029084726, 0.00221543735825, -0.000976908020675, -0.000128245839733, -0.00161997205578, 0.00129416468553, -0.000789302983321, 0.0005542296567, -0.00100398401264, 0.00127408327535, -0.00178791070357, 0.00113612157293], [-0.000181940398761, 0.000623725529294, -0.000976908020675, 0.00366706494242, -0.00133585068397, 0.00084570015315, -0.000854259938933, 0.00110744149424, -0.00242850813083, 0.00226067355834, -0.00146032928023, 0.00172519567423, -0.000947293534409], [0.000316728459438, -0.00129549927078, -0.000128245839733, -0.00133585068397, 0.00587298069149, -0.00193867471535, 0.000584128953051, -0.00148433353752, 0.000239621003857, -0.0020374644082, 0.00240941834636, -0.00173234741669, -0.000718850642443], [7.66159791965e-05, 0.0014275853755, -0.00161997205578, 0.00084570015315, -0.00193867471535, 0.00612366665155, -0.00430148327723, 0.00177232245915, -0.000815167091787, 0.00170725781936, -0.00298597919755, 0.00220966734923, -0.000178434202098], [-0.000190530758118, -0.00177320407238, 0.00129416468553, -0.000854259938933, 0.000584128953051, -0.00430148327723, 0.00792524963617, -0.00237413682044, 0.000341942883097, -0.00241987034678, 0.000224584859097, -0.00209890143014, 0.00165212142747], [-0.000221078662435, 0.0015809466131, -0.000789302983321, 0.00110744149424, -0.00148433353752, 0.00177232245915, -0.00237413682044, 0.00815081596375, -0.00332913617603, 0.00116547686048, -0.00197365181521, 0.00249353866093, -0.00183464516886], [0.000463773059892, -0.000674669630826, 0.0005542296567, -0.00242850813083, 0.000239621003857, -0.000815167091787, 0.000341942883097, -0.00332913617603, 0.00946418102831, -0.00253930338658, 0.000440859759692, -0.00226046750322, 0.00169453641865], [-8.44713940751e-05, 0.00144108827226, -0.00100398401264, 0.00226067355834, -0.0020374644082, 0.00170725781936, -0.00241987034678, 0.00116547686048, -0.00253930338658, 0.0117556843907, -0.00523619353771, 0.00144889065996, -0.000474500411656], [0.000338721525623, -0.00203786138445, 0.00127408327535, -0.00146032928023, 0.00240941834636, -0.00298597919755, 0.000224584859097, -0.00197365181521, 0.000440859759692, -0.00523619353771, 0.0130473999307, -0.00384240644053, -0.00172970141284], [-0.00043763249414, 0.0022275603842, -0.00178791070357, 0.00172519567423, -0.00173234741669, 0.00220966734923, -0.00209890143014, 0.00249353866093, -0.00226046750322, 0.00144889065996, -0.00384240644053, 0.0119463307783, -0.00145125715062], [0.000275369646261, -0.00104237173218, 0.00113612157293, -0.000947293534409, -0.000718850642443, -0.000178434202098, 0.00165212142747, -0.00183464516886, 0.00169453641865, -0.000474500411656, -0.00172970141284, -0.00145125715062, 0.0110397217795]]
    },
    "melbands": {
        "dmean": [0.00278986338526, 0.00213712546974, 0.000739938288461, 0.000670075009111, 0.000452431238955, 0.00017425364058, 0.000193078973098, 0.000270262884442, 0.00015963165788, 8.1017955381e-05, 7.79901893111e-05, 4.48858227173e-05, 5.01880203956e-05, 3.85851053579e-05, 4.01299439545e-05, 1.75507848326e-05, 2.00449576369e-05, 1.75706136361e-05, 1.50281884999e-05, 1.4951686353e-05, 1.3649909306e-05, 7.37600839784e-06, 6.25705615676e-06, 8.1497391875e-06, 7.6332999015e-06, 7.54785696699e-06, 5.88995862927e-06, 7.55094788474e-06, 7.51760762796e-06, 9.29728412302e-06, 7.31234422346e-06, 7.80556638347e-06, 1.01197801996e-05, 1.26653949337e-05, 8.47988121677e-06, 9.93513731373e-06, 9.61518344411e-06, 8.18422176962e-06, 6.69027303957e-06, 1.03496195152e-05],
        "dmean2": [0.00357710383832, 0.002987757558, 0.00124841637444, 0.00111496797763, 0.000706730177626, 0.000287651200779, 0.000297258928185, 0.000411362299928, 0.00024957821006, 0.000124855156173, 0.000115694310807, 6.80422963342e-05, 7.61226474424e-05, 5.94249358983e-05, 5.73093821004e-05, 2.66621646006e-05, 3.03261604131e-05, 2.90544849122e-05, 2.45901210292e-05, 2.44384609687e-05, 2.25160820264e-05, 1.12422785605e-05, 1.00603574538e-05, 1.35243126351e-05, 1.24727712318e-05, 1.24582611534e-05, 9.42354108702e-06, 1.28058927658e-05, 1.1763794646e-05, 1.44637624544e-05, 1.11937279144e-05, 1.21459370348e-05, 1.51642243509e-05, 1.96119035536e-05, 1.29527106765e-05, 1.62713513419e-05, 1.5662453734e-05, 1.28477504404e-05, 1.06401248559e-05, 1.67379439517e-05],
        "dvar": [1.80195002031e-05, 2.12864797504e-05, 4.92395793117e-06, 1.56598480316e-06, 6.55328165067e-07, 1.14705471788e-07, 1.48820461732e-07, 2.23719524683e-07, 1.36707228648e-07, 3.28380238557e-08, 2.77945630955e-08, 1.46896335096e-08, 8.62666116319e-09, 4.35921831965e-09, 6.65097354968e-09, 1.77400405477e-09, 1.26769694742e-09, 3.09417602651e-09, 8.06352484783e-10, 5.37246691579e-10, 7.98104748956e-10, 1.35314509597e-10, 1.16195220112e-10, 3.33802430141e-10, 2.29816887742e-10, 2.551857059e-10, 1.60990193399e-10, 3.60784901954e-10, 1.8134058144e-10, 2.76161149504e-10, 2.10614456431e-10, 2.46376280488e-10, 3.21203313947e-10, 5.01941488373e-10, 2.25799878795e-10, 3.07497360907e-10, 3.4857039477e-10, 2.35090114042e-10, 1.2478987288e-10, 2.90647256262e-10],
        "dvar2": [3.17512203765e-05, 3.73795082851e-05, 1.28245856104e-05, 4.16434704675e-06, 1.46160107306e-06, 2.98034677826e-07, 3.12372122835e-07, 4.72904247317e-07, 3.1553670965e-07, 6.99815601024e-08, 6.219836024e-08, 2.75403735372e-08, 1.91051459097e-08, 1.03344088842e-08, 1.13593321416e-08, 3.8080636422e-09, 2.73901190617e-09, 6.90003609805e-09, 1.88644722066e-09, 1.25429522324e-09, 2.03684780153e-09, 3.05946185053e-10, 2.79674977621e-10, 8.75971906122e-10, 5.84197079601e-10, 6.99543645233e-10, 4.04494382433e-10, 9.95950544258e-10, 4.27726215557e-10, 6.22033147213e-10, 4.41902070492e-10, 5.58457668998e-10, 6.65472787986e-10, 1.09794995318e-09, 4.61175680977e-10, 7.43750894205e-10, 8.46108239028e-10, 5.1025089709e-10, 2.74737455008e-10, 7.00849656088e-10],
        "max": [0.0442510284483, 0.0402922853827, 0.0164758376777, 0.0122398389503, 0.0085466587916, 0.00410657562315, 0.00530238309875, 0.00734046660364, 0.0069107147865, 0.00233736098744, 0.00296184956096, 0.00286558480002, 0.00144587189425, 0.000704184581991, 0.00146174081601, 0.00071248417953, 0.000518503715284, 0.00110628351104, 0.000415020243963, 0.000275376369245, 0.000264231261099, 0.000122121316963, 0.000107392057544, 0.000172658736119, 0.000131419379613, 0.000185685465112, 0.000123715872178, 0.000215267151361, 9.10534872673e-05, 0.0001180686304, 0.000110924600449, 0.000125928258058, 0.000130062646349, 0.000171587307705, 0.000115366128739, 0.000137262206408, 0.000134676447487, 0.000169497623574, 0.000118839729112, 0.000255335617112],
        "mean": [0.00682193832472, 0.00351934321225, 0.000696387840435, 0.000919083366171, 0.00069413887104, 0.000231867627008, 0.00035718944855, 0.000522201473359, 0.000252722355071, 0.000120454926218, 0.000133866982651, 7.7516087913e-05, 8.33150261315e-05, 6.25422908342e-05, 6.38677956886e-05, 2.51133005804e-05, 2.95252284559e-05, 2.2329561034e-05, 2.03705585591e-05, 2.15430573007e-05, 1.71948195202e-05, 1.07288196887e-05, 8.28613246995e-06, 8.71903012012e-06, 9.44016392168e-06, 9.14220800041e-06, 6.75286082696e-06, 7.16168960935e-06, 8.66925802256e-06, 1.00028819361e-05, 7.29410612621e-06, 7.6283213275e-06, 1.08271769932e-05, 1.20958811749e-05, 8.84503788257e-06, 9.59711633186e-06, 9.61301793723e-06, 9.18891146284e-06, 6.93351239534e-06, 1.0908234799e-05],
        "median": [0.00267572444864, 0.00103549915366, 0.000119360942335, 0.000358920689905, 0.000224513627472, 6.430184294e-05, 0.000125784179545, 0.000186434903299, 6.61802041577e-05, 3.35598597303e-05, 4.45956720796e-05, 2.17212855205e-05, 2.63148449449e-05, 2.22818707698e-05, 1.45161830005e-05, 8.8263905127e-06, 1.19720762086e-05, 8.51933236845e-06, 9.17093620956e-06, 1.04389337139e-05, 6.20953369435e-06, 4.25044845542e-06, 2.79678374682e-06, 2.4181849767e-06, 3.22255095853e-06, 3.66334234059e-06, 2.11463338928e-06, 1.96323412638e-06, 2.5900012588e-06, 2.27894520322e-06, 1.08340316274e-06, 1.20643517221e-06, 2.52988479588e-06, 1.81307780167e-06, 1.68814324297e-06, 2.53906273429e-06, 2.09815243579e-06, 1.97872782337e-06, 1.55320196882e-06, 2.61197737927e-06],
        "min": [2.01881782402e-08, 9.2059046608e-08, 3.54242388312e-07, 7.03326350049e-07, 5.63194760161e-07, 1.34285699005e-07, 4.68642724627e-07, 5.07114123138e-07, 2.13544225858e-07, 9.93145476968e-08, 6.48071534215e-08, 5.47914247306e-08, 1.12092358506e-07, 1.32697920208e-07, 1.03444257604e-07, 1.11499673494e-07, 1.26163243408e-07, 9.8903079504e-08, 7.82929134857e-08, 3.95503612083e-08, 6.42656416971e-08, 3.85320966245e-08, 2.53927634475e-08, 2.24848424324e-08, 3.3056092974e-08, 3.05160376968e-08, 1.53315014018e-08, 1.39292843926e-08, 2.17664180013e-08, 1.75740666464e-08, 4.69523619984e-09, 3.60538210398e-10, 4.02328691196e-11, 1.81085324513e-09, 3.19473808519e-10, 5.59955193324e-09, 2.28851076978e-10, 8.91927975921e-10, 4.13593534421e-11, 6.03421132506e-12],
