{
"highlevel": {
    "danceability": {
        "all": {
            "danceable": 0.97196918726,
            "not_danceable": 0.0280308034271
        },
        "probability": 0.97196918726,
        "value": "danceable"
    },
    "gender": {
        "all": {
            "female": 0.082781240344,
            "male": 0.917218744755
        },
        "probability": 0.917218744755,
        "value": "male"
    },
    "genre_dortmund": {
        "all": {
            "alternative": 0.116991505027,
            "blues": 0.122341051698,
            "electronic": 0.0748719647527,
            "folkcountry": 0.045888658613,
            "funksoulrnb": 0.0110564986244,
            "jazz": 0.00976994168013,
            "pop": 0.0297620035708,
            "raphiphop": 0.0592569969594,
            "rock": 0.530061364174
        },
        "probability": 0.530061364174,
        "value": "rock"
    },
    "genre_electronic": {
        "all": {
            "ambient": 0.125859245658,
            "dnb": 0.262844860554,
            "house": 0.0353553183377,
            "techno": 0.0178696196526,
            "trance": 0.558070957661
        },
        "probability": 0.558070957661,
        "value": "trance"
    },
    "genre_rosamerica": {
        "all": {
            "cla": 0.000491365615744,
            "dan": 0.00597092788666,
            "hip": 0.00741364341229,
            "jaz": 0.000981657300144,
            "pop": 0.0377850905061,
            "rhy": 0.00219518691301,
            "roc": 0.944656252861,
            "spe": 0.000505867006723
        },
        "probability": 0.944656252861,
        "value": "roc"
    },
    "genre_tzanetakis": {
        "all": {
            "blu": 0.0626613423228,
            "cla": 0.0348169617355,
            "cou": 0.104475811124,
            "dis": 0.0784321576357,
            "hip": 0.15692435205,
            "jaz": 0.313974827528,
            "met": 0.0448166541755,
            "pop": 0.0627359300852,
            "reg": 0.0627360641956,
            "roc": 0.0784258767962
        },
        "probability": 0.313974827528,
        "value": "jaz"
    },
    "ismir04_rhythm": {
        "all": {
            "ChaChaCha": 0.524644315243,
            "Jive": 0.195124283433,
            "Quickstep": 0.0555639117956,
            "Rumba-American": 0.00375169259496,
            "Rumba-International": 0.00353199895471,
            "Rumba-Misc": 0.00125110312365,
            "Samba": 0.185337930918,
            "Tango": 0.0146140158176,
            "VienneseWaltz": 0.0150088593364,
            "Waltz": 0.00117189669982
        },
        "probability": 0.524644315243,
        "value": "ChaChaCha"
    },
    "mood_acoustic": {
        "all": {
            "acoustic": 6.90234537615e-06,
            "not_acoustic": 0.999993085861
        },
        "probability": 0.999993085861,
        "value": "not_acoustic"
    },
    "mood_aggressive": {
        "all": {
            "aggressive": 0.939733684063,
            "not_aggressive": 0.0602663382888
        },
        "probability": 0.939733684063,
        "value": "aggressive"
    },
    "mood_electronic": {
        "all": {
            "electronic": 0.185723632574,
            "not_electronic": 0.814276337624
        },
        "probability": 0.814276337624,
        "value": "not_electronic"
    },
    "mood_happy": {
        "all": {
            "happy": 0.681400418282,
            "not_happy": 0.318599581718
        },
        "probability": 0.681400418282,
        "value": "happy"
    },
    "mood_party": {
        "all": {
            "not_party": 0.22927840054,
            "party": 0.770721614361
        },
        "probability": 0.770721614361,
        "value": "party"
    },
    "mood_relaxed": {
        "all": {
            "not_relaxed": 0.972852230072,
            "relaxed": 0.0271477866918
        },
        "probability": 0.972852230072,
        "value": "not_relaxed"
    },
    "mood_sad": {
        "all": {
            "not_sad": 0.921966135502,
            "sad": 0.0780338644981
        },
        "probability": 0.921966135502,
        "value": "not_sad"
    },
    "moods_mirex": {
        "all": {
            "Cluster1": 0.261079877615,
            "Cluster2": 0.142045065761,
            "Cluster3": 0.0562214776874,
            "Cluster4": 0.18525826931,
            "Cluster5": 0.355395317078
        },
        "probability": 0.355395317078,
        "value": "Cluster5"
    },
    "timbre": {
        "all": {
            "bright": 0.974011600018,
            "dark": 0.0259883869439
        },
        "probability": 0.974011600018,
        "value": "bright"
    },
    "tonal_atonal": {
        "all": {
            "atonal": 0.205739915371,
            "tonal": 0.794260084629
        },
        "probability": 0.794260084629,
        "value": "tonal"
    },
    "voice_instrumental": {
        "all": {
            "instrumental": 0.00603108759969,
            "voice": 0.993968904018
        },
        "probability": 0.993968904018,
        "value": "voice"
    }
},
"lowlevel": {
    "average_loudness": 0.986378848553,
    "barkbands_crest": {
        "dmean": 3.39185070992,
        "dmean2": 5.55403900146,
        "dvar": 10.1204032898,
        "dvar2": 26.3144397736,
        "max": 25.1662902832,
        "mean": 10.5287981033,
        "median": 9.73268985748,
        "min": 2.55933618546,
        "var": 18.9321460724
    },
    "barkbands_flatness_db": {
        "dmean": 0.0258381217718,
        "dmean2": 0.039925172925,
        "dvar": 0.000532431120519,
        "dvar2": 0.00115336815361,
        "max": 0.298590630293,
        "mean": 0.137863591313,
        "median": 0.132057100534,
        "min": 0.0582922250032,
        "var": 0.00152266817167
    },
    "barkbands_kurtosis": {
        "dmean": 1.98700404167,
        "dmean2": 3.2123913765,
        "dvar": 8.58493709564,
        "dvar2": 21.017578125,
        "max": 26.8100337982,
        "mean": 1.12386512756,
        "median": -0.0781624317169,
        "min": -1.85937869549,
        "var": 13.2887802124
    },
    "barkbands_skewness": {
        "dmean": 0.610379099846,
        "dmean2": 0.934115290642,
        "dvar": 0.347885876894,
        "dvar2": 0.818766832352,
        "max": 5.01498746872,
        "mean": 1.06024050713,
        "median": 0.903428435326,
        "min": -3.05142307281,
        "var": 0.99815428257
    },
    "barkbands_spread": {
        "dmean": 7.53509950638,
        "dmean2": 11.6039867401,
        "dvar": 54.4215736389,
        "dvar2": 118.076210022,
        "max": 101.279754639,
        "mean": 30.6046047211,
        "median": 29.6043720245,
        "min": 5.15189743042,
        "var": 172.56338501
    },
    "dissonance": {
        "dmean": 0.0119990594685,
        "dmean2": 0.0200440883636,
        "dvar": 0.000167915713973,
        "dvar2": 0.000468320795335,
        "max": 0.499891489744,
        "mean": 0.48068651557,
        "median": 0.485933989286,
        "min": 0.387549757957,
        "var": 0.000290675059659
    },
    "dynamic_complexity": 1.76337468624,
    "erbbands_crest": {
        "dmean": 2.8671734333,
        "dmean2": 4.71257638931,
        "dvar": 7.83702087402,
        "dvar2": 19.6143741608,
        "max": 30.9429531097,
        "mean": 8.81157302856,
        "median": 7.40420484543,
        "min": 2.54009771347,
        "var": 21.2720985413
    },
    "erbbands_flatness_db": {
        "dmean": 0.0223718434572,
        "dmean2": 0.0321580432355,
        "dvar": 0.000354149262421,
        "dvar2": 0.000671412970405,
        "max": 0.298166394234,
        "mean": 0.163831666112,
        "median": 0.165661856532,
        "min": 0.0798887386918,
        "var": 0.00164568854962
    },
    "erbbands_kurtosis": {
        "dmean": 1.19231545925,
        "dmean2": 1.92061328888,
        "dvar": 3.06691861153,
        "dvar2": 6.38771724701,
        "max": 30.537437439,
        "mean": 1.00412142277,
        "median": 0.332028627396,
        "min": -1.51305580139,
        "var": 6.28922653198
    },
    "erbbands_skewness": {
        "dmean": 0.399640619755,
        "dmean2": 0.607985198498,
        "dvar": 0.137802764773,
        "dvar2": 0.317277908325,
        "max": 3.37708997726,
        "mean": -0.428215533495,
        "median": -0.50644659996,
        "min": -3.50370383263,
        "var": 0.555222213268
    },
    "erbbands_spread": {
        "dmean": 7.62930822372,
        "dmean2": 11.7964572906,
        "dvar": 49.6856994629,
        "dvar2": 115.295761108,
        "max": 95.6754226685,
        "mean": 32.0168533325,
        "median": 30.7968406677,
        "min": 3.18971014023,
        "var": 181.123840332
    },
    "hfc": {
        "dmean": 9.13703727722,
        "dmean2": 13.1530256271,
        "dvar": 115.543212891,
        "dvar2": 233.652114868,
        "max": 187.421920776,
        "mean": 31.205121994,
        "median": 28.4753837585,
        "min": 1.82544183731,
        "var": 463.459350586
    },
    "melbands_crest": {
        "dmean": 4.51670312881,
        "dmean2": 7.22415161133,
        "dvar": 14.2865591049,
        "dvar2": 35.6658935547,
        "max": 36.018497467,
        "mean": 16.8343963623,
        "median": 16.4087181091,
        "min": 4.20174312592,
        "var": 39.4976730347
    },
    "melbands_flatness_db": {
        "dmean": 0.0338816680014,
        "dmean2": 0.0507551878691,
        "dvar": 0.000909369264264,
        "dvar2": 0.00199493719265,
        "max": 0.377146065235,
        "mean": 0.183244735003,
        "median": 0.179118901491,
        "min": 0.0438262224197,
        "var": 0.00292481854558
    },
    "melbands_kurtosis": {
        "dmean": 6.35863780975,
        "dmean2": 10.2340507507,
        "dvar": 88.7621536255,
        "dvar2": 224.346115112,
        "max": 86.1638259888,
        "mean": 8.4787902832,
        "median": 4.21813821793,
        "min": -1.80375552177,
        "var": 140.718597412
    },
    "melbands_skewness": {
        "dmean": 0.893102049828,
        "dmean2": 1.37215054035,
        "dvar": 0.818838655949,
        "dvar2": 1.9836217165,
        "max": 8.82270812988,
        "mean": 2.39187073708,
        "median": 2.12528753281,
        "min": -1.0125002861,
        "var": 2.31639575958
    },
    "melbands_spread": {
        "dmean": 11.0778770447,
        "dmean2": 17.2683620453,
        "dvar": 128.778549194,
        "dvar2": 291.575775146,
        "max": 141.638763428,
        "mean": 32.7645378113,
        "median": 29.6110706329,
        "min": 3.37268209457,
        "var": 334.949401855
    },
    "pitch_salience": {
        "dmean": 0.0880061239004,
        "dmean2": 0.143545389175,
        "dvar": 0.00654790736735,
        "dvar2": 0.0166512466967,
        "max": 0.82535213232,
        "mean": 0.519509673119,
        "median": 0.529436767101,
        "min": 0.116193696856,
        "var": 0.0133889326826
    },
    "silence_rate_20dB": {
        "dmean": 0,
        "dmean2": 0,
        "dvar": 0,
        "dvar2": 0,
        "max": 1,
        "mean": 1,
        "median": 1,
        "min": 1,
        "var": 0
    },
    "silence_rate_30dB": {
        "dmean": 0.00464396271855,
        "dmean2": 0.00929511990398,
        "dvar": 0.00462232809514,
        "dvar2": 0.0138561744243,
        "max": 1,
        "mean": 0.997679829597,
        "median": 1,
        "min": 0,
        "var": 0.00231482950039
    },
    "silence_rate_60dB": {
        "dmean": 0.00464396271855,
        "dmean2": 0.00929511990398,
        "dvar": 0.00462235836312,
        "dvar2": 0.0138562675565,
        "max": 1,
        "mean": 0.00232018553652,
        "median": 0,
        "min": 0,
        "var": 0.0023148083128
    },
    "spectral_centroid": {
        "dmean": 277.864685059,
        "dmean2": 425.552246094,
        "dvar": 75186.34375,
        "dvar2": 175202.96875,
        "max": 5116.6484375,
        "mean": 1788.0255127,
        "median": 1795.35021973,
        "min": 702.332824707,
        "var": 213312.640625
    },
    "spectral_complexity": {
        "dmean": 5.72600603104,
        "dmean2": 8.02478694916,
        "dvar": 25.8583946228,
        "dvar2": 42.3371238708,
        "max": 54,
        "mean": 30.4447021484,
        "median": 31,
        "min": 5,
        "var": 107.096153259
    },
    "spectral_decrease": {
        "dmean": 3.62882013327e-09,
        "dmean2": 5.37551558821e-09,
        "dvar": 1.84639947612e-17,
        "dvar2": 3.99653007787e-17,
        "max": -3.82504528051e-10,
        "mean": -9.72941016641e-09,
        "median": -9.13016329207e-09,
        "min": -3.78134501489e-08,
        "var": 3.3826958889e-17
    },
    "spectral_energy": {
        "dmean": 0.0140963438898,
        "dmean2": 0.0208211094141,
        "dvar": 0.000266266870312,
        "dvar2": 0.000568881863728,
        "max": 0.145723953843,
        "mean": 0.0395514518023,
        "median": 0.0376167111099,
        "min": 0.00166103534866,
        "var": 0.00051231397083
    },
    "spectral_energyband_high": {
        "dmean": 0.000566445756704,
        "dmean2": 0.000807953590993,
        "dvar": 1.06396635147e-06,
        "dvar2": 2.09132031159e-06,
        "max": 0.0201890543103,
        "mean": 0.00120276829693,
        "median": 0.000656601216178,
        "min": 7.94956758909e-06,
        "var": 3.99444797949e-06
    },
    "spectral_energyband_low": {
        "dmean": 0.0116698406637,
        "dmean2": 0.0179703086615,
        "dvar": 0.000282904773485,
        "dvar2": 0.000668141408823,
        "max": 0.129036352038,
        "mean": 0.0201466418803,
        "median": 0.0148757109419,
        "min": 4.7402581913e-06,
        "var": 0.000388303567888
    },
    "spectral_energyband_middle_high": {
        "dmean": 0.00351586844772,
        "dmean2": 0.00531380111352,
        "dvar": 1.69937629835e-05,
        "dvar2": 3.88505068258e-05,
        "max": 0.0642110258341,
        "mean": 0.0100114103407,
        "median": 0.00814505852759,
        "min": 0.000582459557336,
        "var": 5.37802516192e-05
    },
    "spectral_energyband_middle_low": {
        "dmean": 0.00465445313603,
        "dmean2": 0.00722460960969,
        "dvar": 3.13893942803e-05,
        "dvar2": 7.47771046008e-05,
        "max": 0.0563737824559,
        "mean": 0.009541249834,
        "median": 0.00741177843884,
        "min": 0.000279908941593,
        "var": 6.36978875264e-05
    },
    "spectral_entropy": {
        "dmean": 0.143802449107,
        "dmean2": 0.206479683518,
        "dvar": 0.0173713322729,
        "dvar2": 0.033120803535,
        "max": 8.6874628067,
        "mean": 7.7691988945,
        "median": 7.73612165451,
        "min": 6.81030797958,
        "var": 0.0713678970933
    },
    "spectral_flux": {
        "dmean": 0.0317170470953,
        "dmean2": 0.0485608167946,
        "dvar": 0.00100618414581,
        "dvar2": 0.00205441052094,
        "max": 0.339675784111,
        "mean": 0.116528578103,
        "median": 0.10753185302,
        "min": 0.0228359699249,
        "var": 0.00243853172287
    },
    "spectral_kurtosis": {
        "dmean": 1.78629553318,
        "dmean2": 3.01779103279,
        "dvar": 3.09355592728,
        "dvar2": 8.61169528961,
        "max": 16.8705368042,
        "mean": 4.09890699387,
        "median": 3.6065659523,
        "min": -0.830587148666,
        "var": 5.34565162659
    },
    "spectral_rms": {
        "dmean": 0.00109375396278,
        "dmean2": 0.00157220580149,
        "dvar": 1.18668458526e-06,
        "dvar2": 2.31788976635e-06,
        "max": 0.0119234938174,
        "mean": 0.00594483083114,
        "median": 0.00605798885226,
        "min": 0.00127299735323,
        "var": 3.24573124999e-06
    },
    "spectral_rolloff": {
        "dmean": 605.863830566,
        "dmean2": 981.772155762,
        "dvar": 663067.25,
        "dvar2": 1397577.125,
        "max": 9733.0078125,
        "mean": 1776.39892578,
        "median": 1787.25585938,
        "min": 64.599609375,
        "var": 1718939.375
    },
    "spectral_skewness": {
        "dmean": 0.247873619199,
        "dmean2": 0.401200115681,
        "dvar": 0.0501708611846,
        "dvar2": 0.115722924471,
        "max": 2.74509644508,
        "mean": 1.31011414528,
        "median": 1.29313325882,
        "min": 0.214939162135,
        "var": 0.141849026084
    },
    "spectral_spread": {
        "dmean": 602226.875,
        "dmean2": 801094.25,
        "dvar": 463507226624,
        "dvar2": 708804935680,
        "max": 15591068,
        "mean": 3759671,
        "median": 3428048,
        "min": 1710765.875,
        "var": 1.73484172902e+12
    },
    "spectral_strongpeak": {
        "dmean": 0.678448438644,
        "dmean2": 1.19936203957,
        "dvar": 1.75107049942,
        "dvar2": 4.60922527313,
        "max": 10.1476039886,
        "mean": 0.86502045393,
        "median": 0.364676713943,
        "min": 0,
        "var": 1.96279263496
    },
    "zerocrossingrate": {
        "dmean": 0.0117822419852,
        "dmean2": 0.0138148423284,
        "dvar": 0.000173646039912,
        "dvar2": 0.000202901414013,
        "max": 0.3193359375,
        "mean": 0.0630796700716,
        "median": 0.05810546875,
        "min": 0.0078125,
        "var": 0.000989994616248
    },
    "barkbands": {
        "dmean": [0.000658063683659, 0.00942968763411, 0.00348408310674, 0.00177210790571, 0.00132875819691, 0.000614937045611, 0.000657345924992, 0.00113177450839, 0.000983629492112, 0.000932203547563, 0.00057148502674, 0.000689928594511, 0.000563184148632, 0.000622808991466, 0.000689842039719, 0.000998877105303, 0.000829586468171, 0.000343537220033, 0.000208016615943, 0.000153563829372, 0.000192550185602, 0.000106601837615, 0.000100290948467, 0.000134078160045, 6.12763105892e-05, 1.90690680029e-05, 1.67558074082e-08],
        "dmean2": [0.000873850192875, 0.0151705220342, 0.00585368415341, 0.00280871195719, 0.00220543215983, 0.00100299320184, 0.00107158639003, 0.00182856188621, 0.00160601525567, 0.00146280275658, 0.000914593169, 0.00109997205436, 0.00093287799973, 0.00100213021506, 0.00112187990453, 0.00157199345995, 0.00131089729257, 0.000531720230356, 0.000319120648783, 0.000244212453254, 0.000290484778816, 0.000158443857799, 0.000141571770655, 0.000197616638616, 9.05360793695e-05, 2.95477675536e-05, 3.03395033541e-08],
        "dvar": [8.64806168011e-07, 0.000227713011554, 4.4917644118e-05, 1.1087191524e-05, 2.63392780653e-06, 7.31672230359e-07, 1.25633107473e-06, 9.51061883825e-06, 6.12032681602e-06, 5.27652991877e-06, 2.30032560466e-06, 2.27509963224e-06, 2.63807055489e-06, 2.53283974416e-06, 1.36408584694e-06, 2.25507892537e-06, 1.5704093812e-06, 1.88716427374e-07, 5.77514285283e-08, 4.46524772713e-08, 6.66604194066e-08, 2.90894313082e-08, 3.82812359589e-08, 3.1887662999e-07, 4.11416607449e-08, 2.25369900519e-09, 9.5658480052e-15],
        "dvar2": [1.55110421929e-06, 0.000561010558158, 0.000120534132293, 2.58103773376e-05, 7.22810909792e-06, 1.81094389973e-06, 3.25597261508e-06, 2.34049202845e-05, 1.46684169522e-05, 1.27679459183e-05, 5.40426071893e-06, 5.58377359994e-06, 6.85520581101e-06, 6.4320124693e-06, 3.24644884131e-06, 5.35288745596e-06, 3.53624955096e-06, 4.87704369334e-07, 1.40762537626e-07, 1.1424430113e-07, 1.54804936869e-07, 6.2671929868e-08, 7.2078627511e-08, 6.58814201415e-07, 7.90134535578e-08, 5.07669062344e-09, 2.63226652254e-14],
        "max": [0.0121097555384, 0.106472544372, 0.0586751773953, 0.0326123088598, 0.0135393776, 0.00953671243042, 0.0168940760195, 0.0474771596491, 0.0354095287621, 0.0536680966616, 0.0304273925722, 0.0201621036977, 0.0217694994062, 0.0196477845311, 0.0179150104523, 0.021465940401, 0.018834380433, 0.00711752660573, 0.00314350519329, 0.0028836154379, 0.00344651355408, 0.00318349921145, 0.00449612271041, 0.0106319775805, 0.00556292571127, 0.00104539270978, 2.13879593502e-06],
        "mean": [0.00116145319771, 0.0132969478145, 0.00460995454341, 0.00225178408436, 0.00213846797124, 0.000930928683374, 0.000892596959602, 0.00158680079039, 0.00119385868311, 0.00141216395423, 0.000737065216526, 0.00103368749842, 0.000718047900591, 0.000821437279228, 0.00115590344649, 0.00169622036628, 0.00147256650962, 0.000691630819347, 0.000413348083384, 0.000288301031105, 0.000350423972122, 0.000181516385055, 0.000170626604813, 0.000225470357691, 9.6622199635e-05, 2.36341584241e-05, 1.09560325257e-08],
        "median": [0.000385042483686, 0.00845274608582, 0.001728807576, 0.00063277350273, 0.00157525669783, 0.000602904125117, 0.000575063633732, 0.000433704903116, 0.000420520926127, 0.000571874028537, 0.000349441659637, 0.000454321911093, 0.00027981158928, 0.000335614051437, 0.000606829649769, 0.00102674879599, 0.00093916116748, 0.000524812494405, 0.000335662072757, 0.000229642406339, 0.000243793721893, 8.37636180222e-05, 4.62396601506e-05, 3.64423831343e-05, 2.02060509764e-05, 3.75437639377e-06, 5.68594116235e-10],
        "min": [1.86877127106e-08, 3.62172522728e-06, 8.18923865609e-07, 3.41624001976e-07, 4.75776641906e-06, 7.86961754784e-06, 1.17805921036e-05, 2.52982226812e-06, 4.85790587845e-06, 6.6791953941e-06, 7.57814996177e-06, 1.59573719429e-05, 9.77713261818e-06, 9.18533987715e-06, 2.57971969404e-05, 3.68079454347e-05, 3.18488964695e-05, 1.29382542582e-05, 7.55294649935e-06, 3.25962309944e-06, 2.54967744695e-06, 3.04369706328e-07, 1.69057628341e-07, 6.18585218604e-08, 3.7561612154e-10, 3.66849606248e-11, 8.12422525087e-12],
        "var": [2.54159522228e-06, 0.000262845685938, 5.25776413269e-05, 1.4790577552e-05, 3.92171205021e-06, 1.17672107081e-06, 1.35009270252e-06, 1.68982187461e-05, 7.03037130734e-06, 9.26971642912e-06, 2.89643389806e-06, 3.96352061216e-06, 2.95858626487e-06, 3.16206478601e-06, 2.71485509984e-06, 4.65140328743e-06, 3.12081124321e-06, 4.11525917343e-07, 1.1784474907e-07, 7.09802918664e-08, 1.2882915712e-07, 6.38797814645e-08, 1.58384693805e-07, 8.99951658084e-07, 1.37226308539e-07, 4.39881597813e-09, 6.0045191543e-15]
    },
    "erbbands": {
        "dmean": [0.322749555111, 2.06820321083, 4.10935211182, 4.76824569702, 5.10574483871, 4.61985254288, 3.52767324448, 5.55995082855, 9.07824993134, 11.5653629303, 28.1999473572, 21.2150039673, 29.198589325, 19.7337703705, 27.3671321869, 27.7419757843, 22.6834583282, 33.6269302368, 28.1859817505, 45.5316505432, 46.5704154968, 38.7618675232, 21.4590587616, 11.7525987625, 9.20950126648, 7.57304859161, 8.37316417694, 6.59449386597, 3.98967385292, 3.16934943199, 2.97485256195, 2.82856583595, 2.22073769569, 0.960541725159, 0.318533837795, 0.0918924286962, 0.0394259244204, 0.00366663490422, 7.02880279277e-05, 1.79514408956e-05],
        "dmean2": [0.522945225239, 3.31580376625, 6.72341871262, 7.68081998825, 8.0951423645, 7.72345733643, 5.68607330322, 9.13842010498, 14.9328041077, 18.6837558746, 44.3876953125, 33.9583854675, 47.1797332764, 31.3088111877, 43.6100654602, 44.363155365, 36.7592391968, 55.2459831238, 45.5892486572, 71.0969619751, 71.7441864014, 60.4465637207, 33.553768158, 18.1373806, 13.955493927, 12.0707235336, 13.077214241, 9.91602993011, 5.94504356384, 4.55367183685, 4.22453594208, 4.14736890793, 3.30825448036, 1.42630445957, 0.477962195873, 0.142536491156, 0.0610946267843, 0.00587372668087, 0.000108971282316, 2.62544872385e-05],
        "dvar": [0.205577671528, 13.3867397308, 55.7799491882, 60.9281768799, 61.1143951416, 34.4409790039, 22.2789134979, 68.4734115601, 291.821075439, 389.467590332, 6695.28320312, 3019.47900391, 5304.47119141, 1448.66113281, 5873.91601562, 3402.4543457, 3259.01196289, 9104.59472656, 2641.89038086, 5089.68701172, 3956.78515625, 3243.01269531, 694.305847168, 180.41317749, 107.147880554, 117.820129395, 130.696273804, 107.046669006, 47.9831085205, 25.8332614899, 36.5888710022, 81.1365585327, 106.564750671, 15.2202253342, 0.585323512554, 0.0363109745085, 0.0136549565941, 0.000149883693666, 4.28376978334e-08, 4.18328843788e-10],
        "dvar2": [0.554381787777, 32.8417739868, 148.115371704, 156.780517578, 144.549530029, 96.6530914307, 55.9977264404, 175.428161621, 794.086486816, 888.384033203, 16677.25, 7350.82958984, 12928.4091797, 3268.72314453, 14528.5947266, 7798.98925781, 8234.02050781, 24035.6523438, 6596.19970703, 11285.3046875, 8693.34472656, 7592.63378906, 1760.22363281, 451.25213623, 262.934234619, 305.479492188, 314.65838623, 259.128143311, 105.126861572, 57.0740661621, 66.0252761841, 149.952957153, 231.094619751, 30.7188282013, 1.19571959972, 0.0822946056724, 0.0307193826884, 0.00035610224586, 9.85410579801e-08, 8.66096860896e-10],
        "max": [3.62630558014, 27.4911308289, 69.1513671875, 67.8569564819, 86.4996414185, 50.7391929626, 55.7417564392, 104.591262817, 317.024169922, 309.442840576, 1317.37011719, 986.833862305, 1269.90393066, 698.723266602, 1456.52856445, 728.176086426, 689.380187988, 1147.13366699, 879.762268066, 945.838623047, 1141.09350586, 770.483459473, 388.163360596, 203.519622803, 108.571990967, 173.391998291, 156.383102417, 177.392089844, 147.989013672, 76.2148971558, 143.295410156, 190.098419189, 188.260177612, 91.50390625, 16.1875286102, 4.35179281235, 2.61570215225, 0.275339633226, 0.0048301955685, 0.000347577501088],
        "mean": [0.446482688189, 2.69930100441, 5.73014831543, 6.36504030228, 7.83145284653, 7.10085535049, 5.75465154648, 7.9013299942, 12.5517511368, 16.9219284058, 38.3930473328, 27.4029388428, 45.4528236389, 31.8105182648, 37.7156486511, 42.4600753784, 32.4809074402, 45.5783920288, 47.3699989319, 81.7422637939, 93.1951446533, 74.9468231201, 44.2892074585, 24.271528244, 18.263458252, 14.1532859802, 14.942987442, 11.8138093948, 6.83493900299, 5.26208925247, 4.94702148438, 4.61483716965, 3.66627836227, 1.57353401184, 0.431638300419, 0.116284683347, 0.0460554398596, 0.00411097425967, 0.000103633348772, 5.2905499615e-05],
        "median": [0.233086377382, 1.61804401875, 2.53913640976, 3.19951415062, 4.61362695694, 4.91202402115, 3.80482125282, 5.00090074539, 7.67768669128, 9.10541534424, 9.50225639343, 10.8265171051, 17.0413627625, 16.1710453033, 16.379655838, 19.4246311188, 14.2536725998, 17.7848892212, 27.7273635864, 46.2533226013, 61.8666610718, 53.0779075623, 34.0527114868, 20.5745944977, 14.6543035507, 11.0913715363, 10.4644956589, 8.07780742645, 3.20022559166, 1.91565966606, 1.25710177422, 0.747914612293, 0.602053403854, 0.317951112986, 0.0804578214884, 0.0217419974506, 0.00631453748792, 0.000453761284007, 3.57241187885e-05, 4.87834586238e-05],
        "min": [8.48529380164e-05, 0.000798350258265, 0.00120875332505, 0.00184610718861, 0.00531161017716, 0.0228738393635, 0.0378192700446, 0.112839713693, 0.215042442083, 0.132836356759, 0.202541679144, 0.184012249112, 0.431916117668, 0.311294853687, 0.529199659824, 1.44064593315, 1.00672447681, 0.877941608429, 1.18606293201, 2.17248892784, 2.14108109474, 1.95313107967, 1.56220829487, 0.948734402657, 0.39774620533, 0.164347648621, 0.18188482523, 0.0597632750869, 0.0157201942056, 0.00577758206055, 0.00522437179461, 0.00159049057402, 0.00051494105719, 4.05883838539e-05, 1.3628196939e-05, 9.19421017898e-06, 4.38539973402e-06, 8.70866529112e-07, 1.80192739663e-06, 2.17962065108e-06],
        "var": [0.293000549078, 13.8497200012, 65.1628723145, 72.4644927979, 100.315246582, 50.8002281189, 43.7066993713, 93.7831420898, 296.367034912, 630.746459961, 11584.921875, 3357.8371582, 8931.59570312, 3280.84814453, 7917.51953125, 6267.06982422, 4274.07373047, 11043.7714844, 4120.484375, 10999.4589844, 11506.0878906, 6291.65869141, 1585.52160645, 365.812194824, 235.459777832, 174.758850098, 237.203842163, 173.749954224, 93.3932647705, 68.4657592773, 152.194168091, 277.832946777, 280.982696533, 46.031162262, 1.50909221172, 0.0778372883797, 0.0229247715324, 0.000250951619819, 8.30927433526e-08, 1.10814069032e-09]
    },
    "gfcc": {
        "mean": [29.653219223, 99.1801986694, -140.560836792, 48.6860961914, -43.6915435791, 21.4795074463, -33.3160934448, 15.4175596237, -13.8157720566, 0.0473383814096, -15.8806762695, -0.288272202015, -2.94265818596],
        "cov": [[2053.35546875, -725.112976074, 422.744049072, 139.952850342, -193.836776733, 182.238586426, -133.599304199, 118.039024353, -142.117202759, 107.396972656, -238.755737305, 16.7280025482, -175.444091797], [-725.112976074, 1389.04663086, -362.795593262, 111.448181152, 316.367706299, -329.782501221, 328.528961182, -139.330108643, 133.628997803, -130.247756958, 183.253890991, -142.122406006, 188.054718018], [422.744049072, -362.795593262, 506.269775391, 67.3753662109, -34.6225891113, 155.466384888, -93.7459182739, 98.3433227539, -54.0026435852, 58.3314437866, -82.0873184204, 54.4927635193, -89.1139144897], [139.952850342, 111.448181152, 67.3753662109, 343.436065674, 98.0252761841, -32.1010017395, 49.1575088501, -52.8018760681, 55.4773712158, -9.58744716644, 39.8453216553, -20.0093021393, 41.0113258362], [-193.836776733, 316.367706299, -34.6225891113, 98.0252761841, 273.002746582, -35.9146270752, 120.70085144, -17.6428070068, 43.8979415894, 15.5357189178, 60.51171875, 11.073390007, 62.3625183105], [182.238586426, -329.782501221, 155.466384888, -32.1010017395, -35.9146270752, 243.190216064, -31.2412796021, 58.5664901733, -15.6691417694, 38.8888397217, -10.6117401123, 38.2042808533, -41.7122764587], [-133.599304199, 328.528961182, -93.7459182739, 49.1575088501, 120.70085144, -31.2412796021, 230.844421387, -5.1038646698, 54.3195495605, 4.1376543045, 71.3039321899, -20.8179168701, 42.5852394104], [118.039024353, -139.330108643, 98.3433227539, -52.8018760681, -17.6428070068, 58.5664901733, -5.1038646698, 127.241210938, 23.3297538757, 52.255065918, -25.5316829681, 20.2456378937, -9.02016925812], [-142.117202759, 133.628997803, -54.0026435852, 55.4773712158, 43.8979415894, -15.6691417694, 54.3195495605, 23.3297538757, 154.438461304, 29.5626029968, 46.9141578674, -15.2931890488, 47.1959037781], [107.396972656, -130.247756958, 58.3314437866, -9.58744716644, 15.5357189178, 38.8888397217, 4.1376543045, 52.255065918, 29.5626029968, 107.468208313, -2.25480890274, 32.6032867432, -14.2862472534], [-238.755737305, 183.253890991, -82.0873184204, 39.8453216553, 60.51171875, -10.6117401123, 71.3039321899, -25.5316829681, 46.9141578674, -2.25480890274, 122.307273865, 5.73521566391, 46.1938667297], [16.7280025482, -142.122406006, 54.4927635193, -20.0093021393, 11.073390007, 38.2042808533, -20.8179168701, 20.2456378937, -15.2931890488, 32.6032867432, 5.73521566391, 88.9775695801, 10.3308696747], [-175.444091797, 188.054718018, -89.1139144897, 41.0113258362, 62.3625183105, -41.7122764587, 42.5852394104, -9.02016925812, 47.1959037781, -14.2862472534, 46.1938667297, 10.3308696747, 124.19833374]],
        "icov": [[0.000969759305008, -0.000159454299137, 0.000102393903944, -0.00111931690481, 0.000706881692167, -0.0005167623749, -0.000177376772626, -0.00066850084113, 0.000930018315557, -0.00101822242141, 0.00157989433501, -0.000132819797727, 0.000491073646117], [-0.000159454299137, 0.004290076904, -0.00146222952753, 0.00220030499622, -0.00289997528307, 0.00386873167008, -0.00294557679445, 0.00204035057686, -0.00143025303259, 0.00288494117558, -0.00302474945784, 0.00505991559476, -0.00300368433818], [0.000102393903944, -0.00146222952753, 0.00492591969669, -0.00304312305525, 0.000631083501503, -0.0028386155609, 0.00193301192485, -0.00394100882113, 0.00172819220461, -0.000982073601335, 0.00241535785608, -0.00344837200828, 0.00329749076627], [-0.00111931690481, 0.00220030499622, -0.00304312305525, 0.00706822378561, -0.00302514689974, 0.00287908129394, -0.00153486267664, 0.00500812521204, -0.00348118017428, 0.00229150778614, -0.00365001801401, 0.00401700427756, -0.00344439316541], [0.000706881692167, -0.00289997528307, 0.000631083501503, -0.00302514689974, 0.0080784028396, -0.00234030978754, -0.000700430187862, -0.000995559850708, 0.0016944159288, -0.00366121996194, 0.00240666908212, -0.00435806298628, 0.000569163647015], [-0.0005167623749, 0.00386873167008, -0.0028386155609, 0.00287908129394, -0.00234030978754, 0.00946115422994, -0.00260296091437, 0.000907352834474, -0.0016131894663, 0.00265852222219, -0.00475059915334, 0.00334636424668, -0.00185679784045], [-0.000177376772626, -0.00294557679445, 0.00193301192485, -0.00153486267664, -0.000700430187862, -0.00260296091437, 0.00910831987858, -0.0028203711845, 0.000547326751985, -0.00187653000467, -0.000957991520409, -0.00164921255782, 0.00232250196859], [-0.00066850084113, 0.00204035057686, -0.00394100882113, 0.00500812521204, -0.000995559850708, 0.000907352834474, -0.0028203711845, 0.0163018945605, -0.00461574969813, -0.00246764929034, 0.000238005435676, 0.0028982765507, -0.0044189831242], [0.000930018315557, -0.00143025303259, 0.00172819220461, -0.00348118017428, 0.0016944159288, -0.0016131894663, 0.000547326751985, -0.00461574969813, 0.0118737695739, -0.00522361695766, -0.000283945933916, 0.00146920757834, -0.00117614865303], [-0.00101822242141, 0.00288494117558, -0.000982073601335, 0.00229150778614, -0.00366121996194, 0.00265852222219, -0.00187653000467, -0.00246764929034, -0.00522361695766, 0.0175117142498, -0.00315445847809, -0.00190443161409, 0.00125854148064], [0.00157989433501, -0.00302474945784, 0.00241535785608, -0.00365001801401, 0.00240666908212, -0.00475059915334, -0.000957991520409, 0.000238005435676, -0.000283945933916, -0.00315445847809, 0.0175623763353, -0.00610908120871, 0.00101296231151], [-0.000132819797727, 0.00505991559476, -0.00344837200828, 0.00401700427756, -0.00435806298628, 0.00334636424668, -0.00164921255782, 0.0028982765507, 0.00146920757834, -0.00190443161409, -0.00610908120871, 0.022688973695, -0.00795411039144], [0.000491073646117, -0.00300368433818, 0.00329749076627, -0.00344439316541, 0.000569163647015, -0.00185679784045, 0.00232250196859, -0.0044189831242, -0.00117614865303, 0.00125854148064, 0.00101296231151, -0.00795411039144, 0.0156466178596]]
    },
    "melbands": {
        "dmean": [0.00270087341778, 0.00221498240717, 0.000834094942547, 0.000347759574652, 0.000123198929941, 0.000126927392557, 0.000134364963742, 0.000144490652019, 0.00022857611475, 0.000138173927553, 0.000149169733049, 8.67707858561e-05, 8.10666533653e-05, 8.8759989012e-05, 5.74843033974e-05, 6.10697316006e-05, 6.55859548715e-05, 4.49431354355e-05, 5.27415941178e-05, 8.22982037789e-05, 5.72781427763e-05, 4.99188790855e-05, 2.57903266174e-05, 1.57112481247e-05, 1.01593168438e-05, 7.92413175077e-06, 5.83061500947e-06, 5.2105992836e-06, 5.65742539038e-06, 5.08524908582e-06, 3.57772933057e-06, 2.3478694402e-06, 2.11716769627e-06, 1.80834024377e-06, 1.73055218511e-06, 1.82896599199e-06, 1.83951090094e-06, 1.70138616795e-06, 1.26961265323e-06, 7.26219582248e-07],
        "dmean2": [0.00434752414003, 0.00352796516381, 0.00132665713318, 0.000572332646698, 0.000197783010663, 0.000208022247534, 0.000220400310354, 0.000231803613133, 0.00036012660712, 0.000220886111492, 0.000239805624005, 0.000138007395435, 0.000129110048874, 0.000145095371408, 9.19730227906e-05, 0.000100106197351, 0.000107776460936, 7.4147254054e-05, 8.45003887662e-05, 0.000132419532747, 8.84646942723e-05, 7.87334793131e-05, 4.10103311879e-05, 2.44557813858e-05, 1.60723830049e-05, 1.21796219901e-05, 9.24801315705e-06, 8.41662676976e-06, 9.07795129024e-06, 7.84346957516e-06, 5.37543064638e-06, 3.5699788441e-06, 3.18406955557e-06, 2.66180450126e-06, 2.44071270572e-06, 2.80937479147e-06, 2.65855965154e-06, 2.55944814853e-06, 1.94883318727e-06, 1.07734365429e-06],
        "dvar": [1.65510227816e-05, 1.46172633322e-05, 1.76467767687e-06, 1.81561418344e-07, 2.34601991167e-08, 3.62997241155e-08, 5.62781927727e-08, 7.43418411275e-08, 4.25877601629e-07, 1.25384104877e-07, 1.42231812106e-07, 3.64331711467e-08, 4.77051536052e-08, 3.68721586597e-08, 2.78624181504e-08, 3.52345992383e-08, 3.48724249477e-08, 8.58084270305e-09, 9.54284562482e-09, 1.80666823724e-08, 6.40184927292e-09, 5.92019677725e-09, 1.27665666927e-09, 4.38714509166e-10, 1.45038120403e-10, 8.0577780559e-11, 5.44342348974e-11, 5.29469593169e-11, 6.66130622884e-11, 4.92681971609e-11, 3.73863891234e-11, 1.90289485558e-11, 9.67344954139e-12, 1.09680571916e-11, 1.06486746504e-11, 2.84961238634e-11, 3.89118459676e-11, 6.5025783369e-11, 3.97386602791e-11, 6.94222370562e-12],
        "dvar2": [4.21554213972e-05, 3.67144530173e-05, 4.30161799159e-06, 4.85007035422e-07, 6.17153403937e-08, 9.30743979666e-08, 1.49845647002e-07, 1.72589722069e-07, 1.07424159523e-06, 3.0060203926e-07, 3.48154742369e-07, 8.37371771922e-08, 1.13141524594e-07, 9.31915167257e-08, 6.46445457164e-08, 9.16073688018e-08, 9.07507740067e-08, 2.09723207689e-08, 2.23132943233e-08, 4.35260361087e-08, 1.39183056191e-08, 1.41876626003e-08, 3.18433079904e-09, 1.09503983658e-09, 3.75625586191e-10, 1.89807072837e-10, 1.41643724527e-10, 1.38521472071e-10, 1.71375108549e-10, 1.14446077615e-10, 9.44640546341e-11, 4.23501476943e-11, 2.15551396177e-11, 2.67428700712e-11, 1.80025161445e-11, 6.14453349312e-11, 7.2655707839e-11, 1.45534848062e-10, 8.96978671894e-11, 1.39721775816e-11],
        "max": [0.0290426183492, 0.0322001688182, 0.0117749134079, 0.00418549403548, 0.00167005008552, 0.00214402005076, 0.00418980838731, 0.00389165547676, 0.0102659603581, 0.00563128618523, 0.00709297461435, 0.00393580785021, 0.00434771925211, 0.00234242295846, 0.00388092990033, 0.00267562014051, 0.00254259235226, 0.00149194465484, 0.00171177228913, 0.00212046387605, 0.00131727172993, 0.00107821950223, 0.000504274968989, 0.000422698882176, 0.00020174360543, 0.000108553715108, 8.86885391083e-05, 0.0001038001501, 0.000100018965895, 0.000106866187707, 0.00011526371236, 9.07593566808e-05, 4.54166984127e-05, 5.16103718837e-05, 8.50284923217e-05, 9.4963630545e-05, 0.000133516179631, 0.000158906754223, 0.000146848527947, 6.35725446045e-05],
        "mean": [0.00383829581551, 0.00325654749759, 0.00118988449685, 0.000559967360459, 0.000210929356399, 0.000183833108167, 0.000188388105016, 0.000209044257645, 0.000299565028399, 0.00017230535741, 0.000229722252698, 0.000131363951368, 0.000108496911707, 0.000128199593746, 7.87140306784e-05, 7.73647989263e-05, 8.42582885525e-05, 6.84883634676e-05, 8.98673242773e-05, 0.000129846826894, 0.000106931853225, 8.73318713275e-05, 4.78150795971e-05, 3.07087866531e-05, 1.84374421224e-05, 1.48214121509e-05, 1.04871751319e-05, 8.94383083505e-06, 9.29694851948e-06, 8.69834639161e-06, 5.99847317062e-06, 3.86684587284e-06, 3.20941080645e-06, 2.83049166683e-06, 2.8734289117e-06, 2.69377096629e-06, 2.92910908684e-06, 2.67452787739e-06, 2.08348365049e-06, 1.06844890979e-06],
        "median": [0.00233053322881, 0.00189844984561, 0.000662402948365, 0.000412387074903, 0.000153862565639, 0.000120764641906, 0.000121635544929, 9.96291346382e-05, 7.15975183994e-05, 6.30316135357e-05, 8.42861118144e-05, 5.93332697463e-05, 4.67143581773e-05, 5.60380685783e-05, 3.62074606528e-05, 2.81883712887e-05, 3.08117341774e-05, 3.71590613213e-05, 4.90609490953e-05, 7.44854478398e-05, 6.58234639559e-05, 5.58614628972e-05, 3.57138378604e-05, 2.31181074923e-05, 1.50550959006e-05, 1.14531940199e-05, 8.15541898191e-06, 6.76379295328e-06, 6.30351087239e-06, 5.97566986471e-06, 3.79608604817e-06, 1.71570547991e-06, 1.27053726828e-06, 9.24395351376e-07, 7.75775276907e-07, 5.00904263845e-07, 4.24278738365e-07, 3.69694078017e-07, 3.70395042637e-07, 2.07224701398e-07],
        "min": [1.12598183932e-06, 7.2674367857e-07, 5.3235521591e-07, 7.55437099542e-07, 8.38691562421e-07, 1.12664042717e-06, 3.00490432892e-06, 6.43907014819e-07, 1.67306859566e-06, 9.16532258088e-07, 1.72194302195e-06, 7.58010230584e-07, 1.3483205521e-06, 1.49340712596e-06, 2.20538254325e-06, 1.75723619122e-06, 1.05671222173e-06, 1.3341950762e-06, 2.60727665591e-06, 2.51774667959e-06, 2.20352126235e-06, 1.9090373371e-06, 1.54399981511e-06, 5.36801394446e-07, 7.76225022037e-07, 1.47895931946e-07, 1.87655317063e-07, 5.04970110171e-08, 9.86390205071e-08, 5.31180717189e-08, 2.26569270012e-08, 6.38972563749e-09, 3.41586203767e-09, 2.93980217947e-09, 3.26474625112e-09, 1.41898393036e-09, 2.73436741999e-11, 3.37455369204e-10, 6.05246477936e-11, 3.567346505e-12],
