{
"highlevel": {
    "danceability": {
        "all": {
            "danceable": 0.0561697408557,
            "not_danceable": 0.943830251694
        },
        "probability": 0.943830251694,
        "value": "not_danceable"
    },
    "gender": {
        "all": {
            "female": 0.203641101718,
            "male": 0.796358883381
        },
        "probability": 0.796358883381,
        "value": "male"
    },
    "genre_dortmund": {
        "all": {
            "alternative": 0.358911216259,
            "blues": 0.0134972957894,
            "electronic": 0.0224034078419,
            "folkcountry": 0.0296921171248,
            "funksoulrnb": 0.00187741883565,
            "jazz": 0.023773605004,
            "pop": 0.0480711124837,
            "raphiphop": 0.000475439534057,
            "rock": 0.501298367977
        },
        "probability": 0.501298367977,
        "value": "rock"
    },
    "genre_electronic": {
        "all": {
            "ambient": 0.237616091967,
            "dnb": 0.159827426076,
            "house": 0.0576544366777,
            "techno": 0.032036896795,
            "trance": 0.512865126133
        },
        "probability": 0.512865126133,
        "value": "trance"
    },
    "genre_rosamerica": {
        "all": {
            "cla": 0.000350863556378,
            "dan": 0.0271861385554,
            "hip": 0.00184079376049,
            "jaz": 0.00114814762492,
            "pop": 0.0333818532526,
            "rhy": 0.00136165472213,
            "roc": 0.934250116348,
            "spe": 0.00048044702271
        },
        "probability": 0.934250116348,
        "value": "roc"
    },
    "genre_tzanetakis": {
        "all": {
            "blu": 0.0626541376114,
            "cla": 0.0348133966327,
            "cou": 0.0783501937985,
            "dis": 0.104547761381,
            "hip": 0.15693578124,
            "jaz": 0.313987255096,
            "met": 0.044816005975,
            "pop": 0.0627349764109,
            "reg": 0.0627352520823,
            "roc": 0.0784252434969
        },
        "probability": 0.313987255096,
        "value": "jaz"
    },
    "ismir04_rhythm": {
        "all": {
            "ChaChaCha": 0.581669926643,
            "Jive": 0.233529105783,
            "Quickstep": 0.0139044495299,
            "Rumba-American": 0.0175533276051,
            "Rumba-International": 0.009656121023,
            "Rumba-Misc": 0.00279326830059,
            "Samba": 0.0749875456095,
            "Tango": 0.0267692673951,
            "VienneseWaltz": 0.0332446619868,
            "Waltz": 0.00589232612401
        },
        "probability": 0.581669926643,
        "value": "ChaChaCha"
    },
    "mood_acoustic": {
        "all": {
            "acoustic": 0.0336813032627,
            "not_acoustic": 0.96631872654
        },
        "probability": 0.96631872654,
        "value": "not_acoustic"
    },
    "mood_aggressive": {
        "all": {
            "aggressive": 0.917074143887,
            "not_aggressive": 0.0829258486629
        },
        "probability": 0.917074143887,
        "value": "aggressive"
    },
    "mood_electronic": {
        "all": {
            "electronic": 0.27328518033,
            "not_electronic": 0.726714849472
        },
        "probability": 0.726714849472,
        "value": "not_electronic"
    },
    "mood_happy": {
        "all": {
            "happy": 0.622600138187,
            "not_happy": 0.377399861813
        },
        "probability": 0.622600138187,
        "value": "happy"
    },
    "mood_party": {
        "all": {
            "not_party": 0.327847868204,
            "party": 0.672152101994
        },
        "probability": 0.672152101994,
        "value": "party"
    },
    "mood_relaxed": {
        "all": {
            "not_relaxed": 0.943987727165,
            "relaxed": 0.0560122765601
        },
        "probability": 0.943987727165,
        "value": "not_relaxed"
    },
    "mood_sad": {
        "all": {
            "not_sad": 0.720044076443,
            "sad": 0.279955923557
        },
        "probability": 0.720044076443,
        "value": "not_sad"
    },
    "moods_mirex": {
        "all": {
            "Cluster1": 0.484870761633,
            "Cluster2": 0.0721393227577,
            "Cluster3": 0.185752332211,
            "Cluster4": 0.0313602387905,
            "Cluster5": 0.225877359509
        },
        "probability": 0.484870761633,
        "value": "Cluster1"
    },
    "timbre": {
        "all": {
            "bright": 0.433253437281,
            "dark": 0.566746532917
        },
        "probability": 0.566746532917,
        "value": "dark"
    },
    "tonal_atonal": {
        "all": {
            "atonal": 0.00945209339261,
            "tonal": 0.990547895432
        },
        "probability": 0.990547895432,
        "value": "tonal"
    },
    "voice_instrumental": {
        "all": {
            "instrumental": 0.000652394082863,
            "voice": 0.999347627163
        },
        "probability": 0.999347627163,
        "value": "voice"
    }
},
"lowlevel": {
    "average_loudness": 0.983067154884,
    "barkbands_crest": {
        "dmean": 2.54654479027,
        "dmean2": 4.28987550735,
        "dvar": 4.70370054245,
        "dvar2": 12.9011058807,
        "max": 21.734998703,
        "mean": 9.75693130493,
        "median": 9.35796165466,
        "min": 3.24485969543,
        "var": 10.5784101486
    },
    "barkbands_flatness_db": {
        "dmean": 0.0179914180189,
        "dmean2": 0.0299613866955,
        "dvar": 0.000269386713626,
        "dvar2": 0.000756813911721,
        "max": 0.307907879353,
        "mean": 0.118716232479,
        "median": 0.110906288028,
        "min": 0.0572731718421,
        "var": 0.0012715846533
    },
    "barkbands_kurtosis": {
        "dmean": 1.87350475788,
        "dmean2": 3.19825649261,
        "dvar": 7.79005336761,
        "dvar2": 24.5075111389,
        "max": 41.8368377686,
        "mean": 2.50882554054,
        "median": 1.59785223007,
        "min": -1.43679451942,
        "var": 13.1332569122
    },
    "barkbands_skewness": {
        "dmean": 0.425256639719,
        "dmean2": 0.701505959034,
        "dvar": 0.16366276145,
        "dvar2": 0.486144602299,
        "max": 5.81517696381,
        "mean": 1.61101222038,
        "median": 1.55028808117,
        "min": -0.011686321348,
        "var": 0.535808503628
    },
    "barkbands_spread": {
        "dmean": 5.45562696457,
        "dmean2": 8.82663536072,
        "dvar": 23.0374984741,
        "dvar2": 63.3945159912,
        "max": 65.4759597778,
        "mean": 29.5263652802,
        "median": 29.6650753021,
        "min": 3.79436469078,
        "var": 92.9759674072
    },
    "dissonance": {
        "dmean": 0.013007667847,
        "dmean2": 0.0221015103161,
        "dvar": 0.00015329454618,
        "dvar2": 0.000426926795626,
        "max": 0.500000059605,
        "mean": 0.477067112923,
        "median": 0.481054395437,
        "min": 0.384934544563,
        "var": 0.0002761236683
    },
    "dynamic_complexity": 1.44153702259,
    "erbbands_crest": {
        "dmean": 1.99540686607,
        "dmean2": 3.33430933952,
        "dvar": 4.51025056839,
        "dvar2": 11.6350564957,
        "max": 23.8272895813,
        "mean": 6.25034999847,
        "median": 5.24432229996,
        "min": 2.52539777756,
        "var": 9.97181987762
    },
    "erbbands_flatness_db": {
        "dmean": 0.011142263189,
        "dmean2": 0.0172916539013,
        "dvar": 0.000113883972517,
        "dvar2": 0.000226283053053,
        "max": 0.238019540906,
        "mean": 0.113805703819,
        "median": 0.105938769877,
        "min": 0.0735281631351,
        "var": 0.00071394018596
    },
    "erbbands_kurtosis": {
        "dmean": 0.460781365633,
        "dmean2": 0.754670441151,
        "dvar": 0.276425749063,
        "dvar2": 0.679483234882,
        "max": 5.85540485382,
        "mean": -0.321296572685,
        "median": -0.50053191185,
        "min": -1.51754999161,
        "var": 0.65732896328
    },
    "erbbands_skewness": {
        "dmean": 0.252310752869,
        "dmean2": 0.395738005638,
        "dvar": 0.0537858009338,
        "dvar2": 0.124295331538,
        "max": 1.86623299122,
        "mean": 0.0558451972902,
        "median": 0.0280889645219,
        "min": -1.29864108562,
        "var": 0.201953619719
    },
    "erbbands_spread": {
        "dmean": 7.66048955917,
        "dmean2": 12.5284872055,
        "dvar": 42.1326217651,
        "dvar2": 109.814048767,
        "max": 81.7423629761,
        "mean": 48.9271850586,
        "median": 49.5455703735,
        "min": 14.0790596008,
        "var": 136.690246582
    },
    "hfc": {
        "dmean": 7.13560771942,
        "dmean2": 10.6620836258,
        "dvar": 77.4975128174,
        "dvar2": 169.561416626,
        "max": 94.6371383667,
        "mean": 30.7108707428,
        "median": 26.0467700958,
        "min": 4.3599486351,
        "var": 252.854721069
    },
    "melbands_crest": {
        "dmean": 2.98596787453,
        "dmean2": 4.97055196762,
        "dvar": 6.10764789581,
        "dvar2": 17.3408870697,
        "max": 26.7073059082,
        "mean": 14.4077224731,
        "median": 14.0958204269,
        "min": 5.4251203537,
        "var": 15.7065343857
    },
    "melbands_flatness_db": {
        "dmean": 0.0218652430922,
        "dmean2": 0.0357519201934,
        "dvar": 0.000395595794544,
        "dvar2": 0.00106647179928,
        "max": 0.381150603294,
        "mean": 0.169206991792,
        "median": 0.1601960361,
        "min": 0.088124461472,
        "var": 0.00206978525966
    },
    "melbands_kurtosis": {
        "dmean": 6.54585027695,
        "dmean2": 11.0046739578,
        "dvar": 69.0652313232,
        "dvar2": 214.083435059,
        "max": 104.519821167,
        "mean": 13.8149862289,
        "median": 11.5426616669,
        "min": -0.637197494507,
        "var": 124.060569763
    },
    "melbands_skewness": {
        "dmean": 0.722640752792,
        "dmean2": 1.18567872047,
        "dvar": 0.423683106899,
        "dvar2": 1.20667362213,
        "max": 8.47563648224,
        "mean": 3.13861823082,
        "median": 3.12757515907,
        "min": 0.568879008293,
        "var": 1.45626461506
    },
    "melbands_spread": {
        "dmean": 5.86616897583,
        "dmean2": 9.47593784332,
        "dvar": 25.4808216095,
        "dvar2": 68.5764923096,
        "max": 59.824546814,
        "mean": 23.6857814789,
        "median": 22.6149921417,
        "min": 2.36513328552,
        "var": 102.46182251
    },
    "pitch_salience": {
        "dmean": 0.0734851807356,
        "dmean2": 0.12129342556,
        "dvar": 0.00361823407002,
        "dvar2": 0.0103616882116,
        "max": 0.837776720524,
        "mean": 0.541662931442,
        "median": 0.542442679405,
        "min": 0.271572679281,
        "var": 0.00754541438073
    },
    "silence_rate_20dB": {
        "dmean": 0,
        "dmean2": 0,
        "dvar": 0,
        "dvar2": 0,
        "max": 1,
        "mean": 1,
        "median": 1,
        "min": 1,
        "var": 0
    },
    "silence_rate_30dB": {
        "dmean": 0,
        "dmean2": 0,
        "dvar": 0,
        "dvar2": 0,
        "max": 1,
        "mean": 1,
        "median": 1,
        "min": 1,
        "var": 0
    },
    "silence_rate_60dB": {
        "dmean": 0,
        "dmean2": 0,
        "dvar": 0,
        "dvar2": 0,
        "max": 0,
        "mean": 0,
        "median": 0,
        "min": 0,
        "var": 0
    },
    "spectral_centroid": {
        "dmean": 242.454742432,
        "dmean2": 382.383453369,
        "dvar": 38506.6367188,
        "dvar2": 98824.015625,
        "max": 3128.11303711,
        "mean": 1597.74951172,
        "median": 1591.23364258,
        "min": 358.634613037,
        "var": 203865.125
    },
    "spectral_complexity": {
        "dmean": 4.41021680832,
        "dmean2": 6.74748277664,
        "dvar": 15.3069400787,
        "dvar2": 35.835521698,
        "max": 54,
        "mean": 29.7416858673,
        "median": 29,
        "min": 9,
        "var": 53.8698806763
    },
    "spectral_decrease": {
        "dmean": 3.32812799542e-09,
        "dmean2": 5.5598947668e-09,
        "dvar": 1.36507019143e-17,
        "dvar2": 3.78887366428e-17,
        "max": -2.14165285506e-09,
        "mean": -1.0083968327e-08,
        "median": -9.32566823764e-09,
        "min": -3.51591005199e-08,
        "var": 1.65921363202e-17
    },
    "spectral_energy": {
        "dmean": 0.0130170034245,
        "dmean2": 0.0216592866927,
        "dvar": 0.000209358593565,
        "dvar2": 0.000575888319872,
        "max": 0.13791282475,
        "mean": 0.0408447794616,
        "median": 0.0380219556391,
        "min": 0.00932125281543,
        "var": 0.000263646012172
    },
    "spectral_energyband_high": {
        "dmean": 0.000539917033166,
        "dmean2": 0.000821370224003,
        "dvar": 4.97773555708e-07,
        "dvar2": 1.15666250622e-06,
        "max": 0.00939212460071,
        "mean": 0.00185575743672,
        "median": 0.00155474175699,
        "min": 2.07347820833e-05,
        "var": 1.60597642207e-06
    },
    "spectral_energyband_low": {
        "dmean": 0.00874338950962,
        "dmean2": 0.0150402495638,
        "dvar": 0.000103469341411,
        "dvar2": 0.000307038222672,
        "max": 0.107474051416,
        "mean": 0.0191600956023,
        "median": 0.0170305427164,
        "min": 0.00160253897775,
        "var": 0.000111758177809
    },
    "spectral_energyband_middle_high": {
        "dmean": 0.00235262745991,
        "dmean2": 0.00352197140455,
        "dvar": 8.49918615131e-06,
        "dvar2": 1.86470078916e-05,
        "max": 0.0391932837665,
        "mean": 0.00757392076775,
        "median": 0.00581731786951,
        "min": 0.000999891315587,
        "var": 2.77057933999e-05
    },
    "spectral_energyband_middle_low": {
        "dmean": 0.00663764355704,
        "dmean2": 0.0110810156912,
        "dvar": 9.48384622461e-05,
        "dvar2": 0.000252847152296,
        "max": 0.0898710936308,
        "mean": 0.0136796208099,
        "median": 0.0108078820631,
        "min": 0.00138975458685,
        "var": 0.000104382539575
    },
    "spectral_entropy": {
        "dmean": 0.0894090980291,
        "dmean2": 0.138425529003,
        "dvar": 0.00733570102602,
        "dvar2": 0.0183332636952,
        "max": 8.34095573425,
        "mean": 7.93881511688,
        "median": 7.98566532135,
        "min": 6.97193050385,
        "var": 0.0448492020369
    },
    "spectral_flux": {
        "dmean": 0.0267577487975,
        "dmean2": 0.0418838448822,
        "dvar": 0.000762515235692,
        "dvar2": 0.00158683222253,
        "max": 0.273891896009,
        "mean": 0.104239277542,
        "median": 0.0975791737437,
        "min": 0.0343389809132,
        "var": 0.00143987056799
    },
    "spectral_kurtosis": {
        "dmean": 0.705375611782,
        "dmean2": 1.19747424126,
        "dvar": 0.948498249054,
        "dvar2": 2.47836589813,
        "max": 16.1864376068,
        "mean": 2.38617706299,
        "median": 2.16938447952,
        "min": 0.220766305923,
        "var": 1.43471026421
    },
    "spectral_rms": {
        "dmean": 0.000971400702838,
        "dmean2": 0.00160185596906,
        "dvar": 9.36491858283e-07,
        "dvar2": 2.5934043606e-06,
        "max": 0.0115995304659,
        "mean": 0.00620095804334,
        "median": 0.00609053252265,
        "min": 0.00301561015658,
        "var": 1.39669725741e-06
    },
    "spectral_rolloff": {
        "dmean": 452.464691162,
        "dmean2": 766.472473145,
        "dvar": 259721.734375,
        "dvar2": 675581.6875,
        "max": 5792.43164062,
        "mean": 1282.26574707,
        "median": 1227.39257812,
        "min": 107.666015625,
        "var": 613842.3125
    },
    "spectral_skewness": {
        "dmean": 0.129726141691,
        "dmean2": 0.21307118237,
        "dvar": 0.0182221885771,
        "dvar2": 0.044060330838,
        "max": 3.61561965942,
        "mean": 1.20903682709,
        "median": 1.20175695419,
        "min": 0.54762005806,
        "var": 0.0416307672858
    },
    "spectral_spread": {
        "dmean": 347239,
        "dmean2": 551998.6875,
        "dvar": 115666722816,
        "dvar2": 227354460160,
        "max": 8997590,
        "mean": 5181691.5,
        "median": 5306705,
        "min": 2123860.75,
        "var": 595619741696
    },
    "spectral_strongpeak": {
        "dmean": 0.544414043427,
        "dmean2": 0.962655723095,
        "dvar": 1.10168766975,
        "dvar2": 2.92364573479,
        "max": 9.0643081665,
        "mean": 0.726413667202,
        "median": 0.386554211378,
        "min": 0.066450253129,
        "var": 1.2556810379
    },
    "zerocrossingrate": {
        "dmean": 0.00799125898629,
        "dmean2": 0.0103076137602,
        "dvar": 4.19416937802e-05,
        "dvar2": 7.17952425475e-05,
        "max": 0.14013671875,
        "mean": 0.0672359094024,
        "median": 0.068359375,
        "min": 0.0068359375,
        "var": 0.000395080482122
    },
    "barkbands": {
        "dmean": [0.000126907150843, 0.00639945594594, 0.00349078024738, 0.00187616748735, 0.00359726767056, 0.000945469539147, 0.000463046802906, 0.00113915186375, 0.00143292278517, 0.000803028175142, 0.000623038271442, 0.000504319323227, 0.000650538888294, 0.000385915656807, 0.000369892717572, 0.000277487008134, 0.000157150236191, 0.000131002714625, 0.000208907193155, 0.000273080280749, 0.000192263934878, 0.000162890646607, 0.000102609927126, 7.30116444174e-05, 5.57893581572e-05, 4.78425790789e-05, 6.50363451982e-09],
        "dmean2": [0.000214828760363, 0.0109302122146, 0.00607610819861, 0.00324982800521, 0.00621111970395, 0.00150499469601, 0.000772341853008, 0.00182060711086, 0.00231319572777, 0.00124859251082, 0.000963291968219, 0.000814503699075, 0.00105031009298, 0.000636870390736, 0.00060448248405, 0.000453071435913, 0.000264230271569, 0.000223756142077, 0.000344079599017, 0.000431243301136, 0.000315690005664, 0.000257950596279, 0.00016225015861, 0.000117951189168, 9.07889043447e-05, 7.54977809265e-05, 1.0036582232e-08],
        "dvar": [1.87992661438e-08, 5.08932716912e-05, 2.30225141422e-05, 5.05469097334e-06, 4.99078341818e-05, 3.06073002321e-06, 4.52068093182e-07, 7.1006561484e-06, 1.35331474667e-05, 2.74290619018e-06, 1.46782110733e-06, 1.22043036299e-06, 1.98864904633e-06, 4.0259149614e-07, 4.94928940498e-07, 2.12225899077e-07, 3.84539085019e-08, 2.51033380749e-08, 6.38056008029e-08, 1.27900037228e-07, 7.41024663853e-08, 4.46927153064e-08, 1.35581235128e-08, 9.40946165429e-09, 5.75019454274e-09, 5.53151657812e-09, 8.55560451451e-15],
        "dvar2": [4.96048464527e-08, 0.000142483564559, 7.01183089404e-05, 1.40663323691e-05, 0.000141680997331, 6.91731020197e-06, 1.23074642033e-06, 1.78295340447e-05, 3.45647167705e-05, 6.08678465142e-06, 2.95752329293e-06, 2.90700859296e-06, 5.06244214193e-06, 9.19190654258e-07, 1.22686708437e-06, 4.46103229024e-07, 1.08689697242e-07, 6.95122537309e-08, 1.52849963797e-07, 2.87764322593e-07, 1.81974925795e-07, 1.09410358107e-07, 3.26999689548e-08, 2.40610571467e-08, 1.44937395419e-08, 1.36479911816e-08, 9.18770708656e-15],
        "max": [0.00154786952771, 0.0708789676428, 0.0487970411777, 0.0187814775854, 0.0776182711124, 0.0285927727818, 0.00700023397803, 0.0306337065995, 0.053766772151, 0.0274966377765, 0.0192594081163, 0.0224590711296, 0.022093070671, 0.00861648283899, 0.013785998337, 0.0105900149792, 0.0034167082049, 0.00193232903257, 0.00410143937916, 0.00434826314449, 0.00440897746012, 0.00216097128578, 0.00161858357023, 0.00167691742536, 0.00138201261871, 0.000765320088249, 3.26618578583e-06],
        "mean": [0.000189405618585, 0.011640990153, 0.00605861702934, 0.00246927654371, 0.00528101669624, 0.0014837149065, 0.000737549562473, 0.00146097969264, 0.00198154058307, 0.00131813588087, 0.00112632033415, 0.000876215752214, 0.00109924946446, 0.000625138287432, 0.000661766971461, 0.000574178178795, 0.000326208741171, 0.000293280580081, 0.000474694068544, 0.000625625485554, 0.00041806185618, 0.000391869805753, 0.000298401835607, 0.000216831584112, 0.000139907700941, 7.58216556278e-05, 5.09582998021e-09],
        "median": [0.000135528316605, 0.00987695809454, 0.00470219086856, 0.00161462114193, 0.0035365538206, 0.000811025209259, 0.000514441519044, 0.000367870554328, 0.000551663455553, 0.000560933141969, 0.00052477105055, 0.00047729013022, 0.000534326129127, 0.000425582635216, 0.000440727482783, 0.000437518698163, 0.000272247474641, 0.00024951386149, 0.000388126733014, 0.000374511233531, 0.000303110777168, 0.000290502648568, 0.000259143387666, 0.000197286892217, 0.0001293446403, 5.41467015864e-05, 6.20723583644e-10],
        "min": [1.0064197653e-07, 0.000441395794041, 0.000101454847027, 1.6452253476e-05, 9.71795452642e-05, 2.76930350083e-05, 1.5949635781e-05, 1.73681000888e-05, 1.22484825624e-05, 1.50325977302e-05, 2.11743063119e-05, 2.98642025882e-05, 2.45965420618e-05, 1.53311775648e-05, 4.86868157168e-05, 3.61974925909e-05, 3.50112677552e-05, 3.99988266508e-06, 1.74038523255e-05, 1.47790742631e-05, 1.91161143448e-06, 9.69009306573e-07, 1.33031880978e-06, 1.34944642127e-07, 1.85168114175e-09, 1.16592308724e-11, 1.00630103209e-11],
        "var": [3.66967043419e-08, 6.62573656882e-05, 2.68378207693e-05, 6.46559692541e-06, 4.13148118241e-05, 5.4581414588e-06, 5.40936071047e-07, 9.12267023523e-06, 1.94148196897e-05, 5.56336226509e-06, 3.56871078111e-06, 2.82528776552e-06, 3.67859024664e-06, 5.75769888655e-07, 8.25898553103e-07, 5.40335349797e-07, 4.84456279537e-08, 4.28092796767e-08, 1.36595829758e-07, 4.59244887452e-07, 1.7334906488e-07, 1.04377384957e-07, 4.09824352232e-08, 2.14147402033e-08, 9.78958514253e-09, 7.07295244595e-09, 8.4081132085e-15]
    },
    "erbbands": {
        "dmean": [0.152836844325, 1.61523556709, 4.06754636765, 4.62912559509, 10.0004234314, 12.836596489, 7.63021707535, 7.71550655365, 6.87884044647, 12.2485933304, 30.0713405609, 29.4817771912, 23.3351840973, 18.9912986755, 23.6470146179, 18.1420307159, 28.5938339233, 17.4925575256, 17.422492981, 17.3519153595, 15.5687656403, 7.46964359283, 7.00038385391, 8.70317745209, 12.1878032684, 12.1106882095, 8.22473239899, 7.87931871414, 6.4544801712, 3.93366408348, 2.8330848217, 1.84307289124, 1.18327558041, 0.774838030338, 0.344451904297, 0.27804094553, 0.0729825943708, 0.0036129206419, 7.91106431279e-05, 1.67471534951e-05],
        "dmean2": [0.251150339842, 2.78656101227, 7.1698923111, 7.99564123154, 17.1737823486, 22.5169963837, 12.4573478699, 12.877038002, 11.1673927307, 19.7855358124, 47.8747901917, 46.8314781189, 36.3145980835, 29.2667255402, 37.9700965881, 29.3014659882, 45.7527732849, 28.566242218, 28.4795303345, 28.1327724457, 25.1730995178, 12.569527626, 11.8242864609, 14.3350286484, 19.683889389, 19.3325843811, 13.4582414627, 13.0087337494, 10.4521207809, 6.30520057678, 4.46106290817, 3.00115799904, 1.92249846458, 1.26604533195, 0.558493494987, 0.456861138344, 0.11084613204, 0.00545722898096, 0.000116721763334, 2.7046093237e-05],
        "dvar": [0.025443572551, 3.46694684029, 30.2857208252, 28.8562374115, 276.142822266, 725.171142578, 162.696914673, 215.558578491, 86.8157577515, 923.993041992, 4029.54760742, 5647.12207031, 2431.88452148, 1067.83227539, 2108.53125, 1783.98156738, 4346.55517578, 761.302612305, 1219.4921875, 673.162109375, 704.946044922, 104.42515564, 66.8444519043, 99.1760635376, 253.249206543, 342.268066406, 161.387741089, 107.833518982, 72.6160964966, 23.1590709686, 10.8975667953, 4.56499576569, 3.766695261, 0.961137056351, 0.331441491842, 0.231804832816, 0.00896097160876, 2.53551334026e-05, 1.09679847426e-08, 3.3614244721e-10],
        "dvar2": [0.0646572783589, 10.0790147781, 94.8587493896, 78.8653564453, 762.558898926, 2098.13793945, 381.785644531, 514.177124023, 221.090270996, 2347.38427734, 9811.02148438, 13587.9199219, 6144.09765625, 2449.46630859, 4526.49707031, 4101.93017578, 10830.4521484, 1808.48352051, 3139.40112305, 1715.00097656, 1367.42272949, 291.537506104, 186.766708374, 247.889694214, 617.518798828, 755.329711914, 410.748931885, 270.287200928, 182.043197632, 56.9499740601, 25.8388080597, 11.5763301849, 9.75304508209, 2.40046572685, 0.88198363781, 0.588840186596, 0.0207645762712, 5.40942965017e-05, 2.34931309961e-08, 8.18327794416e-10],
        "max": [1.61037647724, 18.2821159363, 57.737071991, 45.2994003296, 157.151931763, 294.188293457, 245.098052979, 252.327285767, 100.602798462, 445.220397949, 824.275024414, 939.97052002, 875.642089844, 476.254577637, 683.975524902, 886.548217773, 1101.46838379, 342.470184326, 800.814758301, 371.708435059, 653.262756348, 183.368484497, 102.379829407, 101.684051514, 252.912658691, 291.160736084, 255.828689575, 138.551925659, 81.905670166, 53.7963447571, 50.6859779358, 30.869638443, 40.2133255005, 15.2869462967, 11.025929451, 5.02739095688, 0.926657617092, 0.0567310787737, 0.00110138370655, 0.000169030216057],
        "mean": [0.287433087826, 2.79426074028, 7.26539087296, 7.60652780533, 14.0846700668, 17.3255519867, 13.4059267044, 11.6446590424, 11.3822555542, 17.414106369, 40.5356292725, 41.8782691956, 38.0352172852, 35.9529533386, 45.5671615601, 35.4550666809, 51.3024215698, 32.325969696, 32.7446136475, 34.1036949158, 33.0535964966, 17.8267097473, 16.894651413, 19.9453086853, 27.6890716553, 27.8573894501, 18.9547729492, 17.3275547028, 14.9063329697, 10.5688791275, 8.14879798889, 5.49473142624, 3.16237020493, 1.89468741417, 0.765734255314, 0.465380847454, 0.111201301217, 0.00544863240793, 0.00015299693041, 5.8855413954e-05],
        "median": [0.249742045999, 2.23521971703, 5.90622138977, 5.75626897812, 9.29135417938, 10.7195539474, 8.22054386139, 6.74940443039, 7.65309619904, 7.05528306961, 12.3558216095, 12.7173137665, 16.938999176, 19.6838493347, 25.5623455048, 20.5255184174, 24.9673786163, 22.2954139709, 23.7269706726, 24.5451908112, 25.3421401978, 14.8158254623, 14.966137886, 16.7343158722, 19.3263092041, 15.1054210663, 13.3508739471, 13.4029827118, 11.0953769684, 8.94093799591, 6.96003866196, 4.98424243927, 2.83835363388, 1.73703074455, 0.68098706007, 0.342769086361, 0.0776271447539, 0.00313713471405, 0.000111166707939, 5.51739394723e-05],
        "min": [0.0069497525692, 0.100656695664, 0.309562951326, 0.420106768608, 0.332747638226, 0.326009631157, 0.511493086815, 0.214626997709, 0.53695756197, 0.406612992287, 0.521299183369, 0.289928376675, 0.608405828476, 1.43480074406, 0.99193662405, 1.85709118843, 1.95862495899, 1.02812445164, 2.00049233437, 2.77364373207, 1.91571235657, 2.03723526001, 0.535767495632, 0.694446146488, 0.830942690372, 0.902728974819, 0.333540976048, 0.0853373780847, 0.0331279635429, 0.0239459127188, 0.043461240828, 0.00754105765373, 0.00162304751575, 0.000361904181773, 4.66170276923e-05, 1.36600519909e-05, 6.74168859405e-06, 1.18234709134e-06, 7.15531905371e-06, 1.67628804775e-05],
        "var": [0.0413127057254, 4.32774305344, 33.0855102539, 35.1034088135, 260.092071533, 559.554016113, 369.54208374, 268.859039307, 125.530754089, 1180.62988281, 5632.52685547, 8635.50878906, 4149.37695312, 2236.8918457, 4632.37451172, 4353.33056641, 8957.51953125, 1194.22827148, 1529.42773438, 1096.2088623, 1817.38842773, 144.784072876, 108.245674133, 190.978591919, 626.955505371, 1078.91845703, 416.701568604, 210.5078125, 155.433258057, 56.8842124939, 33.6329345703, 13.7913722992, 5.87254810333, 1.7503169775, 0.428372234106, 0.269244521856, 0.0137912621722, 4.21712320531e-05, 1.93419413819e-08, 5.51149181849e-10]
    },
    "gfcc": {
        "mean": [62.7844657898, 82.7071228027, -112.728561401, 51.3070144653, -56.9465522766, 32.8688659668, -34.2896537781, 11.667131424, -27.1721439362, 5.3087220192, -18.9992485046, 0.260739713907, -10.0020160675],
        "cov": [[1361.32678223, -802.75604248, 199.68598938, -241.433746338, -316.903533936, 62.6017990112, -72.2068023682, 253.073623657, -183.987731934, 239.449127197, -225.328613281, 108.125770569, -177.225479126], [-802.75604248, 734.781066895, -185.586257935, 106.772239685, 174.986175537, -102.102493286, 96.0056762695, -209.006668091, 154.462005615, -186.591384888, 156.380630493, -118.513122559, 127.472259521], [199.68598938, -185.586257935, 153.475723267, -20.5530872345, -17.2639694214, 26.6217021942, -53.2249679565, 56.7210845947, -47.7172279358, 52.0813102722, -55.233001709, 54.0409049988, -37.7055358887], [-241.433746338, 106.772239685, -20.5530872345, 160.33505249, 55.4489631653, -18.9253807068, -20.7014598846, -62.7999458313, 42.4707984924, -41.9451560974, 44.599773407, -21.0440883636, 49.1687927246], [-316.903533936, 174.986175537, -17.2639694214, 55.4489631653, 170.228744507, 7.50565767288, 22.8659801483, -61.3830413818, 40.6252975464, -44.8540916443, 40.5015182495, -12.2478303909, 35.9158325195], [62.6017990112, -102.102493286, 26.6217021942, -18.9253807068, 7.50565767288, 95.1027297974, 16.3292446136, 41.3526573181, -38.1751098633, 12.7611227036, -9.3438949585, 20.0244903564, -16.667596817], [-72.2068023682, 96.0056762695, -53.2249679565, -20.7014598846, 22.8659801483, 16.3292446136, 109.16519928, -0.635943174362, 17.9864196777, -26.5757884979, 22.4340400696, -28.3080291748, -2.52460551262], [253.073623657, -209.006668091, 56.7210845947, -62.7999458313, -61.3830413818, 41.3526573181, -0.635943174362, 121.441841125, -28.0353565216, 65.7848434448, -47.2477836609, 28.6735401154, -40.344669342], [-183.987731934, 154.462005615, -47.7172279358, 42.4707984924, 40.6252975464, -38.1751098633, 17.9864196777, -28.0353565216, 93.3615646362, -16.6077671051, 37.1330604553, -32.7420692444, 29.7777042389], [239.449127197, -186.591384888, 52.0813102722, -41.9451560974, -44.8540916443, 12.7611227036, -26.5757884979, 65.7848434448, -16.6077671051, 100.229957581, -29.7214164734, 27.3210716248, -37.2645835876], [-225.328613281, 156.380630493, -55.233001709, 44.599773407, 40.5015182495, -9.3438949585, 22.4340400696, -47.2477836609, 37.1330604553, -29.7214164734, 84.2252044678, -13.475481987, 32.7519111633], [108.125770569, -118.513122559, 54.0409049988, -21.0440883636, -12.2478303909, 20.0244903564, -28.3080291748, 28.6735401154, -32.7420692444, 27.3210716248, -13.475481987, 72.7986526489, -0.672534525394], [-177.225479126, 127.472259521, -37.7055358887, 49.1687927246, 35.9158325195, -16.667596817, -2.52460551262, -40.344669342, 29.7777042389, -37.2645835876, 32.7519111633, -0.672534525394, 74.0668106079]],
        "icov": [[0.00444359099492, 0.00165477523115, -0.000203278061235, 0.00137102149893, 0.00392045266926, 0.000579538871534, -0.0016356126871, 0.000985776539892, 0.0012721454259, -0.00411008857191, 0.00464124092832, -0.000901359599084, 0.000841674220283], [0.00165477523115, 0.0165090877563, -0.00588707346469, 0.00921266432852, -0.00232490082271, 0.00603293767199, -0.00499191135168, 0.00933132506907, -0.00897007901222, 0.0116298319772, -0.0120950248092, 0.0130427293479, -0.0112441089004], [-0.000203278061235, -0.00588707346469, 0.0175888128579, -0.0060681020841, -0.00192551582586, -0.00191740458831, 0.005707050208, -0.00672610430047, 0.00538408756256, -0.00583640439436, 0.0102855619043, -0.012413656339, 0.00989884138107], [0.00137102149893, 0.00921266432852, -0.0060681020841, 0.0161576680839, -0.00125134014525, 0.00159540248569, 0.000456529378425, 0.00774176698178, -0.00752232316881, 0.00732981693, -0.00938672851771, 0.0106494715437, -0.0102322716266], [0.00392045266926, -0.00232490082271, -0.00192551582586, -0.00125134014525, 0.0142997326329, -0.0051699122414, -0.00248346896842, 0.00430813711137, -0.00137766986154, -0.00590252829716, 0.0069070411846, -0.0044832713902, 0.00188623182476], [0.000579538871534, 0.00603293767199, -0.00191740458831, 0.00159540248569, -0.0051699122414, 0.0203647091985, -0.00484526203945, -0.0049339197576, 0.0056040934287, 0.00513592595235, -0.00731859449297, 0.00364171713591, -0.00319418334402], [-0.0016356126871, -0.00499191135168, 0.005707050208, 0.000456529378425, -0.00248346896842, -0.00484526203945, 0.0172857437283, -0.00666050007567, 0.000299335777527, 0.00235199020244, -0.000921202648897, -0.00040668604197, 0.00582162803039], [0.000985776539892, 0.00933132506907, -0.00672610430047, 0.00774176698178, 0.00430813711137, -0.0049339197576, -0.00666050007567, 0.0279014520347, -0.0107962694019, -0.0016034997534, -0.000859042105731, 0.00498680071905, -0.0065336804837], [0.0012721454259, -0.00897007901222, 0.00538408756256, -0.00752232316881, -0.00137766986154, 0.0056040934287, 0.000299335777527, -0.0107962694019, 0.0283278841525, -0.0123136239126, 0.00455797417089, -0.00183784950059, 0.00265864212997], [-0.00411008857191, 0.0116298319772, -0.00583640439436, 0.00732981693, -0.00590252829716, 0.00513592595235, 0.00235199020244, -0.0016034997534, -0.0123136239126, 0.0347107052803, -0.0177342984825, 0.0087434053421, -0.0041266749613], [0.00464124092832, -0.0120950248092, 0.0102855619043, -0.00938672851771, 0.0069070411846, -0.00731859449297, -0.000921202648897, -0.000859042105731, 0.00455797417089, -0.0177342984825, 0.0392482355237, -0.0177175477147, 0.00962220877409], [-0.000901359599084, 0.0130427293479, -0.012413656339, 0.0106494715437, -0.0044832713902, 0.00364171713591, -0.00040668604197, 0.00498680071905, -0.00183784950059, 0.0087434053421, -0.0177175477147, 0.0371605306864, -0.0189870540053], [0.000841674220283, -0.0112441089004, 0.00989884138107, -0.0102322716266, 0.00188623182476, -0.00319418334402, 0.00582162803039, -0.0065336804837, 0.00265864212997, -0.0041266749613, 0.00962220877409, -0.0189870540053, 0.0341324098408]]
    },
    "melbands": {
        "dmean": [0.00160246423911, 0.00203760084696, 0.000879468861967, 0.000904058630113, 0.000302731059492, 0.000173833352164, 9.76352239377e-05, 0.000159095448907, 0.000277810584521, 0.000172572632437, 0.000123146586702, 8.59777428559e-05, 8.59415158629e-05, 4.93142579217e-05, 8.27735857456e-05, 4.97803157486e-05, 3.53332434315e-05, 3.14766766678e-05, 2.97714359476e-05, 1.99506630452e-05, 1.89884649444e-05, 8.54280460771e-06, 9.03490854398e-06, 6.08388791079e-06, 8.0888348748e-06, 8.27952317195e-06, 1.05169865492e-05, 8.62685737957e-06, 6.07773017691e-06, 5.120280548e-06, 4.77694948131e-06, 4.03511421609e-06, 3.10222867483e-06, 2.28648627854e-06, 1.83059592018e-06, 1.60124818649e-06, 1.21050959478e-06, 9.90119247035e-07, 8.23015966489e-07, 6.85379689003e-07],
        "dmean2": [0.00268233590759, 0.00358818704262, 0.001511645969, 0.00155566085596, 0.00050394347636, 0.000284769426798, 0.000159078073921, 0.00025804262259, 0.000447969068773, 0.00027677489561, 0.000192278967006, 0.000131943044835, 0.000135390248033, 8.09356279206e-05, 0.000128976171254, 8.0747762695e-05, 5.76516467845e-05, 5.23011476616e-05, 4.86441022076e-05, 3.26033296005e-05, 3.08958988171e-05, 1.45588155647e-05, 1.54422814376e-05, 1.0269654922e-05, 1.32871318783e-05, 1.35017735374e-05, 1.6788711946e-05, 1.39200719786e-05, 1.01454743344e-05, 8.70037547429e-06, 7.97495795268e-06, 6.60229579807e-06, 5.0029589147e-06, 3.77031187782e-06, 2.97047586173e-06, 2.54085875895e-06, 1.99517785404e-06, 1.626523499e-06, 1.34673928187e-06, 1.12476527647e-06],
        "dvar": [3.01160480376e-06, 6.37018365524e-06, 1.09374627755e-06, 3.27024577018e-06, 2.42612145485e-07, 1.02137235558e-07, 1.85597279767e-08, 1.67134800222e-07, 3.43749036347e-07, 2.16383966745e-07, 7.00800839581e-08, 2.61319961226e-08, 3.04034450949e-08, 6.45040865166e-09, 5.67240476812e-08, 1.15537917011e-08, 3.35588978828e-09, 4.11925826782e-09, 3.89270615742e-09, 9.26163812309e-10, 8.40903513488e-10, 1.20647727919e-10, 1.26157292946e-10, 4.85687184915e-11, 8.11178277327e-11, 1.15537690526e-10, 2.39559011517e-10, 1.86496151855e-10, 7.57099660742e-11, 5.95438143236e-11, 3.96751485832e-11, 2.88755772765e-11, 1.72763487544e-11, 6.95174777118e-12, 4.49331500826e-12, 3.65513739067e-12, 2.18829706959e-12, 2.62364283944e-12, 1.14367489003e-12, 7.43767352394e-13],
        "dvar2": [8.18092303234e-06, 1.96887885977e-05, 3.02506509797e-06, 9.28406643652e-06, 6.3866855271e-07, 2.39698010773e-07, 4.7893362165e-08, 4.25342534527e-07, 8.25541064842e-07, 5.425460472e-07, 1.74783536977e-07, 5.99361484888e-08, 6.18908728711e-08, 1.53105261802e-08, 1.29570068452e-07, 2.89202013448e-08, 7.82196796223e-09, 1.06419921764e-08, 9.81562919833e-09, 2.16759343807e-09, 1.66711466854e-09, 3.37440214659e-10, 3.64130364749e-10, 1.29485089317e-10, 2.05203645742e-10, 2.69499617067e-10, 5.74582936785e-10, 4.20255469313e-10, 1.92644816766e-10, 1.4740023091e-10, 1.02324253237e-10, 7.30195903742e-11, 4.34039713892e-11, 1.76875892405e-11, 1.11048618218e-11, 9.0205820244e-12, 5.74064884171e-12, 6.94030726986e-12, 2.9078076752e-12, 1.90872643212e-12],
        "max": [0.0163690075278, 0.0247218422592, 0.00923111755401, 0.0203505568206, 0.0065140593797, 0.00501461187378, 0.00134222465567, 0.00595252495259, 0.00646182568744, 0.00703426264226, 0.0044668908231, 0.00260872044601, 0.00288848648779, 0.00112034799531, 0.00454950053245, 0.00161181215663, 0.000769799691625, 0.00154557114001, 0.00120896671433, 0.000796925101895, 0.000667372252792, 0.000175917608431, 0.000155203728355, 8.39417843963e-05, 8.7972075562e-05, 0.0002047939779, 0.000176233952516, 0.000231341517065, 0.000166010504472, 0.000144261444802, 5.78665531066e-05, 4.89960730192e-05, 4.45286423201e-05, 3.09558854497e-05, 3.20810358971e-05, 2.22723829211e-05, 2.49310560321e-05, 3.54944786523e-05, 1.58647089847e-05, 1.14714148367e-05],
        "mean": [0.00294837565161, 0.00384562043473, 0.00148679618724, 0.00127659842838, 0.000508879835252, 0.000268865725957, 0.000161557181855, 0.000217432287172, 0.000379518431146, 0.000240148496232, 0.000195166605408, 0.000153659668285, 0.000160411422257, 8.91964227776e-05, 0.000136880160426, 8.56500046211e-05, 5.88387265452e-05, 5.27570409758e-05, 5.14761413797e-05, 3.94380622311e-05, 3.78203840228e-05, 1.77336569323e-05, 1.74622819031e-05, 1.34586616696e-05, 1.62309352163e-05, 1.76068188011e-05, 2.19122885028e-05, 1.80482384167e-05, 1.28478450279e-05, 1.00452398328e-05, 9.86223312793e-06, 8.58113526192e-06, 6.8144636316e-06, 5.67994720768e-06, 4.77322828374e-06, 4.00522185373e-06, 3.14951512337e-06, 2.25777694141e-06, 1.95164398065e-06, 1.45842761867e-06],
        "median": [0.00255176261999, 0.00330517673865, 0.00115599634591, 0.000809393823147, 0.000326863548253, 0.000156853289809, 0.000109773747681, 6.992474664e-05, 0.00011290563998, 7.04848353053e-05, 7.58875467e-05, 7.8033292084e-05, 8.29803029774e-05, 5.43479363841e-05, 5.43234673387e-05, 4.7666781029e-05, 3.85685052606e-05, 3.73136390408e-05, 3.16028636007e-05, 3.01905329252e-05, 2.95478275802e-05, 1.4699003259e-05, 1.46055344885e-05, 1.1969094885e-05, 1.30827238536e-05, 1.34915480885e-05, 1.19326223285e-05, 9.9432618299e-06, 9.03271302377e-06, 7.42828387956e-06, 7.34998775442e-06, 6.32645014775e-06, 5.01636213812e-06, 4.88842624691e-06, 4.14350051869e-06, 3.34492006004e-06, 2.78563038592e-06, 1.95037364392e-06, 1.77629567588e-06, 1.30122862174e-06],
        "min": [9.90473490674e-05, 0.000138834293466, 8.95855264389e-05, 2.29727593251e-05, 2.44084494625e-05, 4.8306460485e-06, 7.79313359089e-06, 4.58327849628e-06, 3.94635071643e-06, 1.79998824024e-06, 2.79842265627e-06, 5.34531727681e-06, 2.86730642074e-06, 3.11023541144e-06, 4.5148440222e-06, 2.57687656813e-06, 1.64157904692e-06, 2.57471583609e-06, 4.80838480144e-06, 3.10827522298e-06, 1.86485544873e-06, 1.74969852651e-06, 9.86921122603e-07, 1.93510246049e-07, 3.81156070262e-07, 6.87991757786e-07, 5.35021570158e-07, 4.69565776484e-07, 2.26539214054e-07, 4.4906325769e-08, 3.71220778561e-08, 1.67013176622e-08, 1.53543844306e-08, 5.58746116042e-09, 3.0423656483e-08, 1.16827312269e-08, 4.09716927052e-10, 3.11344561243e-10, 6.10883912899e-11, 7.88992829404e-12],
