{
"highlevel": {
    "danceability": {
        "all": {
            "danceable": 0.131152495742,
            "not_danceable": 0.868847489357
        },
        "probability": 0.868847489357,
        "value": "not_danceable"
    },
    "gender": {
        "all": {
            "female": 0.0171636678278,
            "male": 0.982836306095
        },
        "probability": 0.982836306095,
        "value": "male"
    },
    "genre_dortmund": {
        "all": {
            "alternative": 0.210222482681,
            "blues": 0.0179138649255,
            "electronic": 0.038840521127,
            "folkcountry": 0.129874423146,
            "funksoulrnb": 0.00390501972288,
            "jazz": 0.021747732535,
            "pop": 0.0251430738717,
            "raphiphop": 0.0035661670845,
            "rock": 0.548786699772
        },
        "probability": 0.548786699772,
        "value": "rock"
    },
    "genre_electronic": {
        "all": {
            "ambient": 0.532146692276,
            "dnb": 0.138206839561,
            "house": 0.110630974174,
            "techno": 0.0142910378054,
            "trance": 0.20472446084
        },
        "probability": 0.532146692276,
        "value": "ambient"
    },
    "genre_rosamerica": {
        "all": {
            "cla": 0.0163727737963,
            "dan": 0.087521828711,
            "hip": 0.0130754485726,
            "jaz": 0.00573467230424,
            "pop": 0.0404452905059,
            "rhy": 0.0198655743152,
            "roc": 0.812418818474,
            "spe": 0.00456557935104
        },
        "probability": 0.812418818474,
        "value": "roc"
    },
    "genre_tzanetakis": {
        "all": {
            "blu": 0.0626613423228,
            "cla": 0.0348169617355,
            "cou": 0.104475811124,
            "dis": 0.0784321576357,
            "hip": 0.15692435205,
            "jaz": 0.313974827528,
            "met": 0.0448166541755,
            "pop": 0.0627359300852,
            "reg": 0.0627360641956,
            "roc": 0.0784258767962
        },
        "probability": 0.313974827528,
        "value": "jaz"
    },
    "ismir04_rhythm": {
        "all": {
            "ChaChaCha": 0.0268673133105,
            "Jive": 0.901777982712,
            "Quickstep": 0.00200990540907,
            "Rumba-American": 0.00136445858516,
            "Rumba-International": 0.00230147480033,
            "Rumba-Misc": 0.00103965308517,
            "Samba": 0.0279309526086,
            "Tango": 0.00333256553859,
            "VienneseWaltz": 0.032913621515,
            "Waltz": 0.000462084688479
        },
        "probability": 0.901777982712,
        "value": "Jive"
    },
    "mood_acoustic": {
        "all": {
            "acoustic": 0.0723638385534,
            "not_acoustic": 0.927636146545
        },
        "probability": 0.927636146545,
        "value": "not_acoustic"
    },
    "mood_aggressive": {
        "all": {
            "aggressive": 0.669608354568,
            "not_aggressive": 0.330391615629
        },
        "probability": 0.669608354568,
        "value": "aggressive"
    },
    "mood_electronic": {
        "all": {
            "electronic": 0.718149483204,
            "not_electronic": 0.281850516796
        },
        "probability": 0.718149483204,
        "value": "electronic"
    },
    "mood_happy": {
        "all": {
            "happy": 0.573116064072,
            "not_happy": 0.426883965731
        },
        "probability": 0.573116064072,
        "value": "happy"
    },
    "mood_party": {
        "all": {
            "not_party": 0.540306687355,
            "party": 0.459693312645
        },
        "probability": 0.540306687355,
        "value": "not_party"
    },
    "mood_relaxed": {
        "all": {
            "not_relaxed": 0.936568915844,
            "relaxed": 0.0634310692549
        },
        "probability": 0.936568915844,
        "value": "not_relaxed"
    },
    "mood_sad": {
        "all": {
            "not_sad": 0.575145542622,
            "sad": 0.424854457378
        },
        "probability": 0.575145542622,
        "value": "not_sad"
    },
    "moods_mirex": {
        "all": {
            "Cluster1": 0.354735046625,
            "Cluster2": 0.111254796386,
            "Cluster3": 0.0582721829414,
            "Cluster4": 0.0430678986013,
            "Cluster5": 0.43267005682
        },
        "probability": 0.43267005682,
        "value": "Cluster5"
    },
    "timbre": {
        "all": {
            "bright": 0.411767184734,
            "dark": 0.588232815266
        },
        "probability": 0.588232815266,
        "value": "dark"
    },
    "tonal_atonal": {
        "all": {
            "atonal": 0.000472305953735,
            "tonal": 0.999527692795
        },
        "probability": 0.999527692795,
        "value": "tonal"
    },
    "voice_instrumental": {
        "all": {
            "instrumental": 0.000722891883925,
            "voice": 0.999277114868
        },
        "probability": 0.999277114868,
        "value": "voice"
    }
},
"lowlevel": {
    "average_loudness": 0.982369482517,
    "barkbands_crest": {
        "dmean": 2.34041285515,
        "dmean2": 4.01294136047,
        "dvar": 4.99995660782,
        "dvar2": 14.0910406113,
        "max": 19.9178199768,
        "mean": 7.43642663956,
        "median": 6.91416311264,
        "min": 2.64136910439,
        "var": 7.09658432007
    },
    "barkbands_flatness_db": {
        "dmean": 0.0214622560889,
        "dmean2": 0.0329197719693,
        "dvar": 0.000353378942236,
        "dvar2": 0.000959852302913,
        "max": 0.259051173925,
        "mean": 0.115104809403,
        "median": 0.113032363355,
        "min": 0.0435205511749,
        "var": 0.000921816739719
    },
    "barkbands_kurtosis": {
        "dmean": 2.06523871422,
        "dmean2": 3.37373256683,
        "dvar": 8.6036529541,
        "dvar2": 21.7718811035,
        "max": 29.016242981,
        "mean": 2.11910009384,
        "median": 1.20777511597,
        "min": -1.84149217606,
        "var": 11.6807470322
    },
    "barkbands_skewness": {
        "dmean": 0.505098104477,
        "dmean2": 0.798973739147,
        "dvar": 0.268554151058,
        "dvar2": 0.667411565781,
        "max": 5.18185758591,
        "mean": 1.47193419933,
        "median": 1.37634694576,
        "min": -1.61438918114,
        "var": 0.530079305172
    },
    "barkbands_spread": {
        "dmean": 6.81215000153,
        "dmean2": 10.3983020782,
        "dvar": 45.3230781555,
        "dvar2": 96.7795410156,
        "max": 80.6687240601,
        "mean": 27.4019489288,
        "median": 25.3735466003,
        "min": 3.01120352745,
        "var": 135.239334106
    },
    "dissonance": {
        "dmean": 0.0139106018469,
        "dmean2": 0.0239827502519,
        "dvar": 0.000136619361001,
        "dvar2": 0.000377007032512,
        "max": 0.500000059605,
        "mean": 0.476671725512,
        "median": 0.479399979115,
        "min": 0.384741663933,
        "var": 0.000227104421356
    },
    "dynamic_complexity": 1.65374672413,
    "erbbands_crest": {
        "dmean": 1.96603500843,
        "dmean2": 3.26504969597,
        "dvar": 3.58663105965,
        "dvar2": 9.87675380707,
        "max": 17.3040847778,
        "mean": 6.01685190201,
        "median": 5.45324611664,
        "min": 2.58690810204,
        "var": 5.83034610748
    },
    "erbbands_flatness_db": {
        "dmean": 0.0165913384408,
        "dmean2": 0.0243130009621,
        "dvar": 0.000211612365092,
        "dvar2": 0.000430562125985,
        "max": 0.212396010756,
        "mean": 0.1311943084,
        "median": 0.129810348153,
        "min": 0.0637068971992,
        "var": 0.000838719482999
    },
    "erbbands_kurtosis": {
        "dmean": 0.436646133661,
        "dmean2": 0.712386012077,
        "dvar": 0.236877799034,
        "dvar2": 0.556053221226,
        "max": 6.30349063873,
        "mean": -0.564556956291,
        "median": -0.7116355896,
        "min": -1.6916975975,
        "var": 0.469762355089
    },
    "erbbands_skewness": {
        "dmean": 0.304762244225,
        "dmean2": 0.474957585335,
        "dvar": 0.0673978179693,
        "dvar2": 0.147404059768,
        "max": 1.77951693535,
        "mean": 0.114572927356,
        "median": 0.117805048823,
        "min": -2.10094618797,
        "var": 0.20415532589
    },
    "erbbands_spread": {
        "dmean": 9.03503704071,
        "dmean2": 14.0841217041,
        "dvar": 74.9153137207,
        "dvar2": 170.416168213,
        "max": 119.136825562,
        "mean": 48.8810920715,
        "median": 46.316986084,
        "min": 19.0262870789,
        "var": 249.468017578
    },
    "hfc": {
        "dmean": 9.00960063934,
        "dmean2": 12.2973985672,
        "dvar": 112.99874115,
        "dvar2": 254.780670166,
        "max": 88.5015487671,
        "mean": 22.1584587097,
        "median": 17.656791687,
        "min": 1.16973745823,
        "var": 253.102554321
    },
    "melbands_crest": {
        "dmean": 3.12952899933,
        "dmean2": 5.31729316711,
        "dvar": 7.60047245026,
        "dvar2": 20.553937912,
        "max": 24.4835758209,
        "mean": 12.042883873,
        "median": 11.7521619797,
        "min": 4.22170686722,
        "var": 12.8677177429
    },
    "melbands_flatness_db": {
        "dmean": 0.0279281511903,
        "dmean2": 0.0424540005624,
        "dvar": 0.000668039836455,
        "dvar2": 0.0016916191671,
        "max": 0.355060726404,
        "mean": 0.163822874427,
        "median": 0.159949794412,
        "min": 0.0409980267286,
        "var": 0.00178737635724
    },
    "melbands_kurtosis": {
        "dmean": 6.55412435532,
        "dmean2": 10.6490592957,
        "dvar": 100.549957275,
        "dvar2": 269.2472229,
        "max": 113.234275818,
        "mean": 11.1964025497,
        "median": 7.98356819153,
        "min": -1.65973985195,
        "var": 117.187515259
    },
    "melbands_skewness": {
        "dmean": 0.783235371113,
        "dmean2": 1.2491298914,
        "dvar": 0.733649373055,
        "dvar2": 1.89920735359,
        "max": 9.32325553894,
        "mean": 2.76419186592,
        "median": 2.56155228615,
        "min": 0.29776635766,
        "var": 1.32273292542
    },
    "melbands_spread": {
        "dmean": 7.98309898376,
        "dmean2": 12.4483060837,
        "dvar": 93.1730422974,
        "dvar2": 186.23046875,
        "max": 182.59463501,
        "mean": 25.1725978851,
        "median": 23.1574935913,
        "min": 2.50872349739,
        "var": 200.474014282
    },
    "pitch_salience": {
        "dmean": 0.064419426024,
        "dmean2": 0.108027406037,
        "dvar": 0.00270172767341,
        "dvar2": 0.00759145384654,
        "max": 0.8600050807,
        "mean": 0.63054972887,
        "median": 0.634750902653,
        "min": 0.329596459866,
        "var": 0.00555092981085
    },
    "silence_rate_20dB": {
        "dmean": 0,
        "dmean2": 0,
        "dvar": 0,
        "dvar2": 0,
        "max": 1,
        "mean": 1,
        "median": 1,
        "min": 1,
        "var": 0
    },
    "silence_rate_30dB": {
        "dmean": 0,
        "dmean2": 0,
        "dvar": 0,
        "dvar2": 0,
        "max": 1,
        "mean": 1,
        "median": 1,
        "min": 1,
        "var": 0
    },
    "silence_rate_60dB": {
        "dmean": 0.00464396271855,
        "dmean2": 0.00929511990398,
        "dvar": 0.00462229922414,
        "dvar2": 0.0107580041513,
        "max": 1,
        "mean": 0.00386697612703,
        "median": 0,
        "min": 0,
        "var": 0.00385198649019
    },
    "spectral_centroid": {
        "dmean": 297.171661377,
        "dmean2": 465.384979248,
        "dvar": 73700.7890625,
        "dvar2": 153785.53125,
        "max": 4099.18310547,
        "mean": 1501.76513672,
        "median": 1461.49621582,
        "min": 276.367980957,
        "var": 221731.09375
    },
    "spectral_complexity": {
        "dmean": 6.13931894302,
        "dmean2": 8.26800918579,
        "dvar": 30.9775810242,
        "dvar2": 52.7290725708,
        "max": 56,
        "mean": 25.3333339691,
        "median": 24,
        "min": 3,
        "var": 104.145118713
    },
    "spectral_decrease": {
        "dmean": 3.37652661386e-09,
        "dmean2": 5.34756194881e-09,
        "dvar": 2.46579579295e-17,
        "dvar2": 6.22954483874e-17,
        "max": -3.66720265266e-10,
        "mean": -6.88078793942e-09,
        "median": -5.55918155953e-09,
        "min": -3.54188891549e-08,
        "var": 2.65484527498e-17
    },
    "spectral_energy": {
        "dmean": 0.013347058557,
        "dmean2": 0.0209626574069,
        "dvar": 0.000371362315491,
        "dvar2": 0.000929366971832,
        "max": 0.138470411301,
        "mean": 0.0279794950038,
        "median": 0.0227474924177,
        "min": 0.00163865752984,
        "var": 0.000416742812376
    },
    "spectral_energyband_high": {
        "dmean": 0.000631309638266,
        "dmean2": 0.000905756256543,
        "dvar": 8.09394350654e-07,
        "dvar2": 1.82278802185e-06,
        "max": 0.011149128899,
        "mean": 0.00118581089191,
        "median": 0.000714430294465,
        "min": 1.74665619852e-05,
        "var": 1.83128770459e-06
    },
    "spectral_energyband_low": {
        "dmean": 0.00752165447921,
        "dmean2": 0.013114374131,
        "dvar": 0.000252581085078,
        "dvar2": 0.000697778305039,
        "max": 0.117280006409,
        "mean": 0.0100577780977,
        "median": 0.00731090921909,
        "min": 7.97121610958e-05,
        "var": 0.000182106974535
    },
    "spectral_energyband_middle_high": {
        "dmean": 0.00200160825625,
        "dmean2": 0.00268123997375,
        "dvar": 4.99218049299e-06,
        "dvar2": 1.02838375824e-05,
        "max": 0.0225899852812,
        "mean": 0.00498051103204,
        "median": 0.00397186214104,
        "min": 0.000171383013367,
        "var": 1.35772424983e-05
    },
    "spectral_energyband_middle_low": {
        "dmean": 0.00700956210494,
        "dmean2": 0.0112915132195,
        "dvar": 0.00010236401431,
        "dvar2": 0.000250127923209,
        "max": 0.11677698046,
        "mean": 0.0135237909853,
        "median": 0.0105823474005,
        "min": 0.00055078510195,
        "var": 0.000126226776047
    },
    "spectral_entropy": {
        "dmean": 0.127017438412,
        "dmean2": 0.185913801193,
        "dvar": 0.0120203867555,
        "dvar2": 0.0259415339679,
        "max": 8.46074867249,
        "mean": 7.82348680496,
        "median": 7.81748533249,
        "min": 6.84307479858,
        "var": 0.0503948256373
    },
    "spectral_flux": {
        "dmean": 0.0320650413632,
        "dmean2": 0.0483586229384,
        "dvar": 0.00159412901849,
        "dvar2": 0.00313801225275,
        "max": 0.333637326956,
        "mean": 0.0986048206687,
        "median": 0.0852761492133,
        "min": 0.0212684087455,
        "var": 0.00257274438627
    },
    "spectral_kurtosis": {
        "dmean": 1.10966742039,
        "dmean2": 1.86149227619,
        "dvar": 1.18598198891,
        "dvar2": 3.34364414215,
        "max": 13.1492328644,
        "mean": 2.8465731144,
        "median": 2.68990755081,
        "min": -0.379950761795,
        "var": 2.55428576469
    },
    "spectral_rms": {
        "dmean": 0.00113028206397,
        "dmean2": 0.00168466987088,
        "dvar": 1.80578524578e-06,
        "dvar2": 4.18641229771e-06,
        "max": 0.0116229550913,
        "mean": 0.0049449717626,
        "median": 0.00471091037616,
        "min": 0.00126439321321,
        "var": 2.84437260234e-06
    },
    "spectral_rolloff": {
        "dmean": 670.063537598,
        "dmean2": 1076.07763672,
        "dvar": 713883.75,
        "dvar2": 1418121.75,
        "max": 8376.41601562,
        "mean": 1605.8157959,
        "median": 1291.9921875,
        "min": 129.19921875,
        "var": 1554006.875
    },
    "spectral_skewness": {
        "dmean": 0.192652478814,
        "dmean2": 0.307178109884,
        "dvar": 0.0294588729739,
        "dvar2": 0.068669654429,
        "max": 2.83455920219,
        "mean": 1.20339560509,
        "median": 1.20238482952,
        "min": 0.3275372684,
        "var": 0.0945226475596
    },
    "spectral_spread": {
        "dmean": 536220.3125,
        "dmean2": 775872.625,
        "dvar": 327341572096,
        "dvar2": 620445171712,
        "max": 9308466,
        "mean": 4574511.5,
        "median": 4422325,
        "min": 2543606,
        "var": 1.34384674406e+12
    },
    "spectral_strongpeak": {
        "dmean": 0.338927447796,
        "dmean2": 0.586680352688,
        "dvar": 0.201459497213,
        "dvar2": 0.529350697994,
        "max": 3.97489690781,
        "mean": 0.469342708588,
        "median": 0.331764787436,
        "min": 0.0222574751824,
        "var": 0.213937565684
    },
    "zerocrossingrate": {
        "dmean": 0.0122285727412,
        "dmean2": 0.0136987287551,
        "dvar": 0.000148302133312,
        "dvar2": 0.000171023333678,
        "max": 0.23583984375,
        "mean": 0.0712086260319,
        "median": 0.0654296875,
        "min": 0.01416015625,
        "var": 0.000827923242468
    },
    "barkbands": {
        "dmean": [0.000312427378958, 0.00391594227403, 0.00275257159956, 0.00244483794086, 0.00322676007636, 0.0011340532219, 0.00140586355701, 0.00115293636918, 0.000820264453068, 0.000476972782053, 0.000417642033426, 0.000385587540222, 0.000274591438938, 0.000329976086505, 0.000241029047174, 0.000172439526068, 0.000240278808633, 0.000281458109384, 0.000251488294452, 0.000189293612493, 0.00018651971186, 0.000171620311448, 0.00011229802476, 8.50909200381e-05, 7.04796766513e-05, 4.54340661236e-05, 3.37598713429e-08],
        "dmean2": [0.000565614027437, 0.00699588656425, 0.00483497418463, 0.00430634384975, 0.00547492876649, 0.00187407177873, 0.00232789805159, 0.00187903887127, 0.00128458347172, 0.000748544058297, 0.00065721134888, 0.000597757461946, 0.000440529023763, 0.000515997817274, 0.000377566670068, 0.000270301854471, 0.000372514419723, 0.000437407637946, 0.000372037378838, 0.000296595797408, 0.000295240635751, 0.000263960129814, 0.000165979494341, 0.000126670245663, 0.000108507199911, 7.30535612092e-05, 5.54912773509e-08],
        "dvar": [7.75400621933e-07, 0.000109496300865, 1.93507003132e-05, 1.38067925946e-05, 4.22411576437e-05, 3.14608041663e-06, 4.88185878567e-06, 3.99564532927e-06, 1.81144127964e-06, 5.60323314858e-07, 6.08039215422e-07, 3.41678912719e-07, 1.84552760629e-07, 2.86214714151e-07, 1.45570709265e-07, 6.48166604833e-08, 1.10381627394e-07, 1.3485822592e-07, 1.00561294403e-07, 7.49123927335e-08, 8.02358712804e-08, 7.34342151532e-08, 4.21747792245e-08, 2.22635989644e-08, 1.61104392049e-08, 9.0873673031e-09, 1.47067044144e-14],
        "dvar2": [2.12670988731e-06, 0.00030654942384, 5.36472580279e-05, 3.90510067518e-05, 0.000114022914204, 7.75832359068e-06, 1.21604552987e-05, 1.02221401903e-05, 4.30982026955e-06, 1.29170189211e-06, 1.38642042202e-06, 7.83525592851e-07, 4.50137605412e-07, 7.48781303628e-07, 3.36529296874e-07, 1.54339332425e-07, 2.74224731811e-07, 3.30247132752e-07, 2.05446852419e-07, 1.8537578228e-07, 2.06697251315e-07, 1.71054082898e-07, 8.82094468579e-08, 5.01239014739e-08, 3.81577578423e-08, 2.23486900097e-08, 2.93583482991e-14],
        "max": [0.00695388577878, 0.0742402598262, 0.0371178016067, 0.0320414677262, 0.0762903168797, 0.0171305984259, 0.0196648593992, 0.0234953463078, 0.0125660188496, 0.00810068659484, 0.0125673748553, 0.0074758133851, 0.00587901473045, 0.00690049817786, 0.00680985301733, 0.00305800023489, 0.00522707588971, 0.00394852599129, 0.00539183849469, 0.00268078804947, 0.00407600402832, 0.00388153456151, 0.00342097459361, 0.00202374812216, 0.00145782553591, 0.00098075333517, 2.54602286986e-06],
        "mean": [0.000250513810897, 0.00415051355958, 0.00401268573478, 0.00322697800584, 0.00425348617136, 0.00156164856162, 0.00173167139292, 0.00137478578836, 0.00113405380398, 0.000767824240029, 0.000621959741693, 0.00064918078715, 0.000418512616307, 0.000470440572826, 0.000366832391592, 0.000284495647065, 0.000396692776121, 0.000482758448925, 0.000450907071354, 0.000318380421959, 0.000302199012367, 0.000283453002339, 0.000190614708117, 0.00013387601939, 9.83790087048e-05, 4.66714736831e-05, 2.56927510378e-08],
        "median": [4.83590119984e-05, 0.00212908838876, 0.00300732813776, 0.00226236786693, 0.00257053785026, 0.000948839937337, 0.000887153553776, 0.000642623228487, 0.000524670118466, 0.000335392047418, 0.00030829521711, 0.000397393363528, 0.000240411842242, 0.000248039199505, 0.00020263530314, 0.000179365248187, 0.000278304913081, 0.000338785059284, 0.000296782760415, 0.000199099595193, 0.000187464829651, 0.000156354377395, 8.12935249996e-05, 5.40683977306e-05, 3.76146053895e-05, 1.07760088213e-05, 6.94677759761e-10],
        "min": [3.77056039724e-08, 3.04669492834e-06, 9.11813731364e-06, 4.0598229134e-06, 5.20609610248e-05, 7.71622399043e-06, 2.24137656915e-05, 8.95286757441e-06, 1.1898975572e-05, 7.22805498299e-06, 5.71412965655e-06, 6.92831599736e-06, 4.92998287882e-06, 1.59574062764e-06, 5.03459341417e-06, 1.9611325115e-06, 5.85183852309e-06, 4.97112250741e-06, 4.80003245684e-06, 3.16224782182e-06, 2.44354987444e-06, 3.35040726895e-06, 9.21548405586e-07, 1.1486736895e-07, 4.03338251687e-10, 5.63270003556e-12, 7.48085361019e-12],
        "var": [5.08207904204e-07, 7.11262255209e-05, 1.78545324161e-05, 1.22510928122e-05, 3.74733681383e-05, 3.75365880245e-06, 5.58719330002e-06, 4.44742136096e-06, 2.56314751823e-06, 1.07513335479e-06, 9.44664805047e-07, 5.92364415297e-07, 2.78014510968e-07, 3.82293478651e-07, 2.61849123717e-07, 1.00454819574e-07, 1.60636218993e-07, 2.23436956048e-07, 2.38928237195e-07, 1.22424651749e-07, 1.18752495837e-07, 1.28964103396e-07, 9.9259118258e-08, 4.57273294785e-08, 2.61825334746e-08, 9.44353839571e-09, 1.29369908544e-14]
    },
    "erbbands": {
        "dmean": [0.121318891644, 0.869274675846, 2.60465693474, 6.38089799881, 9.76215744019, 12.1650476456, 6.90660762787, 10.2878627777, 14.3330078125, 27.4139537811, 22.3075962067, 17.5428981781, 18.9673900604, 16.058265686, 14.0860776901, 14.1201591492, 10.8143825531, 18.006483078, 13.2689037323, 10.0712547302, 9.59431648254, 13.4108562469, 14.7787361145, 13.9796705246, 11.1856126785, 8.70405197144, 6.81342506409, 7.82464981079, 6.46052694321, 4.49371337891, 3.0059235096, 2.05673098564, 1.2939260006, 0.881242215633, 0.478648424149, 0.218932017684, 0.0873230174184, 0.00782612990588, 0.000147122918861, 2.0657760615e-05],
        "dmean2": [0.222529619932, 1.53941035271, 4.54957532883, 11.2528104782, 16.6728935242, 20.8990135193, 11.6016368866, 17.0866947174, 23.632390976, 45.4745521545, 36.5436706543, 27.4822216034, 29.9490184784, 24.3372154236, 21.8578720093, 21.9031581879, 17.1409435272, 27.6402111053, 20.4247970581, 15.6653470993, 15.060628891, 20.4036712646, 22.675195694, 21.1857070923, 16.9273166656, 13.341750145, 10.8032636642, 12.3900604248, 9.99714279175, 6.73039770126, 4.4400510788, 3.03670883179, 1.9822435379, 1.36424398422, 0.75687789917, 0.350835889578, 0.140380471945, 0.012806493789, 0.000234524050029, 3.09837923851e-05],
        "dvar": [0.128699481487, 4.75614452362, 19.2548732758, 100.124351501, 269.780792236, 652.838989258, 151.249649048, 284.600708008, 482.353271484, 2418.53369141, 1334.23571777, 825.202697754, 952.751647949, 664.67175293, 443.157348633, 524.020874023, 248.124786377, 889.598754883, 459.951141357, 216.937698364, 221.357192993, 336.56817627, 388.457702637, 329.789154053, 192.350082397, 148.696517944, 113.345161438, 144.329055786, 101.530525208, 71.3382263184, 26.2709617615, 15.5985002518, 4.38471984863, 2.2709851265, 0.951049983501, 0.168137043715, 0.0381746888161, 0.00035054422915, 1.07346536993e-07, 8.04429522994e-10],
        "dvar2": [0.365169852972, 13.2818050385, 53.5729637146, 283.738006592, 734.237670898, 1785.36621094, 394.557983398, 703.551086426, 1214.61352539, 6166.40576172, 3161.75048828, 1941.62939453, 2252.16650391, 1548.23291016, 1011.29425049, 1198.22241211, 593.503173828, 2310.80517578, 1032.50524902, 535.854492188, 557.081665039, 811.185119629, 935.98614502, 740.529418945, 399.105834961, 368.6355896, 286.510467529, 376.783874512, 240.402297974, 160.652984619, 53.1054954529, 32.2999382019, 10.1097536087, 5.18800878525, 2.33474850655, 0.408599406481, 0.0963184908032, 0.000905917375349, 2.72844431493e-07, 1.87575466271e-09],
        "max": [2.72800970078, 17.0440731049, 38.1956100464, 81.5673370361, 180.366790771, 279.85949707, 142.227935791, 210.131881714, 263.316894531, 478.413543701, 426.088684082, 306.431030273, 300.062133789, 343.269958496, 235.392547607, 346.406707764, 187.852005005, 439.844268799, 373.828796387, 171.005401611, 239.431747437, 261.553466797, 233.805648804, 254.257965088, 172.240219116, 121.619949341, 189.157867432, 144.785583496, 141.242660522, 147.933929443, 85.603302002, 78.5994338989, 29.3089046478, 14.409160614, 12.2808742523, 3.51838207245, 1.80163490772, 0.206985458732, 0.00360246375203, 0.000239765911829],
        "mean": [0.109775587916, 0.990242302418, 3.9044418335, 8.75379180908, 13.2515592575, 15.0077638626, 9.56857776642, 14.2603397369, 19.1668548584, 31.7875576019, 29.2213821411, 24.7915744781, 26.9247512817, 27.4514541626, 25.3362636566, 23.7993831635, 18.2993621826, 26.9553699493, 20.1498451233, 16.5938777924, 16.6397571564, 23.2946949005, 26.19008255, 24.7488174438, 21.1994495392, 14.8805780411, 10.6281089783, 12.9375905991, 10.6695652008, 7.61250686646, 5.045835495, 3.31764483452, 1.92131841183, 1.23724138737, 0.629322946072, 0.241131603718, 0.0843463614583, 0.00693289516494, 0.000151827349328, 4.16601251345e-05],
        "median": [0.0453472211957, 0.561559736729, 3.10014533997, 6.9338593483, 8.89997768402, 7.38411331177, 5.9044675827, 8.55564785004, 10.7789077759, 13.8371858597, 15.2089157104, 12.2505216599, 12.474729538, 14.5911111832, 16.145860672, 15.1422204971, 11.2722597122, 14.7061166763, 11.2617177963, 9.66514587402, 11.1120481491, 16.4706230164, 19.0262050629, 16.4857711792, 14.2969503403, 9.70705127716, 6.38413476944, 8.06512260437, 5.84973573685, 3.65433454514, 2.12368702888, 1.25798881054, 0.840306162834, 0.499162793159, 0.227904289961, 0.0672318190336, 0.0151737909764, 0.00083844497567, 4.06324033975e-05, 3.13909658871e-05],
        "min": [0.000111406181531, 0.00148456601892, 0.018102414906, 0.0276822708547, 0.098052829504, 0.170277521014, 0.128995165229, 0.109205462039, 0.275565713644, 0.268868297338, 0.368465572596, 0.270168244839, 0.40257397294, 0.493216991425, 0.55405241251, 0.41419455409, 0.366188585758, 0.315727174282, 0.21843329072, 0.25374186039, 0.182950690389, 0.340591013432, 0.347152680159, 0.349354237318, 0.223650693893, 0.144719287753, 0.0787500366569, 0.161932349205, 0.160801574588, 0.0511177144945, 0.0194169711322, 0.00517878914252, 0.00188139651436, 0.000445630139438, 5.95648743911e-05, 2.25603980653e-05, 6.41301176074e-06, 1.01121293028e-06, 1.40314750752e-06, 2.45050841841e-06],
        "var": [0.077705129981, 3.20456004143, 16.7819499969, 81.8472290039, 253.539154053, 577.672729492, 155.078735352, 328.171417236, 583.703552246, 2655.296875, 1719.85095215, 1148.65356445, 1412.25524902, 1342.20227051, 808.736694336, 853.688537598, 415.7550354, 1237.7512207, 760.28338623, 395.263336182, 301.489990234, 515.514160156, 647.350097656, 646.524108887, 486.67489624, 254.794616699, 157.63848877, 211.936767578, 175.206665039, 133.881332397, 66.8623580933, 35.0442390442, 8.14520263672, 3.93059182167, 1.33787369728, 0.194628939033, 0.0370815396309, 0.000303903536405, 9.98559883669e-08, 1.08383768627e-09]
    },
    "gfcc": {
        "mean": [30.6018428802, 93.4694061279, -122.180923462, 46.498298645, -65.8525085449, 15.4836454391, -37.3515739441, 10.7036323547, -28.1906967163, -0.326194435358, -18.2040958405, -2.31336665154, -15.0780286789],
        "cov": [[2010.75732422, -717.750549316, 337.891876221, -65.1720352173, -19.837310791, 93.4857559204, -95.5144271851, 126.458297729, -62.0069351196, 177.494415283, -151.473327637, 89.3609924316, -145.917678833], [-717.750549316, 925.265197754, -372.074584961, 65.4386138916, 138.429534912, -141.871948242, 183.615066528, -84.9327697754, 101.200866699, -156.421813965, 155.685943604, -106.991767883, 137.770782471], [337.891876221, -372.074584961, 515.18737793, 18.1418018341, 45.1843986511, 105.735900879, -71.2272338867, 73.3036193848, -45.1638641357, 106.2917099, -96.6258773804, 91.2748641968, -99.7027587891], [-65.1720352173, 65.4386138916, 18.1418018341, 234.23008728, -0.105656415224, 32.6510658264, 11.5714073181, -29.3552837372, 54.033908844, -45.9687194824, 44.9419708252, -53.092376709, 48.617980957], [-19.837310791, 138.429534912, 45.1843986511, -0.105656415224, 244.629135132, 3.57187342644, 62.7277908325, 34.9087028503, -5.45702552795, 24.8276538849, -6.25165081024, 42.0933036804, -2.65812778473], [93.4857559204, -141.871948242, 105.735900879, 32.6510658264, 3.57187342644, 153.73097229, 17.6068687439, 27.9541072845, -6.07118463516, 13.9587278366, -18.4180984497, -0.845135211945, -18.4284381866], [-95.5144271851, 183.615066528, -71.2272338867, 11.5714073181, 62.7277908325, 17.6068687439, 151.26524353, 1.29450070858, 12.5329475403, -32.2791786194, 18.4577198029, -3.64107394218, 17.0899677277], [126.458297729, -84.9327697754, 73.3036193848, -29.3552837372, 34.9087028503, 27.9541072845, 1.29450070858, 87.9591064453, 3.58070516586, 42.7561035156, -22.2801017761, 22.7532138824, -21.1393470764], [-62.0069351196, 101.200866699, -45.1638641357, 54.033908844, -5.45702552795, -6.07118463516, 12.5329475403, 3.58070516586, 82.5098190308, -8.05524349213, 35.686050415, -31.985496521, 20.5376281738], [177.494415283, -156.421813965, 106.2917099, -45.9687194824, 24.8276538849, 13.9587278366, -32.2791786194, 42.7561035156, -8.05524349213, 101.159584045, -23.0269966125, 41.3893852234, -43.4927330017], [-151.473327637, 155.685943604, -96.6258773804, 44.9419708252, -6.25165081024, -18.4180984497, 18.4577198029, -22.2801017761, 35.686050415, -23.0269966125, 89.1755905151, -25.5563373566, 36.672504425], [89.3609924316, -106.991767883, 91.2748641968, -53.092376709, 42.0933036804, -0.845135211945, -3.64107394218, 22.7532138824, -31.985496521, 41.3893852234, -25.5563373566, 94.5106048584, -19.6149330139], [-145.917678833, 137.770782471, -99.7027587891, 48.617980957, -2.65812778473, -18.4284381866, 17.0899677277, -21.1393470764, 20.5376281738, -43.4927330017, 36.672504425, -19.6149330139, 80.9030838013]],
        "icov": [[0.000750782433897, 0.000608752190601, 8.12078724266e-06, -0.000106814492028, -0.000160598836374, 0.000314845441608, -0.000341153558111, -0.00033251233981, -0.000119361669931, -0.000380975747248, 0.000258716725511, 0.000295387231745, 0.000223122595344], [0.000608752190601, 0.00664736609906, -0.00132959324401, 0.00323846051469, -0.00432373117656, 0.00457194494084, -0.00480221305043, 0.00224276306108, -0.00381732638925, 0.00434889132157, -0.00544517207891, 0.00576794659719, -0.00413316348568], [8.12078724266e-06, -0.00132959324401, 0.00552710564807, -0.00377278891392, 0.000632829207461, -0.002905463567, 0.00280084297992, -0.00192367611453, 0.00150998134632, -0.0024463350419, 0.00389829208143, -0.00504662748426, 0.004933135584], [-0.000106814492028, 0.00323846051469, -0.00377278891392, 0.01031957753, -0.00308113032952, 0.000982321798801, -0.00237589632161, 0.00405315868556, -0.00573989236727, 0.00463440595195, -0.00540863163769, 0.00666338950396, -0.00685921078548], [-0.000160598836374, -0.00432373117656, 0.000632829207461, -0.00308113032952, 0.00837170891464, -0.00210156501271, 0.000424658588599, -0.00322061544284, 0.00321796303615, -0.00433835806325, 0.00381448795088, -0.00553235132247, 0.00235032173805], [0.000314845441608, 0.00457194494084, -0.002905463567, 0.000982321798801, -0.00210156501271, 0.0121251838282, -0.00575723219663, -0.00067920278525, -0.00101151841227, 0.00267664040439, -0.00371127482504, 0.00612396234646, -0.00279437704012], [-0.000341153558111, -0.00480221305043, 0.00280084297992, -0.00237589632161, 0.000424658588599, -0.00575723219663, 0.0131362006068, -0.00255671469495, 0.00151843507774, 0.000453484681202, 0.00341902673244, -0.00609186617658, 0.00453304406255], [-0.00033251233981, 0.00224276306108, -0.00192367611453, 0.00405315868556, -0.00322061544284, -0.00067920278525, -0.00255671469495, 0.0186607390642, -0.0058611696586, -0.00285988487303, -5.16087966389e-05, 0.00234829308465, -0.00352671020664], [-0.000119361669931, -0.00381732638925, 0.00150998134632, -0.00573989236727, 0.00321796303615, -0.00101151841227, 0.00151843507774, -0.0058611696586, 0.0213424805552, -0.00571056595072, -0.00133064889815, 0.000905421853531, 0.00195342418738], [-0.000380975747248, 0.00434889132157, -0.0024463350419, 0.00463440595195, -0.00433835806325, 0.00267664040439, 0.000453484681202, -0.00285988487303, -0.00571056595072, 0.0233810488135, -0.00670816749334, -0.000521287089214, 0.0026648263447], [0.000258716725511, -0.00544517207891, 0.00389829208143, -0.00540863163769, 0.00381448795088, -0.00371127482504, 0.00341902673244, -5.16087966389e-05, -0.00133064889815, -0.00670816749334, 0.0236570462584, -0.00571633502841, 0.000960058590863], [0.000295387231745, 0.00576794659719, -0.00504662748426, 0.00666338950396, -0.00553235132247, 0.00612396234646, -0.00609186617658, 0.00234829308465, 0.000905421853531, -0.000521287089214, -0.00571633502841, 0.024412708357, -0.00839963648468], [0.000223122595344, -0.00413316348568, 0.004933135584, -0.00685921078548, 0.00235032173805, -0.00279437704012, 0.00453304406255, -0.00352671020664, 0.00195342418738, 0.0026648263447, 0.000960058590863, -0.00839963648468, 0.0260294191539]]
    },
    "melbands": {
        "dmean": [0.00109117466491, 0.001287480467, 0.00111308693886, 0.000828884891234, 0.000275141530437, 0.0002245768992, 0.000241458721575, 0.000293722172501, 0.000165353543707, 0.000119267046102, 9.54173447099e-05, 6.5265885496e-05, 5.49652977497e-05, 4.6375724196e-05, 2.77886192634e-05, 3.11968688038e-05, 3.35467593686e-05, 2.27095570153e-05, 1.68575134012e-05, 1.23276386148e-05, 1.18722864499e-05, 1.38676641654e-05, 1.61285934155e-05, 1.40264173751e-05, 1.21583134387e-05, 9.25519907469e-06, 8.16510691948e-06, 5.45542889085e-06, 4.25279677074e-06, 4.8912083912e-06, 4.76970944874e-06, 4.02348541684e-06, 2.9977709346e-06, 2.52395602729e-06, 1.91833737517e-06, 1.46926095113e-06, 1.22637027289e-06, 9.31056206355e-07, 1.0020580703e-06, 7.10450763108e-07],
        "dmean2": [0.00197025341913, 0.00223300652578, 0.00193994329311, 0.00141047511715, 0.000462726427941, 0.000370089401258, 0.000397724244976, 0.000486946577439, 0.000267976807663, 0.000188038073247, 0.000150916268467, 0.000100130469946, 8.65163674462e-05, 7.25355712348e-05, 4.38535935245e-05, 4.87163233629e-05, 5.2287523431e-05, 3.54666553903e-05, 2.70411637757e-05, 1.89636830328e-05, 1.89628772205e-05, 2.19353751163e-05, 2.5205721613e-05, 2.23434362852e-05, 1.86655761354e-05, 1.40433139677e-05, 1.28724450406e-05, 8.59143710841e-06, 6.81401888869e-06, 7.95084815763e-06, 7.62926811149e-06, 6.40247253614e-06, 4.66881738248e-06, 3.84864461012e-06, 2.92200934382e-06, 2.15168279283e-06, 1.85692431387e-06, 1.45072556279e-06, 1.58953048413e-06, 1.12180748602e-06],
        "dvar": [9.65195067693e-06, 5.87415343034e-06, 2.7246856007e-06, 2.87993748316e-06, 2.27478579973e-07, 1.29260570247e-07, 1.26178704818e-07, 2.73657576599e-07, 6.9620227805e-08, 4.07071993891e-08, 2.43445068548e-08, 1.09679652027e-08, 9.39404021238e-09, 5.0784292327e-09, 1.8797225998e-09, 2.52044807247e-09, 3.08021963491e-09, 1.33754318732e-09, 7.01267210967e-10, 3.29938659727e-10, 3.52929796499e-10, 3.57459145617e-10, 4.6651582597e-10, 3.78348130603e-10, 2.61020399739e-10, 1.35820424352e-10, 1.37572814252e-10, 5.94758062245e-11, 4.70729497049e-11, 6.76756636842e-11, 5.53495027589e-11, 3.97564342558e-11, 2.39504961003e-11, 2.60762036963e-11, 1.02174128533e-11, 8.06054268471e-12, 6.18302718053e-12, 2.34555907683e-12, 2.94167554898e-12, 1.6716141275e-12],
        "dvar2": [2.71565240837e-05, 1.63130807778e-05, 7.62257286624e-06, 7.79433230491e-06, 5.9536836261e-07, 3.18392579857e-07, 3.15898688541e-07, 7.09013249889e-07, 1.59796684329e-07, 9.74954303956e-08, 5.80311052545e-08, 2.53224623492e-08, 2.1212789747e-08, 1.16176277487e-08, 4.52691439889e-09, 6.30166496762e-09, 8.01354893554e-09, 3.10396242043e-09, 1.71458769405e-09, 7.26159743447e-10, 9.14511522065e-10, 8.56070492272e-10, 1.15409359847e-09, 9.43901623529e-10, 6.02228655833e-10, 2.76193845572e-10, 3.32677829729e-10, 1.47889839264e-10, 1.17981319159e-10, 1.78416503793e-10, 1.47657511218e-10, 9.63942883847e-11, 5.4117026832e-11, 6.01637420439e-11, 2.17916223261e-11, 1.64489550453e-11, 1.3691045693e-11, 5.42005546347e-12, 7.05597689651e-12, 4.06705008213e-12],
        "max": [0.0226079504937, 0.0213850196451, 0.0140709746629, 0.0206710975617, 0.00542791793123, 0.00412237364799, 0.00342495809309, 0.0050984560512, 0.00371797545813, 0.00212352187373, 0.00150923233014, 0.00130977726076, 0.00128615729045, 0.000924287829548, 0.00057959795231, 0.000782248564065, 0.000763521005865, 0.0005258047604, 0.000362433929695, 0.00020067425794, 0.000335146818543, 0.000258353800746, 0.000217678883928, 0.000254773069173, 0.000229491226492, 0.000172696207301, 0.000111741901492, 7.80984337325e-05, 0.000115128677862, 0.000152204695041, 7.07354265614e-05, 7.82638526289e-05, 7.74306390667e-05, 8.7799213361e-05, 5.48463904124e-05, 6.59722427372e-05, 4.33497480117e-05, 2.30649857258e-05, 1.83884512808e-05, 1.44946116052e-05],
        "mean": [0.00107783847488, 0.00184237665962, 0.00166129379068, 0.00106877961662, 0.000391111010686, 0.000313194701448, 0.000317897094646, 0.00033997715218, 0.00021836750966, 0.000161559641128, 0.000132803994347, 0.00010922572983, 8.99381484487e-05, 7.81874841778e-05, 4.11281871493e-05, 4.89513622597e-05, 4.75580673083e-05, 3.18236379826e-05, 2.55860304605e-05, 1.96556411538e-05, 1.90824157471e-05, 2.28319058806e-05, 2.59126663877e-05, 2.25875137403e-05, 1.98124598683e-05, 1.63509012054e-05, 1.37461483973e-05, 8.76017747942e-06, 6.12807070866e-06, 7.49828313928e-06, 7.42865404391e-06, 6.2008120949e-06, 4.94767800774e-06, 4.00897579311e-06, 3.01131694869e-06, 2.39985160988e-06, 1.83153224498e-06, 1.30624596295e-06, 1.30422074562e-06, 9.44126611557e-07],
        "median": [0.000521890178788, 0.00138043705374, 0.00136139756069, 0.000635881442577, 0.000237395695876, 0.000188757330761, 0.000179761249456, 0.000156158042955, 0.000115111586638, 7.35027933843e-05, 6.06641769991e-05, 5.49215365027e-05, 5.0409733376e-05, 4.74201551697e-05, 2.36077685258e-05, 2.84249272227e-05, 2.48443557211e-05, 1.56424885063e-05, 1.36757516884e-05, 1.13629739644e-05, 1.26975310195e-05, 1.56858859555e-05, 1.83697557077e-05, 1.51401854964e-05, 1.2857350157e-05, 1.06770621642e-05, 8.13211772765e-06, 5.67578399568e-06, 3.52629012923e-06, 4.48300716016e-06, 4.50590732726e-06, 3.38093832397e-06, 2.58309660239e-06, 1.79069684236e-06, 1.21670132103e-06, 9.12155314836e-07, 6.59884733523e-07, 5.7019229871e-07, 5.16443890319e-07, 3.57203077783e-07],
        "min": [1.32960008159e-06, 6.51797608953e-06, 5.923048775e-06, 9.95866321318e-06, 3.92216861655e-06, 2.05531273423e-06, 4.43030239694e-06, 2.82291080111e-06, 1.9413314476e-06, 1.63971469647e-06, 1.44611840369e-06, 1.71351962308e-06, 1.56854946454e-06, 8.46607008498e-07, 8.88059560111e-07, 1.01866976365e-06, 4.03203813448e-07, 2.50906680321e-07, 3.0617803759e-07, 2.54423952128e-07, 1.60928379955e-07, 2.8933530416e-07, 4.10443846022e-07, 1.64187341056e-07, 2.37321160057e-07, 1.76983704137e-07, 1.59031586122e-07, 7.42038537282e-08, 5.14825053699e-08, 4.40585559147e-08, 1.11835149141e-07, 7.59532028383e-08, 2.30913723698e-08, 2.16821813837e-08, 1.14209797175e-08, 5.84949644278e-10, 1.73476719101e-11, 1.56864687906e-10, 1.44188994078e-10, 1.25736790771e-12],
