{
"highlevel": {
    "danceability": {
        "all": {
            "danceable": 0.962654769421,
            "not_danceable": 0.0373452268541
        },
        "probability": 0.962654769421,
        "value": "danceable"
    },
    "gender": {
        "all": {
            "female": 0.230414316058,
            "male": 0.769585669041
        },
        "probability": 0.769585669041,
        "value": "male"
    },
    "genre_dortmund": {
        "all": {
            "alternative": 0.0763625279069,
            "blues": 0.260725468397,
            "electronic": 0.0689956843853,
            "folkcountry": 0.208086207509,
            "funksoulrnb": 0.013392820023,
            "jazz": 0.0880468785763,
            "pop": 0.0656795650721,
            "raphiphop": 0.03134008497,
            "rock": 0.187370762229
        },
        "probability": 0.260725468397,
        "value": "blues"
    },
    "genre_electronic": {
        "all": {
            "ambient": 0.347769230604,
            "dnb": 0.109043762088,
            "house": 0.416022837162,
            "techno": 0.0313603207469,
            "trance": 0.0958038344979
        },
        "probability": 0.416022837162,
        "value": "house"
    },
    "genre_rosamerica": {
        "all": {
            "cla": 0.00887091271579,
            "dan": 0.0487570278347,
            "hip": 0.117480613291,
            "jaz": 0.0400992035866,
            "pop": 0.364196062088,
            "rhy": 0.150161340833,
            "roc": 0.249731346965,
            "spe": 0.0207034870982
        },
        "probability": 0.364196062088,
        "value": "pop"
    },
    "genre_tzanetakis": {
        "all": {
            "blu": 0.0514587163925,
            "cla": 0.0343088954687,
            "cou": 0.102932490408,
            "dis": 0.103023126721,
            "hip": 0.154426798224,
            "jaz": 0.308843433857,
            "met": 0.0441135242581,
            "pop": 0.0617597512901,
            "reg": 0.0619294978678,
            "roc": 0.0772037804127
        },
        "probability": 0.308843433857,
        "value": "jaz"
    },
    "ismir04_rhythm": {
        "all": {
            "ChaChaCha": 0.174923807383,
            "Jive": 0.0267073716968,
            "Quickstep": 0.00641899649054,
            "Rumba-American": 0.0215108767152,
            "Rumba-International": 0.0349961072206,
            "Rumba-Misc": 0.00278748641722,
            "Samba": 0.0232428330928,
            "Tango": 0.682814002037,
            "VienneseWaltz": 0.023050358519,
            "Waltz": 0.00354813761078
        },
        "probability": 0.682814002037,
        "value": "Tango"
    },
    "mood_acoustic": {
        "all": {
            "acoustic": 0.342771559954,
            "not_acoustic": 0.657228410244
        },
        "probability": 0.657228410244,
        "value": "not_acoustic"
    },
    "mood_aggressive": {
        "all": {
            "aggressive": 0.123256497085,
            "not_aggressive": 0.876743495464
        },
        "probability": 0.876743495464,
        "value": "not_aggressive"
    },
    "mood_electronic": {
        "all": {
            "electronic": 0.321597278118,
            "not_electronic": 0.678402721882
        },
        "probability": 0.678402721882,
        "value": "not_electronic"
    },
    "mood_happy": {
        "all": {
            "happy": 0.857351720333,
            "not_happy": 0.142648249865
        },
        "probability": 0.857351720333,
        "value": "happy"
    },
    "mood_party": {
        "all": {
            "not_party": 0.626610040665,
            "party": 0.373389929533
        },
        "probability": 0.626610040665,
        "value": "not_party"
    },
    "mood_relaxed": {
        "all": {
            "not_relaxed": 0.885733902454,
            "relaxed": 0.114266075194
        },
        "probability": 0.885733902454,
        "value": "not_relaxed"
    },
    "mood_sad": {
        "all": {
            "not_sad": 0.831207752228,
            "sad": 0.168792247772
        },
        "probability": 0.831207752228,
        "value": "not_sad"
    },
    "moods_mirex": {
        "all": {
            "Cluster1": 0.236877039075,
            "Cluster2": 0.23465873301,
            "Cluster3": 0.162572488189,
            "Cluster4": 0.244071125984,
            "Cluster5": 0.121820613742
        },
        "probability": 0.244071125984,
        "value": "Cluster4"
    },
    "timbre": {
        "all": {
            "bright": 0.996604919434,
            "dark": 0.00339506100863
        },
        "probability": 0.996604919434,
        "value": "bright"
    },
    "tonal_atonal": {
        "all": {
            "atonal": 0.148001134396,
            "tonal": 0.851998865604
        },
        "probability": 0.851998865604,
        "value": "tonal"
    },
    "voice_instrumental": {
        "all": {
            "instrumental": 0.962174117565,
            "voice": 0.0378258600831
        },
        "probability": 0.962174117565,
        "value": "instrumental"
    }
},
"lowlevel": {
    "average_loudness": 0.982681691647,
    "barkbands_crest": {
        "dmean": 2.76872038841,
        "dmean2": 4.26318645477,
        "dvar": 6.09817504883,
        "dvar2": 14.6030979156,
        "max": 25.9227466583,
        "mean": 11.9513187408,
        "median": 11.3913908005,
        "min": 2.59808802605,
        "var": 22.8451843262
    },
    "barkbands_flatness_db": {
        "dmean": 0.0333949066699,
        "dmean2": 0.0447080843151,
        "dvar": 0.00119341781829,
        "dvar2": 0.00222357362509,
        "max": 0.479888916016,
        "mean": 0.21321220696,
        "median": 0.199075520039,
        "min": 0.0639105737209,
        "var": 0.00537391100079
    },
    "barkbands_kurtosis": {
        "dmean": 8.94726085663,
        "dmean2": 13.6390228271,
        "dvar": 338.182434082,
        "dvar2": 716.43548584,
        "max": 287.701446533,
        "mean": 11.1562376022,
        "median": 2.77084827423,
        "min": -1.87629818916,
        "var": 521.671936035
    },
    "barkbands_skewness": {
        "dmean": 0.950804233551,
        "dmean2": 1.38506174088,
        "dvar": 1.35682725906,
        "dvar2": 2.71837186813,
        "max": 15.0288600922,
        "mean": 2.18757295609,
        "median": 1.7628172636,
        "min": -1.66189610958,
        "var": 3.86141753197
    },
    "barkbands_spread": {
        "dmean": 5.74305295944,
        "dmean2": 8.28889942169,
        "dvar": 53.5394859314,
        "dvar2": 116.76713562,
        "max": 69.570098877,
        "mean": 17.6104049683,
        "median": 16.0324287415,
        "min": 0.686162769794,
        "var": 156.970352173
    },
    "dissonance": {
        "dmean": 0.0228855591267,
        "dmean2": 0.0382155999541,
        "dvar": 0.000517902080901,
        "dvar2": 0.00139676150866,
        "max": 0.498910099268,
        "mean": 0.452331721783,
        "median": 0.459105730057,
        "min": 0.302381455898,
        "var": 0.000962352147326
    },
    "dynamic_complexity": 2.40746259689,
    "erbbands_crest": {
        "dmean": 3.14483475685,
        "dmean2": 4.9117102623,
        "dvar": 8.01401996613,
        "dvar2": 18.1860389709,
        "max": 32.6544876099,
        "mean": 11.4563875198,
        "median": 10.0386629105,
        "min": 3.28482365608,
        "var": 34.319393158
    },
    "erbbands_flatness_db": {
        "dmean": 0.0203832387924,
        "dmean2": 0.0275367032737,
        "dvar": 0.000447220430942,
        "dvar2": 0.000843828427605,
        "max": 0.385749310255,
        "mean": 0.192151919007,
        "median": 0.186518281698,
        "min": 0.10254047066,
        "var": 0.002560287714
    },
    "erbbands_kurtosis": {
        "dmean": 1.30079376698,
        "dmean2": 2.00331687927,
        "dvar": 4.20659399033,
        "dvar2": 10.0179767609,
        "max": 24.9154109955,
        "mean": 0.777435004711,
        "median": -0.251262664795,
        "min": -1.71479415894,
        "var": 8.81067848206
    },
    "erbbands_skewness": {
        "dmean": 0.506413638592,
        "dmean2": 0.735119640827,
        "dvar": 0.306090712547,
        "dvar2": 0.628574192524,
        "max": 4.38484573364,
        "mean": 0.237554639578,
        "median": 0.0513383932412,
        "min": -2.45357632637,
        "var": 1.00056397915
    },
    "erbbands_spread": {
        "dmean": 9.01817417145,
        "dmean2": 13.53038311,
        "dvar": 104.481994629,
        "dvar2": 242.850219727,
        "max": 115.371711731,
        "mean": 37.0130310059,
        "median": 37.3152275085,
        "min": 3.68806791306,
        "var": 311.977996826
    },
    "hfc": {
        "dmean": 6.20103549957,
        "dmean2": 7.43221616745,
        "dvar": 48.8140449524,
        "dvar2": 71.632850647,
        "max": 73.3921051025,
        "mean": 20.6339530945,
        "median": 18.2943572998,
        "min": 0.0359793938696,
        "var": 228.251495361
    },
    "melbands_crest": {
        "dmean": 3.33975601196,
        "dmean2": 5.19676828384,
        "dvar": 9.25046825409,
        "dvar2": 19.5109500885,
        "max": 33.0024185181,
        "mean": 16.9053382874,
        "median": 16.6891670227,
        "min": 5.41494464874,
        "var": 27.5912303925
    },
    "melbands_flatness_db": {
        "dmean": 0.0422789305449,
        "dmean2": 0.0538680106401,
        "dvar": 0.00189276481979,
        "dvar2": 0.0034488264937,
        "max": 0.621231436729,
        "mean": 0.277258872986,
        "median": 0.260158807039,
        "min": 0.0589021630585,
        "var": 0.00938432943076
    },
    "melbands_kurtosis": {
        "dmean": 19.5607032776,
        "dmean2": 29.990819931,
        "dvar": 1625.08032227,
        "dvar2": 3731.06787109,
        "max": 462.398162842,
        "mean": 27.7335510254,
        "median": 11.5757303238,
        "min": -1.40454149246,
        "var": 2325.07592773
    },
    "melbands_skewness": {
        "dmean": 1.2080488205,
        "dmean2": 1.76586890221,
        "dvar": 2.30521535873,
        "dvar2": 5.02889966965,
        "max": 16.5184860229,
        "mean": 3.45428323746,
        "median": 3.00709462166,
        "min": -1.25450098515,
        "var": 6.02465581894
    },
    "melbands_spread": {
        "dmean": 7.02059793472,
        "dmean2": 10.2107639313,
        "dvar": 105.408813477,
        "dvar2": 236.271957397,
        "max": 121.078338623,
        "mean": 17.9305057526,
        "median": 14.8449811935,
        "min": 0.55506670475,
        "var": 253.925048828
    },
    "pitch_salience": {
        "dmean": 0.0797743573785,
        "dmean2": 0.126282170415,
        "dvar": 0.00624848436564,
        "dvar2": 0.0155196776614,
        "max": 0.775628447533,
        "mean": 0.444314599037,
        "median": 0.437518626451,
        "min": 0.10088647157,
        "var": 0.0141568817198
    },
    "silence_rate_20dB": {
        "dmean": 0,
        "dmean2": 0,
        "dvar": 0,
        "dvar2": 0,
        "max": 1,
        "mean": 1,
        "median": 1,
        "min": 1,
        "var": 0
    },
    "silence_rate_30dB": {
        "dmean": 0.061919502914,
        "dmean2": 0.123934932053,
        "dvar": 0.058085732162,
        "dvar2": 0.116320490837,
        "max": 1,
        "mean": 0.93348801136,
        "median": 1,
        "min": 0,
        "var": 0.0620885677636
    },
    "silence_rate_60dB": {
        "dmean": 0.0232198145241,
        "dmean2": 0.0464756004512,
        "dvar": 0.0226807426661,
        "dvar2": 0.0520611144602,
        "max": 1,
        "mean": 0.0348027832806,
        "median": 0,
        "min": 0,
        "var": 0.0335918068886
    },
    "spectral_centroid": {
        "dmean": 298.221862793,
        "dmean2": 416.380279541,
        "dvar": 146641.125,
        "dvar2": 314553.15625,
        "max": 3841.43359375,
        "mean": 1155.85168457,
        "median": 1034.58508301,
        "min": 145.428955078,
        "var": 495914.625
    },
    "spectral_complexity": {
        "dmean": 4.41099071503,
        "dmean2": 5.68551492691,
        "dvar": 24.6986656189,
        "dvar2": 40.2524642944,
        "max": 49,
        "mean": 15.0085077286,
        "median": 14,
        "min": 0,
        "var": 87.7949447632
    },
    "spectral_decrease": {
        "dmean": 4.26809920739e-09,
        "dmean2": 6.05547700872e-09,
        "dvar": 4.43115128578e-17,
        "dvar2": 7.80629997878e-17,
        "max": -6.73695127462e-11,
        "mean": -1.13907869803e-08,
        "median": -9.72762137508e-09,
        "min": -6.50046132478e-08,
        "var": 8.71110983746e-17
    },
    "spectral_energy": {
        "dmean": 0.0164666231722,
        "dmean2": 0.0232171025127,
        "dvar": 0.000642752973363,
        "dvar2": 0.00112979894038,
        "max": 0.248916372657,
        "mean": 0.0448630303144,
        "median": 0.0381781235337,
        "min": 0.000258142128587,
        "var": 0.0012873376254
    },
    "spectral_energyband_high": {
        "dmean": 0.000296204350889,
        "dmean2": 0.000410050270148,
        "dvar": 4.33098335861e-07,
        "dvar2": 9.175194009e-07,
        "max": 0.00835379678756,
        "mean": 0.000480185612105,
        "median": 0.000144419420394,
        "min": 8.02102917419e-08,
        "var": 7.06620141955e-07
    },
    "spectral_energyband_low": {
        "dmean": 0.0140249943361,
        "dmean2": 0.0209627076983,
        "dvar": 0.000637129996903,
        "dvar2": 0.00116393342614,
        "max": 0.22640876472,
        "mean": 0.026896648109,
        "median": 0.0191350914538,
        "min": 7.94089937699e-05,
        "var": 0.00102436996531
    },
    "spectral_energyband_middle_high": {
        "dmean": 0.0023543976713,
        "dmean2": 0.0029002672527,
        "dvar": 8.77406455402e-06,
        "dvar2": 1.26819813886e-05,
        "max": 0.0394231006503,
        "mean": 0.00629652570933,
        "median": 0.00375781976618,
        "min": 5.96503105044e-06,
        "var": 4.95400454383e-05
    },
    "spectral_energyband_middle_low": {
        "dmean": 0.00570764159784,
        "dmean2": 0.00830824766308,
        "dvar": 5.49243304704e-05,
        "dvar2": 0.000115704795462,
        "max": 0.0862745791674,
        "mean": 0.0144745754078,
        "median": 0.0114277694374,
        "min": 1.21344210129e-05,
        "var": 0.000145561556565
    },
    "spectral_entropy": {
        "dmean": 0.232570961118,
        "dmean2": 0.320303529501,
        "dvar": 0.0710540264845,
        "dvar2": 0.133788526058,
        "max": 8.2555513382,
        "mean": 7.1491317749,
        "median": 7.1889166832,
        "min": 4.76699876785,
        "var": 0.276847422123
    },
    "spectral_flux": {
        "dmean": 0.0381589494646,
        "dmean2": 0.0602700896561,
        "dvar": 0.00209120893851,
        "dvar2": 0.00528699113056,
        "max": 0.370142668486,
        "mean": 0.102952621877,
        "median": 0.0891910418868,
        "min": 0.00436048116535,
        "var": 0.00406491057947
    },
    "spectral_kurtosis": {
        "dmean": 3.6043946743,
        "dmean2": 5.89154481888,
        "dvar": 37.61353302,
        "dvar2": 82.4590759277,
        "max": 119.796562195,
        "mean": 6.71934270859,
        "median": 4.37754917145,
        "min": 0.171476840973,
        "var": 70.1948318481
    },
    "spectral_rms": {
        "dmean": 0.00118589750491,
        "dmean2": 0.00159693392925,
        "dvar": 2.25269832299e-06,
        "dvar2": 3.65928462998e-06,
        "max": 0.0155834928155,
        "mean": 0.00611601350829,
        "median": 0.00610302807763,
        "min": 0.000501842587255,
        "var": 6.3632032834e-06
    },
    "spectral_rolloff": {
        "dmean": 434.547180176,
        "dmean2": 727.243225098,
        "dvar": 538771.9375,
        "dvar2": 1120667.875,
        "max": 5577.09960938,
        "mean": 1010.94451904,
        "median": 645.99609375,
        "min": 64.599609375,
        "var": 1008296.5
    },
    "spectral_skewness": {
        "dmean": 0.394525289536,
        "dmean2": 0.621500313282,
        "dvar": 0.276934891939,
        "dvar2": 0.642724096775,
        "max": 8.93979072571,
        "mean": 1.6960439682,
        "median": 1.50168395042,
        "min": 0.426416963339,
        "var": 0.662618398666
    },
    "spectral_spread": {
        "dmean": 467762.875,
        "dmean2": 689880.375,
        "dvar": 303819948032,
        "dvar2": 626073141248,
        "max": 8601192,
        "mean": 3642473,
        "median": 3540346,
        "min": 1023631.125,
        "var": 1.09725607526e+12
    },
    "spectral_strongpeak": {
        "dmean": 0.566744565964,
        "dmean2": 0.987004220486,
        "dvar": 1.32627260685,
        "dvar2": 3.36909365654,
        "max": 9.83271408081,
        "mean": 1.02885127068,
        "median": 0.509060680866,
        "min": 0,
        "var": 2.17102313042
    },
    "zerocrossingrate": {
        "dmean": 0.0100774141029,
        "dmean2": 0.0110186655074,
        "dvar": 0.000132457309519,
        "dvar2": 0.000177895781235,
        "max": 0.1669921875,
        "mean": 0.0382736213505,
        "median": 0.0341796875,
        "min": 0.00341796875,
        "var": 0.000666061416268
    },
    "barkbands": {
        "dmean": [8.97288337001e-05, 0.00937995128334, 0.00657074945047, 0.00271282391623, 0.00209501269273, 0.00111704785377, 0.000527806056198, 0.000745881290641, 0.000734395638574, 0.000977800576948, 0.000200708236662, 0.000171846331796, 0.000211929844227, 0.000575371319428, 0.000758887326811, 0.000350981135853, 0.000203708652407, 0.000132955072331, 0.00023139215773, 0.000137042778078, 0.000154062712681, 5.25103241671e-05, 4.60309165646e-05, 2.20580095629e-05, 1.62521810125e-05, 2.70824284598e-06, 5.63928326258e-09],
        "dmean2": [0.000153745248099, 0.0142272943631, 0.0105100134388, 0.00446788454428, 0.00307150627486, 0.00159765011631, 0.000755460874643, 0.00104841869324, 0.00108755042311, 0.00130606035236, 0.000278130522929, 0.000262433284661, 0.000297682126984, 0.000833436904941, 0.00110527896322, 0.000525841023773, 0.00029827398248, 0.000198457608349, 0.000329093425535, 0.000202704817639, 0.000234711711528, 7.51032639528e-05, 6.67343410896e-05, 3.01802792819e-05, 2.25804142246e-05, 3.88028365705e-06, 7.0926193807e-09],
        "dvar": [3.34051293294e-08, 0.000245986680966, 0.000231587022427, 3.1488492823e-05, 8.50935339258e-06, 2.61572154159e-06, 8.92212767667e-07, 2.09943391383e-06, 3.09669053422e-06, 6.7182913881e-06, 4.57486180494e-07, 3.1127984812e-07, 3.57342230473e-07, 1.38986058573e-06, 1.66509698829e-06, 4.29140527558e-07, 1.11285274329e-07, 6.77693066109e-08, 1.5972786116e-07, 6.96757211927e-08, 1.73022243644e-07, 1.01724380031e-08, 1.47817909024e-08, 1.95058347252e-09, 1.07367559288e-09, 4.69558038285e-11, 1.00657685447e-14],
        "dvar2": [7.31286107225e-08, 0.000567837036215, 0.000528867065441, 7.45798824937e-05, 1.82091316674e-05, 5.22566870131e-06, 1.63565857747e-06, 4.07801962865e-06, 6.01187821303e-06, 9.47857643041e-06, 6.91851653301e-07, 7.07892638729e-07, 5.94575226387e-07, 2.53653956861e-06, 3.38328777616e-06, 1.00035401829e-06, 2.51546424579e-07, 1.47535899941e-07, 3.13039407729e-07, 1.33166238925e-07, 4.08333903579e-07, 2.27238725614e-08, 3.44388944029e-08, 3.77555586795e-09, 2.11739181744e-09, 9.78703645904e-11, 1.00856560313e-14],
        "max": [0.00388840213418, 0.138510391116, 0.123591512442, 0.0557942204177, 0.0328272506595, 0.0169292353094, 0.0119727700949, 0.0381896607578, 0.0380273200572, 0.0441284365952, 0.0202862583101, 0.0144368829206, 0.0145387994125, 0.0190934799612, 0.0145278992131, 0.00893308222294, 0.0036071841605, 0.00491703953594, 0.00565056689084, 0.00449603796005, 0.00539549347013, 0.00107935187407, 0.00181727635209, 0.00052863266319, 0.00033949923818, 7.34012573957e-05, 2.63903029918e-06],
        "mean": [9.29458037717e-05, 0.0154160587117, 0.00913489144295, 0.00334869790822, 0.00364481564611, 0.0020269267261, 0.00084125000285, 0.00126628624275, 0.00140742072836, 0.00254433159716, 0.000281256216113, 0.000232567734201, 0.000301084393868, 0.000945701205637, 0.00119389768224, 0.000537505722605, 0.000355247640982, 0.000211713719182, 0.000421017030021, 0.000248790660407, 0.000194316147827, 8.7970365712e-05, 6.22763182037e-05, 3.60825033567e-05, 2.65285125352e-05, 3.47135369339e-06, 5.27511412329e-09],
        "median": [4.48274040536e-05, 0.0101707465947, 0.00440898910165, 0.00118946074508, 0.00206565065309, 0.00118891731836, 0.000265581125859, 0.000491211016197, 0.000189726866665, 0.000137413968332, 4.03929334425e-05, 5.26285730302e-05, 5.61564811505e-05, 0.000226832664339, 0.000488439749461, 0.000198058289243, 0.000209415782592, 5.91622192587e-05, 0.000151174666826, 9.13239855436e-05, 5.36425832252e-05, 2.76938299066e-05, 1.23018890008e-05, 7.5311108958e-06, 5.26262192579e-06, 2.15076852328e-07, 4.73356465136e-10],
        "min": [1.02273212121e-08, 4.41731717729e-05, 3.85009798265e-06, 6.74163914027e-07, 1.53556868554e-06, 4.52323831723e-07, 4.92123319873e-07, 3.80034634873e-07, 2.75860543297e-07, 6.30958481906e-07, 9.19204126149e-08, 2.35284176142e-07, 3.28722592258e-07, 6.36087065686e-07, 9.95210939436e-07, 3.28175104869e-07, 1.86742823871e-07, 5.05393522587e-08, 5.22267740166e-08, 1.59804915967e-08, 8.67272209604e-09, 4.0321710415e-09, 8.52497983317e-09, 9.65484314719e-09, 1.24718413375e-08, 2.04329435316e-11, 1.26678736945e-11],
        "var": [3.30541887195e-08, 0.000321380444802, 0.000260700529907, 3.58857214451e-05, 1.93599589693e-05, 5.99214808972e-06, 1.91033859664e-06, 4.03196690968e-06, 1.52652537508e-05, 4.46802514489e-05, 1.01487648863e-06, 4.13031983726e-07, 8.69761038302e-07, 4.32017077401e-06, 3.45698504134e-06, 8.16904389467e-07, 2.07390542073e-07, 1.76409500341e-07, 5.12734004587e-07, 2.32170620507e-07, 1.98326375767e-07, 1.93325231379e-08, 1.92331643944e-08, 4.33619762319e-09, 2.2879558248e-09, 7.25658630407e-11, 1.00625201734e-14]
    },
    "erbbands": {
        "dmean": [0.135694026947, 2.53019690514, 6.86942338943, 9.39260196686, 8.19920635223, 5.44055175781, 6.69287776947, 9.76609992981, 10.5110368729, 7.39927482605, 18.3600406647, 16.8442935944, 33.4787139893, 11.0789661407, 7.70426464081, 7.22187757492, 9.46228313446, 27.8608169556, 29.8807468414, 32.4368095398, 14.2111539841, 9.36793327332, 7.77165842056, 6.98410367966, 12.7771682739, 5.56474971771, 4.71464252472, 6.52901506424, 2.14970326424, 1.80442166328, 0.955425560474, 0.513474225998, 0.359486609697, 0.239925399423, 0.0837473645806, 0.0171251241118, 0.00459475629032, 0.000403579033446, 1.49042825797e-05, 1.83754546015e-05],
        "dmean2": [0.206299766898, 3.77986454964, 10.8067598343, 14.9501657486, 12.7365264893, 8.16948509216, 10.0647096634, 14.0879421234, 14.3385400772, 10.7439203262, 26.2437934875, 23.7381019592, 44.4356956482, 14.1549577713, 10.5878925323, 10.94049263, 13.4078245163, 38.7816848755, 43.7163162231, 47.6762809753, 20.3518676758, 13.3977813721, 11.3422651291, 10.1122331619, 17.5582351685, 7.87155389786, 7.16873979568, 9.99296474457, 3.01027727127, 2.58831834793, 1.35756027699, 0.709713459015, 0.494156181812, 0.340952843428, 0.113846287131, 0.0240459609777, 0.00667952466756, 0.000609864713624, 2.01893126359e-05, 2.55383365584e-05],
        "dvar": [0.0332002565265, 18.8146533966, 220.03616333, 428.508666992, 172.188690186, 77.5353469849, 149.343841553, 223.677856445, 400.774688721, 215.443878174, 1461.54858398, 1689.92700195, 8005.85302734, 1132.23193359, 364.968444824, 546.10736084, 648.412719727, 3006.91748047, 2849.38037109, 3185.44165039, 661.813171387, 213.026855469, 250.871353149, 164.556259155, 639.417297363, 106.707221985, 122.203620911, 380.031555176, 17.038274765, 22.7004680634, 4.67844581604, 1.08329927921, 0.507528662682, 0.241198152304, 0.0268684476614, 0.00172857416328, 0.000140201969771, 1.18721789022e-06, 7.29334481697e-10, 7.56833595794e-10],
        "dvar2": [0.0746020972729, 42.6476821899, 447.856445312, 977.944519043, 420.966888428, 167.497695923, 322.767852783, 459.715576172, 644.319824219, 481.35559082, 2964.93774414, 3189.32543945, 11709.8789062, 1263.26196289, 561.068115234, 1288.17492676, 1206.13098145, 5478.78662109, 6058.47607422, 6092.77978516, 1523.29553223, 489.971618652, 567.952392578, 360.648345947, 1084.11682129, 198.710296631, 310.191375732, 884.653259277, 36.4258232117, 54.3433494568, 10.0117816925, 2.26573085785, 0.989989578724, 0.475088059902, 0.0529050640762, 0.00359589722939, 0.000304817454889, 2.78889046967e-06, 1.29163690854e-09, 1.31979915885e-09],
        "max": [1.56728827953, 39.7015609741, 129.920166016, 159.654769897, 119.800209045, 120.474395752, 167.46875, 149.919616699, 243.927001953, 252.435409546, 971.589355469, 1059.67041016, 1655.47753906, 1226.0480957, 303.09262085, 587.013549805, 667.429138184, 876.320373535, 678.272888184, 759.242431641, 362.23828125, 186.390304565, 310.114196777, 182.889022827, 368.324401855, 172.981185913, 115.24080658, 305.230285645, 44.8806648254, 69.3127059937, 26.7590122223, 11.5249605179, 8.40003681183, 5.73934221268, 1.71147716045, 0.432005375624, 0.134842962027, 0.0134887043387, 0.000425563514, 0.000271814846201],
        "mean": [0.2500680089, 4.10107326508, 10.666560173, 12.5189876556, 12.0724172592, 9.23743343353, 11.8345308304, 17.5612201691, 18.7242012024, 11.1106081009, 33.6329917908, 38.1074104309, 95.7918701172, 22.6032085419, 12.3618450165, 10.375371933, 14.1178779602, 45.9749717712, 48.8145866394, 59.3997535706, 26.1702804565, 17.1751441956, 12.6537218094, 12.7331228256, 25.5445308685, 10.747262001, 6.42995691299, 8.19453334808, 3.56613469124, 2.46919703484, 1.40447318554, 0.781655788422, 0.586092472076, 0.387958794832, 0.136871024966, 0.0230099838227, 0.00600318424404, 0.000476762623293, 3.38393329002e-05, 5.21052934346e-05],
        "median": [0.109749317169, 2.78026342392, 5.79631567001, 4.31558084488, 5.65687179565, 4.74952745438, 5.17065954208, 9.74889564514, 5.60370540619, 4.92927694321, 12.2283143997, 8.1652431488, 6.11767148972, 2.79695034027, 2.52917194366, 2.72011566162, 3.50233864784, 12.2784395218, 22.9547691345, 25.6601047516, 14.635342598, 10.845457077, 4.55265426636, 4.74588823318, 9.26619815826, 4.53522443771, 2.33245992661, 1.94189667702, 1.10193490982, 0.639868617058, 0.314407914877, 0.186322003603, 0.112490996718, 0.0741230100393, 0.0280574578792, 0.00260215252638, 0.000399556738557, 3.14022436214e-05, 2.370164475e-05, 4.52443418908e-05],
        "min": [0.000974466092885, 0.00644585350528, 0.00709206331521, 0.012365642935, 0.00845953542739, 0.00549199804664, 0.00129035220016, 0.00478215096518, 0.00705621950328, 0.0133704915643, 0.0137002188712, 0.0107869086787, 0.0191430300474, 0.0099331010133, 0.00411277916282, 0.012960633263, 0.0217646751553, 0.0457043498755, 0.0425879321992, 0.0238533038646, 0.0193426460028, 0.0102312127128, 0.00410355720669, 0.00292724743485, 0.00147014798131, 0.000806389842182, 0.000499916903209, 0.000292533135507, 0.000168661790667, 0.000171281571966, 0.000219146400923, 0.000214632484131, 0.000160615658388, 0.000120853765111, 9.86447776086e-05, 3.95533643314e-05, 9.02337887965e-06, 7.55691985432e-07, 1.72148176603e-07, 2.85324290417e-07],
        "var": [0.0815519168973, 24.3164672852, 284.153991699, 497.71182251, 272.436859131, 158.966751099, 322.595306396, 475.891235352, 904.200317383, 331.355651855, 3162.66723633, 10746.4814453, 61667.6679688, 5296.47802734, 1124.56738281, 702.598205566, 1365.01599121, 9848.33398438, 5725.60107422, 8057.71484375, 1258.81689453, 418.113311768, 608.135620117, 377.546295166, 2046.23535156, 339.106292725, 155.891540527, 411.168365479, 32.9384422302, 28.5431690216, 7.48160457611, 2.07228779793, 1.16894102097, 0.517313539982, 0.0579140782356, 0.00274752289988, 0.000209609992453, 1.50025584844e-06, 1.26782429e-09, 1.5810498466e-09]
    },
    "gfcc": {
        "mean": [-28.3468379974, 128.837127686, -119.474395752, 53.4694404602, -42.4833602905, 14.9017982483, -34.1197509766, 7.88693761826, -7.01347255707, 2.34380793571, -14.6408815384, -16.6927967072, -0.314177691936],
        "cov": [[7046.96191406, -1602.75817871, -918.748535156, 357.765686035, -925.09197998, 15.5430641174, -356.850921631, 238.310379028, -390.648040771, 176.819824219, -236.451766968, -69.3171005249, -189.052261353], [-1602.75817871, 1328.4777832, 350.202392578, -228.121032715, 453.015716553, -112.050369263, 134.756958008, -189.51852417, 224.743682861, -205.101318359, 141.132247925, -85.6193008423, 104.718811035], [-918.748535156, 350.202392578, 877.395812988, 240.698745728, 117.420753479, 2.10728526115, -90.3024520874, -223.219360352, 26.8993358612, 41.5149230957, 44.9635848999, 11.8326387405, 34.6807670593], [357.765686035, -228.121032715, 240.698745728, 398.616516113, -87.4264068604, -49.9129905701, -111.681838989, -40.9033660889, -23.4410991669, 104.758178711, -13.3737754822, -43.8495407104, 5.33423709869], [-925.09197998, 453.015716553, 117.420753479, -87.4264068604, 372.929412842, 28.0255088806, 112.770835876, -11.859128952, 96.6574249268, -79.9672546387, 51.1895675659, -10.0212545395, 27.9518489838], [15.5430641174, -112.050369263, 2.10728526115, -49.9129905701, 28.0255088806, 274.032226562, 153.907073975, 12.1214160919, -58.1783561707, -53.832950592, 19.3864994049, 49.8620185852, -29.7415790558], [-356.850921631, 134.756958008, -90.3024520874, -111.681838989, 112.770835876, 153.907073975, 320.111816406, 75.368598938, 4.8525094986, -110.922386169, 36.6261863708, 15.0672864914, 5.01853561401], [238.310379028, -189.51852417, -223.219360352, -40.9033660889, -11.859128952, 12.1214160919, 75.368598938, 224.187820435, 49.7114830017, -6.05247831345, -34.4678535461, -16.4275436401, -5.44523334503], [-390.648040771, 224.743682861, 26.8993358612, -23.4410991669, 96.6574249268, -58.1783561707, 4.8525094986, 49.7114830017, 195.690444946, 7.69557237625, -3.68193769455, -37.1001853943, 41.3250808716], [176.819824219, -205.101318359, 41.5149230957, 104.758178711, -79.9672546387, -53.832950592, -110.922386169, -6.05247831345, 7.69557237625, 172.473068237, 2.30310559273, 3.63509750366, -8.17804050446], [-236.451766968, 141.132247925, 44.9635848999, -13.3737754822, 51.1895675659, 19.3864994049, 36.6261863708, -34.4678535461, -3.68193769455, 2.30310559273, 121.125015259, 21.8381996155, 15.0130233765], [-69.3171005249, -85.6193008423, 11.8326387405, -43.8495407104, -10.0212545395, 49.8620185852, 15.0672864914, -16.4275436401, -37.1001853943, 3.63509750366, 21.8381996155, 112.230804443, 4.35986280441], [-189.052261353, 104.718811035, 34.6807670593, 5.33423709869, 27.9518489838, -29.7415790558, 5.01853561401, -5.44523334503, 41.3250808716, -8.17804050446, 15.0130233765, 4.35986280441, 79.7899246216]],
        "icov": [[0.000310680014081, -0.000343243649695, 0.000419013726059, -0.00051698659081, 0.000586107897107, -0.000441022508312, 0.000454988417914, -0.000459790811874, 0.000514642801136, -0.000115649912914, 0.000350826856447, -0.000101150159026, 0.000270446093054], [-0.000343243649695, 0.0076645007357, -0.00260616093874, 0.00457839807495, -0.00383939128369, 0.00467487005517, -0.00273976824246, 0.00645801099017, -0.00566673092544, 0.00556485634297, -0.00563654722646, 0.00571658322588, -0.00209161802195], [0.000419013726059, -0.00260616093874, 0.00339461187832, -0.003310109023, 0.00095617090119, -0.0023004792165, 0.00150350097101, -0.000396392249968, 0.00135991571005, -0.00165923533496, 0.00205247639678, -0.00245703128166, 0.000718622060958], [-0.00051698659081, 0.00457839807495, -0.003310109023, 0.00745946820825, -0.00200930330902, 0.00300394138321, -0.00173423427623, 0.00319517520256, -0.00235521048307, 0.0011571617797, -0.00327330268919, 0.00554113276303, -0.00249143829569], [0.000586107897107, -0.00383939128369, 0.00095617090119, -0.00200930330902, 0.00687526911497, -0.00253939488903, 0.000811874924693, -0.00322476099245, 0.00117859186139, -0.00132434698753, 0.00164709030651, -0.00224141473882, 0.00158655701671], [-0.000441022508312, 0.00467487005517, -0.0023004792165, 0.00300394138321, -0.00253939488903, 0.00927743595093, -0.00497154192999, 0.00397721584886, -0.00258554611355, 0.00357384979725, -0.00337557867169, 0.00126571545843, 0.000821944791824], [0.000454988417914, -0.00273976824246, 0.00150350097101, -0.00173423427623, 0.000811874924693, -0.00497154192999, 0.008011569269, -0.00456738146022, 0.00243794335984, 0.00069939304376, 0.000374255585484, -0.00139756139833, -1.95109282686e-06], [-0.000459790811874, 0.00645801099017, -0.000396392249968, 0.00319517520256, -0.00322476099245, 0.00397721584886, -0.00456738146022, 0.0133552709594, -0.00750655541196, 0.00380674633197, -0.00297130434774, 0.00446614250541, -0.00120251136832], [0.000514642801136, -0.00566673092544, 0.00135991571005, -0.00235521048307, 0.00117859186139, -0.00258554611355, 0.00243794335984, -0.00750655541196, 0.0131269907579, -0.00583489332348, 0.00493730278686, -0.00159327848814, -0.00205806898884], [-0.000115649912914, 0.00556485634297, -0.00165923533496, 0.0011571617797, -0.00132434698753, 0.00357384979725, 0.00069939304376, 0.00380674633197, -0.00583489332348, 0.0136309247464, -0.00602772366256, 0.00234122062102, 0.000503562332597], [0.000350826856447, -0.00563654722646, 0.00205247639678, -0.00327330268919, 0.00164709030651, -0.00337557867169, 0.000374255585484, -0.00297130434774, 0.00493730278686, -0.00602772366256, 0.014525571838, -0.005411519669, -0.000118364980153], [-0.000101150159026, 0.00571658322588, -0.00245703128166, 0.00554113276303, -0.00224141473882, 0.00126571545843, -0.00139756139833, 0.00446614250541, -0.00159327848814, 0.00234122062102, -0.005411519669, 0.0163255017251, -0.0042037665844], [0.000270446093054, -0.00209161802195, 0.000718622060958, -0.00249143829569, 0.00158655701671, 0.000821944791824, -1.95109282686e-06, -0.00120251136832, -0.00205806898884, 0.000503562332597, -0.000118364980153, -0.0042037665844, 0.0168111603707]]
    },
    "melbands": {
        "dmean": [0.00195073126815, 0.00338874687441, 0.00154755322728, 0.000456904701423, 0.000246800977038, 0.000227811760851, 0.000143793120515, 9.16988065001e-05, 0.000148097286001, 0.000108238287794, 0.000168566897628, 4.87352845084e-05, 2.54290825978e-05, 2.13067960431e-05, 1.45129160956e-05, 2.62711364485e-05, 6.04215892963e-05, 4.70940649393e-05, 5.97120961174e-05, 3.41161357937e-05, 1.55651287059e-05, 1.12699271995e-05, 9.11073766474e-06, 5.43051464774e-06, 5.81648373554e-06, 1.06175393739e-05, 7.69818871049e-06, 3.17683247886e-06, 2.50368771049e-06, 4.55004101241e-06, 3.50871891897e-06, 1.33346657094e-06, 7.57112900374e-07, 1.2507999827e-06, 6.2604476625e-07, 3.33356638293e-07, 3.22218113524e-07, 2.62354291181e-07, 2.52205609286e-07, 1.95453623064e-07],
        "dmean2": [0.00296152895316, 0.00511729298159, 0.00241714902222, 0.000693654932547, 0.000369293789845, 0.000324912340147, 0.000196437060367, 0.000132827422931, 0.000215386855416, 0.000150410691276, 0.000224303745199, 6.39085192233e-05, 3.51422168023e-05, 3.17881458614e-05, 2.15408690565e-05, 3.73860020773e-05, 8.5690364358e-05, 6.98026851751e-05, 8.85604604264e-05, 5.20793728356e-05, 2.24613340833e-05, 1.66459394677e-05, 1.33005887619e-05, 7.94593324827e-06, 8.6642739916e-06, 1.50749265231e-05, 1.05533999886e-05, 4.68295274914e-06, 3.86942747355e-06, 7.11239863449e-06, 5.28417012902e-06, 1.91218259715e-06, 1.09352527033e-06, 1.86423710602e-06, 9.24202765873e-07, 4.63287307184e-07, 4.64745596673e-07, 3.6693995753e-07, 3.62522712294e-07, 2.82616014147e-07],
        "dvar": [8.78216724232e-06, 4.46595367976e-05, 9.96668586595e-06, 4.31095401154e-07, 2.1015014795e-07, 1.22988154772e-07, 7.35891418913e-08, 3.05738794282e-08, 9.06294417291e-08, 6.60479670955e-08, 2.03272435328e-07, 2.35900472489e-08, 4.75543338041e-09, 5.7826237132e-09, 1.37159006375e-09, 5.89828630382e-09, 1.4658248837e-08, 8.03405963978e-09, 1.27829764551e-08, 3.65105501388e-09, 7.26088689174e-10, 3.27103233388e-10, 3.03355229825e-10, 1.12866202495e-10, 1.37413580514e-10, 4.93901974874e-10, 2.75119732551e-10, 3.60902523144e-11, 2.98502715601e-11, 1.80459910903e-10, 1.09280813565e-10, 6.57554045935e-12, 2.05767434341e-12, 1.3723475481e-11, 2.16189544565e-12, 4.50966222915e-13, 4.56687964355e-13, 2.80884446561e-13, 2.94635220085e-13, 1.60343838359e-13],
        "dvar2": [2.03590589081e-05, 8.3579281636e-05, 2.31513822655e-05, 9.72542920863e-07, 4.36094040879e-07, 2.35544561633e-07, 1.18379276159e-07, 6.25951841471e-08, 1.73462368025e-07, 1.21899944361e-07, 2.94063397632e-07, 2.82979719657e-08, 7.12661885061e-09, 1.36458089273e-08, 2.5702653339e-09, 1.00635793032e-08, 2.68295465844e-08, 1.70965908097e-08, 2.57719285912e-08, 8.20444956418e-09, 1.66716018768e-09, 7.71479824468e-10, 6.75246747406e-10, 2.53567472575e-10, 3.11462716729e-10, 9.64148205718e-10, 4.66368887952e-10, 8.06196706615e-11, 7.39314026665e-11, 4.52955672969e-10, 2.59036042616e-10, 1.4629148587e-11, 4.29877878086e-12, 3.39504362123e-11, 4.75809799547e-12, 9.53282158073e-13, 9.91416367405e-13, 5.86196401749e-13, 5.89221813702e-13, 3.2481127705e-13],
        "max": [0.0259058699012, 0.0593040399253, 0.0259282533079, 0.00640784576535, 0.00645246123895, 0.00369659415446, 0.00317186256871, 0.00339840562083, 0.00745718879625, 0.00594822363928, 0.00832632556558, 0.00533306738362, 0.00149363046512, 0.00200952170417, 0.000853411213029, 0.00196139235049, 0.00165399140678, 0.00146384176333, 0.00154530804139, 0.000722102471627, 0.000290621741442, 0.000197580666281, 0.000313576107146, 0.000189111393411, 0.000169993960299, 0.000368068984244, 0.000285941408947, 6.67830172461e-05, 7.47273734305e-05, 0.00016584439436, 0.000167564227013, 2.63728888967e-05, 1.54836416186e-05, 5.82291249884e-05, 1.78407299245e-05, 7.7390259321e-06, 7.66309858591e-06, 6.56655583953e-06, 6.64370736558e-06, 4.94510595672e-06],
        "mean": [0.00337492884137, 0.00587375555187, 0.00216997787356, 0.000741660478525, 0.000437707232777, 0.000418314244598, 0.000257777806837, 0.000136581977131, 0.000276938953903, 0.000235689120018, 0.000473888328997, 8.66516929818e-05, 3.7285797589e-05, 3.07563677779e-05, 2.03936160688e-05, 3.68066575902e-05, 9.57482043304e-05, 7.30455140001e-05, 9.20402671909e-05, 5.79909574299e-05, 2.67094274022e-05, 1.96069977392e-05, 1.42689568747e-05, 8.40294978843e-06, 9.38049379329e-06, 1.93930336536e-05, 1.52570473801e-05, 5.09336268806e-06, 3.48857997778e-06, 5.02477450937e-06, 4.46612057203e-06, 2.18201489588e-06, 1.17717775083e-06, 1.53555902216e-06, 8.81759262938e-07, 5.01830697885e-07, 4.70263472607e-07, 4.09010368685e-07, 3.90676319739e-07, 3.07236092567e-07],
        "median": [0.00190060574096, 0.00384941045195, 0.00100773572922, 0.0003881319426, 0.000176251633093, 0.000231542682741, 8.59149731696e-05, 5.79604020459e-05, 0.000100589095382, 3.08169655909e-05, 2.68204930762e-05, 8.97316476767e-06, 5.68432687942e-06, 6.85110171617e-06, 5.65967911825e-06, 6.7384517024e-06, 2.04462903639e-05, 2.62879548245e-05, 3.57504577551e-05, 2.50192279054e-05, 1.48319813889e-05, 1.15976408779e-05, 5.37980213267e-06, 2.37626750277e-06, 2.70198415819e-06, 6.1667119553e-06, 4.58602744402e-06, 1.82340238553e-06, 1.16302453534e-06, 1.15315549465e-06, 1.03370484794e-06, 6.09826543041e-07, 4.45428753437e-07, 2.90511565026e-07, 1.88058407957e-07, 1.16862509003e-07, 1.05555514551e-07, 7.85517286772e-08, 6.64588668542e-08, 6.10903896359e-08],
        "min": [1.37605566124e-05, 7.3837823038e-06, 2.54259066423e-06, 4.70896623028e-07, 6.04343526334e-08, 1.218626835e-07, 1.13387628176e-07, 1.05938255501e-07, 1.3290912193e-07, 4.5826439532e-08, 1.05821307272e-07, 3.68449519783e-08, 1.01629806792e-08, 2.10414317081e-08, 3.99116295569e-08, 3.2496622282e-08, 7.33727532065e-08, 6.55823555462e-08, 3.69066590622e-08, 3.13780894601e-08, 1.77518639788e-08, 8.71193250873e-09, 4.43011893836e-09, 2.24568830198e-09, 2.25360685668e-09, 1.20603593778e-09, 6.65440258452e-10, 4.05956657179e-10, 3.03992275796e-10, 1.80584922016e-10, 1.59482968498e-10, 8.43796976735e-11, 8.07560893157e-11, 1.01247871198e-10, 1.14918748129e-10, 7.47940528956e-11, 1.32580155188e-10, 1.43775935602e-10, 5.04088576436e-11, 7.91844020909e-11],
