{
"highlevel": {
    "danceability": {
        "all": {
            "danceable": 0.0317003950477,
            "not_danceable": 0.968299627304
        },
        "probability": 0.968299627304,
        "value": "not_danceable"
    },
    "gender": {
        "all": {
            "female": 0.0622511990368,
            "male": 0.937748789787
        },
        "probability": 0.937748789787,
        "value": "male"
    },
    "genre_dortmund": {
        "all": {
            "alternative": 0.181916415691,
            "blues": 0.0100114727393,
            "electronic": 0.00698238098994,
            "folkcountry": 0.0751156210899,
            "funksoulrnb": 0.0022775682155,
            "jazz": 0.00217544217594,
            "pop": 0.0406464375556,
            "raphiphop": 0.000372236099793,
            "rock": 0.680502414703
        },
        "probability": 0.680502414703,
        "value": "rock"
    },
    "genre_electronic": {
        "all": {
            "ambient": 0.746492683887,
            "dnb": 0.0990971550345,
            "house": 0.0275816339999,
            "techno": 0.00375872617587,
            "trance": 0.123069815338
        },
        "probability": 0.746492683887,
        "value": "ambient"
    },
    "genre_rosamerica": {
        "all": {
            "cla": 0.0393050312996,
            "dan": 0.00565155828372,
            "hip": 0.004025651142,
            "jaz": 0.00633648689836,
            "pop": 0.0131156397983,
            "rhy": 0.00894232373685,
            "roc": 0.920664787292,
            "spe": 0.00195851409808
        },
        "probability": 0.920664787292,
        "value": "roc"
    },
    "genre_tzanetakis": {
        "all": {
            "blu": 0.0626541376114,
            "cla": 0.0348133966327,
            "cou": 0.0783501937985,
            "dis": 0.104547761381,
            "hip": 0.15693578124,
            "jaz": 0.313987255096,
            "met": 0.044816005975,
            "pop": 0.0627349764109,
            "reg": 0.0627352520823,
            "roc": 0.0784252434969
        },
        "probability": 0.313987255096,
        "value": "jaz"
    },
    "ismir04_rhythm": {
        "all": {
            "ChaChaCha": 0.174175664783,
            "Jive": 0.65839868784,
            "Quickstep": 0.0308609418571,
            "Rumba-American": 0.0037814064417,
            "Rumba-International": 0.00384661532007,
            "Rumba-Misc": 0.00197389419191,
            "Samba": 0.0137114198878,
            "Tango": 0.0738254711032,
            "VienneseWaltz": 0.0341634899378,
            "Waltz": 0.00526242237538
        },
        "probability": 0.65839868784,
        "value": "Jive"
    },
    "mood_acoustic": {
        "all": {
            "acoustic": 0.0189244616777,
            "not_acoustic": 0.981075525284
        },
        "probability": 0.981075525284,
        "value": "not_acoustic"
    },
    "mood_aggressive": {
        "all": {
            "aggressive": 0.756309092045,
            "not_aggressive": 0.243690907955
        },
        "probability": 0.756309092045,
        "value": "aggressive"
    },
    "mood_electronic": {
        "all": {
            "electronic": 0.0648622736335,
            "not_electronic": 0.935137748718
        },
        "probability": 0.935137748718,
        "value": "not_electronic"
    },
    "mood_happy": {
        "all": {
            "happy": 0.778826475143,
            "not_happy": 0.221173539758
        },
        "probability": 0.778826475143,
        "value": "happy"
    },
    "mood_party": {
        "all": {
            "not_party": 0.529368102551,
            "party": 0.470631927252
        },
        "probability": 0.529368102551,
        "value": "not_party"
    },
    "mood_relaxed": {
        "all": {
            "not_relaxed": 0.939188957214,
            "relaxed": 0.060811072588
        },
        "probability": 0.939188957214,
        "value": "not_relaxed"
    },
    "mood_sad": {
        "all": {
            "not_sad": 0.846134662628,
            "sad": 0.153865352273
        },
        "probability": 0.846134662628,
        "value": "not_sad"
    },
    "moods_mirex": {
        "all": {
            "Cluster1": 0.533627152443,
            "Cluster2": 0.189090058208,
            "Cluster3": 0.0411266312003,
            "Cluster4": 0.108876310289,
            "Cluster5": 0.12727984786
        },
        "probability": 0.533627152443,
        "value": "Cluster1"
    },
    "timbre": {
        "all": {
            "bright": 0.867213904858,
            "dark": 0.132786110044
        },
        "probability": 0.867213904858,
        "value": "bright"
    },
    "tonal_atonal": {
        "all": {
            "atonal": 0.00608413340524,
            "tonal": 0.993915855885
        },
        "probability": 0.993915855885,
        "value": "tonal"
    },
    "voice_instrumental": {
        "all": {
            "instrumental": 0.000464145443402,
            "voice": 0.999535858631
        },
        "probability": 0.999535858631,
        "value": "voice"
    }
},
"lowlevel": {
    "average_loudness": 0.949035584927,
    "barkbands_crest": {
        "dmean": 1.72289562225,
        "dmean2": 2.87983226776,
        "dvar": 3.0901594162,
        "dvar2": 8.35840034485,
        "max": 16.2555599213,
        "mean": 5.81859064102,
        "median": 5.22107458115,
        "min": 2.28896188736,
        "var": 5.33864784241
    },
    "barkbands_flatness_db": {
        "dmean": 0.0120189022273,
        "dmean2": 0.0198150482029,
        "dvar": 0.00013110828877,
        "dvar2": 0.000353679060936,
        "max": 0.189465478063,
        "mean": 0.0895102918148,
        "median": 0.0875993669033,
        "min": 0.0365230664611,
        "var": 0.000354547810275
    },
    "barkbands_kurtosis": {
        "dmean": 0.440485060215,
        "dmean2": 0.739580929279,
        "dvar": 0.404889374971,
        "dvar2": 1.1432300806,
        "max": 6.83489608765,
        "mean": -0.598924040794,
        "median": -0.816648483276,
        "min": -1.70655405521,
        "var": 0.710128486156
    },
    "barkbands_skewness": {
        "dmean": 0.283859610558,
        "dmean2": 0.46590512991,
        "dvar": 0.0807655826211,
        "dvar2": 0.219648763537,
        "max": 2.77506566048,
        "mean": 0.36464843154,
        "median": 0.33238196373,
        "min": -0.98829293251,
        "var": 0.256658792496
    },
    "barkbands_spread": {
        "dmean": 4.46162748337,
        "dmean2": 7.16417312622,
        "dvar": 17.7072734833,
        "dvar2": 40.3367805481,
        "max": 69.0424804688,
        "mean": 34.0678596497,
        "median": 33.9826622009,
        "min": 13.5255851746,
        "var": 82.0241241455
    },
    "dissonance": {
        "dmean": 0.00942042190582,
        "dmean2": 0.0161812603474,
        "dvar": 7.94433944975e-05,
        "dvar2": 0.000221071764827,
        "max": 0.499999970198,
        "mean": 0.485540479422,
        "median": 0.488430708647,
        "min": 0.429189026356,
        "var": 0.000130718050059
    },
    "dynamic_complexity": 2.17714333534,
    "erbbands_crest": {
        "dmean": 1.94918453693,
        "dmean2": 3.22434616089,
        "dvar": 3.15670132637,
        "dvar2": 7.72855043411,
        "max": 24.619682312,
        "mean": 7.29443788528,
        "median": 6.60526752472,
        "min": 2.54948806763,
        "var": 8.04706954956
    },
    "erbbands_flatness_db": {
        "dmean": 0.0143720312044,
        "dmean2": 0.0226782783866,
        "dvar": 0.000174698332557,
        "dvar2": 0.00040166938561,
        "max": 0.23618426919,
        "mean": 0.147612944245,
        "median": 0.147434130311,
        "min": 0.0674871057272,
        "var": 0.000902591622435
    },
    "erbbands_kurtosis": {
        "dmean": 0.511257410049,
        "dmean2": 0.833404779434,
        "dvar": 0.229156851768,
        "dvar2": 0.584578990936,
        "max": 4.14016485214,
        "mean": 0.085126966238,
        "median": -0.0652122497559,
        "min": -1.29080176353,
        "var": 0.609549164772
    },
    "erbbands_skewness": {
        "dmean": 0.243491798639,
        "dmean2": 0.38762691617,
        "dvar": 0.0420330539346,
        "dvar2": 0.0961469709873,
        "max": 1.43772232533,
        "mean": -0.281924784184,
        "median": -0.316971719265,
        "min": -1.9733338356,
        "var": 0.234251081944
    },
    "erbbands_spread": {
        "dmean": 4.84270620346,
        "dmean2": 7.88570070267,
        "dvar": 19.848991394,
        "dvar2": 46.0424194336,
        "max": 70.9165115356,
        "mean": 32.5395507812,
        "median": 31.785074234,
        "min": 9.71374320984,
        "var": 80.8937911987
    },
    "hfc": {
        "dmean": 6.0094628334,
        "dmean2": 9.12012958527,
        "dvar": 90.6243057251,
        "dvar2": 203.015655518,
        "max": 134.816360474,
        "mean": 25.5345344543,
        "median": 21.08710289,
        "min": 2.60792589188,
        "var": 300.993041992
    },
    "melbands_crest": {
        "dmean": 2.38512945175,
        "dmean2": 4.03735780716,
        "dvar": 5.7059135437,
        "dvar2": 15.8148937225,
        "max": 23.6360759735,
        "mean": 8.91410541534,
        "median": 8.28702640533,
        "min": 3.50667047501,
        "var": 9.61750125885
    },
    "melbands_flatness_db": {
        "dmean": 0.0151516869664,
        "dmean2": 0.024507176131,
        "dvar": 0.000226863761782,
        "dvar2": 0.0006187101244,
        "max": 0.227290168405,
        "mean": 0.114200882614,
        "median": 0.112862542272,
        "min": 0.0405227132142,
        "var": 0.000826430157758
    },
    "melbands_kurtosis": {
        "dmean": 1.47217226028,
        "dmean2": 2.4928290844,
        "dvar": 7.82298278809,
        "dvar2": 22.4850082397,
        "max": 40.6742210388,
        "mean": 1.83151483536,
        "median": 0.987332344055,
        "min": -1.47245454788,
        "var": 9.81840133667
    },
    "melbands_skewness": {
        "dmean": 0.366425931454,
        "dmean2": 0.602765262127,
        "dvar": 0.192139148712,
        "dvar2": 0.509792327881,
        "max": 5.92643260956,
        "mean": 1.30889320374,
        "median": 1.23864412308,
        "min": -0.474073022604,
        "var": 0.524019956589
    },
    "melbands_spread": {
        "dmean": 8.45242023468,
        "dmean2": 13.7805099487,
        "dvar": 69.9558410645,
        "dvar2": 180.16897583,
        "max": 136.354125977,
        "mean": 47.1133880615,
        "median": 45.4494934082,
        "min": 10.8277654648,
        "var": 223.226852417
    },
    "pitch_salience": {
        "dmean": 0.0495443791151,
        "dmean2": 0.0825638994575,
        "dvar": 0.0020317165181,
        "dvar2": 0.00544604565948,
        "max": 0.81475174427,
        "mean": 0.654788017273,
        "median": 0.664107263088,
        "min": 0.405611217022,
        "var": 0.00497272843495
    },
    "silence_rate_20dB": {
        "dmean": 0,
        "dmean2": 0,
        "dvar": 0,
        "dvar2": 0,
        "max": 1,
        "mean": 1,
        "median": 1,
        "min": 1,
        "var": 0
    },
    "silence_rate_30dB": {
        "dmean": 0,
        "dmean2": 0,
        "dvar": 0,
        "dvar2": 0,
        "max": 1,
        "mean": 1,
        "median": 1,
        "min": 1,
        "var": 0
    },
    "silence_rate_60dB": {
        "dmean": 0,
        "dmean2": 0,
        "dvar": 0,
        "dvar2": 0,
        "max": 0,
        "mean": 0,
        "median": 0,
        "min": 0,
        "var": 0
    },
    "spectral_centroid": {
        "dmean": 200.329803467,
        "dmean2": 320.536804199,
        "dvar": 34516.7539062,
        "dvar2": 83178.203125,
        "max": 3674.67822266,
        "mean": 2141.74291992,
        "median": 2142.5246582,
        "min": 942.856018066,
        "var": 158836.359375
    },
    "spectral_complexity": {
        "dmean": 3.76238393784,
        "dmean2": 5.95197534561,
        "dvar": 11.0526790619,
        "dvar2": 25.2896614075,
        "max": 58,
        "mean": 32.3480262756,
        "median": 33,
        "min": 8,
        "var": 117.810783386
    },
    "spectral_decrease": {
        "dmean": 1.05961373009e-09,
        "dmean2": 1.72477232496e-09,
        "dvar": 2.41748869334e-18,
        "dvar2": 6.12349234328e-18,
        "max": -8.41313740896e-10,
        "mean": -3.95161414701e-09,
        "median": -3.37196603972e-09,
        "min": -1.58792516913e-08,
        "var": 5.22566512974e-18
    },
    "spectral_energy": {
        "dmean": 0.00444325944409,
        "dmean2": 0.00716305430979,
        "dvar": 4.19095304096e-05,
        "dvar2": 0.00010421530169,
        "max": 0.0693300366402,
        "mean": 0.0172303598374,
        "median": 0.0147576322779,
        "min": 0.00343051040545,
        "var": 0.00010008366371
    },
    "spectral_energyband_high": {
        "dmean": 0.000451517553302,
        "dmean2": 0.000704166246578,
        "dvar": 9.07044295673e-07,
        "dvar2": 2.05061496672e-06,
        "max": 0.0141534041613,
        "mean": 0.00129977229517,
        "median": 0.000837138446514,
        "min": 2.54037004197e-05,
        "var": 1.92457491721e-06
    },
    "spectral_energyband_low": {
        "dmean": 0.00129589589778,
        "dmean2": 0.00228493707255,
        "dvar": 1.46279189721e-05,
        "dvar2": 4.14994465245e-05,
        "max": 0.0345313064754,
        "mean": 0.00247197435237,
        "median": 0.00181741570123,
        "min": 0.000169846840436,
        "var": 1.02686062746e-05
    },
    "spectral_energyband_middle_high": {
        "dmean": 0.00220479397103,
        "dmean2": 0.00336266402155,
        "dvar": 1.15125276352e-05,
        "dvar2": 2.5795208785e-05,
        "max": 0.0475274138153,
        "mean": 0.00794974062592,
        "median": 0.0061511634849,
        "min": 0.000495017739013,
        "var": 3.9114322135e-05
    },
    "spectral_energyband_middle_low": {
        "dmean": 0.00226770457812,
        "dmean2": 0.00374964158982,
        "dvar": 9.50514186115e-06,
        "dvar2": 2.50880038948e-05,
        "max": 0.02998425439,
        "mean": 0.0062402994372,
        "median": 0.00488900532946,
        "min": 0.000816259591375,
        "var": 1.67369234987e-05
    },
    "spectral_entropy": {
        "dmean": 0.0706470385194,
        "dmean2": 0.111346125603,
        "dvar": 0.00401556305587,
        "dvar2": 0.00924549251795,
        "max": 8.42442131042,
        "mean": 7.87725353241,
        "median": 7.8859834671,
        "min": 7.29314184189,
        "var": 0.0237080808729
    },
    "spectral_flux": {
        "dmean": 0.0139231355861,
        "dmean2": 0.0218654815108,
        "dvar": 0.000333185802447,
        "dvar2": 0.000661337864585,
        "max": 0.206094816327,
        "mean": 0.072753354907,
        "median": 0.0675093457103,
        "min": 0.0200799349695,
        "var": 0.00103653036058
    },
    "spectral_kurtosis": {
        "dmean": 1.17869615555,
        "dmean2": 2.01146960258,
        "dvar": 1.23234558105,
        "dvar2": 3.64415788651,
        "max": 10.5068292618,
        "mean": 3.9025850296,
        "median": 3.74539232254,
        "min": 0.174815654755,
        "var": 2.53948259354
    },
    "spectral_rms": {
        "dmean": 0.000483726878883,
        "dmean2": 0.000772601633798,
        "dvar": 3.69585421822e-07,
        "dvar2": 8.92051559731e-07,
        "max": 0.00822429731488,
        "mean": 0.00394247099757,
        "median": 0.00379442889243,
        "min": 0.00182943686377,
        "var": 1.26705424464e-06
    },
    "spectral_rolloff": {
        "dmean": 399.563842773,
        "dmean2": 660.724975586,
        "dvar": 238616.09375,
        "dvar2": 561324.125,
        "max": 7859.61914062,
        "mean": 2756.64819336,
        "median": 2670.1171875,
        "min": 193.798828125,
        "var": 671287.5625
    },
    "spectral_skewness": {
        "dmean": 0.199858978391,
        "dmean2": 0.324973553419,
        "dvar": 0.0340189933777,
        "dvar2": 0.0849030017853,
        "max": 2.54593420029,
        "mean": 1.25512444973,
        "median": 1.27550458908,
        "min": 0.0170088969171,
        "var": 0.112155035138
    },
    "spectral_spread": {
        "dmean": 386488.46875,
        "dmean2": 603213.5625,
        "dvar": 182713303040,
        "dvar2": 401616011264,
        "max": 8486376,
        "mean": 3875591.75,
        "median": 3722860,
        "min": 2222915.5,
        "var": 854021111808
    },
    "spectral_strongpeak": {
        "dmean": 0.606262922287,
        "dmean2": 1.02942371368,
        "dvar": 0.863304615021,
        "dvar2": 2.2076022625,
        "max": 9.31564807892,
        "mean": 1.01677846909,
        "median": 0.421760112047,
        "min": 0.0306547898799,
        "var": 1.48104298115
    },
    "zerocrossingrate": {
        "dmean": 0.00856495182961,
        "dmean2": 0.0109808435664,
        "dvar": 6.29220012343e-05,
        "dvar2": 9.46281288634e-05,
        "max": 0.20703125,
        "mean": 0.0961151272058,
        "median": 0.09326171875,
        "min": 0.0439453125,
        "var": 0.000443117605755
    },
    "barkbands": {
        "dmean": [4.58952308691e-05, 0.000795239466242, 0.000458400085336, 0.000452159438282, 0.000678000214975, 0.000624928972684, 0.000271248660283, 0.000513254606631, 0.00075167248724, 0.000637245888356, 0.00024861091515, 0.000563982874155, 0.000383376027457, 0.000663654995151, 0.000430805521319, 0.000263468828052, 0.000447318569059, 0.000378340744646, 0.000248457217822, 0.000274316174909, 0.000196653432795, 8.7741020252e-05, 5.69763906242e-05, 4.07258303312e-05, 3.50557747879e-05, 3.1258285162e-05, 5.44430145411e-09],
        "dmean2": [7.84807416494e-05, 0.00143905181903, 0.000780048896559, 0.000786558492109, 0.00113950984087, 0.00103846890852, 0.000456452311482, 0.00085117132403, 0.00123899243772, 0.00102760444861, 0.000406010483857, 0.000891777628567, 0.000645929016173, 0.00111976661719, 0.000685346429236, 0.00044287572382, 0.000731213833205, 0.000627763336524, 0.000411130808061, 0.000441036419943, 0.000313086638926, 0.000140321397339, 9.13651965675e-05, 6.37753182673e-05, 5.48006646568e-05, 5.03020382894e-05, 9.91348425572e-09],
        "dvar": [9.97137838965e-09, 7.64500964578e-06, 1.07966502583e-06, 5.1554076208e-07, 5.74066802983e-07, 2.00204499379e-06, 4.2854466642e-07, 1.402302928e-06, 2.59485000242e-06, 1.72633701823e-06, 2.57817504234e-07, 1.13215003239e-06, 4.66127886511e-07, 1.76264654783e-06, 1.0659215377e-06, 1.71626126644e-07, 5.46666115042e-07, 2.54308389458e-07, 6.0355819187e-07, 5.26021040059e-07, 2.43125299448e-07, 2.45573108515e-08, 1.93909084345e-08, 8.27796853287e-09, 4.36077307597e-09, 2.19557150238e-09, 1.14133772115e-15],
        "dvar2": [2.49972540445e-08, 2.17610777327e-05, 3.0913261071e-06, 1.48387459831e-06, 1.49381855863e-06, 5.24101596966e-06, 1.21797495467e-06, 3.77705441679e-06, 6.62331876811e-06, 4.4286789489e-06, 7.06199955403e-07, 2.45717365033e-06, 1.16747071388e-06, 4.12198050981e-06, 2.60793171947e-06, 4.97324833759e-07, 1.54066890445e-06, 6.71455040901e-07, 1.52347217863e-06, 1.33927107981e-06, 5.80602318223e-07, 5.93705919982e-08, 4.79185935376e-08, 1.79055010818e-08, 9.0823375487e-09, 5.13151388049e-09, 2.79477059815e-15],
        "max": [0.00103282160126, 0.0250124353915, 0.0116189569235, 0.00672368705273, 0.00749752484262, 0.0159242786467, 0.00999677460641, 0.0216845721006, 0.0162847340107, 0.0218435097486, 0.0118484934792, 0.0189740173519, 0.00948964059353, 0.0164730977267, 0.0175188165158, 0.00513963866979, 0.0165091846138, 0.00607413426042, 0.0217315163463, 0.0130779538304, 0.00982975307852, 0.00202506058849, 0.00269253342412, 0.00269677932374, 0.00134200311732, 0.000585401023272, 5.73128886572e-07],
        "mean": [7.83130744821e-05, 0.000999512383714, 0.000957637443207, 0.000835842452943, 0.00154914008453, 0.000974564638454, 0.000353443087079, 0.000804623879958, 0.0011211016681, 0.00108970387373, 0.000432343833381, 0.000986081315205, 0.000631463888567, 0.00111927057151, 0.000751349318307, 0.000549738295376, 0.00106138421688, 0.000877392536495, 0.000549154356122, 0.000540885317605, 0.000439784955233, 0.000190544975339, 0.000132181245135, 8.86062625796e-05, 7.11610337021e-05, 4.5150925871e-05, 3.50358697609e-09],
        "median": [5.87166068726e-05, 0.000571228505578, 0.00074817345012, 0.000617450394202, 0.00131481140852, 0.000565022754017, 0.00015493608953, 0.000325254513882, 0.000319378712447, 0.000580997264478, 0.000271013210295, 0.0004486173857, 0.000314183969749, 0.000520324101672, 0.000317223835737, 0.000380029407097, 0.000848890573252, 0.000659679586533, 0.000397291703848, 0.000312000192935, 0.000259377615293, 0.000117470408441, 7.12905166438e-05, 5.11972248205e-05, 3.68569744751e-05, 2.4641300115e-05, 2.74953643187e-10],
        "min": [8.58070234244e-06, 3.07484356199e-06, 3.30347902491e-05, 1.52143747982e-05, 9.68708263827e-05, 2.82155378954e-05, 8.19252363726e-06, 9.91000888462e-06, 6.50305946692e-06, 1.67553625943e-05, 1.2395196336e-06, 1.03651991594e-05, 4.47541151516e-06, 7.02473334968e-06, 2.57779865933e-05, 5.32576405021e-06, 4.83102412545e-05, 2.67157502094e-05, 1.96790970222e-05, 1.7554993974e-05, 6.31128568784e-06, 3.72842396246e-06, 1.19747801364e-06, 1.71814971139e-08, 1.44206133146e-10, 2.33352105e-11, 1.20185207272e-11],
        "var": [8.83546036334e-09, 4.86173667014e-06, 9.49805610162e-07, 5.34638786576e-07, 9.67185656009e-07, 2.23648112296e-06, 4.30702073118e-07, 2.59474563791e-06, 4.65038283437e-06, 2.83445342575e-06, 3.19658369108e-07, 2.74484909824e-06, 8.73998885709e-07, 3.07356822304e-06, 1.70122416421e-06, 3.24590047285e-07, 9.77541958491e-07, 5.61185004244e-07, 6.44251883841e-07, 7.31239993002e-07, 3.65374546618e-07, 4.73230983289e-08, 3.85007155046e-08, 2.16661053543e-08, 1.094158808e-08, 3.50546613959e-09, 7.45807163162e-16]
    },
    "erbbands": {
        "dmean": [0.0210177749395, 0.187886610627, 0.485156983137, 1.02288210392, 1.95857751369, 2.41546678543, 3.46841073036, 5.77823638916, 4.88023900986, 3.51924443245, 14.8757286072, 15.3254737854, 22.5896987915, 13.6927890778, 11.3130159378, 23.5503025055, 13.9013671875, 32.2160377502, 24.3072891235, 16.5730266571, 14.518037796, 24.1444396973, 19.1291255951, 16.3444213867, 10.1619729996, 13.8717498779, 11.0132360458, 5.11848211288, 3.49102091789, 2.07022094727, 1.66043782234, 1.04281485081, 0.613791525364, 0.404371291399, 0.289284855127, 0.153652429581, 0.0589187964797, 0.00619330443442, 0.000105428945972, 8.5868214228e-06],
        "dmean2": [0.0376574844122, 0.342711478472, 0.852922081947, 1.73158979416, 3.27912020683, 4.06991243362, 5.62463235855, 9.61096382141, 8.46922397614, 5.84352064133, 24.7570457458, 25.4051780701, 35.7599258423, 22.2759990692, 18.1741390228, 37.0275917053, 23.25415802, 53.539806366, 38.2203559875, 26.6009578705, 24.1389389038, 39.2732887268, 31.8964557648, 26.3521556854, 17.1510562897, 22.6014270782, 17.7314605713, 8.20012664795, 5.58337926865, 3.30932021141, 2.66059136391, 1.6378133297, 0.977833986282, 0.649113953114, 0.458197057247, 0.244263663888, 0.0973907038569, 0.0106646614149, 0.000178071073606, 1.34773426907e-05],
        "dvar": [0.00541262654588, 0.416407346725, 1.67744076252, 2.30254507065, 7.64660358429, 8.11891937256, 28.8574581146, 247.157852173, 165.030990601, 50.7410812378, 1151.24938965, 1144.59814453, 2677.23510742, 943.429016113, 534.926086426, 2146.78955078, 505.678924561, 3865.94116211, 2266.63330078, 1570.20446777, 438.352081299, 1425.71765137, 601.199157715, 1565.70031738, 734.901245117, 1743.68481445, 900.175598145, 89.8480453491, 43.7965087891, 14.060631752, 17.6478004456, 5.29594039917, 1.60328269005, 0.740617871284, 0.272506356239, 0.053570613265, 0.00753693515435, 7.93931249063e-05, 2.24839329377e-08, 1.10789426244e-10],
        "dvar2": [0.0150169087574, 1.20101213455, 4.84633588791, 6.43427848816, 20.5520896912, 21.9308757782, 68.3737030029, 650.98425293, 473.306945801, 128.52835083, 3159.22460938, 3018.48071289, 6498.74658203, 2632.74169922, 1344.71374512, 4799.23681641, 1196.47570801, 9285.92675781, 5083.98583984, 3714.9140625, 1295.59924316, 3891.69824219, 1527.26501465, 4054.33105469, 1847.92175293, 4566.84423828, 2207.48510742, 203.675704956, 106.925872803, 33.7287406921, 44.2742004395, 12.299952507, 3.1374797821, 1.67608606815, 0.585519254208, 0.124410748482, 0.0173829253763, 0.000200790018425, 5.56394681439e-08, 2.5695126582e-10],
        "max": [0.709680974483, 6.25318193436, 13.3958511353, 19.1057262421, 26.6839103699, 38.0578956604, 100.33820343, 190.74760437, 230.149353027, 134.240280151, 574.182250977, 471.859039307, 870.61541748, 511.740997314, 484.751495361, 953.026000977, 336.631439209, 785.42956543, 813.229248047, 642.986816406, 339.453399658, 795.357788086, 294.560119629, 1069.02514648, 527.245666504, 760.013916016, 566.193847656, 141.482925415, 90.8310470581, 57.6883239746, 95.0172653198, 63.8465042114, 39.3436355591, 21.7290096283, 10.4071578979, 2.76274657249, 0.966529071331, 0.0721864551306, 0.00124821392819, 0.000106189982034],
        "mean": [0.0237822216004, 0.248948454857, 0.918628692627, 2.35048818588, 4.29895162582, 4.76131486893, 6.57229042053, 7.81317424774, 6.49948501587, 5.99040412903, 22.7433681488, 24.1139125824, 39.3114776611, 24.0163936615, 22.4989871979, 42.0069274902, 27.076423645, 58.8057975769, 44.8352394104, 32.3824691772, 36.8339271545, 59.694152832, 48.6269378662, 38.995223999, 22.4039669037, 26.130531311, 24.4462089539, 11.9126033783, 7.39153718948, 4.8820066452, 3.73254871368, 2.19710826874, 1.27826416492, 0.781202375889, 0.532074809074, 0.240262910724, 0.0744424238801, 0.00646605715156, 0.000134776244522, 2.95070312859e-05],
        "median": [0.0127976713702, 0.143489971757, 0.605054438114, 1.90881538391, 3.38669013977, 4.04686450958, 4.60527467728, 3.74032950401, 2.82549667358, 3.55417513847, 8.30975151062, 8.801820755, 21.6678981781, 12.3138198853, 14.3219213486, 20.3100223541, 15.2633924484, 27.3502235413, 21.1285972595, 16.4247894287, 28.2499217987, 48.8085784912, 39.7020187378, 28.3231067657, 16.2042121887, 14.7771902084, 14.56062603, 7.01043796539, 4.39195775986, 2.9601559639, 1.94837391376, 1.22377109528, 0.708198070526, 0.371986269951, 0.267159879208, 0.12747579813, 0.0363883264363, 0.00292954966426, 7.42950069252e-05, 2.57534557022e-05],
        "min": [0.000349010166246, 0.0030944168102, 0.0500097610056, 0.0871010273695, 0.133633345366, 0.25378164649, 0.209572345018, 0.270123630762, 0.248259693384, 0.102494105697, 0.324226528406, 0.234764441848, 0.587106645107, 0.694388926029, 0.251325756311, 0.54793715477, 0.37077960372, 0.670282959938, 1.07185578346, 1.06148254871, 1.42463946342, 2.83241319656, 2.15421843529, 1.36393535137, 0.678409159184, 0.775103807449, 0.369674414396, 0.229303464293, 0.146845847368, 0.0878750830889, 0.0193866230547, 0.00337635492906, 0.00360288028605, 0.000465140532469, 3.08819289785e-05, 8.03604598332e-06, 3.72073259314e-06, 9.78100842985e-07, 3.19061268783e-06, 5.01866816194e-06],
        "var": [0.00354707217775, 0.260690867901, 1.34530079365, 2.80404090881, 11.2950305939, 11.8246183395, 56.1247024536, 257.074279785, 159.338638306, 85.0727996826, 1971.18847656, 2018.31494141, 3929.90600586, 1881.91650391, 875.822509766, 4996.30859375, 1119.52392578, 8055.32958984, 4342.46923828, 2892.79345703, 1053.56054688, 2717.04418945, 1460.94836426, 1981.11193848, 850.922851562, 2036.78417969, 1225.16259766, 208.622528076, 76.9965438843, 32.8054733276, 34.9313812256, 12.6429920197, 4.64450120926, 1.71946489811, 0.575564563274, 0.100265599787, 0.010747701861, 9.0239533165e-05, 2.78283067701e-08, 2.66954458539e-10]
    },
    "gfcc": {
        "mean": [29.1295852661, 70.6181335449, -141.798233032, 39.2897071838, -53.3115272522, 12.9337005615, -39.7727813721, 11.2949285507, -34.1329650879, -0.43516767025, -25.1837863922, 1.49716591835, -13.8114061356],
        "cov": [[1084.29980469, -337.551269531, -102.557701111, 1.41994714737, -107.206039429, 125.001853943, 37.1774482727, -8.11382198334, 45.1886062622, 105.644699097, 19.5862064362, 12.30818367, -73.3720932007], [-337.551269531, 450.372192383, -241.879379272, 78.3252944946, 18.1780357361, -104.994522095, 115.826263428, -79.5266952515, 99.8750457764, -74.7232818604, 43.6515541077, -58.9168319702, 45.0337753296], [-102.557701111, -241.879379272, 500.578613281, -87.1634674072, 71.876335144, 21.5225868225, -158.995834351, 126.845420837, -113.915390015, 84.247215271, -53.1845932007, 92.5146636963, -29.295463562], [1.41994714737, 78.3252944946, -87.1634674072, 232.891693115, -47.7379837036, 15.3358411789, 7.78164148331, -25.8260059357, 81.9437179565, -26.1773509979, 59.0702209473, -39.5187530518, 61.2847709656], [-107.206039429, 18.1780357361, 71.876335144, -47.7379837036, 163.962982178, -20.9981632233, 8.37933063507, 19.593580246, -43.5008392334, 21.7236099243, -22.2375392914, 36.8994483948, -13.917924881], [125.001853943, -104.994522095, 21.5225868225, 15.3358411789, -20.9981632233, 135.157546997, -6.53603172302, 24.742855072, -26.8493728638, -8.77601528168, 23.2880325317, -12.1332883835, 2.19373822212], [37.1774482727, 115.826263428, -158.995834351, 7.78164148331, 8.37933063507, -6.53603172302, 149.536087036, -44.2963638306, 50.3554229736, -29.2069740295, 5.96368217468, -13.2673501968, -16.6661109924], [-8.11382198334, -79.5266952515, 126.845420837, -25.8260059357, 19.593580246, 24.742855072, -44.2963638306, 101.892623901, -28.4654541016, 23.5090961456, -20.1469554901, 10.7494106293, -1.00970590115], [45.1886062622, 99.8750457764, -113.915390015, 81.9437179565, -43.5008392334, -26.8493728638, 50.3554229736, -28.4654541016, 135.841323853, -1.30359315872, 21.1238536835, -35.3913803101, -5.18531513214], [105.644699097, -74.7232818604, 84.247215271, -26.1773509979, 21.7236099243, -8.77601528168, -29.2069740295, 23.5090961456, -1.30359315872, 90.2128295898, -3.72641468048, 30.9014854431, -23.1669368744], [19.5862064362, 43.6515541077, -53.1845932007, 59.0702209473, -22.2375392914, 23.2880325317, 5.96368217468, -20.1469554901, 21.1238536835, -3.72641468048, 69.2995529175, -5.04289484024, 21.2817993164], [12.30818367, -58.9168319702, 92.5146636963, -39.5187530518, 36.8994483948, -12.1332883835, -13.2673501968, 10.7494106293, -35.3913803101, 30.9014854431, -5.04289484024, 76.3590087891, -4.65341329575], [-73.3720932007, 45.0337753296, -29.295463562, 61.2847709656, -13.917924881, 2.19373822212, -16.6661109924, -1.00970590115, -5.18531513214, -23.1669368744, 21.2817993164, -4.65341329575, 78.0345001221]],
        "icov": [[0.00229718536139, 0.00213275989518, 0.00152181577869, -0.000274404475931, 0.000820682151243, -0.000907250621822, -0.000932422233745, 7.2402845035e-06, -0.00056726654293, -0.00259814434685, -0.000228229706408, -0.000585552479606, 0.000907059176825], [0.00213275989518, 0.00898021459579, 0.000866630347446, 0.00108778197318, -0.00190956762526, 0.00503249885514, -0.00454998761415, 0.000766879471485, -0.00302556785755, 0.00108803075273, -0.00593861192465, 0.00449584517628, -0.00314033334143], [0.00152181577869, 0.000866630347446, 0.00746711296961, -0.00162325578276, 6.47189954179e-05, -0.00178335758392, 0.00441785436124, -0.00428414344788, 0.00128581083845, -0.00284373038448, 0.00289452611469, -0.00622354261577, 0.00403931131586], [-0.000274404475931, 0.00108778197318, -0.00162325578276, 0.0096519626677, -0.00103520380799, 1.50021178342e-05, -0.00029557524249, 0.00169747695327, -0.0062502506189, 0.00176321750041, -0.00532341934741, 0.00363721931353, -0.00752474367619], [0.000820682151243, -0.00190956762526, 6.47189954179e-05, -0.00103520380799, 0.00947373732924, -0.000797828368377, -0.00166415760759, -0.00135223637335, 0.0037294041831, -0.00346142239869, 0.00266213482246, -0.00357625447214, 0.0023310687393], [-0.000907250621822, 0.00503249885514, -0.00178335758392, 1.50021178342e-05, -0.000797828368377, 0.0157254096121, -0.00472159218043, -0.00269892159849, 0.00252422876656, 0.00458576297387, -0.00976809952408, 0.00722261192277, -0.0014424478868], [-0.000932422233745, -0.00454998761415, 0.00441785436124, -0.00029557524249, -0.00166415760759, -0.00472159218043, 0.0160527471453, -0.000166778656421, -0.002380335005, 0.00246667396277, 0.00496879965067, -0.00742663769051, 0.00567812658846], [7.2402845035e-06, 0.000766879471485, -0.00428414344788, 0.00169747695327, -0.00135223637335, -0.00269892159849, -0.000166778656421, 0.0168363787234, -0.00203147297725, -0.00173733721022, 0.00234092772007, 0.0041328840889, -0.00440303701907], [-0.00056726654293, -0.00302556785755, 0.00128581083845, -0.0062502506189, 0.0037294041831, 0.00252422876656, -0.002380335005, -0.00203147297725, 0.0172458272427, -0.00440549477935, 0.00102979340591, 0.00166490441188, 0.00632009748369], [-0.00259814434685, 0.00108803075273, -0.00284373038448, 0.00176321750041, -0.00346142239869, 0.00458576297387, 0.00246667396277, -0.00173733721022, -0.00440549477935, 0.0216843746603, -0.00517572509125, -0.00236779358238, 0.00165017740801], [-0.000228229706408, -0.00593861192465, 0.00289452611469, -0.00532341934741, 0.00266213482246, -0.00976809952408, 0.00496879965067, 0.00234092772007, 0.00102979340591, -0.00517572509125, 0.0279424097389, -0.00865123700351, 0.000716340378858], [-0.000585552479606, 0.00449584517628, -0.00622354261577, 0.00363721931353, -0.00357625447214, 0.00722261192277, -0.00742663769051, 0.0041328840889, 0.00166490441188, -0.00236779358238, -0.00865123700351, 0.0278001185507, -0.00728673441336], [0.000907059176825, -0.00314033334143, 0.00403931131586, -0.00752474367619, 0.0023310687393, -0.0014424478868, 0.00567812658846, -0.00440303701907, 0.00632009748369, 0.00165017740801, 0.000716340378858, -0.00728673441336, 0.024798033759]]
    },
    "melbands": {
        "dmean": [0.000205409785849, 0.000247516320087, 0.000194013875443, 0.000149165993207, 0.000115954513603, 0.000126363127492, 6.99861047906e-05, 4.48496793979e-05, 0.000131161723402, 9.97067982098e-05, 0.000113098947622, 5.76456332055e-05, 3.57232747774e-05, 6.54080140521e-05, 4.15688373323e-05, 4.3768552132e-05, 6.48054265184e-05, 4.36243390141e-05, 3.20935760101e-05, 1.88556932699e-05, 2.03961972147e-05, 2.8181970265e-05, 2.16498701775e-05, 1.89584698091e-05, 1.4420827938e-05, 8.63708373799e-06, 8.00812904345e-06, 1.0254987501e-05, 8.46225884743e-06, 4.93814604852e-06, 2.78996571978e-06, 2.23471715799e-06, 1.65744006608e-06, 1.13060252716e-06, 1.15389320854e-06, 8.77830075297e-07, 6.34355501461e-07, 4.47372372037e-07, 4.84519659949e-07, 3.74484244503e-07],
        "dmean2": [0.000369055836927, 0.000441779062385, 0.00032915425254, 0.000250289216638, 0.000190400416614, 0.000209957011975, 0.000120984303067, 7.38869857742e-05, 0.000218176734052, 0.000164336583111, 0.000178922826308, 9.42723272601e-05, 5.77523533138e-05, 0.000102340367448, 6.82840836816e-05, 7.30174942873e-05, 0.000108546460979, 6.9240348239e-05, 5.08938064741e-05, 3.12352058245e-05, 3.40193328157e-05, 4.61143972643e-05, 3.61328529834e-05, 3.12453266815e-05, 2.34547660511e-05, 1.45406820593e-05, 1.34249085022e-05, 1.69052946148e-05, 1.3880698134e-05, 7.82822280598e-06, 4.57432724943e-06, 3.58852435056e-06, 2.65064204541e-06, 1.86132012914e-06, 1.86079660125e-06, 1.41928637731e-06, 1.01266221009e-06, 7.24626602278e-07, 7.63943319271e-07, 6.00332441536e-07],
        "dvar": [5.18457909493e-07, 5.63336698178e-07, 8.31589161976e-08, 3.117449765e-08, 2.5517595148e-08, 1.06227304286e-07, 3.09828109835e-08, 1.01519272988e-08, 8.89760229938e-08, 4.70569858635e-08, 6.62570158738e-08, 1.77196231022e-08, 5.75829695038e-09, 1.6148884896e-08, 7.97599764013e-09, 5.71272940064e-09, 1.72249023933e-08, 7.28359950131e-09, 8.27500556966e-09, 1.25866583822e-09, 8.99571916957e-10, 2.66723709785e-09, 8.2439827187e-10, 6.53187615107e-10, 1.34623057146e-09, 6.07044747802e-10, 4.81411077669e-10, 8.30109148087e-10, 5.96270199882e-10, 1.07229773672e-10, 2.37821377175e-11, 1.85837751437e-11, 7.22111476517e-12, 5.40651421202e-12, 8.62832635201e-12, 4.05830534109e-12, 1.57667910845e-12, 8.09944721968e-13, 1.10847008655e-12, 6.16720433402e-13],
        "dvar2": [1.45916442307e-06, 1.63192987657e-06, 2.31497836012e-07, 8.19110894668e-08, 6.21989215688e-08, 2.81108498257e-07, 8.87983517828e-08, 2.54549377132e-08, 2.44240055736e-07, 1.23359669146e-07, 1.60969023e-07, 4.90478768711e-08, 1.53869912367e-08, 3.31535225939e-08, 2.01877785599e-08, 1.47203609302e-08, 4.12441565345e-08, 1.62053677144e-08, 2.06370884825e-08, 3.21856785668e-09, 2.5475386245e-09, 7.1709944649e-09, 2.03297312318e-09, 1.65784275197e-09, 3.56634011212e-09, 1.40021205741e-09, 1.34370892191e-09, 2.0958457192e-09, 1.54459856017e-09, 2.36948322074e-10, 5.87172255262e-11, 4.70700319e-11, 1.70896751611e-11, 1.35026052839e-11, 2.21385305921e-11, 9.69233894532e-12, 3.74421110436e-12, 1.41939433297e-12, 2.84847492815e-12, 1.38364038109e-12],
        "max": [0.00648597674444, 0.00733673805371, 0.00330382445827, 0.00181232427713, 0.00277594593354, 0.00377923808992, 0.00304822996259, 0.00267789885402, 0.00486468151212, 0.00259918533266, 0.00431021256372, 0.00220699608326, 0.00180776929483, 0.00226939911954, 0.00107631145511, 0.00106027442962, 0.00176770961843, 0.00127094297204, 0.00186500535347, 0.000491182901897, 0.000487656740006, 0.00113349757157, 0.000524624425452, 0.00034546572715, 0.000981285818852, 0.000668629945721, 0.00036236923188, 0.000482848292449, 0.000495058775414, 0.000151950924192, 5.83356486459e-05, 5.78571889491e-05, 3.37131787091e-05, 4.55297922599e-05, 6.13633164903e-05, 4.84573065478e-05, 3.2404641388e-05, 2.73537916655e-05, 2.1406716769e-05, 1.867611536e-05],
        "mean": [0.000252595636994, 0.00044227601029, 0.000458407972474, 0.000330993701937, 0.000225896714255, 0.000177340582013, 9.42615442909e-05, 7.64285869082e-05, 0.000195777698536, 0.000155468878802, 0.000193239815417, 9.44030834944e-05, 6.63113751216e-05, 0.000115938040835, 6.84897750034e-05, 7.38259768696e-05, 0.000112713700219, 7.35062276362e-05, 5.36209117854e-05, 3.57261669706e-05, 4.54930705018e-05, 6.3275838329e-05, 4.97450491821e-05, 4.21174190706e-05, 3.0954801332e-05, 1.75809927896e-05, 1.44027599163e-05, 1.8090760932e-05, 1.7097185264e-05, 1.02640469777e-05, 5.6856260926e-06, 4.22732318839e-06, 3.39235066349e-06, 2.43705289904e-06, 2.34470508076e-06, 1.65405481312e-06, 1.19929836728e-06, 8.77758850493e-07, 7.82380368491e-07, 6.22780589765e-07],
        "median": [0.000144663237734, 0.000298368948279, 0.000391358043998, 0.000282276188955, 0.000168097234564, 8.90717856237e-05, 4.19806528953e-05, 4.20851065428e-05, 6.86320272507e-05, 5.15879473824e-05, 0.000103987113107, 4.27715203841e-05, 4.19738535129e-05, 5.27158372279e-05, 3.54086187144e-05, 3.69823501387e-05, 5.09525925736e-05, 3.45670705428e-05, 2.17102606257e-05, 2.17319466174e-05, 3.46046072082e-05, 5.01089743921e-05, 4.03762787755e-05, 3.13311393256e-05, 2.19100093091e-05, 1.24938433146e-05, 8.74451325217e-06, 9.6409685284e-06, 1.04151067717e-05, 5.83151540923e-06, 3.23397671309e-06, 2.4113244308e-06, 2.0044037683e-06, 1.40949077831e-06, 1.14775752991e-06, 8.10776327853e-07, 6.83188545736e-07, 5.07442905473e-07, 3.31177830049e-07, 2.73309467502e-07],
        "min": [3.44274576491e-06, 1.46941220009e-05, 1.85034386959e-05, 1.88677804545e-05, 1.02139520095e-05, 5.14926659889e-06, 3.41464874509e-06, 1.38621771839e-06, 1.98700263354e-06, 1.42816622883e-06, 2.56361045103e-06, 2.25571625379e-06, 4.5678231686e-07, 1.11963834115e-06, 1.38801806315e-06, 4.83123756112e-07, 6.40956784537e-07, 1.17314084491e-06, 1.78039454113e-06, 6.79530614889e-07, 1.40598024245e-06, 2.36655091612e-06, 1.89172908449e-06, 1.22329595342e-06, 1.06476431938e-06, 4.02696372248e-07, 3.71729413473e-07, 4.01249309334e-07, 2.67241091478e-07, 1.26861564809e-07, 8.49875902986e-08, 7.28566647012e-08, 3.76253090906e-08, 4.25552144634e-08, 1.21507977013e-08, 1.68074576479e-09, 2.08231432097e-10, 1.15133527712e-10, 1.69897568236e-11, 3.63187480307e-13],
