{
"highlevel": {
    "danceability": {
        "all": {
            "danceable": 0.0440636873245,
            "not_danceable": 0.955936312675
        },
        "probability": 0.955936312675,
        "value": "not_danceable"
    },
    "gender": {
        "all": {
            "female": 0.411131232977,
            "male": 0.588868796825
        },
        "probability": 0.588868796825,
        "value": "male"
    },
    "genre_dortmund": {
        "all": {
            "alternative": 0.310749828815,
            "blues": 0.171966940165,
            "electronic": 0.0422310195863,
            "folkcountry": 0.0997118353844,
            "funksoulrnb": 0.0047852974385,
            "jazz": 0.0278402157128,
            "pop": 0.0430415198207,
            "raphiphop": 0.00332389539108,
            "rock": 0.296349465847
        },
        "probability": 0.310749828815,
        "value": "alternative"
    },
    "genre_electronic": {
        "all": {
            "ambient": 0.721956312656,
            "dnb": 0.0887962207198,
            "house": 0.108288019896,
            "techno": 0.0121345045045,
            "trance": 0.0688249319792
        },
        "probability": 0.721956312656,
        "value": "ambient"
    },
    "genre_rosamerica": {
        "all": {
            "cla": 0.0662395060062,
            "dan": 0.0137846246362,
            "hip": 0.00954794418067,
            "jaz": 0.00992886908352,
            "pop": 0.110719494522,
            "rhy": 0.0195790175349,
            "roc": 0.763976752758,
            "spe": 0.006223811768
        },
        "probability": 0.763976752758,
        "value": "roc"
    },
    "genre_tzanetakis": {
        "all": {
            "blu": 0.0605947114527,
            "cla": 0.0336185060441,
            "cou": 0.0604953318834,
            "dis": 0.0432080328465,
            "hip": 0.151251330972,
            "jaz": 0.302768677473,
            "met": 0.0605500563979,
            "pop": 0.0756688639522,
            "reg": 0.0605276376009,
            "roc": 0.151316866279
        },
        "probability": 0.302768677473,
        "value": "jaz"
    },
    "ismir04_rhythm": {
        "all": {
            "ChaChaCha": 0.0838002189994,
            "Jive": 0.0527911633253,
            "Quickstep": 0.00486511690542,
            "Rumba-American": 0.00292963441461,
            "Rumba-International": 0.00498875370249,
            "Rumba-Misc": 0.00136463751551,
            "Samba": 0.022998355329,
            "Tango": 0.761026799679,
            "VienneseWaltz": 0.0622727461159,
            "Waltz": 0.00296257412992
        },
        "probability": 0.761026799679,
        "value": "Tango"
    },
    "mood_acoustic": {
        "all": {
            "acoustic": 0.00897821504623,
            "not_acoustic": 0.991021811962
        },
        "probability": 0.991021811962,
        "value": "not_acoustic"
    },
    "mood_aggressive": {
        "all": {
            "aggressive": 0.864980399609,
            "not_aggressive": 0.135019600391
        },
        "probability": 0.864980399609,
        "value": "aggressive"
    },
    "mood_electronic": {
        "all": {
            "electronic": 0.130037605762,
            "not_electronic": 0.869962394238
        },
        "probability": 0.869962394238,
        "value": "not_electronic"
    },
    "mood_happy": {
        "all": {
            "happy": 0.773104846478,
            "not_happy": 0.226895168424
        },
        "probability": 0.773104846478,
        "value": "happy"
    },
    "mood_party": {
        "all": {
            "not_party": 0.577669143677,
            "party": 0.422330886126
        },
        "probability": 0.577669143677,
        "value": "not_party"
    },
    "mood_relaxed": {
        "all": {
            "not_relaxed": 0.965873241425,
            "relaxed": 0.034126766026
        },
        "probability": 0.965873241425,
        "value": "not_relaxed"
    },
    "mood_sad": {
        "all": {
            "not_sad": 0.582080125809,
            "sad": 0.417919903994
        },
        "probability": 0.582080125809,
        "value": "not_sad"
    },
    "moods_mirex": {
        "all": {
            "Cluster1": 0.214351892471,
            "Cluster2": 0.166366860271,
            "Cluster3": 0.410813897848,
            "Cluster4": 0.11913266778,
            "Cluster5": 0.0893346816301
        },
        "probability": 0.410813897848,
        "value": "Cluster3"
    },
    "timbre": {
        "all": {
            "bright": 0.94249433279,
            "dark": 0.0575056485832
        },
        "probability": 0.94249433279,
        "value": "bright"
    },
    "tonal_atonal": {
        "all": {
            "atonal": 0.0600454956293,
            "tonal": 0.939954519272
        },
        "probability": 0.939954519272,
        "value": "tonal"
    },
    "voice_instrumental": {
        "all": {
            "instrumental": 0.518810689449,
            "voice": 0.481189310551
        },
        "probability": 0.518810689449,
        "value": "instrumental"
    }
},
"lowlevel": {
    "average_loudness": 0.975853323936,
    "barkbands_crest": {
        "dmean": 2.0396425724,
        "dmean2": 3.28472423553,
        "dvar": 5.35711669922,
        "dvar2": 13.7382469177,
        "max": 19.6913909912,
        "mean": 7.98278808594,
        "median": 7.35198402405,
        "min": 2.81900405884,
        "var": 9.02638244629
    },
    "barkbands_flatness_db": {
        "dmean": 0.0186881218106,
        "dmean2": 0.0281854365021,
        "dvar": 0.000294553028652,
        "dvar2": 0.000650871894322,
        "max": 0.269799292088,
        "mean": 0.146953523159,
        "median": 0.144826874137,
        "min": 0.0623601786792,
        "var": 0.00127861427609
    },
    "barkbands_kurtosis": {
        "dmean": 1.1504201889,
        "dmean2": 1.83116424084,
        "dvar": 3.98841023445,
        "dvar2": 9.05995750427,
        "max": 30.8026046753,
        "mean": 0.397222548723,
        "median": -0.610190153122,
        "min": -1.87811648846,
        "var": 8.66807556152
    },
    "barkbands_skewness": {
        "dmean": 0.43701633811,
        "dmean2": 0.668878018856,
        "dvar": 0.229740440845,
        "dvar2": 0.493405610323,
        "max": 4.71725130081,
        "mean": 0.747552335262,
        "median": 0.668420493603,
        "min": -2.20770382881,
        "var": 0.880613803864
    },
    "barkbands_spread": {
        "dmean": 4.68708229065,
        "dmean2": 7.08838748932,
        "dvar": 27.350938797,
        "dvar2": 62.1925354004,
        "max": 96.3734893799,
        "mean": 27.4453582764,
        "median": 26.6538391113,
        "min": 3.79714632034,
        "var": 110.979278564
    },
    "dissonance": {
        "dmean": 0.0119826048613,
        "dmean2": 0.0201539192349,
        "dvar": 0.000138841205626,
        "dvar2": 0.000376747717382,
        "max": 0.499999672174,
        "mean": 0.476090371609,
        "median": 0.479461610317,
        "min": 0.37071081996,
        "var": 0.000248788070166
    },
    "dynamic_complexity": 1.72482645512,
    "erbbands_crest": {
        "dmean": 2.45392990112,
        "dmean2": 3.83036112785,
        "dvar": 5.81828165054,
        "dvar2": 13.9650583267,
        "max": 28.1420211792,
        "mean": 9.05868148804,
        "median": 7.9777007103,
        "min": 2.82911705971,
        "var": 17.4374046326
    },
    "erbbands_flatness_db": {
        "dmean": 0.021495314315,
        "dmean2": 0.0293561015278,
        "dvar": 0.000510273908731,
        "dvar2": 0.0008861979004,
        "max": 0.353666245937,
        "mean": 0.180520832539,
        "median": 0.181625336409,
        "min": 0.0642797574401,
        "var": 0.00240158080123
    },
    "erbbands_kurtosis": {
        "dmean": 0.899292469025,
        "dmean2": 1.38280344009,
        "dvar": 1.47662055492,
        "dvar2": 3.39097189903,
        "max": 19.4116249084,
        "mean": 0.749063551426,
        "median": 0.261299848557,
        "min": -1.56846141815,
        "var": 4.0474729538
    },
    "erbbands_skewness": {
        "dmean": 0.307268351316,
        "dmean2": 0.472933620214,
        "dvar": 0.0849694833159,
        "dvar2": 0.203089475632,
        "max": 1.56539463997,
        "mean": -0.644466102123,
        "median": -0.626958549023,
        "min": -3.40234851837,
        "var": 0.324538081884
    },
    "erbbands_spread": {
        "dmean": 6.99170827866,
        "dmean2": 10.6305379868,
        "dvar": 62.9248847961,
        "dvar2": 145.68182373,
        "max": 94.9476699829,
        "mean": 31.2659187317,
        "median": 29.372089386,
        "min": 4.5291595459,
        "var": 178.394256592
    },
    "hfc": {
        "dmean": 8.02478122711,
        "dmean2": 11.6684360504,
        "dvar": 173.953521729,
        "dvar2": 378.91897583,
        "max": 204.44241333,
        "mean": 24.5608482361,
        "median": 19.7066822052,
        "min": 0.689565598965,
        "var": 355.475280762
    },
    "melbands_crest": {
        "dmean": 2.98221182823,
        "dmean2": 4.78770923615,
        "dvar": 10.3834905624,
        "dvar2": 25.2233638763,
        "max": 29.6419563293,
        "mean": 12.7679815292,
        "median": 12.1801080704,
        "min": 4.3350481987,
        "var": 20.3791275024
    },
    "melbands_flatness_db": {
        "dmean": 0.0224790405482,
        "dmean2": 0.0332180969417,
        "dvar": 0.000472762680147,
        "dvar2": 0.0010743746534,
        "max": 0.351794362068,
        "mean": 0.182778611779,
        "median": 0.18046477437,
        "min": 0.0419658347964,
        "var": 0.00228716339916
    },
    "melbands_kurtosis": {
        "dmean": 3.64892578125,
        "dmean2": 5.86159133911,
        "dvar": 42.9414367676,
        "dvar2": 106.970687866,
        "max": 64.0848083496,
        "mean": 5.17162179947,
        "median": 2.36692094803,
        "min": -1.6730581522,
        "var": 73.8520812988
    },
    "melbands_skewness": {
        "dmean": 0.611313819885,
        "dmean2": 0.938633739948,
        "dvar": 0.530540466309,
        "dvar2": 1.22445034981,
        "max": 7.24952983856,
        "mean": 1.8863658905,
        "median": 1.78362119198,
        "min": -1.53480219841,
        "var": 1.68309545517
    },
    "melbands_spread": {
        "dmean": 7.6467256546,
        "dmean2": 11.9532842636,
        "dvar": 63.2189598083,
        "dvar2": 144.706893921,
        "max": 78.950302124,
        "mean": 33.997303009,
        "median": 33.3087882996,
        "min": 2.82405018806,
        "var": 223.822799683
    },
    "pitch_salience": {
        "dmean": 0.0682827532291,
        "dmean2": 0.110282666981,
        "dvar": 0.00475303875282,
        "dvar2": 0.0131675563753,
        "max": 0.817540943623,
        "mean": 0.539112985134,
        "median": 0.537051856518,
        "min": 0.224252015352,
        "var": 0.00924974773079
    },
    "silence_rate_20dB": {
        "dmean": 0,
        "dmean2": 0,
        "dvar": 0,
        "dvar2": 0,
        "max": 1,
        "mean": 1,
        "median": 1,
        "min": 1,
        "var": 0
    },
    "silence_rate_30dB": {
        "dmean": 0.0232198145241,
        "dmean2": 0.0464756004512,
        "dvar": 0.0226809307933,
        "dvar2": 0.0582575798035,
        "max": 1,
        "mean": 0.983758687973,
        "median": 1,
        "min": 0,
        "var": 0.0159775111824
    },
    "silence_rate_60dB": {
        "dmean": 0.0108359130099,
        "dmean2": 0.0216886140406,
        "dvar": 0.0107183940709,
        "dvar2": 0.0289636924863,
        "max": 1,
        "mean": 0.0123743228614,
        "median": 0,
        "min": 0,
        "var": 0.0122213158756
    },
    "spectral_centroid": {
        "dmean": 228.343505859,
        "dmean2": 356.477752686,
        "dvar": 54576.453125,
        "dvar2": 130007.445312,
        "max": 3663.31274414,
        "mean": 1673.70898438,
        "median": 1697.11315918,
        "min": 352.388427734,
        "var": 224232.953125
    },
    "spectral_complexity": {
        "dmean": 4.11068105698,
        "dmean2": 6.02788543701,
        "dvar": 16.03191185,
        "dvar2": 29.4229431152,
        "max": 53,
        "mean": 23.0920333862,
        "median": 22,
        "min": 2,
        "var": 61.4757003784
    },
    "spectral_decrease": {
        "dmean": 2.79422507354e-09,
        "dmean2": 4.47542003457e-09,
        "dvar": 3.97026146859e-17,
        "dvar2": 9.83486844858e-17,
        "max": -1.85842896627e-10,
        "mean": -6.71838673583e-09,
        "median": -5.16691178731e-09,
        "min": -6.545971587e-08,
        "var": 4.13827905636e-17
    },
    "spectral_energy": {
        "dmean": 0.0111542604864,
        "dmean2": 0.0177109781653,
        "dvar": 0.000610576069448,
        "dvar2": 0.0015019812854,
        "max": 0.257875233889,
        "mean": 0.0275845061988,
        "median": 0.0215453226119,
        "min": 0.000763958843891,
        "var": 0.000653532508295
    },
    "spectral_energyband_high": {
        "dmean": 0.000428241532063,
        "dmean2": 0.000640836195089,
        "dvar": 9.47665512285e-07,
        "dvar2": 2.08963660953e-06,
        "max": 0.0171948075294,
        "mean": 0.000694892311003,
        "median": 0.000279420055449,
        "min": 3.07159098156e-06,
        "var": 1.80033964625e-06
    },
    "spectral_energyband_low": {
        "dmean": 0.00557662639767,
        "dmean2": 0.00919151399285,
        "dvar": 0.000176047280547,
        "dvar2": 0.000457150948932,
        "max": 0.11183103174,
        "mean": 0.00918735284358,
        "median": 0.00638351775706,
        "min": 1.6573483208e-06,
        "var": 0.000166793455719
    },
    "spectral_energyband_middle_high": {
        "dmean": 0.00207522511482,
        "dmean2": 0.00305037898943,
        "dvar": 5.51789253223e-06,
        "dvar2": 1.13726864583e-05,
        "max": 0.0299072358757,
        "mean": 0.0080895787105,
        "median": 0.0073560308665,
        "min": 0.000242723224801,
        "var": 2.09659974644e-05
    },
    "spectral_energyband_middle_low": {
        "dmean": 0.00685994932428,
        "dmean2": 0.0114299347624,
        "dvar": 0.000395295064664,
        "dvar2": 0.00102834252175,
        "max": 0.221500575542,
        "mean": 0.0119312368333,
        "median": 0.00728597817943,
        "min": 0.000128214916913,
        "var": 0.000346589426044
    },
    "spectral_entropy": {
        "dmean": 0.165349051356,
        "dmean2": 0.22027990222,
        "dvar": 0.025540266186,
        "dvar2": 0.0432272776961,
        "max": 8.36475563049,
        "mean": 7.42990875244,
        "median": 7.41594648361,
        "min": 6.42981433868,
        "var": 0.107926405966
    },
    "spectral_flux": {
        "dmean": 0.0296438205987,
        "dmean2": 0.0445047095418,
        "dvar": 0.00165270781144,
        "dvar2": 0.0031956625171,
        "max": 0.427778214216,
        "mean": 0.0830940008163,
        "median": 0.0685715451837,
        "min": 0.0143979657441,
        "var": 0.00312882848084
    },
    "spectral_kurtosis": {
        "dmean": 2.48918175697,
        "dmean2": 4.30044603348,
        "dvar": 5.62339258194,
        "dvar2": 17.7836303711,
        "max": 29.0542106628,
        "mean": 5.80947971344,
        "median": 5.34016609192,
        "min": 0.575984477997,
        "var": 8.61131191254
    },
    "spectral_rms": {
        "dmean": 0.00085790338926,
        "dmean2": 0.00128600932658,
        "dvar": 1.96276391762e-06,
        "dvar2": 4.32727665611e-06,
        "max": 0.0158614497632,
        "mean": 0.00484994286671,
        "median": 0.00458473851904,
        "min": 0.000863322464284,
        "var": 3.3897774756e-06
    },
    "spectral_rolloff": {
        "dmean": 414.180236816,
        "dmean2": 688.328491211,
        "dvar": 418516.21875,
        "dvar2": 976313.1875,
        "max": 9280.81054688,
        "mean": 1957.58544922,
        "median": 2067.1875,
        "min": 150.732421875,
        "var": 978573.75
    },
    "spectral_skewness": {
        "dmean": 0.287428915501,
        "dmean2": 0.481808960438,
        "dvar": 0.0638044476509,
        "dvar2": 0.185838147998,
        "max": 3.40476632118,
        "mean": 1.45758187771,
        "median": 1.45871138573,
        "min": 0.494628101587,
        "var": 0.124340415001
    },
    "spectral_spread": {
        "dmean": 617769.375,
        "dmean2": 859769.4375,
        "dvar": 707420749824,
        "dvar2": 1.34948519936e+12,
        "max": 14621195,
        "mean": 3401734,
        "median": 2953183.25,
        "min": 1432213.875,
        "var": 1.67789710541e+12
    },
    "spectral_strongpeak": {
        "dmean": 0.678385019302,
        "dmean2": 1.1606900692,
        "dvar": 1.69994115829,
        "dvar2": 3.6899728775,
        "max": 12.6681547165,
        "mean": 1.23181557655,
        "median": 0.562232255936,
        "min": 0.0209786109626,
        "var": 3.22583293915
    },
    "zerocrossingrate": {
        "dmean": 0.00858838390559,
        "dmean2": 0.010236130096,
        "dvar": 8.5175721324e-05,
        "dvar2": 0.000113129157398,
        "max": 0.21630859375,
        "mean": 0.0665939375758,
        "median": 0.06494140625,
        "min": 0.01416015625,
        "var": 0.00070265022805
    },
    "barkbands": {
        "dmean": [1.83389111044e-05, 0.0025642530527, 0.00180561747402, 0.00405958481133, 0.00233775866218, 0.00108151696622, 0.000468394660857, 0.000182150790351, 0.000312641321216, 0.00015456492838, 0.000186088669579, 0.000483045965666, 0.000550794589799, 0.000440124014858, 0.000408477004385, 0.000902719621081, 0.000499746995047, 0.000271245633485, 0.000211601014598, 0.000138970819535, 9.20682068681e-05, 6.50296278764e-05, 5.21928232047e-05, 5.48515163246e-05, 9.89117252175e-05, 8.05524905445e-05, 1.57044333093e-08],
        "dmean2": [2.93613957183e-05, 0.00440708966926, 0.00293246400543, 0.00691132666543, 0.00396246276796, 0.00177304213867, 0.0007540868246, 0.00029493495822, 0.00047430745326, 0.000246938579949, 0.000288272683974, 0.000764762284234, 0.000861138803884, 0.000682738842443, 0.000637236167677, 0.00136259291321, 0.000785928918049, 0.000426307611633, 0.000333064992446, 0.000220916655962, 0.000141945041833, 9.34114141273e-05, 7.71385603002e-05, 8.72922391864e-05, 0.000161498479429, 0.000134517162223, 2.82221268577e-08],
        "dvar": [2.67298516654e-09, 8.52338780533e-05, 1.53614819283e-05, 0.000225231298828, 3.15000543196e-05, 4.70183658763e-06, 8.571315675e-07, 1.08072448768e-07, 4.36052602026e-07, 1.18329587906e-07, 1.24782573607e-07, 5.70449287807e-07, 5.14629675763e-07, 3.63989045127e-07, 5.34596779289e-07, 1.94791982722e-06, 4.84698489345e-07, 1.18464932086e-07, 8.85656845639e-08, 2.81019669757e-08, 3.5453357583e-08, 2.46430680306e-08, 2.23245315567e-08, 2.42740370027e-08, 7.85257014968e-08, 5.54436709876e-08, 5.53400166946e-14],
        "dvar2": [6.33198249389e-09, 0.000225994517677, 3.95757087972e-05, 0.000619053549599, 8.54009049363e-05, 1.29215604829e-05, 2.35397419601e-06, 2.70559610271e-07, 1.10798293917e-06, 2.9983755212e-07, 2.71121905371e-07, 1.37066808747e-06, 1.17064143978e-06, 8.32106934467e-07, 1.15013267532e-06, 3.83753513233e-06, 1.02251226508e-06, 2.81907460931e-07, 2.16350713345e-07, 6.45988293968e-08, 7.58030651582e-08, 4.93181495642e-08, 5.07659443372e-08, 6.21667979317e-08, 1.92014994127e-07, 1.45706280819e-07, 1.51041600559e-13],
        "max": [0.000951650785282, 0.0983116105199, 0.0478846058249, 0.161281183362, 0.0575044602156, 0.0230638068169, 0.0142435971648, 0.00626661675051, 0.0104537438601, 0.00566140003502, 0.00840554200113, 0.0114213088527, 0.00871209707111, 0.00728173647076, 0.00963078346103, 0.0204487331212, 0.0117595838383, 0.00420418474823, 0.00388191849925, 0.00245205801912, 0.00298917829059, 0.00314565002918, 0.00293998187408, 0.00275534484535, 0.00605960423127, 0.00323091307655, 5.60141916139e-06],
        "mean": [2.36093383137e-05, 0.00353909656405, 0.00333734112792, 0.00488060666248, 0.00330197042786, 0.00191514450125, 0.00083253608318, 0.00034195263288, 0.000596755824517, 0.000259734399151, 0.000315093580866, 0.000943944323808, 0.00117878406309, 0.000783316383604, 0.000794964260422, 0.00169874622952, 0.00104326207656, 0.000534967926797, 0.000389505119529, 0.000300506537315, 0.000166877172887, 9.97371607809e-05, 6.81842648191e-05, 6.46636326564e-05, 0.000103228579974, 6.99702286511e-05, 9.76273994979e-09],
        "median": [4.9512887017e-06, 0.00144397723489, 0.00162439467385, 0.00180175714195, 0.00167314801365, 0.00101448979694, 0.000332390423864, 0.000153759174282, 0.000309596129227, 0.000117904070066, 0.000135131122079, 0.000523644732311, 0.000752520922106, 0.00049856887199, 0.000438455055701, 0.00101764674764, 0.000675908231642, 0.000378583848942, 0.00027857592795, 0.000221477952437, 9.12186733331e-05, 2.31552876357e-05, 1.29169629872e-05, 9.35685875447e-06, 7.32108992452e-06, 3.15745410262e-06, 3.92841037478e-10],
        "min": [5.132168579e-10, 7.53138280629e-08, 1.71759438672e-07, 5.08446692038e-06, 7.10065251042e-06, 9.3552052931e-06, 1.818621854e-06, 1.69650400039e-06, 1.06268305444e-06, 4.0537923951e-07, 9.20983097785e-07, 3.8271559788e-06, 8.61429816723e-06, 1.09524735308e-05, 1.22807869047e-05, 9.11951246962e-06, 1.13236474135e-05, 6.53002825857e-06, 4.93158859172e-06, 3.65521123058e-06, 5.79821460178e-07, 1.47247504856e-07, 1.30120383801e-07, 5.14631146586e-08, 2.48172882245e-09, 8.35491814621e-11, 1.86577663042e-11],
        "var": [3.77006559305e-09, 6.732478505e-05, 2.19142220885e-05, 0.000160507581313, 2.95572172035e-05, 6.26792052572e-06, 1.82318888164e-06, 3.64648087725e-07, 7.9080479054e-07, 1.74500300432e-07, 2.91938306418e-07, 1.31904982936e-06, 1.60800868798e-06, 7.60672946853e-07, 1.12005147912e-06, 5.4717547755e-06, 1.56686542141e-06, 2.92973709293e-07, 1.66072695151e-07, 8.16327769826e-08, 6.54765770491e-08, 6.24417424433e-08, 3.3147763645e-08, 3.19289732431e-08, 1.21342097259e-07, 4.94225531611e-08, 3.18892488642e-14]
    },
    "erbbands": {
        "dmean": [0.0395563542843, 0.69029635191, 2.01665759087, 7.70268678665, 12.6056413651, 6.217710495, 6.80564308167, 9.8085565567, 7.47825050354, 5.1210103035, 4.28595781326, 6.13163471222, 6.09853172302, 6.01564693451, 9.06837177277, 19.3956565857, 22.9432106018, 24.0748786926, 18.1042957306, 24.7386798859, 54.1083755493, 22.2766838074, 13.7703428268, 13.0551347733, 6.5088186264, 7.08577823639, 3.77045083046, 3.44961714745, 2.47859573364, 1.81464278698, 1.50061070919, 1.19368040562, 0.891088604927, 0.828207075596, 0.909729599953, 0.378492206335, 0.157875999808, 0.0128196869045, 0.000240600493271, 2.31985832215e-05],
        "dmean2": [0.0677989646792, 1.18813478947, 3.31964635849, 13.0601358414, 21.2466049194, 10.7484474182, 11.1323661804, 16.188331604, 12.0225419998, 8.28987979889, 6.92327594757, 9.72240543365, 9.05929851532, 9.53293418884, 13.8903179169, 30.7916316986, 35.4214019775, 37.3912620544, 27.2541370392, 38.2217674255, 81.8839035034, 34.6610183716, 21.1183834076, 20.4946613312, 10.1909627914, 11.2077560425, 5.84005117416, 5.19451093674, 3.62422418594, 2.65565443039, 2.22938847542, 1.91506910324, 1.423178792, 1.34355139732, 1.49153363705, 0.63180154562, 0.268035829067, 0.0217973738909, 0.000404486781918, 3.65779778804e-05],
        "dvar": [0.0212072115391, 5.93314218521, 21.8624210358, 677.813903809, 1573.96179199, 185.218093872, 248.188323975, 357.820831299, 184.530685425, 128.053207397, 56.4807090759, 186.976531982, 154.337417603, 158.400131226, 235.747650146, 1034.22143555, 999.715942383, 1089.76879883, 863.467895508, 1754.30151367, 8366.52734375, 885.213134766, 305.890563965, 295.598937988, 64.7515716553, 78.8966445923, 49.1531219482, 56.4395065308, 35.3200874329, 22.7566280365, 19.6321563721, 13.871711731, 5.23908185959, 6.17490911484, 6.44393062592, 1.18948876858, 0.225640103221, 0.00136401609052, 4.67536352744e-07, 2.94909896503e-09],
        "dvar2": [0.0544582568109, 15.7973556519, 56.8243141174, 1838.1505127, 4243.91308594, 519.934204102, 664.140075684, 973.25, 500.257263184, 317.525299072, 139.892456055, 525.838317871, 347.64654541, 410.913208008, 525.174133301, 2561.40478516, 2419.18481445, 2429.88989258, 1885.57861328, 4199.56542969, 16499.2207031, 1888.84277344, 643.637268066, 719.247070312, 148.178939819, 190.413452148, 115.971992493, 114.719741821, 73.2071685791, 50.0897750854, 44.3083496094, 36.8781814575, 12.5695104599, 15.1254043579, 16.0001945496, 3.07818961143, 0.594533979893, 0.00358373345807, 1.22418430237e-06, 7.28253057858e-09],
        "max": [1.50743067265, 25.5159473419, 43.9897842407, 271.29095459, 428.016204834, 109.209472656, 167.754302979, 201.293991089, 198.090927124, 190.328475952, 168.734420776, 255.666534424, 212.010284424, 230.029907227, 326.772644043, 433.225036621, 444.434844971, 400.229644775, 493.039550781, 790.797607422, 1391.9251709, 570.49432373, 281.201416016, 206.471694946, 94.6498947144, 146.807357788, 118.961952209, 159.720932007, 121.202186584, 89.3735198975, 85.9078521729, 72.0605773926, 32.073764801, 57.0062103271, 49.8150215149, 15.9739809036, 7.07993745804, 0.366373091936, 0.00696928752586, 0.000666772772092],
        "mean": [0.0520754680037, 0.978196263313, 3.56467485428, 10.7726192474, 15.7993898392, 8.57321929932, 11.3221969604, 16.8383846283, 13.4738721848, 9.4167766571, 8.47249126434, 11.4383468628, 11.8061885834, 11.8981733322, 18.3848266602, 41.29454422, 52.9434280396, 47.3304328918, 37.4592514038, 51.183216095, 108.92048645, 52.6532592773, 31.5641441345, 26.7338256836, 14.9021987915, 15.2264223099, 7.52178049088, 5.85462141037, 3.79226636887, 2.58233737946, 1.92487621307, 1.38256537914, 1.03872704506, 0.895029067993, 0.883362054825, 0.334478914738, 0.137475386262, 0.0105309681967, 0.000216086365981, 4.38449460489e-05],
        "median": [0.0226569939405, 0.436439424753, 2.05897784233, 4.91013431549, 6.4152135849, 4.45369243622, 5.06883192062, 8.61282634735, 6.38895702362, 4.45571565628, 4.27208948135, 6.3343834877, 6.16039848328, 6.55212926865, 11.7940664291, 24.9796447754, 34.4325790405, 31.5843391418, 24.6029624939, 34.0744819641, 65.2713241577, 37.4383850098, 22.850402832, 20.4728794098, 11.2392997742, 10.8033790588, 5.01461029053, 2.57877755165, 1.03361618519, 0.50049507618, 0.297776192427, 0.23065340519, 0.112257443368, 0.0765059664845, 0.0538688004017, 0.0180179383606, 0.00504684448242, 0.000310084404191, 2.17515153054e-05, 2.95363061014e-05],
        "min": [2.29132206186e-06, 2.20843594434e-05, 0.000284336099867, 0.00959817599505, 0.0275451336056, 0.00983657129109, 0.0286532975733, 0.192577853799, 0.149654403329, 0.0878005474806, 0.0706167519093, 0.0837558880448, 0.231419399381, 0.14654622972, 0.330660074949, 0.33392265439, 0.439907550812, 0.97470831871, 0.963056981564, 0.480692356825, 1.28877699375, 0.897385656834, 0.527096450329, 0.456963419914, 0.196672931314, 0.185601964593, 0.0542767755687, 0.0186243299395, 0.0057455515489, 0.00547318160534, 0.00251770834439, 0.00167880579829, 0.000452331325505, 0.00017303491768, 5.34965365659e-05, 2.24544146477e-05, 4.57986607216e-06, 4.33994614468e-07, 4.80213486753e-07, 9.35997377383e-07],
        "var": [0.0170496087521, 4.69365739822, 24.9134540558, 515.406311035, 1299.21008301, 157.053756714, 301.436126709, 552.765625, 436.755889893, 253.56729126, 214.666442871, 246.672302246, 314.153930664, 289.565429688, 564.731018066, 2466.13427734, 3184.30737305, 2441.85913086, 1928.09265137, 3115.91064453, 23689.4726562, 3179.29638672, 953.44934082, 638.363220215, 164.111618042, 244.36366272, 74.3927383423, 131.017089844, 84.3349380493, 42.9820251465, 30.2292366028, 15.8114271164, 7.72751188278, 10.1540517807, 8.65409851074, 1.09586763382, 0.214500173926, 0.00111301755533, 4.02285252221e-07, 3.08670400351e-09]
    },
    "gfcc": {
        "mean": [7.1732134819, 99.6023712158, -146.790206909, 38.1643180847, -36.3069458008, 5.24657726288, -46.6568946838, 1.04797887802, -32.45054245, 2.11439037323, -18.1805782318, -2.42763853073, -11.2664823532],
        "cov": [[2689.74584961, -986.329711914, 1078.21350098, 90.3565292358, -87.1843338013, 413.920318604, -191.296829224, 268.764526367, -168.10647583, 127.854499817, -289.158508301, 157.070632935, -223.487182617], [-986.329711914, 1343.40234375, -350.628326416, 245.32749939, 300.398742676, -165.127593994, 296.61151123, -148.341598511, 180.21697998, -127.797828674, 238.058288574, -172.483428955, 185.439758301], [1078.21350098, -350.628326416, 966.894165039, 167.069473267, 37.2402954102, 318.136657715, -45.406665802, 201.103363037, -47.5095558167, 100.166412354, -120.392738342, 102.760848999, -121.943885803], [90.3565292358, 245.32749939, 167.069473267, 323.085998535, 171.711044312, 92.2980575562, 104.572090149, 23.3047046661, 78.8643569946, -6.41892814636, 52.086391449, -34.8370933533, 28.7115898132], [-87.1843338013, 300.398742676, 37.2402954102, 171.711044312, 294.257019043, 50.4011573792, 123.195007324, -1.15016591549, 45.6416549683, 14.3312120438, 66.7222137451, -9.10153388977, 29.1537647247], [413.920318604, -165.127593994, 318.136657715, 92.2980575562, 50.4011573792, 209.295715332, 19.4421291351, 89.6003494263, -1.56229937077, 45.1168556213, -29.0296001434, 40.3721008301, -41.3519477844], [-191.296829224, 296.61151123, -45.406665802, 104.572090149, 123.195007324, 19.4421291351, 168.319076538, -9.28612422943, 57.88621521, -4.2848777771, 64.0050735474, -30.5512733459, 31.8263168335], [268.764526367, -148.341598511, 201.103363037, 23.3047046661, -1.15016591549, 89.6003494263, -9.28612422943, 132.72694397, 4.50155735016, 40.7507514954, -35.9600563049, 33.2356834412, -20.9504985809], [-168.10647583, 180.21697998, -47.5095558167, 78.8643569946, 45.6416549683, -1.56229937077, 57.88621521, 4.50155735016, 111.475631714, 5.03788137436, 43.657699585, -25.4871749878, 30.8122348785], [127.854499817, -127.797828674, 100.166412354, -6.41892814636, 14.3312120438, 45.1168556213, -4.2848777771, 40.7507514954, 5.03788137436, 92.6041641235, 9.56066322327, 41.6950454712, -26.493183136], [-289.158508301, 238.058288574, -120.392738342, 52.086391449, 66.7222137451, -29.0296001434, 64.0050735474, -35.9600563049, 43.657699585, 9.56066322327, 124.652076721, -3.00632691383, 45.993396759], [157.070632935, -172.483428955, 102.760848999, -34.8370933533, -9.10153388977, 40.3721008301, -30.5512733459, 33.2356834412, -25.4871749878, 41.6950454712, -3.00632691383, 96.2300949097, -7.05708742142], [-223.487182617, 185.439758301, -121.943885803, 28.7115898132, 29.1537647247, -41.3519477844, 31.8263168335, -20.9504985809, 30.8122348785, -26.493183136, 45.993396759, -7.05708742142, 101.871315002]],
        "icov": [[0.000938965997193, 9.27547589527e-05, -0.000419019634137, -0.000525960640516, 0.00013403671619, -0.000541994697414, 0.000301096210023, -0.000182903502719, 0.00066790758865, -0.000299270497635, 0.00105596287176, -0.000343996071024, 0.000367252883734], [9.27547589527e-05, 0.00461295712739, -0.00229170243256, 0.00142244785093, -0.00247489358298, 0.00346798729151, -0.00357115105726, 0.00117472105194, -0.00257545546629, 0.00438178610057, -0.00521299336106, 0.00486829085276, -0.00325514306314], [-0.000419019634137, -0.00229170243256, 0.00451176520437, -0.00250578275882, 0.00142027053516, -0.00392784923315, 0.00217754929326, -0.00203460408375, 0.00205204309896, -0.00287637719885, 0.00375810754485, -0.00385068263859, 0.00292760995217], [-0.000525960640516, 0.00142244785093, -0.00250578275882, 0.00853913463652, -0.0036124701146, -0.000182645424502, -0.00161573477089, 0.00103267270606, -0.00446966476738, 0.00384979019873, -0.00450456095859, 0.00484631862491, -0.00274997996166], [0.00013403671619, -0.00247489358298, 0.00142027053516, -0.0036124701146, 0.0077075525187, -0.00230116187595, -0.00116524205077, -0.000129190928419, 0.00275666918606, -0.00384765397757, 0.00250779488124, -0.00352423381992, 0.00150425743777], [-0.000541994697414, 0.00346798729151, -0.00392784923315, -0.000182645424502, -0.00230116187595, 0.0146671691909, -0.00493433652446, -0.00189535145182, -0.00199057883583, 0.00293596112169, -0.00405430141836, 0.00194244529121, -0.00105752795935], [0.000301096210023, -0.00357115105726, 0.00217754929326, -0.00161573477089, -0.00116524205077, -0.00493433652446, 0.0142083941028, -0.00132075720467, -3.65576997865e-05, -0.00279041589238, 0.00140317727346, -0.00145691062789, 0.00239409902133], [-0.000182903502719, 0.00117472105194, -0.00203460408375, 0.00103267270606, -0.000129190928419, -0.00189535145182, -0.00132075720467, 0.0139650441706, -0.00326844491065, -0.00215933518484, 0.00170848437119, 0.000392101268517, -0.00303113646805], [0.00066790758865, -0.00257545546629, 0.00205204309896, -0.00446966476738, 0.00275666918606, -0.00199057883583, -3.65576997865e-05, -0.00326844491065, 0.0165481474251, -0.00600461103022, 0.00208034086972, -0.000246672367211, 8.87674104888e-05], [-0.000299270497635, 0.00438178610057, -0.00287637719885, 0.00384979019873, -0.00384765397757, 0.00293596112169, -0.00279041589238, -0.00215933518484, -0.00600461103022, 0.0228162314743, -0.0102583551779, -0.000585480360314, 0.00190038792789], [0.00105596287176, -0.00521299336106, 0.00375810754485, -0.00450456095859, 0.00250779488124, -0.00405430141836, 0.00140317727346, 0.00170848437119, 0.00208034086972, -0.0102583551779, 0.0229573976249, -0.00914401095361, 0.00082827307051], [-0.000343996071024, 0.00486829085276, -0.00385068263859, 0.00484631862491, -0.00352423381992, 0.00194244529121, -0.00145691062789, 0.000392101268517, -0.000246672367211, -0.000585480360314, -0.00914401095361, 0.0231444146484, -0.00760497851297], [0.000367252883734, -0.00325514306314, 0.00292760995217, -0.00274997996166, 0.00150425743777, -0.00105752795935, 0.00239409902133, -0.00303113646805, 8.87674104888e-05, 0.00190038792789, 0.00082827307051, -0.00760497851297, 0.0181624535471]]
    },
    "melbands": {
        "dmean": [0.00055107998196, 0.00100790942088, 0.00155188236386, 0.00064046960324, 0.000230255944189, 0.000211981474422, 0.00011117291433, 5.01110771438e-05, 3.44468317053e-05, 4.30138825323e-05, 3.09624156216e-05, 2.45375704253e-05, 2.81958145933e-05, 4.99620255141e-05, 5.77185819566e-05, 5.34950631845e-05, 4.52137137472e-05, 3.0887335015e-05, 2.82439887087e-05, 4.87872421218e-05, 6.95920534781e-05, 2.72841407423e-05, 1.55049601744e-05, 1.685240386e-05, 1.16052233352e-05, 6.3336610765e-06, 5.56096529181e-06, 4.91682885695e-06, 2.65498488261e-06, 2.72084116659e-06, 1.89297441011e-06, 1.53432984007e-06, 1.30478701976e-06, 9.68059339357e-07, 1.0016710803e-06, 6.56813654132e-07, 7.8893697264e-07, 6.17458283614e-07, 6.71874602176e-07, 7.11371683337e-07],
        "dmean2": [0.000940348836593, 0.00165821576957, 0.00265938835219, 0.00107234111056, 0.000383264385164, 0.000349614885636, 0.000178876260179, 8.13563456177e-05, 5.54133948754e-05, 6.67043641442e-05, 4.58077520307e-05, 3.8819758629e-05, 4.3046366045e-05, 7.83535069786e-05, 8.98904545465e-05, 8.21182475192e-05, 7.04275880707e-05, 4.67289864901e-05, 4.41096199211e-05, 7.24564742995e-05, 0.000106292201963, 4.3074185669e-05, 2.37288222706e-05, 2.6162049835e-05, 1.83380052476e-05, 9.79170454229e-06, 8.83676329977e-06, 7.88864235801e-06, 4.18254103352e-06, 4.21432878284e-06, 2.88122168968e-06, 2.30773753174e-06, 1.88429987702e-06, 1.47947093865e-06, 1.51542121785e-06, 1.05969422748e-06, 1.27298255848e-06, 9.84794837677e-07, 1.07576795472e-06, 1.16730279842e-06],
        "dvar": [4.10577467846e-06, 7.11435814083e-06, 2.82864111796e-05, 2.67164432444e-06, 2.58111072071e-07, 1.6461552832e-07, 4.01662809679e-08, 1.15961507063e-08, 3.7405949449e-09, 9.43231004413e-09, 3.85545018133e-09, 2.77018208372e-09, 2.8616253811e-09, 5.41352696004e-09, 8.81644712791e-09, 4.68387773012e-09, 3.98005495228e-09, 2.28562346827e-09, 3.1702487302e-09, 4.50688286691e-09, 1.32843007705e-08, 1.39229960894e-09, 5.02470010044e-10, 5.44796929791e-10, 2.69948674525e-10, 7.17153975094e-11, 4.64808747047e-11, 4.08692038545e-11, 1.91004261019e-11, 3.02888894521e-11, 2.02236422053e-11, 1.36335552223e-11, 1.09503031642e-11, 7.01008348591e-12, 8.69905536494e-12, 4.37871223655e-12, 6.62817977587e-12, 2.78044926492e-12, 2.89378286958e-12, 6.04763157955e-12],
        "dvar2": [1.0808150364e-05, 1.85435383173e-05, 7.70869010012e-05, 7.08532115823e-06, 7.04526826212e-07, 4.49031517746e-07, 1.10170553569e-07, 2.88119945679e-08, 9.40234023972e-09, 2.54984691139e-08, 8.63564153519e-09, 7.20685644495e-09, 6.26479979005e-09, 1.25988712796e-08, 2.08591401929e-08, 1.07158983909e-08, 8.97117580223e-09, 5.20780485402e-09, 6.76630573793e-09, 8.86437589998e-09, 2.74465836725e-08, 3.03246960875e-09, 1.09131348403e-09, 1.37217448515e-09, 6.60730359314e-10, 1.66865590789e-10, 1.12496394145e-10, 1.00417035798e-10, 4.53645003506e-11, 7.03514330125e-11, 4.52406202778e-11, 3.02773778271e-11, 2.16239231382e-11, 1.63432566092e-11, 1.93266323084e-11, 1.12605636621e-11, 1.78510383558e-11, 6.89950353794e-12, 6.59003884448e-12, 1.5904501674e-11],
        "max": [0.0212956890464, 0.0246039684862, 0.0579713433981, 0.0175607427955, 0.00553737487644, 0.00395749555901, 0.00255877478048, 0.00178343791049, 0.00126644305419, 0.00178544141818, 0.00105202780105, 0.000961259647738, 0.00134795624763, 0.000723083096091, 0.00164826575201, 0.00100468355231, 0.000810498313513, 0.000752963824198, 0.000822054396849, 0.000941634585615, 0.00160129170399, 0.000524068425875, 0.000400156684918, 0.000285360962152, 0.000209386504139, 0.000114652480988, 8.16011161078e-05, 8.64955291036e-05, 5.79956904403e-05, 9.3597205705e-05, 8.74453835422e-05, 7.37962836865e-05, 6.4213105361e-05, 4.28317798651e-05, 5.32909289177e-05, 3.98191950808e-05, 4.83656658616e-05, 2.84301149804e-05, 3.08579037664e-05, 6.28105262876e-05],
        "mean": [0.000744374643546, 0.00172608706634, 0.00212778965943, 0.000846702547278, 0.000378554599592, 0.000370675435988, 0.000202129216632, 9.26368375076e-05, 6.53434617561e-05, 8.08829645393e-05, 5.85698435316e-05, 4.5646844228e-05, 5.19735040143e-05, 9.9848046375e-05, 0.000118412397569, 0.000112367008114, 8.26661416795e-05, 5.74997211515e-05, 5.4247877415e-05, 9.02428801055e-05, 0.000132882632897, 5.73723846173e-05, 3.02900843963e-05, 3.0486675314e-05, 2.0860841687e-05, 1.21722405311e-05, 1.06609295472e-05, 9.716653949e-06, 4.61054969492e-06, 4.37815197074e-06, 2.89814647658e-06, 2.23867937166e-06, 1.74853471435e-06, 1.31808360493e-06, 1.26704992454e-06, 6.98301846569e-07, 9.16523219985e-07, 7.21804326531e-07, 7.2632769843e-07, 7.29786052034e-07],
        "median": [0.000345354666933, 0.0012117580045, 0.00104782672133, 0.000397606287152, 0.000193003739696, 0.000201915579964, 9.84370271908e-05, 4.32921733591e-05, 3.13337404805e-05, 4.20842516178e-05, 2.98425147776e-05, 2.30508176173e-05, 2.99815437756e-05, 5.32523117727e-05, 6.31581351627e-05, 8.01057176432e-05, 5.25726863998e-05, 3.69869158021e-05, 3.01415220747e-05, 6.10896313447e-05, 7.3723931564e-05, 3.80380988645e-05, 1.87822352018e-05, 1.96108303498e-05, 1.44188234117e-05, 8.22422862257e-06, 7.55709834266e-06, 6.56592510495e-06, 3.00810756926e-06, 2.33648620451e-06, 9.93362959889e-07, 6.14166481228e-07, 3.09745274762e-07, 2.58859557789e-07, 1.83083358252e-07, 1.18067141841e-07, 1.37328797223e-07, 8.22782411092e-08, 6.14593247406e-08, 5.85016763921e-08],
        "min": [1.34514719363e-08, 7.23259034885e-08, 2.94376195598e-06, 1.3829242107e-06, 1.11034796646e-06, 3.17181547871e-06, 1.39168719215e-06, 7.03036050709e-07, 2.34178401115e-07, 1.62161910566e-07, 2.81851839645e-07, 3.8952029513e-07, 2.94494071795e-07, 8.15550265543e-07, 6.8935884201e-07, 7.47517788113e-07, 3.65966798199e-07, 1.34930655804e-06, 8.07395110769e-07, 6.21040726401e-07, 1.34654214889e-06, 8.62362981024e-07, 3.22125316643e-07, 3.74609840037e-07, 2.13465384036e-07, 9.82355246038e-08, 1.48324517113e-07, 1.18649943204e-07, 4.12020284557e-08, 1.6929698532e-08, 7.56578355521e-09, 3.12908743361e-09, 2.64042321341e-09, 2.07915951123e-09, 1.22428367444e-09, 7.29597007809e-11, 8.81601625036e-10, 2.15008927329e-10, 2.00331244649e-12, 2.339156863e-12],
