{
"highlevel": {
    "danceability": {
        "all": {
            "danceable": 0.494012743235,
            "not_danceable": 0.505987226963
        },
        "probability": 0.505987226963,
        "value": "not_danceable"
    },
    "gender": {
        "all": {
            "female": 0.114439204335,
            "male": 0.885560810566
        },
        "probability": 0.885560810566,
        "value": "male"
    },
    "genre_dortmund": {
        "all": {
            "alternative": 0.267117768526,
            "blues": 0.00579094747081,
            "electronic": 0.0494425222278,
            "folkcountry": 0.145542994142,
            "funksoulrnb": 0.00311969406903,
            "jazz": 0.013198425062,
            "pop": 0.0452246554196,
            "raphiphop": 0.00411828467622,
            "rock": 0.466444700956
        },
        "probability": 0.466444700956,
        "value": "rock"
    },
    "genre_electronic": {
        "all": {
            "ambient": 0.405805438757,
            "dnb": 0.09410520643,
            "house": 0.0708850473166,
            "techno": 0.0122035564855,
            "trance": 0.417000770569
        },
        "probability": 0.417000770569,
        "value": "trance"
    },
    "genre_rosamerica": {
        "all": {
            "cla": 0.000630214228295,
            "dan": 0.0327517054975,
            "hip": 0.0023943989072,
            "jaz": 0.00462327152491,
            "pop": 0.789789378643,
            "rhy": 0.00819193199277,
            "roc": 0.161136090755,
            "spe": 0.000483019422973
        },
        "probability": 0.789789378643,
        "value": "pop"
    },
    "genre_tzanetakis": {
        "all": {
            "blu": 0.0626613423228,
            "cla": 0.0348169617355,
            "cou": 0.104475811124,
            "dis": 0.0784321576357,
            "hip": 0.15692435205,
            "jaz": 0.313974827528,
            "met": 0.0448166541755,
            "pop": 0.0627359300852,
            "reg": 0.0627360641956,
            "roc": 0.0784258767962
        },
        "probability": 0.313974827528,
        "value": "jaz"
    },
    "ismir04_rhythm": {
        "all": {
            "ChaChaCha": 0.389483988285,
            "Jive": 0.119332499802,
            "Quickstep": 0.0330391600728,
            "Rumba-American": 0.0415446721017,
            "Rumba-International": 0.0462111532688,
            "Rumba-Misc": 0.0130527345464,
            "Samba": 0.0878424420953,
            "Tango": 0.0995587259531,
            "VienneseWaltz": 0.159959673882,
            "Waltz": 0.00997495464981
        },
        "probability": 0.389483988285,
        "value": "ChaChaCha"
    },
    "mood_acoustic": {
        "all": {
            "acoustic": 0.282337278128,
            "not_acoustic": 0.71766269207
        },
        "probability": 0.71766269207,
        "value": "not_acoustic"
    },
    "mood_aggressive": {
        "all": {
            "aggressive": 0.343939334154,
            "not_aggressive": 0.656060636044
        },
        "probability": 0.656060636044,
        "value": "not_aggressive"
    },
    "mood_electronic": {
        "all": {
            "electronic": 0.859614372253,
            "not_electronic": 0.140385627747
        },
        "probability": 0.859614372253,
        "value": "electronic"
    },
    "mood_happy": {
        "all": {
            "happy": 0.518916070461,
            "not_happy": 0.481083899736
        },
        "probability": 0.518916070461,
        "value": "happy"
    },
    "mood_party": {
        "all": {
            "not_party": 0.820963323116,
            "party": 0.179036691785
        },
        "probability": 0.820963323116,
        "value": "not_party"
    },
    "mood_relaxed": {
        "all": {
            "not_relaxed": 0.55549877882,
            "relaxed": 0.444501250982
        },
        "probability": 0.55549877882,
        "value": "not_relaxed"
    },
    "mood_sad": {
        "all": {
            "not_sad": 0.6464381814,
            "sad": 0.353561848402
        },
        "probability": 0.6464381814,
        "value": "not_sad"
    },
    "moods_mirex": {
        "all": {
            "Cluster1": 0.36992624402,
            "Cluster2": 0.0945235639811,
            "Cluster3": 0.200975164771,
            "Cluster4": 0.125194013119,
            "Cluster5": 0.209380999207
        },
        "probability": 0.36992624402,
        "value": "Cluster1"
    },
    "timbre": {
        "all": {
            "bright": 0.637977182865,
            "dark": 0.362022817135
        },
        "probability": 0.637977182865,
        "value": "bright"
    },
    "tonal_atonal": {
        "all": {
            "atonal": 3.80514138669e-05,
            "tonal": 0.999961972237
        },
        "probability": 0.999961972237,
        "value": "tonal"
    },
    "voice_instrumental": {
        "all": {
            "instrumental": 0.0264690648764,
            "voice": 0.973530948162
        },
        "probability": 0.973530948162,
        "value": "voice"
    }
},
"lowlevel": {
    "average_loudness": 0.976379454136,
    "barkbands_crest": {
        "dmean": 2.93548488617,
        "dmean2": 4.84248352051,
        "dvar": 8.21874427795,
        "dvar2": 19.4154853821,
        "max": 24.9087371826,
        "mean": 8.49193954468,
        "median": 7.3294711113,
        "min": 2.67486286163,
        "var": 15.3381595612
    },
    "barkbands_flatness_db": {
        "dmean": 0.0186654832214,
        "dmean2": 0.0298612490296,
        "dvar": 0.000284151668893,
        "dvar2": 0.000697229115758,
        "max": 0.255106300116,
        "mean": 0.118549689651,
        "median": 0.116211801767,
        "min": 0.0556569620967,
        "var": 0.000735254376195
    },
    "barkbands_kurtosis": {
        "dmean": 2.18649840355,
        "dmean2": 3.55809640884,
        "dvar": 15.450343132,
        "dvar2": 40.9434165955,
        "max": 54.1117210388,
        "mean": 2.85798692703,
        "median": 1.88805007935,
        "min": -1.80619645119,
        "var": 18.5896873474
    },
    "barkbands_skewness": {
        "dmean": 0.462020486593,
        "dmean2": 0.717541098595,
        "dvar": 0.26580029726,
        "dvar2": 0.61186927557,
        "max": 6.72187376022,
        "mean": 1.47032666206,
        "median": 1.40234649181,
        "min": -1.46016871929,
        "var": 0.646613776684
    },
    "barkbands_spread": {
        "dmean": 5.97287273407,
        "dmean2": 9.12234115601,
        "dvar": 33.2315368652,
        "dvar2": 65.4524536133,
        "max": 83.0751266479,
        "mean": 25.0384998322,
        "median": 22.6636924744,
        "min": 4.04225301743,
        "var": 140.470794678
    },
    "dissonance": {
        "dmean": 0.016694014892,
        "dmean2": 0.0279605221003,
        "dvar": 0.000216630127397,
        "dvar2": 0.000592715630773,
        "max": 0.499999880791,
        "mean": 0.466071903706,
        "median": 0.469003468752,
        "min": 0.359205693007,
        "var": 0.000403111596825
    },
    "dynamic_complexity": 1.41106140614,
    "erbbands_crest": {
        "dmean": 2.87754297256,
        "dmean2": 4.73419713974,
        "dvar": 7.58675003052,
        "dvar2": 18.7831344604,
        "max": 27.8045635223,
        "mean": 9.02624702454,
        "median": 7.66085529327,
        "min": 2.66041946411,
        "var": 21.3009986877
    },
    "erbbands_flatness_db": {
        "dmean": 0.016725692898,
        "dmean2": 0.0238489471376,
        "dvar": 0.000209758640267,
        "dvar2": 0.000408080464695,
        "max": 0.237421885133,
        "mean": 0.133886083961,
        "median": 0.13353459537,
        "min": 0.0579808503389,
        "var": 0.000693707086612
    },
    "erbbands_kurtosis": {
        "dmean": 0.725484907627,
        "dmean2": 1.16274416447,
        "dvar": 0.728871226311,
        "dvar2": 1.59137237072,
        "max": 6.85532188416,
        "mean": 0.0732515007257,
        "median": -0.364332199097,
        "min": -1.70649194717,
        "var": 1.78519046307
    },
    "erbbands_skewness": {
        "dmean": 0.339092582464,
        "dmean2": 0.528151512146,
        "dvar": 0.0862337499857,
        "dvar2": 0.193372577429,
        "max": 2.51864933968,
        "mean": 0.60104072094,
        "median": 0.603019118309,
        "min": -1.76120173931,
        "var": 0.382624357939
    },
    "erbbands_spread": {
        "dmean": 8.59606647491,
        "dmean2": 13.1192960739,
        "dvar": 69.7817687988,
        "dvar2": 155.682846069,
        "max": 103.975318909,
        "mean": 43.7596054077,
        "median": 41.6876144409,
        "min": 12.9742069244,
        "var": 217.909240723
    },
    "hfc": {
        "dmean": 9.26504898071,
        "dmean2": 13.1702203751,
        "dvar": 338.58984375,
        "dvar2": 504.624023438,
        "max": 364.182037354,
        "mean": 33.5172042847,
        "median": 26.6801433563,
        "min": 4.83435535431,
        "var": 1028.23547363
    },
    "melbands_crest": {
        "dmean": 3.28131723404,
        "dmean2": 5.3414812088,
        "dvar": 7.77375411987,
        "dvar2": 19.2081813812,
        "max": 24.2703323364,
        "mean": 11.4668273926,
        "median": 10.698802948,
        "min": 3.14349079132,
        "var": 16.7617855072
    },
    "melbands_flatness_db": {
        "dmean": 0.0238659065217,
        "dmean2": 0.0370217859745,
        "dvar": 0.000511140038725,
        "dvar2": 0.00111354573164,
        "max": 0.339255124331,
        "mean": 0.158690229058,
        "median": 0.155855044723,
        "min": 0.0386894419789,
        "var": 0.00182411726564
    },
    "melbands_kurtosis": {
        "dmean": 5.89902877808,
        "dmean2": 9.51471233368,
        "dvar": 144.351730347,
        "dvar2": 368.828491211,
        "max": 136.46572876,
        "mean": 10.2549753189,
        "median": 7.35082530975,
        "min": -1.46365606785,
        "var": 148.225601196
    },
    "melbands_skewness": {
        "dmean": 0.668063223362,
        "dmean2": 1.0232770443,
        "dvar": 0.686822414398,
        "dvar2": 1.60148501396,
        "max": 9.54107189178,
        "mean": 2.37522530556,
        "median": 2.18413281441,
        "min": 0.311837077141,
        "var": 1.2431166172
    },
    "melbands_spread": {
        "dmean": 7.34970474243,
        "dmean2": 11.122841835,
        "dvar": 119.143058777,
        "dvar2": 181.453933716,
        "max": 189.688247681,
        "mean": 25.7584915161,
        "median": 21.7172279358,
        "min": 2.34185242653,
        "var": 398.446411133
    },
    "pitch_salience": {
        "dmean": 0.0739668011665,
        "dmean2": 0.119706146419,
        "dvar": 0.00492392200977,
        "dvar2": 0.0124719841406,
        "max": 0.786120593548,
        "mean": 0.575512707233,
        "median": 0.583458006382,
        "min": 0.13592736423,
        "var": 0.00886254012585
    },
    "silence_rate_20dB": {
        "dmean": 0,
        "dmean2": 0,
        "dvar": 0,
        "dvar2": 0,
        "max": 1,
        "mean": 1,
        "median": 1,
        "min": 1,
        "var": 0
    },
    "silence_rate_30dB": {
        "dmean": 0,
        "dmean2": 0,
        "dvar": 0,
        "dvar2": 0,
        "max": 1,
        "mean": 1,
        "median": 1,
        "min": 1,
        "var": 0
    },
    "silence_rate_60dB": {
        "dmean": 0,
        "dmean2": 0,
        "dvar": 0,
        "dvar2": 0,
        "max": 0,
        "mean": 0,
        "median": 0,
        "min": 0,
        "var": 0
    },
    "spectral_centroid": {
        "dmean": 247.915313721,
        "dmean2": 380.217956543,
        "dvar": 58800.1289062,
        "dvar2": 108876.15625,
        "max": 4297.24902344,
        "mean": 1423.22912598,
        "median": 1354.70861816,
        "min": 392.528594971,
        "var": 267915.0625
    },
    "spectral_complexity": {
        "dmean": 3.99845194817,
        "dmean2": 6.11541461945,
        "dvar": 11.9427146912,
        "dvar2": 27.4235782623,
        "max": 48,
        "mean": 25.7293109894,
        "median": 26,
        "min": 7,
        "var": 55.6514167786
    },
    "spectral_decrease": {
        "dmean": 2.88924884018e-09,
        "dmean2": 4.5641774804e-09,
        "dvar": 1.26477297051e-17,
        "dvar2": 2.69777561789e-17,
        "max": -1.46012268942e-09,
        "mean": -8.83985329381e-09,
        "median": -7.89144660729e-09,
        "min": -3.18991872916e-08,
        "var": 2.11238089101e-17
    },
    "spectral_energy": {
        "dmean": 0.0113963019103,
        "dmean2": 0.0179061647505,
        "dvar": 0.000186247023521,
        "dvar2": 0.000397219700972,
        "max": 0.121817789972,
        "mean": 0.0364037752151,
        "median": 0.0330421440303,
        "min": 0.00738027552143,
        "var": 0.000325344444718
    },
    "spectral_energyband_high": {
        "dmean": 0.000888266891707,
        "dmean2": 0.00122636125889,
        "dvar": 5.72275075683e-06,
        "dvar2": 8.1697726273e-06,
        "max": 0.045270472765,
        "mean": 0.00202834419906,
        "median": 0.000947046617512,
        "min": 8.7988897576e-05,
        "var": 1.62104388437e-05
    },
    "spectral_energyband_low": {
        "dmean": 0.00701114768162,
        "dmean2": 0.0110741546378,
        "dvar": 0.000191821600311,
        "dvar2": 0.000402947858674,
        "max": 0.113251343369,
        "mean": 0.0105054285377,
        "median": 0.00641069887206,
        "min": 9.47914304561e-05,
        "var": 0.000232110149227
    },
    "spectral_energyband_middle_high": {
        "dmean": 0.00138756236993,
        "dmean2": 0.00222557107918,
        "dvar": 2.31720991906e-06,
        "dvar2": 5.58244164495e-06,
        "max": 0.0216770432889,
        "mean": 0.00550385797396,
        "median": 0.00491952849552,
        "min": 0.000568518880755,
        "var": 8.92369553185e-06
    },
    "spectral_energyband_middle_low": {
        "dmean": 0.00723848398775,
        "dmean2": 0.0119859147817,
        "dvar": 6.40046418994e-05,
        "dvar2": 0.000166250669281,
        "max": 0.0857567191124,
        "mean": 0.0201841909438,
        "median": 0.0184781793505,
        "min": 0.00142793369014,
        "var": 0.000131184962811
    },
    "spectral_entropy": {
        "dmean": 0.131984978914,
        "dmean2": 0.188745990396,
        "dvar": 0.0127755757421,
        "dvar2": 0.0234533306211,
        "max": 8.63208770752,
        "mean": 7.79311990738,
        "median": 7.79348373413,
        "min": 6.86797094345,
        "var": 0.0570377968252
    },
    "spectral_flux": {
        "dmean": 0.0267357844859,
        "dmean2": 0.0431668460369,
        "dvar": 0.000814136350527,
        "dvar2": 0.00191468105186,
        "max": 0.288670539856,
        "mean": 0.105783365667,
        "median": 0.0970543622971,
        "min": 0.0305103752762,
        "var": 0.00158088025637
    },
    "spectral_kurtosis": {
        "dmean": 0.768546164036,
        "dmean2": 1.23724985123,
        "dvar": 0.429202198982,
        "dvar2": 1.08589959145,
        "max": 10.7027511597,
        "mean": 2.82766580582,
        "median": 2.80851364136,
        "min": -0.575883150101,
        "var": 1.43439054489
    },
    "spectral_rms": {
        "dmean": 0.000881344662048,
        "dmean2": 0.00136324146297,
        "dvar": 8.03379634817e-07,
        "dvar2": 1.63474032888e-06,
        "max": 0.0109016802162,
        "mean": 0.00580061832443,
        "median": 0.0056776967831,
        "min": 0.00268333172426,
        "var": 1.86865963769e-06
    },
    "spectral_rolloff": {
        "dmean": 530.01385498,
        "dmean2": 841.146911621,
        "dvar": 781212.875,
        "dvar2": 1359596.625,
        "max": 9948.33984375,
        "mean": 1591.32751465,
        "median": 1033.59375,
        "min": 86.1328125,
        "var": 2560086.25
    },
    "spectral_skewness": {
        "dmean": 0.140204563737,
        "dmean2": 0.215414434671,
        "dvar": 0.014686781913,
        "dvar2": 0.0285235401243,
        "max": 2.98565578461,
        "mean": 1.34518456459,
        "median": 1.36055088043,
        "min": 0.268902510405,
        "var": 0.0723746418953
    },
    "spectral_spread": {
        "dmean": 553852.3125,
        "dmean2": 779998.1875,
        "dvar": 359225753600,
        "dvar2": 689991647232,
        "max": 11330894,
        "mean": 5238158.5,
        "median": 5068673,
        "min": 3030560,
        "var": 1.0960273408e+12
    },
    "spectral_strongpeak": {
        "dmean": 0.677422881126,
        "dmean2": 1.13075447083,
        "dvar": 0.612382948399,
        "dvar2": 1.53164160252,
        "max": 7.97176933289,
        "mean": 1.16183197498,
        "median": 0.777803778648,
        "min": 0.0584078766406,
        "var": 1.18110013008
    },
    "zerocrossingrate": {
        "dmean": 0.0122520048171,
        "dmean2": 0.0140618188307,
        "dvar": 0.000199655070901,
        "dvar2": 0.000196193344891,
        "max": 0.31640625,
        "mean": 0.0723638087511,
        "median": 0.06396484375,
        "min": 0.015625,
        "var": 0.00136282504536
    },
    "barkbands": {
        "dmean": [2.39830751525e-05, 0.00596107449383, 0.00176941277459, 0.0019525680691, 0.00196677120402, 0.00240279454738, 0.00149902293924, 0.00243791309185, 0.00130056065973, 0.00114868977107, 0.000375664123567, 0.000275829894235, 0.000197749090148, 0.000265888491413, 0.000212134240428, 0.000266632414423, 0.000194419088075, 0.000203473333386, 0.000172000349266, 0.000235739236814, 0.000179441049113, 0.00017257827858, 0.000233939397731, 0.00017000407388, 0.000164843557286, 7.01828539604e-05, 1.16030086872e-07],
        "dmean2": [3.94333947042e-05, 0.00948919821531, 0.00303865270689, 0.00332555733621, 0.00329074892215, 0.00400887290016, 0.00244346959516, 0.00393264554441, 0.00210562371649, 0.00185774243437, 0.000616075936705, 0.000468163460027, 0.000327167188516, 0.000426726794103, 0.000340607803082, 0.000432448403444, 0.000308371003484, 0.000337596575264, 0.000282649765722, 0.000383670267183, 0.000273287645541, 0.000258074695012, 0.000344555359334, 0.000237898682826, 0.000233351602219, 0.000111424960778, 1.91027865526e-07],
        "dvar": [2.08287231906e-09, 0.000178126821993, 1.24013122331e-05, 1.00540819403e-05, 1.16891333164e-05, 9.2746122391e-06, 3.4223928651e-06, 1.8467206246e-05, 4.52916947324e-06, 3.01249383483e-06, 3.35234659588e-07, 1.57359011155e-07, 8.89889122391e-08, 2.7486748877e-07, 6.51098588378e-08, 1.73212470145e-07, 6.36238723928e-08, 5.05845356713e-08, 4.39426202092e-08, 1.97361742948e-07, 2.16625423377e-07, 2.00855510002e-07, 3.74216568844e-07, 3.59616393553e-07, 3.32776011192e-07, 1.66957576653e-08, 6.82563651867e-13],
        "dvar2": [5.44424683113e-09, 0.00040470121894, 3.46946944774e-05, 2.71794870059e-05, 3.06927577185e-05, 2.63187139353e-05, 9.02265492186e-06, 4.83507865283e-05, 9.75441525952e-06, 7.56119970902e-06, 8.03545731287e-07, 4.51679312619e-07, 2.27124942853e-07, 6.62156082853e-07, 1.48945773049e-07, 4.57806862642e-07, 1.52104220774e-07, 1.2506427538e-07, 1.16997590283e-07, 4.45531838977e-07, 4.37457174485e-07, 3.90387413063e-07, 6.49282867471e-07, 5.1493537967e-07, 4.58661304492e-07, 4.14305851848e-08, 1.81611008784e-12],
        "max": [0.000447644561063, 0.10951000452, 0.0302671585232, 0.0342557951808, 0.035601362586, 0.0277464278042, 0.0227929539979, 0.049052644521, 0.0381186790764, 0.0194852165878, 0.00739327631891, 0.00442074425519, 0.00368402060121, 0.00825317483395, 0.00276231090538, 0.00580008933321, 0.00363216060214, 0.00321568758227, 0.00341754453257, 0.00942523870617, 0.0092878350988, 0.00806961301714, 0.0098338695243, 0.0108158290386, 0.012563413009, 0.00126431370154, 2.04171174119e-05],
        "mean": [2.99877883663e-05, 0.00674251653254, 0.00237884721719, 0.00270434492268, 0.00291645270772, 0.00400668289512, 0.00264309113845, 0.00436207372695, 0.00230940943584, 0.00189045083243, 0.000629489426501, 0.000431293592555, 0.000328331021592, 0.00047771356185, 0.000427596125519, 0.000519550987519, 0.000406814040616, 0.000490656297188, 0.000361732003512, 0.000528798787855, 0.000352000759449, 0.000350185437128, 0.000441913580289, 0.00031079762266, 0.000277599407127, 8.53344681673e-05, 8.9213202159e-08],
        "median": [1.25536917039e-05, 0.00271581020206, 0.00136218627449, 0.00150258885697, 0.00187703361735, 0.00263192644343, 0.00183280231431, 0.00181376049295, 0.00124020699877, 0.00103423302062, 0.000292301701847, 0.000296293728752, 0.000195881177206, 0.000227263168199, 0.000311969255563, 0.000311518611852, 0.000263932801317, 0.000356803415343, 0.00030872473144, 0.000385209452361, 0.000209600024391, 0.000135155583848, 0.000182625459274, 8.23616137495e-05, 0.000109816850454, 3.06010661006e-05, 1.07415554229e-09],
        "min": [2.85135186573e-08, 1.72419931914e-05, 1.3179976122e-05, 6.60833734401e-07, 7.74797081249e-05, 1.87818877748e-05, 6.00446328463e-05, 1.1363739759e-05, 3.27478664985e-05, 1.66993704624e-05, 1.08319009087e-05, 1.21581078929e-05, 4.62502657683e-06, 6.39620975562e-06, 1.55826528498e-05, 4.53074335383e-06, 8.02505383035e-06, 5.29217322764e-06, 5.72574617763e-06, 5.9006556512e-06, 5.16894351676e-06, 6.40440066491e-06, 1.0171039321e-05, 1.53004998538e-06, 8.50136132158e-07, 7.16824655189e-11, 7.30426656659e-12],
        "var": [2.34619745854e-09, 0.000187619778444, 1.01850964711e-05, 1.14330787255e-05, 1.25069791466e-05, 1.69528884726e-05, 6.03857870374e-06, 4.47308266303e-05, 1.31455553856e-05, 6.05613149673e-06, 8.4258294919e-07, 2.09613006064e-07, 1.58233135039e-07, 5.78764456804e-07, 1.5514845586e-07, 4.30276742236e-07, 1.80477897516e-07, 1.99705169734e-07, 6.98441624536e-08, 4.97645373798e-07, 4.42142550128e-07, 4.36904088019e-07, 9.0606079084e-07, 9.55507516665e-07, 7.68326174239e-07, 2.05203427583e-08, 5.23700115392e-13]
    },
    "erbbands": {
        "dmean": [0.114684447646, 1.5095410347, 2.24003005028, 3.95004487038, 8.78360939026, 4.81498622894, 8.09478569031, 23.7439880371, 26.1520137787, 21.3838691711, 58.3228111267, 30.1758022308, 45.82862854, 18.5264511108, 12.4252328873, 12.4454956055, 8.72339439392, 13.2132644653, 10.5141687393, 11.2500782013, 13.1617860794, 9.35281944275, 11.1188602448, 9.61492538452, 10.5367240906, 9.97659683228, 8.05393314362, 6.57980060577, 5.38202810287, 7.11234331131, 7.0217218399, 4.68663311005, 2.78467345238, 2.54984951019, 0.763012468815, 0.425397098064, 0.103391595185, 0.00766637967899, 0.000162798954989, 2.17850320041e-05],
        "dmean2": [0.182272940874, 2.42322278023, 3.65232682228, 6.59104776382, 14.949177742, 8.01658916473, 13.7942247391, 39.4689903259, 42.0324440002, 35.1221237183, 92.7717132568, 47.5856552124, 75.2796936035, 30.2673034668, 20.2731819153, 21.0076789856, 14.4359874725, 21.3264026642, 16.893529892, 17.8753414154, 21.2140083313, 15.1377840042, 18.1885299683, 16.1711521149, 17.2260131836, 15.7187623978, 12.8198223114, 9.52696037292, 7.95093870163, 10.7355518341, 10.1235771179, 6.19657325745, 3.98140287399, 3.61750626564, 1.12407386303, 0.669779479504, 0.165426358581, 0.0122505947948, 0.000251033139648, 3.16162258969e-05],
        "dvar": [0.0749713853002, 11.1792669296, 19.9393692017, 37.1962203979, 280.416259766, 73.5038757324, 157.667114258, 1046.90783691, 875.057678223, 1253.49365234, 12417.0341797, 2503.22143555, 6459.31689453, 730.122619629, 361.312805176, 341.354644775, 167.305511475, 709.296508789, 217.77633667, 176.50491333, 582.755432129, 164.901412964, 165.530929565, 151.20791626, 346.588317871, 287.383666992, 338.439239502, 296.593566895, 165.714370728, 414.600799561, 334.879302979, 240.927902222, 92.2446746826, 95.3994979858, 4.99702739716, 0.67026746273, 0.0373412743211, 0.000210034952033, 9.45674898389e-08, 1.03080399771e-09],
        "dvar2": [0.175482258201, 25.2220420837, 51.426738739, 99.0827560425, 748.428466797, 193.990066528, 484.301940918, 2946.49755859, 2308.55224609, 3177.25073242, 31337.859375, 4843.22802734, 17048.4707031, 1823.32275391, 901.956115723, 977.774414062, 432.328674316, 1750.2076416, 503.548217773, 407.698822021, 1645.91601562, 431.605010986, 404.850585938, 399.307037354, 901.678527832, 561.238525391, 747.167602539, 516.868347168, 296.048706055, 893.169067383, 580.303955078, 324.34475708, 149.974777222, 136.734054565, 7.74549674988, 1.64700853825, 0.0914771705866, 0.000498414970934, 2.18749107717e-07, 2.00037675313e-09],
        "max": [2.36910247803, 26.6233463287, 42.1065673828, 66.1343994141, 185.237319946, 134.704589844, 184.736236572, 329.852050781, 261.864562988, 642.847412109, 1299.47314453, 1154.75036621, 1242.81665039, 376.936676025, 256.197814941, 222.280853271, 143.869567871, 445.791992188, 185.729476929, 186.936553955, 390.106231689, 144.793334961, 195.711700439, 243.58026123, 312.185760498, 400.495880127, 379.821868896, 325.121429443, 253.484802246, 391.507507324, 269.178375244, 244.999938965, 176.868255615, 210.04574585, 50.5959472656, 10.6829404831, 2.64640378952, 0.160747468472, 0.00426521757618, 0.00067499052966],
        "mean": [0.131230562925, 1.71180677414, 3.04096388817, 6.45901966095, 11.5710163116, 7.47431564331, 12.1933841705, 37.4034385681, 46.95079422, 41.2777290344, 103.595214844, 57.8087425232, 78.8062973022, 35.5745582581, 21.7401275635, 20.1261138916, 15.9586591721, 25.2579078674, 20.6331062317, 24.9084911346, 30.146818161, 22.4869422913, 26.5035018921, 21.3098907471, 22.5919895172, 23.4389724731, 17.2150802612, 12.1997232437, 11.0286092758, 13.4819307327, 12.7573881149, 8.3349905014, 4.70571660995, 4.35202455521, 1.10241770744, 0.517267405987, 0.12906101346, 0.00796996522695, 0.000209207297303, 5.91061652813e-05],
        "median": [0.0478533245623, 0.707659542561, 1.82281494141, 4.27437543869, 6.94333744049, 4.68302440643, 7.31875324249, 23.1412410736, 33.4063415527, 29.0848770142, 39.1109428406, 34.7767868042, 36.157661438, 21.8131732941, 13.0549697876, 14.1269073486, 9.90828037262, 13.1901464462, 14.1471786499, 19.6071949005, 17.7094535828, 14.5764245987, 18.6489238739, 18.4787731171, 17.7919006348, 17.2641983032, 11.7462148666, 6.13742637634, 4.62921094894, 5.36201334, 5.16047763824, 2.21941423416, 1.43732070923, 1.7001657486, 0.368582218885, 0.17740893364, 0.0476280860603, 0.00193523045164, 7.32197950128e-05, 4.71698003821e-05],
        "min": [0.000138782474096, 0.00542267039418, 0.0431948900223, 0.117331363261, 0.105203777552, 0.226773589849, 0.455468297005, 0.301085501909, 1.63866567612, 1.88675808907, 1.85425126553, 1.85540568829, 0.580878615379, 0.398237138987, 1.24902033806, 0.630137324333, 0.787628769875, 0.575146913528, 0.805178284645, 0.493616908789, 0.54185295105, 0.50275939703, 0.509415984154, 0.49842056632, 0.306333601475, 0.263595789671, 0.348258882761, 0.190009340644, 0.235951721668, 0.143186911941, 0.22322511673, 0.0623970963061, 0.0252090822905, 0.0147330528125, 0.00167760998011, 6.99282754795e-05, 1.86629258678e-05, 3.69098484043e-06, 7.17691409591e-06, 1.18591660794e-05],
        "var": [0.0771508961916, 11.7905731201, 18.0284671783, 47.9643135071, 263.236938477, 85.924331665, 208.590515137, 1812.94543457, 1704.7598877, 1963.94116211, 29501.3417969, 7212.3125, 14848.9277344, 1778.11791992, 626.776550293, 441.645599365, 316.082305908, 1362.4699707, 468.527801514, 471.070709229, 1636.18798828, 493.435821533, 621.129760742, 239.184921265, 573.82421875, 964.296569824, 761.881774902, 614.098937988, 393.81829834, 748.554748535, 819.700134277, 713.593505859, 198.661697388, 209.608413696, 10.5108060837, 0.827609062195, 0.0521983467042, 0.000248827651376, 1.34996781753e-07, 2.16137530096e-09]
    },
    "gfcc": {
        "mean": [56.5022583008, 82.2563400269, -114.141021729, 36.584072113, -75.5458145142, 14.4326114655, -41.2928962708, 22.2148933411, -22.5202503204, 6.57947301865, -18.4784889221, -1.97329390049, -13.5956411362],
        "cov": [[924.95880127, -513.603942871, 130.653747559, -6.47721338272, -65.7298736572, 27.0685253143, -33.587562561, 19.7113399506, 8.9162197113, 84.3861618042, -92.0933837891, 81.1664123535, -79.0115890503], [-513.603942871, 585.934387207, -103.129005432, -12.8993864059, 98.2614974976, -47.1422462463, 73.2559890747, -3.21986794472, 5.07724046707, -73.7578659058, 62.7305107117, -52.3586082458, 45.4489784241], [130.653747559, -103.129005432, 321.362762451, 36.9510154724, 11.040599823, 66.1236343384, 26.5466480255, 18.1218223572, -9.86940193176, 40.0596427917, -16.450881958, 33.3986930847, -39.0841712952], [-6.47721338272, -12.8993864059, 36.9510154724, 141.000350952, 15.2863397598, 15.3844499588, -15.3592386246, -13.7765274048, 35.3272705078, -0.548633933067, 18.483171463, -4.54256057739, 24.1771335602], [-65.7298736572, 98.2614974976, 11.040599823, 15.2863397598, 144.413619995, 32.8092193604, 29.8561496735, 12.6646251678, -1.16804218292, 14.2370357513, -2.43646287918, 3.37944936752, -13.5408239365], [27.0685253143, -47.1422462463, 66.1236343384, 15.3844499588, 32.8092193604, 125.115478516, 69.733833313, 14.7780981064, -10.6917982101, 18.6956157684, 11.0473394394, 7.97410535812, 8.52998256683], [-33.587562561, 73.2559890747, 26.5466480255, -15.3592386246, 29.8561496735, 69.733833313, 134.137069702, 37.4394226074, -14.5610399246, 7.21786260605, 24.9837303162, 12.4797954559, 7.65962028503], [19.7113399506, -3.21986794472, 18.1218223572, -13.7765274048, 12.6646251678, 14.7780981064, 37.4394226074, 100.513206482, 44.3991203308, 3.12328791618, 7.93780612946, 13.3159780502, -0.943243265152], [8.9162197113, 5.07724046707, -9.86940193176, 35.3272705078, -1.16804218292, -10.6917982101, -14.5610399246, 44.3991203308, 113.241325378, 18.8309898376, 1.30360472202, 7.32527828217, 15.1923313141], [84.3861618042, -73.7578659058, 40.0596427917, -0.548633933067, 14.2370357513, 18.6956157684, 7.21786260605, 3.12328791618, 18.8309898376, 66.1359100342, 7.07880067825, 16.5496788025, -9.75786876678], [-92.0933837891, 62.7305107117, -16.450881958, 18.483171463, -2.43646287918, 11.0473394394, 24.9837303162, 7.93780612946, 1.30360472202, 7.07880067825, 82.3274459839, 13.0954532623, 22.0476131439], [81.1664123535, -52.3586082458, 33.3986930847, -4.54256057739, 3.37944936752, 7.97410535812, 12.4797954559, 13.3159780502, 7.32527828217, 16.5496788025, 13.0954532623, 82.449760437, 14.5179138184], [-79.0115890503, 45.4489784241, -39.0841712952, 24.1771335602, -13.5408239365, 8.52998256683, 7.65962028503, -0.943243265152, 15.1923313141, -9.75786876678, 22.0476131439, 14.5179138184, 64.9736328125]],
        "icov": [[0.00266101001762, 0.00159412261564, 0.000322434410919, -0.00082059612032, 0.000771700579207, 0.00023220856383, -0.000818593485747, -0.000307616457576, 5.53063000552e-05, -0.00128907291219, 0.00208924617618, -0.00216613453813, 0.00241106795147], [0.00159412261564, 0.00783563498408, -0.00200254586525, 0.00399880297482, -0.00698743574321, 0.00696389842778, -0.00665301876143, 0.00490946043283, -0.00506696244702, 0.00811312813312, -0.00520905246958, 0.00473047839478, -0.00463612284511], [0.000322434410919, -0.00200254586525, 0.00580583419651, -0.00427781045437, 0.00369376922026, -0.00444162869826, 0.00190744712017, -0.0032272960525, 0.00331461965106, -0.00509205134585, 0.00392862875015, -0.00464033335447, 0.00612228503451], [-0.00082059612032, 0.00399880297482, -0.00427781045437, 0.0145149612799, -0.00733468029648, 0.0030697484035, -0.00197187974118, 0.00749167473987, -0.00869968160987, 0.00918759778142, -0.00823662150651, 0.00673305196688, -0.00865531619638], [0.000771700579207, -0.00698743574321, 0.00369376922026, -0.00733468029648, 0.0165817532688, -0.00893399771303, 0.00513626821339, -0.00676846178249, 0.00647942582145, -0.0116196935996, 0.00878418516368, -0.00804204307497, 0.0102582871914], [0.00023220856383, 0.00696389842778, -0.00444162869826, 0.0030697484035, -0.00893399771303, 0.0208048522472, -0.012467940338, 0.00476423930377, -0.00332736922428, 0.00562081579119, -0.00536955380812, 0.00735438149422, -0.00965625513345], [-0.000818593485747, -0.00665301876143, 0.00190744712017, -0.00197187974118, 0.00513626821339, -0.012467940338, 0.0191261023283, -0.00898936297745, 0.00704619428143, -0.0073096351698, 0.0022336281836, -0.0048685669899, 0.00344606558792], [-0.000307616457576, 0.00490946043283, -0.0032272960525, 0.00749167473987, -0.00676846178249, 0.00476423930377, -0.00898936297745, 0.0209485609084, -0.0134623982012, 0.0113128991798, -0.00712641375139, 0.00347072188742, -0.0027199590113], [5.53063000552e-05, -0.00506696244702, 0.00331461965106, -0.00869968160987, 0.00647942582145, -0.00332736922428, 0.00704619428143, -0.0134623982012, 0.0203064065427, -0.0137006845325, 0.00756760966033, -0.00439986912534, 0.00121323624626], [-0.00128907291219, 0.00811312813312, -0.00509205134585, 0.00918759778142, -0.0116196935996, 0.00562081579119, -0.0073096351698, 0.0113128991798, -0.0137006845325, 0.0333911031485, -0.0130187822506, 0.00557114602998, -0.004466985818], [0.00208924617618, -0.00520905246958, 0.00392862875015, -0.00823662150651, 0.00878418516368, -0.00536955380812, 0.0022336281836, -0.00712641375139, 0.00756760966033, -0.0130187822506, 0.0233960840851, -0.00893739890307, 0.00411462085322], [-0.00216613453813, 0.00473047839478, -0.00464033335447, 0.00673305196688, -0.00804204307497, 0.00735438149422, -0.0048685669899, 0.00347072188742, -0.00439986912534, 0.00557114602998, -0.00893739890307, 0.0223539378494, -0.0133536569774], [0.00241106795147, -0.00463612284511, 0.00612228503451, -0.00865531619638, 0.0102582871914, -0.00965625513345, 0.00344606558792, -0.0027199590113, 0.00121323624626, -0.004466985818, 0.00411462085322, -0.0133536569774, 0.0320621803403]]
    },
    "melbands": {
        "dmean": [0.00142764439806, 0.00143163197208, 0.000827957410365, 0.000494355161209, 0.000240376990405, 0.000522585469298, 0.00038217403926, 0.000281507498585, 0.000441092823166, 0.000197690154891, 0.000225457930355, 7.54060092731e-05, 4.3637392082e-05, 3.59453333658e-05, 2.009968739e-05, 2.11143087654e-05, 2.81990687654e-05, 1.80990682566e-05, 1.42856115417e-05, 1.82197363756e-05, 1.64827742992e-05, 1.22385990835e-05, 8.6710024334e-06, 1.05864646684e-05, 8.76825924934e-06, 6.21070557827e-06, 1.1318671568e-05, 6.37729772279e-06, 5.2707150644e-06, 4.86228964292e-06, 3.99269265472e-06, 3.41765144185e-06, 3.42302701029e-06, 4.1267016968e-06, 4.25042162533e-06, 4.13316547565e-06, 2.57788360614e-06, 1.71086117007e-06, 2.7537553251e-06, 1.99847181648e-06],
        "dmean2": [0.00224785017781, 0.00228691403754, 0.00139893661253, 0.000832012214232, 0.000407290441217, 0.000864135101438, 0.000614746240899, 0.000463242409751, 0.000698987802025, 0.000317190133501, 0.00036959478166, 0.000123798468849, 7.12285618647e-05, 6.070488962e-05, 3.3129388612e-05, 3.54962612619e-05, 4.55289664387e-05, 2.90082807624e-05, 2.31316353165e-05, 2.93997782137e-05, 2.65321286861e-05, 1.94461554202e-05, 1.42657809192e-05, 1.74222095666e-05, 1.48088383867e-05, 1.02686744867e-05, 1.87812038348e-05, 1.00800125438e-05, 8.54278459883e-06, 7.57646921556e-06, 5.96242716711e-06, 5.12881297254e-06, 5.17394846611e-06, 6.42713121124e-06, 6.26429846307e-06, 5.66355447518e-06, 3.64239508599e-06, 2.55310965258e-06, 3.99458713218e-06, 2.84602197098e-06],
        "dvar": [1.08361482489e-05, 8.15880775917e-06, 1.75255809154e-06, 7.91851789472e-07, 1.26421994651e-07, 4.61678666852e-07, 1.76368118332e-07, 1.94647228113e-07, 6.54985058191e-07, 1.01516427264e-07, 1.53720037588e-07, 1.22299299576e-08, 4.01093380731e-09, 2.61629784504e-09, 6.41351027841e-10, 1.12522424711e-09, 3.46245587757e-09, 7.22108373097e-10, 2.93698315668e-10, 4.35162711421e-10, 1.05268105344e-09, 3.04236469351e-10, 8.56006307504e-11, 1.65855745804e-10, 1.41771427931e-10, 4.43212376522e-11, 7.4017375562e-10, 9.88882239983e-11, 9.11085304423e-11, 2.01887451201e-10, 1.0916466342e-10, 6.46731279641e-11, 7.97496374494e-11, 1.51640561219e-10, 1.21225876559e-10, 1.38171099562e-10, 7.97033619659e-11, 3.16749196316e-11, 9.99059515672e-11, 5.95073365584e-11],
        "dvar2": [2.50140055869e-05, 1.82111725735e-05, 4.68251346319e-06, 2.09275640373e-06, 3.76695453497e-07, 1.29277077576e-06, 4.70535127306e-07, 5.09958169914e-07, 1.61695834322e-06, 2.08868996765e-07, 4.05000292858e-07, 3.07780396724e-08, 9.72895364271e-09, 7.41780636915e-09, 1.65996294488e-09, 2.93391178019e-09, 8.53231441056e-09, 1.64365976385e-09, 7.06123548522e-10, 1.08099262874e-09, 2.9399880308e-09, 7.68662411499e-10, 2.08243922106e-10, 4.22463980465e-10, 3.75767611471e-10, 1.1496930491e-10, 1.92050597647e-09, 2.24550614214e-10, 1.99145255841e-10, 4.32578695087e-10, 1.86895568466e-10, 1.1990772264e-10, 1.6952246551e-10, 3.316086572e-10, 2.30461094652e-10, 2.07236727778e-10, 1.33906011279e-10, 6.16670325915e-11, 1.49677020778e-10, 8.92288534726e-11],
        "max": [0.0276884306222, 0.0230840593576, 0.0132295014337, 0.00946619082242, 0.00509143061936, 0.00664784386754, 0.00344928679988, 0.00613305205479, 0.00915685016662, 0.00720320502296, 0.00599451269954, 0.00158833665773, 0.000722799741197, 0.000576576509047, 0.000317950180033, 0.000474284723168, 0.00101745210122, 0.000380059937015, 0.000182537303772, 0.000204424912226, 0.000529542914592, 0.000184089614777, 0.000107652900624, 0.000215449836105, 0.000246147596044, 7.82399802119e-05, 0.000483673007693, 0.000212829705561, 0.000169256178197, 0.000267953088041, 0.000234803068452, 0.000171713661985, 0.00016000578762, 0.000245293573244, 0.000152996508405, 0.000215436914004, 0.000136623217259, 8.22086658445e-05, 0.000208126148209, 0.000161466188729],
        "mean": [0.00160617253277, 0.00192359171342, 0.00129737542011, 0.000708823034074, 0.000375310220988, 0.000853209348861, 0.00069680029992, 0.000535931030754, 0.000768376572523, 0.00035954915802, 0.000379630248062, 0.000135035719723, 7.34258064767e-05, 5.87676622672e-05, 3.51751914422e-05, 3.48278372257e-05, 5.0124082918e-05, 3.23457425111e-05, 2.92841559713e-05, 3.5930876038e-05, 3.61644051736e-05, 2.54091301031e-05, 1.8988201191e-05, 2.4818975362e-05, 1.64779867191e-05, 1.24166781461e-05, 2.13004841498e-05, 1.38109926411e-05, 1.09573502414e-05, 8.54610698298e-06, 6.83604002916e-06, 6.35775177216e-06, 6.52808375889e-06, 7.46522891859e-06, 7.3038154369e-06, 7.03411251379e-06, 4.1563389459e-06, 2.64137838712e-06, 4.51726236861e-06, 3.31446040036e-06],
        "median": [0.000609643291682, 0.00109923572745, 0.000914404750802, 0.000435771624325, 0.000241219240706, 0.000553804042283, 0.00051100429846, 0.000328219583025, 0.000301065738313, 0.000193409257918, 0.000173975800863, 7.89237383287e-05, 3.95605602534e-05, 4.14974529122e-05, 2.5272507628e-05, 2.09215868381e-05, 2.25775420404e-05, 2.11909464269e-05, 2.14561787288e-05, 2.55465383816e-05, 1.815925134e-05, 1.5374407667e-05, 1.41297359733e-05, 1.65303627e-05, 1.354476899e-05, 1.0360034139e-05, 1.40345164255e-05, 9.7705215012e-06, 7.94931747805e-06, 4.66521441922e-06, 3.13183113576e-06, 2.54639144259e-06, 2.56735461335e-06, 2.96992106996e-06, 3.07635127683e-06, 2.26816564464e-06, 1.00696036043e-06, 7.31675470433e-07, 1.73459136477e-06, 1.27228304336e-06],
        "min": [2.7617500109e-06, 1.72111958818e-05, 1.82819112524e-05, 1.40183901749e-05, 1.31653596327e-05, 5.69588064536e-06, 2.61686745944e-05, 1.63375734701e-05, 8.95324410521e-06, 7.64208107285e-06, 2.58414934251e-06, 1.40952579386e-06, 1.24529276491e-06, 2.42856367549e-06, 1.01970977084e-06, 5.51739503862e-07, 6.71034172228e-07, 8.09573066363e-07, 7.60722230098e-07, 3.53798981223e-07, 7.44691135424e-07, 3.4525527326e-07, 4.1727611233e-07, 2.40445729105e-07, 3.71488226847e-07, 1.86403212865e-07, 2.69461622793e-07, 1.41111939911e-07, 2.29454599321e-07, 9.8923763403e-08, 8.8572285506e-08, 9.05444608179e-08, 1.07201962862e-07, 3.6990697172e-09, 1.07689480444e-07, 9.95273836679e-08, 4.29931823476e-09, 3.45417450198e-09, 1.7021040577e-08, 9.84179937547e-09],
