{
"highlevel": {
    "danceability": {
        "all": {
            "danceable": 0.996726751328,
            "not_danceable": 0.00327326054685
        },
        "probability": 0.996726751328,
        "value": "danceable"
    },
    "gender": {
        "all": {
            "female": 0.400827676058,
            "male": 0.59917229414
        },
        "probability": 0.59917229414,
        "value": "male"
    },
    "genre_dortmund": {
        "all": {
            "alternative": 0.0509371012449,
            "blues": 0.0763454586267,
            "electronic": 0.0831095501781,
            "folkcountry": 0.0823627263308,
            "funksoulrnb": 0.0386667475104,
            "jazz": 0.030454615131,
            "pop": 0.182860866189,
            "raphiphop": 0.189385160804,
            "rock": 0.265877753496
        },
        "probability": 0.265877753496,
        "value": "rock"
    },
    "genre_electronic": {
        "all": {
            "ambient": 0.082448258996,
            "dnb": 0.860525906086,
            "house": 0.0211556423455,
            "techno": 0.00685119954869,
            "trance": 0.029019003734
        },
        "probability": 0.860525906086,
        "value": "dnb"
    },
    "genre_rosamerica": {
        "all": {
            "cla": 0.000377808319172,
            "dan": 0.0149241080508,
            "hip": 0.00632852734998,
            "jaz": 0.000676917668898,
            "pop": 0.5763194561,
            "rhy": 0.00948901288211,
            "roc": 0.391686350107,
            "spe": 0.00019782462914
        },
        "probability": 0.5763194561,
        "value": "pop"
    },
    "genre_tzanetakis": {
        "all": {
            "blu": 2.00933528442e-14,
            "cla": 1.10376880297e-14,
            "cou": 2.21312073892e-14,
            "dis": 1.76883671149e-14,
            "hip": 4.29576757196e-14,
            "jaz": 0.999999940395,
            "met": 2.0000017642e-08,
            "pop": 2.0000017642e-08,
            "reg": 1.66666822565e-08,
            "roc": 2.50000233848e-08
        },
        "probability": 0.999999940395,
        "value": "jaz"
    },
    "ismir04_rhythm": {
        "all": {
            "ChaChaCha": 0.051253169775,
            "Jive": 0.351551741362,
            "Quickstep": 0.0298607721925,
            "Rumba-American": 0.0131511799991,
            "Rumba-International": 0.106604807079,
            "Rumba-Misc": 0.0189643781632,
            "Samba": 0.288018077612,
            "Tango": 0.012396431528,
            "VienneseWaltz": 0.0851755142212,
            "Waltz": 0.0430239252746
        },
        "probability": 0.351551741362,
        "value": "Jive"
    },
    "mood_acoustic": {
        "all": {
            "acoustic": 0.00276114419103,
            "not_acoustic": 0.997238874435
        },
        "probability": 0.997238874435,
        "value": "not_acoustic"
    },
    "mood_aggressive": {
        "all": {
            "aggressive": 0.275745302439,
            "not_aggressive": 0.724254667759
        },
        "probability": 0.724254667759,
        "value": "not_aggressive"
    },
    "mood_electronic": {
        "all": {
            "electronic": 0.582710921764,
            "not_electronic": 0.417289108038
        },
        "probability": 0.582710921764,
        "value": "electronic"
    },
    "mood_happy": {
        "all": {
            "happy": 0.623495340347,
            "not_happy": 0.376504659653
        },
        "probability": 0.623495340347,
        "value": "happy"
    },
    "mood_party": {
        "all": {
            "not_party": 0.419301956892,
            "party": 0.580698013306
        },
        "probability": 0.580698013306,
        "value": "party"
    },
    "mood_relaxed": {
        "all": {
            "not_relaxed": 0.994777262211,
            "relaxed": 0.00522276200354
        },
        "probability": 0.994777262211,
        "value": "not_relaxed"
    },
    "mood_sad": {
        "all": {
            "not_sad": 0.939434885979,
            "sad": 0.0605651289225
        },
        "probability": 0.939434885979,
        "value": "not_sad"
    },
    "moods_mirex": {
        "all": {
            "Cluster1": 0.303200036287,
            "Cluster2": 0.368112683296,
            "Cluster3": 0.0952408835292,
            "Cluster4": 0.0770231410861,
            "Cluster5": 0.156423270702
        },
        "probability": 0.368112683296,
        "value": "Cluster2"
    },
    "timbre": {
        "all": {
            "bright": 0.876308262348,
            "dark": 0.123691752553
        },
        "probability": 0.876308262348,
        "value": "bright"
    },
    "tonal_atonal": {
        "all": {
            "atonal": 0.664538860321,
            "tonal": 0.335461169481
        },
        "probability": 0.664538860321,
        "value": "atonal"
    },
    "voice_instrumental": {
        "all": {
            "instrumental": 0.278554081917,
            "voice": 0.721445918083
        },
        "probability": 0.721445918083,
        "value": "voice"
    }
},
"lowlevel": {
    "average_loudness": 0.976996541023,
    "barkbands_crest": {
        "dmean": 2.73109316826,
        "dmean2": 4.5070438385,
        "dvar": 7.25859689713,
        "dvar2": 20.6530056,
        "max": 26.207452774,
        "mean": 12.4313802719,
        "median": 11.9472017288,
        "min": 2.04489398003,
        "var": 27.735616684
    },
    "barkbands_flatness_db": {
        "dmean": 0.0239307172596,
        "dmean2": 0.0373653247952,
        "dvar": 0.000558770261705,
        "dvar2": 0.00134236656595,
        "max": 0.399399727583,
        "mean": 0.162347868085,
        "median": 0.151878878474,
        "min": 0.0472388938069,
        "var": 0.00336913694628
    },
    "barkbands_kurtosis": {
        "dmean": 3.27074289322,
        "dmean2": 5.41040611267,
        "dvar": 87.1332931519,
        "dvar2": 196.158294678,
        "max": 198.634338379,
        "mean": 4.01907777786,
        "median": 0.747297286987,
        "min": -1.85929918289,
        "var": 161.493133545
    },
    "barkbands_skewness": {
        "dmean": 0.584953248501,
        "dmean2": 0.944299161434,
        "dvar": 0.615066170692,
        "dvar2": 1.36025238037,
        "max": 13.0481786728,
        "mean": 1.51070761681,
        "median": 1.28407335281,
        "min": -3.07381820679,
        "var": 2.0229973793
    },
    "barkbands_spread": {
        "dmean": 6.51088809967,
        "dmean2": 10.0166034698,
        "dvar": 58.1976661682,
        "dvar2": 126.297103882,
        "max": 93.8584213257,
        "mean": 26.9378223419,
        "median": 24.9488677979,
        "min": 1.04597771168,
        "var": 197.421539307
    },
    "dissonance": {
        "dmean": 0.0176179837435,
        "dmean2": 0.0300694331527,
        "dvar": 0.000353823619662,
        "dvar2": 0.000933903327677,
        "max": 0.499670088291,
        "mean": 0.471856415272,
        "median": 0.479390978813,
        "min": 0.324869334698,
        "var": 0.000591862306464
    },
    "dynamic_complexity": 1.69181108475,
    "erbbands_crest": {
        "dmean": 3.16691970825,
        "dmean2": 4.9363822937,
        "dvar": 8.53499412537,
        "dvar2": 18.1129283905,
        "max": 33.2861366272,
        "mean": 11.5796318054,
        "median": 10.7252292633,
        "min": 2.16267204285,
        "var": 33.3384475708
    },
    "erbbands_flatness_db": {
        "dmean": 0.0179209336638,
        "dmean2": 0.0254518669099,
        "dvar": 0.000298616534565,
        "dvar2": 0.000536130799446,
        "max": 0.338382452726,
        "mean": 0.157363533974,
        "median": 0.154013842344,
        "min": 0.0520180016756,
        "var": 0.00180686230306
    },
    "erbbands_kurtosis": {
        "dmean": 1.35965824127,
        "dmean2": 2.04574966431,
        "dvar": 4.06772470474,
        "dvar2": 7.52361154556,
        "max": 40.6996917725,
        "mean": 2.0216152668,
        "median": 0.944081783295,
        "min": -1.58983719349,
        "var": 15.3814592361
    },
    "erbbands_skewness": {
        "dmean": 0.40403559804,
        "dmean2": 0.608173727989,
        "dvar": 0.179923504591,
        "dvar2": 0.349029779434,
        "max": 3.19565367699,
        "mean": -0.230568066239,
        "median": -0.110513463616,
        "min": -5.92698907852,
        "var": 1.00502192974
    },
    "erbbands_spread": {
        "dmean": 7.85063266754,
        "dmean2": 11.5826768875,
        "dvar": 100.440498352,
        "dvar2": 209.516830444,
        "max": 149.561264038,
        "mean": 32.7027015686,
        "median": 28.8070030212,
        "min": 2.58122754097,
        "var": 373.188720703
    },
    "hfc": {
        "dmean": 8.8765001297,
        "dmean2": 13.2541151047,
        "dvar": 171.289962769,
        "dvar2": 394.087127686,
        "max": 200.14994812,
        "mean": 33.768661499,
        "median": 31.9766979218,
        "min": 0.363778233528,
        "var": 387.797058105
    },
    "melbands_crest": {
        "dmean": 3.14231038094,
        "dmean2": 5.18404865265,
        "dvar": 10.0945606232,
        "dvar2": 26.776884079,
        "max": 36.5872840881,
        "mean": 16.9621524811,
        "median": 16.525472641,
        "min": 3.58369159698,
        "var": 44.9579620361
    },
    "melbands_flatness_db": {
        "dmean": 0.0290280841291,
        "dmean2": 0.0439694784582,
        "dvar": 0.000867708178703,
        "dvar2": 0.00198718742467,
        "max": 0.524878203869,
        "mean": 0.222963660955,
        "median": 0.216083228588,
        "min": 0.0473670214415,
        "var": 0.00557290157303
    },
    "melbands_kurtosis": {
        "dmean": 8.88166809082,
        "dmean2": 14.5972490311,
        "dvar": 512.517578125,
        "dvar2": 1205.25024414,
        "max": 432.328063965,
        "mean": 14.8139457703,
        "median": 6.59805202484,
        "min": -1.8603605032,
        "var": 928.702514648
    },
    "melbands_skewness": {
        "dmean": 0.834739208221,
        "dmean2": 1.34505593777,
        "dvar": 1.16423583031,
        "dvar2": 2.84382987022,
        "max": 17.6599559784,
        "mean": 2.85133600235,
        "median": 2.47458744049,
        "min": -1.68057489395,
        "var": 3.90409064293
    },
    "melbands_spread": {
        "dmean": 7.32659673691,
        "dmean2": 11.7297277451,
        "dvar": 95.686920166,
        "dvar2": 196.662261963,
        "max": 203.221359253,
        "mean": 26.2654438019,
        "median": 23.1025772095,
        "min": 0.76773583889,
        "var": 360.28137207
    },
    "pitch_salience": {
        "dmean": 0.069071367383,
        "dmean2": 0.112895138562,
        "dvar": 0.0053453296423,
        "dvar2": 0.0140824085101,
        "max": 0.806275069714,
        "mean": 0.453423321247,
        "median": 0.445315182209,
        "min": 0.0746609643102,
        "var": 0.0178560689092
    },
    "silence_rate_20dB": {
        "dmean": 0,
        "dmean2": 0,
        "dvar": 0,
        "dvar2": 0,
        "max": 1,
        "mean": 1,
        "median": 1,
        "min": 1,
        "var": 0
    },
    "silence_rate_30dB": {
        "dmean": 0.061919502914,
        "dmean2": 0.123934932053,
        "dvar": 0.0580860227346,
        "dvar2": 0.139559701085,
        "max": 1,
        "mean": 0.932714641094,
        "median": 1,
        "min": 0,
        "var": 0.0627575293183
    },
    "silence_rate_60dB": {
        "dmean": 0.00541795650497,
        "dmean2": 0.0108443070203,
        "dvar": 0.00538860308006,
        "dvar2": 0.0122758941725,
        "max": 1,
        "mean": 0.0131477182731,
        "median": 0,
        "min": 0,
        "var": 0.0129748564214
    },
    "spectral_centroid": {
        "dmean": 232.086959839,
        "dmean2": 335.423370361,
        "dvar": 76616.5625,
        "dvar2": 139691.578125,
        "max": 5254.17871094,
        "mean": 1540.35876465,
        "median": 1502.27050781,
        "min": 244.172958374,
        "var": 335815.34375
    },
    "spectral_complexity": {
        "dmean": 3.74845194817,
        "dmean2": 5.70642900467,
        "dvar": 17.5334720612,
        "dvar2": 35.1074905396,
        "max": 57,
        "mean": 23.5746326447,
        "median": 24,
        "min": 3,
        "var": 96.5662002563
    },
    "spectral_decrease": {
        "dmean": 4.30421520647e-09,
        "dmean2": 7.22810655773e-09,
        "dvar": 4.06120302862e-17,
        "dvar2": 1.17401254649e-16,
        "max": -1.52589496594e-10,
        "mean": -1.38454288034e-08,
        "median": -1.24328769502e-08,
        "min": -6.63594121875e-08,
        "var": 7.67739943131e-17
    },
    "spectral_energy": {
        "dmean": 0.0166627783328,
        "dmean2": 0.0279095787555,
        "dvar": 0.000587692600675,
        "dvar2": 0.0016914937878,
        "max": 0.253831863403,
        "mean": 0.0553187616169,
        "median": 0.0502442605793,
        "min": 0.000609851907939,
        "var": 0.001126579009
    },
    "spectral_energyband_high": {
        "dmean": 0.000574644946028,
        "dmean2": 0.0008541358402,
        "dvar": 1.32261220642e-06,
        "dvar2": 3.03034084936e-06,
        "max": 0.0167688336223,
        "mean": 0.00116163969506,
        "median": 0.000640252430458,
        "min": 8.50883736803e-07,
        "var": 2.45940259447e-06
    },
    "spectral_energyband_low": {
        "dmean": 0.0147753749043,
        "dmean2": 0.0254317037761,
        "dvar": 0.000618592137471,
        "dvar2": 0.0018181076739,
        "max": 0.245000720024,
        "mean": 0.0343993864954,
        "median": 0.0275909584016,
        "min": 1.02122612589e-05,
        "var": 0.00100652640685
    },
    "spectral_energyband_middle_high": {
        "dmean": 0.00336641422473,
        "dmean2": 0.00502259237692,
        "dvar": 1.39369067256e-05,
        "dvar2": 2.97986061923e-05,
        "max": 0.048838827759,
        "mean": 0.0119978375733,
        "median": 0.012175838463,
        "min": 4.66636629426e-05,
        "var": 5.90940580878e-05
    },
    "spectral_energyband_middle_low": {
        "dmean": 0.00342474714853,
        "dmean2": 0.00565491523594,
        "dvar": 5.04508207086e-05,
        "dvar2": 0.000141945798532,
        "max": 0.0855640396476,
        "mean": 0.00952647905797,
        "median": 0.00757535174489,
        "min": 0.000214539395529,
        "var": 6.29749702057e-05
    },
    "spectral_entropy": {
        "dmean": 0.155761361122,
        "dmean2": 0.209736421704,
        "dvar": 0.0318505093455,
        "dvar2": 0.0526041202247,
        "max": 8.68735790253,
        "mean": 7.51425027847,
        "median": 7.56976318359,
        "min": 5.64172410965,
        "var": 0.199374854565
    },
    "spectral_flux": {
        "dmean": 0.0309613291174,
        "dmean2": 0.048297829926,
        "dvar": 0.00127873301972,
        "dvar2": 0.00274089351296,
        "max": 0.420304715633,
        "mean": 0.109458491206,
        "median": 0.0980935022235,
        "min": 0.00864951685071,
        "var": 0.00327245262451
    },
    "spectral_kurtosis": {
        "dmean": 1.51999056339,
        "dmean2": 2.42759132385,
        "dvar": 3.21283626556,
        "dvar2": 8.49844932556,
        "max": 27.9561061859,
        "mean": 5.11497926712,
        "median": 4.69122695923,
        "min": -1.25257253647,
        "var": 8.51915168762
    },
    "spectral_rms": {
        "dmean": 0.00100825179834,
        "dmean2": 0.0016504751984,
        "dvar": 1.52082907334e-06,
        "dvar2": 4.27390023106e-06,
        "max": 0.0157366078347,
        "mean": 0.00700430618599,
        "median": 0.0070013422519,
        "min": 0.000771347840782,
        "var": 4.90929414809e-06
    },
    "spectral_rolloff": {
        "dmean": 524.296386719,
        "dmean2": 911.168457031,
        "dvar": 1363292.375,
        "dvar2": 3129297.25,
        "max": 12467.7246094,
        "mean": 1510.30432129,
        "median": 1162.79296875,
        "min": 64.599609375,
        "var": 2647444.75
    },
    "spectral_skewness": {
        "dmean": 0.2071300596,
        "dmean2": 0.318099558353,
        "dvar": 0.0440837331116,
        "dvar2": 0.0994926467538,
        "max": 3.3648314476,
        "mean": 1.71799147129,
        "median": 1.70118784904,
        "min": 0.00231277290732,
        "var": 0.162916839123
    },
    "spectral_spread": {
        "dmean": 616401.3125,
        "dmean2": 854292.125,
        "dvar": 688635248640,
        "dvar2": 1.07392873267e+12,
        "max": 16109447,
        "mean": 4668527.5,
        "median": 4271714.5,
        "min": 1777522,
        "var": 3.1264383959e+12
    },
    "spectral_strongpeak": {
        "dmean": 0.622863471508,
        "dmean2": 1.04949343204,
        "dvar": 1.8056204319,
        "dvar2": 4.39055633545,
        "max": 11.4598932266,
        "mean": 1.13816809654,
        "median": 0.538598239422,
        "min": 0,
        "var": 3.00883889198
    },
    "zerocrossingrate": {
        "dmean": 0.0105793010443,
        "dmean2": 0.0123250354081,
        "dvar": 0.000226086762268,
        "dvar2": 0.000250945100561,
        "max": 0.3359375,
        "mean": 0.0584105961025,
        "median": 0.05029296875,
        "min": 0.00341796875,
        "var": 0.00154003978241
    },
    "barkbands": {
        "dmean": [0.000982448458672, 0.0132828773931, 0.00286738853902, 0.00145353330299, 0.00112098257523, 0.000685013597831, 0.000732819316909, 0.000569848227315, 0.000515963824, 0.00120782468002, 0.00106907624286, 0.000746770470869, 0.00050868303515, 0.000810894358438, 0.000574972946197, 0.000881578132976, 0.000422328099376, 0.000404925405746, 0.000230734818615, 0.000156352078193, 0.000143013618072, 9.28306108108e-05, 6.26753317192e-05, 0.000120389246149, 0.00017335890152, 6.52401067782e-05, 3.66832830778e-09],
        "dmean2": [0.00155587610789, 0.0229976270348, 0.00477450015023, 0.00249781738967, 0.00174082920421, 0.00110555347055, 0.00118823244702, 0.000915853190236, 0.000798497174401, 0.0018927740166, 0.0015939619625, 0.00114796205889, 0.000793927232735, 0.00121987296734, 0.000935358460993, 0.0013591281604, 0.000667859625537, 0.000636232900433, 0.00037369094207, 0.000246629642788, 0.000229925833992, 0.000147725455463, 9.81284829322e-05, 0.000187806072063, 0.000261533044977, 9.68898748397e-05, 6.41452713168e-09],
        "dvar": [2.80860786006e-06, 0.000516934029292, 6.45055843052e-05, 1.51109579747e-05, 7.27215228835e-06, 2.01777197617e-06, 1.83270924481e-06, 1.32117781959e-06, 1.06833533664e-06, 4.43303633801e-06, 4.0784484554e-06, 2.39269343183e-06, 1.30726584757e-06, 2.86862609755e-06, 2.13609541788e-06, 3.14665498991e-06, 6.05153900324e-07, 6.6864032533e-07, 1.32386290375e-07, 7.55145705966e-08, 7.06745666434e-08, 7.12736039077e-08, 2.35458816888e-08, 8.27426021033e-08, 1.38223342105e-07, 6.95127511108e-08, 2.16827821647e-16],
        "dvar2": [7.64869309933e-06, 0.00153546326328, 0.000177917710971, 4.37017952208e-05, 2.0192901502e-05, 5.31848309038e-06, 4.6442319217e-06, 2.99509792967e-06, 2.21591403715e-06, 9.64118589764e-06, 7.85860538599e-06, 5.15623332831e-06, 3.0505398172e-06, 5.10674044563e-06, 5.20236199009e-06, 6.81517485646e-06, 1.4779434423e-06, 1.63250945207e-06, 3.22724787338e-07, 1.71704883201e-07, 1.73343309484e-07, 1.56711422505e-07, 4.94464096334e-08, 1.99694923708e-07, 3.0694567954e-07, 1.38976375297e-07, 3.746307347e-16],
        "max": [0.0223628561944, 0.219062551856, 0.103073686361, 0.0506226271391, 0.0522964969277, 0.0344331674278, 0.0179216694087, 0.0177456215024, 0.0163580048829, 0.0274740923196, 0.0272053238004, 0.0199975371361, 0.0158169083297, 0.0218128934503, 0.023706337437, 0.0330411344767, 0.00935919862241, 0.0119590414688, 0.00390815967694, 0.00512217963114, 0.00374611187726, 0.00414511281997, 0.00247728591785, 0.00422687130049, 0.0045330952853, 0.0059704342857, 4.14150491679e-07],
        "mean": [0.00175541662611, 0.0265426430851, 0.0044931313023, 0.00244022742845, 0.00248721148819, 0.00139789399691, 0.00122114247642, 0.000797974527813, 0.000942606595345, 0.00200769398361, 0.00195283885114, 0.00124466128182, 0.00087335758144, 0.00144499249291, 0.000875495781656, 0.00160807138309, 0.000777958135586, 0.000790871737991, 0.000383870879887, 0.000284361536615, 0.000220899863052, 0.000129405001644, 9.41482503549e-05, 0.000188872916624, 0.000282640481601, 8.04027440608e-05, 2.91707569211e-09],
        "median": [0.00077137874905, 0.0176026057452, 0.00231339549646, 0.00138504256029, 0.00155616854317, 0.000768853060436, 0.00067145988578, 0.000432361208368, 0.000529037322849, 0.000753056490794, 0.000528285745531, 0.000469663413242, 0.000276050617686, 0.000361355923815, 0.000312144984491, 0.0005035843933, 0.000289801566396, 0.000201936272788, 0.000237806903897, 0.000174806104042, 0.000128318439238, 3.62321625289e-05, 3.27080815623e-05, 7.65720033087e-05, 8.99838851183e-05, 9.82946221484e-06, 7.65824681448e-10],
        "min": [4.14167899976e-09, 4.82432824356e-07, 2.00595059141e-06, 4.05803893955e-06, 8.46685179567e-06, 2.13313910535e-06, 8.57645204633e-07, 5.37465211892e-07, 4.76025149965e-07, 3.19888954436e-06, 9.11261508918e-07, 4.76484984802e-07, 1.29707814267e-07, 1.64045090401e-07, 4.86907026698e-07, 7.12002076853e-07, 5.72957162603e-07, 4.60258917201e-07, 1.27964801777e-06, 7.54930908897e-07, 2.54633675922e-07, 5.7909275597e-08, 1.05804609518e-08, 1.29708759289e-08, 1.11320130891e-09, 3.56973894888e-11, 1.28753847861e-11],
        "var": [7.64843662182e-06, 0.000846262846608, 5.85279994993e-05, 1.37107726914e-05, 1.06868137664e-05, 4.70009263154e-06, 2.79474147646e-06, 1.78642437731e-06, 2.31621220337e-06, 1.18616062537e-05, 1.23159152281e-05, 5.17941498401e-06, 2.90737170872e-06, 1.01388941403e-05, 3.75032072952e-06, 9.66214793152e-06, 1.69129100414e-06, 2.30980776905e-06, 2.15526270608e-07, 1.33673836444e-07, 9.26672214518e-08, 1.21133510333e-07, 4.02087252382e-08, 1.45333089563e-07, 2.68465953468e-07, 1.08667016718e-07, 1.8644464395e-16]
    },
    "erbbands": {
        "dmean": [0.49434748292, 2.73837924004, 3.29387283325, 4.35183000565, 3.50257825851, 4.04341840744, 5.8225736618, 5.10146093369, 9.32581043243, 11.1173801422, 11.8735485077, 12.1386995316, 26.1553936005, 38.5121421814, 34.5602836609, 26.8855514526, 21.1101760864, 28.7462329865, 37.3247718811, 38.9230384827, 33.1823196411, 21.6498775482, 23.5101737976, 14.4406261444, 8.73168945312, 7.06665849686, 5.94286346436, 6.09802150726, 3.26296281815, 1.68745315075, 1.92795300484, 1.97720003128, 2.4725561142, 1.98493337631, 1.27326691151, 0.400152683258, 0.104779295623, 0.00806694012135, 0.00015787043958, 2.51951842074e-05],
        "dmean2": [0.846645534039, 4.72105455399, 5.39381361008, 7.36394548416, 5.65073919296, 6.36132907867, 9.3038482666, 8.38374423981, 14.9353666306, 18.3176822662, 18.8496742249, 18.4716567993, 41.435836792, 59.4947280884, 50.1099662781, 41.7282409668, 31.6630516052, 42.8829574585, 55.8965148926, 62.7927589417, 48.8354873657, 33.6878738403, 36.4032669067, 23.1785068512, 14.0010299683, 11.18679142, 9.26194953918, 9.78320503235, 5.13659286499, 2.68255352974, 3.03129076958, 3.07285284996, 3.8732881546, 3.01605343819, 1.97880268097, 0.600633442402, 0.162771075964, 0.013228229247, 0.000248209602432, 4.0752820496e-05],
        "dvar": [0.704250633717, 24.0979156494, 86.0487747192, 128.096069336, 83.3682098389, 96.4320678711, 145.568130493, 101.502250671, 262.606231689, 430.123077393, 692.229858398, 607.235656738, 2663.86694336, 4707.39794922, 5293.29833984, 2954.59082031, 1585.46716309, 3899.96411133, 5652.12158203, 5874.51171875, 4678.88671875, 1370.44873047, 2188.02880859, 483.522003174, 265.515197754, 149.132568359, 94.5085296631, 164.073181152, 76.8190994263, 24.6553268433, 22.634344101, 22.2745342255, 37.1830101013, 16.2602157593, 9.19561958313, 2.55308270454, 0.169886499643, 0.00100340275094, 3.34523974743e-07, 1.63191171687e-09],
        "dvar2": [2.12650966644, 69.0766525269, 233.040283203, 366.848205566, 237.002639771, 264.132354736, 396.975036621, 263.534118652, 639.377502441, 1062.77453613, 1587.74890137, 1254.94372559, 5793.77001953, 9677.10058594, 10140.6669922, 6556.90917969, 3189.45996094, 6750.62597656, 12059.8359375, 14470.5185547, 8993.78320312, 3038.12646484, 5087.01220703, 1201.26135254, 690.133544922, 342.229522705, 224.230255127, 394.355499268, 167.432601929, 58.0420455933, 47.1861305237, 51.96692276, 92.1766891479, 36.2328338623, 21.1368331909, 4.94714546204, 0.361471861601, 0.00261700502597, 8.27138876502e-07, 4.01438127184e-09],
        "max": [8.36923694611, 53.6226196289, 126.637275696, 154.532012939, 126.691482544, 190.976364136, 314.284484863, 153.548171997, 189.377883911, 236.522796631, 419.377563477, 503.265686035, 754.056518555, 871.944458008, 1318.57336426, 833.242004395, 549.651977539, 1124.12219238, 1024.97485352, 1192.9979248, 1379.86254883, 647.027160645, 714.304870605, 272.541046143, 266.194854736, 197.461135864, 124.994819641, 179.164535522, 146.934265137, 83.180480957, 79.4383010864, 66.8891372681, 96.0495910645, 55.7296829224, 40.3693733215, 35.2374916077, 8.07494544983, 0.509412944317, 0.00872635934502, 0.000506244134158],
        "mean": [0.88104146719, 5.3634185791, 6.16980838776, 8.10990047455, 6.69858789444, 8.13018989563, 12.5977401733, 9.95854377747, 16.8681278229, 16.1074848175, 18.5822887421, 22.8537731171, 44.7190895081, 75.2211761475, 67.9119949341, 48.8842849731, 42.9624595642, 58.0164337158, 61.4363327026, 72.2318572998, 67.2839660645, 45.2207107544, 49.7054367065, 26.7442893982, 15.3913516998, 12.9311523438, 10.4068908691, 8.69270324707, 4.71053409576, 2.34283971786, 2.91554403305, 2.99184656143, 3.78483271599, 3.22265768051, 1.95440685749, 0.520860552788, 0.126333609223, 0.0089329155162, 0.000218333399971, 7.75771623012e-05],
        "median": [0.4669662714, 2.9618973732, 3.76222491264, 5.16115140915, 3.7794175148, 5.06601953506, 8.08108329773, 6.48471975327, 9.29456520081, 9.35817718506, 10.4587497711, 13.0243606567, 20.9334869385, 28.2268371582, 22.5967674255, 20.9496383667, 16.1671733856, 19.0183067322, 24.2765026093, 33.3335494995, 24.6588726044, 18.6366348267, 13.2326803207, 15.9456672668, 10.0538053513, 7.79442548752, 6.66320943832, 3.82818365097, 1.48996281624, 0.77464568615, 1.01758396626, 1.12860059738, 1.5695117712, 1.11783206463, 0.521390914917, 0.0833923593163, 0.0150685133412, 0.00117202184629, 6.58558055875e-05, 6.79918812239e-05],
        "min": [1.17129875434e-05, 0.000223612441914, 0.00285669276491, 0.0245499778539, 0.0665112882853, 0.0566164925694, 0.0682482346892, 0.0161252617836, 0.0375908128917, 0.0212075207382, 0.025163538754, 0.0113793779165, 0.0487094447017, 0.216202914715, 0.123808801174, 0.046468179673, 0.033035736531, 0.0168068539351, 0.0433639883995, 0.0477010533214, 0.0419861786067, 0.0529507994652, 0.0368786379695, 0.0512045845389, 0.0766455680132, 0.0401668585837, 0.0172261297703, 0.00424600113183, 0.00229923287407, 0.000889278599061, 0.000303165521473, 0.000120775468531, 0.000281092099613, 4.2887411837e-05, 1.05154413177e-05, 5.78970275456e-06, 3.47037052961e-06, 2.66802231863e-07, 2.00741010303e-06, 8.48168326684e-07],
        "var": [1.21641731262, 38.2730102539, 79.9208221436, 118.117240906, 95.3549041748, 113.094947815, 299.304992676, 197.47492981, 508.992034912, 513.93170166, 1073.60620117, 1392.79772949, 5739.08496094, 14285.8837891, 18855.0039062, 6574.37255859, 5156.52880859, 16645.7871094, 12866.0898438, 12185.7246094, 17517.0390625, 4846.22509766, 8581.38867188, 1046.23779297, 348.322601318, 273.062286377, 153.633743286, 232.959442139, 129.703933716, 30.9359989166, 39.4132728577, 39.3147163391, 60.9368057251, 34.4754867554, 16.2258625031, 4.49868535995, 0.223949104548, 0.000917628000025, 3.59232871006e-07, 2.80542944431e-09]
    },
    "gfcc": {
        "mean": [36.2836952209, 94.0906982422, -114.715232849, 37.34998703, -41.4935646057, 29.2451896667, -37.9146385193, 24.4468994141, -27.6931667328, 6.01738500595, -12.3299560547, -2.28022098541, 1.60498762131],
        "cov": [[2810.77368164, -502.951049805, -135.876098633, 74.2146682739, -71.7249755859, 228.60585022, -72.798286438, 261.49609375, 14.1285266876, 172.460342407, -59.5201416016, 128.969070435, 5.71082735062], [-502.951049805, 1010.05999756, -195.258605957, 29.5506973267, 299.539276123, 9.19049739838, 239.475646973, -91.5571365356, 64.4789962769, -78.2657852173, 182.39906311, -144.207763672, 116.677062988], [-135.876098633, -195.258605957, 442.308441162, 43.4766693115, -15.0458669662, -16.4218196869, -52.8011436462, 51.972492218, -12.1886081696, 2.46763825417, -40.6720085144, 66.5724258423, -38.0337982178], [74.2146682739, 29.5506973267, 43.4766693115, 283.399139404, 123.148979187, 38.6018829346, 52.7910041809, 29.4353199005, 87.7625427246, -8.50054645538, 43.3006439209, 22.242898941, 44.2518310547], [-71.7249755859, 299.539276123, -15.0458669662, 123.148979187, 469.256378174, 111.076431274, 116.833457947, 56.3104553223, 102.041954041, 6.17251968384, 91.8808670044, 10.149266243, 59.4050636292], [228.60585022, 9.19049739838, -16.4218196869, 38.6018829346, 111.076431274, 309.375305176, 120.363319397, -28.406703949, 15.3138151169, 38.0988464355, 75.9538803101, -20.0367584229, 35.5702056885], [-72.798286438, 239.475646973, -52.8011436462, 52.7910041809, 116.833457947, 120.363319397, 243.930725098, -28.0200901031, 0.511322677135, 8.72775650024, 77.5192871094, -29.542219162, 45.2082252502], [261.49609375, -91.5571365356, 51.972492218, 29.4353199005, 56.3104553223, -28.406703949, -28.0200901031, 205.737136841, 60.291595459, 3.76816010475, -10.0154390335, 59.2501754761, 33.5137786865], [14.1285266876, 64.4789962769, -12.1886081696, 87.7625427246, 102.041954041, 15.3138151169, 0.511322677135, 60.291595459, 180.552764893, 12.8440265656, 14.4213762283, 17.4538059235, 20.1669368744], [172.460342407, -78.2657852173, 2.46763825417, -8.50054645538, 6.17251968384, 38.0988464355, 8.72775650024, 3.76816010475, 12.8440265656, 110.797843933, 6.04894542694, -1.64757406712, -4.91541337967], [-59.5201416016, 182.39906311, -40.6720085144, 43.3006439209, 91.8808670044, 75.9538803101, 77.5192871094, -10.0154390335, 14.4213762283, 6.04894542694, 145.150650024, -2.97101902962, 43.6446838379], [128.969070435, -144.207763672, 66.5724258423, 22.242898941, 10.149266243, -20.0367584229, -29.542219162, 59.2501754761, 17.4538059235, -1.64757406712, -2.97101902962, 121.407325745, 3.79979681969], [5.71082735062, 116.677062988, -38.0337982178, 44.2518310547, 59.4050636292, 35.5702056885, 45.2082252502, 33.5137786865, 20.1669368744, -4.91541337967, 43.6446838379, 3.79979681969, 131.750091553]],
        "icov": [[0.000708682346158, -0.000419739371864, 0.000610880320892, -0.000684916158207, 0.00047804613132, -0.00116155424621, 0.000645525229629, -0.00130706443451, 0.000789838260971, -0.00122899503913, 0.000854388519656, -0.00102367857471, 0.000536168750841], [-0.000419739371864, 0.00422425754368, -0.000370879133698, 0.00198571500368, -0.00218144780956, 0.0032983890269, -0.00299961282872, 0.00241211452521, -0.00241583073512, 0.00339306285605, -0.00385819678195, 0.00449493993074, -0.00234317453578], [0.000610880320892, -0.000370879133698, 0.00328783690929, -0.00134661933407, 0.000384337996366, -0.0012896124972, 0.000927110668272, -0.00169800012372, 0.0014468281297, -0.00119313329924, 0.00131653703284, -0.00207051006146, 0.00134969258215], [-0.000684916158207, 0.00198571500368, -0.00134661933407, 0.00618245685473, -0.00173012784217, 0.00223749596626, -0.00235890410841, 0.00234760902822, -0.00367548246868, 0.00290614715777, -0.00267098960467, 0.00206089555286, -0.00230946019292], [0.00047804613132, -0.00218144780956, 0.000384337996366, -0.00173012784217, 0.00438280403614, -0.00251490529627, 0.000785245036241, -0.00232630968094, 0.000268620002316, -0.0018668967532, 0.00115972070489, -0.00252110371366, 0.00120609498117], [-0.00116155424621, 0.0032983890269, -0.0012896124972, 0.00223749596626, -0.00251490529627, 0.00815609749407, -0.00427551940084, 0.00384901487269, -0.0027384031564, 0.00240493169986, -0.00472245691344, 0.00447952980176, -0.00263045076281], [0.000645525229629, -0.00299961282872, 0.000927110668272, -0.00235890410841, 0.000785245036241, -0.00427551940084, 0.00859365053475, -0.00186204153579, 0.00296814600006, -0.00292984140106, 0.0014842763776, -0.00255874916911, 0.00103197665885], [-0.00130706443451, 0.00241211452521, -0.00169800012372, 0.00234760902822, -0.00232630968094, 0.00384901487269, -0.00186204153579, 0.00998328346759, -0.0040608048439, 0.00300198211335, -0.0021520180162, 0.000950787914917, -0.00382993067615], [0.000789838260971, -0.00241583073512, 0.0014468281297, -0.00367548246868, 0.000268620002316, -0.0027384031564, 0.00296814600006, -0.0040608048439, 0.0097687728703, -0.00366478273645, 0.00280231935903, -0.00304444949143, 0.00191753078252], [-0.00122899503913, 0.00339306285605, -0.00119313329924, 0.00290614715777, -0.0018668967532, 0.00240493169986, -0.00292984140106, 0.00300198211335, -0.00366478273645, 0.0136240618303, -0.00390262436122, 0.00449912762269, -0.00160563853569], [0.000854388519656, -0.00385819678195, 0.00131653703284, -0.00267098960467, 0.00115972070489, -0.00472245691344, 0.0014842763776, -0.0021520180162, 0.00280231935903, -0.00390262436122, 0.0136757306755, -0.00532453041524, 0.000495795335155], [-0.00102367857471, 0.00449493993074, -0.00207051006146, 0.00206089555286, -0.00252110371366, 0.00447952980176, -0.00255874916911, 0.000950787914917, -0.00304444949143, 0.00449912762269, -0.00532453041524, 0.0157379787415, -0.00271892757155], [0.000536168750841, -0.00234317453578, 0.00134969258215, -0.00230946019292, 0.00120609498117, -0.00263045076281, 0.00103197665885, -0.00382993067615, 0.00191753078252, -0.00160563853569, 0.000495795335155, -0.00271892757155, 0.011154551059]]
    },
    "melbands": {
        "dmean": [0.003995613195, 0.00220060208812, 0.000698247633409, 0.000265163747827, 0.000191840052139, 0.000120323136798, 0.000141258729855, 0.000122985831695, 9.62128906394e-05, 7.73784558987e-05, 0.000143032055348, 0.000164802258951, 0.000120384189358, 7.8571451013e-05, 7.41225958336e-05, 4.8250247346e-05, 6.20381251792e-05, 6.99060838087e-05, 5.01910544699e-05, 7.49542668927e-05, 3.36153170792e-05, 2.62498433585e-05, 1.93589603441e-05, 2.27977325267e-05, 1.19327405628e-05, 8.20089826448e-06, 5.3563480833e-06, 5.40194423593e-06, 4.18536865254e-06, 3.57902513315e-06, 3.82606958738e-06, 2.23189408644e-06, 1.15433954306e-06, 9.2229083748e-07, 1.12718316814e-06, 1.23717154565e-06, 1.32017692067e-06, 1.87311241007e-06, 1.8706522269e-06, 1.74655133378e-06],
        "dmean2": [0.00692324340343, 0.00366161507554, 0.00118141516577, 0.000408212275943, 0.000305246969219, 0.000194897103938, 0.000227831318625, 0.000199940550374, 0.000152869033627, 0.000117479576147, 0.000228608536418, 0.000255840161117, 0.000174903456355, 0.00011906176951, 0.000111903769721, 7.16391805327e-05, 9.20463280636e-05, 0.000105050508864, 7.95488012955e-05, 0.00011909033492, 5.00074238516e-05, 4.07523293688e-05, 3.08333801513e-05, 3.52948700311e-05, 1.93129999388e-05, 1.33085522975e-05, 8.61645548866e-06, 8.54958125274e-06, 6.59473607811e-06, 5.91148182139e-06, 6.11323957855e-06, 3.5295786347e-06, 1.88334763607e-06, 1.4832605757e-06, 1.76373271188e-06, 1.95590496332e-06, 2.05310652746e-06, 2.95538529826e-06, 2.97224801216e-06, 2.6668828923e-06],
        "dvar": [4.60134215245e-05, 2.30174537137e-05, 3.39572397934e-06, 4.62220725694e-07, 1.41164406386e-07, 5.21504652795e-08, 6.37058121811e-08, 4.82540727376e-08, 4.74729695554e-08, 2.50043576955e-08, 7.88382621408e-08, 8.08033817634e-08, 5.41025180212e-08, 2.38285782217e-08, 2.79015370808e-08, 1.30544641763e-08, 1.86942319402e-08, 2.31243504345e-08, 1.84016339944e-08, 2.52447858173e-08, 5.70539482325e-09, 2.46099629564e-09, 1.69536606975e-09, 2.35865815768e-09, 3.84353021632e-10, 2.39267716751e-10, 9.32298960254e-11, 9.77106451305e-11, 5.22647064516e-11, 5.04396906187e-11, 8.25691598427e-11, 3.76160561033e-11, 1.47385766786e-11, 6.52188676328e-12, 8.37072858945e-12, 8.20141090457e-12, 1.04152120955e-11, 2.282857757e-11, 2.28091538712e-11, 1.23830607227e-11],
        "dvar2": [0.00013983171084, 6.18950289208e-05, 9.70429573499e-06, 1.27803980376e-06, 3.89733344264e-07, 1.37351335638e-07, 1.58685011797e-07, 1.15076851159e-07, 1.05982074672e-07, 5.17765101904e-08, 1.69072350786e-07, 1.68771066456e-07, 1.05919120585e-07, 5.36732578382e-08, 5.77022269965e-08, 2.54983536507e-08, 3.1065727768e-08, 4.62084699393e-08, 4.29853557193e-08, 5.85894603944e-08, 1.03184403244e-08, 5.37063327144e-09, 4.00850241888e-09, 5.50209122707e-09, 9.51211553968e-10, 6.07998151825e-10, 2.29099073046e-10, 2.20476734092e-10, 1.25575910781e-10, 1.31225350031e-10, 1.91320528864e-10, 8.18718634554e-11, 3.52687254401e-11, 1.54050990714e-11, 1.81306723107e-11, 1.88006832325e-11, 2.4522668618e-11, 5.70725376681e-11, 5.81301673463e-11, 2.72096616072e-11],
        "max": [0.0571192651987, 0.0610272698104, 0.0233514402062, 0.0121234692633, 0.00826862454414, 0.00366992875934, 0.00331373466179, 0.00291498028673, 0.00292848050594, 0.00322914635763, 0.00392874935642, 0.0035476044286, 0.00371095514856, 0.00220087915659, 0.00260035111569, 0.00180179160088, 0.00256200204603, 0.00227090786211, 0.00261556426995, 0.00302648940124, 0.0016422085464, 0.000844801659696, 0.00100100063719, 0.000760127382819, 0.000233325743466, 0.000174175787834, 0.000176026151166, 0.000184704680578, 0.000112530724437, 7.78360408731e-05, 0.000155030822498, 0.00010491602734, 6.63139435346e-05, 3.67910542991e-05, 5.12068290845e-05, 3.82542420994e-05, 5.26629337401e-05, 9.19882586459e-05, 9.97581009869e-05, 5.42300585948e-05],
        "mean": [0.00772358337417, 0.00474553229287, 0.00131327460986, 0.000540567853022, 0.000424638885306, 0.000246412062552, 0.000248916359851, 0.000174514643732, 0.000152956999955, 0.000139297466376, 0.000234803694184, 0.000314390461426, 0.000228107281146, 0.000141382450238, 0.000122834055219, 8.96090641618e-05, 0.000115483009722, 0.000108304222522, 7.72296771174e-05, 0.00013217421656, 6.24434469501e-05, 4.73513391626e-05, 3.86379215342e-05, 4.38187671534e-05, 1.91901362996e-05, 1.28024985315e-05, 8.96150504559e-06, 8.9053182819e-06, 6.8826898314e-06, 5.20881712873e-06, 5.1255588005e-06, 3.10470090881e-06, 1.41519728913e-06, 1.22299445593e-06, 1.63869412972e-06, 1.67603718637e-06, 1.91426534002e-06, 2.73044611276e-06, 2.59925332102e-06, 2.78069092019e-06],
        "median": [0.005231320858, 0.00321696745232, 0.000850783661008, 0.000294810190098, 0.000288971379632, 0.000159740651725, 0.000137351889862, 0.000101484401966, 8.19517445052e-05, 7.57740417612e-05, 9.75744769676e-05, 0.000107367166493, 6.74566108501e-05, 5.1527244068e-05, 4.63859796582e-05, 2.30945461226e-05, 3.02381595247e-05, 3.37810161e-05, 2.67505911324e-05, 4.15656795667e-05, 2.00673584914e-05, 1.78569935088e-05, 1.20853655972e-05, 9.63791171671e-06, 1.10443761514e-05, 7.49911532694e-06, 5.55739961783e-06, 4.68850885227e-06, 4.33261902799e-06, 2.84279553853e-06, 1.84722966878e-06, 8.06797288533e-07, 3.74392698177e-07, 3.63912249668e-07, 5.16419675023e-07, 5.80778589665e-07, 6.6197213755e-07, 1.01362115856e-06, 9.72337261373e-07, 8.70286271493e-07],
        "min": [9.37939645951e-08, 8.95546293123e-07, 5.96609834247e-06, 2.13096541302e-06, 1.4619186004e-06, 2.01632587959e-07, 9.87054207258e-08, 2.32134084399e-07, 2.89369399553e-08, 4.93602989593e-08, 2.02685257022e-07, 6.76512343034e-07, 1.68647005694e-07, 1.79823643975e-07, 3.3361370555e-08, 1.02887938169e-08, 1.44808662839e-08, 7.43926733549e-08, 5.10450881563e-08, 5.48007825785e-08, 4.28517950013e-08, 4.81571049704e-08, 3.07600807048e-08, 2.08449701944e-08, 3.71130042254e-08, 5.28307175784e-08, 2.68365027978e-08, 2.07380832506e-08, 6.35786934211e-09, 1.47733814071e-09, 2.20967799613e-09, 1.47607726042e-09, 1.88390844591e-10, 1.18520453868e-11, 1.16883003276e-10, 5.72974827306e-11, 4.63877963819e-11, 5.72516443975e-11, 5.69266266071e-11, 1.24362482118e-11],
