{
"highlevel": {
    "danceability": {
        "all": {
            "danceable": 0.252604424953,
            "not_danceable": 0.747395575047
        },
        "probability": 0.747395575047,
        "value": "not_danceable"
    },
    "gender": {
        "all": {
            "female": 0.993705093861,
            "male": 0.00629492476583
        },
        "probability": 0.993705093861,
        "value": "female"
    },
    "genre_dortmund": {
        "all": {
            "alternative": 0.122997932136,
            "blues": 0.266811102629,
            "electronic": 0.0173406898975,
            "folkcountry": 0.143721342087,
            "funksoulrnb": 0.025250762701,
            "jazz": 0.0701584815979,
            "pop": 0.0507049746811,
            "raphiphop": 0.0153726497665,
            "rock": 0.287642031908
        },
        "probability": 0.287642031908,
        "value": "rock"
    },
    "genre_electronic": {
        "all": {
            "ambient": 0.90526509285,
            "dnb": 0.0224573668092,
            "house": 0.0522768609226,
            "techno": 0.00563048990443,
            "trance": 0.0143702002242
        },
        "probability": 0.90526509285,
        "value": "ambient"
    },
    "genre_rosamerica": {
        "all": {
            "cla": 0.231782376766,
            "dan": 0.0167017448694,
            "hip": 0.0452194064856,
            "jaz": 0.0796704664826,
            "pop": 0.301361739635,
            "rhy": 0.230210229754,
            "roc": 0.0482641719282,
            "spe": 0.0467898771167
        },
        "probability": 0.301361739635,
        "value": "pop"
    },
    "genre_tzanetakis": {
        "all": {
            "blu": 1.64344618914e-14,
            "cla": 1.05817335824e-14,
            "cou": 2.80635161377e-14,
            "dis": 2.15325397486e-14,
            "hip": 4.29850314956e-14,
            "jaz": 0.999999940395,
            "met": 1.42857272678e-08,
            "pop": 2.0000017642e-08,
            "reg": 2.0000017642e-08,
            "roc": 2.50000233848e-08
        },
        "probability": 0.999999940395,
        "value": "jaz"
    },
    "ismir04_rhythm": {
        "all": {
            "ChaChaCha": 0.0147914169356,
            "Jive": 0.00148678733967,
            "Quickstep": 0.00591112812981,
            "Rumba-American": 0.0482479855418,
            "Rumba-International": 0.0055169169791,
            "Rumba-Misc": 0.00240822858177,
            "Samba": 0.00583666516468,
            "Tango": 0.904015362263,
            "VienneseWaltz": 0.00678735040128,
            "Waltz": 0.00499817309901
        },
        "probability": 0.904015362263,
        "value": "Tango"
    },
    "mood_acoustic": {
        "all": {
            "acoustic": 0.66160607338,
            "not_acoustic": 0.338393896818
        },
        "probability": 0.66160607338,
        "value": "acoustic"
    },
    "mood_aggressive": {
        "all": {
            "aggressive": 0.0123417954892,
            "not_aggressive": 0.987658202648
        },
        "probability": 0.987658202648,
        "value": "not_aggressive"
    },
    "mood_electronic": {
        "all": {
            "electronic": 0.088758379221,
            "not_electronic": 0.911241650581
        },
        "probability": 0.911241650581,
        "value": "not_electronic"
    },
    "mood_happy": {
        "all": {
            "happy": 0.290693223476,
            "not_happy": 0.709306776524
        },
        "probability": 0.709306776524,
        "value": "not_happy"
    },
    "mood_party": {
        "all": {
            "not_party": 0.932113409042,
            "party": 0.0678865909576
        },
        "probability": 0.932113409042,
        "value": "not_party"
    },
    "mood_relaxed": {
        "all": {
            "not_relaxed": 0.424312829971,
            "relaxed": 0.575687170029
        },
        "probability": 0.575687170029,
        "value": "relaxed"
    },
    "mood_sad": {
        "all": {
            "not_sad": 0.301589667797,
            "sad": 0.698410332203
        },
        "probability": 0.698410332203,
        "value": "sad"
    },
    "moods_mirex": {
        "all": {
            "Cluster1": 0.149904355407,
            "Cluster2": 0.144635856152,
            "Cluster3": 0.417180836201,
            "Cluster4": 0.248161837459,
            "Cluster5": 0.0401171073318
        },
        "probability": 0.417180836201,
        "value": "Cluster3"
    },
    "timbre": {
        "all": {
            "bright": 0.339868724346,
            "dark": 0.660131275654
        },
        "probability": 0.660131275654,
        "value": "dark"
    },
    "tonal_atonal": {
        "all": {
            "atonal": 0.0612696669996,
            "tonal": 0.938730359077
        },
        "probability": 0.938730359077,
        "value": "tonal"
    },
    "voice_instrumental": {
        "all": {
            "instrumental": 0.0255059767514,
            "voice": 0.974494040012
        },
        "probability": 0.974494040012,
        "value": "voice"
    }
},
"lowlevel": {
    "average_loudness": 0.917501807213,
    "barkbands_crest": {
        "dmean": 2.26969695091,
        "dmean2": 3.50635409355,
        "dvar": 5.34459066391,
        "dvar2": 12.5658559799,
        "max": 24.8826179504,
        "mean": 10.1764383316,
        "median": 9.40891647339,
        "min": 2.60582876205,
        "var": 18.5637645721
    },
    "barkbands_flatness_db": {
        "dmean": 0.022824505344,
        "dmean2": 0.0325752422214,
        "dvar": 0.00057008076692,
        "dvar2": 0.00103560741991,
        "max": 0.589850783348,
        "mean": 0.220090836287,
        "median": 0.202564671636,
        "min": 0.0606174916029,
        "var": 0.00756309973076
    },
    "barkbands_kurtosis": {
        "dmean": 2.36470675468,
        "dmean2": 3.45369386673,
        "dvar": 22.7025699615,
        "dvar2": 42.9212684631,
        "max": 100.468475342,
        "mean": 4.13460016251,
        "median": 0.500689268112,
        "min": -1.94137823582,
        "var": 101.206352234
    },
    "barkbands_skewness": {
        "dmean": 0.464333355427,
        "dmean2": 0.652631342411,
        "dvar": 0.334356337786,
        "dvar2": 0.608455240726,
        "max": 7.64220666885,
        "mean": 1.07329189777,
        "median": 0.793553948402,
        "min": -2.9815621376,
        "var": 1.96513617039
    },
    "barkbands_spread": {
        "dmean": 4.21436738968,
        "dmean2": 6.11279392242,
        "dvar": 46.3932113647,
        "dvar2": 85.3447189331,
        "max": 105.742485046,
        "mean": 16.4958763123,
        "median": 14.1617507935,
        "min": 0.598880648613,
        "var": 211.090484619
    },
    "dissonance": {
        "dmean": 0.0275820270181,
        "dmean2": 0.0454929582775,
        "dvar": 0.000729986815713,
        "dvar2": 0.00195802771486,
        "max": 0.499999910593,
        "mean": 0.437870264053,
        "median": 0.449688315392,
        "min": 0.220294684172,
        "var": 0.00219623185694
    },
    "dynamic_complexity": 5.20706605911,
    "erbbands_crest": {
        "dmean": 2.63983368874,
        "dmean2": 4.11076593399,
        "dvar": 6.86256456375,
        "dvar2": 15.0292768478,
        "max": 30.3957901001,
        "mean": 11.4821043015,
        "median": 10.2537593842,
        "min": 2.97614192963,
        "var": 25.237783432
    },
    "erbbands_flatness_db": {
        "dmean": 0.0190921965986,
        "dmean2": 0.02682021074,
        "dvar": 0.000410625129007,
        "dvar2": 0.000779656984378,
        "max": 0.421230524778,
        "mean": 0.247781381011,
        "median": 0.248151496053,
        "min": 0.05837283656,
        "var": 0.00391052942723
    },
    "erbbands_kurtosis": {
        "dmean": 1.16022896767,
        "dmean2": 1.79171705246,
        "dvar": 3.00746631622,
        "dvar2": 6.71030139923,
        "max": 24.3801212311,
        "mean": 1.33919608593,
        "median": 0.292139053345,
        "min": -1.82900416851,
        "var": 11.1183290482
    },
    "erbbands_skewness": {
        "dmean": 0.388887614012,
        "dmean2": 0.564300715923,
        "dvar": 0.185886532068,
        "dvar2": 0.341330260038,
        "max": 4.23145103455,
        "mean": 0.256995856762,
        "median": 0.193485736847,
        "min": -4.03511095047,
        "var": 0.997691869736
    },
    "erbbands_spread": {
        "dmean": 5.48091650009,
        "dmean2": 8.1500377655,
        "dvar": 69.7169265747,
        "dvar2": 142.071716309,
        "max": 139.175994873,
        "mean": 23.7508544922,
        "median": 19.4956054688,
        "min": 2.60222768784,
        "var": 274.207427979
    },
    "hfc": {
        "dmean": 4.66837596893,
        "dmean2": 6.41148471832,
        "dvar": 47.3473777771,
        "dvar2": 91.1123275757,
        "max": 75.1873016357,
        "mean": 16.5139694214,
        "median": 10.2677602768,
        "min": 0.00786207988858,
        "var": 276.894927979
    },
    "melbands_crest": {
        "dmean": 2.64951229095,
        "dmean2": 4.06891393661,
        "dvar": 7.76052522659,
        "dvar2": 17.2562389374,
        "max": 31.3757648468,
        "mean": 13.7567253113,
        "median": 12.6527118683,
        "min": 3.34533548355,
        "var": 33.5402946472
    },
    "melbands_flatness_db": {
        "dmean": 0.0263245813549,
        "dmean2": 0.0359084829688,
        "dvar": 0.000907034147531,
        "dvar2": 0.0013887505047,
        "max": 0.744022428989,
        "mean": 0.277312219143,
        "median": 0.250655561686,
        "min": 0.0256567783654,
        "var": 0.01397121232
    },
    "melbands_kurtosis": {
        "dmean": 4.6283493042,
        "dmean2": 6.72874498367,
        "dvar": 83.2504272461,
        "dvar2": 166.578903198,
        "max": 158.447921753,
        "mean": 9.54222297668,
        "median": 2.51203966141,
        "min": -1.68184936047,
        "var": 353.942749023
    },
    "melbands_skewness": {
        "dmean": 0.570578932762,
        "dmean2": 0.802448928356,
        "dvar": 0.524756193161,
        "dvar2": 1.05999183655,
        "max": 10.332195282,
        "mean": 1.81195807457,
        "median": 1.35257136822,
        "min": -1.28856575489,
        "var": 3.20087242126
    },
    "melbands_spread": {
        "dmean": 5.90799617767,
        "dmean2": 8.64723014832,
        "dvar": 120.767112732,
        "dvar2": 218.451980591,
        "max": 176.368392944,
        "mean": 22.2138977051,
        "median": 20.7027397156,
        "min": 0.572922587395,
        "var": 355.464996338
    },
    "pitch_salience": {
        "dmean": 0.0603530704975,
        "dmean2": 0.0948702022433,
        "dvar": 0.00379274692386,
        "dvar2": 0.00937626697123,
        "max": 0.812623381615,
        "mean": 0.520564854145,
        "median": 0.516464650631,
        "min": 0.142591506243,
        "var": 0.0111099844798
    },
    "silence_rate_20dB": {
        "dmean": 0,
        "dmean2": 0,
        "dvar": 0,
        "dvar2": 0,
        "max": 1,
        "mean": 1,
        "median": 1,
        "min": 1,
        "var": 0
    },
    "silence_rate_30dB": {
        "dmean": 0,
        "dmean2": 0,
        "dvar": 0,
        "dvar2": 0,
        "max": 1,
        "mean": 1,
        "median": 1,
        "min": 1,
        "var": 0
    },
    "silence_rate_60dB": {
        "dmean": 0.0325077399611,
        "dmean2": 0.0650658383965,
        "dvar": 0.0314509123564,
        "dvar2": 0.063931196928,
        "max": 1,
        "mean": 0.160866200924,
        "median": 0,
        "min": 0,
        "var": 0.13498903811
    },
    "spectral_centroid": {
        "dmean": 186.208114624,
        "dmean2": 263.610687256,
        "dvar": 90786.15625,
        "dvar2": 147242.234375,
        "max": 4680.41308594,
        "mean": 1136.3326416,
        "median": 1090.98486328,
        "min": 139.741897583,
        "var": 474472.59375
    },
    "spectral_complexity": {
        "dmean": 2.521671772,
        "dmean2": 3.6700232029,
        "dvar": 11.1767301559,
        "dvar2": 18.8872413635,
        "max": 47,
        "mean": 13.3372001648,
        "median": 12,
        "min": 0,
        "var": 87.3295135498
    },
    "spectral_decrease": {
        "dmean": 1.36848343768e-09,
        "dmean2": 1.97878757824e-09,
        "dvar": 3.87846212226e-18,
        "dvar2": 7.76103450499e-18,
        "max": -3.25174891354e-12,
        "mean": -5.317719598e-09,
        "median": -4.14162348861e-09,
        "min": -2.32679973067e-08,
        "var": 2.1186658093e-17
    },
    "spectral_energy": {
        "dmean": 0.00552560063079,
        "dmean2": 0.00793802365661,
        "dvar": 6.28836569376e-05,
        "dvar2": 0.00012517835421,
        "max": 0.094545006752,
        "mean": 0.0215682033449,
        "median": 0.0168778784573,
        "min": 1.29859481603e-05,
        "var": 0.000349118665326
    },
    "spectral_energyband_high": {
        "dmean": 0.000115652954264,
        "dmean2": 0.000167479243828,
        "dvar": 1.61822555356e-07,
        "dvar2": 3.02323115875e-07,
        "max": 0.00543791800737,
        "mean": 0.000242822206928,
        "median": 2.69667143584e-05,
        "min": 4.90807483544e-09,
        "var": 5.15211183938e-07
    },
    "spectral_energyband_low": {
        "dmean": 0.00131144910119,
        "dmean2": 0.00215040100738,
        "dvar": 5.95248411628e-06,
        "dvar2": 1.64171196957e-05,
        "max": 0.0430243052542,
        "mean": 0.00487325061113,
        "median": 0.00172531954013,
        "min": 2.89939976028e-07,
        "var": 4.15840258938e-05
    },
    "spectral_energyband_middle_high": {
        "dmean": 0.00238179019652,
        "dmean2": 0.00304864184,
        "dvar": 1.8731223463e-05,
        "dvar2": 3.07179652737e-05,
        "max": 0.0579484030604,
        "mean": 0.00695720221847,
        "median": 0.00232836836949,
        "min": 6.01022406954e-07,
        "var": 0.000105723724118
    },
    "spectral_energyband_middle_low": {
        "dmean": 0.00369179109111,
        "dmean2": 0.00550468685105,
        "dvar": 4.16344519181e-05,
        "dvar2": 8.73507087817e-05,
        "max": 0.0684913098812,
        "mean": 0.0100007904693,
        "median": 0.00565158668905,
        "min": 4.98362351209e-06,
        "var": 0.000122365294374
    },
    "spectral_entropy": {
        "dmean": 0.178215891123,
        "dmean2": 0.244545951486,
        "dvar": 0.0487573370337,
        "dvar2": 0.0777609497309,
        "max": 8.78931713104,
        "mean": 6.92183589935,
        "median": 7.01516580582,
        "min": 3.99597215652,
        "var": 0.552536010742
    },
    "spectral_flux": {
        "dmean": 0.0196400843561,
        "dmean2": 0.0294802486897,
        "dvar": 0.000539493863471,
        "dvar2": 0.00122203456704,
        "max": 0.222331285477,
        "mean": 0.063137203455,
        "median": 0.0521560534835,
        "min": 0.0021708176937,
        "var": 0.0021870478522
    },
    "spectral_kurtosis": {
        "dmean": 6.85204601288,
        "dmean2": 11.6753568649,
        "dvar": 135.862289429,
        "dvar2": 366.53302002,
        "max": 222.412597656,
        "mean": 16.6006565094,
        "median": 9.78172874451,
        "min": -0.980838537216,
        "var": 675.064025879
    },
    "spectral_rms": {
        "dmean": 0.000565049122088,
        "dmean2": 0.000786085554864,
        "dvar": 5.01788576912e-07,
        "dvar2": 8.79945730503e-07,
        "max": 0.00960411503911,
        "mean": 0.00406791269779,
        "median": 0.00405785953626,
        "min": 0.000112557616376,
        "var": 4.49422350357e-06
    },
    "spectral_rolloff": {
        "dmean": 389.546813965,
        "dmean2": 644.213317871,
        "dvar": 918641.3125,
        "dvar2": 1809672.75,
        "max": 12230.859375,
        "mean": 1487.55541992,
        "median": 1313.52539062,
        "min": 86.1328125,
        "var": 2310832.75
    },
    "spectral_skewness": {
        "dmean": 0.525833904743,
        "dmean2": 0.866128027439,
        "dvar": 0.435904026031,
        "dvar2": 1.1600394249,
        "max": 12.2503299713,
        "mean": 2.39945197105,
        "median": 2.09615588188,
        "min": 0.0868776589632,
        "var": 2.61237239838
    },
    "spectral_spread": {
        "dmean": 439554.1875,
        "dmean2": 617378.375,
        "dvar": 508011446272,
        "dvar2": 794125991936,
        "max": 14816821,
        "mean": 2785435,
        "median": 2400673.5,
        "min": 398765.0625,
        "var": 3.41640740864e+12
    },
    "spectral_strongpeak": {
        "dmean": 0.552384674549,
        "dmean2": 0.874913275242,
        "dvar": 0.612759828568,
        "dvar2": 1.2634203434,
        "max": 8.25313663483,
        "mean": 1.34754776955,
        "median": 0.690394222736,
        "min": 0.00224452838302,
        "var": 2.54958462715
    },
    "zerocrossingrate": {
        "dmean": 0.00803056359291,
        "dmean2": 0.00870509818196,
        "dvar": 0.00023217049602,
        "dvar2": 0.000207309130928,
        "max": 0.35302734375,
        "mean": 0.0497548393905,
        "median": 0.044921875,
        "min": 0.00439453125,
        "var": 0.00152053497732
    },
    "barkbands": {
        "dmean": [3.87807085644e-05, 0.000894840399269, 0.000547424191609, 0.000203737581614, 0.000690789544024, 0.000810248951893, 0.00110338954255, 0.00139250257052, 0.000994120026007, 0.000655678333715, 0.00118088710587, 0.000318941631122, 0.000293928576866, 0.00047544069821, 0.000300552608678, 0.000268625066383, 0.000233382408624, 0.000156392314238, 8.9013192337e-05, 4.59056500404e-05, 3.23320527968e-05, 3.38435493177e-05, 2.49156983045e-05, 1.9604452973e-05, 1.58752354764e-05, 4.28930979979e-06, 7.77620190462e-10],
        "dmean2": [6.59474753775e-05, 0.00158635003027, 0.000758181035053, 0.000332754192641, 0.00106351496652, 0.0012135785073, 0.00165898853447, 0.00207679439336, 0.00152543152217, 0.0009573076386, 0.00157684937585, 0.000480981194414, 0.000448334641987, 0.000723258533981, 0.00046705303248, 0.000422059791163, 0.000351568538463, 0.000245634844759, 0.000136625822051, 6.63650425849e-05, 4.96332395414e-05, 5.09732381033e-05, 3.83718033845e-05, 3.05864487018e-05, 2.25561016123e-05, 5.74294426769e-06, 1.40506317692e-09],
        "dvar": [6.33622665447e-09, 3.47704531123e-06, 1.42666954162e-06, 1.63389643149e-07, 1.54874294367e-06, 4.75606384498e-06, 9.43624854699e-06, 1.30613161673e-05, 8.84430028236e-06, 5.10102154294e-06, 1.12346097012e-05, 9.94265633381e-07, 3.63381388979e-07, 1.54565668709e-06, 6.53585402688e-07, 5.33871457264e-07, 4.40177473138e-07, 1.10324421598e-07, 3.18455022352e-08, 1.76769958671e-08, 1.45820662212e-08, 1.52597632308e-08, 1.03762776149e-08, 5.24388177325e-09, 2.78606382409e-09, 3.06950298512e-10, 2.67009538354e-18],
        "dvar2": [1.73659095992e-08, 1.18054995255e-05, 2.42220880864e-06, 4.48894041938e-07, 3.41511554325e-06, 9.61324985838e-06, 2.02681221708e-05, 2.85444439214e-05, 2.03120980586e-05, 1.00865445347e-05, 1.83765769179e-05, 1.69578686382e-06, 8.19371905436e-07, 3.79480798074e-06, 1.57584463523e-06, 1.32992704494e-06, 1.04358946373e-06, 2.50934078849e-07, 7.56811715519e-08, 4.09618721164e-08, 3.3093925822e-08, 3.17463921817e-08, 2.20226930026e-08, 1.14177707289e-08, 5.62245805469e-09, 4.89842499896e-10, 5.73493086798e-18],
        "max": [0.00125896278769, 0.0242349468172, 0.0318635180593, 0.0076816091314, 0.0182798057795, 0.0274428427219, 0.0419305898249, 0.0501411668956, 0.0509976558387, 0.0517968609929, 0.0478933118284, 0.0208675004542, 0.00943442992866, 0.0180142186582, 0.0124863097444, 0.0122236385942, 0.00952040869743, 0.00366870989092, 0.00208793254569, 0.00218791794032, 0.00189475365914, 0.00193127815146, 0.00162740354426, 0.00104680494405, 0.00100804609247, 0.000430157902883, 4.08551841247e-08],
        "mean": [7.23643024685e-05, 0.00184946449008, 0.00261099194176, 0.000610534043517, 0.00178361672442, 0.00160283315927, 0.00167267583311, 0.00210072449408, 0.00190373929217, 0.00110367860179, 0.00246329349466, 0.000484137737658, 0.000515795894898, 0.000787171942648, 0.000484610791318, 0.000420974654844, 0.000386848812923, 0.000267111550784, 0.000159055911354, 7.17106158845e-05, 5.0871843996e-05, 5.4222135077e-05, 4.33253517258e-05, 3.39263060596e-05, 2.69266020041e-05, 7.59838940212e-06, 6.3225974456e-10],
        "median": [1.59248975251e-05, 0.000574196805246, 0.000493650790304, 0.000316738587571, 0.000827347452287, 0.000309341936372, 0.000236047941144, 0.000160103620146, 0.000294128141832, 0.000128899846459, 0.000137503448059, 7.97977481852e-05, 0.000136702597956, 0.000150056148414, 0.000112524612632, 6.53218448861e-05, 7.35702051315e-05, 5.62769237149e-05, 4.46511403425e-05, 1.71908704942e-05, 3.95141660192e-06, 2.77507797364e-06, 2.83511099042e-06, 2.03732815862e-06, 1.49798495386e-06, 1.96916076334e-07, 1.72668199183e-10],
        "min": [1.71420810879e-09, 7.44497441474e-08, 6.40610267055e-08, 2.58627004257e-08, 9.55122800406e-07, 9.73501670387e-08, 3.76360524967e-08, 1.79385502008e-08, 1.04484890073e-07, 3.31672367793e-07, 1.20361519862e-07, 1.49490624324e-08, 9.42551192651e-09, 9.17932663214e-09, 1.02118766776e-08, 3.82082498973e-09, 1.70333502858e-09, 5.23374454886e-10, 8.87345641409e-10, 6.01538818756e-10, 7.80983555604e-10, 5.15667009093e-10, 4.74817407614e-10, 4.84179918381e-11, 8.58018604083e-12, 8.95549173013e-12, 9.58999980122e-12],
        "var": [1.69894640578e-08, 6.76135641697e-06, 1.8950604499e-05, 7.00698763012e-07, 6.77754997014e-06, 1.04695991467e-05, 1.58102666319e-05, 2.682001832e-05, 1.76615940291e-05, 1.58939492394e-05, 4.58513968624e-05, 2.22564403884e-06, 8.45600027333e-07, 2.50725452133e-06, 9.22984270346e-07, 8.0893738641e-07, 8.01550811502e-07, 2.31422276897e-07, 6.25520897302e-08, 2.63488590946e-08, 3.11488932425e-08, 3.58312064463e-08, 2.38211761427e-08, 1.30509114626e-08, 8.55351522944e-09, 9.88549686554e-10, 2.42721220144e-18]
    },
    "erbbands": {
        "dmean": [0.0187912657857, 0.232320666313, 0.597031533718, 0.655818939209, 0.918888986111, 2.83211231232, 5.42248630524, 6.90471506119, 12.0722236633, 25.7275505066, 25.8124065399, 25.5234260559, 16.6473312378, 30.9417114258, 40.9348106384, 11.3012580872, 13.2481632233, 23.2410259247, 15.8760547638, 15.2056627274, 12.4687929153, 11.5783119202, 7.18079471588, 6.3511595726, 4.13889455795, 1.88133513927, 1.4745477438, 1.22346746922, 1.1354842186, 1.11889517307, 0.648932814598, 0.44785708189, 0.308971256018, 0.200653195381, 0.109318874776, 0.0315160825849, 0.00610031746328, 0.000434930698248, 1.07050391307e-05, 6.6469747253e-06],
        "dmean2": [0.0330954939127, 0.4074845016, 0.872699856758, 1.01445114613, 1.47052180767, 4.31214094162, 8.38155174255, 10.4177465439, 18.558052063, 39.7483634949, 36.7798576355, 37.5904464722, 24.0000476837, 39.2498817444, 53.7919197083, 16.4290332794, 20.1971511841, 34.6785392761, 24.7417602539, 23.6734962463, 18.3212585449, 16.9244918823, 10.9411125183, 9.82030582428, 6.17343091965, 2.73670744896, 2.37614798546, 1.79667317867, 1.6694136858, 1.65238833427, 0.97894859314, 0.694816887379, 0.477654457092, 0.286402761936, 0.159492775798, 0.0414633527398, 0.00920837093145, 0.000644528365228, 1.5532152247e-05, 9.6812573247e-06],
        "dvar": [0.00145289069042, 0.232109755278, 1.6821693182, 1.3647518158, 3.68614411354, 33.4974861145, 179.761825562, 412.433624268, 1859.02172852, 4324.98974609, 5225.33642578, 6090.20703125, 3562.20166016, 10006.1367188, 14169.9238281, 790.936889648, 719.981872559, 4009.79443359, 1774.37097168, 1596.68615723, 1192.0333252, 1039.28894043, 251.332885742, 145.264266968, 91.1169662476, 29.0933170319, 29.9120006561, 23.1801357269, 16.5073833466, 18.1207714081, 6.77837944031, 2.67727613449, 1.31914830208, 0.440128058195, 0.163826316595, 0.0156094636768, 0.000971150468104, 4.78153333461e-06, 1.6818175741e-09, 8.57694193446e-11],
        "dvar2": [0.00494017312303, 0.775563180447, 3.17268872261, 3.32723546028, 9.04441070557, 69.8288955688, 398.55090332, 813.746520996, 4219.02392578, 10278.9677734, 10026.7646484, 13714.5253906, 7090.24707031, 16242.4658203, 23050.875, 1341.86169434, 1700.01513672, 9677.18457031, 4202.59912109, 3658.2746582, 2676.59863281, 2317.51416016, 551.208435059, 356.695709229, 212.165817261, 67.8407821655, 74.2797470093, 50.7669754028, 34.1718902588, 34.2209320068, 14.342250824, 5.74086093903, 2.84087204933, 0.93511068821, 0.335155069828, 0.0266543533653, 0.00199738983065, 9.29761608859e-06, 3.17793236171e-09, 1.75374367806e-10],
        "max": [0.45059427619, 6.14971828461, 34.1540107727, 22.2338066101, 26.0759677887, 107.912612915, 173.497161865, 315.957580566, 587.326477051, 783.876953125, 939.090576172, 1384.27307129, 1815.80761719, 2179.43505859, 2032.89624023, 639.116882324, 448.410736084, 923.073242188, 717.040405273, 698.192565918, 819.164794922, 529.587341309, 202.821090698, 129.06010437, 134.507003784, 108.177474976, 94.4719772339, 82.4732284546, 52.9107589722, 69.6603012085, 39.5324668884, 19.9839439392, 19.2734966278, 9.59624290466, 9.75945281982, 3.27079510689, 0.606393396854, 0.0523435659707, 0.000936607306357, 0.000111676738015],
        "mean": [0.0438082888722, 0.48558691144, 2.76593112946, 2.46937465668, 2.64400434494, 6.9070057869, 10.350063324, 13.5931158066, 18.2439575195, 43.558177948, 42.5765304565, 50.3500709534, 28.3649787903, 52.6263580322, 94.2215576172, 23.6612529755, 25.0053386688, 39.5440635681, 29.2763824463, 27.0954818726, 22.1408424377, 20.3979511261, 13.6121063232, 11.4633569717, 7.26922702789, 3.22039055824, 2.24674153328, 1.92405903339, 1.79813456535, 1.86129319668, 1.10726177692, 0.755556821823, 0.539195895195, 0.315904557705, 0.184969395399, 0.0562065653503, 0.0102473963052, 0.000656948192045, 2.6937430448e-05, 2.66663046204e-05],
        "median": [0.0109575707465, 0.149821713567, 0.572330415249, 1.4428280592, 1.42438185215, 2.71346831322, 3.47015976906, 2.49634790421, 2.60992193222, 5.59816741943, 5.27860927582, 8.25934123993, 6.56011676788, 6.68538856506, 7.59660482407, 5.68495988846, 7.98972988129, 9.65522098541, 9.36691188812, 5.9317779541, 4.72111368179, 3.9010848999, 2.91303920746, 3.0937359333, 2.0075981617, 0.945824146271, 0.284154176712, 0.117774620652, 0.0864768624306, 0.0915946811438, 0.0803016424179, 0.0513068661094, 0.0250688698143, 0.0177752580494, 0.00777389062569, 0.00140981026925, 0.000283829431282, 1.80925962923e-05, 1.10664122985e-05, 2.20473812078e-05],
        "min": [2.83632994069e-06, 1.66083991644e-05, 6.42036902718e-05, 0.000129687585286, 0.000291948555969, 0.00246542016976, 0.00156975793652, 0.000996471848339, 0.000566010596231, 0.000530071672983, 0.000972480222117, 0.00541560957208, 0.0101598044857, 0.00444148248062, 0.00344309583306, 0.00119604752399, 0.000725612218957, 0.000604961474892, 0.000842867710162, 0.000377699208912, 0.000145324273035, 9.44339190028e-05, 4.12806912209e-05, 4.19866228185e-05, 3.33061689162e-05, 3.49633264705e-05, 3.85585553886e-05, 2.79112700809e-05, 1.86866327567e-05, 1.47269611261e-05, 1.62634878507e-05, 1.0320212823e-05, 5.578226137e-06, 6.76599483995e-07, 2.82033738586e-07, 1.3857058434e-07, 6.844856415e-08, 1.66924287726e-08, 1.17506617769e-08, 1.52454813218e-08],
        "var": [0.00366769428365, 0.476497590542, 20.6557312012, 8.91788005829, 12.0681171417, 135.864700317, 348.367553711, 925.478942871, 2571.54199219, 8077.74072266, 12595.0107422, 12423.5224609, 8713.28808594, 26906.3300781, 71346.40625, 2740.28442383, 1711.17541504, 6528.78027344, 2705.22167969, 2999.03540039, 2029.53369141, 2133.06738281, 582.922363281, 313.068908691, 155.714996338, 45.7425765991, 52.4062576294, 50.2008171082, 38.5372962952, 46.5869636536, 15.1785020828, 6.31503868103, 3.4014673233, 1.10754096508, 0.492610633373, 0.0503322705626, 0.00214869622141, 1.05907074612e-05, 4.42566294723e-09, 4.96868768352e-10]
    },
    "gfcc": {
        "mean": [-93.0167312622, 147.301559448, -142.053756714, 11.7283477783, -40.4799461365, 6.04799222946, -34.0981674194, 6.50154685974, -17.5380210876, -8.39097976685, -7.08453178406, -10.1295061111, -6.17254495621],
        "cov": [[12627.6269531, -3721.65600586, -703.133117676, 910.574768066, -2144.75390625, 363.66015625, -727.2421875, 749.552185059, -199.064437866, 701.524536133, 55.9567642212, 326.048736572, -436.293151855], [-3721.65600586, 3228.70483398, -109.401763916, -557.154907227, 1412.22851562, -491.466461182, 561.771362305, -417.923553467, 243.931091309, -526.467102051, 139.742385864, -306.527862549, 138.152954102], [-703.133117676, -109.401763916, 2590.93554688, 454.24786377, -188.297821045, 658.788085938, -38.704208374, 122.410484314, 2.85910725594, 46.8212127686, -146.744598389, -0.670178174973, -147.446456909], [910.574768066, -557.154907227, 454.24786377, 723.444946289, -102.189979553, 234.331192017, 38.951877594, 71.3843078613, 48.4779548645, 114.00894928, -104.672210693, 28.1958122253, -56.1091690063], [-2144.75390625, 1412.22851562, -188.297821045, -102.189979553, 1057.65466309, -140.659347534, 393.303131104, -139.154998779, 125.503082275, -201.74597168, -18.0327033997, -125.09753418, 71.3215484619], [363.66015625, -491.466461182, 658.788085938, 234.331192017, -140.659347534, 555.906616211, 46.7643966675, 143.612792969, -24.1015777588, 55.7234077454, -75.0543365479, 30.2562522888, -111.924789429], [-727.2421875, 561.771362305, -38.704208374, 38.951877594, 393.303131104, 46.7643966675, 435.451782227, -71.9064407349, 59.2615814209, -91.3297729492, -35.8467597961, -72.7338943481, -18.9125156403], [749.552185059, -417.923553467, 122.410484314, 71.3843078613, -139.154998779, 143.612792969, -71.9064407349, 255.053283691, 3.56483149529, 103.439849854, 2.29113149643, 40.0030059814, -56.3449783325], [-199.064437866, 243.931091309, 2.85910725594, 48.4779548645, 125.503082275, -24.1015777588, 59.2615814209, 3.56483149529, 177.461776733, -27.4823493958, -13.8883237839, -4.01451683044, -9.71140861511], [701.524536133, -526.467102051, 46.8212127686, 114.00894928, -201.74597168, 55.7234077454, -91.3297729492, 103.439849854, -27.4823493958, 196.283905029, 9.73771190643, 59.9275283813, -23.2994880676], [55.9567642212, 139.742385864, -146.744598389, -104.672210693, -18.0327033997, -75.0543365479, -35.8467597961, 2.29113149643, -13.8883237839, 9.73771190643, 185.247161865, 6.80138206482, 19.6674785614], [326.048736572, -306.527862549, -0.670178174973, 28.1958122253, -125.09753418, 30.2562522888, -72.7338943481, 40.0030059814, -4.01451683044, 59.9275283813, 6.80138206482, 139.352722168, -3.01412010193], [-436.293151855, 138.152954102, -147.446456909, -56.1091690063, 71.3215484619, -111.924789429, -18.9125156403, -56.3449783325, -9.71140861511, -23.2994880676, 19.6674785614, -3.01412010193, 121.452362061]],
        "icov": [[0.000203878124012, -0.000129265579744, 0.000189875965589, -0.000320209248457, 0.000415055343183, -1.60448826136e-06, 6.68690699968e-05, -0.000369967368897, 0.000186052871868, -0.000164907221915, 3.24000975525e-05, -9.54223287408e-05, 0.000531200377736], [-0.000129265579744, 0.00295840785839, -0.00100322649814, 0.00136552529875, -0.00256996229291, 0.00156232516747, -0.000885987828951, 0.00134621374309, -0.00197361689061, 0.002896750113, -0.00237271096557, 0.00184355583042, -0.000153256158228], [0.000189875965589, -0.00100322649814, 0.00104898086283, -0.000836207007524, 0.00104829994962, -0.0011778814951, 0.000619323342107, -0.00050795689458, 0.000653887691442, -0.000915993296076, 0.000858304440044, -0.000427125691203, 0.000597118400037], [-0.000320209248457, 0.00136552529875, -0.000836207007524, 0.00299063534476, -0.00146581046283, 0.000155518646352, -0.000765091797803, 0.00129778299015, -0.00179294997361, 4.06029903388e-05, -0.000222603950533, 0.000943970226217, -0.000926197564695], [0.000415055343183, -0.00256996229291, 0.00104829994962, -0.00146581046283, 0.00458072684705, -0.00094015157083, -0.000656668329611, -0.0018553158734, 0.0011278212769, -0.00173439725768, 0.0020050026942, -0.00113818561658, -0.000105005754449], [-1.60448826136e-06, 0.00156232516747, -0.0011778814951, 0.000155518646352, -0.00094015157083, 0.00462775072083, -0.00146501895506, -0.000986319384538, -2.03239869734e-05, 0.00208686548285, -0.000793102313764, 0.000246557843639, 0.00152331695426], [6.68690699968e-05, -0.000885987828951, 0.000619323342107, -0.000765091797803, -0.000656668329611, -0.00146501895506, 0.00450516073033, 0.000537521904334, 0.000282778928522, -0.000681818404701, 0.000812598795164, 0.000270149175776, 0.0013998132199], [-0.000369967368897, 0.00134621374309, -0.00050795689458, 0.00129778299015, -0.0018553158734, -0.000986319384538, 0.000537521904334, 0.00738985557109, -0.00202514813282, -0.00138514616992, -0.00131808582228, 0.000884762965143, 0.000622885941993], [0.000186052871868, -0.00197361689061, 0.000653887691442, -0.00179294997361, 0.0011278212769, -2.03239869734e-05, 0.000282778928522, -0.00202514813282, 0.00822059903294, -0.000818110944238, 0.00169967382681, -0.00212728371844, 0.00147471262608], [-0.000164907221915, 0.002896750113, -0.000915993296076, 4.06029903388e-05, -0.00173439725768, 0.00208686548285, -0.000681818404701, -0.00138514616992, -0.000818110944238, 0.0117508517578, -0.00293579301797, -0.000159652161528, -0.000127548206365], [3.24000975525e-05, -0.00237271096557, 0.000858304440044, -0.000222603950533, 0.0020050026942, -0.000793102313764, 0.000812598795164, -0.00131808582228, 0.00169967382681, -0.00293579301797, 0.00816443283111, -0.00156742276158, -0.000427036546171], [-9.54223287408e-05, 0.00184355583042, -0.000427125691203, 0.000943970226217, -0.00113818561658, 0.000246557843639, 0.000270149175776, 0.000884762965143, -0.00212728371844, -0.000159652161528, -0.00156742276158, 0.0101382341236, -0.000869451614562], [0.000531200377736, -0.000153256158228, 0.000597118400037, -0.000926197564695, -0.000105005754449, 0.00152331695426, 0.0013998132199, 0.000622885941993, 0.00147471262608, -0.000127548206365, -0.000427036546171, -0.000869451614562, 0.0127267269418]]
    },
    "melbands": {
        "dmean": [0.000207862161915, 0.000302825239487, 0.000111870511319, 0.000126576327602, 0.000177965368493, 0.000156868554768, 0.000193774030777, 0.000293085468002, 0.000212689090404, 0.000145166646689, 8.04485753179e-05, 0.000120605007396, 0.000159481045557, 4.6719203965e-05, 2.70334057859e-05, 2.75721413345e-05, 4.92502294946e-05, 2.82453638647e-05, 2.0897388822e-05, 2.08402634598e-05, 1.53463952302e-05, 1.45225521919e-05, 7.50120852899e-06, 7.81650578574e-06, 5.34582068212e-06, 3.56550140168e-06, 2.41614566221e-06, 1.09577467811e-06, 1.00782040136e-06, 7.91753336671e-07, 7.61514797887e-07, 6.79197228237e-07, 7.22565687283e-07, 6.15851831753e-07, 4.04725511771e-07, 3.32567850592e-07, 2.69212875992e-07, 2.45183770176e-07, 1.86486019516e-07, 1.7529866625e-07],
        "dmean2": [0.000368918757886, 0.000484371616039, 0.000173461856321, 0.000195009153686, 0.000269865326118, 0.000235155705013, 0.00028993721935, 0.00045255018631, 0.000305040855892, 0.0002156511473, 0.00011756933236, 0.000154396300786, 0.000209361125599, 6.58623030176e-05, 4.13813831983e-05, 4.13771813328e-05, 7.36893562134e-05, 4.437725147e-05, 3.26030640281e-05, 3.28134192387e-05, 2.2830285161e-05, 2.17757969949e-05, 1.1484672541e-05, 1.23669333334e-05, 8.39810672915e-06, 5.4020169955e-06, 3.67573534277e-06, 1.63895822425e-06, 1.57973261139e-06, 1.20685206184e-06, 1.15420357361e-06, 1.02202432117e-06, 1.10191660951e-06, 9.45302701894e-07, 6.38835956579e-07, 5.18652711889e-07, 4.22661798893e-07, 3.93764594264e-07, 2.69243003004e-07, 2.58606576153e-07],
        "dvar": [1.97346068376e-07, 3.55999418389e-07, 3.79471885026e-08, 6.3603160072e-08, 1.54104043304e-07, 2.24282729278e-07, 3.97619288606e-07, 5.34155503829e-07, 3.44110276274e-07, 2.0151138358e-07, 9.4065555345e-08, 1.60776451708e-07, 1.9973569465e-07, 1.82956423345e-08, 3.10041192719e-09, 3.21694781924e-09, 1.95500131639e-08, 5.83273473964e-09, 3.20966453415e-09, 2.970026447e-09, 2.30452590344e-09, 1.81470383165e-09, 4.9814746772e-10, 2.6233634709e-10, 1.13991809048e-10, 6.37561947681e-11, 4.72492565906e-11, 1.12127295296e-11, 1.42164188408e-11, 9.20075127198e-12, 9.67253620948e-12, 6.24579424638e-12, 7.71988983156e-12, 6.01031897862e-12, 2.94712691751e-12, 1.59700703183e-12, 9.73510009585e-13, 8.55919935622e-13, 4.37208456288e-13, 3.45486226433e-13],
        "dvar2": [6.9340904929e-07, 8.47402930049e-07, 9.32264470066e-08, 1.34241616934e-07, 3.47590201955e-07, 4.5866858045e-07, 8.88323825166e-07, 1.29326588194e-06, 6.59589034058e-07, 4.63025742192e-07, 1.87720175404e-07, 2.60336719293e-07, 3.44623600768e-07, 2.80447043366e-08, 6.40201225366e-09, 7.16230896813e-09, 4.73186290151e-08, 1.34455735434e-08, 7.85852449781e-09, 7.14682402148e-09, 5.30945554189e-09, 4.20569890025e-09, 1.05912312254e-09, 6.1523652839e-10, 2.93780111349e-10, 1.50990123182e-10, 1.07440091546e-10, 2.6136511358e-11, 3.47067825868e-11, 2.25990736541e-11, 2.23062662091e-11, 1.42183608637e-11, 1.68137084117e-11, 1.1862241224e-11, 6.6956262583e-12, 3.54311458645e-12, 2.17709791167e-12, 1.94064339251e-12, 8.92497555895e-13, 7.94060943301e-13],
        "max": [0.00577323511243, 0.0131064867601, 0.00402637384832, 0.00376691599376, 0.00468488410115, 0.00703437393531, 0.0085382387042, 0.00837008282542, 0.00860375910997, 0.00746845314279, 0.00937264412642, 0.00821884628385, 0.00740527361631, 0.00287219882011, 0.000942731043324, 0.000819446344394, 0.00209409953095, 0.00122211140115, 0.00106845539995, 0.000617746205535, 0.00121433811728, 0.000646949512884, 0.000409511209, 0.000176663161255, 0.000121681936434, 0.000116332696052, 0.000103247664811, 7.08826628397e-05, 7.40601026337e-05, 4.75520428154e-05, 5.09822712047e-05, 3.22017585859e-05, 4.93748084409e-05, 3.86404717574e-05, 2.93444427371e-05, 2.04040716199e-05, 1.44770692714e-05, 1.52408174472e-05, 1.11148528958e-05, 9.22625349631e-06],
        "mean": [0.000446334568551, 0.00116897735279, 0.000439346564235, 0.000332605966832, 0.00037355866516, 0.00030932892696, 0.000295852805721, 0.000484838645207, 0.000356874545105, 0.000284610519884, 0.000130689979414, 0.000194445674424, 0.000341461156495, 9.67037994997e-05, 4.72513056593e-05, 5.25376090081e-05, 7.83540308475e-05, 4.82004033984e-05, 3.3650547266e-05, 3.49554065906e-05, 2.44506645686e-05, 2.35451825574e-05, 1.29423006001e-05, 1.30182370413e-05, 8.84765995579e-06, 5.87080467085e-06, 3.84344457416e-06, 1.690488034e-06, 1.43448073686e-06, 1.17377339848e-06, 1.09550001071e-06, 9.98286850518e-07, 1.07570201635e-06, 1.00927650237e-06, 6.51852587907e-07, 5.17050352755e-07, 4.35713786828e-07, 4.0318471406e-07, 3.02139369524e-07, 2.51594315159e-07],
        "median": [0.000140893083881, 0.000276683800621, 0.000273972837022, 0.000161085103173, 0.000142991892062, 5.40062756045e-05, 3.98402480641e-05, 5.34930732101e-05, 3.52793285856e-05, 4.45627738372e-05, 1.81789382623e-05, 2.20887832256e-05, 2.16118114622e-05, 1.2969441741e-05, 1.05527160486e-05, 1.67233611137e-05, 1.49724010043e-05, 1.24782400235e-05, 7.51861534809e-06, 6.18451531409e-06, 4.66532992505e-06, 4.37711560153e-06, 1.87841260413e-06, 2.71677618002e-06, 2.33700598073e-06, 1.30121770781e-06, 1.03699198917e-06, 3.4196790466e-07, 1.58221595825e-07, 9.15054130246e-08, 5.07279764861e-08, 4.26099049378e-08, 5.41709646029e-08, 4.20578665228e-08, 4.51005206514e-08, 3.31555476407e-08, 2.83584427052e-08, 1.53483128429e-08, 1.13148361791e-08, 1.36687337005e-08],
