{
"highlevel": {
    "danceability": {
        "all": {
            "danceable": 0.836879014969,
            "not_danceable": 0.16312097013
        },
        "probability": 0.836879014969,
        "value": "danceable"
    },
    "gender": {
        "all": {
            "female": 0.00455435272306,
            "male": 0.995445668697
        },
        "probability": 0.995445668697,
        "value": "male"
    },
    "genre_dortmund": {
        "all": {
            "alternative": 0.213620483875,
            "blues": 0.0266612581909,
            "electronic": 0.0572235099971,
            "folkcountry": 0.17041105032,
            "funksoulrnb": 0.0122261466458,
            "jazz": 0.0236119739711,
            "pop": 0.113761126995,
            "raphiphop": 0.0294083915651,
            "rock": 0.353076040745
        },
        "probability": 0.353076040745,
        "value": "rock"
    },
    "genre_electronic": {
        "all": {
            "ambient": 0.368420034647,
            "dnb": 0.262022793293,
            "house": 0.186349228024,
            "techno": 0.0309307351708,
            "trance": 0.152277216315
        },
        "probability": 0.368420034647,
        "value": "ambient"
    },
    "genre_rosamerica": {
        "all": {
            "cla": 0.0164485070854,
            "dan": 0.225629717112,
            "hip": 0.107933074236,
            "jaz": 0.0233500339091,
            "pop": 0.284735262394,
            "rhy": 0.241715788841,
            "roc": 0.0566088855267,
            "spe": 0.0435787476599
        },
        "probability": 0.284735262394,
        "value": "pop"
    },
    "genre_tzanetakis": {
        "all": {
            "blu": 0.0620671063662,
            "cla": 0.034474901855,
            "cou": 0.103433981538,
            "dis": 0.0620971247554,
            "hip": 0.15527240932,
            "jaz": 0.310666948557,
            "met": 0.044346679002,
            "pop": 0.0620793737471,
            "reg": 0.0620816536248,
            "roc": 0.103479810059
        },
        "probability": 0.310666948557,
        "value": "jaz"
    },
    "ismir04_rhythm": {
        "all": {
            "ChaChaCha": 0.0888860225677,
            "Jive": 0.141590684652,
            "Quickstep": 0.070419318974,
            "Rumba-American": 0.0205163583159,
            "Rumba-International": 0.315254628658,
            "Rumba-Misc": 0.0139245670289,
            "Samba": 0.288285940886,
            "Tango": 0.00871005468071,
            "VienneseWaltz": 0.0326713584363,
            "Waltz": 0.0197410844266
        },
        "probability": 0.315254628658,
        "value": "Rumba-International"
    },
    "mood_acoustic": {
        "all": {
            "acoustic": 0.826083898544,
            "not_acoustic": 0.173916086555
        },
        "probability": 0.826083898544,
        "value": "acoustic"
    },
    "mood_aggressive": {
        "all": {
            "aggressive": 0.0938002541661,
            "not_aggressive": 0.906199753284
        },
        "probability": 0.906199753284,
        "value": "not_aggressive"
    },
    "mood_electronic": {
        "all": {
            "electronic": 0.511625170708,
            "not_electronic": 0.488374829292
        },
        "probability": 0.511625170708,
        "value": "electronic"
    },
    "mood_happy": {
        "all": {
            "happy": 0.223361477256,
            "not_happy": 0.776638507843
        },
        "probability": 0.776638507843,
        "value": "not_happy"
    },
    "mood_party": {
        "all": {
            "not_party": 0.879292190075,
            "party": 0.120707824826
        },
        "probability": 0.879292190075,
        "value": "not_party"
    },
    "mood_relaxed": {
        "all": {
            "not_relaxed": 0.230840668082,
            "relaxed": 0.769159317017
        },
        "probability": 0.769159317017,
        "value": "relaxed"
    },
    "mood_sad": {
        "all": {
            "not_sad": 0.195009335876,
            "sad": 0.804990649223
        },
        "probability": 0.804990649223,
        "value": "sad"
    },
    "moods_mirex": {
        "all": {
            "Cluster1": 0.214496314526,
            "Cluster2": 0.338345497847,
            "Cluster3": 0.166395902634,
            "Cluster4": 0.133467152715,
            "Cluster5": 0.147295132279
        },
        "probability": 0.338345497847,
        "value": "Cluster2"
    },
    "timbre": {
        "all": {
            "bright": 0.401751667261,
            "dark": 0.598248362541
        },
        "probability": 0.598248362541,
        "value": "dark"
    },
    "tonal_atonal": {
        "all": {
            "atonal": 0.600775361061,
            "tonal": 0.399224609137
        },
        "probability": 0.600775361061,
        "value": "atonal"
    },
    "voice_instrumental": {
        "all": {
            "instrumental": 0.000252883473877,
            "voice": 0.999747097492
        },
        "probability": 0.999747097492,
        "value": "voice"
    }
},
"lowlevel": {
    "average_loudness": 0.969077885151,
    "barkbands_crest": {
        "dmean": 2.94319152832,
        "dmean2": 4.84343099594,
        "dvar": 7.80206251144,
        "dvar2": 21.6376209259,
        "max": 24.5447864532,
        "mean": 11.3451128006,
        "median": 10.4909219742,
        "min": 2.81326413155,
        "var": 20.236114502
    },
    "barkbands_flatness_db": {
        "dmean": 0.0260794311762,
        "dmean2": 0.041123945266,
        "dvar": 0.000668007298373,
        "dvar2": 0.00169065198861,
        "max": 0.42040887475,
        "mean": 0.186292827129,
        "median": 0.173917636275,
        "min": 0.0703568607569,
        "var": 0.00320584047586
    },
    "barkbands_kurtosis": {
        "dmean": 4.58634376526,
        "dmean2": 7.66866540909,
        "dvar": 68.255355835,
        "dvar2": 185.954269409,
        "max": 147.972763062,
        "mean": 8.7491350174,
        "median": 6.18936634064,
        "min": -1.89319682121,
        "var": 101.146598816
    },
    "barkbands_skewness": {
        "dmean": 0.613743841648,
        "dmean2": 0.990140199661,
        "dvar": 0.481130868196,
        "dvar2": 1.29196274281,
        "max": 8.70112228394,
        "mean": 2.23423290253,
        "median": 2.14662575722,
        "min": -1.02166795731,
        "var": 1.32415437698
    },
    "barkbands_spread": {
        "dmean": 4.33026456833,
        "dmean2": 6.71298646927,
        "dvar": 47.2869033813,
        "dvar2": 96.5606613159,
        "max": 102.467155457,
        "mean": 14.947309494,
        "median": 11.7901420593,
        "min": 0.622577011585,
        "var": 190.214157104
    },
    "dissonance": {
        "dmean": 0.0200194939971,
        "dmean2": 0.0332854166627,
        "dvar": 0.000309667433612,
        "dvar2": 0.000820550951175,
        "max": 0.498688817024,
        "mean": 0.44971576333,
        "median": 0.45459073782,
        "min": 0.292439371347,
        "var": 0.00100081472192
    },
    "dynamic_complexity": 2.68101811409,
    "erbbands_crest": {
        "dmean": 2.53337216377,
        "dmean2": 4.21396970749,
        "dvar": 5.42708015442,
        "dvar2": 14.4331092834,
        "max": 25.7670936584,
        "mean": 9.15954494476,
        "median": 8.41265964508,
        "min": 3.04620170593,
        "var": 14.2726335526
    },
    "erbbands_flatness_db": {
        "dmean": 0.0175162553787,
        "dmean2": 0.0255858357996,
        "dvar": 0.000276611477602,
        "dvar2": 0.000513290578965,
        "max": 0.256637424231,
        "mean": 0.153566002846,
        "median": 0.154685303569,
        "min": 0.0603379867971,
        "var": 0.00137580139562
    },
    "erbbands_kurtosis": {
        "dmean": 1.08021056652,
        "dmean2": 1.71687710285,
        "dvar": 1.36201143265,
        "dvar2": 3.30367398262,
        "max": 13.0935840607,
        "mean": 1.3612498045,
        "median": 0.892557382584,
        "min": -1.70655703545,
        "var": 3.99159359932
    },
    "erbbands_skewness": {
        "dmean": 0.354153990746,
        "dmean2": 0.546686649323,
        "dvar": 0.110415622592,
        "dvar2": 0.229372888803,
        "max": 3.40618729591,
        "mean": 0.763912260532,
        "median": 0.821057736874,
        "min": -2.9640583992,
        "var": 0.588945746422
    },
    "erbbands_spread": {
        "dmean": 7.12793779373,
        "dmean2": 11.0746793747,
        "dvar": 56.330821991,
        "dvar2": 130.791229248,
        "max": 128.690353394,
        "mean": 35.4407997131,
        "median": 31.9235153198,
        "min": 8.7272939682,
        "var": 270.816741943
    },
    "hfc": {
        "dmean": 5.82098913193,
        "dmean2": 8.16417217255,
        "dvar": 110.369232178,
        "dvar2": 159.818313599,
        "max": 245.636016846,
        "mean": 22.1527767181,
        "median": 16.7185821533,
        "min": 0.900152087212,
        "var": 652.260620117
    },
    "melbands_crest": {
        "dmean": 3.57494997978,
        "dmean2": 6.1019859314,
        "dvar": 11.7134599686,
        "dvar2": 34.5697669983,
        "max": 32.1157073975,
        "mean": 15.162446022,
        "median": 14.1572151184,
        "min": 4.46483755112,
        "var": 26.9740390778
    },
    "melbands_flatness_db": {
        "dmean": 0.0299552623183,
        "dmean2": 0.0467542260885,
        "dvar": 0.000858404207975,
        "dvar2": 0.00217713718303,
        "max": 0.54330009222,
        "mean": 0.256905198097,
        "median": 0.244184479117,
        "min": 0.0761251300573,
        "var": 0.00515238801017
    },
    "melbands_kurtosis": {
        "dmean": 9.28170394897,
        "dmean2": 15.2374610901,
        "dvar": 195.00189209,
        "dvar2": 532.643249512,
        "max": 160.717224121,
        "mean": 19.3878955841,
        "median": 13.3181724548,
        "min": -0.714568376541,
        "var": 363.311157227
    },
    "melbands_skewness": {
        "dmean": 0.818999946117,
        "dmean2": 1.32796931267,
        "dvar": 0.780851244926,
        "dvar2": 2.08029603958,
        "max": 11.1978530884,
        "mean": 3.15024542809,
        "median": 2.87702584267,
        "min": -0.00440283911303,
        "var": 2.64180350304
    },
    "melbands_spread": {
        "dmean": 4.3888001442,
        "dmean2": 6.77333545685,
        "dvar": 56.6603813171,
        "dvar2": 94.0459213257,
        "max": 168.936050415,
        "mean": 13.7494029999,
        "median": 10.3939914703,
        "min": 0.578645348549,
        "var": 270.427337646
    },
    "pitch_salience": {
        "dmean": 0.0793300941586,
        "dmean2": 0.131093427539,
        "dvar": 0.00622067134827,
        "dvar2": 0.0167601369321,
        "max": 0.841600894928,
        "mean": 0.54328930378,
        "median": 0.56973451376,
        "min": 0.106416769326,
        "var": 0.0169191211462
    },
    "silence_rate_20dB": {
        "dmean": 0,
        "dmean2": 0,
        "dvar": 0,
        "dvar2": 0,
        "max": 1,
        "mean": 1,
        "median": 1,
        "min": 1,
        "var": 0
    },
    "silence_rate_30dB": {
        "dmean": 0.00773993786424,
        "dmean2": 0.0154918665066,
        "dvar": 0.00768007803708,
        "dvar2": 0.0214486960322,
        "max": 1,
        "mean": 0.99535959959,
        "median": 1,
        "min": 0,
        "var": 0.00461882073432
    },
    "silence_rate_60dB": {
        "dmean": 0,
        "dmean2": 0,
        "dvar": 0,
        "dvar2": 0,
        "max": 0,
        "mean": 0,
        "median": 0,
        "min": 0,
        "var": 0
    },
    "spectral_centroid": {
        "dmean": 168.367797852,
        "dmean2": 254.532150269,
        "dvar": 60218.53125,
        "dvar2": 110419.257812,
        "max": 4301.19189453,
        "mean": 872.583251953,
        "median": 739.454772949,
        "min": 159.968719482,
        "var": 342709.65625
    },
    "spectral_complexity": {
        "dmean": 2.87693500519,
        "dmean2": 4.34237003326,
        "dvar": 9.74255561829,
        "dvar2": 17.6070518494,
        "max": 41,
        "mean": 17.1368904114,
        "median": 16,
        "min": 3,
        "var": 50.9936256409
    },
    "spectral_decrease": {
        "dmean": 3.5877236737e-09,
        "dmean2": 5.80841952313e-09,
        "dvar": 1.5207808206e-17,
        "dvar2": 3.71441913734e-17,
        "max": -6.47321585223e-10,
        "mean": -1.12041487199e-08,
        "median": -1.06454791649e-08,
        "min": -3.86213869774e-08,
        "var": 3.59903439021e-17
    },
    "spectral_energy": {
        "dmean": 0.0138158099726,
        "dmean2": 0.022314991802,
        "dvar": 0.00022199099476,
        "dvar2": 0.000538427964784,
        "max": 0.147247493267,
        "mean": 0.0442964397371,
        "median": 0.0423301197588,
        "min": 0.00253246957436,
        "var": 0.000546124647371
    },
    "spectral_energyband_high": {
        "dmean": 0.000389541964978,
        "dmean2": 0.000519207911566,
        "dvar": 1.96448445422e-06,
        "dvar2": 2.6473608159e-06,
        "max": 0.0349056981504,
        "mean": 0.00100790022407,
        "median": 0.000288083072519,
        "min": 1.01420550891e-06,
        "var": 1.0515381291e-05
    },
    "spectral_energyband_low": {
        "dmean": 0.0111334417015,
        "dmean2": 0.0188196655363,
        "dvar": 0.000194053180167,
        "dvar2": 0.000482935400214,
        "max": 0.135992258787,
        "mean": 0.0207285005599,
        "median": 0.0159853473306,
        "min": 0.000408088148106,
        "var": 0.00028184891562
    },
    "spectral_energyband_middle_high": {
        "dmean": 0.00127542950213,
        "dmean2": 0.00195836694911,
        "dvar": 3.3269384403e-06,
        "dvar2": 7.90658395999e-06,
        "max": 0.0226886067539,
        "mean": 0.00390435196459,
        "median": 0.00253847218119,
        "min": 4.6033950639e-05,
        "var": 1.55745146913e-05
    },
    "spectral_energyband_middle_low": {
        "dmean": 0.00620857765898,
        "dmean2": 0.00942307617515,
        "dvar": 5.12394435646e-05,
        "dvar2": 0.000120183511171,
        "max": 0.10027167201,
        "mean": 0.0206173826009,
        "median": 0.018920481205,
        "min": 0.000360613194061,
        "var": 0.000230928417295
    },
    "spectral_entropy": {
        "dmean": 0.15572732687,
        "dmean2": 0.229138463736,
        "dvar": 0.0315683633089,
        "dvar2": 0.0586859807372,
        "max": 8.62143802643,
        "mean": 7.36789751053,
        "median": 7.38922548294,
        "min": 5.60464382172,
        "var": 0.205669164658
    },
    "spectral_flux": {
        "dmean": 0.0316223502159,
        "dmean2": 0.0504653230309,
        "dvar": 0.00101511750836,
        "dvar2": 0.00237157964148,
        "max": 0.295961111784,
        "mean": 0.0991538986564,
        "median": 0.0956566110253,
        "min": 0.0135422293097,
        "var": 0.00246618990786
    },
    "spectral_kurtosis": {
        "dmean": 1.77764189243,
        "dmean2": 2.89375829697,
        "dvar": 5.40822649002,
        "dvar2": 13.767988205,
        "max": 34.2831764221,
        "mean": 5.432472229,
        "median": 4.60528469086,
        "min": -1.01560485363,
        "var": 15.1054353714
    },
    "spectral_rms": {
        "dmean": 0.0010444347281,
        "dmean2": 0.001675317646,
        "dvar": 1.1135771274e-06,
        "dvar2": 2.64988057097e-06,
        "max": 0.0119856614619,
        "mean": 0.00632165418938,
        "median": 0.00642632693052,
        "min": 0.00157184666023,
        "var": 3.25274163515e-06
    },
    "spectral_rolloff": {
        "dmean": 275.680877686,
        "dmean2": 465.958221436,
        "dvar": 453617.5,
        "dvar2": 850221.6875,
        "max": 8957.8125,
        "mean": 779.226135254,
        "median": 473.73046875,
        "min": 64.599609375,
        "var": 1567705.375
    },
    "spectral_skewness": {
        "dmean": 0.225243732333,
        "dmean2": 0.350807607174,
        "dvar": 0.0485042668879,
        "dvar2": 0.111872054636,
        "max": 4.35998821259,
        "mean": 1.83609950542,
        "median": 1.82979333401,
        "min": 0.107187196612,
        "var": 0.312819093466
    },
    "spectral_spread": {
        "dmean": 493737.8125,
        "dmean2": 712125.6875,
        "dvar": 413480091648,
        "dvar2": 735007801344,
        "max": 12069625,
        "mean": 4538462.5,
        "median": 4400067,
        "min": 1419847.875,
        "var": 2.04816855859e+12
    },
    "spectral_strongpeak": {
        "dmean": 0.447148472071,
        "dmean2": 0.782230138779,
        "dvar": 0.48390430212,
        "dvar2": 1.1435611248,
        "max": 6.15408182144,
        "mean": 0.75350600481,
        "median": 0.417152255774,
        "min": 0.0331447161734,
        "var": 0.773665130138
    },
    "zerocrossingrate": {
        "dmean": 0.00798256695271,
        "dmean2": 0.0095379371196,
        "dvar": 0.000113756337669,
        "dvar2": 0.000102229540062,
        "max": 0.2470703125,
        "mean": 0.0403426811099,
        "median": 0.0341796875,
        "min": 0.00341796875,
        "var": 0.00123326689936
    },
    "barkbands": {
        "dmean": [0.000537136336789, 0.00870772637427, 0.00311330403201, 0.00175232964102, 0.00226751947775, 0.00135909044184, 0.00252903439105, 0.00127621658612, 0.0011668271618, 0.000414877256844, 0.000331485614879, 0.00045592879178, 0.000496197142638, 0.000221379028517, 0.000121518991364, 4.84460178996e-05, 3.30468610628e-05, 8.9013185061e-05, 8.24454182293e-05, 8.86274210643e-05, 6.84713377268e-05, 8.99689039215e-05, 0.000117295436212, 7.72947096266e-05, 5.81970343774e-05, 4.16148286604e-05, 2.28975949312e-09],
        "dmean2": [0.000910129980184, 0.0145599236712, 0.0056473123841, 0.00283620669506, 0.00362085807137, 0.00214290455915, 0.00404932210222, 0.00211159209721, 0.00182067300193, 0.000659280980472, 0.000536013569217, 0.000742282893043, 0.000836328894366, 0.0003637370246, 0.000199839181732, 7.71685154177e-05, 5.39797729289e-05, 0.000143993966049, 0.000128476327518, 0.000141587719554, 0.000101041609014, 0.00013026095985, 0.000160822237376, 0.000104497536086, 7.75031294324e-05, 5.84731387789e-05, 4.10899714254e-09],
        "dvar": [1.31877902732e-06, 0.000143255892908, 2.56651455857e-05, 7.85440988693e-06, 1.14042295536e-05, 4.74353419122e-06, 2.35638508457e-05, 8.77071215655e-06, 8.40168195282e-06, 7.08720676812e-07, 3.56404882496e-07, 6.50299170957e-07, 9.46947977809e-07, 2.7262458957e-07, 6.47965165967e-08, 7.7790094366e-09, 2.93269075691e-09, 1.99543599422e-08, 2.94708559778e-08, 6.46496687295e-08, 9.93669004856e-08, 1.30226212036e-07, 2.39049882111e-07, 1.1854464077e-07, 2.99141866833e-08, 1.22607461961e-08, 4.62778667576e-17],
        "dvar2": [3.72478598365e-06, 0.000367380009266, 7.74650616222e-05, 1.74152537511e-05, 2.7599691748e-05, 1.19044771054e-05, 5.7055898651e-05, 2.13596522372e-05, 1.90872196981e-05, 1.84248642654e-06, 8.90333012649e-07, 1.66990253092e-06, 2.4545386168e-06, 6.82534334828e-07, 1.76917609451e-07, 1.75483592102e-08, 7.52013029626e-09, 5.16529574668e-08, 6.26247569357e-08, 1.65623461612e-07, 2.22691056706e-07, 2.51571151466e-07, 3.98805838131e-07, 1.9987069777e-07, 4.29756212839e-08, 2.09989856614e-08, 8.36753011299e-17],
        "max": [0.0135715976357, 0.10555858165, 0.0391086228192, 0.031222678721, 0.0417060144246, 0.0278180986643, 0.0857933461666, 0.0441326498985, 0.0595890060067, 0.0126411113888, 0.00762347038835, 0.0109292417765, 0.0107774687931, 0.0083584561944, 0.00460975430906, 0.00109373545274, 0.000671641319059, 0.00210687564686, 0.00501656578854, 0.00555565347895, 0.00815280992538, 0.00922703649849, 0.0100537827238, 0.00809885840863, 0.00373251829296, 0.00166428275406, 1.87738280033e-07],
        "mean": [0.000802894763183, 0.013825731352, 0.00426310347393, 0.0040003079921, 0.00509482622147, 0.00260474858806, 0.00472102733329, 0.00188597140368, 0.00205653579906, 0.000734505942091, 0.00052827730542, 0.000737775873858, 0.000816787476651, 0.0003918762377, 0.000230477278819, 8.43551242724e-05, 5.55951264687e-05, 0.000184472592082, 0.000172648899024, 0.000173346546944, 0.000132852132083, 0.00018391336198, 0.000255650695181, 0.000178261791007, 0.000118146061141, 6.23386367806e-05, 1.81966752777e-09],
        "median": [0.000132485234644, 0.0095946257934, 0.00291872909293, 0.00202384637669, 0.0032372022979, 0.00141308864113, 0.00127642066218, 0.000647620530799, 0.000369831366697, 0.000268410221906, 0.000224601069931, 0.000346804823494, 0.000232642138144, 0.000148741179146, 8.46122420626e-05, 4.89432168251e-05, 3.30270922859e-05, 8.44926398713e-05, 9.38500452321e-05, 7.25752470316e-05, 2.47358329943e-05, 4.92869367008e-05, 7.13179542799e-05, 3.39461330441e-05, 2.47870866588e-05, 8.77120783116e-06, 6.25805129939e-10],
        "min": [4.8106869599e-09, 2.72588258667e-05, 4.42804484919e-05, 7.7890981629e-06, 2.28770004469e-05, 4.62856178274e-06, 2.64219693236e-06, 5.30887655259e-06, 7.17910552339e-06, 3.18398110721e-06, 5.88005877944e-06, 7.29800103727e-06, 7.09294454282e-07, 2.83192150619e-07, 4.50566943755e-07, 2.20154879571e-06, 2.26919354418e-07, 7.17078478374e-07, 5.13806469371e-07, 4.28063316349e-07, 2.52420363722e-07, 1.48439980308e-07, 9.59467456596e-08, 1.67819091956e-09, 7.82156370921e-12, 9.54526995639e-12, 1.0366998926e-11],
        "var": [1.99774717657e-06, 0.000189848156879, 2.24748091568e-05, 2.06560107472e-05, 3.0336652344e-05, 1.10309265438e-05, 7.11820612196e-05, 1.29658992591e-05, 2.46348899964e-05, 1.70115595211e-06, 6.6688789957e-07, 1.08977747004e-06, 2.00968588615e-06, 6.17375235379e-07, 1.43085188142e-07, 1.18898055845e-08, 4.69245087231e-09, 5.99569602855e-08, 7.88246268257e-08, 1.3111362307e-07, 3.75613439019e-07, 4.49450823226e-07, 8.93852245554e-07, 4.41641930138e-07, 1.23122589457e-07, 2.72365010545e-08, 4.02193477971e-17]
    },
    "erbbands": {
        "dmean": [0.321403592825, 1.85736560822, 3.60243558884, 4.43451499939, 6.91954755783, 8.7866268158, 8.56172943115, 12.6257162094, 24.0047721863, 33.5056037903, 29.1011180878, 31.1174507141, 12.8308763504, 13.3109941483, 13.6565723419, 18.9192829132, 21.3948745728, 13.6975421906, 7.41338157654, 4.28840827942, 2.0975060463, 1.83547282219, 4.21134996414, 4.34630537033, 4.19339895248, 4.34598636627, 2.70221948624, 3.11811923981, 3.13963127136, 2.72059464455, 3.50205111504, 2.46940565109, 1.00048446655, 0.695545196533, 0.42810985446, 0.206023767591, 0.0814478099346, 0.00792992953211, 0.000140826959978, 1.96632518055e-05],
        "dmean2": [0.547763466835, 3.12174010277, 6.46587944031, 7.48128509521, 10.8122024536, 14.1692094803, 13.7310161591, 19.8646621704, 38.771987915, 52.847328186, 46.1760826111, 48.5737113953, 20.3971500397, 21.480714798, 21.6994380951, 30.4930915833, 35.6504821777, 22.2144241333, 12.0426950455, 6.96863794327, 3.33389782906, 2.97862005234, 6.86020851135, 7.001704216, 6.50574731827, 6.83129835129, 4.27012109756, 4.53778553009, 4.3776140213, 3.92943286896, 4.74002504349, 3.36035084724, 1.43183755875, 0.945194959641, 0.589861869812, 0.29596143961, 0.116804219782, 0.0115047572181, 0.000199165457161, 2.93905213766e-05],
        "dvar": [0.2632791996, 5.58677959442, 27.2185592651, 50.9909477234, 101.212867737, 223.445892334, 220.621109009, 491.102203369, 1914.99267578, 4352.32421875, 4564.64453125, 6363.87744141, 521.740600586, 889.751831055, 632.912414551, 1075.8614502, 1760.43310547, 874.655944824, 217.597457886, 79.2298812866, 14.1449136734, 9.68630599976, 53.6858978271, 38.8992767334, 116.957092285, 186.593948364, 164.889480591, 227.809844971, 156.343688965, 88.0068817139, 244.085113525, 146.65335083, 10.9557609558, 5.21623420715, 1.31900274754, 0.314056843519, 0.0501618161798, 0.000614564167336, 1.68894487729e-07, 5.98120664108e-10],
        "dvar2": [0.706576406956, 14.41664505, 79.7292098999, 133.481750488, 215.182052612, 540.874633789, 536.586730957, 1269.43066406, 4996.10009766, 9955.49121094, 10673.2675781, 14765.0429688, 1295.05078125, 2160.41870117, 1504.64160156, 2821.43481445, 4499.74072266, 2238.4140625, 563.985290527, 217.369186401, 32.8856163025, 24.9817466736, 136.654632568, 100.078269958, 242.94493103, 492.41494751, 442.451477051, 465.198822021, 275.331481934, 164.257507324, 406.598602295, 230.448730469, 19.4015712738, 8.62594604492, 1.92750644684, 0.519106864929, 0.0929386988282, 0.00130763777997, 3.39741376365e-07, 1.10357445404e-09],
        "max": [3.98291969299, 21.1169452667, 51.6705131531, 62.4231948853, 107.018310547, 233.444885254, 173.06578064, 344.175750732, 584.002929688, 1319.10681152, 1070.00378418, 1613.59729004, 287.018615723, 447.224243164, 340.229309082, 492.695617676, 445.691741943, 438.283203125, 246.915054321, 151.21257019, 43.6024169922, 37.1744384766, 130.403823853, 69.0215988159, 293.948242188, 318.378845215, 338.15612793, 437.05569458, 347.286682129, 225.150512695, 317.980133057, 298.338531494, 62.3084602356, 50.4323234558, 25.722574234, 10.3231916428, 2.4217903614, 0.338392525911, 0.00533979106694, 0.000320722378092],
        "mean": [0.395402818918, 3.02352309227, 5.82299947739, 9.14676952362, 16.5005397797, 17.820022583, 16.0015163422, 23.5319805145, 45.7981910706, 63.5972175598, 48.0552978516, 56.5007247925, 26.3918418884, 23.3388633728, 25.4182796478, 33.022064209, 37.1253166199, 25.4741001129, 14.9280786514, 8.40083885193, 3.94388794899, 3.40489053726, 8.69314575195, 9.77195835114, 8.85935688019, 8.52850437164, 5.10513067245, 6.25269603729, 6.54618597031, 6.05225038528, 7.5034122467, 5.53706502914, 2.0993270874, 1.39705598354, 0.792864978313, 0.332294553518, 0.110384121537, 0.0087578361854, 0.000191334314877, 6.06895409874e-05],
        "median": [0.177703559399, 2.21974635124, 4.58480978012, 5.63150930405, 10.6983289719, 9.39749526978, 8.07928848267, 11.8832893372, 16.7780036926, 18.89427948, 16.9443759918, 10.6731996536, 8.8602514267, 8.70343780518, 10.8584890366, 15.7684993744, 11.3719615936, 9.625248909, 5.71605205536, 3.9538500309, 2.50231575966, 2.00817871094, 3.92940354347, 5.64795017242, 4.34864854813, 3.51269769669, 1.29942953587, 1.11246812344, 1.50517868996, 2.40976023674, 1.68501806259, 0.809561669827, 0.551165938377, 0.32776260376, 0.145768016577, 0.0569594614208, 0.0132224643603, 0.000567062059417, 4.28998719144e-05, 5.40353903489e-05],
        "min": [0.000862958200742, 0.0123238898814, 0.0801784694195, 0.155263513327, 0.155269891024, 0.116127192974, 0.0479276627302, 0.124551124871, 0.0811988413334, 0.145541712642, 0.206446632743, 0.272214502096, 0.126159667969, 0.16555044055, 0.323698252439, 0.192023634911, 0.0377117954195, 0.040389906615, 0.0166836045682, 0.102173596621, 0.0926674678922, 0.0217127874494, 0.0245687235147, 0.0441261455417, 0.0285147558898, 0.0172137673944, 0.0110286558047, 0.00989044550806, 0.00579682691023, 0.00466499570757, 0.00224699336104, 0.000589751987718, 9.41950202105e-05, 1.27456914925e-05, 5.31461455466e-06, 3.49976630787e-06, 2.02081878342e-06, 3.30921920977e-07, 2.36818254962e-06, 3.53988434654e-06],
        "var": [0.305039465427, 7.66318130493, 27.1820926666, 91.921005249, 309.05871582, 504.798583984, 519.917297363, 1006.37811279, 4858.30517578, 12925.6601562, 7643.14453125, 18785.6425781, 1632.12414551, 2034.40820312, 1519.03771973, 1994.7208252, 3926.46044922, 1992.92175293, 552.354553223, 156.717498779, 21.0360546112, 16.434261322, 144.669662476, 126.262039185, 302.082580566, 353.959350586, 424.561157227, 839.119995117, 608.455871582, 302.611907959, 888.26171875, 577.87487793, 40.2421112061, 19.3766899109, 4.96761226654, 0.862112283707, 0.0874965414405, 0.000755729852244, 2.41065379214e-07, 1.77561920722e-09]
    },
    "gfcc": {
        "mean": [6.93312549591, 118.875595093, -95.8259277344, 34.2506027222, -61.6685218811, 24.357591629, -31.9294242859, 8.7249622345, -24.4202156067, 4.27266693115, -5.33220100403, -4.2526679039, -17.0655422211],
        "cov": [[4092.18383789, -1886.81811523, 165.103713989, -364.139404297, -665.924499512, 160.311599731, -490.19909668, 448.678497314, -305.747070312, 385.239929199, -284.38760376, 241.774093628, -535.287536621], [-1886.81811523, 1593.87854004, -226.327301025, -14.2538204193, 326.96496582, -242.081710815, 228.681915283, -269.359130859, 255.48399353, -270.36227417, 244.426040649, -164.686080933, 224.004882812], [165.103713989, -226.327301025, 394.561187744, 10.3010387421, -22.4920101166, 42.3664054871, -50.5084075928, 66.517288208, -51.0558624268, 73.1698608398, -67.4476623535, 74.9657363892, -23.731218338], [-364.139404297, -14.2538204193, 10.3010387421, 292.212860107, 68.9223251343, 26.6870517731, 48.3859825134, -81.2673416138, 65.5125808716, -22.6133003235, 41.6169509888, -28.1205654144, 111.500389099], [-665.924499512, 326.96496582, -22.4920101166, 68.9223251343, 334.5027771, 8.21165370941, 122.24987793, -67.7204055786, 76.8013534546, -33.8525161743, 41.326877594, -10.9028644562, 112.323059082], [160.311599731, -242.081710815, 42.3664054871, 26.6870517731, 8.21165370941, 177.565444946, 36.8437271118, 82.7046279907, -33.7400588989, 41.7933616638, -14.1852493286, 26.1407699585, 11.4412956238], [-490.19909668, 228.681915283, -50.5084075928, 48.3859825134, 122.24987793, 36.8437271118, 249.976760864, -13.0554618835, 20.3564300537, -39.5367240906, 64.9745101929, 6.84508466721, 76.8880462646], [448.678497314, -269.359130859, 66.517288208, -81.2673416138, -67.7204055786, 82.7046279907, -13.0554618835, 182.314758301, -33.4207267761, 95.9521484375, -17.1375522614, 64.2276229858, -56.9853019714], [-305.747070312, 255.48399353, -51.0558624268, 65.5125808716, 76.8013534546, -33.7400588989, 20.3564300537, -33.4207267761, 190.606964111, -5.96252012253, 68.6304702759, -13.5981903076, 62.3890151978], [385.239929199, -270.36227417, 73.1698608398, -22.6133003235, -33.8525161743, 41.7933616638, -39.5367240906, 95.9521484375, -5.96252012253, 137.831771851, -5.9008307457, 77.2978286743, -39.6504554749], [-284.38760376, 244.426040649, -67.4476623535, 41.6169509888, 41.326877594, -14.1852493286, 64.9745101929, -17.1375522614, 68.6304702759, -5.9008307457, 145.138320923, 7.17017221451, 63.5301361084], [241.774093628, -164.686080933, 74.9657363892, -28.1205654144, -10.9028644562, 26.1407699585, 6.84508466721, 64.2276229858, -13.5981903076, 77.2978286743, 7.17017221451, 121.408729553, -9.19825553894], [-535.287536621, 224.004882812, -23.731218338, 111.500389099, 112.323059082, 11.4412956238, 76.8880462646, -56.9853019714, 62.3890151978, -39.6504554749, 63.5301361084, -9.19825553894, 149.65196228]],
        "icov": [[0.00109807203989, 0.00086733000353, 0.000375407777028, 0.000432074273704, 0.000420747499447, -2.33830578509e-05, 0.000737996713724, -0.000424166995799, -0.00027840808616, 6.39899735688e-05, -0.000347893859725, -0.000835754210129, 0.0017416755436], [0.00086733000353, 0.00546468328685, -0.00105359603185, 0.00478154839948, -0.00144315848593, 0.00356822251342, -0.00132653897163, 0.00109263218474, -0.00341064599343, 0.00448948983103, -0.00545040937141, 0.00298827211373, -0.00179021549411], [0.000375407777028, -0.00105359603185, 0.00396585697308, -0.00190292461775, 0.00037457657163, -0.000865663751028, 0.00136804836802, -0.00132458168082, 0.0013633526396, -0.00159505801275, 0.00288732978515, -0.00313898106106, 0.001134680002], [0.000432074273704, 0.00478154839948, -0.00190292461775, 0.0104152439162, -0.00052023056196, 0.00136803044006, -0.00203972472809, 0.00470193801448, -0.00419859960675, 0.00169434957206, -0.00489152176306, 0.00478608766571, -0.00597923342139], [0.000420747499447, -0.00144315848593, 0.00037457657163, -0.00052023056196, 0.00575981708243, -0.00190278131049, -0.000994675210677, 0.0012887410121, -0.00032560294494, -0.00296998838894, 0.00288938684389, -0.00123929185793, -0.00101763720158], [-2.33830578509e-05, 0.00356822251342, -0.000865663751028, 0.00136803044006, -0.00190278131049, 0.0119960866868, -0.00249352259561, -0.00435788789764, -0.000500957772601, 0.00263015693054, -0.00249636149965, 0.00352384173311, -0.00426646322012], [0.000737996713724, -0.00132653897163, 0.00136804836802, -0.00203972472809, -0.000994675210677, -0.00249352259561, 0.0077355899848, -0.00231976411305, 0.00203327415511, 0.00138367095497, -0.000327965506585, -0.0038402362261, 0.00186362979002], [-0.000424166995799, 0.00109263218474, -0.00132458168082, 0.00470193801448, 0.0012887410121, -0.00435788789764, -0.00231976411305, 0.0148739898577, -0.00185781274922, -0.00531765632331, -0.00180797360372, 0.000799227214884, -0.000462210708065], [-0.00027840808616, -0.00341064599343, 0.0013633526396, -0.00419859960675, -0.00032560294494, -0.000500957772601, 0.00203327415511, -0.00185781274922, 0.010035565123, -0.00416506500915, 0.00100991828367, -0.00120860931929, 0.000194058811758], [6.39899735688e-05, 0.00448948983103, -0.00159505801275, 0.00169434957206, -0.00296998838894, 0.00263015693054, 0.00138367095497, -0.00531765632331, -0.00416506500915, 0.0222641844302, -0.0062436950393, -0.00493486691266, 0.00126835517585], [-0.000347893859725, -0.00545040937141, 0.00288732978515, -0.00489152176306, 0.00288938684389, -0.00249636149965, -0.000327965506585, -0.00180797360372, 0.00100991828367, -0.0062436950393, 0.0169688910246, -0.00483831344172, -0.0010576947825], [-0.000835754210129, 0.00298827211373, -0.00313898106106, 0.00478608766571, -0.00123929185793, 0.00352384173311, -0.0038402362261, 0.000799227214884, -0.00120860931929, -0.00493486691266, -0.00483831344172, 0.0187485534698, -0.00618525641039], [0.0017416755436, -0.00179021549411, 0.001134680002, -0.00597923342139, -0.00101763720158, -0.00426646322012, 0.00186362979002, -0.000462210708065, 0.000194058811758, 0.00126835517585, -0.0010576947825, -0.00618525641039, 0.0205069277436]]
    },
    "melbands": {
        "dmean": [0.0025550655555, 0.00191836443264, 0.000815514242277, 0.000576426857151, 0.000289341522148, 0.000265587121248, 0.000440861011157, 0.000338626501616, 0.000222567337914, 0.000194872773136, 6.28552224953e-05, 5.57649182156e-05, 4.27461600339e-05, 5.24390889041e-05, 4.70154700452e-05, 4.81645365653e-05, 2.50562770816e-05, 1.33367138915e-05, 8.3354589151e-06, 4.5069814405e-06, 2.30909677157e-06, 1.92723859982e-06, 2.94272263091e-06, 4.88382102048e-06, 3.75615150006e-06, 3.27527868649e-06, 3.21404468195e-06, 3.00680517284e-06, 1.93951450456e-06, 1.46777074406e-06, 2.12319991988e-06, 1.94675726561e-06, 1.68503504483e-06, 1.6596380874e-06, 1.87384944184e-06, 2.52809104495e-06, 1.3234312064e-06, 7.59859574373e-07, 6.73358215408e-07, 6.10566814885e-07],
        "dmean2": [0.00429274141788, 0.00332040619105, 0.00135323463473, 0.000912024115678, 0.000465125805931, 0.000418680108851, 0.000708561448846, 0.000535884464625, 0.000353608920705, 0.000308449962176, 0.000101409088529, 9.03237378225e-05, 6.87663123244e-05, 8.56590049807e-05, 7.67777455621e-05, 8.13435399323e-05, 4.12501831306e-05, 2.2089398044e-05, 1.36393064167e-05, 7.24443953004e-06, 3.7403033275e-06, 3.17619696943e-06, 4.73802901979e-06, 8.02356225904e-06, 6.09081280345e-06, 5.2873738241e-06, 5.09234405399e-06, 4.80774451717e-06, 3.14966177939e-06, 2.11410861084e-06, 3.10826862915e-06, 2.8050480978e-06, 2.48494438893e-06, 2.54742735706e-06, 2.62306912191e-06, 3.68779183191e-06, 1.7617036292e-06, 1.09520885871e-06, 9.84134544524e-07, 8.57049030856e-07],
        "dvar": [1.44326613736e-05, 5.87038584854e-06, 1.46168895299e-06, 7.56459542117e-07, 2.17268606661e-07, 2.05726266245e-07, 6.59358249777e-07, 4.01949449724e-07, 2.54195981597e-07, 2.37623538624e-07, 1.32790507479e-08, 1.72162089029e-08, 6.13599659971e-09, 8.53766923825e-09, 9.59759560715e-09, 9.30128774002e-09, 3.33492877758e-09, 7.91125998045e-10, 4.0538747359e-10, 6.48769024614e-11, 1.72614787047e-11, 1.12578574935e-11, 2.85063223027e-11, 6.88580373276e-11, 2.99666194636e-11, 5.09299477591e-11, 6.99746441346e-11, 1.25648505489e-10, 9.73262304083e-11, 4.52624951408e-11, 9.96929067076e-11, 6.22363618974e-11, 5.1543359858e-11, 3.01126103219e-11, 6.17129194969e-11, 1.47179463061e-10, 4.09440606419e-11, 6.64992236624e-12, 4.38851255682e-12, 4.31401615819e-12],
        "dvar2": [3.72929061996e-05, 1.57131544256e-05, 3.62682544619e-06, 1.84107580026e-06, 5.35960566594e-07, 5.29429996732e-07, 1.66438917404e-06, 9.34074250836e-07, 5.7764043504e-07, 5.68458233374e-07, 3.38202958972e-08, 4.22996180305e-08, 1.53807917513e-08, 2.16037996381e-08, 2.47202009973e-08, 2.49384086715e-08, 8.5810505368e-09, 2.07024486443e-09, 1.13974563121e-09, 1.61713087365e-10, 4.24111960828e-11, 2.99758551314e-11, 7.29694984991e-11, 1.85927620522e-10, 7.94894219891e-11, 1.07291460438e-10, 1.56570076348e-10, 3.45138501112e-10, 2.79732653707e-10, 8.95400975587e-11, 2.07435568722e-10, 1.05865635702e-10, 1.21072138426e-10, 6.45937747734e-11, 1.06320376114e-10, 2.6446933532e-10, 6.77922301628e-11, 1.41284952487e-11, 7.63771511314e-12, 8.48868978581e-12],
        "max": [0.0320216305554, 0.0286697410047, 0.0108352070674, 0.011446768418, 0.0059886937961, 0.00671811820939, 0.0122601846233, 0.0115998964757, 0.00716506270692, 0.00867352727801, 0.00148923194502, 0.00197164015844, 0.00109224335756, 0.00143556611147, 0.00150394625962, 0.00107248174027, 0.000849776610266, 0.000483595475089, 0.000434560904978, 0.000104054903204, 4.87545730721e-05, 3.56464115612e-05, 6.2947277911e-05, 0.000116678253107, 6.39151257928e-05, 0.000199778427486, 0.000167289064848, 0.000273819110589, 0.000256445491686, 0.000214446758037, 0.000264118018094, 0.000242192807491, 0.000169627179275, 0.000126271304907, 0.000167981575942, 0.000258745596511, 0.000157757734996, 4.68423713755e-05, 4.55125191365e-05, 4.15235444962e-05],
        "mean": [0.003702246584, 0.00348257296719, 0.00184131274, 0.00128890387714, 0.000577882514335, 0.000496432068758, 0.000840824330226, 0.000637262244709, 0.000366517429939, 0.000342097308021, 0.000121289354865, 9.29359230213e-05, 7.31621621526e-05, 9.0144087153e-05, 7.80277769081e-05, 7.98619294073e-05, 4.33633395005e-05, 2.46234194492e-05, 1.5299725419e-05, 7.98923429102e-06, 3.79696871278e-06, 3.05517164634e-06, 5.52421261091e-06, 9.43205122894e-06, 7.75439821155e-06, 6.31946750218e-06, 6.45997397442e-06, 5.42014913663e-06, 3.13040663968e-06, 2.8886418022e-06, 3.9455330807e-06, 3.91299863622e-06, 3.17490935231e-06, 3.41356417266e-06, 3.97483836423e-06, 4.91718901685e-06, 2.77490607914e-06, 1.40474764976e-06, 1.27800694827e-06, 1.13129772217e-06],
        "median": [0.00223014480434, 0.00288985413499, 0.00140616623685, 0.000839992193505, 0.000352802017005, 0.00026013085153, 0.000263816735242, 0.000205199670745, 0.000111314970127, 5.9455705923e-05, 4.20605429099e-05, 3.17900085065e-05, 3.15886791213e-05, 4.23393939855e-05, 3.09564784402e-05, 2.30127243412e-05, 1.60352665262e-05, 8.62674005475e-06, 5.79408788326e-06, 4.06434674005e-06, 2.47025445788e-06, 1.85985220469e-06, 2.19402681978e-06, 4.21777031079e-06, 4.4492694542e-06, 3.21952688864e-06, 2.8990152714e-06, 2.05782657758e-06, 8.24314781767e-07, 5.17302737535e-07, 6.31068132861e-07, 7.88423278664e-07, 9.21669084164e-07, 1.45490901104e-06, 1.04401635781e-06, 6.24412564321e-07, 3.53744553649e-07, 3.2941179029e-07, 3.1911704923e-07, 2.39496955601e-07],
        "min": [7.6471533248e-06, 2.81195916614e-05, 2.72839206445e-05, 8.62432261783e-06, 1.99064493245e-06, 1.19034496038e-06, 8.56172903241e-07, 1.25409201246e-06, 1.35931713885e-06, 1.07299149477e-06, 5.9256149143e-07, 4.58106427459e-07, 9.1158841542e-07, 9.56669055086e-07, 1.43681020859e-07, 7.75863426838e-08, 3.98071691166e-08, 1.69473413081e-08, 4.62507152577e-08, 1.37353836749e-07, 7.48397468442e-08, 1.59127591104e-08, 8.85750317536e-09, 3.68782089311e-08, 3.6702832773e-08, 1.87254141082e-08, 1.97520027001e-08, 7.88964893417e-09, 7.13876113778e-09, 4.84178075411e-09, 4.96041208109e-09, 3.19990967057e-09, 1.97517624478e-09, 2.55830223672e-09, 1.50100931684e-09, 1.94371171935e-10, 7.56925598588e-12, 1.85708341608e-13, 1.08638907603e-13, 7.96191251492e-14],
