{
"highlevel": {
    "danceability": {
        "all": {
            "danceable": 0.666625916958,
            "not_danceable": 0.333374083042
        },
        "probability": 0.666625916958,
        "value": "danceable"
    },
    "gender": {
        "all": {
            "female": 0.418397545815,
            "male": 0.581602454185
        },
        "probability": 0.581602454185,
        "value": "male"
    },
    "genre_dortmund": {
        "all": {
            "alternative": 0.0324776619673,
            "blues": 0.53338098526,
            "electronic": 0.0242431070656,
            "folkcountry": 0.0796791166067,
            "funksoulrnb": 0.0236189216375,
            "jazz": 0.08369576931,
            "pop": 0.0108185727149,
            "raphiphop": 0.0042150192894,
            "rock": 0.207870826125
        },
        "probability": 0.53338098526,
        "value": "blues"
    },
    "genre_electronic": {
        "all": {
            "ambient": 0.328513413668,
            "dnb": 0.425459295511,
            "house": 0.145769312978,
            "techno": 0.0326722189784,
            "trance": 0.0675857812166
        },
        "probability": 0.425459295511,
        "value": "dnb"
    },
    "genre_rosamerica": {
        "all": {
            "cla": 0.551169931889,
            "dan": 0.010078413412,
            "hip": 0.0164960175753,
            "jaz": 0.0634700357914,
            "pop": 0.0402412600815,
            "rhy": 0.0534318163991,
            "roc": 0.226370081306,
            "spe": 0.0387424230576
        },
        "probability": 0.551169931889,
        "value": "cla"
    },
    "genre_tzanetakis": {
        "all": {
            "blu": 0.927231609821,
            "cla": 0.0107174757868,
            "cou": 0.00704716006294,
            "dis": 0.0115270726383,
            "hip": 0.00657232664526,
            "jaz": 0.0136599224061,
            "met": 0.00552571332082,
            "pop": 0.00146742444485,
            "reg": 0.00887043960392,
            "roc": 0.00738086225465
        },
        "probability": 0.927231609821,
        "value": "blu"
    },
    "ismir04_rhythm": {
        "all": {
            "ChaChaCha": 0.0733870565891,
            "Jive": 0.0631053820252,
            "Quickstep": 0.219512715936,
            "Rumba-American": 0.0244956985116,
            "Rumba-International": 0.0198511593044,
            "Rumba-Misc": 0.0140336835757,
            "Samba": 0.0412034317851,
            "Tango": 0.201893433928,
            "VienneseWaltz": 0.29015481472,
            "Waltz": 0.0523626022041
        },
        "probability": 0.29015481472,
        "value": "VienneseWaltz"
    },
    "mood_acoustic": {
        "all": {
            "acoustic": 0.00635663047433,
            "not_acoustic": 0.993643343449
        },
        "probability": 0.993643343449,
        "value": "not_acoustic"
    },
    "mood_aggressive": {
        "all": {
            "aggressive": 0.29954957962,
            "not_aggressive": 0.70045042038
        },
        "probability": 0.70045042038,
        "value": "not_aggressive"
    },
    "mood_electronic": {
        "all": {
            "electronic": 0.151399105787,
            "not_electronic": 0.848600924015
        },
        "probability": 0.848600924015,
        "value": "not_electronic"
    },
    "mood_happy": {
        "all": {
            "happy": 0.984287858009,
            "not_happy": 0.0157121196389
        },
        "probability": 0.984287858009,
        "value": "happy"
    },
    "mood_party": {
        "all": {
            "not_party": 0.616267442703,
            "party": 0.383732527494
        },
        "probability": 0.616267442703,
        "value": "not_party"
    },
    "mood_relaxed": {
        "all": {
            "not_relaxed": 0.731083631516,
            "relaxed": 0.268916398287
        },
        "probability": 0.731083631516,
        "value": "not_relaxed"
    },
    "mood_sad": {
        "all": {
            "not_sad": 0.838490784168,
            "sad": 0.161509215832
        },
        "probability": 0.838490784168,
        "value": "not_sad"
    },
    "moods_mirex": {
        "all": {
            "Cluster1": 0.266926378012,
            "Cluster2": 0.112684473395,
            "Cluster3": 0.235279247165,
            "Cluster4": 0.233221948147,
            "Cluster5": 0.151887953281
        },
        "probability": 0.266926378012,
        "value": "Cluster1"
    },
    "timbre": {
        "all": {
            "bright": 0.969470560551,
            "dark": 0.0305294170976
        },
        "probability": 0.969470560551,
        "value": "bright"
    },
    "tonal_atonal": {
        "all": {
            "atonal": 0.148658812046,
            "tonal": 0.851341187954
        },
        "probability": 0.851341187954,
        "value": "tonal"
    },
    "voice_instrumental": {
        "all": {
            "instrumental": 0.879088580608,
            "voice": 0.120911434293
        },
        "probability": 0.879088580608,
        "value": "instrumental"
    }
},
"lowlevel": {
    "average_loudness": 0.974856972694,
    "barkbands_crest": {
        "dmean": 2.4988360405,
        "dmean2": 4.12624120712,
        "dvar": 5.4952507019,
        "dvar2": 13.5295085907,
        "max": 25.0982284546,
        "mean": 8.9976568222,
        "median": 8.11291027069,
        "min": 2.87579369545,
        "var": 15.655166626
    },
    "barkbands_flatness_db": {
        "dmean": 0.0177438184619,
        "dmean2": 0.0266562420875,
        "dvar": 0.00025801800075,
        "dvar2": 0.000575634010602,
        "max": 0.345103889704,
        "mean": 0.181122481823,
        "median": 0.175560504198,
        "min": 0.104687020183,
        "var": 0.0010490155546
    },
    "barkbands_kurtosis": {
        "dmean": 1.31685376167,
        "dmean2": 2.10026168823,
        "dvar": 5.38870954514,
        "dvar2": 11.5322675705,
        "max": 46.9800720215,
        "mean": 0.620647251606,
        "median": -0.337162733078,
        "min": -1.78767633438,
        "var": 11.0740156174
    },
    "barkbands_skewness": {
        "dmean": 0.466361641884,
        "dmean2": 0.695421695709,
        "dvar": 0.200451493263,
        "dvar2": 0.411237001419,
        "max": 5.32135534286,
        "mean": 0.253998190165,
        "median": 0.112439654768,
        "min": -6.18627262115,
        "var": 1.40444135666
    },
    "barkbands_spread": {
        "dmean": 5.12267780304,
        "dmean2": 7.8950510025,
        "dvar": 22.0343227386,
        "dvar2": 50.3061103821,
        "max": 54.3719177246,
        "mean": 22.9261550903,
        "median": 22.0632076263,
        "min": 1.88840019703,
        "var": 70.494468689
    },
    "dissonance": {
        "dmean": 0.0132436947897,
        "dmean2": 0.0224129427224,
        "dvar": 0.000195806744159,
        "dvar2": 0.000559156644158,
        "max": 0.499999940395,
        "mean": 0.476155132055,
        "median": 0.481619596481,
        "min": 0.368241161108,
        "var": 0.000367266446119
    },
    "dynamic_complexity": 1.90957069397,
    "erbbands_crest": {
        "dmean": 2.52347016335,
        "dmean2": 4.18489122391,
        "dvar": 6.07889509201,
        "dvar2": 15.2041692734,
        "max": 27.0464859009,
        "mean": 9.032787323,
        "median": 8.27232456207,
        "min": 2.70227241516,
        "var": 15.9836473465
    },
    "erbbands_flatness_db": {
        "dmean": 0.0153413759544,
        "dmean2": 0.0212301965803,
        "dvar": 0.000214967469219,
        "dvar2": 0.000373699498596,
        "max": 0.403347909451,
        "mean": 0.254087597132,
        "median": 0.254663318396,
        "min": 0.142304122448,
        "var": 0.00137230404653
    },
    "erbbands_kurtosis": {
        "dmean": 1.04070580006,
        "dmean2": 1.61493766308,
        "dvar": 2.44849395752,
        "dvar2": 4.88974761963,
        "max": 40.7764663696,
        "mean": 0.705444693565,
        "median": -0.170889616013,
        "min": -1.67980217934,
        "var": 11.6819496155
    },
    "erbbands_skewness": {
        "dmean": 0.375181496143,
        "dmean2": 0.587979018688,
        "dvar": 0.117031499743,
        "dvar2": 0.28836452961,
        "max": 1.93065059185,
        "mean": -0.541101574898,
        "median": -0.486290335655,
        "min": -4.32518720627,
        "var": 0.627568662167
    },
    "erbbands_spread": {
        "dmean": 5.76483678818,
        "dmean2": 8.76537322998,
        "dvar": 34.600933075,
        "dvar2": 75.5167922974,
        "max": 72.8303909302,
        "mean": 27.3493289948,
        "median": 24.6701469421,
        "min": 1.55841588974,
        "var": 162.887252808
    },
    "hfc": {
        "dmean": 5.35714626312,
        "dmean2": 7.38905334473,
        "dvar": 32.3303833008,
        "dvar2": 50.8222312927,
        "max": 81.0382766724,
        "mean": 24.1737442017,
        "median": 24.5086784363,
        "min": 0.399686872959,
        "var": 243.166519165
    },
    "melbands_crest": {
        "dmean": 3.16838002205,
        "dmean2": 5.2468791008,
        "dvar": 8.75070571899,
        "dvar2": 22.5374717712,
        "max": 32.4158363342,
        "mean": 11.127204895,
        "median": 9.87619590759,
        "min": 3.46696043015,
        "var": 25.2840995789
    },
    "melbands_flatness_db": {
        "dmean": 0.0199091546237,
        "dmean2": 0.0292538404465,
        "dvar": 0.000395073526306,
        "dvar2": 0.000878354476299,
        "max": 0.39896568656,
        "mean": 0.191633567214,
        "median": 0.180169999599,
        "min": 0.105718150735,
        "var": 0.0020717671141
    },
    "melbands_kurtosis": {
        "dmean": 2.60318684578,
        "dmean2": 4.12457752228,
        "dvar": 19.6784610748,
        "dvar2": 44.1822280884,
        "max": 61.6203384399,
        "mean": 3.16505122185,
        "median": 0.230145692825,
        "min": -1.77559649944,
        "var": 45.8974723816
    },
    "melbands_skewness": {
        "dmean": 0.552722275257,
        "dmean2": 0.81659835577,
        "dvar": 0.313429832458,
        "dvar2": 0.630460321903,
        "max": 6.90685510635,
        "mean": 1.21741437912,
        "median": 0.940158009529,
        "min": -4.02410984039,
        "var": 1.8085051775
    },
    "melbands_spread": {
        "dmean": 8.99464511871,
        "dmean2": 14.1543827057,
        "dvar": 77.7267990112,
        "dvar2": 190.45664978,
        "max": 101.989578247,
        "mean": 39.2000694275,
        "median": 39.1888198853,
        "min": 2.56456375122,
        "var": 358.456848145
    },
    "pitch_salience": {
        "dmean": 0.0709062665701,
        "dmean2": 0.113896496594,
        "dvar": 0.00388105516322,
        "dvar2": 0.00931823533028,
        "max": 0.851429820061,
        "mean": 0.609915614128,
        "median": 0.618735849857,
        "min": 0.222044795752,
        "var": 0.0107533531263
    },
    "silence_rate_20dB": {
        "dmean": 0,
        "dmean2": 0,
        "dvar": 0,
        "dvar2": 0,
        "max": 1,
        "mean": 1,
        "median": 1,
        "min": 1,
        "var": 0
    },
    "silence_rate_30dB": {
        "dmean": 0,
        "dmean2": 0,
        "dvar": 0,
        "dvar2": 0,
        "max": 1,
        "mean": 1,
        "median": 1,
        "min": 1,
        "var": 0
    },
    "silence_rate_60dB": {
        "dmean": 0.0193498451263,
        "dmean2": 0.0379550717771,
        "dvar": 0.0189754348248,
        "dvar2": 0.0396128371358,
        "max": 1,
        "mean": 0.0286156218499,
        "median": 0,
        "min": 0,
        "var": 0.0277968905866
    },
    "spectral_centroid": {
        "dmean": 238.224945068,
        "dmean2": 370.980041504,
        "dvar": 55076.328125,
        "dvar2": 131535.671875,
        "max": 3177.61181641,
        "mean": 1916.59082031,
        "median": 2005.14709473,
        "min": 350.098602295,
        "var": 353291.25
    },
    "spectral_complexity": {
        "dmean": 4.10448932648,
        "dmean2": 6.04570102692,
        "dvar": 14.6756620407,
        "dvar2": 27.0505752563,
        "max": 46,
        "mean": 20.7958240509,
        "median": 20,
        "min": 1,
        "var": 69.3829116821
    },
    "spectral_decrease": {
        "dmean": 7.9543793774e-10,
        "dmean2": 1.11332210118e-09,
        "dvar": 7.31370350153e-19,
        "dvar2": 1.19940640813e-18,
        "max": -1.02009151126e-10,
        "mean": -4.21526857863e-09,
        "median": -4.26812096777e-09,
        "min": -1.05227853098e-08,
        "var": 3.18408432308e-18
    },
    "spectral_energy": {
        "dmean": 0.00332942698151,
        "dmean2": 0.00464048562571,
        "dvar": 1.28161318571e-05,
        "dvar2": 2.01772581931e-05,
        "max": 0.0426479130983,
        "mean": 0.0181020274758,
        "median": 0.0187052059919,
        "min": 0.000421257718699,
        "var": 5.90861527598e-05
    },
    "spectral_energyband_high": {
        "dmean": 0.000155359506607,
        "dmean2": 0.000234037041082,
        "dvar": 3.6902939371e-08,
        "dvar2": 7.89049749983e-08,
        "max": 0.00271294661798,
        "mean": 0.000386257685022,
        "median": 0.000307744427118,
        "min": 8.66281482104e-07,
        "var": 1.19043171765e-07
    },
    "spectral_energyband_low": {
        "dmean": 0.000994405592792,
        "dmean2": 0.00153218302876,
        "dvar": 2.35601169152e-06,
        "dvar2": 5.24063307239e-06,
        "max": 0.018291765824,
        "mean": 0.00182067323476,
        "median": 0.000832650344819,
        "min": 1.78258706001e-05,
        "var": 6.35210381006e-06
    },
    "spectral_energyband_middle_high": {
        "dmean": 0.00240852567367,
        "dmean2": 0.00346658704802,
        "dvar": 7.37990467314e-06,
        "dvar2": 1.20767772387e-05,
        "max": 0.0345976650715,
        "mean": 0.00930069107562,
        "median": 0.00902369711548,
        "min": 0.000116208990221,
        "var": 4.5225428039e-05
    },
    "spectral_energyband_middle_low": {
        "dmean": 0.00249568885192,
        "dmean2": 0.00368402991444,
        "dvar": 8.09270750324e-06,
        "dvar2": 1.78563423106e-05,
        "max": 0.0370177142322,
        "mean": 0.00696792360395,
        "median": 0.00536699173972,
        "min": 0.000214883257286,
        "var": 3.04026016238e-05
    },
    "spectral_entropy": {
        "dmean": 0.137464642525,
        "dmean2": 0.190173327923,
        "dvar": 0.0147480964661,
        "dvar2": 0.0296878777444,
        "max": 7.95627784729,
        "mean": 7.35124206543,
        "median": 7.39132499695,
        "min": 6.15838050842,
        "var": 0.0794590562582
    },
    "spectral_flux": {
        "dmean": 0.0194655843079,
        "dmean2": 0.0298392791301,
        "dvar": 0.000345979322447,
        "dvar2": 0.000801334448624,
        "max": 0.210588529706,
        "mean": 0.0743099674582,
        "median": 0.0711012333632,
        "min": 0.0146930115297,
        "var": 0.000867667782586
    },
    "spectral_kurtosis": {
        "dmean": 3.16698622704,
        "dmean2": 5.57225513458,
        "dvar": 7.40907859802,
        "dvar2": 21.3452854156,
        "max": 24.7425918579,
        "mean": 4.46934747696,
        "median": 3.61841058731,
        "min": -0.654787302017,
        "var": 13.0264129639
    },
    "spectral_rms": {
        "dmean": 0.000419960269937,
        "dmean2": 0.000570877804421,
        "dvar": 2.15162572204e-07,
        "dvar2": 3.1410368706e-07,
        "max": 0.00645040441304,
        "mean": 0.00408009719104,
        "median": 0.00427188258618,
        "min": 0.000641079677735,
        "var": 1.01332761915e-06
    },
    "spectral_rolloff": {
        "dmean": 376.197235107,
        "dmean2": 618.358642578,
        "dvar": 187559.515625,
        "dvar2": 420291.21875,
        "max": 4026.70898438,
        "mean": 2161.74731445,
        "median": 2368.65234375,
        "min": 215.33203125,
        "var": 777383.4375
    },
    "spectral_skewness": {
        "dmean": 0.328074216843,
        "dmean2": 0.564545512199,
        "dvar": 0.0766076669097,
        "dvar2": 0.222594454885,
        "max": 2.96284103394,
        "mean": 0.879839360714,
        "median": 0.819086968899,
        "min": -0.252707690001,
        "var": 0.148600950837
    },
    "spectral_spread": {
        "dmean": 198372.421875,
        "dmean2": 312652.125,
        "dvar": 39432536064,
        "dvar2": 74830454784,
        "max": 6648845,
        "mean": 2433915.75,
        "median": 2384855.5,
        "min": 1285764.375,
        "var": 139640373248
    },
    "spectral_strongpeak": {
        "dmean": 1.23314797878,
        "dmean2": 2.00591826439,
        "dvar": 2.5478553772,
        "dvar2": 5.62902641296,
        "max": 18.5988788605,
        "mean": 2.60409140587,
        "median": 1.44609582424,
        "min": 0.0125010516495,
        "var": 8.29550075531
    },
    "zerocrossingrate": {
        "dmean": 0.00706533901393,
        "dmean2": 0.00816991738975,
        "dvar": 3.88728876715e-05,
        "dvar2": 4.76736022392e-05,
        "max": 0.1328125,
        "mean": 0.069327250123,
        "median": 0.06982421875,
        "min": 0.013671875,
        "var": 0.00057263742201
    },
    "barkbands": {
        "dmean": [2.82119581243e-05, 0.000705631391611, 0.000333058589604, 0.000273109762929, 0.00128157658037, 0.000653585535474, 0.000278984080069, 0.00085290428251, 0.000604673230555, 0.000407035724493, 0.000345058069797, 0.000416884402512, 0.00030529871583, 0.00067571393447, 0.000602277112193, 0.000452594453236, 0.0011255366262, 0.000531984725967, 0.000413727597333, 0.000179321155883, 7.98719338491e-05, 2.40983681579e-05, 4.15551539845e-06, 5.52654285002e-07, 3.50006601479e-08, 3.98957045178e-09, 8.11336664519e-10],
        "dmean2": [4.97110413562e-05, 0.00107572576962, 0.000543867703527, 0.0004522553063, 0.00203058705665, 0.00104371074121, 0.000453736167401, 0.00131868931931, 0.000956094881985, 0.000641706050374, 0.000543003785424, 0.000638613651972, 0.000466524681542, 0.00108467438258, 0.000919670332223, 0.00074209907325, 0.00181207980495, 0.000838433916215, 0.000647538283374, 0.000276037637377, 0.000123094228911, 3.71146015823e-05, 6.3353090809e-06, 8.44340831918e-07, 5.25650918348e-08, 6.09851191768e-09, 1.36218836211e-09],
        "dvar": [1.58043389487e-09, 1.40380677749e-06, 3.40753985029e-07, 2.33732791344e-07, 3.04430977849e-06, 1.72866191406e-06, 2.20863427103e-07, 3.57556405106e-06, 2.71695648735e-06, 6.87044575898e-07, 7.40435439184e-07, 9.08172410163e-07, 7.66374512295e-07, 1.69958798324e-06, 1.66128143064e-06, 6.02680302109e-07, 3.82857797376e-06, 9.50295770963e-07, 4.33223078744e-07, 5.94494160566e-08, 1.44924978684e-08, 9.86305148665e-10, 4.14561128481e-11, 8.40258906291e-13, 1.99898526178e-15, 1.2071044032e-16, 1.39794698118e-17],
        "dvar2": [4.61118343509e-09, 3.06385618387e-06, 8.73802207479e-07, 5.87399426877e-07, 7.29084331397e-06, 4.26105907536e-06, 4.73336143614e-07, 7.47762987885e-06, 5.92632022745e-06, 1.49361744661e-06, 1.54016800025e-06, 2.06773165701e-06, 1.5231407815e-06, 4.21160211772e-06, 3.72084218725e-06, 1.56228043124e-06, 9.45839565247e-06, 1.85060184776e-06, 1.08214453576e-06, 1.23676912267e-07, 3.04186507094e-08, 2.34373342956e-09, 1.0990140048e-10, 2.28895353192e-12, 4.11129717916e-15, 1.50893109437e-16, 1.49462123373e-17],
        "max": [0.000494381936733, 0.015556557104, 0.0071798642166, 0.00515692122281, 0.023068247363, 0.0225729085505, 0.00571154197678, 0.0276022776961, 0.0336369723082, 0.015293661505, 0.0195339098573, 0.0216282624751, 0.0143724670634, 0.0137492585927, 0.0164433661848, 0.00686143431813, 0.0309454426169, 0.0248929299414, 0.00867840927094, 0.00343096116558, 0.00205739377998, 0.000333030999172, 0.000103725295048, 1.78455557034e-05, 7.04078445324e-07, 3.63683369642e-07, 1.23587227563e-07],
        "mean": [2.79338801192e-05, 0.00117962190416, 0.000440966861788, 0.000333010189934, 0.00219361367635, 0.00115526805166, 0.000434718152974, 0.0016095910687, 0.000881038547959, 0.000647167500574, 0.000530258344952, 0.000762777053751, 0.000488166842842, 0.00108041055501, 0.000921461556572, 0.000708181061782, 0.00227762921713, 0.00105069694109, 0.000785681069829, 0.000371184985852, 0.000162388998433, 5.03465926158e-05, 8.69956329552e-06, 1.15101022402e-06, 8.21382144522e-08, 7.99110644323e-09, 7.14504122534e-10],
        "median": [1.38321929626e-05, 0.000469586753752, 0.000170298735611, 0.000125970735098, 0.00120624760166, 0.000625330023468, 0.000198434179765, 0.00048803104437, 0.000289573974442, 0.000266647402896, 0.000124772195704, 0.000278977386188, 0.000140508054756, 0.000296937243547, 0.000341512466548, 0.000299964332953, 0.000877756858245, 0.000537270971108, 0.000365941523341, 0.000274877762422, 0.000110981956823, 3.70762354578e-05, 6.73610384183e-06, 8.4484912577e-07, 5.82809889238e-08, 4.93810370372e-09, 2.7835708738e-10],
        "min": [6.84505039317e-08, 4.02356408813e-06, 5.16295017405e-07, 3.16617217777e-07, 1.3271473108e-05, 8.97541031009e-06, 3.07768982566e-06, 5.50941012989e-06, 4.0174845708e-06, 4.14148098571e-06, 2.73839873444e-06, 7.59584872867e-06, 3.06684842144e-06, 2.01683133128e-06, 2.88656929115e-06, 4.5628994485e-06, 5.92458036408e-06, 7.16315355476e-07, 1.95458733288e-06, 9.23336699543e-07, 3.17238630032e-07, 1.02193105533e-07, 6.76846978465e-09, 2.66571320573e-09, 1.01205432923e-09, 1.59729007798e-10, 8.96364839992e-12],
        "var": [1.72464942327e-09, 3.65388268619e-06, 5.07604113409e-07, 3.30046049157e-07, 7.65653931012e-06, 2.5993251711e-06, 4.66296540935e-07, 1.15751972771e-05, 4.69757787869e-06, 1.5227037693e-06, 1.68328608652e-06, 1.80669053407e-06, 1.75056857188e-06, 3.29066847371e-06, 2.6898210308e-06, 1.0431639339e-06, 1.17567115012e-05, 3.46476304003e-06, 1.13342832719e-06, 1.59072470751e-07, 4.14391472248e-08, 2.11638329084e-09, 6.98865479376e-11, 1.50803458263e-12, 6.70815958798e-15, 1.68164468573e-16, 1.40801112226e-17]
    },
    "erbbands": {
        "dmean": [0.00820110272616, 0.194633066654, 0.437835305929, 0.66013020277, 2.1629383564, 5.07978248596, 7.5658082962, 4.33654022217, 3.85538625717, 8.16585731506, 19.514339447, 14.0160150528, 14.3415021896, 9.42576503754, 15.235871315, 17.5269775391, 12.2006635666, 33.5708580017, 30.2192401886, 21.3074016571, 39.0592346191, 41.2813415527, 29.8939533234, 26.6839923859, 13.4716959, 8.73819541931, 4.11552238464, 2.15509176254, 0.945754468441, 0.326001733541, 0.108308181167, 0.0249949805439, 0.0043632411398, 0.000689292734023, 0.000155420930241, 3.66028543795e-05, 6.86146131557e-06, 1.62784658642e-06, 2.13816770156e-06, 4.18121680923e-06],
        "dmean2": [0.0128663890064, 0.298247098923, 0.711598455906, 1.04543375969, 3.59275603294, 8.10459136963, 12.003156662, 7.18673276901, 6.27878475189, 12.8123378754, 30.3436431885, 23.0183792114, 22.6496753693, 14.524848938, 23.2953166962, 26.6320915222, 18.6253414154, 52.5165100098, 46.1803436279, 33.0486679077, 62.3513565063, 66.0332870483, 46.8794059753, 41.8820533752, 20.6790180206, 13.6191587448, 6.14243459702, 3.38980150223, 1.44156610966, 0.49500349164, 0.16807629168, 0.0378781221807, 0.00668892962858, 0.00101413286757, 0.000227740325499, 5.36849474884e-05, 9.64368882705e-06, 2.2532501589e-06, 2.89435274681e-06, 5.76508318773e-06],
        "dvar": [0.000183690732229, 0.105948843062, 0.508697926998, 1.33486998081, 11.8261375427, 55.3529968262, 205.878265381, 138.377502441, 37.5162239075, 609.706481934, 1785.20178223, 1988.97216797, 783.827514648, 529.28112793, 1292.88183594, 2015.31091309, 1121.94580078, 3507.99584961, 4740.81054688, 1126.31970215, 4602.52978516, 3672.51513672, 3119.36303711, 1864.98083496, 447.289337158, 137.55569458, 43.2131614685, 7.46428346634, 1.55388975143, 0.175081595778, 0.029751772061, 0.00185082352255, 5.66659509786e-05, 7.32435808004e-07, 6.14757880157e-08, 6.62844534816e-09, 2.16512141549e-10, 9.83012195949e-12, 4.98896366927e-12, 1.98338030027e-11],
        "dvar2": [0.00040844277828, 0.231012091041, 1.27426218987, 3.10144495964, 27.9408740997, 133.312591553, 456.464233398, 387.696746826, 89.717590332, 1261.01806641, 3903.31713867, 4577.96679688, 1938.62756348, 1028.16906738, 2589.12207031, 4586.234375, 2248.39111328, 8310.08300781, 10044.0820312, 2471.18383789, 11238.8925781, 9475.328125, 6448.11474609, 4806.07763672, 968.686218262, 316.38973999, 84.3481216431, 17.2206344604, 3.73304414749, 0.408341169357, 0.0817993730307, 0.00512310815975, 0.000154959168867, 1.54437611855e-06, 1.01659637153e-07, 8.80526407343e-09, 2.51990178723e-10, 1.085842527e-11, 7.19521100687e-12, 3.00227030736e-11],
        "max": [0.217448547482, 4.18168210983, 7.85146999359, 15.8170204163, 77.8855895996, 107.399650574, 278.558654785, 269.980285645, 69.8011474609, 416.930145264, 738.158203125, 902.033447266, 356.133728027, 383.282867432, 708.959960938, 1096.33483887, 754.770507812, 776.970581055, 1048.07824707, 437.835296631, 967.490112305, 839.38494873, 1268.16601562, 503.134033203, 307.009429932, 135.648574829, 129.500137329, 32.304599762, 12.9395771027, 5.24202394485, 3.09870362282, 0.852630972862, 0.151891753078, 0.0119234640151, 0.00663073547184, 0.00259964470752, 0.000486075732624, 0.00010254366498, 2.73856167041e-05, 4.9629539717e-05],
        "mean": [0.0141064682975, 0.323328197002, 0.648075461388, 0.896914303303, 2.90532207489, 8.07713222504, 13.0636072159, 7.17982339859, 6.54944753647, 14.6807537079, 37.5532150269, 21.3232498169, 23.1548404694, 15.1787958145, 25.5021305084, 34.0540657043, 22.645029068, 56.8113212585, 48.7983894348, 41.4781684875, 76.5872039795, 87.9480285645, 65.0473861694, 53.5207557678, 28.832988739, 18.1480789185, 8.87006473541, 4.69027614594, 2.00428700447, 0.71775239706, 0.222134128213, 0.0527586564422, 0.00925078056753, 0.0016922618961, 0.000385929975891, 9.52935952228e-05, 2.28565731959e-05, 6.50924448564e-06, 1.18429070426e-05, 2.31792855629e-05],
        "median": [0.00642886897549, 0.126288682222, 0.257984310389, 0.393428385258, 1.42402267456, 3.88970017433, 6.09981155396, 4.2501745224, 3.29139590263, 4.91783046722, 11.9575595856, 7.82987499237, 10.2223091125, 7.19006252289, 7.56893634796, 12.6818962097, 9.41907310486, 17.9839496613, 25.5048332214, 23.7116146088, 38.7279205322, 45.4187469482, 37.2631835938, 25.6277885437, 17.7489547729, 13.0256481171, 6.38646507263, 3.61620640755, 1.47810697556, 0.556416809559, 0.164996266365, 0.0385534800589, 0.00660829944536, 0.001297204406, 0.0002844890696, 6.88741420163e-05, 1.88959256775e-05, 6.1065020418e-06, 1.23406698549e-05, 2.40764875343e-05],
        "min": [0.000124947633594, 0.000853592820931, 0.00184935529251, 0.00478028971702, 0.0429127141833, 0.0272976271808, 0.0954967290163, 0.0917326062918, 0.113130323589, 0.123070828617, 0.137819990516, 0.0938544422388, 0.164198294282, 0.111510373652, 0.23929540813, 0.516546368599, 0.249310776591, 0.146163001657, 0.130964905024, 0.210499569774, 0.218857631087, 0.227389514446, 0.0962886810303, 0.0702227950096, 0.094857417047, 0.0339175537229, 0.0282121840864, 0.00880334153771, 0.00303047592752, 0.000668969587423, 0.000187330602785, 8.91492527444e-05, 3.53621035174e-05, 1.50199384734e-05, 7.85176962381e-06, 2.21178652282e-06, 4.35192504256e-07, 8.30584738765e-08, 3.01645883383e-07, 5.24995243723e-07],
        "var": [0.000511558202561, 0.273741394281, 0.974586129189, 2.17018508911, 23.5394878387, 130.421203613, 431.972259521, 120.973838806, 74.3112106323, 1206.73596191, 6612.76855469, 3033.54248047, 1432.16894531, 1086.99560547, 2999.73242188, 4054.41381836, 2635.44238281, 7567.25, 6613.28369141, 2758.36303711, 11461.7011719, 11810.6787109, 10894.9101562, 5457.09179688, 1194.02661133, 329.429077148, 130.416976929, 16.916595459, 3.42470359802, 0.394942373037, 0.0484662204981, 0.00312224822119, 0.000101491488749, 2.55854774878e-06, 1.66403182789e-07, 1.21314212009e-08, 4.58972054806e-10, 2.66203482868e-11, 2.98915094066e-11, 1.02144667724e-10]
    },
    "gfcc": {
        "mean": [-50.585067749, 149.129364014, -200.327972412, 55.3669166565, -46.9068832397, -21.674905777, -14.5206432343, -18.1899089813, -0.573315680027, -16.3358955383, -3.46813035011, -9.23216438293, -0.304382711649],
        "cov": [[1471.53198242, -484.808837891, -393.324462891, -37.4708557129, -70.3959960938, 37.2076377869, -60.5413970947, 129.749252319, -18.8928794861, 2.00053882599, -26.0195941925, -29.4391174316, -20.0200881958], [-484.808837891, 636.483581543, 360.75189209, 0.0314852371812, 34.4537010193, 30.9036407471, 115.829338074, -143.206710815, -8.42077159882, -2.65822196007, 4.73994016647, -14.410369873, 17.5649967194], [-393.324462891, 360.75189209, 387.545532227, 179.097625732, 27.202009201, 40.4122848511, 54.9539489746, -72.1983642578, 4.54139280319, -25.5114955902, -7.78275632858, 5.22826910019, 13.0625801086], [-37.4708557129, 0.0314852371812, 179.097625732, 312.351593018, 70.0604171753, 52.3239212036, 12.3735284805, 20.1942424774, 14.7597064972, -27.7374610901, -5.49005126953, 15.7990627289, -12.3907794952], [-70.3959960938, 34.4537010193, 27.202009201, 70.0604171753, 144.977020264, 35.1104774475, 20.1838188171, 23.8839225769, 20.9063491821, 7.57948493958, 11.3927183151, 9.17594051361, -11.0863800049], [37.2076377869, 30.9036407471, 40.4122848511, 52.3239212036, 35.1104774475, 167.897079468, 86.8317871094, -2.67724919319, -14.1135311127, 0.804683029652, 19.079120636, -3.96655607224, -11.4341955185], [-60.5413970947, 115.829338074, 54.9539489746, 12.3735284805, 20.1838188171, 86.8317871094, 115.718955994, 7.34830999374, -11.2036170959, 12.423614502, 17.8517913818, -2.42821788788, -1.60140299797], [129.749252319, -143.206710815, -72.1983642578, 20.1942424774, 23.8839225769, -2.67724919319, 7.34830999374, 122.866569519, 52.2710189819, 14.3318634033, -2.69732952118, -1.06145083904, -11.9257230759], [-18.8928794861, -8.42077159882, 4.54139280319, 14.7597064972, 20.9063491821, -14.1135311127, -11.2036170959, 52.2710189819, 91.8090667725, 30.4287414551, -12.8961324692, -9.04650974274, -0.156591117382], [2.00053882599, -2.65822196007, -25.5114955902, -27.7374610901, 7.57948493958, 0.804683029652, 12.423614502, 14.3318634033, 30.4287414551, 58.0425453186, 22.65666008, -8.21985816956, -3.64681124687], [-26.0195941925, 4.73994016647, -7.78275632858, -5.49005126953, 11.3927183151, 19.079120636, 17.8517913818, -2.69732952118, -12.8961324692, 22.65666008, 64.2466659546, 29.1760616302, -2.85493469238], [-29.4391174316, -14.410369873, 5.22826910019, 15.7990627289, 9.17594051361, -3.96655607224, -2.42821788788, -1.06145083904, -9.04650974274, -8.21985816956, 29.1760616302, 65.1619110107, 28.9932479858], [-20.0200881958, 17.5649967194, 13.0625801086, -12.3907794952, -11.0863800049, -11.4341955185, -1.60140299797, -11.9257230759, -0.156591117382, -3.64681124687, -2.85493469238, 28.9932479858, 55.8524208069]],
        "icov": [[0.00131487927865, -0.0012522978941, 0.00241111940704, -0.00137035071384, 0.0012774533825, -0.00168587488588, 0.00226808548905, -0.00230974634178, 0.00182938296348, -0.00112921395339, 0.0010157446377, 0.000152025080752, -0.000618084101006], [-0.0012522978941, 0.0147175323218, -0.0136325936764, 0.00825926661491, -0.00639659259468, 0.00840763002634, -0.0168380104005, 0.0150571474805, -0.0100714396685, 0.00706304004416, -0.00480447290465, 0.00387478782795, 0.00130298337899], [0.00241111940704, -0.0136325936764, 0.0201800949872, -0.0121221849695, 0.00699047883973, -0.00669798301533, 0.0112615684047, -0.00892787147313, 0.00544819561765, -0.00328765716404, 0.00348137482069, -0.00159855466336, -0.00301605579443], [-0.00137035071384, 0.00825926661491, -0.0121221849695, 0.0114685390145, -0.00569492159411, 0.00274225766771, -0.00652502384037, 0.00534765981138, -0.00465666502714, 0.00451578432694, -0.00153404159937, -0.000597027072217, 0.00318977679126], [0.0012774533825, -0.00639659259468, 0.00699047883973, -0.00569492159411, 0.0118708843365, -0.00520494161174, 0.00699440762401, -0.00730247749016, 0.00306030549109, -0.00403081206605, 0.00218721036799, -0.00343640940264, 0.00114433048293], [-0.00168587488588, 0.00840763002634, -0.00669798301533, 0.00274225766771, -0.00520494161174, 0.017278784886, -0.0198456421494, 0.0124997952953, -0.00858907401562, 0.00819171313196, -0.0065812212415, 0.00436674710363, 0.0014382021036], [0.00226808548905, -0.0168380104005, 0.0112615684047, -0.00652502384037, 0.00699440762401, -0.0198456421494, 0.0397721454501, -0.0253320634365, 0.0197147317231, -0.01547835581, 0.00638130586594, -0.00357521488331, -0.00368938059546], [-0.00230974634178, 0.0150571474805, -0.00892787147313, 0.00534765981138, -0.00730247749016, 0.0124997952953, -0.0253320634365, 0.0339153856039, -0.023191453889, 0.01260926947, -0.00664326176047, 0.00245590298437, 0.00447983667254], [0.00182938296348, -0.0100714396685, 0.00544819561765, -0.00465666502714, 0.00306030549109, -0.00858907401562, 0.0197147317231, -0.023191453889, 0.033679947257, -0.0233336649835, 0.0145648289472, -0.0052022524178, -0.00200583483092], [-0.00112921395339, 0.00706304004416, -0.00328765716404, 0.00451578432694, -0.00403081206605, 0.00819171313196, -0.01547835581, 0.01260926947, -0.0233336649835, 0.0432635359466, -0.0257181283087, 0.0168990623206, -0.00505736283958], [0.0010157446377, -0.00480447290465, 0.00348137482069, -0.00153404159937, 0.00218721036799, -0.0065812212415, 0.00638130586594, -0.00664326176047, 0.0145648289472, -0.0257181283087, 0.0404953472316, -0.0260073710233, 0.012503917329], [0.000152025080752, 0.00387478782795, -0.00159855466336, -0.000597027072217, -0.00343640940264, 0.00436674710363, -0.00357521488331, 0.00245590298437, -0.0052022524178, 0.0168990623206, -0.0260073710233, 0.0396491065621, -0.0211115330458], [-0.000618084101006, 0.00130298337899, -0.00301605579443, 0.00318977679126, 0.00114433048293, 0.0014382021036, -0.00368938059546, 0.00447983667254, -0.00200583483092, -0.00505736283958, 0.012503917329, -0.0211115330458, 0.0313207730651]]
    },
    "melbands": {
        "dmean": [0.000138035902637, 0.000245551462285, 0.000129789623315, 0.000260041066213, 0.000254934333498, 0.000100383716926, 5.82658285566e-05, 0.000107454303361, 0.000162140728207, 8.52185112308e-05, 7.14989218977e-05, 3.80764358852e-05, 4.55444023828e-05, 4.95524509461e-05, 3.42334751622e-05, 3.50277186953e-05, 7.12147520971e-05, 5.04094277858e-05, 4.24370809924e-05, 3.21753686876e-05, 5.96420140937e-05, 5.43495734746e-05, 3.49714828189e-05, 2.87253351416e-05, 2.39208693529e-05, 1.0423204003e-05, 8.39207132231e-06, 5.97619555265e-06, 2.82015935227e-06, 2.35450693253e-06, 1.13818123282e-06, 6.65390246013e-07, 3.1350313634e-07, 1.41403816656e-07, 7.24014768139e-08, 3.09255909769e-08, 1.10381055407e-08, 3.70964614582e-09, 1.0711249665e-09, 4.45068093491e-10],
        "dmean2": [0.000210742233321, 0.000390447123209, 0.000207564473385, 0.000420779600972, 0.000399060751079, 0.00016339746071, 9.42780243349e-05, 0.000165450081113, 0.000253570149653, 0.000136424830998, 0.00011343951337, 5.94882476435e-05, 7.05237544025e-05, 7.77847671998e-05, 5.12130245625e-05, 5.50166114408e-05, 0.00011263484339, 7.68726386013e-05, 6.51243826724e-05, 5.2268984291e-05, 9.54269125941e-05, 8.80306688487e-05, 5.4982254369e-05, 4.40510084445e-05, 3.8087615394e-05, 1.62715969054e-05, 1.2892963241e-05, 9.45929514273e-06, 4.27695158578e-06, 3.8254552237e-06, 1.77982747118e-06, 1.04374157672e-06, 4.7737546538e-07, 2.19298911475e-07, 1.15054568539e-07, 4.90724403335e-08, 1.6799269531e-08, 5.9851528178e-09, 1.62518509761e-09, 6.92097157362e-10],
        "dvar": [5.44406759673e-08, 1.52680527776e-07, 4.37617977411e-08, 1.44259900026e-07, 1.91441998254e-07, 5.86911568234e-08, 8.39101854666e-09, 9.81904761943e-08, 1.26649368326e-07, 7.19770341107e-08, 2.02295886709e-08, 9.73089520073e-09, 1.30682504818e-08, 1.05313748833e-08, 6.46344933131e-09, 1.22875833952e-08, 1.66027582793e-08, 1.36716593602e-08, 7.8152151417e-09, 2.89658474983e-09, 1.33982567263e-08, 8.81408546149e-09, 3.64714103362e-09, 3.94360855083e-09, 1.79735548667e-09, 3.75092568117e-10, 1.51885962141e-10, 6.49130679764e-11, 2.63503177611e-11, 1.33276367373e-11, 2.39296082949e-12, 8.82195954743e-13, 1.5268277094e-13, 3.67810267649e-14, 1.25319405461e-14, 3.73665577714e-15, 2.86974259604e-16, 4.30179016415e-17, 2.46573772488e-18, 2.89740378869e-19],
        "dvar2": [1.18862182319e-07, 3.52095923972e-07, 1.05699015762e-07, 3.46240909721e-07, 4.33435388913e-07, 1.60188903919e-07, 1.97849043815e-08, 2.02023457518e-07, 2.80203693137e-07, 1.58438695053e-07, 4.98178174269e-08, 1.86151716264e-08, 2.54493190965e-08, 2.45133691124e-08, 1.33213360343e-08, 2.44534223981e-08, 3.9825490461e-08, 2.90945951775e-08, 1.58369868331e-08, 7.42220862548e-09, 3.23018376491e-08, 2.27944791931e-08, 8.80934436509e-09, 5.95337912301e-09, 4.70056926716e-09, 8.1564360821e-10, 3.22454840607e-10, 1.50970139168e-10, 4.86467290062e-11, 3.53515897111e-11, 5.46641161156e-12, 2.18130504978e-12, 3.50583548737e-13, 9.30832762757e-14, 3.46961703617e-14, 1.08642080588e-14, 7.31712693738e-16, 1.20112130657e-16, 5.47519698281e-18, 6.88837395139e-19],
        "max": [0.00334084685892, 0.00479177432135, 0.00247545004822, 0.00630691926926, 0.00796050019562, 0.00536892749369, 0.000999626237899, 0.00540806446224, 0.00520002376288, 0.00592484325171, 0.00173585920129, 0.0018877586117, 0.0023675209377, 0.00195296911988, 0.00164771766867, 0.00176266964991, 0.00145410955884, 0.00210045580752, 0.00118539202958, 0.000558888365049, 0.00178183976095, 0.00139855756424, 0.000947897264268, 0.00202827877365, 0.000521836744156, 0.000332058698405, 0.00019206100842, 9.40203681239e-05, 0.000104145372461, 4.74193511764e-05, 1.67814505403e-05, 1.04645450847e-05, 4.93914740218e-06, 2.16265993913e-06, 1.81223310847e-06, 1.3032363313e-06, 3.11068873771e-07, 1.25082095792e-07, 2.37679120829e-08, 6.01046279414e-09],
        "mean": [0.000238419772359, 0.000400270509999, 0.000190231585293, 0.000387097359635, 0.000451172352768, 0.000172513202415, 9.69458633335e-05, 0.000196346067241, 0.000295821781037, 0.000123555946629, 0.00011304482905, 5.76151833229e-05, 7.29452513042e-05, 8.98507496458e-05, 6.23122105026e-05, 5.34111968591e-05, 0.000116646304377, 7.60571492719e-05, 6.86096755089e-05, 5.32141893927e-05, 0.000113247231639, 0.00011042963888, 6.18884150754e-05, 5.72767057747e-05, 4.29690990131e-05, 1.96598266484e-05, 1.64963021234e-05, 1.11939853014e-05, 5.5809650803e-06, 4.35800802734e-06, 2.16202670345e-06, 1.27854286802e-06, 6.13708778019e-07, 2.86267606953e-07, 1.37009479317e-07, 5.57313697414e-08, 2.14881179517e-08, 6.68109123581e-09, 2.17051487894e-09, 9.27381449412e-10],
        "median": [0.000101065605122, 0.000164213648532, 8.87326823431e-05, 0.000198198482394, 0.00021325792477, 0.000104230530269, 4.7119687224e-05, 5.87739596085e-05, 9.36081487453e-05, 4.15294780396e-05, 4.47932507086e-05, 2.19848207053e-05, 1.82338335435e-05, 3.3312720916e-05, 2.06667045859e-05, 1.42484323078e-05, 3.09395800286e-05, 3.74276860384e-05, 2.4782235414e-05, 2.44033308263e-05, 3.83945844078e-05, 4.51163905382e-05, 2.5132088922e-05, 2.71511908068e-05, 1.55268189701e-05, 1.00874967757e-05, 1.07869809653e-05, 7.28854502086e-06, 3.50387176695e-06, 2.85679993794e-06, 1.64687878623e-06, 8.59156557453e-07, 4.71207016517e-07, 2.14648949282e-07, 9.79565015768e-08, 3.86180225576e-08, 1.53867691921e-08, 4.31401714351e-09, 1.51627732592e-09, 6.60383525641e-10],
