{
"highlevel": {
    "danceability": {
        "all": {
            "danceable": 0.00542955566198,
            "not_danceable": 0.994570434093
        },
        "probability": 0.994570434093,
        "value": "not_danceable"
    },
    "gender": {
        "all": {
            "female": 0.795237541199,
            "male": 0.204762458801
        },
        "probability": 0.795237541199,
        "value": "female"
    },
    "genre_dortmund": {
        "all": {
            "alternative": 0.17682929337,
            "blues": 0.0707190558314,
            "electronic": 0.0667987167835,
            "folkcountry": 0.213951528072,
            "funksoulrnb": 0.0766652897,
            "jazz": 0.210176110268,
            "pop": 0.121388196945,
            "raphiphop": 0.00545536773279,
            "rock": 0.0580164417624
        },
        "probability": 0.213951528072,
        "value": "folkcountry"
    },
    "genre_electronic": {
        "all": {
            "ambient": 0.758766651154,
            "dnb": 0.0343161970377,
            "house": 0.169906184077,
            "techno": 0.0281578991562,
            "trance": 0.00885307975113
        },
        "probability": 0.758766651154,
        "value": "ambient"
    },
    "genre_rosamerica": {
        "all": {
            "cla": 0.0485151670873,
            "dan": 0.00425895908847,
            "hip": 0.00980919133872,
            "jaz": 0.0550372973084,
            "pop": 0.098871588707,
            "rhy": 0.724770605564,
            "roc": 0.0259009562433,
            "spe": 0.0328362099826
        },
        "probability": 0.724770605564,
        "value": "rhy"
    },
    "genre_tzanetakis": {
        "all": {
            "blu": 1.89919287978e-14,
            "cla": 1.04316266386e-14,
            "cou": 2.79482315654e-14,
            "dis": 2.16085575675e-14,
            "hip": 4.29718618274e-14,
            "jaz": 0.999999940395,
            "met": 1.42857272678e-08,
            "pop": 2.0000017642e-08,
            "reg": 1.66666822565e-08,
            "roc": 2.50000233848e-08
        },
        "probability": 0.999999940395,
        "value": "jaz"
    },
    "ismir04_rhythm": {
        "all": {
            "ChaChaCha": 0.00197745370679,
            "Jive": 0.00115661416203,
            "Quickstep": 0.0074266847223,
            "Rumba-American": 0.00373272947036,
            "Rumba-International": 0.440146803856,
            "Rumba-Misc": 0.00854047480971,
            "Samba": 0.00349993398413,
            "Tango": 0.0343261733651,
            "VienneseWaltz": 0.44661539793,
            "Waltz": 0.0525777339935
        },
        "probability": 0.44661539793,
        "value": "VienneseWaltz"
    },
    "mood_acoustic": {
        "all": {
            "acoustic": 0.748054265976,
            "not_acoustic": 0.251945734024
        },
        "probability": 0.748054265976,
        "value": "acoustic"
    },
    "mood_aggressive": {
        "all": {
            "aggressive": 0.00341405114159,
            "not_aggressive": 0.996585965157
        },
        "probability": 0.996585965157,
        "value": "not_aggressive"
    },
    "mood_electronic": {
        "all": {
            "electronic": 0.243377104402,
            "not_electronic": 0.7566229105
        },
        "probability": 0.7566229105,
        "value": "not_electronic"
    },
    "mood_happy": {
        "all": {
            "happy": 0.274869382381,
            "not_happy": 0.725130617619
        },
        "probability": 0.725130617619,
        "value": "not_happy"
    },
    "mood_party": {
        "all": {
            "not_party": 0.996415555477,
            "party": 0.00358442100696
        },
        "probability": 0.996415555477,
        "value": "not_party"
    },
    "mood_relaxed": {
        "all": {
            "not_relaxed": 0.053376596421,
            "relaxed": 0.946623384953
        },
        "probability": 0.946623384953,
        "value": "relaxed"
    },
    "mood_sad": {
        "all": {
            "not_sad": 0.188525915146,
            "sad": 0.811474084854
        },
        "probability": 0.811474084854,
        "value": "sad"
    },
    "moods_mirex": {
        "all": {
            "Cluster1": 0.191238895059,
            "Cluster2": 0.313931047916,
            "Cluster3": 0.402130335569,
            "Cluster4": 0.0313372127712,
            "Cluster5": 0.0613625049591
        },
        "probability": 0.402130335569,
        "value": "Cluster3"
    },
    "timbre": {
        "all": {
            "bright": 0.913879990578,
            "dark": 0.0861200392246
        },
        "probability": 0.913879990578,
        "value": "bright"
    },
    "tonal_atonal": {
        "all": {
            "atonal": 0.79959410429,
            "tonal": 0.200405880809
        },
        "probability": 0.79959410429,
        "value": "atonal"
    },
    "voice_instrumental": {
        "all": {
            "instrumental": 0.959855377674,
            "voice": 0.0401446409523
        },
        "probability": 0.959855377674,
        "value": "instrumental"
    }
},
"lowlevel": {
    "average_loudness": 0.973970353603,
    "barkbands_crest": {
        "dmean": 2.71479034424,
        "dmean2": 4.71718549728,
        "dvar": 5.46180963516,
        "dvar2": 16.1517562866,
        "max": 24.9637813568,
        "mean": 11.9705514908,
        "median": 11.476099968,
        "min": 4.83886146545,
        "var": 13.1839141846
    },
    "barkbands_flatness_db": {
        "dmean": 0.0251986738294,
        "dmean2": 0.0408576577902,
        "dvar": 0.000602667336352,
        "dvar2": 0.00137994240504,
        "max": 0.413210511208,
        "mean": 0.273023337126,
        "median": 0.284851491451,
        "min": 0.101191133261,
        "var": 0.00368816684932
    },
    "barkbands_kurtosis": {
        "dmean": 4.69630622864,
        "dmean2": 7.89345121384,
        "dvar": 39.2714347839,
        "dvar2": 105.309425354,
        "max": 82.2724685669,
        "mean": 9.80713272095,
        "median": 7.89740180969,
        "min": -1.85844254494,
        "var": 87.4445877075
    },
    "barkbands_skewness": {
        "dmean": 0.588962078094,
        "dmean2": 0.969159603119,
        "dvar": 0.36872780323,
        "dvar2": 0.948659360409,
        "max": 6.89412069321,
        "mean": 1.87163054943,
        "median": 1.7913390398,
        "min": -1.33233690262,
        "var": 1.17698025703
    },
    "barkbands_spread": {
        "dmean": 2.24676537514,
        "dmean2": 3.70734405518,
        "dvar": 16.7302360535,
        "dvar2": 39.6877670288,
        "max": 52.7096977234,
        "mean": 8.09304237366,
        "median": 4.45198917389,
        "min": 1.02974903584,
        "var": 66.9336624146
    },
    "dissonance": {
        "dmean": 0.0304192956537,
        "dmean2": 0.0508834570646,
        "dvar": 0.00104241317604,
        "dvar2": 0.00302874227054,
        "max": 0.496615052223,
        "mean": 0.42232722044,
        "median": 0.430274873972,
        "min": 0.225171118975,
        "var": 0.00207936717197
    },
    "dynamic_complexity": 1.43612420559,
    "erbbands_crest": {
        "dmean": 2.85718226433,
        "dmean2": 4.70408058167,
        "dvar": 9.33030986786,
        "dvar2": 23.6823787689,
        "max": 32.9946861267,
        "mean": 12.4123935699,
        "median": 11.3184633255,
        "min": 3.90587186813,
        "var": 26.8424301147
    },
    "erbbands_flatness_db": {
        "dmean": 0.023525044322,
        "dmean2": 0.0349645204842,
        "dvar": 0.000572228862438,
        "dvar2": 0.00117373850662,
        "max": 0.422201633453,
        "mean": 0.239778518677,
        "median": 0.241432473063,
        "min": 0.106999404728,
        "var": 0.00304775917903
    },
    "erbbands_kurtosis": {
        "dmean": 2.23590159416,
        "dmean2": 3.68427610397,
        "dvar": 12.7593784332,
        "dvar2": 32.5874824524,
        "max": 66.7126312256,
        "mean": 4.20270872116,
        "median": 3.05697727203,
        "min": -1.80465853214,
        "var": 30.2328529358
    },
    "erbbands_skewness": {
        "dmean": 0.467107057571,
        "dmean2": 0.73517280817,
        "dvar": 0.305997759104,
        "dvar2": 0.658291399479,
        "max": 6.22134113312,
        "mean": 1.25288724899,
        "median": 1.54919195175,
        "min": -5.5032324791,
        "var": 1.90184342861
    },
    "erbbands_spread": {
        "dmean": 5.61036634445,
        "dmean2": 8.85164833069,
        "dvar": 70.3732833862,
        "dvar2": 147.63369751,
        "max": 103.267425537,
        "mean": 24.7165756226,
        "median": 19.4322357178,
        "min": 2.11161732674,
        "var": 317.569641113
    },
    "hfc": {
        "dmean": 5.30352973938,
        "dmean2": 8.41000366211,
        "dvar": 89.3057022095,
        "dvar2": 208.352050781,
        "max": 126.079063416,
        "mean": 15.2298641205,
        "median": 10.9439554214,
        "min": 1.57419908047,
        "var": 193.822006226
    },
    "melbands_crest": {
        "dmean": 3.02027463913,
        "dmean2": 5.13370466232,
        "dvar": 6.25274181366,
        "dvar2": 18.3010520935,
        "max": 30.0871925354,
        "mean": 14.6874456406,
        "median": 14.0968847275,
        "min": 6.56280183792,
        "var": 17.2989768982
    },
    "melbands_flatness_db": {
        "dmean": 0.0280775632709,
        "dmean2": 0.0448334142566,
        "dvar": 0.000851728429552,
        "dvar2": 0.00189516530372,
        "max": 0.543429553509,
        "mean": 0.359418392181,
        "median": 0.374150872231,
        "min": 0.132566079497,
        "var": 0.00617223186418
    },
    "melbands_kurtosis": {
        "dmean": 7.42441749573,
        "dmean2": 12.3544616699,
        "dvar": 109.914474487,
        "dvar2": 282.913818359,
        "max": 150.735198975,
        "mean": 16.4041213989,
        "median": 12.7731266022,
        "min": -1.90788352489,
        "var": 222.075134277
    },
    "melbands_skewness": {
        "dmean": 0.685157418251,
        "dmean2": 1.12003707886,
        "dvar": 0.527060508728,
        "dvar2": 1.2961359024,
        "max": 9.70376396179,
        "mean": 2.5070066452,
        "median": 2.32988619804,
        "min": -0.588354885578,
        "var": 1.64006841183
    },
    "melbands_spread": {
        "dmean": 2.61257219315,
        "dmean2": 4.23372030258,
        "dvar": 20.7817344666,
        "dvar2": 50.0501174927,
        "max": 60.6738853455,
        "mean": 8.49903964996,
        "median": 4.6303858757,
        "min": 1.12695610523,
        "var": 88.1600036621
    },
    "pitch_salience": {
        "dmean": 0.0682956427336,
        "dmean2": 0.115892536938,
        "dvar": 0.0044084796682,
        "dvar2": 0.0126916104928,
        "max": 0.792164683342,
        "mean": 0.555794775486,
        "median": 0.564562022686,
        "min": 0.147278219461,
        "var": 0.0111203882843
    },
    "silence_rate_20dB": {
        "dmean": 0,
        "dmean2": 0,
        "dvar": 0,
        "dvar2": 0,
        "max": 1,
        "mean": 1,
        "median": 1,
        "min": 1,
        "var": 0
    },
    "silence_rate_30dB": {
        "dmean": 0.0495356023312,
        "dmean2": 0.0991479456425,
        "dvar": 0.0470811575651,
        "dvar2": 0.121848464012,
        "max": 1,
        "mean": 0.965970635414,
        "median": 1,
        "min": 0,
        "var": 0.0328716896474
    },
    "silence_rate_60dB": {
        "dmean": 0.00154798757285,
        "dmean2": 0.00309837330133,
        "dvar": 0.00154558115173,
        "dvar2": 0.0046379067935,
        "max": 1,
        "mean": 0.00077339517884,
        "median": 0,
        "min": 0,
        "var": 0.000772795348894
    },
    "spectral_centroid": {
        "dmean": 99.1466674805,
        "dmean2": 161.731246948,
        "dvar": 38376.4765625,
        "dvar2": 92336.828125,
        "max": 2573.30151367,
        "mean": 531.798461914,
        "median": 360.147399902,
        "min": 202.75881958,
        "var": 165208.25
    },
    "spectral_complexity": {
        "dmean": 1.61377704144,
        "dmean2": 2.63361740112,
        "dvar": 3.20763707161,
        "dvar2": 6.58383750916,
        "max": 26,
        "mean": 10.8584690094,
        "median": 10,
        "min": 4,
        "var": 14.7726955414
    },
    "spectral_decrease": {
        "dmean": 4.26573043555e-09,
        "dmean2": 7.15599668411e-09,
        "dvar": 2.91556648292e-17,
        "dvar2": 7.36015912278e-17,
        "max": -3.90179860643e-10,
        "mean": -1.20265406522e-08,
        "median": -1.052580334e-08,
        "min": -4.70304968303e-08,
        "var": 4.66522850988e-17
    },
    "spectral_energy": {
        "dmean": 0.0164727065712,
        "dmean2": 0.0275836866349,
        "dvar": 0.000429259001976,
        "dvar2": 0.00107790133916,
        "max": 0.180187478662,
        "mean": 0.0467723347247,
        "median": 0.0409295372665,
        "min": 0.0016154141631,
        "var": 0.000698102114256
    },
    "spectral_energyband_high": {
        "dmean": 0.000151961809024,
        "dmean2": 0.000232262216741,
        "dvar": 2.77701104778e-07,
        "dvar2": 6.03980197411e-07,
        "max": 0.00947786308825,
        "mean": 0.000283480592771,
        "median": 2.46082545345e-05,
        "min": 8.94861003076e-08,
        "var": 6.07915296769e-07
    },
    "spectral_energyband_low": {
        "dmean": 0.0105549935251,
        "dmean2": 0.0182036459446,
        "dvar": 0.000341293285601,
        "dvar2": 0.000927751301788,
        "max": 0.142733365297,
        "mean": 0.0178826544434,
        "median": 0.0131810326129,
        "min": 1.90984292203e-06,
        "var": 0.000375270785298
    },
    "spectral_energyband_middle_high": {
        "dmean": 0.00205912487581,
        "dmean2": 0.00318742962554,
        "dvar": 4.1792394768e-05,
        "dvar2": 9.93928697426e-05,
        "max": 0.0915043279529,
        "mean": 0.00372399273328,
        "median": 0.000859647756442,
        "min": 6.98810254107e-05,
        "var": 7.45820289012e-05
    },
    "spectral_energyband_middle_low": {
        "dmean": 0.00944381114095,
        "dmean2": 0.0165170114487,
        "dvar": 0.000157368209329,
        "dvar2": 0.000441060750745,
        "max": 0.132078617811,
        "mean": 0.0275493655354,
        "median": 0.0237676184624,
        "min": 0.00103099714033,
        "var": 0.000242043694016
    },
    "spectral_entropy": {
        "dmean": 0.219752311707,
        "dmean2": 0.356395751238,
        "dvar": 0.0649947375059,
        "dvar2": 0.151690065861,
        "max": 7.93318796158,
        "mean": 6.15740585327,
        "median": 6.05300474167,
        "min": 5.03262233734,
        "var": 0.260790199041
    },
    "spectral_flux": {
        "dmean": 0.0372014604509,
        "dmean2": 0.0597393102944,
        "dvar": 0.00161404837854,
        "dvar2": 0.00379181164317,
        "max": 0.343273073435,
        "mean": 0.0946480110288,
        "median": 0.0820587798953,
        "min": 0.00695480825379,
        "var": 0.00313881202601
    },
    "spectral_kurtosis": {
        "dmean": 8.80677032471,
        "dmean2": 14.7117862701,
        "dvar": 94.250831604,
        "dvar2": 227.490539551,
        "max": 118.717437744,
        "mean": 19.9043369293,
        "median": 15.1468830109,
        "min": -0.0644543170929,
        "var": 295.423156738
    },
    "spectral_rms": {
        "dmean": 0.00111129612196,
        "dmean2": 0.00184266385622,
        "dvar": 1.45482556491e-06,
        "dvar2": 3.56269765689e-06,
        "max": 0.0132586825639,
        "mean": 0.00652128830552,
        "median": 0.00631911819801,
        "min": 0.00125539384317,
        "var": 3.10434120365e-06
    },
    "spectral_rolloff": {
        "dmean": 145.11541748,
        "dmean2": 260.565856934,
        "dvar": 151072.96875,
        "dvar2": 405942.21875,
        "max": 4823.4375,
        "mean": 526.68963623,
        "median": 366.064453125,
        "min": 129.19921875,
        "var": 254040.0625
    },
    "spectral_skewness": {
        "dmean": 0.649772822857,
        "dmean2": 1.07400774956,
        "dvar": 0.394309997559,
        "dvar2": 0.940655946732,
        "max": 8.7882194519,
        "mean": 3.06376290321,
        "median": 2.98885297775,
        "min": 0.542732298374,
        "var": 1.80367255211
    },
    "spectral_spread": {
        "dmean": 455780.34375,
        "dmean2": 715288.375,
        "dvar": 607130812416,
        "dvar2": 854829563904,
        "max": 24762168,
        "mean": 2546739.75,
        "median": 2325330.25,
        "min": 653112.5,
        "var": 1.40158461542e+12
    },
    "spectral_strongpeak": {
        "dmean": 0.55703997612,
        "dmean2": 0.97908693552,
        "dvar": 1.30447685719,
        "dvar2": 3.56969118118,
        "max": 10.6362419128,
        "mean": 1.06240808964,
        "median": 0.861362040043,
        "min": 0.0637493804097,
        "var": 1.35431540012
    },
    "zerocrossingrate": {
        "dmean": 0.00401093577966,
        "dmean2": 0.00510709639639,
        "dvar": 2.70836480922e-05,
        "dvar2": 4.1711369704e-05,
        "max": 0.12109375,
        "mean": 0.0231195315719,
        "median": 0.01708984375,
        "min": 0.00537109375,
        "var": 0.000270068005193
    },
    "barkbands": {
        "dmean": [0.000370796595234, 0.00838566944003, 0.00224907067604, 0.00320034171455, 0.00639031780884, 0.00243671517819, 0.000499915098771, 0.000174114567926, 0.000116242954391, 0.000201690127142, 0.000108084088424, 0.000595442543272, 0.00118014286272, 4.66539240733e-05, 5.96307909291e-05, 3.82828402508e-05, 6.49054272799e-05, 3.83304504794e-05, 3.59659934475e-05, 5.6672419305e-05, 6.59154102323e-05, 6.52094022371e-05, 1.73281914613e-05, 3.99715736421e-06, 4.68270991405e-06, 2.58346608462e-06, 2.54002885391e-09],
        "dmean2": [0.000616306555457, 0.0148084210232, 0.00380121986382, 0.00538858212531, 0.0114374859259, 0.00412874296308, 0.000688041036483, 0.00026406897814, 0.000166398458532, 0.000299936480587, 0.00017961463891, 0.000893911405001, 0.00194486475084, 7.39984025131e-05, 9.26113425521e-05, 5.22777590959e-05, 9.45872307057e-05, 6.18458871031e-05, 5.922893979e-05, 9.45630017668e-05, 0.000101058198197, 0.000106458348455, 2.84057805402e-05, 6.12536041444e-06, 7.28299892216e-06, 4.12405188399e-06, 4.71641747879e-09],
        "dvar": [2.41295765591e-07, 0.00022492845892, 1.9870703909e-05, 3.44810214301e-05, 8.40168722789e-05, 1.45272715599e-05, 5.62135937798e-07, 1.4093934908e-07, 1.09570549967e-07, 3.08409681793e-07, 1.9754183711e-07, 7.9569299487e-06, 3.17975609505e-05, 1.47516630022e-08, 2.71178457467e-08, 2.27508927253e-08, 1.12016124376e-07, 1.40626115197e-08, 1.57239998799e-08, 5.71117340087e-08, 4.717455937e-08, 7.90279628404e-08, 7.47412709501e-09, 1.88316126581e-10, 3.45887568587e-10, 1.69105313086e-10, 5.75552137865e-17],
        "dvar2": [6.61143417346e-07, 0.000642899773084, 5.16616673849e-05, 9.5879258879e-05, 0.00024504083558, 4.20899195888e-05, 1.03226489045e-06, 2.98960429745e-07, 2.00170561016e-07, 7.5249784004e-07, 6.24280062311e-07, 1.64117627719e-05, 7.85704687587e-05, 3.57291369824e-08, 5.11296320838e-08, 4.29171791438e-08, 2.29817416653e-07, 3.41351658051e-08, 4.0878259e-08, 1.52631926653e-07, 1.10448205248e-07, 1.82334574106e-07, 1.99053200589e-08, 4.04491301564e-10, 8.26231749684e-10, 4.40138508973e-10, 1.72858195771e-16],
        "max": [0.00407868484035, 0.112453848124, 0.0548665523529, 0.0555281862617, 0.0930748134851, 0.0396073535085, 0.0135657684878, 0.00800115335733, 0.0100209005177, 0.00805331673473, 0.00768664386123, 0.0586765222251, 0.0907270088792, 0.0023629963398, 0.00415153242648, 0.00254360423423, 0.00767068192363, 0.00162723253015, 0.0019558169879, 0.00389008037746, 0.00357712712139, 0.00553018273786, 0.00161678739823, 0.000194337699213, 0.000303028849885, 0.000276001635939, 1.4941964821e-07],
        "mean": [0.000416057853727, 0.0107659576461, 0.0040504783392, 0.00555732892826, 0.0140185216442, 0.00541672343388, 0.00180063943844, 0.000430796499131, 0.000306592643028, 0.000405288126785, 0.000161248273798, 0.000864433182869, 0.00167967716698, 8.8385953859e-05, 0.000146349120769, 7.14636116754e-05, 0.000127994993818, 6.64702311042e-05, 5.51397424715e-05, 8.34833190311e-05, 0.000123389458167, 9.7678079328e-05, 2.45263381657e-05, 5.87048543821e-06, 5.40140536032e-06, 2.50708012572e-06, 1.88955051605e-09],
        "median": [0.000256703060586, 0.00722951907665, 0.00257758563384, 0.00239929300733, 0.0116120362654, 0.00377177493647, 0.00103968731128, 0.000177353489562, 0.000174658431206, 8.99449078133e-05, 2.24352643272e-05, 8.3081307821e-05, 3.99822783947e-05, 4.30742657045e-05, 4.99720918015e-05, 1.06763300209e-05, 1.75259301614e-05, 1.76230787474e-05, 1.17036042866e-05, 9.81536959443e-06, 8.64349658514e-06, 4.15332078774e-06, 1.59321677984e-06, 7.28776910819e-07, 3.57292549324e-07, 9.36733286494e-08, 7.17666426286e-10],
        "min": [2.58303756162e-09, 1.37753900731e-07, 5.89043736454e-07, 9.35670868785e-06, 0.000268938194495, 3.33712196152e-05, 1.17472091006e-05, 2.06359732147e-06, 1.35708023663e-06, 1.04319178718e-06, 2.38211399051e-07, 8.0660470303e-07, 6.04018566719e-07, 1.11587667107e-06, 9.71741997091e-07, 6.69374529139e-08, 3.28092113477e-08, 1.61770657314e-07, 3.26661364625e-07, 1.02692418125e-07, 4.18661691981e-08, 3.63102259371e-09, 5.20217247058e-09, 1.14894915804e-09, 1.17562848345e-10, 9.23714143369e-12, 1.06101308295e-11],
        "var": [2.39347457409e-07, 0.000195102853468, 2.41233046836e-05, 6.74605907989e-05, 0.000125028105685, 2.84274174192e-05, 4.28538714914e-06, 6.42574491394e-07, 2.89686681754e-07, 8.95222854069e-07, 3.48368473624e-07, 1.26301010823e-05, 5.18491506227e-05, 2.54031284896e-08, 1.22831607996e-07, 6.42420872055e-08, 2.24494911549e-07, 2.28218635101e-08, 2.20329479106e-08, 7.60513003684e-08, 1.26714027715e-07, 1.23848522549e-07, 1.04100337239e-08, 3.2775979153e-10, 4.11736922334e-10, 1.61964414103e-10, 3.3259010063e-17]
    },
    "erbbands": {
        "dmean": [0.208783939481, 2.03032374382, 3.37718057632, 6.03163957596, 23.8777427673, 16.5581645966, 11.7586784363, 26.4301261902, 9.56244754791, 4.0464425087, 3.77652478218, 2.62119078636, 4.13976478577, 6.14108753204, 5.79764461517, 27.9713630676, 53.7684555054, 11.355928421, 2.10491490364, 2.88576483727, 2.68291950226, 4.52412939072, 2.29272079468, 1.47919774055, 2.40993213654, 2.29373598099, 1.5170353651, 4.15314817429, 2.22663593292, 0.737594604492, 0.514718055725, 0.1113955006, 0.065613552928, 0.0601271353662, 0.0275714807212, 0.015587839298, 0.00425957981497, 0.000271298282314, 1.21065386338e-05, 1.83330375876e-05],
        "dmean2": [0.366832792759, 3.5483045578, 5.52141714096, 10.3193264008, 42.620716095, 29.5959033966, 19.5092353821, 45.0903701782, 14.3006191254, 5.94340801239, 5.49831008911, 3.86975002289, 6.1906785965, 9.85709953308, 8.74433994293, 42.2840270996, 85.8500747681, 17.4910068512, 3.27572035789, 4.33795976639, 3.60483002663, 6.63090801239, 3.64321017265, 2.33651518822, 3.89337229729, 3.80470705032, 2.54499530792, 6.22090196609, 3.59804654121, 1.19937765598, 0.842766225338, 0.178654745221, 0.0975108593702, 0.0924052596092, 0.0443194173276, 0.0253864061087, 0.00684952549636, 0.000453647662653, 1.96495147975e-05, 3.04545137624e-05],
        "dvar": [0.0771818682551, 15.738243103, 43.6699295044, 126.71421814, 1478.9185791, 528.518188477, 284.349395752, 1956.44445801, 143.541763306, 56.0684738159, 59.8008537292, 61.4619064331, 146.546081543, 449.509429932, 358.625976562, 17959.8378906, 68038.609375, 2563.41821289, 13.7965602875, 91.6171417236, 120.461128235, 549.922485352, 52.6436500549, 15.6707401276, 104.414886475, 109.07233429, 21.7980728149, 212.9243927, 78.8486785889, 9.66097927094, 7.47097730637, 0.140844345093, 0.0709442570806, 0.072740457952, 0.0130181536078, 0.00643926206976, 0.000382376078051, 2.05492028726e-06, 7.99111055105e-10, 5.19369325325e-10],
        "dvar2": [0.230469688773, 43.6361122131, 109.012382507, 371.532836914, 4136.19287109, 1647.39538574, 768.704711914, 5895.28564453, 317.033447266, 105.680664062, 119.045288086, 112.91709137, 367.175689697, 1337.92724609, 871.241455078, 39879.9101562, 162220.453125, 6374.9296875, 32.1180801392, 164.714981079, 228.969528198, 1125.89489746, 129.421813965, 35.2172203064, 254.690597534, 292.887420654, 55.9324531555, 466.898223877, 195.128204346, 25.3588256836, 19.8798103333, 0.352747678757, 0.144289538264, 0.169584169984, 0.0338141135871, 0.0170151591301, 0.000991809880361, 5.77774972044e-06, 2.12182826864e-09, 1.29493060719e-09],
        "max": [2.01564455032, 30.1135902405, 60.1021881104, 124.209693909, 360.831604004, 196.937026978, 158.729644775, 455.487915039, 209.825241089, 174.69430542, 148.096740723, 244.460662842, 198.443054199, 328.349456787, 449.286010742, 2921.27661133, 4215.91943359, 876.098022461, 62.6881103516, 267.620635986, 187.255157471, 529.82232666, 110.595359802, 73.7798538208, 176.541091919, 202.509994507, 69.6051025391, 237.841293335, 150.188247681, 46.5255661011, 56.3841514587, 5.09856939316, 4.80551338196, 4.94369459152, 2.24432229996, 1.74401891232, 0.317241132259, 0.0244191177189, 0.000477100285934, 0.000198460955289],
        "mean": [0.225568398833, 2.60961842537, 5.65465164185, 12.498790741, 40.3270950317, 40.2626113892, 31.5771846771, 56.3275146484, 33.4929733276, 14.2342739105, 10.4368467331, 6.89497470856, 9.3828792572, 11.7599191666, 10.4258460999, 39.0387191772, 75.9108428955, 16.820142746, 4.98987483978, 7.83582258224, 5.47260046005, 9.04396533966, 4.1855006218, 2.63856244087, 3.88187146187, 3.48586058617, 2.76562571526, 7.45080804825, 3.4415473938, 1.03526163101, 0.716230273247, 0.158361211419, 0.0903104618192, 0.0755757316947, 0.0297047886997, 0.0149037335068, 0.00418887892738, 0.000243508038693, 2.76692790067e-05, 5.25099385413e-05],
        "median": [0.126876443624, 1.73125386238, 3.10426163673, 7.07894182205, 27.1798267365, 31.9862804413, 23.3107433319, 37.8821105957, 26.117401123, 6.10659265518, 5.3570728302, 3.97557115555, 3.10385107994, 2.42456150055, 2.61979055405, 2.94525027275, 1.61701440811, 2.24027466774, 2.70059275627, 2.38645553589, 0.73680305481, 1.18884122372, 1.13849127293, 0.686696588993, 0.614340960979, 0.432056367397, 0.272583425045, 0.326469302177, 0.181091472507, 0.0757817551494, 0.0378505066037, 0.0236182175577, 0.00854405108839, 0.0048329285346, 0.00174759270158, 0.000649603607599, 0.000145775033161, 1.08919657578e-05, 2.12768627534e-05, 4.57215755887e-05],
        "min": [7.94717925601e-05, 0.000881525687873, 0.0104859201238, 0.05714263767, 0.635178267956, 0.798338711262, 0.802102744579, 0.427131354809, 0.62862765789, 0.246447086334, 0.173688128591, 0.164254337549, 0.204818755388, 0.0722581669688, 0.021370774135, 0.040315117687, 0.077095285058, 0.131722420454, 0.20913156867, 0.0663412734866, 0.00801410619169, 0.0193243231624, 0.0183245278895, 0.0206418391317, 0.00764642003924, 0.00543771311641, 0.00133187149186, 0.00199076300487, 0.000542186084203, 0.000238330321736, 0.000130800079205, 9.99513504212e-05, 3.33999632858e-05, 2.06441836781e-05, 1.26776076286e-05, 6.60486284687e-06, 3.34622245646e-06, 4.52986142818e-07, 1.34474134939e-06, 2.06449681173e-06],
        "var": [0.0745917782187, 13.5297050476, 53.5570487976, 230.628677368, 1760.96789551, 1039.17663574, 645.536682129, 3566.25146484, 844.30682373, 427.614013672, 266.259887695, 146.705444336, 414.38494873, 977.06060791, 800.079528809, 25809.7734375, 113082.390625, 4480.22705078, 40.1007156372, 472.559661865, 352.164428711, 1109.45861816, 82.2588424683, 29.998790741, 157.350585938, 137.863861084, 49.3146858215, 525.77355957, 117.069892883, 13.1440343857, 9.57657146454, 0.179130747914, 0.112553656101, 0.0990420356393, 0.0131109952927, 0.0057749543339, 0.00038235221291, 1.46852994476e-06, 8.48987879998e-10, 8.75783001675e-10]
    },
    "gfcc": {
        "mean": [-60.4595108032, 174.66015625, -95.3937530518, 40.9310340881, -47.702545166, -6.67077684402, -30.9127960205, -16.7444629669, -17.2200775146, -3.22613382339, -5.46803569794, -4.48062992096, -0.14017726481],
        "cov": [[2974.40966797, -1797.88525391, -315.917144775, 548.615661621, -444.75402832, 480.979736328, -159.440567017, 261.324768066, -271.0234375, 238.427047729, -297.070129395, 287.676818848, -137.249313354], [-1797.88525391, 1571.33093262, 255.351821899, -448.343811035, 405.323699951, -258.145263672, 250.181427002, -197.179138184, 206.534225464, -197.889572144, 306.077209473, -204.245483398, 90.9212493896], [-315.917144775, 255.351821899, 501.437805176, -27.5896587372, 109.481277466, -32.9014472961, -29.8895721436, 86.1082229614, 40.5039329529, 7.39210033417, 23.8953227997, -33.5840034485, -7.74500370026], [548.615661621, -448.343811035, -27.5896587372, 424.777618408, -119.695533752, -21.5667304993, -42.6724891663, 70.1180496216, 41.8859558105, 37.8521232605, -87.1849212646, 58.7738189697, 31.8248806], [-444.75402832, 405.323699951, 109.481277466, -119.695533752, 286.827972412, 0.184105351567, 46.8880119324, -47.9128684998, 38.3815193176, -4.84343767166, 107.191825867, -45.7659950256, -26.7822875977], [480.979736328, -258.145263672, -32.9014472961, -21.5667304993, 0.184105351567, 271.175354004, 5.56119632721, 9.09477806091, -106.600280762, 65.8375930786, 29.5087852478, 37.4577674866, -63.8841667175], [-159.440567017, 250.181427002, -29.8895721436, -42.6724891663, 46.8880119324, 5.56119632721, 169.665374756, -45.1812553406, 13.4147834778, -46.6530532837, 57.9702453613, -9.25127029419, 7.91149044037], [261.324768066, -197.179138184, 86.1082229614, 70.1180496216, -47.9128684998, 9.09477806091, -45.1812553406, 179.859786987, 10.7448120117, 5.05950927734, -65.9780578613, 34.3645706177, 11.7750873566], [-271.0234375, 206.534225464, 40.5039329529, 41.8859558105, 38.3815193176, -106.600280762, 13.4147834778, 10.7448120117, 149.203689575, -23.716506958, 5.28367090225, -27.14610672, 49.4845428467], [238.427047729, -197.889572144, 7.39210033417, 37.8521232605, -4.84343767166, 65.8375930786, -46.6530532837, 5.05950927734, -23.716506958, 159.696044922, 4.89956855774, 14.8893461227, -43.0628509521], [-297.070129395, 306.077209473, 23.8953227997, -87.1849212646, 107.191825867, 29.5087852478, 57.9702453613, -65.9780578613, 5.28367090225, 4.89956855774, 192.586074829, -26.3787612915, -23.9145374298], [287.676818848, -204.245483398, -33.5840034485, 58.7738189697, -45.7659950256, 37.4577674866, -9.25127029419, 34.3645706177, -27.14610672, 14.8893461227, -26.3787612915, 112.329040527, -0.834404051304], [-137.249313354, 90.9212493896, -7.74500370026, 31.8248806, -26.7822875977, -63.8841667175, 7.91149044037, 11.7750873566, 49.4845428467, -43.0628509521, -23.9145374298, -0.834404051304, 129.648345947]],
        "icov": [[0.00177331734449, -0.000296313199215, 0.000831420707982, -0.00173112133052, 0.000998793402687, -0.00243693497032, 0.000241423796979, -0.001457961509, 0.00110018684063, -0.000902918283828, 0.00150611798745, -0.00149205152411, 0.00123128853738], [-0.000296313199215, 0.018050191924, -0.00645289570093, 0.0118953697383, -0.00799730606377, 0.00985635817051, -0.0127541450784, 0.00727223977447, -0.0112970499322, 0.00765695376322, -0.0134470621124, 0.00863937754184, -0.00852475967258], [0.000831420707982, -0.00645289570093, 0.00526680843905, -0.00483037298545, 0.00211874488741, -0.00406796019524, 0.00498460279778, -0.0049251941964, 0.00439665978774, -0.00322971004061, 0.00496348598972, -0.00294018164277, 0.00362796173431], [-0.00173112133052, 0.0118953697383, -0.00483037298545, 0.0124249933288, -0.00502595631406, 0.00842359568924, -0.0083871036768, 0.0055374391377, -0.00975807290524, 0.00484628323466, -0.00934499688447, 0.0056305299513, -0.00674523366615], [0.000998793402687, -0.00799730606377, 0.00211874488741, -0.00502595631406, 0.00961397588253, -0.00596477137879, 0.00515387812629, -0.00302950129844, 0.00346670392901, -0.00377481267788, 0.00478864973411, -0.00407660193741, 0.00531368842348], [-0.00243693497032, 0.00985635817051, -0.00406796019524, 0.00842359568924, -0.00596477137879, 0.0145454099402, -0.00794878881425, 0.00440408429131, -0.00338201178238, 0.00328019936569, -0.00998012814671, 0.00562188774347, -0.00520696211606], [0.000241423796979, -0.0127541450784, 0.00498460279778, -0.0083871036768, 0.00515387812629, -0.00794878881425, 0.0167780146003, -0.00403770711273, 0.00700179161504, -0.00296901864931, 0.0078427568078, -0.00659225182608, 0.00579289300367], [-0.001457961509, 0.00727223977447, -0.0049251941964, 0.0055374391377, -0.00302950129844, 0.00440408429131, -0.00403770711273, 0.0122886095196, -0.00676982430741, 0.00433770567179, -0.00437638629228, 0.00252073816955, -0.00438864436001], [0.00110018684063, -0.0112970499322, 0.00439665978774, -0.00975807290524, 0.00346670392901, -0.00338201178238, 0.00700179161504, -0.00676982430741, 0.0193823948503, -0.00590357696638, 0.00826436839998, -0.00432008877397, 0.00312023586594], [-0.000902918283828, 0.00765695376322, -0.00322971004061, 0.00484628323466, -0.00377481267788, 0.00328019936569, -0.00296901864931, 0.00433770567179, -0.00590357696638, 0.012040448375, -0.0068591539748, 0.00388136156835, -0.00207212101668], [0.00150611798745, -0.0134470621124, 0.00496348598972, -0.00934499688447, 0.00478864973411, -0.00998012814671, 0.0078427568078, -0.00437638629228, 0.00826436839998, -0.0068591539748, 0.0189444385469, -0.00725849671289, 0.00762064429], [-0.00149205152411, 0.00863937754184, -0.00294018164277, 0.0056305299513, -0.00407660193741, 0.00562188774347, -0.00659225182608, 0.00252073816955, -0.00432008877397, 0.00388136156835, -0.00725849671289, 0.0164544805884, -0.00538950972259], [0.00123128853738, -0.00852475967258, 0.00362796173431, -0.00674523366615, 0.00531368842348, -0.00520696211606, 0.00579289300367, -0.00438864436001, 0.00312023586594, -0.00207212101668, 0.00762064429, -0.00538950972259, 0.014936318621]]
    },
    "melbands": {
        "dmean": [0.00205195229501, 0.00216905749403, 0.0015160292387, 0.00163278589025, 0.000402718782425, 0.000533687300049, 0.000135304610012, 4.32512824773e-05, 3.01126583508e-05, 1.58315033332e-05, 2.2458467356e-05, 2.71534772764e-05, 1.38659961522e-05, 5.5483142205e-05, 0.00011126667232, 0.000111842236947, 1.0303469935e-05, 3.23362155541e-06, 5.70930933463e-06, 2.08726669371e-06, 2.97058500109e-06, 5.14378507432e-06, 2.52431891568e-06, 1.80560869012e-06, 1.16735293432e-06, 1.63164691003e-06, 2.58721229329e-06, 1.29768034185e-06, 1.05974061171e-06, 1.54725330503e-06, 2.61757463704e-06, 1.75821321591e-06, 4.83409735352e-07, 3.78969929216e-07, 3.83882763799e-07, 1.09904114254e-07, 5.7923482899e-08, 4.26505835094e-08, 6.19351538944e-08, 4.98306569341e-08],
        "dmean2": [0.00365266227163, 0.0036264907103, 0.00262384884991, 0.00291727436706, 0.000685528677423, 0.000906649278477, 0.000200656562811, 6.41470614937e-05, 4.29296742368e-05, 2.32260172197e-05, 3.31825358444e-05, 4.27786872024e-05, 2.22223516175e-05, 8.22589499876e-05, 0.000169244973222, 0.000179911017767, 1.69445484062e-05, 5.06420565216e-06, 8.9734858193e-06, 3.0225237424e-06, 3.95917368223e-06, 7.54070470066e-06, 4.01180477638e-06, 2.91066999125e-06, 1.83584893421e-06, 2.67764403361e-06, 4.33055129179e-06, 2.16554099097e-06, 1.82148539807e-06, 2.34243111663e-06, 3.99861710321e-06, 2.87682837552e-06, 7.97582572432e-07, 6.25852806024e-07, 6.33757338164e-07, 1.78444423682e-07, 9.34498771699e-08, 6.5510143088e-08, 9.20706995089e-08, 7.8407374815e-08],
        "dvar": [1.05627595985e-05, 1.83302508958e-05, 5.94029006606e-06, 5.73693387196e-06, 2.99296289086e-07, 7.59933641348e-07, 2.69873012826e-08, 5.92060933613e-09, 4.02123712107e-09, 1.89690108066e-09, 4.52053994238e-09, 7.37143857066e-09, 2.06785943924e-09, 5.24253600531e-08, 3.34067834729e-07, 3.03467317053e-07, 2.13241890812e-09, 3.82133664989e-11, 2.2588811377e-10, 5.73306124796e-11, 1.56308882504e-10, 7.91647303267e-10, 6.49372708383e-11, 3.93177261582e-11, 9.20065672955e-12, 3.97342540814e-11, 1.36386901772e-10, 3.52978687945e-11, 1.16870107342e-11, 3.27689334001e-11, 9.10931954867e-11, 5.52117102037e-11, 3.74668135059e-12, 2.93076262044e-12, 4.74405193948e-12, 2.03219819445e-13, 3.31100063003e-14, 3.80770651012e-14, 6.7346762932e-14, 5.38926169587e-14],
        "dvar2": [3.1212799513e-05, 4.76627355965e-05, 1.62286778504e-05, 1.67109155882e-05, 8.05334934739e-07, 2.26949259741e-06, 5.86499737665e-08, 1.18756409151e-08, 7.51004325394e-09, 3.53010287668e-09, 1.11384892421e-08, 2.12360848906e-08, 5.82890846701e-09, 1.21653286556e-07, 7.99142412689e-07, 7.2944681051e-07, 5.00103247703e-09, 9.25576282285e-11, 4.54491444479e-10, 1.02435990246e-10, 2.93262220064e-10, 1.57851176574e-09, 1.61213778438e-10, 9.90599477446e-11, 2.0721225083e-11, 9.67813884589e-11, 3.57658097583e-10, 8.81554829135e-11, 3.18461923499e-11, 7.759048265e-11, 1.9532638007e-10, 1.37789113452e-10, 9.75373080914e-12, 7.89955600933e-12, 1.25220337571e-11, 5.46349207195e-13, 7.73747656658e-14, 8.10313255839e-14, 1.50481081589e-13, 1.25975849218e-13],
        "max": [0.0249297264963, 0.0347998924553, 0.0233295969665, 0.0235454551876, 0.00590639328584, 0.00905953813344, 0.00273661734536, 0.00155975320376, 0.00139702239539, 0.00133141397964, 0.00108666415326, 0.00133915734477, 0.000886414432898, 0.00391505006701, 0.00892678834498, 0.00917410198599, 0.000730432977434, 0.000128972969833, 0.000344175408827, 0.000208343451959, 0.000211165985093, 0.000616334145889, 0.000140419302625, 0.000103669743112, 5.75843587285e-05, 0.000119488264318, 0.000174808839802, 0.00010544910765, 5.72548851778e-05, 9.68118401943e-05, 0.000190758946701, 0.000131014021463, 2.70641376119e-05, 2.59483858827e-05, 4.55013068859e-05, 7.43663031244e-06, 2.77927620118e-06, 4.32378010373e-06, 4.52248832516e-06, 4.58085651189e-06],
        "mean": [0.00251332344487, 0.00329817575403, 0.00281278020702, 0.00337868044153, 0.00114308658522, 0.00117494224105, 0.000479506590636, 0.000137973009259, 8.01578353276e-05, 4.01930119551e-05, 4.9925143685e-05, 5.32077465323e-05, 2.28486005653e-05, 8.59177234815e-05, 0.000143640630995, 0.000154159613885, 1.54343761096e-05, 6.82585823597e-06, 1.31505485115e-05, 5.48648358745e-06, 5.54451025891e-06, 1.00054803625e-05, 4.60060982732e-06, 3.00978695122e-06, 1.91880803868e-06, 2.66805682259e-06, 3.57164685738e-06, 1.82498365575e-06, 1.64338939612e-06, 2.75287311524e-06, 4.51449704997e-06, 2.57751958088e-06, 6.04124409165e-07, 5.16283193974e-07, 5.31860735009e-07, 1.38316337939e-07, 7.75273676368e-08, 5.50161267654e-08, 7.72567645413e-08, 5.91602358213e-08],
        "median": [0.00163700443227, 0.00201752432622, 0.00177999818698, 0.0025949771516, 0.000900356390048, 0.000838358071633, 0.000368984241504, 5.01093745697e-05, 3.89552515117e-05, 2.10906491702e-05, 1.4562276192e-05, 1.11288863991e-05, 5.79074730922e-06, 1.00341403595e-05, 2.17097726818e-06, 4.16659077018e-06, 3.69973190573e-06, 3.63389472113e-06, 4.43660928795e-06, 1.35376990329e-06, 5.92822232193e-07, 1.00261013358e-06, 1.34433150834e-06, 7.42267559417e-07, 4.88100567964e-07, 4.64718567628e-07, 3.86522003737e-07, 2.42223421765e-07, 1.62381809332e-07, 1.64457901519e-07, 1.97488972731e-07, 1.10072136295e-07, 4.43285870233e-08, 3.01064346786e-08, 1.92517433106e-08, 1.63956492827e-08, 1.05204600587e-08, 4.926959285e-09, 4.15667811282e-09, 3.70394959148e-09],
