{
"highlevel": {
    "danceability": {
        "all": {
            "danceable": 0.999568045139,
            "not_danceable": 0.000431937602116
        },
        "probability": 0.999568045139,
        "value": "danceable"
    },
    "gender": {
        "all": {
            "female": 0.919858336449,
            "male": 0.0801416859031
        },
        "probability": 0.919858336449,
        "value": "female"
    },
    "genre_dortmund": {
        "all": {
            "alternative": 0.0573996268213,
            "blues": 0.0472263097763,
            "electronic": 0.118104018271,
            "folkcountry": 0.0136655690148,
            "funksoulrnb": 0.0203902758658,
            "jazz": 0.256226092577,
            "pop": 0.0194502677768,
            "raphiphop": 0.3871088624,
            "rock": 0.0804289728403
        },
        "probability": 0.3871088624,
        "value": "raphiphop"
    },
    "genre_electronic": {
        "all": {
            "ambient": 0.283230125904,
            "dnb": 0.243565946817,
            "house": 0.357850462198,
            "techno": 0.0524167343974,
            "trance": 0.0629367381334
        },
        "probability": 0.357850462198,
        "value": "house"
    },
    "genre_rosamerica": {
        "all": {
            "cla": 0.00368165154941,
            "dan": 0.0816551670432,
            "hip": 0.79848074913,
            "jaz": 0.012517801486,
            "pop": 0.00809654220939,
            "rhy": 0.053165461868,
            "roc": 0.038244433701,
            "spe": 0.00415818858892
        },
        "probability": 0.79848074913,
        "value": "hip"
    },
    "genre_tzanetakis": {
        "all": {
            "blu": 0.0519577711821,
            "cla": 0.0346381738782,
            "cou": 0.103935204446,
            "dis": 0.0780208408833,
            "hip": 0.15609832108,
            "jaz": 0.312322646379,
            "met": 0.0445828437805,
            "pop": 0.0624094232917,
            "reg": 0.0780136063695,
            "roc": 0.0780211612582
        },
        "probability": 0.312322646379,
        "value": "jaz"
    },
    "ismir04_rhythm": {
        "all": {
            "ChaChaCha": 0.017086006701,
            "Jive": 0.00395577354357,
            "Quickstep": 0.242056459188,
            "Rumba-American": 0.0157177429646,
            "Rumba-International": 0.0119150774553,
            "Rumba-Misc": 0.0160453468561,
            "Samba": 0.618581652641,
            "Tango": 0.0438079312444,
            "VienneseWaltz": 0.0199346244335,
            "Waltz": 0.0108994012699
        },
        "probability": 0.618581652641,
        "value": "Samba"
    },
    "mood_acoustic": {
        "all": {
            "acoustic": 0.0410865917802,
            "not_acoustic": 0.958913385868
        },
        "probability": 0.958913385868,
        "value": "not_acoustic"
    },
    "mood_aggressive": {
        "all": {
            "aggressive": 0.608161747456,
            "not_aggressive": 0.391838252544
        },
        "probability": 0.608161747456,
        "value": "aggressive"
    },
    "mood_electronic": {
        "all": {
            "electronic": 0.826052486897,
            "not_electronic": 0.173947528005
        },
        "probability": 0.826052486897,
        "value": "electronic"
    },
    "mood_happy": {
        "all": {
            "happy": 0.738648176193,
            "not_happy": 0.261351823807
        },
        "probability": 0.738648176193,
        "value": "happy"
    },
    "mood_party": {
        "all": {
            "not_party": 0.354529857635,
            "party": 0.645470142365
        },
        "probability": 0.645470142365,
        "value": "party"
    },
    "mood_relaxed": {
        "all": {
            "not_relaxed": 0.798057854176,
            "relaxed": 0.201942175627
        },
        "probability": 0.798057854176,
        "value": "not_relaxed"
    },
    "mood_sad": {
        "all": {
            "not_sad": 0.354242920876,
            "sad": 0.645757079124
        },
        "probability": 0.645757079124,
        "value": "sad"
    },
    "moods_mirex": {
        "all": {
            "Cluster1": 0.383471101522,
            "Cluster2": 0.103431329131,
            "Cluster3": 0.242770403624,
            "Cluster4": 0.0854541584849,
            "Cluster5": 0.184872999787
        },
        "probability": 0.383471101522,
        "value": "Cluster1"
    },
    "timbre": {
        "all": {
            "bright": 0.679072082043,
            "dark": 0.320927917957
        },
        "probability": 0.679072082043,
        "value": "bright"
    },
    "tonal_atonal": {
        "all": {
            "atonal": 0.0146562699229,
            "tonal": 0.985343754292
        },
        "probability": 0.985343754292,
        "value": "tonal"
    },
    "voice_instrumental": {
        "all": {
            "instrumental": 0.995588779449,
            "voice": 0.00441119307652
        },
        "probability": 0.995588779449,
        "value": "instrumental"
    }
},
"lowlevel": {
    "average_loudness": 0.978934407234,
    "barkbands_crest": {
        "dmean": 2.61623501778,
        "dmean2": 4.02935600281,
        "dvar": 8.63940620422,
        "dvar2": 19.6510105133,
        "max": 25.8542232513,
        "mean": 13.7646503448,
        "median": 13.1965503693,
        "min": 3.41956758499,
        "var": 26.7879447937
    },
    "barkbands_flatness_db": {
        "dmean": 0.0334609411657,
        "dmean2": 0.0487894192338,
        "dvar": 0.00134258286562,
        "dvar2": 0.00278253876604,
        "max": 0.54973846674,
        "mean": 0.221354946494,
        "median": 0.212925031781,
        "min": 0.0541429556906,
        "var": 0.00628584902734
    },
    "barkbands_kurtosis": {
        "dmean": 12.9020261765,
        "dmean2": 20.9137744904,
        "dvar": 1067.79614258,
        "dvar2": 2786.19238281,
        "max": 552.985778809,
        "mean": 20.1359519958,
        "median": 4.8990020752,
        "min": -1.65636360645,
        "var": 1791.82678223
    },
    "barkbands_skewness": {
        "dmean": 1.02068352699,
        "dmean2": 1.54168152809,
        "dvar": 1.79435873032,
        "dvar2": 4.14396953583,
        "max": 20.3133449554,
        "mean": 2.99307203293,
        "median": 2.28644728661,
        "min": -1.03804707527,
        "var": 6.66451644897
    },
    "barkbands_spread": {
        "dmean": 5.402739048,
        "dmean2": 7.78479623795,
        "dvar": 42.7504272461,
        "dvar2": 76.3095169067,
        "max": 57.9549102783,
        "mean": 17.193572998,
        "median": 13.6987047195,
        "min": 0.113443061709,
        "var": 179.961502075
    },
    "dissonance": {
        "dmean": 0.019500343129,
        "dmean2": 0.0332096740603,
        "dvar": 0.000312141579343,
        "dvar2": 0.000829413009342,
        "max": 0.499589532614,
        "mean": 0.465320408344,
        "median": 0.470770567656,
        "min": 0.354909360409,
        "var": 0.000627666304354
    },
    "dynamic_complexity": 2.15818858147,
    "erbbands_crest": {
        "dmean": 2.18237614632,
        "dmean2": 3.47185111046,
        "dvar": 4.16399478912,
        "dvar2": 11.2017374039,
        "max": 23.2782421112,
        "mean": 8.35482501984,
        "median": 7.67822170258,
        "min": 2.77398753166,
        "var": 11.3796777725
    },
    "erbbands_flatness_db": {
        "dmean": 0.0206381045282,
        "dmean2": 0.0274077132344,
        "dvar": 0.000442270742496,
        "dvar2": 0.000716782116797,
        "max": 0.330605179071,
        "mean": 0.178750663996,
        "median": 0.177044644952,
        "min": 0.0869689360261,
        "var": 0.00245449109934
    },
    "erbbands_kurtosis": {
        "dmean": 0.900632500648,
        "dmean2": 1.46217155457,
        "dvar": 5.00562000275,
        "dvar2": 13.8653116226,
        "max": 54.3138122559,
        "mean": 0.456792533398,
        "median": -0.0828454494476,
        "min": -1.75642073154,
        "var": 5.81845378876
    },
    "erbbands_skewness": {
        "dmean": 0.334954530001,
        "dmean2": 0.511981546879,
        "dvar": 0.149808228016,
        "dvar2": 0.369967579842,
        "max": 6.69740915298,
        "mean": 0.0529204830527,
        "median": -0.056290358305,
        "min": -2.91441750526,
        "var": 0.687976896763
    },
    "erbbands_spread": {
        "dmean": 9.41270542145,
        "dmean2": 13.9637155533,
        "dvar": 124.696258545,
        "dvar2": 267.881500244,
        "max": 154.604919434,
        "mean": 41.1992683411,
        "median": 35.9384460449,
        "min": 6.78934240341,
        "var": 456.171173096
    },
    "hfc": {
        "dmean": 8.38661766052,
        "dmean2": 12.0923843384,
        "dvar": 251.329330444,
        "dvar2": 560.724243164,
        "max": 161.233001709,
        "mean": 21.4003868103,
        "median": 15.5796279907,
        "min": 0.0976115316153,
        "var": 424.826507568
    },
    "melbands_crest": {
        "dmean": 2.71533966064,
        "dmean2": 4.25752687454,
        "dvar": 8.13737201691,
        "dvar2": 20.6269874573,
        "max": 31.3768939972,
        "mean": 19.7097949982,
        "median": 20.4649848938,
        "min": 5.09999752045,
        "var": 26.1527633667
    },
    "melbands_flatness_db": {
        "dmean": 0.0403814166784,
        "dmean2": 0.0564214512706,
        "dvar": 0.00206399220042,
        "dvar2": 0.00395949138328,
        "max": 0.684977114201,
        "mean": 0.293181747198,
        "median": 0.286118865013,
        "min": 0.0644791945815,
        "var": 0.0109290014952
    },
    "melbands_kurtosis": {
        "dmean": 23.622341156,
        "dmean2": 36.8402442932,
        "dvar": 1812.61865234,
        "dvar2": 4213.63183594,
        "max": 716.070495605,
        "mean": 45.9422149658,
        "median": 16.3046531677,
        "min": -1.04065203667,
        "var": 5355.32910156
    },
    "melbands_skewness": {
        "dmean": 1.2616058588,
        "dmean2": 1.89795923233,
        "dvar": 2.30035591125,
        "dvar2": 4.85512018204,
        "max": 20.6128749847,
        "mean": 4.54566669464,
        "median": 3.68125915527,
        "min": -0.358883351088,
        "var": 9.20297622681
    },
    "melbands_spread": {
        "dmean": 5.75841856003,
        "dmean2": 8.45771312714,
        "dvar": 63.114151001,
        "dvar2": 121.279846191,
        "max": 85.4257202148,
        "mean": 15.5686159134,
        "median": 10.5614423752,
        "min": 0.238783434033,
        "var": 213.055618286
    },
    "pitch_salience": {
        "dmean": 0.0736377090216,
        "dmean2": 0.116526409984,
        "dvar": 0.00619009276852,
        "dvar2": 0.0146470610052,
        "max": 0.848960697651,
        "mean": 0.377335220575,
        "median": 0.361767500639,
        "min": 0.0730351433158,
        "var": 0.017618522048
    },
    "silence_rate_20dB": {
        "dmean": 0,
        "dmean2": 0,
        "dvar": 0,
        "dvar2": 0,
        "max": 1,
        "mean": 1,
        "median": 1,
        "min": 1,
        "var": 0
    },
    "silence_rate_30dB": {
        "dmean": 0.0897832810879,
        "dmean2": 0.179705649614,
        "dvar": 0.0817231014371,
        "dvar2": 0.147410184145,
        "max": 1,
        "mean": 0.839907169342,
        "median": 1,
        "min": 0,
        "var": 0.134463638067
    },
    "silence_rate_60dB": {
        "dmean": 0.0061919502914,
        "dmean2": 0.0123934932053,
        "dvar": 0.00615357887,
        "dvar2": 0.0122398845851,
        "max": 1,
        "mean": 0.0116009283811,
        "median": 0,
        "min": 0,
        "var": 0.0114663224667
    },
    "spectral_centroid": {
        "dmean": 265.065826416,
        "dmean2": 388.504699707,
        "dvar": 101515.734375,
        "dvar2": 186358.40625,
        "max": 3336.56347656,
        "mean": 1204.08288574,
        "median": 1026.88476562,
        "min": 94.8579406738,
        "var": 563808
    },
    "spectral_complexity": {
        "dmean": 3.69504642487,
        "dmean2": 5.10224628448,
        "dvar": 28.7987346649,
        "dvar2": 40.0328407288,
        "max": 61,
        "mean": 17.1345710754,
        "median": 16,
        "min": 1,
        "var": 113.875167847
    },
    "spectral_decrease": {
        "dmean": 7.00292757116e-09,
        "dmean2": 1.09169659979e-08,
        "dvar": 1.41367601905e-16,
        "dvar2": 3.33151319515e-16,
        "max": -1.21383653129e-10,
        "mean": -1.55158765835e-08,
        "median": -1.02391748413e-08,
        "min": -8.35353048956e-08,
        "var": 2.34669154548e-16
    },
    "spectral_energy": {
        "dmean": 0.0270254537463,
        "dmean2": 0.0420822575688,
        "dvar": 0.00204086513259,
        "dvar2": 0.00481165573001,
        "max": 0.317547231913,
        "mean": 0.0605015829206,
        "median": 0.0401063673198,
        "min": 0.000466983416118,
        "var": 0.00340583012439
    },
    "spectral_energyband_high": {
        "dmean": 0.000530804158188,
        "dmean2": 0.000735336157959,
        "dvar": 1.29366151214e-06,
        "dvar2": 2.64660639004e-06,
        "max": 0.0111489119008,
        "mean": 0.000961652956903,
        "median": 0.000345128530171,
        "min": 3.41449037933e-07,
        "var": 2.46375202551e-06
    },
    "spectral_energyband_low": {
        "dmean": 0.0248724017292,
        "dmean2": 0.0388958752155,
        "dvar": 0.00210275687277,
        "dvar2": 0.00501351850107,
        "max": 0.314558058977,
        "mean": 0.0484111979604,
        "median": 0.0290272980928,
        "min": 2.82709061139e-05,
        "var": 0.00332703301683
    },
    "spectral_energyband_middle_high": {
        "dmean": 0.00242681242526,
        "dmean2": 0.00372534547932,
        "dvar": 2.09257595998e-05,
        "dvar2": 4.8590303777e-05,
        "max": 0.0533705316484,
        "mean": 0.00566198118031,
        "median": 0.00345829990692,
        "min": 8.59970987221e-06,
        "var": 3.91111243516e-05
    },
    "spectral_energyband_middle_low": {
        "dmean": 0.00340455723926,
        "dmean2": 0.00577313778922,
        "dvar": 3.21372572216e-05,
        "dvar2": 8.72281671036e-05,
        "max": 0.0457848794758,
        "mean": 0.00687252823263,
        "median": 0.00540504511446,
        "min": 0.000119365744467,
        "var": 3.44931140717e-05
    },
    "spectral_entropy": {
        "dmean": 0.226949170232,
        "dmean2": 0.3139128685,
        "dvar": 0.0750329270959,
        "dvar2": 0.15111169219,
        "max": 8.58681964874,
        "mean": 7.19585037231,
        "median": 7.2611079216,
        "min": 4.98556518555,
        "var": 0.333129286766
    },
    "spectral_flux": {
        "dmean": 0.0458076074719,
        "dmean2": 0.073105417192,
        "dvar": 0.00365099962801,
        "dvar2": 0.00791820604354,
        "max": 0.463005810976,
        "mean": 0.107491463423,
        "median": 0.0725108161569,
        "min": 0.0121552273631,
        "var": 0.00840838905424
    },
    "spectral_kurtosis": {
        "dmean": 3.14524698257,
        "dmean2": 5.02764844894,
        "dvar": 21.8591079712,
        "dvar2": 51.595615387,
        "max": 58.6241455078,
        "mean": 5.72613859177,
        "median": 3.14476680756,
        "min": -0.757653951645,
        "var": 52.7652397156
    },
    "spectral_rms": {
        "dmean": 0.00143207598012,
        "dmean2": 0.0021470063366,
        "dvar": 4.04660158893e-06,
        "dvar2": 8.72079635883e-06,
        "max": 0.0176011975855,
        "mean": 0.00704077119008,
        "median": 0.00625525088981,
        "min": 0.000674976734444,
        "var": 9.4534807431e-06
    },
    "spectral_rolloff": {
        "dmean": 343.963562012,
        "dmean2": 547.405334473,
        "dvar": 320062.28125,
        "dvar2": 567186.75,
        "max": 4995.703125,
        "mean": 873.119506836,
        "median": 495.263671875,
        "min": 64.599609375,
        "var": 908519.625
    },
    "spectral_skewness": {
        "dmean": 0.349006295204,
        "dmean2": 0.532049119473,
        "dvar": 0.157509446144,
        "dvar2": 0.328160703182,
        "max": 6.28144693375,
        "mean": 1.5299808979,
        "median": 1.32290148735,
        "min": 0.210651651025,
        "var": 0.705932497978
    },
    "spectral_spread": {
        "dmean": 501020.875,
        "dmean2": 633950.0625,
        "dvar": 465575641088,
        "dvar2": 651682185216,
        "max": 17667680,
        "mean": 3822227,
        "median": 3672453.5,
        "min": 1028878.9375,
        "var": 2.00888523162e+12
    },
    "spectral_strongpeak": {
        "dmean": 0.250104814768,
        "dmean2": 0.439594447613,
        "dvar": 0.239507973194,
        "dvar2": 0.635480344296,
        "max": 6.60830593109,
        "mean": 0.603634893894,
        "median": 0.490870445967,
        "min": 0.0193369686604,
        "var": 0.316156953573
    },
    "zerocrossingrate": {
        "dmean": 0.00823502242565,
        "dmean2": 0.00908256042749,
        "dvar": 7.56423396524e-05,
        "dvar2": 8.44977257657e-05,
        "max": 0.1259765625,
        "mean": 0.0356826707721,
        "median": 0.02978515625,
        "min": 0.00244140625,
        "var": 0.00060185813345
    },
    "barkbands": {
        "dmean": [0.000913354975637, 0.0197588372976, 0.0100107640028, 0.00172233174089, 0.00066212186357, 0.000339198915754, 0.000588704715483, 0.000715885602403, 0.00049744383432, 0.000311005569529, 0.000283321889583, 0.000512264436111, 0.000372245471226, 0.00054874853231, 0.000574599544052, 0.000285657675704, 0.000199131696718, 0.000220774512854, 0.000157651214977, 0.000184691685718, 0.000278103543678, 0.000109330918349, 6.35807518847e-05, 3.38367171935e-05, 1.97334375116e-05, 7.92868286226e-06, 5.3908100206e-09],
        "dmean2": [0.00161227781791, 0.0280116796494, 0.0173385031521, 0.00307201151736, 0.00116842985153, 0.000539195432793, 0.000951658934355, 0.0011632994283, 0.00082368060248, 0.000499997404404, 0.000448640319519, 0.000824105925858, 0.000569574709516, 0.00084537215298, 0.000911718816496, 0.00043794044177, 0.000334712705808, 0.000355325842975, 0.000221222246182, 0.000286591384793, 0.000407654297305, 0.000157155693159, 8.9391702204e-05, 4.78536348965e-05, 3.09308488795e-05, 1.25020133055e-05, 9.30347887618e-09],
        "dvar": [5.16202635481e-06, 0.00158285046928, 0.000667674583383, 1.70219118445e-05, 1.68161170677e-06, 3.09059799974e-07, 7.31963439193e-07, 1.78207551471e-06, 2.3038044219e-06, 7.05246407051e-07, 3.41288199479e-07, 1.13415194392e-06, 4.5730388365e-07, 9.89004661278e-07, 1.86987358575e-06, 2.66004803962e-07, 2.06046024687e-07, 3.44486039694e-07, 1.57757526154e-07, 2.32723820659e-07, 2.98150865774e-07, 6.28164755767e-08, 3.557721584e-08, 9.74647473839e-09, 4.11031830794e-09, 7.66583019285e-10, 6.82957689053e-16],
        "dvar2": [1.43520037454e-05, 0.00329423719086, 0.00184548797552, 4.78093643324e-05, 4.78600122733e-06, 7.39272309147e-07, 1.83262420705e-06, 4.31171656601e-06, 6.59190118313e-06, 1.56260080075e-06, 8.22059689654e-07, 3.01998397845e-06, 1.11531414859e-06, 2.09086715586e-06, 4.18040326622e-06, 5.95285825966e-07, 5.64748006582e-07, 8.96291737718e-07, 3.06496843905e-07, 5.75052581553e-07, 6.43014516299e-07, 1.29492988776e-07, 7.33020897314e-08, 2.08910755362e-08, 1.03449675493e-08, 1.84171766726e-09, 1.3831787566e-15],
        "max": [0.0216599330306, 0.296217173338, 0.192228019238, 0.0319893881679, 0.0112726129591, 0.00639352295548, 0.0110682528466, 0.0195306967944, 0.0170036200434, 0.0149074234068, 0.00788339693099, 0.0120340948924, 0.0106487721205, 0.0132654719055, 0.0200667250901, 0.00565815716982, 0.00421952363104, 0.00578417861834, 0.00458260532469, 0.00599815417081, 0.00579440360889, 0.0024955002591, 0.00202983501367, 0.00102418998722, 0.000575273996219, 0.000271872122539, 4.79646985241e-07],
        "mean": [0.000814010796603, 0.0323489941657, 0.0139231225476, 0.00202982709743, 0.000949930166826, 0.000627883768175, 0.00111178529914, 0.0013264225563, 0.000711155007593, 0.000404238759074, 0.000490465608891, 0.000790444784798, 0.000662957376335, 0.000957962882239, 0.000963083177339, 0.000475914566778, 0.000283258588752, 0.000301784690237, 0.000229101220611, 0.000263266992988, 0.00050310138613, 0.000165842749993, 8.88448994374e-05, 4.76126406284e-05, 2.2623102268e-05, 8.01528221928e-06, 4.07553280013e-09],
        "median": [0.000243328671786, 0.0160666927695, 0.00892196688801, 0.00104681390803, 0.000546598923393, 0.000279745319858, 0.000619332422502, 0.000646572792903, 0.000243598362431, 7.60638067732e-05, 0.000138536168379, 0.000270538119366, 0.000273703451967, 0.00032684954931, 0.000278070278, 0.000151299071149, 9.66406296357e-05, 8.71760639711e-05, 5.60606022191e-05, 6.42530358164e-05, 0.000121881399537, 5.78849430894e-05, 2.16892240132e-05, 1.10492237582e-05, 4.79273012388e-06, 2.75282729945e-07, 7.77924169526e-10],
        "min": [3.89928288769e-07, 9.99047188088e-06, 1.45396484186e-06, 1.50782113906e-06, 8.65774381964e-07, 2.17197543861e-06, 1.80969618668e-06, 1.21625635074e-05, 3.76085353082e-07, 5.02604336816e-07, 1.01367156446e-07, 4.95149436119e-07, 5.77367593735e-08, 9.97655149604e-08, 4.58734461972e-07, 7.51673567834e-08, 1.03124804696e-07, 2.83046475147e-08, 6.73902036397e-08, 4.02488602447e-08, 1.04386550959e-07, 2.65129092014e-08, 2.00855403421e-08, 1.6587076157e-10, 8.54253993932e-12, 1.18356296985e-11, 1.35028576861e-11],
        "var": [3.82769530916e-06, 0.00229328987189, 0.000477565306937, 1.18883135656e-05, 1.59977992098e-06, 7.66833920807e-07, 1.62072331023e-06, 3.59698969987e-06, 1.92494303519e-06, 1.04050639038e-06, 8.26029975087e-07, 1.93733740161e-06, 9.68590825323e-07, 2.48170499617e-06, 3.99227610615e-06, 5.56205463909e-07, 2.38482215309e-07, 3.75899958271e-07, 2.65498300678e-07, 2.81188732743e-07, 7.243975233e-07, 1.07135136318e-07, 4.96210681433e-08, 1.23103607308e-08, 3.55027873766e-09, 6.78283651467e-10, 5.29808626475e-16]
    },
    "erbbands": {
        "dmean": [0.70955491066, 4.23175907135, 10.670422554, 8.96090698242, 2.89426422119, 2.25983309746, 2.25324559212, 2.88461661339, 6.40792274475, 11.9226922989, 15.3470077515, 10.4496126175, 8.80700492859, 11.786523819, 10.8310518265, 16.9419059753, 15.896437645, 26.0096569061, 24.7230625153, 26.9574718475, 13.1727895737, 10.2516078949, 9.82272529602, 10.9031591415, 9.26013469696, 8.09685611725, 10.9089126587, 9.82098484039, 4.01875066757, 2.54860210419, 1.66791391373, 0.861940860748, 0.552834570408, 0.28801637888, 0.106110446155, 0.0412927344441, 0.0154291661456, 0.000799398694653, 2.89161107503e-05, 3.10015457217e-05],
        "dmean2": [1.06560027599, 6.52726650238, 18.4043674469, 15.6700258255, 5.13773870468, 4.01960086823, 3.82853150368, 4.50495290756, 10.3721036911, 18.899772644, 24.8156738281, 17.6620826721, 14.2180662155, 18.6735534668, 17.7068538666, 27.2602367401, 24.734210968, 39.1406745911, 38.6528320312, 42.3219909668, 19.5399532318, 16.9470882416, 15.5810947418, 16.2779560089, 13.9719524384, 12.3584661484, 16.1520252228, 14.6141996384, 5.78811359406, 3.68790626526, 2.33384799957, 1.17350196838, 0.83907943964, 0.456181377172, 0.161506667733, 0.0634567216039, 0.0252696890384, 0.00130357069429, 4.48090358987e-05, 4.7940051445e-05],
        "dvar": [2.5727186203, 69.0466308594, 675.982971191, 511.493164062, 27.4657363892, 21.7085590363, 22.2686901093, 24.1160755157, 110.870925903, 297.838562012, 912.851074219, 1168.64978027, 549.971008301, 640.199645996, 516.189147949, 1415.97692871, 721.683898926, 2036.67700195, 2927.56713867, 2879.57177734, 525.836791992, 523.231933594, 680.477416992, 854.650268555, 572.532043457, 467.975341797, 468.448059082, 423.16317749, 91.3644332886, 45.4305686951, 24.3612384796, 5.56978845596, 3.27604436874, 0.809903383255, 0.113224074244, 0.0156914107502, 0.00370862381533, 9.82177061815e-06, 5.25541432594e-09, 2.44977793606e-09],
        "dvar2": [5.94255971909, 152.348907471, 1876.93139648, 1414.33166504, 75.8648910522, 62.920791626, 60.8165588379, 54.8874473572, 280.103973389, 752.640686035, 2346.78515625, 3344.35668945, 1255.04846191, 1472.00402832, 1435.27075195, 3688.92651367, 1817.5670166, 4322.91796875, 6800.45458984, 6657.33251953, 1089.52355957, 1394.80407715, 1790.07458496, 2033.57995605, 1289.7052002, 1096.72338867, 1037.9543457, 914.589355469, 188.661636353, 94.6913452148, 47.8435516357, 10.7420310974, 8.08567333221, 2.01483535767, 0.266529411077, 0.0370111986995, 0.00931794568896, 2.424923332e-05, 1.26679200463e-08, 5.75509995215e-09],
        "max": [11.083691597, 60.5141792297, 194.722640991, 156.163375854, 46.4126853943, 38.5592956543, 71.6956329346, 70.7929382324, 100.492645264, 191.054931641, 361.730010986, 378.661682129, 351.89956665, 293.905212402, 314.040466309, 446.021331787, 403.915435791, 520.132995605, 839.479675293, 717.046203613, 304.844818115, 205.788574219, 241.681152344, 358.575256348, 249.51499939, 283.271759033, 254.856399536, 339.104675293, 101.701599121, 76.0028305054, 47.3099517822, 24.2174682617, 18.8691883087, 8.20117092133, 2.89569544792, 1.19293630123, 0.550755381584, 0.0297871381044, 0.000673527363688, 0.000344447151292],
        "mean": [0.830266833305, 7.59951066971, 17.1479759216, 10.913520813, 4.41354942322, 3.05816793442, 3.62528014183, 5.2434425354, 10.9867658615, 23.9001731873, 29.2288684845, 14.4800319672, 13.0714273453, 20.0263843536, 18.8347930908, 26.6458644867, 29.9062538147, 47.2699699402, 43.344669342, 47.4305877686, 24.2213859558, 16.0504779816, 14.1742038727, 15.2166023254, 12.8110647202, 12.5243988037, 18.9548377991, 16.7438011169, 6.1438331604, 3.88095712662, 2.33518910408, 1.29150807858, 0.658725321293, 0.33675596118, 0.124008886516, 0.0462244935334, 0.013798199594, 0.00069772725692, 4.65952907689e-05, 6.96127826814e-05],
        "median": [0.283495545387, 4.27761983871, 12.493391037, 6.4863319397, 2.91304755211, 1.50640249252, 1.65006244183, 2.24555397034, 5.81011915207, 14.3354673386, 15.7816400528, 5.8035030365, 3.37853145599, 6.71865177155, 7.32311677933, 10.7229690552, 16.8191547394, 21.7455863953, 17.4723396301, 18.0728759766, 9.14579486847, 6.43556261063, 4.87838506699, 3.63214182854, 3.6998860836, 3.00268816948, 5.4745016098, 3.68481087685, 1.94476556778, 1.20617413521, 0.55697786808, 0.304438143969, 0.166823878884, 0.0828993692994, 0.0218622963876, 0.00337772467174, 0.000334867130732, 2.43327613134e-05, 2.5118866688e-05, 4.68509497296e-05],
        "min": [0.000254432234215, 0.00312335067429, 0.00226209708489, 0.00407655769959, 0.00678209215403, 0.00364596652798, 0.0103419432417, 0.0108416862786, 0.0212077237666, 0.124568708241, 0.545291543007, 0.0608657337725, 0.0396498218179, 0.0248292367905, 0.0163308475167, 0.0348716489971, 0.0120406914502, 0.0132182762027, 0.0198019519448, 0.0231102630496, 0.0103779146448, 0.00505965109915, 0.00221660267562, 0.00223655859008, 0.00290810968727, 0.00258279731497, 0.00495269801468, 0.00296163139865, 0.000912388088182, 0.000849632953759, 0.000450248247944, 0.000119927695778, 6.30925205769e-05, 1.80611878022e-05, 3.38235531672e-06, 1.80700510555e-06, 4.52876008694e-07, 6.64383534854e-08, 3.33268161512e-07, 5.17441037573e-07],
        "var": [2.8666498661, 99.408241272, 513.275512695, 350.713470459, 26.4779605865, 19.8029537201, 31.1795597076, 61.7014808655, 190.809967041, 703.305419922, 1496.64086914, 870.967529297, 805.555236816, 1486.18652344, 1004.54217529, 2028.49975586, 1458.59875488, 4737.7265625, 5506.04589844, 6080.03759766, 1236.56164551, 654.508056641, 724.02734375, 1107.54370117, 763.802978516, 646.20715332, 967.56072998, 1004.75860596, 150.379089355, 73.0421676636, 35.1275787354, 8.52685260773, 3.04070329666, 0.717038154602, 0.110393099487, 0.0151558788493, 0.00293645937927, 8.05435138318e-06, 5.07943420658e-09, 4.12955758478e-09]
    },
    "gfcc": {
        "mean": [-20.3326034546, 130.326126099, -123.218589783, 54.8952941895, -40.8290061951, 26.4580554962, -14.7837152481, 4.58092832565, -1.51557803154, 9.62998867035, -8.84473896027, -15.6282129288, -8.29883766174],
        "cov": [[5106.33056641, -1886.57641602, -754.297058105, 382.096954346, -438.094848633, 350.470428467, -502.126831055, 329.221313477, -385.331054688, 348.24029541, -226.457763672, 302.913024902, -164.214385986], [-1886.57641602, 1797.30847168, -81.1760559082, -396.299102783, 502.974884033, -355.373596191, 328.08795166, -373.289886475, 246.847961426, -309.22277832, 194.559402466, -173.051635742, 134.746520996], [-754.297058105, -81.1760559082, 1584.79467773, 53.0935134888, -93.4079055786, 356.114105225, -53.2830200195, 213.879013062, -126.638252258, -108.928573608, -51.0730209351, 17.4652481079, -70.0733261108], [382.096954346, -396.299102783, 53.0935134888, 471.405273438, -51.6520042419, 51.0157470703, 51.1175727844, 26.7693710327, 34.7746696472, 38.8582229614, -36.302028656, -61.7359657288, -21.8435745239], [-438.094848633, 502.974884033, -93.4079055786, -51.6520042419, 418.409881592, -126.959815979, 157.082107544, -115.820236206, 108.754898071, -6.9070687294, -5.05511808395, -46.7997360229, 13.1807899475], [350.470428467, -355.373596191, 356.114105225, 51.0157470703, -126.959815979, 299.190582275, -105.88835144, 135.118103027, -78.8173828125, 8.11677074432, -26.6085109711, 30.2134952545, -5.96043205261], [-502.126831055, 328.08795166, -53.2830200195, 51.1175727844, 157.082107544, -105.88835144, 233.795059204, -75.7428131104, 112.889099121, -36.2479934692, 24.9402294159, -52.2670402527, 29.3860015869], [329.221313477, -373.289886475, 213.879013062, 26.7693710327, -115.820236206, 135.118103027, -75.7428131104, 194.147644043, -62.9539337158, 55.1504135132, -40.7559967041, 45.9348983765, -37.9698066711], [-385.331054688, 246.847961426, -126.638252258, 34.7746696472, 108.754898071, -78.8173828125, 112.889099121, -62.9539337158, 161.455718994, -4.15862131119, 43.8953895569, -60.1455116272, 37.6932525635], [348.24029541, -309.22277832, -108.928573608, 38.8582229614, -6.9070687294, 8.11677074432, -36.2479934692, 55.1504135132, -4.15862131119, 174.934661865, -41.1196594238, 40.8837471008, -30.0214881897], [-226.457763672, 194.559402466, -51.0730209351, -36.302028656, -5.05511808395, -26.6085109711, 24.9402294159, -40.7559967041, 43.8953895569, -41.1196594238, 112.821525574, -11.9230213165, 44.9085769653], [302.913024902, -173.051635742, 17.4652481079, -61.7359657288, -46.7997360229, 30.2134952545, -52.2670402527, 45.9348983765, -60.1455116272, 40.8837471008, -11.9230213165, 117.606124878, -7.30847215652], [-164.214385986, 134.746520996, -70.0733261108, -21.8435745239, 13.1807899475, -5.96043205261, 29.3860015869, -37.9698066711, 37.6932525635, -30.0214881897, 44.9085769653, -7.30847215652, 95.673576355]],
        "icov": [[0.000616618839558, -0.000383312726626, 0.000722625118215, -0.000995187438093, 4.36941700173e-05, -0.000894530094229, 0.000733155582566, -0.000609921466094, 0.00082958128769, -0.00028657837538, 0.000497840577736, -0.00135799357668, 0.000617097481154], [-0.000383312726626, 0.00688219396397, -0.00181322917342, 0.0054648197256, -0.0038366005756, 0.00356823066249, -0.002501713112, 0.00440994510427, -0.00251800264232, 0.00571677368134, -0.00454234238714, 0.00512368092313, -0.00185226788744], [0.000722625118215, -0.00181322917342, 0.00221754238009, -0.0021687198896, 0.000594730081502, -0.0028148512356, 0.000825435912702, -0.00229109614156, 0.00171125668567, -0.000467747042421, 0.00140863168053, -0.00248118024319, 0.00183128600474], [-0.000995187438093, 0.0054648197256, -0.0021687198896, 0.00800732430071, -0.00190865295008, 0.00280654802918, -0.00395889906213, 0.00423257378861, -0.0032236778643, 0.00348028843291, -0.002972579794, 0.00698114885017, -0.0015407402534], [4.36941700173e-05, -0.0038366005756, 0.000594730081502, -0.00190865295008, 0.0063477489166, -0.00170104193967, -0.000751366082113, -0.000452121457784, -0.000288336595986, -0.00403896020725, 0.00413376744837, -0.00228722672909, 0.00128026038874], [-0.000894530094229, 0.00356823066249, -0.0028148512356, 0.00280654802918, -0.00170104193967, 0.00982642732561, 0.00018733421166, -0.000355320924427, -0.00141628633719, 0.00301014306024, -0.00241621211171, 0.0041787000373, -0.00437786476687], [0.000733155582566, -0.002501713112, 0.000825435912702, -0.00395889906213, -0.000751366082113, 0.00018733421166, 0.0103112487122, -0.0023457268253, -0.00234687747434, -0.000383306469303, 0.00216798484325, -0.00346445385367, 2.17031611101e-05], [-0.000609921466094, 0.00440994510427, -0.00229109614156, 0.00423257378861, -0.000452121457784, -0.000355320924427, -0.0023457268253, 0.0137775810435, -0.00249007809907, 0.000865667534526, -0.00178868463263, 0.0023870607838, 0.000533616926987], [0.00082958128769, -0.00251800264232, 0.00171125668567, -0.0032236778643, -0.000288336595986, -0.00141628633719, -0.00234687747434, -0.00249007809907, 0.0156369581819, -0.00472044013441, -0.00205783382989, 0.00173456617631, -0.00137171184178], [-0.00028657837538, 0.00571677368134, -0.000467747042421, 0.00348028843291, -0.00403896020725, 0.00301014306024, -0.000383306469303, 0.000865667534526, -0.00472044013441, 0.0140469809994, -0.00165240524802, 0.000705742277205, 0.000210991478525], [0.000497840577736, -0.00454234238714, 0.00140863168053, -0.002972579794, 0.00413376744837, -0.00241621211171, 0.00216798484325, -0.00178868463263, -0.00205783382989, -0.00165240524802, 0.0164767540991, -0.00475810654461, -0.00229616742581], [-0.00135799357668, 0.00512368092313, -0.00248118024319, 0.00698114885017, -0.00228722672909, 0.0041787000373, -0.00346445385367, 0.0023870607838, 0.00173456617631, 0.000705742277205, -0.00475810654461, 0.0190307255834, -0.00395828532055], [0.000617097481154, -0.00185226788744, 0.00183128600474, -0.0015407402534, 0.00128026038874, -0.00437786476687, 2.17031611101e-05, 0.000533616926987, -0.00137171184178, 0.000210991478525, -0.00229616742581, -0.00395828532055, 0.0162476822734]]
    },
    "melbands": {
        "dmean": [0.00592948496342, 0.00517508899793, 0.00138484779745, 0.000165664881933, 7.61591873015e-05, 6.66495907353e-05, 0.000101590601844, 0.000140818519867, 0.000125388716697, 6.21584258624e-05, 4.4759544835e-05, 4.76674904348e-05, 3.59157966159e-05, 5.13802588102e-05, 4.33695568063e-05, 4.23285855504e-05, 5.20581161254e-05, 3.95655988541e-05, 4.97394539707e-05, 2.6052015528e-05, 1.50226469486e-05, 1.16048404379e-05, 9.81428456726e-06, 1.05363187686e-05, 9.06833793124e-06, 5.49867536392e-06, 7.5210173236e-06, 5.21865558767e-06, 6.86678777129e-06, 8.16640658741e-06, 4.90753927807e-06, 2.45842443292e-06, 1.79459016181e-06, 1.39001610933e-06, 1.00022862171e-06, 8.19874458102e-07, 4.47608584864e-07, 3.82368739338e-07, 3.58501580422e-07, 2.16836554046e-07],
        "dmean2": [0.00824212189764, 0.00879044923931, 0.00239693908952, 0.000293809949653, 0.00013195889187, 0.000104441256553, 0.000164821889484, 0.000222291855607, 0.000204841038794, 0.000104078862933, 7.18627561582e-05, 7.56591543905e-05, 5.76980928599e-05, 8.5037892859e-05, 6.5931424615e-05, 6.44492247375e-05, 7.86137097748e-05, 6.20857972535e-05, 7.92624850874e-05, 4.12980880355e-05, 2.2451433324e-05, 1.91266772163e-05, 1.66319132404e-05, 1.68007736647e-05, 1.36117805596e-05, 8.05526633485e-06, 1.19491114674e-05, 8.03021339379e-06, 1.04059872683e-05, 1.22783549159e-05, 7.38110429666e-06, 3.63290791938e-06, 2.6802508728e-06, 2.06373897527e-06, 1.41248744967e-06, 1.20529273318e-06, 6.02408420036e-07, 5.92457752191e-07, 5.8639790268e-07, 3.41989448316e-07],
        "dvar": [0.00015221243666, 0.000115945360449, 1.17403787954e-05, 8.7405410909e-08, 2.71527849094e-08, 1.22706182992e-08, 2.43585400739e-08, 4.65795295668e-08, 7.14964087933e-08, 3.99941271212e-08, 1.43609186765e-08, 1.0764195757e-08, 4.70798955376e-09, 1.41975684542e-08, 9.87015802423e-09, 4.75152583945e-09, 9.13207465203e-09, 7.77669395546e-09, 1.78007102392e-08, 2.38856734391e-09, 7.34640348554e-10, 5.16728437816e-10, 1.21413867848e-09, 6.42561670539e-10, 6.14320427861e-10, 1.93222840505e-10, 3.96388338819e-10, 1.89433635445e-10, 2.08193573492e-10, 3.22159188215e-10, 1.10074345472e-10, 3.44453389423e-11, 1.79150982244e-11, 1.59135083583e-11, 8.7406696464e-12, 5.41708995369e-12, 1.33362494225e-12, 1.38945820995e-12, 1.65528582594e-12, 3.59925305705e-13],
        "dvar2": [0.00032372950227, 0.00032113364432, 3.21133920806e-05, 2.48300153771e-07, 7.65189867025e-08, 2.80545116027e-08, 6.15362267808e-08, 1.16524283555e-07, 1.93169469753e-07, 1.1383046683e-07, 3.23666853319e-08, 2.43234250519e-08, 1.2459209664e-08, 3.94707626583e-08, 2.24164562468e-08, 1.11893090349e-08, 1.9660376438e-08, 1.79693504521e-08, 3.91567986924e-08, 5.76756509219e-09, 1.53097101663e-09, 1.31924471347e-09, 3.50341822219e-09, 1.55976176419e-09, 1.4627246081e-09, 3.94167948281e-10, 9.78346514913e-10, 4.40414094083e-10, 4.73560468617e-10, 7.0594746715e-10, 2.51609455493e-10, 7.33354835192e-11, 3.73233631501e-11, 3.48871487255e-11, 1.72722339903e-11, 1.1171711993e-11, 2.44871982934e-12, 3.41794973401e-12, 4.30964292031e-12, 8.78034461544e-13],
        "max": [0.0923349112272, 0.0814078003168, 0.0238735061139, 0.00241218344308, 0.0021647864487, 0.00146352732554, 0.00151076936163, 0.0030949767679, 0.00350693846121, 0.00209071091376, 0.00193395605311, 0.00128124107141, 0.000818800297566, 0.00152217538562, 0.00140278309118, 0.000706091988832, 0.00116959854495, 0.00131663540378, 0.00218300824054, 0.000546464929357, 0.000344781758031, 0.000185244105523, 0.000345650070813, 0.000353305833414, 0.000312881951686, 0.000157646747539, 0.000204614931135, 0.00019336566038, 0.00021069025388, 0.000254349724855, 0.00016385166964, 7.0250040153e-05, 4.08086743846e-05, 4.67374447908e-05, 2.92608365271e-05, 2.18070344999e-05, 1.37880015245e-05, 1.36714625114e-05, 1.17208401207e-05, 5.55104907107e-06],
        "mean": [0.00836729165167, 0.00961618311703, 0.00179379596375, 0.000250926212175, 0.000120451892144, 0.000123662495753, 0.000183939395356, 0.000285935413558, 0.000224917879677, 8.41263245093e-05, 6.45645777695e-05, 7.85928641562e-05, 6.38339188299e-05, 7.56067674956e-05, 6.695366028e-05, 7.91121055954e-05, 8.75432015164e-05, 6.46432235953e-05, 8.55119142216e-05, 4.10946049669e-05, 2.5189421649e-05, 1.77619785973e-05, 1.12026709758e-05, 1.51315371113e-05, 1.21379907796e-05, 7.95973846834e-06, 9.91964770947e-06, 7.51669131205e-06, 1.10351438707e-05, 1.35227764986e-05, 7.78197227191e-06, 3.50505911229e-06, 2.58552586274e-06, 1.97168606064e-06, 1.36030519116e-06, 1.10875657811e-06, 6.54614041196e-07, 4.60519515855e-07, 3.68944967022e-07, 2.5573064022e-07],
        "median": [0.00347151234746, 0.00698629627004, 0.00114267738536, 0.000150708729052, 6.6569657065e-05, 5.45291186427e-05, 0.000107301093522, 0.000178724905709, 0.000116606061056, 2.72446359304e-05, 1.23527606775e-05, 2.44074308284e-05, 2.43120794039e-05, 2.04742063943e-05, 2.33175323956e-05, 3.08772177959e-05, 3.25938453898e-05, 1.79523667612e-05, 2.40075205511e-05, 1.50597743414e-05, 7.96863059804e-06, 5.90036552239e-06, 3.32950935444e-06, 4.33399645772e-06, 2.51152005148e-06, 2.12708664549e-06, 2.57326473729e-06, 1.60630577284e-06, 3.26485860569e-06, 2.81709981209e-06, 1.79942844625e-06, 9.98485120363e-07, 7.80312802817e-07, 4.79708603507e-07, 2.87526859211e-07, 2.93211940061e-07, 1.31716646479e-07, 1.16809431461e-07, 6.90234145395e-08, 6.55320988585e-08],
        "min": [2.71352814707e-06, 3.48962271346e-06, 1.19121432363e-06, 2.50462278473e-07, 3.53325106062e-07, 2.28093682608e-07, 2.83389709921e-07, 1.60059300924e-06, 3.62997297998e-06, 7.85393012848e-08, 7.05716729499e-08, 6.90213184384e-08, 3.54297569061e-08, 6.18179853973e-08, 3.7581937562e-08, 5.91345816758e-09, 1.7124344609e-08, 9.94895543727e-09, 3.27465876637e-08, 1.2454490772e-08, 7.82317588488e-09, 6.46135411841e-09, 1.80312575981e-09, 1.20139009852e-09, 1.32446753565e-09, 1.82977033525e-09, 1.18284160244e-09, 2.06885591991e-10, 3.16148396351e-09, 2.04742267584e-09, 9.9970498546e-10, 2.37406261316e-10, 3.66816854669e-10, 6.4123630017e-11, 1.3841369717e-10, 8.4185566504e-12, 2.03089259819e-12, 1.02173011805e-12, 8.62256501009e-14, 7.86485405881e-14],
