{
"highlevel": {
    "danceability": {
        "all": {
            "danceable": 1.17068426064e-08,
            "not_danceable": 1
        },
        "probability": 1,
        "value": "not_danceable"
    },
    "gender": {
        "all": {
            "female": 0.453046172857,
            "male": 0.54695379734
        },
        "probability": 0.54695379734,
        "value": "male"
    },
    "genre_dortmund": {
        "all": {
            "alternative": 0.0953684896231,
            "blues": 0.0178842302412,
            "electronic": 0.0149065563455,
            "folkcountry": 0.0246861800551,
            "funksoulrnb": 0.0198059845716,
            "jazz": 0.0138626759872,
            "pop": 0.048920173198,
            "raphiphop": 0.0113325212151,
            "rock": 0.753233194351
        },
        "probability": 0.753233194351,
        "value": "rock"
    },
    "genre_electronic": {
        "all": {
            "ambient": 0.133332341909,
            "dnb": 0.137757897377,
            "house": 0.028942130506,
            "techno": 0.0122374799103,
            "trance": 0.687730133533
        },
        "probability": 0.687730133533,
        "value": "trance"
    },
    "genre_rosamerica": {
        "all": {
            "cla": 3.88027037843e-05,
            "dan": 0.00606959406286,
            "hip": 0.00320597109385,
            "jaz": 8.79718645592e-05,
            "pop": 0.0023297930602,
            "rhy": 0.000395766226575,
            "roc": 0.987842202187,
            "spe": 2.98918857879e-05
        },
        "probability": 0.987842202187,
        "value": "roc"
    },
    "genre_tzanetakis": {
        "all": {
            "blu": 0.0626541376114,
            "cla": 0.0348133966327,
            "cou": 0.0783501937985,
            "dis": 0.104547761381,
            "hip": 0.15693578124,
            "jaz": 0.313987255096,
            "met": 0.044816005975,
            "pop": 0.0627349764109,
            "reg": 0.0627352520823,
            "roc": 0.0784252434969
        },
        "probability": 0.313987255096,
        "value": "jaz"
    },
    "ismir04_rhythm": {
        "all": {
            "ChaChaCha": 0.185121491551,
            "Jive": 0.622678875923,
            "Quickstep": 0.00730410730466,
            "Rumba-American": 0.0064591136761,
            "Rumba-International": 0.00447789346799,
            "Rumba-Misc": 0.00215525156818,
            "Samba": 0.119799636304,
            "Tango": 0.00258229277097,
            "VienneseWaltz": 0.0460791476071,
            "Waltz": 0.00334220775403
        },
        "probability": 0.622678875923,
        "value": "Jive"
    },
    "mood_acoustic": {
        "all": {
            "acoustic": 0.00265477295034,
            "not_acoustic": 0.997345209122
        },
        "probability": 0.997345209122,
        "value": "not_acoustic"
    },
    "mood_aggressive": {
        "all": {
            "aggressive": 0.994099974632,
            "not_aggressive": 0.0059000258334
        },
        "probability": 0.994099974632,
        "value": "aggressive"
    },
    "mood_electronic": {
        "all": {
            "electronic": 0.36596429348,
            "not_electronic": 0.63403570652
        },
        "probability": 0.63403570652,
        "value": "not_electronic"
    },
    "mood_happy": {
        "all": {
            "happy": 0.74077641964,
            "not_happy": 0.25922358036
        },
        "probability": 0.74077641964,
        "value": "happy"
    },
    "mood_party": {
        "all": {
            "not_party": 0.320856958628,
            "party": 0.679143071175
        },
        "probability": 0.679143071175,
        "value": "party"
    },
    "mood_relaxed": {
        "all": {
            "not_relaxed": 0.989256501198,
            "relaxed": 0.0107434783131
        },
        "probability": 0.989256501198,
        "value": "not_relaxed"
    },
    "mood_sad": {
        "all": {
            "not_sad": 0.752738952637,
            "sad": 0.247261032462
        },
        "probability": 0.752738952637,
        "value": "not_sad"
    },
    "moods_mirex": {
        "all": {
            "Cluster1": 0.224666744471,
            "Cluster2": 0.00799079332501,
            "Cluster3": 0.00800595991313,
            "Cluster4": 0.00316907418892,
            "Cluster5": 0.756167411804
        },
        "probability": 0.756167411804,
        "value": "Cluster5"
    },
    "timbre": {
        "all": {
            "bright": 0.368785649538,
            "dark": 0.631214380264
        },
        "probability": 0.631214380264,
        "value": "dark"
    },
    "tonal_atonal": {
        "all": {
            "atonal": 0.000440878793597,
            "tonal": 0.999559104443
        },
        "probability": 0.999559104443,
        "value": "tonal"
    },
    "voice_instrumental": {
        "all": {
            "instrumental": 0.0073245796375,
            "voice": 0.992675423622
        },
        "probability": 0.992675423622,
        "value": "voice"
    }
},
"lowlevel": {
    "average_loudness": 0.983044564724,
    "barkbands_crest": {
        "dmean": 2.7771294117,
        "dmean2": 4.57667016983,
        "dvar": 6.7691321373,
        "dvar2": 17.2583370209,
        "max": 22.0159549713,
        "mean": 8.24729824066,
        "median": 7.26826953888,
        "min": 2.45107126236,
        "var": 14.6385116577
    },
    "barkbands_flatness_db": {
        "dmean": 0.0159218814224,
        "dmean2": 0.0261473115534,
        "dvar": 0.000219524459681,
        "dvar2": 0.000532313948497,
        "max": 0.227085098624,
        "mean": 0.0990036949515,
        "median": 0.0934813320637,
        "min": 0.0515137575567,
        "var": 0.000609362905379
    },
    "barkbands_kurtosis": {
        "dmean": 1.25350761414,
        "dmean2": 2.08458399773,
        "dvar": 4.13229227066,
        "dvar2": 10.2701368332,
        "max": 21.9012069702,
        "mean": 0.251365095377,
        "median": -0.465388774872,
        "min": -1.82821249962,
        "var": 5.36764574051
    },
    "barkbands_skewness": {
        "dmean": 0.470920860767,
        "dmean2": 0.739615857601,
        "dvar": 0.235708162189,
        "dvar2": 0.524108171463,
        "max": 4.48936367035,
        "mean": 0.963653564453,
        "median": 0.884889960289,
        "min": -2.95693945885,
        "var": 0.554603219032
    },
    "barkbands_spread": {
        "dmean": 7.1275806427,
        "dmean2": 11.2639570236,
        "dvar": 56.4470252991,
        "dvar2": 122.98324585,
        "max": 98.9175109863,
        "mean": 41.568939209,
        "median": 42.044883728,
        "min": 9.22942066193,
        "var": 141.468917847
    },
    "dissonance": {
        "dmean": 0.0105722183362,
        "dmean2": 0.017850516364,
        "dvar": 0.000189985119505,
        "dvar2": 0.000517235952429,
        "max": 0.499576091766,
        "mean": 0.479309022427,
        "median": 0.485339850187,
        "min": 0.312812626362,
        "var": 0.000415346818045
    },
    "dynamic_complexity": 0.978945791721,
    "erbbands_crest": {
        "dmean": 1.91439390182,
        "dmean2": 3.20850777626,
        "dvar": 4.82627153397,
        "dvar2": 11.9171562195,
        "max": 26.2427158356,
        "mean": 6.42554712296,
        "median": 5.29965400696,
        "min": 2.54524993896,
        "var": 12.712225914
    },
    "erbbands_flatness_db": {
        "dmean": 0.0123943695799,
        "dmean2": 0.0188752580434,
        "dvar": 0.000144914229168,
        "dvar2": 0.000301382562611,
        "max": 0.213442385197,
        "mean": 0.118062995374,
        "median": 0.115761384368,
        "min": 0.0544580444694,
        "var": 0.000507775635924
    },
    "erbbands_kurtosis": {
        "dmean": 0.653644979,
        "dmean2": 1.03995656967,
        "dvar": 1.6754386425,
        "dvar2": 3.65357255936,
        "max": 26.9373855591,
        "mean": -0.0841625630856,
        "median": -0.335436105728,
        "min": -1.76153504848,
        "var": 2.86914253235
    },
    "erbbands_skewness": {
        "dmean": 0.281252622604,
        "dmean2": 0.429062157869,
        "dvar": 0.123787678778,
        "dvar2": 0.241771131754,
        "max": 2.62389874458,
        "mean": -0.380070656538,
        "median": -0.567220211029,
        "min": -4.28330135345,
        "var": 0.508464515209
    },
    "erbbands_spread": {
        "dmean": 9.02232837677,
        "dmean2": 14.2804222107,
        "dvar": 87.1018295288,
        "dvar2": 188.108840942,
        "max": 132.791915894,
        "mean": 49.9542007446,
        "median": 47.4023208618,
        "min": 8.59113311768,
        "var": 276.781219482
    },
    "hfc": {
        "dmean": 8.09267711639,
        "dmean2": 12.5206947327,
        "dvar": 99.967124939,
        "dvar2": 217.865020752,
        "max": 169.711410522,
        "mean": 42.2835884094,
        "median": 42.0287475586,
        "min": 3.37002801895,
        "var": 219.425735474
    },
    "melbands_crest": {
        "dmean": 3.8719534874,
        "dmean2": 6.35343456268,
        "dvar": 12.3041954041,
        "dvar2": 29.022901535,
        "max": 31.8058815002,
        "mean": 13.6552333832,
        "median": 12.3768472672,
        "min": 3.84623026848,
        "var": 29.1697902679
    },
    "melbands_flatness_db": {
        "dmean": 0.0239615496248,
        "dmean2": 0.0381283462048,
        "dvar": 0.0005386134726,
        "dvar2": 0.00119759805966,
        "max": 0.281736046076,
        "mean": 0.130293861032,
        "median": 0.1234748438,
        "min": 0.0231023542583,
        "var": 0.00142508558929
    },
    "melbands_kurtosis": {
        "dmean": 5.66904783249,
        "dmean2": 9.19580459595,
        "dvar": 85.6623535156,
        "dvar2": 202.971084595,
        "max": 136.44833374,
        "mean": 9.03546333313,
        "median": 5.85803031921,
        "min": -1.8380407095,
        "var": 124.905296326
    },
    "melbands_skewness": {
        "dmean": 0.762139737606,
        "dmean2": 1.19996094704,
        "dvar": 0.651988387108,
        "dvar2": 1.4667365551,
        "max": 10.7766637802,
        "mean": 2.59486031532,
        "median": 2.34674119949,
        "min": -0.353967577219,
        "var": 1.54733729362
    },
    "melbands_spread": {
        "dmean": 12.1974935532,
        "dmean2": 18.9886398315,
        "dvar": 219.378112793,
        "dvar2": 418.944671631,
        "max": 236.52432251,
        "mean": 41.0421905518,
        "median": 38.0955848694,
        "min": 4.97142982483,
        "var": 522.438110352
    },
    "pitch_salience": {
        "dmean": 0.0759881734848,
        "dmean2": 0.122846953571,
        "dvar": 0.00424650497735,
        "dvar2": 0.0107719227672,
        "max": 0.824624419212,
        "mean": 0.590012788773,
        "median": 0.603061378002,
        "min": 0.182660624385,
        "var": 0.0097835008055
    },
    "silence_rate_20dB": {
        "dmean": 0,
        "dmean2": 0,
        "dvar": 0,
        "dvar2": 0,
        "max": 1,
        "mean": 1,
        "median": 1,
        "min": 1,
        "var": 0
    },
    "silence_rate_30dB": {
        "dmean": 0,
        "dmean2": 0,
        "dvar": 0,
        "dvar2": 0,
        "max": 1,
        "mean": 1,
        "median": 1,
        "min": 1,
        "var": 0
    },
    "silence_rate_60dB": {
        "dmean": 0.0061919502914,
        "dmean2": 0.0123934932053,
        "dvar": 0.00615357747301,
        "dvar2": 0.0137891750783,
        "max": 1,
        "mean": 0.00928074214607,
        "median": 0,
        "min": 0,
        "var": 0.00919455848634
    },
    "spectral_centroid": {
        "dmean": 292.17565918,
        "dmean2": 455.083221436,
        "dvar": 95671.984375,
        "dvar2": 197910.078125,
        "max": 5263.92236328,
        "mean": 2247.4206543,
        "median": 2296.45678711,
        "min": 576.894104004,
        "var": 313992.625
    },
    "spectral_complexity": {
        "dmean": 4.81965923309,
        "dmean2": 7.53369474411,
        "dvar": 19.7701320648,
        "dvar2": 41.4354782104,
        "max": 60,
        "mean": 36.4083518982,
        "median": 40,
        "min": 0,
        "var": 160.835571289
    },
    "spectral_decrease": {
        "dmean": 2.93653501515e-09,
        "dmean2": 4.63781413274e-09,
        "dvar": 1.26513965968e-17,
        "dvar2": 2.86402518982e-17,
        "max": -9.11996797526e-11,
        "mean": -8.46453485082e-09,
        "median": -7.47762207709e-09,
        "min": -2.96797360022e-08,
        "var": 1.85132632928e-17
    },
    "spectral_energy": {
        "dmean": 0.0114396810532,
        "dmean2": 0.0179563499987,
        "dvar": 0.000186756675248,
        "dvar2": 0.000421545380959,
        "max": 0.115350343287,
        "mean": 0.0357823371887,
        "median": 0.0321309790015,
        "min": 0.000649879686534,
        "var": 0.000278193503618
    },
    "spectral_energyband_high": {
        "dmean": 0.000858326908201,
        "dmean2": 0.00137477822136,
        "dvar": 1.52917186824e-06,
        "dvar2": 3.11092117045e-06,
        "max": 0.0254259258509,
        "mean": 0.00323667214252,
        "median": 0.00299002113752,
        "min": 0.000390894594602,
        "var": 3.07128902932e-06
    },
    "spectral_energyband_low": {
        "dmean": 0.0079074408859,
        "dmean2": 0.0127222249284,
        "dvar": 0.000163891454577,
        "dvar2": 0.000388233398553,
        "max": 0.107090815902,
        "mean": 0.0123476181179,
        "median": 0.00707564782351,
        "min": 1.46251013575e-05,
        "var": 0.000219763314817
    },
    "spectral_energyband_middle_high": {
        "dmean": 0.00202207290567,
        "dmean2": 0.00323237269185,
        "dvar": 6.72403530189e-06,
        "dvar2": 1.48599028762e-05,
        "max": 0.041017383337,
        "mean": 0.00802647694945,
        "median": 0.00798716954887,
        "min": 6.70574881951e-05,
        "var": 1.9857645384e-05
    },
    "spectral_energyband_middle_low": {
        "dmean": 0.00570582272485,
        "dmean2": 0.0092253331095,
        "dvar": 6.40351936454e-05,
        "dvar2": 0.000158803362865,
        "max": 0.0738327875733,
        "mean": 0.0135167008266,
        "median": 0.011583856307,
        "min": 9.60801407928e-05,
        "var": 8.53544115671e-05
    },
    "spectral_entropy": {
        "dmean": 0.086500748992,
        "dmean2": 0.133389115334,
        "dvar": 0.00769184110686,
        "dvar2": 0.016514910385,
        "max": 8.6398601532,
        "mean": 7.99566984177,
        "median": 7.99579906464,
        "min": 7.21665859222,
        "var": 0.0247742012143
    },
    "spectral_flux": {
        "dmean": 0.0305896122009,
        "dmean2": 0.0450658351183,
        "dvar": 0.00102617195807,
        "dvar2": 0.00175223895349,
        "max": 0.28927052021,
        "mean": 0.112752184272,
        "median": 0.103712499142,
        "min": 0.0211715903133,
        "var": 0.00205371459015
    },
    "spectral_kurtosis": {
        "dmean": 0.579554498196,
        "dmean2": 0.992884933949,
        "dvar": 0.276855617762,
        "dvar2": 0.741671562195,
        "max": 8.60639762878,
        "mean": 2.42166805267,
        "median": 2.52941274643,
        "min": -0.251945972443,
        "var": 1.11031508446
    },
    "spectral_rms": {
        "dmean": 0.000906887056772,
        "dmean2": 0.00138982513454,
        "dvar": 9.62197304943e-07,
        "dvar2": 2.01154512069e-06,
        "max": 0.0106083424762,
        "mean": 0.00574500253424,
        "median": 0.00559886544943,
        "min": 0.000796259322669,
        "var": 1.90454204585e-06
    },
    "spectral_rolloff": {
        "dmean": 842.72869873,
        "dmean2": 1368.76806641,
        "dvar": 959767.875,
        "dvar2": 1899058.625,
        "max": 9560.7421875,
        "mean": 2913.32470703,
        "median": 2906.98242188,
        "min": 64.599609375,
        "var": 2419658.5
    },
    "spectral_skewness": {
        "dmean": 0.11359924823,
        "dmean2": 0.188948139548,
        "dvar": 0.0130328256637,
        "dvar2": 0.0281586237252,
        "max": 2.3966050148,
        "mean": 1.05221951008,
        "median": 1.0749579668,
        "min": -0.079977042973,
        "var": 0.0335172116756
    },
    "spectral_spread": {
        "dmean": 394426.34375,
        "dmean2": 591395.125,
        "dvar": 174636482560,
        "dvar2": 341514059776,
        "max": 10239001,
        "mean": 5211521.5,
        "median": 4798948,
        "min": 3082179,
        "var": 1.64534996173e+12
    },
    "spectral_strongpeak": {
        "dmean": 0.432435512543,
        "dmean2": 0.748249053955,
        "dvar": 0.541736185551,
        "dvar2": 1.38152968884,
        "max": 7.48270654678,
        "mean": 0.746482312679,
        "median": 0.417238682508,
        "min": 0.0151492413133,
        "var": 0.80707526207
    },
    "zerocrossingrate": {
        "dmean": 0.0134999183938,
        "dmean2": 0.0160743240267,
        "dvar": 0.000188774822163,
        "dvar2": 0.000233238330111,
        "max": 0.2919921875,
        "mean": 0.099924698472,
        "median": 0.0947265625,
        "min": 0.02880859375,
        "var": 0.00107138615567
    },
    "barkbands": {
        "dmean": [0.000405133934692, 0.00511410133913, 0.00370206078514, 0.00134586682543, 0.00294010899961, 0.00122349977028, 0.00138512346894, 0.000803116417956, 0.00106773304287, 0.000625007785857, 0.000603281718213, 0.000297485967167, 0.000289733114187, 0.000413521076553, 0.000449547515018, 0.000496285036206, 0.000386469619116, 0.000368958426407, 0.000341530569131, 0.000504632596858, 0.000374498253223, 0.000219427325646, 0.000177646521479, 0.000129972002469, 6.41345759504e-05, 4.45282239525e-05, 3.95399233355e-08],
        "dmean2": [0.000716356793419, 0.00832824222744, 0.00651401281357, 0.00222635571845, 0.00486088683829, 0.00200183782727, 0.00226221373305, 0.00141542521305, 0.00172127876431, 0.00106107001193, 0.000918489589822, 0.00047370896209, 0.000466409488581, 0.000679642427713, 0.000737633090466, 0.000817685446236, 0.000636051408947, 0.000612111063674, 0.000579501735047, 0.000849055475555, 0.000631836184766, 0.000349022564478, 0.000270651158644, 0.00020649486396, 9.62359845289e-05, 6.61886224407e-05, 7.16724244398e-08],
        "dvar": [1.0153042922e-06, 7.68338504713e-05, 5.44611939404e-05, 2.76656828646e-06, 2.49361037277e-05, 3.99789360017e-06, 9.57647171163e-06, 8.70837811817e-06, 5.85528823649e-06, 4.0694881136e-06, 1.64231903454e-06, 3.26067578271e-07, 3.2240458836e-07, 5.28086275153e-07, 4.45391322046e-07, 3.5434428014e-07, 2.5498860623e-07, 1.72711494884e-07, 1.29479843736e-07, 2.85987169946e-07, 1.62290263006e-07, 1.59297087521e-07, 2.24853664577e-07, 4.43452314869e-08, 9.66294688709e-09, 3.81799836191e-09, 3.20176963284e-14],
        "dvar2": [2.75877323475e-06, 0.000189038226381, 0.00015501404414, 7.51378138375e-06, 6.53701717965e-05, 1.03303764263e-05, 2.40767403739e-05, 2.42938331212e-05, 1.44283494592e-05, 1.05622430056e-05, 3.15213583235e-06, 7.67815151903e-07, 7.52138589633e-07, 1.35545462854e-06, 1.16148726192e-06, 9.57118118095e-07, 6.53494453218e-07, 4.38346290821e-07, 3.49313523884e-07, 7.88091313098e-07, 4.1296803488e-07, 2.96559136359e-07, 4.4243887487e-07, 8.76244499182e-08, 2.39969164539e-08, 7.43266248548e-09, 9.22654964583e-14],
        "max": [0.0074471719563, 0.0742431506515, 0.0541247725487, 0.0160964280367, 0.043143324554, 0.0181866828352, 0.0383218154311, 0.0444640479982, 0.0304640680552, 0.0331244468689, 0.0211934521794, 0.00743191875517, 0.00925078149885, 0.0102796610445, 0.00752812530845, 0.00621069548652, 0.00859529897571, 0.00461326539516, 0.00390545511618, 0.00496525363997, 0.00479176826775, 0.00874280370772, 0.00905714742839, 0.00485830381513, 0.00225078850053, 0.000757383997552, 3.26927965943e-06],
        "mean": [0.000316628545988, 0.00688399979845, 0.00395013717934, 0.00227761943825, 0.00440672738478, 0.0018905348843, 0.00231350236572, 0.000839181127958, 0.00154644693248, 0.000783294381108, 0.00103787367698, 0.000533901154995, 0.000429706124123, 0.000601156614721, 0.000717345275916, 0.000952944508754, 0.000800487992819, 0.000784813950304, 0.000830775650684, 0.00133218092378, 0.000980692566372, 0.000512975733727, 0.000379978475394, 0.000365416548448, 0.000196131368284, 0.000117901072372, 2.66330992815e-08],
        "median": [2.68704025075e-05, 0.0036829453893, 0.00114361534361, 0.00155355245806, 0.00269153644331, 0.00112245976925, 0.000999372685328, 0.000346832821378, 0.000839924323373, 0.000353112554876, 0.000526622054167, 0.000294539844617, 0.000260600121692, 0.000363665894838, 0.000505518633872, 0.000832069665194, 0.000697613635566, 0.000681103672832, 0.000779254303779, 0.0012291847961, 0.000923498533666, 0.00039482745342, 0.000227976677706, 0.000292934942991, 0.000160825016792, 8.75219484442e-05, 1.62766300438e-09],
        "min": [5.03682144881e-08, 3.56686996383e-06, 2.58701857092e-06, 6.01638930675e-07, 2.76205037153e-06, 4.69264477942e-06, 1.14160447993e-05, 1.16759101729e-05, 5.89264527662e-06, 1.7438727582e-06, 2.1952471343e-06, 1.5421188948e-07, 1.35059144668e-06, 1.78143022822e-06, 6.9626213417e-07, 3.26489816871e-06, 6.83927373757e-06, 4.23772553404e-06, 1.98164052563e-05, 1.53931250679e-05, 4.74543812743e-05, 7.07401559339e-05, 2.83328499791e-05, 3.12965930789e-05, 1.02470721686e-05, 2.0710419335e-07, 7.04105176941e-12],
        "var": [7.49368780362e-07, 8.9628592832e-05, 4.88408040837e-05, 5.53479185328e-06, 2.75569145742e-05, 4.89899821332e-06, 1.89891688933e-05, 5.81655331189e-06, 7.09359892426e-06, 3.85598332286e-06, 4.52984431831e-06, 7.89781552157e-07, 3.80752254614e-07, 6.24830931883e-07, 6.563449233e-07, 6.45020065804e-07, 4.66219404416e-07, 3.16680257129e-07, 3.04799556261e-07, 8.07013236681e-07, 2.91968632382e-07, 3.26418188479e-07, 4.48081351578e-07, 9.23549166032e-08, 2.10128305866e-08, 9.86641968126e-09, 1.83125829632e-14]
    },
    "erbbands": {
        "dmean": [0.164179474115, 1.19194829464, 4.20907258987, 3.8062608242, 7.16192245483, 11.7217960358, 9.07239246368, 8.70322227478, 13.6508865356, 25.6354064941, 14.7158956528, 23.6985721588, 21.1204433441, 19.3033828735, 19.3938217163, 11.5862779617, 11.0259113312, 17.5301456451, 23.9974689484, 19.5172538757, 28.2082443237, 19.8974189758, 19.0880908966, 16.1580104828, 19.1021537781, 23.2967834473, 19.180809021, 11.3635005951, 8.30544281006, 6.58185958862, 5.13370275497, 3.4152162075, 1.98287725449, 0.85742264986, 0.45073735714, 0.23843178153, 0.0871143639088, 0.00863602012396, 0.000149739469634, 1.64168031915e-05],
        "dmean2": [0.275639593601, 1.97635412216, 7.29407596588, 6.51404571533, 12.0297632217, 19.2879486084, 14.8881921768, 14.3938703537, 21.70570755, 43.1713638306, 25.2547569275, 37.7875175476, 35.0426254272, 30.9127368927, 29.2981243134, 18.2048835754, 17.4787387848, 28.7701148987, 39.9955596924, 31.1055145264, 46.5320663452, 32.9835472107, 31.5097408295, 26.7961025238, 32.0979576111, 38.7925987244, 31.6946315765, 19.2378978729, 13.5907726288, 10.2752094269, 7.76461219788, 5.45179510117, 3.20389175415, 1.33198356628, 0.683717727661, 0.358621835709, 0.129111275077, 0.0134602757171, 0.000227205498959, 2.46106174018e-05],
        "dvar": [0.143179401755, 3.60600423813, 63.0058479309, 31.7694740295, 134.727890015, 439.272796631, 171.364929199, 268.612487793, 794.594787598, 5333.78027344, 1883.59484863, 3306.25927734, 3808.6003418, 3347.23681641, 1995.78076172, 484.591766357, 377.501464844, 1187.30371094, 1544.3972168, 860.39630127, 1150.24157715, 469.578460693, 507.023956299, 285.994354248, 409.935699463, 597.083129883, 456.386230469, 185.767349243, 210.575942993, 269.356292725, 170.271850586, 41.4004173279, 9.57008934021, 2.40159893036, 0.340039104223, 0.0992711782455, 0.0167517885566, 0.000136906703119, 4.17315035861e-08, 3.94211219223e-10],
        "dvar2": [0.372783631086, 9.47943878174, 180.139022827, 88.0498733521, 360.816345215, 1142.02416992, 442.660827637, 726.695129395, 1762.42675781, 14170.8115234, 5263.35498047, 7819.90087891, 10287.7734375, 8685.44921875, 4078.91723633, 1179.12304688, 923.818359375, 2860.89160156, 3868.87768555, 1960.14916992, 3163.98388672, 1208.46655273, 1289.80969238, 730.532714844, 1118.10595703, 1597.23950195, 1175.69165039, 456.669525146, 415.006378174, 559.973327637, 332.913909912, 79.2695999146, 22.531129837, 6.61954545975, 0.723651170731, 0.210899561644, 0.034597363323, 0.000288862356683, 8.2683840219e-08, 7.53550000177e-10],
        "max": [2.67719602585, 15.2738828659, 61.0688781738, 48.5866508484, 119.472831726, 223.787017822, 136.970352173, 151.635437012, 580.975769043, 998.511657715, 725.793884277, 969.560974121, 817.751708984, 1219.72717285, 946.812927246, 356.217254639, 285.798065186, 573.710510254, 495.306732178, 460.829620361, 388.86151123, 267.522735596, 278.180877686, 204.49118042, 202.70703125, 253.433242798, 262.967071533, 266.309326172, 332.215637207, 320.669494629, 242.882598877, 149.257537842, 64.2472763062, 38.9177246094, 8.92586898804, 4.71042490005, 1.78554975986, 0.13067650795, 0.0027722613886, 0.000280995067442],
        "mean": [0.163710296154, 1.65220415592, 4.88823318481, 6.19372272491, 11.2565231323, 17.0657596588, 14.3532028198, 12.6410055161, 26.5405788422, 32.7526168823, 19.1898059845, 33.7284736633, 30.0902881622, 30.314994812, 35.9098739624, 22.3155651093, 18.8108234406, 27.6225471497, 37.763130188, 38.4168014526, 57.0009536743, 45.6147346497, 43.4448623657, 40.5231590271, 49.1430282593, 61.0365371704, 50.3259468079, 29.2587966919, 18.8950805664, 14.5636739731, 10.9344758987, 8.13420009613, 5.56825065613, 2.43578600883, 1.30884349346, 0.644116342068, 0.202930778265, 0.0166615936905, 0.00034528656397, 6.46958433208e-05],
        "median": [0.0473190508783, 1.00513732433, 1.94290137291, 4.54333162308, 7.63613510132, 9.80057811737, 9.10236167908, 7.39655542374, 12.7938432693, 12.279545784, 11.3416662216, 17.6436290741, 15.4332408905, 17.0211315155, 17.6333942413, 13.1257171631, 12.5443668365, 17.0859050751, 26.0004425049, 32.344707489, 49.842010498, 42.4091529846, 38.4289054871, 38.3755683899, 47.7069778442, 57.1376533508, 48.1157875061, 27.1588554382, 14.9675073624, 9.55836296082, 6.6464381218, 6.02185487747, 4.53914451599, 2.04470872879, 1.05283331871, 0.494735598564, 0.143501937389, 0.0113601321355, 0.000248329713941, 5.9189638705e-05],
        "min": [0.00012393250654, 0.00175053440034, 0.00381435686722, 0.0106717227027, 0.0108522884548, 0.00656135194004, 0.0353750698268, 0.039241604507, 0.112861894071, 0.350759834051, 0.284166663885, 0.148457050323, 0.0670419111848, 0.0726263746619, 0.0955979898572, 0.0266261491925, 0.060298871249, 0.0993245765567, 0.0701322928071, 0.106695875525, 0.141770839691, 0.454621464014, 0.312468141317, 0.682226061821, 0.822102546692, 0.727154672146, 1.56805956364, 2.59913086891, 2.27706098557, 1.44833302498, 0.808565378189, 0.470975786448, 0.558202505112, 0.149319380522, 0.0756841003895, 0.0077785635367, 0.000475459208246, 7.81857524998e-05, 1.95982520381e-05, 6.08164464211e-06],
        "var": [0.122598171234, 4.22216415405, 59.1558990479, 38.4962463379, 143.622940063, 544.848999023, 235.680328369, 254.750946045, 3068.86206055, 5257.89550781, 1307.16784668, 4250.19238281, 3466.91845703, 3439.65698242, 6504.81982422, 1317.51501465, 476.57232666, 1443.13842773, 1988.46826172, 1411.03930664, 2242.29077148, 1101.41369629, 922.251953125, 725.904846191, 1046.07348633, 1667.4576416, 923.642578125, 290.787475586, 391.303253174, 519.400512695, 339.698272705, 80.8300552368, 17.8606128693, 3.59883785248, 0.960178732872, 0.263398855925, 0.0361150503159, 0.000265968439635, 8.9600646902e-08, 7.22530313357e-10]
    },
    "gfcc": {
        "mean": [72.9525375366, 54.0518951416, -113.308074951, 51.1315841675, -64.1932830811, 14.6219940186, -40.4318008423, 15.9116439819, -31.5033798218, 7.86992692947, -24.5367794037, 1.37515175343, -11.7644882202],
        "cov": [[801.806091309, 278.383331299, -221.755386353, -22.7690982819, 168.228103638, -29.2103652954, 16.1752262115, 12.7437429428, -14.5918207169, -26.1420917511, -20.8930740356, -8.82534980774, 60.5368804932], [278.383331299, 361.167144775, -150.155899048, 70.7543487549, 155.757598877, -22.6013622284, 58.7561378479, 33.7274017334, 7.42695713043, -23.358505249, 9.28926944733, -22.1861820221, 61.6395111084], [-221.755386353, -150.155899048, 392.915924072, 46.296749115, -99.7705001831, 2.47614860535, -28.7310409546, 23.6240558624, 42.13331604, 47.9302902222, 12.7352895737, 44.2591285706, -52.8375396729], [-22.7690982819, 70.7543487549, 46.296749115, 243.970077515, 140.103729248, -30.8520736694, 10.4293708801, 36.5365257263, 39.0654525757, 9.27645587921, 7.55577135086, -5.66728687286, 29.4491615295], [168.228103638, 155.757598877, -99.7705001831, 140.103729248, 281.290496826, 33.7349433899, 76.9287109375, 57.4195175171, -10.5998020172, 21.4178581238, -9.62670135498, -22.2745265961, 52.3064956665], [-29.2103652954, -22.6013622284, 2.47614860535, -30.8520736694, 33.7349433899, 145.8959198, 86.2518234253, 19.9380645752, -0.301247388124, 8.37675476074, 22.5286903381, 0.896504402161, -9.85023880005], [16.1752262115, 58.7561378479, -28.7310409546, 10.4293708801, 76.9287109375, 86.2518234253, 133.53553772, 63.7840194702, -6.30796861649, 6.05683994293, 17.8717708588, 0.162239059806, 6.84210920334], [12.7437429428, 33.7274017334, 23.6240558624, 36.5365257263, 57.4195175171, 19.9380645752, 63.7840194702, 91.4419326782, 37.3424568176, 19.4508686066, 6.0319981575, 5.27551364899, 8.82582950592], [-14.5918207169, 7.42695713043, 42.13331604, 39.0654525757, -10.5998020172, -0.301247388124, -6.30796861649, 37.3424568176, 99.7243881226, 34.2716560364, 13.0073451996, 2.49210047722, -4.59618806839], [-26.1420917511, -23.358505249, 47.9302902222, 9.27645587921, 21.4178581238, 8.37675476074, 6.05683994293, 19.4508686066, 34.2716560364, 73.1457290649, 25.591796875, 3.84798836708, -6.66336774826], [-20.8930740356, 9.28926944733, 12.7352895737, 7.55577135086, -9.62670135498, 22.5286903381, 17.8717708588, 6.0319981575, 13.0073451996, 25.591796875, 59.6201133728, 27.1644954681, -4.10606575012], [-8.82534980774, -22.1861820221, 44.2591285706, -5.66728687286, -22.2745265961, 0.896504402161, 0.162239059806, 5.27551364899, 2.49210047722, 3.84798836708, 27.1644954681, 51.2718658447, 8.88841819763], [60.5368804932, 61.6395111084, -52.8375396729, 29.4491615295, 52.3064956665, -9.85023880005, 6.84210920334, 8.82582950592, -4.59618806839, -6.66336774826, -4.10606575012, 8.88841819763, 52.6716918945]],
        "icov": [[0.00219299714081, -0.00150048814248, 0.00056106474949, 0.00124882161617, -0.00149329937994, 9.10715898499e-05, 0.00102965440601, -8.2233127614e-05, -0.000464566692244, 0.000135680806125, 0.00117725902237, -0.00202900823206, 0.000890900089871], [-0.00150048814248, 0.00896708853543, -0.00273158936761, 0.0041681160219, -0.00606834795326, 0.00759624224156, -0.00689549418166, 0.00446262583137, -0.00655575888231, 0.00998684484512, -0.0124867688864, 0.0108683779836, -0.00836118124425], [0.00056106474949, -0.00273158936761, 0.00805079191923, -0.00697411131114, 0.00678567541763, -0.00609949231148, 0.00478386739269, -0.00558817945421, 0.0055096456781, -0.0105525450781, 0.0120346695185, -0.0126346824691, 0.00917897373438], [0.00124882161617, 0.0041681160219, -0.00697411131114, 0.0166105460376, -0.0146821886301, 0.0111676724628, -0.00531236175448, 0.00670908158645, -0.0120858550072, 0.0161068402231, -0.0171406343579, 0.0126207219437, -0.00884443148971], [-0.00149329937994, -0.00606834795326, 0.00678567541763, -0.0146821886301, 0.0208935905248, -0.0122955348343, 0.00508171366528, -0.0100129768252, 0.0141727710143, -0.0197541639209, 0.0183576084673, -0.0096126832068, 0.00359425577335], [9.10715898499e-05, 0.00759624224156, -0.00609949231148, 0.0111676724628, -0.0122955348343, 0.0239895116538, -0.0188035648316, 0.0132361231372, -0.0132240159437, 0.0150973023847, -0.0180804450065, 0.0130930095911, -0.00729850120842], [0.00102965440601, -0.00689549418166, 0.00478386739269, -0.00531236175448, 0.00508171366528, -0.0188035648316, 0.0318433605134, -0.0228849928826, 0.0142529215664, -0.00783244613558, 0.00589445047081, -0.00730170542374, 0.00773497996852], [-8.2233127614e-05, 0.00446262583137, -0.00558817945421, 0.00670908158645, -0.0100129768252, 0.0132361231372, -0.0228849928826, 0.0339170508087, -0.0182773228735, 0.00808770023286, -0.0051233288832, 0.00358037301339, -0.00635171215981], [-0.000464566692244, -0.00655575888231, 0.0055096456781, -0.0120858550072, 0.0141727710143, -0.0132240159437, 0.0142529215664, -0.0182773228735, 0.0276989471167, -0.0196770783514, 0.0130507955328, -0.00888603832573, 0.00759840058163], [0.000135680806125, 0.00998684484512, -0.0105525450781, 0.0161068402231, -0.0197541639209, 0.0150973023847, -0.00783244613558, 0.00808770023286, -0.0196770783514, 0.0432998910546, -0.0346262976527, 0.0237620808184, -0.01228003297], [0.00117725902237, -0.0124867688864, 0.0120346695185, -0.0171406343579, 0.0183576084673, -0.0180804450065, 0.00589445047081, -0.0051233288832, 0.0130507955328, -0.0346262976527, 0.06012346223, -0.042386751622, 0.0219950582832], [-0.00202900823206, 0.0108683779836, -0.0126346824691, 0.0126207219437, -0.0096126832068, 0.0130930095911, -0.00730170542374, 0.00358037301339, -0.00888603832573, 0.0237620808184, -0.042386751622, 0.0574629083276, -0.0285450518131], [0.000890900089871, -0.00836118124425, 0.00917897373438, -0.00884443148971, 0.00359425577335, -0.00729850120842, 0.00773497996852, -0.00635171215981, 0.00759840058163, -0.01228003297, 0.0219950582832, -0.0285450518131, 0.0426656827331]]
    },
    "melbands": {
        "dmean": [0.00141103635542, 0.00194312504027, 0.000693059992045, 0.000740026938729, 0.000323335174471, 0.000207264980418, 0.000228484263062, 0.000262090121396, 0.000121751058032, 0.000157918882906, 0.000108510925202, 8.22198708192e-05, 7.80974442023e-05, 3.19793107337e-05, 3.46066299244e-05, 3.00063911709e-05, 3.41914892488e-05, 4.28094135714e-05, 3.40524857165e-05, 2.94469646178e-05, 3.74865994672e-05, 2.26019383263e-05, 2.19835528696e-05, 1.94544973056e-05, 1.43968482007e-05, 1.49238057929e-05, 1.89131151274e-05, 1.75030727405e-05, 1.50918904183e-05, 1.06272327685e-05, 6.39473182673e-06, 4.96830398333e-06, 4.71610928798e-06, 3.7601657823e-06, 3.35158097187e-06, 2.73167029263e-06, 1.9656679342e-06, 1.72951160948e-06, 1.14362273962e-06, 7.39462166166e-07],
        "dmean2": [0.00230704480782, 0.00330502563156, 0.00118202378508, 0.00123885087669, 0.000531810510438, 0.000338444602676, 0.000366243475582, 0.00044636966777, 0.000202984709176, 0.000254009617493, 0.000179927345016, 0.000132725996082, 0.000118248070066, 4.94306259498e-05, 5.64430411032e-05, 4.78528017993e-05, 5.6730608776e-05, 7.14608904673e-05, 5.67630886508e-05, 4.8354442697e-05, 6.26759283477e-05, 3.75441632059e-05, 3.63529325114e-05, 3.22432752e-05, 2.39084256464e-05, 2.49315180554e-05, 3.25150977005e-05, 2.92632685159e-05, 2.50091288763e-05, 1.80266670213e-05, 1.08513968371e-05, 8.16570900497e-06, 7.50425442675e-06, 5.91632351643e-06, 5.20206594956e-06, 4.26356109529e-06, 3.20258754982e-06, 2.84417023977e-06, 1.84994655683e-06, 1.18296509299e-06],
        "dvar": [7.63845946494e-06, 1.1522769455e-05, 8.8343540483e-07, 1.55705424731e-06, 2.74151972235e-07, 1.31209120013e-07, 2.33112373849e-07, 6.10867800788e-07, 1.02963156223e-07, 1.43613618775e-07, 9.82591146226e-08, 6.98213753481e-08, 3.16193649041e-08, 4.13131706622e-09, 5.52463674808e-09, 3.64145069653e-09, 4.71543515346e-09, 5.41212985539e-09, 2.23750729056e-09, 1.52708468093e-09, 2.11697592789e-09, 6.68742006216e-10, 6.70558830684e-10, 5.75527625557e-10, 2.3137651517e-10, 2.38970232491e-10, 4.53410309298e-10, 3.51008805355e-10, 3.43962663907e-10, 1.18056037168e-10, 7.13477471548e-11, 8.16489306721e-11, 7.45858166895e-11, 1.00927051438e-10, 7.79815309548e-11, 3.52546325466e-11, 9.71155014046e-12, 6.5575492085e-12, 3.35977209595e-12, 1.33309671895e-12],
        "dvar2": [1.91078579519e-05, 3.24359971273e-05, 2.44564125751e-06, 4.10897337133e-06, 7.13413328413e-07, 3.48702741348e-07, 5.42877671705e-07, 1.63645336215e-06, 2.792530438e-07, 3.52146400928e-07, 2.61988617467e-07, 1.81244828923e-07, 6.37775983137e-08, 9.26996968076e-09, 1.46350815911e-08, 8.47392378489e-09, 1.15763532094e-08, 1.33734063823e-08, 5.88391557699e-09, 3.7961940258e-09, 5.75467140607e-09, 1.69849612153e-09, 1.71974656737e-09, 1.47398104833e-09, 6.00052008082e-10, 6.65763777441e-10, 1.26012467128e-09, 9.37032007542e-10, 8.8063839554e-10, 3.06104169789e-10, 1.79077724871e-10, 1.75280859271e-10, 1.5346025839e-10, 2.20636495185e-10, 1.638521957e-10, 6.97592122956e-11, 1.89400613249e-11, 1.65955270359e-11, 8.66773493258e-12, 3.68415974811e-12],
        "max": [0.0224051624537, 0.0281508062035, 0.0080301836133, 0.0118665518239, 0.00588285783306, 0.00328814145178, 0.00865639094263, 0.0115355653688, 0.00551113253459, 0.00565050169826, 0.00398755585775, 0.00541074201465, 0.00348854460754, 0.000980984419584, 0.00140220148023, 0.000950793444645, 0.00130667746998, 0.000905842753127, 0.000597511709202, 0.000579396670219, 0.000464928889414, 0.000418715499109, 0.000335752847604, 0.000287582399324, 0.00015297633945, 0.000154419176397, 0.000203544623218, 0.000185034921742, 0.000257176638115, 0.000140267831739, 0.000174633911229, 0.000227818425628, 0.000182645424502, 0.000199559130124, 0.000165531702805, 0.000121712786495, 7.32481494197e-05, 5.3983188991e-05, 3.99722266593e-05, 2.71333083219e-05],
        "mean": [0.00168474018574, 0.00249198405072, 0.00118587026373, 0.00112352508586, 0.000519222638104, 0.00031763210427, 0.000425845180871, 0.000321309373248, 0.000158410170116, 0.000221106558456, 0.000148765480844, 0.00011851554882, 0.000135575683089, 6.07054753345e-05, 5.42534180568e-05, 4.30447216786e-05, 5.12451151735e-05, 6.00881539867e-05, 5.4780379287e-05, 5.36513252882e-05, 6.94118934916e-05, 4.64199983981e-05, 4.21305958298e-05, 3.78957192879e-05, 3.14581993734e-05, 3.28929854732e-05, 4.14685127907e-05, 4.01456891268e-05, 3.3347059798e-05, 2.49565437116e-05, 1.40291131174e-05, 1.04069322333e-05, 9.67027608567e-06, 7.40935320209e-06, 6.44361352897e-06, 5.56879786018e-06, 4.63551623398e-06, 4.26960150435e-06, 2.75851266451e-06, 1.8219334379e-06],
        "median": [0.000768439495005, 0.00125058577396, 0.00093327468494, 0.000722349970601, 0.000339836347848, 0.000185418932233, 0.000200227936148, 0.000119579301099, 9.33816991164e-05, 0.000111684676085, 7.31998152332e-05, 6.39582940494e-05, 6.60245132167e-05, 3.17966732837e-05, 3.18924248859e-05, 2.43133308686e-05, 3.04450168187e-05, 3.58104371116e-05, 3.88777407352e-05, 4.33913191955e-05, 5.73699107917e-05, 4.19957068516e-05, 3.54043550033e-05, 3.17250232911e-05, 2.80872391158e-05, 3.04873447021e-05, 3.83880396839e-05, 3.61110396625e-05, 3.03141259792e-05, 2.29811230383e-05, 1.23025247376e-05, 8.19187789602e-06, 6.84758060743e-06, 4.44939905719e-06, 3.81361905966e-06, 3.55035604116e-06, 3.64743073078e-06, 3.46662454831e-06, 2.23540587285e-06, 1.49222603341e-06],
        "min": [1.43255056173e-06, 1.70677242295e-06, 2.89433228318e-06, 4.75459643212e-07, 9.93972548713e-07, 6.88796319537e-07, 1.87761065717e-06, 3.44006889463e-06, 2.06143818104e-06, 7.03295086169e-07, 2.18973241317e-07, 2.21824407731e-07, 3.35652174499e-07, 1.07639955615e-07, 1.43961727872e-07, 1.60963267604e-07, 1.70692175061e-07, 1.26306133552e-07, 8.16806604576e-08, 2.21073975126e-07, 1.17100483976e-07, 4.06296010169e-07, 3.2271069017e-07, 1.95360968291e-07, 3.0313921684e-07, 6.71546160902e-07, 3.69859350258e-07, 4.81257188767e-07, 7.14549287295e-07, 1.09588040687e-06, 1.08674487365e-06, 9.91958131635e-07, 9.7203144378e-07, 4.91520381729e-07, 4.64954894142e-07, 3.78059553441e-07, 2.33905012692e-07, 4.19933087414e-07, 1.42945239645e-07, 6.10476362795e-08],
