{
"highlevel": {
    "danceability": {
        "all": {
            "danceable": 0.0744436234236,
            "not_danceable": 0.925556361675
        },
        "probability": 0.925556361675,
        "value": "not_danceable"
    },
    "gender": {
        "all": {
            "female": 0.208895251155,
            "male": 0.791104733944
        },
        "probability": 0.791104733944,
        "value": "male"
    },
    "genre_dortmund": {
        "all": {
            "alternative": 0.174656614661,
            "blues": 0.0216460004449,
            "electronic": 0.00185805070214,
            "folkcountry": 0.124062895775,
            "funksoulrnb": 0.00225720833987,
            "jazz": 0.00511930789798,
            "pop": 0.0754248797894,
            "raphiphop": 0.000562061031815,
            "rock": 0.594412982464
        },
        "probability": 0.594412982464,
        "value": "rock"
    },
    "genre_electronic": {
        "all": {
            "ambient": 0.293980836868,
            "dnb": 0.15950883925,
            "house": 0.127901315689,
            "techno": 0.027247056365,
            "trance": 0.391361951828
        },
        "probability": 0.391361951828,
        "value": "trance"
    },
    "genre_rosamerica": {
        "all": {
            "cla": 0.00355432112701,
            "dan": 0.0137300435454,
            "hip": 0.00292619946413,
            "jaz": 0.00314352451824,
            "pop": 0.107199259102,
            "rhy": 0.148319542408,
            "roc": 0.718550920486,
            "spe": 0.0025761637371
        },
        "probability": 0.718550920486,
        "value": "roc"
    },
    "genre_tzanetakis": {
        "all": {
            "blu": 0.0626541376114,
            "cla": 0.0348133966327,
            "cou": 0.0783501937985,
            "dis": 0.104547761381,
            "hip": 0.15693578124,
            "jaz": 0.313987255096,
            "met": 0.044816005975,
            "pop": 0.0627349764109,
            "reg": 0.0627352520823,
            "roc": 0.0784252434969
        },
        "probability": 0.313987255096,
        "value": "jaz"
    },
    "ismir04_rhythm": {
        "all": {
            "ChaChaCha": 0.0321667194366,
            "Jive": 0.0329370424151,
            "Quickstep": 0.0220682919025,
            "Rumba-American": 0.00409127352759,
            "Rumba-International": 0.10419421643,
            "Rumba-Misc": 0.0080851893872,
            "Samba": 0.0239574890584,
            "Tango": 0.00701997289434,
            "VienneseWaltz": 0.745641052723,
            "Waltz": 0.0198387652636
        },
        "probability": 0.745641052723,
        "value": "VienneseWaltz"
    },
    "mood_acoustic": {
        "all": {
            "acoustic": 0.356725692749,
            "not_acoustic": 0.643274307251
        },
        "probability": 0.643274307251,
        "value": "not_acoustic"
    },
    "mood_aggressive": {
        "all": {
            "aggressive": 0.103188492358,
            "not_aggressive": 0.896811485291
        },
        "probability": 0.896811485291,
        "value": "not_aggressive"
    },
    "mood_electronic": {
        "all": {
            "electronic": 0.0142603358254,
            "not_electronic": 0.985739648342
        },
        "probability": 0.985739648342,
        "value": "not_electronic"
    },
    "mood_happy": {
        "all": {
            "happy": 0.757073879242,
            "not_happy": 0.242926120758
        },
        "probability": 0.757073879242,
        "value": "happy"
    },
    "mood_party": {
        "all": {
            "not_party": 0.917308211327,
            "party": 0.0826918184757
        },
        "probability": 0.917308211327,
        "value": "not_party"
    },
    "mood_relaxed": {
        "all": {
            "not_relaxed": 0.322396814823,
            "relaxed": 0.677603185177
        },
        "probability": 0.677603185177,
        "value": "relaxed"
    },
    "mood_sad": {
        "all": {
            "not_sad": 0.477132201195,
            "sad": 0.522867798805
        },
        "probability": 0.522867798805,
        "value": "sad"
    },
    "moods_mirex": {
        "all": {
            "Cluster1": 0.213497370481,
            "Cluster2": 0.268394857645,
            "Cluster3": 0.376582503319,
            "Cluster4": 0.0495453365147,
            "Cluster5": 0.0919799283147
        },
        "probability": 0.376582503319,
        "value": "Cluster3"
    },
    "timbre": {
        "all": {
            "bright": 0.976723670959,
            "dark": 0.0232763327658
        },
        "probability": 0.976723670959,
        "value": "bright"
    },
    "tonal_atonal": {
        "all": {
            "atonal": 0.000332251685904,
            "tonal": 0.99966776371
        },
        "probability": 0.99966776371,
        "value": "tonal"
    },
    "voice_instrumental": {
        "all": {
            "instrumental": 0.000481704220874,
            "voice": 0.999518275261
        },
        "probability": 0.999518275261,
        "value": "voice"
    }
},
"lowlevel": {
    "average_loudness": 0.982666492462,
    "barkbands_crest": {
        "dmean": 2.32151031494,
        "dmean2": 3.69541501999,
        "dvar": 5.01316261292,
        "dvar2": 12.924372673,
        "max": 23.3435497284,
        "mean": 10.6943483353,
        "median": 10.4605131149,
        "min": 3.55239319801,
        "var": 12.6400585175
    },
    "barkbands_flatness_db": {
        "dmean": 0.0202465131879,
        "dmean2": 0.0292686857283,
        "dvar": 0.000342242012266,
        "dvar2": 0.000779835158028,
        "max": 0.279539912939,
        "mean": 0.158679395914,
        "median": 0.155870869756,
        "min": 0.0727777704597,
        "var": 0.00150460889563
    },
    "barkbands_kurtosis": {
        "dmean": 3.16971468925,
        "dmean2": 4.80609846115,
        "dvar": 22.8724822998,
        "dvar2": 53.547908783,
        "max": 53.7434997559,
        "mean": 5.46511507034,
        "median": 2.6024646759,
        "min": -1.82213270664,
        "var": 58.8266029358
    },
    "barkbands_skewness": {
        "dmean": 0.533132195473,
        "dmean2": 0.784485578537,
        "dvar": 0.323125600815,
        "dvar2": 0.708516299725,
        "max": 6.54392910004,
        "mean": 1.92188823223,
        "median": 1.65283429623,
        "min": -0.710790336132,
        "var": 1.28621923923
    },
    "barkbands_spread": {
        "dmean": 5.69824552536,
        "dmean2": 8.00936508179,
        "dvar": 50.6979942322,
        "dvar2": 99.5012664795,
        "max": 89.8185043335,
        "mean": 21.7036590576,
        "median": 19.0220413208,
        "min": 2.95189595222,
        "var": 194.201004028
    },
    "dissonance": {
        "dmean": 0.0193388666958,
        "dmean2": 0.0328639484942,
        "dvar": 0.000356214033673,
        "dvar2": 0.000971243949607,
        "max": 0.498406231403,
        "mean": 0.460543632507,
        "median": 0.466031730175,
        "min": 0.315535634756,
        "var": 0.00065988075221
    },
    "dynamic_complexity": 1.11021447182,
    "erbbands_crest": {
        "dmean": 2.88292169571,
        "dmean2": 4.58656549454,
        "dvar": 7.47864580154,
        "dvar2": 18.2071895599,
        "max": 28.6205043793,
        "mean": 10.3046646118,
        "median": 9.10826206207,
        "min": 2.4812836647,
        "var": 23.5475082397
    },
    "erbbands_flatness_db": {
        "dmean": 0.0142655754462,
        "dmean2": 0.0203925613314,
        "dvar": 0.000157018963364,
        "dvar2": 0.000324454565998,
        "max": 0.237044662237,
        "mean": 0.158838927746,
        "median": 0.156781464815,
        "min": 0.0850607156754,
        "var": 0.000780802336521
    },
    "erbbands_kurtosis": {
        "dmean": 0.811220049858,
        "dmean2": 1.27814209461,
        "dvar": 1.02492904663,
        "dvar2": 2.41683530807,
        "max": 14.9514522552,
        "mean": 0.110871106386,
        "median": -0.267805814743,
        "min": -1.77276360989,
        "var": 2.62430715561
    },
    "erbbands_skewness": {
        "dmean": 0.357658147812,
        "dmean2": 0.533090472221,
        "dvar": 0.109375812113,
        "dvar2": 0.249073505402,
        "max": 2.97833347321,
        "mean": 0.414811015129,
        "median": 0.459649264812,
        "min": -2.54342508316,
        "var": 0.469286859035
    },
    "erbbands_spread": {
        "dmean": 9.06308078766,
        "dmean2": 13.6455993652,
        "dvar": 86.7437973022,
        "dvar2": 182.269256592,
        "max": 121.970329285,
        "mean": 47.4946060181,
        "median": 45.6976966858,
        "min": 9.36804962158,
        "var": 368.645629883
    },
    "hfc": {
        "dmean": 6.82075595856,
        "dmean2": 9.55882453918,
        "dvar": 86.9482421875,
        "dvar2": 162.198562622,
        "max": 140.744247437,
        "mean": 27.8030529022,
        "median": 25.3558158875,
        "min": 1.69962143898,
        "var": 275.095214844
    },
    "melbands_crest": {
        "dmean": 2.94657349586,
        "dmean2": 4.80446195602,
        "dvar": 7.94470691681,
        "dvar2": 20.4707794189,
        "max": 29.7109489441,
        "mean": 15.1124334335,
        "median": 14.5090379715,
        "min": 5.07119846344,
        "var": 20.1727714539
    },
    "melbands_flatness_db": {
        "dmean": 0.0238759908825,
        "dmean2": 0.0330601148307,
        "dvar": 0.000529072072823,
        "dvar2": 0.00113612739369,
        "max": 0.356218010187,
        "mean": 0.203967899084,
        "median": 0.200475677848,
        "min": 0.0641771480441,
        "var": 0.00271119410172
    },
    "melbands_kurtosis": {
        "dmean": 8.34409332275,
        "dmean2": 12.8320932388,
        "dvar": 154.268951416,
        "dvar2": 375.878112793,
        "max": 156.518112183,
        "mean": 17.9348621368,
        "median": 11.4038286209,
        "min": -0.716725349426,
        "var": 351.294372559
    },
    "melbands_skewness": {
        "dmean": 0.776994585991,
        "dmean2": 1.18147587776,
        "dvar": 0.72218054533,
        "dvar2": 1.64147973061,
        "max": 9.85612869263,
        "mean": 3.19848537445,
        "median": 2.98824977875,
        "min": -0.12296192348,
        "var": 2.64266729355
    },
    "melbands_spread": {
        "dmean": 5.91235256195,
        "dmean2": 8.66045284271,
        "dvar": 77.3727035522,
        "dvar2": 173.485031128,
        "max": 148.093673706,
        "mean": 19.9407138824,
        "median": 17.8348121643,
        "min": 2.18102574348,
        "var": 195.015518188
    },
    "pitch_salience": {
        "dmean": 0.0664909258485,
        "dmean2": 0.107189066708,
        "dvar": 0.00415472732857,
        "dvar2": 0.0111154261976,
        "max": 0.805282950401,
        "mean": 0.521228075027,
        "median": 0.51537001133,
        "min": 0.233519539237,
        "var": 0.0096700983122
    },
    "silence_rate_20dB": {
        "dmean": 0,
        "dmean2": 0,
        "dvar": 0,
        "dvar2": 0,
        "max": 1,
        "mean": 1,
        "median": 1,
        "min": 1,
        "var": 0
    },
    "silence_rate_30dB": {
        "dmean": 0,
        "dmean2": 0,
        "dvar": 0,
        "dvar2": 0,
        "max": 1,
        "mean": 1,
        "median": 1,
        "min": 1,
        "var": 0
    },
    "silence_rate_60dB": {
        "dmean": 0.00154798757285,
        "dmean2": 0.00309837330133,
        "dvar": 0.00154558802024,
        "dvar2": 0.00308875623159,
        "max": 1,
        "mean": 0.00154679035768,
        "median": 0,
        "min": 0,
        "var": 0.00154439557809
    },
    "spectral_centroid": {
        "dmean": 239.510879517,
        "dmean2": 338.539642334,
        "dvar": 67207.8828125,
        "dvar2": 140405.015625,
        "max": 3821.70458984,
        "mean": 1199.33068848,
        "median": 1132.51489258,
        "min": 288.041351318,
        "var": 297482.53125
    },
    "spectral_complexity": {
        "dmean": 3.5959751606,
        "dmean2": 5.27962827682,
        "dvar": 10.8537921906,
        "dvar2": 21.1247081757,
        "max": 46,
        "mean": 20.7200317383,
        "median": 20,
        "min": 4,
        "var": 53.2471313477
    },
    "spectral_decrease": {
        "dmean": 2.55435694818e-09,
        "dmean2": 4.1775045645e-09,
        "dvar": 1.02364560333e-17,
        "dvar2": 2.70427212899e-17,
        "max": -6.84455658817e-10,
        "mean": -1.0398524708e-08,
        "median": -1.00367882894e-08,
        "min": -3.17138848516e-08,
        "var": 1.74832563397e-17
    },
    "spectral_energy": {
        "dmean": 0.00991867762059,
        "dmean2": 0.0162087772042,
        "dvar": 0.000150013176608,
        "dvar2": 0.000396146031562,
        "max": 0.121898472309,
        "mean": 0.0417682565749,
        "median": 0.0408249720931,
        "min": 0.00279602827504,
        "var": 0.000258027605014
    },
    "spectral_energyband_high": {
        "dmean": 0.000606000830885,
        "dmean2": 0.000832761637866,
        "dvar": 1.44647140132e-06,
        "dvar2": 2.55701547758e-06,
        "max": 0.0188307650387,
        "mean": 0.00133060233202,
        "median": 0.000733085209504,
        "min": 1.08496296889e-05,
        "var": 4.03714011554e-06
    },
    "spectral_energyband_low": {
        "dmean": 0.00671913241968,
        "dmean2": 0.0111104995012,
        "dvar": 0.000125768667203,
        "dvar2": 0.00034024156048,
        "max": 0.104827791452,
        "mean": 0.0152716636658,
        "median": 0.0119859101251,
        "min": 7.11238535587e-05,
        "var": 0.000161783696967
    },
    "spectral_energyband_middle_high": {
        "dmean": 0.00199185940437,
        "dmean2": 0.00288198655471,
        "dvar": 6.60499426886e-06,
        "dvar2": 1.31342640088e-05,
        "max": 0.0365224629641,
        "mean": 0.00683998363093,
        "median": 0.00439913896844,
        "min": 0.000184304532013,
        "var": 4.4442484068e-05
    },
    "spectral_energyband_middle_low": {
        "dmean": 0.00695741130039,
        "dmean2": 0.0110950851813,
        "dvar": 6.66654814268e-05,
        "dvar2": 0.000175990411662,
        "max": 0.0785697028041,
        "mean": 0.0218226164579,
        "median": 0.0194698218256,
        "min": 0.00129665620625,
        "var": 0.000152813503519
    },
    "spectral_entropy": {
        "dmean": 0.144904226065,
        "dmean2": 0.201309978962,
        "dvar": 0.0199080780149,
        "dvar2": 0.0365094281733,
        "max": 8.50806236267,
        "mean": 7.55758237839,
        "median": 7.56896114349,
        "min": 6.40235805511,
        "var": 0.106340058148
    },
    "spectral_flux": {
        "dmean": 0.0297812744975,
        "dmean2": 0.0438516996801,
        "dvar": 0.00092678272631,
        "dvar2": 0.00179438421037,
        "max": 0.275286465883,
        "mean": 0.0983389541507,
        "median": 0.0869992673397,
        "min": 0.0243629179895,
        "var": 0.00200161640532
    },
    "spectral_kurtosis": {
        "dmean": 1.11386823654,
        "dmean2": 1.87906944752,
        "dvar": 1.49359631538,
        "dvar2": 4.17462110519,
        "max": 17.4881515503,
        "mean": 2.85655450821,
        "median": 2.60933208466,
        "min": -1.12645363808,
        "var": 2.95397639275
    },
    "spectral_rms": {
        "dmean": 0.000754666456487,
        "dmean2": 0.00120657903608,
        "dvar": 7.53149038246e-07,
        "dvar2": 1.88982971849e-06,
        "max": 0.0109052890912,
        "mean": 0.00625473586842,
        "median": 0.00631104130298,
        "min": 0.00165161513723,
        "var": 1.62771596024e-06
    },
    "spectral_rolloff": {
        "dmean": 485.015045166,
        "dmean2": 792.293212891,
        "dvar": 853011.8125,
        "dvar2": 1814018.75,
        "max": 8656.34765625,
        "mean": 1233.78662109,
        "median": 839.794921875,
        "min": 129.19921875,
        "var": 1809398.125
    },
    "spectral_skewness": {
        "dmean": 0.184138715267,
        "dmean2": 0.284840285778,
        "dvar": 0.0315510332584,
        "dvar2": 0.0679962411523,
        "max": 3.33839988708,
        "mean": 1.29653596878,
        "median": 1.27304494381,
        "min": -0.000512067403179,
        "var": 0.135822072625
    },
    "spectral_spread": {
        "dmean": 458333.46875,
        "dmean2": 648355.3125,
        "dvar": 278512861184,
        "dvar2": 503728799744,
        "max": 12610003,
        "mean": 4907930.5,
        "median": 4657220,
        "min": 2446436.25,
        "var": 1.40463531622e+12
    },
    "spectral_strongpeak": {
        "dmean": 0.551469385624,
        "dmean2": 0.948946356773,
        "dvar": 0.779442608356,
        "dvar2": 1.94463646412,
        "max": 10.22631073,
        "mean": 1.26935815811,
        "median": 0.843370497227,
        "min": 0.040192887187,
        "var": 1.46704852581
    },
    "zerocrossingrate": {
        "dmean": 0.00999918393791,
        "dmean2": 0.0110337948427,
        "dvar": 0.000131607434014,
        "dvar2": 0.000151854590513,
        "max": 0.24853515625,
        "mean": 0.0555190518498,
        "median": 0.05029296875,
        "min": 0.00830078125,
        "var": 0.000842966896016
    },
    "barkbands": {
        "dmean": [9.17642828426e-05, 0.00239590299316, 0.00422029616311, 0.00291943713091, 0.00364088756032, 0.00187631929293, 0.000554578844458, 0.000696531264111, 0.00136891508009, 0.00109516480006, 0.000601112260483, 0.000282625493128, 0.00019751880609, 0.000189958096598, 0.000254555314314, 0.000341233389918, 0.000248175114393, 0.000168374375789, 0.000264097441686, 0.000173990265466, 0.000131407097797, 0.000121399607451, 0.000185339973541, 0.000142320524901, 6.75415285514e-05, 6.54764244246e-06, 3.54202156494e-09],
        "dmean2": [0.000149919520481, 0.00403178436682, 0.00697486288846, 0.00487458473071, 0.00596172176301, 0.00288083963096, 0.000863699475303, 0.00112525781151, 0.00212276400998, 0.00164710078388, 0.000872750708368, 0.000421507458668, 0.000315295386827, 0.000302183354506, 0.000401588709792, 0.000536720617674, 0.000390999164665, 0.00025363478926, 0.000400616583647, 0.000263977155555, 0.000202158160391, 0.000178009897354, 0.000260028464254, 0.000204698691959, 9.77939780569e-05, 9.35590833251e-06, 5.086569832e-09],
        "dvar": [2.5545805471e-08, 2.29625366046e-05, 5.63558060094e-05, 2.55723825831e-05, 3.99560158257e-05, 9.02115152712e-06, 1.61564503287e-06, 4.89463491249e-06, 7.00280816091e-06, 5.08170569447e-06, 2.64326649813e-06, 5.94813457155e-07, 2.52715466331e-07, 2.05125488151e-07, 2.45796883291e-07, 4.04310128488e-07, 9.34479373882e-08, 6.04128302939e-08, 1.33635651878e-07, 1.10521718e-07, 5.86529118607e-08, 7.9357640459e-08, 3.03634777765e-07, 1.06771175012e-07, 3.35181482569e-08, 2.77567163698e-10, 3.63165884355e-15],
        "dvar2": [6.31067891277e-08, 6.13113224972e-05, 0.000157328162459, 6.94975460647e-05, 0.000104167309473, 2.17324977712e-05, 3.33603748004e-06, 1.19931555673e-05, 1.48238950715e-05, 1.07854830276e-05, 5.13588156537e-06, 1.1201907455e-06, 6.24459062237e-07, 4.73664243827e-07, 5.64958213545e-07, 9.36836556775e-07, 2.36169313439e-07, 1.31169358042e-07, 3.10146504034e-07, 2.54219628459e-07, 1.32845642042e-07, 1.44864358731e-07, 5.01316833379e-07, 2.1549952578e-07, 7.53761213446e-08, 6.24481966138e-10, 3.63664744409e-15],
        "max": [0.00215873192064, 0.0387682840228, 0.0788583308458, 0.0597006864846, 0.0601335130632, 0.03742204234, 0.0260630343109, 0.0308723933995, 0.0300096869469, 0.0311349406838, 0.0328125730157, 0.0165113974363, 0.00631743576378, 0.0073203407228, 0.0070339567028, 0.0147841013968, 0.00314016570337, 0.00535773625597, 0.00430418318138, 0.00684963120148, 0.00370105472393, 0.0055439742282, 0.0126308640465, 0.00619921414182, 0.00334181007929, 0.000296699232422, 2.16965531763e-06],
        "mean": [0.000105065264506, 0.00311721581966, 0.00884100235999, 0.00623296154663, 0.00721169402823, 0.00344402668998, 0.000980637152679, 0.000977920484729, 0.00240845070221, 0.00254117092118, 0.000985083868727, 0.000481859955471, 0.000288590585114, 0.000290005700663, 0.00040320341941, 0.000560112006497, 0.000525725248735, 0.000339900783729, 0.000507618999109, 0.000373497634428, 0.000265982584096, 0.000233084123465, 0.000301788124489, 0.000233959595789, 0.000108043859655, 9.65836261457e-06, 3.21536020031e-09],
        "median": [3.38741774613e-05, 0.00135925412178, 0.0047655692324, 0.00288772932254, 0.00468273088336, 0.00170811999124, 0.000421797274612, 0.000194464664673, 0.000637496821582, 0.000366590043996, 0.000211158505408, 0.000120860939205, 0.000119525866467, 0.000112489142339, 0.000164346856764, 0.000266001239652, 0.000382268248359, 0.000239185043029, 0.000326679146383, 0.00022413287661, 0.000163025411894, 0.000113597481686, 0.000100517441751, 8.28890697449e-05, 3.83022452297e-05, 3.44600175595e-06, 6.95145274676e-10],
        "min": [1.85732304203e-07, 1.70242747117e-05, 2.84660950456e-06, 1.28998535729e-05, 0.000101288220321, 2.02742085094e-05, 2.73593946076e-06, 2.79360051536e-06, 4.05357332056e-06, 9.18440764508e-06, 3.25164910464e-06, 4.55788313047e-06, 3.1777044569e-06, 4.92283379572e-06, 7.3940746006e-06, 6.89488388161e-06, 7.0974456321e-06, 4.26695532951e-06, 3.21016159432e-06, 3.61242359759e-06, 1.83849056157e-06, 1.17245269848e-06, 8.76571448316e-07, 1.04483831365e-06, 2.02468541488e-07, 1.86206214892e-08, 1.43982542902e-11],
        "var": [3.11984038603e-08, 2.15754462261e-05, 9.98873147182e-05, 6.94209811627e-05, 6.11625073361e-05, 2.50305765803e-05, 4.32469414591e-06, 8.90650971996e-06, 2.08568162634e-05, 2.81920038105e-05, 5.96255449636e-06, 1.58382192694e-06, 3.41779326618e-07, 3.04772612481e-07, 4.46930357612e-07, 1.03498086901e-06, 2.37924979274e-07, 1.29537312432e-07, 2.74944625289e-07, 2.34164758695e-07, 1.20533968584e-07, 2.08833640158e-07, 6.85907707521e-07, 2.63691305236e-07, 5.61210526939e-08, 4.27785362689e-10, 3.63872013372e-15]
    },
    "erbbands": {
        "dmean": [0.0426907688379, 0.676908016205, 3.86055707932, 7.73120641708, 8.14199733734, 16.9713382721, 12.7425756454, 17.1644115448, 9.03342914581, 8.07037067413, 19.2803344727, 29.3720817566, 31.5710983276, 29.6819725037, 15.9592638016, 10.8524389267, 8.64908695221, 9.62533664703, 9.06352233887, 15.178062439, 16.4956092834, 15.1157255173, 9.24482631683, 14.6469087601, 9.71195697784, 7.87038993835, 6.25601100922, 4.83738660812, 4.3071513176, 5.29653263092, 5.12206220627, 3.27964162827, 2.29810786247, 1.06448745728, 0.337907314301, 0.0610377416015, 0.00623516691849, 0.000262965302682, 1.49090237755e-05, 1.21522361951e-05],
        "dmean2": [0.0716360062361, 1.16915893555, 6.51033067703, 12.8814220428, 13.278470993, 27.523355484, 20.3765411377, 26.1064376831, 13.7876672745, 12.5653848648, 29.9846229553, 45.7036933899, 45.8198814392, 45.0145225525, 23.0016136169, 15.7422208786, 13.6085100174, 14.9244966507, 14.1133022308, 23.8936882019, 26.1993694305, 23.9531879425, 13.9208278656, 22.6107501984, 14.4800977707, 11.7684803009, 9.7873544693, 7.1614317894, 6.47894668579, 7.75189352036, 7.19167804718, 4.63542127609, 3.42693710327, 1.55345058441, 0.479410350323, 0.0855325236917, 0.00847151596099, 0.000376432581106, 2.05370306503e-05, 1.9256329324e-05],
        "dvar": [0.00711970636621, 1.86222469807, 50.3916091919, 159.909835815, 152.351547241, 1092.65307617, 413.802734375, 905.264892578, 455.510314941, 347.682159424, 3316.61889648, 3929.98266602, 3429.99072266, 4884.57324219, 1239.86450195, 827.255126953, 488.971832275, 642.521911621, 205.770263672, 1025.61865234, 776.935058594, 379.116790771, 161.374847412, 519.340515137, 209.762863159, 200.436004639, 200.36366272, 62.4793968201, 87.43775177, 183.877822876, 259.915466309, 81.921295166, 31.9752807617, 7.88210487366, 0.843548774719, 0.0261397957802, 0.000159011178766, 3.19055232012e-07, 7.8374051693e-10, 2.00578817444e-10],
        "dvar2": [0.0176767446101, 5.11257648468, 142.046936035, 444.684448242, 396.191558838, 2837.81762695, 1041.95922852, 2055.62231445, 915.141967773, 822.708007812, 8258.109375, 8448.87304688, 6689.56787109, 11330.8007812, 2242.19750977, 1459.21826172, 1223.32910156, 1508.87463379, 482.906860352, 2230.97216797, 2079.88916016, 933.561279297, 359.725952148, 1280.78979492, 475.877502441, 444.540557861, 503.436096191, 122.763069153, 164.506408691, 370.995147705, 425.669677734, 158.499328613, 69.2762374878, 18.1488800049, 1.72383189201, 0.053918864578, 0.000295015925076, 6.60053501633e-07, 1.47448242505e-09, 5.10708586532e-10],
        "max": [1.03460693359, 11.6291856766, 70.7286071777, 164.207565308, 163.444503784, 328.721588135, 266.77154541, 472.170227051, 472.096984863, 320.240264893, 909.047668457, 911.934326172, 957.085021973, 1034.98242188, 583.813659668, 530.014343262, 320.996276855, 427.028015137, 180.747161865, 847.019775391, 382.332550049, 215.584991455, 173.370697021, 225.516601562, 189.813537598, 270.138641357, 265.317169189, 163.311096191, 169.99446106, 287.186737061, 412.777404785, 187.906661987, 88.8949050903, 46.7003707886, 16.5999393463, 3.17680764198, 0.163549989462, 0.00712529476732, 0.00042451437912, 0.000137428622111],
        "mean": [0.0489533655345, 0.95120716095, 7.79069375992, 17.7482872009, 18.6390132904, 31.4229049683, 23.5744018555, 30.5070762634, 16.4532108307, 14.3100996017, 30.5111351013, 52.0548400879, 68.7260971069, 72.6970367432, 29.9892864227, 20.732131958, 14.1829652786, 15.3379478455, 16.8775119781, 25.7971477509, 28.8988246918, 32.8939437866, 20.924621582, 26.6469306946, 20.7263584137, 17.4558753967, 12.2184295654, 9.65054988861, 8.34721946716, 9.08799934387, 8.36903762817, 5.22962141037, 3.76924133301, 1.69412350655, 0.525056064129, 0.0964228734374, 0.00958497449756, 0.000389934692066, 4.30113141192e-05, 5.27164011146e-05],
        "median": [0.0222348496318, 0.547874391079, 5.25008296967, 12.373670578, 11.4594764709, 13.9927339554, 14.6184339523, 13.2292709351, 7.1478638649, 6.21011018753, 6.39204835892, 14.2667427063, 18.5655765533, 14.6660499573, 8.50597381592, 6.32910394669, 6.08005285263, 4.95115423203, 9.05868244171, 10.0433387756, 16.3909454346, 24.5195159912, 16.3280296326, 17.4392223358, 14.1593379974, 10.791926384, 7.02955627441, 5.61447191238, 4.094165802, 3.77672219276, 2.60770082474, 1.69034314156, 1.39841115475, 0.645270705223, 0.174210175872, 0.0343616865575, 0.00366210844368, 0.000145672369399, 3.26527951984e-05, 5.1814426115e-05],
        "min": [0.000526969088241, 0.00221447367221, 0.00659190025181, 0.0545786656439, 0.268565028906, 0.283933669329, 0.20707218349, 0.47761335969, 0.121587358415, 0.231967896223, 0.262880951166, 0.296969652176, 0.542320013046, 0.390213489532, 0.309417515993, 0.240098282695, 0.272649645805, 0.276366919279, 0.241236656904, 0.517891526222, 0.557658135891, 0.398943841457, 0.252100050449, 0.270352721214, 0.157094582915, 0.217872917652, 0.084332279861, 0.0495155565441, 0.0373396351933, 0.0374306701124, 0.0230324119329, 0.0203958209604, 0.00909785460681, 0.00312984012999, 0.00100434862543, 0.000187471450772, 3.14596800308e-05, 1.71494616552e-06, 2.31383728533e-06, 3.56044733962e-06],
        "var": [0.00661152880639, 1.58493030071, 64.8539276123, 298.518585205, 407.474609375, 1807.76184082, 751.688537598, 2553.99853516, 1360.22277832, 592.466247559, 7719.26220703, 11663.8486328, 15124.9091797, 22725.9667969, 3570.81640625, 2724.63989258, 736.982910156, 953.184753418, 430.940795898, 2632.72875977, 1423.80480957, 964.787902832, 371.923522949, 815.081481934, 480.49520874, 488.152313232, 324.902069092, 156.967636108, 221.063293457, 399.661682129, 595.11151123, 175.096572876, 66.6235122681, 12.6336688995, 1.57961606979, 0.0466109253466, 0.000312926335027, 5.2280898899e-07, 1.66847879957e-09, 3.92637755642e-10]
    },
    "gfcc": {
        "mean": [29.6813735962, 99.7643508911, -119.110176086, 57.2676429749, -70.2852096558, 16.5976905823, -45.2002716064, 10.4901819229, -29.1469669342, -16.4322566986, -18.4934329987, -9.09236907959, -2.21719908714],
        "cov": [[1029.2590332, -511.409301758, -101.274360657, 54.5431022644, -95.6647338867, 136.672698975, -53.1068725586, 58.366104126, -62.3896255493, 97.0250396729, -28.8996925354, 89.9987335205, -24.5063247681], [-511.409301758, 673.929016113, -45.0872993469, -82.7280807495, 133.729278564, -131.359329224, 108.844291687, -78.1060409546, 63.7122497559, -104.32384491, 45.3804321289, -92.5382232666, 29.8672084808], [-101.274360657, -45.0872993469, 437.573577881, 97.0075378418, -13.7577219009, 4.88531732559, -119.680412292, 7.66414928436, 5.46175336838, 46.545917511, 40.1298103333, 15.7815084457, -36.9365882874], [54.5431022644, -82.7280807495, 97.0075378418, 281.830200195, 33.1646690369, -88.5768127441, -47.8626785278, -36.455368042, 29.6265602112, 13.5192785263, 25.1032371521, 26.54662323, 14.7695236206], [-95.6647338867, 133.729278564, -13.7577219009, 33.1646690369, 126.06149292, -8.12647247314, 23.2478561401, -17.1582527161, -2.48381352425, -20.8922042847, 10.926232338, -1.09018290043, 7.5363650322], [136.672698975, -131.359329224, 4.88531732559, -88.5768127441, -8.12647247314, 229.57875061, 55.0199127197, 18.2815570831, -57.8896942139, -6.53832769394, -4.02500534058, 5.48219156265, -20.9064464569], [-53.1068725586, 108.844291687, -119.680412292, -47.8626785278, 23.2478561401, 55.0199127197, 180.894439697, 15.0840024948, -34.5263290405, -55.9194335938, -31.2551765442, -26.1867446899, 18.3219203949], [58.366104126, -78.1060409546, 7.66414928436, -36.455368042, -17.1582527161, 18.2815570831, 15.0840024948, 114.857933044, 35.805103302, 34.3683738708, -31.5979862213, -4.56012439728, -3.08066701889], [-62.3896255493, 63.7122497559, 5.46175336838, 29.6265602112, -2.48381352425, -57.8896942139, -34.5263290405, 35.805103302, 146.696105957, 34.2407112122, -9.1311674118, -38.3763504028, -10.5547332764], [97.0250396729, -104.32384491, 46.545917511, 13.5192785263, -20.8922042847, -6.53832769394, -55.9194335938, 34.3683738708, 34.2407112122, 116.648162842, 26.0317878723, 21.7130146027, -21.9758167267], [-28.8996925354, 45.3804321289, 40.1298103333, 25.1032371521, 10.926232338, -4.02500534058, -31.2551765442, -31.5979862213, -9.1311674118, 26.0317878723, 105.132377625, 38.9257659912, -11.5185260773], [89.9987335205, -92.5382232666, 15.7815084457, 26.54662323, -1.09018290043, 5.48219156265, -26.1867446899, -4.56012439728, -38.3763504028, 21.7130146027, 38.9257659912, 97.2341003418, 18.1442108154], [-24.5063247681, 29.8672084808, -36.9365882874, 14.7695236206, 7.5363650322, -20.9064464569, 18.3219203949, -3.08066701889, -10.5547332764, -21.9758167267, -11.5185260773, 18.1442108154, 82.2494812012]],
        "icov": [[0.00196577329189, -0.000382535392419, 0.00146103708539, -0.00179943197872, 0.0015470830258, -0.00187255826313, 0.00157839176245, -0.00124416092876, 0.00139528920408, -0.00135445047636, 0.00152277364396, -0.00138737109955, 0.00102439918555], [-0.000382535392419, 0.0143075902015, -0.00548036070541, 0.0117679806426, -0.012473047711, 0.0114534357563, -0.012059035711, 0.00987284909934, -0.00993544049561, 0.00656840391457, -0.0122398165986, 0.0086946580559, -0.00592570472509], [0.00146103708539, -0.00548036070541, 0.00632573897019, -0.0068552759476, 0.00575118837878, -0.00619930494577, 0.00779147911817, -0.00582763412967, 0.00550208380446, -0.00306654139422, 0.00450838636607, -0.00311274337582, 0.00364529062063], [-0.00179943197872, 0.0117679806426, -0.0068552759476, 0.0159499868751, -0.0123375225812, 0.0121865328401, -0.0114468438551, 0.0108892479911, -0.0104232439771, 0.0057636112906, -0.0104371514171, 0.00615697260946, -0.00618381332606], [0.0015470830258, -0.012473047711, 0.00575118837878, -0.0123375225812, 0.0205133799464, -0.0109278447926, 0.0100375646725, -0.00875210855156, 0.00901461392641, -0.00519984168932, 0.0100180068985, -0.00804906804115, 0.00551348505542], [-0.00187255826313, 0.0114534357563, -0.00619930494577, 0.0121865328401, -0.0109278447926, 0.016531188041, -0.0125873778015, 0.00812060665339, -0.00702462438494, 0.00579503411427, -0.0106446640566, 0.00715269474313, -0.00379964685999], [0.00157839176245, -0.012059035711, 0.00779147911817, -0.0114468438551, 0.0100375646725, -0.0125873778015, 0.0207544863224, -0.0121646178886, 0.0113693987951, -0.003163295798, 0.0105215813965, -0.00507767638192, 0.00441306876019], [-0.00124416092876, 0.00987284909934, -0.00582763412967, 0.0108892479911, -0.00875210855156, 0.00812060665339, -0.0121646178886, 0.0213193893433, -0.0115836597979, 0.000410223816289, -0.00389841734432, 0.00348985241726, -0.00484658405185], [0.00139528920408, -0.00993544049561, 0.00550208380446, -0.0104232439771, 0.00901461392641, -0.00702462438494, 0.0113693987951, -0.0115836597979, 0.0188247766346, -0.00725319841877, 0.00796747859567, -0.00076793669723, 0.00455106329173], [-0.00135445047636, 0.00656840391457, -0.00306654139422, 0.0057636112906, -0.00519984168932, 0.00579503411427, -0.003163295798, 0.000410223816289, -0.00725319841877, 0.0175689570606, -0.00935587566346, 0.00227917334996, -0.000580989348236], [0.00152277364396, -0.0122398165986, 0.00450838636607, -0.0104371514171, 0.0100180068985, -0.0106446640566, 0.0105215813965, -0.00389841734432, 0.00796747859567, -0.00935587566346, 0.025567509234, -0.0140503430739, 0.0078864954412], [-0.00138737109955, 0.0086946580559, -0.00311274337582, 0.00615697260946, -0.00804906804115, 0.00715269474313, -0.00507767638192, 0.00348985241726, -0.00076793669723, 0.00227917334996, -0.0140503430739, 0.0234409458935, -0.00888501200825], [0.00102439918555, -0.00592570472509, 0.00364529062063, -0.00618381332606, 0.00551348505542, -0.00379964685999, 0.00441306876019, -0.00484658405185, 0.00455106329173, -0.000580989348236, 0.0078864954412, -0.00888501200825, 0.0182202924043]]
    },
    "melbands": {
        "dmean": [0.000506140990183, 0.0016281575663, 0.00129477423616, 0.000849947682582, 0.000513119797688, 0.000365155283362, 0.000130127125885, 9.26503998926e-05, 0.000173811757122, 0.000191968254512, 0.000165089732036, 0.000129890628159, 7.27181686671e-05, 3.21597872244e-05, 2.66736115009e-05, 1.84463260666e-05, 1.82934472832e-05, 1.37890510814e-05, 2.19576977543e-05, 2.28476183111e-05, 1.93543874047e-05, 1.68398855749e-05, 1.17394665722e-05, 8.50297055877e-06, 1.3875715922e-05, 7.22510321793e-06, 7.50164417695e-06, 5.36772949999e-06, 5.06669812239e-06, 2.4658907023e-06, 3.35552249453e-06, 2.45590581471e-06, 2.86573981612e-06, 3.26517147187e-06, 3.23434414895e-06, 2.61576747107e-06, 1.9780356979e-06, 1.76418552655e-06, 1.36538221795e-06, 7.89669911683e-07],
        "dmean2": [0.000841755012516, 0.00273137539625, 0.00213386234827, 0.00138949323446, 0.000810213561635, 0.000555846781936, 0.000200474722078, 0.0001474176388, 0.000265809474513, 0.000297412276268, 0.000240978857619, 0.000197638102691, 0.000105517974589, 4.63876604044e-05, 4.16516522819e-05, 2.90766274702e-05, 2.85135502054e-05, 2.20120909944e-05, 3.44788786606e-05, 3.62481732736e-05, 3.14320277539e-05, 2.72203706118e-05, 1.81333507498e-05, 1.3268739167e-05, 2.17281321966e-05, 1.10212886284e-05, 1.17360777949e-05, 8.2390206444e-06, 8.03154034656e-06, 3.763091172e-06, 5.09412302563e-06, 3.77376341021e-06, 4.36425898442e-06, 4.88978093927e-06, 4.63100150228e-06, 3.85305156669e-06, 2.87256671072e-06, 2.65489325102e-06, 2.0685229174e-06, 1.16409898965e-06],
        "dvar": [9.80998152045e-07, 8.71228075994e-06, 4.24488234785e-06, 2.21924233301e-06, 5.85616305671e-07, 3.7389645513e-07, 8.22718320137e-08, 6.28240073297e-08, 2.48618960086e-07, 1.60423795137e-07, 9.34988975132e-08, 9.38541688811e-08, 3.27147056112e-08, 1.04992450289e-08, 3.04358005465e-09, 2.17118301116e-09, 2.31704855302e-09, 5.33393273994e-10, 2.15428785921e-09, 2.73361799863e-09, 1.04939601453e-09, 5.09780162528e-10, 2.57466326037e-10, 1.9914771221e-10, 4.83415418806e-10, 1.17617138251e-10, 1.49533357918e-10, 1.16327274202e-10, 1.30488911343e-10, 2.41441762416e-11, 3.03854337524e-11, 2.4887807093e-11, 6.62039520427e-11, 7.47451961436e-11, 1.07346596889e-10, 9.83103390362e-11, 2.46211506044e-11, 2.190498824e-11, 1.06320143661e-11, 4.19886608122e-12],
        "dvar2": [2.52547147284e-06, 2.44703205681e-05, 1.17670278996e-05, 5.84536201131e-06, 1.48616038587e-06, 8.66404548105e-07, 1.64906907685e-07, 1.53634701405e-07, 6.2633705511e-07, 3.33912964834e-07, 1.87559649589e-07, 2.16748986759e-07, 6.17075386344e-08, 2.00143048801e-08, 6.47093978401e-09, 5.16279330398e-09, 5.41371925067e-09, 1.27951649276e-09, 4.73735006778e-09, 6.02848171383e-09, 2.84669354755e-09, 1.26439247961e-09, 5.92866422622e-10, 4.59155741206e-10, 1.21219023708e-09, 2.45906017771e-10, 3.61629670653e-10, 2.5878646448e-10, 3.40883238303e-10, 5.20467419163e-11, 6.45189457416e-11, 5.09016960526e-11, 1.35622180153e-10, 1.60234783775e-10, 1.92216104145e-10, 2.02643138381e-10, 5.19660668663e-11, 4.7913260165e-11, 2.4555069783e-11, 9.48754269592e-12],
        "max": [0.00913001410663, 0.0268622674048, 0.024688532576, 0.0153136122972, 0.00736865075305, 0.00919375289232, 0.00606489926577, 0.00491283182055, 0.008485740982, 0.00560470251366, 0.00466935802251, 0.00474912580103, 0.0032519872766, 0.00242098700255, 0.000899882230442, 0.000596594240051, 0.000814515457023, 0.000358526711352, 0.000755304703489, 0.00130534241907, 0.00041669717757, 0.00027240338386, 0.000222713279072, 0.000290430383757, 0.000201164686587, 0.000175864755874, 0.000190134291188, 0.000204313735594, 0.000207901961403, 8.41480505187e-05, 0.000105624370917, 8.77090496942e-05, 0.000164616692928, 0.000183632320841, 0.000246746698394, 0.000206502823858, 0.000105898783659, 7.48290040065e-05, 4.92839462822e-05, 3.24199500028e-05],
        "mean": [0.000643204839434, 0.00320897437632, 0.00319589534774, 0.00172132905573, 0.00101137976162, 0.000667713524308, 0.000236610751017, 0.000151230298798, 0.000273922836641, 0.000340259226505, 0.000353667041054, 0.000315495068207, 0.000124923128169, 5.21936672158e-05, 4.55104673165e-05, 2.70962518698e-05, 2.76804912573e-05, 2.35834904743e-05, 3.39758844348e-05, 3.65130872524e-05, 3.18859747495e-05, 3.38264835591e-05, 2.39822238655e-05, 1.61525786098e-05, 2.31784852076e-05, 1.46669335663e-05, 1.47903747347e-05, 1.07056430352e-05, 8.90032151801e-06, 4.67348900202e-06, 6.01560077484e-06, 4.50187053502e-06, 4.83107169202e-06, 5.21602714798e-06, 5.14084149472e-06, 3.80299456992e-06, 2.99102839563e-06, 2.78955053545e-06, 2.09167455978e-06, 1.20117442748e-06],
        "median": [0.000289608811727, 0.00226534763351, 0.00243383133784, 0.00117616460193, 0.000627426779829, 0.000302510947222, 0.000109143067675, 5.82859320275e-05, 4.51658415841e-05, 8.46972616273e-05, 8.45884424052e-05, 4.95802960359e-05, 2.78665138467e-05, 1.07411296995e-05, 1.84209584404e-05, 9.07696085051e-06, 8.07013566373e-06, 1.1822671695e-05, 1.28545570988e-05, 1.32547284011e-05, 1.7116588424e-05, 2.38840657403e-05, 1.6881227566e-05, 1.08377389552e-05, 1.43716351886e-05, 9.47240187088e-06, 9.32867442316e-06, 5.8204054767e-06, 4.97789505971e-06, 2.57758733824e-06, 3.33230400429e-06, 2.19002595259e-06, 2.13495104617e-06, 1.94814697352e-06, 1.55221914611e-06, 1.09353220523e-06, 9.40055315368e-07, 9.53548692451e-07, 8.13309213754e-07, 4.39316380607e-07],
        "min": [5.71428245166e-06, 8.52129414852e-06, 1.37467486638e-05, 2.60415490629e-05, 7.55942437536e-06, 8.93003289093e-06, 1.34915353556e-06, 5.73478644128e-07, 5.53475729248e-07, 8.30207113722e-07, 1.35993036565e-06, 7.45705108329e-07, 8.74428735642e-07, 5.20885180322e-07, 1.93411707983e-07, 3.76218906695e-07, 4.1715424004e-07, 2.70998583574e-07, 5.42378643331e-07, 6.02375450853e-07, 5.11511075274e-07, 4.57195454828e-07, 2.51438422083e-07, 1.73285584992e-07, 2.20550930408e-07, 8.46707379765e-08, 1.40353321854e-07, 7.79451880817e-08, 4.63230307446e-08, 3.01878237963e-08, 2.19217941577e-08, 1.85695139265e-08, 1.89135054285e-08, 1.9344545521e-08, 1.24492629539e-08, 1.48533265687e-08, 1.08031414925e-08, 6.31132390794e-09, 4.10332789968e-09, 2.02209182731e-09],
