{
"highlevel": {
    "danceability": {
        "all": {
            "danceable": 0.999291718006,
            "not_danceable": 0.000708286068402
        },
        "probability": 0.999291718006,
        "value": "danceable"
    },
    "gender": {
        "all": {
            "female": 0.803211808205,
            "male": 0.196788206697
        },
        "probability": 0.803211808205,
        "value": "female"
    },
    "genre_dortmund": {
        "all": {
            "alternative": 0.0534507371485,
            "blues": 0.060871951282,
            "electronic": 0.151158288121,
            "folkcountry": 0.0344517305493,
            "funksoulrnb": 0.0406026169658,
            "jazz": 0.0787232890725,
            "pop": 0.120159804821,
            "raphiphop": 0.401482671499,
            "rock": 0.0590988993645
        },
        "probability": 0.401482671499,
        "value": "raphiphop"
    },
    "genre_electronic": {
        "all": {
            "ambient": 0.20558513701,
            "dnb": 0.682783305645,
            "house": 0.0571386516094,
            "techno": 0.0167798977345,
            "trance": 0.0377129800618
        },
        "probability": 0.682783305645,
        "value": "dnb"
    },
    "genre_rosamerica": {
        "all": {
            "cla": 0.00358938635327,
            "dan": 0.0278892740607,
            "hip": 0.0788387954235,
            "jaz": 0.00654258066788,
            "pop": 0.643634498119,
            "rhy": 0.164717704058,
            "roc": 0.0634185895324,
            "spe": 0.011369170621
        },
        "probability": 0.643634498119,
        "value": "pop"
    },
    "genre_tzanetakis": {
        "all": {
            "blu": 0.0626613423228,
            "cla": 0.0348169617355,
            "cou": 0.104475811124,
            "dis": 0.0784321576357,
            "hip": 0.15692435205,
            "jaz": 0.313974827528,
            "met": 0.0448166541755,
            "pop": 0.0627359300852,
            "reg": 0.0627360641956,
            "roc": 0.0784258767962
        },
        "probability": 0.313974827528,
        "value": "jaz"
    },
    "ismir04_rhythm": {
        "all": {
            "ChaChaCha": 0.0497203208506,
            "Jive": 0.0309252217412,
            "Quickstep": 0.0492528118193,
            "Rumba-American": 0.0130252568051,
            "Rumba-International": 0.144748985767,
            "Rumba-Misc": 0.0270031131804,
            "Samba": 0.591416537762,
            "Tango": 0.0126745235175,
            "VienneseWaltz": 0.0608250275254,
            "Waltz": 0.0204082038254
        },
        "probability": 0.591416537762,
        "value": "Samba"
    },
    "mood_acoustic": {
        "all": {
            "acoustic": 2.36989933455e-07,
            "not_acoustic": 0.999999761581
        },
        "probability": 0.999999761581,
        "value": "not_acoustic"
    },
    "mood_aggressive": {
        "all": {
            "aggressive": 0.141699641943,
            "not_aggressive": 0.858300387859
        },
        "probability": 0.858300387859,
        "value": "not_aggressive"
    },
    "mood_electronic": {
        "all": {
            "electronic": 0.944655835629,
            "not_electronic": 0.0553441829979
        },
        "probability": 0.944655835629,
        "value": "electronic"
    },
    "mood_happy": {
        "all": {
            "happy": 0.431850075722,
            "not_happy": 0.568149924278
        },
        "probability": 0.568149924278,
        "value": "not_happy"
    },
    "mood_party": {
        "all": {
            "not_party": 0.799190163612,
            "party": 0.200809836388
        },
        "probability": 0.799190163612,
        "value": "not_party"
    },
    "mood_relaxed": {
        "all": {
            "not_relaxed": 0.829507231712,
            "relaxed": 0.170492783189
        },
        "probability": 0.829507231712,
        "value": "not_relaxed"
    },
    "mood_sad": {
        "all": {
            "not_sad": 0.735958993435,
            "sad": 0.264041036367
        },
        "probability": 0.735958993435,
        "value": "not_sad"
    },
    "moods_mirex": {
        "all": {
            "Cluster1": 0.175878837705,
            "Cluster2": 0.111542135477,
            "Cluster3": 0.092743575573,
            "Cluster4": 0.0574799403548,
            "Cluster5": 0.562355518341
        },
        "probability": 0.562355518341,
        "value": "Cluster5"
    },
    "timbre": {
        "all": {
            "bright": 0.0615837424994,
            "dark": 0.938416242599
        },
        "probability": 0.938416242599,
        "value": "dark"
    },
    "tonal_atonal": {
        "all": {
            "atonal": 0.950721859932,
            "tonal": 0.0492781177163
        },
        "probability": 0.950721859932,
        "value": "atonal"
    },
    "voice_instrumental": {
        "all": {
            "instrumental": 0.0457454398274,
            "voice": 0.954254567623
        },
        "probability": 0.954254567623,
        "value": "voice"
    }
},
"lowlevel": {
    "average_loudness": 0.986832737923,
    "barkbands_crest": {
        "dmean": 2.18419480324,
        "dmean2": 3.45083212852,
        "dvar": 3.80762052536,
        "dvar2": 8.94251251221,
        "max": 20.8490219116,
        "mean": 9.98766899109,
        "median": 9.4801568985,
        "min": 3.7558567524,
        "var": 8.5060710907
    },
    "barkbands_flatness_db": {
        "dmean": 0.0249523073435,
        "dmean2": 0.0391665659845,
        "dvar": 0.000524994393345,
        "dvar2": 0.00103769695852,
        "max": 0.433426767588,
        "mean": 0.191793948412,
        "median": 0.189076989889,
        "min": 0.0626071318984,
        "var": 0.00275477021933
    },
    "barkbands_kurtosis": {
        "dmean": 4.21327972412,
        "dmean2": 6.49257612228,
        "dvar": 53.468711853,
        "dvar2": 122.08417511,
        "max": 158.294937134,
        "mean": 7.26997852325,
        "median": 3.88188171387,
        "min": -1.86375784874,
        "var": 124.818626404
    },
    "barkbands_skewness": {
        "dmean": 0.608516097069,
        "dmean2": 0.907774865627,
        "dvar": 0.40059158206,
        "dvar2": 0.771527528763,
        "max": 8.63969326019,
        "mean": 2.05799341202,
        "median": 1.77158951759,
        "min": -1.61958730221,
        "var": 1.55693399906
    },
    "barkbands_spread": {
        "dmean": 5.79793357849,
        "dmean2": 8.13218784332,
        "dvar": 73.1707305908,
        "dvar2": 121.145469666,
        "max": 108.207542419,
        "mean": 20.3514060974,
        "median": 15.9965381622,
        "min": 0.551714897156,
        "var": 271.626037598
    },
    "dissonance": {
        "dmean": 0.0237989407033,
        "dmean2": 0.0386861823499,
        "dvar": 0.0005316377501,
        "dvar2": 0.0014416705817,
        "max": 0.499965369701,
        "mean": 0.443766415119,
        "median": 0.450186252594,
        "min": 0.21958784759,
        "var": 0.00137556856498
    },
    "dynamic_complexity": 1.78312277794,
    "erbbands_crest": {
        "dmean": 2.71445965767,
        "dmean2": 4.24028730392,
        "dvar": 6.91126489639,
        "dvar2": 17.2629871368,
        "max": 28.2984886169,
        "mean": 9.92936134338,
        "median": 9.07396316528,
        "min": 2.29161500931,
        "var": 19.0240440369
    },
    "erbbands_flatness_db": {
        "dmean": 0.018961654976,
        "dmean2": 0.0271896161139,
        "dvar": 0.000342550716596,
        "dvar2": 0.000701989221852,
        "max": 0.29489928484,
        "mean": 0.159539178014,
        "median": 0.159592285752,
        "min": 0.0621963664889,
        "var": 0.00166738370899
    },
    "erbbands_kurtosis": {
        "dmean": 1.23706483841,
        "dmean2": 1.86705517769,
        "dvar": 2.8639588356,
        "dvar2": 6.33324623108,
        "max": 25.4866409302,
        "mean": 1.089889884,
        "median": 0.0834105014801,
        "min": -1.7740688324,
        "var": 8.86054897308
    },
    "erbbands_skewness": {
        "dmean": 0.431288123131,
        "dmean2": 0.604824244976,
        "dvar": 0.2268589288,
        "dvar2": 0.441996991634,
        "max": 3.66217446327,
        "mean": 0.663682162762,
        "median": 0.704114735126,
        "min": -3.03156757355,
        "var": 0.966844379902
    },
    "erbbands_spread": {
        "dmean": 9.58447647095,
        "dmean2": 14.4371643066,
        "dvar": 138.353912354,
        "dvar2": 323.702484131,
        "max": 124.442825317,
        "mean": 42.0149650574,
        "median": 38.8651542664,
        "min": 5.4283285141,
        "var": 430.713165283
    },
    "hfc": {
        "dmean": 8.98074054718,
        "dmean2": 12.7276201248,
        "dvar": 171.112289429,
        "dvar2": 297.455596924,
        "max": 173.813751221,
        "mean": 27.807434082,
        "median": 20.214673996,
        "min": 0.51729631424,
        "var": 567.680725098
    },
    "melbands_crest": {
        "dmean": 4.72223091125,
        "dmean2": 7.70782995224,
        "dvar": 17.1294574738,
        "dvar2": 40.9957351685,
        "max": 38.7634048462,
        "mean": 22.6507854462,
        "median": 22.3826713562,
        "min": 5.57556676865,
        "var": 43.9492721558
    },
    "melbands_flatness_db": {
        "dmean": 0.0270632132888,
        "dmean2": 0.0403896272182,
        "dvar": 0.000659504148643,
        "dvar2": 0.00119464774616,
        "max": 0.50272667408,
        "mean": 0.24930755794,
        "median": 0.244741424918,
        "min": 0.0428036898375,
        "var": 0.00415289634839
    },
    "melbands_kurtosis": {
        "dmean": 10.6728782654,
        "dmean2": 17.0488128662,
        "dvar": 608.760131836,
        "dvar2": 1552.93798828,
        "max": 610.124145508,
        "mean": 19.7637767792,
        "median": 10.826043129,
        "min": -1.59833574295,
        "var": 1016.64605713
    },
    "melbands_skewness": {
        "dmean": 0.884315490723,
        "dmean2": 1.35245037079,
        "dvar": 1.14977729321,
        "dvar2": 2.42362236977,
        "max": 20.1599655151,
        "mean": 3.12540173531,
        "median": 2.58629631996,
        "min": 0.00140739488415,
        "var": 3.89665913582
    },
    "melbands_spread": {
        "dmean": 5.617664814,
        "dmean2": 7.95202302933,
        "dvar": 80.0687026978,
        "dvar2": 127.269569397,
        "max": 201.847396851,
        "mean": 17.5446186066,
        "median": 13.8744649887,
        "min": 0.323401421309,
        "var": 260.253601074
    },
    "pitch_salience": {
        "dmean": 0.0800529494882,
        "dmean2": 0.130728662014,
        "dvar": 0.00536817638204,
        "dvar2": 0.0135045219213,
        "max": 0.814078330994,
        "mean": 0.448801696301,
        "median": 0.459889620543,
        "min": 0.0679458454251,
        "var": 0.0127183822915
    },
    "silence_rate_20dB": {
        "dmean": 0,
        "dmean2": 0,
        "dvar": 0,
        "dvar2": 0,
        "max": 1,
        "mean": 1,
        "median": 1,
        "min": 1,
        "var": 0
    },
    "silence_rate_30dB": {
        "dmean": 0.0448916405439,
        "dmean2": 0.0898528248072,
        "dvar": 0.0428758822381,
        "dvar2": 0.123606070876,
        "max": 1,
        "mean": 0.976024746895,
        "median": 1,
        "min": 0,
        "var": 0.0234000068158
    },
    "silence_rate_60dB": {
        "dmean": 0.00154798757285,
        "dmean2": 0.00309837330133,
        "dvar": 0.00154558510985,
        "dvar2": 0.00308874086477,
        "max": 1,
        "mean": 0.00386697612703,
        "median": 0,
        "min": 0,
        "var": 0.00385193363763
    },
    "spectral_centroid": {
        "dmean": 277.067626953,
        "dmean2": 383.087615967,
        "dvar": 148113.828125,
        "dvar2": 254599.40625,
        "max": 4698.56640625,
        "mean": 1225.62402344,
        "median": 1046.12915039,
        "min": 265.052886963,
        "var": 574685.875
    },
    "spectral_complexity": {
        "dmean": 3.62538695335,
        "dmean2": 5.25948858261,
        "dvar": 17.8642349243,
        "dvar2": 30.9822864532,
        "max": 54,
        "mean": 17.1686000824,
        "median": 15,
        "min": 3,
        "var": 85.9282455444
    },
    "spectral_decrease": {
        "dmean": 4.52904824755e-09,
        "dmean2": 7.5536137345e-09,
        "dvar": 2.42846000339e-17,
        "dvar2": 5.5633739398e-17,
        "max": -1.23548324349e-10,
        "mean": -1.56567203646e-08,
        "median": -1.47843666198e-08,
        "min": -5.5756078865e-08,
        "var": 3.7447793128e-17
    },
    "spectral_energy": {
        "dmean": 0.0174858644605,
        "dmean2": 0.0290873683989,
        "dvar": 0.000360057281796,
        "dvar2": 0.000825687660836,
        "max": 0.213168740273,
        "mean": 0.0616143345833,
        "median": 0.0580355636775,
        "min": 0.000526357907802,
        "var": 0.000560713524465
    },
    "spectral_energyband_high": {
        "dmean": 0.000700519944075,
        "dmean2": 0.000925385509618,
        "dvar": 2.0706261239e-06,
        "dvar2": 3.08850417241e-06,
        "max": 0.0217371582985,
        "mean": 0.00151881319471,
        "median": 0.000519826251548,
        "min": 3.5740893054e-06,
        "var": 7.45534362068e-06
    },
    "spectral_energyband_low": {
        "dmean": 0.0141419954598,
        "dmean2": 0.0241502821445,
        "dvar": 0.000286155875074,
        "dvar2": 0.000606414105278,
        "max": 0.177840158343,
        "mean": 0.0352832488716,
        "median": 0.030261753127,
        "min": 1.0584829397e-05,
        "var": 0.000398951873649
    },
    "spectral_energyband_middle_high": {
        "dmean": 0.0016876392765,
        "dmean2": 0.00245902943425,
        "dvar": 7.35399407858e-06,
        "dvar2": 1.46290003613e-05,
        "max": 0.0329890623689,
        "mean": 0.00452420022339,
        "median": 0.00249937945046,
        "min": 4.31424123235e-05,
        "var": 2.46616182267e-05
    },
    "spectral_energyband_middle_low": {
        "dmean": 0.00641125440598,
        "dmean2": 0.0100428722799,
        "dvar": 9.20532620512e-05,
        "dvar2": 0.000237500309595,
        "max": 0.176207348704,
        "mean": 0.0191578883678,
        "median": 0.0179206300527,
        "min": 0.000238344902755,
        "var": 0.000146658261656
    },
    "spectral_entropy": {
        "dmean": 0.186913847923,
        "dmean2": 0.27262660861,
        "dvar": 0.0434511266649,
        "dvar2": 0.0808750018477,
        "max": 8.67513656616,
        "mean": 7.44196081161,
        "median": 7.44555568695,
        "min": 5.59543704987,
        "var": 0.255084842443
    },
    "spectral_flux": {
        "dmean": 0.0404043570161,
        "dmean2": 0.0626337975264,
        "dvar": 0.00226790178567,
        "dvar2": 0.00384587235749,
        "max": 0.421917676926,
        "mean": 0.119000062346,
        "median": 0.100651778281,
        "min": 0.0143970176578,
        "var": 0.00419992953539
    },
    "spectral_kurtosis": {
        "dmean": 1.44797551632,
        "dmean2": 2.36585307121,
        "dvar": 3.21992492676,
        "dvar2": 8.38427352905,
        "max": 20.6332302094,
        "mean": 3.69570231438,
        "median": 3.1001291275,
        "min": -0.787126064301,
        "var": 9.20814800262
    },
    "spectral_rms": {
        "dmean": 0.00106927240267,
        "dmean2": 0.00177917920519,
        "dvar": 1.14855390621e-06,
        "dvar2": 2.44528473559e-06,
        "max": 0.0144211472943,
        "mean": 0.00760433636606,
        "median": 0.00752463052049,
        "min": 0.000716603070032,
        "var": 2.28562953453e-06
    },
    "spectral_rolloff": {
        "dmean": 380.997375488,
        "dmean2": 625.197631836,
        "dvar": 930012.5625,
        "dvar2": 1848219.25,
        "max": 9646.875,
        "mean": 911.589782715,
        "median": 495.263671875,
        "min": 43.06640625,
        "var": 1993276.75
    },
    "spectral_skewness": {
        "dmean": 0.231429323554,
        "dmean2": 0.342538535595,
        "dvar": 0.0591025277972,
        "dvar2": 0.118472382426,
        "max": 3.54482412338,
        "mean": 1.4541374445,
        "median": 1.44330704212,
        "min": -0.204014912248,
        "var": 0.32410338521
    },
    "spectral_spread": {
        "dmean": 570862.9375,
        "dmean2": 833329,
        "dvar": 436410744832,
        "dvar2": 804953260032,
        "max": 11228548,
        "mean": 4855335,
        "median": 4612875,
        "min": 1958680.25,
        "var": 1.97651975373e+12
    },
    "spectral_strongpeak": {
        "dmean": 0.282593369484,
        "dmean2": 0.515083193779,
        "dvar": 0.349692225456,
        "dvar2": 0.850291132927,
        "max": 5.23787546158,
        "mean": 0.36298429966,
        "median": 0.250745862722,
        "min": 0,
        "var": 0.37734401226
    },
    "zerocrossingrate": {
        "dmean": 0.00964884553105,
        "dmean2": 0.0104611702263,
        "dvar": 0.000164075259818,
        "dvar2": 0.000157088696142,
        "max": 0.3017578125,
        "mean": 0.040851354599,
        "median": 0.03271484375,
        "min": 0.0029296875,
        "var": 0.00106569251511
    },
    "barkbands": {
        "dmean": [0.0046719214879, 0.0102107301354, 0.00391759956256, 0.00112519250251, 0.00195169728249, 0.00268947053701, 0.00162998307496, 0.000885081943125, 0.0015641952632, 0.000433398323366, 0.000254285056144, 0.000250130338827, 0.000217983004404, 0.000295595906209, 0.00031690733158, 0.000409015599871, 0.000297287711874, 0.00018224507221, 0.00013170998136, 0.000137883951538, 0.000130723870825, 0.000198915688088, 0.000146782636875, 0.000168770304299, 0.000107198364276, 2.63123711193e-05, 1.70954592704e-08],
        "dmean2": [0.00806951895356, 0.0169453285635, 0.00749225914478, 0.00200332840905, 0.0032522669062, 0.00423686299473, 0.00249595171772, 0.00123000924941, 0.00217449758202, 0.000643788080197, 0.00035985498107, 0.000383880338632, 0.000348086497979, 0.00045560405124, 0.000504753086716, 0.000611948722508, 0.00045018576202, 0.000279187981505, 0.000203121438972, 0.000206475873711, 0.000193122265046, 0.000280531443423, 0.000217055232497, 0.00022353309032, 0.000147371858475, 4.08101914218e-05, 3.10118473124e-08],
        "dvar": [1.27481407617e-05, 0.000123494741274, 8.40128705022e-05, 4.51197001894e-06, 3.41684681189e-05, 1.6485213564e-05, 1.45696430991e-05, 4.16314651375e-06, 1.03221846075e-05, 1.20696131489e-06, 1.99160638203e-07, 5.98504186655e-07, 3.86548521192e-07, 6.34820423784e-07, 7.81016865403e-07, 1.25133101392e-06, 5.15292128966e-07, 1.65235221061e-07, 5.74671581433e-08, 6.26856220265e-08, 6.12528907595e-08, 2.65802668764e-07, 1.21683470411e-07, 1.87776151961e-07, 8.72023377951e-08, 6.83973455651e-09, 6.49466493362e-15],
        "dvar2": [3.45347179973e-05, 0.00024452820071, 0.000237214786466, 1.20579634313e-05, 9.47515145526e-05, 4.16023249272e-05, 3.80347046303e-05, 8.91601757758e-06, 2.23688439291e-05, 2.09298195841e-06, 3.27329530592e-07, 1.34234528559e-06, 9.80104118753e-07, 1.28561634938e-06, 1.94421181732e-06, 2.79022810901e-06, 1.10315545498e-06, 4.11261055433e-07, 1.35332953732e-07, 1.33426922844e-07, 1.32348276338e-07, 5.44560975868e-07, 2.67856279379e-07, 2.90327307084e-07, 1.32111310336e-07, 1.45952609998e-08, 1.61356693252e-14],
        "max": [0.0322609953582, 0.102722220123, 0.0698027387261, 0.0271277315915, 0.138746961951, 0.0411802344024, 0.0515687279403, 0.0326454341412, 0.0433068573475, 0.026968119666, 0.0100607890636, 0.0151223596185, 0.00884200353175, 0.0147037198767, 0.0132575640455, 0.0227247234434, 0.00982217676938, 0.00689738895744, 0.00359562784433, 0.00374451116659, 0.00328913191333, 0.00878377445042, 0.00593632366508, 0.00697678374127, 0.00503233866766, 0.00243929307908, 1.27657324356e-06],
        "mean": [0.0136038539931, 0.020621554926, 0.0023138448596, 0.00139456719626, 0.00360516551882, 0.00614818697795, 0.00306225009263, 0.00156265625264, 0.00315580237657, 0.000809067569207, 0.000533480895683, 0.000369068642613, 0.00028807358467, 0.000430179294199, 0.000413202680647, 0.000640832236968, 0.000484582211357, 0.000298670987831, 0.000232197067817, 0.000259955006186, 0.00025780373835, 0.000358114833944, 0.000266681279754, 0.00029918315704, 0.000175718902028, 2.96071175399e-05, 1.1713471082e-08],
        "median": [0.0145881175995, 0.0159167367965, 0.000207545934245, 0.000377208169084, 0.00167988380417, 0.00404216023162, 0.00144565640949, 0.000611612922512, 0.000993486843072, 0.000193186322576, 0.000204549098271, 0.000105273800727, 8.88326903805e-05, 0.000132077271701, 0.000111768655188, 0.000132509725518, 0.000145938640344, 9.83127829386e-05, 0.000103409627627, 9.8765558505e-05, 9.56151998253e-05, 8.77154525369e-05, 6.69797882438e-05, 5.43061069038e-05, 2.65424114332e-05, 3.98661495637e-06, 1.90726390237e-09],
        "min": [4.20043244631e-09, 3.96865800667e-07, 1.71381856262e-07, 2.4516140229e-07, 3.87248473999e-06, 5.84211466048e-06, 6.47791694064e-06, 8.35701712276e-07, 1.4366159121e-05, 1.6607091311e-06, 4.12289455198e-06, 1.31613137455e-06, 1.4461693354e-06, 2.3223997232e-06, 9.9734916148e-07, 3.15963666253e-06, 1.04530295175e-06, 1.50743687755e-06, 1.18635932722e-06, 1.43237366501e-06, 8.41102405502e-07, 3.57128612904e-07, 2.37330070263e-07, 1.60149667749e-07, 3.49428539437e-08, 1.22520830287e-11, 1.16808212408e-11],
        "var": [3.32645104208e-05, 0.000194866006495, 4.82026152895e-05, 6.6717975642e-06, 3.53000978066e-05, 4.05552891607e-05, 2.16792213905e-05, 7.61951014283e-06, 2.51719975495e-05, 4.02367959396e-06, 8.96227902558e-07, 1.12434111088e-06, 4.68144918386e-07, 1.18907712476e-06, 9.05190916001e-07, 2.49826484833e-06, 8.91857894203e-07, 2.8353119319e-07, 1.05800523897e-07, 1.46315343841e-07, 1.56131122253e-07, 5.6535401427e-07, 2.59634077793e-07, 6.11081247825e-07, 2.89270047915e-07, 9.64935598091e-09, 4.34845412242e-15]
    },
    "erbbands": {
        "dmean": [0.620216965675, 1.91553211212, 4.65302324295, 3.94739532471, 5.18152713776, 6.50353956223, 14.8418302536, 22.753288269, 26.2621383667, 17.5048027039, 22.5396747589, 34.0862960815, 18.3959846497, 10.7043075562, 8.33950901031, 9.34829616547, 8.96296882629, 12.819106102, 12.3202066422, 19.5105190277, 20.4730377197, 14.9060249329, 9.83634090424, 7.48599863052, 6.25853252411, 6.77470827103, 4.82297515869, 6.53106784821, 7.87366342545, 4.95842599869, 4.21105527878, 3.32329726219, 3.10678458214, 1.62285017967, 0.564946353436, 0.177530884743, 0.0368211939931, 0.00250249519013, 6.04329179623e-05, 2.20457714022e-05],
        "dmean2": [1.10414683819, 3.12005996704, 8.88330173492, 7.30229330063, 8.59685707092, 10.845621109, 24.5299129486, 35.3515663147, 40.1116447449, 25.0295181274, 32.2387657166, 47.3816566467, 26.3126277924, 15.7468166351, 12.0416116714, 14.5256633759, 14.0816602707, 18.9734287262, 19.3400554657, 30.4467868805, 29.9863681793, 22.0007648468, 14.5485229492, 11.3819913864, 9.50364208221, 10.1790647507, 7.37043428421, 9.13402175903, 11.5193061829, 7.31037378311, 6.12998342514, 4.63405275345, 4.15944862366, 2.25793766975, 0.793264985085, 0.268061190844, 0.0594806149602, 0.00425698142499, 9.54821080086e-05, 3.48880166712e-05],
        "dvar": [0.522203683853, 9.39495754242, 117.747894287, 65.7222595215, 112.423461914, 442.056640625, 1693.44055176, 1308.9954834, 3318.57275391, 2239.52514648, 2006.65112305, 5646.04589844, 2183.08203125, 361.169586182, 236.782897949, 986.277404785, 615.665893555, 1369.32006836, 1360.7364502, 2272.89770508, 2189.34790039, 1198.40039062, 402.763183594, 204.109085083, 134.935134888, 173.33203125, 70.188041687, 216.680435181, 420.363677979, 153.593658447, 98.8832626343, 61.7308502197, 78.530960083, 22.9394626617, 2.16241621971, 0.379130035639, 0.00726229418069, 4.24000900239e-05, 1.73673075921e-08, 5.73129266268e-10],
        "dvar2": [1.39468216896, 24.0227451324, 332.207855225, 184.521911621, 283.643188477, 1235.76660156, 4776.37744141, 3189.55566406, 8703.41113281, 5450.35058594, 4681.37841797, 12001.7705078, 4197.78369141, 711.427307129, 440.388885498, 2435.22607422, 1606.12011719, 2836.70922852, 3307.51196289, 5270.5546875, 4519.27246094, 2467.62988281, 889.682434082, 479.725891113, 319.785644531, 386.717468262, 162.890960693, 440.344116211, 934.177185059, 342.854644775, 206.06552124, 113.9295578, 122.528923035, 35.0849761963, 3.59157681465, 0.760751783848, 0.0174261555076, 0.000106922685518, 4.17264729435e-08, 1.31028832229e-09],
        "max": [4.51952123642, 27.9093780518, 85.5894546509, 48.9234695435, 156.560134888, 500.216827393, 956.072998047, 400.715515137, 887.774230957, 841.831237793, 666.267700195, 1195.50732422, 851.568908691, 397.909545898, 318.958953857, 752.821228027, 405.415008545, 697.871398926, 659.854797363, 786.268127441, 676.676025391, 524.969055176, 405.196350098, 193.590576172, 157.097259521, 194.286117554, 126.264549255, 224.05897522, 323.293762207, 234.16104126, 149.939361572, 120.268432617, 169.647735596, 78.3199005127, 27.3614902496, 18.9749908447, 1.30676150322, 0.0734676420689, 0.00149562826846, 0.000233190541621],
        "mean": [1.31253492832, 1.9227257967, 2.82998275757, 3.50654745102, 9.82918548584, 11.0684289932, 30.7917366028, 51.6394424438, 48.231086731, 35.6418838501, 44.8761024475, 68.432258606, 39.2085647583, 22.8983325958, 17.4617328644, 13.9327764511, 13.2939519882, 18.709230423, 18.5366706848, 29.5497322083, 36.1901245117, 27.2193393707, 17.8386287689, 13.6589298248, 11.7229595184, 12.5401573181, 9.66295433044, 12.0508260727, 13.5310354233, 8.87950992584, 7.55139923096, 5.95311164856, 5.21833181381, 2.71065998077, 0.854142487049, 0.217381447554, 0.0385424047709, 0.00228488817811, 9.4247108791e-05, 7.71684062784e-05],
        "median": [1.17577946186, 0.748708963394, 0.343256086111, 0.922091245651, 3.0051586628, 5.17712783813, 16.7085914612, 34.2290077209, 23.9034061432, 17.0508270264, 22.7348613739, 22.0240364075, 9.58807468414, 9.24575519562, 8.13775539398, 4.74499082565, 4.71683216095, 5.86485052109, 7.01980018616, 6.91100692749, 8.45402050018, 8.3103761673, 6.30972671509, 5.41521024704, 5.46160030365, 4.75968074799, 3.99486660957, 3.57646727562, 3.42641782761, 2.39787077904, 1.78176903725, 1.37011528015, 0.808307290077, 0.400409042835, 0.144991889596, 0.0326892882586, 0.00496782548726, 0.000240931738517, 4.28368148278e-05, 7.0113230322e-05],
        "min": [1.03688034869e-05, 0.000221385154873, 0.0028315836098, 0.0154641764238, 0.0293557532132, 0.10755520314, 0.0830155834556, 0.0909464806318, 0.205808535218, 0.327709764242, 0.12478672713, 0.308972746134, 0.323329180479, 0.254980951548, 0.170085430145, 0.0717290788889, 0.0739309340715, 0.120662495494, 0.16611404717, 0.106089040637, 0.163347050548, 0.0913082286716, 0.117716230452, 0.081224642694, 0.0694495216012, 0.0727874562144, 0.0512661039829, 0.0312405694276, 0.013421677053, 0.0118813440204, 0.00639391550794, 0.00272757280618, 0.0013305391185, 0.000501859409269, 0.000190732942428, 4.5267996029e-05, 3.81731388188e-06, 4.50370606586e-07, 4.46925525921e-07, 6.99983729646e-07],
        "var": [0.550059497356, 8.55141162872, 67.852142334, 46.6639518738, 275.69909668, 399.75793457, 2077.14086914, 2955.87036133, 4950.59082031, 3946.93774414, 3900.99487305, 13942.8232422, 6659.19628906, 1520.54638672, 701.983703613, 1580.13317871, 811.959106445, 2395.24804688, 1657.07214355, 3899.52783203, 6126.80029297, 2525.17871094, 859.568725586, 421.344512939, 237.252655029, 364.102996826, 181.454849243, 469.205047607, 818.94732666, 307.729614258, 222.16696167, 179.426544189, 250.010772705, 73.0473251343, 6.70281934738, 0.589660286903, 0.0092158773914, 3.85064486181e-05, 2.2617186346e-08, 1.13288156633e-09]
    },
    "gfcc": {
        "mean": [18.9543647766, 102.256767273, -107.601608276, 45.2329864502, -71.8234329224, 14.5635986328, -37.6069107056, 18.1043014526, -6.03498029709, 9.60483074188, -2.06788492203, 6.10228586197, 7.31753158569],
        "cov": [[2504.71484375, -1006.42211914, -146.934753418, 86.43409729, -79.6671676636, 247.365692139, -153.664169312, 255.561843872, -84.5908203125, 189.40423584, -252.252120972, 161.197433472, -145.219467163], [-1006.42211914, 1249.81176758, -173.600311279, -275.276885986, 253.591506958, -219.820510864, 170.905685425, -132.925552368, 65.3008651733, -212.855865479, 108.994216919, -133.283294678, 71.8778457642], [-146.934753418, -173.600311279, 555.73449707, 164.626296997, -20.0973014832, 58.5815734863, -18.7681522369, -29.2313117981, -92.4565887451, 63.0886421204, -27.6847305298, -6.24713230133, -88.9725799561], [86.43409729, -275.276885986, 164.626296997, 374.009979248, -23.5604991913, 29.0692272186, -39.8587112427, 0.261490494013, 45.3513450623, 27.6995849609, 17.6000843048, 5.48642539978, 4.29157209396], [-79.6671676636, 253.591506958, -20.0973014832, -23.5604991913, 264.649536133, -37.4276123047, 24.8153095245, 37.7459030151, 29.4465122223, -28.2057037354, -1.25360381603, 16.4716472626, -8.09917736053], [247.365692139, -219.820510864, 58.5815734863, 29.0692272186, -37.4276123047, 210.142745972, 55.7757720947, 6.20060157776, -19.781370163, 33.6978645325, 7.75729990005, 6.89890480042, -37.4382972717], [-153.664169312, 170.905685425, -18.7681522369, -39.8587112427, 24.8153095245, 55.7757720947, 165.417953491, -23.6840343475, -2.52955269814, -26.6439361572, 22.3078346252, -25.2293930054, -9.90870857239], [255.561843872, -132.925552368, -29.2313117981, 0.261490494013, 37.7459030151, 6.20060157776, -23.6840343475, 164.475219727, 42.1542167664, 47.8484916687, 16.3899822235, 37.7847175598, 23.5859470367], [-84.5908203125, 65.3008651733, -92.4565887451, 45.3513450623, 29.4465122223, -19.781370163, -2.52955269814, 42.1542167664, 217.575881958, 33.3253974915, 95.3297729492, 49.1650428772, 51.5078849792], [189.40423584, -212.855865479, 63.0886421204, 27.6995849609, -28.2057037354, 33.6978645325, -26.6439361572, 47.8484916687, 33.3253974915, 134.486495972, 30.2812309265, 49.0909881592, -1.48113942146], [-252.252120972, 108.994216919, -27.6847305298, 17.6000843048, -1.25360381603, 7.75729990005, 22.3078346252, 16.3899822235, 95.3297729492, 30.2812309265, 192.449432373, 23.7394599915, 84.0611190796], [161.197433472, -133.283294678, -6.24713230133, 5.48642539978, 16.4716472626, 6.89890480042, -25.2293930054, 37.7847175598, 49.1650428772, 49.0909881592, 23.7394599915, 143.282363892, 24.0143451691], [-145.219467163, 71.8778457642, -88.9725799561, 4.29157209396, -8.09917736053, -37.4382972717, -9.90870857239, 23.5859470367, 51.5078849792, -1.48113942146, 84.0611190796, 24.0143451691, 137.474090576]],
        "icov": [[0.0012462415034, -0.00066214625258, 0.00124878191855, -0.00106133462396, 0.000713890884072, -0.00197171606123, 0.00136499479413, -0.00194120150991, 0.00108082906809, -0.00169177213684, 0.00176539795939, -0.00144089222886, 0.00118955317885], [-0.00066214625258, 0.00640989374369, -0.0019985078834, 0.00457522505894, -0.00484299845994, 0.00604898994789, -0.00493773305789, 0.00482503790408, -0.00339142186567, 0.00584636395797, -0.00415801629424, 0.00479901023209, -0.00227094860747], [0.00124878191855, -0.0019985078834, 0.00443681376055, -0.0033050312195, 0.00145129102748, -0.00304057984613, 0.00238018273376, -0.00234599411488, 0.00338230933994, -0.00421631801873, 0.00161556678358, -0.002463393379, 0.00329997809604], [-0.00106133462396, 0.00457522505894, -0.0033050312195, 0.00714604044333, -0.00340233533643, 0.00424832291901, -0.00300395349041, 0.00432497449219, -0.00435558473691, 0.00508691463619, -0.00319422082976, 0.00433210562915, -0.00299423886463], [0.000713890884072, -0.00484299845994, 0.00145129102748, -0.00340233533643, 0.00827529560775, -0.00371900107712, 0.00281517882831, -0.0054469848983, 0.0020692946855, -0.00299877882935, 0.0032745259814, -0.00467442674562, 0.00295055657625], [-0.00197171606123, 0.00604898994789, -0.00304057984613, 0.00424832291901, -0.00371900107712, 0.0137781687081, -0.00834177620709, 0.00539234699681, -0.00301626883447, 0.0055223335512, -0.0064080809243, 0.00480730971321, -0.00107105728239], [0.00136499479413, -0.00493773305789, 0.00238018273376, -0.00300395349041, 0.00281517882831, -0.00834177620709, 0.0125418538228, -0.00375748146325, 0.00280178408138, -0.00384838902391, 0.00278529641218, -0.00321780354716, 0.00286832614802], [-0.00194120150991, 0.00482503790408, -0.00234599411488, 0.00432497449219, -0.0054469848983, 0.00539234699681, -0.00375748146325, 0.0133157204837, -0.0041540004313, 0.00286376336589, -0.00398650811985, 0.00443738186732, -0.00438468251377], [0.00108082906809, -0.00339142186567, 0.00338230933994, -0.00435558473691, 0.0020692946855, -0.00301626883447, 0.00280178408138, -0.0041540004313, 0.0100169219077, -0.00501780584455, -0.000390461267671, -0.00466642761603, 0.0027017861139], [-0.00169177213684, 0.00584636395797, -0.00421631801873, 0.00508691463619, -0.00299877882935, 0.0055223335512, -0.00384838902391, 0.00286376336589, -0.00501780584455, 0.0180198196322, -0.00665953801945, 0.00250574760139, -0.00146432756446], [0.00176539795939, -0.00415801629424, 0.00161556678358, -0.00319422082976, 0.0032745259814, -0.0064080809243, 0.00278529641218, -0.00398650811985, -0.000390461267671, -0.00665953801945, 0.0137629639357, -0.00351395015605, -0.00321057159454], [-0.00144089222886, 0.00479901023209, -0.002463393379, 0.00433210562915, -0.00467442674562, 0.00480730971321, -0.00321780354716, 0.00443738186732, -0.00466642761603, 0.00250574760139, -0.00351395015605, 0.0133778331801, -0.00413302518427], [0.00118955317885, -0.00227094860747, 0.00329997809604, -0.00299423886463, 0.00295055657625, -0.00107105728239, 0.00286832614802, -0.00438468251377, 0.0027017861139, -0.00146432756446, -0.00321057159454, -0.00413302518427, 0.0144454529509]]
    },
    "melbands": {
        "dmean": [0.00372160738334, 0.00248803989962, 0.000723395729437, 0.000416190625401, 0.000455833069282, 0.000516503117979, 0.00037174046156, 0.000188447898836, 0.000216958389501, 0.000204269730602, 9.14683696465e-05, 4.78677793581e-05, 3.22476043948e-05, 2.92156328214e-05, 2.12574268517e-05, 2.11253045563e-05, 2.58474501607e-05, 2.09072568396e-05, 2.63884448941e-05, 2.832393875e-05, 2.5010200261e-05, 1.65947512869e-05, 1.27218736452e-05, 9.18472323974e-06, 6.21380922894e-06, 5.10747622684e-06, 5.13455233886e-06, 4.83714120492e-06, 3.34019387083e-06, 3.0637445434e-06, 4.55572899227e-06, 5.25476161783e-06, 3.45193711837e-06, 2.74458307103e-06, 2.50747439168e-06, 2.69860333901e-06, 1.91890035239e-06, 2.24100062951e-06, 2.08374831345e-06, 1.31233514367e-06],
        "dmean2": [0.00635248236358, 0.00457234960049, 0.0013100040378, 0.000689215434249, 0.000756481196731, 0.000803156464826, 0.000569017662201, 0.000263485650066, 0.000313692522468, 0.000284403271507, 0.00013138189388, 7.05364218447e-05, 4.64879303763e-05, 4.55516164948e-05, 3.2724092307e-05, 3.31522969645e-05, 3.81929748983e-05, 3.29176582454e-05, 4.17981063947e-05, 4.28367820859e-05, 3.66971326002e-05, 2.50831180892e-05, 1.88484464161e-05, 1.37823553814e-05, 9.79113519861e-06, 7.92554965301e-06, 7.59424074204e-06, 7.43909822631e-06, 5.06861215399e-06, 4.75276738143e-06, 6.49996945867e-06, 7.91149886936e-06, 5.07617096446e-06, 4.1727939788e-06, 3.71921009901e-06, 3.99610507884e-06, 2.7443181807e-06, 2.96508051179e-06, 2.92330582852e-06, 1.9003067564e-06],
        "dvar": [1.6338612113e-05, 2.84706584353e-05, 1.92486322703e-06, 7.68127733863e-07, 2.16227203964e-06, 6.21134574885e-07, 6.7130537218e-07, 2.28895089549e-07, 1.72634315732e-07, 1.94514029772e-07, 5.66249660494e-08, 8.11469647033e-09, 3.00927305297e-09, 9.60757073898e-09, 2.85925261245e-09, 4.24852197867e-09, 5.56479218261e-09, 4.45922898606e-09, 6.03926730847e-09, 9.53392831349e-09, 3.53730711389e-09, 1.57521173882e-09, 8.17584278057e-10, 4.70850414214e-10, 1.42734227215e-10, 1.17437684577e-10, 9.12415490384e-11, 1.11737903652e-10, 3.77587267009e-11, 3.68023667097e-11, 1.23507315486e-10, 2.14950113264e-10, 8.12020797825e-11, 4.6094166678e-11, 3.4764847251e-11, 4.22022278235e-11, 2.30238866167e-11, 3.83724649278e-11, 4.45737058374e-11, 1.53985851847e-11],
        "dvar2": [3.88609405491e-05, 7.8970726463e-05, 5.31686737304e-06, 1.95600773623e-06, 6.20657601758e-06, 1.52678285303e-06, 1.77976846771e-06, 5.18181423104e-07, 3.97344848579e-07, 4.07147155101e-07, 1.0732021849e-07, 1.63093076821e-08, 5.02467267793e-09, 2.10525943345e-08, 6.63597576889e-09, 1.04878310481e-08, 1.11777698208e-08, 1.01540944542e-08, 1.46172691728e-08, 2.11883346424e-08, 7.11109970908e-09, 3.45676576252e-09, 1.50910373087e-09, 1.16907428183e-09, 3.31266347686e-10, 3.03427560855e-10, 2.03831798662e-10, 2.64289312657e-10, 9.28339211059e-11, 8.50768760996e-11, 2.58315341339e-10, 4.89404461401e-10, 1.79531209343e-10, 1.10437749223e-10, 7.58922924504e-11, 9.57793358514e-11, 4.35160484036e-11, 6.22975768194e-11, 8.09560335435e-11, 2.76633160823e-11],
        "max": [0.028736975044, 0.0439675971866, 0.0118832886219, 0.0130615783855, 0.036320399493, 0.00943063572049, 0.0120106609538, 0.00775928562507, 0.00600239960477, 0.00649202615023, 0.00445685302839, 0.00148727290798, 0.00117609102745, 0.00207552290522, 0.000952219648752, 0.00102781108581, 0.00159665371757, 0.00130334577989, 0.0014548698673, 0.00236821803264, 0.00108602910768, 0.000648474611808, 0.000441444222815, 0.00046630500583, 0.000154776018462, 0.000220988978981, 0.000120342498121, 0.000178008369403, 0.000102181649709, 7.37970767659e-05, 0.000196329376195, 0.000289291900117, 0.000159642047947, 0.000124459984363, 8.73333556228e-05, 8.17744148662e-05, 8.58711428009e-05, 0.000114589100122, 0.000140472635394, 5.72974095121e-05],
        "mean": [0.00921461265534, 0.00172545353416, 0.00082082557492, 0.000767359451856, 0.000947920663748, 0.00119288463611, 0.000683195656165, 0.000370749941794, 0.000426639307989, 0.000409550382756, 0.000189507365576, 9.43893974181e-05, 6.88996078679e-05, 4.25759753853e-05, 3.20291292155e-05, 2.7604337447e-05, 3.71016503777e-05, 3.03529068333e-05, 3.4757926187e-05, 4.10536340496e-05, 4.23886158387e-05, 2.86123377009e-05, 1.96970104298e-05, 1.51943440869e-05, 1.0510490938e-05, 8.6128966359e-06, 8.78504852153e-06, 8.10972233012e-06, 6.0576044234e-06, 5.61941578781e-06, 7.47717467675e-06, 8.35128139443e-06, 5.79992956773e-06, 4.56891893919e-06, 4.22958964919e-06, 4.3132713472e-06, 3.25263431478e-06, 3.55883662451e-06, 3.34066817231e-06, 2.02100250135e-06],
        "median": [0.00830516964197, 0.000338448706316, 0.000228440898354, 0.000302677246509, 0.000577193393838, 0.00082956434926, 0.000348597270204, 0.000176584420842, 0.000188668054761, 0.000124068857986, 3.25759356201e-05, 3.5413668229e-05, 2.9261547752e-05, 1.08431504486e-05, 1.08410549728e-05, 8.5164228949e-06, 1.05783956315e-05, 1.06123161459e-05, 8.46167313284e-06, 8.07335709396e-06, 8.38937103254e-06, 8.78936680238e-06, 6.06638059253e-06, 4.99681755173e-06, 3.66965173271e-06, 4.00196222472e-06, 3.51536550625e-06, 2.82373025584e-06, 2.43953286372e-06, 1.86907629995e-06, 2.00924591809e-06, 1.88009244084e-06, 1.4330638578e-06, 1.20489448818e-06, 9.81276116363e-07, 9.05569550014e-07, 6.62474974433e-07, 5.53676329673e-07, 3.94152948502e-07, 3.00579955592e-07],
        "min": [1.17666459687e-07, 1.1427322022e-07, 2.38576262745e-06, 5.33921479473e-07, 3.02628814097e-06, 2.41477982854e-06, 3.89214437746e-06, 6.44900069346e-07, 7.95971686784e-07, 2.35911647906e-06, 3.03549541059e-07, 8.08315689937e-07, 5.31973455509e-07, 1.339281539e-07, 1.23404575447e-07, 1.84073314813e-07, 1.87852691624e-07, 1.36423665253e-07, 8.24925336929e-08, 1.66418189451e-07, 1.31428080863e-07, 5.53663852543e-08, 7.53233919681e-08, 7.21617396948e-08, 4.41861587319e-08, 4.803842657e-08, 4.14642471469e-08, 3.56248222033e-08, 3.23624966825e-08, 2.05214139015e-08, 1.60699862306e-08, 7.31056770675e-09, 5.34564126298e-09, 1.03809305596e-09, 4.01791400151e-09, 1.07184212894e-10, 1.63258406793e-10, 9.34526678265e-10, 3.63204494258e-10, 1.23392671081e-10],
