{
"highlevel": {
    "danceability": {
        "all": {
            "danceable": 0.860984325409,
            "not_danceable": 0.13901565969
        },
        "probability": 0.860984325409,
        "value": "danceable"
    },
    "gender": {
        "all": {
            "female": 8.50593494306e-07,
            "male": 0.999999165535
        },
        "probability": 0.999999165535,
        "value": "male"
    },
    "genre_dortmund": {
        "all": {
            "alternative": 0.180485755205,
            "blues": 0.171809509397,
            "electronic": 0.00857688765973,
            "folkcountry": 0.302650004625,
            "funksoulrnb": 0.0118651269004,
            "jazz": 0.145239308476,
            "pop": 0.0255335699767,
            "raphiphop": 0.00561710866168,
            "rock": 0.148222714663
        },
        "probability": 0.302650004625,
        "value": "folkcountry"
    },
    "genre_electronic": {
        "all": {
            "ambient": 0.605103611946,
            "dnb": 0.0711338967085,
            "house": 0.214007109404,
            "techno": 0.0113473655656,
            "trance": 0.0984080135822
        },
        "probability": 0.605103611946,
        "value": "ambient"
    },
    "genre_rosamerica": {
        "all": {
            "cla": 0.06379327178,
            "dan": 0.0412504635751,
            "hip": 0.0506538636982,
            "jaz": 0.140106871724,
            "pop": 0.10911527276,
            "rhy": 0.183366343379,
            "roc": 0.371835827827,
            "spe": 0.0398780666292
        },
        "probability": 0.371835827827,
        "value": "roc"
    },
    "genre_tzanetakis": {
        "all": {
            "blu": 0.0519577711821,
            "cla": 0.0346381738782,
            "cou": 0.103935204446,
            "dis": 0.0780208408833,
            "hip": 0.15609832108,
            "jaz": 0.312322646379,
            "met": 0.0445828437805,
            "pop": 0.0624094121158,
            "reg": 0.0780136138201,
            "roc": 0.0780211687088
        },
        "probability": 0.312322646379,
        "value": "jaz"
    },
    "ismir04_rhythm": {
        "all": {
            "ChaChaCha": 0.0921748429537,
            "Jive": 0.0501367300749,
            "Quickstep": 0.0864465609193,
            "Rumba-American": 0.00863530207425,
            "Rumba-International": 0.0196673050523,
            "Rumba-Misc": 0.00598716456443,
            "Samba": 0.0335478819907,
            "Tango": 0.633401811123,
            "VienneseWaltz": 0.0624477043748,
            "Waltz": 0.00755470106378
        },
        "probability": 0.633401811123,
        "value": "Tango"
    },
    "mood_acoustic": {
        "all": {
            "acoustic": 0.824493348598,
            "not_acoustic": 0.175506681204
        },
        "probability": 0.824493348598,
        "value": "acoustic"
    },
    "mood_aggressive": {
        "all": {
            "aggressive": 0.161274075508,
            "not_aggressive": 0.838725924492
        },
        "probability": 0.838725924492,
        "value": "not_aggressive"
    },
    "mood_electronic": {
        "all": {
            "electronic": 0.190659329295,
            "not_electronic": 0.809340655804
        },
        "probability": 0.809340655804,
        "value": "not_electronic"
    },
    "mood_happy": {
        "all": {
            "happy": 0.561538517475,
            "not_happy": 0.438461452723
        },
        "probability": 0.561538517475,
        "value": "happy"
    },
    "mood_party": {
        "all": {
            "not_party": 0.779734909534,
            "party": 0.220265075564
        },
        "probability": 0.779734909534,
        "value": "not_party"
    },
    "mood_relaxed": {
        "all": {
            "not_relaxed": 0.548162341118,
            "relaxed": 0.45183762908
        },
        "probability": 0.548162341118,
        "value": "not_relaxed"
    },
    "mood_sad": {
        "all": {
            "not_sad": 0.597388088703,
            "sad": 0.402611911297
        },
        "probability": 0.597388088703,
        "value": "not_sad"
    },
    "moods_mirex": {
        "all": {
            "Cluster1": 0.443781197071,
            "Cluster2": 0.242251783609,
            "Cluster3": 0.113071553409,
            "Cluster4": 0.143607094884,
            "Cluster5": 0.0572883784771
        },
        "probability": 0.443781197071,
        "value": "Cluster1"
    },
    "timbre": {
        "all": {
            "bright": 0.999988436699,
            "dark": 1.1570330571e-05
        },
        "probability": 0.999988436699,
        "value": "bright"
    },
    "tonal_atonal": {
        "all": {
            "atonal": 0.00102545483969,
            "tonal": 0.998974561691
        },
        "probability": 0.998974561691,
        "value": "tonal"
    },
    "voice_instrumental": {
        "all": {
            "instrumental": 0.411330908537,
            "voice": 0.588669121265
        },
        "probability": 0.588669121265,
        "value": "voice"
    }
},
"lowlevel": {
    "average_loudness": 0.97468328476,
    "barkbands_crest": {
        "dmean": 2.43431782722,
        "dmean2": 3.83927989006,
        "dvar": 5.01247692108,
        "dvar2": 12.2887067795,
        "max": 22.0050296783,
        "mean": 9.92036819458,
        "median": 9.37794685364,
        "min": 2.5508480072,
        "var": 16.0724964142
    },
    "barkbands_flatness_db": {
        "dmean": 0.0204624664038,
        "dmean2": 0.0298596322536,
        "dvar": 0.000367454515072,
        "dvar2": 0.000747694051825,
        "max": 0.374416828156,
        "mean": 0.165588900447,
        "median": 0.156862214208,
        "min": 0.0510504804552,
        "var": 0.00357835530303
    },
    "barkbands_kurtosis": {
        "dmean": 2.34965658188,
        "dmean2": 3.74508738518,
        "dvar": 17.6690979004,
        "dvar2": 43.5158233643,
        "max": 70.4032897949,
        "mean": 3.81274628639,
        "median": 0.706339359283,
        "min": -1.86432242393,
        "var": 60.5712051392
    },
    "barkbands_skewness": {
        "dmean": 0.460428565741,
        "dmean2": 0.695615172386,
        "dvar": 0.238438993692,
        "dvar2": 0.542030155659,
        "max": 7.01276159286,
        "mean": 1.43257558346,
        "median": 1.19702923298,
        "min": -1.05199325085,
        "var": 1.31021201611
    },
    "barkbands_spread": {
        "dmean": 4.86108255386,
        "dmean2": 6.94214820862,
        "dvar": 25.5705699921,
        "dvar2": 55.9774284363,
        "max": 75.3408889771,
        "mean": 22.9728145599,
        "median": 22.7426185608,
        "min": 1.36563289165,
        "var": 163.522155762
    },
    "dissonance": {
        "dmean": 0.0182379558682,
        "dmean2": 0.0297165587544,
        "dvar": 0.000259609543718,
        "dvar2": 0.000697522249538,
        "max": 0.498132258654,
        "mean": 0.456750065088,
        "median": 0.461340725422,
        "min": 0.328302621841,
        "var": 0.000751271902118
    },
    "dynamic_complexity": 2.80529069901,
    "erbbands_crest": {
        "dmean": 2.60951066017,
        "dmean2": 4.05584812164,
        "dvar": 6.85576868057,
        "dvar2": 15.4847202301,
        "max": 29.5249595642,
        "mean": 9.7605638504,
        "median": 8.43643283844,
        "min": 2.85321688652,
        "var": 23.5779190063
    },
    "erbbands_flatness_db": {
        "dmean": 0.0183527674526,
        "dmean2": 0.023659311235,
        "dvar": 0.000330649811076,
        "dvar2": 0.000524688977748,
        "max": 0.299267739058,
        "mean": 0.190034523606,
        "median": 0.192191451788,
        "min": 0.0807263702154,
        "var": 0.00194741936866
    },
    "erbbands_kurtosis": {
        "dmean": 0.74510204792,
        "dmean2": 1.12756741047,
        "dvar": 1.19904839993,
        "dvar2": 2.64029479027,
        "max": 14.0570430756,
        "mean": 0.00783817190677,
        "median": -0.558933734894,
        "min": -1.64397978783,
        "var": 2.82658910751
    },
    "erbbands_skewness": {
        "dmean": 0.344504803419,
        "dmean2": 0.497897416353,
        "dvar": 0.110106348991,
        "dvar2": 0.247361510992,
        "max": 3.54446864128,
        "mean": 0.284999608994,
        "median": 0.210141092539,
        "min": -2.56181025505,
        "var": 0.647392094135
    },
    "erbbands_spread": {
        "dmean": 7.70064258575,
        "dmean2": 11.2788381577,
        "dvar": 72.6848373413,
        "dvar2": 157.48916626,
        "max": 124.896316528,
        "mean": 39.9687728882,
        "median": 38.1381912231,
        "min": 8.7177772522,
        "var": 245.165557861
    },
    "hfc": {
        "dmean": 5.25955295563,
        "dmean2": 6.78945493698,
        "dvar": 39.2608947754,
        "dvar2": 64.2722396851,
        "max": 91.6126480103,
        "mean": 21.7340621948,
        "median": 19.261297226,
        "min": 0.428461879492,
        "var": 301.864746094
    },
    "melbands_crest": {
        "dmean": 3.09206938744,
        "dmean2": 4.89247846603,
        "dvar": 8.27969074249,
        "dvar2": 20.5912437439,
        "max": 29.4699039459,
        "mean": 13.8859043121,
        "median": 13.3223361969,
        "min": 3.58469796181,
        "var": 25.4465503693
    },
    "melbands_flatness_db": {
        "dmean": 0.0240906588733,
        "dmean2": 0.0346945971251,
        "dvar": 0.000564024609048,
        "dvar2": 0.00112755282316,
        "max": 0.485038429499,
        "mean": 0.204941704869,
        "median": 0.18610009551,
        "min": 0.0417922511697,
        "var": 0.00664542848244
    },
    "melbands_kurtosis": {
        "dmean": 5.61675262451,
        "dmean2": 8.97440814972,
        "dvar": 96.387840271,
        "dvar2": 236.22315979,
        "max": 211.554107666,
        "mean": 11.7411384583,
        "median": 5.70954227448,
        "min": -1.61161315441,
        "var": 282.327209473
    },
    "melbands_skewness": {
        "dmean": 0.620223045349,
        "dmean2": 0.954387128353,
        "dvar": 0.522370278835,
        "dvar2": 1.17977881432,
        "max": 11.2216796875,
        "mean": 2.46222758293,
        "median": 2.08868145943,
        "min": -0.162390172482,
        "var": 2.06811285019
    },
    "melbands_spread": {
        "dmean": 7.08092927933,
        "dmean2": 10.3259248734,
        "dvar": 77.1145019531,
        "dvar2": 172.676940918,
        "max": 140.043579102,
        "mean": 27.1415042877,
        "median": 24.3603572845,
        "min": 1.17112696171,
        "var": 355.891265869
    },
    "pitch_salience": {
        "dmean": 0.0676847696304,
        "dmean2": 0.108120851219,
        "dvar": 0.00364831346087,
        "dvar2": 0.00946673378348,
        "max": 0.879561185837,
        "mean": 0.549360334873,
        "median": 0.553212404251,
        "min": 0.231053560972,
        "var": 0.0116592394188
    },
    "silence_rate_20dB": {
        "dmean": 0,
        "dmean2": 0,
        "dvar": 0,
        "dvar2": 0,
        "max": 1,
        "mean": 1,
        "median": 1,
        "min": 1,
        "var": 0
    },
    "silence_rate_30dB": {
        "dmean": 0,
        "dmean2": 0,
        "dvar": 0,
        "dvar2": 0,
        "max": 1,
        "mean": 1,
        "median": 1,
        "min": 1,
        "var": 0
    },
    "silence_rate_60dB": {
        "dmean": 0.0263157896698,
        "dmean2": 0.0526723451912,
        "dvar": 0.0256231743842,
        "dvar2": 0.0560942292213,
        "max": 1,
        "mean": 0.0363495759666,
        "median": 0,
        "min": 0,
        "var": 0.035028539598
    },
    "spectral_centroid": {
        "dmean": 252.300888062,
        "dmean2": 356.850738525,
        "dvar": 67562.640625,
        "dvar2": 140414.109375,
        "max": 4132.80126953,
        "mean": 1468.47851562,
        "median": 1454.51635742,
        "min": 208.147628784,
        "var": 549126.3125
    },
    "spectral_complexity": {
        "dmean": 3.56811141968,
        "dmean2": 5.02091407776,
        "dvar": 16.6679344177,
        "dvar2": 29.0878562927,
        "max": 50,
        "mean": 18.3109054565,
        "median": 18,
        "min": 1,
        "var": 87.3944396973
    },
    "spectral_decrease": {
        "dmean": 1.72996184045e-09,
        "dmean2": 2.58171706236e-09,
        "dvar": 6.35824165163e-18,
        "dvar2": 1.53965460064e-17,
        "max": -2.55639148738e-10,
        "mean": -5.43634071093e-09,
        "median": -4.91374274603e-09,
        "min": -2.54479264328e-08,
        "var": 1.37933516924e-17
    },
    "spectral_energy": {
        "dmean": 0.00688961800188,
        "dmean2": 0.0101868975908,
        "dvar": 9.66912266449e-05,
        "dvar2": 0.000230769976042,
        "max": 0.0999099239707,
        "mean": 0.0224893447012,
        "median": 0.0205459780991,
        "min": 0.00100539904088,
        "var": 0.000228993230849
    },
    "spectral_energyband_high": {
        "dmean": 0.00048533451627,
        "dmean2": 0.000643138599116,
        "dvar": 4.83836402054e-07,
        "dvar2": 7.91817512891e-07,
        "max": 0.0118555668741,
        "mean": 0.00134214572608,
        "median": 0.000772235391196,
        "min": 1.11940408942e-07,
        "var": 2.63506626652e-06
    },
    "spectral_energyband_low": {
        "dmean": 0.0025490547996,
        "dmean2": 0.00430049886927,
        "dvar": 3.08401431539e-05,
        "dvar2": 8.41189394123e-05,
        "max": 0.0641208514571,
        "mean": 0.00488532846794,
        "median": 0.00286930194125,
        "min": 7.74497311795e-06,
        "var": 3.71913993149e-05
    },
    "spectral_energyband_middle_high": {
        "dmean": 0.00146096665412,
        "dmean2": 0.00198849802837,
        "dvar": 4.00171848014e-06,
        "dvar2": 7.21449714547e-06,
        "max": 0.0430293492973,
        "mean": 0.00532755022869,
        "median": 0.00414038868621,
        "min": 1.50535806824e-05,
        "var": 2.71095541393e-05
    },
    "spectral_energyband_middle_low": {
        "dmean": 0.00476552778855,
        "dmean2": 0.00706737162545,
        "dvar": 6.79396980559e-05,
        "dvar2": 0.000160551615409,
        "max": 0.0919711813331,
        "mean": 0.0124470060691,
        "median": 0.0091219516471,
        "min": 0.000675254210364,
        "var": 0.000134136673296
    },
    "spectral_entropy": {
        "dmean": 0.18240185082,
        "dmean2": 0.244129225612,
        "dvar": 0.0331519506872,
        "dvar2": 0.0604053251445,
        "max": 8.32785606384,
        "mean": 7.33685207367,
        "median": 7.41093254089,
        "min": 5.44955158234,
        "var": 0.250046938658
    },
    "spectral_flux": {
        "dmean": 0.023616835475,
        "dmean2": 0.0362663343549,
        "dvar": 0.000636823475361,
        "dvar2": 0.00142453378066,
        "max": 0.250304430723,
        "mean": 0.0753970220685,
        "median": 0.0695752203465,
        "min": 0.00556954788044,
        "var": 0.00165098020807
    },
    "spectral_kurtosis": {
        "dmean": 2.29784560204,
        "dmean2": 3.8387863636,
        "dvar": 12.8629140854,
        "dvar2": 30.1590633392,
        "max": 64.3373718262,
        "mean": 4.21327924728,
        "median": 2.6530380249,
        "min": -1.00149583817,
        "var": 39.162689209
    },
    "spectral_rms": {
        "dmean": 0.000683929189108,
        "dmean2": 0.000975480128545,
        "dvar": 6.37951359295e-07,
        "dvar2": 1.4024791426e-06,
        "max": 0.00987284630537,
        "mean": 0.0044119739905,
        "median": 0.00447714794427,
        "min": 0.000990392407402,
        "var": 2.47530010711e-06
    },
    "spectral_rolloff": {
        "dmean": 471.748077393,
        "dmean2": 759.05090332,
        "dvar": 492495.8125,
        "dvar2": 1040160.8125,
        "max": 7644.28710938,
        "mean": 1757.44433594,
        "median": 1485.79101562,
        "min": 129.19921875,
        "var": 1842252
    },
    "spectral_skewness": {
        "dmean": 0.296408385038,
        "dmean2": 0.456183046103,
        "dvar": 0.111347608268,
        "dvar2": 0.241553723812,
        "max": 6.22891807556,
        "mean": 1.25016772747,
        "median": 1.12353289127,
        "min": -0.489800542593,
        "var": 0.580731093884
    },
    "spectral_spread": {
        "dmean": 442651.1875,
        "dmean2": 624917.5,
        "dvar": 247567384576,
        "dvar2": 474371096576,
        "max": 8032288,
        "mean": 3811352.25,
        "median": 3725137.25,
        "min": 1192322.375,
        "var": 991190777856
    },
    "spectral_strongpeak": {
        "dmean": 0.658389747143,
        "dmean2": 1.0594009161,
        "dvar": 1.41307735443,
        "dvar2": 3.25180864334,
        "max": 12.4192714691,
        "mean": 1.33718788624,
        "median": 0.591832399368,
        "min": 0.04010393098,
        "var": 2.67864561081
    },
    "zerocrossingrate": {
        "dmean": 0.00864923000336,
        "dmean2": 0.0097209950909,
        "dvar": 8.52290759212e-05,
        "dvar2": 0.000101963290945,
        "max": 0.21826171875,
        "mean": 0.0589117184281,
        "median": 0.0576171875,
        "min": 0.00634765625,
        "var": 0.000937071221415
    },
    "barkbands": {
        "dmean": [0.000155540124979, 0.00113264797255, 0.000984251848422, 0.00192175677512, 0.00183039274998, 0.000353687792085, 0.00032697757706, 0.00165333098266, 0.000596400757786, 0.000414107984398, 0.000272403325653, 0.000308048620354, 0.000384736689739, 0.000194524604012, 0.000249347824138, 0.000209387129871, 0.000356766657205, 0.000295222183922, 8.84323890205e-05, 0.000209136429476, 0.000229388897424, 0.000157843460329, 5.72977442062e-05, 1.93522646441e-05, 1.42140552271e-05, 1.00797024061e-05, 1.05858921629e-08],
        "dmean2": [0.000282228051219, 0.00190072890837, 0.00169582187664, 0.00314549636096, 0.00293338578194, 0.000541803019587, 0.000489336380269, 0.00229417462833, 0.000810753263067, 0.000617446319666, 0.000392581481719, 0.000452769570984, 0.000552152399905, 0.000298060680507, 0.000367300730431, 0.000298203201964, 0.000553442747332, 0.000425851496402, 0.000135486290674, 0.000288163078949, 0.000319250131724, 0.000226534568355, 8.22287547635e-05, 2.79004671029e-05, 1.99536298169e-05, 1.36526132337e-05, 1.90606623818e-08],
        "dvar": [2.20219249059e-07, 8.97097652341e-06, 7.07026356395e-06, 2.85506503133e-05, 1.34759757202e-05, 3.0640697446e-07, 4.828897886e-07, 1.13793003038e-05, 2.50247785516e-06, 1.72582133473e-06, 3.65917372847e-07, 3.41415102412e-07, 8.60356806243e-07, 1.13231720889e-07, 3.04315335597e-07, 1.92958054868e-07, 4.86122701204e-07, 2.86333687427e-07, 2.17661320079e-08, 1.63378672369e-07, 1.5266130049e-07, 8.81606538883e-08, 1.46911647292e-08, 1.79912840181e-09, 1.24954324665e-09, 7.39363292812e-10, 2.02099033072e-15],
        "dvar2": [6.53729102851e-07, 2.38781194639e-05, 2.05372780329e-05, 7.43104174035e-05, 3.38687023032e-05, 7.00819668964e-07, 1.07283983652e-06, 2.10328744288e-05, 4.39599352831e-06, 3.68963605979e-06, 7.00218265592e-07, 7.13244105555e-07, 1.56904354753e-06, 2.51255272588e-07, 5.33479635578e-07, 3.3694556123e-07, 9.89479644886e-07, 5.24848019268e-07, 4.63387017646e-08, 2.92478404162e-07, 2.61805865875e-07, 1.62426346151e-07, 2.81870562446e-08, 3.89370047316e-09, 2.5320265884e-09, 1.45716883004e-09, 5.38974857041e-15],
        "max": [0.00404329970479, 0.03144678846, 0.0423449575901, 0.0650209784508, 0.0445104129612, 0.00647625047714, 0.0138343404979, 0.0493351817131, 0.0313101634383, 0.03455555439, 0.0113590722904, 0.010372646153, 0.0176426824182, 0.00443117972463, 0.0175577811897, 0.00678563117981, 0.0116351367906, 0.0116360886022, 0.00252165645361, 0.00705843232572, 0.00628526229411, 0.00761125609279, 0.00280391192064, 0.00057770422427, 0.000681924633682, 0.000564615533222, 5.78321078137e-07],
        "mean": [0.000123010104289, 0.00171431351919, 0.00165216031019, 0.00285927136429, 0.00321191130206, 0.000750511651859, 0.000602455926128, 0.00383735098876, 0.00094448402524, 0.000849978940096, 0.000489619909786, 0.000587114947848, 0.000633254938293, 0.000350204820279, 0.000460269744508, 0.000416132970713, 0.000724995334167, 0.000643630104605, 0.000175376277184, 0.000456293317256, 0.000501420348883, 0.000341146776918, 0.000101214667666, 3.03462293232e-05, 2.07195425901e-05, 1.21831890283e-05, 7.65125740543e-09],
        "median": [9.95535629045e-06, 0.000432816101238, 0.000696540693752, 0.00146613724064, 0.00200796080753, 0.000401127006626, 0.00022493187862, 0.000719051226042, 0.000197180444957, 0.00023838042398, 0.000133991969051, 0.00018322080723, 0.000171205421793, 0.000171515537659, 0.000223449605983, 0.000141700758832, 0.000334980606567, 0.000251311110333, 8.61294101924e-05, 0.000140293210279, 0.000203906733077, 0.000160776515258, 3.98156080337e-05, 6.47189972369e-06, 1.56356702519e-06, 3.6893280253e-07, 3.38870376204e-10],
        "min": [8.72946586128e-08, 2.64471850642e-07, 3.24789397155e-07, 5.3712560657e-06, 2.77339895547e-05, 7.20841899238e-06, 3.89665592593e-06, 1.73907187673e-06, 1.72532008946e-06, 7.07043454895e-07, 1.87981612498e-07, 8.85091765213e-07, 8.86762734353e-07, 1.18281445793e-06, 2.31396114714e-07, 2.57694267702e-07, 2.06224058275e-07, 1.50077070771e-07, 6.67592985337e-08, 7.23828676996e-08, 1.74972729639e-08, 1.29412924821e-08, 9.81104886222e-09, 1.13738654051e-08, 5.00213169496e-11, 5.23785789047e-12, 5.00781360824e-12],
        "var": [1.56069020818e-07, 1.17062900244e-05, 7.73584451963e-06, 2.68079002126e-05, 1.65119199664e-05, 9.28951692458e-07, 1.25965641473e-06, 4.89687809022e-05, 6.03171611147e-06, 4.43111230197e-06, 9.96594280878e-07, 1.48658023136e-06, 1.98311772692e-06, 2.75558193152e-07, 9.53245319124e-07, 6.07001481967e-07, 1.56990893174e-06, 1.19801313758e-06, 6.78286724565e-08, 6.83635505538e-07, 5.81921426601e-07, 2.81966833882e-07, 3.9483484926e-08, 3.47668582812e-09, 2.48128850799e-09, 1.13607911967e-09, 1.38075793644e-15]
    },
    "erbbands": {
        "dmean": [0.0404099076986, 0.271431744099, 0.937025427818, 3.64670705795, 6.81975030899, 6.43037605286, 5.47065067291, 2.32620501518, 2.92650318146, 12.7828950882, 38.9385414124, 12.8868484497, 11.0366277695, 11.8660993576, 10.2658777237, 13.3534374237, 15.4332885742, 11.7121305466, 14.0471897125, 9.95013904572, 9.70626544952, 15.774471283, 17.0848693848, 5.61273241043, 4.40727567673, 8.9864025116, 10.276058197, 8.11508083344, 6.01220417023, 2.86790394783, 1.42375123501, 0.560081720352, 0.304531693459, 0.182423830032, 0.0891217365861, 0.0510708354414, 0.0188924130052, 0.00157461629715, 3.22836931446e-05, 9.08975925995e-06],
        "dmean2": [0.0665896162391, 0.487003326416, 1.64020061493, 6.01650571823, 10.4684734344, 10.5087213516, 8.62653446198, 3.6247677803, 4.50879716873, 18.7169017792, 53.5597114563, 17.6029415131, 16.3381767273, 17.6073360443, 14.7968111038, 20.0116500854, 22.9318618774, 16.9403133392, 20.7199382782, 14.6144313812, 14.1905450821, 23.7893314362, 24.4074821472, 8.31868267059, 6.50398254395, 12.2686700821, 13.9706869125, 11.1996631622, 8.70066261292, 4.10747623444, 2.08993458748, 0.806865096092, 0.449343800545, 0.252901673317, 0.126282915473, 0.069958075881, 0.0264387838542, 0.00230173207819, 4.6286291763e-05, 1.29102736537e-05],
        "dvar": [0.0104968883097, 0.564065396786, 7.28813505173, 61.2170143127, 426.131713867, 131.838928223, 55.7010612488, 19.0797901154, 33.0105857849, 617.377685547, 7935.92626953, 1034.27978516, 801.162902832, 2243.71191406, 315.868408203, 613.976928711, 1384.62609863, 453.242401123, 1136.71020508, 275.412017822, 319.716400146, 792.377441406, 850.017700195, 72.1780929565, 65.2166824341, 354.467346191, 305.294219971, 269.228302002, 121.714141846, 30.7153663635, 10.7946653366, 1.83168756962, 0.55232322216, 0.18385823071, 0.0566265285015, 0.016785049811, 0.00288186990656, 2.4232762371e-05, 8.3710354204e-09, 1.74243147688e-10],
        "dvar2": [0.0260154344141, 1.68076372147, 21.369802475, 162.116424561, 1027.07714844, 359.369781494, 149.183670044, 44.4371299744, 72.2772064209, 1312.3927002, 14489.9121094, 1975.79101562, 1818.46789551, 4564.13378906, 652.548461914, 1374.36743164, 2543.078125, 935.493225098, 2041.82275391, 510.712249756, 652.425354004, 1555.59289551, 1656.35888672, 152.913742065, 136.874130249, 592.144287109, 538.036865234, 474.503326416, 237.198196411, 57.9200553894, 23.1789245605, 3.92820310593, 1.29116654396, 0.370425254107, 0.124106220901, 0.0296381916851, 0.00617425469682, 5.79874722462e-05, 1.9483492153e-08, 3.92893162449e-10],
        "max": [0.813819766045, 8.19942378998, 37.7686691284, 96.3931427002, 228.252380371, 158.045562744, 94.4059906006, 76.2155151367, 109.162277222, 418.057159424, 1339.07983398, 611.471557617, 468.499237061, 1307.85351562, 367.709594727, 491.677001953, 629.111755371, 284.694030762, 1073.20141602, 258.350280762, 326.819519043, 505.441680908, 522.124206543, 115.793991089, 184.115264893, 420.472106934, 359.232940674, 315.188110352, 257.467926025, 92.7619628906, 80.6708145142, 25.8651027679, 12.616815567, 8.60287857056, 4.6126408577, 2.60368323326, 1.10726094246, 0.0988520532846, 0.00191461096983, 0.000163989097928],
        "mean": [0.0582318045199, 0.361924797297, 1.44046938419, 6.52877569199, 9.63795089722, 10.8919773102, 11.0925741196, 4.79122972488, 5.6405172348, 29.4469108582, 90.2719116211, 23.9553356171, 23.1195163727, 27.2129020691, 21.355588913, 26.8715229034, 27.895116806, 22.7550201416, 26.7742977142, 22.3573188782, 21.4909915924, 37.4489707947, 42.5176696777, 12.9033784866, 9.54260253906, 21.024520874, 24.0762500763, 17.9197006226, 13.3242034912, 6.18379449844, 2.36384987831, 0.870255470276, 0.458593726158, 0.273891955614, 0.117465153337, 0.0625445470214, 0.022032648325, 0.00175953574944, 4.84857555421e-05, 2.98828290397e-05],
        "median": [0.00783880706877, 0.133942261338, 0.732176363468, 3.79874897003, 4.26832962036, 5.97333335876, 6.59012746811, 2.83771085739, 3.39441585541, 10.4587059021, 13.470790863, 8.53046894073, 8.04448318481, 7.22189188004, 7.40573596954, 9.23690795898, 9.33498764038, 10.5278263092, 13.2695264816, 10.7152471542, 11.3133897781, 17.6508388519, 17.5838451385, 7.54686594009, 4.75267887115, 6.72629594803, 10.6442270279, 6.80641937256, 6.04800319672, 3.11266732216, 0.892886996269, 0.225945308805, 0.0742962956429, 0.024345388636, 0.00775560038164, 0.00237486697733, 0.000593813485466, 4.84729389427e-05, 1.81627492566e-05, 2.74432331935e-05],
        "min": [1.87114292203e-05, 0.000115968861792, 0.00105974334292, 0.0180024895817, 0.0755943953991, 0.154456749558, 0.13026446104, 0.102136127651, 0.0909971296787, 0.107239410281, 0.0535775050521, 0.058599986136, 0.0302538760006, 0.034062217921, 0.043146379292, 0.0602548383176, 0.0506077408791, 0.0729595646262, 0.0434994101524, 0.0155864376575, 0.0142781902105, 0.0175266899168, 0.00832997448742, 0.00838746968657, 0.00417378544807, 0.0032724167686, 0.00107100815512, 0.000646990141831, 0.000436852191342, 0.000359860801836, 0.000292568089208, 0.000201715272851, 0.000191069921129, 2.42952064582e-05, 2.80254971585e-06, 1.71756494183e-06, 1.03764296e-06, 1.01876032943e-07, 5.1522835065e-07, 1.13520763989e-06],
        "var": [0.0171039346606, 0.493853479624, 5.95391702652, 73.1904907227, 424.089904785, 179.140762329, 149.446243286, 34.1868438721, 64.1585693359, 2762.19775391, 33147.125, 2503.36157227, 2120.81396484, 7402.41894531, 1320.40161133, 2751.33007812, 3255.81396484, 1191.7644043, 3453.71606445, 1189.39990234, 1034.85998535, 3537.8815918, 4691.61425781, 260.963623047, 203.991271973, 1596.01086426, 1299.84277344, 1061.30773926, 402.550872803, 85.340461731, 26.0656337738, 3.41500473022, 0.887748479843, 0.398937672377, 0.0974425897002, 0.0290073622018, 0.00392758008093, 2.74764643109e-05, 1.04147659385e-08, 4.37687330823e-10]
    },
    "gfcc": {
        "mean": [-23.8274669647, 114.88860321, -142.779724121, 47.0155029297, -63.8580093384, 2.65869212151, -29.5009155273, -9.20329189301, -17.2362194061, -6.91677713394, -22.9666633606, -5.89446973801, -12.6238965988],
        "cov": [[5539.65527344, -2438.17138672, -858.152893066, -34.4287567139, -507.650970459, 218.497390747, -166.056015015, 620.135131836, -332.385559082, 333.806152344, -508.338897705, 169.242248535, -270.568511963], [-2438.17138672, 1831.20922852, 315.24911499, 100.099967957, 445.066650391, -172.163986206, 323.942687988, -286.458496094, 333.109832764, -202.126602173, 274.900390625, -169.062088013, 161.427322388], [-858.152893066, 315.24911499, 776.500854492, 6.49189043045, 221.793731689, 181.814559937, -102.700294495, -1.47441279888, -77.9169616699, -24.8280353546, 72.9135131836, 38.140422821, 11.4640188217], [-34.4287567139, 100.099967957, 6.49189043045, 446.563232422, 3.13946437836, -52.7640228271, 90.1198654175, -52.1848945618, 204.841842651, -65.1073379517, -18.0601882935, -27.2801036835, 58.2575569153], [-507.650970459, 445.066650391, 221.793731689, 3.13946437836, 375.373748779, 6.79036474228, 14.4917411804, 24.4045982361, 6.45308351517, 2.13857507706, 61.5261039734, -1.26624822617, 38.9622688293], [218.497390747, -172.163986206, 181.814559937, -52.7640228271, 6.79036474228, 321.377349854, 1.07428872585, 56.6572952271, -108.259361267, 27.5065250397, 59.3967132568, 54.1479225159, 7.71691274643], [-166.056015015, 323.942687988, -102.700294495, 90.1198654175, 14.4917411804, 1.07428872585, 302.418304443, -58.3092002869, 102.462966919, -21.4288387299, 37.1741943359, -33.1065597534, 26.8516025543], [620.135131836, -286.458496094, -1.47441279888, -52.1848945618, 24.4045982361, 56.6572952271, -58.3092002869, 229.526245117, -25.965669632, 67.7874221802, -58.4794578552, 22.6103458405, -17.0784130096], [-332.385559082, 333.109832764, -77.9169616699, 204.841842651, 6.45308351517, -108.259361267, 102.462966919, -25.965669632, 322.789154053, -39.3998756409, 1.58558773994, -61.0181770325, 45.5472183228], [333.806152344, -202.126602173, -24.8280353546, -65.1073379517, 2.13857507706, 27.5065250397, -21.4288387299, 67.7874221802, -39.3998756409, 125.109825134, -18.2593955994, 27.860874176, -24.8181381226], [-508.338897705, 274.900390625, 72.9135131836, -18.0601882935, 61.5261039734, 59.3967132568, 37.1741943359, -58.4794578552, 1.58558773994, -18.2593955994, 168.053375244, 6.32978534698, 46.9088096619], [169.242248535, -169.062088013, 38.140422821, -27.2801036835, -1.26624822617, 54.1479225159, -33.1065597534, 22.6103458405, -61.0181770325, 27.860874176, 6.32978534698, 130.571502686, 8.79200458527], [-270.568511963, 161.427322388, 11.4640188217, 58.2575569153, 38.9622688293, 7.71691274643, 26.8516025543, -17.0784130096, 45.5472183228, -24.8181381226, 46.9088096619, 8.79200458527, 113.2265625]],
        "icov": [[0.000865936104674, 0.000154350607772, 0.000975914939772, -0.000805715681054, 0.000211823135032, -0.000799215980805, -1.32415925691e-06, -0.00145430373959, 0.000789237907156, -0.000607884314377, 0.00121782172937, -0.000419125310145, 0.00100477051456], [0.000154350607772, 0.00700690038502, -0.00266113574617, 0.00396520318463, -0.00547348801047, 0.00338871916756, -0.00509700831026, 0.00371167971753, -0.00524326646701, 0.00504984334111, -0.00489352131262, 0.00399865955114, -0.00303762662224], [0.000975914939772, -0.00266113574617, 0.004409795627, -0.00288898288272, 0.00111441733316, -0.00369970640168, 0.00306299305521, -0.0027237618342, 0.00306086079217, -0.00218752142973, 0.00334338913672, -0.00227435608394, 0.00297816260718], [-0.000805715681054, 0.00396520318463, -0.00288898288272, 0.00680838292465, -0.00337545038201, 0.00255616754293, -0.00341057195328, 0.00426025409251, -0.00601629773155, 0.00450858799741, -0.00280541251414, 0.00237892777659, -0.00396446930245], [0.000211823135032, -0.00547348801047, 0.00111441733316, -0.00337545038201, 0.00826797820628, -0.00173809798434, 0.00328611303121, -0.00466243783012, 0.00470415176824, -0.00465952092782, 0.00305202719755, -0.00302611407824, 0.00178137596231], [-0.000799215980805, 0.00338871916756, -0.00369970640168, 0.00255616754293, -0.00173809798434, 0.00783729366958, -0.00382501073182, 0.00133982184343, -0.00176485138945, 0.00278378580697, -0.00583570636809, 0.00162876304239, -0.0028972751461], [-1.32415925691e-06, -0.00509700831026, 0.00306299305521, -0.00341057195328, 0.00328611303121, -0.00382501073182, 0.00824822578579, -0.00168961950112, 0.00276355701499, -0.00390387885273, 0.00332571938634, -0.00240608653985, 0.00246897619218], [-0.00145430373959, 0.00371167971753, -0.0027237618342, 0.00426025409251, -0.00466243783012, 0.00133982184343, -0.00168961950112, 0.0114831011742, -0.00540113123134, 0.00140218262095, -0.00203411909752, 0.00289951288141, -0.00393978599459], [0.000789237907156, -0.00524326646701, 0.00306086079217, -0.00601629773155, 0.00470415176824, -0.00176485138945, 0.00276355701499, -0.00540113123134, 0.0106035228819, -0.00453245965764, 0.00423541245982, -0.00198863307014, 0.0023192288354], [-0.000607884314377, 0.00504984334111, -0.00218752142973, 0.00450858799741, -0.00465952092782, 0.00278378580697, -0.00390387885273, 0.00140218262095, -0.00453245965764, 0.0150458924472, -0.00461197365075, 0.00145636079833, -0.00128073315136], [0.00121782172937, -0.00489352131262, 0.00334338913672, -0.00280541251414, 0.00305202719755, -0.00583570636809, 0.00332571938634, -0.00203411909752, 0.00423541245982, -0.00461197365075, 0.0147939603776, -0.00363190774806, 0.00068210309837], [-0.000419125310145, 0.00399865955114, -0.00227435608394, 0.00237892777659, -0.00302611407824, 0.00162876304239, -0.00240608653985, 0.00289951288141, -0.00198863307014, 0.00145636079833, -0.00363190774806, 0.0119331404567, -0.00406068656594], [0.00100477051456, -0.00303762662224, 0.00297816260718, -0.00396446930245, 0.00178137596231, -0.0028972751461, 0.00246897619218, -0.00393978599459, 0.0023192288354, -0.00128073315136, 0.00068210309837, -0.00406068656594, 0.0145256482065]]
    },
    "melbands": {
        "dmean": [0.000317128578899, 0.000438144605141, 0.00077418924775, 0.00041028985288, 0.000228013028391, 5.47517265659e-05, 4.96507745993e-05, 0.00018380858819, 0.000300796265947, 7.11984321242e-05, 5.62062268727e-05, 5.03985174873e-05, 3.65504638467e-05, 3.2884079701e-05, 3.51449853042e-05, 3.86346182495e-05, 2.04279349418e-05, 2.34575491049e-05, 1.47956034198e-05, 1.73061198439e-05, 1.24251582747e-05, 1.60702875291e-05, 2.51585315709e-05, 1.14502399811e-05, 4.58667227576e-06, 3.72121075998e-06, 3.76832144866e-06, 7.40117138776e-06, 7.63828302297e-06, 5.9190497268e-06, 4.78080119137e-06, 3.87222644349e-06, 2.64419418272e-06, 1.38313680509e-06, 9.39883136652e-07, 5.74963962663e-07, 2.77920008784e-07, 2.29325678447e-07, 1.90010212009e-07, 1.46852883631e-07],
        "dmean2": [0.000519957975484, 0.000782017013989, 0.00125128624495, 0.000647322973236, 0.000366145512089, 8.51625518408e-05, 7.51707630116e-05, 0.000261683715507, 0.000410087144701, 9.82051642495e-05, 8.33752274048e-05, 7.49455430196e-05, 5.30920769961e-05, 4.95607418998e-05, 5.38415297342e-05, 5.49563810637e-05, 3.04889272229e-05, 3.46986707882e-05, 2.2052323402e-05, 2.42678888753e-05, 1.90444370674e-05, 2.41605193878e-05, 3.71117457689e-05, 1.63547247212e-05, 7.1500244303e-06, 5.54046164325e-06, 5.62843251828e-06, 1.01466221167e-05, 1.08168496809e-05, 8.31459510664e-06, 6.76777608533e-06, 5.6670360209e-06, 3.99543932872e-06, 2.02162709684e-06, 1.44451291817e-06, 8.48452202717e-07, 4.09440929161e-07, 3.46644640103e-07, 2.75295036545e-07, 2.02520865855e-07],
        "dvar": [6.44666499738e-07, 1.61445530011e-06, 3.98636620957e-06, 8.87247779247e-07, 1.06043458459e-07, 9.25621179704e-09, 9.11455710906e-09, 1.11136252201e-07, 4.80644416712e-07, 3.42599015823e-08, 2.07218686654e-08, 4.1955683372e-08, 4.46487868899e-09, 4.11382883314e-09, 6.49712905698e-09, 1.13839417892e-08, 1.17427423341e-09, 3.01058156182e-09, 7.26361470971e-10, 1.52152290767e-09, 5.00897323619e-10, 9.68753077757e-10, 2.67374122842e-09, 3.98574923066e-10, 5.35783500899e-11, 4.49730010177e-11, 6.05802422116e-11, 2.77695810791e-10, 1.9313228794e-10, 1.13744583197e-10, 1.06756957441e-10, 6.26292143147e-11, 2.3450809003e-11, 8.52443549776e-12, 4.86945900269e-12, 3.64672181341e-12, 3.46052125757e-13, 3.3850775915e-13, 2.11732243066e-13, 1.28220527186e-13],
        "dvar2": [1.58122827543e-06, 4.78683887195e-06, 1.02054673334e-05, 2.13142493521e-06, 2.95697816455e-07, 2.15274287285e-08, 1.92561859791e-08, 2.16916731688e-07, 8.73667147516e-07, 6.64198935851e-08, 4.75269175126e-08, 8.68700666956e-08, 9.16064202272e-09, 7.88478526914e-09, 1.42903298084e-08, 2.10775503717e-08, 2.51113263516e-09, 5.58010748719e-09, 1.44483669473e-09, 2.56959808986e-09, 1.11403442027e-09, 1.84327264563e-09, 5.15848119775e-09, 7.03063607332e-10, 1.21353704863e-10, 9.70838895387e-11, 1.17810705635e-10, 4.65387423043e-10, 3.69958813584e-10, 1.98032673593e-10, 1.88898952036e-10, 1.15085246888e-10, 5.20988217845e-11, 1.58654790694e-11, 1.17450797352e-11, 7.82556658363e-12, 7.5340189816e-13, 8.00587081438e-13, 4.93693410805e-13, 2.51520077552e-13],
        "max": [0.00704186502844, 0.0155556499958, 0.0233308058232, 0.0105639323592, 0.00347464974038, 0.00153687212151, 0.00159151258413, 0.00531309749931, 0.0102823097259, 0.00341440457851, 0.00231815082952, 0.00575695652515, 0.00119412725326, 0.00159443367738, 0.00163252127822, 0.002363455249, 0.000454910274129, 0.00159289129078, 0.000657919445075, 0.000570176285692, 0.000408176652854, 0.000745912315324, 0.00128386961296, 0.00041325003258, 0.000108058418846, 0.000114679489343, 0.00014794364688, 0.000385842955438, 0.000278821593383, 0.000187851052033, 0.000203971139854, 0.000217119275476, 8.70864096214e-05, 5.29900898982e-05, 4.85693526571e-05, 5.09050078108e-05, 7.71223403717e-06, 9.15077180252e-06, 7.17195325706e-06, 8.24181188364e-06],
        "mean": [0.00049662735546, 0.000667039712425, 0.00126972829457, 0.000676684256177, 0.000445712619694, 0.000112040041131, 9.22454491956e-05, 0.000412179622799, 0.000680530501995, 0.000119434662338, 0.000113277397759, 0.000110763350676, 6.99072697898e-05, 6.63186656311e-05, 6.29756177659e-05, 6.39615318505e-05, 3.73616567231e-05, 4.20240248786e-05, 2.88053615805e-05, 3.36332232109e-05, 2.40764202317e-05, 3.44534164469e-05, 5.42059351574e-05, 2.56499115494e-05, 8.36453273223e-06, 6.79065124132e-06, 7.59861859478e-06, 1.61266616487e-05, 1.65786350408e-05, 1.20334789244e-05, 9.69224765868e-06, 8.03707189334e-06, 5.4097249631e-06, 2.70910800282e-06, 1.41123973663e-06, 8.46463706239e-07, 3.99566545184e-07, 3.28036691144e-07, 2.76097495089e-07, 2.13708304386e-07],
        "median": [0.00010546829435, 0.00036321033258, 0.000748691731133, 0.000385453051422, 0.000273147044936, 6.22355073574e-05, 5.03055562149e-05, 0.000129693420604, 9.45999854594e-05, 3.39355319738e-05, 3.3015399822e-05, 2.49405929935e-05, 2.11675760511e-05, 2.15496620513e-05, 2.18440054596e-05, 1.82450403372e-05, 1.69906870724e-05, 2.04420139198e-05, 1.56749320013e-05, 1.01226823972e-05, 1.22081983136e-05, 1.65238870977e-05, 2.0552704882e-05, 9.74981685431e-06, 4.37620019511e-06, 3.03894830722e-06, 2.84773909698e-06, 3.9379028749e-06, 5.78618301006e-06, 4.18174022343e-06, 2.99012094729e-06, 3.17876583722e-06, 2.54033807323e-06, 1.18827824735e-06, 5.15237843501e-07, 2.09664932527e-07, 9.12071058679e-08, 5.29880601619e-08, 2.45675000343e-08, 1.62047282259e-08],
        "min": [1.30492267658e-07, 2.38858063994e-07, 2.14938131649e-06, 8.44660280563e-06, 3.85291968996e-06, 1.83003555776e-06, 1.09362690637e-06, 9.53537721671e-07, 1.99147976332e-07, 2.97874606758e-07, 1.31970665507e-07, 1.03835873233e-07, 2.84175811771e-08, 8.93898430832e-08, 1.45411604535e-07, 8.68625349426e-08, 9.3201364848e-08, 6.42788648975e-08, 1.28791333154e-08, 3.01759257582e-08, 1.40629969891e-08, 1.22591705676e-08, 8.03575073149e-09, 7.68370611581e-09, 5.34644639671e-09, 2.53989318466e-09, 1.96512672801e-09, 1.81030035407e-09, 7.87483134257e-10, 2.78439132861e-10, 3.2666352956e-10, 1.98471614143e-10, 2.04303643447e-10, 1.8342966035e-10, 1.47573619991e-10, 7.05025759995e-11, 1.40779499169e-10, 1.1473969691e-10, 1.54555587079e-11, 7.08571764631e-13],
