{
"highlevel": {
    "danceability": {
        "all": {
            "danceable": 0.0955633297563,
            "not_danceable": 0.904436647892
        },
        "probability": 0.904436647892,
        "value": "not_danceable"
    },
    "gender": {
        "all": {
            "female": 0.780316352844,
            "male": 0.219683632255
        },
        "probability": 0.780316352844,
        "value": "female"
    },
    "genre_dortmund": {
        "all": {
            "alternative": 0.0573030374944,
            "blues": 0.0345126315951,
            "electronic": 0.0210495963693,
            "folkcountry": 0.13518127799,
            "funksoulrnb": 0.0299457237124,
            "jazz": 0.0161205641925,
            "pop": 0.0717486664653,
            "raphiphop": 0.223403975368,
            "rock": 0.410734504461
        },
        "probability": 0.410734504461,
        "value": "rock"
    },
    "genre_electronic": {
        "all": {
            "ambient": 0.327862262726,
            "dnb": 0.176518246531,
            "house": 0.281494528055,
            "techno": 0.0212489701807,
            "trance": 0.192875996232
        },
        "probability": 0.327862262726,
        "value": "ambient"
    },
    "genre_rosamerica": {
        "all": {
            "cla": 0.00303074717522,
            "dan": 0.0383701361716,
            "hip": 0.175993531942,
            "jaz": 0.0043738540262,
            "pop": 0.263503998518,
            "rhy": 0.491832762957,
            "roc": 0.0213978569955,
            "spe": 0.00149711943232
        },
        "probability": 0.491832762957,
        "value": "rhy"
    },
    "genre_tzanetakis": {
        "all": {
            "blu": 0.0610442385077,
            "cla": 0.0339068844914,
            "cou": 0.0610288381577,
            "dis": 0.0508533753455,
            "hip": 0.152552962303,
            "jaz": 0.15253444016,
            "met": 0.0610075257719,
            "pop": 0.0610079243779,
            "reg": 0.0610093250871,
            "roc": 0.305054485798
        },
        "probability": 0.305054485798,
        "value": "roc"
    },
    "ismir04_rhythm": {
        "all": {
            "ChaChaCha": 0.10874851048,
            "Jive": 0.215914070606,
            "Quickstep": 0.09051451087,
            "Rumba-American": 0.0113849136978,
            "Rumba-International": 0.0245164502412,
            "Rumba-Misc": 0.00757956877351,
            "Samba": 0.49947142601,
            "Tango": 0.00913061760366,
            "VienneseWaltz": 0.028999235481,
            "Waltz": 0.00374070531689
        },
        "probability": 0.49947142601,
        "value": "Samba"
    },
    "mood_acoustic": {
        "all": {
            "acoustic": 0.239468604326,
            "not_acoustic": 0.760531425476
        },
        "probability": 0.760531425476,
        "value": "not_acoustic"
    },
    "mood_aggressive": {
        "all": {
            "aggressive": 0.391970574856,
            "not_aggressive": 0.608029425144
        },
        "probability": 0.608029425144,
        "value": "not_aggressive"
    },
    "mood_electronic": {
        "all": {
            "electronic": 0.27258720994,
            "not_electronic": 0.727412760258
        },
        "probability": 0.727412760258,
        "value": "not_electronic"
    },
    "mood_happy": {
        "all": {
            "happy": 0.346676707268,
            "not_happy": 0.653323292732
        },
        "probability": 0.653323292732,
        "value": "not_happy"
    },
    "mood_party": {
        "all": {
            "not_party": 0.766681611538,
            "party": 0.233318403363
        },
        "probability": 0.766681611538,
        "value": "not_party"
    },
    "mood_relaxed": {
        "all": {
            "not_relaxed": 0.181917116046,
            "relaxed": 0.818082869053
        },
        "probability": 0.818082869053,
        "value": "relaxed"
    },
    "mood_sad": {
        "all": {
            "not_sad": 0.846819877625,
            "sad": 0.153180107474
        },
        "probability": 0.846819877625,
        "value": "not_sad"
    },
    "moods_mirex": {
        "all": {
            "Cluster1": 0.155814707279,
            "Cluster2": 0.177216172218,
            "Cluster3": 0.213953018188,
            "Cluster4": 0.133911937475,
            "Cluster5": 0.319104164839
        },
        "probability": 0.319104164839,
        "value": "Cluster5"
    },
    "timbre": {
        "all": {
            "bright": 0.928482472897,
            "dark": 0.0715175047517
        },
        "probability": 0.928482472897,
        "value": "bright"
    },
    "tonal_atonal": {
        "all": {
            "atonal": 0.365478873253,
            "tonal": 0.634521126747
        },
        "probability": 0.634521126747,
        "value": "tonal"
    },
    "voice_instrumental": {
        "all": {
            "instrumental": 1.09307957246e-05,
            "voice": 0.99998909235
        },
        "probability": 0.99998909235,
        "value": "voice"
    }
},
"lowlevel": {
    "average_loudness": 0.967589795589,
    "barkbands_crest": {
        "dmean": 3.05160164833,
        "dmean2": 5.01914215088,
        "dvar": 7.34042644501,
        "dvar2": 19.9173278809,
        "max": 23.7314109802,
        "mean": 9.35480880737,
        "median": 8.48600769043,
        "min": 2.50785303116,
        "var": 16.420627594
    },
    "barkbands_flatness_db": {
        "dmean": 0.0236071366817,
        "dmean2": 0.0354983843863,
        "dvar": 0.000504206167534,
        "dvar2": 0.0011327379616,
        "max": 0.351227939129,
        "mean": 0.136857360601,
        "median": 0.130495399237,
        "min": 0.05443732813,
        "var": 0.00178003509063
    },
    "barkbands_kurtosis": {
        "dmean": 3.21390724182,
        "dmean2": 5.06128120422,
        "dvar": 45.8140068054,
        "dvar2": 92.9342346191,
        "max": 109.025428772,
        "mean": 3.71034264565,
        "median": 1.55222272873,
        "min": -1.90827000141,
        "var": 73.2249603271
    },
    "barkbands_skewness": {
        "dmean": 0.680437326431,
        "dmean2": 0.98680460453,
        "dvar": 0.532571911812,
        "dvar2": 1.04114747047,
        "max": 8.68499660492,
        "mean": 1.28929376602,
        "median": 1.21168780327,
        "min": -6.93255090714,
        "var": 1.86498093605
    },
    "barkbands_spread": {
        "dmean": 8.51818084717,
        "dmean2": 12.9574832916,
        "dvar": 104.002044678,
        "dvar2": 231.336395264,
        "max": 111.736747742,
        "mean": 27.8190460205,
        "median": 24.0803089142,
        "min": 1.08711731434,
        "var": 307.98046875
    },
    "dissonance": {
        "dmean": 0.0227569360286,
        "dmean2": 0.0380832143128,
        "dvar": 0.000548223266378,
        "dvar2": 0.00142611167394,
        "max": 0.499676823616,
        "mean": 0.459262877703,
        "median": 0.470611453056,
        "min": 0.260081768036,
        "var": 0.00117797160055
    },
    "dynamic_complexity": 3.13575124741,
    "erbbands_crest": {
        "dmean": 2.87118887901,
        "dmean2": 4.56937408447,
        "dvar": 7.31816673279,
        "dvar2": 17.3289833069,
        "max": 32.1931686401,
        "mean": 8.78785610199,
        "median": 7.43479299545,
        "min": 2.3679857254,
        "var": 24.0052604675
    },
    "erbbands_flatness_db": {
        "dmean": 0.0217930767685,
        "dmean2": 0.0300273615867,
        "dvar": 0.000401584082283,
        "dvar2": 0.000734149711207,
        "max": 0.348780214787,
        "mean": 0.140609055758,
        "median": 0.136734783649,
        "min": 0.0438311174512,
        "var": 0.00206916918978
    },
    "erbbands_kurtosis": {
        "dmean": 1.51147186756,
        "dmean2": 2.23920989037,
        "dvar": 12.9692440033,
        "dvar2": 24.0028629303,
        "max": 109.516410828,
        "mean": 1.35916531086,
        "median": 0.120358228683,
        "min": -1.71310806274,
        "var": 31.8552360535
    },
    "erbbands_skewness": {
        "dmean": 0.460648655891,
        "dmean2": 0.678988456726,
        "dvar": 0.215436667204,
        "dvar2": 0.4004778862,
        "max": 5.07874250412,
        "mean": 0.312765300274,
        "median": 0.316515058279,
        "min": -9.18681907654,
        "var": 0.951940834522
    },
    "erbbands_spread": {
        "dmean": 12.2119979858,
        "dmean2": 17.8989658356,
        "dvar": 179.89352417,
        "dvar2": 370.325317383,
        "max": 147.508865356,
        "mean": 42.3375244141,
        "median": 36.4679222107,
        "min": 2.29772400856,
        "var": 582.697143555
    },
    "hfc": {
        "dmean": 13.3438405991,
        "dmean2": 17.4185371399,
        "dvar": 938.966552734,
        "dvar2": 1904.22497559,
        "max": 962.81439209,
        "mean": 29.4755210876,
        "median": 17.9270057678,
        "min": 0.178715676069,
        "var": 2201.19360352
    },
    "melbands_crest": {
        "dmean": 3.75145840645,
        "dmean2": 5.95980834961,
        "dvar": 10.5109205246,
        "dvar2": 24.9738235474,
        "max": 30.0676593781,
        "mean": 13.6914224625,
        "median": 12.6496315002,
        "min": 3.33559322357,
        "var": 30.0023326874
    },
    "melbands_flatness_db": {
        "dmean": 0.0312400497496,
        "dmean2": 0.045357607305,
        "dvar": 0.000971925444901,
        "dvar2": 0.00205360143445,
        "max": 0.457479774952,
        "mean": 0.179642155766,
        "median": 0.175298824906,
        "min": 0.0352790281177,
        "var": 0.00381149398163
    },
    "melbands_kurtosis": {
        "dmean": 9.38172626495,
        "dmean2": 14.5520114899,
        "dvar": 316.859558105,
        "dvar2": 672.218017578,
        "max": 244.159698486,
        "mean": 14.0711326599,
        "median": 6.05831432343,
        "min": -1.9122222662,
        "var": 615.126281738
    },
    "melbands_skewness": {
        "dmean": 0.993407249451,
        "dmean2": 1.4658510685,
        "dvar": 1.14741826057,
        "dvar2": 2.321652174,
        "max": 13.7063541412,
        "mean": 2.513204813,
        "median": 2.06708335876,
        "min": -2.26152062416,
        "var": 4.01543521881
    },
    "melbands_spread": {
        "dmean": 11.9708433151,
        "dmean2": 17.5829391479,
        "dvar": 389.687469482,
        "dvar2": 708.460693359,
        "max": 273.45211792,
        "mean": 31.266002655,
        "median": 22.5152931213,
        "min": 0.798220992088,
        "var": 1078.46630859
    },
    "pitch_salience": {
        "dmean": 0.0839890316129,
        "dmean2": 0.134065717459,
        "dvar": 0.00498706800863,
        "dvar2": 0.0129964696243,
        "max": 0.805992603302,
        "mean": 0.540845215321,
        "median": 0.546791553497,
        "min": 0.117145977914,
        "var": 0.0129513675347
    },
    "silence_rate_20dB": {
        "dmean": 0,
        "dmean2": 0,
        "dvar": 0,
        "dvar2": 0,
        "max": 1,
        "mean": 1,
        "median": 1,
        "min": 1,
        "var": 0
    },
    "silence_rate_30dB": {
        "dmean": 0.0201238393784,
        "dmean2": 0.0395042598248,
        "dvar": 0.0197188295424,
        "dvar2": 0.0441401824355,
        "max": 1,
        "mean": 0.979891717434,
        "median": 1,
        "min": 0,
        "var": 0.019703945145
    },
    "silence_rate_60dB": {
        "dmean": 0.0371517017484,
        "dmean2": 0.0743609592319,
        "dvar": 0.0357718281448,
        "dvar2": 0.0827750042081,
        "max": 1,
        "mean": 0.0440835282207,
        "median": 0,
        "min": 0,
        "var": 0.0421400591731
    },
    "spectral_centroid": {
        "dmean": 345.819213867,
        "dmean2": 509.002044678,
        "dvar": 182163.078125,
        "dvar2": 321560.03125,
        "max": 7289.75878906,
        "mean": 1443.81384277,
        "median": 1252.26379395,
        "min": 170.51335144,
        "var": 645633.5625
    },
    "spectral_complexity": {
        "dmean": 4.64783287048,
        "dmean2": 6.35089063644,
        "dvar": 25.8596992493,
        "dvar2": 40.2030067444,
        "max": 57,
        "mean": 17.3820571899,
        "median": 15,
        "min": 0,
        "var": 110.786712646
    },
    "spectral_decrease": {
        "dmean": 3.14338444163e-09,
        "dmean2": 4.57860149794e-09,
        "dvar": 1.95864639631e-17,
        "dvar2": 3.80702399215e-17,
        "max": -6.54423598645e-11,
        "mean": -6.71506183991e-09,
        "median": -4.54137438766e-09,
        "min": -4.30638742444e-08,
        "var": 4.42202549839e-17
    },
    "spectral_energy": {
        "dmean": 0.0128169897944,
        "dmean2": 0.0184849314392,
        "dvar": 0.000316383229801,
        "dvar2": 0.000605161185376,
        "max": 0.182099208236,
        "mean": 0.0280177071691,
        "median": 0.0190007593483,
        "min": 0.000264703674475,
        "var": 0.000744836754166
    },
    "spectral_energyband_high": {
        "dmean": 0.0010010660626,
        "dmean2": 0.00133429549169,
        "dvar": 1.1855710909e-05,
        "dvar2": 2.46660638368e-05,
        "max": 0.118840023875,
        "mean": 0.0017358296318,
        "median": 0.000628693611361,
        "min": 3.24327811541e-06,
        "var": 2.55672239291e-05
    },
    "spectral_energyband_low": {
        "dmean": 0.00732686044648,
        "dmean2": 0.0115035362542,
        "dvar": 0.000154702109285,
        "dvar2": 0.000345679931343,
        "max": 0.0897815227509,
        "mean": 0.0108936037868,
        "median": 0.0043091061525,
        "min": 3.69385888916e-05,
        "var": 0.000225904615945
    },
    "spectral_energyband_middle_high": {
        "dmean": 0.0034812160302,
        "dmean2": 0.00457489071414,
        "dvar": 6.18227932137e-05,
        "dvar2": 8.69630239322e-05,
        "max": 0.156795039773,
        "mean": 0.00738446787,
        "median": 0.00289099849761,
        "min": 2.80248714262e-05,
        "var": 0.000187903540791
    },
    "spectral_energyband_middle_low": {
        "dmean": 0.00560406548902,
        "dmean2": 0.00856525823474,
        "dvar": 6.50302245049e-05,
        "dvar2": 0.000157529924763,
        "max": 0.0780084133148,
        "mean": 0.0105878608301,
        "median": 0.00691625569016,
        "min": 9.56695803325e-05,
        "var": 0.000122514757095
    },
    "spectral_entropy": {
        "dmean": 0.193242892623,
        "dmean2": 0.272184461355,
        "dvar": 0.034733120352,
        "dvar2": 0.0729410201311,
        "max": 8.83395767212,
        "mean": 7.73186206818,
        "median": 7.74318170547,
        "min": 6.12943744659,
        "var": 0.171970441937
    },
    "spectral_flux": {
        "dmean": 0.0339050777256,
        "dmean2": 0.0519382171333,
        "dvar": 0.00140392489266,
        "dvar2": 0.0026608533226,
        "max": 0.342447549105,
        "mean": 0.101032599807,
        "median": 0.0875874534249,
        "min": 0.0087678488344,
        "var": 0.00356863019988
    },
    "spectral_kurtosis": {
        "dmean": 1.34047889709,
        "dmean2": 2.09703564644,
        "dvar": 2.08926916122,
        "dvar2": 5.48666286469,
        "max": 23.9625759125,
        "mean": 3.4797372818,
        "median": 3.17668151855,
        "min": -1.24336206913,
        "var": 7.02073907852
    },
    "spectral_rms": {
        "dmean": 0.00114396272693,
        "dmean2": 0.00157496356405,
        "dvar": 1.59182923198e-06,
        "dvar2": 2.94003939416e-06,
        "max": 0.0133288325742,
        "mean": 0.00470034405589,
        "median": 0.00430549960583,
        "min": 0.000508180586621,
        "var": 5.24112783751e-06
    },
    "spectral_rolloff": {
        "dmean": 801.33001709,
        "dmean2": 1321.04846191,
        "dvar": 2183699.75,
        "dvar2": 4487812,
        "max": 13156.7871094,
        "mean": 1944.00073242,
        "median": 1141.25976562,
        "min": 86.1328125,
        "var": 5169677
    },
    "spectral_skewness": {
        "dmean": 0.24226847291,
        "dmean2": 0.357256174088,
        "dvar": 0.0511600747705,
        "dvar2": 0.109154157341,
        "max": 3.75595784187,
        "mean": 1.46731388569,
        "median": 1.47368001938,
        "min": -0.540385127068,
        "var": 0.251730650663
    },
    "spectral_spread": {
        "dmean": 842135.5625,
        "dmean2": 1158232.25,
        "dvar": 806220398592,
        "dvar2": 1.32948413645e+12,
        "max": 13614486,
        "mean": 5648247.5,
        "median": 5129437,
        "min": 1813932.5,
        "var": 4.54218743808e+12
    },
    "spectral_strongpeak": {
        "dmean": 0.687396943569,
        "dmean2": 1.10800230503,
        "dvar": 2.49910235405,
        "dvar2": 5.28828907013,
        "max": 44.632396698,
        "mean": 0.987154960632,
        "median": 0.414638549089,
        "min": 0.0143661005422,
        "var": 3.56294345856
    },
    "zerocrossingrate": {
        "dmean": 0.0170259736478,
        "dmean2": 0.0178939383477,
        "dvar": 0.000460942595964,
        "dvar2": 0.000386900908779,
        "max": 0.37744140625,
        "mean": 0.0806113481522,
        "median": 0.06591796875,
        "min": 0.0078125,
        "var": 0.00327397766523
    },
    "barkbands": {
        "dmean": [0.000253785809036, 0.00407296931371, 0.00331581314094, 0.00287521933205, 0.0008571742801, 0.00115884945262, 0.000673464324791, 0.000505884410813, 0.00151660805568, 0.000808823679108, 0.00126729509793, 0.000702366116457, 0.000615934026428, 0.000509461562615, 0.00058629270643, 0.000372732058167, 0.00024137692526, 0.000179520138772, 0.000151418542373, 0.000137485694722, 0.000120477190649, 0.000137602124596, 0.000258177577052, 0.000311223091558, 0.000179452748853, 0.000111401677714, 6.2002733614e-08],
        "dmean2": [0.000388677959563, 0.00667425151914, 0.00577636947855, 0.00467156013474, 0.00141763931606, 0.00187622825615, 0.00107158033643, 0.00078587437747, 0.00230744644068, 0.001200367813, 0.00197516358458, 0.00101013598032, 0.000844570575282, 0.000791295722593, 0.000924674212001, 0.000543851929251, 0.000371596746845, 0.000273819285212, 0.000225667448831, 0.000207210629014, 0.000174471235368, 0.000198048554012, 0.000368380191503, 0.000487722922117, 0.00022534870368, 0.000151714775711, 1.09912903667e-07],
        "dvar": [3.67693189673e-07, 6.24405656708e-05, 4.86160315631e-05, 3.80095916626e-05, 2.16400144382e-06, 3.67759389519e-06, 1.4298844917e-06, 1.17089643936e-06, 9.16337012313e-06, 3.94627977585e-06, 1.65626533999e-05, 9.01631210581e-06, 5.37819050805e-06, 2.6144621188e-06, 1.66489860476e-06, 7.76832621341e-07, 1.81182940651e-07, 1.12131878893e-07, 1.04481522101e-07, 5.41446176783e-08, 4.39333369684e-08, 1.14677291663e-07, 7.66705568367e-07, 7.36010815672e-06, 7.09104938323e-07, 6.46735074383e-08, 1.51075536087e-13],
        "dvar2": [7.46068849367e-07, 0.000152143242303, 0.000135749738547, 9.55376235652e-05, 5.66087601328e-06, 9.28351528273e-06, 3.41286659022e-06, 2.4490461783e-06, 2.18048644456e-05, 6.87663259669e-06, 3.97496914957e-05, 1.56052592502e-05, 9.80684762908e-06, 5.94561743128e-06, 3.77900187232e-06, 1.51513381752e-06, 4.15733893533e-07, 2.3882174105e-07, 2.40128457563e-07, 1.10796285924e-07, 9.16867932688e-08, 2.27658361496e-07, 1.07402809135e-06, 2.11363021663e-05, 1.38307336783e-06, 1.20581830743e-07, 3.54229070122e-13],
        "max": [0.00504574086517, 0.06221485883, 0.0492505803704, 0.063238017261, 0.0181702300906, 0.0242933519185, 0.0121741909534, 0.0151976011693, 0.0345757827163, 0.0388909056783, 0.0670251101255, 0.0734752416611, 0.0494202449918, 0.0291160140187, 0.0167472064495, 0.0114068398252, 0.00510383304209, 0.00387857621536, 0.00554515141994, 0.00301564577967, 0.00257662520744, 0.00699576875195, 0.0284085925668, 0.0822473838925, 0.026798767969, 0.00228955363855, 6.96807228451e-06],
        "mean": [0.0002268544049, 0.00480986898765, 0.00347884232178, 0.00345584843308, 0.001188133494, 0.00183061882854, 0.00101074751001, 0.000725557212718, 0.00195641326718, 0.00120511057321, 0.0017534653889, 0.000905024004169, 0.000780723290518, 0.000683165737428, 0.000766237906646, 0.000552083365619, 0.000343641935615, 0.000255238788668, 0.000239145636442, 0.000216313856072, 0.00019462723867, 0.000204433163162, 0.000420273514464, 0.000396380695747, 0.000270189892035, 0.000148724240717, 4.5393903747e-08],
        "median": [5.67408733332e-06, 0.00172598520294, 0.000996428658254, 0.000894883647561, 0.000679606571794, 0.000811043079011, 0.000393759750295, 0.000207954348298, 0.000496826658491, 0.00023197507835, 0.000343055493431, 0.000168810947798, 0.000144204648677, 0.000131780820084, 0.000176988498424, 0.0001373240666, 0.000122076424304, 8.82520907908e-05, 8.25393290143e-05, 8.58827770571e-05, 8.40043430799e-05, 6.87135907356e-05, 0.000113268877612, 7.61312621762e-05, 4.75348824693e-05, 1.57833801495e-05, 3.99550448282e-10],
        "min": [4.99756680483e-09, 6.04460910836e-06, 3.19388209391e-06, 3.22180994772e-07, 9.36087758419e-07, 1.36334233503e-06, 3.88992049238e-07, 9.33665887715e-07, 1.58716693477e-06, 5.81497033636e-07, 8.01274268269e-07, 1.7135039343e-06, 1.12266377528e-06, 1.34998845169e-06, 9.97329607344e-07, 9.84389430414e-07, 2.05027276934e-06, 8.95394691725e-07, 3.98043312089e-07, 4.78555250538e-07, 3.98323777517e-07, 3.78045797333e-07, 4.5499814405e-07, 1.53263300717e-07, 1.24092764509e-07, 6.73931604966e-11, 1.0669997004e-11],
        "var": [4.06565163757e-07, 6.9742447522e-05, 4.04561469622e-05, 4.40146104665e-05, 2.48870651376e-06, 6.944170309e-06, 2.56183784586e-06, 1.99919622901e-06, 1.30929820443e-05, 9.39235087571e-06, 2.38394441112e-05, 1.32953728098e-05, 8.31998841022e-06, 3.89275737689e-06, 2.64438313025e-06, 1.59755154527e-06, 3.13308731847e-07, 1.92939438648e-07, 1.91780600289e-07, 1.12111649742e-07, 8.69400409442e-08, 2.48438340122e-07, 2.33496371038e-06, 6.87073770678e-06, 1.41699024425e-06, 1.17935485378e-07, 1.27098188202e-13]
    },
    "erbbands": {
        "dmean": [0.121746703982, 0.970994234085, 3.29437088966, 7.74299764633, 4.92128133774, 2.77359604836, 6.83624219894, 9.60615158081, 8.97555446625, 9.97914028168, 15.7995223999, 30.4989871979, 26.8202190399, 45.0396156311, 31.5467605591, 26.0108032227, 26.2747306824, 27.532377243, 23.8530864716, 25.3247203827, 19.3905124664, 13.266787529, 9.46906089783, 9.57451915741, 6.40447902679, 5.48241662979, 5.04706907272, 4.84742546082, 4.75348234177, 6.32837915421, 7.90149211884, 9.05650806427, 3.57274484634, 2.05560588837, 1.27601134777, 0.461153686047, 0.244142770767, 0.0214725136757, 0.000385383376852, 3.22695777868e-05],
        "dmean2": [0.191897928715, 1.66785645485, 5.72336244583, 12.5419216156, 8.23163700104, 4.59766674042, 10.8263750076, 15.5845108032, 14.1383285522, 15.5416221619, 24.3479042053, 46.6911773682, 39.0721321106, 66.688293457, 46.9348373413, 36.2546310425, 35.1133651733, 41.0327720642, 35.4970588684, 37.5066947937, 28.1423130035, 19.6991844177, 14.1711425781, 13.8708906174, 9.51516246796, 8.24847507477, 7.62464523315, 7.127617836, 6.98889541626, 9.31772708893, 10.6536779404, 14.5511732101, 5.1724395752, 2.58013033867, 1.71162056923, 0.651246607304, 0.331460386515, 0.0300765708089, 0.000531539611984, 4.29430619988e-05],
        "dvar": [0.0729036927223, 3.65980601311, 47.9474983215, 234.570480347, 120.740776062, 22.1986675262, 128.610458374, 305.97253418, 263.238006592, 336.743164062, 1169.74255371, 4179.01123047, 3591.25708008, 19596.2128906, 9406.92382812, 10104.7861328, 11101.1103516, 8366.10742188, 3383.2578125, 2603.38916016, 2345.00854492, 472.937194824, 299.032287598, 358.276306152, 159.190475464, 90.8085174561, 66.5411529541, 87.1292266846, 141.883224487, 221.999343872, 1036.96606445, 8469.58300781, 281.837738037, 141.947891235, 11.4078178406, 1.09592676163, 0.33871024847, 0.00279922690243, 8.46210696182e-07, 3.28618954271e-09],
        "dvar2": [0.156411588192, 9.83985614777, 132.353775024, 586.165588379, 320.917541504, 57.7577514648, 301.609924316, 788.524353027, 621.592895508, 806.012084961, 2670.72753906, 9748.2265625, 7550.92041016, 45938.2773438, 21292.5429688, 18540.0136719, 19837.4726562, 17883.1660156, 7329.63378906, 5783.171875, 4700.31347656, 1048.12670898, 632.552734375, 773.051025391, 357.43661499, 175.089508057, 148.933410645, 182.643112183, 283.476654053, 487.078277588, 1106.91552734, 23809.0273438, 675.924377441, 274.61630249, 20.978509903, 2.25553035736, 0.626745462418, 0.00513952318579, 1.5388926613e-06, 5.98795235618e-09],
        "max": [2.24945306778, 14.2435255051, 52.7678565979, 132.08770752, 109.260505676, 67.7638320923, 126.829620361, 267.726928711, 195.721893311, 207.11730957, 406.741333008, 820.190490723, 1013.95281982, 3030.86669922, 2082.04980469, 1973.98388672, 2180.33935547, 1668.86987305, 956.928710938, 580.157836914, 734.128723145, 275.483978271, 189.804473877, 242.469085693, 214.722045898, 139.622833252, 103.710174561, 131.371170044, 244.04927063, 226.555175781, 1273.90490723, 2856.66503906, 451.29888916, 392.988525391, 83.1107940674, 12.3229398727, 5.3930516243, 0.502882242203, 0.0090792896226, 0.00085054669762],
        "mean": [0.131107240915, 1.10462498665, 3.56364035606, 9.65535926819, 5.45324897766, 4.04554414749, 10.3226089478, 14.7229557037, 13.7817621231, 15.4363775253, 24.0154647827, 39.1621437073, 40.9958686829, 67.4155044556, 47.1304130554, 34.7080726624, 34.7090263367, 38.2742271423, 33.7819404602, 36.7047767639, 29.8903388977, 20.2139987946, 14.4277524948, 15.2336797714, 10.3000764847, 9.09327697754, 8.2822303772, 7.32519245148, 7.02346992493, 9.75239276886, 12.457449913, 10.8176116943, 5.19073009491, 3.14715504646, 1.80117094517, 0.646052479744, 0.313088297844, 0.0262685064226, 0.000503935851157, 6.09251037531e-05],
        "median": [0.0243724472821, 0.454520106316, 1.18305158615, 2.94046449661, 1.96683692932, 2.36370921135, 4.33713150024, 6.52977561951, 5.77553081512, 6.49972105026, 7.23898696899, 10.7335748672, 11.3896064758, 14.0943717957, 10.2964487076, 7.71269369125, 6.92379426956, 7.97226333618, 7.74502897263, 10.6693172455, 8.73365020752, 7.57978153229, 5.24482917786, 5.11716413498, 4.05374336243, 3.59564566612, 3.84866547585, 2.78709197044, 2.41987657547, 3.35572552681, 3.00301361084, 2.08025121689, 1.02475523949, 0.548374414444, 0.2927544415, 0.0945919528604, 0.0266565140337, 0.0016679110704, 5.35608305654e-05, 3.10757859552e-05],
        "min": [6.33677555015e-05, 0.00291605526581, 0.00624588970095, 0.00543708540499, 0.00167512940243, 0.00520363077521, 0.00873538199812, 0.0128614557907, 0.00592716131359, 0.0120252361521, 0.0318041555583, 0.0686577036977, 0.0513647682965, 0.049165982753, 0.105947166681, 0.0563988871872, 0.0498037226498, 0.0723034590483, 0.0855537429452, 0.0614231750369, 0.066815584898, 0.101375378668, 0.0716156065464, 0.029030142352, 0.0282169431448, 0.0248940009624, 0.0176051408052, 0.0157150290906, 0.0122753866017, 0.015001074411, 0.0111541058868, 0.00480462051928, 0.00161865283735, 0.000252316967817, 0.00114764855243, 0.000269784795819, 1.48745748447e-05, 1.09819109184e-06, 7.42382724184e-07, 3.47233140019e-07],
        "var": [0.0839294940233, 3.39778733253, 40.3813781738, 284.051086426, 106.898323059, 27.9398994446, 237.988983154, 552.865478516, 444.656280518, 602.287780762, 2107.78369141, 5776.48291016, 8106.15332031, 34225.9570312, 17955.8984375, 15771.8164062, 17164.0195312, 12678.1357422, 5730.66894531, 4680.03808594, 4721.19091797, 939.351501465, 545.748535156, 767.787902832, 278.908843994, 204.192184448, 134.25743103, 157.856750488, 304.968933105, 421.036010742, 3286.86474609, 7910.85791016, 478.251647949, 277.685455322, 26.722951889, 1.98640739918, 0.5905174613, 0.00464567169547, 1.45113449435e-06, 6.96889390639e-09]
    },
    "gfcc": {
        "mean": [10.6965684891, 76.0029983521, -108.705047607, 31.5460624695, -62.5132141113, 27.3414363861, -40.3020057678, 15.0005903244, -23.880449295, 2.59155106544, -21.1535987854, 2.8181989193, -11.9431724548],
        "cov": [[4168.84228516, -791.16595459, -137.604537964, -138.463104248, -86.7811889648, 88.1352157593, -48.084236145, 17.0053329468, -83.5041275024, 32.9593582153, -149.078384399, -39.4902687073, -227.884460449], [-791.16595459, 1394.09777832, -413.297515869, -113.753952026, 149.452423096, -222.95249939, 145.821243286, 0.738240122795, 101.949813843, -93.5270996094, 125.347328186, -87.3749084473, 132.150588989], [-137.604537964, -413.297515869, 1001.8203125, 116.744979858, -38.6923332214, 135.004745483, -29.9399852753, 4.35723543167, -54.0222473145, 63.6121520996, -122.048553467, 65.5984573364, -89.0220565796], [-138.463104248, -113.753952026, 116.744979858, 353.804016113, 40.8098106384, 17.167547226, -14.0481796265, 0.664240300655, 48.3184928894, -1.94712352753, 2.4667840004, -14.0581979752, 18.9551753998], [-86.7811889648, 149.452423096, -38.6923332214, 40.8098106384, 345.040771484, 26.8897209167, 114.133224487, 26.6666965485, 4.37936925888, 43.2760543823, -11.3575181961, 21.4900188446, -8.4147977829], [88.1352157593, -222.95249939, 135.004745483, 17.167547226, 26.8897209167, 224.266326904, 33.9167518616, -15.7958669662, -22.3058490753, 17.2570610046, 5.48290967941, 7.08268499374, -23.8613758087], [-48.084236145, 145.821243286, -29.9399852753, -14.0481796265, 114.133224487, 33.9167518616, 197.867019653, 50.5054130554, 2.93979334831, 29.2038021088, 11.9597911835, 8.89260292053, -0.161502987146], [17.0053329468, 0.738240122795, 4.35723543167, 0.664240300655, 26.6666965485, -15.7958669662, 50.5054130554, 128.730911255, 60.3984565735, 6.53939580917, -7.03211307526, 14.7241668701, 13.289891243], [-83.5041275024, 101.949813843, -54.0222473145, 48.3184928894, 4.37936925888, -22.3058490753, 2.93979334831, 60.3984565735, 127.953849792, 2.54681253433, 17.5153045654, 3.3544857502, 34.9628143311], [32.9593582153, -93.5270996094, 63.6121520996, -1.94712352753, 43.2760543823, 17.2570610046, 29.2038021088, 6.53939580917, 2.54681253433, 111.519309998, 17.1693134308, 36.1849517822, -11.6520795822], [-149.078384399, 125.347328186, -122.048553467, 2.4667840004, -11.3575181961, 5.48290967941, 11.9597911835, -7.03211307526, 17.5153045654, 17.1693134308, 117.714271545, 17.216173172, 37.9125556946], [-39.4902687073, -87.3749084473, 65.5984573364, -14.0581979752, 21.4900188446, 7.08268499374, 8.89260292053, 14.7241668701, 3.3544857502, 36.1849517822, 17.216173172, 107.175827026, 13.8828840256], [-227.884460449, 132.150588989, -89.0220565796, 18.9551753998, -8.4147977829, -23.8613758087, -0.161502987146, 13.289891243, 34.9628143311, -11.6520795822, 37.9125556946, 13.8828840256, 97.5709457397]],
        "icov": [[0.000324040447595, 0.000141055090353, 0.000200926951948, 6.58221470076e-05, 8.41608416522e-05, -6.67883068672e-05, -1.24813837488e-07, -0.000121315395518, -5.22710797668e-06, -9.44087369135e-05, 0.000281264743535, 3.07167210849e-05, 0.00062069814885], [0.000141055090353, 0.00255501782522, -0.000620035862084, 0.00161781348288, -0.0015718692448, 0.00277471868321, -0.00227827695198, 0.00232986058109, -0.00255355145782, 0.00258954404853, -0.00293258740567, 0.00263737956993, -0.00180069147609], [0.000200926951948, -0.000620035862084, 0.00202305405401, -0.00117913621943, 0.00108590745367, -0.00172617228236, 0.000855957041495, -0.00120620336384, 0.00136729644146, -0.0017130515771, 0.00285098981112, -0.00197593006305, 0.0016999830259], [6.58221470076e-05, 0.00161781348288, -0.00117913621943, 0.0045421263203, -0.0018258279888, 0.00175541988574, -0.00107135868166, 0.00222441437654, -0.00333548034541, 0.00203203270212, -0.00253532989882, 0.002778848866, -0.00200096447952], [8.41608416522e-05, -0.0015718692448, 0.00108590745367, -0.0018258279888, 0.00510908057913, -0.00212842854671, -0.00068363850005, -0.00145611981861, 0.00176215020474, -0.00290664774366, 0.00347739341669, -0.00265179644339, 0.00183585798368], [-6.67883068672e-05, 0.00277471868321, -0.00172617228236, 0.00175541988574, -0.00212842854671, 0.00853573530912, -0.0036405522842, 0.00361946993507, -0.00274885795079, 0.00322321429849, -0.00489154551178, 0.00318355485797, -0.00160754437093], [-1.24813837488e-07, -0.00227827695198, 0.000855957041495, -0.00107135868166, -0.00068363850005, -0.0036405522842, 0.00965522695333, -0.00560496281832, 0.0038056098856, -0.00344098336063, 0.00175699801184, -0.00163242267445, 0.00167962373234], [-0.000121315395518, 0.00232986058109, -0.00120620336384, 0.00222441437654, -0.00145611981861, 0.00361946993507, -0.00560496281832, 0.0146956732497, -0.00866834819317, 0.00312062818557, -0.00135827681515, 0.00112742953934, -0.00237675593235], [-5.22710797668e-06, -0.00255355145782, 0.00136729644146, -0.00333548034541, 0.00176215020474, -0.00274885795079, 0.0038056098856, -0.00866834819317, 0.0150811998174, -0.00377621455118, 0.0023651253432, -0.00217253318988, -0.000456384790596], [-9.44087369135e-05, 0.00258954404853, -0.0017130515771, 0.00203203270212, -0.00290664774366, 0.00322321429849, -0.00344098336063, 0.00312062818557, -0.00377621455118, 0.0146111277863, -0.00610372051597, -0.000206094846362, -7.96557505964e-05], [0.000281264743535, -0.00293258740567, 0.00285098981112, -0.00253532989882, 0.00347739341669, -0.00489154551178, 0.00175699801184, -0.00135827681515, 0.0023651253432, -0.00610372051597, 0.0167020317167, -0.00535652134567, -0.000289941788651], [3.07167210849e-05, 0.00263737956993, -0.00197593006305, 0.002778848866, -0.00265179644339, 0.00318355485797, -0.00163242267445, 0.00112742953934, -0.00217253318988, -0.000206094846362, -0.00535652134567, 0.0149804307148, -0.00474566919729], [0.00062069814885, -0.00180069147609, 0.0016999830259, -0.00200096447952, 0.00183585798368, -0.00160754437093, 0.00167962373234, -0.00237675593235, -0.000456384790596, -7.96557505964e-05, -0.000289941788651, -0.00474566919729, 0.0171109046787]]
    },
    "melbands": {
        "dmean": [0.00108293583617, 0.00151094107423, 0.00124093517661, 0.000225990384934, 0.000205471122172, 0.000216759653995, 0.000138663221151, 0.00010503755766, 0.000163304299349, 0.000196204491658, 0.000134489484481, 0.000173057909706, 0.000131317457999, 8.67737544468e-05, 6.02148611506e-05, 6.26809269306e-05, 5.39958236914e-05, 3.71571914002e-05, 4.92566723551e-05, 2.71330682153e-05, 2.33888258663e-05, 1.54924018716e-05, 9.76266710495e-06, 8.63600962475e-06, 8.46783495945e-06, 4.5280607992e-06, 5.66225980947e-06, 3.61572756447e-06, 3.66971698895e-06, 2.62518801719e-06, 3.06948595608e-06, 2.66585811914e-06, 3.02286821352e-06, 4.08496771342e-06, 4.86267344968e-06, 4.40994790551e-06, 7.04292870068e-06, 2.28088242693e-06, 2.55171244135e-06, 1.52168377099e-06],
        "dmean2": [0.00174019637052, 0.00259772501886, 0.00202889251523, 0.000375896313926, 0.000325141794747, 0.000349127221853, 0.000219086956349, 0.000163358839927, 0.000254961079918, 0.000298196653603, 0.000198752823053, 0.000255164894043, 0.00020181943546, 0.000127787192469, 8.69907307788e-05, 8.93176402315e-05, 8.23421505629e-05, 5.63603061892e-05, 7.71603736212e-05, 4.04462916777e-05, 3.52382194251e-05, 2.37033364101e-05, 1.50878731802e-05, 1.31733177113e-05, 1.26526019812e-05, 6.72724399919e-06, 8.66053778736e-06, 5.56699387744e-06, 5.72185490455e-06, 3.88157559428e-06, 4.65087850898e-06, 4.03564399676e-06, 4.43735370936e-06, 6.23167352387e-06, 6.65150446366e-06, 6.49860430713e-06, 1.2231213077e-05, 3.21550578519e-06, 3.54220128429e-06, 1.97453528017e-06],
        "dvar": [4.7916450967e-06, 9.02352621779e-06, 6.36854883851e-06, 1.93667474946e-07, 1.04904486875e-07, 1.41346731652e-07, 6.026346e-08, 3.65802961255e-08, 1.39737153404e-07, 1.53369967393e-07, 9.65930482266e-08, 2.80650681361e-07, 1.53336102926e-07, 1.46483827734e-07, 4.15915231144e-08, 7.13615193604e-08, 3.26675042572e-08, 9.95414506377e-09, 1.20652501323e-08, 3.74174824458e-09, 4.04266220499e-09, 7.39416472495e-10, 4.52323234423e-10, 2.50902854049e-10, 3.1195748762e-10, 8.88739221105e-11, 1.29582719555e-10, 4.32033228637e-11, 3.46550566022e-11, 2.0189624278e-11, 4.2745883222e-11, 4.89134600878e-11, 5.32924537833e-11, 8.69577118645e-11, 3.35658389972e-10, 4.50018078357e-10, 8.66136229405e-09, 4.83224675552e-11, 4.40418368441e-10, 4.54715813614e-11],
        "dvar2": [1.08777612695e-05, 2.42601672653e-05, 1.62736014317e-05, 5.17553758073e-07, 2.44952104822e-07, 3.63975601658e-07, 1.42525394153e-07, 8.62258602297e-08, 3.35375119676e-07, 3.52807347781e-07, 2.06763189681e-07, 6.46770331514e-07, 3.78198564022e-07, 2.69608335657e-07, 8.27008435067e-08, 1.43205440395e-07, 7.20866708548e-08, 2.17113989009e-08, 2.72981530713e-08, 7.46651362959e-09, 7.87691423199e-09, 1.65741742553e-09, 1.1360519192e-09, 5.38411037976e-10, 6.8606825776e-10, 1.86664253499e-10, 3.02793179419e-10, 9.19223586138e-11, 8.19052950463e-11, 4.19836700127e-11, 9.49373704651e-11, 1.02008346214e-10, 1.10116464558e-10, 2.03097039186e-10, 3.83110848601e-10, 8.32029223297e-10, 2.61654147238e-08, 9.46714373562e-11, 1.06145336964e-09, 6.06380223811e-11],
        "max": [0.0172278992832, 0.0222582481802, 0.0210557617247, 0.00445099221542, 0.00378388608806, 0.00552202807739, 0.00260306149721, 0.00220808945596, 0.0046929595992, 0.00446978118271, 0.00553500792012, 0.0115131940693, 0.00595703534782, 0.00886581651866, 0.00364835839719, 0.00614181021228, 0.00336900469847, 0.00180941529106, 0.00145042815711, 0.000860858126543, 0.000957279407885, 0.00038496920024, 0.000354650750523, 0.000212386468775, 0.000212614322663, 0.000169380437001, 0.000136042392114, 9.05416236492e-05, 6.34232565062e-05, 6.06265675742e-05, 9.5361698186e-05, 0.000139696247061, 0.000145487501868, 0.000119326643471, 0.000706872320734, 0.000752313877456, 0.00260252761655, 0.000164350887644, 0.000666831794661, 0.000224045856157],
        "mean": [0.00125454016961, 0.00177344644908, 0.00152181822341, 0.000284431473119, 0.00032234826358, 0.000338674028171, 0.000216664193431, 0.000160549796419, 0.000233129961998, 0.00025260890834, 0.0001973247563, 0.000258732296061, 0.000186268196558, 0.000107800224214, 7.74331419962e-05, 7.87138487794e-05, 7.09635132807e-05, 4.92928338645e-05, 6.50085494271e-05, 3.77210781153e-05, 3.41332124663e-05, 2.18083168875e-05, 1.35235241032e-05, 1.23236795844e-05, 1.28129058794e-05, 7.27007636669e-06, 7.93609251559e-06, 5.51756738787e-06, 5.62008563065e-06, 4.19163643528e-06, 4.19884918301e-06, 3.69289341506e-06, 4.38733513874e-06, 5.92868627791e-06, 7.29527300791e-06, 6.60716659695e-06, 6.84586393618e-06, 3.40526071341e-06, 3.27239058606e-06, 2.37324661612e-06],
        "median": [0.00039578275755, 0.000712444656529, 0.000490043312311, 0.000147863989696, 0.000157380723977, 0.000155457586516, 8.73307290021e-05, 6.25810425845e-05, 5.66153066757e-05, 6.43464081804e-05, 4.63369797217e-05, 5.17641637998e-05, 3.99594791816e-05, 1.7588128685e-05, 1.92441038962e-05, 1.10816527013e-05, 1.30896441988e-05, 1.00445204225e-05, 1.53081709868e-05, 1.00910192486e-05, 8.54244080983e-06, 7.22373079043e-06, 5.02333750774e-06, 4.2212709559e-06, 3.88592889067e-06, 2.59280977843e-06, 2.680667194e-06, 2.00019280783e-06, 2.47717071034e-06, 1.87849684607e-06, 1.40198858389e-06, 1.17381398468e-06, 1.40893644129e-06, 1.96126597984e-06, 1.89062245681e-06, 1.3901968714e-06, 1.11635472422e-06, 7.48484694668e-07, 5.23425455867e-07, 4.10231024262e-07],
        "min": [1.34143692776e-06, 6.13052816334e-06, 7.44384465179e-07, 1.45045333966e-07, 4.04903317985e-07, 2.17013166548e-07, 1.03567593612e-07, 7.8001640702e-08, 2.65546788114e-07, 4.57326450487e-07, 2.3100066926e-07, 1.72232773821e-07, 2.14696626699e-07, 2.01833586289e-07, 7.2940956386e-08, 8.21015362362e-08, 1.14336550894e-07, 1.36647926752e-07, 6.44945004069e-08, 7.11810201892e-08, 6.34730099591e-08, 8.72800214324e-08, 7.58945262191e-08, 4.28867750202e-08, 1.76906116423e-08, 1.71856964215e-08, 2.1189562105e-08, 1.33834037186e-08, 7.80319719951e-09, 1.34180213607e-08, 7.13579506595e-09, 3.4863401055e-09, 7.67310570637e-09, 6.55680931771e-09, 7.07588565518e-09, 2.0382320276e-09, 1.87970861099e-09, 6.82765621818e-10, 9.46107706068e-11, 3.5477842452e-12],
