{
"highlevel": {
    "danceability": {
        "all": {
            "danceable": 0.968002915382,
            "not_danceable": 0.0319970697165
        },
        "probability": 0.968002915382,
        "value": "danceable"
    },
    "gender": {
        "all": {
            "female": 0.131817147136,
            "male": 0.868182837963
        },
        "probability": 0.868182837963,
        "value": "male"
    },
    "genre_dortmund": {
        "all": {
            "alternative": 0.0484288968146,
            "blues": 0.015305750072,
            "electronic": 0.12857991457,
            "folkcountry": 0.146144807339,
            "funksoulrnb": 0.0173619352281,
            "jazz": 0.0347096808255,
            "pop": 0.211897209287,
            "raphiphop": 0.162410989404,
            "rock": 0.235160812736
        },
        "probability": 0.235160812736,
        "value": "rock"
    },
    "genre_electronic": {
        "all": {
            "ambient": 0.356978625059,
            "dnb": 0.333154052496,
            "house": 0.0293000135571,
            "techno": 0.0127565227449,
            "trance": 0.267810791731
        },
        "probability": 0.356978625059,
        "value": "ambient"
    },
    "genre_rosamerica": {
        "all": {
            "cla": 0.00892153847963,
            "dan": 0.0472375825047,
            "hip": 0.0140057178214,
            "jaz": 0.00769528700039,
            "pop": 0.505694210529,
            "rhy": 0.0135283656418,
            "roc": 0.394940346479,
            "spe": 0.0079769231379
        },
        "probability": 0.505694210529,
        "value": "pop"
    },
    "genre_tzanetakis": {
        "all": {
            "blu": 0.0626613423228,
            "cla": 0.0348169617355,
            "cou": 0.104475811124,
            "dis": 0.0784321576357,
            "hip": 0.15692435205,
            "jaz": 0.313974827528,
            "met": 0.0448166541755,
            "pop": 0.0627359300852,
            "reg": 0.0627360641956,
            "roc": 0.0784258767962
        },
        "probability": 0.313974827528,
        "value": "jaz"
    },
    "ismir04_rhythm": {
        "all": {
            "ChaChaCha": 0.0244610626251,
            "Jive": 0.915164172649,
            "Quickstep": 0.00530021777377,
            "Rumba-American": 0.00192852062173,
            "Rumba-International": 0.00357335945591,
            "Rumba-Misc": 0.00106614455581,
            "Samba": 0.0310407374054,
            "Tango": 0.00104127358645,
            "VienneseWaltz": 0.0151246003807,
            "Waltz": 0.00129989080597
        },
        "probability": 0.915164172649,
        "value": "Jive"
    },
    "mood_acoustic": {
        "all": {
            "acoustic": 0.0899290367961,
            "not_acoustic": 0.910070955753
        },
        "probability": 0.910070955753,
        "value": "not_acoustic"
    },
    "mood_aggressive": {
        "all": {
            "aggressive": 0.293281018734,
            "not_aggressive": 0.706718981266
        },
        "probability": 0.706718981266,
        "value": "not_aggressive"
    },
    "mood_electronic": {
        "all": {
            "electronic": 0.518358230591,
            "not_electronic": 0.481641799212
        },
        "probability": 0.518358230591,
        "value": "electronic"
    },
    "mood_happy": {
        "all": {
            "happy": 0.734387397766,
            "not_happy": 0.265612572432
        },
        "probability": 0.734387397766,
        "value": "happy"
    },
    "mood_party": {
        "all": {
            "not_party": 0.377233326435,
            "party": 0.622766673565
        },
        "probability": 0.622766673565,
        "value": "party"
    },
    "mood_relaxed": {
        "all": {
            "not_relaxed": 0.952999472618,
            "relaxed": 0.0470004975796
        },
        "probability": 0.952999472618,
        "value": "not_relaxed"
    },
    "mood_sad": {
        "all": {
            "not_sad": 0.879337012768,
            "sad": 0.120662994683
        },
        "probability": 0.879337012768,
        "value": "not_sad"
    },
    "moods_mirex": {
        "all": {
            "Cluster1": 0.431190103292,
            "Cluster2": 0.128296598792,
            "Cluster3": 0.149964243174,
            "Cluster4": 0.175732672215,
            "Cluster5": 0.114816360176
        },
        "probability": 0.431190103292,
        "value": "Cluster1"
    },
    "timbre": {
        "all": {
            "bright": 0.867000162601,
            "dark": 0.132999837399
        },
        "probability": 0.867000162601,
        "value": "bright"
    },
    "tonal_atonal": {
        "all": {
            "atonal": 0.00633352808654,
            "tonal": 0.993666470051
        },
        "probability": 0.993666470051,
        "value": "tonal"
    },
    "voice_instrumental": {
        "all": {
            "instrumental": 0.0133860213682,
            "voice": 0.986613988876
        },
        "probability": 0.986613988876,
        "value": "voice"
    }
},
"lowlevel": {
    "average_loudness": 0.978020250797,
    "barkbands_crest": {
        "dmean": 2.99601268768,
        "dmean2": 4.88618183136,
        "dvar": 6.87418079376,
        "dvar2": 16.1413612366,
        "max": 24.4103412628,
        "mean": 9.62154388428,
        "median": 8.94750881195,
        "min": 2.20243453979,
        "var": 18.8434276581
    },
    "barkbands_flatness_db": {
        "dmean": 0.0232247766107,
        "dmean2": 0.0353620350361,
        "dvar": 0.000451453932328,
        "dvar2": 0.000891194911674,
        "max": 0.238571822643,
        "mean": 0.118536129594,
        "median": 0.115194834769,
        "min": 0.0377430468798,
        "var": 0.00161220028531
    },
    "barkbands_kurtosis": {
        "dmean": 2.24803423882,
        "dmean2": 3.49638390541,
        "dvar": 11.1664476395,
        "dvar2": 24.4970207214,
        "max": 36.2502326965,
        "mean": 2.71053051949,
        "median": 1.60198736191,
        "min": -1.83550727367,
        "var": 21.2023086548
    },
    "barkbands_skewness": {
        "dmean": 0.556279182434,
        "dmean2": 0.843867242336,
        "dvar": 0.312715739012,
        "dvar2": 0.669172286987,
        "max": 5.75033569336,
        "mean": 1.34713888168,
        "median": 1.31404793262,
        "min": -4.49176025391,
        "var": 0.945688545704
    },
    "barkbands_spread": {
        "dmean": 7.95054769516,
        "dmean2": 11.8811779022,
        "dvar": 84.4020690918,
        "dvar2": 182.185592651,
        "max": 97.9892730713,
        "mean": 26.4731903076,
        "median": 23.5795192719,
        "min": 3.52365469933,
        "var": 209.802612305
    },
    "dissonance": {
        "dmean": 0.0188850481063,
        "dmean2": 0.0310631468892,
        "dvar": 0.000376393232727,
        "dvar2": 0.000975386588834,
        "max": 0.500000178814,
        "mean": 0.468475550413,
        "median": 0.476347863674,
        "min": 0.323698490858,
        "var": 0.00068517413456
    },
    "dynamic_complexity": 1.86991596222,
    "erbbands_crest": {
        "dmean": 2.80013990402,
        "dmean2": 4.59727954865,
        "dvar": 6.82226467133,
        "dvar2": 16.3725662231,
        "max": 22.7895050049,
        "mean": 8.13770771027,
        "median": 7.25041675568,
        "min": 2.20821261406,
        "var": 15.4705600739
    },
    "erbbands_flatness_db": {
        "dmean": 0.0206179395318,
        "dmean2": 0.0293111018836,
        "dvar": 0.000361027457984,
        "dvar2": 0.00067195633892,
        "max": 0.294821858406,
        "mean": 0.138230130076,
        "median": 0.131804123521,
        "min": 0.0553226284683,
        "var": 0.00184994121082
    },
    "erbbands_kurtosis": {
        "dmean": 0.97556835413,
        "dmean2": 1.51111078262,
        "dvar": 1.61952424049,
        "dvar2": 3.64956450462,
        "max": 14.6870098114,
        "mean": 0.406179815531,
        "median": -0.225234270096,
        "min": -1.43391191959,
        "var": 3.55869007111
    },
    "erbbands_skewness": {
        "dmean": 0.405877262354,
        "dmean2": 0.596969842911,
        "dvar": 0.144687905908,
        "dvar2": 0.295291811228,
        "max": 3.1291372776,
        "mean": 0.363309085369,
        "median": 0.258822619915,
        "min": -3.36865925789,
        "var": 0.631910681725
    },
    "erbbands_spread": {
        "dmean": 10.1317119598,
        "dmean2": 14.9658079147,
        "dvar": 96.8750228882,
        "dvar2": 210.651748657,
        "max": 102.994529724,
        "mean": 40.3833656311,
        "median": 39.0225830078,
        "min": 5.70945692062,
        "var": 275.777709961
    },
    "hfc": {
        "dmean": 12.8006296158,
        "dmean2": 17.757062912,
        "dvar": 267.473083496,
        "dvar2": 571.827270508,
        "max": 172.061309814,
        "mean": 30.0046463013,
        "median": 24.4133663177,
        "min": 2.22919201851,
        "var": 540.358825684
    },
    "melbands_crest": {
        "dmean": 4.18872928619,
        "dmean2": 6.68728065491,
        "dvar": 12.5198135376,
        "dvar2": 30.6754360199,
        "max": 33.5011825562,
        "mean": 14.1988954544,
        "median": 13.1292963028,
        "min": 3.42598819733,
        "var": 35.8166007996
    },
    "melbands_flatness_db": {
        "dmean": 0.0296945720911,
        "dmean2": 0.0444216057658,
        "dvar": 0.000783966854215,
        "dvar2": 0.00155381730292,
        "max": 0.327172398567,
        "mean": 0.16599085927,
        "median": 0.16363991797,
        "min": 0.0222598016262,
        "var": 0.00336201535538
    },
    "melbands_kurtosis": {
        "dmean": 6.06936168671,
        "dmean2": 9.30574607849,
        "dvar": 96.2177581787,
        "dvar2": 197.608108521,
        "max": 138.171737671,
        "mean": 10.279258728,
        "median": 6.6039056778,
        "min": -1.86645793915,
        "var": 202.820022583
    },
    "melbands_skewness": {
        "dmean": 0.778403878212,
        "dmean2": 1.17656266689,
        "dvar": 0.654225707054,
        "dvar2": 1.40647315979,
        "max": 10.5938835144,
        "mean": 2.38520359993,
        "median": 2.20347213745,
        "min": -1.55734503269,
        "var": 1.93047881126
    },
    "melbands_spread": {
        "dmean": 9.84341621399,
        "dmean2": 15.3357000351,
        "dvar": 234.790847778,
        "dvar2": 519.06048584,
        "max": 261.098632812,
        "mean": 27.4795837402,
        "median": 21.9402713776,
        "min": 3.40442919731,
        "var": 481.486236572
    },
    "pitch_salience": {
        "dmean": 0.0809629932046,
        "dmean2": 0.132718473673,
        "dvar": 0.0054030045867,
        "dvar2": 0.0126889599487,
        "max": 0.831789255142,
        "mean": 0.596031606197,
        "median": 0.614869594574,
        "min": 0.107700750232,
        "var": 0.014495940879
    },
    "silence_rate_20dB": {
        "dmean": 0,
        "dmean2": 0,
        "dvar": 0,
        "dvar2": 0,
        "max": 1,
        "mean": 1,
        "median": 1,
        "min": 1,
        "var": 0
    },
    "silence_rate_30dB": {
        "dmean": 0,
        "dmean2": 0,
        "dvar": 0,
        "dvar2": 0,
        "max": 1,
        "mean": 1,
        "median": 1,
        "min": 1,
        "var": 0
    },
    "silence_rate_60dB": {
        "dmean": 0.00154798757285,
        "dmean2": 0.00309837330133,
        "dvar": 0.00154558382928,
        "dvar2": 0.004637921229,
        "max": 1,
        "mean": 0.00077339517884,
        "median": 0,
        "min": 0,
        "var": 0.000772795814555
    },
    "spectral_centroid": {
        "dmean": 322.204589844,
        "dmean2": 488.0730896,
        "dvar": 123687.179688,
        "dvar2": 248407.171875,
        "max": 6015.62695312,
        "mean": 1488.28674316,
        "median": 1354.71582031,
        "min": 396.573577881,
        "var": 369907.28125
    },
    "spectral_complexity": {
        "dmean": 5.72291040421,
        "dmean2": 7.82029438019,
        "dvar": 30.9789047241,
        "dvar2": 50.7711906433,
        "max": 57,
        "mean": 25.0239753723,
        "median": 24,
        "min": 0,
        "var": 107.101486206
    },
    "spectral_decrease": {
        "dmean": 2.74166711556e-09,
        "dmean2": 4.27153912241e-09,
        "dvar": 8.93354647967e-18,
        "dvar2": 1.9958567853e-17,
        "max": -4.90301854672e-10,
        "mean": -7.76839392813e-09,
        "median": -7.05906666454e-09,
        "min": -2.35133672533e-08,
        "var": 2.19055921963e-17
    },
    "spectral_energy": {
        "dmean": 0.0111139193177,
        "dmean2": 0.0170766208321,
        "dvar": 0.000143028999446,
        "dvar2": 0.000314484641422,
        "max": 0.0948740616441,
        "mean": 0.0320412553847,
        "median": 0.0293741822243,
        "min": 0.00210940209217,
        "var": 0.000348965870216
    },
    "spectral_energyband_high": {
        "dmean": 0.000947712745983,
        "dmean2": 0.00132939533796,
        "dvar": 2.39576434069e-06,
        "dvar2": 5.14092016601e-06,
        "max": 0.015520860441,
        "mean": 0.00154520873912,
        "median": 0.000737840309739,
        "min": 7.26075631974e-06,
        "var": 4.4459388846e-06
    },
    "spectral_energyband_low": {
        "dmean": 0.00504953274503,
        "dmean2": 0.0081692757085,
        "dvar": 6.23606902082e-05,
        "dvar2": 0.000162354088388,
        "max": 0.0657780095935,
        "mean": 0.00997857749462,
        "median": 0.00423218868673,
        "min": 8.4338198576e-06,
        "var": 0.00013631915499
    },
    "spectral_energyband_middle_high": {
        "dmean": 0.00287260883488,
        "dmean2": 0.00429503200576,
        "dvar": 1.25159795061e-05,
        "dvar2": 2.93599678116e-05,
        "max": 0.0354090183973,
        "mean": 0.00646829325706,
        "median": 0.00532292667776,
        "min": 0.000164786761161,
        "var": 2.38975808315e-05
    },
    "spectral_energyband_middle_low": {
        "dmean": 0.00716754607856,
        "dmean2": 0.0114513766021,
        "dvar": 6.69062646921e-05,
        "dvar2": 0.000160825715284,
        "max": 0.0704208686948,
        "mean": 0.01531648729,
        "median": 0.0132041303441,
        "min": 3.78727163479e-05,
        "var": 0.000121099175885
    },
    "spectral_entropy": {
        "dmean": 0.177851378918,
        "dmean2": 0.250543832779,
        "dvar": 0.027281967923,
        "dvar2": 0.0508700720966,
        "max": 8.92650699615,
        "mean": 7.81595373154,
        "median": 7.83291101456,
        "min": 6.70903682709,
        "var": 0.130793958902
    },
    "spectral_flux": {
        "dmean": 0.0315583869815,
        "dmean2": 0.0478235445917,
        "dvar": 0.000897354562767,
        "dvar2": 0.00202954490669,
        "max": 0.264876544476,
        "mean": 0.103793777525,
        "median": 0.0960700064898,
        "min": 0.0195527151227,
        "var": 0.00189859035891
    },
    "spectral_kurtosis": {
        "dmean": 1.28697478771,
        "dmean2": 2.00559639931,
        "dvar": 1.76781475544,
        "dvar2": 4.63796281815,
        "max": 18.4644813538,
        "mean": 3.91505217552,
        "median": 3.51144361496,
        "min": -0.880980968475,
        "var": 5.1849937439
    },
    "spectral_rms": {
        "dmean": 0.000971082306933,
        "dmean2": 0.0014510306064,
        "dvar": 9.27804819639e-07,
        "dvar2": 1.91666367755e-06,
        "max": 0.00962081365287,
        "mean": 0.0053325407207,
        "median": 0.00535329245031,
        "min": 0.00143455679063,
        "var": 2.82371797766e-06
    },
    "spectral_rolloff": {
        "dmean": 824.863098145,
        "dmean2": 1320.13037109,
        "dvar": 1876570.5,
        "dvar2": 4099528.75,
        "max": 12661.5234375,
        "mean": 1902.58203125,
        "median": 1227.39257812,
        "min": 64.599609375,
        "var": 3916865.75
    },
    "spectral_skewness": {
        "dmean": 0.203151851892,
        "dmean2": 0.306396067142,
        "dvar": 0.0333215817809,
        "dvar2": 0.0734132677317,
        "max": 2.9126496315,
        "mean": 1.54057788849,
        "median": 1.52968645096,
        "min": 0.0553100891411,
        "var": 0.119145579636
    },
    "spectral_spread": {
        "dmean": 827485,
        "dmean2": 1140623.25,
        "dvar": 716668665856,
        "dvar2": 1.30037121024e+12,
        "max": 14094534,
        "mean": 5334352.5,
        "median": 5214149,
        "min": 2141711.75,
        "var": 3.07015686554e+12
    },
    "spectral_strongpeak": {
        "dmean": 0.5897808671,
        "dmean2": 0.991218388081,
        "dvar": 0.694826841354,
        "dvar2": 1.76040232182,
        "max": 9.25222682953,
        "mean": 0.904114305973,
        "median": 0.482461899519,
        "min": 0,
        "var": 0.950084865093
    },
    "zerocrossingrate": {
        "dmean": 0.0178559012711,
        "dmean2": 0.0196484979242,
        "dvar": 0.000408446037909,
        "dvar2": 0.000436368136434,
        "max": 0.40966796875,
        "mean": 0.0789218097925,
        "median": 0.06689453125,
        "min": 0.0087890625,
        "var": 0.00248793605715
    },
    "barkbands": {
        "dmean": [0.00034506994416, 0.00385902239941, 0.00105177576188, 0.00166782713495, 0.00261231698096, 0.00132934143767, 0.00229263165966, 0.00201533315703, 0.00116715440527, 0.000685584091116, 0.000644165847916, 0.000604374508839, 0.000456359266536, 0.000385666353395, 0.000620639242698, 0.000334306736477, 0.000226513337111, 0.00029853390879, 0.000230680539971, 0.000237462139921, 0.000153535467689, 0.000130189655465, 0.000159907751367, 0.000206661177799, 0.000207356235478, 0.000127819279442, 1.50545119482e-07],
        "dmean2": [0.000555354345124, 0.0062481444329, 0.0017522838898, 0.00280305650085, 0.00426842086017, 0.00215330231003, 0.00366968126036, 0.003315736074, 0.00184582744259, 0.00111774390098, 0.00102887011599, 0.000927954446524, 0.000764911354054, 0.000624186708592, 0.00100333534647, 0.000528868287802, 0.000364912528312, 0.000453598273452, 0.000355947850039, 0.000363513943739, 0.000237872096477, 0.000192006322322, 0.000234593404457, 0.00031372482772, 0.000310452305712, 0.00018783294945, 2.75245668035e-07],
        "dvar": [2.57727293729e-07, 4.37144080934e-05, 4.53590655525e-06, 6.62376351102e-06, 1.83777319762e-05, 4.15156910094e-06, 1.74926644831e-05, 1.2683719433e-05, 7.29433031665e-06, 1.02289004644e-06, 1.37391612043e-06, 1.04058449324e-06, 7.70019426e-07, 6.38939866349e-07, 1.26452698623e-06, 2.30852350569e-07, 9.32146448918e-08, 1.93628849843e-07, 1.13150569803e-07, 1.05213217694e-07, 8.91480027576e-08, 7.43131707281e-08, 1.30455660496e-07, 1.49246972114e-07, 1.77999851303e-07, 8.14506009306e-08, 4.48263930315e-13],
        "dvar2": [6.87107842623e-07, 0.000110500041046, 1.19010583148e-05, 1.7717400624e-05, 4.74220578326e-05, 9.83433255897e-06, 4.09505228163e-05, 3.0103190511e-05, 1.74226715899e-05, 2.54199085248e-06, 3.31017622557e-06, 2.51106780524e-06, 1.96946257347e-06, 1.60875185884e-06, 3.45629723597e-06, 5.41874555893e-07, 2.25211408633e-07, 4.15737019921e-07, 2.58664641706e-07, 2.42382157012e-07, 2.03815673672e-07, 1.55120773115e-07, 2.56228332773e-07, 3.6325553765e-07, 4.15899336303e-07, 1.86388533052e-07, 1.24780513613e-12],
        "max": [0.00524898944423, 0.0533931292593, 0.030970312655, 0.020807242021, 0.0442245230079, 0.0215368941426, 0.0414557531476, 0.0459859222174, 0.0388077013195, 0.00984877161682, 0.0130365025252, 0.0112403091043, 0.0111038563773, 0.00787613820285, 0.0176236312836, 0.00492589408532, 0.00308076315559, 0.00399409141392, 0.00305759860203, 0.00339193642139, 0.00362218660302, 0.00465748133138, 0.00870175659657, 0.00498523563147, 0.00457547232509, 0.00381507072598, 9.92621244222e-06],
        "mean": [0.000502109644003, 0.00708011258394, 0.00129907997325, 0.00224748556502, 0.00361052388325, 0.00186553376261, 0.00280460249633, 0.00272998120636, 0.00174682273064, 0.00105394644197, 0.000808013544884, 0.000878563791048, 0.000543024914805, 0.000460131210275, 0.000922666164115, 0.00050175114302, 0.000392557441955, 0.000456421024865, 0.000372675131075, 0.000370789523004, 0.000217600885662, 0.000195390981389, 0.000249166536378, 0.000277694955003, 0.0002791552688, 0.000175312350621, 1.00097359734e-07],
        "median": [0.000266320013907, 0.00075988896424, 0.000351388647687, 0.00103827111889, 0.00223280442879, 0.00106167804915, 0.00104417046532, 0.00106318970211, 0.000660529651213, 0.000573633646127, 0.000332429102855, 0.000386956555303, 0.000232793128816, 0.000190907361684, 0.000444024393801, 0.000273533398286, 0.000247068237513, 0.000260614120634, 0.000245048868237, 0.000244206661591, 9.40305108088e-05, 9.5355186204e-05, 0.000116919596621, 0.000119289536087, 9.07271460164e-05, 4.80709168187e-05, 1.12809384056e-09],
        "min": [1.52510082785e-07, 8.81464416125e-07, 6.68107489332e-08, 8.26296258083e-08, 5.74080058868e-06, 6.93532547302e-06, 3.89691285818e-06, 1.77291440195e-06, 4.15228669226e-06, 7.07743674866e-06, 4.06756362281e-06, 6.53102188153e-06, 2.00248905458e-06, 2.10514394894e-06, 5.76897082283e-06, 1.10090413727e-05, 1.02232788777e-05, 8.32696696307e-06, 7.79976380727e-06, 8.02586328064e-06, 5.73398381221e-07, 3.04146595909e-07, 7.56378355504e-08, 9.41236777408e-09, 6.63551880109e-09, 6.00802874118e-09, 5.63639369552e-12],
        "var": [3.81627756951e-07, 9.55884024734e-05, 5.52292067368e-06, 8.51392996992e-06, 2.11967817449e-05, 5.96989275436e-06, 2.37136428041e-05, 1.72681429831e-05, 1.26870709209e-05, 1.58923046456e-06, 1.79580172244e-06, 1.5723087472e-06, 8.23199911792e-07, 6.76729825955e-07, 2.15106319956e-06, 3.78865735229e-07, 1.67696001085e-07, 2.9988410688e-07, 1.67748339663e-07, 1.61318311598e-07, 1.15422338354e-07, 1.06798701438e-07, 2.57211382859e-07, 2.05481867965e-07, 2.62876710622e-07, 1.16415243667e-07, 2.81470755991e-13]
    },
    "erbbands": {
        "dmean": [0.150250092149, 0.777343571186, 1.22265863419, 3.68881893158, 8.63175201416, 7.17349481583, 10.7016572952, 10.2542829514, 30.1184120178, 27.4090805054, 49.3644104004, 28.1906223297, 20.2777633667, 23.7595462799, 24.9671268463, 24.838842392, 20.8617610931, 20.2194042206, 27.9950809479, 23.4161300659, 18.1660671234, 11.7028942108, 16.3188514709, 12.1742601395, 12.2714633942, 10.9515514374, 6.56555509567, 5.48932886124, 4.46170711517, 5.04945421219, 4.69511127472, 4.43971633911, 3.30024886131, 2.3287987709, 1.54885005951, 0.632090866566, 0.244395464659, 0.0179410297424, 0.000356477947207, 3.0166020224e-05],
        "dmean2": [0.238234877586, 1.27652037144, 1.99747502804, 6.16233682632, 14.4195432663, 11.963133812, 16.5921134949, 16.9534988403, 48.0937690735, 45.4129295349, 80.1078109741, 43.6639137268, 32.6239814758, 38.6976089478, 38.5606040955, 37.8236694336, 34.4961280823, 32.7053947449, 44.7241706848, 36.7557258606, 28.3641471863, 18.7018527985, 24.7326316833, 18.9252986908, 18.5005340576, 16.9218826294, 9.87156677246, 8.65424919128, 6.60016059875, 7.13993835449, 7.07457590103, 6.76429128647, 5.11194372177, 3.48094797134, 2.35456705093, 0.926100730896, 0.359859585762, 0.0277996901423, 0.000537347164936, 4.37421622337e-05],
        "dvar": [0.0618111677468, 2.40087270737, 6.45290708542, 34.0845069885, 212.26739502, 144.621994019, 311.140960693, 318.063995361, 2821.44458008, 2411.25146484, 8122.04736328, 4548.14794922, 1120.48327637, 1513.66540527, 1838.88659668, 1890.99279785, 1466.46435547, 1943.54504395, 1697.73388672, 2492.1496582, 682.615478516, 255.3777771, 615.537475586, 325.239593506, 318.235015869, 230.528198242, 144.1484375, 123.02872467, 81.771484375, 104.687255859, 164.769439697, 70.2500457764, 40.8922233582, 22.480173111, 10.4760379791, 1.99558341503, 0.320281237364, 0.00200730422512, 7.2712924748e-07, 2.61463717344e-09],
        "dvar2": [0.170919179916, 5.62023544312, 16.3352241516, 89.9330673218, 552.397094727, 378.234008789, 690.968139648, 765.753173828, 6683.47021484, 6135.68164062, 19802.1445312, 10772.8447266, 2491.55273438, 3675.40405273, 4076.62402344, 4609.94042969, 3743.30786133, 5166.55517578, 4412.0390625, 6593.91113281, 1563.37756348, 598.728027344, 1329.21594238, 760.885375977, 707.821289062, 534.362915039, 326.990478516, 271.97177124, 168.465423584, 195.957260132, 380.314605713, 174.050170898, 98.4784393311, 51.5705833435, 25.103105545, 4.55799341202, 0.754354298115, 0.00507369218394, 1.80581332643e-06, 6.05722494385e-09],
        "max": [1.59646618366, 13.6018543243, 28.232093811, 50.7821159363, 138.783081055, 126.360565186, 186.202880859, 240.205215454, 588.576843262, 531.845703125, 1237.29321289, 1060.82971191, 521.973388672, 415.972045898, 608.758911133, 560.407226562, 425.224090576, 475.174957275, 571.852294922, 693.679382324, 274.308380127, 140.124130249, 211.413085938, 175.754745483, 188.005432129, 168.494232178, 153.599060059, 158.065826416, 164.276916504, 214.002044678, 347.897949219, 125.20098114, 68.7283477783, 71.5121307373, 35.7330093384, 25.2819042206, 5.89113330841, 0.63549131155, 0.0110655818135, 0.000582489126828],
        "mean": [0.276530951262, 1.2841385603, 1.50872135162, 5.25875377655, 11.1361703873, 9.82581043243, 15.3972864151, 14.2730331421, 38.0710449219, 35.4309158325, 67.0533294678, 42.5577392578, 33.3440551758, 35.0590896606, 37.6107330322, 37.1950111389, 26.6243801117, 24.9491863251, 43.5436286926, 34.4612159729, 29.9128513336, 21.0126686096, 25.5006370544, 20.0117740631, 20.1155281067, 17.2171154022, 9.70903491974, 7.83388233185, 6.7277097702, 7.67109918594, 7.0223493576, 6.01145744324, 4.40827465057, 3.14161920547, 1.98975288868, 0.875483930111, 0.322815984488, 0.0226845704019, 0.000471988838399, 6.54819014017e-05],
        "median": [0.0176745597273, 0.186913967133, 0.503657579422, 2.37715387344, 6.29322767258, 4.68540668488, 6.42266511917, 8.98114013672, 16.0920257568, 17.9595184326, 26.5105342865, 16.9929866791, 17.953540802, 18.9375209808, 18.7594509125, 17.5558433533, 12.7484846115, 11.5904111862, 22.5815525055, 15.2769861221, 17.7628898621, 13.3106985092, 14.5406980515, 13.0175065994, 13.4428958893, 11.4004516602, 4.74958992004, 3.2306125164, 3.43971276283, 3.5097849369, 3.22773861885, 2.58811855316, 1.74871265888, 1.10149776936, 0.598892807961, 0.27717897296, 0.0800860598683, 0.00528233265504, 0.000132059358293, 4.85280834255e-05],
        "min": [4.53203065263e-05, 0.000238240798353, 0.000190564591321, 0.00108139112126, 0.0104698631912, 0.0206124391407, 0.0369051657617, 0.0738300457597, 0.105620101094, 0.0411183945835, 0.0467023774981, 0.0901699960232, 0.221480041742, 0.341946750879, 0.373710900545, 0.350730359554, 0.212665662169, 0.214162275195, 0.390701532364, 0.480930656195, 0.813806831837, 0.729848861694, 0.742139995098, 0.383336037397, 0.490927159786, 0.269768923521, 0.108413942158, 0.0351551957428, 0.0152482734993, 0.00466035027057, 0.00161475304049, 0.000404590042308, 0.000134248097311, 9.69798275037e-05, 3.67302127415e-05, 2.31134999922e-05, 1.5689220163e-05, 1.73508158241e-06, 2.37024642047e-06, 4.09183940064e-06],
        "var": [0.152342289686, 3.91074156761, 6.7868103981, 48.7309455872, 226.561019897, 174.499023438, 575.15411377, 406.493377686, 3743.29858398, 2777.00512695, 11229.2880859, 7756.79443359, 2094.93383789, 2163.93725586, 3157.91162109, 2850.89306641, 1631.6003418, 1846.7767334, 3130.72827148, 4287.63232422, 1204.48571777, 455.730560303, 949.063232422, 465.402130127, 483.1640625, 343.18157959, 196.130279541, 162.798751831, 118.904037476, 184.477416992, 261.730804443, 110.808441162, 53.9258460999, 34.8548965454, 14.0294208527, 2.96590876579, 0.417429596186, 0.00223604496568, 8.53399740208e-07, 3.92913612757e-09]
    },
    "gfcc": {
        "mean": [39.4966812134, 71.5721282959, -117.061073303, 22.9135570526, -65.107131958, 14.7409591675, -44.544418335, 20.5432071686, -27.4115695953, 7.49385881424, -17.9812088013, 2.72603940964, -14.102517128],
        "cov": [[2456.78466797, -703.214538574, 456.569549561, 126.613098145, -63.9981269836, 234.790313721, -130.786300659, -55.6465759277, -128.902679443, 105.245849609, -108.775085449, 48.0685005188, -66.1507263184], [-703.214538574, 1301.87976074, -119.14466095, 76.1325073242, 311.617248535, -149.418807983, 169.618438721, 23.0242366791, 59.3348083496, -100.418144226, 84.8992233276, -122.526473999, 18.2499580383], [456.569549561, -119.14466095, 670.708557129, 223.772033691, 103.166259766, 204.469207764, 38.7396774292, 64.0119018555, -19.9358482361, 70.3830871582, 11.4517469406, 77.8456878662, 36.6954307556], [126.613098145, 76.1325073242, 223.772033691, 364.837615967, 195.919921875, 60.6573677063, -6.69278097153, -19.976852417, 11.1534280777, -7.68253183365, -15.2675180435, -3.07345676422, 36.7231445312], [-63.9981269836, 311.617248535, 103.166259766, 195.919921875, 287.979309082, 41.8983421326, 34.5718803406, -0.536060750484, 19.2292041779, -7.01816558838, 4.24324274063, -28.6770324707, 23.4696350098], [234.790313721, -149.418807983, 204.469207764, 60.6573677063, 41.8983421326, 210.780303955, 55.5047950745, 55.6672744751, 25.4596576691, 57.843460083, 23.3423538208, 36.4520111084, 10.8042011261], [-130.786300659, 169.618438721, 38.7396774292, -6.69278097153, 34.5718803406, 55.5047950745, 191.075424194, 111.704101562, 42.9013442993, 17.3224315643, 42.5271263123, 31.0611553192, 23.3548851013], [-55.6465759277, 23.0242366791, 64.0119018555, -19.976852417, -0.536060750484, 55.6672744751, 111.704101562, 150.695877075, 85.2957305908, 45.4747924805, 49.219669342, 41.6800880432, 27.2706985474], [-128.902679443, 59.3348083496, -19.9358482361, 11.1534280777, 19.2292041779, 25.4596576691, 42.9013442993, 85.2957305908, 148.499755859, 84.2295608521, 63.9882583618, 21.1732387543, 23.7416229248], [105.245849609, -100.418144226, 70.3830871582, -7.68253183365, -7.01816558838, 57.843460083, 17.3224315643, 45.4747924805, 84.2295608521, 144.243606567, 76.4546432495, 46.479888916, 14.802693367], [-108.775085449, 84.8992233276, 11.4517469406, -15.2675180435, 4.24324274063, 23.3423538208, 42.5271263123, 49.219669342, 63.9882583618, 76.4546432495, 113.326942444, 41.4611358643, 22.0231056213], [48.0685005188, -122.526473999, 77.8456878662, -3.07345676422, -28.6770324707, 36.4520111084, 31.0611553192, 41.6800880432, 21.1732387543, 46.479888916, 41.4611358643, 95.2492904663, 37.56873703], [-66.1507263184, 18.2499580383, 36.6954307556, 36.7231445312, 23.4696350098, 10.8042011261, 23.3548851013, 27.2706985474, 23.7416229248, 14.802693367, 22.0231056213, 37.56873703, 68.3695602417]],
        "icov": [[0.000692152301781, -0.000159163100761, 4.78142192151e-06, -0.000419170217356, 0.000375454867026, -0.000666217703838, 0.000706323480699, -0.000699698750395, 0.0012389178155, -0.00152587972116, 0.00125836860389, -0.000486708799144, 0.000711212400347], [-0.000159163100761, 0.00364065612666, -0.00151326018386, 0.00182161002886, -0.00362984160893, 0.00355425779708, -0.00438397377729, 0.00355172180571, -0.00375355081633, 0.00517304148525, -0.0058850129135, 0.00477609876543, -0.00107214343734], [4.78142192151e-06, -0.00151326018386, 0.00410234788433, -0.00276221171953, 0.00133434927557, -0.00332257384434, 0.00279530812986, -0.00445090932772, 0.00501483678818, -0.00427021225914, 0.00299372128211, -0.00324416090734, 0.000579315295909], [-0.000419170217356, 0.00182161002886, -0.00276221171953, 0.00726879527792, -0.00501879490912, 0.0019088491099, -0.00234551448375, 0.00505244964734, -0.00561317941174, 0.00524085015059, -0.00271034846082, 0.00228410935961, -0.00267396238633], [0.000375454867026, -0.00362984160893, 0.00133434927557, -0.00501879490912, 0.0101201692596, -0.0041583115235, 0.0027792963665, -0.0025852646213, 0.00350149837323, -0.00525506446138, 0.00500876270235, -0.00153531692922, -0.0002712594287], [-0.000666217703838, 0.00355425779708, -0.00332257384434, 0.0019088491099, -0.0041583115235, 0.0117060486227, -0.00610839994624, 0.00307264481671, -0.00430260272697, 0.00365548115224, -0.00556564470753, 0.00430054077879, -0.000264407834038], [0.000706323480699, -0.00438397377729, 0.00279530812986, -0.00234551448375, 0.0027792963665, -0.00610839994624, 0.0166047941893, -0.013920689933, 0.00847102422267, -0.00613936735317, 0.005769809708, -0.00654722796753, 0.00163153326139], [-0.000699698750395, 0.00355172180571, -0.00445090932772, 0.00505244964734, -0.0025852646213, 0.00307264481671, -0.013920689933, 0.0260840430856, -0.0171897634864, 0.010530709289, -0.00663877744228, 0.00256123789586, -0.00277667865157], [0.0012389178155, -0.00375355081633, 0.00501483678818, -0.00561317941174, 0.00350149837323, -0.00430260272697, 0.00847102422267, -0.0171897634864, 0.0258260034025, -0.0174091756344, 0.0056672510691, -0.00200121314265, 4.00446115236e-05], [-0.00152587972116, 0.00517304148525, -0.00427021225914, 0.00524085015059, -0.00525506446138, 0.00365548115224, -0.00613936735317, 0.010530709289, -0.0174091756344, 0.0279288459569, -0.0171866714954, 0.00346620171331, -0.000627205648925], [0.00125836860389, -0.0058850129135, 0.00299372128211, -0.00271034846082, 0.00500876270235, -0.00556564470753, 0.005769809708, -0.00663877744228, 0.0056672510691, -0.0171866714954, 0.02780277282, -0.011731046252, 0.00171809911262], [-0.000486708799144, 0.00477609876543, -0.00324416090734, 0.00228410935961, -0.00153531692922, 0.00430054077879, -0.00654722796753, 0.00256123789586, -0.00200121314265, 0.00346620171331, -0.011731046252, 0.0267822109163, -0.0111625408754], [0.000711212400347, -0.00107214343734, 0.000579315295909, -0.00267396238633, -0.0002712594287, -0.000264407834038, 0.00163153326139, -0.00277667865157, 4.00446115236e-05, -0.000627205648925, 0.00171809911262, -0.0111625408754, 0.0231133699417]]
    },
    "melbands": {
        "dmean": [0.00117210939061, 0.000779042195063, 0.000743189069908, 0.000617445504759, 0.000333165749907, 0.00023944680288, 0.000477568275528, 0.000302251864923, 0.000391537701944, 0.00017333762662, 0.000102654536022, 9.98652903945e-05, 8.7730550149e-05, 6.99834927218e-05, 5.68747855141e-05, 4.26545375376e-05, 3.87381369364e-05, 4.20371979999e-05, 4.28763523814e-05, 2.53108282777e-05, 2.14787542063e-05, 1.31504230012e-05, 1.30130993057e-05, 1.65516084962e-05, 9.8742721093e-06, 8.76170088304e-06, 1.02909698398e-05, 7.00907185092e-06, 4.01590023102e-06, 4.49408889835e-06, 2.81938673652e-06, 2.43860222326e-06, 2.913738399e-06, 3.05777280118e-06, 2.976222504e-06, 2.56671046373e-06, 2.835976602e-06, 2.36400001086e-06, 2.21503114517e-06, 1.9070723738e-06],
        "dmean2": [0.00186692143325, 0.00122651655693, 0.00123699312098, 0.00103721825872, 0.000519988359883, 0.000394690781832, 0.000759699789342, 0.000498923065607, 0.000636598910205, 0.000269508571364, 0.000166546218679, 0.000164092416526, 0.000139130890602, 0.000106833445898, 9.24596024561e-05, 7.11946267984e-05, 6.29460264463e-05, 6.71042653266e-05, 6.9468813308e-05, 3.96047398681e-05, 3.3939286368e-05, 2.13012335735e-05, 2.05901724257e-05, 2.5790048312e-05, 1.56892638188e-05, 1.35120289997e-05, 1.59354349307e-05, 1.10239643618e-05, 6.16183433522e-06, 7.16941622159e-06, 4.5033425522e-06, 3.69321764992e-06, 4.40999065177e-06, 4.41895554104e-06, 4.5716456043e-06, 4.047618404e-06, 4.40187432105e-06, 3.71297596757e-06, 3.40554333889e-06, 2.87244279207e-06],
        "dvar": [3.49872652805e-06, 2.47929142461e-06, 1.19656954212e-06, 1.17716137993e-06, 2.68901459322e-07, 1.51203764176e-07, 7.15849182598e-07, 2.70483923259e-07, 5.10014217525e-07, 1.97131868163e-07, 2.96283246826e-08, 2.70951083792e-08, 2.53181706711e-08, 1.19694680834e-08, 1.1180752324e-08, 7.41245420599e-09, 6.97532387406e-09, 3.76820841197e-09, 7.52215623123e-09, 1.91196747323e-09, 9.56785539685e-10, 3.03926300793e-10, 4.47834658246e-10, 6.69915345419e-10, 2.15784751179e-10, 1.74792472163e-10, 2.2156315671e-10, 1.00365306344e-10, 5.01277561127e-11, 8.65529592442e-11, 3.75210765236e-11, 2.75053920612e-11, 3.53850351797e-11, 4.05862080055e-11, 8.1819176434e-11, 3.80090889318e-11, 2.7328065158e-11, 2.21714088061e-11, 1.76764037435e-11, 1.72178382662e-11],
        "dvar2": [9.36983269639e-06, 6.05738750892e-06, 3.15051056532e-06, 3.07942809741e-06, 6.05193861247e-07, 3.62678804322e-07, 1.66567690485e-06, 6.77233231272e-07, 1.2590131746e-06, 4.5229967327e-07, 6.6354033379e-08, 6.60504895222e-08, 5.99819074409e-08, 2.67037894019e-08, 2.72387641331e-08, 1.95422966698e-08, 1.83308728197e-08, 9.74959490918e-09, 1.95775928802e-08, 4.70228167515e-09, 2.2224668772e-09, 7.39572403319e-10, 1.05916098114e-09, 1.51457268949e-09, 5.23092735794e-10, 3.97147398301e-10, 5.16337472778e-10, 2.34377600661e-10, 1.13136819357e-10, 2.11949915951e-10, 7.92862789312e-11, 5.65574080624e-11, 8.0701001437e-11, 7.90741222501e-11, 1.87418566777e-10, 9.67289512377e-11, 6.57328011466e-11, 5.36774201476e-11, 4.16841006157e-11, 3.94672905468e-11],
        "max": [0.0123121673241, 0.0124369831756, 0.00840468425304, 0.0100972801447, 0.00533966673538, 0.00490452209488, 0.00859594717622, 0.00578130362555, 0.00930208899081, 0.00727483071387, 0.00272804428823, 0.00172834447585, 0.00190886564087, 0.00113212503493, 0.00145592971239, 0.000892349577043, 0.000834126840346, 0.000679288234096, 0.00136913894676, 0.000589140341617, 0.000304750486976, 0.000172108659171, 0.000206784665352, 0.000256548810285, 0.0001436281309, 0.000132170462166, 0.000165960256709, 0.000122796671349, 9.16544231586e-05, 9.86048689811e-05, 0.000102381716715, 0.000111688335892, 8.59293941176e-05, 0.000131413180497, 0.000267113733571, 0.00013942271471, 6.91152526997e-05, 5.25987925357e-05, 4.46285412181e-05, 6.62589372951e-05],
        "mean": [0.00219408073463, 0.00110581540503, 0.00106454454362, 0.000803763337899, 0.000489222991746, 0.000325885688653, 0.000599939899985, 0.000401871715439, 0.000525796727743, 0.000256340572378, 0.000163383563631, 0.000140461095725, 0.000119902477309, 0.000107224281237, 7.5480529631e-05, 4.96605644003e-05, 4.48071332357e-05, 6.39080099063e-05, 6.14830787526e-05, 3.6261153582e-05, 3.47736677213e-05, 2.24817431445e-05, 1.91369144886e-05, 2.47320640483e-05, 1.50758278323e-05, 1.36642611324e-05, 1.56154983415e-05, 1.02748717836e-05, 5.7822189774e-06, 5.76919774176e-06, 3.98268502977e-06, 3.59124351235e-06, 4.05550918003e-06, 4.46154035671e-06, 4.30102863902e-06, 3.50138498106e-06, 3.71671649191e-06, 3.05211187879e-06, 2.92553158943e-06, 2.53017924479e-06],
        "median": [0.000196398206754, 0.000369251618395, 0.000621278129984, 0.000453617947642, 0.000223967799684, 0.000200551265152, 0.000242303634877, 0.000201956325327, 0.000201998700504, 9.64741047937e-05, 8.61354419612e-05, 7.24554192857e-05, 5.30865545443e-05, 4.93200932397e-05, 3.43972351402e-05, 2.12586382986e-05, 1.8177091988e-05, 3.3147072827e-05, 2.63075799012e-05, 1.66132194863e-05, 2.12484846998e-05, 1.42388125823e-05, 1.01421965155e-05, 1.34065567181e-05, 9.3799762908e-06, 8.3382228695e-06, 1.01483947219e-05, 6.30848217043e-06, 2.82028304355e-06, 2.21381014853e-06, 1.65012863818e-06, 1.83226927675e-06, 1.91693106899e-06, 1.99577220883e-06, 1.86766510524e-06, 1.58124657901e-06, 1.47037940224e-06, 1.19982883007e-06, 1.1354200069e-06, 8.51912659527e-07],
        "min": [7.64276876453e-07, 1.09216792055e-07, 3.48455245103e-07, 9.71665599536e-07, 1.17220952234e-06, 1.52992890889e-06, 1.51499864387e-06, 4.16257137204e-07, 3.75707855937e-07, 5.95010078541e-07, 1.06795027932e-06, 1.23576558053e-06, 9.09051550479e-07, 8.87964347385e-07, 4.75981465797e-07, 3.44322728552e-07, 2.07922681739e-07, 3.59122452664e-07, 4.24294910317e-07, 5.61913282127e-07, 1.08704250579e-06, 6.59358761368e-07, 3.49690651547e-07, 4.70459951885e-07, 1.40401567705e-07, 1.91494180513e-07, 3.46732633716e-07, 1.12944327668e-07, 3.01533660263e-08, 1.20226522071e-08, 1.70194169868e-08, 9.12645514717e-09, 3.50773698976e-09, 2.18556905907e-09, 1.01622432691e-09, 4.38063113561e-10, 1.72269393195e-10, 9.32861010661e-11, 7.0766503768e-11, 7.96335636322e-11],
