{
"highlevel": {
    "danceability": {
        "all": {
            "danceable": 0.0339177139103,
            "not_danceable": 0.966082274914
        },
        "probability": 0.966082274914,
        "value": "not_danceable"
    },
    "gender": {
        "all": {
            "female": 0.715209007263,
            "male": 0.284791022539
        },
        "probability": 0.715209007263,
        "value": "female"
    },
    "genre_dortmund": {
        "all": {
            "alternative": 0.0831325426698,
            "blues": 0.15658095479,
            "electronic": 0.0080601843074,
            "folkcountry": 0.380825698376,
            "funksoulrnb": 0.0105162104592,
            "jazz": 0.159696027637,
            "pop": 0.0788892433047,
            "raphiphop": 0.00441488763317,
            "rock": 0.117884263396
        },
        "probability": 0.380825698376,
        "value": "folkcountry"
    },
    "genre_electronic": {
        "all": {
            "ambient": 0.948517918587,
            "dnb": 0.00322901271284,
            "house": 0.0416952520609,
            "techno": 0.00516594341025,
            "trance": 0.00139185949229
        },
        "probability": 0.948517918587,
        "value": "ambient"
    },
    "genre_rosamerica": {
        "all": {
            "cla": 0.0587848760188,
            "dan": 0.00390714267269,
            "hip": 0.0206836275756,
            "jaz": 0.568728327751,
            "pop": 0.0311593804508,
            "rhy": 0.211032003164,
            "roc": 0.00617560790852,
            "spe": 0.0995290353894
        },
        "probability": 0.568728327751,
        "value": "jaz"
    },
    "genre_tzanetakis": {
        "all": {
            "blu": 0.040105201304,
            "cla": 0.0245843715966,
            "cou": 0.0672842562199,
            "dis": 0.033415209502,
            "hip": 0.0513051114976,
            "jaz": 0.200421765447,
            "met": 0.0422143451869,
            "pop": 0.0501013696194,
            "reg": 0.0400811322033,
            "roc": 0.450487226248
        },
        "probability": 0.450487226248,
        "value": "roc"
    },
    "ismir04_rhythm": {
        "all": {
            "ChaChaCha": 0.00916346441954,
            "Jive": 0.00040769338375,
            "Quickstep": 0.00257718889043,
            "Rumba-American": 0.0097425961867,
            "Rumba-International": 0.837048768997,
            "Rumba-Misc": 0.0221424829215,
            "Samba": 0.00183576974086,
            "Tango": 0.00649088714272,
            "VienneseWaltz": 0.0135563146323,
            "Waltz": 0.0970348268747
        },
        "probability": 0.837048768997,
        "value": "Rumba-International"
    },
    "mood_acoustic": {
        "all": {
            "acoustic": 0.997870862484,
            "not_acoustic": 0.00212911772542
        },
        "probability": 0.997870862484,
        "value": "acoustic"
    },
    "mood_aggressive": {
        "all": {
            "aggressive": 4.66223764306e-06,
            "not_aggressive": 0.999995350838
        },
        "probability": 0.999995350838,
        "value": "not_aggressive"
    },
    "mood_electronic": {
        "all": {
            "electronic": 0.174766808748,
            "not_electronic": 0.825233161449
        },
        "probability": 0.825233161449,
        "value": "not_electronic"
    },
    "mood_happy": {
        "all": {
            "happy": 0.0600761063397,
            "not_happy": 0.939923882484
        },
        "probability": 0.939923882484,
        "value": "not_happy"
    },
    "mood_party": {
        "all": {
            "not_party": 0.985778510571,
            "party": 0.0142214968801
        },
        "probability": 0.985778510571,
        "value": "not_party"
    },
    "mood_relaxed": {
        "all": {
            "not_relaxed": 0.00937248952687,
            "relaxed": 0.990627527237
        },
        "probability": 0.990627527237,
        "value": "relaxed"
    },
    "mood_sad": {
        "all": {
            "not_sad": 0.0191759672016,
            "sad": 0.980824053288
        },
        "probability": 0.980824053288,
        "value": "sad"
    },
    "moods_mirex": {
        "all": {
            "Cluster1": 0.0516994930804,
            "Cluster2": 0.163152500987,
            "Cluster3": 0.735042691231,
            "Cluster4": 0.0468436293304,
            "Cluster5": 0.00326167582534
        },
        "probability": 0.735042691231,
        "value": "Cluster3"
    },
    "timbre": {
        "all": {
            "bright": 0.450637608767,
            "dark": 0.549362361431
        },
        "probability": 0.549362361431,
        "value": "dark"
    },
    "tonal_atonal": {
        "all": {
            "atonal": 0.113825395703,
            "tonal": 0.886174619198
        },
        "probability": 0.886174619198,
        "value": "tonal"
    },
    "voice_instrumental": {
        "all": {
            "instrumental": 0.002518852707,
            "voice": 0.997481167316
        },
        "probability": 0.997481167316,
        "value": "voice"
    }
},
"lowlevel": {
    "average_loudness": 0.937738656998,
    "barkbands_crest": {
        "dmean": 2.1972951889,
        "dmean2": 3.49976062775,
        "dvar": 5.52271986008,
        "dvar2": 13.4340295792,
        "max": 25.1017494202,
        "mean": 13.9717035294,
        "median": 13.4575834274,
        "min": 4.89206409454,
        "var": 19.5040531158
    },
    "barkbands_flatness_db": {
        "dmean": 0.0325726941228,
        "dmean2": 0.0486778877676,
        "dvar": 0.00170877366327,
        "dvar2": 0.00337515538558,
        "max": 0.743474781513,
        "mean": 0.381484180689,
        "median": 0.356633752584,
        "min": 0.125133439898,
        "var": 0.0156762097031
    },
    "barkbands_kurtosis": {
        "dmean": 14.0958147049,
        "dmean2": 23.8345165253,
        "dvar": 1483.12719727,
        "dvar2": 4061.50927734,
        "max": 525.925292969,
        "mean": 21.5841236115,
        "median": 9.53345012665,
        "min": -1.7005302906,
        "var": 1546.29968262
    },
    "barkbands_skewness": {
        "dmean": 0.906735897064,
        "dmean2": 1.45095801353,
        "dvar": 2.11673760414,
        "dvar2": 5.26266288757,
        "max": 16.7524604797,
        "mean": 2.17766952515,
        "median": 1.71544039249,
        "min": -3.00309228897,
        "var": 4.42837572098
    },
    "barkbands_spread": {
        "dmean": 1.71517241001,
        "dmean2": 2.5633122921,
        "dvar": 33.9029273987,
        "dvar2": 61.9812240601,
        "max": 105.582344055,
        "mean": 4.91840744019,
        "median": 2.03240251541,
        "min": 0.0994409546256,
        "var": 114.842025757
    },
    "dissonance": {
        "dmean": 0.0436711385846,
        "dmean2": 0.0704519450665,
        "dvar": 0.00177670153789,
        "dvar2": 0.00439566420391,
        "max": 0.495397269726,
        "mean": 0.350368022919,
        "median": 0.360334455967,
        "min": 0.0602540113032,
        "var": 0.00778047926724
    },
    "dynamic_complexity": 4.14926862717,
    "erbbands_crest": {
        "dmean": 2.80177569389,
        "dmean2": 4.25575494766,
        "dvar": 9.19825363159,
        "dvar2": 21.4076557159,
        "max": 32.512046814,
        "mean": 16.0203113556,
        "median": 14.8068647385,
        "min": 4.02543973923,
        "var": 36.2532615662
    },
    "erbbands_flatness_db": {
        "dmean": 0.0283908229321,
        "dmean2": 0.0410597808659,
        "dvar": 0.0012243463425,
        "dvar2": 0.00249752122909,
        "max": 0.53575772047,
        "mean": 0.301758885384,
        "median": 0.286629110575,
        "min": 0.0944520011544,
        "var": 0.00807690806687
    },
    "erbbands_kurtosis": {
        "dmean": 7.0343952179,
        "dmean2": 10.9509859085,
        "dvar": 226.351730347,
        "dvar2": 488.381347656,
        "max": 301.201690674,
        "mean": 14.0952653885,
        "median": 7.87937164307,
        "min": -1.91641736031,
        "var": 575.297668457
    },
    "erbbands_skewness": {
        "dmean": 0.678737699986,
        "dmean2": 1.02346205711,
        "dvar": 0.793917894363,
        "dvar2": 1.72837233543,
        "max": 12.475607872,
        "mean": 2.08195877075,
        "median": 1.95478892326,
        "min": -3.97262454033,
        "var": 2.97450685501
    },
    "erbbands_spread": {
        "dmean": 5.79829359055,
        "dmean2": 8.99392795563,
        "dvar": 175.355377197,
        "dvar2": 372.614532471,
        "max": 166.689620972,
        "mean": 15.5175266266,
        "median": 9.45967102051,
        "min": 0.392269074917,
        "var": 500.162017822
    },
    "hfc": {
        "dmean": 2.78068470955,
        "dmean2": 4.16884994507,
        "dvar": 41.3440895081,
        "dvar2": 91.6945953369,
        "max": 110.498580933,
        "mean": 8.77178192139,
        "median": 4.60759210587,
        "min": 0.00276970048435,
        "var": 107.78099823
    },
    "melbands_crest": {
        "dmean": 2.93243932724,
        "dmean2": 4.7380862236,
        "dvar": 8.95289897919,
        "dvar2": 23.3225688934,
        "max": 33.7970199585,
        "mean": 18.9753227234,
        "median": 18.649728775,
        "min": 6.83602142334,
        "var": 32.9554595947
    },
    "melbands_flatness_db": {
        "dmean": 0.036271750927,
        "dmean2": 0.0521529093385,
        "dvar": 0.00222338270396,
        "dvar2": 0.00418763095513,
        "max": 0.897503256798,
        "mean": 0.479879796505,
        "median": 0.455956012011,
        "min": 0.155501842499,
        "var": 0.0236760620028
    },
    "melbands_kurtosis": {
        "dmean": 16.9605102539,
        "dmean2": 28.2798919678,
        "dvar": 1815.46166992,
        "dvar2": 4407.25341797,
        "max": 678.184082031,
        "mean": 29.0401992798,
        "median": 11.3409490585,
        "min": -1.59407067299,
        "var": 2802.81787109
    },
    "melbands_skewness": {
        "dmean": 0.906884729862,
        "dmean2": 1.41967022419,
        "dvar": 2.01440572739,
        "dvar2": 4.62355041504,
        "max": 20.6200008392,
        "mean": 2.46100139618,
        "median": 1.88023245335,
        "min": -1.90886950493,
        "var": 5.03014564514
    },
    "melbands_spread": {
        "dmean": 1.56759750843,
        "dmean2": 2.36991643906,
        "dvar": 34.6932182312,
        "dvar2": 64.2030715942,
        "max": 151.156661987,
        "mean": 4.71871900558,
        "median": 2.01879382133,
        "min": 0.19107863307,
        "var": 77.5764465332
    },
    "pitch_salience": {
        "dmean": 0.0675763115287,
        "dmean2": 0.108150750399,
        "dvar": 0.00554409949109,
        "dvar2": 0.0131770772859,
        "max": 0.780408918858,
        "mean": 0.422701686621,
        "median": 0.425131648779,
        "min": 0.0366031937301,
        "var": 0.0195910241455
    },
    "silence_rate_20dB": {
        "dmean": 0,
        "dmean2": 0,
        "dvar": 0,
        "dvar2": 0,
        "max": 1,
        "mean": 1,
        "median": 1,
        "min": 1,
        "var": 0
    },
    "silence_rate_30dB": {
        "dmean": 0.00773993786424,
        "dmean2": 0.0154918665066,
        "dvar": 0.0076801260002,
        "dvar2": 0.0198996495456,
        "max": 1,
        "mean": 0.994586229324,
        "median": 1,
        "min": 0,
        "var": 0.00538437673822
    },
    "silence_rate_60dB": {
        "dmean": 0.0193498451263,
        "dmean2": 0.0387296676636,
        "dvar": 0.018975308165,
        "dvar2": 0.040327411145,
        "max": 1,
        "mean": 0.0680587813258,
        "median": 0,
        "min": 0,
        "var": 0.0634267628193
    },
    "spectral_centroid": {
        "dmean": 73.673286438,
        "dmean2": 110.591041565,
        "dvar": 66276.296875,
        "dvar2": 124637.1875,
        "max": 5262.36816406,
        "mean": 378.720703125,
        "median": 271.873535156,
        "min": 103.333259583,
        "var": 179927.28125
    },
    "spectral_complexity": {
        "dmean": 0.945820450783,
        "dmean2": 1.45468628407,
        "dvar": 1.40726971626,
        "dvar2": 2.40443181992,
        "max": 23,
        "mean": 5.33488035202,
        "median": 5,
        "min": 0,
        "var": 10.0356121063
    },
    "spectral_decrease": {
        "dmean": 2.16307927126e-09,
        "dmean2": 3.46866868561e-09,
        "dvar": 1.40728369963e-17,
        "dvar2": 3.51396448903e-17,
        "max": -4.10115778143e-12,
        "mean": -6.88240042734e-09,
        "median": -5.62734836507e-09,
        "min": -4.99472001536e-08,
        "var": 3.1096078345e-17
    },
    "spectral_energy": {
        "dmean": 0.0083738528192,
        "dmean2": 0.0134070431814,
        "dvar": 0.00021436852694,
        "dvar2": 0.000533512793481,
        "max": 0.198534756899,
        "mean": 0.0267713479698,
        "median": 0.0216315239668,
        "min": 1.57557860803e-05,
        "var": 0.000474872504128
    },
    "spectral_energyband_high": {
        "dmean": 5.17605512869e-05,
        "dmean2": 6.78887518006e-05,
        "dvar": 6.77717082453e-08,
        "dvar2": 9.86999353358e-08,
        "max": 0.00514313951135,
        "mean": 0.000126440514578,
        "median": 4.11532164435e-06,
        "min": 5.90499071862e-09,
        "var": 2.98698495271e-07
    },
    "spectral_energyband_low": {
        "dmean": 0.00454043736681,
        "dmean2": 0.00784307252616,
        "dvar": 5.64924193895e-05,
        "dvar2": 0.000160889030667,
        "max": 0.0853407979012,
        "mean": 0.0112253213301,
        "median": 0.0087552536279,
        "min": 7.21428750694e-06,
        "var": 0.000107761174149
    },
    "spectral_energyband_middle_high": {
        "dmean": 0.000425586244091,
        "dmean2": 0.000563119596336,
        "dvar": 2.48785136137e-06,
        "dvar2": 4.64154527435e-06,
        "max": 0.0336932204664,
        "mean": 0.000913999450859,
        "median": 6.22792431386e-05,
        "min": 9.91283766183e-09,
        "var": 7.4194622357e-06
    },
    "spectral_energyband_middle_low": {
        "dmean": 0.00593451457098,
        "dmean2": 0.00936120003462,
        "dvar": 0.000146228150697,
        "dvar2": 0.000353827956133,
        "max": 0.174450874329,
        "mean": 0.0165349654853,
        "median": 0.0112500647083,
        "min": 1.36305857268e-06,
        "var": 0.000311829178827
    },
    "spectral_entropy": {
        "dmean": 0.309478282928,
        "dmean2": 0.455468118191,
        "dvar": 0.166530951858,
        "dvar2": 0.342020481825,
        "max": 8.54439544678,
        "mean": 5.42950868607,
        "median": 5.50048542023,
        "min": 2.66175055504,
        "var": 1.08488273621
    },
    "spectral_flux": {
        "dmean": 0.0263206902891,
        "dmean2": 0.0401202775538,
        "dvar": 0.00103665259667,
        "dvar2": 0.00233271368779,
        "max": 0.375815212727,
        "mean": 0.0569619014859,
        "median": 0.0455907918513,
        "min": 0.00186316086911,
        "var": 0.00222916714847
    },
    "spectral_kurtosis": {
        "dmean": 20.7719345093,
        "dmean2": 31.7107582092,
        "dvar": 1010.16601562,
        "dvar2": 2448.55908203,
        "max": 362.965270996,
        "mean": 55.6514282227,
        "median": 24.9019050598,
        "min": -0.814085960388,
        "var": 4659.46191406
    },
    "spectral_rms": {
        "dmean": 0.000747776241042,
        "dmean2": 0.00116576114669,
        "dvar": 9.98534346763e-07,
        "dvar2": 2.39099585997e-06,
        "max": 0.013917343691,
        "mean": 0.00469662621617,
        "median": 0.00459390087053,
        "min": 0.000123981852084,
        "var": 4.06011849918e-06
    },
    "spectral_rolloff": {
        "dmean": 123.248817444,
        "dmean2": 221.852737427,
        "dvar": 441983.25,
        "dvar2": 905797.3125,
        "max": 10809.6679688,
        "mean": 469.316711426,
        "median": 279.931640625,
        "min": 86.1328125,
        "var": 834144.9375
    },
    "spectral_skewness": {
        "dmean": 1.0844398737,
        "dmean2": 1.62890589237,
        "dvar": 1.74291086197,
        "dvar2": 3.70359539986,
        "max": 16.2683486938,
        "mean": 5.22153902054,
        "median": 3.97797822952,
        "min": 0.00926606170833,
        "var": 12.3984508514
    },
    "spectral_spread": {
        "dmean": 640543,
        "dmean2": 992318.875,
        "dvar": 1.02012433203e+12,
        "dvar2": 1.93301761229e+12,
        "max": 20409016,
        "mean": 2664248.75,
        "median": 2230776.75,
        "min": 227277.109375,
        "var": 3.9016571863e+12
    },
    "spectral_strongpeak": {
        "dmean": 0.382203161716,
        "dmean2": 0.652617692947,
        "dvar": 0.53160482645,
        "dvar2": 1.31856215,
        "max": 8.3033952713,
        "mean": 1.00771045685,
        "median": 0.584388971329,
        "min": 0,
        "var": 1.28436660767
    },
    "zerocrossingrate": {
        "dmean": 0.00348259415478,
        "dmean2": 0.00404581287876,
        "dvar": 8.31598154036e-05,
        "dvar2": 8.08200420579e-05,
        "max": 0.30615234375,
        "mean": 0.0183096025139,
        "median": 0.01220703125,
        "min": 0.00146484375,
        "var": 0.000550597265828
    },
    "barkbands": {
        "dmean": [1.25836086227e-05, 0.0015293606557, 0.00228095497005, 0.00179882533848, 0.0021366244182, 0.000877306098118, 0.000642969389446, 0.00225741323084, 0.000202691895538, 0.000134670102852, 5.8163626818e-05, 0.000162764001288, 0.000125678139739, 5.86951209698e-05, 3.06938090944e-05, 1.91863819055e-05, 9.58643613558e-06, 1.00778206615e-05, 4.37440758105e-06, 7.54609027354e-06, 8.12798134575e-06, 1.94798449229e-05, 1.58726797963e-05, 8.75101704878e-06, 6.56347719996e-06, 2.93612629321e-06, 1.30094079953e-09],
        "dmean2": [2.2313768568e-05, 0.00261100404896, 0.00388503842987, 0.00309937796555, 0.00327142048627, 0.00126661453396, 0.000875149853528, 0.00349208945408, 0.000305865280097, 0.00017693049449, 8.74538673088e-05, 0.000225001436775, 0.000177323730895, 8.086568414e-05, 4.33265850006e-05, 2.76379887509e-05, 1.49302004502e-05, 1.46648862938e-05, 6.09913558947e-06, 1.13149162644e-05, 1.21720595416e-05, 2.88641185762e-05, 2.29667111853e-05, 1.25871947603e-05, 9.67563937593e-06, 3.88125317841e-06, 2.22592144716e-09],
        "dvar": [8.17676648612e-10, 7.90166450315e-06, 1.83796892088e-05, 1.48522649397e-05, 1.39205185405e-05, 9.97905772238e-06, 4.58967451777e-06, 9.32999246288e-05, 1.55890950282e-06, 1.9726915923e-07, 1.11180227691e-07, 1.0141019402e-06, 7.98801465862e-07, 9.72845768388e-08, 1.18415366401e-08, 4.82214357334e-09, 1.12813591802e-09, 1.37549527324e-09, 1.59981694559e-10, 4.8191262092e-10, 2.1368871117e-09, 1.19523297926e-08, 5.64004309922e-09, 1.79145642765e-09, 1.65104319105e-09, 3.31291438727e-10, 7.00012843029e-17],
        "dvar2": [2.37093789046e-09, 2.34204926528e-05, 4.80132621306e-05, 4.82784889755e-05, 3.00917326967e-05, 2.19216508413e-05, 9.97788811219e-06, 0.000229966375628, 3.9330616346e-06, 3.25444005966e-07, 2.07213616932e-07, 2.05971787182e-06, 1.64123480317e-06, 1.70579866676e-07, 2.25718981284e-08, 1.03680264374e-08, 2.23737872673e-09, 3.09369196927e-09, 2.96530605626e-10, 1.05004482887e-09, 4.04047151292e-09, 2.49885268033e-08, 1.10271995979e-08, 3.29885696537e-09, 2.6810513809e-09, 5.05602726353e-10, 7.73060633528e-17],
        "max": [0.000560097920243, 0.0298343170434, 0.0498633682728, 0.0327397435904, 0.0425648018718, 0.085806414485, 0.0417271442711, 0.162455961108, 0.0319826193154, 0.00960783287883, 0.00552672194317, 0.0236787796021, 0.01936596632, 0.00781919434667, 0.00191820005421, 0.0013570379233, 0.000767394085415, 0.000808025710285, 0.000323117856169, 0.0003779483377, 0.00129902875051, 0.00201812037267, 0.00142636487726, 0.000978806405328, 0.00114169227891, 0.000515718304086, 2.95667604178e-07],
        "mean": [1.12498673843e-05, 0.00241361930966, 0.00680191582069, 0.00342423818074, 0.00507823610678, 0.00224545272067, 0.00130546896253, 0.00415077991784, 0.000262786634266, 0.000259799242485, 8.20642526378e-05, 0.000220191825065, 0.000147509766975, 0.000112463225378, 4.60428163933e-05, 3.32784111379e-05, 1.77672482096e-05, 1.95920601982e-05, 7.44757107896e-06, 1.23792951854e-05, 1.40226693475e-05, 3.82924445148e-05, 3.20658837154e-05, 1.67034631886e-05, 1.25808210214e-05, 5.45141119801e-06, 1.09823483641e-09],
        "median": [3.18529419019e-06, 0.00111003324855, 0.00426031602547, 0.00192446820438, 0.00288695655763, 0.000694033631589, 2.99539115076e-05, 5.13291670359e-05, 6.76003992339e-06, 5.62135710425e-06, 2.94850178761e-06, 6.50449010209e-06, 4.31256694355e-06, 2.03903005058e-06, 2.04800471693e-06, 1.37020720103e-06, 1.27404678096e-06, 1.91829849427e-06, 9.39802362154e-07, 6.57572229557e-07, 4.51159621662e-07, 4.22093251018e-07, 4.81723816392e-07, 2.53973723829e-07, 1.07437124086e-07, 6.58465992842e-08, 3.315626107e-10],
        "min": [2.52630494302e-09, 2.73497420267e-07, 6.10297036019e-07, 1.83980631618e-07, 2.7986789064e-07, 4.08058475898e-09, 2.7733007002e-09, 2.21331220018e-09, 1.35059252671e-09, 1.03449715461e-09, 5.02143271408e-10, 6.60576038314e-10, 1.29153188144e-09, 5.61946933431e-10, 5.12060394087e-10, 2.92834256843e-10, 4.09812739299e-10, 2.45607728599e-10, 3.26601523604e-10, 4.04286770728e-10, 2.50978904326e-10, 4.74690342589e-10, 4.56951171346e-10, 4.26191970604e-10, 5.85992782076e-11, 1.50324006715e-11, 1.99682926444e-11],
        "var": [7.75826236588e-10, 1.10529845188e-05, 5.47531417396e-05, 1.92734660232e-05, 3.98304655391e-05, 3.59854493581e-05, 1.63179720403e-05, 0.000134477013489, 1.82246662916e-06, 8.1279023334e-07, 2.12558447288e-07, 1.5391431134e-06, 1.13223575227e-06, 3.30207171828e-07, 2.44519142711e-08, 1.16614566892e-08, 3.04098946025e-09, 3.34822836123e-09, 3.69769243003e-10, 1.10935660658e-09, 5.46137268742e-09, 3.90444050424e-08, 1.76770029725e-08, 6.42028341602e-09, 5.88618398467e-09, 1.12778997252e-09, 6.93312878591e-17]
    },
    "erbbands": {
        "dmean": [0.0111064286903, 0.462427437305, 2.48172140121, 4.85064029694, 3.86291193962, 8.96427536011, 11.0882015228, 6.19055461884, 3.83771181107, 34.2010307312, 39.3487129211, 5.63934183121, 5.69552373886, 2.11914801598, 4.30546760559, 5.22409439087, 4.10717201233, 4.298204422, 1.76631569862, 1.70813703537, 0.747125804424, 0.607825994492, 0.584802567959, 0.245750382543, 0.217768505216, 0.368926584721, 0.267812222242, 0.459989100695, 0.659833669662, 0.630871117115, 0.453856915236, 0.241153985262, 0.116189420223, 0.0772403329611, 0.0446225404739, 0.0189611129463, 0.00459109665826, 0.000254533108091, 8.32326804812e-06, 9.40308927966e-06],
        "dmean2": [0.0189661458135, 0.791965425014, 4.26156234741, 8.37569999695, 6.17790985107, 13.6082754135, 16.4347438812, 9.11248207092, 5.54591703415, 48.8779754639, 60.7580375671, 8.76588249207, 7.83104705811, 2.82592916489, 6.12608337402, 7.27536725998, 5.93962621689, 6.14085626602, 2.38174653053, 2.26680397987, 0.965577483177, 0.900087594986, 0.852505683899, 0.342649459839, 0.306356847286, 0.559614241123, 0.38656026125, 0.71201056242, 0.956310927868, 0.972301959991, 0.656816601753, 0.33765488863, 0.158606648445, 0.109127208591, 0.0623413845897, 0.0257982127368, 0.00623848522082, 0.000360105477739, 1.20342765513e-05, 1.49283259816e-05],
        "dvar": [0.000540811743122, 0.71561306715, 19.6144523621, 101.976356506, 72.8047561646, 255.664840698, 555.442504883, 1209.43139648, 227.657501221, 12771.3671875, 39827.4414062, 1068.52490234, 407.696838379, 53.9205703735, 526.368469238, 1636.88879395, 704.327636719, 1171.45019531, 49.6813240051, 46.6916351318, 5.39862728119, 4.12405776978, 4.90765762329, 0.371821522713, 0.473643243313, 1.11992394924, 1.34023487568, 8.046459198, 14.6582241058, 11.9263849258, 4.42087030411, 1.27958548069, 0.363492488861, 0.237263306975, 0.0731334686279, 0.0131049528718, 0.00094723579241, 2.41224711317e-06, 1.11368791966e-09, 2.67228073003e-10],
        "dvar2": [0.00142846326344, 2.13621759415, 54.9868125916, 318.989929199, 180.786102295, 581.04675293, 1209.21679688, 2562.53344727, 524.404418945, 27224.8203125, 102446.71875, 2910.58178711, 840.676513672, 85.3807601929, 1043.18811035, 3782.60644531, 1613.57397461, 2160.2043457, 99.1145401001, 76.4587478638, 7.93173122406, 8.2689037323, 11.244225502, 0.631213068962, 0.975068986416, 2.49499869347, 2.6242442131, 17.6650066376, 30.2793254852, 26.975479126, 8.73604869843, 2.24087023735, 0.684511899948, 0.388312458992, 0.118429191411, 0.0209747236222, 0.00139576022048, 3.7027102735e-06, 1.53622026211e-09, 6.61182109063e-10],
        "max": [0.287786275148, 9.06144618988, 45.7207298279, 101.006736755, 139.282775879, 174.665985107, 356.749267578, 1068.12939453, 308.460998535, 1662.40234375, 3443.03955078, 768.066650391, 281.993988037, 200.642654419, 543.835998535, 1130.04711914, 545.640319824, 955.234008789, 231.368896484, 157.349884033, 90.3881835938, 41.8352012634, 48.9718589783, 14.2370319366, 16.5101509094, 16.3816814423, 26.4498138428, 79.8118667603, 83.395614624, 66.259552002, 41.6417388916, 28.1774578094, 13.2754125595, 13.4204015732, 7.97560882568, 2.94957590103, 1.07849550247, 0.0438525378704, 0.00100584223401, 0.000225215291721],
        "mean": [0.0211966242641, 0.80065625906, 6.37884044647, 11.0209646225, 8.83095264435, 19.4401473999, 26.5314350128, 18.0622196198, 8.16524791718, 68.0681228638, 64.2306365967, 7.26861047745, 10.2468500137, 4.45128536224, 7.14747095108, 6.69104957581, 5.38361024857, 6.40293073654, 3.95155525208, 2.79432463646, 1.64902722836, 1.22084879875, 1.10018932819, 0.50940155983, 0.379894882441, 0.614006340504, 0.462367266417, 0.783652484417, 1.31048488617, 1.21302771568, 0.89637118578, 0.492825746536, 0.203699454665, 0.141460388899, 0.0844761580229, 0.0355527289212, 0.0085177347064, 0.000451518862974, 2.30712885241e-05, 3.05640169245e-05],
        "median": [0.0112578570843, 0.457456678152, 4.37926578522, 6.8350315094, 5.44620990753, 8.55797672272, 13.6106433868, 4.76905012131, 1.06348347664, 1.67857289314, 1.02406442165, 0.327560603619, 0.268706798553, 0.231496080756, 0.238623172045, 0.295002728701, 0.319855391979, 0.122166834772, 0.124625787139, 0.101024404168, 0.0865287482738, 0.089067324996, 0.102373592556, 0.0925580114126, 0.0422318093479, 0.0352967232466, 0.0279297735542, 0.0161067452282, 0.0156050603837, 0.0142789613456, 0.013722455129, 0.00781112303957, 0.003015862545, 0.00124034122564, 0.00078047637362, 0.000402246660087, 9.7693882708e-05, 7.02763281879e-06, 1.17532918011e-05, 2.54607075476e-05],
        "min": [1.34701085699e-05, 0.000101273944892, 0.00154676067177, 0.00398399727419, 0.00210391543806, 0.00089837028645, 8.55514226714e-05, 4.2142241e-05, 4.28226230724e-05, 5.44087706658e-05, 5.50939694222e-05, 4.00937606173e-05, 3.00033188978e-05, 2.14939482248e-05, 2.70475411526e-05, 3.09428287437e-05, 5.52937272005e-05, 3.86893916584e-05, 5.2141611377e-05, 2.06126242119e-05, 2.44394941546e-05, 2.42299847741e-05, 2.02940755116e-05, 1.71253977896e-05, 2.10890539165e-05, 1.99707865249e-05, 1.28476322061e-05, 1.18888656289e-05, 1.72756044776e-05, 1.95724478544e-05, 1.57140475494e-05, 1.43703991853e-05, 7.73401825427e-06, 1.12475129299e-06, 1.08162737433e-06, 1.39888797435e-07, 5.84583119689e-08, 1.52920005547e-08, 1.57459769667e-08, 2.80400875852e-08],
        "var": [0.000794121646322, 0.997753858566, 45.8212852478, 169.809448242, 126.282279968, 712.224182129, 1559.36767578, 4736.83007812, 560.979309082, 28938.9609375, 44323.8828125, 868.01751709, 1077.22937012, 228.174301147, 1228.10473633, 1755.59936523, 900.812255859, 1686.9230957, 260.886199951, 110.216018677, 28.0606956482, 13.6086587906, 11.1400127411, 1.11143302917, 0.968351304531, 2.58453464508, 3.63618850708, 17.9101886749, 48.2644805908, 31.8954772949, 13.6015758514, 5.04412412643, 1.11373913288, 0.785353541374, 0.250842452049, 0.0432601161301, 0.00345717929304, 8.47644696478e-06, 4.38952030279e-09, 6.11118822214e-10]
    },
    "gfcc": {
        "mean": [-177.080871582, 169.302047729, -49.6538047791, 30.364238739, -46.442691803, -3.63329744339, -36.7877349854, -14.0068922043, -18.5365390778, -12.1995172501, -9.25700759888, -9.96513938904, -13.3526277542],
        "cov": [[16485.390625, -3260.75195312, -4422.71240234, -724.291625977, -2619.76586914, 488.078277588, -1154.43212891, 975.257629395, 178.103866577, 273.412384033, -629.00177002, 75.036315918, -757.923400879], [-3260.75195312, 2418.67822266, 667.303466797, -553.102416992, 838.25793457, -561.887084961, 366.666046143, -378.196533203, 24.5007171631, -280.195007324, 415.249664307, -118.044288635, 158.522644043], [-4422.71240234, 667.303466797, 2559.80981445, 453.997711182, 604.829833984, 100.071098328, 289.106872559, -170.765106201, 0.408131122589, 38.356212616, 128.096099854, 63.8298377991, 262.667205811], [-724.291625977, -553.102416992, 453.997711182, 848.305908203, 258.094024658, 120.631774902, 74.8837661743, -42.5705566406, -33.5204124451, 113.795082092, -119.518470764, 6.78314113617, 63.109500885], [-2619.76586914, 838.25793457, 604.829833984, 258.094024658, 952.059509277, -128.267929077, 262.698669434, -186.998138428, -73.8202514648, -38.8408317566, 108.480743408, -104.20803833, 54.6300964355], [488.078277588, -561.887084961, 100.071098328, 120.631774902, -128.267929077, 380.795471191, -2.79741406441, 131.796386719, -5.34351634979, 81.4030609131, -53.4183502197, 35.2506446838, -35.9109954834], [-1154.43212891, 366.666046143, 289.106872559, 74.8837661743, 262.698669434, -2.79741406441, 303.737121582, -89.7919464111, -63.5631637573, -26.5257892609, 102.756484985, 0.165010660887, 49.169467926], [975.257629395, -378.196533203, -170.765106201, -42.5705566406, -186.998138428, 131.796386719, -89.7919464111, 243.290878296, 71.7290039062, 47.5958557129, -69.0127105713, 2.00293540955, -61.0542221069], [178.103866577, 24.5007171631, 0.408131122589, -33.5204124451, -73.8202514648, -5.34351634979, -63.5631637573, 71.7290039062, 192.306869507, 20.4955730438, -20.0688114166, -32.1842422485, -0.42857080698], [273.412384033, -280.195007324, 38.356212616, 113.795082092, -38.8408317566, 81.4030609131, -26.5257892609, 47.5958557129, 20.4955730438, 158.246612549, -44.7200088501, -0.843064725399, -15.9073867798], [-629.00177002, 415.249664307, 128.096099854, -119.518470764, 108.480743408, -53.4183502197, 102.756484985, -69.0127105713, -20.0688114166, -44.7200088501, 171.2084198, 24.840877533, 45.0443115234], [75.036315918, -118.044288635, 63.8298377991, 6.78314113617, -104.20803833, 35.2506446838, 0.165010660887, 2.00293540955, -32.1842422485, -0.843064725399, 24.840877533, 134.716567993, 54.6809692383], [-757.923400879, 158.522644043, 262.667205811, 63.109500885, 54.6300964355, -35.9109954834, 49.169467926, -61.0542221069, -0.42857080698, -15.9073867798, 45.0443115234, 54.6809692383, 155.416061401]],
        "icov": [[0.000277473649476, -0.000417846051278, 0.000365476182196, -0.000372284819605, 0.000635808217339, -0.000330376147758, 0.000401042518206, -0.000494722509757, 0.00030087234336, -0.000367172382539, 0.00036756056943, -0.000362586724805, 0.000676081050187], [-0.000417846051278, 0.00512100290507, -0.00125380256213, 0.00360803049989, -0.00347116915509, 0.00359644950368, -0.00226919585839, 0.00246689235792, -0.00284429313615, 0.00263162259944, -0.00423574913293, 0.00250866031274, -0.00226246239617], [0.000365476182196, -0.00125380256213, 0.00121364288498, -0.00108560896479, 0.000903449486941, -0.00127707701176, 0.000656579097267, -0.000724142824765, 0.000460447365185, -0.000927955203224, 0.000928416091483, -0.000979688949883, 0.000327902584104], [-0.000372284819605, 0.00360803049989, -0.00108560896479, 0.00468283798546, -0.00322183035314, 0.00200241385028, -0.00208164285868, 0.00242185872048, -0.00202366244048, 0.00085198704619, -0.000680151162669, 0.00127018196508, -0.00252542947419], [0.000635808217339, -0.00347116915509, 0.000903449486941, -0.00322183035314, 0.00504164164886, -0.00188489328139, 0.000950906833168, -0.0018931023078, 0.00259031052701, -0.00176108232699, 0.00191301619634, 2.57389438048e-05, 0.00243373261765], [-0.000330376147758, 0.00359644950368, -0.00127707701176, 0.00200241385028, -0.00188489328139, 0.00679387059063, -0.00240175216459, -0.000455309724202, -0.00117140449584, 0.00085545447655, -0.00293475366198, 0.00111496495083, -0.00057825492695], [0.000401042518206, -0.00226919585839, 0.000656579097267, -0.00208164285868, 0.000950906833168, -0.00240175216459, 0.00689417216927, -0.00101108429953, 0.00238991924562, -0.000937743694521, -0.000985936727375, -0.000698522431776, 0.000980534590781], [-0.000494722509757, 0.00246689235792, -0.000724142824765, 0.00242185872048, -0.0018931023078, -0.000455309724202, -0.00101108429953, 0.00907700695097, -0.00397283025086, 0.000887813454028, -0.000494400679599, 0.000390531437006, -0.000156640773639], [0.00030087234336, -0.00284429313615, 0.000460447365185, -0.00202366244048, 0.00259031052701, -0.00117140449584, 0.00238991924562, -0.00397283025086, 0.00879761017859, -0.00210122507997, 0.00153473671526, 0.00149658601731, -0.000248197553447], [-0.000367172382539, 0.00263162259944, -0.000927955203224, 0.00085198704619, -0.00176108232699, 0.00085545447655, -0.000937743694521, 0.000887813454028, -0.00210122507997, 0.00959367584437, -0.0018907035701, 0.00154434063006, -0.000809535325971], [0.00036756056943, -0.00423574913293, 0.000928416091483, -0.000680151162669, 0.00191301619634, -0.00293475366198, -0.000985936727375, -0.000494400679599, 0.00153473671526, -0.0018907035701, 0.0147242732346, -0.00475142942742, 0.000802031310741], [-0.000362586724805, 0.00250866031274, -0.000979688949883, 0.00127018196508, 2.57389438048e-05, 0.00111496495083, -0.000698522431776, 0.000390531437006, 0.00149658601731, 0.00154434063006, -0.00475142942742, 0.0135394223034, -0.00578842312098], [0.000676081050187, -0.00226246239617, 0.000327902584104, -0.00252542947419, 0.00243373261765, -0.00057825492695, 0.000980534590781, -0.000156640773639, -0.000248197553447, -0.000809535325971, 0.000802031310741, -0.00578842312098, 0.0128701459616]]
    },
    "melbands": {
        "dmean": [0.000247547082836, 0.00106212194078, 0.000760272785556, 0.000397534895455, 0.000417522911448, 0.000138276038342, 7.46195291867e-05, 0.000425771984737, 0.000265381037025, 2.63828551397e-05, 2.92473268928e-05, 1.03835036498e-05, 1.16075470942e-05, 1.9274351871e-05, 7.0567534749e-06, 1.3860782019e-05, 7.30998135623e-06, 3.55506540473e-06, 2.02254318538e-06, 1.76777643901e-06, 8.07189167062e-07, 6.82852999034e-07, 6.44508986625e-07, 4.1652194227e-07, 2.00809182616e-07, 1.68179894899e-07, 2.04888777944e-07, 2.73681990848e-07, 1.81866653293e-07, 1.74062918745e-07, 3.2750557466e-07, 3.39376327929e-07, 5.01288980104e-07, 3.65976063676e-07, 3.04718923871e-07, 1.83827410183e-07, 1.49719383558e-07, 9.31182597697e-08, 6.53238174664e-08, 6.71321771506e-08],
        "dmean2": [0.000421860633651, 0.00182358187158, 0.00129257480148, 0.000609251554124, 0.000632912036963, 0.000202624607482, 0.000106872088509, 0.000631374132354, 0.000412313907873, 3.97019757656e-05, 4.02860023314e-05, 1.38474078994e-05, 1.68438309629e-05, 2.59608386841e-05, 1.12912621262e-05, 1.94142776309e-05, 1.04046175693e-05, 4.87287752549e-06, 2.86304384645e-06, 2.4930982363e-06, 1.06309232706e-06, 1.04539833501e-06, 9.91064439404e-07, 5.85294230859e-07, 2.88907244794e-07, 2.44610760092e-07, 2.98829291978e-07, 4.26633022244e-07, 2.84518023363e-07, 2.62721101763e-07, 5.24733877683e-07, 5.13744851105e-07, 7.40312941616e-07, 5.67747576952e-07, 4.59818124909e-07, 2.45289214718e-07, 2.17246437728e-07, 1.37071651807e-07, 8.67777032454e-08, 9.51139469407e-08],
        "dvar": [2.18259472717e-07, 3.62489527106e-06, 2.41243174059e-06, 5.97841676608e-07, 6.33032982478e-07, 4.81740642044e-07, 6.94167781035e-08, 2.18051945922e-06, 1.92646893993e-06, 2.80818195364e-08, 1.04348378827e-08, 1.38088851465e-09, 3.53921092433e-09, 1.54286912135e-08, 2.13025841411e-09, 1.03900905657e-08, 3.07238146036e-09, 2.68907007772e-10, 7.50194142918e-11, 5.1720405736e-11, 6.0530278706e-12, 5.44768440428e-12, 7.22528243832e-12, 1.51053150023e-12, 2.72207251314e-13, 2.47637142996e-13, 5.66312404957e-13, 6.57109295362e-13, 4.85866989003e-13, 1.13630686891e-12, 4.38478116663e-12, 3.81358356352e-12, 9.42217744798e-12, 3.35032349086e-12, 2.05306908627e-12, 6.04965784499e-13, 5.89299008896e-13, 2.50931382877e-13, 1.36317687824e-13, 1.84027692716e-13],
        "dvar2": [6.20923742645e-07, 1.03972934085e-05, 7.43476448406e-06, 1.28028113977e-06, 1.41168061418e-06, 1.02811827674e-06, 1.68725478034e-07, 4.83438316223e-06, 5.009945653e-06, 7.19957355955e-08, 2.17263149693e-08, 2.22087592761e-09, 7.107296085e-09, 2.96825817259e-08, 5.48941958556e-09, 2.1142664508e-08, 5.57828672143e-09, 5.29841448493e-10, 1.41557682243e-10, 1.0429111047e-10, 9.07931108768e-12, 1.0736472475e-11, 1.70369499758e-11, 3.21289457712e-12, 4.85783125965e-13, 5.44806875395e-13, 1.18326800181e-12, 1.54375709265e-12, 1.0949916104e-12, 2.28152587968e-12, 1.05219210081e-11, 7.84345071531e-12, 2.22063114425e-11, 7.8404652562e-12, 4.39678154995e-12, 9.23139386114e-13, 1.33003330571e-12, 5.66328180098e-13, 2.18168690579e-13, 3.02088595024e-13],
        "max": [0.00548526458442, 0.0205566957593, 0.0183704029769, 0.0102200219408, 0.0104294456542, 0.0207393690944, 0.00505686085671, 0.0230853334069, 0.0239002369344, 0.00428026542068, 0.001391877071, 0.000973413058091, 0.00125507079065, 0.00291933352128, 0.00105310475919, 0.00217475509271, 0.00155275757425, 0.000571754295379, 0.00019376767159, 0.000146660066093, 9.56410804065e-05, 5.68566756556e-05, 5.48616808373e-05, 2.12100239878e-05, 1.12489797175e-05, 9.05159413378e-06, 1.58986276801e-05, 1.25762271637e-05, 1.604422323e-05, 2.53251455433e-05, 5.58156352781e-05, 3.57332501153e-05, 6.21492727078e-05, 3.24355860357e-05, 2.81045395241e-05, 1.48620565597e-05, 2.03532563319e-05, 1.02761969174e-05, 8.26975883683e-06, 1.22493502204e-05],
        "mean": [0.000421977136284, 0.00262091029435, 0.00187660264783, 0.000907564361114, 0.00100915168878, 0.000387954496546, 0.000149545550812, 0.00086674868362, 0.000412863766542, 3.34513497364e-05, 5.2638231864e-05, 2.00819940801e-05, 1.81775321835e-05, 2.76473638223e-05, 8.36963317852e-06, 1.65932797245e-05, 1.14039321488e-05, 7.88526995166e-06, 3.42731459568e-06, 2.89034369416e-06, 1.66577092386e-06, 1.26324448502e-06, 1.13670023438e-06, 7.67225515119e-07, 3.73344306581e-07, 2.72102141707e-07, 3.17766534863e-07, 4.32606896084e-07, 2.89343745408e-07, 2.82676865027e-07, 5.19283389622e-07, 6.8283912924e-07, 8.42994495542e-07, 6.27842496215e-07, 5.499391591e-07, 3.82313714908e-07, 2.66251362291e-07, 1.42980468354e-07, 1.17936579613e-07, 1.16907855841e-07],
        "median": [0.000203002477065, 0.00187341566198, 0.00132317596581, 0.000478804693557, 0.000565628404729, 0.000100985751487, 6.12432768321e-06, 1.77202782652e-05, 6.41678025204e-06, 1.0549081253e-06, 1.2817164361e-06, 7.70943813677e-07, 7.19629326795e-07, 7.54854454499e-07, 6.62504191951e-07, 4.29935369084e-07, 1.73016047711e-07, 1.85546383591e-07, 1.29346432232e-07, 1.04508693255e-07, 9.19645728459e-08, 8.60548112769e-08, 8.21433658871e-08, 8.27454869068e-08, 6.3533860839e-08, 3.12254968549e-08, 1.72760845629e-08, 2.15614388566e-08, 1.64406976921e-08, 9.19710618774e-09, 6.31045127264e-09, 7.28785698456e-09, 8.03472932631e-09, 6.3140745965e-09, 8.02228772301e-09, 5.54972690026e-09, 3.73828745737e-09, 1.71054037601e-09, 1.10233111528e-09, 6.94533652812e-10],
