{
"highlevel": {
    "danceability": {
        "all": {
            "danceable": 0.962101280689,
            "not_danceable": 0.0378987193108
        },
        "probability": 0.962101280689,
        "value": "danceable"
    },
    "gender": {
        "all": {
            "female": 0.4327929914,
            "male": 0.567206978798
        },
        "probability": 0.567206978798,
        "value": "male"
    },
    "genre_dortmund": {
        "all": {
            "alternative": 0.154277130961,
            "blues": 0.0222634933889,
            "electronic": 0.219237595797,
            "folkcountry": 0.0404207967222,
            "funksoulrnb": 0.0545840226114,
            "jazz": 0.144768476486,
            "pop": 0.0841233953834,
            "raphiphop": 0.105035968125,
            "rock": 0.175289109349
        },
        "probability": 0.219237595797,
        "value": "electronic"
    },
    "genre_electronic": {
        "all": {
            "ambient": 0.259235590696,
            "dnb": 0.0274524595588,
            "house": 0.210143834352,
            "techno": 0.0107448715717,
            "trance": 0.492423266172
        },
        "probability": 0.492423266172,
        "value": "trance"
    },
    "genre_rosamerica": {
        "all": {
            "cla": 0.0120439501479,
            "dan": 0.636399626732,
            "hip": 0.0736185014248,
            "jaz": 0.0217834785581,
            "pop": 0.145803451538,
            "rhy": 0.0371314696968,
            "roc": 0.0665111765265,
            "spe": 0.00670831976458
        },
        "probability": 0.636399626732,
        "value": "dan"
    },
    "genre_tzanetakis": {
        "all": {
            "blu": 0.0610634572804,
            "cla": 0.0338886082172,
            "cou": 0.0609872415662,
            "dis": 0.0508242882788,
            "hip": 0.152499303222,
            "jaz": 0.305208653212,
            "met": 0.0610179640353,
            "pop": 0.0610033459961,
            "reg": 0.0609996654093,
            "roc": 0.152507469058
        },
        "probability": 0.305208653212,
        "value": "jaz"
    },
    "ismir04_rhythm": {
        "all": {
            "ChaChaCha": 0.490919202566,
            "Jive": 0.157199114561,
            "Quickstep": 0.0145415570587,
            "Rumba-American": 0.00838749948889,
            "Rumba-International": 0.00424477178603,
            "Rumba-Misc": 0.00133987690788,
            "Samba": 0.310769975185,
            "Tango": 0.0098123671487,
            "VienneseWaltz": 0.00250678812154,
            "Waltz": 0.00027883448638
        },
        "probability": 0.490919202566,
        "value": "ChaChaCha"
    },
    "mood_acoustic": {
        "all": {
            "acoustic": 0.0158065333962,
            "not_acoustic": 0.984193444252
        },
        "probability": 0.984193444252,
        "value": "not_acoustic"
    },
    "mood_aggressive": {
        "all": {
            "aggressive": 0.0824708640575,
            "not_aggressive": 0.91752910614
        },
        "probability": 0.91752910614,
        "value": "not_aggressive"
    },
    "mood_electronic": {
        "all": {
            "electronic": 0.958106040955,
            "not_electronic": 0.041893940419
        },
        "probability": 0.958106040955,
        "value": "electronic"
    },
    "mood_happy": {
        "all": {
            "happy": 0.76636749506,
            "not_happy": 0.233632490039
        },
        "probability": 0.76636749506,
        "value": "happy"
    },
    "mood_party": {
        "all": {
            "not_party": 0.327962845564,
            "party": 0.672037124634
        },
        "probability": 0.672037124634,
        "value": "party"
    },
    "mood_relaxed": {
        "all": {
            "not_relaxed": 0.939001917839,
            "relaxed": 0.0609980560839
        },
        "probability": 0.939001917839,
        "value": "not_relaxed"
    },
    "mood_sad": {
        "all": {
            "not_sad": 0.814593851566,
            "sad": 0.185406163335
        },
        "probability": 0.814593851566,
        "value": "not_sad"
    },
    "moods_mirex": {
        "all": {
            "Cluster1": 0.304554104805,
            "Cluster2": 0.23864403367,
            "Cluster3": 0.063505910337,
            "Cluster4": 0.323447644711,
            "Cluster5": 0.0698483139277
        },
        "probability": 0.323447644711,
        "value": "Cluster4"
    },
    "timbre": {
        "all": {
            "bright": 0.999998211861,
            "dark": 1.81392090326e-06
        },
        "probability": 0.999998211861,
        "value": "bright"
    },
    "tonal_atonal": {
        "all": {
            "atonal": 0.00188464915846,
            "tonal": 0.998115360737
        },
        "probability": 0.998115360737,
        "value": "tonal"
    },
    "voice_instrumental": {
        "all": {
            "instrumental": 0.7680798769,
            "voice": 0.231920138001
        },
        "probability": 0.7680798769,
        "value": "instrumental"
    }
},
"lowlevel": {
    "average_loudness": 0.977641880512,
    "barkbands_crest": {
        "dmean": 3.1136367321,
        "dmean2": 5.03143024445,
        "dvar": 8.83825969696,
        "dvar2": 22.6437797546,
        "max": 24.4180965424,
        "mean": 9.62799930573,
        "median": 8.67939567566,
        "min": 2.41978788376,
        "var": 19.6679706573
    },
    "barkbands_flatness_db": {
        "dmean": 0.0255918186158,
        "dmean2": 0.0398618541658,
        "dvar": 0.000518452434335,
        "dvar2": 0.00133963534608,
        "max": 0.377915710211,
        "mean": 0.128102436662,
        "median": 0.123800247908,
        "min": 0.043891441077,
        "var": 0.00162734952755
    },
    "barkbands_kurtosis": {
        "dmean": 2.69024586678,
        "dmean2": 4.40589094162,
        "dvar": 31.2875652313,
        "dvar2": 76.7093582153,
        "max": 89.9297866821,
        "mean": 2.68447160721,
        "median": 0.762089490891,
        "min": -1.83455562592,
        "var": 53.1559486389
    },
    "barkbands_skewness": {
        "dmean": 0.63449627161,
        "dmean2": 0.931094825268,
        "dvar": 0.461218118668,
        "dvar2": 0.995317816734,
        "max": 8.52312088013,
        "mean": 1.05473446846,
        "median": 0.715651273727,
        "min": -1.84157013893,
        "var": 1.54497492313
    },
    "barkbands_spread": {
        "dmean": 8.40333557129,
        "dmean2": 12.7062797546,
        "dvar": 66.4515686035,
        "dvar2": 151.412246704,
        "max": 88.5922927856,
        "mean": 27.1779327393,
        "median": 24.4707450867,
        "min": 0.976018548012,
        "var": 198.603851318
    },
    "dissonance": {
        "dmean": 0.0207058247179,
        "dmean2": 0.0353072620928,
        "dvar": 0.000369303190382,
        "dvar2": 0.00104129989631,
        "max": 0.499938160181,
        "mean": 0.466411352158,
        "median": 0.472043603659,
        "min": 0.344902336597,
        "var": 0.000577297643758
    },
    "dynamic_complexity": 2.00656676292,
    "erbbands_crest": {
        "dmean": 3.13779950142,
        "dmean2": 4.86494445801,
        "dvar": 8.05740737915,
        "dvar2": 17.5624351501,
        "max": 29.2942123413,
        "mean": 10.731751442,
        "median": 9.67327594757,
        "min": 2.46574854851,
        "var": 27.8689517975
    },
    "erbbands_flatness_db": {
        "dmean": 0.0310261752456,
        "dmean2": 0.0378439091146,
        "dvar": 0.000733322056476,
        "dvar2": 0.00123417784926,
        "max": 0.306388795376,
        "mean": 0.150429740548,
        "median": 0.145089134574,
        "min": 0.0466037616134,
        "var": 0.00298711797222
    },
    "erbbands_kurtosis": {
        "dmean": 1.22383034229,
        "dmean2": 1.82523989677,
        "dvar": 2.96201753616,
        "dvar2": 6.23573446274,
        "max": 39.0972557068,
        "mean": 1.38081109524,
        "median": 0.841612815857,
        "min": -1.77589333057,
        "var": 7.31370401382
    },
    "erbbands_skewness": {
        "dmean": 0.348740100861,
        "dmean2": 0.516360938549,
        "dvar": 0.0837329179049,
        "dvar2": 0.184507802129,
        "max": 2.58114337921,
        "mean": 0.522461056709,
        "median": 0.542163610458,
        "min": -1.70033454895,
        "var": 0.33950650692
    },
    "erbbands_spread": {
        "dmean": 12.1821889877,
        "dmean2": 16.9013690948,
        "dvar": 202.517623901,
        "dvar2": 348.677154541,
        "max": 133.888671875,
        "mean": 37.6908760071,
        "median": 28.3447093964,
        "min": 2.77034330368,
        "var": 666.36932373
    },
    "hfc": {
        "dmean": 14.109416008,
        "dmean2": 19.8288345337,
        "dvar": 437.616821289,
        "dvar2": 891.292297363,
        "max": 163.997619629,
        "mean": 31.0550022125,
        "median": 21.1661319733,
        "min": 0.939147830009,
        "var": 790.072143555
    },
    "melbands_crest": {
        "dmean": 3.84801745415,
        "dmean2": 6.25649118423,
        "dvar": 10.9573354721,
        "dvar2": 26.9738082886,
        "max": 27.7823219299,
        "mean": 12.9087743759,
        "median": 11.623497963,
        "min": 4.06013727188,
        "var": 27.5240478516
    },
    "melbands_flatness_db": {
        "dmean": 0.031091267243,
        "dmean2": 0.0476967096329,
        "dvar": 0.000848308904096,
        "dvar2": 0.00184806308243,
        "max": 0.491786360741,
        "mean": 0.167582601309,
        "median": 0.161054939032,
        "min": 0.0526434332132,
        "var": 0.00336983334273
    },
    "melbands_kurtosis": {
        "dmean": 9.41158485413,
        "dmean2": 15.5997896194,
        "dvar": 357.550445557,
        "dvar2": 932.923217773,
        "max": 293.326690674,
        "mean": 12.128739357,
        "median": 2.71533632278,
        "min": -1.73630571365,
        "var": 571.597351074
    },
    "melbands_skewness": {
        "dmean": 1.00851368904,
        "dmean2": 1.48926246166,
        "dvar": 1.49737346172,
        "dvar2": 2.98963570595,
        "max": 12.9395647049,
        "mean": 2.11767029762,
        "median": 1.28507816792,
        "min": -1.36718428135,
        "var": 4.72235202789
    },
    "melbands_spread": {
        "dmean": 8.30538845062,
        "dmean2": 12.6943740845,
        "dvar": 63.4989585876,
        "dvar2": 127.678825378,
        "max": 97.2221984863,
        "mean": 29.485042572,
        "median": 29.0026855469,
        "min": 0.931429028511,
        "var": 228.057113647
    },
    "pitch_salience": {
        "dmean": 0.0961066260934,
        "dmean2": 0.156884253025,
        "dvar": 0.00742827868089,
        "dvar2": 0.0198486335576,
        "max": 0.873659014702,
        "mean": 0.546259999275,
        "median": 0.557139456272,
        "min": 0.128673180938,
        "var": 0.0160297676921
    },
    "silence_rate_20dB": {
        "dmean": 0,
        "dmean2": 0,
        "dvar": 0,
        "dvar2": 0,
        "max": 1,
        "mean": 1,
        "median": 1,
        "min": 1,
        "var": 0
    },
    "silence_rate_30dB": {
        "dmean": 0.0743034034967,
        "dmean2": 0.148721918464,
        "dvar": 0.0687830224633,
        "dvar2": 0.17308178544,
        "max": 1,
        "mean": 0.947409152985,
        "median": 1,
        "min": 0,
        "var": 0.0498249903321
    },
    "silence_rate_60dB": {
        "dmean": 0.00541795650497,
        "dmean2": 0.0108443070203,
        "dvar": 0.00538859516382,
        "dvar2": 0.0138249341398,
        "max": 1,
        "mean": 0.00464037107304,
        "median": 0,
        "min": 0,
        "var": 0.00461882492527
    },
    "spectral_centroid": {
        "dmean": 261.558868408,
        "dmean2": 420.069244385,
        "dvar": 68613.8359375,
        "dvar2": 174049.734375,
        "max": 3506.33300781,
        "mean": 1486.43188477,
        "median": 1436.58410645,
        "min": 200.495956421,
        "var": 223830.390625
    },
    "spectral_complexity": {
        "dmean": 4.95123815536,
        "dmean2": 7.57862138748,
        "dvar": 30.4720420837,
        "dvar2": 64.4929733276,
        "max": 56,
        "mean": 20.3047180176,
        "median": 19,
        "min": 3,
        "var": 68.8558197021
    },
    "spectral_decrease": {
        "dmean": 4.62074156715e-09,
        "dmean2": 7.68962227227e-09,
        "dvar": 6.04960393875e-17,
        "dvar2": 1.5375291766e-16,
        "max": -2.34041508396e-10,
        "mean": -8.30248669814e-09,
        "median": -4.38952474369e-09,
        "min": -5.63033388801e-08,
        "var": 8.50419821729e-17
    },
    "spectral_energy": {
        "dmean": 0.0183557216078,
        "dmean2": 0.0303025022149,
        "dvar": 0.000941532140132,
        "dvar2": 0.00235919957049,
        "max": 0.227376908064,
        "mean": 0.0341522730887,
        "median": 0.0185728408396,
        "min": 0.00113606394734,
        "var": 0.00134489196353
    },
    "spectral_energyband_high": {
        "dmean": 0.00123373337556,
        "dmean2": 0.00172235653736,
        "dvar": 3.81570089303e-06,
        "dvar2": 7.26889493308e-06,
        "max": 0.0180331151932,
        "mean": 0.00194848712999,
        "median": 0.000760949274991,
        "min": 1.3948247215e-06,
        "var": 7.64871401771e-06
    },
    "spectral_energyband_low": {
        "dmean": 0.0134421736002,
        "dmean2": 0.0230403915048,
        "dvar": 0.000604987028055,
        "dvar2": 0.00158146908507,
        "max": 0.150286287069,
        "mean": 0.0172385983169,
        "median": 0.00298540992662,
        "min": 2.28964545386e-05,
        "var": 0.000856508791912
    },
    "spectral_energyband_middle_high": {
        "dmean": 0.00227738241665,
        "dmean2": 0.00357692246325,
        "dvar": 6.50994206808e-06,
        "dvar2": 1.58792863658e-05,
        "max": 0.0358054377139,
        "mean": 0.00779246678576,
        "median": 0.00689375866205,
        "min": 7.18226656318e-05,
        "var": 2.26880565606e-05
    },
    "spectral_energyband_middle_low": {
        "dmean": 0.0076605444774,
        "dmean2": 0.0133346552029,
        "dvar": 0.000277244835161,
        "dvar2": 0.000758142734412,
        "max": 0.129869475961,
        "mean": 0.00958623178303,
        "median": 0.00503001036122,
        "min": 0.00037495122524,
        "var": 0.00022130596335
    },
    "spectral_entropy": {
        "dmean": 0.212790474296,
        "dmean2": 0.303609699011,
        "dvar": 0.0363377816975,
        "dvar2": 0.0790419206023,
        "max": 8.54618644714,
        "mean": 7.69958114624,
        "median": 7.73048734665,
        "min": 6.36136388779,
        "var": 0.124489553273
    },
    "spectral_flux": {
        "dmean": 0.0418634228408,
        "dmean2": 0.0641042590141,
        "dvar": 0.00286426721141,
        "dvar2": 0.00598176056519,
        "max": 0.444447100163,
        "mean": 0.111818730831,
        "median": 0.0823612585664,
        "min": 0.0191942937672,
        "var": 0.00591464107856
    },
    "spectral_kurtosis": {
        "dmean": 1.47728717327,
        "dmean2": 2.34122538567,
        "dvar": 2.87414860725,
        "dvar2": 6.83265447617,
        "max": 21.3630981445,
        "mean": 3.45212459564,
        "median": 2.8888297081,
        "min": -0.765612840652,
        "var": 5.84084320068
    },
    "spectral_rms": {
        "dmean": 0.00131265691016,
        "dmean2": 0.00205251574516,
        "dvar": 3.12363181365e-06,
        "dvar2": 6.96607139616e-06,
        "max": 0.0148939965293,
        "mean": 0.00518442504108,
        "median": 0.00425674114376,
        "min": 0.00105278438423,
        "var": 6.44103465675e-06
    },
    "spectral_rolloff": {
        "dmean": 712.046142578,
        "dmean2": 1186.07861328,
        "dvar": 1367249,
        "dvar2": 3146432.25,
        "max": 13006.0546875,
        "mean": 1895.18945312,
        "median": 1442.72460938,
        "min": 86.1328125,
        "var": 3507987.5
    },
    "spectral_skewness": {
        "dmean": 0.222746521235,
        "dmean2": 0.335269719362,
        "dvar": 0.0389861986041,
        "dvar2": 0.0951069891453,
        "max": 3.69202613831,
        "mean": 1.49127602577,
        "median": 1.45920145512,
        "min": 0.336033284664,
        "var": 0.149406656623
    },
    "spectral_spread": {
        "dmean": 1241189.625,
        "dmean2": 1581560.125,
        "dvar": 1.35646727373e+12,
        "dvar2": 2.44796515942e+12,
        "max": 16631063,
        "mean": 5561909.5,
        "median": 5200165.5,
        "min": 1960598.5,
        "var": 4.45297721344e+12
    },
    "spectral_strongpeak": {
        "dmean": 0.854377090931,
        "dmean2": 1.43491399288,
        "dvar": 1.08193290234,
        "dvar2": 2.34722352028,
        "max": 10.5856370926,
        "mean": 1.54603767395,
        "median": 0.83990585804,
        "min": 0.0196582283825,
        "var": 2.74923110008
    },
    "zerocrossingrate": {
        "dmean": 0.015846086666,
        "dmean2": 0.0184680745006,
        "dvar": 0.000230434481637,
        "dvar2": 0.000289231480565,
        "max": 0.35302734375,
        "mean": 0.0835300832987,
        "median": 0.07470703125,
        "min": 0.005859375,
        "var": 0.00172675529029
    },
    "barkbands": {
        "dmean": [0.000111404850031, 0.00798042770475, 0.00742456642911, 0.00397697789595, 0.00223814300261, 0.00137376261409, 0.000426878134022, 0.000396787276259, 0.000381962920073, 0.00081423681695, 0.000713201472536, 0.000484691641759, 0.000818935513962, 0.000633340445347, 0.000154895955347, 0.000162667012773, 0.00019160877855, 0.000141020442243, 0.000140470292536, 0.000182002579095, 0.000206613040064, 0.000229488592595, 0.000164525481523, 0.000204539479455, 0.000300578656606, 0.000245021568844, 1.59446722492e-09],
        "dmean2": [0.00018144454225, 0.0137766981497, 0.0137930307537, 0.00705029862002, 0.00396991800517, 0.00241280347109, 0.000720327603631, 0.000647438806482, 0.000604669970926, 0.00123689172324, 0.00107595336158, 0.000748453720007, 0.00127639702987, 0.000975488859694, 0.000255531078437, 0.000259715918219, 0.000312498246785, 0.00022705901938, 0.000223929251661, 0.000297412945656, 0.000330412003677, 0.000364146195352, 0.000247978692641, 0.000298920174828, 0.00044899401837, 0.000358094257535, 2.86776891123e-09],
        "dvar": [3.29985638814e-08, 0.000225542113185, 0.000226620526519, 0.000109636792331, 2.3824888558e-05, 9.94920810626e-06, 6.22038214715e-07, 3.30360791168e-07, 4.16233149281e-07, 1.62003811965e-06, 1.21284676879e-06, 4.9988165074e-07, 3.57866497325e-06, 1.24688222058e-06, 1.13431049442e-07, 7.3455261429e-08, 6.31826253539e-08, 3.75633639749e-08, 5.21402547804e-08, 1.28820119016e-07, 1.66731425111e-07, 1.9024183473e-07, 8.44243004394e-08, 9.81861845162e-08, 2.72094240472e-07, 1.80082793122e-07, 1.80841451521e-17],
        "dvar2": [8.60222399979e-08, 0.000609321868978, 0.000696587318089, 0.000296415644698, 6.7683038651e-05, 2.7947146009e-05, 1.73615194399e-06, 8.45554268381e-07, 9.67528421825e-07, 3.47271043211e-06, 2.63256242761e-06, 1.14865042633e-06, 8.18822081783e-06, 2.57796409642e-06, 3.09158735945e-07, 1.60347539691e-07, 1.61124461329e-07, 9.16526659012e-08, 1.21847818946e-07, 3.23114988987e-07, 3.99605568191e-07, 4.51886734254e-07, 1.89840179132e-07, 2.03395103426e-07, 5.56753434466e-07, 3.68313578747e-07, 3.47341080145e-17],
        "max": [0.00169217877556, 0.108197540045, 0.0831385850906, 0.0948070585728, 0.0516411848366, 0.0323518440127, 0.00884813442826, 0.00639108661562, 0.00937898736447, 0.017346277833, 0.0132437171414, 0.00989894010127, 0.0352503918111, 0.0263814572245, 0.00507225189358, 0.0057588564232, 0.00310100684874, 0.00199500960298, 0.00279791816138, 0.00616336194798, 0.00433521531522, 0.00542627088726, 0.00531759811565, 0.00337338796817, 0.0049822833389, 0.00333282258362, 1.17739190841e-07],
        "mean": [0.000137582726893, 0.00917766895145, 0.00599398929626, 0.00323434360325, 0.00218307273462, 0.00155483547132, 0.000598073704168, 0.000637053861283, 0.000613047450315, 0.00172283221036, 0.00138412334491, 0.00085753336316, 0.00154622271657, 0.00112267839722, 0.00025642424589, 0.000278973311651, 0.000359152560122, 0.000238183449255, 0.000220471498324, 0.000271964963758, 0.000276084931102, 0.000319446815411, 0.000265822483925, 0.000283734698314, 0.000357543525752, 0.000261418696027, 1.38314637521e-09],
        "median": [6.23653177172e-05, 0.00146213546395, 0.000888783135451, 0.000406769628171, 0.000843906367663, 0.00080101354979, 0.00035677003325, 0.000347373221302, 0.000274759047898, 0.000646830303594, 0.000536930456292, 0.00046846238547, 0.000348834844772, 0.000538587686606, 0.000112060981337, 0.000122752971947, 0.000255547231063, 0.000162380805705, 0.000121356672025, 0.000114563168609, 9.60774850682e-05, 0.000127582388814, 0.000108989144792, 0.000100851066236, 5.99869817961e-05, 3.67391985492e-05, 4.7873643938e-10],
        "min": [2.89932103215e-07, 7.87103363109e-06, 1.92215384232e-06, 7.10853441888e-07, 1.06313354991e-05, 7.20817979527e-06, 1.0228452993e-05, 3.69868712369e-06, 5.86260921409e-06, 5.75660260438e-06, 1.97249096345e-06, 8.08119057183e-06, 3.92406036553e-06, 5.22079790244e-06, 1.97343729269e-06, 3.41728394915e-07, 1.23577319755e-06, 4.8092039151e-07, 9.16108888305e-07, 7.84659562214e-07, 2.96686124557e-07, 2.89943955067e-07, 1.32714944812e-07, 5.35571160754e-08, 1.56316541933e-08, 4.01709707165e-11, 4.44030298641e-11],
        "var": [4.01075723744e-08, 0.000288564275252, 0.00017625001783, 8.42454319354e-05, 1.72798554559e-05, 6.953654065e-06, 5.92788239828e-07, 6.75013779983e-07, 9.62749140854e-07, 6.04501246926e-06, 3.84104851037e-06, 1.32978425427e-06, 1.22499413919e-05, 3.22077539749e-06, 2.35626956169e-07, 2.39823094716e-07, 1.49576536046e-07, 6.08350632092e-08, 7.66904761917e-08, 2.13889222778e-07, 2.1693605845e-07, 3.03417863279e-07, 2.13863117438e-07, 1.7619234427e-07, 3.83046739216e-07, 2.41938664658e-07, 1.64255289099e-17]
    },
    "erbbands": {
        "dmean": [0.157152622938, 2.13054871559, 8.13355064392, 11.0775365829, 9.70209598541, 7.11039066315, 10.9038009644, 10.0188817978, 6.43953037262, 7.1678147316, 8.24714279175, 8.0773935318, 22.7655544281, 25.7518348694, 25.8386669159, 19.1478099823, 30.321428299, 38.1718711853, 12.1067914963, 7.11962890625, 8.65263080597, 9.09719753265, 8.82257175446, 7.18264722824, 6.400826931, 8.07911777496, 8.62808132172, 8.20074176788, 7.29987478256, 7.35777616501, 4.39580440521, 3.67815756798, 3.89863324165, 3.01384735107, 2.49230909348, 1.27871274948, 0.480188757181, 0.0304898601025, 0.00059529452119, 4.9206737458e-05],
        "dmean2": [0.254723340273, 3.72502207756, 14.8605804443, 19.8824939728, 17.4182453156, 12.3671703339, 19.0269145966, 17.4654541016, 10.5621833801, 12.2721815109, 13.4120454788, 12.6471252441, 34.5686378479, 41.5385513306, 38.6066474915, 29.1112442017, 46.699634552, 59.3269882202, 19.3682899475, 11.6754875183, 13.9861764908, 14.8500318527, 14.2173128128, 11.5185632706, 10.3021097183, 13.2482509613, 13.6896724701, 12.9158506393, 11.7505159378, 11.3632717133, 6.43417310715, 5.4372677803, 5.75609874725, 4.64305591583, 3.69291377068, 1.89695012569, 0.70720666647, 0.0468910783529, 0.000885222340003, 7.07278522896e-05],
        "dvar": [0.0880295783281, 15.8447208405, 256.384460449, 724.570068359, 546.74987793, 247.858963013, 631.529968262, 532.260986328, 128.301940918, 183.143295288, 166.269546509, 169.951538086, 1328.97412109, 1975.01623535, 1640.22875977, 796.281005859, 4330.33789062, 4184.52246094, 505.774078369, 113.930366516, 145.841293335, 153.951293945, 143.221954346, 112.769577026, 152.540039062, 294.458679199, 241.69329834, 288.714263916, 234.624038696, 159.269470215, 57.9989738464, 28.949508667, 40.6224899292, 29.5217056274, 17.7335109711, 5.1696305275, 0.694556295872, 0.00309388060123, 1.10680241505e-06, 6.26146556826e-09],
        "dvar2": [0.225877687335, 43.9927101135, 804.101501465, 1974.11462402, 1549.74353027, 675.889831543, 1773.45898438, 1479.65441895, 339.560913086, 508.439727783, 428.529571533, 387.682342529, 2851.44287109, 4274.59912109, 3388.20166016, 1862.4095459, 9430.16601562, 8808.3046875, 1341.21032715, 271.219818115, 342.759796143, 407.207244873, 357.231567383, 270.889923096, 370.830535889, 752.187866211, 583.497375488, 690.183227539, 565.344055176, 347.738464355, 131.348419189, 63.0033531189, 84.3176040649, 64.2919616699, 35.95728302, 10.819393158, 1.40288448334, 0.00680474052206, 2.34204640037e-06, 1.32217028437e-08],
        "max": [2.74528837204, 27.7018508911, 87.9500656128, 238.306106567, 187.775100708, 140.63949585, 290.115478516, 237.84979248, 125.821502686, 137.545333862, 153.770690918, 185.525344849, 569.99987793, 675.870788574, 554.063232422, 511.148193359, 1371.95446777, 1287.62573242, 335.125701904, 152.920410156, 175.7784729, 141.294708252, 143.587295532, 122.744995117, 134.044845581, 304.502044678, 165.401290894, 161.122283936, 167.540222168, 208.166183472, 150.268707275, 63.6987571716, 54.5588417053, 45.5992012024, 35.5354309082, 21.7075996399, 6.5922961235, 0.45969837904, 0.00853066053241, 0.000622054736596],
        "mean": [0.179645553231, 2.36701273918, 6.99380397797, 9.59716415405, 8.18433570862, 7.0584654808, 11.1021270752, 11.4992437363, 9.71391677856, 10.1365909576, 13.5028295517, 14.6287794113, 47.6558647156, 52.0033302307, 53.6097869873, 37.3023529053, 60.9472084045, 76.2714157104, 23.7829246521, 13.8466787338, 16.631105423, 17.4602203369, 15.9609718323, 12.0474119186, 9.44077587128, 11.8425245285, 12.6243276596, 10.7333240509, 9.84092330933, 11.5621900558, 7.17262506485, 5.37731933594, 4.90745258331, 3.41324782372, 2.91489887238, 1.40551280975, 0.495303183794, 0.0296002663672, 0.000622748979367, 7.67935125623e-05],
        "median": [0.0285295955837, 0.357907414436, 1.1884393692, 1.28702521324, 1.95373904705, 2.57120871544, 4.858751297, 5.74975824356, 5.71061706543, 5.42654466629, 7.35007381439, 8.30004119873, 20.0947990417, 28.8538074493, 26.2112197876, 22.071062088, 18.7490997314, 40.7818870544, 12.9143514633, 7.94927072525, 10.360786438, 12.8464002609, 11.4790363312, 7.70567464828, 4.30753850937, 4.93953561783, 4.94799613953, 3.30508375168, 3.20809197426, 5.47251939774, 2.96800017357, 2.22285723686, 1.22748327255, 0.627992212772, 0.43124499917, 0.201258465648, 0.0657502263784, 0.00327095109969, 0.000102982427052, 3.41292725352e-05],
        "min": [0.000175917724846, 0.0013237913372, 0.00672162044793, 0.00665021222085, 0.0129487430677, 0.039044957608, 0.0228917133063, 0.108493313193, 0.245921581984, 0.177478075027, 0.145098030567, 0.220931097865, 0.349116504192, 0.311386793852, 0.192849606276, 0.356606334448, 0.253392875195, 0.631313025951, 0.267090082169, 0.105361014605, 0.0292344186455, 0.0797895416617, 0.0297074206173, 0.0379190407693, 0.0473141744733, 0.0560970120132, 0.0207012891769, 0.00917736813426, 0.00767319416627, 0.0105517413467, 0.00273792585358, 0.00233315792866, 0.000161698408192, 0.000275828992017, 9.30511087063e-05, 6.51420259601e-06, 2.10190205507e-06, 6.53557378882e-07, 1.26273209844e-06, 2.85610349238e-06],
        "var": [0.119669869542, 19.1844177246, 205.818054199, 591.717285156, 393.823944092, 192.856719971, 439.197906494, 387.735168457, 145.469299316, 201.549179077, 344.841156006, 404.46875, 5468.28613281, 4592.80664062, 5652.77978516, 2151.85644531, 14877.3623047, 11554.4111328, 1185.74401855, 300.530487061, 394.068939209, 290.480957031, 230.175079346, 173.762695312, 193.008041382, 456.009368896, 359.301177979, 389.155487061, 348.600830078, 352.651916504, 156.812332153, 59.5374679565, 64.8244628906, 37.9471626282, 25.6704521179, 6.88361692429, 0.918706655502, 0.00363802257925, 1.40396855386e-06, 9.57171852889e-09]
    },
    "gfcc": {
        "mean": [27.8597011566, 74.7987670898, -120.413085938, 29.4594154358, -61.0708389282, 33.4686775208, -36.3596687317, 9.41975688934, -27.485704422, 2.80892252922, -14.3058767319, 6.11189937592, -12.4566078186],
        "cov": [[2926.31542969, -1333.63916016, 1443.75927734, 151.261795044, 173.139221191, 69.3234481812, -192.904708862, 233.838760376, -517.097900391, 343.007354736, -437.007598877, 106.91796875, -223.957458496], [-1333.63916016, 1238.44384766, -767.020202637, 115.234214783, -21.1483478546, -90.8857345581, 229.983596802, -180.146255493, 334.947692871, -277.071411133, 254.054473877, -91.1657104492, 147.419036865], [1443.75927734, -767.020202637, 1549.09912109, 40.6270523071, 246.644134521, 65.2483291626, -135.772247314, 263.074768066, -379.684631348, 292.483154297, -329.601837158, 142.661315918, -180.453964233], [151.261795044, 115.234214783, 40.6270523071, 400.210632324, 58.7665367126, 65.3553237915, 122.320106506, -52.8561019897, 78.4098892212, -9.1506690979, 42.0791397095, -54.6519203186, 25.982049942], [173.139221191, -21.1483478546, 246.644134521, 58.7665367126, 223.079849243, 77.154045105, 24.0306377411, 47.9376831055, -18.4023990631, 68.9643783569, -38.0795516968, 17.921995163, -47.6155014038], [69.3234481812, -90.8857345581, 65.2483291626, 65.3553237915, 77.154045105, 171.114517212, 54.2610473633, 25.9714012146, 14.6911554337, 43.7209892273, 28.29545784, -1.00918877125, 1.88494253159], [-192.904708862, 229.983596802, -135.772247314, 122.320106506, 24.0306377411, 54.2610473633, 177.296905518, 0.91013365984, 91.4004974365, -39.4120025635, 66.4263305664, -9.38725280762, 37.7707481384], [233.838760376, -180.146255493, 263.074768066, -52.8561019897, 47.9376831055, 25.9714012146, 0.91013365984, 155.849655151, -43.8916893005, 64.6773147583, -62.3060722351, 47.6010398865, -26.6739330292], [-517.097900391, 334.947692871, -379.684631348, 78.4098892212, -18.4023990631, 14.6911554337, 91.4004974365, -43.8916893005, 216.44732666, -66.1026229858, 123.57723999, -52.4509048462, 57.7814483643], [343.007354736, -277.071411133, 292.483154297, -9.1506690979, 68.9643783569, 43.7209892273, -39.4120025635, 64.6773147583, -66.1026229858, 162.775802612, -54.7458076477, 27.6558055878, -52.832950592], [-437.007598877, 254.054473877, -329.601837158, 42.0791397095, -38.0795516968, 28.29545784, 66.4263305664, -62.3060722351, 123.57723999, -54.7458076477, 163.692321777, -19.8904323578, 59.2734451294], [106.91796875, -91.1657104492, 142.661315918, -54.6519203186, 17.921995163, -1.00918877125, -9.38725280762, 47.6010398865, -52.4509048462, 27.6558055878, -19.8904323578, 108.878715515, -7.2093629837], [-223.957458496, 147.419036865, -180.453964233, 25.982049942, -47.6155014038, 1.88494253159, 37.7707481384, -26.6739330292, 57.7814483643, -52.832950592, 59.2734451294, -7.2093629837, 95.8068847656]],
        "icov": [[0.00117825437337, 0.000730001018383, -0.000170408922713, -0.000968660693616, -0.000102500380308, 0.00029459054349, -0.000198755718884, -0.000241309520788, 0.00119242200162, -0.000160688025062, 0.000805820978712, 7.66987359384e-05, 0.000226642208872], [0.000730001018383, 0.00447117956355, -0.00120128970593, 0.00106414314359, -0.00285602966323, 0.00393754988909, -0.00397684844211, 0.00280143599957, -0.00273721478879, 0.00373379746452, -0.00227611023001, 0.00128136656713, -0.00165932672098], [-0.000170408922713, -0.00120128970593, 0.00322538847104, -0.00206563761458, -0.000309211201966, -0.00109040155075, 0.00207872083411, -0.00340841594152, 0.00362397567369, -0.00245696143247, 0.00225646374747, -0.00153426791076, 0.00113266496919], [-0.000968660693616, 0.00106414314359, -0.00206563761458, 0.00644706189632, -0.00122506311163, 0.000876504229382, -0.0046929679811, 0.00487036071718, -0.00445550307631, 0.00164255034178, -0.00176595593803, 0.00243605533615, -0.00209198729135], [-0.000102500380308, -0.00285602966323, -0.000309211201966, -0.00122506311163, 0.00927774049342, -0.00515797082335, 0.0017596235266, -0.00135528249666, 0.000138551593409, -0.00319196027704, 0.00293429638259, -0.0016686131712, 0.00376153038815], [0.00029459054349, 0.00393754988909, -0.00109040155075, 0.000876504229382, -0.00515797082335, 0.0125510776415, -0.00559728033841, 0.0013897618046, -0.00134001299739, 0.00124842044897, -0.0055809346959, 0.00258832192048, -0.00273426366039], [-0.000198755718884, -0.00397684844211, 0.00207872083411, -0.0046929679811, 0.0017596235266, -0.00559728033841, 0.0147463139147, -0.00633345823735, 0.0017507111188, -0.00138428725768, 0.00137878814712, -0.00297869555652, 0.00135397794656], [-0.000241309520788, 0.00280143599957, -0.00340841594152, 0.00487036071718, -0.00135528249666, 0.0013897618046, -0.00633345823735, 0.0157027244568, -0.00708901230246, 0.00108437868766, 0.00134931958746, -0.00129182403907, -0.00250607356429], [0.00119242200162, -0.00273721478879, 0.00362397567369, -0.00445550307631, 0.000138551593409, -0.00134001299739, 0.0017507111188, -0.00708901230246, 0.0178904086351, -0.00387181527913, -0.00220793951303, 0.00203595985658, 0.00105896184687], [-0.000160688025062, 0.00373379746452, -0.00245696143247, 0.00164255034178, -0.00319196027704, 0.00124842044897, -0.00138428725768, 0.00108437868766, -0.00387181527913, 0.0148863000795, -0.00395886739716, 0.000975332979579, 0.0011095063528], [0.000805820978712, -0.00227611023001, 0.00225646374747, -0.00176595593803, 0.00293429638259, -0.0055809346959, 0.00137878814712, 0.00134931958746, -0.00220793951303, -0.00395886739716, 0.0186476297677, -0.00427648238838, -0.00119497231208], [7.66987359384e-05, 0.00128136656713, -0.00153426791076, 0.00243605533615, -0.0016686131712, 0.00258832192048, -0.00297869555652, -0.00129182403907, 0.00203595985658, 0.000975332979579, -0.00427648238838, 0.0138138569891, -0.00241318996996], [0.000226642208872, -0.00165932672098, 0.00113266496919, -0.00209198729135, 0.00376153038815, -0.00273426366039, 0.00135397794656, -0.00250607356429, 0.00105896184687, 0.0011095063528, -0.00119497231208, -0.00241318996996, 0.017444036901]]
    },
    "melbands": {
        "dmean": [0.00185267697088, 0.0035069133155, 0.00190524046775, 0.000557968567591, 0.000354995194357, 0.000231370358961, 9.43811319303e-05, 7.84165167715e-05, 6.43113526166e-05, 5.65622176509e-05, 0.00011640304001, 0.000105169048766, 8.89003422344e-05, 6.20933351456e-05, 3.60480844392e-05, 0.00010043187649, 7.49544415157e-05, 2.33914088312e-05, 1.06733596112e-05, 1.2754780073e-05, 1.05372346297e-05, 1.05912895378e-05, 9.63936690823e-06, 6.6575234996e-06, 6.40897042103e-06, 5.02975808558e-06, 4.80141534354e-06, 6.20127912043e-06, 5.75837475481e-06, 5.97158259552e-06, 4.65183256892e-06, 4.24658901466e-06, 4.74166790809e-06, 4.08673486163e-06, 2.74878084383e-06, 2.57020928984e-06, 2.09901031667e-06, 2.70680243375e-06, 2.52906079368e-06, 2.83416602542e-06],
        "dmean2": [0.00316653889604, 0.00619106087834, 0.0034204039257, 0.00099013291765, 0.000614425749518, 0.000402429461246, 0.00015550108219, 0.000133944282425, 0.000103853439214, 8.77464044606e-05, 0.000176510831807, 0.000169640654349, 0.000132945904625, 9.35950010899e-05, 5.56845589017e-05, 0.000155271700351, 0.000115625174658, 3.68849578081e-05, 1.72275067598e-05, 2.05705127883e-05, 1.725133734e-05, 1.75935656443e-05, 1.5369419998e-05, 1.07496407509e-05, 1.03659704109e-05, 8.04127557785e-06, 8.00948600954e-06, 1.02223921203e-05, 9.07174944587e-06, 9.78877778834e-06, 7.30870306143e-06, 6.91957166055e-06, 7.54346592657e-06, 6.44659530735e-06, 4.23007531936e-06, 3.81489599022e-06, 3.24438406096e-06, 4.02980595027e-06, 3.91784215026e-06, 4.49168373962e-06],
        "dvar": [1.24853149828e-05, 4.30191321357e-05, 2.08799137908e-05, 1.5482529534e-06, 6.52253618227e-07, 2.75117912452e-07, 2.77709624186e-08, 1.94191471792e-08, 1.04346966623e-08, 9.01088803573e-09, 3.52032216711e-08, 3.32573080186e-08, 1.78647265869e-08, 8.04948019351e-09, 3.03718050709e-09, 5.94571503143e-08, 1.7821985665e-08, 1.77607073493e-09, 4.23455270848e-10, 5.28977139869e-10, 2.0691050262e-10, 2.21719156923e-10, 1.51779172564e-10, 1.00518468549e-10, 8.59487342408e-11, 8.82615230902e-11, 8.85008941132e-11, 2.12952183665e-10, 9.75117833701e-11, 1.51450435526e-10, 9.31917529257e-11, 9.33063626363e-11, 6.93229293414e-11, 5.27677970763e-11, 2.50748519171e-11, 1.58713736598e-11, 9.86163234407e-12, 1.97109915195e-11, 2.03462472564e-11, 2.82473055363e-11],
        "dvar2": [3.35055992764e-05, 0.00012943513866, 5.73774304939e-05, 4.36909112977e-06, 1.81665825494e-06, 7.65835181937e-07, 7.5232044594e-08, 5.30039301339e-08, 2.70205049446e-08, 2.00652419124e-08, 7.55556541776e-08, 7.14042016625e-08, 3.71149972977e-08, 1.79366725916e-08, 6.94101265353e-09, 1.32381316575e-07, 3.63016887661e-08, 4.41203118484e-09, 1.066766675e-09, 1.12024900467e-09, 4.98758978562e-10, 6.03896155305e-10, 3.71702724156e-10, 2.51454246314e-10, 2.11310149933e-10, 2.04305614093e-10, 2.3390284154e-10, 5.53062984299e-10, 2.29572777455e-10, 3.80223075247e-10, 2.19012433189e-10, 2.32515215415e-10, 1.65035901611e-10, 1.18327000975e-10, 6.09824551967e-11, 3.25084265063e-11, 2.26195659425e-11, 4.23691845497e-11, 4.48763005922e-11, 6.4435790037e-11],
        "max": [0.0265784580261, 0.0370450168848, 0.0398413576186, 0.0126790842041, 0.00925387255847, 0.00520812021568, 0.00195482373238, 0.00163305073511, 0.00124980858527, 0.00135723059066, 0.00290275434963, 0.00288176699542, 0.00199428806081, 0.00118030188605, 0.00101243541576, 0.00486845523119, 0.00297159003094, 0.000676477036905, 0.000270724558504, 0.000544562062714, 0.000212553044548, 0.000189014870557, 0.000200475871679, 0.00010512607696, 0.000105707782495, 0.000107805790321, 8.54899844853e-05, 0.000289469142444, 0.000128298968775, 0.000150028121425, 0.000110982400656, 0.000101784629805, 0.000131387554575, 0.000146909602336, 9.71242989181e-05, 5.95386482019e-05, 3.12850970658e-05, 3.77401593141e-05, 3.79622142646e-05, 4.86985045427e-05],
        "mean": [0.00212482060306, 0.00359572866, 0.0016536655603, 0.000514398736414, 0.000367697677575, 0.000271984608844, 0.00014159976854, 0.000113270580187, 0.0001022311626, 9.73949936451e-05, 0.000239098269958, 0.000204906289582, 0.000177463734872, 0.000118152900541, 6.57337950543e-05, 0.000190988619579, 0.000137093113153, 4.2552157538e-05, 1.78877398866e-05, 2.20732144953e-05, 1.89666861843e-05, 1.85637763934e-05, 1.73664411705e-05, 1.1164170246e-05, 9.8492091638e-06, 7.14676707503e-06, 6.23977985015e-06, 8.58533894643e-06, 8.53675010148e-06, 7.38436301617e-06, 5.81370704822e-06, 5.16280306329e-06, 6.71989118928e-06, 6.18429749011e-06, 4.26255837738e-06, 3.69640633835e-06, 2.88097976409e-06, 3.39925577464e-06, 2.8872045732e-06, 2.97642645819e-06],
        "median": [0.000329752918333, 0.000595638819505, 0.000261483684881, 0.000162690281286, 0.00016629761376, 0.000138862975291, 8.52791054058e-05, 5.988846533e-05, 5.2932791732e-05, 4.93785810249e-05, 9.62436824921e-05, 0.000103011319879, 8.2830170868e-05, 6.08335685683e-05, 3.53272516804e-05, 3.84765262424e-05, 7.09450905561e-05, 1.98794223252e-05, 7.89050318417e-06, 9.7314687082e-06, 1.23964209706e-05, 1.33810326588e-05, 1.17000527098e-05, 7.26178177501e-06, 5.92972401137e-06, 3.2701307191e-06, 2.46620311373e-06, 3.39973712471e-06, 3.29375575348e-06, 2.52244490184e-06, 1.62625940447e-06, 1.40837278195e-06, 2.89587910629e-06, 2.82769610749e-06, 1.77660081135e-06, 1.33418006953e-06, 1.1725311424e-06, 8.9872821718e-07, 5.60236117053e-07, 5.27382951532e-07],
        "min": [2.0778823e-06, 3.39841426467e-06, 1.37008839829e-06, 2.25175199375e-06, 1.07572475372e-06, 1.54308895617e-06, 3.75987565349e-06, 1.05819742657e-06, 1.00935926639e-06, 9.63408638199e-07, 9.1291803983e-07, 9.2353383252e-07, 3.97734822855e-07, 8.92712080258e-07, 4.24997040227e-07, 3.36731858397e-07, 5.13140150815e-07, 4.52957692687e-07, 1.57069010243e-07, 5.44449534345e-08, 2.99286497807e-08, 8.55382893405e-08, 3.59920591109e-08, 1.87299651344e-08, 2.86567409802e-08, 2.75541509609e-08, 3.52493110256e-08, 3.21803028669e-08, 1.42775968826e-08, 6.99415991789e-09, 4.70841365896e-09, 2.94521629307e-09, 7.15215175973e-09, 4.72070782465e-09, 1.25844779042e-09, 2.09662931461e-09, 8.87362461288e-10, 4.13513390196e-11, 3.27508159481e-11, 1.24981122673e-10],
