{
"highlevel": {
    "danceability": {
        "all": {
            "danceable": 0.281904160976,
            "not_danceable": 0.718095839024
        },
        "probability": 0.718095839024,
        "value": "not_danceable"
    },
    "gender": {
        "all": {
            "female": 0.368676185608,
            "male": 0.631323814392
        },
        "probability": 0.631323814392,
        "value": "male"
    },
    "genre_dortmund": {
        "all": {
            "alternative": 0.300068825483,
            "blues": 0.0246183760464,
            "electronic": 0.0968734696507,
            "folkcountry": 0.0568064562976,
            "funksoulrnb": 0.00433080643415,
            "jazz": 0.0140830045566,
            "pop": 0.0180339030921,
            "raphiphop": 0.00223325169645,
            "rock": 0.482951909304
        },
        "probability": 0.482951909304,
        "value": "rock"
    },
    "genre_electronic": {
        "all": {
            "ambient": 0.903967261314,
            "dnb": 0.0453848429024,
            "house": 0.00709578441456,
            "techno": 0.00584073830396,
            "trance": 0.0377113670111
        },
        "probability": 0.903967261314,
        "value": "ambient"
    },
    "genre_rosamerica": {
        "all": {
            "cla": 0.253322631121,
            "dan": 0.011673880741,
            "hip": 0.00547376507893,
            "jaz": 0.00444724923,
            "pop": 0.0138934990391,
            "rhy": 0.0269538089633,
            "roc": 0.678780138493,
            "spe": 0.0054550464265
        },
        "probability": 0.678780138493,
        "value": "roc"
    },
    "genre_tzanetakis": {
        "all": {
            "blu": 0.0514389835298,
            "cla": 0.0342905148864,
            "cou": 0.102888338268,
            "dis": 0.0772267058492,
            "hip": 0.154498815536,
            "jaz": 0.309085905552,
            "met": 0.0441147200763,
            "pop": 0.0617549531162,
            "reg": 0.0617581829429,
            "roc": 0.102942891419
        },
        "probability": 0.309085905552,
        "value": "jaz"
    },
    "ismir04_rhythm": {
        "all": {
            "ChaChaCha": 0.00889855623245,
            "Jive": 0.0344965085387,
            "Quickstep": 0.00288294884376,
            "Rumba-American": 0.00565485469997,
            "Rumba-International": 0.00365804950707,
            "Rumba-Misc": 0.00138899579179,
            "Samba": 0.00925633590668,
            "Tango": 0.0448587536812,
            "VienneseWaltz": 0.880663216114,
            "Waltz": 0.00824179127812
        },
        "probability": 0.880663216114,
        "value": "VienneseWaltz"
    },
    "mood_acoustic": {
        "all": {
            "acoustic": 0.263063579798,
            "not_acoustic": 0.736936450005
        },
        "probability": 0.736936450005,
        "value": "not_acoustic"
    },
    "mood_aggressive": {
        "all": {
            "aggressive": 0.925552129745,
            "not_aggressive": 0.0744478777051
        },
        "probability": 0.925552129745,
        "value": "aggressive"
    },
    "mood_electronic": {
        "all": {
            "electronic": 0.286505281925,
            "not_electronic": 0.713494718075
        },
        "probability": 0.713494718075,
        "value": "not_electronic"
    },
    "mood_happy": {
        "all": {
            "happy": 0.374450922012,
            "not_happy": 0.625549077988
        },
        "probability": 0.625549077988,
        "value": "not_happy"
    },
    "mood_party": {
        "all": {
            "not_party": 0.955442368984,
            "party": 0.0445576533675
        },
        "probability": 0.955442368984,
        "value": "not_party"
    },
    "mood_relaxed": {
        "all": {
            "not_relaxed": 0.230242073536,
            "relaxed": 0.769757926464
        },
        "probability": 0.769757926464,
        "value": "relaxed"
    },
    "mood_sad": {
        "all": {
            "not_sad": 0.628998339176,
            "sad": 0.371001690626
        },
        "probability": 0.628998339176,
        "value": "not_sad"
    },
    "moods_mirex": {
        "all": {
            "Cluster1": 0.149293899536,
            "Cluster2": 0.121158711612,
            "Cluster3": 0.265746176243,
            "Cluster4": 0.132263511419,
            "Cluster5": 0.331537693739
        },
        "probability": 0.331537693739,
        "value": "Cluster5"
    },
    "timbre": {
        "all": {
            "bright": 0.124928511679,
            "dark": 0.875071465969
        },
        "probability": 0.875071465969,
        "value": "dark"
    },
    "tonal_atonal": {
        "all": {
            "atonal": 0.0144430082291,
            "tonal": 0.985557019711
        },
        "probability": 0.985557019711,
        "value": "tonal"
    },
    "voice_instrumental": {
        "all": {
            "instrumental": 0.066648080945,
            "voice": 0.933351933956
        },
        "probability": 0.933351933956,
        "value": "voice"
    }
},
"lowlevel": {
    "average_loudness": 0.968481779099,
    "barkbands_crest": {
        "dmean": 2.05614972115,
        "dmean2": 3.32535028458,
        "dvar": 3.51212191582,
        "dvar2": 9.72198104858,
        "max": 19.7220249176,
        "mean": 8.11231422424,
        "median": 7.69347143173,
        "min": 3.23252820969,
        "var": 7.09119319916
    },
    "barkbands_flatness_db": {
        "dmean": 0.0188596900553,
        "dmean2": 0.030075063929,
        "dvar": 0.000315584329655,
        "dvar2": 0.00086935213767,
        "max": 0.294596135616,
        "mean": 0.176328316331,
        "median": 0.180104643106,
        "min": 0.0845757946372,
        "var": 0.00101252959576
    },
    "barkbands_kurtosis": {
        "dmean": 1.68187344074,
        "dmean2": 2.8344783783,
        "dvar": 9.72868537903,
        "dvar2": 26.8155651093,
        "max": 35.7945137024,
        "mean": 1.96665883064,
        "median": 1.08327579498,
        "min": -1.45670354366,
        "var": 11.7603807449
    },
    "barkbands_skewness": {
        "dmean": 0.391883015633,
        "dmean2": 0.640597224236,
        "dvar": 0.238570347428,
        "dvar2": 0.607600569725,
        "max": 5.29671430588,
        "mean": 1.17716300488,
        "median": 1.09823739529,
        "min": -0.898414433002,
        "var": 0.473662942648
    },
    "barkbands_spread": {
        "dmean": 2.94521260262,
        "dmean2": 4.79367637634,
        "dvar": 6.79934263229,
        "dvar2": 17.9215240479,
        "max": 31.4332485199,
        "mean": 14.9300489426,
        "median": 14.6311454773,
        "min": 2.51966023445,
        "var": 23.1437854767
    },
    "dissonance": {
        "dmean": 0.0195577777922,
        "dmean2": 0.0325473994017,
        "dvar": 0.000264732516371,
        "dvar2": 0.000759090064093,
        "max": 0.499999910593,
        "mean": 0.460415661335,
        "median": 0.463807463646,
        "min": 0.356622606516,
        "var": 0.000529101875145
    },
    "dynamic_complexity": 1.32170689106,
    "erbbands_crest": {
        "dmean": 2.48328232765,
        "dmean2": 4.04906988144,
        "dvar": 4.53570318222,
        "dvar2": 12.1319665909,
        "max": 23.201089859,
        "mean": 8.64845085144,
        "median": 7.86454153061,
        "min": 3.0844347477,
        "var": 10.6145648956
    },
    "erbbands_flatness_db": {
        "dmean": 0.017143568024,
        "dmean2": 0.0232981797308,
        "dvar": 0.000278655264992,
        "dvar2": 0.000453787244624,
        "max": 0.283938229084,
        "mean": 0.195207819343,
        "median": 0.202167138457,
        "min": 0.0832698792219,
        "var": 0.00141523557249
    },
    "erbbands_kurtosis": {
        "dmean": 0.544611811638,
        "dmean2": 0.879979074001,
        "dvar": 0.350259691477,
        "dvar2": 0.886670351028,
        "max": 6.24255084991,
        "mean": -0.086922980845,
        "median": -0.315415620804,
        "min": -1.38906276226,
        "var": 0.842245399952
    },
    "erbbands_skewness": {
        "dmean": 0.306539684534,
        "dmean2": 0.492102593184,
        "dvar": 0.059835113585,
        "dvar2": 0.153056591749,
        "max": 2.12662291527,
        "mean": 0.308228641748,
        "median": 0.273732215166,
        "min": -1.38273942471,
        "var": 0.261973410845
    },
    "erbbands_spread": {
        "dmean": 4.28936338425,
        "dmean2": 6.82687520981,
        "dvar": 18.9249629974,
        "dvar2": 42.3916740417,
        "max": 58.8519897461,
        "mean": 25.4636383057,
        "median": 24.6216754913,
        "min": 8.4095582962,
        "var": 48.5487060547
    },
    "hfc": {
        "dmean": 4.66885900497,
        "dmean2": 7.04428482056,
        "dvar": 29.4090881348,
        "dvar2": 60.113368988,
        "max": 83.5132064819,
        "mean": 21.9764900208,
        "median": 19.7770347595,
        "min": 1.90892517567,
        "var": 131.875198364
    },
    "melbands_crest": {
        "dmean": 2.84006738663,
        "dmean2": 4.67003202438,
        "dvar": 7.3695101738,
        "dvar2": 19.2188796997,
        "max": 25.6933517456,
        "mean": 11.5993232727,
        "median": 10.865940094,
        "min": 4.97630310059,
        "var": 15.8205509186
    },
    "melbands_flatness_db": {
        "dmean": 0.0210303794593,
        "dmean2": 0.0329146794975,
        "dvar": 0.000463762466097,
        "dvar2": 0.00119335693307,
        "max": 0.40187177062,
        "mean": 0.237999841571,
        "median": 0.242340087891,
        "min": 0.117607161403,
        "var": 0.00174260046333
    },
    "melbands_kurtosis": {
        "dmean": 3.2159948349,
        "dmean2": 5.57836294174,
        "dvar": 46.8860473633,
        "dvar2": 131.225723267,
        "max": 75.0746231079,
        "mean": 5.16482448578,
        "median": 3.53844690323,
        "min": -1.34276747704,
        "var": 46.3562545776
    },
    "melbands_skewness": {
        "dmean": 0.498543173075,
        "dmean2": 0.830202281475,
        "dvar": 0.441662997007,
        "dvar2": 1.15650212765,
        "max": 7.09192562103,
        "mean": 1.76102554798,
        "median": 1.61884737015,
        "min": -0.311249405146,
        "var": 0.739643871784
    },
    "melbands_spread": {
        "dmean": 3.87112975121,
        "dmean2": 6.26290035248,
        "dvar": 14.0596485138,
        "dvar2": 34.3881034851,
        "max": 52.3183250427,
        "mean": 17.6218109131,
        "median": 16.8338356018,
        "min": 2.082695961,
        "var": 47.0127487183
    },
    "pitch_salience": {
        "dmean": 0.0672117620707,
        "dmean2": 0.11026224494,
        "dvar": 0.00388196203858,
        "dvar2": 0.0113033363596,
        "max": 0.802789628506,
        "mean": 0.58862644434,
        "median": 0.595995545387,
        "min": 0.232418224216,
        "var": 0.00789255555719
    },
    "silence_rate_20dB": {
        "dmean": 0,
        "dmean2": 0,
        "dvar": 0,
        "dvar2": 0,
        "max": 1,
        "mean": 1,
        "median": 1,
        "min": 1,
        "var": 0
    },
    "silence_rate_30dB": {
        "dmean": 0.0464396290481,
        "dmean2": 0.0929512009025,
        "dvar": 0.0442824624479,
        "dvar2": 0.118391700089,
        "max": 1,
        "mean": 0.970610976219,
        "median": 1,
        "min": 0,
        "var": 0.028525294736
    },
    "silence_rate_60dB": {
        "dmean": 0,
        "dmean2": 0,
        "dvar": 0,
        "dvar2": 0,
        "max": 0,
        "mean": 0,
        "median": 0,
        "min": 0,
        "var": 0
    },
    "spectral_centroid": {
        "dmean": 127.730880737,
        "dmean2": 204.372741699,
        "dvar": 13195.1855469,
        "dvar2": 33641.609375,
        "max": 1833.70849609,
        "mean": 874.743835449,
        "median": 845.444641113,
        "min": 290.44909668,
        "var": 56604.78125
    },
    "spectral_complexity": {
        "dmean": 2.8722910881,
        "dmean2": 4.51432991028,
        "dvar": 6.9472823143,
        "dvar2": 14.5967941284,
        "max": 47,
        "mean": 23.7610206604,
        "median": 23,
        "min": 8,
        "var": 35.4394111633
    },
    "spectral_decrease": {
        "dmean": 3.48002826556e-09,
        "dmean2": 5.90971271919e-09,
        "dvar": 3.60359976544e-17,
        "dvar2": 9.55969325205e-17,
        "max": -1.67952207697e-09,
        "mean": -1.06785105203e-08,
        "median": -9.00864982611e-09,
        "min": -4.95905894127e-08,
        "var": 4.53272807239e-17
    },
    "spectral_energy": {
        "dmean": 0.0134646557271,
        "dmean2": 0.0228002723306,
        "dvar": 0.000522586284205,
        "dvar2": 0.00138110900298,
        "max": 0.189697235823,
        "mean": 0.0422965213656,
        "median": 0.0359783656895,
        "min": 0.00657422654331,
        "var": 0.000676472496707
    },
    "spectral_energyband_high": {
        "dmean": 9.16860226425e-05,
        "dmean2": 0.000120572614833,
        "dvar": 3.62132084319e-08,
        "dvar2": 6.79161473727e-08,
        "max": 0.0024117261637,
        "mean": 0.000181847382919,
        "median": 6.85890481691e-05,
        "min": 2.33916011894e-06,
        "var": 8.49474801612e-08
    },
    "spectral_energyband_low": {
        "dmean": 0.00930786877871,
        "dmean2": 0.0160154458135,
        "dvar": 0.00051368115237,
        "dvar2": 0.00142994418275,
        "max": 0.174464091659,
        "mean": 0.0153379281983,
        "median": 0.00855932384729,
        "min": 0.000100974437373,
        "var": 0.000496224209201
    },
    "spectral_energyband_middle_high": {
        "dmean": 0.00190518202726,
        "dmean2": 0.00292559200898,
        "dvar": 5.60206308364e-06,
        "dvar2": 1.27474731926e-05,
        "max": 0.0408625304699,
        "mean": 0.00702982535586,
        "median": 0.00579752866179,
        "min": 0.000256201747106,
        "var": 2.37937711063e-05
    },
    "spectral_energyband_middle_low": {
        "dmean": 0.0064513226971,
        "dmean2": 0.0107144759968,
        "dvar": 4.3840806029e-05,
        "dvar2": 0.000116264294775,
        "max": 0.0748232379556,
        "mean": 0.021437946707,
        "median": 0.0202642381191,
        "min": 0.00152202928439,
        "var": 9.69698521658e-05
    },
    "spectral_entropy": {
        "dmean": 0.120367288589,
        "dmean2": 0.180745348334,
        "dvar": 0.0118831880391,
        "dvar2": 0.0232527628541,
        "max": 8.55368614197,
        "mean": 7.25634050369,
        "median": 7.22675848007,
        "min": 6.55214500427,
        "var": 0.0595722049475
    },
    "spectral_flux": {
        "dmean": 0.0265743229538,
        "dmean2": 0.0424586720765,
        "dvar": 0.00150141236372,
        "dvar2": 0.00317896390334,
        "max": 0.364501148462,
        "mean": 0.100724279881,
        "median": 0.0857594460249,
        "min": 0.0267120078206,
        "var": 0.00276140379719
    },
    "spectral_kurtosis": {
        "dmean": 3.63351726532,
        "dmean2": 6.20111083984,
        "dvar": 11.1383008957,
        "dvar2": 35.0018768311,
        "max": 27.3824214935,
        "mean": 9.88821220398,
        "median": 9.07828140259,
        "min": 2.84827518463,
        "var": 18.1861057281
    },
    "spectral_rms": {
        "dmean": 0.00091137754498,
        "dmean2": 0.00150001305155,
        "dvar": 1.48657693444e-06,
        "dvar2": 3.67004281543e-06,
        "max": 0.0136040607467,
        "mean": 0.00619255751371,
        "median": 0.00592459645122,
        "min": 0.00253256387077,
        "var": 2.91704486699e-06
    },
    "spectral_rolloff": {
        "dmean": 223.215042114,
        "dmean2": 375.621307373,
        "dvar": 63090.2539062,
        "dvar2": 142100.546875,
        "max": 2239.453125,
        "mean": 959.266174316,
        "median": 882.861328125,
        "min": 107.666015625,
        "var": 186828.09375
    },
    "spectral_skewness": {
        "dmean": 0.316177904606,
        "dmean2": 0.53396064043,
        "dvar": 0.0731900334358,
        "dvar2": 0.228471890092,
        "max": 3.69155979156,
        "mean": 2.14298677444,
        "median": 2.10217618942,
        "min": 1.12313139439,
        "var": 0.152064293623
    },
    "spectral_spread": {
        "dmean": 389448.1875,
        "dmean2": 510963.65625,
        "dvar": 595312115712,
        "dvar2": 729569492992,
        "max": 25214506,
        "mean": 2793840,
        "median": 2420585.75,
        "min": 1672131.125,
        "var": 1.20091954381e+12
    },
    "spectral_strongpeak": {
        "dmean": 0.578173518181,
        "dmean2": 1.006103158,
        "dvar": 0.689174950123,
        "dvar2": 1.78526437283,
        "max": 7.57688617706,
        "mean": 0.9576420784,
        "median": 0.582379281521,
        "min": 0.0708481743932,
        "var": 0.886444866657
    },
    "zerocrossingrate": {
        "dmean": 0.00487223034725,
        "dmean2": 0.00620204163715,
        "dvar": 1.82322710316e-05,
        "dvar2": 2.78032403003e-05,
        "max": 0.0830078125,
        "mean": 0.0373657904565,
        "median": 0.03564453125,
        "min": 0.0087890625,
        "var": 0.00012927564967
    },
    "barkbands": {
        "dmean": [8.4450810391e-05, 0.00599634321406, 0.00398222124204, 0.00189859210514, 0.00262157875113, 0.00157641107216, 0.00283634965308, 0.00152841198724, 0.00126690417528, 0.000423574500019, 0.000800145498943, 0.000304355315166, 0.000521947222296, 0.000502057024278, 0.000386403291486, 0.000417784583988, 0.00020537734963, 0.000112295805593, 5.5723128753e-05, 3.59694240615e-05, 2.87704569928e-05, 1.25329161165e-05, 1.05901717689e-05, 8.02122212917e-06, 1.60292183864e-05, 1.65591409313e-05, 8.4834965719e-09],
        "dmean2": [0.000135079884785, 0.0101806120947, 0.00694020139053, 0.00310945184901, 0.00448343902826, 0.00258994102478, 0.00466845743358, 0.00245796074159, 0.002043425804, 0.000670922803693, 0.00130613904912, 0.000503672519699, 0.000816703599412, 0.000805069168564, 0.000636368931737, 0.000688912463374, 0.00033055988024, 0.000179981580004, 8.52568846312e-05, 5.76809361519e-05, 4.36285554315e-05, 1.82257390406e-05, 1.54319986905e-05, 1.1613665265e-05, 2.19577159442e-05, 2.27818072744e-05, 1.01731583158e-08],
        "dvar": [6.90290846705e-08, 0.00020798103651, 9.24289051909e-05, 6.22102197667e-06, 9.41089547268e-06, 4.72277224617e-06, 1.06748912003e-05, 5.32443846168e-06, 2.8306887998e-06, 3.42388460695e-07, 1.99436840376e-06, 3.44759740756e-07, 7.94671734639e-07, 6.18248066075e-07, 4.40848140215e-07, 4.21662605277e-07, 8.24370687269e-08, 2.83971974824e-08, 1.23258354634e-08, 3.79346731805e-09, 4.5636796564e-09, 1.40035949503e-09, 6.38995745206e-10, 3.67542329904e-10, 1.16058584965e-09, 1.41472134008e-09, 2.76761222311e-14],
        "dvar2": [1.51363408918e-07, 0.000587766699027, 0.000258824613411, 1.60709423653e-05, 2.57643678196e-05, 1.33537778311e-05, 2.84475918306e-05, 1.48760291268e-05, 7.9690835264e-06, 8.22356298613e-07, 5.33987304152e-06, 8.76298599906e-07, 1.83839881629e-06, 1.48004289713e-06, 1.22532560454e-06, 1.06944742129e-06, 2.10932725508e-07, 7.30893319201e-08, 3.00523943508e-08, 9.23519127838e-09, 1.03996278256e-08, 3.18565662738e-09, 1.45373568738e-09, 8.67975580299e-10, 2.32898678121e-09, 2.78202505477e-09, 2.77007895246e-14],
        "max": [0.00248635862954, 0.118536680937, 0.0679513141513, 0.0263711325824, 0.0368800275028, 0.0323160775006, 0.0367303341627, 0.0265043694526, 0.0207484569401, 0.00970305409282, 0.0281192418188, 0.00944437272847, 0.0184188056737, 0.0127529520541, 0.012189685367, 0.00962044391781, 0.00375470076688, 0.0022006246727, 0.00175410218071, 0.000886784342583, 0.000899861042853, 0.000586453825235, 0.000308947346639, 0.000303071370581, 0.000325255125063, 0.000327934045345, 4.2393808144e-06],
        "mean": [8.43663219712e-05, 0.00914873648435, 0.0045505259186, 0.00322833424434, 0.00426442315802, 0.00271691032685, 0.00532576069236, 0.00306077906862, 0.00256957043894, 0.000790088088252, 0.00129855331033, 0.00058858335251, 0.00110085459892, 0.000959120632615, 0.00076888006879, 0.000840739230625, 0.000415497255744, 0.000241823712713, 0.000120237586088, 7.60522598284e-05, 5.30018915015e-05, 2.10705147765e-05, 1.72699856194e-05, 1.25466267491e-05, 2.16505868593e-05, 2.1139432647e-05, 8.02272381861e-09],
        "median": [5.28689588464e-06, 0.00497326347977, 0.0017493822379, 0.00197558430955, 0.00319315260276, 0.0019522147486, 0.00424360157922, 0.00148920284119, 0.00176418863703, 0.000524520233739, 0.000729167542886, 0.000307607580908, 0.000552618992515, 0.000619092024863, 0.00049570837291, 0.000513979815878, 0.000293760152999, 0.000169885839568, 7.53928325139e-05, 4.8375051847e-05, 2.504179065e-05, 5.05981506649e-06, 4.86492035634e-06, 2.57951705862e-06, 1.83688280231e-06, 8.74977843068e-07, 5.69558677999e-10],
        "min": [6.20657392147e-09, 8.87763417268e-06, 2.77236013062e-05, 2.31054091273e-05, 0.000118636839034, 5.60160078749e-05, 0.000107001520519, 1.49947427417e-05, 4.05026694352e-05, 1.54453809955e-05, 1.19845963127e-05, 9.98269933916e-06, 2.14264418901e-05, 1.62274081958e-05, 1.84894179256e-05, 9.00389932212e-06, 6.73392241879e-06, 2.24229211199e-06, 2.51236747317e-06, 1.89518505067e-06, 7.83285372563e-07, 4.87485635858e-07, 2.52190773153e-07, 1.79329532557e-07, 2.91292723276e-09, 1.76657802969e-11, 1.02701276303e-11],
        "var": [7.65954411008e-08, 0.000201931208721, 7.60031252867e-05, 1.24286880236e-05, 1.44275336424e-05, 7.13482313586e-06, 1.84322980203e-05, 1.59520568559e-05, 6.43839439363e-06, 8.26883081118e-07, 4.69282304039e-06, 7.07641675035e-07, 2.2887504656e-06, 1.54056760948e-06, 9.22200740661e-07, 9.96177050183e-07, 1.58757728741e-07, 5.62815962724e-08, 2.23868532601e-08, 8.40085512266e-09, 8.258808748e-09, 2.10007278234e-09, 1.10832498734e-09, 6.04486460887e-10, 2.06792583057e-09, 2.30772867482e-09, 2.76681923087e-14]
    },
    "erbbands": {
        "dmean": [0.0970824882388, 1.66478288174, 5.08344268799, 4.60290336609, 6.19243097305, 12.7490692139, 9.64615535736, 13.4826517105, 27.4135360718, 51.8569564819, 30.9629516602, 30.2456741333, 17.1819858551, 15.4080047607, 24.5709495544, 13.4282922745, 24.5153770447, 22.6560401917, 23.1231651306, 19.8178386688, 21.0154399872, 10.5598449707, 6.72238779068, 3.40982437134, 2.44927215576, 1.65997505188, 1.49007797241, 0.788857579231, 0.471242815256, 0.400096654892, 0.289499342442, 0.185436353087, 0.127833411098, 0.129128903151, 0.135191857815, 0.0892655551434, 0.0299911964685, 0.00236621499062, 4.83341464133e-05, 1.5615063603e-05],
        "dmean2": [0.153872579336, 2.90284991264, 8.89608955383, 7.65465068817, 10.571305275, 21.9530181885, 15.9287176132, 22.1225681305, 45.6422195435, 84.6274490356, 50.8092269897, 48.8271255493, 27.3642616272, 25.243680954, 39.6047744751, 22.3741264343, 38.3072509766, 35.7462043762, 37.8161888123, 32.4866142273, 34.3359527588, 16.7383823395, 10.6514053345, 5.39265775681, 3.84148979187, 2.61256313324, 2.31964182854, 1.18109178543, 0.701979577541, 0.602429866791, 0.421978116035, 0.280647009611, 0.181014806032, 0.182142183185, 0.188838630915, 0.122576497495, 0.0419074371457, 0.00331420404837, 6.52271410218e-05, 2.52601312241e-05],
        "dvar": [0.0739928036928, 16.396900177, 155.214401245, 53.3810348511, 52.7694091797, 258.37411499, 167.106277466, 359.088348389, 1604.55065918, 3115.48730469, 2848.34716797, 1841.05761719, 649.642944336, 564.442382812, 1573.33459473, 776.00604248, 2001.05419922, 1364.64831543, 1851.83068848, 859.067749023, 1169.86047363, 257.28302002, 80.9471893311, 53.6753883362, 21.3364448547, 7.14022159576, 9.68858909607, 4.73409891129, 1.9228978157, 1.33767819405, 0.466564595699, 0.245017647743, 0.0741263702512, 0.074632063508, 0.0879492983222, 0.039490506053, 0.00501237437129, 3.09471761284e-05, 1.06725197568e-08, 6.31189434053e-10],
        "dvar2": [0.143137529492, 48.772277832, 450.731903076, 133.162399292, 148.210983276, 711.934326172, 454.119537354, 1006.29156494, 4429.59667969, 8184.55859375, 8105.01464844, 5328.22167969, 1536.2286377, 1593.3482666, 4114.68652344, 1979.65563965, 4731.94873047, 3147.33496094, 5086.15087891, 2358.91064453, 3081.75170898, 641.608947754, 199.23638916, 134.617462158, 52.2068824768, 16.5313644409, 22.6993274689, 11.2664108276, 4.50120401382, 3.13277816772, 1.07207000256, 0.611020684242, 0.160168364644, 0.148592248559, 0.183191567659, 0.0803861692548, 0.0101790456101, 6.49681387586e-05, 2.06739656505e-08, 1.57232926679e-09],
        "max": [2.42397665977, 31.6658439636, 91.005279541, 68.880531311, 57.2761001587, 210.351669312, 141.819030762, 254.980651855, 447.343505859, 602.678588867, 620.46472168, 576.107727051, 379.266418457, 445.653381348, 800.664489746, 508.219696045, 1032.91210938, 637.910339355, 742.461364746, 359.829528809, 580.091796875, 239.671554565, 114.069297791, 91.3137969971, 70.519569397, 37.0078163147, 44.9892463684, 37.2890777588, 21.3668518066, 17.145324707, 8.29188728333, 8.44868755341, 3.40121746063, 2.99812507629, 2.6483373642, 2.02688145638, 0.700491666794, 0.0490571036935, 0.000902399013285, 0.000212196013308],
        "mean": [0.137215510011, 2.43151473999, 6.22050380707, 7.75377464294, 10.4955921173, 18.3576984406, 16.8917217255, 24.084733963, 46.5531425476, 104.307220459, 62.2008056641, 60.1909980774, 36.9155464172, 31.6754760742, 43.6082801819, 30.0438747406, 53.4090232849, 48.6635551453, 46.1195335388, 40.8042640686, 43.2508506775, 23.2198352814, 15.6747179031, 7.36234331131, 5.41204977036, 3.63816308975, 2.85384964943, 1.39476656914, 0.790341973305, 0.657507479191, 0.458959490061, 0.28853264451, 0.201638132334, 0.185554876924, 0.173398822546, 0.113414958119, 0.0373561494052, 0.00274382601492, 7.43622658774e-05, 5.10297250003e-05],
        "median": [0.0435621663928, 1.39823639393, 2.97179985046, 4.95221710205, 7.63415575027, 13.3755292892, 12.4336309433, 17.3164482117, 33.1238670349, 78.0795593262, 38.3194084167, 40.3979797363, 24.3837661743, 23.2072296143, 25.8603248596, 17.358417511, 28.0823974609, 30.5063552856, 30.6897068024, 26.7435894012, 27.3656864166, 16.8081607819, 11.2748012543, 4.97729444504, 3.48158693314, 2.39387774467, 1.56592571735, 0.549276649952, 0.206680893898, 0.157353833318, 0.133131876588, 0.0703741833568, 0.0380458757281, 0.0211335942149, 0.0126059092581, 0.00515031581745, 0.00147275335621, 9.52836926444e-05, 2.30548594118e-05, 4.21380973421e-05],
        "min": [8.09748526081e-05, 0.00294286757708, 0.0304187368602, 0.192578241229, 0.320762425661, 0.308837324381, 0.393146127462, 0.651345014572, 0.870632350445, 3.71951842308, 1.86235976219, 1.07369267941, 1.22245824337, 1.48234820366, 0.90039473772, 0.890451490879, 1.03889119625, 1.42527985573, 1.31973075867, 0.661194562912, 0.459030717611, 0.321601390839, 0.153784394264, 0.0884374603629, 0.127994015813, 0.0743484571576, 0.0330833904445, 0.0248629339039, 0.0193938631564, 0.0104079972953, 0.00703115342185, 0.00541591644287, 0.00197817571461, 0.000644958228804, 6.60465448163e-05, 1.57588801812e-05, 9.3831349659e-06, 1.45606441038e-06, 3.15409374707e-06, 7.35701087251e-06],
        "var": [0.0992789715528, 13.6129703522, 117.232475281, 70.7075576782, 81.0385818481, 343.670135498, 249.260025024, 548.202270508, 2032.85559082, 8123.75537109, 5736.50341797, 3828.24853516, 1601.95812988, 1274.51269531, 3640.86547852, 1690.32910156, 5282.57666016, 4090.06420898, 3408.55639648, 1800.89538574, 2487.16577148, 465.953552246, 191.061172485, 78.0729446411, 46.9929580688, 16.8717155457, 17.5879688263, 7.26980829239, 2.77721190453, 2.02291417122, 0.774547219276, 0.334024965763, 0.148775652051, 0.143299236894, 0.142126500607, 0.0637621060014, 0.00772288255394, 4.43823191745e-05, 1.71216196776e-08, 9.81441261594e-10]
    },
    "gfcc": {
        "mean": [9.1946554184, 148.091888428, -131.982315063, 13.5050344467, -43.2832717896, 2.69207215309, -39.2382621765, 10.1898565292, -16.5009346008, 4.23640632629, -15.0713005066, -6.98562097549, -10.8456325531],
        "cov": [[1636.84533691, -939.945922852, 360.557891846, 9.99409294128, -41.3249664307, 167.156433105, -148.383865356, 194.361328125, -181.304428101, 230.690505981, -229.885986328, 186.957519531, -147.563674927], [-939.945922852, 980.662536621, -306.540985107, 46.8129196167, 149.408477783, -138.733016968, 191.611557007, -127.410171509, 212.757324219, -203.853881836, 223.555923462, -172.915252686, 162.975082397], [360.557891846, -306.540985107, 479.337402344, 68.9618453979, -21.1690444946, 107.159721375, -49.8721885681, 100.715995789, -66.9338989258, 97.1649780273, -66.8982467651, 140.219009399, -53.2448234558], [9.99409294128, 46.8129196167, 68.9618453979, 132.486679077, 32.4089698792, 18.7779750824, 23.5348110199, -5.69815063477, 32.5181541443, -7.27824401855, 26.4348087311, -0.587465882301, 22.7094173431], [-41.3249664307, 149.408477783, -21.1690444946, 32.4089698792, 161.4087677, 16.9603652954, 42.6948280334, 16.1037158966, 48.3201599121, 12.6976919174, 16.8912830353, -30.3533363342, 19.2864055634], [167.156433105, -138.733016968, 107.159721375, 18.7779750824, 16.9603652954, 107.301940918, 5.20331525803, 28.5980892181, -26.1924858093, 44.8906669617, -24.8889808655, 24.7719020844, -27.9430141449], [-148.383865356, 191.611557007, -49.8721885681, 23.5348110199, 42.6948280334, 5.20331525803, 96.9061813354, -5.04932975769, 52.551486969, -25.2364807129, 50.3048400879, -32.4631881714, 31.5893745422], [194.361328125, -127.410171509, 100.715995789, -5.69815063477, 16.1037158966, 28.5980892181, -5.04932975769, 99.315246582, 0.47693541646, 47.7293052673, -35.6914405823, 46.348033905, -19.6793785095], [-181.304428101, 212.757324219, -66.9338989258, 32.5181541443, 48.3201599121, -26.1924858093, 52.551486969, 0.47693541646, 107.925445557, -20.3561687469, 56.0114936829, -38.6248092651, 39.3332061768], [230.690505981, -203.853881836, 97.1649780273, -7.27824401855, 12.6976919174, 44.8906669617, -25.2364807129, 47.7293052673, -20.3561687469, 109.596008301, -33.6107025146, 41.2786750793, -39.9260978699], [-229.885986328, 223.555923462, -66.8982467651, 26.4348087311, 16.8912830353, -24.8889808655, 50.3048400879, -35.6914405823, 56.0114936829, -33.6107025146, 99.0276184082, -24.0931434631, 42.6804351807], [186.957519531, -172.915252686, 140.219009399, -0.587465882301, -30.3533363342, 24.7719020844, -32.4631881714, 46.348033905, -38.6248092651, 41.2786750793, -24.0931434631, 95.0358200073, -10.9230680466], [-147.563674927, 162.975082397, -53.2448234558, 22.7094173431, 19.2864055634, -27.9430141449, 31.5893745422, -19.6793785095, 39.3332061768, -39.9260978699, 42.6804351807, -10.9230680466, 67.5130996704]],
        "icov": [[0.00164711603429, 0.00128005817533, 0.000290797761409, -0.000823200389277, -0.000639723148197, -8.82077874849e-05, -0.000310711446218, -0.00115407386329, 0.000507114513312, -0.000376316049369, 0.000653106893878, -0.000540243869182, -4.67407626275e-05], [0.00128005817533, 0.0177165344357, -0.00675212498754, 0.00810383725911, -0.0111063234508, 0.00991045311093, -0.0103734731674, 0.00587318139151, -0.00873432308435, 0.0150183243677, -0.0152572710067, 0.0122635774314, -0.00858050771058], [0.000290797761409, -0.00675212498754, 0.00877241324633, -0.00729935523123, 0.00446248054504, -0.00661882245913, 0.00456621591002, -0.00474515091628, 0.00424965750426, -0.00651200395077, 0.00731723802164, -0.0117295635864, 0.00592434825376], [-0.000823200389277, 0.00810383725911, -0.00729935523123, 0.0165254119784, -0.00649867299944, 0.00365005503409, -0.00496885832399, 0.00690637342632, -0.00829980056733, 0.00912870187312, -0.00945407524705, 0.00856069847941, -0.00737609574571], [-0.000639723148197, -0.0111063234508, 0.00446248054504, -0.00649867299944, 0.0159312598407, -0.00774323847145, 0.00499858986586, -0.00608209474012, 0.0041448911652, -0.0122989621013, 0.0104952650145, -0.00384090328589, 0.00230533862486], [-8.82077874849e-05, 0.00991045311093, -0.00661882245913, 0.00365005503409, -0.00774323847145, 0.0218921806663, -0.0116231944412, 0.00424442067742, -0.00139714404941, 0.00539780175313, -0.008176907897, 0.0085520343855, -0.00205643684603], [-0.000310711446218, -0.0103734731674, 0.00456621591002, -0.00496885832399, 0.00499858986586, -0.0116231944412, 0.0263480171561, -0.00834184978157, 0.00258605438285, -0.00639216182753, 0.00189027364831, -0.00283469562419, 0.00169582269154], [-0.00115407386329, 0.00587318139151, -0.00474515091628, 0.00690637342632, -0.00608209474012, 0.00424442067742, -0.00834184978157, 0.0254772268236, -0.012756511569, 0.00391137460247, 0.00203964067623, -0.0047181462869, -0.00024960396695], [0.000507114513312, -0.00873432308435, 0.00424965750426, -0.00829980056733, 0.0041448911652, -0.00139714404941, 0.00258605438285, -0.012756511569, 0.0277652833611, -0.0111442795023, 0.000413103873143, 0.00168385286815, -0.00110988516826], [-0.000376316049369, 0.0150183243677, -0.00651200395077, 0.00912870187312, -0.0122989621013, 0.00539780175313, -0.00639216182753, 0.00391137460247, -0.0111442795023, 0.0311991982162, -0.0151041531935, 0.00640858802944, 0.000124508922454], [0.000653106893878, -0.0152572710067, 0.00731723802164, -0.00945407524705, 0.0104952650145, -0.008176907897, 0.00189027364831, 0.00203964067623, 0.000413103873143, -0.0151041531935, 0.0377481244504, -0.0179385580122, 0.00459770485759], [-0.000540243869182, 0.0122635774314, -0.0117295635864, 0.00856069847941, -0.00384090328589, 0.0085520343855, -0.00283469562419, -0.0047181462869, 0.00168385286815, 0.00640858802944, -0.0179385580122, 0.0404608659446, -0.0176315568388], [-4.67407626275e-05, -0.00858050771058, 0.00592434825376, -0.00737609574571, 0.00230533862486, -0.00205643684603, 0.00169582269154, -0.00024960396695, -0.00110988516826, 0.000124508922454, 0.00459770485759, -0.0176315568388, 0.0351614207029]]
    },
    "melbands": {
        "dmean": [0.00124713778496, 0.00249098008499, 0.000832732999697, 0.000639557780232, 0.000365818938008, 0.000304805289488, 0.000458797760075, 0.000503825955093, 0.000252124242252, 0.000180786140845, 8.73262542882e-05, 6.00840139668e-05, 0.000111100205686, 3.64616898878e-05, 4.12778645114e-05, 5.45969669474e-05, 4.33792847616e-05, 4.09374442825e-05, 2.49563890975e-05, 2.95652680506e-05, 2.55093727901e-05, 1.18945790746e-05, 9.34826402954e-06, 5.00304349771e-06, 2.8793376714e-06, 2.10741313822e-06, 1.55471082053e-06, 1.10043424684e-06, 9.53069559273e-07, 8.52431469411e-07, 3.81478400868e-07, 2.65714959369e-07, 2.54989657833e-07, 2.32571125025e-07, 1.82603045573e-07, 1.22637501931e-07, 1.1941344269e-07, 9.4764232017e-08, 7.9285747745e-08, 1.28514230369e-07],
        "dmean2": [0.00207674363628, 0.0044087166898, 0.00137108494528, 0.00109851476736, 0.00060674676206, 0.000501951726619, 0.000755755521823, 0.00082191923866, 0.000416480819695, 0.000292027951218, 0.000138196104672, 9.86151135294e-05, 0.000180433853529, 6.03682456131e-05, 6.41148872091e-05, 8.68773786351e-05, 6.87837455189e-05, 6.7218192271e-05, 4.10687862313e-05, 4.88143705297e-05, 4.1929368308e-05, 1.92798052012e-05, 1.50748101078e-05, 8.08829099697e-06, 4.64317326987e-06, 3.30174634655e-06, 2.51356732406e-06, 1.76875880697e-06, 1.52791835717e-06, 1.33553601245e-06, 5.8548494053e-07, 4.02873666872e-07, 3.887792559e-07, 3.6041092244e-07, 2.71974045063e-07, 1.84618329513e-07, 1.88795070244e-07, 1.38335295219e-07, 1.16326489774e-07, 1.87550227793e-07],
        "dvar": [9.743175724e-06, 3.87505024264e-05, 1.5672619611e-06, 5.74890009375e-07, 2.02550992867e-07, 1.75355182819e-07, 3.87490956655e-07, 3.07783125209e-07, 1.67999601786e-07, 6.27821492571e-08, 1.67686682317e-08, 7.82320164205e-09, 3.64660053265e-08, 4.39611458347e-09, 4.60132376645e-09, 8.52841175458e-09, 5.66369751098e-09, 5.68439117998e-09, 1.41313749591e-09, 2.03306949054e-09, 1.58134749739e-09, 3.05727249073e-10, 1.74246686524e-10, 6.18537165931e-11, 3.85711844408e-11, 1.79265144395e-11, 6.83012110411e-12, 3.20829495783e-12, 3.51551426858e-12, 4.15667977469e-12, 1.34623757454e-12, 5.71260107361e-13, 5.65886692973e-13, 4.11825386076e-13, 1.90005414289e-13, 8.59680436647e-14, 1.13966006229e-13, 3.96393733267e-14, 2.73285524256e-14, 7.78182314594e-14],
        "dvar2": [2.47576099355e-05, 0.000113646390673, 4.00829321734e-06, 1.60427850915e-06, 5.34771174898e-07, 4.90186664592e-07, 1.0730170743e-06, 8.22288598101e-07, 4.75322622151e-07, 1.79249397547e-07, 4.00200832473e-08, 2.21287397295e-08, 9.61457118365e-08, 1.16038982867e-08, 9.89979032084e-09, 2.13989785891e-08, 1.33261082169e-08, 1.54744110858e-08, 3.97224919624e-09, 5.24755172648e-09, 4.15659462405e-09, 7.85503329048e-10, 4.10224215708e-10, 1.60597368737e-10, 9.73749761379e-11, 4.5697109291e-11, 1.57309078958e-11, 7.85409324383e-12, 8.31676654628e-12, 9.843471524e-12, 3.40836104999e-12, 1.34738997303e-12, 1.26476433493e-12, 1.01403488471e-12, 4.53182386366e-13, 1.90315469005e-13, 2.99360444203e-13, 8.43953609797e-14, 5.78327940008e-14, 1.61489311507e-13],
        "max": [0.0254689510912, 0.046385306865, 0.0117638669908, 0.00911509152502, 0.00417555123568, 0.00587777234614, 0.00724539579824, 0.00706282956526, 0.00458776345477, 0.00330705312081, 0.00187291274779, 0.0016295958776, 0.00363193778321, 0.00100266444497, 0.00119133689441, 0.00170896644704, 0.00145977479406, 0.00126832397655, 0.000547342002392, 0.000497773871757, 0.000609868380707, 0.000247293821303, 0.000193602347281, 0.000105933351733, 7.43548298487e-05, 7.83411160228e-05, 4.66749479529e-05, 2.28785429499e-05, 2.53364469245e-05, 3.04527839035e-05, 2.16310236283e-05, 1.12411535156e-05, 1.04952878246e-05, 9.15574946703e-06, 5.44629665455e-06, 3.75332001568e-06, 6.09314383837e-06, 1.99748001251e-06, 1.94912604456e-06, 3.12376937472e-06],
        "mean": [0.00190193380695, 0.00342271267436, 0.00146070041228, 0.0010371748358, 0.000662410689984, 0.000540070701391, 0.000817511288915, 0.00104544544592, 0.000482086848933, 0.000360233068932, 0.000176131434273, 0.000121011595184, 0.000180758404895, 7.0250382123e-05, 9.41110702115e-05, 0.000113708119898, 8.63025925355e-05, 7.57226371206e-05, 5.07687182107e-05, 5.73332908971e-05, 4.88830519316e-05, 2.34685758187e-05, 1.89897909877e-05, 1.02518242784e-05, 5.41292365597e-06, 4.33684499512e-06, 3.17521426041e-06, 2.21412688006e-06, 1.79211940576e-06, 1.44302566696e-06, 6.0439617755e-07, 4.29418037129e-07, 3.98541743607e-07, 3.57727856226e-07, 2.75049586662e-07, 1.95221204535e-07, 1.75263011215e-07, 1.51611587285e-07, 1.1070012107e-07, 1.75607468123e-07],
        "median": [0.000912145362236, 0.00181637844071, 0.000977482297458, 0.000780914211646, 0.00049959064927, 0.000385488528991, 0.0006101798499, 0.000775324355345, 0.000293578457786, 0.000245028903009, 0.000111175198981, 8.91313102329e-05, 0.000101571189589, 3.95202005166e-05, 4.81388124172e-05, 6.59325232846e-05, 5.1961018471e-05, 4.90406528115e-05, 3.39327089023e-05, 3.51516864612e-05, 3.05396060867e-05, 1.66004101629e-05, 1.30421958602e-05, 6.92499452271e-06, 3.40957558365e-06, 2.67228438133e-06, 1.95335769604e-06, 1.44263731272e-06, 1.02729427454e-06, 6.12325038674e-07, 2.13450178421e-07, 1.2105979863e-07, 7.96051438101e-08, 8.39495299942e-08, 7.55143503284e-08, 6.41050803551e-08, 3.82936384824e-08, 3.00269569209e-08, 1.84731447916e-08, 1.78599872669e-08],
        "min": [1.42717135532e-06, 1.17511790449e-05, 3.8601236156e-05, 3.0776442145e-05, 1.82276799023e-05, 1.25964561448e-05, 1.51534895849e-05, 4.02062905778e-05, 5.68111681787e-06, 5.59278032597e-06, 4.76158220408e-06, 5.01302929479e-06, 2.37283347815e-06, 1.90159300928e-06, 9.97383153845e-07, 2.11200494959e-06, 2.43775275521e-06, 2.03762738238e-06, 1.18341597499e-06, 4.61034915133e-07, 5.20901551226e-07, 2.8048688705e-07, 1.95200158259e-07, 9.2873492008e-08, 5.72944571786e-08, 8.13579177361e-08, 8.43065492973e-08, 2.91241413208e-08, 2.19175309013e-08, 1.70728213789e-08, 1.28774351182e-08, 9.78058789514e-09, 3.39500694224e-09, 4.50854731326e-09, 4.4165764379e-09, 3.95755428428e-09, 1.88834836656e-09, 6.54914067422e-10, 4.83332774845e-12, 6.39669523947e-13],
