{
"highlevel": {
    "danceability": {
        "all": {
            "danceable": 0.99743360281,
            "not_danceable": 0.00256642396562
        },
        "probability": 0.99743360281,
        "value": "danceable"
    },
    "gender": {
        "all": {
            "female": 0.0831081792712,
            "male": 0.916891813278
        },
        "probability": 0.916891813278,
        "value": "male"
    },
    "genre_dortmund": {
        "all": {
            "alternative": 0.0315051451325,
            "blues": 0.069244146347,
            "electronic": 0.0474485047162,
            "folkcountry": 0.0632186755538,
            "funksoulrnb": 0.0606436245143,
            "jazz": 0.143556669354,
            "pop": 0.0740358456969,
            "raphiphop": 0.265555620193,
            "rock": 0.24479174614
        },
        "probability": 0.265555620193,
        "value": "raphiphop"
    },
    "genre_electronic": {
        "all": {
            "ambient": 0.318065673113,
            "dnb": 0.28930529952,
            "house": 0.202001467347,
            "techno": 0.0208363011479,
            "trance": 0.169791251421
        },
        "probability": 0.318065673113,
        "value": "ambient"
    },
    "genre_rosamerica": {
        "all": {
            "cla": 0.00691347057,
            "dan": 0.127420499921,
            "hip": 0.309249579906,
            "jaz": 0.0124553972855,
            "pop": 0.321108609438,
            "rhy": 0.156110033393,
            "roc": 0.0557678081095,
            "spe": 0.0109745878726
        },
        "probability": 0.321108609438,
        "value": "pop"
    },
    "genre_tzanetakis": {
        "all": {
            "blu": 0.0620671063662,
            "cla": 0.034474901855,
            "cou": 0.103433981538,
            "dis": 0.0620971247554,
            "hip": 0.15527240932,
            "jaz": 0.310666948557,
            "met": 0.044346679002,
            "pop": 0.0620793737471,
            "reg": 0.0620816536248,
            "roc": 0.103479810059
        },
        "probability": 0.310666948557,
        "value": "jaz"
    },
    "ismir04_rhythm": {
        "all": {
            "ChaChaCha": 0.0518342070282,
            "Jive": 0.173614770174,
            "Quickstep": 0.47671097517,
            "Rumba-American": 0.0124668991193,
            "Rumba-International": 0.0608638972044,
            "Rumba-Misc": 0.0143374977633,
            "Samba": 0.159425869584,
            "Tango": 0.00587155856192,
            "VienneseWaltz": 0.039090976119,
            "Waltz": 0.00578333344311
        },
        "probability": 0.47671097517,
        "value": "Quickstep"
    },
    "mood_acoustic": {
        "all": {
            "acoustic": 0.0718398541212,
            "not_acoustic": 0.928160130978
        },
        "probability": 0.928160130978,
        "value": "not_acoustic"
    },
    "mood_aggressive": {
        "all": {
            "aggressive": 0.137191697955,
            "not_aggressive": 0.862808287144
        },
        "probability": 0.862808287144,
        "value": "not_aggressive"
    },
    "mood_electronic": {
        "all": {
            "electronic": 0.311510026455,
            "not_electronic": 0.688489973545
        },
        "probability": 0.688489973545,
        "value": "not_electronic"
    },
    "mood_happy": {
        "all": {
            "happy": 0.889535486698,
            "not_happy": 0.11046449095
        },
        "probability": 0.889535486698,
        "value": "happy"
    },
    "mood_party": {
        "all": {
            "not_party": 0.374706983566,
            "party": 0.625293016434
        },
        "probability": 0.625293016434,
        "value": "party"
    },
    "mood_relaxed": {
        "all": {
            "not_relaxed": 0.545900583267,
            "relaxed": 0.454099416733
        },
        "probability": 0.545900583267,
        "value": "not_relaxed"
    },
    "mood_sad": {
        "all": {
            "not_sad": 0.696391284466,
            "sad": 0.303608715534
        },
        "probability": 0.696391284466,
        "value": "not_sad"
    },
    "moods_mirex": {
        "all": {
            "Cluster1": 0.342249274254,
            "Cluster2": 0.355289131403,
            "Cluster3": 0.0537340454757,
            "Cluster4": 0.113461539149,
            "Cluster5": 0.135266005993
        },
        "probability": 0.355289131403,
        "value": "Cluster2"
    },
    "timbre": {
        "all": {
            "bright": 0.973837077618,
            "dark": 0.0261629410088
        },
        "probability": 0.973837077618,
        "value": "bright"
    },
    "tonal_atonal": {
        "all": {
            "atonal": 0.000459691189462,
            "tonal": 0.999540328979
        },
        "probability": 0.999540328979,
        "value": "tonal"
    },
    "voice_instrumental": {
        "all": {
            "instrumental": 0.116124801338,
            "voice": 0.883875191212
        },
        "probability": 0.883875191212,
        "value": "voice"
    }
},
"lowlevel": {
    "average_loudness": 0.98534309864,
    "barkbands_crest": {
        "dmean": 3.55775141716,
        "dmean2": 5.55664110184,
        "dvar": 10.1193370819,
        "dvar2": 23.5055770874,
        "max": 26.301656723,
        "mean": 11.4507198334,
        "median": 10.5808610916,
        "min": 2.84235668182,
        "var": 23.6465034485
    },
    "barkbands_flatness_db": {
        "dmean": 0.0309168286622,
        "dmean2": 0.0460157208145,
        "dvar": 0.000876434613019,
        "dvar2": 0.00193415163085,
        "max": 0.3716571033,
        "mean": 0.145797401667,
        "median": 0.141802936792,
        "min": 0.0403823889792,
        "var": 0.00254739401862
    },
    "barkbands_kurtosis": {
        "dmean": 6.07689285278,
        "dmean2": 9.33306789398,
        "dvar": 274.633239746,
        "dvar2": 656.73815918,
        "max": 269.090606689,
        "mean": 6.2399930954,
        "median": 1.46301269531,
        "min": -1.94914257526,
        "var": 345.312194824
    },
    "barkbands_skewness": {
        "dmean": 0.86147326231,
        "dmean2": 1.25947797298,
        "dvar": 1.0914157629,
        "dvar2": 2.3750910759,
        "max": 13.8781280518,
        "mean": 1.7363152504,
        "median": 1.40463519096,
        "min": -2.74261474609,
        "var": 2.87010216713
    },
    "barkbands_spread": {
        "dmean": 11.0991325378,
        "dmean2": 16.3657341003,
        "dvar": 156.684707642,
        "dvar2": 329.610137939,
        "max": 113.832260132,
        "mean": 29.8527126312,
        "median": 24.0314159393,
        "min": 0.809225440025,
        "var": 422.610168457
    },
    "dissonance": {
        "dmean": 0.0176365971565,
        "dmean2": 0.0280259158462,
        "dvar": 0.000266720715445,
        "dvar2": 0.000664124265313,
        "max": 0.499587953091,
        "mean": 0.466077297926,
        "median": 0.471975296736,
        "min": 0.305331259966,
        "var": 0.000636565673631
    },
    "dynamic_complexity": 2.05437755585,
    "erbbands_crest": {
        "dmean": 2.91764473915,
        "dmean2": 4.75023174286,
        "dvar": 7.48917293549,
        "dvar2": 17.3094005585,
        "max": 26.0825443268,
        "mean": 8.94489955902,
        "median": 8.15513324738,
        "min": 2.74612879753,
        "var": 17.2858791351
    },
    "erbbands_flatness_db": {
        "dmean": 0.0213064663112,
        "dmean2": 0.0300908572972,
        "dvar": 0.000385539751733,
        "dvar2": 0.000682593032252,
        "max": 0.270984172821,
        "mean": 0.139568775892,
        "median": 0.134333595634,
        "min": 0.0611799620092,
        "var": 0.00145137414802
    },
    "erbbands_kurtosis": {
        "dmean": 1.13253879547,
        "dmean2": 1.72174477577,
        "dvar": 2.62332224846,
        "dvar2": 5.63539600372,
        "max": 16.4611473083,
        "mean": 0.344778597355,
        "median": -0.294368982315,
        "min": -1.8432008028,
        "var": 4.92798757553
    },
    "erbbands_skewness": {
        "dmean": 0.468537181616,
        "dmean2": 0.682583212852,
        "dvar": 0.21834692359,
        "dvar2": 0.393639713526,
        "max": 2.55435872078,
        "mean": 0.0736038163304,
        "median": 0.160481289029,
        "min": -3.50607228279,
        "var": 0.797468900681
    },
    "erbbands_spread": {
        "dmean": 15.4772386551,
        "dmean2": 22.2125358582,
        "dvar": 268.281066895,
        "dvar2": 569.604980469,
        "max": 173.174362183,
        "mean": 49.9746513367,
        "median": 44.4264259338,
        "min": 7.70232009888,
        "var": 690.508972168
    },
    "hfc": {
        "dmean": 14.3507947922,
        "dmean2": 21.2168560028,
        "dvar": 388.524932861,
        "dvar2": 947.440856934,
        "max": 153.6355896,
        "mean": 27.0708045959,
        "median": 20.6187076569,
        "min": 0.351806372404,
        "var": 519.859313965
    },
    "melbands_crest": {
        "dmean": 4.22902870178,
        "dmean2": 6.90351390839,
        "dvar": 14.4642839432,
        "dvar2": 35.6247901917,
        "max": 37.848815918,
        "mean": 16.0567378998,
        "median": 15.5555381775,
        "min": 3.612855196,
        "var": 37.2581787109
    },
    "melbands_flatness_db": {
        "dmean": 0.0373932346702,
        "dmean2": 0.0554227940738,
        "dvar": 0.00138568994589,
        "dvar2": 0.00301797431894,
        "max": 0.477191448212,
        "mean": 0.191850423813,
        "median": 0.181751012802,
        "min": 0.030021302402,
        "var": 0.0047929645516
    },
    "melbands_kurtosis": {
        "dmean": 19.3672924042,
        "dmean2": 29.4931468964,
        "dvar": 2628.19628906,
        "dvar2": 6201.12158203,
        "max": 933.716125488,
        "mean": 25.8863601685,
        "median": 9.24967956543,
        "min": -1.75832927227,
        "var": 3670.03710938
    },
    "melbands_skewness": {
        "dmean": 1.28501212597,
        "dmean2": 1.90543925762,
        "dvar": 2.71347999573,
        "dvar2": 5.49763965607,
        "max": 26.1699371338,
        "mean": 3.4137532711,
        "median": 2.73470616341,
        "min": -0.416516810656,
        "var": 7.81906652451
    },
    "melbands_spread": {
        "dmean": 12.5011491776,
        "dmean2": 19.6231689453,
        "dvar": 321.693847656,
        "dvar2": 666.805297852,
        "max": 246.623947144,
        "mean": 27.9300689697,
        "median": 21.8831882477,
        "min": 0.463908970356,
        "var": 696.080993652
    },
    "pitch_salience": {
        "dmean": 0.0891245231032,
        "dmean2": 0.141591772437,
        "dvar": 0.00650948192924,
        "dvar2": 0.0155663834885,
        "max": 0.845283806324,
        "mean": 0.508268296719,
        "median": 0.522650778294,
        "min": 0.0583017095923,
        "var": 0.0174532458186
    },
    "silence_rate_20dB": {
        "dmean": 0,
        "dmean2": 0,
        "dvar": 0,
        "dvar2": 0,
        "max": 1,
        "mean": 1,
        "median": 1,
        "min": 1,
        "var": 0
    },
    "silence_rate_30dB": {
        "dmean": 0.00154798757285,
        "dmean2": 0.00309837330133,
        "dvar": 0.00154558476061,
        "dvar2": 0.00463792635128,
        "max": 1,
        "mean": 0.999226629734,
        "median": 1,
        "min": 0,
        "var": 0.00077279593097
    },
    "silence_rate_60dB": {
        "dmean": 0.0030959751457,
        "dmean2": 0.00619674660265,
        "dvar": 0.00308634503745,
        "dvar2": 0.00615848880261,
        "max": 1,
        "mean": 0.00386697612703,
        "median": 0,
        "min": 0,
        "var": 0.003851930378
    },
    "spectral_centroid": {
        "dmean": 426.60144043,
        "dmean2": 639.068908691,
        "dvar": 251697.359375,
        "dvar2": 508909,
        "max": 5143.75683594,
        "mean": 1585.05761719,
        "median": 1331.70739746,
        "min": 181.846832275,
        "var": 709358.5625
    },
    "spectral_complexity": {
        "dmean": 5.99845218658,
        "dmean2": 8.836561203,
        "dvar": 45.77394104,
        "dvar2": 92.8774185181,
        "max": 52,
        "mean": 18.6573867798,
        "median": 16,
        "min": 0,
        "var": 105.272369385
    },
    "spectral_decrease": {
        "dmean": 3.32928418167e-09,
        "dmean2": 5.11116171609e-09,
        "dvar": 1.7155289153e-17,
        "dvar2": 3.73422481905e-17,
        "max": -5.51779621993e-10,
        "mean": -7.99848187683e-09,
        "median": -6.80049883073e-09,
        "min": -3.18791286702e-08,
        "var": 3.07696430968e-17
    },
    "spectral_energy": {
        "dmean": 0.0132035827264,
        "dmean2": 0.0202662982047,
        "dvar": 0.000263616180746,
        "dvar2": 0.000568030343857,
        "max": 0.121605969965,
        "mean": 0.0326435267925,
        "median": 0.0274697449058,
        "min": 0.00235810619779,
        "var": 0.000476135581266
    },
    "spectral_energyband_high": {
        "dmean": 0.00138912419789,
        "dmean2": 0.00206771912053,
        "dvar": 4.17117234974e-06,
        "dvar2": 9.76480896497e-06,
        "max": 0.0175134893507,
        "mean": 0.00187068840023,
        "median": 0.000687797786668,
        "min": 1.85459623481e-06,
        "var": 5.98564793108e-06
    },
    "spectral_energyband_low": {
        "dmean": 0.00776972621679,
        "dmean2": 0.0121774515137,
        "dvar": 0.000218368033529,
        "dvar2": 0.000499693793245,
        "max": 0.120148785412,
        "mean": 0.014107665047,
        "median": 0.00807200744748,
        "min": 4.67742438559e-06,
        "var": 0.000359598197974
    },
    "spectral_energyband_middle_high": {
        "dmean": 0.00214195693843,
        "dmean2": 0.0031506002415,
        "dvar": 8.13618862594e-06,
        "dvar2": 1.85187309398e-05,
        "max": 0.0348423346877,
        "mean": 0.00445367908105,
        "median": 0.00307906232774,
        "min": 4.76054192404e-05,
        "var": 2.11976876017e-05
    },
    "spectral_energyband_middle_low": {
        "dmean": 0.00669364864007,
        "dmean2": 0.0100701646879,
        "dvar": 8.85101544554e-05,
        "dvar2": 0.000203098388738,
        "max": 0.0760982260108,
        "mean": 0.0125444121659,
        "median": 0.0096420198679,
        "min": 4.3474661652e-05,
        "var": 0.000140827789437
    },
    "spectral_entropy": {
        "dmean": 0.195048600435,
        "dmean2": 0.269318968058,
        "dvar": 0.0371233262122,
        "dvar2": 0.0683253034949,
        "max": 8.8359375,
        "mean": 7.78898859024,
        "median": 7.80204343796,
        "min": 6.26501131058,
        "var": 0.141442194581
    },
    "spectral_flux": {
        "dmean": 0.0360152386129,
        "dmean2": 0.0560666657984,
        "dvar": 0.00135044031776,
        "dvar2": 0.00274845119566,
        "max": 0.292859256268,
        "mean": 0.102401949465,
        "median": 0.0894300192595,
        "min": 0.0246389210224,
        "var": 0.00270555587485
    },
    "spectral_kurtosis": {
        "dmean": 1.18397021294,
        "dmean2": 1.760242939,
        "dvar": 1.47940862179,
        "dvar2": 3.17088031769,
        "max": 23.1768627167,
        "mean": 2.64437389374,
        "median": 2.34732675552,
        "min": -1.00631439686,
        "var": 4.43986845016
    },
    "spectral_rms": {
        "dmean": 0.00109350425191,
        "dmean2": 0.00162930542137,
        "dvar": 1.35057541684e-06,
        "dvar2": 2.72566171589e-06,
        "max": 0.0108921974897,
        "mean": 0.00535704474896,
        "median": 0.00517684780061,
        "min": 0.00151677010581,
        "var": 3.14941962642e-06
    },
    "spectral_rolloff": {
        "dmean": 963.628845215,
        "dmean2": 1631.68798828,
        "dvar": 2091129.125,
        "dvar2": 4412694.5,
        "max": 9603.80859375,
        "mean": 1850.42224121,
        "median": 1205.859375,
        "min": 43.06640625,
        "var": 4024813.5
    },
    "spectral_skewness": {
        "dmean": 0.238822057843,
        "dmean2": 0.326852381229,
        "dvar": 0.0440215542912,
        "dvar2": 0.0809868052602,
        "max": 3.85256314278,
        "mean": 1.24364590645,
        "median": 1.25413274765,
        "min": -0.084893271327,
        "var": 0.231271907687
    },
    "spectral_spread": {
        "dmean": 889331.4375,
        "dmean2": 1191241.5,
        "dvar": 833175486464,
        "dvar2": 1.56877520896e+12,
        "max": 14282268,
        "mean": 5492734,
        "median": 5107178.5,
        "min": 2768434,
        "var": 2.67411757466e+12
    },
    "spectral_strongpeak": {
        "dmean": 0.506392419338,
        "dmean2": 0.830199837685,
        "dvar": 0.489671647549,
        "dvar2": 1.14741063118,
        "max": 5.56722545624,
        "mean": 0.843009769917,
        "median": 0.420035213232,
        "min": 0,
        "var": 0.90103828907
    },
    "zerocrossingrate": {
        "dmean": 0.0178948268294,
        "dmean2": 0.0201163552701,
        "dvar": 0.000353322684532,
        "dvar2": 0.000370571768144,
        "max": 0.3173828125,
        "mean": 0.0717191845179,
        "median": 0.0615234375,
        "min": 0.00439453125,
        "var": 0.00198584632017
    },
    "barkbands": {
        "dmean": [0.000738263712265, 0.00669210543856, 0.002043065615, 0.000747946556658, 0.00374109228142, 0.00119268975686, 0.00164018827491, 0.00085334549658, 0.00107689632569, 0.000462971249362, 0.000198316090973, 0.000262605550233, 0.000244474387728, 0.000344014231814, 0.000412599300034, 0.000359325873433, 0.000284467532765, 0.000367877073586, 0.000198166351765, 0.000237661923165, 0.000329898786731, 0.000268987379968, 0.000306460278807, 0.000262971385382, 0.000158574432135, 0.00010173744522, 3.62884037486e-07],
        "dmean2": [0.00113615964074, 0.0098765194416, 0.00361644872464, 0.00120093091391, 0.00604649726301, 0.00190091109835, 0.00254585780203, 0.00131972215604, 0.00152787135448, 0.000683383957949, 0.000300550775137, 0.000394174421672, 0.000363670871593, 0.000527914206032, 0.000651238486171, 0.00059088843409, 0.000481183174998, 0.000612755946349, 0.000335920980433, 0.000405622849939, 0.000504179508425, 0.000419063784648, 0.00046153445146, 0.000417284551077, 0.000249924341915, 0.0001626884914, 6.55687244944e-07],
        "dvar": [2.45940827881e-06, 0.000181738156243, 3.79907833121e-05, 1.74315289314e-06, 6.12693984294e-05, 7.1383951763e-06, 1.01696250567e-05, 5.31295654582e-06, 4.58790054836e-06, 1.91573258235e-06, 2.56985288161e-07, 5.36950665264e-07, 2.44865191235e-07, 6.62361117065e-07, 4.19519864181e-07, 3.40655645914e-07, 3.68133470374e-07, 4.37530218278e-07, 1.70844884906e-07, 2.03846511226e-07, 3.02405680941e-07, 1.83965639167e-07, 2.1808659767e-07, 2.15070272702e-07, 9.4226948022e-08, 4.31070290574e-08, 1.09518210473e-12],
        "dvar2": [6.83540974933e-06, 0.000405362196034, 0.000108646177978, 4.3476115934e-06, 0.000152017630171, 1.61337229656e-05, 2.39471282839e-05, 1.1953478861e-05, 8.7500002337e-06, 4.16855846197e-06, 5.5890245676e-07, 9.22951130633e-07, 4.55930091903e-07, 1.54268900587e-06, 1.06462152871e-06, 8.5532826688e-07, 9.78211915026e-07, 1.12593181711e-06, 4.7185699259e-07, 5.52281505861e-07, 7.23072218989e-07, 4.27166241934e-07, 4.83390920181e-07, 5.05398929818e-07, 2.41886283447e-07, 1.05715045606e-07, 2.97324708257e-12],
        "max": [0.0138827301562, 0.117590032518, 0.0569947734475, 0.00995112583041, 0.061313405633, 0.0438827909529, 0.0372439101338, 0.0370913036168, 0.034542363137, 0.0242825374007, 0.00897475052625, 0.0152030652389, 0.0131770074368, 0.0119939586148, 0.00772220687941, 0.00644493149593, 0.00738383363932, 0.00823064427823, 0.00413599330932, 0.00342248775996, 0.00562096107751, 0.00434515206143, 0.00377676007338, 0.00599408242851, 0.00417799828574, 0.00142324669287, 1.24975131257e-05],
        "mean": [0.000966941588558, 0.0107687413692, 0.00207929662429, 0.000974666385446, 0.00431805057451, 0.00173636875115, 0.00229969155043, 0.00134910945781, 0.00178679730743, 0.000723856268451, 0.000293853983749, 0.00038068529102, 0.00037962271017, 0.000496693362948, 0.000590474519413, 0.000461190269561, 0.000340273632901, 0.000459485832835, 0.00023245094053, 0.000271303637419, 0.000397685886128, 0.000348630477674, 0.000394275033614, 0.000325266912114, 0.000178044676431, 8.98003636394e-05, 2.35079383515e-07],
        "median": [0.000121034463518, 0.00608755787835, 0.000664599239826, 0.000306581205223, 0.0015852394281, 0.000505039992277, 0.000846990267746, 0.000335343705956, 0.000527272699401, 0.000144788777106, 9.09335431061e-05, 0.000135151058203, 0.00013146008132, 0.000128886196762, 0.000251672783634, 0.000167686725035, 0.000144287274452, 0.000200064780074, 0.000109285181679, 0.000128288113046, 0.000130749729578, 0.0001315404661, 0.000134121946758, 0.000102027137473, 5.14149433002e-05, 1.37136330522e-05, 9.60627910551e-10],
        "min": [5.53805925563e-08, 7.93647814135e-07, 1.55024309834e-07, 8.43714360599e-07, 3.86498186344e-06, 3.14229419018e-06, 2.41113889388e-06, 1.80235679181e-06, 2.96872076433e-06, 7.09451796865e-07, 7.59266242767e-07, 2.00991644306e-06, 8.86334760253e-07, 1.75423781457e-06, 2.50162520388e-06, 1.31486081045e-06, 8.34802335703e-07, 6.46410740046e-07, 4.96704501529e-07, 5.91225955304e-07, 3.88921819194e-07, 9.1260396573e-08, 5.05731975409e-07, 6.73912836646e-07, 7.60928597909e-10, 9.42040282587e-12, 5.75717208282e-12],
        "var": [3.51842936652e-06, 0.000265789829427, 2.44292041316e-05, 2.63285551227e-06, 6.26426408417e-05, 1.66113150044e-05, 1.49021161633e-05, 1.11616418508e-05, 1.02888916444e-05, 4.05621403843e-06, 4.43257448524e-07, 9.73903979684e-07, 6.78351511851e-07, 1.14835052045e-06, 7.19346871847e-07, 5.67269012208e-07, 3.85463010844e-07, 5.06638514253e-07, 1.33564498128e-07, 1.74028187416e-07, 3.98787108224e-07, 2.65347125605e-07, 3.07162054014e-07, 2.92345305297e-07, 9.79557484015e-08, 3.88239520532e-08, 7.05985996659e-13]
    },
    "erbbands": {
        "dmean": [0.200407400727, 1.53908193111, 2.5339448452, 2.21513938904, 7.85319662094, 14.9493970871, 9.72754859924, 9.66194725037, 17.7347335815, 26.3284397125, 19.2738780975, 22.9806232452, 15.3809194565, 13.9132957458, 9.89801120758, 7.90315485001, 10.5032281876, 14.4444551468, 18.3171329498, 23.4110946655, 17.637008667, 16.0855464935, 19.6224422455, 14.0261468887, 9.30902671814, 10.592338562, 12.259762764, 13.4259109497, 9.85176086426, 9.10315322876, 8.99801254272, 6.12392997742, 3.89222669601, 2.07947254181, 1.05971908569, 0.582500636578, 0.159415319562, 0.010576701723, 0.000263850874035, 3.12083175231e-05],
        "dmean2": [0.323247402906, 2.22034025192, 4.1574678421, 3.87567400932, 12.9624853134, 24.0985088348, 16.2276916504, 15.1389808655, 28.2402229309, 39.4577980042, 28.3212203979, 33.3107757568, 21.1270809174, 19.9907932281, 14.4619855881, 11.7894191742, 15.4312067032, 21.2970867157, 29.1391849518, 37.9361763, 28.1265258789, 27.133272171, 32.7184371948, 23.37890625, 15.6459522247, 17.7189502716, 18.7228126526, 20.8113384247, 15.3836069107, 13.8306045532, 13.517490387, 9.6582660675, 6.0829949379, 3.31728744507, 1.6846357584, 0.956282198429, 0.247084453702, 0.0164035670459, 0.000408516527386, 4.70680824947e-05],
        "dvar": [0.141660541296, 11.4574356079, 46.8970413208, 28.5827789307, 224.325195312, 1173.40222168, 448.953460693, 633.919372559, 1352.53613281, 3223.74633789, 2457.03320312, 2362.06103516, 1455.06506348, 1447.49060059, 503.138885498, 376.868011475, 466.695098877, 968.513244629, 1378.10131836, 1591.01147461, 805.539855957, 1099.37927246, 1243.93933105, 1068.68054199, 314.644805908, 354.895935059, 416.084411621, 505.232543945, 258.938232422, 199.273468018, 186.220596313, 125.306007385, 40.3365821838, 15.2430295944, 4.75097131729, 1.64517056942, 0.0874523445964, 0.000382934929803, 2.31164719366e-07, 2.18568452226e-09],
        "dvar2": [0.390603035688, 23.2034511566, 125.919517517, 81.1921005249, 581.868408203, 2909.35522461, 1105.16894531, 1461.75170898, 3374.69360352, 7050.32617188, 5747.37939453, 4852.91455078, 2624.04052734, 3069.51464844, 959.944152832, 760.481750488, 840.296081543, 1852.76196289, 3392.45385742, 4464.89453125, 1892.63110352, 2995.79980469, 3136.1315918, 3003.15893555, 845.529418945, 946.79309082, 1009.86328125, 1252.79663086, 597.553039551, 477.473175049, 416.251983643, 302.919464111, 91.967956543, 37.3357849121, 12.6521482468, 4.19592428207, 0.208161979914, 0.000863151450176, 5.384476367e-07, 5.19442844293e-09],
        "max": [3.21621227264, 27.8460960388, 61.664806366, 51.0631408691, 117.394844055, 286.352844238, 341.457092285, 422.969787598, 445.650390625, 1033.16601562, 745.836364746, 745.303100586, 787.140136719, 698.383544922, 359.219696045, 360.557342529, 566.338317871, 431.120941162, 487.25177002, 587.688537598, 421.356994629, 334.237030029, 355.407836914, 347.793395996, 162.410263062, 149.35118103, 231.949737549, 193.745422363, 177.644607544, 112.476661682, 115.998306274, 163.920623779, 77.5734710693, 51.6230010986, 29.9641475677, 9.05035114288, 2.01097416878, 0.141490101814, 0.00334798311815, 0.000421283853939],
        "mean": [0.300326049328, 2.37087464333, 3.21987462044, 2.84424686432, 8.26588916779, 17.0326690674, 13.4284248352, 14.360704422, 23.7387142181, 40.2100105286, 31.6923427582, 37.9477005005, 25.3703746796, 22.5919837952, 15.9527158737, 13.1126842499, 17.8550567627, 22.488899231, 27.5855560303, 33.1009674072, 24.6873283386, 20.0275001526, 24.9136314392, 16.6752796173, 11.4068832397, 12.5065364838, 14.655456543, 16.048992157, 12.657160759, 11.5847654343, 11.3849668503, 7.45374202728, 4.88445234299, 2.40139198303, 1.10189938545, 0.512918412685, 0.143546432257, 0.00973108876497, 0.000251278048381, 5.61578490306e-05],
        "median": [0.131532222033, 1.1861821413, 1.25648546219, 1.02172136307, 2.69705295563, 5.55310487747, 5.11526823044, 4.34128904343, 9.1364440918, 12.6058044434, 11.362487793, 11.6649417877, 7.36917543411, 5.77455997467, 5.68328905106, 5.46010017395, 5.94919633865, 6.5227971077, 11.2407226562, 13.1662254333, 9.70056724548, 9.11116790771, 10.9488067627, 7.73501873016, 5.50791692734, 6.10737800598, 5.21628379822, 5.17502164841, 4.48356723785, 4.58799648285, 3.62442874908, 2.25489807129, 1.49627947807, 0.668937087059, 0.311969012022, 0.0968260541558, 0.0177465844899, 0.0009533429984, 4.5817821956e-05, 3.89647466363e-05],
        "min": [1.91841445485e-05, 0.000240828303504, 0.00155020144302, 0.00905045494437, 0.0110325170681, 0.00693149026483, 0.0189197026193, 0.0300988536328, 0.049880489707, 0.0971917286515, 0.0951045006514, 0.108044683933, 0.0740924552083, 0.0767895355821, 0.125453278422, 0.100612573326, 0.055135589093, 0.0858911946416, 0.072950720787, 0.143536001444, 0.0935669839382, 0.0692962482572, 0.0348399840295, 0.0233842507005, 0.038253955543, 0.0301900971681, 0.0217070654035, 0.00764693273231, 0.00185185763985, 0.0181300789118, 0.0099348090589, 0.00743847386912, 0.0109783001244, 0.000809265067801, 0.000126186016132, 1.97127119463e-05, 5.22235905009e-06, 1.12826194254e-06, 1.48625576912e-06, 2.84577276943e-06],
        "var": [0.198714271188, 15.9484367371, 39.3681640625, 24.2024364471, 215.442932129, 1181.4083252, 722.864196777, 1282.38964844, 1712.12060547, 6026.71533203, 4592.86181641, 4569.33496094, 3319.77001953, 3474.41259766, 989.593383789, 728.14453125, 1451.08129883, 2171.01416016, 2132.97827148, 2687.77685547, 1544.9822998, 1015.45892334, 1467.9440918, 845.486572266, 274.629486084, 331.036102295, 538.265686035, 629.708251953, 375.65335083, 251.221572876, 268.981964111, 162.602096558, 61.0189971924, 18.4875946045, 4.11459970474, 1.37706542015, 0.0860530585051, 0.000397898285883, 2.33187634535e-07, 2.73808331563e-09]
    },
    "gfcc": {
        "mean": [21.3591899872, 75.1932373047, -107.943092346, 47.959651947, -66.720741272, 24.4465122223, -41.4937210083, 16.9533977509, -14.017534256, 8.2167930603, -15.1213760376, 1.46201622486, -7.62540006638],
        "cov": [[2527.98095703, -737.624145508, 70.2152099609, -182.311218262, -177.439956665, -265.2628479, -235.279800415, 22.0571403503, -226.268280029, 51.5591201782, -257.420898438, 170.981811523, -179.432754517], [-737.624145508, 1202.29907227, -381.392089844, -256.218688965, 142.692306519, -61.9272155762, 133.278244019, -15.7994241714, 133.785583496, -99.9507827759, 164.689819336, -142.641296387, 54.3808479309], [70.2152099609, -381.392089844, 955.927246094, 365.843994141, 100.026672363, 189.940246582, 44.6356620789, -1.4767087698, -67.1847991943, 84.6189498901, -80.758354187, 94.2986984253, -89.8487167358], [-182.311218262, -256.218688965, 365.843994141, 541.456237793, 96.134223938, 69.0996704102, 11.7924728394, -27.8961544037, 36.3603820801, -0.177182391286, -16.7081775665, 25.8049869537, 49.1535377502], [-177.439956665, 142.692306519, 100.026672363, 96.134223938, 263.427185059, 58.4431037903, 72.199760437, 55.0558853149, 41.2789611816, -0.418659031391, -14.9874887466, -5.06031656265, -23.539100647], [-265.2628479, -61.9272155762, 189.940246582, 69.0996704102, 58.4431037903, 318.047424316, 134.286483765, 20.534406662, 12.4775590897, 32.7906036377, 37.509059906, -25.4508476257, 9.4520778656], [-235.279800415, 133.278244019, 44.6356620789, 11.7924728394, 72.199760437, 134.286483765, 224.736236572, 17.8288955688, 7.86367797852, 16.6665172577, 44.0970306396, 1.45302510262, -7.4810295105], [22.0571403503, -15.7994241714, -1.4767087698, -27.8961544037, 55.0558853149, 20.534406662, 17.8288955688, 172.350326538, 71.5534667969, 23.0885238647, 0.526297867298, -8.43375968933, -7.45216560364], [-226.268280029, 133.785583496, -67.1847991943, 36.3603820801, 41.2789611816, 12.4775590897, 7.86367797852, 71.5534667969, 180.394699097, 19.1700325012, 28.5328922272, -33.89402771, 42.0570259094], [51.5591201782, -99.9507827759, 84.6189498901, -0.177182391286, -0.418659031391, 32.7906036377, 16.6665172577, 23.0885238647, 19.1700325012, 109.178367615, 20.8231086731, 30.6409759521, -11.466501236], [-257.420898438, 164.689819336, -80.758354187, -16.7081775665, -14.9874887466, 37.509059906, 44.0970306396, 0.526297867298, 28.5328922272, 20.8231086731, 140.853637695, 1.92635476589, 35.8324928284], [170.981811523, -142.641296387, 94.2986984253, 25.8049869537, -5.06031656265, -25.4508476257, 1.45302510262, -8.43375968933, -33.89402771, 30.6409759521, 1.92635476589, 128.171676636, 3.65460896492], [-179.432754517, 54.3808479309, -89.8487167358, 49.1535377502, -23.539100647, 9.4520778656, -7.4810295105, -7.45216560364, 42.0570259094, -11.466501236, 35.8324928284, 3.65460896492, 116.714035034]],
        "icov": [[0.000793196784798, 3.52831852979e-06, 0.000275183614576, -8.5753024905e-05, 0.000461732415715, 5.15692190675e-05, 0.00045629098895, -0.000527220487129, 0.000654083676636, -0.00052614021115, 0.00121198187117, -0.000996548682451, 0.000922008708585], [3.52831852979e-06, 0.00337806600146, -0.00114818522707, 0.00276516098529, -0.00282871956006, 0.002641932806, -0.00219770427793, 0.00221874448471, -0.0023583911825, 0.00306839845143, -0.00408612610772, 0.00339070521295, -0.00210101739503], [0.000275183614576, -0.00114818522707, 0.00308256037533, -0.00269291712902, 0.00116470502689, -0.00246127834544, 0.00137312349398, -0.00114525959361, 0.00165662402287, -0.00244561955333, 0.00287790503353, -0.00301858503371, 0.00328802457079], [-8.5753024905e-05, 0.00276516098529, -0.00269291712902, 0.00572977680713, -0.00336579768918, 0.00259679998271, -0.00180114340037, 0.00288177304901, -0.00297750788741, 0.00340162520297, -0.00359614240006, 0.00318869622424, -0.00431558582932], [0.000461732415715, -0.00282871956006, 0.00116470502689, -0.00336579768918, 0.0078501328826, -0.00243617012165, 0.000627625908237, -0.00345472525805, 0.00135901360773, -0.00202983873896, 0.00480505917221, -0.00369011890143, 0.00389332533814], [5.15692190675e-05, 0.002641932806, -0.00246127834544, 0.00259679998271, -0.00243617012165, 0.00780084775761, -0.00457454891875, 0.00141771824565, -0.00134370790329, 0.00151084945537, -0.00407744385302, 0.00520888809115, -0.00374448206276], [0.00045629098895, -0.00219770427793, 0.00137312349398, -0.00180114340037, 0.000627625908237, -0.00457454891875, 0.00859469268471, -0.00170858344063, 0.00205654278398, -0.00215397542343, 0.00174019951373, -0.00385171803646, 0.00311359274201], [-0.000527220487129, 0.00221874448471, -0.00114525959361, 0.00288177304901, -0.00345472525805, 0.00141771824565, -0.00170858344063, 0.00970693584532, -0.00530672492459, 0.00158719113097, -0.00297262868844, 0.00253826286644, -0.00133958272636], [0.000654083676636, -0.0023583911825, 0.00165662402287, -0.00297750788741, 0.00135901360773, -0.00134370790329, 0.00205654278398, -0.00530672492459, 0.0112183429301, -0.00500352913514, 0.00306785758585, -0.000567054899875, -0.000648547254968], [-0.00052614021115, 0.00306839845143, -0.00244561955333, 0.00340162520297, -0.00202983873896, 0.00151084945537, -0.00215397542343, 0.00158719113097, -0.00500352913514, 0.0155123667791, -0.00658449809998, 0.000669897068292, -0.000794736261014], [0.00121198187117, -0.00408612610772, 0.00287790503353, -0.00359614240006, 0.00480505917221, -0.00407744385302, 0.00174019951373, -0.00297262868844, 0.00306785758585, -0.00658449809998, 0.0162653494626, -0.00631375797093, 0.00216982187703], [-0.000996548682451, 0.00339070521295, -0.00301858503371, 0.00318869622424, -0.00369011890143, 0.00520888809115, -0.00385171803646, 0.00253826286644, -0.000567054899875, 0.000669897068292, -0.00631375797093, 0.0155477458611, -0.00630775885656], [0.000922008708585, -0.00210101739503, 0.00328802457079, -0.00431558582932, 0.00389332533814, -0.00374448206276, 0.00311359274201, -0.00133958272636, -0.000648547254968, -0.000794736261014, 0.00216982187703, -0.00630775885656, 0.0162024963647]]
    },
    "melbands": {
        "dmean": [0.001867829822, 0.00146128062624, 0.000466817349661, 0.000925063097384, 0.000375298754079, 0.000221379566938, 0.000288365554297, 0.000265664915787, 0.000165769495652, 0.000141307755257, 7.92436912889e-05, 6.20542632532e-05, 3.30872680934e-05, 3.12613155984e-05, 2.22366161324e-05, 2.35024399444e-05, 2.83253939415e-05, 3.30063776346e-05, 2.87443835987e-05, 2.95810132229e-05, 1.99855912797e-05, 1.53439050337e-05, 2.25489857257e-05, 1.61439820658e-05, 1.15717675726e-05, 6.85373970555e-06, 8.08583808976e-06, 6.74318334859e-06, 7.59073463996e-06, 8.20550030767e-06, 7.83088671596e-06, 6.19034472038e-06, 4.69964970762e-06, 5.5352252275e-06, 5.82520806347e-06, 3.92641823055e-06, 3.87852833228e-06, 2.83815734292e-06, 2.4102550924e-06, 1.62235244261e-06],
        "dmean2": [0.00288685807027, 0.00221432442777, 0.000804094073828, 0.00149322010111, 0.00061275815824, 0.000348516769009, 0.000457672256744, 0.000399646000005, 0.000244263355853, 0.000202444658498, 0.000111446948722, 8.9814500825e-05, 4.87462275487e-05, 4.76945388073e-05, 3.34798096446e-05, 3.49744841515e-05, 4.21169606852e-05, 5.29866701982e-05, 4.59085167677e-05, 4.87652832817e-05, 3.16775876854e-05, 2.5807910788e-05, 3.86637329939e-05, 2.64198115474e-05, 1.96605560632e-05, 1.15893517432e-05, 1.39557596412e-05, 1.11958361231e-05, 1.20627719298e-05, 1.25986507555e-05, 1.25490860228e-05, 9.91572233033e-06, 7.28427721697e-06, 8.55647613207e-06, 8.87760143087e-06, 6.05828427069e-06, 6.24674476057e-06, 4.42074860985e-06, 3.90995455746e-06, 2.59820376414e-06],
        "dvar": [1.28616566144e-05, 1.13602045531e-05, 9.32374973672e-07, 4.02557498091e-06, 6.37036237094e-07, 2.88230950218e-07, 3.3474421457e-07, 3.12508092293e-07, 1.40532421256e-07, 8.46114005526e-08, 4.08394669194e-08, 3.18886996808e-08, 6.07720052059e-09, 9.20600573551e-09, 2.25504148688e-09, 2.13411777139e-09, 3.90336074574e-09, 5.86000625802e-09, 2.11008366335e-09, 2.64669441918e-09, 1.17700982294e-09, 9.33460309049e-10, 2.18346762892e-09, 7.48936967998e-10, 8.20954304537e-10, 1.70973332714e-10, 3.00756614058e-10, 1.36184827304e-10, 1.72530198461e-10, 2.14489398465e-10, 1.69100761171e-10, 1.14783592353e-10, 5.92879287331e-11, 7.73220307226e-11, 8.63227683778e-11, 3.6520723945e-11, 6.19818779635e-11, 2.00540868633e-11, 1.96058429908e-11, 1.01571737132e-11],
        "dvar2": [3.23970307363e-05, 2.49941349466e-05, 2.54675001088e-06, 9.98041377898e-06, 1.60510546721e-06, 6.57989573938e-07, 8.31558224945e-07, 6.94283642133e-07, 3.27857833327e-07, 1.64679121895e-07, 7.52907070023e-08, 7.02461733226e-08, 1.27182993026e-08, 1.58345745405e-08, 4.16075218723e-09, 4.25146140515e-09, 7.40239158858e-09, 1.52094532524e-08, 5.52463452763e-09, 7.04583591471e-09, 2.63503663334e-09, 2.47303977297e-09, 5.98595262247e-09, 1.8328858431e-09, 2.33296182373e-09, 4.61742755142e-10, 8.27179102991e-10, 3.56559087811e-10, 4.29824870141e-10, 5.08283526379e-10, 4.23683282902e-10, 2.78444128865e-10, 1.35567668202e-10, 1.8818201164e-10, 1.99565489134e-10, 8.18159012761e-11, 1.56236468207e-10, 4.4998681864e-11, 4.840831902e-11, 2.53260745708e-11],
        "max": [0.032417781651, 0.0292810034007, 0.00828250404447, 0.0163288284093, 0.00958149880171, 0.00902434810996, 0.00684978161007, 0.00956343393773, 0.00498434575275, 0.00425683660433, 0.00397717580199, 0.00314088189043, 0.00138632277958, 0.00202423078008, 0.00145856011659, 0.000621887273155, 0.000855513906572, 0.00111029739492, 0.000518397195265, 0.000636904558633, 0.000523601076566, 0.000311827490805, 0.000364632927813, 0.00034808574128, 0.000312718912028, 9.36688884394e-05, 0.000228048680583, 9.71535555436e-05, 0.000146216043504, 0.000129730309709, 0.000103728845716, 0.000113705522381, 9.6343595942e-05, 7.29326129658e-05, 9.41148464335e-05, 5.77624341531e-05, 0.000131155829877, 5.15283463756e-05, 5.46878654859e-05, 4.49198123533e-05],
        "mean": [0.00292839668691, 0.00231094285846, 0.000588822644204, 0.00102106120903, 0.000517205509823, 0.000324138614815, 0.000389679073123, 0.000415074493503, 0.000263830850599, 0.00023333869467, 0.000126464728964, 9.73435380729e-05, 5.17253029102e-05, 4.44953439001e-05, 3.65598789358e-05, 3.65411906387e-05, 4.21655422542e-05, 4.51936539321e-05, 3.99154960178e-05, 3.90907916881e-05, 2.67666018772e-05, 1.88628619071e-05, 2.4568355002e-05, 2.08773344639e-05, 1.27149505715e-05, 8.20225341158e-06, 8.70127314556e-06, 7.95079813543e-06, 8.73411681823e-06, 9.70176097326e-06, 9.10591643333e-06, 7.47429930925e-06, 6.0991906139e-06, 6.64872413836e-06, 7.12545306669e-06, 4.96831080454e-06, 4.42622103947e-06, 3.55945212505e-06, 2.7308301469e-06, 1.78969298759e-06],
        "median": [0.00158324488439, 0.00109124882147, 0.000233729180763, 0.000321184343193, 0.000208517958526, 9.77353774942e-05, 0.000151854008436, 0.000127365696244, 8.45015310915e-05, 6.65240950184e-05, 3.39202924806e-05, 2.17186698137e-05, 1.71440187842e-05, 1.52327629621e-05, 1.14352187666e-05, 1.288112162e-05, 1.03497786768e-05, 1.59465907927e-05, 1.71368501469e-05, 1.33361354528e-05, 9.53538255999e-06, 8.53470373841e-06, 9.19424383028e-06, 9.48942852119e-06, 5.2941127251e-06, 3.88679518437e-06, 3.88096623283e-06, 3.81352219847e-06, 3.130545565e-06, 2.97507790492e-06, 2.90614025289e-06, 2.45830324275e-06, 2.33627861235e-06, 2.59733064922e-06, 2.31069429901e-06, 1.46868978845e-06, 1.35649713684e-06, 1.12727263968e-06, 7.20448213087e-07, 4.74640785342e-07],
        "min": [4.58960187188e-07, 4.58501631329e-07, 8.08478034742e-07, 8.07678361525e-07, 6.65363188546e-07, 6.74964553582e-07, 5.25420148278e-07, 7.34950504011e-07, 7.13512974926e-07, 5.08668904331e-07, 2.58560760358e-07, 2.67318881697e-07, 2.96675068512e-07, 2.31893778846e-07, 1.64452131912e-07, 1.33884611841e-07, 1.04585652139e-07, 8.50105479344e-08, 2.1269465833e-07, 1.54310910716e-07, 1.02968542137e-07, 5.19943839095e-08, 3.25402531587e-08, 2.59825299054e-08, 1.6067120967e-08, 1.74048064849e-08, 5.51837242568e-10, 7.4431980579e-09, 1.20847758467e-08, 7.82592657345e-09, 1.85645376849e-09, 3.10441672369e-10, 3.00926350505e-09, 1.37611646522e-08, 6.27736618242e-09, 1.98601068924e-09, 6.05439831602e-09, 6.7306773488e-09, 4.1420311625e-11, 2.71399493591e-13],
