{
"highlevel": {
    "danceability": {
        "all": {
            "danceable": 0.726508498192,
            "not_danceable": 0.27349153161
        },
        "probability": 0.726508498192,
        "value": "danceable"
    },
    "gender": {
        "all": {
            "female": 0.0454474836588,
            "male": 0.954552531242
        },
        "probability": 0.954552531242,
        "value": "male"
    },
    "genre_dortmund": {
        "all": {
            "alternative": 0.0972962379456,
            "blues": 0.142648756504,
            "electronic": 0.00462813908234,
            "folkcountry": 0.0424175225198,
            "funksoulrnb": 0.00992924813181,
            "jazz": 0.0613045878708,
            "pop": 0.0233977716416,
            "raphiphop": 0.00360235315748,
            "rock": 0.614775359631
        },
        "probability": 0.614775359631,
        "value": "rock"
    },
    "genre_electronic": {
        "all": {
            "ambient": 0.234991833568,
            "dnb": 0.592815160751,
            "house": 0.069155536592,
            "techno": 0.00735284714028,
            "trance": 0.0956846252084
        },
        "probability": 0.592815160751,
        "value": "dnb"
    },
    "genre_rosamerica": {
        "all": {
            "cla": 0.00233947788365,
            "dan": 0.0107603594661,
            "hip": 0.0096587492153,
            "jaz": 0.032059289515,
            "pop": 0.0537669323385,
            "rhy": 0.0372742861509,
            "roc": 0.8528034091,
            "spe": 0.00133747141808
        },
        "probability": 0.8528034091,
        "value": "roc"
    },
    "genre_tzanetakis": {
        "all": {
            "blu": 0.0626613423228,
            "cla": 0.0348169617355,
            "cou": 0.104475811124,
            "dis": 0.0784321576357,
            "hip": 0.15692435205,
            "jaz": 0.313974827528,
            "met": 0.0448166541755,
            "pop": 0.0627359300852,
            "reg": 0.0627360641956,
            "roc": 0.0784258767962
        },
        "probability": 0.313974827528,
        "value": "jaz"
    },
    "ismir04_rhythm": {
        "all": {
            "ChaChaCha": 0.0663482248783,
            "Jive": 0.051946092397,
            "Quickstep": 0.536775588989,
            "Rumba-American": 0.0228230170906,
            "Rumba-International": 0.0617862306535,
            "Rumba-Misc": 0.00527197541669,
            "Samba": 0.173449024558,
            "Tango": 0.0267382990569,
            "VienneseWaltz": 0.0328271836042,
            "Waltz": 0.0220343917608
        },
        "probability": 0.536775588989,
        "value": "Quickstep"
    },
    "mood_acoustic": {
        "all": {
            "acoustic": 0.0220244862139,
            "not_acoustic": 0.977975487709
        },
        "probability": 0.977975487709,
        "value": "not_acoustic"
    },
    "mood_aggressive": {
        "all": {
            "aggressive": 0.893667280674,
            "not_aggressive": 0.106332741678
        },
        "probability": 0.893667280674,
        "value": "aggressive"
    },
    "mood_electronic": {
        "all": {
            "electronic": 0.225695177913,
            "not_electronic": 0.774304807186
        },
        "probability": 0.774304807186,
        "value": "not_electronic"
    },
    "mood_happy": {
        "all": {
            "happy": 0.377195268869,
            "not_happy": 0.622804760933
        },
        "probability": 0.622804760933,
        "value": "not_happy"
    },
    "mood_party": {
        "all": {
            "not_party": 0.557754456997,
            "party": 0.442245543003
        },
        "probability": 0.557754456997,
        "value": "not_party"
    },
    "mood_relaxed": {
        "all": {
            "not_relaxed": 0.968718588352,
            "relaxed": 0.0312814190984
        },
        "probability": 0.968718588352,
        "value": "not_relaxed"
    },
    "mood_sad": {
        "all": {
            "not_sad": 0.771341502666,
            "sad": 0.228658482432
        },
        "probability": 0.771341502666,
        "value": "not_sad"
    },
    "moods_mirex": {
        "all": {
            "Cluster1": 0.693669676781,
            "Cluster2": 0.100694000721,
            "Cluster3": 0.0828062295914,
            "Cluster4": 0.0435635820031,
            "Cluster5": 0.0792665109038
        },
        "probability": 0.693669676781,
        "value": "Cluster1"
    },
    "timbre": {
        "all": {
            "bright": 0.431399464607,
            "dark": 0.568600535393
        },
        "probability": 0.568600535393,
        "value": "dark"
    },
    "tonal_atonal": {
        "all": {
            "atonal": 0.0431724265218,
            "tonal": 0.956827580929
        },
        "probability": 0.956827580929,
        "value": "tonal"
    },
    "voice_instrumental": {
        "all": {
            "instrumental": 0.00683133210987,
            "voice": 0.993168652058
        },
        "probability": 0.993168652058,
        "value": "voice"
    }
},
"lowlevel": {
    "average_loudness": 0.97157895565,
    "barkbands_crest": {
        "dmean": 1.93186604977,
        "dmean2": 3.17696356773,
        "dvar": 4.15233182907,
        "dvar2": 11.7391872406,
        "max": 22.8746051788,
        "mean": 10.3563671112,
        "median": 9.62350559235,
        "min": 2.48200702667,
        "var": 15.3690319061
    },
    "barkbands_flatness_db": {
        "dmean": 0.017480282113,
        "dmean2": 0.0256756078452,
        "dvar": 0.000362133199815,
        "dvar2": 0.000771482242271,
        "max": 0.414537936449,
        "mean": 0.146142303944,
        "median": 0.129768103361,
        "min": 0.047496471554,
        "var": 0.00415331823751
    },
    "barkbands_kurtosis": {
        "dmean": 2.07557654381,
        "dmean2": 3.29629302025,
        "dvar": 19.3306694031,
        "dvar2": 43.518321991,
        "max": 109.488990784,
        "mean": 4.52261972427,
        "median": 0.672900676727,
        "min": -1.84124171734,
        "var": 115.366157532
    },
    "barkbands_skewness": {
        "dmean": 0.441265672445,
        "dmean2": 0.668631672859,
        "dvar": 0.243727192283,
        "dvar2": 0.56471824646,
        "max": 9.02422332764,
        "mean": 1.59527373314,
        "median": 1.26358795166,
        "min": -0.777571618557,
        "var": 1.67585766315
    },
    "barkbands_spread": {
        "dmean": 5.10137844086,
        "dmean2": 7.80477523804,
        "dvar": 40.5332489014,
        "dvar2": 98.5237884521,
        "max": 80.4274749756,
        "mean": 27.7140522003,
        "median": 28.0884017944,
        "min": 0.851781308651,
        "var": 195.851913452
    },
    "dissonance": {
        "dmean": 0.0124432342127,
        "dmean2": 0.0202478021383,
        "dvar": 0.00015763862757,
        "dvar2": 0.000391930545447,
        "max": 0.499744951725,
        "mean": 0.467403501272,
        "median": 0.475458830595,
        "min": 0.32652682066,
        "var": 0.000744357530493
    },
    "dynamic_complexity": 2.20068502426,
    "erbbands_crest": {
        "dmean": 2.10253739357,
        "dmean2": 3.17009139061,
        "dvar": 5.04389619827,
        "dvar2": 10.8766937256,
        "max": 26.2727737427,
        "mean": 9.1540594101,
        "median": 8.19915962219,
        "min": 2.64868760109,
        "var": 18.1363124847
    },
    "erbbands_flatness_db": {
        "dmean": 0.0135182067752,
        "dmean2": 0.0188146140426,
        "dvar": 0.000222755377763,
        "dvar2": 0.00042738954653,
        "max": 0.313364475965,
        "mean": 0.149808689952,
        "median": 0.146163791418,
        "min": 0.0691813677549,
        "var": 0.00103543861769
    },
    "erbbands_kurtosis": {
        "dmean": 0.834252774715,
        "dmean2": 1.29435038567,
        "dvar": 1.46220493317,
        "dvar2": 3.4593808651,
        "max": 18.1322441101,
        "mean": 0.64024913311,
        "median": 0.0608940124512,
        "min": -1.72966134548,
        "var": 3.73858070374
    },
    "erbbands_skewness": {
        "dmean": 0.278817981482,
        "dmean2": 0.417164087296,
        "dvar": 0.0931470990181,
        "dvar2": 0.226417094469,
        "max": 3.39155292511,
        "mean": -0.0694777071476,
        "median": -0.166922807693,
        "min": -2.42645788193,
        "var": 0.684837639332
    },
    "erbbands_spread": {
        "dmean": 7.78334903717,
        "dmean2": 11.6683797836,
        "dvar": 81.3558502197,
        "dvar2": 168.169799805,
        "max": 111.680465698,
        "mean": 40.2420310974,
        "median": 37.2625999451,
        "min": 8.60209369659,
        "var": 287.618499756
    },
    "hfc": {
        "dmean": 6.367146492,
        "dmean2": 9.42536735535,
        "dvar": 84.9591140747,
        "dvar2": 178.902664185,
        "max": 116.359916687,
        "mean": 28.5168933868,
        "median": 26.8937530518,
        "min": 0.629693388939,
        "var": 388.370483398
    },
    "melbands_crest": {
        "dmean": 2.46955704689,
        "dmean2": 4.08325386047,
        "dvar": 6.31884431839,
        "dvar2": 17.6282157898,
        "max": 28.7768917084,
        "mean": 15.5354328156,
        "median": 14.6687555313,
        "min": 5.17466449738,
        "var": 25.7311553955
    },
    "melbands_flatness_db": {
        "dmean": 0.0223992522806,
        "dmean2": 0.0334015898407,
        "dvar": 0.000661881116685,
        "dvar2": 0.00139487837441,
        "max": 0.534370601177,
        "mean": 0.198932364583,
        "median": 0.179687604308,
        "min": 0.0527301840484,
        "var": 0.00686194561422
    },
    "melbands_kurtosis": {
        "dmean": 6.57996082306,
        "dmean2": 9.98179340363,
        "dvar": 140.087234497,
        "dvar2": 308.157501221,
        "max": 289.420196533,
        "mean": 16.190032959,
        "median": 7.55410766602,
        "min": -1.15489912033,
        "var": 593.508239746
    },
    "melbands_skewness": {
        "dmean": 0.675926685333,
        "dmean2": 1.02057123184,
        "dvar": 0.640012919903,
        "dvar2": 1.43911480904,
        "max": 11.9492750168,
        "mean": 3.02389812469,
        "median": 2.54226279259,
        "min": 0.0442595854402,
        "var": 2.91899728775
    },
    "melbands_spread": {
        "dmean": 6.83237075806,
        "dmean2": 10.5602045059,
        "dvar": 76.5080871582,
        "dvar2": 187.415344238,
        "max": 120.138442993,
        "mean": 26.745426178,
        "median": 25.2114715576,
        "min": 0.740746676922,
        "var": 319.661376953
    },
    "pitch_salience": {
        "dmean": 0.0572965592146,
        "dmean2": 0.0939929559827,
        "dvar": 0.00352694350295,
        "dvar2": 0.00944970641285,
        "max": 0.814398646355,
        "mean": 0.486590534449,
        "median": 0.476395964622,
        "min": 0.222286641598,
        "var": 0.0082842214033
    },
    "silence_rate_20dB": {
        "dmean": 0,
        "dmean2": 0,
        "dvar": 0,
        "dvar2": 0,
        "max": 1,
        "mean": 1,
        "median": 1,
        "min": 1,
        "var": 0
    },
    "silence_rate_30dB": {
        "dmean": 0,
        "dmean2": 0,
        "dvar": 0,
        "dvar2": 0,
        "max": 1,
        "mean": 1,
        "median": 1,
        "min": 1,
        "var": 0
    },
    "silence_rate_60dB": {
        "dmean": 0.0061919502914,
        "dmean2": 0.0123934932053,
        "dvar": 0.00615360913798,
        "dvar2": 0.0153382746503,
        "max": 1,
        "mean": 0.00618716143072,
        "median": 0,
        "min": 0,
        "var": 0.00614887150005
    },
    "spectral_centroid": {
        "dmean": 219.688949585,
        "dmean2": 331.936035156,
        "dvar": 65068.5820312,
        "dvar2": 147484.515625,
        "max": 3412.1484375,
        "mean": 1542.02270508,
        "median": 1604.3729248,
        "min": 158.612838745,
        "var": 433469.6875
    },
    "spectral_complexity": {
        "dmean": 3.84365320206,
        "dmean2": 5.74825716019,
        "dvar": 18.5420227051,
        "dvar2": 34.3233032227,
        "max": 59,
        "mean": 25.3054904938,
        "median": 26,
        "min": 2,
        "var": 141.562637329
    },
    "spectral_decrease": {
        "dmean": 1.94029259326e-09,
        "dmean2": 3.21106519152e-09,
        "dvar": 7.12765403815e-18,
        "dvar2": 1.81022107767e-17,
        "max": -5.48065315353e-10,
        "mean": -8.78867822962e-09,
        "median": -9.07940300721e-09,
        "min": -2.9218087505e-08,
        "var": 1.52277531849e-17
    },
    "spectral_energy": {
        "dmean": 0.00759123219177,
        "dmean2": 0.0124965570867,
        "dvar": 0.000105747960333,
        "dvar2": 0.000265919981757,
        "max": 0.112690813839,
        "mean": 0.0357570238411,
        "median": 0.0375433117151,
        "min": 0.00215255492367,
        "var": 0.000245199596975
    },
    "spectral_energyband_high": {
        "dmean": 0.000504029216245,
        "dmean2": 0.000685416860506,
        "dvar": 9.50147352796e-07,
        "dvar2": 2.21166169467e-06,
        "max": 0.013598904945,
        "mean": 0.00127440842334,
        "median": 0.000805447925813,
        "min": 1.15915227639e-07,
        "var": 2.22683502216e-06
    },
    "spectral_energyband_low": {
        "dmean": 0.00639808643609,
        "dmean2": 0.0108125181869,
        "dvar": 9.48874730966e-05,
        "dvar2": 0.000247272313572,
        "max": 0.102877646685,
        "mean": 0.0185702368617,
        "median": 0.016589358449,
        "min": 0.000498394772876,
        "var": 0.000147378843394
    },
    "spectral_energyband_middle_high": {
        "dmean": 0.00206740689464,
        "dmean2": 0.0031334569212,
        "dvar": 7.16479007679e-06,
        "dvar2": 1.56296227942e-05,
        "max": 0.0311101470143,
        "mean": 0.00791816134006,
        "median": 0.00688097858801,
        "min": 1.24094749481e-05,
        "var": 3.93575428461e-05
    },
    "spectral_energyband_middle_low": {
        "dmean": 0.00319591211155,
        "dmean2": 0.0052401474677,
        "dvar": 2.044249959e-05,
        "dvar2": 5.27528172825e-05,
        "max": 0.0394221991301,
        "mean": 0.0102422554046,
        "median": 0.00861667003483,
        "min": 0.000982765806839,
        "var": 4.27316044807e-05
    },
    "spectral_entropy": {
        "dmean": 0.123748369515,
        "dmean2": 0.169932082295,
        "dvar": 0.0287425927818,
        "dvar2": 0.0501594208181,
        "max": 8.35897445679,
        "mean": 7.61581659317,
        "median": 7.74853229523,
        "min": 5.75489664078,
        "var": 0.236653625965
    },
    "spectral_flux": {
        "dmean": 0.0223471187055,
        "dmean2": 0.0327323228121,
        "dvar": 0.000692610105034,
        "dvar2": 0.00123959418852,
        "max": 0.272205024958,
        "mean": 0.0811924487352,
        "median": 0.0735393464565,
        "min": 0.00684252707288,
        "var": 0.00227673398331
    },
    "spectral_kurtosis": {
        "dmean": 1.44733071327,
        "dmean2": 2.37656378746,
        "dvar": 11.5523700714,
        "dvar2": 31.0957107544,
        "max": 62.4130325317,
        "mean": 3.85811662674,
        "median": 2.8012752533,
        "min": 0.0471272468567,
        "var": 23.3372325897
    },
    "spectral_rms": {
        "dmean": 0.000610085378867,
        "dmean2": 0.000996513408609,
        "dvar": 5.7165226508e-07,
        "dvar2": 1.40922691116e-06,
        "max": 0.0104853352532,
        "mean": 0.00572713604197,
        "median": 0.00605207588524,
        "min": 0.00144915608689,
        "var": 2.08484129871e-06
    },
    "spectral_rolloff": {
        "dmean": 439.381530762,
        "dmean2": 719.270629883,
        "dvar": 441836.59375,
        "dvar2": 1088633.125,
        "max": 7558.15429688,
        "mean": 1438.29602051,
        "median": 1313.52539062,
        "min": 86.1328125,
        "var": 1114780.625
    },
    "spectral_skewness": {
        "dmean": 0.188545018435,
        "dmean2": 0.288522154093,
        "dvar": 0.0752584785223,
        "dvar2": 0.169905528426,
        "max": 5.76812267303,
        "mean": 1.37037360668,
        "median": 1.2409735918,
        "min": 0.406357616186,
        "var": 0.332925140858
    },
    "spectral_spread": {
        "dmean": 419805.625,
        "dmean2": 594855.5625,
        "dvar": 657389780992,
        "dvar2": 872404942848,
        "max": 27362352,
        "mean": 4367477.5,
        "median": 4286982,
        "min": 919519.875,
        "var": 1.31364592026e+12
    },
    "spectral_strongpeak": {
        "dmean": 0.530210494995,
        "dmean2": 0.974888324738,
        "dvar": 1.36556649208,
        "dvar2": 3.43058133125,
        "max": 9.53653621674,
        "mean": 0.83659863472,
        "median": 0.460848808289,
        "min": 0.0499691851437,
        "var": 1.38747251034
    },
    "zerocrossingrate": {
        "dmean": 0.00865981169045,
        "dmean2": 0.0100269746035,
        "dvar": 7.44827120798e-05,
        "dvar2": 9.57021911745e-05,
        "max": 0.14306640625,
        "mean": 0.0584283471107,
        "median": 0.05810546875,
        "min": 0.00341796875,
        "var": 0.000765343138482
    },
    "barkbands": {
        "dmean": [0.000130199987325, 0.00380785693415, 0.00368362804875, 0.0011554491939, 0.00156736443751, 0.000723986828234, 0.000273942627246, 0.000670616980642, 0.000422674173024, 0.000277226266917, 0.000237324798945, 0.000304207787849, 0.000568671151996, 0.000485005759401, 0.000465285120299, 0.00036487984471, 0.000535615312401, 0.000322936277371, 0.000246042036451, 0.000254895770922, 0.000152678010636, 0.00014480984828, 8.42759764055e-05, 6.95660783094e-05, 4.56029920315e-05, 1.33818339236e-05, 8.77426415968e-08],
        "dmean2": [0.000222416492761, 0.006437048316, 0.0064695328474, 0.00200866395608, 0.00271886494011, 0.00121711345855, 0.000443321303464, 0.00103668658994, 0.000640936777927, 0.000446949270554, 0.000380420009606, 0.0004438617907, 0.000903382606339, 0.000772213155869, 0.000733340159059, 0.000553846592084, 0.000881026382558, 0.000529777666088, 0.000395861745346, 0.00040370572242, 0.00022740404529, 0.000214354120544, 0.000122547353385, 0.000106289131509, 6.83213365846e-05, 2.06379754673e-05, 1.50149361389e-07],
        "dvar": [8.92364511174e-08, 4.50682528026e-05, 3.45244952769e-05, 3.09744154947e-06, 1.12417810669e-05, 2.51238816418e-06, 2.82833241272e-07, 2.251881142e-06, 7.18288276857e-07, 3.78956826808e-07, 2.14765222495e-07, 6.78234698626e-07, 2.07420634979e-06, 1.45578690081e-06, 1.24283155856e-06, 3.75380551532e-07, 5.37340895335e-07, 2.72451984529e-07, 1.49607515709e-07, 3.28411005057e-07, 1.09649889168e-07, 7.75762885041e-08, 1.83870536574e-08, 2.14522248854e-08, 1.23638930205e-08, 9.99448079853e-10, 5.37126766675e-14],
        "dvar2": [2.52733343586e-07, 0.000120464042993, 0.000103241858596, 9.08035508473e-06, 2.87282582576e-05, 6.95040716892e-06, 7.39145377793e-07, 4.84825159219e-06, 1.57757085617e-06, 9.29840894059e-07, 4.88617672545e-07, 1.33478863518e-06, 4.81679035147e-06, 3.52452207153e-06, 3.02626153825e-06, 8.37969309941e-07, 1.51697622641e-06, 6.21915944521e-07, 3.6595284314e-07, 8.42079828089e-07, 2.75098841485e-07, 1.76369397309e-07, 3.57157006192e-08, 5.13825035853e-08, 3.00289997313e-08, 2.39785702405e-09, 1.39612076782e-13],
        "max": [0.00241320696659, 0.0665589272976, 0.0482467412949, 0.0222523156554, 0.0349700562656, 0.0182425677776, 0.00769602134824, 0.0200508311391, 0.014533309266, 0.0126372175291, 0.0104185156524, 0.0162682998925, 0.0187355708331, 0.0182071849704, 0.0150785362348, 0.00830063968897, 0.0106862252578, 0.00688026705757, 0.00398044660687, 0.00914623681456, 0.00599738769233, 0.00463623227552, 0.00315197277814, 0.00286930124275, 0.00165230268613, 0.000324237335008, 2.69375527751e-06],
        "mean": [0.000137683164212, 0.00887793581933, 0.00744176702574, 0.00283589051105, 0.00243895710446, 0.00122510874644, 0.000644600018859, 0.00193291122559, 0.000842739304062, 0.000550955999643, 0.000707086466718, 0.000571755110286, 0.00129311007913, 0.000835781509522, 0.000731424428523, 0.000775944034103, 0.00120158458594, 0.000664888124447, 0.000509667093866, 0.000440287985839, 0.000314801378408, 0.000308095914079, 0.000207396849873, 0.000171478211996, 7.96437088866e-05, 1.54942918016e-05, 7.32044540541e-08],
        "median": [4.14349306084e-05, 0.00664247106761, 0.00497947167605, 0.00250774226151, 0.00146293174475, 0.000778681715019, 0.000383327162126, 0.000282314198557, 0.000425339821959, 0.000222289265366, 0.000166623300174, 0.000171241568751, 0.000311855896143, 0.000271338649327, 0.000268886768026, 0.000425721053034, 0.000869660812896, 0.000460979150375, 0.000357667799108, 0.000223452938371, 0.000191027153051, 0.00016960054927, 0.000114273098006, 0.00010241317068, 4.24135178037e-05, 3.54658141077e-06, 4.39986136413e-09],
        "min": [6.14695281342e-08, 5.43603732694e-07, 2.40607168962e-05, 1.08027670649e-05, 3.87004765798e-05, 4.67748077426e-06, 5.74042360313e-06, 5.23823973708e-06, 2.09996369449e-06, 1.964424996e-07, 6.97705957009e-07, 2.96647982623e-07, 4.49861715879e-07, 4.18799459112e-07, 2.4607302862e-07, 4.11053434846e-07, 3.66057008705e-07, 8.32905442394e-08, 5.57059394168e-08, 5.21088630023e-08, 2.38591884028e-08, 1.55025645654e-08, 1.05118829197e-08, 6.21212992158e-09, 3.47757905805e-10, 2.37936920167e-10, 4.12528171345e-12],
        "var": [9.33305983608e-08, 7.39196693758e-05, 5.05421448906e-05, 4.54837618236e-06, 1.11299204946e-05, 2.71410181085e-06, 9.14602594548e-07, 1.33485409606e-05, 1.44295722748e-06, 1.35010793656e-06, 2.33850460063e-06, 1.65435335475e-06, 7.74723957875e-06, 2.96444363812e-06, 1.98336169888e-06, 1.19484809602e-06, 1.57909869358e-06, 5.80818323215e-07, 3.05512088516e-07, 4.42109637788e-07, 1.70105053598e-07, 1.69050338172e-07, 8.28716295587e-08, 5.21277137011e-08, 1.57708548443e-08, 1.02845965078e-09, 4.63751622824e-14]
    },
    "erbbands": {
        "dmean": [0.0920503139496, 0.97474437952, 3.77769756317, 4.15582799911, 2.86460375786, 7.18988704681, 5.72345066071, 6.19475984573, 4.09970664978, 6.27905368805, 15.2884712219, 10.9963703156, 8.97962093353, 6.15450525284, 11.4602632523, 14.7806653976, 27.1505508423, 18.4686775208, 20.459859848, 26.4268627167, 20.7953987122, 22.0325069427, 19.1083297729, 13.2143945694, 12.239572525, 11.7792778015, 7.33372974396, 5.75623035431, 5.56442546844, 3.97354626656, 2.30391430855, 1.55990982056, 1.18144285679, 0.687638700008, 0.231989994645, 0.0684517398477, 0.0244421884418, 0.00225798878819, 5.21019719599e-05, 1.0592201761e-05],
        "dmean2": [0.157750040293, 1.65116763115, 6.59820413589, 7.24234485626, 4.88629674911, 12.6485939026, 9.62402153015, 10.5248641968, 6.77780914307, 10.0427074432, 23.2555789948, 16.3066749573, 13.8511209488, 10.1015844345, 17.8350105286, 20.9266262054, 42.7973518372, 29.2984085083, 32.3820915222, 41.0879821777, 32.1184997559, 35.5438537598, 31.3869304657, 21.1807250977, 19.8302936554, 18.3534908295, 11.0669345856, 8.58276367188, 8.31527805328, 5.72462701797, 3.4011092186, 2.38353848457, 1.82269704342, 1.02343523502, 0.354545742273, 0.104602359235, 0.0379803963006, 0.0035835406743, 7.97087777755e-05, 1.64978937391e-05],
        "dvar": [0.0377241186798, 2.86342430115, 38.7034378052, 36.0403862, 25.4893398285, 309.018280029, 130.928604126, 181.608337402, 75.4669113159, 177.978103638, 1346.23193359, 467.145812988, 486.364807129, 218.657455444, 401.787963867, 1499.10925293, 5434.27880859, 1674.82861328, 2246.63208008, 4486.20605469, 909.129089355, 843.892822266, 884.958618164, 420.109893799, 462.413085938, 708.752502441, 288.286499023, 141.067428589, 109.225112915, 53.1565895081, 16.5872039795, 7.23838090897, 11.7729921341, 2.9703681469, 0.352438569069, 0.0254274513572, 0.00347117031924, 3.26255285472e-05, 1.18966259066e-08, 1.91455878928e-10],
        "dvar2": [0.10094602406, 7.74603414536, 115.05909729, 104.299331665, 69.5379486084, 801.105651855, 353.681640625, 507.449035645, 207.048461914, 344.502166748, 2867.61132812, 996.865783691, 1078.76782227, 600.143249512, 872.939208984, 2794.4855957, 12469.1162109, 4015.57519531, 5374.16015625, 10588.6230469, 2028.20043945, 2183.93530273, 2014.06481934, 1005.55810547, 1136.37097168, 1764.05407715, 745.444458008, 341.143005371, 249.023529053, 115.409660339, 31.6922874451, 16.5301933289, 30.2941665649, 7.23471164703, 0.875596940517, 0.0609331093729, 0.00842075049877, 8.0353798694e-05, 2.83295786829e-08, 4.42401421052e-10],
        "max": [2.5708322525, 16.5508613586, 58.2580833435, 63.391494751, 68.2630767822, 185.705734253, 126.585578918, 191.989517212, 109.098709106, 419.127471924, 546.956481934, 304.261291504, 569.324584961, 275.919372559, 587.32434082, 835.379089355, 1031.32104492, 531.58581543, 699.567993164, 1002.9342041, 553.067260742, 552.397827148, 412.262634277, 245.254653931, 301.5362854, 385.139221191, 261.836883545, 165.904388428, 149.62171936, 154.888458252, 112.599624634, 45.1410446167, 83.265083313, 33.4007911682, 7.29154014587, 2.05715179443, 0.606938719749, 0.0808247700334, 0.0014000562951, 0.000151239393745],
        "mean": [0.166674509645, 2.34643054008, 7.88211011887, 10.8060064316, 5.92318820953, 10.0763874054, 9.18592453003, 10.1869897842, 8.77289772034, 18.386133194, 44.1858100891, 24.779083252, 19.8185710907, 12.8977851868, 34.9377822876, 33.7826690674, 60.6322250366, 35.0266151428, 37.9385871887, 47.4679069519, 52.3660316467, 52.6642303467, 42.2707138062, 30.7131061554, 24.6471099854, 20.7819786072, 14.2285957336, 11.5305070877, 11.3837471008, 8.27934455872, 5.87762594223, 3.77132987976, 2.67213869095, 1.34271919727, 0.329408913851, 0.086593426764, 0.0266538001597, 0.00226177833974, 7.75914668338e-05, 4.7733901738e-05],
        "median": [0.101958468556, 1.83459186554, 5.67274236679, 9.5392780304, 4.2001914978, 5.14339971542, 5.68258523941, 6.49480962753, 5.95772981644, 7.13532876968, 6.07661867142, 10.4656181335, 9.12888145447, 5.75310611725, 10.1707258224, 10.5201625824, 14.5004434586, 15.5136260986, 16.5747108459, 16.1928215027, 35.0731124878, 39.4594993591, 30.7770843506, 22.9944705963, 16.5937862396, 10.654510498, 8.13282871246, 6.30663061142, 6.29436731339, 4.57285451889, 3.19781899452, 2.22722291946, 1.59594476223, 0.778085410595, 0.1434109658, 0.0246621463448, 0.00568056991324, 0.000390030385461, 3.50109112333e-05, 4.7778867156e-05],
        "min": [0.000167199701536, 0.00563494535163, 0.0780262500048, 0.27352565527, 0.222417607903, 0.138335853815, 0.23401992023, 0.125720858574, 0.193797618151, 0.143596723676, 0.203107059002, 0.0846681073308, 0.0240434966981, 0.0124618709087, 0.0459709987044, 0.0228695999831, 0.0252263341099, 0.0277222320437, 0.0404882952571, 0.0204148199409, 0.0271252188832, 0.0284972507507, 0.0122545743361, 0.00498124537989, 0.00269639887847, 0.00258085201494, 0.00160994275939, 0.000753086642362, 0.000606411253102, 0.000407061656006, 0.000252605852438, 0.0001242923463, 9.20087186387e-05, 2.4729028155e-05, 4.13519774156e-06, 2.26119686886e-06, 1.10473831683e-06, 2.38884808823e-07, 1.13381770461e-06, 2.5595650186e-06],
        "var": [0.0444528050721, 4.61293697357, 52.3127708435, 53.5799446106, 32.0124588013, 269.636901855, 125.961303711, 183.16394043, 100.052658081, 1159.2878418, 9052.92773438, 1301.14196777, 2231.75561523, 369.253875732, 4964.4765625, 4325.64013672, 17667.2832031, 3241.27270508, 4296.89697266, 8992.77148438, 4163.04541016, 3054.57080078, 2021.13439941, 1031.78674316, 827.795532227, 1000.57214355, 389.573242188, 241.931411743, 233.077575684, 122.906326294, 76.1071014404, 25.876996994, 16.5003376007, 3.9366209507, 0.378704696894, 0.0278511513025, 0.00339032919146, 3.00783085549e-05, 1.33699620264e-08, 5.1663701095e-10]
    },
    "gfcc": {
        "mean": [23.0779132843, 98.0397033691, -120.214881897, 58.3143119812, -52.9750022888, 23.6956138611, -39.9080162048, 11.1699495316, -16.562128067, -3.50773739815, -13.7263031006, -5.99478387833, -11.9091272354],
        "cov": [[4527.56445312, -1656.67358398, -1056.09460449, 386.571258545, -175.994003296, 444.782714844, -53.3013076782, 369.017883301, -270.57434082, 45.9351615906, -55.7616081238, 57.5554847717, -18.1751670837], [-1656.67358398, 1117.35961914, 216.971862793, -293.528778076, 161.317169189, -94.4555664062, 129.862213135, -151.792526245, 166.554000854, -126.584655762, 156.610473633, -93.4385452271, 34.4945869446], [-1056.09460449, 216.971862793, 623.358337402, -30.5260047913, 35.2987670898, -131.042831421, -1.28043651581, -50.1653518677, 26.5901889801, 76.6621856689, -25.6300067902, 46.2760238647, -17.7834186554], [386.571258545, -293.528778076, -30.5260047913, 332.656280518, -14.6793909073, 30.6275024414, -28.8814315796, 10.7361135483, -9.71411991119, 9.32693767548, 1.55188632011, -12.8169002533, 63.3922080994], [-175.994003296, 161.317169189, 35.2987670898, -14.6793909073, 203.427261353, 26.1195068359, 23.6680450439, -11.8464021683, 32.0589790344, -14.5480165482, 23.6079425812, -10.9156646729, 24.5503616333], [444.782714844, -94.4555664062, -131.042831421, 30.6275024414, 26.1195068359, 195.746505737, 62.0426826477, 32.2380180359, -18.7987155914, -28.1263179779, 58.5243034363, -15.9341211319, 13.7836732864], [-53.3013076782, 129.862213135, -1.28043651581, -28.8814315796, 23.6680450439, 62.0426826477, 157.965164185, 10.1796979904, -0.505159676075, -31.2097797394, 46.7260246277, -11.6336107254, -20.0818367004], [369.017883301, -151.792526245, -50.1653518677, 10.7361135483, -11.8464021683, 32.2380180359, 10.1796979904, 138.620666504, 8.14389228821, 9.15695285797, -23.622428894, -2.55829429626, -11.5079240799], [-270.57434082, 166.554000854, 26.5901889801, -9.71411991119, 32.0589790344, -18.7987155914, -0.505159676075, 8.14389228821, 112.210166931, -5.55930662155, 2.89015340805, -50.3642501831, 18.5518932343], [45.9351615906, -126.584655762, 76.6621856689, 9.32693767548, -14.5480165482, -28.1263179779, -31.2097797394, 9.15695285797, -5.55930662155, 103.624671936, -26.010591507, 19.34126091, -27.5707054138], [-55.7616081238, 156.610473633, -25.6300067902, 1.55188632011, 23.6079425812, 58.5243034363, 46.7260246277, -23.622428894, 2.89015340805, -26.010591507, 114.318618774, -8.98288726807, 19.3467636108], [57.5554847717, -93.4385452271, 46.2760238647, -12.8169002533, -10.9156646729, -15.9341211319, -11.6336107254, -2.55829429626, -50.3642501831, 19.34126091, -8.98288726807, 96.2946929932, 3.41283988953], [-18.1751670837, 34.4945869446, -17.7834186554, 63.3922080994, 24.5503616333, 13.7836732864, -20.0818367004, -11.5079240799, 18.5518932343, -27.5707054138, 19.3467636108, 3.41283988953, 80.5810394287]],
        "icov": [[0.00123111659195, 0.00159507850185, 0.00126482010819, 0.000232718404732, -0.000311720417812, -0.000470438360935, -0.000222809219849, -0.001233118237, 0.000630526221357, -6.23845553491e-05, -0.00112196279224, 0.000309624214424, -0.000275513390079], [0.00159507850185, 0.0133003182709, -0.00120591314044, 0.00935181975365, -0.00373550830409, 0.00783927924931, -0.00613487884402, 0.00460949121043, -0.00764033105224, 0.00791554991156, -0.0139432922006, 0.00737644080073, -0.00652775168419], [0.00126482010819, -0.00120591314044, 0.0042977547273, -0.00213318457827, 4.03314115829e-05, -0.00124155590311, 0.000376451469492, -0.0021766081918, 0.00195000041276, -0.00359381758608, 0.00198159273714, -0.00261051533744, 0.00136741925962], [0.000232718404732, 0.00935181975365, -0.00213318457827, 0.0114679569378, -0.00218577566557, 0.00631684297696, -0.004800374154, 0.00430149771273, -0.00492055900395, 0.0047044204548, -0.00982581172138, 0.00772619154304, -0.00966554135084], [-0.000311720417812, -0.00373550830409, 4.03314115829e-05, -0.00218577566557, 0.00678405398503, -0.00341288023628, 0.00119112676475, -0.00106381217483, 0.00102126621641, -0.0023500865791, 0.00391690153629, -0.0020581651479, 2.65729286184e-05], [-0.000470438360935, 0.00783927924931, -0.00124155590311, 0.00631684297696, -0.00341288023628, 0.0152265392244, -0.00676822289824, 0.00299095944501, -0.00411118939519, 0.00535951508209, -0.0121652754024, 0.00657472060993, -0.0061070616357], [-0.000222809219849, -0.00613487884402, 0.000376451469492, -0.004800374154, 0.00119112676475, -0.00676822289824, 0.0126096559688, -0.00379628245719, 0.00363129517063, -0.000740352028515, 0.00379004958086, -0.00408414658159, 0.00800425838679], [-0.001233118237, 0.00460949121043, -0.0021766081918, 0.00430149771273, -0.00106381217483, 0.00299095944501, -0.00379628245719, 0.013516950421, -0.00761481607333, 0.00373168941587, -0.00293475226499, 0.00215652119368, -0.00167563813739], [0.000630526221357, -0.00764033105224, 0.00195000041276, -0.00492055900395, 0.00102126621641, -0.00411118939519, 0.00363129517063, -0.00761481607333, 0.0221460387111, -0.00786633882672, 0.00845564808697, 0.00431460142136, -0.00207922351547], [-6.23845553491e-05, 0.00791554991156, -0.00359381758608, 0.0047044204548, -0.0023500865791, 0.00535951508209, -0.000740352028515, 0.00373168941587, -0.00786633882672, 0.0200538598001, -0.0085273142904, 0.00166098191403, 0.0029005385004], [-0.00112196279224, -0.0139432922006, 0.00198159273714, -0.00982581172138, 0.00391690153629, -0.0121652754024, 0.00379004958086, -0.00293475226499, 0.00845564808697, -0.0085273142904, 0.0276851113886, -0.0077362167649, 0.00411222642288], [0.000309624214424, 0.00737644080073, -0.00261051533744, 0.00772619154304, -0.0020581651479, 0.00657472060993, -0.00408414658159, 0.00215652119368, 0.00431460142136, 0.00166098191403, -0.0077362167649, 0.0216298792511, -0.0104331905022], [-0.000275513390079, -0.00652775168419, 0.00136741925962, -0.00966554135084, 2.65729286184e-05, -0.0061070616357, 0.00800425838679, -0.00167563813739, -0.00207922351547, 0.0029005385004, 0.00411222642288, -0.0104331905022, 0.0267653092742]]
    },
    "melbands": {
        "dmean": [0.000923075247556, 0.00164731149562, 0.000646821805276, 0.000356708362233, 0.000227775322855, 0.00013600983948, 6.04800479778e-05, 8.54224417708e-05, 0.000120083197544, 6.58515054965e-05, 4.39633986389e-05, 2.57999017776e-05, 3.46022825397e-05, 3.15777069773e-05, 6.74521070323e-05, 4.37987873738e-05, 4.05105238315e-05, 3.91508438042e-05, 3.43578358297e-05, 3.18758502544e-05, 3.10748800985e-05, 2.52432801062e-05, 2.76315131487e-05, 1.58986385941e-05, 1.12686211651e-05, 9.64465198194e-06, 1.00789802673e-05, 7.65589356888e-06, 5.18907518199e-06, 3.97925759898e-06, 3.32439890371e-06, 3.29823501488e-06, 3.20548610944e-06, 2.09436484511e-06, 1.51164056206e-06, 1.1306747183e-06, 9.75435227701e-07, 9.6186738574e-07, 6.61194803797e-07, 6.20001799234e-07],
        "dmean2": [0.00158799742348, 0.00282946508378, 0.00113455741666, 0.000616666162387, 0.000385920662666, 0.000229329030844, 9.87873791019e-05, 0.00013612100156, 0.000182014191523, 9.7779193311e-05, 6.83548423694e-05, 4.23128840339e-05, 5.45869770576e-05, 4.57035785075e-05, 0.000100012701296, 6.76195049891e-05, 6.49772118777e-05, 6.18884441792e-05, 5.27022057213e-05, 4.97279215779e-05, 4.87367797177e-05, 4.16831862822e-05, 4.60148585262e-05, 2.59264452325e-05, 1.82565418072e-05, 1.54227418534e-05, 1.66658282978e-05, 1.18912948892e-05, 8.01858004706e-06, 6.1868222474e-06, 5.13355644216e-06, 5.0516759984e-06, 4.93006928082e-06, 3.0721728308e-06, 2.31725994126e-06, 1.71651913661e-06, 1.5361486021e-06, 1.52714790147e-06, 1.00805596048e-06, 9.37907486787e-07],
        "dvar": [3.17646981784e-06, 7.34113928047e-06, 9.30576334213e-07, 6.46430237339e-07, 1.94271464693e-07, 8.56503561408e-08, 1.46777310306e-08, 3.19010133865e-08, 7.5542260447e-08, 1.58303699038e-08, 1.1855429527e-08, 3.83989462449e-09, 3.73603148418e-09, 5.52832313261e-09, 2.473020011e-08, 1.22617187515e-08, 8.6463503024e-09, 1.01166319766e-08, 7.81489983837e-09, 4.21094403791e-09, 2.30117147559e-09, 1.19318588343e-09, 1.6116159518e-09, 7.58697382697e-10, 3.1098468245e-10, 2.4752228045e-10, 3.26751820046e-10, 4.08961836618e-10, 1.50669907106e-10, 8.19788126272e-11, 4.61958249431e-11, 3.98752281194e-11, 3.75988927492e-11, 1.3232732618e-11, 7.47099951348e-12, 4.6916385707e-12, 2.87145481004e-12, 6.62175436011e-12, 2.68191913989e-12, 2.66323226493e-12],
        "dvar2": [8.5320434664e-06, 2.10356374737e-05, 2.70828127213e-06, 1.66646918842e-06, 5.1336684237e-07, 2.38135200448e-07, 4.02804296584e-08, 6.55978240616e-08, 1.60828150797e-07, 3.34209317998e-08, 2.66614677003e-08, 1.04920188093e-08, 8.407656793e-09, 9.90692594627e-09, 5.28182333426e-08, 2.58450718604e-08, 2.07166053201e-08, 2.40979183275e-08, 1.80053785215e-08, 1.06005018097e-08, 5.32303134904e-09, 3.31787641805e-09, 4.23460644328e-09, 1.68456615324e-09, 7.6683737138e-10, 6.22716711529e-10, 8.35150282263e-10, 1.02809316616e-09, 3.97743449287e-10, 2.07695832755e-10, 1.10606822312e-10, 9.36285771136e-11, 8.63909638271e-11, 2.92103737032e-11, 1.5108329518e-11, 1.0542203395e-11, 6.82598899279e-12, 1.7020995724e-11, 6.62171489516e-12, 6.55791176571e-12],
        "max": [0.0206824615598, 0.0289464965463, 0.00990193150938, 0.00885188765824, 0.00344406743534, 0.00397600978613, 0.0014803946251, 0.004939858336, 0.00399663019925, 0.00168729468714, 0.00274339853786, 0.00110431178473, 0.00162971380632, 0.00171551224776, 0.00217026378959, 0.00158687937073, 0.00121301808394, 0.00143969536293, 0.00153000967111, 0.00083410483785, 0.000848108145874, 0.000481673021568, 0.000523248570971, 0.000479527749121, 0.000214806001168, 0.000198395791813, 0.000209176985663, 0.000301628024317, 0.000223128838115, 0.000167693811818, 7.77587847551e-05, 8.98828075151e-05, 0.000120470926049, 7.19106465112e-05, 6.85991763021e-05, 5.70876218262e-05, 2.4216107704e-05, 5.71462478547e-05, 3.89379420085e-05, 2.76250138995e-05],
        "mean": [0.00204734317958, 0.00392878195271, 0.00168809096795, 0.000573173863813, 0.000358035380486, 0.000226476971875, 0.000131180844619, 0.000237908068812, 0.000333591073286, 0.000139275667607, 9.3370959803e-05, 4.5368582505e-05, 0.000105641382106, 7.65837539802e-05, 0.000142695091199, 8.86033958523e-05, 6.97056530043e-05, 6.70983863529e-05, 5.37796149729e-05, 5.7979432313e-05, 6.92413159413e-05, 5.64294168726e-05, 5.21361798747e-05, 3.21613442793e-05, 2.37918211496e-05, 1.85012504517e-05, 1.764425906e-05, 1.24302232507e-05, 9.25592848944e-06, 7.35547564545e-06, 6.33055242361e-06, 6.3920933826e-06, 5.94931907472e-06, 4.11029122915e-06, 3.60806529898e-06, 2.59754142462e-06, 2.1569785531e-06, 2.04443608709e-06, 1.35108405175e-06, 1.09197537768e-06],
        "median": [0.00142492703162, 0.0034377775155, 0.00149818847422, 0.000315745826811, 0.000227010212257, 0.000145176993101, 8.41958099045e-05, 7.81956550782e-05, 5.69824114791e-05, 6.2925813836e-05, 4.07201223425e-05, 1.70785169757e-05, 2.75208403764e-05, 2.36297328229e-05, 2.97036767734e-05, 2.54930073424e-05, 2.65834023594e-05, 2.60414744844e-05, 1.79084963747e-05, 2.52932168223e-05, 4.40578915004e-05, 4.19502794102e-05, 3.30326220137e-05, 2.100794336e-05, 1.68410897459e-05, 1.1986172467e-05, 9.70175096882e-06, 5.93859203946e-06, 5.16750196766e-06, 4.06748995374e-06, 3.35105482918e-06, 3.37172309628e-06, 3.2975024169e-06, 2.14903207052e-06, 1.88082015029e-06, 1.48546314449e-06, 1.21893015148e-06, 1.19314722724e-06, 8.01263979611e-07, 5.77249181788e-07],
        "min": [2.15034916096e-07, 4.2702016799e-05, 5.78134131501e-05, 8.05377476354e-06, 7.78404864832e-06, 1.60601143762e-06, 2.85989995064e-06, 1.92313245861e-06, 9.52440018409e-07, 3.01594042185e-07, 8.9671857495e-08, 1.96598968216e-08, 9.78508012395e-08, 4.4774377983e-08, 5.54056782676e-08, 3.64705350364e-08, 2.4275118804e-08, 4.07459594953e-08, 2.63054538152e-08, 4.15485246208e-09, 3.07888790019e-08, 2.19167795024e-08, 7.71451702519e-09, 4.70344296843e-09, 3.06477487833e-09, 1.76404246766e-09, 2.08754258324e-09, 1.21726162483e-09, 1.14489384639e-09, 3.86783910455e-10, 3.57265966811e-10, 2.89230139838e-10, 2.21325388572e-10, 2.13208020683e-10, 1.49581833031e-10, 2.13404658528e-11, 6.6079017258e-11, 4.32641561465e-11, 4.35972542789e-11, 1.19442704425e-12],
