{
"highlevel": {
    "danceability": {
        "all": {
            "danceable": 0.50610023737,
            "not_danceable": 0.493899792433
        },
        "probability": 0.50610023737,
        "value": "danceable"
    },
    "gender": {
        "all": {
            "female": 0.0250779148191,
            "male": 0.974922060966
        },
        "probability": 0.974922060966,
        "value": "male"
    },
    "genre_dortmund": {
        "all": {
            "alternative": 0.196632727981,
            "blues": 0.097538754344,
            "electronic": 0.0216993093491,
            "folkcountry": 0.0264555327594,
            "funksoulrnb": 0.00684719206765,
            "jazz": 0.0222014356405,
            "pop": 0.0249275956303,
            "raphiphop": 0.00406453991309,
            "rock": 0.599632918835
        },
        "probability": 0.599632918835,
        "value": "rock"
    },
    "genre_electronic": {
        "all": {
            "ambient": 0.303741425276,
            "dnb": 0.178527668118,
            "house": 0.0441102534533,
            "techno": 0.0286039412022,
            "trance": 0.44501671195
        },
        "probability": 0.44501671195,
        "value": "trance"
    },
    "genre_rosamerica": {
        "all": {
            "cla": 0.000396799878217,
            "dan": 0.00312480633147,
            "hip": 0.000618001911789,
            "jaz": 0.00048310434795,
            "pop": 0.00846516061574,
            "rhy": 0.000433392822742,
            "roc": 0.986380338669,
            "spe": 9.84236830845e-05
        },
        "probability": 0.986380338669,
        "value": "roc"
    },
    "genre_tzanetakis": {
        "all": {
            "blu": 0.0626541376114,
            "cla": 0.0348133966327,
            "cou": 0.0783501937985,
            "dis": 0.104547761381,
            "hip": 0.15693578124,
            "jaz": 0.313987255096,
            "met": 0.044816005975,
            "pop": 0.0627349764109,
            "reg": 0.0627352520823,
            "roc": 0.0784252434969
        },
        "probability": 0.313987255096,
        "value": "jaz"
    },
    "ismir04_rhythm": {
        "all": {
            "ChaChaCha": 0.614268541336,
            "Jive": 0.0925456359982,
            "Quickstep": 0.0237319394946,
            "Rumba-American": 0.0163184590638,
            "Rumba-International": 0.00563702266663,
            "Rumba-Misc": 0.00348495761864,
            "Samba": 0.0571240819991,
            "Tango": 0.125599697232,
            "VienneseWaltz": 0.0570287071168,
            "Waltz": 0.00426094187424
        },
        "probability": 0.614268541336,
        "value": "ChaChaCha"
    },
    "mood_acoustic": {
        "all": {
            "acoustic": 0.00283577013761,
            "not_acoustic": 0.99716424942
        },
        "probability": 0.99716424942,
        "value": "not_acoustic"
    },
    "mood_aggressive": {
        "all": {
            "aggressive": 0.991294145584,
            "not_aggressive": 0.00870585720986
        },
        "probability": 0.991294145584,
        "value": "aggressive"
    },
    "mood_electronic": {
        "all": {
            "electronic": 0.218809783459,
            "not_electronic": 0.781190216541
        },
        "probability": 0.781190216541,
        "value": "not_electronic"
    },
    "mood_happy": {
        "all": {
            "happy": 0.343017786741,
            "not_happy": 0.656982183456
        },
        "probability": 0.656982183456,
        "value": "not_happy"
    },
    "mood_party": {
        "all": {
            "not_party": 0.360126584768,
            "party": 0.639873385429
        },
        "probability": 0.639873385429,
        "value": "party"
    },
    "mood_relaxed": {
        "all": {
            "not_relaxed": 0.987324237823,
            "relaxed": 0.0126757649705
        },
        "probability": 0.987324237823,
        "value": "not_relaxed"
    },
    "mood_sad": {
        "all": {
            "not_sad": 0.965503096581,
            "sad": 0.0344969257712
        },
        "probability": 0.965503096581,
        "value": "not_sad"
    },
    "moods_mirex": {
        "all": {
            "Cluster1": 0.0767955183983,
            "Cluster2": 0.0143203465268,
            "Cluster3": 0.0148662505671,
            "Cluster4": 0.0140679767355,
            "Cluster5": 0.87994992733
        },
        "probability": 0.87994992733,
        "value": "Cluster5"
    },
    "timbre": {
        "all": {
            "bright": 0.830632448196,
            "dark": 0.169367536902
        },
        "probability": 0.830632448196,
        "value": "bright"
    },
    "tonal_atonal": {
        "all": {
            "atonal": 0.0569981001318,
            "tonal": 0.943001925945
        },
        "probability": 0.943001925945,
        "value": "tonal"
    },
    "voice_instrumental": {
        "all": {
            "instrumental": 0.0593788102269,
            "voice": 0.940621197224
        },
        "probability": 0.940621197224,
        "value": "voice"
    }
},
"lowlevel": {
    "average_loudness": 0.974958539009,
    "barkbands_crest": {
        "dmean": 2.47872662544,
        "dmean2": 3.9284787178,
        "dvar": 4.33798885345,
        "dvar2": 10.3506975174,
        "max": 20.227897644,
        "mean": 8.54183197021,
        "median": 8.08464622498,
        "min": 2.63378882408,
        "var": 11.4619846344
    },
    "barkbands_flatness_db": {
        "dmean": 0.0165862608701,
        "dmean2": 0.0258057415485,
        "dvar": 0.00021481596923,
        "dvar2": 0.000487171841087,
        "max": 0.287922650576,
        "mean": 0.118835508823,
        "median": 0.11032615602,
        "min": 0.0460127480328,
        "var": 0.00159588234965
    },
    "barkbands_kurtosis": {
        "dmean": 1.36575067043,
        "dmean2": 2.14636492729,
        "dvar": 7.35926914215,
        "dvar2": 16.6177692413,
        "max": 53.5924873352,
        "mean": 1.47197663784,
        "median": -0.0507590770721,
        "min": -1.70444750786,
        "var": 32.5321540833
    },
    "barkbands_skewness": {
        "dmean": 0.428934156895,
        "dmean2": 0.646404504776,
        "dvar": 0.192608252168,
        "dvar2": 0.395264267921,
        "max": 6.88488149643,
        "mean": 1.03942334652,
        "median": 0.816389799118,
        "min": -1.24458777905,
        "var": 1.01616728306
    },
    "barkbands_spread": {
        "dmean": 5.34119844437,
        "dmean2": 8.43592166901,
        "dvar": 31.096244812,
        "dvar2": 78.9968643188,
        "max": 82.5702819824,
        "mean": 29.7917690277,
        "median": 30.5261516571,
        "min": 3.48640632629,
        "var": 107.182388306
    },
    "dissonance": {
        "dmean": 0.0151795456186,
        "dmean2": 0.0264035649598,
        "dvar": 0.000259260035818,
        "dvar2": 0.000685486709699,
        "max": 0.500000119209,
        "mean": 0.475560694933,
        "median": 0.480918705463,
        "min": 0.311486929655,
        "var": 0.000429996289313
    },
    "dynamic_complexity": 1.5841139555,
    "erbbands_crest": {
        "dmean": 2.5228767395,
        "dmean2": 4.12168884277,
        "dvar": 6.23793268204,
        "dvar2": 15.2677259445,
        "max": 28.2063503265,
        "mean": 8.46565914154,
        "median": 7.35939884186,
        "min": 2.83789372444,
        "var": 17.3465061188
    },
    "erbbands_flatness_db": {
        "dmean": 0.0134469410405,
        "dmean2": 0.0206113886088,
        "dvar": 0.000168575468706,
        "dvar2": 0.000358107092325,
        "max": 0.330374628305,
        "mean": 0.152054831386,
        "median": 0.147821754217,
        "min": 0.0636452510953,
        "var": 0.00103808566928
    },
    "erbbands_kurtosis": {
        "dmean": 0.684011161327,
        "dmean2": 1.09170401096,
        "dvar": 0.948705554008,
        "dvar2": 2.36458611488,
        "max": 16.272321701,
        "mean": 0.207125917077,
        "median": -0.109057188034,
        "min": -1.76610016823,
        "var": 1.89215993881
    },
    "erbbands_skewness": {
        "dmean": 0.310590833426,
        "dmean2": 0.492414057255,
        "dvar": 0.0713297873735,
        "dvar2": 0.183306083083,
        "max": 2.86709666252,
        "mean": 0.0275060478598,
        "median": 0.00708348117769,
        "min": -1.50260198116,
        "var": 0.376431822777
    },
    "erbbands_spread": {
        "dmean": 6.64416027069,
        "dmean2": 10.5019693375,
        "dvar": 51.1000404358,
        "dvar2": 116.815162659,
        "max": 127.480155945,
        "mean": 36.8054504395,
        "median": 33.8306846619,
        "min": 5.512611866,
        "var": 210.312789917
    },
    "hfc": {
        "dmean": 5.80302143097,
        "dmean2": 9.05218315125,
        "dvar": 40.6132736206,
        "dvar2": 85.6958236694,
        "max": 85.8584060669,
        "mean": 30.9774208069,
        "median": 32.3347587585,
        "min": 2.11229991913,
        "var": 208.979721069
    },
    "melbands_crest": {
        "dmean": 3.84668803215,
        "dmean2": 5.82358026505,
        "dvar": 10.4992752075,
        "dvar2": 23.2866172791,
        "max": 33.7922019958,
        "mean": 14.6042728424,
        "median": 13.4330072403,
        "min": 3.65647435188,
        "var": 31.13032341
    },
    "melbands_flatness_db": {
        "dmean": 0.02253318578,
        "dmean2": 0.0337867438793,
        "dvar": 0.000469995778985,
        "dvar2": 0.000947662512772,
        "max": 0.390144258738,
        "mean": 0.159361347556,
        "median": 0.149189457297,
        "min": 0.0456224605441,
        "var": 0.00338855129667
    },
    "melbands_kurtosis": {
        "dmean": 4.10956335068,
        "dmean2": 6.43391227722,
        "dvar": 57.5555114746,
        "dvar2": 125.855583191,
        "max": 203.785522461,
        "mean": 8.86135101318,
        "median": 3.46977138519,
        "min": -1.46494150162,
        "var": 420.240386963
    },
    "melbands_skewness": {
        "dmean": 0.629737854004,
        "dmean2": 0.95649689436,
        "dvar": 0.416391193867,
        "dvar2": 0.862878143787,
        "max": 12.8008060455,
        "mean": 2.20327401161,
        "median": 1.81305038929,
        "min": -0.947860300541,
        "var": 2.75816702843
    },
    "melbands_spread": {
        "dmean": 8.1517906189,
        "dmean2": 12.8643884659,
        "dvar": 73.3672637939,
        "dvar2": 160.136901855,
        "max": 118.948898315,
        "mean": 33.7259902954,
        "median": 32.6700134277,
        "min": 1.80293655396,
        "var": 262.309051514
    },
    "pitch_salience": {
        "dmean": 0.0646869689226,
        "dmean2": 0.105423673987,
        "dvar": 0.00304122827947,
        "dvar2": 0.00817983038723,
        "max": 0.793604791164,
        "mean": 0.527641892433,
        "median": 0.532014012337,
        "min": 0.169633939862,
        "var": 0.00930478144437
    },
    "silence_rate_20dB": {
        "dmean": 0,
        "dmean2": 0,
        "dvar": 0,
        "dvar2": 0,
        "max": 1,
        "mean": 1,
        "median": 1,
        "min": 1,
        "var": 0
    },
    "silence_rate_30dB": {
        "dmean": 0,
        "dmean2": 0,
        "dvar": 0,
        "dvar2": 0,
        "max": 1,
        "mean": 1,
        "median": 1,
        "min": 1,
        "var": 0
    },
    "silence_rate_60dB": {
        "dmean": 0.0030959751457,
        "dmean2": 0.00619674660265,
        "dvar": 0.00308638811111,
        "dvar2": 0.00770752923563,
        "max": 1,
        "mean": 0.00386697612703,
        "median": 0,
        "min": 0,
        "var": 0.00385202048346
    },
    "spectral_centroid": {
        "dmean": 225.889053345,
        "dmean2": 363.82131958,
        "dvar": 52652.2929688,
        "dvar2": 122271.578125,
        "max": 3579.86523438,
        "mean": 1776.60986328,
        "median": 1832.40820312,
        "min": 308.958770752,
        "var": 288185.15625
    },
    "spectral_complexity": {
        "dmean": 4.18730640411,
        "dmean2": 6.48257160187,
        "dvar": 14.6677265167,
        "dvar2": 29.9259662628,
        "max": 54,
        "mean": 28.1407585144,
        "median": 30,
        "min": 1,
        "var": 101.815750122
    },
    "spectral_decrease": {
        "dmean": 2.50554177406e-09,
        "dmean2": 3.70607078359e-09,
        "dvar": 7.43030949812e-18,
        "dvar2": 1.67507746724e-17,
        "max": -5.63892932348e-10,
        "mean": -8.23525159177e-09,
        "median": -7.31090565864e-09,
        "min": -2.28301324512e-08,
        "var": 1.59259432528e-17
    },
    "spectral_energy": {
        "dmean": 0.00975849106908,
        "dmean2": 0.0144270239398,
        "dvar": 0.000110434477392,
        "dvar2": 0.000249631149927,
        "max": 0.0911908820271,
        "mean": 0.0338914878666,
        "median": 0.0309155061841,
        "min": 0.00276136375032,
        "var": 0.000246949581197
    },
    "spectral_energyband_high": {
        "dmean": 0.000385290739359,
        "dmean2": 0.00057222234318,
        "dvar": 1.74247261953e-07,
        "dvar2": 3.83630151646e-07,
        "max": 0.00464154174551,
        "mean": 0.00146394397598,
        "median": 0.00140993064269,
        "min": 8.51536640312e-07,
        "var": 8.66639425112e-07
    },
    "spectral_energyband_low": {
        "dmean": 0.0058341328986,
        "dmean2": 0.00862681586295,
        "dvar": 6.22364968876e-05,
        "dvar2": 0.000124562386191,
        "max": 0.0704511627555,
        "mean": 0.0122660035267,
        "median": 0.00849189609289,
        "min": 7.6108466601e-05,
        "var": 0.000128623039927
    },
    "spectral_energyband_middle_high": {
        "dmean": 0.00257033738308,
        "dmean2": 0.0040918472223,
        "dvar": 8.39837684907e-06,
        "dvar2": 1.95420288946e-05,
        "max": 0.0374687351286,
        "mean": 0.00913124997169,
        "median": 0.00895533058792,
        "min": 0.000194999258383,
        "var": 2.62288358499e-05
    },
    "spectral_energyband_middle_low": {
        "dmean": 0.00554177863523,
        "dmean2": 0.00876742601395,
        "dvar": 6.68652210152e-05,
        "dvar2": 0.000160453040735,
        "max": 0.0678703412414,
        "mean": 0.0126158008352,
        "median": 0.00936622917652,
        "min": 0.000205666889087,
        "var": 0.000114672977361
    },
    "spectral_entropy": {
        "dmean": 0.100817628205,
        "dmean2": 0.153361350298,
        "dvar": 0.0112403118983,
        "dvar2": 0.0261465255171,
        "max": 8.45479393005,
        "mean": 7.78988218307,
        "median": 7.83679914474,
        "min": 6.7529501915,
        "var": 0.0580612458289
    },
    "spectral_flux": {
        "dmean": 0.0242199730128,
        "dmean2": 0.0380551628768,
        "dvar": 0.000695676833857,
        "dvar2": 0.00151243805885,
        "max": 0.248869553208,
        "mean": 0.0963158831,
        "median": 0.0889030247927,
        "min": 0.00989636126906,
        "var": 0.00144826271571
    },
    "spectral_kurtosis": {
        "dmean": 1.15680778027,
        "dmean2": 1.98647964001,
        "dvar": 2.66218876839,
        "dvar2": 7.06383419037,
        "max": 25.4872055054,
        "mean": 3.11544251442,
        "median": 2.6840133667,
        "min": 0.109189271927,
        "var": 5.20168066025
    },
    "spectral_rms": {
        "dmean": 0.000791870232206,
        "dmean2": 0.00115905271377,
        "dvar": 6.09689038811e-07,
        "dvar2": 1.3188249568e-06,
        "max": 0.00943221710622,
        "mean": 0.00559328077361,
        "median": 0.00549194589257,
        "min": 0.00164134497754,
        "var": 1.78009565843e-06
    },
    "spectral_rolloff": {
        "dmean": 478.180725098,
        "dmean2": 780.933105469,
        "dvar": 366215.0625,
        "dvar2": 859580.6875,
        "max": 8268.75,
        "mean": 1868.35620117,
        "median": 1959.52148438,
        "min": 64.599609375,
        "var": 979267.6875
    },
    "spectral_skewness": {
        "dmean": 0.169209063053,
        "dmean2": 0.28100001812,
        "dvar": 0.0344908162951,
        "dvar2": 0.087043762207,
        "max": 3.04039120674,
        "mean": 1.2068002224,
        "median": 1.19792211056,
        "min": 0.181185007095,
        "var": 0.11321940273
    },
    "spectral_spread": {
        "dmean": 366615.3125,
        "dmean2": 554160.625,
        "dvar": 213083570176,
        "dvar2": 449425113088,
        "max": 11540129,
        "mean": 4347481,
        "median": 4370589,
        "min": 1548239.375,
        "var": 1.07877184307e+12
    },
    "spectral_strongpeak": {
        "dmean": 0.642926156521,
        "dmean2": 1.0982452631,
        "dvar": 0.817988157272,
        "dvar2": 1.89256620407,
        "max": 6.83315896988,
        "mean": 1.02045166492,
        "median": 0.43794298172,
        "min": 0,
        "var": 1.43358588219
    },
    "zerocrossingrate": {
        "dmean": 0.00907175149769,
        "dmean2": 0.0109744146466,
        "dvar": 7.67830570112e-05,
        "dvar2": 8.4965620772e-05,
        "max": 0.1962890625,
        "mean": 0.0703404471278,
        "median": 0.0693359375,
        "min": 0.0068359375,
        "var": 0.000629160145763
    },
    "barkbands": {
        "dmean": [0.000872726959642, 0.00347503647208, 0.00232462654822, 0.00274850917049, 0.00191247847397, 0.000739615701605, 0.000355076248525, 0.000836981809698, 0.00151619361714, 0.000563113600947, 0.00109495001379, 0.000531365047209, 0.000562828034163, 0.000437984330347, 0.000576542865019, 0.000415380985942, 0.000545751012396, 0.000270640157396, 0.000247505813604, 0.000175545617822, 0.000162251613801, 0.000129322157591, 8.37620245875e-05, 4.57522874058e-05, 3.70634661522e-05, 1.32253671836e-05, 8.90052831437e-09],
        "dmean2": [0.00120160181541, 0.0048558767885, 0.00398560706526, 0.00450396258384, 0.00322002707981, 0.00124017766211, 0.000583540298976, 0.00128326565027, 0.00230332394131, 0.000911892217118, 0.00177068915218, 0.000863799650688, 0.000917494180612, 0.000740141316783, 0.000963921891525, 0.00068553397432, 0.000939850462601, 0.000449298531748, 0.000410134438425, 0.000293484539725, 0.000265901529929, 0.000205966731301, 0.000127420498757, 7.01574754203e-05, 5.51955636183e-05, 2.05856958928e-05, 1.67032769838e-08],
        "dvar": [2.91636229122e-06, 2.87110378849e-05, 1.15801376523e-05, 2.08101482713e-05, 1.7481357645e-05, 1.17016486456e-06, 5.16414729645e-07, 2.71480826086e-06, 6.48660261504e-06, 1.45328010603e-06, 3.06433844344e-06, 1.82860037512e-06, 5.96661550389e-07, 5.09577205321e-07, 7.18873536698e-07, 3.17176329645e-07, 4.0669539203e-07, 9.67858682088e-08, 8.36594580278e-08, 3.54850584472e-08, 2.98919076158e-08, 2.10149906366e-08, 1.10322835312e-08, 7.12312520079e-09, 6.75208378098e-09, 8.47840464502e-10, 1.16374968354e-15],
        "dvar2": [5.66049402551e-06, 5.16149375471e-05, 3.26554654748e-05, 5.01272188558e-05, 4.72059582535e-05, 3.14743306262e-06, 1.25339010992e-06, 6.06966932537e-06, 1.3439961549e-05, 3.69747795048e-06, 7.55216115067e-06, 4.35028823631e-06, 1.48998651639e-06, 1.31912690904e-06, 2.02154001272e-06, 7.68020129271e-07, 1.16366504699e-06, 2.58637413708e-07, 2.34837145285e-07, 9.61459463156e-08, 7.99332795509e-08, 5.31258592673e-08, 2.43772415587e-08, 1.75466237096e-08, 1.49486094614e-08, 2.05694861144e-09, 3.43832569092e-15],
        "max": [0.0131473615766, 0.0450058877468, 0.0320054590702, 0.0366315096617, 0.0354108773172, 0.0113599346951, 0.0114429788664, 0.0281097404659, 0.0405161380768, 0.0138803450391, 0.023706484586, 0.032895796001, 0.00895585957915, 0.0137969879434, 0.0110019883141, 0.00813315901905, 0.00672467704862, 0.00321830995381, 0.00383259099908, 0.00198301090859, 0.00172540638596, 0.00193261692766, 0.00111415830906, 0.00155980174895, 0.0018910773797, 0.000420899712481, 4.46119344133e-07],
        "mean": [0.00113671971485, 0.00590948294848, 0.00379077065736, 0.00358290341683, 0.00236307736486, 0.0011717916932, 0.000595107208937, 0.00142607977614, 0.00316772726364, 0.000836459104903, 0.00169959897175, 0.000824823742732, 0.000918984762393, 0.000773648906033, 0.000968629959971, 0.000793830899056, 0.00109553907532, 0.000616123317741, 0.000583330285735, 0.000430699437857, 0.000412472261814, 0.000335720513249, 0.000227700598771, 0.000116130417155, 8.8904707809e-05, 2.52392565017e-05, 5.59601698313e-09],
        "median": [0.000143720171764, 0.00267464853823, 0.00291700474918, 0.00166273931973, 0.00114616192877, 0.000801737071015, 0.000299250648823, 0.000426362006692, 0.00118022738025, 0.00029107183218, 0.000877550337464, 0.000439960334916, 0.000635106582195, 0.000550863915123, 0.000652414630167, 0.000622993858997, 0.000945232575759, 0.000539084954653, 0.000546345021576, 0.000386570696719, 0.000373509974452, 0.000301232910715, 0.000187622805242, 8.85478511918e-05, 5.51958910364e-05, 1.25919905258e-05, 7.53229645323e-10],
        "min": [4.88571572532e-07, 1.88496778719e-05, 1.32322929858e-05, 1.64486718859e-05, 5.86440182815e-06, 6.86578277964e-06, 1.17936792776e-06, 1.35427126224e-06, 6.6561665335e-06, 8.06699335953e-06, 3.01415138892e-06, 3.40235146723e-06, 2.67107452601e-06, 4.76625609735e-06, 1.7683275928e-06, 2.6641785098e-06, 5.53526660951e-06, 6.57760392642e-06, 4.20044761995e-06, 2.62110620497e-06, 1.30983210056e-07, 1.91961106566e-07, 1.77952699687e-07, 2.88552346461e-08, 1.63088351712e-08, 8.28933796604e-11, 7.77250486195e-12],
        "var": [4.86679482492e-06, 6.12957155681e-05, 1.35871077873e-05, 2.71860390058e-05, 1.50708992805e-05, 1.50888160988e-06, 1.08691767764e-06, 8.03617331258e-06, 2.96341459034e-05, 2.32355637309e-06, 6.54483801554e-06, 2.66966299023e-06, 1.07931589355e-06, 9.54083134275e-07, 1.14984072752e-06, 6.09683979746e-07, 8.72171426636e-07, 2.34900952023e-07, 2.01515689469e-07, 9.85952013366e-08, 8.98609400224e-08, 6.07345356229e-08, 3.48750113233e-08, 1.37115332421e-08, 1.32205588699e-08, 1.33641098188e-09, 6.49488452691e-16]
    },
    "erbbands": {
        "dmean": [0.177412137389, 0.636357486248, 2.4361512661, 5.3549990654, 9.60151767731, 4.65535545349, 5.42880249023, 6.01725387573, 4.91425848007, 5.94723320007, 26.3372745514, 38.5490074158, 14.5398769379, 23.7224845886, 34.4494895935, 24.9939041138, 26.9318008423, 18.0353050232, 18.6874923706, 38.4847183228, 27.4186515808, 20.8941917419, 17.1528358459, 11.6091651917, 12.2251462936, 6.92087650299, 8.12826347351, 6.8007850647, 4.7255988121, 3.55291724205, 2.19479870796, 1.07881712914, 0.772418439388, 0.484079897404, 0.253908485174, 0.0921926796436, 0.0190150998533, 0.00123726017773, 2.73982241197e-05, 1.14804506666e-05],
        "dmean2": [0.226638808846, 1.04990887642, 4.19447183609, 8.94788551331, 15.784989357, 7.98015022278, 9.26495933533, 10.0144672394, 7.90247535706, 9.56094360352, 40.2667350769, 57.3671455383, 24.1102161407, 37.9483413696, 56.072353363, 40.6299095154, 44.5187034607, 29.483549118, 31.2504844666, 64.2549362183, 45.0907974243, 35.8264656067, 29.5349178314, 19.0747814178, 20.4928798676, 11.5491762161, 13.6729269028, 10.9763441086, 7.58711147308, 5.53471899033, 3.37280488014, 1.66174662113, 1.19671881199, 0.727681219578, 0.375280439854, 0.143581405282, 0.0297526083887, 0.00197058334015, 4.14095047745e-05, 1.69132254086e-05],
        "dvar": [0.098991625011, 1.03345620632, 13.0152111053, 52.9345474243, 422.666229248, 92.2576522827, 97.9048919678, 75.2696838379, 94.8130950928, 137.094421387, 1999.29589844, 4308.72509766, 1198.10742188, 1658.43359375, 2980.7644043, 4261.32568359, 1409.60339355, 690.411743164, 1107.16491699, 3388.21508789, 1375.33605957, 735.829650879, 346.004852295, 210.321792603, 239.231521606, 56.2113227844, 70.9676208496, 65.1387710571, 30.4983768463, 18.2536029816, 8.06752872467, 3.35053539276, 2.04379558563, 1.65348958969, 0.216348916292, 0.0341878719628, 0.00221362523735, 9.13231178856e-06, 3.71843356106e-09, 1.49970397212e-10],
        "dvar2": [0.160770520568, 2.69117236137, 36.6923103333, 138.801177979, 1028.78198242, 253.793106079, 257.971862793, 205.962875366, 226.682922363, 340.220245361, 4362.54589844, 8698.59375, 3069.19140625, 4190.87109375, 7018.55126953, 10208.2832031, 3624.2277832, 1732.01550293, 2954.66162109, 9819.14453125, 3513.69165039, 1995.56933594, 926.565673828, 593.837402344, 642.029846191, 144.667419434, 187.962402344, 177.624801636, 77.5067443848, 42.1104240417, 18.8873500824, 8.25170135498, 4.87723398209, 3.96253705025, 0.455883830786, 0.0784720480442, 0.00554795423523, 2.33407172345e-05, 9.23567533562e-09, 3.33609501135e-10],
        "max": [2.69002509117, 10.6734800339, 29.8946857452, 56.0741615295, 160.549911499, 95.3538894653, 110.573890686, 94.6789169312, 196.301528931, 182.930038452, 785.49230957, 1036.76928711, 542.895629883, 550.467041016, 708.277709961, 1631.57263184, 453.547149658, 353.996490479, 555.951721191, 639.126647949, 504.162506104, 432.678283691, 208.925552368, 229.91394043, 219.877792358, 86.4962005615, 83.8983917236, 80.3012771606, 64.2424316406, 47.9710998535, 35.3955993652, 34.9049758911, 27.3186626434, 34.0955123901, 7.85065793991, 2.62327051163, 0.816192805767, 0.0456365942955, 0.000940659898333, 0.000109700966277],
        "mean": [0.248143315315, 1.03142130375, 4.14520978928, 8.02859401703, 11.76242733, 6.29415607452, 7.62470388412, 9.45242977142, 8.61712741852, 10.5505847931, 53.102771759, 82.3461303711, 24.2536087036, 40.982421875, 56.1401901245, 42.2122344971, 45.0811805725, 34.7250213623, 36.7235183716, 64.0074386597, 53.5083999634, 46.2483139038, 40.5267372131, 29.0347328186, 28.0106430054, 17.9682159424, 20.996055603, 16.0160083771, 11.9996595383, 9.58641338348, 5.84487056732, 2.68457174301, 1.89563548565, 1.11031162739, 0.577018499374, 0.186339169741, 0.0338884852827, 0.0018650055863, 6.76969284541e-05, 4.57626447314e-05],
        "median": [0.061066467315, 0.625665783882, 3.17125320435, 5.20847892761, 5.09822845459, 2.85183191299, 4.24700164795, 6.32733011246, 5.32719755173, 5.54628324509, 19.9311103821, 30.3603458405, 11.8229475021, 21.5633735657, 32.3684997559, 25.1745758057, 31.5192604065, 26.444355011, 29.5761413574, 39.2522010803, 43.5463676453, 41.703250885, 36.9359931946, 25.7484207153, 24.8030147552, 16.4520606995, 19.4111766815, 13.9397945404, 10.6734800339, 7.97118330002, 5.05721616745, 2.11602425575, 1.37012445927, 0.695146858692, 0.335474401712, 0.0946828871965, 0.0165002513677, 0.000875930709299, 4.83079165861e-05, 4.47885249741e-05],
        "min": [0.000643497332931, 0.00270664552227, 0.0265461169183, 0.0449936427176, 0.0227439273149, 0.016211990267, 0.0378983616829, 0.0659458935261, 0.0806707888842, 0.149517118931, 0.0949274599552, 0.19066055119, 0.216087192297, 0.181194126606, 0.17781253159, 0.164484530687, 0.262755215168, 0.356245607138, 0.214559599757, 0.12961293757, 0.167653158307, 0.32523471117, 0.387109845877, 0.320069372654, 0.258029460907, 0.114230543375, 0.00886171218008, 0.00750433700159, 0.00771206896752, 0.00446481257677, 0.00503460085019, 0.000851364049595, 0.000418612471549, 0.000167827602127, 4.8513753427e-05, 1.34601777972e-05, 5.87096110394e-06, 1.06600180061e-06, 1.78262177997e-06, 3.36038010573e-06],
        "var": [0.200805857778, 1.30996417999, 15.0784330368, 67.9921875, 429.55065918, 93.3029251099, 108.430046082, 99.0420608521, 186.40802002, 276.01953125, 6924.3203125, 20140.4199219, 1724.31530762, 3470.63842773, 5841.65283203, 6103.62207031, 2383.75634766, 1221.99536133, 1652.1463623, 5499.58740234, 2543.86938477, 1570.75305176, 871.823486328, 543.825195312, 481.395355225, 154.967849731, 226.515518188, 151.600006104, 81.5675430298, 59.2949371338, 22.5979137421, 6.52274560928, 4.11615276337, 2.40739488602, 0.535326421261, 0.0663221180439, 0.00280817504972, 1.00435499917e-05, 5.18380804948e-09, 3.92556376294e-10]
    },
    "gfcc": {
        "mean": [41.2700119019, 88.7874832153, -136.592453003, 49.5900115967, -57.3316192627, 25.9748706818, -31.3166389465, 12.5323696136, -22.5391139984, -0.0923356190324, -20.3602390289, -2.59290194511, -11.7053556442],
        "cov": [[2342.03393555, -932.513061523, 51.1416969299, -129.693237305, -320.224639893, 231.666213989, -329.72869873, 202.187591553, -112.023834229, 142.500274658, -316.753295898, -12.8860397339, -105.849822998], [-932.513061523, 852.174133301, -96.8125076294, 62.1332130432, 231.351242065, -176.057022095, 200.339813232, -156.125427246, 107.316986084, -102.041313171, 210.285644531, -14.1755800247, 91.8458404541], [51.1416969299, -96.8125076294, 439.722137451, -28.0128593445, -92.6540679932, 93.5272598267, -62.3167152405, 13.8264665604, -53.6038894653, 75.199760437, -36.7225570679, 19.0742492676, -66.428565979], [-129.693237305, 62.1332130432, -28.0128593445, 285.32699585, 60.4096107483, -70.0547332764, 44.4422874451, -27.9260234833, 46.3773651123, -28.8033542633, 49.3575325012, -25.4214725494, 38.7957611084], [-320.224639893, 231.351242065, -92.6540679932, 60.4096107483, 291.55279541, -43.2075119019, 87.0859985352, 3.90949892998, 47.5054016113, -9.45258045197, 65.5744018555, 11.7531700134, 38.2031593323], [231.666213989, -176.057022095, 93.5272598267, -70.0547332764, -43.2075119019, 188.576721191, -13.216050148, 27.8390846252, -47.5400009155, 33.1027107239, -29.4497261047, 19.4792041779, -20.6887493134], [-329.72869873, 200.339813232, -62.3167152405, 44.4422874451, 87.0859985352, -13.216050148, 178.842086792, 25.5041332245, 48.1688575745, -29.2339859009, 65.0805511475, 10.6075334549, 33.1213798523], [202.187591553, -156.125427246, 13.8264665604, -27.9260234833, 3.90949892998, 27.8390846252, 25.5041332245, 166.193908691, 40.6831092834, 44.6577148438, -44.8554840088, 6.06483459473, -17.0708751678], [-112.023834229, 107.316986084, -53.6038894653, 46.3773651123, 47.5054016113, -47.5400009155, 48.1688575745, 40.6831092834, 106.128456116, 19.9063873291, 29.9014797211, -16.4747104645, 19.518819809], [142.500274658, -102.041313171, 75.199760437, -28.8033542633, -9.45258045197, 33.1027107239, -29.2339859009, 44.6577148438, 19.9063873291, 89.9704589844, -10.8847560883, 14.0498228073, -15.9480543137], [-316.753295898, 210.285644531, -36.7225570679, 49.3575325012, 65.5744018555, -29.4497261047, 65.0805511475, -44.8554840088, 29.9014797211, -10.8847560883, 118.472160339, 26.0156154633, 43.6928863525], [-12.8860397339, -14.1755800247, 19.0742492676, -25.4214725494, 11.7531700134, 19.4792041779, 10.6075334549, 6.06483459473, -16.4747104645, 14.0498228073, 26.0156154633, 73.2213287354, 24.7192344666], [-105.849822998, 91.8458404541, -66.428565979, 38.7957611084, 38.2031593323, -20.6887493134, 33.1213798523, -17.0708751678, 19.518819809, -15.9480543137, 43.6928863525, 24.7192344666, 70.7205734253]],
        "icov": [[0.00134894356597, -0.0013039043406, 0.00158915552311, -0.00154508871492, 0.0012746603461, -0.0018657714827, 0.00234566791914, -0.00216144113801, 0.00185607129242, -0.00250722048804, 0.00312693533488, -0.00125896325335, 0.000628502166364], [-0.0013039043406, 0.0113251172006, -0.00619738735259, 0.00763877062127, -0.0055816876702, 0.00715078273788, -0.00794572662562, 0.00987398065627, -0.0103361560032, 0.0106043415144, -0.0116875898093, 0.00721042137593, -0.00551483081654], [0.00158915552311, -0.00619738735259, 0.00766323972493, -0.00556796509773, 0.00418242160231, -0.00547807617113, 0.00523164309561, -0.00574341975152, 0.00745853316039, -0.00952853448689, 0.00741819385439, -0.00554392486811, 0.00612866599113], [-0.00154508871492, 0.00763877062127, -0.00556796509773, 0.0103097781539, -0.00457187462598, 0.00639402959496, -0.00628146762028, 0.00730304140598, -0.00824195612222, 0.00886797532439, -0.00979299936444, 0.0076687769033, -0.00642954744399], [0.0012746603461, -0.0055816876702, 0.00418242160231, -0.00457187462598, 0.00760205974802, -0.00366517202929, 0.00324377813376, -0.00555560505018, 0.00530720641837, -0.00674975663424, 0.00549530098215, -0.00413499772549, 0.00261767604388], [-0.0018657714827, 0.00715078273788, -0.00547807617113, 0.00639402959496, -0.00366517202929, 0.0131334075704, -0.00789923127741, 0.0060492255725, -0.00281632854603, 0.00485137617216, -0.00848128460348, 0.00542029971257, -0.00453420635313], [0.00234566791914, -0.00794572662562, 0.00523164309561, -0.00628146762028, 0.00324377813376, -0.00789923127741, 0.0176199823618, -0.0115406140685, 0.00475444085896, -0.00314793549478, 0.00519574759528, -0.00621798494831, 0.00403027096763], [-0.00216144113801, 0.00987398065627, -0.00574341975152, 0.00730304140598, -0.00555560505018, 0.0060492255725, -0.0115406140685, 0.0207571033388, -0.0149454316124, 0.00674779340625, -0.00452685728669, 0.00268336781301, -0.00276806089096], [0.00185607129242, -0.0103361560032, 0.00745853316039, -0.00824195612222, 0.00530720641837, -0.00281632854603, 0.00475444085896, -0.0149454316124, 0.0310728829354, -0.0192968267947, 0.00698641035706, 0.00210359226912, 0.000224521747441], [-0.00250722048804, 0.0106043415144, -0.00952853448689, 0.00886797532439, -0.00674975663424, 0.00485137617216, -0.00314793549478, 0.00674779340625, -0.0192968267947, 0.0328251235187, -0.0147735942155, 0.00217186915688, -0.00207453640178], [0.00312693533488, -0.0116875898093, 0.00741819385439, -0.00979299936444, 0.00549530098215, -0.00848128460348, 0.00519574759528, -0.00452685728669, 0.00698641035706, -0.0147735942155, 0.0333583801985, -0.0142865041271, 0.00234764907509], [-0.00125896325335, 0.00721042137593, -0.00554392486811, 0.0076687769033, -0.00413499772549, 0.00542029971257, -0.00621798494831, 0.00268336781301, 0.00210359226912, 0.00217186915688, -0.0142865041271, 0.0289190337062, -0.014656198211], [0.000628502166364, -0.00551483081654, 0.00612866599113, -0.00642954744399, 0.00261767604388, -0.00453420635313, 0.00403027096763, -0.00276806089096, 0.000224521747441, -0.00207453640178, 0.00234764907509, -0.014656198211, 0.0293732639402]]
    },
    "melbands": {
        "dmean": [0.00119846989401, 0.00108283280861, 0.00109610834625, 0.000499750778545, 0.000177038906259, 0.000135098845931, 7.33030828997e-05, 7.33652050258e-05, 0.000259429129073, 0.000210242491448, 7.05601196387e-05, 9.11049282877e-05, 0.00015691635781, 5.37191917829e-05, 7.11027678335e-05, 4.63233518531e-05, 3.74903684133e-05, 3.49998153979e-05, 3.92799556721e-05, 4.08881169278e-05, 3.94972739741e-05, 2.14906922338e-05, 3.37574347213e-05, 1.44750174513e-05, 9.9856451925e-06, 1.06272564153e-05, 7.08309107722e-06, 4.78663059766e-06, 7.0532510108e-06, 3.69063377548e-06, 4.68619919047e-06, 3.05214234686e-06, 2.41544807977e-06, 2.17335173147e-06, 1.63117306329e-06, 8.09734672202e-07, 7.22651066098e-07, 5.92546427924e-07, 5.3835719882e-07, 4.27332679465e-07],
        "dmean2": [0.0015436753165, 0.00186652923003, 0.00181131786667, 0.00082249258412, 0.00030241481727, 0.000223818235099, 0.000117323295854, 0.000116414412332, 0.000392464717152, 0.000314262928441, 0.0001182986598, 0.000145553727634, 0.000254782731645, 8.69474533829e-05, 0.000116480965517, 7.60476250434e-05, 6.20967621217e-05, 5.98702063144e-05, 6.53698225506e-05, 6.71684247209e-05, 6.58658245811e-05, 3.60540580004e-05, 6.05113928032e-05, 2.42145342781e-05, 1.64161647263e-05, 1.77791007445e-05, 1.18596335597e-05, 8.01756959845e-06, 1.18892139653e-05, 6.15050612396e-06, 7.62092167861e-06, 4.94073947266e-06, 3.86790088669e-06, 3.4115876133e-06, 2.59709440797e-06, 1.25019573716e-06, 1.14776855753e-06, 9.57460201789e-07, 8.44082762796e-07, 6.49639900985e-07],
        "dvar": [3.86697183785e-06, 2.76470200333e-06, 3.06748506773e-06, 1.12621148673e-06, 1.09123888592e-07, 3.76853854789e-08, 2.05738395209e-08, 1.80747452561e-08, 1.54749216108e-07, 1.26958951796e-07, 3.04015657093e-08, 2.81073031516e-08, 6.53665281902e-08, 1.72463767711e-08, 1.57508832643e-08, 4.44566072844e-09, 3.27342952744e-09, 4.07112255019e-09, 3.21120063873e-09, 3.25576254845e-09, 2.82315104627e-09, 9.32816823784e-10, 1.57911850263e-09, 3.06206004996e-10, 1.61263724596e-10, 1.90128759958e-10, 7.19022480444e-11, 2.41419731428e-11, 5.68003526158e-11, 1.82649954189e-11, 3.1859265226e-11, 1.27321521382e-11, 8.94868380785e-12, 7.06500613221e-12, 4.78318643374e-12, 1.06427117553e-12, 1.95668372997e-12, 1.24029996343e-12, 1.5882591466e-12, 1.04378669336e-12],
        "dvar2": [6.27133431408e-06, 7.74353520683e-06, 7.42036718293e-06, 2.93043922284e-06, 2.90929790481e-07, 1.03388053674e-07, 4.86966946767e-08, 4.52950388308e-08, 3.3483317452e-07, 2.57414711768e-07, 7.82272024935e-08, 7.05457807726e-08, 1.5760534211e-07, 4.15034655532e-08, 3.91685901491e-08, 1.05344142298e-08, 8.43197955902e-09, 1.06755653206e-08, 8.93079921127e-09, 9.03907704242e-09, 7.42481942595e-09, 2.48942422232e-09, 4.64673366452e-09, 8.30253310546e-10, 4.67280714123e-10, 5.20469500831e-10, 1.92909743735e-10, 6.16006204379e-11, 1.51618245736e-10, 4.94180807387e-11, 8.75304620451e-11, 3.37238154069e-11, 2.24280767569e-11, 1.63638581852e-11, 1.20348835064e-11, 2.45678759454e-12, 5.10691705938e-12, 3.21180517078e-12, 3.84645440499e-12, 2.44865477721e-12],
        "max": [0.0166044905782, 0.0156019693241, 0.0142203103751, 0.00903157237917, 0.00454526441172, 0.00232284050435, 0.0027413754724, 0.00171736290213, 0.00617525912821, 0.00561901228502, 0.00268549565226, 0.00231330003589, 0.00338587188162, 0.00326567236334, 0.00222357246093, 0.000929454690777, 0.000781337672379, 0.00124247802887, 0.000608058413491, 0.000607697642408, 0.000602151500061, 0.00047048839042, 0.000394057104131, 0.000207334072911, 0.000208857803955, 0.000193644373212, 0.000113734451588, 5.1603459724e-05, 7.6088894275e-05, 3.8338421291e-05, 5.75491576456e-05, 3.59616387868e-05, 4.09774147556e-05, 3.06628935505e-05, 2.88267401629e-05, 1.03403890535e-05, 2.71473345492e-05, 2.03524668905e-05, 3.15009892802e-05, 2.56366147369e-05],
        "mean": [0.00186795520131, 0.00188391061965, 0.00162406126037, 0.000638413475826, 0.000258104351815, 0.000216196785914, 0.000129166422994, 0.000124529149616, 0.000548289273866, 0.000442204647698, 0.000102474514279, 0.000153084314661, 0.000240998429945, 8.58371568029e-05, 0.00011767786782, 7.86798045738e-05, 6.5865853685e-05, 6.24026215519e-05, 6.67466738378e-05, 6.85440099915e-05, 6.85029226588e-05, 4.48238606623e-05, 5.62096392969e-05, 2.98545710393e-05, 2.19041685341e-05, 2.29779670917e-05, 1.50767637024e-05, 1.1115516827e-05, 1.55822563102e-05, 8.78567971085e-06, 9.56130588747e-06, 6.86050543663e-06, 5.91527395954e-06, 5.17938178746e-06, 3.89096794606e-06, 1.8870907752e-06, 1.50872983795e-06, 1.3140571582e-06, 1.15609589102e-06, 8.8305381496e-07],
        "median": [0.000679734337609, 0.00142976734787, 0.000983112026006, 0.000302593922243, 0.000148690160131, 0.00014645846386, 7.78082321631e-05, 6.26687178737e-05, 0.000211068370845, 0.000164965575095, 4.35600086348e-05, 7.45057332097e-05, 0.000125607446535, 4.35007714259e-05, 7.69396792748e-05, 5.6249962654e-05, 4.64784861833e-05, 4.61700983578e-05, 4.38198985648e-05, 4.71163875773e-05, 5.26876028744e-05, 3.9736765757e-05, 4.47451602668e-05, 2.38689844991e-05, 1.8707871277e-05, 2.04002444661e-05, 1.27294269987e-05, 9.83040899882e-06, 1.40350612128e-05, 7.62285299061e-06, 8.05959552963e-06, 6.04031993134e-06, 4.9064428822e-06, 4.07900006394e-06, 3.30727402797e-06, 1.49435254571e-06, 1.14541796847e-06, 9.43099109918e-07, 7.47588217109e-07, 5.22588891272e-07],
        "min": [6.48852073937e-06, 9.83146128419e-06, 8.46254897624e-06, 2.00213230528e-06, 1.15364446174e-06, 1.68355870755e-06, 7.27254644062e-07, 1.44095292853e-06, 5.2613893331e-07, 1.08257063403e-06, 9.45262513596e-07, 4.58228953448e-07, 4.91690968829e-07, 4.42543978352e-07, 4.05959553973e-07, 3.48750006651e-07, 5.15342151175e-07, 4.21445434995e-07, 1.29375621327e-07, 2.18487429038e-07, 1.22193142715e-07, 2.38273557329e-07, 2.73299491482e-07, 2.62864205069e-07, 1.62878720289e-07, 1.30633893036e-07, 1.54070960434e-07, 2.61872052931e-08, 3.090126377e-09, 2.05575845236e-09, 4.76032857577e-09, 5.12135001074e-09, 2.05334460546e-09, 2.95762236924e-09, 4.30605728852e-09, 3.78457626349e-10, 3.67556124425e-10, 2.46717507535e-10, 2.14201739679e-10, 3.25589832872e-11],
