{
"highlevel": {
    "danceability": {
        "all": {
            "danceable": 0.00567511608824,
            "not_danceable": 0.994324862957
        },
        "probability": 0.994324862957,
        "value": "not_danceable"
    },
    "gender": {
        "all": {
            "female": 0.104498893023,
            "male": 0.89550113678
        },
        "probability": 0.89550113678,
        "value": "male"
    },
    "genre_dortmund": {
        "all": {
            "alternative": 0.175311744213,
            "blues": 0.0171323437244,
            "electronic": 0.0307955704629,
            "folkcountry": 0.052329916507,
            "funksoulrnb": 0.002344194334,
            "jazz": 0.00374731002375,
            "pop": 0.0862233787775,
            "raphiphop": 0.00209786999039,
            "rock": 0.630017697811
        },
        "probability": 0.630017697811,
        "value": "rock"
    },
    "genre_electronic": {
        "all": {
            "ambient": 0.272787600756,
            "dnb": 0.0815066024661,
            "house": 0.0538718216121,
            "techno": 0.0157417785376,
            "trance": 0.57609218359
        },
        "probability": 0.57609218359,
        "value": "trance"
    },
    "genre_rosamerica": {
        "all": {
            "cla": 0.000714971334673,
            "dan": 0.00308641651645,
            "hip": 0.000228134143981,
            "jaz": 0.000136458605994,
            "pop": 0.0100317299366,
            "rhy": 0.000254762766417,
            "roc": 0.985293209553,
            "spe": 0.000254299200606
        },
        "probability": 0.985293209553,
        "value": "roc"
    },
    "genre_tzanetakis": {
        "all": {
            "blu": 0.0626541376114,
            "cla": 0.0348133966327,
            "cou": 0.0783501937985,
            "dis": 0.104547761381,
            "hip": 0.15693578124,
            "jaz": 0.313987255096,
            "met": 0.044816005975,
            "pop": 0.0627349764109,
            "reg": 0.0627352520823,
            "roc": 0.0784252434969
        },
        "probability": 0.313987255096,
        "value": "jaz"
    },
    "ismir04_rhythm": {
        "all": {
            "ChaChaCha": 0.0241938624531,
            "Jive": 0.823420405388,
            "Quickstep": 0.0016754840035,
            "Rumba-American": 0.000863844295964,
            "Rumba-International": 0.0097965253517,
            "Rumba-Misc": 0.00239045685157,
            "Samba": 0.0173276532441,
            "Tango": 0.00861214194447,
            "VienneseWaltz": 0.109889380634,
            "Waltz": 0.00183024618309
        },
        "probability": 0.823420405388,
        "value": "Jive"
    },
    "mood_acoustic": {
        "all": {
            "acoustic": 1.45557487485e-05,
            "not_acoustic": 0.999985456467
        },
        "probability": 0.999985456467,
        "value": "not_acoustic"
    },
    "mood_aggressive": {
        "all": {
            "aggressive": 0.900542199612,
            "not_aggressive": 0.099457770586
        },
        "probability": 0.900542199612,
        "value": "aggressive"
    },
    "mood_electronic": {
        "all": {
            "electronic": 0.180610314012,
            "not_electronic": 0.81938970089
        },
        "probability": 0.81938970089,
        "value": "not_electronic"
    },
    "mood_happy": {
        "all": {
            "happy": 0.620818138123,
            "not_happy": 0.379181832075
        },
        "probability": 0.620818138123,
        "value": "happy"
    },
    "mood_party": {
        "all": {
            "not_party": 0.270567148924,
            "party": 0.729432821274
        },
        "probability": 0.729432821274,
        "value": "party"
    },
    "mood_relaxed": {
        "all": {
            "not_relaxed": 0.877347648144,
            "relaxed": 0.122652374208
        },
        "probability": 0.877347648144,
        "value": "not_relaxed"
    },
    "mood_sad": {
        "all": {
            "not_sad": 0.910065591335,
            "sad": 0.0899344235659
        },
        "probability": 0.910065591335,
        "value": "not_sad"
    },
    "moods_mirex": {
        "all": {
            "Cluster1": 0.564715206623,
            "Cluster2": 0.138774737716,
            "Cluster3": 0.0921043604612,
            "Cluster4": 0.108760245144,
            "Cluster5": 0.0956454500556
        },
        "probability": 0.564715206623,
        "value": "Cluster1"
    },
    "timbre": {
        "all": {
            "bright": 0.999999046326,
            "dark": 9.82874894362e-07
        },
        "probability": 0.999999046326,
        "value": "bright"
    },
    "tonal_atonal": {
        "all": {
            "atonal": 0.00258646416478,
            "tonal": 0.997413516045
        },
        "probability": 0.997413516045,
        "value": "tonal"
    },
    "voice_instrumental": {
        "all": {
            "instrumental": 0.0491397194564,
            "voice": 0.950860261917
        },
        "probability": 0.950860261917,
        "value": "voice"
    }
},
"lowlevel": {
    "average_loudness": 0.983829200268,
    "barkbands_crest": {
        "dmean": 3.12154054642,
        "dmean2": 5.08923959732,
        "dvar": 11.7829055786,
        "dvar2": 28.5334625244,
        "max": 24.1684989929,
        "mean": 8.6006526947,
        "median": 7.32575511932,
        "min": 2.0586605072,
        "var": 18.3727760315
    },
    "barkbands_flatness_db": {
        "dmean": 0.0207072906196,
        "dmean2": 0.0339313186705,
        "dvar": 0.000508687982801,
        "dvar2": 0.00122339162044,
        "max": 0.274353474379,
        "mean": 0.120730504394,
        "median": 0.11070689559,
        "min": 0.0548921898007,
        "var": 0.00143437646329
    },
    "barkbands_kurtosis": {
        "dmean": 1.86101269722,
        "dmean2": 3.0766646862,
        "dvar": 14.7260532379,
        "dvar2": 37.9514808655,
        "max": 45.1704826355,
        "mean": 0.934327125549,
        "median": -0.120002031326,
        "min": -1.9189646244,
        "var": 13.1488466263
    },
    "barkbands_skewness": {
        "dmean": 0.51394534111,
        "dmean2": 0.810848534107,
        "dvar": 0.389788687229,
        "dvar2": 0.904966890812,
        "max": 6.47912168503,
        "mean": 1.09846937656,
        "median": 0.909967362881,
        "min": -0.744271636009,
        "var": 0.633867919445
    },
    "barkbands_spread": {
        "dmean": 5.9619884491,
        "dmean2": 9.33395195007,
        "dvar": 33.6395263672,
        "dvar2": 78.327293396,
        "max": 80.1727600098,
        "mean": 28.9601192474,
        "median": 28.4830265045,
        "min": 4.08579969406,
        "var": 83.0542526245
    },
    "dissonance": {
        "dmean": 0.0121241528541,
        "dmean2": 0.0203833673149,
        "dvar": 0.000102231781057,
        "dvar2": 0.000286480935756,
        "max": 0.499990463257,
        "mean": 0.478525400162,
        "median": 0.480824261904,
        "min": 0.378653228283,
        "var": 0.000173853099113
    },
    "dynamic_complexity": 1.27391111851,
    "erbbands_crest": {
        "dmean": 2.09003782272,
        "dmean2": 3.45884180069,
        "dvar": 3.56065607071,
        "dvar2": 9.82912540436,
        "max": 21.6042690277,
        "mean": 6.99989366531,
        "median": 6.31582355499,
        "min": 2.55894327164,
        "var": 7.8407793045
    },
    "erbbands_flatness_db": {
        "dmean": 0.012976356782,
        "dmean2": 0.0199771337211,
        "dvar": 0.000157756934641,
        "dvar2": 0.000298750470392,
        "max": 0.31012994051,
        "mean": 0.145225644112,
        "median": 0.141216114163,
        "min": 0.0632705241442,
        "var": 0.00086885021301
    },
    "erbbands_kurtosis": {
        "dmean": 0.641860604286,
        "dmean2": 1.02480590343,
        "dvar": 0.845072388649,
        "dvar2": 2.05248236656,
        "max": 19.4274463654,
        "mean": 0.0451276153326,
        "median": -0.297489404678,
        "min": -1.49964189529,
        "var": 2.04906320572
    },
    "erbbands_skewness": {
        "dmean": 0.294918417931,
        "dmean2": 0.457952022552,
        "dvar": 0.0623108074069,
        "dvar2": 0.160865113139,
        "max": 1.09083008766,
        "mean": -0.249098211527,
        "median": -0.148579105735,
        "min": -3.84083676338,
        "var": 0.339855611324
    },
    "erbbands_spread": {
        "dmean": 6.62795829773,
        "dmean2": 10.4541044235,
        "dvar": 40.4385032654,
        "dvar2": 102.495109558,
        "max": 94.8764038086,
        "mean": 35.7267684937,
        "median": 34.2416572571,
        "min": 9.1834859848,
        "var": 117.300643921
    },
    "hfc": {
        "dmean": 6.52713155746,
        "dmean2": 9.96483612061,
        "dvar": 50.9494476318,
        "dvar2": 115.203948975,
        "max": 132.789810181,
        "mean": 29.537153244,
        "median": 27.981918335,
        "min": 3.16089057922,
        "var": 162.260971069
    },
    "melbands_crest": {
        "dmean": 3.67786884308,
        "dmean2": 6.11653137207,
        "dvar": 11.4022397995,
        "dvar2": 25.083902359,
        "max": 27.5707359314,
        "mean": 12.8387756348,
        "median": 11.8292417526,
        "min": 3.32458758354,
        "var": 23.2627239227
    },
    "melbands_flatness_db": {
        "dmean": 0.0279945842922,
        "dmean2": 0.0439379364252,
        "dvar": 0.000889400020242,
        "dvar2": 0.00203838711604,
        "max": 0.365690618753,
        "mean": 0.168792754412,
        "median": 0.155929267406,
        "min": 0.0514279492199,
        "var": 0.00263956235722
    },
    "melbands_kurtosis": {
        "dmean": 5.92347478867,
        "dmean2": 9.78380680084,
        "dvar": 157.097457886,
        "dvar2": 407.606201172,
        "max": 171.696563721,
        "mean": 7.42195224762,
        "median": 3.76388692856,
        "min": -1.41717600822,
        "var": 145.356048584
    },
    "melbands_skewness": {
        "dmean": 0.766171753407,
        "dmean2": 1.20919549465,
        "dvar": 0.944179594517,
        "dvar2": 2.20314574242,
        "max": 11.3798913956,
        "mean": 2.27208733559,
        "median": 1.89449667931,
        "min": -0.0408222600818,
        "var": 1.56493484974
    },
    "melbands_spread": {
        "dmean": 7.94767904282,
        "dmean2": 12.4780235291,
        "dvar": 52.1333312988,
        "dvar2": 111.349739075,
        "max": 84.3452148438,
        "mean": 29.8788032532,
        "median": 29.5477409363,
        "min": 2.36537289619,
        "var": 141.902191162
    },
    "pitch_salience": {
        "dmean": 0.0844173207879,
        "dmean2": 0.140537187457,
        "dvar": 0.00800738483667,
        "dvar2": 0.0192383583635,
        "max": 0.781124532223,
        "mean": 0.541678786278,
        "median": 0.561182677746,
        "min": 0.125666677952,
        "var": 0.0126974089071
    },
    "silence_rate_20dB": {
        "dmean": 0,
        "dmean2": 0,
        "dvar": 0,
        "dvar2": 0,
        "max": 1,
        "mean": 1,
        "median": 1,
        "min": 1,
        "var": 0
    },
    "silence_rate_30dB": {
        "dmean": 0.0743034034967,
        "dmean2": 0.148721918464,
        "dvar": 0.0687830150127,
        "dvar2": 0.173081919551,
        "max": 1,
        "mean": 0.948955893517,
        "median": 1,
        "min": 0,
        "var": 0.048438500613
    },
    "silence_rate_60dB": {
        "dmean": 0,
        "dmean2": 0,
        "dvar": 0,
        "dvar2": 0,
        "max": 0,
        "mean": 0,
        "median": 0,
        "min": 0,
        "var": 0
    },
    "spectral_centroid": {
        "dmean": 236.201293945,
        "dmean2": 376.624694824,
        "dvar": 46152.0664062,
        "dvar2": 112418.054688,
        "max": 3260.74487305,
        "mean": 1658.13269043,
        "median": 1616.8026123,
        "min": 528.001403809,
        "var": 151525.984375
    },
    "spectral_complexity": {
        "dmean": 4.08436536789,
        "dmean2": 6.60650634766,
        "dvar": 12.8868665695,
        "dvar2": 29.2177371979,
        "max": 56,
        "mean": 31.6697597504,
        "median": 32,
        "min": 8,
        "var": 62.8662757874
    },
    "spectral_decrease": {
        "dmean": 4.35031166646e-09,
        "dmean2": 6.85948231549e-09,
        "dvar": 4.54036791252e-17,
        "dvar2": 9.81176628669e-17,
        "max": -1.57149260271e-09,
        "mean": -1.02675201674e-08,
        "median": -8.11798805955e-09,
        "min": -4.5725858655e-08,
        "var": 5.5938373474e-17
    },
    "spectral_energy": {
        "dmean": 0.0167421102524,
        "dmean2": 0.026316376403,
        "dvar": 0.000652508926578,
        "dvar2": 0.00140273792204,
        "max": 0.17648974061,
        "mean": 0.0414310693741,
        "median": 0.0333690308034,
        "min": 0.00645071500912,
        "var": 0.000821782567073
    },
    "spectral_energyband_high": {
        "dmean": 0.000345722888596,
        "dmean2": 0.000534059130587,
        "dvar": 4.40687358605e-07,
        "dvar2": 9.18668661143e-07,
        "max": 0.0149663407356,
        "mean": 0.00102161709219,
        "median": 0.00075001193909,
        "min": 1.32506966111e-06,
        "var": 1.11347515031e-06
    },
    "spectral_energyband_low": {
        "dmean": 0.0149445375428,
        "dmean2": 0.0242830794305,
        "dvar": 0.000722043041606,
        "dvar2": 0.00164274207782,
        "max": 0.168721035123,
        "mean": 0.0194458533078,
        "median": 0.0106109008193,
        "min": 0.000524287985172,
        "var": 0.000731912790798
    },
    "spectral_energyband_middle_high": {
        "dmean": 0.00237437593751,
        "dmean2": 0.00380580825731,
        "dvar": 4.81795223095e-06,
        "dvar2": 1.20130198411e-05,
        "max": 0.0286913067102,
        "mean": 0.00897569768131,
        "median": 0.00847686734051,
        "min": 0.000951134308707,
        "var": 1.45285021063e-05
    },
    "spectral_energyband_middle_low": {
        "dmean": 0.00503173749894,
        "dmean2": 0.00827279314399,
        "dvar": 3.90512868762e-05,
        "dvar2": 0.000102157559013,
        "max": 0.0619195066392,
        "mean": 0.0132344840094,
        "median": 0.0123537508771,
        "min": 0.00102772412356,
        "var": 6.4075087721e-05
    },
    "spectral_entropy": {
        "dmean": 0.0931031927466,
        "dmean2": 0.140770047903,
        "dvar": 0.00974916759878,
        "dvar2": 0.0207359399647,
        "max": 8.52176189423,
        "mean": 7.74702119827,
        "median": 7.7741189003,
        "min": 6.25932407379,
        "var": 0.0602688714862
    },
    "spectral_flux": {
        "dmean": 0.0336175262928,
        "dmean2": 0.0520189478993,
        "dvar": 0.0018937184941,
        "dvar2": 0.00362966628745,
        "max": 0.375187695026,
        "mean": 0.117178827524,
        "median": 0.0999412685633,
        "min": 0.0274610128254,
        "var": 0.00365756452084
    },
    "spectral_kurtosis": {
        "dmean": 1.40189754963,
        "dmean2": 2.41815018654,
        "dvar": 3.97671747208,
        "dvar2": 10.867978096,
        "max": 33.8804702759,
        "mean": 4.28042221069,
        "median": 3.9037027359,
        "min": -0.172894477844,
        "var": 6.44476032257
    },
    "spectral_rms": {
        "dmean": 0.00111728417687,
        "dmean2": 0.00172570510767,
        "dvar": 1.9978376713e-06,
        "dvar2": 4.01468423661e-06,
        "max": 0.013121932745,
        "mean": 0.00609555142,
        "median": 0.00570571236312,
        "min": 0.00250866101123,
        "var": 3.26480176227e-06
    },
    "spectral_rolloff": {
        "dmean": 546.897033691,
        "dmean2": 885.48034668,
        "dvar": 429204.125,
        "dvar2": 959643.375,
        "max": 9043.9453125,
        "mean": 1686.0847168,
        "median": 1658.05664062,
        "min": 86.1328125,
        "var": 854137.5625
    },
    "spectral_skewness": {
        "dmean": 0.190953463316,
        "dmean2": 0.320350646973,
        "dvar": 0.044020678848,
        "dvar2": 0.110170513391,
        "max": 4.41961097717,
        "mean": 1.40268671513,
        "median": 1.41120576859,
        "min": 0.473371595144,
        "var": 0.0929156318307
    },
    "spectral_spread": {
        "dmean": 352498.875,
        "dmean2": 521627.5,
        "dvar": 153031475200,
        "dvar2": 264938668032,
        "max": 9046731,
        "mean": 3892502.75,
        "median": 3864080.5,
        "min": 1504354.625,
        "var": 736449789952
    },
    "spectral_strongpeak": {
        "dmean": 0.571100413799,
        "dmean2": 1.03152966499,
        "dvar": 0.935559928417,
        "dvar2": 2.48534107208,
        "max": 9.65298557281,
        "mean": 0.697891294956,
        "median": 0.370128184557,
        "min": 0.0432716868818,
        "var": 0.811371803284
    },
    "zerocrossingrate": {
        "dmean": 0.00936124380678,
        "dmean2": 0.0116956783459,
        "dvar": 8.29061391414e-05,
        "dvar2": 0.000119541226013,
        "max": 0.23046875,
        "mean": 0.0614611282945,
        "median": 0.06005859375,
        "min": 0.0166015625,
        "var": 0.000456320762169
    },
    "barkbands": {
        "dmean": [0.000294052093523, 0.0123692620546, 0.00424511544406, 0.00158283265773, 0.00208538398147, 0.0017181156436, 0.00108298112173, 0.000416923983721, 0.00124932848848, 0.000423925899668, 0.000444278208306, 0.000617949699517, 0.000613301876001, 0.000518602551892, 0.000636824930552, 0.000507067481522, 0.000569926167373, 0.000233229380683, 0.000241606132477, 0.000323425076203, 0.000105988387077, 6.54165414744e-05, 4.37779635831e-05, 5.75737103645e-05, 4.91770770168e-05, 1.26543354781e-05, 1.44712588579e-08],
        "dmean2": [0.000479765323689, 0.0210344232619, 0.00763408979401, 0.00276452908292, 0.00343477283604, 0.00283307489008, 0.00163898477331, 0.00068590848241, 0.00192856695503, 0.000702946155798, 0.000718741910532, 0.00103334884625, 0.000993139343336, 0.000839724205434, 0.00106314464938, 0.000852564407978, 0.000948553788476, 0.000396203016862, 0.000383782491554, 0.000516389263794, 0.000174131288077, 0.000106062238046, 6.84910191922e-05, 8.22699148557e-05, 7.06873397576e-05, 1.99973710551e-05, 2.5289446981e-08],
        "dvar": [1.67085801195e-07, 0.000604048662353, 6.63980536046e-05, 1.28188548842e-05, 1.01656687548e-05, 5.39072107131e-06, 1.90102866782e-06, 6.92804462687e-07, 2.85973851533e-06, 2.76601440419e-07, 4.42645387011e-07, 5.5299824453e-07, 5.87145962072e-07, 4.49917422429e-07, 5.68686061797e-07, 2.9450944794e-07, 4.67376850111e-07, 9.1744873032e-08, 1.77562810677e-07, 3.93241776919e-07, 2.29706280663e-08, 1.20857572838e-08, 1.52373296203e-08, 3.24628857129e-08, 3.71782782338e-08, 8.61449578338e-10, 5.64115303135e-15],
        "dvar2": [3.90737653788e-07, 0.0014937587548, 0.000187034689588, 3.56213604391e-05, 2.51142591878e-05, 1.39179210237e-05, 4.05605123888e-06, 1.84877490028e-06, 7.03157684256e-06, 7.01786007085e-07, 1.13441285521e-06, 1.48731623995e-06, 1.41257885389e-06, 1.04577782167e-06, 1.4949710021e-06, 7.35504727345e-07, 1.21507241602e-06, 2.43547759737e-07, 4.04150114264e-07, 8.0791221535e-07, 5.67758711156e-08, 2.76934919441e-08, 3.51848932212e-08, 5.76898564475e-08, 7.91045735582e-08, 2.04402628157e-09, 1.39858268602e-14],
        "max": [0.00339275016449, 0.145606711507, 0.0638030320406, 0.0401169136167, 0.0470406115055, 0.0261178929359, 0.0160401277244, 0.0118975816295, 0.0151462350041, 0.00882765557617, 0.00709078554064, 0.0097573865205, 0.00877855811268, 0.0104355048388, 0.0111832916737, 0.00540527328849, 0.0101232593879, 0.00377189577557, 0.0076848436147, 0.0128902671859, 0.0022495475132, 0.00289825070649, 0.00263172178529, 0.0039874673821, 0.00381212914363, 0.000488398305606, 1.40590270803e-06],
        "mean": [0.000315407203743, 0.013441237621, 0.00457438128069, 0.00174859212711, 0.00336938747205, 0.00295189442113, 0.00215005665086, 0.0006843720912, 0.00204291567206, 0.000736318936106, 0.000765759381466, 0.00106136524118, 0.00112106639426, 0.000950858462602, 0.0011388650164, 0.000986104481854, 0.00104440120049, 0.000438561342889, 0.000485841941554, 0.000657412630972, 0.000259474792983, 0.000178270696779, 0.000102798097942, 0.000123282545246, 7.98239416326e-05, 2.26314496103e-05, 1.0371434378e-08],
        "median": [0.000102382502519, 0.00653925258666, 0.00235897768289, 0.000884812092409, 0.00222516502254, 0.00207960186526, 0.00111039762851, 0.000291222473606, 0.00108323502354, 0.000495870888699, 0.000401653494919, 0.000830344506539, 0.000765753386077, 0.000690562825184, 0.000898345606402, 0.000784350559115, 0.0008437531651, 0.000357981130946, 0.000341582490364, 0.000355534546543, 0.000192348466953, 0.000136953705805, 6.86788262101e-05, 7.59223694331e-05, 3.92161891796e-05, 1.63795029948e-05, 1.06857045434e-09],
        "min": [3.33957871135e-07, 7.03632686054e-05, 2.12490449485e-05, 9.18640489544e-06, 8.48511772347e-05, 3.40839542332e-05, 1.43019788084e-05, 3.11091753247e-06, 9.64879473031e-06, 1.04087666841e-05, 1.5144913732e-06, 2.01168040803e-05, 1.48840417751e-05, 5.05969956066e-06, 3.20243634633e-05, 3.83648221032e-05, 7.12595137884e-05, 2.97201258945e-05, 1.9761000658e-06, 1.84085536148e-06, 2.48664406399e-07, 1.72336285686e-07, 1.14758208269e-07, 7.99577459798e-10, 2.69859273816e-11, 1.3114414936e-11, 8.39880855835e-12],
        "var": [2.12950340028e-07, 0.000510736717843, 4.9414964451e-05, 9.92734476313e-06, 1.6268404579e-05, 9.92187233351e-06, 6.66477490086e-06, 1.42699582284e-06, 5.97256030233e-06, 8.27489373023e-07, 9.51773131419e-07, 8.26764676276e-07, 1.18679326988e-06, 9.50006722178e-07, 9.49058687638e-07, 6.03659998433e-07, 7.30217152523e-07, 1.19897578088e-07, 3.08648651526e-07, 8.80716413576e-07, 5.31877013543e-08, 2.74781406517e-08, 2.55535521632e-08, 6.51960831988e-08, 6.28166034744e-08, 1.28289567858e-09, 3.84489430582e-15]
    },
    "erbbands": {
        "dmean": [0.288862019777, 3.09071683884, 5.44691419601, 4.91123247147, 4.82891941071, 8.28073406219, 13.0828380585, 14.1947984695, 16.7621459961, 11.8697547913, 9.93678283691, 21.4362659454, 24.8555431366, 12.8427190781, 20.1026268005, 22.4216785431, 26.2539730072, 28.3638973236, 30.7495307922, 22.7685642242, 34.681388855, 23.5248336792, 12.9660844803, 9.30738449097, 15.4413909912, 15.6479625702, 5.49240064621, 3.96894264221, 2.63626527786, 1.52718949318, 1.23357069492, 1.14916610718, 1.03982758522, 0.659674406052, 0.300701230764, 0.0886969342828, 0.0198791604489, 0.00138547085226, 3.10253890348e-05, 1.92915449588e-05],
        "dmean2": [0.492993474007, 5.26502037048, 9.5215587616, 8.63028049469, 8.3892660141, 13.8223991394, 21.6301116943, 23.8190898895, 25.9399814606, 18.5723190308, 16.0662097931, 33.5417900085, 39.5721931458, 21.309671402, 33.0681724548, 37.8716278076, 42.7113838196, 46.3024482727, 51.037853241, 37.8677902222, 57.5149230957, 38.8643264771, 21.8946361542, 15.5196962357, 23.5988235474, 25.3291091919, 8.93206214905, 6.48188924789, 4.25906991959, 2.4926981926, 1.93366849422, 1.75385630131, 1.51866316795, 0.960907876492, 0.445941001177, 0.138190969825, 0.0323487855494, 0.00235756114125, 5.04608760821e-05, 3.00155534205e-05],
        "dvar": [0.278084009886, 39.9479866028, 111.975074768, 103.91557312, 77.5130233765, 221.272369385, 475.684295654, 465.830749512, 446.217681885, 440.837371826, 401.592315674, 954.622680664, 1140.55163574, 182.679321289, 666.073547363, 669.848632812, 1056.09313965, 1538.09326172, 1727.79309082, 808.023742676, 1193.10107422, 584.426452637, 214.666915894, 118.400840759, 813.320068359, 981.318115234, 78.8815994263, 32.8504905701, 19.6271114349, 10.4079904556, 11.1136398315, 10.4474754333, 12.7005252838, 7.19388389587, 1.31091189384, 0.0573860220611, 0.00128347997088, 5.14440625921e-06, 3.19361537215e-09, 7.93754451056e-10],
        "dvar2": [0.697264432907, 101.624832153, 305.059753418, 282.249603271, 207.450424194, 524.451660156, 1193.59399414, 1212.88977051, 1028.92993164, 1061.01049805, 1068.48510742, 2397.81567383, 2856.40698242, 461.770233154, 1694.09082031, 1766.07373047, 2611.328125, 3546.56738281, 4573.01757812, 1983.67346191, 3145.85961914, 1556.45288086, 553.784667969, 321.494750977, 1704.26452637, 2092.02172852, 194.824584961, 76.2141647339, 46.8835449219, 24.0966396332, 24.2659797668, 19.7242622375, 23.0376873016, 15.7571773529, 2.63865399361, 0.124679140747, 0.00315389409661, 1.33859157359e-05, 7.76875808128e-09, 1.71053071707e-09],
        "max": [2.9840722084, 38.1042633057, 76.5469741821, 115.968292236, 81.9550323486, 259.468078613, 363.926391602, 268.38760376, 256.040435791, 303.635009766, 305.178222656, 344.220397949, 364.823547363, 144.533279419, 352.237365723, 338.819915771, 384.760986328, 586.289794922, 687.164733887, 459.366363525, 369.765106201, 260.403503418, 159.443252563, 108.593864441, 516.594116211, 651.642700195, 177.776870728, 120.518211365, 118.154632568, 66.2971191406, 61.4779281616, 68.6371383667, 73.6704940796, 60.1223907471, 19.6568126678, 3.77608990669, 0.670892357826, 0.0366888046265, 0.00096349674277, 0.000275524274912],
        "mean": [0.297697484493, 3.27966117859, 6.07033634186, 5.99528264999, 6.17751550674, 12.6194906235, 20.9490680695, 23.7786197662, 33.2524528503, 21.675447464, 17.6906757355, 35.9202270508, 44.8554458618, 25.8197231293, 38.5845680237, 42.5619049072, 49.5980072021, 56.9815368652, 54.4103965759, 50.6806526184, 67.2304382324, 48.8001861572, 27.4019184113, 20.8276367188, 31.9794597626, 31.1208724976, 12.7589998245, 9.76097679138, 6.89842033386, 4.00653886795, 2.75247645378, 2.52893996239, 1.97573685646, 1.00816905499, 0.500595748425, 0.158518090844, 0.0323238410056, 0.00183766032569, 6.84665646986e-05, 5.29527278559e-05],
        "median": [0.140856057405, 1.60297989845, 2.84273386002, 3.25003027916, 3.96648454666, 7.78886508942, 13.0855436325, 15.1729927063, 18.4286518097, 12.0144758224, 8.16448307037, 21.5208892822, 24.4034633636, 21.8198680878, 26.9179325104, 35.3969497681, 34.7277870178, 41.6564483643, 43.6335296631, 38.7731018066, 55.3403701782, 42.2242546082, 23.3346881866, 17.3288421631, 19.0047206879, 16.3032264709, 9.1207151413, 7.54918050766, 5.34045410156, 3.03263401985, 1.79224431515, 1.67908263206, 1.13683629036, 0.474094122648, 0.256668776274, 0.104604803026, 0.0232791993767, 0.0012097787112, 5.47952986381e-05, 4.38447314082e-05],
        "min": [0.00221957708709, 0.0101737240329, 0.14846111834, 0.164349094033, 0.177347004414, 0.405453503132, 0.231325060129, 0.220652803779, 0.981209814548, 0.327772587538, 0.193036168814, 0.279107958078, 0.39864847064, 0.382630735636, 0.831272244453, 1.03040361404, 1.26136803627, 0.871692299843, 1.34283733368, 2.3467040062, 3.04833817482, 2.85912251472, 1.69037282467, 0.594661414623, 0.0979777425528, 0.0734920725226, 0.0210482254624, 0.00592244463041, 0.00645518116653, 0.00629141042009, 0.00245508528315, 0.000255635328358, 4.19784591941e-05, 1.97609351744e-05, 1.45622216223e-05, 1.06174320536e-05, 5.71722239329e-06, 1.41214832183e-06, 4.68236794404e-06, 8.12605867395e-06],
        "var": [0.243011668324, 32.0962409973, 85.8046340942, 89.0923690796, 68.18334198, 346.54083252, 817.647399902, 794.600952148, 1478.11486816, 976.917358398, 907.748840332, 1773.92114258, 2906.18310547, 354.161834717, 1351.37475586, 1093.24865723, 2160.02514648, 3327.90209961, 2328.97070312, 2336.6965332, 2161.91210938, 926.455505371, 303.30480957, 188.676467896, 1764.62573242, 2112.17602539, 169.709503174, 78.2867279053, 42.084274292, 20.2084255219, 19.83685112, 20.9298496246, 23.0716915131, 11.3025369644, 2.22176456451, 0.0941704213619, 0.00192126573529, 6.21545041213e-06, 4.83117945649e-09, 1.08104958318e-09]
    },
    "gfcc": {
        "mean": [50.7283706665, 99.8534851074, -132.78302002, 43.5449066162, -48.4828262329, 21.8406524658, -39.7744255066, 12.1079120636, -22.7944755554, 7.6459736824, -12.7820930481, 3.11058664322, -4.48904943466],
        "cov": [[1537.1887207, -682.614196777, 218.166534424, -88.6647491455, -455.034576416, 103.247253418, -48.3856506348, 92.1042556763, -225.158187866, 255.050354004, -123.596458435, 0.377393394709, -44.4307518005], [-682.614196777, 543.96295166, -122.999069214, 45.4599456787, 251.315841675, -103.223937988, 80.3057250977, -66.7647094727, 135.758544922, -141.038925171, 80.2764968872, -26.9072418213, 29.8050498962], [218.166534424, -122.999069214, 188.103546143, 13.1441383362, -35.6913032532, 50.7463340759, -12.0653924942, 28.8068828583, -30.3032627106, 53.1955795288, -26.8731517792, 22.1804008484, -5.71534395218], [-88.6647491455, 45.4599456787, 13.1441383362, 181.261871338, 67.349395752, -3.16245818138, 21.9051818848, -37.8342514038, 47.0312728882, -41.5261535645, 22.5755653381, -26.6965847015, 14.2803564072], [-455.034576416, 251.315841675, -35.6913032532, 67.349395752, 262.164123535, -27.2570285797, 41.1760101318, -24.0220012665, 87.0369796753, -79.198059082, 37.3870429993, 5.40555858612, 9.46953582764], [103.247253418, -103.223937988, 50.7463340759, -3.16245818138, -27.2570285797, 103.303741455, 9.56289958954, 32.4826622009, -8.82167720795, 24.2346057892, -4.18147659302, 8.27561855316, -1.4471129179], [-48.3856506348, 80.3057250977, -12.0653924942, 21.9051818848, 41.1760101318, 9.56289958954, 102.734680176, 13.6548957825, 33.0277137756, -10.2823677063, 9.07595157623, -14.3747215271, -8.6897611618], [92.1042556763, -66.7647094727, 28.8068828583, -37.8342514038, -24.0220012665, 32.4826622009, 13.6548957825, 74.2216262817, 8.84880924225, 31.6638870239, -10.69617939, 10.3588495255, -2.16339278221], [-225.158187866, 135.758544922, -30.3032627106, 47.0312728882, 87.0369796753, -8.82167720795, 33.0277137756, 8.84880924225, 112.032531738, -27.6487178802, 33.3982200623, 1.742826581, 6.87408781052], [255.050354004, -141.038925171, 53.1955795288, -41.5261535645, -79.198059082, 24.2346057892, -10.2823677063, 31.6638870239, -27.6487178802, 102.68270874, -10.3083581924, 13.7203369141, -14.9576416016], [-123.596458435, 80.2764968872, -26.8731517792, 22.5755653381, 37.3870429993, -4.18147659302, 9.07595157623, -10.69617939, 33.3982200623, -10.3083581924, 63.886138916, 9.32336425781, 9.3199300766], [0.377393394709, -26.9072418213, 22.1804008484, -26.6965847015, 5.40555858612, 8.27561855316, -14.3747215271, 10.3588495255, 1.742826581, 13.7203369141, 9.32336425781, 62.4084587097, 9.54987621307], [-44.4307518005, 29.8050498962, -5.71534395218, 14.2803564072, 9.46953582764, -1.4471129179, -8.6897611618, -2.16339278221, 6.87408781052, -14.9576416016, 9.3199300766, 9.54987621307, 50.9043388367]],
        "icov": [[0.00263559236191, 0.000879949366208, -0.000724216166418, -0.00108956324402, 0.00233222404495, 0.000450099498266, -0.00120844261255, -0.000815696490463, 0.00205162004568, -0.00293461373076, 0.00120975309983, 0.000164003766258, -4.40789335698e-05], [0.000879949366208, 0.0127072259784, -0.00317281880416, 0.00798361282796, -0.00464952271432, 0.00726739410311, -0.00699853384867, 0.00789586361498, -0.00790966115892, 0.00695406645536, -0.00785886961967, 0.00729764765128, -0.00587440747768], [-0.000724216166418, -0.00317281880416, 0.00964976195246, -0.00497655384243, -0.000182901887456, -0.00436461996287, 0.00265910220332, -0.00378564675339, 0.00370121817105, -0.00475471559912, 0.00496745994315, -0.00520470086485, 0.00207813899033], [-0.00108956324402, 0.00798361282796, -0.00497655384243, 0.015678551048, -0.0049985148944, 0.0035903446842, -0.00485554616898, 0.0113613903522, -0.0105753084645, 0.00806540437043, -0.00763590028509, 0.00953278038651, -0.00648905476555], [0.00233222404495, -0.00464952271432, -0.000182901887456, -0.0049985148944, 0.0112774204463, -0.00187178747728, 0.000326978275552, -0.00326145649888, 0.00194175180513, -0.00189960340504, 0.0036347405985, -0.00489429524168, 0.0033381220419], [0.000450099498266, 0.00726739410311, -0.00436461996287, 0.0035903446842, -0.00187178747728, 0.0170524902642, -0.00530809396878, -0.000549611751921, -0.00312085775658, 0.00432952865958, -0.00620004720986, 0.00355273787864, -0.00329379318282], [-0.00120844261255, -0.00699853384867, 0.00265910220332, -0.00485554616898, 0.000326978275552, -0.00530809396878, 0.0164373219013, -0.00715910550207, 0.00191128824372, -0.00280524161644, 0.00312171876431, -0.00113499863073, 0.00555264437571], [-0.000815696490463, 0.00789586361498, -0.00378564675339, 0.0113613903522, -0.00326145649888, -0.000549611751921, -0.00715910550207, 0.0289540719241, -0.013312571682, 0.00205480982549, -0.00181681290269, 0.00470061600208, -0.00649557961151], [0.00205162004568, -0.00790966115892, 0.00370121817105, -0.0105753084645, 0.00194175180513, -0.00312085775658, 0.00191128824372, -0.013312571682, 0.0242848061025, -0.00739734899253, 0.00173970812466, -0.00637264689431, 0.00453874142841], [-0.00293461373076, 0.00695406645536, -0.00475471559912, 0.00806540437043, -0.00189960340504, 0.00432952865958, -0.00280524161644, 0.00205480982549, -0.00739734899253, 0.0256547369063, -0.00957828387618, 0.0026889690198, 0.000441830401542], [0.00120975309983, -0.00785886961967, 0.00496745994315, -0.00763590028509, 0.0036347405985, -0.00620004720986, 0.00312171876431, -0.00181681290269, 0.00173970812466, -0.00957828387618, 0.0280519779772, -0.00926475785673, 0.00151324574836], [0.000164003766258, 0.00729764765128, -0.00520470086485, 0.00953278038651, -0.00489429524168, 0.00355273787864, -0.00113499863073, 0.00470061600208, -0.00637264689431, 0.0026889690198, -0.00926475785673, 0.026193195954, -0.00793786719441], [-4.40789335698e-05, -0.00587440747768, 0.00207813899033, -0.00648905476555, 0.0033381220419, -0.00329379318282, 0.00555264437571, -0.00649557961151, 0.00453874142841, 0.000441830401542, 0.00151324574836, -0.00793786719441, 0.0257857162505]]
    },
    "melbands": {
        "dmean": [0.00305180181749, 0.00325920735486, 0.000800850335509, 0.00043830377399, 0.000427108985605, 0.000313533731969, 0.000251099874731, 0.000113664325909, 8.09205739642e-05, 0.000166302474099, 0.000126603452372, 5.28449309058e-05, 7.04952908563e-05, 7.80603877502e-05, 5.53920726816e-05, 5.81494387006e-05, 5.25378782186e-05, 4.86653480039e-05, 4.07837360399e-05, 3.01592444885e-05, 4.75379238196e-05, 2.77420313068e-05, 1.98452653422e-05, 1.20030299513e-05, 7.65561890148e-06, 9.71997997112e-06, 1.47576611198e-05, 1.03409938674e-05, 3.98913380195e-06, 2.92445292871e-06, 2.47239040618e-06, 1.74935325958e-06, 1.2112307104e-06, 9.09124480586e-07, 8.27601127185e-07, 7.10663073278e-07, 7.9757904814e-07, 8.03549028205e-07, 6.99799556969e-07, 5.76754814574e-07],
        "dmean2": [0.0051978318952, 0.00553158950061, 0.00140595354605, 0.000733622116968, 0.000707613304257, 0.00052501691971, 0.000384307262721, 0.000179558235686, 0.000131878434331, 0.000259538355749, 0.000200951748411, 8.74232500792e-05, 0.000114258364192, 0.000131785462145, 9.15558121051e-05, 9.23369589145e-05, 8.66739574121e-05, 8.06807292975e-05, 6.71261295793e-05, 4.90975071443e-05, 7.86703021731e-05, 4.64426557301e-05, 3.33356038027e-05, 2.03381914616e-05, 1.28633146232e-05, 1.544238512e-05, 2.26109568757e-05, 1.70259663719e-05, 6.56184147374e-06, 5.03303272126e-06, 4.0371396608e-06, 2.85492478724e-06, 1.99002397494e-06, 1.49939887706e-06, 1.29777595248e-06, 1.14468332413e-06, 1.21250877783e-06, 1.174167096e-06, 1.05651611193e-06, 8.64234323217e-07],
        "dvar": [3.47676250385e-05, 3.95857423428e-05, 2.8059282613e-06, 4.93228242249e-07, 4.75677865097e-07, 2.09078649505e-07, 9.35853705641e-08, 4.1758777769e-08, 2.55446845898e-08, 5.29268469052e-08, 2.91060811008e-08, 3.23261306612e-09, 1.02650323797e-08, 1.02202211139e-08, 4.28737090274e-09, 5.33148902804e-09, 4.99825603129e-09, 4.79431783162e-09, 1.91834481633e-09, 1.30733102122e-09, 2.52572385229e-09, 1.03592112666e-09, 4.40532416102e-10, 3.49085149676e-10, 7.90417106766e-11, 2.67251970554e-10, 8.10139344498e-10, 4.54617482548e-10, 4.47738929266e-11, 1.86405127445e-11, 1.38513324074e-11, 8.82322166718e-12, 3.53060614598e-12, 5.91524919324e-12, 4.7449878228e-12, 3.05257230084e-12, 4.94602926324e-12, 6.3214242868e-12, 7.30411391092e-12, 5.53407103129e-12],
        "dvar2": [8.52158482303e-05, 0.00010076493345, 7.65083041188e-06, 1.23159884424e-06, 1.18186255804e-06, 5.47774106963e-07, 2.11870130329e-07, 1.04089735942e-07, 6.60343673076e-08, 1.31189793251e-07, 7.24965332211e-08, 8.18218381937e-09, 2.62190251732e-08, 2.73751190605e-08, 1.14042899568e-08, 1.27323778187e-08, 1.16113776372e-08, 1.25852519517e-08, 4.84160933567e-09, 2.97544389127e-09, 6.54951648471e-09, 2.70079736353e-09, 1.16654519378e-09, 9.06586583582e-10, 2.1727923627e-10, 6.19673368174e-10, 1.66624658515e-09, 9.5313656967e-10, 1.10382106233e-10, 4.82467364671e-11, 3.14284813452e-11, 2.15575769041e-11, 7.85201417774e-12, 1.52709112716e-11, 1.08045820554e-11, 6.90057603073e-12, 8.97769011909e-12, 1.16127350791e-11, 1.52919673452e-11, 1.2816262808e-11],
        "max": [0.0349171794951, 0.0409160405397, 0.0191293936223, 0.00960205774754, 0.01094659511, 0.00550286611542, 0.00379910320044, 0.00283957878128, 0.00242432882078, 0.00197435403243, 0.00176359084435, 0.000644576735795, 0.00107387814205, 0.00147354917135, 0.000691487279255, 0.000900544691831, 0.00107833964285, 0.00103287084494, 0.000668983906507, 0.000548554409761, 0.000604589469731, 0.000434865796706, 0.000208596524317, 0.000273236248177, 7.85966913099e-05, 0.00026266311761, 0.000376880489057, 0.000470742204925, 0.000142396354931, 4.87953002448e-05, 7.83980285632e-05, 7.06088903826e-05, 4.99325906276e-05, 5.42240777577e-05, 4.00504432037e-05, 3.71390669898e-05, 4.92120816489e-05, 5.10399186169e-05, 6.15661847405e-05, 4.54797918792e-05],
        "mean": [0.00331795169041, 0.00375978508964, 0.00102767499629, 0.000639649573714, 0.000706410442945, 0.00053180573741, 0.000508201366756, 0.000203994524782, 0.000137560055009, 0.000272968434729, 0.000224674498895, 9.68499443843e-05, 0.000126367551275, 0.000131273060106, 9.77653908194e-05, 0.000113345609861, 0.000100366974948, 8.0737459939e-05, 7.78008252382e-05, 6.05869245192e-05, 8.52190569276e-05, 5.33191050636e-05, 3.48272005795e-05, 2.13780294871e-05, 1.54333483806e-05, 1.9207573132e-05, 2.79309770121e-05, 1.87388268387e-05, 7.97594111646e-06, 6.17584282736e-06, 5.55920360057e-06, 4.16474540543e-06, 2.80682070297e-06, 2.05078981708e-06, 1.64749951637e-06, 1.349828608e-06, 1.64599168784e-06, 1.49780487391e-06, 1.02101103039e-06, 8.13517544884e-07],
        "median": [0.00160155247431, 0.0018577282317, 0.000577880302444, 0.000422624114435, 0.000457022804767, 0.000349962880136, 0.000287241971819, 0.000115699942398, 5.92915857851e-05, 0.000144944162457, 0.000121464545373, 8.00649140729e-05, 7.39934912417e-05, 9.97063834802e-05, 7.07484286977e-05, 8.03791190265e-05, 7.22569457139e-05, 6.22284424026e-05, 6.03240514465e-05, 4.65404591523e-05, 6.97245413903e-05, 4.3972137064e-05, 2.89306899504e-05, 1.59419723786e-05, 1.2488786524e-05, 1.27981438709e-05, 1.40329075293e-05, 9.46197997109e-06, 5.35761637366e-06, 4.64224785901e-06, 4.17311457568e-06, 3.04872241941e-06, 2.1889763957e-06, 1.42773353673e-06, 1.00376712453e-06, 8.62500314724e-07, 1.05720801002e-06, 8.72328143942e-07, 4.90020340749e-07, 3.58504394171e-07],
        "min": [1.96720538952e-05, 5.35626677447e-05, 3.19117134495e-05, 1.84313958016e-05, 9.59556564339e-06, 4.52602398582e-06, 1.7171862055e-05, 1.9962199076e-06, 1.45132366924e-06, 1.33334390284e-06, 1.54834799559e-06, 9.92232003227e-07, 2.31003900808e-06, 2.60935416918e-06, 1.59191642979e-06, 1.26579402604e-06, 1.11585541163e-06, 1.37098811592e-06, 2.3201332624e-06, 2.49810045716e-06, 3.495925057e-06, 3.37292817676e-06, 6.5287764528e-07, 6.30751856079e-07, 2.20196554324e-07, 5.78238150695e-08, 7.66956489429e-08, 3.98355872733e-08, 1.54589070434e-08, 4.84680473534e-09, 2.98894220485e-09, 3.60188301407e-09, 3.91290910784e-09, 3.01864844232e-09, 1.09363174072e-09, 4.42057189465e-11, 6.60535237618e-11, 3.17618457576e-12, 2.66585798575e-13, 2.16144932356e-13],
