{
"highlevel": {
    "danceability": {
        "all": {
            "danceable": 0.479398369789,
            "not_danceable": 0.520601630211
        },
        "probability": 0.520601630211,
        "value": "not_danceable"
    },
    "gender": {
        "all": {
            "female": 0.161505520344,
            "male": 0.838494479656
        },
        "probability": 0.838494479656,
        "value": "male"
    },
    "genre_dortmund": {
        "all": {
            "alternative": 0.108328655362,
            "blues": 0.0405695661902,
            "electronic": 0.100535742939,
            "folkcountry": 0.0348103493452,
            "funksoulrnb": 0.0159374456853,
            "jazz": 0.0904224961996,
            "pop": 0.0376568883657,
            "raphiphop": 0.0322675891221,
            "rock": 0.539471268654
        },
        "probability": 0.539471268654,
        "value": "rock"
    },
    "genre_electronic": {
        "all": {
            "ambient": 0.359194636345,
            "dnb": 0.299255520105,
            "house": 0.0954882130027,
            "techno": 0.014307083562,
            "trance": 0.231754571199
        },
        "probability": 0.359194636345,
        "value": "ambient"
    },
    "genre_rosamerica": {
        "all": {
            "cla": 0.00650477409363,
            "dan": 0.0699907615781,
            "hip": 0.0264770276845,
            "jaz": 0.00788330566138,
            "pop": 0.512953221798,
            "rhy": 0.0246389359236,
            "roc": 0.348597735167,
            "spe": 0.00295421597548
        },
        "probability": 0.512953221798,
        "value": "pop"
    },
    "genre_tzanetakis": {
        "all": {
            "blu": 0.0626541376114,
            "cla": 0.0348133966327,
            "cou": 0.0783501937985,
            "dis": 0.104547761381,
            "hip": 0.15693578124,
            "jaz": 0.313987255096,
            "met": 0.044816005975,
            "pop": 0.0627349764109,
            "reg": 0.0627352520823,
            "roc": 0.0784252434969
        },
        "probability": 0.313987255096,
        "value": "jaz"
    },
    "ismir04_rhythm": {
        "all": {
            "ChaChaCha": 0.0928952246904,
            "Jive": 0.261138647795,
            "Quickstep": 0.0545064583421,
            "Rumba-American": 0.0474853850901,
            "Rumba-International": 0.0371692031622,
            "Rumba-Misc": 0.0123309697956,
            "Samba": 0.279793024063,
            "Tango": 0.0389100536704,
            "VienneseWaltz": 0.160284519196,
            "Waltz": 0.015486523509
        },
        "probability": 0.279793024063,
        "value": "Samba"
    },
    "mood_acoustic": {
        "all": {
            "acoustic": 0.28700119257,
            "not_acoustic": 0.71299880743
        },
        "probability": 0.71299880743,
        "value": "not_acoustic"
    },
    "mood_aggressive": {
        "all": {
            "aggressive": 0.725236713886,
            "not_aggressive": 0.274763286114
        },
        "probability": 0.725236713886,
        "value": "aggressive"
    },
    "mood_electronic": {
        "all": {
            "electronic": 0.563639163971,
            "not_electronic": 0.436360836029
        },
        "probability": 0.563639163971,
        "value": "electronic"
    },
    "mood_happy": {
        "all": {
            "happy": 0.423246413469,
            "not_happy": 0.576753616333
        },
        "probability": 0.576753616333,
        "value": "not_happy"
    },
    "mood_party": {
        "all": {
            "not_party": 0.624974608421,
            "party": 0.375025361776
        },
        "probability": 0.624974608421,
        "value": "not_party"
    },
    "mood_relaxed": {
        "all": {
            "not_relaxed": 0.825745105743,
            "relaxed": 0.174254879355
        },
        "probability": 0.825745105743,
        "value": "not_relaxed"
    },
    "mood_sad": {
        "all": {
            "not_sad": 0.791587889194,
            "sad": 0.208412081003
        },
        "probability": 0.791587889194,
        "value": "not_sad"
    },
    "moods_mirex": {
        "all": {
            "Cluster1": 0.498845100403,
            "Cluster2": 0.130075991154,
            "Cluster3": 0.0993190705776,
            "Cluster4": 0.0961185842752,
            "Cluster5": 0.175641253591
        },
        "probability": 0.498845100403,
        "value": "Cluster1"
    },
    "timbre": {
        "all": {
            "bright": 0.0888064056635,
            "dark": 0.911193609238
        },
        "probability": 0.911193609238,
        "value": "dark"
    },
    "tonal_atonal": {
        "all": {
            "atonal": 0.0070536560379,
            "tonal": 0.992946326733
        },
        "probability": 0.992946326733,
        "value": "tonal"
    },
    "voice_instrumental": {
        "all": {
            "instrumental": 0.0365803167224,
            "voice": 0.963419675827
        },
        "probability": 0.963419675827,
        "value": "voice"
    }
},
"lowlevel": {
    "average_loudness": 0.960322976112,
    "barkbands_crest": {
        "dmean": 2.69857501984,
        "dmean2": 4.21681404114,
        "dvar": 7.6546831131,
        "dvar2": 13.7242641449,
        "max": 24.3932723999,
        "mean": 9.19311523438,
        "median": 8.2051858902,
        "min": 3.06197953224,
        "var": 17.0047702789
    },
    "barkbands_flatness_db": {
        "dmean": 0.0229973345995,
        "dmean2": 0.0341230109334,
        "dvar": 0.000498927023727,
        "dvar2": 0.000970284454525,
        "max": 0.319294989109,
        "mean": 0.140514299273,
        "median": 0.1342523247,
        "min": 0.0544332824647,
        "var": 0.00162285426632
    },
    "barkbands_kurtosis": {
        "dmean": 3.1131966114,
        "dmean2": 4.76651000977,
        "dvar": 43.7686767578,
        "dvar2": 95.5956039429,
        "max": 93.1158828735,
        "mean": 3.57866549492,
        "median": 1.37105751038,
        "min": -1.54787945747,
        "var": 58.0643386841
    },
    "barkbands_skewness": {
        "dmean": 0.567266225815,
        "dmean2": 0.813783884048,
        "dvar": 0.461550116539,
        "dvar2": 0.85888248682,
        "max": 8.24682044983,
        "mean": 1.37609052658,
        "median": 1.18760347366,
        "min": -1.18107223511,
        "var": 1.47086250782
    },
    "barkbands_spread": {
        "dmean": 4.70152807236,
        "dmean2": 7.13288879395,
        "dvar": 22.3808460236,
        "dvar2": 43.8066940308,
        "max": 67.8979568481,
        "mean": 20.3867797852,
        "median": 18.8018283844,
        "min": 1.50410425663,
        "var": 103.426010132
    },
    "dissonance": {
        "dmean": 0.0177180618048,
        "dmean2": 0.0300349369645,
        "dvar": 0.000275508966297,
        "dvar2": 0.00076613703277,
        "max": 0.499999940395,
        "mean": 0.465813845396,
        "median": 0.470437437296,
        "min": 0.351946413517,
        "var": 0.000487319222884
    },
    "dynamic_complexity": 2.01157450676,
    "erbbands_crest": {
        "dmean": 2.29771995544,
        "dmean2": 3.67346096039,
        "dvar": 4.33631944656,
        "dvar2": 9.79470825195,
        "max": 26.9288311005,
        "mean": 8.78778839111,
        "median": 7.57124662399,
        "min": 2.56997585297,
        "var": 19.6697750092
    },
    "erbbands_flatness_db": {
        "dmean": 0.0159565340728,
        "dmean2": 0.0217227190733,
        "dvar": 0.000191344792256,
        "dvar2": 0.00035533006303,
        "max": 0.304272979498,
        "mean": 0.159879490733,
        "median": 0.153143584728,
        "min": 0.0769508183002,
        "var": 0.00162564241327
    },
    "erbbands_kurtosis": {
        "dmean": 0.704241812229,
        "dmean2": 1.10580277443,
        "dvar": 0.755969107151,
        "dvar2": 1.87827289104,
        "max": 11.6536102295,
        "mean": 0.602347195148,
        "median": 0.0165708065033,
        "min": -1.52455830574,
        "var": 3.51813817024
    },
    "erbbands_skewness": {
        "dmean": 0.280266225338,
        "dmean2": 0.429691433907,
        "dvar": 0.0590622201562,
        "dvar2": 0.134198695421,
        "max": 2.88483428955,
        "mean": 0.287615209818,
        "median": 0.228610739112,
        "min": -1.72994363308,
        "var": 0.317576110363
    },
    "erbbands_spread": {
        "dmean": 7.05258560181,
        "dmean2": 10.3072395325,
        "dvar": 54.6944465637,
        "dvar2": 110.078636169,
        "max": 110.12146759,
        "mean": 35.2555274963,
        "median": 33.67760849,
        "min": 5.36696386337,
        "var": 299.990203857
    },
    "hfc": {
        "dmean": 5.5828204155,
        "dmean2": 8.32982540131,
        "dvar": 37.5811767578,
        "dvar2": 79.4431304932,
        "max": 88.743347168,
        "mean": 26.2584323883,
        "median": 24.0510578156,
        "min": 2.39941763878,
        "var": 207.863952637
    },
    "melbands_crest": {
        "dmean": 3.67583751678,
        "dmean2": 5.56723880768,
        "dvar": 12.5906362534,
        "dvar2": 23.9697113037,
        "max": 32.387336731,
        "mean": 13.2263994217,
        "median": 12.0001058578,
        "min": 4.29002666473,
        "var": 29.0816268921
    },
    "melbands_flatness_db": {
        "dmean": 0.0283257570118,
        "dmean2": 0.0401952750981,
        "dvar": 0.000853501900565,
        "dvar2": 0.00156620133203,
        "max": 0.427079737186,
        "mean": 0.189327090979,
        "median": 0.179561898112,
        "min": 0.0581395700574,
        "var": 0.00327114062384
    },
    "melbands_kurtosis": {
        "dmean": 7.63169145584,
        "dmean2": 11.4736852646,
        "dvar": 261.817810059,
        "dvar2": 582.869262695,
        "max": 233.984832764,
        "mean": 11.277592659,
        "median": 5.61926269531,
        "min": -1.52922403812,
        "var": 361.075378418
    },
    "melbands_skewness": {
        "dmean": 0.800536096096,
        "dmean2": 1.12928378582,
        "dvar": 0.935027956963,
        "dvar2": 1.78097820282,
        "max": 12.899597168,
        "mean": 2.3288795948,
        "median": 2.12911486626,
        "min": -0.888361036777,
        "var": 3.09249806404
    },
    "melbands_spread": {
        "dmean": 5.7764673233,
        "dmean2": 8.87757015228,
        "dvar": 31.9723472595,
        "dvar2": 64.8165283203,
        "max": 73.3489151001,
        "mean": 22.4823188782,
        "median": 21.4753322601,
        "min": 1.11138319969,
        "var": 140.601150513
    },
    "pitch_salience": {
        "dmean": 0.075201317668,
        "dmean2": 0.114617675543,
        "dvar": 0.00493721337989,
        "dvar2": 0.0101978592575,
        "max": 0.815131247044,
        "mean": 0.556915342808,
        "median": 0.566703021526,
        "min": 0.129905283451,
        "var": 0.0111700082198
    },
    "silence_rate_20dB": {
        "dmean": 0,
        "dmean2": 0,
        "dvar": 0,
        "dvar2": 0,
        "max": 1,
        "mean": 1,
        "median": 1,
        "min": 1,
        "var": 0
    },
    "silence_rate_30dB": {
        "dmean": 0.0696594417095,
        "dmean2": 0.139426797628,
        "dvar": 0.0648068115115,
        "dvar2": 0.124634310603,
        "max": 1,
        "mean": 0.921887099743,
        "median": 1,
        "min": 0,
        "var": 0.0720125436783
    },
    "silence_rate_60dB": {
        "dmean": 0.00154798757285,
        "dmean2": 0.00309837330133,
        "dvar": 0.00154558976647,
        "dvar2": 0.00308876554482,
        "max": 1,
        "mean": 0.00154679035768,
        "median": 0,
        "min": 0,
        "var": 0.00154439685866
    },
    "spectral_centroid": {
        "dmean": 202.523117065,
        "dmean2": 321.329742432,
        "dvar": 36823.6601562,
        "dvar2": 85081.7578125,
        "max": 2916.94897461,
        "mean": 1234.76940918,
        "median": 1183.22363281,
        "min": 337.884460449,
        "var": 194610.359375
    },
    "spectral_complexity": {
        "dmean": 3.4682662487,
        "dmean2": 5.64368724823,
        "dvar": 9.22278404236,
        "dvar2": 21.8234977722,
        "max": 51,
        "mean": 23.8561477661,
        "median": 23,
        "min": 8,
        "var": 51.434841156
    },
    "spectral_decrease": {
        "dmean": 4.26366097983e-09,
        "dmean2": 6.07333516811e-09,
        "dvar": 4.0323314474e-17,
        "dvar2": 6.47499050231e-17,
        "max": -6.87142287514e-10,
        "mean": -1.14019265141e-08,
        "median": -9.23247522877e-09,
        "min": -5.24664720558e-08,
        "var": 8.72308542749e-17
    },
    "spectral_energy": {
        "dmean": 0.0163564607501,
        "dmean2": 0.0232752151787,
        "dvar": 0.000577297527343,
        "dvar2": 0.000926430162508,
        "max": 0.199724674225,
        "mean": 0.0454151816666,
        "median": 0.0374265052378,
        "min": 0.00281106866896,
        "var": 0.00127517967485
    },
    "spectral_energyband_high": {
        "dmean": 0.000322725303704,
        "dmean2": 0.000451695494121,
        "dvar": 2.68204644271e-07,
        "dvar2": 5.50133506749e-07,
        "max": 0.0071612233296,
        "mean": 0.000847174960654,
        "median": 0.000556056736968,
        "min": 1.58152979566e-05,
        "var": 7.94309869434e-07
    },
    "spectral_energyband_low": {
        "dmean": 0.013209477067,
        "dmean2": 0.0186783894897,
        "dvar": 0.000616205739789,
        "dvar2": 0.000980697688647,
        "max": 0.189883872867,
        "mean": 0.0205062441528,
        "median": 0.009980189614,
        "min": 3.96249597543e-05,
        "var": 0.00108358135913
    },
    "spectral_energyband_middle_high": {
        "dmean": 0.00256737438031,
        "dmean2": 0.00397774297744,
        "dvar": 1.01811438071e-05,
        "dvar2": 2.22892667807e-05,
        "max": 0.0747382566333,
        "mean": 0.00932510010898,
        "median": 0.0069332132116,
        "min": 0.000471492414363,
        "var": 6.63951941533e-05
    },
    "spectral_energyband_middle_low": {
        "dmean": 0.00733513804153,
        "dmean2": 0.0120411366224,
        "dvar": 0.000107260901132,
        "dvar2": 0.000286279333523,
        "max": 0.129527032375,
        "mean": 0.0174078922719,
        "median": 0.0148063804954,
        "min": 0.000702455756254,
        "var": 0.000187898767763
    },
    "spectral_entropy": {
        "dmean": 0.144914165139,
        "dmean2": 0.217507407069,
        "dvar": 0.0202105697244,
        "dvar2": 0.0453822650015,
        "max": 8.35897445679,
        "mean": 7.59556770325,
        "median": 7.60361289978,
        "min": 6.46118450165,
        "var": 0.0849276781082
    },
    "spectral_flux": {
        "dmean": 0.0383195951581,
        "dmean2": 0.0630995258689,
        "dvar": 0.00254233810119,
        "dvar2": 0.00666068354622,
        "max": 0.399099051952,
        "mean": 0.113173082471,
        "median": 0.0990409776568,
        "min": 0.0177251286805,
        "var": 0.00429260125384
    },
    "spectral_kurtosis": {
        "dmean": 1.38122582436,
        "dmean2": 2.27642917633,
        "dvar": 1.73554956913,
        "dvar2": 4.47682714462,
        "max": 15.0505237579,
        "mean": 3.89086699486,
        "median": 3.48461961746,
        "min": -0.622944355011,
        "var": 5.08109807968
    },
    "spectral_rms": {
        "dmean": 0.00106063124258,
        "dmean2": 0.00149961782154,
        "dvar": 1.67554571817e-06,
        "dvar2": 2.52138488577e-06,
        "max": 0.0139589877799,
        "mean": 0.00622127391398,
        "median": 0.00604265369475,
        "min": 0.0016560513759,
        "var": 5.60329499422e-06
    },
    "spectral_rolloff": {
        "dmean": 373.997161865,
        "dmean2": 601.829223633,
        "dvar": 268977.84375,
        "dvar2": 594705.875,
        "max": 8376.41601562,
        "mean": 1268.84326172,
        "median": 1205.859375,
        "min": 64.599609375,
        "var": 768822.375
    },
    "spectral_skewness": {
        "dmean": 0.196499735117,
        "dmean2": 0.309053063393,
        "dvar": 0.0279897749424,
        "dvar2": 0.0650751963258,
        "max": 2.7685406208,
        "mean": 1.48044407368,
        "median": 1.45316004753,
        "min": 0.427758455276,
        "var": 0.140370890498
    },
    "spectral_spread": {
        "dmean": 485996.9375,
        "dmean2": 667675.8125,
        "dvar": 286590631936,
        "dvar2": 504432754688,
        "max": 9873814,
        "mean": 4165803.5,
        "median": 3980859.25,
        "min": 2144006.75,
        "var": 1.17751794893e+12
    },
    "spectral_strongpeak": {
        "dmean": 0.662968397141,
        "dmean2": 1.12424957752,
        "dvar": 1.04546415806,
        "dvar2": 2.49155378342,
        "max": 10.1829614639,
        "mean": 1.30786442757,
        "median": 0.6337864995,
        "min": 0.0536750368774,
        "var": 2.55448698997
    },
    "zerocrossingrate": {
        "dmean": 0.00870818644762,
        "dmean2": 0.0100016342476,
        "dvar": 7.32294938643e-05,
        "dvar2": 8.8548687927e-05,
        "max": 0.18408203125,
        "mean": 0.0541754290462,
        "median": 0.05224609375,
        "min": 0.0078125,
        "var": 0.000524245668203
    },
    "barkbands": {
        "dmean": [0.000624421634711, 0.0100855296478, 0.00463056284934, 0.00410120980814, 0.00289187836461, 0.00141666911077, 0.000983827747405, 0.00095586956013, 0.000767400837503, 0.00119756162167, 0.000589075963944, 0.000578053703066, 0.000937730830628, 0.0005115858512, 0.000543930393178, 0.000324247637764, 0.000196463617613, 0.000134260088089, 0.000115929062304, 6.6361768404e-05, 0.000113593421702, 6.9606488978e-05, 9.5305062132e-05, 5.69599324081e-05, 3.89843407902e-05, 1.42105736813e-05, 7.34181515583e-09],
        "dmean2": [0.000986624509096, 0.0149322161451, 0.0079211993143, 0.00704758754, 0.00506462762132, 0.00220525613986, 0.00152864924166, 0.00144623627421, 0.00119765149429, 0.00184717890806, 0.000944033788983, 0.000891475880053, 0.00156601541676, 0.000830200442579, 0.000890864990652, 0.000527140044142, 0.000325235363562, 0.000220453497604, 0.000191245926544, 0.000106445746496, 0.000180659699254, 0.000105981584056, 0.000140715797897, 7.84710573498e-05, 5.66941234865e-05, 2.16981243284e-05, 1.2561558016e-08],
        "dvar": [3.10193604491e-06, 0.000622533319984, 8.07039104984e-05, 5.26186122443e-05, 2.5079374609e-05, 4.70911891171e-06, 2.38023244492e-06, 3.91368757846e-06, 1.9619349132e-06, 5.34991204404e-06, 1.32993272928e-06, 7.90059687006e-07, 2.84325074063e-06, 7.96359529431e-07, 7.60983823511e-07, 4.57728560832e-07, 8.98108609704e-08, 5.40219531331e-08, 2.41232971376e-08, 7.48018713637e-09, 1.57811808066e-08, 1.38592897159e-08, 4.56763658008e-08, 1.62095279421e-08, 6.34016483758e-09, 8.05715438812e-10, 2.47694604865e-15],
        "dvar2": [6.643893812e-06, 0.00117229728494, 0.000229382814723, 0.000135429450893, 7.30631581973e-05, 1.08048361653e-05, 5.18706838193e-06, 7.883665603e-06, 4.23236133429e-06, 1.18526440929e-05, 2.68015719485e-06, 1.66394772805e-06, 7.9310275396e-06, 1.93232222045e-06, 1.95468373931e-06, 1.06495951968e-06, 2.38237277017e-07, 1.34777991434e-07, 6.12638331177e-08, 1.83812947085e-08, 3.86928995511e-08, 3.23716520256e-08, 1.07350423662e-07, 2.81165721816e-08, 1.22847580997e-08, 1.74773351347e-09, 3.65815064601e-15],
        "max": [0.016568608582, 0.180442154408, 0.0736084133387, 0.0594418086112, 0.0619653575122, 0.0251136254519, 0.0212507471442, 0.0437572076917, 0.0191273093224, 0.0587412938476, 0.0222876556218, 0.0149765312672, 0.022006880492, 0.0144019741565, 0.0138207413256, 0.0161108374596, 0.00715732108802, 0.00418827636167, 0.00234220945276, 0.00128621223848, 0.00137592980172, 0.00201986846514, 0.00233560660854, 0.00211283727549, 0.00117577321362, 0.000309114897391, 1.54215183557e-06],
        "mean": [0.000678442767821, 0.0122095262632, 0.00536531442776, 0.0047114319168, 0.00416312273592, 0.00271179666743, 0.00172394339461, 0.00178888684604, 0.00148595694918, 0.00244234642014, 0.00101727212314, 0.00108614307828, 0.00175652408507, 0.0009169895784, 0.000862648768816, 0.000649117864668, 0.000402976409532, 0.000271617202088, 0.000254356011283, 0.000148574385094, 0.000271772645647, 0.000153883927851, 0.00016795344709, 9.89484033198e-05, 5.86306196055e-05, 1.70548009919e-05, 5.48121459332e-09],
        "median": [0.000158059207024, 0.00288950745016, 0.00311227422208, 0.00224775145762, 0.00267807208002, 0.00131960550789, 0.000826553616207, 0.000657384516671, 0.000658816716168, 0.00082862545969, 0.000380477053113, 0.000481803523144, 0.000811174046248, 0.00044849186088, 0.000428521598224, 0.000259335094597, 0.000268781674094, 0.000171335239429, 0.000180897681275, 0.000110669847345, 0.00021954064141, 9.23296029214e-05, 6.96051865816e-05, 3.08027665596e-05, 1.8525561245e-05, 4.55187637272e-06, 7.04030500565e-10],
        "min": [2.68683173488e-08, 2.54573092207e-06, 9.81729613159e-07, 2.27080249715e-07, 1.44829245983e-05, 3.31878327415e-05, 1.21728744489e-05, 2.9453112802e-06, 8.15931525722e-06, 1.03090069388e-05, 6.6760030677e-06, 1.74817450898e-05, 1.48063263623e-05, 1.55898469529e-05, 1.88681842701e-05, 8.50977721711e-06, 1.63713739312e-05, 8.41311612021e-06, 9.07709181774e-06, 2.07408129427e-06, 8.25210281619e-06, 9.3870312412e-07, 1.06671173228e-07, 3.25517532929e-07, 2.30155350778e-07, 1.53760858213e-11, 9.32487333877e-12],
        "var": [3.24549523611e-06, 0.000806502648629, 6.05942695984e-05, 5.49239703105e-05, 2.60956439888e-05, 1.38438099384e-05, 5.79631159781e-06, 1.47076934809e-05, 5.86841042605e-06, 2.3251030143e-05, 4.41469137513e-06, 2.44129341809e-06, 6.16244915363e-06, 1.94151880351e-06, 1.5571787344e-06, 2.37338804254e-06, 2.13234216062e-07, 1.17071444095e-07, 5.823636684e-08, 1.85403212782e-08, 4.17433554389e-08, 3.60208929351e-08, 7.98138444225e-08, 4.88002349641e-08, 1.43412721698e-08, 1.1448759718e-09, 2.23243516534e-15]
    },
    "erbbands": {
        "dmean": [0.432553321123, 1.79871225357, 4.57491779327, 9.92866325378, 12.8271617889, 8.49317836761, 6.68460512161, 14.4733257294, 15.4109678268, 12.8817071915, 20.8658561707, 20.2078590393, 25.0377902985, 33.2777290344, 24.8302593231, 25.6698169708, 43.2802085876, 27.6424541473, 28.7642307281, 19.6268463135, 13.015455246, 9.20148277283, 8.35711669922, 4.22690296173, 6.63601255417, 3.10641694069, 4.58148288727, 4.04233121872, 2.41504716873, 2.07803845406, 3.22637343407, 1.38074064255, 0.966943979263, 0.551346361637, 0.240877658129, 0.0993507802486, 0.0187979061157, 0.00132238632068, 3.01786076307e-05, 1.85012140719e-05],
        "dmean2": [0.663033008575, 2.654535532, 7.69827604294, 17.3059062958, 22.2732887268, 14.5818243027, 11.3500041962, 22.2997112274, 24.1125087738, 19.6879310608, 31.4335002899, 31.3729667664, 39.2934761047, 50.513999939, 39.9389381409, 40.2806396484, 72.2482299805, 44.1473503113, 46.4515571594, 31.4237957001, 20.795003891, 15.249420166, 13.6028518677, 6.93713521957, 10.9143638611, 4.95888328552, 7.35391664505, 6.32972049713, 3.68082332611, 3.20358681679, 4.81443595886, 1.96480405331, 1.38821232319, 0.813267111778, 0.365519881248, 0.149550959468, 0.0298513676971, 0.00217644800432, 4.58756039734e-05, 2.59301996266e-05],
        "dvar": [1.39500522614, 16.4764633179, 70.6051101685, 317.668212891, 488.894683838, 225.454910278, 147.117446899, 577.319946289, 607.273681641, 531.599609375, 2324.70751953, 1469.27331543, 3223.51147461, 4766.12792969, 2156.62719727, 1321.9173584, 6859.48974609, 1905.52819824, 1922.64746094, 1811.29858398, 545.211120605, 202.730834961, 227.860809326, 38.4286689758, 79.9766616821, 15.809627533, 24.2746658325, 29.455078125, 14.7798318863, 17.0531902313, 58.8719329834, 9.4895401001, 5.13148736954, 1.45208382607, 0.253559648991, 0.0412890538573, 0.00146720081102, 8.49403386383e-06, 3.09537662169e-09, 6.68696542583e-10],
        "dvar2": [2.87473201752, 29.8575687408, 195.653381348, 856.277709961, 1340.06994629, 642.047485352, 351.773681641, 1334.3972168, 1364.2467041, 1086.59667969, 4686.77636719, 3161.57128906, 7180.16357422, 10516.6445312, 5149.55126953, 2988.91967773, 19678.2832031, 4225.16308594, 4579.86425781, 4727.03466797, 1247.74108887, 538.763671875, 571.022888184, 103.789070129, 199.872085571, 38.3470573425, 59.0026512146, 71.2254333496, 35.0915222168, 39.8904724121, 140.779968262, 16.9804382324, 9.78286457062, 2.9668943882, 0.531836032867, 0.0912843942642, 0.00321720913053, 1.9055312805e-05, 6.49528830721e-09, 1.07137210215e-09],
        "max": [8.34385681152, 31.4014072418, 65.37525177, 124.85635376, 238.443893433, 213.107971191, 201.239257812, 276.926269531, 302.124542236, 348.978393555, 1202.515625, 582.061523438, 1422.55529785, 2098.27026367, 1238.89624023, 558.903442383, 1130.97497559, 833.886474609, 675.121765137, 964.059143066, 509.068969727, 320.327636719, 292.885498047, 119.187133789, 153.394485474, 52.4577484131, 55.5896492004, 60.2489891052, 61.5681228638, 64.0827941895, 84.0298919678, 55.3050422668, 37.1771583557, 20.1893348694, 7.80694961548, 2.83641910553, 0.485039293766, 0.0392196327448, 0.00071478652535, 0.000226461997954],
        "mean": [0.455481022596, 2.36033892632, 5.72368431091, 11.8013343811, 16.6019020081, 12.7901983261, 11.033203125, 26.6805877686, 29.3972434998, 25.3285770416, 39.6270675659, 41.0905647278, 56.708278656, 65.070526123, 47.5061569214, 53.9818611145, 85.0412521362, 57.1941299438, 48.8186569214, 37.9437332153, 30.3083000183, 20.6929206848, 17.7336502075, 10.1173200607, 13.7466259003, 7.47131633759, 10.6735906601, 9.25770950317, 5.43556594849, 4.37005901337, 5.32748413086, 2.52307868004, 1.53520023823, 0.791977524757, 0.349870115519, 0.12806211412, 0.0202060379088, 0.00129413127434, 5.59112013434e-05, 5.55190417799e-05],
        "median": [0.0688133239746, 0.722783267498, 3.48126149178, 6.56372022629, 8.82646846771, 7.77578210831, 7.11705207825, 10.906952858, 14.1127872467, 11.1277837753, 16.4788761139, 18.8816604614, 17.9371128082, 28.2068042755, 20.5244064331, 27.2437763214, 40.6230621338, 32.9312324524, 29.8019371033, 16.1351947784, 15.2826395035, 13.9330644608, 11.3833618164, 7.14528989792, 9.93739700317, 5.72529649734, 8.72580718994, 6.54040145874, 3.33508324623, 2.24979138374, 1.95515990257, 0.905858695507, 0.42297077179, 0.236568450928, 0.115572243929, 0.034352876246, 0.00562756881118, 0.00028745669988, 3.20088111039e-05, 4.71038292744e-05],
        "min": [0.000106072358903, 0.000705747283064, 0.00920005422086, 0.00343082821928, 0.0256151724607, 0.0539936572313, 0.0607192628086, 0.180898085237, 0.375806987286, 0.176405131817, 0.307047456503, 0.403965681791, 0.749295175076, 0.313137084246, 0.838487327099, 1.01977145672, 0.970155179501, 0.852264165878, 1.38208150864, 1.16281020641, 0.6716132164, 0.978204786777, 0.744522690773, 0.448971241713, 0.523009717464, 0.223684027791, 0.372979551554, 0.223673641682, 0.0523143820465, 0.0210203211755, 0.00391061976552, 0.00325008411892, 0.00788870919496, 0.00359948095866, 0.00221927161328, 0.000134202913614, 2.22015678446e-05, 2.7986063742e-06, 3.29083854922e-06, 3.8537978071e-06],
        "var": [1.56297469139, 23.1997432709, 59.5158348083, 285.136444092, 525.99597168, 259.215332031, 219.979293823, 1639.22021484, 1637.53466797, 1879.23583984, 8737.85546875, 4168.48291016, 17937.2402344, 16184.6142578, 6988.25732422, 4604.31445312, 14365.3212891, 5615.75732422, 3664.0769043, 5136.41748047, 2848.90185547, 525.045410156, 506.04675293, 106.684005737, 176.24609375, 41.3409538269, 61.7216262817, 71.1836624146, 39.8951187134, 40.1442756653, 93.0653152466, 25.7233181, 12.9487295151, 3.18141031265, 0.499235421419, 0.0631016939878, 0.00181228283327, 9.54922506935e-06, 4.58024596028e-09, 1.58892465851e-09]
    },
    "gfcc": {
        "mean": [32.5863647461, 106.748039246, -130.510025024, 37.4561080933, -60.2504882812, 25.8210887909, -35.3643302917, 4.7681927681, -23.4929389954, 4.71478796005, -14.5626068115, -3.99452137947, -8.03777217865],
        "cov": [[1422.2286377, -180.773956299, 276.331848145, 98.5361633301, -118.115539551, 172.451705933, -103.624313354, -3.97615289688, -49.0313186646, -102.560638428, -126.475646973, -47.1712226868, -150.163452148], [-180.773956299, 691.841064453, 80.4462127686, 69.9078063965, 133.391464233, -60.8422698975, 146.099090576, -56.2254142761, 115.669784546, -55.7463951111, 64.8637466431, -123.546897888, 59.2557144165], [276.331848145, 80.4462127686, 600.39074707, 196.229095459, 25.0988273621, 50.1730461121, -72.9229660034, 29.2179527283, -16.6037101746, -8.39903736115, -47.3533668518, -43.1530227661, -49.7897377014], [98.5361633301, 69.9078063965, 196.229095459, 358.998535156, 39.2839393616, 2.0241985321, -52.7009124756, -36.707950592, 54.8251724243, -51.6029281616, 6.30396652222, -30.3766078949, 6.79460668564], [-118.115539551, 133.391464233, 25.0988273621, 39.2839393616, 184.403900146, 10.1684999466, 54.3439865112, 12.0094633102, 39.3149490356, 19.6251392365, 19.5346927643, 4.95558929443, 33.5498771667], [172.451705933, -60.8422698975, 50.1730461121, 2.0241985321, 10.1684999466, 167.010925293, 53.5630683899, 23.1647777557, -4.16773366928, -23.0335769653, 1.4173732996, -2.84612464905, -5.81420373917], [-103.624313354, 146.099090576, -72.9229660034, -52.7009124756, 54.3439865112, 53.5630683899, 201.7993927, 24.4263038635, 36.2544364929, -3.17091727257, 27.1311855316, -2.40196990967, 14.2625789642], [-3.97615289688, -56.2254142761, 29.2179527283, -36.707950592, 12.0094633102, 23.1647777557, 24.4263038635, 88.9866333008, 18.6214942932, 29.097568512, -0.650178968906, 14.0071763992, -0.838146030903], [-49.0313186646, 115.669784546, -16.6037101746, 54.8251724243, 39.3149490356, -4.16773366928, 36.2544364929, 18.6214942932, 120.739768982, 28.8764839172, 42.8276824951, -12.939827919, 26.1011352539], [-102.560638428, -55.7463951111, -8.39903736115, -51.6029281616, 19.6251392365, -23.0335769653, -3.17091727257, 29.097568512, 28.8764839172, 120.020088196, 36.2998809814, 30.2390346527, 2.48077225685], [-126.475646973, 64.8637466431, -47.3533668518, 6.30396652222, 19.5346927643, 1.4173732996, 27.1311855316, -0.650178968906, 42.8276824951, 36.2998809814, 98.7404632568, 23.2211551666, 31.3129405975], [-47.1712226868, -123.546897888, -43.1530227661, -30.3766078949, 4.95558929443, -2.84612464905, -2.40196990967, 14.0071763992, -12.939827919, 30.2390346527, 23.2211551666, 97.7233581543, 9.17572784424], [-150.163452148, 59.2557144165, -49.7897377014, 6.79460668564, 33.5498771667, -5.81420373917, 14.2625789642, -0.838146030903, 26.1011352539, 2.48077225685, 31.3129405975, 9.17572784424, 79.1009292603]],
        "icov": [[0.00130683882162, -0.000327874411596, -9.7483585705e-05, -8.26184623293e-05, 0.000539289903827, -0.00170123251155, 0.000977405463345, 6.70475419611e-05, -0.000669060915243, 0.000442324264441, 0.00114142394159, -0.000596306868829, 0.00196714675985], [-0.000327874411596, 0.0078807240352, -0.00338318920694, 0.00298541528173, -0.00376980402507, 0.00619089184329, -0.0054962458089, 0.00552288955078, -0.00502791488543, 0.00588113302365, -0.0061589688994, 0.00792598444968, -0.00281515088864], [-9.7483585705e-05, -0.00338318920694, 0.00424310611561, -0.00307652237825, 0.00103529926855, -0.00320719787851, 0.00291521148756, -0.00408743321896, 0.00363683095202, -0.00366751966067, 0.0029821684584, -0.00217786245048, 0.00202768598683], [-8.26184623293e-05, 0.00298541528173, -0.00307652237825, 0.00641699833795, -0.00234918249771, 0.00235892436467, -0.000564212969039, 0.00442925281823, -0.00561707513407, 0.00533220823854, -0.00312288128771, 0.00234360992908, -0.000911918003112], [0.000539289903827, -0.00376980402507, 0.00103529926855, -0.00234918249771, 0.00899985991418, -0.00332422764041, 0.000650052097626, -0.00241127517074, 0.00145502877422, -0.00421938719228, 0.00414542062208, -0.00436453381553, -0.000985568040051], [-0.00170123251155, 0.00619089184329, -0.00320719787851, 0.00235892436467, -0.00332422764041, 0.0139401489869, -0.00719785504043, 0.00211386964656, -0.00215716892853, 0.00584222236648, -0.00699198432267, 0.00633959146217, -0.00377279543318], [0.000977405463345, -0.0054962458089, 0.00291521148756, -0.000564212969039, 0.000650052097626, -0.00719785504043, 0.0116856247187, -0.00480546755716, 0.000983588397503, -0.00177501665894, 0.00319788372144, -0.00508261332288, 0.00394829921424], [6.70475419611e-05, 0.00552288955078, -0.00408743321896, 0.00442925281823, -0.00241127517074, 0.00211386964656, -0.00480546755716, 0.0196103043854, -0.0078463787213, 0.00174157309812, -0.0011155907996, 0.00272118183784, -0.00205049756914], [-0.000669060915243, -0.00502791488543, 0.00363683095202, -0.00561707513407, 0.00145502877422, -0.00215716892853, 0.000983588397503, -0.0078463787213, 0.0185669139028, -0.00788482278585, -0.000612477364484, -0.000638501369394, -0.00133091001771], [0.000442324264441, 0.00588113302365, -0.00366751966067, 0.00533220823854, -0.00421938719228, 0.00584222236648, -0.00177501665894, 0.00174157309812, -0.00788482278585, 0.0185739733279, -0.00866452232003, 0.00291954423301, 0.0013355932897], [0.00114142394159, -0.0061589688994, 0.0029821684584, -0.00312288128771, 0.00414542062208, -0.00699198432267, 0.00319788372144, -0.0011155907996, -0.000612477364484, -0.00866452232003, 0.0216421447694, -0.00952061731368, -0.000923647778109], [-0.000596306868829, 0.00792598444968, -0.00217786245048, 0.00234360992908, -0.00436453381553, 0.00633959146217, -0.00508261332288, 0.00272118183784, -0.000638501369394, 0.00291954423301, -0.00952061731368, 0.0212693791837, -0.00395851163194], [0.00196714675985, -0.00281515088864, 0.00202768598683, -0.000911918003112, -0.000985568040051, -0.00377279543318, 0.00394829921424, -0.00205049756914, -0.00133091001771, 0.0013355932897, -0.000923647778109, -0.00395851163194, 0.0204691532999]]
    },
    "melbands": {
        "dmean": [0.00324409897439, 0.00205305544659, 0.00178537261672, 0.0007523324457, 0.000239128479734, 0.000304897606838, 0.000226517076953, 0.000145807862282, 0.00016595175839, 0.000129976397147, 0.000129122650833, 0.000145649712067, 8.07781252661e-05, 6.96412243997e-05, 7.82647184678e-05, 8.98814105312e-05, 5.47205345356e-05, 4.7351786634e-05, 2.90049192699e-05, 3.05092453345e-05, 1.40342626764e-05, 1.05073713712e-05, 1.05263115984e-05, 5.93144704908e-06, 3.53218570126e-06, 6.11004543316e-06, 2.85056876237e-06, 2.21436380343e-06, 2.5606473173e-06, 3.74697992811e-06, 2.53324901678e-06, 1.51843835283e-06, 1.35810478241e-06, 1.20680340387e-06, 2.03366175811e-06, 1.40733288845e-06, 7.64333265124e-07, 7.42802853892e-07, 6.11197719991e-07, 4.55186210502e-07],
        "dmean2": [0.00487765995786, 0.00317363580689, 0.00307671097107, 0.00130617909599, 0.000406172504881, 0.000472070823889, 0.000352810166078, 0.000221791560762, 0.000253797334153, 0.000199615140446, 0.000201925053261, 0.000221647205763, 0.000129239415401, 0.000108799555164, 0.000130244676257, 0.000147901082528, 8.85264817043e-05, 7.72145504015e-05, 4.74265871162e-05, 4.91113751195e-05, 2.24957057071e-05, 1.72402924363e-05, 1.72456075234e-05, 9.8634236565e-06, 5.89244427829e-06, 1.02331941889e-05, 4.72189549328e-06, 3.63454114449e-06, 4.1567009248e-06, 6.03232911089e-06, 3.95975030187e-06, 2.32555771618e-06, 2.17485853682e-06, 1.8947063154e-06, 3.11145527121e-06, 2.05595074476e-06, 1.09959830752e-06, 1.08380879738e-06, 9.29525583615e-07, 6.85813631662e-07],
        "dvar": [7.23109187675e-05, 1.2492400856e-05, 9.61304067459e-06, 1.68779649812e-06, 1.65486383708e-07, 2.38832683408e-07, 1.21389490459e-07, 6.89599986003e-08, 1.38268504202e-07, 5.86498281052e-08, 8.20895564857e-08, 9.55369756639e-08, 2.24938290216e-08, 1.28353478956e-08, 1.73635132938e-08, 2.39752608877e-08, 8.58449045182e-09, 5.78561820674e-09, 3.17153370233e-09, 4.35095381945e-09, 4.77746786576e-10, 2.67625810402e-10, 2.38329272984e-10, 1.14171845589e-10, 3.16874339268e-11, 6.77896072609e-11, 1.7988548151e-11, 7.7117054062e-12, 9.34123438323e-12, 1.61953471467e-11, 1.37156839705e-11, 5.18562970342e-12, 7.80966003672e-12, 5.7697900277e-12, 2.38816137005e-11, 9.66587747342e-12, 3.47652592478e-12, 3.0048639358e-12, 2.1794105149e-12, 1.00528992682e-12],
        "dvar2": [0.000142580494867, 2.91101750918e-05, 2.53878297372e-05, 4.84183510707e-06, 4.19068726387e-07, 5.41049132607e-07, 2.69323919611e-07, 1.44258066825e-07, 2.8441237987e-07, 1.2639804936e-07, 1.81767973118e-07, 2.10296434489e-07, 4.89822973293e-08, 2.9764082754e-08, 4.99463652659e-08, 6.11484622937e-08, 2.00297876063e-08, 1.37793492172e-08, 8.56009663153e-09, 1.03589341549e-08, 1.1599827765e-09, 7.22340132153e-10, 6.13503692293e-10, 2.88599893983e-10, 8.82518294554e-11, 1.73816086524e-10, 4.41823556907e-11, 1.91809710476e-11, 2.30293978332e-11, 4.10725307931e-11, 3.40538049148e-11, 1.22362380645e-11, 2.06373043654e-11, 1.41236137369e-11, 5.87982024181e-11, 2.13109148384e-11, 6.1536101735e-12, 5.61070894606e-12, 4.8791452649e-12, 2.13207012809e-12],
        "max": [0.0604583658278, 0.028173526749, 0.0252364911139, 0.0176481083035, 0.00566830253229, 0.00547004304826, 0.00413931766525, 0.00387850613333, 0.00896971765906, 0.00325918453746, 0.0070697744377, 0.00941608287394, 0.00312114041299, 0.001990838442, 0.00221285782754, 0.00205351482145, 0.00159831310157, 0.00114468019456, 0.000880133418832, 0.00149932620116, 0.000355845084414, 0.000392549147364, 0.000207378456253, 0.000169539867784, 0.000104936836578, 0.000143235069118, 6.52542294119e-05, 3.65309206245e-05, 3.965727592e-05, 4.00945900765e-05, 3.24825123243e-05, 2.69287556875e-05, 6.48291534162e-05, 2.9362132409e-05, 5.55083461222e-05, 4.44108809461e-05, 3.49376459781e-05, 2.71061271633e-05, 2.08094406844e-05, 1.57851991389e-05],
        "mean": [0.00366204371676, 0.0030197117012, 0.00225401809439, 0.00109321193304, 0.000396305258619, 0.000579432293307, 0.000431377120549, 0.000289314775728, 0.000306847534375, 0.000252355239354, 0.000284864683636, 0.000273447891232, 0.000145407495438, 0.000136041591759, 0.000156264693942, 0.000168971673702, 9.94127549347e-05, 7.63817588449e-05, 4.78126530652e-05, 5.987953773e-05, 2.9570190236e-05, 2.1297193598e-05, 2.05514570553e-05, 1.16110231829e-05, 7.09707910573e-06, 1.15882376122e-05, 6.19970069238e-06, 4.61550916953e-06, 5.77550190428e-06, 7.55960491006e-06, 4.89453577757e-06, 3.09478537019e-06, 2.70243685918e-06, 2.22756739277e-06, 3.20887875205e-06, 2.32634374697e-06, 1.28868305183e-06, 1.13778992272e-06, 8.4104334519e-07, 6.09439723576e-07],
        "median": [0.0007315085968, 0.00179884699173, 0.00132644199766, 0.000669027911499, 0.000256556930253, 0.000238364984398, 0.00020997262618, 0.000115791459393, 0.000122990459204, 0.000109981840069, 8.48188574309e-05, 0.000106851992314, 5.47177405679e-05, 6.38299898128e-05, 7.71970007918e-05, 8.48454074003e-05, 4.73072905152e-05, 4.32617162005e-05, 2.26734846365e-05, 2.05880496651e-05, 1.56410078489e-05, 1.36765775096e-05, 1.24635471366e-05, 7.3401292866e-06, 4.55031613456e-06, 8.15862858872e-06, 4.50256220574e-06, 3.40441101798e-06, 4.46352714789e-06, 6.03475245953e-06, 2.96048801829e-06, 1.89006766504e-06, 1.46015906921e-06, 1.06867059912e-06, 1.15811019441e-06, 8.42002464196e-07, 3.913590092e-07, 3.03783878053e-07, 2.26601599707e-07, 1.73578115437e-07],
        "min": [1.21515756746e-06, 2.52229665421e-06, 8.59626879901e-07, 1.80730364718e-06, 2.48422156801e-06, 3.85327484764e-06, 4.10283018937e-06, 1.76966773324e-06, 1.71920373759e-06, 1.57805811796e-06, 2.72193301498e-06, 8.63053628564e-07, 1.56101532411e-06, 2.03853164749e-06, 1.57998942996e-06, 1.7047655092e-06, 1.40568511142e-06, 1.61112109254e-06, 9.17275883694e-07, 8.63603020207e-07, 5.72150838707e-07, 1.09271275051e-06, 3.43479229059e-07, 4.55073859484e-07, 2.37755628518e-07, 3.40641264529e-07, 2.50332419682e-07, 3.84647869112e-08, 1.47218329971e-07, 2.00190470423e-07, 5.09860385023e-08, 1.63017368493e-08, 2.38239561412e-08, 3.01970670691e-09, 1.22708354588e-09, 1.12202447333e-09, 1.3153779177e-09, 3.31942362486e-09, 1.42503731038e-09, 9.8151242689e-10],
