{
"highlevel": {
    "danceability": {
        "all": {
            "danceable": 0.999748647213,
            "not_danceable": 0.000251323072007
        },
        "probability": 0.999748647213,
        "value": "danceable"
    },
    "gender": {
        "all": {
            "female": 0.787716805935,
            "male": 0.212283223867
        },
        "probability": 0.787716805935,
        "value": "female"
    },
    "genre_dortmund": {
        "all": {
            "alternative": 0.0456566810608,
            "blues": 0.43388441205,
            "electronic": 0.0570914708078,
            "folkcountry": 0.118095576763,
            "funksoulrnb": 0.0317414328456,
            "jazz": 0.06847473979,
            "pop": 0.0989042073488,
            "raphiphop": 0.0506447069347,
            "rock": 0.0955067649484
        },
        "probability": 0.43388441205,
        "value": "blues"
    },
    "genre_electronic": {
        "all": {
            "ambient": 0.302510410547,
            "dnb": 0.0365282446146,
            "house": 0.297416269779,
            "techno": 0.0322097204626,
            "trance": 0.331335365772
        },
        "probability": 0.331335365772,
        "value": "trance"
    },
    "genre_rosamerica": {
        "all": {
            "cla": 0.0074794809334,
            "dan": 0.478531122208,
            "hip": 0.0764790773392,
            "jaz": 0.00794100854546,
            "pop": 0.133362904191,
            "rhy": 0.16691429913,
            "roc": 0.115870602429,
            "spe": 0.013421503827
        },
        "probability": 0.478531122208,
        "value": "dan"
    },
    "genre_tzanetakis": {
        "all": {
            "blu": 0.0676818713546,
            "cla": 0.0422560051084,
            "cou": 0.0675892606378,
            "dis": 0.0844774544239,
            "hip": 0.0675849616528,
            "jaz": 0.337954759598,
            "met": 0.0676365867257,
            "pop": 0.067619509995,
            "reg": 0.0845156833529,
            "roc": 0.112683899701
        },
        "probability": 0.337954759598,
        "value": "jaz"
    },
    "ismir04_rhythm": {
        "all": {
            "ChaChaCha": 0.662279605865,
            "Jive": 0.0800170302391,
            "Quickstep": 0.0106505667791,
            "Rumba-American": 0.0241558365524,
            "Rumba-International": 0.0592753440142,
            "Rumba-Misc": 0.0345846004784,
            "Samba": 0.0510878227651,
            "Tango": 0.0373610854149,
            "VienneseWaltz": 0.0328422710299,
            "Waltz": 0.00774585315958
        },
        "probability": 0.662279605865,
        "value": "ChaChaCha"
    },
    "mood_acoustic": {
        "all": {
            "acoustic": 0.0375608578324,
            "not_acoustic": 0.962439119816
        },
        "probability": 0.962439119816,
        "value": "not_acoustic"
    },
    "mood_aggressive": {
        "all": {
            "aggressive": 1.08995300252e-05,
            "not_aggressive": 0.99998909235
        },
        "probability": 0.99998909235,
        "value": "not_aggressive"
    },
    "mood_electronic": {
        "all": {
            "electronic": 0.531991899014,
            "not_electronic": 0.468008100986
        },
        "probability": 0.531991899014,
        "value": "electronic"
    },
    "mood_happy": {
        "all": {
            "happy": 0.916026651859,
            "not_happy": 0.0839733481407
        },
        "probability": 0.916026651859,
        "value": "happy"
    },
    "mood_party": {
        "all": {
            "not_party": 0.513708233833,
            "party": 0.486291795969
        },
        "probability": 0.513708233833,
        "value": "not_party"
    },
    "mood_relaxed": {
        "all": {
            "not_relaxed": 0.69134503603,
            "relaxed": 0.30865496397
        },
        "probability": 0.69134503603,
        "value": "not_relaxed"
    },
    "mood_sad": {
        "all": {
            "not_sad": 0.529534637928,
            "sad": 0.470465391874
        },
        "probability": 0.529534637928,
        "value": "not_sad"
    },
    "moods_mirex": {
        "all": {
            "Cluster1": 0.125504165888,
            "Cluster2": 0.328672796488,
            "Cluster3": 0.219162046909,
            "Cluster4": 0.286213696003,
            "Cluster5": 0.0404472760856
        },
        "probability": 0.328672796488,
        "value": "Cluster2"
    },
    "timbre": {
        "all": {
            "bright": 0.999999940395,
            "dark": 5.52789138908e-08
        },
        "probability": 0.999999940395,
        "value": "bright"
    },
    "tonal_atonal": {
        "all": {
            "atonal": 0.747760474682,
            "tonal": 0.252239525318
        },
        "probability": 0.747760474682,
        "value": "atonal"
    },
    "voice_instrumental": {
        "all": {
            "instrumental": 0.187784567475,
            "voice": 0.812215447426
        },
        "probability": 0.812215447426,
        "value": "voice"
    }
},
"lowlevel": {
    "average_loudness": 0.979859828949,
    "barkbands_crest": {
        "dmean": 3.35150837898,
        "dmean2": 5.31789302826,
        "dvar": 11.8642816544,
        "dvar2": 25.7091770172,
        "max": 24.9359283447,
        "mean": 14.8360595703,
        "median": 14.8662319183,
        "min": 2.94812583923,
        "var": 27.5947113037
    },
    "barkbands_flatness_db": {
        "dmean": 0.0353110358119,
        "dmean2": 0.0523582845926,
        "dvar": 0.00114204525016,
        "dvar2": 0.00266743311659,
        "max": 0.535056233406,
        "mean": 0.213017657399,
        "median": 0.212721630931,
        "min": 0.0560440830886,
        "var": 0.00401306618005
    },
    "barkbands_kurtosis": {
        "dmean": 9.76822566986,
        "dmean2": 15.4768018723,
        "dvar": 242.114624023,
        "dvar2": 587.322143555,
        "max": 162.261230469,
        "mean": 12.8215932846,
        "median": 7.28574466705,
        "min": -1.95851492882,
        "var": 289.383117676
    },
    "barkbands_skewness": {
        "dmean": 1.16723787785,
        "dmean2": 1.71276378632,
        "dvar": 1.78200852871,
        "dvar2": 3.74262475967,
        "max": 10.8928108215,
        "mean": 2.78169631958,
        "median": 2.66898608208,
        "min": -1.95330929756,
        "var": 3.90362358093
    },
    "barkbands_spread": {
        "dmean": 6.28300523758,
        "dmean2": 9.8558473587,
        "dvar": 59.6212501526,
        "dvar2": 130.242218018,
        "max": 119.872032166,
        "mean": 15.5236024857,
        "median": 12.9716835022,
        "min": 0.481986969709,
        "var": 127.452156067
    },
    "dissonance": {
        "dmean": 0.0230397302657,
        "dmean2": 0.0371160544455,
        "dvar": 0.000470979808597,
        "dvar2": 0.00116900494322,
        "max": 0.498722285032,
        "mean": 0.454787403345,
        "median": 0.461928725243,
        "min": 0.264138430357,
        "var": 0.00100645131897
    },
    "dynamic_complexity": 2.0066421032,
    "erbbands_crest": {
        "dmean": 3.67763829231,
        "dmean2": 5.59654188156,
        "dvar": 10.8060808182,
        "dvar2": 23.9902973175,
        "max": 30.3860530853,
        "mean": 11.2243432999,
        "median": 10.210310936,
        "min": 3.32542610168,
        "var": 26.2074489594
    },
    "erbbands_flatness_db": {
        "dmean": 0.0274265669286,
        "dmean2": 0.0370804853737,
        "dvar": 0.000681825622451,
        "dvar2": 0.00123299309053,
        "max": 0.329663902521,
        "mean": 0.163563922048,
        "median": 0.164305731654,
        "min": 0.0502761974931,
        "var": 0.0022200201638
    },
    "erbbands_kurtosis": {
        "dmean": 1.53282237053,
        "dmean2": 2.36328458786,
        "dvar": 8.1399230957,
        "dvar2": 18.9082794189,
        "max": 40.8295097351,
        "mean": 0.91004884243,
        "median": -0.040759563446,
        "min": -1.82792699337,
        "var": 10.3420267105
    },
    "erbbands_skewness": {
        "dmean": 0.501244723797,
        "dmean2": 0.736859679222,
        "dvar": 0.237754389644,
        "dvar2": 0.526557207108,
        "max": 5.73770236969,
        "mean": -0.135983303189,
        "median": -0.157851934433,
        "min": -4.49004364014,
        "var": 0.809318244457
    },
    "erbbands_spread": {
        "dmean": 14.9536828995,
        "dmean2": 21.8400211334,
        "dvar": 269.99395752,
        "dvar2": 628.050170898,
        "max": 162.764724731,
        "mean": 43.0181427002,
        "median": 38.2027053833,
        "min": 4.00446128845,
        "var": 553.408569336
    },
    "hfc": {
        "dmean": 11.3109636307,
        "dmean2": 16.2383918762,
        "dvar": 295.072357178,
        "dvar2": 652.996032715,
        "max": 156.008560181,
        "mean": 23.913526535,
        "median": 16.398191452,
        "min": 0.0751928910613,
        "var": 449.204528809
    },
    "melbands_crest": {
        "dmean": 3.88784599304,
        "dmean2": 6.00631380081,
        "dvar": 19.8248844147,
        "dvar2": 39.0650901794,
        "max": 35.4470977783,
        "mean": 18.1660041809,
        "median": 18.1951618195,
        "min": 4.63335990906,
        "var": 41.217464447
    },
    "melbands_flatness_db": {
        "dmean": 0.0419126190245,
        "dmean2": 0.0612101480365,
        "dvar": 0.00190376094542,
        "dvar2": 0.00411120662466,
        "max": 0.66115295887,
        "mean": 0.283857256174,
        "median": 0.294640749693,
        "min": 0.07761259377,
        "var": 0.00716967415065
    },
    "melbands_kurtosis": {
        "dmean": 32.3612098694,
        "dmean2": 51.8601913452,
        "dvar": 3420.98339844,
        "dvar2": 8549.3515625,
        "max": 558.467041016,
        "mean": 42.6997184753,
        "median": 22.8762798309,
        "min": -1.48390769958,
        "var": 3501.04492188
    },
    "melbands_skewness": {
        "dmean": 1.86318016052,
        "dmean2": 2.76002979279,
        "dvar": 5.18299531937,
        "dvar2": 11.3314008713,
        "max": 19.2646999359,
        "mean": 4.7081284523,
        "median": 4.22261333466,
        "min": -1.24756872654,
        "var": 10.2309389114
    },
    "melbands_spread": {
        "dmean": 6.88197517395,
        "dmean2": 10.6302213669,
        "dvar": 105.247894287,
        "dvar2": 232.756530762,
        "max": 104.325576782,
        "mean": 14.4176692963,
        "median": 9.11108875275,
        "min": 0.426658928394,
        "var": 205.508041382
    },
    "pitch_salience": {
        "dmean": 0.0943520367146,
        "dmean2": 0.149227797985,
        "dvar": 0.00883220788091,
        "dvar2": 0.0184536278248,
        "max": 0.823741853237,
        "mean": 0.407182812691,
        "median": 0.401362031698,
        "min": 0.0836126431823,
        "var": 0.0187463406473
    },
    "silence_rate_20dB": {
        "dmean": 0.0139318881556,
        "dmean2": 0.0278853606433,
        "dvar": 0.0137381320819,
        "dvar2": 0.0410509780049,
        "max": 1,
        "mean": 0.993039429188,
        "median": 1,
        "min": 0,
        "var": 0.00691224262118
    },
    "silence_rate_30dB": {
        "dmean": 0.133126929402,
        "dmean2": 0.266460120678,
        "dvar": 0.115403495729,
        "dvar2": 0.206303343177,
        "max": 1,
        "mean": 0.795823693275,
        "median": 1,
        "min": 0,
        "var": 0.162487521768
    },
    "silence_rate_60dB": {
        "dmean": 0.0139318881556,
        "dmean2": 0.0278853606433,
        "dvar": 0.0137380873784,
        "dvar2": 0.0348540507257,
        "max": 1,
        "mean": 0.0100541375577,
        "median": 0,
        "min": 0,
        "var": 0.00995305553079
    },
    "spectral_centroid": {
        "dmean": 342.74319458,
        "dmean2": 512.847167969,
        "dvar": 123556.382812,
        "dvar2": 272944.46875,
        "max": 4643.38916016,
        "mean": 1236.84619141,
        "median": 1142.33911133,
        "min": 121.926246643,
        "var": 355047.90625
    },
    "spectral_complexity": {
        "dmean": 4.43730640411,
        "dmean2": 6.50038719177,
        "dvar": 29.027923584,
        "dvar2": 59.8951873779,
        "max": 46,
        "mean": 15.4795045853,
        "median": 14,
        "min": 1,
        "var": 60.0143013
    },
    "spectral_decrease": {
        "dmean": 1.10400382169e-08,
        "dmean2": 1.60946260763e-08,
        "dvar": 3.54829380794e-16,
        "dvar2": 6.72779847037e-16,
        "max": -5.49488406165e-11,
        "mean": -2.07489012638e-08,
        "median": -1.56134625229e-08,
        "min": -1.04591883598e-07,
        "var": 4.79561573253e-16
    },
    "spectral_energy": {
        "dmean": 0.0423770472407,
        "dmean2": 0.0615143552423,
        "dvar": 0.00515477964655,
        "dvar2": 0.00973333790898,
        "max": 0.400368839502,
        "mean": 0.0804801806808,
        "median": 0.0601520873606,
        "min": 0.000214209983824,
        "var": 0.00703448150307
    },
    "spectral_energyband_high": {
        "dmean": 0.00060678209411,
        "dmean2": 0.00092648982536,
        "dvar": 1.50743619542e-06,
        "dvar2": 3.56325858775e-06,
        "max": 0.0127781108022,
        "mean": 0.000741064955946,
        "median": 0.000220581088797,
        "min": 3.33360503646e-07,
        "var": 1.99808846446e-06
    },
    "spectral_energyband_low": {
        "dmean": 0.0385555811226,
        "dmean2": 0.0588610619307,
        "dvar": 0.00538354879245,
        "dvar2": 0.0105173941702,
        "max": 0.388867467642,
        "mean": 0.0634572505951,
        "median": 0.046141885221,
        "min": 1.62526725944e-06,
        "var": 0.00661012763157
    },
    "spectral_energyband_middle_high": {
        "dmean": 0.00287650735117,
        "dmean2": 0.00444961152971,
        "dvar": 2.43959057116e-05,
        "dvar2": 6.47022388875e-05,
        "max": 0.0585094951093,
        "mean": 0.0055631143041,
        "median": 0.00413211807609,
        "min": 6.24811445959e-06,
        "var": 2.81408611045e-05
    },
    "spectral_energyband_middle_low": {
        "dmean": 0.00654098344967,
        "dmean2": 0.0088909547776,
        "dvar": 8.79628496477e-05,
        "dvar2": 0.000152439242811,
        "max": 0.143407523632,
        "mean": 0.0127331633121,
        "median": 0.00780847854912,
        "min": 6.79418444633e-05,
        "var": 0.000228048389545
    },
    "spectral_entropy": {
        "dmean": 0.30220040679,
        "dmean2": 0.41185605526,
        "dvar": 0.100963719189,
        "dvar2": 0.191255867481,
        "max": 8.46547412872,
        "mean": 7.02440404892,
        "median": 7.00409030914,
        "min": 4.62628602982,
        "var": 0.312675565481
    },
    "spectral_flux": {
        "dmean": 0.0706339776516,
        "dmean2": 0.113783314824,
        "dvar": 0.00734921498224,
        "dvar2": 0.0172872208059,
        "max": 0.542086541653,
        "mean": 0.132567211986,
        "median": 0.0899520069361,
        "min": 0.0116772074252,
        "var": 0.0133255682886
    },
    "spectral_kurtosis": {
        "dmean": 2.4422326088,
        "dmean2": 3.9681622982,
        "dvar": 11.4972772598,
        "dvar2": 29.1855430603,
        "max": 53.0692138672,
        "mean": 5.98732566833,
        "median": 5.05098628998,
        "min": -1.24160897732,
        "var": 21.6542110443
    },
    "spectral_rms": {
        "dmean": 0.00206116377376,
        "dmean2": 0.00282210670412,
        "dvar": 8.2894357547e-06,
        "dvar2": 1.41441441883e-05,
        "max": 0.0197636988014,
        "mean": 0.00792404264212,
        "median": 0.00766061106697,
        "min": 0.000457149173599,
        "var": 1.57268423209e-05
    },
    "spectral_rolloff": {
        "dmean": 405.86340332,
        "dmean2": 687.879577637,
        "dvar": 763867.5625,
        "dvar2": 1703508.25,
        "max": 11197.265625,
        "mean": 774.795898438,
        "median": 258.3984375,
        "min": 64.599609375,
        "var": 1360974.875
    },
    "spectral_skewness": {
        "dmean": 0.325524330139,
        "dmean2": 0.51275908947,
        "dvar": 0.112243495882,
        "dvar2": 0.273995131254,
        "max": 5.43001556396,
        "mean": 1.80499851704,
        "median": 1.74757432938,
        "min": -0.400897264481,
        "var": 0.305719137192
    },
    "spectral_spread": {
        "dmean": 902851.9375,
        "dmean2": 1342015,
        "dvar": 1.44922024346e+12,
        "dvar2": 3.26821032755e+12,
        "max": 14405881,
        "mean": 4475084.5,
        "median": 4017246,
        "min": 1327323.875,
        "var": 3.22011188429e+12
    },
    "spectral_strongpeak": {
        "dmean": 0.495512366295,
        "dmean2": 0.857818603516,
        "dvar": 0.712230920792,
        "dvar2": 1.8620172739,
        "max": 7.05283546448,
        "mean": 0.836639523506,
        "median": 0.606396794319,
        "min": 0,
        "var": 0.759097456932
    },
    "zerocrossingrate": {
        "dmean": 0.0103389397264,
        "dmean2": 0.0121238231659,
        "dvar": 0.000167333710124,
        "dvar2": 0.000212192113395,
        "max": 0.33740234375,
        "mean": 0.0393800921738,
        "median": 0.03125,
        "min": 0.00390625,
        "var": 0.000889213522896
    },
    "barkbands": {
        "dmean": [0.00384397734888, 0.0349954627454, 0.00401192903519, 0.00235461583361, 0.00290130008943, 0.000933763047215, 0.000778273737524, 0.000665819330607, 0.000524068891536, 0.000375700910809, 0.000362722756108, 0.000624498527031, 0.000694906921126, 0.000419829011662, 0.000786283519119, 0.00015720477677, 0.00027287408011, 0.00021751919121, 0.000339618243743, 0.000238770138822, 6.31971706753e-05, 5.66042290302e-05, 3.95345850848e-05, 0.000103020538518, 0.000199430782232, 0.00016264047008, 3.97418951081e-08],
        "dmean2": [0.00563139049336, 0.0545635670424, 0.00714399060234, 0.00354294781573, 0.00432378798723, 0.00134664482903, 0.00105061731301, 0.00101836409885, 0.000752499734517, 0.000565676775295, 0.000627835746855, 0.00102534191683, 0.000995597220026, 0.00065734772943, 0.00113790808246, 0.000239240922383, 0.000452551204944, 0.000351439666701, 0.000558877363801, 0.000414856127463, 0.000107461091829, 9.71030895016e-05, 6.29502465017e-05, 0.000158864422701, 0.000331635354087, 0.000284543086309, 7.17520265425e-08],
        "dvar": [6.32259689155e-05, 0.00491564534605, 5.40443616046e-05, 3.85629064112e-05, 2.2295402232e-05, 3.29824933942e-06, 2.64321943177e-06, 2.5778165309e-06, 9.7344252481e-07, 4.75768558772e-07, 1.3033364894e-06, 3.02862758872e-06, 1.53600933572e-06, 9.25888741676e-07, 2.02677210837e-06, 1.12252259044e-07, 1.54846873102e-07, 1.82984393859e-07, 3.60302948366e-07, 1.44899061638e-07, 1.61617368377e-08, 1.32623094729e-08, 6.75668809791e-09, 6.19777011934e-08, 3.05923379074e-07, 1.93498237877e-07, 6.3314960642e-14],
        "dvar2": [0.000123369100038, 0.010243056342, 0.000162018142873, 6.42033992335e-05, 4.04255843023e-05, 7.14870793672e-06, 5.49123933524e-06, 6.21256413069e-06, 2.09613881452e-06, 1.06725462956e-06, 3.77280366592e-06, 8.22017045721e-06, 3.18620232065e-06, 2.30843011195e-06, 4.0178015297e-06, 2.96018043855e-07, 3.89122362776e-07, 4.52926940397e-07, 8.07713377071e-07, 3.88991281852e-07, 4.47034231854e-08, 3.56660763146e-08, 1.49112171499e-08, 1.40096361179e-07, 8.13091219243e-07, 5.01941144648e-07, 1.64418541173e-13],
        "max": [0.0577793419361, 0.365021467209, 0.0513172373176, 0.126554816961, 0.0838894769549, 0.0224832631648, 0.0277639478445, 0.029514702037, 0.0103737534955, 0.00977804511786, 0.0133278891444, 0.0207059904933, 0.018172621727, 0.0103853084147, 0.0168461482972, 0.00532041536644, 0.00363139156252, 0.0052236081101, 0.0077965692617, 0.00265790871345, 0.00159181642812, 0.00135040003806, 0.00130925350823, 0.00556489313021, 0.00876115448773, 0.00346836470999, 4.86211501993e-06],
        "mean": [0.0040436135605, 0.0505614727736, 0.00696527725086, 0.00384581997059, 0.00430599646643, 0.00133469887078, 0.00134897790849, 0.000890054914635, 0.000808929791674, 0.000547304050997, 0.000351169001078, 0.000701395503711, 0.000986771075986, 0.000587710761465, 0.00110288732685, 0.000207340912311, 0.000379317934858, 0.000244434428168, 0.000385106541216, 0.000246667303145, 7.44082572055e-05, 6.69352011755e-05, 5.66252529097e-05, 0.000121009383292, 0.000194984793779, 0.000121253091493, 2.50053755479e-08],
        "median": [0.000489848316647, 0.0323925837874, 0.00475251069292, 0.00167447561398, 0.00117387378123, 0.000442217919044, 0.000448790960945, 0.000261199107626, 0.000207552977372, 0.000201033341, 7.83490395406e-05, 0.000173728039954, 0.000280746258795, 0.000115166600153, 0.000354575284291, 9.20858437894e-05, 0.000212802246097, 9.05619745026e-05, 0.000163324410096, 8.466521831e-05, 3.99318814743e-05, 3.5731758544e-05, 2.12602735701e-05, 2.34491853917e-05, 2.1271447622e-05, 4.76988179798e-06, 1.28026966806e-09],
        "min": [3.41564003747e-08, 4.57809136378e-07, 3.39801886184e-07, 9.45397232499e-07, 3.83893802791e-06, 5.61882529837e-07, 6.69245494578e-08, 9.83593579917e-08, 3.15725571909e-07, 6.27260945407e-08, 4.83224376069e-08, 1.6341643061e-07, 3.49588731297e-07, 1.15155856406e-07, 2.48561377703e-07, 1.6703302208e-07, 1.43247461892e-07, 1.72099348106e-07, 1.61268815191e-07, 2.24729916454e-07, 1.23409535036e-07, 2.11178008414e-08, 3.73670783205e-09, 2.02564631735e-09, 1.12095477345e-09, 5.12698633548e-11, 1.57967441211e-11],
        "var": [8.00660782261e-05, 0.0053908075206, 5.49360302102e-05, 8.71608353918e-05, 5.26348376297e-05, 5.53069821763e-06, 6.69841119816e-06, 3.6067306155e-06, 2.34526191889e-06, 9.61771888797e-07, 1.03886213765e-06, 2.68128405878e-06, 3.04335185319e-06, 1.40556448969e-06, 3.63027311323e-06, 1.31964512207e-07, 2.31474217571e-07, 1.92195827253e-07, 4.26105060569e-07, 1.4307534002e-07, 1.29136878968e-08, 1.13566995807e-08, 1.20258087932e-08, 1.03336482482e-07, 3.31092707029e-07, 1.48727764326e-07, 3.93464490048e-14]
    },
    "erbbands": {
        "dmean": [1.62175476551, 6.1949930191, 5.88509464264, 5.78346443176, 8.14765071869, 11.4646596909, 8.2500705719, 7.2449054718, 9.47232818604, 16.1810722351, 13.1484060287, 13.8073329926, 9.78951931, 10.9567594528, 19.381269455, 27.4605140686, 34.9832878113, 22.5231628418, 40.9501457214, 20.5528030396, 9.90145111084, 11.8592262268, 11.32376194, 17.6224975586, 13.0950698853, 13.0147590637, 4.2950129509, 2.22495317459, 1.91154074669, 1.4482421875, 1.19512534142, 1.71147036552, 1.97420883179, 1.87785577774, 1.72529363632, 0.827923178673, 0.294837027788, 0.0229425542057, 0.00044237615657, 6.52678500046e-05],
        "dmean2": [2.584223032, 9.71195888519, 10.5512428284, 8.99646091461, 12.3973274231, 17.2289009094, 12.1962041855, 10.4035148621, 12.9286317825, 23.2041721344, 19.476140976, 19.4950084686, 14.9812250137, 16.9742393494, 34.7151107788, 42.701133728, 49.7679023743, 35.1155967712, 58.9463577271, 31.7504444122, 15.4052696228, 19.4553089142, 18.4644641876, 28.5797080994, 21.419008255, 22.4725093842, 7.60036277771, 3.7788336277, 3.26538586617, 2.41976618767, 1.8913795948, 2.66993236542, 2.98360896111, 3.11097741127, 2.89221930504, 1.43442177773, 0.517845273018, 0.0410367809236, 0.000770699174609, 9.4794544566e-05],
        "dvar": [12.2911996841, 148.201919556, 135.596801758, 139.395721436, 272.013336182, 454.797180176, 242.66885376, 216.251434326, 541.715393066, 1422.77661133, 768.019287109, 739.083618164, 270.881866455, 495.37210083, 5265.13720703, 3752.97949219, 3948.57006836, 2695.17333984, 5993.92626953, 1591.31689453, 255.291366577, 395.275390625, 411.933013916, 1141.96801758, 665.546691895, 400.025360107, 72.7738571167, 25.4312572479, 15.7583646774, 7.71889305115, 5.99715948105, 13.2655420303, 29.1975021362, 31.1640930176, 21.2559089661, 4.86685991287, 0.681620419025, 0.00456597888842, 1.53697817495e-06, 1.36268223372e-08],
        "dvar2": [26.7633457184, 355.184020996, 401.967010498, 233.740600586, 536.809387207, 816.830627441, 467.913299561, 493.965332031, 1201.2232666, 3446.55737305, 1719.01257324, 1492.70031738, 648.09564209, 1107.38366699, 15332.0693359, 9233.07519531, 7950.12939453, 6689.77050781, 11709.8486328, 3872.72973633, 656.157043457, 1013.98370361, 1018.21154785, 2592.48852539, 1595.25598145, 1086.47802734, 200.955917358, 70.3376235962, 42.3669815063, 20.3903942108, 13.2211723328, 31.7325134277, 62.7824897766, 82.3842926025, 56.040473938, 12.7269182205, 1.77447187901, 0.0120720295236, 4.00873977924e-06, 2.83131793566e-08],
        "max": [18.229019165, 74.1042175293, 77.3796386719, 224.399749756, 256.967468262, 411.373565674, 234.871124268, 215.299606323, 599.314147949, 679.109924316, 568.661682129, 338.930053711, 251.991104126, 374.588653564, 916.975158691, 780.90222168, 934.940612793, 640.567871094, 964.077514648, 592.222351074, 207.380859375, 239.438705444, 167.652084351, 417.960876465, 433.228149414, 152.747619629, 83.9012451172, 72.9537734985, 52.5014533997, 27.2920284271, 37.048286438, 57.0339126587, 145.489822388, 102.326698303, 60.2595100403, 16.9415111542, 7.3385310173, 0.646747171879, 0.0116341141984, 0.000902334810235],
        "mean": [1.79915082455, 9.75327301025, 10.8663139343, 10.8555755615, 11.6812038422, 16.6652584076, 11.6039171219, 10.627448082, 17.4648036957, 22.7077560425, 19.6527900696, 22.3722896576, 14.335934639, 15.2268238068, 18.1774520874, 36.3249092102, 51.5976791382, 33.70545578, 58.7301445007, 28.4353981018, 14.9278249741, 16.5929031372, 13.842792511, 19.6891536713, 14.9262418747, 14.1434698105, 4.39715242386, 2.76099896431, 2.25981330872, 1.82843708992, 1.71397769451, 2.07276439667, 2.18756151199, 2.01732373238, 1.51767456532, 0.658399999142, 0.210041791201, 0.0155608775094, 0.000343264313415, 0.000106788218545],
        "median": [0.627596199512, 6.94647216797, 8.61194515228, 7.04704999924, 4.97530555725, 3.361338377, 3.35279345512, 3.85908555984, 5.9975271225, 6.0158905983, 7.24402809143, 6.16548585892, 5.96892929077, 4.83491230011, 4.63324975967, 14.8576393127, 17.0053520203, 11.1649999619, 14.8520154953, 14.830945015, 7.94361305237, 8.92573261261, 6.67512750626, 7.54505157471, 7.09523200989, 4.86418485641, 2.08420562744, 1.48767137527, 1.18197906017, 0.863611578941, 0.64696675539, 0.651311218739, 0.225648060441, 0.27330955863, 0.12158742547, 0.0429976694286, 0.00469279661775, 0.000254921469605, 3.92735491914e-05, 6.9939684181e-05],
        "min": [1.29890513563e-05, 9.31753238547e-05, 0.000574930978473, 0.00144365488086, 0.00902521889657, 0.0325333289802, 0.0129685513675, 0.00540525978431, 0.00370818912052, 0.00794870685786, 0.0115887252614, 0.00988154951483, 0.0091182263568, 0.0166143327951, 0.0177502408624, 0.0210904851556, 0.0389008522034, 0.0179980136454, 0.0109985368326, 0.0187924150378, 0.00744017260149, 0.00751855690032, 0.00985929556191, 0.0090286321938, 0.0119500365108, 0.00873383600265, 0.00533695472404, 0.0029728487134, 0.000496005523019, 0.000367919943528, 8.24244561954e-05, 7.19220333849e-05, 4.34023386333e-05, 3.27443449351e-05, 2.76656737697e-05, 2.76568903246e-06, 4.28158017485e-07, 8.04760560413e-08, 1.1604817729e-07, 2.41665446765e-07],
        "var": [12.2574357986, 149.86605835, 116.834060669, 357.28036499, 428.48815918, 1120.39794922, 503.627380371, 358.258972168, 1500.42224121, 2104.09863281, 1360.6529541, 1873.77783203, 505.851257324, 930.204833984, 3426.04101562, 4748.76123047, 8060.92480469, 4229.875, 10757.9189453, 2109.03710938, 352.718231201, 513.573547363, 435.243621826, 1274.88720703, 707.708740234, 434.305297852, 54.7120552063, 19.5978908539, 13.5214948654, 7.80520868301, 11.4036064148, 19.9991989136, 51.0865097046, 38.9369735718, 20.304813385, 3.82596349716, 0.5173869133, 0.00332907610573, 1.16979879294e-06, 1.67889790958e-08]
    },
    "gfcc": {
        "mean": [4.16613960266, 100.825408936, -105.759811401, 47.3658180237, -37.0555076599, 30.0392494202, -35.741771698, 16.7922019958, -22.4097099304, 7.56875658035, -8.5279006958, -8.21115684509, -9.68719005585],
        "cov": [[3601.51123047, -588.175048828, 630.475646973, -221.040176392, -88.9830932617, -39.8376922607, -104.636680603, 434.702819824, -89.897315979, 360.939666748, -42.1804122925, 359.688598633, -115.861938477], [-588.175048828, 1290.57678223, -57.2174873352, -39.8826217651, 111.339118958, -77.217048645, 96.4920883179, -221.028594971, 222.921264648, -182.096633911, 105.866416931, -132.28717041, 144.198074341], [630.475646973, -57.2174873352, 1240.77099609, 203.778427124, 170.75440979, 136.134353638, 97.0222625732, 231.661178589, -30.3537158966, 62.0683670044, -16.4462127686, 109.494812012, -12.6481437683], [-221.040176392, -39.8826217651, 203.778427124, 612.777404785, 357.58114624, 176.962600708, 168.068664551, 6.55513858795, 12.8219575882, -69.7813873291, 42.2704124451, -101.622680664, -3.03690266609], [-88.9830932617, 111.339118958, 170.75440979, 357.58114624, 577.737060547, 241.625366211, 200.092330933, 6.92980527878, 58.9352455139, 34.7341194153, 45.0717277527, -65.2210235596, -27.937505722], [-39.8376922607, -77.217048645, 136.134353638, 176.962600708, 241.625366211, 423.0362854, 172.424285889, -7.41146612167, 70.3112335205, 32.141544342, 27.7342090607, -37.6086463928, -16.5010986328], [-104.636680603, 96.4920883179, 97.0222625732, 168.068664551, 200.092330933, 172.424285889, 283.477203369, 52.4233627319, 25.5477313995, -14.837647438, 40.1480064392, -34.0341835022, -24.8086929321], [434.702819824, -221.028594971, 231.661178589, 6.55513858795, 6.92980527878, -7.41146612167, 52.4233627319, 257.281982422, -8.1557226181, 70.9908065796, -8.91653823853, 60.6825523376, -28.09907341], [-89.897315979, 222.921264648, -30.3537158966, 12.8219575882, 58.9352455139, 70.3112335205, 25.5477313995, -8.1557226181, 235.975906372, 47.7604255676, 16.1554737091, -27.5184192657, 42.1681365967], [360.939666748, -182.096633911, 62.0683670044, -69.7813873291, 34.7341194153, 32.141544342, -14.837647438, 70.9908065796, 47.7604255676, 201.396392822, 21.3475284576, 51.3556060791, -41.0634460449], [-42.1804122925, 105.866416931, -16.4462127686, 42.2704124451, 45.0717277527, 27.7342090607, 40.1480064392, -8.91653823853, 16.1554737091, 21.3475284576, 121.711997986, 1.2771936655, 5.37142181396], [359.688598633, -132.28717041, 109.494812012, -101.622680664, -65.2210235596, -37.6086463928, -34.0341835022, 60.6825523376, -27.5184192657, 51.3556060791, 1.2771936655, 152.448516846, 2.04317378998], [-115.861938477, 144.198074341, -12.6481437683, -3.03690266609, -27.937505722, -16.5010986328, -24.8086929321, -28.09907341, 42.1681365967, -41.0634460449, 5.37142181396, 2.04317378998, 113.645896912]],
        "icov": [[0.000516441417858, -0.000362773338566, 3.91971298086e-05, -0.000271257391432, 0.000173214430106, -0.000327507266775, 0.000437212933321, -0.000771252496634, 0.000506243319251, -0.000883006840013, 0.000485205702716, -0.000964548962656, 0.000371215486666], [-0.000362773338566, 0.0035215029493, -0.00106408132706, 0.00242193066515, -0.00164458772633, 0.00250427844003, -0.00215327832848, 0.00297490763478, -0.00365575682372, 0.0038607402239, -0.00334696215577, 0.00263151712716, -0.00180460733827], [3.91971298086e-05, -0.00106408132706, 0.00149155990221, -0.00113042315934, 0.000362174032489, -0.00106737448368, 0.000729163351934, -0.00170016498305, 0.00127098173834, -0.00111658044625, 0.00130761077162, -0.00151877501048, 0.000289215386147], [-0.000271257391432, 0.00242193066515, -0.00113042315934, 0.00493926368654, -0.00279281311668, 0.00150008220226, -0.0015754410997, 0.00165345368441, -0.0023126155138, 0.00405022595078, -0.00311431894079, 0.00327359838411, -0.00133735116106], [0.000173214430106, -0.00164458772633, 0.000362174032489, -0.00279281311668, 0.00440870132297, -0.00181247957516, -0.000272745935945, -0.000753973668907, 0.00148892286234, -0.00316898175515, 0.00164674257394, -0.000970865832642, 0.00104576000012], [-0.000327507266775, 0.00250427844003, -0.00106737448368, 0.00150008220226, -0.00181247957516, 0.00565775856376, -0.00341273588128, 0.00319852842949, -0.00325693935156, 0.00194951344747, -0.00209375936538, 0.00208655768074, -0.00119399954565], [0.000437212933321, -0.00215327832848, 0.000729163351934, -0.0015754410997, -0.000272745935945, -0.00341273588128, 0.00790268648416, -0.004053092096, 0.001905680052, -0.000474211061373, 0.000381219986593, -0.0015880438732, 0.00250947661698], [-0.000771252496634, 0.00297490763478, -0.00170016498305, 0.00165345368441, -0.000753973668907, 0.00319852842949, -0.004053092096, 0.00904902536422, -0.00321126799099, 0.00160596810747, -0.00192606588826, 0.00159624789376, -0.00124017556664], [0.000506243319251, -0.00365575682372, 0.00127098173834, -0.0023126155138, 0.00148892286234, -0.00325693935156, 0.001905680052, -0.00321126799099, 0.00957026705146, -0.00641879858449, 0.00358318095095, -0.00140720058698, -0.00126491708215], [-0.000883006840013, 0.0038607402239, -0.00111658044625, 0.00405022595078, -0.00316898175515, 0.00194951344747, -0.000474211061373, 0.00160596810747, -0.00641879858449, 0.0134325837716, -0.00580423558131, 0.00166076165624, 0.0014624139294], [0.000485205702716, -0.00334696215577, 0.00130761077162, -0.00311431894079, 0.00164674257394, -0.00209375936538, 0.000381219986593, -0.00192606588826, 0.00358318095095, -0.00580423558131, 0.012709569186, -0.00353628396988, 0.000547627336346], [-0.000964548962656, 0.00263151712716, -0.00151877501048, 0.00327359838411, -0.000970865832642, 0.00208655768074, -0.0015880438732, 0.00159624789376, -0.00140720058698, 0.00166076165624, -0.00353628396988, 0.0127608235925, -0.00323163135909], [0.000371215486666, -0.00180460733827, 0.000289215386147, -0.00133735116106, 0.00104576000012, -0.00119399954565, 0.00250947661698, -0.00124017556664, -0.00126491708215, 0.0014624139294, 0.000547627336346, -0.00323163135909, 0.0128187835217]]
    },
    "melbands": {
        "dmean": [0.0115498546511, 0.00446390081197, 0.00105671200436, 0.00067289249273, 0.000359131110599, 0.000173505381099, 0.000145284779137, 0.0001704756869, 0.000109376531327, 7.71646518842e-05, 4.86204808112e-05, 4.4229800551e-05, 5.93724180362e-05, 7.36356669222e-05, 8.17766340333e-05, 5.29047320015e-05, 4.45398654847e-05, 6.02374238952e-05, 4.44496581622e-05, 1.66702047864e-05, 1.32070090331e-05, 1.34220481414e-05, 1.32552313516e-05, 1.03330949059e-05, 1.54344252223e-05, 1.18686284623e-05, 7.55759265303e-06, 8.88393969944e-06, 3.36131188305e-06, 1.43000340813e-06, 1.40761608236e-06, 1.13279554625e-06, 1.14036390642e-06, 7.41097380796e-07, 7.20434741197e-07, 8.34209231471e-07, 1.18905677482e-06, 1.53889561716e-06, 1.22459846352e-06, 1.80883046141e-06],
        "dmean2": [0.0181210674345, 0.00744644645602, 0.0016223564744, 0.001009016647, 0.000525268609636, 0.00024661279167, 0.000196322900592, 0.000250305747613, 0.000162107055075, 0.000110146349471, 7.53319036448e-05, 6.79470176692e-05, 0.000103811049485, 0.000123139921925, 0.000120545788377, 7.60809125495e-05, 7.01279204804e-05, 8.70959993335e-05, 6.56179472571e-05, 2.64357040578e-05, 2.09099525819e-05, 2.22642738663e-05, 2.17639717448e-05, 1.68576916622e-05, 2.54210281128e-05, 1.95583561435e-05, 1.25888736875e-05, 1.55583511514e-05, 6.05984905633e-06, 2.38989491663e-06, 2.43857061832e-06, 1.9739165964e-06, 1.96041924028e-06, 1.2453109548e-06, 1.16927981253e-06, 1.34592914947e-06, 1.88568276371e-06, 2.43309204961e-06, 2.07570610655e-06, 2.99161411021e-06],
        "dvar": [0.000571294862311, 7.66943776398e-05, 4.68729967906e-06, 1.20235677059e-06, 4.37342947635e-07, 1.276835917e-07, 1.09214646216e-07, 1.66728526096e-07, 5.04648092203e-08, 2.23530083332e-08, 7.03544689173e-09, 8.52867820811e-09, 4.03421935857e-08, 5.44837739369e-08, 1.82475989874e-08, 8.66245741804e-09, 1.17849339176e-08, 1.24172991889e-08, 8.09488831521e-09, 1.0936047623e-09, 4.0852990435e-10, 4.72451300304e-10, 5.6050469821e-10, 4.36351121902e-10, 9.36468347312e-10, 4.67662852888e-10, 1.60303298413e-10, 1.94419841337e-10, 5.41590522429e-11, 6.50486218709e-12, 1.08093351978e-11, 6.0906063179e-12, 5.08647377689e-12, 1.96213466482e-12, 2.20400065386e-12, 4.01041786585e-12, 6.87294795729e-12, 1.90527350841e-11, 2.14186515746e-11, 2.83174508148e-11],
        "dvar2": [0.00118203798775, 0.000206525161047, 8.13638234831e-06, 2.23637835006e-06, 8.13004305655e-07, 2.88893716061e-07, 2.34887139072e-07, 4.13736955807e-07, 1.1283029977e-07, 4.65078180412e-08, 1.70814349332e-08, 1.82259984882e-08, 1.171422781e-07, 1.52662622099e-07, 4.18201260288e-08, 1.79256467447e-08, 2.93093584958e-08, 2.44524951398e-08, 1.68069913542e-08, 2.85155921098e-09, 1.03430985998e-09, 1.17714038517e-09, 1.41832567913e-09, 1.11011311255e-09, 2.14497331008e-09, 1.1393722632e-09, 4.00222133212e-10, 5.31002186666e-10, 1.51902837531e-10, 1.7280153003e-11, 3.01297840843e-11, 1.65751960768e-11, 1.34966933463e-11, 5.14902400231e-12, 5.28261765928e-12, 9.9139698187e-12, 1.61196871823e-11, 4.54687155982e-11, 5.26292412428e-11, 7.52622547617e-11],
        "max": [0.122741915286, 0.0576386079192, 0.0426842793822, 0.0138630671427, 0.0136856874451, 0.00624215975404, 0.00776636227965, 0.00718865124509, 0.00476943375543, 0.00166172639001, 0.00125652807765, 0.001628197846, 0.00244452501647, 0.00300326850265, 0.00183404434938, 0.00125247705728, 0.00128849816974, 0.00137458462268, 0.00139844277874, 0.000485409196699, 0.000240187247982, 0.000224227595027, 0.00022951833671, 0.000293998891721, 0.000377299438696, 0.000354706920916, 0.000154258072143, 0.000100107659819, 5.29986718902e-05, 3.43134452123e-05, 4.61521558464e-05, 3.02848893625e-05, 2.33816426771e-05, 1.3080772078e-05, 2.23515144171e-05, 3.68107248505e-05, 4.27607155871e-05, 0.000100108147308, 0.000117124684039, 0.000109815046017],
        "mean": [0.0150964017957, 0.00836271233857, 0.00191252597142, 0.000984801445156, 0.000513510894962, 0.000257988111116, 0.000266266841209, 0.000233745930018, 0.000164742639754, 0.000122390862089, 6.81534511386e-05, 6.16774705122e-05, 5.59186191822e-05, 7.82877177699e-05, 0.000115473878395, 7.83224313636e-05, 6.23106825515e-05, 8.61481676111e-05, 6.15773387835e-05, 2.18433815462e-05, 1.87865316548e-05, 1.85525423149e-05, 1.53522105393e-05, 1.15745860967e-05, 1.65116907738e-05, 1.33151652335e-05, 8.15639759821e-06, 9.24279629544e-06, 2.83194367512e-06, 1.80158463081e-06, 1.57118836341e-06, 1.24837106341e-06, 1.29546651806e-06, 9.04932733192e-07, 9.47116234329e-07, 1.04346929675e-06, 1.35393986511e-06, 1.61304478752e-06, 1.38836173846e-06, 1.81615030215e-06],
        "median": [0.00828971341252, 0.0076653463766, 0.00132550136186, 0.000311317329761, 0.000118076655781, 8.53346646181e-05, 8.77797720022e-05, 6.54217001284e-05, 6.14829768892e-05, 3.18184575008e-05, 2.57696665358e-05, 1.84774671652e-05, 1.26507011373e-05, 1.89503516594e-05, 5.25480900251e-05, 2.42316800723e-05, 9.92290188151e-06, 2.43190843321e-05, 2.24706127483e-05, 1.03355368992e-05, 8.67832022777e-06, 8.32730165712e-06, 6.39757718091e-06, 4.0208046812e-06, 4.95236417919e-06, 5.66039489058e-06, 3.6758240185e-06, 3.10022619487e-06, 8.10702829313e-07, 1.05637889192e-06, 8.29183704809e-07, 6.15746671428e-07, 6.4265356059e-07, 3.80018548185e-07, 3.21337154219e-07, 4.41692918685e-07, 3.66509965488e-07, 1.52555514887e-07, 1.4670338544e-07, 2.39018902448e-07],
        "min": [1.16194129873e-07, 1.21176910284e-07, 4.62121249711e-07, 3.28061759092e-07, 4.83266092033e-07, 1.0225588909e-07, 2.53967460395e-08, 1.8519143552e-08, 1.1588099369e-07, 5.48155156821e-08, 1.08518003472e-08, 3.47129009981e-08, 1.60845061714e-08, 2.43635156494e-08, 9.490552344e-08, 2.07644106354e-08, 1.28760939688e-08, 1.0087731539e-08, 1.77586354511e-08, 1.89179871768e-08, 5.34200417235e-09, 7.37493177638e-09, 7.76935671354e-09, 5.91704685249e-09, 7.39311589726e-09, 5.73408298621e-09, 8.5751281631e-09, 3.42223294147e-09, 2.50424014858e-09, 2.94653124122e-09, 1.13353826325e-09, 2.16981779766e-10, 2.21595075622e-10, 1.75582645645e-10, 2.59489877502e-11, 2.25695035577e-11, 3.66638421012e-11, 1.55662982504e-11, 1.21332501338e-11, 1.0759833996e-11],
