{
"highlevel": {
    "danceability": {
        "all": {
            "danceable": 0.5,
            "not_danceable": 0.5
        },
        "probability": 0.5,
        "value": "danceable"
    },
    "gender": {
        "all": {
            "female": 0.0498859956861,
            "male": 0.950114011765
        },
        "probability": 0.950114011765,
        "value": "male"
    },
    "genre_dortmund": {
        "all": {
            "alternative": 0.0227862559259,
            "blues": 0.252529799938,
            "electronic": 0.01079614833,
            "folkcountry": 0.251485943794,
            "funksoulrnb": 0.059031303972,
            "jazz": 0.192409217358,
            "pop": 0.104643575847,
            "raphiphop": 0.0461080148816,
            "rock": 0.0602097474039
        },
        "probability": 0.252529799938,
        "value": "blues"
    },
    "genre_electronic": {
        "all": {
            "ambient": 0.393112391233,
            "dnb": 0.371118724346,
            "house": 0.188254594803,
            "techno": 0.0224821716547,
            "trance": 0.0250321216881
        },
        "probability": 0.393112391233,
        "value": "ambient"
    },
    "genre_rosamerica": {
        "all": {
            "cla": 0.0827530398965,
            "dan": 0.0165950637311,
            "hip": 0.0399274937809,
            "jaz": 0.0543824508786,
            "pop": 0.449927508831,
            "rhy": 0.244007349014,
            "roc": 0.0882364064455,
            "spe": 0.0241706892848
        },
        "probability": 0.449927508831,
        "value": "pop"
    },
    "genre_tzanetakis": {
        "all": {
            "blu": 0.0626613423228,
            "cla": 0.0348169617355,
            "cou": 0.104475811124,
            "dis": 0.0784321576357,
            "hip": 0.15692435205,
            "jaz": 0.313974827528,
            "met": 0.0448166541755,
            "pop": 0.0627359300852,
            "reg": 0.0627360641956,
            "roc": 0.0784258767962
        },
        "probability": 0.313974827528,
        "value": "jaz"
    },
    "ismir04_rhythm": {
        "all": {
            "ChaChaCha": 0.0413847714663,
            "Jive": 0.0680302232504,
            "Quickstep": 0.0718546062708,
            "Rumba-American": 0.00617914786562,
            "Rumba-International": 0.16395932436,
            "Rumba-Misc": 0.012483513914,
            "Samba": 0.115450292826,
            "Tango": 0.00819503422827,
            "VienneseWaltz": 0.491348564625,
            "Waltz": 0.0211145374924
        },
        "probability": 0.491348564625,
        "value": "VienneseWaltz"
    },
    "mood_acoustic": {
        "all": {
            "acoustic": 0.451176017523,
            "not_acoustic": 0.548823952675
        },
        "probability": 0.548823952675,
        "value": "not_acoustic"
    },
    "mood_aggressive": {
        "all": {
            "aggressive": 0.0184482242912,
            "not_aggressive": 0.981551766396
        },
        "probability": 0.981551766396,
        "value": "not_aggressive"
    },
    "mood_electronic": {
        "all": {
            "electronic": 0.248435020447,
            "not_electronic": 0.751564979553
        },
        "probability": 0.751564979553,
        "value": "not_electronic"
    },
    "mood_happy": {
        "all": {
            "happy": 0.998809099197,
            "not_happy": 0.00119087845087
        },
        "probability": 0.998809099197,
        "value": "happy"
    },
    "mood_party": {
        "all": {
            "not_party": 0.612377762794,
            "party": 0.387622237206
        },
        "probability": 0.612377762794,
        "value": "not_party"
    },
    "mood_relaxed": {
        "all": {
            "not_relaxed": 0.68311715126,
            "relaxed": 0.31688284874
        },
        "probability": 0.68311715126,
        "value": "not_relaxed"
    },
    "mood_sad": {
        "all": {
            "not_sad": 0.348074376583,
            "sad": 0.651925623417
        },
        "probability": 0.651925623417,
        "value": "sad"
    },
    "moods_mirex": {
        "all": {
            "Cluster1": 0.0653923898935,
            "Cluster2": 0.578311979771,
            "Cluster3": 0.124511435628,
            "Cluster4": 0.130753681064,
            "Cluster5": 0.101030491292
        },
        "probability": 0.578311979771,
        "value": "Cluster2"
    },
    "timbre": {
        "all": {
            "bright": 0.997092366219,
            "dark": 0.00290766218677
        },
        "probability": 0.997092366219,
        "value": "bright"
    },
    "tonal_atonal": {
        "all": {
            "atonal": 0.0776767656207,
            "tonal": 0.922323226929
        },
        "probability": 0.922323226929,
        "value": "tonal"
    },
    "voice_instrumental": {
        "all": {
            "instrumental": 0.0484405197203,
            "voice": 0.951559484005
        },
        "probability": 0.951559484005,
        "value": "voice"
    }
},
"lowlevel": {
    "average_loudness": 0.946492373943,
    "barkbands_crest": {
        "dmean": 2.25371217728,
        "dmean2": 3.49667239189,
        "dvar": 4.23324251175,
        "dvar2": 10.063750267,
        "max": 23.0835361481,
        "mean": 9.45729827881,
        "median": 8.82558441162,
        "min": 2.52528476715,
        "var": 14.4246644974
    },
    "barkbands_flatness_db": {
        "dmean": 0.0248398557305,
        "dmean2": 0.0359834358096,
        "dvar": 0.000621491053607,
        "dvar2": 0.00123881327454,
        "max": 0.359803140163,
        "mean": 0.156080543995,
        "median": 0.150489717722,
        "min": 0.0544659979641,
        "var": 0.00272208498791
    },
    "barkbands_kurtosis": {
        "dmean": 1.88622844219,
        "dmean2": 2.90347957611,
        "dvar": 13.5212621689,
        "dvar2": 29.1336078644,
        "max": 52.4776992798,
        "mean": 2.42809319496,
        "median": 0.221653223038,
        "min": -1.77374720573,
        "var": 37.3446121216
    },
    "barkbands_skewness": {
        "dmean": 0.442161947489,
        "dmean2": 0.659229159355,
        "dvar": 0.234879016876,
        "dvar2": 0.506816148758,
        "max": 6.50246334076,
        "mean": 1.1227478981,
        "median": 0.897129118443,
        "min": -1.17701840401,
        "var": 1.15146076679
    },
    "barkbands_spread": {
        "dmean": 6.31752967834,
        "dmean2": 9.75997447968,
        "dvar": 54.7441291809,
        "dvar2": 136.999511719,
        "max": 68.2641448975,
        "mean": 24.493106842,
        "median": 23.8239402771,
        "min": 1.76200699806,
        "var": 155.930587769
    },
    "dissonance": {
        "dmean": 0.0203188881278,
        "dmean2": 0.0337570235133,
        "dvar": 0.000362106045941,
        "dvar2": 0.000967025756836,
        "max": 0.498170256615,
        "mean": 0.454838991165,
        "median": 0.462855935097,
        "min": 0.275340080261,
        "var": 0.000874068879057
    },
    "dynamic_complexity": 2.66002225876,
    "erbbands_crest": {
        "dmean": 2.48684382439,
        "dmean2": 3.99572348595,
        "dvar": 5.1553273201,
        "dvar2": 13.0725564957,
        "max": 27.1024360657,
        "mean": 9.19654369354,
        "median": 8.36222171783,
        "min": 2.94381403923,
        "var": 16.3471984863
    },
    "erbbands_flatness_db": {
        "dmean": 0.0249885693192,
        "dmean2": 0.0361489020288,
        "dvar": 0.000629478949122,
        "dvar2": 0.00130318012089,
        "max": 0.310800909996,
        "mean": 0.176937445998,
        "median": 0.175140783191,
        "min": 0.06318102777,
        "var": 0.00191342632752
    },
    "erbbands_kurtosis": {
        "dmean": 0.701419770718,
        "dmean2": 1.12051057816,
        "dvar": 0.78564786911,
        "dvar2": 1.86135780811,
        "max": 10.290558815,
        "mean": -0.045524250716,
        "median": -0.48065328598,
        "min": -1.70066606998,
        "var": 2.02493429184
    },
    "erbbands_skewness": {
        "dmean": 0.331521630287,
        "dmean2": 0.48789536953,
        "dvar": 0.0960797667503,
        "dvar2": 0.216589093208,
        "max": 2.9176735878,
        "mean": 0.206340461969,
        "median": 0.155280247331,
        "min": -2.45336580276,
        "var": 0.54109287262
    },
    "erbbands_spread": {
        "dmean": 8.81891822815,
        "dmean2": 13.6321077347,
        "dvar": 107.36530304,
        "dvar2": 252.860427856,
        "max": 113.269920349,
        "mean": 37.6615180969,
        "median": 35.9098320007,
        "min": 8.19124603271,
        "var": 232.696533203
    },
    "hfc": {
        "dmean": 6.76858711243,
        "dmean2": 9.58317279816,
        "dvar": 73.3908309937,
        "dvar2": 168.30897522,
        "max": 102.365242004,
        "mean": 21.1600208282,
        "median": 16.6122646332,
        "min": 0.0983307957649,
        "var": 312.488647461
    },
    "melbands_crest": {
        "dmean": 2.67777323723,
        "dmean2": 4.1632437706,
        "dvar": 6.77892112732,
        "dvar2": 15.129076004,
        "max": 29.6926937103,
        "mean": 13.2486286163,
        "median": 12.4470424652,
        "min": 4.34749031067,
        "var": 25.4611148834
    },
    "melbands_flatness_db": {
        "dmean": 0.0300767291337,
        "dmean2": 0.0421669706702,
        "dvar": 0.00102396041621,
        "dvar2": 0.00201382511295,
        "max": 0.456416010857,
        "mean": 0.187076121569,
        "median": 0.176611527801,
        "min": 0.0460737384856,
        "var": 0.00525932805613
    },
    "melbands_kurtosis": {
        "dmean": 4.82649326324,
        "dmean2": 7.59628582001,
        "dvar": 94.0551071167,
        "dvar2": 209.831817627,
        "max": 167.157150269,
        "mean": 9.10938358307,
        "median": 3.84264707565,
        "min": -1.55796933174,
        "var": 249.186721802
    },
    "melbands_skewness": {
        "dmean": 0.589779376984,
        "dmean2": 0.888412117958,
        "dvar": 0.489926964045,
        "dvar2": 1.03059637547,
        "max": 10.4412050247,
        "mean": 2.10275125504,
        "median": 1.73519742489,
        "min": -0.251133531332,
        "var": 2.07496929169
    },
    "melbands_spread": {
        "dmean": 7.87744379044,
        "dmean2": 11.8668928146,
        "dvar": 74.4864273071,
        "dvar2": 175.273239136,
        "max": 106.917266846,
        "mean": 30.1328697205,
        "median": 26.5308513641,
        "min": 1.28996634483,
        "var": 357.671417236
    },
    "pitch_salience": {
        "dmean": 0.059657689184,
        "dmean2": 0.093506090343,
        "dvar": 0.00320343999192,
        "dvar2": 0.00780679425225,
        "max": 0.819131851196,
        "mean": 0.507457733154,
        "median": 0.504731059074,
        "min": 0.162791848183,
        "var": 0.00926449708641
    },
    "silence_rate_20dB": {
        "dmean": 0,
        "dmean2": 0,
        "dvar": 0,
        "dvar2": 0,
        "max": 1,
        "mean": 1,
        "median": 1,
        "min": 1,
        "var": 0
    },
    "silence_rate_30dB": {
        "dmean": 0,
        "dmean2": 0,
        "dvar": 0,
        "dvar2": 0,
        "max": 1,
        "mean": 1,
        "median": 1,
        "min": 1,
        "var": 0
    },
    "silence_rate_60dB": {
        "dmean": 0.0178018584847,
        "dmean2": 0.0356312952936,
        "dvar": 0.0174847152084,
        "dvar2": 0.0374606959522,
        "max": 1,
        "mean": 0.0433101318777,
        "median": 0,
        "min": 0,
        "var": 0.0414346195757
    },
    "spectral_centroid": {
        "dmean": 292.566802979,
        "dmean2": 429.89364624,
        "dvar": 93808.671875,
        "dvar2": 199919.4375,
        "max": 3479.78833008,
        "mean": 1650.18933105,
        "median": 1610.84118652,
        "min": 255.742126465,
        "var": 581391
    },
    "spectral_complexity": {
        "dmean": 3.19814252853,
        "dmean2": 4.7141752243,
        "dvar": 13.4406547546,
        "dvar2": 29.262260437,
        "max": 49,
        "mean": 16.429233551,
        "median": 16,
        "min": 0,
        "var": 62.6702919006
    },
    "spectral_decrease": {
        "dmean": 1.3961091172e-09,
        "dmean2": 1.93365612411e-09,
        "dvar": 2.4535727932e-18,
        "dvar2": 4.92015506948e-18,
        "max": -3.02748486003e-11,
        "mean": -4.91641971578e-09,
        "median": -4.32485869339e-09,
        "min": -1.55518229406e-08,
        "var": 9.62049185425e-18
    },
    "spectral_energy": {
        "dmean": 0.00574598414823,
        "dmean2": 0.00790718384087,
        "dvar": 3.97260700993e-05,
        "dvar2": 7.97084576334e-05,
        "max": 0.0643832609057,
        "mean": 0.0204749498516,
        "median": 0.0182922929525,
        "min": 0.000123183563119,
        "var": 0.000164661556482
    },
    "spectral_energyband_high": {
        "dmean": 0.000522809859831,
        "dmean2": 0.000831368553918,
        "dvar": 5.81586618864e-07,
        "dvar2": 1.44821842696e-06,
        "max": 0.00767329568043,
        "mean": 0.0010109981522,
        "median": 0.000411328714108,
        "min": 1.12542784336e-06,
        "var": 1.60382342074e-06
    },
    "spectral_energyband_low": {
        "dmean": 0.00198154756799,
        "dmean2": 0.00292295170948,
        "dvar": 1.44860232467e-05,
        "dvar2": 3.16832483804e-05,
        "max": 0.0356374792755,
        "mean": 0.00498459860682,
        "median": 0.00277299666777,
        "min": 1.30997559609e-05,
        "var": 3.13970558636e-05
    },
    "spectral_energyband_middle_high": {
        "dmean": 0.00178641767707,
        "dmean2": 0.00241925707087,
        "dvar": 4.47597267339e-06,
        "dvar2": 8.34449474496e-06,
        "max": 0.0315004885197,
        "mean": 0.00582952750847,
        "median": 0.00412596575916,
        "min": 5.37982032256e-06,
        "var": 2.98919258057e-05
    },
    "spectral_energyband_middle_low": {
        "dmean": 0.00353847118095,
        "dmean2": 0.00519587937742,
        "dvar": 1.96868040803e-05,
        "dvar2": 4.27182276326e-05,
        "max": 0.0521675497293,
        "mean": 0.00897006317973,
        "median": 0.00689437240362,
        "min": 9.06474087969e-05,
        "var": 5.60628650419e-05
    },
    "spectral_entropy": {
        "dmean": 0.276780933142,
        "dmean2": 0.398480862379,
        "dvar": 0.0750308856368,
        "dvar2": 0.162671297789,
        "max": 8.41201210022,
        "mean": 7.27497816086,
        "median": 7.24793624878,
        "min": 5.98815917969,
        "var": 0.18097256124
    },
    "spectral_flux": {
        "dmean": 0.0241331961006,
        "dmean2": 0.036485157907,
        "dvar": 0.00054759538034,
        "dvar2": 0.00122595147695,
        "max": 0.201610475779,
        "mean": 0.0683640316129,
        "median": 0.0618998818099,
        "min": 0.00463083293289,
        "var": 0.00123615039047
    },
    "spectral_kurtosis": {
        "dmean": 2.23960995674,
        "dmean2": 3.73814725876,
        "dvar": 5.92371797562,
        "dvar2": 14.9071550369,
        "max": 38.2964172363,
        "mean": 4.34570884705,
        "median": 3.56188583374,
        "min": -0.48141336441,
        "var": 10.0222492218
    },
    "spectral_rms": {
        "dmean": 0.00063551554922,
        "dmean2": 0.000853850622661,
        "dvar": 4.0900181375e-07,
        "dvar2": 7.61339322253e-07,
        "max": 0.0079254610464,
        "mean": 0.00422185659409,
        "median": 0.00422446895391,
        "min": 0.000346668559359,
        "var": 2.15150362237e-06
    },
    "spectral_rolloff": {
        "dmean": 547.480529785,
        "dmean2": 932.883789062,
        "dvar": 753333.1875,
        "dvar2": 1906057.25,
        "max": 9496.14257812,
        "mean": 1888.67590332,
        "median": 1636.5234375,
        "min": 107.666015625,
        "var": 1727833.875
    },
    "spectral_skewness": {
        "dmean": 0.275657325983,
        "dmean2": 0.449300646782,
        "dvar": 0.0725737661123,
        "dvar2": 0.180379793048,
        "max": 4.59982919693,
        "mean": 1.38881731033,
        "median": 1.30663394928,
        "min": 0.35106420517,
        "var": 0.172049641609
    },
    "spectral_spread": {
        "dmean": 896676.4375,
        "dmean2": 1392414.375,
        "dvar": 1.18638890189e+12,
        "dvar2": 2.69817217024e+12,
        "max": 12106963,
        "mean": 4020133.75,
        "median": 3657817.75,
        "min": 1643734.625,
        "var": 1.73160254669e+12
    },
    "spectral_strongpeak": {
        "dmean": 0.619916141033,
        "dmean2": 1.04309082031,
        "dvar": 1.05067074299,
        "dvar2": 2.33838272095,
        "max": 9.90845966339,
        "mean": 1.26213955879,
        "median": 0.584806978703,
        "min": 0.00987140275538,
        "var": 2.53560686111
    },
    "zerocrossingrate": {
        "dmean": 0.0107486126944,
        "dmean2": 0.0132180117071,
        "dvar": 0.000119048454508,
        "dvar2": 0.000171824358404,
        "max": 0.1513671875,
        "mean": 0.0630728676915,
        "median": 0.06103515625,
        "min": 0.00439453125,
        "var": 0.000819727953058
    },
    "barkbands": {
        "dmean": [4.18663985329e-05, 0.00132102763746, 0.000667137501296, 0.000312451040372, 0.00143999326974, 0.000798413064331, 0.000542990048416, 0.00106389436405, 0.000967198458966, 0.000414621754317, 0.000202301234822, 0.000390538800275, 0.000378526659915, 0.000267214636551, 0.0002825629781, 0.00030702620279, 0.000215889318497, 0.000181100171176, 0.000270733929938, 0.000340602215147, 9.06243440113e-05, 9.27549481275e-05, 0.00010135602497, 7.15033165761e-05, 6.17740297457e-05, 2.36359246628e-05, 1.26723098681e-09],
        "dmean2": [6.07933798165e-05, 0.00195809733123, 0.00103528157342, 0.000516541942488, 0.0020899514202, 0.00124202272855, 0.000803738599643, 0.00159480015282, 0.00144083343912, 0.000618755002506, 0.000299928185996, 0.000559543899726, 0.000556730839889, 0.000406538543757, 0.000438858143752, 0.000467844627565, 0.000320021063089, 0.000275811034953, 0.000421803939389, 0.000475934823044, 0.000142900767969, 0.000154648630996, 0.000171299194335, 0.000124108846649, 0.000108667874883, 4.2322135414e-05, 2.26336549503e-09],
        "dvar": [1.36051099275e-08, 7.67724941397e-06, 2.07961738852e-06, 5.04102843024e-07, 7.14705720384e-06, 3.688205652e-06, 7.59679437579e-07, 4.38412007497e-06, 7.6983251347e-06, 8.36723529574e-07, 1.95476417275e-07, 7.51747109007e-07, 6.85925897415e-07, 4.62649438759e-07, 3.81116421977e-07, 3.86493013593e-07, 1.28468840899e-07, 1.15233135034e-07, 2.27288182941e-07, 2.91013833476e-07, 2.66564104123e-08, 2.53752627799e-08, 2.66100013135e-08, 1.94131679621e-08, 1.97817477954e-08, 5.68713387494e-09, 7.70628325481e-17],
        "dvar2": [2.60444288358e-08, 1.74165834324e-05, 4.31529952039e-06, 1.23074084968e-06, 1.50030673467e-05, 8.59412193677e-06, 1.59192518367e-06, 9.86020313576e-06, 1.74080414581e-05, 1.8659223997e-06, 4.53816682011e-07, 1.63215872817e-06, 1.47807350004e-06, 9.62626927503e-07, 7.7531876741e-07, 8.17431441646e-07, 2.54792809073e-07, 2.59477701547e-07, 5.57698399462e-07, 5.11309281137e-07, 6.32415932955e-08, 6.96065214356e-08, 6.98429261092e-08, 5.19192724369e-08, 5.35281436953e-08, 1.6556988669e-08, 1.92325726052e-16],
        "max": [0.00183985941112, 0.0238616317511, 0.0205736532807, 0.0124067477882, 0.0251782760024, 0.0241057891399, 0.0162991844118, 0.0352731086314, 0.0435277409852, 0.015478217043, 0.00659186625853, 0.0161865931004, 0.0169600397348, 0.0172274634242, 0.00891987234354, 0.011923619546, 0.00835490599275, 0.00435403734446, 0.00686363503337, 0.00920375064015, 0.00204021763057, 0.00186162942555, 0.00163487612735, 0.00128450372722, 0.0015344559215, 0.00168087135535, 1.96757838467e-07],
        "mean": [7.80998525443e-05, 0.00322370859794, 0.00145067181438, 0.00044372715638, 0.00215726066381, 0.00121416465845, 0.00123764446471, 0.00213526329026, 0.00165903987363, 0.000692518544383, 0.000341065926477, 0.000930523674469, 0.000738637871109, 0.000410299922805, 0.0004985491978, 0.000576774182264, 0.000429969106335, 0.000328192225425, 0.000527484400664, 0.000834972190205, 0.000165565434145, 0.00012626813259, 0.000128837651573, 6.69600703986e-05, 5.45831899217e-05, 2.41982215812e-05, 9.73008229543e-10],
        "median": [3.72496447199e-06, 0.00127361377236, 0.000550883123651, 0.000134624206112, 0.000991677748971, 0.000571013020817, 0.000511878519319, 0.000559416774195, 0.000346341053955, 0.00020815213793, 7.90229460108e-05, 0.000213237100979, 0.000132609158754, 0.000132411369123, 0.000124731552205, 0.000163173739566, 0.000145662081195, 0.00012894946849, 0.000201494374778, 0.000235571584199, 4.27351915278e-05, 5.32222948095e-05, 4.47071906819e-05, 1.92861225514e-05, 9.8388063634e-06, 1.81278119271e-06, 2.76343198324e-10],
        "min": [7.60588392268e-09, 1.06997265448e-06, 9.06017362468e-07, 2.57437562823e-07, 2.05389078474e-05, 4.58605563836e-06, 6.06974310813e-07, 1.94397694031e-06, 9.42556425798e-07, 2.10530203049e-07, 2.37335882503e-07, 2.35722097841e-07, 7.73034685153e-07, 1.75665093138e-07, 2.54099802532e-07, 6.42369570869e-07, 1.26739394091e-07, 3.68545926221e-07, 2.65150617906e-07, 4.02078143225e-07, 8.82189041818e-08, 1.14752133129e-07, 2.62566786091e-08, 2.55831693607e-08, 1.12486339687e-10, 1.14004231402e-11, 1.28155637144e-11],
        "var": [4.2536445477e-08, 1.80830684258e-05, 5.35421168024e-06, 7.47694457459e-07, 1.14195145215e-05, 4.41642851001e-06, 3.82210009775e-06, 1.70276816789e-05, 1.52811335283e-05, 1.70351995621e-06, 4.15625748929e-07, 4.34546200268e-06, 2.96077359963e-06, 1.0468201026e-06, 1.02353612874e-06, 1.52340896875e-06, 5.04717206695e-07, 2.88720116259e-07, 6.50168487937e-07, 1.48997651195e-06, 8.31066202522e-08, 3.10108667634e-08, 3.47534125922e-08, 1.67379123894e-08, 1.6585508078e-08, 4.1607699508e-09, 4.97291686757e-17]
    },
    "erbbands": {
        "dmean": [0.0312144756317, 0.321936219931, 0.806628525257, 0.898194015026, 3.40992689133, 5.12226819992, 4.15896320343, 8.45321941376, 6.96042442322, 14.3366479874, 19.9199829102, 21.656545639, 17.0805187225, 8.23288154602, 11.639125824, 11.6917161942, 15.8116006851, 11.7397508621, 14.289847374, 13.5343837738, 14.991312027, 12.5599956512, 10.7463083267, 11.0272712708, 13.5123491287, 15.4724397659, 4.90085935593, 4.1728887558, 3.15943026543, 3.29887008667, 2.61997008324, 1.77836072445, 1.20808637142, 0.812186419964, 0.333006739616, 0.145222470164, 0.0350927785039, 0.00201854086481, 4.66609781142e-05, 9.4359202194e-06],
        "dmean2": [0.0445235706866, 0.485885798931, 1.22420632839, 1.44235956669, 4.98128318787, 7.6377248764, 6.43977069855, 12.9427757263, 9.54780292511, 22.4876689911, 29.7788410187, 31.8356838226, 25.5973472595, 12.0925769806, 16.469537735, 16.8039340973, 23.5450687408, 16.6634960175, 22.4407444, 20.5535316467, 22.0830593109, 18.124174118, 16.0873088837, 17.4513053894, 19.902841568, 21.7717018127, 7.38184642792, 6.50429105759, 5.27900505066, 5.53428077698, 4.46005392075, 3.10594415665, 2.09195661545, 1.42391622066, 0.597550570965, 0.260750859976, 0.0630115494132, 0.0037150150165, 8.32190708024e-05, 1.37429533424e-05],
        "dvar": [0.00463629374281, 0.493326425552, 3.01011013985, 4.11184978485, 53.7801361084, 128.631591797, 61.2820777893, 418.222320557, 152.627090454, 634.481933594, 2378.88012695, 4173.37597656, 1336.78381348, 248.330154419, 560.693237305, 798.416503906, 1189.91955566, 1064.953125, 813.1953125, 800.316467285, 828.127807617, 456.999481201, 419.173126221, 618.377197266, 393.201721191, 619.450927734, 54.5254402161, 68.7202453613, 35.7928504944, 28.1901340485, 19.6328449249, 11.508430481, 5.68172883987, 3.36304497719, 0.638651430607, 0.147094354033, 0.0166524965316, 0.000112664783956, 3.86676681785e-08, 1.97899530097e-10],
        "dvar2": [0.00921600777656, 1.14524960518, 6.28605031967, 9.89253997803, 106.558677673, 272.810272217, 142.401382446, 976.071472168, 286.037658691, 1568.59020996, 5600.4765625, 9346.48730469, 3185.1015625, 572.903869629, 999.830200195, 1685.62182617, 2490.72900391, 1845.93432617, 1972.7434082, 1652.49536133, 1641.42468262, 823.562744141, 902.349060059, 1553.6661377, 794.836853027, 1088.71630859, 125.222053528, 167.084060669, 99.7522506714, 75.0305938721, 51.6361846924, 31.0205230713, 14.78465271, 9.01630020142, 1.77477526665, 0.423948019743, 0.0487949848175, 0.000331159069901, 1.13551905656e-07, 5.17230036579e-10],
        "max": [0.892140626907, 6.26363372803, 25.0332069397, 34.1578865051, 89.552406311, 135.351699829, 106.092803955, 225.332382202, 289.439453125, 262.350799561, 952.487731934, 1199.35131836, 514.280822754, 261.012207031, 446.899505615, 537.942382812, 651.203613281, 936.381530762, 368.877410889, 420.064971924, 722.773681641, 579.887329102, 321.594329834, 393.871337891, 247.273590088, 377.404449463, 80.9937286377, 119.660758972, 75.6064605713, 55.3385925293, 50.7903900146, 31.5236949921, 25.7025699615, 21.1603832245, 10.8298101425, 7.49925994873, 2.96342730522, 0.255168527365, 0.0047086761333, 0.000301259744447],
        "mean": [0.0715060010552, 0.782448112965, 1.90748858452, 1.5418150425, 4.77504873276, 7.44915390015, 6.9529914856, 12.5190000534, 17.5818252563, 27.1057796478, 42.2857017517, 38.5642356873, 29.1191482544, 15.5052480698, 25.859746933, 29.1370334625, 31.5791397095, 22.4795303345, 26.3264846802, 26.1310634613, 31.9745769501, 27.6297969818, 21.6934585571, 20.8525314331, 31.4552726746, 38.5919685364, 10.6451797485, 7.96694469452, 4.55243778229, 4.63927030563, 3.15427517891, 1.7302531004, 1.13630914688, 0.694766461849, 0.30461961031, 0.156982138753, 0.0354665741324, 0.0016293048393, 5.27773663634e-05, 2.86829726974e-05],
        "median": [0.0159880910069, 0.324044317007, 0.83135008812, 0.618757963181, 1.29112064838, 2.92103910446, 3.95854926109, 6.10661125183, 6.63704395294, 13.886136055, 11.6149902344, 8.48338031769, 11.8056650162, 7.77415990829, 7.3065905571, 7.80721712112, 7.98692131042, 6.98651218414, 9.64348983765, 9.00204086304, 9.96232795715, 10.0115213394, 9.06128787994, 8.02069854736, 15.9262619019, 10.7166280746, 4.57685661316, 1.66580438614, 1.62489962578, 2.1021926403, 1.13316380978, 0.469458729029, 0.298553586006, 0.156406059861, 0.0434229820967, 0.013414233923, 0.00244960794225, 0.000130882675876, 1.82230451173e-05, 2.58505206148e-05],
        "min": [1.16917035484e-05, 0.000429142499343, 0.00188316078857, 0.0063906959258, 0.0219023171812, 0.0811371579766, 0.127275124192, 0.0220987163484, 0.0124710081145, 0.0375313647091, 0.0726749449968, 0.0294143352658, 0.0630131885409, 0.0202832315117, 0.0140001168475, 0.0100560570136, 0.0330403856933, 0.0175263918936, 0.0138111552224, 0.0243216715753, 0.0249459128827, 0.0139259789139, 0.0251318495721, 0.0107041671872, 0.0142940497026, 0.020496642217, 0.0135256070644, 0.00470713945106, 0.00358350947499, 0.00377897405997, 0.000751302228309, 0.000678835320286, 0.000303594744764, 3.13697310048e-05, 4.07161769544e-06, 1.26384099985e-06, 3.53787612539e-07, 7.08277312356e-08, 2.0373568077e-07, 2.52928856526e-07],
        "var": [0.0144452964887, 1.10673236847, 7.54304504395, 7.10479974747, 96.3831710815, 187.375, 86.0988769531, 493.815917969, 952.283935547, 1202.30358887, 9229.20410156, 8983.20117188, 2249.50878906, 510.698028564, 2370.21679688, 4471.63867188, 4550.17675781, 3340.05883789, 1927.27819824, 2471.22338867, 5104.8671875, 2089.67700195, 1172.32849121, 1365.3380127, 1613.63256836, 3223.40576172, 179.949890137, 252.861251831, 49.319606781, 37.0599250793, 22.428478241, 9.71177768707, 5.35818719864, 2.97002601624, 0.503902554512, 0.130825132132, 0.0112506607547, 6.32682422292e-05, 2.37228459099e-08, 4.11131961808e-10]
    },
    "gfcc": {
        "mean": [-13.6493530273, 100.00718689, -137.985397339, 41.0549354553, -66.2931976318, 8.30905437469, -35.8539619446, 12.0087242126, -18.5573997498, 3.63569641113, -9.78976917267, -5.36371994019, -8.24996376038],
        "cov": [[4424.08642578, -1847.90673828, -173.642410278, -93.5031051636, -246.696350098, 268.403289795, -75.9366455078, 445.574645996, -364.72833252, 430.984191895, -206.512237549, 349.592681885, -181.130599976], [-1847.90673828, 1673.08996582, 28.6426696777, 33.4494895935, 304.105010986, -155.896942139, 254.206710815, -268.158111572, 235.561828613, -288.465881348, 235.680267334, -296.922973633, 115.782569885], [-173.642410278, 28.6426696777, 679.199707031, 194.450271606, 73.8366317749, 185.707061768, -86.3484268188, 18.9042873383, 9.88821983337, 12.9935083389, -56.4024238586, 40.8894577026, -23.4004707336], [-93.5031051636, 33.4494895935, 194.450271606, 383.616119385, 124.742538452, 23.132276535, -76.6558303833, -5.56677341461, 90.8297958374, -42.4570999146, -21.6430606842, -41.1763877869, 71.7165603638], [-246.696350098, 304.105010986, 73.8366317749, 124.742538452, 238.877944946, -20.751033783, 50.7494735718, -6.9906463623, 57.4019203186, -33.1587486267, 13.0253152847, -58.4607505798, 33.5883369446], [268.403289795, -155.896942139, 185.707061768, 23.132276535, -20.751033783, 230.46131897, 37.1458396912, 37.4041366577, -36.0685424805, 58.5607147217, -20.0394668579, 29.6781692505, -31.8748855591], [-75.9366455078, 254.206710815, -86.3484268188, -76.6558303833, 50.7494735718, 37.1458396912, 315.237304688, -4.27108097076, -24.2626419067, 28.390460968, 65.8635559082, -9.09514808655, -37.9811553955], [445.574645996, -268.158111572, 18.9042873383, -5.56677341461, -6.9906463623, 37.4041366577, -4.27108097076, 184.559494019, 14.7181472778, 80.6441268921, 4.29826116562, 54.7795677185, -1.23484241962], [-364.72833252, 235.561828613, 9.88821983337, 90.8297958374, 57.4019203186, -36.0685424805, -24.2626419067, 14.7181472778, 193.906356812, -29.5865535736, 49.4400596619, -48.5380058289, 74.6398696899], [430.984191895, -288.465881348, 12.9935083389, -42.4570999146, -33.1587486267, 58.5607147217, 28.390460968, 80.6441268921, -29.5865535736, 179.576812744, -10.0485982895, 78.6771697998, -27.3325004578], [-206.512237549, 235.680267334, -56.4024238586, -21.6430606842, 13.0253152847, -20.0394668579, 65.8635559082, 4.29826116562, 49.4400596619, -10.0485982895, 163.095870972, -19.4251918793, 33.2170715332], [349.592681885, -296.922973633, 40.8894577026, -41.1763877869, -58.4607505798, 29.6781692505, -9.09514808655, 54.7795677185, -48.5380058289, 78.6771697998, -19.4251918793, 174.729446411, -14.5453300476], [-181.130599976, 115.782569885, -23.4004707336, 71.7165603638, 33.5883369446, -31.8748855591, -37.9811553955, -1.23484241962, 74.6398696899, -27.3325004578, 33.2170715332, -14.5453300476, 120.666114807]],
        "icov": [[0.000558157509658, 9.72140987869e-05, 0.000469675345812, -0.000364800333045, 5.53109339307e-06, -0.000476190500194, 0.000227817770792, -0.000947401684243, 0.000776538217906, -0.000442347576609, 0.000191878163605, -0.000293075077934, 0.000318461126881], [9.72140987869e-05, 0.00575126800686, -0.00271683977917, 0.00328136887401, -0.00385177205317, 0.00228577083908, -0.00409139646217, 0.00538097601384, -0.00398155488074, 0.00375901837833, -0.00418273312971, 0.00394204165787, -0.00246554240584], [0.000469675345812, -0.00271683977917, 0.00443542608991, -0.0028278066311, 0.000840335153043, -0.00379002047703, 0.00322653772309, -0.00319837476127, 0.00225018919446, -0.00182282412425, 0.0021755527705, -0.00324400374666, 0.0028058111202], [-0.000364800333045, 0.00328136887401, -0.0028278066311, 0.00661718845367, -0.00392264174297, 0.00125250802375, -0.00186472281348, 0.00394829222932, -0.00383494142443, 0.00279528205283, -0.00180917140096, 0.0028544801753, -0.00345374341123], [5.53109339307e-06, -0.00385177205317, 0.000840335153043, -0.00392264174297, 0.0091750184074, 7.5293603004e-05, 0.00061572593404, -0.00433079618961, 0.00243787327781, -0.00254991394468, 0.00333127006888, -0.000977299874648, 0.000693556503393], [-0.000476190500194, 0.00228577083908, -0.00379002047703, 0.00125250802375, 7.5293603004e-05, 0.00857483688742, -0.00361583777703, 0.0021887505427, -0.00134261883795, 0.000389664550312, -0.00150618713815, 0.0028660253156, -0.0015801875852], [0.000227817770792, -0.00409139646217, 0.00322653772309, -0.00186472281348, 0.00061572593404, -0.00361583777703, 0.0079475780949, -0.00374864996411, 0.00349630229175, -0.00345321372151, 0.00104981160257, -0.00324182258919, 0.00371381128207], [-0.000947401684243, 0.00538097601384, -0.00319837476127, 0.00394829222932, -0.00433079618961, 0.0021887505427, -0.00374864996411, 0.0143044553697, -0.00666103418916, 0.00172938720789, -0.00480773486197, 0.00283595453948, -0.00262473011389], [0.000776538217906, -0.00398155488074, 0.00225018919446, -0.00383494142443, 0.00243787327781, -0.00134261883795, 0.00349630229175, -0.00666103418916, 0.0123416585848, -0.00347873009741, 0.00155851768795, -0.0013774887193, -0.00131640478503], [-0.000442347576609, 0.00375901837833, -0.00182282412425, 0.00279528205283, -0.00254991394468, 0.000389664550312, -0.00345321372151, 0.00172938720789, -0.00347873009741, 0.0117177758366, -0.00266106147319, 9.58232121775e-05, -0.00099210604094], [0.000191878163605, -0.00418273312971, 0.0021755527705, -0.00180917140096, 0.00333127006888, -0.00150618713815, 0.00104981160257, -0.00480773486197, 0.00155851768795, -0.00266106147319, 0.0112806670368, -0.00262912432663, -0.000234359162278], [-0.000293075077934, 0.00394204165787, -0.00324400374666, 0.0028544801753, -0.000977299874648, 0.0028660253156, -0.00324182258919, 0.00283595453948, -0.0013774887193, 9.58232121775e-05, -0.00262912432663, 0.0115574551746, -0.00351964496076], [0.000318461126881, -0.00246554240584, 0.0028058111202, -0.00345374341123, 0.000693556503393, -0.0015801875852, 0.00371381128207, -0.00262473011389, -0.00131640478503, -0.00099210604094, -0.000234359162278, -0.00351964496076, 0.0144893834367]]
    },
    "melbands": {
        "dmean": [0.000321225379594, 0.0004331653181, 0.000199186149985, 0.000353629089659, 0.00015263784735, 0.000175875262357, 0.000102615915239, 0.000186503195437, 0.000149624567712, 0.000149318060721, 8.86946727405e-05, 3.88045482396e-05, 3.07384761982e-05, 4.95281565236e-05, 2.38777320192e-05, 4.68752732559e-05, 1.9388844521e-05, 2.53689613601e-05, 2.31290123338e-05, 2.05933247344e-05, 1.68283495441e-05, 1.3575837329e-05, 1.23062400235e-05, 8.19006982056e-06, 9.87865132629e-06, 1.02261765278e-05, 1.22969313452e-05, 1.13028145279e-05, 4.19837351728e-06, 2.10765551856e-06, 2.35477523347e-06, 1.85749820503e-06, 1.78076538759e-06, 2.04409752769e-06, 1.53701125782e-06, 1.44216789977e-06, 9.42844621932e-07, 8.56326323628e-07, 9.12991822588e-07, 5.79258994549e-07],
        "dmean2": [0.000469224760309, 0.000646552187391, 0.000307121285005, 0.000516397529282, 0.000231658879784, 0.000269062962616, 0.000144606456161, 0.000286374066491, 0.000223215887672, 0.000218690198381, 0.000133282257593, 5.69927469769e-05, 4.4030504796e-05, 7.04347039573e-05, 3.51523849531e-05, 6.81140882079e-05, 2.80048770946e-05, 4.02008481615e-05, 3.50330337824e-05, 3.1670446333e-05, 2.4680608476e-05, 1.97305780603e-05, 1.83965021279e-05, 1.25852438941e-05, 1.58479742822e-05, 1.58406146511e-05, 1.77147667273e-05, 1.63224049174e-05, 6.42806935502e-06, 3.31444925905e-06, 3.73845728063e-06, 3.09073311655e-06, 3.02064768221e-06, 3.41734426001e-06, 2.62215962721e-06, 2.48578362516e-06, 1.66092274867e-06, 1.47799653405e-06, 1.5933259192e-06, 1.02042758954e-06],
        "dvar": [4.44942685363e-07, 8.02656700216e-07, 1.73583799778e-07, 5.20822084127e-07, 7.10530514425e-08, 1.71652530412e-07, 2.95885005386e-08, 1.02135928159e-07, 1.54674438591e-07, 2.08883008668e-07, 3.56198555096e-08, 5.90405857537e-09, 4.03090050227e-09, 1.3804661414e-08, 4.55263116095e-09, 1.13376410482e-08, 3.21967430494e-09, 2.8426108134e-09, 2.94125834799e-09, 2.28420615755e-09, 1.24641685861e-09, 5.892228927e-10, 3.98790556133e-10, 3.02898012228e-10, 5.73415037675e-10, 2.45455489267e-10, 5.34162214461e-10, 3.52547352422e-10, 4.13790321452e-11, 1.50763134615e-11, 2.17151505111e-11, 1.16174604659e-11, 1.06006410247e-11, 1.12242611039e-11, 7.08982525466e-12, 6.10176232457e-12, 3.61380066496e-12, 3.1591537112e-12, 3.90025121574e-12, 1.81203608975e-12],
        "dvar2": [9.71151621343e-07, 1.77248250566e-06, 3.77681317332e-07, 1.09207383048e-06, 1.63828730138e-07, 4.00617636842e-07, 5.71792533322e-08, 2.40130646034e-07, 3.8930315327e-07, 4.59808461528e-07, 8.50797476915e-08, 1.32544801801e-08, 7.95274690546e-09, 3.05256691036e-08, 7.02930913477e-09, 2.40551436548e-08, 5.68591485006e-09, 7.16545445201e-09, 5.636965561e-09, 4.86703388702e-09, 2.39787678602e-09, 1.10318221225e-09, 8.72386662909e-10, 6.75066280653e-10, 1.44110567923e-09, 5.684694937e-10, 1.01324848512e-09, 6.67732924509e-10, 9.26852761207e-11, 3.62161585443e-11, 5.38901076541e-11, 3.18638240793e-11, 2.98635560725e-11, 2.98182520342e-11, 1.88144881619e-11, 1.60027321255e-11, 9.81284671575e-12, 8.30268839791e-12, 1.03003942181e-11, 4.91317967213e-12],
        "max": [0.0067928461358, 0.0107595510781, 0.0059695164673, 0.00703167868778, 0.00318497954868, 0.00485336454585, 0.00378705840558, 0.00394103769213, 0.0075356522575, 0.00831035431474, 0.00269097858109, 0.00143264129292, 0.000994900125079, 0.00246579037048, 0.00219422462396, 0.00229727174155, 0.001618957147, 0.00073616055306, 0.000998166739009, 0.00114066922106, 0.000975732109509, 0.000585363828577, 0.000252633937635, 0.00031446426874, 0.000387638894608, 0.000219250694499, 0.000372026464902, 0.000320196413668, 8.50702053867e-05, 5.06912292622e-05, 6.37626217213e-05, 4.1137336666e-05, 3.67494867533e-05, 3.04258173855e-05, 3.41158774972e-05, 2.90367497655e-05, 1.80585684575e-05, 2.17643701035e-05, 1.90097998711e-05, 1.62491232913e-05],
        "mean": [0.000769389269408, 0.0010547763668, 0.00033935328247, 0.00048795028124, 0.000256342667853, 0.000273746642051, 0.000253384117968, 0.000357466487912, 0.000305568770273, 0.000255659193499, 0.000148798106238, 6.90884553478e-05, 6.03396256338e-05, 0.00012014323147, 4.63694304926e-05, 8.82920649019e-05, 3.2556898077e-05, 4.18287054345e-05, 4.07439620176e-05, 3.49520087184e-05, 3.58324759873e-05, 2.76336559182e-05, 2.28254593821e-05, 1.47779483086e-05, 1.68359892996e-05, 2.13408420677e-05, 2.65758717433e-05, 2.68222047453e-05, 8.34971615404e-06, 3.63101094081e-06, 4.22705397796e-06, 2.37924928115e-06, 2.4581654543e-06, 2.76541391031e-06, 1.85103419881e-06, 1.57620024765e-06, 8.33852709548e-07, 7.98862629381e-07, 7.78887454089e-07, 4.90693366828e-07],
        "median": [0.000278406456346, 0.000516743864864, 0.000137880590046, 0.000163738572155, 0.000150942752953, 0.000141881828313, 0.000109782697109, 0.000151876767632, 7.48834136175e-05, 4.54987384728e-05, 5.75928897888e-05, 3.04917812173e-05, 1.81200084626e-05, 2.23292554438e-05, 1.00221441244e-05, 1.11950239443e-05, 1.02404646896e-05, 1.41655737025e-05, 9.229567695e-06, 1.07918049252e-05, 9.7563242889e-06, 9.01693692867e-06, 9.5021987363e-06, 5.08247512698e-06, 4.20953438152e-06, 8.86453926796e-06, 8.70539679454e-06, 6.59548686599e-06, 2.95682070828e-06, 8.15299472379e-07, 8.30478484204e-07, 8.38319635932e-07, 1.00028159977e-06, 1.1058907603e-06, 6.69515941354e-07, 3.62275415e-07, 2.12341376482e-07, 2.05611954129e-07, 1.61820111089e-07, 9.87691066712e-08],
        "min": [1.75851681661e-07, 1.74047841028e-06, 1.88598619388e-06, 4.88586874781e-06, 2.7397093163e-06, 5.15565204751e-07, 1.60661528525e-07, 5.37763639841e-07, 2.08425376513e-07, 1.26925030486e-07, 2.6270643616e-07, 6.22219573643e-08, 3.9805339469e-08, 3.6703788453e-08, 2.08602006779e-08, 4.17781649276e-08, 1.46385996658e-08, 1.7778836181e-08, 1.68277907164e-08, 5.24125454149e-08, 2.27832330779e-08, 8.25697554774e-09, 2.2103613162e-08, 1.29869119903e-08, 4.77116435249e-09, 1.37389770671e-08, 5.12651920914e-09, 1.25561898656e-08, 5.77364289711e-09, 3.51690537803e-10, 2.46569070717e-10, 1.97612548547e-09, 1.32209887482e-09, 1.72374559071e-09, 1.51747378552e-10, 4.48133252728e-10, 1.93244531488e-10, 6.68249483526e-11, 2.45017062195e-11, 3.60945160479e-13],
