{
"highlevel": {
    "danceability": {
        "all": {
            "danceable": 0.978052020073,
            "not_danceable": 0.0219479724765
        },
        "probability": 0.978052020073,
        "value": "danceable"
    },
    "gender": {
        "all": {
            "female": 0.0045444779098,
            "male": 0.995455503464
        },
        "probability": 0.995455503464,
        "value": "male"
    },
    "genre_dortmund": {
        "all": {
            "alternative": 0.0701768621802,
            "blues": 0.0205563344061,
            "electronic": 0.013838977553,
            "folkcountry": 0.119909644127,
            "funksoulrnb": 0.00607233541086,
            "jazz": 0.0129704279825,
            "pop": 0.0600152276456,
            "raphiphop": 0.0135705005378,
            "rock": 0.682889699936
        },
        "probability": 0.682889699936,
        "value": "rock"
    },
    "genre_electronic": {
        "all": {
            "ambient": 0.221830815077,
            "dnb": 0.316358834505,
            "house": 0.0509723909199,
            "techno": 0.0231048129499,
            "trance": 0.387733161449
        },
        "probability": 0.387733161449,
        "value": "trance"
    },
    "genre_rosamerica": {
        "all": {
            "cla": 0.00379631831311,
            "dan": 0.0253560096025,
            "hip": 0.0332234054804,
            "jaz": 0.00486616697162,
            "pop": 0.138922125101,
            "rhy": 0.0560216903687,
            "roc": 0.735112309456,
            "spe": 0.00270200823434
        },
        "probability": 0.735112309456,
        "value": "roc"
    },
    "genre_tzanetakis": {
        "all": {
            "blu": 0.0626613423228,
            "cla": 0.0348169617355,
            "cou": 0.104475811124,
            "dis": 0.0784321576357,
            "hip": 0.15692435205,
            "jaz": 0.313974827528,
            "met": 0.0448166541755,
            "pop": 0.0627359300852,
            "reg": 0.0627360641956,
            "roc": 0.0784258767962
        },
        "probability": 0.313974827528,
        "value": "jaz"
    },
    "ismir04_rhythm": {
        "all": {
            "ChaChaCha": 0.113218598068,
            "Jive": 0.688585519791,
            "Quickstep": 0.0688051953912,
            "Rumba-American": 0.0066037196666,
            "Rumba-International": 0.00872401893139,
            "Rumba-Misc": 0.00360452965833,
            "Samba": 0.0852200239897,
            "Tango": 0.00455247377977,
            "VienneseWaltz": 0.0169121138752,
            "Waltz": 0.00377379101701
        },
        "probability": 0.688585519791,
        "value": "Jive"
    },
    "mood_acoustic": {
        "all": {
            "acoustic": 0.0710383802652,
            "not_acoustic": 0.928961634636
        },
        "probability": 0.928961634636,
        "value": "not_acoustic"
    },
    "mood_aggressive": {
        "all": {
            "aggressive": 0.247877418995,
            "not_aggressive": 0.752122581005
        },
        "probability": 0.752122581005,
        "value": "not_aggressive"
    },
    "mood_electronic": {
        "all": {
            "electronic": 0.0535024814308,
            "not_electronic": 0.946497499943
        },
        "probability": 0.946497499943,
        "value": "not_electronic"
    },
    "mood_happy": {
        "all": {
            "happy": 0.926272690296,
            "not_happy": 0.0737273022532
        },
        "probability": 0.926272690296,
        "value": "happy"
    },
    "mood_party": {
        "all": {
            "not_party": 0.666636586189,
            "party": 0.333363384008
        },
        "probability": 0.666636586189,
        "value": "not_party"
    },
    "mood_relaxed": {
        "all": {
            "not_relaxed": 0.95286488533,
            "relaxed": 0.0471351183951
        },
        "probability": 0.95286488533,
        "value": "not_relaxed"
    },
    "mood_sad": {
        "all": {
            "not_sad": 0.866349816322,
            "sad": 0.133650153875
        },
        "probability": 0.866349816322,
        "value": "not_sad"
    },
    "moods_mirex": {
        "all": {
            "Cluster1": 0.293437927961,
            "Cluster2": 0.228564098477,
            "Cluster3": 0.191338717937,
            "Cluster4": 0.112154774368,
            "Cluster5": 0.174504473805
        },
        "probability": 0.293437927961,
        "value": "Cluster1"
    },
    "timbre": {
        "all": {
            "bright": 0.991767168045,
            "dark": 0.00823283288628
        },
        "probability": 0.991767168045,
        "value": "bright"
    },
    "tonal_atonal": {
        "all": {
            "atonal": 0.000201653587283,
            "tonal": 0.999798357487
        },
        "probability": 0.999798357487,
        "value": "tonal"
    },
    "voice_instrumental": {
        "all": {
            "instrumental": 0.0013947217958,
            "voice": 0.998605251312
        },
        "probability": 0.998605251312,
        "value": "voice"
    }
},
"lowlevel": {
    "average_loudness": 0.951447784901,
    "barkbands_crest": {
        "dmean": 3.15245866776,
        "dmean2": 5.37542438507,
        "dvar": 9.62342071533,
        "dvar2": 26.7205619812,
        "max": 23.4188308716,
        "mean": 8.9043970108,
        "median": 8.06230163574,
        "min": 2.12457680702,
        "var": 14.8116073608
    },
    "barkbands_flatness_db": {
        "dmean": 0.0217405389994,
        "dmean2": 0.0360481403768,
        "dvar": 0.000491849437822,
        "dvar2": 0.00125320837833,
        "max": 0.258725553751,
        "mean": 0.112467341125,
        "median": 0.107312113047,
        "min": 0.0517095513642,
        "var": 0.00100561336149
    },
    "barkbands_kurtosis": {
        "dmean": 2.29835605621,
        "dmean2": 3.87580418587,
        "dvar": 20.9647655487,
        "dvar2": 53.4876174927,
        "max": 43.9118995667,
        "mean": 1.72398269176,
        "median": 0.540793180466,
        "min": -1.79070675373,
        "var": 19.8989849091
    },
    "barkbands_skewness": {
        "dmean": 0.539654254913,
        "dmean2": 0.875392615795,
        "dvar": 0.442050367594,
        "dvar2": 1.03026556969,
        "max": 6.0701379776,
        "mean": 1.2797100544,
        "median": 1.14697110653,
        "min": -0.729283690453,
        "var": 0.717917382717
    },
    "barkbands_spread": {
        "dmean": 7.98856830597,
        "dmean2": 12.3924865723,
        "dvar": 59.3460884094,
        "dvar2": 136.113204956,
        "max": 89.0243835449,
        "mean": 32.481136322,
        "median": 30.8330383301,
        "min": 4.07200860977,
        "var": 164.629257202
    },
    "dissonance": {
        "dmean": 0.015157318674,
        "dmean2": 0.0257307868451,
        "dvar": 0.000151260464918,
        "dvar2": 0.000421056029154,
        "max": 0.499861985445,
        "mean": 0.472656309605,
        "median": 0.4751958251,
        "min": 0.368466973305,
        "var": 0.000287295115413
    },
    "dynamic_complexity": 1.73196494579,
    "erbbands_crest": {
        "dmean": 3.07672429085,
        "dmean2": 4.80221366882,
        "dvar": 7.42745447159,
        "dvar2": 17.9879608154,
        "max": 29.3196163177,
        "mean": 9.42657470703,
        "median": 8.3029794693,
        "min": 2.40030407906,
        "var": 22.9597072601
    },
    "erbbands_flatness_db": {
        "dmean": 0.0160266421735,
        "dmean2": 0.0236738789827,
        "dvar": 0.00019101658836,
        "dvar2": 0.000420346681494,
        "max": 0.22120629251,
        "mean": 0.123774684966,
        "median": 0.122736059129,
        "min": 0.0502817593515,
        "var": 0.000681053497829
    },
    "erbbands_kurtosis": {
        "dmean": 0.499991029501,
        "dmean2": 0.798440515995,
        "dvar": 0.358881562948,
        "dvar2": 0.884805083275,
        "max": 7.74844932556,
        "mean": -0.373911887407,
        "median": -0.567549943924,
        "min": -1.52247273922,
        "var": 0.77951925993
    },
    "erbbands_skewness": {
        "dmean": 0.314850389957,
        "dmean2": 0.484894871712,
        "dvar": 0.0695458501577,
        "dvar2": 0.163317039609,
        "max": 2.20248746872,
        "mean": 0.209001883864,
        "median": 0.196196347475,
        "min": -2.04226875305,
        "var": 0.253414273262
    },
    "erbbands_spread": {
        "dmean": 8.95483970642,
        "dmean2": 13.7600307465,
        "dvar": 64.174041748,
        "dvar2": 146.935043335,
        "max": 101.547210693,
        "mean": 46.3652610779,
        "median": 44.9563713074,
        "min": 8.89306259155,
        "var": 191.874221802
    },
    "hfc": {
        "dmean": 10.0857458115,
        "dmean2": 14.1999225616,
        "dvar": 182.765884399,
        "dvar2": 357.090484619,
        "max": 209.868942261,
        "mean": 33.0574188232,
        "median": 22.887928009,
        "min": 4.73946714401,
        "var": 662.338439941
    },
    "melbands_crest": {
        "dmean": 3.80338263512,
        "dmean2": 6.28531455994,
        "dvar": 11.3700523376,
        "dvar2": 30.578950882,
        "max": 29.048582077,
        "mean": 12.9053583145,
        "median": 11.7415370941,
        "min": 4.82877254486,
        "var": 23.6752204895
    },
    "melbands_flatness_db": {
        "dmean": 0.0286764763296,
        "dmean2": 0.0457859821618,
        "dvar": 0.000849597214255,
        "dvar2": 0.00199836795218,
        "max": 0.341086596251,
        "mean": 0.155919060111,
        "median": 0.151475906372,
        "min": 0.0523882545531,
        "var": 0.00223177089356
    },
    "melbands_kurtosis": {
        "dmean": 7.26705598831,
        "dmean2": 12.1278781891,
        "dvar": 189.217208862,
        "dvar2": 455.681488037,
        "max": 128.492919922,
        "mean": 10.0437793732,
        "median": 6.27422809601,
        "min": -1.18841469288,
        "var": 190.718032837
    },
    "melbands_skewness": {
        "dmean": 0.839212596416,
        "dmean2": 1.34739935398,
        "dvar": 1.07169985771,
        "dvar2": 2.37111711502,
        "max": 9.55143260956,
        "mean": 2.51114463806,
        "median": 2.24236297607,
        "min": 0.0150157408789,
        "var": 1.71323657036
    },
    "melbands_spread": {
        "dmean": 8.87254619598,
        "dmean2": 14.2686128616,
        "dvar": 81.1993560791,
        "dvar2": 173.166473389,
        "max": 146.107254028,
        "mean": 30.63539505,
        "median": 28.6333141327,
        "min": 2.38538455963,
        "var": 225.745559692
    },
    "pitch_salience": {
        "dmean": 0.07292034477,
        "dmean2": 0.119678348303,
        "dvar": 0.00403234781697,
        "dvar2": 0.0108926892281,
        "max": 0.797367930412,
        "mean": 0.538518726826,
        "median": 0.546573400497,
        "min": 0.191729575396,
        "var": 0.00831877347082
    },
    "silence_rate_20dB": {
        "dmean": 0,
        "dmean2": 0,
        "dvar": 0,
        "dvar2": 0,
        "max": 1,
        "mean": 1,
        "median": 1,
        "min": 1,
        "var": 0
    },
    "silence_rate_30dB": {
        "dmean": 0.0247678011656,
        "dmean2": 0.0495739728212,
        "dvar": 0.0241547077894,
        "dvar2": 0.070353448391,
        "max": 1,
        "mean": 0.986852288246,
        "median": 1,
        "min": 0,
        "var": 0.0129747800529
    },
    "silence_rate_60dB": {
        "dmean": 0,
        "dmean2": 0,
        "dvar": 0,
        "dvar2": 0,
        "max": 0,
        "mean": 0,
        "median": 0,
        "min": 0,
        "var": 0
    },
    "spectral_centroid": {
        "dmean": 287.946624756,
        "dmean2": 451.371520996,
        "dvar": 63703.0976562,
        "dvar2": 156243.6875,
        "max": 3638.24487305,
        "mean": 1741.54003906,
        "median": 1722.45056152,
        "min": 628.053405762,
        "var": 196163.234375
    },
    "spectral_complexity": {
        "dmean": 5.13003110886,
        "dmean2": 7.65143299103,
        "dvar": 24.8546028137,
        "dvar2": 46.1713409424,
        "max": 56,
        "mean": 26.103635788,
        "median": 25,
        "min": 4,
        "var": 80.7518157959
    },
    "spectral_decrease": {
        "dmean": 3.92151466855e-09,
        "dmean2": 6.4126250976e-09,
        "dvar": 3.59994693586e-17,
        "dvar2": 8.51906099853e-17,
        "max": -8.86050233184e-10,
        "mean": -8.23008861062e-09,
        "median": -6.15859407915e-09,
        "min": -4.10425684549e-08,
        "var": 4.1552018482e-17
    },
    "spectral_energy": {
        "dmean": 0.0154041564092,
        "dmean2": 0.0250300429761,
        "dvar": 0.000523881404661,
        "dvar2": 0.00123661197722,
        "max": 0.158935159445,
        "mean": 0.0340606607497,
        "median": 0.0259305816144,
        "min": 0.00377403665334,
        "var": 0.000632084964309
    },
    "spectral_energyband_high": {
        "dmean": 0.000931711459998,
        "dmean2": 0.00126856705174,
        "dvar": 2.10137591239e-06,
        "dvar2": 3.93811023969e-06,
        "max": 0.0258835237473,
        "mean": 0.00227141520008,
        "median": 0.00115456548519,
        "min": 9.47832959355e-05,
        "var": 6.81840901962e-06
    },
    "spectral_energyband_low": {
        "dmean": 0.0110598430037,
        "dmean2": 0.0185647495091,
        "dvar": 0.000515742518473,
        "dvar2": 0.00122613878921,
        "max": 0.135152503848,
        "mean": 0.0135480212048,
        "median": 0.00632921559736,
        "min": 0.000266596325673,
        "var": 0.000501987466123
    },
    "spectral_energyband_middle_high": {
        "dmean": 0.00168593542185,
        "dmean2": 0.00252745952457,
        "dvar": 3.3349710975e-06,
        "dvar2": 7.40122050047e-06,
        "max": 0.0264616720378,
        "mean": 0.00593240698799,
        "median": 0.00491809239611,
        "min": 0.000857823237311,
        "var": 1.54885783559e-05
    },
    "spectral_energyband_middle_low": {
        "dmean": 0.00580516317859,
        "dmean2": 0.00964187737554,
        "dvar": 5.02920083818e-05,
        "dvar2": 0.000129727413878,
        "max": 0.0777868404984,
        "mean": 0.0136912660673,
        "median": 0.0105072595179,
        "min": 0.00147166242823,
        "var": 9.78106836556e-05
    },
    "spectral_entropy": {
        "dmean": 0.114569805562,
        "dmean2": 0.171688511968,
        "dvar": 0.0109423184767,
        "dvar2": 0.0230005923659,
        "max": 8.56619262695,
        "mean": 7.90554380417,
        "median": 7.89574956894,
        "min": 7.27134943008,
        "var": 0.0407776907086
    },
    "spectral_flux": {
        "dmean": 0.0329930596054,
        "dmean2": 0.0523890294135,
        "dvar": 0.00169443013147,
        "dvar2": 0.00350589561276,
        "max": 0.314970225096,
        "mean": 0.107305064797,
        "median": 0.092336319387,
        "min": 0.0366948656738,
        "var": 0.00289209000766
    },
    "spectral_kurtosis": {
        "dmean": 0.736848950386,
        "dmean2": 1.2027503252,
        "dvar": 0.463415324688,
        "dvar2": 1.16346955299,
        "max": 9.79004096985,
        "mean": 2.63713884354,
        "median": 2.45156145096,
        "min": -0.462014913559,
        "var": 1.43846428394
    },
    "spectral_rms": {
        "dmean": 0.0011602389859,
        "dmean2": 0.00185012212023,
        "dvar": 2.01867328542e-06,
        "dvar2": 4.59033299194e-06,
        "max": 0.0124522559345,
        "mean": 0.00548422383144,
        "median": 0.00502972444519,
        "min": 0.00191885046661,
        "var": 3.15324291478e-06
    },
    "spectral_rolloff": {
        "dmean": 844.562683105,
        "dmean2": 1361.79663086,
        "dvar": 1076470.625,
        "dvar2": 2553006,
        "max": 10056.0058594,
        "mean": 2002.0390625,
        "median": 1593.45703125,
        "min": 86.1328125,
        "var": 2353938.75
    },
    "spectral_skewness": {
        "dmean": 0.143319472671,
        "dmean2": 0.222259029746,
        "dvar": 0.0151159698144,
        "dvar2": 0.0326502732933,
        "max": 2.48994803429,
        "mean": 1.19622588158,
        "median": 1.1896572113,
        "min": 0.407411128283,
        "var": 0.0485363155603
    },
    "spectral_spread": {
        "dmean": 547945.9375,
        "dmean2": 844715.4375,
        "dvar": 443934572544,
        "dvar2": 1.00979887309e+12,
        "max": 11553578,
        "mean": 5203516,
        "median": 5077770,
        "min": 3102926.5,
        "var": 1.37775900262e+12
    },
    "spectral_strongpeak": {
        "dmean": 0.706588208675,
        "dmean2": 1.21933591366,
        "dvar": 0.771529257298,
        "dvar2": 1.8343859911,
        "max": 6.60896873474,
        "mean": 1.0748705864,
        "median": 0.500882565975,
        "min": 0,
        "var": 1.46296143532
    },
    "zerocrossingrate": {
        "dmean": 0.0138880489394,
        "dmean2": 0.0165225155652,
        "dvar": 0.000181421011803,
        "dvar2": 0.000236999723711,
        "max": 0.275390625,
        "mean": 0.0825878828764,
        "median": 0.07470703125,
        "min": 0.0166015625,
        "var": 0.0011873668991
    },
    "barkbands": {
        "dmean": [0.000486918463139, 0.00915284082294, 0.00266427220777, 0.00175534759182, 0.00270017422736, 0.000566390808672, 0.000707929197233, 0.00117617379874, 0.00161389447749, 0.000757908564992, 0.000290632131509, 0.000283281318843, 0.000419366871938, 0.000296943355352, 0.000260543194599, 0.000197518209461, 0.000310864852509, 0.000257526495261, 0.000216118743992, 0.000203649906325, 0.000249666220043, 0.000225829455303, 0.000157797825523, 0.000159441668075, 0.000136531700264, 0.000129793203087, 1.32136324105e-09],
        "dmean2": [0.00073749711737, 0.0158948078752, 0.00483696581796, 0.00304336845875, 0.0046237334609, 0.00090761546744, 0.00113289593719, 0.00177746091504, 0.00247164536268, 0.00114348391071, 0.000455008877907, 0.000448390230304, 0.000664276245516, 0.000479877955513, 0.000423285731813, 0.000320470309816, 0.000489221187308, 0.000415698130382, 0.00034356926335, 0.000319718965329, 0.000388924323488, 0.000337433360983, 0.000234166262089, 0.000227745767916, 0.000207280027098, 0.00020562937425, 2.43208631012e-09],
        "dvar": [7.66671291785e-07, 0.000387623265851, 4.03092381021e-05, 5.1368115237e-06, 1.84151322173e-05, 9.75305056272e-07, 2.23057577386e-06, 5.43986152479e-06, 1.49200441228e-05, 1.89867012068e-06, 3.41371702461e-07, 6.27421741228e-07, 7.46263651763e-07, 2.31317173416e-07, 1.85153240295e-07, 9.76899130478e-08, 1.36282196195e-07, 2.23544518008e-07, 6.33084837887e-08, 6.40472990199e-08, 1.23724390733e-07, 1.28106719899e-07, 7.98505794819e-08, 1.77667388357e-07, 7.75618431703e-08, 9.3780762711e-08, 3.45546098216e-18],
        "dvar2": [1.59386081577e-06, 0.000988122192211, 0.000112926631118, 1.4772810573e-05, 4.77154571854e-05, 2.20987362809e-06, 5.60635453439e-06, 1.22364535855e-05, 3.83076549042e-05, 4.31755825048e-06, 8.17914042273e-07, 1.45871956647e-06, 1.81546704425e-06, 5.64362210298e-07, 4.29974477356e-07, 2.59730995822e-07, 3.40503220286e-07, 5.22978382378e-07, 1.66609666508e-07, 1.45736549939e-07, 3.04190933775e-07, 2.838090154e-07, 1.55862323936e-07, 3.31639824935e-07, 1.71504865421e-07, 2.28721845019e-07, 1.04534925096e-17],
        "max": [0.00765999685973, 0.124434739351, 0.0549963414669, 0.0204350668937, 0.0427462793887, 0.0159194339067, 0.0189101956785, 0.0330385193229, 0.0578680969775, 0.018016634509, 0.00910653546453, 0.0149461496621, 0.0132204554975, 0.00776656717062, 0.00871552713215, 0.00619936967269, 0.00546653661877, 0.00915400218219, 0.00440977606922, 0.00212329579517, 0.00539057562128, 0.00327902566642, 0.00615578657016, 0.00948183331639, 0.00409107841551, 0.00378787401132, 1.58818842522e-08],
        "mean": [0.000666827429086, 0.00913953967392, 0.00266973278485, 0.00250496156514, 0.00355743127875, 0.000884424895048, 0.0010490588611, 0.00195663608611, 0.00315017998219, 0.00136716745328, 0.00044676446123, 0.000500945083331, 0.000792810460553, 0.000486814358737, 0.000442586664576, 0.000370540248696, 0.000635086500552, 0.000513429404236, 0.000476165703731, 0.000414034002461, 0.000552101992071, 0.000387832726119, 0.000373688380932, 0.000332730793161, 0.000230710385949, 0.000158483089763, 1.11348563703e-09],
        "median": [0.000156745591084, 0.00337794050574, 0.00145812169649, 0.00171038357075, 0.00215233978815, 0.000523114576936, 0.000373684451915, 0.000651815673336, 0.000595727993641, 0.000436547299614, 0.000201368602575, 0.000169611070305, 0.000269129726803, 0.000258581858361, 0.000274927297141, 0.000257956882706, 0.000414994894527, 0.000301093590679, 0.000383054924896, 0.000325210159644, 0.000274275953416, 0.000190570834093, 0.000152270324179, 0.000120180608064, 9.89411928458e-05, 5.35478102393e-05, 4.8045639689e-10],
        "min": [1.01084367543e-06, 0.000123225239804, 2.0704796043e-05, 4.18731251557e-05, 6.82160971337e-05, 1.05698964035e-05, 1.00765901152e-05, 5.44265185454e-06, 1.48125791384e-05, 4.88947898702e-06, 6.63660603095e-06, 4.3148597797e-06, 1.2969193449e-05, 6.70606277708e-06, 2.92820477625e-05, 1.44057830767e-05, 3.88067746826e-05, 3.21345105476e-05, 4.58770009573e-05, 3.09745155391e-05, 3.3574338886e-05, 1.27697558128e-05, 1.23202598843e-05, 2.94105711873e-06, 4.63619159063e-07, 3.52393882963e-08, 3.57356852443e-11],
        "var": [1.44371301758e-06, 0.000331442453898, 2.62618323177e-05, 7.22836966816e-06, 1.91226154129e-05, 1.82281974048e-06, 3.9599176489e-06, 1.18293091873e-05, 4.26761580457e-05, 5.00485703014e-06, 5.71029715957e-07, 1.74686363152e-06, 2.37201061282e-06, 4.56141577843e-07, 3.63113088042e-07, 1.51358491962e-07, 3.91260272181e-07, 5.52749156668e-07, 1.19370582752e-07, 1.04412904989e-07, 4.91081948439e-07, 2.25630827799e-07, 3.09714891955e-07, 4.09216141861e-07, 1.39098929708e-07, 1.0122156624e-07, 2.9398515958e-18]
    },
    "erbbands": {
        "dmean": [0.31154024601, 1.94984257221, 2.96429014206, 4.28707551956, 10.0887451172, 7.16791057587, 4.50366830826, 5.15050983429, 7.63279294968, 18.9754829407, 23.375837326, 44.8393478394, 24.6081809998, 18.6938877106, 13.2215766907, 13.3370609283, 18.5555114746, 16.5122642517, 14.3774871826, 9.37172985077, 9.9497795105, 15.0336780548, 14.7089662552, 11.3122501373, 10.0151596069, 9.93655872345, 10.8581962585, 8.93716621399, 8.25183200836, 6.24150705338, 4.48973464966, 3.82728528976, 2.54357504845, 1.60215604305, 1.021946311, 0.632389247417, 0.22115431726, 0.0254192911088, 0.000436734844698, 3.38712343364e-05],
        "dmean2": [0.550928413868, 3.34877681732, 5.19956302643, 7.48507070541, 17.4705524445, 12.2594404221, 7.48666477203, 8.18132400513, 12.4121236801, 29.1307010651, 35.7262763977, 68.7409133911, 38.5604057312, 27.0453262329, 20.7181434631, 21.2290248871, 29.1777000427, 26.2298088074, 23.60496521, 15.1431217194, 16.0788784027, 23.1615791321, 23.2677268982, 18.0436134338, 15.8728580475, 15.6423606873, 17.0763587952, 13.747803688, 12.2745771408, 9.30516433716, 6.48553752899, 5.48785972595, 3.72332119942, 2.39562869072, 1.59446024895, 1.00368654728, 0.34655508399, 0.0416200347245, 0.000703740282916, 5.23137423443e-05],
        "dvar": [0.445259451866, 18.0559959412, 50.0706939697, 42.5269851685, 232.068588257, 154.841323853, 117.979408264, 104.037559509, 302.343841553, 1930.53100586, 2150.92236328, 11913.7441406, 2935.12890625, 1658.96032715, 651.075927734, 1606.37145996, 1274.52233887, 758.858276367, 539.828186035, 194.854187012, 201.099014282, 343.098480225, 948.691589355, 178.617965698, 131.522033691, 144.624847412, 222.633758545, 195.110992432, 175.798873901, 98.0029907227, 77.7858963013, 148.267807007, 31.3467674255, 14.1909418106, 4.17938947678, 2.38373923302, 0.248986169696, 0.00368038425222, 1.02754347608e-06, 2.49104359362e-09],
        "dvar2": [1.23537015915, 44.9987640381, 135.141998291, 119.202796936, 640.670776367, 386.908721924, 257.808685303, 233.387680054, 794.612854004, 5009.72607422, 4816.86914062, 31093.5625, 7343.01611328, 3315.81030273, 1546.80310059, 3786.25439453, 3173.47216797, 1846.62487793, 1265.30822754, 477.860321045, 519.222045898, 838.941711426, 2153.83325195, 455.70791626, 326.123962402, 330.94619751, 536.4765625, 463.290863037, 397.584777832, 225.7709198, 149.287216187, 299.973480225, 60.1328926086, 30.0494441986, 9.72808456421, 5.89551401138, 0.606797635555, 0.00926899164915, 2.55595091403e-06, 5.86059600849e-09],
        "max": [3.92506337166, 26.6909828186, 55.312587738, 53.2770385742, 132.531646729, 150.008377075, 241.944000244, 202.15296936, 314.218963623, 735.412719727, 930.308959961, 1783.65734863, 1027.44689941, 553.626464844, 466.579345703, 758.765441895, 540.216247559, 427.841552734, 506.485443115, 187.260391235, 260.698059082, 298.816345215, 626.225830078, 189.287979126, 149.942779541, 107.951950073, 170.373062134, 262.562713623, 126.321098328, 124.795013428, 227.688247681, 314.040863037, 99.2355499268, 76.6789627075, 23.0371017456, 20.0614280701, 5.34143590927, 0.509689807892, 0.00910190120339, 0.000506980286445],
        "mean": [0.293228030205, 1.91794860363, 3.15662288666, 6.09778833389, 12.5069055557, 10.178571701, 7.08049583435, 7.98803281784, 11.8934822083, 28.9034004211, 43.8962669373, 87.6785507202, 44.2278900146, 33.7976455688, 22.3540992737, 24.5010929108, 36.3558273315, 30.245174408, 26.5882339478, 19.2252845764, 21.1667785645, 32.5511245728, 32.1734390259, 26.0117950439, 21.4033870697, 20.4369125366, 22.1978626251, 19.6264743805, 14.2196416855, 11.8931646347, 10.4630384445, 7.64101409912, 5.16016197205, 2.81744837761, 1.58057892323, 0.847304880619, 0.247206702828, 0.0232244767249, 0.000451909174444, 6.52949456708e-05],
        "median": [0.0952445566654, 0.747316479683, 1.62931442261, 4.19062566757, 7.62791728973, 6.33873033524, 4.19100666046, 4.30948781967, 5.42602062225, 10.2257509232, 21.2491550446, 19.1319408417, 19.4838256836, 11.4161481857, 10.4193401337, 9.43999862671, 13.7291307449, 15.4365301132, 16.2253227234, 13.5670862198, 16.0399532318, 21.9045791626, 19.6774711609, 19.9116477966, 17.0822200775, 16.2520713806, 13.2668190002, 9.20669078827, 7.07739686966, 5.01998329163, 4.28628444672, 2.57031583786, 1.93389296532, 1.06603217125, 0.705539643764, 0.310883879662, 0.0800472870469, 0.00489171361551, 0.000131161985337, 4.45353689429e-05],
        "min": [0.00325059471652, 0.028866706416, 0.0422251671553, 0.0987263470888, 0.21161839366, 0.192610383034, 0.192522540689, 0.170002415776, 0.26641830802, 0.311118274927, 0.445213764906, 0.778737366199, 0.652404665947, 0.669639885426, 0.554875791073, 0.760859370232, 1.03812909126, 1.06590020657, 1.36681687832, 1.58997952938, 1.04899573326, 2.29061698914, 2.57775235176, 2.35529971123, 2.19335460663, 1.65110838413, 1.30460488796, 0.777843892574, 0.508877933025, 0.276684015989, 0.285947740078, 0.118924356997, 0.0247294455767, 0.0074180313386, 0.00225031515583, 0.000578269187827, 0.000251647288678, 1.63900749612e-05, 8.37494462758e-06, 6.37395487502e-06],
        "var": [0.360054641962, 15.1995239258, 35.7015914917, 40.2694511414, 228.311950684, 180.984359741, 159.372360229, 203.512054443, 444.428710938, 2887.16992188, 5968.15917969, 34036.9648438, 5646.07763672, 4518.17480469, 1245.84973145, 4201.92480469, 4395.04150391, 1989.72680664, 1306.38720703, 365.990325928, 338.369445801, 1030.93261719, 2356.02587891, 441.120788574, 234.443862915, 243.617477417, 543.625732422, 719.39074707, 299.248962402, 239.152114868, 279.828979492, 283.695159912, 79.0454406738, 28.4084014893, 5.93832683563, 2.65801405907, 0.263307839632, 0.00328824762255, 9.69202005763e-07, 3.36618821706e-09]
    },
    "gfcc": {
        "mean": [54.1053161621, 69.2900543213, -111.779693604, 45.2070960999, -59.0695266724, 21.8461437225, -34.6018981934, 20.1683673859, -27.1812076569, 6.51120758057, -25.3460426331, -1.04182958603, -16.4143848419],
        "cov": [[1198.41491699, -656.436706543, 190.567474365, -88.2554626465, -209.508056641, 98.3701782227, -102.232925415, 22.9823226929, -23.9833106995, 30.1728668213, -68.1744613647, -17.4846038818, -129.986602783], [-656.436706543, 655.114379883, -142.477874756, 84.1930236816, 159.163253784, -98.7081069946, 89.0139389038, -19.0629844666, 65.0390090942, -16.1508636475, 72.2698287964, -16.8685092926, 87.4550247192], [190.567474365, -142.477874756, 241.409713745, 1.57602751255, 7.55970573425, 0.0518275164068, -44.8146400452, 10.6769304276, -14.1490755081, 35.9596595764, -12.5054759979, 16.9139728546, -31.8765125275], [-88.2554626465, 84.1930236816, 1.57602751255, 138.933883667, 38.6506690979, 5.42283582687, 19.4291210175, 4.18714570999, 43.5228919983, 2.14858150482, 14.3857345581, -11.6849479675, 37.1235084534], [-209.508056641, 159.163253784, 7.55970573425, 38.6506690979, 203.381210327, -10.521730423, 58.6509780884, 7.66848039627, -6.60138130188, -2.11368608475, 6.84763908386, 46.6293373108, 40.3154830933], [98.3701782227, -98.7081069946, 0.0518275164068, 5.42283582687, -10.521730423, 137.794525146, 51.425655365, 31.3186397552, 3.76348280907, -12.3038511276, 6.33177995682, -18.3579998016, -6.72500181198], [-102.232925415, 89.0139389038, -44.8146400452, 19.4291210175, 58.6509780884, 51.425655365, 135.724884033, 29.6063098907, 10.196603775, -18.4986591339, -1.3907687664, -5.27722406387, 23.978975296], [22.9823226929, -19.0629844666, 10.6769304276, 4.18714570999, 7.66848039627, 31.3186397552, 29.6063098907, 60.3610305786, 24.4510288239, 4.81148290634, 0.182925567031, -12.5302562714, 0.539344787598], [-23.9833106995, 65.0390090942, -14.1490755081, 43.5228919983, -6.60138130188, 3.76348280907, 10.196603775, 24.4510288239, 88.9138336182, 28.376750946, 15.2615375519, -28.7346076965, 3.56676387787], [30.1728668213, -16.1508636475, 35.9596595764, 2.14858150482, -2.11368608475, -12.3038511276, -18.4986591339, 4.81148290634, 28.376750946, 59.3983650208, 21.3060245514, -0.998065769672, -15.0344839096], [-68.1744613647, 72.2698287964, -12.5054759979, 14.3857345581, 6.84763908386, 6.33177995682, -1.3907687664, 0.182925567031, 15.2615375519, 21.3060245514, 66.0218505859, 11.8382167816, 0.42272657156], [-17.4846038818, -16.8685092926, 16.9139728546, -11.6849479675, 46.6293373108, -18.3579998016, -5.27722406387, -12.5302562714, -28.7346076965, -0.998065769672, 11.8382167816, 84.9695358276, 22.3808841705], [-129.986602783, 87.4550247192, -31.8765125275, 37.1235084534, 40.3154830933, -6.72500181198, 23.978975296, 0.539344787598, 3.56676387787, -15.0344839096, 0.42272657156, 22.3808841705, 78.3744277954]],
        "icov": [[0.00211255182512, 0.00187364406884, -0.000674633774906, 0.000232544392929, 0.000476601650007, -1.37778188218e-05, -0.000169109145645, 0.000398758158553, -0.0012960114982, 0.000648015644401, -2.88518549496e-05, 6.7948254582e-05, 0.000995165784843], [0.00187364406884, 0.0082380073145, -9.66282241279e-05, 0.00171291246079, -0.00424168026075, 0.00656057382002, -0.00370859261602, 0.00400654505938, -0.005699721165, 0.00645582703874, -0.00971552263945, 0.00679868692532, -0.00347495242022], [-0.000674633774906, -9.66282241279e-05, 0.00644034007564, -0.0019975064788, -0.00105075445026, -0.000441298616352, 0.00192842143588, -0.00244792969897, 0.00282141682692, -0.00457365252078, 0.00232380745001, -0.00138849241193, 0.0018621821655], [0.000232544392929, 0.00171291246079, -0.0019975064788, 0.0119800912216, -0.00303558516316, 0.000903029751498, -0.000820621848106, 0.00400196015835, -0.00743487337604, 0.00443708524108, -0.00494201947004, 0.00471371226013, -0.00628009345382], [0.000476601650007, -0.00424168026075, -0.00105075445026, -0.00303558516316, 0.0110307661816, -0.0030625318177, -0.00129651033785, -0.00338992639445, 0.00420363619924, -0.00508137466386, 0.00689511233941, -0.00843178108335, 0.00222168304026], [-1.37778188218e-05, 0.00656057382002, -0.000441298616352, 0.000903029751498, -0.0030625318177, 0.0168486461043, -0.0074851019308, -0.00025122743682, -0.00324620585889, 0.0084119476378, -0.0122828539461, 0.00784647185355, -0.00305089959875], [-0.000169109145645, -0.00370859261602, 0.00192842143588, -0.000820621848106, -0.00129651033785, -0.0074851019308, 0.0144801288843, -0.00573198497295, 0.00216963887215, -0.00171610887628, 0.00609633047134, -0.00249670702033, 0.000916827877518], [0.000398758158553, 0.00400654505938, -0.00244792969897, 0.00400196015835, -0.00338992639445, -0.00025122743682, -0.00573198497295, 0.0263278335333, -0.0105864321813, 0.00413827924058, -0.00495446659625, 0.00536395842209, -0.00363527657464], [-0.0012960114982, -0.005699721165, 0.00282141682692, -0.00743487337604, 0.00420363619924, -0.00324620585889, 0.00216963887215, -0.0105864321813, 0.0261159595102, -0.0155195239931, 0.00597304804251, -3.70453490177e-05, 0.00166073208675], [0.000648015644401, 0.00645582703874, -0.00457365252078, 0.00443708524108, -0.00508137466386, 0.0084119476378, -0.00171610887628, 0.00413827924058, -0.0155195239931, 0.0352131724358, -0.0173573512584, 0.00571750476956, -0.000336658908054], [-2.88518549496e-05, -0.00971552263945, 0.00232380745001, -0.00494201947004, 0.00689511233941, -0.0122828539461, 0.00609633047134, -0.00495446659625, 0.00597304804251, -0.0173573512584, 0.0347385257483, -0.0150378253311, 0.00815290119499], [6.7948254582e-05, 0.00679868692532, -0.00138849241193, 0.00471371226013, -0.00843178108335, 0.00784647185355, -0.00249670702033, 0.00536395842209, -3.70453490177e-05, 0.00571750476956, -0.0150378253311, 0.0260048191994, -0.0107801053673], [0.000995165784843, -0.00347495242022, 0.0018621821655, -0.00628009345382, 0.00222168304026, -0.00305089959875, 0.000916827877518, -0.00363527657464, 0.00166073208675, -0.000336658908054, 0.00815290119499, -0.0107801053673, 0.0232535880059]]
    },
    "melbands": {
        "dmean": [0.0026713621337, 0.00181251764297, 0.000889147107955, 0.000673585571349, 0.000170425162651, 0.000111050190753, 0.000124895028421, 0.000218330067582, 0.00019759076531, 0.000280708569335, 0.000117267627502, 7.9521414591e-05, 4.0342383727e-05, 3.59071236744e-05, 3.20828148688e-05, 4.55780718767e-05, 3.23628664773e-05, 2.37272470258e-05, 1.4884828488e-05, 1.56979240273e-05, 1.22562514662e-05, 1.53982000484e-05, 1.92923271243e-05, 1.1950471162e-05, 9.97691222437e-06, 8.77678940014e-06, 6.73817294228e-06, 7.19165063856e-06, 6.75171759212e-06, 7.76974411565e-06, 4.98770623381e-06, 4.87294801133e-06, 4.6547902457e-06, 3.46449337485e-06, 2.60496790361e-06, 2.89779950435e-06, 2.40770827986e-06, 2.04643674806e-06, 1.63882555171e-06, 1.37500524033e-06],
        "dmean2": [0.00466174678877, 0.00304735521786, 0.00155559624545, 0.00116584030911, 0.000282455788692, 0.000176606758032, 0.000200585651328, 0.000334659358487, 0.00030398031231, 0.000435146765085, 0.000184654767509, 0.000115300892503, 6.2885315856e-05, 5.67255410715e-05, 5.20297289768e-05, 7.22368131392e-05, 5.145342584e-05, 3.89982960769e-05, 2.43505346589e-05, 2.51567671512e-05, 2.00050599233e-05, 2.41532543441e-05, 3.09430761263e-05, 1.91632207134e-05, 1.60478411999e-05, 1.42713042806e-05, 1.06048082671e-05, 1.15575021482e-05, 1.07451833173e-05, 1.24939169837e-05, 7.79137008067e-06, 7.43146711102e-06, 7.05867842044e-06, 5.34002401764e-06, 3.88510215998e-06, 4.33195464211e-06, 3.61119828085e-06, 3.10195696329e-06, 2.46171316576e-06, 2.12292547985e-06],
        "dvar": [3.32240379066e-05, 1.64170451171e-05, 1.41545649512e-06, 1.1996756939e-06, 1.52811693965e-07, 4.38691252214e-08, 7.07016454271e-08, 2.51269256069e-07, 1.71560344597e-07, 5.03373428273e-07, 7.02397926489e-08, 3.10841450357e-08, 6.82625111992e-09, 6.27492857674e-09, 5.45205836033e-09, 1.05835029629e-08, 2.93891444514e-09, 1.31724098296e-09, 6.34723162918e-10, 4.8692355703e-10, 3.30013461003e-10, 3.19138632188e-10, 9.31869914567e-10, 4.12838652153e-10, 1.44676493008e-10, 1.12994169577e-10, 7.58288709601e-11, 7.6365830326e-11, 8.65998522892e-11, 1.47532694394e-10, 6.76835323898e-11, 6.14797796006e-11, 6.01405730771e-11, 3.53648985096e-11, 2.21177746257e-11, 7.69129343547e-11, 5.03289007692e-11, 2.06739833586e-11, 1.48255487747e-11, 1.09196150386e-11],
        "dvar2": [8.80190636963e-05, 4.04721977247e-05, 3.94236849388e-06, 3.14949784297e-06, 3.34995036155e-07, 9.88920660916e-08, 1.82049404884e-07, 6.26137307336e-07, 4.00190032224e-07, 1.3308429061e-06, 1.7563536403e-07, 6.18102262706e-08, 1.61886806183e-08, 1.52960506483e-08, 1.26373764786e-08, 2.65228994323e-08, 7.27939131195e-09, 3.07189895743e-09, 1.60026669693e-09, 1.21646304141e-09, 8.67762306456e-10, 7.55640383598e-10, 2.34836905477e-09, 9.02471042341e-10, 3.84954984556e-10, 2.93826601938e-10, 1.84174911433e-10, 1.81076709183e-10, 2.04078809407e-10, 3.95914689921e-10, 1.58476703982e-10, 1.41485712035e-10, 1.36836431075e-10, 9.06021299651e-11, 4.36545244398e-11, 1.75994274709e-10, 9.68864571904e-11, 4.56420803929e-11, 3.09300501877e-11, 2.49773882133e-11],
        "max": [0.0362532585859, 0.0290802754462, 0.00823347084224, 0.011579551734, 0.00782527588308, 0.00389513513073, 0.00427717482671, 0.00798790249974, 0.00759096164256, 0.0115676447749, 0.00499982759356, 0.00237804977223, 0.00123141729273, 0.00138935551513, 0.00112459156662, 0.00164294894785, 0.000829239026643, 0.00074845016934, 0.000460198003566, 0.000325517670717, 0.000325644301483, 0.000255478080362, 0.000508641358465, 0.000344656727975, 0.000166350873769, 0.000181422044989, 9.10154922167e-05, 8.60190557432e-05, 0.000107196356112, 0.000206054901355, 0.000132856570417, 7.71186532802e-05, 7.69816615502e-05, 8.96134079085e-05, 0.000113842994324, 0.000237555825152, 0.000158152877702, 7.51250772737e-05, 6.65861007292e-05, 7.11725879228e-05],
        "mean": [0.00264399312437, 0.00200669281185, 0.00127277488355, 0.000887076603249, 0.000273763842415, 0.000172240950633, 0.000192302060896, 0.000341004342772, 0.000374790863134, 0.000536950770766, 0.000198743437068, 0.000136872331495, 6.45262916805e-05, 6.32733790553e-05, 6.03538101132e-05, 8.38980849949e-05, 5.28733180545e-05, 4.28842540714e-05, 2.6458665161e-05, 2.87401016976e-05, 2.37794956774e-05, 3.14127355523e-05, 3.77301003027e-05, 2.34883773373e-05, 2.07234861591e-05, 1.78268310265e-05, 1.27808862089e-05, 1.36536500577e-05, 1.25696715259e-05, 1.55670368258e-05, 9.92111472442e-06, 8.07747164799e-06, 7.21049673302e-06, 6.39442714601e-06, 5.9917042563e-06, 5.52142728338e-06, 4.41870906798e-06, 3.80016786039e-06, 2.91143305731e-06, 2.17883598452e-06],
        "median": [0.000938702374697, 0.000961091252975, 0.000880368985236, 0.000560840475373, 0.000166073470609, 9.53506241785e-05, 7.7733406215e-05, 0.000118054907944, 0.000162700598594, 9.77419549599e-05, 8.292010898e-05, 4.07969782827e-05, 2.94814926747e-05, 2.63893707597e-05, 2.65258113359e-05, 2.61015120486e-05, 2.55242830463e-05, 2.60864399024e-05, 1.77515012183e-05, 2.0217616111e-05, 1.72375293914e-05, 2.10213911487e-05, 1.92787028936e-05, 1.44333462231e-05, 1.57066097017e-05, 1.38666146086e-05, 9.64425362326e-06, 1.04259434011e-05, 8.60839281813e-06, 6.59511260892e-06, 4.66126175525e-06, 4.04483216698e-06, 3.23742688124e-06, 2.62755179392e-06, 2.42744272327e-06, 2.10181315197e-06, 1.37141159939e-06, 1.36475091495e-06, 1.04891910269e-06, 8.17681552689e-07],
        "min": [4.55322006019e-05, 3.85510174965e-05, 3.51771377609e-05, 2.95848767564e-05, 8.19623346615e-06, 2.57460214925e-06, 2.69538395514e-06, 2.58067939285e-06, 1.57940189638e-06, 2.55925692727e-06, 1.54524593654e-06, 9.12283951493e-07, 1.26816348711e-06, 1.18582647701e-06, 1.1160085478e-06, 1.48659739807e-06, 1.22777817069e-06, 2.18513991967e-06, 1.65151334386e-06, 7.18457897619e-07, 9.67388359641e-07, 1.92308084479e-06, 1.44796138102e-06, 1.65762446613e-06, 1.60510080605e-06, 1.50365019636e-06, 1.00816509985e-06, 7.3426980407e-07, 7.34700336125e-07, 4.92673166264e-07, 3.07154778056e-07, 2.54497422247e-07, 2.120724929e-07, 6.11295263298e-08, 1.48560289404e-07, 1.24018313841e-07, 9.63544977139e-09, 7.14828951587e-09, 1.54811274911e-10, 3.35580285782e-10],
