{
"highlevel": {
    "danceability": {
        "all": {
            "danceable": 0.0785765573382,
            "not_danceable": 0.921423435211
        },
        "probability": 0.921423435211,
        "value": "not_danceable"
    },
    "gender": {
        "all": {
            "female": 0.237907767296,
            "male": 0.762092232704
        },
        "probability": 0.762092232704,
        "value": "male"
    },
    "genre_dortmund": {
        "all": {
            "alternative": 0.0995891541243,
            "blues": 0.149980247021,
            "electronic": 0.0215407349169,
            "folkcountry": 0.0415191948414,
            "funksoulrnb": 0.00911734253168,
            "jazz": 0.0939421802759,
            "pop": 0.02143727988,
            "raphiphop": 0.0050335987471,
            "rock": 0.557840287685
        },
        "probability": 0.557840287685,
        "value": "rock"
    },
    "genre_electronic": {
        "all": {
            "ambient": 0.431236356497,
            "dnb": 0.457609087229,
            "house": 0.0546130724251,
            "techno": 0.0077992468141,
            "trance": 0.0487422533333
        },
        "probability": 0.457609087229,
        "value": "dnb"
    },
    "genre_rosamerica": {
        "all": {
            "cla": 0.0514182373881,
            "dan": 0.00991879124194,
            "hip": 0.011816107668,
            "jaz": 0.010816924274,
            "pop": 0.0629158690572,
            "rhy": 0.00726707139984,
            "roc": 0.842575192451,
            "spe": 0.00327180814929
        },
        "probability": 0.842575192451,
        "value": "roc"
    },
    "genre_tzanetakis": {
        "all": {
            "blu": 0.0626613423228,
            "cla": 0.0348169617355,
            "cou": 0.104475811124,
            "dis": 0.0784321576357,
            "hip": 0.15692435205,
            "jaz": 0.313974827528,
            "met": 0.0448166541755,
            "pop": 0.0627359300852,
            "reg": 0.0627360641956,
            "roc": 0.0784258767962
        },
        "probability": 0.313974827528,
        "value": "jaz"
    },
    "ismir04_rhythm": {
        "all": {
            "ChaChaCha": 0.681428968906,
            "Jive": 0.0541868582368,
            "Quickstep": 0.022015189752,
            "Rumba-American": 0.01282325387,
            "Rumba-International": 0.00706126820296,
            "Rumba-Misc": 0.00358396279626,
            "Samba": 0.0624302886426,
            "Tango": 0.0521117895842,
            "VienneseWaltz": 0.0923934578896,
            "Waltz": 0.0119649553671
        },
        "probability": 0.681428968906,
        "value": "ChaChaCha"
    },
    "mood_acoustic": {
        "all": {
            "acoustic": 1.63255444932e-05,
            "not_acoustic": 0.999983668327
        },
        "probability": 0.999983668327,
        "value": "not_acoustic"
    },
    "mood_aggressive": {
        "all": {
            "aggressive": 0.934516489506,
            "not_aggressive": 0.0654835104942
        },
        "probability": 0.934516489506,
        "value": "aggressive"
    },
    "mood_electronic": {
        "all": {
            "electronic": 0.223197251558,
            "not_electronic": 0.776802718639
        },
        "probability": 0.776802718639,
        "value": "not_electronic"
    },
    "mood_happy": {
        "all": {
            "happy": 0.762896537781,
            "not_happy": 0.237103432417
        },
        "probability": 0.762896537781,
        "value": "happy"
    },
    "mood_party": {
        "all": {
            "not_party": 0.298275589943,
            "party": 0.701724410057
        },
        "probability": 0.701724410057,
        "value": "party"
    },
    "mood_relaxed": {
        "all": {
            "not_relaxed": 0.971513807774,
            "relaxed": 0.0284861959517
        },
        "probability": 0.971513807774,
        "value": "not_relaxed"
    },
    "mood_sad": {
        "all": {
            "not_sad": 0.958351016045,
            "sad": 0.0416489690542
        },
        "probability": 0.958351016045,
        "value": "not_sad"
    },
    "moods_mirex": {
        "all": {
            "Cluster1": 0.51251065731,
            "Cluster2": 0.0726952031255,
            "Cluster3": 0.0292316116393,
            "Cluster4": 0.0732909739017,
            "Cluster5": 0.312271595001
        },
        "probability": 0.51251065731,
        "value": "Cluster1"
    },
    "timbre": {
        "all": {
            "bright": 0.608215689659,
            "dark": 0.391784340143
        },
        "probability": 0.608215689659,
        "value": "bright"
    },
    "tonal_atonal": {
        "all": {
            "atonal": 0.272374212742,
            "tonal": 0.727625787258
        },
        "probability": 0.727625787258,
        "value": "tonal"
    },
    "voice_instrumental": {
        "all": {
            "instrumental": 0.254326343536,
            "voice": 0.745673656464
        },
        "probability": 0.745673656464,
        "value": "voice"
    }
},
"lowlevel": {
    "average_loudness": 0.93327575922,
    "barkbands_crest": {
        "dmean": 1.90518534184,
        "dmean2": 3.22200202942,
        "dvar": 3.74544548988,
        "dvar2": 10.2992391586,
        "max": 21.4482002258,
        "mean": 7.76370048523,
        "median": 6.49531316757,
        "min": 2.79067564011,
        "var": 14.4285383224
    },
    "barkbands_flatness_db": {
        "dmean": 0.0158887449652,
        "dmean2": 0.0239318907261,
        "dvar": 0.000296086014714,
        "dvar2": 0.000539564294741,
        "max": 0.512095034122,
        "mean": 0.145761534572,
        "median": 0.115838855505,
        "min": 0.0439070723951,
        "var": 0.00510314758867
    },
    "barkbands_kurtosis": {
        "dmean": 1.27423751354,
        "dmean2": 1.99845063686,
        "dvar": 17.1783638,
        "dvar2": 35.1527175903,
        "max": 94.0459060669,
        "mean": 1.38966822624,
        "median": -0.634662151337,
        "min": -1.71876835823,
        "var": 74.2496566772
    },
    "barkbands_skewness": {
        "dmean": 0.368618965149,
        "dmean2": 0.568993031979,
        "dvar": 0.167871251702,
        "dvar2": 0.380249381065,
        "max": 8.15796470642,
        "mean": 0.717468738556,
        "median": 0.419979214668,
        "min": -2.49939036369,
        "var": 1.44160842896
    },
    "barkbands_spread": {
        "dmean": 4.13304710388,
        "dmean2": 6.33357191086,
        "dvar": 19.0798339844,
        "dvar2": 43.9235229492,
        "max": 62.8998527527,
        "mean": 27.3527584076,
        "median": 29.8809814453,
        "min": 0.741562783718,
        "var": 130.404052734
    },
    "dissonance": {
        "dmean": 0.010347248055,
        "dmean2": 0.0174340549856,
        "dvar": 0.000106624036562,
        "dvar2": 0.000311707815854,
        "max": 0.499899417162,
        "mean": 0.478318542242,
        "median": 0.481886982918,
        "min": 0.383218407631,
        "var": 0.000227163021918
    },
    "dynamic_complexity": 4.76516914368,
    "erbbands_crest": {
        "dmean": 2.45464754105,
        "dmean2": 4.09996700287,
        "dvar": 6.78038024902,
        "dvar2": 17.1760749817,
        "max": 28.5732631683,
        "mean": 8.28854846954,
        "median": 7.53204441071,
        "min": 2.44946193695,
        "var": 12.2696714401
    },
    "erbbands_flatness_db": {
        "dmean": 0.0146812479943,
        "dmean2": 0.0211869478226,
        "dvar": 0.000254902144661,
        "dvar2": 0.000489557278343,
        "max": 0.436258673668,
        "mean": 0.195561021566,
        "median": 0.169480144978,
        "min": 0.0869570076466,
        "var": 0.00490568298846
    },
    "erbbands_kurtosis": {
        "dmean": 0.67006957531,
        "dmean2": 1.06990897655,
        "dvar": 0.588002443314,
        "dvar2": 1.49009716511,
        "max": 10.4636039734,
        "mean": 0.224780604243,
        "median": -0.0468595027924,
        "min": -1.5124155283,
        "var": 1.45532846451
    },
    "erbbands_skewness": {
        "dmean": 0.294389009476,
        "dmean2": 0.455446749926,
        "dvar": 0.0780895873904,
        "dvar2": 0.177250117064,
        "max": 3.27577328682,
        "mean": -0.42770460248,
        "median": -0.447164535522,
        "min": -2.26880526543,
        "var": 0.335534930229
    },
    "erbbands_spread": {
        "dmean": 5.74620771408,
        "dmean2": 8.8017988205,
        "dvar": 46.7433128357,
        "dvar2": 105.095733643,
        "max": 106.518386841,
        "mean": 30.2720718384,
        "median": 28.5546283722,
        "min": 5.15081310272,
        "var": 194.929458618
    },
    "hfc": {
        "dmean": 4.40590286255,
        "dmean2": 6.51879453659,
        "dvar": 26.160161972,
        "dvar2": 55.5535812378,
        "max": 75.6892776489,
        "mean": 24.6639575958,
        "median": 24.1114521027,
        "min": 0.0208528824151,
        "var": 357.106903076
    },
    "melbands_crest": {
        "dmean": 2.37963151932,
        "dmean2": 4.07668352127,
        "dvar": 5.98757553101,
        "dvar2": 16.0656414032,
        "max": 28.1334571838,
        "mean": 11.5378160477,
        "median": 10.1896371841,
        "min": 2.63758158684,
        "var": 24.3263645172
    },
    "melbands_flatness_db": {
        "dmean": 0.0183548536152,
        "dmean2": 0.0277969818562,
        "dvar": 0.000483271607663,
        "dvar2": 0.000921526341699,
        "max": 0.632086932659,
        "mean": 0.175099149346,
        "median": 0.149131387472,
        "min": 0.0708436444402,
        "var": 0.00643771840259
    },
    "melbands_kurtosis": {
        "dmean": 3.56082582474,
        "dmean2": 5.58598518372,
        "dvar": 93.2587814331,
        "dvar2": 187.244644165,
        "max": 239.523147583,
        "mean": 7.40145683289,
        "median": 1.37589359283,
        "min": -1.59952509403,
        "var": 435.247772217
    },
    "melbands_skewness": {
        "dmean": 0.477070093155,
        "dmean2": 0.754973471165,
        "dvar": 0.299416363239,
        "dvar2": 0.697346568108,
        "max": 12.3622722626,
        "mean": 1.82010757923,
        "median": 1.42194592953,
        "min": -1.55356347561,
        "var": 2.73372364044
    },
    "melbands_spread": {
        "dmean": 6.72548151016,
        "dmean2": 10.5148763657,
        "dvar": 43.6108169556,
        "dvar2": 104.593955994,
        "max": 86.1170959473,
        "mean": 35.324760437,
        "median": 35.0952110291,
        "min": 0.515803277493,
        "var": 258.755218506
    },
    "pitch_salience": {
        "dmean": 0.0552002266049,
        "dmean2": 0.0912384316325,
        "dvar": 0.0027535778936,
        "dvar2": 0.00706677557901,
        "max": 0.865820705891,
        "mean": 0.588442325592,
        "median": 0.594692230225,
        "min": 0.225729480386,
        "var": 0.00969755649567
    },
    "silence_rate_20dB": {
        "dmean": 0,
        "dmean2": 0,
        "dvar": 0,
        "dvar2": 0,
        "max": 1,
        "mean": 1,
        "median": 1,
        "min": 1,
        "var": 0
    },
    "silence_rate_30dB": {
        "dmean": 0,
        "dmean2": 0,
        "dvar": 0,
        "dvar2": 0,
        "max": 1,
        "mean": 1,
        "median": 1,
        "min": 1,
        "var": 0
    },
    "silence_rate_60dB": {
        "dmean": 0.0201238393784,
        "dmean2": 0.0402788519859,
        "dvar": 0.0197187643498,
        "dvar2": 0.0402054861188,
        "max": 1,
        "mean": 0.170146942139,
        "median": 0,
        "min": 0,
        "var": 0.141196548939
    },
    "spectral_centroid": {
        "dmean": 199.121078491,
        "dmean2": 306.812438965,
        "dvar": 44926.7695312,
        "dvar2": 105101.710938,
        "max": 3461.31811523,
        "mean": 1845.55041504,
        "median": 1951.12365723,
        "min": 159.727127075,
        "var": 251553.234375
    },
    "spectral_complexity": {
        "dmean": 3.54953551292,
        "dmean2": 5.41130924225,
        "dvar": 12.3559331894,
        "dvar2": 26.2065162659,
        "max": 55,
        "mean": 25.5699920654,
        "median": 30,
        "min": 0,
        "var": 211.098709106
    },
    "spectral_decrease": {
        "dmean": 1.21251864105e-09,
        "dmean2": 2.01156291624e-09,
        "dvar": 2.9623068611e-18,
        "dvar2": 7.99058374242e-18,
        "max": -3.27677641965e-12,
        "mean": -5.63280622146e-09,
        "median": -6.22256912663e-09,
        "min": -1.73050995755e-08,
        "var": 1.32568282851e-17
    },
    "spectral_energy": {
        "dmean": 0.00481035560369,
        "dmean2": 0.00794671289623,
        "dvar": 4.51608502772e-05,
        "dvar2": 0.00012022980809,
        "max": 0.0701454803348,
        "mean": 0.0234965812415,
        "median": 0.0262497477233,
        "min": 1.42587314258e-05,
        "var": 0.000231812373386
    },
    "spectral_energyband_high": {
        "dmean": 0.00023830801365,
        "dmean2": 0.0003346419835,
        "dvar": 1.42185200502e-07,
        "dvar2": 2.95516088045e-07,
        "max": 0.00497972359881,
        "mean": 0.000740877061617,
        "median": 0.000623054918833,
        "min": 4.05314750651e-08,
        "var": 5.87427791743e-07
    },
    "spectral_energyband_low": {
        "dmean": 0.00255301385187,
        "dmean2": 0.00433992082253,
        "dvar": 1.29274367282e-05,
        "dvar2": 3.50270311174e-05,
        "max": 0.0398642718792,
        "mean": 0.00682162446901,
        "median": 0.00677148625255,
        "min": 2.5401671877e-09,
        "var": 2.67903687927e-05
    },
    "spectral_energyband_middle_high": {
        "dmean": 0.00183497462422,
        "dmean2": 0.00271755643189,
        "dvar": 4.99346469951e-06,
        "dvar2": 1.09468319351e-05,
        "max": 0.032391410321,
        "mean": 0.00881287269294,
        "median": 0.007754963357,
        "min": 8.9102286438e-06,
        "var": 5.16841028002e-05
    },
    "spectral_energyband_middle_low": {
        "dmean": 0.00317251379602,
        "dmean2": 0.00526105286554,
        "dvar": 3.54771655111e-05,
        "dvar2": 9.5371142379e-05,
        "max": 0.0560227036476,
        "mean": 0.00807382259518,
        "median": 0.00747312698513,
        "min": 1.02982778571e-06,
        "var": 6.07096590102e-05
    },
    "spectral_entropy": {
        "dmean": 0.100675798953,
        "dmean2": 0.148908793926,
        "dvar": 0.0160075705498,
        "dvar2": 0.0293640233576,
        "max": 8.31773853302,
        "mean": 7.60948371887,
        "median": 7.69847106934,
        "min": 5.37255525589,
        "var": 0.134772136807
    },
    "spectral_flux": {
        "dmean": 0.0149868633598,
        "dmean2": 0.0224573612213,
        "dvar": 0.000332534284098,
        "dvar2": 0.00065741391154,
        "max": 0.206419497728,
        "mean": 0.0742752626538,
        "median": 0.0810481086373,
        "min": 0.00184098666068,
        "var": 0.00199165265076
    },
    "spectral_kurtosis": {
        "dmean": 2.65226411819,
        "dmean2": 4.64174556732,
        "dvar": 15.9774532318,
        "dvar2": 48.1094741821,
        "max": 42.5444374084,
        "mean": 5.1582069397,
        "median": 3.79543304443,
        "min": 0.350925207138,
        "var": 22.1917953491
    },
    "spectral_rms": {
        "dmean": 0.000453362386907,
        "dmean2": 0.000734550063498,
        "dvar": 3.16500177178e-07,
        "dvar2": 8.04181979674e-07,
        "max": 0.00827252212912,
        "mean": 0.00436755781993,
        "median": 0.0050605838187,
        "min": 0.000117944720841,
        "var": 3.84790155294e-06
    },
    "spectral_rolloff": {
        "dmean": 331.76385498,
        "dmean2": 551.573852539,
        "dvar": 183909.21875,
        "dvar2": 432429.3125,
        "max": 5038.76953125,
        "mean": 2066.0378418,
        "median": 2347.11914062,
        "min": 107.666015625,
        "var": 644882.875
    },
    "spectral_skewness": {
        "dmean": 0.272572219372,
        "dmean2": 0.461298644543,
        "dvar": 0.111746937037,
        "dvar2": 0.335445851088,
        "max": 4.34085464478,
        "mean": 1.24346649647,
        "median": 1.20909810066,
        "min": 0.305982887745,
        "var": 0.161341249943
    },
    "spectral_spread": {
        "dmean": 310636.34375,
        "dmean2": 443170.8125,
        "dvar": 150849994752,
        "dvar2": 281673891840,
        "max": 8068592.5,
        "mean": 3198084.25,
        "median": 3244846.25,
        "min": 1080314.125,
        "var": 1.2431949824e+12
    },
    "spectral_strongpeak": {
        "dmean": 0.557461977005,
        "dmean2": 0.987892091274,
        "dvar": 0.982739150524,
        "dvar2": 2.57558083534,
        "max": 7.59120416641,
        "mean": 0.750177204609,
        "median": 0.378603696823,
        "min": 0,
        "var": 0.98713350296
    },
    "zerocrossingrate": {
        "dmean": 0.00674145575613,
        "dmean2": 0.0081517631188,
        "dvar": 4.05008358939e-05,
        "dvar2": 5.50652439415e-05,
        "max": 0.1416015625,
        "mean": 0.0697943866253,
        "median": 0.07421875,
        "min": 0.00341796875,
        "var": 0.000475468608784
    },
    "barkbands": {
        "dmean": [2.36515988945e-05, 0.00142708932981, 0.0015982008772, 0.000951485475525, 0.00204078829847, 0.000417571136495, 0.000724082754459, 0.000421755132265, 0.000406987615861, 0.000787794589996, 0.000306099042064, 0.000237983840634, 0.00025948806433, 0.000352581322659, 0.00059810600942, 0.00061808078317, 0.000733330729418, 0.000254608341493, 0.000309519236907, 0.000132343615405, 0.000101507750514, 6.96964198141e-05, 3.54174335371e-05, 3.18643687933e-05, 1.83895244845e-05, 5.79600146011e-06, 2.41852315952e-08],
        "dmean2": [3.92948713852e-05, 0.00243798643351, 0.00274552847259, 0.00165614590514, 0.00355485617183, 0.00068127119448, 0.00114612746984, 0.000678695680108, 0.000649768859148, 0.00118965248112, 0.000474275206216, 0.000387464271626, 0.000414503592765, 0.000568521849345, 0.000970736553427, 0.00100549310446, 0.00118012644816, 0.000417101866333, 0.000498163979501, 0.0002164690668, 0.000157482209033, 0.000101605408418, 5.35764083907e-05, 4.69768347102e-05, 2.72072229563e-05, 8.94851291378e-06, 4.03338979993e-08],
        "dvar": [3.63235685974e-09, 4.82462883156e-06, 6.74175316817e-06, 2.35907350543e-06, 2.2677677407e-05, 4.67852629527e-07, 1.75321451934e-06, 8.06741695669e-07, 6.70284919124e-07, 1.97146027858e-06, 2.0985652327e-07, 1.94386018393e-07, 2.5915784363e-07, 4.35532683696e-07, 8.45738497901e-07, 1.1546553651e-06, 1.13542046165e-06, 1.29466513954e-07, 1.88249529742e-07, 3.55197968815e-08, 2.43238478248e-08, 1.19243868113e-08, 3.12034753591e-09, 1.0340929002e-08, 1.69053715471e-09, 1.65369870575e-10, 6.06319355007e-15],
        "dvar2": [6.22687768015e-09, 1.37861479743e-05, 1.91439376067e-05, 6.91208151693e-06, 6.35892647551e-05, 1.17005663469e-06, 4.27012355431e-06, 1.97700933313e-06, 1.47580533394e-06, 4.24602330895e-06, 4.66802930532e-07, 5.1404953183e-07, 6.72080943787e-07, 1.10451367163e-06, 2.14643910112e-06, 3.11804524245e-06, 2.97835185847e-06, 3.21400477787e-07, 4.68959967748e-07, 8.97740193295e-08, 5.65550202225e-08, 2.59450896323e-08, 6.79843692453e-09, 2.76079568096e-08, 3.79670561657e-09, 3.80688175428e-10, 1.08714425672e-14],
        "max": [0.00179759995081, 0.0242110360414, 0.0247647296637, 0.0135090956464, 0.0393368788064, 0.00860059633851, 0.0166057981551, 0.0137364845723, 0.0123596452177, 0.0232075676322, 0.00765321077779, 0.00721103558317, 0.00689909327775, 0.00792695581913, 0.00980147439986, 0.0106512540951, 0.0123830642551, 0.00524604925886, 0.00560284312814, 0.00174418813549, 0.00199262076057, 0.00155535480008, 0.000638703058939, 0.00249129743315, 0.000637067947537, 0.000166084457305, 2.02985597753e-06],
        "mean": [2.69079937425e-05, 0.00293328985572, 0.0030759787187, 0.00163774425164, 0.00264640594833, 0.000727308623027, 0.00126339460257, 0.000738462142181, 0.000743543496355, 0.00154777651187, 0.000625500339083, 0.000458235910628, 0.000439856230514, 0.000594434852246, 0.00109740544576, 0.00113633903675, 0.00158145499881, 0.000562301604077, 0.000735952868126, 0.000313329568598, 0.000252454192378, 0.000165595134604, 8.476991934e-05, 6.87819992891e-05, 3.11163894366e-05, 8.23973732622e-06, 2.37894042243e-08],
        "median": [1.01488803921e-05, 0.00193511869293, 0.00215019122697, 0.00136539153755, 0.0014445760753, 0.000355430587661, 0.000481823371956, 0.000305753317662, 0.000367096916307, 0.000737747061066, 0.00038893322926, 0.000249551609159, 0.000237533167819, 0.000284417415969, 0.000586473790463, 0.000533470418304, 0.000831693527289, 0.000393044785596, 0.000458408350823, 0.000243625414441, 0.000211532998946, 0.000117743147712, 5.83918481425e-05, 3.87942127418e-05, 1.39540534292e-05, 1.8832497517e-06, 1.62892743738e-09],
        "min": [7.06374455456e-12, 4.8006726372e-10, 3.08890621414e-11, 4.83640461013e-10, 4.2871177719e-09, 3.07646992326e-08, 1.15613381979e-07, 2.56117935749e-08, 1.17123306609e-07, 1.2110436387e-07, 1.75805141112e-07, 2.87314577463e-07, 8.56640269831e-07, 5.44990008677e-08, 5.76743616421e-07, 8.63335685608e-07, 8.54637505654e-07, 2.81366396848e-07, 1.63610536674e-07, 1.07763888479e-07, 2.46123992298e-08, 1.36026256925e-09, 2.44298081764e-10, 8.16800238557e-11, 2.42862414207e-12, 2.77081049077e-12, 3.70590147111e-12],
        "var": [3.81813070049e-09, 9.41360121942e-06, 1.03069478428e-05, 2.92838808491e-06, 1.91322396859e-05, 9.54338474912e-07, 3.8304174268e-06, 1.71066187704e-06, 1.38364578106e-06, 5.06048399984e-06, 6.37858363461e-07, 4.53346160612e-07, 5.04630236264e-07, 8.36872288801e-07, 1.94412496057e-06, 2.47053185376e-06, 3.46285514752e-06, 3.89815681956e-07, 7.14675763902e-07, 1.01289266752e-07, 7.08640826019e-08, 3.63178180862e-08, 9.7958956502e-09, 1.57793316191e-08, 2.97613600431e-09, 2.19088011622e-10, 5.92417511463e-15]
    },
    "erbbands": {
        "dmean": [0.0310594979674, 0.363231778145, 1.44557487965, 2.52307844162, 6.28654527664, 6.83229970932, 3.78442072868, 3.48050546646, 9.39669322968, 9.15082168579, 7.62309217453, 10.6884489059, 11.5272655487, 28.315448761, 11.8581190109, 7.40537691116, 11.7321863174, 17.1842460632, 29.6692619324, 21.4547691345, 34.3002548218, 36.6612281799, 13.4452533722, 16.6849384308, 12.2679491043, 5.3835477829, 4.8457903862, 3.61210823059, 2.52807021141, 1.63956165314, 0.966953337193, 0.874657034874, 0.397825539112, 0.249856367707, 0.11568967253, 0.0359128937125, 0.00976385828108, 0.00082590430975, 1.91185899894e-05, 6.07261381447e-06],
        "dmean2": [0.0523600839078, 0.621551513672, 2.46356654167, 4.40146827698, 10.9059686661, 12.1213550568, 6.40599966049, 5.8069896698, 15.1344270706, 14.2961711884, 12.1442480087, 16.9078865051, 17.350025177, 43.037147522, 18.7771987915, 11.8520536423, 18.3140850067, 27.3559398651, 48.2727394104, 34.7862548828, 55.5416145325, 59.9797019958, 21.5760192871, 26.963508606, 20.0485401154, 8.67391967773, 7.88749694824, 5.3810710907, 3.6985681057, 2.38789415359, 1.46513092518, 1.27935254574, 0.602963268757, 0.369057953358, 0.175455316901, 0.0552874803543, 0.0151334730908, 0.00134940142743, 2.95613845083e-05, 9.78226034931e-06],
        "dvar": [0.0022346531041, 0.317372500896, 5.39982843399, 14.630197525, 214.209533691, 252.571182251, 45.0688781738, 34.2173500061, 300.376678467, 329.381164551, 233.9972229, 488.784118652, 449.212890625, 2631.1159668, 273.023620605, 161.205886841, 511.963439941, 1197.31640625, 1825.7265625, 1378.5333252, 3199.90600586, 3035.8659668, 363.936706543, 563.190856934, 331.204101562, 57.4499015808, 62.9893264771, 31.4791240692, 16.8251552582, 7.8566608429, 2.81237745285, 9.43768024445, 0.917107522488, 0.286086559296, 0.0749056786299, 0.00641171867028, 0.000478566420497, 3.60698527402e-06, 1.46124234934e-09, 6.85581591497e-11],
        "dvar2": [0.00623025745153, 0.89805150032, 14.9763813019, 42.8432312012, 588.222961426, 723.839782715, 116.754318237, 88.8131561279, 706.00012207, 832.687927246, 559.361999512, 1079.9354248, 1113.31567383, 5549.22607422, 677.65435791, 424.857910156, 1274.19897461, 3152.94799805, 4688.88183594, 3576.58374023, 8995.35253906, 8034.56298828, 854.18145752, 1425.31188965, 785.770202637, 147.892044067, 161.880523682, 69.3562164307, 35.7108421326, 17.1429004669, 6.38932847977, 24.8477039337, 2.36892318726, 0.641028404236, 0.179302632809, 0.0146366050467, 0.00112815760076, 9.17558645597e-06, 3.51231643769e-09, 1.71473238386e-10],
        "max": [0.381457418203, 6.38512945175, 23.7144412994, 32.6554794312, 145.418365479, 144.615921021, 60.2830047607, 99.3174591064, 279.745849609, 230.420913696, 218.995513916, 351.540008545, 331.422790527, 841.68359375, 181.049560547, 189.986541748, 363.689971924, 476.716491699, 494.246582031, 508.803344727, 631.499816895, 644.635375977, 343.125823975, 267.107635498, 237.497802734, 82.2862091064, 115.421936035, 73.4756469727, 60.6185531616, 51.6403427124, 20.6731910706, 75.8338470459, 17.5404701233, 9.5986328125, 3.34272265434, 0.878190279007, 0.261186182499, 0.0191104765981, 0.000416671624407, 9.86937520793e-05],
        "mean": [0.0526924096048, 0.791192531586, 3.15738630295, 4.88595533371, 8.25353622437, 8.60921955109, 5.82030248642, 6.50333881378, 16.5678348541, 17.5187187195, 14.2503156662, 19.9996452332, 25.5119571686, 55.8564682007, 26.8337993622, 16.7183990479, 21.2115364075, 30.1141719818, 55.7254867554, 46.5702171326, 75.3007278442, 79.9150619507, 35.0363540649, 38.9250106812, 30.2587604523, 14.1014385223, 11.7364501953, 8.6430644989, 5.99761009216, 3.8938794136, 2.23582911491, 1.81172776222, 0.880222380161, 0.453389823437, 0.167848154902, 0.0526213869452, 0.013250994496, 0.000977644464001, 3.86434148822e-05, 3.10974683089e-05],
        "median": [0.0394635610282, 0.555043578148, 2.7623090744, 4.10899686813, 5.09495687485, 4.06441402435, 3.17027211189, 3.31771016121, 7.13863801956, 8.18392276764, 7.53892230988, 10.8941955566, 13.1595525742, 28.8791503906, 20.8372440338, 10.7773857117, 11.9092254639, 14.2915353775, 34.085105896, 22.8378887177, 39.1912002563, 44.49974823, 25.3204746246, 25.0345249176, 19.9598045349, 11.585776329, 10.2176990509, 6.54438400269, 4.32138299942, 2.64998984337, 1.51032710075, 0.996770083904, 0.47117677331, 0.205509617925, 0.0565536953509, 0.014893992804, 0.00264988676645, 0.000133781111799, 2.69708853011e-05, 3.46820052073e-05],
        "min": [1.4720663799e-08, 1.18080762945e-07, 3.34147898684e-07, 1.30529508624e-06, 3.12026236315e-06, 1.76906924025e-05, 0.000131350694573, 0.000200126189156, 0.00153405207675, 0.00249257148243, 0.000995473121293, 0.0040625417605, 0.00420139683411, 0.00719907041639, 0.00676288083196, 0.0181874167174, 0.0402669534087, 0.0078876838088, 0.0134125137702, 0.0450066067278, 0.0515097528696, 0.063931889832, 0.0291113536805, 0.0147699527442, 0.00818456988782, 0.00473003229126, 0.00143742049113, 0.000610682822298, 8.296508895e-05, 1.74655433511e-05, 8.76628200785e-06, 3.0265919122e-06, 1.41085013183e-06, 3.71209296191e-07, 1.3270960153e-07, 4.71658765377e-08, 1.72133933773e-08, 7.01750080268e-09, 1.0034705511e-08, 1.83919510732e-08],
        "var": [0.00328813563101, 0.647253870964, 8.78321933746, 21.2760314941, 188.821899414, 206.690567017, 61.8107528687, 82.5246505737, 695.415344238, 740.344970703, 489.1875, 983.314880371, 1619.25744629, 6115.20068359, 690.481201172, 429.032440186, 1067.30200195, 2228.91235352, 4125.46728516, 3691.47363281, 8020.74414062, 8186.90869141, 1422.76513672, 1803.13635254, 1188.97607422, 186.435379028, 145.086273193, 93.3090362549, 48.9003829956, 20.9350528717, 7.83317089081, 12.7794570923, 1.9342610836, 0.609479665756, 0.0956452563405, 0.0091806659475, 0.000584509165492, 3.55596830559e-06, 2.08936179469e-09, 4.25247254077e-10]
    },
    "gfcc": {
        "mean": [-30.3903198242, 108.627937317, -164.076156616, 44.7207183838, -46.0036010742, 9.22539234161, -30.7603321075, 7.2044672966, -16.805185318, -8.59603977203, -14.9239807129, -5.84286689758, -3.10293865204],
        "cov": [[18284.40625, -2157.82202148, 4277.40087891, 1871.77709961, -1554.04736328, 1830.49365234, -1338.39880371, 950.483276367, -880.031616211, 168.202941895, -1273.92480469, 167.375488281, -795.771118164], [-2157.82202148, 1215.3737793, -301.574645996, -78.6719589233, 541.357055664, -245.795593262, 372.603637695, -213.715148926, 207.320220947, -182.785949707, 227.698257446, -122.268478394, 146.112915039], [4277.40087891, -301.574645996, 2130.5402832, 772.113952637, -33.4697341919, 684.892272949, -285.721282959, 276.654724121, -290.543243408, 147.778015137, -462.420135498, 23.5828456879, -285.162963867], [1871.77709961, -78.6719589233, 772.113952637, 473.793823242, -16.6978530884, 337.784484863, -93.0890274048, 79.5608139038, -69.2221221924, -15.9141578674, -153.760971069, -27.9776325226, -74.2693023682], [-1554.04736328, 541.357055664, -33.4697341919, -16.6978530884, 480.485351562, -70.4027099609, 215.208374023, -74.7743759155, 80.3062362671, -45.9072189331, 85.4989624023, -41.709526062, 46.2443084717], [1830.49365234, -245.795593262, 684.892272949, 337.784484863, -70.4027099609, 410.154266357, -97.5933609009, 113.854148865, -97.7814483643, 27.6794815063, -159.920532227, -4.72354984283, -81.5545730591], [-1338.39880371, 372.603637695, -285.721282959, -93.0890274048, 215.208374023, -97.5933609009, 220.698287964, -80.6600952148, 89.6981811523, -54.3364868164, 125.564254761, -27.9830379486, 70.7255249023], [950.483276367, -213.715148926, 276.654724121, 79.5608139038, -74.7743759155, 113.854148865, -80.6600952148, 166.61958313, -46.4414558411, 78.9106369019, -78.8098526001, 36.530254364, -58.4812469482], [-880.031616211, 207.320220947, -290.543243408, -69.2221221924, 80.3062362671, -97.7814483643, 89.6981811523, -46.4414558411, 128.997329712, -24.0425453186, 91.8658218384, -28.7112483978, 68.1900863647], [168.202941895, -182.785949707, 147.778015137, -15.9141578674, -45.9072189331, 27.6794815063, -54.3364868164, 78.9106369019, -24.0425453186, 149.005126953, -28.4872779846, 44.5490379333, -49.8132362366], [-1273.92480469, 227.698257446, -462.420135498, -153.760971069, 85.4989624023, -159.920532227, 125.564254761, -78.8098526001, 91.8658218384, -28.4872779846, 180.116165161, -3.59369754791, 81.242401123], [167.375488281, -122.268478394, 23.5828456879, -27.9776325226, -41.709526062, -4.72354984283, -27.9830379486, 36.530254364, -28.7112483978, 44.5490379333, -3.59369754791, 80.1378479004, -4.78250932693], [-795.771118164, 146.112915039, -285.162963867, -74.2693023682, 46.2443084717, -81.5545730591, 70.7255249023, -58.4812469482, 68.1900863647, -49.8132362366, 81.242401123, -4.78250932693, 107.52066803]],
        "icov": [[0.000453360524261, -0.000891758303624, 0.000229706929531, -0.000684599333908, 0.00125160033349, -0.000914847303648, 0.00109487911686, -0.00107245054096, 0.000532565871254, 0.000722596596461, 0.000859549094457, -0.00123056338634, 0.001460616244], [-0.000891758303624, 0.00702512823045, -0.00373043306172, 0.00264506367967, -0.00439605535939, 0.00491514289752, -0.00519691454247, 0.00275539653376, -0.00468549225479, 0.00285201356746, -0.00630331551656, 0.00572572974488, -0.00436698691919], [0.000229706929531, -0.00373043306172, 0.00546279596165, -0.00461792340502, 0.000543823989574, -0.00293736136518, 0.0021648274269, -0.00107668363489, 0.00476726749912, -0.00457258988172, 0.0069920248352, -0.00329054822214, 0.00302505120635], [-0.000684599333908, 0.00264506367967, -0.00461792340502, 0.0111745418981, -0.00212581944652, -0.00211858795956, -0.000123305333545, 0.00204039528035, -0.00595021108165, 0.0045001488179, -0.0054113320075, 0.00349059258588, -0.00258917361498], [0.00125160033349, -0.00439605535939, 0.000543823989574, -0.00212581944652, 0.00882056262344, -0.00247376924381, -0.000664929277264, -0.00283514894545, 0.00192408729345, 0.000536956416909, 0.00389523687772, -0.00389318261296, 0.00434842798859], [-0.000914847303648, 0.00491514289752, -0.00293736136518, -0.00211858795956, -0.00247376924381, 0.0117646958679, -0.00639414321631, 0.000434338173363, -0.000601105915848, 3.19743339787e-05, -0.00288536166772, 0.00582273257896, -0.00543906819075], [0.00109487911686, -0.00519691454247, 0.0021648274269, -0.000123305333545, -0.000664929277264, -0.00639414321631, 0.0190335698426, -0.00228143739514, 0.00055147963576, 0.00188213156071, -0.00183154258411, -0.00461298273876, 0.00419793045148], [-0.00107245054096, 0.00275539653376, -0.00107668363489, 0.00204039528035, -0.00283514894545, 0.000434338173363, -0.00228143739514, 0.014050106518, -0.00393795315176, -0.0045937532559, -0.000617444689851, -0.000159022951266, -0.00160767743364], [0.000532565871254, -0.00468549225479, 0.00476726749912, -0.00595021108165, 0.00192408729345, -0.000601105915848, 0.00055147963576, -0.00393795315176, 0.0229830536991, -0.00700067775324, 0.00259796716273, 0.0031810356304, -0.00458659790456], [0.000722596596461, 0.00285201356746, -0.00457258988172, 0.0045001488179, 0.000536956416909, 3.19743339787e-05, 0.00188213156071, -0.0045937532559, -0.00700067775324, 0.018594680354, -0.0062726167962, -0.00396913988516, 0.00612781243399], [0.000859549094457, -0.00630331551656, 0.0069920248352, -0.0054113320075, 0.00389523687772, -0.00288536166772, -0.00183154258411, -0.000617444689851, 0.00259796716273, -0.0062726167962, 0.0260992869735, -0.00814638845623, 0.00210199318826], [-0.00123056338634, 0.00572572974488, -0.00329054822214, 0.00349059258588, -0.00389318261296, 0.00582273257896, -0.00461298273876, -0.000159022951266, 0.0031810356304, -0.00396913988516, -0.00814638845623, 0.0250893887132, -0.0107504269108], [0.001460616244, -0.00436698691919, 0.00302505120635, -0.00258917361498, 0.00434842798859, -0.00543906819075, 0.00419793045148, -0.00160767743364, -0.00458659790456, 0.00612781243399, 0.00210199318826, -0.0107504269108, 0.026329420507]]
    },
    "melbands": {
        "dmean": [0.000342390383594, 0.000610479037277, 0.000499432673678, 0.000509735604282, 0.000150857653352, 7.94034276623e-05, 0.000147921251482, 9.76650699158e-05, 6.16496181465e-05, 6.54243558529e-05, 5.99301274633e-05, 0.000122146710055, 3.53811010427e-05, 3.35876866302e-05, 2.02838400583e-05, 2.44835700869e-05, 3.70785164705e-05, 4.53956199635e-05, 4.0500821342e-05, 3.80081801268e-05, 4.5964599849e-05, 4.93112565891e-05, 2.07449047593e-05, 1.20886925288e-05, 1.54133813339e-05, 1.28916499307e-05, 6.75144201523e-06, 3.40666383636e-06, 3.55794554707e-06, 2.70535861091e-06, 2.14835040424e-06, 1.60016918471e-06, 1.3777547565e-06, 8.2506568333e-07, 5.88220871123e-07, 6.40409950847e-07, 5.41929580322e-07, 3.30429287487e-07, 2.34027979218e-07, 2.19262744849e-07],
        "dmean2": [0.000581935863011, 0.00104216428008, 0.000865016772877, 0.000897550547961, 0.000259943131823, 0.000132363842567, 0.000235199098825, 0.000155004367116, 9.83524660114e-05, 0.000102655103547, 9.04903863557e-05, 0.000185389668331, 5.53806494281e-05, 5.40545624972e-05, 3.17232115776e-05, 3.92196488974e-05, 5.93548793404e-05, 7.40059258533e-05, 6.61170488456e-05, 6.10914721619e-05, 7.45781508158e-05, 8.13886508695e-05, 3.32533709297e-05, 1.99770947802e-05, 2.49709792115e-05, 2.09896534216e-05, 1.09588299892e-05, 5.65010532227e-06, 5.88481361774e-06, 4.29791543866e-06, 3.19371406476e-06, 2.34794583776e-06, 2.11288147511e-06, 1.24413270441e-06, 9.18268881378e-07, 9.86049940366e-07, 7.99461076895e-07, 5.17517889875e-07, 3.48892484681e-07, 3.37926820748e-07],
        "dvar": [2.69327756541e-07, 8.67817732342e-07, 6.60306909595e-07, 1.48248693677e-06, 7.98321480033e-08, 1.74400440756e-08, 7.12008159098e-08, 3.82372675745e-08, 1.4778876789e-08, 1.84758217614e-08, 1.17943184108e-08, 5.04642336807e-08, 2.23400076216e-09, 3.47650686017e-09, 1.32502364636e-09, 2.60524402051e-09, 5.464073638e-09, 4.12946699058e-09, 5.3611359796e-09, 5.62319346642e-09, 5.31978061602e-09, 5.70336711192e-09, 9.77061653806e-10, 3.2361732738e-10, 4.96886920498e-10, 4.04067168613e-10, 9.46832959259e-11, 2.40599814377e-11, 3.47418066537e-11, 1.83674655346e-11, 1.11297585731e-11, 6.4106723402e-12, 4.83615317931e-12, 2.0080194018e-12, 9.06341625015e-13, 2.08145154758e-12, 4.96431021291e-12, 6.83171076134e-13, 2.06432581532e-13, 2.48972012711e-13],
        "dvar2": [7.71769464336e-07, 2.34526578424e-06, 1.8822668153e-06, 4.19794332629e-06, 2.15521595237e-07, 4.57222135708e-08, 1.68483353491e-07, 9.5334733885e-08, 3.475682675e-08, 4.04013675848e-08, 2.9137124713e-08, 1.06355528828e-07, 5.3592716931e-09, 9.20439813257e-09, 3.45627748644e-09, 6.85196877015e-09, 1.42644278611e-08, 1.06855138071e-08, 1.39354945361e-08, 1.41225973138e-08, 1.50238612662e-08, 1.53446872986e-08, 2.31290497865e-09, 8.39419866949e-10, 1.25401034001e-09, 1.02480424147e-09, 2.39168379546e-10, 6.27404031506e-11, 9.29005414263e-11, 4.46429941625e-11, 2.60909835403e-11, 1.40777060148e-11, 1.1115565933e-11, 4.4972177024e-12, 2.1465587554e-12, 5.04379394153e-12, 1.35226274622e-11, 1.7796522719e-12, 4.66026089246e-13, 5.80623223112e-13],
        "max": [0.00503589166328, 0.0100865913555, 0.00705787772313, 0.0103538520634, 0.00281971832737, 0.00201087468304, 0.0039966176264, 0.00255027483217, 0.00190914538689, 0.0023614182137, 0.00167447864078, 0.003763706889, 0.000541773159057, 0.000944307190366, 0.000581322005019, 0.000664232647978, 0.00081631843932, 0.000731834268663, 0.000870113377459, 0.00104183668736, 0.000822313653771, 0.000746674486436, 0.000363138766261, 0.000278610765235, 0.000251301680692, 0.000253658712609, 9.35820353334e-05, 4.57642272522e-05, 8.95117918844e-05, 5.93492004555e-05, 3.63448816643e-05, 3.71089954569e-05, 2.58551062871e-05, 2.85361802526e-05, 1.23532181533e-05, 2.57105621131e-05, 5.74534496991e-05, 1.53164382937e-05, 9.83764584817e-06, 6.81815208736e-06],
        "mean": [0.000655360054225, 0.00149907660671, 0.000967304746155, 0.000644846993964, 0.000232979436987, 0.000142120057717, 0.000262449873844, 0.000189291225979, 0.000112450659799, 0.000121459124784, 0.000126504906802, 0.000234027524129, 8.06639654911e-05, 6.64765539113e-05, 3.65422674804e-05, 4.32643246313e-05, 5.7882614783e-05, 8.20922286948e-05, 7.57883681217e-05, 6.79211734678e-05, 9.37555960263e-05, 9.67474115896e-05, 4.10690408899e-05, 2.61900149781e-05, 3.21654806612e-05, 2.72748548014e-05, 1.4747415662e-05, 7.84613985161e-06, 7.77361674409e-06, 5.93877757638e-06, 4.69220822197e-06, 3.50037475982e-06, 2.88176602226e-06, 1.84547639037e-06, 1.23815289044e-06, 1.29017291783e-06, 1.01983641798e-06, 6.56359816276e-07, 4.62412629076e-07, 3.47381416077e-07],
        "median": [0.000484122778289, 0.00138881162275, 0.000823381822556, 0.000358735735063, 0.000133514477056, 6.77746211295e-05, 0.000107149564428, 8.52858283906e-05, 5.94250741415e-05, 6.55176118016e-05, 5.95810779487e-05, 0.000119049895147, 6.13631127635e-05, 3.79613848054e-05, 2.33625050896e-05, 2.20205911319e-05, 2.44806742558e-05, 5.03489100083e-05, 3.69194422092e-05, 2.96171947411e-05, 4.72432111565e-05, 4.89680860483e-05, 2.4643362849e-05, 1.73018888745e-05, 1.90712089534e-05, 1.5827577954e-05, 9.63077036431e-06, 6.30970043858e-06, 6.59458009977e-06, 4.43140288553e-06, 3.41936151926e-06, 2.46252693614e-06, 1.84620114396e-06, 1.26423037727e-06, 8.27674796255e-07, 7.41818553252e-07, 5.63935088849e-07, 3.42733528669e-07, 2.27991762358e-07, 1.40686722716e-07],
