{
"highlevel": {
    "danceability": {
        "all": {
            "danceable": 0.6546048522,
            "not_danceable": 0.345395177603
        },
        "probability": 0.6546048522,
        "value": "danceable"
    },
    "gender": {
        "all": {
            "female": 0.307236164808,
            "male": 0.692763805389
        },
        "probability": 0.692763805389,
        "value": "male"
    },
    "genre_dortmund": {
        "all": {
            "alternative": 0.133984863758,
            "blues": 0.015387407504,
            "electronic": 0.00933071039617,
            "folkcountry": 0.212380170822,
            "funksoulrnb": 0.00879640504718,
            "jazz": 0.0113915707916,
            "pop": 0.0615882389247,
            "raphiphop": 0.00466047599912,
            "rock": 0.542480170727
        },
        "probability": 0.542480170727,
        "value": "rock"
    },
    "genre_electronic": {
        "all": {
            "ambient": 0.538827955723,
            "dnb": 0.144181847572,
            "house": 0.0887428969145,
            "techno": 0.0165958795696,
            "trance": 0.211651444435
        },
        "probability": 0.538827955723,
        "value": "ambient"
    },
    "genre_rosamerica": {
        "all": {
            "cla": 0.0293846465647,
            "dan": 0.0167897772044,
            "hip": 0.0695806145668,
            "jaz": 0.0109515748918,
            "pop": 0.0803990215063,
            "rhy": 0.242648780346,
            "roc": 0.545814156532,
            "spe": 0.00443140184507
        },
        "probability": 0.545814156532,
        "value": "roc"
    },
    "genre_tzanetakis": {
        "all": {
            "blu": 0.0626541376114,
            "cla": 0.0348133966327,
            "cou": 0.0783501937985,
            "dis": 0.104547761381,
            "hip": 0.15693578124,
            "jaz": 0.313987255096,
            "met": 0.044816005975,
            "pop": 0.0627349764109,
            "reg": 0.0627352520823,
            "roc": 0.0784252434969
        },
        "probability": 0.313987255096,
        "value": "jaz"
    },
    "ismir04_rhythm": {
        "all": {
            "ChaChaCha": 0.074210703373,
            "Jive": 0.111599653959,
            "Quickstep": 0.0624600164592,
            "Rumba-American": 0.00859797559679,
            "Rumba-International": 0.0259163659066,
            "Rumba-Misc": 0.00935585889965,
            "Samba": 0.0919396579266,
            "Tango": 0.0524698384106,
            "VienneseWaltz": 0.55396938324,
            "Waltz": 0.00948057044297
        },
        "probability": 0.55396938324,
        "value": "VienneseWaltz"
    },
    "mood_acoustic": {
        "all": {
            "acoustic": 0.144885137677,
            "not_acoustic": 0.855114877224
        },
        "probability": 0.855114877224,
        "value": "not_acoustic"
    },
    "mood_aggressive": {
        "all": {
            "aggressive": 0.252994596958,
            "not_aggressive": 0.747005403042
        },
        "probability": 0.747005403042,
        "value": "not_aggressive"
    },
    "mood_electronic": {
        "all": {
            "electronic": 0.0723282471299,
            "not_electronic": 0.927671730518
        },
        "probability": 0.927671730518,
        "value": "not_electronic"
    },
    "mood_happy": {
        "all": {
            "happy": 0.621421039104,
            "not_happy": 0.378578990698
        },
        "probability": 0.621421039104,
        "value": "happy"
    },
    "mood_party": {
        "all": {
            "not_party": 0.75550365448,
            "party": 0.244496360421
        },
        "probability": 0.75550365448,
        "value": "not_party"
    },
    "mood_relaxed": {
        "all": {
            "not_relaxed": 0.680651962757,
            "relaxed": 0.319348037243
        },
        "probability": 0.680651962757,
        "value": "not_relaxed"
    },
    "mood_sad": {
        "all": {
            "not_sad": 0.65857642889,
            "sad": 0.341423541307
        },
        "probability": 0.65857642889,
        "value": "not_sad"
    },
    "moods_mirex": {
        "all": {
            "Cluster1": 0.344263464212,
            "Cluster2": 0.241101294756,
            "Cluster3": 0.0459068827331,
            "Cluster4": 0.0668216720223,
            "Cluster5": 0.3019066751
        },
        "probability": 0.344263464212,
        "value": "Cluster1"
    },
    "timbre": {
        "all": {
            "bright": 0.9627789855,
            "dark": 0.0372209884226
        },
        "probability": 0.9627789855,
        "value": "bright"
    },
    "tonal_atonal": {
        "all": {
            "atonal": 0.00252748001367,
            "tonal": 0.997472524643
        },
        "probability": 0.997472524643,
        "value": "tonal"
    },
    "voice_instrumental": {
        "all": {
            "instrumental": 0.00075673480751,
            "voice": 0.99924325943
        },
        "probability": 0.99924325943,
        "value": "voice"
    }
},
"lowlevel": {
    "average_loudness": 0.972666084766,
    "barkbands_crest": {
        "dmean": 2.47197532654,
        "dmean2": 4.05650615692,
        "dvar": 4.80989837646,
        "dvar2": 12.6724691391,
        "max": 22.7259750366,
        "mean": 9.09765529633,
        "median": 8.16165065765,
        "min": 2.45308589935,
        "var": 14.7490348816
    },
    "barkbands_flatness_db": {
        "dmean": 0.019284401089,
        "dmean2": 0.0302272383124,
        "dvar": 0.000292474782327,
        "dvar2": 0.000678524782415,
        "max": 0.253492504358,
        "mean": 0.134936198592,
        "median": 0.13207128644,
        "min": 0.0591880604625,
        "var": 0.00112982827704
    },
    "barkbands_kurtosis": {
        "dmean": 1.89287626743,
        "dmean2": 2.96627402306,
        "dvar": 7.29484939575,
        "dvar2": 16.7702541351,
        "max": 52.8245735168,
        "mean": 2.50826048851,
        "median": 1.13682317734,
        "min": -1.85957753658,
        "var": 20.0630950928
    },
    "barkbands_skewness": {
        "dmean": 0.472204357386,
        "dmean2": 0.723741948605,
        "dvar": 0.20778478682,
        "dvar2": 0.490007340908,
        "max": 6.47326374054,
        "mean": 1.23363053799,
        "median": 1.03668534756,
        "min": -0.869121551514,
        "var": 0.896547734737
    },
    "barkbands_spread": {
        "dmean": 5.4510641098,
        "dmean2": 8.01772975922,
        "dvar": 34.9475746155,
        "dvar2": 68.4203643799,
        "max": 95.4393844604,
        "mean": 23.1204414368,
        "median": 21.2150745392,
        "min": 3.31133270264,
        "var": 159.668579102
    },
    "dissonance": {
        "dmean": 0.0173031948507,
        "dmean2": 0.0290812272578,
        "dvar": 0.000316922174534,
        "dvar2": 0.000881947635207,
        "max": 0.500000119209,
        "mean": 0.469337403774,
        "median": 0.475054323673,
        "min": 0.332315325737,
        "var": 0.000561676395591
    },
    "dynamic_complexity": 2.31546282768,
    "erbbands_crest": {
        "dmean": 2.69057226181,
        "dmean2": 4.21012353897,
        "dvar": 7.0356054306,
        "dvar2": 15.9312696457,
        "max": 30.7840766907,
        "mean": 9.33430957794,
        "median": 7.55390024185,
        "min": 2.58000016212,
        "var": 29.2562122345
    },
    "erbbands_flatness_db": {
        "dmean": 0.017078038305,
        "dmean2": 0.0237361062318,
        "dvar": 0.000253081583651,
        "dvar2": 0.000483846321004,
        "max": 0.268685400486,
        "mean": 0.156727209687,
        "median": 0.156336471438,
        "min": 0.0674372240901,
        "var": 0.00139890960418
    },
    "erbbands_kurtosis": {
        "dmean": 0.871067285538,
        "dmean2": 1.35704898834,
        "dvar": 1.43736743927,
        "dvar2": 3.28671765327,
        "max": 21.5838127136,
        "mean": 0.523820400238,
        "median": -0.278662443161,
        "min": -1.65172219276,
        "var": 5.46405506134
    },
    "erbbands_skewness": {
        "dmean": 0.344106137753,
        "dmean2": 0.522962510586,
        "dvar": 0.0868536233902,
        "dvar2": 0.196123749018,
        "max": 4.04620218277,
        "mean": 0.428399682045,
        "median": 0.367877453566,
        "min": -1.95992100239,
        "var": 0.519928336143
    },
    "erbbands_spread": {
        "dmean": 7.7984495163,
        "dmean2": 11.7439537048,
        "dvar": 65.4664840698,
        "dvar2": 130.219543457,
        "max": 120.297904968,
        "mean": 38.9496002197,
        "median": 36.0058403015,
        "min": 6.08751440048,
        "var": 384.589752197
    },
    "hfc": {
        "dmean": 6.62706708908,
        "dmean2": 9.35415363312,
        "dvar": 62.0318069458,
        "dvar2": 121.103881836,
        "max": 104.889129639,
        "mean": 24.3998794556,
        "median": 22.1283836365,
        "min": 1.78597652912,
        "var": 281.897338867
    },
    "melbands_crest": {
        "dmean": 3.47164869308,
        "dmean2": 5.76042318344,
        "dvar": 10.0491361618,
        "dvar2": 25.9431209564,
        "max": 29.0072059631,
        "mean": 12.5530090332,
        "median": 11.5611228943,
        "min": 3.68008518219,
        "var": 23.424369812
    },
    "melbands_flatness_db": {
        "dmean": 0.0237744562328,
        "dmean2": 0.0368199050426,
        "dvar": 0.000531568250153,
        "dvar2": 0.00124403112568,
        "max": 0.333926290274,
        "mean": 0.167201295495,
        "median": 0.160961464047,
        "min": 0.0570575669408,
        "var": 0.00227855402045
    },
    "melbands_kurtosis": {
        "dmean": 5.0633020401,
        "dmean2": 8.06889057159,
        "dvar": 64.1053695679,
        "dvar2": 160.646331787,
        "max": 127.093200684,
        "mean": 9.27455615997,
        "median": 4.89803743362,
        "min": -1.45630967617,
        "var": 165.00831604
    },
    "melbands_skewness": {
        "dmean": 0.669027805328,
        "dmean2": 1.04680991173,
        "dvar": 0.536596477032,
        "dvar2": 1.30197227001,
        "max": 8.96506690979,
        "mean": 2.12861609459,
        "median": 1.82226729393,
        "min": -0.635275900364,
        "var": 2.20363283157
    },
    "melbands_spread": {
        "dmean": 7.06517505646,
        "dmean2": 10.7841854095,
        "dvar": 56.4524421692,
        "dvar2": 130.995956421,
        "max": 100.989974976,
        "mean": 26.0011024475,
        "median": 24.3857345581,
        "min": 2.22895359993,
        "var": 195.839187622
    },
    "pitch_salience": {
        "dmean": 0.0736180320382,
        "dmean2": 0.118844434619,
        "dvar": 0.00402034493163,
        "dvar2": 0.0102444197983,
        "max": 0.860402822495,
        "mean": 0.57490414381,
        "median": 0.581651568413,
        "min": 0.207452356815,
        "var": 0.0129010956734
    },
    "silence_rate_20dB": {
        "dmean": 0,
        "dmean2": 0,
        "dvar": 0,
        "dvar2": 0,
        "max": 1,
        "mean": 1,
        "median": 1,
        "min": 1,
        "var": 0
    },
    "silence_rate_30dB": {
        "dmean": 0.00464396271855,
        "dmean2": 0.00929511990398,
        "dvar": 0.00462232902646,
        "dvar2": 0.0138563513756,
        "max": 1,
        "mean": 0.997679829597,
        "median": 1,
        "min": 0,
        "var": 0.0023148090113
    },
    "silence_rate_60dB": {
        "dmean": 0,
        "dmean2": 0,
        "dvar": 0,
        "dvar2": 0,
        "max": 0,
        "mean": 0,
        "median": 0,
        "min": 0,
        "var": 0
    },
    "spectral_centroid": {
        "dmean": 227.845199585,
        "dmean2": 343.198303223,
        "dvar": 48258.9570312,
        "dvar2": 102860.671875,
        "max": 3008.62353516,
        "mean": 1429.02185059,
        "median": 1393.30725098,
        "min": 315.750701904,
        "var": 221123.09375
    },
    "spectral_complexity": {
        "dmean": 4.30340576172,
        "dmean2": 6.33384990692,
        "dvar": 19.5596981049,
        "dvar2": 35.6770019531,
        "max": 50,
        "mean": 22.156999588,
        "median": 22,
        "min": 2,
        "var": 79.8321838379
    },
    "spectral_decrease": {
        "dmean": 2.52491183517e-09,
        "dmean2": 4.02734023908e-09,
        "dvar": 1.61721883037e-17,
        "dvar2": 4.00877896838e-17,
        "max": -6.65190680316e-10,
        "mean": -6.42198783041e-09,
        "median": -5.1418149738e-09,
        "min": -3.53585143387e-08,
        "var": 2.35043536493e-17
    },
    "spectral_energy": {
        "dmean": 0.00998817477375,
        "dmean2": 0.0158179625869,
        "dvar": 0.000243954666075,
        "dvar2": 0.000598990533035,
        "max": 0.13901527226,
        "mean": 0.0264512225986,
        "median": 0.0215735379606,
        "min": 0.00376536580734,
        "var": 0.000376454117941
    },
    "spectral_energyband_high": {
        "dmean": 0.000412618042901,
        "dmean2": 0.000578237348236,
        "dvar": 4.17949081566e-07,
        "dvar2": 8.39527501739e-07,
        "max": 0.0101944878697,
        "mean": 0.00105062639341,
        "median": 0.000694416696206,
        "min": 1.76839603228e-05,
        "var": 1.27568705466e-06
    },
    "spectral_energyband_low": {
        "dmean": 0.00589434849098,
        "dmean2": 0.010232754983,
        "dvar": 0.000147701372043,
        "dvar2": 0.000395155628212,
        "max": 0.0915521383286,
        "mean": 0.00671829795465,
        "median": 0.00318031269126,
        "min": 4.77357571071e-05,
        "var": 0.000119572934636
    },
    "spectral_energyband_middle_high": {
        "dmean": 0.0024475750979,
        "dmean2": 0.00364116556011,
        "dvar": 1.2439348211e-05,
        "dvar2": 2.67407685897e-05,
        "max": 0.0645351931453,
        "mean": 0.00753026548773,
        "median": 0.00491576455534,
        "min": 0.000112562505819,
        "var": 6.59253564663e-05
    },
    "spectral_energyband_middle_low": {
        "dmean": 0.0049177352339,
        "dmean2": 0.00744773261249,
        "dvar": 6.23801388429e-05,
        "dvar2": 0.000139172552736,
        "max": 0.101649008691,
        "mean": 0.0125356074423,
        "median": 0.00892147701234,
        "min": 0.00135063671041,
        "var": 0.000144454592373
    },
    "spectral_entropy": {
        "dmean": 0.124109700322,
        "dmean2": 0.177500784397,
        "dvar": 0.0140867782757,
        "dvar2": 0.0267842300236,
        "max": 8.61321544647,
        "mean": 7.68905735016,
        "median": 7.67539358139,
        "min": 6.72900342941,
        "var": 0.0739800632
    },
    "spectral_flux": {
        "dmean": 0.0281448159367,
        "dmean2": 0.0430918671191,
        "dvar": 0.00117644271813,
        "dvar2": 0.00215975986794,
        "max": 0.337112367153,
        "mean": 0.0905942991376,
        "median": 0.075631275773,
        "min": 0.0183664634824,
        "var": 0.00250681838952
    },
    "spectral_kurtosis": {
        "dmean": 1.09778141975,
        "dmean2": 1.82444930077,
        "dvar": 0.994312465191,
        "dvar2": 2.82081794739,
        "max": 10.9884204865,
        "mean": 3.32286262512,
        "median": 3.2477478981,
        "min": -1.04628455639,
        "var": 2.6115860939
    },
    "spectral_rms": {
        "dmean": 0.000858280516695,
        "dmean2": 0.00131524272729,
        "dvar": 1.18424986795e-06,
        "dvar2": 2.74110766441e-06,
        "max": 0.0116457995027,
        "mean": 0.00481230672449,
        "median": 0.00458773970604,
        "min": 0.00191664486192,
        "var": 2.64776167569e-06
    },
    "spectral_rolloff": {
        "dmean": 500.363861084,
        "dmean2": 817.91229248,
        "dvar": 748628.4375,
        "dvar2": 1569655.125,
        "max": 9883.74023438,
        "mean": 1653.05859375,
        "median": 1421.19140625,
        "min": 129.19921875,
        "var": 1935342.375
    },
    "spectral_skewness": {
        "dmean": 0.173248261213,
        "dmean2": 0.279494792223,
        "dvar": 0.0262148883194,
        "dvar2": 0.0626502558589,
        "max": 2.78683066368,
        "mean": 1.34300279617,
        "median": 1.35682046413,
        "min": 0.235683530569,
        "var": 0.0957323610783
    },
    "spectral_spread": {
        "dmean": 436103.125,
        "dmean2": 606145.8125,
        "dvar": 318123933696,
        "dvar2": 476627632128,
        "max": 12270985,
        "mean": 4569157.5,
        "median": 4370063,
        "min": 2483717.75,
        "var": 1.76694965043e+12
    },
    "spectral_strongpeak": {
        "dmean": 0.806827783585,
        "dmean2": 1.36128878593,
        "dvar": 1.28214347363,
        "dvar2": 3.17668962479,
        "max": 10.1939306259,
        "mean": 1.56692063808,
        "median": 0.701240897179,
        "min": 0.0578683577478,
        "var": 3.10474967957
    },
    "zerocrossingrate": {
        "dmean": 0.00989752169698,
        "dmean2": 0.0113469604403,
        "dvar": 0.000118341871712,
        "dvar2": 0.000126270388137,
        "max": 0.2578125,
        "mean": 0.0677608251572,
        "median": 0.0625,
        "min": 0.01318359375,
        "var": 0.000937049160711
    },
    "barkbands": {
        "dmean": [2.2134378014e-05, 0.00241719931364, 0.00317946798168, 0.00183543539606, 0.000972256297246, 0.00110652006697, 0.000624863547273, 0.000619173573796, 0.00194026436657, 0.00109335698653, 0.000495892192703, 0.000686823390424, 0.000340534636052, 0.000521694193594, 0.000442078599008, 0.000327507150359, 0.00023040920496, 0.000139728275826, 0.000125464619487, 0.0001809202804, 0.000118769370602, 0.000109827487904, 8.55796606629e-05, 6.11911236774e-05, 4.04056190746e-05, 1.90768805624e-05, 2.09006589813e-09],
        "dmean2": [3.43081883329e-05, 0.00434392923489, 0.00553340371698, 0.00302719580941, 0.00163040205371, 0.00178669404704, 0.0009689181461, 0.000974635186139, 0.00301130488515, 0.0016021769261, 0.000736942514777, 0.00112103903666, 0.000519984518178, 0.000831080425996, 0.000704907870386, 0.000491827318911, 0.000379299191991, 0.00022840416932, 0.00020080973627, 0.000283331231913, 0.000190302700503, 0.000167441699887, 0.000127908555442, 8.26275063446e-05, 5.50109252799e-05, 2.66133592959e-05, 3.03905500765e-09],
        "dvar": [2.58589771818e-09, 3.44981854141e-05, 3.80983437935e-05, 2.11231690628e-05, 2.77971435025e-06, 3.38554468726e-06, 1.04668902168e-06, 1.0204001228e-05, 2.78250245174e-05, 9.07325193111e-06, 3.0300122944e-06, 3.35158483722e-06, 5.53100392153e-07, 1.71739827692e-06, 5.66977689687e-07, 4.5139469762e-07, 2.29962068943e-07, 3.94817547544e-08, 3.52719773389e-08, 5.5233535079e-08, 4.21507841963e-08, 4.29782325284e-08, 5.77735974616e-08, 3.05287564117e-08, 6.58818199994e-09, 1.32163691102e-09, 7.81969752537e-16],
        "dvar2": [5.5856097525e-09, 9.56537114689e-05, 0.000105302176962, 5.32403755642e-05, 7.73566898715e-06, 8.37270454213e-06, 2.51755182035e-06, 2.61087207036e-05, 6.11494688201e-05, 1.88101239473e-05, 5.41490226169e-06, 9.56217900239e-06, 1.20151912597e-06, 4.31524404121e-06, 1.39567475799e-06, 9.84105327007e-07, 6.02510851877e-07, 1.01413277775e-07, 9.05115769001e-08, 1.35288146907e-07, 1.09203725174e-07, 1.03118154016e-07, 1.26361911157e-07, 5.38315312326e-08, 1.0820487617e-08, 2.62564037179e-09, 7.8312484078e-16],
        "max": [0.000358354038326, 0.0346760302782, 0.0539891943336, 0.0610321238637, 0.0175419598818, 0.0365344434977, 0.0134639702737, 0.0623680055141, 0.0745810344815, 0.0608279779553, 0.0402736403048, 0.0297737885267, 0.0112498179078, 0.0282976850867, 0.0110425977036, 0.0115777151659, 0.0119377467781, 0.0025403725449, 0.00173600658309, 0.00351300952025, 0.00309392530471, 0.0024888406042, 0.00605511292815, 0.00455245934427, 0.00155644316692, 0.000479359005112, 9.63900106399e-07],
        "mean": [1.97577755898e-05, 0.00204690173268, 0.00348068261519, 0.00215282407589, 0.00167169852648, 0.00210727122612, 0.00128642213531, 0.000940941623412, 0.00355097418651, 0.00205661007203, 0.00104008882772, 0.00125230615959, 0.000531082507223, 0.000826685980428, 0.000730935833417, 0.000601655046921, 0.000421155826189, 0.000264978705673, 0.000221433554543, 0.000414275971707, 0.000242265334236, 0.00020753168792, 0.000158554292284, 0.000114217698865, 8.08110053185e-05, 2.91549076792e-05, 1.86891768728e-09],
        "median": [2.10330745176e-06, 0.000480445713038, 0.00154073082376, 0.000830775476061, 0.00124819786288, 0.00124450575095, 0.000702472345438, 0.000305057037622, 0.00107127148658, 0.000347431545379, 0.000212397804717, 0.000234419159824, 0.000226932985242, 0.000375111703761, 0.000279858883005, 0.000238950495259, 0.000225449271966, 0.000191104016267, 0.000149629966472, 0.000266194081632, 0.000159987073857, 0.000120937293104, 6.28296038485e-05, 4.59480506834e-05, 3.89638698834e-05, 1.16218216135e-05, 4.026344258e-10],
        "min": [8.52199644186e-09, 5.07521235704e-06, 5.55344513486e-06, 1.93672781279e-06, 4.27325903729e-05, 5.61023407499e-05, 1.63385921041e-05, 8.08800723462e-06, 1.35862646857e-05, 4.63809419671e-06, 2.67417385658e-06, 3.25841642734e-06, 2.63243714471e-06, 4.21483628088e-06, 5.86983333051e-06, 5.65984419154e-06, 4.1652147047e-06, 7.30431611373e-06, 5.53599011255e-06, 6.87037618263e-06, 4.77141202282e-06, 2.15953627958e-06, 8.4960595359e-07, 6.90821133631e-09, 1.37658495714e-10, 1.2845628207e-11, 1.53552674048e-11],
        "var": [2.68469646514e-09, 2.35099996644e-05, 3.18229904224e-05, 1.89440397662e-05, 2.6376999358e-06, 7.83998075349e-06, 2.83605550067e-06, 9.15192413231e-06, 6.66638807161e-05, 3.54278054147e-05, 1.24710950331e-05, 8.60066302266e-06, 1.09113409508e-06, 2.11321184906e-06, 1.27773000713e-06, 1.14630074677e-06, 4.37817618604e-07, 6.55493082036e-08, 5.10681275045e-08, 1.93107652535e-07, 7.36288896519e-08, 7.14005778946e-08, 1.34216065817e-07, 7.56442872785e-08, 2.10195683081e-08, 2.3458468501e-09, 7.84619748052e-16]
    },
    "erbbands": {
        "dmean": [0.0323044843972, 0.697736382484, 3.3541738987, 4.85994434357, 4.30057239532, 3.41585683823, 4.0399184227, 11.1226739883, 10.2309589386, 10.3866701126, 16.8854141235, 37.3829612732, 48.0296401978, 19.2758598328, 25.2049808502, 22.693769455, 14.4378852844, 22.8548526764, 18.6669883728, 24.0678768158, 15.1583242416, 11.8026800156, 8.35654640198, 5.72773361206, 7.04218101501, 8.62885665894, 5.02677106857, 4.76684713364, 4.09323406219, 3.2294652462, 2.3000459671, 1.59382843971, 0.865760087967, 0.520058810711, 0.27233093977, 0.108462013304, 0.0325606241822, 0.00308442302048, 5.80936030019e-05, 1.33780813485e-05],
        "dmean2": [0.0516510941088, 1.27984571457, 5.96145391464, 8.02112770081, 7.28858280182, 5.68684434891, 6.66912317276, 17.885761261, 16.4809761047, 15.7252750397, 26.3496074677, 56.9309577942, 71.1938323975, 26.43907547, 36.0124282837, 35.29895401, 22.7636680603, 36.7959938049, 28.7021865845, 37.7248420715, 22.8732261658, 18.8067893982, 13.4947719574, 9.0173330307, 11.4541568756, 13.6777105331, 7.8711566925, 7.56904220581, 6.32575178146, 4.86862516403, 3.38834047318, 2.12651062012, 1.22081947327, 0.715496897697, 0.39067530632, 0.153004139662, 0.0457512103021, 0.00464734621346, 8.36981344037e-05, 2.00541326194e-05],
        "dvar": [0.00555958040059, 2.87240624428, 47.6623573303, 109.780853271, 137.422851562, 21.9645137787, 34.3079986572, 411.769256592, 248.801055908, 873.262084961, 7170.12548828, 12127.2763672, 16208.2832031, 3237.91870117, 4599.14648438, 2879.94824219, 1032.15637207, 4369.81933594, 1599.24255371, 1721.35546875, 1040.38549805, 341.469360352, 138.980026245, 79.2269668579, 105.581840515, 128.365646362, 60.227191925, 75.8093566895, 71.4125595093, 55.4349784851, 40.6986541748, 16.7236709595, 7.59616804123, 1.49497890472, 0.25364792347, 0.0412262827158, 0.00419392762706, 4.61191229988e-05, 1.38715403608e-08, 3.76962544513e-10],
        "dvar2": [0.0137849934399, 8.06642246246, 132.670211792, 276.86605835, 374.086364746, 60.4065589905, 91.6255722046, 990.206237793, 630.704956055, 2114.63525391, 18093.4785156, 24808.9433594, 34004.53125, 5576.93554688, 8559.50390625, 7956.13330078, 2546.21118164, 11056.9384766, 3758.86132812, 4021.00585938, 2122.50073242, 881.083679199, 357.934265137, 195.5206604, 303.419006348, 302.111236572, 144.476028442, 200.871643066, 183.785995483, 128.955963135, 81.5387954712, 26.3533687592, 14.4761552811, 2.43004631996, 0.541038930416, 0.0840836763382, 0.00865969620645, 0.00010813845438, 3.12956913717e-08, 8.97091012586e-10],
        "max": [0.549911975861, 10.5288410187, 51.8102264404, 133.470489502, 150.175491333, 44.619102478, 79.6195373535, 398.78918457, 220.897781372, 580.797546387, 1900.68457031, 1881.26123047, 2777.7512207, 1602.9161377, 1875.22375488, 736.973083496, 513.568664551, 1637.49780273, 814.350769043, 578.756896973, 563.089660645, 334.935272217, 180.998443604, 102.073501587, 153.907821655, 157.650909424, 114.525634766, 132.864578247, 113.710578918, 190.502212524, 134.242401123, 106.67855072, 63.9103431702, 23.4434204102, 7.77451086044, 2.89307975769, 0.830375373363, 0.0757835805416, 0.00137058284599, 0.000191953644389],
        "mean": [0.0317247323692, 0.595476865768, 3.4899930954, 6.10248851776, 5.77086544037, 6.03336572647, 8.16685581207, 20.1546173096, 19.7402648926, 19.7171344757, 27.5120029449, 70.5417480469, 95.3766784668, 39.9058074951, 50.04322052, 44.6635131836, 26.0135192871, 38.5395774841, 33.0222244263, 42.4683761597, 30.9026088715, 24.0391254425, 17.6605834961, 10.8735437393, 14.2031898499, 19.8172302246, 10.8360271454, 9.63027763367, 7.52116775513, 6.0019903183, 4.37957811356, 3.02190256119, 1.5200958252, 0.939373254776, 0.556281805038, 0.184447556734, 0.0452639386058, 0.00349708390422, 8.75499026733e-05, 3.70610105165e-05],
        "median": [0.00565092312172, 0.166449770331, 1.5422116518, 2.80942344666, 3.22694134712, 4.52976131439, 6.16725730896, 11.2955522537, 11.6057653427, 9.42956066132, 9.94734096527, 21.8418769836, 22.2618541718, 12.0437269211, 12.9204206467, 11.4218215942, 12.994263649, 16.4489402771, 17.8165359497, 17.7825775146, 13.8731088638, 13.294467926, 12.6362056732, 7.22945308685, 10.4698829651, 12.6432065964, 6.68907928467, 6.44395971298, 4.3747382164, 3.05954694748, 1.6669819355, 1.31970107555, 0.518214464188, 0.348681122065, 0.280983537436, 0.0859670192003, 0.017249789089, 0.000895754201338, 4.24746831413e-05, 3.17723133776e-05],
        "min": [0.000117534807941, 0.00245755119249, 0.0064978627488, 0.095290184021, 0.176964238286, 0.251855790615, 0.388813138008, 0.605418086052, 0.431743085384, 0.355265289545, 0.358700543642, 0.248914182186, 0.304464906454, 0.306494295597, 0.297580301762, 0.184061348438, 0.187183499336, 0.238003626466, 0.267798841, 0.263014405966, 0.38016140461, 0.394797623158, 0.388704806566, 0.23519769311, 0.299343436956, 0.383263498545, 0.221204653382, 0.197729855776, 0.0889550894499, 0.040194362402, 0.0161804910749, 0.00924926996231, 0.00143422430847, 9.77578674792e-05, 2.91325141006e-05, 1.32142677103e-05, 3.54969142791e-06, 6.79453705743e-07, 2.21140680878e-06, 4.32426213592e-06],
        "var": [0.00501447264105, 1.8705701828, 35.871509552, 105.656997681, 102.640060425, 28.1755237579, 53.0713653564, 917.701477051, 620.46685791, 1224.92980957, 7010.73876953, 31980.2324219, 56911.3398438, 11515.8271484, 16929.453125, 8437.58984375, 1881.04040527, 5831.01123047, 2749.5871582, 4026.71118164, 2981.08032227, 1087.55541992, 306.683013916, 121.73890686, 184.865264893, 448.499267578, 147.489349365, 124.620986938, 96.1831893921, 92.6015777588, 112.459442139, 48.985168457, 16.598613739, 4.29968452454, 0.715590834618, 0.081589281559, 0.00676687527448, 5.63872454222e-05, 1.92788434106e-08, 6.57527532422e-10]
    },
    "gfcc": {
        "mean": [20.8177871704, 89.1932067871, -131.138290405, 34.9302062988, -69.263999939, 13.1210708618, -40.5543861389, 6.06901407242, -27.4701156616, 2.68447399139, -23.6656723022, -4.14884757996, -11.6273508072],
        "cov": [[2008.13562012, -901.027587891, -32.1113777161, -267.599395752, -57.512424469, 223.866119385, -41.9077377319, 254.57989502, -50.4383392334, 217.991531372, -176.066925049, 152.035598755, -61.2923583984], [-901.027587891, 894.071777344, -141.027069092, 155.140472412, 148.757019043, -121.073204041, 191.547271729, -164.314804077, 112.766822815, -145.95451355, 115.164100647, -131.87449646, 41.9515571594], [-32.1113777161, -141.027069092, 600.073364258, 143.732711792, 14.9847669601, 72.0823669434, -79.1991424561, 79.6261138916, -54.9178733826, 32.9513778687, -11.5718097687, 50.7255172729, -70.8574066162], [-267.599395752, 155.140472412, 143.732711792, 356.489532471, 78.6675186157, -41.3681221008, -5.89476251602, -61.5182609558, 70.2375335693, -69.2425460815, 57.9036331177, -6.20259094238, -7.1830368042], [-57.512424469, 148.757019043, 14.9847669601, 78.6675186157, 186.439926147, 7.83901071548, 79.4366912842, -37.0440750122, -6.33007335663, -4.13276815414, 5.18777894974, 25.3993988037, -17.6452102661], [223.866119385, -121.073204041, 72.0823669434, -41.3681221008, 7.83901071548, 192.270904541, 37.6430473328, 39.514957428, -50.2848052979, 7.98084831238, 8.00119972229, 0.89626789093, 1.25875413418], [-41.9077377319, 191.547271729, -79.1991424561, -5.89476251602, 79.4366912842, 37.6430473328, 177.751785278, -25.540391922, 3.05504345894, -35.6417007446, 13.5980024338, -13.5521373749, 3.78157353401], [254.57989502, -164.314804077, 79.6261138916, -61.5182609558, -37.0440750122, 39.514957428, -25.540391922, 141.044189453, 16.5600223541, 40.2640800476, -34.9083557129, 20.0125141144, 5.30798530579], [-50.4383392334, 112.766822815, -54.9178733826, 70.2375335693, -6.33007335663, -50.2848052979, 3.05504345894, 16.5600223541, 151.743270874, -18.2359008789, 8.89544391632, -27.5367336273, 7.73678541183], [217.991531372, -145.95451355, 32.9513778687, -69.2425460815, -4.13276815414, 7.98084831238, -35.6417007446, 40.2640800476, -18.2359008789, 117.717536926, -12.1181077957, 41.7892723083, -23.7415351868], [-176.066925049, 115.164100647, -11.5718097687, 57.9036331177, 5.18777894974, 8.00119972229, 13.5980024338, -34.9083557129, 8.89544391632, -12.1181077957, 96.2765731812, -0.81873935461, 7.66893386841], [152.035598755, -131.87449646, 50.7255172729, -6.20259094238, 25.3993988037, 0.89626789093, -13.5521373749, 20.0125141144, -27.5367336273, 41.7892723083, -0.81873935461, 112.480278015, 3.16093754768], [-61.2923583984, 41.9515571594, -70.8574066162, -7.1830368042, -17.6452102661, 1.25875413418, 3.78157353401, 5.30798530579, 7.73678541183, -23.7415351868, 7.66893386841, 3.16093754768, 85.5654602051]],
        "icov": [[0.00154973973986, 0.000939916586503, 0.000922275823541, -0.000419757358031, 6.05603017902e-05, -0.00142541213427, -0.000607027730439, -0.0011986636091, -0.00045703042997, -0.00121944851708, 0.00163186795544, -0.00097201182507, 0.00110505078919], [0.000939916586503, 0.00683621037751, -0.00187859544531, 0.00241544260643, -0.00468455068767, 0.0041401879862, -0.0048938174732, 0.00300256418996, -0.00377904414199, 0.00157348508947, -0.00553165841848, 0.006187771447, -0.00398276792839], [0.000922275823541, -0.00187859544531, 0.00485650682822, -0.0036403813865, 0.00211077486165, -0.0037589436397, 0.00238236645237, -0.00470680138096, 0.00305978371762, -0.00158024439588, 0.00394495716318, -0.00393930077553, 0.0050518992357], [-0.000419757358031, 0.00241544260643, -0.0036403813865, 0.00790179986507, -0.00485178967938, 0.0031737072859, -0.000212680228287, 0.00441841781139, -0.00497316196561, 0.00445259222761, -0.00593040278181, 0.00290577416308, -0.00303884781897], [6.05603017902e-05, -0.00468455068767, 0.00211077486165, -0.00485178967938, 0.012700595893, -0.00411728862673, -0.00115402578376, -0.00134055525996, 0.00340292486362, -0.00368154561147, 0.00699661718681, -0.00741268554702, 0.0048121958971], [-0.00142541213427, 0.0041401879862, -0.0037589436397, 0.0031737072859, -0.00411728862673, 0.01267834194, -0.0050474209711, 0.00148228381295, 0.000116309944133, 0.00296573038213, -0.00863589346409, 0.00762601802126, -0.0054971082136], [-0.000607027730439, -0.0048938174732, 0.00238236645237, -0.000212680228287, -0.00115402578376, -0.0050474209711, 0.0128347696736, -0.0022503354121, 0.00180356542114, 0.00198356201872, 0.0027705298271, -0.00413261819631, 0.00361982779577], [-0.0011986636091, 0.00300256418996, -0.00470680138096, 0.00441841781139, -0.00134055525996, 0.00148228381295, -0.0022503354121, 0.0163926593959, -0.00670067407191, -0.000245224684477, -0.00166222918779, 0.00323135778308, -0.00650583254173], [-0.00045703042997, -0.00377904414199, 0.00305978371762, -0.00497316196561, 0.00340292486362, 0.000116309944133, 0.00180356542114, -0.00670067407191, 0.0128406370059, -0.00138665153645, 0.00255981949158, -0.00123233802151, 0.00294807855971], [-0.00121944851708, 0.00157348508947, -0.00158024439588, 0.00445259222761, -0.00368154561147, 0.00296573038213, 0.00198356201872, -0.000245224684477, -0.00138665153645, 0.0159634184092, -0.00539529509842, -0.000813312304672, 0.0016132122837], [0.00163186795544, -0.00553165841848, 0.00394495716318, -0.00593040278181, 0.00699661718681, -0.00863589346409, 0.0027705298271, -0.00166222918779, 0.00255981949158, -0.00539529509842, 0.0219980832189, -0.00902338325977, 0.00483384728432], [-0.00097201182507, 0.006187771447, -0.00393930077553, 0.00290577416308, -0.00741268554702, 0.00762601802126, -0.00413261819631, 0.00323135778308, -0.00123233802151, -0.000813312304672, -0.00902338325977, 0.0201083905995, -0.0084552615881], [0.00110505078919, -0.00398276792839, 0.0050518992357, -0.00303884781897, 0.0048121958971, -0.0054971082136, 0.00361982779577, -0.00650583254173, 0.00294807855971, 0.0016132122837, 0.00483384728432, -0.0084552615881, 0.01973663643]]
    },
    "melbands": {
        "dmean": [0.000476964720292, 0.00146551849321, 0.000838774372824, 0.000257296080235, 0.00013583881082, 0.00023958296515, 0.000146759382915, 0.000113429850899, 0.000161341245985, 0.000256706145592, 0.000240013905568, 8.62491870066e-05, 8.37265251903e-05, 8.81264204509e-05, 4.20939541073e-05, 3.35577133228e-05, 4.45901678177e-05, 3.22080704791e-05, 3.68285873265e-05, 2.55465874943e-05, 1.92342868104e-05, 1.32477580337e-05, 1.04234195533e-05, 7.78258072387e-06, 4.7074295253e-06, 5.34836408406e-06, 6.29113719697e-06, 6.48453078611e-06, 3.7470724692e-06, 3.03295064441e-06, 2.79894516098e-06, 2.48525225288e-06, 2.16825810639e-06, 1.84900670774e-06, 1.4533529793e-06, 1.2055827483e-06, 9.27058749767e-07, 6.71237160077e-07, 5.01139879816e-07, 4.53613438367e-07],
        "dmean2": [0.000828678137623, 0.00263135624118, 0.00138916424476, 0.000427002582001, 0.000225444411626, 0.000386212486774, 0.000235022875131, 0.000172937521711, 0.0002466213773, 0.00039267752436, 0.00035831311834, 0.000122404569993, 0.000121470744489, 0.000141620999784, 6.56158517813e-05, 5.34294449608e-05, 7.14334455552e-05, 5.0052170991e-05, 5.91605712543e-05, 3.82181860914e-05, 2.93468074233e-05, 2.11983351619e-05, 1.65977126017e-05, 1.30097596411e-05, 7.52030564399e-06, 8.76241483638e-06, 1.01307332443e-05, 1.04216860564e-05, 5.93692675466e-06, 4.84014617541e-06, 4.47440606877e-06, 4.0127279135e-06, 3.35846652888e-06, 2.85553801405e-06, 2.20045512833e-06, 1.70530302057e-06, 1.28686497192e-06, 9.92373657027e-07, 6.82670474816e-07, 6.50338904506e-07],
        "dvar": [1.31971046358e-06, 9.864367712e-06, 3.68721521227e-06, 2.51489638003e-07, 3.46864048595e-08, 1.74522853058e-07, 4.72609258395e-08, 1.27825856566e-07, 5.11320934038e-07, 4.90329682634e-07, 3.97104116701e-07, 7.94677816884e-08, 6.36497858864e-08, 5.77703644922e-08, 6.3218124069e-09, 6.6503309526e-09, 1.43033034306e-08, 6.47588116465e-09, 4.7312624929e-09, 2.78950795796e-09, 2.40111086569e-09, 5.26926391409e-10, 3.66067925972e-10, 1.37458724958e-10, 5.87945109265e-11, 6.10167888437e-11, 9.01662425279e-11, 7.84674339394e-11, 3.5702444473e-11, 2.47744359749e-11, 2.76207893363e-11, 2.93025430309e-11, 1.51218187278e-11, 2.59105931155e-11, 1.55692906484e-11, 1.30597121659e-11, 5.46307226887e-12, 4.71669361554e-12, 2.1578693693e-12, 9.48133065115e-13],
        "dvar2": [3.58236138709e-06, 2.74535505014e-05, 9.46584896155e-06, 6.92521894052e-07, 9.18698503938e-08, 4.24621958928e-07, 1.183653211e-07, 3.087609457e-07, 1.19950925637e-06, 1.01404043562e-06, 8.47900423651e-07, 1.43701782918e-07, 1.10799128095e-07, 1.65586726553e-07, 1.43134766262e-08, 1.70251297504e-08, 3.57079805724e-08, 1.50933310294e-08, 1.17330429816e-08, 5.73711478324e-09, 4.69721905816e-09, 1.35002287127e-09, 9.64552548943e-10, 3.58412327595e-10, 1.47338807821e-10, 1.64025681926e-10, 2.41642733601e-10, 1.87178328392e-10, 8.35169086666e-11, 6.45823602929e-11, 7.44869582681e-11, 7.73176453417e-11, 3.44794921781e-11, 6.28564492122e-11, 3.3234991148e-11, 2.31230277981e-11, 9.24386869133e-12, 9.46735311674e-12, 3.70436840924e-12, 1.61803025405e-12],
        "max": [0.00718875229359, 0.0226538963616, 0.0248613357544, 0.00580306863412, 0.00231893919408, 0.00837291777134, 0.0029850830324, 0.00657014967874, 0.0161169823259, 0.0120666706935, 0.013453098014, 0.00778127135709, 0.00630632648245, 0.00361618632451, 0.00140668661334, 0.00198266142979, 0.00281296717003, 0.00173422461376, 0.00105326820631, 0.00121416477486, 0.000958326214459, 0.000449756713351, 0.000454473221907, 0.000130623695441, 8.44795285957e-05, 8.16531101009e-05, 0.00018889963394, 0.000120722528663, 0.00010674376972, 6.41679725959e-05, 7.58801907068e-05, 7.57316520321e-05, 4.69900587632e-05, 0.000141171374707, 8.32707446534e-05, 8.75552068464e-05, 6.34013049421e-05, 5.04670279042e-05, 2.59954267676e-05, 1.96908276848e-05],
        "mean": [0.000424899248173, 0.00149528204929, 0.00108048995025, 0.000415519374656, 0.000285633374006, 0.000448984588729, 0.000291193195153, 0.000210628379136, 0.00025694136275, 0.000482423667563, 0.000475075095892, 0.000165923396708, 0.000166970581631, 0.000161003918038, 7.39356983104e-05, 5.54399848625e-05, 7.0930167567e-05, 5.1057060773e-05, 6.16970064584e-05, 4.42429663963e-05, 3.5090943129e-05, 2.40075769398e-05, 2.04511616175e-05, 1.36647022373e-05, 7.75940407038e-06, 9.32580678636e-06, 1.23114941744e-05, 1.37337492561e-05, 7.20959906175e-06, 5.52820256416e-06, 5.37744654139e-06, 4.31188755101e-06, 3.8523121475e-06, 3.11531243824e-06, 2.60639626504e-06, 2.12077566175e-06, 1.72786144503e-06, 1.11933024982e-06, 7.94839991158e-07, 7.96016706772e-07],
        "median": [9.03047039174e-05, 0.000653215975035, 0.000525198003743, 0.000293165299809, 0.000226374264457, 0.000265177281108, 0.000181843497558, 9.3937269412e-05, 8.8130684162e-05, 0.000140067131724, 9.34000709094e-05, 3.64218685718e-05, 3.69436093024e-05, 2.60426459135e-05, 2.52617210208e-05, 2.56810944848e-05, 2.91869600915e-05, 2.12250834011e-05, 2.08798319363e-05, 1.77662277565e-05, 1.410292316e-05, 1.2620716916e-05, 1.15740340334e-05, 8.95972061699e-06, 4.7327835091e-06, 6.80789116814e-06, 7.74012642069e-06, 8.04909268481e-06, 4.00459475713e-06, 3.70572206521e-06, 3.32226090904e-06, 2.34805065702e-06, 2.03295644496e-06, 1.45288174735e-06, 9.49431182562e-07, 7.72358134782e-07, 7.48437457787e-07, 3.61301289331e-07, 2.10561765357e-07, 2.83583830196e-07],
        "min": [1.38767916269e-06, 3.51575363311e-06, 1.90473056136e-05, 1.13544583655e-05, 1.09695738502e-05, 1.85402404895e-05, 5.51647462999e-06, 2.06913500733e-06, 1.40732026921e-06, 1.31344881993e-06, 9.81790208243e-07, 9.91560568764e-07, 6.89375895035e-07, 4.60525342305e-07, 3.60648101605e-07, 2.82029731125e-07, 4.47377999535e-07, 4.02077716899e-07, 3.71615215045e-07, 3.21927899449e-07, 4.159149114e-07, 3.08663373971e-07, 3.26898174308e-07, 3.45606196106e-07, 1.58412518658e-07, 2.40110011873e-07, 1.18087370993e-07, 2.33145115658e-07, 7.06125717898e-08, 7.92494319057e-08, 7.79353896974e-08, 2.82370642424e-08, 1.66809854818e-08, 1.66898441734e-08, 8.35948910094e-09, 4.90266227615e-09, 2.17665746538e-11, 3.18905735153e-11, 1.49263294866e-12, 1.12354255673e-12],
