{
"highlevel": {
    "danceability": {
        "all": {
            "danceable": 0.938369810581,
            "not_danceable": 0.0616302117705
        },
        "probability": 0.938369810581,
        "value": "danceable"
    },
    "gender": {
        "all": {
            "female": 0.342298001051,
            "male": 0.657702028751
        },
        "probability": 0.657702028751,
        "value": "male"
    },
    "genre_dortmund": {
        "all": {
            "alternative": 0.129095613956,
            "blues": 0.0350630767643,
            "electronic": 0.0215732194483,
            "folkcountry": 0.0968985557556,
            "funksoulrnb": 0.00966015644372,
            "jazz": 0.0287723131478,
            "pop": 0.102992326021,
            "raphiphop": 0.0135563025251,
            "rock": 0.562388420105
        },
        "probability": 0.562388420105,
        "value": "rock"
    },
    "genre_electronic": {
        "all": {
            "ambient": 0.189367622137,
            "dnb": 0.0786673724651,
            "house": 0.0586228296161,
            "techno": 0.0177495311946,
            "trance": 0.655592679977
        },
        "probability": 0.655592679977,
        "value": "trance"
    },
    "genre_rosamerica": {
        "all": {
            "cla": 0.000644178071525,
            "dan": 0.349080264568,
            "hip": 0.0117270294577,
            "jaz": 0.000873108336236,
            "pop": 0.0880866497755,
            "rhy": 0.00525278504938,
            "roc": 0.542675793171,
            "spe": 0.00166018353775
        },
        "probability": 0.542675793171,
        "value": "roc"
    },
    "genre_tzanetakis": {
        "all": {
            "blu": 0.0626613423228,
            "cla": 0.0348169617355,
            "cou": 0.104475811124,
            "dis": 0.0784321576357,
            "hip": 0.15692435205,
            "jaz": 0.313974827528,
            "met": 0.0448166541755,
            "pop": 0.0627359300852,
            "reg": 0.0627360641956,
            "roc": 0.0784258767962
        },
        "probability": 0.313974827528,
        "value": "jaz"
    },
    "ismir04_rhythm": {
        "all": {
            "ChaChaCha": 0.369276970625,
            "Jive": 0.276010513306,
            "Quickstep": 0.0554766133428,
            "Rumba-American": 0.0124542061239,
            "Rumba-International": 0.0172001551837,
            "Rumba-Misc": 0.00510968454182,
            "Samba": 0.246698915958,
            "Tango": 0.00702914688736,
            "VienneseWaltz": 0.00719638727605,
            "Waltz": 0.00354740419425
        },
        "probability": 0.369276970625,
        "value": "ChaChaCha"
    },
    "mood_acoustic": {
        "all": {
            "acoustic": 0.0171514935791,
            "not_acoustic": 0.982848525047
        },
        "probability": 0.982848525047,
        "value": "not_acoustic"
    },
    "mood_aggressive": {
        "all": {
            "aggressive": 0.269274204969,
            "not_aggressive": 0.730725824833
        },
        "probability": 0.730725824833,
        "value": "not_aggressive"
    },
    "mood_electronic": {
        "all": {
            "electronic": 0.286451220512,
            "not_electronic": 0.713548779488
        },
        "probability": 0.713548779488,
        "value": "not_electronic"
    },
    "mood_happy": {
        "all": {
            "happy": 0.871384143829,
            "not_happy": 0.128615841269
        },
        "probability": 0.871384143829,
        "value": "happy"
    },
    "mood_party": {
        "all": {
            "not_party": 0.196922928095,
            "party": 0.803077101707
        },
        "probability": 0.803077101707,
        "value": "party"
    },
    "mood_relaxed": {
        "all": {
            "not_relaxed": 0.990741670132,
            "relaxed": 0.00925832334906
        },
        "probability": 0.990741670132,
        "value": "not_relaxed"
    },
    "mood_sad": {
        "all": {
            "not_sad": 0.859944522381,
            "sad": 0.140055477619
        },
        "probability": 0.859944522381,
        "value": "not_sad"
    },
    "moods_mirex": {
        "all": {
            "Cluster1": 0.502264857292,
            "Cluster2": 0.157529458404,
            "Cluster3": 0.106151156127,
            "Cluster4": 0.146557241678,
            "Cluster5": 0.0874972715974
        },
        "probability": 0.502264857292,
        "value": "Cluster1"
    },
    "timbre": {
        "all": {
            "bright": 0.988913178444,
            "dark": 0.0110868485644
        },
        "probability": 0.988913178444,
        "value": "bright"
    },
    "tonal_atonal": {
        "all": {
            "atonal": 0.0125050563365,
            "tonal": 0.987494945526
        },
        "probability": 0.987494945526,
        "value": "tonal"
    },
    "voice_instrumental": {
        "all": {
            "instrumental": 0.00995059590787,
            "voice": 0.990049421787
        },
        "probability": 0.990049421787,
        "value": "voice"
    }
},
"lowlevel": {
    "average_loudness": 0.979505300522,
    "barkbands_crest": {
        "dmean": 2.90987896919,
        "dmean2": 4.52886819839,
        "dvar": 6.95050525665,
        "dvar2": 15.3221492767,
        "max": 24.443819046,
        "mean": 11.20835495,
        "median": 10.4847917557,
        "min": 2.17495512962,
        "var": 27.5570659637
    },
    "barkbands_flatness_db": {
        "dmean": 0.0279029700905,
        "dmean2": 0.0389928482473,
        "dvar": 0.000730526284315,
        "dvar2": 0.00132203788962,
        "max": 0.388432174921,
        "mean": 0.141679927707,
        "median": 0.131377056241,
        "min": 0.0417743101716,
        "var": 0.00339954462834
    },
    "barkbands_kurtosis": {
        "dmean": 4.90416669846,
        "dmean2": 7.3989777565,
        "dvar": 91.3247833252,
        "dvar2": 199.87651062,
        "max": 136.634933472,
        "mean": 7.65293741226,
        "median": 1.50080680847,
        "min": -1.80138087273,
        "var": 269.873352051
    },
    "barkbands_skewness": {
        "dmean": 0.728877365589,
        "dmean2": 1.09573912621,
        "dvar": 0.595954537392,
        "dvar2": 1.1780179739,
        "max": 9.97087478638,
        "mean": 1.96229588985,
        "median": 1.50593101978,
        "min": -2.14454698563,
        "var": 3.27203083038
    },
    "barkbands_spread": {
        "dmean": 9.33064365387,
        "dmean2": 14.1062192917,
        "dvar": 118.459671021,
        "dvar2": 233.923080444,
        "max": 99.9247589111,
        "mean": 29.0843391418,
        "median": 24.9730510712,
        "min": 1.09162914753,
        "var": 349.651977539
    },
    "dissonance": {
        "dmean": 0.0158034935594,
        "dmean2": 0.0264829732478,
        "dvar": 0.00024459004635,
        "dvar2": 0.000619175145403,
        "max": 0.499489247799,
        "mean": 0.4725882411,
        "median": 0.477636128664,
        "min": 0.348455876112,
        "var": 0.000456439738628
    },
    "dynamic_complexity": 1.44430232048,
    "erbbands_crest": {
        "dmean": 2.43334817886,
        "dmean2": 3.90865278244,
        "dvar": 4.95744991302,
        "dvar2": 12.867061615,
        "max": 26.0749588013,
        "mean": 7.3727517128,
        "median": 6.58619260788,
        "min": 2.61202573776,
        "var": 11.2868013382
    },
    "erbbands_flatness_db": {
        "dmean": 0.019974110648,
        "dmean2": 0.0290403980762,
        "dvar": 0.000305628986098,
        "dvar2": 0.000589904841036,
        "max": 0.21481372416,
        "mean": 0.122195936739,
        "median": 0.118454188108,
        "min": 0.056519202888,
        "var": 0.000837470812257
    },
    "erbbands_kurtosis": {
        "dmean": 0.716565907001,
        "dmean2": 1.14741230011,
        "dvar": 0.582717299461,
        "dvar2": 1.44877254963,
        "max": 6.91268825531,
        "mean": 0.0282732918859,
        "median": -0.184775352478,
        "min": -1.78140985966,
        "var": 1.18755602837
    },
    "erbbands_skewness": {
        "dmean": 0.357011646032,
        "dmean2": 0.546006262302,
        "dvar": 0.0923116728663,
        "dvar2": 0.207195162773,
        "max": 1.92636919022,
        "mean": 0.0322834551334,
        "median": 0.0129335178062,
        "min": -2.2671687603,
        "var": 0.384428054094
    },
    "erbbands_spread": {
        "dmean": 12.1368989944,
        "dmean2": 18.8715419769,
        "dvar": 137.899810791,
        "dvar2": 306.683105469,
        "max": 149.353515625,
        "mean": 50.0032463074,
        "median": 46.2990455627,
        "min": 13.8016242981,
        "var": 438.462982178
    },
    "hfc": {
        "dmean": 15.2776918411,
        "dmean2": 23.2496261597,
        "dvar": 411.41494751,
        "dvar2": 959.274414062,
        "max": 174.433547974,
        "mean": 36.5868759155,
        "median": 27.9872398376,
        "min": 2.26532721519,
        "var": 744.796081543
    },
    "melbands_crest": {
        "dmean": 3.75684452057,
        "dmean2": 5.87486743927,
        "dvar": 11.6396503448,
        "dvar2": 26.9040145874,
        "max": 32.8213157654,
        "mean": 17.07289505,
        "median": 16.8222293854,
        "min": 3.63268065453,
        "var": 42.3348655701
    },
    "melbands_flatness_db": {
        "dmean": 0.0365323238075,
        "dmean2": 0.0501361452043,
        "dvar": 0.00130625138991,
        "dvar2": 0.00227221078239,
        "max": 0.473489403725,
        "mean": 0.190445095301,
        "median": 0.180133774877,
        "min": 0.0268020890653,
        "var": 0.00746520934626
    },
    "melbands_kurtosis": {
        "dmean": 13.3702096939,
        "dmean2": 21.3679504395,
        "dvar": 623.282775879,
        "dvar2": 1497.0189209,
        "max": 390.004669189,
        "mean": 26.1544857025,
        "median": 9.94166469574,
        "min": -1.54883468151,
        "var": 1932.77380371
    },
    "melbands_skewness": {
        "dmean": 1.0102199316,
        "dmean2": 1.58128726482,
        "dvar": 1.23238658905,
        "dvar2": 2.70710206032,
        "max": 16.7322769165,
        "mean": 3.61279177666,
        "median": 2.92741966248,
        "min": -0.275920242071,
        "var": 6.02230215073
    },
    "melbands_spread": {
        "dmean": 10.9770555496,
        "dmean2": 17.0109462738,
        "dvar": 251.540725708,
        "dvar2": 545.518066406,
        "max": 192.117904663,
        "mean": 28.6978263855,
        "median": 21.6042728424,
        "min": 0.883229732513,
        "var": 705.206359863
    },
    "pitch_salience": {
        "dmean": 0.0794771835208,
        "dmean2": 0.122895114124,
        "dvar": 0.00504944426939,
        "dvar2": 0.0120505886152,
        "max": 0.847841858864,
        "mean": 0.511387586594,
        "median": 0.517871260643,
        "min": 0.126768872142,
        "var": 0.0153645370156
    },
    "silence_rate_20dB": {
        "dmean": 0,
        "dmean2": 0,
        "dvar": 0,
        "dvar2": 0,
        "max": 1,
        "mean": 1,
        "median": 1,
        "min": 1,
        "var": 0
    },
    "silence_rate_30dB": {
        "dmean": 0.030959751457,
        "dmean2": 0.0619674660265,
        "dvar": 0.0300014987588,
        "dvar2": 0.0736190229654,
        "max": 1,
        "mean": 0.972157776356,
        "median": 1,
        "min": 0,
        "var": 0.0270666498691
    },
    "silence_rate_60dB": {
        "dmean": 0.0061919502914,
        "dmean2": 0.0123934932053,
        "dvar": 0.00615360355005,
        "dvar2": 0.013789110817,
        "max": 1,
        "mean": 0.0131477182731,
        "median": 0,
        "min": 0,
        "var": 0.0129748769104
    },
    "spectral_centroid": {
        "dmean": 368.396240234,
        "dmean2": 553.092346191,
        "dvar": 165934.578125,
        "dvar2": 335846.25,
        "max": 4418.72802734,
        "mean": 1541.75585938,
        "median": 1477.8067627,
        "min": 209.634353638,
        "var": 646169.375
    },
    "spectral_complexity": {
        "dmean": 5.68498468399,
        "dmean2": 8.40123939514,
        "dvar": 36.8753318787,
        "dvar2": 71.1558532715,
        "max": 63,
        "mean": 24.9466362,
        "median": 24,
        "min": 2,
        "var": 152.820953369
    },
    "spectral_decrease": {
        "dmean": 2.76912492936e-09,
        "dmean2": 4.210207738e-09,
        "dvar": 9.3283788112e-18,
        "dvar2": 2.14429054119e-17,
        "max": -1.43529008123e-10,
        "mean": -1.132720584e-08,
        "median": -9.88143966651e-09,
        "min": -3.48010651408e-08,
        "var": 4.54551860076e-17
    },
    "spectral_energy": {
        "dmean": 0.0108800604939,
        "dmean2": 0.0167583338916,
        "dvar": 0.000136082278914,
        "dvar2": 0.000313821539748,
        "max": 0.13225004077,
        "mean": 0.0460700467229,
        "median": 0.0413309037685,
        "min": 0.000822510221042,
        "var": 0.000630661612377
    },
    "spectral_energyband_high": {
        "dmean": 0.00154866103549,
        "dmean2": 0.00236567272805,
        "dvar": 5.5808613979e-06,
        "dvar2": 1.33953144541e-05,
        "max": 0.0226467251778,
        "mean": 0.00245578656904,
        "median": 0.00110633648001,
        "min": 1.51995254782e-05,
        "var": 9.33972660278e-06
    },
    "spectral_energyband_low": {
        "dmean": 0.00827822647989,
        "dmean2": 0.0117566883564,
        "dvar": 0.000131572189275,
        "dvar2": 0.000282261404209,
        "max": 0.126135885715,
        "mean": 0.0245000831783,
        "median": 0.014567092061,
        "min": 1.6015728761e-05,
        "var": 0.000695881724823
    },
    "spectral_energyband_middle_high": {
        "dmean": 0.00276459404267,
        "dmean2": 0.00447245780379,
        "dvar": 1.62152900884e-05,
        "dvar2": 3.85129242204e-05,
        "max": 0.0473369322717,
        "mean": 0.00714055355638,
        "median": 0.00566664850339,
        "min": 0.000194079955691,
        "var": 4.02366749768e-05
    },
    "spectral_energyband_middle_low": {
        "dmean": 0.00617555435747,
        "dmean2": 0.00992764346302,
        "dvar": 6.79694639985e-05,
        "dvar2": 0.000168178055901,
        "max": 0.0952239185572,
        "mean": 0.0148032382131,
        "median": 0.0128091368824,
        "min": 5.10608115292e-05,
        "var": 0.000116693503514
    },
    "spectral_entropy": {
        "dmean": 0.229810997844,
        "dmean2": 0.321678996086,
        "dvar": 0.0565284751356,
        "dvar2": 0.102656498551,
        "max": 8.68433856964,
        "mean": 7.76873159409,
        "median": 7.77097988129,
        "min": 6.38604688644,
        "var": 0.163739308715
    },
    "spectral_flux": {
        "dmean": 0.0283251721412,
        "dmean2": 0.0418661832809,
        "dvar": 0.000688459840603,
        "dvar2": 0.00145789003,
        "max": 0.312266021967,
        "mean": 0.105429053307,
        "median": 0.0984270423651,
        "min": 0.0229568257928,
        "var": 0.00171370734461
    },
    "spectral_kurtosis": {
        "dmean": 1.37701523304,
        "dmean2": 2.14910554886,
        "dvar": 2.91223907471,
        "dvar2": 6.59121608734,
        "max": 21.2766075134,
        "mean": 3.26988434792,
        "median": 2.80896759033,
        "min": -0.769380807877,
        "var": 4.98565530777
    },
    "spectral_rms": {
        "dmean": 0.000796683540102,
        "dmean2": 0.00121097499505,
        "dvar": 6.1620625047e-07,
        "dvar2": 1.3370030274e-06,
        "max": 0.0113588916138,
        "mean": 0.0064358045347,
        "median": 0.00635002646595,
        "min": 0.000895795179531,
        "var": 3.52682650373e-06
    },
    "spectral_rolloff": {
        "dmean": 968.212463379,
        "dmean2": 1536.73193359,
        "dvar": 2257525.75,
        "dvar2": 4581136,
        "max": 13329.0527344,
        "mean": 2084.79321289,
        "median": 1184.32617188,
        "min": 64.599609375,
        "var": 5642254.5
    },
    "spectral_skewness": {
        "dmean": 0.242625206709,
        "dmean2": 0.364652037621,
        "dvar": 0.0673243775964,
        "dvar2": 0.145765125751,
        "max": 3.72560358047,
        "mean": 1.38933861256,
        "median": 1.34516775608,
        "min": 0.307958841324,
        "var": 0.194888114929
    },
    "spectral_spread": {
        "dmean": 1097645,
        "dmean2": 1591623.75,
        "dvar": 1.16139569971e+12,
        "dvar2": 2.31375424717e+12,
        "max": 15578685,
        "mean": 5550093.5,
        "median": 5341004.5,
        "min": 2276345.75,
        "var": 2.4947720192e+12
    },
    "spectral_strongpeak": {
        "dmean": 0.374685138464,
        "dmean2": 0.653072476387,
        "dvar": 0.433430671692,
        "dvar2": 1.17700099945,
        "max": 7.83604335785,
        "mean": 0.771550059319,
        "median": 0.615281939507,
        "min": 0.0265594739467,
        "var": 0.480397433043
    },
    "zerocrossingrate": {
        "dmean": 0.0207697153091,
        "dmean2": 0.0238713175058,
        "dvar": 0.000444328732556,
        "dvar2": 0.000535095110536,
        "max": 0.31396484375,
        "mean": 0.0788689404726,
        "median": 0.06396484375,
        "min": 0.00244140625,
        "var": 0.00290766474791
    },
    "barkbands": {
        "dmean": [0.000351780035999, 0.0058667100966, 0.00368685554713, 0.00265260436572, 0.00345549639314, 0.000619830854703, 0.000708848820068, 0.000856634753291, 0.000557715713512, 0.000745238736272, 0.000617161975242, 0.000720308162272, 0.000514304731041, 0.000609989394434, 0.00047173423809, 0.000289510149742, 0.000231951329624, 0.000230256599025, 0.000287209695671, 0.000248751079198, 0.000308176269755, 0.000324998225551, 0.000247644231422, 0.000271405733656, 0.000269451644272, 0.000223085720791, 3.17268060712e-08],
        "dmean2": [0.000384172803024, 0.00795323494822, 0.00571208121255, 0.00440832134336, 0.00573267042637, 0.00102594390046, 0.00110374251381, 0.00136172899511, 0.000895495933946, 0.00120979081839, 0.00102724018507, 0.0012271408923, 0.000864666246343, 0.00103212473914, 0.000759121729061, 0.000463162985398, 0.000384559389204, 0.000391711160773, 0.000477446214063, 0.000398193835281, 0.000497515837196, 0.000530759745743, 0.000381437333999, 0.000431343476521, 0.000436240748968, 0.000364669307601, 5.84678083726e-08],
        "dvar": [5.8890350374e-07, 0.00011420455121, 4.22141347372e-05, 1.84714317584e-05, 3.33500138368e-05, 9.82672418104e-07, 2.80022140942e-06, 4.41337169832e-06, 9.41509256336e-07, 2.15922727875e-06, 1.99733176487e-06, 1.76033427124e-06, 8.80482502907e-07, 1.08338645077e-06, 5.42639554624e-07, 2.89102558781e-07, 1.74356713956e-07, 1.08613257055e-07, 1.5164010847e-07, 1.09524677327e-07, 3.07182176584e-07, 4.02770069741e-07, 1.51344409005e-07, 1.79259060928e-07, 1.24940868318e-07, 1.18622040191e-07, 1.88012210238e-14],
        "dvar2": [7.87000772107e-07, 0.000221866954234, 0.000104814003862, 4.67188583571e-05, 8.29693308333e-05, 2.48926949098e-06, 6.10546203461e-06, 1.02210506157e-05, 2.34291019297e-06, 6.14905047769e-06, 5.00196529174e-06, 4.59646298623e-06, 2.18898389903e-06, 2.79074697573e-06, 1.34732556489e-06, 7.34168224881e-07, 4.60344381281e-07, 2.93466172252e-07, 3.95647532514e-07, 2.52203477658e-07, 7.60167552016e-07, 1.07706671315e-06, 3.70386402437e-07, 4.31997591477e-07, 2.93983845268e-07, 2.76745311112e-07, 5.24371568573e-14],
        "max": [0.00878761336207, 0.118948943913, 0.076166793704, 0.044293358922, 0.077696159482, 0.0155907152221, 0.0347108952701, 0.0345607586205, 0.0150844920427, 0.0302431248128, 0.0304758511484, 0.0162103604525, 0.0141868684441, 0.00999790709466, 0.0118175540119, 0.00539290858433, 0.00581040605903, 0.00324010639451, 0.0045177587308, 0.00419402541593, 0.00514441682026, 0.00782186444849, 0.00286648049951, 0.0044417725876, 0.00316952960566, 0.00298084761016, 1.94969720724e-06],
        "mean": [0.00067560368916, 0.013581585139, 0.00767389545217, 0.00476979603991, 0.005463458132, 0.000899959122762, 0.00113470712677, 0.00119239627384, 0.000826545234304, 0.00116587476805, 0.000875675003044, 0.00106156733818, 0.000735890876967, 0.000839861226268, 0.000713110552169, 0.000407512037782, 0.000367482600268, 0.000418462819653, 0.000595681194682, 0.000480715476442, 0.000447227153927, 0.00044652048382, 0.000358089222573, 0.000363870756701, 0.000324125401676, 0.000250405020779, 2.01713650227e-08],
        "median": [1.85944263649e-05, 0.0033809049055, 0.00308935297653, 0.00318656885065, 0.00324395787902, 0.000475168548292, 0.000279194762697, 0.000387253268855, 0.000394605711335, 0.00055738579249, 0.000308093847707, 0.000469824939501, 0.000347922119545, 0.000431975757238, 0.000355496478733, 0.000203775678528, 0.000225796160521, 0.000296206155326, 0.000431592343375, 0.000307786278427, 0.000177225912921, 0.000134034751682, 0.000118379306514, 0.000157916598255, 0.00014326890232, 8.6216670752e-05, 1.00611496912e-09],
        "min": [2.43794406884e-08, 1.38219104429e-06, 2.10895541386e-06, 4.33909826825e-06, 6.12175244896e-06, 1.57776958076e-06, 2.24348536904e-06, 2.9187731343e-06, 3.79904486181e-06, 4.26179167334e-06, 4.55177496406e-06, 4.1258017518e-06, 1.4980674905e-06, 3.34950641445e-06, 5.90834952163e-06, 2.71396902463e-06, 1.31713954943e-06, 2.39412270275e-06, 2.9526720482e-06, 1.32722811941e-06, 1.74021420207e-06, 1.55472253027e-06, 1.60330989729e-06, 6.35681715266e-07, 5.45711198452e-10, 4.81482666237e-11, 9.89996539608e-12],
        "var": [2.44708166974e-06, 0.000495986954775, 0.000106766739918, 3.09924434987e-05, 4.73939835501e-05, 1.4968211417e-06, 8.90256160346e-06, 8.10138953966e-06, 1.76613536951e-06, 3.5616490095e-06, 3.02411353914e-06, 3.19702940033e-06, 1.35814639179e-06, 1.39100882279e-06, 1.12087934667e-06, 3.90284213836e-07, 2.25447990942e-07, 1.91575509234e-07, 3.41288227901e-07, 2.73777772009e-07, 3.79101322778e-07, 4.98366773627e-07, 2.58472113046e-07, 2.3961084139e-07, 1.95191461216e-07, 1.56797440809e-07, 1.12646623664e-14]
    },
    "erbbands": {
        "dmean": [0.237414836884, 1.193120718, 3.28555560112, 6.7628326416, 12.1420869827, 10.5190591812, 6.17040395737, 4.77923202515, 7.66382980347, 14.7864170074, 18.9341526031, 12.8158769608, 20.8956813812, 22.0962924957, 22.7914199829, 32.4902534485, 22.2166042328, 30.7525119781, 24.7966308594, 21.4291667938, 14.6900520325, 11.779586792, 12.1155595779, 14.6337251663, 13.2373762131, 12.0856933594, 12.112074852, 13.254278183, 12.1964607239, 9.85423469543, 6.91335058212, 6.30001831055, 4.31512928009, 3.11175751686, 1.99668931961, 1.20736908913, 0.38528457284, 0.0316029712558, 0.000579783110879, 3.78762015316e-05],
        "dmean2": [0.28671374917, 1.73706126213, 5.02738142014, 10.8419828415, 20.3691520691, 17.2428855896, 10.3323707581, 7.83720970154, 12.4325647354, 23.0019264221, 30.271818161, 20.5227012634, 33.8667068481, 36.7304916382, 37.9536895752, 55.1807403564, 37.2950019836, 50.8573303223, 39.4974403381, 35.4281616211, 23.5427074432, 19.5870456696, 20.4797306061, 24.6783447266, 21.5624675751, 19.4711380005, 18.7809391022, 21.9193172455, 19.9516811371, 16.0095367432, 10.5749044418, 10.0013465881, 6.78763437271, 5.08212423325, 3.25235581398, 2.00024175644, 0.632002174854, 0.0534169860184, 0.000967193453107, 6.12082294538e-05],
        "dvar": [0.219017803669, 4.94495582581, 31.9429397583, 111.230178833, 362.87298584, 395.739440918, 141.097747803, 82.4277648926, 360.469696045, 1374.54663086, 2852.41552734, 558.842224121, 1114.08837891, 3308.17382812, 1959.42553711, 3768.61987305, 1716.22265625, 2312.32592773, 2117.18774414, 1204.9810791, 795.236816406, 511.160125732, 301.831207275, 504.785552979, 252.248214722, 279.576141357, 314.890808105, 731.592773438, 616.33972168, 292.669189453, 105.845397949, 126.908836365, 38.7058944702, 18.5294456482, 7.29671621323, 3.39789056778, 0.355559915304, 0.00284621119499, 8.97218853879e-07, 2.44601983113e-09],
        "dvar2": [0.335070848465, 10.3009757996, 76.7645187378, 290.589508057, 933.12677002, 977.137756348, 337.394378662, 202.228652954, 809.347717285, 2959.6550293, 6774.83349609, 1384.91442871, 2880.51269531, 8771.43945312, 5010.81347656, 9345.07226562, 4182.48242188, 5942.74267578, 5068.94921875, 3198.04785156, 1995.62414551, 1358.76098633, 810.586975098, 1396.53393555, 608.910400391, 667.312011719, 741.077819824, 1921.04138184, 1677.60961914, 737.355224609, 256.803253174, 323.063995361, 90.937171936, 46.0605926514, 17.0598583221, 8.02691364288, 0.834711790085, 0.00706314994022, 2.17842739403e-06, 5.78668801765e-09],
        "max": [5.0803809166, 27.0834503174, 69.8882217407, 117.56955719, 195.444229126, 346.726196289, 251.19418335, 172.455947876, 352.849578857, 956.241943359, 946.341918945, 425.48538208, 447.076171875, 1128.2121582, 668.318664551, 826.450500488, 755.224060059, 472.01763916, 786.103088379, 314.624633789, 311.324035645, 334.476745605, 200.449111938, 294.820831299, 138.993453979, 193.585708618, 158.627975464, 258.761169434, 325.899963379, 151.118942261, 91.8107147217, 149.208206177, 55.9385185242, 39.5520629883, 33.340839386, 19.3312492371, 4.95893287659, 0.538406968117, 0.00932655017823, 0.000479082431411],
        "mean": [0.539256930351, 2.54568552971, 7.31874465942, 14.2114658356, 19.6918964386, 16.4070911407, 8.46726512909, 7.19076967239, 11.7683076859, 22.83826828, 26.8612480164, 19.379322052, 34.9802932739, 34.0153427124, 35.7976646423, 50.0660667419, 35.0715942383, 45.6462440491, 37.9582328796, 32.5268936157, 23.0924282074, 19.8133392334, 22.1985645294, 28.2205810547, 27.1683101654, 23.3458938599, 20.0647144318, 17.3122196198, 16.4548816681, 12.8887519836, 9.97187328339, 7.87851667404, 5.98151445389, 3.70588469505, 2.24772882462, 1.3314166069, 0.432000935078, 0.030624454841, 0.000625915534329, 8.94253680599e-05],
        "median": [0.0513928122818, 1.03833007812, 3.2648601532, 11.9429340363, 12.7339057922, 8.99450683594, 4.21536874771, 3.79549264908, 4.09155416489, 5.38202381134, 9.88520622253, 10.1494007111, 16.9470367432, 14.9865674973, 16.2876796722, 24.2191944122, 18.5735721588, 25.6078281403, 17.1398983002, 19.2966041565, 13.1876268387, 12.9917402267, 15.5861463547, 19.6787319183, 21.001657486, 14.9871311188, 9.07925415039, 6.28628778458, 5.00363731384, 3.71244621277, 3.50054836273, 3.10189628601, 2.70178461075, 1.67474412918, 0.935958266258, 0.462828725576, 0.145876035094, 0.00852811895311, 0.000217538574361, 7.62661802582e-05],
        "min": [4.61595227534e-05, 0.000560654327273, 0.00524332048371, 0.0224131681025, 0.0149642452598, 0.0177552551031, 0.0250027775764, 0.0153741193935, 0.0349650718272, 0.0535612553358, 0.128378927708, 0.180295631289, 0.199473872781, 0.242181375623, 0.230039790273, 0.250403612852, 0.082118101418, 0.158740147948, 0.376202702522, 0.291531741619, 0.226425394416, 0.101500697434, 0.119465380907, 0.161241084337, 0.116775520146, 0.0658650994301, 0.0882988348603, 0.0779335722327, 0.0618998929858, 0.0201397351921, 0.0402300134301, 0.0200352855027, 0.00880700070411, 0.000518332293723, 7.82941933721e-05, 5.06726173626e-05, 2.84018460661e-05, 2.93179527944e-06, 4.85352256874e-06, 3.31353521688e-06],
        "var": [1.08292281628, 14.2777481079, 89.1185760498, 163.782318115, 507.505279541, 571.666748047, 233.218795776, 121.100479126, 899.21875, 3616.8125, 4769.31982422, 841.676330566, 2711.66040039, 4899.22216797, 3449.73291016, 6655.24267578, 2721.19165039, 3519.00512695, 3960.24365234, 1726.99414062, 1109.56420898, 616.628845215, 559.2578125, 853.533935547, 626.122314453, 646.765136719, 655.66998291, 708.334472656, 720.65838623, 367.226898193, 205.344909668, 140.203964233, 64.3675765991, 25.2628612518, 10.6782178879, 4.63965463638, 0.461463272572, 0.00278709759004, 9.57757947617e-07, 3.3105793662e-09]
    },
    "gfcc": {
        "mean": [51.20154953, 66.5434951782, -102.637588501, 39.4339141846, -52.5513038635, 30.1225528717, -37.4364624023, 13.1391220093, -36.3492889404, 2.80240797997, -23.8450431824, -3.96079063416, -17.5185165405],
        "cov": [[1945.0559082, -763.852966309, -248.673110962, -120.191635132, -159.468719482, -79.4569015503, -88.811882019, -12.4016304016, -161.904586792, 142.424926758, -136.888717651, 81.4242324829, -98.9735183716], [-763.852966309, 1465.62695312, 44.3030586243, -24.9244804382, 350.561401367, 67.4137878418, 127.389900208, 30.8125324249, 149.806152344, -65.0642089844, 186.499328613, -140.144073486, 143.018157959], [-248.673110962, 44.3030586243, 768.900085449, 68.1726150513, 96.3686676025, 145.168930054, 18.5259666443, 52.1100463867, 42.8163986206, 33.8326797485, -10.0389547348, 64.4117584229, 3.84666991234], [-120.191635132, -24.9244804382, 68.1726150513, 398.183227539, 61.4003295898, 27.5012969971, 64.5771484375, -4.42502832413, 52.0575408936, -47.7640190125, 34.8625640869, -28.850566864, 40.6477508545], [-159.468719482, 350.561401367, 96.3686676025, 61.4003295898, 305.906463623, 88.1118087769, 81.3050003052, 51.1804733276, 35.0756530762, 9.82446289062, 42.0800323486, -19.1198577881, 14.9525623322], [-79.4569015503, 67.4137878418, 145.168930054, 27.5012969971, 88.1118087769, 192.780899048, 57.8388710022, 27.1465759277, 39.2098388672, 2.68610310555, 24.3865394592, -0.178578138351, 27.4247169495], [-88.811882019, 127.389900208, 18.5259666443, 64.5771484375, 81.3050003052, 57.8388710022, 160.231735229, 66.0599212646, 43.832359314, 22.0418930054, 52.8577537537, 0.804900527, 14.5835123062], [-12.4016304016, 30.8125324249, 52.1100463867, -4.42502832413, 51.1804733276, 27.1465759277, 66.0599212646, 118.592590332, 31.5243835449, 45.0461425781, 35.3619155884, 12.5671348572, 4.28244590759], [-161.904586792, 149.806152344, 42.8163986206, 52.0575408936, 35.0756530762, 39.2098388672, 43.832359314, 31.5243835449, 133.745071411, 22.3205928802, 48.4373435974, 2.55041098595, 39.8453445435], [142.424926758, -65.0642089844, 33.8326797485, -47.7640190125, 9.82446289062, 2.68610310555, 22.0418930054, 45.0461425781, 22.3205928802, 100.005958557, 18.7381954193, 33.5220069885, -14.2135057449], [-136.888717651, 186.499328613, -10.0389547348, 34.8625640869, 42.0800323486, 24.3865394592, 52.8577537537, 35.3619155884, 48.4373435974, 18.7381954193, 104.595550537, 3.14580965042, 36.6757087708], [81.4242324829, -140.144073486, 64.4117584229, -28.850566864, -19.1198577881, -0.178578138351, 0.804900527, 12.5671348572, 2.55041098595, 33.5220069885, 3.14580965042, 96.4967880249, 7.18301391602], [-98.9735183716, 143.018157959, 3.84666991234, 40.6477508545, 14.9525623322, 27.4247169495, 14.5835123062, 4.28244590759, 39.8453445435, -14.2135057449, 36.6757087708, 7.18301391602, 90.6397399902]],
        "icov": [[0.000879028928466, 5.68331743125e-05, 0.000434120942373, -0.000299875391647, 0.000150245119585, -0.000366145861335, 0.000259235879639, -7.4587893323e-05, 0.000923982646782, -0.00179141748231, 0.00102808768861, -0.000435018824646, -3.45801236108e-05], [5.68331743125e-05, 0.00312857492827, -0.000931906281039, 0.00255077355541, -0.00317711639218, 0.0022852786351, -0.00153969903477, 0.00183171825483, -0.00187406328041, 0.00235457136296, -0.00398993911222, 0.00465504685417, -0.0035463210661], [0.000434120942373, -0.000931906281039, 0.00232701282948, -0.00142254820094, 0.000726227124687, -0.00226122629829, 0.00140576786362, -0.00134033011273, 0.000722844153643, -0.00181230076123, 0.00244861282408, -0.00297892815433, 0.00152850698214], [-0.000299875391647, 0.00255077355541, -0.00142254820094, 0.00553019950166, -0.0029284954071, 0.00267907883972, -0.00289150606841, 0.00235127215274, -0.00282167689875, 0.00432272069156, -0.00406286725774, 0.00467301392928, -0.00355336628854], [0.000150245119585, -0.00317711639218, 0.000726227124687, -0.0029284954071, 0.00762518821284, -0.00363690196536, 0.000503872230183, -0.00264636008069, 0.00232859514654, -0.00292124040425, 0.00358397746459, -0.00369623559527, 0.00370708084665], [-0.000366145861335, 0.0022852786351, -0.00226122629829, 0.00267907883972, -0.00363690196536, 0.00951191782951, -0.00350226764567, 0.00197325157933, -0.00261038518511, 0.00315055972897, -0.00329898484051, 0.00440903287381, -0.00429189670831], [0.000259235879639, -0.00153969903477, 0.00140576786362, -0.00289150606841, 0.000503872230183, -0.00350226764567, 0.0117645682767, -0.00539267901331, 0.000576878082938, -0.00195293419529, -0.000223401875701, -0.00311793503352, 0.00306569039822], [-7.4587893323e-05, 0.00183171825483, -0.00134033011273, 0.00235127215274, -0.00264636008069, 0.00197325157933, -0.00539267901331, 0.0146923623979, -0.00173055857886, -0.00260927947238, -0.00394806871191, 0.00318072573282, -0.00225918181241], [0.000923982646782, -0.00187406328041, 0.000722844153643, -0.00282167689875, 0.00232859514654, -0.00261038518511, 0.000576878082938, -0.00173055857886, 0.0129993250594, -0.00618549250066, 0.00116695207544, -0.00228046346456, -0.00138063519262], [-0.00179141748231, 0.00235457136296, -0.00181230076123, 0.00432272069156, -0.00292124040425, 0.00315055972897, -0.00195293419529, -0.00260927947238, -0.00618549250066, 0.0215359777212, -0.00737185077742, 2.64381178567e-05, 0.00151023617946], [0.00102808768861, -0.00398993911222, 0.00244861282408, -0.00406286725774, 0.00358397746459, -0.00329898484051, -0.000223401875701, -0.00394806871191, 0.00116695207544, -0.00737185077742, 0.0213729441166, -0.00645500281826, -3.98815536755e-05], [-0.000435018824646, 0.00465504685417, -0.00297892815433, 0.00467301392928, -0.00369623559527, 0.00440903287381, -0.00311793503352, 0.00318072573282, -0.00228046346456, 2.64381178567e-05, -0.00645500281826, 0.0206341929734, -0.00817887950689], [-3.45801236108e-05, -0.0035463210661, 0.00152850698214, -0.00355336628854, 0.00370708084665, -0.00429189670831, 0.00306569039822, -0.00225918181241, -0.00138063519262, 0.00151023617946, -3.98815536755e-05, -0.00817887950689, 0.0199278127402]]
    },
    "melbands": {
        "dmean": [0.00182727968786, 0.00146205548663, 0.00123751268256, 0.000882579537574, 0.000231981859542, 0.000109949869511, 0.000123486621305, 0.000159805145813, 0.00014625689073, 8.05487361504e-05, 0.000105040846393, 9.0436078608e-05, 8.35423707031e-05, 8.22637011879e-05, 6.51375012239e-05, 5.07215991092e-05, 6.18589328951e-05, 4.37172711827e-05, 3.04285367747e-05, 2.55866725638e-05, 1.74012729985e-05, 1.43500619743e-05, 1.16478486234e-05, 1.14968324851e-05, 1.30949820232e-05, 1.20503827929e-05, 8.51166078064e-06, 8.520440133e-06, 7.75712123868e-06, 8.03356761025e-06, 8.41751625558e-06, 7.73426563683e-06, 5.6235194279e-06, 5.54988719159e-06, 4.32409296991e-06, 3.95613005821e-06, 3.71330088456e-06, 3.14165481541e-06, 2.86656359094e-06, 2.65953804046e-06],
        "dmean2": [0.00236238841899, 0.00221021403559, 0.00199753418565, 0.00146335095633, 0.000389016524423, 0.000179865164682, 0.0001960406953, 0.000250943558058, 0.000232704594964, 0.000127950799651, 0.000170607861946, 0.000151117608766, 0.00013918132754, 0.000138879186125, 0.000108538777567, 8.3704435383e-05, 0.000103086444142, 7.05112979631e-05, 5.03240589751e-05, 4.16556431446e-05, 2.84274647129e-05, 2.39699093072e-05, 1.93950636458e-05, 1.97132412723e-05, 2.23199094762e-05, 1.96862674784e-05, 1.39433650475e-05, 1.3863962522e-05, 1.22108222058e-05, 1.31517836053e-05, 1.41814616654e-05, 1.28515303004e-05, 9.25396579987e-06, 9.12185896595e-06, 6.84853057464e-06, 6.25025586487e-06, 5.90047920923e-06, 5.02876127939e-06, 4.60304545413e-06, 4.43541057393e-06],
        "dvar": [1.16915498438e-05, 5.27179099663e-06, 3.30741454491e-06, 2.33757259593e-06, 2.17268535607e-07, 3.8458175311e-08, 8.40150420345e-08, 1.39374350283e-07, 1.61799974308e-07, 2.20574687404e-08, 2.85509926812e-08, 5.7989382185e-08, 3.11922683238e-08, 2.22127081173e-08, 1.33543727188e-08, 7.88362708448e-09, 9.72436353663e-09, 7.56131690594e-09, 2.37482256082e-09, 1.89342674872e-09, 1.16771570191e-09, 7.66093466442e-10, 3.0083194269e-10, 3.07952274792e-10, 4.42471809192e-10, 2.23835019963e-10, 1.15896403585e-10, 1.55169183058e-10, 1.26203159034e-10, 1.81286888279e-10, 3.23069321295e-10, 3.02521063755e-10, 8.928514178e-11, 9.71306091113e-11, 4.87080549505e-11, 4.24148320632e-11, 4.02402763888e-11, 2.1550081164e-11, 1.58901641845e-11, 1.42111392099e-11],
        "dvar2": [2.09114041354e-05, 1.17800200314e-05, 8.62483557285e-06, 5.92731976212e-06, 5.13697102633e-07, 9.31157018158e-08, 1.85643258988e-07, 2.96069117667e-07, 3.87479474284e-07, 5.43514246942e-08, 7.36500354037e-08, 1.56184157163e-07, 8.00657318223e-08, 5.73351677247e-08, 3.5235942164e-08, 1.9740712176e-08, 2.5376955648e-08, 1.87046182987e-08, 6.23737728134e-09, 4.98722263487e-09, 2.94617730212e-09, 2.03596672854e-09, 8.0982648365e-10, 8.81510586748e-10, 1.25139609786e-09, 5.6087984257e-10, 2.83116224908e-10, 3.81783438197e-10, 3.03759184472e-10, 4.59587146118e-10, 8.7164703233e-10, 8.40255198753e-10, 2.34101321661e-10, 2.47409870369e-10, 1.23508064886e-10, 1.04918698729e-10, 1.01689351384e-10, 5.13874151564e-11, 3.6139136822e-11, 3.65129593227e-11],
        "max": [0.0387320071459, 0.0262217484415, 0.0191197711974, 0.0218449309468, 0.00967570301145, 0.0035534829367, 0.0062350127846, 0.00880111940205, 0.00726983183995, 0.0027928808704, 0.00224208110012, 0.00496487645432, 0.0033236539457, 0.00168723636307, 0.00140683667269, 0.00151245261077, 0.000956912932452, 0.00145860877819, 0.00047800867469, 0.000431675318396, 0.000339323596563, 0.000379687699024, 0.000227881595492, 0.000231759375311, 0.000269280193606, 0.000134616886498, 0.000102633777715, 0.00013566033158, 0.000102161349787, 0.000122185403598, 0.000172199652297, 0.000246521667577, 8.66894552018e-05, 7.80165355536e-05, 6.47829729132e-05, 7.6312055171e-05, 7.81751732575e-05, 4.41292468167e-05, 3.55823249265e-05, 3.68462060578e-05],
        "mean": [0.00419923383743, 0.00366089795716, 0.00264348112978, 0.00142522784881, 0.000344648433384, 0.000164720782777, 0.000195043918211, 0.000245533534326, 0.000204372714506, 0.000121309545648, 0.000173608816112, 0.000134119429276, 0.000122927260236, 0.000121488279547, 9.95012451313e-05, 7.21749020158e-05, 8.68971765158e-05, 6.19377315161e-05, 4.4891196012e-05, 3.69960071112e-05, 2.57032115769e-05, 2.11881524592e-05, 1.90312239283e-05, 2.01446073333e-05, 2.30076457228e-05, 2.27861128224e-05, 1.53856744873e-05, 1.54606204887e-05, 1.26601862576e-05, 1.10109103844e-05, 9.92437071545e-06, 9.89733143797e-06, 7.49499258745e-06, 6.88840555085e-06, 5.99811937718e-06, 5.01034219269e-06, 4.48343462267e-06, 4.28984731116e-06, 3.60473768524e-06, 2.94083702101e-06],
        "median": [0.000726413854863, 0.00209250743501, 0.00234016473405, 0.000902116065845, 0.000170153056388, 8.58829589561e-05, 6.27182962489e-05, 6.63614482619e-05, 7.46218283894e-05, 6.08914633631e-05, 8.30679564388e-05, 5.62239474675e-05, 4.52504027635e-05, 5.55738697585e-05, 5.25851937709e-05, 3.61601269105e-05, 4.61219933641e-05, 2.58204490819e-05, 2.43507583946e-05, 1.97239005502e-05, 1.3032012248e-05, 1.21772036437e-05, 1.19179076137e-05, 1.42453645822e-05, 1.47352893691e-05, 1.62683863891e-05, 1.12292345875e-05, 8.94201639312e-06, 5.65024038224e-06, 4.21360300606e-06, 3.34431479132e-06, 2.94645610666e-06, 2.21654272536e-06, 1.93776190827e-06, 1.97211033992e-06, 1.86950478565e-06, 1.74007561782e-06, 1.91773574443e-06, 1.56832493303e-06, 1.26074951368e-06],
        "min": [3.6850050833e-07, 1.2975149275e-06, 4.61188983536e-06, 1.38686834816e-06, 7.94463346665e-07, 2.69036632972e-07, 6.00128316819e-07, 5.74093405703e-07, 8.87117209913e-07, 6.63653111133e-07, 8.91398656222e-07, 8.22749086637e-07, 6.94141988333e-07, 4.18554293447e-07, 2.50757835829e-07, 1.69985625575e-07, 2.4487343353e-07, 2.77510679325e-07, 3.95532595121e-07, 8.7659095982e-08, 1.98450379685e-07, 9.86860797525e-08, 9.28859478222e-08, 9.63514636965e-08, 1.24975827021e-07, 7.92034668962e-08, 6.20549585051e-08, 3.96105015454e-08, 2.51541365515e-08, 4.92513052563e-08, 4.22079224904e-08, 3.71385802111e-08, 2.46394815662e-08, 3.04726632816e-10, 2.2286690271e-09, 1.06643738285e-09, 1.79402515066e-09, 6.7570887774e-10, 1.03233455118e-09, 2.34982801446e-12],
