{
"highlevel": {
    "danceability": {
        "all": {
            "danceable": 0.812790393829,
            "not_danceable": 0.187209591269
        },
        "probability": 0.812790393829,
        "value": "danceable"
    },
    "gender": {
        "all": {
            "female": 0.110394589603,
            "male": 0.889605402946
        },
        "probability": 0.889605402946,
        "value": "male"
    },
    "genre_dortmund": {
        "all": {
            "alternative": 0.076424472034,
            "blues": 0.0255155302584,
            "electronic": 0.0123617313802,
            "folkcountry": 0.426059216261,
            "funksoulrnb": 0.0163231678307,
            "jazz": 0.0566181689501,
            "pop": 0.145849302411,
            "raphiphop": 0.0103272506967,
            "rock": 0.230521157384
        },
        "probability": 0.426059216261,
        "value": "folkcountry"
    },
    "genre_electronic": {
        "all": {
            "ambient": 0.431745409966,
            "dnb": 0.119264543056,
            "house": 0.325598686934,
            "techno": 0.0127239134163,
            "trance": 0.110667459667
        },
        "probability": 0.431745409966,
        "value": "ambient"
    },
    "genre_rosamerica": {
        "all": {
            "cla": 0.0203013792634,
            "dan": 0.0130475116894,
            "hip": 0.0101627549157,
            "jaz": 0.01603128016,
            "pop": 0.499342769384,
            "rhy": 0.0966923460364,
            "roc": 0.333862185478,
            "spe": 0.0105597674847
        },
        "probability": 0.499342769384,
        "value": "pop"
    },
    "genre_tzanetakis": {
        "all": {
            "blu": 0.0626613423228,
            "cla": 0.0348169617355,
            "cou": 0.104475811124,
            "dis": 0.0784321576357,
            "hip": 0.15692435205,
            "jaz": 0.313974827528,
            "met": 0.0448166541755,
            "pop": 0.0627359300852,
            "reg": 0.0627360641956,
            "roc": 0.0784258767962
        },
        "probability": 0.313974827528,
        "value": "jaz"
    },
    "ismir04_rhythm": {
        "all": {
            "ChaChaCha": 0.0454967580736,
            "Jive": 0.087328851223,
            "Quickstep": 0.0270822774619,
            "Rumba-American": 0.0118807833642,
            "Rumba-International": 0.54351401329,
            "Rumba-Misc": 0.0244421493262,
            "Samba": 0.0855395272374,
            "Tango": 0.0111313713714,
            "VienneseWaltz": 0.119307361543,
            "Waltz": 0.0442769341171
        },
        "probability": 0.54351401329,
        "value": "Rumba-International"
    },
    "mood_acoustic": {
        "all": {
            "acoustic": 0.819750010967,
            "not_acoustic": 0.180250003934
        },
        "probability": 0.819750010967,
        "value": "acoustic"
    },
    "mood_aggressive": {
        "all": {
            "aggressive": 0.035637255758,
            "not_aggressive": 0.964362740517
        },
        "probability": 0.964362740517,
        "value": "not_aggressive"
    },
    "mood_electronic": {
        "all": {
            "electronic": 0.2609359622,
            "not_electronic": 0.7390640378
        },
        "probability": 0.7390640378,
        "value": "not_electronic"
    },
    "mood_happy": {
        "all": {
            "happy": 0.347367852926,
            "not_happy": 0.652632117271
        },
        "probability": 0.652632117271,
        "value": "not_happy"
    },
    "mood_party": {
        "all": {
            "not_party": 0.937201797962,
            "party": 0.0627982020378
        },
        "probability": 0.937201797962,
        "value": "not_party"
    },
    "mood_relaxed": {
        "all": {
            "not_relaxed": 0.518861353397,
            "relaxed": 0.4811386168
        },
        "probability": 0.518861353397,
        "value": "not_relaxed"
    },
    "mood_sad": {
        "all": {
            "not_sad": 0.138235509396,
            "sad": 0.861764490604
        },
        "probability": 0.861764490604,
        "value": "sad"
    },
    "moods_mirex": {
        "all": {
            "Cluster1": 0.177789777517,
            "Cluster2": 0.205657318234,
            "Cluster3": 0.523751795292,
            "Cluster4": 0.0863343179226,
            "Cluster5": 0.00646677520126
        },
        "probability": 0.523751795292,
        "value": "Cluster3"
    },
    "timbre": {
        "all": {
            "bright": 0.999999821186,
            "dark": 1.73083009258e-07
        },
        "probability": 0.999999821186,
        "value": "bright"
    },
    "tonal_atonal": {
        "all": {
            "atonal": 0.000201808419661,
            "tonal": 0.999798178673
        },
        "probability": 0.999798178673,
        "value": "tonal"
    },
    "voice_instrumental": {
        "all": {
            "instrumental": 0.158987849951,
            "voice": 0.841012179852
        },
        "probability": 0.841012179852,
        "value": "voice"
    }
},
"lowlevel": {
    "average_loudness": 0.965314030647,
    "barkbands_crest": {
        "dmean": 2.22326612473,
        "dmean2": 3.47121453285,
        "dvar": 5.60645103455,
        "dvar2": 13.1723985672,
        "max": 22.8963623047,
        "mean": 9.91244125366,
        "median": 9.08381271362,
        "min": 2.99968671799,
        "var": 14.1923732758
    },
    "barkbands_flatness_db": {
        "dmean": 0.0244991779327,
        "dmean2": 0.0352027192712,
        "dvar": 0.000684405677021,
        "dvar2": 0.00137813098263,
        "max": 0.380266666412,
        "mean": 0.173417419195,
        "median": 0.163310497999,
        "min": 0.069029584527,
        "var": 0.00264439405873
    },
    "barkbands_kurtosis": {
        "dmean": 2.83823871613,
        "dmean2": 4.53458547592,
        "dvar": 23.9233779907,
        "dvar2": 59.6838760376,
        "max": 58.8433074951,
        "mean": 5.24299764633,
        "median": 3.26184463501,
        "min": -1.82927942276,
        "var": 47.6978912354
    },
    "barkbands_skewness": {
        "dmean": 0.47279715538,
        "dmean2": 0.714964032173,
        "dvar": 0.325698822737,
        "dvar2": 0.748049736023,
        "max": 7.35218048096,
        "mean": 1.7463029623,
        "median": 1.59305894375,
        "min": -0.790851294994,
        "var": 0.949142873287
    },
    "barkbands_spread": {
        "dmean": 4.46221399307,
        "dmean2": 6.63233280182,
        "dvar": 37.5680503845,
        "dvar2": 71.3944396973,
        "max": 91.4475097656,
        "mean": 16.2950248718,
        "median": 14.3065690994,
        "min": 0.638538181782,
        "var": 124.426742554
    },
    "dissonance": {
        "dmean": 0.0235622357577,
        "dmean2": 0.0392711125314,
        "dvar": 0.000489309080876,
        "dvar2": 0.00123319588602,
        "max": 0.499043226242,
        "mean": 0.445268452168,
        "median": 0.452129513025,
        "min": 0.271977365017,
        "var": 0.00112049048766
    },
    "dynamic_complexity": 2.31553149223,
    "erbbands_crest": {
        "dmean": 2.52873969078,
        "dmean2": 3.94369363785,
        "dvar": 6.59124946594,
        "dvar2": 14.7659196854,
        "max": 31.0972042084,
        "mean": 10.5151557922,
        "median": 9.50115871429,
        "min": 2.61348509789,
        "var": 20.2452926636
    },
    "erbbands_flatness_db": {
        "dmean": 0.0228351801634,
        "dmean2": 0.0309025514871,
        "dvar": 0.000636124517769,
        "dvar2": 0.00101822707802,
        "max": 0.383801609278,
        "mean": 0.171123325825,
        "median": 0.173085436225,
        "min": 0.0567347444594,
        "var": 0.00224131229334
    },
    "erbbands_kurtosis": {
        "dmean": 1.13333582878,
        "dmean2": 1.74429857731,
        "dvar": 4.52189588547,
        "dvar2": 9.8961019516,
        "max": 40.9854698181,
        "mean": 1.02467858791,
        "median": 0.289640665054,
        "min": -1.62414312363,
        "var": 10.1613721848
    },
    "erbbands_skewness": {
        "dmean": 0.352957814932,
        "dmean2": 0.522249162197,
        "dvar": 0.129594743252,
        "dvar2": 0.253495633602,
        "max": 5.08744955063,
        "mean": 0.66053122282,
        "median": 0.659770905972,
        "min": -2.39329195023,
        "var": 0.526862800121
    },
    "erbbands_spread": {
        "dmean": 6.88572120667,
        "dmean2": 9.96734333038,
        "dvar": 76.7321472168,
        "dvar2": 151.032669067,
        "max": 114.892173767,
        "mean": 33.4240760803,
        "median": 30.2154159546,
        "min": 2.06580209732,
        "var": 264.322540283
    },
    "hfc": {
        "dmean": 7.16528987885,
        "dmean2": 10.5942687988,
        "dvar": 102.298522949,
        "dvar2": 232.656616211,
        "max": 91.5300292969,
        "mean": 22.9911804199,
        "median": 22.4234790802,
        "min": 0.479187518358,
        "var": 273.594543457
    },
    "melbands_crest": {
        "dmean": 2.71702694893,
        "dmean2": 4.31752490997,
        "dvar": 8.65870380402,
        "dvar2": 20.4669551849,
        "max": 31.4363899231,
        "mean": 12.9853143692,
        "median": 12.0427513123,
        "min": 4.08188867569,
        "var": 20.2401866913
    },
    "melbands_flatness_db": {
        "dmean": 0.0273087862879,
        "dmean2": 0.0385608226061,
        "dvar": 0.000928985245991,
        "dvar2": 0.00184399040882,
        "max": 0.471771419048,
        "mean": 0.234611347318,
        "median": 0.220667108893,
        "min": 0.0392381809652,
        "var": 0.00469798780978
    },
    "melbands_kurtosis": {
        "dmean": 6.50366449356,
        "dmean2": 10.2934646606,
        "dvar": 283.987823486,
        "dvar2": 717.418212891,
        "max": 251.158340454,
        "mean": 12.2574605942,
        "median": 7.89737606049,
        "min": -1.26084697247,
        "var": 333.222259521
    },
    "melbands_skewness": {
        "dmean": 0.642668187618,
        "dmean2": 0.952833890915,
        "dvar": 0.844099402428,
        "dvar2": 1.87063097954,
        "max": 13.7159881592,
        "mean": 2.46415615082,
        "median": 2.26859426498,
        "min": -1.21026957035,
        "var": 2.03479456902
    },
    "melbands_spread": {
        "dmean": 4.46165084839,
        "dmean2": 6.66934680939,
        "dvar": 39.2954177856,
        "dvar2": 68.7510375977,
        "max": 133.377029419,
        "mean": 16.3026733398,
        "median": 14.8280391693,
        "min": 0.915854990482,
        "var": 139.644989014
    },
    "pitch_salience": {
        "dmean": 0.06224469468,
        "dmean2": 0.0976714193821,
        "dvar": 0.00351575762033,
        "dvar2": 0.0084334006533,
        "max": 0.800226330757,
        "mean": 0.537134349346,
        "median": 0.538904309273,
        "min": 0.173432484269,
        "var": 0.00922284927219
    },
    "silence_rate_20dB": {
        "dmean": 0,
        "dmean2": 0,
        "dvar": 0,
        "dvar2": 0,
        "max": 1,
        "mean": 1,
        "median": 1,
        "min": 1,
        "var": 0
    },
    "silence_rate_30dB": {
        "dmean": 0.0371517017484,
        "dmean2": 0.0743609592319,
        "dvar": 0.0357718393207,
        "dvar2": 0.0750290825963,
        "max": 1,
        "mean": 0.965970635414,
        "median": 1,
        "min": 0,
        "var": 0.0328717194498
    },
    "silence_rate_60dB": {
        "dmean": 0.0108359130099,
        "dmean2": 0.0216886140406,
        "dvar": 0.0107183940709,
        "dvar2": 0.0212181862444,
        "max": 1,
        "mean": 0.0154679045081,
        "median": 0,
        "min": 0,
        "var": 0.0152286328375
    },
    "spectral_centroid": {
        "dmean": 176.270629883,
        "dmean2": 254.818649292,
        "dvar": 59530.3671875,
        "dvar2": 100958.703125,
        "max": 3920.89404297,
        "mean": 943.110412598,
        "median": 881.92376709,
        "min": 234.610519409,
        "var": 247978.921875
    },
    "spectral_complexity": {
        "dmean": 3.49380803108,
        "dmean2": 5.29666948318,
        "dvar": 18.1153316498,
        "dvar2": 38.1821517944,
        "max": 60,
        "mean": 18.0587787628,
        "median": 18,
        "min": 4,
        "var": 58.3817672729
    },
    "spectral_decrease": {
        "dmean": 3.86253962148e-09,
        "dmean2": 6.28928287227e-09,
        "dvar": 7.31057196116e-17,
        "dvar2": 1.88771456691e-16,
        "max": -3.81185527587e-10,
        "mean": -1.02760795428e-08,
        "median": -9.23471965564e-09,
        "min": -7.83485418765e-08,
        "var": 6.88680402463e-17
    },
    "spectral_energy": {
        "dmean": 0.0150917246938,
        "dmean2": 0.024520419538,
        "dvar": 0.001081925584,
        "dvar2": 0.00278793694451,
        "max": 0.301252931356,
        "mean": 0.0408696234226,
        "median": 0.037024602294,
        "min": 0.00148214504588,
        "var": 0.00104148057289
    },
    "spectral_energyband_high": {
        "dmean": 0.000400897930376,
        "dmean2": 0.000577646365855,
        "dvar": 6.9123979074e-07,
        "dvar2": 1.37253277899e-06,
        "max": 0.0127600925043,
        "mean": 0.000734967470635,
        "median": 0.000297220773064,
        "min": 6.77607943089e-07,
        "var": 1.47183925492e-06
    },
    "spectral_energyband_low": {
        "dmean": 0.0105614680797,
        "dmean2": 0.0176985226572,
        "dvar": 0.000931203656364,
        "dvar2": 0.00239503011107,
        "max": 0.263449698687,
        "mean": 0.0165285728872,
        "median": 0.0136104011908,
        "min": 5.05901080032e-05,
        "var": 0.000738309172448
    },
    "spectral_energyband_middle_high": {
        "dmean": 0.00182619353291,
        "dmean2": 0.00264726742171,
        "dvar": 6.92456069373e-06,
        "dvar2": 1.36246317197e-05,
        "max": 0.0438211336732,
        "mean": 0.0051910248585,
        "median": 0.00411633355543,
        "min": 4.45983605459e-05,
        "var": 2.80729054793e-05
    },
    "spectral_energyband_middle_low": {
        "dmean": 0.00564558804035,
        "dmean2": 0.00878679938614,
        "dvar": 4.79003938381e-05,
        "dvar2": 0.000112310619443,
        "max": 0.0975534245372,
        "mean": 0.0204853545874,
        "median": 0.0212776660919,
        "min": 0.000974978785962,
        "var": 0.000159247196279
    },
    "spectral_entropy": {
        "dmean": 0.218313351274,
        "dmean2": 0.30129596591,
        "dvar": 0.0663711503148,
        "dvar2": 0.120349474251,
        "max": 8.33974266052,
        "mean": 7.21292448044,
        "median": 7.21374416351,
        "min": 5.21968793869,
        "var": 0.2313991189
    },
    "spectral_flux": {
        "dmean": 0.0352604649961,
        "dmean2": 0.0539785921574,
        "dvar": 0.00264830305241,
        "dvar2": 0.00594403315336,
        "max": 0.470853626728,
        "mean": 0.0888943374157,
        "median": 0.0743259042501,
        "min": 0.00505712814629,
        "var": 0.00401599286124
    },
    "spectral_kurtosis": {
        "dmean": 2.41667366028,
        "dmean2": 3.94651150703,
        "dvar": 11.3820667267,
        "dvar2": 27.6496810913,
        "max": 44.0532608032,
        "mean": 6.24412155151,
        "median": 5.04413986206,
        "min": -0.562407016754,
        "var": 24.4719142914
    },
    "spectral_rms": {
        "dmean": 0.0010242696153,
        "dmean2": 0.00158636330161,
        "dvar": 2.63393894784e-06,
        "dvar2": 6.15133649262e-06,
        "max": 0.0171436667442,
        "mean": 0.00595561182126,
        "median": 0.00601012166589,
        "min": 0.00120249541942,
        "var": 4.40350004283e-06
    },
    "spectral_rolloff": {
        "dmean": 312.180664062,
        "dmean2": 521.167724609,
        "dvar": 380047.6875,
        "dvar2": 724731.0625,
        "max": 7945.75195312,
        "mean": 986.064880371,
        "median": 732.12890625,
        "min": 86.1328125,
        "var": 944548.4375
    },
    "spectral_skewness": {
        "dmean": 0.285235524178,
        "dmean2": 0.438802540302,
        "dvar": 0.0968291908503,
        "dvar2": 0.2094797194,
        "max": 5.35535907745,
        "mean": 1.90597295761,
        "median": 1.83264946938,
        "min": 0.133588850498,
        "var": 0.39065349102
    },
    "spectral_spread": {
        "dmean": 642164,
        "dmean2": 900489.3125,
        "dvar": 640546963456,
        "dvar2": 1.12535863296e+12,
        "max": 13289499,
        "mean": 4136161.25,
        "median": 3967850.25,
        "min": 1312992.875,
        "var": 1.63905785037e+12
    },
    "spectral_strongpeak": {
        "dmean": 0.507201373577,
        "dmean2": 0.838269114494,
        "dvar": 0.556866884232,
        "dvar2": 1.21616971493,
        "max": 8.06115722656,
        "mean": 1.27044451237,
        "median": 0.705530047417,
        "min": 0,
        "var": 1.53056097031
    },
    "zerocrossingrate": {
        "dmean": 0.0082085672766,
        "dmean2": 0.00913551170379,
        "dvar": 0.000101377016108,
        "dvar2": 0.000108043677756,
        "max": 0.2216796875,
        "mean": 0.0441926643252,
        "median": 0.0400390625,
        "min": 0.005859375,
        "var": 0.000606012705248
    },
    "barkbands": {
        "dmean": [0.000544398382772, 0.00772720389068, 0.00222110166214, 0.00166668265592, 0.00196596817113, 0.00149275618605, 0.00114831677638, 0.00112693943083, 0.00135038455483, 0.000863800756633, 0.000157588161528, 0.000417923234636, 0.000225451934966, 0.00037085392978, 0.000402287754696, 0.000206199081731, 0.000316846271744, 0.000190017351997, 7.75943408371e-05, 9.36078868108e-05, 9.47446242208e-05, 8.92541356734e-05, 7.84183357609e-05, 6.69375294819e-05, 4.58749454992e-05, 4.56921225123e-05, 2.94039659288e-09],
        "dmean2": [0.000893295160495, 0.0130293853581, 0.00366364070214, 0.00284355902113, 0.00321041909046, 0.00219107698649, 0.00161503010895, 0.00164243008476, 0.00201097643003, 0.00118070526514, 0.000249307486229, 0.000634148775134, 0.000360836129403, 0.000587085261941, 0.000632789160591, 0.000336333847372, 0.000491933897138, 0.000313055381412, 0.000124190657516, 0.000150286927237, 0.000144725650898, 0.000136998351081, 0.000115681432362, 9.82483979897e-05, 6.9578505645e-05, 7.39147872082e-05, 4.279486987e-09],
        "dvar": [2.63401625489e-06, 0.00070644315565, 1.54878507601e-05, 5.98400629315e-06, 9.32412876864e-06, 8.42043573357e-06, 3.1507240692e-06, 3.59893965651e-06, 1.061340663e-05, 4.60232331534e-06, 1.29210718569e-07, 9.57037968874e-07, 2.86965672558e-07, 6.81114784129e-07, 4.98635813528e-07, 1.61478723726e-07, 4.50939040775e-07, 1.88169906323e-07, 2.42171633857e-08, 5.2140347151e-08, 6.07006001019e-08, 4.69075658316e-08, 3.58010971979e-08, 1.69076450618e-08, 7.52598694476e-09, 1.08443440894e-08, 1.16029548318e-15],
        "dvar2": [6.29944042885e-06, 0.00186649663374, 3.99433592975e-05, 1.66062582139e-05, 2.4851076887e-05, 1.59776009241e-05, 6.07329366176e-06, 8.0178178905e-06, 2.50281882472e-05, 8.27214262245e-06, 2.74854073723e-07, 2.21128630074e-06, 6.57522377878e-07, 1.68166400272e-06, 1.13436408355e-06, 3.84394411412e-07, 8.59521378516e-07, 4.40515265154e-07, 5.90308815163e-08, 1.30706027335e-07, 1.25598788259e-07, 1.00078167975e-07, 6.65572343905e-08, 3.15504138371e-08, 1.72259539966e-08, 2.83517191946e-08, 1.16666506507e-15],
        "max": [0.0145044624805, 0.236472114921, 0.0338993445039, 0.024838168174, 0.0476418510079, 0.0591081492603, 0.0295361578465, 0.0315548032522, 0.0499765202403, 0.0328878872097, 0.00835140794516, 0.0135805280879, 0.00723780691624, 0.00858527515084, 0.0121986344457, 0.00598584348336, 0.0158957559615, 0.00603519519791, 0.0016976534389, 0.0030519485008, 0.00356069323607, 0.00437279604375, 0.00306555815041, 0.00208876957186, 0.000977651914582, 0.00101031258237, 8.98487371614e-07],
        "mean": [0.000525530485902, 0.0103173805401, 0.00413650041446, 0.00246724952012, 0.00435240799561, 0.00364140281454, 0.00308119296096, 0.00350971659645, 0.00223040697165, 0.00175428169314, 0.000257267995039, 0.000705876213033, 0.00032737996662, 0.000547438277863, 0.000802435446531, 0.000313728291076, 0.000628732726909, 0.000349117151927, 0.00012066551426, 0.000140559204738, 0.0001578223455, 0.000161539224791, 0.000134860674734, 0.000111487388494, 5.4397914937e-05, 4.02982877858e-05, 2.67072253202e-09],
        "median": [0.000114221526019, 0.00790954008698, 0.00234223832376, 0.0015101833269, 0.00263797794469, 0.00153518677689, 0.00147449085489, 0.00108559406362, 0.000687162042595, 0.000409502681578, 9.35787538765e-05, 0.000253467791481, 0.000112197849376, 0.000152897613589, 0.000185954399058, 0.000138095128932, 0.000185781871551, 0.000132933055284, 5.51455377718e-05, 6.23540909146e-05, 4.32244632975e-05, 6.53701936244e-05, 4.54434921267e-05, 4.159155651e-05, 1.6830592358e-05, 6.22504694547e-06, 5.49165268815e-10],
        "min": [6.54017284774e-09, 2.63911658749e-07, 4.07304651162e-06, 1.23188983707e-05, 3.71929818357e-05, 2.91404944619e-06, 6.6238526415e-06, 1.63885306392e-06, 1.02337489807e-05, 8.9456425485e-06, 2.73941481055e-07, 4.3054778871e-06, 4.10675511375e-06, 1.17222691642e-06, 2.5981548788e-06, 4.36389768765e-07, 1.02497699572e-06, 6.17093860455e-07, 4.86324324811e-07, 2.33604936284e-07, 2.34027112356e-07, 1.3547374067e-07, 9.21703957601e-08, 1.66903362242e-08, 1.13305562849e-11, 1.77350651526e-11, 1.92686439721e-11],
        "var": [2.32134789258e-06, 0.000512242200784, 2.19940720854e-05, 8.28796146379e-06, 2.32380371017e-05, 2.76893242699e-05, 1.79790804395e-05, 2.93801749649e-05, 1.78963600774e-05, 1.81101149792e-05, 2.55153196349e-07, 2.03153695111e-06, 4.62738853457e-07, 1.10184168989e-06, 1.64114771906e-06, 2.37117745883e-07, 1.61583420777e-06, 3.54119464419e-07, 3.64050229962e-08, 6.81162362071e-08, 1.23490991655e-07, 8.65315499254e-08, 7.90647263216e-08, 3.74926401037e-08, 9.86541959236e-09, 9.06163766246e-09, 1.16174496831e-15]
    },
    "erbbands": {
        "dmean": [0.277276962996, 1.54661905766, 2.47933602333, 4.63786125183, 5.31786298752, 7.50006484985, 7.4296631813, 14.0801534653, 17.2483558655, 20.5417232513, 23.2133350372, 25.2860488892, 40.5190544128, 12.9171476364, 6.68686580658, 19.6943359375, 9.9145565033, 21.15650177, 18.2985858917, 16.4497623444, 12.2429904938, 15.579419136, 11.1835813522, 4.59290742874, 3.91303229332, 4.52399110794, 4.38917589188, 3.58002400398, 3.29393315315, 2.64904928207, 2.22205066681, 1.64627408981, 0.981726765633, 0.620434761047, 0.28297111392, 0.163880571723, 0.088587410748, 0.0127446381375, 0.000212336177356, 2.41385878326e-05],
        "dmean2": [0.468779683113, 2.65280985832, 4.17246818542, 7.81350851059, 8.84361743927, 12.3448476791, 11.7179374695, 20.5503997803, 24.1433086395, 30.4896087646, 34.5657691956, 36.5839691162, 58.4656257629, 18.1004600525, 9.916888237, 29.5651054382, 15.4416027069, 33.3750724792, 29.2062664032, 25.5699005127, 19.3928623199, 24.7641582489, 18.3415660858, 7.17515802383, 6.04678344727, 7.2487206459, 6.87489557266, 5.30916118622, 5.06543111801, 3.95677375793, 3.35727930069, 2.40539383888, 1.46056091785, 0.93487995863, 0.444147676229, 0.265487104654, 0.146460279822, 0.0214370675385, 0.000353060429916, 3.83160113415e-05],
        "dvar": [0.950342059135, 28.346370697, 27.9360694885, 46.9093284607, 93.7024383545, 147.201644897, 316.380767822, 815.419921875, 1035.83520508, 1126.34680176, 2085.70092773, 3280.21557617, 9635.21484375, 2076.84814453, 161.63130188, 2237.45825195, 510.975341797, 2584.95605469, 1222.03405762, 912.34954834, 522.206604004, 1110.55529785, 662.441833496, 88.3201217651, 60.0725631714, 124.120620728, 160.726074219, 80.1116638184, 60.2018013, 37.784412384, 31.140920639, 11.8112373352, 3.98172903061, 1.42155098915, 0.298632204533, 0.102090604603, 0.0510318502784, 0.00133057497442, 3.3460571558e-07, 2.02588035236e-09],
        "dvar2": [2.4178609848, 78.0410079956, 73.502494812, 131.779815674, 259.681640625, 384.799865723, 732.488769531, 1560.64770508, 1796.54260254, 2450.22631836, 4877.90576172, 7208.30908203, 21593.1582031, 3328.24169922, 344.098358154, 5095.0859375, 1124.50585938, 6448.70654297, 2803.10717773, 1961.44824219, 1244.86462402, 2315.63720703, 1429.31152344, 204.208145142, 135.191970825, 317.073516846, 378.563995361, 171.465515137, 130.824554443, 80.1835021973, 61.0979804993, 21.2652854919, 7.48318719864, 3.07909584045, 0.729797899723, 0.254791557789, 0.135399386287, 0.00358637236059, 8.97039285519e-07, 5.170628814e-09],
        "max": [8.21775627136, 47.6421051025, 50.8255271912, 68.8870773315, 162.632766724, 163.762786865, 480.136077881, 520.688537598, 790.594543457, 579.217529297, 864.083251953, 734.249023438, 1343.14428711, 1101.8293457, 221.106231689, 653.702697754, 339.86050415, 676.637695312, 734.458312988, 464.359375, 337.395843506, 744.378540039, 364.358886719, 114.524803162, 109.691047668, 140.717437744, 200.590927124, 143.432632446, 147.309112549, 106.165870667, 88.5285263062, 62.8383560181, 32.0303001404, 15.3632602692, 4.87097930908, 2.50791049004, 2.42281079292, 0.446020871401, 0.0069507881999, 0.000358069810318],
        "mean": [0.339805811644, 2.14117264748, 4.63680744171, 7.56497478485, 8.96732807159, 16.7639884949, 18.1409683228, 32.5381698608, 43.060459137, 74.6385574341, 60.5625953674, 47.964881897, 77.0325546265, 25.5206336975, 12.9325428009, 33.8622283936, 17.1320533752, 31.9228420258, 32.9162254333, 33.5935173035, 21.7227573395, 33.471660614, 22.2643852234, 7.7117857933, 6.72711610794, 6.88084363937, 6.69776391983, 5.68217658997, 5.76895141602, 4.85556173325, 3.82071399689, 2.80372643471, 1.50563299656, 0.782303571701, 0.319006323814, 0.165709778666, 0.0716872736812, 0.00976396817714, 0.000185385710211, 5.45019756828e-05],
        "median": [0.189284175634, 1.69709396362, 3.05756020546, 5.0616607666, 6.13645887375, 8.37527275085, 8.80624294281, 12.2492113113, 21.6225013733, 20.7779903412, 24.5828971863, 15.1844644547, 20.6169548035, 9.14091682434, 6.3666138649, 12.4504594803, 6.93017530441, 10.0550508499, 11.1268939972, 7.74701356888, 12.2865886688, 9.88450527191, 9.05893802643, 4.08084726334, 3.18085002899, 3.13864970207, 1.80702400208, 1.79491841793, 2.36777305603, 1.89020693302, 1.24609208107, 0.87083619833, 0.535107254982, 0.246087059379, 0.101835116744, 0.0448761880398, 0.00706998398528, 0.000361690879799, 3.32737399731e-05, 4.5961678552e-05],
        "min": [3.07007867377e-05, 0.000777604233008, 0.0157285537571, 0.0759690627456, 0.1163155213, 0.111308179796, 0.0253366138786, 0.219482600689, 0.123833462596, 0.1068976596, 0.234677985311, 0.348315447569, 0.378862649202, 0.291810363531, 0.195115253329, 0.22242462635, 0.271589577198, 0.0873056650162, 0.146479204297, 0.101159662008, 0.077425353229, 0.0584901832044, 0.0727583840489, 0.0582191720605, 0.0212207958102, 0.0139042939991, 0.00493635656312, 0.0048433849588, 0.00393301947042, 0.0022722852882, 0.00142546952702, 0.00101219443604, 0.000144162229844, 2.00784488698e-05, 5.66035487282e-06, 3.40344877259e-06, 1.14010629204e-06, 3.02058396073e-07, 7.86129248809e-07, 1.64725815921e-06],
        "var": [0.733458459377, 18.9690704346, 30.6625556946, 62.4973602295, 109.651947021, 499.441802979, 874.539123535, 2796.14599609, 3739.95166016, 12868.5371094, 7455.49023438, 7045.38574219, 27677.2890625, 5782.97412109, 392.540374756, 4908.87744141, 1088.81140137, 3757.68139648, 2768.06787109, 3257.65185547, 858.16229248, 4579.35205078, 1497.50500488, 137.232376099, 116.615249634, 158.424636841, 255.602645874, 148.115997314, 111.065933228, 69.2634735107, 67.2164993286, 28.2981204987, 7.708507061, 2.05156850815, 0.336519777775, 0.0997600480914, 0.0399058945477, 0.000995845301077, 2.55808970451e-07, 2.05167460798e-09]
    },
    "gfcc": {
        "mean": [8.17345142365, 114.289756775, -110.571517944, 29.320898056, -64.7849502563, 14.2280340195, -42.6397743225, 9.30279254913, -13.924785614, 1.25351536274, -17.1779842377, -2.10708808899, -12.3827562332],
        "cov": [[4312.44726562, -1605.21264648, 80.6196517944, 386.721313477, -74.0516815186, 337.446014404, -203.855361938, 518.360107422, 65.481048584, 293.824279785, -262.838623047, 147.380065918, -69.8776931763], [-1605.21264648, 1344.10473633, 60.6879043579, -32.2844924927, 298.607330322, -79.3182983398, 248.718460083, -152.606185913, 200.892318726, -109.133644104, 215.506500244, -93.6580200195, 99.0999145508], [80.6196517944, 60.6879043579, 645.868591309, 197.903060913, 247.274749756, 159.677185059, 125.026100159, 100.265068054, 11.2482757568, 110.160690308, 28.8495006561, 117.520446777, 27.0613422394], [386.721313477, -32.2844924927, 197.903060913, 541.724609375, 96.1965179443, 99.4186706543, 33.3420639038, 73.4904022217, 114.880767822, -4.81159973145, 85.68384552, 46.8170776367, 97.2707214355], [-74.0516815186, 298.607330322, 247.274749756, 96.1965179443, 375.823638916, 127.924171448, 150.219268799, 62.7772293091, 88.1892776489, 80.417930603, 24.9210968018, 40.7401313782, 10.3773736954], [337.446014404, -79.3182983398, 159.677185059, 99.4186706543, 127.924171448, 254.346847534, 132.382949829, 86.6503295898, 23.1761779785, 96.9937133789, -12.9216766357, -3.26037192345, 3.72978138924], [-203.855361938, 248.718460083, 125.026100159, 33.3420639038, 150.219268799, 132.382949829, 264.453491211, 26.0427417755, 39.3989372253, 56.3100090027, 29.0326747894, -9.46220970154, 10.1527328491], [518.360107422, -152.606185913, 100.265068054, 73.4904022217, 62.7772293091, 86.6503295898, 26.0427417755, 178.006088257, 42.0471076965, 63.8294677734, -37.2978172302, 22.1564292908, 8.2260799408], [65.481048584, 200.892318726, 11.2482757568, 114.880767822, 88.1892776489, 23.1761779785, 39.3989372253, 42.0471076965, 222.20904541, 29.4050312042, 8.76689529419, -31.7255134583, 27.868314743], [293.824279785, -109.133644104, 110.160690308, -4.81159973145, 80.417930603, 96.9937133789, 56.3100090027, 63.8294677734, 29.4050312042, 159.662460327, -39.2293968201, 14.7300987244, -28.8404369354], [-262.838623047, 215.506500244, 28.8495006561, 85.68384552, 24.9210968018, -12.9216766357, 29.0326747894, -37.2978172302, 8.76689529419, -39.2293968201, 137.218215942, 4.59389781952, 46.2297210693], [147.380065918, -93.6580200195, 117.520446777, 46.8170776367, 40.7401313782, -3.26037192345, -9.46220970154, 22.1564292908, -31.7255134583, 14.7300987244, 4.59389781952, 134.522476196, 4.64817428589], [-69.8776931763, 99.0999145508, 27.0613422394, 97.2707214355, 10.3773736954, 3.72978138924, 10.1527328491, 8.2260799408, 27.868314743, -28.8404369354, 46.2297210693, 4.64817428589, 88.5910873413]],
        "icov": [[0.000723159988411, 0.000690321205184, 0.000295982812531, -0.000232440404943, -0.000111311950604, -0.000410385313444, 0.00030818671803, -0.00116498034913, -0.000516139669344, -0.0002708605316, -0.000124499521917, -0.000347559107468, 0.00022355854162], [0.000690321205184, 0.00476445024833, -0.000496402033605, 0.00182525836863, -0.00314747588709, 0.00204547937028, -0.00263399071991, 0.00117317936383, -0.00371266738512, 0.00229227729142, -0.00396077753976, 0.00207133451477, -0.00228974269703], [0.000295982812531, -0.000496402033605, 0.00315746408887, -0.0011298886966, -0.000656611111481, -0.00102148181759, 0.000392973306589, -0.00126592430752, 0.0011806335533, -0.00164391368162, 0.000430864281952, -0.00218939548358, 0.000240746638156], [-0.000232440404943, 0.00182525836863, -0.0011298886966, 0.00443720398471, -0.00116547755897, -0.000217335065827, -0.000790228834376, 0.000985504710115, -0.00311918277293, 0.00235748360865, -0.00329269305803, 0.000325852393871, -0.00315737002529], [-0.000111311950604, -0.00314747588709, -0.000656611111481, -0.00116547755897, 0.00714966515079, -0.00259132892825, 0.0006381777348, -0.00161395070609, 0.000617478974164, -0.00202611950226, 0.00213178293779, -0.00279723107815, 0.00244209216908], [-0.000410385313444, 0.00204547937028, -0.00102148181759, -0.000217335065827, -0.00259132892825, 0.0100717274472, -0.00473380181938, 0.000112047913717, 0.000216912158066, -0.00132316665258, -0.0011230034288, 0.00381450098939, -0.00176265428308], [0.00030818671803, -0.00263399071991, 0.000392973306589, -0.000790228834376, 0.0006381777348, -0.00473380181938, 0.00855960138142, -0.00149369542487, 0.00156933162361, -0.00215243641287, 0.00118911184836, -0.00118518155068, 0.00146671070252], [-0.00116498034913, 0.00117317936383, -0.00126592430752, 0.000985504710115, -0.00161395070609, 0.000112047913717, -0.00149369542487, 0.0115765910596, -0.00198412989266, 0.000335773947882, 0.000646181113552, 0.000922990089748, -0.00329818995669], [-0.000516139669344, -0.00371266738512, 0.0011806335533, -0.00311918277293, 0.000617478974164, 0.000216912158066, 0.00156933162361, -0.00198412989266, 0.0097728529945, -0.00356794544496, 0.00373653322458, 0.000840693188366, 0.000503268791363], [-0.0002708605316, 0.00229227729142, -0.00164391368162, 0.00235748360865, -0.00202611950226, -0.00132316665258, -0.00215243641287, 0.000335773947882, -0.00356794544496, 0.0125555759296, -0.00113570166286, 0.000656909949612, 0.00141237012576], [-0.000124499521917, -0.00396077753976, 0.000430864281952, -0.00329269305803, 0.00213178293779, -0.0011230034288, 0.00118911184836, 0.000646181113552, 0.00373653322458, -0.00113570166286, 0.014748913236, -0.00198594690301, -0.00172001856845], [-0.000347559107468, 0.00207133451477, -0.00218939548358, 0.000325852393871, -0.00279723107815, 0.00381450098939, -0.00118518155068, 0.000922990089748, 0.000840693188366, 0.000656909949612, -0.00198594690301, 0.012013239786, -0.00170757260639], [0.00022355854162, -0.00228974269703, 0.000240746638156, -0.00315737002529, 0.00244209216908, -0.00176265428308, 0.00146671070252, -0.00329818995669, 0.000503268791363, 0.00141237012576, -0.00172001856845, -0.00170757260639, 0.0186336226761]]
    },
    "melbands": {
        "dmean": [0.00228072423488, 0.00155193940736, 0.00075865391409, 0.000438181567006, 0.000273860234302, 0.000314137025271, 0.0002585662005, 0.000222246322664, 0.000186568227946, 0.000178562841029, 0.000202486509806, 5.31223267899e-05, 2.29052911891e-05, 4.42733471573e-05, 3.24084503518e-05, 2.4838027457e-05, 4.2361101805e-05, 2.80831045529e-05, 2.48844207817e-05, 1.80095212272e-05, 1.59680766956e-05, 1.83758620551e-05, 1.53856544785e-05, 7.80328900873e-06, 3.58079614671e-06, 2.96303710456e-06, 2.94400433631e-06, 3.26669896822e-06, 3.06537754113e-06, 2.23185088544e-06, 2.20275273932e-06, 2.01849093173e-06, 1.80147105766e-06, 1.49274410433e-06, 1.39814153499e-06, 1.19857884329e-06, 9.97200800157e-07, 6.90994284014e-07, 7.201488188e-07, 4.77467267501e-07],
        "dmean2": [0.00382567569613, 0.00262894947082, 0.00127083458938, 0.000730186642613, 0.000425865087891, 0.000451883039204, 0.000359542667866, 0.000329515052726, 0.000278725114185, 0.000262112152996, 0.000292446202366, 7.43921336834e-05, 3.4927703382e-05, 6.76960407873e-05, 4.89824487886e-05, 3.96988943976e-05, 6.70447989251e-05, 4.56719280919e-05, 3.88300795748e-05, 2.89183662971e-05, 2.52197223745e-05, 2.94311266771e-05, 2.55325230683e-05, 1.27989478642e-05, 5.7003026086e-06, 4.67618610855e-06, 4.56800353277e-06, 5.32666217623e-06, 4.91364608024e-06, 3.30767147716e-06, 3.32994500241e-06, 3.11030976263e-06, 2.85954683932e-06, 2.25287840294e-06, 2.16247462959e-06, 1.79328890226e-06, 1.49620632328e-06, 1.06242475795e-06, 1.07939263216e-06, 7.39525944482e-07],
        "dvar": [6.32220617263e-05, 1.74234173755e-05, 1.25078736346e-06, 5.14437658694e-07, 3.07412506118e-07, 3.94209166643e-07, 2.08957914083e-07, 1.29617902189e-07, 1.47098674574e-07, 1.77335692797e-07, 2.37978753148e-07, 4.22567865144e-08, 2.33019470386e-09, 9.71717106779e-09, 5.83035930646e-09, 4.79920325702e-09, 9.90482096341e-09, 3.04502134618e-09, 1.9008563612e-09, 1.21917698159e-09, 8.17542922249e-10, 1.26630272934e-09, 1.87679449759e-09, 3.08062408916e-10, 5.96444074685e-11, 3.43482915721e-11, 3.84530011999e-11, 7.6958765749e-11, 7.89613374685e-11, 3.58401711087e-11, 2.83208803631e-11, 2.34031544144e-11, 1.95801343889e-11, 1.16736603023e-11, 1.15979465615e-11, 9.42488535133e-12, 3.90228301062e-12, 2.37100204921e-12, 1.7649464789e-12, 9.11895342223e-13],
        "dvar2": [0.000164016193594, 4.74070911878e-05, 3.45574812854e-06, 1.39613268857e-06, 7.24635924598e-07, 7.20867205928e-07, 3.66892749071e-07, 2.80902895611e-07, 3.56223921472e-07, 4.04121237807e-07, 5.31693387984e-07, 6.68570905304e-08, 5.00552310712e-09, 2.22297007468e-08, 1.30702559886e-08, 1.17860103899e-08, 2.45808813304e-08, 6.9841337158e-09, 4.36987779295e-09, 2.76007239286e-09, 1.97716198969e-09, 3.10348413635e-09, 3.7195289071e-09, 6.76845468561e-10, 1.42091546862e-10, 8.00305793858e-11, 8.21550882879e-11, 2.01489935847e-10, 1.95690366689e-10, 7.05461800088e-11, 6.49493722693e-11, 5.20440739116e-11, 4.64592808669e-11, 2.48748677906e-11, 2.43882570389e-11, 1.68751037449e-11, 7.96960327593e-12, 4.57726825193e-12, 3.88810641669e-12, 1.99409455962e-12],
        "max": [0.0691865384579, 0.0411610044539, 0.0105191878974, 0.011255979538, 0.0139011396095, 0.0133930034935, 0.0107436766848, 0.00668832520023, 0.00659403717145, 0.00562501419336, 0.0065933004953, 0.00503906607628, 0.00112610694487, 0.0014817379415, 0.00123940082267, 0.00112052506302, 0.00113478838466, 0.00107253028546, 0.000545638031326, 0.000441670184955, 0.000359613535693, 0.000583997869398, 0.000938769604545, 0.000316839927109, 0.000102629433968, 7.27356964489e-05, 0.000125259975903, 0.000114420297905, 0.000130207205075, 8.82359308889e-05, 9.10280432436e-05, 9.40137615544e-05, 9.59167082328e-05, 5.54417456442e-05, 5.54735161131e-05, 6.34229145362e-05, 3.00196952594e-05, 2.56614112004e-05, 1.68049318745e-05, 1.32235445562e-05],
        "mean": [0.0029495919589, 0.00260983780026, 0.00132123578805, 0.000896182726137, 0.000676633266266, 0.000735793728381, 0.000665832485538, 0.000816363841295, 0.000452418986242, 0.000310561998049, 0.000379595003324, 9.84965954558e-05, 3.84375234717e-05, 7.56805748097e-05, 5.84099761909e-05, 3.52114657289e-05, 6.20641803835e-05, 4.70424165542e-05, 5.12433362019e-05, 3.31408009515e-05, 2.48566575465e-05, 3.63540093531e-05, 3.05357389152e-05, 1.32709228637e-05, 5.13908707944e-06, 4.5821079766e-06, 4.82656605527e-06, 4.45740488431e-06, 4.27037821282e-06, 3.57990779776e-06, 3.20885169458e-06, 3.23125686919e-06, 3.20382014252e-06, 2.50433959081e-06, 2.28153726312e-06, 1.91933895621e-06, 1.60084073286e-06, 1.00428940186e-06, 9.7579084013e-07, 5.45327338841e-07],
        "median": [0.00210104184225, 0.00221458217129, 0.000970478577074, 0.000585648114793, 0.000323109299643, 0.000286615424557, 0.000346880580764, 0.000245031667873, 0.000161828065757, 9.68473832472e-05, 9.7920979897e-05, 3.12661759381e-05, 1.5467956473e-05, 3.01226245938e-05, 2.26405009016e-05, 1.18198668133e-05, 1.70106268342e-05, 1.54171866598e-05, 1.15941948025e-05, 8.72551390785e-06, 1.13103069452e-05, 9.60184297583e-06, 7.93942399469e-06, 6.30689009995e-06, 2.21070968109e-06, 1.78866002898e-06, 2.16965167965e-06, 1.64011578363e-06, 1.07971050056e-06, 8.88328997917e-07, 9.88466354102e-07, 1.25892245251e-06, 1.23940230878e-06, 8.87417400008e-07, 7.16751685559e-07, 5.83609505611e-07, 4.87364559376e-07, 3.47876351725e-07, 3.27964784219e-07, 1.32145586917e-07],
        "min": [8.9713324769e-08, 1.46330864936e-06, 1.11755780381e-05, 6.17920704826e-06, 1.6942202592e-06, 2.18139689423e-06, 1.70147586687e-06, 1.30170508328e-06, 3.90804927974e-07, 2.04343950827e-06, 1.54743884195e-06, 6.24547681127e-07, 2.58586624113e-07, 5.48543710011e-07, 4.65020008278e-07, 3.76502356403e-07, 1.26375439891e-07, 1.70221028384e-07, 2.2965477342e-07, 6.42753974489e-08, 7.76903164024e-08, 4.79965436284e-08, 2.96912414655e-08, 3.50352742373e-08, 3.78335336393e-08, 1.25035795051e-08, 7.68601893242e-09, 3.8056064966e-09, 2.3739861188e-09, 4.85355888813e-09, 1.77657943912e-09, 3.03075964325e-09, 1.13785281197e-09, 4.55511288411e-11, 3.24511306715e-10, 5.10181119573e-10, 2.25985175017e-10, 1.54596006136e-11, 7.81452132821e-14, 6.46827562215e-14],
