{
"highlevel": {
    "danceability": {
        "all": {
            "danceable": 3.02759310955e-08,
            "not_danceable": 0.999999940395
        },
        "probability": 0.999999940395,
        "value": "not_danceable"
    },
    "gender": {
        "all": {
            "female": 0.0962865427136,
            "male": 0.903713464737
        },
        "probability": 0.903713464737,
        "value": "male"
    },
    "genre_dortmund": {
        "all": {
            "alternative": 0.109450213611,
            "blues": 0.0098875509575,
            "electronic": 0.0112048694864,
            "folkcountry": 0.0215440448374,
            "funksoulrnb": 0.00104310631286,
            "jazz": 0.0017436821945,
            "pop": 0.0266782678664,
            "raphiphop": 0.000800522160716,
            "rock": 0.817647755146
        },
        "probability": 0.817647755146,
        "value": "rock"
    },
    "genre_electronic": {
        "all": {
            "ambient": 0.178730726242,
            "dnb": 0.27944418788,
            "house": 0.0465924479067,
            "techno": 0.0176800955087,
            "trance": 0.47755253315
        },
        "probability": 0.47755253315,
        "value": "trance"
    },
    "genre_rosamerica": {
        "all": {
            "cla": 0.000394047587179,
            "dan": 0.000206846787478,
            "hip": 0.000285987713141,
            "jaz": 0.000131241074996,
            "pop": 0.00119144388009,
            "rhy": 0.00020989307086,
            "roc": 0.997510492802,
            "spe": 7.00223172316e-05
        },
        "probability": 0.997510492802,
        "value": "roc"
    },
    "genre_tzanetakis": {
        "all": {
            "blu": 0.0626541376114,
            "cla": 0.0348133966327,
            "cou": 0.0783501937985,
            "dis": 0.104547761381,
            "hip": 0.15693578124,
            "jaz": 0.313987255096,
            "met": 0.044816005975,
            "pop": 0.0627349764109,
            "reg": 0.0627352520823,
            "roc": 0.0784252434969
        },
        "probability": 0.313987255096,
        "value": "jaz"
    },
    "ismir04_rhythm": {
        "all": {
            "ChaChaCha": 0.0194552019238,
            "Jive": 0.754550874233,
            "Quickstep": 0.116253092885,
            "Rumba-American": 0.00255793426186,
            "Rumba-International": 0.00449651107192,
            "Rumba-Misc": 0.00170890160371,
            "Samba": 0.0676926374435,
            "Tango": 0.00408233283088,
            "VienneseWaltz": 0.0215731393546,
            "Waltz": 0.0076293926686
        },
        "probability": 0.754550874233,
        "value": "Jive"
    },
    "mood_acoustic": {
        "all": {
            "acoustic": 0.00877686403692,
            "not_acoustic": 0.991223156452
        },
        "probability": 0.991223156452,
        "value": "not_acoustic"
    },
    "mood_aggressive": {
        "all": {
            "aggressive": 0.998444259167,
            "not_aggressive": 0.00155574467499
        },
        "probability": 0.998444259167,
        "value": "aggressive"
    },
    "mood_electronic": {
        "all": {
            "electronic": 0.0538627654314,
            "not_electronic": 0.94613724947
        },
        "probability": 0.94613724947,
        "value": "not_electronic"
    },
    "mood_happy": {
        "all": {
            "happy": 0.867038190365,
            "not_happy": 0.132961779833
        },
        "probability": 0.867038190365,
        "value": "happy"
    },
    "mood_party": {
        "all": {
            "not_party": 0.335638552904,
            "party": 0.664361476898
        },
        "probability": 0.664361476898,
        "value": "party"
    },
    "mood_relaxed": {
        "all": {
            "not_relaxed": 0.954700946808,
            "relaxed": 0.045299064368
        },
        "probability": 0.954700946808,
        "value": "not_relaxed"
    },
    "mood_sad": {
        "all": {
            "not_sad": 0.945877432823,
            "sad": 0.054122582078
        },
        "probability": 0.945877432823,
        "value": "not_sad"
    },
    "moods_mirex": {
        "all": {
            "Cluster1": 0.787586688995,
            "Cluster2": 0.0246684383601,
            "Cluster3": 0.0267327595502,
            "Cluster4": 0.0110694561154,
            "Cluster5": 0.149942651391
        },
        "probability": 0.787586688995,
        "value": "Cluster1"
    },
    "timbre": {
        "all": {
            "bright": 0.987576723099,
            "dark": 0.0124233039096
        },
        "probability": 0.987576723099,
        "value": "bright"
    },
    "tonal_atonal": {
        "all": {
            "atonal": 0.0146022904664,
            "tonal": 0.985397696495
        },
        "probability": 0.985397696495,
        "value": "tonal"
    },
    "voice_instrumental": {
        "all": {
            "instrumental": 1.72972668224e-05,
            "voice": 0.999982714653
        },
        "probability": 0.999982714653,
        "value": "voice"
    }
},
"lowlevel": {
    "average_loudness": 0.982635974884,
    "barkbands_crest": {
        "dmean": 2.38821053505,
        "dmean2": 3.98393392563,
        "dvar": 5.33671712875,
        "dvar2": 14.0561761856,
        "max": 19.4618110657,
        "mean": 8.5316696167,
        "median": 7.92507123947,
        "min": 2.72444725037,
        "var": 10.1339197159
    },
    "barkbands_flatness_db": {
        "dmean": 0.0156896430999,
        "dmean2": 0.0263803489506,
        "dvar": 0.000232889447943,
        "dvar2": 0.000629207061138,
        "max": 0.226048067212,
        "mean": 0.118084333837,
        "median": 0.115718714893,
        "min": 0.0587799698114,
        "var": 0.000642317289021
    },
    "barkbands_kurtosis": {
        "dmean": 1.1277923584,
        "dmean2": 1.9079144001,
        "dvar": 3.10575890541,
        "dvar2": 8.3965549469,
        "max": 14.1723499298,
        "mean": 0.0321576558053,
        "median": -0.491484880447,
        "min": -1.76763391495,
        "var": 3.17208790779
    },
    "barkbands_skewness": {
        "dmean": 0.417592287064,
        "dmean2": 0.676525890827,
        "dvar": 0.194261580706,
        "dvar2": 0.502439916134,
        "max": 3.84393143654,
        "mean": 0.968270003796,
        "median": 0.890766859055,
        "min": -0.353033661842,
        "var": 0.353620380163
    },
    "barkbands_spread": {
        "dmean": 5.95456981659,
        "dmean2": 9.35713863373,
        "dvar": 38.9689216614,
        "dvar2": 89.7641525269,
        "max": 80.9307327271,
        "mean": 35.0536727905,
        "median": 33.8218803406,
        "min": 9.53039646149,
        "var": 120.22265625
    },
    "dissonance": {
        "dmean": 0.008848618716,
        "dmean2": 0.0150707904249,
        "dvar": 6.32497685729e-05,
        "dvar2": 0.000183679367183,
        "max": 0.499999940395,
        "mean": 0.485605508089,
        "median": 0.48791077733,
        "min": 0.414587885141,
        "var": 0.0001097683853
    },
    "dynamic_complexity": 1.09113276005,
    "erbbands_crest": {
        "dmean": 1.83884334564,
        "dmean2": 3.01273703575,
        "dvar": 3.31646561623,
        "dvar2": 8.41387939453,
        "max": 26.7854995728,
        "mean": 6.29344511032,
        "median": 5.50362348557,
        "min": 2.65995907784,
        "var": 8.08883094788
    },
    "erbbands_flatness_db": {
        "dmean": 0.0113834980875,
        "dmean2": 0.0172137692571,
        "dvar": 9.83766440186e-05,
        "dvar2": 0.000204583295272,
        "max": 0.233926683664,
        "mean": 0.152130007744,
        "median": 0.153042301536,
        "min": 0.090302914381,
        "var": 0.000511392310727
    },
    "erbbands_kurtosis": {
        "dmean": 0.622502207756,
        "dmean2": 1.0027307272,
        "dvar": 0.368070185184,
        "dvar2": 0.983933627605,
        "max": 5.63638210297,
        "mean": 0.160450965166,
        "median": 0.0524792671204,
        "min": -1.52237474918,
        "var": 0.780262589455
    },
    "erbbands_skewness": {
        "dmean": 0.258831530809,
        "dmean2": 0.410165578127,
        "dvar": 0.0500379167497,
        "dvar2": 0.124470315874,
        "max": 2.10695815086,
        "mean": -0.490582615137,
        "median": -0.528294026852,
        "min": -1.82849693298,
        "var": 0.205698311329
    },
    "erbbands_spread": {
        "dmean": 6.68839406967,
        "dmean2": 10.6690235138,
        "dvar": 43.8684806824,
        "dvar2": 115.701438904,
        "max": 98.1919403076,
        "mean": 37.4031524658,
        "median": 36.0721549988,
        "min": 13.8678264618,
        "var": 117.328063965
    },
    "hfc": {
        "dmean": 5.49670410156,
        "dmean2": 8.01368427277,
        "dvar": 30.7207584381,
        "dvar2": 59.7578620911,
        "max": 87.6417922974,
        "mean": 31.494386673,
        "median": 30.5533771515,
        "min": 5.54425954819,
        "var": 160.610549927
    },
    "melbands_crest": {
        "dmean": 3.16997528076,
        "dmean2": 5.27053260803,
        "dvar": 7.91359996796,
        "dvar2": 20.9168376923,
        "max": 28.197052002,
        "mean": 15.3792600632,
        "median": 15.07264328,
        "min": 4.88545703888,
        "var": 20.3068695068
    },
    "melbands_flatness_db": {
        "dmean": 0.0217157974839,
        "dmean2": 0.0352785997093,
        "dvar": 0.000491006241646,
        "dvar2": 0.00128068134654,
        "max": 0.294245392084,
        "mean": 0.157910779119,
        "median": 0.154912039638,
        "min": 0.0641992166638,
        "var": 0.0013269764604
    },
    "melbands_kurtosis": {
        "dmean": 4.29208707809,
        "dmean2": 7.29613304138,
        "dvar": 45.3202400208,
        "dvar2": 123.527252197,
        "max": 67.2980041504,
        "mean": 6.52604484558,
        "median": 4.71365451813,
        "min": -0.962085962296,
        "var": 46.8971633911
    },
    "melbands_skewness": {
        "dmean": 0.639581620693,
        "dmean2": 1.04635882378,
        "dvar": 0.507722318172,
        "dvar2": 1.32404434681,
        "max": 7.66184997559,
        "mean": 2.36982417107,
        "median": 2.25160837173,
        "min": 0.401827812195,
        "var": 0.910727620125
    },
    "melbands_spread": {
        "dmean": 8.88266086578,
        "dmean2": 14.2111568451,
        "dvar": 78.7426071167,
        "dvar2": 194.0443573,
        "max": 90.1715393066,
        "mean": 34.6885452271,
        "median": 33.5663299561,
        "min": 6.0067782402,
        "var": 183.684646606
    },
    "pitch_salience": {
        "dmean": 0.070485688746,
        "dmean2": 0.11877078563,
        "dvar": 0.00436568353325,
        "dvar2": 0.0121879596263,
        "max": 0.768126785755,
        "mean": 0.553502976894,
        "median": 0.558482468128,
        "min": 0.221328556538,
        "var": 0.00780945736915
    },
    "silence_rate_20dB": {
        "dmean": 0,
        "dmean2": 0,
        "dvar": 0,
        "dvar2": 0,
        "max": 1,
        "mean": 1,
        "median": 1,
        "min": 1,
        "var": 0
    },
    "silence_rate_30dB": {
        "dmean": 0,
        "dmean2": 0,
        "dvar": 0,
        "dvar2": 0,
        "max": 1,
        "mean": 1,
        "median": 1,
        "min": 1,
        "var": 0
    },
    "silence_rate_60dB": {
        "dmean": 0,
        "dmean2": 0,
        "dvar": 0,
        "dvar2": 0,
        "max": 0,
        "mean": 0,
        "median": 0,
        "min": 0,
        "var": 0
    },
    "spectral_centroid": {
        "dmean": 252.522979736,
        "dmean2": 404.068572998,
        "dvar": 49789.515625,
        "dvar2": 130851.460938,
        "max": 3245.3996582,
        "mean": 1998.83813477,
        "median": 1998.50231934,
        "min": 839.14654541,
        "var": 134387.015625
    },
    "spectral_complexity": {
        "dmean": 4.34829711914,
        "dmean2": 6.97366380692,
        "dvar": 11.4545497894,
        "dvar2": 28.2765541077,
        "max": 61,
        "mean": 38.8391342163,
        "median": 39,
        "min": 15,
        "var": 42.8279647827
    },
    "spectral_decrease": {
        "dmean": 2.74314171378e-09,
        "dmean2": 4.48159553912e-09,
        "dvar": 1.39321914767e-17,
        "dvar2": 3.56787681264e-17,
        "max": -2.199069149e-09,
        "mean": -8.74076100388e-09,
        "median": -7.6933375226e-09,
        "min": -2.93501436488e-08,
        "var": 1.78370117092e-17
    },
    "spectral_energy": {
        "dmean": 0.0105635635555,
        "dmean2": 0.0172032807022,
        "dvar": 0.000200729453354,
        "dvar2": 0.000512747850735,
        "max": 0.113691136241,
        "mean": 0.0358462482691,
        "median": 0.0322370864451,
        "min": 0.00908471271396,
        "var": 0.000267629162408
    },
    "spectral_energyband_high": {
        "dmean": 0.000421925040428,
        "dmean2": 0.000587480841205,
        "dvar": 4.12671141703e-07,
        "dvar2": 7.43833425076e-07,
        "max": 0.00893551204354,
        "mean": 0.00144593440928,
        "median": 0.00106204254553,
        "min": 0.000107931184175,
        "var": 1.77217759756e-06
    },
    "spectral_energyband_low": {
        "dmean": 0.00791643932462,
        "dmean2": 0.0134080611169,
        "dvar": 0.000153134940774,
        "dvar2": 0.000406261475291,
        "max": 0.100261420012,
        "mean": 0.0164350643754,
        "median": 0.0130041530356,
        "min": 0.0012583656935,
        "var": 0.000156067413627
    },
    "spectral_energyband_middle_high": {
        "dmean": 0.00188124401029,
        "dmean2": 0.00295449770056,
        "dvar": 3.15704232889e-06,
        "dvar2": 7.18807041267e-06,
        "max": 0.0301598422229,
        "mean": 0.0091602448374,
        "median": 0.00836650747806,
        "min": 0.00243572820909,
        "var": 1.65091460076e-05
    },
    "spectral_energyband_middle_low": {
        "dmean": 0.00531951105222,
        "dmean2": 0.00863789394498,
        "dvar": 7.53759450163e-05,
        "dvar2": 0.000192255931324,
        "max": 0.0748586580157,
        "mean": 0.0115391192958,
        "median": 0.00831703748554,
        "min": 0.001581056742,
        "var": 0.000103287464299
    },
    "spectral_entropy": {
        "dmean": 0.0690271481872,
        "dmean2": 0.10552816838,
        "dvar": 0.00370303587988,
        "dvar2": 0.00765898777172,
        "max": 8.41520404816,
        "mean": 7.86707115173,
        "median": 7.83929729462,
        "min": 7.38549804688,
        "var": 0.0236784350127
    },
    "spectral_flux": {
        "dmean": 0.0245994310826,
        "dmean2": 0.0382347591221,
        "dvar": 0.000891470524948,
        "dvar2": 0.00177782087121,
        "max": 0.285455256701,
        "mean": 0.102039463818,
        "median": 0.0902582928538,
        "min": 0.038346901536,
        "var": 0.00165218138136
    },
    "spectral_kurtosis": {
        "dmean": 1.19798469543,
        "dmean2": 2.12999653816,
        "dvar": 1.07843255997,
        "dvar2": 3.3243625164,
        "max": 10.6469984055,
        "mean": 2.91959643364,
        "median": 2.80207157135,
        "min": -0.135595798492,
        "var": 1.73045992851
    },
    "spectral_rms": {
        "dmean": 0.000798655906692,
        "dmean2": 0.00127314764541,
        "dvar": 8.76473052358e-07,
        "dvar2": 2.16709327105e-06,
        "max": 0.0105317700654,
        "mean": 0.00578268337995,
        "median": 0.00560810277238,
        "min": 0.00297710159793,
        "var": 1.53252824475e-06
    },
    "spectral_rolloff": {
        "dmean": 623.247192383,
        "dmean2": 991.395629883,
        "dvar": 604239.375,
        "dvar2": 1339682.875,
        "max": 8570.21484375,
        "mean": 2147.84008789,
        "median": 2024.12109375,
        "min": 107.666015625,
        "var": 1421193.625
    },
    "spectral_skewness": {
        "dmean": 0.165063157678,
        "dmean2": 0.28550478816,
        "dvar": 0.0180384032428,
        "dvar2": 0.0522982291877,
        "max": 2.78574061394,
        "mean": 0.996722698212,
        "median": 0.999893665314,
        "min": 0.412272334099,
        "var": 0.0393501259387
    },
    "spectral_spread": {
        "dmean": 292613.78125,
        "dmean2": 420243.96875,
        "dvar": 117267660800,
        "dvar2": 162561294336,
        "max": 9851975,
        "mean": 3595926.75,
        "median": 3362083.25,
        "min": 2490636.25,
        "var": 695332569088
    },
    "spectral_strongpeak": {
        "dmean": 0.3237375319,
        "dmean2": 0.557632565498,
        "dvar": 0.310299426317,
        "dvar2": 0.795604348183,
        "max": 5.09885549545,
        "mean": 0.572356700897,
        "median": 0.427054792643,
        "min": 0.0550911985338,
        "var": 0.37559056282
    },
    "zerocrossingrate": {
        "dmean": 0.00870402902365,
        "dmean2": 0.010324254632,
        "dvar": 8.14624581835e-05,
        "dvar2": 9.64557257248e-05,
        "max": 0.20947265625,
        "mean": 0.0687626898289,
        "median": 0.06494140625,
        "min": 0.0166015625,
        "var": 0.000568379706237
    },
    "barkbands": {
        "dmean": [0.000206937795156, 0.00535731669515, 0.00311647634953, 0.00300111575052, 0.00180113350507, 0.000610443588812, 0.00034373998642, 0.00118882441893, 0.00061006564647, 0.000598267826717, 0.000332747760694, 0.000556354003493, 0.000468006066512, 0.000494282750878, 0.000417098635808, 0.000513543374836, 0.000379157776479, 0.000400019955123, 0.000378747703508, 0.000271040480584, 0.000118713782285, 8.92229436431e-05, 8.99023070815e-05, 0.000107994623249, 2.73416098935e-05, 6.75907995173e-06, 1.55190367224e-08],
        "dmean2": [0.000318206526572, 0.00906770583242, 0.00525117991492, 0.00502064218745, 0.0030554854311, 0.00104659970384, 0.000573808734771, 0.0018610478146, 0.000981175689958, 0.000977702788077, 0.000533906801138, 0.00091051927302, 0.000765515025705, 0.000818855827674, 0.000686628336553, 0.000848061521538, 0.000638200202957, 0.000673667644151, 0.000636474578641, 0.000446107937023, 0.000193386076717, 0.000141216514749, 0.000127289997181, 0.000132749861223, 3.75361996703e-05, 1.00065217339e-05, 2.75862355181e-08],
        "dvar": [2.20021505015e-07, 9.85921869869e-05, 1.74168599187e-05, 3.22560154018e-05, 1.35583522933e-05, 1.48324625115e-06, 5.08405150867e-07, 5.89094133829e-06, 1.6195523358e-06, 9.88407236946e-07, 4.18579134021e-07, 8.57750080741e-07, 3.6114531099e-07, 4.50241401495e-07, 2.17153726112e-07, 3.93590482872e-07, 1.7404786945e-07, 1.98729495082e-07, 1.52490741812e-07, 9.8444239427e-08, 2.35834782814e-08, 1.11624514076e-08, 4.27382360613e-08, 1.07165597285e-07, 6.36849106783e-09, 4.44347614259e-10, 3.30868031032e-15],
        "dvar2": [5.15392798661e-07, 0.000259079912212, 4.7494766477e-05, 8.70662552188e-05, 3.5734323319e-05, 4.00405133405e-06, 1.32144430154e-06, 1.4263504454e-05, 4.0670256567e-06, 2.51907886195e-06, 8.44010742185e-07, 2.16885177906e-06, 9.53916241997e-07, 1.16638182135e-06, 5.34469904778e-07, 9.90644366539e-07, 4.5286196837e-07, 5.25977213783e-07, 4.04543158083e-07, 2.69415295406e-07, 6.1944440688e-08, 2.50914968802e-08, 7.30538971538e-08, 1.87436711485e-07, 1.2144817596e-08, 8.87705908781e-10, 7.15303315034e-15],
        "max": [0.00356965675019, 0.0789422616363, 0.0423357896507, 0.0504649318755, 0.0393969975412, 0.0168419610709, 0.0125473057851, 0.0300276335329, 0.0323550030589, 0.0122307548299, 0.0113001475111, 0.0147633831948, 0.00879312027246, 0.00893805641681, 0.00573822529987, 0.00921638123691, 0.00709455972537, 0.00676481658593, 0.00612651975825, 0.00446519022807, 0.00209777173586, 0.00177973276004, 0.00338501483202, 0.00582918524742, 0.00164601451252, 0.00060342636425, 1.26186080252e-06],
        "mean": [0.000181010502274, 0.00661381240934, 0.00703656300902, 0.00475704111159, 0.00225873896852, 0.000874276855029, 0.00053228327306, 0.00190443207975, 0.000991897773929, 0.00100590020884, 0.000567436334677, 0.00100877182558, 0.000899106787983, 0.000896599609405, 0.00085175933782, 0.00104776141234, 0.000812509504613, 0.000890199386049, 0.000951900263317, 0.000703594298102, 0.00032746384386, 0.000259566411842, 0.000211329737795, 0.000200443595531, 5.15678875672e-05, 1.03140828287e-05, 1.14133333895e-08],
        "median": [2.41539328272e-05, 0.00365113047883, 0.00533454772085, 0.00284533877857, 0.00123885413632, 0.000536993029527, 0.000300858402625, 0.00051455036737, 0.000545418530237, 0.000634133641142, 0.000292441021884, 0.000669354514685, 0.000618395803031, 0.000584717781749, 0.000677316682413, 0.000859035819303, 0.00067611184204, 0.000722006079741, 0.000860340485815, 0.000625327869784, 0.000275192200206, 0.000217633642023, 9.44628554862e-05, 4.11299661209e-05, 1.67912749021e-05, 3.9134920371e-06, 1.03253783301e-09],
        "min": [7.15942221063e-08, 6.77922507748e-05, 0.000117134935863, 7.58519308874e-05, 8.95740231499e-05, 2.3254289772e-05, 1.22036881294e-05, 2.16517491936e-05, 2.5324849048e-05, 4.04361926485e-05, 3.11565272568e-05, 5.03062547068e-05, 5.86317692068e-05, 4.78122674394e-05, 7.65572840464e-05, 6.75434566801e-05, 3.89568194805e-05, 3.55314878107e-05, 0.000155371424626, 8.98126600077e-05, 4.15311660618e-05, 2.12688100873e-05, 5.5018558669e-06, 6.04453930464e-07, 1.33175916517e-07, 1.63707422618e-10, 5.48226004524e-12],
        "var": [2.19175703364e-07, 8.64490357344e-05, 3.60026933777e-05, 3.56938726327e-05, 1.18312709674e-05, 1.41009456911e-06, 7.48107368054e-07, 1.40348529385e-05, 2.76845457847e-06, 1.5564877458e-06, 1.04696994185e-06, 1.76424657639e-06, 8.00567022452e-07, 8.39526819618e-07, 4.30629143011e-07, 6.95798576089e-07, 3.45228073684e-07, 4.24789021736e-07, 2.76955233858e-07, 1.66189337847e-07, 4.94334351231e-08, 3.2818700646e-08, 1.4264371373e-07, 2.95636823466e-07, 1.56667017137e-08, 6.90258239455e-10, 2.64483771967e-15]
    },
    "erbbands": {
        "dmean": [0.121168069541, 1.36117744446, 3.75363612175, 6.17332029343, 8.48007297516, 5.08616256714, 7.08216810226, 4.44481277466, 3.81517863274, 10.7033815384, 25.7746925354, 13.9126853943, 17.1466903687, 15.1150045395, 16.4431858063, 16.3913135529, 20.4114017487, 19.4088630676, 23.0617980957, 26.2959766388, 24.933057785, 20.4983062744, 22.6641902924, 18.5203990936, 16.1987934113, 13.3002977371, 6.7776761055, 4.09270095825, 3.78592085838, 2.23533153534, 2.7166929245, 2.57567882538, 1.61173725128, 0.505993783474, 0.117353364825, 0.044092297554, 0.0101672774181, 0.000700257252902, 1.84961791092e-05, 1.23119980344e-05],
        "dmean2": [0.188527777791, 2.41379666328, 6.47680473328, 10.3463134766, 14.4242973328, 8.67153644562, 12.0240125656, 7.56039333344, 6.44693803787, 17.2776241302, 40.2046012878, 21.7606067657, 28.120759964, 24.9718952179, 25.6586303711, 26.6615715027, 33.3365631104, 32.1133308411, 37.8551330566, 43.6161575317, 40.4986763, 34.3262557983, 38.1267356873, 30.47265625, 27.3009300232, 21.8951015472, 11.1371955872, 6.56632900238, 6.04110193253, 3.26176834106, 3.86847233772, 3.49110913277, 2.00138688087, 0.69465649128, 0.161600276828, 0.0653637647629, 0.0155431199819, 0.00113647279795, 2.73508212558e-05, 1.96229484573e-05],
        "dvar": [0.0490878634155, 6.84210586548, 30.8034210205, 91.9269943237, 408.238342285, 77.1692123413, 138.110794067, 80.6231002808, 46.1553916931, 481.924499512, 2797.78295898, 962.665527344, 1023.06237793, 605.202514648, 891.0078125, 496.75958252, 808.620422363, 532.769470215, 891.55090332, 848.680419922, 1041.54272461, 562.346435547, 682.86895752, 342.032745361, 326.348358154, 249.6668396, 59.712436676, 38.9235572815, 19.7681427002, 11.523267746, 45.9614295959, 61.9605331421, 23.684425354, 2.50069212914, 0.0873412266374, 0.0153315914795, 0.000929084373638, 3.01154841509e-06, 1.32604516256e-09, 2.39750330699e-10],
        "dvar2": [0.103154875338, 18.9933586121, 86.481552124, 261.733215332, 1079.23095703, 198.103790283, 349.245483398, 219.551193237, 111.44732666, 1334.07055664, 6146.79638672, 2261.23095703, 2795.0402832, 1504.42114258, 1716.62316895, 1329.20239258, 2039.01245117, 1409.48474121, 2218.15771484, 2181.51489258, 2422.06982422, 1437.95654297, 1777.15942383, 908.262756348, 868.637756348, 693.459960938, 166.198516846, 99.6388015747, 47.0816268921, 20.6435050964, 84.1026229858, 115.703147888, 42.1670150757, 4.58183431625, 0.179653480649, 0.0307628661394, 0.00182913290337, 7.40579844205e-06, 2.72870059881e-09, 6.05387628916e-10],
        "max": [1.53348350525, 19.915599823, 53.2382850647, 91.4427490234, 197.026992798, 82.6833496094, 177.558395386, 156.992050171, 141.476104736, 286.565063477, 787.075012207, 898.066040039, 452.088928223, 337.188964844, 530.627807617, 387.690979004, 416.57699585, 364.469146729, 413.251861572, 396.001739502, 447.374847412, 455.579803467, 432.738830566, 221.499588013, 321.183959961, 232.745101929, 95.7058944702, 97.8558425903, 65.1772003174, 64.2054519653, 104.37159729, 111.775428772, 92.499130249, 32.2318191528, 5.22403144836, 3.03878498077, 0.945027887821, 0.0325276181102, 0.000877154583577, 0.000144288263982],
        "mean": [0.154944658279, 1.6845676899, 7.34166383743, 12.9174947739, 10.7946004868, 6.57727003098, 9.33521938324, 6.4897108078, 6.27741909027, 18.1148166656, 41.7989120483, 24.0289897919, 28.6352710724, 27.3950119019, 33.8744506836, 34.727973938, 41.4724388123, 41.2240180969, 46.153678894, 54.7185516357, 54.028339386, 47.7935447693, 52.2975349426, 48.2526016235, 41.4524307251, 33.6274986267, 19.4406261444, 11.1338939667, 10.5213527679, 5.93093585968, 5.9775519371, 4.77488279343, 2.86115169525, 0.923280954361, 0.210591211915, 0.069463133812, 0.0143062593415, 0.000885861169081, 4.60615628981e-05, 4.64849254058e-05],
        "median": [0.0687597543001, 1.04243028164, 5.46082687378, 10.003080368, 5.29035186768, 3.925522089, 4.71092319489, 4.17506122589, 4.61033439636, 6.77028560638, 13.3765611649, 13.1152324677, 17.675567627, 18.6863269806, 19.2217941284, 26.2470016479, 27.6435241699, 30.7012290955, 33.4704093933, 42.3076057434, 43.3848419189, 39.6735839844, 41.7279052734, 43.2226638794, 37.5588493347, 29.6208095551, 17.025598526, 8.94975852966, 8.99100780487, 3.907548666, 2.33446311951, 1.03694200516, 0.549274742603, 0.250164330006, 0.0811385065317, 0.025121787563, 0.00581634417176, 0.000366197200492, 3.17673329846e-05, 4.2720381316e-05],
        "min": [0.0023432446178, 0.0452789030969, 0.299162000418, 0.729781270027, 0.444038808346, 0.305113166571, 0.242114827037, 0.191290512681, 0.359039485455, 0.318576604128, 0.784062981606, 0.873259186745, 1.71853554249, 2.19419240952, 2.70717906952, 3.17209482193, 4.47380542755, 4.93116235733, 5.75866699219, 6.73560571671, 3.67244029045, 1.98919427395, 2.06618928909, 4.91995859146, 7.16437482834, 4.08033752441, 2.91883015633, 1.17678892612, 1.00470769405, 0.425689011812, 0.117516927421, 0.0236594323069, 0.00624515395612, 0.00282927136868, 0.000248858850682, 2.95424142678e-05, 7.92331866251e-06, 2.18360446524e-06, 5.58709507459e-06, 1.11671561172e-05],
        "var": [0.0595977157354, 5.06858491898, 42.0098686218, 117.800643921, 358.923278809, 75.623374939, 164.334579468, 74.849319458, 59.0310554504, 950.426147461, 6910.17773438, 1806.97155762, 1500.54858398, 880.747314453, 2579.45117188, 1103.39086914, 1853.18383789, 1106.71240234, 1624.28088379, 1711.73901367, 1992.5612793, 1300.54345703, 1458.13769531, 772.066467285, 508.548858643, 396.16897583, 124.321289062, 71.3282241821, 53.6799163818, 43.970905304, 135.749847412, 157.971618652, 65.1434707642, 6.33007621765, 0.181624546647, 0.0265599954873, 0.00139271188527, 3.68959331354e-06, 2.61809107727e-09, 3.97042232425e-10]
    },
    "gfcc": {
        "mean": [44.7508583069, 99.4629364014, -146.751831055, 60.7907981873, -49.1203384399, 21.4337272644, -28.5000038147, 9.92306232452, -22.4924373627, -3.77835392952, -17.1932106018, -9.52318096161, -12.4963760376],
        "cov": [[759.443908691, -489.506774902, 259.037963867, -45.5629615784, -147.057159424, 89.6670532227, -203.836639404, 91.1676483154, -80.9991149902, 27.1808300018, -68.9965133667, 41.2759513855, -82.6223297119], [-489.506774902, 592.982421875, -225.406585693, -11.1900033951, 121.707191467, -142.576202393, 205.719299316, -84.1009521484, 99.1534042358, -8.95746040344, 56.2423820496, -42.4525947571, 60.7407188416], [259.037963867, -225.406585693, 220.920547485, 33.1941375732, -57.2643356323, 48.4268760681, -104.933868408, 47.2853088379, -30.09126091, 16.7097835541, -16.1006336212, 22.7387084961, -19.0489654541], [-45.5629615784, -11.1900033951, 33.1941375732, 118.272377014, 18.2425689697, 8.83748626709, -21.2604217529, -14.4579973221, 15.259062767, -18.619102478, 29.5883750916, 3.20787024498, 38.7278671265], [-147.057159424, 121.707191467, -57.2643356323, 18.2425689697, 125.504295349, 5.01967954636, 81.5917510986, -19.5266532898, 11.8142871857, 8.48139190674, 8.36716747284, 21.7314128876, 24.9838409424], [89.6670532227, -142.576202393, 48.4268760681, 8.83748626709, 5.01967954636, 128.701400757, -4.9008231163, 22.5924434662, -22.7063274384, -5.21773386002, 4.33324575424, 7.04811906815, 7.09528064728], [-203.836639404, 205.719299316, -104.933868408, -21.2604217529, 81.5917510986, -4.9008231163, 158.559677124, -5.87042665482, 39.4241638184, 5.41742897034, 14.5611896515, -9.43830680847, 12.9481124878], [91.1676483154, -84.1009521484, 47.2853088379, -14.4579973221, -19.5266532898, 22.5924434662, -5.87042665482, 85.2670974731, 22.2163066864, 19.074092865, -9.66749000549, 0.220835134387, -13.8264484406], [-80.9991149902, 99.1534042358, -30.09126091, 15.259062767, 11.8142871857, -22.7063274384, 39.4241638184, 22.2163066864, 80.5437774658, 15.263628006, 24.2170886993, -20.1636714935, 6.49117517471], [27.1808300018, -8.95746040344, 16.7097835541, -18.619102478, 8.48139190674, -5.21773386002, 5.41742897034, 19.074092865, 15.263628006, 53.7567596436, 8.86407756805, 12.0861005783, -14.7188978195], [-68.9965133667, 56.2423820496, -16.1006336212, 29.5883750916, 8.36716747284, 4.33324575424, 14.5611896515, -9.66749000549, 24.2170886993, 8.86407756805, 56.2954978943, 4.05742692947, 22.9106407166], [41.2759513855, -42.4525947571, 22.7387084961, 3.20787024498, 21.7314128876, 7.04811906815, -9.43830680847, 0.220835134387, -20.1636714935, 12.0861005783, 4.05742692947, 58.3454322815, 12.2946548462], [-82.6223297119, 60.7407188416, -19.0489654541, 38.7278671265, 24.9838409424, 7.09528064728, 12.9481124878, -13.8264484406, 6.49117517471, -14.7188978195, 22.9106407166, 12.2946548462, 63.0822563171]],
        "icov": [[0.00410906132311, 0.000602508080192, -0.00182387023233, 0.00105418323074, 0.00181434163824, -0.00152648577932, 0.00198485911824, -0.000901089981198, -0.000246252893703, -0.000467416713946, 0.00203632144257, -0.00256082066335, 0.00212780106813], [0.000602508080192, 0.0176420919597, -0.00335532822646, 0.0107103250921, -0.00809512287378, 0.0166427139193, -0.0129874674603, 0.010959864594, -0.00924529600888, 0.00591991795227, -0.0106326555833, 0.0111242709681, -0.0133583554998], [-0.00182387023233, -0.00335532822646, 0.0119930980727, -0.00787912961096, 0.00341785978526, -0.00506150908768, 0.00506217172369, -0.00554488878697, 0.00393174681813, -0.00561101362109, 0.00425006262958, -0.00377632211894, 0.00374063733034], [0.00105418323074, 0.0107103250921, -0.00787912961096, 0.0244536604732, -0.011140008457, 0.0104193110019, -0.00288032181561, 0.00894090905786, -0.0110862571746, 0.0118644582108, -0.0136719308794, 0.00863735377789, -0.0133419316262], [0.00181434163824, -0.00809512287378, 0.00341785978526, -0.011140008457, 0.0233502611518, -0.0110231293365, -0.001999364933, -0.00205084471963, 0.00404119724408, -0.0097518870607, 0.0133872581646, -0.0141857126728, 0.00520650250837], [-0.00152648577932, 0.0166427139193, -0.00506150908768, 0.0104193110019, -0.0110231293365, 0.0275927502662, -0.0147352553904, 0.00637847138569, -0.00303828623146, 0.00852998904884, -0.0159851834178, 0.0144013650715, -0.0149629116058], [0.00198485911824, -0.0129874674603, 0.00506217172369, -0.00288032181561, -0.001999364933, -0.0147352553904, 0.0264293868095, -0.0103259058669, 0.00230611441657, -0.0028690379113, 0.00658367667347, -0.00727339182049, 0.0112828891724], [-0.000901089981198, 0.010959864594, -0.00554488878697, 0.00894090905786, -0.00205084471963, 0.00637847138569, -0.0103259058669, 0.027899030596, -0.0167073067278, 0.000321098719724, -0.000378062279196, 0.00469732563943, -0.00955157075077], [-0.000246252893703, -0.00924529600888, 0.00393174681813, -0.0110862571746, 0.00404119724408, -0.00303828623146, 0.00230611441657, -0.0167073067278, 0.0324374772608, -0.00970326736569, -0.00306619657204, 0.00401080213487, 0.0059089739807], [-0.000467416713946, 0.00591991795227, -0.00561101362109, 0.0118644582108, -0.0097518870607, 0.00852998904884, -0.0028690379113, 0.000321098719724, -0.00970326736569, 0.0348209440708, -0.01525450591, -0.00189285248052, 0.00330379675142], [0.00203632144257, -0.0106326555833, 0.00425006262958, -0.0136719308794, 0.0133872581646, -0.0159851834178, 0.00658367667347, -0.000378062279196, -0.00306619657204, -0.01525450591, 0.0405077822506, -0.0132662160322, 0.00227359682322], [-0.00256082066335, 0.0111242709681, -0.00377632211894, 0.00863735377789, -0.0141857126728, 0.0144013650715, -0.00727339182049, 0.00469732563943, 0.00401080213487, -0.00189285248052, -0.0132662160322, 0.0367121808231, -0.0171789061278], [0.00212780106813, -0.0133583554998, 0.00374063733034, -0.0133419316262, 0.00520650250837, -0.0149629116058, 0.0112828891724, -0.00955157075077, 0.0059089739807, 0.00330379675142, 0.00227359682322, -0.0171789061278, 0.0387190058827]]
    },
    "melbands": {
        "dmean": [0.00127858191263, 0.00185691134539, 0.0011540382402, 0.00043133541476, 0.000243956834311, 9.9797231087e-05, 6.07036927249e-05, 0.000158529437613, 0.000188674865058, 8.51296645124e-05, 8.90931405593e-05, 6.80389712215e-05, 5.13555678481e-05, 7.16569993529e-05, 3.5640947317e-05, 5.26254516444e-05, 3.81298195862e-05, 4.45641126134e-05, 3.14734534186e-05, 3.97343210352e-05, 3.02258977172e-05, 2.14858082472e-05, 2.55256854871e-05, 1.97574554477e-05, 1.67510952451e-05, 1.54515801114e-05, 1.06716697701e-05, 9.84197595244e-06, 5.52771007278e-06, 3.10498307954e-06, 2.59778721556e-06, 2.75072420663e-06, 1.4432152966e-06, 1.48438198266e-06, 1.61747163929e-06, 1.81823327239e-06, 1.66799748058e-06, 1.36771188863e-06, 7.02694137544e-07, 3.77494046688e-07],
        "dmean2": [0.00207179016434, 0.00324636721052, 0.00193690753076, 0.000731332518626, 0.00041366709047, 0.000170268263901, 0.000102299818536, 0.000254207727266, 0.000291392061627, 0.000135980473715, 0.000146442442201, 0.000111836066935, 8.00438720034e-05, 0.000117191804748, 5.84585541219e-05, 8.54844984133e-05, 6.33458184893e-05, 7.32684929972e-05, 5.18272936461e-05, 6.65448314976e-05, 4.86957360408e-05, 3.57838071068e-05, 4.33271270595e-05, 3.29672802764e-05, 2.76356695394e-05, 2.63555866695e-05, 1.76032663148e-05, 1.64594202943e-05, 9.3846283562e-06, 5.10242853125e-06, 4.24329982707e-06, 4.49364597443e-06, 2.31876924772e-06, 2.21331993089e-06, 2.37352446675e-06, 2.68785538537e-06, 2.23818915401e-06, 1.80039137376e-06, 9.67727260104e-07, 5.59947750389e-07],
        "dvar": [5.4308657127e-06, 9.40697100305e-06, 4.28173871114e-06, 8.99953761291e-07, 1.46682992863e-07, 3.95803603226e-08, 1.22690453352e-08, 1.01897057903e-07, 1.38841301123e-07, 3.30677281113e-08, 2.72376965427e-08, 1.19423724243e-08, 9.31604571264e-09, 1.5786051577e-08, 1.59830060298e-09, 5.10569364565e-09, 2.1794970273e-09, 4.02232025465e-09, 1.36114275406e-09, 2.47042430956e-09, 1.69218017376e-09, 6.79344691612e-10, 7.20730364279e-10, 5.58297907904e-10, 2.77911194058e-10, 2.78560785549e-10, 1.41724534886e-10, 1.41456291125e-10, 3.92385950121e-11, 1.4859379352e-11, 1.46363424852e-11, 1.02375963609e-11, 3.47588516129e-12, 5.99657910133e-12, 1.39965400381e-11, 2.95757689173e-11, 2.79607812598e-11, 1.78302858589e-11, 4.76117149179e-12, 1.29023820707e-12],
        "dvar2": [1.34128395075e-05, 2.65450889856e-05, 1.1584323147e-05, 2.34564890889e-06, 3.64856788337e-07, 1.07045273978e-07, 3.09445162827e-08, 2.78832260392e-07, 2.9849928751e-07, 8.0318848461e-08, 7.42228465356e-08, 2.96728028815e-08, 1.83376442919e-08, 4.04057729497e-08, 4.05407840631e-09, 1.36249376226e-08, 5.73695135841e-09, 1.0066410816e-08, 3.26394822281e-09, 6.65585675463e-09, 3.84268350473e-09, 1.66440317084e-09, 1.87005855246e-09, 1.53333268305e-09, 7.29318438975e-10, 7.65611352094e-10, 3.77411824015e-10, 3.97914812211e-10, 1.09935241466e-10, 3.93931207099e-11, 3.78606555829e-11, 2.51174029492e-11, 8.66737931426e-12, 1.16546486004e-11, 2.62598935652e-11, 5.9302847355e-11, 5.61472118799e-11, 3.50547126049e-11, 7.91838816738e-12, 2.58203007586e-12],
        "max": [0.0185521617532, 0.0251401197165, 0.0198184102774, 0.010484430939, 0.00475288974121, 0.00330933905207, 0.0021560837049, 0.00400693761185, 0.00577175756916, 0.00491765327752, 0.00219675246626, 0.00132924644276, 0.00180482375436, 0.00206009857357, 0.0005296280724, 0.00113766128197, 0.000625325599685, 0.000904036627617, 0.000488889811095, 0.00092824845342, 0.000557932478841, 0.000627174449619, 0.00038418819895, 0.000329827656969, 0.000190433929674, 0.000245304632699, 0.000190693273908, 0.000174984030309, 6.51231530355e-05, 5.57662497158e-05, 6.08677582932e-05, 4.26130209235e-05, 2.79205578408e-05, 4.77423636767e-05, 5.04529489262e-05, 8.29705604701e-05, 8.7234453531e-05, 7.61682531447e-05, 4.3172534788e-05, 2.12574286707e-05],
        "mean": [0.0016268263571, 0.00331474654377, 0.00227430276573, 0.000560406828299, 0.000328854162944, 0.000146384874824, 9.71486297203e-05, 0.000261135020992, 0.000312652176945, 0.000141000346048, 0.00014561592252, 0.000116314433399, 9.95994560071e-05, 0.000123198726214, 7.2654147516e-05, 9.71995395957e-05, 7.35617577448e-05, 7.82692222856e-05, 6.38053752482e-05, 7.60880866437e-05, 5.88504772168e-05, 4.44931829406e-05, 5.47352901776e-05, 4.08002524637e-05, 3.91362264054e-05, 3.54943003913e-05, 2.40579429374e-05, 2.23350016313e-05, 1.39942276292e-05, 7.4001682151e-06, 6.1136097429e-06, 6.91693730914e-06, 3.41182021657e-06, 3.34508308697e-06, 3.44235218108e-06, 3.2671664485e-06, 2.81368238575e-06, 2.22688595386e-06, 1.30565331347e-06, 5.95530650571e-07],
        "median": [0.000860760570504, 0.00251741707325, 0.00170792243443, 0.000308808230329, 0.000170154264197, 9.49205932557e-05, 6.75672417856e-05, 8.58714047354e-05, 0.000107866369945, 7.91213751654e-05, 8.66150076035e-05, 7.74151922087e-05, 5.34311875526e-05, 7.66883022152e-05, 5.59900072403e-05, 6.55279509374e-05, 5.33758138772e-05, 5.16676373081e-05, 5.04097879457e-05, 6.13001393504e-05, 4.40502662968e-05, 3.56138152711e-05, 4.49943145213e-05, 3.22631531162e-05, 3.40479055012e-05, 3.16042533086e-05, 2.06887525565e-05, 1.91262333828e-05, 1.21337288874e-05, 5.91093885305e-06, 4.77338699056e-06, 5.85935276831e-06, 2.60441106548e-06, 1.99022929337e-06, 1.48236551922e-06, 8.4587514948e-07, 5.20701576079e-07, 3.85238649869e-07, 2.99153327887e-07, 1.77059717998e-07],
        "min": [2.1796384317e-05, 0.000221958063776, 0.000130645377794, 2.14379087993e-05, 7.34843342798e-06, 4.08760888604e-06, 5.17032185599e-06, 5.107234756e-06, 5.96373502049e-06, 4.06577555623e-06, 6.82246900396e-06, 5.9370740928e-06, 6.93654601491e-06, 5.66277594771e-06, 6.22354264124e-06, 6.82883410263e-06, 6.63959008307e-06, 5.71376085645e-06, 7.84395433584e-06, 8.35151968204e-06, 4.2576798478e-06, 2.09844756682e-06, 2.08946880775e-06, 1.41283794619e-06, 3.72252202396e-06, 4.49543267678e-06, 3.09935558107e-06, 1.85338001302e-06, 2.06467393582e-06, 7.26013297481e-07, 5.94085861394e-07, 6.17702482941e-07, 2.61558824377e-07, 1.56268654905e-07, 6.63365824494e-08, 2.35782859903e-08, 7.87765319643e-09, 4.70540495456e-09, 5.21931699249e-11, 1.95164426287e-10],
