{
"highlevel": {
    "danceability": {
        "all": {
            "danceable": 0.807767212391,
            "not_danceable": 0.192232757807
        },
        "probability": 0.807767212391,
        "value": "danceable"
    },
    "gender": {
        "all": {
            "female": 0.174755588174,
            "male": 0.825244426727
        },
        "probability": 0.825244426727,
        "value": "male"
    },
    "genre_dortmund": {
        "all": {
            "alternative": 0.145266070962,
            "blues": 0.0365702398121,
            "electronic": 0.0241624340415,
            "folkcountry": 0.0566828921437,
            "funksoulrnb": 0.00646117795259,
            "jazz": 0.038028344512,
            "pop": 0.0592966303229,
            "raphiphop": 0.00362215330824,
            "rock": 0.629910051823
        },
        "probability": 0.629910051823,
        "value": "rock"
    },
    "genre_electronic": {
        "all": {
            "ambient": 0.388436257839,
            "dnb": 0.152360841632,
            "house": 0.0382149070501,
            "techno": 0.0223980266601,
            "trance": 0.398589998484
        },
        "probability": 0.398589998484,
        "value": "trance"
    },
    "genre_rosamerica": {
        "all": {
            "cla": 0.00169430498499,
            "dan": 0.00157468824182,
            "hip": 0.000573412515223,
            "jaz": 0.000629147631116,
            "pop": 0.0368986800313,
            "rhy": 0.0019579550717,
            "roc": 0.956582725048,
            "spe": 8.91011877684e-05
        },
        "probability": 0.956582725048,
        "value": "roc"
    },
    "genre_tzanetakis": {
        "all": {
            "blu": 0.0626541376114,
            "cla": 0.0348133966327,
            "cou": 0.0783501937985,
            "dis": 0.104547761381,
            "hip": 0.15693578124,
            "jaz": 0.313987255096,
            "met": 0.044816005975,
            "pop": 0.0627349764109,
            "reg": 0.0627352520823,
            "roc": 0.0784252434969
        },
        "probability": 0.313987255096,
        "value": "jaz"
    },
    "ismir04_rhythm": {
        "all": {
            "ChaChaCha": 0.168418705463,
            "Jive": 0.462116092443,
            "Quickstep": 0.0175599250942,
            "Rumba-American": 0.00755103444681,
            "Rumba-International": 0.0130751077086,
            "Rumba-Misc": 0.00727564096451,
            "Samba": 0.0750587359071,
            "Tango": 0.0671624168754,
            "VienneseWaltz": 0.160104304552,
            "Waltz": 0.0216780249029
        },
        "probability": 0.462116092443,
        "value": "Jive"
    },
    "mood_acoustic": {
        "all": {
            "acoustic": 0.0121170151979,
            "not_acoustic": 0.987882971764
        },
        "probability": 0.987882971764,
        "value": "not_acoustic"
    },
    "mood_aggressive": {
        "all": {
            "aggressive": 0.939055025578,
            "not_aggressive": 0.060944981873
        },
        "probability": 0.939055025578,
        "value": "aggressive"
    },
    "mood_electronic": {
        "all": {
            "electronic": 0.0579829998314,
            "not_electronic": 0.942017018795
        },
        "probability": 0.942017018795,
        "value": "not_electronic"
    },
    "mood_happy": {
        "all": {
            "happy": 0.94790571928,
            "not_happy": 0.0520942509174
        },
        "probability": 0.94790571928,
        "value": "happy"
    },
    "mood_party": {
        "all": {
            "not_party": 0.254082202911,
            "party": 0.745917797089
        },
        "probability": 0.745917797089,
        "value": "party"
    },
    "mood_relaxed": {
        "all": {
            "not_relaxed": 0.989906609058,
            "relaxed": 0.0100933937356
        },
        "probability": 0.989906609058,
        "value": "not_relaxed"
    },
    "mood_sad": {
        "all": {
            "not_sad": 0.85807466507,
            "sad": 0.141925349832
        },
        "probability": 0.85807466507,
        "value": "not_sad"
    },
    "moods_mirex": {
        "all": {
            "Cluster1": 0.287214875221,
            "Cluster2": 0.262184858322,
            "Cluster3": 0.238627329469,
            "Cluster4": 0.102231197059,
            "Cluster5": 0.109741739929
        },
        "probability": 0.287214875221,
        "value": "Cluster1"
    },
    "timbre": {
        "all": {
            "bright": 0.938678324223,
            "dark": 0.0613216906786
        },
        "probability": 0.938678324223,
        "value": "bright"
    },
    "tonal_atonal": {
        "all": {
            "atonal": 0.0204250309616,
            "tonal": 0.979574978352
        },
        "probability": 0.979574978352,
        "value": "tonal"
    },
    "voice_instrumental": {
        "all": {
            "instrumental": 0.0100590018556,
            "voice": 0.989941000938
        },
        "probability": 0.989941000938,
        "value": "voice"
    }
},
"lowlevel": {
    "average_loudness": 0.940009236336,
    "barkbands_crest": {
        "dmean": 2.65174031258,
        "dmean2": 4.47618579865,
        "dvar": 8.68164157867,
        "dvar2": 24.8382797241,
        "max": 24.2616462708,
        "mean": 9.20730209351,
        "median": 8.26815032959,
        "min": 2.32482624054,
        "var": 17.4408740997
    },
    "barkbands_flatness_db": {
        "dmean": 0.0183785222471,
        "dmean2": 0.0315604135394,
        "dvar": 0.000436508009443,
        "dvar2": 0.00117690779734,
        "max": 0.323939234018,
        "mean": 0.123668164015,
        "median": 0.111698739231,
        "min": 0.0606530494988,
        "var": 0.00161944329739
    },
    "barkbands_kurtosis": {
        "dmean": 1.46690106392,
        "dmean2": 2.49917054176,
        "dvar": 14.9611988068,
        "dvar2": 33.6235160828,
        "max": 95.3006286621,
        "mean": 0.92995852232,
        "median": -0.17045211792,
        "min": -1.85756957531,
        "var": 30.9579734802
    },
    "barkbands_skewness": {
        "dmean": 0.446763962507,
        "dmean2": 0.745835185051,
        "dvar": 0.351193249226,
        "dvar2": 0.929178118706,
        "max": 8.35415840149,
        "mean": 0.837230026722,
        "median": 0.68229085207,
        "min": -0.712022185326,
        "var": 0.752822399139
    },
    "barkbands_spread": {
        "dmean": 5.40704393387,
        "dmean2": 8.55952835083,
        "dvar": 32.5116996765,
        "dvar2": 70.6574249268,
        "max": 107.755172729,
        "mean": 29.5784816742,
        "median": 29.0519294739,
        "min": 1.5686186552,
        "var": 129.968826294
    },
    "dissonance": {
        "dmean": 0.0150805199519,
        "dmean2": 0.025815602392,
        "dvar": 0.000243973598117,
        "dvar2": 0.000685178674757,
        "max": 0.499867409468,
        "mean": 0.469792068005,
        "median": 0.476414054632,
        "min": 0.324329197407,
        "var": 0.000653516384773
    },
    "dynamic_complexity": 2.04263782501,
    "erbbands_crest": {
        "dmean": 2.60402131081,
        "dmean2": 4.17082691193,
        "dvar": 5.36532735825,
        "dvar2": 13.2583408356,
        "max": 26.3696231842,
        "mean": 9.44926071167,
        "median": 8.39860534668,
        "min": 2.83993816376,
        "var": 18.7531070709
    },
    "erbbands_flatness_db": {
        "dmean": 0.0137862358242,
        "dmean2": 0.0211439654231,
        "dvar": 0.000168867903994,
        "dvar2": 0.000346154876752,
        "max": 0.284702152014,
        "mean": 0.150879219174,
        "median": 0.145188733935,
        "min": 0.0754598006606,
        "var": 0.0012994381832
    },
    "erbbands_kurtosis": {
        "dmean": 0.702297270298,
        "dmean2": 1.13320374489,
        "dvar": 0.913926720619,
        "dvar2": 2.32432699203,
        "max": 18.790605545,
        "mean": 0.444897562265,
        "median": 0.119729995728,
        "min": -1.55215060711,
        "var": 2.12552046776
    },
    "erbbands_skewness": {
        "dmean": 0.293001353741,
        "dmean2": 0.455914974213,
        "dvar": 0.0797648653388,
        "dvar2": 0.183828830719,
        "max": 4.23587656021,
        "mean": 0.15692782402,
        "median": 0.0987415313721,
        "min": -2.25473046303,
        "var": 0.397530138493
    },
    "erbbands_spread": {
        "dmean": 5.89494419098,
        "dmean2": 9.3092212677,
        "dvar": 32.900177002,
        "dvar2": 78.2282104492,
        "max": 100.812522888,
        "mean": 31.6452198029,
        "median": 30.1226844788,
        "min": 7.6908864975,
        "var": 143.400817871
    },
    "hfc": {
        "dmean": 5.64600944519,
        "dmean2": 8.69896793365,
        "dvar": 30.6395244598,
        "dvar2": 72.6339416504,
        "max": 77.5286254883,
        "mean": 32.9882354736,
        "median": 34.3710823059,
        "min": 0.344049692154,
        "var": 237.253814697
    },
    "melbands_crest": {
        "dmean": 3.05660414696,
        "dmean2": 5.15564870834,
        "dvar": 8.7692489624,
        "dvar2": 23.729850769,
        "max": 28.9729938507,
        "mean": 12.9247617722,
        "median": 11.9784812927,
        "min": 3.67812180519,
        "var": 20.5116634369
    },
    "melbands_flatness_db": {
        "dmean": 0.0235418211669,
        "dmean2": 0.0383442603052,
        "dvar": 0.000859505904373,
        "dvar2": 0.00224497751333,
        "max": 0.434264034033,
        "mean": 0.162160634995,
        "median": 0.148016959429,
        "min": 0.0301326848567,
        "var": 0.00258671259508
    },
    "melbands_kurtosis": {
        "dmean": 4.3335018158,
        "dmean2": 7.35412740707,
        "dvar": 113.489494324,
        "dvar2": 266.048919678,
        "max": 240.44960022,
        "mean": 5.96398019791,
        "median": 2.45228242874,
        "min": -1.26669073105,
        "var": 290.950958252
    },
    "melbands_skewness": {
        "dmean": 0.648511528969,
        "dmean2": 1.0769957304,
        "dvar": 0.816525757313,
        "dvar2": 2.19632506371,
        "max": 12.7712945938,
        "mean": 1.77987766266,
        "median": 1.46500694752,
        "min": -0.176092997193,
        "var": 1.81319129467
    },
    "melbands_spread": {
        "dmean": 7.58211898804,
        "dmean2": 12.1828966141,
        "dvar": 64.4215393066,
        "dvar2": 163.804016113,
        "max": 107.867637634,
        "mean": 33.9916191101,
        "median": 33.6242332458,
        "min": 0.948889911175,
        "var": 185.772155762
    },
    "pitch_salience": {
        "dmean": 0.0702135413885,
        "dmean2": 0.118170507252,
        "dvar": 0.00568396737799,
        "dvar2": 0.0162136107683,
        "max": 0.831852734089,
        "mean": 0.507351338863,
        "median": 0.513095080853,
        "min": 0.161884412169,
        "var": 0.00991575419903
    },
    "silence_rate_20dB": {
        "dmean": 0,
        "dmean2": 0,
        "dvar": 0,
        "dvar2": 0,
        "max": 1,
        "mean": 1,
        "median": 1,
        "min": 1,
        "var": 0
    },
    "silence_rate_30dB": {
        "dmean": 0.0030959751457,
        "dmean2": 0.00619674660265,
        "dvar": 0.00308635318652,
        "dvar2": 0.00925675872713,
        "max": 1,
        "mean": 0.998453199863,
        "median": 1,
        "min": 0,
        "var": 0.00154439150356
    },
    "silence_rate_60dB": {
        "dmean": 0.0061919502914,
        "dmean2": 0.0123934932053,
        "dvar": 0.00615346198902,
        "dvar2": 0.0137896994129,
        "max": 1,
        "mean": 0.0100541375577,
        "median": 0,
        "min": 0,
        "var": 0.00995305553079
    },
    "spectral_centroid": {
        "dmean": 220.473510742,
        "dmean2": 335.265380859,
        "dvar": 42992.2070312,
        "dvar2": 92897.375,
        "max": 4111.24462891,
        "mean": 1726.50463867,
        "median": 1706.92211914,
        "min": 263.249755859,
        "var": 224925.0625
    },
    "spectral_complexity": {
        "dmean": 3.83746123314,
        "dmean2": 6.07358646393,
        "dvar": 13.5478754044,
        "dvar2": 29.3137016296,
        "max": 57,
        "mean": 28.6450119019,
        "median": 31,
        "min": 1,
        "var": 99.4989089966
    },
    "spectral_decrease": {
        "dmean": 3.1169897774e-09,
        "dmean2": 5.29594634813e-09,
        "dvar": 2.78232786944e-17,
        "dvar2": 7.77911286815e-17,
        "max": -4.63406174545e-10,
        "mean": -9.12742414982e-09,
        "median": -8.32604918344e-09,
        "min": -3.79460907141e-08,
        "var": 3.37956550659e-17
    },
    "spectral_energy": {
        "dmean": 0.012083966285,
        "dmean2": 0.0204366911203,
        "dvar": 0.000399940938223,
        "dvar2": 0.00111537671182,
        "max": 0.146289601922,
        "mean": 0.0374411121011,
        "median": 0.0346054136753,
        "min": 0.00179433228914,
        "var": 0.000517775886692
    },
    "spectral_energyband_high": {
        "dmean": 0.000322996464092,
        "dmean2": 0.000505376257934,
        "dvar": 1.74840877776e-07,
        "dvar2": 3.71883885464e-07,
        "max": 0.00518639339134,
        "mean": 0.00118879124057,
        "median": 0.0010905690724,
        "min": 2.09561972042e-06,
        "var": 6.37880418708e-07
    },
    "spectral_energyband_low": {
        "dmean": 0.0096926651895,
        "dmean2": 0.0173517968506,
        "dvar": 0.000440510397311,
        "dvar2": 0.00125496869441,
        "max": 0.131700620055,
        "mean": 0.0143799362704,
        "median": 0.00950950942934,
        "min": 3.04282821162e-05,
        "var": 0.000346766988514
    },
    "spectral_energyband_middle_high": {
        "dmean": 0.00255983369425,
        "dmean2": 0.00404764618725,
        "dvar": 6.68397751724e-06,
        "dvar2": 1.78998834599e-05,
        "max": 0.0337557420135,
        "mean": 0.0107427975163,
        "median": 0.0100603615865,
        "min": 7.13429981261e-05,
        "var": 4.1386589146e-05
    },
    "spectral_energyband_middle_low": {
        "dmean": 0.00425873836502,
        "dmean2": 0.00671449722722,
        "dvar": 2.67596078629e-05,
        "dvar2": 6.62381644361e-05,
        "max": 0.055596690625,
        "mean": 0.011871711351,
        "median": 0.00931187160313,
        "min": 4.57543756056e-05,
        "var": 7.98819237389e-05
    },
    "spectral_entropy": {
        "dmean": 0.100978463888,
        "dmean2": 0.150489926338,
        "dvar": 0.0138154886663,
        "dvar2": 0.0262910798192,
        "max": 8.48418426514,
        "mean": 7.75150156021,
        "median": 7.81876707077,
        "min": 6.07655286789,
        "var": 0.105474382639
    },
    "spectral_flux": {
        "dmean": 0.0288442745805,
        "dmean2": 0.0450385175645,
        "dvar": 0.00131506694015,
        "dvar2": 0.00250486354344,
        "max": 0.323049724102,
        "mean": 0.100389152765,
        "median": 0.0891786515713,
        "min": 0.00756207294762,
        "var": 0.00260300282389
    },
    "spectral_kurtosis": {
        "dmean": 1.00451242924,
        "dmean2": 1.70048224926,
        "dvar": 1.3831987381,
        "dvar2": 3.7012052536,
        "max": 18.5216503143,
        "mean": 3.77810311317,
        "median": 3.63727140427,
        "min": -0.277448892593,
        "var": 2.66365242004
    },
    "spectral_rms": {
        "dmean": 0.000867944094352,
        "dmean2": 0.00141696899664,
        "dvar": 1.43641307204e-06,
        "dvar2": 3.86327701563e-06,
        "max": 0.011946612969,
        "mean": 0.00578518165275,
        "median": 0.00581045402214,
        "min": 0.00132309040055,
        "var": 3.05962612401e-06
    },
    "spectral_rolloff": {
        "dmean": 439.497375488,
        "dmean2": 741.470336914,
        "dvar": 419391.34375,
        "dvar2": 891473.8125,
        "max": 9259.27734375,
        "mean": 1775.69641113,
        "median": 1679.58984375,
        "min": 107.666015625,
        "var": 1035917.1875
    },
    "spectral_skewness": {
        "dmean": 0.156905815005,
        "dmean2": 0.253858059645,
        "dvar": 0.0249310005456,
        "dvar2": 0.0628920570016,
        "max": 2.52687096596,
        "mean": 1.41200220585,
        "median": 1.4327480793,
        "min": 0.320319771767,
        "var": 0.0771949067712
    },
    "spectral_spread": {
        "dmean": 379135.09375,
        "dmean2": 558487.625,
        "dvar": 191807520768,
        "dvar2": 336787963904,
        "max": 9353855,
        "mean": 4423915.5,
        "median": 4275003.5,
        "min": 2240134.75,
        "var": 947434553344
    },
    "spectral_strongpeak": {
        "dmean": 0.940247833729,
        "dmean2": 1.68478608131,
        "dvar": 1.8514688015,
        "dvar2": 4.79565429688,
        "max": 9.64319038391,
        "mean": 1.39374732971,
        "median": 0.516671478748,
        "min": 0,
        "var": 2.56135869026
    },
    "zerocrossingrate": {
        "dmean": 0.00831665378064,
        "dmean2": 0.0100194104016,
        "dvar": 7.8381082858e-05,
        "dvar2": 9.17233555811e-05,
        "max": 0.21923828125,
        "mean": 0.0692241564393,
        "median": 0.06787109375,
        "min": 0.00634765625,
        "var": 0.000593744858634
    },
    "barkbands": {
        "dmean": [0.000184336429811, 0.0080866003409, 0.00214766478166, 0.00105247169267, 0.000889664399438, 0.000862485496327, 0.000656338350382, 0.00170277291909, 0.00123808439821, 0.000436044618255, 0.000516135478392, 0.00098760065157, 0.000741435098462, 0.000849752512295, 0.00051792798331, 0.000642704195343, 0.000279832980596, 0.000204203097383, 0.000187742611161, 0.000272006553132, 0.000121516481158, 8.58327111928e-05, 4.53779975942e-05, 4.73651853099e-05, 5.08015764353e-05, 1.74740616785e-05, 2.50545673097e-09],
        "dmean2": [0.000296722457279, 0.0146586345509, 0.0038031518925, 0.00171671272255, 0.00145942193922, 0.00138721184339, 0.00105170917232, 0.00264061498456, 0.0018704275135, 0.000684305734467, 0.000818407861516, 0.00156513671391, 0.0012437304249, 0.00141572218854, 0.000866663351189, 0.00101037835702, 0.000449017301435, 0.00034190210863, 0.000306711823214, 0.000423574150773, 0.000197179091629, 0.000139706680784, 6.95313356118e-05, 6.94941991242e-05, 7.59238755563e-05, 2.66718543571e-05, 4.47754144872e-09],
        "dvar": [1.06318715609e-07, 0.000316123623634, 2.07653538382e-05, 4.80640710521e-06, 1.65076653502e-06, 2.25222765948e-06, 1.45623164372e-06, 1.04344626379e-05, 5.69598796574e-06, 4.11484677443e-07, 1.07010214379e-06, 2.26804149861e-06, 1.32176080569e-06, 1.8090430558e-06, 7.14553891612e-07, 6.95977121268e-07, 1.39334531468e-07, 8.18282188675e-08, 5.14768814242e-08, 1.31351640675e-07, 2.87117085662e-08, 1.07552100559e-08, 4.07351885556e-09, 1.00706811779e-08, 6.70761002297e-09, 6.39486019693e-10, 5.33199961107e-17],
        "dvar2": [2.54254530319e-07, 0.000909668335225, 5.93322438363e-05, 1.20686381706e-05, 4.32532033301e-06, 5.67555434827e-06, 3.39665211868e-06, 2.51256660704e-05, 1.30237913254e-05, 9.78957928055e-07, 2.36540563492e-06, 5.95417759541e-06, 3.59624368684e-06, 4.7763069233e-06, 1.771265147e-06, 1.66694678683e-06, 3.46247475136e-07, 2.08444632221e-07, 1.18768525681e-07, 2.85382782295e-07, 7.12793877256e-08, 2.58929748753e-08, 8.95097773679e-09, 2.19298623705e-08, 1.38945104311e-08, 1.49873136124e-09, 1.51787192417e-16],
        "max": [0.00242237281054, 0.109350398183, 0.0399048253894, 0.0195134654641, 0.015179656446, 0.0228661037982, 0.018008377403, 0.0375101007521, 0.0472616888583, 0.00823432113975, 0.021419076249, 0.0231613367796, 0.0125357750803, 0.0172349214554, 0.014541300945, 0.0110126556829, 0.00721915857866, 0.00399978552014, 0.00494531355798, 0.00449042068794, 0.0026568765752, 0.00119522050954, 0.000927760032937, 0.00184379471466, 0.00113874359522, 0.000319358659908, 1.10987315338e-07],
        "mean": [0.000206512733712, 0.0100458310917, 0.00351210637018, 0.00120015989523, 0.00149070075713, 0.00146745808888, 0.00108531629667, 0.00328695611097, 0.00313299940899, 0.000894917408004, 0.000863919849508, 0.00166309531778, 0.00137752422597, 0.00166009494569, 0.00110788980965, 0.00144707784057, 0.000572321470827, 0.000430815998698, 0.000434662826592, 0.000643703737296, 0.000302158325212, 0.000218247019802, 0.000114608388685, 0.000112603855086, 0.000127549588797, 4.19215284637e-05, 1.92691107515e-09],
        "median": [8.67796843522e-05, 0.00479997089133, 0.00215614610352, 0.000407333136536, 0.000942917249631, 0.000786615360994, 0.000514829065651, 0.000915402255487, 0.000807680131402, 0.000563608657103, 0.000385172461392, 0.00094948586775, 0.000707968312781, 0.000821653171442, 0.000584350083955, 0.00092952104751, 0.000417298753746, 0.00033169798553, 0.000340791943017, 0.000463656760985, 0.000255130318692, 0.000189236277947, 7.74777363404e-05, 7.93795552454e-05, 9.29425586946e-05, 3.05270696117e-05, 5.37365263398e-10],
        "min": [1.21431028788e-07, 3.14275416713e-06, 3.13986311085e-06, 1.50209558569e-07, 8.81683445186e-06, 1.82944881999e-06, 1.40854325537e-07, 8.72132204677e-07, 1.52926617147e-07, 9.74288695943e-07, 2.60590979906e-07, 1.05507274384e-06, 2.16383364204e-06, 3.90534933103e-06, 8.7351673983e-07, 6.70013491799e-07, 9.06130026124e-07, 6.76714478232e-07, 7.10845824869e-07, 1.23485074255e-06, 2.54403573763e-07, 3.09724214276e-07, 5.63685311761e-08, 2.67182684865e-08, 2.49412028808e-08, 1.54441834321e-10, 8.29253332668e-12],
        "var": [1.19225759931e-07, 0.00024459688575, 1.85825265362e-05, 5.19813966093e-06, 2.59328203356e-06, 3.78233903575e-06, 3.15559350383e-06, 3.08529852191e-05, 3.42625971825e-05, 1.12162638288e-06, 2.64131426775e-06, 4.46027797807e-06, 3.41673694493e-06, 4.69480664833e-06, 2.62736421064e-06, 2.47788375418e-06, 3.60884200745e-07, 1.64398173297e-07, 1.63564735089e-07, 4.00223683528e-07, 6.71365683047e-08, 2.7433424421e-08, 1.2114954373e-08, 2.19756088882e-08, 1.67107856441e-08, 1.62442748142e-09, 3.33218724808e-17]
    },
    "erbbands": {
        "dmean": [0.178514018655, 1.99377894402, 3.07518219948, 2.51191115379, 3.09044265747, 2.82170701027, 6.22848129272, 7.34432506561, 8.44601917267, 19.2538967133, 34.1516265869, 27.3724308014, 18.7941570282, 11.7983560562, 29.2894458771, 29.5013008118, 32.7530174255, 36.2961425781, 33.7997512817, 24.7506484985, 37.892578125, 15.2495422363, 9.95796203613, 9.33555221558, 10.4783573151, 13.3065814972, 5.49339723587, 4.55046510696, 3.39393138885, 1.67841696739, 1.39159464836, 0.987870335579, 0.857721030712, 0.702037334442, 0.316358655691, 0.110000148416, 0.0309183485806, 0.00346676330082, 5.94148332311e-05, 1.43763518281e-05],
        "dmean2": [0.317054331303, 3.62663459778, 5.50043106079, 4.14096403122, 5.18007850647, 4.71581220627, 10.1608629227, 11.8506240845, 14.0095405579, 29.1653022766, 52.7944297791, 41.6666603088, 28.8707752228, 18.7486991882, 45.804649353, 46.3036499023, 54.700214386, 59.6187553406, 54.7243652344, 39.6840896606, 59.0989837646, 24.2733058929, 16.8554458618, 15.2879419327, 16.6188964844, 20.8338489532, 8.85254001617, 7.27885150909, 5.53114652634, 2.61127758026, 2.1773712635, 1.55559849739, 1.26353049278, 1.06271648407, 0.479357391596, 0.167848780751, 0.048362929374, 0.00560251250863, 9.28841473069e-05, 2.37235599343e-05],
        "dvar": [0.112663812935, 21.0704975128, 51.2775421143, 17.7280769348, 45.4741821289, 16.8563175201, 90.6855392456, 203.769805908, 258.321350098, 1107.39160156, 3824.45629883, 2896.65283203, 965.422424316, 293.886810303, 2015.66003418, 2093.94726562, 2834.88208008, 4086.16186523, 2538.77368164, 1292.01525879, 2720.30639648, 385.219604492, 166.706771851, 157.04864502, 156.489944458, 396.483306885, 81.8458709717, 32.9368247986, 17.5206871033, 4.46612024307, 4.68356180191, 3.39324092865, 3.74446797371, 1.9793766737, 0.180638641119, 0.0241600256413, 0.00192879722454, 2.96400758089e-05, 7.83818343564e-09, 4.53253767851e-10],
        "dvar2": [0.314522743225, 61.2296485901, 145.630050659, 44.7546463013, 115.820014954, 43.8802833557, 225.619018555, 522.792480469, 635.535095215, 2567.25683594, 9545.60839844, 6202.5859375, 2230.38208008, 691.92010498, 4902.19091797, 5465.27734375, 7789.26855469, 11585.1972656, 6241.66601562, 2854.68994141, 6510.32470703, 988.408996582, 430.489837646, 363.021118164, 363.661651611, 896.136108398, 199.197143555, 78.1296691895, 42.3308181763, 10.3791360855, 10.8084468842, 8.53033828735, 7.39774513245, 4.15648603439, 0.407124340534, 0.0570596680045, 0.00468563660979, 7.28616359993e-05, 1.87740951674e-08, 1.24731813766e-09],
        "max": [2.18495464325, 27.9253101349, 50.8623390198, 37.0640411377, 58.1111526489, 54.1905860901, 118.607215881, 237.812011719, 289.447296143, 335.191497803, 1020.32403564, 1100.5559082, 521.28717041, 268.870422363, 707.712585449, 798.52142334, 615.594909668, 867.145385742, 680.280578613, 543.461791992, 659.540222168, 217.430328369, 152.659454346, 259.283203125, 194.807418823, 278.408630371, 152.781173706, 70.7134628296, 49.1306610107, 20.3500137329, 33.1041412354, 42.7604866028, 30.3790588379, 20.6571979523, 5.38060331345, 2.00921916962, 0.428467839956, 0.0559727288783, 0.000939248653594, 0.00016561645316],
        "mean": [0.232701092958, 2.4148004055, 4.70339775085, 3.8471622467, 3.63607978821, 4.79361248016, 10.6279325485, 12.4004592896, 13.2292842865, 36.57447052, 73.1995697021, 70.4283370972, 41.1857376099, 27.6946601868, 55.4011383057, 54.4507141113, 64.7061843872, 70.8966827393, 75.3850860596, 55.9654197693, 84.3810195923, 35.4282455444, 22.7695808411, 23.1515712738, 26.1191482544, 31.7694168091, 13.7602033615, 11.8878622055, 8.67726135254, 4.29563713074, 3.34291553497, 2.42945814133, 1.91934657097, 1.5547503233, 0.769447445869, 0.258149504662, 0.0687757655978, 0.00574345653877, 0.000135423892061, 5.2337643865e-05],
        "median": [0.127308532596, 1.07998979092, 2.83062839508, 2.54001522064, 1.50861549377, 3.08334827423, 6.58306980133, 6.01483535767, 7.36332511902, 14.5027074814, 25.5047187805, 20.5956611633, 22.4889259338, 18.143196106, 32.1691093445, 35.6842651367, 34.26304245, 41.6399307251, 46.9806251526, 41.3300628662, 50.4302330017, 26.2180557251, 18.7711238861, 17.4872055054, 20.6854400635, 22.1978378296, 11.153216362, 9.94076251984, 7.29323244095, 3.24487090111, 2.25214266777, 1.7929930687, 1.24551665783, 1.03124976158, 0.568315029144, 0.18731148541, 0.0514338389039, 0.003158592619, 9.51838082983e-05, 5.04807539983e-05],
        "min": [8.28090123832e-05, 0.000927547109313, 0.00514836190268, 0.00883703213185, 0.003332544351, 0.0282844249159, 0.0337882637978, 0.0267801228911, 0.0254794638604, 0.0495645813644, 0.0292698815465, 0.0872668921947, 0.0562346242368, 0.0478035025299, 0.0697703883052, 0.0844939574599, 0.148255601525, 0.176668524742, 0.108832605183, 0.0334700904787, 0.0513508617878, 0.0577183254063, 0.0384937077761, 0.0409630723298, 0.0280217770487, 0.0664857327938, 0.022160699591, 0.0151618551463, 0.0156534779817, 0.00280059315264, 0.00161168328486, 0.000934144482017, 0.000397798023187, 0.000346936401911, 0.00012676215556, 4.74555818073e-05, 4.3011696107e-06, 5.93833021867e-07, 1.03107026916e-06, 2.03275294552e-06],
        "var": [0.104611836374, 15.4309558868, 39.141456604, 21.7352790833, 45.0008735657, 29.9090690613, 151.425567627, 334.848419189, 474.196350098, 2792.3527832, 13005.4755859, 17764.0820312, 3264.88867188, 930.916564941, 4902.10888672, 3800.46557617, 7692.9375, 8054.94140625, 7196.49414062, 3258.75952148, 9333.65820312, 1058.88452148, 360.340789795, 521.505615234, 491.359039307, 1073.43774414, 167.710647583, 91.7284088135, 44.3160400391, 12.4701070786, 11.5620832443, 7.26286363602, 8.26664733887, 3.99461221695, 0.502163410187, 0.059846829623, 0.00444117886946, 4.98680456076e-05, 1.63203903725e-08, 7.56449902717e-10]
    },
    "gfcc": {
        "mean": [48.3178520203, 82.8131408691, -130.690200806, 35.6011505127, -52.278629303, 26.4450950623, -31.7365055084, 19.1057376862, -20.8674354553, 16.7649612427, -17.3745174408, -1.04911971092, -8.71758556366],
        "cov": [[2604.3449707, -547.838012695, -2.19209003448, -180.049026489, 83.6437911987, 76.9105148315, -289.935699463, 176.013961792, -226.437545776, -38.2169647217, -223.850570679, 137.784484863, -147.313522339], [-547.838012695, 604.979370117, -89.079208374, 27.3999099731, 90.7313766479, -84.5433502197, 142.452713013, -63.4657516479, 88.4930877686, -48.6775360107, 94.7816772461, -35.6136398315, 61.3836669922], [-2.19209003448, -89.079208374, 303.898376465, 55.8092880249, -21.0068683624, 75.7182922363, -38.4326629639, 15.5555057526, -18.3128089905, -3.45854949951, -9.18446922302, 35.1325416565, -22.3267364502], [-180.049026489, 27.3999099731, 55.8092880249, 178.027664185, 43.8501052856, 22.5923461914, 28.7764663696, -21.5632324219, 27.3837585449, -5.99031209946, 32.048866272, -27.5913581848, 37.4738616943], [83.6437911987, 90.7313766479, -21.0068683624, 43.8501052856, 180.810211182, 39.8493843079, 12.7398080826, 15.5434474945, -6.20978736877, -24.9869804382, 2.89518165588, 7.25012683868, 16.2901592255], [76.9105148315, -84.5433502197, 75.7182922363, 22.5923461914, 39.8493843079, 128.291015625, 4.93800115585, 20.4398536682, -21.9366855621, -9.30121612549, 3.44867444038, 16.0618228912, -8.70999240875], [-289.935699463, 142.452713013, -38.4326629639, 28.7764663696, 12.7398080826, 4.93800115585, 164.24848938, 15.2905921936, 71.7360839844, 28.0621833801, 32.2270355225, -34.2916755676, 17.3544406891], [176.013961792, -63.4657516479, 15.5555057526, -21.5632324219, 15.5434474945, 20.4398536682, 15.2905921936, 92.9390640259, 19.5742530823, 11.5057058334, -25.932352066, 3.7390859127, -10.0399608612], [-226.437545776, 88.4930877686, -18.3128089905, 27.3837585449, -6.20978736877, -21.9366855621, 71.7360839844, 19.5742530823, 144.638153076, 65.3349761963, 15.3638477325, -58.5223731995, -6.23599004745], [-38.2169647217, -48.6775360107, -3.45854949951, -5.99031209946, -24.9869804382, -9.30121612549, 28.0621833801, 11.5057058334, 65.3349761963, 124.71031189, 18.1060314178, -38.5916137695, -21.5613117218], [-223.850570679, 94.7816772461, -9.18446922302, 32.048866272, 2.89518165588, 3.44867444038, 32.2270355225, -25.932352066, 15.3638477325, 18.1060314178, 90.9701766968, 4.27263832092, 20.0020179749], [137.784484863, -35.6136398315, 35.1325416565, -27.5913581848, 7.25012683868, 16.0618228912, -34.2916755676, 3.7390859127, -58.5223731995, -38.5916137695, 4.27263832092, 106.374282837, 21.5249156952], [-147.313522339, 61.3836669922, -22.3267364502, 37.4738616943, 16.2901592255, -8.70999240875, 17.3544406891, -10.0399608612, -6.23599004745, -21.5613117218, 20.0020179749, 21.5249156952, 79.5222930908]],
        "icov": [[0.000993620371446, -0.000402680394473, 0.000879877014086, -0.000797308108304, -2.0727971787e-05, -0.000564526824746, 0.00137934507802, -0.00195704284124, 0.00138463219628, -0.00115551380441, 0.00185898772907, -0.00143248063978, 0.00188399537001], [-0.000402680394473, 0.00654771877453, -0.00242347246967, 0.00447031715885, -0.00472693843767, 0.00531529542059, -0.00483492342755, 0.00495162140578, -0.00449301395565, 0.00640428019688, -0.0065219188109, 0.00322243873961, -0.00320408516563], [0.000879877014086, -0.00242347246967, 0.00673696305603, -0.005066675134, 0.00326237012632, -0.00482500344515, 0.00365906558, -0.00380589766428, 0.00203427742235, -0.00328985671513, 0.00433780020103, -0.00489151477814, 0.00480439001694], [-0.000797308108304, 0.00447031715885, -0.005066675134, 0.0132975066081, -0.00541800586507, 0.0031511457637, -0.00400454737246, 0.00643641455099, -0.00508857378736, 0.00603056699038, -0.00735240522772, 0.00741062266752, -0.00839539151639], [-2.0727971787e-05, -0.00472693843767, 0.00326237012632, -0.00541800586507, 0.0106367859989, -0.00617468263954, 0.00323604186997, -0.00454840110615, 0.00277362950146, -0.00331941596232, 0.0044709588401, -0.00287335389294, 0.0019144192338], [-0.000564526824746, 0.00531529542059, -0.00482500344515, 0.0031511457637, -0.00617468263954, 0.015650620684, -0.00577957043424, 0.00220742891543, -0.00122853682842, 0.00526537327096, -0.00696519715711, 0.00278329243883, -0.00113936362322], [0.00137934507802, -0.00483492342755, 0.00365906558, -0.00400454737246, 0.00323604186997, -0.00577957043424, 0.0139373438433, -0.00711575197056, 0.00067962781759, -0.00505845062435, 0.0038558698725, -0.00234119710512, 0.00231143040583], [-0.00195704284124, 0.00495162140578, -0.00380589766428, 0.00643641455099, -0.00454840110615, 0.00220742891543, -0.00711575197056, 0.0211162623018, -0.00812127068639, 0.00491382647306, -0.00253866333514, 0.00259441672824, -0.00552502647042], [0.00138463219628, -0.00449301395565, 0.00203427742235, -0.00508857378736, 0.00277362950146, -0.00122853682842, 0.00067962781759, -0.00812127068639, 0.017939357087, -0.0097424229607, 0.00540750753134, 0.000436372094555, 0.00441286433488], [-0.00115551380441, 0.00640428019688, -0.00328985671513, 0.00603056699038, -0.00331941596232, 0.00526537327096, -0.00505845062435, 0.00491382647306, -0.0097424229607, 0.0189830679446, -0.0107550658286, 0.00638610636815, -0.00250893435441], [0.00185898772907, -0.0065219188109, 0.00433780020103, -0.00735240522772, 0.0044709588401, -0.00696519715711, 0.0038558698725, -0.00253866333514, 0.00540750753134, -0.0107550658286, 0.0241571329534, -0.00857311394066, 0.00407223263755], [-0.00143248063978, 0.00322243873961, -0.00489151477814, 0.00741062266752, -0.00287335389294, 0.00278329243883, -0.00234119710512, 0.00259441672824, 0.000436372094555, 0.00638610636815, -0.00857311394066, 0.0196613166481, -0.00967441685498], [0.00188399537001, -0.00320408516563, 0.00480439001694, -0.00839539151639, 0.0019144192338, -0.00113936362322, 0.00231143040583, -0.00552502647042, 0.00441286433488, -0.00250893435441, 0.00407223263755, -0.00967441685498, 0.0233847219497]]
    },
    "melbands": {
        "dmean": [0.00198168121278, 0.00200384599157, 0.000467383099021, 0.00018914451357, 0.000200892405701, 0.00016349334328, 0.000129322550492, 0.000269129581284, 0.00026453557075, 0.000171034684172, 9.73711066763e-05, 5.00742207805e-05, 9.01754465303e-05, 0.000127094535856, 5.6556884374e-05, 8.27424737508e-05, 7.16611684766e-05, 6.64994659019e-05, 3.77694159397e-05, 3.40125552611e-05, 4.84521806356e-05, 1.8202168576e-05, 1.03931379272e-05, 1.08408448796e-05, 8.17458021629e-06, 7.36846550353e-06, 1.08035947051e-05, 9.10996732273e-06, 3.9207016016e-06, 3.13970349453e-06, 2.84042675958e-06, 2.27837881539e-06, 1.50739765559e-06, 8.95166067494e-07, 8.7322229092e-07, 7.8351126831e-07, 6.27471422376e-07, 6.09870710377e-07, 7.55479391046e-07, 5.99283623615e-07],
        "dmean2": [0.00358043587767, 0.00358772231266, 0.000766670447774, 0.000315566809149, 0.000327803165419, 0.000263312686002, 0.000212275917875, 0.00041174449143, 0.000406600214774, 0.000261523324298, 0.000150181862409, 7.94130610302e-05, 0.000141891199746, 0.000199385205633, 9.11154638743e-05, 0.000140196993016, 0.000115890426969, 0.000107984131319, 6.10008828517e-05, 5.47388917767e-05, 7.59493050282e-05, 2.881556793e-05, 1.75917666638e-05, 1.78845020855e-05, 1.34176843858e-05, 1.20303038784e-05, 1.70938910742e-05, 1.44290906974e-05, 6.50227275401e-06, 5.09673509441e-06, 4.51307823823e-06, 3.71142073163e-06, 2.48008791459e-06, 1.3924607174e-06, 1.39749829486e-06, 1.22455685414e-06, 9.94526885734e-07, 9.26939890178e-07, 1.15436364467e-06, 9.28177485093e-07],
        "dvar": [1.6687781681e-05, 2.2286989406e-05, 7.23084554011e-07, 8.80928681113e-08, 8.93555096582e-08, 9.42435605111e-08, 5.74095579964e-08, 2.33783907788e-07, 2.08604092222e-07, 1.11226967192e-07, 2.59934260782e-08, 5.19870146931e-09, 2.62437094278e-08, 4.12655154491e-08, 8.10508460347e-09, 1.95654781265e-08, 1.47085810198e-08, 9.78490000136e-09, 3.69695452029e-09, 2.405995847e-09, 4.66765648355e-09, 6.24022333806e-10, 1.72474923232e-10, 2.54477744432e-10, 1.2701099894e-10, 7.5650465059e-11, 2.13559475659e-10, 1.8080101305e-10, 4.26170695955e-11, 2.15825534527e-11, 1.3016356222e-11, 8.11261995082e-12, 4.22564630856e-12, 1.32369224089e-12, 1.84202804919e-12, 1.63205050602e-12, 1.41887944536e-12, 1.57635482358e-12, 3.57248041913e-12, 1.10383252018e-12],
        "dvar2": [4.8076006351e-05, 6.38647907181e-05, 1.8214064994e-06, 2.22843411279e-07, 2.27323283752e-07, 2.41598257844e-07, 1.39442590807e-07, 5.47421791453e-07, 5.16093791703e-07, 2.65538432132e-07, 6.02290413099e-08, 1.24230323806e-08, 5.87362514182e-08, 1.07904369884e-07, 1.95935889735e-08, 5.44749809706e-08, 3.95025487876e-08, 2.38419399778e-08, 8.17718337487e-09, 5.63380808671e-09, 1.11531637259e-08, 1.58957957908e-09, 4.55023213553e-10, 6.4914268405e-10, 2.9438579352e-10, 1.82314593977e-10, 4.45131431714e-10, 4.1624181879e-10, 1.01102085037e-10, 5.47982596799e-11, 3.17808869499e-11, 1.94193324615e-11, 1.10911887313e-11, 3.10164285748e-12, 4.207603016e-12, 4.30137002405e-12, 3.60608591599e-12, 3.16758381677e-12, 7.58922178573e-12, 2.45967590913e-12],
        "max": [0.0262115672231, 0.0307895094156, 0.00721933599561, 0.00270702666603, 0.00325080007315, 0.00503278104588, 0.00425344379619, 0.00481944577768, 0.00764672271907, 0.00591441849247, 0.00267421361059, 0.00112276326399, 0.00329060736112, 0.00347596150823, 0.00130171619821, 0.00163372734096, 0.00154586741701, 0.00131256575696, 0.00140567368362, 0.00105594389606, 0.000768121972214, 0.000337217119522, 0.000154988840222, 0.000230222300161, 0.000243133545155, 0.000150219959323, 0.000208085082704, 0.00019069215341, 9.88253959804e-05, 7.31181789888e-05, 4.39781688328e-05, 3.4275217331e-05, 2.21008722292e-05, 1.29234695123e-05, 1.80840415851e-05, 2.57526153291e-05, 2.57080355368e-05, 1.86525085155e-05, 2.91078558803e-05, 1.45422300193e-05],
        "mean": [0.00249748304486, 0.0028352024965, 0.000693377223797, 0.000277775950963, 0.000353122246452, 0.000274188671028, 0.00020393061277, 0.000513059843797, 0.000598627550062, 0.000425301899668, 0.000202466835617, 0.000110187611426, 0.000165614299476, 0.000206698518014, 0.000103873251646, 0.000152442022227, 0.000132667541038, 0.000134588422952, 8.1034078903e-05, 7.55211731303e-05, 0.000100422257674, 3.6403642298e-05, 2.08564888453e-05, 2.19588582695e-05, 1.81162868103e-05, 1.66209283634e-05, 2.36945688812e-05, 2.00901613425e-05, 8.60724321683e-06, 7.16292288416e-06, 6.68535994919e-06, 5.37965570402e-06, 3.30163834406e-06, 2.02922751669e-06, 1.903239081e-06, 1.77846993665e-06, 1.35867401241e-06, 1.27649332171e-06, 1.44104922128e-06, 1.27460339172e-06],
        "median": [0.00137321650982, 0.00176621531136, 0.000423058780143, 0.000166163401445, 0.000224797724513, 0.000134635090944, 0.000112425179395, 0.000175708380993, 0.000204902229598, 0.000111776978883, 0.000104958417069, 6.83637263137e-05, 9.03726104298e-05, 0.000107116167783, 6.19597485638e-05, 7.45091674617e-05, 6.75728078932e-05, 7.70853075664e-05, 4.09411513829e-05, 5.68434043089e-05, 5.53729114472e-05, 2.42373171204e-05, 1.73670196091e-05, 1.52628617798e-05, 1.27330786199e-05, 1.32601680889e-05, 1.62037704285e-05, 1.33356325023e-05, 6.54975929137e-06, 5.65624122828e-06, 5.30286706635e-06, 4.25157259087e-06, 2.70268355962e-06, 1.34294373311e-06, 1.24347980091e-06, 1.25115332139e-06, 9.71626036517e-07, 7.79104823323e-07, 9.40185429954e-07, 8.30547605801e-07],
        "min": [8.66551886247e-07, 1.80556560281e-06, 1.48159131186e-06, 4.16399359437e-07, 1.36686560381e-06, 3.32330841957e-07, 3.42345032323e-08, 1.71257866555e-07, 1.92191208725e-07, 1.42945282278e-07, 2.1964831376e-07, 1.73328203346e-07, 4.64474041451e-08, 1.10458117319e-07, 3.31506242901e-07, 1.75443503281e-07, 2.86525533966e-07, 1.97171274863e-07, 6.59504308942e-08, 3.79226108294e-08, 4.90888574234e-08, 6.24829965545e-08, 1.26599086769e-08, 3.06676390949e-08, 3.36351035912e-08, 2.45230040719e-08, 2.14784368069e-08, 3.28382760983e-08, 1.66163101056e-08, 4.15661283171e-09, 7.2749899438e-09, 1.02599786445e-08, 2.91389690155e-09, 7.51033568669e-10, 8.99135765842e-10, 9.34605948189e-10, 4.64384947163e-10, 9.42147054817e-11, 2.63805755019e-10, 2.79407247339e-10],
