{
"highlevel": {
    "danceability": {
        "all": {
            "danceable": 0.665777385235,
            "not_danceable": 0.334222584963
        },
        "probability": 0.665777385235,
        "value": "danceable"
    },
    "gender": {
        "all": {
            "female": 0.187393113971,
            "male": 0.812606871128
        },
        "probability": 0.812606871128,
        "value": "male"
    },
    "genre_dortmund": {
        "all": {
            "alternative": 0.27207377553,
            "blues": 0.0174806583673,
            "electronic": 0.0209557581693,
            "folkcountry": 0.285241216421,
            "funksoulrnb": 0.00693202391267,
            "jazz": 0.0575498454273,
            "pop": 0.0960025340319,
            "raphiphop": 0.0026878491044,
            "rock": 0.241076335311
        },
        "probability": 0.285241216421,
        "value": "folkcountry"
    },
    "genre_electronic": {
        "all": {
            "ambient": 0.622536838055,
            "dnb": 0.0917506814003,
            "house": 0.0971809327602,
            "techno": 0.0229343678802,
            "trance": 0.165597215295
        },
        "probability": 0.622536838055,
        "value": "ambient"
    },
    "genre_rosamerica": {
        "all": {
            "cla": 0.0181118287146,
            "dan": 0.158142581582,
            "hip": 0.0253394749016,
            "jaz": 0.0542293079197,
            "pop": 0.191189169884,
            "rhy": 0.123398214579,
            "roc": 0.411192774773,
            "spe": 0.018396647647
        },
        "probability": 0.411192774773,
        "value": "roc"
    },
    "genre_tzanetakis": {
        "all": {
            "blu": 0.0626541376114,
            "cla": 0.0348133966327,
            "cou": 0.0783501937985,
            "dis": 0.104547761381,
            "hip": 0.15693578124,
            "jaz": 0.313987255096,
            "met": 0.044816005975,
            "pop": 0.0627349764109,
            "reg": 0.0627352520823,
            "roc": 0.0784252434969
        },
        "probability": 0.313987255096,
        "value": "jaz"
    },
    "ismir04_rhythm": {
        "all": {
            "ChaChaCha": 0.185776308179,
            "Jive": 0.13643604517,
            "Quickstep": 0.076096214354,
            "Rumba-American": 0.0470209866762,
            "Rumba-International": 0.217670872808,
            "Rumba-Misc": 0.0263766143471,
            "Samba": 0.0992100536823,
            "Tango": 0.0609598942101,
            "VienneseWaltz": 0.124835215509,
            "Waltz": 0.0256177801639
        },
        "probability": 0.217670872808,
        "value": "Rumba-International"
    },
    "mood_acoustic": {
        "all": {
            "acoustic": 0.873378396034,
            "not_acoustic": 0.126621603966
        },
        "probability": 0.873378396034,
        "value": "acoustic"
    },
    "mood_aggressive": {
        "all": {
            "aggressive": 0.0108782229945,
            "not_aggressive": 0.989121794701
        },
        "probability": 0.989121794701,
        "value": "not_aggressive"
    },
    "mood_electronic": {
        "all": {
            "electronic": 0.104841269553,
            "not_electronic": 0.895158708096
        },
        "probability": 0.895158708096,
        "value": "not_electronic"
    },
    "mood_happy": {
        "all": {
            "happy": 0.5,
            "not_happy": 0.5
        },
        "probability": 0.5,
        "value": "happy"
    },
    "mood_party": {
        "all": {
            "not_party": 0.938759744167,
            "party": 0.061240259558
        },
        "probability": 0.938759744167,
        "value": "not_party"
    },
    "mood_relaxed": {
        "all": {
            "not_relaxed": 0.16642318666,
            "relaxed": 0.833576798439
        },
        "probability": 0.833576798439,
        "value": "relaxed"
    },
    "mood_sad": {
        "all": {
            "not_sad": 0.306266188622,
            "sad": 0.693733811378
        },
        "probability": 0.693733811378,
        "value": "sad"
    },
    "moods_mirex": {
        "all": {
            "Cluster1": 0.286377072334,
            "Cluster2": 0.157439440489,
            "Cluster3": 0.280641645193,
            "Cluster4": 0.0562471039593,
            "Cluster5": 0.219294711947
        },
        "probability": 0.286377072334,
        "value": "Cluster1"
    },
    "timbre": {
        "all": {
            "bright": 0.999999940395,
            "dark": 3.24194893153e-08
        },
        "probability": 0.999999940395,
        "value": "bright"
    },
    "tonal_atonal": {
        "all": {
            "atonal": 0.00047868071124,
            "tonal": 0.999521315098
        },
        "probability": 0.999521315098,
        "value": "tonal"
    },
    "voice_instrumental": {
        "all": {
            "instrumental": 0.0331398360431,
            "voice": 0.966860175133
        },
        "probability": 0.966860175133,
        "value": "voice"
    }
},
"lowlevel": {
    "average_loudness": 0.986008107662,
    "barkbands_crest": {
        "dmean": 2.46166133881,
        "dmean2": 4.03896474838,
        "dvar": 4.89812421799,
        "dvar2": 12.5267648697,
        "max": 23.1940498352,
        "mean": 10.4809026718,
        "median": 9.79916191101,
        "min": 3.32066345215,
        "var": 16.293680191
    },
    "barkbands_flatness_db": {
        "dmean": 0.0218933355063,
        "dmean2": 0.0361042693257,
        "dvar": 0.00042578560533,
        "dvar2": 0.00111055176239,
        "max": 0.349271923304,
        "mean": 0.175543546677,
        "median": 0.17073456943,
        "min": 0.0647130087018,
        "var": 0.00184455269482
    },
    "barkbands_kurtosis": {
        "dmean": 4.89218425751,
        "dmean2": 7.87197875977,
        "dvar": 46.7586288452,
        "dvar2": 120.692207336,
        "max": 75.6514663696,
        "mean": 8.59836959839,
        "median": 4.80427455902,
        "min": -1.76543974876,
        "var": 103.112564087
    },
    "barkbands_skewness": {
        "dmean": 0.657381594181,
        "dmean2": 1.0269728899,
        "dvar": 0.51705956459,
        "dvar2": 1.32345414162,
        "max": 8.01562404633,
        "mean": 2.24058890343,
        "median": 2.00784659386,
        "min": -0.225968793035,
        "var": 1.70791959763
    },
    "barkbands_spread": {
        "dmean": 3.73725366592,
        "dmean2": 5.92429685593,
        "dvar": 25.728515625,
        "dvar2": 59.5955352783,
        "max": 88.1432189941,
        "mean": 13.713309288,
        "median": 12.6222963333,
        "min": 1.10148453712,
        "var": 68.1017837524
    },
    "dissonance": {
        "dmean": 0.0223087314516,
        "dmean2": 0.0367335528135,
        "dvar": 0.000364546111086,
        "dvar2": 0.00100832153112,
        "max": 0.499942243099,
        "mean": 0.447675257921,
        "median": 0.452994436026,
        "min": 0.289751499891,
        "var": 0.00088674610015
    },
    "dynamic_complexity": 1.1963531971,
    "erbbands_crest": {
        "dmean": 2.5114107132,
        "dmean2": 4.00450468063,
        "dvar": 4.99728822708,
        "dvar2": 12.2759876251,
        "max": 23.2543907166,
        "mean": 9.39742946625,
        "median": 8.68631362915,
        "min": 2.87166237831,
        "var": 13.0160703659
    },
    "erbbands_flatness_db": {
        "dmean": 0.0164118204266,
        "dmean2": 0.0232542734593,
        "dvar": 0.000240304711042,
        "dvar2": 0.000452483829577,
        "max": 0.272944957018,
        "mean": 0.151347190142,
        "median": 0.151402398944,
        "min": 0.0653912723064,
        "var": 0.00129737949464
    },
    "erbbands_kurtosis": {
        "dmean": 0.91027867794,
        "dmean2": 1.42447006702,
        "dvar": 0.953908741474,
        "dvar2": 2.50810790062,
        "max": 15.0497303009,
        "mean": 1.01284396648,
        "median": 0.621465206146,
        "min": -1.65882325172,
        "var": 3.09577918053
    },
    "erbbands_skewness": {
        "dmean": 0.321532249451,
        "dmean2": 0.488363802433,
        "dvar": 0.0778839737177,
        "dvar2": 0.181715801358,
        "max": 3.36676764488,
        "mean": 0.640325009823,
        "median": 0.626481592655,
        "min": -1.07221722603,
        "var": 0.357745945454
    },
    "erbbands_spread": {
        "dmean": 7.62495470047,
        "dmean2": 11.2397937775,
        "dvar": 86.2151412964,
        "dvar2": 185.650894165,
        "max": 145.832702637,
        "mean": 35.7674484253,
        "median": 32.5291557312,
        "min": 8.28335857391,
        "var": 339.146209717
    },
    "hfc": {
        "dmean": 4.5409822464,
        "dmean2": 6.80433750153,
        "dvar": 23.3184871674,
        "dvar2": 48.4997291565,
        "max": 59.0556793213,
        "mean": 21.1685371399,
        "median": 20.2209396362,
        "min": 1.92256605625,
        "var": 92.9008712769
    },
    "melbands_crest": {
        "dmean": 3.41497445107,
        "dmean2": 5.54779148102,
        "dvar": 9.59925746918,
        "dvar2": 24.7687911987,
        "max": 29.1713943481,
        "mean": 16.278968811,
        "median": 15.6821479797,
        "min": 4.73097372055,
        "var": 28.961774826
    },
    "melbands_flatness_db": {
        "dmean": 0.0259044952691,
        "dmean2": 0.0417770557106,
        "dvar": 0.000679923279677,
        "dvar2": 0.00170109199826,
        "max": 0.454089134932,
        "mean": 0.246750146151,
        "median": 0.241432279348,
        "min": 0.0932319685817,
        "var": 0.00311725377105
    },
    "melbands_kurtosis": {
        "dmean": 10.645983696,
        "dmean2": 17.3184967041,
        "dvar": 274.239532471,
        "dvar2": 680.790710449,
        "max": 254.773010254,
        "mean": 20.2948188782,
        "median": 11.0429363251,
        "min": -1.02177143097,
        "var": 595.842834473
    },
    "melbands_skewness": {
        "dmean": 0.885177731514,
        "dmean2": 1.40132319927,
        "dvar": 0.949913859367,
        "dvar2": 2.3427593708,
        "max": 12.2697534561,
        "mean": 3.16534972191,
        "median": 2.74215292931,
        "min": 0.0648202300072,
        "var": 3.33033871651
    },
    "melbands_spread": {
        "dmean": 3.60648274422,
        "dmean2": 5.78348588943,
        "dvar": 17.1748981476,
        "dvar2": 40.8557090759,
        "max": 86.7502365112,
        "mean": 12.7576732635,
        "median": 11.318403244,
        "min": 1.04510843754,
        "var": 63.2382545471
    },
    "pitch_salience": {
        "dmean": 0.0726605430245,
        "dmean2": 0.122693583369,
        "dvar": 0.00455701444298,
        "dvar2": 0.0122706033289,
        "max": 0.781904280186,
        "mean": 0.512224197388,
        "median": 0.521989941597,
        "min": 0.160234481096,
        "var": 0.0103220297024
    },
    "silence_rate_20dB": {
        "dmean": 0,
        "dmean2": 0,
        "dvar": 0,
        "dvar2": 0,
        "max": 1,
        "mean": 1,
        "median": 1,
        "min": 1,
        "var": 0
    },
    "silence_rate_30dB": {
        "dmean": 0.0263157896698,
        "dmean2": 0.0526723451912,
        "dvar": 0.0256232768297,
        "dvar2": 0.0700386166573,
        "max": 1,
        "mean": 0.983758687973,
        "median": 1,
        "min": 0,
        "var": 0.0159773789346
    },
    "silence_rate_60dB": {
        "dmean": 0,
        "dmean2": 0,
        "dvar": 0,
        "dvar2": 0,
        "max": 0,
        "mean": 0,
        "median": 0,
        "min": 0,
        "var": 0
    },
    "spectral_centroid": {
        "dmean": 134.478210449,
        "dmean2": 210.23097229,
        "dvar": 20897.5351562,
        "dvar2": 50513.8554688,
        "max": 2658.57641602,
        "mean": 698.760131836,
        "median": 672.204833984,
        "min": 203.984268188,
        "var": 76313.453125
    },
    "spectral_complexity": {
        "dmean": 2.31191945076,
        "dmean2": 3.70642924309,
        "dvar": 3.94220781326,
        "dvar2": 9.16481113434,
        "max": 32,
        "mean": 17.4114456177,
        "median": 17,
        "min": 5,
        "var": 18.9273681641
    },
    "spectral_decrease": {
        "dmean": 4.67954697214e-09,
        "dmean2": 7.81115971904e-09,
        "dvar": 3.69757310786e-17,
        "dvar2": 9.63853216711e-17,
        "max": -1.21168264311e-09,
        "mean": -1.26642500931e-08,
        "median": -1.10035580647e-08,
        "min": -4.26302619871e-08,
        "var": 4.49586890429e-17
    },
    "spectral_energy": {
        "dmean": 0.0179537069052,
        "dmean2": 0.0299097504467,
        "dvar": 0.000537073821761,
        "dvar2": 0.00139835267328,
        "max": 0.163224503398,
        "mean": 0.0497177615762,
        "median": 0.0433917343616,
        "min": 0.00588328251615,
        "var": 0.000661057129037
    },
    "spectral_energyband_high": {
        "dmean": 0.000199119371246,
        "dmean2": 0.000269735057373,
        "dvar": 1.2715304365e-07,
        "dvar2": 2.7382284884e-07,
        "max": 0.00478892261162,
        "mean": 0.000495109357871,
        "median": 0.000316209247103,
        "min": 3.8442785808e-06,
        "var": 3.12085290943e-07
    },
    "spectral_energyband_low": {
        "dmean": 0.0123811038211,
        "dmean2": 0.0203952323645,
        "dvar": 0.000419006042648,
        "dvar2": 0.00109727343079,
        "max": 0.143957287073,
        "mean": 0.0222304780036,
        "median": 0.0156756490469,
        "min": 0.000696127011906,
        "var": 0.000464287906652
    },
    "spectral_energyband_middle_high": {
        "dmean": 0.00136696256232,
        "dmean2": 0.00199883547612,
        "dvar": 3.54599455932e-06,
        "dvar2": 8.35447372083e-06,
        "max": 0.024731149897,
        "mean": 0.00499275233597,
        "median": 0.00355649623089,
        "min": 0.000276900507743,
        "var": 1.9619910745e-05
    },
    "spectral_energyband_middle_low": {
        "dmean": 0.0102914860472,
        "dmean2": 0.017527429387,
        "dvar": 0.00021911629301,
        "dvar2": 0.000591734540649,
        "max": 0.143783405423,
        "mean": 0.0258690081537,
        "median": 0.0218047667295,
        "min": 0.00216004811227,
        "var": 0.000307497626636
    },
    "spectral_entropy": {
        "dmean": 0.172557398677,
        "dmean2": 0.259489029646,
        "dvar": 0.0292262565345,
        "dvar2": 0.0620403625071,
        "max": 8.56706523895,
        "mean": 7.21917295456,
        "median": 7.24749755859,
        "min": 5.60366010666,
        "var": 0.152690470219
    },
    "spectral_flux": {
        "dmean": 0.0382104814053,
        "dmean2": 0.0598831959069,
        "dvar": 0.00187325454317,
        "dvar2": 0.0041387565434,
        "max": 0.354641407728,
        "mean": 0.105911433697,
        "median": 0.0901575163007,
        "min": 0.026117477566,
        "var": 0.00313507625833
    },
    "spectral_kurtosis": {
        "dmean": 1.87353122234,
        "dmean2": 2.89898610115,
        "dvar": 5.31826162338,
        "dvar2": 12.4623622894,
        "max": 34.9841995239,
        "mean": 6.64295482635,
        "median": 5.60753631592,
        "min": -0.870207309723,
        "var": 17.2216739655
    },
    "spectral_rms": {
        "dmean": 0.00117915205192,
        "dmean2": 0.0019184834091,
        "dvar": 1.79734752237e-06,
        "dvar2": 4.58559907202e-06,
        "max": 0.0126191684976,
        "mean": 0.00676092039794,
        "median": 0.00650641229004,
        "min": 0.00239578541368,
        "var": 2.79514779322e-06
    },
    "spectral_rolloff": {
        "dmean": 215.464859009,
        "dmean2": 373.536102295,
        "dvar": 271846.6875,
        "dvar2": 525713.875,
        "max": 10379.0039062,
        "mean": 727.93182373,
        "median": 581.396484375,
        "min": 107.666015625,
        "var": 587297.4375
    },
    "spectral_skewness": {
        "dmean": 0.231593176723,
        "dmean2": 0.350263983011,
        "dvar": 0.0538106560707,
        "dvar2": 0.109925933182,
        "max": 4.7597079277,
        "mean": 2.10500502586,
        "median": 2.04247951508,
        "min": 0.383897423744,
        "var": 0.272010862827
    },
    "spectral_spread": {
        "dmean": 659926,
        "dmean2": 925572.6875,
        "dvar": 839201456128,
        "dvar2": 1.5087248343e+12,
        "max": 13570457,
        "mean": 4817984,
        "median": 4611860.5,
        "min": 1653774.125,
        "var": 2.79454888755e+12
    },
    "spectral_strongpeak": {
        "dmean": 0.43693575263,
        "dmean2": 0.755211353302,
        "dvar": 0.369763463736,
        "dvar2": 0.984347403049,
        "max": 6.10794210434,
        "mean": 0.850254535675,
        "median": 0.659464895725,
        "min": 0,
        "var": 0.444529294968
    },
    "zerocrossingrate": {
        "dmean": 0.0073525630869,
        "dmean2": 0.00927167013288,
        "dvar": 8.61091320985e-05,
        "dvar2": 0.000109129592602,
        "max": 0.2509765625,
        "mean": 0.0394170992076,
        "median": 0.0361328125,
        "min": 0.0048828125,
        "var": 0.000488934805617
    },
    "barkbands": {
        "dmean": [0.000333180971211, 0.00556184817106, 0.0061153313145, 0.00597801245749, 0.00427755573764, 0.00137510139029, 0.00103065813892, 0.00130966457073, 0.00111840956379, 0.000578298408072, 0.000448314938694, 0.000269624841167, 0.000523955619428, 0.000250749872066, 0.0003086841607, 0.000130660177092, 8.27263429528e-05, 8.06047683e-05, 3.29694521497e-05, 4.67288555228e-05, 3.53769573849e-05, 3.23494095937e-05, 2.53430007433e-05, 4.67841164209e-05, 5.37146879651e-05, 4.07799198001e-05, 8.48466363834e-09],
        "dmean2": [0.00057198345894, 0.00957569759339, 0.00980660598725, 0.0103833787143, 0.00760743953288, 0.0021489544306, 0.00165356858633, 0.0019645828288, 0.00173094216734, 0.000861718785018, 0.000682077486999, 0.000407115614507, 0.000782025686931, 0.000388324115193, 0.000467784178909, 0.000205012504011, 0.000133193680085, 0.000123213831102, 5.2445109759e-05, 7.07823128323e-05, 5.51321318198e-05, 4.87772013003e-05, 3.78130425815e-05, 7.13933186489e-05, 8.22840083856e-05, 6.20575228822e-05, 1.37348186158e-08],
        "dvar": [8.32675993934e-07, 0.000167193094967, 9.36868891586e-05, 0.000116441318823, 4.23635756306e-05, 3.85160547012e-06, 4.52130097983e-06, 4.06272010878e-06, 3.98102065446e-06, 1.12441932743e-06, 6.49053731649e-07, 4.67024761974e-07, 9.82721303444e-07, 2.19313648131e-07, 2.60293916199e-07, 4.42398544465e-08, 1.40916167624e-08, 1.85294837252e-08, 1.9758836789e-09, 9.34305255385e-09, 2.87563928225e-09, 3.44716100109e-09, 1.85891391169e-09, 9.90628556963e-09, 2.27629541882e-08, 5.39692912582e-09, 7.71487264535e-15],
        "dvar2": [2.1692574137e-06, 0.000450172403362, 0.000251604767982, 0.000313181051752, 0.000119835232908, 9.05135857465e-06, 1.05721728687e-05, 8.5766923803e-06, 9.29755151446e-06, 2.72023225989e-06, 1.56092710313e-06, 1.19404728594e-06, 2.1757621198e-06, 5.40320172604e-07, 5.43552459931e-07, 1.0491254443e-07, 3.22890869597e-08, 3.56139828739e-08, 4.83132245321e-09, 1.89749904678e-08, 6.77490064049e-09, 7.7201098847e-09, 4.04852240621e-09, 2.34580994629e-08, 5.405839687e-08, 1.25611485657e-08, 1.12013644413e-14],
        "max": [0.00704442709684, 0.0856134071946, 0.098794683814, 0.0892041772604, 0.0540559738874, 0.0299519337714, 0.0340811163187, 0.0219991244376, 0.0215464513749, 0.0117613570765, 0.010493661277, 0.0132580529898, 0.01422767248, 0.0070579778403, 0.00744169345126, 0.00315890903585, 0.00210032821633, 0.00302174733952, 0.00055676716147, 0.00218085735105, 0.000905832683202, 0.000881397281773, 0.00062417954905, 0.00184250832535, 0.00257386616431, 0.000672892667353, 2.72073020824e-06],
        "mean": [0.000267542200163, 0.00680811563507, 0.0115934060887, 0.00806726701558, 0.00763344299048, 0.0025484636426, 0.00205819960684, 0.0026522395201, 0.00218365644105, 0.00112478726078, 0.000906423898414, 0.000508741941303, 0.00111450743861, 0.000431028252933, 0.000635088945273, 0.000222150585614, 0.000170447165146, 0.000172459302121, 7.12223045412e-05, 0.000103984311863, 7.64398864703e-05, 6.66008054395e-05, 5.50812765141e-05, 9.41249818425e-05, 9.19808953768e-05, 6.0431084421e-05, 6.41907593746e-09],
        "median": [2.26156753342e-05, 0.00311402534135, 0.00766815431416, 0.00268110469915, 0.00545608997345, 0.00152097304817, 0.000932098249905, 0.00140439975075, 0.000810453318991, 0.000425948237535, 0.000340153899742, 0.000139118244988, 0.000299980194541, 0.000205710588489, 0.000311798299663, 0.00013021765335, 0.000121520242828, 7.73248102632e-05, 5.07184777234e-05, 5.48068746866e-05, 4.87185025122e-05, 3.78445365641e-05, 3.33956195391e-05, 5.11124526383e-05, 4.08273845096e-05, 2.11490278161e-05, 7.87912679545e-10],
        "min": [5.03811925512e-08, 1.01126333902e-05, 3.87719119317e-05, 3.9390171878e-05, 0.000214176659938, 1.56528658408e-05, 9.62737067312e-06, 3.095583088e-05, 9.084944395e-06, 1.14176000352e-05, 1.01705991256e-05, 4.47514003099e-06, 1.22778674267e-05, 3.16859973282e-06, 1.30408670884e-05, 6.72359874443e-06, 5.64615811527e-06, 3.35757204084e-06, 9.15520615763e-07, 9.44368593991e-07, 7.88880129221e-07, 1.20461706388e-07, 7.89930751921e-08, 4.48367067918e-08, 3.56916096678e-08, 5.84416737226e-10, 9.15997659667e-12],
        "var": [6.78239359786e-07, 0.000148996186908, 0.000145246085594, 0.000145284298924, 5.85195230087e-05, 8.6792942966e-06, 1.21280008898e-05, 1.05203407657e-05, 9.53524613578e-06, 2.90137177217e-06, 1.85984652035e-06, 1.6589600591e-06, 3.65406253877e-06, 4.42960470082e-07, 7.58886187668e-07, 8.54548360962e-08, 3.21278506021e-08, 7.50376898395e-08, 4.69811167747e-09, 3.95972818978e-08, 7.77420527953e-09, 6.98316560133e-09, 4.56429738449e-09, 1.72047105451e-08, 3.10889980426e-08, 8.62390514555e-09, 6.88898121694e-15]
    },
    "erbbands": {
        "dmean": [0.0773535594344, 1.58798074722, 6.56824016571, 12.5077180862, 18.7558727264, 14.9798660278, 8.50747489929, 13.4603481293, 13.3484268188, 23.9781608582, 21.8530845642, 29.2170810699, 19.8043422699, 12.2582578659, 17.6795082092, 13.8818693161, 24.1410160065, 13.8664331436, 16.3143978119, 10.058347702, 4.7888174057, 3.65365958214, 4.60306453705, 2.35549235344, 1.75998365879, 2.14123153687, 1.53502500057, 1.27808606625, 1.15180075169, 0.984757721424, 0.701839506626, 0.953185737133, 0.789658248425, 0.592269957066, 0.418598890305, 0.176023349166, 0.0917990878224, 0.00672797160223, 0.000124494559714, 2.20665933739e-05],
        "dmean2": [0.128854051232, 2.73868441582, 10.6152744293, 21.0794677734, 33.6070365906, 25.9199409485, 13.6814985275, 21.0453205109, 20.728302002, 37.1577796936, 32.9877204895, 45.1396217346, 29.2099876404, 19.0411453247, 27.0682601929, 20.7546291351, 35.5711669922, 20.9154186249, 24.6473636627, 15.5513820648, 7.42541885376, 5.63832235336, 7.20865297318, 3.64765977859, 2.77685809135, 3.21933102608, 2.39270615578, 1.96393227577, 1.73162198067, 1.51931500435, 1.05837225914, 1.4119553566, 1.23011291027, 0.913465082645, 0.640879273415, 0.264353960752, 0.14020973444, 0.0107017057016, 0.000193215324543, 3.50485170202e-05],
        "dvar": [0.0299575123936, 13.1405630112, 125.206352234, 408.071411133, 1065.53564453, 521.375366211, 148.563095093, 405.336334229, 737.75769043, 1434.38537598, 1340.03088379, 2495.61791992, 1290.73522949, 1281.16809082, 934.198913574, 1132.1418457, 2156.6015625, 626.323730469, 776.227050781, 379.702941895, 49.3499488831, 32.3370666504, 54.426815033, 15.202747345, 9.32757663727, 18.4832630157, 4.91110992432, 4.07229042053, 5.19183731079, 2.72131085396, 1.42311286926, 2.58624434471, 3.83864045143, 2.96163654327, 1.27319395542, 0.119162119925, 0.030753089115, 0.000159425442689, 5.0128143414e-08, 7.08782310621e-10],
        "dvar2": [0.0746532380581, 36.4573173523, 342.931945801, 1075.77124023, 3080.88256836, 1464.94543457, 352.462890625, 972.513000488, 1497.33276367, 3147.33544922, 2976.19042969, 5909.56640625, 2755.21801758, 3490.0871582, 2305.08837891, 2927.53540039, 4744.64208984, 1526.90270996, 1698.35510254, 733.721374512, 117.267951965, 67.7902069092, 112.473358154, 33.5030784607, 22.1171169281, 34.2715492249, 11.1849145889, 9.38885593414, 11.8621740341, 6.09487199783, 3.08915638924, 5.8393034935, 9.27030754089, 7.47612524033, 2.97598910332, 0.261636286974, 0.0752811655402, 0.000397630239604, 1.22015208603e-07, 1.74480274673e-09],
        "max": [1.38414955139, 24.546037674, 96.5292358398, 181.423828125, 248.633071899, 274.112487793, 161.372192383, 260.798095703, 412.804412842, 530.235595703, 528.008789062, 549.592407227, 566.944702148, 755.23059082, 452.445526123, 651.41217041, 644.020935059, 318.441345215, 470.251068115, 317.907867432, 106.852813721, 120.275764465, 141.906417847, 57.5943260193, 77.6495895386, 101.769393921, 45.3669052124, 35.2763595581, 37.3991165161, 23.900472641, 16.0099067688, 30.6375522614, 38.4872970581, 32.0373306274, 16.239112854, 4.17675304413, 1.79609310627, 0.129999279976, 0.00232594646513, 0.000210105237784],
        "mean": [0.0934843495488, 2.04090070724, 12.3464603424, 19.9754180908, 28.7935276031, 25.916135788, 15.7712726593, 23.9360961914, 28.3528862, 49.787979126, 45.506778717, 59.1322746277, 43.2989349365, 24.1985034943, 35.8876266479, 29.5011291504, 52.0037956238, 27.6883964539, 33.5672340393, 21.0888214111, 10.3557491302, 8.41725730896, 10.2919282913, 5.21903753281, 3.97376799583, 4.74426603317, 3.59524059296, 2.67474961281, 2.28702902794, 2.1620028019, 1.53414082527, 1.92078518867, 1.50129306316, 1.02897334099, 0.642303287983, 0.264281064272, 0.129410982132, 0.0095302965492, 0.000203638279345, 6.5574196924e-05],
        "median": [0.0270262956619, 1.09132742882, 8.46509742737, 11.4246406555, 16.9505329132, 15.7081413269, 9.38641452789, 13.940820694, 13.5353269577, 26.767868042, 27.1989192963, 23.9549560547, 17.9596042633, 10.5657587051, 14.8849592209, 9.87762451172, 15.002199173, 14.6404104233, 17.47706604, 10.1413993835, 6.64023351669, 5.92560482025, 5.57248497009, 2.83376479149, 2.55371260643, 2.5085477829, 2.57029628754, 1.64130842686, 1.22141957283, 1.32390236855, 0.913207828999, 1.05322992802, 0.84849780798, 0.523774564266, 0.225797235966, 0.0911171510816, 0.0463929399848, 0.00333858001977, 9.05103370314e-05, 5.74963341933e-05],
        "min": [0.000521230336744, 0.00927793607116, 0.10436193645, 0.652703762054, 0.649762272835, 0.735117375851, 0.417996734381, 0.226391598582, 0.433316469193, 1.11939573288, 0.757520020008, 0.589891374111, 0.666035592556, 0.50276529789, 0.597324132919, 0.575954198837, 0.786584556103, 0.82368761301, 1.04810416698, 0.420835077763, 0.570273756981, 0.326048970222, 0.278250277042, 0.11068623513, 0.102701157331, 0.0448095463216, 0.0337580218911, 0.016511157155, 0.00552091002464, 0.0033771477174, 0.00187745783478, 0.00120242394041, 0.000752474996261, 0.000420368451159, 8.9778113761e-05, 2.23657316383e-05, 1.2225377759e-05, 1.64169307482e-06, 3.83910673918e-06, 7.3976011663e-06],
        "var": [0.0334761403501, 10.9533481598, 158.045883179, 513.914794922, 1144.66503906, 1047.75280762, 365.853179932, 859.773498535, 2019.06066895, 4063.23828125, 3060.53881836, 6309.39160156, 3985.42993164, 1944.79858398, 2621.25683594, 3897.81005859, 7685.09375, 1355.46264648, 2035.37145996, 1134.74975586, 127.778884888, 85.7956161499, 207.839279175, 48.4775657654, 37.7314224243, 70.7001800537, 15.3883361816, 10.1238031387, 9.32436084747, 6.37857627869, 3.54544496536, 6.08503437042, 5.29267978668, 3.33740878105, 1.94385969639, 0.211705058813, 0.0421409979463, 0.000235246741795, 7.75952386789e-08, 1.06440367631e-09]
    },
    "gfcc": {
        "mean": [28.6014499664, 109.967735291, -93.8114089966, 19.9817218781, -55.1953430176, 20.3475437164, -45.0451469421, 8.75906467438, -27.9275608063, 2.95220422745, -24.2958011627, -9.42868709564, -18.6294326782],
        "cov": [[1437.49389648, -742.206604004, 28.3319187164, -62.7147903442, -182.947998047, 131.013916016, -69.8330078125, 72.0798492432, -78.3363952637, 102.20401001, -139.117324829, 113.749954224, -109.331352234], [-742.206604004, 794.50970459, -165.402679443, -48.7766876221, 157.002563477, -112.73727417, 132.761932373, -16.5781364441, 74.9483261108, -104.33140564, 161.156463623, -92.9034500122, 86.2908401489], [28.3319187164, -165.402679443, 379.8878479, 94.9323348999, 0.48692676425, 18.6054458618, -45.2257766724, 0.104461848736, -10.685883522, 64.3284378052, -37.9839172363, 52.4183425903, -24.6248683929], [-62.7147903442, -48.7766876221, 94.9323348999, 299.615844727, 3.73474645615, -47.4270973206, -50.9218330383, -34.8216018677, 45.4421691895, 7.09223222733, 4.79837465286, -37.4367485046, 40.6745796204], [-182.947998047, 157.002563477, 0.48692676425, 3.73474645615, 180.658355713, -8.52871608734, 25.6400051117, 20.1431922913, 16.9467372894, -10.632569313, 20.5142478943, 7.7087597847, 26.7411994934], [131.013916016, -112.73727417, 18.6054458618, -47.4270973206, -8.52871608734, 189.032577515, 66.5420684814, 1.07084810734, -26.5459594727, 4.41521787643, -1.04702174664, 19.2485141754, -21.9167156219], [-69.8330078125, 132.761932373, -45.2257766724, -50.9218330383, 25.6400051117, 66.5420684814, 149.900726318, 24.1490116119, -0.547628462315, -19.0410556793, 34.6985664368, -10.2622356415, -5.6630282402], [72.0798492432, -16.5781364441, 0.104461848736, -34.8216018677, 20.1431922913, 1.07084810734, 24.1490116119, 124.591934204, 28.892326355, 37.7916069031, 5.99118566513, 7.80871152878, -0.816003680229], [-78.3363952637, 74.9483261108, -10.685883522, 45.4421691895, 16.9467372894, -26.5459594727, -0.547628462315, 28.892326355, 99.1908721924, 18.2772254944, 20.0284194946, -10.4501399994, 11.110833168], [102.20401001, -104.33140564, 64.3284378052, 7.09223222733, -10.632569313, 4.41521787643, -19.0410556793, 37.7916069031, 18.2772254944, 90.4502105713, 0.503876924515, 26.4451789856, -9.6420583725], [-139.117324829, 161.156463623, -37.9839172363, 4.79837465286, 20.5142478943, -1.04702174664, 34.6985664368, 5.99118566513, 20.0284194946, 0.503876924515, 93.7088241577, -2.18910574913, 18.903421402], [113.749954224, -92.9034500122, 52.4183425903, -37.4367485046, 7.7087597847, 19.2485141754, -10.2622356415, 7.80871152878, -10.4501399994, 26.4451789856, -2.18910574913, 93.3988571167, -8.03413200378], [-109.331352234, 86.2908401489, -24.6248683929, 40.6745796204, 26.7411994934, -21.9167156219, -5.6630282402, -0.816003680229, 11.110833168, -9.6420583725, 18.903421402, -8.03413200378, 71.6870422363]],
        "icov": [[0.00162121467292, 0.00110583053902, 0.000723377685063, -0.000191213024664, 0.00059295858955, -0.000227210970479, -0.000127942606923, -0.000870347488672, 0.000457801565062, -0.000332201219862, 0.000491742626764, -0.00107300234959, 0.000822189380415], [0.00110583053902, 0.0102746142074, -0.00169923203066, 0.00537979509681, -0.00436849612743, 0.00653544720262, -0.0063294977881, 0.00357782584615, -0.00563620449975, 0.00633215438575, -0.0113765439019, 0.00682550482452, -0.00565886218101], [0.000723377685063, -0.00169923203066, 0.0048732473515, -0.00323890289292, 0.000829445838463, -0.00201932201162, 0.00158560497221, -0.00132773793302, 0.00264399405569, -0.00387810007669, 0.00411132536829, -0.0041924174875, 0.00335832405835], [-0.000191213024664, 0.00537979509681, -0.00323890289292, 0.00866379030049, -0.00269446778111, 0.00415537599474, -0.00260797329247, 0.00428820773959, -0.00594600150362, 0.00363206723705, -0.00722253136337, 0.0071683335118, -0.0065593868494], [0.00059295858955, -0.00436849612743, 0.000829445838463, -0.00269446778111, 0.00903953798115, -0.00298057962209, 0.00198560464196, -0.00338954152539, 0.0023072627373, -0.0018915765686, 0.00549657689407, -0.00522049283609, 0.00116502272431], [-0.000227210970479, 0.00653544720262, -0.00201932201162, 0.00415537599474, -0.00298057962209, 0.0118629597127, -0.00807279814035, 0.00374650349841, -0.00297083077021, 0.00370493717492, -0.00761707872152, 0.0043015438132, -0.00367168919183], [-0.000127942606923, -0.0063294977881, 0.00158560497221, -0.00260797329247, 0.00198560464196, -0.00807279814035, 0.0147355953231, -0.00493216421455, 0.00365252629854, -0.00157497916371, 0.00391409453005, -0.00315178348683, 0.00518405484036], [-0.000870347488672, 0.00357782584615, -0.00132773793302, 0.00428820773959, -0.00338954152539, 0.00374650349841, -0.00493216421455, 0.0135441105813, -0.00570468325168, -0.00211568572558, -0.00429324014112, 0.0044217784889, -0.00412162998691], [0.000457801565062, -0.00563620449975, 0.00264399405569, -0.00594600150362, 0.0023072627373, -0.00297083077021, 0.00365252629854, -0.00570468325168, 0.0173207614571, -0.0066105579026, 0.00550525216386, -0.00438777310774, 0.0047020483762], [-0.000332201219862, 0.00633215438575, -0.00387810007669, 0.00363206723705, -0.0018915765686, 0.00370493717492, -0.00157497916371, -0.00211568572558, -0.0066105579026, 0.021746378392, -0.0100153544918, 0.00234397128224, -0.0029787120875], [0.000491742626764, -0.0113765439019, 0.00411132536829, -0.00722253136337, 0.00549657689407, -0.00761707872152, 0.00391409453005, -0.00429324014112, 0.00550525216386, -0.0100153544918, 0.0281556937844, -0.0106692919508, 0.00501500070095], [-0.00107300234959, 0.00682550482452, -0.0041924174875, 0.0071683335118, -0.00522049283609, 0.0043015438132, -0.00315178348683, 0.0044217784889, -0.00438777310774, 0.00234397128224, -0.0106692919508, 0.0209244042635, -0.00614214828238], [0.000822189380415, -0.00565886218101, 0.00335832405835, -0.0065593868494, 0.00116502272431, -0.00367168919183, 0.00518405484036, -0.00412162998691, 0.0047020483762, -0.0029787120875, 0.00501500070095, -0.00614214828238, 0.0225557386875]]
    },
    "melbands": {
        "dmean": [0.00111057946924, 0.00296405004337, 0.00241300370544, 0.00115820253268, 0.000349094218109, 0.000285474437987, 0.000210567610338, 0.000279901869362, 0.000178691669134, 0.000180049086339, 9.71677727648e-05, 5.04990493937e-05, 6.1420541897e-05, 3.54498406523e-05, 5.42675443285e-05, 4.35195106547e-05, 2.7570351449e-05, 2.72975921689e-05, 1.82873209269e-05, 1.41666732816e-05, 4.909652489e-06, 4.01257466365e-06, 5.3152862165e-06, 3.72486147171e-06, 1.95203028852e-06, 1.26171710235e-06, 1.6551545059e-06, 1.48479182371e-06, 1.02204114683e-06, 1.01611158243e-06, 7.21457865893e-07, 7.10237372914e-07, 6.96717165738e-07, 5.3205178574e-07, 3.85480234399e-07, 5.49695016616e-07, 6.59937825276e-07, 6.09620656178e-07, 5.40974724572e-07, 5.20094602052e-07],
        "dmean2": [0.00187491322868, 0.00488066952676, 0.00416932627559, 0.00206056656316, 0.000571931013837, 0.00044447122491, 0.000330755370669, 0.000427130173193, 0.000268996926025, 0.000276337639662, 0.000144159901538, 7.9033554357e-05, 9.34747367864e-05, 5.33760394319e-05, 7.91413694969e-05, 6.35695832898e-05, 4.2678155296e-05, 4.12328154198e-05, 2.73593650491e-05, 2.17208289541e-05, 7.85647625889e-06, 6.33438230579e-06, 8.30158660392e-06, 5.96400559516e-06, 3.06816764351e-06, 2.06338904718e-06, 2.54796691479e-06, 2.26997826758e-06, 1.60046761266e-06, 1.60405818406e-06, 1.12201894353e-06, 1.10798282549e-06, 1.10884843707e-06, 8.15159808099e-07, 6.01155306867e-07, 8.29595592222e-07, 1.01057821666e-06, 9.59623889685e-07, 8.43376767534e-07, 8.22363631414e-07],
        "dvar": [6.50535230307e-06, 2.93344492093e-05, 1.55660745804e-05, 3.18301658808e-06, 2.26657434155e-07, 1.76048061462e-07, 1.83796416309e-07, 1.91619648149e-07, 9.02845798123e-08, 9.96400189024e-08, 3.16836334946e-08, 2.26909389056e-08, 1.26723262994e-08, 5.45906209126e-09, 1.07150661677e-08, 7.54998730201e-09, 2.73596056921e-09, 2.26796292857e-09, 9.90547643909e-10, 5.39657818432e-10, 6.32508143084e-11, 4.40514430489e-11, 8.89490911482e-11, 2.91894459992e-11, 1.1822889022e-11, 2.26882336703e-12, 2.07752062081e-11, 8.14400456794e-12, 2.27309468991e-12, 2.62416325648e-12, 1.29559123846e-12, 2.06935076713e-12, 1.54806939837e-12, 7.70683484478e-13, 4.65955724525e-13, 7.58432813081e-13, 1.42438599977e-12, 2.01303210212e-12, 2.23884127383e-12, 2.6585482947e-12],
        "dvar2": [1.68744099938e-05, 8.04118681117e-05, 4.19649186369e-05, 9.1277906904e-06, 5.87072065628e-07, 4.20436322202e-07, 3.95152056853e-07, 4.09292795212e-07, 1.95702043015e-07, 2.37096074329e-07, 6.8636957451e-08, 6.2362978781e-08, 3.13369525884e-08, 1.40829499173e-08, 2.42580906473e-08, 1.6134324099e-08, 6.79975009632e-09, 4.95694507663e-09, 2.09112260841e-09, 1.18885556954e-09, 1.61047855607e-10, 8.85500908709e-11, 1.6962264926e-10, 7.1319214423e-11, 2.62155817887e-11, 5.73674918333e-12, 4.79045067503e-11, 1.5005647766e-11, 5.16701742156e-12, 6.35020378295e-12, 3.04177104511e-12, 4.8893189844e-12, 3.66038883232e-12, 1.74594605266e-12, 1.05799277759e-12, 1.73659882047e-12, 3.3474911211e-12, 4.89007185439e-12, 5.54324077959e-12, 6.96160967414e-12],
        "max": [0.0160496383905, 0.0419331341982, 0.0331947989762, 0.0146993715316, 0.00595586327836, 0.0054875346832, 0.0070207035169, 0.00592250237241, 0.00373476115055, 0.00359418592416, 0.00272632669657, 0.00301799387671, 0.00166034384165, 0.00135031924583, 0.00175091146957, 0.00153536873404, 0.000635837495793, 0.000756531197112, 0.000426132464781, 0.000336772820447, 0.000170755782165, 0.000158012247994, 0.000240925015532, 9.34716808842e-05, 4.95667482028e-05, 2.33942337218e-05, 0.00011873227777, 5.96251666138e-05, 2.97686710837e-05, 2.32404436247e-05, 2.08621167985e-05, 2.31878020713e-05, 1.51808935698e-05, 1.25962706079e-05, 1.05025010271e-05, 1.29882128022e-05, 2.48996802839e-05, 2.76352820947e-05, 2.90633797704e-05, 3.42442799592e-05],
        "mean": [0.0013677009847, 0.00519106211141, 0.00392659800127, 0.00203516311012, 0.000650150584988, 0.000516414293088, 0.00044060187065, 0.00057930033654, 0.000359903206117, 0.000356743053999, 0.00020190612122, 8.86034104042e-05, 0.00012282319949, 6.95115231792e-05, 0.000104034385004, 9.47273438214e-05, 4.65919256385e-05, 5.25495852344e-05, 3.61179263564e-05, 2.39325891016e-05, 9.91062097455e-06, 8.52753055369e-06, 1.06311244963e-05, 7.49638093112e-06, 3.83382803193e-06, 2.53005941886e-06, 3.41296367878e-06, 3.03619981423e-06, 2.24557038564e-06, 1.90074001694e-06, 1.4197217979e-06, 1.25748215396e-06, 1.32781622142e-06, 1.11991334961e-06, 7.96575932327e-07, 1.0297191011e-06, 1.2583101352e-06, 1.11444808226e-06, 9.08021490886e-07, 8.39725942114e-07],
        "median": [0.000541597255506, 0.00359026202932, 0.0022641713731, 0.00138906820212, 0.000412648165366, 0.000299132661894, 0.000195309810806, 0.000311901501846, 0.000203692019568, 0.000141154974699, 7.5406373071e-05, 3.35212498612e-05, 4.48145874543e-05, 2.63880774583e-05, 2.82952551061e-05, 2.75200218312e-05, 2.28231292567e-05, 2.54642254731e-05, 1.835357034e-05, 1.19815385915e-05, 6.79107006363e-06, 5.90903573539e-06, 5.69680787521e-06, 3.83527640224e-06, 1.89311197119e-06, 1.74213130322e-06, 1.48374635955e-06, 1.61691957601e-06, 1.56948101449e-06, 1.06745699213e-06, 8.47157082262e-07, 6.72219698572e-07, 7.2296018061e-07, 6.89211219651e-07, 4.64188929072e-07, 5.39810912414e-07, 6.82332597535e-07, 6.01372107667e-07, 5.14342048064e-07, 3.90206224665e-07],
        "min": [2.40916688199e-06, 1.49099705595e-05, 9.48575179791e-05, 5.30154939042e-05, 1.17191257232e-05, 3.35563026965e-06, 5.78332128498e-06, 1.06607958514e-05, 3.40216865879e-06, 2.35402831095e-06, 2.51726078204e-06, 1.53393034452e-06, 1.731107659e-06, 1.11707288397e-06, 1.18753860079e-06, 1.31497722577e-06, 7.73504211793e-07, 1.26950283175e-06, 8.72396583418e-07, 4.15288553768e-07, 5.36093978099e-07, 3.05967120084e-07, 1.88464625239e-07, 1.44473034425e-07, 3.07091276852e-08, 4.09100344712e-08, 4.84339786055e-08, 2.29866827794e-08, 1.72347469629e-08, 2.84236034709e-09, 5.06608710538e-09, 2.64389155014e-09, 2.35757813272e-09, 2.51139907481e-12, 1.16730192179e-09, 6.44242506564e-11, 2.44891845518e-12, 5.37483890728e-10, 4.70664507368e-10, 2.67242200591e-10],
