{
"highlevel": {
    "danceability": {
        "all": {
            "danceable": 0.0309558194131,
            "not_danceable": 0.969044208527
        },
        "probability": 0.969044208527,
        "value": "not_danceable"
    },
    "gender": {
        "all": {
            "female": 0.397114336491,
            "male": 0.602885663509
        },
        "probability": 0.602885663509,
        "value": "male"
    },
    "genre_dortmund": {
        "all": {
            "alternative": 0.319484263659,
            "blues": 0.00359052116983,
            "electronic": 0.0343142449856,
            "folkcountry": 0.128560870886,
            "funksoulrnb": 0.00200033118017,
            "jazz": 0.005744128488,
            "pop": 0.099905051291,
            "raphiphop": 0.00276222918183,
            "rock": 0.403638362885
        },
        "probability": 0.403638362885,
        "value": "rock"
    },
    "genre_electronic": {
        "all": {
            "ambient": 0.570354580879,
            "dnb": 0.0986056700349,
            "house": 0.0387889295816,
            "techno": 0.0120823290199,
            "trance": 0.280168533325
        },
        "probability": 0.570354580879,
        "value": "ambient"
    },
    "genre_rosamerica": {
        "all": {
            "cla": 0.0203508026898,
            "dan": 0.0322980470955,
            "hip": 0.00462229317054,
            "jaz": 0.00601209513843,
            "pop": 0.10428199172,
            "rhy": 0.0316770114005,
            "roc": 0.793869554996,
            "spe": 0.00688818842173
        },
        "probability": 0.793869554996,
        "value": "roc"
    },
    "genre_tzanetakis": {
        "all": {
            "blu": 0.0626541376114,
            "cla": 0.0348133966327,
            "cou": 0.0783501937985,
            "dis": 0.104547761381,
            "hip": 0.15693578124,
            "jaz": 0.313987255096,
            "met": 0.044816005975,
            "pop": 0.0627349764109,
            "reg": 0.0627352520823,
            "roc": 0.0784252434969
        },
        "probability": 0.313987255096,
        "value": "jaz"
    },
    "ismir04_rhythm": {
        "all": {
            "ChaChaCha": 0.024619422853,
            "Jive": 0.0852086693048,
            "Quickstep": 0.0648518875241,
            "Rumba-American": 0.00765004334971,
            "Rumba-International": 0.201975375414,
            "Rumba-Misc": 0.0205575935543,
            "Samba": 0.178011342883,
            "Tango": 0.00743400072679,
            "VienneseWaltz": 0.348759502172,
            "Waltz": 0.0609321631491
        },
        "probability": 0.348759502172,
        "value": "VienneseWaltz"
    },
    "mood_acoustic": {
        "all": {
            "acoustic": 0.399458348751,
            "not_acoustic": 0.600541651249
        },
        "probability": 0.600541651249,
        "value": "not_acoustic"
    },
    "mood_aggressive": {
        "all": {
            "aggressive": 0.182176724076,
            "not_aggressive": 0.817823290825
        },
        "probability": 0.817823290825,
        "value": "not_aggressive"
    },
    "mood_electronic": {
        "all": {
            "electronic": 0.187421232462,
            "not_electronic": 0.81257879734
        },
        "probability": 0.81257879734,
        "value": "not_electronic"
    },
    "mood_happy": {
        "all": {
            "happy": 0.921640992165,
            "not_happy": 0.0783589854836
        },
        "probability": 0.921640992165,
        "value": "happy"
    },
    "mood_party": {
        "all": {
            "not_party": 0.910650193691,
            "party": 0.089349783957
        },
        "probability": 0.910650193691,
        "value": "not_party"
    },
    "mood_relaxed": {
        "all": {
            "not_relaxed": 0.471737325191,
            "relaxed": 0.528262674809
        },
        "probability": 0.528262674809,
        "value": "relaxed"
    },
    "mood_sad": {
        "all": {
            "not_sad": 0.332627087831,
            "sad": 0.667372882366
        },
        "probability": 0.667372882366,
        "value": "sad"
    },
    "moods_mirex": {
        "all": {
            "Cluster1": 0.239326104522,
            "Cluster2": 0.132121130824,
            "Cluster3": 0.572471141815,
            "Cluster4": 0.0270171687007,
            "Cluster5": 0.029064482078
        },
        "probability": 0.572471141815,
        "value": "Cluster3"
    },
    "timbre": {
        "all": {
            "bright": 0.982788681984,
            "dark": 0.0172113105655
        },
        "probability": 0.982788681984,
        "value": "bright"
    },
    "tonal_atonal": {
        "all": {
            "atonal": 0.0039047494065,
            "tonal": 0.996095240116
        },
        "probability": 0.996095240116,
        "value": "tonal"
    },
    "voice_instrumental": {
        "all": {
            "instrumental": 0.000410141685279,
            "voice": 0.999589860439
        },
        "probability": 0.999589860439,
        "value": "voice"
    }
},
"lowlevel": {
    "average_loudness": 0.958760499954,
    "barkbands_crest": {
        "dmean": 2.25653123856,
        "dmean2": 3.75593161583,
        "dvar": 4.7645072937,
        "dvar2": 12.9232740402,
        "max": 20.765007019,
        "mean": 9.40978717804,
        "median": 8.8673210144,
        "min": 3.37221884727,
        "var": 9.73003292084
    },
    "barkbands_flatness_db": {
        "dmean": 0.0186566282064,
        "dmean2": 0.0305174570531,
        "dvar": 0.000269023730652,
        "dvar2": 0.000741397845559,
        "max": 0.245223894715,
        "mean": 0.147391930223,
        "median": 0.146651595831,
        "min": 0.0690647438169,
        "var": 0.000875229714438
    },
    "barkbands_kurtosis": {
        "dmean": 2.50512433052,
        "dmean2": 4.0768737793,
        "dvar": 10.1133861542,
        "dvar2": 26.4865512848,
        "max": 49.9704780579,
        "mean": 4.13849496841,
        "median": 2.61061048508,
        "min": -1.61480081081,
        "var": 23.3199386597
    },
    "barkbands_skewness": {
        "dmean": 0.481970578432,
        "dmean2": 0.769942820072,
        "dvar": 0.21765512228,
        "dvar2": 0.562086582184,
        "max": 6.10833072662,
        "mean": 1.8631632328,
        "median": 1.69891238213,
        "min": -0.0359152443707,
        "var": 0.698822259903
    },
    "barkbands_spread": {
        "dmean": 4.82045602798,
        "dmean2": 7.47693395615,
        "dvar": 25.9817333221,
        "dvar2": 56.4031944275,
        "max": 71.5251464844,
        "mean": 19.9707641602,
        "median": 18.0525894165,
        "min": 2.70269203186,
        "var": 96.0198516846
    },
    "dissonance": {
        "dmean": 0.0154841644689,
        "dmean2": 0.0263612829149,
        "dvar": 0.000167531776242,
        "dvar2": 0.000468586891657,
        "max": 0.499695390463,
        "mean": 0.464269995689,
        "median": 0.466578513384,
        "min": 0.365226775408,
        "var": 0.000329305039486
    },
    "dynamic_complexity": 1.17230260372,
    "erbbands_crest": {
        "dmean": 2.08886122704,
        "dmean2": 3.36745405197,
        "dvar": 3.54994678497,
        "dvar2": 9.55152320862,
        "max": 20.6095085144,
        "mean": 7.35953903198,
        "median": 6.61272478104,
        "min": 2.5652384758,
        "var": 8.34460163116
    },
    "erbbands_flatness_db": {
        "dmean": 0.0149442255497,
        "dmean2": 0.021428335458,
        "dvar": 0.000193839732674,
        "dvar2": 0.000354808667907,
        "max": 0.225835412741,
        "mean": 0.143051192164,
        "median": 0.143285408616,
        "min": 0.0666079744697,
        "var": 0.000871523458045
    },
    "erbbands_kurtosis": {
        "dmean": 0.448399364948,
        "dmean2": 0.711704909801,
        "dvar": 0.191875517368,
        "dvar2": 0.461779505014,
        "max": 4.47536849976,
        "mean": -0.418332546949,
        "median": -0.581509590149,
        "min": -1.57221996784,
        "var": 0.567878603935
    },
    "erbbands_skewness": {
        "dmean": 0.288814365864,
        "dmean2": 0.452434122562,
        "dvar": 0.0549826733768,
        "dvar2": 0.130159765482,
        "max": 2.18591809273,
        "mean": 0.213430032134,
        "median": 0.215014994144,
        "min": -1.53842616081,
        "var": 0.215935200453
    },
    "erbbands_spread": {
        "dmean": 7.49797296524,
        "dmean2": 11.0836238861,
        "dvar": 49.9754638672,
        "dvar2": 95.1707229614,
        "max": 109.718719482,
        "mean": 44.9591178894,
        "median": 41.300201416,
        "min": 13.442820549,
        "var": 272.485076904
    },
    "hfc": {
        "dmean": 5.31240272522,
        "dmean2": 7.78071689606,
        "dvar": 31.3855552673,
        "dvar2": 62.7038497925,
        "max": 80.9223709106,
        "mean": 23.7667636871,
        "median": 22.0086326599,
        "min": 5.08127450943,
        "var": 135.316925049
    },
    "melbands_crest": {
        "dmean": 3.00517630577,
        "dmean2": 4.93678092957,
        "dvar": 7.53008747101,
        "dvar2": 20.9246387482,
        "max": 29.0513973236,
        "mean": 14.9552021027,
        "median": 14.6507883072,
        "min": 4.47872877121,
        "var": 17.7305622101
    },
    "melbands_flatness_db": {
        "dmean": 0.0223504751921,
        "dmean2": 0.0350733734667,
        "dvar": 0.000452004635008,
        "dvar2": 0.00111435749568,
        "max": 0.320315212011,
        "mean": 0.201647371054,
        "median": 0.201921910048,
        "min": 0.0812818184495,
        "var": 0.00166335003451
    },
    "melbands_kurtosis": {
        "dmean": 6.48544549942,
        "dmean2": 10.7111940384,
        "dvar": 70.6889724731,
        "dvar2": 187.614059448,
        "max": 87.9164581299,
        "mean": 14.1945028305,
        "median": 10.2021827698,
        "min": -0.493546962738,
        "var": 151.426849365
    },
    "melbands_skewness": {
        "dmean": 0.690547823906,
        "dmean2": 1.11395907402,
        "dvar": 0.465918391943,
        "dvar2": 1.15973126888,
        "max": 7.83678102493,
        "mean": 3.05648517609,
        "median": 2.82010006905,
        "min": 0.268199384212,
        "var": 1.52745425701
    },
    "melbands_spread": {
        "dmean": 4.76096010208,
        "dmean2": 7.51038074493,
        "dvar": 22.2787075043,
        "dvar2": 55.3687477112,
        "max": 68.31665802,
        "mean": 17.6232433319,
        "median": 16.2257976532,
        "min": 2.39929032326,
        "var": 72.899230957
    },
    "pitch_salience": {
        "dmean": 0.0677355453372,
        "dmean2": 0.112626709044,
        "dvar": 0.00372604792938,
        "dvar2": 0.0105887399986,
        "max": 0.80284935236,
        "mean": 0.526756227016,
        "median": 0.530378043652,
        "min": 0.219809666276,
        "var": 0.00818276870996
    },
    "silence_rate_20dB": {
        "dmean": 0,
        "dmean2": 0,
        "dvar": 0,
        "dvar2": 0,
        "max": 1,
        "mean": 1,
        "median": 1,
        "min": 1,
        "var": 0
    },
    "silence_rate_30dB": {
        "dmean": 0.00928792543709,
        "dmean2": 0.018590239808,
        "dvar": 0.00920164957643,
        "dvar2": 0.0275398530066,
        "max": 1,
        "mean": 0.99535959959,
        "median": 1,
        "min": 0,
        "var": 0.0046188281849
    },
    "silence_rate_60dB": {
        "dmean": 0,
        "dmean2": 0,
        "dvar": 0,
        "dvar2": 0,
        "max": 0,
        "mean": 0,
        "median": 0,
        "min": 0,
        "var": 0
    },
    "spectral_centroid": {
        "dmean": 194.99659729,
        "dmean2": 306.931121826,
        "dvar": 34243.5585938,
        "dvar2": 84235.9140625,
        "max": 2757.95458984,
        "mean": 1063.50354004,
        "median": 1019.7713623,
        "min": 316.591094971,
        "var": 143666.171875
    },
    "spectral_complexity": {
        "dmean": 3.28405570984,
        "dmean2": 5.19752120972,
        "dvar": 7.81945610046,
        "dvar2": 17.6085090637,
        "max": 46,
        "mean": 23.1059551239,
        "median": 23,
        "min": 6,
        "var": 40.830997467
    },
    "spectral_decrease": {
        "dmean": 3.48873396838e-09,
        "dmean2": 5.76840664124e-09,
        "dvar": 2.46203609163e-17,
        "dvar2": 6.47510696934e-17,
        "max": -1.78420167529e-09,
        "mean": -1.06177848735e-08,
        "median": -9.41945188515e-09,
        "min": -4.74545203133e-08,
        "var": 3.00402517762e-17
    },
    "spectral_energy": {
        "dmean": 0.0134830698371,
        "dmean2": 0.022231221199,
        "dvar": 0.000359444355126,
        "dvar2": 0.000943904684391,
        "max": 0.183645665646,
        "mean": 0.0422297418118,
        "median": 0.0379419252276,
        "min": 0.0075842179358,
        "var": 0.000447966100182
    },
    "spectral_energyband_high": {
        "dmean": 0.00035815499723,
        "dmean2": 0.000481459690491,
        "dvar": 3.56749836783e-07,
        "dvar2": 6.24833717211e-07,
        "max": 0.0100955646485,
        "mean": 0.000859909632709,
        "median": 0.000412835710449,
        "min": 2.49976055784e-05,
        "var": 1.4587556052e-06
    },
    "spectral_energyband_low": {
        "dmean": 0.00961485691369,
        "dmean2": 0.0164755452424,
        "dvar": 0.000266031944193,
        "dvar2": 0.000708694627974,
        "max": 0.131047964096,
        "mean": 0.0179522521794,
        "median": 0.0148408673704,
        "min": 9.28675071918e-05,
        "var": 0.00027757557109
    },
    "spectral_energyband_middle_high": {
        "dmean": 0.00147633859888,
        "dmean2": 0.00226656906307,
        "dvar": 2.62521120931e-06,
        "dvar2": 5.78326944378e-06,
        "max": 0.0226826108992,
        "mean": 0.0053155827336,
        "median": 0.00462832441553,
        "min": 0.000465943274321,
        "var": 1.0922653928e-05
    },
    "spectral_energyband_middle_low": {
        "dmean": 0.00739407166839,
        "dmean2": 0.011980551295,
        "dvar": 0.000118695730634,
        "dvar2": 0.000325334141962,
        "max": 0.150704368949,
        "mean": 0.0219486244023,
        "median": 0.0199951510876,
        "min": 0.00113053433597,
        "var": 0.00018530676607
    },
    "spectral_entropy": {
        "dmean": 0.136118799448,
        "dmean2": 0.19822140038,
        "dvar": 0.0168738588691,
        "dvar2": 0.0331925339997,
        "max": 8.46181964874,
        "mean": 7.59182882309,
        "median": 7.57035636902,
        "min": 6.62672710419,
        "var": 0.0819912552834
    },
    "spectral_flux": {
        "dmean": 0.0292083602399,
        "dmean2": 0.0454417616129,
        "dvar": 0.00130295334384,
        "dvar2": 0.00252197100781,
        "max": 0.3177523911,
        "mean": 0.0973722860217,
        "median": 0.0827725082636,
        "min": 0.0286593120545,
        "var": 0.00235909689218
    },
    "spectral_kurtosis": {
        "dmean": 1.38856315613,
        "dmean2": 2.25795197487,
        "dvar": 1.85045039654,
        "dvar2": 5.11774015427,
        "max": 13.3065414429,
        "mean": 4.28668260574,
        "median": 4.05332565308,
        "min": -0.232167959213,
        "var": 5.47785520554
    },
    "spectral_rms": {
        "dmean": 0.000936710159294,
        "dmean2": 0.00150587188546,
        "dvar": 1.23178642752e-06,
        "dvar2": 3.12214501719e-06,
        "max": 0.0133853089064,
        "mean": 0.00625468138605,
        "median": 0.0060841194354,
        "min": 0.00272015389055,
        "var": 2.07867424251e-06
    },
    "spectral_rolloff": {
        "dmean": 373.647216797,
        "dmean2": 635.921875,
        "dvar": 326644.84375,
        "dvar2": 712017.6875,
        "max": 7407.421875,
        "mean": 1034.45922852,
        "median": 753.662109375,
        "min": 129.19921875,
        "var": 735602.625
    },
    "spectral_skewness": {
        "dmean": 0.191242218018,
        "dmean2": 0.294445753098,
        "dvar": 0.0249536465853,
        "dvar2": 0.0618542134762,
        "max": 2.63263177872,
        "mean": 1.57030749321,
        "median": 1.58964812756,
        "min": 0.466295450926,
        "var": 0.133195579052
    },
    "spectral_spread": {
        "dmean": 533433.875,
        "dmean2": 703311.0625,
        "dvar": 401085464576,
        "dvar2": 613830295552,
        "max": 14758302,
        "mean": 4615267,
        "median": 4327865.5,
        "min": 2280195.25,
        "var": 1.88913431347e+12
    },
    "spectral_strongpeak": {
        "dmean": 0.306810349226,
        "dmean2": 0.541843354702,
        "dvar": 0.233227312565,
        "dvar2": 0.62238240242,
        "max": 5.45371961594,
        "mean": 0.74085265398,
        "median": 0.645072817802,
        "min": 0.0682761371136,
        "var": 0.250238984823
    },
    "zerocrossingrate": {
        "dmean": 0.00849012285471,
        "dmean2": 0.00992901623249,
        "dvar": 6.93752008374e-05,
        "dvar2": 8.84569744812e-05,
        "max": 0.17822265625,
        "mean": 0.0495739541948,
        "median": 0.044921875,
        "min": 0.01220703125,
        "var": 0.000477536465041
    },
    "barkbands": {
        "dmean": [0.000123124584206, 0.00534779718146, 0.00382793182507, 0.00395265500993, 0.00329797412269, 0.0010032444261, 0.0011552607175, 0.000990587985143, 0.00100294849835, 0.000415671820519, 0.000293248915114, 0.000223670343985, 0.000279557716567, 0.000725562451407, 0.000318016682286, 0.000241257555899, 0.000179387483513, 0.000254874059465, 8.57224367792e-05, 0.000101104116766, 8.0140249338e-05, 8.07548567536e-05, 8.11843347037e-05, 6.25895117992e-05, 5.85731650062e-05, 1.83451120392e-05, 2.49675857766e-09],
        "dmean2": [0.000194347245269, 0.00918325409293, 0.00680845230818, 0.00673062261194, 0.00539701385424, 0.00141500204336, 0.00175647123251, 0.00149085500743, 0.00153248698916, 0.000674424809404, 0.000466774858069, 0.00036401223042, 0.000444964360213, 0.00122246332467, 0.000533671991434, 0.000402826874051, 0.000293949182378, 0.000418494368205, 0.000134917194373, 0.000164361626958, 0.000121868717542, 0.000119036398246, 0.000115251030365, 8.39088534121e-05, 8.08975746622e-05, 2.54650021816e-05, 4.44570380509e-09],
        "dvar": [6.3005472839e-08, 0.000129659019876, 4.01570796384e-05, 7.13492481736e-05, 2.23957449634e-05, 1.92284369405e-06, 3.18709749081e-06, 2.0469485662e-06, 1.88833223547e-06, 4.45689437356e-07, 2.39872235852e-07, 9.54421395249e-08, 2.48387124202e-07, 1.04869650386e-06, 1.97394257384e-07, 9.89185267031e-08, 7.53276978571e-08, 1.13767022469e-07, 2.79756342536e-08, 1.86561628368e-08, 1.78402981277e-08, 2.49421017173e-08, 2.6649459528e-08, 1.67567737464e-08, 1.24411103641e-08, 1.29681199112e-09, 9.07322899555e-17],
        "dvar2": [1.40443944474e-07, 0.000336455676006, 0.000112420675578, 0.000200239359401, 6.20539212832e-05, 3.82358712159e-06, 7.09746154826e-06, 4.97706150782e-06, 4.26442329626e-06, 1.12797533802e-06, 5.35237859367e-07, 2.38792267737e-07, 4.71440245065e-07, 2.75871298072e-06, 5.02257023527e-07, 2.60990447032e-07, 1.77816133373e-07, 2.72394260037e-07, 6.064146163e-08, 4.78431765316e-08, 4.13477962979e-08, 4.71331169649e-08, 5.87908637328e-08, 2.87301649138e-08, 2.54518148779e-08, 2.66119659642e-09, 1.05576264423e-16],
        "max": [0.00182472949382, 0.0822154432535, 0.0575701445341, 0.120614051819, 0.0432077981532, 0.0241749435663, 0.0241612382233, 0.0160708986223, 0.0165152214468, 0.00891060847789, 0.0119975646958, 0.00438918126747, 0.0120083102956, 0.0102220401168, 0.0049566347152, 0.00400318298489, 0.0040587708354, 0.00560576142743, 0.00522822001949, 0.00223308289424, 0.00229085120372, 0.00307679758407, 0.00290471268818, 0.00262428587303, 0.00167560891714, 0.000365228508599, 3.28753515078e-07],
        "mean": [0.000121554767247, 0.00617402140051, 0.00785233080387, 0.00635167211294, 0.00676643708721, 0.00248024053872, 0.00246859365143, 0.00173937692307, 0.00198615831323, 0.000680513738189, 0.000465494988021, 0.000354424439138, 0.000515216903295, 0.00120754132513, 0.000572659599129, 0.000457420654129, 0.000345213193214, 0.000535713799763, 0.000179733629921, 0.000237454514718, 0.000154011242557, 0.000165651232237, 0.000158539725817, 0.000131898515974, 9.99960320769e-05, 2.78606476058e-05, 2.01284944268e-09],
        "median": [3.02911939798e-05, 0.00196328479797, 0.00658017396927, 0.00334822316654, 0.00497285835445, 0.00146793853492, 0.00108618033119, 0.000965855608229, 0.00117430114187, 0.000352539471351, 0.000303602282656, 0.000242913141847, 0.000279523868812, 0.00068599631777, 0.00035992465564, 0.000342368410202, 0.000242430629442, 0.000399919197662, 0.000126937360619, 0.000162071417435, 6.94875780027e-05, 6.80098601151e-05, 6.67189160595e-05, 4.90539969178e-05, 3.60921476386e-05, 7.80631216912e-06, 7.95604693238e-10],
        "min": [1.25290640085e-07, 9.07091089175e-06, 4.40205030827e-06, 1.89421029972e-06, 4.24146164733e-05, 7.86721102486e-06, 3.8381590457e-06, 1.53330092871e-05, 1.50380365085e-05, 1.02578032966e-05, 1.71660867636e-05, 1.41417340274e-05, 1.16673618322e-05, 2.19257308345e-05, 1.35666477945e-05, 1.76459288923e-05, 1.51505364556e-05, 3.05854773615e-05, 7.21632659406e-06, 7.10206040822e-06, 4.00616454499e-06, 3.20843105328e-06, 2.20570018428e-06, 1.27074383727e-06, 7.35349658498e-07, 2.96816882184e-08, 1.0860022083e-11],
        "var": [6.73669688922e-08, 0.000123140285723, 4.66938872705e-05, 7.75473527028e-05, 3.64882071153e-05, 8.3053146227e-06, 1.34476804305e-05, 4.49467597718e-06, 5.09215942657e-06, 8.40730194795e-07, 3.8829975324e-07, 1.54335467073e-07, 6.40708663013e-07, 1.98087332137e-06, 3.73465212533e-07, 1.6663747715e-07, 1.2704630592e-07, 2.29735917401e-07, 6.18249060835e-08, 5.63255468933e-08, 4.88366325158e-08, 8.17678227349e-08, 7.44488417581e-08, 6.20946849494e-08, 2.72577800331e-08, 2.38138286868e-09, 9.10623548723e-17]
    },
    "erbbands": {
        "dmean": [0.136082604527, 1.30698144436, 3.78166222572, 9.71296310425, 10.9656734467, 13.3811569214, 8.65523910522, 9.93972969055, 11.3363838196, 23.3071041107, 20.6012573242, 14.5009794235, 22.6614246368, 11.9144430161, 7.50146865845, 8.10376834869, 12.9302511215, 29.715013504, 23.6528987885, 16.4171009064, 12.48873806, 11.0090885162, 11.9727144241, 7.88664531708, 4.1423406601, 4.9569811821, 3.31393456459, 3.16744089127, 3.02060937881, 2.71479845047, 2.18760585785, 1.35716438293, 1.06149852276, 0.695988476276, 0.416891425848, 0.124423511326, 0.0266114287078, 0.00204353756271, 4.48757346021e-05, 1.66841418832e-05],
        "dmean2": [0.217844828963, 2.3338842392, 6.76684761047, 17.0497283936, 18.1313457489, 21.7680339813, 14.0055685043, 13.6931371689, 16.7686424255, 34.703086853, 31.4995727539, 22.5277709961, 35.78175354, 18.843416214, 12.0570077896, 13.0807304382, 20.4444160461, 50.3219146729, 39.7843475342, 27.1511058807, 21.0456085205, 17.9657516479, 19.6769237518, 12.7254858017, 6.35937213898, 8.17840576172, 5.19020557404, 4.75048398972, 4.55046892166, 4.00832939148, 3.09939265251, 1.89376199245, 1.46616137028, 0.962844491005, 0.590464532375, 0.173075735569, 0.0389834977686, 0.00317055592313, 6.64904146106e-05, 2.65284361376e-05],
        "dvar": [0.0854218155146, 8.1825094223, 46.9581756592, 318.357513428, 533.743347168, 404.702270508, 131.490249634, 201.127471924, 376.162384033, 1719.8848877, 939.883300781, 389.843139648, 914.329223633, 288.640197754, 228.947052002, 140.34085083, 571.495422363, 2159.99926758, 1271.5703125, 553.06072998, 260.283966064, 256.78527832, 243.89024353, 126.275360107, 68.6318817139, 47.6615982056, 26.9356040955, 35.7028465271, 37.8733406067, 27.5252552032, 18.1532287598, 8.96020126343, 4.84151887894, 1.94024395943, 0.637487947941, 0.0589991100132, 0.00274914968759, 1.78965347004e-05, 6.70427136029e-09, 4.51108400634e-10],
        "dvar2": [0.196828112006, 22.3978347778, 134.08770752, 931.569885254, 1416.09484863, 1082.71899414, 321.481781006, 376.172546387, 843.945007324, 3764.49121094, 2427.25976562, 908.012878418, 2090.16992188, 662.420471191, 528.223266602, 341.707763672, 1021.04602051, 5687.66894531, 3390.35913086, 1442.90197754, 697.137084961, 622.831176758, 608.84161377, 287.045959473, 128.037826538, 124.904724121, 62.7065429688, 79.4850387573, 76.8655014038, 60.7524375916, 37.706867218, 14.9370927811, 9.31434249878, 4.13078594208, 1.32988500595, 0.119834139943, 0.00581516185775, 4.22300290666e-05, 1.46320138228e-08, 1.16287868224e-09],
        "max": [2.10856842995, 22.1962680817, 68.2354278564, 233.973052979, 286.317993164, 226.095596313, 131.182723999, 283.690002441, 403.41986084, 751.980834961, 347.588897705, 222.940612793, 406.750274658, 291.837646484, 452.519195557, 207.642044067, 676.782653809, 567.026611328, 457.089263916, 280.150268555, 167.495681763, 210.984161377, 237.611190796, 191.430999756, 313.593414307, 102.779525757, 85.1892547607, 107.686790466, 110.398788452, 88.5718460083, 76.7272872925, 55.443145752, 38.0794258118, 24.8280506134, 7.9100856781, 2.63212180138, 0.503488302231, 0.0418004840612, 0.000851791119203, 0.000209383870242],
        "mean": [0.149953648448, 1.52866411209, 7.04516220093, 18.6420116425, 22.1538066864, 22.0589408875, 15.7631826401, 25.3706912994, 31.952205658, 42.428691864, 38.5388526917, 30.9799633026, 41.6923904419, 21.8927211761, 14.156870842, 13.9785728455, 25.1619606018, 51.6783447266, 41.6363525391, 30.9487419128, 24.1410064697, 22.936624527, 26.6052875519, 17.4166355133, 10.0023765564, 11.4950532913, 6.78290843964, 6.21408414841, 6.03751707077, 5.3734254837, 4.33168029785, 2.92730093002, 2.09638619423, 1.23071122169, 0.662419497967, 0.193381786346, 0.0393704921007, 0.00261189974844, 8.17115069367e-05, 5.36368570465e-05],
        "median": [0.042537022382, 0.536728024483, 6.04517698288, 11.132311821, 11.1466007233, 14.3601169586, 10.32401371, 15.1707849503, 14.4186544418, 24.897808075, 20.4771289825, 19.4070892334, 27.1414413452, 14.7440958023, 9.9989156723, 9.72470188141, 15.3303318024, 31.9370765686, 22.0525112152, 21.3154811859, 18.0022583008, 16.5822257996, 19.3970336914, 12.8875513077, 7.33287811279, 7.93878650665, 3.76735329628, 2.60382580757, 2.47164106369, 2.39354968071, 1.78152430058, 1.08510768414, 0.779105603695, 0.46442013979, 0.214400306344, 0.0580694228411, 0.0104294931516, 0.000613899494056, 3.97869662265e-05, 4.81361057609e-05],
        "min": [0.000229557233979, 0.00400718813762, 0.0730691924691, 0.199516326189, 0.184898927808, 0.175760477781, 0.412192583084, 0.350791364908, 0.33606928587, 0.58842086792, 0.519299983978, 0.627543091774, 0.958293139935, 1.33728265762, 0.919486105442, 0.803819775581, 0.790651857853, 1.42517602444, 1.72518062592, 1.30126440525, 1.16547954082, 0.868611395359, 1.52374470234, 1.26419317722, 0.321805924177, 0.387245386839, 0.204825088382, 0.120129652321, 0.0875196158886, 0.10328129679, 0.0505941621959, 0.0267721861601, 0.0206381082535, 0.0140250651166, 0.00364536233246, 0.00103548646439, 4.05702703574e-05, 3.92712945541e-06, 6.03350235906e-06, 9.16813314689e-06],
        "var": [0.0944223478436, 6.90127658844, 40.6650390625, 428.994689941, 805.272888184, 579.613952637, 277.229400635, 939.075683594, 3004.17993164, 3767.12304688, 2054.57641602, 1100.91589355, 1897.27807617, 569.295654297, 331.674163818, 235.569671631, 1459.28320312, 3729.55224609, 2545.78295898, 998.549804688, 461.026733398, 476.816986084, 570.048217773, 277.022277832, 180.499313354, 129.281219482, 71.6959381104, 97.7643051147, 111.054382324, 80.7983856201, 54.5797157288, 33.2197875977, 15.1755514145, 4.37898397446, 1.25382530689, 0.110413469374, 0.00493051251397, 2.48890701187e-05, 1.12443538924e-08, 6.32760122077e-10]
    },
    "gfcc": {
        "mean": [38.491733551, 104.259887695, -118.291519165, 38.9702644348, -59.2477722168, 16.6151580811, -48.5434036255, 10.8492546082, -23.5627002716, -1.38778793812, -20.5012073517, -9.32257080078, -14.5390110016],
        "cov": [[910.117553711, -482.304901123, 147.025787354, 86.5001907349, -181.048233032, 106.614707947, -44.0264701843, 45.0018806458, -21.9065132141, 110.443061829, -73.5228652954, -1.97129690647, -56.6284179688], [-482.304901123, 775.830078125, -265.344512939, -51.7219352722, 190.689315796, -147.973052979, 135.200805664, 28.3303012848, 173.404907227, -85.6503143311, 158.266571045, -54.3629951477, 85.7869796753], [147.025787354, -265.344512939, 347.48840332, 46.4572944641, -21.6667995453, 91.8420181274, -20.2024803162, 1.34623539448, -90.2473907471, 47.7964897156, -76.7687988281, 70.1748046875, -23.3680839539], [86.5001907349, -51.7219352722, 46.4572944641, 216.286987305, -21.5077953339, 10.278553009, 33.4793624878, -5.46406888962, 39.405292511, -7.72736215591, 9.57128715515, -3.90979862213, 33.7886314392], [-181.048233032, 190.689315796, -21.6667995453, -21.5077953339, 210.387069702, 19.1796131134, 63.1847801208, 46.6475830078, 28.367811203, 4.65008497238, 33.7544021606, 24.1192131042, 15.4974451065], [106.614707947, -147.973052979, 91.8420181274, 10.278553009, 19.1796131134, 165.92539978, 45.4683647156, 21.7443523407, -18.0397262573, 33.8403320312, -19.7443828583, 13.0432815552, -14.7985668182], [-44.0264701843, 135.200805664, -20.2024803162, 33.4793624878, 63.1847801208, 45.4683647156, 130.391052246, 65.2881393433, 65.4714050293, 6.47060728073, 38.3840293884, -0.138793855906, 24.5374279022], [45.0018806458, 28.3303012848, 1.34623539448, -5.46406888962, 46.6475830078, 21.7443523407, 65.2881393433, 109.934791565, 59.3075218201, 41.2333068848, 19.543888092, 21.7726268768, 12.2909755707], [-21.9065132141, 173.404907227, -90.2473907471, 39.405292511, 28.367811203, -18.0397262573, 65.4714050293, 59.3075218201, 133.242919922, 25.8226528168, 62.984249115, -18.1506137848, 32.5482711792], [110.443061829, -85.6503143311, 47.7964897156, -7.72736215591, 4.65008497238, 33.8403320312, 6.47060728073, 41.2333068848, 25.8226528168, 100.364959717, 23.7594871521, 36.551399231, -8.47253513336], [-73.5228652954, 158.266571045, -76.7687988281, 9.57128715515, 33.7544021606, -19.7443828583, 38.3840293884, 19.543888092, 62.984249115, 23.7594871521, 103.077278137, 20.7929992676, 27.8716621399], [-1.97129690647, -54.3629951477, 70.1748046875, -3.90979862213, 24.1192131042, 13.0432815552, -0.138793855906, 21.7726268768, -18.1506137848, 36.551399231, 20.7929992676, 92.3577270508, 23.9568653107], [-56.6284179688, 85.7869796753, -23.3680839539, 33.7886314392, 15.4974451065, -14.7985668182, 24.5374279022, 12.2909755707, 32.5482711792, -8.47253513336, 27.8716621399, 23.9568653107, 65.846206665]],
        "icov": [[0.00218551675789, 0.000327549438225, 0.000238730193814, -0.00108116155025, 0.00150871661026, -0.000815152889118, 0.000745761382859, -0.0018012841465, 0.00042531141662, -0.00186769035645, 0.000603621650953, 0.000674582319334, 0.000660882389639], [0.000327549438225, 0.0174134038389, -0.00572302844375, 0.0115059837699, -0.0108116744086, 0.0129207987338, -0.0125137912109, 0.0101703908294, -0.0147231593728, 0.0134272137657, -0.0167927797884, 0.0119339777157, -0.0103554883972], [0.000238730193814, -0.00572302844375, 0.00875099003315, -0.00635976903141, 0.00405638152733, -0.00583697808906, 0.00330948410556, -0.00350685580634, 0.00751510914415, -0.00751052470878, 0.0105711650103, -0.00899088568985, 0.00530078401789], [-0.00108116155025, 0.0115059837699, -0.00635976903141, 0.0150270974264, -0.00726422667503, 0.0091057959944, -0.010326327756, 0.0104154143482, -0.0136202070862, 0.0111705753952, -0.0118031343445, 0.00855732709169, -0.0101756751537], [0.00150871661026, -0.0108116744086, 0.00405638152733, -0.00726422667503, 0.0142234545201, -0.00912066549063, 0.00610275520012, -0.00899563170969, 0.00977575872093, -0.00871286634356, 0.0101949051023, -0.00889591872692, 0.00752601725981], [-0.000815152889118, 0.0129207987338, -0.00583697808906, 0.0091057959944, -0.00912066549063, 0.0196833461523, -0.0155251957476, 0.00963022280484, -0.00853452645242, 0.00691569503397, -0.0112462695688, 0.00975435879081, -0.00740067986771], [0.000745761382859, -0.0125137912109, 0.00330948410556, -0.010326327756, 0.00610275520012, -0.0155251957476, 0.0284199751914, -0.0170633308589, 0.00749561842531, -0.00490072509274, 0.00690877484158, -0.00527045223862, 0.0057445676066], [-0.0018012841465, 0.0101703908294, -0.00350685580634, 0.0104154143482, -0.00899563170969, 0.00963022280484, -0.0170633308589, 0.0294023491442, -0.0187990833074, 0.00466250535101, -0.00308332848363, -0.000499989720993, -0.0048573189415], [0.00042531141662, -0.0147231593728, 0.00751510914415, -0.0136202070862, 0.00977575872093, -0.00853452645242, 0.00749561842531, -0.0187990833074, 0.038224928081, -0.0199519116431, 0.00633157696575, 0.00191034469754, 0.000863585039042], [-0.00186769035645, 0.0134272137657, -0.00751052470878, 0.0111705753952, -0.00871286634356, 0.00691569503397, -0.00490072509274, 0.00466250535101, -0.0199519116431, 0.0332135781646, -0.0188941322267, 0.00180163071491, -0.00145828607492], [0.000603621650953, -0.0167927797884, 0.0105711650103, -0.0118031343445, 0.0101949051023, -0.0112462695688, 0.00690877484158, -0.00308332848363, 0.00633157696575, -0.0188941322267, 0.0393009409308, -0.0217156633735, 0.010984188877], [0.000674582319334, 0.0119339777157, -0.00899088568985, 0.00855732709169, -0.00889591872692, 0.00975435879081, -0.00527045223862, -0.000499989720993, 0.00191034469754, 0.00180163071491, -0.0217156633735, 0.0360759720206, -0.0208526197821], [0.000660882389639, -0.0103554883972, 0.00530078401789, -0.0101756751537, 0.00752601725981, -0.00740067986771, 0.0057445676066, -0.0048573189415, 0.000863585039042, -0.00145828607492, 0.010984188877, -0.0208526197821, 0.0340038575232]]
    },
    "melbands": {
        "dmean": [0.00136848224793, 0.00182444276288, 0.00164371950086, 0.000779184396379, 0.000385689316317, 0.000213529448956, 0.000187308905879, 0.000253892387263, 0.000155797140906, 0.0001138409134, 0.0001163609777, 5.14274433954e-05, 3.25275650539e-05, 2.14510419028e-05, 2.39716173382e-05, 4.39418145106e-05, 5.66791713936e-05, 4.79665504827e-05, 2.37107578869e-05, 1.7378028133e-05, 1.59695719049e-05, 1.16339415399e-05, 1.0378065781e-05, 1.4244103113e-05, 6.1818523136e-06, 3.41144823324e-06, 3.56872169505e-06, 3.725755505e-06, 2.23546521738e-06, 2.05866740544e-06, 1.99203350348e-06, 1.88537876511e-06, 1.59658122811e-06, 1.65944845776e-06, 1.40613781241e-06, 9.99156554826e-07, 8.52779010074e-07, 7.84711517099e-07, 6.99070142218e-07, 5.88591831274e-07],
        "dmean2": [0.00227355211973, 0.00322325038724, 0.00280153402127, 0.00129628798459, 0.00062532897573, 0.000294767203741, 0.000281791755697, 0.00037748971954, 0.000239600951318, 0.000176159664989, 0.000183486437891, 8.11019344837e-05, 5.15471838298e-05, 3.52543283952e-05, 3.83966471418e-05, 7.11643297109e-05, 9.59032477112e-05, 8.10786659713e-05, 3.95368915633e-05, 2.86844751827e-05, 2.73195619229e-05, 1.91069229913e-05, 1.72881609615e-05, 2.35108909692e-05, 9.98039649858e-06, 5.30283341504e-06, 5.82783377467e-06, 6.22453308097e-06, 3.55957104148e-06, 3.2007540085e-06, 3.07741015604e-06, 2.86361591861e-06, 2.41024190473e-06, 2.50343873631e-06, 2.04698767448e-06, 1.40890642797e-06, 1.20774450352e-06, 1.11855831619e-06, 9.88858232631e-07, 8.46417549383e-07],
        "dvar": [8.46495368023e-06, 1.24195166791e-05, 9.66037077887e-06, 1.46702825532e-06, 2.45330568305e-07, 8.7009368599e-08, 7.79844242516e-08, 1.64442894857e-07, 6.0313439576e-08, 2.33691235252e-08, 2.36744970294e-08, 5.90115822874e-09, 4.19874179869e-09, 9.13029929439e-10, 1.6579763118e-09, 4.46629933037e-09, 8.1282713893e-09, 5.90322102312e-09, 1.09049058672e-09, 7.24056481438e-10, 4.62931276646e-10, 2.69360339589e-10, 2.03184649661e-10, 4.72874850388e-10, 7.80415038149e-11, 6.14204173632e-11, 2.23627245194e-11, 3.17122716975e-11, 1.21733925024e-11, 1.28069508123e-11, 1.65844196015e-11, 1.55890196585e-11, 1.11241267933e-11, 1.08203038543e-11, 6.97483607329e-12, 5.56432894552e-12, 3.33257228237e-12, 2.86068694774e-12, 2.02917478827e-12, 1.34795798655e-12],
        "dvar2": [2.11198075704e-05, 3.51505550498e-05, 2.69414522336e-05, 3.9705942072e-06, 6.39636823507e-07, 1.65740715374e-07, 1.76817138708e-07, 3.65048009598e-07, 1.58768457936e-07, 5.31657384784e-08, 5.43001910103e-08, 1.40533655824e-08, 9.41731137516e-09, 2.3766035806e-09, 3.55488549708e-09, 9.57406864899e-09, 2.15280095972e-08, 1.59274087252e-08, 2.78772360751e-09, 1.86691262449e-09, 1.236711622e-09, 6.76510514275e-10, 4.77132833243e-10, 1.11184117468e-09, 1.80729042842e-10, 1.25564073028e-10, 4.88753169881e-11, 8.56844387109e-11, 2.86665708532e-11, 3.02618347048e-11, 4.0617502417e-11, 3.45888422071e-11, 2.32554028118e-11, 2.62438959453e-11, 1.53235826805e-11, 1.11434394698e-11, 6.08785981696e-12, 5.59388039362e-12, 4.28245199718e-12, 2.95070413416e-12],
        "max": [0.0208659172058, 0.0340033099055, 0.0435115359724, 0.0121143981814, 0.00521667301655, 0.00571432569996, 0.00531648704782, 0.00721680046991, 0.00275763822719, 0.00200155074708, 0.00206225481816, 0.00111030822154, 0.00190246663988, 0.000303714652546, 0.00073740282096, 0.00150064053014, 0.00122868188191, 0.00102873472497, 0.000358209188562, 0.000382629339583, 0.000228044911637, 0.00021945516346, 0.000241550282226, 0.000345442822436, 0.000152553155203, 0.000277982035186, 0.000113025431347, 8.1352853158e-05, 5.03955707245e-05, 7.30950632715e-05, 7.37216396374e-05, 7.96164749772e-05, 7.64698561397e-05, 5.664614946e-05, 4.10578322771e-05, 4.52367166872e-05, 3.8013284211e-05, 3.21002662531e-05, 2.15845357161e-05, 2.01403981919e-05],
        "mean": [0.00151706964243, 0.00324906175956, 0.00335452589206, 0.00153329735622, 0.000668055668939, 0.000549106800463, 0.000493557134178, 0.000461615796667, 0.000288748007733, 0.000227351178182, 0.000210589438211, 8.94262193469e-05, 5.58182982786e-05, 3.43588435499e-05, 3.87056679756e-05, 7.76707674959e-05, 9.46766449488e-05, 7.51157131162e-05, 4.30293948739e-05, 3.23859130731e-05, 2.66994848062e-05, 2.18032237171e-05, 2.16137577809e-05, 2.75311249425e-05, 1.26885388454e-05, 6.74684770274e-06, 7.7951754065e-06, 7.69595953898e-06, 4.25422604167e-06, 3.63839717465e-06, 3.59597834176e-06, 3.49668516719e-06, 3.03945307678e-06, 3.01496288557e-06, 2.65771132035e-06, 1.92374591279e-06, 1.72628074324e-06, 1.51475364873e-06, 1.22974597616e-06, 9.80741788226e-07],
        "median": [0.000505202333443, 0.00257211457938, 0.00259082345292, 0.00105851178523, 0.000464125187136, 0.000333397183567, 0.000255515798926, 0.000285485526547, 0.000131245775265, 0.000143159835716, 0.000135876485729, 5.70179945498e-05, 3.68979235645e-05, 2.32603470067e-05, 2.33948139794e-05, 4.37246890215e-05, 5.58173851459e-05, 3.09165479848e-05, 2.75062757282e-05, 2.1225778255e-05, 1.92076677195e-05, 1.52377815539e-05, 1.58090642799e-05, 1.9267476091e-05, 9.1610927484e-06, 4.60105457023e-06, 5.44293561688e-06, 4.99059069625e-06, 2.29501483773e-06, 1.54674967234e-06, 1.46763534303e-06, 1.45927526773e-06, 1.21543769183e-06, 1.31703666284e-06, 1.09730240183e-06, 7.00323255387e-07, 6.24729864285e-07, 5.70626980334e-07, 4.41810499296e-07, 3.62817843325e-07],
        "min": [1.41494217587e-06, 5.63907497053e-06, 4.58976828668e-05, 9.3075195764e-06, 1.18011503218e-05, 7.34545153591e-07, 2.79040318674e-06, 5.47684976482e-06, 1.75016066351e-06, 2.0440602384e-06, 4.49401522928e-06, 2.43004978984e-06, 2.63132164946e-06, 8.69980681273e-07, 2.01694570023e-06, 2.37799304159e-06, 2.27305622502e-06, 2.17998763219e-06, 1.58664761329e-06, 1.67868017797e-06, 8.6441593794e-07, 5.56841030175e-07, 1.31089348088e-06, 1.4761667444e-06, 8.83643622274e-07, 2.04692014449e-07, 2.28856478657e-07, 2.19159147719e-07, 1.14030306975e-07, 9.73321618858e-08, 4.08080360614e-08, 3.62961074529e-08, 4.87584124187e-08, 5.50959882162e-08, 3.18356718765e-08, 1.71999676724e-08, 1.13149853931e-08, 7.5187456261e-09, 8.00953259272e-09, 8.91013662851e-09],
