{
"highlevel": {
    "danceability": {
        "all": {
            "danceable": 0.996372818947,
            "not_danceable": 0.0036271836143
        },
        "probability": 0.996372818947,
        "value": "danceable"
    },
    "gender": {
        "all": {
            "female": 0.449966430664,
            "male": 0.550033569336
        },
        "probability": 0.550033569336,
        "value": "male"
    },
    "genre_dortmund": {
        "all": {
            "alternative": 0.0426576845348,
            "blues": 0.251315891743,
            "electronic": 0.150587037206,
            "folkcountry": 0.0265847481787,
            "funksoulrnb": 0.0184572208673,
            "jazz": 0.161810621619,
            "pop": 0.0443077534437,
            "raphiphop": 0.24277150631,
            "rock": 0.0615075342357
        },
        "probability": 0.251315891743,
        "value": "blues"
    },
    "genre_electronic": {
        "all": {
            "ambient": 0.154790699482,
            "dnb": 0.085116930306,
            "house": 0.696809113026,
            "techno": 0.0263652484864,
            "trance": 0.0369180366397
        },
        "probability": 0.696809113026,
        "value": "house"
    },
    "genre_rosamerica": {
        "all": {
            "cla": 0.0130421835929,
            "dan": 0.165732160211,
            "hip": 0.42811602354,
            "jaz": 0.0207642931491,
            "pop": 0.187984198332,
            "rhy": 0.120914235711,
            "roc": 0.0376971364021,
            "spe": 0.0257497634739
        },
        "probability": 0.42811602354,
        "value": "hip"
    },
    "genre_tzanetakis": {
        "all": {
            "blu": 0.0626541376114,
            "cla": 0.0348133966327,
            "cou": 0.0783501937985,
            "dis": 0.104547761381,
            "hip": 0.15693578124,
            "jaz": 0.313987255096,
            "met": 0.044816005975,
            "pop": 0.0627349764109,
            "reg": 0.0627352520823,
            "roc": 0.0784252434969
        },
        "probability": 0.313987255096,
        "value": "jaz"
    },
    "ismir04_rhythm": {
        "all": {
            "ChaChaCha": 0.399167388678,
            "Jive": 0.0296371206641,
            "Quickstep": 0.0182987060398,
            "Rumba-American": 0.0377944111824,
            "Rumba-International": 0.0843043252826,
            "Rumba-Misc": 0.0115671865642,
            "Samba": 0.364948183298,
            "Tango": 0.0196319762617,
            "VienneseWaltz": 0.0272118076682,
            "Waltz": 0.00743890926242
        },
        "probability": 0.399167388678,
        "value": "ChaChaCha"
    },
    "mood_acoustic": {
        "all": {
            "acoustic": 0.12536072731,
            "not_acoustic": 0.87463927269
        },
        "probability": 0.87463927269,
        "value": "not_acoustic"
    },
    "mood_aggressive": {
        "all": {
            "aggressive": 0.172257438302,
            "not_aggressive": 0.827742576599
        },
        "probability": 0.827742576599,
        "value": "not_aggressive"
    },
    "mood_electronic": {
        "all": {
            "electronic": 0.816362738609,
            "not_electronic": 0.183637231588
        },
        "probability": 0.816362738609,
        "value": "electronic"
    },
    "mood_happy": {
        "all": {
            "happy": 0.208886533976,
            "not_happy": 0.791113495827
        },
        "probability": 0.791113495827,
        "value": "not_happy"
    },
    "mood_party": {
        "all": {
            "not_party": 0.644180715084,
            "party": 0.355819284916
        },
        "probability": 0.644180715084,
        "value": "not_party"
    },
    "mood_relaxed": {
        "all": {
            "not_relaxed": 0.445513010025,
            "relaxed": 0.554486989975
        },
        "probability": 0.554486989975,
        "value": "relaxed"
    },
    "mood_sad": {
        "all": {
            "not_sad": 0.693185448647,
            "sad": 0.306814521551
        },
        "probability": 0.693185448647,
        "value": "not_sad"
    },
    "moods_mirex": {
        "all": {
            "Cluster1": 0.286647677422,
            "Cluster2": 0.141766414046,
            "Cluster3": 0.230149552226,
            "Cluster4": 0.196085482836,
            "Cluster5": 0.145350888371
        },
        "probability": 0.286647677422,
        "value": "Cluster1"
    },
    "timbre": {
        "all": {
            "bright": 0.0729922652245,
            "dark": 0.927007734776
        },
        "probability": 0.927007734776,
        "value": "dark"
    },
    "tonal_atonal": {
        "all": {
            "atonal": 0.992845058441,
            "tonal": 0.00715493643656
        },
        "probability": 0.992845058441,
        "value": "atonal"
    },
    "voice_instrumental": {
        "all": {
            "instrumental": 0.307447731495,
            "voice": 0.692552268505
        },
        "probability": 0.692552268505,
        "value": "voice"
    }
},
"lowlevel": {
    "average_loudness": 0.932318806648,
    "barkbands_crest": {
        "dmean": 2.63359737396,
        "dmean2": 3.98768901825,
        "dvar": 6.82077503204,
        "dvar2": 15.0811080933,
        "max": 26.1974906921,
        "mean": 14.4752254486,
        "median": 13.8978900909,
        "min": 3.05141830444,
        "var": 30.8962440491
    },
    "barkbands_flatness_db": {
        "dmean": 0.0288613792509,
        "dmean2": 0.041670165956,
        "dvar": 0.000942846410908,
        "dvar2": 0.00184501335025,
        "max": 0.494731456041,
        "mean": 0.214140638709,
        "median": 0.206176280975,
        "min": 0.0557066015899,
        "var": 0.00492899725214
    },
    "barkbands_kurtosis": {
        "dmean": 9.9929857254,
        "dmean2": 15.5158901215,
        "dvar": 721.87286377,
        "dvar2": 1698.01550293,
        "max": 446.672698975,
        "mean": 14.9866123199,
        "median": 6.03857803345,
        "min": -1.91837728024,
        "var": 1142.21594238
    },
    "barkbands_skewness": {
        "dmean": 0.938336551189,
        "dmean2": 1.32968783379,
        "dvar": 1.5190321207,
        "dvar2": 3.11226034164,
        "max": 18.8442630768,
        "mean": 2.61753821373,
        "median": 2.28694009781,
        "min": -1.99397623539,
        "var": 4.99371337891
    },
    "barkbands_spread": {
        "dmean": 6.22273635864,
        "dmean2": 9.08260345459,
        "dvar": 72.2138366699,
        "dvar2": 144.996322632,
        "max": 89.9155349731,
        "mean": 16.5995006561,
        "median": 12.9232397079,
        "min": 0.295093953609,
        "var": 178.666671753
    },
    "dissonance": {
        "dmean": 0.0222315117717,
        "dmean2": 0.0354012995958,
        "dvar": 0.000560441345442,
        "dvar2": 0.00139103038236,
        "max": 0.499878078699,
        "mean": 0.455931901932,
        "median": 0.465406566858,
        "min": 0.230198696256,
        "var": 0.00138099770993
    },
    "dynamic_complexity": 2.78821396828,
    "erbbands_crest": {
        "dmean": 2.99870038033,
        "dmean2": 4.98113155365,
        "dvar": 8.19131374359,
        "dvar2": 21.3107852936,
        "max": 28.4068412781,
        "mean": 9.69794178009,
        "median": 8.79713058472,
        "min": 3.02520489693,
        "var": 18.690870285
    },
    "erbbands_flatness_db": {
        "dmean": 0.0210988018662,
        "dmean2": 0.0309720095247,
        "dvar": 0.000411064684158,
        "dvar2": 0.000843154033646,
        "max": 0.397563993931,
        "mean": 0.171418324113,
        "median": 0.167630806565,
        "min": 0.0634310990572,
        "var": 0.00202353927307
    },
    "erbbands_kurtosis": {
        "dmean": 1.47042262554,
        "dmean2": 2.30170059204,
        "dvar": 6.29430866241,
        "dvar2": 15.9119911194,
        "max": 34.2971229553,
        "mean": 0.82286220789,
        "median": -0.0102412700653,
        "min": -1.88768625259,
        "var": 8.5591506958
    },
    "erbbands_skewness": {
        "dmean": 0.516860604286,
        "dmean2": 0.77010768652,
        "dvar": 0.31838914752,
        "dvar2": 0.711430847645,
        "max": 5.58422136307,
        "mean": 0.272847622633,
        "median": 0.309627622366,
        "min": -3.02800655365,
        "var": 1.00164914131
    },
    "erbbands_spread": {
        "dmean": 11.8418464661,
        "dmean2": 17.0842781067,
        "dvar": 165.402313232,
        "dvar2": 350.374206543,
        "max": 143.660491943,
        "mean": 41.8618354797,
        "median": 39.5685653687,
        "min": 3.42088270187,
        "var": 481.808135986
    },
    "hfc": {
        "dmean": 7.59489679337,
        "dmean2": 10.6270675659,
        "dvar": 222.073425293,
        "dvar2": 469.329406738,
        "max": 220.920578003,
        "mean": 18.6724128723,
        "median": 14.6709804535,
        "min": 0.032366655767,
        "var": 367.232727051
    },
    "melbands_crest": {
        "dmean": 3.34339427948,
        "dmean2": 5.16217803955,
        "dvar": 12.385099411,
        "dvar2": 29.5419521332,
        "max": 36.3093147278,
        "mean": 20.50872612,
        "median": 20.4262447357,
        "min": 3.88079476357,
        "var": 62.3148498535
    },
    "melbands_flatness_db": {
        "dmean": 0.0346032120287,
        "dmean2": 0.0473504289985,
        "dvar": 0.0013852014672,
        "dvar2": 0.00253689475358,
        "max": 0.62666875124,
        "mean": 0.277365505695,
        "median": 0.268193840981,
        "min": 0.0253455899656,
        "var": 0.00924853142351
    },
    "melbands_kurtosis": {
        "dmean": 23.748878479,
        "dmean2": 36.6934623718,
        "dvar": 3197.84863281,
        "dvar2": 7611.10009766,
        "max": 710.485778809,
        "mean": 38.681060791,
        "median": 17.7104949951,
        "min": -1.66412580013,
        "var": 4859.46582031
    },
    "melbands_skewness": {
        "dmean": 1.29974961281,
        "dmean2": 1.85932636261,
        "dvar": 3.00250029564,
        "dvar2": 6.16476678848,
        "max": 17.871427536,
        "mean": 4.10073375702,
        "median": 3.48690843582,
        "min": -1.37773215771,
        "var": 9.68864917755
    },
    "melbands_spread": {
        "dmean": 6.63120937347,
        "dmean2": 9.49924564362,
        "dvar": 123.029953003,
        "dvar2": 261.89175415,
        "max": 157.8384552,
        "mean": 16.5196685791,
        "median": 10.5286149979,
        "min": 0.287116289139,
        "var": 318.127807617
    },
    "pitch_salience": {
        "dmean": 0.0825400128961,
        "dmean2": 0.133770078421,
        "dvar": 0.00915720872581,
        "dvar2": 0.0228505562991,
        "max": 0.905452311039,
        "mean": 0.450693130493,
        "median": 0.455012589693,
        "min": 0.0696834400296,
        "var": 0.0279133673757
    },
    "silence_rate_20dB": {
        "dmean": 0,
        "dmean2": 0,
        "dvar": 0,
        "dvar2": 0,
        "max": 1,
        "mean": 1,
        "median": 1,
        "min": 1,
        "var": 0
    },
    "silence_rate_30dB": {
        "dmean": 0.0526315793395,
        "dmean2": 0.104570098221,
        "dvar": 0.049861010164,
        "dvar2": 0.0982822179794,
        "max": 1,
        "mean": 0.847641170025,
        "median": 1,
        "min": 0,
        "var": 0.129145666957
    },
    "silence_rate_60dB": {
        "dmean": 0.0208978336304,
        "dmean2": 0.0418280400336,
        "dvar": 0.0204611644149,
        "dvar2": 0.0447266250849,
        "max": 1,
        "mean": 0.0626450106502,
        "median": 0,
        "min": 0,
        "var": 0.0587194785476
    },
    "spectral_centroid": {
        "dmean": 330.452850342,
        "dmean2": 480.612640381,
        "dvar": 169295.640625,
        "dvar2": 312820.25,
        "max": 3970.81225586,
        "mean": 1311.40209961,
        "median": 1136.49731445,
        "min": 122.487068176,
        "var": 646836.4375
    },
    "spectral_complexity": {
        "dmean": 4.17647075653,
        "dmean2": 5.97521305084,
        "dvar": 28.2273578644,
        "dvar2": 47.1147537231,
        "max": 61,
        "mean": 14.9505023956,
        "median": 13,
        "min": 0,
        "var": 104.667366028
    },
    "spectral_decrease": {
        "dmean": 3.3644580455e-09,
        "dmean2": 4.56212578825e-09,
        "dvar": 3.568448229e-17,
        "dvar2": 6.22664507438e-17,
        "max": -4.11199026218e-12,
        "mean": -1.38319791176e-08,
        "median": -1.00332426811e-08,
        "min": -5.97816622872e-08,
        "var": 1.49886344604e-16
    },
    "spectral_energy": {
        "dmean": 0.013017273508,
        "dmean2": 0.0177940055728,
        "dvar": 0.000519360008184,
        "dvar2": 0.000902860949282,
        "max": 0.229278281331,
        "mean": 0.053898692131,
        "median": 0.0398820005357,
        "min": 1.92312782019e-05,
        "var": 0.00219535455108
    },
    "spectral_energyband_high": {
        "dmean": 0.000600967789069,
        "dmean2": 0.000879934756085,
        "dvar": 3.56819373337e-06,
        "dvar2": 7.9093470049e-06,
        "max": 0.0254786536098,
        "mean": 0.000769824138843,
        "median": 0.000225974668865,
        "min": 2.02309863084e-07,
        "var": 4.05029913964e-06
    },
    "spectral_energyband_low": {
        "dmean": 0.0109508195892,
        "dmean2": 0.0143296122551,
        "dvar": 0.000568953750189,
        "dvar2": 0.00108317798004,
        "max": 0.223332285881,
        "mean": 0.0381365083158,
        "median": 0.0216244067997,
        "min": 1.40921045499e-07,
        "var": 0.00201548170298
    },
    "spectral_energyband_middle_high": {
        "dmean": 0.00203311722726,
        "dmean2": 0.00281424424611,
        "dvar": 8.2800643213e-06,
        "dvar2": 1.29595227918e-05,
        "max": 0.0293524973094,
        "mean": 0.00437124632299,
        "median": 0.00212371745147,
        "min": 5.61056913284e-06,
        "var": 2.74593330687e-05
    },
    "spectral_energyband_middle_low": {
        "dmean": 0.00573494611308,
        "dmean2": 0.00972536485642,
        "dvar": 0.000135316382512,
        "dvar2": 0.000391119596316,
        "max": 0.1164970994,
        "mean": 0.0117311123759,
        "median": 0.00901194661856,
        "min": 5.32660260433e-06,
        "var": 0.000142563701957
    },
    "spectral_entropy": {
        "dmean": 0.215308248997,
        "dmean2": 0.317570775747,
        "dvar": 0.0558307506144,
        "dvar2": 0.110293671489,
        "max": 8.67145442963,
        "mean": 7.33482027054,
        "median": 7.36096477509,
        "min": 5.2275557518,
        "var": 0.251079082489
    },
    "spectral_flux": {
        "dmean": 0.0334270521998,
        "dmean2": 0.0497657470405,
        "dvar": 0.00207453756593,
        "dvar2": 0.00343957752921,
        "max": 0.439821481705,
        "mean": 0.0951482057571,
        "median": 0.0776131004095,
        "min": 0.0036840850953,
        "var": 0.00504528870806
    },
    "spectral_kurtosis": {
        "dmean": 2.29161286354,
        "dmean2": 3.70377898216,
        "dvar": 8.90091991425,
        "dvar2": 22.299156189,
        "max": 34.1647758484,
        "mean": 5.33987092972,
        "median": 4.39292430878,
        "min": -0.370922803879,
        "var": 17.9932441711
    },
    "spectral_rms": {
        "dmean": 0.000846547598485,
        "dmean2": 0.00113925884943,
        "dvar": 1.45717763189e-06,
        "dvar2": 2.29711986321e-06,
        "max": 0.0149561399594,
        "mean": 0.00655064219609,
        "median": 0.00623772945255,
        "min": 0.000136975257192,
        "var": 9.67321557255e-06
    },
    "spectral_rolloff": {
        "dmean": 439.797180176,
        "dmean2": 726.091430664,
        "dvar": 871253.8125,
        "dvar2": 1858924.875,
        "max": 12510.7910156,
        "mean": 952.94140625,
        "median": 430.6640625,
        "min": 64.599609375,
        "var": 1725951.25
    },
    "spectral_skewness": {
        "dmean": 0.308117359877,
        "dmean2": 0.468401372433,
        "dvar": 0.100218698382,
        "dvar2": 0.220168069005,
        "max": 4.25260734558,
        "mean": 1.53975641727,
        "median": 1.47205770016,
        "min": 0.244943782687,
        "var": 0.33829754591
    },
    "spectral_spread": {
        "dmean": 596510.0625,
        "dmean2": 867900.1875,
        "dvar": 741269700608,
        "dvar2": 1.26994179686e+12,
        "max": 20271688,
        "mean": 3968178.25,
        "median": 3689624.75,
        "min": 1164086.375,
        "var": 1.8248424489e+12
    },
    "spectral_strongpeak": {
        "dmean": 0.331867545843,
        "dmean2": 0.541031360626,
        "dvar": 0.517204642296,
        "dvar2": 1.20926618576,
        "max": 9.58726024628,
        "mean": 0.714569985867,
        "median": 0.476330935955,
        "min": 0,
        "var": 0.778140842915
    },
    "zerocrossingrate": {
        "dmean": 0.0094916280359,
        "dmean2": 0.0109505867586,
        "dvar": 0.000179605776793,
        "dvar2": 0.000193999527255,
        "max": 0.37109375,
        "mean": 0.0381074622273,
        "median": 0.03076171875,
        "min": 0.001953125,
        "var": 0.00116641528439
    },
    "barkbands": {
        "dmean": [0.000913201831281, 0.00883537810296, 0.00404166709632, 0.00169075420126, 0.00253510172479, 0.000955015595537, 0.0016663740389, 0.000345199194271, 0.00113424367737, 0.000755893532187, 0.000309841474518, 0.000415099813836, 0.000241358211497, 0.000202964030905, 0.000205538744922, 0.00017305916117, 0.000232408798183, 0.00045488102478, 0.000230585210375, 0.000218543573283, 0.000209403093322, 0.000141483556945, 9.6524701803e-05, 4.57795031252e-05, 3.29313625116e-05, 1.28945175675e-05, 2.77971796692e-08],
        "dmean2": [0.00127006368712, 0.0114504639059, 0.00719202496111, 0.00301869190298, 0.0043288548477, 0.00169162894599, 0.00275679677725, 0.000552374986, 0.00177394598722, 0.00111926300451, 0.000483895710204, 0.000615647993982, 0.000397350464482, 0.000305256020511, 0.000320164923323, 0.000264047179371, 0.000338467478286, 0.00067769252928, 0.000361577345757, 0.000324097723933, 0.000331026269123, 0.000213953419006, 0.000145071040606, 6.86797211529e-05, 5.19892928423e-05, 2.05818669201e-05, 4.28209929737e-08],
        "dvar": [7.28374288883e-06, 0.000360663747415, 0.000264414702542, 2.26948723139e-05, 2.71625594905e-05, 4.44856323156e-06, 1.03979045889e-05, 7.57983286803e-07, 8.18410444481e-06, 2.99040334539e-06, 7.24137180441e-07, 1.5419079773e-06, 3.91288608625e-07, 2.03635110552e-07, 1.52922254415e-07, 1.47360609049e-07, 2.61907331378e-07, 9.12290374799e-07, 3.5675262211e-07, 2.96559193202e-07, 6.2070603235e-07, 2.43758904617e-07, 7.21544637372e-08, 1.38010207706e-08, 6.5793352988e-09, 1.17975440528e-09, 7.60499315974e-14],
        "dvar2": [1.430899556e-05, 0.0006042754394, 0.000729804334696, 6.6425120167e-05, 7.82794304541e-05, 1.3274747289e-05, 2.64810169028e-05, 1.84520342827e-06, 1.7675858544e-05, 5.87228441873e-06, 1.46434672388e-06, 2.65229664365e-06, 9.54797314989e-07, 4.00037549753e-07, 3.33217343496e-07, 3.30915298719e-07, 5.22533071035e-07, 1.82772248536e-06, 8.61993783019e-07, 5.9532794694e-07, 1.53549842707e-06, 5.57103760457e-07, 1.4821705463e-07, 2.98430684609e-08, 1.46759076003e-08, 2.7020476967e-09, 1.09577799579e-13],
        "max": [0.0333793200552, 0.194391086698, 0.147893846035, 0.0462598353624, 0.051674913615, 0.0245710499585, 0.0279548410326, 0.0123974625021, 0.0348530597985, 0.0172563567758, 0.012130738236, 0.0197748802602, 0.0101485298946, 0.00641243718565, 0.00595462648198, 0.00493712350726, 0.00870339199901, 0.0117174051702, 0.00748050771654, 0.00888273492455, 0.00891432352364, 0.00616784393787, 0.00453434605151, 0.00128781888634, 0.00122464541346, 0.000772518105805, 8.56145106809e-06],
        "mean": [0.0021665673703, 0.0313805602491, 0.0036457744427, 0.00209336355329, 0.00410937238485, 0.00152832141612, 0.00208152132109, 0.000421420729253, 0.00118813943118, 0.00101623870432, 0.000388041167753, 0.000522223999724, 0.000305622321321, 0.000296360842185, 0.000312369753374, 0.0002515281667, 0.00036258509499, 0.00063398637576, 0.000282478082227, 0.000286085647531, 0.000242902344326, 0.000153585948283, 0.000114254915388, 6.01292849751e-05, 4.04683305533e-05, 1.48340177475e-05, 2.16587157098e-08],
        "median": [0.000543433823623, 0.0185929331928, 0.000469439459266, 0.000833630794659, 0.00212059495971, 0.00081941485405, 0.000828327727504, 6.6330365371e-05, 0.000189479003893, 0.000139498835779, 6.28477355349e-05, 7.36663714633e-05, 7.17000802979e-05, 5.72698772885e-05, 0.000105338040157, 6.57988275634e-05, 9.88764077192e-05, 0.000178762929863, 7.93547878857e-05, 7.93078434072e-05, 6.54077375657e-05, 2.40929639403e-05, 1.54573244799e-05, 1.05886929305e-05, 1.29920945255e-05, 4.37023845734e-06, 6.51269038698e-10],
        "min": [3.45808937041e-09, 2.07432844235e-08, 1.38163986918e-08, 8.97114134091e-08, 1.87309240118e-07, 1.6732181507e-07, 2.95055713195e-07, 7.68690767927e-07, 2.90578213935e-07, 1.2657794457e-07, 4.03115762992e-08, 2.22724274579e-08, 3.03962508497e-08, 1.47887933011e-08, 3.3402130839e-08, 1.59856966775e-07, 4.26602269954e-07, 1.98540348606e-07, 2.23419633016e-07, 2.26426621452e-07, 1.93782163649e-08, 8.43539194051e-09, 1.95266403047e-09, 1.99843093462e-11, 6.52542473181e-12, 6.96121112143e-12, 1.04432374207e-11],
        "var": [1.64470748132e-05, 0.00146520836279, 0.000174886532477, 2.25930725719e-05, 3.47046880051e-05, 4.59392094854e-06, 1.22326246128e-05, 9.8121654446e-07, 1.05048920886e-05, 5.59095224162e-06, 1.21714595025e-06, 2.78294351119e-06, 5.77067112317e-07, 4.33826244262e-07, 2.91917643835e-07, 2.53938537753e-07, 5.24660038081e-07, 1.68975657289e-06, 3.91907803987e-07, 4.19467937718e-07, 5.66261121548e-07, 2.53159640806e-07, 9.24113550127e-08, 2.03586409953e-08, 9.25688237174e-09, 1.51160373107e-09, 6.99786975871e-14]
    },
    "erbbands": {
        "dmean": [0.413663327694, 1.73622214794, 4.36080789566, 5.24718952179, 7.19554233551, 9.57007026672, 5.85400438309, 8.98119068146, 25.0603790283, 10.7836685181, 11.6402854919, 29.8312244415, 15.0261526108, 22.8686237335, 15.9798002243, 12.3289899826, 11.4273605347, 10.5325889587, 10.4422264099, 8.52999782562, 10.4997844696, 12.0560255051, 24.3500423431, 16.2971191406, 10.4061965942, 10.3522367477, 9.94781589508, 6.71674489975, 4.8096113205, 3.87408614159, 2.76522493362, 1.37045502663, 0.613572180271, 0.405579656363, 0.212315440178, 0.0795013308525, 0.0211295895278, 0.00138916727155, 3.46699052898e-05, 1.53161308845e-05],
        "dmean2": [0.434766083956, 2.38292551041, 7.44692468643, 9.54176044464, 12.4869918823, 16.2657737732, 10.4251346588, 15.8548803329, 41.0111312866, 18.543592453, 18.0946025848, 47.017124176, 21.7775592804, 34.3455467224, 23.1283283234, 18.6805019379, 18.6334590912, 15.3567180634, 15.9282636642, 13.1714076996, 15.2565040588, 17.4045639038, 36.7190971375, 24.6268978119, 15.4767427444, 15.2878141403, 15.4019565582, 10.7821073532, 7.15542936325, 5.8578248024, 4.12069797516, 2.05944705009, 0.921738922596, 0.642966330051, 0.339957863092, 0.127823457122, 0.0334146991372, 0.00232260464691, 5.38780041097e-05, 2.17488905037e-05],
        "dvar": [0.803564488888, 15.8927640915, 287.0362854, 283.417755127, 243.009216309, 392.891937256, 270.264862061, 362.84375, 2225.4074707, 590.438110352, 711.463500977, 5999.2890625, 1417.80029297, 3045.59155273, 1537.63500977, 1088.09448242, 887.403625488, 587.636230469, 394.159790039, 275.997253418, 503.79586792, 604.958618164, 3092.30932617, 1324.32336426, 609.91015625, 653.215576172, 1283.95690918, 607.876647949, 258.699645996, 149.783843994, 61.4599990845, 14.1967563629, 2.02250337601, 1.05208671093, 0.284048080444, 0.0410829111934, 0.0039376700297, 1.89160818991e-05, 8.94744456303e-09, 6.90325629993e-10],
        "dvar2": [0.948210120201, 32.621799469, 755.417907715, 816.995361328, 715.069641113, 1096.1505127, 782.917236328, 1105.11572266, 5512.49365234, 1604.75366211, 1671.40551758, 13147.25, 2526.59033203, 6503.72802734, 2732.6484375, 2320.07641602, 2165.66577148, 1120.4786377, 809.544311523, 619.235412598, 1048.3684082, 1240.9395752, 6346.44824219, 2852.63500977, 1372.54711914, 1311.65576172, 3000.40698242, 1549.63659668, 575.612365723, 329.312347412, 129.064758301, 31.4641685486, 4.04748153687, 2.39422297478, 0.654162466526, 0.0954283699393, 0.00869988370687, 4.47552956757e-05, 1.95583904627e-08, 1.21936738484e-09],
        "max": [11.1898097992, 41.4722557068, 162.451919556, 160.179885864, 176.521621704, 297.440246582, 137.581420898, 232.911148071, 425.806213379, 223.361495972, 352.777160645, 966.639587402, 571.605651855, 641.011535645, 518.008178711, 496.33013916, 499.442993164, 375.548431396, 321.91305542, 253.023178101, 313.36605835, 393.293914795, 756.68939209, 469.950500488, 354.93536377, 407.820159912, 437.159637451, 280.013183594, 169.628570557, 175.888763428, 131.751083374, 50.8718147278, 15.3137140274, 15.7740459442, 8.7257900238, 4.23281860352, 1.52497339249, 0.0641065984964, 0.00127856060863, 0.000265331094852],
        "mean": [1.38991248608, 5.07240390778, 4.8302283287, 5.80272245407, 10.6092281342, 15.0320625305, 10.9995946884, 14.0437107086, 33.4793357849, 12.8636331558, 14.719417572, 31.640165329, 22.4684829712, 29.1462955475, 22.0912055969, 15.9872198105, 14.9349126816, 15.8971719742, 16.0468635559, 13.7628469467, 16.1808490753, 19.6728382111, 35.1499099731, 22.0283317566, 14.1287145615, 13.6235027313, 11.4871292114, 7.78465414047, 5.42271566391, 4.36670637131, 3.20219516754, 1.65590393543, 0.833182871342, 0.511923074722, 0.245825991035, 0.0903925746679, 0.0240622796118, 0.00146044942085, 6.14945820416e-05, 6.33882882539e-05],
        "median": [0.812820494175, 2.61768960953, 1.05454969406, 2.14200210571, 5.20527887344, 7.01506471634, 5.30321550369, 6.902156353, 14.4352455139, 5.50186061859, 3.42438054085, 5.67770814896, 3.72705173492, 4.60346698761, 3.68465590477, 3.30452823639, 3.80650377274, 3.5267162323, 5.07502412796, 4.43557548523, 4.41315317154, 5.77024698257, 9.70334815979, 6.36348390579, 4.17350578308, 3.58289265633, 3.2481572628, 1.77993440628, 0.896833956242, 0.690353870392, 0.392916887999, 0.209951296449, 0.183838933706, 0.173394456506, 0.0645711198449, 0.0246757045388, 0.00669211614877, 0.000342870189343, 3.42920538969e-05, 4.8430156312e-05],
        "min": [1.75624893473e-06, 9.8747013908e-06, 6.50545116514e-05, 0.000185586279258, 0.00128359883092, 0.000794366234913, 0.000316719932016, 0.00210333219729, 0.00365505949594, 0.0101955039427, 0.0195304881781, 0.0108203412965, 0.00602100975811, 0.00224405201152, 0.0018393631326, 0.0011665886268, 0.00174196076114, 0.00162260676734, 0.00177623762283, 0.0035128230229, 0.0149444872513, 0.0197594389319, 0.0163323339075, 0.0144394086674, 0.0161627307534, 0.0115632750094, 0.00377362035215, 0.000585031521041, 0.000305279099848, 0.00016639502428, 1.30898924908e-05, 9.2334821602e-06, 1.68642941389e-06, 7.93705567048e-07, 6.07221011251e-07, 4.65064630362e-07, 2.75210879863e-07, 4.93035194893e-08, 5.21430649769e-08, 3.07822958234e-08],
        "var": [3.55800580978, 43.9612503052, 221.930969238, 193.341171265, 300.865356445, 601.864807129, 277.46762085, 403.485137939, 2937.37963867, 509.609191895, 969.106079102, 7526.67675781, 3105.1574707, 5044.96923828, 2938.53198242, 1643.54870605, 1344.14916992, 1279.18566895, 849.479980469, 527.959655762, 988.221496582, 1272.55932617, 5833.62548828, 1851.41894531, 839.553161621, 936.741210938, 1244.03649902, 553.296264648, 284.370513916, 165.927185059, 77.5211486816, 19.3094959259, 3.2479622364, 1.42245733738, 0.372193932533, 0.0523083098233, 0.00495565962046, 1.92718798644e-05, 1.049729903e-08, 2.81907852617e-09]
    },
    "gfcc": {
        "mean": [-22.5052223206, 109.265213013, -109.385574341, 49.5687408447, -48.4406204224, 8.41411304474, -30.4793930054, 13.2547178268, -21.3072242737, 3.37531256676, -9.05680751801, 2.30008482933, -4.03891324997],
        "cov": [[5738.69189453, -1218.84912109, 216.187759399, 395.851348877, -251.117431641, 735.662414551, -45.7212905884, 471.478668213, 18.7595939636, 358.749359131, 1.6307682991, 347.409637451, 12.7894086838], [-1218.84912109, 2063.21679688, 304.251739502, -154.193191528, 555.549316406, -228.700302124, 303.245300293, -338.949127197, 280.38369751, -109.670448303, 259.43649292, -135.125991821, 183.798065186], [216.187759399, 304.251739502, 1040.96032715, 415.69543457, 221.570343018, 112.811027527, 50.1789474487, -12.6864299774, 44.2662162781, 117.50579071, 205.383880615, 81.5019683838, 23.7610912323], [395.851348877, -154.193191528, 415.69543457, 787.490966797, 235.807174683, 110.811203003, 32.602519989, 33.4053535461, 168.148147583, 71.3981933594, 159.970367432, 1.50060248375, 55.0039291382], [-251.117431641, 555.549316406, 221.570343018, 235.807174683, 672.101196289, 89.4526596069, 206.498397827, -25.3942890167, 182.27961731, 66.7099685669, 110.265480042, -26.8927783966, 113.925590515], [735.662414551, -228.700302124, 112.811027527, 110.811203003, 89.4526596069, 546.02557373, 190.938354492, -2.30017709732, 69.2152938843, 34.1990776062, 36.8944396973, 45.4162406921, 7.17717027664], [-45.7212905884, 303.245300293, 50.1789474487, 32.602519989, 206.498397827, 190.938354492, 345.633789062, 29.4944972992, 114.575454712, -10.0517683029, 69.3846893311, -22.1835689545, 23.0324878693], [471.478668213, -338.949127197, -12.6864299774, 33.4053535461, -25.3942890167, -2.30017709732, 29.4944972992, 347.860351562, -13.7182092667, 70.1387634277, -39.5056610107, 47.5409088135, -17.7625675201], [18.7595939636, 280.38369751, 44.2662162781, 168.148147583, 182.27961731, 69.2152938843, 114.575454712, -13.7182092667, 273.213867188, 36.2723350525, 63.1217956543, -42.3335075378, 47.3777618408], [358.749359131, -109.670448303, 117.50579071, 71.3981933594, 66.7099685669, 34.1990776062, -10.0517683029, 70.1387634277, 36.2723350525, 185.726791382, 46.1322364807, 58.5881156921, 12.2070579529], [1.6307682991, 259.43649292, 205.383880615, 159.970367432, 110.265480042, 36.8944396973, 69.3846893311, -39.5056610107, 63.1217956543, 46.1322364807, 216.241043091, 53.4591522217, 56.3147544861], [347.409637451, -135.125991821, 81.5019683838, 1.50060248375, -26.8927783966, 45.4162406921, -22.1835689545, 47.5409088135, -42.3335075378, 58.5881156921, 53.4591522217, 162.445907593, 35.7313423157], [12.7894086838, 183.798065186, 23.7610912323, 55.0039291382, 113.925590515, 7.17717027664, 23.0324878693, -17.7625675201, 47.3777618408, 12.2070579529, 56.3147544861, 35.7313423157, 127.389778137]],
        "icov": [[0.000340746657457, -0.000271831377177, 0.000156290028826, -0.00036493584048, 0.000310559698846, -0.000669961445965, 0.000341178325471, -0.000462004041765, 0.000132582252263, -0.000533495040145, 0.00038776837755, -0.000531992001925, 9.99236217467e-05], [-0.000271831377177, 0.00306443823501, -0.0014346454991, 0.00256206607446, -0.00146463769488, 0.00248298444785, -0.0017931148177, 0.00189244479407, -0.00220020208508, 0.00208612857386, -0.00270909979008, 0.00215473002754, -0.0022631068714], [0.000156290028826, -0.0014346454991, 0.00218611978926, -0.00183748069685, 0.000365880026948, -0.00127899704967, 0.000855516176671, -0.000720443320461, 0.0014898434747, -0.00144727935549, 0.000411610788433, -0.00147061189637, 0.00174467614852], [-0.00036493584048, 0.00256206607446, -0.00183748069685, 0.00439849402755, -0.00168489746284, 0.00175511592533, -0.000487408571644, 0.000997691531666, -0.00281368684955, 0.00226493738592, -0.00349937868305, 0.00269766245037, -0.00196147500537], [0.000310559698846, -0.00146463769488, 0.000365880026948, -0.00168489746284, 0.003494866658, -0.00116348348092, -0.00053443480283, -0.000701809185557, 0.000602604530286, -0.00221261242405, 0.00177410256583, -0.00042362124077, -0.000997450551949], [-0.000669961445965, 0.00248298444785, -0.00127899704967, 0.00175511592533, -0.00116348348092, 0.00531947473064, -0.00363190169446, 0.00261121196672, -0.0018116022693, 0.00166917452589, -0.00141450169031, 0.000878668914083, -0.00138022575993], [0.000341178325471, -0.0017931148177, 0.000855516176671, -0.000487408571644, -0.00053443480283, -0.00363190169446, 0.00703185657039, -0.00280091166496, -0.000138671326567, 0.000395265989937, -0.000666143372655, -0.000344861618942, 0.00202928343788], [-0.000462004041765, 0.00189244479407, -0.000720443320461, 0.000997691531666, -0.000701809185557, 0.00261121196672, -0.00280091166496, 0.00534408167005, -0.000966374704149, -9.75923976512e-05, -2.34224025917e-05, 0.000110881308501, -0.000900345447008], [0.000132582252263, -0.00220020208508, 0.0014898434747, -0.00281368684955, 0.000602604530286, -0.0018116022693, -0.000138671326567, -0.000966374704149, 0.00758492853492, -0.00296385586262, 0.00138952722773, 0.000570334028453, 0.000240465597017], [-0.000533495040145, 0.00208612857386, -0.00144727935549, 0.00226493738592, -0.00221261242405, 0.00166917452589, 0.000395265989937, -9.75923976512e-05, -0.00296385586262, 0.00973172765225, -0.00317204673775, -0.000365535437595, -0.00019012397388], [0.00038776837755, -0.00270909979008, 0.000411610788433, -0.00349937868305, 0.00177410256583, -0.00141450169031, -0.000666143372655, -2.34224025917e-05, 0.00138952722773, -0.00317204673775, 0.0110315429047, -0.00481465086341, 0.000175167660927], [-0.000531992001925, 0.00215473002754, -0.00147061189637, 0.00269766245037, -0.00042362124077, 0.000878668914083, -0.000344861618942, 0.000110881308501, 0.000570334028453, -0.000365535437595, -0.00481465086341, 0.0123815294355, -0.00506033049896], [9.99236217467e-05, -0.0022631068714, 0.00174467614852, -0.00196147500537, -0.000997450551949, -0.00138022575993, 0.00202928343788, -0.000900345447008, 0.000240465597017, -0.00019012397388, 0.000175167660927, -0.00506033049896, 0.0133746638894]]
    },
    "melbands": {
        "dmean": [0.00284808361903, 0.00209049112163, 0.000924417458009, 0.000636391458102, 0.000234695879044, 0.000202608731342, 0.000371610542061, 9.84255748335e-05, 0.000124792510178, 0.000171081221197, 7.57792950026e-05, 9.97448441922e-05, 5.06395772391e-05, 5.16170912306e-05, 2.36225223489e-05, 2.21806294576e-05, 2.12943286897e-05, 1.76980502147e-05, 1.28821029648e-05, 1.18872312669e-05, 1.26551603898e-05, 1.22651117636e-05, 1.90828668565e-05, 2.32516376855e-05, 1.31424812935e-05, 8.34002639749e-06, 7.02676607034e-06, 7.15085343472e-06, 6.25049278824e-06, 6.12732765148e-06, 3.40559358847e-06, 2.91607466352e-06, 2.42851706389e-06, 1.98966904463e-06, 1.7688682874e-06, 1.13602345664e-06, 7.56621091114e-07, 4.44199429239e-07, 3.93505359852e-07, 3.31919466134e-07],
        "dmean2": [0.00332534499466, 0.00318530504592, 0.00165201153141, 0.00107840879355, 0.000418906565756, 0.000356447504601, 0.000607738329563, 0.000169780905708, 0.000191622282728, 0.000271867756965, 0.000112333196739, 0.000151099229697, 7.55700602895e-05, 7.68535974203e-05, 3.68626351701e-05, 3.58338402293e-05, 3.18436323141e-05, 2.74081376119e-05, 2.01659386221e-05, 1.81698633241e-05, 1.83287611435e-05, 1.81911873369e-05, 2.90761727229e-05, 3.51659327862e-05, 2.02517730941e-05, 1.29317350002e-05, 1.05391318357e-05, 1.07834894152e-05, 9.82725578069e-06, 9.96547350951e-06, 5.50194590687e-06, 4.37140261056e-06, 3.6821456888e-06, 3.00520264318e-06, 2.6465670544e-06, 1.70589055415e-06, 1.15117757105e-06, 6.7070101295e-07, 6.04206661592e-07, 5.40851544883e-07],
        "dvar": [3.59167970601e-05, 4.42646596639e-05, 7.61082446843e-06, 1.57704334924e-06, 3.91924402265e-07, 1.80696488883e-07, 4.89130172809e-07, 4.6561211775e-08, 8.28635577932e-08, 1.91798278593e-07, 3.73255382158e-08, 6.12536155131e-08, 1.5382154217e-08, 2.5699163686e-08, 3.74102349099e-09, 2.63282462498e-09, 2.51968801379e-09, 1.14682496832e-09, 5.6497023726e-10, 5.75531233782e-10, 7.24017679143e-10, 6.76889044815e-10, 1.99754546237e-09, 2.48500020561e-09, 9.74456515479e-10, 4.63049570909e-10, 2.51118098538e-10, 3.32839505957e-10, 4.91207741149e-10, 6.67716715252e-10, 1.30503441387e-10, 9.32948857058e-11, 7.23263948732e-11, 3.52609781651e-11, 2.56950294375e-11, 9.11069570481e-12, 4.81307918868e-12, 1.20656143496e-12, 8.363259087e-13, 7.22478934317e-13],
        "dvar2": [4.79231603094e-05, 0.000107328043669, 2.17619945033e-05, 4.50775587524e-06, 1.1321827742e-06, 5.34562104804e-07, 1.22106609979e-06, 1.26554937196e-07, 1.83180006275e-07, 4.29090277976e-07, 6.71174902322e-08, 1.30403776666e-07, 2.94709838755e-08, 4.54493829238e-08, 8.41674463459e-09, 6.4397598365e-09, 4.76000661109e-09, 2.43995201821e-09, 1.2415826145e-09, 1.3209393579e-09, 1.5077916693e-09, 1.37799172073e-09, 4.68403982268e-09, 5.06990183169e-09, 2.17491469279e-09, 1.10030995426e-09, 5.20336496113e-10, 6.81604939157e-10, 1.11646125678e-09, 1.76049608225e-09, 3.29307303648e-10, 2.08671857571e-10, 1.66232361209e-10, 7.640055949e-11, 5.59872669059e-11, 1.91472202676e-11, 1.09511713933e-11, 2.40567830413e-12, 1.90310809646e-12, 1.6504725104e-12],
        "max": [0.0719592422247, 0.0672505870461, 0.0264504775405, 0.0129715194926, 0.00530632538721, 0.00500353705138, 0.00615995051339, 0.001958088018, 0.00287890667096, 0.00524012604728, 0.00281077506952, 0.00284702982754, 0.00173573056236, 0.00249523017555, 0.000979582313448, 0.000643646344543, 0.000739517039619, 0.000502273091115, 0.000316237477819, 0.000326797919115, 0.000340347673045, 0.000350176764186, 0.000595522928052, 0.000562224013265, 0.000392951362301, 0.000299651030218, 0.000222872229642, 0.000288667157292, 0.00033008409082, 0.000302164989989, 0.00013716230751, 0.000109165084723, 0.00010610926256, 9.00995946722e-05, 7.60920374887e-05, 5.58395331609e-05, 2.6753919883e-05, 1.2356782463e-05, 1.38773957588e-05, 1.24480939121e-05],
        "mean": [0.0102383978665, 0.00385309872217, 0.00113172829151, 0.00100521638524, 0.000428208673839, 0.000311454903567, 0.000490985519718, 0.000114665228466, 0.000149938830873, 0.000178763293661, 0.000109412561869, 0.000123088364489, 6.73246322549e-05, 6.49358989904e-05, 2.96908019664e-05, 2.93089069601e-05, 2.97715268971e-05, 2.51888595812e-05, 2.02065548365e-05, 1.73538028321e-05, 1.88088288269e-05, 1.86988163478e-05, 2.76295249932e-05, 3.17280537274e-05, 1.65126602951e-05, 1.02519106804e-05, 9.86141276371e-06, 8.78046193975e-06, 7.16084696251e-06, 6.41946689939e-06, 3.88766102333e-06, 3.17570265906e-06, 2.62530215878e-06, 2.26914812629e-06, 2.00065278477e-06, 1.31136255277e-06, 9.00276063476e-07, 5.83370535878e-07, 5.08044536218e-07, 4.01865094091e-07],
        "median": [0.00642576394603, 0.00158587121405, 0.000461630697828, 0.000483912794152, 0.000220375877689, 0.000162703479873, 0.000209421777981, 4.52069434687e-05, 2.9374326914e-05, 3.00184674416e-05, 1.51468120748e-05, 1.83928568731e-05, 1.15797802209e-05, 9.36208107305e-06, 7.21013020666e-06, 7.23141874914e-06, 5.64582569496e-06, 7.10305221219e-06, 6.80947550791e-06, 4.69319684271e-06, 4.738122243e-06, 5.12672067998e-06, 7.30876126909e-06, 8.40228221932e-06, 4.34910407421e-06, 2.67650079877e-06, 2.87639431917e-06, 1.97595295504e-06, 1.88327680917e-06, 1.58551188179e-06, 6.30985425687e-07, 4.43653163984e-07, 4.3792613269e-07, 3.36276542612e-07, 2.27781072226e-07, 1.5396048525e-07, 1.06318047699e-07, 9.7071762184e-08, 1.49013686723e-07, 1.26501646491e-07],
        "min": [6.48325926278e-09, 9.08906638841e-09, 7.97560133492e-08, 6.72816540259e-08, 1.63743472115e-08, 4.56841888763e-08, 5.69160114594e-08, 1.36715271992e-07, 9.13880171538e-08, 5.56455859169e-08, 2.42295659092e-08, 9.07110919712e-09, 5.71333735877e-09, 2.95864288624e-09, 3.79576015064e-09, 3.68579655685e-09, 2.66000044213e-09, 1.59514779163e-09, 2.78297362932e-09, 4.16210843568e-09, 1.56151198638e-08, 2.25186287395e-08, 1.0780309978e-08, 9.85310855128e-09, 1.0536660433e-08, 9.12355702098e-09, 1.11263558367e-08, 6.76198608218e-09, 1.09527731329e-09, 4.47893305777e-10, 1.22744356346e-10, 1.65182381662e-10, 9.60355545088e-11, 5.11465522712e-11, 2.38638644436e-13, 7.63997643361e-13, 2.66682563619e-13, 1.86929099044e-13, 7.39678568504e-14, 4.12513854455e-14],
