{
"highlevel": {
    "danceability": {
        "all": {
            "danceable": 0.265553414822,
            "not_danceable": 0.734446585178
        },
        "probability": 0.734446585178,
        "value": "not_danceable"
    },
    "gender": {
        "all": {
            "female": 0.197903573513,
            "male": 0.802096426487
        },
        "probability": 0.802096426487,
        "value": "male"
    },
    "genre_dortmund": {
        "all": {
            "alternative": 0.0423942022026,
            "blues": 0.322348713875,
            "electronic": 0.00384294777177,
            "folkcountry": 0.45541626215,
            "funksoulrnb": 0.0138281090185,
            "jazz": 0.0962934345007,
            "pop": 0.0288232173771,
            "raphiphop": 0.00442963745445,
            "rock": 0.0326234772801
        },
        "probability": 0.45541626215,
        "value": "folkcountry"
    },
    "genre_electronic": {
        "all": {
            "ambient": 0.937652945518,
            "dnb": 0.022427758202,
            "house": 0.025522954762,
            "techno": 0.00487483432516,
            "trance": 0.00952153559774
        },
        "probability": 0.937652945518,
        "value": "ambient"
    },
    "genre_rosamerica": {
        "all": {
            "cla": 0.487798959017,
            "dan": 0.00532958796248,
            "hip": 0.0189158637077,
            "jaz": 0.198371827602,
            "pop": 0.0266594719142,
            "rhy": 0.205200761557,
            "roc": 0.0160914156586,
            "spe": 0.041632104665
        },
        "probability": 0.487798959017,
        "value": "cla"
    },
    "genre_tzanetakis": {
        "all": {
            "blu": 0.0626613423228,
            "cla": 0.0348169617355,
            "cou": 0.104475811124,
            "dis": 0.0784321576357,
            "hip": 0.15692435205,
            "jaz": 0.313974827528,
            "met": 0.0448166541755,
            "pop": 0.0627359300852,
            "reg": 0.0627360641956,
            "roc": 0.0784258767962
        },
        "probability": 0.313974827528,
        "value": "jaz"
    },
    "ismir04_rhythm": {
        "all": {
            "ChaChaCha": 0.00802183710039,
            "Jive": 0.00548490649089,
            "Quickstep": 0.115133441985,
            "Rumba-American": 0.00823036208749,
            "Rumba-International": 0.0115778902546,
            "Rumba-Misc": 0.00390353077091,
            "Samba": 0.0058758626692,
            "Tango": 0.010705858469,
            "VienneseWaltz": 0.294149160385,
            "Waltz": 0.536917150021
        },
        "probability": 0.536917150021,
        "value": "Waltz"
    },
    "mood_acoustic": {
        "all": {
            "acoustic": 0.767419695854,
            "not_acoustic": 0.232580304146
        },
        "probability": 0.767419695854,
        "value": "acoustic"
    },
    "mood_aggressive": {
        "all": {
            "aggressive": 0.0146720632911,
            "not_aggressive": 0.985327959061
        },
        "probability": 0.985327959061,
        "value": "not_aggressive"
    },
    "mood_electronic": {
        "all": {
            "electronic": 0.0222705900669,
            "not_electronic": 0.977729380131
        },
        "probability": 0.977729380131,
        "value": "not_electronic"
    },
    "mood_happy": {
        "all": {
            "happy": 0.77013528347,
            "not_happy": 0.229864746332
        },
        "probability": 0.77013528347,
        "value": "happy"
    },
    "mood_party": {
        "all": {
            "not_party": 0.743425071239,
            "party": 0.256574898958
        },
        "probability": 0.743425071239,
        "value": "not_party"
    },
    "mood_relaxed": {
        "all": {
            "not_relaxed": 0.486965000629,
            "relaxed": 0.513034999371
        },
        "probability": 0.513034999371,
        "value": "relaxed"
    },
    "mood_sad": {
        "all": {
            "not_sad": 0.132343560457,
            "sad": 0.867656469345
        },
        "probability": 0.867656469345,
        "value": "sad"
    },
    "moods_mirex": {
        "all": {
            "Cluster1": 0.271185308695,
            "Cluster2": 0.280030667782,
            "Cluster3": 0.176356211305,
            "Cluster4": 0.156002193689,
            "Cluster5": 0.11642562598
        },
        "probability": 0.280030667782,
        "value": "Cluster2"
    },
    "timbre": {
        "all": {
            "bright": 0.873686134815,
            "dark": 0.126313835382
        },
        "probability": 0.873686134815,
        "value": "bright"
    },
    "tonal_atonal": {
        "all": {
            "atonal": 0.272524833679,
            "tonal": 0.727475166321
        },
        "probability": 0.727475166321,
        "value": "tonal"
    },
    "voice_instrumental": {
        "all": {
            "instrumental": 0.00311999814585,
            "voice": 0.996879994869
        },
        "probability": 0.996879994869,
        "value": "voice"
    }
},
"lowlevel": {
    "average_loudness": 0.888786137104,
    "barkbands_crest": {
        "dmean": 2.15390920639,
        "dmean2": 3.3812277317,
        "dvar": 4.07438373566,
        "dvar2": 9.39802932739,
        "max": 25.4595661163,
        "mean": 9.60408782959,
        "median": 8.83897018433,
        "min": 2.83133029938,
        "var": 15.5935192108
    },
    "barkbands_flatness_db": {
        "dmean": 0.016933741048,
        "dmean2": 0.0260990336537,
        "dvar": 0.000225815383601,
        "dvar2": 0.000460663752165,
        "max": 0.319909840822,
        "mean": 0.173845022917,
        "median": 0.174175456166,
        "min": 0.0704224035144,
        "var": 0.00145211163908
    },
    "barkbands_kurtosis": {
        "dmean": 1.35854685307,
        "dmean2": 2.10835266113,
        "dvar": 4.84967279434,
        "dvar2": 12.1018285751,
        "max": 45.1154708862,
        "mean": 1.53898906708,
        "median": 0.491333961487,
        "min": -1.81916701794,
        "var": 13.552438736
    },
    "barkbands_skewness": {
        "dmean": 0.410806298256,
        "dmean2": 0.595381140709,
        "dvar": 0.166027009487,
        "dvar2": 0.344161897898,
        "max": 6.40190935135,
        "mean": 0.919308662415,
        "median": 0.843041360378,
        "min": -2.6006603241,
        "var": 1.07585012913
    },
    "barkbands_spread": {
        "dmean": 3.80385255814,
        "dmean2": 5.60586738586,
        "dvar": 20.7690486908,
        "dvar2": 44.427406311,
        "max": 69.5497665405,
        "mean": 20.3750610352,
        "median": 18.1610832214,
        "min": 2.14194464684,
        "var": 115.201515198
    },
    "dissonance": {
        "dmean": 0.0191040188074,
        "dmean2": 0.0317206904292,
        "dvar": 0.000343065417837,
        "dvar2": 0.000922274251934,
        "max": 0.499050408602,
        "mean": 0.450698137283,
        "median": 0.457416206598,
        "min": 0.295874476433,
        "var": 0.00109534885269
    },
    "dynamic_complexity": 4.008020401,
    "erbbands_crest": {
        "dmean": 2.56139659882,
        "dmean2": 4.13344669342,
        "dvar": 4.96699047089,
        "dvar2": 11.7733707428,
        "max": 32.0027503967,
        "mean": 10.7621088028,
        "median": 9.687251091,
        "min": 3.23821759224,
        "var": 22.4131908417
    },
    "erbbands_flatness_db": {
        "dmean": 0.0147434063256,
        "dmean2": 0.0213952865452,
        "dvar": 0.000176787740202,
        "dvar2": 0.000317712023389,
        "max": 0.350724726915,
        "mean": 0.220756530762,
        "median": 0.221031710505,
        "min": 0.10078651458,
        "var": 0.00163025956135
    },
    "erbbands_kurtosis": {
        "dmean": 0.788080692291,
        "dmean2": 1.21153795719,
        "dvar": 1.08809506893,
        "dvar2": 2.5175807476,
        "max": 20.6391124725,
        "mean": 0.50617825985,
        "median": -0.239790678024,
        "min": -1.64630782604,
        "var": 4.67265176773
    },
    "erbbands_skewness": {
        "dmean": 0.321132183075,
        "dmean2": 0.47670674324,
        "dvar": 0.0951844528317,
        "dvar2": 0.199082300067,
        "max": 4.48173189163,
        "mean": 0.128356546164,
        "median": 0.150823190808,
        "min": -2.45659589767,
        "var": 0.959238529205
    },
    "erbbands_spread": {
        "dmean": 5.34835720062,
        "dmean2": 7.90284967422,
        "dvar": 27.9624824524,
        "dvar2": 64.3351898193,
        "max": 85.0633621216,
        "mean": 30.5197086334,
        "median": 29.6584339142,
        "min": 6.38989210129,
        "var": 168.048629761
    },
    "hfc": {
        "dmean": 3.50318932533,
        "dmean2": 4.79333162308,
        "dvar": 39.3654785156,
        "dvar2": 61.7875480652,
        "max": 114.012329102,
        "mean": 15.6347913742,
        "median": 7.83434963226,
        "min": 0.615972220898,
        "var": 273.911315918
    },
    "melbands_crest": {
        "dmean": 2.91832756996,
        "dmean2": 4.43674373627,
        "dvar": 6.65248203278,
        "dvar2": 16.5874042511,
        "max": 31.9844818115,
        "mean": 13.8147354126,
        "median": 12.8120317459,
        "min": 2.69390749931,
        "var": 32.9982337952
    },
    "melbands_flatness_db": {
        "dmean": 0.0178694501519,
        "dmean2": 0.0260881502181,
        "dvar": 0.000342274550349,
        "dvar2": 0.000605298846494,
        "max": 0.336102873087,
        "mean": 0.184119731188,
        "median": 0.187366187572,
        "min": 0.0190942846239,
        "var": 0.00240148603916
    },
    "melbands_kurtosis": {
        "dmean": 2.85391974449,
        "dmean2": 4.36199951172,
        "dvar": 18.506193161,
        "dvar2": 44.3005981445,
        "max": 94.0434188843,
        "mean": 5.44976758957,
        "median": 2.9275431633,
        "min": -1.66297388077,
        "var": 56.1700134277
    },
    "melbands_skewness": {
        "dmean": 0.476007521152,
        "dmean2": 0.693482577801,
        "dvar": 0.206771284342,
        "dvar2": 0.436754584312,
        "max": 8.02777957916,
        "mean": 1.70791590214,
        "median": 1.48554372787,
        "min": -1.37135577202,
        "var": 1.34257149696
    },
    "melbands_spread": {
        "dmean": 7.26125001907,
        "dmean2": 10.4499855042,
        "dvar": 120.881599426,
        "dvar2": 221.289916992,
        "max": 172.16784668,
        "mean": 31.0755882263,
        "median": 22.5887489319,
        "min": 2.0409913063,
        "var": 570.308959961
    },
    "pitch_salience": {
        "dmean": 0.0568876042962,
        "dmean2": 0.0892744734883,
        "dvar": 0.00241920445114,
        "dvar2": 0.00559097807854,
        "max": 0.824906229973,
        "mean": 0.539974868298,
        "median": 0.536960124969,
        "min": 0.131705284119,
        "var": 0.0107749411836
    },
    "silence_rate_20dB": {
        "dmean": 0,
        "dmean2": 0,
        "dvar": 0,
        "dvar2": 0,
        "max": 1,
        "mean": 1,
        "median": 1,
        "min": 1,
        "var": 0
    },
    "silence_rate_30dB": {
        "dmean": 0,
        "dmean2": 0,
        "dvar": 0,
        "dvar2": 0,
        "max": 1,
        "mean": 1,
        "median": 1,
        "min": 1,
        "var": 0
    },
    "silence_rate_60dB": {
        "dmean": 0.0448916405439,
        "dmean2": 0.0898528248072,
        "dvar": 0.0428759902716,
        "dvar2": 0.0941716060042,
        "max": 1,
        "mean": 0.184068053961,
        "median": 0,
        "min": 0,
        "var": 0.150185212493
    },
    "spectral_centroid": {
        "dmean": 217.234054565,
        "dmean2": 317.751586914,
        "dvar": 61322.5507812,
        "dvar2": 109636.390625,
        "max": 4430.75048828,
        "mean": 1683.45068359,
        "median": 1573.68847656,
        "min": 479.485473633,
        "var": 507594.9375
    },
    "spectral_complexity": {
        "dmean": 2.16873073578,
        "dmean2": 3.46475601196,
        "dvar": 4.01331043243,
        "dvar2": 8.46721076965,
        "max": 39,
        "mean": 13.1361179352,
        "median": 13,
        "min": 1,
        "var": 23.836057663
    },
    "spectral_decrease": {
        "dmean": 6.8040106882e-10,
        "dmean2": 9.62258273063e-10,
        "dvar": 7.71301511947e-19,
        "dvar2": 1.42504535601e-18,
        "max": -1.00112300394e-10,
        "mean": -3.17707748998e-09,
        "median": -2.30284813441e-09,
        "min": -1.3116633113e-08,
        "var": 6.45533569834e-18
    },
    "spectral_energy": {
        "dmean": 0.00282323104329,
        "dmean2": 0.00398182868958,
        "dvar": 1.29444351842e-05,
        "dvar2": 2.3661303203e-05,
        "max": 0.0565370246768,
        "mean": 0.0134091507643,
        "median": 0.00980182457715,
        "min": 0.000460852927063,
        "var": 0.000114164482511
    },
    "spectral_energyband_high": {
        "dmean": 0.000172161031514,
        "dmean2": 0.000229440178373,
        "dvar": 4.04986252533e-07,
        "dvar2": 5.9952196807e-07,
        "max": 0.0134744113311,
        "mean": 0.000418475596234,
        "median": 0.000189315192983,
        "min": 6.17883779341e-06,
        "var": 1.20175502616e-06
    },
    "spectral_energyband_low": {
        "dmean": 0.000281201762846,
        "dmean2": 0.000393333175452,
        "dvar": 5.28041312009e-07,
        "dvar2": 9.61908313002e-07,
        "max": 0.0170970354229,
        "mean": 0.000594531185925,
        "median": 0.000104305516288,
        "min": 1.8085222564e-06,
        "var": 1.93484697775e-06
    },
    "spectral_energyband_middle_high": {
        "dmean": 0.00133613240905,
        "dmean2": 0.00195004988927,
        "dvar": 4.54647260995e-06,
        "dvar2": 8.8212909759e-06,
        "max": 0.0492955744267,
        "mean": 0.00550213269889,
        "median": 0.0022431507241,
        "min": 0.000190135557204,
        "var": 4.33523055108e-05
    },
    "spectral_energyband_middle_low": {
        "dmean": 0.00211754045449,
        "dmean2": 0.00293478695676,
        "dvar": 9.58722830546e-06,
        "dvar2": 1.86442794075e-05,
        "max": 0.0511257983744,
        "mean": 0.00707427272573,
        "median": 0.00479273730889,
        "min": 0.000115105744044,
        "var": 5.17154367117e-05
    },
    "spectral_entropy": {
        "dmean": 0.115576066077,
        "dmean2": 0.1654060781,
        "dvar": 0.0133960833773,
        "dvar2": 0.0217958744615,
        "max": 8.48670959473,
        "mean": 7.22160100937,
        "median": 7.19695901871,
        "min": 6.36193704605,
        "var": 0.0996228978038
    },
    "spectral_flux": {
        "dmean": 0.014392176643,
        "dmean2": 0.0233825445175,
        "dvar": 0.00027437339304,
        "dvar2": 0.000687354360707,
        "max": 0.187831178308,
        "mean": 0.0505657754838,
        "median": 0.0421380512416,
        "min": 0.0124756712466,
        "var": 0.000818070780952
    },
    "spectral_kurtosis": {
        "dmean": 1.93829917908,
        "dmean2": 3.37329769135,
        "dvar": 3.4377746582,
        "dvar2": 11.2228384018,
        "max": 18.1091194153,
        "mean": 4.67097377777,
        "median": 4.20595884323,
        "min": 0.516414165497,
        "var": 6.1274766922
    },
    "spectral_rms": {
        "dmean": 0.000378199241823,
        "dmean2": 0.000521944079082,
        "dvar": 1.78957520802e-07,
        "dvar2": 2.90806866587e-07,
        "max": 0.00742684816942,
        "mean": 0.0032957859803,
        "median": 0.00309237046167,
        "min": 0.000670531590004,
        "var": 2.21989512283e-06
    },
    "spectral_rolloff": {
        "dmean": 386.847381592,
        "dmean2": 611.820251465,
        "dvar": 454224.9375,
        "dvar2": 849907.5,
        "max": 10745.0683594,
        "mean": 2036.0904541,
        "median": 1744.18945312,
        "min": 172.265625,
        "var": 1946579
    },
    "spectral_skewness": {
        "dmean": 0.230206489563,
        "dmean2": 0.383369237185,
        "dvar": 0.0378925912082,
        "dvar2": 0.11595416069,
        "max": 3.01137375832,
        "mean": 1.28040194511,
        "median": 1.25973045826,
        "min": 0.0283953044564,
        "var": 0.140574082732
    },
    "spectral_spread": {
        "dmean": 262564.4375,
        "dmean2": 389438.6875,
        "dvar": 114916057088,
        "dvar2": 163966435328,
        "max": 11161081,
        "mean": 3300451.25,
        "median": 3164849.5,
        "min": 2002952.5,
        "var": 567119446016
    },
    "spectral_strongpeak": {
        "dmean": 0.57605612278,
        "dmean2": 0.946141064167,
        "dvar": 1.06706237793,
        "dvar2": 2.50695729256,
        "max": 14.72955513,
        "mean": 1.5239995718,
        "median": 0.907165646553,
        "min": 0.0242238137871,
        "var": 3.14207315445
    },
    "zerocrossingrate": {
        "dmean": 0.00838468130678,
        "dmean2": 0.00892333034426,
        "dvar": 0.000148207996972,
        "dvar2": 0.000127406136016,
        "max": 0.29931640625,
        "mean": 0.0692048966885,
        "median": 0.0615234375,
        "min": 0.0166015625,
        "var": 0.00136800087057
    },
    "barkbands": {
        "dmean": [9.41478106142e-07, 0.000143006138387, 0.000147196027683, 9.88398533082e-05, 0.000549357442651, 0.000484367425088, 0.000720536336303, 0.000733723281883, 0.000378616241505, 0.000308402610244, 0.00023055987549, 0.000340252940077, 0.000155806017574, 0.00021019554697, 0.000238841370447, 0.000406260369346, 0.000108858541353, 0.000189097816474, 0.000238862921833, 0.000123581528896, 5.91153184359e-05, 4.77467438031e-05, 2.94175442832e-05, 1.96391865757e-05, 1.41424488902e-05, 2.27976602218e-06, 1.11387754576e-09],
        "dmean2": [1.48111462295e-06, 0.000207449309528, 0.000215395906707, 0.000156692549353, 0.000852094613947, 0.000702348886989, 0.000995342968963, 0.000972774403635, 0.000550097203813, 0.000450666557299, 0.000319323444273, 0.000519694760442, 0.000235752624576, 0.000309764611302, 0.000351142050931, 0.000626399181783, 0.000179436960025, 0.000301690248307, 0.000341103499522, 0.000173190288479, 8.30619683256e-05, 6.43529128865e-05, 3.89850792999e-05, 2.6298512239e-05, 2.08385863516e-05, 3.2740356346e-06, 1.5123878816e-09],
        "dvar": [6.42591882483e-12, 2.13824804973e-07, 1.5214372695e-07, 5.27379135917e-08, 1.39619874062e-06, 1.02723254258e-06, 4.05537912229e-06, 4.01838588004e-06, 9.75631451183e-07, 6.99592533238e-07, 6.03438081725e-07, 9.0529033514e-07, 2.05908435191e-07, 5.09799917836e-07, 4.94333221468e-07, 1.51927656589e-06, 6.65203998551e-08, 2.12945110434e-07, 2.44347575062e-07, 1.87504880955e-07, 2.63462123229e-08, 3.62683216792e-08, 2.40920225991e-08, 1.40315492558e-08, 9.89336079726e-09, 1.36623407032e-10, 5.14063554535e-16],
        "dvar2": [1.10417864088e-11, 3.7922123397e-07, 3.05135955614e-07, 1.28923460352e-07, 3.75506351702e-06, 2.08391838896e-06, 7.81303697295e-06, 7.30499868951e-06, 1.97033728e-06, 1.64245625456e-06, 9.72336351879e-07, 2.2176652692e-06, 4.46214471594e-07, 9.9441592738e-07, 8.36777644508e-07, 3.29864747073e-06, 1.66591306083e-07, 4.64084905616e-07, 3.92181448206e-07, 2.8807335184e-07, 5.11494739897e-08, 6.32569623349e-08, 3.87495369125e-08, 2.21005471701e-08, 2.30003962542e-08, 2.539561339e-10, 5.14859447868e-16],
        "max": [8.6678272055e-05, 0.0146603956819, 0.00794955901802, 0.00369959021918, 0.0140341762453, 0.0192883051932, 0.0353462845087, 0.0495233535767, 0.0228666383773, 0.0175076723099, 0.0273574031889, 0.0204918924719, 0.0085618738085, 0.0130854994059, 0.012566851452, 0.0391811020672, 0.00396068114787, 0.00907068978995, 0.0100797908381, 0.0147505225614, 0.00381257664412, 0.00396732008085, 0.00331289251335, 0.0032557498198, 0.00229795183986, 0.000270896911388, 8.15517921637e-07],
        "mean": [1.45096112192e-06, 0.00024443725124, 0.000268668576609, 0.0001952106104, 0.00128841248807, 0.00150879297871, 0.00146262790076, 0.00162956945132, 0.00080278981477, 0.000859400490299, 0.000519758090377, 0.00078914052574, 0.000334552139975, 0.00039490594645, 0.000446880119853, 0.0009331049514, 0.000206931188586, 0.000352318311343, 0.000576055434067, 0.000266264629317, 0.000134496585815, 9.27747241803e-05, 4.6335888328e-05, 2.99613056995e-05, 2.03386225621e-05, 3.9816845856e-06, 1.02976061012e-09],
        "median": [3.94089369138e-07, 2.33582995861e-05, 2.85461355816e-05, 3.86817810067e-05, 0.000401656172471, 0.000435065390775, 0.000344974308973, 0.000195934480871, 0.000126217259094, 0.000145712896483, 0.000102339916339, 6.995152944e-05, 4.48515020253e-05, 6.83571197442e-05, 5.97329963057e-05, 0.000183972937521, 9.40813479247e-05, 0.000140033051139, 0.000156186579261, 8.08468394098e-05, 5.90737145103e-05, 3.17694029945e-05, 9.06292279979e-06, 4.37460903413e-06, 2.77938102045e-06, 5.6280151739e-07, 1.27109128778e-10],
        "min": [2.94425572811e-09, 1.10732273129e-07, 1.24969361082e-07, 2.73269762374e-08, 6.65610514261e-07, 4.8767253702e-07, 1.08291192191e-06, 8.64836295023e-07, 1.80505779213e-07, 1.42636324085e-07, 2.4753066441e-07, 8.72513624017e-07, 1.88021118674e-07, 9.59155840974e-07, 1.42592421071e-06, 4.65322500531e-06, 3.06701281261e-06, 6.51903428661e-06, 4.27888562626e-06, 3.97936037189e-06, 1.40017459671e-06, 3.59538432804e-07, 1.80461100285e-07, 1.10002709164e-07, 9.55992923712e-11, 6.81498650915e-12, 6.52275195662e-12],
        "var": [1.59349911738e-11, 5.70532733946e-07, 5.82632196711e-07, 1.68100356746e-07, 4.29712281402e-06, 7.41095436751e-06, 1.15583889055e-05, 1.85692679224e-05, 4.15007752963e-06, 5.37003325007e-06, 4.3543418542e-06, 4.75415072287e-06, 8.38149333049e-07, 1.44976513639e-06, 1.37133872613e-06, 6.74960574543e-06, 1.73724302499e-07, 5.11167570494e-07, 1.29802424453e-06, 6.18351180037e-07, 6.90329429176e-08, 9.11361723865e-08, 5.66931994683e-08, 3.11408072662e-08, 1.47011611773e-08, 3.9592862322e-10, 5.1396561635e-16]
    },
    "erbbands": {
        "dmean": [0.00222497154027, 0.0396790355444, 0.160790652037, 0.223135009408, 1.04805243015, 2.11284613609, 2.43455243111, 4.38008356094, 7.50809764862, 14.0866117477, 15.5524196625, 8.82328414917, 7.11695766449, 11.4388570786, 9.22040653229, 12.2045373917, 7.33120441437, 10.9847202301, 8.67854404449, 20.9616985321, 13.9390068054, 4.83954572678, 7.19952011108, 12.0652589798, 9.88200759888, 5.14118146896, 2.59309983253, 2.23197960854, 1.75286185741, 1.05258536339, 0.828049302101, 0.48468953371, 0.314073741436, 0.184248536825, 0.0821389853954, 0.0161755234003, 0.00363434734754, 0.000350301124854, 8.0856752902e-06, 3.84093800676e-06],
        "dmean2": [0.00338576943614, 0.0567273013294, 0.234870493412, 0.333074450493, 1.66792428493, 3.36723017693, 3.49458265305, 6.32809925079, 10.3679533005, 18.3976593018, 20.9760665894, 12.3865156174, 10.2575702667, 16.3700141907, 13.4837503433, 18.3078536987, 10.5836935043, 15.6305866241, 12.5201148987, 30.8789997101, 21.2572154999, 7.86676073074, 11.4152584076, 18.6986293793, 13.2661466599, 7.55322742462, 3.69744110107, 3.2308576107, 2.435297966, 1.42947900295, 1.14004731178, 0.66133660078, 0.422452300787, 0.271368145943, 0.120701737702, 0.0236732009798, 0.0052432147786, 0.000547573028598, 1.15317634481e-05, 5.40987321074e-06],
        "dvar": [4.85499040224e-05, 0.0162019636482, 0.202655687928, 0.218957573175, 5.83755254745, 28.6340789795, 29.2504653931, 102.260063171, 430.904907227, 1692.22265625, 2251.59179688, 550.624206543, 327.141967773, 1155.93078613, 493.406188965, 1094.98669434, 374.656158447, 1415.39404297, 971.731628418, 4319.77636719, 1580.40783691, 67.1893615723, 276.00970459, 497.035461426, 638.12689209, 203.355987549, 42.7118530273, 43.6206970215, 49.8308372498, 30.9899978638, 19.5128154755, 8.00736618042, 3.76729393005, 1.6689760685, 0.313029587269, 0.00652037886903, 0.000573585391976, 7.88385841588e-06, 2.69425304289e-09, 3.68197937417e-11],
        "dvar2": [0.000120458920719, 0.0278717447072, 0.403796434402, 0.499030202627, 15.3648729324, 77.0503082275, 51.8540687561, 206.174087524, 726.084655762, 3157.0949707, 4102.69189453, 1205.54846191, 616.168884277, 2605.66992188, 933.46081543, 2366.10229492, 770.60949707, 2605.28881836, 1643.58459473, 8417.3984375, 3635.51586914, 152.644729614, 641.770446777, 903.33984375, 1015.18359375, 352.851074219, 81.1990585327, 79.9752883911, 91.1106491089, 47.8614578247, 33.783416748, 12.3350744247, 6.94186449051, 3.79790878296, 0.719564974308, 0.0124524096027, 0.00100877974182, 1.55016441568e-05, 5.11606490505e-09, 6.49023196297e-11],
        "max": [0.166128754616, 3.96357536316, 5.65927028656, 11.7812004089, 44.2949943542, 77.9584503174, 133.761764526, 204.553710938, 456.830566406, 855.680786133, 1342.34313965, 577.70904541, 362.545043945, 742.403320312, 570.501098633, 573.761169434, 476.871398926, 735.872558594, 716.472900391, 2407.08789062, 1056.88256836, 142.431274414, 322.759246826, 581.42199707, 591.06237793, 350.356201172, 127.130905151, 157.998046875, 138.68460083, 108.374992371, 91.3632049561, 84.250289917, 47.0071258545, 30.1614532471, 12.6009283066, 2.01963305473, 0.642180263996, 0.0724532455206, 0.00136484706309, 0.000118799514894],
        "mean": [0.0041962582618, 0.0665686354041, 0.272103756666, 0.530766606331, 2.10301780701, 4.34434604645, 8.86391448975, 12.8353376389, 16.8852481842, 30.3349819183, 35.8276596069, 21.0755023956, 17.2383117676, 33.8580131531, 23.6273117065, 28.5854816437, 17.8301029205, 23.8469085693, 17.5132083893, 45.6915130615, 35.947353363, 12.0408811569, 15.3500881195, 29.1589412689, 25.2948417664, 12.156829834, 6.11850643158, 4.99207496643, 3.5071721077, 1.86570882797, 1.28345501423, 0.746365606785, 0.454687893391, 0.254666745663, 0.126091018319, 0.029135460034, 0.00583573756739, 0.000448884238722, 1.86015131476e-05, 1.76995763468e-05],
        "median": [0.000386087951483, 0.00672206189483, 0.0366102196276, 0.160238519311, 0.595458865166, 1.34525954723, 1.51508510113, 3.47832989693, 5.13832998276, 5.26539611816, 4.8413939476, 3.87689614296, 5.051633358, 3.32658696175, 5.61719322205, 3.33272194862, 2.97047328949, 3.76573753357, 2.97941040993, 8.95514297485, 6.90191173553, 6.41156339645, 5.81521129608, 11.7811641693, 4.69040775299, 4.53081130981, 2.31133890152, 2.45518684387, 1.23805606365, 0.432647228241, 0.251722306013, 0.12167558074, 0.0597822517157, 0.0363022089005, 0.0142158120871, 0.00401506572962, 0.000747411802877, 4.6663426474e-05, 8.35079936223e-06, 1.25314199977e-05],
        "min": [6.21304388915e-06, 6.52548696962e-05, 0.000562874425668, 0.000552809273358, 0.00112860801164, 0.00415125023574, 0.00549932196736, 0.0249084942043, 0.0909479260445, 0.0953317135572, 0.0362156629562, 0.0405130572617, 0.0260616056621, 0.0314554683864, 0.0844981148839, 0.0882400199771, 0.0796698629856, 0.131633102894, 0.187244743109, 0.421793013811, 0.325754910707, 0.334049344063, 0.651354670525, 0.388313084841, 0.214609190822, 0.208137840033, 0.120660074055, 0.0442144013941, 0.0139040937647, 0.00909401010722, 0.00488719064742, 0.00210785283707, 0.00114689546172, 0.000114229020255, 8.68804454512e-06, 2.79553796645e-06, 7.26973496512e-07, 1.97802947355e-07, 3.2881706602e-07, 6.44412068596e-07],
        "var": [0.000109817097837, 0.0433806106448, 0.508444666862, 1.28073692322, 12.2943582535, 73.5200271606, 322.723266602, 705.971618652, 1540.01647949, 7521.26660156, 10522.7900391, 2847.45019531, 1536.43127441, 9325.05078125, 3531.39868164, 4844.34667969, 1873.51831055, 4903.66748047, 2554.0300293, 16071.8652344, 9501.75976562, 297.178253174, 794.260803223, 2360.63623047, 3304.10058594, 791.365844727, 145.020675659, 102.492172241, 118.313209534, 82.6591949463, 42.2938461304, 19.337677002, 7.07153701782, 2.21358799934, 0.580039024353, 0.022013893351, 0.00119496427942, 1.05500776044e-05, 4.38428582328e-09, 2.20007748131e-10]
    },
    "gfcc": {
        "mean": [-59.4647865295, 93.579750061, -168.735214233, 31.2068386078, -74.4644699097, -10.1894950867, -41.3703460693, 3.6464881897, -23.8747653961, -2.45768070221, -11.4375610352, -5.28645086288, -3.71879148483],
        "cov": [[2163.02416992, -860.354187012, 120.217712402, -206.422668457, -17.6182804108, 16.8839530945, -88.1736755371, 101.516395569, -107.330062866, 258.965179443, -174.802841187, 80.7124710083, -112.580474854], [-860.354187012, 1470.34838867, 72.7261734009, -91.2887878418, 187.831481934, 49.0916442871, 255.509384155, -99.2702865601, 87.6909866333, -253.52041626, 124.491615295, -204.312286377, 21.2569713593], [120.217712402, 72.7261734009, 653.718688965, 286.987823486, 91.4202575684, 84.9082794189, -117.478088379, 45.2510032654, 13.500377655, 72.9556503296, -62.8421974182, 39.266166687, 7.98004484177], [-206.422668457, -91.2887878418, 286.987823486, 562.728820801, 163.663085938, -18.2313308716, -120.784645081, 8.88447093964, 71.854927063, 57.3610496521, -15.0175161362, 68.5865478516, 132.287857056], [-17.6182804108, 187.831481934, 91.4202575684, 163.663085938, 274.221435547, 31.8942737579, 3.82131433487, 16.0622997284, 20.6105060577, 21.2933979034, -5.43498849869, -7.53284311295, 57.2060394287], [16.8839530945, 49.0916442871, 84.9082794189, -18.2313308716, 31.8942737579, 290.773651123, 174.674407959, 71.4790878296, -33.0817604065, -54.5727920532, 21.9961891174, -19.7756080627, -83.4214935303], [-88.1736755371, 255.509384155, -117.478088379, -120.784645081, 3.82131433487, 174.674407959, 390.24105835, 94.0310897827, -10.6634483337, -124.808372498, 56.1820106506, -6.34605693817, -67.4538116455], [101.516395569, -99.2702865601, 45.2510032654, 8.88447093964, 16.0622997284, 71.4790878296, 94.0310897827, 119.588890076, 4.36219358444, 10.8189754486, -8.84357643127, 46.30651474, -16.1431655884], [-107.330062866, 87.6909866333, 13.500377655, 71.854927063, 20.6105060577, -33.0817604065, -10.6634483337, 4.36219358444, 119.503540039, 31.3335704803, 26.1745262146, 8.02796459198, 42.4683647156], [258.965179443, -253.52041626, 72.9556503296, 57.3610496521, 21.2933979034, -54.5727920532, -124.808372498, 10.8189754486, 31.3335704803, 173.021911621, -14.2065868378, 49.7526931763, 18.2621459961], [-174.802841187, 124.491615295, -62.8421974182, -15.0175161362, -5.43498849869, 21.9961891174, 56.1820106506, -8.84357643127, 26.1745262146, -14.2065868378, 109.023330688, 12.2528886795, 8.28600311279], [80.7124710083, -204.312286377, 39.266166687, 68.5865478516, -7.53284311295, -19.7756080627, -6.34605693817, 46.30651474, 8.02796459198, 49.7526931763, 12.2528886795, 168.225189209, 62.4139900208], [-112.580474854, 21.2569713593, 7.98004484177, 132.287857056, 57.2060394287, -83.4214935303, -67.4538116455, -16.1431655884, 42.4683647156, 18.2621459961, 8.28600311279, 62.4139900208, 165.914611816]],
        "icov": [[0.00095858995337, 0.000758787617087, -0.00064927211497, 0.000939059478696, -0.000759951188229, 0.000288708950393, -0.000802945520263, 0.000562774308491, 7.0321975727e-06, -0.000805108051281, 0.000658432836644, 0.00026210071519, -7.34388377168e-05], [0.000758787617087, 0.0039581716992, -0.00307740364224, 0.00276127131656, -0.00341364834458, 0.00197515496984, -0.00307782902382, 0.00363390822895, -0.00282759126276, 0.00327235925943, -0.0024964818731, 0.00285143731162, -0.00135790684726], [-0.00064927211497, -0.00307740364224, 0.00496171461418, -0.0033099106513, 0.00252812309191, -0.00274943071418, 0.00346418097615, -0.00344658829272, 0.00192766974214, -0.00256071728654, 0.00284971180372, -0.00257018511184, 0.00178608170245], [0.000939059478696, 0.00276127131656, -0.0033099106513, 0.00556853832677, -0.00372587656602, 0.00104343448766, -0.00155653664842, 0.00251491600648, -0.00297148199752, 0.00207615480758, -0.00113669177517, 0.00111343944445, -0.00240616546944], [-0.000759951188229, -0.00341364834458, 0.00252812309191, -0.00372587656602, 0.00813373830169, -0.00238500232808, 0.00175151997246, -0.00348160462454, 0.00302047817968, -0.00409412896261, 0.0021995967254, -0.000416421855334, -0.00113514694385], [0.000288708950393, 0.00197515496984, -0.00274943071418, 0.00104343448766, -0.00238500232808, 0.007699879352, -0.00361994863488, -0.000154047942488, 0.000108594220364, 0.00234127533622, -0.00313059613109, 0.00215024151839, 0.00151220127009], [-0.000802945520263, -0.00307782902382, 0.00346418097615, -0.00155653664842, 0.00175151997246, -0.00361994863488, 0.00942146312445, -0.00731949741021, 0.000795819971245, 0.00208350480534, -0.000381778168958, -0.00299481884576, 0.0023307541851], [0.000562774308491, 0.00363390822895, -0.00344658829272, 0.00251491600648, -0.00348160462454, -0.000154047942488, -0.00731949741021, 0.0192190818489, -0.00434405682608, 0.000455400411738, 0.00162162852939, -0.00176672579255, -0.000260560045717], [7.0321975727e-06, -0.00282759126276, 0.00192766974214, -0.00297148199752, 0.00302047817968, 0.000108594220364, 0.000795819971245, -0.00434405682608, 0.0140091413632, -0.00603874726221, -0.000776881934144, 0.000422277371399, -0.00148361874744], [-0.000805108051281, 0.00327235925943, -0.00256071728654, 0.00207615480758, -0.00409412896261, 0.00234127533622, 0.00208350480534, 0.000455400411738, -0.00603874726221, 0.0155629813671, -0.00451112026349, -0.000249892211286, 0.00113441736903], [0.000658432836644, -0.0024964818731, 0.00284971180372, -0.00113669177517, 0.0021995967254, -0.00313059613109, -0.000381778168958, 0.00162162852939, -0.000776881934144, -0.00451112026349, 0.0156624931842, -0.00432656146586, 0.000746738165617], [0.00026210071519, 0.00285143731162, -0.00257018511184, 0.00111343944445, -0.000416421855334, 0.00215024151839, -0.00299481884576, -0.00176672579255, 0.000422277371399, -0.000249892211286, -0.00432656146586, 0.0125146713108, -0.00568867707625], [-7.34388377168e-05, -0.00135790684726, 0.00178608170245, -0.00240616546944, -0.00113514694385, 0.00151220127009, 0.0023307541851, -0.000260560045717, -0.00148361874744, 0.00113441736903, 0.000746738165617, -0.00568867707625, 0.0124154556543]]
    },
    "melbands": {
        "dmean": [2.99210696539e-05, 7.26427824702e-05, 5.40829059901e-05, 0.000122421624837, 8.43067973619e-05, 0.000100326498796, 0.000122720593936, 0.000149611136294, 0.000126032318803, 4.93489678774e-05, 3.65554042219e-05, 4.77023277199e-05, 3.24471184285e-05, 3.94301641791e-05, 2.24356808758e-05, 1.63454424182e-05, 2.1748324798e-05, 1.30180460474e-05, 2.00206686713e-05, 3.37164565281e-05, 1.67071593751e-05, 6.10625920672e-06, 4.78490483147e-06, 1.01477107819e-05, 1.10017917905e-05, 8.32889872981e-06, 6.5709455157e-06, 3.22813230014e-06, 1.76389175977e-06, 1.532614192e-06, 1.37386246024e-06, 1.13521946332e-06, 8.18660112145e-07, 5.44024601368e-07, 5.12272265496e-07, 4.09321813777e-07, 2.5832054007e-07, 2.26887337362e-07, 1.94426291955e-07, 1.55670207391e-07],
        "dmean2": [4.49302206107e-05, 0.000101914687548, 8.31484649098e-05, 0.000195578497369, 0.000122894838569, 0.000145558151416, 0.000171182167833, 0.000196533233975, 0.000168510116055, 7.09194719093e-05, 5.2257997595e-05, 6.85373379383e-05, 4.63934629806e-05, 6.01599276706e-05, 3.33853895427e-05, 2.31873018492e-05, 3.17500562232e-05, 1.88512203749e-05, 2.99853782053e-05, 5.12368933414e-05, 2.52469017141e-05, 9.84843063634e-06, 7.76519482315e-06, 1.60619347298e-05, 1.70533439814e-05, 1.16337587315e-05, 8.82614131115e-06, 4.94002870255e-06, 2.57098349721e-06, 2.25838016377e-06, 2.05182755053e-06, 1.61680236488e-06, 1.10903295081e-06, 7.70683925566e-07, 7.54259133373e-07, 5.75663420932e-07, 3.61688819339e-07, 3.12096631205e-07, 2.65283887302e-07, 2.36260930819e-07],
        "dvar": [9.63127266829e-09, 4.0684120961e-08, 1.1781510878e-08, 8.96385117244e-08, 3.11293852917e-08, 5.01486070448e-08, 1.18217435841e-07, 1.74811006559e-07, 1.35177444349e-07, 1.77055312633e-08, 8.73405614499e-09, 2.02498284807e-08, 8.08366262817e-09, 1.61622875083e-08, 4.95850560611e-09, 2.54643861552e-09, 6.01855676408e-09, 1.97106886368e-09, 3.31836558232e-09, 1.12625446747e-08, 2.58730592506e-09, 1.43448905532e-10, 1.87566892573e-10, 7.9730066993e-10, 4.22523210863e-10, 4.47796494329e-10, 5.99639227161e-10, 5.73680374039e-11, 2.10812287765e-11, 1.5237202125e-11, 1.66304574278e-11, 1.6385615087e-11, 1.87098114779e-11, 8.62467128965e-12, 7.81397949817e-12, 5.78884379668e-12, 2.2588790647e-12, 2.02013167479e-12, 1.4686637323e-12, 1.24510547272e-12],
        "dvar2": [2.03404955101e-08, 7.39672643135e-08, 2.83206702534e-08, 2.55635399071e-07, 5.9076981529e-08, 1.01409284525e-07, 2.10334263784e-07, 3.20903211559e-07, 2.43173559511e-07, 3.94873787002e-08, 1.61924909037e-08, 4.72022954057e-08, 1.19317249414e-08, 3.80294302715e-08, 1.11738494013e-08, 5.18403098226e-09, 1.1379689191e-08, 3.40940475851e-09, 6.10930861455e-09, 2.27042491474e-08, 5.1339332785e-09, 3.5918240604e-10, 4.17966217192e-10, 1.76927983375e-09, 7.36670835444e-10, 7.98973998073e-10, 9.28456700411e-10, 1.1295449992e-10, 4.31549795898e-11, 3.08954563322e-11, 3.25340206164e-11, 3.3495786006e-11, 3.50873115285e-11, 1.40398534812e-11, 1.48535662936e-11, 1.0287179962e-11, 3.50523429726e-12, 3.728820204e-12, 2.84767608799e-12, 3.05723111757e-12],
        "max": [0.00293073896319, 0.00387575454079, 0.00169258355163, 0.00392577843741, 0.00381997670047, 0.00454553682357, 0.00730897812173, 0.00857632234693, 0.00988207664341, 0.00332012027502, 0.00188322784379, 0.00309435138479, 0.00307100801729, 0.00307080778293, 0.00205664406531, 0.00104659539647, 0.00165470188949, 0.000994882895611, 0.00135893095285, 0.00337830721401, 0.00121988228057, 0.000208808516618, 0.00035429635318, 0.000638480414636, 0.000582637905609, 0.000517594860867, 0.000852145662066, 0.00018126226496, 8.34725069581e-05, 8.44737514853e-05, 8.80029328982e-05, 8.34329839563e-05, 0.000109898363007, 5.41772060387e-05, 5.29037424712e-05, 6.82827594574e-05, 4.15924514527e-05, 3.58857869287e-05, 2.50631128438e-05, 2.63076854026e-05],
        "mean": [5.35839171789e-05, 0.000128560874145, 0.000126812345115, 0.000236711042817, 0.000291297707008, 0.000298137805657, 0.000264531758148, 0.000324316351907, 0.000281004526187, 0.000114136455522, 8.22430229164e-05, 0.000138234288897, 7.68161771703e-05, 9.24011983443e-05, 4.94775304105e-05, 3.6127774365e-05, 4.49094841315e-05, 2.30496425502e-05, 3.98792508349e-05, 6.88958098181e-05, 3.9112255763e-05, 1.28221927298e-05, 9.31859995035e-06, 1.87257428479e-05, 2.475288602e-05, 2.04316675081e-05, 1.44075183925e-05, 6.47430897516e-06, 3.66603217117e-06, 3.24757775161e-06, 2.80522158391e-06, 2.17912429434e-06, 1.36411858875e-06, 8.97268989775e-07, 7.61998080634e-07, 5.9290897525e-07, 4.02157269264e-07, 3.21590192698e-07, 2.70504415312e-07, 1.98550836217e-07],
        "median": [4.89054946229e-06, 1.57718623086e-05, 4.02109108109e-05, 7.7223223343e-05, 5.91000025452e-05, 8.41689034132e-05, 7.44785938878e-05, 5.24057832081e-05, 3.91082940041e-05, 1.84239088412e-05, 2.27643849939e-05, 1.12862326205e-05, 1.77577421709e-05, 8.33671401779e-06, 6.96136021361e-06, 5.1158858696e-06, 6.58463977743e-06, 3.92213223677e-06, 7.02760917193e-06, 1.40300726343e-05, 6.33937543171e-06, 6.04150227446e-06, 3.32251306645e-06, 6.11236055192e-06, 9.62630292634e-06, 2.90055982077e-06, 2.44504281e-06, 2.87967122858e-06, 1.0725887023e-06, 1.48966410052e-06, 1.18846298847e-06, 7.70757594637e-07, 2.83116179389e-07, 1.69025796026e-07, 1.42318640428e-07, 7.97406372044e-08, 5.74297800426e-08, 3.61917855685e-08, 3.43216406407e-08, 2.58651446927e-08],
        "min": [5.34694422072e-08, 2.78989290337e-07, 1.15672911249e-07, 5.62217969957e-08, 1.66330636375e-07, 1.48908497977e-07, 1.95732084762e-07, 6.53619963487e-07, 1.82927237802e-07, 3.25718616523e-08, 1.89657267669e-08, 3.52215856481e-08, 2.02770877422e-07, 1.78218058977e-07, 9.30744690208e-08, 9.70695310798e-08, 1.0745332446e-07, 7.97067656322e-08, 3.00641659123e-07, 1.99487672603e-07, 2.07526042573e-07, 7.00468874015e-08, 7.27048217186e-08, 2.72460880524e-07, 3.15498851933e-07, 1.185759686e-07, 4.09523188694e-08, 1.15568106196e-07, 4.68634837603e-08, 2.34282548917e-08, 1.30959669775e-08, 3.63666341485e-09, 6.21523454924e-09, 3.57919338612e-09, 3.23646309752e-09, 1.50160961443e-09, 5.879320919e-10, 5.87651038941e-10, 1.85494137411e-11, 8.47019665778e-13],
