{
"highlevel": {
    "danceability": {
        "all": {
            "danceable": 0.0225481335074,
            "not_danceable": 0.977451860905
        },
        "probability": 0.977451860905,
        "value": "not_danceable"
    },
    "gender": {
        "all": {
            "female": 0.136286526918,
            "male": 0.863713502884
        },
        "probability": 0.863713502884,
        "value": "male"
    },
    "genre_dortmund": {
        "all": {
            "alternative": 0.226445421576,
            "blues": 0.0729990974069,
            "electronic": 0.021787814796,
            "folkcountry": 0.0833010822535,
            "funksoulrnb": 0.00394110009074,
            "jazz": 0.0241209696978,
            "pop": 0.0264126379043,
            "raphiphop": 0.00191933230963,
            "rock": 0.53907251358
        },
        "probability": 0.53907251358,
        "value": "rock"
    },
    "genre_electronic": {
        "all": {
            "ambient": 0.382946997881,
            "dnb": 0.410020977259,
            "house": 0.0303184259683,
            "techno": 0.00675641465932,
            "trance": 0.169957190752
        },
        "probability": 0.410020977259,
        "value": "dnb"
    },
    "genre_rosamerica": {
        "all": {
            "cla": 0.00789546780288,
            "dan": 0.00146845250856,
            "hip": 0.00249010114931,
            "jaz": 0.00162258278579,
            "pop": 0.0312680527568,
            "rhy": 0.000971996458247,
            "roc": 0.953595101833,
            "spe": 0.000688242726028
        },
        "probability": 0.953595101833,
        "value": "roc"
    },
    "genre_tzanetakis": {
        "all": {
            "blu": 0.0626613423228,
            "cla": 0.0348169617355,
            "cou": 0.104475811124,
            "dis": 0.0784321576357,
            "hip": 0.15692435205,
            "jaz": 0.313974827528,
            "met": 0.0448166541755,
            "pop": 0.0627359300852,
            "reg": 0.0627360641956,
            "roc": 0.0784258767962
        },
        "probability": 0.313974827528,
        "value": "jaz"
    },
    "ismir04_rhythm": {
        "all": {
            "ChaChaCha": 0.133112832904,
            "Jive": 0.568008363247,
            "Quickstep": 0.0107496380806,
            "Rumba-American": 0.011605380103,
            "Rumba-International": 0.00732042454183,
            "Rumba-Misc": 0.00184465025086,
            "Samba": 0.0327355191112,
            "Tango": 0.0504982359707,
            "VienneseWaltz": 0.18002229929,
            "Waltz": 0.00410267710686
        },
        "probability": 0.568008363247,
        "value": "Jive"
    },
    "mood_acoustic": {
        "all": {
            "acoustic": 0.00989064481109,
            "not_acoustic": 0.99010938406
        },
        "probability": 0.99010938406,
        "value": "not_acoustic"
    },
    "mood_aggressive": {
        "all": {
            "aggressive": 0.965360224247,
            "not_aggressive": 0.0346397906542
        },
        "probability": 0.965360224247,
        "value": "aggressive"
    },
    "mood_electronic": {
        "all": {
            "electronic": 0.117777377367,
            "not_electronic": 0.882222592831
        },
        "probability": 0.882222592831,
        "value": "not_electronic"
    },
    "mood_happy": {
        "all": {
            "happy": 0.566727221012,
            "not_happy": 0.433272749186
        },
        "probability": 0.566727221012,
        "value": "happy"
    },
    "mood_party": {
        "all": {
            "not_party": 0.54300057888,
            "party": 0.45699942112
        },
        "probability": 0.54300057888,
        "value": "not_party"
    },
    "mood_relaxed": {
        "all": {
            "not_relaxed": 0.982791781425,
            "relaxed": 0.0172082278877
        },
        "probability": 0.982791781425,
        "value": "not_relaxed"
    },
    "mood_sad": {
        "all": {
            "not_sad": 0.934062480927,
            "sad": 0.0659375041723
        },
        "probability": 0.934062480927,
        "value": "not_sad"
    },
    "moods_mirex": {
        "all": {
            "Cluster1": 0.468888670206,
            "Cluster2": 0.0521189942956,
            "Cluster3": 0.0353770703077,
            "Cluster4": 0.0530219376087,
            "Cluster5": 0.390593320131
        },
        "probability": 0.468888670206,
        "value": "Cluster1"
    },
    "timbre": {
        "all": {
            "bright": 0.977563679218,
            "dark": 0.0224363263696
        },
        "probability": 0.977563679218,
        "value": "bright"
    },
    "tonal_atonal": {
        "all": {
            "atonal": 0.00688138464466,
            "tonal": 0.993118643761
        },
        "probability": 0.993118643761,
        "value": "tonal"
    },
    "voice_instrumental": {
        "all": {
            "instrumental": 0.125430479646,
            "voice": 0.874569535255
        },
        "probability": 0.874569535255,
        "value": "voice"
    }
},
"lowlevel": {
    "average_loudness": 0.977508246899,
    "barkbands_crest": {
        "dmean": 2.09864974022,
        "dmean2": 3.63136100769,
        "dvar": 4.39497852325,
        "dvar2": 12.6358613968,
        "max": 20.0271282196,
        "mean": 6.92966413498,
        "median": 6.40447568893,
        "min": 2.80157279968,
        "var": 6.4876241684
    },
    "barkbands_flatness_db": {
        "dmean": 0.0164039414376,
        "dmean2": 0.0261372234672,
        "dvar": 0.000222777453018,
        "dvar2": 0.000551143893972,
        "max": 0.231291472912,
        "mean": 0.115778058767,
        "median": 0.114881649613,
        "min": 0.049107875675,
        "var": 0.000637395423837
    },
    "barkbands_kurtosis": {
        "dmean": 0.965446949005,
        "dmean2": 1.66246378422,
        "dvar": 2.9628944397,
        "dvar2": 8.07469272614,
        "max": 17.6126785278,
        "mean": -0.162164554,
        "median": -0.685739517212,
        "min": -1.68790316582,
        "var": 3.128729105
    },
    "barkbands_skewness": {
        "dmean": 0.403892695904,
        "dmean2": 0.665027737617,
        "dvar": 0.201719969511,
        "dvar2": 0.515777885914,
        "max": 4.06550598145,
        "mean": 0.647369146347,
        "median": 0.595371544361,
        "min": -2.01346182823,
        "var": 0.491268247366
    },
    "barkbands_spread": {
        "dmean": 4.90606546402,
        "dmean2": 7.81433534622,
        "dvar": 23.9882736206,
        "dvar2": 55.8368988037,
        "max": 69.0167388916,
        "mean": 30.1922912598,
        "median": 30.225069046,
        "min": 6.48352098465,
        "var": 65.2386322021
    },
    "dissonance": {
        "dmean": 0.0113022513688,
        "dmean2": 0.0194409936666,
        "dvar": 0.000136554823257,
        "dvar2": 0.000388019456295,
        "max": 0.499999940395,
        "mean": 0.479046672583,
        "median": 0.481999993324,
        "min": 0.369419842958,
        "var": 0.000202708994038
    },
    "dynamic_complexity": 1.26066327095,
    "erbbands_crest": {
        "dmean": 2.1978302002,
        "dmean2": 3.64606308937,
        "dvar": 4.06158542633,
        "dvar2": 10.0984954834,
        "max": 25.4557876587,
        "mean": 7.90329456329,
        "median": 7.2201962471,
        "min": 2.92292380333,
        "var": 9.79741287231
    },
    "erbbands_flatness_db": {
        "dmean": 0.0156991612166,
        "dmean2": 0.0215761791915,
        "dvar": 0.000247676594881,
        "dvar2": 0.000400532357162,
        "max": 0.267166167498,
        "mean": 0.1659822613,
        "median": 0.164475128055,
        "min": 0.0823880061507,
        "var": 0.00106165185571
    },
    "erbbands_kurtosis": {
        "dmean": 0.625851929188,
        "dmean2": 1.00517725945,
        "dvar": 0.511359930038,
        "dvar2": 1.21685671806,
        "max": 7.86201572418,
        "mean": 0.278189182281,
        "median": -0.0124950408936,
        "min": -1.64148378372,
        "var": 1.45661497116
    },
    "erbbands_skewness": {
        "dmean": 0.278652340174,
        "dmean2": 0.43414992094,
        "dvar": 0.0534866303205,
        "dvar2": 0.122431397438,
        "max": 2.17183041573,
        "mean": -0.403160810471,
        "median": -0.40074467659,
        "min": -2.28013324738,
        "var": 0.306302905083
    },
    "erbbands_spread": {
        "dmean": 6.50736522675,
        "dmean2": 10.2076473236,
        "dvar": 62.4969329834,
        "dvar2": 140.639602661,
        "max": 115.784515381,
        "mean": 31.6950130463,
        "median": 29.4405403137,
        "min": 10.201795578,
        "var": 156.262283325
    },
    "hfc": {
        "dmean": 5.34310054779,
        "dmean2": 8.00071144104,
        "dvar": 32.1830558777,
        "dvar2": 65.8811416626,
        "max": 83.8595352173,
        "mean": 28.9317569733,
        "median": 26.3903312683,
        "min": 2.82832098007,
        "var": 173.618927002
    },
    "melbands_crest": {
        "dmean": 2.91181826591,
        "dmean2": 5.07074928284,
        "dvar": 7.38774204254,
        "dvar2": 20.3021831512,
        "max": 28.763677597,
        "mean": 11.479309082,
        "median": 11.0401172638,
        "min": 3.00940656662,
        "var": 13.8023662567
    },
    "melbands_flatness_db": {
        "dmean": 0.021238040179,
        "dmean2": 0.0345332100987,
        "dvar": 0.000422629120294,
        "dvar2": 0.00109493429773,
        "max": 0.330456227064,
        "mean": 0.150521218777,
        "median": 0.148286670446,
        "min": 0.0210879873484,
        "var": 0.00125895917881
    },
    "melbands_kurtosis": {
        "dmean": 3.24227643013,
        "dmean2": 5.59575366974,
        "dvar": 37.5822715759,
        "dvar2": 102.344963074,
        "max": 78.4716033936,
        "mean": 3.79942178726,
        "median": 2.06129837036,
        "min": -1.64116597176,
        "var": 39.5818519592
    },
    "melbands_skewness": {
        "dmean": 0.577398598194,
        "dmean2": 0.956958711147,
        "dvar": 0.484129309654,
        "dvar2": 1.24420154095,
        "max": 8.27569103241,
        "mean": 1.72386169434,
        "median": 1.61122524738,
        "min": -0.425214409828,
        "var": 0.96077132225
    },
    "melbands_spread": {
        "dmean": 8.2365655899,
        "dmean2": 13.3815479279,
        "dvar": 65.0716094971,
        "dvar2": 153.923126221,
        "max": 142.751571655,
        "mean": 38.0582962036,
        "median": 36.3208198547,
        "min": 5.21093034744,
        "var": 251.180999756
    },
    "pitch_salience": {
        "dmean": 0.0633527338505,
        "dmean2": 0.108399361372,
        "dvar": 0.00348682259209,
        "dvar2": 0.0105667486787,
        "max": 0.780304372311,
        "mean": 0.589524447918,
        "median": 0.595825433731,
        "min": 0.282757341862,
        "var": 0.00551181286573
    },
    "silence_rate_20dB": {
        "dmean": 0,
        "dmean2": 0,
        "dvar": 0,
        "dvar2": 0,
        "max": 1,
        "mean": 1,
        "median": 1,
        "min": 1,
        "var": 0
    },
    "silence_rate_30dB": {
        "dmean": 0,
        "dmean2": 0,
        "dvar": 0,
        "dvar2": 0,
        "max": 1,
        "mean": 1,
        "median": 1,
        "min": 1,
        "var": 0
    },
    "silence_rate_60dB": {
        "dmean": 0.0030959751457,
        "dmean2": 0.00619674660265,
        "dvar": 0.00308637786657,
        "dvar2": 0.00770748406649,
        "max": 1,
        "mean": 0.00232018553652,
        "median": 0,
        "min": 0,
        "var": 0.00231482437812
    },
    "spectral_centroid": {
        "dmean": 223.917861938,
        "dmean2": 358.431640625,
        "dvar": 50254.2109375,
        "dvar2": 121371.757812,
        "max": 4161.93798828,
        "mean": 1758.6907959,
        "median": 1760.7824707,
        "min": 572.20300293,
        "var": 162264.46875
    },
    "spectral_complexity": {
        "dmean": 3.92879247665,
        "dmean2": 5.81951951981,
        "dvar": 12.8123092651,
        "dvar2": 24.2872905731,
        "max": 52,
        "mean": 30.6945095062,
        "median": 31,
        "min": 5,
        "var": 57.5176124573
    },
    "spectral_decrease": {
        "dmean": 2.19367102261e-09,
        "dmean2": 3.76470277175e-09,
        "dvar": 1.0116755554e-17,
        "dvar2": 2.70979058173e-17,
        "max": -4.15528750297e-10,
        "mean": -7.10532832571e-09,
        "median": -6.45711839553e-09,
        "min": -2.53650664916e-08,
        "var": 1.15106632468e-17
    },
    "spectral_energy": {
        "dmean": 0.00860707741231,
        "dmean2": 0.0146724190563,
        "dvar": 0.000150747262524,
        "dvar2": 0.000401021243306,
        "max": 0.0999492257833,
        "mean": 0.0294413231313,
        "median": 0.0270941965282,
        "min": 0.00208158092573,
        "var": 0.000183348107385
    },
    "spectral_energyband_high": {
        "dmean": 0.000336713477736,
        "dmean2": 0.000438806804596,
        "dvar": 2.74237947906e-07,
        "dvar2": 4.80234007227e-07,
        "max": 0.00627789739519,
        "mean": 0.000826443778351,
        "median": 0.000539903005119,
        "min": 9.58813325269e-06,
        "var": 6.94106233823e-07
    },
    "spectral_energyband_low": {
        "dmean": 0.00479564536363,
        "dmean2": 0.00855108723044,
        "dvar": 5.95923738729e-05,
        "dvar2": 0.000170254570548,
        "max": 0.0619033612311,
        "mean": 0.00852801278234,
        "median": 0.00712538603693,
        "min": 2.38661796175e-05,
        "var": 5.44252179679e-05
    },
    "spectral_energyband_middle_high": {
        "dmean": 0.0021507833153,
        "dmean2": 0.00339055922814,
        "dvar": 4.50984180134e-06,
        "dvar2": 1.05475055534e-05,
        "max": 0.0276826061308,
        "mean": 0.0104689346626,
        "median": 0.00919234286994,
        "min": 0.000492688443046,
        "var": 3.07681802951e-05
    },
    "spectral_energyband_middle_low": {
        "dmean": 0.00525387562811,
        "dmean2": 0.00890222936869,
        "dvar": 8.71850934345e-05,
        "dvar2": 0.000231811092817,
        "max": 0.0798947960138,
        "mean": 0.0109953368083,
        "median": 0.00875222776085,
        "min": 0.000274673220702,
        "var": 8.21745488793e-05
    },
    "spectral_entropy": {
        "dmean": 0.106076009572,
        "dmean2": 0.142597720027,
        "dvar": 0.00953058805317,
        "dvar2": 0.0169740207493,
        "max": 8.47391700745,
        "mean": 7.71574783325,
        "median": 7.71345472336,
        "min": 6.97804641724,
        "var": 0.047282744199
    },
    "spectral_flux": {
        "dmean": 0.0232543982565,
        "dmean2": 0.0366460829973,
        "dvar": 0.000794502790086,
        "dvar2": 0.00158161239233,
        "max": 0.260678529739,
        "mean": 0.0929573476315,
        "median": 0.0842680856586,
        "min": 0.0250153057277,
        "var": 0.00147487479262
    },
    "spectral_kurtosis": {
        "dmean": 1.58508145809,
        "dmean2": 2.6867954731,
        "dvar": 2.82198119164,
        "dvar2": 7.95813512802,
        "max": 18.2351169586,
        "mean": 4.13816976547,
        "median": 3.78926277161,
        "min": 0.465289354324,
        "var": 4.80307674408
    },
    "spectral_rms": {
        "dmean": 0.000721815042198,
        "dmean2": 0.00120457657613,
        "dvar": 8.10068286228e-07,
        "dvar2": 2.08695973924e-06,
        "max": 0.00987478811294,
        "mean": 0.00523254508153,
        "median": 0.00514133879915,
        "min": 0.00142506521661,
        "var": 1.34374249683e-06
    },
    "spectral_rolloff": {
        "dmean": 428.913665771,
        "dmean2": 722.405090332,
        "dvar": 306392.03125,
        "dvar2": 738319.4375,
        "max": 10960.4003906,
        "mean": 2059.3449707,
        "median": 2174.85351562,
        "min": 150.732421875,
        "var": 684125.5
    },
    "spectral_skewness": {
        "dmean": 0.193222358823,
        "dmean2": 0.318294852972,
        "dvar": 0.0287941172719,
        "dvar2": 0.0766672343016,
        "max": 2.58717632294,
        "mean": 1.30435371399,
        "median": 1.29828858376,
        "min": 0.464892148972,
        "var": 0.0696048140526
    },
    "spectral_spread": {
        "dmean": 385957.96875,
        "dmean2": 537588.25,
        "dvar": 268924780544,
        "dvar2": 381145481216,
        "max": 16348573,
        "mean": 3526951.75,
        "median": 3370097.25,
        "min": 1863838.5,
        "var": 857149341696
    },
    "spectral_strongpeak": {
        "dmean": 0.798171579838,
        "dmean2": 1.43321537971,
        "dvar": 1.92289865017,
        "dvar2": 4.72622585297,
        "max": 11.6004514694,
        "mean": 1.05625629425,
        "median": 0.381686866283,
        "min": 0.0362682119012,
        "var": 2.8272151947
    },
    "zerocrossingrate": {
        "dmean": 0.00753170065582,
        "dmean2": 0.00935639161617,
        "dvar": 6.62958336761e-05,
        "dvar2": 7.92763457866e-05,
        "max": 0.27490234375,
        "mean": 0.0689907819033,
        "median": 0.06591796875,
        "min": 0.01953125,
        "var": 0.000491457118187
    },
    "barkbands": {
        "dmean": [9.29276793613e-05, 0.00184299936518, 0.00297874980606, 0.00198361859657, 0.00299555505626, 0.000573066296056, 0.000710980792064, 0.000463261036202, 0.000718834518921, 0.00105055561289, 0.00027235673042, 0.000336756726028, 0.00040980000631, 0.000417869770899, 0.000596427766141, 0.00069313053973, 0.000710786611307, 0.000314581586281, 0.000199533125851, 0.00011017864017, 0.000125560662127, 0.000102060097561, 6.41986116534e-05, 3.83804326702e-05, 2.01836701308e-05, 7.04714511812e-06, 1.19106848828e-08],
        "dmean2": [0.00013643380953, 0.00303803943098, 0.00541904382408, 0.00346321472898, 0.00520532345399, 0.000949297565967, 0.00112400157377, 0.000735154200811, 0.0011421253439, 0.001687083859, 0.000442895281594, 0.000541276764125, 0.000650391855743, 0.000659812649246, 0.000965875573456, 0.00110163690988, 0.00114763306919, 0.000505235570017, 0.0003245715925, 0.000173122709384, 0.000188618912944, 0.000144080418977, 8.83982793312e-05, 5.2159633924e-05, 2.74629383057e-05, 1.01804462247e-05, 2.06275672099e-08],
        "dvar": [1.62578448482e-08, 6.20303580945e-06, 3.60172816727e-05, 9.85133101494e-06, 4.03448393627e-05, 7.63402908888e-07, 7.18080968909e-07, 6.21712217708e-07, 1.59043497661e-06, 2.40950680563e-06, 9.57229815413e-08, 2.04264580361e-07, 3.48626542745e-07, 5.38731228517e-07, 7.78744890795e-07, 8.61884075221e-07, 8.36208357669e-07, 1.5460858549e-07, 4.90906728601e-08, 1.8819637404e-08, 3.8763477761e-08, 2.70974904737e-08, 1.16631104774e-08, 4.58685533999e-09, 1.46138934287e-09, 2.52525861333e-10, 1.48714082769e-15],
        "dvar2": [3.27016991264e-08, 1.72092204593e-05, 0.000103977079561, 2.68838466582e-05, 0.000109500506369, 1.94699236999e-06, 1.79119081167e-06, 1.43471493175e-06, 3.79173548026e-06, 6.28410953141e-06, 2.65891571871e-07, 4.89230330913e-07, 7.82651170539e-07, 1.18107072922e-06, 1.96082282855e-06, 2.0295306058e-06, 2.15552790905e-06, 3.98658329459e-07, 1.19592385772e-07, 4.35702816048e-08, 7.97303343347e-08, 5.32373931605e-08, 2.28982468542e-08, 8.90616913551e-09, 2.65808153266e-09, 4.91306939576e-10, 2.72094998273e-15],
        "max": [0.000900720595382, 0.0268955603242, 0.0470631085336, 0.0259431675076, 0.0616408661008, 0.0116392588243, 0.0108323376626, 0.0143648087978, 0.0184869263321, 0.0199814643711, 0.0042213415727, 0.0051784417592, 0.00929460395128, 0.0127031039447, 0.0119170006365, 0.0186785440892, 0.0173077899963, 0.0060977190733, 0.00318734068424, 0.00165286310948, 0.00252992822789, 0.0017553367652, 0.00141540181357, 0.00145067123231, 0.00114284176379, 0.000361368380254, 8.82290237314e-07],
        "mean": [0.000131735330797, 0.00325939105824, 0.00398758333176, 0.00237095099874, 0.00355917587876, 0.000924829335418, 0.00152847135905, 0.000911763287149, 0.00124583696015, 0.00184666679706, 0.000545876391698, 0.000681205943692, 0.000850236159749, 0.000784685777035, 0.00124475988559, 0.00147735723294, 0.00187049550004, 0.000737966387533, 0.000508841418196, 0.000267616269412, 0.000274931488093, 0.000192410632735, 0.000119341508253, 7.42571501178e-05, 3.4279684769e-05, 1.06755478555e-05, 9.1816740877e-09],
        "median": [3.90194727515e-05, 0.00255257985555, 0.00273924856447, 0.00153522263281, 0.00196360517293, 0.000589512696024, 0.00106544117443, 0.000559257052373, 0.000664354884066, 0.00103798951022, 0.000431855674833, 0.000496931781527, 0.000472471467219, 0.000460748473415, 0.000784479256254, 0.00111406471115, 0.00117557088379, 0.000532079197001, 0.000431034452049, 0.000206503435038, 0.000182778210728, 0.00010608426237, 6.92570174579e-05, 4.41915872216e-05, 1.54021454364e-05, 3.41361874234e-06, 9.04441521676e-10],
        "min": [5.94506444074e-09, 2.82640780824e-06, 2.09150402952e-06, 3.54975782102e-06, 2.6435845939e-05, 6.1627561081e-06, 2.11805891013e-05, 4.87839042762e-06, 2.40908884734e-05, 2.4306918931e-05, 2.69014526566e-06, 3.96055429519e-06, 6.66006735628e-06, 1.01907144199e-05, 1.23456620713e-05, 1.05010749394e-05, 1.40660558827e-05, 1.78563168447e-05, 1.362011335e-05, 5.25795576323e-06, 2.38195730162e-06, 1.12355257897e-06, 3.1060099559e-07, 1.39648605568e-07, 5.96768051642e-11, 5.32414650561e-12, 5.80419046159e-12],
        "var": [3.27437774672e-08, 8.57717805047e-06, 2.67180876108e-05, 8.90016235644e-06, 3.23609783663e-05, 1.10335849968e-06, 2.04674370252e-06, 1.46087484154e-06, 3.12062252306e-06, 5.24149663761e-06, 2.48040663564e-07, 4.66509902708e-07, 1.20238632917e-06, 1.30825821998e-06, 2.10134498957e-06, 2.15674936044e-06, 4.87080478706e-06, 4.81231381855e-07, 1.29888192646e-07, 4.3951420281e-08, 7.70008909967e-08, 5.54650689821e-08, 2.24997780407e-08, 9.10147068822e-09, 4.28524993268e-09, 6.05256400554e-10, 1.32703561291e-15]
    },
    "erbbands": {
        "dmean": [0.0554407313466, 0.455606788397, 2.76469254494, 5.23777627945, 11.9685773849, 7.64304542542, 3.62843489647, 5.32076072693, 10.3075590134, 8.15194797516, 9.9929895401, 19.4306106567, 16.1623516083, 33.6886024475, 11.4968967438, 14.5057048798, 19.5700874329, 21.4881744385, 26.4333248138, 28.8824958801, 40.2084960938, 33.0158462524, 18.9884243011, 11.0751714706, 8.48197174072, 5.2459192276, 5.20221996307, 4.65934514999, 3.80096840858, 2.95572566986, 1.63294303417, 1.05197024345, 0.502279937267, 0.265617221594, 0.127142444253, 0.0447307787836, 0.011685051024, 0.00097930454649, 2.16940297832e-05, 1.03939955807e-05],
        "dmean2": [0.0861896499991, 0.785430908203, 4.9811668396, 9.32824802399, 21.0029258728, 13.1281166077, 6.05254983902, 8.90050888062, 16.2742538452, 13.3966884613, 15.747551918, 30.9467735291, 25.8213119507, 54.2953071594, 18.8889808655, 23.2013511658, 30.9083614349, 33.961933136, 42.7345504761, 47.9664764404, 65.6482086182, 53.3419876099, 30.8222026825, 18.0099468231, 13.5640306473, 8.23373126984, 8.08955287933, 6.88932228088, 5.52487468719, 4.07112884521, 2.21350717545, 1.44055783749, 0.69721698761, 0.370214194059, 0.178926929832, 0.0624638050795, 0.0173700693995, 0.00152755191084, 3.25945511577e-05, 1.71547653736e-05],
        "dvar": [0.00583912339061, 0.393329948187, 27.714214325, 76.7899093628, 719.451477051, 195.063064575, 34.9466514587, 73.0937576294, 154.358932495, 164.178787231, 339.705627441, 1240.98718262, 1179.0300293, 2416.03149414, 154.541275024, 456.127807617, 766.415100098, 1399.61352539, 1723.62243652, 2404.25341797, 2933.84594727, 1713.37072754, 542.333496094, 168.949462891, 78.9759902954, 40.9442367554, 67.6779785156, 55.9388961792, 39.7455406189, 20.6256160736, 8.44722366333, 2.95239853859, 0.858995914459, 0.22559389472, 0.0837818682194, 0.0120873916894, 0.000526774616446, 2.69471183856e-06, 1.00382369084e-09, 2.01985428383e-10],
        "dvar2": [0.0145040629432, 1.11258661747, 79.5114212036, 211.504257202, 1945.7076416, 546.537475586, 95.1381378174, 182.970809937, 387.578826904, 387.284820557, 750.084289551, 3007.37792969, 2935.12158203, 6374.48046875, 423.164031982, 1076.69921875, 1694.49572754, 3261.12695312, 4060.60766602, 6357.58154297, 6724.45996094, 4574.51220703, 1426.00585938, 416.907867432, 206.073654175, 93.134223938, 151.280517578, 108.784805298, 78.8747634888, 42.4257888794, 16.5934906006, 5.28499698639, 1.79439139366, 0.411230921745, 0.157980382442, 0.023054484278, 0.000946608837694, 6.16061652181e-06, 2.09374961813e-09, 5.20355147859e-10],
        "max": [0.648612201214, 6.64891910553, 42.5561256409, 53.9374008179, 196.923873901, 173.795227051, 59.1028022766, 136.983169556, 135.491744995, 194.585388184, 392.868652344, 441.574523926, 813.709594727, 538.216186523, 177.046600342, 265.998657227, 400.541229248, 554.110534668, 697.902954102, 774.038757324, 1243.359375, 605.553100586, 342.895812988, 190.257492065, 100.433547974, 82.7653503418, 131.521942139, 86.9009246826, 71.3945999146, 59.8748168945, 42.0926856995, 31.2461433411, 17.3819103241, 13.1660890579, 8.29148006439, 2.48501038551, 0.514246344566, 0.0196259878576, 0.000441261247033, 0.000117381066957],
        "mean": [0.0776528120041, 0.821607708931, 4.22209358215, 6.52309989929, 12.6429452896, 10.290189743, 5.64957523346, 8.69688987732, 22.5673217773, 18.3026123047, 20.2338199615, 34.2146148682, 33.7294006348, 56.3768005371, 26.9696617126, 30.880897522, 43.414226532, 43.531955719, 56.1600494385, 67.0866241455, 93.9006500244, 91.7213592529, 53.0959358215, 29.9692420959, 21.1468009949, 13.3560371399, 11.4764480591, 9.58905029297, 7.14377355576, 5.31476402283, 3.0145945549, 2.00892782211, 0.955600678921, 0.454452842474, 0.206756845117, 0.0673102810979, 0.016901390627, 0.00123450614046, 4.50830702903e-05, 3.8251211663e-05],
        "median": [0.0389450564981, 0.659834265709, 3.27121806145, 4.32144737244, 5.97003650665, 6.16920804977, 3.66655993462, 5.68445634842, 15.497294426, 12.8193054199, 12.4752559662, 18.2898387909, 19.313117981, 33.6346244812, 22.9649333954, 21.9873905182, 25.0675449371, 25.8773975372, 35.4971466064, 41.542591095, 74.7369155884, 60.8108482361, 36.9565429688, 24.2856178284, 18.2268409729, 10.5168056488, 8.08423995972, 5.78897237778, 3.95705366135, 3.06381964684, 1.68201375008, 1.18418800831, 0.568687796593, 0.229537412524, 0.0811303928494, 0.0229796692729, 0.00514931883663, 0.000296724145301, 2.79988453258e-05, 3.50545087713e-05],
        "min": [8.49012649269e-05, 0.00150930846576, 0.00574202975258, 0.020818265155, 0.0992201343179, 0.0335460677743, 0.0169207360595, 0.0941419452429, 0.304749071598, 0.221676677465, 0.476738929749, 0.85468262434, 0.741535723209, 0.348814964294, 0.273735016584, 0.25202524662, 0.378359556198, 0.585425138474, 1.15924704075, 1.15191829205, 0.548045754433, 0.779861211777, 0.847374677658, 0.894243299961, 0.69401037693, 0.287801474333, 0.128922849894, 0.0794335752726, 0.0400481261313, 0.0178063549101, 0.0119379200041, 0.00428331131116, 0.00179661507718, 7.21411342965e-05, 1.33260837174e-05, 7.30301599106e-06, 3.91392950405e-06, 8.74257978012e-07, 3.47221907759e-06, 3.68556106878e-06],
        "var": [0.00838957540691, 0.507179021835, 22.1063575745, 62.2565612793, 544.22442627, 180.053070068, 39.9111328125, 99.9280776978, 443.863800049, 402.888671875, 710.8359375, 2326.95996094, 3424.65820312, 4471.36523438, 377.135040283, 1014.90161133, 2868.19458008, 3444.3112793, 4607.7890625, 6392.38476562, 7222.36328125, 9278.35449219, 2454.91748047, 510.344970703, 187.760955811, 102.527336121, 126.073097229, 112.640190125, 77.5078277588, 40.8700561523, 16.0247039795, 6.33573722839, 1.62525749207, 0.537891089916, 0.254472911358, 0.0294284299016, 0.00132722966373, 4.5213660087e-06, 2.14039697077e-09, 2.81396905777e-10]
    },
    "gfcc": {
        "mean": [35.060962677, 103.861572266, -148.936141968, 46.620010376, -52.7860641479, 16.9733142853, -38.5926895142, 10.9036273956, -17.3878688812, -6.18453836441, -17.8085460663, -4.5396528244, -8.91830253601],
        "cov": [[1015.7913208, -444.562805176, 185.605209351, 66.1528549194, -84.1963577271, 123.643974304, -86.1539611816, 47.8927001953, -101.653396606, 65.5252456665, -129.445770264, 78.4319229126, -88.3306503296], [-444.562805176, 741.166870117, -263.646209717, 11.8317584991, 178.557220459, -107.640853882, 114.587944031, -53.0008163452, 115.207199097, -153.738204956, 168.058151245, -97.0602722168, 105.739875793], [185.605209351, -263.646209717, 377.588623047, 39.5914268494, -61.6028518677, 53.8075408936, -43.813835144, 24.8092575073, -79.4498519897, 92.3189163208, -98.7376785278, 65.1679840088, -81.0518493652], [66.1528549194, 11.8317584991, 39.5914268494, 212.049057007, -9.31840324402, 31.3700180054, -17.8853588104, -28.6922130585, 52.816444397, -24.7422027588, 32.2749404907, -10.573012352, 51.7601966858], [-84.1963577271, 178.557220459, -61.6028518677, -9.31840324402, 181.301940918, -13.5325164795, 36.1481056213, 27.2746429443, 33.8812904358, -12.8662786484, 28.6089553833, -4.3331079483, 6.55567598343], [123.643974304, -107.640853882, 53.8075408936, 31.3700180054, -13.5325164795, 125.623558044, 24.7602558136, 24.054851532, -11.8551063538, 18.8081359863, -11.5171432495, 7.07469797134, -2.86003947258], [-86.1539611816, 114.587944031, -43.813835144, -17.8853588104, 36.1481056213, 24.7602558136, 97.2101364136, 15.487663269, 7.25585460663, -23.6601657867, 24.4113693237, -17.0370330811, 8.75410461426], [47.8927001953, -53.0008163452, 24.8092575073, -28.6922130585, 27.2746429443, 24.054851532, 15.487663269, 90.7110214233, 17.2841472626, 27.8051776886, -19.908613205, 14.4781665802, -8.77168655396], [-101.653396606, 115.207199097, -79.4498519897, 52.816444397, 33.8812904358, -11.8551063538, 7.25585460663, 17.2841472626, 117.217308044, -13.9729995728, 42.9156723022, -24.9902458191, 41.235824585], [65.5252456665, -153.738204956, 92.3189163208, -24.7422027588, -12.8662786484, 18.8081359863, -23.6601657867, 27.8051776886, -13.9729995728, 96.7461242676, -30.0034370422, 27.7582969666, -36.4682655334], [-129.445770264, 168.058151245, -98.7376785278, 32.2749404907, 28.6089553833, -11.5171432495, 24.4113693237, -19.908613205, 42.9156723022, -30.0034370422, 104.091247559, -9.20675182343, 47.3514823914], [78.4319229126, -97.0602722168, 65.1679840088, -10.573012352, -4.3331079483, 7.07469797134, -17.0370330811, 14.4781665802, -24.9902458191, 27.7582969666, -9.20675182343, 68.0177383423, -13.7821235657], [-88.3306503296, 105.739875793, -81.0518493652, 51.7601966858, 6.55567598343, -2.86003947258, 8.75410461426, -8.77168655396, 41.235824585, -36.4682655334, 47.3514823914, -13.7821235657, 85.971824646]],
        "icov": [[0.00200935895555, -0.000703031779267, 0.00159263750538, -0.00224972167052, 0.000886263442226, -0.0019807331264, 0.00188934686594, -0.00177539605647, 0.00192884460557, -0.000484352611238, 0.00231982441619, -0.00235693156719, 0.0024919710122], [-0.000703031779267, 0.00939453952014, -0.00466976501048, 0.00484755402431, -0.00655234139413, 0.00597895681858, -0.00594061054289, 0.0044515626505, -0.00473522813991, 0.00816298648715, -0.00977167114615, 0.00848871842027, -0.00536368601024], [0.00159263750538, -0.00466976501048, 0.0101350042969, -0.00779529707506, 0.00442381110042, -0.00406467076391, 0.00325329345651, -0.00429575890303, 0.00621668808162, -0.0075580845587, 0.0092915147543, -0.00880835857242, 0.00766848539934], [-0.00224972167052, 0.00484755402431, -0.00779529707506, 0.0141880782321, -0.00434987340122, 0.00127627199981, -0.0018308343133, 0.00751853361726, -0.00913867168128, 0.00722166383639, -0.00833847653121, 0.00733369542286, -0.00962223112583], [0.000886263442226, -0.00655234139413, 0.00442381110042, -0.00434987340122, 0.0115824444219, -0.00324109569192, 0.00229318323545, -0.00570696219802, 0.00273211905733, -0.00543118733913, 0.00606896355748, -0.00719710998237, 0.00584154669195], [-0.0019807331264, 0.00597895681858, -0.00406467076391, 0.00127627199981, -0.00324109569192, 0.0160860847682, -0.00922807492316, 0.000735297508072, -0.00172465003561, 0.00266364985146, -0.00687371753156, 0.0068248482421, -0.0053552123718], [0.00188934686594, -0.00594061054289, 0.00325329345651, -0.0018308343133, 0.00229318323545, -0.00922807492316, 0.020416835323, -0.00678776809946, 0.00502544548362, -0.000821417255793, 0.00285165244713, -0.0027315618936, 0.00539640104398], [-0.00177539605647, 0.0044515626505, -0.00429575890303, 0.00751853361726, -0.00570696219802, 0.000735297508072, -0.00678776809946, 0.0213830079883, -0.0101827923208, 0.000978736556135, -0.000896706071217, 0.00140819558874, -0.00652435608208], [0.00192884460557, -0.00473522813991, 0.00621668808162, -0.00913867168128, 0.00273211905733, -0.00172465003561, 0.00502544548362, -0.0101827923208, 0.02021349594, -0.00694688269868, 0.00294460635632, -0.00133571308106, 0.00287435622886], [-0.000484352611238, 0.00816298648715, -0.0075580845587, 0.00722166383639, -0.00543118733913, 0.00266364985146, -0.000821417255793, 0.000978736556135, -0.00694688269868, 0.024968886748, -0.0100258048624, 0.00522341625765, -0.00104185007513], [0.00231982441619, -0.00977167114615, 0.0092915147543, -0.00833847653121, 0.00606896355748, -0.00687371753156, 0.00285165244713, -0.000896706071217, 0.00294460635632, -0.0100258048624, 0.0297633353621, -0.0150748677552, 0.00263387779705], [-0.00235693156719, 0.00848871842027, -0.00880835857242, 0.00733369542286, -0.00719710998237, 0.0068248482421, -0.0027315618936, 0.00140819558874, -0.00133571308106, 0.00522341625765, -0.0150748677552, 0.0306118298322, -0.00831743702292], [0.0024919710122, -0.00536368601024, 0.00766848539934, -0.00962223112583, 0.00584154669195, -0.0053552123718, 0.00539640104398, -0.00652435608208, 0.00287435622886, -0.00104185007513, 0.00263387779705, -0.00831743702292, 0.0273684300482]]
    },
    "melbands": {
        "dmean": [0.000478032859974, 0.00112388771959, 0.00108669186011, 0.000777017499786, 0.00013647810556, 0.000116605624498, 0.000156517169671, 8.9293687779e-05, 9.09091031644e-05, 0.000115818089398, 8.44602982397e-05, 0.000149135667016, 3.7935526052e-05, 3.88131447835e-05, 3.89520100725e-05, 3.90583772969e-05, 4.64043005195e-05, 4.10977445426e-05, 3.85405255656e-05, 4.42559248768e-05, 5.06151845912e-05, 4.13075831602e-05, 3.20261060551e-05, 1.32108089019e-05, 1.00315364762e-05, 8.30838598631e-06, 4.61411354991e-06, 3.62341779692e-06, 3.55353404302e-06, 3.65352843801e-06, 2.66761867351e-06, 2.35983975472e-06, 1.98151769837e-06, 1.61100786045e-06, 1.01734519831e-06, 8.29974112548e-07, 6.31443299426e-07, 4.02872842642e-07, 2.75103616332e-07, 2.30053274208e-07],
        "dmean2": [0.00076872156933, 0.00201857113279, 0.00191196636297, 0.00135986250825, 0.000233327460592, 0.000195172426174, 0.000246731127845, 0.000146289195982, 0.000142346238135, 0.000185139753739, 0.000135819951538, 0.000240542925894, 6.19058337179e-05, 6.27793342574e-05, 6.24886160949e-05, 6.19541024207e-05, 7.33745109756e-05, 6.6884138505e-05, 6.20075516053e-05, 7.21090618754e-05, 8.21401554276e-05, 6.71074230922e-05, 5.17384287377e-05, 2.14616793528e-05, 1.64647008205e-05, 1.34888450702e-05, 7.51589868742e-06, 5.74597152081e-06, 5.70211750528e-06, 5.63390176467e-06, 4.01152692575e-06, 3.49042420567e-06, 2.87294665213e-06, 2.30880300478e-06, 1.42424141814e-06, 1.19736068882e-06, 8.94297727427e-07, 5.93127367665e-07, 3.92587736542e-07, 3.3740062122e-07],
        "dvar": [4.35299909896e-07, 3.90328432331e-06, 3.38684003509e-06, 2.73717546406e-06, 5.06784303411e-08, 3.3329754956e-08, 3.415906491e-08, 1.95837515093e-08, 2.46281537386e-08, 4.24427177848e-08, 3.04974285825e-08, 4.84565703118e-08, 1.83362580675e-09, 2.53741672118e-09, 2.3339528088e-09, 3.99418098596e-09, 6.50409104352e-09, 4.73966865755e-09, 3.13229864268e-09, 4.12632905622e-09, 4.15204359783e-09, 3.11357406524e-09, 1.87583260036e-09, 2.49865461655e-10, 1.42518830071e-10, 8.48270412246e-11, 2.93505914017e-11, 1.99066752665e-11, 2.9261232326e-11, 3.25757303077e-11, 1.83567536172e-11, 1.52308582413e-11, 9.25306359312e-12, 6.84041408586e-12, 3.35762797773e-12, 1.96114110194e-12, 1.30587218556e-12, 5.59503561103e-13, 2.28976830986e-13, 2.19226505981e-13],
        "dvar2": [1.17765080176e-06, 1.1240915228e-05, 9.17914167076e-06, 7.50439312469e-06, 1.41384589369e-07, 8.32661726236e-08, 8.52881427704e-08, 4.66925413889e-08, 5.35471720298e-08, 1.02900969523e-07, 7.54088134158e-08, 1.28329190829e-07, 5.13033882044e-09, 6.00636296255e-09, 5.58357893254e-09, 8.93294327398e-09, 1.49745105205e-08, 1.10655076213e-08, 7.75754926963e-09, 1.00543555703e-08, 9.77673408897e-09, 8.55344239881e-09, 5.09124431503e-09, 6.61453669615e-10, 3.5897074202e-10, 2.18166651411e-10, 7.45354680753e-11, 4.60077566322e-11, 7.03916161471e-11, 6.99751576128e-11, 3.67041987082e-11, 3.16609724549e-11, 1.90915911552e-11, 1.5019216773e-11, 6.54942029429e-12, 4.17970302466e-12, 2.5079105459e-12, 1.23912273671e-12, 4.75465695461e-13, 4.13505357342e-13],
        "max": [0.00681001832709, 0.0161207728088, 0.0122075341642, 0.016517886892, 0.00249222968705, 0.00276766391471, 0.00206028227694, 0.00236952700652, 0.00295028788969, 0.00248462264426, 0.00402416335419, 0.00253877742216, 0.000666061823722, 0.000566137197893, 0.000747676298488, 0.00116594845895, 0.00122415286023, 0.00104088836815, 0.000761436240282, 0.00103116524406, 0.00138263613917, 0.00082513410598, 0.000708752253558, 0.000269506854238, 0.000172248939634, 0.000124786762171, 6.58816861687e-05, 5.73181168875e-05, 8.34901438793e-05, 6.53804600006e-05, 4.31254775322e-05, 4.3437583372e-05, 3.17332269333e-05, 3.4818687709e-05, 2.96194903058e-05, 2.26037336688e-05, 2.61825753114e-05, 1.39368903547e-05, 9.09235404833e-06, 1.44543137139e-05],
        "mean": [0.000775316380896, 0.00184096128214, 0.00132554199081, 0.000928091350943, 0.000216834043385, 0.000187157536857, 0.000344103085808, 0.000196353736101, 0.000176340094185, 0.000201386967092, 0.000166970508872, 0.000240339621087, 8.18724511191e-05, 8.12268845038e-05, 8.40792927193e-05, 8.2063008449e-05, 8.22531364975e-05, 8.1719343143e-05, 8.45926624606e-05, 9.78366369964e-05, 0.000111510991701, 9.95161535684e-05, 7.72203347879e-05, 2.97696078633e-05, 2.33761093114e-05, 1.91782783077e-05, 1.05220497062e-05, 8.15439761936e-06, 7.09545929567e-06, 6.83238931742e-06, 5.03318369738e-06, 4.10670145357e-06, 3.52461483999e-06, 2.69449833468e-06, 1.75121465418e-06, 1.4688741885e-06, 1.12002544483e-06, 7.18168962521e-07, 4.66057088033e-07, 3.55451646783e-07],
        "median": [0.000535687722731, 0.00154063594528, 0.000842158333398, 0.000489511119667, 0.000154198700329, 0.000118728130474, 0.000236864871113, 0.000133579946123, 0.00010895988089, 0.000109015869384, 9.24990017666e-05, 0.000139472962474, 6.73587201163e-05, 6.21931976639e-05, 5.83354049013e-05, 4.33947170677e-05, 4.6253324399e-05, 5.1061524573e-05, 4.96893553645e-05, 6.5955973696e-05, 8.61776134116e-05, 6.39366116957e-05, 4.58517097286e-05, 2.16789285332e-05, 1.84907803487e-05, 1.58402745001e-05, 8.46716920933e-06, 6.23360301688e-06, 5.10557447342e-06, 4.27195527664e-06, 2.80670064967e-06, 2.1820674192e-06, 1.96546830011e-06, 1.49322386278e-06, 9.36232709137e-07, 8.91209197107e-07, 6.33890294921e-07, 4.16255176106e-07, 2.61276767333e-07, 1.56521153372e-07],
        "min": [8.80620973476e-07, 3.40512178809e-06, 6.1044429458e-06, 6.88103091306e-06, 4.3510246428e-07, 1.23127779261e-06, 4.27902796218e-06, 2.10410803447e-06, 4.43639783043e-06, 4.6515019676e-06, 3.05000048684e-06, 1.29152613226e-06, 4.92173796829e-07, 5.62861657727e-07, 6.08641357758e-07, 7.5178888892e-07, 8.59053557178e-07, 1.33867513341e-06, 9.29881196043e-07, 1.17950673939e-06, 4.64677071932e-07, 7.73587260028e-07, 8.95183859484e-07, 6.57374812363e-07, 6.67296831125e-07, 3.78290025083e-07, 2.62721982836e-07, 1.57684098667e-07, 5.5175874536e-08, 6.38805914832e-08, 3.26179510068e-08, 1.80101924485e-08, 1.03143236174e-08, 3.89525167677e-09, 3.17459147858e-09, 3.58117091537e-09, 2.04452965669e-09, 1.3963151746e-09, 2.14989939913e-12, 6.04339386694e-13],
