{
"highlevel": {
    "danceability": {
        "all": {
            "danceable": 0.0585066191852,
            "not_danceable": 0.941493391991
        },
        "probability": 0.941493391991,
        "value": "not_danceable"
    },
    "gender": {
        "all": {
            "female": 0.625274121761,
            "male": 0.374725878239
        },
        "probability": 0.625274121761,
        "value": "female"
    },
    "genre_dortmund": {
        "all": {
            "alternative": 0.0175924785435,
            "blues": 0.0159856453538,
            "electronic": 0.184538215399,
            "folkcountry": 0.0986786335707,
            "funksoulrnb": 0.070805862546,
            "jazz": 0.384932816029,
            "pop": 0.0589785762131,
            "raphiphop": 0.129582211375,
            "rock": 0.0389055609703
        },
        "probability": 0.384932816029,
        "value": "jazz"
    },
    "genre_electronic": {
        "all": {
            "ambient": 0.896668076515,
            "dnb": 0.0479627214372,
            "house": 0.0372715443373,
            "techno": 0.00867146160454,
            "trance": 0.00942618772388
        },
        "probability": 0.896668076515,
        "value": "ambient"
    },
    "genre_rosamerica": {
        "all": {
            "cla": 0.015931526199,
            "dan": 0.00864555314183,
            "hip": 0.0215312745422,
            "jaz": 0.0657618120313,
            "pop": 0.438125312328,
            "rhy": 0.428369373083,
            "roc": 0.00600357772782,
            "spe": 0.0156315676868
        },
        "probability": 0.438125312328,
        "value": "pop"
    },
    "genre_tzanetakis": {
        "all": {
            "blu": 0.0626541376114,
            "cla": 0.0348133966327,
            "cou": 0.0783501937985,
            "dis": 0.104547761381,
            "hip": 0.15693578124,
            "jaz": 0.313987255096,
            "met": 0.044816005975,
            "pop": 0.0627349764109,
            "reg": 0.0627352520823,
            "roc": 0.0784252434969
        },
        "probability": 0.313987255096,
        "value": "jaz"
    },
    "ismir04_rhythm": {
        "all": {
            "ChaChaCha": 0.0360482372344,
            "Jive": 0.0393547937274,
            "Quickstep": 0.0806221961975,
            "Rumba-American": 0.0412001982331,
            "Rumba-International": 0.311314016581,
            "Rumba-Misc": 0.0510358549654,
            "Samba": 0.0529405772686,
            "Tango": 0.0152652077377,
            "VienneseWaltz": 0.30372980237,
            "Waltz": 0.0684890896082
        },
        "probability": 0.311314016581,
        "value": "Rumba-International"
    },
    "mood_acoustic": {
        "all": {
            "acoustic": 0.13943977654,
            "not_acoustic": 0.860560238361
        },
        "probability": 0.860560238361,
        "value": "not_acoustic"
    },
    "mood_aggressive": {
        "all": {
            "aggressive": 0.0307399462909,
            "not_aggressive": 0.969260036945
        },
        "probability": 0.969260036945,
        "value": "not_aggressive"
    },
    "mood_electronic": {
        "all": {
            "electronic": 0.625993609428,
            "not_electronic": 0.374006390572
        },
        "probability": 0.625993609428,
        "value": "electronic"
    },
    "mood_happy": {
        "all": {
            "happy": 0.108638681471,
            "not_happy": 0.891361296177
        },
        "probability": 0.891361296177,
        "value": "not_happy"
    },
    "mood_party": {
        "all": {
            "not_party": 0.971539080143,
            "party": 0.0284609422088
        },
        "probability": 0.971539080143,
        "value": "not_party"
    },
    "mood_relaxed": {
        "all": {
            "not_relaxed": 0.212871849537,
            "relaxed": 0.787128150463
        },
        "probability": 0.787128150463,
        "value": "relaxed"
    },
    "mood_sad": {
        "all": {
            "not_sad": 0.27698302269,
            "sad": 0.72301697731
        },
        "probability": 0.72301697731,
        "value": "sad"
    },
    "moods_mirex": {
        "all": {
            "Cluster1": 0.120443709195,
            "Cluster2": 0.344194471836,
            "Cluster3": 0.328755676746,
            "Cluster4": 0.0719158947468,
            "Cluster5": 0.134690254927
        },
        "probability": 0.344194471836,
        "value": "Cluster2"
    },
    "timbre": {
        "all": {
            "bright": 0.725605487823,
            "dark": 0.274394482374
        },
        "probability": 0.725605487823,
        "value": "bright"
    },
    "tonal_atonal": {
        "all": {
            "atonal": 0.000955989118665,
            "tonal": 0.999044001102
        },
        "probability": 0.999044001102,
        "value": "tonal"
    },
    "voice_instrumental": {
        "all": {
            "instrumental": 0.346058696508,
            "voice": 0.653941333294
        },
        "probability": 0.653941333294,
        "value": "voice"
    }
},
"lowlevel": {
    "average_loudness": 0.972676515579,
    "barkbands_crest": {
        "dmean": 3.12558174133,
        "dmean2": 5.12137985229,
        "dvar": 7.34641599655,
        "dvar2": 17.4641036987,
        "max": 25.3875293732,
        "mean": 12.5718135834,
        "median": 11.9542474747,
        "min": 2.80874967575,
        "var": 20.1337299347
    },
    "barkbands_flatness_db": {
        "dmean": 0.0315210223198,
        "dmean2": 0.0468463040888,
        "dvar": 0.000929776986595,
        "dvar2": 0.00177599512972,
        "max": 0.473429977894,
        "mean": 0.223344534636,
        "median": 0.219640493393,
        "min": 0.0663745552301,
        "var": 0.00381144601852
    },
    "barkbands_kurtosis": {
        "dmean": 8.33049678802,
        "dmean2": 13.2472810745,
        "dvar": 142.812652588,
        "dvar2": 320.339782715,
        "max": 206.772842407,
        "mean": 14.7988777161,
        "median": 10.6281852722,
        "min": -1.89387702942,
        "var": 264.006256104
    },
    "barkbands_skewness": {
        "dmean": 0.872992753983,
        "dmean2": 1.30898523331,
        "dvar": 0.723230719566,
        "dvar2": 1.43656182289,
        "max": 9.98121166229,
        "mean": 2.64645314217,
        "median": 2.52624416351,
        "min": -1.14197552204,
        "var": 2.22892260551
    },
    "barkbands_spread": {
        "dmean": 4.04836797714,
        "dmean2": 6.15927171707,
        "dvar": 35.2379341125,
        "dvar2": 66.5645828247,
        "max": 83.5191497803,
        "mean": 10.0490589142,
        "median": 6.85599470139,
        "min": 0.367019951344,
        "var": 99.1655731201
    },
    "dissonance": {
        "dmean": 0.0409698672593,
        "dmean2": 0.0656244084239,
        "dvar": 0.00113494810648,
        "dvar2": 0.00293861958198,
        "max": 0.497836768627,
        "mean": 0.404178619385,
        "median": 0.412533432245,
        "min": 0.194382697344,
        "var": 0.00318471319042
    },
    "dynamic_complexity": 1.86888444424,
    "erbbands_crest": {
        "dmean": 3.01540374756,
        "dmean2": 4.92011356354,
        "dvar": 7.92165136337,
        "dvar2": 20.2344608307,
        "max": 29.2631282806,
        "mean": 11.930352211,
        "median": 11.0512742996,
        "min": 3.18325281143,
        "var": 19.406080246
    },
    "erbbands_flatness_db": {
        "dmean": 0.0266704168171,
        "dmean2": 0.0387451685965,
        "dvar": 0.000698269170243,
        "dvar2": 0.00143274699803,
        "max": 0.399810165167,
        "mean": 0.205173239112,
        "median": 0.197044461966,
        "min": 0.0803793519735,
        "var": 0.00257282378152
    },
    "erbbands_kurtosis": {
        "dmean": 3.11411261559,
        "dmean2": 5.04201793671,
        "dvar": 13.445772171,
        "dvar2": 35.9435920715,
        "max": 41.7845306396,
        "mean": 5.12193107605,
        "median": 3.94763422012,
        "min": -1.79254066944,
        "var": 26.0830612183
    },
    "erbbands_skewness": {
        "dmean": 0.585088670254,
        "dmean2": 0.908196508884,
        "dvar": 0.308383464813,
        "dvar2": 0.674717366695,
        "max": 5.4893155098,
        "mean": 1.58453285694,
        "median": 1.63588678837,
        "min": -2.52953267097,
        "var": 0.961459875107
    },
    "erbbands_spread": {
        "dmean": 9.48338317871,
        "dmean2": 14.8425064087,
        "dvar": 166.492034912,
        "dvar2": 385.968444824,
        "max": 126.430908203,
        "mean": 25.5794944763,
        "median": 19.9454059601,
        "min": 2.01558828354,
        "var": 361.400970459
    },
    "hfc": {
        "dmean": 7.89790773392,
        "dmean2": 12.0646343231,
        "dvar": 218.995422363,
        "dvar2": 515.671386719,
        "max": 129.537078857,
        "mean": 16.8512191772,
        "median": 13.4791784286,
        "min": 0.483016610146,
        "var": 268.612976074
    },
    "melbands_crest": {
        "dmean": 3.61568903923,
        "dmean2": 6.04279184341,
        "dvar": 9.11580562592,
        "dvar2": 22.8427963257,
        "max": 31.0182342529,
        "mean": 15.2093381882,
        "median": 14.6752004623,
        "min": 3.87666249275,
        "var": 25.2094097137
    },
    "melbands_flatness_db": {
        "dmean": 0.0386753566563,
        "dmean2": 0.054107144475,
        "dvar": 0.00157858675811,
        "dvar2": 0.00281440583058,
        "max": 0.595281660557,
        "mean": 0.280484169722,
        "median": 0.277460932732,
        "min": 0.0195337831974,
        "var": 0.00693244673312
    },
    "melbands_kurtosis": {
        "dmean": 13.2201452255,
        "dmean2": 21.137424469,
        "dvar": 538.062927246,
        "dvar2": 1337.25585938,
        "max": 368.840667725,
        "mean": 22.2319355011,
        "median": 14.4323730469,
        "min": -1.16266989708,
        "var": 771.337890625
    },
    "melbands_skewness": {
        "dmean": 1.02385902405,
        "dmean2": 1.55144989491,
        "dvar": 1.2756601572,
        "dvar2": 2.75364565849,
        "max": 15.7536382675,
        "mean": 2.83897089958,
        "median": 2.49287462234,
        "min": -0.274758040905,
        "var": 3.26141214371
    },
    "melbands_spread": {
        "dmean": 4.46365594864,
        "dmean2": 6.71974849701,
        "dvar": 72.221206665,
        "dvar2": 122.644973755,
        "max": 137.119781494,
        "mean": 10.7284603119,
        "median": 7.03335857391,
        "min": 0.46819537878,
        "var": 172.249389648
    },
    "pitch_salience": {
        "dmean": 0.0834905356169,
        "dmean2": 0.134748846292,
        "dvar": 0.00640551652759,
        "dvar2": 0.014125415124,
        "max": 0.837276279926,
        "mean": 0.532267987728,
        "median": 0.540156781673,
        "min": 0.121268354356,
        "var": 0.0156867783517
    },
    "silence_rate_20dB": {
        "dmean": 0,
        "dmean2": 0,
        "dvar": 0,
        "dvar2": 0,
        "max": 1,
        "mean": 1,
        "median": 1,
        "min": 1,
        "var": 0
    },
    "silence_rate_30dB": {
        "dmean": 0.0448916405439,
        "dmean2": 0.0898528248072,
        "dvar": 0.0428760387003,
        "dvar2": 0.0895243138075,
        "max": 1,
        "mean": 0.952822864056,
        "median": 1,
        "min": 0,
        "var": 0.0449507534504
    },
    "silence_rate_60dB": {
        "dmean": 0.00154798757285,
        "dmean2": 0.00309837330133,
        "dvar": 0.00154558883514,
        "dvar2": 0.00308876112103,
        "max": 1,
        "mean": 0.00386697612703,
        "median": 0,
        "min": 0,
        "var": 0.00385198835284
    },
    "spectral_centroid": {
        "dmean": 168.276672363,
        "dmean2": 251.63722229,
        "dvar": 85639.0625,
        "dvar2": 139008.171875,
        "max": 3677.68920898,
        "mean": 680.537353516,
        "median": 537.149597168,
        "min": 135.86340332,
        "var": 219604
    },
    "spectral_complexity": {
        "dmean": 3.31037139893,
        "dmean2": 4.75522851944,
        "dvar": 29.3255214691,
        "dvar2": 45.834728241,
        "max": 55,
        "mean": 12.4052591324,
        "median": 11,
        "min": 0,
        "var": 63.8856468201
    },
    "spectral_decrease": {
        "dmean": 3.13406056662e-09,
        "dmean2": 4.74585482024e-09,
        "dvar": 2.14110225624e-17,
        "dvar2": 3.29483938168e-17,
        "max": -1.30558116401e-11,
        "mean": -8.12571077091e-09,
        "median": -6.05739369774e-09,
        "min": -4.44057768334e-08,
        "var": 5.25619148578e-17
    },
    "spectral_energy": {
        "dmean": 0.0124341500923,
        "dmean2": 0.0188530571759,
        "dvar": 0.000321531784721,
        "dvar2": 0.00050875445595,
        "max": 0.168813377619,
        "mean": 0.0321967601776,
        "median": 0.0241279937327,
        "min": 9.55366485869e-05,
        "var": 0.000780358503107
    },
    "spectral_energyband_high": {
        "dmean": 0.000296636135317,
        "dmean2": 0.000439590541646,
        "dvar": 3.21355429378e-07,
        "dvar2": 6.17054013219e-07,
        "max": 0.00558956945315,
        "mean": 0.000450634484878,
        "median": 0.000175037726876,
        "min": 1.12432282151e-07,
        "var": 5.92738842897e-07
    },
    "spectral_energyband_low": {
        "dmean": 0.00569629343227,
        "dmean2": 0.00816797744483,
        "dvar": 0.000322024687193,
        "dvar2": 0.000463158852654,
        "max": 0.164301902056,
        "mean": 0.00862434972078,
        "median": 0.000638526515104,
        "min": 8.44754310947e-08,
        "var": 0.000608631758951
    },
    "spectral_energyband_middle_high": {
        "dmean": 0.00228535127826,
        "dmean2": 0.00357848219573,
        "dvar": 4.25191647082e-05,
        "dvar2": 0.000101824494777,
        "max": 0.0534285455942,
        "mean": 0.00287239602767,
        "median": 0.00111022149213,
        "min": 1.3105052858e-05,
        "var": 4.07661063946e-05
    },
    "spectral_energyband_middle_low": {
        "dmean": 0.00869462825358,
        "dmean2": 0.014752603136,
        "dvar": 0.000184590069694,
        "dvar2": 0.000521628011484,
        "max": 0.110076807439,
        "mean": 0.0209869407117,
        "median": 0.0184100922197,
        "min": 1.80510760401e-05,
        "var": 0.000191126047866
    },
    "spectral_entropy": {
        "dmean": 0.321437865496,
        "dmean2": 0.472804427147,
        "dvar": 0.127770155668,
        "dvar2": 0.254213452339,
        "max": 8.57583618164,
        "mean": 6.79409265518,
        "median": 6.81821680069,
        "min": 4.74549818039,
        "var": 0.447069317102
    },
    "spectral_flux": {
        "dmean": 0.0356017500162,
        "dmean2": 0.0550135970116,
        "dvar": 0.00180167460348,
        "dvar2": 0.00321675464511,
        "max": 0.408850252628,
        "mean": 0.0945800170302,
        "median": 0.0739367082715,
        "min": 0.00720785651356,
        "var": 0.00459943898022
    },
    "spectral_kurtosis": {
        "dmean": 4.74716234207,
        "dmean2": 7.11145305634,
        "dvar": 69.9843597412,
        "dvar2": 160.314804077,
        "max": 122.505775452,
        "mean": 10.4952669144,
        "median": 7.01413726807,
        "min": -0.693165063858,
        "var": 129.393005371
    },
    "spectral_rms": {
        "dmean": 0.00102344842162,
        "dmean2": 0.00153991696425,
        "dvar": 1.42955241245e-06,
        "dvar2": 2.33434889196e-06,
        "max": 0.0128333931789,
        "mean": 0.0052256132476,
        "median": 0.00485175289214,
        "min": 0.000305297377054,
        "var": 4.10444863519e-06
    },
    "spectral_rolloff": {
        "dmean": 272.214538574,
        "dmean2": 438.636322021,
        "dvar": 428420.90625,
        "dvar2": 752413.4375,
        "max": 10034.4726562,
        "mean": 825.373535156,
        "median": 602.9296875,
        "min": 86.1328125,
        "var": 981009.3125
    },
    "spectral_skewness": {
        "dmean": 0.506383597851,
        "dmean2": 0.724934577942,
        "dvar": 0.421849489212,
        "dvar2": 0.909542322159,
        "max": 8.59199142456,
        "mean": 2.59342908859,
        "median": 2.41937255859,
        "min": 0.123057752848,
        "var": 1.16639137268
    },
    "spectral_spread": {
        "dmean": 982183.125,
        "dmean2": 1441558.75,
        "dvar": 1.44926087578e+12,
        "dvar2": 3.23138853274e+12,
        "max": 12624643,
        "mean": 4849974,
        "median": 4739068.5,
        "min": 742625.9375,
        "var": 3.31433220506e+12
    },
    "spectral_strongpeak": {
        "dmean": 0.542627573013,
        "dmean2": 0.940277099609,
        "dvar": 0.31689029932,
        "dvar2": 0.854741692543,
        "max": 4.41458749771,
        "mean": 1.15683460236,
        "median": 1.01371943951,
        "min": 0.0284133069217,
        "var": 0.522857069969
    },
    "zerocrossingrate": {
        "dmean": 0.00999578274786,
        "dmean2": 0.0116011239588,
        "dvar": 0.000150363106513,
        "dvar2": 0.000147096492583,
        "max": 0.298828125,
        "mean": 0.0424664951861,
        "median": 0.0361328125,
        "min": 0.00341796875,
        "var": 0.000924817810301
    },
    "barkbands": {
        "dmean": [3.69987028535e-05, 0.00480998074636, 0.00329743162729, 0.00164561520796, 0.00299789011478, 0.00435982784256, 0.000572369724978, 0.00159857142717, 0.00125836092047, 0.000244698807364, 0.000245193194132, 0.000299412262393, 0.000312473246595, 0.00036112946691, 0.000644264160655, 0.000219411085709, 0.000191137412912, 0.000131418739329, 7.47659578337e-05, 9.1589645308e-05, 4.98972294736e-05, 4.81163697259e-05, 6.70232475386e-05, 4.20878277509e-05, 5.26611183886e-05, 2.02679802896e-05, 3.25887361541e-09],
        "dmean2": [5.71775199205e-05, 0.00670468714088, 0.00576018495485, 0.00304909143597, 0.00530921574682, 0.00737854186445, 0.000867845839821, 0.00255300058052, 0.00201701349579, 0.00038868613774, 0.000388061424019, 0.000486772303702, 0.000494642183185, 0.000536192150321, 0.00107720890082, 0.000376934040105, 0.000315937038977, 0.00020007857529, 0.000114521295473, 0.000137833470944, 7.67479505157e-05, 7.4359071732e-05, 9.85970837064e-05, 6.53831157251e-05, 8.23864393169e-05, 3.18360034726e-05, 4.79462514136e-09],
        "dvar": [1.23992469625e-08, 0.000255279563135, 0.000152586289914, 3.93485352106e-05, 5.36892075615e-05, 3.90814566344e-05, 1.62972207818e-06, 7.47126068745e-06, 5.48213620277e-06, 4.09431294202e-07, 3.7606270098e-07, 7.16254589861e-07, 7.64451101531e-07, 1.25324504552e-06, 6.07312995271e-06, 5.02813122694e-07, 3.69905620801e-07, 1.49323966525e-07, 5.88431241511e-08, 5.42074545251e-08, 2.48404656844e-08, 1.54900146043e-08, 2.44668267868e-08, 5.22537879633e-09, 7.13564762833e-09, 8.44321446092e-10, 2.47297727577e-15],
        "dvar2": [3.07322629567e-08, 0.000438838353148, 0.000408786901971, 0.000114911716082, 0.000155529865879, 0.000114469927212, 3.32695253746e-06, 1.89584170585e-05, 1.29731688503e-05, 8.46610987537e-07, 9.09451443931e-07, 1.82064025012e-06, 1.8110572455e-06, 2.6105658435e-06, 1.57079175551e-05, 1.37625977459e-06, 9.67154619502e-07, 3.55918501782e-07, 1.23616658243e-07, 1.24307078408e-07, 5.58061650224e-08, 3.40627082096e-08, 4.83334190449e-08, 1.20984280372e-08, 1.69847051978e-08, 1.8597950957e-09, 2.55878658377e-15],
        "max": [0.00148607522715, 0.156382918358, 0.0928643867373, 0.0555743612349, 0.0724835246801, 0.0626819431782, 0.0206503141671, 0.0318682342768, 0.034679543227, 0.00871445890516, 0.00968221202493, 0.0113447513431, 0.0087877092883, 0.0116108991206, 0.0213522687554, 0.00589946517721, 0.00526336114854, 0.00342856277712, 0.00232401187532, 0.0024526596535, 0.00232866127044, 0.00196390482597, 0.00292909611017, 0.000844691996463, 0.00118772592396, 0.000282485911157, 1.77178321792e-06],
        "mean": [3.82216094295e-05, 0.00487323431298, 0.00303171435371, 0.00145728688221, 0.00442336359993, 0.00872161239386, 0.000851318822242, 0.00294468202628, 0.00246886280365, 0.000358297285857, 0.000322587817209, 0.00031663334812, 0.000318626203807, 0.000416627939558, 0.000522606016602, 0.000211674137972, 0.000196049004444, 0.000152440246893, 7.74814179749e-05, 0.000114284324809, 5.34267201147e-05, 6.0764614318e-05, 0.000103406149719, 5.31654477527e-05, 7.69124599174e-05, 3.15113684337e-05, 2.81810530467e-09],
        "median": [4.99002510423e-07, 6.93952024449e-05, 0.000400621967856, 0.000488527584821, 0.00314480438828, 0.00655068969354, 0.000212929240661, 0.00132957904134, 0.00129153695889, 0.000137874420034, 0.000118332078273, 5.07471268065e-05, 4.52840940852e-05, 3.94884664274e-05, 2.54427432083e-05, 3.22604719258e-05, 3.76554853574e-05, 2.77919480141e-05, 1.15543762149e-05, 1.78764603334e-05, 3.24483471559e-06, 1.21520324683e-05, 3.23333661072e-05, 1.84120490303e-05, 4.03028207074e-05, 1.68389487953e-05, 3.64538760289e-10],
        "min": [1.16173826115e-09, 2.14709512392e-08, 3.32308438544e-08, 1.40144123861e-07, 2.66563830564e-07, 8.04314822744e-06, 1.14921624572e-06, 2.21248365051e-06, 1.68093424691e-06, 3.49803713107e-07, 5.54499365535e-07, 3.68790693983e-07, 6.26687750582e-08, 6.53015348462e-08, 4.54919444337e-08, 2.49575737854e-08, 7.55716769163e-08, 1.28000252175e-07, 1.44804319646e-08, 1.4093342493e-08, 7.52259587955e-09, 5.5259281595e-09, 6.97060809074e-09, 8.08738520597e-10, 5.09337072518e-10, 3.51224982431e-09, 7.28440224806e-12],
        "var": [1.48476200224e-08, 0.000341340317391, 0.000107016196125, 2.22773160203e-05, 3.45895678038e-05, 6.88321888447e-05, 3.09817960442e-06, 1.62612759596e-05, 1.07393279904e-05, 6.07553772625e-07, 4.50883788972e-07, 6.65297875457e-07, 7.7978097579e-07, 1.55614202413e-06, 4.59243028672e-06, 3.77047598477e-07, 3.05675285972e-07, 1.50184362724e-07, 6.39675334924e-08, 7.72652626324e-08, 2.85556822632e-08, 2.27226788496e-08, 5.01110015705e-08, 7.40203631722e-09, 1.13408038516e-08, 1.51357326672e-09, 2.4579614992e-15]
    },
    "erbbands": {
        "dmean": [0.0898295193911, 1.26058983803, 3.42405986786, 4.53532600403, 7.50450849533, 9.6274433136, 19.2969665527, 45.7199630737, 12.2796869278, 18.9505825043, 33.1575775146, 26.5714912415, 11.6634502411, 7.83023738861, 11.0665035248, 10.9123792648, 13.5326890945, 17.7012176514, 22.7977714539, 27.7450809479, 13.0585269928, 9.95803165436, 7.94447183609, 4.84098243713, 2.98481845856, 4.62295675278, 2.2643456459, 2.16347527504, 1.56712710857, 2.05974674225, 1.98186910152, 0.89143705368, 0.778310716152, 0.620621025562, 0.36625996232, 0.119233511388, 0.0354650467634, 0.00293410825543, 5.81338572374e-05, 1.58325001394e-05],
        "dmean2": [0.128953397274, 1.74613499641, 5.32775354385, 8.11934661865, 13.6013994217, 17.0384731293, 32.0389060974, 78.241569519, 19.1776351929, 29.7014904022, 52.0228614807, 42.1688842773, 18.2149047852, 11.86241436, 17.0800666809, 17.6104393005, 21.154630661, 26.6741256714, 35.7208099365, 47.5345916748, 22.4459285736, 16.1891460419, 12.2662725449, 7.3524813652, 4.52275657654, 6.99680948257, 3.41924571991, 3.34487056732, 2.38928246498, 3.08865141869, 3.02366137505, 1.3568803072, 1.22903561592, 0.980490326881, 0.581932842731, 0.185895383358, 0.0563355609775, 0.00477597257122, 9.18838995858e-05, 2.3809094273e-05],
        "dvar": [0.0942285433412, 17.0951690674, 140.705871582, 293.586364746, 663.348327637, 533.101074219, 625.719421387, 5406.43603516, 481.805053711, 1049.27294922, 3200.05541992, 2192.01635742, 587.415649414, 214.15687561, 989.374328613, 920.538208008, 1533.53857422, 2758.90063477, 5988.87597656, 11386.6806641, 2056.04882812, 982.27947998, 554.236694336, 264.273925781, 69.474395752, 142.02204895, 37.1627655029, 51.65625, 17.9912128448, 22.6137657166, 24.1536979675, 3.37489914894, 1.6210334301, 0.879844009876, 0.42603880167, 0.0329376608133, 0.00255742459558, 2.46545441769e-05, 8.21306933574e-09, 4.61780391703e-10],
        "dvar2": [0.186251655221, 29.1100311279, 338.860595703, 823.168273926, 1936.77770996, 1538.94494629, 1618.83239746, 16305.1220703, 1076.04492188, 2608.40917969, 6995.80322266, 4877.14306641, 1278.9276123, 458.26574707, 2408.54345703, 2296.88452148, 3661.69165039, 6119.95654297, 13229.9707031, 30233.6171875, 5676.48388672, 2537.640625, 1371.0682373, 564.37322998, 147.245605469, 332.362884521, 78.349937439, 117.972923279, 37.5451431274, 45.5119972229, 50.7807884216, 7.51316213608, 3.92843294144, 2.13251709938, 1.01856076717, 0.0733882114291, 0.00584626104683, 5.96568606852e-05, 1.9185069533e-08, 7.96332277897e-10],
        "max": [2.79440402985, 40.0429954529, 107.33820343, 144.600708008, 233.535461426, 226.031311035, 262.456634521, 759.218933105, 344.361724854, 362.315216064, 844.559387207, 580.769226074, 452.27053833, 191.641052246, 513.078369141, 406.221282959, 472.800079346, 535.164794922, 702.930541992, 815.245727539, 412.888580322, 268.717529297, 210.177429199, 134.045028687, 82.8592224121, 115.092430115, 56.0678138733, 128.163711548, 59.135471344, 87.5159835815, 102.204658508, 31.534116745, 12.8629016876, 9.30311870575, 10.135471344, 2.11328887939, 0.450469642878, 0.048319041729, 0.000857367529534, 0.000182443545782],
        "mean": [0.0829841196537, 1.29989802837, 3.54991960526, 4.29420804977, 7.59988212585, 14.5434837341, 43.1448554993, 83.2774810791, 20.8967723846, 37.0765380859, 60.0137748718, 55.0214691162, 20.757604599, 12.7411117554, 13.7663707733, 11.6035919189, 14.2311639786, 19.6878166199, 23.3603153229, 22.6711330414, 12.4423942566, 10.7092704773, 9.35396766663, 5.08674526215, 3.47353625298, 5.74630975723, 2.58992505074, 2.3080072403, 1.99611413479, 3.16791296005, 2.85439133644, 1.09870111942, 1.01516401768, 0.943998038769, 0.46951636672, 0.170966431499, 0.0563335493207, 0.00392335187644, 9.51986658038e-05, 4.16983457399e-05],
        "median": [0.000573726021685, 0.0293520912528, 0.411832690239, 1.10276722908, 3.22176861763, 10.4675712585, 35.7521400452, 52.7016334534, 12.2242431641, 17.5772171021, 35.8682823181, 28.6678562164, 9.62214374542, 6.11347675323, 4.17541694641, 1.97321426868, 2.23161625862, 2.36666178703, 1.73994386196, 1.47014605999, 1.8631746769, 2.30171489716, 1.93676102161, 0.818457126617, 0.645823061466, 0.87802451849, 0.273646295071, 0.16466370225, 0.336645692587, 1.09636819363, 0.811914741993, 0.283208459616, 0.401981592178, 0.51444798708, 0.195073649287, 0.0841590985656, 0.0318515747786, 0.00188380968757, 5.9730544308e-05, 3.22325759043e-05],
        "min": [4.04600996262e-07, 5.64571928408e-06, 4.26022270403e-05, 0.000189907208551, 0.000591510906816, 0.00216493336484, 0.026806043461, 0.0793638080359, 0.0137725099921, 0.020589273423, 0.064430244267, 0.046961452812, 0.00820158515126, 0.0348969437182, 0.0260361209512, 0.0237720776349, 0.00915749371052, 0.00344980112277, 0.0032899857033, 0.00178003823385, 0.00235158647411, 0.00481996033341, 0.00868161395192, 0.00156985141803, 0.000657587253954, 0.000830118369777, 0.000609310169239, 0.000244739640038, 0.000216830841964, 0.000238652879489, 0.000173994209035, 9.53699855017e-05, 2.96890939353e-05, 2.36743708228e-05, 1.74395754584e-05, 1.64489556482e-05, 8.23555456009e-06, 8.66754646722e-07, 1.60101501478e-06, 5.4221169421e-07],
        "var": [0.109472230077, 23.1985988617, 130.28729248, 185.491317749, 389.615783691, 360.045593262, 1347.33496094, 8841.84765625, 799.23840332, 2607.05297852, 5899.59082031, 5618.48291016, 1099.20483398, 397.582244873, 1035.62792969, 859.893005371, 1545.83862305, 3087.32128906, 6329.22558594, 8171.93408203, 1477.81347656, 832.18572998, 532.104492188, 279.936889648, 82.8843002319, 197.033081055, 49.49061203, 57.2642250061, 28.6961517334, 40.6981163025, 43.8921165466, 4.84584760666, 2.23946666718, 1.51212739944, 0.588285624981, 0.0542933903635, 0.00483648758382, 3.18534002872e-05, 1.21825882715e-08, 1.08672582044e-09]
    },
    "gfcc": {
        "mean": [-29.6849651337, 99.7626800537, -90.0723114014, -2.96130394936, -83.1490631104, -3.63186240196, -64.0467987061, 7.87405204773, -29.7999267578, -3.13096117973, -22.1296749115, -0.514126479626, -16.2081069946],
        "cov": [[3721.15063477, -1533.70495605, -603.002746582, 463.626220703, -45.1804656982, 333.408294678, -138.602233887, 254.02305603, 38.9948196411, 190.44972229, -229.391876221, 81.9074859619, -146.435760498], [-1533.70495605, 1509.10107422, 367.291992188, -321.977081299, 362.127075195, -107.644020081, 264.367370605, -23.6678791046, 87.3452148438, -111.893371582, 182.339981079, -64.7944564819, 73.8553543091], [-603.002746582, 367.291992188, 856.236755371, 252.481643677, 22.1785793304, 104.650169373, 140.592086792, 97.8849945068, 107.386993408, -32.2622489929, 41.3705673218, 56.9188041687, 31.6696376801], [463.626220703, -321.977081299, 252.481643677, 734.968688965, 108.910171509, 101.892272949, 87.0204772949, 64.6385421753, 130.89112854, 73.30103302, 2.07990098, 9.08605575562, 38.6192054749], [-45.1804656982, 362.127075195, 22.1785793304, 108.910171509, 435.263793945, 87.8501663208, 95.0317764282, 57.5109443665, 77.0206375122, 35.0262336731, 30.779750824, -37.6400489807, -7.80957508087], [333.408294678, -107.644020081, 104.650169373, 101.892272949, 87.8501663208, 324.942810059, 112.864837646, 33.7546730042, 39.4428863525, 49.2397193909, -21.8597106934, 26.4132709503, -45.7015380859], [-138.602233887, 264.367370605, 140.592086792, 87.0204772949, 95.0317764282, 112.864837646, 310.161346436, 17.2176532745, 9.85016918182, 59.8904380798, 83.1076507568, 2.186211586, 11.162571907], [254.02305603, -23.6678791046, 97.8849945068, 64.6385421753, 57.5109443665, 33.7546730042, 17.2176532745, 184.909561157, 89.7877960205, -14.6985006332, -13.3956918716, 32.8900222778, -7.40211486816], [38.9948196411, 87.3452148438, 107.386993408, 130.89112854, 77.0206375122, 39.4428863525, 9.85016918182, 89.7877960205, 219.756240845, -16.3458309174, -23.8765602112, 41.5440292358, 11.9799966812], [190.44972229, -111.893371582, -32.2622489929, 73.30103302, 35.0262336731, 49.2397193909, 59.8904380798, -14.6985006332, -16.3458309174, 144.933914185, 25.1939525604, -28.6452999115, 0.829325199127], [-229.391876221, 182.339981079, 41.3705673218, 2.07990098, 30.779750824, -21.8597106934, 83.1076507568, -13.3956918716, -23.8765602112, 25.1939525604, 133.998764038, 2.81836819649, 25.0652217865], [81.9074859619, -64.7944564819, 56.9188041687, 9.08605575562, -37.6400489807, 26.4132709503, 2.186211586, 32.8900222778, 41.5440292358, -28.6452999115, 2.81836819649, 114.291145325, -5.65446949005], [-146.435760498, 73.8553543091, 31.6696376801, 38.6192054749, -7.80957508087, -45.7015380859, 11.162571907, -7.40211486816, 11.9799966812, 0.829325199127, 25.0652217865, -5.65446949005, 93.0597381592]],
        "icov": [[0.000768156314734, 7.44586723158e-05, 0.000772325729486, -0.000610394345131, 0.000263839552645, -0.000632819836028, 0.000260074622929, -0.00135824712925, 0.000490215141326, -0.000746884848922, 0.000682249839883, -0.00058597966563, 0.000436441914644], [7.44586723158e-05, 0.00659111421555, -0.00335531006567, 0.00496596749872, -0.00562074780464, 0.00324130314402, -0.00486554810777, 0.00395254790783, -0.00473493570462, 0.00548735074699, -0.0042357086204, 0.00441466830671, -0.00204486399889], [0.000772325729486, -0.00335531006567, 0.00415320927277, -0.00367647572421, 0.00348965497687, -0.00273516168818, 0.00227651977912, -0.0039779804647, 0.00271759741008, -0.00280928262509, 0.00246144714765, -0.00304355146363, 0.00117791665252], [-0.000610394345131, 0.00496596749872, -0.00367647572421, 0.00617556506768, -0.00472201127559, 0.00281908037141, -0.00395302008837, 0.00416793068871, -0.00481979176402, 0.0037900141906, -0.00350850541145, 0.00391962938011, -0.00264958851039], [0.000263839552645, -0.00562074780464, 0.00348965497687, -0.00472201127559, 0.00801348686218, -0.00370284123346, 0.00379032315686, -0.00464197574183, 0.00313418614678, -0.00485487468541, 0.00290770712309, -0.00228915899061, 0.00239567295648], [-0.000632819836028, 0.00324130314402, -0.00273516168818, 0.00281908037141, -0.00370284123346, 0.00692320149392, -0.00429553398862, 0.00331312837079, -0.00284707150422, 0.00202455418184, -0.000764173979405, 0.00133399758488, 0.000696098199114], [0.000260074622929, -0.00486554810777, 0.00227651977912, -0.00395302008837, 0.00379032315686, -0.00429553398862, 0.0089421402663, -0.00367016345263, 0.00389391696081, -0.00543763395399, 0.000505348027218, -0.00337014836259, 0.00118674722034], [-0.00135824712925, 0.00395254790783, -0.0039779804647, 0.00416793068871, -0.00464197574183, 0.00331312837079, -0.00367016345263, 0.0122032454237, -0.00606920290738, 0.0050024301745, -0.00328556261957, 0.00260840938427, -0.00122146646027], [0.000490215141326, -0.00473493570462, 0.00271759741008, -0.00481979176402, 0.00313418614678, -0.00284707150422, 0.00389391696081, -0.00606920290738, 0.0109129622579, -0.0040551032871, 0.00505697075278, -0.00572969950736, 0.000440575706307], [-0.000746884848922, 0.00548735074699, -0.00280928262509, 0.0037900141906, -0.00485487468541, 0.00202455418184, -0.00543763395399, 0.0050024301745, -0.0040551032871, 0.014675443992, -0.00583600299433, 0.00653133401647, -0.00215002335608], [0.000682249839883, -0.0042357086204, 0.00246144714765, -0.00350850541145, 0.00290770712309, -0.000764173979405, 0.000505348027218, -0.00328556261957, 0.00505697075278, -0.00583600299433, 0.0144062880427, -0.00543361203745, -0.000209140023799], [-0.00058597966563, 0.00441466830671, -0.00304355146363, 0.00391962938011, -0.00228915899061, 0.00133399758488, -0.00337014836259, 0.00260840938427, -0.00572969950736, 0.00653133401647, -0.00543361203745, 0.0149376625195, -0.00089125521481], [0.000436441914644, -0.00204486399889, 0.00117791665252, -0.00264958851039, 0.00239567295648, 0.000696098199114, 0.00118674722034, -0.00122146646027, 0.000440575706307, -0.00215002335608, -0.000209140023799, -0.00089125521481, 0.0140221389011]]
    },
    "melbands": {
        "dmean": [0.00112229702063, 0.00152324943338, 0.00085413060151, 0.000595031713601, 0.000628669164144, 0.00093165418366, 0.000177430832991, 0.000261181994574, 0.000273429468507, 0.000165999095771, 5.70690826862e-05, 3.19579048664e-05, 3.34252144967e-05, 3.49710389855e-05, 2.88540377369e-05, 3.04131899611e-05, 3.42831481248e-05, 3.12538395519e-05, 5.59277941647e-05, 1.93313790078e-05, 1.59680130309e-05, 1.11983490569e-05, 7.47514832256e-06, 6.8071417445e-06, 3.69793770005e-06, 2.57339729615e-06, 2.23765619012e-06, 3.3689123029e-06, 1.65762799043e-06, 1.12932048069e-06, 1.30488206196e-06, 9.32579382606e-07, 8.95396624401e-07, 1.31475519538e-06, 1.32584432322e-06, 7.01681415194e-07, 5.21780293639e-07, 5.31659111402e-07, 5.73601084852e-07, 5.53282120563e-07],
        "dmean2": [0.00155387842096, 0.00207861885428, 0.0014958854299, 0.00106984924059, 0.00105680979323, 0.00159287080169, 0.000275812286418, 0.000412968540331, 0.00042402202962, 0.000264075963059, 9.00915329112e-05, 4.85429118271e-05, 5.25466930412e-05, 5.57778403163e-05, 4.60274350189e-05, 4.82390787511e-05, 5.16599066032e-05, 4.87226170662e-05, 9.61445184657e-05, 3.38277386618e-05, 2.78359148069e-05, 1.83873598871e-05, 1.18620318972e-05, 1.04423179437e-05, 5.66155222259e-06, 3.97099074689e-06, 3.47692298419e-06, 5.0637095228e-06, 2.59782632384e-06, 1.74434478595e-06, 2.12179838854e-06, 1.41390376029e-06, 1.41698524203e-06, 1.98199268198e-06, 2.02753858503e-06, 1.04224398001e-06, 8.18668979718e-07, 8.47075511956e-07, 9.17383943033e-07, 8.98352539025e-07],
        "dvar": [1.39831281558e-05, 2.37616459344e-05, 9.25692893361e-06, 3.51301787305e-06, 6.67685924327e-07, 2.09336917578e-06, 1.00374393242e-07, 1.92668238697e-07, 2.2764595542e-07, 8.60826077087e-08, 1.4880478183e-08, 4.05702937911e-09, 7.8880546539e-09, 9.69887992142e-09, 6.39254471579e-09, 8.00166599646e-09, 1.05329638345e-08, 1.02190016449e-08, 4.97912715502e-08, 4.50118120554e-09, 3.34631922172e-09, 1.25814614282e-09, 3.83077569666e-10, 5.09543574001e-10, 1.54339874214e-10, 6.52039464089e-11, 3.2294319996e-11, 7.89976417614e-11, 2.19567298371e-11, 1.17693502513e-11, 2.62514628091e-11, 7.2107610681e-12, 4.93515601649e-12, 9.35236003224e-12, 1.07635940091e-11, 2.95994045246e-12, 1.09108956679e-12, 8.06062302409e-13, 8.38858496555e-13, 7.1040309052e-13],
        "dvar2": [2.5144952815e-05, 4.28907878813e-05, 2.5616336643e-05, 1.02119811345e-05, 1.77422759862e-06, 6.23897085461e-06, 2.18803592134e-07, 5.12647602591e-07, 5.03133605889e-07, 1.94885288352e-07, 3.25777484989e-08, 8.6544869049e-09, 1.89489810509e-08, 2.37126478453e-08, 1.51063570542e-08, 1.98271923324e-08, 2.29737544544e-08, 1.98966105813e-08, 1.32270841391e-07, 1.25766081993e-08, 9.35424626647e-09, 3.25301385828e-09, 1.00113839441e-09, 1.16618825707e-09, 3.30035776486e-10, 1.36822025931e-10, 7.5896899876e-11, 1.8104705235e-10, 4.86081036533e-11, 2.40153018999e-11, 6.38554487065e-11, 1.54342875286e-11, 1.12121397236e-11, 1.91867754323e-11, 2.25345245936e-11, 6.19794753715e-12, 2.59390620962e-12, 1.92789035604e-12, 2.0295707389e-12, 1.77222678806e-12],
        "max": [0.037026360631, 0.0466892123222, 0.0263951141387, 0.0193435419351, 0.00727947661653, 0.0150038851425, 0.00491949031129, 0.00537974014878, 0.00714218104258, 0.00420348066837, 0.00218986044638, 0.000932979572099, 0.00136300292797, 0.00140937638935, 0.00083145982353, 0.000801571412012, 0.00116362911649, 0.000957353506237, 0.00190944434144, 0.000535851810127, 0.000550185097381, 0.000298705650494, 0.000172065920196, 0.000210267142393, 0.000105956904008, 7.95910746092e-05, 4.74828848382e-05, 0.00010265205492, 5.70436750422e-05, 3.29715039697e-05, 0.00011737101886, 4.2169012886e-05, 3.86051433452e-05, 4.72643332614e-05, 6.59075449221e-05, 3.20507933793e-05, 1.73351381818e-05, 8.81728738023e-06, 1.1990546227e-05, 8.9117902462e-06],
        "mean": [0.00109482579865, 0.00189345842227, 0.000857277074829, 0.000730038795155, 0.00139563879929, 0.0017451858148, 0.000283838744508, 0.000501093280036, 0.000481740920804, 0.000342335813912, 9.50197281782e-05, 4.97699147672e-05, 4.38440292783e-05, 3.85759230994e-05, 2.97756723739e-05, 3.06317742798e-05, 3.793072392e-05, 3.56974342139e-05, 4.30425534432e-05, 1.7221291273e-05, 1.43782235682e-05, 1.14268059406e-05, 9.07845424081e-06, 7.45901024857e-06, 3.71622309103e-06, 2.68250892077e-06, 2.69590736934e-06, 4.19391608375e-06, 1.81489417628e-06, 1.19834533052e-06, 1.34534457175e-06, 1.08358187845e-06, 1.23106178762e-06, 2.00465069611e-06, 1.91686740436e-06, 8.58266332671e-07, 5.93134245719e-07, 6.52586322758e-07, 8.1689296394e-07, 7.98927544565e-07],
        "median": [1.10752553155e-05, 0.000153177621542, 0.000300721963868, 0.000411053799326, 0.00119124283083, 0.0011984227458, 0.000149655184941, 0.000232367980061, 0.000281132553937, 0.000173771113623, 4.27334562119e-05, 2.22592152568e-05, 1.4828429812e-05, 6.7517298703e-06, 4.49825483884e-06, 3.83865108233e-06, 4.26626684202e-06, 2.35081029132e-06, 1.85060639524e-06, 2.04220623345e-06, 1.87267380625e-06, 2.20441552301e-06, 1.98084649128e-06, 1.12700911359e-06, 5.44679210179e-07, 3.67181769434e-07, 4.68037455903e-07, 5.86063890751e-07, 1.66902708543e-07, 6.24020088935e-08, 7.99890713665e-08, 1.27465895616e-07, 2.92966092275e-07, 6.90937895342e-07, 5.5644539998e-07, 1.6571969752e-07, 1.5028722089e-07, 2.36754885918e-07, 3.61223499112e-07, 4.1548943841e-07],
        "min": [5.01829511279e-09, 1.5868044656e-08, 4.76753712064e-08, 7.03090421439e-08, 9.04428702597e-07, 1.65492770066e-06, 2.04096878065e-07, 2.34074747141e-07, 6.39739596409e-07, 2.21613774443e-07, 2.91217094883e-08, 1.09952530636e-07, 1.15841608306e-07, 7.55426228238e-08, 4.46594228265e-08, 7.64139507226e-09, 5.12904474448e-09, 5.64645485923e-09, 3.91706889147e-09, 8.98471019806e-10, 3.05002711976e-09, 3.8841379002e-09, 9.36415389674e-09, 4.79104622642e-09, 6.88204604415e-10, 4.62662519407e-10, 3.34938216051e-10, 5.42338951526e-10, 3.82858772463e-10, 2.8215915715e-11, 3.25144793901e-12, 2.20757717662e-11, 1.31604560583e-10, 1.07166393815e-10, 1.07941537653e-10, 3.4074982419e-11, 3.13749975436e-13, 8.32129417455e-12, 1.3050912781e-11, 3.33120163398e-12],
