{
"highlevel": {
    "danceability": {
        "all": {
            "danceable": 0.0113407718018,
            "not_danceable": 0.988659203053
        },
        "probability": 0.988659203053,
        "value": "not_danceable"
    },
    "gender": {
        "all": {
            "female": 0.701825141907,
            "male": 0.298174858093
        },
        "probability": 0.701825141907,
        "value": "female"
    },
    "genre_dortmund": {
        "all": {
            "alternative": 0.0215504616499,
            "blues": 0.00223320187069,
            "electronic": 0.0392921790481,
            "folkcountry": 0.0562369525433,
            "funksoulrnb": 0.00843503698707,
            "jazz": 0.742905259132,
            "pop": 0.111329168081,
            "raphiphop": 0.0138004310429,
            "rock": 0.00421734200791
        },
        "probability": 0.742905259132,
        "value": "jazz"
    },
    "genre_electronic": {
        "all": {
            "ambient": 0.921370685101,
            "dnb": 0.00328987580724,
            "house": 0.0549953691661,
            "techno": 0.0167404152453,
            "trance": 0.00360366888344
        },
        "probability": 0.921370685101,
        "value": "ambient"
    },
    "genre_rosamerica": {
        "all": {
            "cla": 0.232192933559,
            "dan": 0.00916985515505,
            "hip": 0.0258506163955,
            "jaz": 0.435186654329,
            "pop": 0.0219249036163,
            "rhy": 0.23305554688,
            "roc": 0.00878665968776,
            "spe": 0.0338328368962
        },
        "probability": 0.435186654329,
        "value": "jaz"
    },
    "genre_tzanetakis": {
        "all": {
            "blu": 0.0626541376114,
            "cla": 0.0348133966327,
            "cou": 0.0783501937985,
            "dis": 0.104547761381,
            "hip": 0.15693578124,
            "jaz": 0.313987255096,
            "met": 0.044816005975,
            "pop": 0.0627349764109,
            "reg": 0.0627352520823,
            "roc": 0.0784252434969
        },
        "probability": 0.313987255096,
        "value": "jaz"
    },
    "ismir04_rhythm": {
        "all": {
            "ChaChaCha": 0.000640679267235,
            "Jive": 0.000277487153653,
            "Quickstep": 0.000588048540521,
            "Rumba-American": 0.00539400288835,
            "Rumba-International": 0.8431224823,
            "Rumba-Misc": 0.023000927642,
            "Samba": 0.000764423690271,
            "Tango": 0.000448570528533,
            "VienneseWaltz": 0.0131955081597,
            "Waltz": 0.112567871809
        },
        "probability": 0.8431224823,
        "value": "Rumba-International"
    },
    "mood_acoustic": {
        "all": {
            "acoustic": 0.8503049016,
            "not_acoustic": 0.149695113301
        },
        "probability": 0.8503049016,
        "value": "acoustic"
    },
    "mood_aggressive": {
        "all": {
            "aggressive": 1.03612512703e-06,
            "not_aggressive": 0.999998986721
        },
        "probability": 0.999998986721,
        "value": "not_aggressive"
    },
    "mood_electronic": {
        "all": {
            "electronic": 0.572875082493,
            "not_electronic": 0.427124917507
        },
        "probability": 0.572875082493,
        "value": "electronic"
    },
    "mood_happy": {
        "all": {
            "happy": 0.228735476732,
            "not_happy": 0.77126455307
        },
        "probability": 0.77126455307,
        "value": "not_happy"
    },
    "mood_party": {
        "all": {
            "not_party": 0.996607601643,
            "party": 0.0033924151212
        },
        "probability": 0.996607601643,
        "value": "not_party"
    },
    "mood_relaxed": {
        "all": {
            "not_relaxed": 0.00456614699215,
            "relaxed": 0.995433866978
        },
        "probability": 0.995433866978,
        "value": "relaxed"
    },
    "mood_sad": {
        "all": {
            "not_sad": 0.0652605816722,
            "sad": 0.934739410877
        },
        "probability": 0.934739410877,
        "value": "sad"
    },
    "moods_mirex": {
        "all": {
            "Cluster1": 0.0169114675373,
            "Cluster2": 0.198455914855,
            "Cluster3": 0.727687478065,
            "Cluster4": 0.0552649088204,
            "Cluster5": 0.00168022036087
        },
        "probability": 0.727687478065,
        "value": "Cluster3"
    },
    "timbre": {
        "all": {
            "bright": 0.645447492599,
            "dark": 0.354552507401
        },
        "probability": 0.645447492599,
        "value": "bright"
    },
    "tonal_atonal": {
        "all": {
            "atonal": 0.0262645427138,
            "tonal": 0.973735451698
        },
        "probability": 0.973735451698,
        "value": "tonal"
    },
    "voice_instrumental": {
        "all": {
            "instrumental": 0.661191225052,
            "voice": 0.338808745146
        },
        "probability": 0.661191225052,
        "value": "instrumental"
    }
},
"lowlevel": {
    "average_loudness": 0.948166370392,
    "barkbands_crest": {
        "dmean": 2.06257605553,
        "dmean2": 3.16825556755,
        "dvar": 7.82639312744,
        "dvar2": 18.3782196045,
        "max": 26.5210189819,
        "mean": 17.8406448364,
        "median": 17.7223415375,
        "min": 2.86363196373,
        "var": 29.6219825745
    },
    "barkbands_flatness_db": {
        "dmean": 0.0317107178271,
        "dmean2": 0.0413124039769,
        "dvar": 0.0014598753769,
        "dvar2": 0.00234762532637,
        "max": 0.566602945328,
        "mean": 0.383303433657,
        "median": 0.39956086874,
        "min": 0.0512098781765,
        "var": 0.00783023890108
    },
    "barkbands_kurtosis": {
        "dmean": 20.1199264526,
        "dmean2": 31.252204895,
        "dvar": 1425.68725586,
        "dvar2": 3513.26757812,
        "max": 421.415557861,
        "mean": 46.1287231445,
        "median": 18.6307697296,
        "min": -1.7931022644,
        "var": 4121.03466797
    },
    "barkbands_skewness": {
        "dmean": 1.13011050224,
        "dmean2": 1.72961437702,
        "dvar": 2.53540754318,
        "dvar2": 5.9919924736,
        "max": 17.2481555939,
        "mean": 3.61322259903,
        "median": 2.68343544006,
        "min": -1.16111862659,
        "var": 9.21645069122
    },
    "barkbands_spread": {
        "dmean": 1.19235444069,
        "dmean2": 1.76509034634,
        "dvar": 17.0821380615,
        "dvar2": 34.7262840271,
        "max": 111.555839539,
        "mean": 3.82028079033,
        "median": 1.39242839813,
        "min": 0.17076356709,
        "var": 153.013656616
    },
    "dissonance": {
        "dmean": 0.0585962831974,
        "dmean2": 0.0959329530597,
        "dvar": 0.00285745714791,
        "dvar2": 0.006881066598,
        "max": 0.49955278635,
        "mean": 0.293611168861,
        "median": 0.283375650644,
        "min": 0.0997507274151,
        "var": 0.00856353249401
    },
    "dynamic_complexity": 3.54594516754,
    "erbbands_crest": {
        "dmean": 2.13273382187,
        "dmean2": 3.27060842514,
        "dvar": 8.77030754089,
        "dvar2": 19.1006336212,
        "max": 33.6841850281,
        "mean": 17.2219715118,
        "median": 16.6917762756,
        "min": 2.90533447266,
        "var": 39.7363243103
    },
    "erbbands_flatness_db": {
        "dmean": 0.0260187219828,
        "dmean2": 0.0323884822428,
        "dvar": 0.000938188808504,
        "dvar2": 0.00155522488058,
        "max": 0.457610398531,
        "mean": 0.324232935905,
        "median": 0.329440623522,
        "min": 0.0712784901261,
        "var": 0.00565653666854
    },
    "erbbands_kurtosis": {
        "dmean": 6.85091304779,
        "dmean2": 10.0686349869,
        "dvar": 146.944198608,
        "dvar2": 264.073608398,
        "max": 361.283569336,
        "mean": 17.6736507416,
        "median": 10.1073894501,
        "min": -1.70639026165,
        "var": 880.034301758
    },
    "erbbands_skewness": {
        "dmean": 0.647766888142,
        "dmean2": 0.954100966454,
        "dvar": 0.729717850685,
        "dvar2": 1.48884344101,
        "max": 15.7958021164,
        "mean": 2.50346755981,
        "median": 2.08165550232,
        "min": -1.35924518108,
        "var": 3.77851223946
    },
    "erbbands_spread": {
        "dmean": 3.43583703041,
        "dmean2": 4.96300792694,
        "dvar": 58.1695709229,
        "dvar2": 120.773078918,
        "max": 109.980178833,
        "mean": 8.79319763184,
        "median": 5.394490242,
        "min": 0.706747591496,
        "var": 110.149253845
    },
    "hfc": {
        "dmean": 1.98713481426,
        "dmean2": 2.76595854759,
        "dvar": 13.7857141495,
        "dvar2": 28.5896568298,
        "max": 62.884979248,
        "mean": 7.32224750519,
        "median": 5.49032306671,
        "min": 0.0119722513482,
        "var": 43.7368659973
    },
    "melbands_crest": {
        "dmean": 2.21646380424,
        "dmean2": 3.5229640007,
        "dvar": 9.30560112,
        "dvar2": 22.4940128326,
        "max": 33.1510429382,
        "mean": 20.0032157898,
        "median": 20.3328742981,
        "min": 5.62064170837,
        "var": 30.3359851837
    },
    "melbands_flatness_db": {
        "dmean": 0.0337513387203,
        "dmean2": 0.0421393476427,
        "dvar": 0.00178337213583,
        "dvar2": 0.00283324765041,
        "max": 0.652475714684,
        "mean": 0.470316320658,
        "median": 0.491416722536,
        "min": 0.0429063104093,
        "var": 0.0105776786804
    },
    "melbands_kurtosis": {
        "dmean": 15.9367227554,
        "dmean2": 24.9079437256,
        "dvar": 1063.4284668,
        "dvar2": 2485.27832031,
        "max": 422.236206055,
        "mean": 30.8851623535,
        "median": 13.109582901,
        "min": -1.0564353466,
        "var": 2092.00878906
    },
    "melbands_skewness": {
        "dmean": 0.843710243702,
        "dmean2": 1.29284858704,
        "dvar": 1.45114254951,
        "dvar2": 3.2361061573,
        "max": 14.7377662659,
        "mean": 2.74179697037,
        "median": 2.46121788025,
        "min": -1.27867269516,
        "var": 3.55734491348
    },
    "melbands_spread": {
        "dmean": 1.69893622398,
        "dmean2": 2.71774315834,
        "dvar": 46.6791763306,
        "dvar2": 129.459732056,
        "max": 146.764648438,
        "mean": 4.20049476624,
        "median": 1.863057971,
        "min": 0.376321583986,
        "var": 158.739730835
    },
    "pitch_salience": {
        "dmean": 0.0650469139218,
        "dmean2": 0.102192223072,
        "dvar": 0.00827316194773,
        "dvar2": 0.0185634996742,
        "max": 0.834038197994,
        "mean": 0.392423838377,
        "median": 0.394677340984,
        "min": 0.0662009865046,
        "var": 0.0232520680875
    },
    "silence_rate_20dB": {
        "dmean": 0,
        "dmean2": 0,
        "dvar": 0,
        "dvar2": 0,
        "max": 1,
        "mean": 1,
        "median": 1,
        "min": 1,
        "var": 0
    },
    "silence_rate_30dB": {
        "dmean": 0.0216718260199,
        "dmean2": 0.0433772280812,
        "dvar": 0.0212018676102,
        "dvar2": 0.055438645184,
        "max": 1,
        "mean": 0.98530548811,
        "median": 1,
        "min": 0,
        "var": 0.0144783779979
    },
    "silence_rate_60dB": {
        "dmean": 0.0472136214375,
        "dmean2": 0.0945003852248,
        "dvar": 0.0449840761721,
        "dvar2": 0.107259832323,
        "max": 1,
        "mean": 0.109048724174,
        "median": 0,
        "min": 0,
        "var": 0.097157433629
    },
    "spectral_centroid": {
        "dmean": 38.1180152893,
        "dmean2": 58.2072219849,
        "dvar": 16581.2871094,
        "dvar2": 33564.21875,
        "max": 3692.9699707,
        "mean": 393.230072021,
        "median": 321.690979004,
        "min": 116.057762146,
        "var": 197206.171875
    },
    "spectral_complexity": {
        "dmean": 1.09674918652,
        "dmean2": 1.63439190388,
        "dvar": 4.40158843994,
        "dvar2": 6.15449428558,
        "max": 26,
        "mean": 5.17710733414,
        "median": 5,
        "min": 0,
        "var": 12.9314975739
    },
    "spectral_decrease": {
        "dmean": 2.10813966284e-09,
        "dmean2": 2.92870838692e-09,
        "dvar": 1.71865962848e-17,
        "dvar2": 3.15407574074e-17,
        "max": -4.81409345981e-13,
        "mean": -7.07849112658e-09,
        "median": -5.92070437122e-09,
        "min": -4.17086276627e-08,
        "var": 4.00316307376e-17
    },
    "spectral_energy": {
        "dmean": 0.00812757387757,
        "dmean2": 0.011286130175,
        "dvar": 0.000252335215919,
        "dvar2": 0.000464016658952,
        "max": 0.15871591866,
        "mean": 0.0273799821734,
        "median": 0.0230109654367,
        "min": 2.96074631478e-06,
        "var": 0.000592945318203
    },
    "spectral_energyband_high": {
        "dmean": 9.84845974017e-06,
        "dmean2": 1.39144513014e-05,
        "dvar": 3.71528197096e-10,
        "dvar2": 7.78699882353e-10,
        "max": 0.00014774792362,
        "mean": 1.14433796625e-05,
        "median": 2.37211770582e-06,
        "min": 1.1196378864e-06,
        "var": 4.85068485379e-10
    },
    "spectral_energyband_low": {
        "dmean": 0.00447372114286,
        "dmean2": 0.00628750957549,
        "dvar": 0.000201912305783,
        "dvar2": 0.000365729792975,
        "max": 0.154133901,
        "mean": 0.00986218545586,
        "median": 0.000194604945136,
        "min": 4.4599792659e-07,
        "var": 0.000370973255485
    },
    "spectral_energyband_middle_high": {
        "dmean": 0.000274148274912,
        "dmean2": 0.000386492727557,
        "dvar": 9.1056705287e-07,
        "dvar2": 1.94175822799e-06,
        "max": 0.0101598529145,
        "mean": 0.000438097631559,
        "median": 6.12922667642e-05,
        "min": 5.84495467137e-07,
        "var": 1.35577113269e-06
    },
    "spectral_energyband_middle_low": {
        "dmean": 0.00477596186101,
        "dmean2": 0.00712734088302,
        "dvar": 8.48649651743e-05,
        "dvar2": 0.000184628399438,
        "max": 0.145862534642,
        "mean": 0.0187229737639,
        "median": 0.0149308023974,
        "min": 1.52569896272e-07,
        "var": 0.000307566660922
    },
    "spectral_entropy": {
        "dmean": 0.33254519105,
        "dmean2": 0.410127848387,
        "dvar": 0.166145384312,
        "dvar2": 0.250714123249,
        "max": 8.51687812805,
        "mean": 5.2261967659,
        "median": 5.01264286041,
        "min": 3.69209551811,
        "var": 0.913363218307
    },
    "spectral_flux": {
        "dmean": 0.0287982653826,
        "dmean2": 0.0409801788628,
        "dvar": 0.00158055999782,
        "dvar2": 0.00316140265204,
        "max": 0.357375919819,
        "mean": 0.0480057559907,
        "median": 0.0212132781744,
        "min": 0.00131162814796,
        "var": 0.00377916265279
    },
    "spectral_kurtosis": {
        "dmean": 10.6192550659,
        "dmean2": 15.3525018692,
        "dvar": 114.130989075,
        "dvar2": 232.543136597,
        "max": 126.306427002,
        "mean": 33.8128051758,
        "median": 32.2550735474,
        "min": 0.157386302948,
        "var": 525.229064941
    },
    "spectral_rms": {
        "dmean": 0.00072467548307,
        "dmean2": 0.000965900137089,
        "dvar": 1.31056094688e-06,
        "dvar2": 2.21488949137e-06,
        "max": 0.012443665415,
        "mean": 0.00465039163828,
        "median": 0.0047381138429,
        "min": 5.37450723641e-05,
        "var": 5.08602806804e-06
    },
    "spectral_rolloff": {
        "dmean": 108.249053955,
        "dmean2": 183.290176392,
        "dvar": 276604.125,
        "dvar2": 678258.1875,
        "max": 12575.390625,
        "mean": 522.890441895,
        "median": 344.53125,
        "min": 64.599609375,
        "var": 1325921.5
    },
    "spectral_skewness": {
        "dmean": 0.814169764519,
        "dmean2": 1.10436654091,
        "dvar": 0.629536569118,
        "dvar2": 1.0875428915,
        "max": 9.68375015259,
        "mean": 4.75585269928,
        "median": 5.04298067093,
        "min": 0.370892733335,
        "var": 3.43905520439
    },
    "spectral_spread": {
        "dmean": 767553.8125,
        "dmean2": 1176926.5,
        "dvar": 809567780864,
        "dvar2": 1.834876928e+12,
        "max": 10291831,
        "mean": 3005908.75,
        "median": 2463792.75,
        "min": 752237.0625,
        "var": 2.52832514048e+12
    },
    "spectral_strongpeak": {
        "dmean": 0.239485293627,
        "dmean2": 0.371153652668,
        "dvar": 0.16582672298,
        "dvar2": 0.313645273447,
        "max": 4.58525276184,
        "mean": 1.17169868946,
        "median": 0.924769937992,
        "min": 0,
        "var": 0.674890816212
    },
    "zerocrossingrate": {
        "dmean": 0.00323202880099,
        "dmean2": 0.00396865606308,
        "dvar": 6.17943514953e-05,
        "dvar2": 7.66650628066e-05,
        "max": 0.26953125,
        "mean": 0.0200489871204,
        "median": 0.0146484375,
        "min": 0.0029296875,
        "var": 0.000862712739035
    },
    "barkbands": {
        "dmean": [6.03950538789e-05, 0.00325392279774, 0.00241343094967, 0.000834961887449, 0.00167132937349, 0.00226447079331, 0.000645563006401, 0.000112790796265, 0.000264473783318, 0.000101680299849, 3.23034764733e-05, 5.39346438018e-05, 4.62638927274e-05, 3.82988400816e-05, 2.21450463869e-05, 9.63573893387e-06, 3.10797736347e-06, 9.55269229053e-07, 5.82166421736e-07, 1.19428329981e-06, 1.80649942649e-06, 2.34350727624e-06, 3.60411854672e-06, 1.36302082865e-06, 4.07678442116e-07, 1.74819518861e-07, 1.16294751606e-09],
        "dmean2": [0.000101904952317, 0.00526105053723, 0.00420826906338, 0.00136579666287, 0.00255118799396, 0.00327683635987, 0.000927108107135, 0.000175959008629, 0.000364368839655, 0.000158696304425, 5.22418049513e-05, 9.02390820556e-05, 6.97716168361e-05, 5.03101364302e-05, 3.22433952533e-05, 1.526385131e-05, 4.75038450531e-06, 1.47429409481e-06, 8.40123107082e-07, 1.63142613019e-06, 2.5263830139e-06, 3.17324133903e-06, 5.59978388992e-06, 1.89465151834e-06, 6.06091703048e-07, 2.93433146226e-07, 2.07487738102e-09],
        "dvar": [4.54548043649e-08, 0.000186834760825, 8.02862778073e-05, 7.51074094296e-06, 1.85312983376e-05, 4.57621754322e-05, 3.55409952135e-06, 1.3830887724e-07, 9.59818521551e-07, 1.30780421159e-07, 1.54064032643e-08, 7.48091366631e-08, 4.03657338666e-08, 2.25336993509e-08, 9.01718166801e-09, 2.28063301577e-09, 1.83353721095e-10, 1.14026418516e-11, 1.34447509549e-12, 5.5333159929e-12, 1.30806927789e-11, 2.14583316394e-11, 7.39183089737e-11, 6.53369329126e-12, 2.8498855836e-13, 7.75377686862e-14, 2.97648370282e-18],
        "dvar2": [1.23247772876e-07, 0.000466236670036, 0.000227329524932, 1.92286133824e-05, 3.73812144971e-05, 8.39185959194e-05, 6.6372422225e-06, 2.72485692676e-07, 1.77269510004e-06, 2.50422488079e-07, 3.37759935576e-08, 1.99379073251e-07, 8.90036986334e-08, 3.90999943534e-08, 2.04778114465e-08, 4.51496307008e-09, 4.61681498587e-10, 2.48212613657e-11, 3.04199417392e-12, 1.00582224841e-11, 2.61297337933e-11, 4.08910301453e-11, 1.88649484922e-10, 1.42175915138e-11, 5.29422751298e-13, 2.19361258758e-13, 7.83188583318e-18],
        "max": [0.0017531872727, 0.113467723131, 0.0933497697115, 0.047661960125, 0.0852099359035, 0.122051395476, 0.0303259734064, 0.00739245070145, 0.0182860270143, 0.00548484595492, 0.00126565177925, 0.00316102080978, 0.00225996668451, 0.00163403432816, 0.000925015192479, 0.000514564162586, 0.000147325743455, 5.05107855133e-05, 1.15015936899e-05, 1.59594528668e-05, 2.26055326493e-05, 2.90992720693e-05, 8.29665295896e-05, 2.34380859183e-05, 4.62314892502e-06, 3.40616270478e-06, 2.45895375173e-08],
        "mean": [5.49241813133e-05, 0.00248782685958, 0.00567449443042, 0.00203317659907, 0.00490969372913, 0.00910663884133, 0.00156209513079, 0.000316734367516, 0.000779733934905, 0.000218915418372, 3.96419891331e-05, 5.16011787113e-05, 5.46482842765e-05, 4.1456460167e-05, 2.11793558265e-05, 1.06401257653e-05, 2.83332792606e-06, 9.68430754256e-07, 7.27567794456e-07, 1.36552205277e-06, 2.02607816391e-06, 2.54324504567e-06, 3.23044241668e-06, 1.62637763879e-06, 8.42214319619e-07, 4.50271869568e-07, 9.93442217379e-10],
        "median": [1.51614392507e-06, 7.07721846993e-06, 6.55817129882e-05, 0.000165190373082, 0.00155332917348, 0.00254672043957, 0.000327400077367, 5.65301634197e-05, 0.000174190572579, 1.82461189979e-05, 3.76745492758e-06, 1.8634374328e-06, 1.61932098308e-06, 9.31205420329e-07, 2.11800212924e-07, 1.56705254994e-07, 1.36602579914e-07, 1.44434537219e-07, 1.62749827837e-07, 2.02991188303e-07, 2.34944920408e-07, 2.6252985208e-07, 3.06226041857e-07, 4.20198063011e-07, 5.92113167386e-07, 3.93064141235e-07, 3.53538781583e-10],
        "min": [1.36859270583e-08, 9.02045940165e-08, 8.22152390612e-09, 8.66286375967e-10, 1.27480079826e-08, 9.9731956027e-09, 6.41130748491e-09, 3.90497101321e-09, 2.10435704417e-08, 8.96079477286e-09, 8.02984168047e-09, 2.39594655227e-08, 1.24081607211e-08, 1.49384256076e-08, 9.72969793622e-09, 2.23507257147e-08, 2.21306102333e-08, 1.41464946424e-08, 2.08834141091e-08, 4.30461000178e-08, 5.24265963975e-08, 2.86293886376e-08, 5.23932826013e-08, 6.74996911698e-08, 1.17875494254e-07, 7.09156511292e-09, 1.01490725546e-11],
        "var": [4.63753515589e-08, 0.000152962107677, 0.000110559565655, 1.57595277415e-05, 8.27569892863e-05, 0.000219509020098, 1.27697740027e-05, 7.49428693325e-07, 3.35204072144e-06, 3.92830912688e-07, 1.67366813741e-08, 5.78628771564e-08, 4.99445533819e-08, 3.26617488611e-08, 1.01898285365e-08, 2.75181433196e-09, 1.6688754545e-10, 1.22726681248e-11, 1.87360045013e-12, 7.97118794582e-12, 1.78034861159e-11, 3.0057210193e-11, 6.67588137548e-11, 8.6328513782e-12, 5.12598752507e-13, 8.00378575807e-14, 2.81869052237e-18]
    },
    "erbbands": {
        "dmean": [0.0770124271512, 0.781449079514, 2.18798398972, 3.41079521179, 2.66587305069, 7.32178020477, 14.3881158829, 16.9903182983, 11.180232048, 4.32474899292, 2.98805356026, 6.72403478622, 2.75671625137, 2.02654480934, 1.46441400051, 2.53924942017, 2.24054455757, 1.62110948563, 1.6587896347, 1.05132937431, 0.320494711399, 0.186088129878, 0.0642694458365, 0.0317509919405, 0.0365115329623, 0.0547621771693, 0.0697167739272, 0.0728769302368, 0.069352157414, 0.108780637383, 0.101137250662, 0.0427466668189, 0.0175421182066, 0.00651784939691, 0.00226733018644, 0.000999626237899, 0.000310912379064, 3.33763309754e-05, 3.90762761526e-06, 8.92145271791e-06],
        "dmean2": [0.116329215467, 1.27504920959, 3.6911406517, 5.648478508, 4.14147281647, 11.2649936676, 21.2903366089, 24.6162509918, 16.4410037994, 6.17792415619, 4.43456983566, 9.21407318115, 4.41908931732, 3.03628516197, 2.39784264565, 4.07151508331, 3.46566677094, 2.06065273285, 2.2952003479, 1.47185468674, 0.452930539846, 0.288902819157, 0.0954023003578, 0.047974973917, 0.0493122451007, 0.0715616419911, 0.094510063529, 0.102332085371, 0.0910133942962, 0.165549769998, 0.159600391984, 0.0629754438996, 0.0244147498161, 0.00932080391794, 0.00363972014748, 0.00166417332366, 0.00052386475727, 5.71530072193e-05, 5.49323067389e-06, 1.23835043269e-05],
        "dvar": [0.0955844223499, 10.8416414261, 65.5505905151, 127.644302368, 51.6340293884, 452.945709229, 1306.48864746, 2791.25878906, 1237.34802246, 91.9289169312, 67.8720016479, 699.475830078, 84.767036438, 35.4362030029, 37.449760437, 169.492385864, 100.144500732, 38.4394760132, 45.8514556885, 20.5183753967, 1.98063337803, 0.687731683254, 0.053528174758, 0.00564354425296, 0.00473283370957, 0.0111094461754, 0.0187398660928, 0.0216450728476, 0.0178080499172, 0.0546578019857, 0.0753168985248, 0.00790245365351, 0.00100894493517, 9.21267128433e-05, 5.53057361685e-06, 1.12631221327e-06, 3.25100643295e-07, 9.17677489554e-09, 5.19825259226e-11, 2.99836377948e-10],
        "dvar2": [0.225892573595, 26.8302764893, 174.511383057, 344.503814697, 120.354667664, 948.476013184, 2690.34912109, 5065.5625, 2449.78759766, 168.916259766, 145.692153931, 1302.77990723, 185.503692627, 65.6894989014, 90.4577789307, 449.14630127, 228.591156006, 63.1815452576, 97.6772384644, 39.3955764771, 3.73782706261, 1.75646352768, 0.113474316895, 0.013807784766, 0.00829739309847, 0.0212928541005, 0.0394525006413, 0.0405310727656, 0.0316850915551, 0.125419586897, 0.201506972313, 0.0189375970513, 0.00201448146254, 0.000163910575793, 1.24001089716e-05, 3.01710974782e-06, 9.3378253041e-07, 2.75435318997e-08, 9.76762976057e-11, 5.52120127395e-10],
        "max": [2.55602931976, 27.8785247803, 68.6008377075, 163.299591064, 106.079971313, 509.377838135, 542.250488281, 950.516418457, 542.833007812, 237.532653809, 134.574462891, 497.663848877, 128.780151367, 79.7004699707, 65.3802566528, 151.015304565, 111.492874146, 61.6365814209, 62.9987106323, 43.138961792, 15.1315736771, 9.23431968689, 2.97326207161, 1.07110393047, 0.518822789192, 0.874525129795, 0.889497160912, 0.969966173172, 0.957203745842, 1.46344685555, 3.14057254791, 0.926889657974, 0.212770566344, 0.0724945515394, 0.0228986293077, 0.0128385974094, 0.00758534902707, 0.00132228119764, 7.53247295506e-05, 0.000171708903508],
        "mean": [0.0655250400305, 0.653611660004, 4.49631595612, 9.31106281281, 5.68633842468, 20.5682353973, 58.8778839111, 67.1970291138, 26.8115577698, 12.325709343, 10.076713562, 19.8800086975, 5.6021771431, 4.81716251373, 1.80098855495, 2.40078639984, 2.68052816391, 1.86236131191, 1.64235687256, 1.0759677887, 0.347943454981, 0.165886491537, 0.064658112824, 0.0379025749862, 0.0472270213068, 0.0620999783278, 0.0794372558594, 0.0808345228434, 0.0807102099061, 0.101156339049, 0.0899075269699, 0.0449281297624, 0.0226664058864, 0.010927291587, 0.00527792563662, 0.00238525634632, 0.000803238537628, 6.09710441495e-05, 1.38076820804e-05, 3.02163825836e-05],
        "median": [0.000386245257687, 0.00729814637452, 0.0630475878716, 0.415714502335, 1.34859406948, 6.45479011536, 27.2777500153, 21.4307003021, 6.22799777985, 3.83631134033, 2.5315554142, 4.35195636749, 1.10766422749, 0.584197223186, 0.243216961622, 0.128822222352, 0.112396769226, 0.0495060048997, 0.0332846492529, 0.0111273098737, 0.00924840848893, 0.00793405715376, 0.00773880630732, 0.00772284017876, 0.00876776687801, 0.00969111174345, 0.00938155688345, 0.00962527934462, 0.00900511164218, 0.0094678606838, 0.00884861312807, 0.00810131710023, 0.00749987922609, 0.00601920112967, 0.00439166929573, 0.0021451311186, 0.000704530044459, 4.66000419692e-05, 1.17120116556e-05, 2.53824382526e-05],
        "min": [6.14980763203e-06, 1.91822873603e-05, 4.86657663714e-05, 1.5003792214e-05, 8.9800778369e-06, 5.83535365877e-05, 7.49885221012e-05, 7.72737403167e-05, 0.000103084821603, 7.45804718463e-05, 0.000164838304045, 0.000364047795301, 0.000580584455747, 0.000377679418307, 0.000880287319887, 0.00100825668778, 0.000654656265397, 0.000853345612995, 0.00095480523305, 0.00128003663849, 0.00131063326262, 0.0015177965397, 0.00124338059686, 0.00132527330425, 0.00123312848154, 0.00196840777062, 0.00164150132332, 0.00196050223894, 0.000904274871573, 0.00156507547945, 0.00150564650539, 0.00178685237188, 0.000953196955379, 0.000223154173, 0.000383421545848, 0.000180208589882, 3.92698821088e-05, 6.04492606726e-06, 4.30534328189e-07, 3.16778283604e-08],
        "var": [0.0912991985679, 8.75939750671, 80.1074752808, 239.042251587, 109.587722778, 1925.92785645, 6848.20898438, 13132.2431641, 4118.70507812, 458.599029541, 372.492156982, 2449.5246582, 200.373382568, 115.214004517, 34.8352279663, 134.27935791, 118.302337646, 60.6212234497, 56.3296966553, 26.4508323669, 2.60258364677, 0.601412832737, 0.0601916387677, 0.00691419793293, 0.00782810430974, 0.0160797890276, 0.0259932968765, 0.0296825990081, 0.0277174897492, 0.0575602725148, 0.0604100897908, 0.0086788777262, 0.00142766884528, 0.00016253812646, 9.86552367976e-06, 1.54008864683e-06, 3.00542552623e-07, 7.33697458344e-09, 1.27230961877e-10, 7.11784242657e-10]
    },
    "gfcc": {
        "mean": [-177.279174805, 138.754516602, -41.2956809998, -8.18849277496, -94.3665847778, -8.85145568848, -45.6039848328, -10.1641731262, -29.0506362915, -1.61704647541, -13.0559892654, -4.96757984161, -6.62076377869],
        "cov": [[3734.74584961, 1211.40222168, -315.519866943, 122.819221497, 60.6074829102, 190.010131836, 163.468444824, -418.938415527, 255.946350098, -245.901824951, 50.2300453186, -264.392944336, 64.2684326172], [1211.40222168, 1335.97973633, 611.44342041, -302.101043701, 176.578308105, -61.7226753235, 48.2384872437, -211.832336426, -15.6257162094, -198.859069824, -85.3525009155, -233.388320923, -16.7166252136], [-315.519866943, 611.44342041, 1375.67004395, 577.072509766, 270.674316406, 12.9439849854, 231.187911987, 96.7887878418, -126.745002747, -188.756362915, -130.840255737, -169.949691772, -154.065689087], [122.819221497, -302.101043701, 577.072509766, 1420.80712891, 438.503631592, 389.578643799, 338.211395264, 204.313873291, 23.4391155243, -120.012771606, -86.0859222412, -79.344039917, -188.176681519], [60.6074829102, 176.578308105, 270.674316406, 438.503631592, 618.195739746, 311.216308594, 94.3742980957, 39.52709198, 0.284468144178, -72.1854858398, -117.547119141, -109.140480042, -128.486679077], [190.010131836, -61.7226753235, 12.9439849854, 389.578643799, 311.216308594, 304.948547363, 138.567077637, 61.9779663086, 26.384475708, -34.032535553, -41.9343719482, -30.9835777283, -62.0989570618], [163.468444824, 48.2384872437, 231.187911987, 338.211395264, 94.3742980957, 138.567077637, 219.181381226, 109.824935913, 41.5270004272, -39.8478546143, -7.1057138443, -16.9566040039, -15.9955854416], [-418.938415527, -211.832336426, 96.7887878418, 204.313873291, 39.52709198, 61.9779663086, 109.824935913, 247.011322021, 76.895072937, 54.2765274048, -19.9971218109, 58.5309791565, -2.78496742249], [255.946350098, -15.6257162094, -126.745002747, 23.4391155243, 0.284468144178, 26.384475708, 41.5270004272, 76.895072937, 199.954452515, 102.339103699, 42.3137588501, -5.7452545166, 38.0752792358], [-245.901824951, -198.859069824, -188.756362915, -120.012771606, -72.1854858398, -34.032535553, -39.8478546143, 54.2765274048, 102.339103699, 179.54800415, 83.2207946777, 47.0827713013, 31.3621120453], [50.2300453186, -85.3525009155, -130.840255737, -86.0859222412, -117.547119141, -41.9343719482, -7.1057138443, -19.9971218109, 42.3137588501, 83.2207946777, 118.666351318, 52.1873016357, 51.2124900818], [-264.392944336, -233.388320923, -169.949691772, -79.344039917, -109.140480042, -30.9835777283, -16.9566040039, 58.5309791565, -5.7452545166, 47.0827713013, 52.1873016357, 127.639442444, 65.3922271729], [64.2684326172, -16.7166252136, -154.065689087, -188.176681519, -128.486679077, -62.0989570618, -15.9955854416, -2.78496742249, 38.0752792358, 31.3621120453, 51.2124900818, 65.3922271729, 134.417434692]],
        "icov": [[0.00266519468278, -0.00373461632989, 0.00277646118775, -0.00240383390337, 0.0019889746327, -0.00127844978124, -0.000507163756993, 0.00276897172444, -0.00386835681275, 0.00334007386118, -0.00166602653917, 6.66023115627e-05, 0.000304740446154], [-0.00373461632989, 0.00881708413363, -0.00574149237946, 0.00569139001891, -0.00403113197535, 0.00194945116527, -0.00105178321246, -0.00141069456004, 0.00199175882153, -0.000831265759189, 0.00142173259519, 0.00199756142683, -0.000721727672499], [0.00277646118775, -0.00574149237946, 0.00624659843743, -0.00422298116609, 0.000951618887484, 0.00259069236927, -0.00256117596291, 9.16334975045e-05, 0.000132888671942, 0.00176577246748, -0.00209919852205, 0.00202656607144, 0.000374098744942], [-0.00240383390337, 0.00569139001891, -0.00422298116609, 0.00547452270985, -0.00246117822826, -0.000414250069298, -0.00128684926312, -0.00136651319917, 0.000476505607367, 0.000581716303714, 0.000138487215736, 0.00049608189147, 0.00139067263808], [0.0019889746327, -0.00403113197535, 0.000951618887484, -0.00246117822826, 0.00794660765678, -0.00870372261852, 0.00435565970838, 0.00148199987598, -0.00312301167287, 0.000868833682034, 0.00113376928493, -0.000196704131668, 0.00066257029539], [-0.00127844978124, 0.00194945116527, 0.00259069236927, -0.000414250069298, -0.00870372261852, 0.0183644127101, -0.0105405477807, -0.000128009240143, 0.00412222975865, -0.00278689735569, 0.0018769451417, -0.000322197010973, 0.00107479118742], [-0.000507163756993, -0.00105178321246, -0.00256117596291, -0.00128684926312, 0.00435565970838, -0.0105405477807, 0.0199515465647, -0.00910029094666, -0.000310961971991, 0.004781301599, -0.00759123638272, 0.003713456681, -0.00308761256747], [0.00276897172444, -0.00141069456004, 9.16334975045e-05, -0.00136651319917, 0.00148199987598, -0.000128009240143, -0.00910029094666, 0.0206149127334, -0.0119255501777, -0.00174777582288, 0.0110855652019, -0.0131369037554, 0.00334749789909], [-0.00386835681275, 0.00199175882153, 0.000132888671942, 0.000476505607367, -0.00312301167287, 0.00412222975865, -0.000310961971991, -0.0119255501777, 0.0227875951678, -0.0139777446166, 0.000228241537116, 0.00910247955471, -0.00615700380877], [0.00334007386118, -0.000831265759189, 0.00176577246748, 0.000581716303714, 0.000868833682034, -0.00278689735569, 0.004781301599, -0.00174777582288, -0.0139777446166, 0.0270582586527, -0.0170729421079, 0.00431080814451, 0.00326737598516], [-0.00166602653917, 0.00142173259519, -0.00209919852205, 0.000138487215736, 0.00113376928493, 0.0018769451417, -0.00759123638272, 0.0110855652019, 0.000228241537116, -0.0170729421079, 0.0292572062463, -0.0135835204273, -0.000581489061005], [6.66023115627e-05, 0.00199756142683, 0.00202656607144, 0.00049608189147, -0.000196704131668, -0.000322197010973, 0.003713456681, -0.0131369037554, 0.00910247955471, 0.00431080814451, -0.0135835204273, 0.0304888859391, -0.0101746264845], [0.000304740446154, -0.000721727672499, 0.000374098744942, 0.00139067263808, 0.00066257029539, 0.00107479118742, -0.00308761256747, 0.00334749789909, -0.00615700380877, 0.00326737598516, -0.000581489061005, -0.0101746264845, 0.0165645629168]]
    },
    "melbands": {
        "dmean": [0.000836266612168, 0.000985781778581, 0.000530670513399, 0.0003541301121, 0.000466614495963, 0.000398305681301, 0.000151117099449, 4.02283403673e-05, 3.22199193761e-05, 3.70149791706e-05, 1.37932893267e-05, 9.57387419476e-06, 4.75099523101e-06, 5.54299322175e-06, 7.28499844627e-06, 3.28278770212e-06, 3.12325437335e-06, 3.08126709569e-06, 1.40783731695e-06, 1.15204238682e-06, 2.28064735097e-07, 2.16813788256e-07, 8.66764438001e-08, 4.06960900534e-08, 2.5148359839e-08, 2.18827000964e-08, 3.90043979337e-08, 3.71063215709e-08, 3.74821205185e-08, 5.14195264145e-08, 4.09055225248e-08, 3.63779584234e-08, 5.35617594721e-08, 6.25956175782e-08, 6.363837457e-08, 3.99507520399e-08, 2.10931929701e-08, 1.50662078369e-08, 7.07334324446e-09, 5.20946130678e-09],
        "dmean2": [0.00132878113072, 0.00148638081737, 0.000874251185451, 0.000546092051081, 0.00070096203126, 0.000580188177992, 0.000220132089453, 5.93114818912e-05, 4.65334123874e-05, 5.08014018124e-05, 2.24395789701e-05, 1.42556236824e-05, 7.81779726822e-06, 9.19822105061e-06, 1.0862740055e-05, 4.69464475827e-06, 4.04553702538e-06, 4.24700283475e-06, 1.94480844584e-06, 1.78116113148e-06, 3.015630341e-07, 3.4649360714e-07, 1.32894442118e-07, 6.68823361138e-08, 3.89974914583e-08, 3.11142649423e-08, 5.53104442247e-08, 4.99861769754e-08, 5.1564807535e-08, 7.4211015999e-08, 5.65290463328e-08, 4.61812454944e-08, 7.56503695243e-08, 9.67927604734e-08, 1.01552799947e-07, 6.10471531104e-08, 3.0236467552e-08, 2.19119922207e-08, 9.99733096307e-09, 7.82234721441e-09],
        "dvar": [1.20749718917e-05, 1.15118327813e-05, 2.98454506265e-06, 8.36717106267e-07, 1.26228769659e-06, 1.4709946754e-06, 2.08343863051e-07, 9.18670917116e-09, 8.79784334273e-09, 2.04392556213e-08, 2.49776266337e-09, 9.06411889989e-10, 3.59211022039e-10, 7.92089560608e-10, 1.1918989129e-09, 1.81862039317e-10, 1.44068076913e-10, 1.61295823919e-10, 3.42608268145e-11, 3.07497152741e-11, 8.35807280591e-13, 1.00356767167e-12, 1.14255732154e-13, 2.47630488706e-14, 3.14062516194e-15, 1.81061233409e-15, 6.30928414982e-15, 5.43970318551e-15, 5.25898912973e-15, 1.16269205703e-14, 6.77005990873e-15, 4.79041727957e-15, 1.21769185447e-14, 1.87496214708e-14, 3.37449523619e-14, 8.33153888897e-15, 1.72223958676e-15, 8.49983639466e-16, 1.16590061783e-16, 5.56830525974e-17],
        "dvar2": [2.99146140605e-05, 2.54838487308e-05, 7.92328046373e-06, 1.73159071437e-06, 2.63945958068e-06, 2.6921427434e-06, 4.08914416994e-07, 1.72270606669e-08, 1.81544645983e-08, 3.8204788666e-08, 5.29242560887e-09, 1.60479596278e-09, 8.0339890296e-10, 2.16610640535e-09, 2.93643265259e-09, 3.73230335526e-10, 2.31340183121e-10, 3.39660327642e-10, 7.26753587865e-11, 6.02022112717e-11, 1.62746118665e-12, 2.63225097101e-12, 2.64660824723e-13, 6.22922327327e-14, 7.9322517928e-15, 3.89146163617e-15, 1.23735419968e-14, 1.14873015885e-14, 1.07603186208e-14, 2.45329303476e-14, 1.27431405882e-14, 8.72333482576e-15, 2.44187892698e-14, 4.43111090084e-14, 9.16492630485e-14, 2.11563114304e-14, 3.90551475979e-15, 1.80972379653e-15, 1.80517795599e-16, 1.1479431223e-16],
        "max": [0.0287083368748, 0.0297323036939, 0.023353734985, 0.021753558889, 0.0157164838165, 0.0218889378011, 0.0069846441038, 0.00218009203672, 0.0015279033687, 0.00270978244953, 0.000713061599527, 0.000430681189755, 0.000192890540347, 0.000323319138261, 0.000413592439145, 0.000144236983033, 0.000123575562611, 0.000125316131744, 5.64438305446e-05, 5.78458275413e-05, 9.58122927841e-06, 1.11136050691e-05, 3.62772925655e-06, 2.9371067285e-06, 6.4306556169e-07, 3.44951416764e-07, 5.38631184099e-07, 6.3935073058e-07, 5.06726678395e-07, 7.24229494153e-07, 5.58115743843e-07, 6.25574045898e-07, 6.67883568894e-07, 8.75420255397e-07, 2.1464211386e-06, 8.99259873677e-07, 4.13981553038e-07, 1.88350000485e-07, 8.65775078296e-08, 5.79550345492e-08],
        "mean": [0.00065260368865, 0.00193553161807, 0.0014263499761, 0.000862858432811, 0.00191393215209, 0.00158804701641, 0.000343000749126, 0.000111479181214, 0.000104931707028, 0.000107351297629, 2.61078512267e-05, 2.31352005358e-05, 5.94417952016e-06, 5.17269472766e-06, 7.61654882808e-06, 4.13720772485e-06, 3.55236716132e-06, 3.02872194879e-06, 1.41081204674e-06, 1.21319897062e-06, 2.40603895918e-07, 1.8969100779e-07, 7.85675453585e-08, 4.08887785852e-08, 2.88428410045e-08, 2.79267311498e-08, 4.2897571717e-08, 3.98862347595e-08, 4.66530671872e-08, 5.33012176618e-08, 4.48788846086e-08, 4.31745519336e-08, 5.4425367324e-08, 5.67868134738e-08, 5.53754446742e-08, 3.78634297249e-08, 2.35137456173e-08, 1.75620709086e-08, 1.12954916531e-08, 8.30574098387e-09],
        "median": [1.83010058663e-06, 2.45678966166e-05, 7.44222124922e-05, 0.000155401576194, 0.00104308873415, 0.000533634738531, 6.07835245319e-05, 2.6957170121e-05, 1.89585443877e-05, 2.41290072154e-05, 2.29176566791e-06, 2.37383210333e-06, 7.3959989777e-07, 1.65945166941e-07, 2.82897275383e-07, 1.50472033056e-07, 7.21523534253e-08, 4.85434163977e-08, 1.36963462793e-08, 1.21599486036e-08, 9.86864989727e-09, 8.18475687225e-09, 7.24240933891e-09, 6.87773349384e-09, 6.1051497191e-09, 6.2140510515e-09, 6.38413100162e-09, 6.58710019863e-09, 5.76242520367e-09, 5.77587444539e-09, 5.63871749293e-09, 5.15900833165e-09, 5.22706011807e-09, 5.47834888565e-09, 5.1071609164e-09, 4.89387463887e-09, 5.0477795277e-09, 5.31383514968e-09, 5.01819785725e-09, 5.13938802627e-09],
