{
"highlevel": {
    "danceability": {
        "all": {
            "danceable": 0.904984772205,
            "not_danceable": 0.0950152054429
        },
        "probability": 0.904984772205,
        "value": "danceable"
    },
    "gender": {
        "all": {
            "female": 0.5,
            "male": 0.5
        },
        "probability": 0.5,
        "value": "female"
    },
    "genre_dortmund": {
        "all": {
            "alternative": 0.149570330977,
            "blues": 0.0152028612792,
            "electronic": 0.154439970851,
            "folkcountry": 0.0818173885345,
            "funksoulrnb": 0.0263277161866,
            "jazz": 0.0103225307539,
            "pop": 0.134656891227,
            "raphiphop": 0.0328167825937,
            "rock": 0.39484551549
        },
        "probability": 0.39484551549,
        "value": "rock"
    },
    "genre_electronic": {
        "all": {
            "ambient": 0.095398157835,
            "dnb": 0.0322075039148,
            "house": 0.0259633585811,
            "techno": 0.00951151270419,
            "trance": 0.836919486523
        },
        "probability": 0.836919486523,
        "value": "trance"
    },
    "genre_rosamerica": {
        "all": {
            "cla": 0.000366147520253,
            "dan": 0.827222108841,
            "hip": 0.00280947005376,
            "jaz": 0.000277586688753,
            "pop": 0.101949177682,
            "rhy": 0.0155693572015,
            "roc": 0.0515841171145,
            "spe": 0.000222054979531
        },
        "probability": 0.827222108841,
        "value": "dan"
    },
    "genre_tzanetakis": {
        "all": {
            "blu": 0.0626613423228,
            "cla": 0.0348169617355,
            "cou": 0.104475811124,
            "dis": 0.0784321576357,
            "hip": 0.15692435205,
            "jaz": 0.313974827528,
            "met": 0.0448166541755,
            "pop": 0.0627359300852,
            "reg": 0.0627360641956,
            "roc": 0.0784258767962
        },
        "probability": 0.313974827528,
        "value": "jaz"
    },
    "ismir04_rhythm": {
        "all": {
            "ChaChaCha": 0.108654253185,
            "Jive": 0.354001879692,
            "Quickstep": 0.0188899915665,
            "Rumba-American": 0.0114902099594,
            "Rumba-International": 0.0834248438478,
            "Rumba-Misc": 0.0197801701725,
            "Samba": 0.308964371681,
            "Tango": 0.013882515952,
            "VienneseWaltz": 0.0703072696924,
            "Waltz": 0.0106044802815
        },
        "probability": 0.354001879692,
        "value": "Jive"
    },
    "mood_acoustic": {
        "all": {
            "acoustic": 5.41464578419e-06,
            "not_acoustic": 0.999994575977
        },
        "probability": 0.999994575977,
        "value": "not_acoustic"
    },
    "mood_aggressive": {
        "all": {
            "aggressive": 0.407811105251,
            "not_aggressive": 0.592188894749
        },
        "probability": 0.592188894749,
        "value": "not_aggressive"
    },
    "mood_electronic": {
        "all": {
            "electronic": 0.874640703201,
            "not_electronic": 0.125359281898
        },
        "probability": 0.874640703201,
        "value": "electronic"
    },
    "mood_happy": {
        "all": {
            "happy": 0.844024658203,
            "not_happy": 0.155975341797
        },
        "probability": 0.844024658203,
        "value": "happy"
    },
    "mood_party": {
        "all": {
            "not_party": 0.431014865637,
            "party": 0.568985164165
        },
        "probability": 0.568985164165,
        "value": "party"
    },
    "mood_relaxed": {
        "all": {
            "not_relaxed": 0.900485336781,
            "relaxed": 0.0995146408677
        },
        "probability": 0.900485336781,
        "value": "not_relaxed"
    },
    "mood_sad": {
        "all": {
            "not_sad": 0.918645441532,
            "sad": 0.081354573369
        },
        "probability": 0.918645441532,
        "value": "not_sad"
    },
    "moods_mirex": {
        "all": {
            "Cluster1": 0.310712963343,
            "Cluster2": 0.155126586556,
            "Cluster3": 0.217281714082,
            "Cluster4": 0.100343510509,
            "Cluster5": 0.216535225511
        },
        "probability": 0.310712963343,
        "value": "Cluster1"
    },
    "timbre": {
        "all": {
            "bright": 0.892492353916,
            "dark": 0.107507653534
        },
        "probability": 0.892492353916,
        "value": "bright"
    },
    "tonal_atonal": {
        "all": {
            "atonal": 0.00920139346272,
            "tonal": 0.990798592567
        },
        "probability": 0.990798592567,
        "value": "tonal"
    },
    "voice_instrumental": {
        "all": {
            "instrumental": 0.0189179256558,
            "voice": 0.981082081795
        },
        "probability": 0.981082081795,
        "value": "voice"
    }
},
"lowlevel": {
    "average_loudness": 0.985671699047,
    "barkbands_crest": {
        "dmean": 3.55869913101,
        "dmean2": 6.10160827637,
        "dvar": 11.3316993713,
        "dvar2": 30.4009933472,
        "max": 24.0468387604,
        "mean": 10.6809072495,
        "median": 9.71397972107,
        "min": 3.14386701584,
        "var": 22.3055515289
    },
    "barkbands_flatness_db": {
        "dmean": 0.0246200524271,
        "dmean2": 0.0398201569915,
        "dvar": 0.000455942121334,
        "dvar2": 0.00114430231042,
        "max": 0.303113788366,
        "mean": 0.129786163568,
        "median": 0.121701993048,
        "min": 0.0558506883681,
        "var": 0.00166286760941
    },
    "barkbands_kurtosis": {
        "dmean": 3.55656838417,
        "dmean2": 6.00737285614,
        "dvar": 32.018447876,
        "dvar2": 82.6358947754,
        "max": 94.6046218872,
        "mean": 4.60569286346,
        "median": 2.25168323517,
        "min": -1.83605146408,
        "var": 56.8409843445
    },
    "barkbands_skewness": {
        "dmean": 0.638825058937,
        "dmean2": 1.05908870697,
        "dvar": 0.422325521708,
        "dvar2": 1.01974475384,
        "max": 8.96097755432,
        "mean": 1.81513798237,
        "median": 1.65146362782,
        "min": -0.95970082283,
        "var": 1.26089906693
    },
    "barkbands_spread": {
        "dmean": 7.42166471481,
        "dmean2": 11.3585538864,
        "dvar": 66.0176391602,
        "dvar2": 131.33605957,
        "max": 102.570976257,
        "mean": 27.3156814575,
        "median": 25.1583824158,
        "min": 1.97425305843,
        "var": 239.203277588
    },
    "dissonance": {
        "dmean": 0.0157496053725,
        "dmean2": 0.0265825707465,
        "dvar": 0.000181089897524,
        "dvar2": 0.000506914278958,
        "max": 0.500000059605,
        "mean": 0.470912754536,
        "median": 0.474473387003,
        "min": 0.366951435804,
        "var": 0.000351851194864
    },
    "dynamic_complexity": 1.30236554146,
    "erbbands_crest": {
        "dmean": 2.29712533951,
        "dmean2": 3.66929507256,
        "dvar": 4.2504992485,
        "dvar2": 9.98873233795,
        "max": 22.5334186554,
        "mean": 7.45443820953,
        "median": 6.76820230484,
        "min": 2.17122936249,
        "var": 10.9382791519
    },
    "erbbands_flatness_db": {
        "dmean": 0.0155194476247,
        "dmean2": 0.0235768519342,
        "dvar": 0.000182354997378,
        "dvar2": 0.000406913488405,
        "max": 0.199696168303,
        "mean": 0.124933123589,
        "median": 0.123907551169,
        "min": 0.0563573651016,
        "var": 0.000518187473062
    },
    "erbbands_kurtosis": {
        "dmean": 0.618706345558,
        "dmean2": 0.966372132301,
        "dvar": 0.547932803631,
        "dvar2": 1.29345178604,
        "max": 6.78343391418,
        "mean": -0.0459515564144,
        "median": -0.484350919724,
        "min": -1.52795767784,
        "var": 1.53259205818
    },
    "erbbands_skewness": {
        "dmean": 0.310352832079,
        "dmean2": 0.475854128599,
        "dvar": 0.0767290070653,
        "dvar2": 0.157304957509,
        "max": 1.95563256741,
        "mean": 0.324031591415,
        "median": 0.333879858255,
        "min": -2.46971035004,
        "var": 0.331826150417
    },
    "erbbands_spread": {
        "dmean": 8.99914646149,
        "dmean2": 13.702709198,
        "dvar": 67.3824920654,
        "dvar2": 148.55229187,
        "max": 136.470947266,
        "mean": 49.286239624,
        "median": 49.2540740967,
        "min": 13.2930316925,
        "var": 272.472961426
    },
    "hfc": {
        "dmean": 10.7444133759,
        "dmean2": 14.697054863,
        "dvar": 246.767868042,
        "dvar2": 415.005279541,
        "max": 252.959701538,
        "mean": 35.8369941711,
        "median": 30.7201786041,
        "min": 3.43200659752,
        "var": 718.226623535
    },
    "melbands_crest": {
        "dmean": 4.26278352737,
        "dmean2": 6.92306947708,
        "dvar": 13.0151395798,
        "dvar2": 32.9319000244,
        "max": 34.944896698,
        "mean": 15.845993042,
        "median": 14.7690076828,
        "min": 4.4394774437,
        "var": 39.3999557495
    },
    "melbands_flatness_db": {
        "dmean": 0.0310284756124,
        "dmean2": 0.0497265160084,
        "dvar": 0.000784309289884,
        "dvar2": 0.00179480784573,
        "max": 0.396364420652,
        "mean": 0.182516649365,
        "median": 0.176403701305,
        "min": 0.0581091418862,
        "var": 0.00322762248106
    },
    "melbands_kurtosis": {
        "dmean": 10.302315712,
        "dmean2": 17.722990036,
        "dvar": 242.382324219,
        "dvar2": 648.687561035,
        "max": 199.255096436,
        "mean": 17.4521274567,
        "median": 11.1661548615,
        "min": -1.078368783,
        "var": 408.727630615
    },
    "melbands_skewness": {
        "dmean": 0.940713882446,
        "dmean2": 1.56864535809,
        "dvar": 0.959264338017,
        "dvar2": 2.43567991257,
        "max": 12.4397258759,
        "mean": 3.20175766945,
        "median": 2.88136029243,
        "min": 0.230587750673,
        "var": 2.59074282646
    },
    "melbands_spread": {
        "dmean": 8.42646121979,
        "dmean2": 13.2826013565,
        "dvar": 127.206169128,
        "dvar2": 275.082550049,
        "max": 179.377288818,
        "mean": 23.9454040527,
        "median": 20.498916626,
        "min": 1.32350313663,
        "var": 316.994598389
    },
    "pitch_salience": {
        "dmean": 0.0934786498547,
        "dmean2": 0.158783912659,
        "dvar": 0.00806226953864,
        "dvar2": 0.0215578787029,
        "max": 0.80706769228,
        "mean": 0.533807575703,
        "median": 0.547901332378,
        "min": 0.108036711812,
        "var": 0.016349285841
    },
    "silence_rate_20dB": {
        "dmean": 0,
        "dmean2": 0,
        "dvar": 0,
        "dvar2": 0,
        "max": 1,
        "mean": 1,
        "median": 1,
        "min": 1,
        "var": 0
    },
    "silence_rate_30dB": {
        "dmean": 0.0820433422923,
        "dmean2": 0.16421379149,
        "dvar": 0.0753121301532,
        "dvar2": 0.19921426475,
        "max": 1,
        "mean": 0.948955893517,
        "median": 1,
        "min": 0,
        "var": 0.048438500613
    },
    "silence_rate_60dB": {
        "dmean": 0,
        "dmean2": 0,
        "dvar": 0,
        "dvar2": 0,
        "max": 0,
        "mean": 0,
        "median": 0,
        "min": 0,
        "var": 0
    },
    "spectral_centroid": {
        "dmean": 276.905212402,
        "dmean2": 402.953155518,
        "dvar": 73616.1953125,
        "dvar2": 148509.21875,
        "max": 4468.10888672,
        "mean": 1378.42260742,
        "median": 1323.31567383,
        "min": 325.008636475,
        "var": 289038.78125
    },
    "spectral_complexity": {
        "dmean": 4.11609888077,
        "dmean2": 6.23857498169,
        "dvar": 13.2047843933,
        "dvar2": 26.1057281494,
        "max": 47,
        "mean": 25.4447021484,
        "median": 25,
        "min": 8,
        "var": 48.9879417419
    },
    "spectral_decrease": {
        "dmean": 5.40152056416e-09,
        "dmean2": 9.2968228671e-09,
        "dvar": 3.42915862391e-17,
        "dvar2": 9.15038575611e-17,
        "max": -1.03001529528e-09,
        "mean": -1.31942021753e-08,
        "median": -1.12472111624e-08,
        "min": -4.38183320739e-08,
        "var": 5.49558814297e-17
    },
    "spectral_energy": {
        "dmean": 0.0208269860595,
        "dmean2": 0.0357640273869,
        "dvar": 0.000498960725963,
        "dvar2": 0.00132162461523,
        "max": 0.167484417558,
        "mean": 0.0530484430492,
        "median": 0.0459445342422,
        "min": 0.00427287584171,
        "var": 0.000801491725724
    },
    "spectral_energyband_high": {
        "dmean": 0.000990818603896,
        "dmean2": 0.00134170672391,
        "dvar": 4.14934083892e-06,
        "dvar2": 6.95657217875e-06,
        "max": 0.0286793988198,
        "mean": 0.00218875496648,
        "median": 0.00135746656451,
        "min": 3.62485407095e-05,
        "var": 1.09362426883e-05
    },
    "spectral_energyband_low": {
        "dmean": 0.0174362938851,
        "dmean2": 0.0310761518776,
        "dvar": 0.000520598958246,
        "dvar2": 0.0014648711076,
        "max": 0.152710810304,
        "mean": 0.0273404419422,
        "median": 0.0163046568632,
        "min": 0.000144200545037,
        "var": 0.000739180424716
    },
    "spectral_energyband_middle_high": {
        "dmean": 0.00224261544645,
        "dmean2": 0.0033876565285,
        "dvar": 8.21683897811e-06,
        "dvar2": 1.93434370885e-05,
        "max": 0.0439144782722,
        "mean": 0.00722593488172,
        "median": 0.00559607334435,
        "min": 0.00056570203742,
        "var": 2.83620556729e-05
    },
    "spectral_energyband_middle_low": {
        "dmean": 0.00834376271814,
        "dmean2": 0.0131616452709,
        "dvar": 8.66172194947e-05,
        "dvar2": 0.000209055957384,
        "max": 0.0899689421058,
        "mean": 0.0175056066364,
        "median": 0.0147009734064,
        "min": 0.000603954074904,
        "var": 0.000142766424688
    },
    "spectral_entropy": {
        "dmean": 0.131718739867,
        "dmean2": 0.191267058253,
        "dvar": 0.0136336674914,
        "dvar2": 0.0268556661904,
        "max": 8.65907478333,
        "mean": 7.82233905792,
        "median": 7.83378314972,
        "min": 7.03314256668,
        "var": 0.0666101425886
    },
    "spectral_flux": {
        "dmean": 0.0446256697178,
        "dmean2": 0.0743829831481,
        "dvar": 0.00197634170763,
        "dvar2": 0.00507597904652,
        "max": 0.330577373505,
        "mean": 0.130087167025,
        "median": 0.116025559604,
        "min": 0.0272464118898,
        "var": 0.00345607451163
    },
    "spectral_kurtosis": {
        "dmean": 0.795725047588,
        "dmean2": 1.25727832317,
        "dvar": 0.601754009724,
        "dvar2": 1.56214749813,
        "max": 10.3651590347,
        "mean": 2.41059088707,
        "median": 2.30277633667,
        "min": -1.09309232235,
        "var": 1.72853863239
    },
    "spectral_rms": {
        "dmean": 0.00133923068643,
        "dmean2": 0.00224959943444,
        "dvar": 1.68134636169e-06,
        "dvar2": 4.11847713622e-06,
        "max": 0.0127827785909,
        "mean": 0.00696067837998,
        "median": 0.00669506797567,
        "min": 0.00204172939993,
        "var": 3.30352372657e-06
    },
    "spectral_rolloff": {
        "dmean": 574.864318848,
        "dmean2": 977.435974121,
        "dvar": 1045137.8125,
        "dvar2": 2117687.25,
        "max": 10508.203125,
        "mean": 1375.41003418,
        "median": 990.52734375,
        "min": 64.599609375,
        "var": 2320717.75
    },
    "spectral_skewness": {
        "dmean": 0.151893079281,
        "dmean2": 0.227264121175,
        "dvar": 0.0200879666954,
        "dvar2": 0.038097333163,
        "max": 2.22105526924,
        "mean": 1.33516693115,
        "median": 1.35410737991,
        "min": 0.0603772960603,
        "var": 0.0896250754595
    },
    "spectral_spread": {
        "dmean": 578677.375,
        "dmean2": 828608.875,
        "dvar": 539550744576,
        "dvar2": 809898213376,
        "max": 21296472,
        "mean": 5567356,
        "median": 5380841,
        "min": 2709018,
        "var": 1.69388788941e+12
    },
    "spectral_strongpeak": {
        "dmean": 0.44845405221,
        "dmean2": 0.791527867317,
        "dvar": 0.419441044331,
        "dvar2": 1.00347590446,
        "max": 5.69311380386,
        "mean": 0.63729429245,
        "median": 0.375867158175,
        "min": 0,
        "var": 0.560665071011
    },
    "zerocrossingrate": {
        "dmean": 0.013202868402,
        "dmean2": 0.0151454182342,
        "dvar": 0.000206786047784,
        "dvar2": 0.000222175731324,
        "max": 0.29736328125,
        "mean": 0.0642514675856,
        "median": 0.0576171875,
        "min": 0.00732421875,
        "var": 0.00132546352688
    },
    "barkbands": {
        "dmean": [0.00114046223462, 0.0153633505106, 0.0041957530193, 0.00242353230715, 0.00338079011999, 0.00266663660295, 0.00137469894253, 0.000688764208462, 0.0010324587347, 0.00034467750811, 0.00105691258796, 0.000616379606072, 0.000342610437656, 0.000463858305011, 0.000354385381797, 0.000257810548646, 0.000255560298683, 0.000253709353274, 0.000193537111045, 0.000106812643935, 0.000119349751913, 0.000270351796644, 0.000335372955306, 0.000224045812502, 0.000146054066136, 4.29192004958e-05, 3.37734284983e-08],
        "dmean2": [0.00183074153028, 0.0273395869881, 0.00677802786231, 0.00415889220312, 0.00563456118107, 0.00410092482343, 0.002221460687, 0.00114040274639, 0.00164610298816, 0.00056765973568, 0.00168915651739, 0.000985768157989, 0.000571264885366, 0.000746256264392, 0.000573728699237, 0.000422073266236, 0.000410153879784, 0.000411746121245, 0.000312301213853, 0.00016900638002, 0.000181564755621, 0.000413725385442, 0.000465829973109, 0.000322324834997, 0.000203196614166, 6.58901917632e-05, 5.8390760671e-08],
        "dvar": [2.1625367026e-06, 0.000452220498119, 5.99887061981e-05, 1.52404836626e-05, 3.20078324876e-05, 1.47960054164e-05, 4.15921977037e-06, 1.46725619743e-06, 3.4098627566e-06, 3.82445648484e-07, 2.95209315482e-06, 1.16159276331e-06, 6.30538011137e-07, 6.96805557254e-07, 2.44237327252e-07, 1.84475510423e-07, 1.33464922669e-07, 1.19364912621e-07, 6.08309278505e-08, 1.66613638442e-08, 4.71844394667e-08, 6.86573457642e-07, 5.3916807019e-07, 3.07905423824e-07, 1.33478707198e-07, 6.61951293779e-09, 7.6919082269e-14],
        "dvar2": [5.51083894607e-06, 0.00139990716707, 0.000130686283228, 3.55398915417e-05, 8.25919560157e-05, 3.28424466716e-05, 1.05101789813e-05, 3.83678298022e-06, 9.19580816117e-06, 9.80037953013e-07, 7.5728412412e-06, 3.11400003739e-06, 1.69677866779e-06, 1.70546104528e-06, 5.77161074489e-07, 4.37756000338e-07, 3.17143559414e-07, 2.91005733288e-07, 1.49514519876e-07, 4.08845295397e-08, 1.12715504486e-07, 1.51689039285e-06, 8.73976887306e-07, 5.67063352719e-07, 2.12934381238e-07, 1.50539065658e-08, 2.03513638233e-13],
        "max": [0.0145339295268, 0.144198507071, 0.0516777783632, 0.0316243618727, 0.0470805279911, 0.0481695272028, 0.0250079762191, 0.0271832831204, 0.0274440199137, 0.00703735416755, 0.0177906360477, 0.0168929100037, 0.0124881379306, 0.0118777779862, 0.00900835730135, 0.00574856530875, 0.0065168151632, 0.00594508834183, 0.00354108260944, 0.00142838840839, 0.00397259835154, 0.015853613615, 0.0100678158924, 0.0144339399412, 0.00868441909552, 0.00117910956033, 6.19117054157e-06],
        "mean": [0.00187611870933, 0.019334372133, 0.00497009884566, 0.00256176199764, 0.00420268345624, 0.00582307064906, 0.00205085938796, 0.00102514051832, 0.00169483746868, 0.00052972784033, 0.00167299993336, 0.00103125115857, 0.000549199350644, 0.000817799591459, 0.000721101823729, 0.000470622471767, 0.000492531224154, 0.000494995620102, 0.000407264160458, 0.000230928999372, 0.000234124672716, 0.000456489302451, 0.000684343511239, 0.000403649057262, 0.000263386260485, 4.90790771437e-05, 2.39886492892e-08],
        "median": [0.00141195312608, 0.011457038112, 0.00175697612576, 0.00121768109966, 0.00239869742654, 0.00251752394252, 0.00112463720143, 0.000587355752941, 0.00097688427195, 0.000299494684441, 0.000853472738527, 0.000390318979044, 0.000262037239736, 0.000378655910026, 0.000426888029324, 0.000268871255685, 0.000321741681546, 0.000342284794897, 0.000300460320432, 0.000181788796908, 0.000169523395016, 0.00023899259395, 0.000337553501595, 0.000196781198611, 0.000130875196191, 1.49037750816e-05, 9.54883505599e-10],
        "min": [2.86363892599e-08, 8.31512716104e-06, 2.8880708669e-06, 7.45420356907e-06, 2.17301549128e-05, 6.72920577927e-05, 2.40694407694e-05, 1.21605935419e-05, 4.39919131168e-05, 1.0985829249e-05, 1.58352777362e-05, 2.49134118349e-05, 1.93875093828e-05, 5.92231845076e-06, 2.47055177169e-05, 1.16621858979e-05, 2.13057173823e-05, 2.60054748651e-05, 2.53749512922e-05, 1.33037628984e-05, 7.78968660597e-06, 4.68080270366e-06, 2.344770337e-06, 3.88355744008e-07, 8.11919687038e-09, 6.32503632803e-11, 1.07042950892e-11],
        "var": [3.66443737221e-06, 0.000482031609863, 7.0395108196e-05, 1.46837892316e-05, 2.91573978757e-05, 5.70361116843e-05, 7.06988430466e-06, 2.25771941587e-06, 5.084060831e-06, 5.21502784068e-07, 5.32224885319e-06, 2.54214228335e-06, 8.10189931144e-07, 1.53392522861e-06, 8.18107707801e-07, 3.81216523238e-07, 3.084942648e-07, 2.83281025304e-07, 1.37672287792e-07, 3.85737557451e-08, 8.15182019664e-08, 1.17692559343e-06, 1.37380050091e-06, 7.10866743248e-07, 3.31503827056e-07, 9.47223721681e-09, 5.28981460685e-14]
    },
    "erbbands": {
        "dmean": [0.42936706543, 3.61752510071, 4.85862541199, 6.73215341568, 11.3942117691, 10.7790327072, 21.2478275299, 16.7233314514, 12.4735984802, 26.2202167511, 16.5768241882, 16.0563755035, 18.9892101288, 19.0272712708, 35.3064041138, 21.9653968811, 13.8203582764, 25.9392566681, 15.7552394867, 17.163110733, 14.5050506592, 15.2154817581, 12.8399038315, 11.3373937607, 7.47640895844, 4.84231185913, 4.31009244919, 5.63744688034, 8.63471603394, 11.9186563492, 9.3161277771, 5.96194458008, 3.20483899117, 2.01458597183, 0.887616813183, 0.258803218603, 0.0740263685584, 0.00558234238997, 0.000117054121802, 2.84197558358e-05],
        "dmean2": [0.709148645401, 6.68173122406, 8.71296596527, 11.3506526947, 19.2947921753, 18.0661296844, 32.6035614014, 26.6774997711, 20.198802948, 42.3803253174, 27.2195796967, 25.9665412903, 30.3674144745, 30.1919803619, 56.4261283875, 35.293056488, 22.3481807709, 42.1467628479, 24.8721961975, 27.479631424, 23.1308574677, 24.5153064728, 20.6177101135, 18.0608730316, 11.9692525864, 7.65106296539, 6.64022111893, 8.40133285522, 13.2524385452, 17.2740917206, 13.337975502, 8.74313831329, 4.59945440292, 2.89348196983, 1.28631865978, 0.37939196825, 0.117704242468, 0.00923328008503, 0.000187692654436, 4.62023999717e-05],
        "dvar": [0.241881549358, 33.7905693054, 79.6123046875, 139.436141968, 306.293121338, 347.062042236, 1036.08203125, 495.693634033, 346.488677979, 1896.15319824, 1089.17224121, 636.533447266, 1537.44946289, 851.069641113, 3478.88110352, 1832.71289062, 825.133911133, 2617.13012695, 781.565063477, 591.798278809, 707.90637207, 515.751220703, 379.15222168, 194.653930664, 99.9949493408, 36.6577262878, 29.9129924774, 211.163864136, 820.618530273, 931.811523438, 475.455932617, 229.918243408, 62.3506813049, 26.1696128845, 4.95988178253, 0.332583189011, 0.020076867193, 0.000137439114042, 4.86376308118e-08, 8.27609036858e-10],
        "dvar2": [0.690738677979, 104.915618896, 199.549667358, 291.659851074, 788.080932617, 926.707092285, 2331.05981445, 1184.3190918, 896.78515625, 4630.33105469, 2796.60620117, 1687.9901123, 4065.49462891, 2142.30004883, 8798.95898438, 4975.50537109, 2166.00073242, 6578.54785156, 1844.77514648, 1573.5177002, 1698.51220703, 1168.89221191, 944.929626465, 468.83291626, 245.444351196, 90.3442306519, 64.9333267212, 497.554595947, 1892.09350586, 1785.77038574, 859.070556641, 461.211090088, 107.177116394, 48.2063789368, 9.14066886902, 0.657449126244, 0.0487378798425, 0.000356908974936, 1.19120613817e-07, 2.01669125843e-09],
        "max": [3.33200263977, 35.9013366699, 52.3267669678, 87.2594528198, 133.764907837, 155.728607178, 380.80255127, 336.825561523, 242.336578369, 545.694580078, 739.470458984, 349.294219971, 589.07421875, 451.757141113, 696.915039062, 766.662902832, 529.125793457, 705.317504883, 597.838989258, 326.301147461, 397.904510498, 451.286132812, 402.24407959, 217.751266479, 169.187088013, 67.8417816162, 94.273399353, 298.044433594, 563.676147461, 616.473022461, 303.091125488, 313.177856445, 215.303741455, 95.866355896, 51.3417701721, 12.1368465424, 1.57338321209, 0.125480338931, 0.002066394547, 0.000329134811182],
        "mean": [0.73973351717, 3.55629730225, 5.79760932922, 7.93373203278, 12.5310783386, 13.6914424896, 40.0967941284, 35.3635292053, 21.1658821106, 39.9304466248, 26.9940872192, 27.2099590302, 29.8481311798, 35.602180481, 57.4367980957, 38.8917198181, 27.9499702454, 46.2985191345, 33.5955505371, 32.9880142212, 27.7609596252, 30.737247467, 26.5732822418, 25.258398056, 16.7349376678, 10.8104715347, 9.11550807953, 9.99025917053, 14.0532407761, 22.7059135437, 18.1498851776, 10.0127429962, 6.12418603897, 3.5807466507, 1.45553302765, 0.356721848249, 0.0735040232539, 0.00506857410073, 0.000152307096869, 7.41861294955e-05],
        "median": [0.472690492868, 1.81927287579, 2.05775737762, 3.69090890884, 6.05350112915, 8.34177589417, 14.352604866, 18.8830699921, 14.0532941818, 17.0110569, 15.7483901978, 16.9548549652, 16.3740692139, 20.6800727844, 28.7423057556, 14.9414482117, 13.7327108383, 19.695318222, 17.6319961548, 23.6249294281, 15.1206169128, 19.987329483, 18.452665329, 17.8688564301, 13.3656301498, 8.6180562973, 6.90832662582, 5.90676021576, 7.20826435089, 11.59379673, 8.76787757874, 4.54948377609, 3.09028601646, 1.81642997265, 0.624105334282, 0.137794092298, 0.0158563964069, 0.000925288244616, 6.59076322336e-05, 6.39978607069e-05],
        "min": [0.000197086294065, 0.00425926595926, 0.0171185620129, 0.0900141894817, 0.0796218588948, 0.0525821000338, 0.266199618578, 0.402834743261, 0.567694187164, 0.418082237244, 0.632102251053, 1.05608153343, 0.538414478302, 1.13080406189, 1.0254355669, 0.634102463722, 1.02218163013, 1.00175583363, 1.04963111877, 1.66708350182, 1.58229398727, 1.53585422039, 1.59767103195, 1.33223295212, 1.23142492771, 0.714002013206, 0.455753087997, 0.208989083767, 0.16858124733, 0.119904868305, 0.0752330124378, 0.0392900668085, 0.00617990735918, 0.000365048006643, 7.30729589122e-05, 3.56400414603e-05, 1.39482381201e-05, 2.12998270399e-06, 8.22436231829e-06, 6.05813147558e-06],
        "var": [0.456609964371, 28.0704631805, 88.4343643188, 149.283004761, 279.263702393, 305.093444824, 3343.48022461, 1599.64489746, 502.061676025, 3669.18334961, 1915.21020508, 1012.29864502, 2088.56518555, 1691.3861084, 6069.78613281, 3892.49731445, 1529.64221191, 5499.81494141, 2638.27270508, 1101.42150879, 1514.82434082, 1219.4576416, 791.360229492, 584.876525879, 188.669937134, 78.9053421021, 68.9354248047, 333.159332275, 1351.82983398, 1791.86816406, 1069.61779785, 466.928253174, 153.862136841, 58.5457458496, 11.3495206833, 0.618357896805, 0.0223139412701, 0.000122904544696, 5.50682628386e-08, 1.57838042636e-09]
    },
    "gfcc": {
        "mean": [60.1189651489, 86.5494918823, -111.051300049, 46.8743591309, -66.5374832153, 31.610042572, -44.4161453247, 16.7769603729, -18.3902835846, 2.4390141964, -7.59242916107, 5.84451055527, -5.70369386673],
        "cov": [[1014.90594482, -375.498901367, 77.1454162598, -33.0343360901, -113.992103577, 96.6261749268, -59.7236671448, -15.8304843903, -96.0776138306, 21.8627529144, -104.985733032, 16.4194011688, -122.902587891], [-375.498901367, 568.620178223, -40.8384590149, 55.420085907, 147.771850586, -18.5546207428, 127.677490234, -27.5035133362, 43.4572906494, -31.9750118256, 86.3413772583, -75.902923584, 75.5722427368], [77.1454162598, -40.8384590149, 341.37322998, 51.701789856, 46.6168136597, -6.36433696747, -39.0971031189, 6.22193002701, 10.8565273285, 30.6686401367, -29.078584671, 46.0074005127, -29.388420105], [-33.0343360901, 55.420085907, 51.701789856, 211.893341064, 43.1323394775, 9.9761762619, 18.0918674469, 23.7334442139, 80.3925094604, -33.1776885986, 14.6789722443, -26.8729114532, 18.8167991638], [-113.992103577, 147.771850586, 46.6168136597, 43.1323394775, 189.991226196, 55.0651435852, 68.647605896, -3.2669801712, 13.9800395966, 25.7837562561, 28.1976585388, 4.65125131607, 25.3180713654], [96.6261749268, -18.5546207428, -6.36433696747, 9.9761762619, 55.0651435852, 224.030014038, 104.779037476, 17.6850090027, -6.3921546936, 11.4304018021, 29.0263977051, -31.1092720032, 18.8734264374], [-59.7236671448, 127.677490234, -39.0971031189, 18.0918674469, 68.647605896, 104.779037476, 201.016937256, 38.7424545288, 23.1852264404, 6.15776777267, 17.2605419159, -34.565738678, 8.79531097412], [-15.8304843903, -27.5035133362, 6.22193002701, 23.7334442139, -3.2669801712, 17.6850090027, 38.7424545288, 104.418777466, 60.2836608887, -0.0191999077797, 6.47346448898, -2.02649068832, 7.6468167305], [-96.0776138306, 43.4572906494, 10.8565273285, 80.3925094604, 13.9800395966, -6.3921546936, 23.1852264404, 60.2836608887, 123.709762573, 3.11945104599, 26.4069633484, -9.73950576782, 20.6763324738], [21.8627529144, -31.9750118256, 30.6686401367, -33.1776885986, 25.7837562561, 11.4304018021, 6.15776777267, -0.0191999077797, 3.11945104599, 87.0301055908, 17.8446846008, 22.1960887909, 1.81852722168], [-104.985733032, 86.3413772583, -29.078584671, 14.6789722443, 28.1976585388, 29.0263977051, 17.2605419159, 6.47346448898, 26.4069633484, 17.8446846008, 99.9795761108, 16.6754589081, 45.256565094], [16.4194011688, -75.902923584, 46.0074005127, -26.8729114532, 4.65125131607, -31.1092720032, -34.565738678, -2.02649068832, -9.73950576782, 22.1960887909, 16.6754589081, 98.4823303223, 13.7983160019], [-122.902587891, 75.5722427368, -29.388420105, 18.8167991638, 25.3180713654, 18.8734264374, 8.79531097412, 7.6468167305, 20.6763324738, 1.81852722168, 45.256565094, 13.7983160019, 78.5758056641]],
        "icov": [[0.00185437698383, -0.000143304554513, 0.000222999893595, -0.00102797662839, 0.00118813698646, -0.0019247244345, 0.00090604275465, -0.000487699871883, 0.0011771050049, -0.00117569288705, 0.001347007812, -0.00136795011349, 0.00257527013309], [-0.000143304554513, 0.00727370241657, -0.00195080391131, 0.00245110644028, -0.0045538758859, 0.00599575182423, -0.00538716744632, 0.00407086359337, -0.00137812702451, 0.00464967777953, -0.00634381640702, 0.0082198632881, -0.00583703583106], [0.000222999893595, -0.00195080391131, 0.00477845175192, -0.00239322334528, 0.000167241581948, -0.00246887980029, 0.00277418992482, -0.00169348402414, 0.000497965316754, -0.00289538362995, 0.0034215124324, -0.00468018883839, 0.00376594043337], [-0.00102797662839, 0.00245110644028, -0.00239322334528, 0.00969627220184, -0.00357524421997, 0.0027508197818, -0.00205066567287, 0.0030662715435, -0.00665169861168, 0.00619117636234, -0.00328504224308, 0.0052957390435, -0.00419087242335], [0.00118813698646, -0.0045538758859, 0.000167241581948, -0.00357524421997, 0.0111042130738, -0.0052421935834, 0.00112505175639, -0.00107929424848, 0.00185053329915, -0.00544203398749, 0.00410574162379, -0.00630308920518, 0.00319837266579], [-0.0019247244345, 0.00599575182423, -0.00246887980029, 0.0027508197818, -0.0052421935834, 0.0134916901588, -0.00817802827805, 0.00257244962268, 0.000259452441242, 0.00421492289752, -0.00819565262645, 0.0101895928383, -0.00848048180342], [0.00090604275465, -0.00538716744632, 0.00277418992482, -0.00205066567287, 0.00112505175639, -0.00817802827805, 0.0127476844937, -0.00579882320017, 0.00103484385181, -0.00405298173428, 0.00530004035681, -0.00524030718952, 0.00655541196465], [-0.000487699871883, 0.00407086359337, -0.00169348402414, 0.0030662715435, -0.00107929424848, 0.00257244962268, -0.00579882320017, 0.0177096482366, -0.00958627089858, 0.00388068822213, -0.00237308768556, 0.00320034171455, -0.00415274314582], [0.0011771050049, -0.00137812702451, 0.000497965316754, -0.00665169861168, 0.00185053329915, 0.000259452441242, 0.00103484385181, -0.00958627089858, 0.0181745681912, -0.00455776881427, -0.00103064789437, -0.000296778482152, 0.00107301631942], [-0.00117569288705, 0.00464967777953, -0.00289538362995, 0.00619117636234, -0.00544203398749, 0.00421492289752, -0.00405298173428, 0.00388068822213, -0.00455776881427, 0.0189269762486, -0.00740301935002, 0.00413117557764, -0.00375963537954], [0.001347007812, -0.00634381640702, 0.0034215124324, -0.00328504224308, 0.00410574162379, -0.00819565262645, 0.00530004035681, -0.00237308768556, -0.00103064789437, -0.00740301935002, 0.0221674162894, -0.0107848010957, 0.000126746381284], [-0.00136795011349, 0.0082198632881, -0.00468018883839, 0.0052957390435, -0.00630308920518, 0.0101895928383, -0.00524030718952, 0.00320034171455, -0.000296778482152, 0.00413117557764, -0.0107848010957, 0.0245438572019, -0.0113213006407], [0.00257527013309, -0.00583703583106, 0.00376594043337, -0.00419087242335, 0.00319837266579, -0.00848048180342, 0.00655541196465, -0.00415274314582, 0.00107301631942, -0.00375963537954, 0.000126746381284, -0.0113213006407, 0.0271771494299]]
    },
    "melbands": {
        "dmean": [0.00405256683007, 0.00327896373346, 0.00124367908575, 0.000842372770421, 0.000602411164436, 0.000402013072744, 0.000212102779187, 0.000251100922469, 0.000146167338244, 0.000114617781946, 9.63243219303e-05, 7.06204300513e-05, 0.000152277687448, 5.96196259721e-05, 5.97424732405e-05, 3.98395131924e-05, 4.76390741824e-05, 2.71543303825e-05, 2.58328764176e-05, 1.82830608537e-05, 1.78212649189e-05, 1.83915890375e-05, 1.18091911645e-05, 1.46633929035e-05, 9.73374517343e-06, 8.1580310507e-06, 4.45520254289e-06, 3.28332180288e-06, 2.89429294753e-06, 2.91869218927e-06, 3.68269093087e-06, 4.82982841277e-06, 6.26524115432e-06, 7.08593915988e-06, 5.86133864999e-06, 4.86041972181e-06, 3.47268883161e-06, 2.45471937887e-06, 2.12606187233e-06, 1.75844320438e-06],
        "dmean2": [0.00702988123521, 0.00618438608944, 0.00210975389928, 0.00140076433308, 0.000925252737943, 0.000630421272945, 0.00034447593498, 0.000407026498578, 0.000239653221797, 0.000183891999768, 0.0001540883095, 0.000112820998766, 0.000244037524681, 9.771654004e-05, 9.65594736044e-05, 6.6098960815e-05, 7.68408935983e-05, 4.33234636148e-05, 4.26581864303e-05, 2.920832776e-05, 2.8720291084e-05, 2.96923608403e-05, 1.92893185158e-05, 2.41157704295e-05, 1.57400590979e-05, 1.32619961732e-05, 7.07661547494e-06, 5.2856153161e-06, 4.5657661758e-06, 4.62969592263e-06, 5.52901838091e-06, 7.618321888e-06, 9.56900657911e-06, 1.05517110569e-05, 8.70736676006e-06, 7.13603731128e-06, 5.25513178218e-06, 3.58620445695e-06, 3.0968401461e-06, 2.64489540314e-06],
        "dvar": [2.58999425569e-05, 2.9145838198e-05, 3.92821493733e-06, 2.19617845687e-06, 7.48261129502e-07, 2.9229198617e-07, 9.53800309844e-08, 1.67125449479e-07, 8.74980301546e-08, 4.01724165044e-08, 3.87873342333e-08, 1.22943140113e-08, 6.61869421492e-08, 1.24662200562e-08, 1.24605250562e-08, 7.47727479933e-09, 8.68435279244e-09, 2.71954592179e-09, 1.15686060731e-09, 6.89839796397e-10, 1.20901177958e-09, 8.11692157932e-10, 4.40633862731e-10, 3.39733158272e-10, 1.60820606832e-10, 1.19113247044e-10, 3.28969698704e-11, 1.87404085306e-11, 1.12298417093e-11, 2.90740036213e-11, 1.07861830578e-10, 3.1854685556e-10, 3.24882731828e-10, 2.9028812687e-10, 1.86353696363e-10, 1.44843359529e-10, 8.94675167284e-11, 3.29411671551e-11, 2.92998784956e-11, 2.32933377448e-11],
        "dvar2": [7.78921748861e-05, 8.31931683933e-05, 8.17509589979e-06, 5.70023757973e-06, 1.72687327904e-06, 6.86673502059e-07, 2.44720212095e-07, 4.10200982515e-07, 2.24173348329e-07, 1.08284417877e-07, 1.03014698993e-07, 3.09574907931e-08, 1.69986108745e-07, 3.29422640277e-08, 3.25019762215e-08, 2.01155394564e-08, 2.1399072736e-08, 6.53131237982e-09, 2.92932944568e-09, 1.70700598101e-09, 2.94682545032e-09, 1.92544113986e-09, 1.16783438475e-09, 8.24261547905e-10, 3.927490555e-10, 3.04294728304e-10, 8.49366618705e-11, 4.70852246082e-11, 2.45981915392e-11, 7.65342719755e-11, 2.5274463078e-10, 7.3950207069e-10, 7.25436044569e-10, 5.40293643159e-10, 3.73338360227e-10, 2.74559402991e-10, 2.04268060799e-10, 5.83155052025e-11, 5.4187369869e-11, 4.82940146207e-11],
        "max": [0.0355522073805, 0.0293259974569, 0.0136863766238, 0.0125413062051, 0.0101354671642, 0.00790405273438, 0.00378482392989, 0.00510853342712, 0.00536764366552, 0.00327620608732, 0.0030086892657, 0.00168884464074, 0.00284652551636, 0.00214893231168, 0.00140159879811, 0.00132447725628, 0.00148689129855, 0.00106592790689, 0.000370153255062, 0.000325425062329, 0.000514080980793, 0.000522468064446, 0.00045613074326, 0.000240935914917, 0.000184325035661, 0.000152387656271, 8.14684608486e-05, 5.06680262333e-05, 4.75488923257e-05, 0.000102034275187, 0.000212006721995, 0.000368763314327, 0.000344938714989, 0.000307089590933, 0.000204905489227, 0.000176878937054, 0.000218119428609, 0.000116645205708, 0.000162535972777, 9.19582162169e-05],
        "mean": [0.0059220562689, 0.00369725655764, 0.00152388389688, 0.000969818211161, 0.00115852092858, 0.000875942409039, 0.000349968817318, 0.00038297555875, 0.000229863901041, 0.000188905833056, 0.000147633298184, 0.000129169828142, 0.000237765387283, 9.56878720899e-05, 9.75679868134e-05, 6.66611231281e-05, 8.2043785369e-05, 5.13249979122e-05, 4.9761380069e-05, 3.36717857863e-05, 3.01811905956e-05, 3.28447022184e-05, 2.26005086006e-05, 2.64303671429e-05, 1.97819390451e-05, 1.50851774379e-05, 9.02169540495e-06, 6.41495489617e-06, 5.69283201912e-06, 5.2157756727e-06, 6.01776582698e-06, 7.30326746634e-06, 1.03323509393e-05, 1.34825750138e-05, 1.11097970148e-05, 7.88865054346e-06, 5.39253551324e-06, 4.35623223893e-06, 3.78993627237e-06, 2.74701233138e-06],
        "median": [0.00370267266408, 0.00162244483363, 0.000801315298304, 0.000499297108036, 0.000499049434438, 0.000454019696917, 0.000233367405599, 0.000173701380845, 0.000124405109091, 0.000109943495772, 8.0609046563e-05, 7.60315451771e-05, 0.000116124865599, 3.90982168028e-05, 3.44996915373e-05, 2.86480099021e-05, 3.56147174898e-05, 2.2615193302e-05, 3.22939886246e-05, 2.19837220357e-05, 1.48443732542e-05, 1.97694007511e-05, 1.51179965542e-05, 1.82918847713e-05, 1.30043372337e-05, 1.12022771646e-05, 6.77937123328e-06, 4.88075556859e-06, 4.2651813601e-06, 3.52384722646e-06, 3.2363518585e-06, 3.39691382578e-06, 5.00342912346e-06, 6.75768387737e-06, 5.3672397371e-06, 3.45194575857e-06, 2.37807398662e-06, 2.05835272027e-06, 2.00364979719e-06, 1.27689793317e-06],
        "min": [2.66600295618e-06, 7.02554370946e-06, 1.65525525517e-05, 5.33568072569e-06, 7.98587097961e-06, 1.11657418529e-05, 8.68057395564e-06, 3.48584990206e-06, 3.6376254684e-06, 6.48353943689e-06, 1.29304044094e-06, 3.56008263225e-06, 2.8032497994e-06, 2.02404703487e-06, 9.70409814727e-07, 2.40955250774e-06, 1.12699763122e-06, 5.53545476123e-07, 1.45192791479e-06, 1.62914307111e-06, 1.10835981104e-06, 1.14964041131e-06, 6.57320981645e-07, 1.1052705986e-06, 8.70381541063e-07, 8.61074965997e-07, 3.58837468184e-07, 3.63364875966e-07, 1.5202451209e-07, 2.16480955828e-07, 8.90592701808e-08, 5.80682808504e-08, 6.44596056532e-08, 5.6261672654e-08, 4.82118629463e-08, 2.91610646741e-08, 8.53419912517e-09, 4.76183581455e-09, 1.90485530127e-10, 1.18214127723e-11],
