{
"highlevel": {
    "danceability": {
        "all": {
            "danceable": 0.98208630085,
            "not_danceable": 0.0179137066007
        },
        "probability": 0.98208630085,
        "value": "danceable"
    },
    "gender": {
        "all": {
            "female": 0.372089862823,
            "male": 0.627910137177
        },
        "probability": 0.627910137177,
        "value": "male"
    },
    "genre_dortmund": {
        "all": {
            "alternative": 0.0285665206611,
            "blues": 0.175507336855,
            "electronic": 0.0308644287288,
            "folkcountry": 0.225735530257,
            "funksoulrnb": 0.0264066662639,
            "jazz": 0.32585644722,
            "pop": 0.0915373936296,
            "raphiphop": 0.0212599243969,
            "rock": 0.0742657482624
        },
        "probability": 0.32585644722,
        "value": "jazz"
    },
    "genre_electronic": {
        "all": {
            "ambient": 0.12257668376,
            "dnb": 0.373916715384,
            "house": 0.455826848745,
            "techno": 0.0112626729533,
            "trance": 0.0364170633256
        },
        "probability": 0.455826848745,
        "value": "house"
    },
    "genre_rosamerica": {
        "all": {
            "cla": 0.00586577598006,
            "dan": 0.0804174765944,
            "hip": 0.0456410385668,
            "jaz": 0.00963075365871,
            "pop": 0.239791601896,
            "rhy": 0.57353913784,
            "roc": 0.0426480360329,
            "spe": 0.00246617407538
        },
        "probability": 0.57353913784,
        "value": "rhy"
    },
    "genre_tzanetakis": {
        "all": {
            "blu": 0.0620671063662,
            "cla": 0.034474901855,
            "cou": 0.103433981538,
            "dis": 0.0620971247554,
            "hip": 0.15527240932,
            "jaz": 0.310666948557,
            "met": 0.044346679002,
            "pop": 0.0620793737471,
            "reg": 0.0620816536248,
            "roc": 0.103479810059
        },
        "probability": 0.310666948557,
        "value": "jaz"
    },
    "ismir04_rhythm": {
        "all": {
            "ChaChaCha": 0.39028608799,
            "Jive": 0.106876865029,
            "Quickstep": 0.120936542749,
            "Rumba-American": 0.0117623349652,
            "Rumba-International": 0.0762961357832,
            "Rumba-Misc": 0.010205517523,
            "Samba": 0.198514252901,
            "Tango": 0.0199814494699,
            "VienneseWaltz": 0.0545370429754,
            "Waltz": 0.0106037613004
        },
        "probability": 0.39028608799,
        "value": "ChaChaCha"
    },
    "mood_acoustic": {
        "all": {
            "acoustic": 0.0588629618287,
            "not_acoustic": 0.94113701582
        },
        "probability": 0.94113701582,
        "value": "not_acoustic"
    },
    "mood_aggressive": {
        "all": {
            "aggressive": 0.0322535857558,
            "not_aggressive": 0.967746436596
        },
        "probability": 0.967746436596,
        "value": "not_aggressive"
    },
    "mood_electronic": {
        "all": {
            "electronic": 0.277171671391,
            "not_electronic": 0.722828328609
        },
        "probability": 0.722828328609,
        "value": "not_electronic"
    },
    "mood_happy": {
        "all": {
            "happy": 0.87114828825,
            "not_happy": 0.128851741552
        },
        "probability": 0.87114828825,
        "value": "happy"
    },
    "mood_party": {
        "all": {
            "not_party": 0.517772376537,
            "party": 0.482227623463
        },
        "probability": 0.517772376537,
        "value": "not_party"
    },
    "mood_relaxed": {
        "all": {
            "not_relaxed": 0.859445035458,
            "relaxed": 0.140554994345
        },
        "probability": 0.859445035458,
        "value": "not_relaxed"
    },
    "mood_sad": {
        "all": {
            "not_sad": 0.838554799557,
            "sad": 0.161445185542
        },
        "probability": 0.838554799557,
        "value": "not_sad"
    },
    "moods_mirex": {
        "all": {
            "Cluster1": 0.142289429903,
            "Cluster2": 0.36221665144,
            "Cluster3": 0.254735410213,
            "Cluster4": 0.213641345501,
            "Cluster5": 0.0271171666682
        },
        "probability": 0.36221665144,
        "value": "Cluster2"
    },
    "timbre": {
        "all": {
            "bright": 0.999999880791,
            "dark": 1.19309689239e-07
        },
        "probability": 0.999999880791,
        "value": "bright"
    },
    "tonal_atonal": {
        "all": {
            "atonal": 0.00136267160997,
            "tonal": 0.998637318611
        },
        "probability": 0.998637318611,
        "value": "tonal"
    },
    "voice_instrumental": {
        "all": {
            "instrumental": 0.032394528389,
            "voice": 0.967605471611
        },
        "probability": 0.967605471611,
        "value": "voice"
    }
},
"lowlevel": {
    "average_loudness": 0.955773293972,
    "barkbands_crest": {
        "dmean": 2.49881196022,
        "dmean2": 3.77823710442,
        "dvar": 6.04019880295,
        "dvar2": 14.0749778748,
        "max": 25.6429576874,
        "mean": 11.1352233887,
        "median": 10.4259786606,
        "min": 2.6099448204,
        "var": 22.7503299713
    },
    "barkbands_flatness_db": {
        "dmean": 0.0237414035946,
        "dmean2": 0.0362228266895,
        "dvar": 0.00061845802702,
        "dvar2": 0.00125131302048,
        "max": 0.318285644054,
        "mean": 0.152806311846,
        "median": 0.143786504865,
        "min": 0.0576864331961,
        "var": 0.0026678473223
    },
    "barkbands_kurtosis": {
        "dmean": 3.22691559792,
        "dmean2": 4.94364786148,
        "dvar": 30.7359828949,
        "dvar2": 63.7273178101,
        "max": 65.0674057007,
        "mean": 4.88520765305,
        "median": 1.25922060013,
        "min": -1.92913687229,
        "var": 81.1355285645
    },
    "barkbands_skewness": {
        "dmean": 0.61986976862,
        "dmean2": 0.915148377419,
        "dvar": 0.505941689014,
        "dvar2": 1.03743195534,
        "max": 7.2953710556,
        "mean": 1.69115948677,
        "median": 1.48321020603,
        "min": -1.81431233883,
        "var": 1.98857140541
    },
    "barkbands_spread": {
        "dmean": 9.30868148804,
        "dmean2": 14.9912509918,
        "dvar": 118.22946167,
        "dvar2": 284.372528076,
        "max": 109.388870239,
        "mean": 29.6297855377,
        "median": 27.7535629272,
        "min": 2.28252053261,
        "var": 283.236907959
    },
    "dissonance": {
        "dmean": 0.0157515704632,
        "dmean2": 0.0260298512876,
        "dvar": 0.000198318244657,
        "dvar2": 0.000492191524245,
        "max": 0.499768167734,
        "mean": 0.464656591415,
        "median": 0.468722969294,
        "min": 0.377363204956,
        "var": 0.000472020881716
    },
    "dynamic_complexity": 2.39362001419,
    "erbbands_crest": {
        "dmean": 2.49741601944,
        "dmean2": 4.09776067734,
        "dvar": 4.9762544632,
        "dvar2": 12.5514888763,
        "max": 22.062456131,
        "mean": 8.42222499847,
        "median": 7.7383723259,
        "min": 2.76059865952,
        "var": 12.6558418274
    },
    "erbbands_flatness_db": {
        "dmean": 0.0191650502384,
        "dmean2": 0.028279831633,
        "dvar": 0.000334286742145,
        "dvar2": 0.000712557579391,
        "max": 0.261138886213,
        "mean": 0.151282340288,
        "median": 0.149829477072,
        "min": 0.0638352334499,
        "var": 0.00111487298273
    },
    "erbbands_kurtosis": {
        "dmean": 0.694626450539,
        "dmean2": 1.1014868021,
        "dvar": 0.910438656807,
        "dvar2": 2.0625872612,
        "max": 13.2923679352,
        "mean": -0.341807693243,
        "median": -0.675885915756,
        "min": -1.78346693516,
        "var": 1.5890417099
    },
    "erbbands_skewness": {
        "dmean": 0.40135666728,
        "dmean2": 0.609171032906,
        "dvar": 0.151796981692,
        "dvar2": 0.332995265722,
        "max": 2.59792327881,
        "mean": 0.112614557147,
        "median": 0.0636608973145,
        "min": -3.34265685081,
        "var": 0.552889823914
    },
    "erbbands_spread": {
        "dmean": 12.6925897598,
        "dmean2": 19.5717544556,
        "dvar": 201.764984131,
        "dvar2": 470.907775879,
        "max": 125.741874695,
        "mean": 53.1328353882,
        "median": 49.7250366211,
        "min": 9.026512146,
        "var": 417.231933594
    },
    "hfc": {
        "dmean": 11.3759841919,
        "dmean2": 18.6284503937,
        "dvar": 262.350341797,
        "dvar2": 684.516723633,
        "max": 141.695114136,
        "mean": 23.9864368439,
        "median": 16.7231807709,
        "min": 0.895422041416,
        "var": 488.752258301
    },
    "melbands_crest": {
        "dmean": 3.32436084747,
        "dmean2": 5.12081384659,
        "dvar": 10.2541923523,
        "dvar2": 23.6835479736,
        "max": 34.5895271301,
        "mean": 16.2270812988,
        "median": 16.0847511292,
        "min": 4.49390935898,
        "var": 31.273727417
    },
    "melbands_flatness_db": {
        "dmean": 0.0301366783679,
        "dmean2": 0.0443803668022,
        "dvar": 0.0011527024908,
        "dvar2": 0.00224955682643,
        "max": 0.396563410759,
        "mean": 0.184337466955,
        "median": 0.175989940763,
        "min": 0.0268581788987,
        "var": 0.00542658986524
    },
    "melbands_kurtosis": {
        "dmean": 9.53645706177,
        "dmean2": 14.1344566345,
        "dvar": 244.939163208,
        "dvar2": 513.748779297,
        "max": 189.274719238,
        "mean": 20.260679245,
        "median": 11.4949855804,
        "min": -1.82051324844,
        "var": 636.091247559
    },
    "melbands_skewness": {
        "dmean": 0.877559006214,
        "dmean2": 1.26077401638,
        "dvar": 1.04907929897,
        "dvar2": 2.15895342827,
        "max": 11.6416072845,
        "mean": 3.31180620193,
        "median": 2.9765753746,
        "min": -0.680846631527,
        "var": 3.7410235405
    },
    "melbands_spread": {
        "dmean": 10.9440011978,
        "dmean2": 17.2582645416,
        "dvar": 276.531188965,
        "dvar2": 623.72644043,
        "max": 181.211013794,
        "mean": 29.5136890411,
        "median": 23.1050014496,
        "min": 1.69278681278,
        "var": 606.491333008
    },
    "pitch_salience": {
        "dmean": 0.0707230195403,
        "dmean2": 0.109197743237,
        "dvar": 0.00460232095793,
        "dvar2": 0.0108920298517,
        "max": 0.835781872272,
        "mean": 0.481284439564,
        "median": 0.481709212065,
        "min": 0.114843845367,
        "var": 0.0131095638499
    },
    "silence_rate_20dB": {
        "dmean": 0,
        "dmean2": 0,
        "dvar": 0,
        "dvar2": 0,
        "max": 1,
        "mean": 1,
        "median": 1,
        "min": 1,
        "var": 0
    },
    "silence_rate_30dB": {
        "dmean": 0.00464396271855,
        "dmean2": 0.00929511990398,
        "dvar": 0.00462236115709,
        "dvar2": 0.0123071614653,
        "max": 1,
        "mean": 0.996906399727,
        "median": 1,
        "min": 0,
        "var": 0.00308399717323
    },
    "silence_rate_60dB": {
        "dmean": 0.0340557284653,
        "dmean2": 0.0681642144918,
        "dvar": 0.0328958183527,
        "dvar2": 0.0743620619178,
        "max": 1,
        "mean": 0.0386697612703,
        "median": 0,
        "min": 0,
        "var": 0.0371744297445
    },
    "spectral_centroid": {
        "dmean": 361.304046631,
        "dmean2": 552.716186523,
        "dvar": 153165,
        "dvar2": 328568.4375,
        "max": 4681.46191406,
        "mean": 1694.47973633,
        "median": 1671.15673828,
        "min": 317.459625244,
        "var": 613792.75
    },
    "spectral_complexity": {
        "dmean": 3.87693500519,
        "dmean2": 5.94267988205,
        "dvar": 18.2349472046,
        "dvar2": 40.704624176,
        "max": 47,
        "mean": 16.2126846313,
        "median": 15,
        "min": 1,
        "var": 64.416519165
    },
    "spectral_decrease": {
        "dmean": 2.62329225009e-09,
        "dmean2": 3.83694098716e-09,
        "dvar": 1.31280916848e-17,
        "dvar2": 2.82079276054e-17,
        "max": -1.26904028952e-10,
        "mean": -6.88701806695e-09,
        "median": -5.83240389318e-09,
        "min": -3.5192055492e-08,
        "var": 2.89821785849e-17
    },
    "spectral_energy": {
        "dmean": 0.0106541300192,
        "dmean2": 0.0156458802521,
        "dvar": 0.000209111749427,
        "dvar2": 0.000455578003312,
        "max": 0.140154972672,
        "mean": 0.0281688515097,
        "median": 0.0243847183883,
        "min": 0.000638971221633,
        "var": 0.000460240407847
    },
    "spectral_energyband_high": {
        "dmean": 0.00115016940981,
        "dmean2": 0.00200452306308,
        "dvar": 3.45468447449e-06,
        "dvar2": 8.98267535376e-06,
        "max": 0.0184104628861,
        "mean": 0.00170145509765,
        "median": 0.000751759740524,
        "min": 2.96208108921e-05,
        "var": 4.95069025419e-06
    },
    "spectral_energyband_low": {
        "dmean": 0.00453330529854,
        "dmean2": 0.0070048943162,
        "dvar": 6.11132345512e-05,
        "dvar2": 0.000136815418955,
        "max": 0.0526590235531,
        "mean": 0.0117009943351,
        "median": 0.00888682156801,
        "min": 1.76002031367e-05,
        "var": 0.000141144817462
    },
    "spectral_energyband_middle_high": {
        "dmean": 0.00141626875848,
        "dmean2": 0.00191415729932,
        "dvar": 4.04064076065e-06,
        "dvar2": 7.62505260354e-06,
        "max": 0.0301878601313,
        "mean": 0.00376936164685,
        "median": 0.00231773755513,
        "min": 7.51239276724e-05,
        "var": 1.78866048373e-05
    },
    "spectral_energyband_middle_low": {
        "dmean": 0.00630736351013,
        "dmean2": 0.0093156863004,
        "dvar": 0.000100623969047,
        "dvar2": 0.000225057447096,
        "max": 0.115387737751,
        "mean": 0.011215264909,
        "median": 0.00675358111039,
        "min": 4.7343201004e-05,
        "var": 0.000172094863956
    },
    "spectral_entropy": {
        "dmean": 0.223405376077,
        "dmean2": 0.343453675508,
        "dvar": 0.055773627013,
        "dvar2": 0.127990230918,
        "max": 8.6796503067,
        "mean": 7.61810684204,
        "median": 7.62196445465,
        "min": 6.31854534149,
        "var": 0.125808030367
    },
    "spectral_flux": {
        "dmean": 0.0351221188903,
        "dmean2": 0.0529874041677,
        "dvar": 0.00156635267194,
        "dvar2": 0.00361573393457,
        "max": 0.329501152039,
        "mean": 0.0811661332846,
        "median": 0.0701549574733,
        "min": 0.0120008038357,
        "var": 0.00240654847585
    },
    "spectral_kurtosis": {
        "dmean": 1.11986684799,
        "dmean2": 1.86685264111,
        "dvar": 1.05003964901,
        "dvar2": 3.09886074066,
        "max": 8.14393138885,
        "mean": 2.02517843246,
        "median": 1.85155630112,
        "min": -0.816902399063,
        "var": 1.72274315357
    },
    "spectral_rms": {
        "dmean": 0.000980055541731,
        "dmean2": 0.00139158871025,
        "dvar": 1.42281692206e-06,
        "dvar2": 2.90540583592e-06,
        "max": 0.011693441309,
        "mean": 0.00485710473731,
        "median": 0.00487749604508,
        "min": 0.000789548328612,
        "var": 3.89035403714e-06
    },
    "spectral_rolloff": {
        "dmean": 863.31237793,
        "dmean2": 1458.17126465,
        "dvar": 1803420.875,
        "dvar2": 4380531.5,
        "max": 9754.54101562,
        "mean": 1933.64208984,
        "median": 1356.59179688,
        "min": 64.599609375,
        "var": 3325228.5
    },
    "spectral_skewness": {
        "dmean": 0.204464867711,
        "dmean2": 0.329033046961,
        "dvar": 0.0335145965219,
        "dvar2": 0.0874934569001,
        "max": 2.03173851967,
        "mean": 1.07713961601,
        "median": 1.0786203146,
        "min": -0.187557607889,
        "var": 0.0835794061422
    },
    "spectral_spread": {
        "dmean": 786521.6875,
        "dmean2": 1234852.25,
        "dvar": 856762220544,
        "dvar2": 1.9814177833e+12,
        "max": 9814286,
        "mean": 5074091.5,
        "median": 4867603,
        "min": 2830199.25,
        "var": 1.46628948787e+12
    },
    "spectral_strongpeak": {
        "dmean": 0.460771590471,
        "dmean2": 0.761528491974,
        "dvar": 0.68463075161,
        "dvar2": 1.76394021511,
        "max": 8.41158866882,
        "mean": 0.802868723869,
        "median": 0.467741459608,
        "min": 0,
        "var": 0.919172763824
    },
    "zerocrossingrate": {
        "dmean": 0.0139757283032,
        "dmean2": 0.0163326486945,
        "dvar": 0.000205458636628,
        "dvar2": 0.000258334941464,
        "max": 0.24365234375,
        "mean": 0.0697400048375,
        "median": 0.0654296875,
        "min": 0.0048828125,
        "var": 0.00136525998823
    },
    "barkbands": {
        "dmean": [0.000450562365586, 0.00358547433279, 0.000844749389216, 0.00040172575973, 0.00381980324164, 0.00143635529093, 0.000510683632456, 0.000666935986374, 0.000816756743006, 0.000270772958174, 0.000188497666386, 9.8977550806e-05, 0.000189569647773, 0.000228777324082, 0.000245466508204, 0.000262410700088, 0.000323366868543, 0.000226822594414, 0.000222523289267, 0.000164900891832, 0.000196840701392, 0.000366334978025, 0.000214928048081, 0.000294065277558, 0.000126277678646, 3.20232211379e-05, 3.36886962771e-08],
        "dmean2": [0.000724803772755, 0.00567458104342, 0.00127061817329, 0.00068941549398, 0.00565772596747, 0.0023063828703, 0.000855685095303, 0.000988845829852, 0.00127231201623, 0.000402654812206, 0.000279088126263, 0.000151042622747, 0.000304538960336, 0.000315509823849, 0.000367941567674, 0.000408854626585, 0.00050116708735, 0.000352326926077, 0.000347436813172, 0.000273120502243, 0.000329329981469, 0.000629881338682, 0.000375097326469, 0.000526694057044, 0.000228577206144, 5.99470477027e-05, 6.18266540187e-08],
        "dvar": [1.05632682335e-06, 4.37985218014e-05, 2.66443794317e-06, 1.14259910333e-06, 6.31594157312e-05, 7.73903502704e-06, 9.71039412434e-07, 2.22734888666e-06, 4.42946065959e-06, 4.487138483e-07, 3.45910279975e-07, 7.64547820609e-08, 3.69404432377e-07, 6.15970407125e-07, 4.06939221875e-07, 1.92337964222e-07, 3.09023704403e-07, 1.3986876013e-07, 1.2594081511e-07, 4.82899835674e-08, 9.1728729501e-08, 3.77481057967e-07, 1.21284273291e-07, 3.56935856871e-07, 7.91968020053e-08, 1.15277005719e-08, 4.85124161437e-14],
        "dvar2": [2.61124773715e-06, 9.84887446975e-05, 5.71205600863e-06, 3.10683981297e-06, 0.000139591036714, 1.73250300577e-05, 2.71625503956e-06, 5.24787947143e-06, 1.13497135317e-05, 9.71582153397e-07, 7.93289984813e-07, 1.7743101921e-07, 9.56476242209e-07, 1.00089471289e-06, 8.11503866771e-07, 4.34253962567e-07, 6.83154894432e-07, 3.1435956771e-07, 3.09337565341e-07, 1.16644940817e-07, 2.12912311781e-07, 9.79344804364e-07, 3.01923051893e-07, 9.65094955063e-07, 2.10767680642e-07, 3.30767413459e-08, 1.19480881894e-13],
        "max": [0.0105894384906, 0.0470007956028, 0.0290933381766, 0.0147703848779, 0.0993933677673, 0.0318355932832, 0.00933123379946, 0.0224827975035, 0.0266414619982, 0.0107724349946, 0.010691027157, 0.00853824522346, 0.00872285664082, 0.0238620564342, 0.0136798070744, 0.00564931239933, 0.00781500618905, 0.00557523407042, 0.00584483193234, 0.00272955861874, 0.00614227727056, 0.00817991700023, 0.00508147059008, 0.00604093587026, 0.00358444591984, 0.00212249602191, 3.47266563949e-06],
        "mean": [0.000416542694438, 0.00897997617722, 0.00219544349238, 0.000543015543371, 0.00580449169502, 0.00175194453914, 0.000711626315024, 0.000957959215157, 0.00125306670088, 0.000453901360743, 0.000292878830805, 0.000137350652949, 0.000267525960226, 0.000351369992131, 0.000377103860956, 0.000434281420894, 0.000554548401851, 0.000413170957472, 0.000399252254283, 0.000305785506498, 0.000310098577756, 0.000502301554661, 0.000293743942166, 0.000300391460769, 0.000134946851176, 2.61322857114e-05, 2.38484556547e-08],
        "median": [6.04993510933e-05, 0.00471160607412, 0.000798822846264, 0.000152047461597, 0.00155989115592, 0.000614685704932, 0.000367679778719, 0.000268471863819, 0.000341359147569, 0.000140786331031, 7.86406380939e-05, 4.90759193781e-05, 7.23929697415e-05, 5.56102531846e-05, 0.000130798027385, 0.000204110270715, 0.000236588937696, 0.000184564240044, 0.000174450484337, 0.000154052468133, 0.000135750276968, 0.000249140488449, 0.000130802800413, 7.29545645299e-05, 2.49431250268e-05, 1.52306836299e-06, 4.01599031807e-10],
        "min": [3.17287778273e-08, 2.24119685299e-06, 2.61593470441e-07, 3.97692261345e-08, 3.03682077174e-06, 5.46775800103e-06, 5.61905437735e-07, 9.78553885034e-07, 1.50124844822e-06, 1.04159391867e-06, 5.09860853981e-07, 3.28582501652e-07, 7.66890934756e-07, 5.98057965817e-07, 2.1683642899e-06, 2.61061518358e-06, 3.993244718e-06, 2.41084353547e-06, 6.60378054818e-06, 3.11497660732e-06, 3.45352532349e-06, 5.0916296459e-06, 2.34099184127e-06, 6.57166424389e-07, 1.37246360055e-07, 7.43117633401e-12, 7.94935905296e-12],
        "var": [9.34560432597e-07, 0.000112228910439, 9.35761181609e-06, 1.6278044086e-06, 0.000107419211417, 9.87115799944e-06, 1.05953654383e-06, 3.12311067319e-06, 7.06891114532e-06, 8.92201455827e-07, 5.10958216182e-07, 1.39130179377e-07, 4.47534517889e-07, 1.93666460291e-06, 8.48965441946e-07, 4.58810291093e-07, 6.83405858126e-07, 4.49159244909e-07, 3.34109330424e-07, 1.52360684069e-07, 2.38302973798e-07, 4.89090723477e-07, 1.8504974264e-07, 3.13294179932e-07, 8.30599233836e-08, 6.9736678654e-09, 3.75344896765e-14]
    },
    "erbbands": {
        "dmean": [0.124494336545, 0.776279330254, 1.12763643265, 1.02589702606, 5.21806764603, 11.9754180908, 20.2259254456, 11.8007555008, 4.92967510223, 14.9713850021, 10.4837007523, 21.9829692841, 9.35681533813, 7.06708335876, 7.11089801788, 3.98571324348, 8.23338222504, 8.62477970123, 15.9081611633, 10.0440826416, 13.1411132812, 16.2757740021, 14.7585668564, 10.7109518051, 9.60949325562, 7.90971279144, 6.58452701569, 8.72392654419, 12.0343885422, 10.9177150726, 6.19981193542, 6.27183532715, 4.57620429993, 1.94053816795, 0.693491339684, 0.203163072467, 0.0561855360866, 0.00337256281637, 8.42038352857e-05, 1.8652948711e-05],
        "dmean2": [0.213154688478, 1.15685498714, 1.64671206474, 1.64380788803, 7.48229646683, 18.6925201416, 31.018196106, 19.029209137, 7.9609913826, 23.6763401031, 16.1128501892, 33.8784294128, 14.1146802902, 10.2977924347, 10.2154436111, 6.11685657501, 13.1073656082, 11.9158763885, 22.7509536743, 16.0410308838, 20.251411438, 25.1494293213, 22.7487239838, 17.4987945557, 14.7505245209, 13.1599578857, 10.7515859604, 14.8906021118, 20.4411315918, 18.9133605957, 10.9165744781, 11.2310733795, 8.2690076828, 3.4706158638, 1.25849664211, 0.375399321318, 0.105336010456, 0.00627563335001, 0.000153847970068, 2.95877653116e-05],
        "dvar": [0.0691069439054, 1.85301959515, 4.05005168915, 4.22393083572, 497.430541992, 553.152099609, 1604.25891113, 498.541900635, 65.7836532593, 1239.71008301, 922.875610352, 3197.52172852, 552.563293457, 369.884216309, 351.355804443, 131.219223022, 665.253417969, 690.639526367, 1864.61608887, 356.493835449, 462.032501221, 886.78326416, 540.717773438, 443.324249268, 223.018112183, 106.654556274, 114.307685852, 186.694122314, 408.986602783, 350.210906982, 97.8022537231, 171.612411499, 90.9939575195, 17.7553710938, 2.82938575745, 0.413875252008, 0.0299928113818, 0.000149135637912, 6.89987018632e-08, 8.50438164335e-10],
        "dvar2": [0.180021286011, 3.87909507751, 7.95943450928, 9.71486759186, 1016.39447021, 1344.82580566, 3519.08203125, 1118.79418945, 180.4815979, 3295.69482422, 2371.94433594, 7904.35400391, 1254.05957031, 829.636535645, 688.86517334, 307.135498047, 1668.9197998, 1135.14367676, 3211.37158203, 861.819702148, 1008.99121094, 2106.36767578, 1190.8125, 1233.29638672, 462.195281982, 267.777191162, 220.530670166, 469.53729248, 1048.6385498, 891.373840332, 249.50994873, 468.524627686, 246.16973877, 46.3108558655, 7.66694450378, 1.17926037312, 0.0860517248511, 0.000424689613283, 1.9285866415e-07, 2.15024376082e-09],
        "max": [2.13981747627, 11.0475540161, 27.0395507812, 31.8012962341, 352.268035889, 208.417160034, 379.625915527, 265.445587158, 117.225601196, 352.279388428, 556.021179199, 794.450866699, 414.983764648, 396.647735596, 454.933105469, 336.382171631, 415.895782471, 808.246582031, 917.93927002, 252.353302002, 321.269470215, 501.9972229, 322.745758057, 409.341461182, 215.286407471, 121.733322144, 298.649749756, 176.678771973, 299.710510254, 241.09526062, 103.766204834, 152.105621338, 102.49772644, 71.2674713135, 27.4368228912, 12.9945545197, 2.8815677166, 0.238765865564, 0.00519586214796, 0.000430678279372],
        "mean": [0.232696250081, 2.07264184952, 3.26601028442, 1.86045253277, 8.23327159882, 16.5188045502, 29.2174987793, 14.1313486099, 8.26474094391, 21.0365276337, 15.2840509415, 34.7118225098, 15.9445524216, 12.400551796, 12.1988706589, 6.33364868164, 12.5848340988, 14.5919618607, 26.6270542145, 17.5100917816, 24.2313537598, 28.809715271, 27.5664901733, 20.3122634888, 17.7923755646, 14.603553772, 11.0897579193, 13.4485311508, 16.6356334686, 14.6589508057, 8.31738853455, 6.52399396896, 4.64997005463, 2.12134742737, 0.671464681625, 0.177733376622, 0.0437236502767, 0.00263783708215, 8.44487658469e-05, 4.09491585742e-05],
        "median": [0.0408575646579, 1.29478681087, 1.90341413021, 1.02653574944, 1.14755988121, 5.52190494537, 6.76265239716, 4.98256158829, 4.99782991409, 7.91334629059, 6.79343795776, 9.47617912292, 6.13493824005, 3.81500244141, 3.79598593712, 2.75546145439, 3.25652265549, 3.61942052841, 7.48483181, 8.49410820007, 11.9228839874, 12.9040489197, 13.0801992416, 8.28387069702, 9.21148872375, 7.8472700119, 5.02178907394, 6.17891073227, 8.52526283264, 6.35229444504, 3.47511816025, 2.08866691589, 0.936374187469, 0.453847169876, 0.0956549942493, 0.0138885946944, 0.00213340693153, 0.000113696158223, 2.39926284848e-05, 3.40733022313e-05],
        "min": [0.000100276709418, 0.000645751017146, 0.00152136781253, 0.000775192573201, 0.000813643448055, 0.00931788608432, 0.0115455687046, 0.0345640107989, 0.0125273540616, 0.0254677608609, 0.0692544654012, 0.0647338032722, 0.0850262790918, 0.0358195081353, 0.0972213745117, 0.0320362374187, 0.0440129525959, 0.0824803188443, 0.127890378237, 0.234835878015, 0.201919525862, 0.366450995207, 0.414480984211, 0.281967639923, 0.307576298714, 0.196954756975, 0.160886093974, 0.195507824421, 0.184136986732, 0.150597631931, 0.0529179051518, 0.0313779078424, 0.00416428642347, 0.000678189506289, 0.000342531420756, 1.94607891899e-05, 4.56882753497e-06, 7.0665930707e-07, 7.46213174807e-07, 9.92726427285e-07],
        "var": [0.12993915379, 5.50676584244, 15.1200466156, 8.47012138367, 1017.53192139, 734.416992188, 2653.30517578, 665.250305176, 112.72895813, 1328.08203125, 1113.49121094, 5283.21679688, 1113.86828613, 659.895324707, 657.05291748, 203.559387207, 921.859313965, 2284.31542969, 5475.25390625, 661.000183105, 1182.94934082, 1830.11914062, 1725.08544922, 1054.02539062, 621.006958008, 317.734283447, 339.687713623, 381.531646729, 541.91784668, 468.622253418, 139.410430908, 145.495803833, 80.3331756592, 19.9792366028, 2.41948699951, 0.266885250807, 0.0183213856071, 9.20526217669e-05, 4.7006974313e-08, 1.23789112294e-09]
    },
    "gfcc": {
        "mean": [1.29136919975, 81.5555267334, -123.888946533, 62.9553833008, -73.7124938965, 18.4711761475, -41.9185829163, 14.2084703445, -9.09056186676, -1.7748991251, -10.2756061554, -0.271239817142, -0.69961977005],
        "cov": [[3418.98144531, -1082.984375, 446.039276123, -198.959747314, 12.6442098618, 260.415100098, -183.043075562, 119.737365723, -377.604797363, 264.121826172, -263.679504395, 269.933624268, -146.253097534], [-1082.984375, 1227.9362793, 22.2728214264, 175.535568237, 140.404098511, -123.847450256, 132.533859253, -150.817123413, 241.853668213, -218.629333496, 165.750717163, -198.143829346, 120.285202026], [446.039276123, 22.2728214264, 899.758789062, 318.849182129, 127.146286011, 156.957931519, -33.8207893372, -13.0600299835, -64.8322525024, 49.4732971191, -30.0345306396, 47.3702468872, 25.5744476318], [-198.959747314, 175.535568237, 318.849182129, 366.028167725, 129.464233398, 34.8084373474, 19.5409374237, -31.5534152985, 60.6677627563, -38.9710159302, 46.5760650635, -37.1028556824, 71.4934921265], [12.6442098618, 140.404098511, 127.146286011, 129.464233398, 249.879180908, 66.8750305176, 61.8363418579, 16.7047786713, 19.4454498291, -2.78915786743, -4.87538385391, 4.21844482422, 21.1171398163], [260.415100098, -123.847450256, 156.957931519, 34.8084373474, 66.8750305176, 224.68170166, 113.700378418, 56.2434768677, -18.9326572418, 66.6157302856, -8.85375404358, 21.5688228607, -23.3828964233], [-183.043075562, 132.533859253, -33.8207893372, 19.5409374237, 61.8363418579, 113.700378418, 262.302520752, 68.9860305786, 59.7097396851, 20.9712467194, 38.6492881775, -37.3223876953, -28.0051517487], [119.737365723, -150.817123413, -13.0600299835, -31.5534152985, 16.7047786713, 56.2434768677, 68.9860305786, 157.468963623, 50.4344673157, 85.8072662354, -9.51615905762, 22.7025966644, -35.8946800232], [-377.604797363, 241.853668213, -64.8322525024, 60.6677627563, 19.4454498291, -18.9326572418, 59.7097396851, 50.4344673157, 216.787948608, 11.3397397995, 52.1854667664, -71.7918243408, 13.1150360107], [264.121826172, -218.629333496, 49.4732971191, -38.9710159302, -2.78915786743, 66.6157302856, 20.9712467194, 85.8072662354, 11.3397397995, 151.242401123, -5.37188720703, 49.9955329895, -40.1207199097], [-263.679504395, 165.750717163, -30.0345306396, 46.5760650635, -4.87538385391, -8.85375404358, 38.6492881775, -9.51615905762, 52.1854667664, -5.37188720703, 121.880851746, -1.99382889271, 41.2095603943], [269.933624268, -198.143829346, 47.3702468872, -37.1028556824, 4.21844482422, 21.5688228607, -37.3223876953, 22.7025966644, -71.7918243408, 49.9955329895, -1.99382889271, 134.702529907, 23.8474731445], [-146.253097534, 120.285202026, 25.5744476318, 71.4934921265, 21.1171398163, -23.3828964233, -28.0051517487, -35.8946800232, 13.1150360107, -40.1207199097, 41.2095603943, 23.8474731445, 133.041488647]],
        "icov": [[0.000569057650864, 5.97979342274e-05, -0.000157536080224, 0.000186984660104, -9.15153650567e-05, -0.000433806533692, 0.000392341928091, -0.000143620432937, 0.000480396091007, -0.000443801516667, 0.000575029465836, -0.000343863241142, 0.000185755096027], [5.97979342274e-05, 0.00431957375258, -0.00204089633189, 0.00312529527582, -0.00292751961388, 0.00252852379344, -0.00247165071778, 0.00324904825538, -0.00392659008503, 0.00362196867354, -0.00385895278305, 0.00308079202659, -0.00173899903893], [-0.000157536080224, -0.00204089633189, 0.0033215759322, -0.00388258765452, 0.00153377500828, -0.00241452385671, 0.0017812482547, -0.00118025240954, 0.00235575507395, -0.00240372214466, 0.00243456382304, -0.00191098253708, 0.00113997166045], [0.000186984660104, 0.00312529527582, -0.00388258765452, 0.00900638103485, -0.00430006394163, 0.00198709848337, -0.00159989611711, 0.002524464624, -0.00397623656318, 0.00356126856059, -0.004563447088, 0.00407222798094, -0.0031879467424], [-9.15153650567e-05, -0.00292751961388, 0.00153377500828, -0.00430006394163, 0.00769732100889, -0.00256233755499, 0.000483476731461, -0.00233578984626, 0.00214246660471, -0.0017787279794, 0.00422630086541, -0.00344866816886, 0.00092307140585], [-0.000433806533692, 0.00252852379344, -0.00241452385671, 0.00198709848337, -0.00256233755499, 0.0104395812377, -0.00565144652501, 0.00167240039445, -0.00119075807743, -0.000243040398345, -0.00208369619213, 0.00225003389642, -0.00157732772641], [0.000392341928091, -0.00247165071778, 0.0017812482547, -0.00159989611711, 0.000483476731461, -0.00565144652501, 0.00899979658425, -0.00449539441615, 0.00234903837554, -0.000954751856625, -0.000184712407645, -0.000162549709785, 0.00236174697056], [-0.000143620432937, 0.00324904825538, -0.00118025240954, 0.002524464624, -0.00233578984626, 0.00167240039445, -0.00449539441615, 0.0148517843336, -0.00677313935012, -0.00193422893062, -0.000520205823705, -0.000640812795609, -0.000139300376759], [0.000480396091007, -0.00392659008503, 0.00235575507395, -0.00397623656318, 0.00214246660471, -0.00119075807743, 0.00234903837554, -0.00677313935012, 0.0130911506712, -0.00601865770295, 0.00141328806058, 0.00250555202365, -0.000112585163151], [-0.000443801516667, 0.00362196867354, -0.00240372214466, 0.00356126856059, -0.0017787279794, -0.000243040398345, -0.000954751856625, -0.00193422893062, -0.00601865770295, 0.0169768761843, -0.00512557290494, -0.00172370288055, 0.00191210978664], [0.000575029465836, -0.00385895278305, 0.00243456382304, -0.004563447088, 0.00422630086541, -0.00208369619213, -0.000184712407645, -0.000520205823705, 0.00141328806058, -0.00512557290494, 0.0164498053491, -0.00564942043275, -0.000878587947227], [-0.000343863241142, 0.00308079202659, -0.00191098253708, 0.00407222798094, -0.00344866816886, 0.00225003389642, -0.000162549709785, -0.000640812795609, 0.00250555202365, -0.00172370288055, -0.00564942043275, 0.017266554758, -0.0063605424948], [0.000185755096027, -0.00173899903893, 0.00113997166045, -0.0031879467424, 0.00092307140585, -0.00157732772641, 0.00236174697056, -0.000139300376759, -0.000112585163151, 0.00191210978664, -0.000878587947227, -0.0063605424948, 0.0128227146342]]
    },
    "melbands": {
        "dmean": [0.00104559049942, 0.000747727986891, 0.000275676517049, 0.000572792661842, 0.000760692055337, 0.00025337463012, 8.24966409709e-05, 0.000166404162883, 8.77167476574e-05, 0.000136950053275, 4.42469136033e-05, 2.88497412839e-05, 2.50650355156e-05, 1.42982480611e-05, 1.18319640023e-05, 1.98659035959e-05, 1.74341203092e-05, 2.76392001979e-05, 1.4793930859e-05, 2.03683575819e-05, 1.56220976351e-05, 1.92276384041e-05, 1.7947078959e-05, 9.15086638997e-06, 9.77300260274e-06, 8.27456642583e-06, 6.83081862007e-06, 5.27872680323e-06, 3.72947829419e-06, 5.52054825675e-06, 5.41055260328e-06, 6.92216735843e-06, 7.98779274191e-06, 5.1880429055e-06, 3.60995613846e-06, 3.6268659187e-06, 4.07978313888e-06, 3.7562633679e-06, 2.30092496167e-06, 1.47304842812e-06],
        "dmean2": [0.00170517445076, 0.00106797262561, 0.000423581921495, 0.000860237050802, 0.00116127950605, 0.000407778221415, 0.000134626199724, 0.000256892002653, 0.000138589413837, 0.000211204926018, 6.71176821925e-05, 4.19364369009e-05, 3.67287939298e-05, 2.16022581299e-05, 1.87772875506e-05, 3.12497286359e-05, 2.46368072112e-05, 3.98080483137e-05, 2.30873247347e-05, 3.17642734444e-05, 2.48195028689e-05, 3.03897777485e-05, 2.74737849395e-05, 1.43871402543e-05, 1.61833813763e-05, 1.26652112158e-05, 1.08327585622e-05, 8.90947103471e-06, 6.14676991972e-06, 9.25895892578e-06, 9.19599278859e-06, 1.15542206913e-05, 1.38268287628e-05, 8.91274703463e-06, 6.27588269708e-06, 6.47157867206e-06, 7.30080228095e-06, 6.8332947194e-06, 4.06567369282e-06, 2.62789035332e-06],
        "dvar": [4.18085664933e-06, 1.47013236074e-06, 6.72446503813e-07, 2.57989609054e-06, 2.32781349041e-06, 2.32274771861e-07, 1.89671869322e-08, 1.46232110865e-07, 7.45648307543e-08, 1.26822300217e-07, 1.37037483583e-08, 6.05782268792e-09, 5.929076341e-09, 1.6140472292e-09, 1.89507343151e-09, 3.95701205136e-09, 3.33075855785e-09, 6.57839915874e-09, 1.61806046339e-09, 1.21360943517e-09, 7.58401175194e-10, 1.40082934141e-09, 9.72388169984e-10, 1.77403744472e-10, 4.41337938417e-10, 2.24415222516e-10, 1.00945703185e-10, 5.22959106575e-11, 4.4410589789e-11, 8.57687185163e-11, 7.29841811986e-11, 1.3157032408e-10, 2.09835718246e-10, 7.68377306226e-11, 3.66497943105e-11, 5.01839958478e-11, 7.2775917237e-11, 6.94409876822e-11, 2.28140631386e-11, 1.09287292757e-11],
        "dvar2": [9.9953958852e-06, 2.95211793855e-06, 1.38327959576e-06, 5.66659355172e-06, 5.18690421814e-06, 5.20991818576e-07, 5.2018933161e-08, 3.76521825274e-07, 2.00159689712e-07, 3.09343164417e-07, 3.13381178785e-08, 1.31129223035e-08, 1.25295906983e-08, 3.71094865947e-09, 4.94925478378e-09, 9.71087921187e-09, 5.74259129138e-09, 1.10881082094e-08, 3.75360631466e-09, 2.73110623006e-09, 1.62176205798e-09, 3.35100858173e-09, 2.03157268786e-09, 4.02251731924e-10, 1.23601184843e-09, 4.29837304639e-10, 2.22886265e-10, 1.3971052093e-10, 8.85268525153e-11, 2.055446785e-10, 1.83896731176e-10, 3.31883936999e-10, 5.60168189612e-10, 1.84612325427e-10, 9.4201861589e-11, 1.37199460126e-10, 1.98419766728e-10, 1.91144808315e-10, 5.91141857686e-11, 2.90161766142e-11],
        "max": [0.0151405865327, 0.0110097974539, 0.0135379135609, 0.0259294938296, 0.013442796655, 0.00541057484224, 0.00188781053293, 0.00398065475747, 0.00443933624774, 0.00526589574292, 0.0020732244011, 0.00153132341802, 0.00174112233799, 0.00126926647499, 0.000990870641544, 0.000842150242534, 0.00161279423628, 0.00217044726014, 0.000806754571386, 0.000491264159791, 0.000370114663383, 0.000682625221089, 0.000521682028193, 0.000191560320673, 0.00041598934331, 0.000273589859717, 0.000150923049659, 8.62279193825e-05, 0.000167156744283, 0.000170768689713, 0.000114415750431, 0.000182106596185, 0.000150750405737, 0.000130780623294, 7.44154749555e-05, 8.25792085379e-05, 8.9211804152e-05, 9.70399269136e-05, 7.82401839388e-05, 5.04284216731e-05],
        "mean": [0.00236590043642, 0.0021406924352, 0.000504178286064, 0.000819137901999, 0.00110001128633, 0.000301894790027, 0.000130839689518, 0.000239202869125, 0.000125408027088, 0.000214274739847, 7.20527386875e-05, 4.90811216878e-05, 3.98411975766e-05, 2.17748092837e-05, 1.75446821231e-05, 2.88401261059e-05, 2.64101763605e-05, 4.53741995443e-05, 2.12943505176e-05, 3.24581305904e-05, 2.76437604043e-05, 3.13211094181e-05, 2.99828298012e-05, 1.73531007022e-05, 1.65278725035e-05, 1.32565064632e-05, 1.17481804409e-05, 9.02258943825e-06, 5.97300368099e-06, 7.97587836132e-06, 7.95629057393e-06, 9.638719348e-06, 9.51505808189e-06, 7.0429509833e-06, 4.74872877021e-06, 4.12021881857e-06, 3.95945835407e-06, 3.61661113857e-06, 2.48740138886e-06, 1.54930637564e-06],
        "median": [0.000863794528414, 0.00159415218513, 0.00020096298249, 0.000211635473534, 0.000241629575612, 0.000101729150629, 7.49752216507e-05, 8.41823930386e-05, 4.8465335567e-05, 6.04042579653e-05, 2.56361727224e-05, 1.37711995194e-05, 1.09850107037e-05, 8.01416808827e-06, 5.49618880541e-06, 7.49488845031e-06, 5.11158486916e-06, 1.06847583083e-05, 8.53004530654e-06, 1.38435261761e-05, 1.22078981803e-05, 1.23080844787e-05, 1.20563181554e-05, 8.55539565237e-06, 5.48711250303e-06, 5.77343007535e-06, 5.81350923312e-06, 4.36832488049e-06, 2.5092560918e-06, 3.15575084642e-06, 3.3228313896e-06, 4.31288253822e-06, 4.38984079665e-06, 2.7737205528e-06, 2.00091812985e-06, 1.44712441852e-06, 1.05455990251e-06, 6.40981681954e-07, 4.70613656489e-07, 3.33642816486e-07],
        "min": [8.58375017287e-07, 1.25245969684e-06, 1.32509029527e-07, 2.15883204646e-07, 3.54279421799e-07, 8.16247563762e-07, 1.87263680118e-07, 2.94122116884e-07, 3.13236512284e-07, 2.48326159635e-07, 2.72612226127e-07, 1.02199436469e-07, 1.82310046171e-07, 1.1958819357e-07, 6.30995131701e-08, 7.26949593854e-08, 1.39429772616e-07, 9.88536470459e-08, 1.91767213664e-07, 1.39569877433e-07, 2.35932191117e-07, 2.27844680012e-07, 4.28268265296e-07, 5.38862252597e-08, 1.83389786912e-07, 2.03400773557e-07, 1.23356301174e-07, 5.24483141362e-08, 2.79858713981e-08, 9.79853265193e-09, 9.51940535288e-08, 9.0364181915e-08, 9.97124161017e-08, 1.25765931003e-08, 3.05540126533e-08, 7.75007436005e-09, 1.25819816787e-08, 2.12658377019e-10, 6.83604128165e-12, 2.1627744734e-11],
