{
"highlevel": {
    "danceability": {
        "all": {
            "danceable": 0.98954808712,
            "not_danceable": 0.0104519259185
        },
        "probability": 0.98954808712,
        "value": "danceable"
    },
    "gender": {
        "all": {
            "female": 0.766229867935,
            "male": 0.233770146966
        },
        "probability": 0.766229867935,
        "value": "female"
    },
    "genre_dortmund": {
        "all": {
            "alternative": 0.0780863687396,
            "blues": 0.134617164731,
            "electronic": 0.0179398674518,
            "folkcountry": 0.0719625428319,
            "funksoulrnb": 0.0667591765523,
            "jazz": 0.332571566105,
            "pop": 0.0613061748445,
            "raphiphop": 0.0162493195385,
            "rock": 0.22050781548
        },
        "probability": 0.332571566105,
        "value": "jazz"
    },
    "genre_electronic": {
        "all": {
            "ambient": 0.6440102458,
            "dnb": 0.149881094694,
            "house": 0.118029132485,
            "techno": 0.011180636473,
            "trance": 0.0768989250064
        },
        "probability": 0.6440102458,
        "value": "ambient"
    },
    "genre_rosamerica": {
        "all": {
            "cla": 0.0142482845113,
            "dan": 0.0429955050349,
            "hip": 0.0369395166636,
            "jaz": 0.0705568790436,
            "pop": 0.351390093565,
            "rhy": 0.297091215849,
            "roc": 0.181444987655,
            "spe": 0.00533350976184
        },
        "probability": 0.351390093565,
        "value": "pop"
    },
    "genre_tzanetakis": {
        "all": {
            "blu": 0.0626541376114,
            "cla": 0.0348133966327,
            "cou": 0.0783501937985,
            "dis": 0.104547761381,
            "hip": 0.15693578124,
            "jaz": 0.313987255096,
            "met": 0.044816005975,
            "pop": 0.0627349764109,
            "reg": 0.0627352520823,
            "roc": 0.0784252434969
        },
        "probability": 0.313987255096,
        "value": "jaz"
    },
    "ismir04_rhythm": {
        "all": {
            "ChaChaCha": 0.125317797065,
            "Jive": 0.0792495831847,
            "Quickstep": 0.169129058719,
            "Rumba-American": 0.0219304282218,
            "Rumba-International": 0.0588354058564,
            "Rumba-Misc": 0.0250321030617,
            "Samba": 0.1221056059,
            "Tango": 0.121715791523,
            "VienneseWaltz": 0.252900242805,
            "Waltz": 0.0237839836627
        },
        "probability": 0.252900242805,
        "value": "VienneseWaltz"
    },
    "mood_acoustic": {
        "all": {
            "acoustic": 0.273586690426,
            "not_acoustic": 0.726413309574
        },
        "probability": 0.726413309574,
        "value": "not_acoustic"
    },
    "mood_aggressive": {
        "all": {
            "aggressive": 0.704753398895,
            "not_aggressive": 0.295246601105
        },
        "probability": 0.704753398895,
        "value": "aggressive"
    },
    "mood_electronic": {
        "all": {
            "electronic": 0.146744713187,
            "not_electronic": 0.853255271912
        },
        "probability": 0.853255271912,
        "value": "not_electronic"
    },
    "mood_happy": {
        "all": {
            "happy": 0.5,
            "not_happy": 0.5
        },
        "probability": 0.5,
        "value": "happy"
    },
    "mood_party": {
        "all": {
            "not_party": 0.714581906796,
            "party": 0.285418123007
        },
        "probability": 0.714581906796,
        "value": "not_party"
    },
    "mood_relaxed": {
        "all": {
            "not_relaxed": 0.339154392481,
            "relaxed": 0.660845637321
        },
        "probability": 0.660845637321,
        "value": "relaxed"
    },
    "mood_sad": {
        "all": {
            "not_sad": 0.470675498247,
            "sad": 0.529324471951
        },
        "probability": 0.529324471951,
        "value": "sad"
    },
    "moods_mirex": {
        "all": {
            "Cluster1": 0.417771905661,
            "Cluster2": 0.329542517662,
            "Cluster3": 0.0842099785805,
            "Cluster4": 0.134247004986,
            "Cluster5": 0.0342285707593
        },
        "probability": 0.417771905661,
        "value": "Cluster1"
    },
    "timbre": {
        "all": {
            "bright": 0.977858304977,
            "dark": 0.0221416857094
        },
        "probability": 0.977858304977,
        "value": "bright"
    },
    "tonal_atonal": {
        "all": {
            "atonal": 0.0938230454922,
            "tonal": 0.906176924706
        },
        "probability": 0.906176924706,
        "value": "tonal"
    },
    "voice_instrumental": {
        "all": {
            "instrumental": 0.0158097073436,
            "voice": 0.984190285206
        },
        "probability": 0.984190285206,
        "value": "voice"
    }
},
"lowlevel": {
    "average_loudness": 0.976571023464,
    "barkbands_crest": {
        "dmean": 3.21694850922,
        "dmean2": 5.04792451859,
        "dvar": 8.52181816101,
        "dvar2": 18.6394233704,
        "max": 26.0131988525,
        "mean": 11.1342115402,
        "median": 10.0638599396,
        "min": 3.48258948326,
        "var": 22.1436233521
    },
    "barkbands_flatness_db": {
        "dmean": 0.0226890780032,
        "dmean2": 0.03390712291,
        "dvar": 0.000475159555208,
        "dvar2": 0.00101362471469,
        "max": 0.506008327007,
        "mean": 0.15733076632,
        "median": 0.151241973042,
        "min": 0.0706973075867,
        "var": 0.00225004903041
    },
    "barkbands_kurtosis": {
        "dmean": 3.0566842556,
        "dmean2": 4.68457698822,
        "dvar": 48.6138076782,
        "dvar2": 98.8176956177,
        "max": 139.527404785,
        "mean": 3.8717546463,
        "median": 0.933007478714,
        "min": -1.75093364716,
        "var": 123.981956482
    },
    "barkbands_skewness": {
        "dmean": 0.601215839386,
        "dmean2": 0.862640619278,
        "dvar": 0.476183265448,
        "dvar2": 0.940560281277,
        "max": 9.77812957764,
        "mean": 1.16864907742,
        "median": 1.00091946125,
        "min": -2.41310238838,
        "var": 2.03922271729
    },
    "barkbands_spread": {
        "dmean": 5.41718435287,
        "dmean2": 8.21593284607,
        "dvar": 43.824054718,
        "dvar2": 86.3112335205,
        "max": 84.4693756104,
        "mean": 21.6843681335,
        "median": 20.1758098602,
        "min": 0.268232047558,
        "var": 135.64730835
    },
    "dissonance": {
        "dmean": 0.0239309035242,
        "dmean2": 0.0401177443564,
        "dvar": 0.000574101810344,
        "dvar2": 0.00157202442642,
        "max": 0.499811589718,
        "mean": 0.457878291607,
        "median": 0.46582737565,
        "min": 0.293409526348,
        "var": 0.000965913524851
    },
    "dynamic_complexity": 1.91486263275,
    "erbbands_crest": {
        "dmean": 3.06847333908,
        "dmean2": 4.9439868927,
        "dvar": 8.66691398621,
        "dvar2": 19.9932861328,
        "max": 31.3479919434,
        "mean": 11.4333086014,
        "median": 9.92445659637,
        "min": 3.16474151611,
        "var": 32.6253623962
    },
    "erbbands_flatness_db": {
        "dmean": 0.0173114798963,
        "dmean2": 0.0242134090513,
        "dvar": 0.000286027614493,
        "dvar2": 0.00046199245844,
        "max": 0.309209853411,
        "mean": 0.169833436608,
        "median": 0.165511652827,
        "min": 0.0806619822979,
        "var": 0.00219691824168
    },
    "erbbands_kurtosis": {
        "dmean": 1.20539462566,
        "dmean2": 1.74775791168,
        "dvar": 3.72429537773,
        "dvar2": 6.07554960251,
        "max": 58.3315658569,
        "mean": 1.64593100548,
        "median": 0.222544670105,
        "min": -1.66811573505,
        "var": 18.3739433289
    },
    "erbbands_skewness": {
        "dmean": 0.391027182341,
        "dmean2": 0.581174731255,
        "dvar": 0.134995877743,
        "dvar2": 0.297681152821,
        "max": 5.23803424835,
        "mean": 0.36395996809,
        "median": 0.351345270872,
        "min": -1.8201444149,
        "var": 0.585711598396
    },
    "erbbands_spread": {
        "dmean": 6.91146850586,
        "dmean2": 9.87221336365,
        "dvar": 63.4330329895,
        "dvar2": 110.240592957,
        "max": 113.646980286,
        "mean": 32.1793899536,
        "median": 28.5111694336,
        "min": 2.04680728912,
        "var": 379.357666016
    },
    "hfc": {
        "dmean": 6.25758552551,
        "dmean2": 9.27076053619,
        "dvar": 51.9845199585,
        "dvar2": 109.377830505,
        "max": 100.055671692,
        "mean": 26.6338272095,
        "median": 24.5452976227,
        "min": 1.28340065479,
        "var": 254.09185791
    },
    "melbands_crest": {
        "dmean": 3.32492470741,
        "dmean2": 5.34208106995,
        "dvar": 8.43624782562,
        "dvar2": 19.5780830383,
        "max": 27.9860115051,
        "mean": 13.7724676132,
        "median": 12.9709815979,
        "min": 3.48773789406,
        "var": 22.8280334473
    },
    "melbands_flatness_db": {
        "dmean": 0.0275055021048,
        "dmean2": 0.0394455082715,
        "dvar": 0.00079428072786,
        "dvar2": 0.00152072589844,
        "max": 0.627957522869,
        "mean": 0.199677154422,
        "median": 0.189686432481,
        "min": 0.0542065240443,
        "var": 0.00410864548758
    },
    "melbands_kurtosis": {
        "dmean": 6.98823881149,
        "dmean2": 10.899017334,
        "dvar": 259.496887207,
        "dvar2": 542.573608398,
        "max": 280.938262939,
        "mean": 10.9558134079,
        "median": 4.02794647217,
        "min": -1.73155331612,
        "var": 527.187255859
    },
    "melbands_skewness": {
        "dmean": 0.801094949245,
        "dmean2": 1.16517460346,
        "dvar": 0.846098899841,
        "dvar2": 1.66719019413,
        "max": 13.6256847382,
        "mean": 2.0652821064,
        "median": 1.76486694813,
        "min": -2.06015396118,
        "var": 3.40755295753
    },
    "melbands_spread": {
        "dmean": 6.87309360504,
        "dmean2": 10.2755460739,
        "dvar": 69.5043487549,
        "dvar2": 152.91494751,
        "max": 139.390380859,
        "mean": 25.2928733826,
        "median": 24.0419654846,
        "min": 0.3805141747,
        "var": 208.467208862
    },
    "pitch_salience": {
        "dmean": 0.0741010606289,
        "dmean2": 0.115417562425,
        "dvar": 0.00461649149656,
        "dvar2": 0.0104008093476,
        "max": 0.787746667862,
        "mean": 0.498710483313,
        "median": 0.508035898209,
        "min": 0.124381259084,
        "var": 0.0128579903394
    },
    "silence_rate_20dB": {
        "dmean": 0,
        "dmean2": 0,
        "dvar": 0,
        "dvar2": 0,
        "max": 1,
        "mean": 1,
        "median": 1,
        "min": 1,
        "var": 0
    },
    "silence_rate_30dB": {
        "dmean": 0.0294117648154,
        "dmean2": 0.0588690936565,
        "dvar": 0.0285471864045,
        "dvar2": 0.080189332366,
        "max": 1,
        "mean": 0.982985317707,
        "median": 1,
        "min": 0,
        "var": 0.0167254526168
    },
    "silence_rate_60dB": {
        "dmean": 0,
        "dmean2": 0,
        "dvar": 0,
        "dvar2": 0,
        "max": 0,
        "mean": 0,
        "median": 0,
        "min": 0,
        "var": 0
    },
    "spectral_centroid": {
        "dmean": 220.998184204,
        "dmean2": 331.0546875,
        "dvar": 66353.6875,
        "dvar2": 133474.546875,
        "max": 3756.1640625,
        "mean": 1361.7019043,
        "median": 1355.58935547,
        "min": 113.251152039,
        "var": 268944.25
    },
    "spectral_complexity": {
        "dmean": 2.98993802071,
        "dmean2": 4.59721136093,
        "dvar": 7.92016887665,
        "dvar2": 17.9678764343,
        "max": 44,
        "mean": 18.6086616516,
        "median": 18,
        "min": 3,
        "var": 50.027797699
    },
    "spectral_decrease": {
        "dmean": 3.57481222402e-09,
        "dmean2": 5.32659782948e-09,
        "dvar": 2.42326299304e-17,
        "dvar2": 5.06214550199e-17,
        "max": -6.4676786149e-10,
        "mean": -9.27678556195e-09,
        "median": -7.59024576524e-09,
        "min": -4.5586130426e-08,
        "var": 4.17172924771e-17
    },
    "spectral_energy": {
        "dmean": 0.0138684436679,
        "dmean2": 0.0206625480205,
        "dvar": 0.000352119881427,
        "dvar2": 0.000737014808692,
        "max": 0.173372372985,
        "mean": 0.0374284759164,
        "median": 0.0310982726514,
        "min": 0.00337488460355,
        "var": 0.000622720865067
    },
    "spectral_energyband_high": {
        "dmean": 0.00023192865774,
        "dmean2": 0.000320709717926,
        "dvar": 1.44371909983e-07,
        "dvar2": 2.80558850818e-07,
        "max": 0.00749642355368,
        "mean": 0.00068628997542,
        "median": 0.000422707409598,
        "min": 1.20235290524e-06,
        "var": 5.22519769675e-07
    },
    "spectral_energyband_low": {
        "dmean": 0.00934317614883,
        "dmean2": 0.0137074748054,
        "dvar": 0.000300597079331,
        "dvar2": 0.000584012130275,
        "max": 0.171000048518,
        "mean": 0.0148327108473,
        "median": 0.00758243538439,
        "min": 3.95963297706e-06,
        "var": 0.000476997636724
    },
    "spectral_energyband_middle_high": {
        "dmean": 0.00342929665931,
        "dmean2": 0.00502043776214,
        "dvar": 2.54875249084e-05,
        "dvar2": 5.51220146008e-05,
        "max": 0.0682482346892,
        "mean": 0.0107032274827,
        "median": 0.00649406109005,
        "min": 2.65745147772e-05,
        "var": 0.000118670839584
    },
    "spectral_energyband_middle_low": {
        "dmean": 0.00536327855662,
        "dmean2": 0.00870854221284,
        "dvar": 0.000112344663648,
        "dvar2": 0.000302078726236,
        "max": 0.102065861225,
        "mean": 0.0120761208236,
        "median": 0.00877570267767,
        "min": 0.000619893486146,
        "var": 0.000132345914608
    },
    "spectral_entropy": {
        "dmean": 0.139089912176,
        "dmean2": 0.19950646162,
        "dvar": 0.0184332262725,
        "dvar2": 0.033198133111,
        "max": 8.44271278381,
        "mean": 7.50229310989,
        "median": 7.51073646545,
        "min": 5.33920145035,
        "var": 0.119464434683
    },
    "spectral_flux": {
        "dmean": 0.0374255739152,
        "dmean2": 0.0602908916771,
        "dvar": 0.00150678481441,
        "dvar2": 0.00364068499766,
        "max": 0.322308123112,
        "mean": 0.107871957123,
        "median": 0.095366448164,
        "min": 0.0217096954584,
        "var": 0.00296789337881
    },
    "spectral_kurtosis": {
        "dmean": 1.3594545126,
        "dmean2": 2.22129607201,
        "dvar": 2.20871639252,
        "dvar2": 5.20383882523,
        "max": 25.2816429138,
        "mean": 4.52144622803,
        "median": 4.09375953674,
        "min": -0.183439970016,
        "var": 7.84488010406
    },
    "spectral_rms": {
        "dmean": 0.0010526740225,
        "dmean2": 0.00153524870984,
        "dvar": 1.46489378494e-06,
        "dvar2": 2.92191771223e-06,
        "max": 0.013005528599,
        "mean": 0.00575431156904,
        "median": 0.00550815556198,
        "min": 0.0018145442009,
        "var": 3.40340170624e-06
    },
    "spectral_rolloff": {
        "dmean": 425.613922119,
        "dmean2": 694.934875488,
        "dvar": 634301.125,
        "dvar2": 1385397.875,
        "max": 8699.4140625,
        "mean": 1397.90771484,
        "median": 1227.39257812,
        "min": 86.1328125,
        "var": 1152252
    },
    "spectral_skewness": {
        "dmean": 0.189619809389,
        "dmean2": 0.292827427387,
        "dvar": 0.0330601856112,
        "dvar2": 0.0680448412895,
        "max": 3.95253205299,
        "mean": 1.59396255016,
        "median": 1.56107759476,
        "min": 0.542801558971,
        "var": 0.186639085412
    },
    "spectral_spread": {
        "dmean": 438464.75,
        "dmean2": 619347.75,
        "dvar": 404607795200,
        "dvar2": 808760115200,
        "max": 13246537,
        "mean": 4406297.5,
        "median": 4208286.5,
        "min": 1713953.5,
        "var": 1.47447676928e+12
    },
    "spectral_strongpeak": {
        "dmean": 0.917864620686,
        "dmean2": 1.54184651375,
        "dvar": 1.87564969063,
        "dvar2": 4.17329883575,
        "max": 9.87955188751,
        "mean": 1.63664114475,
        "median": 0.575240254402,
        "min": 0.0567592978477,
        "var": 4.23167133331
    },
    "zerocrossingrate": {
        "dmean": 0.00959177874029,
        "dmean2": 0.0107448352501,
        "dvar": 0.000136944960104,
        "dvar2": 0.000146263308125,
        "max": 0.2509765625,
        "mean": 0.0561240203679,
        "median": 0.0537109375,
        "min": 0.0029296875,
        "var": 0.000756626017392
    },
    "barkbands": {
        "dmean": [6.06843277637e-05, 0.00858105905354, 0.00176451925654, 0.00120989221614, 0.00245314696804, 0.000761145900469, 0.000860417028889, 0.0010897309985, 0.00107901275624, 0.00116436963435, 0.000988654675893, 0.00122739362996, 0.000894803204574, 0.000588815601077, 0.000701006385498, 0.000428144965554, 0.000235596860875, 0.000243519592914, 0.000192788487766, 8.33010635688e-05, 9.84474536381e-05, 6.31329530734e-05, 3.94098060497e-05, 2.90130938083e-05, 2.90932748612e-05, 1.16349710879e-05, 8.97939766986e-09],
        "dmean2": [9.51881011133e-05, 0.0128659559414, 0.00310853589326, 0.00203629978932, 0.00424105208367, 0.00116560026072, 0.00136690842919, 0.00169307237957, 0.00166890362743, 0.00189434515778, 0.00150800938718, 0.0018489449285, 0.00134952843655, 0.00091687735403, 0.00108145794366, 0.000667092215735, 0.000360785634257, 0.000377252581529, 0.000313666154398, 0.000128152794787, 0.000148298684508, 9.04335684027e-05, 5.68399664189e-05, 4.27614431828e-05, 4.24462014053e-05, 1.71064893948e-05, 1.20247456437e-08],
        "dvar": [1.5456913971e-08, 0.00027306083939, 1.57078266056e-05, 6.63610353513e-06, 5.87243448535e-05, 1.38592622534e-06, 1.62599951636e-06, 6.11868108535e-06, 8.22807396617e-06, 1.43752795339e-05, 1.16318060464e-05, 1.04078699223e-05, 4.53959410152e-06, 1.68256133293e-06, 2.37524841395e-06, 1.11773522349e-06, 2.88715824581e-07, 2.09661607187e-07, 1.5305218426e-07, 2.62597250611e-08, 4.13935801191e-08, 1.66732387896e-08, 5.39955014034e-09, 2.13690665163e-09, 3.05453329297e-09, 5.63466051595e-10, 1.92909686977e-14],
        "dvar2": [3.10362437972e-08, 0.000550753902644, 4.48199170933e-05, 1.76972953341e-05, 0.000161753530847, 2.93256925943e-06, 4.02386422138e-06, 1.42583794513e-05, 1.95291759155e-05, 3.66431268048e-05, 2.34971194004e-05, 2.16622247535e-05, 9.93584035314e-06, 3.75200716007e-06, 5.27535576111e-06, 2.3992251954e-06, 6.30512658972e-07, 4.69156304916e-07, 3.91327944271e-07, 6.28180956141e-08, 8.59618296545e-08, 3.2517480264e-08, 1.04159285641e-08, 3.96755162058e-09, 6.09471229041e-09, 1.04483832697e-09, 1.96711899292e-14],
        "max": [0.00236827041954, 0.146023392677, 0.041803304106, 0.0273028258234, 0.0727294385433, 0.0288470294327, 0.0147584592924, 0.035590171814, 0.0440336354077, 0.0671170204878, 0.057992015034, 0.0475895293057, 0.0353853814304, 0.0188797209412, 0.0192298851907, 0.0135556915775, 0.00885949376971, 0.00741816824302, 0.00658400496468, 0.00307439966127, 0.00430388469249, 0.00229328894056, 0.00105722073931, 0.000906459463295, 0.000794657622464, 0.000340346014127, 3.80140909328e-06],
        "mean": [7.09088271833e-05, 0.0117923095822, 0.00228146603331, 0.00141109921969, 0.00256052264012, 0.00171504018363, 0.00176724127959, 0.00194653111976, 0.00223673810251, 0.00163061229978, 0.0014354508603, 0.00238160602748, 0.00160832470283, 0.000899489154108, 0.00107675301842, 0.000644429353997, 0.000383011822123, 0.000466118741315, 0.000360255042324, 0.000179967144504, 0.000193333122297, 0.00013332683011, 9.48794113356e-05, 7.49206446926e-05, 6.28027191851e-05, 2.13375988096e-05, 7.94018628625e-09],
        "median": [2.1928050046e-05, 0.00493125012144, 0.00135120621417, 0.000459026661702, 0.000925529922824, 0.00115922163241, 0.000776419125032, 0.000756678346079, 0.000941914855503, 0.000346475280821, 0.000200314447284, 0.000336838566, 0.000287809991278, 0.000189686732483, 0.000362324237358, 0.000153366156155, 0.000171167412191, 0.000213984516449, 0.000193149666302, 0.000103163030872, 0.000100102457509, 4.949718641e-05, 4.96172760904e-05, 4.29443389294e-05, 3.02855223708e-05, 7.63787920732e-06, 5.5895538198e-10],
        "min": [2.43064190997e-09, 8.96444447562e-08, 1.2529653759e-06, 2.42288683694e-06, 7.29750263417e-06, 2.50391203735e-05, 5.26722396899e-06, 3.91635467167e-06, 7.3924957178e-06, 2.5304564133e-06, 1.31197930386e-06, 1.62626645306e-06, 3.0900805541e-06, 1.89809225049e-06, 9.26164148041e-07, 9.40623010592e-07, 4.4803448418e-07, 6.04430567819e-07, 5.5311181768e-07, 3.85854235674e-07, 3.33879938808e-07, 2.98835573176e-07, 9.78003100727e-08, 8.34351610024e-08, 1.75434708427e-10, 1.10573763687e-11, 8.63747007945e-12],
        "var": [2.00599465927e-08, 0.000394090515329, 1.24118450913e-05, 6.72621399644e-06, 4.30173749919e-05, 4.57066562376e-06, 5.64684660276e-06, 1.24327007143e-05, 2.53108864854e-05, 1.76425037353e-05, 2.32316215261e-05, 3.85501552955e-05, 1.64827470144e-05, 3.93628943129e-06, 4.16765715272e-06, 1.879131446e-06, 5.23601158875e-07, 5.8939747305e-07, 2.70084285603e-07, 5.82928834092e-08, 7.76911193157e-08, 5.11501951905e-08, 1.54996921964e-08, 7.38448280302e-09, 7.74750308352e-09, 1.54089718762e-09, 1.92324048397e-14]
    },
    "erbbands": {
        "dmean": [0.193144261837, 2.10749197006, 2.50480723381, 2.73387646675, 8.66464042664, 6.7246632576, 4.77443170547, 7.09693193436, 10.9945459366, 12.4178104401, 27.693195343, 24.5079593658, 33.2745132446, 38.7925376892, 38.2370529175, 52.5629959106, 37.4033355713, 27.3163738251, 31.220954895, 28.621213913, 17.9401817322, 11.327466011, 11.3642864227, 13.3238105774, 6.12596416473, 3.76293158531, 4.55199813843, 3.35184669495, 2.1416311264, 1.59460902214, 1.16927993298, 0.703794836998, 0.499615848064, 0.343812257051, 0.212527438998, 0.0761752203107, 0.0182715561241, 0.00155278842431, 3.23271779052e-05, 1.57951290021e-05],
        "dmean2": [0.284739077091, 3.18588018417, 4.03904867172, 4.57629728317, 14.9969263077, 11.3250436783, 7.5490655899, 10.7610263824, 17.2824993134, 19.7318992615, 42.8627548218, 37.4350967407, 50.4151611328, 60.9936332703, 53.6851959229, 76.7739181519, 54.7700424194, 42.6623382568, 46.6014823914, 43.8534545898, 27.1973762512, 16.9550056458, 17.8839836121, 20.7745895386, 9.68039131165, 5.73780870438, 6.75926494598, 4.99997806549, 3.20793366432, 2.25937414169, 1.72436368465, 1.06900703907, 0.749988913536, 0.514069974422, 0.313709825277, 0.115539394319, 0.0269662961364, 0.00238854624331, 4.7879973863e-05, 2.35241877817e-05],
        "dvar": [0.136460214853, 17.0843925476, 30.1575660706, 22.8546924591, 787.096984863, 367.981811523, 44.8711395264, 168.764129639, 305.099853516, 270.513641357, 4591.87988281, 4493.51025391, 11403.6933594, 13833.1503906, 10981.7373047, 17246.5859375, 7785.69677734, 3737.43920898, 3862.49755859, 5139.31787109, 2060.34008789, 924.629943848, 495.284118652, 745.106994629, 132.168930054, 41.6508789062, 89.4575576782, 51.9793243408, 18.8658790588, 8.88393688202, 4.78896045685, 1.25861012936, 0.703687369823, 0.382306158543, 0.190715432167, 0.0248395893723, 0.00161602441221, 1.1703014934e-05, 3.96411703463e-09, 4.11408546119e-10],
        "dvar2": [0.278810948133, 34.8857574463, 79.6466445923, 60.4165802002, 2187.33862305, 997.148925781, 94.288772583, 376.498199463, 746.318359375, 697.715454102, 10647.6367188, 10463.6875, 28817.1503906, 34645.59375, 18675.1074219, 38651.4882812, 15348.375, 8456.05566406, 7681.72802734, 11252.6572266, 4709.29248047, 1849.2010498, 1230.54406738, 1730.61853027, 336.610076904, 90.8532409668, 188.892578125, 115.492584229, 39.8864631653, 15.8256816864, 9.73709964752, 2.54236578941, 1.36405837536, 0.778157651424, 0.383489966393, 0.0501774102449, 0.00310040661134, 2.53644629993e-05, 7.71892594287e-09, 8.62126814383e-10],
        "max": [3.37803053856, 39.3001823425, 57.94921875, 40.7962684631, 249.816314697, 195.259017944, 151.953536987, 344.3699646, 227.579208374, 186.211959839, 1055.2980957, 1335.35144043, 1850.39245605, 1920.79675293, 2167.69116211, 2329.46582031, 1830.4005127, 1036.87316895, 1091.45019531, 1037.53796387, 748.329406738, 591.11126709, 354.18548584, 465.220825195, 172.24772644, 92.7959442139, 225.858596802, 134.846542358, 55.1243515015, 39.1216011047, 27.4053936005, 19.7973442078, 13.6112136841, 9.22789764404, 5.52487707138, 2.48489713669, 0.642383515835, 0.0568881817162, 0.00100630160887, 0.000187273195479],
        "mean": [0.253556132317, 2.89489269257, 3.63347673416, 3.75186777115, 7.92821645737, 7.43574476242, 9.30854225159, 15.4856481552, 24.9994678497, 24.4819602966, 49.9248733521, 48.2908401489, 54.151058197, 60.5999259949, 64.2782745361, 102.524353027, 74.6205062866, 54.857925415, 58.4486045837, 46.2407569885, 30.1925067902, 20.4256381989, 23.658405304, 25.5887374878, 12.6981897354, 8.85506343842, 9.03017425537, 6.65966463089, 4.41857051849, 3.48932242393, 2.81072831154, 1.81169843674, 1.15989649296, 0.7183380723, 0.423535495996, 0.145604714751, 0.0305203255266, 0.00220644101501, 6.8373454269e-05, 4.74975058751e-05],
        "median": [0.0891854912043, 1.24270534515, 1.99640166759, 1.79264712334, 2.0871181488, 2.84056687355, 5.84110021591, 10.0872631073, 12.480922699, 16.5201454163, 20.9825248718, 20.8642139435, 14.1503572464, 16.490196228, 13.8724403381, 20.7582111359, 18.2158241272, 12.9887037277, 20.5744304657, 14.9264221191, 11.5426530838, 9.42373371124, 11.6320915222, 12.6147289276, 7.52159261703, 5.0589466095, 4.65831899643, 3.16356301308, 1.77992129326, 1.48074483871, 1.43844425678, 1.04012334347, 0.661209106445, 0.345383882523, 0.195476517081, 0.059410713613, 0.00890678912401, 0.000560737389605, 3.73245202354e-05, 4.2064297304e-05],
        "min": [4.04237653129e-06, 5.92431642872e-05, 0.00152077479288, 0.00899173226207, 0.0128785595298, 0.034407839179, 0.211417138577, 0.208597093821, 0.181670218706, 0.0963319391012, 0.142808660865, 0.237462103367, 0.0720424503088, 0.101052939892, 0.113641448319, 0.118253178895, 0.156129896641, 0.0999155640602, 0.0796170160174, 0.0472458824515, 0.0500760227442, 0.0274441801012, 0.030816597864, 0.0310774985701, 0.0268465168774, 0.0194939523935, 0.013779560104, 0.0136449756101, 0.0118022542447, 0.00543274963275, 0.00260290177539, 0.00221706950106, 0.000786875840276, 0.000281758257188, 0.000188904989045, 1.70392049768e-05, 3.72979889107e-06, 3.25209526864e-07, 2.66146571448e-06, 4.1705870899e-06],
        "var": [0.20049341023, 23.8839988708, 29.8214817047, 28.2706432343, 559.343383789, 304.996856689, 144.446014404, 459.65802002, 1123.62145996, 664.524291992, 8630.87890625, 10886.984375, 17101.9101562, 21318.9082031, 27641.484375, 64378.9335938, 28704.9785156, 13616.2626953, 11621.9443359, 8569.62011719, 3547.93237305, 1767.12487793, 1387.00109863, 1625.68603516, 233.914398193, 124.456771851, 164.824417114, 99.2803955078, 43.7727127075, 26.4518108368, 14.6744146347, 4.30150794983, 2.03919482231, 0.967392146587, 0.429044961929, 0.0622434392571, 0.00367937842384, 2.12657996599e-05, 8.51283221692e-09, 7.92851395648e-10]
    },
    "gfcc": {
        "mean": [22.8351993561, 97.3988189697, -124.926467896, 32.5512695312, -60.4882583618, 23.0673694611, -35.6356582642, 17.6524715424, -21.041021347, 8.80449008942, -9.62635707855, -1.72714424133, -9.67548084259],
        "cov": [[1462.48657227, -475.793060303, -235.215942383, -104.313697815, -29.2566871643, 28.2105560303, -85.2262268066, 44.2408332825, -120.241340637, 96.3373641968, -129.551101685, 87.9997634888, -71.6592483521], [-475.793060303, 900.459838867, 89.2817382812, 20.7441387177, 287.434692383, 39.60987854, 159.660263062, -1.04041695595, 124.036071777, -55.4497642517, 155.121582031, -97.8129043579, 96.768196106], [-235.215942383, 89.2817382812, 777.378173828, 284.058502197, -25.5670661926, 63.3031272888, 76.1427993774, 49.9486083984, 42.3828010559, 10.8595056534, -27.1835155487, 35.4268226624, -47.2530593872], [-104.313697815, 20.7441387177, 284.058502197, 363.346405029, 27.2831516266, -11.5411520004, 4.07467794418, 39.1536598206, 106.474388123, -8.38260269165, -12.7552728653, 7.3521566391, -5.72250795364], [-29.2566871643, 287.434692383, -25.5670661926, 27.2831516266, 347.572875977, 115.491729736, 102.627456665, 27.1774101257, 63.5102119446, 37.5335426331, 71.779006958, -5.7125415802, 43.8599205017], [28.2105560303, 39.60987854, 63.3031272888, -11.5411520004, 115.491729736, 266.814422607, 119.679130554, -7.99541330338, -10.374168396, 44.8631629944, 68.8735198975, -1.7773424387, 3.92812108994], [-85.2262268066, 159.660263062, 76.1427993774, 4.07467794418, 102.627456665, 119.679130554, 188.401596069, 34.3348808289, 14.6432580948, 24.9996585846, 52.3086471558, -13.5497407913, 28.136800766], [44.2408332825, -1.04041695595, 49.9486083984, 39.1536598206, 27.1774101257, -7.99541330338, 34.3348808289, 135.53263855, 60.287689209, 18.1248950958, -9.92418003082, 13.8188238144, 25.7145557404], [-120.241340637, 124.036071777, 42.3828010559, 106.474388123, 63.5102119446, -10.374168396, 14.6432580948, 60.287689209, 151.222045898, 17.8268814087, 19.4729442596, -9.21731853485, 27.4482269287], [96.3373641968, -55.4497642517, 10.8595056534, -8.38260269165, 37.5335426331, 44.8631629944, 24.9996585846, 18.1248950958, 17.8268814087, 109.570228577, 32.072467804, 5.73163080215, -12.0961170197], [-129.551101685, 155.121582031, -27.1835155487, -12.7552728653, 71.779006958, 68.8735198975, 52.3086471558, -9.92418003082, 19.4729442596, 32.072467804, 138.40927124, -7.675968647, 10.500166893], [87.9997634888, -97.8129043579, 35.4268226624, 7.3521566391, -5.7125415802, -1.7773424387, -13.5497407913, 13.8188238144, -9.21731853485, 5.73163080215, -7.675968647, 97.0023040771, 8.92288970947], [-71.6592483521, 96.768196106, -47.2530593872, -5.72250795364, 43.8599205017, 3.92812108994, 28.136800766, 25.7145557404, 27.4482269287, -12.0961170197, 10.500166893, 8.92288970947, 86.5415878296]],
        "icov": [[0.00127362040803, -0.000382699130569, 0.000866697228048, -0.000547749514226, 7.25904828869e-05, -0.000783839903306, 0.000546415743884, -0.00118979485705, 0.00144354416989, -0.00161830917932, 0.0017988064792, -0.0013276952086, 0.00132879894227], [-0.000382699130569, 0.00468975445256, -0.00219179317355, 0.00221385248005, -0.0031377277337, 0.00266699655913, -0.00193372776266, 0.00238156481646, -0.00339742191136, 0.00445286231115, -0.00469567021355, 0.00431842729449, -0.00339655089192], [0.000866697228048, -0.00219179317355, 0.0036626283545, -0.00303853000514, 0.00187102227937, -0.00199301820248, -9.11139504751e-05, -0.00206814706326, 0.0025568860583, -0.00279276049696, 0.00344986631535, -0.00338758272119, 0.00348312873393], [-0.000547749514226, 0.00221385248005, -0.00303853000514, 0.00634186062962, -0.00183633714914, 0.00161800556816, -0.000397707888624, 0.00186887325253, -0.00538371223956, 0.00342923915014, -0.00237736967392, 0.00219260924496, -0.00148829328828], [7.25904828869e-05, -0.0031377277337, 0.00187102227937, -0.00183633714914, 0.00640543410555, -0.00287830643356, -7.07921353751e-05, -0.00128555228002, 0.000751429412048, -0.00326591660269, 0.00223293551244, -0.00293587450869, 0.00109509017784], [-0.000783839903306, 0.00266699655913, -0.00199301820248, 0.00161800556816, -0.00287830643356, 0.00813425146043, -0.00434132944793, 0.00289483135566, -0.00146306224633, 0.00175643491093, -0.00458260765299, 0.00254195346497, -0.00196811882779], [0.000546415743884, -0.00193372776266, -9.11139504751e-05, -0.000397707888624, -7.07921353751e-05, -0.00434132944793, 0.0107606491074, -0.00377177097835, 0.00287839281373, -0.00228904373944, 0.000687192718033, 0.000123709512991, -0.000935268762987], [-0.00118979485705, 0.00238156481646, -0.00206814706326, 0.00186887325253, -0.00128555228002, 0.00289483135566, -0.00377177097835, 0.0127619476989, -0.00676359469071, 0.00159639783669, -0.00147315987851, 0.00126732862554, -0.00428304309025], [0.00144354416989, -0.00339742191136, 0.0025568860583, -0.00538371223956, 0.000751429412048, -0.00146306224633, 0.00287839281373, -0.00676359469071, 0.0157004836947, -0.00608810735866, 0.00296847638674, -0.00186473410577, 0.000795201107394], [-0.00161830917932, 0.00445286231115, -0.00279276049696, 0.00342923915014, -0.00326591660269, 0.00175643491093, -0.00228904373944, 0.00159639783669, -0.00608810735866, 0.0169419795275, -0.00771986972541, 0.00390685256571, -0.000939044868574], [0.0017988064792, -0.00469567021355, 0.00344986631535, -0.00237736967392, 0.00223293551244, -0.00458260765299, 0.000687192718033, -0.00147315987851, 0.00296847638674, -0.00771986972541, 0.0161245055497, -0.00547865312546, 0.00434509431943], [-0.0013276952086, 0.00431842729449, -0.00338758272119, 0.00219260924496, -0.00293587450869, 0.00254195346497, 0.000123709512991, 0.00126732862554, -0.00186473410577, 0.00390685256571, -0.00547865312546, 0.016411954537, -0.00656696828082], [0.00132879894227, -0.00339655089192, 0.00348312873393, -0.00148829328828, 0.00109509017784, -0.00196811882779, -0.000935268762987, -0.00428304309025, 0.000795201107394, -0.000939044868574, 0.00434509431943, -0.00656696828082, 0.0191342625767]]
    },
    "melbands": {
        "dmean": [0.00219330447726, 0.00177161791362, 0.000631682923995, 0.000619929982349, 0.000163911870914, 0.00015467160847, 0.00017270243552, 0.000145444311784, 0.000219801280764, 0.000154577282956, 0.000173814565642, 0.000161377523909, 0.000140288262628, 0.000149869534653, 0.000111748158815, 7.90182893979e-05, 5.18895976711e-05, 5.28554555785e-05, 4.89264857606e-05, 3.43992833223e-05, 2.11033620872e-05, 1.25461820062e-05, 1.18108346214e-05, 1.35209320433e-05, 1.20814520415e-05, 6.41359201836e-06, 2.90088041766e-06, 2.78063907899e-06, 3.37521896654e-06, 2.43256886279e-06, 2.11542237594e-06, 1.36245648719e-06, 1.14695751563e-06, 8.37232391859e-07, 7.70863437083e-07, 5.72851661218e-07, 4.25305046292e-07, 3.81624374768e-07, 3.61486030442e-07, 3.02965702303e-07],
        "dmean2": [0.00322959176265, 0.0027063540183, 0.00106474640779, 0.0010847619269, 0.000257172505371, 0.000235850806348, 0.00027071023942, 0.000227799551794, 0.000340465689078, 0.00023645197507, 0.000263767811703, 0.000254967977526, 0.000196523717023, 0.000214844898437, 0.000162841868587, 0.000116966068163, 8.19712877274e-05, 7.88602847024e-05, 7.47239246266e-05, 5.25414434378e-05, 3.32579002134e-05, 1.92664665519e-05, 1.80587485374e-05, 2.11791393667e-05, 1.91882463696e-05, 1.03123429653e-05, 4.59412922282e-06, 4.32264550909e-06, 5.12153428645e-06, 3.73432681045e-06, 3.2304940305e-06, 2.09156837627e-06, 1.62330536568e-06, 1.23132474528e-06, 1.15966076919e-06, 8.65201457145e-07, 6.64821811824e-07, 6.00487908287e-07, 5.48293201064e-07, 4.68491066385e-07],
        "dvar": [1.7405311155e-05, 1.27781431729e-05, 1.89966704056e-06, 4.24290328738e-06, 5.28820258694e-08, 6.98681361655e-08, 7.00270348375e-08, 3.71453374726e-08, 2.75712324083e-07, 1.94000506326e-07, 3.17472995448e-07, 2.35056845099e-07, 1.79802356115e-07, 1.62278951166e-07, 8.33101978515e-08, 3.30941709592e-08, 1.45648231253e-08, 1.18958825013e-08, 1.64756350785e-08, 7.23956805615e-09, 3.35860583789e-09, 1.19020848732e-09, 7.19623471923e-10, 6.75278610807e-10, 6.92687629478e-10, 1.29851393527e-10, 3.08034847629e-11, 2.42922713195e-11, 5.76309069911e-11, 3.29728223891e-11, 2.16780465107e-11, 7.85280434429e-12, 5.17398407104e-12, 2.344607581e-12, 2.0973114738e-12, 8.46159405564e-13, 4.95762610651e-13, 4.44816573983e-13, 3.93285799977e-13, 3.09318163531e-13],
        "dvar2": [3.50821319444e-05, 2.82638793578e-05, 5.11755752086e-06, 1.18127964015e-05, 1.1347140827e-07, 1.5308610557e-07, 1.69745533185e-07, 9.18758544799e-08, 6.29316332379e-07, 4.59844443412e-07, 8.10635583548e-07, 5.78940500873e-07, 3.23320620055e-07, 3.14160672588e-07, 1.67413958252e-07, 6.67428068368e-08, 3.34968532911e-08, 2.36229258377e-08, 3.76622217857e-08, 1.52881174387e-08, 7.93918886188e-09, 2.5249577984e-09, 1.78446590837e-09, 1.60674917815e-09, 1.65821067988e-09, 3.35039634924e-10, 7.25456014705e-11, 5.52794060527e-11, 1.35979102978e-10, 7.08861580545e-11, 4.92679889941e-11, 1.77912701932e-11, 9.37410912782e-12, 4.49363810051e-12, 4.4999403509e-12, 1.67542444762e-12, 1.08318985292e-12, 9.19007491634e-13, 8.18903321889e-13, 6.55562247282e-13],
        "max": [0.0361075624824, 0.0397796072066, 0.0133367329836, 0.0195316597819, 0.00463943462819, 0.0068945037201, 0.00339853786863, 0.00223711808212, 0.00913557782769, 0.00766906095669, 0.00986704975367, 0.0072540929541, 0.00793703179806, 0.00673550739884, 0.00482472078875, 0.00390445720404, 0.00178915599827, 0.00162832485512, 0.00170505384449, 0.00124070607126, 0.00119457894471, 0.000568331044633, 0.000537598563824, 0.000372941314708, 0.000412082357798, 0.000182120318641, 8.1400226918e-05, 7.81751878094e-05, 0.000168108366779, 0.000126407350763, 8.29325799714e-05, 3.36930643243e-05, 2.98540126096e-05, 2.14330611925e-05, 1.8389786419e-05, 1.22949477372e-05, 1.36020635182e-05, 1.11014142021e-05, 1.14804897748e-05, 6.67042240821e-06],
        "mean": [0.00292522576638, 0.00271791545674, 0.000773327075876, 0.00059332314413, 0.000312188785756, 0.000341310631484, 0.000387978652725, 0.000284072826616, 0.000397484836867, 0.00031085460796, 0.000269748066785, 0.000242919209995, 0.000209510166314, 0.000282204448013, 0.000203852061532, 0.000148070132127, 8.96672645467e-05, 9.08256115508e-05, 7.12693290552e-05, 5.02384937136e-05, 3.27509078488e-05, 1.99362420972e-05, 2.04330262932e-05, 2.41936832026e-05, 2.08011515497e-05, 1.16653154691e-05, 5.68341420148e-06, 5.85722864344e-06, 6.13142947259e-06, 4.24061909143e-06, 3.91854609916e-06, 2.56714474745e-06, 2.24916948355e-06, 1.72543695953e-06, 1.67313771726e-06, 1.35496304665e-06, 9.79447236205e-07, 8.10610401913e-07, 7.2465724088e-07, 5.66736730434e-07],
        "median": [0.00114423979539, 0.00146565539762, 0.000349103240296, 0.000170259212609, 0.000196665525436, 0.000228443183005, 0.000192385487026, 0.00018288512365, 0.000184084972716, 0.000119257609185, 6.46046464681e-05, 5.35153922101e-05, 3.59627520083e-05, 3.70325687982e-05, 4.20292162744e-05, 3.12373740599e-05, 1.62153301062e-05, 2.40843692154e-05, 2.32002057601e-05, 1.10285945993e-05, 1.12667885332e-05, 8.63076093083e-06, 7.4114459494e-06, 1.09425218398e-05, 9.37244567467e-06, 6.33739637124e-06, 3.24771576743e-06, 3.13859459311e-06, 2.93398716167e-06, 2.24000632443e-06, 1.57136105372e-06, 1.00617069165e-06, 8.06424907296e-07, 7.74428940531e-07, 8.25539814286e-07, 7.54031020733e-07, 5.5420133549e-07, 4.36871033571e-07, 3.86886739534e-07, 2.57396038705e-07],
        "min": [2.399200838e-08, 3.42230038086e-07, 2.74632316177e-06, 9.95348955257e-07, 5.92980723013e-06, 4.43801309302e-06, 1.07374285108e-06, 1.183543759e-06, 4.95055871852e-07, 1.13254702683e-06, 2.29652300732e-07, 4.10048045296e-07, 3.24653882444e-07, 2.02209591293e-07, 4.6524866093e-07, 3.18752540807e-07, 1.50474335214e-07, 1.48980504378e-07, 5.84586743457e-08, 4.64711895631e-08, 5.29676640326e-08, 2.72466582629e-08, 2.32043433357e-08, 2.83986487659e-08, 2.44816433792e-08, 2.07933776863e-08, 1.66064424434e-08, 1.22851773199e-08, 8.69801652925e-09, 7.71210828532e-09, 7.3191470662e-09, 5.7525051389e-09, 3.3684972589e-09, 2.70502398259e-10, 1.28924859677e-09, 1.23084975545e-09, 1.27403365635e-09, 3.8596245644e-10, 1.59878485451e-10, 1.47319255319e-12],
