{
"highlevel": {
    "danceability": {
        "all": {
            "danceable": 0.999999523163,
            "not_danceable": 4.52870040135e-07
        },
        "probability": 0.999999523163,
        "value": "danceable"
    },
    "gender": {
        "all": {
            "female": 0.881384968758,
            "male": 0.118615008891
        },
        "probability": 0.881384968758,
        "value": "female"
    },
    "genre_dortmund": {
        "all": {
            "alternative": 0.00436582230031,
            "blues": 0.00459352415055,
            "electronic": 0.122704409063,
            "folkcountry": 0.00467898603529,
            "funksoulrnb": 0.00134174339473,
            "jazz": 0.015125265345,
            "pop": 0.0185783598572,
            "raphiphop": 0.817688524723,
            "rock": 0.0109233791009
        },
        "probability": 0.817688524723,
        "value": "raphiphop"
    },
    "genre_electronic": {
        "all": {
            "ambient": 0.132341757417,
            "dnb": 0.405806213617,
            "house": 0.260616749525,
            "techno": 0.050178386271,
            "trance": 0.151056885719
        },
        "probability": 0.405806213617,
        "value": "dnb"
    },
    "genre_rosamerica": {
        "all": {
            "cla": 0.00142807932571,
            "dan": 0.362289100885,
            "hip": 0.575926482677,
            "jaz": 0.00169692048803,
            "pop": 0.0051979161799,
            "rhy": 0.0470203235745,
            "roc": 0.00316386995837,
            "spe": 0.00327729503624
        },
        "probability": 0.575926482677,
        "value": "hip"
    },
    "genre_tzanetakis": {
        "all": {
            "blu": 0.0626541376114,
            "cla": 0.0348133966327,
            "cou": 0.0783501937985,
            "dis": 0.104547761381,
            "hip": 0.15693578124,
            "jaz": 0.313987255096,
            "met": 0.044816005975,
            "pop": 0.0627349764109,
            "reg": 0.0627352520823,
            "roc": 0.0784252434969
        },
        "probability": 0.313987255096,
        "value": "jaz"
    },
    "ismir04_rhythm": {
        "all": {
            "ChaChaCha": 0.12091833353,
            "Jive": 0.107331253588,
            "Quickstep": 0.128800213337,
            "Rumba-American": 0.0530881471932,
            "Rumba-International": 0.079334333539,
            "Rumba-Misc": 0.0721349045634,
            "Samba": 0.328131735325,
            "Tango": 0.0382720865309,
            "VienneseWaltz": 0.0366275049746,
            "Waltz": 0.0353614911437
        },
        "probability": 0.328131735325,
        "value": "Samba"
    },
    "mood_acoustic": {
        "all": {
            "acoustic": 0.117155410349,
            "not_acoustic": 0.882844567299
        },
        "probability": 0.882844567299,
        "value": "not_acoustic"
    },
    "mood_aggressive": {
        "all": {
            "aggressive": 0.163904264569,
            "not_aggressive": 0.836095750332
        },
        "probability": 0.836095750332,
        "value": "not_aggressive"
    },
    "mood_electronic": {
        "all": {
            "electronic": 0.898688316345,
            "not_electronic": 0.101311668754
        },
        "probability": 0.898688316345,
        "value": "electronic"
    },
    "mood_happy": {
        "all": {
            "happy": 0.720175147057,
            "not_happy": 0.279824852943
        },
        "probability": 0.720175147057,
        "value": "happy"
    },
    "mood_party": {
        "all": {
            "not_party": 0.264443695545,
            "party": 0.735556304455
        },
        "probability": 0.735556304455,
        "value": "party"
    },
    "mood_relaxed": {
        "all": {
            "not_relaxed": 0.588598430157,
            "relaxed": 0.411401599646
        },
        "probability": 0.588598430157,
        "value": "not_relaxed"
    },
    "mood_sad": {
        "all": {
            "not_sad": 0.671678245068,
            "sad": 0.32832172513
        },
        "probability": 0.671678245068,
        "value": "not_sad"
    },
    "moods_mirex": {
        "all": {
            "Cluster1": 0.356559544802,
            "Cluster2": 0.106759272516,
            "Cluster3": 0.111759334803,
            "Cluster4": 0.119359232485,
            "Cluster5": 0.305562645197
        },
        "probability": 0.356559544802,
        "value": "Cluster1"
    },
    "timbre": {
        "all": {
            "bright": 0.962698578835,
            "dark": 0.0373014435172
        },
        "probability": 0.962698578835,
        "value": "bright"
    },
    "tonal_atonal": {
        "all": {
            "atonal": 0.0863372534513,
            "tonal": 0.913662731647
        },
        "probability": 0.913662731647,
        "value": "tonal"
    },
    "voice_instrumental": {
        "all": {
            "instrumental": 0.015386512503,
            "voice": 0.984613478184
        },
        "probability": 0.984613478184,
        "value": "voice"
    }
},
"lowlevel": {
    "average_loudness": 0.982392728329,
    "barkbands_crest": {
        "dmean": 3.21913027763,
        "dmean2": 4.9114151001,
        "dvar": 10.9162940979,
        "dvar2": 22.8008327484,
        "max": 26.3394527435,
        "mean": 17.0685653687,
        "median": 17.4197330475,
        "min": 1.87615299225,
        "var": 40.6951332092
    },
    "barkbands_flatness_db": {
        "dmean": 0.0364939495921,
        "dmean2": 0.0525427609682,
        "dvar": 0.00115059909876,
        "dvar2": 0.00214456347749,
        "max": 0.450561732054,
        "mean": 0.202440232038,
        "median": 0.195333182812,
        "min": 0.0435532927513,
        "var": 0.00520859193057
    },
    "barkbands_kurtosis": {
        "dmean": 25.4825649261,
        "dmean2": 39.4483184814,
        "dvar": 2979.86523438,
        "dvar2": 6682.828125,
        "max": 757.485656738,
        "mean": 33.2512321472,
        "median": 7.38562583923,
        "min": -1.83491563797,
        "var": 4542.49804688
    },
    "barkbands_skewness": {
        "dmean": 1.65809261799,
        "dmean2": 2.43562602997,
        "dvar": 4.3288192749,
        "dvar2": 8.50862598419,
        "max": 23.6937713623,
        "mean": 3.79549741745,
        "median": 2.54822206497,
        "min": -0.868131935596,
        "var": 13.2137126923
    },
    "barkbands_spread": {
        "dmean": 8.92799854279,
        "dmean2": 14.3889217377,
        "dvar": 163.474487305,
        "dvar2": 354.807342529,
        "max": 105.245361328,
        "mean": 17.9078006744,
        "median": 12.3565473557,
        "min": 0.169387310743,
        "var": 318.200592041
    },
    "dissonance": {
        "dmean": 0.0300630293787,
        "dmean2": 0.0486090518534,
        "dvar": 0.000822480244096,
        "dvar2": 0.00207627541386,
        "max": 0.500000119209,
        "mean": 0.449431121349,
        "median": 0.457373529673,
        "min": 0.227785140276,
        "var": 0.00170919776428
    },
    "dynamic_complexity": 2.17260193825,
    "erbbands_crest": {
        "dmean": 3.66549420357,
        "dmean2": 5.83643865585,
        "dvar": 10.9475851059,
        "dvar2": 23.7384757996,
        "max": 27.4012527466,
        "mean": 9.79249095917,
        "median": 8.82304668427,
        "min": 2.59045624733,
        "var": 23.2413482666
    },
    "erbbands_flatness_db": {
        "dmean": 0.0256622247398,
        "dmean2": 0.0379524044693,
        "dvar": 0.000527584867086,
        "dvar2": 0.000924118270632,
        "max": 0.290870398283,
        "mean": 0.130387380719,
        "median": 0.126653909683,
        "min": 0.0407519973814,
        "var": 0.0018304111436
    },
    "erbbands_kurtosis": {
        "dmean": 1.38057494164,
        "dmean2": 2.21276497841,
        "dvar": 3.21616125107,
        "dvar2": 7.20346450806,
        "max": 21.8662586212,
        "mean": 0.832731366158,
        "median": 0.0569939613342,
        "min": -1.77928030491,
        "var": 6.01490545273
    },
    "erbbands_skewness": {
        "dmean": 0.556422114372,
        "dmean2": 0.871262609959,
        "dvar": 0.257665425539,
        "dvar2": 0.592988550663,
        "max": 4.21570682526,
        "mean": 0.581171095371,
        "median": 0.568090796471,
        "min": -2.67123365402,
        "var": 0.563146412373
    },
    "erbbands_spread": {
        "dmean": 18.0775794983,
        "dmean2": 28.07721138,
        "dvar": 386.735473633,
        "dvar2": 781.014160156,
        "max": 181.541549683,
        "mean": 51.8173751831,
        "median": 43.4838981628,
        "min": 4.5298833847,
        "var": 985.696655273
    },
    "hfc": {
        "dmean": 12.2778987885,
        "dmean2": 19.1541690826,
        "dvar": 228.068084717,
        "dvar2": 468.468719482,
        "max": 138.978515625,
        "mean": 25.3118362427,
        "median": 21.7089996338,
        "min": 0.776787936687,
        "var": 419.605651855
    },
    "melbands_crest": {
        "dmean": 3.34425234795,
        "dmean2": 5.14359998703,
        "dvar": 12.2683258057,
        "dvar2": 25.8152446747,
        "max": 32.6247749329,
        "mean": 22.2190666199,
        "median": 23.5412826538,
        "min": 4.92585277557,
        "var": 51.4943161011
    },
    "melbands_flatness_db": {
        "dmean": 0.0442129597068,
        "dmean2": 0.0627842992544,
        "dvar": 0.00181749230251,
        "dvar2": 0.00321828923188,
        "max": 0.571479856968,
        "mean": 0.272042900324,
        "median": 0.267137259245,
        "min": 0.0282847993076,
        "var": 0.00878109037876
    },
    "melbands_kurtosis": {
        "dmean": 56.4463157654,
        "dmean2": 86.9533538818,
        "dvar": 9918.66210938,
        "dvar2": 21142.7890625,
        "max": 937.951904297,
        "mean": 83.2948913574,
        "median": 21.2932434082,
        "min": -1.41844773293,
        "var": 19595.5175781
    },
    "melbands_skewness": {
        "dmean": 2.17522311211,
        "dmean2": 3.17442417145,
        "dvar": 6.32262802124,
        "dvar2": 11.7570037842,
        "max": 24.8557186127,
        "mean": 5.57426595688,
        "median": 3.98907971382,
        "min": -0.707478106022,
        "var": 22.1184482574
    },
    "melbands_spread": {
        "dmean": 6.95120763779,
        "dmean2": 10.4645357132,
        "dvar": 110.33190918,
        "dvar2": 198.713790894,
        "max": 124.74747467,
        "mean": 14.6748104095,
        "median": 9.50054359436,
        "min": 0.25455442071,
        "var": 274.056427002
    },
    "pitch_salience": {
        "dmean": 0.0929599776864,
        "dmean2": 0.143100529909,
        "dvar": 0.00869666505605,
        "dvar2": 0.0184239204973,
        "max": 0.877989768982,
        "mean": 0.374269753695,
        "median": 0.38512173295,
        "min": 0.0435195453465,
        "var": 0.0283987149596
    },
    "silence_rate_20dB": {
        "dmean": 0.0123839005828,
        "dmean2": 0.0247869864106,
        "dvar": 0.0122306114063,
        "dvar2": 0.0334675312042,
        "max": 1,
        "mean": 0.992266058922,
        "median": 1,
        "min": 0,
        "var": 0.00767413293943
    },
    "silence_rate_30dB": {
        "dmean": 0.0990712046623,
        "dmean2": 0.198295891285,
        "dvar": 0.0892548039556,
        "dvar2": 0.180663913488,
        "max": 1,
        "mean": 0.712296962738,
        "median": 1,
        "min": 0,
        "var": 0.204931750894
    },
    "silence_rate_60dB": {
        "dmean": 0.0030959751457,
        "dmean2": 0.00619674660265,
        "dvar": 0.00308636180125,
        "dvar2": 0.00615842267871,
        "max": 1,
        "mean": 0.00309358071536,
        "median": 0,
        "min": 0,
        "var": 0.00308399088681
    },
    "spectral_centroid": {
        "dmean": 389.508850098,
        "dmean2": 602.870300293,
        "dvar": 223034.828125,
        "dvar2": 502579.34375,
        "max": 4250.65283203,
        "mean": 1132.63635254,
        "median": 918.904846191,
        "min": 143.309234619,
        "var": 468238.34375
    },
    "spectral_complexity": {
        "dmean": 4.42260074615,
        "dmean2": 6.6320681572,
        "dvar": 34.3491516113,
        "dvar2": 51.4828186035,
        "max": 60,
        "mean": 14.6140756607,
        "median": 12,
        "min": 1,
        "var": 92.0249710083
    },
    "spectral_decrease": {
        "dmean": 7.0656080986e-09,
        "dmean2": 1.00751602616e-08,
        "dvar": 1.62316261938e-16,
        "dvar2": 2.6626112767e-16,
        "max": -4.23901413971e-10,
        "mean": -2.08412949121e-08,
        "median": -1.32661561736e-08,
        "min": -1.07681380257e-07,
        "var": 3.99603912963e-16
    },
    "spectral_energy": {
        "dmean": 0.027166120708,
        "dmean2": 0.0388379357755,
        "dvar": 0.00234026019461,
        "dvar2": 0.0038401435595,
        "max": 0.409677773714,
        "mean": 0.0809556767344,
        "median": 0.0528776235878,
        "min": 0.00178858439904,
        "var": 0.00575448945165
    },
    "spectral_energyband_high": {
        "dmean": 0.000985418795608,
        "dmean2": 0.00160759792197,
        "dvar": 2.32224806496e-06,
        "dvar2": 4.81098368255e-06,
        "max": 0.0122279794887,
        "mean": 0.0011566755129,
        "median": 0.000479024078231,
        "min": 4.88564364787e-06,
        "var": 3.2749926504e-06
    },
    "spectral_energyband_low": {
        "dmean": 0.0242687873542,
        "dmean2": 0.0339955836535,
        "dvar": 0.00236657611094,
        "dvar2": 0.00381396547891,
        "max": 0.395479232073,
        "mean": 0.0631557032466,
        "median": 0.0310450252146,
        "min": 0.000672209309414,
        "var": 0.00567231094465
    },
    "spectral_energyband_middle_high": {
        "dmean": 0.00249828933738,
        "dmean2": 0.00342852482572,
        "dvar": 1.28130404846e-05,
        "dvar2": 1.95140291908e-05,
        "max": 0.0375976189971,
        "mean": 0.00475665414706,
        "median": 0.00230578938499,
        "min": 9.72765192273e-05,
        "var": 4.02123951062e-05
    },
    "spectral_energyband_middle_low": {
        "dmean": 0.00928222108632,
        "dmean2": 0.0152434092015,
        "dvar": 0.000379657343728,
        "dvar2": 0.00107458874118,
        "max": 0.151213303208,
        "mean": 0.0131079917774,
        "median": 0.00830121617764,
        "min": 3.69193112419e-05,
        "var": 0.000301386055071
    },
    "spectral_entropy": {
        "dmean": 0.276475220919,
        "dmean2": 0.405666440725,
        "dvar": 0.0660105794668,
        "dvar2": 0.1399718225,
        "max": 8.72716236115,
        "mean": 7.67152833939,
        "median": 7.62194299698,
        "min": 6.4254488945,
        "var": 0.183788046241
    },
    "spectral_flux": {
        "dmean": 0.0536150857806,
        "dmean2": 0.086150765419,
        "dvar": 0.00544760376215,
        "dvar2": 0.0113791394979,
        "max": 0.571730434895,
        "mean": 0.128163352609,
        "median": 0.106456167996,
        "min": 0.015785606578,
        "var": 0.00920588895679
    },
    "spectral_kurtosis": {
        "dmean": 1.48857688904,
        "dmean2": 2.32160520554,
        "dvar": 2.03918981552,
        "dvar2": 4.70881509781,
        "max": 12.6223707199,
        "mean": 3.0294444561,
        "median": 2.7944893837,
        "min": -1.07841670513,
        "var": 4.75032091141
    },
    "spectral_rms": {
        "dmean": 0.00142635288648,
        "dmean2": 0.00199854583479,
        "dvar": 4.20774358645e-06,
        "dvar2": 6.49201820124e-06,
        "max": 0.0199921391904,
        "mean": 0.00804792530835,
        "median": 0.00718247331679,
        "min": 0.00132096954621,
        "var": 1.42120197779e-05
    },
    "spectral_rolloff": {
        "dmean": 573.747314453,
        "dmean2": 952.833557129,
        "dvar": 1649182.875,
        "dvar2": 3741825,
        "max": 10529.7363281,
        "mean": 892.48840332,
        "median": 452.197265625,
        "min": 64.599609375,
        "var": 2321786.75
    },
    "spectral_skewness": {
        "dmean": 0.305666685104,
        "dmean2": 0.472570598125,
        "dvar": 0.0778495594859,
        "dvar2": 0.182066395879,
        "max": 3.04340982437,
        "mean": 1.4849230051,
        "median": 1.48340940475,
        "min": 0.347916573286,
        "var": 0.190988451242
    },
    "spectral_spread": {
        "dmean": 1257431.875,
        "dmean2": 1890635.75,
        "dvar": 2.01369020006e+12,
        "dvar2": 3.79474699878e+12,
        "max": 20232766,
        "mean": 6117809,
        "median": 5466973,
        "min": 2658055.25,
        "var": 4.67337530573e+12
    },
    "spectral_strongpeak": {
        "dmean": 0.406302720308,
        "dmean2": 0.660743176937,
        "dvar": 0.541917622089,
        "dvar2": 1.24234569073,
        "max": 6.56954956055,
        "mean": 0.837961733341,
        "median": 0.611078560352,
        "min": 0.0461066327989,
        "var": 0.728245913982
    },
    "zerocrossingrate": {
        "dmean": 0.0139832869172,
        "dmean2": 0.0166397634894,
        "dvar": 0.000272666889941,
        "dvar2": 0.000331880990416,
        "max": 0.2265625,
        "mean": 0.0415492206812,
        "median": 0.03173828125,
        "min": 0.00244140625,
        "var": 0.00130878249183
    },
    "barkbands": {
        "dmean": [0.000696837087162, 0.0230485759676, 0.00517510203645, 0.00296258390881, 0.00217026867904, 0.000932102499064, 0.00345413456671, 0.00167750893161, 0.00119076040573, 0.000854738987982, 0.000608274131082, 0.000531692348886, 0.000495191023219, 0.000280260428553, 0.000254240818322, 0.000246730138315, 0.000183680691407, 0.000136365953949, 0.00021580302564, 0.000152352338773, 0.000139876065077, 0.000194354666746, 0.000172485990333, 0.00022949979757, 0.000208021388971, 6.18088160991e-05, 6.97685509365e-09],
        "dmean2": [0.00116006610915, 0.0335517339408, 0.00944323278964, 0.0055238022469, 0.00367427407764, 0.00170753872953, 0.00545761315152, 0.00269172596745, 0.0018205208471, 0.00119225250091, 0.000920970458537, 0.000823346083052, 0.000773025269154, 0.000456464884337, 0.000400939083192, 0.00037919866736, 0.000308302871417, 0.000202967785299, 0.000330254872097, 0.000261521345237, 0.000214781714021, 0.000318885198794, 0.000289405259537, 0.000378732162062, 0.00034562885412, 0.000100903853308, 1.13946203584e-08],
        "dvar": [1.30690921196e-06, 0.00229022232816, 0.000313616008498, 0.000132862012833, 2.46012059506e-05, 9.09557365958e-06, 2.7798487281e-05, 2.36383857555e-05, 6.33393801763e-06, 5.19900777363e-06, 2.9157647532e-06, 2.27521945817e-06, 9.8731311482e-07, 2.55784414094e-07, 1.79801915579e-07, 1.61975449942e-07, 1.38531987659e-07, 1.00104145417e-07, 1.67049705624e-07, 1.41024486311e-07, 5.88593991324e-08, 1.00689995008e-07, 8.52635224646e-08, 1.12444553224e-07, 1.1170785541e-07, 8.9789269353e-09, 4.43891215899e-15],
        "dvar2": [3.34838136951e-06, 0.00389308808371, 0.00089137069881, 0.000389008811908, 6.90100423526e-05, 2.63084475591e-05, 5.61786873732e-05, 5.2871517255e-05, 1.37081406137e-05, 9.09368463908e-06, 5.48305615666e-06, 4.80836934003e-06, 2.13174575947e-06, 6.25017378297e-07, 4.03024387197e-07, 3.50984606712e-07, 3.51846011881e-07, 2.20636479753e-07, 3.12522530521e-07, 3.62623893579e-07, 1.19164290879e-07, 1.97291214477e-07, 1.97350104258e-07, 2.6178565804e-07, 2.56302342905e-07, 1.95062046515e-08, 5.55645312476e-15],
        "max": [0.0107081644237, 0.389319032431, 0.129470571876, 0.0852159932256, 0.0519505664706, 0.0249655917287, 0.052785821259, 0.0635247379541, 0.0293222032487, 0.0286757685244, 0.0323116369545, 0.0261417664587, 0.0114351147786, 0.00590376928449, 0.00525394361466, 0.00323179550469, 0.00440963217989, 0.00460542133078, 0.00466174213216, 0.00403189100325, 0.00258667697199, 0.00299786683172, 0.00232990458608, 0.00331116770394, 0.00455216132104, 0.000919435347896, 2.23889651352e-06],
        "mean": [0.00113874871749, 0.057099558413, 0.0037931452971, 0.00210624816827, 0.00257599540055, 0.000785018259194, 0.00432265037671, 0.0016634366475, 0.00144213298336, 0.00106431636959, 0.000751244777348, 0.000661823025439, 0.000603469088674, 0.000345477543306, 0.000337324454449, 0.000325344735757, 0.000231065379921, 0.000166195226484, 0.000305160559947, 0.000170330546098, 0.000166365018231, 0.000200027585379, 0.000178335787496, 0.000240753885009, 0.000212000813917, 6.95963099133e-05, 6.01069638506e-09],
        "median": [0.00056522374507, 0.0264676809311, 0.000785256386735, 0.000441955809947, 0.001246376778, 0.000257696839981, 0.00127021875232, 0.000191676634131, 0.000265363312792, 0.000110130589746, 0.000173481719685, 0.000149274201249, 0.000128283165395, 0.000105348881334, 0.000122941361042, 8.12725047581e-05, 4.96771608596e-05, 3.77309479518e-05, 6.92952380632e-05, 5.50531694898e-05, 6.13702650298e-05, 7.06764112692e-05, 6.42323648208e-05, 9.06373898033e-05, 5.93193544773e-05, 2.0543086066e-05, 1.39097688923e-09],
        "min": [1.39862731885e-06, 0.000372916605556, 2.37907102019e-06, 3.1531581044e-06, 5.7421971178e-06, 8.96584197108e-07, 4.88000659971e-06, 2.71095586868e-06, 3.22717846757e-06, 5.53429629235e-07, 3.95895995098e-07, 8.79912079199e-07, 3.10513428303e-06, 4.59607872472e-06, 3.80974688596e-06, 2.74732246908e-06, 2.55738632404e-06, 3.32966442329e-06, 1.88495846487e-06, 8.15747057459e-07, 7.43793293623e-07, 8.49511422985e-07, 5.1173645943e-07, 3.20174564195e-07, 1.14923189187e-07, 1.19921563999e-11, 1.29785279745e-11],
        "var": [2.03985723601e-06, 0.00491832802072, 0.000187540004845, 7.41210096749e-05, 1.9041926862e-05, 5.43883197679e-06, 4.71633720736e-05, 2.815175867e-05, 1.00583820313e-05, 9.19285866985e-06, 5.17581702297e-06, 2.99703356177e-06, 1.40744714372e-06, 3.5722763414e-07, 2.63710347781e-07, 2.75199340649e-07, 2.03691342904e-07, 1.49608425204e-07, 3.52052893504e-07, 1.38611554235e-07, 9.1743793007e-08, 1.3679054689e-07, 9.75383116497e-08, 1.40287610861e-07, 1.44488026876e-07, 1.37368072473e-08, 4.19146122432e-15]
    },
    "erbbands": {
        "dmean": [0.85860234499, 4.77028417587, 6.48292970657, 8.40863609314, 7.79908370972, 8.58971881866, 6.19072008133, 9.38806152344, 31.8986301422, 60.5305290222, 26.0522994995, 27.4861164093, 21.906917572, 31.6193008423, 20.4488105774, 20.5491161346, 21.2398223877, 16.3446865082, 11.412774086, 13.9156637192, 13.0267677307, 9.86331176758, 7.23162984848, 9.54917812347, 10.1428394318, 7.52800893784, 5.36910629272, 5.57624387741, 5.92815065384, 7.60067892075, 5.05083942413, 4.70646572113, 3.86231517792, 3.02539229393, 1.06901228428, 0.334722936153, 0.132800862193, 0.00996848382056, 0.000190875536646, 3.60667108907e-05],
        "dmean2": [1.28189957142, 7.00205278397, 11.5226964951, 15.6250457764, 14.0268068314, 14.3545532227, 11.1776371002, 16.8677616119, 51.8332366943, 91.347038269, 41.4083938599, 40.9757614136, 32.7897109985, 41.8156852722, 30.8607883453, 30.6642932892, 32.7826576233, 25.7205295563, 17.6951732635, 21.725736618, 19.8180999756, 16.3776664734, 10.6883106232, 13.7448406219, 15.8307561874, 12.7344474792, 8.42102622986, 8.8844203949, 9.21751976013, 13.1560153961, 8.55554008484, 7.75427103043, 6.4149813652, 5.14788627625, 1.70751976967, 0.548073172569, 0.220783904195, 0.0165064316243, 0.00031178604695, 5.30626421096e-05],
        "dvar": [3.16957616806, 106.386299133, 420.343597412, 995.008117676, 580.303100586, 275.642852783, 290.195709229, 836.366760254, 2721.49023438, 10450.703125, 5784.2890625, 3923.05151367, 3081.41333008, 6715.90087891, 3725.4621582, 2462.73632812, 1938.67456055, 898.979858398, 329.665863037, 550.320922852, 473.813659668, 421.841522217, 282.098937988, 410.791229248, 365.533966064, 381.459014893, 124.053131104, 76.419052124, 114.397109985, 176.541976929, 70.5018386841, 49.4377288818, 33.7090950012, 22.8370857239, 3.61545348167, 0.264662265778, 0.0477128587663, 0.000370611815015, 1.10342355697e-07, 2.84836332298e-09],
        "dvar2": [6.32051420212, 191.61907959, 1175.44604492, 2862.77026367, 1696.23937988, 730.208862305, 824.361755371, 2417.36743164, 6466.99902344, 19298.6386719, 14130.2451172, 8136.72558594, 6190.96972656, 10754.3017578, 8168.14160156, 5504.01757812, 4393.28466797, 2140.93554688, 698.778015137, 1238.26196289, 1002.34393311, 1055.71740723, 568.942626953, 772.489013672, 771.434570312, 1005.50531006, 240.903198242, 138.207183838, 224.744262695, 426.729766846, 164.581283569, 112.252532959, 79.7720031738, 53.9690055847, 7.98267841339, 0.582623302937, 0.11266130954, 0.000920269114431, 2.60372672756e-07, 4.65907801228e-09],
        "max": [14.0891857147, 76.7024688721, 143.836288452, 239.869628906, 233.647918701, 165.847213745, 194.929458618, 247.903869629, 521.248840332, 1022.78417969, 1152.11901855, 885.860229492, 715.857543945, 1198.47290039, 1166.92333984, 805.615661621, 623.503295898, 321.813995361, 233.597076416, 204.702011108, 174.850601196, 236.153839111, 228.542953491, 263.222320557, 289.407531738, 222.719787598, 117.052833557, 102.08493042, 141.069671631, 91.2007522583, 75.5927734375, 82.6541519165, 52.9717063904, 56.0747261047, 28.5495529175, 4.57136678696, 2.30276584625, 0.240325763822, 0.00399063806981, 0.000448214297649],
        "mean": [2.16394734383, 10.786195755, 6.08128070831, 6.22249317169, 7.40259838104, 9.94537830353, 5.53309011459, 8.47736167908, 36.7220191956, 76.8135528564, 28.6596870422, 33.7654838562, 27.2903881073, 43.4237442017, 26.8165512085, 26.709104538, 27.2189826965, 20.8604564667, 16.6574783325, 17.9324645996, 18.1023368835, 13.3399000168, 9.31632041931, 13.375620842, 13.8354377747, 8.16587638855, 6.39540433884, 7.1932182312, 6.52972745895, 6.70820045471, 5.15387248993, 4.88275623322, 4.05088567734, 2.95332407951, 1.14177966118, 0.358573377132, 0.137989908457, 0.0101261362433, 0.000239479573793, 0.000103024038253],
        "median": [1.06633663177, 4.67165851593, 2.13425087929, 1.47935116291, 3.3833963871, 3.99364185333, 1.83752048016, 3.21213150024, 11.7656698227, 19.0594043732, 6.81209468842, 6.54479122162, 4.7704744339, 6.99033117294, 6.28260803223, 7.10656499863, 6.37185335159, 6.30754089355, 6.93739318848, 5.6203212738, 4.31136798859, 2.97218251228, 2.26442718506, 2.64664435387, 3.75335359573, 2.64028501511, 2.02872061729, 2.7528295517, 2.66937208176, 1.83165681362, 1.82690405846, 1.81074464321, 1.47797071934, 0.871686518192, 0.283130079508, 0.106579765677, 0.0349283069372, 0.00238638068549, 0.000100376608316, 7.70430633565e-05],
        "min": [0.00832224823534, 0.0402185767889, 0.0328141413629, 0.0132146598771, 0.0288301166147, 0.0225891880691, 0.0102950120345, 0.00950852967799, 0.0622002929449, 0.0790691524744, 0.0289963409305, 0.0580227039754, 0.0427381545305, 0.0180356651545, 0.0257364958525, 0.0363569930196, 0.117566034198, 0.321317613125, 0.285889953375, 0.193005844951, 0.180106639862, 0.177105888724, 0.223302006721, 0.117838673294, 0.100937753916, 0.0437959730625, 0.0206941347569, 0.031000521034, 0.0315938070416, 0.0116722937673, 0.0134606212378, 0.00505815073848, 0.00817729718983, 0.00281556858681, 0.000228732154937, 5.04401723447e-05, 8.91124636837e-06, 1.19579760849e-06, 1.84993143648e-06, 2.50697553383e-06],
        "var": [6.72013044357, 196.026779175, 281.233886719, 572.190551758, 344.150268555, 275.035736084, 192.360214233, 513.991210938, 3642.58666992, 19494.1171875, 5946.06787109, 6274.13476562, 4553.93261719, 14343.9394531, 5109.55957031, 3414.81835938, 2662.75170898, 1286.8046875, 553.704040527, 813.042236328, 870.473693848, 648.249084473, 439.650146484, 856.255310059, 631.174316406, 349.36907959, 176.906799316, 140.036743164, 159.548309326, 172.461135864, 79.3558578491, 60.9165229797, 41.7634277344, 27.0615444183, 4.98654794693, 0.371292471886, 0.0621090531349, 0.000429092004197, 1.43988714285e-07, 7.20349291328e-09]
    },
    "gfcc": {
        "mean": [18.9715557098, 87.2457351685, -87.0216369629, 41.0745048523, -53.6810035706, 36.2394599915, -30.3512420654, 22.2242164612, -12.3123483658, 15.3039731979, -6.82632732391, 1.90943086147, -7.46977806091],
        "cov": [[2385.66894531, -734.558898926, -264.030792236, -183.10585022, -204.625488281, -33.8906822205, -145.398757935, 151.065216064, -123.59400177, 125.285339355, -197.991394043, 87.1790924072, -184.756500244], [-734.558898926, 1103.53613281, -167.127929688, -165.522460938, 25.0716743469, -151.017288208, 160.587265015, -89.0276489258, 153.615707397, -109.518791199, 154.15802002, -108.927207947, 105.45614624], [-264.030792236, -167.127929688, 913.74621582, 138.761108398, 131.055236816, 124.533294678, -74.1923141479, 4.87552976608, -5.6200838089, 75.526473999, -41.2224464417, 62.7085418701, 14.1025285721], [-183.10585022, -165.522460938, 138.761108398, 402.496063232, 97.4189147949, 18.0438480377, -87.455039978, -55.0086364746, 54.216053009, -33.3165740967, 7.38024044037, -41.113899231, 52.6983375549], [-204.625488281, 25.0716743469, 131.055236816, 97.4189147949, 241.013519287, 37.1875305176, 28.1860542297, 4.07626867294, 27.309551239, 4.85897922516, 15.2390975952, 9.80265426636, 24.7620944977], [-33.8906822205, -151.017288208, 124.533294678, 18.0438480377, 37.1875305176, 194.999847412, 96.3756637573, 15.8465223312, -24.2135925293, 7.67845249176, 24.6964683533, 18.4774227142, 5.62595319748], [-145.398757935, 160.587265015, -74.1923141479, -87.455039978, 28.1860542297, 96.3756637573, 289.342926025, 39.3671569824, -12.2385063171, -45.6756439209, 68.3074951172, 17.0645275116, 10.8591794968], [151.065216064, -89.0276489258, 4.87552976608, -55.0086364746, 4.07626867294, 15.8465223312, 39.3671569824, 104.35055542, 4.32563257217, 23.3724308014, -9.68664169312, 22.7399215698, -7.36475133896], [-123.59400177, 153.615707397, -5.6200838089, 54.216053009, 27.309551239, -24.2135925293, -12.2385063171, 4.32563257217, 183.727645874, 41.1072883606, 32.2551727295, -43.5268249512, 42.7283935547], [125.285339355, -109.518791199, 75.526473999, -33.3165740967, 4.85897922516, 7.67845249176, -45.6756439209, 23.3724308014, 41.1072883606, 119.352333069, -6.7183098793, 17.7743453979, -28.6914749146], [-197.991394043, 154.15802002, -41.2224464417, 7.38024044037, 15.2390975952, 24.6964683533, 68.3074951172, -9.68664169312, 32.2551727295, -6.7183098793, 114.112892151, -13.2994165421, 28.9688224792], [87.1790924072, -108.927207947, 62.7085418701, -41.113899231, 9.80265426636, 18.4774227142, 17.0645275116, 22.7399215698, -43.5268249512, 17.7743453979, -13.2994165421, 80.6419219971, -9.85742092133], [-184.756500244, 105.45614624, 14.1025285721, 52.6983375549, 24.7620944977, 5.62595319748, 10.8591794968, -7.36475133896, 42.7283935547, -28.6914749146, 28.9688224792, -9.85742092133, 79.7490463257]],
        "icov": [[0.00075078161899, 0.000201414906769, 0.000301695545204, 1.49077814058e-05, 0.000340943224728, -9.90900007309e-05, 0.000251280638622, -0.000756086956244, -3.57452081516e-05, -0.000241255838773, 0.000632378039882, -0.000381706136977, 0.000862360582687], [0.000201414906769, 0.00514571927488, -0.00120100623462, 0.00445896247402, -0.00140349252615, 0.00520278699696, -0.00273650325835, 0.00451328838244, -0.00326313101687, 0.00376670970581, -0.00375221297145, 0.00462649390101, -0.00317541346885], [0.000301695545204, -0.00120100623462, 0.00202419119887, -0.00147916725837, -3.44528307323e-05, -0.00239899591543, 0.0013061389327, -0.00135521125048, 0.000916856864933, -0.00189860898536, 0.0017868867144, -0.00232670689002, 0.000672528054565], [1.49077814058e-05, 0.00445896247402, -0.00147916725837, 0.00791013333946, -0.00264907535166, 0.00348965683952, -0.000676361785736, 0.00510827312246, -0.00388451619074, 0.00532100070268, -0.00365448254161, 0.00508623057976, -0.00373524264432], [0.000340943224728, -0.00140349252615, -3.44528307323e-05, -0.00264907535166, 0.00585036212578, -0.00148751668166, -0.000124098922242, -0.00197687163018, 0.000552651996259, -0.00172948336694, 0.00135012180544, -0.00237198127434, 0.000823177804705], [-9.90900007309e-05, 0.00520278699696, -0.00239899591543, 0.00348965683952, -0.00148751668166, 0.013374870643, -0.00637636845931, 0.00471938494593, -0.00114157388452, 0.00136366777588, -0.00450654746965, 0.00567629514262, -0.00472792470828], [0.000251280638622, -0.00273650325835, 0.0013061389327, -0.000676361785736, -0.000124098922242, -0.00637636845931, 0.00877183303237, -0.0048604728654, 0.000322886626236, 0.00232117273845, -0.00103859172668, -0.00438714632764, 0.00375888356939], [-0.000756086956244, 0.00451328838244, -0.00135521125048, 0.00510827312246, -0.00197687163018, 0.00471938494593, -0.0048604728654, 0.0172431971878, -0.00397157808766, 0.00152812432498, -0.0019303484587, 0.00253239925951, -0.00462867412716], [-3.57452081516e-05, -0.00326313101687, 0.000916856864933, -0.00388451619074, 0.000552651996259, -0.00114157388452, 0.000322886626236, -0.00397157808766, 0.0126755870879, -0.00940707698464, 0.00187861511949, 0.00287458393723, -0.00436774408445], [-0.000241255838773, 0.00376670970581, -0.00189860898536, 0.00532100070268, -0.00172948336694, 0.00136366777588, 0.00232117273845, 0.00152812432498, -0.00940707698464, 0.0197898335755, -0.00559250591323, -0.00116442039143, 0.00559319416061], [0.000632378039882, -0.00375221297145, 0.0017868867144, -0.00365448254161, 0.00135012180544, -0.00450654746965, -0.00103859172668, -0.0019303484587, 0.00187861511949, -0.00559250591323, 0.0161076486111, -0.00256667705253, -0.00079936964903], [-0.000381706136977, 0.00462649390101, -0.00232670689002, 0.00508623057976, -0.00237198127434, 0.00567629514262, -0.00438714632764, 0.00253239925951, 0.00287458393723, -0.00116442039143, -0.00256667705253, 0.0232030097395, -0.00694310758263], [0.000862360582687, -0.00317541346885, 0.000672528054565, -0.00373524264432, 0.000823177804705, -0.00472792470828, 0.00375888356939, -0.00462867412716, -0.00436774408445, 0.00559319416061, -0.00079936964903, -0.00694310758263, 0.0240087844431]]
    },
    "melbands": {
        "dmean": [0.00711847702041, 0.00395969022065, 0.00142210442573, 0.000540352251846, 0.000257548264926, 0.000203520568903, 0.000567475683056, 0.000611044233665, 0.000198078923859, 0.000176304703928, 0.0001133932019, 0.00013044354273, 7.53613494453e-05, 6.55650510453e-05, 4.75966262456e-05, 4.76853674627e-05, 3.06436486426e-05, 1.96696273633e-05, 2.04144580493e-05, 1.68953556567e-05, 1.58119837579e-05, 1.13424730444e-05, 7.47293233871e-06, 6.29577880318e-06, 8.30909630167e-06, 8.32812111184e-06, 6.04761544309e-06, 5.55406541025e-06, 3.19347736877e-06, 3.50513664671e-06, 3.28965415974e-06, 3.61968636753e-06, 3.51179983227e-06, 4.09438007409e-06, 2.78182778857e-06, 2.8284155178e-06, 2.93271887131e-06, 2.52685231317e-06, 3.12312317874e-06, 2.38356074078e-06],
        "dmean2": [0.0102454675362, 0.00652367901057, 0.00261113839224, 0.000927772663999, 0.000454330380308, 0.00036569533404, 0.00091525883181, 0.000928905035835, 0.000311798328767, 0.000264438538579, 0.000171912673977, 0.000175222376129, 0.000113254747703, 0.000100541539723, 7.24334240658e-05, 7.37283407943e-05, 4.91518767376e-05, 3.07803093165e-05, 3.23152598867e-05, 2.58207455772e-05, 2.41065135924e-05, 1.92919687834e-05, 1.17491790661e-05, 9.26676420931e-06, 1.21070088426e-05, 1.29508416649e-05, 9.7480160548e-06, 9.86685154203e-06, 5.05612388224e-06, 5.55322958462e-06, 5.19499872098e-06, 5.69196254219e-06, 5.89569572185e-06, 7.08142033545e-06, 4.73074896945e-06, 4.74218040836e-06, 4.85510645376e-06, 4.1235439312e-06, 5.36809557161e-06, 4.0689992602e-06],
        "dvar": [0.000210687372601, 0.000106072693598, 2.64412883553e-05, 1.66940583313e-06, 4.01861285582e-07, 3.80199054462e-07, 7.86045347922e-07, 1.20760012123e-06, 3.09477997007e-07, 1.54974713951e-07, 8.4598788419e-08, 1.19406593058e-07, 5.21544585297e-08, 4.28490523063e-08, 1.24253531908e-08, 8.32756974489e-09, 3.56257379153e-09, 1.07366482371e-09, 1.37851596804e-09, 7.36536054369e-10, 7.36643912536e-10, 5.18888265688e-10, 2.95908131331e-10, 2.49075926551e-10, 3.32754379606e-10, 2.4709073676e-10, 1.3871682969e-10, 2.79890999266e-10, 5.52375194196e-11, 3.63641200485e-11, 2.57432183209e-11, 4.29094502985e-11, 3.73428787892e-11, 5.23253905482e-11, 2.19154538267e-11, 2.06295449473e-11, 1.91492169344e-11, 1.47332267914e-11, 2.36321864855e-11, 1.50806745564e-11],
        "dvar2": [0.00038177461829, 0.000254900951404, 7.59272588766e-05, 4.75821207147e-06, 1.1148208614e-06, 1.09324093955e-06, 1.77270862878e-06, 2.33842843045e-06, 7.45511385958e-07, 3.29559696866e-07, 1.70076560835e-07, 1.92403348365e-07, 1.07118438564e-07, 9.01657486452e-08, 2.68079141108e-08, 1.88118498556e-08, 8.85255158067e-09, 2.3569139973e-09, 3.19608584043e-09, 1.59167823366e-09, 1.60886703959e-09, 1.35654898425e-09, 5.90506588072e-10, 5.56429569087e-10, 6.3908706105e-10, 4.91872598207e-10, 3.16748405282e-10, 7.76943176461e-10, 1.10235501283e-10, 7.10564454498e-11, 4.76745379285e-11, 8.80734790654e-11, 8.18572640227e-11, 1.26159263591e-10, 5.08732847515e-11, 4.79976960954e-11, 4.41512555682e-11, 3.43944941972e-11, 5.83617876249e-11, 3.5584198782e-11],
        "max": [0.120194576681, 0.0834663659334, 0.0375534184277, 0.0134438164532, 0.00743408920243, 0.00514200888574, 0.00833111070096, 0.0117757171392, 0.00762854935601, 0.00571658881381, 0.0034909164533, 0.00513317249715, 0.00515139941126, 0.00391233339906, 0.00176697177812, 0.00102065398823, 0.000702812685631, 0.000470330414828, 0.000417658971855, 0.000227245880524, 0.000234557519434, 0.000270670687314, 0.000208429686609, 0.0002931393974, 0.000229673067224, 0.000182683914318, 0.00017033876793, 0.000167030564626, 8.01737332949e-05, 5.89568153373e-05, 6.27420231467e-05, 8.93332762644e-05, 5.0990456657e-05, 5.26100229763e-05, 3.78641670977e-05, 4.69666738354e-05, 4.99707166455e-05, 3.72236318071e-05, 4.13064481108e-05, 4.95976928505e-05],
        "mean": [0.0177177842706, 0.00682564778253, 0.00111795100383, 0.000629524816759, 0.000251559686149, 0.000177057896508, 0.000679274846334, 0.00076059991261, 0.000207750854315, 0.000212690021726, 0.000131350825541, 0.000176494635525, 9.58746677497e-05, 7.95896266936e-05, 6.02163199801e-05, 5.73626821279e-05, 3.61959646398e-05, 2.61616823991e-05, 2.54164024227e-05, 2.18152108573e-05, 2.11425813177e-05, 1.46251613842e-05, 9.08750917006e-06, 7.64321521274e-06, 1.11984354589e-05, 1.13808919195e-05, 7.45462148188e-06, 5.13844042871e-06, 3.8504153963e-06, 3.93810159949e-06, 4.31656781075e-06, 3.9135265979e-06, 3.39055623044e-06, 3.61068214261e-06, 2.83927192868e-06, 2.94067285722e-06, 2.97028827845e-06, 2.7212038276e-06, 2.95928111882e-06, 2.29700890486e-06],
        "median": [0.00839251559228, 0.00312624708749, 0.000308115704684, 0.000316394492984, 8.08864278952e-05, 5.97176949668e-05, 0.000213844599784, 0.000173506312422, 3.38893078151e-05, 3.79132688977e-05, 2.0656727429e-05, 2.67189916485e-05, 2.2510137569e-05, 1.6741498257e-05, 1.38958484968e-05, 1.44999194163e-05, 9.24832147575e-06, 1.00587376437e-05, 8.2182668848e-06, 6.03376838626e-06, 4.6996092351e-06, 3.02999751511e-06, 2.01900161301e-06, 1.80953975359e-06, 1.8697910491e-06, 2.64115192294e-06, 2.22016251428e-06, 1.49484162648e-06, 1.14459749057e-06, 1.28140754896e-06, 1.59401599831e-06, 1.60012928063e-06, 1.01056366475e-06, 9.48860986227e-07, 9.74953195509e-07, 1.05171147879e-06, 1.06649258669e-06, 1.01579701095e-06, 8.92658249541e-07, 6.65498248509e-07],
        "min": [9.97295719571e-05, 2.22333983402e-05, 2.2737715426e-06, 1.54977624334e-06, 5.88385375977e-07, 1.87003735164e-07, 9.55708856054e-07, 8.38219079924e-07, 2.19758916842e-07, 4.44896329554e-07, 1.55653921752e-07, 6.58890044747e-08, 6.97263402571e-08, 1.01389140639e-07, 7.79122970584e-08, 3.95902560513e-07, 5.49228673208e-07, 3.9791780182e-07, 3.35852234912e-07, 1.81061352578e-07, 1.83994714575e-07, 1.29475907329e-07, 2.13473654753e-07, 1.29746538846e-07, 8.5155008378e-08, 7.76142954351e-08, 5.12376772122e-08, 1.62147948402e-08, 2.97627367196e-09, 1.34316646694e-08, 1.96055101043e-08, 1.49266341509e-08, 1.64155373739e-08, 1.11512266088e-09, 4.36574643103e-09, 6.32831165248e-09, 1.22945528758e-10, 3.63924645974e-09, 9.53735090903e-10, 1.3949711386e-09],
