{
"highlevel": {
    "danceability": {
        "all": {
            "danceable": 0.938030123711,
            "not_danceable": 0.0619698800147
        },
        "probability": 0.938030123711,
        "value": "danceable"
    },
    "gender": {
        "all": {
            "female": 0.0915251672268,
            "male": 0.908474802971
        },
        "probability": 0.908474802971,
        "value": "male"
    },
    "genre_dortmund": {
        "all": {
            "alternative": 0.0530195869505,
            "blues": 0.112266719341,
            "electronic": 0.0678525492549,
            "folkcountry": 0.103628329933,
            "funksoulrnb": 0.0883611217141,
            "jazz": 0.0633869245648,
            "pop": 0.125733718276,
            "raphiphop": 0.0888283625245,
            "rock": 0.296922683716
        },
        "probability": 0.296922683716,
        "value": "rock"
    },
    "genre_electronic": {
        "all": {
            "ambient": 0.165730565786,
            "dnb": 0.0769578292966,
            "house": 0.535926163197,
            "techno": 0.0228858236223,
            "trance": 0.198499590158
        },
        "probability": 0.535926163197,
        "value": "house"
    },
    "genre_rosamerica": {
        "all": {
            "cla": 0.0123304985464,
            "dan": 0.127567738295,
            "hip": 0.0887028723955,
            "jaz": 0.0124409059063,
            "pop": 0.533287167549,
            "rhy": 0.0980672240257,
            "roc": 0.119190774858,
            "spe": 0.00841281283647
        },
        "probability": 0.533287167549,
        "value": "pop"
    },
    "genre_tzanetakis": {
        "all": {
            "blu": 0.0626541376114,
            "cla": 0.0348133966327,
            "cou": 0.0783501937985,
            "dis": 0.104547761381,
            "hip": 0.15693578124,
            "jaz": 0.313987255096,
            "met": 0.044816005975,
            "pop": 0.0627349764109,
            "reg": 0.0627352520823,
            "roc": 0.0784252434969
        },
        "probability": 0.313987255096,
        "value": "jaz"
    },
    "ismir04_rhythm": {
        "all": {
            "ChaChaCha": 0.168947130442,
            "Jive": 0.34007537365,
            "Quickstep": 0.0484272502363,
            "Rumba-American": 0.0147005012259,
            "Rumba-International": 0.0260420981795,
            "Rumba-Misc": 0.0150848785415,
            "Samba": 0.292148411274,
            "Tango": 0.0305963903666,
            "VienneseWaltz": 0.0531598255038,
            "Waltz": 0.0108181433752
        },
        "probability": 0.34007537365,
        "value": "Jive"
    },
    "mood_acoustic": {
        "all": {
            "acoustic": 0.0302755385637,
            "not_acoustic": 0.969724476337
        },
        "probability": 0.969724476337,
        "value": "not_acoustic"
    },
    "mood_aggressive": {
        "all": {
            "aggressive": 0.5,
            "not_aggressive": 0.5
        },
        "probability": 0.5,
        "value": "aggressive"
    },
    "mood_electronic": {
        "all": {
            "electronic": 0.64286762476,
            "not_electronic": 0.35713237524
        },
        "probability": 0.64286762476,
        "value": "electronic"
    },
    "mood_happy": {
        "all": {
            "happy": 0.961979389191,
            "not_happy": 0.038020581007
        },
        "probability": 0.961979389191,
        "value": "happy"
    },
    "mood_party": {
        "all": {
            "not_party": 0.298754036427,
            "party": 0.701245963573
        },
        "probability": 0.701245963573,
        "value": "party"
    },
    "mood_relaxed": {
        "all": {
            "not_relaxed": 0.996748745441,
            "relaxed": 0.00325125083327
        },
        "probability": 0.996748745441,
        "value": "not_relaxed"
    },
    "mood_sad": {
        "all": {
            "not_sad": 0.952531933784,
            "sad": 0.0474680401385
        },
        "probability": 0.952531933784,
        "value": "not_sad"
    },
    "moods_mirex": {
        "all": {
            "Cluster1": 0.304136544466,
            "Cluster2": 0.241336286068,
            "Cluster3": 0.0659412592649,
            "Cluster4": 0.213221132755,
            "Cluster5": 0.175364792347
        },
        "probability": 0.304136544466,
        "value": "Cluster1"
    },
    "timbre": {
        "all": {
            "bright": 0.903105676174,
            "dark": 0.0968943089247
        },
        "probability": 0.903105676174,
        "value": "bright"
    },
    "tonal_atonal": {
        "all": {
            "atonal": 0.14774633944,
            "tonal": 0.852253675461
        },
        "probability": 0.852253675461,
        "value": "tonal"
    },
    "voice_instrumental": {
        "all": {
            "instrumental": 0.000208175159059,
            "voice": 0.999791800976
        },
        "probability": 0.999791800976,
        "value": "voice"
    }
},
"lowlevel": {
    "average_loudness": 0.972748994827,
    "barkbands_crest": {
        "dmean": 3.47570848465,
        "dmean2": 5.15279150009,
        "dvar": 10.6713838577,
        "dvar2": 19.1117134094,
        "max": 25.4415149689,
        "mean": 10.8725576401,
        "median": 9.45053005219,
        "min": 2.41064238548,
        "var": 29.3007717133
    },
    "barkbands_flatness_db": {
        "dmean": 0.0301520135254,
        "dmean2": 0.0420747436583,
        "dvar": 0.000717378919944,
        "dvar2": 0.00133029499557,
        "max": 0.339175283909,
        "mean": 0.139635965228,
        "median": 0.130378499627,
        "min": 0.0535404495895,
        "var": 0.00251496955752
    },
    "barkbands_kurtosis": {
        "dmean": 4.24337100983,
        "dmean2": 6.05025863647,
        "dvar": 93.5904846191,
        "dvar2": 177.504608154,
        "max": 161.553985596,
        "mean": 4.7248673439,
        "median": 0.808735847473,
        "min": -1.87825417519,
        "var": 181.088760376
    },
    "barkbands_skewness": {
        "dmean": 0.724536001682,
        "dmean2": 0.996763408184,
        "dvar": 0.628949224949,
        "dvar2": 1.07999002934,
        "max": 12.0099334717,
        "mean": 1.52574849129,
        "median": 1.18275415897,
        "min": -2.21050190926,
        "var": 2.42099785805
    },
    "barkbands_spread": {
        "dmean": 8.16943073273,
        "dmean2": 12.1659088135,
        "dvar": 77.1599655151,
        "dvar2": 148.477310181,
        "max": 108.251625061,
        "mean": 26.2561206818,
        "median": 24.617099762,
        "min": 1.30994200706,
        "var": 213.34602356
    },
    "dissonance": {
        "dmean": 0.0175908319652,
        "dmean2": 0.0300085190684,
        "dvar": 0.000287617091089,
        "dvar2": 0.000770440674387,
        "max": 0.5,
        "mean": 0.470581442118,
        "median": 0.475842058659,
        "min": 0.2752558887,
        "var": 0.000554892292712
    },
    "dynamic_complexity": 2.07863306999,
    "erbbands_crest": {
        "dmean": 2.73197507858,
        "dmean2": 4.39267396927,
        "dvar": 6.17343616486,
        "dvar2": 15.0499715805,
        "max": 28.058807373,
        "mean": 8.28628730774,
        "median": 7.05063676834,
        "min": 2.5585258007,
        "var": 16.9378814697
    },
    "erbbands_flatness_db": {
        "dmean": 0.0214782617986,
        "dmean2": 0.031188974157,
        "dvar": 0.00041663920274,
        "dvar2": 0.000808121345472,
        "max": 0.324818879366,
        "mean": 0.150676161051,
        "median": 0.14538924396,
        "min": 0.0743976384401,
        "var": 0.00151935906615
    },
    "erbbands_kurtosis": {
        "dmean": 0.806544065475,
        "dmean2": 1.24749875069,
        "dvar": 1.18211221695,
        "dvar2": 2.6313097477,
        "max": 14.1461830139,
        "mean": 0.0963096097112,
        "median": -0.365006446838,
        "min": -1.77761936188,
        "var": 2.70952582359
    },
    "erbbands_skewness": {
        "dmean": 0.360649615526,
        "dmean2": 0.546203255653,
        "dvar": 0.107218831778,
        "dvar2": 0.228538796306,
        "max": 2.45839285851,
        "mean": 0.0691957995296,
        "median": 0.110076151788,
        "min": -3.33729553223,
        "var": 0.517582535744
    },
    "erbbands_spread": {
        "dmean": 9.72463798523,
        "dmean2": 14.1539144516,
        "dvar": 93.5831832886,
        "dvar2": 170.849868774,
        "max": 127.532287598,
        "mean": 43.8952102661,
        "median": 41.4253997803,
        "min": 7.58900403976,
        "var": 402.231231689
    },
    "hfc": {
        "dmean": 10.6326847076,
        "dmean2": 14.0926876068,
        "dvar": 104.800621033,
        "dvar2": 190.641403198,
        "max": 119.168769836,
        "mean": 27.8507556915,
        "median": 24.6602668762,
        "min": 0.46924072504,
        "var": 346.935241699
    },
    "melbands_crest": {
        "dmean": 3.9377143383,
        "dmean2": 5.7939953804,
        "dvar": 11.0276174545,
        "dvar2": 21.2457485199,
        "max": 32.4114837646,
        "mean": 14.5515136719,
        "median": 13.4486627579,
        "min": 3.27158117294,
        "var": 37.9966163635
    },
    "melbands_flatness_db": {
        "dmean": 0.0373994261026,
        "dmean2": 0.0491714440286,
        "dvar": 0.00112760590855,
        "dvar2": 0.00197762972675,
        "max": 0.447113603354,
        "mean": 0.174434155226,
        "median": 0.158822074533,
        "min": 0.0332474187016,
        "var": 0.00563646899536
    },
    "melbands_kurtosis": {
        "dmean": 11.2866392136,
        "dmean2": 15.7900514603,
        "dvar": 538.84564209,
        "dvar2": 976.503967285,
        "max": 480.183624268,
        "mean": 17.4129619598,
        "median": 6.11771392822,
        "min": -1.85618674755,
        "var": 1211.15075684
    },
    "melbands_skewness": {
        "dmean": 1.00803899765,
        "dmean2": 1.38143730164,
        "dvar": 1.21637940407,
        "dvar2": 2.0362329483,
        "max": 18.5574321747,
        "mean": 2.88313245773,
        "median": 2.29700827599,
        "min": -0.401900708675,
        "var": 5.0291724205
    },
    "melbands_spread": {
        "dmean": 10.9105806351,
        "dmean2": 16.130027771,
        "dvar": 201.633758545,
        "dvar2": 402.025360107,
        "max": 222.425888062,
        "mean": 29.4385414124,
        "median": 24.7927951813,
        "min": 0.862600326538,
        "var": 605.852111816
    },
    "pitch_salience": {
        "dmean": 0.0882097557187,
        "dmean2": 0.129594445229,
        "dvar": 0.00535364542156,
        "dvar2": 0.0102453157306,
        "max": 0.849470436573,
        "mean": 0.53335660696,
        "median": 0.56005936861,
        "min": 0.103654377162,
        "var": 0.0178371034563
    },
    "silence_rate_20dB": {
        "dmean": 0,
        "dmean2": 0,
        "dvar": 0,
        "dvar2": 0,
        "max": 1,
        "mean": 1,
        "median": 1,
        "min": 1,
        "var": 0
    },
    "silence_rate_30dB": {
        "dmean": 0.0108359130099,
        "dmean2": 0.0216886140406,
        "dvar": 0.0107183912769,
        "dvar2": 0.0289640855044,
        "max": 1,
        "mean": 0.993039429188,
        "median": 1,
        "min": 0,
        "var": 0.00691213691607
    },
    "silence_rate_60dB": {
        "dmean": 0.00773993786424,
        "dmean2": 0.0154918665066,
        "dvar": 0.00768016278744,
        "dvar2": 0.0229980554432,
        "max": 1,
        "mean": 0.00386697612703,
        "median": 0,
        "min": 0,
        "var": 0.0038519424852
    },
    "spectral_centroid": {
        "dmean": 322.087280273,
        "dmean2": 483.958282471,
        "dvar": 100279.234375,
        "dvar2": 217473.265625,
        "max": 4613.46923828,
        "mean": 1681.24560547,
        "median": 1691.22875977,
        "min": 312.113098145,
        "var": 387672.625
    },
    "spectral_complexity": {
        "dmean": 6.16795682907,
        "dmean2": 8.26413631439,
        "dvar": 35.8731002808,
        "dvar2": 55.2154350281,
        "max": 49,
        "mean": 22.8654289246,
        "median": 23,
        "min": 1,
        "var": 111.664802551
    },
    "spectral_decrease": {
        "dmean": 3.76253961321e-09,
        "dmean2": 4.97936802901e-09,
        "dvar": 1.64558301901e-17,
        "dvar2": 3.12041445289e-17,
        "max": -3.47615852769e-10,
        "mean": -8.72613004077e-09,
        "median": -6.71664368568e-09,
        "min": -4.09800975376e-08,
        "var": 5.01296035015e-17
    },
    "spectral_energy": {
        "dmean": 0.0147698270157,
        "dmean2": 0.0196157712489,
        "dvar": 0.000239738830714,
        "dvar2": 0.000453988206573,
        "max": 0.157291784883,
        "mean": 0.0354605838656,
        "median": 0.0281198062003,
        "min": 0.00174741458613,
        "var": 0.00074988527922
    },
    "spectral_energyband_high": {
        "dmean": 0.000764138821978,
        "dmean2": 0.00103739555925,
        "dvar": 7.22115089502e-07,
        "dvar2": 1.33462731355e-06,
        "max": 0.015185451135,
        "mean": 0.00138911034446,
        "median": 0.000949888431933,
        "min": 3.73616217075e-06,
        "var": 2.31657668337e-06
    },
    "spectral_energyband_low": {
        "dmean": 0.00972422398627,
        "dmean2": 0.0121573032811,
        "dvar": 0.000244465481956,
        "dvar2": 0.000432770670159,
        "max": 0.148789420724,
        "mean": 0.0154636334628,
        "median": 0.00465070735663,
        "min": 2.49645790973e-06,
        "var": 0.000592767202761
    },
    "spectral_energyband_middle_high": {
        "dmean": 0.00306547037326,
        "dmean2": 0.00418232521042,
        "dvar": 1.3021378436e-05,
        "dvar2": 2.26237680181e-05,
        "max": 0.0505318231881,
        "mean": 0.00779798673466,
        "median": 0.00610276823863,
        "min": 5.35224753548e-05,
        "var": 5.19302520843e-05
    },
    "spectral_energyband_middle_low": {
        "dmean": 0.00617318367586,
        "dmean2": 0.00915745086968,
        "dvar": 6.51042719255e-05,
        "dvar2": 0.000145468016854,
        "max": 0.0875929817557,
        "mean": 0.0115335518494,
        "median": 0.00719179073349,
        "min": 0.000204614538234,
        "var": 0.000128184154164
    },
    "spectral_entropy": {
        "dmean": 0.193577870727,
        "dmean2": 0.266685664654,
        "dvar": 0.0320472680032,
        "dvar2": 0.0675713568926,
        "max": 8.63448047638,
        "mean": 7.72630023956,
        "median": 7.745677948,
        "min": 6.14457130432,
        "var": 0.112327419221
    },
    "spectral_flux": {
        "dmean": 0.037616237998,
        "dmean2": 0.0613854937255,
        "dvar": 0.00123136420734,
        "dvar2": 0.00298603950068,
        "max": 0.292912513018,
        "mean": 0.111429616809,
        "median": 0.102190636098,
        "min": 0.0233706627041,
        "var": 0.0024279106874
    },
    "spectral_kurtosis": {
        "dmean": 1.26056754589,
        "dmean2": 2.01913666725,
        "dvar": 1.69540965557,
        "dvar2": 4.00193023682,
        "max": 19.0003433228,
        "mean": 3.09855008125,
        "median": 2.84048604965,
        "min": -1.15369224548,
        "var": 3.78244566917
    },
    "spectral_rms": {
        "dmean": 0.00122502096929,
        "dmean2": 0.00159571517725,
        "dvar": 1.23102040561e-06,
        "dvar2": 2.096658136e-06,
        "max": 0.0123877115548,
        "mean": 0.00544667150825,
        "median": 0.00523774372414,
        "min": 0.00130567792803,
        "var": 4.9294717428e-06
    },
    "spectral_rolloff": {
        "dmean": 773.195983887,
        "dmean2": 1233.1986084,
        "dvar": 1358493.125,
        "dvar2": 2746696.5,
        "max": 10034.4726562,
        "mean": 1947.76525879,
        "median": 1593.45703125,
        "min": 64.599609375,
        "var": 3306105.25
    },
    "spectral_skewness": {
        "dmean": 0.204028010368,
        "dmean2": 0.321715921164,
        "dvar": 0.0330653786659,
        "dvar2": 0.0743284597993,
        "max": 3.09976696968,
        "mean": 1.27885937691,
        "median": 1.28415954113,
        "min": -0.0179614201188,
        "var": 0.110019668937
    },
    "spectral_spread": {
        "dmean": 782372.5,
        "dmean2": 1122737.25,
        "dvar": 744560656384,
        "dvar2": 1.45705245082e+12,
        "max": 13177672,
        "mean": 4827464,
        "median": 4484083.5,
        "min": 2401975,
        "var": 2.26230272e+12
    },
    "spectral_strongpeak": {
        "dmean": 0.610766470432,
        "dmean2": 1.02609169483,
        "dvar": 0.81141346693,
        "dvar2": 1.9586070776,
        "max": 7.96959590912,
        "mean": 0.980225265026,
        "median": 0.562943935394,
        "min": 0.0330500528216,
        "var": 1.40701305866
    },
    "zerocrossingrate": {
        "dmean": 0.0179311092943,
        "dmean2": 0.0185319948941,
        "dvar": 0.000315670506097,
        "dvar2": 0.000293323188089,
        "max": 0.35546875,
        "mean": 0.076373912394,
        "median": 0.0703125,
        "min": 0.00341796875,
        "var": 0.00217409431934
    },
    "barkbands": {
        "dmean": [0.000359564524842, 0.0089564062655, 0.0020368215628, 0.00110077264253, 0.00315466010943, 0.00100829778239, 0.000921659986489, 0.000902107160073, 0.00124900753144, 0.000771927530877, 0.000732953543775, 0.000689851061907, 0.00058282201644, 0.00067691958975, 0.000546280760318, 0.000328802416334, 0.000262445246335, 0.000286795577267, 0.000263606576482, 0.000248025957262, 0.000207893695915, 0.000126904880744, 0.000156783600687, 0.000181282608537, 0.000110055087134, 3.33897041855e-05, 5.53238788115e-09],
        "dmean2": [0.000584269000683, 0.0120105817914, 0.00314777903259, 0.00180006818846, 0.00482790870592, 0.00153958739247, 0.00153351388872, 0.00150382157881, 0.00202993792482, 0.00119239080232, 0.00114009331446, 0.00108669395559, 0.00084804778453, 0.00103166827466, 0.000869885610882, 0.000512690865435, 0.000419803371187, 0.000440806412371, 0.000384440791095, 0.00037969960249, 0.000311144889565, 0.000183637777809, 0.000223857728997, 0.000255465711234, 0.000157571543241, 5.21744586877e-05, 1.02622550457e-08],
        "dvar": [3.46110454075e-07, 0.000277129845927, 1.67356429301e-05, 5.26564826941e-06, 3.46580927726e-05, 3.06107313008e-06, 4.28260591434e-06, 6.00547036811e-06, 6.40606822344e-06, 2.83413146462e-06, 2.58251543528e-06, 2.2267681743e-06, 2.24237419388e-06, 1.56358271397e-06, 7.901400636e-07, 3.91214399542e-07, 1.96214784864e-07, 1.04825069513e-07, 1.23970622212e-07, 8.66325251536e-08, 7.52810649374e-08, 3.04055483014e-08, 7.13513159667e-08, 1.01753478532e-07, 2.70066120578e-08, 2.80104361927e-09, 7.04855343624e-16],
        "dvar2": [8.97038489711e-07, 0.000511618796736, 4.19827338192e-05, 1.46132970258e-05, 7.80891423346e-05, 6.83382586431e-06, 1.14906688395e-05, 1.58159018611e-05, 1.63492222782e-05, 6.53676715956e-06, 5.19213972439e-06, 4.85690225105e-06, 3.56233545062e-06, 3.04574700749e-06, 1.81005214017e-06, 8.46606951654e-07, 5.14559758358e-07, 2.4992320391e-07, 2.74629911701e-07, 2.00385485982e-07, 1.62816235161e-07, 6.35494288304e-08, 1.4903075396e-07, 1.87479841429e-07, 5.15847631277e-08, 6.46670450521e-09, 2.01270105454e-15],
        "max": [0.00469399383292, 0.140144988894, 0.0348105803132, 0.0312091186643, 0.0539487451315, 0.0293440017849, 0.0327492281795, 0.0361181236804, 0.0299215316772, 0.0246874243021, 0.0264678727835, 0.025287438184, 0.0442522540689, 0.0175455678254, 0.0098363449797, 0.0153572428972, 0.00857990421355, 0.00274677341804, 0.00561819132417, 0.00284632621333, 0.00251102005132, 0.00316699873656, 0.00627144007012, 0.00602262699977, 0.00231228885241, 0.000581600645091, 3.77877341862e-07],
        "mean": [0.00041567577864, 0.0120216533542, 0.00242443918251, 0.00139094621409, 0.00472154235467, 0.00138384336606, 0.00108621001709, 0.0010015971493, 0.00175798591226, 0.00103695702273, 0.00106499588583, 0.000920736754779, 0.000864610017743, 0.00110446510371, 0.000760019582231, 0.000513219390996, 0.000416161346948, 0.000483968498884, 0.000440478557721, 0.00046035865671, 0.000315742829116, 0.000198013658519, 0.000238644293859, 0.00025317267864, 0.000146308419062, 3.88510925404e-05, 3.69981423276e-09],
        "median": [0.000123782680021, 0.00196453230456, 0.000857066886965, 0.000656401971355, 0.00167860044166, 0.000602011510637, 0.00054015085334, 0.000275414116913, 0.000552637502551, 0.000244801340159, 0.000256266444921, 0.000326898094499, 0.000287732866127, 0.00039261666825, 0.000322938140016, 0.00022127952252, 0.000212742510485, 0.000348992383806, 0.000308981834678, 0.000333292031428, 0.000176586399903, 0.000124001773656, 0.000121299970488, 0.000101121848274, 5.71556774958e-05, 1.05814451672e-05, 5.06259145716e-10],
        "min": [2.24706056429e-07, 3.07858698534e-07, 5.00158705563e-08, 1.5127565689e-07, 6.98328540238e-06, 5.0757257668e-06, 2.87143393507e-06, 3.62276523447e-06, 5.72833369006e-06, 1.78606012469e-06, 3.40595283888e-06, 3.66095241588e-06, 2.93909693028e-06, 3.78103982257e-06, 2.32367415265e-06, 1.89033414699e-06, 2.39511064137e-06, 3.28232385982e-06, 2.14178839997e-06, 1.43535658026e-06, 8.79148899458e-07, 3.62159653378e-07, 4.54697953955e-07, 9.28093228936e-08, 7.11790237862e-10, 1.14374291288e-11, 1.03355024192e-11],
        "var": [4.22758375862e-07, 0.000504626659676, 1.80268762051e-05, 5.72227190787e-06, 5.45148905076e-05, 4.85997725264e-06, 3.91306866732e-06, 6.64333947498e-06, 1.34043593789e-05, 5.46762430531e-06, 5.98282804276e-06, 3.2199418456e-06, 4.98755707667e-06, 3.91434878111e-06, 1.28524095544e-06, 1.0724530739e-06, 3.7992418811e-07, 2.00072690859e-07, 2.55177269537e-07, 1.97854035378e-07, 1.37619139196e-07, 6.35196357734e-08, 1.86676160752e-07, 2.5546430038e-07, 5.5560153811e-08, 3.54401552549e-09, 4.03973994166e-16]
    },
    "erbbands": {
        "dmean": [0.292145401239, 1.98630297184, 2.30528116226, 2.96151638031, 7.2726354599, 11.4624872208, 12.0153207779, 7.86196660995, 9.42090415955, 15.680765152, 23.9171237946, 26.5954303741, 23.1469974518, 28.8369617462, 23.1653461456, 24.5578842163, 26.2446117401, 30.7277450562, 25.3017807007, 22.8309860229, 19.1552066803, 15.2236995697, 16.8734874725, 11.0710735321, 14.3276491165, 11.3452444077, 8.1441488266, 8.04208755493, 4.771504879, 4.21167802811, 4.62592458725, 4.10945367813, 2.74550199509, 1.49192368984, 0.672348856926, 0.212790906429, 0.0544065758586, 0.00420515472069, 8.58881612658e-05, 1.96970468096e-05],
        "dmean2": [0.380046993494, 2.80042314529, 3.35431170464, 4.62116479874, 11.3099308014, 18.4673347473, 18.4380893707, 12.0363130569, 15.5039186478, 26.3767223358, 40.1716804504, 43.9482192993, 35.5439491272, 44.2052001953, 35.383102417, 37.9533843994, 37.6488571167, 45.4712104797, 39.3662261963, 34.9152832031, 29.6978607178, 23.7698841095, 26.1553535461, 16.3326339722, 21.0489273071, 17.2900295258, 12.1627559662, 11.8522768021, 6.98628568649, 6.13152122498, 6.64319849014, 5.97018909454, 3.90818810463, 2.11508822441, 1.00562477112, 0.326721817255, 0.0867296606302, 0.00698139518499, 0.000134918824187, 2.69878437393e-05],
        "dvar": [0.286901712418, 15.025604248, 18.2282886505, 29.6991271973, 200.697265625, 619.788146973, 438.798370361, 233.219787598, 610.986755371, 880.787841797, 4091.76513672, 3349.04638672, 1988.43322754, 3876.48608398, 2192.14794922, 2722.66162109, 5191.41308594, 3496.83276367, 1967.76184082, 1534.5814209, 1545.64282227, 722.943603516, 386.02947998, 187.951644897, 366.96774292, 178.893722534, 97.5800094604, 119.218933105, 51.6426887512, 50.6015548706, 67.9419555664, 53.9470710754, 23.4744739532, 5.09331321716, 1.12878584862, 0.102681532502, 0.00846114009619, 6.03894586675e-05, 1.93540081739e-08, 3.30285021555e-10],
        "dvar2": [0.478465169668, 30.9066886902, 41.0343132019, 75.5614471436, 457.924957275, 1510.24584961, 967.512512207, 520.230712891, 1700.90759277, 2283.03686523, 11054.1572266, 8690.76171875, 4674.20117188, 7654.58886719, 4915.99267578, 5856.20507812, 7381.36621094, 5992.82275391, 4525.765625, 3193.83007812, 3327.49755859, 1823.22192383, 938.223083496, 428.240112305, 788.207702637, 401.606872559, 217.43536377, 262.60748291, 116.497848511, 107.819847107, 146.118591309, 106.350700378, 41.9491844177, 9.4374256134, 2.31173324585, 0.222619444132, 0.020762545988, 0.000154569119331, 4.81287472098e-08, 6.47488396233e-10],
        "max": [4.88785982132, 29.0440349579, 39.7081794739, 69.0574645996, 131.859466553, 249.229309082, 190.503723145, 343.994628906, 472.975128174, 322.315704346, 995.224609375, 726.57635498, 824.832885742, 968.170227051, 754.890319824, 1008.17669678, 2286.13476562, 1033.73156738, 607.269042969, 648.758239746, 1058.87609863, 590.044799805, 177.364028931, 151.851593018, 329.234893799, 136.6146698, 108.466796875, 102.503097534, 137.249343872, 142.997619629, 190.105941772, 145.120834351, 103.751556396, 35.1217155457, 13.2224035263, 3.16474699974, 1.22264492512, 0.0853606015444, 0.00151003838982, 0.000180609786185],
        "mean": [0.388906985521, 2.5079293251, 3.15635800362, 3.9898955822, 10.9318761826, 14.4590158463, 16.9164009094, 10.4822654724, 11.7671880722, 18.6714172363, 27.2237281799, 37.9663734436, 35.2252464294, 45.534576416, 34.516292572, 34.1135368347, 41.5768165588, 56.6433639526, 41.5315628052, 33.746711731, 31.7299194336, 26.1359939575, 28.4543819427, 19.2207584381, 26.1717662811, 21.0419578552, 13.4833717346, 11.8933134079, 7.38738203049, 6.38685941696, 6.90760564804, 5.75397872925, 3.82912564278, 2.01958036423, 0.860244214535, 0.245927974582, 0.0625102669001, 0.0046413410455, 0.000119531432574, 5.00357091369e-05],
        "median": [0.0517177022994, 0.471227437258, 1.25452649593, 2.16648364067, 3.49963951111, 4.63829469681, 6.32396602631, 4.73596286774, 5.66362810135, 8.43446159363, 9.40333175659, 12.1291847229, 11.4844341278, 11.9984235764, 13.5080366135, 13.3943576813, 15.8996076584, 23.3310680389, 19.5062179565, 16.2939186096, 14.0367708206, 14.2534265518, 20.6079959869, 14.2633228302, 18.4135837555, 14.8043222427, 9.09344387054, 6.30951404572, 4.49262285233, 3.55186629295, 3.32693195343, 2.38357686996, 1.6626213789, 0.802553355694, 0.305380910635, 0.078869253397, 0.0147957159206, 0.000976271519903, 5.10610443598e-05, 4.34563880845e-05],
        "min": [1.58496277436e-05, 4.57463538623e-05, 0.000232523700106, 0.000952080648858, 0.00504594761878, 0.0248299576342, 0.0329720303416, 0.0503698289394, 0.0305265262723, 0.158400535583, 0.155731827021, 0.114507354796, 0.0510782822967, 0.155258595943, 0.123223349452, 0.124723143876, 0.149181038141, 0.192826792598, 0.166282176971, 0.15651923418, 0.144798800349, 0.169898346066, 0.203642383218, 0.150853812695, 0.0976978242397, 0.0733051896095, 0.046845652163, 0.0282354541123, 0.0116838710383, 0.0124856773764, 0.010914079845, 0.0020484898705, 0.000818650762085, 0.000113208348921, 1.5874793462e-05, 7.18710953151e-06, 2.399701998e-06, 4.6557536848e-07, 1.66815391367e-06, 2.38621328208e-06],
        "var": [0.552153289318, 23.1242637634, 25.7491512299, 35.3828926086, 365.182434082, 696.849914551, 705.350341797, 350.323455811, 529.520263672, 924.563598633, 4011.29736328, 7811.81445312, 4350.32519531, 9171.78710938, 4072.10473633, 4242.83251953, 12028.1757812, 11213.5644531, 3644.83422852, 2630.5, 4648.84472656, 1380.05993652, 708.809997559, 332.241241455, 832.762756348, 422.84463501, 182.940200806, 211.02784729, 90.7863616943, 113.48815918, 166.500427246, 134.038406372, 54.1300582886, 11.768330574, 1.91942751408, 0.136939555407, 0.0105042839423, 7.64042997616e-05, 2.74590963301e-08, 1.13791376322e-09]
    },
    "gfcc": {
        "mean": [23.3144207001, 74.4516601562, -130.574554443, 40.0318145752, -65.3333053589, 19.9578418732, -40.4291534424, 11.9867572784, -26.2583026886, 4.06090450287, -11.5665531158, -1.58849263191, -6.62087488174],
        "cov": [[2788.25146484, -542.874023438, 112.473358154, -111.259521484, -25.2082080841, 233.9662323, -95.2509307861, 205.737564087, -166.273223877, 143.624160767, -185.923538208, 79.9820327759, -95.5797195435], [-542.874023438, 1319.35742188, 234.886154175, 467.954620361, 539.723632812, -13.6189498901, 338.998291016, -81.2930679321, 171.056533813, -167.168502808, 80.0776367188, -146.726959229, 42.1425666809], [112.473358154, 234.886154175, 1034.75415039, 462.368621826, 284.722961426, 181.402069092, 44.5738677979, 76.2513656616, 12.9251270294, -51.6445732117, -113.426712036, 16.3291759491, -107.991920471], [-111.259521484, 467.954620361, 462.368621826, 603.997802734, 361.253662109, 120.249671936, 117.258598328, 25.0634479523, 179.267028809, -75.7238693237, 9.0614233017, -58.8848800659, 21.1076869965], [-25.2082080841, 539.723632812, 284.722961426, 361.253662109, 585.226074219, 147.464569092, 242.961227417, 89.1640625, 129.719360352, -25.3709144592, -0.0527933314443, -44.0937919617, -33.2980766296], [233.9662323, -13.6189498901, 181.402069092, 120.249671936, 147.464569092, 298.918365479, 155.000778198, 96.6911239624, 27.9270114899, 16.0398654938, 18.986907959, -26.4243927002, -35.0744552612], [-95.2509307861, 338.998291016, 44.5738677979, 117.258598328, 242.961227417, 155.000778198, 357.099822998, 78.3182144165, 86.7717514038, 4.14515447617, 58.563129425, -26.8358955383, -12.7264022827], [205.737564087, -81.2930679321, 76.2513656616, 25.0634479523, 89.1640625, 96.6911239624, 78.3182144165, 199.631332397, 80.7712936401, 56.6432304382, -2.5157418251, 16.9723110199, -22.8430633545], [-166.273223877, 171.056533813, 12.9251270294, 179.267028809, 129.719360352, 27.9270114899, 86.7717514038, 80.7712936401, 239.594787598, 32.9988555908, 46.8246650696, -23.5601997375, 41.537437439], [143.624160767, -167.168502808, -51.6445732117, -75.7238693237, -25.3709144592, 16.0398654938, 4.14515447617, 56.6432304382, 32.9988555908, 137.465332031, 19.61860466, 43.8643989563, 1.31734645367], [-185.923538208, 80.0776367188, -113.426712036, 9.0614233017, -0.0527933314443, 18.986907959, 58.563129425, -2.5157418251, 46.8246650696, 19.61860466, 137.087051392, 16.3635177612, 51.7167129517], [79.9820327759, -146.726959229, 16.3291759491, -58.8848800659, -44.0937919617, -26.4243927002, -26.8358955383, 16.9723110199, -23.5601997375, 43.8643989563, 16.3635177612, 114.17515564, 24.3112564087], [-95.5797195435, 42.1425666809, -107.991920471, 21.1076869965, -33.2980766296, -35.0744552612, -12.7264022827, -22.8430633545, 41.537437439, 1.31734645367, 51.7167129517, 24.3112564087, 119.508583069]],
        "icov": [[0.000591586576775, -0.000297200225759, 0.000404736114433, -0.000412681838498, 0.000238333857851, -0.000834353035316, 0.000484042946482, -0.000717012560926, 0.000730430474505, -0.000742418051232, 0.00111083383672, -0.00070723897079, 0.000170058061485], [-0.000297200225759, 0.00380436656997, -0.0014171396615, 0.00049267639406, -0.00259308563545, 0.00350902136415, -0.00300259701908, 0.00205452763475, -0.000870476826094, 0.00235899467953, -0.00280508119613, 0.00407527107745, -0.00190509250388], [0.000404736114433, -0.0014171396615, 0.00332046346739, -0.00300641567446, 0.00123749859631, -0.00236647063866, 0.00147983618081, -0.00154659594409, 0.00164645712357, -0.00106140144635, 0.00298638409004, -0.003900493728, 0.00280770123936], [-0.000412681838498, 0.00049267639406, -0.00300641567446, 0.0069645694457, -0.00265307305381, 7.29308230802e-05, 0.000210498619708, 0.00238053989597, -0.00439265090972, 0.00280604488216, -0.0019800120499, 0.0025391865056, -0.00285482313484], [0.000238333857851, -0.00259308563545, 0.00123749859631, -0.00265307305381, 0.00564954290166, -0.00226515461691, 7.50773251639e-05, -0.00215074699372, 0.000848395749927, -0.00184755213559, 0.00272927084006, -0.00305952574126, 0.00236485619098], [-0.000834353035316, 0.00350902136415, -0.00236647063866, 7.29308230802e-05, -0.00226515461691, 0.00978448148817, -0.00490671955049, -5.34429491381e-05, 0.000548506621271, 0.00146448321175, -0.00490965647623, 0.00633459445089, -0.00171899423003], [0.000484042946482, -0.00300259701908, 0.00147983618081, 0.000210498619708, 7.50773251639e-05, -0.00490671955049, 0.00779289845377, -0.00212582340464, 2.07924840652e-05, -0.00133232609369, 0.000709149055183, -0.00329700019211, 0.00212164293043], [-0.000717012560926, 0.00205452763475, -0.00154659594409, 0.00238053989597, -0.00215074699372, -5.34429491381e-05, -0.00212582340464, 0.0106087978929, -0.00515830796212, 0.000482332485262, -0.000927421322558, 0.00052243686514, 0.000153128989041], [0.000730430474505, -0.000870476826094, 0.00164645712357, -0.00439265090972, 0.000848395749927, 0.000548506621271, 2.07924840652e-05, -0.00515830796212, 0.0106164226308, -0.00438907323405, 0.000390476721805, 0.00123389181681, -0.00149316375609], [-0.000742418051232, 0.00235899467953, -0.00106140144635, 0.00280604488216, -0.00184755213559, 0.00146448321175, -0.00133232609369, 0.000482332485262, -0.00438907323405, 0.0132957473397, -0.00335989217274, -0.00115211983211, 5.22972004546e-05], [0.00111083383672, -0.00280508119613, 0.00298638409004, -0.0019800120499, 0.00272927084006, -0.00490965647623, 0.000709149055183, -0.000927421322558, 0.000390476721805, -0.00335989217274, 0.0149213094264, -0.00612790556625, -0.00116557488218], [-0.00070723897079, 0.00407527107745, -0.003900493728, 0.0025391865056, -0.00305952574126, 0.00633459445089, -0.00329700019211, 0.00052243686514, 0.00123389181681, -0.00115211983211, -0.00612790556625, 0.0188164263964, -0.00681246304885], [0.000170058061485, -0.00190509250388, 0.00280770123936, -0.00285482313484, 0.00236485619098, -0.00171899423003, 0.00212164293043, 0.000153128989041, -0.00149316375609, 5.22972004546e-05, -0.00116557488218, -0.00681246304885, 0.0150349959731]]
    },
    "melbands": {
        "dmean": [0.00257155485451, 0.00154554878827, 0.000602121581323, 0.000662398524582, 0.000459926144686, 0.000176171626663, 0.000158771770657, 0.000173454798642, 0.000207215183764, 0.000170060025994, 0.000120388096548, 0.000119512027595, 8.48945346661e-05, 7.52600535634e-05, 6.31695656921e-05, 6.1721621023e-05, 6.23105515842e-05, 4.42527853011e-05, 4.52557542303e-05, 2.18713867071e-05, 2.32768688875e-05, 1.72031959664e-05, 1.5814886865e-05, 1.30988328237e-05, 9.2484342531e-06, 1.12777770482e-05, 1.12289162644e-05, 7.34459990781e-06, 5.11606504006e-06, 5.2826189858e-06, 4.59956891063e-06, 2.93979837807e-06, 2.37714061768e-06, 2.54530868915e-06, 2.80089739135e-06, 2.68914573098e-06, 2.58570457845e-06, 2.09280187846e-06, 1.65360700066e-06, 1.1888280369e-06],
        "dmean2": [0.0034136576578, 0.00206956919283, 0.000928657827899, 0.00103175488766, 0.000716193346307, 0.000268264004262, 0.000261274108198, 0.00029070104938, 0.000347747351043, 0.000277549232123, 0.000186091972864, 0.000184475269634, 0.000129619904328, 0.000117382034659, 9.79419055511e-05, 8.90818409971e-05, 9.25194399315e-05, 6.93898400641e-05, 7.22937766113e-05, 3.32697345584e-05, 3.69744775526e-05, 2.74295380223e-05, 2.52872177953e-05, 2.02116916626e-05, 1.38792966027e-05, 1.65199180628e-05, 1.72673862835e-05, 1.1471801372e-05, 7.84781423135e-06, 8.03830880614e-06, 6.88227100909e-06, 4.44227998742e-06, 3.51143717126e-06, 3.91497178498e-06, 4.11760083807e-06, 3.94874359699e-06, 3.75963622901e-06, 3.01898990074e-06, 2.36719506574e-06, 1.7221809685e-06],
        "dvar": [2.27603068197e-05, 6.72680835123e-06, 1.03821207631e-06, 1.75810168912e-06, 6.86471651079e-07, 1.06815349454e-07, 1.53151887616e-07, 1.04481159724e-07, 2.77344781807e-07, 1.2705211816e-07, 5.69120182092e-08, 6.35103560853e-08, 2.79905894018e-08, 3.17214876588e-08, 2.69275162168e-08, 2.8022215659e-08, 1.5742344317e-08, 8.06619127047e-09, 6.18708417832e-09, 1.25783428118e-09, 2.77231615442e-09, 1.07614583911e-09, 4.32782726323e-10, 2.49647108541e-10, 1.47114875837e-10, 2.18158865972e-10, 2.20742951695e-10, 7.84028536538e-11, 3.79157330532e-11, 5.56371407279e-11, 3.84088039151e-11, 1.80612903106e-11, 1.56887194208e-11, 2.42413866758e-11, 3.13882982106e-11, 2.00740032236e-11, 2.55390830012e-11, 1.5410572124e-11, 6.16330857878e-12, 3.70380505779e-12],
        "dvar2": [3.97462317778e-05, 1.34470355988e-05, 2.64131494987e-06, 4.00300905312e-06, 1.56778844485e-06, 2.405666919e-07, 4.2012987933e-07, 2.62667469997e-07, 7.53810070364e-07, 3.20466796211e-07, 1.32170001166e-07, 1.27779586023e-07, 5.71315474929e-08, 6.63306423121e-08, 6.2352221164e-08, 4.69586538543e-08, 2.73432636533e-08, 1.85463466806e-08, 1.42013023563e-08, 2.7620010723e-09, 6.18445472611e-09, 2.75353584378e-09, 1.05909370163e-09, 6.26084184496e-10, 3.52769147227e-10, 4.82083650777e-10, 5.22627330302e-10, 1.805010863e-10, 8.78201955601e-11, 1.23804355656e-10, 8.60550727899e-11, 4.13693905521e-11, 3.39261882476e-11, 5.54598103553e-11, 7.1525493861e-11, 4.30164653897e-11, 5.07015540663e-11, 2.73547937774e-11, 1.17320901258e-11, 7.42977381007e-12],
        "max": [0.0423375554383, 0.0223316270858, 0.0120168663561, 0.0136045636609, 0.00759638193995, 0.00684564886615, 0.00725293997675, 0.00321404100396, 0.00767676159739, 0.00525059644133, 0.00429254584014, 0.00364340934902, 0.00283089117147, 0.00330754928291, 0.00272326730192, 0.00541867967695, 0.00217897235416, 0.00128509022761, 0.000882446242031, 0.000464417069452, 0.00130580866244, 0.000735953100957, 0.000349582522176, 0.000156487003551, 0.000143489945913, 0.000219693713007, 0.00017277423467, 0.000103246020444, 6.15084572928e-05, 6.56047195662e-05, 6.08546324656e-05, 7.55262663006e-05, 8.18897096906e-05, 9.00862796698e-05, 0.000122004712466, 0.000109201442683, 0.000107983243652, 9.09959126147e-05, 4.4564705604e-05, 3.0680646887e-05],
        "mean": [0.00346571113914, 0.00226694019511, 0.000889458402526, 0.000930300098844, 0.000632484443486, 0.000238051041379, 0.000195040367544, 0.000209954596357, 0.000225797120947, 0.000249475968303, 0.000175311244675, 0.000184069329407, 0.000123980717035, 0.000103986822069, 8.05087183835e-05, 9.7851465398e-05, 0.000106958919787, 6.57884665998e-05, 6.08371119597e-05, 3.24262218783e-05, 3.63083017874e-05, 2.69526190095e-05, 2.53940652328e-05, 2.13588718907e-05, 1.45709791468e-05, 1.84921773325e-05, 1.96084984054e-05, 1.25824672068e-05, 8.09715584182e-06, 7.63992920838e-06, 6.5769718276e-06, 4.34348112321e-06, 3.32900435751e-06, 3.66273457075e-06, 4.04628099204e-06, 3.80241476705e-06, 3.41540726367e-06, 2.80485323856e-06, 2.18113882511e-06, 1.52202073878e-06],
        "median": [0.000562838220503, 0.000752630119678, 0.000516866799444, 0.000289920018986, 0.000222268208745, 0.000109666900244, 9.74521608441e-05, 8.45480681164e-05, 6.93658075761e-05, 7.26242433302e-05, 4.61230629298e-05, 4.51461055491e-05, 4.07922161685e-05, 3.62046303053e-05, 2.71196695394e-05, 3.43712199538e-05, 3.61522979802e-05, 2.44991060754e-05, 2.36120886257e-05, 1.48729486682e-05, 1.4778651348e-05, 1.3351646885e-05, 1.75106633833e-05, 1.56095029524e-05, 1.01961641121e-05, 1.27318098748e-05, 1.30020880533e-05, 8.19919932837e-06, 5.55381893719e-06, 3.94367179979e-06, 3.47067179973e-06, 2.61317404693e-06, 1.77501533472e-06, 1.91295384866e-06, 1.85288195098e-06, 1.71370413682e-06, 1.23585903111e-06, 1.12989062018e-06, 9.50642743192e-07, 5.35653100542e-07],
        "min": [2.47087683647e-07, 1.42406008763e-07, 8.31691551184e-08, 7.19284344086e-07, 1.01194018498e-06, 9.46647787714e-07, 4.41467477685e-07, 1.97701137949e-06, 9.07535024908e-07, 7.20423884104e-07, 2.05790158248e-07, 4.56080101685e-07, 5.21425818079e-07, 5.76174784328e-07, 4.06763653871e-08, 2.10276866142e-07, 3.67333626627e-07, 1.99186146688e-07, 1.91143271877e-07, 9.96942901565e-08, 1.86744188113e-07, 1.39856041415e-07, 2.12182783343e-07, 1.3365131224e-07, 1.06257076027e-07, 8.05737130349e-08, 5.48327250272e-08, 4.5681847638e-08, 2.76109712871e-08, 2.41377478005e-08, 9.79841896509e-09, 6.55279963624e-09, 5.84502801715e-09, 6.06926908731e-09, 5.28554400248e-09, 1.5177258339e-09, 8.04358579742e-10, 2.80303974476e-10, 2.93245831264e-12, 3.86716570225e-12],
