{
"highlevel": {
    "danceability": {
        "all": {
            "danceable": 0.00551381800324,
            "not_danceable": 0.994486153126
        },
        "probability": 0.994486153126,
        "value": "not_danceable"
    },
    "gender": {
        "all": {
            "female": 0.233311653137,
            "male": 0.766688346863
        },
        "probability": 0.766688346863,
        "value": "male"
    },
    "genre_dortmund": {
        "all": {
            "alternative": 0.202811419964,
            "blues": 0.0216353628784,
            "electronic": 0.305884987116,
            "folkcountry": 0.160848274827,
            "funksoulrnb": 0.00707016419619,
            "jazz": 0.213166058064,
            "pop": 0.0446096733212,
            "raphiphop": 0.00541062606499,
            "rock": 0.0385634303093
        },
        "probability": 0.305884987116,
        "value": "electronic"
    },
    "genre_electronic": {
        "all": {
            "ambient": 0.981015443802,
            "dnb": 0.000964707520325,
            "house": 0.0124028818682,
            "techno": 0.00295140501112,
            "trance": 0.00266553577967
        },
        "probability": 0.981015443802,
        "value": "ambient"
    },
    "genre_rosamerica": {
        "all": {
            "cla": 0.997185409069,
            "dan": 0.00022435466235,
            "hip": 0.000294798781397,
            "jaz": 0.000114748807391,
            "pop": 3.59573459718e-05,
            "rhy": 6.23306186753e-05,
            "roc": 0.000991306616925,
            "spe": 0.00109108549077
        },
        "probability": 0.997185409069,
        "value": "cla"
    },
    "genre_tzanetakis": {
        "all": {
            "blu": 0.00181716633961,
            "cla": 0.898108661175,
            "cou": 0.0113490195945,
            "dis": 0.00222303951159,
            "hip": 0.000475156208267,
            "jaz": 0.0752277001739,
            "met": 0.00185755745042,
            "pop": 0.000696489645634,
            "reg": 0.00355066894554,
            "roc": 0.00469455355778
        },
        "probability": 0.898108661175,
        "value": "cla"
    },
    "ismir04_rhythm": {
        "all": {
            "ChaChaCha": 9.68531530816e-05,
            "Jive": 2.51471228694e-05,
            "Quickstep": 4.26957958553e-05,
            "Rumba-American": 0.000235755738686,
            "Rumba-International": 0.00372204044834,
            "Rumba-Misc": 0.000108323038148,
            "Samba": 0.000338755577104,
            "Tango": 0.0069854715839,
            "VienneseWaltz": 0.00324055389501,
            "Waltz": 0.985204398632
        },
        "probability": 0.985204398632,
        "value": "Waltz"
    },
    "mood_acoustic": {
        "all": {
            "acoustic": 0.958026230335,
            "not_acoustic": 0.0419737920165
        },
        "probability": 0.958026230335,
        "value": "acoustic"
    },
    "mood_aggressive": {
        "all": {
            "aggressive": 0.0146792661399,
            "not_aggressive": 0.985320746899
        },
        "probability": 0.985320746899,
        "value": "not_aggressive"
    },
    "mood_electronic": {
        "all": {
            "electronic": 0.0911546349525,
            "not_electronic": 0.908845365047
        },
        "probability": 0.908845365047,
        "value": "not_electronic"
    },
    "mood_happy": {
        "all": {
            "happy": 0.581883490086,
            "not_happy": 0.418116539717
        },
        "probability": 0.581883490086,
        "value": "happy"
    },
    "mood_party": {
        "all": {
            "not_party": 0.997445702553,
            "party": 0.00255429162644
        },
        "probability": 0.997445702553,
        "value": "not_party"
    },
    "mood_relaxed": {
        "all": {
            "not_relaxed": 0.0181123949587,
            "relaxed": 0.981887578964
        },
        "probability": 0.981887578964,
        "value": "relaxed"
    },
    "mood_sad": {
        "all": {
            "not_sad": 0.138312652707,
            "sad": 0.861687362194
        },
        "probability": 0.861687362194,
        "value": "sad"
    },
    "moods_mirex": {
        "all": {
            "Cluster1": 0.0528249554336,
            "Cluster2": 0.0284443888813,
            "Cluster3": 0.848972320557,
            "Cluster4": 0.0633439943194,
            "Cluster5": 0.00641434499994
        },
        "probability": 0.848972320557,
        "value": "Cluster3"
    },
    "timbre": {
        "all": {
            "bright": 0.134223625064,
            "dark": 0.865776360035
        },
        "probability": 0.865776360035,
        "value": "dark"
    },
    "tonal_atonal": {
        "all": {
            "atonal": 0.0167522951961,
            "tonal": 0.983247697353
        },
        "probability": 0.983247697353,
        "value": "tonal"
    },
    "voice_instrumental": {
        "all": {
            "instrumental": 0.99999922514,
            "voice": 7.70214853674e-07
        },
        "probability": 0.99999922514,
        "value": "instrumental"
    }
},
"lowlevel": {
    "average_loudness": 0.781329929829,
    "barkbands_crest": {
        "dmean": 1.60651981831,
        "dmean2": 2.41902160645,
        "dvar": 3.17078661919,
        "dvar2": 8.09590625763,
        "max": 23.5038127899,
        "mean": 12.3855619431,
        "median": 11.9138288498,
        "min": 4.64247083664,
        "var": 12.8340768814
    },
    "barkbands_flatness_db": {
        "dmean": 0.0160094108433,
        "dmean2": 0.0265423208475,
        "dvar": 0.00025646679569,
        "dvar2": 0.000626398366876,
        "max": 0.424660593271,
        "mean": 0.316195607185,
        "median": 0.31500813365,
        "min": 0.164243474603,
        "var": 0.00167144846637
    },
    "barkbands_kurtosis": {
        "dmean": 1.46098005772,
        "dmean2": 2.14368391037,
        "dvar": 2.88083076477,
        "dvar2": 6.4202375412,
        "max": 20.578453064,
        "mean": 5.37349271774,
        "median": 4.39621496201,
        "min": -0.395565509796,
        "var": 13.9742050171
    },
    "barkbands_skewness": {
        "dmean": 0.275290638208,
        "dmean2": 0.408040434122,
        "dvar": 0.0806158334017,
        "dvar2": 0.198868975043,
        "max": 3.90538740158,
        "mean": 1.56251847744,
        "median": 1.55022168159,
        "min": -1.16669774055,
        "var": 0.601712882519
    },
    "barkbands_spread": {
        "dmean": 0.720520317554,
        "dmean2": 1.07519328594,
        "dvar": 0.758060395718,
        "dvar2": 1.81255280972,
        "max": 13.1718616486,
        "mean": 4.67796134949,
        "median": 4.28053188324,
        "min": 1.12384331226,
        "var": 3.81584692001
    },
    "dissonance": {
        "dmean": 0.0277008768171,
        "dmean2": 0.0457733236253,
        "dvar": 0.000695169903338,
        "dvar2": 0.00187776517123,
        "max": 0.494213551283,
        "mean": 0.396739810705,
        "median": 0.402846336365,
        "min": 0.188079029322,
        "var": 0.00259645027108
    },
    "dynamic_complexity": 4.46275377274,
    "erbbands_crest": {
        "dmean": 1.98030769825,
        "dmean2": 2.90988969803,
        "dvar": 5.10253143311,
        "dvar2": 10.7216701508,
        "max": 30.3053760529,
        "mean": 14.0973091125,
        "median": 13.2174339294,
        "min": 4.11406946182,
        "var": 36.3308601379
    },
    "erbbands_flatness_db": {
        "dmean": 0.0101203909144,
        "dmean2": 0.0159601103514,
        "dvar": 0.000129768362967,
        "dvar2": 0.000261137407506,
        "max": 0.45360955596,
        "mean": 0.350448429585,
        "median": 0.344726055861,
        "min": 0.220036834478,
        "var": 0.00146205443889
    },
    "erbbands_kurtosis": {
        "dmean": 0.837277829647,
        "dmean2": 1.24480199814,
        "dvar": 1.51623439789,
        "dvar2": 3.01825594902,
        "max": 29.5262870789,
        "mean": 1.84045755863,
        "median": 0.972964525223,
        "min": -1.2717051506,
        "var": 7.53517818451
    },
    "erbbands_skewness": {
        "dmean": 0.223813325167,
        "dmean2": 0.32701048255,
        "dvar": 0.0604684092104,
        "dvar2": 0.12377923727,
        "max": 3.43836355209,
        "mean": 1.08433842659,
        "median": 0.984568595886,
        "min": -0.251997113228,
        "var": 0.368222087622
    },
    "erbbands_spread": {
        "dmean": 1.61100292206,
        "dmean2": 2.36290001869,
        "dvar": 2.77886652946,
        "dvar2": 6.01658439636,
        "max": 29.8278617859,
        "mean": 13.2314023972,
        "median": 13.1693525314,
        "min": 1.88537108898,
        "var": 27.3868789673
    },
    "hfc": {
        "dmean": 1.51509130001,
        "dmean2": 1.95006632805,
        "dvar": 15.4757585526,
        "dvar2": 24.644235611,
        "max": 99.7220916748,
        "mean": 7.71951961517,
        "median": 4.8299446106,
        "min": 0.0952658504248,
        "var": 102.055030823
    },
    "melbands_crest": {
        "dmean": 1.9768217802,
        "dmean2": 3.0838906765,
        "dvar": 4.75848674774,
        "dvar2": 10.8952589035,
        "max": 29.0155696869,
        "mean": 15.0572690964,
        "median": 14.5403547287,
        "min": 5.63503599167,
        "var": 23.0432338715
    },
    "melbands_flatness_db": {
        "dmean": 0.0155379706994,
        "dmean2": 0.0239695869386,
        "dvar": 0.000323162181303,
        "dvar2": 0.000709445332177,
        "max": 0.538996934891,
        "mean": 0.407111346722,
        "median": 0.404351651669,
        "min": 0.210172235966,
        "var": 0.0032184261363
    },
    "melbands_kurtosis": {
        "dmean": 1.73123645782,
        "dmean2": 2.53861451149,
        "dvar": 4.68356609344,
        "dvar2": 10.8871555328,
        "max": 27.1612052917,
        "mean": 6.35977220535,
        "median": 5.41861915588,
        "min": -0.0755527019501,
        "var": 19.1253547668
    },
    "melbands_skewness": {
        "dmean": 0.276838004589,
        "dmean2": 0.414541691542,
        "dvar": 0.0912265107036,
        "dvar2": 0.220118016005,
        "max": 4.41824293137,
        "mean": 1.64576160908,
        "median": 1.6038172245,
        "min": -0.892855405807,
        "var": 0.638835668564
    },
    "melbands_spread": {
        "dmean": 1.04924309254,
        "dmean2": 1.56289625168,
        "dvar": 1.61607074738,
        "dvar2": 3.76744580269,
        "max": 18.2452735901,
        "mean": 6.86817455292,
        "median": 6.34469270706,
        "min": 2.15964889526,
        "var": 7.38561296463
    },
    "pitch_salience": {
        "dmean": 0.0443766377866,
        "dmean2": 0.0687169060111,
        "dvar": 0.00223788479343,
        "dvar2": 0.00562110543251,
        "max": 0.869655430317,
        "mean": 0.582382619381,
        "median": 0.585322797298,
        "min": 0.191958233714,
        "var": 0.00950028561056
    },
    "silence_rate_20dB": {
        "dmean": 0,
        "dmean2": 0,
        "dvar": 0,
        "dvar2": 0,
        "max": 1,
        "mean": 1,
        "median": 1,
        "min": 1,
        "var": 0
    },
    "silence_rate_30dB": {
        "dmean": 0.0061919502914,
        "dmean2": 0.0123934932053,
        "dvar": 0.00615351786837,
        "dvar2": 0.0153385344893,
        "max": 1,
        "mean": 0.993039429188,
        "median": 1,
        "min": 0,
        "var": 0.00691220909357
    },
    "silence_rate_60dB": {
        "dmean": 0.0170278642327,
        "dmean2": 0.0340821072459,
        "dvar": 0.0167378913611,
        "dvar2": 0.040666628629,
        "max": 1,
        "mean": 0.188708424568,
        "median": 0,
        "min": 0,
        "var": 0.153096869588
    },
    "spectral_centroid": {
        "dmean": 31.8113307953,
        "dmean2": 48.3176689148,
        "dvar": 1956.98242188,
        "dvar2": 4574.71582031,
        "max": 947.974304199,
        "mean": 482.400512695,
        "median": 474.389587402,
        "min": 302.734527588,
        "var": 7376.63964844
    },
    "spectral_complexity": {
        "dmean": 1.36996901035,
        "dmean2": 2.23315262794,
        "dvar": 2.18665313721,
        "dvar2": 4.41576862335,
        "max": 29,
        "mean": 10.7849960327,
        "median": 11,
        "min": 0,
        "var": 26.1471424103
    },
    "spectral_decrease": {
        "dmean": 8.86163809e-10,
        "dmean2": 1.15869869255e-09,
        "dvar": 4.18451894891e-18,
        "dvar2": 7.81555894225e-18,
        "max": -5.64724933483e-11,
        "mean": -4.37013136789e-09,
        "median": -2.76096301377e-09,
        "min": -4.76298644969e-08,
        "var": 2.67788506745e-17
    },
    "spectral_energy": {
        "dmean": 0.00347710982896,
        "dmean2": 0.00454115169123,
        "dvar": 6.49300200166e-05,
        "dvar2": 0.00012028778292,
        "max": 0.188811212778,
        "mean": 0.017194069922,
        "median": 0.010857465677,
        "min": 0.000221780690481,
        "var": 0.000417325267335
    },
    "spectral_energyband_high": {
        "dmean": 2.9676189115e-06,
        "dmean2": 4.54403152617e-06,
        "dvar": 1.43752398873e-10,
        "dvar2": 2.8289834364e-10,
        "max": 0.000198483045097,
        "mean": 6.68657548886e-06,
        "median": 1.02177045846e-06,
        "min": 6.43318509574e-10,
        "var": 4.00685207236e-10
    },
    "spectral_energyband_low": {
        "dmean": 0.00017716945149,
        "dmean2": 0.000280166161247,
        "dvar": 1.49612063183e-07,
        "dvar2": 3.38253983045e-07,
        "max": 0.00767585774884,
        "mean": 0.000649134279229,
        "median": 0.000244986906182,
        "min": 2.25388339459e-06,
        "var": 9.28662132083e-07
    },
    "spectral_energyband_middle_high": {
        "dmean": 0.000397684401833,
        "dmean2": 0.000541306508239,
        "dvar": 8.59270301135e-07,
        "dvar2": 1.42498447531e-06,
        "max": 0.0184939801693,
        "mean": 0.00171183841303,
        "median": 0.00102958874777,
        "min": 1.0548348655e-05,
        "var": 5.23129165231e-06
    },
    "spectral_energyband_middle_low": {
        "dmean": 0.00331430346705,
        "dmean2": 0.0043557616882,
        "dvar": 5.68097930227e-05,
        "dvar2": 0.000110461049189,
        "max": 0.168841362,
        "mean": 0.0151499640197,
        "median": 0.0091649601236,
        "min": 0.000153354296344,
        "var": 0.000331635877956
    },
    "spectral_entropy": {
        "dmean": 0.101592317224,
        "dmean2": 0.158214062452,
        "dvar": 0.0185299180448,
        "dvar2": 0.0396955050528,
        "max": 7.54492759705,
        "mean": 6.08837842941,
        "median": 6.10096025467,
        "min": 4.99533224106,
        "var": 0.147501707077
    },
    "spectral_flux": {
        "dmean": 0.010297507979,
        "dmean2": 0.0166227649897,
        "dvar": 0.000379445467843,
        "dvar2": 0.000897366320714,
        "max": 0.273390382528,
        "mean": 0.0303849466145,
        "median": 0.0217946860939,
        "min": 0.00243852450512,
        "var": 0.000809284101706
    },
    "spectral_kurtosis": {
        "dmean": 22.8963470459,
        "dmean2": 41.2533149719,
        "dvar": 458.297973633,
        "dvar2": 1349.11755371,
        "max": 234.803970337,
        "mean": 58.0344276428,
        "median": 43.2558021545,
        "min": 2.31232500076,
        "var": 2357.38012695
    },
    "spectral_rms": {
        "dmean": 0.000349873444065,
        "dmean2": 0.000456051202491,
        "dvar": 3.41256196634e-07,
        "dvar2": 5.86920407386e-07,
        "max": 0.0135722532868,
        "mean": 0.00354787753895,
        "median": 0.00325463502668,
        "min": 0.000465157383587,
        "var": 4.18726176576e-06
    },
    "spectral_rolloff": {
        "dmean": 63.1494522095,
        "dmean2": 105.714294434,
        "dvar": 9965.22949219,
        "dvar2": 21912.6679688,
        "max": 1507.32421875,
        "mean": 601.665527344,
        "median": 538.330078125,
        "min": 258.3984375,
        "var": 27770.3417969
    },
    "spectral_skewness": {
        "dmean": 1.36899876595,
        "dmean2": 2.49059057236,
        "dvar": 1.37417447567,
        "dvar2": 4.30688858032,
        "max": 12.2283334732,
        "mean": 4.79082489014,
        "median": 4.17300701141,
        "min": 1.47476100922,
        "var": 5.76050043106
    },
    "spectral_spread": {
        "dmean": 262079.03125,
        "dmean2": 466495.6875,
        "dvar": 358638190592,
        "dvar2": 447964512256,
        "max": 21182864,
        "mean": 1223131.875,
        "median": 1212452.125,
        "min": 361919.28125,
        "var": 442928267264
    },
    "spectral_strongpeak": {
        "dmean": 0.253573417664,
        "dmean2": 0.393865287304,
        "dvar": 0.152877807617,
        "dvar2": 0.363443702459,
        "max": 7.00324630737,
        "mean": 1.02942180634,
        "median": 0.849365055561,
        "min": 0.0138148600236,
        "var": 0.63549798727
    },
    "zerocrossingrate": {
        "dmean": 0.00189265678637,
        "dmean2": 0.00246220827103,
        "dvar": 2.99981661556e-06,
        "dvar2": 4.73118825539e-06,
        "max": 0.04052734375,
        "mean": 0.0232331994921,
        "median": 0.02294921875,
        "min": 0.00927734375,
        "var": 2.21942646021e-05
    },
    "barkbands": {
        "dmean": [1.1828413335e-05, 5.45562761545e-05, 7.96083841124e-05, 0.00018226300017, 0.00150747166481, 0.000695312337484, 0.00146619579755, 0.000608562317211, 0.00020036076603, 0.000237122541876, 0.000105925399112, 8.80324005266e-05, 5.6726141338e-05, 6.3881801907e-05, 3.88759981433e-05, 3.18070342473e-05, 2.22701364692e-05, 1.03027832665e-05, 5.23144990439e-06, 2.69635620498e-06, 5.82307109198e-07, 5.07364006808e-07, 1.53734433184e-07, 8.69247340773e-09, 1.55692958526e-09, 8.67239169366e-10, 7.47598816186e-10],
        "dmean2": [1.97152039618e-05, 8.47937626531e-05, 0.000125238730107, 0.000282008055365, 0.00231893640012, 0.000918350298889, 0.00195241032634, 0.000951898749918, 0.000259021413513, 0.000312357384246, 0.000137147362693, 0.000141433061799, 8.58724233694e-05, 9.32498878683e-05, 5.98511251155e-05, 4.65289231215e-05, 3.4299773688e-05, 1.45225967572e-05, 8.79929757502e-06, 4.21558934249e-06, 8.66781590503e-07, 7.59145507345e-07, 2.18179266653e-07, 1.37753701779e-08, 2.54860377247e-09, 1.54376522676e-09, 1.36451161481e-09],
        "dvar": [7.4553185847e-10, 2.55476830802e-08, 2.8150907383e-08, 1.7635927918e-07, 1.53632154252e-05, 4.19066418544e-06, 1.6377751308e-05, 2.88952946903e-06, 2.66055764087e-07, 3.40700722745e-07, 4.80666493274e-08, 4.14777048263e-08, 1.48093937113e-08, 2.11137027861e-08, 2.42472637524e-08, 4.61019844522e-09, 5.38393951643e-09, 7.37679028973e-10, 3.130209425e-10, 1.05084982382e-10, 5.62128251932e-12, 7.08389336773e-12, 7.0313676756e-13, 2.15643322833e-15, 2.15649790723e-17, 3.96258225466e-18, 1.74891251861e-18],
        "dvar2": [1.89354887326e-09, 4.88181370883e-08, 6.4286538759e-08, 3.596956617e-07, 4.25178986916e-05, 5.78907929594e-06, 3.31265691784e-05, 6.44617421131e-06, 3.60165557822e-07, 5.98586382239e-07, 7.43759684951e-08, 1.01698226729e-07, 3.04330640688e-08, 4.03490467704e-08, 4.26743156368e-08, 9.77912151257e-09, 1.28814940936e-08, 1.53050361273e-09, 7.54610152143e-10, 2.16323750579e-10, 1.06571496419e-11, 1.33200577304e-11, 1.43148405456e-12, 5.52209535084e-15, 4.72562559862e-17, 8.55825132703e-18, 5.20376055994e-18],
        "max": [0.00036203750642, 0.00531854713336, 0.00310709723271, 0.00943429209292, 0.0568532645702, 0.0567971877754, 0.102040678263, 0.0383665971458, 0.0128142293543, 0.00960424076766, 0.0053572403267, 0.0028934541624, 0.00218031462282, 0.00269003422, 0.00400226050988, 0.0015000407584, 0.00207714294083, 0.000499835237861, 0.000297579477774, 0.000176348330569, 5.69026560697e-05, 5.4600302974e-05, 1.92134648387e-05, 8.46977911806e-07, 8.75252936794e-08, 4.53815793833e-08, 1.52792125618e-08],
        "mean": [1.26153508972e-05, 0.000138729112223, 0.000242044116021, 0.000509517383762, 0.0048503363505, 0.0028390143998, 0.00468968972564, 0.00141407479532, 0.000705486221705, 0.000603605934884, 0.000439084658865, 0.0002079038386, 0.000152217398863, 0.000156976224389, 7.85066295066e-05, 7.21313263057e-05, 3.98146767111e-05, 2.37896310864e-05, 1.01685864138e-05, 5.65458140045e-06, 1.44142120462e-06, 9.87187945611e-07, 2.56591135894e-07, 1.29095312218e-08, 2.14443396374e-09, 8.4868567729e-10, 6.97655877513e-10],
        "median": [3.65054893336e-06, 3.0054961826e-05, 7.40451869206e-05, 0.000166642275872, 0.0022573848255, 0.000915459473617, 0.002307404764, 0.000368255889043, 0.000271173776127, 0.000216099666432, 0.000190037113498, 0.000100431141618, 6.10759016126e-05, 6.98588482919e-05, 1.59276005434e-05, 2.85888345388e-05, 1.69913710124e-05, 7.63062053011e-06, 3.23695167026e-06, 1.03183663214e-06, 2.32253583476e-07, 5.69405891326e-08, 1.14769811432e-08, 1.42315526031e-09, 5.50320677917e-10, 2.6681298837e-10, 2.50925391576e-10],
        "min": [3.19656523473e-09, 4.25931347081e-07, 3.44283506593e-07, 4.63018864139e-07, 8.23860045784e-06, 9.35906609811e-06, 1.90307546291e-05, 4.11639075537e-06, 1.43647537243e-06, 1.81797020105e-06, 7.03630576027e-08, 1.85824475807e-07, 2.01619442919e-07, 2.24234867119e-07, 1.09719602293e-08, 3.63049608154e-08, 2.50642333555e-08, 2.48910470013e-09, 2.06820394144e-10, 1.60860963438e-10, 7.47162956505e-11, 6.99366814461e-11, 4.2175443693e-11, 1.80850525527e-11, 3.11530558295e-11, 5.5486448769e-11, 8.5344738221e-11],
        "var": [8.95250429345e-10, 1.10890759686e-07, 2.20761876335e-07, 9.59322392191e-07, 4.12980225519e-05, 3.46972919942e-05, 5.76533238927e-05, 8.66765822138e-06, 1.76716389433e-06, 1.08505719254e-06, 4.59189919866e-07, 9.51718917008e-08, 6.50212115261e-08, 7.72731425513e-08, 6.12179462678e-08, 1.76272720864e-08, 9.13564690563e-09, 2.32629226993e-09, 5.29174870589e-10, 2.75762135349e-10, 1.90752674073e-11, 1.63835681133e-11, 1.38480568158e-12, 3.44913743122e-15, 3.34365792707e-17, 4.19096475383e-18, 1.61647769722e-18]
    },
    "erbbands": {
        "dmean": [0.00073187018279, 0.015167764388, 0.0754162445664, 0.367857635021, 2.18971323967, 7.16044807434, 6.15982723236, 4.13229703903, 10.3532381058, 33.412563324, 7.16062164307, 3.68283987045, 6.20945167542, 4.62043619156, 3.89227843285, 3.68500828743, 2.91400241852, 3.18394517899, 2.03464269638, 2.30684161186, 1.02155542374, 1.33876311779, 0.511171579361, 0.327435880899, 0.280511140823, 0.156824976206, 0.0404740869999, 0.0222619362175, 0.019967135042, 0.00932606030256, 0.003527530469, 0.000572314369492, 0.000156624417286, 2.49723452725e-05, 1.09382353912e-05, 4.78224865219e-06, 1.94270410248e-06, 5.6166709328e-07, 1.64883601883e-06, 3.88845319321e-06],
        "dmean2": [0.00120282545686, 0.0236874949187, 0.119422376156, 0.569255292416, 3.13404726982, 11.3782176971, 8.52106571198, 5.50730705261, 13.6334724426, 46.2428665161, 10.1022758484, 4.83569955826, 8.04079437256, 6.05357789993, 4.97228717804, 5.83453512192, 4.4559841156, 4.57157564163, 3.23553800583, 3.26620483398, 1.45427203178, 2.05856871605, 0.732120990753, 0.508155405521, 0.464578509331, 0.250467091799, 0.0624547600746, 0.0336033590138, 0.0294169858098, 0.0135173499584, 0.00529408222064, 0.000861101027112, 0.00025001182803, 3.97666699428e-05, 1.79257276613e-05, 8.03060265753e-06, 3.08801418214e-06, 9.29789337079e-07, 2.15263185055e-06, 5.0691260185e-06],
        "dvar": [2.9763909879e-06, 0.00199342705309, 0.0253515839577, 0.691490352154, 18.0362167358, 506.310943604, 234.850524902, 131.56451416, 326.100585938, 12449.5292969, 303.082611084, 118.42389679, 220.054656982, 101.066246033, 57.4305267334, 69.8338241577, 45.0354270935, 59.6216621399, 24.4040603638, 57.7037467957, 6.01660823822, 13.0014705658, 2.12325978279, 0.743437230587, 1.26836633682, 0.378009468317, 0.0225549656898, 0.0134251154959, 0.0118571873754, 0.00240058754571, 0.000555509701371, 1.29331292555e-05, 8.61757769144e-07, 1.01033501565e-08, 9.36807964536e-10, 1.32025279598e-10, 1.6708408962e-11, 1.11225015743e-12, 1.47864151478e-11, 8.20467513374e-11],
        "dvar2": [7.00086502547e-06, 0.00378598808311, 0.0575790926814, 1.53937959671, 38.6408462524, 1432.48962402, 378.252380371, 217.326461792, 639.128601074, 23554.1601562, 502.87713623, 171.86706543, 339.955352783, 172.5965271, 82.1167221069, 165.623458862, 96.8283309937, 111.89491272, 65.1254348755, 96.1439208984, 12.0801525116, 30.9627075195, 4.08833026886, 1.67655682564, 3.14439272881, 0.825925827026, 0.0462006628513, 0.026137040928, 0.022466506809, 0.0056400145404, 0.00123780162539, 2.80614895019e-05, 2.34828780776e-06, 2.30377157351e-08, 2.01587280202e-09, 2.99549413052e-10, 3.02818568831e-11, 2.43145044029e-12, 2.64910454684e-11, 1.5039643142e-10],
        "max": [0.0451852194965, 1.46929430962, 2.56832790375, 19.6506443024, 70.6908569336, 313.405029297, 418.464752197, 306.818328857, 331.161315918, 2945.02783203, 386.031188965, 246.218399048, 374.303314209, 146.261856079, 195.081741333, 127.069732666, 114.803970337, 153.694320679, 81.7368240356, 216.08052063, 63.8358306885, 83.4861679077, 30.3872299194, 14.3007240295, 20.609790802, 10.8204450607, 3.02916741371, 2.76334452629, 2.54293012619, 0.959917247295, 0.62150812149, 0.0807985588908, 0.0199878066778, 0.00190746190492, 0.000558266532607, 0.000207552046049, 8.6214960902e-05, 2.19751491386e-05, 9.35547141125e-05, 0.000213969338802],
        "mean": [0.00166057411116, 0.0415033586323, 0.238424673676, 1.25622820854, 8.05781173706, 20.4806156158, 22.8862171173, 18.364484787, 42.5892982483, 86.9439163208, 21.2694225311, 13.3637876511, 18.210319519, 13.4402627945, 17.0544586182, 9.71613407135, 7.69521427155, 7.96595859528, 4.45225811005, 5.17266654968, 2.67104506493, 2.41516208649, 1.37470829487, 0.78001087904, 0.468434900045, 0.308657586575, 0.096884444356, 0.0548925027251, 0.038561757654, 0.01604610309, 0.00501522235572, 0.000894367170986, 0.000216592932702, 4.58435315522e-05, 2.36783689616e-05, 1.30322741825e-05, 6.59357783661e-06, 1.45343790336e-06, 8.28669544717e-06, 1.93115065485e-05],
        "median": [0.000462319934741, 0.0108483275399, 0.090841665864, 0.502515137196, 2.98752450943, 9.13375377655, 9.56116962433, 7.90523147583, 22.0881328583, 13.9486446381, 9.66836452484, 4.60693502426, 8.14795684814, 7.11596536636, 7.47982263565, 4.75925970078, 3.62489891052, 3.27319788933, 1.99375367165, 1.69916677475, 1.14184224606, 1.04714953899, 0.480990856886, 0.31400051713, 0.108216829598, 0.0542585887015, 0.0188145022839, 0.0071996897459, 0.00273768301122, 0.000884786946699, 0.000238548876951, 6.74997208989e-05, 3.00927968055e-05, 1.71733609022e-05, 1.25075912365e-05, 8.07023025118e-06, 4.28065277447e-06, 8.90586079549e-07, 5.30962643097e-06, 1.21804396258e-05],
        "min": [1.12848319986e-05, 7.33505366952e-05, 0.00101776968222, 0.00284635694697, 0.0124668935314, 0.0276830680668, 0.0599251128733, 0.116228789091, 0.116893872619, 0.289906203747, 0.100385576487, 0.0483664683998, 0.0866664648056, 0.043732970953, 0.0139708993956, 0.0113842515275, 0.0101737836376, 0.0055438587442, 0.0126562444493, 0.00643570395187, 0.00274938787334, 0.00149868777953, 0.000234605482547, 0.00010954598838, 2.15907875827e-05, 7.99495501269e-06, 4.49416756965e-06, 2.8877357181e-06, 2.36522259911e-06, 2.40045756073e-06, 1.58326793098e-06, 8.61395392349e-07, 7.78089884079e-07, 6.32524063349e-07, 4.90467357395e-07, 3.57649525995e-07, 1.87736773682e-07, 6.14095299056e-08, 1.23429742871e-07, 2.50044593031e-07],
        "var": [1.19308288049e-05, 0.00850832462311, 0.1454629004, 3.9202606678, 150.392288208, 998.562744141, 1761.66162109, 1014.15631104, 2836.19067383, 43128.4921875, 1522.57971191, 773.745056152, 1024.79370117, 383.444580078, 605.542480469, 204.307662964, 159.472503662, 216.605300903, 62.7443313599, 177.275497437, 22.4464473724, 24.8632049561, 7.26617860794, 2.27064776421, 1.76096212864, 0.840234041214, 0.0677712261677, 0.0389361977577, 0.0260330811143, 0.00399297941476, 0.000786000979133, 2.09402951441e-05, 1.07977211883e-06, 1.57851598459e-08, 1.85623805216e-09, 3.22429360988e-10, 6.4326766136e-11, 3.53611476038e-12, 9.79964165371e-11, 5.30701649293e-10]
    },
    "gfcc": {
        "mean": [-188.404418945, 236.979476929, -151.911087036, -30.9775085449, -33.9818840027, -45.660987854, -26.3642730713, -25.4842472076, -11.8311290741, -17.170425415, -5.98825025558, -8.16287612915, -4.91044330597],
        "cov": [[8329.02832031, -1231.39587402, -1741.6550293, 1816.44250488, -725.705200195, -335.276733398, 673.24395752, -743.843261719, -188.053649902, -93.4631347656, -185.311843872, -177.178817749, -82.4016876221], [-1231.39587402, 378.921569824, 338.938476562, -309.340393066, 214.644668579, 45.7616462708, -74.4292373657, 113.067710876, 11.6472263336, 7.50422525406, 10.6607065201, 20.7070159912, 36.0588226318], [-1741.6550293, 338.938476562, 582.526489258, -387.575195312, 164.795028687, 115.322486877, -179.230194092, 167.848266602, 53.9474182129, 20.8449668884, 30.2524967194, 26.0814628601, 25.2059936523], [1816.44250488, -309.340393066, -387.575195312, 520.738952637, -155.773529053, -36.6763153076, 179.589157104, -172.26864624, -25.6626377106, -23.2618656158, -41.6412658691, -41.7398300171, -39.5390701294], [-725.705200195, 214.644668579, 164.795028687, -155.773529053, 182.015716553, 22.6870517731, -48.9564399719, 70.5606536865, -11.5359611511, -2.85048007965, -0.49638825655, 14.4293832779, 20.923248291], [-335.276733398, 45.7616462708, 115.322486877, -36.6763153076, 22.6870517731, 154.364715576, 5.81315612793, 50.7357368469, 57.8788146973, 4.32644891739, 17.1497592926, 3.5534017086, -15.0642566681], [673.24395752, -74.4292373657, -179.230194092, 179.589157104, -48.9564399719, 5.81315612793, 146.947357178, -50.2261543274, -2.69056916237, 10.9324493408, -7.70440483093, -18.7040214539, -21.3863067627], [-743.843261719, 113.067710876, 167.848266602, -172.26864624, 70.5606536865, 50.7357368469, -50.2261543274, 147.236099243, 53.1147460938, 9.33557891846, 28.4306755066, 4.00604391098, 7.52391910553], [-188.053649902, 11.6472263336, 53.9474182129, -25.6626377106, -11.5359611511, 57.8788146973, -2.69056916237, 53.1147460938, 117.659065247, 35.993221283, 30.6653690338, 9.51879119873, -20.909029007], [-93.4631347656, 7.50422525406, 20.8449668884, -23.2618656158, -2.85048007965, 4.32644891739, 10.9324493408, 9.33557891846, 35.993221283, 74.4892501831, 35.7143440247, -8.84979724884, -6.91267251968], [-185.311843872, 10.6607065201, 30.2524967194, -41.6412658691, -0.49638825655, 17.1497592926, -7.70440483093, 28.4306755066, 30.6653690338, 35.7143440247, 57.463760376, 11.129524231, -11.5420856476], [-177.178817749, 20.7070159912, 26.0814628601, -41.7398300171, 14.4293832779, 3.5534017086, -18.7040214539, 4.00604391098, 9.51879119873, -8.84979724884, 11.129524231, 67.0232086182, 17.7156276703], [-82.4016876221, 36.0588226318, 25.2059936523, -39.5390701294, 20.923248291, -15.0642566681, -21.3863067627, 7.52391910553, -20.909029007, -6.91267251968, -11.5420856476, 17.7156276703, 51.5150184631]],
        "icov": [[0.000914608885068, -0.000984867918305, 0.00116230768617, -0.00227457634173, 0.00166720652487, 0.000305895780912, 0.000195254440769, 0.000540026463568, 9.54756797e-06, 7.25463323761e-05, 0.000172404223122, 0.000730090250727, -0.000946498243138], [-0.000984867918305, 0.0378139875829, -0.0178484916687, 0.0180821269751, -0.0324151664972, 0.00945502799004, -0.0283907111734, 0.0172600690275, -0.0157768279314, 0.0192230045795, -0.0118913222104, 0.0120099587366, -0.0144273638725], [0.00116230768617, -0.0178484916687, 0.0145889036357, -0.00849489774555, 0.0143588352948, -0.00759148411453, 0.0174521692097, -0.00901922211051, 0.00771701196209, -0.0113250352442, 0.00760471122339, -0.00517997192219, 0.00630256906152], [-0.00227457634173, 0.0180821269751, -0.00849489774555, 0.0188634265214, -0.0161437690258, 0.00305405445397, -0.0166743230075, 0.0110987862572, -0.00919656548649, 0.0113039845601, -0.00555207813159, 0.00633212691173, -0.0043912739493], [0.00166720652487, -0.0324151664972, 0.0143588352948, -0.0161437690258, 0.0376762785017, -0.00783224403858, 0.0226633325219, -0.0171695165336, 0.0165096241981, -0.0173919517547, 0.0128160519525, -0.0113483443856, 0.0114045841619], [0.000305895780912, 0.00945502799004, -0.00759148411453, 0.00305405445397, -0.00783224403858, 0.0139639992267, -0.0122062265873, 0.00519166095182, -0.00912929419428, 0.0100413085893, -0.00605869246647, 0.00464374804869, -0.00394388334826], [0.000195254440769, -0.0283907111734, 0.0174521692097, -0.0166743230075, 0.0226633325219, -0.0122062265873, 0.0387038625777, -0.0172090418637, 0.0154416589066, -0.0227870345116, 0.0133249722421, -0.0116299744695, 0.014849325642], [0.000540026463568, 0.0172600690275, -0.00901922211051, 0.0110987862572, -0.0171695165336, 0.00519166095182, -0.0172090418637, 0.0282737948, -0.017211118713, 0.0187581796199, -0.014710014686, 0.0144581561908, -0.0138045120984], [9.54756797e-06, -0.0157768279314, 0.00771701196209, -0.00919656548649, 0.0165096241981, -0.00912929419428, 0.0154416589066, -0.017211118713, 0.0259273909032, -0.0197234079242, 0.0095467697829, -0.0132244862616, 0.0143368076533], [7.25463323761e-05, 0.0192230045795, -0.0113250352442, 0.0113039845601, -0.0173919517547, 0.0100413085893, -0.0227870345116, 0.0187581796199, -0.0197234079242, 0.0408133305609, -0.0262398198247, 0.0182050801814, -0.0159899480641], [0.000172404223122, -0.0118913222104, 0.00760471122339, -0.00555207813159, 0.0128160519525, -0.00605869246647, 0.0133249722421, -0.014710014686, 0.0095467697829, -0.0262398198247, 0.0407115966082, -0.0160179007798, 0.0163040068001], [0.000730090250727, 0.0120099587366, -0.00517997192219, 0.00633212691173, -0.0113483443856, 0.00464374804869, -0.0116299744695, 0.0144581561908, -0.0132244862616, 0.0182050801814, -0.0160179007798, 0.028671739623, -0.0171903297305], [-0.000946498243138, -0.0144273638725, 0.00630256906152, -0.0043912739493, 0.0114045841619, -0.00394388334826, 0.014849325642, -0.0138045120984, 0.0143368076533, -0.0159899480641, 0.0163040068001, -0.0171903297305, 0.0371757633984]]
    },
    "melbands": {
        "dmean": [1.07862315417e-05, 3.17829471896e-05, 8.92458338058e-05, 0.000352459697751, 0.000228102551773, 0.000107253094029, 0.00018123582413, 0.000319057086017, 4.76407585666e-05, 2.20120509766e-05, 3.36244775099e-05, 2.24433370022e-05, 1.52053680722e-05, 5.37809864909e-06, 1.74594169948e-05, 3.92346828448e-06, 5.83615656069e-06, 3.43790884472e-06, 3.4292768305e-06, 2.73941441264e-06, 1.17434706226e-06, 1.45076228364e-06, 5.97646987899e-07, 5.95318624619e-07, 2.54068623917e-07, 2.21697973757e-07, 1.14477892055e-07, 1.33540126512e-07, 2.44857005782e-08, 1.68069593798e-08, 1.44130183344e-08, 1.45126897166e-08, 6.05886629756e-09, 5.07719732923e-09, 2.05611416781e-09, 1.11256592827e-09, 1.2094200641e-10, 1.4370712953e-10, 3.27867212546e-11, 1.62813703491e-11],
        "dmean2": [1.64293287526e-05, 5.03947121615e-05, 0.000132674103952, 0.00053783581825, 0.000332391413394, 0.00013969221618, 0.000242881535087, 0.000447521451861, 6.41307196929e-05, 2.89743275061e-05, 4.39883478975e-05, 2.97846836474e-05, 1.96190630959e-05, 8.01854457677e-06, 2.73482419288e-05, 5.74499426875e-06, 8.44805254019e-06, 5.62283776162e-06, 4.92738445246e-06, 4.03148533223e-06, 1.73755825017e-06, 2.23400661525e-06, 9.03294733234e-07, 8.48418210353e-07, 4.02019793455e-07, 3.6822484617e-07, 1.87003266205e-07, 2.17826411131e-07, 3.84741554171e-08, 2.52960141722e-08, 2.2485188822e-08, 2.10520365584e-08, 9.02639207823e-09, 7.42266959008e-09, 3.20102300222e-09, 1.7459111934e-09, 1.93918200941e-10, 2.30350849506e-10, 5.62824301054e-11, 2.67368141516e-11],
        "dvar": [8.25828849749e-10, 5.16874898437e-09, 2.74470437489e-08, 8.1014712805e-07, 3.1926634847e-07, 8.48977848023e-08, 1.43115101991e-07, 1.10065604986e-06, 1.20633085743e-08, 3.77219722125e-09, 6.42428643616e-09, 2.59389976165e-09, 1.04234987308e-09, 1.04950464985e-10, 1.76194259183e-09, 7.35159086385e-11, 1.91903354319e-10, 6.01782026988e-11, 2.66490385314e-10, 3.73084826921e-11, 1.19882654151e-11, 1.7951548234e-11, 1.86917755579e-12, 2.68094292426e-12, 4.06235022834e-13, 6.41499982475e-13, 2.55058208712e-13, 2.80708670284e-13, 7.66823416424e-15, 4.07522246946e-15, 6.35613608323e-15, 7.07673581058e-15, 6.95379268405e-16, 7.05899629369e-16, 2.00122889324e-16, 5.23044366942e-17, 3.63259080189e-19, 7.94597864827e-19, 2.99387262903e-20, 3.438411284e-21],
        "dvar2": [1.60456981035e-09, 1.10185229829e-08, 5.60095934077e-08, 2.21279242396e-06, 7.10878452992e-07, 1.29475054678e-07, 3.08177163788e-07, 2.09317659028e-06, 1.96153582266e-08, 5.56690338271e-09, 1.02427240023e-08, 4.58720839092e-09, 1.52932622122e-09, 2.53973314601e-10, 4.09290112913e-09, 1.3303087798e-10, 3.64241664608e-10, 1.86210699638e-10, 4.23149987272e-10, 8.29566693117e-11, 2.6486085894e-11, 4.30380731054e-11, 3.83557942352e-12, 5.55709861808e-12, 9.67300241642e-13, 1.50917126018e-12, 6.1117983504e-13, 6.44289092563e-13, 1.63501160446e-14, 8.14473424278e-15, 1.33484455789e-14, 1.34120128604e-14, 1.6161275343e-15, 1.58155916681e-15, 4.51910288569e-16, 1.1409237338e-16, 8.53250191835e-19, 2.24361677614e-18, 8.42680297022e-20, 7.56620975391e-21],
        "max": [0.000961872981861, 0.00160844170023, 0.00311475340277, 0.0133153302595, 0.0109751522541, 0.00787958409637, 0.00847090780735, 0.0276687834412, 0.0027659276966, 0.00126789719798, 0.00185656512622, 0.000746847479604, 0.000856367521919, 0.000164667420904, 0.000647563894745, 0.000189781494555, 0.000268089643214, 0.000114438291348, 0.000460225302959, 0.000126684972201, 0.00010055948951, 0.000109745284135, 2.78061070276e-05, 3.23971980833e-05, 1.14503955047e-05, 1.46851016325e-05, 8.40434040583e-06, 9.43679333432e-06, 2.28986164075e-06, 1.4419292711e-06, 1.89095442238e-06, 1.9660290036e-06, 3.95852850943e-07, 5.46549074443e-07, 3.76779922817e-07, 1.76848317324e-07, 1.08350990402e-08, 2.01846450665e-08, 3.93271104571e-09, 1.22116183832e-09],
        "mean": [2.77148337773e-05, 0.000100412595202, 0.000322350097122, 0.00113268266432, 0.000815806677565, 0.000488063378725, 0.000672942376696, 0.000810362456832, 0.000139437062899, 7.8750483226e-05, 9.56166404649e-05, 5.87213107792e-05, 6.28524721833e-05, 1.91836916201e-05, 3.72704162146e-05, 1.06770403363e-05, 1.41886066558e-05, 6.83813641444e-06, 7.06065156919e-06, 6.00969724474e-06, 2.53474559031e-06, 2.52402128353e-06, 1.30267426357e-06, 1.3313413092e-06, 5.50954553091e-07, 3.76826278625e-07, 1.93587510466e-07, 2.37810098724e-07, 5.62688349248e-08, 3.87041758643e-08, 3.10622318977e-08, 2.72751332631e-08, 8.87561224516e-09, 8.75261996214e-09, 2.72746469854e-09, 1.4451949637e-09, 1.89434565256e-10, 1.69812025552e-10, 4.01799184202e-11, 2.09040024873e-11],
        "median": [6.66825599183e-06, 3.41172817571e-05, 0.000151585511048, 0.000491979357321, 0.00037944727228, 0.000216028143768, 0.000374376337277, 0.000106498635432, 6.29194255453e-05, 2.83198642137e-05, 4.17356131948e-05, 2.71894987236e-05, 2.39014243562e-05, 9.30772148422e-06, 1.49455654537e-05, 4.81773258798e-06, 5.56673558094e-06, 3.15004035656e-06, 1.3351045709e-06, 2.42328292188e-06, 1.02920796508e-06, 1.04072671547e-06, 5.33274715053e-07, 3.94108155888e-07, 2.11473931699e-07, 9.30454504555e-08, 2.87978529911e-08, 3.47532171929e-08, 1.16133245243e-08, 5.83329340387e-09, 3.35837868626e-09, 1.54660007023e-09, 4.98942553939e-10, 4.061852521e-10, 1.32072644488e-10, 5.50510817487e-11, 2.05924530899e-11, 1.45964924175e-11, 6.98660747311e-12, 4.931476668e-12],
