{
"highlevel": {
    "danceability": {
        "all": {
            "danceable": 0.700732767582,
            "not_danceable": 0.299267232418
        },
        "probability": 0.700732767582,
        "value": "danceable"
    },
    "gender": {
        "all": {
            "female": 0.260140895844,
            "male": 0.739859104156
        },
        "probability": 0.739859104156,
        "value": "male"
    },
    "genre_dortmund": {
        "all": {
            "alternative": 0.170372799039,
            "blues": 0.0180328711867,
            "electronic": 0.00730880303308,
            "folkcountry": 0.406183630228,
            "funksoulrnb": 0.0028361286968,
            "jazz": 0.0208384077996,
            "pop": 0.136793464422,
            "raphiphop": 0.00380828161724,
            "rock": 0.233825609088
        },
        "probability": 0.406183630228,
        "value": "folkcountry"
    },
    "genre_electronic": {
        "all": {
            "ambient": 0.365293860435,
            "dnb": 0.0908236727118,
            "house": 0.449217110872,
            "techno": 0.0169963445514,
            "trance": 0.0776689872146
        },
        "probability": 0.449217110872,
        "value": "house"
    },
    "genre_rosamerica": {
        "all": {
            "cla": 0.00184736936353,
            "dan": 0.0226024128497,
            "hip": 0.0308170355856,
            "jaz": 0.0297118648887,
            "pop": 0.567858994007,
            "rhy": 0.285480827093,
            "roc": 0.0592204742134,
            "spe": 0.00246101478115
        },
        "probability": 0.567858994007,
        "value": "pop"
    },
    "genre_tzanetakis": {
        "all": {
            "blu": 0.0631970837712,
            "cla": 0.0351076424122,
            "cou": 0.105340525508,
            "dis": 0.0632559657097,
            "hip": 0.158187583089,
            "jaz": 0.316573172808,
            "met": 0.0527318492532,
            "pop": 0.063265889883,
            "reg": 0.0632615014911,
            "roc": 0.0790787860751
        },
        "probability": 0.316573172808,
        "value": "jaz"
    },
    "ismir04_rhythm": {
        "all": {
            "ChaChaCha": 0.179885789752,
            "Jive": 0.0270293243229,
            "Quickstep": 0.0819045752287,
            "Rumba-American": 0.0301732681692,
            "Rumba-International": 0.445181161165,
            "Rumba-Misc": 0.0188793633133,
            "Samba": 0.0953971594572,
            "Tango": 0.0801303461194,
            "VienneseWaltz": 0.0286111645401,
            "Waltz": 0.0128078488633
        },
        "probability": 0.445181161165,
        "value": "Rumba-International"
    },
    "mood_acoustic": {
        "all": {
            "acoustic": 0.735554158688,
            "not_acoustic": 0.264445871115
        },
        "probability": 0.735554158688,
        "value": "acoustic"
    },
    "mood_aggressive": {
        "all": {
            "aggressive": 0.00916840042919,
            "not_aggressive": 0.990831613541
        },
        "probability": 0.990831613541,
        "value": "not_aggressive"
    },
    "mood_electronic": {
        "all": {
            "electronic": 0.0935335457325,
            "not_electronic": 0.906466424465
        },
        "probability": 0.906466424465,
        "value": "not_electronic"
    },
    "mood_happy": {
        "all": {
            "happy": 0.340336710215,
            "not_happy": 0.659663259983
        },
        "probability": 0.659663259983,
        "value": "not_happy"
    },
    "mood_party": {
        "all": {
            "not_party": 0.809178829193,
            "party": 0.190821155906
        },
        "probability": 0.809178829193,
        "value": "not_party"
    },
    "mood_relaxed": {
        "all": {
            "not_relaxed": 0.513842880726,
            "relaxed": 0.486157119274
        },
        "probability": 0.513842880726,
        "value": "not_relaxed"
    },
    "mood_sad": {
        "all": {
            "not_sad": 0.079330585897,
            "sad": 0.920669436455
        },
        "probability": 0.920669436455,
        "value": "sad"
    },
    "moods_mirex": {
        "all": {
            "Cluster1": 0.367560356855,
            "Cluster2": 0.105331651866,
            "Cluster3": 0.436413377523,
            "Cluster4": 0.0779247432947,
            "Cluster5": 0.0127698723227
        },
        "probability": 0.436413377523,
        "value": "Cluster3"
    },
    "timbre": {
        "all": {
            "bright": 0.972156643867,
            "dark": 0.0278433859348
        },
        "probability": 0.972156643867,
        "value": "bright"
    },
    "tonal_atonal": {
        "all": {
            "atonal": 0.0028636183124,
            "tonal": 0.997136354446
        },
        "probability": 0.997136354446,
        "value": "tonal"
    },
    "voice_instrumental": {
        "all": {
            "instrumental": 0.000304813758703,
            "voice": 0.999695181847
        },
        "probability": 0.999695181847,
        "value": "voice"
    }
},
"lowlevel": {
    "average_loudness": 0.948449611664,
    "barkbands_crest": {
        "dmean": 2.15115070343,
        "dmean2": 3.64109897614,
        "dvar": 4.2089972496,
        "dvar2": 11.8711214066,
        "max": 20.7131633759,
        "mean": 9.80164909363,
        "median": 9.62245750427,
        "min": 3.39400219917,
        "var": 7.72774505615
    },
    "barkbands_flatness_db": {
        "dmean": 0.0238324701786,
        "dmean2": 0.036653265357,
        "dvar": 0.000546711846255,
        "dvar2": 0.00122701027431,
        "max": 0.318993419409,
        "mean": 0.17840385437,
        "median": 0.175604179502,
        "min": 0.0601104423404,
        "var": 0.00237315846607
    },
    "barkbands_kurtosis": {
        "dmean": 5.80769681931,
        "dmean2": 9.26250076294,
        "dvar": 57.3683853149,
        "dvar2": 139.644775391,
        "max": 75.8277587891,
        "mean": 13.4488248825,
        "median": 8.62130737305,
        "min": -1.92549479008,
        "var": 183.658401489
    },
    "barkbands_skewness": {
        "dmean": 0.72279137373,
        "dmean2": 1.1395534277,
        "dvar": 0.554215550423,
        "dvar2": 1.31785690784,
        "max": 7.44835519791,
        "mean": 2.79695439339,
        "median": 2.59068655968,
        "min": -2.4537293911,
        "var": 2.22983694077
    },
    "barkbands_spread": {
        "dmean": 6.26701784134,
        "dmean2": 9.709441185,
        "dvar": 91.8014450073,
        "dvar2": 193.109298706,
        "max": 102.688743591,
        "mean": 16.5072937012,
        "median": 11.7284355164,
        "min": 1.81962072849,
        "var": 246.407119751
    },
    "dissonance": {
        "dmean": 0.0232177879661,
        "dmean2": 0.0383029691875,
        "dvar": 0.000480284681544,
        "dvar2": 0.00131531560328,
        "max": 0.498765766621,
        "mean": 0.447030156851,
        "median": 0.45315271616,
        "min": 0.312859863043,
        "var": 0.00101039884612
    },
    "dynamic_complexity": 2.53812623024,
    "erbbands_crest": {
        "dmean": 2.50139045715,
        "dmean2": 3.94758033752,
        "dvar": 6.38486003876,
        "dvar2": 15.9763822556,
        "max": 26.1959018707,
        "mean": 8.92872810364,
        "median": 7.9302983284,
        "min": 2.89679980278,
        "var": 15.9716339111
    },
    "erbbands_flatness_db": {
        "dmean": 0.0178636498749,
        "dmean2": 0.0255332309753,
        "dvar": 0.000298487371765,
        "dvar2": 0.000622448220383,
        "max": 0.272743552923,
        "mean": 0.135550782084,
        "median": 0.132526710629,
        "min": 0.0628315061331,
        "var": 0.00120295782108
    },
    "erbbands_kurtosis": {
        "dmean": 1.19628465176,
        "dmean2": 1.86868464947,
        "dvar": 2.34823513031,
        "dvar2": 5.69683694839,
        "max": 16.4861240387,
        "mean": 1.03762412071,
        "median": 0.505391120911,
        "min": -1.73267710209,
        "var": 4.92629098892
    },
    "erbbands_skewness": {
        "dmean": 0.404552727938,
        "dmean2": 0.615849435329,
        "dvar": 0.168230637908,
        "dvar2": 0.352463364601,
        "max": 2.99490880966,
        "mean": 0.764318585396,
        "median": 0.853338479996,
        "min": -3.24986004829,
        "var": 0.632031857967
    },
    "erbbands_spread": {
        "dmean": 12.8692626953,
        "dmean2": 18.9515991211,
        "dvar": 211.844482422,
        "dvar2": 441.772369385,
        "max": 142.738967896,
        "mean": 51.2254447937,
        "median": 44.6651687622,
        "min": 6.60064888,
        "var": 720.125610352
    },
    "hfc": {
        "dmean": 9.96150016785,
        "dmean2": 12.9326906204,
        "dvar": 447.037719727,
        "dvar2": 656.170043945,
        "max": 471.183502197,
        "mean": 20.9070892334,
        "median": 10.6538238525,
        "min": 0.452154219151,
        "var": 1523.85583496
    },
    "melbands_crest": {
        "dmean": 2.90064668655,
        "dmean2": 4.9040350914,
        "dvar": 8.12799549103,
        "dvar2": 22.7842559814,
        "max": 28.5783500671,
        "mean": 15.3579187393,
        "median": 14.9224624634,
        "min": 5.44988870621,
        "var": 19.0834503174
    },
    "melbands_flatness_db": {
        "dmean": 0.0291838720441,
        "dmean2": 0.0430899560452,
        "dvar": 0.000892595911864,
        "dvar2": 0.00188176636584,
        "max": 0.431304842234,
        "mean": 0.252917766571,
        "median": 0.253246426582,
        "min": 0.0578279457986,
        "var": 0.00446898769587
    },
    "melbands_kurtosis": {
        "dmean": 16.5613040924,
        "dmean2": 27.4144535065,
        "dvar": 611.095031738,
        "dvar2": 1551.62109375,
        "max": 308.475769043,
        "mean": 37.8007087708,
        "median": 24.704574585,
        "min": -1.84884274006,
        "var": 1472.18188477
    },
    "melbands_skewness": {
        "dmean": 1.08081305027,
        "dmean2": 1.7494726181,
        "dvar": 1.37551295757,
        "dvar2": 3.39673805237,
        "max": 14.2171783447,
        "mean": 4.29591417313,
        "median": 3.9903652668,
        "min": -0.489100426435,
        "var": 4.92233324051
    },
    "melbands_spread": {
        "dmean": 5.87646961212,
        "dmean2": 9.08574390411,
        "dvar": 206.124053955,
        "dvar2": 433.453369141,
        "max": 231.859222412,
        "mean": 13.3981637955,
        "median": 8.79863262177,
        "min": 1.38206040859,
        "var": 367.300109863
    },
    "pitch_salience": {
        "dmean": 0.0645658746362,
        "dmean2": 0.106281593442,
        "dvar": 0.00359826348722,
        "dvar2": 0.00970357842743,
        "max": 0.85962921381,
        "mean": 0.550613164902,
        "median": 0.549207210541,
        "min": 0.28777462244,
        "var": 0.00857498496771
    },
    "silence_rate_20dB": {
        "dmean": 0,
        "dmean2": 0,
        "dvar": 0,
        "dvar2": 0,
        "max": 1,
        "mean": 1,
        "median": 1,
        "min": 1,
        "var": 0
    },
    "silence_rate_30dB": {
        "dmean": 0.0541795678437,
        "dmean2": 0.108443066478,
        "dvar": 0.0512451715767,
        "dvar2": 0.126117885113,
        "max": 1,
        "mean": 0.956689894199,
        "median": 1,
        "min": 0,
        "var": 0.0414346791804
    },
    "silence_rate_60dB": {
        "dmean": 0.0170278642327,
        "dmean2": 0.0340821072459,
        "dvar": 0.0167378857732,
        "dvar2": 0.0375687144697,
        "max": 1,
        "mean": 0.0232018567622,
        "median": 0,
        "min": 0,
        "var": 0.0226631090045
    },
    "spectral_centroid": {
        "dmean": 219.547485352,
        "dmean2": 325.338378906,
        "dvar": 112376.257812,
        "dvar2": 216037.484375,
        "max": 4933.57421875,
        "mean": 803.625,
        "median": 633.03527832,
        "min": 224.66645813,
        "var": 342111.15625
    },
    "spectral_complexity": {
        "dmean": 2.86609911919,
        "dmean2": 4.26645994186,
        "dvar": 10.9874982834,
        "dvar2": 21.1946678162,
        "max": 43,
        "mean": 13.139210701,
        "median": 12,
        "min": 3,
        "var": 42.7355003357
    },
    "spectral_decrease": {
        "dmean": 4.57332083315e-09,
        "dmean2": 7.49395923094e-09,
        "dvar": 7.11474125248e-17,
        "dvar2": 1.85825317282e-16,
        "max": -2.37918379442e-10,
        "mean": -9.67525615181e-09,
        "median": -7.41426386952e-09,
        "min": -7.57784164307e-08,
        "var": 7.85265782728e-17
    },
    "spectral_energy": {
        "dmean": 0.0179127790034,
        "dmean2": 0.0289896745235,
        "dvar": 0.00105028855614,
        "dvar2": 0.00273616123013,
        "max": 0.291939139366,
        "mean": 0.0384129807353,
        "median": 0.0294676441699,
        "min": 0.000959692057222,
        "var": 0.00120260985568
    },
    "spectral_energyband_high": {
        "dmean": 0.000835406361148,
        "dmean2": 0.00103734526783,
        "dvar": 6.43337443762e-06,
        "dvar2": 8.79599974724e-06,
        "max": 0.0571769326925,
        "mean": 0.00137339625508,
        "median": 0.000268398463959,
        "min": 3.80727169613e-06,
        "var": 2.17511696974e-05
    },
    "spectral_energyband_low": {
        "dmean": 0.0118259750307,
        "dmean2": 0.0197723843157,
        "dvar": 0.000705123937223,
        "dvar2": 0.00189643620979,
        "max": 0.236145853996,
        "mean": 0.0225284788758,
        "median": 0.0141458278522,
        "min": 0.000110062232125,
        "var": 0.000701304001268
    },
    "spectral_energyband_middle_high": {
        "dmean": 0.00118889822625,
        "dmean2": 0.00172424921766,
        "dvar": 7.09591040504e-06,
        "dvar2": 1.38828090712e-05,
        "max": 0.0471853204072,
        "mean": 0.00260068033822,
        "median": 0.00103262241464,
        "min": 3.09015522362e-05,
        "var": 1.92241241166e-05
    },
    "spectral_energyband_middle_low": {
        "dmean": 0.00846724305302,
        "dmean2": 0.0141206104308,
        "dvar": 0.00026346516097,
        "dvar2": 0.000699068594258,
        "max": 0.140465080738,
        "mean": 0.0156993549317,
        "median": 0.0116009544581,
        "min": 0.000486605102196,
        "var": 0.00025542077492
    },
    "spectral_entropy": {
        "dmean": 0.22210560739,
        "dmean2": 0.314202934504,
        "dvar": 0.0513457544148,
        "dvar2": 0.0953091457486,
        "max": 8.60792922974,
        "mean": 7.2878074646,
        "median": 7.27551651001,
        "min": 6.03045749664,
        "var": 0.225821748376
    },
    "spectral_flux": {
        "dmean": 0.036335837096,
        "dmean2": 0.053688723594,
        "dvar": 0.00251938728616,
        "dvar2": 0.00465093599632,
        "max": 0.422009676695,
        "mean": 0.0892836898565,
        "median": 0.066070780158,
        "min": 0.0104254065081,
        "var": 0.00508868647739
    },
    "spectral_kurtosis": {
        "dmean": 1.66860723495,
        "dmean2": 2.61956620216,
        "dvar": 3.96603751183,
        "dvar2": 10.0200481415,
        "max": 29.8254737854,
        "mean": 4.21975946426,
        "median": 3.57566833496,
        "min": -0.696185827255,
        "var": 10.8443012238
    },
    "spectral_rms": {
        "dmean": 0.00123833795078,
        "dmean2": 0.00189487589523,
        "dvar": 3.10518157676e-06,
        "dvar2": 7.47263857193e-06,
        "max": 0.0168765708804,
        "mean": 0.00563551904634,
        "median": 0.00536180194467,
        "min": 0.000967618194409,
        "var": 5.71697682972e-06
    },
    "spectral_rolloff": {
        "dmean": 417.196899414,
        "dmean2": 712.698303223,
        "dvar": 1218262.875,
        "dvar2": 2681445.5,
        "max": 10357.4707031,
        "mean": 854.20111084,
        "median": 430.6640625,
        "min": 129.19921875,
        "var": 2218293.75
    },
    "spectral_skewness": {
        "dmean": 0.252702355385,
        "dmean2": 0.37011295557,
        "dvar": 0.0637291744351,
        "dvar2": 0.130028188229,
        "max": 4.09423780441,
        "mean": 1.69678640366,
        "median": 1.6815097332,
        "min": -0.0974242761731,
        "var": 0.288944423199
    },
    "spectral_spread": {
        "dmean": 881051.9375,
        "dmean2": 1215047.75,
        "dvar": 1.05216344064e+12,
        "dvar2": 2.23976987034e+12,
        "max": 12101656,
        "mean": 5558168,
        "median": 5292740.5,
        "min": 2022387.125,
        "var": 3.47610519962e+12
    },
    "spectral_strongpeak": {
        "dmean": 0.335192680359,
        "dmean2": 0.571702480316,
        "dvar": 0.435906559229,
        "dvar2": 1.13870024681,
        "max": 9.61089515686,
        "mean": 0.617324650288,
        "median": 0.455085635185,
        "min": 0.0370097085834,
        "var": 0.522949457169
    },
    "zerocrossingrate": {
        "dmean": 0.0131926639006,
        "dmean2": 0.0149544170126,
        "dvar": 0.00028279068647,
        "dvar2": 0.000315271056024,
        "max": 0.314453125,
        "mean": 0.0490441322327,
        "median": 0.0390625,
        "min": 0.00634765625,
        "var": 0.00158540799748
    },
    "barkbands": {
        "dmean": [0.000168501821463, 0.00464920513332, 0.00672335969284, 0.00363081786782, 0.00356690352783, 0.00112538028043, 0.000694254413247, 0.000735717825592, 0.000835455721244, 0.000497280794661, 0.000253969163168, 0.000319855898852, 0.000155705478392, 0.000140966076287, 0.000151721484144, 0.000109958484245, 0.000135107387905, 6.53081951896e-05, 6.60828809487e-05, 0.000111380853923, 9.47079097386e-05, 0.000132135188323, 0.000177192123374, 0.000242812326178, 0.000163401826285, 5.30669894943e-05, 1.46092360431e-09],
        "dmean2": [0.00027657210012, 0.00776674039662, 0.0116615938023, 0.00632060784847, 0.00617721723393, 0.00182276521809, 0.00109525991138, 0.00116406567395, 0.00128640735056, 0.000799465517048, 0.000410408945754, 0.000513107108418, 0.000243821370532, 0.00021334826306, 0.00023172586225, 0.000171803549165, 0.000214365078136, 0.000101634876046, 0.000104217811895, 0.000158909984748, 0.000132060027681, 0.000185420634807, 0.000232039223192, 0.000317493570037, 0.000234226376051, 7.94380175648e-05, 2.56962229273e-09],
        "dvar": [6.84678482799e-08, 9.70613982645e-05, 0.000256918399828, 4.83642215841e-05, 7.65045770095e-05, 5.1404840633e-06, 2.76498690255e-06, 5.405021966e-06, 6.75557384966e-06, 5.58592137168e-06, 6.99487543443e-07, 2.9970410651e-06, 6.77242894653e-07, 1.64328270102e-07, 2.26171721351e-07, 1.04735406126e-07, 2.21069356598e-07, 2.62536801188e-08, 3.21673319092e-08, 1.03814848273e-07, 9.52933376652e-08, 2.11862413835e-07, 3.62001827625e-07, 8.69309531026e-07, 2.56975908997e-07, 1.84549193705e-08, 1.98472094902e-17],
        "dvar2": [1.79496538522e-07, 0.000257790932665, 0.000720248266589, 0.000133198496769, 0.000214491927181, 1.2322720977e-05, 6.51512891636e-06, 1.49541101564e-05, 1.68835103977e-05, 1.40376032505e-05, 1.70165151303e-06, 6.58525277686e-06, 1.69049815213e-06, 3.75024029609e-07, 4.92410777042e-07, 2.21992166871e-07, 5.43743738035e-07, 6.2025577563e-08, 8.29011952419e-08, 2.22037314757e-07, 1.90495910601e-07, 4.38807632008e-07, 5.50149252376e-07, 1.41442842505e-06, 4.81984045564e-07, 4.43994032651e-08, 2.62787703634e-17],
        "max": [0.00325298006646, 0.10007327795, 0.151658624411, 0.0500824488699, 0.0838356465101, 0.0298583563417, 0.0249534361064, 0.0492110848427, 0.0448264628649, 0.0601095557213, 0.0168774016201, 0.0388291291893, 0.0168507508934, 0.00587294250727, 0.0109384143725, 0.00639352481812, 0.00726358639076, 0.00311462255195, 0.00298499362543, 0.00502238515764, 0.00726819364354, 0.00849622674286, 0.0145535729825, 0.0282460581511, 0.0105357021093, 0.00223806407303, 1.20194854958e-07],
        "mean": [0.000302923144773, 0.00828593038023, 0.0103110047057, 0.00544362096116, 0.00495100999251, 0.00157795054838, 0.000961776473559, 0.00112893420737, 0.00127849751152, 0.00072316051228, 0.000396634102799, 0.000461046496639, 0.0001921193616, 0.000207643053727, 0.000224363102461, 0.000158073627972, 0.00018317750073, 9.75240909611e-05, 9.51214824454e-05, 0.000167715770658, 0.00014126575843, 0.000191018785699, 0.000280694075627, 0.00036494244705, 0.000227877637371, 5.89611045143e-05, 1.2389855808e-09],
        "median": [0.000174100598088, 0.00532994605601, 0.0054927659221, 0.00297840940766, 0.00264154397883, 0.00072501192335, 0.000398874690291, 0.000443120923592, 0.000270447693765, 0.000165446370374, 8.38489431771e-05, 0.000104207501863, 3.71934620489e-05, 5.19591776538e-05, 4.83258372697e-05, 5.33257370989e-05, 4.96161301271e-05, 4.04608763347e-05, 4.03929916502e-05, 3.45820080838e-05, 3.20049475704e-05, 3.99005548388e-05, 4.91539212817e-05, 4.92498838867e-05, 2.98812628898e-05, 8.12849248177e-06, 4.18776707756e-10],
        "min": [1.40774654938e-05, 3.14013004754e-06, 8.84631208464e-06, 3.41876584571e-05, 3.7265534047e-05, 1.26345730678e-05, 3.90715149479e-06, 6.85172472004e-06, 1.66353061104e-06, 4.05679838877e-06, 1.46940510604e-06, 1.10071141535e-06, 1.22023277527e-06, 5.94030382217e-07, 6.72590658723e-07, 7.09230789653e-07, 6.45122895548e-07, 9.41444625369e-07, 8.38176674733e-07, 1.13114595024e-06, 8.5850291498e-07, 2.71305935939e-07, 6.17120235802e-07, 7.78214968022e-08, 1.9707013621e-07, 1.67910241267e-10, 4.12616815715e-11],
        "var": [1.09565689854e-07, 9.84056678135e-05, 0.000216939908569, 4.7911904403e-05, 6.10339848208e-05, 7.10524136593e-06, 3.42763109984e-06, 5.73891156819e-06, 8.61245371198e-06, 6.98958911016e-06, 1.24690961911e-06, 3.72110844182e-06, 7.57322482059e-07, 2.7864800245e-07, 3.51243500063e-07, 1.48633944264e-07, 2.56093528606e-07, 3.15214840896e-08, 3.14084225295e-08, 1.87401965945e-07, 1.90223133245e-07, 4.07295715377e-07, 1.11466533781e-06, 2.68289659289e-06, 6.50273818792e-07, 2.77285927552e-08, 1.93156863896e-17]
    },
    "erbbands": {
        "dmean": [0.0862107053399, 1.29523718357, 6.5904173851, 10.8642835617, 13.9850006104, 10.1300487518, 8.24800395966, 9.42205429077, 10.825304985, 12.9019594193, 14.8888664246, 18.4966049194, 20.8873119354, 9.32184028625, 8.80400371552, 13.362165451, 7.17569208145, 6.58111667633, 7.58755064011, 6.82202959061, 6.15505409241, 6.72649526596, 3.46295714378, 3.37328767776, 3.74220752716, 5.06975698471, 4.12086200714, 4.18892192841, 4.66983222961, 4.61423063278, 5.34769153595, 5.62136793137, 3.83599615097, 2.24955868721, 0.956737577915, 0.348839759827, 0.0763913542032, 0.00449630944058, 0.000106090315967, 2.61849381786e-05],
        "dmean2": [0.13999427855, 2.18274092674, 11.4351501465, 18.8794078827, 24.0767917633, 17.6422023773, 13.4456014633, 15.616276741, 17.1752185822, 20.1736412048, 23.2989711761, 28.6431179047, 33.7983016968, 14.3303365707, 13.5968666077, 20.0977249146, 11.0532617569, 9.71316814423, 11.7491579056, 10.3472738266, 9.57252597809, 10.6768522263, 5.31638526917, 5.24471378326, 5.7092461586, 7.25989866257, 5.56854915619, 5.98891210556, 6.41010427475, 6.59083557129, 7.06848669052, 7.65657901764, 5.00558233261, 3.24139094353, 1.36970639229, 0.521070420742, 0.117242068052, 0.00718662096187, 0.000158360067871, 3.90093082387e-05],
        "dvar": [0.028566678986, 8.1532831192, 254.661697388, 495.22354126, 1305.47119141, 501.688568115, 230.874954224, 471.538665771, 720.766906738, 951.84362793, 1799.12792969, 3030.52075195, 16335.6376953, 767.314453125, 772.483337402, 4261.70361328, 1116.32910156, 393.69442749, 634.396118164, 495.867889404, 377.091186523, 468.662475586, 62.6214141846, 132.785125732, 122.371940613, 212.154968262, 173.890457153, 168.740615845, 260.63269043, 234.033737183, 335.441711426, 544.310974121, 207.276794434, 56.0570755005, 7.11746168137, 0.852015435696, 0.0348227247596, 0.000133408801048, 6.29859968626e-08, 1.85290183197e-09],
        "dvar2": [0.0731071978807, 22.1229095459, 711.076965332, 1377.18933105, 3628.97509766, 1404.23132324, 577.01550293, 1125.93054199, 1701.08752441, 2521.0715332, 4700.85888672, 7504.51806641, 43380.0507812, 1929.66247559, 1713.53039551, 8775.78710938, 2161.70898438, 940.770996094, 1616.47546387, 842.792724609, 878.5703125, 1140.4543457, 145.189651489, 338.526855469, 318.246246338, 437.953186035, 336.812225342, 326.978118896, 531.829223633, 415.623596191, 552.678527832, 1141.93188477, 295.38458252, 108.725151062, 12.3206548691, 2.00359892845, 0.0799281671643, 0.000328625261318, 1.43033531685e-07, 4.19795087581e-09],
        "max": [1.44361960888, 31.0024738312, 151.229095459, 187.276596069, 359.631713867, 231.037948608, 199.349411011, 323.364837646, 434.497253418, 435.05065918, 789.987609863, 884.048461914, 3408.82470703, 464.479125977, 916.585876465, 1446.96337891, 681.209655762, 339.476654053, 569.801940918, 631.565979004, 248.487503052, 309.25958252, 105.785995483, 196.987487793, 257.086547852, 199.951782227, 290.255096436, 243.447616577, 303.022918701, 235.509780884, 455.551483154, 730.452026367, 401.315490723, 171.838119507, 54.26121521, 16.7317657471, 2.97088384628, 0.180118590593, 0.00433957669884, 0.000546874362044],
        "mean": [0.166475787759, 2.19698262215, 10.6554231644, 17.6859207153, 17.535528183, 13.9545211792, 13.6861133575, 11.8760728836, 13.2871742249, 20.4964847565, 24.8843841553, 29.3660030365, 29.3263931274, 15.2117395401, 15.9727048874, 20.5521564484, 11.0358390808, 10.2237005234, 11.5380601883, 10.3991003036, 9.46400356293, 9.70168590546, 5.37147569656, 4.82896471024, 5.51440238953, 7.69174623489, 6.10698270798, 6.31405258179, 6.77458238602, 6.88156557083, 8.33019924164, 8.22401046753, 5.62633991241, 3.03879618645, 1.33420503139, 0.402964383364, 0.0856189206243, 0.00454207044095, 0.000133720270242, 5.47803574591e-05],
        "median": [0.10350587219, 1.38514971733, 5.50512456894, 10.7173957825, 8.49282932281, 7.05539083481, 7.04988956451, 5.02751922607, 4.83547210693, 7.89732694626, 9.07382392883, 6.96070289612, 6.55045223236, 4.80812883377, 4.41358661652, 4.75278615952, 2.67075395584, 2.59541153908, 3.24357008934, 3.54432249069, 2.4273815155, 2.84305977821, 2.26716113091, 2.05026221275, 2.24745774269, 1.61024785042, 1.11948478222, 1.5090430975, 1.46401107311, 1.29384613037, 1.36216986179, 1.14583146572, 0.676074028015, 0.34975540638, 0.181769356132, 0.049623131752, 0.0114918015897, 0.000585690664593, 3.32461568178e-05, 3.76269745175e-05],
        "min": [0.000266893097432, 0.00110861170106, 0.0205970406532, 0.108375877142, 0.195864781737, 0.161670684814, 0.226538851857, 0.146994680166, 0.202362686396, 0.119735389948, 0.145519480109, 0.117136582732, 0.115758784115, 0.0838957279921, 0.117653474212, 0.0649310275912, 0.0661078616977, 0.0415304265916, 0.0393002405763, 0.0881441161036, 0.0360555797815, 0.0358459763229, 0.0537933968008, 0.0502594895661, 0.0660170316696, 0.052224598825, 0.0328505113721, 0.0325198546052, 0.0180051214993, 0.0162227153778, 0.0173480901867, 0.00688330503181, 0.00263366871513, 0.0016524118837, 0.000524620816577, 2.5057590392e-05, 3.15240299642e-06, 3.09546237531e-07, 7.85158078997e-07, 1.21870607472e-06],
        "var": [0.0382284522057, 7.52719020844, 227.961288452, 480.8309021, 939.990722656, 439.926239014, 393.882720947, 569.407165527, 828.179992676, 1314.68395996, 2737.13745117, 4363.09326172, 14880.8798828, 1277.41235352, 2266.8125, 6194.49511719, 1994.13671875, 680.419433594, 703.720275879, 936.09753418, 528.257263184, 582.252197266, 84.9022979736, 121.568687439, 125.319534302, 402.402435303, 325.098754883, 376.606140137, 508.419891357, 539.631896973, 1010.99902344, 1342.86474609, 665.33001709, 141.468307495, 18.1543292999, 1.36287760735, 0.0549389347434, 0.000155783360242, 1.04162779735e-07, 3.59051410825e-09]
    },
    "gfcc": {
        "mean": [-4.29255199432, 102.086875916, -82.5933761597, 45.2968444824, -64.3871841431, 26.6671409607, -40.8781585693, 13.0337533951, -24.5659732819, -2.43670368195, -18.8507595062, -5.46799612045, -11.9551029205],
        "cov": [[3510.8215332, -1191.59301758, -5.37560033798, -57.4433288574, -155.893585205, 205.592666626, -181.912399292, 142.77722168, -207.39074707, 166.542419434, -225.47303772, 130.996582031, -119.251853943], [-1191.59301758, 1364.01196289, -312.4480896, -159.808853149, 318.874664307, -141.670776367, 208.916244507, -57.7608299255, 267.754730225, -188.242767334, 146.187301636, -172.847839355, 68.1627960205], [-5.37560033798, -312.4480896, 604.590026855, 196.151535034, -56.3358879089, 40.3369369507, -30.2577819824, 53.667514801, -45.6150588989, 63.0441360474, -9.96216392517, 56.0209465027, -63.7017631531], [-57.4433288574, -159.808853149, 196.151535034, 280.00869751, 26.6827983856, -21.4848403931, -17.040304184, -0.761201441288, -3.75345158577, 12.1232452393, 17.7416687012, 1.82444572449, 17.961730957], [-155.893585205, 318.874664307, -56.3358879089, 26.6827983856, 265.370788574, -3.25510549545, 54.0998764038, 10.6270456314, 81.1862640381, -19.1930999756, 28.5697689056, -50.1681175232, 8.75293636322], [205.592666626, -141.670776367, 40.3369369507, -21.4848403931, -3.25510549545, 159.060180664, 40.621761322, 10.7244682312, -32.837310791, 26.2891559601, -4.12581443787, 21.6775550842, -21.5786380768], [-181.912399292, 208.916244507, -30.2577819824, -17.040304184, 54.0998764038, 40.621761322, 139.403259277, 10.649728775, 29.9622745514, -35.4695587158, 32.5736961365, -23.2564163208, 12.5979852676], [142.77722168, -57.7608299255, 53.667514801, -0.761201441288, 10.6270456314, 10.7244682312, 10.649728775, 95.0315170288, 20.8534126282, 14.5555114746, -25.8098239899, 6.91725444794, -20.9568157196], [-207.39074707, 267.754730225, -45.6150588989, -3.75345158577, 81.1862640381, -32.837310791, 29.9622745514, 20.8534126282, 149.915435791, -12.1565904617, 15.9145669937, -49.1017036438, -1.07756054401], [166.542419434, -188.242767334, 63.0441360474, 12.1232452393, -19.1930999756, 26.2891559601, -35.4695587158, 14.5555114746, -12.1565904617, 92.5665969849, -2.9537088871, 23.0852851868, -25.717830658], [-225.47303772, 146.187301636, -9.96216392517, 17.7416687012, 28.5697689056, -4.12581443787, 32.5736961365, -25.8098239899, 15.9145669937, -2.9537088871, 96.9814682007, 0.577639102936, 7.16738986969], [130.996582031, -172.847839355, 56.0209465027, 1.82444572449, -50.1681175232, 21.6775550842, -23.2564163208, 6.91725444794, -49.1017036438, 23.0852851868, 0.577639102936, 90.8318405151, 2.06122612953], [-119.251853943, 68.1627960205, -63.7017631531, 17.961730957, 8.75293636322, -21.5786380768, 12.5979852676, -20.9568157196, -1.07756054401, -25.717830658, 7.16738986969, 2.06122612953, 70.9098510742]],
        "icov": [[0.000511372636538, 0.000463052274426, 0.000292109732982, 0.000125993814436, -0.000304483022774, -0.0002396334894, 0.000141142954817, -0.000422871788032, 5.77388600504e-05, 0.000102002479252, 0.000377412361559, -8.92672978807e-05, 0.000462311843876], [0.000463052274426, 0.0072335912846, -0.00116143864579, 0.005664518103, -0.00461683282629, 0.00420285901055, -0.00403642188758, 0.00275285122916, -0.00619463901967, 0.00721390172839, -0.00597509462386, 0.00381083786488, -0.00225788075477], [0.000292109732982, -0.00116143864579, 0.00352111412212, -0.00349079049192, 0.0012548272498, -0.00127974199131, 0.0005550707574, -0.00183708639815, 0.00161650404334, -0.00185567105655, 0.00174799072556, -0.00220226217061, 0.00370810902677], [0.000125993814436, 0.005664518103, -0.00349079049192, 0.0103079704568, -0.00454030372202, 0.00408463319764, -0.0023551969789, 0.00259985728189, -0.00476618483663, 0.00541106332093, -0.00616100104526, 0.00447462219745, -0.0056071979925], [-0.000304483022774, -0.00461683282629, 0.0012548272498, -0.00454030372202, 0.00808341614902, -0.00318107497878, 0.00165041955188, -0.0024059410207, 0.00202563498169, -0.00452395435423, 0.00293523888104, -0.0010042109061, 0.00135568086989], [-0.0002396334894, 0.00420285901055, -0.00127974199131, 0.00408463319764, -0.00318107497878, 0.0120146628469, -0.00731963431463, 0.00298445555381, -0.00202928367071, 0.00150505662896, -0.00272366311401, 0.000854353187606, 0.000369448622223], [0.000141142954817, -0.00403642188758, 0.0005550707574, -0.0023551969789, 0.00165041955188, -0.00731963431463, 0.0148917762563, -0.00517142610624, 0.00291696330532, 0.000406719133025, -0.000658417935483, 0.000188977021025, -0.00113970425446], [-0.000422871788032, 0.00275285122916, -0.00183708639815, 0.00259985728189, -0.0024059410207, 0.00298445555381, -0.00517142610624, 0.0164427626878, -0.00578291062266, 0.00140098854899, 0.00203466019593, -0.00121887144633, 0.00156721915118], [5.77388600504e-05, -0.00619463901967, 0.00161650404334, -0.00476618483663, 0.00202563498169, -0.00202928367071, 0.00291696330532, -0.00578291062266, 0.0159808900207, -0.00724708242342, 0.00425633136183, 0.000408218795201, 0.0027887057513], [0.000102002479252, 0.00721390172839, -0.00185567105655, 0.00541106332093, -0.00452395435423, 0.00150505662896, 0.000406719133025, 0.00140098854899, -0.00724708242342, 0.0228187497705, -0.00835007615387, 0.00208043749444, 0.00050703343004], [0.000377412361559, -0.00597509462386, 0.00174799072556, -0.00616100104526, 0.00293523888104, -0.00272366311401, -0.000658417935483, 0.00203466019593, 0.00425633136183, -0.00835007615387, 0.0200579725206, -0.00672192266211, 0.00424061156809], [-8.92672978807e-05, 0.00381083786488, -0.00220226217061, 0.00447462219745, -0.0010042109061, 0.000854353187606, 0.000188977021025, -0.00121887144633, 0.000408218795201, 0.00208043749444, -0.00672192266211, 0.0189127884805, -0.00604460574687], [0.000462311843876, -0.00225788075477, 0.00370810902677, -0.0056071979925, 0.00135568086989, 0.000369448622223, -0.00113970425446, 0.00156721915118, 0.0027887057513, 0.00050703343004, 0.00424061156809, -0.00604460574687, 0.0223859027028]]
    },
    "melbands": {
        "dmean": [0.00102346308995, 0.00281507102773, 0.00192481745034, 0.000905766384676, 0.000292662414722, 0.000214119747397, 0.000153602741193, 0.000147527782246, 0.000128548505018, 0.000117705618322, 0.000103039041278, 3.86771898775e-05, 3.24720131175e-05, 2.6322210033e-05, 3.42191997333e-05, 1.2975872778e-05, 1.30083190015e-05, 1.24668986246e-05, 1.11340750664e-05, 8.40633856569e-06, 7.62089939599e-06, 8.59020838107e-06, 3.6864462345e-06, 3.19378796121e-06, 2.84310362986e-06, 2.35941911342e-06, 3.22786468132e-06, 3.71884698325e-06, 2.972897164e-06, 2.17830915972e-06, 2.75771958513e-06, 2.74179865301e-06, 2.62444041255e-06, 2.78096445072e-06, 3.1246056551e-06, 3.54130656888e-06, 3.60219974027e-06, 2.88063120024e-06, 2.32999354921e-06, 1.81965128832e-06],
        "dmean2": [0.00167617178522, 0.00484608579427, 0.00333221675828, 0.0015814921353, 0.000478801113786, 0.00035199651029, 0.000242624533712, 0.000234074017499, 0.000201893490157, 0.000181934345164, 0.000165965189808, 6.01796564297e-05, 5.07593067596e-05, 4.09323838539e-05, 4.97746586916e-05, 2.07007215067e-05, 1.9612520191e-05, 1.96061791939e-05, 1.70718758454e-05, 1.33228140839e-05, 1.19463302326e-05, 1.3791524907e-05, 5.92713377046e-06, 4.98741701449e-06, 4.55156759926e-06, 3.70018437934e-06, 4.85968075736e-06, 5.44395288671e-06, 4.19645766669e-06, 2.9993195767e-06, 4.04731963499e-06, 3.82524240194e-06, 3.80487222174e-06, 3.87680393032e-06, 4.37945755039e-06, 4.61314311906e-06, 5.21154606759e-06, 3.81184963771e-06, 3.21090942634e-06, 2.70813461611e-06],
        "dvar": [4.18873014496e-06, 4.55125409644e-05, 1.44343348438e-05, 5.45106422578e-06, 2.60602462276e-07, 2.14221699935e-07, 1.39495625717e-07, 1.65681228737e-07, 1.19710264812e-07, 1.46634192788e-07, 3.88943988128e-07, 1.47836720643e-08, 9.30262888943e-09, 1.49374077552e-08, 4.0599733353e-08, 4.12631040447e-09, 1.67711100563e-09, 1.8445249772e-09, 1.3312851932e-09, 8.08650313378e-10, 6.84268142148e-10, 8.30457369538e-10, 1.14573628363e-10, 7.26695786879e-11, 1.13211544306e-10, 3.61707296059e-11, 9.77890060594e-11, 1.33559927007e-10, 1.03611307034e-10, 4.00537346346e-11, 8.18150477921e-11, 9.2335097901e-11, 7.93405896538e-11, 8.67864391463e-11, 1.2600996635e-10, 1.52720100455e-10, 2.85076906525e-10, 1.21898158234e-10, 6.79071729404e-11, 3.68236101334e-11],
        "dvar2": [1.086874272e-05, 0.000125872742501, 3.98965385102e-05, 1.54303797899e-05, 6.36815684629e-07, 5.05955711105e-07, 3.21847409168e-07, 4.54762755453e-07, 3.03437786897e-07, 3.6399143255e-07, 1.0319949979e-06, 3.71361146279e-08, 2.10072244045e-08, 3.21351052435e-08, 7.67814043456e-08, 1.0655853977e-08, 3.93827459533e-09, 4.62357441222e-09, 2.60402299723e-09, 1.61784563524e-09, 1.65056235346e-09, 2.04649786006e-09, 2.75402617378e-10, 1.77360001685e-10, 2.91334373292e-10, 9.05348643276e-11, 2.52373622001e-10, 2.79091666444e-10, 2.12303646885e-10, 7.45219858045e-11, 1.78866477185e-10, 1.94393945385e-10, 1.65928312756e-10, 1.60634949786e-10, 2.47592640834e-10, 2.58754601079e-10, 7.01638525058e-10, 1.71653746772e-10, 1.24767890464e-10, 7.59951546137e-11],
        "max": [0.018267499283, 0.0676473230124, 0.0281438473612, 0.022668460384, 0.00593345472589, 0.00651572458446, 0.00599752599373, 0.00726726837456, 0.0059048961848, 0.00600774213672, 0.0165444854647, 0.00240163225681, 0.00243895268068, 0.00341306976043, 0.00586770474911, 0.00180642178748, 0.000661309924908, 0.000937361328397, 0.00101833092049, 0.000644942978397, 0.000399327895138, 0.0004294719256, 0.000253297446761, 0.000167839083588, 0.00018951355014, 0.000126444399939, 0.000195032014744, 0.000166100406204, 0.000227580327191, 0.000123265737784, 0.000157612288604, 0.000184992299182, 0.000157247748575, 0.000160310402862, 0.000256897212239, 0.000325485540088, 0.000526223739143, 0.000331348215695, 0.000181891606189, 0.000133505775011],
        "mean": [0.00187713082414, 0.0047554988414, 0.00301485764794, 0.00116991030518, 0.00049023370957, 0.000280100357486, 0.000194272506633, 0.000224861403694, 0.000211756429053, 0.000181115407031, 0.000141017968417, 5.92894211877e-05, 5.57542625756e-05, 4.31184416811e-05, 4.87645702378e-05, 1.73542157427e-05, 1.91463204828e-05, 1.77902074938e-05, 1.71847968886e-05, 1.12515717774e-05, 1.13112391773e-05, 1.18274710985e-05, 5.14896828463e-06, 4.58583690488e-06, 3.84290888178e-06, 3.44266095453e-06, 4.43801445726e-06, 5.59338013773e-06, 4.16388684243e-06, 3.0748028621e-06, 3.90259629057e-06, 3.79080552193e-06, 3.74340470444e-06, 3.86824331144e-06, 4.57599890069e-06, 5.3331646086e-06, 4.91166019856e-06, 4.13148700318e-06, 3.1511058296e-06, 2.37306926465e-06],
        "median": [0.0012837247923, 0.00263232178986, 0.00187819264829, 0.000578015868086, 0.0002657478326, 0.000122514829854, 7.33528140699e-05, 7.92551945779e-05, 6.77830248605e-05, 3.73250622943e-05, 2.62214853137e-05, 1.6900978153e-05, 1.26863078549e-05, 1.13935739137e-05, 9.1273786893e-06, 4.20757169195e-06, 4.28370276495e-06, 4.80035487271e-06, 4.36195932707e-06, 3.98728434448e-06, 2.59484818343e-06, 3.03607475871e-06, 1.79354015017e-06, 1.88439730664e-06, 1.52569123202e-06, 1.44889907006e-06, 1.46393176692e-06, 8.57916347741e-07, 6.41677331714e-07, 6.62808588459e-07, 9.02294630123e-07, 7.90395574768e-07, 7.09110793196e-07, 6.77050763898e-07, 6.97115922321e-07, 7.54510665502e-07, 6.17152750237e-07, 4.88716807467e-07, 3.39883399647e-07, 2.75915226666e-07],
        "min": [4.546891887e-06, 7.44610952097e-06, 1.55591296789e-05, 9.38353605306e-06, 5.93225422563e-06, 2.50870630225e-06, 1.55381746936e-06, 8.51632194099e-07, 9.36758169701e-07, 2.87221666895e-07, 5.76828824705e-07, 2.28732872642e-07, 2.96746350159e-07, 1.73051105889e-07, 1.14034868659e-07, 1.17898338203e-07, 3.81535265603e-08, 4.90600484682e-08, 9.90451169969e-08, 3.93741714788e-08, 2.38220145832e-08, 3.50667086479e-08, 3.24347375624e-08, 3.09181764635e-08, 3.55709808275e-08, 3.12284207382e-08, 4.93109837407e-08, 1.09779092483e-08, 5.38446232046e-10, 1.23050805101e-08, 7.80539632927e-09, 1.04436921333e-08, 2.05770800399e-09, 4.86015006018e-09, 9.47608125301e-09, 5.55727153184e-09, 4.2919415244e-10, 1.33731525853e-10, 5.22436705008e-10, 8.04333932791e-10],
