{
"highlevel": {
    "danceability": {
        "all": {
            "danceable": 0.0515891872346,
            "not_danceable": 0.94841080904
        },
        "probability": 0.94841080904,
        "value": "not_danceable"
    },
    "gender": {
        "all": {
            "female": 0.955127954483,
            "male": 0.0448720268905
        },
        "probability": 0.955127954483,
        "value": "female"
    },
    "genre_dortmund": {
        "all": {
            "alternative": 0.202613130212,
            "blues": 0.014306765981,
            "electronic": 0.00799783971161,
            "folkcountry": 0.16306860745,
            "funksoulrnb": 0.00526708317921,
            "jazz": 0.00924152508378,
            "pop": 0.189807474613,
            "raphiphop": 0.000968839274719,
            "rock": 0.406728744507
        },
        "probability": 0.406728744507,
        "value": "rock"
    },
    "genre_electronic": {
        "all": {
            "ambient": 0.362616747618,
            "dnb": 0.20641644299,
            "house": 0.0826256200671,
            "techno": 0.0367666818202,
            "trance": 0.311574488878
        },
        "probability": 0.362616747618,
        "value": "ambient"
    },
    "genre_rosamerica": {
        "all": {
            "cla": 0.00329175405204,
            "dan": 0.0135199138895,
            "hip": 0.00153735547792,
            "jaz": 0.00120162928943,
            "pop": 0.0554530508816,
            "rhy": 0.0485068373382,
            "roc": 0.875940442085,
            "spe": 0.000549004820641
        },
        "probability": 0.875940442085,
        "value": "roc"
    },
    "genre_tzanetakis": {
        "all": {
            "blu": 0.0626613423228,
            "cla": 0.0348169617355,
            "cou": 0.104475811124,
            "dis": 0.0784321576357,
            "hip": 0.15692435205,
            "jaz": 0.313974827528,
            "met": 0.0448166541755,
            "pop": 0.0627359300852,
            "reg": 0.0627360641956,
            "roc": 0.0784258767962
        },
        "probability": 0.313974827528,
        "value": "jaz"
    },
    "ismir04_rhythm": {
        "all": {
            "ChaChaCha": 0.123980969191,
            "Jive": 0.341207176447,
            "Quickstep": 0.0180588662624,
            "Rumba-American": 0.00981029495597,
            "Rumba-International": 0.0827424228191,
            "Rumba-Misc": 0.013542663306,
            "Samba": 0.0535356588662,
            "Tango": 0.0152422506362,
            "VienneseWaltz": 0.301172167063,
            "Waltz": 0.0407075323164
        },
        "probability": 0.341207176447,
        "value": "Jive"
    },
    "mood_acoustic": {
        "all": {
            "acoustic": 0.0398412793875,
            "not_acoustic": 0.960158705711
        },
        "probability": 0.960158705711,
        "value": "not_acoustic"
    },
    "mood_aggressive": {
        "all": {
            "aggressive": 0.126238241792,
            "not_aggressive": 0.873761773109
        },
        "probability": 0.873761773109,
        "value": "not_aggressive"
    },
    "mood_electronic": {
        "all": {
            "electronic": 0.0711593776941,
            "not_electronic": 0.928840637207
        },
        "probability": 0.928840637207,
        "value": "not_electronic"
    },
    "mood_happy": {
        "all": {
            "happy": 0.777052521706,
            "not_happy": 0.222947463393
        },
        "probability": 0.777052521706,
        "value": "happy"
    },
    "mood_party": {
        "all": {
            "not_party": 0.80936640501,
            "party": 0.190633609891
        },
        "probability": 0.80936640501,
        "value": "not_party"
    },
    "mood_relaxed": {
        "all": {
            "not_relaxed": 0.720528542995,
            "relaxed": 0.279471457005
        },
        "probability": 0.720528542995,
        "value": "not_relaxed"
    },
    "mood_sad": {
        "all": {
            "not_sad": 0.5,
            "sad": 0.5
        },
        "probability": 0.5,
        "value": "not_sad"
    },
    "moods_mirex": {
        "all": {
            "Cluster1": 0.215919524431,
            "Cluster2": 0.35563069582,
            "Cluster3": 0.338180154562,
            "Cluster4": 0.0521269477904,
            "Cluster5": 0.0381426773965
        },
        "probability": 0.35563069582,
        "value": "Cluster2"
    },
    "timbre": {
        "all": {
            "bright": 0.985760509968,
            "dark": 0.0142394984141
        },
        "probability": 0.985760509968,
        "value": "bright"
    },
    "tonal_atonal": {
        "all": {
            "atonal": 0.000117075702292,
            "tonal": 0.999882936478
        },
        "probability": 0.999882936478,
        "value": "tonal"
    },
    "voice_instrumental": {
        "all": {
            "instrumental": 0.000629250484053,
            "voice": 0.999370753765
        },
        "probability": 0.999370753765,
        "value": "voice"
    }
},
"lowlevel": {
    "average_loudness": 0.964853644371,
    "barkbands_crest": {
        "dmean": 1.96813666821,
        "dmean2": 3.26094532013,
        "dvar": 4.19720840454,
        "dvar2": 11.3806209564,
        "max": 22.6922512054,
        "mean": 9.98353099823,
        "median": 9.3902130127,
        "min": 3.28405928612,
        "var": 13.4750204086
    },
    "barkbands_flatness_db": {
        "dmean": 0.0167332682759,
        "dmean2": 0.0259866993874,
        "dvar": 0.000239782399149,
        "dvar2": 0.000546263123397,
        "max": 0.235940128565,
        "mean": 0.135248094797,
        "median": 0.132429093122,
        "min": 0.0573162958026,
        "var": 0.00114158005454
    },
    "barkbands_kurtosis": {
        "dmean": 1.60050427914,
        "dmean2": 2.57559132576,
        "dvar": 4.27597522736,
        "dvar2": 11.6417455673,
        "max": 27.016626358,
        "mean": 2.71299552917,
        "median": 2.0333237648,
        "min": -1.89115524292,
        "var": 9.40922832489
    },
    "barkbands_skewness": {
        "dmean": 0.370015203953,
        "dmean2": 0.581878185272,
        "dvar": 0.137799590826,
        "dvar2": 0.369148671627,
        "max": 4.71200180054,
        "mean": 1.58342194557,
        "median": 1.58945441246,
        "min": -0.92160576582,
        "var": 0.534205436707
    },
    "barkbands_spread": {
        "dmean": 4.75706386566,
        "dmean2": 7.37794399261,
        "dvar": 28.0400238037,
        "dvar2": 62.6843109131,
        "max": 102.411911011,
        "mean": 23.7575759888,
        "median": 21.9736022949,
        "min": 6.11993360519,
        "var": 121.77545929
    },
    "dissonance": {
        "dmean": 0.0136405723169,
        "dmean2": 0.0228482801467,
        "dvar": 0.00015100982273,
        "dvar2": 0.000410291046137,
        "max": 0.499867379665,
        "mean": 0.468824207783,
        "median": 0.472171336412,
        "min": 0.384046018124,
        "var": 0.000331780116539
    },
    "dynamic_complexity": 1.6703543663,
    "erbbands_crest": {
        "dmean": 1.83115577698,
        "dmean2": 2.8972799778,
        "dvar": 3.26197838783,
        "dvar2": 7.22283029556,
        "max": 25.4958686829,
        "mean": 6.96313238144,
        "median": 6.07911157608,
        "min": 2.51415157318,
        "var": 10.417137146
    },
    "erbbands_flatness_db": {
        "dmean": 0.0138848619536,
        "dmean2": 0.0183291081339,
        "dvar": 0.000184076881851,
        "dvar2": 0.000326705863699,
        "max": 0.242848306894,
        "mean": 0.13598793745,
        "median": 0.136035680771,
        "min": 0.0681299418211,
        "var": 0.000909058609977
    },
    "erbbands_kurtosis": {
        "dmean": 0.420365601778,
        "dmean2": 0.658960342407,
        "dvar": 0.251270592213,
        "dvar2": 0.614379286766,
        "max": 6.6770658493,
        "mean": -0.265464961529,
        "median": -0.517615318298,
        "min": -1.64692485332,
        "var": 0.940607070923
    },
    "erbbands_skewness": {
        "dmean": 0.249302327633,
        "dmean2": 0.382163077593,
        "dvar": 0.0474526844919,
        "dvar2": 0.105556152761,
        "max": 1.7222905159,
        "mean": 0.15338075161,
        "median": 0.17889611423,
        "min": -1.84692025185,
        "var": 0.224874481559
    },
    "erbbands_spread": {
        "dmean": 6.5536942482,
        "dmean2": 9.51666355133,
        "dvar": 46.7552909851,
        "dvar2": 103.965545654,
        "max": 104.52255249,
        "mean": 43.4401397705,
        "median": 42.2276954651,
        "min": 8.59616088867,
        "var": 208.593017578
    },
    "hfc": {
        "dmean": 6.43326187134,
        "dmean2": 9.08357810974,
        "dvar": 82.6952285767,
        "dvar2": 167.204910278,
        "max": 208.319412231,
        "mean": 26.3163852692,
        "median": 21.10521698,
        "min": 4.26005125046,
        "var": 371.607269287
    },
    "melbands_crest": {
        "dmean": 2.65189743042,
        "dmean2": 4.4201374054,
        "dvar": 7.04370737076,
        "dvar2": 20.0150489807,
        "max": 25.6677474976,
        "mean": 13.7702550888,
        "median": 13.5821628571,
        "min": 5.22020673752,
        "var": 17.9155769348
    },
    "melbands_flatness_db": {
        "dmean": 0.0196565631777,
        "dmean2": 0.0306727718562,
        "dvar": 0.00037430820521,
        "dvar2": 0.000948489701841,
        "max": 0.309157371521,
        "mean": 0.187269344926,
        "median": 0.185933381319,
        "min": 0.0875536575913,
        "var": 0.00174196751323
    },
    "melbands_kurtosis": {
        "dmean": 4.62971925735,
        "dmean2": 7.4498963356,
        "dvar": 43.8980369568,
        "dvar2": 119.272193909,
        "max": 67.4130020142,
        "mean": 11.7435264587,
        "median": 9.82106685638,
        "min": -1.50709402561,
        "var": 85.416885376
    },
    "melbands_skewness": {
        "dmean": 0.552294373512,
        "dmean2": 0.870056867599,
        "dvar": 0.361352443695,
        "dvar2": 0.951056778431,
        "max": 7.52707958221,
        "mean": 2.81575083733,
        "median": 2.7483394146,
        "min": -0.036370139569,
        "var": 1.2294356823
    },
    "melbands_spread": {
        "dmean": 4.76629972458,
        "dmean2": 7.5081152916,
        "dvar": 26.8828086853,
        "dvar2": 66.3159255981,
        "max": 97.90184021,
        "mean": 20.9068012238,
        "median": 18.5899772644,
        "min": 3.72411251068,
        "var": 115.959686279
    },
    "pitch_salience": {
        "dmean": 0.0593587867916,
        "dmean2": 0.099593795836,
        "dvar": 0.0032355862204,
        "dvar2": 0.00890047289431,
        "max": 0.780382871628,
        "mean": 0.53244894743,
        "median": 0.540547311306,
        "min": 0.208813011646,
        "var": 0.00955125130713
    },
    "silence_rate_20dB": {
        "dmean": 0,
        "dmean2": 0,
        "dvar": 0,
        "dvar2": 0,
        "max": 1,
        "mean": 1,
        "median": 1,
        "min": 1,
        "var": 0
    },
    "silence_rate_30dB": {
        "dmean": 0.0061919502914,
        "dmean2": 0.0123934932053,
        "dvar": 0.00615351460874,
        "dvar2": 0.0153386956081,
        "max": 1,
        "mean": 0.99535959959,
        "median": 1,
        "min": 0,
        "var": 0.00461880816147
    },
    "silence_rate_60dB": {
        "dmean": 0,
        "dmean2": 0,
        "dvar": 0,
        "dvar2": 0,
        "max": 0,
        "mean": 0,
        "median": 0,
        "min": 0,
        "var": 0
    },
    "spectral_centroid": {
        "dmean": 204.838134766,
        "dmean2": 316.437225342,
        "dvar": 43932.9101562,
        "dvar2": 101309.257812,
        "max": 3626.33520508,
        "mean": 1312.56616211,
        "median": 1235.78100586,
        "min": 472.815185547,
        "var": 216404.6875
    },
    "spectral_complexity": {
        "dmean": 3.41640877724,
        "dmean2": 5.23005437851,
        "dvar": 11.5030670166,
        "dvar2": 23.5140533447,
        "max": 52,
        "mean": 25.2126846313,
        "median": 24,
        "min": 6,
        "var": 55.1342124939
    },
    "spectral_decrease": {
        "dmean": 2.54415799539e-09,
        "dmean2": 4.09542000313e-09,
        "dvar": 1.32894423622e-17,
        "dvar2": 3.2967405736e-17,
        "max": -1.70359160112e-09,
        "mean": -9.73475611232e-09,
        "median": -8.82891892928e-09,
        "min": -3.59789851245e-08,
        "var": 2.145469439e-17
    },
    "spectral_energy": {
        "dmean": 0.00995758734643,
        "dmean2": 0.0159249231219,
        "dvar": 0.000200125621632,
        "dvar2": 0.000489389291033,
        "max": 0.14163890481,
        "mean": 0.0391281507909,
        "median": 0.0352651849389,
        "min": 0.00795699190348,
        "var": 0.000342716783052
    },
    "spectral_energyband_high": {
        "dmean": 0.000496089051012,
        "dmean2": 0.000695462629665,
        "dvar": 8.08821482678e-07,
        "dvar2": 1.65292351539e-06,
        "max": 0.0243304241449,
        "mean": 0.00117572711315,
        "median": 0.000640457612462,
        "min": 2.99067723972e-05,
        "var": 3.28819101014e-06
    },
    "spectral_energyband_low": {
        "dmean": 0.00704323546961,
        "dmean2": 0.0119484486058,
        "dvar": 0.000130768181407,
        "dvar2": 0.000350144517142,
        "max": 0.103097930551,
        "mean": 0.0167798604816,
        "median": 0.0149031197652,
        "min": 0.000458616064861,
        "var": 0.000139263094752
    },
    "spectral_energyband_middle_high": {
        "dmean": 0.00173829100095,
        "dmean2": 0.00258902250789,
        "dvar": 6.35256719761e-06,
        "dvar2": 1.51039885168e-05,
        "max": 0.043677225709,
        "mean": 0.00665753334761,
        "median": 0.00448479037732,
        "min": 0.00034920105827,
        "var": 4.10107531934e-05
    },
    "spectral_energyband_middle_low": {
        "dmean": 0.00554001796991,
        "dmean2": 0.00882402900606,
        "dvar": 8.96004567039e-05,
        "dvar2": 0.00022252900817,
        "max": 0.120296679437,
        "mean": 0.0158916898072,
        "median": 0.0127376951277,
        "min": 0.00207422906533,
        "var": 0.000139041658258
    },
    "spectral_entropy": {
        "dmean": 0.123829752207,
        "dmean2": 0.175817787647,
        "dvar": 0.0175188221037,
        "dvar2": 0.034705389291,
        "max": 8.67505168915,
        "mean": 7.65252733231,
        "median": 7.63978815079,
        "min": 6.82418346405,
        "var": 0.0797704532743
    },
    "spectral_flux": {
        "dmean": 0.0234103910625,
        "dmean2": 0.0359678082168,
        "dvar": 0.000861177395564,
        "dvar2": 0.00169170775916,
        "max": 0.290735214949,
        "mean": 0.0863567069173,
        "median": 0.0745000839233,
        "min": 0.0134488837793,
        "var": 0.00215416122228
    },
    "spectral_kurtosis": {
        "dmean": 1.10940873623,
        "dmean2": 1.90899837017,
        "dvar": 1.15359711647,
        "dvar2": 3.13480472565,
        "max": 13.8046207428,
        "mean": 3.46653962135,
        "median": 3.14768218994,
        "min": -0.740733385086,
        "var": 3.3028190136
    },
    "spectral_rms": {
        "dmean": 0.000728458457161,
        "dmean2": 0.00114462466445,
        "dvar": 7.90681610852e-07,
        "dvar2": 1.86213787856e-06,
        "max": 0.0117551824078,
        "mean": 0.0060294312425,
        "median": 0.00586558226496,
        "min": 0.00278620165773,
        "var": 1.81980919933e-06
    },
    "spectral_rolloff": {
        "dmean": 370.347198486,
        "dmean2": 596.541992188,
        "dvar": 277349.71875,
        "dvar2": 588084.3125,
        "max": 8570.21484375,
        "mean": 1162.76977539,
        "median": 925.927734375,
        "min": 107.666015625,
        "var": 915483.9375
    },
    "spectral_skewness": {
        "dmean": 0.164279282093,
        "dmean2": 0.267536222935,
        "dvar": 0.0210812948644,
        "dvar2": 0.0511628724635,
        "max": 2.74055361748,
        "mean": 1.41964483261,
        "median": 1.39429926872,
        "min": 0.357829064131,
        "var": 0.125926017761
    },
    "spectral_spread": {
        "dmean": 468828.375,
        "dmean2": 644502.9375,
        "dvar": 312694243328,
        "dvar2": 594626871296,
        "max": 12326511,
        "mean": 4570852,
        "median": 4323275.5,
        "min": 2482161.5,
        "var": 1.28707238298e+12
    },
    "spectral_strongpeak": {
        "dmean": 0.400255173445,
        "dmean2": 0.713599145412,
        "dvar": 0.765202999115,
        "dvar2": 1.87099981308,
        "max": 10.4060869217,
        "mean": 0.773331701756,
        "median": 0.448073476553,
        "min": 0.0635526180267,
        "var": 1.29323482513
    },
    "zerocrossingrate": {
        "dmean": 0.00810879468918,
        "dmean2": 0.0100356740877,
        "dvar": 7.04686026438e-05,
        "dvar2": 9.42356564337e-05,
        "max": 0.21923828125,
        "mean": 0.0544269308448,
        "median": 0.05078125,
        "min": 0.0126953125,
        "var": 0.000571919954382
    },
    "barkbands": {
        "dmean": [8.34825041238e-05, 0.00456773163751, 0.0024037680123, 0.00265937321819, 0.0020158002153, 0.00141795550007, 0.000751254847273, 0.000596044643316, 0.00114324060269, 0.000371321773855, 0.000602310872637, 0.000247512245551, 0.000270384072792, 0.000695592956617, 0.000381065881811, 0.000250419398071, 0.000227770709898, 0.000232279155171, 0.000147127197124, 0.000178426562343, 0.000131760156364, 9.85099977697e-05, 0.00010927652329, 0.000101175042801, 5.43165951967e-05, 3.44930995198e-05, 7.87839695704e-08],
        "dmean2": [0.000143278826727, 0.00779071683064, 0.00404142495245, 0.00460684904829, 0.00330435065553, 0.00227726227604, 0.00116668932606, 0.000880016828887, 0.00162878760602, 0.000592238095123, 0.000907346897293, 0.000408267573221, 0.00042634177953, 0.00111431628466, 0.000608464877587, 0.000403990998166, 0.000366817985196, 0.000373173097614, 0.000236190244323, 0.000273512821877, 0.000204771000426, 0.000147618178744, 0.000161024770932, 0.000161576201208, 8.14411760075e-05, 5.17218941241e-05, 1.36740879952e-07],
        "dvar": [1.86970012805e-08, 8.48915951792e-05, 1.23397921925e-05, 6.41386504867e-05, 7.85903466749e-06, 4.43485987489e-06, 1.23541940411e-06, 2.67254040409e-06, 5.80196638111e-06, 1.51828521666e-06, 2.16634020944e-06, 2.72474551366e-07, 3.42131357911e-07, 2.20372339754e-06, 2.61808509094e-07, 1.74057660729e-07, 4.1764621983e-07, 1.21231352068e-07, 4.13608667316e-08, 1.05830110897e-07, 4.8439407152e-08, 2.78628409234e-08, 6.25240943464e-08, 1.43940141584e-07, 1.39912135211e-08, 5.86028603422e-09, 1.20094106643e-13],
        "dvar2": [4.98028462914e-08, 0.000228867662372, 3.40080223395e-05, 0.000174681801582, 2.15800446313e-05, 1.10759292511e-05, 2.95170866593e-06, 5.76456659473e-06, 1.11401577669e-05, 4.14340684074e-06, 4.97291375723e-06, 8.18268347302e-07, 7.67868414187e-07, 5.31709702045e-06, 6.6439827151e-07, 4.37368356643e-07, 1.22366975575e-06, 3.15467929113e-07, 1.11679284487e-07, 2.1275550921e-07, 1.13182103689e-07, 6.17904944988e-08, 1.20107543466e-07, 3.27651747511e-07, 3.09031022994e-08, 1.42437466266e-08, 3.10714155143e-13],
        "max": [0.00160714762751, 0.0933409258723, 0.030305614695, 0.0689989924431, 0.0299034826458, 0.0294973812997, 0.0181259959936, 0.0313556082547, 0.044063962996, 0.0252166669816, 0.0343635156751, 0.00858829822391, 0.0103951692581, 0.032009486109, 0.00667769555002, 0.00628557102755, 0.0122360531241, 0.00536620384082, 0.00222455104813, 0.00786157697439, 0.0030723544769, 0.00267249252647, 0.00746862823144, 0.0144969876856, 0.00235188379884, 0.00100337166805, 4.83438634546e-06],
        "mean": [0.000115045928396, 0.0101301660761, 0.00523300794885, 0.00261689093895, 0.00446787569672, 0.00352071481757, 0.00170453626197, 0.000958422664553, 0.00247343815863, 0.000685844512191, 0.00130218570121, 0.000439687340986, 0.000468445301522, 0.00123065593652, 0.000752429186832, 0.000486918230308, 0.000393531750888, 0.00047280092258, 0.000308587565087, 0.000373488932382, 0.000263076130068, 0.000203791118111, 0.000203895178856, 0.000188700883882, 9.35093848966e-05, 4.04790844186e-05, 5.79282044555e-08],
        "median": [4.15289032389e-05, 0.00746655324474, 0.00375787122175, 0.00094174122205, 0.00344195123762, 0.00223079579882, 0.0012022855226, 0.000354570918716, 0.0013335084077, 0.000264918082394, 0.000493787461892, 0.000294690893497, 0.000267166789854, 0.000543165602721, 0.000552446115762, 0.000324914406519, 0.000231214333326, 0.000284085515887, 0.000220924572204, 0.00022912993154, 0.000149094965309, 0.000109537555545, 8.95561097423e-05, 6.57703421894e-05, 3.46077686117e-05, 8.89036255103e-06, 1.07747766265e-09],
        "min": [1.53748924703e-08, 9.18557543628e-06, 0.000106068473542, 2.24525751946e-06, 8.51470758789e-05, 6.7315006163e-05, 2.19736248255e-05, 8.1521939137e-06, 2.61380864686e-05, 4.85980854137e-06, 1.11136641863e-05, 8.57902887219e-06, 1.59360206453e-05, 2.87527072942e-05, 2.24512150453e-05, 1.13342812256e-05, 5.65637719774e-06, 1.06103489088e-05, 7.27977385395e-06, 4.95420226798e-06, 6.12146141066e-06, 4.95248696097e-06, 2.94103551823e-06, 3.11052161805e-07, 1.20514292989e-10, 4.00249902666e-11, 7.53854791091e-12],
        "var": [3.14683319402e-08, 0.000102363432234, 2.24836603593e-05, 4.57301939605e-05, 1.5189179976e-05, 1.36330299938e-05, 3.20539197673e-06, 5.09688788952e-06, 1.32302666316e-05, 2.70234841082e-06, 9.82644269243e-06, 3.62342973403e-07, 6.04582339747e-07, 6.11710811427e-06, 5.46907017451e-07, 3.77312375122e-07, 6.11913435478e-07, 3.34771016242e-07, 8.4698513092e-08, 2.58908670503e-07, 1.06974560765e-07, 6.97845052855e-08, 2.07957384646e-07, 5.22695529526e-07, 3.36726593275e-08, 6.58346355209e-09, 9.07132035504e-14]
    },
    "erbbands": {
        "dmean": [0.0964502468705, 1.16539037228, 2.77542209625, 5.95965480804, 7.38859272003, 7.87645292282, 8.60299682617, 11.9766511917, 10.7050247192, 12.3939352036, 13.8802728653, 27.6847133636, 15.5358200073, 11.8902482986, 19.0407047272, 8.93202018738, 12.4475641251, 22.8150959015, 28.9441432953, 20.5729122162, 12.9989919662, 10.2300615311, 11.6122245789, 9.2108297348, 8.37666702271, 7.1418261528, 6.6388220787, 3.88869142532, 3.5809340477, 3.35824155807, 3.0278301239, 2.45500802994, 1.73262500763, 0.751816689968, 0.333073586226, 0.192719012499, 0.0577510334551, 0.00425762683153, 9.3856418971e-05, 1.55673351401e-05],
        "dmean2": [0.162975132465, 1.99334430695, 4.74255514145, 10.2366781235, 12.3191184998, 12.6974334717, 14.0141496658, 19.0623607635, 17.1384353638, 18.8566398621, 20.1077480316, 39.8192100525, 23.6902179718, 18.4632034302, 28.9406642914, 14.2567577362, 19.492937088, 35.9042129517, 46.9245872498, 32.6731567383, 20.9161243439, 16.1301136017, 18.8186206818, 15.0032691956, 13.2578229904, 10.879447937, 10.2690782547, 5.85697364807, 5.39290475845, 5.18359088898, 4.45222759247, 3.62084102631, 2.90034174919, 1.15202724934, 0.499349713326, 0.291044205427, 0.086050234735, 0.00668601784855, 0.000141953438288, 2.36927990045e-05],
        "dvar": [0.0468174554408, 5.18423223495, 14.630616188, 284.521057129, 250.941955566, 118.598190308, 169.179504395, 385.78515625, 375.63760376, 420.474639893, 1289.55908203, 4874.05126953, 1316.67053223, 610.285949707, 2063.27661133, 376.188079834, 727.772766113, 2815.58959961, 2372.77001953, 699.571777344, 724.593139648, 605.025085449, 352.630889893, 170.652664185, 142.603271484, 216.283599854, 115.790794373, 45.7471084595, 40.9142341614, 31.376033783, 58.4967651367, 76.7765808105, 53.5013847351, 2.81662559509, 0.446155190468, 0.207515984774, 0.0136636905372, 9.60627439781e-05, 3.96231207844e-08, 5.72300262736e-10],
        "dvar2": [0.120840057731, 14.3066120148, 41.0457496643, 772.804748535, 667.488708496, 335.969207764, 433.094970703, 987.209228516, 877.251464844, 957.545288086, 2778.98120117, 9037.58984375, 3469.79003906, 1531.61791992, 4729.72460938, 1064.81628418, 1608.19042969, 6564.06103516, 5978.26757812, 1575.76831055, 1908.03869629, 1425.17126465, 893.893981934, 459.696655273, 333.00390625, 403.73236084, 266.174926758, 104.347915649, 94.5488433838, 76.2422943115, 107.369033813, 114.589248657, 163.530151367, 5.90330600739, 1.02940404415, 0.530304908752, 0.0311044100672, 0.000231433732552, 9.34315025347e-08, 1.30638588836e-09],
        "max": [2.25230193138, 22.545085907, 37.0973129272, 163.613311768, 210.544723511, 134.9871521, 173.144638062, 262.988525391, 325.939575195, 360.201263428, 648.164611816, 1362.59814453, 746.366455078, 383.041625977, 1222.6505127, 315.244171143, 402.495666504, 886.013000488, 858.374572754, 404.641876221, 428.76159668, 643.06842041, 286.624145508, 152.550674438, 150.490005493, 405.395690918, 145.495986938, 83.8891906738, 101.124313354, 103.852485657, 250.459976196, 326.459564209, 223.672409058, 38.5093612671, 10.7691907883, 6.49172592163, 1.07258164883, 0.111033320427, 0.00199133064598, 0.000248306780122],
        "mean": [0.173106223345, 2.66466832161, 6.56762456894, 7.46284151077, 10.6608734131, 17.7877178192, 20.1532936096, 30.1446342468, 23.4300022125, 26.7926177979, 25.4601974487, 54.7163162231, 35.6031265259, 28.6079788208, 43.6338768005, 18.1175823212, 24.3352298737, 43.815990448, 54.9301872253, 39.2796707153, 26.3828449249, 21.0568695068, 24.8837890625, 20.5064964294, 18.2123641968, 15.5274038315, 14.1811056137, 7.66040706635, 6.95164012909, 6.71860790253, 5.64400196075, 4.49355888367, 2.83312153816, 1.3090839386, 0.535656273365, 0.23451885581, 0.0661250129342, 0.00434565823525, 0.000120894284919, 5.32438934897e-05],
        "median": [0.12329891324, 1.95471155643, 5.40937805176, 4.03072023392, 5.99407863617, 12.9717283249, 14.2725439072, 17.5711402893, 13.9255809784, 17.6511077881, 11.4862232208, 25.5813102722, 18.0526351929, 14.6348581314, 19.5220355988, 12.3527889252, 13.9887332916, 20.9288921356, 33.4496841431, 28.5763397217, 15.4917049408, 12.8445768356, 16.1774902344, 12.9412479401, 13.2622022629, 9.29522705078, 7.64295053482, 4.34109592438, 3.46039700508, 3.54519677162, 2.51092219353, 1.515614748, 1.00072455406, 0.500462889671, 0.195305034518, 0.0655427128077, 0.0108329085633, 0.000514341518283, 4.09480926464e-05, 4.59337061329e-05],
        "min": [0.000430750951637, 0.0244033616036, 0.173015400767, 0.227324828506, 0.41724550724, 0.464346826077, 0.593439698219, 0.875640034676, 0.483207970858, 0.639946043491, 0.691911458969, 0.719408273697, 0.657797455788, 0.615010619164, 1.47031724453, 1.278383255, 1.00953888893, 2.04191946983, 1.43698811531, 1.32438755035, 0.719412684441, 0.475316256285, 1.04442811012, 0.749486207962, 0.43775677681, 0.224875003099, 0.192408531904, 0.164678826928, 0.153189688921, 0.171871513128, 0.0863399356604, 0.0282516237348, 0.00239970954135, 0.000306394766085, 3.46446176991e-05, 1.39958083309e-05, 7.49543323764e-06, 1.56642511229e-06, 4.89865078634e-06, 9.56143594522e-06],
        "var": [0.0469284765422, 6.43074655533, 23.6250953674, 209.039077759, 245.294540405, 278.652496338, 362.713653564, 1111.0513916, 1023.28692627, 871.851623535, 2356.7355957, 9960.96289062, 2732.14624023, 2214.28491211, 9242.703125, 565.674072266, 1472.57531738, 6678.91162109, 6026.45117188, 1504.30969238, 1856.26721191, 1302.02490234, 907.885253906, 430.182434082, 301.454742432, 561.293334961, 330.712463379, 89.4999008179, 88.4479980469, 85.5988769531, 200.990127563, 310.654968262, 106.53742218, 8.03925991058, 0.912963867188, 0.221412658691, 0.0173898916692, 0.000104851002106, 4.64651890297e-08, 9.83680470412e-10]
    },
    "gfcc": {
        "mean": [42.8145866394, 104.391265869, -119.550598145, 45.5065689087, -59.9585494995, 21.8637046814, -41.6476669312, 10.6200723648, -20.0986042023, 3.07067012787, -12.8322324753, -4.04062700272, -6.1900305748],
        "cov": [[1461.18566895, -837.949035645, 198.981750488, -90.0597991943, -105.792694092, 23.4477214813, -91.0512619019, 130.155776978, -219.683944702, 134.154693604, -256.941864014, 91.7816696167, -204.171264648], [-837.949035645, 818.721191406, -269.623291016, 18.1770420074, 84.3922653198, -55.1174736023, 89.5827255249, -84.631477356, 180.065216064, -135.88734436, 218.533782959, -114.57938385, 156.518356323], [198.981750488, -269.623291016, 317.685913086, -23.5504550934, 4.46159505844, 33.7991142273, -75.9199752808, 39.8158226013, -53.7644271851, 71.4360580444, -80.0804138184, 75.7907180786, -66.9039916992], [-90.0597991943, 18.1770420074, -23.5504550934, 226.451721191, 10.1390657425, -15.314116478, 30.155960083, -39.5589447021, 33.0358200073, -18.1324901581, 42.5152931213, -14.4854888916, 52.5020751953], [-105.792694092, 84.3922653198, 4.46159505844, 10.1390657425, 129.606216431, 9.72714424133, 24.0308494568, 9.30445289612, 22.7643318176, 14.7284955978, 24.0000610352, 24.4247608185, 10.4892492294], [23.4477214813, -55.1174736023, 33.7991142273, -15.314116478, 9.72714424133, 119.655975342, 29.8934726715, 7.37407398224, -2.72268414497, 6.02992916107, -1.68558311462, -2.82136249542, 4.1015625], [-91.0512619019, 89.5827255249, -75.9199752808, 30.155960083, 24.0308494568, 29.8934726715, 132.393508911, -1.68262970448, 33.2207145691, -2.60378289223, 24.7332267761, -11.0289049149, 12.4290561676], [130.155776978, -84.631477356, 39.8158226013, -39.5589447021, 9.30445289612, 7.37407398224, -1.68262970448, 93.9944229126, -1.50688242912, 29.8021450043, -34.82081604, 19.3699531555, -20.9707431793], [-219.683944702, 180.065216064, -53.7644271851, 33.0358200073, 22.7643318176, -2.72268414497, 33.2207145691, -1.50688242912, 107.172721863, -8.18856239319, 57.3234939575, -23.796667099, 41.3021583557], [134.154693604, -135.88734436, 71.4360580444, -18.1324901581, 14.7284955978, 6.02992916107, -2.60378289223, 29.8021450043, -8.18856239319, 97.3691329956, -27.2867069244, 41.8113822937, -35.9511260986], [-256.941864014, 218.533782959, -80.0804138184, 42.5152931213, 24.0000610352, -1.68558311462, 24.7332267761, -34.82081604, 57.3234939575, -27.2867069244, 122.875434875, -18.4103832245, 62.6639900208], [91.7816696167, -114.57938385, 75.7907180786, -14.4854888916, 24.4247608185, -2.82136249542, -11.0289049149, 19.3699531555, -23.796667099, 41.8113822937, -18.4103832245, 91.7330703735, -11.4417276382], [-204.171264648, 156.518356323, -66.9039916992, 52.5020751953, 10.4892492294, 4.1015625, 12.4290561676, -20.9707431793, 41.3021583557, -35.9511260986, 62.6639900208, -11.4417276382, 93.6803436279]],
        "icov": [[0.00205771042965, 0.00150394428056, 0.000882843218278, -9.87039820757e-05, 0.000352083065081, 4.50573725175e-06, 0.000334361626301, -0.00137844122946, 0.00122228951659, -0.000327616668073, 0.00038522054092, 2.39398323174e-05, 0.00134582270402], [0.00150394428056, 0.0102150170133, -0.000660186808091, 0.00577521231025, -0.0049712061882, 0.00648632319644, -0.00413696095347, 0.0025568776764, -0.00568557018414, 0.00554179633036, -0.00680219149217, 0.00707629602402, -0.00605569174513], [0.000882843218278, -0.000660186808091, 0.00724255107343, -0.00237370072864, 0.00077053566929, -0.00411676429212, 0.0048694871366, -0.00165458023548, 0.000827282317914, -0.00230583944358, 0.00275418581441, -0.00503397081047, 0.00490062916651], [-9.87039820757e-05, 0.00577521231025, -0.00237370072864, 0.00969952903688, -0.00356075749733, 0.00592897180468, -0.00489858677611, 0.00442109722644, -0.00446843449026, 0.00322270090692, -0.00444295164198, 0.00585524225608, -0.00832278840244], [0.000352083065081, -0.0049712061882, 0.00077053566929, -0.00356075749733, 0.0122605711222, -0.00423223245889, 0.00139976106584, -0.00311865122057, 0.00253694830462, -0.00370640470646, 0.0022850302048, -0.00694474158809, 0.00463006366044], [4.50573725175e-06, 0.00648632319644, -0.00411676429212, 0.00592897180468, -0.00423223245889, 0.0155101930723, -0.00753038562834, 0.00243111769669, -0.00291109946556, 0.0035152125638, -0.00527493981645, 0.00813152920455, -0.00859803706408], [0.000334361626301, -0.00413696095347, 0.0048694871366, -0.00489858677611, 0.00139976106584, -0.00753038562834, 0.0138877909631, -0.00253354106098, 0.000693925539963, -0.00336294178851, 0.00360792712308, -0.00539338449016, 0.00695828022435], [-0.00137844122946, 0.0025568776764, -0.00165458023548, 0.00442109722644, -0.00311865122057, 0.00243111769669, -0.00253354106098, 0.0164088904858, -0.0060461461544, 9.11571478355e-05, 0.00121034588665, 0.00183685368393, -0.00456815492362], [0.00122228951659, -0.00568557018414, 0.000827282317914, -0.00446843449026, 0.00253694830462, -0.00291109946556, 0.000693925539963, -0.0060461461544, 0.0209389533848, -0.00683258380741, 0.000198375302716, -0.000329411559505, 0.00162950251251], [-0.000327616668073, 0.00554179633036, -0.00230583944358, 0.00322270090692, -0.00370640470646, 0.0035152125638, -0.00336294178851, 9.11571478355e-05, -0.00683258380741, 0.020041750744, -0.00478326668963, -0.00140323466621, 0.00103357166518], [0.00038522054092, -0.00680219149217, 0.00275418581441, -0.00444295164198, 0.0022850302048, -0.00527493981645, 0.00360792712308, 0.00121034588665, 0.000198375302716, -0.00478326668963, 0.021855160594, -0.00593802332878, -0.000838756503072], [2.39398323174e-05, 0.00707629602402, -0.00503397081047, 0.00585524225608, -0.00694474158809, 0.00813152920455, -0.00539338449016, 0.00183685368393, -0.000329411559505, -0.00140323466621, -0.00593802332878, 0.0239026788622, -0.0106008769944], [0.00134582270402, -0.00605569174513, 0.00490062916651, -0.00832278840244, 0.00463006366044, -0.00859803706408, 0.00695828022435, -0.00456815492362, 0.00162950251251, 0.00103357166518, -0.000838756503072, -0.0106008769944, 0.0287464912981]]
    },
    "melbands": {
        "dmean": [0.00108147400897, 0.00144484464545, 0.00104665127583, 0.000498382840306, 0.000306273752358, 0.000268830684945, 0.000154329507495, 0.000139780488098, 0.00013054041483, 0.000167016492924, 7.76132001192e-05, 4.84485026391e-05, 8.61165754031e-05, 2.57223691733e-05, 3.31430019287e-05, 2.73626028502e-05, 4.82082141389e-05, 5.94385819568e-05, 2.49405820796e-05, 2.25285020861e-05, 1.72678846866e-05, 1.19276683108e-05, 1.0700529856e-05, 1.33158682729e-05, 7.76629076427e-06, 5.8682294366e-06, 7.25041309124e-06, 5.3198700698e-06, 4.87851639264e-06, 3.031197366e-06, 2.27312784773e-06, 2.23555593948e-06, 1.97062513507e-06, 1.96797464014e-06, 1.69883185208e-06, 2.03311174118e-06, 1.49656500525e-06, 1.47371326875e-06, 8.28433883271e-07, 6.07954859788e-07],
        "dmean2": [0.00184348924085, 0.00247820839286, 0.00177499675192, 0.000808040902484, 0.000504352501594, 0.00043060380267, 0.000244935712544, 0.000210195183172, 0.000190273392946, 0.000239445711486, 0.000120130251162, 7.57922316552e-05, 0.000129504551296, 4.24522368121e-05, 5.38419917575e-05, 4.21258991992e-05, 7.66236480558e-05, 9.66123916442e-05, 3.95776478399e-05, 3.54731237167e-05, 2.78829502349e-05, 1.88781777979e-05, 1.78019945452e-05, 2.17753968172e-05, 1.2658740161e-05, 9.45745887293e-06, 1.15455313789e-05, 8.24230392027e-06, 7.7123313531e-06, 4.78821129946e-06, 3.47315835825e-06, 3.39285293194e-06, 3.05904109155e-06, 3.10911627821e-06, 2.59750936493e-06, 3.0061310099e-06, 2.2695755888e-06, 2.49911363426e-06, 1.33579828798e-06, 9.56704752753e-07],
        "dvar": [5.42063571629e-06, 4.71301973448e-06, 8.28627526062e-06, 4.96494067193e-07, 2.0224794639e-07, 1.83194089232e-07, 6.82960319409e-08, 6.1386408845e-08, 8.10602074353e-08, 1.64774235145e-07, 3.66647974204e-08, 1.15401981304e-08, 4.61467841717e-08, 2.29671370811e-09, 7.41888772637e-09, 3.07303693603e-09, 1.31255779579e-08, 1.3015783118e-08, 1.04547115409e-09, 9.64770041634e-10, 1.68087588293e-09, 1.35493372078e-09, 1.82245857294e-10, 4.30191965384e-10, 1.29045607533e-10, 6.71912733785e-11, 1.43635076055e-10, 1.75210318476e-10, 8.30094049054e-11, 3.21393432701e-11, 1.5777767981e-11, 1.63112735124e-11, 1.24677759436e-11, 1.13474134603e-11, 1.45781702682e-11, 5.4964539864e-11, 2.86166472463e-11, 4.80291917349e-11, 5.47764654815e-12, 1.80977693769e-12],
        "dvar2": [1.43886336446e-05, 1.32193899844e-05, 2.23046517931e-05, 1.35732807394e-06, 5.21650747487e-07, 4.5885030886e-07, 1.61907365737e-07, 1.34586613854e-07, 1.76610072344e-07, 3.09156519052e-07, 9.67542206354e-08, 2.96632087782e-08, 1.05094869696e-07, 6.43868336425e-09, 2.00772198866e-08, 6.25487484029e-09, 3.10752135135e-08, 3.28028200158e-08, 2.52882914609e-09, 2.31275443241e-09, 4.6576036361e-09, 3.31259131237e-09, 4.71266081714e-10, 1.10067743808e-09, 3.4978886454e-10, 1.75727585261e-10, 3.2380803594e-10, 3.3577257641e-10, 1.99660704636e-10, 7.76595315832e-11, 3.65462660135e-11, 3.89666771072e-11, 2.85828166691e-11, 2.95469378131e-11, 3.0737915685e-11, 9.43401745612e-11, 4.94248843241e-11, 1.5290707589e-10, 1.2931497019e-11, 4.32477968368e-12],
        "max": [0.0243077352643, 0.0208483524621, 0.0256149489433, 0.00844779424369, 0.00677034957334, 0.00581743754447, 0.00417848443612, 0.00367291597649, 0.00428797211498, 0.00797903817147, 0.00397023651749, 0.00145059986971, 0.00549193006009, 0.00118937448133, 0.00152597145643, 0.00102329836227, 0.00226132990792, 0.00217475998215, 0.00043605157407, 0.000575079815462, 0.000698126386851, 0.000889030867256, 0.000228883305681, 0.00032568720053, 0.000122840894619, 0.000108717285912, 0.000166279278346, 0.000367500120774, 0.000136980597745, 8.70675430633e-05, 4.34183093603e-05, 6.41631340841e-05, 6.59949073452e-05, 5.73440920562e-05, 0.000112473295303, 0.000252890546108, 0.000210620084545, 0.000203825053177, 6.30770882708e-05, 2.78409588645e-05],
        "mean": [0.00226230407134, 0.00364680145867, 0.00142215553205, 0.00101068802178, 0.00076395785436, 0.000685246370267, 0.00034604157554, 0.000277585262666, 0.000238117194385, 0.000340572703863, 0.00017203137395, 0.000110111985123, 0.00019062460342, 4.59792281617e-05, 5.52002929908e-05, 5.16953659826e-05, 8.78384817042e-05, 0.00010365563503, 4.86375975015e-05, 4.07518018619e-05, 2.97002297884e-05, 2.13470812014e-05, 2.05864598684e-05, 2.55102368101e-05, 1.54415611178e-05, 1.21750281323e-05, 1.36965682032e-05, 9.77828858595e-06, 9.65138769971e-06, 5.82321808906e-06, 3.99633108827e-06, 4.00714679927e-06, 3.86483498005e-06, 3.57697513209e-06, 3.04156878883e-06, 3.4108672935e-06, 2.56770431406e-06, 2.22123662752e-06, 1.37517770327e-06, 9.98320729195e-07],
        "median": [0.00175814982504, 0.00329375453293, 0.000811428006273, 0.000748247955926, 0.000573857570998, 0.000413544563344, 0.000223162729526, 0.000170015642652, 0.000113104688353, 0.000168181446497, 8.05035233498e-05, 5.39262182429e-05, 7.28601880837e-05, 2.97038277495e-05, 3.37093042617e-05, 2.90061216219e-05, 3.97383555537e-05, 5.66390117456e-05, 3.51135022356e-05, 2.77697581623e-05, 1.58836010087e-05, 1.17834224511e-05, 1.33404137159e-05, 1.5165145669e-05, 9.33671981329e-06, 8.90247792995e-06, 9.02336432773e-06, 4.95885660712e-06, 4.62097932541e-06, 3.28795454152e-06, 2.07714083444e-06, 1.92737843463e-06, 1.91795743376e-06, 1.90010666756e-06, 1.37437120884e-06, 1.15532566269e-06, 7.97682105258e-07, 7.6542255556e-07, 4.95831613989e-07, 3.82502179264e-07],
        "min": [1.6530746052e-06, 7.46250079828e-05, 3.89179003832e-05, 2.96198213618e-05, 1.39507510539e-05, 2.15040890907e-05, 6.63734954287e-06, 4.2333113015e-06, 3.12064639729e-06, 3.61868546861e-06, 1.79583071258e-06, 1.73537455339e-06, 3.28998135046e-06, 2.39178712036e-06, 1.9736980903e-06, 1.19307651403e-06, 2.42697251451e-06, 2.4596242838e-06, 1.71525005044e-06, 7.32784826596e-07, 5.31587886599e-07, 3.48186091514e-07, 7.3240664733e-07, 5.92942853928e-07, 4.8432082167e-07, 3.05000895651e-07, 1.94660131569e-07, 5.52201697701e-08, 8.5736616029e-08, 1.41479603144e-07, 5.99146403601e-08, 4.60216718068e-08, 8.14112510739e-08, 5.80130858907e-08, 4.66818477207e-08, 2.65298485402e-08, 5.00944441484e-09, 6.22421225671e-10, 4.56886750655e-11, 1.14024143859e-12],
