{
"highlevel": {
    "danceability": {
        "all": {
            "danceable": 0.999576210976,
            "not_danceable": 0.000423776800744
        },
        "probability": 0.999576210976,
        "value": "danceable"
    },
    "gender": {
        "all": {
            "female": 0.0663197413087,
            "male": 0.93368023634
        },
        "probability": 0.93368023634,
        "value": "male"
    },
    "genre_dortmund": {
        "all": {
            "alternative": 0.0742173790932,
            "blues": 0.119978092611,
            "electronic": 0.0191288758069,
            "folkcountry": 0.133744478226,
            "funksoulrnb": 0.0272956080735,
            "jazz": 0.0736729428172,
            "pop": 0.0822821855545,
            "raphiphop": 0.0577680543065,
            "rock": 0.411912381649
        },
        "probability": 0.411912381649,
        "value": "rock"
    },
    "genre_electronic": {
        "all": {
            "ambient": 0.289733022451,
            "dnb": 0.167130604386,
            "house": 0.178910806775,
            "techno": 0.0287256706506,
            "trance": 0.3354999125
        },
        "probability": 0.3354999125,
        "value": "trance"
    },
    "genre_rosamerica": {
        "all": {
            "cla": 0.00161479902454,
            "dan": 0.130240663886,
            "hip": 0.145477890968,
            "jaz": 0.0029823218938,
            "pop": 0.527204215527,
            "rhy": 0.0267268959433,
            "roc": 0.164941951632,
            "spe": 0.000811236852314
        },
        "probability": 0.527204215527,
        "value": "pop"
    },
    "genre_tzanetakis": {
        "all": {
            "blu": 0.0626613423228,
            "cla": 0.0348169617355,
            "cou": 0.104475811124,
            "dis": 0.0784321576357,
            "hip": 0.15692435205,
            "jaz": 0.313974827528,
            "met": 0.0448166541755,
            "pop": 0.0627359300852,
            "reg": 0.0627360641956,
            "roc": 0.0784258767962
        },
        "probability": 0.313974827528,
        "value": "jaz"
    },
    "ismir04_rhythm": {
        "all": {
            "ChaChaCha": 0.816949129105,
            "Jive": 0.0154333040118,
            "Quickstep": 0.0093104718253,
            "Rumba-American": 0.00786475464702,
            "Rumba-International": 0.029013639316,
            "Rumba-Misc": 0.00165885325987,
            "Samba": 0.111375309527,
            "Tango": 0.0035798472818,
            "VienneseWaltz": 0.00269052549265,
            "Waltz": 0.00212416262366
        },
        "probability": 0.816949129105,
        "value": "ChaChaCha"
    },
    "mood_acoustic": {
        "all": {
            "acoustic": 0.147884681821,
            "not_acoustic": 0.85211533308
        },
        "probability": 0.85211533308,
        "value": "not_acoustic"
    },
    "mood_aggressive": {
        "all": {
            "aggressive": 0.0964864715934,
            "not_aggressive": 0.903513550758
        },
        "probability": 0.903513550758,
        "value": "not_aggressive"
    },
    "mood_electronic": {
        "all": {
            "electronic": 0.173716112971,
            "not_electronic": 0.826283872128
        },
        "probability": 0.826283872128,
        "value": "not_electronic"
    },
    "mood_happy": {
        "all": {
            "happy": 0.672348976135,
            "not_happy": 0.327651053667
        },
        "probability": 0.672348976135,
        "value": "happy"
    },
    "mood_party": {
        "all": {
            "not_party": 0.457695901394,
            "party": 0.542304098606
        },
        "probability": 0.542304098606,
        "value": "party"
    },
    "mood_relaxed": {
        "all": {
            "not_relaxed": 0.860062301159,
            "relaxed": 0.139937698841
        },
        "probability": 0.860062301159,
        "value": "not_relaxed"
    },
    "mood_sad": {
        "all": {
            "not_sad": 0.587101995945,
            "sad": 0.412898033857
        },
        "probability": 0.587101995945,
        "value": "not_sad"
    },
    "moods_mirex": {
        "all": {
            "Cluster1": 0.202608376741,
            "Cluster2": 0.281894952059,
            "Cluster3": 0.12992721796,
            "Cluster4": 0.178208142519,
            "Cluster5": 0.20736131072
        },
        "probability": 0.281894952059,
        "value": "Cluster2"
    },
    "timbre": {
        "all": {
            "bright": 0.987182736397,
            "dark": 0.0128172412515
        },
        "probability": 0.987182736397,
        "value": "bright"
    },
    "tonal_atonal": {
        "all": {
            "atonal": 0.0152534777299,
            "tonal": 0.984746515751
        },
        "probability": 0.984746515751,
        "value": "tonal"
    },
    "voice_instrumental": {
        "all": {
            "instrumental": 0.00829479191452,
            "voice": 0.991705179214
        },
        "probability": 0.991705179214,
        "value": "voice"
    }
},
"lowlevel": {
    "average_loudness": 0.972483575344,
    "barkbands_crest": {
        "dmean": 2.93110227585,
        "dmean2": 4.59060955048,
        "dvar": 8.57924175262,
        "dvar2": 19.8978538513,
        "max": 26.2568073273,
        "mean": 12.8391714096,
        "median": 12.0637798309,
        "min": 2.22410440445,
        "var": 36.0811843872
    },
    "barkbands_flatness_db": {
        "dmean": 0.0237700659782,
        "dmean2": 0.0356440730393,
        "dvar": 0.000670618726872,
        "dvar2": 0.00144441681914,
        "max": 0.394702076912,
        "mean": 0.146586626768,
        "median": 0.133730471134,
        "min": 0.0315177962184,
        "var": 0.00344983977266
    },
    "barkbands_kurtosis": {
        "dmean": 4.01226997375,
        "dmean2": 6.21227073669,
        "dvar": 70.1954727173,
        "dvar2": 145.007064819,
        "max": 170.033966064,
        "mean": 6.75382471085,
        "median": 1.71542072296,
        "min": -1.76834893227,
        "var": 222.833984375
    },
    "barkbands_skewness": {
        "dmean": 0.601519823074,
        "dmean2": 0.926306784153,
        "dvar": 0.528587341309,
        "dvar2": 1.15335762501,
        "max": 12.4609365463,
        "mean": 1.9130011797,
        "median": 1.31484556198,
        "min": -1.18419015408,
        "var": 2.94254469872
    },
    "barkbands_spread": {
        "dmean": 7.04380226135,
        "dmean2": 10.7352285385,
        "dvar": 58.6206703186,
        "dvar2": 129.698348999,
        "max": 87.034072876,
        "mean": 25.5047302246,
        "median": 23.2400245667,
        "min": 0.956959724426,
        "var": 213.503341675
    },
    "dissonance": {
        "dmean": 0.0178832020611,
        "dmean2": 0.0296512804925,
        "dvar": 0.00027766751009,
        "dvar2": 0.000763239397202,
        "max": 0.499814271927,
        "mean": 0.468294233084,
        "median": 0.473215192556,
        "min": 0.341599702835,
        "var": 0.000528921547811
    },
    "dynamic_complexity": 2.05092787743,
    "erbbands_crest": {
        "dmean": 2.99922347069,
        "dmean2": 4.79082012177,
        "dvar": 8.1690826416,
        "dvar2": 19.9086952209,
        "max": 30.3996257782,
        "mean": 9.45711040497,
        "median": 7.73097801208,
        "min": 2.4325966835,
        "var": 31.1281700134
    },
    "erbbands_flatness_db": {
        "dmean": 0.0171163082123,
        "dmean2": 0.0259155668318,
        "dvar": 0.000263419817202,
        "dvar2": 0.000596195925027,
        "max": 0.294219464064,
        "mean": 0.142372876406,
        "median": 0.140703827143,
        "min": 0.0626629069448,
        "var": 0.00133290875237
    },
    "erbbands_kurtosis": {
        "dmean": 1.08770596981,
        "dmean2": 1.71821463108,
        "dvar": 3.42301630974,
        "dvar2": 8.23085784912,
        "max": 30.2805862427,
        "mean": 0.562285482883,
        "median": -0.19000005722,
        "min": -1.64885520935,
        "var": 7.31473398209
    },
    "erbbands_skewness": {
        "dmean": 0.397508561611,
        "dmean2": 0.597740650177,
        "dvar": 0.142915949225,
        "dvar2": 0.323225557804,
        "max": 4.40605354309,
        "mean": 0.267022281885,
        "median": 0.140984594822,
        "min": -1.49880599976,
        "var": 0.747893095016
    },
    "erbbands_spread": {
        "dmean": 8.46885871887,
        "dmean2": 13.0288085938,
        "dvar": 68.0639724731,
        "dvar2": 151.833435059,
        "max": 111.779960632,
        "mean": 42.4328041077,
        "median": 39.8031692505,
        "min": 3.15818834305,
        "var": 312.731414795
    },
    "hfc": {
        "dmean": 9.07571125031,
        "dmean2": 12.7384443283,
        "dvar": 124.556243896,
        "dvar2": 263.586975098,
        "max": 125.593078613,
        "mean": 30.3861408234,
        "median": 25.7400798798,
        "min": 2.16046714783,
        "var": 441.58807373
    },
    "melbands_crest": {
        "dmean": 3.28521966934,
        "dmean2": 5.14773273468,
        "dvar": 10.3892469406,
        "dvar2": 25.3666534424,
        "max": 34.7391815186,
        "mean": 17.5828762054,
        "median": 16.952709198,
        "min": 4.17319822311,
        "var": 51.4303398132
    },
    "melbands_flatness_db": {
        "dmean": 0.0276183430105,
        "dmean2": 0.0416983664036,
        "dvar": 0.00100162264425,
        "dvar2": 0.00217998749577,
        "max": 0.489377617836,
        "mean": 0.189963832498,
        "median": 0.172061040998,
        "min": 0.0409433320165,
        "var": 0.00608238345012
    },
    "melbands_kurtosis": {
        "dmean": 11.1880893707,
        "dmean2": 17.5232639313,
        "dvar": 416.745941162,
        "dvar2": 936.521789551,
        "max": 344.780883789,
        "mean": 24.2194957733,
        "median": 8.33141803741,
        "min": -1.60747945309,
        "var": 1458.06115723
    },
    "melbands_skewness": {
        "dmean": 0.872389853001,
        "dmean2": 1.35222780704,
        "dvar": 1.14699184895,
        "dvar2": 2.61371064186,
        "max": 15.8032941818,
        "mean": 3.42586255074,
        "median": 2.47022867203,
        "min": -1.49301433563,
        "var": 7.21654748917
    },
    "melbands_spread": {
        "dmean": 7.51671743393,
        "dmean2": 11.5430736542,
        "dvar": 60.755821228,
        "dvar2": 137.092498779,
        "max": 120.057807922,
        "mean": 24.2643947601,
        "median": 22.6930065155,
        "min": 0.700215399265,
        "var": 266.680969238
    },
    "pitch_salience": {
        "dmean": 0.0759809911251,
        "dmean2": 0.116885989904,
        "dvar": 0.00779685517773,
        "dvar2": 0.0177820585668,
        "max": 0.825974166393,
        "mean": 0.443642884493,
        "median": 0.45338883996,
        "min": 0.0522079728544,
        "var": 0.0237577911466
    },
    "silence_rate_20dB": {
        "dmean": 0,
        "dmean2": 0,
        "dvar": 0,
        "dvar2": 0,
        "max": 1,
        "mean": 1,
        "median": 1,
        "min": 1,
        "var": 0
    },
    "silence_rate_30dB": {
        "dmean": 0.0325077399611,
        "dmean2": 0.0650658383965,
        "dvar": 0.031450945884,
        "dvar2": 0.073226056993,
        "max": 1,
        "mean": 0.97138440609,
        "median": 1,
        "min": 0,
        "var": 0.0277968402952
    },
    "silence_rate_60dB": {
        "dmean": 0,
        "dmean2": 0,
        "dvar": 0,
        "dvar2": 0,
        "max": 0,
        "mean": 0,
        "median": 0,
        "min": 0,
        "var": 0
    },
    "spectral_centroid": {
        "dmean": 301.447601318,
        "dmean2": 452.001220703,
        "dvar": 80920.1015625,
        "dvar2": 185543.640625,
        "max": 3400.24780273,
        "mean": 1701.46691895,
        "median": 1703.73010254,
        "min": 179.662002563,
        "var": 315965.78125
    },
    "spectral_complexity": {
        "dmean": 4.28869962692,
        "dmean2": 6.40588712692,
        "dvar": 22.6914615631,
        "dvar2": 41.8212203979,
        "max": 59,
        "mean": 22.5676727295,
        "median": 22,
        "min": 3,
        "var": 90.1433410645
    },
    "spectral_decrease": {
        "dmean": 2.72891331754e-09,
        "dmean2": 3.95875021653e-09,
        "dvar": 1.10920337563e-17,
        "dvar2": 2.26518398033e-17,
        "max": -2.00795646776e-09,
        "mean": -9.56133039409e-09,
        "median": -7.54458273633e-09,
        "min": -3.80847389181e-08,
        "var": 4.1957780351e-17
    },
    "spectral_energy": {
        "dmean": 0.010774821043,
        "dmean2": 0.0154638206586,
        "dvar": 0.000158339957125,
        "dvar2": 0.000322347390465,
        "max": 0.145340397954,
        "mean": 0.0388427451253,
        "median": 0.0313761085272,
        "min": 0.00874940026551,
        "var": 0.000617468554992
    },
    "spectral_energyband_high": {
        "dmean": 0.000671447021887,
        "dmean2": 0.000941927544773,
        "dvar": 1.08629581064e-06,
        "dvar2": 2.3610741664e-06,
        "max": 0.0118606705219,
        "mean": 0.00155982060824,
        "median": 0.000968260283116,
        "min": 1.00161469163e-05,
        "var": 3.11602457259e-06
    },
    "spectral_energyband_low": {
        "dmean": 0.00719891302288,
        "dmean2": 0.0114380083978,
        "dvar": 0.000241675428697,
        "dvar2": 0.000573584111407,
        "max": 0.139169469476,
        "mean": 0.0201566256583,
        "median": 0.0110851824284,
        "min": 7.56519693823e-06,
        "var": 0.000663322163746
    },
    "spectral_energyband_middle_high": {
        "dmean": 0.00267966790125,
        "dmean2": 0.0041406461969,
        "dvar": 2.12791364902e-05,
        "dvar2": 4.95894310006e-05,
        "max": 0.0858026519418,
        "mean": 0.00751715153456,
        "median": 0.00526151899248,
        "min": 0.000180464994628,
        "var": 5.95262717979e-05
    },
    "spectral_energyband_middle_low": {
        "dmean": 0.00587846199051,
        "dmean2": 0.0095499465242,
        "dvar": 0.00010782659956,
        "dvar2": 0.000278466555756,
        "max": 0.083071090281,
        "mean": 0.0107611240819,
        "median": 0.0063699092716,
        "min": 0.000327647721861,
        "var": 0.000159288872965
    },
    "spectral_entropy": {
        "dmean": 0.155345082283,
        "dmean2": 0.228918597102,
        "dvar": 0.032009948045,
        "dvar2": 0.0785931348801,
        "max": 8.50706768036,
        "mean": 7.73334646225,
        "median": 7.71093225479,
        "min": 6.01277971268,
        "var": 0.103271357715
    },
    "spectral_flux": {
        "dmean": 0.0301557406783,
        "dmean2": 0.0419461168349,
        "dvar": 0.00130399374757,
        "dvar2": 0.00207173847593,
        "max": 0.367683142424,
        "mean": 0.0959349423647,
        "median": 0.0834320113063,
        "min": 0.0152988797054,
        "var": 0.00340460287407
    },
    "spectral_kurtosis": {
        "dmean": 0.990736544132,
        "dmean2": 1.65096247196,
        "dvar": 0.967048764229,
        "dvar2": 2.58968949318,
        "max": 12.7574462891,
        "mean": 2.98599553108,
        "median": 2.76926374435,
        "min": -0.303029298782,
        "var": 2.24455857277
    },
    "spectral_rms": {
        "dmean": 0.000821467430796,
        "dmean2": 0.00118808844127,
        "dvar": 6.96886900187e-07,
        "dvar2": 1.54354722781e-06,
        "max": 0.0119077917188,
        "mean": 0.00589714897797,
        "median": 0.00553270615637,
        "min": 0.00292164343409,
        "var": 3.11899361805e-06
    },
    "spectral_rolloff": {
        "dmean": 659.515014648,
        "dmean2": 1075.80993652,
        "dvar": 1000019.8125,
        "dvar2": 2229495,
        "max": 11347.9980469,
        "mean": 1578.23632812,
        "median": 1291.9921875,
        "min": 64.599609375,
        "var": 2476047
    },
    "spectral_skewness": {
        "dmean": 0.170023396611,
        "dmean2": 0.273458153009,
        "dvar": 0.0231961496174,
        "dvar2": 0.0580840595067,
        "max": 2.71322274208,
        "mean": 1.29765081406,
        "median": 1.25958776474,
        "min": 0.575275838375,
        "var": 0.0922698006034
    },
    "spectral_spread": {
        "dmean": 580892.3125,
        "dmean2": 842771.3125,
        "dvar": 458201497600,
        "dvar2": 936408842240,
        "max": 13227766,
        "mean": 5062041.5,
        "median": 4698026,
        "min": 2847257.5,
        "var": 1.89304065229e+12
    },
    "spectral_strongpeak": {
        "dmean": 0.585652410984,
        "dmean2": 0.935421049595,
        "dvar": 0.938670992851,
        "dvar2": 2.25225448608,
        "max": 10.7643871307,
        "mean": 1.26029360294,
        "median": 0.548539102077,
        "min": 0,
        "var": 2.39445400238
    },
    "zerocrossingrate": {
        "dmean": 0.0122818611562,
        "dmean2": 0.0138859469444,
        "dvar": 0.000163428558153,
        "dvar2": 0.000194423118955,
        "max": 0.25341796875,
        "mean": 0.0669047310948,
        "median": 0.0615234375,
        "min": 0.00390625,
        "var": 0.00148182571866
    },
    "barkbands": {
        "dmean": [0.0003004836326, 0.00634807022288, 0.00294392020442, 0.00100170634687, 0.00172651477624, 0.000623009807896, 0.000590619863942, 0.00163781584706, 0.00151674938388, 0.00144899799488, 0.000594513665419, 0.000426250888268, 0.000531178666279, 0.000450298917713, 0.000313165772241, 0.000309918978019, 0.000316534074955, 0.000261364795733, 0.000315585813951, 0.000185635435628, 0.000155379049829, 0.000109630607767, 0.000136892223964, 0.000143064375152, 0.000146392383613, 7.5640862633e-05, 4.82288982084e-08],
        "dmean2": [0.000349648762494, 0.0096438601613, 0.00536143267527, 0.00184317340609, 0.00319279008545, 0.00104021525476, 0.000962380552664, 0.00254164636135, 0.00228162156418, 0.00229813414626, 0.000934211420827, 0.000692841305863, 0.000831175944768, 0.000699396303389, 0.000512989237905, 0.000511684978846, 0.000507130636834, 0.000433833920397, 0.000512736558449, 0.000302727596136, 0.000248939468293, 0.00016533798771, 0.000204689669772, 0.000215598585783, 0.000213756822632, 0.000107820233097, 8.38019147409e-08],
        "dvar": [4.36460851461e-07, 0.000187714351341, 0.000104259735963, 1.18313000712e-05, 3.72033355234e-05, 1.99087958208e-06, 1.64208825026e-06, 1.78342434083e-05, 1.95305347006e-05, 1.6090574718e-05, 6.06553885518e-06, 1.22232154354e-06, 1.8339072767e-06, 1.14962733733e-06, 3.28313831233e-07, 2.8046594025e-07, 2.43957941848e-07, 2.06253346846e-07, 2.26057622399e-07, 7.63671650361e-08, 8.29731163776e-08, 2.6240270401e-08, 5.61186048742e-08, 6.39426644966e-08, 7.52221893663e-08, 2.3446769859e-08, 3.45469333208e-14],
        "dvar2": [5.97434620886e-07, 0.000401856872486, 0.000309410592308, 3.41328886861e-05, 0.000107555650175, 5.55236010769e-06, 3.70316388398e-06, 4.29499850725e-05, 3.93034279114e-05, 3.6535471736e-05, 1.34409710881e-05, 3.2143250337e-06, 4.20589913119e-06, 2.66226220447e-06, 7.73184865466e-07, 7.37142556773e-07, 5.92885896822e-07, 5.36644847671e-07, 5.67407312246e-07, 1.90072697137e-07, 2.22637140723e-07, 5.67818503328e-08, 1.17873149463e-07, 1.51730333187e-07, 1.76897700044e-07, 4.8815387288e-08, 9.12685861132e-14],
        "max": [0.00970246829093, 0.134970575571, 0.0838790014386, 0.032518453896, 0.0496610924602, 0.0129883848131, 0.0179993845522, 0.0577867925167, 0.0820509046316, 0.0716047883034, 0.07747951895, 0.0251859594136, 0.0285792481154, 0.0230782143772, 0.00903178099543, 0.00905295833945, 0.00901677180082, 0.00863273814321, 0.00794611219317, 0.0040309377946, 0.00748672848567, 0.00287391617894, 0.00488534057513, 0.00298464787193, 0.00324744544923, 0.00254687853158, 2.93408265861e-06],
        "mean": [0.000616525532678, 0.0139980921522, 0.00483315298334, 0.0011191960657, 0.00163667788729, 0.000886406807695, 0.000802125490736, 0.00270051974803, 0.00274482998066, 0.00226386659779, 0.000872494187206, 0.000620523642283, 0.000758076261263, 0.000703076948412, 0.000492342514917, 0.000493589148391, 0.000530799850821, 0.000421887292759, 0.000591833377257, 0.000351432070602, 0.000315123208566, 0.000228693592362, 0.000265220325673, 0.000252472993452, 0.000223176553845, 0.000120607372082, 3.5849698321e-08],
        "median": [2.88280280074e-05, 0.00273480080068, 0.00262711336836, 0.000541291665286, 0.000635849835817, 0.000350432586856, 0.000207310353289, 0.00063959416002, 0.000391858833609, 0.000640876067337, 0.000284550682409, 0.000261100882199, 0.000337418809067, 0.000264733360382, 0.00027134642005, 0.000261502922513, 0.000364486157196, 0.000245853356319, 0.000376974261599, 0.000234757244471, 0.000221433117986, 0.000150659470819, 0.000141760756378, 0.000108042404463, 8.01964561106e-05, 2.69022912107e-05, 1.05672248729e-09],
        "min": [1.13457456763e-08, 6.28892678378e-07, 3.57201156476e-06, 8.05435433904e-07, 9.64880018728e-06, 2.17038177652e-06, 4.49692635129e-07, 1.1480599369e-06, 8.49887157983e-07, 1.65343260505e-06, 9.70662313193e-07, 2.19132061829e-06, 2.19029539039e-06, 5.01086697113e-06, 4.24159679824e-06, 4.60363298771e-06, 7.0618857535e-06, 4.00235603593e-06, 8.5176752691e-06, 2.43800286626e-06, 2.27697546507e-06, 5.18681588346e-07, 6.49773255645e-07, 1.38756846013e-07, 1.64009070214e-10, 9.660877133e-12, 7.53866847419e-12],
        "var": [1.70928410625e-06, 0.000523833092302, 6.73949762131e-05, 7.00362988937e-06, 2.1081246814e-05, 2.26918882618e-06, 3.08710787067e-06, 3.54060102836e-05, 7.26849903003e-05, 2.8399455914e-05, 1.15092361739e-05, 1.74686147147e-06, 3.53280302079e-06, 2.44033299168e-06, 6.07705374023e-07, 4.33373713804e-07, 4.35631903883e-07, 3.87209695418e-07, 4.97327221183e-07, 1.53729089902e-07, 1.71935496951e-07, 6.83573873062e-08, 1.50141204358e-07, 1.40704372598e-07, 1.37215721452e-07, 6.160820476e-08, 2.59831608676e-14]
    },
    "erbbands": {
        "dmean": [0.233875930309, 1.4697034359, 3.16037607193, 3.41174578667, 4.41797304153, 5.97612476349, 5.9950928688, 4.7481842041, 8.58437538147, 16.7648429871, 35.4533805847, 41.6029624939, 37.5599861145, 34.8764801025, 21.5769844055, 20.0888061523, 25.9936199188, 21.1886348724, 18.0577545166, 14.5287923813, 18.7656726837, 13.6341533661, 11.8402280807, 16.2475624084, 14.8544921875, 8.76551437378, 6.43050813675, 5.38222932816, 4.15480947495, 4.00521326065, 3.81248378754, 3.33950519562, 2.30600118637, 1.74102365971, 1.03793442249, 0.444164127111, 0.132731109858, 0.010686641559, 0.000200801747269, 2.05030264624e-05],
        "dmean2": [0.310072243214, 2.20402765274, 5.49667882919, 6.25033187866, 8.18111038208, 11.1281661987, 10.3337173462, 7.98649692535, 14.1726922989, 26.7856578827, 55.0654716492, 61.1499023438, 58.1441307068, 55.1924743652, 34.3465690613, 32.0556602478, 40.6644210815, 32.8264350891, 29.1011810303, 24.5449047089, 30.644153595, 21.5048084259, 19.1426753998, 26.1741905212, 24.4160861969, 14.2851839066, 10.2458572388, 8.60978317261, 6.18444633484, 6.21741867065, 5.65790271759, 5.10071372986, 3.44204735756, 2.57370185852, 1.61633896828, 0.671631038189, 0.192046478391, 0.0161262974143, 0.000289438001346, 2.79674659396e-05],
        "dvar": [0.220373600721, 11.0788631439, 108.14099884, 133.726669312, 262.677490234, 455.357788086, 277.113830566, 119.352600098, 379.279205322, 2549.96777344, 6857.84228516, 15675.4902344, 11434.3535156, 13560.6318359, 6042.51953125, 2448.39477539, 4581.56933594, 2497.58813477, 911.137878418, 1103.85351562, 847.764526367, 355.388000488, 421.185913086, 681.909606934, 607.217346191, 146.661453247, 97.7262954712, 107.987480164, 40.4858551025, 38.6523551941, 46.0467643738, 32.6801185608, 17.7095565796, 11.7668581009, 3.91637945175, 0.842534601688, 0.0773441940546, 0.00069142843131, 2.05208138482e-07, 6.34807706401e-10],
        "dvar2": [0.395644873381, 24.3677463531, 309.130432129, 389.248443604, 757.12512207, 1321.85205078, 794.313171387, 324.102844238, 949.168579102, 6428.19384766, 14839.0283203, 31227.6210938, 25088.7871094, 31388.9472656, 13777.9970703, 6362.43945312, 10487.7451172, 5741.90576172, 2030.80554199, 2977.85253906, 2106.45043945, 886.88885498, 1069.56848145, 1755.15429688, 1579.95861816, 362.34286499, 250.607650757, 279.430480957, 85.5336074829, 90.6042098999, 87.900428772, 78.8255996704, 41.3305931091, 27.6940784454, 9.39763641357, 1.9038412571, 0.158044323325, 0.00139284075703, 4.05119408242e-07, 1.24984833594e-09],
        "max": [4.77884101868, 31.9039421082, 89.4457321167, 91.2373504639, 128.700637817, 174.745880127, 148.380783081, 120.180923462, 335.0909729, 927.205871582, 1182.79736328, 2205.99023438, 1768.9967041, 2736.54785156, 2420.80493164, 1144.47717285, 1421.53625488, 1224.28430176, 487.805480957, 699.435791016, 381.784606934, 358.093566895, 560.325561523, 400.622711182, 363.782806396, 160.425765991, 240.967941284, 193.623580933, 118.363456726, 66.9410095215, 168.346664429, 77.6437301636, 64.7565078735, 51.1485099792, 21.9540481567, 15.7533464432, 4.21992063522, 0.521222114563, 0.00854996964335, 0.000418357318267],
        "mean": [0.504997849464, 2.75408363342, 5.39821195602, 5.05628108978, 4.0355348587, 5.49418830872, 7.57679510117, 6.40127658844, 11.5747909546, 26.2598361969, 64.1662139893, 77.203704834, 58.3081130981, 54.7181777954, 33.894317627, 31.43009758, 38.6825256348, 34.8773765564, 30.1320571899, 24.2603569031, 32.5342597961, 24.4734172821, 21.4231700897, 29.5745658875, 28.0033893585, 17.5828952789, 13.7334051132, 10.6112222672, 8.61384868622, 7.79507350922, 7.5126786232, 6.03273582458, 3.69728684425, 2.67030882835, 1.49136173725, 0.666745781898, 0.203637048602, 0.0145961642265, 0.000316130928695, 6.44530518912e-05],
        "median": [0.0754126384854, 0.728276193142, 2.98366546631, 3.27156591415, 1.62971186638, 1.76491320133, 3.23365569115, 2.06140804291, 2.95555758476, 8.05017280579, 15.7021884918, 12.9817733765, 14.9084615707, 19.2159347534, 14.8299732208, 14.8687314987, 17.6281280518, 15.5171756744, 17.411819458, 15.0735168457, 19.2307300568, 17.0363101959, 14.3501577377, 18.2319908142, 17.7275123596, 12.4218969345, 10.231546402, 6.93745660782, 5.51567363739, 4.9430346489, 3.73879694939, 2.76249575615, 1.39915072918, 1.01417005062, 0.506734371185, 0.161446988583, 0.0441113375127, 0.00274847866967, 8.48995478009e-05, 5.02588045492e-05],
        "min": [1.42932649396e-05, 0.000127215462271, 0.00320810312405, 0.0239530969411, 0.0391150526702, 0.046509642154, 0.0350914858282, 0.0198823716491, 0.0080602420494, 0.01986204274, 0.114797405899, 0.0556094683707, 0.196440130472, 0.141103118658, 0.116092927754, 0.398033946753, 0.354064285755, 0.395284414291, 0.43411052227, 0.340552449226, 0.523360192776, 0.408777296543, 0.245973348618, 0.4647590518, 0.309120059013, 0.162647396326, 0.118679590523, 0.0509584993124, 0.0146132847294, 0.0317067503929, 0.014327452518, 0.0081625552848, 0.00152813352179, 0.000295936042676, 4.60969931737e-05, 1.4862604985e-05, 6.40385087536e-06, 9.58647433436e-07, 6.27744611847e-06, 1.09214406621e-05],
        "var": [0.847260475159, 21.1330928802, 79.9880447388, 79.400970459, 150.140838623, 256.03302002, 200.835906982, 151.552719116, 600.112976074, 4013.13647461, 16484.3671875, 56368.0078125, 22019.4980469, 20000.5019531, 10397.9863281, 3606.34619141, 8848.58105469, 5450.77050781, 1807.81066895, 1784.39111328, 1617.76904297, 721.152099609, 754.613891602, 1439.52209473, 1277.93908691, 314.947509766, 251.713119507, 209.401290894, 106.356430054, 77.7347869873, 147.320419312, 80.9372787476, 35.4577941895, 19.2262535095, 6.87060260773, 1.78075015545, 0.205014899373, 0.00162630586419, 5.2399911965e-07, 2.34603625415e-09]
    },
    "gfcc": {
        "mean": [34.8554496765, 69.4801101685, -121.76915741, 42.4027290344, -55.5116424561, 29.5350227356, -29.6893100739, 21.8738460541, -23.3552684784, 3.49392390251, -19.4649429321, -4.24763679504, -14.5421571732],
        "cov": [[2336.98803711, -1137.29785156, 132.409881592, -632.85546875, -554.202209473, -35.7595176697, -402.123016357, 163.570114136, -302.354766846, 237.298400879, -225.220687866, 208.093505859, -218.287658691], [-1137.29785156, 941.738464355, -86.5615692139, 389.453308105, 292.341491699, -5.34860610962, 173.651443481, -193.335723877, 129.883071899, -178.621643066, 188.001052856, -108.428733826, 165.726287842], [132.409881592, -86.5615692139, 441.630432129, 116.434028625, 90.1611633301, 105.921546936, 21.2615470886, 39.0474510193, 9.75137996674, 45.707359314, -19.9692440033, 77.2875366211, 30.9321899414], [-632.85546875, 389.453308105, 116.434028625, 747.375488281, 434.849456787, 193.741851807, 188.03817749, -43.6591835022, 225.342315674, -41.7014160156, 188.847305298, -42.9953536987, 174.253616333], [-554.202209473, 292.341491699, 90.1611633301, 434.849456787, 439.05355835, 168.063049316, 173.807159424, -41.920425415, 126.469017029, -12.7680282593, 131.228378296, -2.8809671402, 108.152122498], [-35.7595176697, -5.34860610962, 105.921546936, 193.741851807, 168.063049316, 224.186508179, 103.786956787, 20.8433456421, 46.5884437561, 33.8433074951, 65.3206710815, 11.8385925293, 59.6499252319], [-402.123016357, 173.651443481, 21.2615470886, 188.03817749, 173.807159424, 103.786956787, 219.807342529, 42.9537010193, 105.934875488, -13.0348119736, 67.8050308228, -29.7513694763, 53.8815803528], [163.570114136, -193.335723877, 39.0474510193, -43.6591835022, -41.920425415, 20.8433456421, 42.9537010193, 168.51348877, 63.6909751892, 61.6698265076, -46.549243927, 3.4550807476, -34.6494865417], [-302.354766846, 129.883071899, 9.75137996674, 225.342315674, 126.469017029, 46.5884437561, 105.934875488, 63.6909751892, 210.868560791, 14.9666061401, 55.3940544128, -32.6793861389, 52.2515068054], [237.298400879, -178.621643066, 45.707359314, -41.7014160156, -12.7680282593, 33.8433074951, -13.0348119736, 61.6698265076, 14.9666061401, 128.593902588, 10.4125814438, 41.0204658508, -32.3044776917], [-225.220687866, 188.001052856, -19.9692440033, 188.847305298, 131.228378296, 65.3206710815, 67.8050308228, -46.549243927, 55.3940544128, 10.4125814438, 160.877059937, 6.49769830704, 76.1965255737], [208.093505859, -108.428733826, 77.2875366211, -42.9953536987, -2.8809671402, 11.8385925293, -29.7513694763, 3.4550807476, -32.6793861389, 41.0204658508, 6.49769830704, 110.171005249, 23.2651195526], [-218.287658691, 165.726287842, 30.9321899414, 174.253616333, 108.152122498, 59.6499252319, 53.8815803528, -34.6494865417, 52.2515068054, -32.3044776917, 76.1965255737, 23.2651195526, 145.019622803]],
        "icov": [[0.00179557083175, 0.000903760665096, 5.08848133904e-05, -0.000509969715495, 0.00142163003329, -0.00126647646539, 0.00175280903932, -0.000787490978837, 0.00096544373082, -0.000571593991481, -0.000138606745168, -0.00172000320163, 0.000766746408772], [0.000903760665096, 0.00451393891126, -0.000591945077758, 0.000376148498617, -0.000557616527658, 0.00176030385774, -0.00106193800457, 0.00297975866124, -0.0010939190397, 0.00225510611199, -0.00269313110039, 0.00198984518647, -0.00133319885936], [5.08848133904e-05, -0.000591945077758, 0.00351647380739, -0.00121240515728, 0.000264075089945, -0.00150985049549, 0.000262182671577, -0.000779329275247, 0.000739233219065, -0.00100475328509, 0.00248075416312, -0.00296697067097, 0.000282666122075], [-0.000509969715495, 0.000376148498617, -0.00121240515728, 0.00573176657781, -0.00394351780415, -0.000317136087688, 0.000791140890215, 0.000851305318065, -0.00365529605187, 0.00221518566832, -0.00280397781171, 0.00323440227658, -0.00208034180105], [0.00142163003329, -0.000557616527658, 0.000264075089945, -0.00394351780415, 0.00898295640945, -0.00327504123561, -0.00144667364657, 0.00116920040455, 0.000896824989468, -0.00198269239627, 0.0011937560048, -0.00433530285954, 0.00222743814811], [-0.00126647646539, 0.00176030385774, -0.00150985049549, -0.000317136087688, -0.00327504123561, 0.0111132450402, -0.00481095118448, 0.00124633579981, 0.0012118978193, -0.00138842640445, -0.00183555705007, 0.00421122368425, -0.00371537404135], [0.00175280903932, -0.00106193800457, 0.000262182671577, 0.000791140890215, -0.00144667364657, -0.00481095118448, 0.0131510132924, -0.00681471452117, -0.000348522939021, 0.00201689754613, -0.00214411620982, -0.000978039810434, 0.00124702195171], [-0.000787490978837, 0.00297975866124, -0.000779329275247, 0.000851305318065, 0.00116920040455, 0.00124633579981, -0.00681471452117, 0.0167665034533, -0.006648380775, -0.00306217675097, 0.00328441150486, 0.00193412334193, -0.000616537698079], [0.00096544373082, -0.0010939190397, 0.000739233219065, -0.00365529605187, 0.000896824989468, 0.0012118978193, -0.000348522939021, -0.006648380775, 0.0126645807177, -0.0039672232233, 0.000626390334219, 0.000691842171364, -0.00157548452262], [-0.000571593991481, 0.00225510611199, -0.00100475328509, 0.00221518566832, -0.00198269239627, -0.00138842640445, 0.00201689754613, -0.00306217675097, -0.0039672232233, 0.0179754011333, -0.00754502927884, -0.00277409842238, 0.00452678324655], [-0.000138606745168, -0.00269313110039, 0.00248075416312, -0.00280397781171, 0.0011937560048, -0.00183555705007, -0.00214411620982, 0.00328441150486, 0.000626390334219, -0.00754502927884, 0.0160712711513, -0.0030584980268, -0.00270471698605], [-0.00172000320163, 0.00198984518647, -0.00296697067097, 0.00323440227658, -0.00433530285954, 0.00421122368425, -0.000978039810434, 0.00193412334193, 0.000691842171364, -0.00277409842238, -0.0030584980268, 0.0198959559202, -0.00824212096632], [0.000766746408772, -0.00133319885936, 0.000282666122075, -0.00208034180105, 0.00222743814811, -0.00371537404135, 0.00124702195171, -0.000616537698079, -0.00157548452262, 0.00452678324655, -0.00270471698605, -0.00824212096632, 0.0155885601416]]
    },
    "melbands": {
        "dmean": [0.00186004117131, 0.00154453364667, 0.00059063261142, 0.000387758307625, 0.000220235495362, 0.000113075824629, 0.000126306244056, 0.000233023369219, 0.000302086875308, 0.000236181047512, 0.000186096789548, 0.000149954576045, 8.40855645947e-05, 4.61169802293e-05, 6.30186550552e-05, 4.06825420214e-05, 4.55893714388e-05, 3.20056242344e-05, 1.89334023162e-05, 2.28937406064e-05, 2.44511538767e-05, 1.64758566825e-05, 1.25593351186e-05, 1.36392063723e-05, 1.44974064824e-05, 1.28566762214e-05, 8.56179576658e-06, 5.83864675718e-06, 4.32495016867e-06, 4.35408810517e-06, 3.17944159178e-06, 2.57168881035e-06, 2.21193863581e-06, 2.53028997577e-06, 2.33712489717e-06, 2.34866502069e-06, 2.124874527e-06, 1.72051193204e-06, 1.47260413996e-06, 1.63693778177e-06],
        "dmean2": [0.00274682347663, 0.00250636786222, 0.00107386196032, 0.000722901779227, 0.000389258901123, 0.000189866696019, 0.000205566582736, 0.000367991480744, 0.000465772754978, 0.000351403199602, 0.000289713294478, 0.000237660147832, 0.000132683097036, 7.56047011237e-05, 9.98773321044e-05, 6.456860865e-05, 7.0822025009e-05, 5.18300257681e-05, 3.14743156196e-05, 3.84246195608e-05, 3.98898446292e-05, 2.63176698354e-05, 2.03953059099e-05, 2.2440619432e-05, 2.34859580814e-05, 2.12619288504e-05, 1.40241409099e-05, 9.61761543294e-06, 6.9210309448e-06, 7.12365590516e-06, 5.03570208821e-06, 3.96050518248e-06, 3.48040771314e-06, 3.99743066737e-06, 3.55228257831e-06, 3.59265300176e-06, 3.36228504239e-06, 2.69070801551e-06, 2.25712346946e-06, 2.48664946412e-06],
        "dvar": [1.49732577484e-05, 1.80805873242e-05, 3.99396412831e-06, 1.96888345272e-06, 4.38214698306e-07, 6.55075851341e-08, 7.76713378059e-08, 4.62204781115e-07, 4.19556499764e-07, 4.90996853841e-07, 2.91064054636e-07, 2.58779351725e-07, 1.35162110837e-07, 1.03785149363e-08, 2.31266010786e-08, 8.50969872346e-09, 1.31783561841e-08, 3.22138227205e-09, 1.16166842812e-09, 2.09861172884e-09, 1.39313960368e-09, 6.52364051668e-10, 5.03906361082e-10, 4.62155425041e-10, 5.61074353644e-10, 5.37851485571e-10, 2.15388915037e-10, 6.17775552936e-11, 3.14427824055e-11, 1.2514839165e-10, 3.86777380956e-11, 1.63126422092e-11, 1.15144586574e-11, 1.59721819104e-11, 1.77786986522e-11, 1.59699128921e-11, 1.39075539279e-11, 1.06508335138e-11, 7.64423593869e-12, 1.08896546294e-11],
        "dvar2": [2.99101593555e-05, 4.66675592179e-05, 1.143668851e-05, 5.69378698856e-06, 1.26394115796e-06, 1.79492758434e-07, 1.91023460161e-07, 1.18573268537e-06, 8.86173381787e-07, 9.90281364466e-07, 6.40739472146e-07, 6.01809006184e-07, 3.03109572997e-07, 2.84903229897e-08, 5.42953380034e-08, 1.96090983451e-08, 3.02570697386e-08, 7.27700788516e-09, 2.90962387517e-09, 5.88689452741e-09, 3.40932437837e-09, 1.60961721729e-09, 1.32201249947e-09, 1.19302623336e-09, 1.44436174132e-09, 1.42316136653e-09, 5.18438181274e-10, 1.59391749799e-10, 7.58114404587e-11, 3.28745225486e-10, 9.7358357487e-11, 3.42673320275e-11, 2.76794837051e-11, 3.85944644299e-11, 3.50343851152e-11, 3.63431229555e-11, 3.51175442892e-11, 2.58206026005e-11, 1.81579560415e-11, 2.53799099792e-11],
        "max": [0.0364001467824, 0.0379164516926, 0.0165001824498, 0.0116139538586, 0.0056179119274, 0.00298406067304, 0.00441432418302, 0.0108865574002, 0.00833595637232, 0.0119870007038, 0.00880488846451, 0.012039065361, 0.0116002550349, 0.0015516653657, 0.00277538527735, 0.00178095791489, 0.0028148482088, 0.000788937322795, 0.000608941889368, 0.000809435616247, 0.000475160282804, 0.000515024818014, 0.000567554321606, 0.000326453067828, 0.000336250144755, 0.000456616282463, 0.000223069044296, 0.000113516289275, 0.000108200511022, 0.000360305130016, 0.000113027868792, 8.64203902893e-05, 3.98733100155e-05, 4.27041850344e-05, 0.000102523568785, 7.86283417256e-05, 5.36394873052e-05, 5.05328716827e-05, 4.14386486227e-05, 4.5780750952e-05],
        "mean": [0.00416434369981, 0.00312754767947, 0.000860334432218, 0.000340571539709, 0.000262219633441, 0.000155146670295, 0.000170401821379, 0.000365245447028, 0.000557010120247, 0.000425517238909, 0.000279617728665, 0.000228964956477, 0.000125277321786, 7.04644844518e-05, 9.45650172071e-05, 5.99164341111e-05, 7.0461530413e-05, 5.10385070811e-05, 2.99424737022e-05, 3.50070513377e-05, 3.99161617679e-05, 2.73414952972e-05, 1.94164495042e-05, 2.11487204069e-05, 2.40018489421e-05, 2.21426689677e-05, 1.56984442583e-05, 1.06260795292e-05, 8.52254834172e-06, 7.59940439821e-06, 5.77403898205e-06, 4.98255394632e-06, 4.14155238104e-06, 4.4258381422e-06, 4.3087316044e-06, 4.17617866333e-06, 3.4947909171e-06, 2.61188688455e-06, 2.15761610889e-06, 2.36821483668e-06],
        "median": [0.000784598174505, 0.00178995286115, 0.000539403175935, 0.00011309695401, 0.00011666026694, 5.2484247135e-05, 4.00016033382e-05, 9.30067253648e-05, 0.000128960527945, 6.31662624073e-05, 5.65082336834e-05, 7.43331111153e-05, 4.43250792159e-05, 3.79271077691e-05, 4.20416545239e-05, 2.98582217511e-05, 2.61602126557e-05, 2.67575196631e-05, 1.73572007043e-05, 2.02899991564e-05, 2.30602145166e-05, 1.78679874807e-05, 1.14429249152e-05, 1.26827626445e-05, 1.36382841447e-05, 1.32467403091e-05, 8.84048131411e-06, 7.40628684071e-06, 6.08183245276e-06, 4.72184729006e-06, 3.59678347195e-06, 3.02556099996e-06, 2.64263826466e-06, 2.65177641268e-06, 2.13763473766e-06, 1.90835339708e-06, 1.56135934049e-06, 9.68615609054e-07, 7.28171983155e-07, 8.60235786604e-07],
        "min": [1.98982917254e-07, 1.05111530502e-06, 6.88670343152e-06, 3.51155017597e-06, 8.25037886898e-07, 3.42666282904e-07, 7.18503159192e-08, 1.63429689337e-07, 3.7126565644e-07, 1.67163349829e-07, 3.21829418226e-07, 2.86939524585e-07, 1.26474418494e-07, 4.76009375916e-07, 6.15030444351e-07, 3.37019486096e-07, 4.61553611331e-07, 5.49951494122e-07, 3.10189562924e-07, 5.10712595769e-07, 5.00486635246e-07, 4.58252173985e-07, 2.49247648298e-07, 1.80251362281e-07, 3.85724860053e-07, 2.29857079148e-07, 1.32541302378e-07, 3.33975727074e-08, 4.67409755345e-08, 5.37666018374e-08, 1.71375020841e-08, 1.74796654928e-09, 8.95310048321e-09, 1.78893770908e-08, 5.06434849612e-09, 7.14158954196e-09, 4.3008835382e-10, 5.43402788045e-11, 1.96433945499e-11, 2.35525336213e-12],
