{
"highlevel": {
    "danceability": {
        "all": {
            "danceable": 0.989839315414,
            "not_danceable": 0.0101607125252
        },
        "probability": 0.989839315414,
        "value": "danceable"
    },
    "gender": {
        "all": {
            "female": 0.890009582043,
            "male": 0.109990432858
        },
        "probability": 0.890009582043,
        "value": "female"
    },
    "genre_dortmund": {
        "all": {
            "alternative": 0.12476464361,
            "blues": 0.0350241288543,
            "electronic": 0.240272238851,
            "folkcountry": 0.130704581738,
            "funksoulrnb": 0.0360221378505,
            "jazz": 0.107701964676,
            "pop": 0.147382646799,
            "raphiphop": 0.0694943144917,
            "rock": 0.108633339405
        },
        "probability": 0.240272238851,
        "value": "electronic"
    },
    "genre_electronic": {
        "all": {
            "ambient": 0.615674316883,
            "dnb": 0.126520678401,
            "house": 0.0778547897935,
            "techno": 0.0168904960155,
            "trance": 0.163059726357
        },
        "probability": 0.615674316883,
        "value": "ambient"
    },
    "genre_rosamerica": {
        "all": {
            "cla": 0.00507942494005,
            "dan": 0.519300818443,
            "hip": 0.0202428866178,
            "jaz": 0.00420439196751,
            "pop": 0.328177154064,
            "rhy": 0.0269736740738,
            "roc": 0.0902220830321,
            "spe": 0.00579954544082
        },
        "probability": 0.519300818443,
        "value": "dan"
    },
    "genre_tzanetakis": {
        "all": {
            "blu": 0.0626541376114,
            "cla": 0.0348133966327,
            "cou": 0.0783501937985,
            "dis": 0.104547761381,
            "hip": 0.15693578124,
            "jaz": 0.313987255096,
            "met": 0.044816005975,
            "pop": 0.0627349764109,
            "reg": 0.0627352520823,
            "roc": 0.0784252434969
        },
        "probability": 0.313987255096,
        "value": "jaz"
    },
    "ismir04_rhythm": {
        "all": {
            "ChaChaCha": 0.0602041631937,
            "Jive": 0.0784360989928,
            "Quickstep": 0.0315340384841,
            "Rumba-American": 0.0187840983272,
            "Rumba-International": 0.273373782635,
            "Rumba-Misc": 0.0200788285583,
            "Samba": 0.441202014685,
            "Tango": 0.0210814680904,
            "VienneseWaltz": 0.0423171147704,
            "Waltz": 0.0129883894697
        },
        "probability": 0.441202014685,
        "value": "Samba"
    },
    "mood_acoustic": {
        "all": {
            "acoustic": 0.507664978504,
            "not_acoustic": 0.492334991693
        },
        "probability": 0.507664978504,
        "value": "acoustic"
    },
    "mood_aggressive": {
        "all": {
            "aggressive": 0.0288980547339,
            "not_aggressive": 0.971101939678
        },
        "probability": 0.971101939678,
        "value": "not_aggressive"
    },
    "mood_electronic": {
        "all": {
            "electronic": 0.741464734077,
            "not_electronic": 0.258535295725
        },
        "probability": 0.741464734077,
        "value": "electronic"
    },
    "mood_happy": {
        "all": {
            "happy": 0.680021464825,
            "not_happy": 0.319978564978
        },
        "probability": 0.680021464825,
        "value": "happy"
    },
    "mood_party": {
        "all": {
            "not_party": 0.821362316608,
            "party": 0.178637683392
        },
        "probability": 0.821362316608,
        "value": "not_party"
    },
    "mood_relaxed": {
        "all": {
            "not_relaxed": 0.353564709425,
            "relaxed": 0.646435260773
        },
        "probability": 0.646435260773,
        "value": "relaxed"
    },
    "mood_sad": {
        "all": {
            "not_sad": 0.649192988873,
            "sad": 0.350807011127
        },
        "probability": 0.649192988873,
        "value": "not_sad"
    },
    "moods_mirex": {
        "all": {
            "Cluster1": 0.252702146769,
            "Cluster2": 0.187673047185,
            "Cluster3": 0.288642734289,
            "Cluster4": 0.123024538159,
            "Cluster5": 0.147957533598
        },
        "probability": 0.288642734289,
        "value": "Cluster3"
    },
    "timbre": {
        "all": {
            "bright": 0.996279835701,
            "dark": 0.00372015452012
        },
        "probability": 0.996279835701,
        "value": "bright"
    },
    "tonal_atonal": {
        "all": {
            "atonal": 0.0117544140667,
            "tonal": 0.988245606422
        },
        "probability": 0.988245606422,
        "value": "tonal"
    },
    "voice_instrumental": {
        "all": {
            "instrumental": 0.128760039806,
            "voice": 0.871239960194
        },
        "probability": 0.871239960194,
        "value": "voice"
    }
},
"lowlevel": {
    "average_loudness": 0.981754362583,
    "barkbands_crest": {
        "dmean": 3.06887888908,
        "dmean2": 4.95782518387,
        "dvar": 9.22343826294,
        "dvar2": 18.4104747772,
        "max": 24.3267803192,
        "mean": 11.8976411819,
        "median": 10.9663152695,
        "min": 2.70298290253,
        "var": 22.147403717
    },
    "barkbands_flatness_db": {
        "dmean": 0.0268001705408,
        "dmean2": 0.0433291755617,
        "dvar": 0.000743622891605,
        "dvar2": 0.00169246946461,
        "max": 0.32715266943,
        "mean": 0.165113940835,
        "median": 0.159376189113,
        "min": 0.0565198250115,
        "var": 0.00179795711301
    },
    "barkbands_kurtosis": {
        "dmean": 4.8644990921,
        "dmean2": 7.69143629074,
        "dvar": 85.0305175781,
        "dvar2": 184.357299805,
        "max": 116.148010254,
        "mean": 8.31610584259,
        "median": 4.37541246414,
        "min": -1.17654120922,
        "var": 140.977539062
    },
    "barkbands_skewness": {
        "dmean": 0.619236171246,
        "dmean2": 0.954675495625,
        "dvar": 0.579051315784,
        "dvar2": 1.13173556328,
        "max": 9.08768367767,
        "mean": 2.10890746117,
        "median": 1.74256920815,
        "min": -0.204609110951,
        "var": 1.68813920021
    },
    "barkbands_spread": {
        "dmean": 4.4656867981,
        "dmean2": 7.22328615189,
        "dvar": 27.2218818665,
        "dvar2": 65.7489700317,
        "max": 64.2235641479,
        "mean": 14.2915382385,
        "median": 13.2085161209,
        "min": 1.32303309441,
        "var": 57.3908920288
    },
    "dissonance": {
        "dmean": 0.0234912466258,
        "dmean2": 0.0395596213639,
        "dvar": 0.000363393686712,
        "dvar2": 0.000987217761576,
        "max": 0.499945402145,
        "mean": 0.454720079899,
        "median": 0.457844853401,
        "min": 0.345406740904,
        "var": 0.000667814805638
    },
    "dynamic_complexity": 2.02987360954,
    "erbbands_crest": {
        "dmean": 3.09283256531,
        "dmean2": 4.95703935623,
        "dvar": 6.6925945282,
        "dvar2": 17.0459899902,
        "max": 24.9414424896,
        "mean": 9.85304450989,
        "median": 8.93141555786,
        "min": 2.85147857666,
        "var": 17.6265144348
    },
    "erbbands_flatness_db": {
        "dmean": 0.0182767733932,
        "dmean2": 0.0280167087913,
        "dvar": 0.000249691627687,
        "dvar2": 0.000528275151737,
        "max": 0.256922930479,
        "mean": 0.151737898588,
        "median": 0.15278622508,
        "min": 0.0700960308313,
        "var": 0.000981319812126
    },
    "erbbands_kurtosis": {
        "dmean": 1.18285346031,
        "dmean2": 1.91434538364,
        "dvar": 1.80023360252,
        "dvar2": 4.44987106323,
        "max": 13.6159992218,
        "mean": 1.25630486012,
        "median": 0.769173145294,
        "min": -1.4601238966,
        "var": 3.84817290306
    },
    "erbbands_skewness": {
        "dmean": 0.354549825191,
        "dmean2": 0.561677873135,
        "dvar": 0.0980848222971,
        "dvar2": 0.245806142688,
        "max": 3.19949603081,
        "mean": 0.892659246922,
        "median": 0.846258819103,
        "min": -0.660992085934,
        "var": 0.315958738327
    },
    "erbbands_spread": {
        "dmean": 8.37687110901,
        "dmean2": 13.2880067825,
        "dvar": 70.5590438843,
        "dvar2": 167.899719238,
        "max": 112.362625122,
        "mean": 32.6709289551,
        "median": 30.0648498535,
        "min": 9.41416454315,
        "var": 186.275924683
    },
    "hfc": {
        "dmean": 6.2502784729,
        "dmean2": 10.0364637375,
        "dvar": 50.1502838135,
        "dvar2": 122.238235474,
        "max": 68.6419143677,
        "mean": 21.4837112427,
        "median": 19.3065662384,
        "min": 1.91392219067,
        "var": 148.466674805
    },
    "melbands_crest": {
        "dmean": 3.82492661476,
        "dmean2": 5.9759054184,
        "dvar": 11.5329637527,
        "dvar2": 24.336687088,
        "max": 32.5710105896,
        "mean": 16.6231517792,
        "median": 16.6597232819,
        "min": 4.29299402237,
        "var": 37.5699539185
    },
    "melbands_flatness_db": {
        "dmean": 0.0331190563738,
        "dmean2": 0.0526262521744,
        "dvar": 0.00121209188364,
        "dvar2": 0.00262860907242,
        "max": 0.438095867634,
        "mean": 0.235578775406,
        "median": 0.229370221496,
        "min": 0.0878818035126,
        "var": 0.00367426639423
    },
    "melbands_kurtosis": {
        "dmean": 8.46699142456,
        "dmean2": 12.8558073044,
        "dvar": 199.513290405,
        "dvar2": 415.04119873,
        "max": 205.059036255,
        "mean": 16.032081604,
        "median": 8.46568775177,
        "min": -0.0102546215057,
        "var": 436.199432373
    },
    "melbands_skewness": {
        "dmean": 0.780387818813,
        "dmean2": 1.17192685604,
        "dvar": 0.74632781744,
        "dvar2": 1.43383443356,
        "max": 10.7009687424,
        "mean": 2.68908238411,
        "median": 2.23417329788,
        "min": -0.150903970003,
        "var": 2.6884624958
    },
    "melbands_spread": {
        "dmean": 4.19024848938,
        "dmean2": 6.58454561234,
        "dvar": 19.834854126,
        "dvar2": 47.3607063293,
        "max": 46.2691459656,
        "mean": 13.9885864258,
        "median": 13.2866020203,
        "min": 0.94342815876,
        "var": 59.8381118774
    },
    "pitch_salience": {
        "dmean": 0.0797084793448,
        "dmean2": 0.126090720296,
        "dvar": 0.00626219483092,
        "dvar2": 0.0122398361564,
        "max": 0.79377168417,
        "mean": 0.51535564661,
        "median": 0.526332139969,
        "min": 0.13715274632,
        "var": 0.017009710893
    },
    "silence_rate_20dB": {
        "dmean": 0,
        "dmean2": 0,
        "dvar": 0,
        "dvar2": 0,
        "max": 1,
        "mean": 1,
        "median": 1,
        "min": 1,
        "var": 0
    },
    "silence_rate_30dB": {
        "dmean": 0.110681116581,
        "dmean2": 0.221533700824,
        "dvar": 0.0984315872192,
        "dvar2": 0.194143146276,
        "max": 1,
        "mean": 0.846867740154,
        "median": 1,
        "min": 0,
        "var": 0.129684239626
    },
    "silence_rate_60dB": {
        "dmean": 0,
        "dmean2": 0,
        "dvar": 0,
        "dvar2": 0,
        "max": 0,
        "mean": 0,
        "median": 0,
        "min": 0,
        "var": 0
    },
    "spectral_centroid": {
        "dmean": 208.648406982,
        "dmean2": 344.553894043,
        "dvar": 51772.265625,
        "dvar2": 141422.15625,
        "max": 2364.84008789,
        "mean": 936.283752441,
        "median": 908.671691895,
        "min": 302.637481689,
        "var": 126988.414062
    },
    "spectral_complexity": {
        "dmean": 3.85835909843,
        "dmean2": 6.48489522934,
        "dvar": 20.6028270721,
        "dvar2": 53.3047828674,
        "max": 42,
        "mean": 19.3341064453,
        "median": 18,
        "min": 5,
        "var": 40.3818740845
    },
    "spectral_decrease": {
        "dmean": 5.87293724763e-09,
        "dmean2": 8.87374440595e-09,
        "dvar": 1.01486570978e-16,
        "dvar2": 1.93732713952e-16,
        "max": -8.40750968845e-10,
        "mean": -1.59778306141e-08,
        "median": -1.17455343229e-08,
        "min": -8.31391417933e-08,
        "var": 2.15864229025e-16
    },
    "spectral_energy": {
        "dmean": 0.022496027872,
        "dmean2": 0.0339646451175,
        "dvar": 0.00145957735367,
        "dvar2": 0.00278331083246,
        "max": 0.316353261471,
        "mean": 0.062252625823,
        "median": 0.0465149693191,
        "min": 0.0033994121477,
        "var": 0.00314530311152
    },
    "spectral_energyband_high": {
        "dmean": 0.000307703448925,
        "dmean2": 0.000529286218807,
        "dvar": 2.37482524312e-07,
        "dvar2": 6.29901421689e-07,
        "max": 0.00529750809073,
        "mean": 0.000458737456938,
        "median": 0.000317394733429,
        "min": 1.26906861624e-05,
        "var": 2.42273841877e-07
    },
    "spectral_energyband_low": {
        "dmean": 0.019244261086,
        "dmean2": 0.0294717568904,
        "dvar": 0.00152258970775,
        "dvar2": 0.00291269179434,
        "max": 0.301632791758,
        "mean": 0.0373703502119,
        "median": 0.0207674726844,
        "min": 0.000173340653419,
        "var": 0.00272909970954
    },
    "spectral_energyband_middle_high": {
        "dmean": 0.00201003416441,
        "dmean2": 0.00315534439869,
        "dvar": 7.14812631486e-06,
        "dvar2": 1.66323534359e-05,
        "max": 0.0457742847502,
        "mean": 0.00560256931931,
        "median": 0.00358053203672,
        "min": 0.000340588507243,
        "var": 2.96515881928e-05
    },
    "spectral_energyband_middle_low": {
        "dmean": 0.00650427071378,
        "dmean2": 0.010113758035,
        "dvar": 4.68573271064e-05,
        "dvar2": 0.000120662916743,
        "max": 0.081324853003,
        "mean": 0.0197788868099,
        "median": 0.0169047098607,
        "min": 0.00160371884704,
        "var": 0.000149967469042
    },
    "spectral_entropy": {
        "dmean": 0.216888710856,
        "dmean2": 0.346721619368,
        "dvar": 0.0422924570739,
        "dvar2": 0.104575783014,
        "max": 8.38659000397,
        "mean": 7.41400194168,
        "median": 7.39939832687,
        "min": 6.48722839355,
        "var": 0.0819600746036
    },
    "spectral_flux": {
        "dmean": 0.0454681701958,
        "dmean2": 0.0747476294637,
        "dvar": 0.00389116024598,
        "dvar2": 0.00947137363255,
        "max": 0.426124423742,
        "mean": 0.115979231894,
        "median": 0.0923353731632,
        "min": 0.0315930508077,
        "var": 0.00585280032828
    },
    "spectral_kurtosis": {
        "dmean": 1.70530998707,
        "dmean2": 2.76798820496,
        "dvar": 2.41860318184,
        "dvar2": 6.44757556915,
        "max": 15.6885051727,
        "mean": 5.52939224243,
        "median": 5.53347110748,
        "min": 0.317740678787,
        "var": 4.25615262985
    },
    "spectral_rms": {
        "dmean": 0.00124224170577,
        "dmean2": 0.00185661460273,
        "dvar": 2.96175835501e-06,
        "dvar2": 5.13901250088e-06,
        "max": 0.0175680778921,
        "mean": 0.00711433822289,
        "median": 0.00673650205135,
        "min": 0.00182112597395,
        "var": 1.01203895611e-05
    },
    "spectral_rolloff": {
        "dmean": 235.297836304,
        "dmean2": 402.608123779,
        "dvar": 203362.734375,
        "dvar2": 520890.25,
        "max": 7256.68945312,
        "mean": 723.518920898,
        "median": 667.529296875,
        "min": 64.599609375,
        "var": 285913.125
    },
    "spectral_skewness": {
        "dmean": 0.287855416536,
        "dmean2": 0.467217028141,
        "dvar": 0.0759741514921,
        "dvar2": 0.199592813849,
        "max": 3.01498913765,
        "mean": 1.89464724064,
        "median": 1.92650198936,
        "min": 0.637199938297,
        "var": 0.123738817871
    },
    "spectral_spread": {
        "dmean": 560347.125,
        "dmean2": 861286,
        "dvar": 362786750464,
        "dvar2": 743081377792,
        "max": 12490865,
        "mean": 4521734.5,
        "median": 4323667.5,
        "min": 2439268,
        "var": 1.1046331351e+12
    },
    "spectral_strongpeak": {
        "dmean": 0.398732602596,
        "dmean2": 0.660525560379,
        "dvar": 0.267494350672,
        "dvar2": 0.613800883293,
        "max": 4.62120103836,
        "mean": 0.858580172062,
        "median": 0.617132663727,
        "min": 0,
        "var": 0.59375166893
    },
    "zerocrossingrate": {
        "dmean": 0.00791491847485,
        "dmean2": 0.00981781911105,
        "dvar": 5.80424457439e-05,
        "dvar2": 8.05949312053e-05,
        "max": 0.15966796875,
        "mean": 0.0393702723086,
        "median": 0.0380859375,
        "min": 0.00244140625,
        "var": 0.000333958887495
    },
    "barkbands": {
        "dmean": [0.0013824935304, 0.0169452168047, 0.00432322733104, 0.00135624152608, 0.00344668305479, 0.00102524121758, 0.00162915571127, 0.00206753681414, 0.00110748654697, 0.00138204405084, 0.000563935085665, 0.000321394763887, 0.00018359090609, 0.000195264699869, 0.000248761818511, 0.000208363810088, 0.00015427719336, 0.000130181404529, 0.000153812128701, 0.000117750627396, 6.01833235123e-05, 6.76978452248e-05, 6.14314049017e-05, 3.48024223058e-05, 4.28229905083e-05, 3.19782011502e-05, 1.28890311757e-08],
        "dmean2": [0.00229180324823, 0.0260891821235, 0.00755200441927, 0.00206350558437, 0.00558201083913, 0.00159324356355, 0.00252602645196, 0.00319795589894, 0.0016729508061, 0.00213590054773, 0.000887453497853, 0.000492327613756, 0.000296460726531, 0.000321257160977, 0.000414559617639, 0.000340957340086, 0.000254443875747, 0.000229959448916, 0.000263754976913, 0.000205807751627, 0.000107650041173, 0.000121510078316, 0.00010828354425, 6.03383232374e-05, 6.786826998e-05, 5.0999733503e-05, 1.95203071485e-08],
        "dvar": [6.13063320998e-06, 0.00130751612596, 0.000103654012491, 4.41793508799e-06, 2.52935715253e-05, 2.91214178105e-06, 4.75167007608e-06, 9.39475557971e-06, 3.08780749947e-06, 4.92883191328e-06, 2.17384558709e-06, 2.11142506146e-07, 9.26268342027e-08, 8.54506652104e-08, 1.62106161383e-07, 1.36298467623e-07, 6.52142873037e-08, 6.5504373481e-08, 5.01180252854e-08, 3.58811220735e-08, 1.30593038605e-08, 1.55746864294e-08, 1.14300142684e-08, 3.29275873234e-09, 5.81080650264e-09, 4.4660799503e-09, 2.19998732366e-14],
        "dvar2": [1.54088502313e-05, 0.00246242410503, 0.000279843894532, 9.69446318777e-06, 7.2536386142e-05, 7.09679216016e-06, 1.12542211355e-05, 2.15801101149e-05, 6.04254319114e-06, 1.15054754133e-05, 5.0236262723e-06, 4.66581013825e-07, 2.12248266962e-07, 2.23376858344e-07, 3.92713417341e-07, 3.41332764719e-07, 1.61776881669e-07, 1.8439631333e-07, 1.33149882231e-07, 9.67341406977e-08, 3.68543062734e-08, 4.26145483345e-08, 2.97278486272e-08, 8.29639468236e-09, 1.10977511625e-08, 9.88506343447e-09, 2.31362373921e-14],
        "max": [0.0265704579651, 0.277026236057, 0.0864757299423, 0.0421275347471, 0.0704237520695, 0.026596467942, 0.034159000963, 0.0407893285155, 0.0283308867365, 0.0311875175685, 0.036002419889, 0.0102302860469, 0.00498247379437, 0.00468623265624, 0.00461329054087, 0.00508119538426, 0.00347982509993, 0.00286284997128, 0.00292691634968, 0.00190747471061, 0.00119538116269, 0.00100779673085, 0.00174492516089, 0.000862427928951, 0.00193027697969, 0.000945106730796, 5.24873530594e-06],
        "mean": [0.00225504115224, 0.0294888373464, 0.00513866124675, 0.00215957220644, 0.00642731739208, 0.00185286346823, 0.00288686179556, 0.00348547124304, 0.0019931870047, 0.00248679006472, 0.000896888668649, 0.000578165869229, 0.000279268657323, 0.000303036707919, 0.00041086532292, 0.000315381825203, 0.000248253840255, 0.000176964196726, 0.000304057059111, 0.000199521571631, 6.8383240432e-05, 5.52026431251e-05, 7.02576653566e-05, 4.3899181037e-05, 8.13046717667e-05, 4.65815501229e-05, 1.08032462975e-08],
        "median": [0.00062869588146, 0.0139217162505, 0.000952889502514, 0.00094040192198, 0.00418363092467, 0.000825323571917, 0.001869633561, 0.00174840795808, 0.000950121320784, 0.00103536550887, 0.000405032711569, 0.0002857716172, 0.000163786884514, 0.000183991389349, 0.000175359033165, 0.000104563419882, 0.00011996752437, 0.000102306505141, 0.000160377487191, 0.000110437926196, 3.57984827133e-05, 1.70874664036e-05, 4.11304354202e-05, 2.53338475886e-05, 4.99501838931e-05, 1.69324357557e-05, 7.54161844085e-10],
        "min": [1.26662155253e-06, 3.59732657671e-05, 5.39017628398e-06, 7.56383224143e-06, 7.66038137954e-05, 5.40498513146e-06, 2.72310462606e-05, 2.8867929359e-05, 3.34192118316e-05, 2.70358632406e-05, 2.81350003206e-05, 7.4391009548e-06, 7.49211540096e-06, 1.13861833597e-05, 1.2579435861e-05, 5.18954766449e-06, 6.68199163556e-06, 1.00575889519e-05, 9.89580985333e-06, 5.89329738432e-06, 1.39410815336e-06, 1.05623666968e-06, 1.11345207188e-06, 7.46104866778e-09, 1.75393246593e-08, 2.81023190829e-11, 1.1476266118e-11],
        "var": [1.09112215796e-05, 0.00212086760439, 0.000120701522974, 1.1665690181e-05, 5.09326200699e-05, 7.93430263002e-06, 1.07969954115e-05, 2.04421939998e-05, 1.03978527477e-05, 1.35064492497e-05, 4.58235535916e-06, 6.60400644392e-07, 1.43219551774e-07, 1.40464038623e-07, 3.63047092833e-07, 2.72010652225e-07, 1.21248262985e-07, 5.21443475066e-08, 1.20596993725e-07, 5.80154306817e-08, 9.47414502406e-09, 1.07973070484e-08, 9.7838448454e-09, 3.76914233158e-09, 1.37271900513e-08, 9.34904598182e-09, 2.18113694423e-14]
    },
    "erbbands": {
        "dmean": [0.624310970306, 3.92482662201, 5.95966863632, 3.95763111115, 6.13958120346, 15.4942264557, 11.2077713013, 7.99161100388, 17.446264267, 41.5957260132, 30.2015533447, 25.8766269684, 37.4910621643, 36.0030250549, 22.7381744385, 11.7314157486, 8.76055812836, 9.27446365356, 10.7425699234, 13.1144380569, 9.07073402405, 7.94023990631, 7.32792329788, 6.24482584, 7.87063741684, 5.47302865982, 2.97265744209, 2.23859763145, 2.14304637909, 2.75187706947, 1.49899375439, 0.971326112747, 0.469109982252, 0.481461942196, 0.35821813345, 0.215883761644, 0.0409233979881, 0.00230265292339, 5.27511874679e-05, 2.57271894952e-05],
        "dmean2": [0.921148240566, 6.42101049423, 10.3220272064, 6.51555538177, 9.60344028473, 25.3835411072, 17.660949707, 12.8528366089, 27.0183963776, 65.2057113647, 46.3685302734, 39.2149124146, 57.8004798889, 54.286491394, 36.2176322937, 17.8866863251, 14.165520668, 15.4611234665, 17.8618850708, 21.6371192932, 15.1997270584, 13.2946891785, 13.0260324478, 10.5858869553, 13.4818229675, 9.64192485809, 5.21258926392, 4.08540010452, 3.80969595909, 4.98753356934, 2.60145115852, 1.70661258698, 0.795486390591, 0.786435842514, 0.564907193184, 0.355444818735, 0.0594558082521, 0.00349433906376, 7.83678187872e-05, 3.86878855352e-05],
        "dvar": [1.77052164078, 79.0573654175, 192.987411499, 58.9178123474, 91.9644775391, 579.865356445, 297.955200195, 225.048446655, 806.996032715, 3517.0378418, 2933.13671875, 1901.48803711, 4853.56982422, 4945.50537109, 3819.76049805, 287.733551025, 215.406692505, 158.766983032, 314.798400879, 588.82434082, 224.126602173, 173.758407593, 216.735397339, 89.9923477173, 146.330490112, 75.9607391357, 27.9798965454, 23.8046398163, 14.2294692993, 25.8731498718, 7.06541919708, 2.09477519989, 1.13567817211, 0.703832030296, 0.571690678596, 0.199183881283, 0.00993316806853, 2.88626524707e-05, 1.13989138129e-08, 1.65357361137e-09],
        "dvar2": [3.10059404373, 189.849197388, 515.920837402, 158.91166687, 256.979919434, 1695.32958984, 709.347717285, 576.315185547, 1920.32165527, 8201.10351562, 6345.08789062, 3545.74584961, 11071.5078125, 11082.0566406, 9538.90527344, 638.041870117, 499.402832031, 413.191375732, 806.311462402, 1442.60314941, 583.246826172, 424.691040039, 607.946044922, 242.540527344, 396.732727051, 203.930435181, 78.6331100464, 67.1796188354, 38.6003227234, 70.4724578857, 17.9233036041, 5.38268041611, 2.95266532898, 1.6556507349, 1.18333017826, 0.496687173843, 0.0182943120599, 6.38663914287e-05, 2.23599059268e-08, 3.08950376393e-09],
        "max": [9.0064496994, 68.5224533081, 106.219352722, 93.6435241699, 130.927581787, 343.650848389, 270.91192627, 212.909576416, 503.961395264, 837.545776367, 697.76965332, 756.133850098, 1191.10339355, 1084.89880371, 1163.61425781, 266.87109375, 247.096878052, 170.944625854, 292.954620361, 276.673980713, 185.241043091, 186.988067627, 159.73500061, 181.838317871, 123.93321991, 81.1929779053, 66.1507797241, 49.1690063477, 30.8009929657, 46.6651687622, 54.3042755127, 19.1156673431, 24.62541008, 13.1852283478, 22.4251403809, 5.03341436386, 1.76057207584, 0.0814425423741, 0.0015893302625, 0.000358682242222],
        "mean": [1.02233636379, 5.73675060272, 7.79271888733, 5.84805107117, 11.3112287521, 26.3477497101, 22.3616123199, 14.2684526443, 31.6239147186, 74.0626831055, 54.4988288879, 49.5718917847, 64.697227478, 65.8662490845, 41.3229255676, 22.4592037201, 14.5038261414, 15.4879188538, 18.1242046356, 23.138092041, 15.3920612335, 13.5427045822, 10.4976797104, 11.9660615921, 15.1583604813, 9.65452289581, 4.45965862274, 1.93959677219, 1.83020460606, 2.28718352318, 1.92870485783, 1.16821944714, 0.645085394382, 0.840740323067, 0.601135671139, 0.298434972763, 0.0667777508497, 0.00351708661765, 0.000110673652671, 7.52969572204e-05],
        "median": [0.30691576004, 1.90728843212, 1.40417420864, 2.50007104874, 6.94810342789, 16.0658226013, 12.15122509, 7.09637451172, 15.4535608292, 45.3134613037, 26.8724536896, 25.1678256989, 33.0107460022, 24.3064727783, 22.6991596222, 12.0748710632, 9.35933113098, 9.94371700287, 9.07310962677, 7.58094072342, 5.83697128296, 6.75523662567, 6.18459558487, 6.86812067032, 7.04288434982, 5.34464597702, 2.50219583511, 0.765917420387, 0.611683189869, 0.805797457695, 1.20606982708, 0.684369981289, 0.380565196276, 0.547883868217, 0.322847723961, 0.116878397763, 0.0205505397171, 0.000920696533285, 6.20929713477e-05, 5.86503811064e-05],
        "min": [0.00210109655745, 0.00671765813604, 0.0124031854793, 0.0493528321385, 0.0842216685414, 0.254443019629, 0.406709641218, 0.281608968973, 0.36907684803, 1.37368929386, 0.659467875957, 1.27403056622, 1.1246458292, 0.829720258713, 1.27713358402, 0.552926540375, 0.415543884039, 0.636539101601, 0.845620632172, 0.659565985203, 0.542142987251, 0.487859755754, 0.533925592899, 0.524626135826, 0.596324443817, 0.339139461517, 0.167293131351, 0.0611883364618, 0.0538001805544, 0.0171107202768, 0.0376169793308, 0.00493718031794, 0.000763060117606, 0.00115336000454, 0.000250236917054, 5.93193944951e-05, 1.39771973409e-05, 2.19467119678e-06, 3.2860355077e-06, 5.63642424822e-06],
        "var": [2.80066657066, 101.166229248, 232.494293213, 75.0279769897, 201.19203186, 1060.07641602, 936.618225098, 446.25189209, 1752.73718262, 7437.68603516, 6102.29541016, 6414.26855469, 11374.8457031, 13581.6689453, 6602.92871094, 865.302307129, 332.091705322, 275.832885742, 559.43359375, 1514.37023926, 439.874237061, 353.998565674, 174.046585083, 165.557540894, 349.304168701, 124.993110657, 28.5029697418, 14.7087259293, 10.2436819077, 18.502166748, 6.59375905991, 1.94017386436, 1.44483363628, 1.29112374783, 1.08209896088, 0.306721836329, 0.0278523210436, 7.30429019313e-05, 3.33786935869e-08, 4.04856637104e-09]
    },
    "gfcc": {
        "mean": [27.9510822296, 110.352355957, -104.347267151, 24.3924732208, -60.5457878113, 17.8361301422, -36.7355957031, 26.2189998627, -26.3184661865, 5.78888559341, -12.2160243988, -1.37168574333, -7.0812330246],
        "cov": [[1388.12011719, -169.749603271, 174.99407959, 105.382583618, 198.277175903, 44.1961402893, 113.546524048, 159.796066284, 31.042963028, 131.611923218, -90.2942657471, 80.959815979, -5.0087518692], [-169.749603271, 494.168304443, 29.9189853668, 72.4638366699, 116.119606018, 11.499587059, 42.5953903198, -64.200920105, 57.2421150208, -55.7716293335, 122.387107849, -71.5294189453, 88.4463882446], [174.99407959, 29.9189853668, 520.882568359, 88.7990341187, 162.437530518, 30.4458694458, 26.9234390259, 27.6903152466, 43.4985733032, 78.661605835, -40.4090843201, 78.5182800293, -65.8902816772], [105.382583618, 72.4638366699, 88.7990341187, 252.576004028, 78.6413269043, 27.8438434601, 1.10162973404, -26.1677570343, 76.3173370361, -29.1675662994, -0.156360581517, -7.96300649643, 25.107011795], [198.277175903, 116.119606018, 162.437530518, 78.6413269043, 262.946838379, 37.2617340088, 54.0956001282, 52.6050643921, 28.1243343353, 37.0928688049, -9.96608638763, 36.5514984131, 22.8908100128], [44.1961402893, 11.499587059, 30.4458694458, 27.8438434601, 37.2617340088, 99.3091049194, 36.8067016602, -3.75012540817, 15.4166593552, -3.35436558723, 4.82171583176, 4.95362091064, 6.69019079208], [113.546524048, 42.5953903198, 26.9234390259, 1.10162973404, 54.0956001282, 36.8067016602, 127.197814941, 20.8406944275, 20.4970588684, 35.4327468872, 2.21500992775, 4.46785116196, -0.701745450497], [159.796066284, -64.200920105, 27.6903152466, -26.1677570343, 52.6050643921, -3.75012540817, 20.8406944275, 162.899612427, 15.7588357925, 39.9786453247, -5.53915119171, 18.3722248077, 13.9330205917], [31.042963028, 57.2421150208, 43.4985733032, 76.3173370361, 28.1243343353, 15.4166593552, 20.4970588684, 15.7588357925, 96.8518829346, 19.2350826263, 17.9528102875, 4.18138647079, 14.840089798], [131.611923218, -55.7716293335, 78.661605835, -29.1675662994, 37.0928688049, -3.35436558723, 35.4327468872, 39.9786453247, 19.2350826263, 100.416679382, -1.55094540119, 31.442243576, -21.7726974487], [-90.2942657471, 122.387107849, -40.4090843201, -0.156360581517, -9.96608638763, 4.82171583176, 2.21500992775, -5.53915119171, 17.9528102875, -1.55094540119, 103.516342163, -13.3735713959, 42.7878227234], [80.959815979, -71.5294189453, 78.5182800293, -7.96300649643, 36.5514984131, 4.95362091064, 4.46785116196, 18.3722248077, 4.18138647079, 31.442243576, -13.3735713959, 90.6005554199, -8.98962402344], [-5.0087518692, 88.4463882446, -65.8902816772, 25.107011795, 22.8908100128, 6.69019079208, -0.701745450497, 13.9330205917, 14.840089798, -21.7726974487, 42.7878227234, -8.98962402344, 96.0894775391]],
        "icov": [[0.00113161874469, 5.44299109606e-05, 0.000119533084217, -0.000889468763489, -0.000161962088896, -0.000231364916544, -0.000531975238118, -0.000775488268118, 0.000750621198677, -0.00135316012893, 0.00088699470507, -0.000358801684342, -0.000364561798051], [5.44299109606e-05, 0.0091195832938, -0.00236765691079, 0.00311353616416, -0.00578322121873, 0.00373809435405, -0.00329903513193, 0.00477443030104, -0.0053955540061, 0.00727355107665, -0.00870798155665, 0.0068999263458, -0.00342288636602], [0.000119533084217, -0.00236765691079, 0.00405591260642, -0.00192926928867, -0.000162198935868, -0.00147892825771, 0.00145681970753, -0.0012874485692, 0.00113640737254, -0.00354274711572, 0.00229965033941, -0.00346301356331, 0.00348355108872], [-0.000889468763489, 0.00311353616416, -0.00192926928867, 0.00923513341695, -0.00374434445985, 0.0011976059759, 2.82748933387e-05, 0.00394157599658, -0.00846659764647, 0.00686887931079, -0.00247486424632, 0.00381555780768, -0.00208793557249], [-0.000161962088896, -0.00578322121873, -0.000162198935868, -0.00374434445985, 0.0102393385023, -0.0032273454126, 0.000270794698736, -0.00436941348016, 0.00497695989907, -0.00560391275212, 0.00619204109535, -0.00512907328084, -0.000672638649121], [-0.000231364916544, 0.00373809435405, -0.00147892825771, 0.0011976059759, -0.0032273454126, 0.0139113264158, -0.00492906011641, 0.00278037204407, -0.003303530626, 0.0057558324188, -0.00436225999147, 0.00213154335506, -0.0014624686446], [-0.000531975238118, -0.00329903513193, 0.00145681970753, 2.82748933387e-05, 0.000270794698736, -0.00492906011641, 0.0121884075925, -0.00138662243262, 0.000105506085674, -0.00552281318232, 0.00290200975724, -0.00101885281038, 0.0019139678916], [-0.000775488268118, 0.00477443030104, -0.0012874485692, 0.00394157599658, -0.00436941348016, 0.00278037204407, -0.00138662243262, 0.0108917383477, -0.00517496513203, 0.00263793021441, -0.00382627476938, 0.00379302492365, -0.00363430962898], [0.000750621198677, -0.0053955540061, 0.00113640737254, -0.00846659764647, 0.00497695989907, -0.003303530626, 0.000105506085674, -0.00517496513203, 0.0207609403878, -0.00965618155897, 0.00327642913908, -0.00451475707814, 0.000516862841323], [-0.00135316012893, 0.00727355107665, -0.00354274711572, 0.00686887931079, -0.00560391275212, 0.0057558324188, -0.00552281318232, 0.00263793021441, -0.00965618155897, 0.0247892998159, -0.00981146283448, 0.00282903504558, 0.00126367132179], [0.00088699470507, -0.00870798155665, 0.00229965033941, -0.00247486424632, 0.00619204109535, -0.00436225999147, 0.00290200975724, -0.00382627476938, 0.00327642913908, -0.00981146283448, 0.0221611000597, -0.00531774200499, -0.00340504874475], [-0.000358801684342, 0.0068999263458, -0.00346301356331, 0.00381555780768, -0.00512907328084, 0.00213154335506, -0.00101885281038, 0.00379302492365, -0.00451475707814, 0.00282903504558, -0.00531774200499, 0.0194504801184, -0.00369946565479], [-0.000364561798051, -0.00342288636602, 0.00348355108872, -0.00208793557249, -0.000672638649121, -0.0014624686446, 0.0019139678916, -0.00363430962898, 0.000516862841323, 0.00126367132179, -0.00340504874475, -0.00369946565479, 0.018652535975]]
    },
    "melbands": {
        "dmean": [0.00480777677149, 0.00376447034068, 0.000732524727937, 0.000740622752346, 0.000486515578814, 0.000180400558747, 0.000286132039037, 0.000469348800834, 0.000232969483477, 0.000161712887348, 0.000190110629774, 0.000151652871864, 7.9058452684e-05, 4.34297326137e-05, 2.37463100348e-05, 1.53657401825e-05, 1.95435695787e-05, 1.71663850779e-05, 1.73499320226e-05, 1.7517582819e-05, 1.05614217318e-05, 9.75166585704e-06, 6.40678990749e-06, 6.77743128108e-06, 5.07738559463e-06, 7.04119929651e-06, 4.86211820316e-06, 3.71483861272e-06, 2.13576345232e-06, 1.51452366026e-06, 1.26265285871e-06, 1.20542836157e-06, 1.40095903589e-06, 1.5243249436e-06, 8.20628713427e-07, 8.11201232409e-07, 5.48043487925e-07, 3.459156801e-07, 3.4820098449e-07, 4.67401804372e-07],
        "dmean2": [0.00727627333254, 0.00635763676837, 0.00117461173795, 0.00120384444017, 0.000774628773797, 0.000285839720163, 0.000441457988927, 0.000738289614674, 0.000354312505806, 0.000243283138843, 0.000293387216516, 0.000230628953432, 0.000123660254758, 6.73449903843e-05, 3.79278862965e-05, 2.50013035838e-05, 3.2565309084e-05, 2.87159564323e-05, 2.93770444841e-05, 2.89298659482e-05, 1.77494603122e-05, 1.62171381817e-05, 1.09492220872e-05, 1.21077055155e-05, 8.53497749631e-06, 1.20483055071e-05, 8.42396093503e-06, 6.51839900456e-06, 3.74682099391e-06, 2.71370595328e-06, 2.32470370065e-06, 2.15015529648e-06, 2.50716561823e-06, 2.76154128187e-06, 1.42018609495e-06, 1.40479642141e-06, 9.69014536167e-07, 6.02899092428e-07, 5.69593339605e-07, 7.66906623539e-07],
        "dvar": [0.000104281345557, 7.45389115764e-05, 1.62590220043e-06, 1.3561450487e-06, 4.96832626595e-07, 1.03972389809e-07, 1.90954622781e-07, 4.70007847753e-07, 1.853051117e-07, 6.99251856418e-08, 1.19909444152e-07, 8.98786396419e-08, 4.87125078052e-08, 4.72890837599e-09, 1.05722697263e-09, 7.38879901707e-10, 7.42944206156e-10, 9.44906708433e-10, 6.7884120547e-10, 1.1151576329e-09, 3.18929521681e-10, 2.95867524924e-10, 1.03438799193e-10, 1.80006329287e-10, 6.43801262301e-11, 1.07698128193e-10, 6.37351629806e-11, 3.27776625286e-11, 1.5764606634e-11, 8.94325238865e-12, 7.87500880478e-12, 4.97406456301e-12, 6.2729444035e-12, 8.29560118515e-12, 2.27396010008e-12, 1.54525155692e-12, 7.31442142098e-13, 6.96546065184e-13, 4.86856106645e-13, 6.30287922548e-13],
        "dvar2": [0.000169843129697, 0.000194567153812, 4.21601089329e-06, 3.97149005948e-06, 1.25835424569e-06, 2.6366410566e-07, 4.64023941049e-07, 1.10277119347e-06, 3.98789467226e-07, 1.32315619794e-07, 2.72528211553e-07, 2.04583429309e-07, 1.13879217167e-07, 1.18245795377e-08, 2.32024199853e-09, 1.8059218565e-09, 1.94613147819e-09, 2.36933983544e-09, 1.67580949118e-09, 2.87206858296e-09, 8.23253354376e-10, 7.08804348548e-10, 2.78251421904e-10, 5.04870367735e-10, 1.74053674251e-10, 2.92655621958e-10, 1.70883807105e-10, 8.71615973841e-11, 4.4124783688e-11, 2.52920323573e-11, 2.22081311674e-11, 1.3596108614e-11, 1.70662945581e-11, 2.26601463288e-11, 5.70821168111e-12, 3.95723644825e-12, 1.947192841e-12, 1.84798357172e-12, 1.17537002266e-12, 1.53268012431e-12],
        "max": [0.0722715854645, 0.0644105896354, 0.0152643080801, 0.0165224801749, 0.00977292470634, 0.00456378795207, 0.00749981356785, 0.010116561316, 0.00590387219563, 0.00454017333686, 0.00588243314996, 0.0044611482881, 0.00542882690206, 0.00118596607354, 0.000493291474413, 0.000448276259704, 0.000382279016776, 0.000494250387419, 0.000338482379448, 0.000497365370393, 0.000188600824913, 0.000262348039541, 8.77407001099e-05, 0.00016240158584, 0.000166214464116, 0.000116591552796, 8.18842454464e-05, 5.99494487687e-05, 5.78314866289e-05, 2.6683024771e-05, 3.01374529954e-05, 1.90678983927e-05, 2.18927198148e-05, 2.67394716502e-05, 3.1485393265e-05, 2.17534470721e-05, 9.38120410865e-06, 1.99244732357e-05, 1.54403005581e-05, 1.19710994113e-05],
        "mean": [0.00855305790901, 0.00545943249017, 0.00118676410057, 0.00137218611781, 0.000936653115787, 0.000315385783324, 0.000507053278852, 0.000831101089716, 0.000416792405304, 0.000296634534607, 0.0003176475293, 0.00027071806835, 0.000136267146445, 7.88259130786e-05, 4.17478186137e-05, 2.34761319007e-05, 3.01191794279e-05, 2.78504048765e-05, 2.88575283776e-05, 2.84101843135e-05, 1.60964918905e-05, 1.53441378643e-05, 9.44831117522e-06, 9.00490977074e-06, 9.32860621106e-06, 1.27957309815e-05, 8.43692487251e-06, 6.00369139647e-06, 3.19785499414e-06, 1.58084606028e-06, 9.43204156556e-07, 9.9378894447e-07, 1.16386911486e-06, 1.28081262574e-06, 1.11004635528e-06, 9.80953473118e-07, 6.11975508491e-07, 4.01631155e-07, 5.31299860995e-07, 7.80249990839e-07],
        "median": [0.00434771180153, 0.00136447779369, 0.000571268144995, 0.000896738725714, 0.000552719458938, 0.000144498626469, 0.000280117295915, 0.000504755764268, 0.00021080384613, 0.000143138357089, 0.000157839589519, 8.61831213115e-05, 6.51154696243e-05, 4.23646051786e-05, 2.36625382968e-05, 1.33322464535e-05, 1.91417057067e-05, 1.36659728014e-05, 1.26823288156e-05, 8.39146377984e-06, 6.13929159954e-06, 6.96554934621e-06, 5.19332752447e-06, 5.38633230462e-06, 5.28156670043e-06, 5.91904790781e-06, 3.8219795897e-06, 3.40987298841e-06, 1.66859126693e-06, 8.02740373729e-07, 2.6935316555e-07, 3.06566619201e-07, 4.09759280728e-07, 4.79471282233e-07, 7.30845954422e-07, 5.86822920923e-07, 3.40962230894e-07, 2.07489378568e-07, 3.18838544899e-07, 5.17925911936e-07],
        "min": [1.5467952835e-05, 7.8215080066e-06, 9.51470065047e-06, 1.24549642351e-05, 1.48435283336e-05, 9.9733802017e-07, 4.16143802795e-06, 1.203948068e-05, 5.4746292335e-06, 5.27159681951e-06, 4.10778739024e-06, 1.23420204545e-06, 3.9068568185e-06, 1.5914395135e-06, 1.12069642455e-06, 5.54429391286e-07, 8.83367476945e-07, 1.00707995898e-06, 7.97696088739e-07, 6.24471113042e-07, 4.60298622329e-07, 2.79975836293e-07, 4.50052255019e-07, 5.26028941294e-07, 1.68116415011e-07, 3.97477833758e-07, 1.52557731781e-07, 1.17448330172e-07, 1.01999098945e-07, 1.08421929212e-08, 2.21402118861e-09, 4.19490664427e-09, 1.77173991034e-08, 6.43749498153e-09, 2.48515856782e-08, 1.03787325401e-08, 1.17734447191e-10, 5.16467112133e-11, 1.42536666064e-12, 3.5711704427e-11],
