{
"highlevel": {
    "danceability": {
        "all": {
            "danceable": 0.225513845682,
            "not_danceable": 0.77448618412
        },
        "probability": 0.77448618412,
        "value": "not_danceable"
    },
    "gender": {
        "all": {
            "female": 0.579519987106,
            "male": 0.420480012894
        },
        "probability": 0.579519987106,
        "value": "female"
    },
    "genre_dortmund": {
        "all": {
            "alternative": 0.16379070282,
            "blues": 0.0240850951523,
            "electronic": 0.0218162797391,
            "folkcountry": 0.162950247526,
            "funksoulrnb": 0.0161361079663,
            "jazz": 0.0213146936148,
            "pop": 0.174513861537,
            "raphiphop": 0.00228383834474,
            "rock": 0.413109183311
        },
        "probability": 0.413109183311,
        "value": "rock"
    },
    "genre_electronic": {
        "all": {
            "ambient": 0.513242483139,
            "dnb": 0.177491396666,
            "house": 0.0636493489146,
            "techno": 0.0235829055309,
            "trance": 0.222033858299
        },
        "probability": 0.513242483139,
        "value": "ambient"
    },
    "genre_rosamerica": {
        "all": {
            "cla": 0.0261209588498,
            "dan": 0.0282791089267,
            "hip": 0.0141305504367,
            "jaz": 0.0181364845484,
            "pop": 0.406357347965,
            "rhy": 0.266624629498,
            "roc": 0.234019562602,
            "spe": 0.00633134646341
        },
        "probability": 0.406357347965,
        "value": "pop"
    },
    "genre_tzanetakis": {
        "all": {
            "blu": 0.0626613423228,
            "cla": 0.0348169617355,
            "cou": 0.104475811124,
            "dis": 0.0784321576357,
            "hip": 0.15692435205,
            "jaz": 0.313974827528,
            "met": 0.0448166541755,
            "pop": 0.0627359300852,
            "reg": 0.0627360641956,
            "roc": 0.0784258767962
        },
        "probability": 0.313974827528,
        "value": "jaz"
    },
    "ismir04_rhythm": {
        "all": {
            "ChaChaCha": 0.0447981879115,
            "Jive": 0.0326330289245,
            "Quickstep": 0.0845223367214,
            "Rumba-American": 0.00955139566213,
            "Rumba-International": 0.036411061883,
            "Rumba-Misc": 0.0108824372292,
            "Samba": 0.0533096790314,
            "Tango": 0.0406509153545,
            "VienneseWaltz": 0.641355097294,
            "Waltz": 0.0458858422935
        },
        "probability": 0.641355097294,
        "value": "VienneseWaltz"
    },
    "mood_acoustic": {
        "all": {
            "acoustic": 0.684374332428,
            "not_acoustic": 0.315625667572
        },
        "probability": 0.684374332428,
        "value": "acoustic"
    },
    "mood_aggressive": {
        "all": {
            "aggressive": 0.0109870452434,
            "not_aggressive": 0.989012956619
        },
        "probability": 0.989012956619,
        "value": "not_aggressive"
    },
    "mood_electronic": {
        "all": {
            "electronic": 0.0249329190701,
            "not_electronic": 0.975067079067
        },
        "probability": 0.975067079067,
        "value": "not_electronic"
    },
    "mood_happy": {
        "all": {
            "happy": 0.83972120285,
            "not_happy": 0.160278782248
        },
        "probability": 0.83972120285,
        "value": "happy"
    },
    "mood_party": {
        "all": {
            "not_party": 0.862501263618,
            "party": 0.13749872148
        },
        "probability": 0.862501263618,
        "value": "not_party"
    },
    "mood_relaxed": {
        "all": {
            "not_relaxed": 0.693454444408,
            "relaxed": 0.306545585394
        },
        "probability": 0.693454444408,
        "value": "not_relaxed"
    },
    "mood_sad": {
        "all": {
            "not_sad": 0.377173423767,
            "sad": 0.622826576233
        },
        "probability": 0.622826576233,
        "value": "sad"
    },
    "moods_mirex": {
        "all": {
            "Cluster1": 0.177548870444,
            "Cluster2": 0.5317517519,
            "Cluster3": 0.121311530471,
            "Cluster4": 0.14829158783,
            "Cluster5": 0.0210962891579
        },
        "probability": 0.5317517519,
        "value": "Cluster2"
    },
    "timbre": {
        "all": {
            "bright": 0.735648751259,
            "dark": 0.264351248741
        },
        "probability": 0.735648751259,
        "value": "bright"
    },
    "tonal_atonal": {
        "all": {
            "atonal": 0.00380348181352,
            "tonal": 0.996196508408
        },
        "probability": 0.996196508408,
        "value": "tonal"
    },
    "voice_instrumental": {
        "all": {
            "instrumental": 0.00025983992964,
            "voice": 0.999740183353
        },
        "probability": 0.999740183353,
        "value": "voice"
    }
},
"lowlevel": {
    "average_loudness": 0.969975531101,
    "barkbands_crest": {
        "dmean": 2.53494787216,
        "dmean2": 4.07380104065,
        "dvar": 6.169734478,
        "dvar2": 15.6487026215,
        "max": 23.4125022888,
        "mean": 9.75893974304,
        "median": 9.01532840729,
        "min": 3.11358213425,
        "var": 14.4994153976
    },
    "barkbands_flatness_db": {
        "dmean": 0.0156368613243,
        "dmean2": 0.0246995892376,
        "dvar": 0.000207711258554,
        "dvar2": 0.000473853608128,
        "max": 0.241581186652,
        "mean": 0.13052906096,
        "median": 0.129352837801,
        "min": 0.0638330131769,
        "var": 0.000776809058152
    },
    "barkbands_kurtosis": {
        "dmean": 1.05336415768,
        "dmean2": 1.67185175419,
        "dvar": 2.33619594574,
        "dvar2": 5.93538761139,
        "max": 26.02551651,
        "mean": 1.02055132389,
        "median": 0.489968538284,
        "min": -1.88679027557,
        "var": 3.96308708191
    },
    "barkbands_skewness": {
        "dmean": 0.356980055571,
        "dmean2": 0.535927414894,
        "dvar": 0.137708202004,
        "dvar2": 0.287239044905,
        "max": 4.7694644928,
        "mean": 0.700379550457,
        "median": 0.58928745985,
        "min": -1.3065789938,
        "var": 0.629088997841
    },
    "barkbands_spread": {
        "dmean": 4.98708152771,
        "dmean2": 7.57171440125,
        "dvar": 35.3258361816,
        "dvar2": 63.6204185486,
        "max": 102.856498718,
        "mean": 25.1408309937,
        "median": 23.4408226013,
        "min": 4.24977731705,
        "var": 125.888824463
    },
    "dissonance": {
        "dmean": 0.0238254368305,
        "dmean2": 0.040593765676,
        "dvar": 0.000490812584758,
        "dvar2": 0.00130191713106,
        "max": 0.499108165503,
        "mean": 0.457075387239,
        "median": 0.464740276337,
        "min": 0.297884613276,
        "var": 0.000909291557036
    },
    "dynamic_complexity": 2.05501794815,
    "erbbands_crest": {
        "dmean": 3.0980155468,
        "dmean2": 4.80677080154,
        "dvar": 9.17433547974,
        "dvar2": 20.3175945282,
        "max": 32.6868438721,
        "mean": 11.2102270126,
        "median": 10.3746547699,
        "min": 2.48359847069,
        "var": 30.6916027069
    },
    "erbbands_flatness_db": {
        "dmean": 0.0179976727813,
        "dmean2": 0.0252787936479,
        "dvar": 0.000347405119101,
        "dvar2": 0.000620444479864,
        "max": 0.296868801117,
        "mean": 0.161777228117,
        "median": 0.160909175873,
        "min": 0.0605214945972,
        "var": 0.00186437449884
    },
    "erbbands_kurtosis": {
        "dmean": 1.10661315918,
        "dmean2": 1.72369480133,
        "dvar": 4.43427753448,
        "dvar2": 11.4961462021,
        "max": 46.383644104,
        "mean": 1.48184382915,
        "median": 0.741909503937,
        "min": -1.49677538872,
        "var": 8.16960048676
    },
    "erbbands_skewness": {
        "dmean": 0.350742638111,
        "dmean2": 0.537682056427,
        "dvar": 0.131369873881,
        "dvar2": 0.312352091074,
        "max": 4.11811685562,
        "mean": 0.569661438465,
        "median": 0.532706797123,
        "min": -1.848123312,
        "var": 0.453606963158
    },
    "erbbands_spread": {
        "dmean": 6.28988695145,
        "dmean2": 9.18713092804,
        "dvar": 47.9297370911,
        "dvar2": 92.6750259399,
        "max": 101.165969849,
        "mean": 30.7325134277,
        "median": 26.117767334,
        "min": 2.95607662201,
        "var": 322.071807861
    },
    "hfc": {
        "dmean": 8.20722293854,
        "dmean2": 11.5932950974,
        "dvar": 121.189941406,
        "dvar2": 220.506973267,
        "max": 140.663772583,
        "mean": 30.6507701874,
        "median": 27.5889663696,
        "min": 3.79607129097,
        "var": 411.191223145
    },
    "melbands_crest": {
        "dmean": 3.02214217186,
        "dmean2": 4.98089027405,
        "dvar": 9.34310436249,
        "dvar2": 23.1110172272,
        "max": 27.8403263092,
        "mean": 12.341468811,
        "median": 11.4011926651,
        "min": 4.2198138237,
        "var": 20.2722072601
    },
    "melbands_flatness_db": {
        "dmean": 0.0168551951647,
        "dmean2": 0.0263072960079,
        "dvar": 0.00027574878186,
        "dvar2": 0.000650166417472,
        "max": 0.290661036968,
        "mean": 0.165380641818,
        "median": 0.165162235498,
        "min": 0.0473633334041,
        "var": 0.00110105751082
    },
    "melbands_kurtosis": {
        "dmean": 2.50505113602,
        "dmean2": 3.97246074677,
        "dvar": 16.7154579163,
        "dvar2": 40.3996887207,
        "max": 77.2978820801,
        "mean": 4.62384939194,
        "median": 2.00240898132,
        "min": -1.47462534904,
        "var": 43.5680389404
    },
    "melbands_skewness": {
        "dmean": 0.495331794024,
        "dmean2": 0.742420077324,
        "dvar": 0.287928134203,
        "dvar2": 0.582558333874,
        "max": 7.37950181961,
        "mean": 1.44531393051,
        "median": 1.17385745049,
        "min": -1.36835575104,
        "var": 1.54911601543
    },
    "melbands_spread": {
        "dmean": 6.19653844833,
        "dmean2": 9.37960338593,
        "dvar": 58.1439399719,
        "dvar2": 117.725906372,
        "max": 166.537948608,
        "mean": 30.7779331207,
        "median": 29.3066253662,
        "min": 4.33816671371,
        "var": 183.255371094
    },
    "pitch_salience": {
        "dmean": 0.0659779906273,
        "dmean2": 0.10684183985,
        "dvar": 0.0034234279301,
        "dvar2": 0.00859219674021,
        "max": 0.788803935051,
        "mean": 0.545710921288,
        "median": 0.546982586384,
        "min": 0.179794326425,
        "var": 0.00911601260304
    },
    "silence_rate_20dB": {
        "dmean": 0,
        "dmean2": 0,
        "dvar": 0,
        "dvar2": 0,
        "max": 1,
        "mean": 1,
        "median": 1,
        "min": 1,
        "var": 0
    },
    "silence_rate_30dB": {
        "dmean": 0,
        "dmean2": 0,
        "dvar": 0,
        "dvar2": 0,
        "max": 1,
        "mean": 1,
        "median": 1,
        "min": 1,
        "var": 0
    },
    "silence_rate_60dB": {
        "dmean": 0,
        "dmean2": 0,
        "dvar": 0,
        "dvar2": 0,
        "max": 0,
        "mean": 0,
        "median": 0,
        "min": 0,
        "var": 0
    },
    "spectral_centroid": {
        "dmean": 217.685928345,
        "dmean2": 336.517089844,
        "dvar": 50174.9882812,
        "dvar2": 113218.21875,
        "max": 4085.05493164,
        "mean": 1587.39794922,
        "median": 1503.88562012,
        "min": 656.397155762,
        "var": 179641.328125
    },
    "spectral_complexity": {
        "dmean": 3.08436536789,
        "dmean2": 4.93880701065,
        "dvar": 7.26612091064,
        "dvar2": 17.9351139069,
        "max": 45,
        "mean": 21.1655063629,
        "median": 21,
        "min": 10,
        "var": 27.3585834503
    },
    "spectral_decrease": {
        "dmean": 1.97840099858e-09,
        "dmean2": 3.06552716545e-09,
        "dvar": 6.3208377851e-18,
        "dvar2": 1.38589835109e-17,
        "max": -1.56962032261e-09,
        "mean": -7.51887974104e-09,
        "median": -7.07085678897e-09,
        "min": -2.85181105397e-08,
        "var": 1.46316074262e-17
    },
    "spectral_energy": {
        "dmean": 0.00804661121219,
        "dmean2": 0.0124305384234,
        "dvar": 0.000103471815237,
        "dvar2": 0.000222966802539,
        "max": 0.118835672736,
        "mean": 0.0311580635607,
        "median": 0.0295431874692,
        "min": 0.00636896630749,
        "var": 0.000249667180469
    },
    "spectral_energyband_high": {
        "dmean": 0.000486257689772,
        "dmean2": 0.000680602621287,
        "dvar": 8.65657852955e-07,
        "dvar2": 1.4249231981e-06,
        "max": 0.0171227846295,
        "mean": 0.00128192303237,
        "median": 0.000748157850467,
        "min": 6.92360190442e-05,
        "var": 2.75935553873e-06
    },
    "spectral_energyband_low": {
        "dmean": 0.00309798563831,
        "dmean2": 0.00511922640726,
        "dvar": 3.86739084206e-05,
        "dvar2": 0.00010125888366,
        "max": 0.0611485689878,
        "mean": 0.00756049342453,
        "median": 0.00593920936808,
        "min": 5.04015479237e-05,
        "var": 4.37483977294e-05
    },
    "spectral_energyband_middle_high": {
        "dmean": 0.00471545942128,
        "dmean2": 0.00692524434999,
        "dvar": 6.63655591779e-05,
        "dvar2": 0.000134633286507,
        "max": 0.11156822741,
        "mean": 0.0141150485724,
        "median": 0.0111621161923,
        "min": 0.000934410956688,
        "var": 0.000175325913006
    },
    "spectral_energyband_middle_low": {
        "dmean": 0.00351662980393,
        "dmean2": 0.00561331352219,
        "dvar": 3.09321476379e-05,
        "dvar2": 7.52675186959e-05,
        "max": 0.0640671402216,
        "mean": 0.00902844406664,
        "median": 0.00701313791797,
        "min": 0.00121337361634,
        "var": 5.21772053617e-05
    },
    "spectral_entropy": {
        "dmean": 0.122490800917,
        "dmean2": 0.173709452152,
        "dvar": 0.0144863529131,
        "dvar2": 0.0255401954055,
        "max": 8.58061695099,
        "mean": 7.66804933548,
        "median": 7.67577171326,
        "min": 6.77125024796,
        "var": 0.0822189375758
    },
    "spectral_flux": {
        "dmean": 0.0282220989466,
        "dmean2": 0.0445295125246,
        "dvar": 0.000814716215245,
        "dvar2": 0.00190414558165,
        "max": 0.315765172243,
        "mean": 0.0944701582193,
        "median": 0.0859228298068,
        "min": 0.0279284063727,
        "var": 0.00181466073263
    },
    "spectral_kurtosis": {
        "dmean": 0.935521066189,
        "dmean2": 1.56809985638,
        "dvar": 0.69458258152,
        "dvar2": 1.89607608318,
        "max": 10.310792923,
        "mean": 3.33223319054,
        "median": 3.21807909012,
        "min": -0.683067321777,
        "var": 2.23001003265
    },
    "spectral_rms": {
        "dmean": 0.000687151914462,
        "dmean2": 0.00104337010998,
        "dvar": 5.86128237501e-07,
        "dvar2": 1.17658146337e-06,
        "max": 0.0107674160972,
        "mean": 0.0053421491757,
        "median": 0.00536867044866,
        "min": 0.00249271444045,
        "var": 1.85954581866e-06
    },
    "spectral_rolloff": {
        "dmean": 373.630249023,
        "dmean2": 602.729309082,
        "dvar": 506564.125,
        "dvar2": 851743.8125,
        "max": 10185.2050781,
        "mean": 1543.49157715,
        "median": 1356.59179688,
        "min": 86.1328125,
        "var": 1239347.125
    },
    "spectral_skewness": {
        "dmean": 0.152347564697,
        "dmean2": 0.245631679893,
        "dvar": 0.0193357970566,
        "dvar2": 0.0421763174236,
        "max": 2.34314346313,
        "mean": 1.36684072018,
        "median": 1.35986769199,
        "min": 0.28129145503,
        "var": 0.0777611732483
    },
    "spectral_spread": {
        "dmean": 445398.15625,
        "dmean2": 628969.5625,
        "dvar": 407678812160,
        "dvar2": 631455744000,
        "max": 18208330,
        "mean": 4667485.5,
        "median": 4332122.5,
        "min": 2628596,
        "var": 1.54091402035e+12
    },
    "spectral_strongpeak": {
        "dmean": 1.06826853752,
        "dmean2": 1.71176481247,
        "dvar": 1.97572255135,
        "dvar2": 4.29078865051,
        "max": 12.6344528198,
        "mean": 2.21036052704,
        "median": 1.06974112988,
        "min": 0.0517121814191,
        "var": 5.1218585968
    },
    "zerocrossingrate": {
        "dmean": 0.00805399473757,
        "dmean2": 0.00965707562864,
        "dvar": 0.000120479649922,
        "dvar2": 0.000119260454085,
        "max": 0.2802734375,
        "mean": 0.066466294229,
        "median": 0.06005859375,
        "min": 0.02490234375,
        "var": 0.000727872597054
    },
    "barkbands": {
        "dmean": [0.000161229574587, 0.00253879767843, 0.000756579218432, 0.000578326638788, 0.00116566196084, 0.00100259296596, 0.000525087409187, 0.000373475195374, 0.00136076135095, 0.00226921169087, 0.00204396457411, 0.000700603006408, 0.000739474140573, 0.000837361323647, 0.000450187100796, 0.000376780546503, 0.000118231604574, 0.000158641472808, 0.000145133395563, 0.000203056930332, 0.00017500553804, 7.65386357671e-05, 7.45895595173e-05, 9.16179997148e-05, 6.25611573923e-05, 3.06205911329e-05, 2.42264430739e-09],
        "dmean2": [0.000263521418674, 0.00429394748062, 0.00131622434128, 0.000991697888821, 0.00197020219639, 0.00167749985121, 0.000831010052934, 0.000597467296757, 0.00213134591468, 0.00354819046333, 0.00312961521558, 0.00102785625495, 0.0011029971065, 0.00132205174305, 0.000760238210205, 0.000565890863072, 0.000189662910998, 0.000261727633188, 0.000237448024563, 0.000323404790834, 0.000268798059551, 0.000114752147056, 0.000111300374556, 0.000126962739159, 8.91073068487e-05, 4.81049028167e-05, 3.58442608928e-09],
        "dvar": [1.65040248135e-07, 3.03639972117e-05, 1.73670309778e-06, 7.575911809e-07, 4.99084717376e-06, 2.41677003032e-06, 1.75750642484e-06, 1.55709255978e-06, 1.26507920868e-05, 4.60271330667e-05, 2.2728158001e-05, 1.79377002496e-06, 2.17820979742e-06, 3.34930837198e-06, 2.52011341217e-06, 1.57772581133e-06, 6.35292991547e-08, 1.40051852782e-07, 3.62635468321e-08, 1.41815021948e-07, 1.039460642e-07, 3.27872626826e-08, 3.65088226317e-08, 1.23355306414e-07, 3.48311957055e-08, 9.81934800137e-09, 1.29285465712e-15],
        "dvar2": [3.92597968357e-07, 8.29625059851e-05, 5.04802801515e-06, 1.96126302399e-06, 1.26976074171e-05, 6.32783712717e-06, 4.29876627095e-06, 4.20079777541e-06, 2.87551320071e-05, 0.00010627478332, 5.19628956681e-05, 3.78257891498e-06, 4.77715457237e-06, 7.03227897247e-06, 6.63068976792e-06, 3.34695755555e-06, 1.3668164911e-07, 3.74253801283e-07, 8.6661195553e-08, 3.45366714782e-07, 1.99396609446e-07, 7.37158458719e-08, 6.35338963662e-08, 2.28361344057e-07, 6.12155375279e-08, 2.32846470993e-08, 1.30176766719e-15],
        "max": [0.00468468852341, 0.0539865754545, 0.0157384686172, 0.0130478115752, 0.0247775390744, 0.0156076028943, 0.0233200974762, 0.0326147265732, 0.0526947826147, 0.0968101620674, 0.0710832178593, 0.0185209549963, 0.028282776475, 0.0233230181038, 0.0231449063867, 0.0213213227689, 0.0055078594014, 0.00765042100102, 0.00295550376177, 0.00702752545476, 0.00722489319742, 0.00302061229013, 0.00352980522439, 0.00807973369956, 0.00419154250994, 0.00162639084738, 1.29027182538e-06],
        "mean": [0.000183526761248, 0.0054301712662, 0.00137321488, 0.00106656725984, 0.00203492073342, 0.00156074261758, 0.000870336254593, 0.000590608688071, 0.00242009176873, 0.00349084986374, 0.00434719352052, 0.00149272812996, 0.00142866792157, 0.00144990743138, 0.000580386607908, 0.000592130585574, 0.000205191172427, 0.000299291365081, 0.000310581148369, 0.000418690673541, 0.000391470501199, 0.000151713509695, 0.000144066056237, 0.000165767749422, 0.00012232332665, 3.69510817109e-05, 2.11919060078e-09],
        "median": [4.45879013569e-05, 0.00403741933405, 0.000758007226977, 0.000657351047266, 0.00138833548408, 0.000996759394184, 0.000439335562987, 0.000265398004558, 0.00106517144013, 0.000727322767489, 0.000641334394459, 0.000363710452802, 0.000495864951517, 0.000431243242929, 0.000212361657759, 0.000148839171743, 0.00011331949645, 0.000195175598492, 0.000236350460909, 0.000253456528299, 0.000237216721871, 6.52868620818e-05, 5.84400695516e-05, 4.90193997393e-05, 4.14971837017e-05, 9.29679299588e-06, 4.55209980821e-10],
        "min": [1.1643241038e-08, 2.50005359703e-05, 5.41246117791e-06, 2.46609079113e-06, 5.83942855883e-05, 2.12618979276e-05, 4.18124909629e-06, 3.21760398947e-06, 2.72441611742e-05, 6.49247067486e-06, 1.61952411872e-05, 8.10530764284e-06, 1.23097070173e-05, 1.57525282702e-05, 7.75048010837e-06, 1.3995361769e-05, 1.73050175363e-05, 1.8181910491e-05, 2.14651081478e-05, 2.3321927074e-05, 1.1154990716e-05, 6.36650611341e-06, 3.04398918161e-06, 2.11844849218e-06, 5.92105102726e-08, 4.57789077757e-08, 2.74164285025e-11],
        "var": [1.6942306047e-07, 3.02191019728e-05, 2.57906026491e-06, 1.50365985974e-06, 5.88834973314e-06, 3.70539441974e-06, 2.16480339077e-06, 1.69273334905e-06, 2.53834532487e-05, 7.74075670051e-05, 5.51458797418e-05, 9.1436013463e-06, 4.71799330626e-06, 7.15342912372e-06, 2.76252990261e-06, 2.92802155855e-06, 1.27232198111e-07, 1.7944098829e-07, 8.56139905636e-08, 2.66786656766e-07, 3.02185782175e-07, 7.11322769575e-08, 8.82436381744e-08, 2.38302746425e-07, 7.59960698815e-08, 1.05510222781e-08, 1.2924222468e-15]
    },
    "erbbands": {
        "dmean": [0.0917738005519, 0.52192401886, 0.780514955521, 1.55417466164, 2.53530192375, 4.84553384781, 6.5082359314, 8.15595149994, 5.73936033249, 10.5432281494, 9.66588401794, 30.670042038, 51.2763748169, 83.4119873047, 65.79737854, 22.2887592316, 31.537771225, 38.1830635071, 30.2403182983, 18.4785690308, 16.130191803, 6.61364459991, 7.77924108505, 6.81757497787, 6.77017879486, 9.95344734192, 9.69929122925, 4.43845939636, 2.85471439362, 2.385617733, 2.18546533585, 2.14787483215, 1.42096376419, 0.834076762199, 0.417874038219, 0.166050896049, 0.0540216639638, 0.00363575830124, 7.35438807169e-05, 1.27888606585e-05],
        "dmean2": [0.157622858882, 0.887960135937, 1.34880208969, 2.68574976921, 4.38409996033, 8.1689863205, 10.7962732315, 13.6238260269, 9.42423534393, 16.5592727661, 15.2285547256, 48.3366928101, 79.7452011108, 124.998313904, 97.2015914917, 33.1497955322, 45.0292396545, 58.836681366, 49.7546691895, 29.013967514, 23.1936016083, 10.3459596634, 12.5301866531, 11.1555299759, 11.0842294693, 15.5369577408, 14.696395874, 7.13132667542, 4.31815910339, 3.64488649368, 3.19072389603, 3.14176726341, 2.00343990326, 1.22382235527, 0.600144386292, 0.251874506474, 0.0860075801611, 0.00611601257697, 0.000118680371088, 1.92390416487e-05],
        "dvar": [0.0421288274229, 1.26647436619, 2.10425400734, 5.65973711014, 21.1641960144, 85.549331665, 126.136909485, 194.492385864, 155.012710571, 1835.92834473, 420.257598877, 9625.41113281, 20330.6933594, 44540.875, 23473.7285156, 1656.79638672, 4687.69775391, 8407.02246094, 7732.03710938, 3695.70898438, 3182.94165039, 154.063262939, 533.255310059, 68.4657363892, 92.5619506836, 314.312591553, 441.833404541, 52.6873855591, 44.1713981628, 34.3700675964, 36.8604316711, 71.9150924683, 26.3267555237, 6.40127134323, 1.62841081619, 0.302781671286, 0.0245345942676, 0.000227903758059, 7.09426828394e-08, 3.86024573418e-10],
        "dvar2": [0.113363467157, 3.542750597, 6.11495161057, 15.8137493134, 57.3363723755, 212.172592163, 344.340057373, 489.807525635, 390.080627441, 4872.37011719, 960.590698242, 22106.7578125, 45120.3007812, 99524.359375, 55825.8085938, 3532.11694336, 10236.9853516, 17623.21875, 19684.2578125, 7778.01953125, 5858.44433594, 334.165100098, 1447.26782227, 157.214950562, 221.412353516, 701.214782715, 846.777587891, 126.744178772, 97.6670608521, 78.3213043213, 64.0326919556, 127.733589172, 52.5174751282, 12.0931758881, 2.93436002731, 0.705390036106, 0.0577796734869, 0.000598420680035, 1.80787139925e-07, 8.70875704884e-10],
        "max": [2.15116024017, 10.793888092, 15.2343587875, 32.6589546204, 55.1209983826, 95.0190582275, 159.313186646, 171.461196899, 212.128219604, 1123.72094727, 309.873596191, 1613.89929199, 2108.19848633, 3591.15063477, 3183.04614258, 604.071105957, 1455.53100586, 1325.9597168, 1263.98486328, 1521.56164551, 1399.59033203, 213.546798706, 530.495727539, 110.673667908, 156.885513306, 259.482727051, 473.91583252, 125.096839905, 94.1421432495, 117.654312134, 117.228469849, 193.345535278, 106.282211304, 58.610534668, 23.4799060822, 9.64275550842, 2.0551712513, 0.293103903532, 0.00492258835584, 0.000269924319582],
        "mean": [0.17942212522, 1.12699019909, 1.52616691589, 3.01197457314, 4.19782066345, 7.84634494781, 11.1784849167, 12.4372329712, 9.35967254639, 17.2512149811, 18.0452270508, 52.7218055725, 84.7118988037, 143.61416626, 151.164108276, 50.8140449524, 69.9827270508, 71.9433441162, 47.0170402527, 31.4778862, 27.3789978027, 13.2553262711, 14.5331487656, 16.2094516754, 15.3428401947, 21.4020061493, 21.8368988037, 9.92869853973, 5.89167785645, 4.57175779343, 4.04628610611, 3.66925525665, 2.57811665535, 1.63492178917, 0.740850448608, 0.21997924149, 0.0627595037222, 0.00363101088442, 0.000100053002825, 4.42895216111e-05],
        "median": [0.110997036099, 0.902274131775, 1.04894948006, 2.13926935196, 2.71776819229, 5.08044910431, 7.01940917969, 7.50311565399, 5.26079845428, 8.17582035065, 10.1704807281, 21.0119590759, 30.8445968628, 45.1936569214, 39.0085983276, 23.2649726868, 28.1423835754, 25.4989871979, 18.515542984, 12.4884614944, 8.26177406311, 7.60057783127, 9.48123836517, 12.5710411072, 11.7461776733, 13.5225229263, 11.4520921707, 6.781478405, 2.650141716, 1.83745503426, 1.65023648739, 1.0942003727, 0.807359039783, 0.58744597435, 0.225153461099, 0.04993493855, 0.0187832769006, 0.000889931048732, 4.24997379014e-05, 4.0335857193e-05],
        "min": [0.000771315884776, 0.00512259453535, 0.0116204274818, 0.0400555245578, 0.0857997760177, 0.121615290642, 0.255847305059, 0.241286665201, 0.247452244163, 0.246113300323, 0.547634959221, 0.564015269279, 0.338583052158, 0.662407875061, 1.01617264748, 0.540475487709, 1.05910885334, 0.988635897636, 1.77754807472, 0.755089759827, 0.690131902695, 1.18639445305, 1.21763157845, 1.57700479031, 1.3038175106, 1.18693745136, 0.964589834213, 0.391894966364, 0.227107390761, 0.101710312068, 0.0950507223606, 0.0528632514179, 0.0294288545847, 0.00649222312495, 0.000507342163473, 0.000852020049933, 0.000159104121849, 8.94848199096e-06, 4.59151851828e-06, 7.66504217609e-06],
        "var": [0.046684242785, 1.16589450836, 2.28861570358, 8.51822757721, 23.6210098267, 103.9375, 198.992004395, 262.070770264, 202.918869019, 1710.20605469, 769.868164062, 17312.296875, 35284.0546875, 70683.71875, 55394.2539062, 5103.09570312, 10936.6376953, 17976.3964844, 9472.15820312, 7678.48632812, 6178.51904297, 362.105377197, 545.464782715, 172.439559937, 201.033828735, 680.92388916, 1246.28381348, 112.561401367, 95.8744812012, 73.1459274292, 81.9202423096, 145.385971069, 45.5830421448, 13.2492361069, 3.24913597107, 0.378945410252, 0.0253526661545, 0.00017188602942, 6.13102955072e-08, 7.280322456e-10]
    },
    "gfcc": {
        "mean": [36.2597694397, 89.5656433105, -128.610427856, 33.5418586731, -62.214012146, 29.5143203735, -26.5682544708, 14.1495790482, -33.3691711426, 6.98950386047, -13.6394662857, -0.434728771448, -2.24589920044],
        "cov": [[940.669799805, -403.253082275, 84.8458938599, -117.0154953, -81.5388183594, 159.799179077, -67.0867843628, 2.52462148666, -73.0266113281, 33.0164642334, -40.0852737427, 39.6785163879, -21.6834850311], [-403.253082275, 481.491638184, -161.629867554, -34.2651329041, 100.896179199, -57.7625160217, 118.196861267, -54.4376754761, 7.06021118164, -18.7485523224, 112.502868652, -38.8270988464, 37.7616958618], [84.8458938599, -161.629867554, 383.315582275, 118.754501343, -52.5472259521, -5.62109470367, -99.6747741699, 47.4922485352, 21.2163391113, 41.8954467773, -59.8155059814, 53.6717071533, -58.1572418213], [-117.0154953, -34.2651329041, 118.754501343, 236.11114502, 3.52421689034, -50.4634361267, -58.8900680542, 28.31640625, 59.343460083, 1.60313367844, -34.8525619507, -0.960810720921, 10.0893383026], [-81.5388183594, 100.896179199, -52.5472259521, 3.52421689034, 156.050674438, 11.6589956284, 53.674282074, 0.284354686737, -2.02230477333, 15.8467855453, 14.2100982666, 5.10621833801, 18.5166339874], [159.799179077, -57.7625160217, -5.62109470367, -50.4634361267, 11.6589956284, 170.309387207, 53.2509803772, -19.8531646729, -48.9964828491, -5.72669219971, 41.1462097168, -3.50024747849, -7.13229846954], [-67.0867843628, 118.196861267, -99.6747741699, -58.8900680542, 53.674282074, 53.2509803772, 150.138015747, 1.29828298092, -26.9147396088, -6.51028871536, 56.2029876709, -11.7232236862, 10.9870786667], [2.52462148666, -54.4376754761, 47.4922485352, 28.31640625, 0.284354686737, -19.8531646729, 1.29828298092, 103.482162476, 68.5865020752, 12.6495876312, -36.4051399231, 4.56763505936, 16.2073516846], [-73.0266113281, 7.06021118164, 21.2163391113, 59.343460083, -2.02230477333, -48.9964828491, -26.9147396088, 68.5865020752, 138.269714355, 27.0622997284, -35.8332939148, 0.932992100716, 16.2216777802], [33.0164642334, -18.7485523224, 41.8954467773, 1.60313367844, 15.8467855453, -5.72669219971, -6.51028871536, 12.6495876312, 27.0622997284, 81.988861084, 22.7438392639, 11.9275484085, -13.6871852875], [-40.0852737427, 112.502868652, -59.8155059814, -34.8525619507, 14.2100982666, 41.1462097168, 56.2029876709, -36.4051399231, -35.8332939148, 22.7438392639, 124.064613342, 2.95134568214, 0.189047411084], [39.6785163879, -38.8270988464, 53.6717071533, -0.960810720921, 5.10621833801, -3.50024747849, -11.7232236862, 4.56763505936, 0.932992100716, 11.9275484085, 2.95134568214, 66.5551071167, 7.50215339661], [-21.6834850311, 37.7616958618, -58.1572418213, 10.0893383026, 18.5166339874, -7.13229846954, 10.9870786667, 16.2073516846, 16.2216777802, -13.6871852875, 0.189047411084, 7.50215339661, 90.0769195557]],
        "icov": [[0.0022483302746, 0.00159855175298, -3.66399726772e-05, 0.00114346400369, 0.000165146731888, -0.00137596030254, 0.000659500889014, 0.000168623009813, 0.000473006744869, -0.0009347180021, 8.00536945462e-05, -9.99621479423e-05, -0.000753384199925], [0.00159855175298, 0.0095184976235, -0.00341400364414, 0.00357576506212, -0.00499703502283, 0.00586819835007, -0.00474210223183, 0.00740044517443, -0.00629033101723, 0.00597999431193, -0.00887479446828, 0.00661011971533, -0.00396194355562], [-3.66399726772e-05, -0.00341400364414, 0.00803667027503, -0.0044829826802, 0.00366343767382, -0.00445415824652, 0.00412372872233, -0.00652587832883, 0.00541006075218, -0.00581924943253, 0.00577963935211, -0.00776068121195, 0.00545446388423], [0.00114346400369, 0.00357576506212, -0.0044829826802, 0.0085224872455, -0.00340720964596, 0.0029615983367, -0.000208471275982, 0.00378130679019, -0.00504098739475, 0.00426256889477, -0.00438324129209, 0.00517709320411, -0.00365924043581], [0.000165146731888, -0.00499703502283, 0.00366343767382, -0.00340720964596, 0.0116607137024, -0.00463200546801, -0.000194453474251, -0.00400470988825, 0.00505256420001, -0.00763976667076, 0.00751026766375, -0.00609410274774, 0.00128300045617], [-0.00137596030254, 0.00586819835007, -0.00445415824652, 0.0029615983367, -0.00463200546801, 0.014217521064, -0.00682656792924, 0.00626949081197, -0.00451851682737, 0.00702117523178, -0.00908544380218, 0.0068824775517, -0.00288979336619], [0.000659500889014, -0.00474210223183, 0.00412372872233, -0.000208471275982, -0.000194453474251, -0.00682656792924, 0.0160417258739, -0.00940208043903, 0.00576922763139, -0.00232655461878, 0.000872284406796, -0.00339709431864, 0.00295559433289], [0.000168623009813, 0.00740044517443, -0.00652587832883, 0.00378130679019, -0.00400470988825, 0.00626949081197, -0.00940208043903, 0.025063553825, -0.0142630040646, 0.00510029448196, -0.00395858800039, 0.00704259425402, -0.00697654346004], [0.000473006744869, -0.00629033101723, 0.00541006075218, -0.00504098739475, 0.00505256420001, -0.00451851682737, 0.00576922763139, -0.0142630040646, 0.0200004167855, -0.0107386428863, 0.00905583240092, -0.00605971924961, 0.00252679549158], [-0.0009347180021, 0.00597999431193, -0.00581924943253, 0.00426256889477, -0.00763976667076, 0.00702117523178, -0.00232655461878, 0.00510029448196, -0.0107386428863, 0.0244072284549, -0.0139404116198, 0.00541895627975, -0.000253498845268], [8.00536945462e-05, -0.00887479446828, 0.00577963935211, -0.00438324129209, 0.00751026766375, -0.00908544380218, 0.000872284406796, -0.00395858800039, 0.00905583240092, -0.0139404116198, 0.0236805584282, -0.00962958484888, 0.00330811133608], [-9.99621479423e-05, 0.00661011971533, -0.00776068121195, 0.00517709320411, -0.00609410274774, 0.0068824775517, -0.00339709431864, 0.00704259425402, -0.00605971924961, 0.00541895627975, -0.00962958484888, 0.0254220236093, -0.00762312952429], [-0.000753384199925, -0.00396194355562, 0.00545446388423, -0.00365924043581, 0.00128300045617, -0.00288979336619, 0.00295559433289, -0.00697654346004, 0.00252679549158, -0.000253498845268, 0.00330811133608, -0.00762312952429, 0.0170492716134]]
    },
    "melbands": {
        "dmean": [0.000758174923249, 0.000474863569252, 0.000264348607743, 0.000270030664979, 0.000212470229599, 0.000181392024388, 9.22104736674e-05, 0.000108479012852, 0.000102405494545, 0.000198823836399, 0.000267666677246, 0.000360004691174, 0.000272558158031, 8.60482396092e-05, 6.72111200402e-05, 7.53073109081e-05, 7.57272573537e-05, 5.6382305047e-05, 2.91858505079e-05, 2.59738571913e-05, 1.93997984752e-05, 7.4618110375e-06, 6.48992499919e-06, 9.07507273951e-06, 5.85044381296e-06, 6.87773854224e-06, 4.80728022012e-06, 7.7301856436e-06, 7.78250796429e-06, 3.66555741493e-06, 2.47639468398e-06, 1.85396811503e-06, 1.38469806643e-06, 1.40644328894e-06, 1.26152474422e-06, 1.41654197705e-06, 1.33682840442e-06, 1.11046813345e-06, 8.4201815298e-07, 7.32988155505e-07],
        "dmean2": [0.00128179858439, 0.000802720081992, 0.000455336412415, 0.000465238670586, 0.000344426400261, 0.000301820226014, 0.000149643979967, 0.000171244173544, 0.000163621691172, 0.000309062423185, 0.000418673240347, 0.000536703155376, 0.000411911867559, 0.000124112295453, 9.62149424595e-05, 0.000108786865894, 0.00011789934797, 9.34458585107e-05, 4.85870841658e-05, 4.03983576689e-05, 2.7895981475e-05, 1.20952945508e-05, 1.07360410766e-05, 1.46558795677e-05, 9.5044997579e-06, 1.14352578748e-05, 7.77559671405e-06, 1.22471901705e-05, 1.19630367408e-05, 5.93805225435e-06, 4.01561919716e-06, 2.89990066449e-06, 2.10610528484e-06, 2.24193968279e-06, 1.92528773368e-06, 2.05007677323e-06, 1.998553671e-06, 1.61510865837e-06, 1.25589042455e-06, 1.13314422379e-06],
        "dvar": [2.77179515251e-06, 8.63775028392e-07, 1.51559206074e-07, 3.33639974315e-07, 1.11833415417e-07, 8.66185771997e-08, 4.19164720711e-08, 1.99484617269e-07, 6.7919195601e-08, 3.5310344515e-07, 5.7534731468e-07, 8.67773678692e-07, 3.83123364145e-07, 2.99548048588e-08, 1.92770848173e-08, 2.60465462532e-08, 3.11655412588e-08, 2.38359607607e-08, 9.96902382866e-09, 8.33649860255e-09, 6.11714012777e-09, 2.35909403123e-10, 2.9942151536e-10, 4.88416473932e-10, 5.2318115118e-11, 1.14930606698e-10, 6.39110778189e-11, 2.12723755277e-10, 3.26169480314e-10, 3.24309676336e-11, 1.95619319354e-11, 1.79244622617e-11, 1.02521723749e-11, 1.18656178633e-11, 1.07653165896e-11, 2.08836888754e-11, 3.21022930461e-11, 1.7874587227e-11, 8.75959027535e-12, 4.50829998333e-12],
        "dvar2": [7.49259334043e-06, 2.43079875872e-06, 4.10995511402e-07, 8.63440334342e-07, 2.97854541031e-07, 2.1983437648e-07, 1.03478726032e-07, 5.35486833542e-07, 1.48649633047e-07, 8.08277604847e-07, 1.25581721022e-06, 1.95750067178e-06, 8.76140973105e-07, 6.61579520056e-08, 3.43037029893e-08, 5.68331479656e-08, 6.4952260459e-08, 5.99940932489e-08, 2.44262103877e-08, 1.7993299295e-08, 1.08045732361e-08, 5.33104393963e-10, 8.16383571856e-10, 1.20644594315e-09, 1.21112328499e-10, 2.88182533392e-10, 1.44271233848e-10, 5.01373109696e-10, 6.53901488512e-10, 7.7409904875e-11, 4.34428083784e-11, 4.21133648787e-11, 2.10960693359e-11, 2.89962272942e-11, 2.01197929844e-11, 3.37460233368e-11, 6.3165354891e-11, 3.81918906223e-11, 1.89516492777e-11, 8.51940913649e-12],
        "max": [0.0161687973887, 0.00906594935805, 0.00527933845297, 0.00616953056306, 0.00463822251186, 0.00350440177135, 0.00349602242932, 0.0119413258508, 0.00418019434437, 0.00933900196105, 0.0106519768015, 0.0156438257545, 0.011305462569, 0.00238876440562, 0.00255699269474, 0.00338653801009, 0.00236601242796, 0.00211935001425, 0.00222471752204, 0.00186771072913, 0.0021020991262, 0.000325951608829, 0.000369413814042, 0.000431920110714, 9.05230481294e-05, 0.000198310313863, 0.00012828821491, 0.000231468729908, 0.000380885147024, 9.95927257463e-05, 6.87047941028e-05, 5.63843241252e-05, 5.85906018387e-05, 6.35521355434e-05, 5.56541526748e-05, 0.000107783271233, 0.000127011167933, 9.27854707697e-05, 6.66364721837e-05, 4.55216759292e-05],
        "mean": [0.00158829696011, 0.00105742178857, 0.00054677692242, 0.000431719614426, 0.000395552546252, 0.00028117588954, 0.000150602252688, 0.000177130903467, 0.000180045361049, 0.000338006677339, 0.000435407331679, 0.000582619046327, 0.000611449824646, 0.000188430436538, 0.000127717052237, 0.000148910374264, 0.000132536064484, 8.2951868535e-05, 4.25692232966e-05, 3.95113092964e-05, 2.99624171021e-05, 1.26994873426e-05, 1.14068297989e-05, 1.55595971592e-05, 1.24484058688e-05, 1.32286195367e-05, 9.72527686827e-06, 1.49357983901e-05, 1.580476237e-05, 7.87923090684e-06, 4.86102635477e-06, 3.42191538039e-06, 2.62229059445e-06, 2.4913811103e-06, 2.23119195653e-06, 2.39383302869e-06, 2.1498804017e-06, 1.8852380208e-06, 1.48156107116e-06, 1.37294443903e-06],
        "median": [0.00111482129432, 0.000831863144413, 0.000412767811213, 0.000284350418951, 0.000263467547484, 0.000174308996066, 8.08946351754e-05, 8.59423453221e-05, 9.42240658333e-05, 0.000131724838866, 0.00013480441703, 0.000161242875038, 0.000128261381178, 4.16795410274e-05, 5.0407325034e-05, 5.05114076077e-05, 3.51394264726e-05, 2.66200604528e-05, 1.58271741384e-05, 1.19567603178e-05, 8.27757958177e-06, 7.28560326024e-06, 6.28928637525e-06, 9.71786266746e-06, 9.1132333182e-06, 9.47197986534e-06, 6.67964695822e-06, 8.69615632837e-06, 7.72741077526e-06, 5.00715896123e-06, 3.0088854146e-06, 1.43692102483e-06, 1.10862606562e-06, 9.60415491136e-07, 9.09864411369e-07, 8.17736577119e-07, 5.71119869619e-07, 5.3972388514e-07, 5.14162991294e-07, 4.69066520736e-07],
        "min": [8.0581767179e-06, 5.75134436076e-06, 1.07236201075e-05, 1.08009235191e-05, 9.2538930403e-06, 4.59475722892e-06, 1.8178410528e-06, 2.52639961218e-06, 2.52363588515e-06, 2.93906600746e-06, 1.16927753879e-06, 2.09177596844e-06, 3.00732449432e-06, 9.44605346831e-07, 1.38431835239e-06, 2.00034878617e-06, 1.35035429594e-06, 8.84963640146e-07, 4.97044254644e-07, 9.83013705991e-07, 3.40269906474e-07, 8.68454037573e-07, 4.93775473842e-07, 7.97527263785e-07, 8.40309439809e-07, 7.36237893761e-07, 4.60648749367e-07, 7.2279357255e-07, 4.59244944295e-07, 1.55174731731e-07, 8.7893894829e-08, 1.02878914277e-07, 6.79273313153e-08, 2.09440713661e-08, 2.61332413487e-08, 2.597705695e-08, 2.54060203986e-08, 1.8426343118e-08, 3.42732842107e-09, 1.57133994705e-09],
