{
"highlevel": {
    "danceability": {
        "all": {
            "danceable": 1.73207709508e-07,
            "not_danceable": 0.999999821186
        },
        "probability": 0.999999821186,
        "value": "not_danceable"
    },
    "gender": {
        "all": {
            "female": 0.290125370026,
            "male": 0.709874629974
        },
        "probability": 0.709874629974,
        "value": "male"
    },
    "genre_dortmund": {
        "all": {
            "alternative": 0.128485843539,
            "blues": 0.102678760886,
            "electronic": 0.0245432667434,
            "folkcountry": 0.0683466866612,
            "funksoulrnb": 0.0237641856074,
            "jazz": 0.0274140127003,
            "pop": 0.0622185878456,
            "raphiphop": 0.00657879607752,
            "rock": 0.555969834328
        },
        "probability": 0.555969834328,
        "value": "rock"
    },
    "genre_electronic": {
        "all": {
            "ambient": 0.256278336048,
            "dnb": 0.139046743512,
            "house": 0.0756256505847,
            "techno": 0.0272311642766,
            "trance": 0.50181812048
        },
        "probability": 0.50181812048,
        "value": "trance"
    },
    "genre_rosamerica": {
        "all": {
            "cla": 0.00107867724728,
            "dan": 0.0178130250424,
            "hip": 0.0192283000797,
            "jaz": 0.000915398704819,
            "pop": 0.249106541276,
            "rhy": 0.00206236774102,
            "roc": 0.7091152668,
            "spe": 0.000680416065734
        },
        "probability": 0.7091152668,
        "value": "roc"
    },
    "genre_tzanetakis": {
        "all": {
            "blu": 0.0626613423228,
            "cla": 0.0348169617355,
            "cou": 0.104475811124,
            "dis": 0.0784321576357,
            "hip": 0.15692435205,
            "jaz": 0.313974827528,
            "met": 0.0448166541755,
            "pop": 0.0627359300852,
            "reg": 0.0627360641956,
            "roc": 0.0784258767962
        },
        "probability": 0.313974827528,
        "value": "jaz"
    },
    "ismir04_rhythm": {
        "all": {
            "ChaChaCha": 0.0681201517582,
            "Jive": 0.888499319553,
            "Quickstep": 0.00283286278136,
            "Rumba-American": 0.000826394185424,
            "Rumba-International": 0.00249695009552,
            "Rumba-Misc": 0.00063926668372,
            "Samba": 0.0190732441843,
            "Tango": 0.00128049799241,
            "VienneseWaltz": 0.0159688666463,
            "Waltz": 0.000262465793639
        },
        "probability": 0.888499319553,
        "value": "Jive"
    },
    "mood_acoustic": {
        "all": {
            "acoustic": 0.00288629718125,
            "not_acoustic": 0.997113704681
        },
        "probability": 0.997113704681,
        "value": "not_acoustic"
    },
    "mood_aggressive": {
        "all": {
            "aggressive": 0.916541397572,
            "not_aggressive": 0.0834586247802
        },
        "probability": 0.916541397572,
        "value": "aggressive"
    },
    "mood_electronic": {
        "all": {
            "electronic": 0.270502120256,
            "not_electronic": 0.729497849941
        },
        "probability": 0.729497849941,
        "value": "not_electronic"
    },
    "mood_happy": {
        "all": {
            "happy": 0.809841156006,
            "not_happy": 0.190158858895
        },
        "probability": 0.809841156006,
        "value": "happy"
    },
    "mood_party": {
        "all": {
            "not_party": 0.187536165118,
            "party": 0.812463819981
        },
        "probability": 0.812463819981,
        "value": "party"
    },
    "mood_relaxed": {
        "all": {
            "not_relaxed": 0.96398293972,
            "relaxed": 0.0360170453787
        },
        "probability": 0.96398293972,
        "value": "not_relaxed"
    },
    "mood_sad": {
        "all": {
            "not_sad": 0.977376103401,
            "sad": 0.0226239021868
        },
        "probability": 0.977376103401,
        "value": "not_sad"
    },
    "moods_mirex": {
        "all": {
            "Cluster1": 0.483298480511,
            "Cluster2": 0.0724707469344,
            "Cluster3": 0.0490207374096,
            "Cluster4": 0.0771136507392,
            "Cluster5": 0.318096399307
        },
        "probability": 0.483298480511,
        "value": "Cluster1"
    },
    "timbre": {
        "all": {
            "bright": 0.964999258518,
            "dark": 0.0350007414818
        },
        "probability": 0.964999258518,
        "value": "bright"
    },
    "tonal_atonal": {
        "all": {
            "atonal": 0.116121686995,
            "tonal": 0.883878290653
        },
        "probability": 0.883878290653,
        "value": "tonal"
    },
    "voice_instrumental": {
        "all": {
            "instrumental": 0.478360086679,
            "voice": 0.521639943123
        },
        "probability": 0.521639943123,
        "value": "voice"
    }
},
"lowlevel": {
    "average_loudness": 0.985893309116,
    "barkbands_crest": {
        "dmean": 3.04311704636,
        "dmean2": 5.14866924286,
        "dvar": 8.93659687042,
        "dvar2": 23.8329677582,
        "max": 22.6086387634,
        "mean": 8.69472312927,
        "median": 7.81037044525,
        "min": 2.80640792847,
        "var": 15.0626068115
    },
    "barkbands_flatness_db": {
        "dmean": 0.0215234309435,
        "dmean2": 0.0353185236454,
        "dvar": 0.000402161822421,
        "dvar2": 0.00107869156636,
        "max": 0.246777698398,
        "mean": 0.109172940254,
        "median": 0.109513007104,
        "min": 0.0298422668129,
        "var": 0.000905051943846
    },
    "barkbands_kurtosis": {
        "dmean": 1.62339794636,
        "dmean2": 2.81153702736,
        "dvar": 7.59168291092,
        "dvar2": 21.2098693848,
        "max": 24.2350215912,
        "mean": 0.394529223442,
        "median": -0.501882314682,
        "min": -1.74318158627,
        "var": 7.45924329758
    },
    "barkbands_skewness": {
        "dmean": 0.543923735619,
        "dmean2": 0.892761826515,
        "dvar": 0.318902730942,
        "dvar2": 0.825262725353,
        "max": 4.84457015991,
        "mean": 1.03148007393,
        "median": 0.920822620392,
        "min": -1.0074788332,
        "var": 0.624050736427
    },
    "barkbands_spread": {
        "dmean": 7.92797088623,
        "dmean2": 12.9805850983,
        "dvar": 51.6375656128,
        "dvar2": 137.551864624,
        "max": 73.4586486816,
        "mean": 39.1676139832,
        "median": 38.992931366,
        "min": 8.34707832336,
        "var": 118.17401123
    },
    "dissonance": {
        "dmean": 0.0104118222371,
        "dmean2": 0.0176433473825,
        "dvar": 8.60393192852e-05,
        "dvar2": 0.000249720644206,
        "max": 0.500000178814,
        "mean": 0.481711596251,
        "median": 0.484227359295,
        "min": 0.409249961376,
        "var": 0.000154231194756
    },
    "dynamic_complexity": 0.802229046822,
    "erbbands_crest": {
        "dmean": 2.34537553787,
        "dmean2": 3.92835283279,
        "dvar": 5.61082315445,
        "dvar2": 15.8024244308,
        "max": 24.3396873474,
        "mean": 7.05724620819,
        "median": 6.41327238083,
        "min": 2.24199032784,
        "var": 8.68915271759
    },
    "erbbands_flatness_db": {
        "dmean": 0.0179332811385,
        "dmean2": 0.0237924046814,
        "dvar": 0.00021483922319,
        "dvar2": 0.00037272987538,
        "max": 0.223918750882,
        "mean": 0.137001618743,
        "median": 0.138430565596,
        "min": 0.0701257288456,
        "var": 0.000850416137837
    },
    "erbbands_kurtosis": {
        "dmean": 0.659320116043,
        "dmean2": 1.07243061066,
        "dvar": 0.444405943155,
        "dvar2": 1.1501750946,
        "max": 7.17216396332,
        "mean": 0.00057914305944,
        "median": -0.228016138077,
        "min": -1.68564474583,
        "var": 1.00234997272
    },
    "erbbands_skewness": {
        "dmean": 0.304702609777,
        "dmean2": 0.491915941238,
        "dvar": 0.0619234442711,
        "dvar2": 0.156864345074,
        "max": 0.888398706913,
        "mean": -0.604270040989,
        "median": -0.609218895435,
        "min": -2.3444609642,
        "var": 0.193536132574
    },
    "erbbands_spread": {
        "dmean": 8.59703159332,
        "dmean2": 13.3160066605,
        "dvar": 57.6011772156,
        "dvar2": 140.001022339,
        "max": 95.1586151123,
        "mean": 42.859500885,
        "median": 41.4576644897,
        "min": 11.448220253,
        "var": 152.472473145
    },
    "hfc": {
        "dmean": 9.80714130402,
        "dmean2": 14.0837850571,
        "dvar": 114.003158569,
        "dvar2": 228.504821777,
        "max": 114.698654175,
        "mean": 34.3837165833,
        "median": 30.3260746002,
        "min": 7.38149166107,
        "var": 303.567871094
    },
    "melbands_crest": {
        "dmean": 4.01125144958,
        "dmean2": 6.76184749603,
        "dvar": 12.428814888,
        "dvar2": 34.231010437,
        "max": 31.6354789734,
        "mean": 14.4332141876,
        "median": 13.7966938019,
        "min": 3.75298047066,
        "var": 23.1441287994
    },
    "melbands_flatness_db": {
        "dmean": 0.0291009992361,
        "dmean2": 0.0480473153293,
        "dvar": 0.00077937124297,
        "dvar2": 0.00204830453731,
        "max": 0.307553619146,
        "mean": 0.155641660094,
        "median": 0.155131831765,
        "min": 0.0448264665902,
        "var": 0.00192576472182
    },
    "melbands_kurtosis": {
        "dmean": 7.32154846191,
        "dmean2": 12.5500631332,
        "dvar": 149.528778076,
        "dvar2": 408.608306885,
        "max": 105.071029663,
        "mean": 9.2140083313,
        "median": 5.59742832184,
        "min": -1.59272456169,
        "var": 145.320755005
    },
    "melbands_skewness": {
        "dmean": 0.908980071545,
        "dmean2": 1.48933947086,
        "dvar": 1.08218288422,
        "dvar2": 2.76326227188,
        "max": 9.16268348694,
        "mean": 2.65408730507,
        "median": 2.41098499298,
        "min": -0.348542392254,
        "var": 1.75194609165
    },
    "melbands_spread": {
        "dmean": 11.9482774734,
        "dmean2": 19.6205615997,
        "dvar": 112.112068176,
        "dvar2": 281.703491211,
        "max": 109.217338562,
        "mean": 37.5462303162,
        "median": 35.7159843445,
        "min": 4.31140470505,
        "var": 289.799530029
    },
    "pitch_salience": {
        "dmean": 0.08346221596,
        "dmean2": 0.142364501953,
        "dvar": 0.00554790301248,
        "dvar2": 0.0163158643991,
        "max": 0.757106244564,
        "mean": 0.517751634121,
        "median": 0.524901211262,
        "min": 0.15265019238,
        "var": 0.00995946954936
    },
    "silence_rate_20dB": {
        "dmean": 0,
        "dmean2": 0,
        "dvar": 0,
        "dvar2": 0,
        "max": 1,
        "mean": 1,
        "median": 1,
        "min": 1,
        "var": 0
    },
    "silence_rate_30dB": {
        "dmean": 0,
        "dmean2": 0,
        "dvar": 0,
        "dvar2": 0,
        "max": 1,
        "mean": 1,
        "median": 1,
        "min": 1,
        "var": 0
    },
    "silence_rate_60dB": {
        "dmean": 0,
        "dmean2": 0,
        "dvar": 0,
        "dvar2": 0,
        "max": 0,
        "mean": 0,
        "median": 0,
        "min": 0,
        "var": 0
    },
    "spectral_centroid": {
        "dmean": 274.993011475,
        "dmean2": 456.269256592,
        "dvar": 49507.7460938,
        "dvar2": 128155.609375,
        "max": 3267.84887695,
        "mean": 2278.51074219,
        "median": 2288.49047852,
        "min": 1220.82971191,
        "var": 142148.46875
    },
    "spectral_complexity": {
        "dmean": 5.06965923309,
        "dmean2": 7.45701026917,
        "dvar": 20.9641017914,
        "dvar2": 42.4987449646,
        "max": 59,
        "mean": 30.8955917358,
        "median": 29,
        "min": 13,
        "var": 95.7361907959
    },
    "spectral_decrease": {
        "dmean": 3.41650419067e-09,
        "dmean2": 5.81874681771e-09,
        "dvar": 2.09170336093e-17,
        "dvar2": 5.58491173772e-17,
        "max": -1.84254134172e-09,
        "mean": -8.40183123074e-09,
        "median": -7.2025083675e-09,
        "min": -3.37470673628e-08,
        "var": 2.18194099026e-17
    },
    "spectral_energy": {
        "dmean": 0.0134264500812,
        "dmean2": 0.0225527714938,
        "dvar": 0.000305365771055,
        "dvar2": 0.000811492558569,
        "max": 0.130615383387,
        "mean": 0.0348291397095,
        "median": 0.0297845918685,
        "min": 0.00786354672164,
        "var": 0.000331321673002
    },
    "spectral_energyband_high": {
        "dmean": 0.000870400457643,
        "dmean2": 0.00113607675303,
        "dvar": 1.28026260882e-06,
        "dvar2": 2.37081917476e-06,
        "max": 0.0106568532065,
        "mean": 0.00190514151473,
        "median": 0.0012042101007,
        "min": 9.90452754195e-05,
        "var": 3.17384296977e-06
    },
    "spectral_energyband_low": {
        "dmean": 0.0118074528873,
        "dmean2": 0.0207523070276,
        "dvar": 0.000318269158015,
        "dvar2": 0.000853923265822,
        "max": 0.116759851575,
        "mean": 0.0174383278936,
        "median": 0.0126975085586,
        "min": 0.000140199830639,
        "var": 0.000308214337565
    },
    "spectral_energyband_middle_high": {
        "dmean": 0.00228643137962,
        "dmean2": 0.00377155817114,
        "dvar": 4.5010933718e-06,
        "dvar2": 1.26304639707e-05,
        "max": 0.0320767499506,
        "mean": 0.00800456572324,
        "median": 0.00756442686543,
        "min": 0.001506582601,
        "var": 1.2221862562e-05
    },
    "spectral_energyband_middle_low": {
        "dmean": 0.0040002153255,
        "dmean2": 0.00660814670846,
        "dvar": 2.82362034341e-05,
        "dvar2": 7.31561885914e-05,
        "max": 0.0502251461148,
        "mean": 0.00923894718289,
        "median": 0.00800700765103,
        "min": 0.000653662602417,
        "var": 3.71878813894e-05
    },
    "spectral_entropy": {
        "dmean": 0.134636327624,
        "dmean2": 0.179937601089,
        "dvar": 0.0150224594399,
        "dvar2": 0.0260003712028,
        "max": 8.42179584503,
        "mean": 7.78371047974,
        "median": 7.7758398056,
        "min": 7.1751499176,
        "var": 0.0628413259983
    },
    "spectral_flux": {
        "dmean": 0.0289636440575,
        "dmean2": 0.0447153411806,
        "dvar": 0.00113937142305,
        "dvar2": 0.00242129643448,
        "max": 0.298198223114,
        "mean": 0.108758464456,
        "median": 0.0963863283396,
        "min": 0.0459441021085,
        "var": 0.00198328332044
    },
    "spectral_kurtosis": {
        "dmean": 1.11012601852,
        "dmean2": 1.85636246204,
        "dvar": 0.908911466599,
        "dvar2": 2.49441599846,
        "max": 8.85750961304,
        "mean": 3.11170721054,
        "median": 2.83314800262,
        "min": 0.235504388809,
        "var": 1.79841458797
    },
    "spectral_rms": {
        "dmean": 0.00102723331656,
        "dmean2": 0.00167719973251,
        "dvar": 1.31020510707e-06,
        "dvar2": 3.37244955517e-06,
        "max": 0.0112884733826,
        "mean": 0.00567012792453,
        "median": 0.00539056025445,
        "min": 0.00276979291812,
        "var": 1.82927135484e-06
    },
    "spectral_rolloff": {
        "dmean": 778.445983887,
        "dmean2": 1329.05444336,
        "dvar": 685663,
        "dvar2": 1713915,
        "max": 7493.5546875,
        "mean": 2410.21801758,
        "median": 2627.05078125,
        "min": 86.1328125,
        "var": 1427517.875
    },
    "spectral_skewness": {
        "dmean": 0.176787644625,
        "dmean2": 0.288295269012,
        "dvar": 0.0213312320411,
        "dvar2": 0.0534648746252,
        "max": 2.60062837601,
        "mean": 1.04496622086,
        "median": 1.04539084435,
        "min": 0.278538256884,
        "var": 0.0470194816589
    },
    "spectral_spread": {
        "dmean": 582230.25,
        "dmean2": 779283.8125,
        "dvar": 365933297664,
        "dvar2": 663750246400,
        "max": 13152839,
        "mean": 4173253.75,
        "median": 3964648.25,
        "min": 2223937,
        "var": 1.00514594816e+12
    },
    "spectral_strongpeak": {
        "dmean": 0.416876077652,
        "dmean2": 0.741080462933,
        "dvar": 0.852687418461,
        "dvar2": 2.1661965847,
        "max": 13.54337883,
        "mean": 0.555334508419,
        "median": 0.319834679365,
        "min": 0,
        "var": 0.760930001736
    },
    "zerocrossingrate": {
        "dmean": 0.0124655328691,
        "dmean2": 0.0153424702585,
        "dvar": 0.000115551840281,
        "dvar2": 0.000173898137291,
        "max": 0.20361328125,
        "mean": 0.0812389701605,
        "median": 0.07861328125,
        "min": 0.0205078125,
        "var": 0.000621266954113
    },
    "barkbands": {
        "dmean": [0.000635403092019, 0.00805161707103, 0.00385507405736, 0.00263406173326, 0.00130028475542, 0.000688072992489, 0.000447003520094, 0.00046008778736, 0.000613212469034, 0.000431747495895, 0.000551970151719, 0.000278906198218, 0.00022412398539, 0.000499014218803, 0.000458853290183, 0.00037491202238, 0.000397920142859, 0.000520228524692, 0.000792564998847, 0.000333156989655, 0.000233420621953, 0.000191682978766, 0.000142197168316, 0.000176068628207, 0.000109773049189, 8.60951986397e-05, 1.30507629592e-07],
        "dmean2": [0.00102645868901, 0.0140054551885, 0.00690728891641, 0.0046462956816, 0.0022061006166, 0.00106109678745, 0.000688364030793, 0.000753057713155, 0.00100411789026, 0.000730355852284, 0.000898538390175, 0.000468438403914, 0.000388573564123, 0.000836172082927, 0.000789355894085, 0.00063246593345, 0.000671092304401, 0.000893096614163, 0.00133286230266, 0.000556928978767, 0.000353678944521, 0.000274956051726, 0.000192495455849, 0.000245794188231, 0.000164657059941, 0.000133346169605, 2.35011654581e-07],
        "dvar": [1.23446397993e-06, 0.000194589651073, 3.88182816096e-05, 2.49200475082e-05, 2.68169446827e-06, 9.26224913655e-07, 5.35567039606e-07, 4.66846557856e-07, 6.44865679078e-07, 5.14145540365e-07, 1.06075776785e-06, 1.88807575796e-07, 2.58049794866e-07, 7.74034276674e-07, 6.45658758458e-07, 2.14026869116e-07, 2.08075448427e-07, 2.91042368872e-07, 8.37087952732e-07, 1.20990677033e-07, 7.72154109541e-08, 6.86322181309e-08, 3.97763706417e-08, 6.53435208164e-08, 2.95724937871e-08, 3.13630579285e-08, 1.57701786742e-13],
        "dvar2": [3.0174769563e-06, 0.000527305004653, 0.000112061847176, 6.79229415255e-05, 7.36852553018e-06, 1.99974238058e-06, 1.07581604425e-06, 1.23257075302e-06, 1.67047244304e-06, 1.49673689975e-06, 2.56549924416e-06, 5.13247698564e-07, 8.09995356121e-07, 2.26384418056e-06, 1.87759974324e-06, 5.72616045247e-07, 5.6066352272e-07, 8.4384839738e-07, 2.25197754844e-06, 3.17640086678e-07, 1.71141792293e-07, 1.44190920537e-07, 7.55326254875e-08, 1.35568143378e-07, 6.66767476787e-08, 7.26536413254e-08, 4.21811782551e-13],
        "max": [0.0108050247654, 0.084071919322, 0.055011831224, 0.040459934622, 0.0147513085976, 0.0113489245996, 0.0111474012956, 0.00793969724327, 0.0115288775414, 0.00710619008169, 0.0143300257623, 0.00755056133494, 0.00952913332731, 0.0140791181475, 0.013043875806, 0.00742781441659, 0.00534055242315, 0.00647699553519, 0.011868763715, 0.00340819125995, 0.0031413550023, 0.00257215439342, 0.00252123712562, 0.0025186536368, 0.0016583603574, 0.00153238873463, 4.73979889648e-06],
        "mean": [0.00068170070881, 0.0100669665262, 0.00501837488264, 0.00286797131412, 0.0024800230749, 0.00130816164892, 0.000807427917607, 0.000728334765881, 0.000939120014664, 0.000612805015408, 0.000780436268542, 0.000416868337197, 0.00034161520307, 0.000780703674536, 0.000734159431886, 0.00062746607, 0.000716902199201, 0.000977135961875, 0.00160991365556, 0.000760814233217, 0.000489332538564, 0.000364676554454, 0.000236246560235, 0.000251771853073, 0.000138282310218, 9.188214608e-05, 8.84829844949e-08],
        "median": [0.000195858097868, 0.00544215785339, 0.00320880487561, 0.0014086717274, 0.00190732139163, 0.000687221938279, 0.000307231588522, 0.000441566400696, 0.000582221080549, 0.000311204232275, 0.000302842672681, 0.000262979621766, 0.000214540836168, 0.000463959237095, 0.000539116444997, 0.000473748252261, 0.000514667364769, 0.000778529793024, 0.00128092046361, 0.000636500830296, 0.000348345260136, 0.000218261120608, 0.000101444260508, 9.49210298131e-05, 4.85851851408e-05, 1.44933010233e-05, 1.28866151083e-09],
        "min": [1.10491555461e-06, 1.51459826156e-05, 9.18741170608e-06, 9.72035559244e-06, 6.24611639068e-05, 2.53921939475e-06, 2.10650159715e-06, 1.68549850059e-05, 1.86052857316e-05, 1.12082761916e-05, 4.75023352919e-06, 1.78705722647e-05, 7.33249771656e-06, 2.03992804018e-05, 5.79128718527e-05, 1.99049027287e-05, 3.65873347619e-05, 4.31404623669e-05, 0.000135979265906, 9.6194089565e-05, 2.41246380028e-05, 1.2259716641e-05, 6.14794032572e-07, 1.1547494978e-06, 1.38104114811e-08, 4.55331883309e-11, 6.6575512464e-12],
        "var": [1.51179642671e-06, 0.000185471784789, 3.25411274389e-05, 2.10122943827e-05, 4.52999393019e-06, 2.55599024968e-06, 1.5062954617e-06, 7.78067771989e-07, 1.06755385332e-06, 7.41153030503e-07, 1.78201048584e-06, 3.20820277011e-07, 3.18507375141e-07, 1.05276615159e-06, 9.88532974588e-07, 3.41501930734e-07, 4.64512794451e-07, 5.26206633822e-07, 1.35323148243e-06, 2.22693415708e-07, 1.7528320484e-07, 1.41348564853e-07, 9.47330462964e-08, 1.12790232265e-07, 4.07728357743e-08, 3.75498636629e-08, 1.09491476758e-13]
    },
    "erbbands": {
        "dmean": [0.222799107432, 1.93744421005, 4.33869314194, 7.20567750931, 5.27769088745, 4.74839925766, 7.29134273529, 3.66152358055, 3.69723200798, 9.97891235352, 11.4199342728, 9.6774520874, 12.9750375748, 25.3310432434, 10.1817579269, 10.6410598755, 9.25446891785, 27.854801178, 19.7053470612, 19.9326839447, 22.6776180267, 19.4929485321, 22.5716915131, 30.6406288147, 37.5237808228, 16.6239337921, 10.944975853, 8.26157283783, 7.38074350357, 4.87176370621, 4.07327795029, 4.44136571884, 2.43414759636, 1.6016112566, 0.613098621368, 0.551946401596, 0.111135110259, 0.00840655528009, 0.000180472066859, 2.41984562308e-05],
        "dmean2": [0.372420579195, 3.41072010994, 7.75596904755, 12.8008480072, 8.96974658966, 7.98903036118, 11.5783758163, 5.82051277161, 5.93507528305, 14.9961652756, 18.921163559, 15.7397575378, 21.8728141785, 41.8656044006, 16.6888580322, 18.0227584839, 15.7734146118, 46.5032920837, 33.6305389404, 33.8987045288, 38.3285064697, 32.7457618713, 38.9023361206, 51.6655158997, 63.5355834961, 28.0221328735, 17.2883205414, 12.3907823563, 10.6668844223, 6.5962729454, 5.52538442612, 6.19451141357, 3.61503505707, 2.44670462608, 0.941025078297, 0.869526326656, 0.169021189213, 0.0134371649474, 0.000276652805042, 3.67977954738e-05],
        "dvar": [0.136506974697, 12.5726099014, 55.1581306458, 162.220581055, 57.5868377686, 39.9033317566, 85.0051879883, 25.2074546814, 40.3461761475, 338.730072021, 298.469360352, 204.702102661, 317.719329834, 1525.96069336, 348.776794434, 195.586837769, 298.787841797, 2169.89135742, 2160.79711914, 644.36328125, 781.695800781, 434.407928467, 549.219543457, 851.66418457, 2483.54052734, 318.355010986, 160.655761719, 111.723167419, 103.182769775, 47.0417098999, 32.429271698, 44.0597076416, 14.3069381714, 6.49127531052, 0.982981204987, 1.45156538486, 0.0431571118534, 0.000778285961132, 2.11740569966e-07, 1.02495167909e-09],
        "dvar2": [0.34549254179, 35.05128479, 158.349517822, 441.706085205, 154.621658325, 109.979400635, 200.492050171, 61.0582695007, 94.3868331909, 637.248413086, 791.529602051, 519.573303223, 892.73626709, 3826.52563477, 909.940246582, 553.951416016, 897.904418945, 6600.84375, 6833.18066406, 1543.87988281, 2107.58935547, 1137.57019043, 1542.10852051, 2274.83422852, 6655.02783203, 852.19909668, 366.011810303, 234.694442749, 215.58505249, 97.9460983276, 58.7223930359, 90.9395751953, 32.4530982971, 15.0053787231, 2.28693294525, 3.38177537918, 0.098870575428, 0.00202965084463, 5.32406772891e-07, 2.38273267783e-09],
        "max": [3.14814066887, 23.2728805542, 51.9317855835, 98.5570526123, 74.7491378784, 65.6176376343, 96.7804107666, 50.2159042358, 86.6066055298, 317.944824219, 196.26751709, 292.513916016, 202.207427979, 446.915893555, 414.707977295, 218.786315918, 315.00201416, 534.308532715, 761.932495117, 547.596923828, 387.221679688, 270.173919678, 282.788421631, 324.732147217, 654.521484375, 156.824447632, 143.29864502, 112.00428772, 101.12223053, 70.3533248901, 64.3709106445, 69.4733428955, 28.7987594604, 26.9943408966, 7.53927326202, 12.0071306229, 1.70772790909, 0.719843566418, 0.010589024052, 0.000384646496968],
        "mean": [0.284133642912, 2.27037000656, 5.57851266861, 8.80718135834, 7.94234514236, 8.59791564941, 12.7026262283, 7.09819030762, 7.45063209534, 17.2876358032, 18.8451385498, 15.8198213577, 20.1277961731, 37.4248008728, 16.7555847168, 16.753692627, 16.6294498444, 43.4806632996, 32.9607696533, 35.1452064514, 40.7486534119, 39.0662269592, 46.9858779907, 69.3938217163, 76.4267654419, 38.1409797668, 23.49177742, 17.2927379608, 14.049779892, 8.27953243256, 6.7241268158, 6.28817749023, 3.39141058922, 2.01196050644, 0.723470449448, 0.580524563789, 0.118330031633, 0.00953209493309, 0.00022487581009, 5.64844631299e-05],
        "median": [0.144106969237, 1.23739326, 3.72000575066, 5.12755966187, 5.77017593384, 5.89168977737, 8.03606510162, 4.09677791595, 2.89701962471, 7.26957607269, 10.922990799, 10.3234272003, 11.8073749542, 16.5107040405, 10.0490264893, 11.4321660995, 11.9789409637, 26.2109489441, 22.1083602905, 26.543466568, 30.5440635681, 31.0851745605, 38.3812408447, 60.5909080505, 59.1736564636, 32.4960632324, 17.2356815338, 11.5220785141, 8.64997005463, 3.95077896118, 2.83874702454, 2.16218161583, 1.36011171341, 0.717314660549, 0.245198369026, 0.114624164999, 0.0172047764063, 0.000890922034159, 4.63054893771e-05, 4.22964621976e-05],
        "min": [0.000357094861101, 0.00902326311916, 0.054286018014, 0.0272137429565, 0.0772583782673, 0.207921028137, 0.260542184114, 0.105001144111, 0.102980211377, 0.133314341307, 0.356537491083, 0.512960374355, 0.431643635035, 0.659904897213, 0.625567436218, 1.09818077087, 1.505194664, 2.51538968086, 1.75116288662, 3.34884977341, 3.05111598969, 2.98409819603, 2.56999564171, 5.91369915009, 8.42377758026, 5.18013286591, 1.67694616318, 0.348742157221, 0.550597906113, 0.0966226384044, 0.0541719011962, 0.0478781722486, 0.0265171155334, 0.00952836778015, 0.00173818483017, 0.000143107827171, 2.31765479839e-05, 5.88339935348e-06, 6.44024112262e-06, 1.04203973024e-05],
        "var": [0.162032708526, 10.3168745041, 43.0126953125, 142.742385864, 62.8312988281, 77.7281646729, 179.168899536, 64.7890701294, 142.692565918, 854.918334961, 474.972442627, 304.974609375, 493.198120117, 2580.74291992, 669.724914551, 296.738098145, 456.540557861, 2971.55419922, 2580.73950195, 1183.51416016, 1332.65966797, 1019.53295898, 1223.68884277, 1727.94909668, 3714.97143555, 558.470031738, 340.427215576, 242.496932983, 202.82383728, 105.761428833, 78.4056091309, 76.3681335449, 21.1562614441, 8.80268096924, 1.20800220966, 1.60774719715, 0.0554840117693, 0.00184095767327, 4.49417115078e-07, 1.62989310937e-09]
    },
    "gfcc": {
        "mean": [51.591091156, 76.4673690796, -128.863098145, 62.3751029968, -51.3980255127, 18.9422588348, -34.5100135803, 18.6109428406, -29.8746700287, 2.0290594101, -17.7594070435, -5.5599937439, -10.3043079376],
        "cov": [[919.725341797, -602.558166504, 373.680938721, -95.82006073, -76.74974823, 127.508842468, -135.800308228, -1.83371436596, -69.3260879517, 29.4369792938, -151.891921997, 94.9953384399, -156.43560791], [-602.558166504, 685.687683105, -252.559112549, 131.872497559, 86.8137969971, -115.821525574, 140.812530518, 24.3203678131, 91.149772644, -45.5173377991, 134.865585327, -110.463195801, 142.95274353], [373.680938721, -252.559112549, 385.786895752, -4.41663217545, 11.3707675934, 87.9648590088, -39.1102714539, 33.3261070251, -10.9296865463, 55.7531738281, -51.60546875, 66.9132614136, -73.9627838135], [-95.82006073, 131.872497559, -4.41663217545, 176.581512451, 49.4413414001, 17.8924751282, 43.3265609741, 6.46867084503, 57.8206634521, -20.1329727173, 55.448009491, -37.8739433289, 39.0379486084], [-76.74974823, 86.8137969971, 11.3707675934, 49.4413414001, 140.883621216, 28.8313064575, 56.1163291931, 16.9276313782, 30.9557094574, 30.7087039948, 24.0299797058, 8.16778087616, 22.3067531586], [127.508842468, -115.821525574, 87.9648590088, 17.8924751282, 28.8313064575, 154.042022705, 16.0229682922, -4.55721712112, -13.6693458557, 4.46965789795, -6.26726007462, 32.6735572815, 17.6934452057], [-135.800308228, 140.812530518, -39.1102714539, 43.3265609741, 56.1163291931, 16.0229682922, 109.273582458, 36.1745681763, 36.4844284058, -5.14389944077, 29.375667572, -12.0457668304, 37.7602996826], [-1.83371436596, 24.3203678131, 33.3261070251, 6.46867084503, 16.9276313782, -4.55721712112, 36.1745681763, 93.6409683228, 31.5554790497, 15.6193246841, 1.41033983231, -3.53397703171, 2.12394928932], [-69.3260879517, 91.149772644, -10.9296865463, 57.8206634521, 30.9557094574, -13.6693458557, 36.4844284058, 31.5554790497, 85.4030380249, 14.8233556747, 32.3764152527, -19.9524326324, 5.57306814194], [29.4369792938, -45.5173377991, 55.7531738281, -20.1329727173, 30.7087039948, 4.46965789795, -5.14389944077, 15.6193246841, 14.8233556747, 81.407951355, 12.8575248718, 27.0901222229, -14.8902454376], [-151.891921997, 134.865585327, -51.60546875, 55.448009491, 24.0299797058, -6.26726007462, 29.375667572, 1.41033983231, 32.3764152527, 12.8575248718, 89.7180175781, -2.22897529602, 45.7261047363], [94.9953384399, -110.463195801, 66.9132614136, -37.8739433289, 8.16778087616, 32.6735572815, -12.0457668304, -3.53397703171, -19.9524326324, 27.0901222229, -2.22897529602, 84.6967315674, 9.07726287842], [-156.43560791, 142.95274353, -73.9627838135, 39.0379486084, 22.3067531586, 17.6934452057, 37.7602996826, 2.12394928932, 5.57306814194, -14.8902454376, 45.7261047363, 9.07726287842, 111.773277283]],
        "icov": [[0.00366814015433, 0.00145429070108, -0.00161378644407, -0.000328059279127, 0.000505952979438, -0.00117820221931, 0.00143840105738, -0.000462606112706, -0.000628012930974, 0.000962600926869, 0.00198592641391, -0.00104765454307, 0.00136116938666], [0.00145429070108, 0.00801380071789, -0.0016884484794, 0.00192111055367, -0.00303038395941, 0.00522915646434, -0.00411804020405, 0.00147202017251, -0.00201043928973, 0.00325992237777, -0.00533078191802, 0.00783471483737, -0.00678282696754], [-0.00161378644407, -0.0016884484794, 0.00645297858864, -0.0031698141247, 0.000705176556949, -0.00273625133559, 0.00147624337114, -0.00271880696528, 0.00142053223681, -0.00340851815417, 0.00249292189255, -0.00475802551955, 0.0039649954997], [-0.000328059279127, 0.00192111055367, -0.0031698141247, 0.0135147748515, -0.00425588479266, 0.000622887455393, -0.000800328794867, 0.00248603220098, -0.0066627850756, 0.00659593008459, -0.00803747214377, 0.00821859948337, -0.0049284058623], [0.000505952979438, -0.00303038395941, 0.000705176556949, -0.00425588479266, 0.013033721596, -0.0035053496249, -0.00322605064139, 0.000183397743967, 0.000604064262006, -0.00698134768754, 0.00486817397177, -0.00515866745263, 0.0030442061834], [-0.00117820221931, 0.00522915646434, -0.00273625133559, 0.000622887455393, -0.0035053496249, 0.0140188941732, -0.0063188043423, 0.0031622860115, 0.00056840851903, 0.00232006236911, -0.004083505366, 0.00491432240233, -0.00825783703476], [0.00143840105738, -0.00411804020405, 0.00147624337114, -0.000800328794867, -0.00322605064139, -0.0063188043423, 0.0206077303737, -0.00688742473722, -0.0025140135549, 0.00233274069615, 0.0026329299435, -0.0047164671123, 0.00309140072204], [-0.000462606112706, 0.00147202017251, -0.00271880696528, 0.00248603220098, 0.000183397743967, 0.0031622860115, -0.00688742473722, 0.0161144174635, -0.00528751686215, -0.00141712208278, 0.00037359673297, 0.00381061667576, -0.00410153437406], [-0.000628012930974, -0.00201043928973, 0.00142053223681, -0.0066627850756, 0.000604064262006, 0.00056840851903, -0.0025140135549, -0.00528751686215, 0.0222690161318, -0.00570864463225, -0.00191313610412, -0.0003506441426, 0.00463889027014], [0.000962600926869, 0.00325992237777, -0.00340851815417, 0.00659593008459, -0.00698134768754, 0.00232006236911, 0.00233274069615, -0.00141712208278, -0.00570864463225, 0.0232391096652, -0.00934278219938, -0.00016916054301, 9.99934272841e-05], [0.00198592641391, -0.00533078191802, 0.00249292189255, -0.00803747214377, 0.00486817397177, -0.004083505366, 0.0026329299435, 0.00037359673297, -0.00191313610412, -0.00934278219938, 0.0276321768761, -0.010111477226, 0.00120003789198], [-0.00104765454307, 0.00783471483737, -0.00475802551955, 0.00821859948337, -0.00515866745263, 0.00491432240233, -0.0047164671123, 0.00381061667576, -0.0003506441426, -0.00016916054301, -0.010111477226, 0.0299333650619, -0.0140322828665], [0.00136116938666, -0.00678282696754, 0.0039649954997, -0.0049284058623, 0.0030442061834, -0.00825783703476, 0.00309140072204, -0.00410153437406, 0.00463889027014, 9.99934272841e-05, 0.00120003789198, -0.0140322828665, 0.0240355860442]]
    },
    "melbands": {
        "dmean": [0.00208181841299, 0.00234820274636, 0.00112924736459, 0.000316079414915, 0.000234122664551, 9.30813403102e-05, 6.41711085336e-05, 0.000104855898826, 9.4628878287e-05, 7.05528364051e-05, 6.69581495458e-05, 0.000101245976111, 5.04539493704e-05, 2.61544646492e-05, 2.81341017399e-05, 2.70603068202e-05, 5.68287396163e-05, 3.09205570375e-05, 3.42550229107e-05, 2.3474878617e-05, 2.85260503006e-05, 2.29776651395e-05, 2.11157130252e-05, 2.8269685572e-05, 2.6062314646e-05, 4.42312266387e-05, 1.43338384078e-05, 1.1130785424e-05, 8.27498479339e-06, 5.74063960812e-06, 5.02197872265e-06, 4.96980692333e-06, 3.19495870826e-06, 2.72404281532e-06, 2.31884246205e-06, 3.09222946271e-06, 2.54633391705e-06, 1.83595000181e-06, 1.58471061695e-06, 1.41152304423e-06],
        "dmean2": [0.00356682715937, 0.00418138038367, 0.00198699417524, 0.000531690951902, 0.000373857183149, 0.000144736230141, 0.000101959420135, 0.000159826566232, 0.000156412890647, 0.000114790716907, 0.00011322912178, 0.000168030601344, 8.25548704597e-05, 4.35564070358e-05, 4.76321183669e-05, 4.64006661787e-05, 9.41976613831e-05, 5.30740508111e-05, 5.85894958931e-05, 4.00441022066e-05, 4.80069429614e-05, 3.85256171285e-05, 3.62743921869e-05, 4.89906669827e-05, 4.40481562691e-05, 7.52089108573e-05, 2.4032424335e-05, 1.87759487744e-05, 1.3474118532e-05, 8.94811728358e-06, 7.72258772486e-06, 7.57219504521e-06, 4.47859883934e-06, 3.86422971133e-06, 3.24176221511e-06, 4.46208059657e-06, 3.60254398402e-06, 2.83548797597e-06, 2.43524550569e-06, 2.218021109e-06],
        "dvar": [1.21508974189e-05, 1.70404946402e-05, 3.65870755559e-06, 1.6440188233e-07, 7.38354160035e-08, 1.64249147616e-08, 1.04683159918e-08, 3.16365138531e-08, 1.99790903821e-08, 1.06417994417e-08, 8.98447005682e-09, 2.32822472412e-08, 8.88924400755e-09, 2.91013302345e-09, 1.53381707335e-09, 3.88784160421e-09, 9.59832391345e-09, 6.21008400259e-09, 2.71854205813e-09, 8.95864160633e-10, 1.23768928439e-09, 6.80338729797e-10, 7.40007666256e-10, 1.20871523901e-09, 7.10014491645e-10, 3.65947228076e-09, 2.29642777017e-10, 1.36466657419e-10, 8.79899070272e-11, 5.34671022734e-11, 4.0878522789e-11, 4.89039503337e-11, 2.04614502425e-11, 1.50402312132e-11, 1.10609247456e-11, 2.32778553377e-11, 1.44953892639e-11, 8.69033664475e-12, 6.28974953717e-12, 5.45716119862e-12],
        "dvar2": [3.20230610669e-05, 4.81406495965e-05, 9.86661143543e-06, 4.51826565495e-07, 1.82012783512e-07, 3.77557398679e-08, 2.38959927401e-08, 6.18904536509e-08, 5.18035960795e-08, 2.76239280339e-08, 2.54248284648e-08, 5.93279452232e-08, 2.26524434765e-08, 8.06096345229e-09, 4.20188950301e-09, 1.22252181711e-08, 2.81027130455e-08, 1.93925249192e-08, 6.44575504083e-09, 2.28774998945e-09, 3.34688987635e-09, 1.78659331773e-09, 2.02905692248e-09, 3.57612939261e-09, 1.85981752221e-09, 9.81528192057e-09, 6.16157624922e-10, 3.62282120969e-10, 2.09315217936e-10, 1.19313475766e-10, 9.01245328366e-11, 1.10013609333e-10, 4.34583306841e-11, 3.27179464077e-11, 2.09457121786e-11, 5.13828354864e-11, 3.0510250576e-11, 2.06910651807e-11, 1.48374385694e-11, 1.28989527393e-11],
        "max": [0.0234155245125, 0.0277159027755, 0.0146732274443, 0.0036408379674, 0.00253662280738, 0.00130728480872, 0.00132478738669, 0.00296636507846, 0.00140658998862, 0.00171972229145, 0.00108250312041, 0.00164897774812, 0.00203778827563, 0.00108835019637, 0.000462986645289, 0.00112483173143, 0.00118585373275, 0.00114286434837, 0.00096641224809, 0.000395402603317, 0.000419441988925, 0.000351263239281, 0.000384120154195, 0.000474885106087, 0.000307719950797, 0.000843720452394, 0.000167530437466, 0.000101751407783, 8.8910710474e-05, 6.88054642524e-05, 6.34999523754e-05, 7.16190552339e-05, 4.48148020951e-05, 3.93285808968e-05, 3.59779405699e-05, 5.12229016749e-05, 3.44484978996e-05, 2.29850593314e-05, 2.44364709943e-05, 2.73522073257e-05],
        "mean": [0.0027216784656, 0.00304178707302, 0.00151022756472, 0.000568713934626, 0.00042764263344, 0.000181853625691, 0.00012657919433, 0.000179741415195, 0.000153565139044, 0.000109701752081, 0.000100655212009, 0.000147491824464, 7.63034549891e-05, 3.85241764889e-05, 4.18844356318e-05, 4.22762204835e-05, 8.58224593685e-05, 4.6221404773e-05, 5.50495751668e-05, 4.0116479795e-05, 4.83206858917e-05, 4.07052320952e-05, 3.77876167477e-05, 4.92959916301e-05, 5.25279174326e-05, 7.67965611885e-05, 3.03880515276e-05, 2.25114927161e-05, 1.58733273565e-05, 1.09233596959e-05, 9.56045460043e-06, 8.8051374405e-06, 5.49207970835e-06, 4.19312436861e-06, 3.65256823898e-06, 4.39465429736e-06, 3.47129639522e-06, 2.38417806031e-06, 2.0372497147e-06, 1.62301648743e-06],
        "median": [0.00146013370249, 0.00208268524148, 0.000972130626906, 0.000425710226409, 0.000295216508675, 9.6649324405e-05, 5.01914328197e-05, 8.37534098537e-05, 8.00931957201e-05, 6.23338855803e-05, 5.82195716561e-05, 6.56494157738e-05, 3.77606775146e-05, 2.14746214624e-05, 2.86640006379e-05, 2.71454282483e-05, 4.66944620712e-05, 2.6933648769e-05, 3.86811443605e-05, 2.93884459097e-05, 3.41909544659e-05, 2.97279111692e-05, 2.56942294072e-05, 3.71930691472e-05, 4.27081322414e-05, 5.41220069863e-05, 2.52333811659e-05, 1.84313812497e-05, 1.17703511933e-05, 7.15234318704e-06, 6.35646711089e-06, 5.56347413294e-06, 2.72336137641e-06, 1.80077654477e-06, 1.45494095705e-06, 1.55707175509e-06, 1.20514516766e-06, 9.50082437612e-07, 7.9225543459e-07, 5.40973815077e-07],
        "min": [4.16272905568e-06, 2.88767641905e-05, 7.00713917468e-06, 3.96625682697e-06, 7.5590060078e-06, 7.44348085391e-07, 5.93392826431e-07, 5.78994900025e-07, 1.19928051845e-06, 2.7539911116e-06, 4.56099769508e-07, 1.84729674402e-06, 1.10571102141e-06, 1.54855570145e-06, 2.2683084353e-06, 1.32128411678e-06, 1.89997774669e-06, 7.48529146222e-07, 2.84834709419e-06, 1.84004875337e-06, 1.42468752529e-06, 2.2086055651e-06, 1.82313328878e-06, 2.34750336858e-06, 4.32105480286e-06, 4.62390016764e-06, 3.68710084331e-06, 1.24443090499e-06, 9.24546782244e-07, 3.09090296469e-07, 1.53842549366e-07, 3.81995107546e-07, 9.21953215993e-08, 1.72346901195e-08, 4.39955050169e-09, 1.57709507675e-08, 1.2520613879e-08, 1.05925508365e-08, 8.78105199664e-10, 1.98569416118e-12],
