{
"highlevel": {
    "danceability": {
        "all": {
            "danceable": 0.961507856846,
            "not_danceable": 0.0384921170771
        },
        "probability": 0.961507856846,
        "value": "danceable"
    },
    "gender": {
        "all": {
            "female": 0.485174030066,
            "male": 0.514825999737
        },
        "probability": 0.514825999737,
        "value": "male"
    },
    "genre_dortmund": {
        "all": {
            "alternative": 0.144589275122,
            "blues": 0.0562117025256,
            "electronic": 0.0802818164229,
            "folkcountry": 0.0519797727466,
            "funksoulrnb": 0.00539672793821,
            "jazz": 0.0255960337818,
            "pop": 0.0292868427932,
            "raphiphop": 0.10237108916,
            "rock": 0.504286766052
        },
        "probability": 0.504286766052,
        "value": "rock"
    },
    "genre_electronic": {
        "all": {
            "ambient": 0.5819658041,
            "dnb": 0.112937696278,
            "house": 0.0347390808165,
            "techno": 0.0212406814098,
            "trance": 0.24911673367
        },
        "probability": 0.5819658041,
        "value": "ambient"
    },
    "genre_rosamerica": {
        "all": {
            "cla": 0.00895481277257,
            "dan": 0.062177926302,
            "hip": 0.0458026118577,
            "jaz": 0.00645873788744,
            "pop": 0.227028012276,
            "rhy": 0.00927782896906,
            "roc": 0.635227918625,
            "spe": 0.00507215270773
        },
        "probability": 0.635227918625,
        "value": "roc"
    },
    "genre_tzanetakis": {
        "all": {
            "blu": 0.0626541376114,
            "cla": 0.0348133966327,
            "cou": 0.0783501937985,
            "dis": 0.104547761381,
            "hip": 0.15693578124,
            "jaz": 0.313987255096,
            "met": 0.044816005975,
            "pop": 0.0627349764109,
            "reg": 0.0627352520823,
            "roc": 0.0784252434969
        },
        "probability": 0.313987255096,
        "value": "jaz"
    },
    "ismir04_rhythm": {
        "all": {
            "ChaChaCha": 0.910771846771,
            "Jive": 0.0312533639371,
            "Quickstep": 0.00337009225041,
            "Rumba-American": 0.013185906224,
            "Rumba-International": 0.00188949739095,
            "Rumba-Misc": 0.000837720173877,
            "Samba": 0.0154781555757,
            "Tango": 0.0082251355052,
            "VienneseWaltz": 0.0136921852827,
            "Waltz": 0.0012961095199
        },
        "probability": 0.910771846771,
        "value": "ChaChaCha"
    },
    "mood_acoustic": {
        "all": {
            "acoustic": 0.0188721958548,
            "not_acoustic": 0.981127798557
        },
        "probability": 0.981127798557,
        "value": "not_acoustic"
    },
    "mood_aggressive": {
        "all": {
            "aggressive": 0.900710046291,
            "not_aggressive": 0.0992899611592
        },
        "probability": 0.900710046291,
        "value": "aggressive"
    },
    "mood_electronic": {
        "all": {
            "electronic": 0.412793427706,
            "not_electronic": 0.587206542492
        },
        "probability": 0.587206542492,
        "value": "not_electronic"
    },
    "mood_happy": {
        "all": {
            "happy": 0.304736226797,
            "not_happy": 0.695263743401
        },
        "probability": 0.695263743401,
        "value": "not_happy"
    },
    "mood_party": {
        "all": {
            "not_party": 0.376071512699,
            "party": 0.623928487301
        },
        "probability": 0.623928487301,
        "value": "party"
    },
    "mood_relaxed": {
        "all": {
            "not_relaxed": 0.890801906586,
            "relaxed": 0.109198108315
        },
        "probability": 0.890801906586,
        "value": "not_relaxed"
    },
    "mood_sad": {
        "all": {
            "not_sad": 0.935518145561,
            "sad": 0.0644818618894
        },
        "probability": 0.935518145561,
        "value": "not_sad"
    },
    "moods_mirex": {
        "all": {
            "Cluster1": 0.367283016443,
            "Cluster2": 0.0505687370896,
            "Cluster3": 0.0647798106074,
            "Cluster4": 0.0995397716761,
            "Cluster5": 0.417828649282
        },
        "probability": 0.417828649282,
        "value": "Cluster5"
    },
    "timbre": {
        "all": {
            "bright": 0.567721605301,
            "dark": 0.432278394699
        },
        "probability": 0.567721605301,
        "value": "bright"
    },
    "tonal_atonal": {
        "all": {
            "atonal": 0.00206351233646,
            "tonal": 0.997936487198
        },
        "probability": 0.997936487198,
        "value": "tonal"
    },
    "voice_instrumental": {
        "all": {
            "instrumental": 0.0398854501545,
            "voice": 0.96011453867
        },
        "probability": 0.96011453867,
        "value": "voice"
    }
},
"lowlevel": {
    "average_loudness": 0.981688320637,
    "barkbands_crest": {
        "dmean": 2.99914169312,
        "dmean2": 4.7014966011,
        "dvar": 8.41208934784,
        "dvar2": 19.4453811646,
        "max": 23.3085689545,
        "mean": 9.62318134308,
        "median": 8.64446163177,
        "min": 2.75561952591,
        "var": 15.848192215
    },
    "barkbands_flatness_db": {
        "dmean": 0.0219002235681,
        "dmean2": 0.0331445001066,
        "dvar": 0.000402785633923,
        "dvar2": 0.000894578930456,
        "max": 0.337989717722,
        "mean": 0.134245216846,
        "median": 0.130334213376,
        "min": 0.0537450313568,
        "var": 0.00155251892284
    },
    "barkbands_kurtosis": {
        "dmean": 2.49738502502,
        "dmean2": 3.80448293686,
        "dvar": 42.5023384094,
        "dvar2": 83.8337173462,
        "max": 148.201339722,
        "mean": 2.45996546745,
        "median": 0.55499124527,
        "min": -1.68255650997,
        "var": 83.4493637085
    },
    "barkbands_skewness": {
        "dmean": 0.557400465012,
        "dmean2": 0.838768005371,
        "dvar": 0.345634520054,
        "dvar2": 0.712929189205,
        "max": 9.95445823669,
        "mean": 1.35839653015,
        "median": 1.17170584202,
        "min": -0.77881449461,
        "var": 1.10705947876
    },
    "barkbands_spread": {
        "dmean": 6.44331550598,
        "dmean2": 9.69130325317,
        "dvar": 47.7645301819,
        "dvar2": 94.0632629395,
        "max": 83.5019073486,
        "mean": 26.3038024902,
        "median": 24.3350391388,
        "min": 1.01686143875,
        "var": 148.72114563
    },
    "dissonance": {
        "dmean": 0.0164878703654,
        "dmean2": 0.0281276572496,
        "dvar": 0.000216327011003,
        "dvar2": 0.000593412201852,
        "max": 0.499957412481,
        "mean": 0.473023355007,
        "median": 0.477395087481,
        "min": 0.353618890047,
        "var": 0.000370737485355
    },
    "dynamic_complexity": 1.6666380167,
    "erbbands_crest": {
        "dmean": 2.4070110321,
        "dmean2": 4.04387807846,
        "dvar": 5.10856819153,
        "dvar2": 12.7812004089,
        "max": 28.0370121002,
        "mean": 7.46620082855,
        "median": 6.85786008835,
        "min": 2.48021554947,
        "var": 9.28663921356
    },
    "erbbands_flatness_db": {
        "dmean": 0.019550262019,
        "dmean2": 0.0287121776491,
        "dvar": 0.00034069645335,
        "dvar2": 0.000737799215131,
        "max": 0.280657380819,
        "mean": 0.150305733085,
        "median": 0.144189372659,
        "min": 0.0652933120728,
        "var": 0.00151825230569
    },
    "erbbands_kurtosis": {
        "dmean": 0.621426641941,
        "dmean2": 1.01422476768,
        "dvar": 0.69438457489,
        "dvar2": 1.84877538681,
        "max": 14.3669300079,
        "mean": -0.127371102571,
        "median": -0.334554195404,
        "min": -1.65674269199,
        "var": 0.921990811825
    },
    "erbbands_skewness": {
        "dmean": 0.328485518694,
        "dmean2": 0.508942842484,
        "dvar": 0.0789143815637,
        "dvar2": 0.179468691349,
        "max": 2.64269709587,
        "mean": -0.0754911154509,
        "median": -0.128941789269,
        "min": -2.59289002419,
        "var": 0.230747684836
    },
    "erbbands_spread": {
        "dmean": 8.41615772247,
        "dmean2": 12.9248723984,
        "dvar": 83.1500701904,
        "dvar2": 178.986129761,
        "max": 147.964889526,
        "mean": 38.5598602295,
        "median": 35.6702651978,
        "min": 9.34864616394,
        "var": 273.584320068
    },
    "hfc": {
        "dmean": 7.77866363525,
        "dmean2": 10.8208866119,
        "dvar": 68.1875,
        "dvar2": 126.611083984,
        "max": 84.5123291016,
        "mean": 25.4074001312,
        "median": 23.1497497559,
        "min": 0.275554001331,
        "var": 221.989700317
    },
    "melbands_crest": {
        "dmean": 4.2091422081,
        "dmean2": 6.46758127213,
        "dvar": 15.9373083115,
        "dvar2": 37.4199447632,
        "max": 33.8564682007,
        "mean": 15.9268465042,
        "median": 15.4204912186,
        "min": 4.32114124298,
        "var": 33.0626831055
    },
    "melbands_flatness_db": {
        "dmean": 0.0283444281667,
        "dmean2": 0.0407711863518,
        "dvar": 0.00072294549318,
        "dvar2": 0.00148923811503,
        "max": 0.451770871878,
        "mean": 0.188681051135,
        "median": 0.182216480374,
        "min": 0.0545039884746,
        "var": 0.0030174870044
    },
    "melbands_kurtosis": {
        "dmean": 7.0778875351,
        "dmean2": 11.080286026,
        "dvar": 295.740142822,
        "dvar2": 659.882324219,
        "max": 400.121185303,
        "mean": 11.2699661255,
        "median": 5.83180046082,
        "min": -1.29649484158,
        "var": 572.409423828
    },
    "melbands_skewness": {
        "dmean": 0.803509891033,
        "dmean2": 1.22118198872,
        "dvar": 0.836917579174,
        "dvar2": 1.79834461212,
        "max": 16.8525791168,
        "mean": 2.57806229591,
        "median": 2.3136537075,
        "min": -0.360043972731,
        "var": 2.58515071869
    },
    "melbands_spread": {
        "dmean": 7.82466936111,
        "dmean2": 12.0081911087,
        "dvar": 57.5841217041,
        "dvar2": 112.518333435,
        "max": 115.021400452,
        "mean": 25.6636810303,
        "median": 24.6138343811,
        "min": 0.711316406727,
        "var": 168.358795166
    },
    "pitch_salience": {
        "dmean": 0.0818324387074,
        "dmean2": 0.12545107305,
        "dvar": 0.00542245805264,
        "dvar2": 0.0132274981588,
        "max": 0.815505087376,
        "mean": 0.523943841457,
        "median": 0.535857260227,
        "min": 0.19902305305,
        "var": 0.0127451634035
    },
    "silence_rate_20dB": {
        "dmean": 0,
        "dmean2": 0,
        "dvar": 0,
        "dvar2": 0,
        "max": 1,
        "mean": 1,
        "median": 1,
        "min": 1,
        "var": 0
    },
    "silence_rate_30dB": {
        "dmean": 0.0356037169695,
        "dmean2": 0.0712625905871,
        "dvar": 0.0343358777463,
        "dvar2": 0.101816877723,
        "max": 1,
        "mean": 0.982211887836,
        "median": 1,
        "min": 0,
        "var": 0.0174718294293
    },
    "silence_rate_60dB": {
        "dmean": 0.00541795650497,
        "dmean2": 0.0100697129965,
        "dvar": 0.00538857560605,
        "dvar2": 0.0115172117949,
        "max": 1,
        "mean": 0.00696055684239,
        "median": 0,
        "min": 0,
        "var": 0.00691228825599
    },
    "spectral_centroid": {
        "dmean": 237.146713257,
        "dmean2": 363.304443359,
        "dvar": 48318.4257812,
        "dvar2": 105351.460938,
        "max": 3236.20874023,
        "mean": 1398.57543945,
        "median": 1380.25549316,
        "min": 224.311584473,
        "var": 164066.109375
    },
    "spectral_complexity": {
        "dmean": 3.90015482903,
        "dmean2": 5.76142501831,
        "dvar": 11.0434303284,
        "dvar2": 21.6193008423,
        "max": 50,
        "mean": 25.5684452057,
        "median": 26,
        "min": 1,
        "var": 75.5400390625
    },
    "spectral_decrease": {
        "dmean": 3.98472188579e-09,
        "dmean2": 5.70364200314e-09,
        "dvar": 3.0276484633e-17,
        "dvar2": 6.2485309499e-17,
        "max": -2.58262689012e-10,
        "mean": -9.27363785763e-09,
        "median": -7.67638841381e-09,
        "min": -4.58485587274e-08,
        "var": 4.64998092422e-17
    },
    "spectral_energy": {
        "dmean": 0.0155309755355,
        "dmean2": 0.0221538152546,
        "dvar": 0.000447923375759,
        "dvar2": 0.000920948630664,
        "max": 0.179002299905,
        "mean": 0.0373053811491,
        "median": 0.0309993531555,
        "min": 0.00106024870183,
        "var": 0.000706141698174
    },
    "spectral_energyband_high": {
        "dmean": 0.000379636330763,
        "dmean2": 0.000536816194654,
        "dvar": 3.11570090616e-07,
        "dvar2": 5.73678278215e-07,
        "max": 0.00657657627016,
        "mean": 0.000835428189021,
        "median": 0.000483044539578,
        "min": 1.54096778715e-06,
        "var": 9.48207571128e-07
    },
    "spectral_energyband_low": {
        "dmean": 0.0101508526132,
        "dmean2": 0.014968813397,
        "dvar": 0.000269495561952,
        "dvar2": 0.000542635505553,
        "max": 0.122889593244,
        "mean": 0.018122849986,
        "median": 0.0136193297803,
        "min": 2.37298881984e-05,
        "var": 0.00037167116534
    },
    "spectral_energyband_middle_high": {
        "dmean": 0.00268910406157,
        "dmean2": 0.00372195825912,
        "dvar": 9.84935195447e-06,
        "dvar2": 1.77287020051e-05,
        "max": 0.0360673479736,
        "mean": 0.00744690792635,
        "median": 0.00556505145505,
        "min": 1.74114247784e-05,
        "var": 3.29169524775e-05
    },
    "spectral_energyband_middle_low": {
        "dmean": 0.00761967757717,
        "dmean2": 0.0118248602375,
        "dvar": 0.000190651160665,
        "dvar2": 0.00044472515583,
        "max": 0.145613744855,
        "mean": 0.0135777425021,
        "median": 0.00932762864977,
        "min": 0.000404895312386,
        "var": 0.00023132613569
    },
    "spectral_entropy": {
        "dmean": 0.147196695209,
        "dmean2": 0.213528037071,
        "dvar": 0.021662781015,
        "dvar2": 0.0426309071481,
        "max": 8.45333385468,
        "mean": 7.70199298859,
        "median": 7.71147108078,
        "min": 6.21006250381,
        "var": 0.100052319467
    },
    "spectral_flux": {
        "dmean": 0.0361185446382,
        "dmean2": 0.0549902096391,
        "dvar": 0.00175766460598,
        "dvar2": 0.00364849646576,
        "max": 0.3463935256,
        "mean": 0.110468760133,
        "median": 0.0956234037876,
        "min": 0.0152842197567,
        "var": 0.00338855572045
    },
    "spectral_kurtosis": {
        "dmean": 1.85837686062,
        "dmean2": 2.99327015877,
        "dvar": 3.65799331665,
        "dvar2": 9.54289054871,
        "max": 19.0186729431,
        "mean": 5.18327713013,
        "median": 4.47952604294,
        "min": -0.766915559769,
        "var": 10.8694114685
    },
    "spectral_rms": {
        "dmean": 0.00115063192789,
        "dmean2": 0.00159259862266,
        "dvar": 1.77506842647e-06,
        "dvar2": 3.2565269521e-06,
        "max": 0.0132150063291,
        "mean": 0.00570331094787,
        "median": 0.00549938809127,
        "min": 0.00101704918779,
        "var": 3.86768897442e-06
    },
    "spectral_rolloff": {
        "dmean": 560.846313477,
        "dmean2": 877.524291992,
        "dvar": 741474.125,
        "dvar2": 1275798.5,
        "max": 11218.7988281,
        "mean": 1593.55651855,
        "median": 1485.79101562,
        "min": 64.599609375,
        "var": 1734479.75
    },
    "spectral_skewness": {
        "dmean": 0.256225585938,
        "dmean2": 0.40005877614,
        "dvar": 0.0534762255847,
        "dvar2": 0.116412952542,
        "max": 3.07974290848,
        "mean": 1.66022443771,
        "median": 1.61843049526,
        "min": 0.352126002312,
        "var": 0.215857297182
    },
    "spectral_spread": {
        "dmean": 673995.8125,
        "dmean2": 936716.875,
        "dvar": 646565265408,
        "dvar2": 1.12086299443e+12,
        "max": 15167605,
        "mean": 4359751,
        "median": 4131220.5,
        "min": 1849581.25,
        "var": 2.41043505152e+12
    },
    "spectral_strongpeak": {
        "dmean": 0.395251989365,
        "dmean2": 0.701140165329,
        "dvar": 0.428076595068,
        "dvar2": 1.12459933758,
        "max": 5.75765943527,
        "mean": 0.620760321617,
        "median": 0.388627529144,
        "min": 0,
        "var": 0.470410555601
    },
    "zerocrossingrate": {
        "dmean": 0.0120860943571,
        "dmean2": 0.0133541710675,
        "dvar": 0.000182671632501,
        "dvar2": 0.00020011315064,
        "max": 0.28564453125,
        "mean": 0.0607568398118,
        "median": 0.05517578125,
        "min": 0.0048828125,
        "var": 0.000920711434446
    },
    "barkbands": {
        "dmean": [0.000810447847471, 0.00728849088773, 0.00243885302916, 0.00415644049644, 0.00128421024419, 0.00116450688802, 0.00127729168162, 0.00188839307521, 0.00116062408779, 0.000626680033747, 0.000325873057591, 0.000479571230244, 0.000632262730505, 0.000664903258439, 0.00055427494226, 0.000540320470463, 0.000533453188837, 0.00020383579249, 0.000167545149452, 7.20029711374e-05, 6.97977739037e-05, 0.00010463273793, 9.53063499765e-05, 7.80852424214e-05, 6.38139244984e-05, 3.32251220243e-05, 1.42286866733e-08],
        "dmean2": [0.00120413466357, 0.0109271109104, 0.00404626550153, 0.006805784069, 0.0021340327803, 0.00196096557193, 0.00208006706089, 0.0030907294713, 0.0018530767411, 0.000940685567912, 0.000513327482622, 0.000784091942478, 0.00101870473009, 0.0010490717832, 0.000853456615005, 0.000875446887221, 0.0008538509137, 0.00030804463313, 0.000255295453826, 0.000120268377941, 0.000115472685138, 0.000159689472639, 0.000135709473398, 0.000115469840239, 9.26872089622e-05, 5.13696068083e-05, 2.50613627628e-08],
        "dvar": [3.19517312164e-06, 0.000220301953959, 1.58659349836e-05, 0.000118239986477, 9.9315375337e-06, 4.15365775552e-06, 7.72288785811e-06, 9.3997168733e-06, 5.01409522258e-06, 1.77655783773e-06, 4.31745775131e-07, 8.73744397722e-07, 1.6612109448e-06, 1.69173085851e-06, 1.14794283945e-06, 6.01403201017e-07, 4.95710651194e-07, 8.08714801792e-08, 5.23729966062e-08, 1.11645910295e-08, 1.10883755511e-08, 2.49507028371e-08, 3.63247956159e-08, 2.24005187732e-08, 1.29764083923e-08, 3.69491726104e-09, 6.37291157075e-15],
        "dvar2": [6.57174177832e-06, 0.000476513872854, 4.39605428255e-05, 0.000286612572381, 2.74011290458e-05, 1.03704487628e-05, 2.06712429645e-05, 2.42575169977e-05, 1.1953122339e-05, 3.40187716574e-06, 9.97808911052e-07, 2.34855065173e-06, 4.22193306804e-06, 4.10108941651e-06, 2.44428338192e-06, 1.50713447056e-06, 1.12720056222e-06, 1.71431310036e-07, 1.18352431855e-07, 3.01659426327e-08, 2.73130691397e-08, 5.16011304796e-08, 6.43295905434e-08, 4.43260681493e-08, 2.76321632242e-08, 8.50122905405e-09, 1.391967274e-14],
        "max": [0.011870380491, 0.107432842255, 0.0339250341058, 0.103351190686, 0.034567438066, 0.0215430781245, 0.0475269705057, 0.0364136770368, 0.0264567248523, 0.0195726696402, 0.0122784655541, 0.0174706354737, 0.0134212058038, 0.0146186547354, 0.0153134353459, 0.00901211053133, 0.0106180980802, 0.00348926731385, 0.00308199157007, 0.00172633421607, 0.000841122935526, 0.00189614598639, 0.00220277602784, 0.0018095979467, 0.00152787892148, 0.000851938151754, 1.78598691036e-06],
        "mean": [0.000775217660703, 0.0100596984848, 0.00474534835666, 0.00439261365682, 0.00161973619834, 0.0017199042486, 0.00153248733841, 0.00256374105811, 0.00148264272138, 0.000979187083431, 0.000478398491396, 0.00073504098691, 0.000856862054206, 0.000958826392889, 0.000877489626873, 0.000914921343792, 0.00099331419915, 0.000367891683709, 0.00033562380122, 0.000147072802065, 0.000125249382108, 0.000190861217561, 0.000174668530235, 0.000137661802, 0.000105785788037, 3.51642120222e-05, 1.00650376922e-08],
        "median": [7.49731771066e-05, 0.00420794589445, 0.00291705690324, 0.00170305708889, 0.00089385145111, 0.00104479072616, 0.000718939176295, 0.00140408275183, 0.000596525496803, 0.000433690962382, 0.000253504840657, 0.000436707341578, 0.0003278805234, 0.000398768199375, 0.000436533999164, 0.000647697481327, 0.000722710508853, 0.000229208424571, 0.000221353635425, 9.88920946838e-05, 5.52834644623e-05, 9.1301772045e-05, 7.07166327629e-05, 6.32181399851e-05, 5.70923039049e-05, 1.11093513624e-05, 6.7858563213e-10],
        "min": [1.03897519921e-07, 4.44215046969e-08, 3.35613185598e-06, 3.76448906536e-06, 2.20493166125e-05, 2.3919479645e-05, 3.13580721922e-06, 2.00066733669e-06, 7.34397963242e-06, 1.9993949536e-06, 6.89126011366e-07, 6.4312376935e-07, 6.88743966748e-07, 1.31024251004e-06, 4.94477399116e-06, 4.05890705224e-06, 4.50853093525e-07, 4.90665001962e-07, 6.91403272413e-07, 3.58144518486e-07, 1.75807002734e-07, 1.8487367015e-07, 1.59138039635e-07, 3.34554806081e-09, 2.81186934847e-10, 2.8914148853e-11, 9.00379597268e-12],
        "var": [3.69435633729e-06, 0.000251799589023, 2.58018772001e-05, 0.000112339774205, 7.89378191257e-06, 5.16653608429e-06, 7.74820728111e-06, 1.16233713925e-05, 6.16373063167e-06, 3.61792308468e-06, 5.61466777071e-07, 9.62811441241e-07, 2.29125566875e-06, 2.54105384556e-06, 1.89977629361e-06, 9.96305402623e-07, 9.46742147789e-07, 1.68702442238e-07, 1.23861440215e-07, 2.01044940695e-08, 2.23200995464e-08, 5.83996602188e-08, 9.17192934935e-08, 4.78672461668e-08, 2.43287452406e-08, 4.36045333174e-09, 4.73461093736e-15]
    },
    "erbbands": {
        "dmean": [0.289918065071, 1.49767434597, 2.78568696976, 8.77451133728, 8.70403862, 3.35970306396, 6.5722618103, 10.9859714508, 19.5824508667, 17.4202136993, 46.9507102966, 24.7120399475, 20.2753639221, 17.4954738617, 11.8271350861, 23.0034790039, 26.3930282593, 34.8778915405, 23.8137569427, 31.492269516, 24.4434204102, 25.9785709381, 12.7193908691, 7.69620370865, 7.25526762009, 3.49964928627, 2.61638569832, 3.08799314499, 3.98832583427, 3.29164409637, 2.75719404221, 2.09476923943, 1.09757590294, 0.779825747013, 0.447018742561, 0.170145779848, 0.0603568591177, 0.0051710489206, 9.89391555777e-05, 1.99127716769e-05],
        "dmean2": [0.434434235096, 2.33905911446, 4.51239919662, 14.3477640152, 14.5832767487, 5.67512702942, 10.9878730774, 18.4011363983, 32.1794662476, 28.6443595886, 75.2109222412, 38.8242492676, 31.1124916077, 26.0175914764, 18.3755016327, 37.0979385376, 41.9197845459, 54.1739463806, 36.2082824707, 47.5607910156, 38.1981964111, 41.3259277344, 19.2247524261, 11.6718473434, 11.2041349411, 5.839635849, 4.34638023376, 5.07072114944, 6.10992622375, 4.91810560226, 3.99696850777, 3.09423494339, 1.63132989407, 1.16640198231, 0.651095807552, 0.255346119404, 0.0962795093656, 0.00850174855441, 0.000155620524311, 2.82666223939e-05],
        "dvar": [0.443482577801, 9.33511924744, 21.3447208405, 384.059631348, 569.692016602, 58.9012451172, 124.946205139, 437.659820557, 1941.44482422, 852.830871582, 6588.01611328, 2206.76074219, 1718.24304199, 1279.29272461, 324.378417969, 1904.31054688, 2864.45019531, 4805.59619141, 1354.54016113, 4828.23583984, 1454.60620117, 1121.65197754, 314.55859375, 98.1278381348, 96.178894043, 27.9322452545, 16.7426567078, 22.3515415192, 37.2324371338, 28.1710262299, 33.3928489685, 18.2892894745, 3.90993332863, 1.93802309036, 0.59954482317, 0.0853063464165, 0.0150710307062, 0.000131472072098, 3.85804526104e-08, 6.31368346493e-10],
        "dvar2": [0.93876427412, 23.905090332, 59.20835495, 896.312866211, 1458.88256836, 161.037658691, 339.865631104, 1050.50683594, 5172.72705078, 2079.26147461, 16437.2148438, 5189.45654297, 4195.36572266, 2572.52441406, 690.065917969, 5057.71044922, 6957.99755859, 11430.3076172, 3201.00512695, 10491.5380859, 3256.88964844, 2422.78881836, 647.089294434, 220.156082153, 213.780044556, 77.2160720825, 42.0814361572, 53.5991783142, 78.8286209106, 58.375617981, 61.3975067139, 36.4815406799, 7.41129255295, 4.1467218399, 1.26185619831, 0.187181994319, 0.0365536697209, 0.000319983897498, 9.27771424131e-08, 1.21943677378e-09],
        "max": [4.20113325119, 22.8465557098, 41.8992385864, 180.216339111, 243.865509033, 91.2989044189, 123.355728149, 231.375778198, 688.030334473, 262.474090576, 1155.13085938, 633.816772461, 553.55670166, 580.448608398, 328.85723877, 817.749206543, 698.281616211, 804.219116211, 551.737121582, 1206.81591797, 541.633056641, 384.660980225, 207.079849243, 141.044433594, 153.591003418, 87.6681671143, 52.6098098755, 47.0928268433, 80.930267334, 56.0813789368, 67.8091049194, 55.3804016113, 29.0599861145, 21.5691680908, 9.44487285614, 4.55602788925, 1.4046176672, 0.124640285969, 0.00211435719393, 0.000222071525059],
        "mean": [0.302323907614, 2.19502711296, 5.5872335434, 11.1485261917, 8.80319309235, 4.49322843552, 10.4367923737, 14.7429876328, 23.4621963501, 23.8189735413, 64.0361404419, 34.3598365784, 30.4720668793, 27.321056366, 19.9936237335, 36.2617111206, 39.6668281555, 51.70860672, 42.530834198, 52.0325622559, 50.6668930054, 51.2414703369, 24.220790863, 15.9166030884, 14.876042366, 7.32916879654, 4.87740707397, 5.37204790115, 6.99360275269, 5.99528121948, 4.87541294098, 3.56806635857, 1.88679373264, 1.27193486691, 0.696616351604, 0.214861124754, 0.0569726228714, 0.0044606407173, 0.000112051697215, 5.00790702063e-05],
        "median": [0.0618845187128, 1.19155728817, 3.47609090805, 5.7555103302, 3.39169192314, 2.32171225548, 7.2694644928, 7.30038404465, 10.7466487885, 12.6572828293, 33.7597999573, 15.6385326385, 13.7342853546, 12.7241725922, 12.0706605911, 21.2816848755, 17.3317279816, 19.732460022, 25.1290359497, 29.1409664154, 38.4015159607, 37.209148407, 14.8161096573, 10.9202547073, 10.1997079849, 5.04634666443, 2.32101535797, 2.25240373611, 3.36189508438, 2.8663547039, 1.8755800724, 1.49873793125, 0.872472763062, 0.674383401871, 0.339751690626, 0.0812207832932, 0.0137453451753, 0.000672928174026, 4.87531942781e-05, 4.19635216531e-05],
        "min": [6.34767711745e-05, 0.00136024784297, 0.0109431147575, 0.0290910135955, 0.0282205864787, 0.0941567867994, 0.23584292829, 0.150797873735, 0.115112245083, 0.134852856398, 0.208256036043, 0.204297944903, 0.166078239679, 0.0776949301362, 0.0244216304272, 0.0273778438568, 0.0261303763837, 0.0745132789016, 0.222807735205, 0.178051903844, 0.219264686108, 0.0355200283229, 0.0309249460697, 0.0227529425174, 0.0381671078503, 0.0203545801342, 0.0240527391434, 0.0159674957395, 0.00735221290961, 0.00589127745479, 0.00387554778717, 0.000670790905133, 0.000401851080824, 4.69031110697e-05, 2.04149419005e-05, 1.32589366331e-05, 6.19239381194e-06, 1.43724321333e-06, 9.76897467808e-07, 1.38064581279e-06],
        "var": [0.468927383423, 9.30354213715, 33.9588088989, 411.036315918, 470.812927246, 52.3330192566, 143.135559082, 546.379577637, 1967.24536133, 1044.67443848, 8342.93359375, 2810.13427734, 2644.52441406, 2452.55908203, 602.688720703, 2278.50024414, 4127.69726562, 7565.90332031, 2422.05297852, 7615.39501953, 2721.51171875, 2293.05786133, 675.792175293, 249.485931396, 223.699630737, 48.9460296631, 31.5539684296, 43.4526062012, 81.9977493286, 66.4407272339, 79.7122955322, 39.293888092, 8.51007556915, 3.58062958717, 1.15712237358, 0.130406171083, 0.014862626791, 0.000121441364172, 3.93573529323e-08, 1.128573901e-09]
    },
    "gfcc": {
        "mean": [29.6915397644, 96.9642410278, -126.386154175, 33.6347694397, -52.9715232849, 22.700302124, -47.5969810486, 18.4376277924, -17.2426795959, 2.707239151, -18.3669128418, -4.37896966934, -14.300778389],
        "cov": [[2201.54077148, -758.7578125, 150.059783936, 172.828964233, -185.199020386, 200.970916748, 83.7814712524, 124.637695312, 15.3428277969, 134.902511597, -87.0109176636, 136.936355591, -156.565368652], [-758.7578125, 939.613891602, -332.258300781, -101.722160339, 249.935028076, -186.817260742, 138.981826782, -25.3358860016, 60.8301582336, -104.79724884, 155.521530151, -125.749427795, 122.956848145], [150.059783936, -332.258300781, 580.748352051, 197.451766968, 9.57629299164, 147.209686279, 20.589094162, 53.9055976868, 23.0168933868, 136.327972412, -49.9176750183, 122.560409546, -19.883014679], [172.828964233, -101.722160339, 197.451766968, 407.040771484, -14.1854715347, 122.880210876, 67.7229766846, 4.51668405533, 115.027565002, 44.264629364, 52.8795661926, 42.9777984619, 74.7985229492], [-185.199020386, 249.935028076, 9.57629299164, -14.1854715347, 242.233718872, -27.3334007263, 91.1163406372, 44.7527351379, 28.436384201, 28.5712928772, 28.4070091248, 4.35874080658, 32.461566925], [200.970916748, -186.817260742, 147.209686279, 122.880210876, -27.3334007263, 229.743911743, 77.0020217896, 61.150352478, 33.1858100891, 59.1218299866, 27.6796970367, 22.2759170532, 22.1204662323], [83.7814712524, 138.981826782, 20.589094162, 67.7229766846, 91.1163406372, 77.0020217896, 233.159225464, 58.2844047546, 46.6116256714, 34.8845977783, 52.0827140808, 6.64888954163, 14.9355983734], [124.637695312, -25.3358860016, 53.9055976868, 4.51668405533, 44.7527351379, 61.150352478, 58.2844047546, 125.659622192, 48.4739608765, 54.7605400085, 26.1470012665, 25.4409160614, 5.44358968735], [15.3428277969, 60.8301582336, 23.0168933868, 115.027565002, 28.436384201, 33.1858100891, 46.6116256714, 48.4739608765, 158.774917603, 44.8905143738, 59.0798606873, 19.6883049011, 42.8314743042], [134.902511597, -104.79724884, 136.327972412, 44.264629364, 28.5712928772, 59.1218299866, 34.8845977783, 54.7605400085, 44.8905143738, 118.419517517, 12.5980710983, 46.8409729004, -2.36110830307], [-87.0109176636, 155.521530151, -49.9176750183, 52.8795661926, 28.4070091248, 27.6796970367, 52.0827140808, 26.1470012665, 59.0798606873, 12.5980710983, 121.584922791, 1.92837226391, 47.2478523254], [136.936355591, -125.749427795, 122.560409546, 42.9777984619, 4.35874080658, 22.2759170532, 6.64888954163, 25.4409160614, 19.6883049011, 46.8409729004, 1.92837226391, 103.213745117, -1.20248603821], [-156.565368652, 122.956848145, -19.883014679, 74.7985229492, 32.461566925, 22.1204662323, 14.9355983734, 5.44358968735, 42.8314743042, -2.36110830307, 47.2478523254, -1.20248603821, 109.655319214]],
        "icov": [[0.000880540872458, 0.000423356919782, 0.000729070859961, -0.000681333360262, 0.000315435027005, -0.000114773531095, -0.000459831295302, -0.000769387697801, 0.000247904856224, -0.000555423204787, 0.000536396692041, -0.000796632200945, 0.00106142391451], [0.000423356919782, 0.00722135882825, -0.000843304791488, 0.00222051516175, -0.00398874375969, 0.00534342834726, -0.00415932899341, 0.00155749416444, -0.00198694947176, 0.00389784644358, -0.00678062113002, 0.00589414453134, -0.00472207879648], [0.000729070859961, -0.000843304791488, 0.00500490888953, -0.00294532347471, 0.000108621126856, -0.00250548520125, 0.00108364329208, -0.00117735133972, 0.00170899473596, -0.00400535948575, 0.00382396765053, -0.00450144195929, 0.00283646513708], [-0.000681333360262, 0.00222051516175, -0.00294532347471, 0.00677854241803, -0.000915684911888, 0.000734013970941, -0.00218155188486, 0.00382923753932, -0.00430312892422, 0.00315125565976, -0.00364837003872, 0.00276122009382, -0.00503955502063], [0.000315435027005, -0.00398874375969, 0.000108621126856, -0.000915684911888, 0.00886983331293, -0.00058030319633, -0.000650525151286, -0.00290010310709, 0.00142527651042, -0.00369685445912, 0.00415053591132, -0.00318043027073, 0.000831590616144], [-0.000114773531095, 0.00534342834726, -0.00250548520125, 0.000734013970941, -0.00058030319633, 0.0123862884939, -0.00522540323436, -0.00164914678317, -1.66006193467e-05, 0.00163055956364, -0.00637773238122, 0.00674122385681, -0.00578020466492], [-0.000459831295302, -0.00415932899341, 0.00108364329208, -0.00218155188486, -0.000650525151286, -0.00522540323436, 0.00932974833995, -0.00186549616046, 0.00108303700108, -0.00204348750412, 0.00218818103895, -0.00309153227136, 0.00431666197255], [-0.000769387697801, 0.00155749416444, -0.00117735133972, 0.00382923753932, -0.00290010310709, -0.00164914678317, -0.00186549616046, 0.0147556811571, -0.00440609687939, -0.00102264154702, -0.00302680255845, 0.00102184293792, -0.00194327742793], [0.000247904856224, -0.00198694947176, 0.00170899473596, -0.00430312892422, 0.00142527651042, -1.66006193467e-05, 0.00108303700108, -0.00440609687939, 0.0121857216582, -0.00473232381046, -0.000216744520003, -0.00219229049981, 0.000687410822138], [-0.000555423204787, 0.00389784644358, -0.00400535948575, 0.00315125565976, -0.00369685445912, 0.00163055956364, -0.00204348750412, -0.00102264154702, -0.00473232381046, 0.0188472736627, -0.0056117544882, 0.00154558103532, -0.00225575547665], [0.000536396692041, -0.00678062113002, 0.00382396765053, -0.00364837003872, 0.00415053591132, -0.00637773238122, 0.00218818103895, -0.00302680255845, -0.000216744520003, -0.0056117544882, 0.0204686000943, -0.00795301701874, 0.00251827994362], [-0.000796632200945, 0.00589414453134, -0.00450144195929, 0.00276122009382, -0.00318043027073, 0.00674122385681, -0.00309153227136, 0.00102184293792, -0.00219229049981, 0.00154558103532, -0.00795301701874, 0.0205447375774, -0.00595263158903], [0.00106142391451, -0.00472207879648, 0.00283646513708, -0.00503955502063, 0.000831590616144, -0.00578020466492, 0.00431666197255, -0.00194327742793, 0.000687410822138, -0.00225575547665, 0.00251827994362, -0.00595263158903, 0.0188427269459]]
    },
    "melbands": {
        "dmean": [0.00217903335579, 0.00157759047579, 0.00154137634672, 0.000371930014808, 0.000203201154363, 0.000243007496465, 0.000284073641524, 0.000213404287933, 0.000384596467484, 0.000147655664477, 0.000103707592643, 7.68891259213e-05, 4.14384558098e-05, 4.69065889774e-05, 5.65866866964e-05, 6.965387729e-05, 6.75846458762e-05, 4.04262100346e-05, 4.17785231548e-05, 4.899526175e-05, 2.84373745671e-05, 3.3263280784e-05, 1.7730610125e-05, 8.59658484842e-06, 6.60403020447e-06, 7.31845966584e-06, 3.3996482216e-06, 2.31831677411e-06, 1.72099089468e-06, 1.70639827957e-06, 1.95215125132e-06, 2.41433599513e-06, 2.14816486732e-06, 1.86568854588e-06, 1.71891599621e-06, 1.53442442752e-06, 1.2769071418e-06, 8.45570070851e-07, 6.77976345287e-07, 7.41613234823e-07],
        "dmean2": [0.00329109234735, 0.0024890715722, 0.00254391483031, 0.000610955234151, 0.00034108167165, 0.00040606764378, 0.000465137331048, 0.000350791029632, 0.000614391639829, 0.000234611521591, 0.000159377304954, 0.000115589296911, 6.45393956802e-05, 7.51455663703e-05, 9.06420100364e-05, 0.000111121182272, 0.000106467974547, 6.27162080491e-05, 6.31368166069e-05, 7.96745225671e-05, 4.47546444775e-05, 5.39274515177e-05, 2.77383551293e-05, 1.300153599e-05, 1.03745796878e-05, 1.138578682e-05, 5.47420313524e-06, 3.91937965105e-06, 2.89957006316e-06, 2.81293932858e-06, 3.24537018059e-06, 3.72631893697e-06, 3.28120336235e-06, 2.84398652184e-06, 2.5676245059e-06, 2.29449551625e-06, 1.91651474779e-06, 1.27718999465e-06, 1.03173647403e-06, 1.13833709747e-06],
        "dvar": [2.2353598979e-05, 7.40637369745e-06, 1.38653040267e-05, 8.7203233079e-07, 1.29644362801e-07, 2.02027081286e-07, 3.96488246679e-07, 1.28446259851e-07, 4.68341823989e-07, 8.32969817566e-08, 4.58458977448e-08, 2.66573660923e-08, 5.40870992438e-09, 7.01321800634e-09, 1.32170026035e-08, 2.07308623601e-08, 1.87009394637e-08, 4.53311077564e-09, 7.90736898182e-09, 6.26159701866e-09, 2.32673258438e-09, 1.86318227513e-09, 6.63862409489e-10, 1.40854466979e-10, 7.76562564253e-11, 1.15013595869e-10, 1.85280419479e-11, 1.41953133276e-11, 7.18292786361e-12, 6.72528699397e-12, 9.43501353434e-12, 1.41524491779e-11, 1.0238361374e-11, 1.03600227355e-11, 1.31721881666e-11, 1.12411495043e-11, 6.78586527247e-12, 2.39829163473e-12, 1.48570131892e-12, 1.73263465207e-12],
        "dvar2": [4.6061413741e-05, 1.99314908969e-05, 3.34983888024e-05, 2.2111121325e-06, 3.59074590506e-07, 4.88568389301e-07, 1.05920594251e-06, 3.23889253195e-07, 1.13546036573e-06, 2.04677974125e-07, 1.10091299632e-07, 5.31350892174e-08, 1.18318483899e-08, 1.83466166703e-08, 3.30270495397e-08, 5.27433279274e-08, 4.47695960304e-08, 1.08072715221e-08, 1.68743952145e-08, 1.55888653097e-08, 5.23130783137e-09, 4.1134806672e-09, 1.49863998988e-09, 3.02170177768e-10, 1.81699211232e-10, 2.66144245531e-10, 4.47070054588e-11, 4.03325914333e-11, 1.85310742445e-11, 1.6590338478e-11, 2.25627398709e-11, 3.16001530498e-11, 2.20646105553e-11, 2.13407607558e-11, 2.62654880484e-11, 1.99293359593e-11, 1.47779219417e-11, 4.70289389029e-12, 3.16806455201e-12, 3.93916062963e-12],
        "max": [0.0329303741455, 0.0229198541492, 0.0364531837404, 0.00912507250905, 0.00448144925758, 0.00488715944812, 0.0103688212112, 0.00396550865844, 0.010590493679, 0.00358257396147, 0.00293500209227, 0.00253357482143, 0.00115943420678, 0.00129937019665, 0.00195631897077, 0.00148779666051, 0.00147562765051, 0.000993049587123, 0.00120282301214, 0.00117350253277, 0.00066028709989, 0.000581718515605, 0.000300503423205, 0.000150942360051, 0.000124247730128, 0.000167310121469, 5.92376854911e-05, 6.883986498e-05, 3.61940255971e-05, 2.75526017504e-05, 3.32437739416e-05, 5.05840471305e-05, 3.42398379871e-05, 3.76336611225e-05, 4.24149548053e-05, 5.60278822377e-05, 3.25724540744e-05, 2.23574297706e-05, 1.81058931048e-05, 1.85286426131e-05],
        "mean": [0.00277225486934, 0.00295707653277, 0.0019004275091, 0.000419564923504, 0.000324602180626, 0.000334587995894, 0.000343024235917, 0.000288763141725, 0.000521166657563, 0.000196699955268, 0.000152345281094, 0.000114861803013, 6.38612691546e-05, 7.59806425776e-05, 8.69662835612e-05, 9.42457627389e-05, 9.65303115663e-05, 6.66202467983e-05, 6.48976638331e-05, 7.76710003265e-05, 5.59558611712e-05, 6.13214506302e-05, 2.97039605357e-05, 1.53208893607e-05, 1.22792944239e-05, 1.37497527248e-05, 6.84863425704e-06, 4.3119930524e-06, 2.96368648378e-06, 2.88679666482e-06, 3.12887186737e-06, 3.86597412216e-06, 3.79721859645e-06, 3.19552259498e-06, 2.85230703412e-06, 2.56993098446e-06, 2.01436091629e-06, 1.36764595027e-06, 1.04647904209e-06, 1.11333906716e-06],
        "median": [0.000932489696424, 0.00212458474562, 0.000962394056842, 0.000183408090379, 0.000229365643463, 0.000172885251231, 0.000156954847625, 0.000151134823682, 0.000263114430709, 8.73754906934e-05, 6.64078834234e-05, 5.13255763508e-05, 3.55629708793e-05, 4.98328554386e-05, 4.81090355606e-05, 3.52004317392e-05, 3.61100464943e-05, 3.80897363357e-05, 3.06577130686e-05, 5.08843440912e-05, 4.12919362134e-05, 4.41055817646e-05, 1.7254258637e-05, 9.74832983047e-06, 7.96313543105e-06, 8.82887979969e-06, 4.931024705e-06, 2.81728239315e-06, 1.47793934957e-06, 1.28964097712e-06, 1.20139111459e-06, 1.69776762959e-06, 1.95646771317e-06, 1.38768359648e-06, 9.43918450957e-07, 1.02325770968e-06, 7.93483025063e-07, 6.26375765478e-07, 4.83528879158e-07, 5.95388712554e-07],
        "min": [1.29515413505e-07, 3.48235812453e-06, 4.34205912825e-06, 4.76407194583e-06, 7.66017456044e-06, 3.91340108763e-06, 9.08840604552e-07, 9.12551797683e-07, 1.28413421407e-06, 1.16171418085e-06, 2.58186588553e-07, 2.49144363806e-07, 8.17617547e-08, 7.78685489422e-08, 4.14937240123e-08, 8.83981883248e-08, 1.34681073405e-07, 3.00169347156e-07, 3.52401571035e-07, 2.28287987625e-07, 2.28546127801e-07, 2.17800888436e-08, 3.46321442635e-08, 2.18009788e-08, 1.56961039721e-08, 3.59252609883e-08, 1.42790721469e-08, 1.20657350777e-08, 8.5894589219e-09, 3.90102838921e-09, 1.42896661171e-09, 2.83439249849e-09, 3.07850211989e-09, 3.51365025963e-09, 2.08959449743e-09, 3.16593945504e-10, 1.20112912672e-11, 1.68685655721e-11, 3.12349516911e-12, 2.59781736053e-12],
