{
"highlevel": {
    "danceability": {
        "all": {
            "danceable": 0.138770505786,
            "not_danceable": 0.861229479313
        },
        "probability": 0.861229479313,
        "value": "not_danceable"
    },
    "gender": {
        "all": {
            "female": 0.71981805563,
            "male": 0.280181974173
        },
        "probability": 0.71981805563,
        "value": "female"
    },
    "genre_dortmund": {
        "all": {
            "alternative": 0.281534582376,
            "blues": 0.0201844237745,
            "electronic": 0.0847245305777,
            "folkcountry": 0.0516715794802,
            "funksoulrnb": 0.00451112305745,
            "jazz": 0.0177894216031,
            "pop": 0.0342262201011,
            "raphiphop": 0.00186327344272,
            "rock": 0.503494858742
        },
        "probability": 0.503494858742,
        "value": "rock"
    },
    "genre_electronic": {
        "all": {
            "ambient": 0.591807663441,
            "dnb": 0.126312330365,
            "house": 0.0538376383483,
            "techno": 0.0168582126498,
            "trance": 0.211184188724
        },
        "probability": 0.591807663441,
        "value": "ambient"
    },
    "genre_rosamerica": {
        "all": {
            "cla": 0.00339848385192,
            "dan": 0.00123906554654,
            "hip": 0.000262453657342,
            "jaz": 0.000792467501014,
            "pop": 0.00222606677562,
            "rhy": 0.00062269665068,
            "roc": 0.99109184742,
            "spe": 0.000366946303984
        },
        "probability": 0.99109184742,
        "value": "roc"
    },
    "genre_tzanetakis": {
        "all": {
            "blu": 0.0514711923897,
            "cla": 0.0343172624707,
            "cou": 0.102957598865,
            "dis": 0.102972343564,
            "hip": 0.154464527965,
            "jaz": 0.308918893337,
            "met": 0.0441242903471,
            "pop": 0.0617748275399,
            "reg": 0.0617764480412,
            "roc": 0.0772226303816
        },
        "probability": 0.308918893337,
        "value": "jaz"
    },
    "ismir04_rhythm": {
        "all": {
            "ChaChaCha": 0.35162627697,
            "Jive": 0.178307428956,
            "Quickstep": 0.0405635200441,
            "Rumba-American": 0.02031615749,
            "Rumba-International": 0.0509049557149,
            "Rumba-Misc": 0.0195895787328,
            "Samba": 0.0797719284892,
            "Tango": 0.146289333701,
            "VienneseWaltz": 0.0860045105219,
            "Waltz": 0.0266263056546
        },
        "probability": 0.35162627697,
        "value": "ChaChaCha"
    },
    "mood_acoustic": {
        "all": {
            "acoustic": 0.0359726138413,
            "not_acoustic": 0.964027404785
        },
        "probability": 0.964027404785,
        "value": "not_acoustic"
    },
    "mood_aggressive": {
        "all": {
            "aggressive": 0.585815608501,
            "not_aggressive": 0.414184361696
        },
        "probability": 0.585815608501,
        "value": "aggressive"
    },
    "mood_electronic": {
        "all": {
            "electronic": 0.698860824108,
            "not_electronic": 0.30113914609
        },
        "probability": 0.698860824108,
        "value": "electronic"
    },
    "mood_happy": {
        "all": {
            "happy": 0.417714059353,
            "not_happy": 0.582285940647
        },
        "probability": 0.582285940647,
        "value": "not_happy"
    },
    "mood_party": {
        "all": {
            "not_party": 0.895773470402,
            "party": 0.104226544499
        },
        "probability": 0.895773470402,
        "value": "not_party"
    },
    "mood_relaxed": {
        "all": {
            "not_relaxed": 0.792826235294,
            "relaxed": 0.207173734903
        },
        "probability": 0.792826235294,
        "value": "not_relaxed"
    },
    "mood_sad": {
        "all": {
            "not_sad": 0.730236887932,
            "sad": 0.269763112068
        },
        "probability": 0.730236887932,
        "value": "not_sad"
    },
    "moods_mirex": {
        "all": {
            "Cluster1": 0.407321363688,
            "Cluster2": 0.101129159331,
            "Cluster3": 0.21339404583,
            "Cluster4": 0.0886501148343,
            "Cluster5": 0.189505323768
        },
        "probability": 0.407321363688,
        "value": "Cluster1"
    },
    "timbre": {
        "all": {
            "bright": 0.486098408699,
            "dark": 0.513901591301
        },
        "probability": 0.513901591301,
        "value": "dark"
    },
    "tonal_atonal": {
        "all": {
            "atonal": 5.49133837922e-05,
            "tonal": 0.999945104122
        },
        "probability": 0.999945104122,
        "value": "tonal"
    },
    "voice_instrumental": {
        "all": {
            "instrumental": 0.0824188217521,
            "voice": 0.9175812006
        },
        "probability": 0.9175812006,
        "value": "voice"
    }
},
"lowlevel": {
    "average_loudness": 0.984310567379,
    "barkbands_crest": {
        "dmean": 2.87558960915,
        "dmean2": 4.68926763535,
        "dvar": 7.92824316025,
        "dvar2": 21.1367645264,
        "max": 22.3699588776,
        "mean": 9.77841663361,
        "median": 9.21781635284,
        "min": 2.7830760479,
        "var": 13.1573934555
    },
    "barkbands_flatness_db": {
        "dmean": 0.0219372995198,
        "dmean2": 0.0357550270855,
        "dvar": 0.000378577940864,
        "dvar2": 0.00102136656642,
        "max": 0.275014579296,
        "mean": 0.173608377576,
        "median": 0.175509005785,
        "min": 0.0838441997766,
        "var": 0.00120650802273
    },
    "barkbands_kurtosis": {
        "dmean": 3.14726948738,
        "dmean2": 5.4011554718,
        "dvar": 30.5469512939,
        "dvar2": 83.1969223022,
        "max": 59.6520500183,
        "mean": 2.80877947807,
        "median": 1.32582521439,
        "min": -1.77373182774,
        "var": 27.0597667694
    },
    "barkbands_skewness": {
        "dmean": 0.603630065918,
        "dmean2": 0.973113119602,
        "dvar": 0.504770517349,
        "dvar2": 1.31219732761,
        "max": 6.82307338715,
        "mean": 1.56644868851,
        "median": 1.43770599365,
        "min": -0.266031086445,
        "var": 0.774103224277
    },
    "barkbands_spread": {
        "dmean": 3.97256207466,
        "dmean2": 6.45347881317,
        "dvar": 12.259806633,
        "dvar2": 30.8366279602,
        "max": 37.3341522217,
        "mean": 17.9004020691,
        "median": 17.6696243286,
        "min": 3.44364070892,
        "var": 33.9317398071
    },
    "dissonance": {
        "dmean": 0.017191560939,
        "dmean2": 0.0292229913175,
        "dvar": 0.000212078244658,
        "dvar2": 0.000587636313867,
        "max": 0.499835014343,
        "mean": 0.46674400568,
        "median": 0.469592362642,
        "min": 0.36835694313,
        "var": 0.000381117250072
    },
    "dynamic_complexity": 0.693894445896,
    "erbbands_crest": {
        "dmean": 2.6838965416,
        "dmean2": 4.38702535629,
        "dvar": 6.20833730698,
        "dvar2": 16.2436103821,
        "max": 28.5684909821,
        "mean": 8.5144033432,
        "median": 7.76037073135,
        "min": 2.89068174362,
        "var": 11.7584428787
    },
    "erbbands_flatness_db": {
        "dmean": 0.0237610414624,
        "dmean2": 0.0322805121541,
        "dvar": 0.000481305003632,
        "dvar2": 0.00085968116764,
        "max": 0.300883322954,
        "mean": 0.182818293571,
        "median": 0.189638897777,
        "min": 0.0902898237109,
        "var": 0.00149108062033
    },
    "erbbands_kurtosis": {
        "dmean": 0.554856598377,
        "dmean2": 0.900310993195,
        "dvar": 0.414760112762,
        "dvar2": 1.02618956566,
        "max": 10.3036384583,
        "mean": -0.172847956419,
        "median": -0.376296520233,
        "min": -1.36675643921,
        "var": 0.693295121193
    },
    "erbbands_skewness": {
        "dmean": 0.325629115105,
        "dmean2": 0.526939928532,
        "dvar": 0.0706754922867,
        "dvar2": 0.165925815701,
        "max": 1.24446058273,
        "mean": -0.134960845113,
        "median": -0.106315657496,
        "min": -2.64367294312,
        "var": 0.232698351145
    },
    "erbbands_spread": {
        "dmean": 6.65433692932,
        "dmean2": 10.5155010223,
        "dvar": 43.0455436707,
        "dvar2": 101.730224609,
        "max": 75.9515151978,
        "mean": 32.0707473755,
        "median": 30.7412872314,
        "min": 9.10853385925,
        "var": 93.2072982788
    },
    "hfc": {
        "dmean": 5.3712348938,
        "dmean2": 8.45474338531,
        "dvar": 26.2306346893,
        "dvar2": 62.9185943604,
        "max": 62.06980896,
        "mean": 26.1763076782,
        "median": 24.1545085907,
        "min": 8.57103633881,
        "var": 86.2429733276
    },
    "melbands_crest": {
        "dmean": 3.13419723511,
        "dmean2": 5.07190895081,
        "dvar": 7.62315368652,
        "dvar2": 17.7247657776,
        "max": 29.206495285,
        "mean": 15.0479640961,
        "median": 14.7635908127,
        "min": 5.24264764786,
        "var": 18.9130935669
    },
    "melbands_flatness_db": {
        "dmean": 0.0257502608001,
        "dmean2": 0.040752120316,
        "dvar": 0.000609546434134,
        "dvar2": 0.00163800024893,
        "max": 0.365543037653,
        "mean": 0.236766397953,
        "median": 0.240056008101,
        "min": 0.105235241354,
        "var": 0.00206161593087
    },
    "melbands_kurtosis": {
        "dmean": 7.49510145187,
        "dmean2": 12.8816585541,
        "dvar": 170.048492432,
        "dvar2": 467.503814697,
        "max": 162.741958618,
        "mean": 9.86734580994,
        "median": 6.7914276123,
        "min": -1.12737059593,
        "var": 146.331130981
    },
    "melbands_skewness": {
        "dmean": 0.820937097073,
        "dmean2": 1.33781814575,
        "dvar": 0.958852469921,
        "dvar2": 2.52855801582,
        "max": 9.68907165527,
        "mean": 2.60733532906,
        "median": 2.43713998795,
        "min": 0.394232183695,
        "var": 1.34899103642
    },
    "melbands_spread": {
        "dmean": 5.15412378311,
        "dmean2": 8.01485919952,
        "dvar": 21.0031642914,
        "dvar2": 52.5281715393,
        "max": 46.3617553711,
        "mean": 17.9723339081,
        "median": 17.0272541046,
        "min": 1.88307857513,
        "var": 62.2778434753
    },
    "pitch_salience": {
        "dmean": 0.0768284499645,
        "dmean2": 0.127420261502,
        "dvar": 0.00486945640296,
        "dvar2": 0.0140047231689,
        "max": 0.75695091486,
        "mean": 0.507150650024,
        "median": 0.509380280972,
        "min": 0.186415180564,
        "var": 0.00797155313194
    },
    "silence_rate_20dB": {
        "dmean": 0,
        "dmean2": 0,
        "dvar": 0,
        "dvar2": 0,
        "max": 1,
        "mean": 1,
        "median": 1,
        "min": 1,
        "var": 0
    },
    "silence_rate_30dB": {
        "dmean": 0.106811143458,
        "dmean2": 0.213787764311,
        "dvar": 0.0954013541341,
        "dvar2": 0.242444574833,
        "max": 1,
        "mean": 0.930394411087,
        "median": 1,
        "min": 0,
        "var": 0.0647603943944
    },
    "silence_rate_60dB": {
        "dmean": 0,
        "dmean2": 0,
        "dvar": 0,
        "dvar2": 0,
        "max": 0,
        "mean": 0,
        "median": 0,
        "min": 0,
        "var": 0
    },
    "spectral_centroid": {
        "dmean": 168.22354126,
        "dmean2": 281.280090332,
        "dvar": 22300.734375,
        "dvar2": 60016.875,
        "max": 1771.29553223,
        "mean": 972.041381836,
        "median": 956.031555176,
        "min": 341.690216064,
        "var": 58731.1445312
    },
    "spectral_complexity": {
        "dmean": 3.02554178238,
        "dmean2": 4.87838888168,
        "dvar": 8.89176654816,
        "dvar2": 19.3942222595,
        "max": 47,
        "mean": 24.8979110718,
        "median": 24,
        "min": 14,
        "var": 25.612121582
    },
    "spectral_decrease": {
        "dmean": 5.54213697157e-09,
        "dmean2": 9.30792154463e-09,
        "dvar": 6.22957792596e-17,
        "dvar2": 1.67042414616e-16,
        "max": -4.23535917449e-09,
        "mean": -1.46031311488e-08,
        "median": -1.24840227045e-08,
        "min": -5.69980755927e-08,
        "var": 5.65838125798e-17
    },
    "spectral_energy": {
        "dmean": 0.0212226118892,
        "dmean2": 0.0356092862785,
        "dvar": 0.000899460574146,
        "dvar2": 0.00241210241802,
        "max": 0.218050718307,
        "mean": 0.05748982355,
        "median": 0.04920225963,
        "min": 0.0168790239841,
        "var": 0.000819192209747
    },
    "spectral_energyband_high": {
        "dmean": 0.000187375233509,
        "dmean2": 0.000254992482951,
        "dvar": 8.92964067134e-08,
        "dvar2": 1.44555343695e-07,
        "max": 0.00309805804864,
        "mean": 0.000367167289369,
        "median": 0.00016486858658,
        "min": 2.029298048e-05,
        "var": 2.26931348379e-07
    },
    "spectral_energyband_low": {
        "dmean": 0.0187858790159,
        "dmean2": 0.0315438099205,
        "dvar": 0.000923976884224,
        "dvar2": 0.00249079847708,
        "max": 0.195499196649,
        "mean": 0.0316470302641,
        "median": 0.0235002133995,
        "min": 0.000920201651752,
        "var": 0.000844297697768
    },
    "spectral_energyband_middle_high": {
        "dmean": 0.00236361450516,
        "dmean2": 0.00371531187557,
        "dvar": 5.60245234738e-06,
        "dvar2": 1.40245983857e-05,
        "max": 0.0341193601489,
        "mean": 0.00879520177841,
        "median": 0.00791065581143,
        "min": 0.00148058333434,
        "var": 1.92064853763e-05
    },
    "spectral_energyband_middle_low": {
        "dmean": 0.00735229253769,
        "dmean2": 0.0127427848056,
        "dvar": 0.000101112535049,
        "dvar2": 0.000271763739875,
        "max": 0.0859036371112,
        "mean": 0.0199009515345,
        "median": 0.0173756740987,
        "min": 0.0050891963765,
        "var": 9.89592081169e-05
    },
    "spectral_entropy": {
        "dmean": 0.137249708176,
        "dmean2": 0.197035565972,
        "dvar": 0.0175507944077,
        "dvar2": 0.0332395806909,
        "max": 8.05999755859,
        "mean": 7.31192445755,
        "median": 7.27142858505,
        "min": 6.62718915939,
        "var": 0.0769591927528
    },
    "spectral_flux": {
        "dmean": 0.0432330295444,
        "dmean2": 0.0650130733848,
        "dvar": 0.00259048957378,
        "dvar2": 0.00431388942525,
        "max": 0.369876086712,
        "mean": 0.122763551772,
        "median": 0.0964995920658,
        "min": 0.0463271699846,
        "var": 0.00430870521814
    },
    "spectral_kurtosis": {
        "dmean": 3.04286360741,
        "dmean2": 5.13546466827,
        "dvar": 8.95988941193,
        "dvar2": 25.7515621185,
        "max": 25.118429184,
        "mean": 7.06019544601,
        "median": 6.29685783386,
        "min": 0.675906658173,
        "var": 15.3512449265
    },
    "spectral_rms": {
        "dmean": 0.00123600917868,
        "dmean2": 0.00201658462174,
        "dvar": 2.30719433603e-06,
        "dvar2": 6.07661877439e-06,
        "max": 0.0145853487775,
        "mean": 0.00731876958162,
        "median": 0.00692836241797,
        "min": 0.00405799690634,
        "var": 2.52313475357e-06
    },
    "spectral_rolloff": {
        "dmean": 328.447662354,
        "dmean2": 551.740905762,
        "dvar": 111650.460938,
        "dvar2": 258351.9375,
        "max": 2368.65234375,
        "mean": 968.643859863,
        "median": 904.39453125,
        "min": 107.666015625,
        "var": 252226.703125
    },
    "spectral_skewness": {
        "dmean": 0.293907642365,
        "dmean2": 0.490082234144,
        "dvar": 0.0679588466883,
        "dvar2": 0.188545405865,
        "max": 3.41003203392,
        "mean": 1.8237310648,
        "median": 1.82707321644,
        "min": 0.867072403431,
        "var": 0.150557875633
    },
    "spectral_spread": {
        "dmean": 577148.875,
        "dmean2": 788633.5,
        "dvar": 421217501184,
        "dvar2": 818128289792,
        "max": 7904395.5,
        "mean": 3162386,
        "median": 2765726.5,
        "min": 1585367.125,
        "var": 1.17442976154e+12
    },
    "spectral_strongpeak": {
        "dmean": 0.486738502979,
        "dmean2": 0.859885334969,
        "dvar": 1.08078932762,
        "dvar2": 2.906270504,
        "max": 11.2924356461,
        "mean": 0.756878018379,
        "median": 0.539424240589,
        "min": 0.084166072309,
        "var": 0.92443215847
    },
    "zerocrossingrate": {
        "dmean": 0.00579815078527,
        "dmean2": 0.00725273508579,
        "dvar": 2.5624060072e-05,
        "dvar2": 3.87400541513e-05,
        "max": 0.087890625,
        "mean": 0.0379514992237,
        "median": 0.0361328125,
        "min": 0.009765625,
        "var": 0.000154158929945
    },
    "barkbands": {
        "dmean": [0.00024851624039, 0.0129592958838, 0.00754088675603, 0.00298797455616, 0.00360007304698, 0.00179981580004, 0.00107452715747, 0.00163236900698, 0.000821731518954, 0.000693279725965, 0.000604011642281, 0.000257263163803, 0.000579280545935, 0.00130830577109, 0.000727684295271, 0.000373974704416, 0.000405117025366, 0.000125412756461, 0.000108905907837, 6.45345498924e-05, 5.40869768884e-05, 4.14051719417e-05, 3.31065275532e-05, 2.67397062998e-05, 2.96735779557e-05, 1.08393887785e-05, 6.65508403941e-09],
        "dmean2": [0.000366522290278, 0.0215186849236, 0.0131636215374, 0.00541124865413, 0.00618296954781, 0.00336838513613, 0.0017144526355, 0.00259419623762, 0.00128816557117, 0.00114506180398, 0.000981702585705, 0.000424625701271, 0.00095878803404, 0.00202297512442, 0.00117984064855, 0.000619709666353, 0.000644603103865, 0.000204758995096, 0.000178735994268, 0.000108115818875, 8.68337374413e-05, 5.81948916079e-05, 4.51825726486e-05, 3.98711381422e-05, 4.46915255452e-05, 1.81419527507e-05, 1.17427578772e-08],
        "dvar": [1.79479243911e-07, 0.000556844752282, 0.000134698624606, 1.79196777026e-05, 6.98918520357e-05, 5.04700528836e-06, 1.46570562265e-06, 3.82100506613e-06, 1.37609754347e-06, 9.31822398798e-07, 6.02818886364e-07, 1.3174543767e-07, 1.35843117732e-06, 3.39714188158e-06, 8.25526797144e-07, 2.59875974962e-07, 3.15092876235e-07, 2.27676402176e-08, 2.23874998539e-08, 1.22781926848e-08, 9.29136234618e-09, 5.74762148986e-09, 3.37044481213e-09, 1.78024450737e-09, 2.88943291515e-09, 5.35199107254e-10, 5.31786501346e-16],
        "dvar2": [4.17126329921e-07, 0.00146140379366, 0.000393627648009, 5.19643326697e-05, 0.000189057362149, 1.83011197805e-05, 3.71471833205e-06, 9.80499407888e-06, 3.12226939059e-06, 2.32898514696e-06, 1.45553860875e-06, 3.35045626798e-07, 3.94471544496e-06, 7.86482905824e-06, 2.15012846638e-06, 6.68326720188e-07, 7.7450374647e-07, 5.42601696907e-08, 5.69074245504e-08, 3.17623261026e-08, 2.09177208887e-08, 9.90597293082e-09, 5.72931391218e-09, 3.71053276993e-09, 6.14041839597e-09, 1.30939237231e-09, 9.53204186149e-16],
        "max": [0.00256641907617, 0.128708809614, 0.112702786922, 0.0337846055627, 0.0618528686464, 0.0177306849509, 0.0144296772778, 0.0263911411166, 0.017175834626, 0.0120920483023, 0.012005649507, 0.00752554414794, 0.0190261024982, 0.0173342078924, 0.0169776994735, 0.00660531921312, 0.00686882948503, 0.00247216504067, 0.00147935154382, 0.00145834858995, 0.00117854494601, 0.000743253913242, 0.000622444844339, 0.000470641098218, 0.000465185090434, 0.000218485190999, 4.90588945468e-07],
        "mean": [0.000236069172388, 0.014336893335, 0.0140897892416, 0.00484667299315, 0.00470262719318, 0.00289429049008, 0.00238164560869, 0.00295074284077, 0.00165508128703, 0.00124277558643, 0.00105480651837, 0.000465338758659, 0.000955400581006, 0.0019483686192, 0.00134723098017, 0.000722513592336, 0.00079251389252, 0.000231386031373, 0.000210443758988, 0.000112197238195, 0.000101755744254, 7.4328519986e-05, 5.42469642824e-05, 3.83236874768e-05, 3.47303575836e-05, 9.69415577856e-06, 4.91688778581e-09],
        "median": [3.1444542401e-05, 0.00515139196068, 0.0120982956141, 0.00405337335542, 0.00304632121697, 0.00181219913065, 0.00175469426904, 0.00210318434983, 0.000748971302528, 0.000704142905306, 0.000686930841766, 0.000327952468069, 0.000595144869294, 0.00109842629172, 0.00100978103001, 0.000483088631881, 0.000458649796201, 0.000165333985933, 0.000137085997267, 7.37579030101e-05, 5.54704747628e-05, 2.89729887299e-05, 1.71143074112e-05, 9.83251266007e-06, 5.01063914271e-06, 3.28852905795e-07, 1.17609932904e-09],
        "min": [4.46040466784e-08, 2.93215198326e-05, 0.000261120090727, 0.000164049662999, 0.000146245234646, 9.33142291615e-05, 2.90095194941e-05, 6.85842023813e-05, 4.19762582169e-05, 4.43887329311e-05, 2.86375143332e-05, 2.3903332476e-05, 5.59117033845e-05, 4.58709837403e-05, 4.95544154546e-05, 2.4081871743e-05, 3.67127540812e-05, 1.8924680262e-05, 1.02755002445e-05, 5.72743238081e-06, 5.14770272275e-06, 1.72490399564e-06, 3.7569708411e-07, 2.03654408892e-08, 2.0807884929e-11, 7.31090101652e-12, 9.33353914989e-12],
        "var": [2.06910044653e-07, 0.0005118130357, 0.000117258714454, 1.34672000058e-05, 5.09385827172e-05, 8.81588766788e-06, 4.09419226344e-06, 8.43268935569e-06, 5.05686602992e-06, 2.34995945902e-06, 1.31419517402e-06, 2.35335775756e-07, 1.85325086477e-06, 5.79045217819e-06, 1.6015987967e-06, 5.27301494913e-07, 8.13614349227e-07, 4.67264378301e-08, 4.2255724253e-08, 1.63393973907e-08, 1.65885367664e-08, 1.33580746464e-08, 7.95269805565e-09, 3.43205464048e-09, 4.15476186788e-09, 5.29029819951e-10, 4.49513555905e-16]
    },
    "erbbands": {
        "dmean": [0.303743690252, 3.33669233322, 8.7973651886, 9.16467094421, 12.180439949, 11.8336868286, 10.0080442429, 18.6438598633, 10.3991518021, 37.62342453, 19.1074199677, 22.0954093933, 18.325504303, 18.2601490021, 26.4156284332, 11.7926940918, 23.1804485321, 73.5549468994, 41.5249023438, 21.1366424561, 18.090177536, 16.1992225647, 7.33023738861, 5.39350795746, 5.49396324158, 3.2497253418, 2.43705487251, 2.03278207779, 1.5408513546, 1.24745297432, 0.873812258244, 0.557637989521, 0.471558481455, 0.39365953207, 0.184113234282, 0.0721543207765, 0.0165142975748, 0.00120401545428, 3.22849155054e-05, 2.41639554588e-05],
        "dmean2": [0.42875868082, 5.90365028381, 15.5915021896, 16.3252334595, 21.5311813354, 20.7339477539, 17.6213760376, 35.1258506775, 16.350315094, 60.8372077942, 30.5860652924, 34.3205108643, 30.8682155609, 29.8447418213, 43.0459442139, 19.3280620575, 37.4830665588, 114.57585907, 66.1316070557, 34.5905227661, 29.6625518799, 25.7983264923, 11.9782552719, 8.88851642609, 9.22036170959, 5.41838312149, 3.93113422394, 3.19519782066, 2.23698687553, 1.70763862133, 1.18471372128, 0.834251463413, 0.709878563881, 0.60170686245, 0.288396596909, 0.115364044905, 0.0282502863556, 0.00210851384327, 5.29560311406e-05, 4.00458884542e-05],
        "dvar": [0.24734005332, 40.2261390686, 208.874038696, 179.778793335, 659.977233887, 768.771362305, 179.206634521, 539.312133789, 195.698654175, 1958.48010254, 896.472229004, 1050.78979492, 919.049438477, 892.263549805, 1282.84448242, 200.949829102, 1052.88879395, 11459.9912109, 2045.7130127, 765.068237305, 655.325134277, 405.525360107, 84.2806777954, 36.702583313, 85.4560394287, 23.3526821136, 19.0198364258, 13.5029249191, 8.40365695953, 4.47182703018, 2.46474313736, 0.805018365383, 0.593179404736, 0.513066530228, 0.115667358041, 0.0207008179277, 0.00142037984915, 8.60014370119e-06, 3.66026275955e-09, 1.1232668129e-09],
        "dvar2": [0.534654796124, 110.479812622, 608.127624512, 527.603088379, 1767.62097168, 2176.23168945, 543.148010254, 2015.91271973, 443.739685059, 5300.13427734, 2277.83374023, 2327.30322266, 2457.87597656, 2168.4519043, 3057.1184082, 501.717712402, 2885.52441406, 27520.0488281, 5275.86132812, 1914.58642578, 1755.16906738, 978.284057617, 208.636322021, 91.112449646, 228.066390991, 60.4589691162, 45.7959442139, 28.2641963959, 15.381819725, 7.52048492432, 4.27794647217, 1.65759575367, 1.27004504204, 1.1080275774, 0.255586326122, 0.0495238676667, 0.00355527712964, 2.22855414904e-05, 9.21331011483e-09, 2.99619573596e-09],
        "max": [3.15425729752, 33.8273239136, 116.571128845, 120.802230835, 213.374526978, 235.717773438, 129.662460327, 176.243637085, 227.572677612, 589.734313965, 542.045715332, 456.68371582, 444.947143555, 425.445404053, 597.930419922, 182.905441284, 426.820739746, 948.161560059, 541.381469727, 467.720397949, 454.39855957, 261.620025635, 148.584793091, 54.9012565613, 94.8859100342, 65.2832946777, 69.4255828857, 46.9499893188, 30.3881034851, 21.5873012543, 15.5204992294, 8.79923248291, 9.19333457947, 7.09985637665, 2.43462133408, 1.18403732777, 0.372374534607, 0.0347329750657, 0.000610371062066, 0.0002476129157],
        "mean": [0.371050268412, 3.50275373459, 14.2511043549, 18.069978714, 14.1722192764, 15.9826393127, 18.6912193298, 26.8654022217, 25.2557735443, 69.7402954102, 42.7029418945, 46.2767486572, 30.9193344116, 35.700214386, 47.4632339478, 24.6958503723, 44.0622825623, 113.405105591, 81.0913467407, 47.2755851746, 40.9549331665, 34.2609405518, 15.1689100266, 11.3319940567, 9.81471633911, 5.93760061264, 4.53668737411, 3.61792588234, 2.75463175774, 2.12679100037, 1.38293528557, 0.845114290714, 0.621165037155, 0.451399534941, 0.205702871084, 0.0714878588915, 0.0134736578912, 0.000916738703381, 4.95393833262e-05, 6.68434222462e-05],
        "median": [0.0774362757802, 1.55728900433, 11.096200943, 14.6863203049, 8.59107685089, 10.7826452255, 15.4314813614, 17.9274234772, 15.948764801, 54.1572494507, 30.0439510345, 20.2132892609, 18.0847873688, 20.8696327209, 29.8206691742, 18.5767974854, 30.9045143127, 60.6916770935, 63.4234619141, 35.7787055969, 32.8450202942, 21.9598083496, 10.8867692947, 8.49524307251, 6.25986146927, 4.2198176384, 2.59045338631, 1.73253822327, 1.04021012783, 0.768008589745, 0.415692389011, 0.252536714077, 0.129591196775, 0.049602303654, 0.0213112421334, 0.0035953077022, 0.000444829434855, 3.05878602376e-05, 2.7734287869e-05, 5.7257766457e-05],
        "min": [0.000640375714283, 0.0194489415735, 0.244686186314, 0.602849721909, 0.56586509943, 0.59208548069, 0.776202976704, 1.30066156387, 2.15117812157, 1.3750641346, 1.8458892107, 2.04279088974, 1.63805985451, 2.51407265663, 2.36842894554, 2.86373996735, 4.49631309509, 5.39784193039, 2.66154384613, 2.90163707733, 1.81057608128, 1.9336335659, 1.22652447224, 1.22312223911, 0.648330926895, 0.441019594669, 0.274580866098, 0.147539943457, 0.0659637600183, 0.0228130146861, 0.0100754722953, 0.00137550651561, 0.000192687482922, 3.20685503539e-05, 1.53376258822e-05, 1.08881386041e-05, 6.46594617137e-06, 1.81397990673e-06, 8.56647147884e-06, 1.94129661395e-05],
        "var": [0.351554691792, 30.3979053497, 161.966262817, 158.764923096, 476.82723999, 528.86932373, 201.931152344, 691.305053711, 633.997741699, 3467.32983398, 2150.10913086, 3965.38476562, 2121.62792969, 1734.45568848, 2933.23583984, 446.764160156, 1685.89599609, 19669.078125, 4187.74267578, 1765.3572998, 1329.78466797, 1127.70495605, 210.840301514, 78.074005127, 108.668334961, 33.3165473938, 31.298784256, 25.3799037933, 18.5947666168, 10.7273750305, 5.61865329742, 1.69603610039, 0.998837351799, 0.736480414867, 0.152172237635, 0.0230438858271, 0.00128288636915, 7.38804010325e-06, 3.59404372929e-09, 1.05301833919e-09]
    },
    "gfcc": {
        "mean": [25.9985103607, 147.024093628, -136.863006592, 37.509601593, -45.7946014404, 15.9226512909, -35.9497642517, 0.944037973881, -10.6936845779, -1.43604564667, -9.75125217438, -15.2002944946, -7.43366098404],
        "cov": [[1110.72131348, -990.734924316, 484.314239502, -41.4970741272, -192.118026733, 264.328521729, -296.502502441, 311.408538818, -228.804641724, 207.477005005, -263.542053223, 181.296188354, -138.360687256], [-990.734924316, 1042.66467285, -481.876922607, 1.98565864563, 236.5809021, -266.924407959, 298.693511963, -267.841796875, 248.566604614, -210.312591553, 241.209457397, -166.794998169, 132.96043396], [484.314239502, -481.876922607, 506.719055176, -20.5098152161, -3.04232192039, 191.286575317, -88.6333312988, 222.694702148, -128.391952515, 184.075668335, -106.485671997, 132.985336304, -54.6111412048], [-41.4970741272, 1.98565864563, -20.5098152161, 141.442977905, -50.2278747559, -0.573407948017, 9.76731014252, -68.4293060303, 23.7146587372, -45.7734336853, 54.23645401, -43.1569671631, 30.6701221466], [-192.118026733, 236.5809021, -3.04232192039, -50.2278747559, 232.909957886, -26.3090114594, 72.3737335205, 20.206861496, 57.7187309265, 28.9332466125, 28.7445430756, 20.5875854492, 25.8382053375], [264.328521729, -266.924407959, 191.286575317, -0.573407948017, -26.3090114594, 168.873046875, -55.5575714111, 98.7632598877, -49.8155593872, 74.4386825562, -43.6841850281, 44.3316612244, -13.2435255051], [-296.502502441, 298.693511963, -88.6333312988, 9.76731014252, 72.3737335205, -55.5575714111, 155.514892578, -65.5858459473, 63.3338928223, -60.2267074585, 76.6146621704, -37.1738853455, 36.7348937988], [311.408538818, -267.841796875, 222.694702148, -68.4293060303, 20.206861496, 98.7632598877, -65.5858459473, 224.533081055, -46.8699531555, 116.932662964, -84.3753356934, 90.7774505615, -30.8842792511], [-228.804641724, 248.566604614, -128.391952515, 23.7146587372, 57.7187309265, -49.8155593872, 63.3338928223, -46.8699531555, 136.314407349, -37.907661438, 70.8088378906, -53.9853057861, 34.7781829834], [207.477005005, -210.312591553, 184.075668335, -45.7734336853, 28.9332466125, 74.4386825562, -60.2267074585, 116.932662964, -37.907661438, 148.222335815, -45.4106292725, 67.6170654297, -30.1808815002], [-263.542053223, 241.209457397, -106.485671997, 54.23645401, 28.7445430756, -43.6841850281, 76.6146621704, -84.3753356934, 70.8088378906, -45.4106292725, 127.18006134, -46.4137611389, 45.748462677], [181.296188354, -166.794998169, 132.985336304, -43.1569671631, 20.5875854492, 44.3316612244, -37.1738853455, 90.7774505615, -53.9853057861, 67.6170654297, -46.4137611389, 112.073272705, -14.9529676437], [-138.360687256, 132.96043396, -54.6111412048, 30.6701221466, 25.8382053375, -13.2435255051, 36.7348937988, -30.8842792511, 34.7781829834, -30.1808815002, 45.748462677, -14.9529676437, 74.0695266724]],
        "icov": [[0.00800448190421, 0.0042676650919, -0.000258055166341, -0.00110416230746, 0.000612785399426, -0.00201809685677, 0.00274055660702, -0.00277508818544, -0.000617151614279, 0.00154670863412, 0.00348710897379, -0.00229010544717, 0.00277141248807], [0.0042676650919, 0.0208851713687, -0.00048759393394, 0.0121985869482, -0.00907432939857, 0.00936815794557, -0.00839612819254, 0.00299325096421, -0.00817059818655, 0.00876298733056, -0.0102728484198, 0.00747357634827, -0.00941581744701], [-0.000258055166341, -0.00048759393394, 0.00820314139128, -0.00475289719179, -0.000545868533663, -0.00395218562335, -0.0027987381909, -0.00335904560052, 0.00412899209186, -0.00534042855725, 0.00167557282839, -0.0022063862998, 0.00228554615751], [-0.00110416230746, 0.0121985869482, -0.00475289719179, 0.0229422599077, -0.00396825140342, 0.00730023859069, -0.0038680084981, 0.00711013376713, -0.00790011510253, 0.00924614723772, -0.0136770578101, 0.00860120262951, -0.011730642058], [0.000612785399426, -0.00907432939857, -0.000545868533663, -0.00396825140342, 0.012047259137, -0.00432591512799, 0.0022177787032, -0.00199564313516, 0.000839994521812, -0.00621414883062, 0.00666342489421, -0.00614840630442, 0.00348313711584], [-0.00201809685677, 0.00936815794557, -0.00395218562335, 0.00730023859069, -0.00432591512799, 0.0179236661643, -0.00468402914703, 0.00145358068403, -0.00413863454014, 0.00347942183726, -0.00805570930243, 0.00703522795811, -0.00912339519709], [0.00274055660702, -0.00839612819254, -0.0027987381909, -0.0038680084981, 0.0022177787032, -0.00468402914703, 0.0197460055351, -0.0023605087772, 0.00210520508699, 0.0024100926239, 0.00146060762927, -0.00428278790787, 0.00556752784178], [-0.00277508818544, 0.00299325096421, -0.00335904560052, 0.00711013376713, -0.00199564313516, 0.00145358068403, -0.0023605087772, 0.0147789092734, -0.00582562061027, -0.000956568983383, -0.000504431314766, -0.000414779322455, -0.00511525478214], [-0.000617151614279, -0.00817059818655, 0.00412899209186, -0.00790011510253, 0.000839994521812, -0.00413863454014, 0.00210520508699, -0.00582562061027, 0.0192089583725, -0.00557805132121, 0.000661705329549, 0.00120451149996, 0.00386569742113], [0.00154670863412, 0.00876298733056, -0.00534042855725, 0.00924614723772, -0.00621414883062, 0.00347942183726, 0.0024100926239, -0.000956568983383, -0.00557805132121, 0.0224328525364, -0.0089743854478, 0.00160025758669, -0.00178560346831], [0.00348710897379, -0.0102728484198, 0.00167557282839, -0.0136770578101, 0.00666342489421, -0.00805570930243, 0.00146060762927, -0.000504431314766, 0.000661705329549, -0.0089743854478, 0.0286795385182, -0.00718192150816, 0.00402255030349], [-0.00229010544717, 0.00747357634827, -0.0022063862998, 0.00860120262951, -0.00614840630442, 0.00703522795811, -0.00428278790787, -0.000414779322455, 0.00120451149996, 0.00160025758669, -0.00718192150816, 0.0224521625787, -0.00847307033837], [0.00277141248807, -0.00941581744701, 0.00228554615751, -0.011730642058, 0.00348313711584, -0.00912339519709, 0.00556752784178, -0.00511525478214, 0.00386569742113, -0.00178560346831, 0.00402255030349, -0.00847307033837, 0.0276442803442]]
    },
    "melbands": {
        "dmean": [0.00316165504046, 0.00450736796483, 0.00158291007392, 0.000869196373969, 0.000390801229514, 0.000381645804737, 0.000169351726072, 0.000423897290602, 0.000142865683301, 0.00013047074026, 9.12924733711e-05, 7.68664540374e-05, 8.44877431518e-05, 4.21061413363e-05, 3.68290784536e-05, 5.69109943171e-05, 0.000162259835633, 6.27127592452e-05, 3.80645360565e-05, 3.39575963153e-05, 2.29502111324e-05, 2.11042643059e-05, 1.11516792458e-05, 6.9301017902e-06, 4.40135136159e-06, 4.92349590786e-06, 3.00387455354e-06, 2.13199496102e-06, 1.74585431978e-06, 1.4606549712e-06, 1.14663544082e-06, 9.59481440077e-07, 7.99951692443e-07, 7.26067412415e-07, 5.49390051674e-07, 4.2795625177e-07, 3.50247319147e-07, 3.4685157857e-07, 3.55026941179e-07, 3.46517310845e-07],
        "dmean2": [0.00487583596259, 0.00810264702886, 0.00284506403841, 0.00152542593423, 0.000685094040819, 0.000717184739187, 0.000266856251983, 0.000685203063767, 0.00022845507192, 0.000202995623113, 0.000154465757078, 0.000125556645798, 0.000137934170198, 6.93057299941e-05, 6.09689559496e-05, 9.30346868699e-05, 0.000252884317888, 9.94202346192e-05, 6.23630403425e-05, 5.63827379665e-05, 3.71602654923e-05, 3.31715091306e-05, 1.86046017916e-05, 1.1582506886e-05, 7.31843101676e-06, 8.17769432615e-06, 5.20173853147e-06, 3.55107272298e-06, 2.90941079584e-06, 2.3599850465e-06, 1.80898007329e-06, 1.42561395933e-06, 1.17942340694e-06, 1.03763102288e-06, 7.7928649489e-07, 6.3124235794e-07, 5.47436172837e-07, 5.42390239389e-07, 5.44788804291e-07, 5.40224277756e-07],
        "dvar": [2.97617916658e-05, 6.01825449849e-05, 5.209587016e-06, 4.48159107691e-06, 3.18413981404e-07, 2.27041212497e-07, 4.78842032692e-08, 2.46740199827e-07, 5.09102697777e-08, 3.27921689802e-08, 2.28636807265e-08, 1.65025877408e-08, 1.12595808233e-08, 3.13954728881e-09, 2.3292834328e-09, 1.48672407718e-08, 5.51320553654e-08, 4.21950296925e-09, 4.16655066005e-09, 1.80353676438e-09, 1.16159259989e-09, 8.28157376009e-10, 2.82883133584e-10, 6.82766759796e-11, 2.81049714751e-11, 4.90090260041e-11, 4.15723566682e-11, 8.63829927727e-12, 9.4892522659e-12, 7.08289720278e-12, 4.136891784e-12, 3.19928545461e-12, 2.23841388133e-12, 1.57680335802e-12, 1.04513023669e-12, 5.65962858176e-13, 3.15963076016e-13, 3.27230945249e-13, 3.69035341565e-13, 4.45602268192e-13],
        "dvar2": [7.38156813895e-05, 0.000171816602233, 1.51344147525e-05, 1.21904395201e-05, 9.43388045016e-07, 8.41366613713e-07, 1.11637291411e-07, 6.56113570585e-07, 1.30206473159e-07, 7.43632710964e-08, 6.11647408277e-08, 3.92914181191e-08, 2.72008104929e-08, 7.74195108022e-09, 5.93427751383e-09, 4.37152678501e-08, 1.29925737724e-07, 1.08195541415e-08, 1.09639852752e-08, 4.42788294919e-09, 3.07670755539e-09, 1.96364369209e-09, 7.43942629722e-10, 1.7961265808e-10, 7.07112562948e-11, 1.25662660833e-10, 1.15830012248e-10, 2.21252374061e-11, 2.38679249975e-11, 1.68612155488e-11, 8.2117767447e-12, 6.21613524543e-12, 4.40177104835e-12, 2.95532803958e-12, 1.95949051256e-12, 1.13676494433e-12, 7.03601781872e-13, 7.47276047465e-13, 7.89641084725e-13, 1.00080176351e-12],
        "max": [0.0303812175989, 0.0493369959295, 0.019364759326, 0.0148518271744, 0.00558318011463, 0.00370593136176, 0.00340844551101, 0.00655968813226, 0.0040387827903, 0.00256070587784, 0.00219081202522, 0.00186699361075, 0.00160751235671, 0.00102885323577, 0.000930938636884, 0.00206704833545, 0.0021545344498, 0.000572481774725, 0.00157774961554, 0.000489895057399, 0.000568028364796, 0.000353499810444, 0.000268294417765, 0.000110190630949, 5.09565943503e-05, 7.08817970008e-05, 7.61678093113e-05, 5.02122748003e-05, 5.08230477863e-05, 3.33893731295e-05, 2.12720733543e-05, 2.01422008104e-05, 1.81501982297e-05, 1.37711322168e-05, 1.01296445791e-05, 9.2479522209e-06, 5.7255892898e-06, 7.81056678534e-06, 5.3649050642e-06, 6.75753381074e-06],
        "mean": [0.00365444133058, 0.00660522002727, 0.0030996997375, 0.00103664107155, 0.000729648047127, 0.000574098958168, 0.000404574006097, 0.000776330416556, 0.000333974690875, 0.00025813546381, 0.000146110920468, 0.000141730517498, 0.000149669809616, 7.86453238106e-05, 6.99006704963e-05, 9.9843578937e-05, 0.000232868944295, 0.000121742916235, 7.45085053495e-05, 6.45422333037e-05, 4.6790442866e-05, 4.23462442996e-05, 1.86950819625e-05, 1.22439087136e-05, 8.40462143969e-06, 8.45095837576e-06, 4.70144004794e-06, 3.618661367e-06, 2.96621169582e-06, 2.42867167799e-06, 1.9410308596e-06, 1.63656625318e-06, 1.27151565721e-06, 1.15566911063e-06, 8.23746063361e-07, 6.03457351644e-07, 4.91146863624e-07, 4.37549317667e-07, 4.11394324829e-07, 3.72448141661e-07],
        "median": [0.00107211968862, 0.00504253059626, 0.0025865372736, 0.000620738486759, 0.000633025774732, 0.000373707211111, 0.000269327167189, 0.000581409782171, 0.000216704967897, 0.000116401635751, 8.07578398963e-05, 7.56973677198e-05, 9.7085176094e-05, 5.43913083675e-05, 5.10592180945e-05, 6.26880864729e-05, 0.000119676005852, 9.65810831985e-05, 5.41310873814e-05, 4.3306092266e-05, 3.41850682162e-05, 2.24170416914e-05, 1.04340060716e-05, 8.28728570923e-06, 5.76771526539e-06, 5.26891881236e-06, 2.85010355583e-06, 2.49678987529e-06, 1.69406632722e-06, 1.20983565921e-06, 8.51636343668e-07, 6.0120373746e-07, 4.66840702984e-07, 4.21290280883e-07, 2.35890212252e-07, 1.58037209985e-07, 1.39113950581e-07, 9.71470370814e-08, 5.53655219449e-08, 3.35926060302e-08],
        "min": [7.29319299353e-06, 8.55287580634e-05, 0.000127936116769, 3.90084169339e-05, 2.38137181441e-05, 2.24553623411e-05, 2.08188848774e-05, 1.35448608489e-05, 1.15683706099e-05, 6.66444520903e-06, 6.18447529632e-06, 6.51529262541e-06, 4.64575305159e-06, 2.44702528107e-06, 6.02437785346e-06, 6.54258428767e-06, 4.15019894717e-06, 3.69432791558e-06, 3.03355068354e-06, 1.51678239035e-06, 1.18641708013e-06, 1.58241391546e-06, 8.38419111915e-07, 1.03665922779e-06, 5.09991195941e-07, 4.62623091835e-07, 3.020581687e-07, 1.79566228553e-07, 1.64575325812e-07, 1.23128415908e-07, 5.83263073395e-08, 3.19849391417e-08, 7.4315753551e-09, 6.73642919224e-09, 5.22294474337e-09, 1.97575356076e-09, 3.90428189778e-10, 4.30200597368e-11, 1.39619288353e-11, 1.83447102452e-13],
