{
"highlevel": {
    "danceability": {
        "all": {
            "danceable": 0.96054828167,
            "not_danceable": 0.0394516997039
        },
        "probability": 0.96054828167,
        "value": "danceable"
    },
    "gender": {
        "all": {
            "female": 0.168910712004,
            "male": 0.831089317799
        },
        "probability": 0.831089317799,
        "value": "male"
    },
    "genre_dortmund": {
        "all": {
            "alternative": 0.173151880503,
            "blues": 0.0938455238938,
            "electronic": 0.034969381988,
            "folkcountry": 0.0636571869254,
            "funksoulrnb": 0.0124313477427,
            "jazz": 0.0172041542828,
            "pop": 0.0328986346722,
            "raphiphop": 0.0129778627306,
            "rock": 0.558863997459
        },
        "probability": 0.558863997459,
        "value": "rock"
    },
    "genre_electronic": {
        "all": {
            "ambient": 0.590282678604,
            "dnb": 0.274535894394,
            "house": 0.0189650319517,
            "techno": 0.00957054458559,
            "trance": 0.106645852327
        },
        "probability": 0.590282678604,
        "value": "ambient"
    },
    "genre_rosamerica": {
        "all": {
            "cla": 0.0135981161147,
            "dan": 0.0102995960042,
            "hip": 0.00988401193172,
            "jaz": 0.015928093344,
            "pop": 0.555440068245,
            "rhy": 0.0618739798665,
            "roc": 0.329963773489,
            "spe": 0.00301238475367
        },
        "probability": 0.555440068245,
        "value": "pop"
    },
    "genre_tzanetakis": {
        "all": {
            "blu": 0.0626613423228,
            "cla": 0.0348169617355,
            "cou": 0.104475811124,
            "dis": 0.0784321576357,
            "hip": 0.15692435205,
            "jaz": 0.313974827528,
            "met": 0.0448166541755,
            "pop": 0.0627359300852,
            "reg": 0.0627360641956,
            "roc": 0.0784258767962
        },
        "probability": 0.313974827528,
        "value": "jaz"
    },
    "ismir04_rhythm": {
        "all": {
            "ChaChaCha": 0.239314034581,
            "Jive": 0.224128261209,
            "Quickstep": 0.0174984764308,
            "Rumba-American": 0.0141587816179,
            "Rumba-International": 0.0422028452158,
            "Rumba-Misc": 0.00569463055581,
            "Samba": 0.0477757006884,
            "Tango": 0.210844099522,
            "VienneseWaltz": 0.184097543359,
            "Waltz": 0.0142856286839
        },
        "probability": 0.239314034581,
        "value": "ChaChaCha"
    },
    "mood_acoustic": {
        "all": {
            "acoustic": 0.0378782376647,
            "not_acoustic": 0.962121784687
        },
        "probability": 0.962121784687,
        "value": "not_acoustic"
    },
    "mood_aggressive": {
        "all": {
            "aggressive": 0.753546237946,
            "not_aggressive": 0.246453747153
        },
        "probability": 0.753546237946,
        "value": "aggressive"
    },
    "mood_electronic": {
        "all": {
            "electronic": 0.0477172024548,
            "not_electronic": 0.952282786369
        },
        "probability": 0.952282786369,
        "value": "not_electronic"
    },
    "mood_happy": {
        "all": {
            "happy": 0.715617060661,
            "not_happy": 0.284382939339
        },
        "probability": 0.715617060661,
        "value": "happy"
    },
    "mood_party": {
        "all": {
            "not_party": 0.760441660881,
            "party": 0.239558339119
        },
        "probability": 0.760441660881,
        "value": "not_party"
    },
    "mood_relaxed": {
        "all": {
            "not_relaxed": 0.923250079155,
            "relaxed": 0.0767499506474
        },
        "probability": 0.923250079155,
        "value": "not_relaxed"
    },
    "mood_sad": {
        "all": {
            "not_sad": 0.467453837395,
            "sad": 0.532546162605
        },
        "probability": 0.532546162605,
        "value": "sad"
    },
    "moods_mirex": {
        "all": {
            "Cluster1": 0.10398542136,
            "Cluster2": 0.14435954392,
            "Cluster3": 0.296694636345,
            "Cluster4": 0.0916213542223,
            "Cluster5": 0.363339066505
        },
        "probability": 0.363339066505,
        "value": "Cluster5"
    },
    "timbre": {
        "all": {
            "bright": 0.808054506779,
            "dark": 0.191945493221
        },
        "probability": 0.808054506779,
        "value": "bright"
    },
    "tonal_atonal": {
        "all": {
            "atonal": 0.0432105101645,
            "tonal": 0.956789493561
        },
        "probability": 0.956789493561,
        "value": "tonal"
    },
    "voice_instrumental": {
        "all": {
            "instrumental": 0.00396942952648,
            "voice": 0.996030569077
        },
        "probability": 0.996030569077,
        "value": "voice"
    }
},
"lowlevel": {
    "average_loudness": 0.967275261879,
    "barkbands_crest": {
        "dmean": 2.55088829994,
        "dmean2": 4.04870080948,
        "dvar": 5.09865188599,
        "dvar2": 14.0369462967,
        "max": 23.2519264221,
        "mean": 10.0384654999,
        "median": 9.31793212891,
        "min": 2.98231577873,
        "var": 16.9877567291
    },
    "barkbands_flatness_db": {
        "dmean": 0.0170744303614,
        "dmean2": 0.0260669253767,
        "dvar": 0.000260768225417,
        "dvar2": 0.000581697444431,
        "max": 0.281340003014,
        "mean": 0.134302526712,
        "median": 0.134263917804,
        "min": 0.0456587225199,
        "var": 0.00135980104096
    },
    "barkbands_kurtosis": {
        "dmean": 1.18092811108,
        "dmean2": 1.86804831028,
        "dvar": 4.18225908279,
        "dvar2": 11.6726779938,
        "max": 29.9553871155,
        "mean": 0.975005805492,
        "median": 0.0504069328308,
        "min": -1.87892687321,
        "var": 8.47947311401
    },
    "barkbands_skewness": {
        "dmean": 0.40744420886,
        "dmean2": 0.600980103016,
        "dvar": 0.16011570394,
        "dvar2": 0.392456710339,
        "max": 5.14413118362,
        "mean": 0.499731779099,
        "median": 0.457557737827,
        "min": -2.87087917328,
        "var": 1.00657391548
    },
    "barkbands_spread": {
        "dmean": 5.41539287567,
        "dmean2": 8.08807086945,
        "dvar": 38.5257339478,
        "dvar2": 78.9357376099,
        "max": 104.182655334,
        "mean": 24.8487510681,
        "median": 22.2735977173,
        "min": 3.91748118401,
        "var": 171.258026123
    },
    "dissonance": {
        "dmean": 0.0162265170366,
        "dmean2": 0.0273366235197,
        "dvar": 0.000257806386799,
        "dvar2": 0.000697734940331,
        "max": 0.499255627394,
        "mean": 0.464039474726,
        "median": 0.467853814363,
        "min": 0.331950753927,
        "var": 0.000558861356694
    },
    "dynamic_complexity": 2.31942558289,
    "erbbands_crest": {
        "dmean": 2.90686798096,
        "dmean2": 4.50434780121,
        "dvar": 7.81083869934,
        "dvar2": 19.3351516724,
        "max": 27.8192749023,
        "mean": 11.5554618835,
        "median": 10.6231832504,
        "min": 2.69971370697,
        "var": 29.2881298065
    },
    "erbbands_flatness_db": {
        "dmean": 0.0177513454109,
        "dmean2": 0.0241430699825,
        "dvar": 0.000309844821459,
        "dvar2": 0.000568555900827,
        "max": 0.292582571507,
        "mean": 0.178131952882,
        "median": 0.185351461172,
        "min": 0.0599592253566,
        "var": 0.00227208994329
    },
    "erbbands_kurtosis": {
        "dmean": 1.01178264618,
        "dmean2": 1.53117489815,
        "dvar": 1.68603539467,
        "dvar2": 3.91180896759,
        "max": 20.6860980988,
        "mean": 1.053840518,
        "median": 0.137586355209,
        "min": -1.61370408535,
        "var": 6.6753077507
    },
    "erbbands_skewness": {
        "dmean": 0.317643016577,
        "dmean2": 0.468010574579,
        "dvar": 0.0885848253965,
        "dvar2": 0.186964258552,
        "max": 2.3129556179,
        "mean": -0.0432215556502,
        "median": -0.0186211392283,
        "min": -3.06197667122,
        "var": 0.681818187237
    },
    "erbbands_spread": {
        "dmean": 5.69401073456,
        "dmean2": 8.13798713684,
        "dvar": 44.8458557129,
        "dvar2": 91.9437179565,
        "max": 92.8966522217,
        "mean": 26.9187335968,
        "median": 23.3663463593,
        "min": 3.87894845009,
        "var": 203.450942993
    },
    "hfc": {
        "dmean": 7.66553926468,
        "dmean2": 11.0177297592,
        "dvar": 98.810874939,
        "dvar2": 187.598983765,
        "max": 148.816696167,
        "mean": 32.0207290649,
        "median": 33.5333061218,
        "min": 1.1725730896,
        "var": 425.532348633
    },
    "melbands_crest": {
        "dmean": 3.0987739563,
        "dmean2": 4.99729967117,
        "dvar": 8.48861789703,
        "dvar2": 20.7717990875,
        "max": 28.7483596802,
        "mean": 12.8591060638,
        "median": 12.0589962006,
        "min": 3.4699947834,
        "var": 23.2568359375
    },
    "melbands_flatness_db": {
        "dmean": 0.020352775231,
        "dmean2": 0.0306415725499,
        "dvar": 0.000429873354733,
        "dvar2": 0.000929759582505,
        "max": 0.381956368685,
        "mean": 0.17186267674,
        "median": 0.166099101305,
        "min": 0.0513040050864,
        "var": 0.00241490802728
    },
    "melbands_kurtosis": {
        "dmean": 2.75555539131,
        "dmean2": 4.37578821182,
        "dvar": 35.7271614075,
        "dvar2": 94.0584182739,
        "max": 88.8782577515,
        "mean": 3.80455803871,
        "median": 1.30131006241,
        "min": -1.75731384754,
        "var": 57.5175704956
    },
    "melbands_skewness": {
        "dmean": 0.502810776234,
        "dmean2": 0.733696460724,
        "dvar": 0.336377769709,
        "dvar2": 0.815573394299,
        "max": 8.37475776672,
        "mean": 1.26051330566,
        "median": 1.00332415104,
        "min": -1.46633565426,
        "var": 1.67131102085
    },
    "melbands_spread": {
        "dmean": 7.87800741196,
        "dmean2": 12.1185750961,
        "dvar": 94.5157775879,
        "dvar2": 180.158172607,
        "max": 192.649124146,
        "mean": 35.5601425171,
        "median": 32.9280014038,
        "min": 3.55838871002,
        "var": 443.680297852
    },
    "pitch_salience": {
        "dmean": 0.0641159713268,
        "dmean2": 0.101984620094,
        "dvar": 0.00370312319137,
        "dvar2": 0.00921078771353,
        "max": 0.823120594025,
        "mean": 0.550755858421,
        "median": 0.554135322571,
        "min": 0.143067657948,
        "var": 0.012238481082
    },
    "silence_rate_20dB": {
        "dmean": 0,
        "dmean2": 0,
        "dvar": 0,
        "dvar2": 0,
        "max": 1,
        "mean": 1,
        "median": 1,
        "min": 1,
        "var": 0
    },
    "silence_rate_30dB": {
        "dmean": 0,
        "dmean2": 0,
        "dvar": 0,
        "dvar2": 0,
        "max": 1,
        "mean": 1,
        "median": 1,
        "min": 1,
        "var": 0
    },
    "silence_rate_60dB": {
        "dmean": 0,
        "dmean2": 0,
        "dvar": 0,
        "dvar2": 0,
        "max": 0,
        "mean": 0,
        "median": 0,
        "min": 0,
        "var": 0
    },
    "spectral_centroid": {
        "dmean": 205.28112793,
        "dmean2": 306.726104736,
        "dvar": 50086.9609375,
        "dvar2": 94958.5546875,
        "max": 4511.44824219,
        "mean": 1697.55993652,
        "median": 1667.50463867,
        "min": 329.056945801,
        "var": 297145.125
    },
    "spectral_complexity": {
        "dmean": 3.47678017616,
        "dmean2": 5.3036403656,
        "dvar": 12.7525682449,
        "dvar2": 23.6707077026,
        "max": 52,
        "mean": 21.8043308258,
        "median": 21,
        "min": 5,
        "var": 48.9385490417
    },
    "spectral_decrease": {
        "dmean": 1.60701751906e-09,
        "dmean2": 2.47683895616e-09,
        "dvar": 4.19898096115e-18,
        "dvar2": 1.01615035436e-17,
        "max": -7.80030484648e-10,
        "mean": -6.47430820067e-09,
        "median": -6.55531762206e-09,
        "min": -2.23340599348e-08,
        "var": 1.13136346152e-17
    },
    "spectral_energy": {
        "dmean": 0.00658531766385,
        "dmean2": 0.0101010883227,
        "dvar": 6.65851184749e-05,
        "dvar2": 0.000157314236276,
        "max": 0.086481012404,
        "mean": 0.0273399092257,
        "median": 0.0280052069575,
        "min": 0.00310407322831,
        "var": 0.000192133622477
    },
    "spectral_energyband_high": {
        "dmean": 0.000378097873181,
        "dmean2": 0.000493535539135,
        "dvar": 8.54721861288e-07,
        "dvar2": 1.25934445805e-06,
        "max": 0.0239974185824,
        "mean": 0.000737963244319,
        "median": 0.000288938666927,
        "min": 2.08175970329e-06,
        "var": 3.22364780914e-06
    },
    "spectral_energyband_low": {
        "dmean": 0.00334110949188,
        "dmean2": 0.00558955734596,
        "dvar": 4.46995836683e-05,
        "dvar2": 0.000118494936032,
        "max": 0.0792585685849,
        "mean": 0.00550041673705,
        "median": 0.00303752883337,
        "min": 0.000155587345944,
        "var": 6.1290244048e-05
    },
    "spectral_energyband_middle_high": {
        "dmean": 0.00310721225105,
        "dmean2": 0.00452749617398,
        "dvar": 1.72166055563e-05,
        "dvar2": 3.6432982597e-05,
        "max": 0.0460039563477,
        "mean": 0.01133959461,
        "median": 0.00982811488211,
        "min": 5.21638430655e-05,
        "var": 8.00290290499e-05
    },
    "spectral_energyband_middle_low": {
        "dmean": 0.00312367756851,
        "dmean2": 0.0046910638921,
        "dvar": 1.79980906978e-05,
        "dvar2": 4.1783470806e-05,
        "max": 0.0520340055227,
        "mean": 0.0101718362421,
        "median": 0.00735130580142,
        "min": 0.00113295915071,
        "var": 6.73121030559e-05
    },
    "spectral_entropy": {
        "dmean": 0.139323636889,
        "dmean2": 0.189667761326,
        "dvar": 0.0202249269933,
        "dvar2": 0.0339902900159,
        "max": 8.64421749115,
        "mean": 7.48639249802,
        "median": 7.46089220047,
        "min": 6.34276294708,
        "var": 0.128355950117
    },
    "spectral_flux": {
        "dmean": 0.0257155802101,
        "dmean2": 0.03987153247,
        "dvar": 0.000677552481648,
        "dvar2": 0.00157556030899,
        "max": 0.244591251016,
        "mean": 0.08816947788,
        "median": 0.0776208043098,
        "min": 0.0105414455757,
        "var": 0.0021128281951
    },
    "spectral_kurtosis": {
        "dmean": 1.82543373108,
        "dmean2": 2.99469709396,
        "dvar": 2.93823647499,
        "dvar2": 8.36668109894,
        "max": 19.2470321655,
        "mean": 6.04481172562,
        "median": 5.72428607941,
        "min": -0.68509554863,
        "var": 6.75651931763
    },
    "spectral_rms": {
        "dmean": 0.000606833258644,
        "dmean2": 0.000912898394745,
        "dvar": 4.46644548902e-07,
        "dvar2": 9.68773179011e-07,
        "max": 0.00918540824205,
        "mean": 0.0049813054502,
        "median": 0.00522705959156,
        "min": 0.00174021953717,
        "var": 1.8596828113e-06
    },
    "spectral_rolloff": {
        "dmean": 402.280029297,
        "dmean2": 650.400817871,
        "dvar": 484956.9375,
        "dvar2": 967789.75,
        "max": 11175.7324219,
        "mean": 1916.39038086,
        "median": 1765.72265625,
        "min": 86.1328125,
        "var": 1588505.375
    },
    "spectral_skewness": {
        "dmean": 0.213308230042,
        "dmean2": 0.337043583393,
        "dvar": 0.0361129380763,
        "dvar2": 0.0954115614295,
        "max": 2.73017382622,
        "mean": 1.65754354,
        "median": 1.66727721691,
        "min": 0.21004088223,
        "var": 0.118346333504
    },
    "spectral_spread": {
        "dmean": 526043.8125,
        "dmean2": 733981.125,
        "dvar": 392875016192,
        "dvar2": 772151181312,
        "max": 11389437,
        "mean": 3767271.5,
        "median": 3449567.75,
        "min": 1737449.625,
        "var": 1.48055903437e+12
    },
    "spectral_strongpeak": {
        "dmean": 1.0406652689,
        "dmean2": 1.7070479393,
        "dvar": 2.33235239983,
        "dvar2": 5.72558355331,
        "max": 14.5862636566,
        "mean": 2.58092951775,
        "median": 1.6084291935,
        "min": 0,
        "var": 6.7497010231
    },
    "zerocrossingrate": {
        "dmean": 0.00886464770883,
        "dmean2": 0.00997856259346,
        "dvar": 0.000164899305673,
        "dvar2": 0.000150970576215,
        "max": 0.29345703125,
        "mean": 0.0706546381116,
        "median": 0.06591796875,
        "min": 0.013671875,
        "var": 0.00118570169434
    },
    "barkbands": {
        "dmean": [0.000130166416056, 0.00260569527745, 0.00116736197378, 0.000470069295261, 0.000843628717121, 0.00078098702943, 0.000355884229066, 0.000281203479972, 0.00175396434497, 0.000324061547872, 0.000670980662107, 0.000509325589519, 0.000940821599215, 0.000709287123755, 0.00130006321706, 0.000667925167363, 0.000469607650302, 0.000188541409443, 0.000385245220968, 0.000128194515128, 6.30864597042e-05, 8.83710381459e-05, 8.97513527889e-05, 5.35113395017e-05, 4.93728075526e-05, 6.58016215311e-05, 1.25319665756e-08],
        "dmean2": [0.00021330328309, 0.00440722191706, 0.00198846170679, 0.000797607121058, 0.00142652424984, 0.0013062574435, 0.000541386660188, 0.000421480246587, 0.00248506385833, 0.0004876604944, 0.000977189163677, 0.000778556044679, 0.00135495467111, 0.00110854976811, 0.00202437816188, 0.00103891943581, 0.000753994856495, 0.000304913992295, 0.000600323604885, 0.000202987939701, 9.21937244129e-05, 0.00011845647532, 0.00012247406994, 7.164444105e-05, 7.2575523518e-05, 0.000103359430796, 2.18890097159e-08],
        "dvar": [5.67656286421e-08, 3.60142912541e-05, 8.74786655913e-06, 1.00351451238e-06, 4.62209754915e-06, 2.2267802251e-06, 1.14892441161e-06, 5.82679660965e-07, 1.05766694105e-05, 8.79882122717e-07, 4.14810574512e-06, 2.72298825621e-06, 4.23031633545e-06, 3.19219316225e-06, 6.3187944761e-06, 3.13843020194e-06, 6.26746611943e-07, 8.3602067491e-08, 3.37442372711e-07, 5.16336591261e-08, 3.42980506218e-08, 9.71090301505e-08, 8.60833964111e-08, 2.75521685467e-08, 1.87384241457e-08, 2.15260111958e-08, 2.57419771297e-15],
        "dvar2": [1.53214983811e-07, 0.000106499093818, 2.44583261519e-05, 2.73825185104e-06, 1.23680965771e-05, 5.52408346266e-06, 2.74379613074e-06, 1.19613127936e-06, 2.07808716368e-05, 1.84167561201e-06, 9.0200564955e-06, 5.73907118451e-06, 8.5960900833e-06, 7.20989737601e-06, 1.48360768435e-05, 6.95722701494e-06, 1.5764105683e-06, 2.10074645679e-07, 7.08804861915e-07, 1.2521391568e-07, 6.41902531129e-08, 1.71890945921e-07, 1.33584563855e-07, 3.65106096467e-08, 3.22561177768e-08, 5.40515507907e-08, 5.62551214447e-15],
        "max": [0.00296639837325, 0.074475929141, 0.0274342466146, 0.00949333421886, 0.0256818775088, 0.0172945037484, 0.0169383492321, 0.0142606282607, 0.0387303680182, 0.0128277698532, 0.0335786268115, 0.0263099540025, 0.0301751885563, 0.022244323045, 0.0252550803125, 0.033318746835, 0.0100670298561, 0.00475111277774, 0.00925906561315, 0.00311555503868, 0.00551056675613, 0.0104927653447, 0.00578443240374, 0.00598114775494, 0.00284813484177, 0.00133374752477, 7.78993921813e-07],
        "mean": [0.000166394383996, 0.00341405975632, 0.00154239265248, 0.000703314377461, 0.0014630346559, 0.00128987070639, 0.000830906908959, 0.000581633648835, 0.00518353795633, 0.000500488618854, 0.00106505944859, 0.000732165353838, 0.00188930681907, 0.00101080560125, 0.00255568604916, 0.00144910148811, 0.000860169704538, 0.000357119686669, 0.000852782512084, 0.000220723886741, 0.000124456913909, 0.000150881271111, 0.000164146782481, 8.45585163916e-05, 7.60821276344e-05, 7.12301698513e-05, 9.03502694882e-09],
        "median": [6.55401308904e-05, 0.00139600341208, 0.00100195023697, 0.000424108584411, 0.000773001112975, 0.000775155785959, 0.000278684397927, 0.000195732587599, 0.000971717876382, 0.000167471924215, 0.00023746379884, 0.000189777216292, 0.000486109755002, 0.000245493312832, 0.000627479283139, 0.000432634958997, 0.000508449389599, 0.000259094376815, 0.000623916625045, 0.000133357825689, 6.43127204967e-05, 5.40652472409e-05, 5.22127047589e-05, 2.01383481908e-05, 1.68205988302e-05, 1.97969529836e-05, 6.32945251766e-10],
        "min": [4.31063931217e-08, 3.44974650943e-05, 4.93622883369e-06, 5.01922704643e-06, 2.96058606182e-05, 3.20623075822e-05, 3.60145122613e-06, 4.55111739939e-06, 5.50046161152e-06, 3.22827736454e-06, 3.00302303913e-06, 5.23488643012e-06, 6.32912451692e-06, 5.04099261889e-06, 1.08414212718e-06, 1.51582332819e-06, 1.38907068958e-06, 5.90294234826e-07, 1.9420431272e-06, 1.10308394596e-06, 4.47573427209e-07, 2.24734094445e-07, 2.87719661429e-08, 3.84789400343e-09, 3.03924718725e-10, 5.87228737858e-11, 6.26217524016e-12],
        "var": [7.76347022224e-08, 4.19172502006e-05, 6.20272021479e-06, 9.47480998548e-07, 5.55741871722e-06, 3.06813740281e-06, 3.60043759429e-06, 1.58648208526e-06, 6.0018406657e-05, 1.46637648868e-06, 7.68178779254e-06, 4.52944777862e-06, 1.67352463905e-05, 4.82425093651e-06, 1.62260657817e-05, 1.285237704e-05, 1.13200178475e-06, 1.27455450638e-07, 7.80221057539e-07, 7.98102632871e-08, 8.48755732363e-08, 2.73700692333e-07, 2.7291005722e-07, 1.05360740577e-07, 5.50880656647e-08, 2.38934259045e-08, 2.0596622552e-15]
    },
    "erbbands": {
        "dmean": [0.0740675553679, 0.595162153244, 1.3896446228, 1.23628890514, 2.08596801758, 3.25784945488, 4.02774715424, 8.15434932709, 5.19920396805, 5.34231281281, 7.65664768219, 40.9285125732, 23.8110179901, 12.865562439, 27.8798522949, 15.42237854, 36.8472251892, 33.7232933044, 64.0362625122, 38.4694252014, 32.1008110046, 25.267408371, 11.0640411377, 14.7764778137, 18.273935318, 4.97905349731, 2.84976649284, 2.53422760963, 2.89615678787, 3.40094399452, 2.45302844048, 1.246722579, 0.829665362835, 0.524415433407, 0.433853089809, 0.353451222181, 0.112248070538, 0.00693382648751, 0.00013786573254, 1.39854810186e-05],
        "dmean2": [0.12193287909, 1.01895451546, 2.3061208725, 2.0380589962, 3.56080031395, 5.40325737, 6.41178941727, 13.8657407761, 8.15144634247, 8.23097705841, 11.411356926, 59.2279663086, 32.5359687805, 18.4804935455, 42.7593650818, 22.9123744965, 52.4912452698, 50.4425849915, 98.7307052612, 57.6866340637, 49.5531234741, 40.6119651794, 17.6295757294, 23.5883979797, 27.6170806885, 7.78889369965, 4.20930624008, 3.59986400604, 4.17127323151, 4.78273105621, 3.36347270012, 1.73012924194, 1.09249174595, 0.746805012226, 0.634908795357, 0.5612180233, 0.178310871124, 0.0110180294141, 0.000214464002056, 2.11079877772e-05],
        "dvar": [0.0262807421386, 2.06587409973, 12.7822761536, 5.78410005569, 26.5519752502, 90.8849334717, 100.855163574, 233.816894531, 147.207565308, 448.014068604, 425.374267578, 7598.09375, 1797.125, 1731.57568359, 8640.19140625, 2905.69995117, 6822.90039062, 5500.55126953, 18158.4765625, 8428.02929688, 6305.94677734, 1671.33825684, 247.227630615, 420.262756348, 821.883911133, 106.683280945, 62.8903846741, 62.9945220947, 135.923095703, 131.962478638, 73.5973815918, 15.8505210876, 6.61353302002, 2.04160451889, 1.38632631302, 0.659224331379, 0.0626431033015, 0.000203853327548, 8.0963936e-08, 4.23897861257e-10],
        "dvar2": [0.0752572417259, 5.78309631348, 33.688583374, 14.9976644516, 73.7417602539, 239.128128052, 250.986801147, 600.541870117, 308.11895752, 1170.61975098, 825.373535156, 15878.9619141, 2968.09423828, 3380.01171875, 18627.1347656, 6219.52148438, 12883.6308594, 11607.3613281, 43355.8828125, 17749.1445312, 12951.9003906, 4056.42553711, 586.554199219, 962.87878418, 1764.05407715, 262.936401367, 135.140472412, 120.384429932, 313.280761719, 204.971755981, 127.300720215, 23.4561347961, 8.50698375702, 3.56593155861, 2.57923960686, 1.5906264782, 0.160344704986, 0.000513111299369, 2.0165637693e-07, 9.47557809994e-10],
        "max": [1.52295327187, 18.292509079, 35.9552536011, 24.198381424, 55.954284668, 154.462524414, 184.578170776, 194.911193848, 305.451751709, 332.534667969, 407.463592529, 1141.8215332, 799.311096191, 1178.88708496, 1548.73144531, 916.801208496, 1213.95092773, 1084.68640137, 1463.2956543, 1678.32421875, 1648.33227539, 696.453125, 269.157989502, 286.815490723, 507.747711182, 185.344436646, 221.423812866, 265.420684814, 365.297027588, 289.72467041, 193.737442017, 150.178878784, 81.7745132446, 35.1016616821, 31.3598804474, 10.5923175812, 2.35643434525, 0.115818291903, 0.0021965734195, 0.00018615697627],
        "mean": [0.096689298749, 0.759228646755, 1.87111830711, 2.13117384911, 2.81263828278, 5.07858610153, 7.80019235611, 13.2655792236, 12.5878686905, 10.381023407, 17.1545295715, 103.946662903, 74.9990844727, 25.5354156494, 50.3637008667, 25.4924049377, 78.7506866455, 70.2064819336, 134.85118103, 79.5904846191, 73.5512466431, 49.7271842957, 23.1641025543, 33.8624534607, 36.9369850159, 9.64986228943, 5.40011501312, 4.77574205399, 4.86853456497, 6.20743894577, 4.24172210693, 1.97602152824, 1.36596655846, 0.795580208302, 0.607084572315, 0.372128784657, 0.123694673181, 0.00798408035189, 0.000176115499926, 4.34233152191e-05],
        "median": [0.0315321870148, 0.32981339097, 1.08221828938, 1.45228791237, 1.56332576275, 2.32535195351, 4.5438876152, 7.23290491104, 5.42914533615, 4.18769025803, 7.90302753448, 20.3054294586, 17.4184398651, 9.37855434418, 12.0970668793, 8.32321643829, 22.3424758911, 23.3313980103, 39.9416732788, 25.1582107544, 28.3222618103, 32.5185165405, 17.8787136078, 25.9955940247, 25.4521942139, 6.62081050873, 2.94429111481, 2.22309184074, 1.79891705513, 2.2617161274, 1.28022134304, 0.475678533316, 0.321404695511, 0.213708102703, 0.112757481635, 0.086306065321, 0.0371369309723, 0.00216643721797, 6.14339878666e-05, 4.05366881751e-05],
        "min": [0.00158084731083, 0.0117096556351, 0.0267617497593, 0.0493742227554, 0.0821850299835, 0.0632716193795, 0.127920418978, 0.429133027792, 0.176033869386, 0.247985929251, 0.150081440806, 0.288038104773, 0.217581316829, 0.199022620916, 0.128202080727, 0.228670716286, 0.355342686176, 0.286919474602, 0.237181574106, 0.0791345089674, 0.123154364526, 0.0813539475203, 0.0539609119296, 0.0648243576288, 0.120939895511, 0.0423620827496, 0.0312568321824, 0.0182411596179, 0.0095022553578, 0.00124847295228, 0.000699286698364, 0.000146626465721, 5.51988669031e-05, 2.41052530328e-05, 1.03895272332e-05, 5.56382201466e-06, 1.8853822894e-06, 3.09975803248e-07, 1.94839913092e-06, 4.03969033869e-06],
        "var": [0.0377600826323, 2.24274659157, 10.3848648071, 5.90049552917, 22.6125087738, 106.206375122, 139.700698853, 327.255065918, 659.299438477, 582.533325195, 1164.13562012, 25545.2324219, 18403.6503906, 5506.70849609, 16346.7021484, 4610.92089844, 29732.4355469, 16049.0380859, 50894.375, 21386.2265625, 21357.140625, 3077.95751953, 422.830871582, 1033.24133301, 1647.45568848, 148.256958008, 124.149543762, 161.873764038, 274.042999268, 442.980133057, 200.614608765, 61.1761169434, 24.1099205017, 4.97554779053, 4.15524768829, 0.866325557232, 0.0627910345793, 0.00022472589626, 9.34877562031e-08, 7.96152199722e-10]
    },
    "gfcc": {
        "mean": [21.9888343811, 86.1021499634, -135.571243286, 29.6603527069, -43.8557052612, 14.1540307999, -39.5221710205, 16.6706066132, -21.9449329376, 5.93031454086, -19.0332641602, 3.013859272, -14.6739339828],
        "cov": [[1885.24768066, -1111.85131836, -55.762424469, -127.624954224, -75.0407028198, 264.037261963, -67.1639404297, 200.802307129, -76.7287597656, 62.07629776, -231.015838623, 49.826789856, -109.926612854], [-1111.85131836, 1026.82641602, -183.838546753, 18.1645298004, 111.541519165, -199.860214233, 113.929046631, -128.713531494, 122.257217407, -106.039543152, 162.560684204, -81.9166107178, 94.843711853], [-55.762424469, -183.838546753, 607.763793945, 123.023132324, -84.983001709, 16.6867084503, -60.2254333496, 21.4851856232, -125.062278748, 102.126533508, -5.45461130142, 86.6198730469, -24.9175949097], [-127.624954224, 18.1645298004, 123.023132324, 252.68145752, -14.0425701141, -51.5933074951, -62.1355209351, -29.7159328461, 32.460231781, 0.427672684193, 28.3033390045, -6.50997781754, 41.3692169189], [-75.0407028198, 111.541519165, -84.983001709, -14.0425701141, 205.865905762, -3.58392047882, 45.7217826843, 20.4567832947, 35.5218925476, 21.2850112915, 7.9992351532, 17.2539310455, 0.525358855724], [264.037261963, -199.860214233, 16.6867084503, -51.5933074951, -3.58392047882, 189.862167358, 59.2896842957, 22.3270702362, -44.3930015564, 15.5292072296, 2.89752602577, 21.6763343811, -40.7492637634], [-67.1639404297, 113.929046631, -60.2254333496, -62.1355209351, 45.7217826843, 59.2896842957, 159.718017578, 28.790063858, 3.48276877403, -21.9710884094, 21.3953762054, -2.83148503304, -11.6950159073], [200.802307129, -128.713531494, 21.4851856232, -29.7159328461, 20.4567832947, 22.3270702362, 28.790063858, 128.554290771, 22.7953472137, 20.3678760529, -51.592250824, -1.17062401772, -1.34687280655], [-76.7287597656, 122.257217407, -125.062278748, 32.460231781, 35.5218925476, -44.3930015564, 3.48276877403, 22.7953472137, 154.461029053, -17.1978244781, -10.7350721359, -46.2305488586, 41.4338531494], [62.07629776, -106.039543152, 102.126533508, 0.427672684193, 21.2850112915, 15.5292072296, -21.9710884094, 20.3678760529, -17.1978244781, 99.4576263428, 7.75990390778, 35.733745575, -18.6173000336], [-231.015838623, 162.560684204, -5.45461130142, 28.3033390045, 7.9992351532, 2.89752602577, 21.3953762054, -51.592250824, -10.7350721359, 7.75990390778, 147.66746521, 41.8924293518, 5.23642492294], [49.826789856, -81.9166107178, 86.6198730469, -6.50997781754, 17.2539310455, 21.6763343811, -2.83148503304, -1.17062401772, -46.2305488586, 35.733745575, 41.8924293518, 101.401954651, -9.19567584991], [-109.926612854, 94.843711853, -24.9175949097, 41.3692169189, 0.525358855724, -40.7492637634, -11.6950159073, -1.34687280655, 41.4338531494, -18.6173000336, 5.23642492294, -9.19567584991, 73.9741592407]],
        "icov": [[0.00200064433739, 0.00176228268538, 0.000866265152581, 5.65823320358e-05, 0.000133547640871, -0.000839701213408, 0.000378606870072, -0.00114845717326, -4.71981984447e-05, 0.000410575565184, 0.000899002072401, -0.0006306177238, 0.000536858045962], [0.00176228268538, 0.00647502345964, -0.00117452512495, 0.00252935942262, -0.0028072479181, 0.00402542855591, -0.00351884169504, 0.00294754863717, -0.00208969553933, 0.00339983263984, -0.00484517589211, 0.00467974226922, -0.00280757108703], [0.000866265152581, -0.00117452512495, 0.00471799634397, -0.00329557759687, 0.00276927184314, -0.0018063315656, 0.00101743498817, -0.00287226145156, 0.00320434710011, -0.00401901686564, 0.00377220311202, -0.00423135515302, 0.00171996001154], [5.65823320358e-05, 0.00252935942262, -0.00329557759687, 0.00782049261034, -0.00245046149939, 0.00227769720368, 0.000306151807308, 0.00286052841693, -0.00313777895644, 0.00320664327592, -0.00477407872677, 0.00436933198944, -0.00382426800206], [0.000133547640871, -0.0028072479181, 0.00276927184314, -0.00245046149939, 0.00840100366622, -0.00193033134565, -0.000231900485232, -0.00258548092097, 0.000359802041203, -0.00470275897533, 0.00437791878358, -0.00567066390067, 0.00249423738569], [-0.000839701213408, 0.00402542855591, -0.0018063315656, 0.00227769720368, -0.00193033134565, 0.0122034316882, -0.00665077148005, 0.00353807932697, -0.000669144792482, 0.00160163850524, -0.00549238035455, 0.00425144797191, -0.000846915354487], [0.000378606870072, -0.00351884169504, 0.00101743498817, 0.000306151807308, -0.000231900485232, -0.00665077148005, 0.0132970409468, -0.00604193937033, 0.00124125520233, 0.00175718776882, 0.001113622915, -0.00236127036624, 0.00295054586604], [-0.00114845717326, 0.00294754863717, -0.00287226145156, 0.00286052841693, -0.00258548092097, 0.00353807932697, -0.00604193937033, 0.0154714407399, -0.00441955216229, -0.000320322433254, -0.000413554458646, 0.00318778958172, -0.00393874337897], [-4.71981984447e-05, -0.00208969553933, 0.00320434710011, -0.00313777895644, 0.000359802041203, -0.000669144792482, 0.00124125520233, -0.00441955216229, 0.0125751225278, -0.00319392397068, 0.00204117246903, 0.00123693048954, -0.00265019689687], [0.000410575565184, 0.00339983263984, -0.00401901686564, 0.00320664327592, -0.00470275897533, 0.00160163850524, 0.00175718776882, -0.000320322433254, -0.00319392397068, 0.0184534732252, -0.0055787852034, 0.00114711828064, 0.0012624253286], [0.000899002072401, -0.00484517589211, 0.00377220311202, -0.00477407872677, 0.00437791878358, -0.00549238035455, 0.001113622915, -0.000413554458646, 0.00204117246903, -0.0055787852034, 0.0177313107997, -0.0115531552583, 0.00336179486476], [-0.0006306177238, 0.00467974226922, -0.00423135515302, 0.00436933198944, -0.00567066390067, 0.00425144797191, -0.00236127036624, 0.00318778958172, 0.00123693048954, 0.00114711828064, -0.0115531552583, 0.022303186357, -0.00555275427178], [0.000536858045962, -0.00280757108703, 0.00171996001154, -0.00382426800206, 0.00249423738569, -0.000846915354487, 0.00295054586604, -0.00393874337897, -0.00265019689687, 0.0012624253286, 0.00336179486476, -0.00555275427178, 0.021418094635]]
    },
    "melbands": {
        "dmean": [0.000692580128089, 0.00070156622678, 0.000219695779379, 0.000195958185941, 0.000136120288516, 0.000169176360941, 7.75571606937e-05, 5.99214836257e-05, 7.03792757122e-05, 0.000284302514046, 0.000118801377539, 4.96475477121e-05, 8.64690518938e-05, 6.77856442053e-05, 3.49055007973e-05, 0.000119209216791, 5.90603995079e-05, 0.000103832891909, 8.1553691416e-05, 5.15277934028e-05, 3.94911621697e-05, 3.1702540582e-05, 1.44186815305e-05, 7.82002825872e-06, 1.34164629344e-05, 1.85848184628e-05, 8.52181074151e-06, 2.71414273811e-06, 1.96875225811e-06, 1.59116859777e-06, 1.55476914188e-06, 1.74927390617e-06, 1.8341785335e-06, 2.01002990252e-06, 1.62283640748e-06, 1.01521584384e-06, 7.1740629437e-07, 6.28525754109e-07, 5.14628140991e-07, 4.45963934226e-07],
        "dmean2": [0.00116881215945, 0.00114875717554, 0.000362946942914, 0.000337053264957, 0.000217590291868, 0.000286137801595, 0.000121164062875, 9.13717885851e-05, 0.000107199877675, 0.000406225357438, 0.000162081094459, 7.18211449566e-05, 0.000130956599605, 0.000100223282061, 5.24914248672e-05, 0.000168286991538, 8.82488020579e-05, 0.000160291761858, 0.000121972596389, 7.65342847444e-05, 6.04743872827e-05, 5.12061160407e-05, 2.33259997913e-05, 1.25293254314e-05, 2.16546286538e-05, 2.87334332825e-05, 1.32889299493e-05, 4.2871797632e-06, 2.99469820675e-06, 2.44143461714e-06, 2.2183087367e-06, 2.67729456027e-06, 2.49288063969e-06, 2.85921305476e-06, 2.26015345106e-06, 1.50237337948e-06, 1.00645729617e-06, 8.46053694659e-07, 6.95047106092e-07, 6.6285582534e-07],
        "dvar": [2.44406601269e-06, 2.62739695245e-06, 1.74188897972e-07, 3.24781325389e-07, 1.05427929498e-07, 9.96236408923e-08, 3.26540146034e-08, 4.333015724e-08, 5.14870066581e-08, 3.26897236391e-07, 4.5258556014e-08, 2.79379985813e-08, 7.64337499959e-08, 4.48837766953e-08, 1.50304018121e-08, 6.61177139705e-08, 2.14969464452e-08, 5.43819602683e-08, 2.95726714228e-08, 2.57913175261e-08, 8.80445227835e-09, 2.82431389387e-09, 5.64557622873e-10, 1.32101468653e-10, 3.44022171861e-10, 9.08646824449e-10, 1.77403369772e-10, 4.49278010628e-11, 3.18340388772e-11, 2.36013448368e-11, 2.17229914612e-11, 6.47545003729e-11, 3.55466177326e-11, 4.4110787939e-11, 3.68935229589e-11, 9.805047399e-12, 6.76019526816e-12, 4.46129938547e-12, 1.98898081165e-12, 1.45209560522e-12],
        "dvar2": [7.36254287403e-06, 6.3573152147e-06, 4.43489767576e-07, 8.87174451236e-07, 2.58946101894e-07, 2.52491730635e-07, 7.11543037824e-08, 1.08661069476e-07, 1.01469389335e-07, 6.67054905534e-07, 7.37425551733e-08, 5.553665261e-08, 1.68132061162e-07, 8.61666649143e-08, 3.13209937985e-08, 1.29305632868e-07, 4.26068851311e-08, 1.33023036142e-07, 6.61816912384e-08, 5.48669376599e-08, 1.78037637966e-08, 7.13659575879e-09, 1.40906197821e-09, 3.15311249333e-10, 8.39128377894e-10, 1.96532701224e-09, 4.04656669284e-10, 1.12721158796e-10, 6.95891053115e-11, 5.19892184858e-11, 3.82433321122e-11, 1.73639935763e-10, 5.67927128936e-11, 7.0384691131e-11, 6.83899117893e-11, 1.72968497164e-11, 1.09649303526e-11, 6.12395117255e-12, 3.21863130766e-12, 2.84673846995e-12],
        "max": [0.0181510150433, 0.0168583914638, 0.00421980628744, 0.00584103120491, 0.00653136055917, 0.00398720055819, 0.00392370531335, 0.00331218959764, 0.0049534579739, 0.00723573984578, 0.00389692466706, 0.00435630138963, 0.00496259192005, 0.00372436176986, 0.00249774451368, 0.00393994245678, 0.0021855616942, 0.00305520463735, 0.00228064740077, 0.00349608063698, 0.00171841168776, 0.000834899954498, 0.000421746372012, 0.000221847702051, 0.000261156412307, 0.000444271456217, 0.000183392723557, 0.000129957072204, 0.000169143924722, 0.000114940274216, 0.000163886521477, 0.000235799278016, 0.000157435089932, 0.000153858592967, 0.000148063860252, 8.55848848005e-05, 9.26397115109e-05, 6.9393296144e-05, 3.28752030327e-05, 2.77820672636e-05],
        "mean": [0.000902568630408, 0.00101708003785, 0.000391809357097, 0.000271613098448, 0.000276727194432, 0.000282225490082, 0.000188117963262, 0.00012065685587, 0.000132382876473, 0.000776838744059, 0.000363378669135, 8.86831548996e-05, 0.000147747385199, 0.00011367861589, 5.21665788256e-05, 0.000244962691795, 9.82932542684e-05, 0.000204362368095, 0.000151481537614, 0.000105552266177, 7.63227653806e-05, 5.66209309909e-05, 2.61526984104e-05, 1.58335733431e-05, 2.78873212665e-05, 3.55082847818e-05, 1.47123091665e-05, 4.36592836195e-06, 3.44307613886e-06, 2.78624975181e-06, 2.78505717688e-06, 2.66305755758e-06, 3.07497361973e-06, 3.60511990039e-06, 2.68157282335e-06, 1.58030820785e-06, 1.0502404848e-06, 9.8743066701e-07, 7.82455629178e-07, 6.26106043455e-07],
        "median": [0.00034630385926, 0.000561514054425, 0.000270575546892, 0.000127545325086, 0.000162952070241, 0.000159851915669, 7.89683908806e-05, 4.56541602034e-05, 4.49839244538e-05, 0.000148808001541, 6.84664628352e-05, 2.51656801993e-05, 3.64891930076e-05, 2.91339110845e-05, 1.48918206833e-05, 6.05626701145e-05, 2.17205615627e-05, 4.80939415866e-05, 3.94685303036e-05, 2.33937971643e-05, 3.07738191623e-05, 3.1180021324e-05, 1.82033727469e-05, 1.16710871225e-05, 2.07344546652e-05, 2.26421925618e-05, 8.79656181496e-06, 2.38036454903e-06, 1.81679467914e-06, 1.40802035276e-06, 1.2334865005e-06, 1.0058455473e-06, 9.76416458798e-07, 1.25055748867e-06, 7.66195000779e-07, 3.6978207163e-07, 2.46277068072e-07, 2.28066554087e-07, 1.8648759692e-07, 1.70252931753e-07],
        "min": [1.15044540507e-05, 2.0383791707e-05, 1.24529415189e-05, 4.56208908872e-06, 3.92625770473e-06, 1.13326514111e-05, 2.40589815803e-06, 1.30114165131e-06, 7.57220050218e-07, 8.94741219781e-07, 8.27197823128e-07, 7.16400904821e-07, 4.49734130825e-07, 5.05741923007e-07, 7.08508139269e-07, 5.98355995862e-07, 3.98513236632e-07, 3.67742444496e-07, 9.59635215736e-08, 8.11048721516e-08, 1.63682344123e-07, 8.17238827722e-08, 4.63261251582e-08, 2.50803289248e-08, 5.22915009071e-08, 8.70718253054e-08, 5.09253545999e-08, 1.66660747425e-08, 2.52778491472e-08, 3.37282624052e-09, 9.71077174228e-09, 4.10298950371e-09, 3.78300640813e-10, 6.95118129723e-10, 4.7198578379e-10, 1.17260340327e-10, 1.51721673419e-11, 3.20471427173e-11, 9.23192945701e-12, 9.30134875371e-13],
