{
"highlevel": {
    "danceability": {
        "all": {
            "danceable": 0.0264579784125,
            "not_danceable": 0.973542034626
        },
        "probability": 0.973542034626,
        "value": "not_danceable"
    },
    "gender": {
        "all": {
            "female": 0.293171823025,
            "male": 0.706828176975
        },
        "probability": 0.706828176975,
        "value": "male"
    },
    "genre_dortmund": {
        "all": {
            "alternative": 0.0490582361817,
            "blues": 0.0596544258296,
            "electronic": 0.0514935813844,
            "folkcountry": 0.0689518898726,
            "funksoulrnb": 0.0183773543686,
            "jazz": 0.0223032776266,
            "pop": 0.035824265331,
            "raphiphop": 0.00976251624525,
            "rock": 0.684574484825
        },
        "probability": 0.684574484825,
        "value": "rock"
    },
    "genre_electronic": {
        "all": {
            "ambient": 0.126314073801,
            "dnb": 0.670792579651,
            "house": 0.0239037964493,
            "techno": 0.00594305666164,
            "trance": 0.173046514392
        },
        "probability": 0.670792579651,
        "value": "dnb"
    },
    "genre_rosamerica": {
        "all": {
            "cla": 0.0048528816551,
            "dan": 0.00367230619304,
            "hip": 0.0118500255048,
            "jaz": 0.00076752458699,
            "pop": 0.0195596236736,
            "rhy": 0.0037805493921,
            "roc": 0.954947352409,
            "spe": 0.000569730298594
        },
        "probability": 0.954947352409,
        "value": "roc"
    },
    "genre_tzanetakis": {
        "all": {
            "blu": 0.0626541376114,
            "cla": 0.0348133966327,
            "cou": 0.0783501937985,
            "dis": 0.104547761381,
            "hip": 0.15693578124,
            "jaz": 0.313987255096,
            "met": 0.044816005975,
            "pop": 0.0627349764109,
            "reg": 0.0627352520823,
            "roc": 0.0784252434969
        },
        "probability": 0.313987255096,
        "value": "jaz"
    },
    "ismir04_rhythm": {
        "all": {
            "ChaChaCha": 0.00377086061053,
            "Jive": 0.969206035137,
            "Quickstep": 0.0025782037992,
            "Rumba-American": 0.000497258966789,
            "Rumba-International": 0.00077364599565,
            "Rumba-Misc": 0.000444307195721,
            "Samba": 0.0199108459055,
            "Tango": 0.00012515153503,
            "VienneseWaltz": 0.0018854358932,
            "Waltz": 0.000808232638519
        },
        "probability": 0.969206035137,
        "value": "Jive"
    },
    "mood_acoustic": {
        "all": {
            "acoustic": 0.00499451812357,
            "not_acoustic": 0.995005488396
        },
        "probability": 0.995005488396,
        "value": "not_acoustic"
    },
    "mood_aggressive": {
        "all": {
            "aggressive": 0.935787260532,
            "not_aggressive": 0.0642127245665
        },
        "probability": 0.935787260532,
        "value": "aggressive"
    },
    "mood_electronic": {
        "all": {
            "electronic": 0.121839739382,
            "not_electronic": 0.878160238266
        },
        "probability": 0.878160238266,
        "value": "not_electronic"
    },
    "mood_happy": {
        "all": {
            "happy": 0.939412593842,
            "not_happy": 0.0605874247849
        },
        "probability": 0.939412593842,
        "value": "happy"
    },
    "mood_party": {
        "all": {
            "not_party": 0.150166511536,
            "party": 0.849833488464
        },
        "probability": 0.849833488464,
        "value": "party"
    },
    "mood_relaxed": {
        "all": {
            "not_relaxed": 0.984351217747,
            "relaxed": 0.015648804605
        },
        "probability": 0.984351217747,
        "value": "not_relaxed"
    },
    "mood_sad": {
        "all": {
            "not_sad": 0.967185914516,
            "sad": 0.0328140817583
        },
        "probability": 0.967185914516,
        "value": "not_sad"
    },
    "moods_mirex": {
        "all": {
            "Cluster1": 0.271414369345,
            "Cluster2": 0.305680215359,
            "Cluster3": 0.0277459155768,
            "Cluster4": 0.0643220841885,
            "Cluster5": 0.330837398767
        },
        "probability": 0.330837398767,
        "value": "Cluster5"
    },
    "timbre": {
        "all": {
            "bright": 0.793807446957,
            "dark": 0.206192582846
        },
        "probability": 0.793807446957,
        "value": "bright"
    },
    "tonal_atonal": {
        "all": {
            "atonal": 0.0137162404135,
            "tonal": 0.986283779144
        },
        "probability": 0.986283779144,
        "value": "tonal"
    },
    "voice_instrumental": {
        "all": {
            "instrumental": 0.00403939001262,
            "voice": 0.995960593224
        },
        "probability": 0.995960593224,
        "value": "voice"
    }
},
"lowlevel": {
    "average_loudness": 0.985638856888,
    "barkbands_crest": {
        "dmean": 3.03021144867,
        "dmean2": 4.8731584549,
        "dvar": 8.04419517517,
        "dvar2": 19.4861660004,
        "max": 21.264875412,
        "mean": 7.94447660446,
        "median": 6.93444824219,
        "min": 2.49729657173,
        "var": 14.5561952591
    },
    "barkbands_flatness_db": {
        "dmean": 0.0156478770077,
        "dmean2": 0.0255137030035,
        "dvar": 0.000189643731574,
        "dvar2": 0.000467375997687,
        "max": 0.213039413095,
        "mean": 0.101486183703,
        "median": 0.0996812656522,
        "min": 0.04933077842,
        "var": 0.000478214293253
    },
    "barkbands_kurtosis": {
        "dmean": 0.850837171078,
        "dmean2": 1.39069700241,
        "dvar": 1.5161857605,
        "dvar2": 3.56478404999,
        "max": 15.7400875092,
        "mean": -0.143645480275,
        "median": -0.85387802124,
        "min": -1.75293171406,
        "var": 4.09793949127
    },
    "barkbands_skewness": {
        "dmean": 0.442087948322,
        "dmean2": 0.679026901722,
        "dvar": 0.156137913465,
        "dvar2": 0.349443733692,
        "max": 3.68316936493,
        "mean": 0.622982561588,
        "median": 0.535116493702,
        "min": -1.20150279999,
        "var": 0.526461660862
    },
    "barkbands_spread": {
        "dmean": 6.59080076218,
        "dmean2": 10.7770395279,
        "dvar": 39.9325675964,
        "dvar2": 98.7890090942,
        "max": 85.9676589966,
        "mean": 37.013885498,
        "median": 37.4263076782,
        "min": 4.7695646286,
        "var": 134.524658203
    },
    "dissonance": {
        "dmean": 0.00966965220869,
        "dmean2": 0.016505761072,
        "dvar": 0.000114095702884,
        "dvar2": 0.000305664871121,
        "max": 0.499983936548,
        "mean": 0.482564628124,
        "median": 0.486798703671,
        "min": 0.385361731052,
        "var": 0.0002230930113
    },
    "dynamic_complexity": 0.916376948357,
    "erbbands_crest": {
        "dmean": 2.1448559761,
        "dmean2": 3.57609820366,
        "dvar": 4.95442914963,
        "dvar2": 12.7847480774,
        "max": 23.8013401031,
        "mean": 7.23803138733,
        "median": 6.18862724304,
        "min": 2.54335618019,
        "var": 11.8081560135
    },
    "erbbands_flatness_db": {
        "dmean": 0.0144874053076,
        "dmean2": 0.0212578810751,
        "dvar": 0.000156915484695,
        "dvar2": 0.000340566592058,
        "max": 0.251758098602,
        "mean": 0.147496446967,
        "median": 0.147734969854,
        "min": 0.0833314880729,
        "var": 0.000577897531912
    },
    "erbbands_kurtosis": {
        "dmean": 0.777319252491,
        "dmean2": 1.23244512081,
        "dvar": 0.77861225605,
        "dvar2": 1.95054256916,
        "max": 8.13522911072,
        "mean": 0.364784032106,
        "median": 0.00654816627502,
        "min": -1.57720351219,
        "var": 1.8402967453
    },
    "erbbands_skewness": {
        "dmean": 0.303949207067,
        "dmean2": 0.473319590092,
        "dvar": 0.0842878222466,
        "dvar2": 0.198403373361,
        "max": 2.66601872444,
        "mean": -0.343847513199,
        "median": -0.515313982964,
        "min": -2.19673013687,
        "var": 0.495757848024
    },
    "erbbands_spread": {
        "dmean": 7.19382810593,
        "dmean2": 11.4767084122,
        "dvar": 51.4286346436,
        "dvar2": 123.469116211,
        "max": 86.3735275269,
        "mean": 35.5853118896,
        "median": 33.5498428345,
        "min": 8.78739452362,
        "var": 160.115783691
    },
    "hfc": {
        "dmean": 10.6564149857,
        "dmean2": 18.012254715,
        "dvar": 236.851409912,
        "dvar2": 646.975097656,
        "max": 141.394866943,
        "mean": 30.9435749054,
        "median": 28.3654956818,
        "min": 4.15847730637,
        "var": 258.273864746
    },
    "melbands_crest": {
        "dmean": 4.82226037979,
        "dmean2": 7.53567266464,
        "dvar": 17.6522903442,
        "dvar2": 37.9960250854,
        "max": 32.2751960754,
        "mean": 12.9926395416,
        "median": 11.8582878113,
        "min": 3.5467312336,
        "var": 32.9937324524
    },
    "melbands_flatness_db": {
        "dmean": 0.0245708078146,
        "dmean2": 0.038043756038,
        "dvar": 0.000504725670908,
        "dvar2": 0.00108185352292,
        "max": 0.268753230572,
        "mean": 0.129381597042,
        "median": 0.12443112582,
        "min": 0.0259978380054,
        "var": 0.00150051992387
    },
    "melbands_kurtosis": {
        "dmean": 3.35085248947,
        "dmean2": 5.29193687439,
        "dvar": 21.7960681915,
        "dvar2": 52.031879425,
        "max": 57.2156715393,
        "mean": 4.51873970032,
        "median": 2.32135057449,
        "min": -1.62765479088,
        "var": 46.9628143311
    },
    "melbands_skewness": {
        "dmean": 0.669719457626,
        "dmean2": 1.02195739746,
        "dvar": 0.402692854404,
        "dvar2": 0.918392717838,
        "max": 7.07342195511,
        "mean": 1.83218550682,
        "median": 1.60658621788,
        "min": -0.329261213541,
        "var": 1.14660596848
    },
    "melbands_spread": {
        "dmean": 11.3902816772,
        "dmean2": 17.9503116608,
        "dvar": 131.945663452,
        "dvar2": 291.917388916,
        "max": 141.786392212,
        "mean": 45.2824058533,
        "median": 43.4797935486,
        "min": 6.31270027161,
        "var": 399.68850708
    },
    "pitch_salience": {
        "dmean": 0.0746932253242,
        "dmean2": 0.117680437863,
        "dvar": 0.00415317947045,
        "dvar2": 0.00957735255361,
        "max": 0.818885684013,
        "mean": 0.588139414787,
        "median": 0.596900463104,
        "min": 0.256766706705,
        "var": 0.00913271587342
    },
    "silence_rate_20dB": {
        "dmean": 0,
        "dmean2": 0,
        "dvar": 0,
        "dvar2": 0,
        "max": 1,
        "mean": 1,
        "median": 1,
        "min": 1,
        "var": 0
    },
    "silence_rate_30dB": {
        "dmean": 0,
        "dmean2": 0,
        "dvar": 0,
        "dvar2": 0,
        "max": 1,
        "mean": 1,
        "median": 1,
        "min": 1,
        "var": 0
    },
    "silence_rate_60dB": {
        "dmean": 0.00154798757285,
        "dmean2": 0.00309837330133,
        "dvar": 0.00154558476061,
        "dvar2": 0.00308873900212,
        "max": 1,
        "mean": 0.00154679035768,
        "median": 0,
        "min": 0,
        "var": 0.0015443933662
    },
    "spectral_centroid": {
        "dmean": 276.485534668,
        "dmean2": 450.946075439,
        "dvar": 66585.7421875,
        "dvar2": 165868.609375,
        "max": 3665.52734375,
        "mean": 2243.20825195,
        "median": 2337.19921875,
        "min": 567.622741699,
        "var": 257755.390625
    },
    "spectral_complexity": {
        "dmean": 5.73064994812,
        "dmean2": 8.90162658691,
        "dvar": 26.3408260345,
        "dvar2": 57.6333885193,
        "max": 60,
        "mean": 33.9976806641,
        "median": 34,
        "min": 7,
        "var": 94.0936050415
    },
    "spectral_decrease": {
        "dmean": 2.51726173239e-09,
        "dmean2": 4.01533117866e-09,
        "dvar": 9.53662566631e-18,
        "dvar2": 2.45257777764e-17,
        "max": -4.92060725499e-10,
        "mean": -6.15607964605e-09,
        "median": -5.22445553486e-09,
        "min": -2.29926300221e-08,
        "var": 1.04547978006e-17
    },
    "spectral_energy": {
        "dmean": 0.0102084381506,
        "dmean2": 0.0163699593395,
        "dvar": 0.000160612427862,
        "dvar2": 0.000416328228312,
        "max": 0.0915651768446,
        "mean": 0.026041124016,
        "median": 0.0225298125297,
        "min": 0.00238002254628,
        "var": 0.00017074002244
    },
    "spectral_energyband_high": {
        "dmean": 0.00109339540359,
        "dmean2": 0.00190301053226,
        "dvar": 3.51572748514e-06,
        "dvar2": 9.58417422225e-06,
        "max": 0.0144543657079,
        "mean": 0.00185319420416,
        "median": 0.00129391415976,
        "min": 7.24326528143e-05,
        "var": 3.29472254634e-06
    },
    "spectral_energyband_low": {
        "dmean": 0.00619269302115,
        "dmean2": 0.00954235438257,
        "dvar": 8.14103186713e-05,
        "dvar2": 0.000195557950065,
        "max": 0.0657972320914,
        "mean": 0.00816833600402,
        "median": 0.00415001809597,
        "min": 9.58604869084e-05,
        "var": 9.46156869759e-05
    },
    "spectral_energyband_middle_high": {
        "dmean": 0.0021561505273,
        "dmean2": 0.00349638541229,
        "dvar": 5.20469848198e-06,
        "dvar2": 1.37040287882e-05,
        "max": 0.0262369960546,
        "mean": 0.00838286057115,
        "median": 0.00823103450239,
        "min": 0.000619051454123,
        "var": 1.6350801161e-05
    },
    "spectral_energyband_middle_low": {
        "dmean": 0.00419908436015,
        "dmean2": 0.00704546505585,
        "dvar": 5.27798656549e-05,
        "dvar2": 0.000144588702824,
        "max": 0.0503770448267,
        "mean": 0.00836312584579,
        "median": 0.00638346839696,
        "min": 0.000599880237132,
        "var": 5.10628742632e-05
    },
    "spectral_entropy": {
        "dmean": 0.100463286042,
        "dmean2": 0.150745257735,
        "dvar": 0.00816438999027,
        "dvar2": 0.0176187623292,
        "max": 8.63177013397,
        "mean": 7.88691806793,
        "median": 7.88651847839,
        "min": 6.98629570007,
        "var": 0.0304059367627
    },
    "spectral_flux": {
        "dmean": 0.0299741439521,
        "dmean2": 0.0470161959529,
        "dvar": 0.000916084100027,
        "dvar2": 0.00178532185964,
        "max": 0.261524498463,
        "mean": 0.100586242974,
        "median": 0.0908862054348,
        "min": 0.0281591378152,
        "var": 0.00153341167606
    },
    "spectral_kurtosis": {
        "dmean": 1.06602549553,
        "dmean2": 1.83831179142,
        "dvar": 0.972151994705,
        "dvar2": 2.80783295631,
        "max": 10.8844833374,
        "mean": 2.87341046333,
        "median": 2.64878749847,
        "min": -0.280811786652,
        "var": 1.83608078957
    },
    "spectral_rms": {
        "dmean": 0.000903438776731,
        "dmean2": 0.00139690737706,
        "dvar": 9.78457137535e-07,
        "dvar2": 2.45713658842e-06,
        "max": 0.00945155415684,
        "mean": 0.00490799965337,
        "median": 0.00468831555918,
        "min": 0.00152380217332,
        "var": 1.31753824917e-06
    },
    "spectral_rolloff": {
        "dmean": 646.330322266,
        "dmean2": 1065.86950684,
        "dvar": 630659,
        "dvar2": 1300802.5,
        "max": 10099.0722656,
        "mean": 2654.87695312,
        "median": 2540.91796875,
        "min": 107.666015625,
        "var": 1804718.25
    },
    "spectral_skewness": {
        "dmean": 0.182580828667,
        "dmean2": 0.306486308575,
        "dvar": 0.0268039498478,
        "dvar2": 0.0692680850625,
        "max": 2.42880702019,
        "mean": 0.97732257843,
        "median": 0.94059252739,
        "min": 0.304312050343,
        "var": 0.0615342408419
    },
    "spectral_spread": {
        "dmean": 333918.96875,
        "dmean2": 510827.09375,
        "dvar": 247705878528,
        "dvar2": 338873712640,
        "max": 16897832,
        "mean": 3879805.75,
        "median": 3779654.25,
        "min": 2374900.75,
        "var": 829659545600
    },
    "spectral_strongpeak": {
        "dmean": 0.707630813122,
        "dmean2": 1.24880409241,
        "dvar": 1.27599239349,
        "dvar2": 3.28875613213,
        "max": 8.59096336365,
        "mean": 0.884173691273,
        "median": 0.335361093283,
        "min": 0.0102758416906,
        "var": 1.43879175186
    },
    "zerocrossingrate": {
        "dmean": 0.0109296394512,
        "dmean2": 0.0123636145145,
        "dvar": 0.000135751441121,
        "dvar2": 0.000154313020175,
        "max": 0.271484375,
        "mean": 0.0852751284838,
        "median": 0.08349609375,
        "min": 0.02587890625,
        "var": 0.000806221098173
    },
    "barkbands": {
        "dmean": [0.000552747573238, 0.00485837180167, 0.00152761547361, 0.000950742338318, 0.00274083460681, 0.000534625549335, 0.000560242740903, 0.000634067982901, 0.000620356062427, 0.000675420451444, 0.000277001963696, 0.000413170957472, 0.000435347028542, 0.00030300221988, 0.000414358393755, 0.000563521462027, 0.000572218792513, 0.000277675630059, 0.000529564917088, 0.000486634060508, 0.000424954865593, 0.000310018920572, 0.000114136077173, 7.10992899258e-05, 3.99990458391e-05, 1.78189238795e-05, 3.75601310054e-08],
        "dmean2": [0.000848811061587, 0.00751945842057, 0.0026926798746, 0.00161741080228, 0.00479541672394, 0.000865268928465, 0.000859869644046, 0.000990457949229, 0.000980783719569, 0.0010603684932, 0.000436939531937, 0.000651083537377, 0.000712153327186, 0.000487559067551, 0.000667751184665, 0.000948471832089, 0.000950378540438, 0.000466191209853, 0.000903144828044, 0.000842354726046, 0.000751593906898, 0.000552511424758, 0.000191821789485, 0.000112720787001, 6.04895394645e-05, 2.88580231427e-05, 7.13835959232e-08],
        "dvar": [7.42789154629e-07, 5.54757389182e-05, 6.05339710091e-06, 1.48604146943e-06, 4.40399817307e-05, 2.1684334115e-06, 1.77364836418e-06, 2.10405573853e-06, 2.14545593735e-06, 2.33740001931e-06, 1.86046705153e-07, 4.14379115909e-07, 5.25602445123e-07, 1.85583374446e-07, 2.69709602208e-07, 6.41391750378e-07, 6.19026138793e-07, 1.36204008072e-07, 5.11386588187e-07, 5.68462553474e-07, 5.17705586844e-07, 2.88513490432e-07, 3.63862895369e-08, 2.2776333708e-08, 1.39213556238e-08, 9.40776900826e-10, 3.07367588955e-14],
        "dvar2": [1.44827981785e-06, 0.000134347617859, 1.68799560925e-05, 4.34985577158e-06, 0.000121330100228, 5.72091084905e-06, 4.37299013356e-06, 4.52559515907e-06, 5.34544051334e-06, 5.70433076064e-06, 4.27998145369e-07, 8.86688326318e-07, 1.37492577323e-06, 4.82572318106e-07, 6.68679035698e-07, 1.64546918313e-06, 1.69971474406e-06, 3.60967931101e-07, 1.38863163102e-06, 1.57924807809e-06, 1.40990528052e-06, 7.91419608959e-07, 9.52354781703e-08, 4.71127457047e-08, 2.02515444414e-08, 2.39101360933e-09, 8.85660360155e-14],
        "max": [0.00472460640594, 0.0554671734571, 0.0290809012949, 0.01153258048, 0.045624319464, 0.0251139961183, 0.0286754071712, 0.0229542609304, 0.0212254300714, 0.0205538999289, 0.00634815637022, 0.0151732377708, 0.0153177175671, 0.00474340515211, 0.00522226467729, 0.00981047563255, 0.0100164562464, 0.00392557075247, 0.0133205158636, 0.00763524603099, 0.00681693758816, 0.00454489607364, 0.00207213032991, 0.00336727360263, 0.0027980171144, 0.000582207343541, 2.62980347543e-06],
        "mean": [0.000520929519553, 0.00524357380345, 0.00181504234206, 0.00132352241781, 0.00297689670697, 0.000832105521113, 0.000947008666117, 0.000981331337243, 0.00104023015592, 0.00121053098701, 0.000464863027446, 0.000756514840759, 0.000750136736315, 0.000528906180989, 0.000743695767596, 0.00102907302789, 0.00108299625572, 0.000483592622913, 0.00100687530357, 0.000842947338242, 0.000651714683045, 0.000397521536797, 0.000195833199541, 0.000126592043671, 6.72059177305e-05, 2.14865249291e-05, 2.11312638498e-08],
        "median": [9.85884471447e-05, 0.00194593344349, 0.000848756637424, 0.00082460953854, 0.00146209681407, 0.000455812143628, 0.000452481035609, 0.000413046131143, 0.000457432906842, 0.000392554618884, 0.000254143058555, 0.000462507508928, 0.000478905218188, 0.000356349017238, 0.000526630145032, 0.000722126977053, 0.000741339987144, 0.000374624622054, 0.000782479823101, 0.000664563092869, 0.000481226685224, 0.000217271517613, 0.000116019487905, 7.16773356544e-05, 2.90987427434e-05, 1.08276017272e-05, 5.98786742412e-10],
        "min": [8.66913367759e-08, 1.92865136341e-05, 9.82115670922e-06, 1.04821647255e-05, 4.07974912378e-05, 8.29025793792e-06, 1.2733586118e-05, 4.32093838754e-06, 2.50363682426e-05, 1.17340696306e-05, 1.05188983071e-05, 2.64002774202e-05, 5.94710672885e-06, 3.91385719922e-06, 6.79045206198e-06, 8.95644370758e-06, 1.03175871118e-05, 2.21300470002e-05, 1.01372570498e-05, 2.57555275311e-05, 1.5722178432e-05, 1.00812030723e-05, 6.16748684479e-06, 1.97606368602e-06, 1.35065042484e-10, 6.71670441488e-10, 6.60871140798e-12],
        "var": [8.87704800334e-07, 5.93516415393e-05, 6.28772613709e-06, 2.22923426918e-06, 3.1220533856e-05, 2.12633017327e-06, 2.68357916866e-06, 4.11440851167e-06, 3.30046827912e-06, 6.02559748586e-06, 3.85038049444e-07, 1.0722578736e-06, 8.41626217607e-07, 2.96650654263e-07, 5.17249077348e-07, 1.09680070182e-06, 1.24795519696e-06, 1.74520835117e-07, 7.75943078679e-07, 5.59359989438e-07, 4.43678317197e-07, 2.48601651265e-07, 5.28142969358e-08, 5.09286941508e-08, 4.40805258961e-08, 1.51835832796e-09, 1.67236423277e-14]
    },
    "erbbands": {
        "dmean": [0.184210851789, 1.01474070549, 1.89933693409, 2.22944188118, 5.70606279373, 11.6107320786, 4.96813964844, 4.55300664902, 7.18689966202, 10.3331775665, 12.6915788651, 13.696518898, 15.9505338669, 19.2535400391, 14.7010822296, 13.0899419785, 20.8364219666, 15.9799852371, 14.2197990417, 25.1238460541, 30.4919948578, 27.9044513702, 14.2571802139, 24.8380680084, 23.7068099976, 21.9221534729, 21.5317134857, 14.5125379562, 12.1960515976, 6.21698951721, 2.96681809425, 1.72547543049, 1.10893297195, 0.598141908646, 0.235113546252, 0.0856288895011, 0.0404298119247, 0.00317409285344, 6.64748004056e-05, 1.52878692461e-05],
        "dmean2": [0.279137343168, 1.76787161827, 3.42092299461, 3.84688782692, 9.96010494232, 20.3332805634, 8.43740177155, 7.3520989418, 11.0820627213, 16.2194194794, 20.1155357361, 21.1405696869, 24.7671356201, 29.8389110565, 23.2787761688, 20.8686485291, 34.1700668335, 25.551486969, 22.3278083801, 41.3731613159, 50.8664245605, 45.7200622559, 23.8610858917, 42.389881134, 41.0977210999, 37.9483451843, 38.4354286194, 25.3057632446, 21.8405895233, 10.7440671921, 4.97343635559, 2.74770736694, 1.76211512089, 0.911889612675, 0.364506930113, 0.143268689513, 0.0638052374125, 0.00494923116639, 0.000104826009192, 2.46221279667e-05],
        "dvar": [0.084551461041, 2.91824364662, 9.81586456299, 8.43935394287, 159.770141602, 766.580688477, 56.4244766235, 248.257904053, 435.540405273, 347.793792725, 821.087646484, 1232.05627441, 965.850036621, 2754.47143555, 450.829589844, 361.313995361, 1130.88793945, 538.903259277, 349.979095459, 1351.52844238, 1849.43225098, 1224.5411377, 401.882080078, 895.970581055, 1131.60754395, 1226.97070312, 1385.24621582, 554.050170898, 444.650695801, 114.353050232, 22.0249271393, 8.29764938354, 8.02724838257, 3.11925959587, 0.448149442673, 0.0479160323739, 0.00330163305625, 1.99317728402e-05, 1.05730633138e-08, 4.20307844085e-10],
        "dvar2": [0.167039841413, 7.94723844528, 27.4861392975, 24.8457870483, 443.016784668, 2102.63989258, 160.618835449, 657.353027344, 1083.49353027, 762.036865234, 1892.07092285, 3052.77319336, 2316.50756836, 6984.24414062, 997.411010742, 821.833862305, 3046.71679688, 1444.28076172, 770.001525879, 3573.80981445, 4651.06298828, 3397.58935547, 1073.61450195, 2334.01025391, 3157.6628418, 3418.01635742, 3804.3671875, 1511.64746094, 1213.70800781, 310.74017334, 56.4201202393, 19.2054901123, 16.3940963745, 4.79540252686, 0.835519075394, 0.110283911228, 0.00850678887218, 5.12868064106e-05, 2.79117458035e-08, 1.1080828477e-09],
        "max": [1.70230770111, 12.0732402802, 33.469291687, 27.5968475342, 85.037109375, 220.504165649, 98.6490859985, 279.20010376, 444.615631104, 215.947494507, 451.738708496, 557.752258301, 550.832336426, 786.190734863, 328.726379395, 371.614929199, 664.264953613, 295.729766846, 237.703811646, 432.987701416, 560.403686523, 404.431365967, 216.105209351, 416.057891846, 502.517059326, 376.339538574, 334.734313965, 219.436599731, 178.351623535, 99.7823562622, 60.0817871094, 63.5420875549, 54.5442085266, 39.7229652405, 14.4498291016, 4.62850427628, 0.474143564701, 0.0359780155122, 0.00115167477634, 0.000146969265188],
        "mean": [0.186159953475, 1.02276206017, 2.26000833511, 3.25845479965, 6.45360851288, 12.2022972107, 7.39088249207, 6.95165395737, 11.5418462753, 18.1902122498, 21.1373004913, 23.3188591003, 28.5133190155, 36.1429405212, 29.0041656494, 27.9030628204, 37.9069900513, 29.7283878326, 29.2358436584, 48.3780326843, 63.3121261597, 56.687461853, 28.1141757965, 46.0778121948, 45.7184333801, 38.8339538574, 29.6865215302, 23.1369953156, 15.548910141, 9.22463703156, 5.0409655571, 3.07703995705, 1.83758997917, 0.955658197403, 0.388013958931, 0.110887356102, 0.0447992756963, 0.00328991236165, 8.57266859384e-05, 3.80564924853e-05],
        "median": [0.0408048480749, 0.473925501108, 1.18016409874, 2.2957611084, 3.35697698593, 5.57495069504, 4.91366481781, 3.58091115952, 5.53989219666, 8.86983108521, 9.36789608002, 10.2016658783, 14.7737855911, 10.9059085846, 19.2717266083, 18.8623085022, 25.4503498077, 20.6208133698, 20.778301239, 33.725402832, 47.2654762268, 41.8014373779, 22.3547134399, 35.5830612183, 38.3983154297, 30.7276096344, 20.7978210449, 17.2489051819, 8.63286685944, 5.39285516739, 3.07356405258, 1.92815160751, 0.903275191784, 0.398046642542, 0.175923407078, 0.0425786785781, 0.023888669908, 0.00158758205362, 4.89222729811e-05, 3.21502120642e-05],
        "min": [0.000883884087671, 0.00352636422031, 0.0164174474776, 0.0777509287, 0.1558252424, 0.224980324507, 0.242835700512, 0.16693341732, 0.244193002582, 0.617621660233, 0.693910837173, 0.517785072327, 0.490070521832, 0.816101610661, 0.956232309341, 1.20636606216, 0.301001936197, 0.276329487562, 0.128960907459, 0.40025383234, 0.455163449049, 0.763949871063, 1.17452955246, 1.1294914484, 0.78181374073, 1.17571568489, 0.849687576294, 0.70573091507, 0.321885079145, 0.350235581398, 0.155409172177, 0.115455128253, 0.0070253778249, 0.000450053747045, 0.000293846096611, 0.000423569639679, 3.43518731825e-05, 6.26035944151e-06, 4.96448365084e-06, 4.41657812189e-06],
        "var": [0.102429240942, 2.3247821331, 8.85464763641, 10.2946424484, 117.664649963, 553.55078125, 60.8268623352, 230.095809937, 530.340026855, 770.222229004, 1557.47595215, 1899.59973145, 1643.26086426, 7360.52880859, 1035.94030762, 904.51159668, 1813.17675781, 933.431091309, 807.145446777, 2580.34423828, 3753.65649414, 2689.76953125, 543.37701416, 1487.77124023, 1410.32678223, 1202.11584473, 1078.30163574, 519.922607422, 376.026428223, 122.454040527, 35.1599617004, 15.8020305634, 19.8021793365, 9.30096817017, 1.18298363686, 0.100837722421, 0.0034430345986, 1.90067112271e-05, 9.83822268097e-09, 4.16168155493e-10]
    },
    "gfcc": {
        "mean": [43.8224716187, 76.6390991211, -140.353240967, 53.1956748962, -57.702495575, 17.1335983276, -32.0279769897, 9.67899608612, -25.2521286011, 4.09285593033, -18.9265575409, 0.559708416462, -10.5844116211],
        "cov": [[587.577636719, -212.884002686, 76.7104034424, 107.720321655, 22.274061203, -2.45077872276, -3.68114852905, -8.90688514709, -14.3230276108, 25.0130767822, -53.6468162537, 23.6014766693, -24.6655063629], [-212.884002686, 353.884033203, -72.064956665, -43.1026763916, 56.5533447266, -58.1082458496, 62.9237136841, -4.8268032074, 41.9574317932, -18.8329029083, 32.908618927, -32.1359977722, 15.0680179596], [76.7104034424, -72.064956665, 285.057952881, 35.223072052, -3.36811161041, 40.4748497009, 2.5483083725, 26.0920124054, 5.62441587448, 45.780254364, -4.45507574081, 40.9286308289, -24.7701435089], [107.720321655, -43.1026763916, 35.223072052, 239.462295532, 102.849517822, -9.31924629211, -23.2294235229, -24.6217536926, 30.7740688324, -3.92430734634, 5.40180540085, -0.625243782997, 5.86951160431], [22.274061203, 56.5533447266, -3.36811161041, 102.849517822, 265.285400391, -7.69229078293, 59.7658424377, 18.8179035187, 30.1001091003, 33.4279556274, -13.7417221069, 23.5169143677, -4.87017631531], [-2.45077872276, -58.1082458496, 40.4748497009, -9.31924629211, -7.69229078293, 152.25541687, 48.0061683655, 30.470331192, -10.8776836395, 3.5991063118, 18.113401413, -6.86928129196, 11.8941726685], [-3.68114852905, 62.9237136841, 2.5483083725, -23.2294235229, 59.7658424377, 48.0061683655, 157.776382446, 31.0444564819, 15.7331323624, 1.90888929367, 5.70252227783, 12.0328521729, -10.2847700119], [-8.90688514709, -4.8268032074, 26.0920124054, -24.6217536926, 18.8179035187, 30.470331192, 31.0444564819, 89.7638320923, 35.8455924988, 22.7228469849, 0.898486554623, 5.97131967545, 6.07815980911], [-14.3230276108, 41.9574317932, 5.62441587448, 30.7740688324, 30.1001091003, -10.8776836395, 15.7331323624, 35.8455924988, 100.315940857, 36.8827934265, 19.6549243927, 0.343505591154, 2.37836289406], [25.0130767822, -18.8329029083, 45.780254364, -3.92430734634, 33.4279556274, 3.5991063118, 1.90888929367, 22.7228469849, 36.8827934265, 77.0239028931, 20.2672462463, 15.0487823486, -11.9143304825], [-53.6468162537, 32.908618927, -4.45507574081, 5.40180540085, -13.7417221069, 18.113401413, 5.70252227783, 0.898486554623, 19.6549243927, 20.2672462463, 66.0691299438, 12.8662786484, 10.1081180573], [23.6014766693, -32.1359977722, 40.9286308289, -0.625243782997, 23.5169143677, -6.86928129196, 12.0328521729, 5.97131967545, 0.343505591154, 15.0487823486, 12.8662786484, 64.0860366821, 9.01997375488], [-24.6655063629, 15.0680179596, -24.7701435089, 5.86951160431, -4.87017631531, 11.8941726685, -10.2847700119, 6.07815980911, 2.37836289406, -11.9143304825, 10.1081180573, 9.01997375488, 49.7586364746]],
        "icov": [[0.00271845445968, 0.00124607747421, 8.12639918877e-05, -0.00154019612819, 0.000717499176972, 0.000561137450859, -0.0012304718839, 0.000248630414717, 0.000511669728439, -0.00185188604519, 0.0023257159628, -0.000471747538541, -1.10809833131e-05], [0.00124607747421, 0.00824111048132, -0.00238529103808, 0.00387759250589, -0.00405907677487, 0.00596891017631, -0.0038991260808, 0.00225838646293, -0.00293070962653, 0.00490577938035, -0.00731998682022, 0.00895815249532, -0.00525073474273], [8.12639918877e-05, -0.00238529103808, 0.00655947579071, -0.00366067397408, 0.0032978579402, -0.00385189987719, 0.00125797034707, -0.00206448463723, 0.00167989265174, -0.00532012619078, 0.00550362607464, -0.00770599441603, 0.00514020305127], [-0.00154019612819, 0.00387759250589, -0.00366067397408, 0.0110243102536, -0.00712743820623, 0.00253894226626, 0.00113666558173, 0.00433660857379, -0.00585029972717, 0.00883347261697, -0.00848823320121, 0.00743574276567, -0.00388856977224], [0.000717499176972, -0.00405907677487, 0.0032978579402, -0.00712743820623, 0.00986302830279, -0.00261020753533, -0.00166529894341, -0.00241070380434, 0.00307481177151, -0.00884287431836, 0.00927203334868, -0.00804940145463, 0.00291812117212], [0.000561137450859, 0.00596891017631, -0.00385189987719, 0.00253894226626, -0.00261020753533, 0.0145707707852, -0.00635945843533, -0.00159606477246, 0.00190799811389, 0.00281171081588, -0.00936590135098, 0.0114982454106, -0.00820395722985], [-0.0012304718839, -0.0038991260808, 0.00125797034707, 0.00113666558173, -0.00166529894341, -0.00635945843533, 0.012023024261, -0.00215445784852, -0.00170519365929, 0.00293039064854, 0.00110614090227, -0.00628920504823, 0.00686687557027], [0.000248630414717, 0.00225838646293, -0.00206448463723, 0.00433660857379, -0.00241070380434, -0.00159606477246, -0.00215445784852, 0.0181612968445, -0.00782244373113, -1.85478202184e-05, 0.00108318252023, 0.00234517385252, -0.00489380257204], [0.000511669728439, -0.00293070962653, 0.00167989265174, -0.00585029972717, 0.00307481177151, 0.00190799811389, -0.00170519365929, -0.00782244373113, 0.0190912652761, -0.0105144158006, 0.000504609663039, -0.000347536551999, -0.000354200659785], [-0.00185188604519, 0.00490577938035, -0.00532012619078, 0.00883347261697, -0.00884287431836, 0.00281171081588, 0.00293039064854, -1.85478202184e-05, -0.0105144158006, 0.0306428577751, -0.0156416073442, 0.00519527681172, 0.00305188097991], [0.0023257159628, -0.00731998682022, 0.00550362607464, -0.00848823320121, 0.00927203334868, -0.00936590135098, 0.00110614090227, 0.00108318252023, 0.000504609663039, -0.0156416073442, 0.0335234068334, -0.016283499077, 0.00272550759837], [-0.000471747538541, 0.00895815249532, -0.00770599441603, 0.00743574276567, -0.00804940145463, 0.0114982454106, -0.00628920504823, 0.00234517385252, -0.000347536551999, 0.00519527681172, -0.016283499077, 0.0344998575747, -0.0144680254161], [-1.10809833131e-05, -0.00525073474273, 0.00514020305127, -0.00388856977224, 0.00291812117212, -0.00820395722985, 0.00686687557027, -0.00489380257204, -0.000354200659785, 0.00305188097991, 0.00272550759837, -0.0144680254161, 0.0317795686424]]
    },
    "melbands": {
        "dmean": [0.00143113802187, 0.00109434267506, 0.000428948522313, 0.000698508229107, 0.000218451299588, 0.00010062133515, 0.000112017049105, 0.000124485057313, 0.000102686171886, 8.59324281919e-05, 8.18907356006e-05, 8.39970962261e-05, 4.37609342043e-05, 5.0568687584e-05, 4.27363847848e-05, 3.73586444766e-05, 3.18510756188e-05, 2.25639323617e-05, 3.15245124511e-05, 3.77704745915e-05, 4.1605799197e-05, 3.6871071643e-05, 1.61204206961e-05, 1.42468361446e-05, 2.23714832828e-05, 2.06540771615e-05, 1.78512400453e-05, 1.45872936628e-05, 1.5680821889e-05, 1.02344101833e-05, 8.05236413726e-06, 7.82167717261e-06, 4.79817117593e-06, 3.09425331579e-06, 1.82348185263e-06, 1.33923595058e-06, 1.06628579033e-06, 8.83669599716e-07, 6.3178521259e-07, 5.14085911618e-07],
        "dmean2": [0.00216467375867, 0.00196795584634, 0.000741054362152, 0.00121508049779, 0.000377530552214, 0.000162103402545, 0.000171697232872, 0.00019574748876, 0.000163602191606, 0.000135342794238, 0.000126481667394, 0.000129982727231, 6.9038476795e-05, 8.06298339739e-05, 6.81370656821e-05, 6.18207195657e-05, 5.10401368956e-05, 3.52999268216e-05, 5.15309147886e-05, 6.34971511317e-05, 6.86703351676e-05, 6.09735543549e-05, 2.68231378868e-05, 2.41677134909e-05, 3.81597783417e-05, 3.53921495844e-05, 3.0985353078e-05, 2.54162496276e-05, 2.81809207081e-05, 1.78063964995e-05, 1.40888168971e-05, 1.41244672704e-05, 8.37578500068e-06, 5.30892157258e-06, 3.05091816699e-06, 2.25977260015e-06, 1.68170436154e-06, 1.42477483678e-06, 1.00258898783e-06, 7.85054965036e-07],
        "dvar": [4.82291488879e-06, 3.36322568728e-06, 2.98486668271e-07, 2.94746428153e-06, 1.48133693756e-07, 1.08220476136e-07, 9.28520620391e-08, 5.83041739333e-08, 5.23353200776e-08, 4.44983427883e-08, 2.48885907439e-08, 5.34415924847e-08, 4.00017352575e-09, 7.15090076042e-09, 5.63185675873e-09, 2.55089527279e-09, 2.28461183305e-09, 1.006174144e-09, 1.79975589987e-09, 3.10994363595e-09, 3.35137562146e-09, 2.43935271982e-09, 5.53261769731e-10, 3.67659264144e-10, 6.99881153032e-10, 1.03763697634e-09, 7.13217762627e-10, 5.70297531421e-10, 7.00209168425e-10, 2.84976153786e-10, 1.70059299975e-10, 1.81580403491e-10, 6.42825584429e-11, 2.96363628083e-11, 8.30973397731e-12, 4.14367281806e-12, 3.67801275547e-12, 5.04685746319e-12, 3.05721333665e-12, 2.40809130449e-12],
        "dvar2": [1.03977490653e-05, 9.35988919082e-06, 8.62567446802e-07, 8.09302673588e-06, 4.23371147917e-07, 2.84040083898e-07, 2.29080086456e-07, 1.23447890132e-07, 1.26058452565e-07, 1.09620110322e-07, 5.88402571111e-08, 1.34299540377e-07, 9.28485199836e-09, 1.53820014503e-08, 1.36897462255e-08, 7.0253358686e-09, 6.08898442778e-09, 2.20987739219e-09, 4.57549553801e-09, 8.26003443422e-09, 8.29104518374e-09, 6.72762512366e-09, 1.46281431412e-09, 9.89605286605e-10, 1.80053572052e-09, 2.89998136616e-09, 2.01586236592e-09, 1.58350288437e-09, 1.92485383188e-09, 7.85350451338e-10, 4.60954302506e-10, 4.94437657483e-10, 1.77017608904e-10, 8.02197336336e-11, 2.15488547145e-11, 1.04050526875e-11, 8.26866613374e-12, 1.09802384199e-11, 5.43753583826e-12, 4.03499325966e-12],
        "max": [0.0151069844142, 0.0158560462296, 0.00424209516495, 0.0116788707674, 0.00345306005329, 0.00565899349749, 0.0065815965645, 0.00363134476356, 0.0030087349005, 0.00301333121024, 0.00293008144945, 0.00343242753297, 0.000983832404017, 0.00214747455902, 0.001666856464, 0.000743035576306, 0.000596161582507, 0.000451166823041, 0.000445030396804, 0.000576549035031, 0.00064587558154, 0.000578115461394, 0.000271664262982, 0.000249850883847, 0.000336231838446, 0.000666627660394, 0.000325200526277, 0.000224867922952, 0.000263304595137, 0.000161320422194, 0.000130968357553, 0.00010623979324, 7.60740949772e-05, 5.81662461627e-05, 3.6402263504e-05, 3.02919052046e-05, 4.58057002106e-05, 4.27016384492e-05, 3.73603943444e-05, 3.42582097801e-05],
        "mean": [0.00154119904619, 0.00125689629931, 0.000638020981569, 0.000733326131012, 0.00031060713809, 0.000155460496899, 0.000181899828021, 0.000210943602724, 0.000171285340912, 0.000143876677612, 0.000142904245877, 0.000152514636284, 8.11515565147e-05, 9.33384872042e-05, 7.85067968536e-05, 6.80983939674e-05, 5.35520484846e-05, 4.13940360886e-05, 5.58396168344e-05, 6.71543457429e-05, 7.84012372606e-05, 6.79794611642e-05, 2.91654887405e-05, 2.32371494349e-05, 3.91482790292e-05, 3.70841189579e-05, 3.11405819957e-05, 2.41174839175e-05, 1.96927067009e-05, 1.54742610903e-05, 1.22920027934e-05, 9.18076148082e-06, 6.54338100503e-06, 4.53491838925e-06, 2.97337601296e-06, 2.2084561806e-06, 1.78128948392e-06, 1.34975323363e-06, 1.00525824109e-06, 7.39761048862e-07],
        "median": [0.0004743335885, 0.000700098578818, 0.000436734349933, 0.000340633327141, 0.000203613206395, 8.34457168821e-05, 8.73842800502e-05, 9.86873274087e-05, 7.32749322196e-05, 6.29345959169e-05, 7.05182537786e-05, 4.01235483878e-05, 5.32243866473e-05, 5.57087332709e-05, 4.89895028295e-05, 4.61741110485e-05, 3.41516133631e-05, 2.67453233391e-05, 3.84228987969e-05, 4.52922613476e-05, 5.22094633197e-05, 4.61622403236e-05, 2.03978943318e-05, 1.76145294972e-05, 2.92190179607e-05, 2.86764425255e-05, 2.49823588092e-05, 1.83866159205e-05, 1.32068735184e-05, 1.14820550152e-05, 8.93168999028e-06, 4.89144167659e-06, 3.6906258174e-06, 2.63960487246e-06, 1.82129360837e-06, 1.3882465737e-06, 1.10169446543e-06, 6.63626110509e-07, 4.0540734858e-07, 2.79996470454e-07],
        "min": [9.75616148935e-06, 6.59711440676e-06, 1.68698406924e-05, 9.91439628706e-06, 6.90931483405e-06, 3.89300157622e-06, 3.0092801353e-06, 2.75043976217e-06, 3.99524105887e-06, 2.70013265435e-06, 2.23822826229e-06, 1.39150461109e-06, 1.49309880726e-06, 3.16688692692e-06, 9.56974076871e-07, 6.55730900689e-07, 4.25414981464e-07, 1.20686621585e-07, 5.37133871603e-07, 3.54399702474e-07, 5.03685328113e-07, 4.82358814224e-07, 9.80496679404e-07, 1.06549259726e-06, 7.76018339366e-07, 4.16175964801e-07, 7.43054613395e-07, 7.86260557106e-07, 5.27900908764e-07, 4.27743430009e-07, 3.81464673183e-07, 1.41116842656e-07, 1.79837883252e-07, 1.62820114724e-07, 8.2389767897e-08, 4.92756448978e-08, 3.29499947327e-08, 2.24710983154e-09, 2.42167935011e-11, 9.69833263177e-13],
