{
"highlevel": {
    "danceability": {
        "all": {
            "danceable": 0.00915584340692,
            "not_danceable": 0.990844130516
        },
        "probability": 0.990844130516,
        "value": "not_danceable"
    },
    "gender": {
        "all": {
            "female": 0.229987516999,
            "male": 0.770012497902
        },
        "probability": 0.770012497902,
        "value": "male"
    },
    "genre_dortmund": {
        "all": {
            "alternative": 0.182909592986,
            "blues": 0.00781913939863,
            "electronic": 0.0145310498774,
            "folkcountry": 0.125437274575,
            "funksoulrnb": 0.00137215096038,
            "jazz": 0.00489022769034,
            "pop": 0.148758083582,
            "raphiphop": 0.00111319276039,
            "rock": 0.513169288635
        },
        "probability": 0.513169288635,
        "value": "rock"
    },
    "genre_electronic": {
        "all": {
            "ambient": 0.274429231882,
            "dnb": 0.178719565272,
            "house": 0.131847426295,
            "techno": 0.037709325552,
            "trance": 0.377294450998
        },
        "probability": 0.377294450998,
        "value": "trance"
    },
    "genre_rosamerica": {
        "all": {
            "cla": 0.000335807650117,
            "dan": 0.00335611891933,
            "hip": 0.000866426329594,
            "jaz": 0.000217774111661,
            "pop": 0.0139199988917,
            "rhy": 0.000261980138021,
            "roc": 0.98081278801,
            "spe": 0.000229077137192
        },
        "probability": 0.98081278801,
        "value": "roc"
    },
    "genre_tzanetakis": {
        "all": {
            "blu": 0.0626613423228,
            "cla": 0.0348169617355,
            "cou": 0.104475811124,
            "dis": 0.0784321576357,
            "hip": 0.15692435205,
            "jaz": 0.313974827528,
            "met": 0.0448166541755,
            "pop": 0.0627359300852,
            "reg": 0.0627360641956,
            "roc": 0.0784258767962
        },
        "probability": 0.313974827528,
        "value": "jaz"
    },
    "ismir04_rhythm": {
        "all": {
            "ChaChaCha": 0.0392504744232,
            "Jive": 0.865090072155,
            "Quickstep": 0.0164807699621,
            "Rumba-American": 0.00345030752942,
            "Rumba-International": 0.00608780700713,
            "Rumba-Misc": 0.000874479825143,
            "Samba": 0.0471973158419,
            "Tango": 0.00472973240539,
            "VienneseWaltz": 0.0147556038573,
            "Waltz": 0.00208345940337
        },
        "probability": 0.865090072155,
        "value": "Jive"
    },
    "mood_acoustic": {
        "all": {
            "acoustic": 0.00604135496542,
            "not_acoustic": 0.99395865202
        },
        "probability": 0.99395865202,
        "value": "not_acoustic"
    },
    "mood_aggressive": {
        "all": {
            "aggressive": 0.863708674908,
            "not_aggressive": 0.136291339993
        },
        "probability": 0.863708674908,
        "value": "aggressive"
    },
    "mood_electronic": {
        "all": {
            "electronic": 0.0569847039878,
            "not_electronic": 0.943015277386
        },
        "probability": 0.943015277386,
        "value": "not_electronic"
    },
    "mood_happy": {
        "all": {
            "happy": 0.60355591774,
            "not_happy": 0.39644408226
        },
        "probability": 0.60355591774,
        "value": "happy"
    },
    "mood_party": {
        "all": {
            "not_party": 0.747371852398,
            "party": 0.2526281178
        },
        "probability": 0.747371852398,
        "value": "not_party"
    },
    "mood_relaxed": {
        "all": {
            "not_relaxed": 0.951681613922,
            "relaxed": 0.0483183600008
        },
        "probability": 0.951681613922,
        "value": "not_relaxed"
    },
    "mood_sad": {
        "all": {
            "not_sad": 0.903472840786,
            "sad": 0.0965271890163
        },
        "probability": 0.903472840786,
        "value": "not_sad"
    },
    "moods_mirex": {
        "all": {
            "Cluster1": 0.631651103497,
            "Cluster2": 0.0617059096694,
            "Cluster3": 0.128661975265,
            "Cluster4": 0.0359590761364,
            "Cluster5": 0.142021924257
        },
        "probability": 0.631651103497,
        "value": "Cluster1"
    },
    "timbre": {
        "all": {
            "bright": 0.996635615826,
            "dark": 0.00336439814419
        },
        "probability": 0.996635615826,
        "value": "bright"
    },
    "tonal_atonal": {
        "all": {
            "atonal": 0.0262915939093,
            "tonal": 0.97370839119
        },
        "probability": 0.97370839119,
        "value": "tonal"
    },
    "voice_instrumental": {
        "all": {
            "instrumental": 0.00211305171251,
            "voice": 0.997886955738
        },
        "probability": 0.997886955738,
        "value": "voice"
    }
},
"lowlevel": {
    "average_loudness": 0.98106187582,
    "barkbands_crest": {
        "dmean": 2.35373687744,
        "dmean2": 3.79652547836,
        "dvar": 4.78165006638,
        "dvar2": 12.6768426895,
        "max": 20.7339630127,
        "mean": 8.11318397522,
        "median": 7.80543088913,
        "min": 2.71591758728,
        "var": 11.1639204025
    },
    "barkbands_flatness_db": {
        "dmean": 0.0186079479754,
        "dmean2": 0.0290552936494,
        "dvar": 0.00031498199678,
        "dvar2": 0.000692301837262,
        "max": 0.224957287312,
        "mean": 0.108957521617,
        "median": 0.105149224401,
        "min": 0.0338151045144,
        "var": 0.00128901202697
    },
    "barkbands_kurtosis": {
        "dmean": 1.54012441635,
        "dmean2": 2.50639224052,
        "dvar": 5.8785572052,
        "dvar2": 15.0630960464,
        "max": 22.8310489655,
        "mean": 1.10112965107,
        "median": -0.163791418076,
        "min": -1.80126333237,
        "var": 11.7088747025
    },
    "barkbands_skewness": {
        "dmean": 0.458687216043,
        "dmean2": 0.709264814854,
        "dvar": 0.207585945725,
        "dvar2": 0.48921880126,
        "max": 4.44282770157,
        "mean": 1.17618906498,
        "median": 1.00456976891,
        "min": -0.698729813099,
        "var": 0.773785948753
    },
    "barkbands_spread": {
        "dmean": 6.59444618225,
        "dmean2": 9.78512477875,
        "dvar": 44.1943855286,
        "dvar2": 82.0235519409,
        "max": 86.9600830078,
        "mean": 33.9557800293,
        "median": 32.8805503845,
        "min": 6.76622438431,
        "var": 190.913253784
    },
    "dissonance": {
        "dmean": 0.0109892515466,
        "dmean2": 0.0187253262848,
        "dvar": 9.11721290322e-05,
        "dvar2": 0.000252754922258,
        "max": 0.500000059605,
        "mean": 0.480578511953,
        "median": 0.483197212219,
        "min": 0.41242530942,
        "var": 0.000148711711518
    },
    "dynamic_complexity": 0.944747805595,
    "erbbands_crest": {
        "dmean": 1.66224884987,
        "dmean2": 2.81007480621,
        "dvar": 2.04108119011,
        "dvar2": 5.87469673157,
        "max": 16.8252258301,
        "mean": 6.16201877594,
        "median": 5.89864444733,
        "min": 2.77871227264,
        "var": 3.53537869453
    },
    "erbbands_flatness_db": {
        "dmean": 0.0151269985363,
        "dmean2": 0.0212752781808,
        "dvar": 0.000191479542991,
        "dvar2": 0.00033443045686,
        "max": 0.221209928393,
        "mean": 0.132268294692,
        "median": 0.125797063112,
        "min": 0.0692391917109,
        "var": 0.000859467079863
    },
    "erbbands_kurtosis": {
        "dmean": 0.477083384991,
        "dmean2": 0.784588932991,
        "dvar": 0.186273172498,
        "dvar2": 0.517842054367,
        "max": 3.18063831329,
        "mean": -0.411677986383,
        "median": -0.512883901596,
        "min": -1.7292277813,
        "var": 0.482573062181
    },
    "erbbands_skewness": {
        "dmean": 0.264060556889,
        "dmean2": 0.425930500031,
        "dvar": 0.04500387609,
        "dvar2": 0.117324247956,
        "max": 1.08828961849,
        "mean": -0.403403013945,
        "median": -0.442483752966,
        "min": -1.49136054516,
        "var": 0.167124375701
    },
    "erbbands_spread": {
        "dmean": 7.46563148499,
        "dmean2": 11.9939613342,
        "dvar": 47.5055885315,
        "dvar2": 114.612304688,
        "max": 95.1519546509,
        "mean": 47.5563659668,
        "median": 46.9061203003,
        "min": 14.2830905914,
        "var": 166.574157715
    },
    "hfc": {
        "dmean": 8.65092277527,
        "dmean2": 11.6542901993,
        "dvar": 156.436157227,
        "dvar2": 267.242095947,
        "max": 245.863113403,
        "mean": 37.3052864075,
        "median": 30.7325248718,
        "min": 8.84449100494,
        "var": 562.78692627
    },
    "melbands_crest": {
        "dmean": 3.44587492943,
        "dmean2": 5.5315580368,
        "dvar": 9.09725189209,
        "dvar2": 22.7443313599,
        "max": 30.8222980499,
        "mean": 14.7846565247,
        "median": 14.3014831543,
        "min": 3.94471359253,
        "var": 28.1589183807
    },
    "melbands_flatness_db": {
        "dmean": 0.0251273196191,
        "dmean2": 0.0374230965972,
        "dvar": 0.000556981714908,
        "dvar2": 0.00116395030636,
        "max": 0.310592383146,
        "mean": 0.15075416863,
        "median": 0.146513730288,
        "min": 0.041302729398,
        "var": 0.0029633413069
    },
    "melbands_kurtosis": {
        "dmean": 5.23143148422,
        "dmean2": 8.45066928864,
        "dvar": 54.1897926331,
        "dvar2": 143.556167603,
        "max": 72.0760803223,
        "mean": 9.43136692047,
        "median": 5.56748199463,
        "min": -1.20532023907,
        "var": 110.026451111
    },
    "melbands_skewness": {
        "dmean": 0.670167028904,
        "dmean2": 1.05325436592,
        "dvar": 0.465256392956,
        "dvar2": 1.14891505241,
        "max": 7.54023456573,
        "mean": 2.66003203392,
        "median": 2.38996100426,
        "min": 0.229952886701,
        "var": 1.58167231083
    },
    "melbands_spread": {
        "dmean": 9.75258159637,
        "dmean2": 14.7368278503,
        "dvar": 101.078269958,
        "dvar2": 223.745574951,
        "max": 127.557151794,
        "mean": 34.7604026794,
        "median": 31.6692676544,
        "min": 4.0943365097,
        "var": 363.364837646
    },
    "pitch_salience": {
        "dmean": 0.0673589780927,
        "dmean2": 0.112280987203,
        "dvar": 0.00375432264991,
        "dvar2": 0.0100863082334,
        "max": 0.768482267857,
        "mean": 0.584820926189,
        "median": 0.594781517982,
        "min": 0.230825856328,
        "var": 0.00825950875878
    },
    "silence_rate_20dB": {
        "dmean": 0,
        "dmean2": 0,
        "dvar": 0,
        "dvar2": 0,
        "max": 1,
        "mean": 1,
        "median": 1,
        "min": 1,
        "var": 0
    },
    "silence_rate_30dB": {
        "dmean": 0,
        "dmean2": 0,
        "dvar": 0,
        "dvar2": 0,
        "max": 1,
        "mean": 1,
        "median": 1,
        "min": 1,
        "var": 0
    },
    "silence_rate_60dB": {
        "dmean": 0,
        "dmean2": 0,
        "dvar": 0,
        "dvar2": 0,
        "max": 0,
        "mean": 0,
        "median": 0,
        "min": 0,
        "var": 0
    },
    "spectral_centroid": {
        "dmean": 276.375,
        "dmean2": 426.705413818,
        "dvar": 62070.6328125,
        "dvar2": 143406.203125,
        "max": 3553.37084961,
        "mean": 1791.30932617,
        "median": 1800.3326416,
        "min": 472.069213867,
        "var": 262667.375
    },
    "spectral_complexity": {
        "dmean": 4.39705896378,
        "dmean2": 6.79240894318,
        "dvar": 14.1480712891,
        "dvar2": 29.2798576355,
        "max": 54,
        "mean": 31.9775714874,
        "median": 31,
        "min": 12,
        "var": 63.6862678528
    },
    "spectral_decrease": {
        "dmean": 2.06124117774e-09,
        "dmean2": 3.3103797481e-09,
        "dvar": 6.56430929942e-18,
        "dvar2": 1.55774603325e-17,
        "max": -2.07099337679e-09,
        "mean": -8.27619839328e-09,
        "median": -7.44634087724e-09,
        "min": -2.71741544822e-08,
        "var": 1.20371521262e-17
    },
    "spectral_energy": {
        "dmean": 0.00791550520808,
        "dmean2": 0.012638213113,
        "dvar": 9.2389753263e-05,
        "dvar2": 0.000219320849283,
        "max": 0.10524392128,
        "mean": 0.0346199944615,
        "median": 0.0317741408944,
        "min": 0.00904802698642,
        "var": 0.000173430235009
    },
    "spectral_energyband_high": {
        "dmean": 0.000820616842248,
        "dmean2": 0.00101519597229,
        "dvar": 2.03685772249e-06,
        "dvar2": 3.3864228044e-06,
        "max": 0.0269930455834,
        "mean": 0.00203911750577,
        "median": 0.000964018399827,
        "min": 7.47960875742e-05,
        "var": 6.30418571745e-06
    },
    "spectral_energyband_low": {
        "dmean": 0.00558864884079,
        "dmean2": 0.00904733501375,
        "dvar": 6.28878624411e-05,
        "dvar2": 0.00015482265735,
        "max": 0.0658161342144,
        "mean": 0.0115616237745,
        "median": 0.00709657091647,
        "min": 0.000145720972796,
        "var": 0.000130988817546
    },
    "spectral_energyband_middle_high": {
        "dmean": 0.00164251285605,
        "dmean2": 0.00266476045363,
        "dvar": 2.51708297583e-06,
        "dvar2": 6.32061573924e-06,
        "max": 0.0284500662237,
        "mean": 0.00767812179402,
        "median": 0.00749446684495,
        "min": 0.00148652726784,
        "var": 1.15732455015e-05
    },
    "spectral_energyband_middle_low": {
        "dmean": 0.0059221140109,
        "dmean2": 0.00973175279796,
        "dvar": 6.37245393591e-05,
        "dvar2": 0.000164348777616,
        "max": 0.0957427695394,
        "mean": 0.0171724837273,
        "median": 0.0153908021748,
        "min": 0.00348768616095,
        "var": 9.33491683099e-05
    },
    "spectral_entropy": {
        "dmean": 0.119120463729,
        "dmean2": 0.167311161757,
        "dvar": 0.0137475254014,
        "dvar2": 0.0239796359092,
        "max": 8.58700275421,
        "mean": 7.83270359039,
        "median": 7.826359272,
        "min": 7.14563989639,
        "var": 0.0732697471976
    },
    "spectral_flux": {
        "dmean": 0.0209016669542,
        "dmean2": 0.0343246906996,
        "dvar": 0.00050980062224,
        "dvar2": 0.00118807132822,
        "max": 0.271722912788,
        "mean": 0.103347249329,
        "median": 0.0987176224589,
        "min": 0.0398355163634,
        "var": 0.00104604766238
    },
    "spectral_kurtosis": {
        "dmean": 1.12166213989,
        "dmean2": 1.82403242588,
        "dvar": 1.30852282047,
        "dvar2": 3.83981084824,
        "max": 11.5845556259,
        "mean": 3.51122188568,
        "median": 3.26356267929,
        "min": -0.490040302277,
        "var": 2.66514611244
    },
    "spectral_rms": {
        "dmean": 0.000632535258774,
        "dmean2": 0.000996692106128,
        "dvar": 4.67935251436e-07,
        "dvar2": 1.06262859845e-06,
        "max": 0.0101329656318,
        "mean": 0.00571631919593,
        "median": 0.00556768896058,
        "min": 0.00297108455561,
        "var": 1.0992831676e-06
    },
    "spectral_rolloff": {
        "dmean": 746.729553223,
        "dmean2": 1146.16381836,
        "dvar": 908161.5,
        "dvar2": 1624183.125,
        "max": 10658.9355469,
        "mean": 2434.46923828,
        "median": 2347.11914062,
        "min": 150.732421875,
        "var": 3066478.5
    },
    "spectral_skewness": {
        "dmean": 0.163754269481,
        "dmean2": 0.263951063156,
        "dvar": 0.0215621907264,
        "dvar2": 0.0568173639476,
        "max": 2.68969750404,
        "mean": 1.31667470932,
        "median": 1.3232896328,
        "min": 0.637505948544,
        "var": 0.05691030249
    },
    "spectral_spread": {
        "dmean": 572794.625,
        "dmean2": 745571.625,
        "dvar": 352969359360,
        "dvar2": 496244588544,
        "max": 10793129,
        "mean": 4675064,
        "median": 4496340,
        "min": 2216846.75,
        "var": 1.98174978867e+12
    },
    "spectral_strongpeak": {
        "dmean": 0.345688730478,
        "dmean2": 0.598384559155,
        "dvar": 0.246469959617,
        "dvar2": 0.676841020584,
        "max": 5.52627754211,
        "mean": 0.653869926929,
        "median": 0.549902677536,
        "min": 0,
        "var": 0.27712982893
    },
    "zerocrossingrate": {
        "dmean": 0.0149390632287,
        "dmean2": 0.0159945208579,
        "dvar": 0.000239149594563,
        "dvar2": 0.000246276409598,
        "max": 0.255859375,
        "mean": 0.0837136134505,
        "median": 0.07373046875,
        "min": 0.01904296875,
        "var": 0.00184578483459
    },
    "barkbands": {
        "dmean": [0.000627539702691, 0.00267807254568, 0.00239859009162, 0.00390920974314, 0.00241976510733, 0.000749976898078, 0.00107899901923, 0.000608834205195, 0.000641894352157, 0.000501105911098, 0.000212119397474, 0.000230225967243, 0.000276904640486, 0.000242566529778, 0.000349977024598, 0.00047452331637, 0.000549706397578, 0.000562192464713, 0.000277015235042, 0.000240506720729, 0.000170669271029, 0.000147087717778, 0.000130193657242, 0.00017889085575, 0.000222701011808, 8.16880274215e-05, 3.95037638157e-08],
        "dmean2": [0.00107492064126, 0.00427843397483, 0.00397634599358, 0.00651461491361, 0.00398160610348, 0.00124327489175, 0.0017839045031, 0.000998466741294, 0.00105473317672, 0.000811097619589, 0.000346423184965, 0.000380861776648, 0.000456337555079, 0.000392348476453, 0.000580091378652, 0.000800395384431, 0.000928613939323, 0.000924605643377, 0.00045431961189, 0.000379245408112, 0.000257652427536, 0.000202941766474, 0.000182763411431, 0.000244486844167, 0.000294141762424, 0.000115644623293, 6.86679868522e-08],
        "dvar": [9.72775524133e-07, 2.8212352845e-05, 1.69091854332e-05, 4.15261238231e-05, 1.0648431271e-05, 8.97660072496e-07, 3.2158563954e-06, 1.23494737636e-06, 1.61535103871e-06, 8.81423659393e-07, 1.76732484647e-07, 1.49705911667e-07, 1.06925398313e-07, 9.71828910679e-08, 1.52396310682e-07, 2.55137223348e-07, 3.51325297743e-07, 3.07550294565e-07, 8.92615972248e-08, 7.93936649757e-08, 6.95069886092e-08, 6.7434818618e-08, 4.93213008212e-08, 1.17449879156e-07, 3.24910558902e-07, 2.03854035874e-08, 2.3222534464e-13],
        "dvar2": [2.68930261882e-06, 7.48123638914e-05, 4.62035532109e-05, 0.000108412910777, 2.94790061162e-05, 2.10767575481e-06, 9.1476686066e-06, 3.4068154946e-06, 4.04130742027e-06, 2.30633236242e-06, 4.61007772401e-07, 3.48808811168e-07, 2.69375391326e-07, 2.44126795224e-07, 3.8318412976e-07, 6.80454434132e-07, 9.28518261389e-07, 7.91685579316e-07, 2.18710354716e-07, 1.76628716986e-07, 1.51221215106e-07, 1.17669443966e-07, 9.24361316379e-08, 2.17253599999e-07, 6.44800422833e-07, 3.81914908587e-08, 6.06255497193e-13],
        "max": [0.0104013904929, 0.0498016960919, 0.0469683855772, 0.0633896589279, 0.0360476821661, 0.0191462859511, 0.0216770749539, 0.0181440412998, 0.0202351920307, 0.0164756830782, 0.00742889055982, 0.00579832680523, 0.00684569589794, 0.00660557299852, 0.00541422329843, 0.00554006872699, 0.00919465348125, 0.00607740413398, 0.00370249804109, 0.00447215512395, 0.00510503444821, 0.00448950240389, 0.00362776429392, 0.0053948671557, 0.01267211698, 0.00133860192727, 1.24327525555e-05],
        "mean": [0.000708864710759, 0.00356955802999, 0.00354709569365, 0.00663492176682, 0.00521740689874, 0.00142719154246, 0.00169252837077, 0.000970171939116, 0.00103198026773, 0.000898582278751, 0.000351362890797, 0.000383432372473, 0.000494560808875, 0.0004611761251, 0.000710391555913, 0.00101415032987, 0.00112156569958, 0.00141341809649, 0.000615978206042, 0.00052865059115, 0.000384811952244, 0.000310697359964, 0.000260339904344, 0.000355276017217, 0.000379477278329, 0.000136372807901, 2.60408601349e-08],
        "median": [0.000359302124707, 0.00079345901031, 0.00203412841074, 0.0040981490165, 0.00351318507455, 0.00110166682862, 0.000913500902243, 0.000472405605251, 0.00050933950115, 0.00058827776229, 0.000202624927624, 0.000255872291746, 0.000358087330824, 0.00032849967829, 0.000544548907783, 0.000805644376669, 0.00082988885697, 0.00121116510127, 0.000518558896147, 0.000400907243602, 0.000235389888985, 0.000146048987517, 0.000110947861685, 0.000141881173477, 9.92445930024e-05, 3.52554670826e-05, 7.12041037243e-10],
        "min": [8.58868475007e-07, 8.35605260363e-06, 1.351129049e-05, 2.80426102108e-05, 0.000141856391565, 4.32884808106e-05, 2.6483048714e-05, 1.1453854313e-05, 1.97256886167e-05, 3.22440282616e-05, 9.07045523491e-06, 1.58080383699e-05, 1.71980427695e-05, 2.32365491684e-05, 2.96392900054e-05, 5.92903052166e-05, 5.60211083211e-05, 0.000120328251796, 4.33065324614e-05, 4.14456189901e-05, 1.71322826645e-05, 9.01824478206e-06, 4.27159011451e-06, 2.68686653726e-06, 4.28838013988e-08, 7.50232653779e-11, 6.36046640703e-12],
        "var": [1.02089165921e-06, 4.25428588642e-05, 1.97665831365e-05, 5.85082234466e-05, 2.17309279833e-05, 1.76787204964e-06, 5.01978320244e-06, 2.13501152757e-06, 2.65332801064e-06, 1.53050427798e-06, 2.99107369983e-07, 2.58979582668e-07, 2.78960783362e-07, 2.32024561342e-07, 3.64332976233e-07, 5.6929980019e-07, 7.83304756169e-07, 9.3744864671e-07, 1.86890062537e-07, 2.0680025159e-07, 1.81635300578e-07, 1.79417838808e-07, 1.25639900261e-07, 2.84831571662e-07, 5.96872951064e-07, 4.93114882261e-08, 1.64297205398e-13]
    },
    "erbbands": {
        "dmean": [0.0937682464719, 0.602166175842, 2.21259522438, 8.28342723846, 12.0185508728, 6.20716667175, 6.25790786743, 5.95192337036, 15.6474914551, 11.4851913452, 13.0172319412, 13.0828866959, 14.9084739685, 14.5472517014, 8.23884105682, 8.84144496918, 11.096493721, 12.5825462341, 16.7616386414, 16.523815155, 27.6325950623, 26.8215770721, 30.9828090668, 18.3679676056, 14.0634870529, 9.07935142517, 7.7767739296, 6.03628253937, 5.54935359955, 4.60823869705, 3.64239907265, 3.84107422829, 3.17247104645, 2.73033285141, 1.51035404205, 0.439789235592, 0.158955335617, 0.0150058437139, 0.000271943572443, 2.04923526326e-05],
        "dmean2": [0.147542715073, 1.01423406601, 3.68415689468, 13.7034883499, 19.6280593872, 10.4352970123, 10.3220291138, 9.96020698547, 26.2611713409, 18.7034397125, 21.2595844269, 21.6240711212, 24.1644592285, 23.4836559296, 13.5030879974, 14.5681066513, 18.3404884338, 20.5871429443, 28.0059719086, 26.8945865631, 46.1544189453, 44.9501571655, 50.8006401062, 29.9602088928, 22.9711608887, 14.1816720963, 11.8859167099, 9.09553909302, 7.78260183334, 6.39495801926, 5.09256792068, 5.51472234726, 4.34682369232, 3.72614502907, 2.04406261444, 0.618959605694, 0.225632861257, 0.0225992500782, 0.000397529744077, 2.93184239126e-05],
        "dvar": [0.035072542727, 1.57850492001, 16.4704551697, 145.683242798, 378.147827148, 68.9127807617, 49.5998725891, 72.415512085, 839.139892578, 360.594055176, 493.723297119, 1032.33642578, 658.770874023, 628.417114258, 142.978988647, 167.838912964, 207.15145874, 235.388931274, 361.22442627, 515.930603027, 955.095947266, 807.182373047, 936.399108887, 354.209350586, 240.328079224, 143.961608887, 109.3516922, 115.529472351, 102.085403442, 57.4838447571, 41.2826957703, 51.1093025208, 41.5337371826, 60.7820777893, 11.5633192062, 0.538536608219, 0.0854983180761, 0.000923430663534, 2.67364299589e-07, 8.31250512867e-10],
        "dvar2": [0.084448069334, 4.43745613098, 44.2742424011, 380.287658691, 1022.66113281, 190.427139282, 130.575637817, 172.072341919, 2319.3984375, 962.196044922, 1311.44006348, 2668.09594727, 1546.16564941, 1739.89733887, 367.960601807, 375.356384277, 521.087463379, 610.338867188, 947.065673828, 1381.77600098, 2606.57885742, 2118.23706055, 2293.81420898, 894.684082031, 596.350402832, 282.440002441, 244.611038208, 260.897918701, 197.436279297, 106.968994141, 77.3910751343, 108.530838013, 73.9095611572, 120.131706238, 23.2655925751, 1.08854341507, 0.155486986041, 0.00184668484144, 5.19118657394e-07, 1.57148660751e-09],
        "max": [1.3751180172, 11.1018505096, 40.6696014404, 124.536956787, 237.488067627, 79.3398666382, 67.9590759277, 178.549697876, 423.914520264, 303.768707275, 400.862670898, 622.043029785, 399.096893311, 479.09954834, 193.887695312, 239.460952759, 346.097381592, 299.357147217, 264.46307373, 309.252929688, 301.344940186, 338.800628662, 404.454620361, 218.395721436, 192.624206543, 249.710235596, 169.691345215, 222.431594849, 164.363143921, 120.736885071, 102.955780029, 115.05280304, 97.5317382812, 158.666824341, 78.4696731567, 8.08943367004, 2.60596084595, 0.297093600035, 0.00496953958645, 0.000515316787641],
        "mean": [0.131473496556, 0.720750689507, 3.24725532532, 16.1287059784, 22.6905193329, 12.4479351044, 12.3558616638, 10.1050786972, 24.4050521851, 19.3023452759, 22.2168216705, 21.3392410278, 26.2989501953, 28.2503509521, 15.8295097351, 16.370885849, 21.7403907776, 25.9703502655, 33.9076118469, 36.6444091797, 63.9506225586, 63.3145828247, 75.4153518677, 46.3910331726, 34.8340263367, 21.9144325256, 17.7491970062, 13.2606859207, 11.4171380997, 9.42576980591, 7.22808265686, 7.37550973892, 5.86531496048, 4.51904916763, 2.51416254044, 0.730316698551, 0.253694266081, 0.0206286180764, 0.000421533419285, 6.72270980431e-05],
        "median": [0.0246289242059, 0.195442587137, 1.89639544487, 10.0039281845, 14.4271240234, 8.27367973328, 9.0876493454, 7.32463884354, 13.7041501999, 9.96930122375, 11.987370491, 10.9170589447, 14.4686489105, 18.8551483154, 10.6238965988, 11.7881937027, 15.5298585892, 19.361623764, 26.2814159393, 26.7356109619, 52.4411048889, 51.1516876221, 65.3655395508, 41.6922836304, 29.3841953278, 16.6808738708, 11.8029985428, 7.42767524719, 5.54769229889, 3.8212313652, 3.23289203644, 3.16189408302, 2.09677767754, 1.22438108921, 0.632936954498, 0.189941614866, 0.0547207444906, 0.00327408593148, 0.000109730026452, 5.24290189787e-05],
        "min": [0.000297919526929, 0.00497322110459, 0.0329555869102, 0.0947439670563, 0.557687878609, 0.416365534067, 0.404900401831, 0.648164570332, 0.391985744238, 0.677135765553, 0.450637817383, 0.663137793541, 1.02060878277, 1.31090545654, 0.555389285088, 1.11464715004, 1.21962785721, 1.91359376907, 2.69955325127, 2.21581912041, 5.70756578445, 4.33193874359, 6.31417560577, 4.28489589691, 4.04955053329, 2.20205926895, 1.20789909363, 0.639515936375, 0.346165060997, 0.238943576813, 0.104624338448, 0.0650545731187, 0.0289325434715, 0.00548566412181, 0.000278941413853, 4.12724948546e-05, 1.53251457959e-05, 3.35034428645e-06, 8.22392394184e-06, 1.37323240779e-05],
        "var": [0.061967920512, 1.8221848011, 18.452205658, 291.97644043, 544.268920898, 138.780883789, 120.276947021, 126.124298096, 1216.38818359, 592.027893066, 995.84765625, 1437.52062988, 1365.56616211, 1151.78723145, 352.087554932, 312.519134521, 573.774230957, 578.709960938, 770.038452148, 1112.54516602, 2160.16308594, 1976.26525879, 2371.21923828, 904.659606934, 576.324462891, 395.043029785, 304.961181641, 267.494354248, 243.361679077, 164.731658936, 99.4243774414, 109.071052551, 98.0871963501, 103.992858887, 22.3264942169, 1.33227539062, 0.199963793159, 0.0016997779021, 5.31796217729e-07, 1.96632710114e-09]
    },
    "gfcc": {
        "mean": [56.6570549011, 74.9772644043, -125.29524231, 46.9101486206, -55.3283348083, 10.2799825668, -50.0953826904, 14.6848897934, -30.7815761566, -4.57672452927, -23.1379051208, -3.53680300713, -14.1878805161],
        "cov": [[1201.08093262, -1130.23486328, 403.232879639, -217.477767944, -240.863510132, 105.744812012, -231.399139404, 139.442245483, -140.271789551, 196.408874512, -181.657104492, 118.050468445, -133.950271606], [-1130.23486328, 1411.82873535, -366.883148193, 272.349884033, 292.008453369, -85.8686981201, 297.109222412, -99.4793701172, 222.831680298, -169.734146118, 231.764633179, -131.922912598, 146.821731567], [403.232879639, -366.883148193, 390.561645508, 5.47171211243, -22.2133255005, 73.5220489502, -67.5082244873, 57.1243209839, -47.788936615, 99.2439575195, -78.8893280029, 53.3031349182, -48.70703125], [-217.477767944, 272.349884033, 5.47171211243, 236.356399536, 59.6015815735, 13.4261474609, 54.4690818787, -34.2900886536, 61.6643829346, -29.9353561401, 59.3768615723, -33.5898361206, 46.7456741333], [-240.863510132, 292.008453369, -22.2133255005, 59.6015815735, 169.262298584, -12.3327226639, 91.6039886475, 3.18441772461, 44.206653595, -29.1497554779, 36.6477584839, -6.59915351868, 4.15187311172], [105.744812012, -85.8686981201, 73.5220489502, 13.4261474609, -12.3327226639, 113.171211243, 12.0554256439, 26.4164237976, -11.0728473663, 24.4545211792, -6.49659013748, 1.67913913727, 15.8082933426], [-231.399139404, 297.109222412, -67.5082244873, 54.4690818787, 91.6039886475, 12.0554256439, 145.585144043, 2.12862348557, 58.3678894043, -31.92710495, 45.2028694153, -15.6239957809, 25.6538219452], [139.442245483, -99.4793701172, 57.1243209839, -34.2900886536, 3.18441772461, 26.4164237976, 2.12862348557, 94.3157348633, 18.6693077087, 44.2227325439, -11.2690696716, 12.2253684998, -9.48236179352], [-140.271789551, 222.831680298, -47.788936615, 61.6643829346, 44.206653595, -11.0728473663, 58.3678894043, 18.6693077087, 104.254425049, 9.42118644714, 54.998046875, -16.0696296692, 22.4800815582], [196.408874512, -169.734146118, 99.2439575195, -29.9353561401, -29.1497554779, 24.4545211792, -31.92710495, 44.2227325439, 9.42118644714, 91.045501709, -8.00957584381, 35.2633628845, -19.2440757751], [-181.657104492, 231.764633179, -78.8893280029, 59.3768615723, 36.6477584839, -6.49659013748, 45.2028694153, -11.2690696716, 54.998046875, -8.00957584381, 91.2778244019, -2.09729599953, 37.4428329468], [118.050468445, -131.922912598, 53.3031349182, -33.5898361206, -6.59915351868, 1.67913913727, -15.6239957809, 12.2253684998, -16.0696296692, 35.2633628845, -2.09729599953, 72.6572189331, -11.2262392044], [-133.950271606, 146.821731567, -48.70703125, 46.7456741333, 4.15187311172, 15.8082933426, 25.6538219452, -9.48236179352, 22.4800815582, -19.2440757751, 37.4428329468, -11.2262392044, 76.9043273926]],
        "icov": [[0.00532632879913, 0.0021822436247, -0.00139557570219, 0.000226914286031, 0.00266018556431, -0.00162862800062, 0.000784808944445, -0.00286305812187, -0.000664829276502, -0.00151534355246, 0.000846652314067, -0.0015819465043, 0.00283759832382], [0.0021822436247, 0.00634609162807, -0.000876160338521, 0.000505576899741, -0.00340056582354, 0.00204302882776, -0.00339154293761, 0.00218160799704, -0.00398006057367, 0.00168223166838, -0.00550013734028, 0.00508054392412, -0.00300899567083], [-0.00139557570219, -0.000876160338521, 0.00692450627685, -0.0032519295346, -0.00207751407288, -0.00212590233423, 0.00141972652636, -0.000560596585274, 0.0022101092618, -0.00526852440089, 0.0053161457181, -0.00233663339168, 0.00071684125578], [0.000226914286031, 0.000505576899741, -0.0032519295346, 0.00838623568416, -0.00129137083422, -0.000815254985355, 8.46015755087e-05, 0.00379005912691, -0.00464106816798, 0.00317634479143, -0.00404648343101, 0.0030247902032, -0.0024875390809], [0.00266018556431, -0.00340056582354, -0.00207751407288, -0.00129137083422, 0.0157674979419, -0.00100712536369, -0.00252401991747, -0.00604000035673, 0.00226296181791, 0.00122284528334, 0.00260285008699, -0.00650330446661, 0.00747571466491], [-0.00162862800062, 0.00204302882776, -0.00212590233423, -0.000815254985355, -0.00100712536369, 0.0156060038134, -0.00682671042159, -0.00052255706396, 0.003978358116, -0.00204978813417, -0.00441068178043, 0.00635192217305, -0.00712993834168], [0.000784808944445, -0.00339154293761, 0.00141972652636, 8.46015755087e-05, -0.00252401991747, -0.00682671042159, 0.0176872164011, -0.00291883666068, -0.00410967878997, 0.00282156607136, 0.00410431716591, -0.00590635882691, 0.00301608885638], [-0.00286305812187, 0.00218160799704, -0.000560596585274, 0.00379005912691, -0.00604000035673, -0.00052255706396, -0.00291883666068, 0.021068520844, -0.00790314748883, -0.00326588307507, -0.00109456654172, 0.00509454496205, -0.0050361440517], [-0.000664829276502, -0.00398006057367, 0.0022101092618, -0.00464106816798, 0.00226296181791, 0.003978358116, -0.00410967878997, -0.00790314748883, 0.0273070093244, -0.0116816377267, -0.00387437059544, 0.00246899318881, 0.00145926361438], [-0.00151534355246, 0.00168223166838, -0.00526852440089, 0.00317634479143, 0.00122284528334, -0.00204978813417, 0.00282156607136, -0.00326588307507, -0.0116816377267, 0.0306628830731, -0.00750212837011, -0.00522842351347, 0.00186984695029], [0.000846652314067, -0.00550013734028, 0.0053161457181, -0.00404648343101, 0.00260285008699, -0.00441068178043, 0.00410431716591, -0.00109456654172, -0.00387437059544, -0.00750212837011, 0.0321611613035, -0.0121881170198, -0.00111854157876], [-0.0015819465043, 0.00508054392412, -0.00233663339168, 0.0030247902032, -0.00650330446661, 0.00635192217305, -0.00590635882691, 0.00509454496205, 0.00246899318881, -0.00522842351347, -0.0121881170198, 0.0275799781084, -0.00619949726388], [0.00283759832382, -0.00300899567083, 0.00071684125578, -0.0024875390809, 0.00747571466491, -0.00712993834168, 0.00301608885638, -0.0050361440517, 0.00145926361438, 0.00186984695029, -0.00111854157876, -0.00619949726388, 0.0247721895576]]
    },
    "melbands": {
        "dmean": [0.000773077830672, 0.000973763933871, 0.00149026047438, 0.000648284447379, 0.000200425783987, 0.000139090523589, 0.000235158891883, 0.000124476544443, 0.000101954654383, 8.87550268089e-05, 7.62870695326e-05, 6.37444900349e-05, 2.96488906315e-05, 2.71157678071e-05, 2.27819218708e-05, 2.54086717177e-05, 2.44726979872e-05, 2.71979060926e-05, 2.26508382184e-05, 2.61782934103e-05, 3.73608309019e-05, 2.91191099677e-05, 3.49641159119e-05, 3.30530492647e-05, 1.63299246196e-05, 1.15982929856e-05, 1.1295585864e-05, 5.94085167904e-06, 5.60745365874e-06, 4.77444064018e-06, 3.52560664396e-06, 3.55174938704e-06, 3.03803835777e-06, 2.60562978838e-06, 2.30549539992e-06, 2.11552651308e-06, 2.6292457278e-06, 2.30533714785e-06, 2.26967495109e-06, 2.50514062827e-06],
        "dmean2": [0.00121808215044, 0.00166249298491, 0.00245787855238, 0.00106590799987, 0.000331314804498, 0.000232843143749, 0.00039354240289, 0.000202626688406, 0.00016539360513, 0.000146296239109, 0.000124492828036, 0.000102830395917, 4.85024938826e-05, 4.43233293481e-05, 3.79086632165e-05, 4.184800855e-05, 4.0076480218e-05, 4.58232279925e-05, 3.71982314391e-05, 4.29964857176e-05, 6.18728445261e-05, 4.81898532598e-05, 5.91816169617e-05, 5.35614562978e-05, 2.66163933702e-05, 1.89923975995e-05, 1.88576141227e-05, 9.20892398426e-06, 8.98824600881e-06, 7.44050839785e-06, 5.49271817363e-06, 5.17355192642e-06, 4.37288554167e-06, 3.77694505005e-06, 3.37294659403e-06, 3.06772540171e-06, 3.92586889575e-06, 3.31191154146e-06, 3.1881927498e-06, 3.53191353497e-06],
        "dvar": [2.30142904911e-06, 3.25185442307e-06, 5.23670087205e-06, 8.16815202143e-07, 4.59109372741e-08, 4.46207124583e-08, 1.70864495885e-07, 4.41584191435e-08, 2.74213700635e-08, 4.03246751546e-08, 1.7634164351e-08, 1.29899735413e-08, 2.54704635161e-09, 2.06894412713e-09, 1.35589450778e-09, 8.4670964684e-10, 9.9668595599e-10, 1.03267727702e-09, 7.52697348894e-10, 7.82644060671e-10, 1.85158866017e-09, 1.04958564062e-09, 1.43109124551e-09, 1.19793630571e-09, 2.91070861858e-10, 1.56996665668e-10, 1.69709926667e-10, 6.90079451915e-11, 5.23511928252e-11, 5.62825411277e-11, 4.8311001033e-11, 3.68783649451e-11, 3.29028748691e-11, 1.83659563252e-11, 1.5886221158e-11, 1.63962073085e-11, 2.40560869835e-11, 2.14019288403e-11, 2.47273208853e-11, 6.7577179963e-11],
        "dvar2": [5.86790520174e-06, 8.66558366397e-06, 1.36336057039e-05, 2.19557341552e-06, 1.23520138118e-07, 1.02075055963e-07, 4.73770285225e-07, 1.20289755046e-07, 7.24117441564e-08, 1.00611323717e-07, 4.19067163193e-08, 3.63627847833e-08, 6.93619739423e-09, 5.03747266123e-09, 3.13792725137e-09, 2.03776107099e-09, 2.55247090131e-09, 2.75680656081e-09, 1.96715066458e-09, 1.9892820724e-09, 4.952476651e-09, 2.70608491171e-09, 3.90640497727e-09, 3.05682790191e-09, 7.5205391914e-10, 3.99681399088e-10, 4.35796648768e-10, 1.36825495378e-10, 1.23662038942e-10, 1.37792083299e-10, 1.1843524772e-10, 7.84969658718e-11, 5.56921592176e-11, 3.97213893721e-11, 3.12509497447e-11, 3.62318508529e-11, 5.29622769252e-11, 4.11525119537e-11, 4.41141428942e-11, 1.45438605603e-10],
        "max": [0.0134892230853, 0.0154886189848, 0.0234861150384, 0.00961518287659, 0.00228783930652, 0.00492555322126, 0.00557669717818, 0.0032364835497, 0.00285507156514, 0.00363870710135, 0.00212195585482, 0.0022613205947, 0.000848715135362, 0.000775354739744, 0.000815460924059, 0.00068533513695, 0.000666321080644, 0.000492186110932, 0.000374048075173, 0.00043411256047, 0.000455297151348, 0.00051072507631, 0.000329656992108, 0.000375501957024, 0.000167159596458, 0.000144265461131, 0.000176323519554, 0.000180503207957, 9.70902256086e-05, 0.000104643862869, 0.000145522339153, 9.40436730161e-05, 9.99486655928e-05, 6.66506311973e-05, 6.45113614155e-05, 6.14031596342e-05, 8.42820809339e-05, 6.56621705275e-05, 7.60710536269e-05, 0.000188776655705],
        "mean": [0.00107852288056, 0.00142083480023, 0.00293466262519, 0.00132175220642, 0.000398530624807, 0.000239875895204, 0.000372798414901, 0.000206960365176, 0.000170688785147, 0.000142175180372, 0.000133092340548, 0.000119292773888, 5.18108026881e-05, 4.66929595859e-05, 4.18269301008e-05, 4.91739701829e-05, 4.62648567918e-05, 5.11436737725e-05, 4.71916573588e-05, 5.32129270141e-05, 7.80055488576e-05, 6.04493943683e-05, 6.81368182995e-05, 7.4438896263e-05, 3.24196626025e-05, 2.4163406124e-05, 2.42391233769e-05, 1.21593975564e-05, 1.1727731362e-05, 9.16539556783e-06, 6.98114627085e-06, 6.58116323393e-06, 5.86837495575e-06, 4.96925622429e-06, 4.29207830166e-06, 3.80768597097e-06, 4.77237836094e-06, 4.07504467148e-06, 3.83989845432e-06, 3.8485522964e-06],
        "median": [0.000239839981077, 0.000752199848648, 0.00208113435656, 0.000862962740939, 0.000309502211167, 0.000174737520865, 0.000214139450691, 0.000112415975309, 9.55700816121e-05, 6.99776064721e-05, 7.35210123821e-05, 7.69208418205e-05, 3.20325816574e-05, 3.11502153636e-05, 2.93017201329e-05, 3.67064094462e-05, 3.35592994816e-05, 3.81061981898e-05, 3.51583330485e-05, 4.151739995e-05, 6.12288349657e-05, 4.26400656579e-05, 5.4034502682e-05, 5.17484113516e-05, 2.6752722988e-05, 2.02358733077e-05, 1.81764535228e-05, 8.09298580862e-06, 8.02476370154e-06, 4.9679570111e-06, 3.77151195607e-06, 3.29570320901e-06, 2.36840969592e-06, 2.00334807232e-06, 1.83006852694e-06, 1.72098714302e-06, 1.95343136511e-06, 1.435197305e-06, 1.15889645258e-06, 9.33945898396e-07],
        "min": [3.29765384777e-06, 6.40802863927e-06, 2.5587836717e-05, 3.08345297526e-05, 1.36176122396e-05, 1.0365705748e-05, 5.14993325851e-06, 7.61474211686e-06, 2.05487390303e-06, 2.72808392765e-06, 5.09319579578e-06, 2.61934451373e-06, 1.50637004026e-06, 2.20579613597e-06, 2.64474670075e-06, 2.8464787647e-06, 2.77404433291e-06, 2.22141306949e-06, 1.8223997813e-06, 3.94854896513e-06, 5.24102551935e-06, 3.12220936394e-06, 4.64493086838e-06, 5.19975310453e-06, 2.3427414817e-06, 2.52001404988e-06, 1.48060314586e-06, 6.17739658537e-07, 5.71611167288e-07, 3.92943462657e-07, 2.91779997497e-07, 1.72097543327e-07, 1.8703825333e-07, 7.7114670205e-08, 4.5626755707e-08, 3.5253822972e-08, 2.72584408378e-08, 1.68570366554e-08, 9.75497815858e-09, 7.80873889855e-12],
