{
"highlevel": {
    "danceability": {
        "all": {
            "danceable": 0.906688332558,
            "not_danceable": 0.0933116450906
        },
        "probability": 0.906688332558,
        "value": "danceable"
    },
    "gender": {
        "all": {
            "female": 0.859989762306,
            "male": 0.140010222793
        },
        "probability": 0.859989762306,
        "value": "female"
    },
    "genre_dortmund": {
        "all": {
            "alternative": 0.090690612793,
            "blues": 0.0132680665702,
            "electronic": 0.037512242794,
            "folkcountry": 0.111279070377,
            "funksoulrnb": 0.0245390422642,
            "jazz": 0.196530103683,
            "pop": 0.332445442677,
            "raphiphop": 0.0793249830604,
            "rock": 0.114410422742
        },
        "probability": 0.332445442677,
        "value": "pop"
    },
    "genre_electronic": {
        "all": {
            "ambient": 0.392078489065,
            "dnb": 0.108107939363,
            "house": 0.329461485147,
            "techno": 0.0418513044715,
            "trance": 0.128500774503
        },
        "probability": 0.392078489065,
        "value": "ambient"
    },
    "genre_rosamerica": {
        "all": {
            "cla": 0.0233482662588,
            "dan": 0.198042780161,
            "hip": 0.0710837244987,
            "jaz": 0.0417948327959,
            "pop": 0.192912235856,
            "rhy": 0.354406505823,
            "roc": 0.0841929018497,
            "spe": 0.0342187620699
        },
        "probability": 0.354406505823,
        "value": "rhy"
    },
    "genre_tzanetakis": {
        "all": {
            "blu": 0.0626541376114,
            "cla": 0.0348133966327,
            "cou": 0.0783501937985,
            "dis": 0.104547761381,
            "hip": 0.15693578124,
            "jaz": 0.313987255096,
            "met": 0.044816005975,
            "pop": 0.0627349764109,
            "reg": 0.0627352520823,
            "roc": 0.0784252434969
        },
        "probability": 0.313987255096,
        "value": "jaz"
    },
    "ismir04_rhythm": {
        "all": {
            "ChaChaCha": 0.0236453022808,
            "Jive": 0.0133298635483,
            "Quickstep": 0.0530458465219,
            "Rumba-American": 0.0102808149531,
            "Rumba-International": 0.320275098085,
            "Rumba-Misc": 0.0481797643006,
            "Samba": 0.48940205574,
            "Tango": 0.0081664128229,
            "VienneseWaltz": 0.0203456599265,
            "Waltz": 0.0133291650563
        },
        "probability": 0.48940205574,
        "value": "Samba"
    },
    "mood_acoustic": {
        "all": {
            "acoustic": 0.280210763216,
            "not_acoustic": 0.719789266586
        },
        "probability": 0.719789266586,
        "value": "not_acoustic"
    },
    "mood_aggressive": {
        "all": {
            "aggressive": 0.0331792235374,
            "not_aggressive": 0.966820776463
        },
        "probability": 0.966820776463,
        "value": "not_aggressive"
    },
    "mood_electronic": {
        "all": {
            "electronic": 0.547748088837,
            "not_electronic": 0.452251911163
        },
        "probability": 0.547748088837,
        "value": "electronic"
    },
    "mood_happy": {
        "all": {
            "happy": 0.150635540485,
            "not_happy": 0.849364459515
        },
        "probability": 0.849364459515,
        "value": "not_happy"
    },
    "mood_party": {
        "all": {
            "not_party": 0.742859125137,
            "party": 0.25714084506
        },
        "probability": 0.742859125137,
        "value": "not_party"
    },
    "mood_relaxed": {
        "all": {
            "not_relaxed": 0.0778549239039,
            "relaxed": 0.922145068645
        },
        "probability": 0.922145068645,
        "value": "relaxed"
    },
    "mood_sad": {
        "all": {
            "not_sad": 0.368047177792,
            "sad": 0.631952822208
        },
        "probability": 0.631952822208,
        "value": "sad"
    },
    "moods_mirex": {
        "all": {
            "Cluster1": 0.269517570734,
            "Cluster2": 0.272165358067,
            "Cluster3": 0.319456726313,
            "Cluster4": 0.08418918401,
            "Cluster5": 0.054671164602
        },
        "probability": 0.319456726313,
        "value": "Cluster3"
    },
    "timbre": {
        "all": {
            "bright": 0.914865076542,
            "dark": 0.0851349458098
        },
        "probability": 0.914865076542,
        "value": "bright"
    },
    "tonal_atonal": {
        "all": {
            "atonal": 0.231638714671,
            "tonal": 0.768361270428
        },
        "probability": 0.768361270428,
        "value": "tonal"
    },
    "voice_instrumental": {
        "all": {
            "instrumental": 0.11190033704,
            "voice": 0.88809967041
        },
        "probability": 0.88809967041,
        "value": "voice"
    }
},
"lowlevel": {
    "average_loudness": 0.958220243454,
    "barkbands_crest": {
        "dmean": 3.04221057892,
        "dmean2": 4.44266176224,
        "dvar": 10.1337385178,
        "dvar2": 18.5132732391,
        "max": 26.0367717743,
        "mean": 12.8457708359,
        "median": 11.9594402313,
        "min": 2.33141994476,
        "var": 28.4896717072
    },
    "barkbands_flatness_db": {
        "dmean": 0.0350675098598,
        "dmean2": 0.0508062168956,
        "dvar": 0.00122544448823,
        "dvar2": 0.00246084085666,
        "max": 0.385663300753,
        "mean": 0.199088439345,
        "median": 0.193860962987,
        "min": 0.0425783544779,
        "var": 0.00390689261258
    },
    "barkbands_kurtosis": {
        "dmean": 13.2594528198,
        "dmean2": 19.6584625244,
        "dvar": 824.725830078,
        "dvar2": 1837.73742676,
        "max": 392.456268311,
        "mean": 20.1780509949,
        "median": 10.1240653992,
        "min": -1.90136873722,
        "var": 1177.05419922
    },
    "barkbands_skewness": {
        "dmean": 1.10386836529,
        "dmean2": 1.52107453346,
        "dvar": 2.10324287415,
        "dvar2": 3.71403217316,
        "max": 16.8928604126,
        "mean": 3.14474034309,
        "median": 2.72423362732,
        "min": -4.53181600571,
        "var": 5.5175819397
    },
    "barkbands_spread": {
        "dmean": 6.48780965805,
        "dmean2": 9.99428749084,
        "dvar": 98.7984085083,
        "dvar2": 212.255157471,
        "max": 93.6917495728,
        "mean": 14.3537721634,
        "median": 10.0470561981,
        "min": 0.659172534943,
        "var": 200.731811523
    },
    "dissonance": {
        "dmean": 0.0241999831051,
        "dmean2": 0.0387096107006,
        "dvar": 0.000499583315104,
        "dvar2": 0.00126249762252,
        "max": 0.500000059605,
        "mean": 0.445694774389,
        "median": 0.455975711346,
        "min": 0.198680534959,
        "var": 0.00177089776844
    },
    "dynamic_complexity": 3.51366043091,
    "erbbands_crest": {
        "dmean": 2.79248094559,
        "dmean2": 4.37257909775,
        "dvar": 7.10821866989,
        "dvar2": 15.5877485275,
        "max": 29.1436328888,
        "mean": 9.98292350769,
        "median": 8.56158733368,
        "min": 2.91286277771,
        "var": 26.1435852051
    },
    "erbbands_flatness_db": {
        "dmean": 0.0205848515034,
        "dmean2": 0.0289708878845,
        "dvar": 0.000412657682318,
        "dvar2": 0.00079987605568,
        "max": 0.354829996824,
        "mean": 0.154135748744,
        "median": 0.148033723235,
        "min": 0.063576541841,
        "var": 0.00234265718609
    },
    "erbbands_kurtosis": {
        "dmean": 1.76436126232,
        "dmean2": 2.74956512451,
        "dvar": 7.86077260971,
        "dvar2": 17.5822467804,
        "max": 45.1066665649,
        "mean": 2.05698466301,
        "median": 0.952434778214,
        "min": -1.83440089226,
        "var": 18.1776409149
    },
    "erbbands_skewness": {
        "dmean": 0.487796127796,
        "dmean2": 0.740868806839,
        "dvar": 0.241806805134,
        "dvar2": 0.494535923004,
        "max": 5.5543217659,
        "mean": 0.993353247643,
        "median": 0.943890273571,
        "min": -2.62782406807,
        "var": 0.878551721573
    },
    "erbbands_spread": {
        "dmean": 12.7064552307,
        "dmean2": 18.6694660187,
        "dvar": 232.055099487,
        "dvar2": 457.61328125,
        "max": 160.871276855,
        "mean": 44.8071365356,
        "median": 38.8004837036,
        "min": 5.51363706589,
        "var": 693.826416016
    },
    "hfc": {
        "dmean": 8.98454761505,
        "dmean2": 14.4621448517,
        "dvar": 394.127075195,
        "dvar2": 1067.48327637,
        "max": 175.660400391,
        "mean": 17.993434906,
        "median": 12.9041185379,
        "min": 0.00147271598689,
        "var": 429.415649414
    },
    "melbands_crest": {
        "dmean": 3.73022198677,
        "dmean2": 5.74717378616,
        "dvar": 15.8348579407,
        "dvar2": 30.4884777069,
        "max": 34.3026237488,
        "mean": 17.7313632965,
        "median": 17.1736621857,
        "min": 3.45033764839,
        "var": 40.370880127
    },
    "melbands_flatness_db": {
        "dmean": 0.0416223667562,
        "dmean2": 0.0581919625401,
        "dvar": 0.00185121688992,
        "dvar2": 0.00329355034046,
        "max": 0.483868181705,
        "mean": 0.261186659336,
        "median": 0.267472118139,
        "min": 0.0327229462564,
        "var": 0.00659901229665
    },
    "melbands_kurtosis": {
        "dmean": 27.0389175415,
        "dmean2": 39.935962677,
        "dvar": 3161.27124023,
        "dvar2": 6745.12304688,
        "max": 705.290344238,
        "mean": 42.7351951599,
        "median": 20.9563179016,
        "min": -1.82271385193,
        "var": 4507.61474609
    },
    "melbands_skewness": {
        "dmean": 1.38968372345,
        "dmean2": 1.94359230995,
        "dvar": 3.31188511848,
        "dvar2": 6.05137825012,
        "max": 19.3516368866,
        "mean": 4.22873401642,
        "median": 3.59246206284,
        "min": -3.33562707901,
        "var": 7.91558504105
    },
    "melbands_spread": {
        "dmean": 7.13762044907,
        "dmean2": 11.1221313477,
        "dvar": 253.99256897,
        "dvar2": 548.787719727,
        "max": 236.764251709,
        "mean": 14.1325130463,
        "median": 8.48583030701,
        "min": 0.463718026876,
        "var": 499.6378479
    },
    "pitch_salience": {
        "dmean": 0.0950757339597,
        "dmean2": 0.141868680716,
        "dvar": 0.00918988883495,
        "dvar2": 0.0184192899615,
        "max": 0.825929164886,
        "mean": 0.496227115393,
        "median": 0.509992361069,
        "min": 0.06662427634,
        "var": 0.0223714094609
    },
    "silence_rate_20dB": {
        "dmean": 0,
        "dmean2": 0,
        "dvar": 0,
        "dvar2": 0,
        "max": 1,
        "mean": 1,
        "median": 1,
        "min": 1,
        "var": 0
    },
    "silence_rate_30dB": {
        "dmean": 0.0665634647012,
        "dmean2": 0.133230060339,
        "dvar": 0.0621329620481,
        "dvar2": 0.115479588509,
        "max": 1,
        "mean": 0.883990705013,
        "median": 1,
        "min": 0,
        "var": 0.102551288903
    },
    "silence_rate_60dB": {
        "dmean": 0.022445820272,
        "dmean2": 0.0449264124036,
        "dvar": 0.0219420585781,
        "dvar2": 0.046006038785,
        "max": 1,
        "mean": 0.0982211902738,
        "median": 0,
        "min": 0,
        "var": 0.0885737612844
    },
    "spectral_centroid": {
        "dmean": 254.311752319,
        "dmean2": 383.505340576,
        "dvar": 145400.453125,
        "dvar2": 262834.40625,
        "max": 5946.44335938,
        "mean": 831.723205566,
        "median": 632.239746094,
        "min": 175.208084106,
        "var": 489480.40625
    },
    "spectral_complexity": {
        "dmean": 3.62616109848,
        "dmean2": 5.88690948486,
        "dvar": 30.0653877258,
        "dvar2": 67.9210968018,
        "max": 48,
        "mean": 12.2838363647,
        "median": 12,
        "min": 0,
        "var": 65.513458252
    },
    "spectral_decrease": {
        "dmean": 5.62439295138e-09,
        "dmean2": 9.15093245624e-09,
        "dvar": 1.16551310026e-16,
        "dvar2": 3.08991028183e-16,
        "max": -2.38297527327e-13,
        "mean": -1.22241052836e-08,
        "median": -9.66252322598e-09,
        "min": -7.70015589069e-08,
        "var": 1.68958945773e-16
    },
    "spectral_energy": {
        "dmean": 0.0217339079827,
        "dmean2": 0.0353826470673,
        "dvar": 0.00173223798629,
        "dvar2": 0.00462563801557,
        "max": 0.298007309437,
        "mean": 0.0477686263621,
        "median": 0.037593703717,
        "min": 1.04481330254e-06,
        "var": 0.00250409822911
    },
    "spectral_energyband_high": {
        "dmean": 0.000586068024859,
        "dmean2": 0.00090403854847,
        "dvar": 1.74167985278e-06,
        "dvar2": 3.99361670134e-06,
        "max": 0.0149416923523,
        "mean": 0.000805642281193,
        "median": 0.000280006031971,
        "min": 3.89359833264e-08,
        "var": 2.65802509603e-06
    },
    "spectral_energyband_low": {
        "dmean": 0.0174328684807,
        "dmean2": 0.0277431048453,
        "dvar": 0.00127364834771,
        "dvar2": 0.00297976657748,
        "max": 0.240972861648,
        "mean": 0.0308480467647,
        "median": 0.0211947411299,
        "min": 4.92205032288e-09,
        "var": 0.00188150559552
    },
    "spectral_energyband_middle_high": {
        "dmean": 0.00192511430942,
        "dmean2": 0.00329062342644,
        "dvar": 2.33125538216e-05,
        "dvar2": 6.58848002786e-05,
        "max": 0.0430109538138,
        "mean": 0.00290693389252,
        "median": 0.00149781932123,
        "min": 1.91532620875e-07,
        "var": 2.07591765502e-05
    },
    "spectral_energyband_middle_low": {
        "dmean": 0.00862809643149,
        "dmean2": 0.0148721346632,
        "dvar": 0.000368651119061,
        "dvar2": 0.00102754007094,
        "max": 0.148382887244,
        "mean": 0.0162367690355,
        "median": 0.0116379540414,
        "min": 6.2620654262e-07,
        "var": 0.000321271043504
    },
    "spectral_entropy": {
        "dmean": 0.270982861519,
        "dmean2": 0.386917829514,
        "dvar": 0.0738381445408,
        "dvar2": 0.143297836185,
        "max": 8.80459690094,
        "mean": 7.27997303009,
        "median": 7.24971485138,
        "min": 5.38319301605,
        "var": 0.306344240904
    },
    "spectral_flux": {
        "dmean": 0.0459835268557,
        "dmean2": 0.0719481483102,
        "dvar": 0.00418392429128,
        "dvar2": 0.00833217799664,
        "max": 0.478490948677,
        "mean": 0.10288656503,
        "median": 0.0715095773339,
        "min": 0.000749049300794,
        "var": 0.00943184271455
    },
    "spectral_kurtosis": {
        "dmean": 1.57021963596,
        "dmean2": 2.32037067413,
        "dvar": 2.76101875305,
        "dvar2": 6.20540952682,
        "max": 19.8856639862,
        "mean": 4.52333450317,
        "median": 4.01940774918,
        "min": -1.24744915962,
        "var": 9.84926509857
    },
    "spectral_rms": {
        "dmean": 0.00129595643375,
        "dmean2": 0.00196880847216,
        "dvar": 3.98789416067e-06,
        "dvar2": 9.18394653127e-06,
        "max": 0.0170510653406,
        "mean": 0.00594398751855,
        "median": 0.006056135986,
        "min": 3.19269493048e-05,
        "var": 1.1272582924e-05
    },
    "spectral_rolloff": {
        "dmean": 560.729675293,
        "dmean2": 932.033325195,
        "dvar": 2223494.75,
        "dvar2": 4323787.5,
        "max": 12726.1230469,
        "mean": 1157.88085938,
        "median": 430.6640625,
        "min": 64.599609375,
        "var": 4791356
    },
    "spectral_skewness": {
        "dmean": 0.271772176027,
        "dmean2": 0.382193744183,
        "dvar": 0.0660906881094,
        "dvar2": 0.135995611548,
        "max": 3.68100738525,
        "mean": 1.81587135792,
        "median": 1.80562913418,
        "min": 0.165763229132,
        "var": 0.333349525928
    },
    "spectral_spread": {
        "dmean": 880523.125,
        "dmean2": 1264665.375,
        "dvar": 871666417664,
        "dvar2": 1.72926369792e+12,
        "max": 16745109,
        "mean": 5863915,
        "median": 5527620.5,
        "min": 2493524,
        "var": 3.56850624102e+12
    },
    "spectral_strongpeak": {
        "dmean": 0.348030626774,
        "dmean2": 0.580565989017,
        "dvar": 0.374975889921,
        "dvar2": 0.998466014862,
        "max": 10.427947998,
        "mean": 0.779407501221,
        "median": 0.687236368656,
        "min": 0.00522406166419,
        "var": 0.434888243675
    },
    "zerocrossingrate": {
        "dmean": 0.0163559094071,
        "dmean2": 0.017577746883,
        "dvar": 0.000582053558901,
        "dvar2": 0.000537529762369,
        "max": 0.39892578125,
        "mean": 0.0540477856994,
        "median": 0.03515625,
        "min": 0.00537109375,
        "var": 0.00335526606068
    },
    "barkbands": {
        "dmean": [0.000594329147134, 0.0116118509322, 0.00990260299295, 0.00391086935997, 0.00349059747532, 0.00156648852862, 0.00102449022233, 0.000576281163376, 0.000494220585097, 0.000583136279602, 0.000392030167859, 0.000204175710678, 0.00018410186749, 0.00022630073363, 0.000130954475026, 0.000211050893995, 0.00026067905128, 0.000147464728798, 9.56104267971e-05, 9.32826442295e-05, 9.93383582681e-05, 7.97547545517e-05, 9.88607498584e-05, 0.000197282264708, 9.4794027973e-05, 2.94691417366e-05, 1.90946849443e-07],
        "dmean2": [0.000890787574463, 0.0171785540879, 0.0174254644662, 0.00699010910466, 0.00624090898782, 0.00247713457793, 0.00161976739764, 0.000946103828028, 0.000708562496584, 0.000993167632259, 0.000613769690972, 0.000341534672771, 0.000297976774164, 0.000381899852073, 0.0002098834957, 0.000373396149371, 0.000483492156491, 0.000268427771516, 0.000165905730682, 0.000156945578055, 0.000166098339832, 0.000130098938826, 0.000162989381352, 0.000281482003629, 0.000147651895531, 4.63583419332e-05, 3.47815358737e-07],
        "dvar": [3.30827151629e-06, 0.00093353522243, 0.000679590273649, 0.000108833963168, 5.77943974349e-05, 5.28329019289e-06, 4.66474375571e-06, 1.93001960724e-06, 6.71812017572e-07, 2.12378608921e-06, 6.98961571288e-07, 2.0876450435e-07, 1.80557009344e-07, 2.59340197317e-07, 6.15225559386e-08, 3.5278256405e-07, 9.50558387558e-07, 2.52754091434e-07, 7.15020078701e-08, 5.11208000376e-08, 7.27686852997e-08, 4.94430594244e-08, 5.28102965802e-08, 2.62106482296e-07, 5.64160593797e-08, 3.79234643688e-09, 7.57142124604e-13],
        "dvar2": [7.60577540859e-06, 0.00207039574161, 0.0018671466969, 0.000299984996673, 0.000165227262187, 1.347421221e-05, 1.10099663289e-05, 5.35212984687e-06, 1.21048481105e-06, 5.66377411815e-06, 1.47531670791e-06, 5.56820793918e-07, 4.18802642344e-07, 6.9538458547e-07, 1.44664113577e-07, 9.91346723822e-07, 2.74618014373e-06, 7.26499365555e-07, 1.98377478e-07, 1.3886302952e-07, 1.96658049845e-07, 1.3130515697e-07, 1.27765034108e-07, 4.60449427919e-07, 1.27578459796e-07, 9.65343449622e-09, 2.20702514424e-12],
        "max": [0.0137846730649, 0.202239647508, 0.181478351355, 0.090283870697, 0.056126948446, 0.028422601521, 0.0249125342816, 0.0155194755644, 0.0177607610822, 0.0197418723255, 0.0153815047815, 0.00649025011808, 0.00854251347482, 0.00479494640604, 0.00450090551749, 0.00562251871452, 0.00853448454291, 0.00446413969621, 0.00276027014479, 0.00234513869509, 0.00256712501869, 0.00224546459503, 0.00220410758629, 0.00867779739201, 0.00401870207861, 0.000658808858134, 1.19408778119e-05],
        "mean": [0.000506849319208, 0.0129268011078, 0.0144362999126, 0.00440901005641, 0.00464743329212, 0.00326793617569, 0.00199752976187, 0.000841734290589, 0.000995914335363, 0.000790659512859, 0.000564760295674, 0.000256141822319, 0.000244001596002, 0.000249895267189, 0.000179603113793, 0.000189671322005, 0.000190801889403, 0.000135208407301, 8.90897863428e-05, 0.000110750734166, 0.000112345733214, 8.969623741e-05, 0.000107366176962, 0.000255998282228, 0.000132938992465, 4.00629432988e-05, 1.29527151671e-07],
        "median": [9.37641016208e-06, 0.00225524790585, 0.00703637022525, 0.00140009447932, 0.00257526920177, 0.00189119344577, 0.000682471436448, 0.000282330438495, 0.000391113921069, 0.000134271977004, 0.000151333108079, 8.92851458048e-05, 7.52877094783e-05, 7.65277945902e-05, 5.86772657698e-05, 4.44912948296e-05, 3.39054131473e-05, 4.75650449516e-05, 2.60605629592e-05, 3.61841775884e-05, 3.88484586438e-05, 2.56169041677e-05, 1.7762198695e-05, 4.41483680333e-05, 5.16205436725e-05, 1.535363117e-05, 1.34991362533e-09],
        "min": [1.83575225333e-12, 4.77739348081e-10, 6.246440587e-10, 5.01274355358e-10, 1.25459971301e-08, 1.62344875321e-07, 4.04054478764e-09, 1.78941466089e-08, 7.26413134089e-08, 5.32829114164e-09, 1.38600286803e-08, 3.90472365552e-09, 5.11090014754e-09, 4.00465083317e-09, 7.2623382863e-09, 9.8829300299e-09, 8.61648086214e-09, 9.98093252491e-09, 1.07389830362e-08, 5.58358825842e-09, 7.03306834993e-09, 5.2376156745e-09, 4.60724347562e-09, 2.72519917743e-09, 3.81615139489e-09, 8.54690485053e-11, 6.33908073602e-12],
        "var": [3.28165697283e-06, 0.00102350534871, 0.000531395606231, 8.38554406073e-05, 4.46381345682e-05, 1.57478789333e-05, 1.15168004413e-05, 2.19891580855e-06, 2.92786307909e-06, 3.64510265172e-06, 1.77944821189e-06, 2.44542263772e-07, 2.91830446031e-07, 2.44186963982e-07, 1.15022729119e-07, 2.3526668258e-07, 5.3642270359e-07, 1.50357124085e-07, 5.04861148443e-08, 4.53335182726e-08, 6.32680325907e-08, 4.70059973168e-08, 6.67892194883e-08, 5.45591433365e-07, 7.52430651119e-08, 4.54576154496e-09, 4.93109567935e-13]
    },
    "erbbands": {
        "dmean": [0.423340797424, 2.31434607506, 8.90393543243, 13.6563968658, 12.4134368896, 11.4765968323, 9.82937717438, 15.2151298523, 16.4950675964, 10.481136322, 12.0165109634, 11.2175159454, 14.5299329758, 18.9026756287, 12.4159698486, 6.53226232529, 7.76933336258, 10.8745212555, 8.30629348755, 7.26257133484, 14.1558856964, 13.5901622772, 8.51347732544, 5.69392871857, 4.77927398682, 4.51924610138, 3.72580552101, 4.07162475586, 2.83606100082, 3.00436782837, 2.520383358, 4.26622200012, 2.98261332512, 1.30188930035, 0.595862686634, 0.192919254303, 0.0465030446649, 0.00302062439732, 9.41342586884e-05, 2.90070820483e-05],
        "dmean2": [0.629267692566, 3.47475528717, 15.2140073776, 23.6806602478, 22.6286449432, 20.2156734467, 15.1195049286, 25.1788825989, 25.4005584717, 17.5062217712, 19.5143184662, 16.3652362823, 23.4899959564, 30.9818611145, 20.7662067413, 10.8274173737, 12.5132932663, 17.9965381622, 13.8052892685, 12.4875059128, 25.2918968201, 24.9134807587, 15.5166854858, 10.2243328094, 8.11862182617, 7.65470695496, 6.01769161224, 7.03907155991, 4.73845767975, 4.96384811401, 4.05621337891, 6.31027364731, 4.30708456039, 2.03759241104, 0.933030605316, 0.310558646917, 0.0752584263682, 0.00495558604598, 0.000152589869685, 4.72421997983e-05],
        "dvar": [1.50570428371, 32.806678772, 510.491821289, 1266.57263184, 987.787536621, 564.564208984, 182.863189697, 615.213439941, 1123.78479004, 519.423950195, 585.34185791, 425.314575195, 1013.59771729, 1688.22131348, 780.133483887, 186.726516724, 292.911590576, 553.830383301, 270.454711914, 253.915374756, 1904.66174316, 2283.93896484, 806.80456543, 321.735839844, 186.799880981, 119.085189819, 82.6679763794, 137.253845215, 71.7431640625, 45.6385192871, 35.4912071228, 139.293930054, 61.0586128235, 11.3561458588, 2.0685377121, 0.172402307391, 0.0111744133756, 4.90347920277e-05, 6.243428885e-08, 3.11534598119e-09],
        "dvar2": [3.09255743027, 77.8085327148, 1371.85668945, 3438.31518555, 2813.02905273, 1601.62524414, 414.527984619, 1684.86950684, 2548.52319336, 1329.10168457, 1548.23046875, 756.357788086, 2637.38330078, 4073.79394531, 1963.32556152, 507.292785645, 683.54083252, 1420.14160156, 711.837341309, 676.457275391, 5423.83789062, 6576.49169922, 2315.36035156, 921.834411621, 509.495635986, 327.301086426, 215.583145142, 379.036987305, 194.815628052, 118.123725891, 77.36302948, 264.47467041, 114.94229126, 25.3943405151, 4.73582935333, 0.44388666749, 0.0289774183184, 0.000127785693621, 1.73357861399e-07, 8.6736209326e-09],
        "max": [7.91581439972, 41.1687469482, 156.078384399, 281.407073975, 233.642807007, 179.717880249, 198.393051147, 302.160858154, 447.833404541, 344.946075439, 279.280395508, 469.530426025, 479.764251709, 598.661560059, 420.228607178, 157.985046387, 355.392303467, 272.834259033, 159.210647583, 157.525100708, 439.63482666, 395.71963501, 258.567993164, 154.225845337, 152.063232422, 104.490509033, 90.0691146851, 99.8916244507, 81.0413131714, 61.482711792, 76.0748825073, 235.720489502, 125.815315247, 56.0622367859, 21.7766513824, 4.72656536102, 1.39810228348, 0.071371242404, 0.00315740006045, 0.000456501060398],
        "mean": [0.4190081954, 2.88887166977, 13.3536844254, 18.8841247559, 13.4666242599, 15.5787172318, 20.1602592468, 30.3894443512, 33.3020896912, 17.4830226898, 20.5424308777, 22.1321678162, 23.264005661, 27.9724330902, 16.3421630859, 8.62061882019, 10.8280181885, 13.2632856369, 10.9010124207, 8.37066555023, 12.24168396, 10.784072876, 7.878718853, 5.13387155533, 4.73821115494, 5.30412197113, 4.80065822601, 4.12933731079, 3.08061480522, 3.18880558014, 2.92946434021, 5.23239850998, 3.95234632492, 1.78845489025, 0.811332345009, 0.266829997301, 0.0593845583498, 0.00330566125922, 0.000120605167467, 6.21156359557e-05],
        "median": [0.047207057476, 0.991458594799, 7.51494312286, 8.19753170013, 6.23458242416, 7.18332052231, 11.4977083206, 15.9631786346, 13.8202419281, 7.6021490097, 9.09003162384, 8.37745571136, 7.43032026291, 7.90813016891, 5.93251991272, 3.49370980263, 3.80083942413, 4.4829211235, 3.97341299057, 2.8496568203, 2.68723392487, 2.39377570152, 2.84912633896, 1.76907753944, 1.52172923088, 1.63717973232, 1.77326142788, 1.22134065628, 0.896577656269, 0.729431211948, 0.464787721634, 0.736952662468, 0.836997747421, 0.660130918026, 0.307345241308, 0.10500883311, 0.0192114636302, 0.000849108153488, 4.8843161494e-05, 4.79712434753e-05],
        "min": [6.1233742521e-09, 1.41631659289e-07, 8.49644550271e-07, 3.66281415154e-06, 8.02534850664e-06, 7.17212315067e-05, 0.00102035549935, 0.0015264878748, 0.000187455952982, 0.0002137862175, 0.00192055222578, 0.00147406687029, 0.00058966857614, 0.000535804370884, 0.000320783467032, 0.000179066904821, 0.000259455002379, 0.000278625695501, 0.000394824397517, 0.000572250573896, 0.000763662916142, 0.000686727522407, 0.000951282156166, 0.00046902091708, 0.000524256087374, 0.000243696631514, 0.000490915786941, 0.000251000717981, 0.000220647634706, 0.000116855211672, 0.000144336285302, 8.44829482958e-05, 4.52366148238e-05, 3.38606805599e-05, 2.87922739517e-05, 3.30368129653e-06, 9.38549646889e-08, 9.53583700891e-09, 4.59441640288e-09, 2.36630559591e-09],
        "var": [1.67276358604, 35.2302894592, 421.130126953, 1049.7746582, 640.617004395, 515.795532227, 665.514404297, 1465.25866699, 2768.17675781, 1024.65539551, 915.509643555, 1894.05603027, 2003.31896973, 3369.84887695, 1117.69128418, 220.359222412, 495.70916748, 634.170959473, 336.859161377, 240.372589111, 1187.74975586, 1318.75439453, 481.198760986, 197.614746094, 139.76399231, 103.683235168, 83.5451507568, 108.175666809, 61.2956237793, 48.7557449341, 52.7756843567, 250.192550659, 123.34210968, 15.4056997299, 2.74843263626, 0.200034812093, 0.0117564685643, 4.72852771054e-05, 5.44342633191e-08, 4.20142498569e-09]
    },
    "gfcc": {
        "mean": [-24.076593399, 87.445022583, -89.6832504272, 25.2284221649, -69.5884170532, 15.6448335648, -52.6980056763, 13.0052490234, -33.222694397, 4.61487007141, -17.8081474304, -3.45510840416, -6.31348848343],
        "cov": [[9828.55175781, 1650.88989258, 931.681213379, 1089.80371094, 709.981872559, 889.062316895, 795.726623535, 309.608612061, 497.751800537, 13.6966972351, 32.5695800781, 60.5667495728, -107.652656555], [1650.88989258, 2228.62768555, 500.228363037, 314.53717041, 663.360961914, 237.534851074, 382.320709229, 38.7781867981, 185.566970825, -33.5766067505, 98.7923049927, -147.514587402, -14.3373165131], [931.681213379, 500.228363037, 903.501037598, 451.872344971, 375.76171875, 266.087890625, 184.309631348, 70.6654205322, 102.601104736, -4.82794570923, -2.2920563221, 28.051908493, -86.3592758179], [1089.80371094, 314.53717041, 451.872344971, 855.100830078, 391.71572876, 231.900588989, 248.430892944, 35.5889701843, 213.555526733, 10.8182201385, 8.8309469223, -44.596824646, -46.7699699402], [709.981872559, 663.360961914, 375.76171875, 391.71572876, 513.182739258, 174.771087646, 209.55480957, 74.6338272095, 120.299499512, 31.3611316681, 2.55446529388, -31.7033939362, -45.0122146606], [889.062316895, 237.534851074, 266.087890625, 231.900588989, 174.771087646, 335.990509033, 213.503677368, 47.4466323853, 67.9060974121, 1.9114522934, 43.8081016541, 4.43961858749, -50.6745262146], [795.726623535, 382.320709229, 184.309631348, 248.430892944, 209.55480957, 213.503677368, 346.803985596, 78.2130813599, 94.843421936, 44.7665634155, 39.8808784485, 23.1594848633, -24.0018157959], [309.608612061, 38.7781867981, 70.6654205322, 35.5889701843, 74.6338272095, 47.4466323853, 78.2130813599, 150.472991943, 55.4992866516, 19.193195343, 9.76807594299, 44.8750991821, 23.0114536285], [497.751800537, 185.566970825, 102.601104736, 213.555526733, 120.299499512, 67.9060974121, 94.843421936, 55.4992866516, 160.357803345, 39.8995246887, 25.1368980408, 13.7318229675, 17.0722389221], [13.6966972351, -33.5766067505, -4.82794570923, 10.8182201385, 31.3611316681, 1.9114522934, 44.7665634155, 19.193195343, 39.8995246887, 130.104797363, 37.738986969, 33.7720527649, 26.0103340149], [32.5695800781, 98.7923049927, -2.2920563221, 8.8309469223, 2.55446529388, 43.8081016541, 39.8808784485, 9.76807594299, 25.1368980408, 37.738986969, 103.464698792, 17.7271709442, 28.132894516], [60.5667495728, -147.514587402, 28.051908493, -44.596824646, -31.7033939362, 4.43961858749, 23.1594848633, 44.8750991821, 13.7318229675, 33.7720527649, 17.7271709442, 133.586700439, 24.5553855896], [-107.652656555, -14.3373165131, -86.3592758179, -46.7699699402, -45.0122146606, -50.6745262146, -24.0018157959, 23.0114536285, 17.0722389221, 26.0103340149, 28.132894516, 24.5553855896, 105.765419006]],
        "icov": [[0.000175899607711, -0.000193887404748, 6.51039226796e-05, -0.000199796282686, 0.000283935369225, -0.000417636998463, 9.31142349145e-05, -0.000262357643805, -0.000115614195238, -0.0001451359567, 0.000397034891648, -0.00024764626869, 0.000122756362543], [-0.000193887404748, 0.00174793519545, -0.000705316488165, 0.00160608149599, -0.00235069100745, 0.00121782149654, -0.00175046885852, 0.00164712965488, -0.0016243213322, 0.00203169556335, -0.00207521673292, 0.00199373438954, -0.00114697159734], [6.51039226796e-05, -0.000705316488165, 0.00242213765159, -0.00132391566876, -7.48921811464e-05, -0.00148468941916, 0.00136995478533, -0.000980765093118, 0.00107691751327, -0.000642624858301, 0.000961762212683, -0.00195510475896, 0.00132628181018], [-0.000199796282686, 0.00160608149599, -0.00132391566876, 0.00437198206782, -0.00299470941536, 0.000925238535274, -0.00232610641979, 0.00282273325138, -0.00443474948406, 0.00248539214954, -0.00150354683865, 0.00256231543608, -0.00119688815903], [0.000283935369225, -0.00235069100745, -7.48921811464e-05, -0.00299470941536, 0.00737248081714, -0.00152677937876, 0.00121218699496, -0.00342587311752, 0.00173416314647, -0.00367501052096, 0.00327983638272, -0.00101942778565, 0.00199960381724], [-0.000417636998463, 0.00121782149654, -0.00148468941916, 0.000925238535274, -0.00152677937876, 0.00782834645361, -0.00403329404071, 0.000949402921833, -0.000730942643713, 0.00252491119318, -0.00430705817416, 0.00170732138213, 0.00116227834951], [9.31142349145e-05, -0.00175046885852, 0.00136995478533, -0.00232610641979, 0.00121218699496, -0.00403329404071, 0.00810725986958, -0.00310174212791, 0.00168132095132, -0.00337196025066, 0.00151992996689, -0.00284517602995, 0.00185970158782], [-0.000262357643805, 0.00164712965488, -0.000980765093118, 0.00282273325138, -0.00342587311752, 0.000949402921833, -0.00310174212791, 0.0115888277069, -0.00436986098066, 0.0027956883423, -0.000888446869794, -0.000623696658295, -0.00342578580603], [-0.000115614195238, -0.0016243213322, 0.00107691751327, -0.00443474948406, 0.00173416314647, -0.000730942643713, 0.00168132095132, -0.00436986098066, 0.0144346719608, -0.00424298318103, 0.000613346579485, -0.00221123592928, -0.000635785516351], [-0.0001451359567, 0.00203169556335, -0.000642624858301, 0.00248539214954, -0.00367501052096, 0.00252491119318, -0.00337196025066, 0.0027956883423, -0.00424298318103, 0.0127501720563, -0.00513702910393, 0.000256639323197, -0.00216960534453], [0.000397034891648, -0.00207521673292, 0.000961762212683, -0.00150354683865, 0.00327983638272, -0.00430705817416, 0.00151992996689, -0.000888446869794, 0.000613346579485, -0.00513702910393, 0.0157121475786, -0.00264811445959, -0.00228650262579], [-0.00024764626869, 0.00199373438954, -0.00195510475896, 0.00256231543608, -0.00101942778565, 0.00170732138213, -0.00284517602995, -0.000623696658295, -0.00221123592928, 0.000256639323197, -0.00264811445959, 0.0124357147142, -0.00245990045369], [0.000122756362543, -0.00114697159734, 0.00132628181018, -0.00119688815903, 0.00199960381724, 0.00116227834951, 0.00185970158782, -0.00342578580603, -0.000635785516351, -0.00216960534453, -0.00228650262579, -0.00245990045369, 0.0143687613308]]
    },
    "melbands": {
        "dmean": [0.00347281317227, 0.00351014290936, 0.00225563324057, 0.00088039872935, 0.000339111313224, 0.00032367874519, 0.000234075312619, 0.000119699434435, 9.28241061047e-05, 7.34656787245e-05, 7.76122396928e-05, 8.14880841062e-05, 4.48779283033e-05, 2.63745241682e-05, 1.33923376779e-05, 2.42303922278e-05, 2.01856582862e-05, 1.45024805533e-05, 1.08148888103e-05, 1.08990061563e-05, 1.84114232979e-05, 1.64743360074e-05, 8.15844941826e-06, 6.99310930941e-06, 4.44909210273e-06, 3.75896888727e-06, 3.09789038511e-06, 3.24080224345e-06, 2.24445830099e-06, 2.6512104796e-06, 2.32029424296e-06, 1.6220467387e-06, 1.46977629356e-06, 1.97868689611e-06, 1.36831579312e-06, 2.2335873382e-06, 2.86266049443e-06, 2.34131152865e-06, 1.50413472966e-06, 1.06875086203e-06],
        "dmean2": [0.00514928298071, 0.00561704719439, 0.00392068456858, 0.00159844639711, 0.000537498504855, 0.000526960648131, 0.000367196800653, 0.000200762937311, 0.000148310457007, 0.000105750426883, 0.000126175407786, 0.000135187772685, 7.21363903722e-05, 4.47275415354e-05, 2.21226055146e-05, 3.84050435969e-05, 3.36955126841e-05, 2.44386919803e-05, 1.7747266611e-05, 1.93034884433e-05, 3.3187232475e-05, 3.04923723888e-05, 1.48801182149e-05, 1.27099501697e-05, 8.02709928394e-06, 6.46703847451e-06, 5.2687742027e-06, 5.52506071472e-06, 3.60259195986e-06, 4.46354897576e-06, 4.08119694839e-06, 2.75780735137e-06, 2.34812637245e-06, 3.38779886988e-06, 2.34569483837e-06, 3.39930215887e-06, 4.23239134761e-06, 3.38883319273e-06, 2.32954926105e-06, 1.74283547949e-06],
        "dvar": [9.37678778428e-05, 6.19697530055e-05, 3.3840584365e-05, 4.13191082771e-06, 2.24101526669e-07, 2.51428076581e-07, 2.18417511633e-07, 7.22970412426e-08, 3.14376933375e-08, 1.90481266316e-08, 3.00221181249e-08, 3.19068540477e-08, 8.87095108482e-09, 3.61050433995e-09, 7.15908943238e-10, 3.27936655609e-09, 1.99679695001e-09, 9.8078722921e-10, 5.32830113364e-10, 8.65850502407e-10, 3.70128860894e-09, 3.72076813804e-09, 6.68476274335e-10, 5.72508040975e-10, 1.87668214302e-10, 1.04981974502e-10, 7.83506870494e-11, 5.74024716649e-11, 2.54484315565e-11, 5.66714591921e-11, 4.49041359651e-11, 2.45753504352e-11, 1.38683804024e-11, 2.20767119863e-11, 1.00645681025e-11, 3.454447145e-11, 6.8247026086e-11, 4.56183181508e-11, 1.11138711081e-11, 9.07762233437e-12],
        "dvar2": [0.000202124312636, 0.000155153684318, 9.18915320653e-05, 1.18123716675e-05, 5.51007360627e-07, 6.77523757986e-07, 5.10906545514e-07, 1.93952345739e-07, 8.0168661043e-08, 3.18955706291e-08, 7.77613777814e-08, 7.96075738663e-08, 2.10556354574e-08, 9.81599423966e-09, 1.75414671677e-09, 7.38925987065e-09, 5.23526377805e-09, 2.59291699223e-09, 1.20876764154e-09, 2.42430298059e-09, 1.06381010667e-08, 1.07483915102e-08, 1.91390858717e-09, 1.63903923767e-09, 5.39132793964e-10, 2.85087786711e-10, 2.09980949295e-10, 1.58832086372e-10, 6.50119610923e-11, 1.54513693507e-10, 1.24883006714e-10, 6.74324623917e-11, 3.51023862755e-11, 6.02294741858e-11, 2.56790977371e-11, 6.82633186089e-11, 1.29280017247e-10, 8.64384397392e-11, 2.51255422717e-11, 2.12375221575e-11],
        "max": [0.0630244985223, 0.0591720379889, 0.0386813543737, 0.0149697363377, 0.00525654526427, 0.00639051478356, 0.00593895884231, 0.00320844585076, 0.00216180179268, 0.00329663790762, 0.00266864104196, 0.00226310663857, 0.00147697899956, 0.000781517534051, 0.000378266035113, 0.00115846656263, 0.000501200614963, 0.0003162282228, 0.000458717084257, 0.000278410909232, 0.000633365940303, 0.000534291204531, 0.000259516324149, 0.000230759527767, 0.000131612454425, 0.000103232472611, 0.000106713428977, 7.14580819476e-05, 4.83507574245e-05, 7.75486623752e-05, 5.26654039277e-05, 5.19535969943e-05, 3.61956372217e-05, 3.79910779884e-05, 2.71899934887e-05, 9.19810481719e-05, 0.000167868347489, 0.000108126543637, 4.2944058805e-05, 4.89361591463e-05],
        "mean": [0.00362585973926, 0.0060049565509, 0.0031431815587, 0.00102542690001, 0.000696541217621, 0.000675284012686, 0.000476959685329, 0.000187398065464, 0.000160289535415, 0.000143219614984, 0.000119295342301, 0.000119535572594, 6.04147135164e-05, 3.2798772736e-05, 1.68550832313e-05, 3.14248318318e-05, 2.2889518732e-05, 1.7582986402e-05, 1.4232945432e-05, 1.00950110209e-05, 1.499289192e-05, 1.24934294945e-05, 6.93843549016e-06, 6.46122953185e-06, 3.82863026971e-06, 3.50699065166e-06, 3.24224038195e-06, 3.69807662537e-06, 2.97993187814e-06, 2.81443180938e-06, 2.2389933747e-06, 1.70682756107e-06, 1.69526788341e-06, 1.87650391581e-06, 1.37946005907e-06, 2.52980635196e-06, 3.49229981111e-06, 3.0564062854e-06, 1.94868766812e-06, 1.35873858653e-06],
        "median": [0.000544332433492, 0.00412588194013, 0.00163404038176, 0.000522084417753, 0.000419467512984, 0.00039010369801, 0.000212734870729, 6.82178870193e-05, 6.80877055856e-05, 4.84453958052e-05, 3.36224693456e-05, 3.35545737471e-05, 1.90622558875e-05, 1.07419846245e-05, 5.67896086068e-06, 7.76610431785e-06, 7.13452163836e-06, 4.95864242112e-06, 4.12752069678e-06, 2.85351916318e-06, 2.70085956799e-06, 2.1843804916e-06, 2.05468222703e-06, 2.21926279664e-06, 1.19036644719e-06, 1.01466446267e-06, 1.04529328837e-06, 1.01931402696e-06, 1.05224137315e-06, 8.78376624769e-07, 5.67083475289e-07, 4.62909099497e-07, 4.42607728246e-07, 3.69745237094e-07, 2.26993478236e-07, 3.20541175824e-07, 4.57656767594e-07, 5.42883810795e-07, 6.1551526187e-07, 4.99987663716e-07],
        "min": [8.37384467323e-11, 2.47485171245e-10, 6.56352916462e-10, 1.1251216625e-09, 2.83598691198e-08, 3.35606209489e-08, 1.90958315827e-09, 1.07326991738e-09, 1.83764505834e-08, 9.14372400018e-09, 1.04018527125e-09, 1.60383961667e-09, 1.36760758274e-09, 4.537976106e-10, 2.29032404153e-10, 5.69290004027e-10, 5.16862996847e-10, 6.47631503981e-10, 5.10202047277e-10, 8.38095537414e-10, 8.94024687614e-10, 5.81957593226e-10, 8.72559746679e-10, 4.23005935835e-10, 3.13973125277e-10, 3.84444920343e-10, 2.8174035327e-10, 1.11598910668e-10, 3.04729880218e-10, 1.23515808692e-10, 9.37284347358e-11, 8.42556580061e-11, 6.42131070538e-11, 3.26233658143e-12, 6.53008480622e-11, 5.91429552901e-12, 2.98188904124e-12, 3.35869331479e-12, 7.22369343162e-12, 1.21211140083e-11],
