{
"highlevel": {
    "danceability": {
        "all": {
            "danceable": 5.25643508809e-06,
            "not_danceable": 0.999994754791
        },
        "probability": 0.999994754791,
        "value": "not_danceable"
    },
    "gender": {
        "all": {
            "female": 0.530585587025,
            "male": 0.469414412975
        },
        "probability": 0.530585587025,
        "value": "female"
    },
    "genre_dortmund": {
        "all": {
            "alternative": 0.194797724485,
            "blues": 0.0336524769664,
            "electronic": 0.260791599751,
            "folkcountry": 0.213869303465,
            "funksoulrnb": 0.0143420128152,
            "jazz": 0.0149757768959,
            "pop": 0.0662049651146,
            "raphiphop": 0.00652481336147,
            "rock": 0.194841310382
        },
        "probability": 0.260791599751,
        "value": "electronic"
    },
    "genre_electronic": {
        "all": {
            "ambient": 0.570863723755,
            "dnb": 0.133020877838,
            "house": 0.0204967148602,
            "techno": 0.00782944727689,
            "trance": 0.267789214849
        },
        "probability": 0.570863723755,
        "value": "ambient"
    },
    "genre_rosamerica": {
        "all": {
            "cla": 0.00842969678342,
            "dan": 0.00176864757668,
            "hip": 0.00117541349027,
            "jaz": 0.000932524097152,
            "pop": 0.0301045682281,
            "rhy": 0.00119224563241,
            "roc": 0.955972492695,
            "spe": 0.000424411497079
        },
        "probability": 0.955972492695,
        "value": "roc"
    },
    "genre_tzanetakis": {
        "all": {
            "blu": 0.0626541376114,
            "cla": 0.0348133966327,
            "cou": 0.0783501937985,
            "dis": 0.104547761381,
            "hip": 0.15693578124,
            "jaz": 0.313987255096,
            "met": 0.044816005975,
            "pop": 0.0627349764109,
            "reg": 0.0627352520823,
            "roc": 0.0784252434969
        },
        "probability": 0.313987255096,
        "value": "jaz"
    },
    "ismir04_rhythm": {
        "all": {
            "ChaChaCha": 0.217991292477,
            "Jive": 0.359072566032,
            "Quickstep": 0.0236745756119,
            "Rumba-American": 0.0122010363266,
            "Rumba-International": 0.0476908311248,
            "Rumba-Misc": 0.0171602945775,
            "Samba": 0.130722373724,
            "Tango": 0.0202451962978,
            "VienneseWaltz": 0.141275897622,
            "Waltz": 0.0299659390002
        },
        "probability": 0.359072566032,
        "value": "Jive"
    },
    "mood_acoustic": {
        "all": {
            "acoustic": 0.00978624820709,
            "not_acoustic": 0.990213751793
        },
        "probability": 0.990213751793,
        "value": "not_acoustic"
    },
    "mood_aggressive": {
        "all": {
            "aggressive": 0.814824581146,
            "not_aggressive": 0.185175403953
        },
        "probability": 0.814824581146,
        "value": "aggressive"
    },
    "mood_electronic": {
        "all": {
            "electronic": 0.836532115936,
            "not_electronic": 0.163467869163
        },
        "probability": 0.836532115936,
        "value": "electronic"
    },
    "mood_happy": {
        "all": {
            "happy": 0.75106137991,
            "not_happy": 0.24893862009
        },
        "probability": 0.75106137991,
        "value": "happy"
    },
    "mood_party": {
        "all": {
            "not_party": 0.40162435174,
            "party": 0.598375678062
        },
        "probability": 0.598375678062,
        "value": "party"
    },
    "mood_relaxed": {
        "all": {
            "not_relaxed": 0.262844324112,
            "relaxed": 0.737155675888
        },
        "probability": 0.737155675888,
        "value": "relaxed"
    },
    "mood_sad": {
        "all": {
            "not_sad": 0.882816195488,
            "sad": 0.117183834314
        },
        "probability": 0.882816195488,
        "value": "not_sad"
    },
    "moods_mirex": {
        "all": {
            "Cluster1": 0.217118889093,
            "Cluster2": 0.10937359184,
            "Cluster3": 0.142809957266,
            "Cluster4": 0.136684015393,
            "Cluster5": 0.394013553858
        },
        "probability": 0.394013553858,
        "value": "Cluster5"
    },
    "timbre": {
        "all": {
            "bright": 0.746155261993,
            "dark": 0.253844738007
        },
        "probability": 0.746155261993,
        "value": "bright"
    },
    "tonal_atonal": {
        "all": {
            "atonal": 0.0837703049183,
            "tonal": 0.916229665279
        },
        "probability": 0.916229665279,
        "value": "tonal"
    },
    "voice_instrumental": {
        "all": {
            "instrumental": 0.026989325881,
            "voice": 0.973010659218
        },
        "probability": 0.973010659218,
        "value": "voice"
    }
},
"lowlevel": {
    "average_loudness": 0.981223165989,
    "barkbands_crest": {
        "dmean": 2.13671088219,
        "dmean2": 3.58984827995,
        "dvar": 4.21118068695,
        "dvar2": 11.2839403152,
        "max": 19.3557510376,
        "mean": 7.95571041107,
        "median": 7.33502054214,
        "min": 2.96850776672,
        "var": 9.18137454987
    },
    "barkbands_flatness_db": {
        "dmean": 0.0146845867857,
        "dmean2": 0.0233499966562,
        "dvar": 0.000149649218656,
        "dvar2": 0.000386597588658,
        "max": 0.224762007594,
        "mean": 0.135374501348,
        "median": 0.131918847561,
        "min": 0.0785830840468,
        "var": 0.000588443479501
    },
    "barkbands_kurtosis": {
        "dmean": 1.12064802647,
        "dmean2": 1.81207072735,
        "dvar": 1.44576907158,
        "dvar2": 3.82115697861,
        "max": 11.2518873215,
        "mean": 1.25672447681,
        "median": 0.901692152023,
        "min": -1.13894784451,
        "var": 2.76616072655
    },
    "barkbands_skewness": {
        "dmean": 0.341458946466,
        "dmean2": 0.543761193752,
        "dvar": 0.0926507934928,
        "dvar2": 0.245769783854,
        "max": 3.05024218559,
        "mean": 1.18894779682,
        "median": 1.16757142544,
        "min": -0.259585261345,
        "var": 0.218034431338
    },
    "barkbands_spread": {
        "dmean": 3.62135791779,
        "dmean2": 5.59988641739,
        "dvar": 9.44768619537,
        "dvar2": 23.6007137299,
        "max": 42.7451782227,
        "mean": 22.1604099274,
        "median": 21.7288017273,
        "min": 8.26506519318,
        "var": 37.7619285583
    },
    "dissonance": {
        "dmean": 0.0169528499246,
        "dmean2": 0.0286522097886,
        "dvar": 0.000212045270018,
        "dvar2": 0.000596966128796,
        "max": 0.49979275465,
        "mean": 0.468581676483,
        "median": 0.472071886063,
        "min": 0.315313726664,
        "var": 0.000402018340537
    },
    "dynamic_complexity": 0.593385338783,
    "erbbands_crest": {
        "dmean": 2.54860544205,
        "dmean2": 4.19475126266,
        "dvar": 5.85106420517,
        "dvar2": 14.8550825119,
        "max": 25.6653308868,
        "mean": 8.000041008,
        "median": 7.12729310989,
        "min": 3.04857325554,
        "var": 11.6642246246
    },
    "erbbands_flatness_db": {
        "dmean": 0.0127521362156,
        "dmean2": 0.0191907174885,
        "dvar": 0.000143709272379,
        "dvar2": 0.00030165433418,
        "max": 0.253583788872,
        "mean": 0.162152990699,
        "median": 0.161155536771,
        "min": 0.0952059403062,
        "var": 0.000545998162124
    },
    "erbbands_kurtosis": {
        "dmean": 0.502177119255,
        "dmean2": 0.799830973148,
        "dvar": 0.228142142296,
        "dvar2": 0.636655330658,
        "max": 3.94369983673,
        "mean": -0.104182101786,
        "median": -0.250231742859,
        "min": -1.54602015018,
        "var": 0.615168750286
    },
    "erbbands_skewness": {
        "dmean": 0.235885620117,
        "dmean2": 0.370028018951,
        "dvar": 0.0356508120894,
        "dvar2": 0.0884644985199,
        "max": 1.49542844296,
        "mean": 0.301130235195,
        "median": 0.284858971834,
        "min": -0.658222973347,
        "var": 0.108425982296
    },
    "erbbands_spread": {
        "dmean": 5.27061796188,
        "dmean2": 8.3794336319,
        "dvar": 19.4146366119,
        "dvar2": 48.4557380676,
        "max": 55.9573822021,
        "mean": 32.0391044617,
        "median": 31.7350654602,
        "min": 9.35339355469,
        "var": 69.4210739136
    },
    "hfc": {
        "dmean": 5.03980493546,
        "dmean2": 8.00546836853,
        "dvar": 19.6481494904,
        "dvar2": 46.999797821,
        "max": 64.3614120483,
        "mean": 30.2416248322,
        "median": 29.3645381927,
        "min": 11.3728313446,
        "var": 72.2590789795
    },
    "melbands_crest": {
        "dmean": 3.83439183235,
        "dmean2": 6.23910999298,
        "dvar": 10.2788410187,
        "dvar2": 27.0271205902,
        "max": 30.543970108,
        "mean": 14.2826156616,
        "median": 13.8416452408,
        "min": 4.96765136719,
        "var": 20.6132049561
    },
    "melbands_flatness_db": {
        "dmean": 0.0177108179778,
        "dmean2": 0.0277631059289,
        "dvar": 0.000257886014879,
        "dvar2": 0.000627468340099,
        "max": 0.315975785255,
        "mean": 0.191717803478,
        "median": 0.187386229634,
        "min": 0.117881320417,
        "var": 0.001081752358
    },
    "melbands_kurtosis": {
        "dmean": 2.59720778465,
        "dmean2": 4.26600456238,
        "dvar": 8.1170091629,
        "dvar2": 22.0326290131,
        "max": 25.4131126404,
        "mean": 5.31985807419,
        "median": 4.65361976624,
        "min": -1.1570981741,
        "var": 13.0203666687
    },
    "melbands_skewness": {
        "dmean": 0.46055918932,
        "dmean2": 0.7409465909,
        "dvar": 0.183655843139,
        "dvar2": 0.488569319248,
        "max": 4.60346031189,
        "mean": 1.96634054184,
        "median": 1.92840838432,
        "min": 0.266408741474,
        "var": 0.374007165432
    },
    "melbands_spread": {
        "dmean": 4.69178724289,
        "dmean2": 7.43079662323,
        "dvar": 16.1754684448,
        "dvar2": 40.6252250671,
        "max": 46.8913269043,
        "mean": 22.8196086884,
        "median": 21.9479579926,
        "min": 6.79744958878,
        "var": 54.0821113586
    },
    "pitch_salience": {
        "dmean": 0.0693426504731,
        "dmean2": 0.116167537868,
        "dvar": 0.00336298788898,
        "dvar2": 0.00913992524147,
        "max": 0.797533333302,
        "mean": 0.570839822292,
        "median": 0.572781145573,
        "min": 0.33252748847,
        "var": 0.00614302745089
    },
    "silence_rate_20dB": {
        "dmean": 0,
        "dmean2": 0,
        "dvar": 0,
        "dvar2": 0,
        "max": 1,
        "mean": 1,
        "median": 1,
        "min": 1,
        "var": 0
    },
    "silence_rate_30dB": {
        "dmean": 0,
        "dmean2": 0,
        "dvar": 0,
        "dvar2": 0,
        "max": 1,
        "mean": 1,
        "median": 1,
        "min": 1,
        "var": 0
    },
    "silence_rate_60dB": {
        "dmean": 0,
        "dmean2": 0,
        "dvar": 0,
        "dvar2": 0,
        "max": 0,
        "mean": 0,
        "median": 0,
        "min": 0,
        "var": 0
    },
    "spectral_centroid": {
        "dmean": 202.517105103,
        "dmean2": 311.215759277,
        "dvar": 29951.1699219,
        "dvar2": 72532.96875,
        "max": 2559.62866211,
        "mean": 1313.40991211,
        "median": 1286.59973145,
        "min": 514.645019531,
        "var": 141885.6875
    },
    "spectral_complexity": {
        "dmean": 3.56656336784,
        "dmean2": 5.87529039383,
        "dvar": 8.46847057343,
        "dvar2": 21.4429798126,
        "max": 48,
        "mean": 31.43542099,
        "median": 32,
        "min": 12,
        "var": 41.3440895081
    },
    "spectral_decrease": {
        "dmean": 3.17822013152e-09,
        "dmean2": 5.12164000099e-09,
        "dvar": 8.46736485723e-18,
        "dvar2": 2.29968436019e-17,
        "max": -3.87764842458e-09,
        "mean": -1.39062148463e-08,
        "median": -1.34130395679e-08,
        "min": -2.86329164823e-08,
        "var": 1.23445812455e-17
    },
    "spectral_energy": {
        "dmean": 0.012244575657,
        "dmean2": 0.019748441875,
        "dvar": 0.000124248545035,
        "dvar2": 0.000336463970598,
        "max": 0.110272981226,
        "mean": 0.0552283078432,
        "median": 0.0536150187254,
        "min": 0.0158170945942,
        "var": 0.000181293915375
    },
    "spectral_energyband_high": {
        "dmean": 0.000179771450348,
        "dmean2": 0.00028185226256,
        "dvar": 4.11074161377e-08,
        "dvar2": 9.27720691379e-08,
        "max": 0.00272597372532,
        "mean": 0.000672573805787,
        "median": 0.000613729818724,
        "min": 6.29539863439e-05,
        "var": 1.85398519648e-07
    },
    "spectral_energyband_low": {
        "dmean": 0.00863960478455,
        "dmean2": 0.0143215851858,
        "dvar": 0.000106418796349,
        "dvar2": 0.00029461554368,
        "max": 0.0879661291838,
        "mean": 0.0228416938335,
        "median": 0.020149173215,
        "min": 0.00334237911738,
        "var": 0.000131993700052
    },
    "spectral_energyband_middle_high": {
        "dmean": 0.00277980417013,
        "dmean2": 0.00433503743261,
        "dvar": 7.02930719854e-06,
        "dvar2": 1.77325673576e-05,
        "max": 0.0330253690481,
        "mean": 0.0108554745093,
        "median": 0.0100554684177,
        "min": 0.00306259631179,
        "var": 1.97295794351e-05
    },
    "spectral_energyband_middle_low": {
        "dmean": 0.00761562399566,
        "dmean2": 0.0119564309716,
        "dvar": 6.15696844761e-05,
        "dvar2": 0.000147880549775,
        "max": 0.0819707065821,
        "mean": 0.0224193260074,
        "median": 0.0200971271843,
        "min": 0.00519580533728,
        "var": 0.000100562727312
    },
    "spectral_entropy": {
        "dmean": 0.0861629322171,
        "dmean2": 0.134562626481,
        "dvar": 0.00538662495092,
        "dvar2": 0.0121466247365,
        "max": 8.10244178772,
        "mean": 7.60983514786,
        "median": 7.64107275009,
        "min": 6.94044923782,
        "var": 0.0282492469996
    },
    "spectral_flux": {
        "dmean": 0.0276011526585,
        "dmean2": 0.0446079745889,
        "dvar": 0.000683986290824,
        "dvar2": 0.00138798798434,
        "max": 0.277558475733,
        "mean": 0.114201769233,
        "median": 0.105097107589,
        "min": 0.0474820695817,
        "var": 0.00109629135113
    },
    "spectral_kurtosis": {
        "dmean": 1.50398826599,
        "dmean2": 2.5962471962,
        "dvar": 1.8190933466,
        "dvar2": 5.46326208115,
        "max": 15.1102352142,
        "mean": 3.95094799995,
        "median": 3.50327348709,
        "min": 0.197342157364,
        "var": 3.89201545715
    },
    "spectral_rms": {
        "dmean": 0.000803461007308,
        "dmean2": 0.00128699035849,
        "dvar": 4.88116768338e-07,
        "dvar2": 1.30987916691e-06,
        "max": 0.0103722410277,
        "mean": 0.00728747015819,
        "median": 0.00723238103092,
        "min": 0.00392827065662,
        "var": 7.73998408476e-07
    },
    "spectral_rolloff": {
        "dmean": 239.964706421,
        "dmean2": 410.097595215,
        "dvar": 64408.8359375,
        "dvar2": 158855.203125,
        "max": 2756.25,
        "mean": 1040.3034668,
        "median": 990.52734375,
        "min": 193.798828125,
        "var": 135173.296875
    },
    "spectral_skewness": {
        "dmean": 0.194250032306,
        "dmean2": 0.317131996155,
        "dvar": 0.02694042027,
        "dvar2": 0.0689185932279,
        "max": 2.98472285271,
        "mean": 1.34566676617,
        "median": 1.28083992004,
        "min": 0.595781028271,
        "var": 0.121268928051
    },
    "spectral_spread": {
        "dmean": 248005.84375,
        "dmean2": 372695,
        "dvar": 112148283392,
        "dvar2": 165336842240,
        "max": 11652963,
        "mean": 3456115.75,
        "median": 3417764.5,
        "min": 2340872.5,
        "var": 287155453952
    },
    "spectral_strongpeak": {
        "dmean": 0.464821219444,
        "dmean2": 0.85537904501,
        "dvar": 0.918159246445,
        "dvar2": 2.39302563667,
        "max": 7.57887649536,
        "mean": 0.534187495708,
        "median": 0.27772551775,
        "min": 0,
        "var": 0.827123999596
    },
    "zerocrossingrate": {
        "dmean": 0.00554040493444,
        "dmean2": 0.00707383733243,
        "dvar": 1.99361311388e-05,
        "dvar2": 3.46584856743e-05,
        "max": 0.0791015625,
        "mean": 0.0443289875984,
        "median": 0.0439453125,
        "min": 0.0146484375,
        "var": 0.000132160057547
    },
    "barkbands": {
        "dmean": [0.00172557961196, 0.0063163000159, 0.0024669712875, 0.00368870422244, 0.00336532318033, 0.00166181405075, 0.00156812602654, 0.00191695371177, 0.000560474465601, 0.000823389564175, 0.00109125883318, 0.00177918607369, 0.000289996823994, 0.000520228873938, 0.00032480925438, 0.000241083675064, 0.000315193872666, 0.000220767135033, 0.000311135663651, 0.000124618309201, 9.6971358289e-05, 4.45542536909e-05, 3.34568394464e-05, 1.15020266094e-05, 8.07564993011e-06, 5.29688168172e-06, 6.19939655166e-09],
        "dmean2": [0.00268373382278, 0.010434627533, 0.00452760746703, 0.00594767276198, 0.00583793967962, 0.00272715743631, 0.00241485168226, 0.00302983936854, 0.000870844174642, 0.0012846684549, 0.00165795860812, 0.00284336903132, 0.000482807372464, 0.000868563423865, 0.000544568349142, 0.000409682630561, 0.00054372329032, 0.000376353011234, 0.000497888948303, 0.000199139816687, 0.000157287096954, 7.2745635407e-05, 5.28280143044e-05, 1.79483340617e-05, 1.2460634025e-05, 8.42165081849e-06, 9.52970058421e-09],
        "dvar": [4.07023389926e-06, 5.76819984417e-05, 2.11929473153e-05, 3.03967080981e-05, 1.24799016703e-05, 3.38780841957e-06, 2.66201004706e-06, 4.44006536782e-06, 5.21371532614e-07, 9.76434989752e-07, 1.79198843853e-06, 5.35031176696e-06, 9.60973309816e-08, 3.90247322457e-07, 1.24350719943e-07, 5.77075631725e-08, 1.57291466962e-07, 6.49301412636e-08, 1.56988420486e-07, 1.99229646114e-08, 1.27225598945e-08, 2.89909718454e-09, 1.33661259838e-09, 1.91144114425e-10, 1.60641194791e-10, 1.53652229828e-10, 6.47474441277e-15],
        "dvar2": [9.93632875179e-06, 0.000160452662385, 6.13656375208e-05, 6.61139274598e-05, 3.49330584868e-05, 9.23546758713e-06, 6.03203488936e-06, 1.09302864075e-05, 1.1812513776e-06, 2.31594572142e-06, 3.8059599774e-06, 1.36820708576e-05, 2.60993232359e-07, 1.0047814385e-06, 3.60604531124e-07, 1.62869213227e-07, 4.61200983182e-07, 1.83112675245e-07, 3.97635290028e-07, 4.72120227357e-08, 3.20773914098e-08, 7.25580129313e-09, 3.23354498732e-09, 4.42169245662e-10, 3.81407405659e-10, 3.82129827781e-10, 6.75329670319e-15],
        "max": [0.020922511816, 0.074258312583, 0.0350144542754, 0.0389478318393, 0.0391855463386, 0.018127117306, 0.0189006906003, 0.0306653231382, 0.0127850957215, 0.0121276956052, 0.0168796051294, 0.0261776186526, 0.00291512673721, 0.00954516045749, 0.00369544629939, 0.00325987418182, 0.00446817371994, 0.00338417710736, 0.00484061380848, 0.00185010931455, 0.00160693877842, 0.000820216664579, 0.000469039659947, 0.00018181829364, 0.000180210903636, 0.000178525762749, 2.87470857074e-06],
        "mean": [0.00438138702884, 0.0142569961026, 0.00305472477339, 0.00367915490642, 0.00583022134379, 0.003503681859, 0.00383606064133, 0.00354929361492, 0.00119588128291, 0.00175087340176, 0.00207421113737, 0.00279194558971, 0.000531664467417, 0.000965500017628, 0.000586564594414, 0.000516599277034, 0.000640615995508, 0.000482577743242, 0.000745571043808, 0.000324470107444, 0.000263779336819, 0.000119484619063, 8.98409707588e-05, 3.13487398671e-05, 1.73047774297e-05, 8.58636940393e-06, 5.25003596152e-09],
        "median": [0.00406950991601, 0.0120164463297, 0.00193248945288, 0.0012236807961, 0.00485125277191, 0.00295688211918, 0.00309628085233, 0.00258555519395, 0.000796329521108, 0.00129053916316, 0.00125808012672, 0.00172634865157, 0.000425679812906, 0.00077930331463, 0.00044582184637, 0.00044548427104, 0.000514446699526, 0.000393457710743, 0.0005543588195, 0.00027938617859, 0.000226523115998, 0.000104365513835, 7.06990904291e-05, 2.32253878494e-05, 1.03380070868e-05, 3.33535967911e-06, 1.05681419171e-09],
        "min": [8.55661710375e-06, 0.000699377094861, 4.60828778159e-05, 1.08027143142e-05, 0.000197955669137, 0.000212808256038, 0.000100782126538, 8.55667894939e-05, 7.17157236068e-05, 5.76880120207e-05, 5.08413395437e-05, 6.72469031997e-05, 4.43134849775e-05, 3.10429240926e-05, 2.79083997157e-05, 5.56526720175e-05, 1.38384566526e-05, 3.16043442581e-05, 5.22986047145e-05, 2.17857905227e-05, 1.87417062989e-05, 6.11712266618e-06, 5.4174579418e-06, 1.71019075879e-06, 8.15641598706e-09, 1.74699632538e-09, 9.97662976537e-12],
        "var": [1.10364480861e-05, 0.000102304227767, 1.56818314281e-05, 3.46133638232e-05, 1.67195903487e-05, 5.89580258747e-06, 8.0811605585e-06, 1.01388050098e-05, 1.47837158693e-06, 2.50257949119e-06, 4.73118188893e-06, 9.69912071014e-06, 1.56132870188e-07, 6.31473938029e-07, 2.26301793305e-07, 1.05640715731e-07, 2.75327948884e-07, 1.32421760668e-07, 3.74826612415e-07, 5.868374231e-08, 3.62615466543e-08, 8.07326117069e-09, 4.9403312552e-09, 6.88070378452e-10, 3.52183365804e-10, 2.66387911729e-10, 6.44310900274e-15]
    },
    "erbbands": {
        "dmean": [0.330969154835, 1.04045057297, 2.45184469223, 7.7787270546, 11.1473808289, 11.9508209229, 13.3454170227, 13.7784233093, 19.068403244, 40.5818786621, 38.7450218201, 14.0771169662, 24.2249355316, 26.0764713287, 35.781463623, 89.4353866577, 14.4123888016, 28.3150539398, 16.7186107635, 14.746591568, 16.4805164337, 11.6427431107, 11.8845643997, 11.3282823563, 16.9916572571, 5.69946718216, 4.28617620468, 3.4443230629, 1.65293443203, 1.38457369804, 0.843752861023, 0.326201766729, 0.188920199871, 0.109898746014, 0.0520629882812, 0.0251476839185, 0.00935022905469, 0.00147909170482, 2.73269015452e-05, 1.3795992345e-05],
        "dmean2": [0.533561766148, 1.76865780354, 4.49008178711, 13.0537433624, 18.2416648865, 20.8082962036, 21.5902099609, 23.183927536, 29.6949863434, 66.0387496948, 58.4446296692, 21.8926448822, 37.6971969604, 40.2568244934, 54.6363334656, 142.817428589, 23.9317646027, 47.3862609863, 28.3492393494, 24.5878601074, 28.2079353333, 19.7485980988, 20.2071380615, 18.6023845673, 27.3629703522, 9.18333721161, 7.0066242218, 5.58463811874, 2.7161450386, 2.27856135368, 1.35395514965, 0.515924334526, 0.290415227413, 0.171029120684, 0.0805595293641, 0.0399119853973, 0.0144240688533, 0.00236379518174, 4.29895808338e-05, 2.22801772907e-05],
        "dvar": [0.14014030993, 2.2317802906, 21.3531265259, 112.22441864, 265.159454346, 158.030105591, 206.277664185, 256.209381104, 404.437316895, 2264.7890625, 2469.17285156, 356.229431152, 951.417785645, 909.563171387, 1603.69934082, 13609.3808594, 232.325897217, 1296.49523926, 377.255249023, 244.972854614, 316.351501465, 175.363830566, 168.565963745, 143.310028076, 509.483276367, 37.1959075928, 21.7512435913, 18.8302783966, 3.76332974434, 2.28702235222, 1.00782644749, 0.136917203665, 0.0576753132045, 0.0325951762497, 0.00605049030855, 0.00218274467625, 0.000547028204892, 2.56609837379e-05, 6.29042018474e-09, 1.63304467171e-10],
        "dvar2": [0.386151432991, 6.35561418533, 62.0301589966, 263.583984375, 658.381652832, 440.837341309, 504.194671631, 710.791809082, 876.709716797, 6029.42626953, 5514.9296875, 828.546569824, 2128.72558594, 2225.11181641, 3514.18359375, 34785.421875, 615.645751953, 3390.86401367, 1050.41442871, 661.519104004, 922.370849609, 513.933166504, 463.744049072, 380.822814941, 1352.04699707, 91.7962188721, 54.9128036499, 45.59973526, 9.439868927, 5.69906520844, 2.52483248711, 0.332457393408, 0.134710565209, 0.0817694887519, 0.0139192538336, 0.00564819667488, 0.00126076373272, 6.45656691631e-05, 1.55331854046e-08, 4.33777375131e-10],
        "max": [3.25790739059, 14.5590047836, 34.1793327332, 67.7400360107, 139.002059937, 134.327972412, 135.698303223, 148.360458374, 277.889343262, 535.127990723, 815.936340332, 360.743927002, 430.365325928, 400.52520752, 514.704650879, 1346.89453125, 175.594421387, 530.919799805, 236.617553711, 147.753829956, 194.819381714, 156.893783569, 188.599655151, 133.815292358, 320.903869629, 71.4322280884, 61.1654472351, 71.8736190796, 25.3299026489, 19.0902938843, 14.3973779678, 5.37983417511, 3.78511285782, 3.04196667671, 0.920264542103, 0.677984654903, 0.34272518754, 0.0765112563968, 0.00122228683904, 0.000140847056173],
        "mean": [0.722889840603, 2.02519583702, 3.24891018867, 8.58185863495, 14.8535318375, 19.8952732086, 24.5008678436, 27.1423053741, 45.80651474, 76.1234970093, 73.9714660645, 32.5022277832, 50.2528762817, 59.3993606567, 78.8199310303, 139.907089233, 33.6410522461, 51.4317359924, 34.1744194031, 27.6331291199, 35.3890914917, 27.7485980988, 28.7167053223, 28.1231880188, 38.4729423523, 16.3551616669, 11.5780935287, 9.14333438873, 4.53098583221, 3.56084513664, 2.17582607269, 0.923468053341, 0.467886537313, 0.23378418386, 0.0988983735442, 0.0443553738296, 0.0145293930545, 0.00157729547936, 5.75124031457e-05, 6.5210624598e-05],
        "median": [0.657189011574, 1.26880133152, 2.14191913605, 4.15739107132, 8.44670581818, 15.814409256, 18.5082321167, 22.0633201599, 36.3415336609, 54.2335929871, 52.1004333496, 24.2036838531, 36.9823913574, 45.5418395996, 56.9390220642, 87.078994751, 29.1257171631, 39.0515098572, 25.9983577728, 22.2977600098, 30.0131950378, 23.9945144653, 24.8852863312, 23.070936203, 28.479183197, 14.1735258102, 10.0083637238, 7.68686199188, 3.99471902847, 3.06204843521, 1.68047273159, 0.735095918179, 0.31313714385, 0.145005494356, 0.0583213493228, 0.021419711411, 0.00444517517462, 0.000210785176023, 3.60570265912e-05, 6.31557850284e-05],
        "min": [0.0227921474725, 0.122728802264, 0.241838976741, 0.197129130363, 0.40483880043, 0.584860980511, 0.770209848881, 2.21051073074, 1.38655912876, 5.17328119278, 2.78899407387, 1.93461716175, 3.92294502258, 3.25498461723, 6.46672058105, 4.47294092178, 3.73094964027, 5.01095104218, 3.27157354355, 2.72052264214, 4.66957426071, 1.53165495396, 2.36080646515, 2.11075329781, 2.53649878502, 1.2427393198, 0.917438626289, 0.51085460186, 0.174075365067, 0.15917648375, 0.10089816153, 0.0605503767729, 0.0100494679064, 0.00279125547968, 0.000178908550879, 4.70054728794e-05, 1.69065096998e-05, 4.35688161815e-06, 1.18352681966e-05, 2.05054129765e-05],
        "var": [0.206922531128, 4.02015018463, 15.293794632, 117.374725342, 308.48147583, 217.222900391, 397.370697021, 392.405822754, 1214.18518066, 4675.59716797, 5384.14306641, 893.699523926, 2115.70410156, 2324.34228516, 4042.48657227, 24520.6425781, 427.629058838, 2006.17541504, 762.63671875, 389.181182861, 572.263122559, 352.342376709, 394.97833252, 395.353515625, 1078.9609375, 126.063201904, 64.121673584, 53.1269950867, 10.852763176, 6.48611593246, 3.39064908028, 0.502842485905, 0.194622844458, 0.0619778260589, 0.013518688269, 0.00477941241115, 0.000976211857051, 2.58626478171e-05, 6.86131462757e-09, 2.41698522307e-10]
    },
    "gfcc": {
        "mean": [52.2775268555, 127.962608337, -137.409912109, 40.7933235168, -59.5898284912, 13.6590051651, -25.3021297455, 8.54197597504, -18.2172756195, 3.89105582237, -2.9321911335, 2.30405592918, -5.60956430435],
        "cov": [[414.567871094, -319.231445312, 103.934631348, 12.949256897, -20.4814491272, 29.7116909027, -64.5010681152, 47.7712669373, -84.4540252686, 50.7133750916, -97.7272415161, 40.9743423462, -73.195640564], [-319.231445312, 392.194610596, -118.721565247, 5.8199429512, 32.4118309021, -38.3995742798, 63.2503433228, -75.9705123901, 88.2762069702, -77.1008911133, 85.4280395508, -73.3393630981, 75.871887207], [103.934631348, -118.721565247, 291.260101318, -103.248947144, 24.7017402649, 34.4535484314, -61.054813385, 40.9500541687, -84.7440872192, 53.3390464783, -75.9013137817, 46.5794067383, -63.045841217], [12.949256897, 5.8199429512, -103.248947144, 153.766571045, -27.7168273926, -20.3418674469, 19.2758731842, -27.6912155151, 38.0842819214, -29.3966445923, 30.0966491699, -30.6817855835, 31.7880249023], [-20.4814491272, 32.4118309021, 24.7017402649, -27.7168273926, 87.2647628784, 21.7450237274, 5.65889072418, 2.24769115448, -3.05331134796, 3.69201517105, -13.4890842438, 0.745177209377, -12.0589561462], [29.7116909027, -38.3995742798, 34.4535484314, -20.3418674469, 21.7450237274, 62.1857032776, -2.55704712868, 15.5091457367, -22.2249145508, 3.8705368042, -10.0287046432, 5.69610977173, -5.90048074722], [-64.5010681152, 63.2503433228, -61.054813385, 19.2758731842, 5.65889072418, -2.55704712868, 67.2462234497, 4.33705663681, 35.6490020752, -16.4854736328, 25.9235858917, -6.32502126694, 22.2180366516], [47.7712669373, -75.9705123901, 40.9500541687, -27.6912155151, 2.24769115448, 15.5091457367, 4.33705663681, 69.4024429321, -1.39155054092, 25.0922832489, -21.2962398529, 20.5406475067, -13.3683605194], [-84.4540252686, 88.2762069702, -84.7440872192, 38.0842819214, -3.05331134796, -22.2249145508, 35.6490020752, -1.39155054092, 88.2711105347, -6.93099975586, 38.1525993347, -22.1740207672, 29.6854343414], [50.7133750916, -77.1008911133, 53.3390464783, -29.3966445923, 3.69201517105, 3.8705368042, -16.4854736328, 25.0922832489, -6.93099975586, 60.5717163086, -4.33228206635, 28.0831832886, -24.8387546539], [-97.7272415161, 85.4280395508, -75.9013137817, 30.0966491699, -13.4890842438, -10.0287046432, 25.9235858917, -21.2962398529, 38.1525993347, -4.33228206635, 81.2478713989, 2.6491689682, 34.7463798523], [40.9743423462, -73.3393630981, 46.5794067383, -30.6817855835, 0.745177209377, 5.69610977173, -6.32502126694, 20.5406475067, -22.1740207672, 28.0831832886, 2.6491689682, 65.886932373, -0.577134013176], [-73.195640564, 75.871887207, -63.045841217, 31.7880249023, -12.0589561462, -5.90048074722, 22.2180366516, -13.3683605194, 29.6854343414, -24.8387546539, 34.7463798523, -0.577134013176, 64.9962387085]],
        "icov": [[0.00771015975624, 0.00440874835476, 0.000618155114353, -0.00232707010582, 0.00042979567661, -0.00093502207892, 0.0011728068348, 0.000698082672898, 0.00101308489684, -0.000880434934516, 0.00460331887007, -0.000890772847924, 0.00174364133272], [0.00440874835476, 0.0220981389284, -0.00577546656132, 0.0104439882562, -0.00953145511448, 0.0102460170165, -0.00588086945936, 0.00981011241674, -0.00703172618523, 0.0132915209979, -0.0144711295143, 0.0188450720161, -0.0121566355228], [0.000618155114353, -0.00577546656132, 0.00962898414582, -0.00188795628492, 0.00264398497529, -0.00468853116035, 0.00462751416489, -0.00354357878678, 0.00499748671427, -0.00713836401701, 0.00916400458664, -0.008171251975, 0.00547361094505], [-0.00232707010582, 0.0104439882562, -0.00188795628492, 0.0173159856349, -0.00387261994183, 0.00690934807062, -0.0041342144832, 0.00697619188577, -0.0061408332549, 0.00918489601463, -0.0114960214123, 0.0137405432761, -0.00977306161076], [0.00042979567661, -0.00953145511448, 0.00264398497529, -0.00387261994183, 0.0193364918232, -0.0109658306465, 0.000326723209582, -0.000910353381187, 0.000551682373043, -0.00720214517787, 0.0118409618735, -0.0106472894549, 0.00893319863826], [-0.00093502207892, 0.0102460170165, -0.00468853116035, 0.00690934807062, -0.0109658306465, 0.0279534049332, -0.00460282620043, -0.00137538218405, 0.00333499372937, 0.00802347157151, -0.0132644074038, 0.0143576897681, -0.0103852339089], [0.0011728068348, -0.00588086945936, 0.00462751416489, -0.0041342144832, 0.000326723209582, -0.00460282620043, 0.026451036334, -0.00905087217689, -0.00326525093988, 0.00251722871326, 0.00207012449391, -0.00893079582602, 0.00470286142081], [0.000698082672898, 0.00981011241674, -0.00354357878678, 0.00697619188577, -0.000910353381187, -0.00137538218405, -0.00905087217689, 0.0289686322212, -0.00996334198862, -0.000605350825936, 0.00157552782912, 0.00326413591392, -0.00525030540302], [0.00101308489684, -0.00703172618523, 0.00499748671427, -0.0061408332549, 0.000551682373043, 0.00333499372937, -0.00326525093988, -0.00996334198862, 0.028633562848, -0.0128530533984, 0.0010666588787, 0.00270407437347, -0.001863667625], [-0.000880434934516, 0.0132915209979, -0.00713836401701, 0.00918489601463, -0.00720214517787, 0.00802347157151, 0.00251722871326, -0.000605350825936, -0.0128530533984, 0.0429878719151, -0.0193864665926, 0.00264307297766, 0.00316956057213], [0.00460331887007, -0.0144711295143, 0.00916400458664, -0.0114960214123, 0.0118409618735, -0.0132644074038, 0.00207012449391, 0.00157552782912, 0.0010666588787, -0.0193864665926, 0.0424395464361, -0.0231104381382, 0.00640831002966], [-0.000890772847924, 0.0188450720161, -0.008171251975, 0.0137405432761, -0.0106472894549, 0.0143576897681, -0.00893079582602, 0.00326413591392, 0.00270407437347, 0.00264307297766, -0.0231104381382, 0.0464071817696, -0.0220537502319], [0.00174364133272, -0.0121566355228, 0.00547361094505, -0.00977306161076, 0.00893319863826, -0.0103852339089, 0.00470286142081, -0.00525030540302, -0.001863667625, 0.00316956057213, 0.00640831002966, -0.0220537502319, 0.038096934557]]
    },
    "melbands": {
        "dmean": [0.0022158541251, 0.0011918831151, 0.00146527949255, 0.000735134934075, 0.000503571180161, 0.000325598550262, 0.000288836599793, 0.000421551347245, 0.000291466276394, 8.12718863017e-05, 0.000120704004075, 0.000104641920188, 0.000159654242452, 0.000202856594115, 0.000101525671198, 3.97152834921e-05, 5.37064443051e-05, 2.85285987047e-05, 1.91196741071e-05, 1.77783986146e-05, 2.32564871112e-05, 1.36139260576e-05, 1.41091595651e-05, 1.36689304782e-05, 9.5329087344e-06, 1.58804105013e-05, 7.93293747847e-06, 3.63829349226e-06, 2.89303102363e-06, 3.13092596116e-06, 1.98981319954e-06, 1.06480138129e-06, 9.24649214085e-07, 7.97142718056e-07, 4.85188479615e-07, 4.31351736552e-07, 1.84215139143e-07, 1.48263097799e-07, 1.40346728017e-07, 8.989315603e-08],
        "dmean2": [0.00360075291246, 0.00214072782546, 0.00241221557371, 0.00125127309002, 0.000828035583254, 0.000538712891284, 0.000446895865025, 0.000692981353495, 0.000438402086729, 0.000127405190142, 0.000187450728845, 0.000162039199495, 0.000242926180363, 0.000325293076457, 0.000162916738191, 6.65472616674e-05, 8.9842651505e-05, 4.83665135107e-05, 3.22565138049e-05, 2.97118713206e-05, 3.99414529966e-05, 2.32162983593e-05, 2.4328892323e-05, 2.37040840148e-05, 1.60216277436e-05, 2.5387686037e-05, 1.29901090986e-05, 5.99084523856e-06, 4.79963318867e-06, 5.20013782079e-06, 3.21412471749e-06, 1.77701076609e-06, 1.52973154854e-06, 1.31509568746e-06, 7.82148106282e-07, 7.05157162884e-07, 2.99241236235e-07, 2.35450642094e-07, 2.17815554038e-07, 1.45023875575e-07],
        "dvar": [6.56140764477e-06, 4.55373219665e-06, 4.05275523008e-06, 7.64188939684e-07, 2.59502826339e-07, 1.33938854674e-07, 8.7621188527e-08, 2.42352285795e-07, 1.40109591484e-07, 1.18436398466e-08, 2.32861996352e-08, 1.67704659049e-08, 3.86597100999e-08, 6.78099070228e-08, 1.76539636243e-08, 2.33349362055e-09, 4.16362677669e-09, 1.08979647528e-09, 4.50875448088e-10, 2.99447411312e-10, 7.60446483561e-10, 2.57149884719e-10, 3.16889375851e-10, 2.77068756827e-10, 1.08818641598e-10, 4.58173221585e-10, 1.05059135003e-10, 1.49081476331e-11, 1.02814597114e-11, 1.53051009366e-11, 6.71204888544e-12, 1.76155802185e-12, 1.16679430874e-12, 8.27520886017e-13, 3.33228101146e-13, 2.65294188527e-13, 4.98747331141e-14, 3.6028173717e-14, 3.2820517544e-14, 2.85045289239e-14],
        "dvar2": [1.80560000445e-05, 1.30760936372e-05, 9.19574449654e-06, 2.11946098716e-06, 6.5759672907e-07, 3.66963490706e-07, 1.91080729905e-07, 6.56954000533e-07, 3.10446722551e-07, 2.75409455242e-08, 5.19442657776e-08, 4.22057659932e-08, 8.31937612134e-08, 1.71873679733e-07, 4.58961295635e-08, 6.10962880288e-09, 1.09513234037e-08, 3.0405014062e-09, 1.26097277064e-09, 8.14272427263e-10, 2.20913243254e-09, 7.29910076824e-10, 9.76983605128e-10, 7.80125963828e-10, 2.98328611814e-10, 1.15434983794e-09, 2.65812649669e-10, 3.77723616274e-11, 2.65949658129e-11, 4.13173210922e-11, 1.5944431539e-11, 4.42545869742e-12, 3.15230589028e-12, 2.1002095462e-12, 8.30800380748e-13, 6.71799584278e-13, 1.29205646833e-13, 8.96088081124e-14, 7.75751262273e-14, 7.62125619233e-14],
        "max": [0.0232058186084, 0.0151519067585, 0.0142848724499, 0.0101338755339, 0.00433561438695, 0.00338298082352, 0.00405788142234, 0.00504210498184, 0.00627318257466, 0.00198903563432, 0.00214304286055, 0.00179413554724, 0.00247736298479, 0.00279094465077, 0.0016201880062, 0.000524614588358, 0.000933649716899, 0.000395239796489, 0.000221458481974, 0.00015745019482, 0.000299218518194, 0.000173249369254, 0.000287125323666, 0.000201329909032, 0.000106616971607, 0.000270074524451, 0.000136921400554, 4.60131523141e-05, 3.81953905162e-05, 5.21537367604e-05, 5.25312716491e-05, 1.91359104065e-05, 1.23923091451e-05, 1.2150276234e-05, 8.69600353326e-06, 7.56670806368e-06, 3.1007882626e-06, 2.84657812699e-06, 1.88347041785e-06, 3.24487041325e-06],
        "mean": [0.00529761612415, 0.0019624249544, 0.00170857796911, 0.00122263038065, 0.000906907487661, 0.000657047552522, 0.000724914309103, 0.000791456375737, 0.000548817100935, 0.000178118105396, 0.000245699979132, 0.000227690688916, 0.000301760766888, 0.000325141911162, 0.000171643565409, 7.16467620805e-05, 9.38952507568e-05, 5.55377919227e-05, 3.44510153809e-05, 3.56536693289e-05, 4.50415464002e-05, 2.88803785224e-05, 2.7853591746e-05, 2.66989591182e-05, 2.02186020033e-05, 3.33995158144e-05, 1.77407073352e-05, 9.18578825804e-06, 7.01208773535e-06, 6.99180463926e-06, 4.71787006973e-06, 2.48541755354e-06, 2.27221539717e-06, 1.82445160135e-06, 1.1669652622e-06, 1.00800957625e-06, 4.28049105494e-07, 3.16790220722e-07, 3.02411137909e-07, 1.58368891334e-07],
        "median": [0.00472149811685, 0.00136340537574, 0.000869907380547, 0.000972903391812, 0.000723740551621, 0.000536570325494, 0.000598365673795, 0.000584537105169, 0.000383677252103, 0.000126006169012, 0.000180874674697, 0.000172380838194, 0.00018071087834, 0.0002058143873, 0.000113083755423, 5.30051220267e-05, 7.29501771275e-05, 4.13296365878e-05, 2.74653903034e-05, 3.05082576233e-05, 3.56512100552e-05, 2.3758280804e-05, 2.24457835429e-05, 2.10202742892e-05, 1.61050429597e-05, 2.26739994105e-05, 1.39208477776e-05, 7.91918046161e-06, 5.94129733145e-06, 5.62095647183e-06, 3.79818175134e-06, 2.0880268039e-06, 1.93946721083e-06, 1.4663193042e-06, 8.87547287221e-07, 7.53090660055e-07, 3.20290325817e-07, 2.09094352499e-07, 1.94121582808e-07, 8.48297858624e-08],
        "min": [0.000220106783672, 0.000129162755911, 4.08752493968e-05, 2.54748629231e-05, 1.54845856741e-05, 3.95484385081e-05, 2.02933879336e-05, 3.51188136847e-05, 1.5219137822e-05, 1.09189877548e-05, 1.04609180198e-05, 7.28062150301e-06, 9.83374593488e-06, 1.19488886412e-05, 8.14858140075e-06, 5.20325011166e-06, 2.84442944576e-06, 4.25303187512e-06, 2.35321522268e-06, 2.33560422203e-06, 5.22310574524e-06, 6.79539425619e-07, 1.53238511302e-06, 1.58521845606e-06, 1.15063687645e-06, 1.9212557163e-06, 1.3911849237e-06, 5.10567190304e-07, 3.01791686752e-07, 4.77010132727e-07, 1.28004444377e-07, 2.20778701987e-08, 9.97810261083e-08, 7.07148331003e-08, 1.41883536031e-08, 4.57709106172e-08, 1.39279761058e-08, 3.48132100925e-09, 2.72539679713e-09, 3.09574033075e-11],
