{
"highlevel": {
    "danceability": {
        "all": {
            "danceable": 0.150475904346,
            "not_danceable": 0.849524080753
        },
        "probability": 0.849524080753,
        "value": "not_danceable"
    },
    "gender": {
        "all": {
            "female": 0.381769180298,
            "male": 0.618230819702
        },
        "probability": 0.618230819702,
        "value": "male"
    },
    "genre_dortmund": {
        "all": {
            "alternative": 0.149488791823,
            "blues": 0.0312890484929,
            "electronic": 0.0102061228827,
            "folkcountry": 0.0798547416925,
            "funksoulrnb": 0.0029336954467,
            "jazz": 0.0172547977418,
            "pop": 0.0591916665435,
            "raphiphop": 0.00154704786837,
            "rock": 0.648234069347
        },
        "probability": 0.648234069347,
        "value": "rock"
    },
    "genre_electronic": {
        "all": {
            "ambient": 0.198527306318,
            "dnb": 0.116049200296,
            "house": 0.0767880305648,
            "techno": 0.0372672080994,
            "trance": 0.571368277073
        },
        "probability": 0.571368277073,
        "value": "trance"
    },
    "genre_rosamerica": {
        "all": {
            "cla": 0.000624712614808,
            "dan": 0.111023619771,
            "hip": 0.00311250775121,
            "jaz": 0.00195737578906,
            "pop": 0.062650449574,
            "rhy": 0.00468049151823,
            "roc": 0.815190136433,
            "spe": 0.000760732858907
        },
        "probability": 0.815190136433,
        "value": "roc"
    },
    "genre_tzanetakis": {
        "all": {
            "blu": 0.0626613423228,
            "cla": 0.0348169617355,
            "cou": 0.104475811124,
            "dis": 0.0784321576357,
            "hip": 0.15692435205,
            "jaz": 0.313974827528,
            "met": 0.0448166541755,
            "pop": 0.0627359300852,
            "reg": 0.0627360641956,
            "roc": 0.0784258767962
        },
        "probability": 0.313974827528,
        "value": "jaz"
    },
    "ismir04_rhythm": {
        "all": {
            "ChaChaCha": 0.933252871037,
            "Jive": 0.0153257958591,
            "Quickstep": 0.00775112910196,
            "Rumba-American": 0.0123928226531,
            "Rumba-International": 0.00624461937696,
            "Rumba-Misc": 0.000877969898283,
            "Samba": 0.0180525723845,
            "Tango": 0.00256764516234,
            "VienneseWaltz": 0.00253918441013,
            "Waltz": 0.000995395239443
        },
        "probability": 0.933252871037,
        "value": "ChaChaCha"
    },
    "mood_acoustic": {
        "all": {
            "acoustic": 0.071359179914,
            "not_acoustic": 0.928640842438
        },
        "probability": 0.928640842438,
        "value": "not_acoustic"
    },
    "mood_aggressive": {
        "all": {
            "aggressive": 0.74103808403,
            "not_aggressive": 0.25896191597
        },
        "probability": 0.74103808403,
        "value": "aggressive"
    },
    "mood_electronic": {
        "all": {
            "electronic": 0.102547287941,
            "not_electronic": 0.897452712059
        },
        "probability": 0.897452712059,
        "value": "not_electronic"
    },
    "mood_happy": {
        "all": {
            "happy": 0.61471003294,
            "not_happy": 0.385289996862
        },
        "probability": 0.61471003294,
        "value": "happy"
    },
    "mood_party": {
        "all": {
            "not_party": 0.436269104481,
            "party": 0.563730895519
        },
        "probability": 0.563730895519,
        "value": "party"
    },
    "mood_relaxed": {
        "all": {
            "not_relaxed": 0.969592630863,
            "relaxed": 0.0304073821753
        },
        "probability": 0.969592630863,
        "value": "not_relaxed"
    },
    "mood_sad": {
        "all": {
            "not_sad": 0.570727467537,
            "sad": 0.429272532463
        },
        "probability": 0.570727467537,
        "value": "not_sad"
    },
    "moods_mirex": {
        "all": {
            "Cluster1": 0.578138172626,
            "Cluster2": 0.13650880754,
            "Cluster3": 0.0643768459558,
            "Cluster4": 0.118864841759,
            "Cluster5": 0.102111317217
        },
        "probability": 0.578138172626,
        "value": "Cluster1"
    },
    "timbre": {
        "all": {
            "bright": 0.992992401123,
            "dark": 0.00700759561732
        },
        "probability": 0.992992401123,
        "value": "bright"
    },
    "tonal_atonal": {
        "all": {
            "atonal": 0.00738130416721,
            "tonal": 0.99261868
        },
        "probability": 0.99261868,
        "value": "tonal"
    },
    "voice_instrumental": {
        "all": {
            "instrumental": 0.00688766222447,
            "voice": 0.993112325668
        },
        "probability": 0.993112325668,
        "value": "voice"
    }
},
"lowlevel": {
    "average_loudness": 0.982974231243,
    "barkbands_crest": {
        "dmean": 2.14530181885,
        "dmean2": 3.48591899872,
        "dvar": 4.23794174194,
        "dvar2": 11.5565443039,
        "max": 23.9562683105,
        "mean": 10.4532852173,
        "median": 9.91809844971,
        "min": 3.80452156067,
        "var": 10.5601673126
    },
    "barkbands_flatness_db": {
        "dmean": 0.0185644589365,
        "dmean2": 0.0301906690001,
        "dvar": 0.000324073014781,
        "dvar2": 0.00087341357721,
        "max": 0.300095945597,
        "mean": 0.134388446808,
        "median": 0.132397577167,
        "min": 0.0512271262705,
        "var": 0.000880424224306
    },
    "barkbands_kurtosis": {
        "dmean": 2.61386990547,
        "dmean2": 4.28640699387,
        "dvar": 18.5628471375,
        "dvar2": 49.7937011719,
        "max": 54.8104858398,
        "mean": 3.47358608246,
        "median": 2.07300949097,
        "min": -1.74993288517,
        "var": 24.3910522461
    },
    "barkbands_skewness": {
        "dmean": 0.536515772343,
        "dmean2": 0.826294898987,
        "dvar": 0.360397219658,
        "dvar2": 0.881070256233,
        "max": 6.88747596741,
        "mean": 1.73811411858,
        "median": 1.64690577984,
        "min": -1.89831495285,
        "var": 0.955311715603
    },
    "barkbands_spread": {
        "dmean": 6.71646595001,
        "dmean2": 9.84877872467,
        "dvar": 45.4020423889,
        "dvar2": 94.0988845825,
        "max": 96.9578933716,
        "mean": 28.998960495,
        "median": 26.8810520172,
        "min": 2.63466715813,
        "var": 178.726150513
    },
    "dissonance": {
        "dmean": 0.0151572655886,
        "dmean2": 0.0252801664174,
        "dvar": 0.000293366232654,
        "dvar2": 0.000810547440778,
        "max": 0.499866306782,
        "mean": 0.471130847931,
        "median": 0.478636771441,
        "min": 0.288319021463,
        "var": 0.000640388636384
    },
    "dynamic_complexity": 1.34540700912,
    "erbbands_crest": {
        "dmean": 2.57244277,
        "dmean2": 4.04946327209,
        "dvar": 6.76548433304,
        "dvar2": 16.5181541443,
        "max": 27.3852806091,
        "mean": 8.01957702637,
        "median": 6.6968164444,
        "min": 2.26281404495,
        "var": 20.7356491089
    },
    "erbbands_flatness_db": {
        "dmean": 0.0148834371939,
        "dmean2": 0.0214233063161,
        "dvar": 0.000242757698288,
        "dvar2": 0.00044988389709,
        "max": 0.265723496675,
        "mean": 0.121256418526,
        "median": 0.110255673528,
        "min": 0.0567433722317,
        "var": 0.00158153346274
    },
    "erbbands_kurtosis": {
        "dmean": 0.742967367172,
        "dmean2": 1.15819275379,
        "dvar": 1.30681991577,
        "dvar2": 2.94621515274,
        "max": 15.6288337708,
        "mean": 0.0599948987365,
        "median": -0.502537965775,
        "min": -1.62221848965,
        "var": 2.84183812141
    },
    "erbbands_skewness": {
        "dmean": 0.313207387924,
        "dmean2": 0.468478024006,
        "dvar": 0.10038908571,
        "dvar2": 0.199404388666,
        "max": 2.88148832321,
        "mean": 0.0121128065512,
        "median": -0.0308837629855,
        "min": -3.22499012947,
        "var": 0.517134189606
    },
    "erbbands_spread": {
        "dmean": 9.59667778015,
        "dmean2": 14.6454210281,
        "dvar": 84.5768890381,
        "dvar2": 179.734817505,
        "max": 131.241226196,
        "mean": 50.8777122498,
        "median": 52.0407371521,
        "min": 8.94864654541,
        "var": 391.258880615
    },
    "hfc": {
        "dmean": 8.3180770874,
        "dmean2": 12.3276634216,
        "dvar": 82.5931930542,
        "dvar2": 183.361724854,
        "max": 107.644775391,
        "mean": 32.8332023621,
        "median": 30.5548973083,
        "min": 0.341368317604,
        "var": 296.13949585
    },
    "melbands_crest": {
        "dmean": 2.47887945175,
        "dmean2": 4.10336875916,
        "dvar": 6.07590484619,
        "dvar2": 15.854139328,
        "max": 29.8516044617,
        "mean": 14.9217967987,
        "median": 14.5634794235,
        "min": 6.0186548233,
        "var": 14.3937368393
    },
    "melbands_flatness_db": {
        "dmean": 0.0225397218019,
        "dmean2": 0.0352716781199,
        "dvar": 0.00056113867322,
        "dvar2": 0.00146242580377,
        "max": 0.418308258057,
        "mean": 0.188356384635,
        "median": 0.18567456305,
        "min": 0.0366246290505,
        "var": 0.00152419472579
    },
    "melbands_kurtosis": {
        "dmean": 9.20232963562,
        "dmean2": 15.1533498764,
        "dvar": 217.759872437,
        "dvar2": 571.280761719,
        "max": 207.29083252,
        "mean": 18.8177165985,
        "median": 13.6804866791,
        "min": -1.55285406113,
        "var": 337.659423828
    },
    "melbands_skewness": {
        "dmean": 0.874608635902,
        "dmean2": 1.36512005329,
        "dvar": 0.984426498413,
        "dvar2": 2.35375952721,
        "max": 11.8970861435,
        "mean": 3.50885391235,
        "median": 3.44145059586,
        "min": -0.67329865694,
        "var": 3.10231757164
    },
    "melbands_spread": {
        "dmean": 6.53336954117,
        "dmean2": 9.84063816071,
        "dvar": 94.0464248657,
        "dvar2": 184.694320679,
        "max": 208.707504272,
        "mean": 22.3325233459,
        "median": 19.820520401,
        "min": 2.00467467308,
        "var": 240.689849854
    },
    "pitch_salience": {
        "dmean": 0.0624159760773,
        "dmean2": 0.102556996047,
        "dvar": 0.00340524432249,
        "dvar2": 0.00885140616447,
        "max": 0.827069401741,
        "mean": 0.523036658764,
        "median": 0.526356101036,
        "min": 0.25766402483,
        "var": 0.00783577281982
    },
    "silence_rate_20dB": {
        "dmean": 0,
        "dmean2": 0,
        "dvar": 0,
        "dvar2": 0,
        "max": 1,
        "mean": 1,
        "median": 1,
        "min": 1,
        "var": 0
    },
    "silence_rate_30dB": {
        "dmean": 0.0526315793395,
        "dmean2": 0.105344690382,
        "dvar": 0.0498610287905,
        "dvar2": 0.136074587703,
        "max": 1,
        "mean": 0.968290805817,
        "median": 1,
        "min": 0,
        "var": 0.0307037904859
    },
    "silence_rate_60dB": {
        "dmean": 0.00464396271855,
        "dmean2": 0.00929511990398,
        "dvar": 0.00462230714038,
        "dvar2": 0.00920898560435,
        "max": 1,
        "mean": 0.00696055684239,
        "median": 0,
        "min": 0,
        "var": 0.00691226078197
    },
    "spectral_centroid": {
        "dmean": 281.811035156,
        "dmean2": 432.579406738,
        "dvar": 76392.6328125,
        "dvar2": 159127.765625,
        "max": 5530.62744141,
        "mean": 1698.15002441,
        "median": 1621.9005127,
        "min": 317.214813232,
        "var": 290526.6875
    },
    "spectral_complexity": {
        "dmean": 4.89241504669,
        "dmean2": 7.5739736557,
        "dvar": 23.8916511536,
        "dvar2": 51.9719085693,
        "max": 55,
        "mean": 27.5398292542,
        "median": 28,
        "min": 1,
        "var": 84.0952606201
    },
    "spectral_decrease": {
        "dmean": 4.70276972919e-09,
        "dmean2": 7.96088706068e-09,
        "dvar": 6.88576707101e-17,
        "dvar2": 1.8485934238e-16,
        "max": -1.9004543772e-10,
        "mean": -1.19378462671e-08,
        "median": -1.08002495836e-08,
        "min": -6.10768395859e-08,
        "var": 5.58256982397e-17
    },
    "spectral_energy": {
        "dmean": 0.0182373803109,
        "dmean2": 0.0307722520083,
        "dvar": 0.00101145007648,
        "dvar2": 0.00271289795637,
        "max": 0.234337598085,
        "mean": 0.0480342842638,
        "median": 0.0436244681478,
        "min": 0.000808641023468,
        "var": 0.000833741680253
    },
    "spectral_energyband_high": {
        "dmean": 0.000568648625631,
        "dmean2": 0.000817672873382,
        "dvar": 5.88703926496e-07,
        "dvar2": 1.09498216716e-06,
        "max": 0.0103190708905,
        "mean": 0.00188320863526,
        "median": 0.00143480952829,
        "min": 3.99273221774e-06,
        "var": 2.62244452642e-06
    },
    "spectral_energyband_low": {
        "dmean": 0.0133359916508,
        "dmean2": 0.0233845505863,
        "dvar": 0.000718952680472,
        "dvar2": 0.0019911644049,
        "max": 0.201061874628,
        "mean": 0.0271256193519,
        "median": 0.0236294660717,
        "min": 3.76606330974e-05,
        "var": 0.000540360982995
    },
    "spectral_energyband_middle_high": {
        "dmean": 0.00260990136303,
        "dmean2": 0.00403610616922,
        "dvar": 1.09433958642e-05,
        "dvar2": 2.56049042946e-05,
        "max": 0.0531427003443,
        "mean": 0.00760313356295,
        "median": 0.00588811095804,
        "min": 1.27321236505e-05,
        "var": 3.72621943825e-05
    },
    "spectral_energyband_middle_low": {
        "dmean": 0.00698951724917,
        "dmean2": 0.0113517800346,
        "dvar": 0.000119295233162,
        "dvar2": 0.000306852249196,
        "max": 0.110060229897,
        "mean": 0.014432426542,
        "median": 0.0118382414803,
        "min": 7.98206747277e-05,
        "var": 0.000129426523927
    },
    "spectral_entropy": {
        "dmean": 0.111395798624,
        "dmean2": 0.16457298398,
        "dvar": 0.0116852596402,
        "dvar2": 0.023330135271,
        "max": 8.75728988647,
        "mean": 7.8437037468,
        "median": 7.85878038406,
        "min": 6.70117902756,
        "var": 0.0753414183855
    },
    "spectral_flux": {
        "dmean": 0.0347903966904,
        "dmean2": 0.0536049753428,
        "dvar": 0.00244560651481,
        "dvar2": 0.00467645889148,
        "max": 0.426871925592,
        "mean": 0.107426524162,
        "median": 0.0894933715463,
        "min": 0.0119734704494,
        "var": 0.00382740003988
    },
    "spectral_kurtosis": {
        "dmean": 0.737688183784,
        "dmean2": 1.22861158848,
        "dvar": 0.84400498867,
        "dvar2": 2.4132874012,
        "max": 13.2948703766,
        "mean": 2.61477088928,
        "median": 2.42592191696,
        "min": -0.993712186813,
        "var": 1.67765617371
    },
    "spectral_rms": {
        "dmean": 0.00115669390652,
        "dmean2": 0.00186439021491,
        "dvar": 2.84749899038e-06,
        "dvar2": 7.21822607375e-06,
        "max": 0.0151202529669,
        "mean": 0.00659413076937,
        "median": 0.00652383733541,
        "min": 0.000888210604899,
        "var": 3.38015615853e-06
    },
    "spectral_rolloff": {
        "dmean": 507.064483643,
        "dmean2": 802.116271973,
        "dvar": 582211.25,
        "dvar2": 1106305.625,
        "max": 11154.1992188,
        "mean": 1292.67443848,
        "median": 990.52734375,
        "min": 107.666015625,
        "var": 1583777.625
    },
    "spectral_skewness": {
        "dmean": 0.144748955965,
        "dmean2": 0.233488470316,
        "dvar": 0.023163381964,
        "dvar2": 0.0580865703523,
        "max": 2.71088790894,
        "mean": 1.17332601547,
        "median": 1.16342866421,
        "min": 0.126287326217,
        "var": 0.0701914206147
    },
    "spectral_spread": {
        "dmean": 454984.21875,
        "dmean2": 657975.3125,
        "dvar": 259239149568,
        "dvar2": 449461649408,
        "max": 14164119,
        "mean": 5169068,
        "median": 5095713.5,
        "min": 2260084.75,
        "var": 1.28918106931e+12
    },
    "spectral_strongpeak": {
        "dmean": 0.493758350611,
        "dmean2": 0.858809769154,
        "dvar": 0.855286121368,
        "dvar2": 2.12145376205,
        "max": 7.98429870605,
        "mean": 0.803817510605,
        "median": 0.455731093884,
        "min": 0,
        "var": 1.22162270546
    },
    "zerocrossingrate": {
        "dmean": 0.0102520165965,
        "dmean2": 0.0123348692432,
        "dvar": 0.000135627022246,
        "dvar2": 0.000157905262313,
        "max": 0.36669921875,
        "mean": 0.0640966370702,
        "median": 0.05859375,
        "min": 0.01171875,
        "var": 0.000851091346703
    },
    "barkbands": {
        "dmean": [0.000652871152852, 0.00764993671328, 0.00572413904592, 0.00359696615487, 0.00242279446684, 0.000739059294574, 0.000635967240669, 0.000835091457702, 0.00114921783097, 0.00108781340532, 0.000839868560433, 0.000377903750632, 0.000463812611997, 0.000336407945724, 0.000323578540701, 0.000260677363258, 0.00022597212228, 0.000159993491252, 0.000304824352497, 0.00032033707248, 0.000158716138685, 0.000134116431582, 0.000109360495117, 9.39337915042e-05, 9.96149174171e-05, 8.04438459454e-05, 8.81691164523e-09],
        "dmean2": [0.00108949106652, 0.0133932279423, 0.0103785889223, 0.00603411439806, 0.00414384203032, 0.00116931879893, 0.00100712210406, 0.00129035999998, 0.00177703297231, 0.00167706585489, 0.00132474175189, 0.000614668126218, 0.000751243438572, 0.000553301244508, 0.000533857382834, 0.000418353505665, 0.000365248444723, 0.000274550664471, 0.000485670869239, 0.000514496059623, 0.000256030325545, 0.000217331238673, 0.00016324785247, 0.000133467823616, 0.00014387354895, 0.000118759497127, 1.46036542858e-08],
        "dvar": [1.9495109882e-06, 0.000231218917179, 0.000154011300765, 4.64978802484e-05, 2.02265000553e-05, 1.61403261245e-06, 2.07427297028e-06, 4.0721570258e-06, 6.13289967077e-06, 6.50238189337e-06, 5.0124954214e-06, 6.31976774912e-07, 7.42645340779e-07, 4.46039365443e-07, 4.34608949718e-07, 4.16955316496e-07, 1.74259810137e-07, 4.27157473837e-08, 1.12248763173e-07, 2.45196588367e-07, 3.66293981813e-08, 2.75875926548e-08, 2.71524172035e-08, 3.02371105931e-08, 4.08531626306e-08, 2.72795102063e-08, 9.68869319354e-15],
        "dvar2": [4.82176392325e-06, 0.000653885188513, 0.000437705864897, 0.000123367863125, 5.40507862752e-05, 3.93524123865e-06, 5.17800617672e-06, 9.56148232945e-06, 1.35673135446e-05, 1.47698146975e-05, 1.23726040329e-05, 1.67423138464e-06, 1.86194483831e-06, 1.19263643228e-06, 1.0312211316e-06, 9.55833343141e-07, 4.2458773919e-07, 1.15073525819e-07, 2.89290852606e-07, 5.596423307e-07, 9.07558828089e-08, 6.66649171421e-08, 5.86753863274e-08, 5.65984699108e-08, 7.77194841817e-08, 6.1225897241e-08, 1.724723405e-14],
        "max": [0.0107675530016, 0.126226842403, 0.0858254656196, 0.0634374320507, 0.042209431529, 0.0147757371888, 0.0198314450681, 0.0221409182996, 0.0407171733677, 0.0454938039184, 0.0308995470405, 0.0108700832352, 0.0112776141614, 0.01102075167, 0.0107534406707, 0.0128021454439, 0.00724246632308, 0.00180200871546, 0.00454617012292, 0.0101354848593, 0.00211316742934, 0.00185022281948, 0.0025586693082, 0.0033395041246, 0.00503793405369, 0.00232272595167, 2.72773604593e-06],
        "mean": [0.000569615571294, 0.0152716068551, 0.00851161964238, 0.00551370019093, 0.00346868531778, 0.00114365993068, 0.000940221303608, 0.00113431806676, 0.00182031549048, 0.0017247920623, 0.00132202636451, 0.000574144825805, 0.000753497995902, 0.000538502295967, 0.000520145171322, 0.000409826549003, 0.000431566935731, 0.000302877044305, 0.000747909653001, 0.00073579873424, 0.000399497715989, 0.000346164946677, 0.000279525615042, 0.000232656064327, 0.000208377052331, 0.000133255613036, 6.41863984185e-09],
        "median": [9.65075669228e-05, 0.0134360920638, 0.00547669827938, 0.00369030679576, 0.00242116884328, 0.00054996390827, 0.000361168436939, 0.000375786126824, 0.000375516479835, 0.000444926088676, 0.000291477277642, 0.000279525993392, 0.000378038326744, 0.000256748200627, 0.000310862727929, 0.00024300039513, 0.000281696440652, 0.000254504004261, 0.000617173907813, 0.000456209265394, 0.000324947846821, 0.000269002834102, 0.00018058247224, 0.000134354762849, 0.000108839623863, 5.05108837388e-05, 6.82548018105e-10],
        "min": [1.0057306099e-07, 4.94157529829e-06, 1.60777608471e-06, 7.48442630538e-07, 9.24242249312e-06, 4.51519099443e-06, 4.78038941765e-07, 3.0521523513e-06, 8.04724322734e-07, 1.38049983889e-06, 4.39435240196e-07, 2.56446611502e-07, 5.49222988866e-07, 3.0747955293e-07, 8.00845668891e-07, 1.3190633581e-06, 1.04466778339e-06, 1.08858193926e-06, 1.79816822765e-06, 1.1205638657e-06, 1.36917742566e-06, 4.14516478031e-07, 3.42300353395e-07, 1.11856493845e-07, 2.06732284624e-08, 6.96718793769e-10, 1.3432387147e-11],
        "var": [1.70780435838e-06, 0.000194110019947, 0.000111224850116, 4.42875862063e-05, 1.89391503227e-05, 2.90461071017e-06, 3.25975543092e-06, 5.93080312683e-06, 1.2525094462e-05, 1.51162803377e-05, 1.17679219329e-05, 9.12387463359e-07, 1.18084574297e-06, 8.38925188873e-07, 7.16696661129e-07, 5.91060370425e-07, 3.71933765564e-07, 5.77202072805e-08, 2.82457392586e-07, 8.31879219731e-07, 9.58831876119e-08, 8.00924837563e-08, 9.56671399877e-08, 1.03376478933e-07, 1.05947563611e-07, 4.47560175587e-08, 7.89886853028e-15]
    },
    "erbbands": {
        "dmean": [0.172035560012, 1.95208311081, 6.299015522, 8.91807365417, 12.4712514877, 6.70411729813, 5.19516420364, 6.96819734573, 8.2099237442, 10.5702943802, 21.4919071198, 31.3432273865, 20.0118923187, 41.1190376282, 27.6243476868, 15.774315834, 19.720495224, 17.0487213135, 19.4255218506, 12.1763839722, 12.2193346024, 9.96493530273, 7.97717905045, 11.1883430481, 17.6253833771, 14.3803529739, 7.39908075333, 6.06064605713, 5.15850448608, 3.63052606583, 3.18682909012, 2.11521530151, 1.71691095829, 1.31628489494, 0.652408003807, 0.529574394226, 0.107022948563, 0.00710364524275, 0.000143238212331, 2.58874661085e-05],
        "dmean2": [0.299749583006, 3.42138981819, 11.4717445374, 15.2458381653, 20.7814178467, 11.4308795929, 8.31510734558, 11.3074598312, 13.181558609, 16.5149917603, 32.8616981506, 47.8956298828, 30.7397766113, 63.5084533691, 44.8143043518, 24.9660758972, 31.7471885681, 27.8609428406, 31.9600391388, 19.7854576111, 19.5385398865, 16.4164047241, 13.6692743301, 18.4685211182, 27.9800777435, 23.2676124573, 12.3993206024, 9.78462600708, 8.42913341522, 5.59434509277, 4.78366041183, 3.11086964607, 2.51033067703, 1.88302373886, 0.96140897274, 0.798579990864, 0.158561125398, 0.0111306076869, 0.000215361549635, 4.0953320422e-05],
        "dvar": [0.117086604238, 14.597782135, 185.281066895, 297.068511963, 654.395202637, 107.953392029, 109.837921143, 146.725311279, 262.647369385, 745.029418945, 2911.546875, 4673.61962891, 2857.19995117, 8778.78515625, 4155.91503906, 764.082092285, 1296.06884766, 1224.35241699, 1883.1875, 785.270202637, 864.804382324, 240.570510864, 108.686981201, 152.75692749, 424.776367188, 527.22253418, 86.2481994629, 55.9453125, 43.537563324, 24.0061683655, 25.0540885925, 10.0808925629, 12.5985832214, 7.57668590546, 1.40589678288, 1.43382620811, 0.0339311361313, 0.00017293226847, 6.08162977755e-08, 1.42321721075e-09],
        "dvar2": [0.323226004839, 41.6144256592, 526.634094238, 824.734436035, 1723.0267334, 289.444702148, 246.569229126, 384.922943115, 656.84954834, 1868.95800781, 6791.86376953, 10750.875, 7631.72753906, 18899.9003906, 9929.16210938, 1860.35961914, 3274.52783203, 3313.20483398, 4654.05273438, 1955.30688477, 1957.90942383, 581.54876709, 280.039337158, 386.657958984, 1087.53771973, 1194.17089844, 220.968841553, 136.243118286, 107.594963074, 55.1938667297, 56.2024765015, 19.5331516266, 23.0212860107, 14.0994358063, 2.86253714561, 3.29555344582, 0.0744647085667, 0.000391583162127, 1.32053557422e-07, 3.64220009708e-09],
        "max": [2.74901413918, 33.132396698, 93.9702072144, 160.507553101, 266.878234863, 116.537620544, 162.703277588, 147.498825073, 242.052658081, 604.00982666, 851.928955078, 1117.1217041, 952.927734375, 1668.17346191, 1009.94403076, 482.547515869, 503.672302246, 651.52355957, 897.186340332, 565.043029785, 762.41809082, 298.71496582, 101.827011108, 157.024276733, 302.455566406, 447.853637695, 106.080284119, 79.437713623, 83.0741577148, 57.6043701172, 82.7739868164, 47.8309059143, 74.903968811, 65.0078430176, 26.9581947327, 19.2277774811, 2.216132164, 0.204696685076, 0.00361339468509, 0.000276270584436],
        "mean": [0.325560182333, 3.82038617134, 9.49846839905, 15.5601968765, 16.4529571533, 9.55051898956, 8.16767024994, 10.3761453629, 12.8301353455, 15.9268293381, 30.1447792053, 50.6024475098, 33.6622123718, 67.7832565308, 44.2061004639, 27.0712432861, 34.0971298218, 29.0268516541, 33.6919898987, 21.162229538, 23.0500278473, 20.834438324, 16.9778003693, 26.5395011902, 44.1004714966, 34.0322341919, 17.8124923706, 15.6171150208, 13.0216493607, 9.24984550476, 7.78896570206, 5.22735738754, 3.84760594368, 2.67595767975, 1.27897036076, 0.863505065441, 0.177277326584, 0.0105347987264, 0.00025891122641, 7.29632520233e-05],
        "median": [0.243160054088, 3.20369362831, 6.34576416016, 12.1840162277, 10.0469808578, 6.25669527054, 3.44784474373, 5.23266029358, 5.95166492462, 6.69152784348, 11.4324483871, 12.2108602524, 12.5524749756, 15.6195011139, 16.6109199524, 16.8940238953, 18.4484100342, 14.3517284393, 19.2969913483, 13.8537397385, 14.3947315216, 14.8077583313, 14.0720911026, 22.3225727081, 32.64585495, 22.2023773193, 14.2511606216, 12.7801656723, 10.0602350235, 6.38258934021, 4.94192075729, 3.1187748909, 2.11190795898, 1.34971094131, 0.679338693619, 0.332567989826, 0.0767529755831, 0.0047422638163, 0.000134141533636, 6.30191716482e-05],
        "min": [0.000162941170856, 0.00118236627895, 0.0104217994958, 0.0122332153842, 0.00767608080059, 0.0196520928293, 0.0242661405355, 0.0617844574153, 0.0497096069157, 0.0204137209803, 0.0673368051648, 0.0212257411331, 0.0227647908032, 0.0826140418649, 0.0306468829513, 0.0308323260397, 0.028302744031, 0.0124354530126, 0.0391219705343, 0.0633398965001, 0.0599156059325, 0.0588097460568, 0.0583023428917, 0.0851893797517, 0.0670150741935, 0.0550137534738, 0.0524797588587, 0.0356225073338, 0.014702253975, 0.013576223515, 0.00769992312416, 0.00338714686222, 0.00164929567836, 0.000310937524773, 0.000268730189418, 4.34525718447e-05, 1.87431771792e-06, 2.88939418169e-07, 5.25344091784e-07, 1.02112301192e-06],
        "var": [0.10743765533, 12.4984092712, 128.543365479, 260.25869751, 562.208557129, 130.831466675, 232.345031738, 212.236663818, 464.345031738, 956.879272461, 3932.33911133, 9555.99804688, 4750.33105469, 22042.0214844, 9116.23632812, 1240.00146484, 2140.2421875, 2429.90869141, 3238.75683594, 930.075134277, 1544.59436035, 568.295654297, 164.090759277, 342.929321289, 1438.71484375, 1754.7623291, 220.850280762, 141.309875488, 110.934700012, 79.0257339478, 80.8133544922, 39.1473121643, 37.6919708252, 20.0092773438, 3.36869311333, 2.15478301048, 0.065754018724, 0.00027462473372, 1.11564141037e-07, 1.79170545067e-09]
    },
    "gfcc": {
        "mean": [56.7463684082, 75.3285446167, -107.192947388, 52.9257850647, -52.9107170105, 29.6507759094, -28.3300971985, 18.4220695496, -31.2722644806, 7.85143184662, -20.2131195068, -2.98245978355, -15.3198862076],
        "cov": [[1759.31286621, -434.744354248, 388.923034668, 55.7847213745, -75.0388031006, 71.1113433838, -102.018951416, 59.4941329956, -96.7173614502, 21.2294158936, -126.113441467, 68.7168579102, -125.182518005], [-434.744354248, 594.623657227, -224.074356079, -52.0488700867, 46.7350387573, -75.9702682495, 134.119720459, -46.2252845764, 29.3077735901, -74.1774673462, 43.5368652344, -84.974067688, 47.7271728516], [388.923034668, -224.074356079, 456.109710693, 138.857879639, 43.7714691162, 8.49617195129, -133.145843506, -9.47619628906, -20.0885276794, 53.6595153809, -32.1848945618, 82.0338287354, -76.433631897], [55.7847213745, -52.0488700867, 138.857879639, 321.292297363, 104.911422729, -42.1636924744, -108.349578857, -65.3835830688, 20.8849010468, 7.39063644409, 10.8360137939, -3.35051178932, 24.4106006622], [-75.0388031006, 46.7350387573, 43.7714691162, 104.911422729, 166.841567993, -1.58770525455, -12.0995864868, -25.107881546, 7.87709999084, 18.2692279816, -4.45775794983, 0.0834923535585, -4.58221244812], [71.1113433838, -75.9702682495, 8.49617195129, -42.1636924744, -1.58770525455, 117.241485596, 56.3542480469, 29.9581356049, -19.6559772491, -16.8991184235, -7.01583576202, 6.44757795334, -19.7645206451], [-102.018951416, 134.119720459, -133.145843506, -108.349578857, -12.0995864868, 56.3542480469, 182.153533936, 49.5305328369, -15.8807048798, -58.8969573975, -4.5076212883, -23.6212539673, -1.02075314522], [59.4941329956, -46.2252845764, -9.47619628906, -65.3835830688, -25.107881546, 29.9581356049, 49.5305328369, 95.5867919922, 16.3375988007, 3.57564616203, -18.350353241, -11.5205898285, -7.50859498978], [-96.7173614502, 29.3077735901, -20.0885276794, 20.8849010468, 7.87709999084, -19.6559772491, -15.8807048798, 16.3375988007, 79.8240585327, 42.6954612732, 14.2522935867, -20.814163208, 7.45868730545], [21.2294158936, -74.1774673462, 53.6595153809, 7.39063644409, 18.2692279816, -16.8991184235, -58.8969573975, 3.57564616203, 42.6954612732, 95.3890075684, 17.3554134369, 15.841047287, -18.8282089233], [-126.113441467, 43.5368652344, -32.1848945618, 10.8360137939, -4.45775794983, -7.01583576202, -4.5076212883, -18.350353241, 14.2522935867, 17.3554134369, 64.6879501343, 16.6774044037, 14.2182598114], [68.7168579102, -84.974067688, 82.0338287354, -3.35051178932, 0.0834923535585, 6.44757795334, -23.6212539673, -11.5205898285, -20.814163208, 15.841047287, 16.6774044037, 88.3202972412, -4.05575609207], [-125.182518005, 47.7271728516, -76.433631897, 24.4106006622, -4.58221244812, -19.7645206451, -1.02075314522, -7.50859498978, 7.45868730545, -18.8282089233, 14.2182598114, -4.05575609207, 80.9940567017]],
        "icov": [[0.00101431156509, -0.000199928603251, -9.31746471906e-05, -0.000861169188283, 0.00107768562157, -0.000576919817831, 0.000415171671193, -0.000929824600462, 0.00142572866753, -0.000953151087742, 0.00189517321996, -0.000702918856405, 0.000975586532149], [-0.000199928603251, 0.00612989580259, -0.00167897704523, 0.00366042950191, -0.00382655742578, 0.00565836858004, -0.00508564990014, 0.005199667532, -0.00446170615032, 0.0056458665058, -0.00605092383921, 0.00564872613177, -0.0019581487868], [-9.31746471906e-05, -0.00167897704523, 0.00643412163481, -0.00380058120936, 0.0012781152036, -0.00235003512353, 0.00420446321368, -0.00360064161941, 0.00210062949918, -0.00212623598054, 0.00448524439707, -0.00655705528334, 0.00547724915668], [-0.000861169188283, 0.00366042950191, -0.00380058120936, 0.0102490074933, -0.0068873972632, 0.00388673436828, -0.000413698639022, 0.00589683791623, -0.00643393723294, 0.00807840935886, -0.00756049947813, 0.00672806426883, -0.00492865918204], [0.00107768562157, -0.00382655742578, 0.0012781152036, -0.0068873972632, 0.0122670335695, -0.00444558169693, 0.000150814608787, -0.00181292847265, 0.00466469209641, -0.00870573427528, 0.00827848538756, -0.0046390350908, 0.00250654341653], [-0.000576919817831, 0.00565836858004, -0.00235003512353, 0.00388673436828, -0.00444558169693, 0.0168839767575, -0.0079629002139, 0.00253719440661, -0.00239267153665, 0.00585420429707, -0.00726674171165, 0.00493094883859, -0.000507842400111], [0.000415171671193, -0.00508564990014, 0.00420446321368, -0.000413698639022, 0.000150814608787, -0.0079629002139, 0.0184838678688, -0.0100084673613, 0.00277621531859, 0.00415158458054, 0.00249212072231, -0.00524397473782, 0.00511075928807], [-0.000929824600462, 0.005199667532, -0.00360064161941, 0.00589683791623, -0.00181292847265, 0.00253719440661, -0.0100084673613, 0.0229908656329, -0.0101543758065, 0.00218234793283, -0.00102404900827, 0.00660287961364, -0.00520160002634], [0.00142572866753, -0.00446170615032, 0.00210062949918, -0.00643393723294, 0.00466469209641, -0.00239267153665, 0.00277621531859, -0.0101543758065, 0.0286015104502, -0.017200762406, 0.00318826548755, 0.00123283779249, 0.000397418218199], [-0.000953151087742, 0.0056458665058, -0.00212623598054, 0.00807840935886, -0.00870573427528, 0.00585420429707, 0.00415158458054, 0.00218234793283, -0.017200762406, 0.0311361346394, -0.0130046019331, 0.00239398074336, 0.00317417387851], [0.00189517321996, -0.00605092383921, 0.00448524439707, -0.00756049947813, 0.00827848538756, -0.00726674171165, 0.00249212072231, -0.00102404900827, 0.00318826548755, -0.0130046019331, 0.0322498716414, -0.0136083997786, 0.00197814055718], [-0.000702918856405, 0.00564872613177, -0.00655705528334, 0.00672806426883, -0.0046390350908, 0.00493094883859, -0.00524397473782, 0.00660287961364, 0.00123283779249, 0.00239398074336, -0.0136083997786, 0.0248590949923, -0.00706707360223], [0.000975586532149, -0.0019581487868, 0.00547724915668, -0.00492865918204, 0.00250654341653, -0.000507842400111, 0.00511075928807, -0.00520160002634, 0.000397418218199, 0.00317417387851, 0.00197814055718, -0.00706707360223, 0.0212628077716]]
    },
    "melbands": {
        "dmean": [0.00181657681242, 0.0030266570393, 0.00172013288829, 0.000631663016975, 0.000198733949219, 0.000148332110257, 0.000130677624838, 0.000122744648252, 0.000192908133613, 0.000184246644494, 0.000100126497273, 0.000170548708411, 0.000111885383376, 4.76126551803e-05, 4.22179000452e-05, 4.04536367569e-05, 3.40121150657e-05, 3.33004354616e-05, 1.78412992682e-05, 2.15450490941e-05, 1.45268777487e-05, 1.23077143144e-05, 9.27890050662e-06, 8.24568542157e-06, 9.94210859062e-06, 1.33427456603e-05, 1.48074059325e-05, 9.22179788176e-06, 5.48690513824e-06, 4.5113933993e-06, 3.89065598938e-06, 3.44228965332e-06, 2.39320570472e-06, 2.16980788537e-06, 2.08791811929e-06, 1.87244688732e-06, 1.21380799101e-06, 1.30678995447e-06, 1.24383143429e-06, 1.18586467579e-06],
        "dmean2": [0.00316695217043, 0.00545132439584, 0.00289612449706, 0.00106951687485, 0.000321419647662, 0.000238941705902, 0.000208595869481, 0.000192692357814, 0.000293789664283, 0.000283469358692, 0.000156078560394, 0.000262716464931, 0.000178073431016, 7.73961437517e-05, 6.61231752019e-05, 6.64173348923e-05, 5.60383487027e-05, 5.55615079065e-05, 2.88108785753e-05, 3.51770031557e-05, 2.30993155128e-05, 2.01509628823e-05, 1.59994760907e-05, 1.40143574754e-05, 1.65609963005e-05, 2.12813320104e-05, 2.35819352383e-05, 1.52055354192e-05, 9.31605427468e-06, 7.49699302105e-06, 6.34893331153e-06, 5.70512611375e-06, 3.84901068173e-06, 3.41501527146e-06, 3.21723155139e-06, 2.87928810394e-06, 1.83439783541e-06, 1.98985298994e-06, 1.75721970663e-06, 1.77888387043e-06],
        "dvar": [1.30711569e-05, 4.00739190809e-05, 1.0789353837e-05, 1.45102762872e-06, 1.25964874087e-07, 6.41609076979e-08, 6.95738009426e-08, 8.88058480086e-08, 2.15107021972e-07, 1.58822132335e-07, 7.29490423623e-08, 1.59226274832e-07, 9.37781479138e-08, 1.10474465131e-08, 5.06895636576e-09, 6.11020212204e-09, 5.18737808264e-09, 6.05973138335e-09, 9.70207136852e-10, 2.72557665326e-09, 1.13521914091e-09, 5.12066999914e-10, 1.38144218287e-10, 1.27412289053e-10, 1.21149285048e-10, 1.98783697836e-10, 5.3974547054e-10, 2.26246021917e-10, 4.78530132186e-11, 3.31798200026e-11, 2.35061154569e-11, 1.97205602542e-11, 9.3986103622e-12, 8.75198177819e-12, 1.05963293695e-11, 8.6138275332e-12, 3.38232566954e-12, 7.61132910171e-12, 6.13718451059e-12, 6.57594595097e-12],
        "dvar2": [3.64342813555e-05, 0.000113539266749, 2.90174175461e-05, 3.83675887861e-06, 2.93921459615e-07, 1.65255030993e-07, 1.74148141241e-07, 2.17362753574e-07, 4.93156790071e-07, 3.69044613535e-07, 1.92564371559e-07, 3.4075267763e-07, 2.28721049211e-07, 2.96756468288e-08, 1.21102594619e-08, 1.52665009523e-08, 1.42655354196e-08, 1.53740948861e-08, 2.23024243518e-09, 6.47033004952e-09, 2.67530264608e-09, 1.23099275218e-09, 3.55052626189e-10, 3.47730705341e-10, 3.06662500948e-10, 4.94933372064e-10, 1.30682575872e-09, 5.40023525897e-10, 1.29378091573e-10, 8.76269334871e-11, 5.88105050769e-11, 5.05272663986e-11, 2.25452521235e-11, 2.03629526435e-11, 2.57489325001e-11, 1.89090670205e-11, 6.79917233626e-12, 1.66650686306e-11, 9.90885932334e-12, 1.37799606795e-11],
        "max": [0.0283260922879, 0.0472889132798, 0.0272383000702, 0.0122928293422, 0.00539553910494, 0.00289234844968, 0.00394524028525, 0.00616424763575, 0.00834468659014, 0.00604363810271, 0.00472437823191, 0.00744326878339, 0.00456093205139, 0.00149121950381, 0.00101457384881, 0.00129318714608, 0.00145154469647, 0.00178170425352, 0.000518610002473, 0.000977167044766, 0.000762101553846, 0.000466600758955, 0.000129413150717, 0.000114933558507, 0.000135055903229, 0.00015385140432, 0.000452679261798, 0.000274249818176, 8.25114839245e-05, 6.91276218276e-05, 5.24739843968e-05, 5.60003318242e-05, 3.23098174704e-05, 3.73422153643e-05, 4.63623146061e-05, 5.4428986914e-05, 2.67631075985e-05, 5.85840389249e-05, 5.19841159985e-05, 5.90693925915e-05],
        "mean": [0.00372466654517, 0.00524802273139, 0.00284177181311, 0.000905821798369, 0.000309898314299, 0.000224214789341, 0.000200671478524, 0.000182755989954, 0.000270781078143, 0.000293355842587, 0.000159487361088, 0.00027638458414, 0.000175271969056, 7.33428969397e-05, 7.1920469054e-05, 6.5290791099e-05, 5.30846591573e-05, 5.60180742468e-05, 2.96706784866e-05, 3.19598948408e-05, 2.63813872152e-05, 2.32855636568e-05, 1.69803242898e-05, 1.47720211316e-05, 2.11939277506e-05, 3.07681075356e-05, 3.28829519276e-05, 1.99610294658e-05, 1.14064423542e-05, 9.4701672424e-06, 8.97934478417e-06, 7.87780027167e-06, 5.57513340027e-06, 4.9751934057e-06, 4.52059111922e-06, 4.20197238782e-06, 2.74837520919e-06, 2.65715516434e-06, 2.52443851423e-06, 2.19019034375e-06],
        "median": [0.00314985704608, 0.00411230046302, 0.00220257951878, 0.000646313885227, 0.00014689481759, 0.000111414425191, 8.85989647941e-05, 7.59666436352e-05, 9.45309511735e-05, 6.22725492576e-05, 5.24554889125e-05, 5.84178851568e-05, 4.63840915472e-05, 3.73907823814e-05, 3.84934464819e-05, 3.58291908924e-05, 2.35895222431e-05, 3.17093072226e-05, 1.9183034965e-05, 1.83528864e-05, 1.58352231665e-05, 1.53478831635e-05, 1.30249245558e-05, 1.19104033729e-05, 1.73627850018e-05, 2.50549601333e-05, 2.00602553377e-05, 1.27853218146e-05, 8.64580761117e-06, 7.62756872064e-06, 7.14534371582e-06, 6.13242173131e-06, 4.09922131439e-06, 3.36308971782e-06, 2.79262053482e-06, 2.44511988967e-06, 1.5833135194e-06, 1.401959139e-06, 1.27037640141e-06, 1.11054816898e-06],
        "min": [1.39395388032e-06, 2.85038322545e-06, 2.07647599382e-06, 1.73314288077e-06, 7.69473842865e-07, 1.6350821852e-06, 6.36220079286e-07, 2.81230313703e-07, 4.47815466487e-07, 1.30383085661e-07, 1.08799383725e-07, 2.27256478524e-07, 8.91753444421e-08, 4.28662403351e-08, 4.64795881783e-08, 5.63808448817e-08, 1.78614154578e-08, 5.68783562471e-08, 8.39335356773e-08, 7.24346804759e-08, 5.82839057017e-08, 6.46383853109e-08, 3.94354842115e-08, 3.16635926367e-08, 6.73316975508e-08, 7.42726058434e-08, 2.81897989396e-08, 2.86484631573e-08, 2.74288201041e-08, 2.26785683566e-08, 1.44629179744e-08, 8.16922707259e-09, 7.41796668535e-09, 7.34941574265e-09, 4.19718171329e-09, 2.16347539883e-09, 1.53781065659e-09, 1.27099575309e-09, 6.71805167052e-10, 1.14493041783e-11],
