{
"highlevel": {
    "danceability": {
        "all": {
            "danceable": 0.132760643959,
            "not_danceable": 0.867239356041
        },
        "probability": 0.867239356041,
        "value": "not_danceable"
    },
    "gender": {
        "all": {
            "female": 0.352502882481,
            "male": 0.647497117519
        },
        "probability": 0.647497117519,
        "value": "male"
    },
    "genre_dortmund": {
        "all": {
            "alternative": 0.0923508480191,
            "blues": 0.0886884555221,
            "electronic": 0.0520399548113,
            "folkcountry": 0.196200117469,
            "funksoulrnb": 0.149331450462,
            "jazz": 0.0341930612922,
            "pop": 0.0815593898296,
            "raphiphop": 0.00827336497605,
            "rock": 0.297363370657
        },
        "probability": 0.297363370657,
        "value": "rock"
    },
    "genre_electronic": {
        "all": {
            "ambient": 0.248741969466,
            "dnb": 0.253940552473,
            "house": 0.0809926092625,
            "techno": 0.0286032576114,
            "trance": 0.387721598148
        },
        "probability": 0.387721598148,
        "value": "trance"
    },
    "genre_rosamerica": {
        "all": {
            "cla": 0.000886943715159,
            "dan": 0.0018815069925,
            "hip": 0.00208026822656,
            "jaz": 0.000560775399208,
            "pop": 0.609901607037,
            "rhy": 0.0111137889326,
            "roc": 0.373545914888,
            "spe": 2.92330805678e-05
        },
        "probability": 0.609901607037,
        "value": "pop"
    },
    "genre_tzanetakis": {
        "all": {
            "blu": 0.0626613423228,
            "cla": 0.0348169617355,
            "cou": 0.104475811124,
            "dis": 0.0784321576357,
            "hip": 0.15692435205,
            "jaz": 0.313974827528,
            "met": 0.0448166541755,
            "pop": 0.0627359300852,
            "reg": 0.0627360641956,
            "roc": 0.0784258767962
        },
        "probability": 0.313974827528,
        "value": "jaz"
    },
    "ismir04_rhythm": {
        "all": {
            "ChaChaCha": 0.116455584764,
            "Jive": 0.25074672699,
            "Quickstep": 0.0846920609474,
            "Rumba-American": 0.0153798526153,
            "Rumba-International": 0.02980783768,
            "Rumba-Misc": 0.015144309029,
            "Samba": 0.386466830969,
            "Tango": 0.0176388081163,
            "VienneseWaltz": 0.0728257223964,
            "Waltz": 0.0108422832564
        },
        "probability": 0.386466830969,
        "value": "Samba"
    },
    "mood_acoustic": {
        "all": {
            "acoustic": 0.0872433707118,
            "not_acoustic": 0.912756621838
        },
        "probability": 0.912756621838,
        "value": "not_acoustic"
    },
    "mood_aggressive": {
        "all": {
            "aggressive": 0.73927116394,
            "not_aggressive": 0.26072883606
        },
        "probability": 0.73927116394,
        "value": "aggressive"
    },
    "mood_electronic": {
        "all": {
            "electronic": 0.466385275126,
            "not_electronic": 0.533614754677
        },
        "probability": 0.533614754677,
        "value": "not_electronic"
    },
    "mood_happy": {
        "all": {
            "happy": 0.975182652473,
            "not_happy": 0.0248173698783
        },
        "probability": 0.975182652473,
        "value": "happy"
    },
    "mood_party": {
        "all": {
            "not_party": 0.533330500126,
            "party": 0.466669470072
        },
        "probability": 0.533330500126,
        "value": "not_party"
    },
    "mood_relaxed": {
        "all": {
            "not_relaxed": 0.862384915352,
            "relaxed": 0.137615084648
        },
        "probability": 0.862384915352,
        "value": "not_relaxed"
    },
    "mood_sad": {
        "all": {
            "not_sad": 0.907899796963,
            "sad": 0.0921001732349
        },
        "probability": 0.907899796963,
        "value": "not_sad"
    },
    "moods_mirex": {
        "all": {
            "Cluster1": 0.140317469835,
            "Cluster2": 0.25968426466,
            "Cluster3": 0.172847002745,
            "Cluster4": 0.252591252327,
            "Cluster5": 0.174559995532
        },
        "probability": 0.25968426466,
        "value": "Cluster2"
    },
    "timbre": {
        "all": {
            "bright": 0.996001899242,
            "dark": 0.00399807142094
        },
        "probability": 0.996001899242,
        "value": "bright"
    },
    "tonal_atonal": {
        "all": {
            "atonal": 0.0172721818089,
            "tonal": 0.982727825642
        },
        "probability": 0.982727825642,
        "value": "tonal"
    },
    "voice_instrumental": {
        "all": {
            "instrumental": 0.000949419976678,
            "voice": 0.999050557613
        },
        "probability": 0.999050557613,
        "value": "voice"
    }
},
"lowlevel": {
    "average_loudness": 0.98115080595,
    "barkbands_crest": {
        "dmean": 2.72114348412,
        "dmean2": 4.52208900452,
        "dvar": 6.02987718582,
        "dvar2": 16.7948760986,
        "max": 21.9906272888,
        "mean": 8.79776287079,
        "median": 8.09932422638,
        "min": 2.91085314751,
        "var": 11.0695152283
    },
    "barkbands_flatness_db": {
        "dmean": 0.0204686112702,
        "dmean2": 0.0328039899468,
        "dvar": 0.000356080709025,
        "dvar2": 0.000913088500965,
        "max": 0.246515423059,
        "mean": 0.129716068506,
        "median": 0.126420274377,
        "min": 0.0477662943304,
        "var": 0.00096302368911
    },
    "barkbands_kurtosis": {
        "dmean": 1.50649857521,
        "dmean2": 2.41099619865,
        "dvar": 5.07690763474,
        "dvar2": 12.4370422363,
        "max": 27.2856998444,
        "mean": 1.25349128246,
        "median": 0.550008535385,
        "min": -1.87277328968,
        "var": 7.47055530548
    },
    "barkbands_skewness": {
        "dmean": 0.463922888041,
        "dmean2": 0.703507721424,
        "dvar": 0.218543156981,
        "dvar2": 0.488259881735,
        "max": 5.1586971283,
        "mean": 0.911462605,
        "median": 0.790097415447,
        "min": -0.948629319668,
        "var": 0.559997856617
    },
    "barkbands_spread": {
        "dmean": 6.42039489746,
        "dmean2": 9.9569311142,
        "dvar": 68.5471115112,
        "dvar2": 143.10824585,
        "max": 103.830848694,
        "mean": 25.9720001221,
        "median": 23.3853607178,
        "min": 5.83187150955,
        "var": 180.08605957
    },
    "dissonance": {
        "dmean": 0.0232897419482,
        "dmean2": 0.0392746590078,
        "dvar": 0.000429570907727,
        "dvar2": 0.0011866656132,
        "max": 0.499552696943,
        "mean": 0.45520105958,
        "median": 0.460036158562,
        "min": 0.332614779472,
        "var": 0.000791010796092
    },
    "dynamic_complexity": 1.33149266243,
    "erbbands_crest": {
        "dmean": 2.79980063438,
        "dmean2": 4.51189088821,
        "dvar": 6.24149608612,
        "dvar2": 14.6345157623,
        "max": 27.1267738342,
        "mean": 10.2076864243,
        "median": 9.60370826721,
        "min": 2.95425629616,
        "var": 17.2019119263
    },
    "erbbands_flatness_db": {
        "dmean": 0.0205381698906,
        "dmean2": 0.0290215425193,
        "dvar": 0.000348793080775,
        "dvar2": 0.00067897955887,
        "max": 0.269367963076,
        "mean": 0.161834105849,
        "median": 0.16340944171,
        "min": 0.068566955626,
        "var": 0.00148209661711
    },
    "erbbands_kurtosis": {
        "dmean": 0.944454133511,
        "dmean2": 1.41986882687,
        "dvar": 0.987849831581,
        "dvar2": 2.17217540741,
        "max": 9.48392677307,
        "mean": 1.11289072037,
        "median": 0.611484289169,
        "min": -1.71878683567,
        "var": 3.55660653114
    },
    "erbbands_skewness": {
        "dmean": 0.357863992453,
        "dmean2": 0.53838378191,
        "dvar": 0.0982755124569,
        "dvar2": 0.219254210591,
        "max": 2.67479586601,
        "mean": 0.518561661243,
        "median": 0.463068813086,
        "min": -1.80337846279,
        "var": 0.497262537479
    },
    "erbbands_spread": {
        "dmean": 7.62811565399,
        "dmean2": 11.1936616898,
        "dvar": 78.4973144531,
        "dvar2": 145.603607178,
        "max": 137.396987915,
        "mean": 31.1454639435,
        "median": 26.6076755524,
        "min": 7.04811954498,
        "var": 306.434967041
    },
    "hfc": {
        "dmean": 10.6810426712,
        "dmean2": 15.5217971802,
        "dvar": 122.156784058,
        "dvar2": 257.416595459,
        "max": 115.983581543,
        "mean": 37.6937828064,
        "median": 36.096408844,
        "min": 2.50772404671,
        "var": 327.414123535
    },
    "melbands_crest": {
        "dmean": 3.65002894402,
        "dmean2": 5.98849725723,
        "dvar": 10.2130289078,
        "dvar2": 26.6055812836,
        "max": 34.7643623352,
        "mean": 12.4827032089,
        "median": 11.793305397,
        "min": 4.68366765976,
        "var": 20.5091457367
    },
    "melbands_flatness_db": {
        "dmean": 0.0269928891212,
        "dmean2": 0.0428381301463,
        "dvar": 0.00066636048723,
        "dvar2": 0.00167856260668,
        "max": 0.333661526442,
        "mean": 0.170245617628,
        "median": 0.16463328898,
        "min": 0.0426170341671,
        "var": 0.00185080023948
    },
    "melbands_kurtosis": {
        "dmean": 4.57662820816,
        "dmean2": 7.17931318283,
        "dvar": 76.3640213013,
        "dvar2": 179.844543457,
        "max": 119.159347534,
        "mean": 6.21023416519,
        "median": 2.90138483047,
        "min": -1.49905765057,
        "var": 117.777816772
    },
    "melbands_skewness": {
        "dmean": 0.701957941055,
        "dmean2": 1.03964078426,
        "dvar": 0.612688839436,
        "dvar2": 1.32742583752,
        "max": 9.95684242249,
        "mean": 1.72564125061,
        "median": 1.40573561192,
        "min": -0.485767871141,
        "var": 1.83013403416
    },
    "melbands_spread": {
        "dmean": 7.90257978439,
        "dmean2": 12.5488204956,
        "dvar": 84.8018417358,
        "dvar2": 205.23085022,
        "max": 133.653701782,
        "mean": 28.9050331116,
        "median": 27.6492443085,
        "min": 4.17604541779,
        "var": 157.220489502
    },
    "pitch_salience": {
        "dmean": 0.0709601566195,
        "dmean2": 0.117151722312,
        "dvar": 0.00381092680618,
        "dvar2": 0.0103650894016,
        "max": 0.742343962193,
        "mean": 0.513147175312,
        "median": 0.509877204895,
        "min": 0.182500079274,
        "var": 0.00712543539703
    },
    "silence_rate_20dB": {
        "dmean": 0,
        "dmean2": 0,
        "dvar": 0,
        "dvar2": 0,
        "max": 1,
        "mean": 1,
        "median": 1,
        "min": 1,
        "var": 0
    },
    "silence_rate_30dB": {
        "dmean": 0.0030959751457,
        "dmean2": 0.00619674660265,
        "dvar": 0.003086369019,
        "dvar2": 0.0092566292733,
        "max": 1,
        "mean": 0.998453199863,
        "median": 1,
        "min": 0,
        "var": 0.00154439418111
    },
    "silence_rate_60dB": {
        "dmean": 0,
        "dmean2": 0,
        "dvar": 0,
        "dvar2": 0,
        "max": 0,
        "mean": 0,
        "median": 0,
        "min": 0,
        "var": 0
    },
    "spectral_centroid": {
        "dmean": 242.374679565,
        "dmean2": 381.155303955,
        "dvar": 68436.8046875,
        "dvar2": 152547.6875,
        "max": 3646.99633789,
        "mean": 1500.76733398,
        "median": 1448.23706055,
        "min": 455.234741211,
        "var": 194287.609375
    },
    "spectral_complexity": {
        "dmean": 4.41021680832,
        "dmean2": 6.51587915421,
        "dvar": 20.1536026001,
        "dvar2": 40.89894104,
        "max": 52,
        "mean": 23.3271465302,
        "median": 23,
        "min": 5,
        "var": 60.2245025635
    },
    "spectral_decrease": {
        "dmean": 3.80499853847e-09,
        "dmean2": 5.7031703804e-09,
        "dvar": 2.01320243187e-17,
        "dvar2": 4.44723961782e-17,
        "max": -5.65082203252e-10,
        "mean": -1.06631139474e-08,
        "median": -9.64269286641e-09,
        "min": -3.61540593019e-08,
        "var": 3.22846012276e-17
    },
    "spectral_energy": {
        "dmean": 0.0149444527924,
        "dmean2": 0.0222201943398,
        "dvar": 0.000298073864542,
        "dvar2": 0.000653885479551,
        "max": 0.141887634993,
        "mean": 0.0436640232801,
        "median": 0.0397205986083,
        "min": 0.00245692534372,
        "var": 0.000496416643728
    },
    "spectral_energyband_high": {
        "dmean": 0.000696149887517,
        "dmean2": 0.0010162035469,
        "dvar": 1.17514014164e-06,
        "dvar2": 2.29099691751e-06,
        "max": 0.0118824271485,
        "mean": 0.00154345948249,
        "median": 0.00102859386243,
        "min": 1.28359433802e-05,
        "var": 2.78755328509e-06
    },
    "spectral_energyband_low": {
        "dmean": 0.010526268743,
        "dmean2": 0.0172462705523,
        "dvar": 0.00026341911871,
        "dvar2": 0.000639288162347,
        "max": 0.112918503582,
        "mean": 0.0151355220005,
        "median": 0.0103024439886,
        "min": 1.66210338648e-05,
        "var": 0.000286010792479
    },
    "spectral_energyband_middle_high": {
        "dmean": 0.00417307531461,
        "dmean2": 0.00604386813939,
        "dvar": 1.62171090778e-05,
        "dvar2": 3.55076590495e-05,
        "max": 0.0498269237578,
        "mean": 0.0136038996279,
        "median": 0.0126145035028,
        "min": 0.000253200007137,
        "var": 7.30104438844e-05
    },
    "spectral_energyband_middle_low": {
        "dmean": 0.00610761111602,
        "dmean2": 0.00983313471079,
        "dvar": 5.41978515685e-05,
        "dvar2": 0.000132866611239,
        "max": 0.0771244242787,
        "mean": 0.0152083337307,
        "median": 0.0137196108699,
        "min": 0.000416855706135,
        "var": 9.25468411879e-05
    },
    "spectral_entropy": {
        "dmean": 0.1644782722,
        "dmean2": 0.237247228622,
        "dvar": 0.0265776161104,
        "dvar2": 0.0562603957951,
        "max": 8.57930088043,
        "mean": 7.59496736526,
        "median": 7.58877849579,
        "min": 6.59194135666,
        "var": 0.0990003198385
    },
    "spectral_flux": {
        "dmean": 0.0354587212205,
        "dmean2": 0.0519914515316,
        "dvar": 0.00120998336934,
        "dvar2": 0.0022951408755,
        "max": 0.323264539242,
        "mean": 0.119402140379,
        "median": 0.107912406325,
        "min": 0.0234979167581,
        "var": 0.00255012628622
    },
    "spectral_kurtosis": {
        "dmean": 1.26639342308,
        "dmean2": 2.05816912651,
        "dvar": 1.75061774254,
        "dvar2": 4.39023971558,
        "max": 13.8498630524,
        "mean": 3.69908356667,
        "median": 3.29145050049,
        "min": -0.971263170242,
        "var": 4.6925535202
    },
    "spectral_rms": {
        "dmean": 0.00107011955697,
        "dmean2": 0.00155463058036,
        "dvar": 1.18982734421e-06,
        "dvar2": 2.43470253736e-06,
        "max": 0.011765498668,
        "mean": 0.00632829451934,
        "median": 0.00622509466484,
        "min": 0.00154822494369,
        "var": 2.5517888389e-06
    },
    "spectral_rolloff": {
        "dmean": 555.164123535,
        "dmean2": 943.776306152,
        "dvar": 1333251.375,
        "dvar2": 2940870,
        "max": 11541.796875,
        "mean": 1649.34436035,
        "median": 1378.125,
        "min": 64.599609375,
        "var": 1959014.375
    },
    "spectral_skewness": {
        "dmean": 0.202389538288,
        "dmean2": 0.309972256422,
        "dvar": 0.0350573807955,
        "dvar2": 0.0814656093717,
        "max": 2.81353354454,
        "mean": 1.47248899937,
        "median": 1.45413935184,
        "min": 0.343226194382,
        "var": 0.127261459827
    },
    "spectral_spread": {
        "dmean": 598622.625,
        "dmean2": 832515.5625,
        "dvar": 591673688064,
        "dvar2": 1.07107962061e+12,
        "max": 13155122,
        "mean": 4763201.5,
        "median": 4435265.5,
        "min": 2143288,
        "var": 2.39072837632e+12
    },
    "spectral_strongpeak": {
        "dmean": 0.930227577686,
        "dmean2": 1.61915254593,
        "dvar": 1.3562053442,
        "dvar2": 3.30042147636,
        "max": 8.57989215851,
        "mean": 1.43234932423,
        "median": 0.567308783531,
        "min": 0,
        "var": 2.22250175476
    },
    "zerocrossingrate": {
        "dmean": 0.0106836091727,
        "dmean2": 0.0130444094539,
        "dvar": 0.000221183334361,
        "dvar2": 0.000270153919701,
        "max": 0.3154296875,
        "mean": 0.0655316486955,
        "median": 0.0595703125,
        "min": 0.01708984375,
        "var": 0.000900157669093
    },
    "barkbands": {
        "dmean": [0.000725165125914, 0.00861705746502, 0.00212164805271, 0.00121559237596, 0.00243488023989, 0.00108127936255, 0.00056641275296, 0.00158876297064, 0.00203703250736, 0.00196184194647, 0.00131617928855, 0.000822560046799, 0.000956968171522, 0.000908519665245, 0.000700128381141, 0.000289261166472, 0.000312396558002, 0.000269259966444, 0.000191975967027, 0.000220355927013, 0.000164462529938, 0.000180330229341, 0.000125717066112, 0.000134924935992, 0.000118636817206, 6.46337721264e-05, 1.19013394695e-08],
        "dmean2": [0.00116580992471, 0.014720659703, 0.00360134942457, 0.00211441540159, 0.00396239804104, 0.00174485926982, 0.000924719730392, 0.00253434642218, 0.00319512281567, 0.00295216194354, 0.00195147062186, 0.00130318407901, 0.0015137452865, 0.00148352701217, 0.001099151792, 0.000458294845885, 0.000481661845697, 0.000433705921751, 0.000299657287542, 0.00035831326386, 0.000260128290392, 0.000285571150016, 0.000187558034668, 0.000207091623452, 0.000178580958163, 9.97297902359e-05, 2.04262597947e-08],
        "dvar": [1.41170153256e-06, 0.000192343446543, 1.36041880978e-05, 5.80959977015e-06, 1.76471621671e-05, 2.99622843158e-06, 1.59644207542e-06, 7.79851234256e-06, 1.12470597742e-05, 6.93756328474e-06, 3.63413460036e-06, 2.17015463022e-06, 1.97298095372e-06, 2.21771324505e-06, 1.24725545447e-06, 3.35978711519e-07, 2.4774664098e-07, 1.36550823981e-07, 6.2771206899e-08, 8.28044335321e-08, 7.65514087675e-08, 7.89782959032e-08, 4.76521897497e-08, 1.30304556478e-07, 7.64702576816e-08, 2.70773714561e-08, 4.93224532329e-15],
        "dvar2": [3.32456147589e-06, 0.000493902305607, 3.48346693499e-05, 1.57010927069e-05, 4.27758204751e-05, 7.25051586414e-06, 4.09168660553e-06, 1.89973870874e-05, 2.50967477768e-05, 1.53676719492e-05, 7.46138584873e-06, 4.95640779263e-06, 4.51053210782e-06, 5.62090599487e-06, 3.00494434669e-06, 7.95158655365e-07, 5.14581131483e-07, 3.07695245283e-07, 1.49596857568e-07, 1.99065084416e-07, 2.00576678822e-07, 1.7961555443e-07, 9.53695860062e-08, 3.0215343827e-07, 1.44799784607e-07, 5.89486859326e-08, 6.77895926039e-15],
        "max": [0.00972322095186, 0.0953985899687, 0.0258008353412, 0.024198833853, 0.0541957244277, 0.0180763602257, 0.0190535150468, 0.0263361670077, 0.0330502130091, 0.0323674380779, 0.0211332328618, 0.0178547762334, 0.0161822829396, 0.0182033125311, 0.0147238280624, 0.00831230543554, 0.00845031626523, 0.00692726252601, 0.00298985862173, 0.00366417155601, 0.00279744109139, 0.00591026619077, 0.00255116843618, 0.00808580778539, 0.00405838992447, 0.0023493943736, 2.16144326259e-06],
        "mean": [0.000794793013483, 0.010618403554, 0.00283498084173, 0.00148193386849, 0.00357065210119, 0.00167125731241, 0.000698134361301, 0.00224330835044, 0.0036266350653, 0.00435730675235, 0.00252162502147, 0.00139379128814, 0.00160359335132, 0.00148237333633, 0.00113381701522, 0.000457120360807, 0.000553090649191, 0.000475950364489, 0.00035925389966, 0.000422584213084, 0.000305953260977, 0.000355004536686, 0.000214675645111, 0.0002243694762, 0.000181220544619, 8.22154252091e-05, 8.88498963292e-09],
        "median": [0.000323671207298, 0.00592620577663, 0.00186505948659, 0.000823450740427, 0.00193886843044, 0.000749692728277, 0.000315644603688, 0.000749744649511, 0.00151584646665, 0.00286467070691, 0.00127425824758, 0.00050874077715, 0.000874719582498, 0.000848724797834, 0.000614316610154, 0.000251666380791, 0.000264336442342, 0.000322450010572, 0.000222933202167, 0.000311919196974, 0.000226367148571, 0.000233469792875, 0.000110257649794, 0.000100000470411, 6.49060384603e-05, 1.89980037248e-05, 8.83043915767e-10],
        "min": [5.95693961714e-07, 8.06694333733e-06, 1.9389483441e-07, 4.60245900058e-07, 6.34655880276e-05, 7.72796374804e-06, 3.5046236917e-06, 2.39741166297e-06, 8.69805990078e-06, 5.98486622039e-06, 1.58804050443e-06, 1.90583773474e-06, 3.987924174e-06, 9.23553125176e-06, 6.80040920997e-06, 5.02848297401e-06, 1.30414230171e-06, 7.40926225262e-06, 4.98598183185e-06, 3.31360683958e-06, 2.89144509225e-06, 1.68569386005e-06, 8.71231179644e-07, 9.12776670248e-07, 1.31669239067e-07, 1.56805974455e-11, 1.17889292078e-11],
        "var": [1.58895170443e-06, 0.000180482908036, 1.26822669699e-05, 4.84320116811e-06, 2.50197990681e-05, 5.3063604355e-06, 1.58679540618e-06, 1.3373361071e-05, 2.56806797552e-05, 2.19425146497e-05, 1.14195854621e-05, 5.14488374392e-06, 4.36637174062e-06, 3.79286257157e-06, 2.41790439759e-06, 4.75045055737e-07, 6.66079415623e-07, 3.12238341849e-07, 1.33730608809e-07, 1.5809281706e-07, 9.96624791583e-08, 1.65010533237e-07, 9.01111647522e-08, 2.114480111e-07, 1.49958111706e-07, 4.20471870655e-08, 4.67950255029e-15]
    },
    "erbbands": {
        "dmean": [0.312472581863, 1.83345758915, 2.78648996353, 3.28195858002, 5.7937297821, 9.07908153534, 9.10747337341, 8.56510639191, 6.14924907684, 18.2155895233, 37.8902816772, 49.322303772, 53.59167099, 47.5821990967, 54.1978530884, 36.5620422363, 42.3855895996, 42.9465293884, 44.6357269287, 21.759185791, 14.3783540726, 15.2708587646, 13.1002779007, 12.739356041, 9.4010925293, 11.131269455, 7.61133480072, 5.51942443848, 7.79643058777, 4.35354995728, 3.73483014107, 2.74287939072, 2.48899674416, 1.5398119688, 0.788764834404, 0.404833585024, 0.0964928120375, 0.00663113966584, 0.000134841451654, 2.21494519792e-05],
        "dmean2": [0.519602358341, 3.26706075668, 4.81646871567, 5.52586317062, 9.47072315216, 15.0502080917, 14.897023201, 13.8881998062, 10.184753418, 29.3052196503, 59.8019104004, 77.0702133179, 81.5250549316, 71.2765731812, 79.2779312134, 56.9238967896, 66.7660598755, 68.7720794678, 71.6718673706, 33.0490264893, 22.2067871094, 23.4030723572, 20.7072296143, 20.1661243439, 14.9285011292, 18.0533828735, 12.2463884354, 8.71776771545, 12.6316995621, 6.60441207886, 5.55749416351, 4.12147331238, 3.80184173584, 2.3876080513, 1.16015231609, 0.618025243282, 0.150281608105, 0.0109568862244, 0.00021560654568, 3.24457578245e-05],
        "dvar": [0.224092543125, 10.2668209076, 26.0652084351, 35.5948753357, 130.053970337, 258.56262207, 198.657684326, 223.906219482, 215.778060913, 1026.03283691, 4030.04248047, 6970.578125, 7493.89453125, 5169.24902344, 6546.16552734, 4612.3984375, 3860.92456055, 4732.15771484, 4883.55517578, 1440.77099609, 708.878540039, 665.198425293, 289.829559326, 305.896392822, 165.226455688, 186.860183716, 194.713485718, 65.2376480103, 157.205490112, 70.1803512573, 46.3343391418, 33.5180358887, 57.9319725037, 14.6901760101, 3.45443081856, 1.30323386192, 0.0541522093117, 0.000259024556726, 9.10602224735e-08, 6.95502822001e-10],
        "dvar2": [0.545547008514, 27.8575286865, 69.2388381958, 93.4762039185, 321.483703613, 650.694580078, 509.319244385, 551.347290039, 574.124938965, 2544.73632812, 9278.18554688, 15614.3085938, 15467.7382812, 11891.4921875, 13137.9492188, 10115.2041016, 8620.98730469, 11433.9697266, 11965.0234375, 3268.19750977, 1621.40478516, 1490.16369629, 672.441101074, 728.10369873, 410.272125244, 437.611480713, 515.543701172, 150.098403931, 382.058441162, 145.395828247, 100.242782593, 66.6248168945, 146.885498047, 30.6599197388, 6.70632839203, 2.90921020508, 0.114520475268, 0.000609230133705, 2.02430371132e-07, 1.39266365107e-09],
        "max": [3.1702837944, 22.1646709442, 36.0371017456, 55.5767822266, 152.709777832, 161.049179077, 143.436462402, 181.467712402, 223.149276733, 447.208282471, 705.098693848, 905.000854492, 1182.00146484, 1205.29016113, 929.485534668, 908.208374023, 870.872802734, 1200.76086426, 884.848937988, 782.555114746, 451.121307373, 373.669250488, 263.170684814, 202.465545654, 172.58114624, 183.638778687, 124.124046326, 116.251228333, 221.812927246, 220.319915771, 84.6133499146, 81.220993042, 173.859222412, 57.1434516907, 25.3804893494, 18.166425705, 2.77035284042, 0.193100094795, 0.00348345004022, 0.000263634632574],
        "mean": [0.352737993002, 2.15700006485, 3.65198850632, 4.58923101425, 7.9597992897, 12.244977951, 13.4487018585, 12.9964437485, 8.35310268402, 26.0437297821, 58.7916984558, 92.9441299438, 112.406211853, 110.622085571, 110.563156128, 68.9270019531, 76.5497970581, 77.5215377808, 75.3405380249, 39.4012908936, 24.8763465881, 27.912815094, 25.835729599, 23.7303390503, 17.9527873993, 22.0975055695, 13.5133466721, 11.2301063538, 14.5374069214, 8.36857032776, 6.12853622437, 4.54399442673, 3.80844044685, 2.27423429489, 1.12088429928, 0.524008512497, 0.118533693254, 0.00708119105548, 0.000182906878763, 6.40045836917e-05],
        "median": [0.186922818422, 1.27585017681, 2.62701487541, 2.93669557571, 3.79800319672, 6.05168914795, 7.23039007187, 5.13349676132, 4.449406147, 10.572936058, 25.4108028412, 44.2560157776, 58.242767334, 55.221157074, 55.5290756226, 32.5474090576, 43.9110450745, 49.9824371338, 46.3871307373, 21.0512657166, 15.4186105728, 13.4154787064, 18.6630954742, 15.2655467987, 12.7761993408, 16.6519699097, 10.0577878952, 7.92176008224, 9.10466003418, 5.322722435, 2.97811675072, 2.00685477257, 1.62897086143, 0.82095593214, 0.350606054068, 0.133427798748, 0.0239402074367, 0.00117028516252, 5.97459729761e-05, 5.55194383196e-05],
        "min": [0.000368733133655, 0.000490491918754, 0.000810850411654, 0.00547439604998, 0.0311621651053, 0.182179018855, 0.125313863158, 0.135227173567, 0.0799242481589, 0.10431175679, 0.282275766134, 0.346195340157, 0.224841058254, 0.624088346958, 0.146984919906, 0.183789983392, 0.443899065256, 0.712013661861, 0.556918799877, 0.396504878998, 0.32136118412, 0.236011445522, 0.538902461529, 0.778297483921, 0.28369358182, 0.179449498653, 0.19548034668, 0.193083226681, 0.049959436059, 0.0459225401282, 0.026010658592, 0.030460851267, 0.00733507005498, 0.00108804006595, 0.000117711657367, 4.7535791964e-05, 7.54107850298e-06, 1.29066893351e-06, 4.61158788312e-06, 5.29507997271e-06],
        "var": [0.230343878269, 8.39303779602, 21.9601211548, 33.749294281, 166.044525146, 321.343231201, 292.889373779, 381.269348145, 206.213256836, 1629.42211914, 7638.46630859, 16014.2363281, 21298.7578125, 18588.28125, 21410.1328125, 11533.7236328, 9465.58300781, 9244.86035156, 9183.78515625, 2965.45288086, 1064.01843262, 1700.88903809, 669.57611084, 621.802185059, 282.803039551, 411.336761475, 207.035552979, 136.212631226, 297.65536499, 126.782363892, 80.9332199097, 70.9418640137, 76.4310836792, 26.303232193, 6.12125825882, 1.86393666267, 0.0899156779051, 0.000311978248646, 1.31391644231e-07, 1.37243816312e-09]
    },
    "gfcc": {
        "mean": [51.7254333496, 85.8210372925, -129.217468262, 32.3226585388, -62.6566925049, 33.5262680054, -28.6590423584, 15.5112085342, -26.1217880249, 4.86738634109, -16.9783725739, -0.940847635269, -5.75106477737],
        "cov": [[1409.18017578, -387.561737061, 207.185852051, 41.9468193054, -7.32148265839, 103.618309021, 7.22293233871, 125.410263062, -72.1528091431, 96.5530166626, -122.124855042, 69.1048202515, -150.34022522], [-387.561737061, 856.100219727, -245.88822937, 57.3240318298, 133.239654541, -67.1021194458, 107.823165894, -60.8141555786, 98.361656189, -107.947052002, 108.759078979, -158.380813599, 71.2451400757], [207.185852051, -245.88822937, 710.773010254, 241.382492065, 86.0996246338, 116.23651886, -50.4117851257, 44.9127883911, -13.01720047, 72.2609939575, -100.039039612, 24.6329956055, -124.27848053], [41.9468193054, 57.3240318298, 241.382492065, 428.27230835, 133.342727661, 24.048822403, -54.4835891724, -17.0058574677, 62.641330719, -29.4102401733, 14.3400640488, -40.1571350098, 6.53020524979], [-7.32148265839, 133.239654541, 86.0996246338, 133.342727661, 264.162567139, 24.9948387146, -15.6976251602, 31.2414112091, 33.351348877, -17.7628803253, -20.6555595398, -23.7563285828, -28.3516674042], [103.618309021, -67.1021194458, 116.23651886, 24.048822403, 24.9948387146, 183.279525757, 87.1053771973, 31.3191547394, -19.2472667694, 0.666450738907, 5.48252868652, -11.925617218, -21.6428031921], [7.22293233871, 107.823165894, -50.4117851257, -54.4835891724, -15.6976251602, 87.1053771973, 178.000198364, 25.2898445129, -11.4670181274, -14.1063127518, 19.9283180237, -27.89585495, -17.6053085327], [125.410263062, -60.8141555786, 44.9127883911, -17.0058574677, 31.2414112091, 31.3191547394, 25.2898445129, 121.060455322, 39.2505302429, 38.5613708496, -27.0874137878, -4.54040384293, -34.2129859924], [-72.1528091431, 98.361656189, -13.01720047, 62.641330719, 33.351348877, -19.2472667694, -11.4670181274, 39.2505302429, 120.131797791, 13.4588375092, 1.26105821133, -38.2323150635, 13.0874595642], [96.5530166626, -107.947052002, 72.2609939575, -29.4102401733, -17.7628803253, 0.666450738907, -14.1063127518, 38.5613708496, 13.4588375092, 93.2406234741, -14.3026628494, 22.0161819458, -32.3198890686], [-122.124855042, 108.759078979, -100.039039612, 14.3400640488, -20.6555595398, 5.48252868652, 19.9283180237, -27.0874137878, 1.26105821133, -14.3026628494, 121.796379089, 10.9467935562, 35.0104942322], [69.1048202515, -158.380813599, 24.6329956055, -40.1571350098, -23.7563285828, -11.925617218, -27.89585495, -4.54040384293, -38.2323150635, 22.0161819458, 10.9467935562, 118.593666077, 7.3295006752], [-150.34022522, 71.2451400757, -124.27848053, 6.53020524979, -28.3516674042, -21.6428031921, -17.6053085327, -34.2129859924, 13.0874595642, -32.3198890686, 35.0104942322, 7.3295006752, 117.898750305]],
        "icov": [[0.00124418234918, -0.000418758718297, 0.000822744914331, -0.00115042296238, 0.00082893576473, -0.00126278051175, 0.000726930564269, -0.00132956088055, 0.00134978967253, -0.00100760348141, 0.00174227030948, -0.00132300320547, 0.00159964896739], [-0.000418758718297, 0.00442694220692, -0.00125373399351, 0.00178981246427, -0.00334384618327, 0.00425452971831, -0.0041760308668, 0.0026842574589, -0.00293296994641, 0.0023452276364, -0.00452448707074, 0.00509245460853, -0.00250214594416], [0.000822744914331, -0.00125373399351, 0.00448911264539, -0.00348579348065, 0.00168164051138, -0.00419102050364, 0.00259515247308, -0.00116732192691, 0.00213265302591, -0.00305751850829, 0.00453332904726, -0.00320787867531, 0.0041940077208], [-0.00115042296238, 0.00178981246427, -0.00348579348065, 0.00652872538194, -0.00339737650938, 0.00272288429551, -0.00122061464936, 0.00301585276611, -0.00435288017616, 0.0036173700355, -0.00510716205463, 0.00402787979692, -0.0034677949734], [0.00082893576473, -0.00334384618327, 0.00168164051138, -0.00339737650938, 0.00790528580546, -0.00440687872469, 0.00411719735712, -0.00387360481545, 0.00208683102392, -0.000436872272985, 0.00473766867071, -0.00442702416331, 0.00413820333779], [-0.00126278051175, 0.00425452971831, -0.00419102050364, 0.00272288429551, -0.00440687872469, 0.0146060269326, -0.00912111345679, 0.00121292215772, -0.00139478803612, 0.00317750591785, -0.00712595973164, 0.00664973445237, -0.0054098139517], [0.000726930564269, -0.0041760308668, 0.00259515247308, -0.00122061464936, 0.00411719735712, -0.00912111345679, 0.0136586334556, -0.00434951903298, 0.00329775968567, -0.000680711469613, 0.00339738698676, -0.00343218375929, 0.0049986182712], [-0.00132956088055, 0.0026842574589, -0.00116732192691, 0.00301585276611, -0.00387360481545, 0.00121292215772, -0.00434951903298, 0.0161223951727, -0.00806607678533, -0.0016049699625, -0.00160648056772, 0.0024472437799, -0.000614482851233], [0.00134978967253, -0.00293296994641, 0.00213265302591, -0.00435288017616, 0.00208683102392, -0.00139478803612, 0.00329775968567, -0.00806607678533, 0.016867954284, -0.0055670440197, 0.00348687777296, 0.000278200604953, -7.10285530658e-05], [-0.00100760348141, 0.0023452276364, -0.00305751850829, 0.0036173700355, -0.000436872272985, 0.00317750591785, -0.000680711469613, -0.0016049699625, -0.0055670440197, 0.0186780206859, -0.00455550290644, 0.000696403963957, 0.000833172176499], [0.00174227030948, -0.00452448707074, 0.00453332904726, -0.00510716205463, 0.00473766867071, -0.00712595973164, 0.00339738698676, -0.00160648056772, 0.00348687777296, -0.00455550290644, 0.0177252292633, -0.00864283367991, 0.00352745549753], [-0.00132300320547, 0.00509245460853, -0.00320787867531, 0.00402787979692, -0.00442702416331, 0.00664973445237, -0.00343218375929, 0.0024472437799, 0.000278200604953, 0.000696403963957, -0.00864283367991, 0.0182576235384, -0.0064236545004], [0.00159964896739, -0.00250214594416, 0.0041940077208, -0.0034677949734, 0.00413820333779, -0.0054098139517, 0.0049986182712, -0.000614482851233, -7.10285530658e-05, 0.000833172176499, 0.00352745549753, -0.0064236545004, 0.0168050117791]]
    },
    "melbands": {
        "dmean": [0.00253323535435, 0.00173132924829, 0.000590873882174, 0.00057266256772, 0.000330940820277, 0.00019066601817, 9.87187304418e-05, 0.000236036765273, 0.000334512471454, 0.000300194049487, 0.000269039504929, 0.000200993716135, 0.000185348675586, 0.000111607980216, 8.72464515851e-05, 8.92149400897e-05, 8.77804195625e-05, 7.82799324952e-05, 3.76398675144e-05, 2.54428741755e-05, 1.7528402168e-05, 1.52967913891e-05, 1.74198412424e-05, 1.36142725751e-05, 1.09691700345e-05, 7.28209715817e-06, 7.928555533e-06, 7.51812012822e-06, 5.2476784731e-06, 4.38827646576e-06, 3.20088611261e-06, 4.46519607067e-06, 3.70907469005e-06, 2.41435645876e-06, 2.53191819866e-06, 1.62439164342e-06, 1.92700917978e-06, 1.73715488927e-06, 1.9234616957e-06, 1.1849394923e-06],
        "dmean2": [0.0042447890155, 0.00301834754646, 0.000985519960523, 0.000933119910769, 0.000545607414097, 0.000307373236865, 0.000162342301337, 0.000378808384994, 0.00052708259318, 0.000466217432404, 0.000411635584896, 0.000301986088743, 0.000274919671938, 0.000171308085555, 0.000135989641421, 0.000142200515256, 0.000142121309182, 0.000125272621517, 5.74838777538e-05, 3.95929491788e-05, 2.72736906481e-05, 2.39838591369e-05, 2.6701056413e-05, 2.21226346184e-05, 1.75981076609e-05, 1.15838438433e-05, 1.28852088892e-05, 1.22827796076e-05, 8.61021180754e-06, 7.02030592947e-06, 5.18873775945e-06, 7.22953382137e-06, 5.97764437771e-06, 3.68267956219e-06, 3.88474609281e-06, 2.3719787805e-06, 2.94603000839e-06, 2.71011504083e-06, 3.04393415718e-06, 1.85580108791e-06],
        "dvar": [1.53618220793e-05, 9.74888462224e-06, 1.13167914151e-06, 1.20797506042e-06, 2.68769468903e-07, 1.05437230502e-07, 5.66952245151e-08, 1.78620453539e-07, 2.8490202908e-07, 2.53680667583e-07, 1.87379058048e-07, 9.94856321768e-08, 7.09383982667e-08, 3.33384591045e-08, 1.61599320592e-08, 2.0320154448e-08, 1.92213853722e-08, 1.58215218704e-08, 3.59823482121e-09, 1.91531679405e-09, 1.31223110156e-09, 6.90022594618e-10, 7.28235582947e-10, 3.50662499038e-10, 2.42755482383e-10, 9.30710786218e-11, 1.28708196878e-10, 8.91628160193e-11, 9.04914684852e-11, 4.90039883672e-11, 2.20624438857e-11, 4.89209991961e-11, 3.41172680385e-11, 2.4232628057e-11, 2.3871096072e-11, 1.16427744182e-11, 1.67395489831e-11, 2.37065332642e-11, 2.99059700615e-11, 9.00428863415e-12],
        "dvar2": [3.82738071494e-05, 2.62053363258e-05, 2.95955896945e-06, 2.90821253657e-06, 7.04735100499e-07, 2.56290405787e-07, 1.51051395392e-07, 4.47449650665e-07, 6.30758847819e-07, 5.71887937895e-07, 3.87372921296e-07, 2.30002044077e-07, 1.45516182215e-07, 7.51764659412e-08, 3.35350165415e-08, 4.57713191793e-08, 4.83848943134e-08, 3.95975554568e-08, 8.36972713358e-09, 4.3169769981e-09, 2.9905020682e-09, 1.67401970064e-09, 1.47729706246e-09, 8.34292412932e-10, 5.86574344652e-10, 2.19646134614e-10, 3.37088995606e-10, 2.07581091205e-10, 2.39691239079e-10, 1.24834170778e-10, 5.16864953615e-11, 1.17486478879e-10, 8.04878594329e-11, 5.07185890508e-11, 5.41508643481e-11, 2.22760369178e-11, 3.41240993795e-11, 6.05211228355e-11, 7.39388689164e-11, 1.81194139554e-11],
        "max": [0.0246682241559, 0.0205634497106, 0.0118771512061, 0.0142629221082, 0.0053096129559, 0.00379206449725, 0.00376904173754, 0.00541336229071, 0.00714120967314, 0.00503809237853, 0.00589318666607, 0.00531696062535, 0.00287685915828, 0.00223085051402, 0.00145180418622, 0.00180655089207, 0.00202921987511, 0.0016857428709, 0.00106263917405, 0.000651986687444, 0.00062318588607, 0.000370062160073, 0.000406966224546, 0.000272204721114, 0.000161454256158, 9.39006931731e-05, 0.000101399869891, 0.000122979370644, 9.53143608058e-05, 7.43092823541e-05, 7.15284695616e-05, 0.00012691700249, 0.000113623733341, 0.000127538427478, 7.66608500271e-05, 7.22698750906e-05, 6.00469538767e-05, 0.000102488651464, 0.000107091116661, 4.77109679196e-05],
        "mean": [0.00306374393404, 0.00229381676763, 0.000840223976411, 0.000795571890194, 0.000492321269121, 0.000295578909572, 0.000126204278786, 0.000331357325194, 0.000538255961146, 0.000549993186723, 0.000548794923816, 0.000445935525931, 0.000364800100215, 0.000204082782147, 0.000158441383974, 0.000152138818521, 0.000146153732203, 0.000124728423543, 6.37779230601e-05, 4.23232741014e-05, 2.69850697805e-05, 2.64237805823e-05, 3.03696670017e-05, 2.32290021813e-05, 1.86413071788e-05, 1.28279179989e-05, 1.41730497489e-05, 1.42714261528e-05, 8.19493106974e-06, 7.6030019045e-06, 6.05632885708e-06, 8.14860050014e-06, 6.6709467319e-06, 4.10128450312e-06, 3.87660566048e-06, 2.50152265835e-06, 2.92053459816e-06, 2.61797140411e-06, 2.55719010056e-06, 1.68660233157e-06],
        "median": [0.00172019179445, 0.00172952667344, 0.000632234150544, 0.000394711561967, 0.000282932363916, 0.00012236002658, 6.14572054474e-05, 0.000125920894789, 0.000256902741967, 0.00026058871299, 0.000277457904303, 0.000179591210326, 0.000188063539099, 7.8216799011e-05, 7.79855399742e-05, 7.83721334301e-05, 8.79300860106e-05, 7.30351312086e-05, 3.20668259519e-05, 2.12983286474e-05, 1.50814021254e-05, 1.23123527374e-05, 1.52909397002e-05, 1.55332945724e-05, 1.08936146717e-05, 7.72648945713e-06, 1.03697339e-05, 1.00292800198e-05, 5.87465319768e-06, 5.37599498784e-06, 3.82152666134e-06, 4.90104639539e-06, 4.11940118283e-06, 2.35248671743e-06, 1.69397776517e-06, 1.11864687824e-06, 1.26583609017e-06, 1.18425066375e-06, 8.46488319439e-07, 5.70760391838e-07],
        "min": [3.17577109854e-06, 5.47068395917e-07, 5.75746923914e-07, 7.256677236e-06, 3.68352721125e-06, 1.17223089546e-06, 8.07654771506e-07, 7.36297465664e-07, 2.34967865254e-06, 1.63048082413e-06, 7.01278054294e-07, 2.02385740522e-06, 2.39739506469e-07, 2.50488142228e-07, 3.43231448596e-07, 8.79956246536e-07, 1.10639280138e-06, 6.53235588288e-07, 6.14368275365e-07, 1.59824338652e-07, 1.37557208291e-07, 5.43758780225e-08, 2.64364103941e-07, 3.72022469719e-07, 5.42036900697e-07, 2.04530863357e-07, 1.32282352183e-07, 1.0838704867e-07, 5.10271336296e-09, 6.38648529616e-08, 3.11321173285e-08, 2.54631178365e-08, 2.83393148948e-08, 2.18468620972e-08, 1.6711078743e-08, 7.43386951996e-09, 7.61303659003e-11, 8.56808179961e-10, 1.30067689952e-09, 1.12349166428e-11],
