{
"highlevel": {
    "danceability": {
        "all": {
            "danceable": 0.98077994585,
            "not_danceable": 0.0192200560123
        },
        "probability": 0.98077994585,
        "value": "danceable"
    },
    "gender": {
        "all": {
            "female": 0.617767930031,
            "male": 0.382232099771
        },
        "probability": 0.617767930031,
        "value": "female"
    },
    "genre_dortmund": {
        "all": {
            "alternative": 0.0109468363225,
            "blues": 0.0124425776303,
            "electronic": 0.298495858908,
            "folkcountry": 0.00746667245403,
            "funksoulrnb": 0.0134250326082,
            "jazz": 0.420580357313,
            "pop": 0.00866949558258,
            "raphiphop": 0.214719846845,
            "rock": 0.0132533432916
        },
        "probability": 0.420580357313,
        "value": "jazz"
    },
    "genre_electronic": {
        "all": {
            "ambient": 0.287380903959,
            "dnb": 0.0128708463162,
            "house": 0.657806873322,
            "techno": 0.024054473266,
            "trance": 0.0178869124502
        },
        "probability": 0.657806873322,
        "value": "house"
    },
    "genre_rosamerica": {
        "all": {
            "cla": 0.00786495301872,
            "dan": 0.0130086606368,
            "hip": 0.143647387624,
            "jaz": 0.0121705252677,
            "pop": 0.0685996711254,
            "rhy": 0.723747909069,
            "roc": 0.00667161168531,
            "spe": 0.024289265275
        },
        "probability": 0.723747909069,
        "value": "rhy"
    },
    "genre_tzanetakis": {
        "all": {
            "blu": 0.0127017954364,
            "cla": 0.000627215777058,
            "cou": 0.00518484087661,
            "dis": 0.00214060582221,
            "hip": 0.0320914536715,
            "jaz": 0.00264581781812,
            "met": 0.000584689551033,
            "pop": 0.00835465919226,
            "reg": 0.703406214714,
            "roc": 0.232262685895
        },
        "probability": 0.703406214714,
        "value": "reg"
    },
    "ismir04_rhythm": {
        "all": {
            "ChaChaCha": 0.0367640294135,
            "Jive": 0.00465473718941,
            "Quickstep": 0.0153336375952,
            "Rumba-American": 0.0230395644903,
            "Rumba-International": 0.725501894951,
            "Rumba-Misc": 0.0418343134224,
            "Samba": 0.0402279794216,
            "Tango": 0.0294428337365,
            "VienneseWaltz": 0.0663303881884,
            "Waltz": 0.0168705936521
        },
        "probability": 0.725501894951,
        "value": "Rumba-International"
    },
    "mood_acoustic": {
        "all": {
            "acoustic": 0.0165183264762,
            "not_acoustic": 0.983481645584
        },
        "probability": 0.983481645584,
        "value": "not_acoustic"
    },
    "mood_aggressive": {
        "all": {
            "aggressive": 0.29032677412,
            "not_aggressive": 0.70967322588
        },
        "probability": 0.70967322588,
        "value": "not_aggressive"
    },
    "mood_electronic": {
        "all": {
            "electronic": 0.96496796608,
            "not_electronic": 0.0350320264697
        },
        "probability": 0.96496796608,
        "value": "electronic"
    },
    "mood_happy": {
        "all": {
            "happy": 0.205395922065,
            "not_happy": 0.794604063034
        },
        "probability": 0.794604063034,
        "value": "not_happy"
    },
    "mood_party": {
        "all": {
            "not_party": 0.903429329395,
            "party": 0.0965706780553
        },
        "probability": 0.903429329395,
        "value": "not_party"
    },
    "mood_relaxed": {
        "all": {
            "not_relaxed": 0.0787807330489,
            "relaxed": 0.921219289303
        },
        "probability": 0.921219289303,
        "value": "relaxed"
    },
    "mood_sad": {
        "all": {
            "not_sad": 0.558166861534,
            "sad": 0.441833108664
        },
        "probability": 0.558166861534,
        "value": "not_sad"
    },
    "moods_mirex": {
        "all": {
            "Cluster1": 0.2764955163,
            "Cluster2": 0.14012363553,
            "Cluster3": 0.3491563797,
            "Cluster4": 0.109529025853,
            "Cluster5": 0.124695450068
        },
        "probability": 0.3491563797,
        "value": "Cluster3"
    },
    "timbre": {
        "all": {
            "bright": 0.0018083488103,
            "dark": 0.998191654682
        },
        "probability": 0.998191654682,
        "value": "dark"
    },
    "tonal_atonal": {
        "all": {
            "atonal": 0.935006260872,
            "tonal": 0.0649937093258
        },
        "probability": 0.935006260872,
        "value": "atonal"
    },
    "voice_instrumental": {
        "all": {
            "instrumental": 0.956166684628,
            "voice": 0.043833322823
        },
        "probability": 0.956166684628,
        "value": "instrumental"
    }
},
"lowlevel": {
    "average_loudness": 0.965803623199,
    "barkbands_crest": {
        "dmean": 3.01816391945,
        "dmean2": 5.0133934021,
        "dvar": 8.71229171753,
        "dvar2": 24.9228191376,
        "max": 26.2719459534,
        "mean": 14.9336252213,
        "median": 14.865896225,
        "min": 2.82408022881,
        "var": 30.1212482452
    },
    "barkbands_flatness_db": {
        "dmean": 0.0448656305671,
        "dmean2": 0.0667818561196,
        "dvar": 0.00199179002084,
        "dvar2": 0.00451084552333,
        "max": 0.644021213055,
        "mean": 0.33218935132,
        "median": 0.341327577829,
        "min": 0.0764046013355,
        "var": 0.0127104427665
    },
    "barkbands_kurtosis": {
        "dmean": 24.524477005,
        "dmean2": 41.0985603333,
        "dvar": 3993.20117188,
        "dvar2": 11607.3027344,
        "max": 1106.39819336,
        "mean": 29.0305786133,
        "median": 6.44244861603,
        "min": -1.74891626835,
        "var": 4432.20410156
    },
    "barkbands_skewness": {
        "dmean": 1.24015033245,
        "dmean2": 2.02760648727,
        "dvar": 2.32641458511,
        "dvar2": 6.44915151596,
        "max": 18.0742359161,
        "mean": 2.88238191605,
        "median": 2.07973384857,
        "min": -0.963238239288,
        "var": 6.3998670578
    },
    "barkbands_spread": {
        "dmean": 3.01676344872,
        "dmean2": 4.36672496796,
        "dvar": 31.383562088,
        "dvar2": 68.1910552979,
        "max": 56.5425224304,
        "mean": 7.13738775253,
        "median": 3.84013390541,
        "min": 0.0558681115508,
        "var": 93.0255432129
    },
    "dissonance": {
        "dmean": 0.0356666445732,
        "dmean2": 0.058486726135,
        "dvar": 0.00107845664024,
        "dvar2": 0.00285203312524,
        "max": 0.500000059605,
        "mean": 0.419963032007,
        "median": 0.427773922682,
        "min": 0.223815187812,
        "var": 0.0027920815628
    },
    "dynamic_complexity": 3.01618528366,
    "erbbands_crest": {
        "dmean": 2.98184418678,
        "dmean2": 4.90899133682,
        "dvar": 8.22816371918,
        "dvar2": 22.5507888794,
        "max": 27.4849967957,
        "mean": 11.7365446091,
        "median": 10.8726053238,
        "min": 3.20203661919,
        "var": 21.7453136444
    },
    "erbbands_flatness_db": {
        "dmean": 0.0262583084404,
        "dmean2": 0.03741004318,
        "dvar": 0.000724826997612,
        "dvar2": 0.00127937819343,
        "max": 0.407418310642,
        "mean": 0.255310326815,
        "median": 0.268570929766,
        "min": 0.104126490653,
        "var": 0.00318118487485
    },
    "erbbands_kurtosis": {
        "dmean": 2.4424059391,
        "dmean2": 4.07174158096,
        "dvar": 22.3583927155,
        "dvar2": 60.8267402649,
        "max": 63.2893218994,
        "mean": 2.99081873894,
        "median": 1.43869543076,
        "min": -1.78039896488,
        "var": 39.0915794373
    },
    "erbbands_skewness": {
        "dmean": 0.538412690163,
        "dmean2": 0.83551967144,
        "dvar": 0.344337284565,
        "dvar2": 0.852705776691,
        "max": 6.71184062958,
        "mean": 1.01876378059,
        "median": 0.915401995182,
        "min": -1.94269502163,
        "var": 1.13755142689
    },
    "erbbands_spread": {
        "dmean": 8.90674686432,
        "dmean2": 13.5210018158,
        "dvar": 163.668823242,
        "dvar2": 367.486877441,
        "max": 102.816879272,
        "mean": 23.3729019165,
        "median": 16.0071697235,
        "min": 3.25914955139,
        "var": 318.162231445
    },
    "hfc": {
        "dmean": 5.13334465027,
        "dmean2": 7.82821178436,
        "dvar": 54.4830818176,
        "dvar2": 95.8645477295,
        "max": 92.9368209839,
        "mean": 12.6671199799,
        "median": 9.76007175446,
        "min": 0.000160400551977,
        "var": 158.312179565
    },
    "melbands_crest": {
        "dmean": 3.66458249092,
        "dmean2": 5.95074462891,
        "dvar": 12.8264636993,
        "dvar2": 30.625453949,
        "max": 35.9600334167,
        "mean": 19.029253006,
        "median": 18.3015174866,
        "min": 4.14259767532,
        "var": 48.7779388428
    },
    "melbands_flatness_db": {
        "dmean": 0.0517909228802,
        "dmean2": 0.0735691264272,
        "dvar": 0.00276934471913,
        "dvar2": 0.0057489303872,
        "max": 0.770318567753,
        "mean": 0.420535624027,
        "median": 0.439485430717,
        "min": 0.0490044876933,
        "var": 0.0206610783935
    },
    "melbands_kurtosis": {
        "dmean": 24.9436626434,
        "dmean2": 41.1515312195,
        "dvar": 3275.04907227,
        "dvar2": 8578.75097656,
        "max": 697.102539062,
        "mean": 35.3710861206,
        "median": 11.550737381,
        "min": -1.35751211643,
        "var": 4658.85205078
    },
    "melbands_skewness": {
        "dmean": 1.22734773159,
        "dmean2": 1.98360061646,
        "dvar": 2.39609241486,
        "dvar2": 6.27652359009,
        "max": 18.0743465424,
        "mean": 3.27997326851,
        "median": 2.58249044418,
        "min": -0.900098741055,
        "var": 6.29243612289
    },
    "melbands_spread": {
        "dmean": 3.4820227623,
        "dmean2": 5.03876876831,
        "dvar": 64.0908050537,
        "dvar2": 128.947753906,
        "max": 105.366546631,
        "mean": 8.25262928009,
        "median": 4.17687368393,
        "min": 0.170043945312,
        "var": 183.609069824
    },
    "pitch_salience": {
        "dmean": 0.0884664282203,
        "dmean2": 0.148629561067,
        "dvar": 0.00803473219275,
        "dvar2": 0.0222118571401,
        "max": 0.820161283016,
        "mean": 0.424608409405,
        "median": 0.430057674646,
        "min": 0.0492125712335,
        "var": 0.0248696692288
    },
    "silence_rate_20dB": {
        "dmean": 0.00154798757285,
        "dmean2": 0.00309837330133,
        "dvar": 0.00154558557551,
        "dvar2": 0.00463793054223,
        "max": 1,
        "mean": 0.999226629734,
        "median": 1,
        "min": 0,
        "var": 0.000772796047386
    },
    "silence_rate_30dB": {
        "dmean": 0.119195044041,
        "dmean2": 0.238574743271,
        "dvar": 0.104986660182,
        "dvar2": 0.220385327935,
        "max": 1,
        "mean": 0.687548339367,
        "median": 1,
        "min": 0,
        "var": 0.214824602008
    },
    "silence_rate_60dB": {
        "dmean": 0.0216718260199,
        "dmean2": 0.0433772280812,
        "dvar": 0.0212018731982,
        "dvar2": 0.0461426116526,
        "max": 1,
        "mean": 0.0634184032679,
        "median": 0,
        "min": 0,
        "var": 0.0593958944082
    },
    "spectral_centroid": {
        "dmean": 179.997512817,
        "dmean2": 253.778579712,
        "dvar": 120184.609375,
        "dvar2": 253903.171875,
        "max": 3487.1418457,
        "mean": 590.539550781,
        "median": 360.971405029,
        "min": 86.5954208374,
        "var": 375023.71875
    },
    "spectral_complexity": {
        "dmean": 2.78018569946,
        "dmean2": 4.08675432205,
        "dvar": 28.1885910034,
        "dvar2": 41.8159446716,
        "max": 57,
        "mean": 11.1376647949,
        "median": 9,
        "min": 0,
        "var": 100.564071655
    },
    "spectral_decrease": {
        "dmean": 9.87069359581e-09,
        "dmean2": 1.67410547647e-08,
        "dvar": 2.49792769002e-16,
        "dvar2": 7.50221951823e-16,
        "max": -1.64970372974e-13,
        "mean": -1.99423251246e-08,
        "median": -1.39512650321e-08,
        "min": -1.17373154751e-07,
        "var": 4.0394710087e-16
    },
    "spectral_energy": {
        "dmean": 0.0376439727843,
        "dmean2": 0.0637655183673,
        "dvar": 0.00358918681741,
        "dvar2": 0.0107873287052,
        "max": 0.445377826691,
        "mean": 0.0764158219099,
        "median": 0.0534684583545,
        "min": 6.37185451069e-07,
        "var": 0.00580830080435
    },
    "spectral_energyband_high": {
        "dmean": 0.000209736215766,
        "dmean2": 0.000273192272289,
        "dvar": 2.90391227509e-07,
        "dvar2": 4.42424351377e-07,
        "max": 0.00571258086711,
        "mean": 0.00027974267141,
        "median": 2.96753046314e-06,
        "min": 7.17050285814e-09,
        "var": 7.21299329598e-07
    },
    "spectral_energyband_low": {
        "dmean": 0.0353218950331,
        "dmean2": 0.0602836869657,
        "dvar": 0.00370567990467,
        "dvar2": 0.0110909827054,
        "max": 0.442430347204,
        "mean": 0.0624743327498,
        "median": 0.0343794561923,
        "min": 1.72613454197e-07,
        "var": 0.00588625483215
    },
    "spectral_energyband_middle_high": {
        "dmean": 0.00059716636315,
        "dmean2": 0.000787816068623,
        "dvar": 2.8655715596e-06,
        "dvar2": 4.69670931125e-06,
        "max": 0.0432601422071,
        "mean": 0.00144847470801,
        "median": 0.000399980752263,
        "min": 2.7712582451e-08,
        "var": 1.42105664054e-05
    },
    "spectral_energyband_middle_low": {
        "dmean": 0.00573602784425,
        "dmean2": 0.00896818377078,
        "dvar": 6.13532101852e-05,
        "dvar2": 0.00014822933008,
        "max": 0.0967526733875,
        "mean": 0.0136952828616,
        "median": 0.00934530235827,
        "min": 1.42681187754e-07,
        "var": 0.0001658203837
    },
    "spectral_entropy": {
        "dmean": 0.305851787329,
        "dmean2": 0.437641084194,
        "dvar": 0.121440239251,
        "dvar2": 0.215153232217,
        "max": 8.0298500061,
        "mean": 6.38450336456,
        "median": 6.16905927658,
        "min": 4.84724807739,
        "var": 0.588265120983
    },
    "spectral_flux": {
        "dmean": 0.0495414324105,
        "dmean2": 0.0796188786626,
        "dvar": 0.0037505463697,
        "dvar2": 0.00898402184248,
        "max": 0.56131529808,
        "mean": 0.114969573915,
        "median": 0.0817600116134,
        "min": 0.000561613414902,
        "var": 0.00881506130099
    },
    "spectral_kurtosis": {
        "dmean": 13.1659355164,
        "dmean2": 22.2376918793,
        "dvar": 196.428787231,
        "dvar2": 518.977539062,
        "max": 115.621360779,
        "mean": 24.1412258148,
        "median": 17.4299964905,
        "min": -0.527016639709,
        "var": 522.659667969
    },
    "spectral_rms": {
        "dmean": 0.00185674114618,
        "dmean2": 0.00305037316866,
        "dvar": 5.98745964453e-06,
        "dvar2": 1.71518313437e-05,
        "max": 0.0208450220525,
        "mean": 0.00754032609984,
        "median": 0.00722248898819,
        "min": 2.49327968049e-05,
        "var": 1.76954727067e-05
    },
    "spectral_rolloff": {
        "dmean": 198.148086548,
        "dmean2": 314.05670166,
        "dvar": 262710.625,
        "dvar2": 593008.8125,
        "max": 4823.4375,
        "mean": 525.338928223,
        "median": 301.46484375,
        "min": 43.06640625,
        "var": 640511.0625
    },
    "spectral_skewness": {
        "dmean": 1.00771677494,
        "dmean2": 1.61565077305,
        "dvar": 0.941807866096,
        "dvar2": 2.22994542122,
        "max": 8.49297142029,
        "mean": 3.22236585617,
        "median": 3.24550557137,
        "min": 0.0420628674328,
        "var": 3.39258408546
    },
    "spectral_spread": {
        "dmean": 553762.8125,
        "dmean2": 840109.125,
        "dvar": 500284882944,
        "dvar2": 976687661056,
        "max": 11029163,
        "mean": 2368312.5,
        "median": 2035107.125,
        "min": 615707.25,
        "var": 1.2532056064e+12
    },
    "spectral_strongpeak": {
        "dmean": 0.327780812979,
        "dmean2": 0.576700270176,
        "dvar": 0.230286300182,
        "dvar2": 0.61547100544,
        "max": 6.51238965988,
        "mean": 0.714442372322,
        "median": 0.510765969753,
        "min": 0,
        "var": 0.629390537739
    },
    "zerocrossingrate": {
        "dmean": 0.00541455531493,
        "dmean2": 0.00583819486201,
        "dvar": 7.09872401785e-05,
        "dvar2": 6.22986844974e-05,
        "max": 0.15380859375,
        "mean": 0.0201339535415,
        "median": 0.01171875,
        "min": 0.00146484375,
        "var": 0.000537045300007
    },
    "barkbands": {
        "dmean": [0.00247932947241, 0.0331303216517, 0.00382776418701, 0.00169235561043, 0.00224453210831, 0.00150184589438, 0.00096622412093, 0.000449449056759, 0.000506712007336, 0.000194827429368, 5.14998937433e-05, 7.21531760064e-05, 4.59256625618e-05, 6.17787372903e-05, 8.16056854092e-05, 4.97574983456e-05, 6.15785611444e-05, 7.33108608983e-05, 7.58979367674e-05, 0.000145603145938, 8.50577271194e-05, 4.46850754088e-05, 1.75434615812e-05, 6.33013041806e-06, 1.00601153008e-06, 1.8084939768e-07, 2.16894702199e-09],
        "dmean2": [0.00324478978291, 0.0571085773408, 0.00611437298357, 0.00276077864692, 0.003740522312, 0.00253124092706, 0.0015159486793, 0.000689719861839, 0.00070853770012, 0.000263919937424, 8.0526137026e-05, 0.000122310753795, 7.21591859474e-05, 9.01257517398e-05, 0.000125060469145, 7.44658609619e-05, 8.75988334883e-05, 0.000101014164102, 0.000118171090435, 0.000208162164199, 0.000108534077299, 6.76907002344e-05, 2.41844354605e-05, 8.95502307685e-06, 1.38514462833e-06, 2.5855564445e-07, 3.89952736768e-09],
        "dvar": [2.84134239337e-05, 0.00347665580921, 5.88552975387e-05, 1.33133207783e-05, 1.38584300657e-05, 5.0755625125e-06, 1.54907684191e-05, 1.66012000591e-06, 2.23636857299e-06, 9.32742011628e-07, 2.71554458919e-08, 1.83666202247e-08, 1.73663643466e-08, 3.62450300884e-08, 4.99435408585e-08, 2.93910478177e-08, 4.41606999857e-08, 5.90069184625e-08, 5.84656412173e-08, 2.06496451938e-07, 5.01086141469e-08, 1.44763143695e-08, 2.04076511245e-09, 2.48414233628e-10, 9.08925539e-12, 4.80322162252e-13, 1.15469946737e-17],
        "dvar2": [4.57613168692e-05, 0.010658627376, 0.000130895117763, 3.26050940203e-05, 3.92481815652e-05, 1.51007443492e-05, 3.80002602469e-05, 4.14572241425e-06, 3.24543339048e-06, 1.55471445851e-06, 5.99817013835e-08, 5.07845889786e-08, 3.9769368243e-08, 6.81317118278e-08, 1.15973939785e-07, 5.86052699703e-08, 8.91076723519e-08, 1.19288785072e-07, 1.22330163776e-07, 4.16662913949e-07, 7.43276942217e-08, 3.08367624768e-08, 3.94350108124e-09, 4.45091546952e-10, 1.60818285772e-11, 1.01887595583e-12, 3.29396091587e-17],
        "max": [0.0500938408077, 0.408132731915, 0.0581546425819, 0.0571131780744, 0.0406871028244, 0.0254755280912, 0.0848114341497, 0.0246890112758, 0.0251189693809, 0.0337001681328, 0.00356566580012, 0.00141563080251, 0.00247851922177, 0.00366158457473, 0.00244070007466, 0.00282516889274, 0.00228627584875, 0.00325014232658, 0.00271218689159, 0.00520199118182, 0.00252727069892, 0.00123664748389, 0.00046057975851, 0.000213452498429, 3.31361006829e-05, 7.7537015386e-06, 2.95488415958e-08],
        "mean": [0.00364480610006, 0.0498389564455, 0.00755575532094, 0.00245126383379, 0.00386102171615, 0.00361563498154, 0.00141050305683, 0.00100299529731, 0.00122988712974, 0.000559021020308, 8.42166482471e-05, 0.000130597982206, 8.02808135631e-05, 9.57288575592e-05, 0.00014620165166, 7.46218720451e-05, 8.55310936458e-05, 9.12664399948e-05, 9.43938430282e-05, 0.000164591998328, 0.000117614472401, 5.19163149875e-05, 2.04367661354e-05, 7.45704710425e-06, 1.10629400751e-06, 1.77938360935e-07, 1.79880221829e-09],
        "median": [0.000237599597313, 0.02416215837, 0.00374853028916, 0.000751139305066, 0.00199680496007, 0.00183834671043, 0.000505993841216, 0.000327231129631, 0.000214798841625, 6.2676568632e-05, 1.61125954037e-05, 5.32704070793e-05, 2.24946488743e-05, 1.48656699821e-05, 1.57333051902e-05, 3.78642585019e-06, 3.61129787052e-06, 3.15775719173e-06, 1.87121736417e-06, 1.94301765077e-06, 1.15885461582e-06, 5.5161842738e-07, 2.86400677396e-07, 1.18955114203e-07, 2.66031534579e-08, 3.73963393585e-09, 5.36694355624e-10],
        "min": [9.7230765661e-09, 9.45395441931e-08, 2.21590723548e-09, 1.3818813871e-09, 1.39919205111e-08, 9.50967038449e-09, 4.18301038252e-09, 5.27735766198e-09, 4.48291226363e-09, 3.39408057215e-09, 1.604134936e-09, 1.89869076017e-09, 1.41112388441e-09, 1.81811099509e-09, 2.54563947699e-09, 2.16067341796e-09, 9.37969257819e-10, 2.68041988605e-09, 4.00671007483e-09, 3.60580476588e-09, 1.43968892363e-09, 1.06416109258e-09, 2.02979646979e-10, 2.10415296298e-11, 6.52943888194e-12, 1.33753520412e-11, 1.81520007358e-11],
        "var": [5.70063166379e-05, 0.00465410528705, 9.88548417808e-05, 2.31893955061e-05, 2.68522471742e-05, 1.87589721463e-05, 1.59806295414e-05, 6.61822650727e-06, 1.00016932265e-05, 8.27514486446e-06, 6.60941381625e-08, 3.86782268436e-08, 3.21993169905e-08, 6.45380850983e-08, 1.22802276792e-07, 5.70015217249e-08, 8.2269309587e-08, 9.67603241975e-08, 9.57391890211e-08, 3.29520105424e-07, 1.32701813982e-07, 2.44411317851e-08, 3.76954290005e-09, 4.74963568475e-10, 1.52439727508e-11, 5.96563597133e-13, 1.01472173073e-17]
    },
    "erbbands": {
        "dmean": [1.40758574009, 6.26957654953, 5.1124958992, 5.78888082504, 3.58482003212, 7.10186958313, 20.3896408081, 10.7220907211, 11.6437644958, 15.4647302628, 9.40263938904, 11.4347324371, 7.39275598526, 5.32486104965, 2.19873189926, 3.08747315407, 2.09383058548, 3.28900456429, 3.5791285038, 3.90032148361, 2.78681898117, 3.5736644268, 3.87619686127, 3.82963895798, 4.72782325745, 6.77190637589, 4.53223133087, 2.65686798096, 1.81422019005, 0.803621351719, 0.449981361628, 0.215090110898, 0.0677565857768, 0.0175174809992, 0.00468197232112, 0.00149153999519, 0.000155216082931, 6.98223357176e-06, 1.70842176885e-05, 4.09511048929e-05],
        "dmean2": [2.32053875923, 11.19688797, 8.43851089478, 9.34143066406, 5.7997136116, 11.3651390076, 35.0755767822, 18.1212291718, 19.3726215363, 24.6625747681, 14.1212091446, 16.2025146484, 10.1426696777, 7.06634140015, 3.41370511055, 5.27294778824, 3.19972658157, 4.93159627914, 5.27105760574, 6.17964458466, 4.09881830215, 5.06531715393, 5.10184144974, 5.64188051224, 7.06713628769, 9.78097629547, 5.94531345367, 3.44877505302, 2.76526641846, 1.20019996166, 0.610906660557, 0.292325854301, 0.0964969396591, 0.0240502022207, 0.00641077524051, 0.00207570474595, 0.000216845801333, 1.00766101241e-05, 2.85528294626e-05, 6.91293753334e-05],
        "dvar": [7.03762483597, 115.466026306, 76.0191497803, 121.458351135, 86.2587966919, 185.900299072, 1152.17163086, 403.635894775, 1042.6328125, 4052.46557617, 386.226959229, 1693.27148438, 404.960876465, 944.736572266, 37.3835487366, 35.7043495178, 36.9738883972, 94.3169784546, 106.168693542, 150.437759399, 98.2036590576, 148.026657104, 162.824661255, 148.880859375, 204.218597412, 473.285980225, 157.821640015, 46.1268768311, 23.4291534424, 4.53308916092, 1.28486037254, 0.269355416298, 0.0329798124731, 0.0025150666479, 0.000228617718676, 2.91984906653e-05, 3.73491388928e-07, 4.51921805533e-10, 6.79244938073e-10, 4.15173717627e-09],
        "dvar2": [19.9572620392, 362.852203369, 187.22064209, 280.646087646, 229.976791382, 480.761413574, 3596.17041016, 1213.21777344, 2569.57446289, 10246.5742188, 778.819702148, 2452.8815918, 578.672607422, 1640.55969238, 80.7649383545, 100.406044006, 81.8515930176, 210.573364258, 207.744674683, 379.647979736, 220.421401978, 294.661651611, 325.8699646, 299.690124512, 385.345703125, 998.697692871, 270.113739014, 66.6074981689, 50.7546730042, 9.62886619568, 2.3993897438, 0.475738495588, 0.0586245507002, 0.00425296509638, 0.000423670222517, 5.94952580286e-05, 7.93086655904e-07, 9.00227226097e-10, 2.03635841522e-09, 1.24935501944e-08],
        "max": [16.6034355164, 74.2472000122, 69.4543991089, 94.0292434692, 186.516189575, 217.762664795, 278.636260986, 246.670532227, 509.712310791, 1288.37927246, 671.613708496, 748.233154297, 454.330718994, 1190.70043945, 126.428314209, 69.2860488892, 121.872184753, 129.552963257, 148.47277832, 158.993362427, 184.794509888, 140.933013916, 147.921127319, 167.875534058, 155.189102173, 302.828308105, 131.519302368, 80.7144546509, 48.712802887, 27.6123867035, 11.3987054825, 6.85424757004, 1.91170036793, 0.58031052351, 0.152557566762, 0.0570045597851, 0.00951393693686, 0.000327306886902, 0.000194890148123, 0.000479887035908],
        "mean": [1.82207751274, 9.4706029892, 9.86365604401, 10.0558986664, 5.6012005806, 13.7529382706, 35.0747184753, 24.5354652405, 21.7793254852, 21.1175251007, 24.0640506744, 27.8176212311, 21.0241165161, 16.567029953, 4.52499771118, 5.29352664948, 4.13944721222, 5.00116634369, 7.23042440414, 5.4637966156, 4.09376621246, 4.9601111412, 4.9682970047, 4.92508792877, 5.78450298309, 7.58850002289, 6.00946950912, 3.71624779701, 2.10492277145, 0.90841281414, 0.526550114155, 0.25838547945, 0.0758405327797, 0.0194334574044, 0.0051596974954, 0.00153763312846, 0.000170658822753, 9.33703449846e-06, 3.52648967237e-05, 8.36275139591e-05],
        "median": [0.732216179371, 4.5186958313, 5.53042793274, 4.35932207108, 2.23206543922, 5.9026594162, 15.5911359787, 8.83598136902, 7.89249324799, 7.41752958298, 8.78928756714, 5.22009086609, 4.74807739258, 1.91980671883, 1.64946949482, 2.21127986908, 1.22392034531, 1.13014900684, 0.951699614525, 0.685917615891, 0.265571564436, 0.237393066287, 0.194723322988, 0.139247015119, 0.106551475823, 0.0960246771574, 0.0577034763992, 0.0373209603131, 0.0223514866084, 0.0128910103813, 0.00749684730545, 0.00361507502384, 0.00145066273399, 0.000493817031384, 0.000151185085997, 6.36594559182e-05, 2.59533553617e-05, 3.09346501126e-06, 2.63023430307e-05, 6.00224411755e-05],
        "min": [3.47684976987e-06, 1.54721565195e-05, 7.30268357074e-06, 1.32824352477e-05, 2.52418012678e-05, 4.2050560296e-05, 6.91349705448e-05, 7.96211243141e-05, 7.66118682805e-05, 8.06295283837e-05, 0.000132471890538, 0.000131994354888, 0.00011314983567, 6.01148567512e-05, 7.83616924309e-05, 8.472151967e-05, 8.27867261251e-05, 7.59022441343e-05, 0.000155029483722, 9.19662779779e-05, 0.00010411254334, 5.88214861637e-05, 0.000151319982251, 0.000129221589305, 0.000185562181287, 0.000169770704815, 8.40584252728e-05, 5.28024502273e-05, 3.9604932681e-05, 3.26008012053e-05, 3.05810244754e-05, 5.16012050866e-06, 2.22216067414e-06, 1.99514047949e-07, 6.94306407922e-08, 4.43127667893e-08, 2.23901857055e-08, 9.10162611945e-09, 3.181503061e-09, 1.0921212823e-09],
        "var": [8.68904304504, 164.943435669, 135.59552002, 191.639373779, 108.647285461, 442.304718018, 2030.94543457, 1390.67980957, 1798.16760254, 3662.11791992, 3859.84033203, 6741.29394531, 2732.46459961, 9392.1953125, 99.546546936, 69.583946228, 79.0612869263, 138.391113281, 361.520843506, 192.433059692, 177.421737671, 280.690368652, 281.34286499, 264.797668457, 355.902130127, 711.554504395, 365.196166992, 124.943771362, 39.2712364197, 7.32877063751, 2.46524548531, 0.554358839989, 0.0571762509644, 0.0043857912533, 0.000364543229807, 3.92131587432e-05, 4.74604121337e-07, 6.75975719844e-10, 1.11790532387e-09, 6.7257919234e-09]
    },
    "gfcc": {
        "mean": [-114.961341858, 192.572341919, -95.731842041, 36.1602363586, -47.5866699219, -1.39819264412, -6.39759922028, -10.4872674942, 4.53051137924, -4.91043996811, 5.41758775711, -10.5263471603, 5.67817115784],
        "cov": [[7151.43359375, -1097.15148926, -877.095214844, 742.752929688, -531.989562988, 0.251709163189, -462.823974609, 127.929504395, -265.838562012, -12.3593120575, -215.221389771, -112.17199707, -9.47890663147], [-1097.15148926, 1849.19836426, 910.929443359, -966.616210938, 639.346679688, -42.5927658081, 334.84664917, -143.648864746, 231.878341675, -38.9659194946, 93.865562439, 9.08402633667, 100.335212708], [-877.095214844, 910.929443359, 1713.17321777, 33.8170547485, 703.869750977, 176.599914551, 444.090942383, -57.8512649536, 90.2856292725, -11.3290719986, 61.6951675415, 1.59672820568, 27.2206363678], [742.752929688, -966.616210938, 33.8170547485, 1010.87219238, -118.120269775, 100.272468567, 17.0343780518, 43.5413894653, -111.697166443, -48.6874465942, -48.9522705078, -35.972038269, -78.1291275024], [-531.989562988, 639.346679688, 703.869750977, -118.120269775, 752.698669434, 71.3476257324, 275.910369873, 16.5526790619, 144.346084595, -8.1284160614, -34.5248641968, -21.9475860596, -4.27884626389], [0.251709163189, -42.5927658081, 176.599914551, 100.272468567, 71.3476257324, 145.360183716, 62.8671951294, 27.9896717072, 1.23862481117, 9.89645385742, 5.64900541306, -12.2923049927, -3.28719449043], [-462.823974609, 334.84664917, 444.090942383, 17.0343780518, 275.910369873, 62.8671951294, 290.301483154, 1.11877894402, 96.4316253662, -14.0841836929, 43.1267280579, 10.9789152145, 6.86426305771], [127.929504395, -143.648864746, -57.8512649536, 43.5413894653, 16.5526790619, 27.9896717072, 1.11877894402, 112.920120239, 17.6334724426, 23.9331607819, -21.4309368134, -3.52540946007, 13.3050861359], [-265.838562012, 231.878341675, 90.2856292725, -111.697166443, 144.346084595, 1.23862481117, 96.4316253662, 17.6334724426, 130.157333374, 26.7500934601, 22.7508926392, -4.84873199463, 31.9093494415], [-12.3593120575, -38.9659194946, -11.3290719986, -48.6874465942, -8.1284160614, 9.89645385742, -14.0841836929, 23.9331607819, 26.7500934601, 80.4280395508, 20.4878768921, 15.1834287643, 1.28452086449], [-215.221389771, 93.865562439, 61.6951675415, -48.9522705078, -34.5248641968, 5.64900541306, 43.1267280579, -21.4309368134, 22.7508926392, 20.4878768921, 99.7730178833, 43.5442466736, 20.0760536194], [-112.17199707, 9.08402633667, 1.59672820568, -35.972038269, -21.9475860596, -12.2923049927, 10.9789152145, -3.52540946007, -4.84873199463, 15.1834287643, 43.5442466736, 71.2179946899, 20.7449626923], [-9.47890663147, 100.335212708, 27.2206363678, -78.1291275024, -4.27884626389, -3.28719449043, 6.86426305771, 13.3050861359, 31.9093494415, 1.28452086449, 20.0760536194, 20.7449626923, 78.994354248]],
        "icov": [[0.000208279496292, -0.000385703344364, 0.000202541588806, -0.000479604583234, 5.52739766135e-05, -6.45432228339e-05, 0.000211587801459, -0.000294523691991, 0.000525416282471, -0.000555524486117, 0.000315516343107, 0.000143296987517, -0.000318744569086], [-0.000385703344364, 0.00655915122479, -0.00230665365234, 0.00594849418849, -0.00154070649296, 0.00135630904697, -0.002020154614, 0.00416071387008, -0.0036063476, 0.00595936691388, -0.00273633818142, 0.00227719265968, -0.000794240622781], [0.000202541588806, -0.00230665365234, 0.00247481442057, -0.00226741051301, -0.000813255901448, -0.00096922746161, -0.00112461566459, -0.000233953047427, 0.00380621897057, -0.00358722964302, 0.000128307161503, 0.000615023018327, -0.0017618018901], [-0.000479604583234, 0.00594849418849, -0.00226741051301, 0.00688262796029, -0.000853094970807, 0.000484105577925, -0.00239881174639, 0.00299849617295, -0.00281766825356, 0.00630427896976, -0.00212201476097, 0.00190133147407, 0.000728495127987], [5.52739766135e-05, -0.00154070649296, -0.000813255901448, -0.000853094970807, 0.00423251092434, -0.000829936005175, -0.000230701451073, -0.00165409047622, -0.00311577622779, 2.82035489363e-05, 0.0041922214441, -0.00260239467025, 0.00276956288144], [-6.45432228339e-05, 0.00135630904697, -0.00096922746161, 0.000484105577925, -0.000829936005175, 0.0103683266789, -0.00234389049001, -0.00159095483832, 0.00264009227976, -0.00149442034308, -0.00268163857982, 0.00440533133224, -0.00157706125174], [0.000211587801459, -0.002020154614, -0.00112461566459, -0.00239881174639, -0.000230701451073, -0.00234389049001, 0.0115328095853, -0.00274392869323, -0.0068790121004, 0.00407201005146, -0.0018367957091, -0.00445222621784, 0.00430482719094], [-0.000294523691991, 0.00416071387008, -0.000233953047427, 0.00299849617295, -0.00165409047622, -0.00159095483832, -0.00274392869323, 0.0155696896836, -0.00252755754627, -0.00121418468188, 0.00250586564653, 0.000837781408336, -0.00462974002585], [0.000525416282471, -0.0036063476, 0.00380621897057, -0.00281766825356, -0.00311577622779, 0.00264009227976, -0.0068790121004, -0.00252755754627, 0.0250847283751, -0.013111140579, -0.00319374678656, 0.00961436983198, -0.0101229771972], [-0.000555524486117, 0.00595936691388, -0.00358722964302, 0.00630427896976, 2.82035489363e-05, -0.00149442034308, 0.00407201005146, -0.00121418468188, -0.013111140579, 0.0262625161558, -0.00520235719159, -0.00466993683949, 0.00704303290695], [0.000315516343107, -0.00273633818142, 0.000128307161503, -0.00212201476097, 0.0041922214441, -0.00268163857982, -0.0018367957091, 0.00250586564653, -0.00319374678656, -0.00520235719159, 0.0218991879374, -0.0115062044933, 5.42797242815e-05], [0.000143296987517, 0.00227719265968, 0.000615023018327, 0.00190133147407, -0.00260239467025, 0.00440533133224, -0.00445222621784, 0.000837781408336, 0.00961436983198, -0.00466993683949, -0.0115062044933, 0.0268755014986, -0.00885984301567], [-0.000318744569086, -0.000794240622781, -0.0017618018901, 0.000728495127987, 0.00276956288144, -0.00157706125174, 0.00430482719094, -0.00462974002585, -0.0101229771972, 0.00704303290695, 5.42797242815e-05, -0.00885984301567, 0.0217349343002]]
    },
    "melbands": {
        "dmean": [0.0105245932937, 0.00443805241957, 0.000919475918636, 0.000289503950626, 0.000655766169075, 0.000240857989411, 0.000195688160602, 0.000154195964569, 6.72809255775e-05, 7.71812556195e-05, 3.70900670532e-05, 2.29615543503e-05, 7.42697193346e-06, 8.71784504852e-06, 5.23089238413e-06, 5.61552133149e-06, 6.03957050771e-06, 5.58589999855e-06, 5.8026375882e-06, 4.29776810051e-06, 3.16157047564e-06, 3.63602202924e-06, 4.04708862334e-06, 3.41232885148e-06, 3.18499928653e-06, 2.90563843919e-06, 5.13529266755e-06, 4.32227079727e-06, 3.18059483106e-06, 1.94068638848e-06, 1.51294977968e-06, 1.15892112262e-06, 6.27049587365e-07, 4.06911595974e-07, 2.72466536444e-07, 1.91010798289e-07, 1.10381719765e-07, 5.36609832125e-08, 2.33748309597e-08, 1.17543077494e-08],
        "dmean2": [0.0176646094769, 0.00771726015955, 0.0014602241572, 0.000460566370748, 0.00111863098573, 0.000406663893955, 0.000322349165799, 0.000243635877268, 0.000100121724245, 0.000109133521619, 5.07142140123e-05, 3.05652720272e-05, 1.15184311653e-05, 1.48226390593e-05, 8.49022853799e-06, 8.63923833094e-06, 9.11525694391e-06, 8.08293953014e-06, 9.05618799152e-06, 6.55871099298e-06, 4.92157869303e-06, 5.45936427443e-06, 5.36653624295e-06, 4.91900118504e-06, 4.87385159431e-06, 4.45083333034e-06, 7.6719752542e-06, 6.21835852144e-06, 4.30269710705e-06, 2.6236236863e-06, 2.02661863113e-06, 1.79745939022e-06, 9.91397655525e-07, 6.06940659509e-07, 3.74424047322e-07, 2.69365045824e-07, 1.59630801022e-07, 7.94332493115e-08, 3.39055681309e-08, 1.60222697332e-08],
        "dvar": [0.000366848078556, 4.79997506773e-05, 3.13473265123e-06, 2.82456596779e-07, 1.22412041037e-06, 1.91315521647e-07, 3.68631248193e-07, 3.56890041076e-07, 1.88720186145e-08, 7.18011747836e-08, 1.04589057415e-08, 1.9176676247e-08, 5.20013754279e-10, 2.89765322847e-10, 1.29290064765e-10, 2.44370024216e-10, 3.31481730953e-10, 2.71589389866e-10, 2.64789440374e-10, 2.10443704129e-10, 1.2597019261e-10, 1.71752362332e-10, 1.89602944456e-10, 1.19269982779e-10, 1.06159837865e-10, 8.91174842255e-11, 2.99898744727e-10, 1.92202184723e-10, 8.76802727645e-11, 2.70059721114e-11, 1.68682012802e-11, 9.81460052119e-12, 3.13319400806e-12, 1.17608483716e-12, 4.88490975101e-13, 2.34961843818e-13, 7.69595026812e-14, 2.24807355348e-14, 4.15597689658e-15, 1.37823663699e-15],
        "dvar2": [0.00108819303568, 0.000141002543387, 7.33782326279e-06, 6.95226106018e-07, 3.77261198992e-06, 5.78580738875e-07, 9.10721098535e-07, 9.11434767659e-07, 3.49531390498e-08, 1.04976265902e-07, 1.51114640801e-08, 3.33612000247e-08, 1.0836954667e-09, 8.05958022543e-10, 3.07434216973e-10, 5.70568370328e-10, 7.3513967136e-10, 5.11420128468e-10, 6.26246776658e-10, 4.74339567624e-10, 2.98364360996e-10, 3.98106991817e-10, 3.71306707603e-10, 2.51476117707e-10, 2.2256864407e-10, 1.81078083084e-10, 6.38714026113e-10, 4.11107370368e-10, 1.71707134622e-10, 4.58834949202e-11, 2.62399390411e-11, 2.16517775931e-11, 7.12573489797e-12, 2.59538332666e-12, 9.20490897047e-13, 4.24665809245e-13, 1.46606929071e-13, 4.16933977306e-14, 7.66103014902e-15, 2.44719126352e-15],
        "max": [0.130363166332, 0.0531290285289, 0.0213926006109, 0.00787966232747, 0.00962635222822, 0.00534487422556, 0.0115645620972, 0.0113407745957, 0.00492873089388, 0.00495556462556, 0.00222822185606, 0.00537657085806, 0.000562096654903, 0.000167180638527, 0.000213103397982, 0.000263471534709, 0.0002491256746, 0.000261927954853, 0.000163379212609, 0.000170113358763, 0.000195539207198, 0.000150561318151, 0.000169435719727, 0.00013680671691, 0.000139589363243, 9.47354201344e-05, 0.000211964856135, 0.00021354148339, 0.000102022604551, 7.66293669585e-05, 5.48921125301e-05, 3.11521689582e-05, 2.00575723284e-05, 1.3556261365e-05, 6.99075371813e-06, 4.71378143629e-06, 3.53161840394e-06, 1.51689619088e-06, 6.33149852547e-07, 4.41390028527e-07],
        "mean": [0.0151282157749, 0.00795157440007, 0.00163805915508, 0.00053957948694, 0.00112811848521, 0.000565928698052, 0.00034289402538, 0.000224603136303, 0.00018097688735, 0.00018342580006, 0.00010341185407, 7.0841764682e-05, 1.37894930958e-05, 1.4769727386e-05, 1.00076649687e-05, 9.5856430562e-06, 8.65425863594e-06, 1.07165833469e-05, 9.89432464849e-06, 5.65904610994e-06, 4.3675854613e-06, 4.82992118123e-06, 5.10555628352e-06, 4.21268214268e-06, 3.95630695493e-06, 3.65015398529e-06, 5.42303860129e-06, 4.87930583404e-06, 4.04132515541e-06, 2.59629496213e-06, 2.09274071494e-06, 1.3235581946e-06, 6.53473136936e-07, 4.46585602276e-07, 3.11571113798e-07, 2.31296013453e-07, 1.29493585632e-07, 5.84546100413e-08, 2.54421870238e-08, 1.27458728016e-08],
        "median": [0.00695434445515, 0.00447695795447, 0.000699611264281, 0.00023808341939, 0.000521345005836, 0.000231493948377, 0.000123105448438, 7.27960141376e-05, 6.30129434285e-05, 2.97002789011e-05, 2.20589554374e-05, 6.10677125223e-06, 4.28720977652e-06, 6.02164891461e-06, 2.88541104965e-06, 2.64641630565e-06, 1.62687558714e-06, 1.09581264951e-06, 1.13324585982e-06, 3.41575713492e-07, 2.15122369696e-07, 2.02046535946e-07, 1.55269376023e-07, 1.46695285252e-07, 9.13359912147e-08, 6.86284096219e-08, 7.71274955014e-08, 5.548249149e-08, 3.65520875789e-08, 2.80092002924e-08, 1.95614386911e-08, 1.31327260178e-08, 9.29684151885e-09, 6.42184794231e-09, 4.60993732077e-09, 3.03706970683e-09, 1.8515967648e-09, 1.06871644867e-09, 6.17379036782e-10, 2.85323598082e-10],
