{
"highlevel": {
    "danceability": {
        "all": {
            "danceable": 0.753940284252,
            "not_danceable": 0.246059700847
        },
        "probability": 0.753940284252,
        "value": "danceable"
    },
    "gender": {
        "all": {
            "female": 0.875402510166,
            "male": 0.124597460032
        },
        "probability": 0.875402510166,
        "value": "female"
    },
    "genre_dortmund": {
        "all": {
            "alternative": 0.0743250921369,
            "blues": 0.0799475386739,
            "electronic": 0.0116549031809,
            "folkcountry": 0.111077994108,
            "funksoulrnb": 0.0675188302994,
            "jazz": 0.0294054374099,
            "pop": 0.13937458396,
            "raphiphop": 0.206445768476,
            "rock": 0.280249834061
        },
        "probability": 0.280249834061,
        "value": "rock"
    },
    "genre_electronic": {
        "all": {
            "ambient": 0.202486440539,
            "dnb": 0.0387129075825,
            "house": 0.652892172337,
            "techno": 0.0183656234294,
            "trance": 0.0875428244472
        },
        "probability": 0.652892172337,
        "value": "house"
    },
    "genre_rosamerica": {
        "all": {
            "cla": 0.0185349658132,
            "dan": 0.133776143193,
            "hip": 0.0385455861688,
            "jaz": 0.015846574679,
            "pop": 0.319524735212,
            "rhy": 0.29134196043,
            "roc": 0.152744069695,
            "spe": 0.0296859703958
        },
        "probability": 0.319524735212,
        "value": "pop"
    },
    "genre_tzanetakis": {
        "all": {
            "blu": 0.0626613423228,
            "cla": 0.0348169617355,
            "cou": 0.104475811124,
            "dis": 0.0784321576357,
            "hip": 0.15692435205,
            "jaz": 0.313974827528,
            "met": 0.0448166541755,
            "pop": 0.0627359300852,
            "reg": 0.0627360641956,
            "roc": 0.0784258767962
        },
        "probability": 0.313974827528,
        "value": "jaz"
    },
    "ismir04_rhythm": {
        "all": {
            "ChaChaCha": 0.243185162544,
            "Jive": 0.050043579191,
            "Quickstep": 0.0855070650578,
            "Rumba-American": 0.00698276096955,
            "Rumba-International": 0.0839393213391,
            "Rumba-Misc": 0.0114709557965,
            "Samba": 0.446626335382,
            "Tango": 0.0195182729512,
            "VienneseWaltz": 0.0451106280088,
            "Waltz": 0.00761591736227
        },
        "probability": 0.446626335382,
        "value": "Samba"
    },
    "mood_acoustic": {
        "all": {
            "acoustic": 0.0588241964579,
            "not_acoustic": 0.941175818443
        },
        "probability": 0.941175818443,
        "value": "not_acoustic"
    },
    "mood_aggressive": {
        "all": {
            "aggressive": 0.119020842016,
            "not_aggressive": 0.880979180336
        },
        "probability": 0.880979180336,
        "value": "not_aggressive"
    },
    "mood_electronic": {
        "all": {
            "electronic": 0.274897843599,
            "not_electronic": 0.725102186203
        },
        "probability": 0.725102186203,
        "value": "not_electronic"
    },
    "mood_happy": {
        "all": {
            "happy": 0.116417966783,
            "not_happy": 0.883582055569
        },
        "probability": 0.883582055569,
        "value": "not_happy"
    },
    "mood_party": {
        "all": {
            "not_party": 0.449697703123,
            "party": 0.550302326679
        },
        "probability": 0.550302326679,
        "value": "party"
    },
    "mood_relaxed": {
        "all": {
            "not_relaxed": 0.338735193014,
            "relaxed": 0.661264777184
        },
        "probability": 0.661264777184,
        "value": "relaxed"
    },
    "mood_sad": {
        "all": {
            "not_sad": 0.663496255875,
            "sad": 0.336503744125
        },
        "probability": 0.663496255875,
        "value": "not_sad"
    },
    "moods_mirex": {
        "all": {
            "Cluster1": 0.270818442106,
            "Cluster2": 0.365114569664,
            "Cluster3": 0.129878044128,
            "Cluster4": 0.185400545597,
            "Cluster5": 0.048788394779
        },
        "probability": 0.365114569664,
        "value": "Cluster2"
    },
    "timbre": {
        "all": {
            "bright": 0.872640907764,
            "dark": 0.127359092236
        },
        "probability": 0.872640907764,
        "value": "bright"
    },
    "tonal_atonal": {
        "all": {
            "atonal": 0.957832992077,
            "tonal": 0.0421670377254
        },
        "probability": 0.957832992077,
        "value": "atonal"
    },
    "voice_instrumental": {
        "all": {
            "instrumental": 8.63404711708e-05,
            "voice": 0.99991363287
        },
        "probability": 0.99991363287,
        "value": "voice"
    }
},
"lowlevel": {
    "average_loudness": 0.968265116215,
    "barkbands_crest": {
        "dmean": 3.2397518158,
        "dmean2": 5.13012981415,
        "dvar": 7.70432281494,
        "dvar2": 19.1239757538,
        "max": 24.209230423,
        "mean": 10.8936729431,
        "median": 10.4607162476,
        "min": 2.35867595673,
        "var": 16.6567821503
    },
    "barkbands_flatness_db": {
        "dmean": 0.0358190871775,
        "dmean2": 0.0553645789623,
        "dvar": 0.00126237561926,
        "dvar2": 0.00312535720877,
        "max": 0.371941149235,
        "mean": 0.165111541748,
        "median": 0.159810096025,
        "min": 0.0215848926455,
        "var": 0.00262304767966
    },
    "barkbands_kurtosis": {
        "dmean": 3.04716062546,
        "dmean2": 5.01542711258,
        "dvar": 29.3650341034,
        "dvar2": 74.0511016846,
        "max": 77.8209762573,
        "mean": 3.10970330238,
        "median": 0.799634695053,
        "min": -1.90017557144,
        "var": 41.9344749451
    },
    "barkbands_skewness": {
        "dmean": 0.653714418411,
        "dmean2": 0.983303248882,
        "dvar": 0.518203675747,
        "dvar2": 1.20450699329,
        "max": 8.1717042923,
        "mean": 1.45816111565,
        "median": 1.26023185253,
        "min": -3.18115901947,
        "var": 1.42934751511
    },
    "barkbands_spread": {
        "dmean": 8.74114513397,
        "dmean2": 13.5972929001,
        "dvar": 119.798614502,
        "dvar2": 269.493682861,
        "max": 106.382041931,
        "mean": 25.9112434387,
        "median": 21.274969101,
        "min": 2.13505363464,
        "var": 273.268218994
    },
    "dissonance": {
        "dmean": 0.0287752244622,
        "dmean2": 0.0512569360435,
        "dvar": 0.00215313560329,
        "dvar2": 0.00722749950364,
        "max": 0.499942034483,
        "mean": 0.456099480391,
        "median": 0.466427952051,
        "min": 0.0380810163915,
        "var": 0.00188538106158
    },
    "dynamic_complexity": 4.55830192566,
    "erbbands_crest": {
        "dmean": 2.37930727005,
        "dmean2": 3.78096032143,
        "dvar": 5.47552919388,
        "dvar2": 13.9256887436,
        "max": 26.6526279449,
        "mean": 7.92333173752,
        "median": 7.15355205536,
        "min": 2.37214875221,
        "var": 12.8539247513
    },
    "erbbands_flatness_db": {
        "dmean": 0.0254586692899,
        "dmean2": 0.0376294329762,
        "dvar": 0.000709496729542,
        "dvar2": 0.00162665755488,
        "max": 0.34347563982,
        "mean": 0.178150817752,
        "median": 0.177208811045,
        "min": 0.0817675814033,
        "var": 0.00207358668558
    },
    "erbbands_kurtosis": {
        "dmean": 0.760037004948,
        "dmean2": 1.16549611092,
        "dvar": 1.36554694176,
        "dvar2": 2.52249908447,
        "max": 20.6672096252,
        "mean": -0.130292728543,
        "median": -0.708248376846,
        "min": -1.82850933075,
        "var": 3.23655056953
    },
    "erbbands_skewness": {
        "dmean": 0.376715302467,
        "dmean2": 0.554921030998,
        "dvar": 0.159933373332,
        "dvar2": 0.31692007184,
        "max": 2.55747675896,
        "mean": 0.0337911359966,
        "median": 0.0642747282982,
        "min": -4.46941423416,
        "var": 0.568180143833
    },
    "erbbands_spread": {
        "dmean": 11.0399780273,
        "dmean2": 16.3107624054,
        "dvar": 171.411941528,
        "dvar2": 326.904663086,
        "max": 140.937789917,
        "mean": 45.1186485291,
        "median": 40.4635162354,
        "min": 8.85917282104,
        "var": 454.818115234
    },
    "hfc": {
        "dmean": 10.205283165,
        "dmean2": 14.4468479156,
        "dvar": 202.897460938,
        "dvar2": 424.679901123,
        "max": 179.093521118,
        "mean": 24.0937366486,
        "median": 16.5257205963,
        "min": 1.66171375895e-05,
        "var": 553.866271973
    },
    "melbands_crest": {
        "dmean": 4.30445051193,
        "dmean2": 6.939930439,
        "dvar": 15.0716590881,
        "dvar2": 37.7374420166,
        "max": 32.5605316162,
        "mean": 15.2742443085,
        "median": 15.0710201263,
        "min": 2.28269290924,
        "var": 33.2772064209
    },
    "melbands_flatness_db": {
        "dmean": 0.0393478274345,
        "dmean2": 0.0588254667819,
        "dvar": 0.00152984203305,
        "dvar2": 0.0037273990456,
        "max": 0.479856908321,
        "mean": 0.197873100638,
        "median": 0.193488314748,
        "min": 0.0174825564027,
        "var": 0.00523398350924
    },
    "melbands_kurtosis": {
        "dmean": 9.78937911987,
        "dmean2": 15.9166612625,
        "dvar": 378.931213379,
        "dvar2": 951.561401367,
        "max": 235.220993042,
        "mean": 14.1604919434,
        "median": 6.5607881546,
        "min": -1.6240683794,
        "var": 458.245056152
    },
    "melbands_skewness": {
        "dmean": 0.965367913246,
        "dmean2": 1.42898595333,
        "dvar": 1.40152692795,
        "dvar2": 3.16564369202,
        "max": 13.7855100632,
        "mean": 2.86054778099,
        "median": 2.36860275269,
        "min": -1.17014622688,
        "var": 3.39667654037
    },
    "melbands_spread": {
        "dmean": 10.8102846146,
        "dmean2": 16.541267395,
        "dvar": 249.604202271,
        "dvar2": 496.51739502,
        "max": 217.898773193,
        "mean": 27.5885696411,
        "median": 22.9111728668,
        "min": 1.51612317562,
        "var": 538.802978516
    },
    "pitch_salience": {
        "dmean": 0.100165270269,
        "dmean2": 0.160832792521,
        "dvar": 0.00988476257771,
        "dvar2": 0.0272207967937,
        "max": 0.902478218079,
        "mean": 0.528359353542,
        "median": 0.532582998276,
        "min": 0.131063699722,
        "var": 0.0169939249754
    },
    "silence_rate_20dB": {
        "dmean": 0,
        "dmean2": 0,
        "dvar": 0,
        "dvar2": 0,
        "max": 1,
        "mean": 1,
        "median": 1,
        "min": 1,
        "var": 0
    },
    "silence_rate_30dB": {
        "dmean": 0.078947365284,
        "dmean2": 0.158017039299,
        "dvar": 0.072715036571,
        "dvar2": 0.168677046895,
        "max": 1,
        "mean": 0.938901782036,
        "median": 1,
        "min": 0,
        "var": 0.0573656819761
    },
    "silence_rate_60dB": {
        "dmean": 0.0410216711462,
        "dmean2": 0.0813323035836,
        "dvar": 0.039338555187,
        "dvar2": 0.0809137821198,
        "max": 1,
        "mean": 0.153132244945,
        "median": 0,
        "min": 0,
        "var": 0.129682719707
    },
    "spectral_centroid": {
        "dmean": 348.654907227,
        "dmean2": 529.716369629,
        "dvar": 150462.359375,
        "dvar2": 307412.4375,
        "max": 5629.39306641,
        "mean": 1587.64624023,
        "median": 1448.28735352,
        "min": 257.260955811,
        "var": 518657.375
    },
    "spectral_complexity": {
        "dmean": 4.59365320206,
        "dmean2": 6.55383443832,
        "dvar": 25.9098625183,
        "dvar2": 50.3974227905,
        "max": 48,
        "mean": 17.6736278534,
        "median": 18,
        "min": 0,
        "var": 130.039047241
    },
    "spectral_decrease": {
        "dmean": 4.07054123741e-09,
        "dmean2": 5.45155609544e-09,
        "dvar": 3.82241782335e-17,
        "dvar2": 7.16691782029e-17,
        "max": -1.05876736127e-15,
        "mean": -8.28678015097e-09,
        "median": -6.02461236454e-09,
        "min": -4.42689334079e-08,
        "var": 7.93270574952e-17
    },
    "spectral_energy": {
        "dmean": 0.015980983153,
        "dmean2": 0.021242916584,
        "dvar": 0.000560747866984,
        "dvar2": 0.0010302150622,
        "max": 0.172638505697,
        "mean": 0.0334616303444,
        "median": 0.0247326567769,
        "min": 5.59432811187e-09,
        "var": 0.00122459663544
    },
    "spectral_energyband_high": {
        "dmean": 0.000761523842812,
        "dmean2": 0.00110922381282,
        "dvar": 2.3260990929e-06,
        "dvar2": 4.78891251987e-06,
        "max": 0.0279304049909,
        "mean": 0.00131250335835,
        "median": 0.000382606056519,
        "min": 1.58040147635e-09,
        "var": 5.94498214923e-06
    },
    "spectral_energyband_low": {
        "dmean": 0.011460497044,
        "dmean2": 0.0176534522325,
        "dvar": 0.00062416709261,
        "dvar2": 0.00142619106919,
        "max": 0.15959264338,
        "mean": 0.0159286893904,
        "median": 0.00165537174325,
        "min": 1.53240142797e-10,
        "var": 0.000769116624724
    },
    "spectral_energyband_middle_high": {
        "dmean": 0.00237524905242,
        "dmean2": 0.00332691823132,
        "dvar": 1.40644024214e-05,
        "dvar2": 2.52458557952e-05,
        "max": 0.0490744523704,
        "mean": 0.00530906766653,
        "median": 0.00301616592333,
        "min": 1.79774894971e-09,
        "var": 4.59990696982e-05
    },
    "spectral_energyband_middle_low": {
        "dmean": 0.00692768581212,
        "dmean2": 0.011512930505,
        "dvar": 0.000144636927871,
        "dvar2": 0.000389290129533,
        "max": 0.0823398306966,
        "mean": 0.0117208985612,
        "median": 0.00790815707296,
        "min": 1.57182244998e-09,
        "var": 0.000159290342708
    },
    "spectral_entropy": {
        "dmean": 0.269026070833,
        "dmean2": 0.403113424778,
        "dvar": 0.0987649783492,
        "dvar2": 0.227312579751,
        "max": 8.53609752655,
        "mean": 7.53867053986,
        "median": 7.51002264023,
        "min": 5.18459892273,
        "var": 0.229769960046
    },
    "spectral_flux": {
        "dmean": 0.0414916872978,
        "dmean2": 0.0584343001246,
        "dvar": 0.00213008234277,
        "dvar2": 0.00324957771227,
        "max": 0.386535078287,
        "mean": 0.100651882589,
        "median": 0.0820773988962,
        "min": 0.000239466273342,
        "var": 0.00646112114191
    },
    "spectral_kurtosis": {
        "dmean": 2.10933303833,
        "dmean2": 3.5638525486,
        "dvar": 8.32110691071,
        "dvar2": 22.5863571167,
        "max": 37.0304870605,
        "mean": 3.51170563698,
        "median": 2.92549419403,
        "min": -1.4008243084,
        "var": 11.1605100632
    },
    "spectral_rms": {
        "dmean": 0.00122489046771,
        "dmean2": 0.0015711056767,
        "dvar": 1.97299254978e-06,
        "dvar2": 3.16939326694e-06,
        "max": 0.0129779744893,
        "mean": 0.0048671872355,
        "median": 0.00491217058152,
        "min": 2.33621085499e-06,
        "var": 8.9559753178e-06
    },
    "spectral_rolloff": {
        "dmean": 779.479736328,
        "dmean2": 1276.81494141,
        "dvar": 1563749.125,
        "dvar2": 2990132.75,
        "max": 9754.54101562,
        "mean": 1943.3692627,
        "median": 1485.79101562,
        "min": 64.599609375,
        "var": 3796660.25
    },
    "spectral_skewness": {
        "dmean": 0.294469743967,
        "dmean2": 0.4723700881,
        "dvar": 0.123400352895,
        "dvar2": 0.324276059866,
        "max": 3.64456915855,
        "mean": 1.21836531162,
        "median": 1.212413311,
        "min": -0.505782425404,
        "var": 0.238574132323
    },
    "spectral_spread": {
        "dmean": 766008.8125,
        "dmean2": 1161469.875,
        "dvar": 1.18727717683e+12,
        "dvar2": 2.19520355533e+12,
        "max": 21372702,
        "mean": 4289501,
        "median": 3808850,
        "min": 1320861,
        "var": 3.1299230761e+12
    },
    "spectral_strongpeak": {
        "dmean": 0.467844963074,
        "dmean2": 0.798183143139,
        "dvar": 0.65478605032,
        "dvar2": 1.49286806583,
        "max": 9.40183544159,
        "mean": 0.744096338749,
        "median": 0.424676269293,
        "min": 0,
        "var": 0.94662541151
    },
    "zerocrossingrate": {
        "dmean": 0.0176283884794,
        "dmean2": 0.0216731056571,
        "dvar": 0.000453919667052,
        "dvar2": 0.00069374172017,
        "max": 0.328125,
        "mean": 0.0693110153079,
        "median": 0.05419921875,
        "min": 0.00439453125,
        "var": 0.00229866360314
    },
    "barkbands": {
        "dmean": [0.000185433993465, 0.00686421850696, 0.00591568462551, 0.00196977308951, 0.00249019218609, 0.00178770674393, 0.000928535708226, 0.000909141614102, 0.00118163623847, 0.000506218464579, 0.000530901947059, 0.000435410998762, 0.000300075247651, 0.000409542728448, 0.000467414793093, 0.000190194623428, 0.000195152970264, 0.000204312687856, 0.000252469239058, 0.000242117981543, 0.000138139192131, 0.000142267264891, 0.0002045056317, 0.000191611252376, 8.77542479429e-05, 9.34350555326e-06, 2.62437716003e-08],
        "dmean2": [0.000291572796414, 0.0106888916343, 0.0106873381883, 0.00365585507825, 0.00426526786759, 0.00294990837574, 0.00147291715257, 0.0014409921132, 0.00175574456807, 0.000749979633838, 0.00076504831668, 0.000619093072601, 0.000461788353277, 0.000635626958683, 0.000744763528928, 0.000307707930915, 0.000307161069941, 0.000315940589644, 0.000388081971323, 0.000375764793716, 0.000218769331696, 0.000219448149437, 0.000310504314257, 0.000280740496237, 0.000130130414618, 1.62614433066e-05, 4.59337528014e-08],
        "dvar": [1.45553087805e-07, 0.000204529584153, 0.000309586583171, 3.46653287124e-05, 2.4006169042e-05, 1.04714799818e-05, 4.06519802709e-06, 3.56263035428e-06, 7.93657545728e-06, 1.5360009229e-06, 2.87374609798e-06, 1.05524611627e-06, 5.92634592067e-07, 1.80367032954e-06, 1.01433931832e-06, 1.11808240888e-07, 1.49310977804e-07, 1.15170188053e-07, 1.72254516428e-07, 1.60976568964e-07, 1.21434098332e-07, 1.62467188147e-07, 1.63764340755e-07, 3.107574571e-07, 9.57630987841e-08, 9.20979181807e-10, 1.40129861247e-14],
        "dvar2": [3.03125517576e-07, 0.00049327511806, 0.000851415446959, 9.91481138044e-05, 6.53523820802e-05, 2.61787481577e-05, 9.12741688808e-06, 8.22842412163e-06, 1.91181552509e-05, 3.12401152769e-06, 6.08415575698e-06, 1.8036784013e-06, 1.34782783334e-06, 3.55286942977e-06, 2.32946854339e-06, 2.86591046006e-07, 3.46677353491e-07, 2.58681325249e-07, 3.65084247278e-07, 3.43091585364e-07, 2.64659718141e-07, 3.76258014967e-07, 3.57341832569e-07, 6.48364107292e-07, 1.9062873946e-07, 2.16797024777e-09, 3.41005063e-14],
        "max": [0.00439372565597, 0.107906252146, 0.111493356526, 0.0458928868175, 0.0372400172055, 0.0288576856256, 0.0337720103562, 0.0194271449, 0.0347466766834, 0.0203932709992, 0.0250308252871, 0.0211918447167, 0.0130372373387, 0.0249235443771, 0.0165875516832, 0.00399892264977, 0.00672744261101, 0.00506498850882, 0.00604866771027, 0.00780417444184, 0.00878881383687, 0.0121516110376, 0.00493964925408, 0.00868566613644, 0.00660894997418, 0.000566461589187, 1.84566260941e-06],
        "mean": [0.000359737605322, 0.0103314155713, 0.00449042348191, 0.00148626801092, 0.00310829980299, 0.00283479713835, 0.00136906129774, 0.00108699023258, 0.00168453785591, 0.000686076818965, 0.000713991757948, 0.00068537396146, 0.000382959638955, 0.000548904994503, 0.000694263260812, 0.000317571830237, 0.000362900347682, 0.000356602307875, 0.000453043205198, 0.000357180193532, 0.000210356360185, 0.000219095847569, 0.000331767951138, 0.000276296486845, 0.000104643113445, 9.05996512301e-06, 1.74459842128e-08],
        "median": [2.20760703087e-05, 0.000580273743253, 0.00032442464726, 0.000320765248034, 0.0016591467429, 0.00130088266451, 0.00041477146442, 0.000147872517118, 0.000314490636811, 0.00010324500181, 0.00010466772801, 8.16696265247e-05, 7.22166441847e-05, 0.000111900350021, 0.000261552719167, 0.00018507745699, 0.000224380724831, 0.000213987470488, 0.000262403074885, 0.000150570107508, 5.11057296535e-05, 4.36073387391e-05, 6.95915732649e-05, 3.64382467524e-05, 1.24177813632e-05, 1.35909465371e-06, 3.18356618845e-10],
        "min": [1.81817928768e-11, 5.74912513429e-11, 3.70169485342e-11, 1.10088646532e-10, 2.04818634275e-10, 1.80380738124e-10, 5.94780683039e-11, 2.35427458778e-11, 7.5054587545e-11, 4.35608285554e-11, 3.87699143622e-11, 6.92486068488e-11, 3.06096606395e-11, 5.36206148927e-11, 9.08328481874e-11, 5.97637703215e-11, 1.46548329027e-10, 9.84368975221e-11, 2.6157909172e-10, 2.06548389503e-10, 2.25087282146e-10, 2.24252283409e-10, 1.77254377842e-10, 7.82258979815e-11, 6.48488641258e-12, 6.79974436132e-12, 8.05928067338e-12],
        "var": [4.29320351714e-07, 0.000259850930888, 0.000200982351089, 2.06811182579e-05, 2.16596945393e-05, 1.73023090611e-05, 7.21253582014e-06, 4.75135266242e-06, 1.21633793242e-05, 2.90149409921e-06, 4.47562570116e-06, 3.71620512851e-06, 9.18085447665e-07, 3.04303057419e-06, 1.73450757757e-06, 1.89002889783e-07, 2.45672197252e-07, 2.1720472887e-07, 3.77185926936e-07, 3.13752337888e-07, 2.63960288294e-07, 3.62077770433e-07, 3.78131545631e-07, 5.53631195999e-07, 1.35002693469e-07, 1.00823738247e-09, 9.7385105893e-15]
    },
    "erbbands": {
        "dmean": [0.158800154924, 1.82351577282, 6.72393274307, 5.94045495987, 7.18554449081, 8.37313747406, 11.2943334579, 16.8500385284, 11.3925285339, 18.0261955261, 18.9129943848, 22.5297012329, 22.2882213593, 18.8827838898, 17.7494068146, 13.4277648926, 12.1289272308, 20.765712738, 20.5194320679, 17.480550766, 9.87213897705, 11.1128158569, 11.0154085159, 11.448964119, 12.5596427917, 11.3878469467, 5.54477071762, 6.09920549393, 5.25238084793, 5.65276002884, 5.74319124222, 4.3699259758, 3.04587483406, 1.42486619949, 0.400808572769, 0.0805637016892, 0.00901780370623, 0.000521857524291, 2.5003679184e-05, 1.97015415324e-05],
        "dmean2": [0.24850513041, 2.84376049042, 11.9014053345, 10.5044736862, 12.950044632, 14.0565013885, 19.382768631, 27.1849575043, 17.9536972046, 29.0844783783, 29.195230484, 33.6991271973, 31.5425720215, 27.8457279205, 25.4765472412, 19.3226490021, 18.2738704681, 31.3853187561, 32.3526916504, 27.3940620422, 15.8708772659, 17.153585434, 16.9298915863, 17.3263645172, 19.8227005005, 17.4112682343, 8.44093227386, 9.96884536743, 8.26211071014, 8.51560783386, 8.69721508026, 6.78069782257, 4.71209383011, 2.12272357941, 0.602811038494, 0.131959348917, 0.0159245189279, 0.000912302406505, 3.57049902959e-05, 2.56998955592e-05],
        "dvar": [0.0954685211182, 15.4952640533, 368.245269775, 308.862091064, 320.179779053, 262.195922852, 653.424560547, 962.179077148, 422.906341553, 1715.6685791, 1637.98278809, 3407.97338867, 2745.65478516, 2365.80004883, 3532.53881836, 935.54699707, 978.960144043, 5274.61132812, 2737.25, 1018.25177002, 254.756622314, 501.187164307, 362.745819092, 297.530487061, 487.69442749, 426.340942383, 135.428329468, 247.518066406, 275.708007812, 146.533721924, 130.001022339, 121.984291077, 101.876907349, 24.7631263733, 2.58744764328, 0.0710755586624, 0.000682983431034, 2.83972417492e-06, 2.86016188511e-09, 7.57531815054e-10],
        "dvar2": [0.23844102025, 37.5243263245, 993.196716309, 842.519165039, 912.806945801, 694.351623535, 1738.0357666, 2335.08520508, 971.293762207, 4213.35888672, 3744.87963867, 8953.87109375, 5421.69921875, 4879.28613281, 7626.56103516, 1853.37939453, 2135.95043945, 10440.1523438, 6366.42382812, 2210.87255859, 642.820678711, 1170.28881836, 827.322631836, 615.469787598, 1055.48156738, 855.925842285, 255.879257202, 572.798828125, 664.596008301, 307.39730835, 285.682983398, 251.75541687, 222.403320312, 49.2976951599, 5.27937793732, 0.150341212749, 0.00179444684181, 7.81569542596e-06, 6.48396092373e-09, 1.29932753445e-09],
        "max": [3.12383627892, 29.8611850739, 115.952911377, 134.606781006, 136.915878296, 150.284088135, 237.279891968, 324.066497803, 244.975158691, 624.137939453, 497.388977051, 867.617614746, 644.405883789, 942.748596191, 1130.16516113, 491.836853027, 547.833984375, 1457.45043945, 1055.30834961, 355.976776123, 213.520050049, 372.412109375, 334.258422852, 248.486251831, 383.369140625, 496.467559814, 301.753631592, 381.40625, 483.136413574, 298.057098389, 165.275054932, 146.558120728, 154.290725708, 98.4686584473, 49.8937110901, 5.13556480408, 0.318619430065, 0.0199964102358, 0.000791635597125, 0.00021055903926],
        "mean": [0.276833891869, 2.34735226631, 5.74416017532, 4.74585962296, 6.99076318741, 10.7884540558, 15.0062866211, 26.9283466339, 18.3968906403, 25.3360366821, 24.1022548676, 31.4846324921, 34.7212104797, 31.8881149292, 26.3292217255, 20.8242149353, 17.2106018066, 28.6384773254, 29.3427772522, 29.587852478, 18.9140777588, 21.134557724, 19.9495925903, 21.4865131378, 21.6086082458, 16.9065475464, 9.28882312775, 8.40980815887, 7.97691917419, 8.9071559906, 9.31837844849, 6.70512866974, 4.00775146484, 1.70771670341, 0.470375239849, 0.0869727581739, 0.0089032035321, 0.000498337496538, 4.21346558142e-05, 4.3687345169e-05],
        "median": [0.0199323948473, 0.101831287146, 0.452508181334, 0.998588442802, 3.0932393074, 4.71565580368, 5.28906297684, 10.4805688858, 9.12058925629, 6.99187898636, 4.80953359604, 5.41850233078, 7.30793714523, 5.86323595047, 4.3509979248, 3.10471177101, 3.64088869095, 5.90622138977, 10.3597793579, 14.1641378403, 12.1189489365, 13.0512704849, 12.6307697296, 13.2715530396, 11.8983860016, 7.15540027618, 3.16661167145, 1.49711418152, 1.44628155231, 1.9698330164, 1.95104801655, 0.976368546486, 0.44572108984, 0.178103208542, 0.0618809573352, 0.0172168016434, 0.00152418506332, 7.44326025597e-05, 2.1163301426e-05, 3.2448930142e-05],
        "min": [1.79354631147e-09, 1.21434391431e-08, 3.85430531935e-08, 1.56523029204e-07, 7.69488394781e-07, 6.93759488968e-07, 7.61410717587e-07, 1.26056841054e-06, 7.43131920444e-07, 7.89518310285e-07, 8.85931058292e-07, 1.54312647282e-06, 1.34591311962e-06, 1.69187501342e-06, 1.59513228937e-06, 3.30767898049e-06, 1.85975000022e-06, 3.34259311785e-06, 4.66855954073e-06, 3.45113721778e-06, 4.09775748267e-06, 8.53351411934e-06, 6.34290245216e-06, 1.02773601611e-05, 1.08913600343e-05, 9.11820370675e-06, 9.99726853479e-06, 9.55763971433e-06, 7.46763316783e-06, 7.34690775062e-06, 4.86689532408e-06, 2.79215737464e-06, 1.1309122101e-06, 2.88193660936e-07, 1.73227221012e-07, 3.23713393868e-08, 1.42121550084e-08, 5.02054264828e-09, 1.24035060001e-09, 1.56940169194e-10],
        "var": [0.176159411669, 17.24492836, 256.66708374, 206.239334106, 210.638442993, 277.053039551, 764.743408203, 1763.65795898, 729.654602051, 2342.8269043, 2235.4309082, 4475.91455078, 5493.03076172, 6738.99853516, 5587.64257812, 2716.1159668, 1697.35595703, 8760.21289062, 4394.65429688, 1971.58764648, 525.568847656, 846.968261719, 660.057312012, 686.05670166, 959.045898438, 824.602966309, 360.355834961, 479.204284668, 528.446350098, 348.94241333, 313.555603027, 248.183319092, 156.141967773, 33.9975242615, 3.75371932983, 0.0981378033757, 0.000664410064928, 2.29938859775e-06, 4.50905091043e-09, 1.94961047306e-09]
    },
    "gfcc": {
        "mean": [-50.9376144409, 96.0472488403, -139.629898071, 50.0918502808, -68.6734695435, 7.77215433121, -46.6000595093, 5.53216314316, -17.794380188, -7.03993701935, -5.7310051918, -6.09980869293, -1.61798918247],
        "cov": [[24130.4960938, -210.817123413, 1680.6505127, 408.85546875, -261.756774902, 1339.64477539, -30.2343540192, 1494.82763672, 249.10585022, 329.17868042, -151.081741333, -122.318405151, -344.695068359], [-210.817123413, 1825.05065918, -77.1540145874, -173.281417847, 666.677978516, -395.760223389, 382.332946777, -25.4959812164, 166.878036499, -103.358940125, 76.7268066406, -80.2019882202, 43.0748977661], [1680.6505127, -77.1540145874, 1033.07312012, 332.480926514, 177.648391724, 404.509368896, 12.5923337936, 340.09677124, 90.8700866699, 139.839645386, -22.7673549652, 78.72265625, -55.9752616882], [408.85546875, -173.281417847, 332.480926514, 641.023986816, 115.348808289, 205.38331604, 52.0196876526, 29.2979240417, 127.601875305, 15.1908664703, 52.4331283569, 18.2803268433, 92.9292602539], [-261.756774902, 666.677978516, 177.648391724, 115.348808289, 638.860595703, 1.73351991177, 274.081237793, 105.424186707, 93.4712524414, 24.4920253754, 5.22315454483, 21.5628166199, 33.4212265015], [1339.64477539, -395.760223389, 404.509368896, 205.38331604, 1.73351991177, 650.415100098, 174.584594727, 222.609344482, 42.2074012756, 134.688766479, 52.6941452026, 15.9016466141, -15.6712732315], [-30.2343540192, 382.332946777, 12.5923337936, 52.0196876526, 274.081237793, 174.584594727, 397.529754639, 69.857963562, 68.5475311279, 53.7584915161, 63.8682518005, -7.05504560471, 14.5605239868], [1494.82763672, -25.4959812164, 340.09677124, 29.2979240417, 105.424186707, 222.609344482, 69.857963562, 351.665740967, 94.4367828369, 111.270896912, -11.5524187088, 36.4643058777, -52.0123062134], [249.10585022, 166.878036499, 90.8700866699, 127.601875305, 93.4712524414, 42.2074012756, 68.5475311279, 94.4367828369, 204.228622437, 56.1036529541, 75.1836624146, 3.24005746841, 6.11474561691], [329.17868042, -103.358940125, 139.839645386, 15.1908664703, 24.4920253754, 134.688766479, 53.7584915161, 111.270896912, 56.1036529541, 191.939071655, 61.5278587341, 37.5245933533, -47.6445388794], [-151.081741333, 76.7268066406, -22.7673549652, 52.4331283569, 5.22315454483, 52.6941452026, 63.8682518005, -11.5524187088, 75.1836624146, 61.5278587341, 166.835189819, 25.9572906494, 26.4835071564], [-122.318405151, -80.2019882202, 78.72265625, 18.2803268433, 21.5628166199, 15.9016466141, -7.05504560471, 36.4643058777, 3.24005746841, 37.5245933533, 25.9572906494, 133.464645386, 32.6686820984], [-344.695068359, 43.0748977661, -55.9752616882, 92.9292602539, 33.4212265015, -15.6712732315, 14.5605239868, -52.0123062134, 6.11474561691, -47.6445388794, 26.4835071564, 32.6686820984, 141.406585693]],
        "icov": [[7.31643085601e-05, -0.000167980047991, 7.70050755818e-05, -0.000157316491823, 0.000172715634108, -0.000177363312105, 0.000168843398569, -0.000369434885215, 0.000158700335305, -3.86674037145e-05, 8.76535341376e-05, 8.0096815509e-06, 0.00011147683108], [-0.000167980047991, 0.00296826311387, -0.0015117933508, 0.00197101710364, -0.00198393687606, 0.00260041467845, -0.00258422736079, 0.00116507103667, -0.00183694460429, 0.00180428195745, -0.00199956679717, 0.00201739463955, -0.00115990370978], [7.70050755818e-05, -0.0015117933508, 0.00315067218617, -0.00204007094726, 0.00019672740018, -0.00227815657854, 0.00244137807749, -0.00190297048539, 0.00122895580716, -0.00105075421743, 0.00133895815816, -0.0019588584546, 0.00178039132152], [-0.000157316491823, 0.00197101710364, -0.00204007094726, 0.00429210020229, -0.00159717490897, 0.000901833875105, -0.00146392523311, 0.00247925962321, -0.00322952261195, 0.00132172345184, -0.00103892758489, 0.0016127077397, -0.00266503007151], [0.000172715634108, -0.00198393687606, 0.00019672740018, -0.00159717490897, 0.00452116923407, -0.000362472521374, -0.000915983750019, -0.00153752462938, 0.000948504020926, -0.00121091550682, 0.00203375145793, -0.00133763079066, 5.20218491147e-05], [-0.000177363312105, 0.00260041467845, -0.00227815657854, 0.000901833875105, -0.000362472521374, 0.00594208482653, -0.0043997312896, -0.000465944816824, -6.15840326645e-05, 0.000580463558435, -0.00249507068656, 0.00258701131679, -0.00162522634491], [0.000168843398569, -0.00258422736079, 0.00244137807749, -0.00146392523311, -0.000915983750019, -0.0043997312896, 0.00774185825139, -0.00108503492083, 0.00119035854004, -0.00167417689227, 0.000593345786911, -0.00123145442922, 0.00121768226381], [-0.000369434885215, 0.00116507103667, -0.00190297048539, 0.00247925962321, -0.00153752462938, -0.000465944816824, -0.00108503492083, 0.00872196722776, -0.00447114417329, -0.000956991687417, 0.00185804779176, -0.000908783404157, -0.000273571291473], [0.000158700335305, -0.00183694460429, 0.00122895580716, -0.00322952261195, 0.000948504020926, -6.15840326645e-05, 0.00119035854004, -0.00447114417329, 0.0104143600911, -0.00167479319498, -0.00290460488759, 0.000439514493337, 0.00098492950201], [-3.86674037145e-05, 0.00180428195745, -0.00105075421743, 0.00132172345184, -0.00121091550682, 0.000580463558435, -0.00167417689227, -0.000956991687417, -0.00167479319498, 0.0104982918128, -0.00442078243941, -0.000975420465693, 0.0029054407496], [8.76535341376e-05, -0.00199956679717, 0.00133895815816, -0.00103892758489, 0.00203375145793, -0.00249507068656, 0.000593345786911, 0.00185804779176, -0.00290460488759, -0.00442078243941, 0.0116864508018, -0.00300109107047, -0.000958590593655], [8.0096815509e-06, 0.00201739463955, -0.0019588584546, 0.0016127077397, -0.00133763079066, 0.00258701131679, -0.00123145442922, -0.000908783404157, 0.000439514493337, -0.000975420465693, -0.00300109107047, 0.0116918841377, -0.00452159857377], [0.00011147683108, -0.00115990370978, 0.00178039132152, -0.00266503007151, 5.20218491147e-05, -0.00162522634491, 0.00121768226381, -0.000273571291473, 0.00098492950201, 0.0029054407496, -0.000958590593655, -0.00452159857377, 0.0118951005861]]
    },
    "melbands": {
        "dmean": [0.00160303106532, 0.00307025574148, 0.00104090641253, 0.000558519503102, 0.000378992641345, 0.000356821197784, 0.000188066260307, 0.000202087961952, 0.000145208454342, 0.000162937343703, 0.000112039117084, 7.57369198254e-05, 6.25063476036e-05, 5.45489237993e-05, 2.18877285079e-05, 3.93561422243e-05, 3.8487076381e-05, 3.18956263072e-05, 3.93355257984e-05, 1.53377950483e-05, 1.14903086796e-05, 1.24780763144e-05, 1.06339712147e-05, 1.02092017187e-05, 9.87112161965e-06, 1.07727737486e-05, 9.42651149671e-06, 7.43290911487e-06, 3.82576263291e-06, 3.42920361618e-06, 3.7134645936e-06, 2.97263477478e-06, 2.97655560644e-06, 3.67115831068e-06, 3.43796205016e-06, 3.48238813785e-06, 2.65056155513e-06, 2.50328093898e-06, 1.59085288942e-06, 1.2056699461e-06],
        "dmean2": [0.00253681419417, 0.00515057798475, 0.00179718318395, 0.000965889077634, 0.000643470382784, 0.000578453531489, 0.000294989295071, 0.000323433574522, 0.00022497473401, 0.000244115261012, 0.000159216535394, 0.000113807662274, 8.9531771664e-05, 7.50665931264e-05, 3.52514616679e-05, 5.99595587119e-05, 5.78514154768e-05, 5.02477414557e-05, 6.33120434941e-05, 2.39803666773e-05, 1.87215609913e-05, 1.95379325305e-05, 1.71523915924e-05, 1.60450235853e-05, 1.51863741849e-05, 1.69268278114e-05, 1.50768801177e-05, 1.13209744086e-05, 6.02244244874e-06, 5.52547180632e-06, 6.17003797743e-06, 4.73129057355e-06, 4.59970351585e-06, 5.65407844988e-06, 5.22779464518e-06, 5.5475247791e-06, 4.19160824094e-06, 3.86592682844e-06, 2.56674297816e-06, 1.83521910913e-06],
        "dvar": [1.03327893157e-05, 6.21613362455e-05, 8.06824300525e-06, 1.38393090765e-06, 6.59650879697e-07, 4.18328994556e-07, 1.11553902116e-07, 1.83001404253e-07, 1.03288662956e-07, 1.78303722009e-07, 7.00169024981e-08, 3.69952104506e-08, 4.19414227792e-08, 1.77205752294e-08, 6.37854347119e-09, 1.05556434704e-08, 1.83172268464e-08, 8.73080985286e-09, 6.96941482303e-09, 8.52706349974e-10, 3.60188046056e-10, 7.0973604771e-10, 3.94481614041e-10, 2.95085483826e-10, 2.46240750013e-10, 4.71748307085e-10, 2.40821446118e-10, 1.81741371952e-10, 5.8480484344e-11, 8.65169880182e-11, 8.79835579393e-11, 9.3620111663e-11, 5.68282226832e-11, 6.35386465664e-11, 4.35472283233e-11, 6.51693629616e-11, 5.63139708476e-11, 8.26915202978e-11, 2.59735288832e-11, 2.40694374154e-11],
        "dvar2": [2.47814714385e-05, 0.000159679446369, 2.13727726077e-05, 3.84912300433e-06, 1.70648218045e-06, 1.01823331988e-06, 2.45509738761e-07, 4.38868369201e-07, 2.3336528443e-07, 4.62971058823e-07, 1.3617405159e-07, 7.70665451455e-08, 9.40614128808e-08, 2.87983841218e-08, 1.48489345264e-08, 2.28640129052e-08, 3.66304639954e-08, 2.01583869597e-08, 1.61395448117e-08, 1.99880068052e-09, 9.03303321032e-10, 1.74015535315e-09, 8.47352799038e-10, 6.84339751533e-10, 5.40001321436e-10, 1.02492625498e-09, 5.53498635814e-10, 3.50698858842e-10, 1.13762659015e-10, 1.99006075507e-10, 2.09844308596e-10, 2.23001644928e-10, 1.30881916416e-10, 1.46956904978e-10, 9.90994855621e-11, 1.42743900033e-10, 1.27916746639e-10, 1.93209101496e-10, 5.08342465344e-11, 5.34335249658e-11],
        "max": [0.0299620423466, 0.047164209187, 0.0208016913384, 0.00899402331561, 0.00739101879299, 0.00665083993226, 0.00413042260334, 0.00543555151671, 0.00501391617581, 0.00596792157739, 0.00317778252065, 0.00347347836941, 0.00373112945817, 0.00299671525136, 0.00145095225889, 0.00173573754728, 0.0029611417558, 0.0017716010334, 0.000900163373444, 0.000360313657438, 0.00028519242187, 0.000365070765838, 0.000352231465513, 0.000262358342297, 0.000235991014051, 0.000393388385419, 0.000190108228708, 0.000341521168593, 0.00016577084898, 0.000271978467936, 0.000204843876418, 0.00028576340992, 0.000210456026252, 0.000157374408445, 8.07192191132e-05, 0.000131605847855, 0.000122751866002, 0.000153903703904, 9.13871772354e-05, 9.81860866887e-05],
        "mean": [0.00265106023289, 0.00313230976462, 0.000910005473997, 0.000643371953629, 0.000518408720382, 0.000570943229832, 0.000307266425807, 0.000280258449493, 0.000181774783414, 0.000227522410569, 0.000171524385223, 0.000125134043628, 8.76442791196e-05, 8.67525450303e-05, 2.97983497148e-05, 5.08662196808e-05, 5.0758724683e-05, 4.21843978984e-05, 5.76857491978e-05, 2.52715653914e-05, 2.08716282941e-05, 2.22166945605e-05, 1.86267679965e-05, 1.68394926732e-05, 1.72956606548e-05, 1.7730444597e-05, 1.38159493872e-05, 1.04908212961e-05, 6.10909955867e-06, 4.86204635308e-06, 4.74781745652e-06, 4.38180268247e-06, 4.33535115008e-06, 5.3038529586e-06, 5.3717544688e-06, 5.09760093337e-06, 3.71961414203e-06, 3.009610964e-06, 2.0827408207e-06, 1.24957875869e-06],
        "median": [0.000176704357727, 0.000215148465941, 0.000232438032981, 0.000349565962097, 0.000185433891602, 0.000227186159464, 0.00014337230823, 6.81638339302e-05, 3.40301776305e-05, 3.85290841223e-05, 3.23034691974e-05, 2.14009505726e-05, 1.53266973939e-05, 1.00232473415e-05, 4.92143044539e-06, 9.52282698563e-06, 9.05033357412e-06, 1.20210406749e-05, 2.25524527195e-05, 1.36733397085e-05, 1.25809856399e-05, 1.27698722281e-05, 1.12915304271e-05, 9.90073476714e-06, 9.97781535261e-06, 9.24882351683e-06, 6.45501813779e-06, 4.2627343646e-06, 1.94693734556e-06, 1.08098720375e-06, 6.69977794132e-07, 6.64850631438e-07, 9.0353773885e-07, 1.13721193884e-06, 1.18423179174e-06, 7.94899563061e-07, 5.047206173e-07, 3.33331172442e-07, 2.27829460187e-07, 1.12847899914e-07],
        "min": [2.11933942618e-11, 1.83345266053e-11, 5.31130001091e-11, 5.80596716537e-11, 4.2176980658e-11, 3.09017637867e-11, 1.17267619226e-11, 8.3800058906e-12, 6.55655998244e-12, 1.01953627832e-11, 6.53265549294e-12, 5.42229022099e-12, 4.18339798566e-12, 8.94396536e-12, 6.55176954356e-12, 4.60361566576e-12, 5.01558733781e-12, 6.60823566007e-12, 4.82812227698e-12, 5.86928812843e-12, 3.26962025163e-12, 8.05563688672e-12, 4.72676715477e-12, 4.14857774869e-12, 8.05350751365e-12, 1.08963107634e-11, 5.59905854319e-12, 5.75390169538e-12, 4.12714654119e-12, 4.73091791436e-12, 4.75634982788e-12, 4.14404448257e-12, 4.44005379338e-12, 3.81377134734e-12, 2.89364317013e-13, 2.74764347559e-12, 7.64934339828e-13, 6.08467486465e-13, 7.5375862778e-14, 5.11006405105e-14],
