{
"highlevel": {
    "danceability": {
        "all": {
            "danceable": 0.656008183956,
            "not_danceable": 0.343991786242
        },
        "probability": 0.656008183956,
        "value": "danceable"
    },
    "gender": {
        "all": {
            "female": 0.0238703489304,
            "male": 0.97612965107
        },
        "probability": 0.97612965107,
        "value": "male"
    },
    "genre_dortmund": {
        "all": {
            "alternative": 0.100262716413,
            "blues": 0.276143997908,
            "electronic": 0.0302137844265,
            "folkcountry": 0.150145530701,
            "funksoulrnb": 0.0366277061403,
            "jazz": 0.00881849136204,
            "pop": 0.0166814755648,
            "raphiphop": 0.0127484537661,
            "rock": 0.3683578372
        },
        "probability": 0.3683578372,
        "value": "rock"
    },
    "genre_electronic": {
        "all": {
            "ambient": 0.597783029079,
            "dnb": 0.262896955013,
            "house": 0.0397013574839,
            "techno": 0.00840027444065,
            "trance": 0.0912183970213
        },
        "probability": 0.597783029079,
        "value": "ambient"
    },
    "genre_rosamerica": {
        "all": {
            "cla": 0.36787211895,
            "dan": 0.0222796797752,
            "hip": 0.051729734987,
            "jaz": 0.0632901713252,
            "pop": 0.286360651255,
            "rhy": 0.0843899250031,
            "roc": 0.112517297268,
            "spe": 0.0115604298189
        },
        "probability": 0.36787211895,
        "value": "cla"
    },
    "genre_tzanetakis": {
        "all": {
            "blu": 0.0626613423228,
            "cla": 0.0348169617355,
            "cou": 0.104475811124,
            "dis": 0.0784321576357,
            "hip": 0.15692435205,
            "jaz": 0.313974827528,
            "met": 0.0448166541755,
            "pop": 0.0627359300852,
            "reg": 0.0627360641956,
            "roc": 0.0784258767962
        },
        "probability": 0.313974827528,
        "value": "jaz"
    },
    "ismir04_rhythm": {
        "all": {
            "ChaChaCha": 0.0716553628445,
            "Jive": 0.177511036396,
            "Quickstep": 0.0374321527779,
            "Rumba-American": 0.0256909579039,
            "Rumba-International": 0.012219235301,
            "Rumba-Misc": 0.00585834868252,
            "Samba": 0.0446262024343,
            "Tango": 0.123516060412,
            "VienneseWaltz": 0.488349556923,
            "Waltz": 0.0131410807371
        },
        "probability": 0.488349556923,
        "value": "VienneseWaltz"
    },
    "mood_acoustic": {
        "all": {
            "acoustic": 0.0313257016242,
            "not_acoustic": 0.968674302101
        },
        "probability": 0.968674302101,
        "value": "not_acoustic"
    },
    "mood_aggressive": {
        "all": {
            "aggressive": 0.466049194336,
            "not_aggressive": 0.533950805664
        },
        "probability": 0.533950805664,
        "value": "not_aggressive"
    },
    "mood_electronic": {
        "all": {
            "electronic": 0.650524377823,
            "not_electronic": 0.349475622177
        },
        "probability": 0.650524377823,
        "value": "electronic"
    },
    "mood_happy": {
        "all": {
            "happy": 0.978961884975,
            "not_happy": 0.021038107574
        },
        "probability": 0.978961884975,
        "value": "happy"
    },
    "mood_party": {
        "all": {
            "not_party": 0.5,
            "party": 0.5
        },
        "probability": 0.5,
        "value": "not_party"
    },
    "mood_relaxed": {
        "all": {
            "not_relaxed": 0.979405045509,
            "relaxed": 0.020594978705
        },
        "probability": 0.979405045509,
        "value": "not_relaxed"
    },
    "mood_sad": {
        "all": {
            "not_sad": 0.858678877354,
            "sad": 0.141321152449
        },
        "probability": 0.858678877354,
        "value": "not_sad"
    },
    "moods_mirex": {
        "all": {
            "Cluster1": 0.0867233648896,
            "Cluster2": 0.114646881819,
            "Cluster3": 0.173205077648,
            "Cluster4": 0.316166192293,
            "Cluster5": 0.309258490801
        },
        "probability": 0.316166192293,
        "value": "Cluster4"
    },
    "timbre": {
        "all": {
            "bright": 0.897580623627,
            "dark": 0.102419383824
        },
        "probability": 0.897580623627,
        "value": "bright"
    },
    "tonal_atonal": {
        "all": {
            "atonal": 0.0196168180555,
            "tonal": 0.98038315773
        },
        "probability": 0.98038315773,
        "value": "tonal"
    },
    "voice_instrumental": {
        "all": {
            "instrumental": 0.000781985931098,
            "voice": 0.999217987061
        },
        "probability": 0.999217987061,
        "value": "voice"
    }
},
"lowlevel": {
    "average_loudness": 0.956200122833,
    "barkbands_crest": {
        "dmean": 2.32820868492,
        "dmean2": 3.75740432739,
        "dvar": 4.86954641342,
        "dvar2": 11.4404706955,
        "max": 24.7033309937,
        "mean": 8.25982475281,
        "median": 7.39867830276,
        "min": 2.3177382946,
        "var": 14.9581670761
    },
    "barkbands_flatness_db": {
        "dmean": 0.019391072914,
        "dmean2": 0.0287714954466,
        "dvar": 0.000290448777378,
        "dvar2": 0.000602386659011,
        "max": 0.30424836278,
        "mean": 0.142536520958,
        "median": 0.139320164919,
        "min": 0.0565650947392,
        "var": 0.00145196297672
    },
    "barkbands_kurtosis": {
        "dmean": 0.838936984539,
        "dmean2": 1.30114126205,
        "dvar": 1.27739930153,
        "dvar2": 2.71754288673,
        "max": 20.4177703857,
        "mean": 0.126265764236,
        "median": -0.450922012329,
        "min": -1.84747290611,
        "var": 3.81607913971
    },
    "barkbands_skewness": {
        "dmean": 0.399478793144,
        "dmean2": 0.603645145893,
        "dvar": 0.134452968836,
        "dvar2": 0.320528268814,
        "max": 2.80618333817,
        "mean": 0.220322161913,
        "median": 0.19268079102,
        "min": -2.25030422211,
        "var": 0.51852107048
    },
    "barkbands_spread": {
        "dmean": 5.12902212143,
        "dmean2": 7.68329572678,
        "dvar": 29.9091758728,
        "dvar2": 64.5601425171,
        "max": 82.3724899292,
        "mean": 23.5940170288,
        "median": 22.5528087616,
        "min": 2.62358379364,
        "var": 104.811157227
    },
    "dissonance": {
        "dmean": 0.0171019490808,
        "dmean2": 0.0291089862585,
        "dvar": 0.000287053670036,
        "dvar2": 0.000785807147622,
        "max": 0.499982625246,
        "mean": 0.470515668392,
        "median": 0.476818352938,
        "min": 0.359273791313,
        "var": 0.000561313587241
    },
    "dynamic_complexity": 2.32627773285,
    "erbbands_crest": {
        "dmean": 2.88510847092,
        "dmean2": 4.73272562027,
        "dvar": 7.85792970657,
        "dvar2": 18.9483718872,
        "max": 30.9924869537,
        "mean": 9.72160625458,
        "median": 8.40996360779,
        "min": 2.95374369621,
        "var": 22.7982196808
    },
    "erbbands_flatness_db": {
        "dmean": 0.020936941728,
        "dmean2": 0.0300582014024,
        "dvar": 0.000373706832761,
        "dvar2": 0.000705656479113,
        "max": 0.360701948404,
        "mean": 0.206910997629,
        "median": 0.20522801578,
        "min": 0.0987584590912,
        "var": 0.00195538206026
    },
    "erbbands_kurtosis": {
        "dmean": 0.940773487091,
        "dmean2": 1.47768235207,
        "dvar": 1.07539308071,
        "dvar2": 2.44665813446,
        "max": 16.6225090027,
        "mean": 0.597998023033,
        "median": 0.14226269722,
        "min": -1.59889340401,
        "var": 3.56195044518
    },
    "erbbands_skewness": {
        "dmean": 0.377965390682,
        "dmean2": 0.575080692768,
        "dvar": 0.111523963511,
        "dvar2": 0.251096963882,
        "max": 3.43227386475,
        "mean": -0.0417549908161,
        "median": -0.0894290581346,
        "min": -2.24955701828,
        "var": 0.584294617176
    },
    "erbbands_spread": {
        "dmean": 5.93413209915,
        "dmean2": 9.27589702606,
        "dvar": 41.0690994263,
        "dvar2": 93.0888671875,
        "max": 77.8703994751,
        "mean": 24.3505554199,
        "median": 22.2222080231,
        "min": 3.31023621559,
        "var": 114.242988586
    },
    "hfc": {
        "dmean": 7.95099067688,
        "dmean2": 11.1665563583,
        "dvar": 145.910522461,
        "dvar2": 306.460144043,
        "max": 236.420639038,
        "mean": 24.9051914215,
        "median": 21.3169746399,
        "min": 0.46290692687,
        "var": 443.573364258
    },
    "melbands_crest": {
        "dmean": 3.35834050179,
        "dmean2": 5.33025884628,
        "dvar": 9.03998279572,
        "dvar2": 21.9095821381,
        "max": 29.6950454712,
        "mean": 11.7205762863,
        "median": 10.7178525925,
        "min": 2.5732820034,
        "var": 27.5634670258
    },
    "melbands_flatness_db": {
        "dmean": 0.0215997416526,
        "dmean2": 0.0307896956801,
        "dvar": 0.000401648285333,
        "dvar2": 0.000796136329882,
        "max": 0.291354775429,
        "mean": 0.149671792984,
        "median": 0.147525921464,
        "min": 0.019346062094,
        "var": 0.00200576987118
    },
    "melbands_kurtosis": {
        "dmean": 1.59316945076,
        "dmean2": 2.52596306801,
        "dvar": 5.60553741455,
        "dvar2": 13.8777999878,
        "max": 30.9586639404,
        "mean": 1.59586322308,
        "median": 0.551614046097,
        "min": -1.7317687273,
        "var": 11.1502637863
    },
    "melbands_skewness": {
        "dmean": 0.466373980045,
        "dmean2": 0.712560176849,
        "dvar": 0.200620383024,
        "dvar2": 0.473793327808,
        "max": 4.85594940186,
        "mean": 0.910539269447,
        "median": 0.826524734497,
        "min": -1.96826529503,
        "var": 0.691107034683
    },
    "melbands_spread": {
        "dmean": 9.20875835419,
        "dmean2": 13.8632936478,
        "dvar": 128.990158081,
        "dvar2": 273.749481201,
        "max": 226.272369385,
        "mean": 39.9740142822,
        "median": 37.4322853088,
        "min": 5.75489091873,
        "var": 467.239501953
    },
    "pitch_salience": {
        "dmean": 0.0652663633227,
        "dmean2": 0.1029413715,
        "dvar": 0.00317025813274,
        "dvar2": 0.00772162852809,
        "max": 0.865406155586,
        "mean": 0.598668754101,
        "median": 0.606456696987,
        "min": 0.191445037723,
        "var": 0.0111900549382
    },
    "silence_rate_20dB": {
        "dmean": 0,
        "dmean2": 0,
        "dvar": 0,
        "dvar2": 0,
        "max": 1,
        "mean": 1,
        "median": 1,
        "min": 1,
        "var": 0
    },
    "silence_rate_30dB": {
        "dmean": 0,
        "dmean2": 0,
        "dvar": 0,
        "dvar2": 0,
        "max": 1,
        "mean": 1,
        "median": 1,
        "min": 1,
        "var": 0
    },
    "silence_rate_60dB": {
        "dmean": 0.0263157896698,
        "dmean2": 0.0526723451912,
        "dvar": 0.0256235022098,
        "dvar2": 0.0576439835131,
        "max": 1,
        "mean": 0.0464037135243,
        "median": 0,
        "min": 0,
        "var": 0.0442499630153
    },
    "spectral_centroid": {
        "dmean": 240.161468506,
        "dmean2": 355.463684082,
        "dvar": 60680.9960938,
        "dvar2": 135690.375,
        "max": 4968.14892578,
        "mean": 1940.17785645,
        "median": 1928.94519043,
        "min": 729.506103516,
        "var": 288642.3125
    },
    "spectral_complexity": {
        "dmean": 3.75,
        "dmean2": 5.49651432037,
        "dvar": 13.1070051193,
        "dvar2": 24.911523819,
        "max": 47,
        "mean": 21.063419342,
        "median": 21,
        "min": 1,
        "var": 67.9899291992
    },
    "spectral_decrease": {
        "dmean": 1.12915365946e-09,
        "dmean2": 1.58746060741e-09,
        "dvar": 1.47032222421e-18,
        "dvar2": 2.86666389597e-18,
        "max": -1.19942070165e-10,
        "mean": -3.96188815088e-09,
        "median": -3.93116339481e-09,
        "min": -1.26384369636e-08,
        "var": 5.19067125392e-18
    },
    "spectral_energy": {
        "dmean": 0.00485940556973,
        "dmean2": 0.00678694248199,
        "dvar": 2.56814601016e-05,
        "dvar2": 4.93326551805e-05,
        "max": 0.0505862981081,
        "mean": 0.0172120612115,
        "median": 0.0172123461962,
        "min": 0.000503413320985,
        "var": 9.63201964623e-05
    },
    "spectral_energyband_high": {
        "dmean": 0.000403976300731,
        "dmean2": 0.000573727535084,
        "dvar": 2.01610077966e-06,
        "dvar2": 4.3656705202e-06,
        "max": 0.0303006414324,
        "mean": 0.000679489923641,
        "median": 0.000238995446125,
        "min": 1.91458047993e-06,
        "var": 4.15952627009e-06
    },
    "spectral_energyband_low": {
        "dmean": 0.000722961383872,
        "dmean2": 0.00105014315341,
        "dvar": 1.53893870447e-06,
        "dvar2": 3.18387515108e-06,
        "max": 0.0147776436061,
        "mean": 0.00153630354907,
        "median": 0.000693127920385,
        "min": 1.90564492186e-06,
        "var": 4.45633440904e-06
    },
    "spectral_energyband_middle_high": {
        "dmean": 0.00307353399694,
        "dmean2": 0.00437541631982,
        "dvar": 1.26421127788e-05,
        "dvar2": 2.42877467826e-05,
        "max": 0.0390032045543,
        "mean": 0.00917467940599,
        "median": 0.00699198059738,
        "min": 0.000123917954625,
        "var": 5.41717090528e-05
    },
    "spectral_energyband_middle_low": {
        "dmean": 0.00272502889857,
        "dmean2": 0.00407228339463,
        "dvar": 1.45979120134e-05,
        "dvar2": 3.15142060572e-05,
        "max": 0.0415997952223,
        "mean": 0.00600944971666,
        "median": 0.00402197567746,
        "min": 2.15926393139e-05,
        "var": 3.49410402123e-05
    },
    "spectral_entropy": {
        "dmean": 0.179545164108,
        "dmean2": 0.245008468628,
        "dvar": 0.0295620579273,
        "dvar2": 0.0537876822054,
        "max": 8.67805576324,
        "mean": 7.5025639534,
        "median": 7.51426029205,
        "min": 5.76108980179,
        "var": 0.170462146401
    },
    "spectral_flux": {
        "dmean": 0.0217391233891,
        "dmean2": 0.0323417410254,
        "dvar": 0.000429281470133,
        "dvar2": 0.00089851312805,
        "max": 0.217718303204,
        "mean": 0.0800541415811,
        "median": 0.0762081965804,
        "min": 0.0125825107098,
        "var": 0.00131537194829
    },
    "spectral_kurtosis": {
        "dmean": 2.30413889885,
        "dmean2": 3.74294924736,
        "dvar": 4.48154497147,
        "dvar2": 12.6603126526,
        "max": 18.9052944183,
        "mean": 5.69796800613,
        "median": 5.19462966919,
        "min": -0.973303079605,
        "var": 10.1199798584
    },
    "spectral_rms": {
        "dmean": 0.000589219562244,
        "dmean2": 0.000806156080216,
        "dvar": 3.22893527027e-07,
        "dvar2": 5.61468596061e-07,
        "max": 0.0070251324214,
        "mean": 0.00389705854468,
        "median": 0.00409786961973,
        "min": 0.000700810167473,
        "var": 1.60521221915e-06
    },
    "spectral_rolloff": {
        "dmean": 468.730926514,
        "dmean2": 772.894958496,
        "dvar": 607997,
        "dvar2": 1287617.875,
        "max": 9366.94335938,
        "mean": 2425.30834961,
        "median": 2304.05273438,
        "min": 215.33203125,
        "var": 1571340.25
    },
    "spectral_skewness": {
        "dmean": 0.269119113684,
        "dmean2": 0.421725928783,
        "dvar": 0.0488522015512,
        "dvar2": 0.130201503634,
        "max": 2.88629984856,
        "mean": 1.52852594852,
        "median": 1.53939163685,
        "min": -0.159617602825,
        "var": 0.151674821973
    },
    "spectral_spread": {
        "dmean": 499219.8125,
        "dmean2": 722305.3125,
        "dvar": 355247128576,
        "dvar2": 663333961728,
        "max": 10234847,
        "mean": 3349755.5,
        "median": 3078436.25,
        "min": 1555480.125,
        "var": 1.23178490266e+12
    },
    "spectral_strongpeak": {
        "dmean": 0.981964886189,
        "dmean2": 1.57987964153,
        "dvar": 1.67232060432,
        "dvar2": 4.08936882019,
        "max": 12.5797128677,
        "mean": 1.74174547195,
        "median": 1.1177175045,
        "min": 0.0212628412992,
        "var": 3.54627466202
    },
    "zerocrossingrate": {
        "dmean": 0.00979321356863,
        "dmean2": 0.0115035427734,
        "dvar": 0.000162571013789,
        "dvar2": 0.000188830148545,
        "max": 0.31591796875,
        "mean": 0.0790641754866,
        "median": 0.07470703125,
        "min": 0.0185546875,
        "var": 0.00106771441642
    },
    "barkbands": {
        "dmean": [9.89049658529e-06, 0.000475405395264, 0.000298289465718, 0.000102045967651, 0.000460072158603, 0.000635927426629, 0.000844335765578, 0.000627135741524, 0.00111513910815, 0.000625618267804, 0.000677908712532, 0.000611943134572, 0.000658399483655, 0.000780437083449, 0.000542897148989, 0.000422119919676, 0.00058704247931, 0.000509342644364, 0.000436521018855, 0.000122077399283, 6.69095607009e-05, 0.000108299507701, 0.000108253625513, 0.000101058809378, 3.85393250326e-05, 5.91703337705e-06, 5.55844525962e-09],
        "dmean2": [1.56942496687e-05, 0.000682100711856, 0.000456180423498, 0.000164857934578, 0.000727323582396, 0.00103046093136, 0.00136502296664, 0.000967004161794, 0.0017213904066, 0.000994474510662, 0.00102482282091, 0.000954985967837, 0.0010867274832, 0.00123098085169, 0.00087059760699, 0.000673531729262, 0.000932623224799, 0.000767833378632, 0.000669911445584, 0.000192231527762, 0.000104160804767, 0.00017182501324, 0.000159381888807, 0.000148042032379, 5.59664076718e-05, 9.3997523436e-06, 9.8433741158e-09],
        "dvar": [8.97770691122e-10, 6.16557144895e-07, 5.61697106605e-07, 7.46722079725e-08, 7.2027950182e-07, 3.25451924255e-06, 5.69141411688e-06, 2.54580822912e-06, 4.9204759307e-06, 2.09689210351e-06, 1.9351125502e-06, 1.75277989456e-06, 3.47873060491e-06, 2.96746975437e-06, 1.20636343581e-06, 4.96009306516e-07, 8.74336365086e-07, 9.86290729088e-07, 7.94324989783e-07, 5.8605248654e-08, 1.75807706171e-08, 1.02319098971e-07, 2.71439347443e-07, 2.88699737894e-07, 2.71158544507e-08, 4.52268555939e-10, 2.1802670414e-15],
        "dvar2": [2.09149386698e-09, 1.27291059471e-06, 1.20412528304e-06, 1.5401585074e-07, 1.63534730291e-06, 8.1989892351e-06, 1.30526377689e-05, 5.54964663024e-06, 1.05160879684e-05, 4.95809217682e-06, 3.88439138987e-06, 3.67784332411e-06, 8.85074678081e-06, 6.80317589286e-06, 2.90939055958e-06, 1.19803507914e-06, 2.01953071155e-06, 2.31850367527e-06, 1.68680446677e-06, 1.32278117349e-07, 4.37943548093e-08, 2.53523552374e-07, 6.20509013061e-07, 6.34553543932e-07, 5.7347435245e-08, 1.08164788237e-09, 5.27956271298e-15],
        "max": [0.000694381655194, 0.00952938944101, 0.00940991193056, 0.00732977036387, 0.0147651433945, 0.0322478190064, 0.037626311183, 0.0271944794804, 0.0376678667963, 0.0198631566018, 0.0247995909303, 0.0167969185859, 0.0319714024663, 0.035567406565, 0.0274138469249, 0.00931605137885, 0.00866249855608, 0.0174438972026, 0.0134473741055, 0.00365792377852, 0.00200276239775, 0.0046960581094, 0.0106145041063, 0.0129084168002, 0.00355554767884, 0.000356761651346, 7.7982502944e-07],
        "mean": [1.20679869724e-05, 0.0010175522184, 0.000453477958217, 0.000133188179461, 0.000708515872248, 0.00103643315379, 0.00094726216048, 0.000834547099657, 0.00192328600679, 0.000919422891457, 0.00107507954817, 0.000992113607936, 0.000797798333224, 0.00119588919915, 0.000999156618491, 0.000731460342649, 0.000969111395534, 0.0008853841573, 0.000753025116865, 0.000225248761126, 0.000114562637464, 0.000144805104355, 0.000140487900353, 0.000140702773933, 5.35112158104e-05, 7.96796211944e-06, 3.65002073011e-09],
        "median": [2.75866113952e-06, 0.000341183913406, 9.12384130061e-05, 5.52818200958e-05, 0.000333878444508, 0.000326137756929, 0.000212501865462, 0.000230240373639, 0.000635684409644, 0.000326249573845, 0.000386093335692, 0.000397182244342, 0.00025460406323, 0.000535858271178, 0.000397329829866, 0.000415037531639, 0.000503284623846, 0.000363934494089, 0.000307708221953, 0.000101530582469, 4.36845657532e-05, 4.01997385779e-05, 2.52456338785e-05, 2.68425465038e-05, 8.5702549768e-06, 1.66027859905e-06, 2.14021203537e-10],
        "min": [2.31442642828e-09, 1.5658463326e-07, 1.47267513739e-07, 1.61708925361e-07, 1.63622894434e-06, 6.29863166068e-07, 9.75030388872e-07, 1.78983248134e-06, 2.73619343716e-06, 3.03311935568e-06, 5.5650309605e-07, 2.37842164097e-06, 1.31330557451e-06, 5.33979209649e-06, 5.5789128055e-06, 2.16674288822e-06, 6.40263760943e-06, 6.60602836433e-06, 6.30467820883e-06, 1.05907031411e-06, 2.72786564892e-07, 1.23180896594e-07, 1.31536324943e-07, 1.29948730887e-07, 3.01621199128e-08, 4.66131517066e-12, 5.34522252849e-12],
        "var": [1.20093179845e-09, 2.16762941818e-06, 1.15342459139e-06, 1.06990455606e-07, 1.35479524488e-06, 5.37842151971e-06, 7.08485731593e-06, 4.03969352192e-06, 1.37335709951e-05, 3.26542726725e-06, 5.13242275701e-06, 3.68556038666e-06, 3.77264336748e-06, 5.85351199334e-06, 4.58283693661e-06, 8.65190827426e-07, 1.57617580498e-06, 2.49935214924e-06, 1.59458681992e-06, 1.3694666734e-07, 3.98152479875e-08, 1.57210564566e-07, 4.76506329505e-07, 5.07618153733e-07, 5.77616603437e-08, 6.5618649403e-10, 1.51660751574e-15]
    },
    "erbbands": {
        "dmean": [0.0103724580258, 0.121072269976, 0.347338318825, 0.289758652449, 0.906823813915, 1.83799529076, 2.91680765152, 5.96665668488, 9.47583007812, 13.6482429504, 14.8384122849, 22.9031524658, 22.8584518433, 20.8259105682, 25.4107284546, 23.8891811371, 26.8086032867, 41.8114204407, 28.4524269104, 23.2606430054, 22.3913879395, 29.7745380402, 23.4835796356, 24.3758544922, 16.1393699646, 5.29961061478, 2.71492671967, 2.96145439148, 3.92283415794, 3.54859089851, 3.01748728752, 1.92769265175, 1.84529709816, 0.674812138081, 0.135943248868, 0.0407932400703, 0.00916313007474, 0.000513331440743, 1.4338265828e-05, 7.24227493265e-06],
        "dmean2": [0.0151403062046, 0.172972112894, 0.515988826752, 0.461328208447, 1.4552936554, 2.94488596916, 4.52806711197, 9.60195827484, 15.6481208801, 21.4675388336, 22.6855945587, 35.9827919006, 34.5213508606, 31.8586215973, 38.4557228088, 36.8590354919, 41.9275627136, 66.543762207, 44.6980819702, 36.9802703857, 34.7767486572, 46.2881546021, 34.6197814941, 37.0085601807, 24.4861450195, 8.17095088959, 4.19426298141, 4.648478508, 6.10734605789, 5.78903102875, 4.43061923981, 2.79748177528, 2.68607950211, 0.943745553493, 0.199630156159, 0.0655447766185, 0.0141865694895, 0.000826524978038, 2.16985699808e-05, 1.00235583886e-05],
        "dvar": [0.000362528837286, 0.0408250242472, 0.717668652534, 0.350262790918, 2.32227087021, 14.7720346451, 48.5330123901, 394.043731689, 664.655395508, 1833.91369629, 1051.47790527, 2938.30175781, 3373.8671875, 2750.07836914, 2943.51977539, 2677.54907227, 5711.51660156, 9721.56054688, 3698.52050781, 1785.71240234, 1277.05200195, 2119.16186523, 2508.01098633, 2345.6159668, 1118.45910645, 82.547706604, 23.6463794708, 44.2755012512, 128.267868042, 215.30430603, 223.593780518, 113.651725769, 80.7343597412, 9.31889533997, 0.248145237565, 0.0226920936257, 0.00098185997922, 2.71236831395e-06, 1.71571967744e-09, 9.52014994615e-11],
        "dvar2": [0.000760037859436, 0.0844778940082, 1.43846678734, 0.844411671162, 5.0746049881, 33.7343406677, 112.529701233, 1030.02563477, 1656.2097168, 3827.80444336, 2104.17504883, 6167.69091797, 7324.65429688, 6390.33447266, 5734.3359375, 6105.72607422, 14350.0126953, 22032.0253906, 9255.50097656, 4576.35498047, 2741.25146484, 4838.60351562, 6086.296875, 4836.02880859, 2279.54052734, 181.388137817, 53.7231254578, 112.41230011, 312.67791748, 559.250488281, 471.849243164, 267.88079834, 170.522964478, 18.1322460175, 0.550273358822, 0.0547579564154, 0.00227362383157, 6.82577365296e-06, 3.85522724855e-09, 1.85787579765e-10],
        "max": [0.243837967515, 2.24349117279, 10.5830249786, 12.0329275131, 25.2624893188, 73.4296264648, 98.7059326172, 374.462982178, 376.232330322, 583.525512695, 482.361450195, 854.914001465, 1057.15234375, 746.819152832, 1196.4296875, 725.542053223, 1325.5111084, 2111.46142578, 1729.00891113, 607.731689453, 624.321472168, 486.198303223, 1113.39575195, 930.42565918, 503.484466553, 225.751281738, 96.3050384521, 111.277557373, 176.059265137, 301.930084229, 320.300506592, 265.387451172, 207.793548584, 67.4906005859, 10.2836418152, 2.41387248039, 0.455700010061, 0.0312561318278, 0.00061442371225, 0.000193969244719],
        "mean": [0.0230467487127, 0.252131104469, 0.582902193069, 0.430769324303, 1.3909279108, 2.67016363144, 4.76763153076, 8.970246315, 11.0307836533, 17.130525589, 23.662858963, 40.6459121704, 37.9555435181, 37.0692062378, 43.678653717, 40.2395095825, 37.9348144531, 64.7118530273, 54.4244194031, 44.1284828186, 41.8314285278, 54.4381904602, 44.9497909546, 43.9027442932, 32.6409683228, 10.7467794418, 5.35069894791, 4.4933795929, 5.24225187302, 4.48718070984, 3.98671245575, 2.52785801888, 2.62446570396, 0.974311232567, 0.19147208333, 0.0545664988458, 0.0121681690216, 0.000666574575007, 3.05788234982e-05, 2.4629625841e-05],
        "median": [0.00519344676286, 0.090065099299, 0.161881357431, 0.209046006203, 0.690242469311, 1.06717550755, 1.52594792843, 2.73817181587, 3.67967271805, 4.13451337814, 8.05836296082, 13.0804309845, 13.6358356476, 12.3488521576, 18.173822403, 18.9967498779, 15.8024597168, 31.0671291351, 23.5368289948, 26.3461685181, 26.2268257141, 31.3970127106, 20.0774974823, 20.4539756775, 13.9608230591, 5.33458662033, 2.06227445602, 1.74747550488, 1.43946635723, 1.19655048847, 0.639742553234, 0.428119063377, 0.468795984983, 0.137922510505, 0.0411897785962, 0.0125089995563, 0.00221923366189, 0.000143211538671, 1.81931209227e-05, 2.34647068282e-05],
        "min": [4.56200586996e-06, 5.7653443946e-05, 0.000514992105309, 0.000984608894214, 0.00442206952721, 0.00293052266352, 0.00167900184169, 0.0136458007619, 0.0211110897362, 0.0235563647002, 0.101068250835, 0.150503307581, 0.138309150934, 0.0745467916131, 0.0981163308024, 0.197978049517, 0.0698492899537, 0.188938885927, 0.463453501463, 0.344905942678, 0.654395103455, 0.403642266989, 0.332989394665, 0.306592792273, 0.40886425972, 0.107259109616, 0.034844275564, 0.00583168584853, 0.00484856730327, 0.00372392265126, 0.00311333080754, 0.00272766011767, 0.00233920523897, 0.000864452449605, 0.000170266488567, 8.58277508087e-06, 1.43561157984e-06, 1.91263126226e-07, 3.2976993225e-07, 6.3432588604e-07],
        "var": [0.00166472571436, 0.128048330545, 1.7038898468, 0.464478909969, 5.2083272934, 27.214258194, 111.063079834, 574.334411621, 704.895385742, 2477.06469727, 2432.14916992, 6976.48730469, 7721.41992188, 6688.91357422, 8809.08398438, 4757.06445312, 6632.48242188, 17011.6953125, 15491.9052734, 2953.94360352, 2434.20800781, 4323.75683594, 6842.58544922, 5384.11230469, 3188.29418945, 252.023086548, 97.7482070923, 66.7451095581, 201.992767334, 264.468811035, 459.469451904, 188.494796753, 155.280471802, 21.8195705414, 0.467744082212, 0.0321578085423, 0.00157991773449, 3.58660963684e-06, 3.48065265499e-09, 3.12048331619e-10]
    },
    "gfcc": {
        "mean": [-14.7484149933, 85.7228088379, -168.682540894, 27.6376247406, -58.8474617004, 15.9483757019, -40.7240409851, 16.8651504517, -19.2006015778, -3.53749656677, -7.20746088028, -3.78079009056, -6.71368837357],
        "cov": [[2068.33203125, -656.077026367, 136.141159058, 12.3417949677, -154.842147827, 129.026382446, -141.829849243, 7.67818117142, -56.6962089539, 138.206466675, -62.0859870911, 130.224349976, -77.4390487671], [-656.077026367, 1101.05249023, 86.0366821289, 28.8739089966, 207.650512695, -62.1608085632, 120.747131348, -0.484913349152, 83.5894165039, -101.698974609, 155.98765564, -58.1033287048, 36.3383369446], [136.141159058, 86.0366821289, 561.903808594, 101.791130066, -44.0169715881, 165.311462402, -66.0207138062, 50.1233596802, 17.1305904388, 70.5599136353, -1.67330551147, 89.8846893311, -44.7342300415], [12.3417949677, 28.8739089966, 101.791130066, 369.972961426, 11.3733768463, 113.5313797, -9.18334770203, -55.2096138, 106.188743591, -8.13206863403, 17.2104187012, -56.0139427185, 42.5229301453], [-154.842147827, 207.650512695, -44.0169715881, 11.3733768463, 344.564697266, -1.06207430363, 71.0743560791, 60.5552978516, -8.10634422302, 26.1088027954, 4.68402099609, 1.40956914425, 0.724338948727], [129.026382446, -62.1608085632, 165.311462402, 113.5313797, -1.06207430363, 248.749847412, 84.471282959, -2.70982694626, 28.2427883148, 23.707983017, -11.7444019318, 5.64111423492, 9.82476806641], [-141.829849243, 120.747131348, -66.0207138062, -9.18334770203, 71.0743560791, 84.471282959, 299.590087891, 53.125705719, -8.00896835327, -43.2412223816, -17.5094928741, -20.4065761566, 2.04548215866], [7.67818117142, -0.484913349152, 50.1233596802, -55.2096138, 60.5552978516, -2.70982694626, 53.125705719, 138.27734375, 10.6897716522, 19.2643756866, -6.33380079269, 18.3426380157, -16.6767883301], [-56.6962089539, 83.5894165039, 17.1305904388, 106.188743591, -8.10634422302, 28.2427883148, -8.00896835327, 10.6897716522, 171.035690308, 16.6007862091, 22.7552757263, -20.4409446716, 17.2761859894], [138.206466675, -101.698974609, 70.5599136353, -8.13206863403, 26.1088027954, 23.707983017, -43.2412223816, 19.2643756866, 16.6007862091, 145.966033936, -5.39488220215, 19.5091724396, -6.72445726395], [-62.0859870911, 155.98765564, -1.67330551147, 17.2104187012, 4.68402099609, -11.7444019318, -17.5094928741, -6.33380079269, 22.7552757263, -5.39488220215, 154.263824463, 36.3649215698, 23.8097057343], [130.224349976, -58.1033287048, 89.8846893311, -56.0139427185, 1.40956914425, 5.64111423492, -20.4065761566, 18.3426380157, -20.4409446716, 19.5091724396, 36.3649215698, 146.805389404, -2.56338858604], [-77.4390487671, 36.3383369446, -44.7342300415, 42.5229301453, 0.724338948727, 9.82476806641, 2.04548215866, -16.6767883301, 17.2761859894, -6.72445726395, 23.8097057343, -2.56338858604, 95.5399551392]],
        "icov": [[0.000704579346348, 7.14615307515e-05, 0.000409849075368, -0.000353245239239, 0.000369445217075, -0.000604779343121, 0.000436183618149, -0.000433958455687, 0.000401440513087, -0.000519781373441, 0.000228065342526, -0.000767529651057, 0.000680732831825], [7.14615307515e-05, 0.00322491838597, -0.00338653312065, 0.00195779069327, -0.00268783350475, 0.00283418456092, -0.00235144770704, 0.00319927441888, -0.00254855281673, 0.00246456288733, -0.00338782160543, 0.00335055706091, -0.00171949109063], [0.000409849075368, -0.00338653312065, 0.00756951980293, -0.00366099667735, 0.00377472210675, -0.00585101079196, 0.00429516565055, -0.00595705537125, 0.00369827495888, -0.00354447448626, 0.00388761796057, -0.00610937969759, 0.0041842404753], [-0.000353245239239, 0.00195779069327, -0.00366099667735, 0.00662037543952, -0.00283889635466, 0.000750136212446, -0.00144717365038, 0.00465120607987, -0.00449340417981, 0.00282983807847, -0.00258365552872, 0.00465560657904, -0.00312398606911], [0.000369445217075, -0.00268783350475, 0.00377472210675, -0.00283889635466, 0.00606952095404, -0.00255544646643, 0.00161511090118, -0.00476271985099, 0.003217961872, -0.00344498921186, 0.00278167822398, -0.00367308082059, 0.00208741798997], [-0.000604779343121, 0.00283418456092, -0.00585101079196, 0.000750136212446, -0.00255544646643, 0.010713711381, -0.0057660760358, 0.00502740358934, -0.00292888446711, 0.00134378869552, -0.00269910227507, 0.00373413809575, -0.00332595757209], [0.000436183618149, -0.00235144770704, 0.00429516565055, -0.00144717365038, 0.00161511090118, -0.0057660760358, 0.0075513208285, -0.00527455564588, 0.0025690770708, -0.000334075128194, 0.0028690348845, -0.00285633420572, 0.0021217612084], [-0.000433958455687, 0.00319927441888, -0.00595705537125, 0.00465120607987, -0.00476271985099, 0.00502740358934, -0.00527455564588, 0.0146429650486, -0.00528026977554, 0.00214913557284, -0.00323458737694, 0.00410466641188, -0.00221765157767], [0.000401440513087, -0.00254855281673, 0.00369827495888, -0.00449340417981, 0.003217961872, -0.00292888446711, 0.0025690770708, -0.00528026977554, 0.0103348400444, -0.00349981943145, 0.00177405355498, -0.00275083258748, 0.00169530278072], [-0.000519781373441, 0.00246456288733, -0.00354447448626, 0.00282983807847, -0.00344498921186, 0.00134378869552, -0.000334075128194, 0.00214913557284, -0.00349981943145, 0.0107721136883, -0.00230241683312, 0.00297012040392, -0.00196306663565], [0.000228065342526, -0.00338782160543, 0.00388761796057, -0.00258365552872, 0.00278167822398, -0.00269910227507, 0.0028690348845, -0.00323458737694, 0.00177405355498, -0.00230241683312, 0.011271238327, -0.00625753356144, 0.000614387099631], [-0.000767529651057, 0.00335055706091, -0.00610937969759, 0.00465560657904, -0.00367308082059, 0.00373413809575, -0.00285633420572, 0.00410466641188, -0.00275083258748, 0.00297012040392, -0.00625753356144, 0.0140240807086, -0.00376548827626], [0.000680732831825, -0.00171949109063, 0.0041842404753, -0.00312398606911, 0.00208741798997, -0.00332595757209, 0.0021217612084, -0.00221765157767, 0.00169530278072, -0.00196306663565, 0.000614387099631, -0.00376548827626, 0.0142169874161]]
    },
    "melbands": {
        "dmean": [0.000114632777695, 0.000170168408658, 6.22619845672e-05, 0.000101985264337, 9.14183619898e-05, 0.000131962966407, 0.000154037785251, 0.000141522396007, 0.000131818276714, 0.000156634690939, 0.000111964116513, 8.09373377706e-05, 8.51862132549e-05, 7.55840883357e-05, 5.26043004356e-05, 7.26882935851e-05, 8.37297557155e-05, 4.83108779008e-05, 4.0603808884e-05, 3.26892186422e-05, 3.02929911413e-05, 3.62707942259e-05, 2.85114638245e-05, 1.91985236597e-05, 2.19335888687e-05, 1.48252629515e-05, 8.70631811267e-06, 3.04998457068e-06, 1.72901332007e-06, 1.59514650022e-06, 1.92026368495e-06, 2.3017012154e-06, 2.27362534133e-06, 2.04629532163e-06, 1.91814342543e-06, 1.33526771151e-06, 1.17605554806e-06, 1.50009850586e-06, 9.6073927125e-07, 4.59556872556e-07],
        "dmean2": [0.000164704484632, 0.000249445263762, 9.73361165961e-05, 0.000163245596923, 0.000142024946399, 0.00021420889243, 0.000255389459198, 0.00022371065279, 0.000204577707336, 0.000242660637014, 0.000168471335201, 0.000124658923596, 0.000126753671793, 0.000116523042379, 8.39307176648e-05, 0.000118152522191, 0.000133461464429, 7.76054293965e-05, 6.39378413325e-05, 5.24571150891e-05, 4.72100036859e-05, 5.67900169699e-05, 4.37379494542e-05, 2.9513532354e-05, 3.38762038155e-05, 2.24930681725e-05, 1.35878117362e-05, 4.73586669614e-06, 2.73606087831e-06, 2.5323608952e-06, 3.0496337331e-06, 3.55267161467e-06, 3.71630812879e-06, 3.31431920131e-06, 2.84578482024e-06, 1.92162156054e-06, 1.79507037501e-06, 2.23681490752e-06, 1.38719076404e-06, 6.76574643421e-07],
        "dvar": [3.76031579208e-08, 1.24444795802e-07, 1.20721326269e-08, 3.96536030678e-08, 4.06738145386e-08, 1.70233420249e-07, 1.65558844856e-07, 1.83779619078e-07, 7.87129224022e-08, 1.36454161748e-07, 8.1323200618e-08, 4.30696047715e-08, 3.08128740301e-08, 2.62436277154e-08, 1.80073289613e-08, 4.42208332174e-08, 4.07969018568e-08, 1.21214567272e-08, 5.66192204232e-09, 3.77712039423e-09, 2.86290879892e-09, 3.58742369144e-09, 2.97690072593e-09, 1.45815914898e-09, 2.21988050164e-09, 9.26598964224e-10, 3.66769642435e-10, 3.86351853288e-11, 9.00492701239e-12, 9.72384325837e-12, 2.10459479705e-11, 4.07845909822e-11, 5.81966662361e-11, 9.06689584523e-11, 9.31948615501e-11, 4.11916646625e-11, 4.7340631415e-11, 5.54553035437e-11, 2.24574560337e-11, 3.938866594e-12],
        "dvar2": [7.65752190546e-08, 2.50077619057e-07, 2.60930939078e-08, 8.75730492567e-08, 9.50645073772e-08, 4.34909878777e-07, 3.979410792e-07, 3.88875918134e-07, 1.58618732371e-07, 2.85512328446e-07, 1.75241510192e-07, 9.99744784735e-08, 5.9337800451e-08, 5.38495257274e-08, 4.35050075964e-08, 1.0992632582e-07, 8.93246721034e-08, 2.99295557227e-08, 1.37794193833e-08, 9.3876231233e-09, 6.18508444461e-09, 8.05142796878e-09, 7.47223349862e-09, 3.26809912465e-09, 4.86576956504e-09, 1.82216219891e-09, 8.38284275329e-10, 8.18972459293e-11, 1.98388614564e-11, 2.40316169742e-11, 5.4329617194e-11, 9.92680729284e-11, 1.46590850569e-10, 2.38645964101e-10, 1.99611868701e-10, 8.83524226003e-11, 1.10963446764e-10, 1.20816759375e-10, 4.59416046872e-11, 7.83601395576e-12],
        "max": [0.00259372103028, 0.00442088628188, 0.00249181035906, 0.00418093334883, 0.00268369563855, 0.00759026966989, 0.00546470144764, 0.00698471628129, 0.00422768481076, 0.00610976992175, 0.00511327804998, 0.0029367050156, 0.00340011995286, 0.00233310251497, 0.00190534407739, 0.00430933432654, 0.00425573578104, 0.0026948840823, 0.00109264592174, 0.000776166270953, 0.000921807542909, 0.000615541706793, 0.00109163625166, 0.00055158464238, 0.000948237488046, 0.000482892879518, 0.000291246193228, 0.00020113318169, 5.13496161147e-05, 5.38936365047e-05, 7.78247413109e-05, 9.08212532522e-05, 0.000107356871013, 0.000189277867321, 0.00020188446797, 0.000143353958265, 0.00017757328169, 0.000188700898434, 9.38687226153e-05, 4.33399218309e-05],
        "mean": [0.000253273698036, 0.000321599014569, 9.88790488918e-05, 0.000154673864017, 0.000152451859321, 0.00020190604846, 0.00018220214406, 0.000178264657734, 0.000211170845432, 0.00027244046214, 0.000178395552211, 0.000136716320412, 0.000139265670441, 0.000128299710923, 7.54401626182e-05, 9.30360911298e-05, 0.000123854188132, 8.24504386401e-05, 7.2037539212e-05, 5.57822131668e-05, 4.84701013193e-05, 6.01388383075e-05, 4.96095090057e-05, 3.30127259076e-05, 3.64778024959e-05, 2.62891080638e-05, 1.62789056048e-05, 5.20753519595e-06, 3.25974679072e-06, 2.54636552199e-06, 2.66944653049e-06, 3.10054542751e-06, 2.65015660261e-06, 2.45623641604e-06, 2.48395895142e-06, 1.64758773735e-06, 1.51724100306e-06, 1.98404609364e-06, 1.39881512951e-06, 6.30507827282e-07],
        "median": [7.44789722376e-05, 0.000124876096379, 5.21256843058e-05, 7.08551378921e-05, 5.45338334632e-05, 6.34188763797e-05, 5.59135914955e-05, 4.27051963925e-05, 6.43687817501e-05, 8.47823321237e-05, 5.79735642532e-05, 3.78236618417e-05, 5.19779896422e-05, 5.02923649037e-05, 3.4449974919e-05, 3.14141689159e-05, 5.51445373276e-05, 2.90622119792e-05, 3.07510963466e-05, 2.61695513473e-05, 2.53755661106e-05, 2.94196615869e-05, 1.97471144929e-05, 1.45360900206e-05, 1.57374051923e-05, 1.07560435936e-05, 5.89938190387e-06, 2.28726503337e-06, 1.15188402106e-06, 1.02524813883e-06, 9.26960638026e-07, 8.26518430586e-07, 6.37586936136e-07, 5.96053155277e-07, 3.6386805391e-07, 2.13427526319e-07, 2.54317541248e-07, 3.52673140469e-07, 2.02934984372e-07, 7.43620631738e-08],
        "min": [5.17825711199e-08, 3.40879637406e-07, 2.15854143448e-07, 5.78713695631e-07, 2.5579989682e-08, 3.37564046049e-07, 3.24803721696e-07, 2.17710734773e-07, 4.04259822062e-07, 4.13688269418e-07, 5.82579446018e-07, 1.92836679958e-07, 1.49615971168e-07, 3.66503826399e-07, 2.50839804039e-07, 1.18077629452e-07, 4.13628953311e-07, 3.76070033781e-07, 3.02487876525e-07, 1.61899478712e-07, 2.12408281186e-07, 1.93975154161e-07, 4.56011150618e-07, 2.58046355839e-07, 2.12987245618e-07, 2.25934456921e-07, 1.30739323367e-07, 2.50312819361e-08, 4.13227674301e-09, 4.99270402798e-09, 1.68625557961e-09, 2.42180453469e-09, 1.8696719728e-09, 1.95000815495e-09, 4.13586942472e-11, 3.06474123857e-10, 2.45190066167e-11, 1.70221048368e-09, 3.86497139848e-10, 2.86410912348e-12],
