{
"highlevel": {
    "danceability": {
        "all": {
            "danceable": 0.0062756431289,
            "not_danceable": 0.993724346161
        },
        "probability": 0.993724346161,
        "value": "not_danceable"
    },
    "gender": {
        "all": {
            "female": 0.954625844955,
            "male": 0.045374147594
        },
        "probability": 0.954625844955,
        "value": "female"
    },
    "genre_dortmund": {
        "all": {
            "alternative": 0.246051967144,
            "blues": 0.0713973715901,
            "electronic": 0.032613132149,
            "folkcountry": 0.441271722317,
            "funksoulrnb": 0.00817280355841,
            "jazz": 0.0895425677299,
            "pop": 0.0540618784726,
            "raphiphop": 0.0028210435994,
            "rock": 0.0540675185621
        },
        "probability": 0.441271722317,
        "value": "folkcountry"
    },
    "genre_electronic": {
        "all": {
            "ambient": 0.849004268646,
            "dnb": 0.0069187306799,
            "house": 0.128197148442,
            "techno": 0.00535533996299,
            "trance": 0.0105245057493
        },
        "probability": 0.849004268646,
        "value": "ambient"
    },
    "genre_rosamerica": {
        "all": {
            "cla": 0.895364761353,
            "dan": 0.00208483613096,
            "hip": 0.000851802469697,
            "jaz": 0.0339002907276,
            "pop": 0.0109084071591,
            "rhy": 0.0438681542873,
            "roc": 0.0088906744495,
            "spe": 0.00413104798645
        },
        "probability": 0.895364761353,
        "value": "cla"
    },
    "genre_tzanetakis": {
        "all": {
            "blu": 0.0286874901503,
            "cla": 0.291757881641,
            "cou": 0.273317009211,
            "dis": 0.0214060340077,
            "hip": 0.00451533077285,
            "jaz": 0.250578373671,
            "met": 0.00615151226521,
            "pop": 0.0100261131302,
            "reg": 0.0430898591876,
            "roc": 0.0704704225063
        },
        "probability": 0.291757881641,
        "value": "cla"
    },
    "ismir04_rhythm": {
        "all": {
            "ChaChaCha": 0.0149946203455,
            "Jive": 0.0026643909514,
            "Quickstep": 0.0166567079723,
            "Rumba-American": 0.0146615263075,
            "Rumba-International": 0.0154489791021,
            "Rumba-Misc": 0.00717261247337,
            "Samba": 0.0066526029259,
            "Tango": 0.146136954427,
            "VienneseWaltz": 0.107699491084,
            "Waltz": 0.667912125587
        },
        "probability": 0.667912125587,
        "value": "Waltz"
    },
    "mood_acoustic": {
        "all": {
            "acoustic": 0.775318205357,
            "not_acoustic": 0.224681809545
        },
        "probability": 0.775318205357,
        "value": "acoustic"
    },
    "mood_aggressive": {
        "all": {
            "aggressive": 0.0141835454851,
            "not_aggressive": 0.985816478729
        },
        "probability": 0.985816478729,
        "value": "not_aggressive"
    },
    "mood_electronic": {
        "all": {
            "electronic": 0.41664275527,
            "not_electronic": 0.583357274532
        },
        "probability": 0.583357274532,
        "value": "not_electronic"
    },
    "mood_happy": {
        "all": {
            "happy": 0.416094899178,
            "not_happy": 0.583905100822
        },
        "probability": 0.583905100822,
        "value": "not_happy"
    },
    "mood_party": {
        "all": {
            "not_party": 0.991923570633,
            "party": 0.00807641074061
        },
        "probability": 0.991923570633,
        "value": "not_party"
    },
    "mood_relaxed": {
        "all": {
            "not_relaxed": 0.0235912054777,
            "relaxed": 0.976408779621
        },
        "probability": 0.976408779621,
        "value": "relaxed"
    },
    "mood_sad": {
        "all": {
            "not_sad": 0.0754170939326,
            "sad": 0.924582898617
        },
        "probability": 0.924582898617,
        "value": "sad"
    },
    "moods_mirex": {
        "all": {
            "Cluster1": 0.223442077637,
            "Cluster2": 0.132885664701,
            "Cluster3": 0.513684630394,
            "Cluster4": 0.0991566628218,
            "Cluster5": 0.0308309867978
        },
        "probability": 0.513684630394,
        "value": "Cluster3"
    },
    "timbre": {
        "all": {
            "bright": 0.16242800653,
            "dark": 0.837571978569
        },
        "probability": 0.837571978569,
        "value": "dark"
    },
    "tonal_atonal": {
        "all": {
            "atonal": 0.381012558937,
            "tonal": 0.618987441063
        },
        "probability": 0.618987441063,
        "value": "tonal"
    },
    "voice_instrumental": {
        "all": {
            "instrumental": 0.942021667957,
            "voice": 0.0579783059657
        },
        "probability": 0.942021667957,
        "value": "instrumental"
    }
},
"lowlevel": {
    "average_loudness": 0.615303337574,
    "barkbands_crest": {
        "dmean": 1.81037449837,
        "dmean2": 2.94538497925,
        "dvar": 3.28839421272,
        "dvar2": 9.00382137299,
        "max": 20.5987071991,
        "mean": 9.89966869354,
        "median": 9.54406738281,
        "min": 3.42655134201,
        "var": 8.41903495789
    },
    "barkbands_flatness_db": {
        "dmean": 0.0167143382132,
        "dmean2": 0.0265017710626,
        "dvar": 0.000306564703351,
        "dvar2": 0.000729224120732,
        "max": 0.395467281342,
        "mean": 0.229339718819,
        "median": 0.226321354508,
        "min": 0.0818548500538,
        "var": 0.00126519671176
    },
    "barkbands_kurtosis": {
        "dmean": 1.61743783951,
        "dmean2": 2.47949075699,
        "dvar": 3.32710647583,
        "dvar2": 7.621530056,
        "max": 26.6859455109,
        "mean": 3.73825550079,
        "median": 2.88777685165,
        "min": -1.45193302631,
        "var": 13.2713003159
    },
    "barkbands_skewness": {
        "dmean": 0.341890156269,
        "dmean2": 0.517954289913,
        "dvar": 0.0909428298473,
        "dvar2": 0.222289323807,
        "max": 4.63371706009,
        "mean": 1.54259479046,
        "median": 1.5042181015,
        "min": -0.873220741749,
        "var": 0.442743211985
    },
    "barkbands_spread": {
        "dmean": 1.76747810841,
        "dmean2": 2.69828796387,
        "dvar": 3.21325755119,
        "dvar2": 7.56953859329,
        "max": 27.8771800995,
        "mean": 10.0679550171,
        "median": 9.32830429077,
        "min": 1.72309267521,
        "var": 19.6041660309
    },
    "dissonance": {
        "dmean": 0.0225024204701,
        "dmean2": 0.0380345135927,
        "dvar": 0.000418947427534,
        "dvar2": 0.00112374091987,
        "max": 0.499999970198,
        "mean": 0.440828502178,
        "median": 0.445076555014,
        "min": 0.29067632556,
        "var": 0.000933348375838
    },
    "dynamic_complexity": 2.92976641655,
    "erbbands_crest": {
        "dmean": 2.14893555641,
        "dmean2": 3.34092783928,
        "dvar": 4.58070993423,
        "dvar2": 11.9063339233,
        "max": 27.713842392,
        "mean": 10.9916086197,
        "median": 10.3316860199,
        "min": 3.12508630753,
        "var": 18.3848571777
    },
    "erbbands_flatness_db": {
        "dmean": 0.0140130100772,
        "dmean2": 0.0207728110254,
        "dvar": 0.000308425951516,
        "dvar2": 0.000738678034395,
        "max": 0.372093051672,
        "mean": 0.27223610878,
        "median": 0.271541625261,
        "min": 0.12874867022,
        "var": 0.000984643236734
    },
    "erbbands_kurtosis": {
        "dmean": 0.727693855762,
        "dmean2": 1.08323085308,
        "dvar": 1.0661547184,
        "dvar2": 2.46914076805,
        "max": 21.5717449188,
        "mean": 0.512197434902,
        "median": -0.0837249755859,
        "min": -1.58168828487,
        "var": 3.68577718735
    },
    "erbbands_skewness": {
        "dmean": 0.245915979147,
        "dmean2": 0.369172781706,
        "dvar": 0.0500310063362,
        "dvar2": 0.117643110454,
        "max": 3.29018640518,
        "mean": 0.624841570854,
        "median": 0.610051572323,
        "min": -1.34875154495,
        "var": 0.315726935863
    },
    "erbbands_spread": {
        "dmean": 3.73636221886,
        "dmean2": 5.63284349442,
        "dvar": 12.6208524704,
        "dvar2": 30.7793312073,
        "max": 57.2286376953,
        "mean": 24.1240310669,
        "median": 23.4383850098,
        "min": 4.19641399384,
        "var": 79.450881958
    },
    "hfc": {
        "dmean": 1.67757713795,
        "dmean2": 2.38093662262,
        "dvar": 4.76584815979,
        "dvar2": 9.43680858612,
        "max": 63.1748924255,
        "mean": 10.3625135422,
        "median": 6.73740386963,
        "min": 0.403050482273,
        "var": 99.9203186035
    },
    "melbands_crest": {
        "dmean": 2.19870352745,
        "dmean2": 3.53842139244,
        "dvar": 4.28862571716,
        "dvar2": 11.3899278641,
        "max": 26.7824172974,
        "mean": 12.5579462051,
        "median": 11.9610366821,
        "min": 5.71076393127,
        "var": 13.9875049591
    },
    "melbands_flatness_db": {
        "dmean": 0.0180841386318,
        "dmean2": 0.0273875258863,
        "dvar": 0.000398045202019,
        "dvar2": 0.00092158728512,
        "max": 0.50552970171,
        "mean": 0.291325211525,
        "median": 0.286421000957,
        "min": 0.120199002326,
        "var": 0.00205966038629
    },
    "melbands_kurtosis": {
        "dmean": 2.68397593498,
        "dmean2": 4.13608121872,
        "dvar": 9.9646062851,
        "dvar2": 23.8007488251,
        "max": 61.8965682983,
        "mean": 7.2249174118,
        "median": 5.98404979706,
        "min": -0.843120098114,
        "var": 39.4321937561
    },
    "melbands_skewness": {
        "dmean": 0.4025131464,
        "dmean2": 0.61679905653,
        "dvar": 0.136801704764,
        "dvar2": 0.337736308575,
        "max": 5.69115591049,
        "mean": 2.01118183136,
        "median": 1.98033416271,
        "min": -0.655899584293,
        "var": 0.695996046066
    },
    "melbands_spread": {
        "dmean": 2.22940993309,
        "dmean2": 3.32442903519,
        "dvar": 4.81803226471,
        "dvar2": 11.9199104309,
        "max": 37.2622909546,
        "mean": 12.3881549835,
        "median": 11.6979837418,
        "min": 1.12585759163,
        "var": 28.7892036438
    },
    "pitch_salience": {
        "dmean": 0.0466716624796,
        "dmean2": 0.0748304501176,
        "dvar": 0.00170270982198,
        "dvar2": 0.00403937837109,
        "max": 0.806076943874,
        "mean": 0.553755283356,
        "median": 0.549861013889,
        "min": 0.30275580287,
        "var": 0.00776312453672
    },
    "silence_rate_20dB": {
        "dmean": 0,
        "dmean2": 0,
        "dvar": 0,
        "dvar2": 0,
        "max": 1,
        "mean": 1,
        "median": 1,
        "min": 1,
        "var": 0
    },
    "silence_rate_30dB": {
        "dmean": 0,
        "dmean2": 0,
        "dvar": 0,
        "dvar2": 0,
        "max": 1,
        "mean": 1,
        "median": 1,
        "min": 1,
        "var": 0
    },
    "silence_rate_60dB": {
        "dmean": 0.011609907262,
        "dmean2": 0.0224632062018,
        "dvar": 0.0114750480279,
        "dvar2": 0.026606304571,
        "max": 1,
        "mean": 0.0224284604192,
        "median": 0,
        "min": 0,
        "var": 0.0219254717231
    },
    "spectral_centroid": {
        "dmean": 92.9078063965,
        "dmean2": 142.162597656,
        "dvar": 8455.70214844,
        "dvar2": 19495.1699219,
        "max": 1841.77087402,
        "mean": 743.039489746,
        "median": 716.947631836,
        "min": 194.097000122,
        "var": 51753.2109375
    },
    "spectral_complexity": {
        "dmean": 1.77786374092,
        "dmean2": 2.92873740196,
        "dvar": 2.160405159,
        "dvar2": 5.57356452942,
        "max": 27,
        "mean": 14.177107811,
        "median": 14,
        "min": 3,
        "var": 20.1828575134
    },
    "spectral_decrease": {
        "dmean": 8.56031523444e-10,
        "dmean2": 1.30055888281e-09,
        "dvar": 1.02433538924e-18,
        "dvar2": 2.46319910758e-18,
        "max": -1.98834018694e-10,
        "mean": -4.78092720968e-09,
        "median": -3.66081942538e-09,
        "min": -2.19009166358e-08,
        "var": 1.47827498677e-17
    },
    "spectral_energy": {
        "dmean": 0.00335819204338,
        "dmean2": 0.00509100174531,
        "dvar": 1.57573067554e-05,
        "dvar2": 3.76462703571e-05,
        "max": 0.0883891060948,
        "mean": 0.0189842283726,
        "median": 0.0145097710192,
        "min": 0.000787002500147,
        "var": 0.000236366788158
    },
    "spectral_energyband_high": {
        "dmean": 2.2866162908e-05,
        "dmean2": 3.67416105291e-05,
        "dvar": 2.77689071737e-09,
        "dvar2": 7.19888992862e-09,
        "max": 0.000760935479775,
        "mean": 4.62525968032e-05,
        "median": 2.24183440878e-05,
        "min": 4.00460578476e-07,
        "var": 5.27968557762e-09
    },
    "spectral_energyband_low": {
        "dmean": 0.000719324685633,
        "dmean2": 0.00108985754196,
        "dvar": 2.83909525933e-06,
        "dvar2": 5.90108720644e-06,
        "max": 0.0347942523658,
        "mean": 0.00168323807884,
        "median": 0.000774824817199,
        "min": 2.18510540435e-05,
        "var": 8.03442344477e-06
    },
    "spectral_energyband_middle_high": {
        "dmean": 0.00086972193094,
        "dmean2": 0.00120413862169,
        "dvar": 1.97901840693e-06,
        "dvar2": 3.52093570655e-06,
        "max": 0.0291729252785,
        "mean": 0.00345108215697,
        "median": 0.00174960703589,
        "min": 0.000105273720692,
        "var": 2.07573393709e-05
    },
    "spectral_energyband_middle_low": {
        "dmean": 0.00279625016265,
        "dmean2": 0.00430923793465,
        "dvar": 1.08211597762e-05,
        "dvar2": 2.851292993e-05,
        "max": 0.0719792544842,
        "mean": 0.0143437720835,
        "median": 0.0107215186581,
        "min": 0.000446370191639,
        "var": 0.000140586038469
    },
    "spectral_entropy": {
        "dmean": 0.123273253441,
        "dmean2": 0.193892672658,
        "dvar": 0.0225212872028,
        "dvar2": 0.0560649968684,
        "max": 8.02710151672,
        "mean": 6.74382925034,
        "median": 6.77204465866,
        "min": 5.47790002823,
        "var": 0.0917001143098
    },
    "spectral_flux": {
        "dmean": 0.0113571491092,
        "dmean2": 0.0182598531246,
        "dvar": 0.000211145597859,
        "dvar2": 0.00052392919315,
        "max": 0.201769322157,
        "mean": 0.0441268123686,
        "median": 0.0400518625975,
        "min": 0.0115739973262,
        "var": 0.000436085509136
    },
    "spectral_kurtosis": {
        "dmean": 6.67472743988,
        "dmean2": 11.7407169342,
        "dvar": 34.1209640503,
        "dvar2": 102.075317383,
        "max": 55.6567573547,
        "mean": 10.7639636993,
        "median": 8.5448846817,
        "min": 0.354222297668,
        "var": 63.8994293213
    },
    "spectral_rms": {
        "dmean": 0.00037809505011,
        "dmean2": 0.000574693782255,
        "dvar": 1.3637621521e-07,
        "dvar2": 3.23967725535e-07,
        "max": 0.00928618758917,
        "mean": 0.00401646597311,
        "median": 0.00376242934726,
        "min": 0.000876246136613,
        "var": 2.38919051299e-06
    },
    "spectral_rolloff": {
        "dmean": 134.998931885,
        "dmean2": 229.209136963,
        "dvar": 36044.2773438,
        "dvar2": 82785.3203125,
        "max": 2476.31835938,
        "mean": 828.004272461,
        "median": 775.1953125,
        "min": 172.265625,
        "var": 121214.328125
    },
    "spectral_skewness": {
        "dmean": 0.538954257965,
        "dmean2": 0.936088979244,
        "dvar": 0.188726514578,
        "dvar2": 0.567339599133,
        "max": 5.40850782394,
        "mean": 1.9600430727,
        "median": 1.81347560883,
        "min": 0.722975850105,
        "var": 0.514251768589
    },
    "spectral_spread": {
        "dmean": 270003.375,
        "dmean2": 453698.46875,
        "dvar": 332533366784,
        "dvar2": 647243235328,
        "max": 15697407,
        "mean": 2193656.75,
        "median": 2143272.25,
        "min": 1027857.75,
        "var": 362809622528
    },
    "spectral_strongpeak": {
        "dmean": 0.330962181091,
        "dmean2": 0.552906751633,
        "dvar": 0.199429348111,
        "dvar2": 0.489094942808,
        "max": 4.95892429352,
        "mean": 1.11158525944,
        "median": 0.800011098385,
        "min": 0.0377882085741,
        "var": 0.794255912304
    },
    "zerocrossingrate": {
        "dmean": 0.00331139331684,
        "dmean2": 0.0041967225261,
        "dvar": 8.20262539492e-06,
        "dvar2": 1.20947534015e-05,
        "max": 0.06982421875,
        "mean": 0.0317987017334,
        "median": 0.03125,
        "min": 0.00390625,
        "var": 7.10200256435e-05
    },
    "barkbands": {
        "dmean": [2.03422641789e-05, 0.00036816127249, 0.000389209191781, 0.000349866983015, 0.00147795968223, 0.00108471815474, 0.000771687424276, 0.0001816679287, 0.000439260533312, 0.000502086360939, 0.000173512220499, 0.000413279078202, 0.000118995390949, 0.000128168496303, 8.19378255983e-05, 5.65457703487e-05, 7.08295046934e-05, 2.63123056357e-05, 4.24495701736e-05, 2.36997293541e-05, 7.96307449491e-06, 2.66416850536e-06, 1.23511415495e-06, 1.93212508748e-06, 1.1751292277e-06, 9.63869055681e-08, 7.97205079728e-10],
        "dmean2": [3.32233503286e-05, 0.000569903291762, 0.000601776933763, 0.000554498750716, 0.00243532657623, 0.00161088258028, 0.00100714818109, 0.000242893933319, 0.000620182428975, 0.000731505395379, 0.000259143358562, 0.000580632709898, 0.000185634620721, 0.000200632784981, 0.000130566229927, 9.16141580092e-05, 0.00010753866809, 4.12347544625e-05, 6.32458322798e-05, 3.74445189664e-05, 1.22741494124e-05, 4.30303907706e-06, 2.21240520659e-06, 3.72196836906e-06, 2.27964164878e-06, 1.88199081208e-07, 1.40615652455e-09],
        "dvar": [6.69760302774e-10, 9.1374602107e-07, 9.21614798699e-07, 3.72963768314e-07, 3.40756400874e-06, 3.69678696188e-06, 3.32427703142e-06, 5.46224505626e-08, 1.06165146008e-06, 1.22308358641e-06, 1.41446236057e-07, 9.82845676845e-07, 2.92717885486e-08, 8.11721605487e-08, 1.79489685337e-08, 7.20021953171e-09, 1.13098748145e-08, 1.78084447189e-09, 5.16909981485e-09, 1.5929030317e-09, 3.67299662907e-10, 7.5214362516e-11, 3.61052403253e-11, 1.40965975004e-10, 5.97807844893e-11, 4.54833328119e-13, 4.75548698417e-18],
        "dvar2": [1.37807232292e-09, 2.12442228076e-06, 2.12809914046e-06, 1.05926596916e-06, 9.63765251072e-06, 1.06120523924e-05, 6.36955019218e-06, 1.00570531458e-07, 1.91672233996e-06, 2.5657700462e-06, 3.3407883393e-07, 1.66623885889e-06, 6.72024569326e-08, 1.86517794987e-07, 4.34404761052e-08, 1.63024935773e-08, 2.44005384786e-08, 4.60950744241e-09, 9.57291490522e-09, 3.91398335964e-09, 8.30523816386e-10, 1.99501623555e-10, 1.05073429124e-10, 4.13697770485e-10, 1.75673489644e-10, 1.34537303173e-12, 7.41560718991e-18],
        "max": [0.000413684989326, 0.0162916742265, 0.0184073075652, 0.0115468800068, 0.0248354133219, 0.032287068665, 0.048151973635, 0.00369513290934, 0.0191034190357, 0.0238794498146, 0.00502076745033, 0.0191486533731, 0.00295679201372, 0.00492917001247, 0.00379718374461, 0.00176607770845, 0.00206995755434, 0.000675614573993, 0.00172646448482, 0.000777956331149, 0.000527654250618, 0.000132257890073, 7.44754361222e-05, 0.000119690070278, 9.37334698392e-05, 8.26844006951e-06, 6.71596254165e-08],
        "mean": [6.70450826874e-05, 0.000625088869128, 0.000748102844227, 0.000682275102008, 0.00398286571726, 0.00426243804395, 0.00331006082706, 0.000522006477695, 0.0010647084564, 0.00103429285809, 0.000350840215106, 0.00111507251859, 0.000244933587965, 0.000266906863544, 0.000161380434292, 0.000126734084915, 0.000170132072526, 6.00562671025e-05, 0.000105879022158, 6.04975430178e-05, 1.51770382217e-05, 4.47956153948e-06, 1.36010726237e-06, 1.20784420687e-06, 6.64717958898e-07, 5.40150253414e-08, 7.96732235742e-10],
        "median": [5.41191002412e-05, 0.000168809812749, 0.000290743511869, 0.000390596396755, 0.00298213749193, 0.00224184524268, 0.00130629399791, 0.000342766201356, 0.000223879731493, 0.000315255630994, 0.000172372165252, 0.000209019999602, 0.000131483539008, 9.18708537938e-05, 8.0197416537e-05, 7.08744992153e-05, 8.40539505589e-05, 3.15756478813e-05, 5.23374947079e-05, 2.8823627872e-05, 6.42240138404e-06, 1.7251660438e-06, 3.54070976982e-07, 8.53927346611e-08, 1.24624524034e-08, 1.04576591831e-09, 3.29872656968e-10],
        "min": [7.66903031035e-06, 1.40975976137e-06, 1.03813988517e-06, 8.53824985825e-07, 0.000142672040965, 2.26863849093e-05, 2.69012571152e-06, 1.49268282712e-06, 4.0583381633e-06, 5.27646943738e-06, 2.89133618026e-06, 1.93660775949e-06, 2.18859122469e-06, 1.86428849247e-06, 2.60242291006e-06, 9.13811845749e-07, 1.68363817465e-06, 6.14649138697e-07, 1.15210173135e-06, 4.44762207508e-07, 1.30432965761e-07, 2.0939326717e-08, 2.96930457999e-09, 1.31562913341e-10, 5.85458764801e-11, 6.77312927966e-11, 8.84067194451e-11],
        "var": [2.20617257796e-09, 1.95282314053e-06, 2.29190641221e-06, 8.79551691924e-07, 1.0697698599e-05, 2.90130792564e-05, 3.31402334268e-05, 3.28718414266e-07, 5.45047623746e-06, 5.54380358153e-06, 3.46701000353e-07, 7.5112830018e-06, 1.12694927168e-07, 2.91733613267e-07, 8.35445774783e-08, 2.92187287698e-08, 6.25149283451e-08, 6.84431622489e-09, 2.73584142008e-08, 7.72616282063e-09, 1.06003605893e-09, 9.89624493464e-11, 2.19071375623e-11, 7.48121772864e-11, 3.16546650003e-11, 2.35794755032e-13, 4.65985746073e-18]
    },
    "erbbands": {
        "dmean": [0.00814799685031, 0.0961591675878, 0.419719547033, 0.687844634056, 3.71734452248, 5.37286996841, 3.78990483284, 9.84498119354, 14.9701604843, 5.49215745926, 3.66347742081, 9.82904148102, 17.6991939545, 10.1772241592, 6.52483272552, 20.3774642944, 6.68699073792, 6.07048606873, 2.78588724136, 5.37909460068, 3.03001904488, 2.94461607933, 1.4608399868, 1.9114741087, 2.00179648399, 1.23570895195, 0.511143326759, 0.184437051415, 0.114899709821, 0.0373055301607, 0.0360171310604, 0.0465998016298, 0.0266901459545, 0.0170329399407, 0.00463275657967, 0.00100128527265, 0.000134033034556, 1.26381219161e-05, 1.89759157365e-06, 3.78056665795e-06],
        "dmean2": [0.0132463872433, 0.151456713676, 0.632773756981, 1.10136175156, 6.17386198044, 8.65737438202, 5.63258314133, 14.9312458038, 19.7143001556, 8.07065868378, 4.77919435501, 14.1043186188, 25.5562725067, 14.249745369, 9.27625179291, 28.6057319641, 10.0412721634, 9.53864097595, 4.36632156372, 8.50510978699, 4.90171909332, 4.33287906647, 2.30947089195, 3.0063021183, 2.99906134605, 1.92160570621, 0.774685919285, 0.284963965416, 0.192059084773, 0.0589186809957, 0.0646731853485, 0.0891757458448, 0.0514455847442, 0.0329785458744, 0.00902515742928, 0.00196239654906, 0.000260480272118, 2.43578142545e-05, 2.95079485113e-06, 5.7253050727e-06],
        "dvar": [0.000488976133056, 0.065197005868, 1.19580686092, 1.31328415871, 27.3563842773, 55.5407676697, 29.597196579, 312.085998535, 1030.47973633, 102.132980347, 26.6345214844, 637.413818359, 1281.11450195, 782.256652832, 150.85559082, 2686.80493164, 92.699798584, 173.317306519, 17.6803474426, 74.8477783203, 22.700553894, 26.9192028046, 5.11651802063, 11.7961053848, 14.4581165314, 5.73706912994, 1.0276414156, 0.249986633658, 0.175411373377, 0.0117332171649, 0.0310033652931, 0.0853512883186, 0.0308787133545, 0.0149025917053, 0.00116325565614, 5.91980242461e-05, 8.34987645248e-07, 8.68342997506e-09, 8.30445955058e-12, 1.99887485036e-11],
        "dvar2": [0.00126388703939, 0.145518064499, 2.46761703491, 3.58458304405, 78.6298751831, 152.931640625, 65.2208786011, 926.394470215, 2085.9387207, 196.336914062, 39.2896194458, 1282.22253418, 2671.08496094, 1467.31530762, 261.653656006, 4531.54443359, 204.079559326, 415.460632324, 39.9797172546, 175.672851562, 49.9615516663, 48.2011299133, 12.3945331573, 29.8092594147, 25.1125392914, 13.8377151489, 2.33337807655, 0.52490156889, 0.480034738779, 0.0312983803451, 0.0902647823095, 0.249519944191, 0.0911211743951, 0.0439459048212, 0.00343800662085, 0.000175801018486, 2.44524676418e-06, 2.53864129718e-08, 2.18469253105e-11, 4.7334320491e-11],
        "max": [0.261180341244, 5.02700376511, 24.733341217, 19.0601615906, 69.9204101562, 112.495315552, 100.050949097, 290.530975342, 670.747619629, 288.703613281, 99.5958786011, 470.015808105, 680.451782227, 919.747192383, 295.35723877, 978.65838623, 155.785354614, 248.292633057, 73.202583313, 249.921340942, 122.118965149, 132.664077759, 41.3260612488, 69.1642227173, 86.7985916138, 45.5399055481, 23.6362571716, 16.4269351959, 6.59817171097, 1.39720010757, 1.97455990314, 3.2095348835, 2.44167208672, 1.7077858448, 0.51769298315, 0.120410144329, 0.0140107478946, 0.00165657163598, 4.67169666081e-05, 0.000102948899439],
        "mean": [0.0124178342521, 0.166352167726, 0.837326467037, 1.64421117306, 7.96438741684, 14.6751527786, 11.9624099731, 37.4303398132, 70.4810180664, 17.8068828583, 11.1997289658, 23.7422275543, 37.9514198303, 22.3766059875, 18.9545173645, 54.7920188904, 16.5518512726, 13.3018035889, 6.8824429512, 11.260134697, 7.68901729584, 7.9745850563, 3.9004638195, 4.65840101242, 4.98643827438, 3.19496512413, 1.13368618488, 0.365696489811, 0.185223385692, 0.0684489533305, 0.0368337258697, 0.0306169874966, 0.0167219843715, 0.00983779504895, 0.0025959010236, 0.000562357949093, 8.09791235952e-05, 8.78962600837e-06, 9.65931758401e-06, 2.16546413867e-05],
        "median": [0.0024124768097, 0.0497491657734, 0.317649066448, 1.03517758846, 4.96465682983, 10.7120599747, 8.71420860291, 18.6774673462, 23.0787906647, 10.9414968491, 7.54934740067, 7.2828912735, 11.2966823578, 8.23926830292, 9.31056213379, 9.32441234589, 7.8503780365, 5.28607606888, 3.77851939201, 6.02934455872, 4.52968597412, 3.55147719383, 2.2599272728, 2.25960183144, 2.32227540016, 1.34842526913, 0.519625127316, 0.166509315372, 0.0739042311907, 0.0238284822553, 0.00958452094346, 0.0030340810772, 0.001039054594, 0.000271006138064, 5.67703064007e-05, 1.76985649887e-05, 6.38615892967e-06, 1.44581963468e-06, 7.19330819265e-06, 1.65550682141e-05],
        "min": [0.000134952613735, 0.00039380430826, 0.00169475749135, 0.0101129338145, 0.0768548697233, 0.429195940495, 0.225007280707, 0.217107221484, 0.283417165279, 0.229174494743, 0.166346758604, 0.208162337542, 0.146462440491, 0.228136464953, 0.17482188344, 0.134752064943, 0.155481368303, 0.186140924692, 0.138993084431, 0.161566779017, 0.10907856375, 0.0953934490681, 0.0615479126573, 0.0374504737556, 0.0419769436121, 0.0233214851469, 0.0103893596679, 0.00353372003883, 0.000981433782727, 0.000249658245593, 7.46354780858e-05, 2.83633071376e-05, 7.94300376583e-06, 2.20471929424e-06, 1.2080288343e-06, 8.81659673269e-07, 4.92816980113e-07, 1.48116953369e-07, 4.120745416e-07, 8.95810046586e-07],
        "var": [0.000704915204551, 0.149097546935, 3.36882901192, 3.70909833908, 73.0454940796, 184.023269653, 139.353713989, 2330.58813477, 12041.1855469, 804.954284668, 159.525665283, 2670.33544922, 4522.98779297, 5045.10351562, 942.020324707, 19845.0898438, 488.914672852, 598.350646973, 84.534538269, 356.769439697, 98.6835021973, 198.84916687, 24.1317558289, 44.9655189514, 74.5939941406, 27.788230896, 3.32745027542, 0.756000161171, 0.194553211331, 0.0190392415971, 0.0181799083948, 0.0458420068026, 0.0161748919636, 0.00782288610935, 0.000605481036473, 3.03713804897e-05, 4.4478468908e-07, 4.65282834483e-09, 6.33782540338e-11, 3.11878967096e-10]
    },
    "gfcc": {
        "mean": [-99.6108932495, 195.590438843, -169.030960083, 20.1708049774, -50.1022529602, -31.2047481537, -20.1476783752, -24.2202129364, -15.4115200043, -17.6677284241, 1.72766494751, -13.7584724426, 2.33182787895],
        "cov": [[2325.34277344, -703.875488281, -201.602630615, 50.41173172, -367.530761719, 166.048614502, -223.101608276, 88.0709533691, -196.510238647, 43.2567977905, 74.885093689, -10.1182060242, -14.8225040436], [-703.875488281, 510.157409668, 97.3601913452, -13.1467895508, 273.313323975, -93.2804260254, 160.292694092, -44.5783004761, 111.659355164, -1.28029489517, 21.8205547333, -12.2149896622, -12.7464551926], [-201.602630615, 97.3601913452, 384.07800293, 54.8905029297, 53.9030990601, 113.22164917, 16.4928760529, 76.8610687256, 33.4521789551, 24.0256214142, -13.9538154602, 1.18207585812, 13.8134527206], [50.41173172, -13.1467895508, 54.8905029297, 288.987426758, 83.9599761963, 45.2735404968, 55.3292922974, 17.2927913666, 50.4674072266, 5.24881029129, -39.1341896057, 1.64198458195, 9.23563766479], [-367.530761719, 273.313323975, 53.9030990601, 83.9599761963, 294.661773682, 0.945898115635, 87.9853286743, -18.8847293854, 45.1677284241, 34.6911964417, 24.7528247833, 18.4714221954, -17.5279216766], [166.048614502, -93.2804260254, 113.22164917, 45.2735404968, 0.945898115635, 177.175140381, 7.26836585999, 71.1306991577, -20.8214054108, 5.02356052399, -3.90133738518, 3.44240522385, 13.7987298965], [-223.101608276, 160.292694092, 16.4928760529, 55.3292922974, 87.9853286743, 7.26836585999, 151.797790527, 23.8129940033, 56.4968147278, -16.3800106049, -24.315328598, -9.39652633667, 2.52210474014], [88.0709533691, -44.5783004761, 76.8610687256, 17.2927913666, -18.8847293854, 71.1306991577, 23.8129940033, 120.537986755, 15.0426101685, -3.837631464, -23.8981380463, -14.7744884491, 19.5662326813], [-196.510238647, 111.659355164, 33.4521789551, 50.4674072266, 45.1677284241, -20.8214054108, 56.4968147278, 15.0426101685, 95.4518966675, 4.78906536102, -20.0926971436, -7.55765485764, 11.3615598679], [43.2567977905, -1.28029489517, 24.0256214142, 5.24881029129, 34.6911964417, 5.02356052399, -16.3800106049, -3.837631464, 4.78906536102, 76.5162506104, 42.8517608643, 20.1763439178, -0.601631164551], [74.885093689, 21.8205547333, -13.9538154602, -39.1341896057, 24.7528247833, -3.90133738518, -24.315328598, -23.8981380463, -20.0926971436, 42.8517608643, 98.5208740234, 31.0545825958, -10.9089040756], [-10.1182060242, -12.2149896622, 1.18207585812, 1.64198458195, 18.4714221954, 3.44240522385, -9.39652633667, -14.7744884491, -7.55765485764, 20.1763439178, 31.0545825958, 62.222366333, 6.31719589233], [-14.8225040436, -12.7464551926, 13.8134527206, 9.23563766479, -17.5279216766, 13.7987298965, 2.52210474014, 19.5662326813, 11.3615598679, -0.601631164551, -10.9089040756, 6.31719589233, 51.2700920105]],
        "icov": [[0.000993592315353, -6.45300315227e-05, 0.000803449249361, -0.000948696746491, 0.00116264994722, -0.000775670050643, 0.000642110826448, -0.00101108138915, 0.00122028519399, -0.000850865326356, -0.000883502303623, 0.000511934573296, 0.000654685893096], [-6.45300315227e-05, 0.0280154589564, -0.0108039798215, 0.0107160843909, -0.0208866707981, 0.0135165238753, -0.0165148358792, 0.0100584011525, -0.015464364551, 0.0137456050143, -0.0127254528925, 0.0114246318117, -0.0064048115164], [0.000803449249361, -0.0108039798215, 0.00851358380169, -0.00470909988508, 0.00819270405918, -0.00797348003834, 0.00774436304346, -0.00579775311053, 0.00517254974693, -0.00675791176036, 0.00491871172562, -0.0041876914911, 0.00321625126526], [-0.000948696746491, 0.0107160843909, -0.00470909988508, 0.00962205044925, -0.0100337089971, 0.00416989298537, -0.00708138896152, 0.00548086920753, -0.00893366057426, 0.0051957257092, -0.00163428194355, 0.00312157836743, -0.00306216906756], [0.00116264994722, -0.0208866707981, 0.00819270405918, -0.0100337089971, 0.0222284495831, -0.0108062494546, 0.00979614723474, -0.00718259299174, 0.0123631814495, -0.01304641366, 0.0073149302043, -0.00868328846991, 0.00724396342412], [-0.000775670050643, 0.0135165238753, -0.00797348003834, 0.00416989298537, -0.0108062494546, 0.01720347628, -0.00940423458815, 0.000758748035878, -0.00329291285016, 0.00722908042371, -0.00637432467192, 0.00450085476041, -0.00471449038014], [0.000642110826448, -0.0165148358792, 0.00774436304346, -0.00708138896152, 0.00979614723474, -0.00940423458815, 0.0213240906596, -0.00838669575751, 0.00445379130542, -0.00501218764111, 0.00742061622441, -0.00626172916964, 0.00460529187694], [-0.00101108138915, 0.0100584011525, -0.00579775311053, 0.00548086920753, -0.00718259299174, 0.000758748035878, -0.00838669575751, 0.0181886833161, -0.00860439706594, 0.00466259289533, -0.00224647508003, 0.00605793157592, -0.00566839007661], [0.00122028519399, -0.015464364551, 0.00517254974693, -0.00893366057426, 0.0123631814495, -0.00329291285016, 0.00445379130542, -0.00860439706594, 0.0279231891036, -0.0117497444153, 0.00768985692412, -0.0042696329765, 0.000737871974707], [-0.000850865326356, 0.0137456050143, -0.00675791176036, 0.0051957257092, -0.01304641366, 0.00722908042371, -0.00501218764111, 0.00466259289533, -0.0117497444153, 0.0277059283108, -0.0137894535437, 0.00328137632459, -0.00429196562618], [-0.000883502303623, -0.0127254528925, 0.00491871172562, -0.00163428194355, 0.0073149302043, -0.00637432467192, 0.00742061622441, -0.00224647508003, 0.00768985692412, -0.0137894535437, 0.0245618913323, -0.0112855704501, 0.00500941649079], [0.000511934573296, 0.0114246318117, -0.0041876914911, 0.00312157836743, -0.00868328846991, 0.00450085476041, -0.00626172916964, 0.00605793157592, -0.0042696329765, 0.00328137632459, -0.0112855704501, 0.0260021109134, -0.00724994949996], [0.000654685893096, -0.0064048115164, 0.00321625126526, -0.00306216906756, 0.00724396342412, -0.00471449038014, 0.00460529187694, -0.00566839007661, 0.000737871974707, -0.00429196562618, 0.00500941649079, -0.00724994949996, 0.025213913992]]
    },
    "melbands": {
        "dmean": [8.40402426547e-05, 0.000184763208381, 0.000182943695108, 0.000359783181921, 0.000149516650708, 0.000235326675465, 0.000210119629628, 5.4338175687e-05, 3.35711956723e-05, 6.44689280307e-05, 8.83145112311e-05, 4.24539248343e-05, 2.11822170968e-05, 4.37930211774e-05, 3.23997192027e-05, 9.53976723395e-06, 1.35919808599e-05, 5.5323594097e-06, 5.86817350268e-06, 6.60774867356e-06, 4.11181781601e-06, 3.88713488064e-06, 2.30493378695e-06, 1.39638177643e-06, 1.73281841853e-06, 1.61934633525e-06, 1.07328435206e-06, 8.34497825508e-07, 4.18954186898e-07, 1.7925725615e-07, 9.71047739995e-08, 8.05140061289e-08, 3.16780308651e-08, 1.92990938785e-08, 1.90310345261e-08, 3.17959418794e-08, 2.58874131021e-08, 1.11386295742e-08, 3.2066022726e-08, 8.29732549334e-09],
        "dmean2": [0.000132616958581, 0.000280775304418, 0.000291496398859, 0.000593809469137, 0.000227688098676, 0.000348339613993, 0.000284236855805, 7.94962761574e-05, 4.46772464784e-05, 9.23965708353e-05, 0.000127544466523, 5.87192371313e-05, 3.04412315018e-05, 6.30909707979e-05, 4.49079489044e-05, 1.47961964103e-05, 2.14801693801e-05, 8.3969653133e-06, 9.39386154641e-06, 1.03885904537e-05, 6.66201822241e-06, 5.78375329496e-06, 3.69134932043e-06, 2.21226150643e-06, 2.7698060876e-06, 2.40089025283e-06, 1.70008297573e-06, 1.33011587877e-06, 6.46129251436e-07, 2.89843711698e-07, 1.47720854216e-07, 1.3412001465e-07, 5.15451112904e-08, 3.1470630546e-08, 3.38495205199e-08, 6.05584560276e-08, 4.9452619777e-08, 2.11997583932e-08, 6.23418969781e-08, 1.59979265391e-08],
        "dvar": [4.85137583439e-08, 2.23194973614e-07, 7.63379546243e-08, 2.3390498427e-07, 3.58201930339e-08, 1.85745037129e-07, 2.132037622e-07, 8.1074498226e-09, 3.01445757245e-09, 2.4192976511e-08, 3.28463016785e-08, 1.4697331352e-08, 1.57328305939e-09, 8.90918805396e-09, 5.5839306512e-09, 1.6426567051e-10, 9.42615319133e-10, 9.02758215404e-11, 1.04820971347e-10, 7.42367486928e-11, 4.10728499822e-11, 5.36289276876e-11, 1.52926785818e-11, 6.09701828955e-12, 1.06150912713e-11, 8.45965745372e-12, 3.32674751462e-12, 2.87188610566e-12, 6.71093497613e-13, 2.20918674521e-13, 7.77186949237e-14, 8.7779670956e-14, 8.56255780797e-15, 3.53038419624e-15, 7.03477422189e-15, 4.15461664637e-14, 2.66674855619e-14, 4.44929974754e-15, 6.16965381778e-14, 3.21351213529e-15],
        "dvar2": [1.22177866047e-07, 4.49084865295e-07, 2.15648540802e-07, 6.67350548156e-07, 8.8544553023e-08, 5.08189827997e-07, 4.37157893884e-07, 1.55463197871e-08, 5.29095389723e-09, 4.6475893356e-08, 6.83991245864e-08, 2.75865179589e-08, 3.27234084274e-09, 1.64123026281e-08, 8.71187744167e-09, 3.76447178985e-10, 2.25064544779e-09, 1.83236495421e-10, 2.70043709616e-10, 1.75703174232e-10, 9.5311147863e-11, 9.72470021177e-11, 3.34604913221e-11, 1.65524659951e-11, 2.72763235609e-11, 1.51060379483e-11, 6.77921043954e-12, 7.29171063807e-12, 1.71331644618e-12, 5.48955087117e-13, 1.37534677657e-13, 2.36889988962e-13, 2.37416558852e-14, 9.49755427977e-15, 2.0325446648e-14, 1.22525768828e-13, 7.73548298983e-14, 1.30657212277e-14, 1.82752643856e-13, 9.44194910788e-15],
        "max": [0.00310643063858, 0.0109958704561, 0.00538282375783, 0.00678864168003, 0.00289675197564, 0.00735508464277, 0.010715642944, 0.00260476279072, 0.00090379989706, 0.00261214515194, 0.00353349372745, 0.00403568753973, 0.000733344757464, 0.001936237677, 0.00150370760821, 0.000213002422242, 0.000566426082514, 0.000182484596735, 0.000272883742582, 0.00017805553216, 0.000149883257109, 0.000191937855561, 9.99974654405e-05, 4.46054909844e-05, 6.43283419777e-05, 7.77396489866e-05, 4.01955330744e-05, 2.67684063147e-05, 1.73210792127e-05, 1.12725956569e-05, 1.04645096144e-05, 4.60728779217e-06, 1.31666524794e-06, 7.35236255878e-07, 9.38204721024e-07, 2.839217359e-06, 1.87745797575e-06, 8.36816923311e-07, 3.51669405063e-06, 7.8673514281e-07],
        "mean": [0.0001398694003, 0.000363846455002, 0.000428226863733, 0.000881534884684, 0.000464832002763, 0.000947150983848, 0.000988508109003, 0.000157258371473, 9.20526799746e-05, 0.0001567346917, 0.000186080607818, 8.9585671958e-05, 4.94704836456e-05, 0.000121843047964, 8.56081169331e-05, 2.03558684007e-05, 2.76639675576e-05, 1.21932998809e-05, 1.18928455777e-05, 1.35175587275e-05, 8.77966613189e-06, 9.72821271716e-06, 4.697481927e-06, 3.10967357109e-06, 3.78894151254e-06, 3.80339679396e-06, 2.75562251772e-06, 1.94216363525e-06, 8.30747126201e-07, 3.02100687577e-07, 1.80994476295e-07, 1.21639587292e-07, 5.15880458352e-08, 3.13253316619e-08, 2.05763370786e-08, 2.22573657283e-08, 1.64890501253e-08, 7.87526577284e-09, 1.79487713581e-08, 4.89399543113e-09],
        "median": [3.87453983421e-05, 0.000136281058076, 0.000269122654572, 0.00063792266883, 0.000359042605851, 0.000435264024418, 0.000344735686667, 9.96499002213e-05, 5.25327195646e-05, 4.04843958677e-05, 4.87692122988e-05, 2.71770859399e-05, 2.52653517236e-05, 2.85635196633e-05, 2.07637021958e-05, 1.20467047964e-05, 9.27216660784e-06, 5.75528019908e-06, 5.71448708797e-06, 7.79763922765e-06, 4.83367739434e-06, 3.7695424453e-06, 2.62975777332e-06, 1.50177174874e-06, 1.71778685853e-06, 1.73133298631e-06, 1.30227419959e-06, 7.6275551919e-07, 3.69434559389e-07, 1.13647210753e-07, 6.88661003778e-08, 4.31726085992e-08, 1.75370207245e-08, 9.25310139621e-09, 5.67161739795e-09, 2.95074276124e-09, 1.27878618805e-09, 7.27513993493e-10, 4.0919292954e-10, 1.2742516764e-10],
