{
"highlevel": {
    "danceability": {
        "all": {
            "danceable": 0.42559710145,
            "not_danceable": 0.574402928352
        },
        "probability": 0.574402928352,
        "value": "not_danceable"
    },
    "gender": {
        "all": {
            "female": 0.0209982078522,
            "male": 0.979001820087
        },
        "probability": 0.979001820087,
        "value": "male"
    },
    "genre_dortmund": {
        "all": {
            "alternative": 0.219494968653,
            "blues": 0.0568893961608,
            "electronic": 0.0365880504251,
            "folkcountry": 0.249738648534,
            "funksoulrnb": 0.0280521195382,
            "jazz": 0.0314871780574,
            "pop": 0.0454855263233,
            "raphiphop": 0.0552367754281,
            "rock": 0.277027338743
        },
        "probability": 0.277027338743,
        "value": "rock"
    },
    "genre_electronic": {
        "all": {
            "ambient": 0.415600985289,
            "dnb": 0.256542623043,
            "house": 0.222513318062,
            "techno": 0.0163686387241,
            "trance": 0.0889744386077
        },
        "probability": 0.415600985289,
        "value": "ambient"
    },
    "genre_rosamerica": {
        "all": {
            "cla": 0.0284155551344,
            "dan": 0.19304870069,
            "hip": 0.0615278817713,
            "jaz": 0.0416560694575,
            "pop": 0.260225981474,
            "rhy": 0.197626650333,
            "roc": 0.192544475198,
            "spe": 0.0249546989799
        },
        "probability": 0.260225981474,
        "value": "pop"
    },
    "genre_tzanetakis": {
        "all": {
            "blu": 0.0524533167481,
            "cla": 0.0349649488926,
            "cou": 0.104891635478,
            "dis": 0.0524435415864,
            "hip": 0.0629331693053,
            "jaz": 0.314674407244,
            "met": 0.0629421249032,
            "pop": 0.0786757916212,
            "reg": 0.0786744207144,
            "roc": 0.157346650958
        },
        "probability": 0.314674407244,
        "value": "jaz"
    },
    "ismir04_rhythm": {
        "all": {
            "ChaChaCha": 0.034514259547,
            "Jive": 0.0621376745403,
            "Quickstep": 0.338453292847,
            "Rumba-American": 0.0173602066934,
            "Rumba-International": 0.074158988893,
            "Rumba-Misc": 0.0144154420123,
            "Samba": 0.180557757616,
            "Tango": 0.221336007118,
            "VienneseWaltz": 0.039393208921,
            "Waltz": 0.0176731497049
        },
        "probability": 0.338453292847,
        "value": "Quickstep"
    },
    "mood_acoustic": {
        "all": {
            "acoustic": 0.535808861256,
            "not_acoustic": 0.464191138744
        },
        "probability": 0.535808861256,
        "value": "acoustic"
    },
    "mood_aggressive": {
        "all": {
            "aggressive": 0.0403517819941,
            "not_aggressive": 0.959648191929
        },
        "probability": 0.959648191929,
        "value": "not_aggressive"
    },
    "mood_electronic": {
        "all": {
            "electronic": 0.383932411671,
            "not_electronic": 0.616067588329
        },
        "probability": 0.616067588329,
        "value": "not_electronic"
    },
    "mood_happy": {
        "all": {
            "happy": 0.433774471283,
            "not_happy": 0.566225528717
        },
        "probability": 0.566225528717,
        "value": "not_happy"
    },
    "mood_party": {
        "all": {
            "not_party": 0.730407655239,
            "party": 0.269592344761
        },
        "probability": 0.730407655239,
        "value": "not_party"
    },
    "mood_relaxed": {
        "all": {
            "not_relaxed": 0.521412551403,
            "relaxed": 0.478587448597
        },
        "probability": 0.521412551403,
        "value": "not_relaxed"
    },
    "mood_sad": {
        "all": {
            "not_sad": 0.267386168242,
            "sad": 0.732613801956
        },
        "probability": 0.732613801956,
        "value": "sad"
    },
    "moods_mirex": {
        "all": {
            "Cluster1": 0.296048820019,
            "Cluster2": 0.248646020889,
            "Cluster3": 0.121644176543,
            "Cluster4": 0.252559304237,
            "Cluster5": 0.0811016857624
        },
        "probability": 0.296048820019,
        "value": "Cluster1"
    },
    "timbre": {
        "all": {
            "bright": 0.35790130496,
            "dark": 0.642098724842
        },
        "probability": 0.642098724842,
        "value": "dark"
    },
    "tonal_atonal": {
        "all": {
            "atonal": 0.609620571136,
            "tonal": 0.390379399061
        },
        "probability": 0.609620571136,
        "value": "atonal"
    },
    "voice_instrumental": {
        "all": {
            "instrumental": 0.00453210249543,
            "voice": 0.99546790123
        },
        "probability": 0.99546790123,
        "value": "voice"
    }
},
"lowlevel": {
    "average_loudness": 0.959764361382,
    "barkbands_crest": {
        "dmean": 2.74588680267,
        "dmean2": 4.51091957092,
        "dvar": 7.9072227478,
        "dvar2": 21.0609016418,
        "max": 23.0503768921,
        "mean": 10.0434379578,
        "median": 9.30254459381,
        "min": 3.07340884209,
        "var": 15.1666135788
    },
    "barkbands_flatness_db": {
        "dmean": 0.0264517478645,
        "dmean2": 0.0400849580765,
        "dvar": 0.000763442309108,
        "dvar2": 0.00156666641124,
        "max": 0.404390662909,
        "mean": 0.181323856115,
        "median": 0.181263834238,
        "min": 0.0464253611863,
        "var": 0.00335502810776
    },
    "barkbands_kurtosis": {
        "dmean": 3.52201390266,
        "dmean2": 5.75482606888,
        "dvar": 45.2440719604,
        "dvar2": 116.542831421,
        "max": 82.4141464233,
        "mean": 4.39277505875,
        "median": 2.27047300339,
        "min": -1.8476985693,
        "var": 53.3743247986
    },
    "barkbands_skewness": {
        "dmean": 0.613655686378,
        "dmean2": 0.957982838154,
        "dvar": 0.531882345676,
        "dvar2": 1.1999861002,
        "max": 7.71387958527,
        "mean": 1.63629865646,
        "median": 1.51966261864,
        "min": -1.65805077553,
        "var": 1.26747703552
    },
    "barkbands_spread": {
        "dmean": 4.93268156052,
        "dmean2": 7.2940030098,
        "dvar": 38.6366691589,
        "dvar2": 71.9198226929,
        "max": 78.1625747681,
        "mean": 17.1209602356,
        "median": 13.9857387543,
        "min": 1.30390131474,
        "var": 135.780303955
    },
    "dissonance": {
        "dmean": 0.0252817645669,
        "dmean2": 0.0415436960757,
        "dvar": 0.000548098003492,
        "dvar2": 0.00150672183372,
        "max": 0.499553859234,
        "mean": 0.44928881526,
        "median": 0.45593380928,
        "min": 0.289467573166,
        "var": 0.00123757543042
    },
    "dynamic_complexity": 1.79770386219,
    "erbbands_crest": {
        "dmean": 2.65958452225,
        "dmean2": 4.35652542114,
        "dvar": 6.14096498489,
        "dvar2": 16.409406662,
        "max": 25.0612487793,
        "mean": 8.96196174622,
        "median": 8.06736087799,
        "min": 2.5683529377,
        "var": 15.1659269333
    },
    "erbbands_flatness_db": {
        "dmean": 0.0254614893347,
        "dmean2": 0.0326198972762,
        "dvar": 0.000749593949877,
        "dvar2": 0.00118833174929,
        "max": 0.330118060112,
        "mean": 0.18200160563,
        "median": 0.189616099,
        "min": 0.0529964827001,
        "var": 0.0034065740183
    },
    "erbbands_kurtosis": {
        "dmean": 0.75716227293,
        "dmean2": 1.20853888988,
        "dvar": 0.637469291687,
        "dvar2": 1.52194452286,
        "max": 9.00914001465,
        "mean": 0.532746732235,
        "median": 0.100656032562,
        "min": -1.64961862564,
        "var": 2.03319883347
    },
    "erbbands_skewness": {
        "dmean": 0.324780464172,
        "dmean2": 0.482214093208,
        "dvar": 0.0748366266489,
        "dvar2": 0.164770081639,
        "max": 2.21443939209,
        "mean": 0.274080723524,
        "median": 0.286367714405,
        "min": -2.67170357704,
        "var": 0.322248965502
    },
    "erbbands_spread": {
        "dmean": 8.61685371399,
        "dmean2": 13.0292062759,
        "dvar": 90.24168396,
        "dvar2": 199.68347168,
        "max": 113.465484619,
        "mean": 33.3069610596,
        "median": 29.3508033752,
        "min": 6.90813922882,
        "var": 278.338226318
    },
    "hfc": {
        "dmean": 7.08678102493,
        "dmean2": 10.2144594193,
        "dvar": 88.0005340576,
        "dvar2": 153.396179199,
        "max": 107.173957825,
        "mean": 22.3892459869,
        "median": 16.087600708,
        "min": 1.09682655334,
        "var": 338.16998291
    },
    "melbands_crest": {
        "dmean": 3.37172365189,
        "dmean2": 5.48219442368,
        "dvar": 9.85946750641,
        "dvar2": 25.7221355438,
        "max": 29.635848999,
        "mean": 15.335226059,
        "median": 14.9830732346,
        "min": 5.04308891296,
        "var": 24.5564937592
    },
    "melbands_flatness_db": {
        "dmean": 0.030128987506,
        "dmean2": 0.0441175699234,
        "dvar": 0.00109937170055,
        "dvar2": 0.00221185712144,
        "max": 0.515710532665,
        "mean": 0.238561317325,
        "median": 0.236325785518,
        "min": 0.0488962642848,
        "var": 0.00589509261772
    },
    "melbands_kurtosis": {
        "dmean": 8.45509052277,
        "dmean2": 13.6922569275,
        "dvar": 260.543914795,
        "dvar2": 651.802856445,
        "max": 202.42137146,
        "mean": 12.0998277664,
        "median": 7.10371780396,
        "min": -1.78590154648,
        "var": 291.811981201
    },
    "melbands_skewness": {
        "dmean": 0.854349076748,
        "dmean2": 1.32477855682,
        "dvar": 1.05522561073,
        "dvar2": 2.40575146675,
        "max": 11.72605896,
        "mean": 2.56079411507,
        "median": 2.38186979294,
        "min": -0.438920080662,
        "var": 2.38074707985
    },
    "melbands_spread": {
        "dmean": 5.57007312775,
        "dmean2": 8.47487068176,
        "dvar": 63.5365180969,
        "dvar2": 112.20690155,
        "max": 167.326751709,
        "mean": 18.0853919983,
        "median": 14.4992389679,
        "min": 1.28807497025,
        "var": 210.53352356
    },
    "pitch_salience": {
        "dmean": 0.0742602422833,
        "dmean2": 0.120834715664,
        "dvar": 0.00485466700047,
        "dvar2": 0.0123049793765,
        "max": 0.812067985535,
        "mean": 0.522295594215,
        "median": 0.526483535767,
        "min": 0.210403084755,
        "var": 0.011706603691
    },
    "silence_rate_20dB": {
        "dmean": 0,
        "dmean2": 0,
        "dvar": 0,
        "dvar2": 0,
        "max": 1,
        "mean": 1,
        "median": 1,
        "min": 1,
        "var": 0
    },
    "silence_rate_30dB": {
        "dmean": 0.0154798757285,
        "dmean2": 0.0309837330133,
        "dvar": 0.0152403591201,
        "dvar2": 0.0439670272171,
        "max": 1,
        "mean": 0.991492629051,
        "median": 1,
        "min": 0,
        "var": 0.00843504630029
    },
    "silence_rate_60dB": {
        "dmean": 0.000773993786424,
        "dmean2": 0.000774593325332,
        "dvar": 0.000773391744588,
        "dvar2": 0.000773989362642,
        "max": 1,
        "mean": 0.00077339517884,
        "median": 0,
        "min": 0,
        "var": 0.000772794999648
    },
    "spectral_centroid": {
        "dmean": 210.203460693,
        "dmean2": 310.922027588,
        "dvar": 68766.28125,
        "dvar2": 114853.601562,
        "max": 4654.59375,
        "mean": 1013.28149414,
        "median": 871.885742188,
        "min": 187.179870605,
        "var": 304116.75
    },
    "spectral_complexity": {
        "dmean": 3.53792572021,
        "dmean2": 4.99070501328,
        "dvar": 19.5984401703,
        "dvar2": 25.1741695404,
        "max": 55,
        "mean": 19.2382049561,
        "median": 18,
        "min": 6,
        "var": 71.0286636353
    },
    "spectral_decrease": {
        "dmean": 3.90459353738e-09,
        "dmean2": 6.09274453112e-09,
        "dvar": 3.33803740025e-17,
        "dvar2": 7.79490937087e-17,
        "max": -8.07183819784e-10,
        "mean": -1.01628740978e-08,
        "median": -8.9312424123e-09,
        "min": -5.52213101912e-08,
        "var": 4.77931193648e-17
    },
    "spectral_energy": {
        "dmean": 0.0151894455776,
        "dmean2": 0.0235406029969,
        "dvar": 0.000488549820147,
        "dvar2": 0.00113825849257,
        "max": 0.211359903216,
        "mean": 0.0403878502548,
        "median": 0.0354038216174,
        "min": 0.00319519941695,
        "var": 0.000722181401215
    },
    "spectral_energyband_high": {
        "dmean": 0.000453524960903,
        "dmean2": 0.000610021757893,
        "dvar": 7.9109241824e-07,
        "dvar2": 1.337748472e-06,
        "max": 0.0137731786817,
        "mean": 0.000822368077934,
        "median": 0.000217183405766,
        "min": 5.2737510714e-07,
        "var": 2.3183047233e-06
    },
    "spectral_energyband_low": {
        "dmean": 0.0114803146571,
        "dmean2": 0.0184196420014,
        "dvar": 0.000446100253612,
        "dvar2": 0.0010746960761,
        "max": 0.195734634995,
        "mean": 0.0194443017244,
        "median": 0.0149808088318,
        "min": 4.42845303041e-05,
        "var": 0.000483959069243
    },
    "spectral_energyband_middle_high": {
        "dmean": 0.00245282240212,
        "dmean2": 0.00376708968543,
        "dvar": 1.10315131678e-05,
        "dvar2": 2.6827054171e-05,
        "max": 0.056301869452,
        "mean": 0.0071519385092,
        "median": 0.00453936867416,
        "min": 0.000100502154964,
        "var": 4.93757288496e-05
    },
    "spectral_energyband_middle_low": {
        "dmean": 0.00550456624478,
        "dmean2": 0.00891235843301,
        "dvar": 5.1247603551e-05,
        "dvar2": 0.000128997737193,
        "max": 0.0662737339735,
        "mean": 0.0145779084414,
        "median": 0.011058267206,
        "min": 0.00141210248694,
        "var": 0.000117995528853
    },
    "spectral_entropy": {
        "dmean": 0.202716171741,
        "dmean2": 0.271553188562,
        "dvar": 0.0522742010653,
        "dvar2": 0.0935492515564,
        "max": 8.36370372772,
        "mean": 7.26387405396,
        "median": 7.24434280396,
        "min": 5.6170759201,
        "var": 0.247254297137
    },
    "spectral_flux": {
        "dmean": 0.034321539104,
        "dmean2": 0.0508660487831,
        "dvar": 0.00175165687688,
        "dvar2": 0.0035288927611,
        "max": 0.415817826986,
        "mean": 0.0999859124422,
        "median": 0.0815001651645,
        "min": 0.0190637428313,
        "var": 0.00349945528433
    },
    "spectral_kurtosis": {
        "dmean": 3.04736614227,
        "dmean2": 5.06218767166,
        "dvar": 15.0015735626,
        "dvar2": 39.9389572144,
        "max": 70.3768539429,
        "mean": 6.2088394165,
        "median": 4.35348272324,
        "min": -0.537314176559,
        "var": 38.835735321
    },
    "spectral_rms": {
        "dmean": 0.00109995156527,
        "dmean2": 0.00165634276345,
        "dvar": 1.86098918675e-06,
        "dvar2": 3.96924724555e-06,
        "max": 0.0143598327413,
        "mean": 0.00594771141186,
        "median": 0.00587710086256,
        "min": 0.00176557851955,
        "var": 4.02747764383e-06
    },
    "spectral_rolloff": {
        "dmean": 345.064300537,
        "dmean2": 547.420715332,
        "dvar": 315367,
        "dvar2": 600816.875,
        "max": 7062.890625,
        "mean": 1040.92199707,
        "median": 839.794921875,
        "min": 86.1328125,
        "var": 861437.625
    },
    "spectral_skewness": {
        "dmean": 0.32740688324,
        "dmean2": 0.514855444431,
        "dvar": 0.111072070897,
        "dvar2": 0.291386127472,
        "max": 6.55932664871,
        "mean": 1.74236667156,
        "median": 1.63552391529,
        "min": -0.12898118794,
        "var": 0.434018015862
    },
    "spectral_spread": {
        "dmean": 679279.125,
        "dmean2": 959356.4375,
        "dvar": 852271824896,
        "dvar2": 1.82966629171e+12,
        "max": 9224022,
        "mean": 3851939.5,
        "median": 3294445.25,
        "min": 1093087.75,
        "var": 2.66819285811e+12
    },
    "spectral_strongpeak": {
        "dmean": 0.481506824493,
        "dmean2": 0.845671474934,
        "dvar": 0.753076553345,
        "dvar2": 1.90270912647,
        "max": 10.7028484344,
        "mean": 0.904974639416,
        "median": 0.585447430611,
        "min": 0,
        "var": 1.27472603321
    },
    "zerocrossingrate": {
        "dmean": 0.00864734034985,
        "dmean2": 0.00948309525847,
        "dvar": 0.00011607905617,
        "dvar2": 0.000107344720163,
        "max": 0.24658203125,
        "mean": 0.0445483960211,
        "median": 0.03515625,
        "min": 0.0048828125,
        "var": 0.000912579824217
    },
    "barkbands": {
        "dmean": [0.00120300916024, 0.00702852895483, 0.00463206460699, 0.00213060504757, 0.00257504917681, 0.000641071470454, 0.00110578094609, 0.000864924746566, 0.000695008027833, 0.00118909531739, 0.000363983359421, 0.000814310333226, 0.00058165093651, 0.000391613488318, 0.000220694753807, 0.000183544078027, 0.000130911401357, 0.00011643095786, 0.000124734317069, 0.000145929487189, 0.000104127306258, 0.000103905797005, 9.81045595836e-05, 7.86180535215e-05, 4.67761346954e-05, 4.5147833589e-05, 1.89489091085e-09],
        "dmean2": [0.00199472997338, 0.0116802314296, 0.00778590561822, 0.003556804033, 0.00419736327603, 0.00106353883166, 0.00172596250195, 0.00134881504346, 0.00106174161192, 0.00192203139886, 0.000577581522521, 0.00127225008328, 0.000957426207606, 0.000609994516708, 0.000340340571711, 0.000283775560092, 0.000200322872843, 0.000169997481862, 0.00018866546452, 0.000220992369577, 0.000142860008054, 0.000146583115566, 0.000142996534123, 0.000121804616356, 7.52225823817e-05, 6.68230932206e-05, 3.14367376575e-09],
        "dvar": [1.01453551906e-05, 0.000326553534251, 4.63867472718e-05, 1.29541649585e-05, 1.47415794345e-05, 2.21221307584e-06, 3.21282004734e-06, 2.79188543573e-06, 1.75009893155e-06, 5.23853213963e-06, 4.2017276769e-07, 2.29350121117e-06, 1.4955109009e-06, 8.655900956e-07, 1.75707398853e-07, 1.28980389036e-07, 6.648323847e-08, 4.58126798719e-08, 6.22161593355e-08, 7.16544050761e-08, 5.11390183533e-08, 6.67019790512e-08, 4.17008543252e-08, 2.7711850592e-08, 1.14390497075e-08, 1.0663152139e-08, 1.07848893526e-16],
        "dvar2": [2.3512300686e-05, 0.000799364410341, 0.000129732914502, 3.36475823133e-05, 4.15622344008e-05, 6.04743445365e-06, 7.26750704416e-06, 5.79269180889e-06, 3.57690237252e-06, 1.38520617838e-05, 9.44785881529e-07, 5.68480345464e-06, 3.96057384933e-06, 1.91856679521e-06, 3.83281133054e-07, 2.98062190041e-07, 1.46843035509e-07, 9.60963504326e-08, 1.30777564777e-07, 1.69181248566e-07, 9.15900457699e-08, 1.26680120616e-07, 8.52354844483e-08, 6.22335889489e-08, 2.82936891693e-08, 2.3322353826e-08, 1.18890272396e-16],
        "max": [0.0298322066665, 0.132853642106, 0.0798355489969, 0.0351001471281, 0.0513494871557, 0.0261831209064, 0.0371388345957, 0.0350513868034, 0.0198298003525, 0.038982771337, 0.0151339853182, 0.024231929332, 0.0280718076974, 0.0183560997248, 0.00474511645734, 0.00443888502195, 0.00341543951072, 0.00247806264088, 0.00327143305913, 0.0035383773502, 0.0040106815286, 0.00623490614817, 0.00326088676229, 0.00191525358241, 0.00090859393822, 0.0013046846725, 3.06780350456e-07],
        "mean": [0.000970107794274, 0.00753830419853, 0.00955870281905, 0.00359888840467, 0.00465255836025, 0.000991645269096, 0.00194883369841, 0.00156636233442, 0.00136747362558, 0.00194455869496, 0.00059683987638, 0.00162608991377, 0.0010917391628, 0.000654775998555, 0.000366046297131, 0.00030673816218, 0.00021614380239, 0.000192769191926, 0.000217773180339, 0.00025446669315, 0.000169717532117, 0.000162131153047, 0.000145016470924, 0.000126999730128, 6.62114689476e-05, 5.69924923184e-05, 1.65091174065e-09],
        "median": [2.25789262913e-05, 0.00181529589463, 0.0074790478684, 0.00164162390865, 0.00317132403143, 0.000582481152378, 0.00118342298083, 0.000602580956183, 0.000418169453042, 0.000772979168687, 0.000287822564133, 0.000715737463906, 0.000410385022406, 0.000140459087561, 0.00014310311235, 0.000167487523868, 7.89594632806e-05, 9.3986884167e-05, 9.91357810562e-05, 9.24798150663e-05, 5.48120442545e-05, 3.60242156603e-05, 1.90338178072e-05, 1.07185314846e-05, 2.55085660683e-06, 9.04977298433e-07, 5.30450738889e-10],
        "min": [8.62564704107e-08, 1.4059374962e-06, 1.49381730807e-06, 5.25085852132e-06, 8.26304021757e-05, 2.31678459386e-05, 2.74025424005e-05, 1.42765111377e-05, 1.22511428344e-05, 9.33970841288e-06, 2.35192419495e-06, 1.20891272672e-05, 4.11688324675e-06, 2.22911535275e-06, 9.62871013144e-07, 2.77924573311e-06, 1.15858256322e-06, 8.80350398802e-07, 2.72735803719e-07, 2.41013907498e-07, 1.25327716205e-07, 8.72783303407e-08, 8.46859009584e-08, 2.92485999864e-08, 1.12684826747e-11, 9.34536562719e-12, 1.32351794455e-11],
        "var": [9.19526155485e-06, 0.000281445943983, 8.07746255305e-05, 2.33779246628e-05, 2.27064119827e-05, 2.3492937089e-06, 7.12502378519e-06, 9.34610307013e-06, 6.1725145315e-06, 1.01064706541e-05, 9.26490486108e-07, 7.25982226868e-06, 4.5698429858e-06, 2.49106165029e-06, 3.61822543482e-07, 1.9595898948e-07, 1.32364874617e-07, 8.42110807753e-08, 1.10922712793e-07, 1.5604842929e-07, 1.23346069358e-07, 1.64269437164e-07, 9.42948830129e-08, 6.23645135533e-08, 1.99102334619e-08, 2.00556939944e-08, 1.07863743072e-16]
    },
    "erbbands": {
        "dmean": [0.211451247334, 1.6854506731, 5.11915874481, 5.96496009827, 8.67077541351, 8.71706867218, 5.20978212357, 6.20744800568, 14.5471668243, 16.8908519745, 15.7491426468, 18.1955184937, 21.5774421692, 35.5082931519, 19.2457332611, 27.3909664154, 30.03373909, 17.429227829, 14.0308265686, 9.71088314056, 9.05272674561, 7.3997964859, 6.07071447372, 6.08759498596, 7.13663864136, 6.34140253067, 3.60007381439, 4.9149518013, 3.79153704643, 3.34371185303, 2.5631840229, 2.20556402206, 0.992152929306, 0.644947946072, 0.285345971584, 0.164275020361, 0.099842980504, 0.00850883312523, 0.000154412555275, 2.22596754611e-05],
        "dmean2": [0.346413344145, 2.89152860641, 8.72827243805, 9.85239696503, 14.3351097107, 14.0116357803, 8.7837934494, 10.3558073044, 22.9970741272, 26.1566047668, 24.4149208069, 28.1420860291, 33.7104873657, 58.7005882263, 30.8270664215, 42.7345619202, 49.7218132019, 27.2995052338, 21.5566062927, 14.6153497696, 13.3315896988, 11.3178596497, 8.78140735626, 9.18178653717, 10.6404533386, 9.41882228851, 4.87008047104, 6.90194988251, 5.28825855255, 5.13135194778, 3.74689626694, 3.45858430862, 1.49261212349, 1.05163764954, 0.459853082895, 0.249171555042, 0.151655867696, 0.013372390531, 0.000236482912442, 3.3019532566e-05],
        "dvar": [0.307980328798, 19.2189884186, 70.5515899658, 74.1123657227, 221.592422485, 157.806228638, 46.2520332336, 268.377288818, 633.461242676, 919.845581055, 893.097412109, 1183.43029785, 1363.79406738, 7478.22900391, 1103.48022461, 2169.30517578, 3884.22485352, 1240.73547363, 922.473999023, 370.945831299, 339.734893799, 195.877151489, 115.235610962, 145.205978394, 178.586410522, 133.897903442, 51.7358856201, 139.263366699, 93.7710342407, 52.4502639771, 28.6599388123, 24.4296398163, 3.81765294075, 2.18468689919, 0.402627468109, 0.138746038079, 0.0567378513515, 0.000496379274409, 1.44508732092e-07, 1.05994257815e-09],
        "dvar2": [0.731161415577, 51.1464958191, 201.201400757, 204.458435059, 571.780944824, 446.005187988, 122.37322998, 731.346008301, 1552.83532715, 2005.04956055, 1881.515625, 2542.52490234, 3153.78222656, 20049.9140625, 2799.37036133, 5247.92919922, 10269.6835938, 2676.61669922, 2133.05664062, 749.872558594, 756.687683105, 443.602142334, 226.855651855, 315.781066895, 391.335601807, 303.574707031, 94.3921890259, 249.234527588, 167.594451904, 109.182525635, 59.7503395081, 58.0040550232, 7.83771371841, 5.44180727005, 0.969114422798, 0.299158602953, 0.125485792756, 0.00109887914732, 3.17130229632e-07, 2.29966956589e-09],
        "max": [3.34974908829, 35.2513961792, 88.7715148926, 93.361289978, 151.835678101, 164.379302979, 67.4090423584, 288.925018311, 474.157562256, 653.390563965, 450.167053223, 617.775939941, 487.1277771, 1691.76538086, 623.555847168, 687.381774902, 1221.85559082, 764.683532715, 743.315124512, 249.072601318, 241.658416748, 187.130859375, 123.190757751, 159.864135742, 159.807662964, 140.351470947, 80.6505889893, 234.869949341, 258.283935547, 126.189537048, 67.4512252808, 57.2045555115, 20.2502422333, 11.9054298401, 6.06820583344, 5.74173879623, 3.19197201729, 0.360929280519, 0.0058415979147, 0.000306976697175],
        "mean": [0.186209008098, 1.91498565674, 9.93946456909, 11.532283783, 15.5798664093, 15.5835266113, 8.17939567566, 9.40116786957, 25.2688522339, 30.8422279358, 30.6118164062, 37.0298461914, 39.3602256775, 60.6087112427, 40.4829330444, 57.983291626, 58.1774597168, 31.9284877777, 26.906539917, 17.1137275696, 14.9770851135, 13.3239994049, 11.0566778183, 10.4427480698, 13.0638217926, 11.4398775101, 6.42625188828, 7.52901506424, 5.95754051208, 4.91904067993, 3.88769602776, 3.1659181118, 1.7030390501, 0.889761924744, 0.417484670877, 0.245531052351, 0.11226234585, 0.00875540543348, 0.000183316122275, 5.51841803826e-05],
        "median": [0.0204321313649, 0.782525897026, 7.42252349854, 8.61912059784, 7.4437494278, 11.0907926559, 5.48782110214, 5.00120925903, 14.8227148056, 17.3511981964, 14.9139547348, 12.0410175323, 17.7340526581, 22.1357707977, 22.561296463, 27.8235721588, 22.378786087, 10.8678512573, 9.01194381714, 8.97081851959, 7.58429336548, 5.64254283905, 5.15109682083, 5.16539144516, 6.13934135437, 4.25427818298, 2.36985421181, 1.88691210747, 1.44897997379, 0.954337239265, 0.467400044203, 0.272484630346, 0.147544026375, 0.0463757552207, 0.0077762096189, 0.00448397453874, 0.00135803013109, 0.000107584732177, 2.43154026975e-05, 4.33216155216e-05],
        "min": [9.88085157587e-05, 0.000912787450943, 0.00604084180668, 0.0885150432587, 0.263767302036, 0.352230519056, 0.247936248779, 0.401308506727, 0.295935332775, 0.44454985857, 0.852816283703, 0.806019842625, 0.322206020355, 0.3947737813, 0.361168980598, 0.598668932915, 0.335827887058, 0.199166834354, 0.0939377993345, 0.11174813658, 0.111096903682, 0.0800025016069, 0.062989294529, 0.0203471314162, 0.0163053702563, 0.0115789175034, 0.00452929874882, 0.00546751497313, 0.00338886422105, 0.0033593098633, 0.00182679202408, 0.000861017557327, 0.000340906583006, 2.8409762308e-05, 3.81845256925e-06, 1.88158026049e-06, 1.0828256336e-06, 1.85976745115e-07, 1.58559794272e-06, 3.58835245606e-06],
        "var": [0.27763146162, 14.4539966583, 94.1837005615, 111.156326294, 381.782684326, 256.462158203, 65.1791229248, 283.529205322, 1232.69006348, 2257.11108398, 2679.96508789, 4671.77099609, 3457.66430664, 15445.109375, 2865.05810547, 7513.67285156, 12405.5957031, 3891.71411133, 2543.19213867, 644.986816406, 508.326965332, 440.074981689, 251.868789673, 254.79876709, 358.437408447, 313.607635498, 116.383468628, 350.115386963, 244.513793945, 104.023536682, 67.0550765991, 41.986240387, 11.7455787659, 3.55700683594, 0.845604836941, 0.377813458443, 0.080743342638, 0.000657095108181, 2.05287847166e-07, 1.84292392458e-09]
    },
    "gfcc": {
        "mean": [-1.20064282417, 130.641952515, -126.502716064, 30.7595367432, -58.8977966309, 14.592833519, -25.7864227295, -2.78690648079, -23.2581863403, -10.1143445969, -11.6824913025, -10.6528081894, -15.3682126999],
        "cov": [[4439.33496094, -2802.83349609, 882.706054688, 245.390701294, -222.968215942, 660.791137695, -471.502716064, 620.286865234, -463.285614014, 670.381103516, -478.834899902, 510.553894043, -226.491363525], [-2802.83349609, 2547.54907227, -671.668823242, -109.45552063, 370.268157959, -466.471038818, 506.366485596, -470.353088379, 415.492797852, -537.085083008, 432.224060059, -442.145690918, 158.229675293], [882.706054688, -671.668823242, 1137.83203125, 60.8877182007, 104.224311829, 237.999130249, -118.736778259, 381.575622559, -133.325790405, 314.706237793, -194.69921875, 254.53968811, -191.907028198], [245.390701294, -109.45552063, 60.8877182007, 271.910064697, 44.9522285461, 28.1520957947, 7.011469841, 9.48180866241, 30.1361255646, 21.2931308746, 2.55387759209, 4.63818836212, 66.925567627], [-222.968215942, 370.268157959, 104.224311829, 44.9522285461, 325.662628174, -12.4255714417, 89.7550125122, 11.14133358, 65.2919311523, 1.66710877419, 37.6010093689, -4.22718715668, -0.671665906906], [660.791137695, -466.471038818, 237.999130249, 28.1520957947, -12.4255714417, 267.553466797, -21.5629253387, 93.0352706909, -87.5900039673, 118.869026184, -80.855506897, 73.3178634644, -40.1054916382], [-471.502716064, 506.366485596, -118.736778259, 7.011469841, 89.7550125122, -21.5629253387, 233.343139648, -94.5383758545, 82.2144470215, -113.326828003, 92.0494003296, -88.2984237671, 29.0466995239], [620.286865234, -470.353088379, 381.575622559, 9.48180866241, 11.14133358, 93.0352706909, -94.5383758545, 250.691314697, -81.2582244873, 161.329437256, -106.662384033, 137.837036133, -74.5548248291], [-463.285614014, 415.492797852, -133.325790405, 30.1361255646, 65.2919311523, -87.5900039673, 82.2144470215, -81.2582244873, 164.430435181, -83.1715011597, 73.8503265381, -70.4866867065, 40.4742088318], [670.381103516, -537.085083008, 314.706237793, 21.2931308746, 1.66710877419, 118.869026184, -113.326828003, 161.329437256, -83.1715011597, 213.624176025, -108.222961426, 121.296279907, -68.7199401855], [-478.834899902, 432.224060059, -194.69921875, 2.55387759209, 37.6010093689, -80.855506897, 92.0494003296, -106.662384033, 73.8503265381, -108.222961426, 152.259765625, -85.8839187622, 43.2403068542], [510.553894043, -442.145690918, 254.53968811, 4.63818836212, -4.22718715668, 73.3178634644, -88.2984237671, 137.837036133, -70.4866867065, 121.296279907, -85.8839187622, 174.994735718, -51.9964637756], [-226.491363525, 158.229675293, -191.907028198, 66.925567627, -0.671665906906, -40.1054916382, 29.0466995239, -74.5548248291, 40.4742088318, -68.7199401855, 43.2403068542, -51.9964637756, 140.803497314]],
        "icov": [[0.0010137866484, 0.000676351191942, 0.000513293081895, -0.000801996327937, -0.000193846441107, -0.000870438409038, -6.77677162457e-05, -0.000857179926243, 0.000353785319021, -0.000501436123159, 9.50327303144e-05, -0.00019427020743, 0.000815371982753], [0.000676351191942, 0.00518479244784, -0.00147915631533, 0.00226457696408, -0.00342017947696, 0.00307510793209, -0.00318103283644, 0.00114363478497, -0.0025522406213, 0.00346801336855, -0.0030260742642, 0.00418399600312, -0.000808946148027], [0.000513293081895, -0.00147915631533, 0.0034321337007, -0.00216155522503, 0.00059332017554, -0.00243786885403, 0.000815477280412, -0.00324189127423, 0.00116457266267, -0.00241730781272, 0.00161022902466, -0.00242867367342, 0.00271084252745], [-0.000801996327937, 0.00226457696408, -0.00216155522503, 0.00724839419127, -0.00206797244027, 0.00233819987625, -0.00170807086397, 0.00192246667575, -0.00302479974926, 0.00163971923757, -0.00213509169407, 0.00276276911609, -0.00485411519185], [-0.000193846441107, -0.00342017947696, 0.00059332017554, -0.00206797244027, 0.00644752848893, -0.00186702003703, 0.000473659980344, -0.00111618207302, 0.000644824584015, -0.00361513718963, 0.00138329085894, -0.00321355042979, 0.000572228105739], [-0.000870438409038, 0.00307510793209, -0.00243786885403, 0.00233819987625, -0.00186702003703, 0.00985994935036, -0.0046642809175, 0.0028641722165, -0.000142352262628, 0.000410093780374, -0.00118856027257, 0.00344925397076, -0.00213176361285], [-6.77677162457e-05, -0.00318103283644, 0.000815477280412, -0.00170807086397, 0.000473659980344, -0.0046642809175, 0.010387188755, -0.000907588400878, 0.000195851971512, 0.0013736061519, -6.39495056021e-06, -0.00148762739263, 0.00150609167758], [-0.000857179926243, 0.00114363478497, -0.00324189127423, 0.00192246667575, -0.00111618207302, 0.0028641722165, -0.000907588400878, 0.0129647338763, -0.000526318268385, -0.00150971789844, 9.08694637474e-05, -0.00133082992397, -0.00123869464733], [0.000353785319021, -0.0025522406213, 0.00116457266267, -0.00302479974926, 0.000644824584015, -0.000142352262628, 0.000195851971512, -0.000526318268385, 0.0120664136484, -0.00218920549378, 0.000657028169371, -0.00157209578902, 0.000786323333159], [-0.000501436123159, 0.00346801336855, -0.00241730781272, 0.00163971923757, -0.00361513718963, 0.000410093780374, 0.0013736061519, -0.00150971789844, -0.00218920549378, 0.0180426221341, -0.000554562313482, 0.00181376724504, 0.000514159735758], [9.50327303144e-05, -0.0030260742642, 0.00161022902466, -0.00213509169407, 0.00138329085894, -0.00118856027257, -6.39495056021e-06, 9.08694637474e-05, 0.000657028169371, -0.000554562313482, 0.0147884776816, -0.00157872156706, 0.000896417594049], [-0.00019427020743, 0.00418399600312, -0.00242867367342, 0.00276276911609, -0.00321355042979, 0.00344925397076, -0.00148762739263, -0.00133082992397, -0.00157209578902, 0.00181376724504, -0.00157872156706, 0.0160271432251, -0.00132777483668], [0.000815371982753, -0.000808946148027, 0.00271084252745, -0.00485411519185, 0.000572228105739, -0.00213176361285, 0.00150609167758, -0.00123869464733, 0.000786323333159, 0.000514159735758, 0.000896417594049, -0.00132777483668, 0.0130129270256]]
    },
    "melbands": {
        "dmean": [0.00189470965415, 0.00249878852628, 0.00108554761391, 0.000647972687148, 0.000210948201129, 0.000136448099511, 0.000228839897318, 0.000192794701434, 0.000124632933876, 0.000111176967039, 0.000112400739454, 0.000154060326167, 5.09334277012e-05, 0.000107708016003, 5.66539893043e-05, 5.14800158271e-05, 3.61583843187e-05, 2.63310612354e-05, 1.54215576913e-05, 1.31015031002e-05, 1.06943934952e-05, 7.59632257541e-06, 6.29306850897e-06, 5.67226788917e-06, 5.19999184689e-06, 5.22106347489e-06, 6.39875861452e-06, 3.94253720515e-06, 2.33244190895e-06, 2.46207605414e-06, 3.2539012409e-06, 2.43218551077e-06, 1.69925931459e-06, 2.0691577447e-06, 1.64485084042e-06, 1.28453882553e-06, 1.43222064253e-06, 7.01234284861e-07, 6.12620510765e-07, 5.76972922772e-07],
        "dmean2": [0.00308436527848, 0.00426360918209, 0.00179596454836, 0.00104902172461, 0.000352075934643, 0.000226125688641, 0.000358568213414, 0.000301465683151, 0.000190939492313, 0.000170467028511, 0.000174744287506, 0.000254260521615, 8.18954358692e-05, 0.000166932397406, 9.29794186959e-05, 8.47435803735e-05, 5.63684334338e-05, 4.01920369768e-05, 2.36218384089e-05, 1.99387850444e-05, 1.61500574904e-05, 1.17484769362e-05, 9.38244102144e-06, 8.47048158903e-06, 8.06300886325e-06, 7.82975621405e-06, 1.02971262095e-05, 5.86369378652e-06, 3.24358325088e-06, 3.53706786882e-06, 4.77303092339e-06, 3.46448609889e-06, 2.49763229476e-06, 3.22859159496e-06, 2.49470758718e-06, 1.90266518985e-06, 2.30954879044e-06, 1.07695905172e-06, 9.5561335911e-07, 9.73555870587e-07],
        "dvar": [2.3343902285e-05, 2.18141922232e-05, 2.39482255893e-06, 1.07712298814e-06, 6.37520543023e-08, 1.16739357736e-07, 1.53247228241e-07, 1.23210327274e-07, 5.91114606152e-08, 4.14172980356e-08, 3.75313113921e-08, 1.3817503941e-07, 7.08949920991e-09, 4.09886560249e-08, 1.66458136164e-08, 1.11314921725e-08, 6.733784641e-09, 4.25876089949e-09, 9.23040088807e-10, 6.14760242712e-10, 5.31942156989e-10, 2.32763655572e-10, 1.24428620185e-10, 1.00807417969e-10, 1.1480556783e-10, 1.27598237532e-10, 1.7960205545e-10, 4.83504486448e-11, 2.31088898017e-11, 3.78109626942e-11, 6.92178814266e-11, 4.48605527725e-11, 1.56039174637e-11, 2.08668516494e-11, 1.26395005573e-11, 6.68588275021e-12, 1.15403962428e-11, 1.97113549441e-12, 1.62650231825e-12, 1.99300645431e-12],
        "dvar2": [5.40894652659e-05, 6.08883019595e-05, 6.39226118437e-06, 3.10027871819e-06, 1.67290863828e-07, 3.19426987971e-07, 3.66456362144e-07, 2.63453671323e-07, 1.21568788813e-07, 9.03014978348e-08, 8.74738077528e-08, 3.71801405663e-07, 1.77995573836e-08, 9.71244560333e-08, 3.75215947201e-08, 2.92792261547e-08, 1.45000313978e-08, 9.58769774684e-09, 1.97616367714e-09, 1.34874833524e-09, 1.21578735968e-09, 5.36175159827e-10, 2.52981163795e-10, 2.1111074e-10, 2.62400823292e-10, 2.78910006202e-10, 4.7211068388e-10, 1.05527288297e-10, 4.34312273645e-11, 8.093115067e-11, 1.34271524455e-10, 8.96578852827e-11, 3.18828505264e-11, 4.53577071735e-11, 2.72048876482e-11, 1.4421281877e-11, 2.87648897757e-11, 4.25285544628e-12, 3.47017250005e-12, 5.25807999571e-12],
        "max": [0.0337925702333, 0.0467900298536, 0.0137701677158, 0.0139668406919, 0.00236904062331, 0.00616308487952, 0.00733496248722, 0.00716836890206, 0.00347265438177, 0.00370548549108, 0.00246931170113, 0.00714315334335, 0.00120558554772, 0.00322573329322, 0.00304420292377, 0.00213920557871, 0.00174523994792, 0.00173498678487, 0.000400785676902, 0.000323273969116, 0.000283590779873, 0.000205982491025, 0.00015311158495, 0.000108290441858, 0.000144435354741, 0.000203520758078, 0.000181766139576, 7.72895436967e-05, 5.82730499445e-05, 0.000154575755005, 0.000189547921764, 0.000177584239282, 7.70643528085e-05, 8.02217182354e-05, 4.71781495435e-05, 3.71995920432e-05, 3.75383533537e-05, 1.62307642313e-05, 1.42230474012e-05, 1.17902218335e-05],
        "mean": [0.00190650706645, 0.00432920735329, 0.00222300738096, 0.00118471030146, 0.000351757189492, 0.000204362338991, 0.000402819161536, 0.00035826684325, 0.000239935936406, 0.0002182686585, 0.000192731546122, 0.000255569262663, 9.70289547695e-05, 0.000221862646868, 0.000106798572233, 9.76251685643e-05, 5.95584897383e-05, 4.83219191665e-05, 2.49546137638e-05, 2.1414440198e-05, 1.62876895047e-05, 1.27131079353e-05, 1.1691859072e-05, 9.34701984079e-06, 8.23935624794e-06, 8.44579517434e-06, 1.08922131403e-05, 6.71626776239e-06, 3.92606762034e-06, 3.79503785553e-06, 4.57391797681e-06, 3.58197212336e-06, 2.6104501103e-06, 2.84437919618e-06, 2.36734581449e-06, 1.95614916265e-06, 1.87527962225e-06, 1.15415855362e-06, 9.9168437373e-07, 6.86881662659e-07],
        "median": [0.000310509320116, 0.00332578737289, 0.00173609610647, 0.000769815291278, 0.000250870769378, 0.000104312224721, 0.000243313173996, 0.00018317165086, 0.000113055255497, 6.84280967107e-05, 7.7235585195e-05, 8.74300385476e-05, 5.11559301231e-05, 9.65933213593e-05, 4.14327951148e-05, 3.87350228266e-05, 1.23842646644e-05, 1.26938230096e-05, 1.0389997442e-05, 1.04736527646e-05, 7.48056891098e-06, 4.69346787213e-06, 4.59980265077e-06, 4.650574283e-06, 3.66201879842e-06, 3.57483418156e-06, 4.20391734224e-06, 2.23891538553e-06, 1.21319601476e-06, 1.31454794428e-06, 8.90216767857e-07, 8.05437764484e-07, 5.96119605234e-07, 4.67837537599e-07, 2.77747801647e-07, 1.85877709669e-07, 1.43474977676e-07, 9.27750747337e-08, 8.07189550756e-08, 2.14135376098e-08],
        "min": [4.4700931312e-07, 2.97996621157e-06, 1.66650788742e-05, 1.79764483619e-05, 9.97144798021e-06, 3.63860885955e-06, 3.95240022044e-06, 3.9401425056e-06, 7.04051763023e-06, 3.03422075376e-06, 1.20465119835e-06, 1.62325432029e-06, 5.00102828482e-07, 1.96345354198e-06, 5.00197927522e-07, 3.94485880406e-07, 2.2083511908e-07, 9.25969700916e-08, 7.70443051579e-08, 1.95701886696e-07, 8.35951752265e-08, 8.24076806794e-08, 4.72058552248e-08, 4.4352923112e-08, 1.21871215342e-08, 1.06635704711e-08, 1.21433947342e-08, 5.4751692069e-09, 2.32694952196e-09, 3.49347106798e-09, 1.28844757086e-09, 1.44849366876e-11, 9.93721771536e-10, 2.01702521352e-09, 9.98425897514e-10, 4.4739895122e-10, 4.26444851653e-10, 9.633246284e-11, 8.63988297139e-13, 1.09372228071e-13],
