{
"highlevel": {
    "danceability": {
        "all": {
            "danceable": 0.288447380066,
            "not_danceable": 0.711552619934
        },
        "probability": 0.711552619934,
        "value": "not_danceable"
    },
    "gender": {
        "all": {
            "female": 0.380980461836,
            "male": 0.619019567966
        },
        "probability": 0.619019567966,
        "value": "male"
    },
    "genre_dortmund": {
        "all": {
            "alternative": 0.0113407578319,
            "blues": 0.0650682225823,
            "electronic": 0.0417491085827,
            "folkcountry": 0.031095597893,
            "funksoulrnb": 0.122108720243,
            "jazz": 0.180081829429,
            "pop": 0.0291672740132,
            "raphiphop": 0.507543683052,
            "rock": 0.0118448017165
        },
        "probability": 0.507543683052,
        "value": "raphiphop"
    },
    "genre_electronic": {
        "all": {
            "ambient": 0.450009524822,
            "dnb": 0.0415759496391,
            "house": 0.461327105761,
            "techno": 0.0132467038929,
            "trance": 0.0338407345116
        },
        "probability": 0.461327105761,
        "value": "house"
    },
    "genre_rosamerica": {
        "all": {
            "cla": 0.0966397076845,
            "dan": 0.0221212506294,
            "hip": 0.048776563257,
            "jaz": 0.0786909908056,
            "pop": 0.104544080794,
            "rhy": 0.60717356205,
            "roc": 0.0181938000023,
            "spe": 0.0238600373268
        },
        "probability": 0.60717356205,
        "value": "rhy"
    },
    "genre_tzanetakis": {
        "all": {
            "blu": 0.0626613423228,
            "cla": 0.0348169617355,
            "cou": 0.104475811124,
            "dis": 0.0784321576357,
            "hip": 0.15692435205,
            "jaz": 0.313974827528,
            "met": 0.0448166541755,
            "pop": 0.0627359300852,
            "reg": 0.0627360641956,
            "roc": 0.0784258767962
        },
        "probability": 0.313974827528,
        "value": "jaz"
    },
    "ismir04_rhythm": {
        "all": {
            "ChaChaCha": 0.152648329735,
            "Jive": 0.0268790889531,
            "Quickstep": 0.0963711589575,
            "Rumba-American": 0.0439435988665,
            "Rumba-International": 0.344192802906,
            "Rumba-Misc": 0.02970655635,
            "Samba": 0.113154746592,
            "Tango": 0.0836474522948,
            "VienneseWaltz": 0.0379454754293,
            "Waltz": 0.0715107694268
        },
        "probability": 0.344192802906,
        "value": "Rumba-International"
    },
    "mood_acoustic": {
        "all": {
            "acoustic": 0.591000020504,
            "not_acoustic": 0.408999949694
        },
        "probability": 0.591000020504,
        "value": "acoustic"
    },
    "mood_aggressive": {
        "all": {
            "aggressive": 2.91981950795e-06,
            "not_aggressive": 0.999997079372
        },
        "probability": 0.999997079372,
        "value": "not_aggressive"
    },
    "mood_electronic": {
        "all": {
            "electronic": 0.721094429493,
            "not_electronic": 0.278905570507
        },
        "probability": 0.721094429493,
        "value": "electronic"
    },
    "mood_happy": {
        "all": {
            "happy": 0.743063986301,
            "not_happy": 0.256936013699
        },
        "probability": 0.743063986301,
        "value": "happy"
    },
    "mood_party": {
        "all": {
            "not_party": 0.837575852871,
            "party": 0.162424147129
        },
        "probability": 0.837575852871,
        "value": "not_party"
    },
    "mood_relaxed": {
        "all": {
            "not_relaxed": 0.56988376379,
            "relaxed": 0.430116206408
        },
        "probability": 0.56988376379,
        "value": "not_relaxed"
    },
    "mood_sad": {
        "all": {
            "not_sad": 0.290009319782,
            "sad": 0.709990680218
        },
        "probability": 0.709990680218,
        "value": "sad"
    },
    "moods_mirex": {
        "all": {
            "Cluster1": 0.0953214988112,
            "Cluster2": 0.309089809656,
            "Cluster3": 0.412760674953,
            "Cluster4": 0.171211719513,
            "Cluster5": 0.0116163007915
        },
        "probability": 0.412760674953,
        "value": "Cluster3"
    },
    "timbre": {
        "all": {
            "bright": 0.996371388435,
            "dark": 0.00362863158807
        },
        "probability": 0.996371388435,
        "value": "bright"
    },
    "tonal_atonal": {
        "all": {
            "atonal": 0.0424908064306,
            "tonal": 0.957509219646
        },
        "probability": 0.957509219646,
        "value": "tonal"
    },
    "voice_instrumental": {
        "all": {
            "instrumental": 0.740141987801,
            "voice": 0.259858042002
        },
        "probability": 0.740141987801,
        "value": "instrumental"
    }
},
"lowlevel": {
    "average_loudness": 0.912132799625,
    "barkbands_crest": {
        "dmean": 2.92124652863,
        "dmean2": 4.56930160522,
        "dvar": 6.63118886948,
        "dvar2": 16.7017459869,
        "max": 25.6368598938,
        "mean": 11.5933694839,
        "median": 11.0025653839,
        "min": 2.65824890137,
        "var": 19.2165565491
    },
    "barkbands_flatness_db": {
        "dmean": 0.0363880433142,
        "dmean2": 0.052695248276,
        "dvar": 0.00130122166593,
        "dvar2": 0.00265356898308,
        "max": 0.491841614246,
        "mean": 0.248268410563,
        "median": 0.245772942901,
        "min": 0.0563208982348,
        "var": 0.00576345203444
    },
    "barkbands_kurtosis": {
        "dmean": 6.43601560593,
        "dmean2": 10.5136375427,
        "dvar": 194.868499756,
        "dvar2": 494.216003418,
        "max": 163.017974854,
        "mean": 7.12606811523,
        "median": 2.38065242767,
        "min": -1.91347205639,
        "var": 231.378936768
    },
    "barkbands_skewness": {
        "dmean": 0.852933228016,
        "dmean2": 1.27677643299,
        "dvar": 1.03159558773,
        "dvar2": 2.38842558861,
        "max": 10.5740842819,
        "mean": 1.75147461891,
        "median": 1.48397052288,
        "min": -1.25219190121,
        "var": 2.55778956413
    },
    "barkbands_spread": {
        "dmean": 6.48223876953,
        "dmean2": 9.63268280029,
        "dvar": 78.8721313477,
        "dvar2": 169.353927612,
        "max": 80.3333587646,
        "mean": 16.3621330261,
        "median": 12.0621738434,
        "min": 0.460575222969,
        "var": 196.879241943
    },
    "dissonance": {
        "dmean": 0.0339878685772,
        "dmean2": 0.0550206154585,
        "dvar": 0.00102658162359,
        "dvar2": 0.00267435610294,
        "max": 0.498697280884,
        "mean": 0.42652118206,
        "median": 0.440571933985,
        "min": 0.124524913728,
        "var": 0.00283953989856
    },
    "dynamic_complexity": 2.90757966042,
    "erbbands_crest": {
        "dmean": 3.52178645134,
        "dmean2": 5.31269550323,
        "dvar": 10.1585502625,
        "dvar2": 23.399772644,
        "max": 32.2480163574,
        "mean": 12.0768032074,
        "median": 10.8839216232,
        "min": 2.6823759079,
        "var": 32.6215438843
    },
    "erbbands_flatness_db": {
        "dmean": 0.0282539222389,
        "dmean2": 0.0384579449892,
        "dvar": 0.000842176727019,
        "dvar2": 0.00145654694643,
        "max": 0.533185303211,
        "mean": 0.257977664471,
        "median": 0.259748190641,
        "min": 0.0819685682654,
        "var": 0.00607366440818
    },
    "erbbands_kurtosis": {
        "dmean": 1.84803473949,
        "dmean2": 2.9101934433,
        "dvar": 8.15264892578,
        "dvar2": 18.6727256775,
        "max": 40.9175376892,
        "mean": 1.48821675777,
        "median": 0.28434920311,
        "min": -1.91738283634,
        "var": 15.894949913
    },
    "erbbands_skewness": {
        "dmean": 0.580291390419,
        "dmean2": 0.849727272987,
        "dvar": 0.362786322832,
        "dvar2": 0.889810204506,
        "max": 5.35142230988,
        "mean": 0.635721445084,
        "median": 0.54601341486,
        "min": -2.67459011078,
        "var": 1.05619955063
    },
    "erbbands_spread": {
        "dmean": 11.5980424881,
        "dmean2": 17.6017341614,
        "dvar": 249.587097168,
        "dvar2": 588.667724609,
        "max": 172.941131592,
        "mean": 34.0275268555,
        "median": 29.1435985565,
        "min": 1.37528383732,
        "var": 613.851135254
    },
    "hfc": {
        "dmean": 10.7350101471,
        "dmean2": 14.88463974,
        "dvar": 579.991882324,
        "dvar2": 1076.65527344,
        "max": 282.88885498,
        "mean": 19.575050354,
        "median": 10.4853820801,
        "min": 0.0467420183122,
        "var": 958.653320312
    },
    "melbands_crest": {
        "dmean": 3.53660607338,
        "dmean2": 5.57734298706,
        "dvar": 9.19985580444,
        "dvar2": 24.1768875122,
        "max": 31.9066848755,
        "mean": 15.0744018555,
        "median": 14.7245798111,
        "min": 2.77314949036,
        "var": 24.721529007
    },
    "melbands_flatness_db": {
        "dmean": 0.0438458696008,
        "dmean2": 0.0606937780976,
        "dvar": 0.00206320756115,
        "dvar2": 0.00391408335418,
        "max": 0.546506941319,
        "mean": 0.27780777216,
        "median": 0.272796809673,
        "min": 0.0317613258958,
        "var": 0.00859980937093
    },
    "melbands_kurtosis": {
        "dmean": 15.0078487396,
        "dmean2": 24.0026397705,
        "dvar": 1636.64807129,
        "dvar2": 3627.29394531,
        "max": 680.517578125,
        "mean": 19.4075107574,
        "median": 6.94813728333,
        "min": -1.66383945942,
        "var": 2497.33105469
    },
    "melbands_skewness": {
        "dmean": 1.08259987831,
        "dmean2": 1.63077914715,
        "dvar": 2.17300868034,
        "dvar2": 4.61775350571,
        "max": 20.7185268402,
        "mean": 2.68355464935,
        "median": 2.24419355392,
        "min": -1.02198565006,
        "var": 5.66623163223
    },
    "melbands_spread": {
        "dmean": 8.39443588257,
        "dmean2": 12.299492836,
        "dvar": 154.492202759,
        "dvar2": 312.647460938,
        "max": 151.095077515,
        "mean": 20.1565971375,
        "median": 14.6505689621,
        "min": 0.626945018768,
        "var": 379.990234375
    },
    "pitch_salience": {
        "dmean": 0.0826311782002,
        "dmean2": 0.131896585226,
        "dvar": 0.00706662982702,
        "dvar2": 0.0202536098659,
        "max": 0.945326566696,
        "mean": 0.514598846436,
        "median": 0.50763219595,
        "min": 0.13356795907,
        "var": 0.0158136896789
    },
    "silence_rate_20dB": {
        "dmean": 0,
        "dmean2": 0,
        "dvar": 0,
        "dvar2": 0,
        "max": 1,
        "mean": 1,
        "median": 1,
        "min": 1,
        "var": 0
    },
    "silence_rate_30dB": {
        "dmean": 0.0356037169695,
        "dmean2": 0.0712625905871,
        "dvar": 0.0343356281519,
        "dvar2": 0.0723823383451,
        "max": 1,
        "mean": 0.961330235004,
        "median": 1,
        "min": 0,
        "var": 0.0371744297445
    },
    "silence_rate_60dB": {
        "dmean": 0.030959751457,
        "dmean2": 0.0619674660265,
        "dvar": 0.0300013385713,
        "dvar2": 0.064323939383,
        "max": 1,
        "mean": 0.0781129151583,
        "median": 0,
        "min": 0,
        "var": 0.0720120221376
    },
    "spectral_centroid": {
        "dmean": 357.207855225,
        "dmean2": 512.482788086,
        "dvar": 189982.0625,
        "dvar2": 401651.9375,
        "max": 3898.26220703,
        "mean": 1248.02905273,
        "median": 1095.29406738,
        "min": 163.366622925,
        "var": 526076.5
    },
    "spectral_complexity": {
        "dmean": 3.64009284973,
        "dmean2": 4.95817184448,
        "dvar": 24.1158428192,
        "dvar2": 33.6465759277,
        "max": 59,
        "mean": 12.8159322739,
        "median": 10,
        "min": 0,
        "var": 92.3369598389
    },
    "spectral_decrease": {
        "dmean": 2.78828182765e-09,
        "dmean2": 4.39084679726e-09,
        "dvar": 3.38557877877e-17,
        "dvar2": 7.44360708821e-17,
        "max": -1.28066654503e-11,
        "mean": -5.71010394523e-09,
        "median": -3.37066685674e-09,
        "min": -4.78003805426e-08,
        "var": 5.94328608375e-17
    },
    "spectral_energy": {
        "dmean": 0.0113076241687,
        "dmean2": 0.0176244042814,
        "dvar": 0.000516378495377,
        "dvar2": 0.00111600838136,
        "max": 0.182111561298,
        "mean": 0.0233267527074,
        "median": 0.0137983765453,
        "min": 5.25749346707e-05,
        "var": 0.000924403779209
    },
    "spectral_energyband_high": {
        "dmean": 0.000904113869183,
        "dmean2": 0.00131816568319,
        "dvar": 7.00253531249e-06,
        "dvar2": 1.38782834256e-05,
        "max": 0.0262119136751,
        "mean": 0.00103844376281,
        "median": 0.000169012200786,
        "min": 6.32958503388e-08,
        "var": 9.50454341364e-06
    },
    "spectral_energyband_low": {
        "dmean": 0.00629769964144,
        "dmean2": 0.0107036223635,
        "dvar": 0.000481413153466,
        "dvar2": 0.00125717534684,
        "max": 0.176462739706,
        "mean": 0.00683593237773,
        "median": 9.93126650428e-06,
        "min": 3.30435838691e-08,
        "var": 0.000590530980844
    },
    "spectral_energyband_middle_high": {
        "dmean": 0.00279624667019,
        "dmean2": 0.0036415765062,
        "dvar": 2.49846889346e-05,
        "dvar2": 4.50304869446e-05,
        "max": 0.0524328388274,
        "mean": 0.00569450389594,
        "median": 0.00227747880854,
        "min": 1.17019180834e-05,
        "var": 6.72758324072e-05
    },
    "spectral_energyband_middle_low": {
        "dmean": 0.00634884182364,
        "dmean2": 0.0110823037103,
        "dvar": 0.000245754054049,
        "dvar2": 0.00073586020153,
        "max": 0.125859096646,
        "mean": 0.0108388150111,
        "median": 0.00753455981612,
        "min": 1.58127731993e-05,
        "var": 0.000180389310117
    },
    "spectral_entropy": {
        "dmean": 0.341221421957,
        "dmean2": 0.504275023937,
        "dvar": 0.143422290683,
        "dvar2": 0.278197735548,
        "max": 8.40520381927,
        "mean": 6.91338253021,
        "median": 6.91764593124,
        "min": 4.67455005646,
        "var": 0.492635458708
    },
    "spectral_flux": {
        "dmean": 0.031071819365,
        "dmean2": 0.044271748513,
        "dvar": 0.00171664310619,
        "dvar2": 0.00276132067665,
        "max": 0.426832795143,
        "mean": 0.0866005420685,
        "median": 0.0622652731836,
        "min": 0.00369944702834,
        "var": 0.00625544181094
    },
    "spectral_kurtosis": {
        "dmean": 5.20386123657,
        "dmean2": 8.6307554245,
        "dvar": 70.6722106934,
        "dvar2": 166.127929688,
        "max": 100.096862793,
        "mean": 8.19868850708,
        "median": 4.4764175415,
        "min": -1.27169525623,
        "var": 133.265716553
    },
    "spectral_rms": {
        "dmean": 0.000946132466197,
        "dmean2": 0.00139557220973,
        "dvar": 1.86589988971e-06,
        "dvar2": 3.65606160813e-06,
        "max": 0.0133292842656,
        "mean": 0.00416523450986,
        "median": 0.00366903678514,
        "min": 0.000226478747209,
        "var": 5.40861537957e-06
    },
    "spectral_rolloff": {
        "dmean": 627.647521973,
        "dmean2": 1042.51806641,
        "dvar": 1455977.75,
        "dvar2": 3197791.75,
        "max": 11434.1308594,
        "mean": 1597.77185059,
        "median": 904.39453125,
        "min": 86.1328125,
        "var": 2749753.5
    },
    "spectral_skewness": {
        "dmean": 0.580551922321,
        "dmean2": 0.890200734138,
        "dvar": 0.450959771872,
        "dvar2": 0.96952688694,
        "max": 8.5266494751,
        "mean": 1.64915931225,
        "median": 1.36960685253,
        "min": -0.159532785416,
        "var": 1.2856606245
    },
    "spectral_spread": {
        "dmean": 772400.375,
        "dmean2": 1105193,
        "dvar": 1.22626454323e+12,
        "dvar2": 2.24943669248e+12,
        "max": 14628381,
        "mean": 3697969.75,
        "median": 3133942.75,
        "min": 832805.8125,
        "var": 4.38344928461e+12
    },
    "spectral_strongpeak": {
        "dmean": 0.556397736073,
        "dmean2": 0.896218299866,
        "dvar": 0.515070617199,
        "dvar2": 1.09090971947,
        "max": 7.1428976059,
        "mean": 1.17832565308,
        "median": 0.743281841278,
        "min": 0,
        "var": 1.37337958813
    },
    "zerocrossingrate": {
        "dmean": 0.0122610749677,
        "dmean2": 0.0136662013829,
        "dvar": 0.000253811129369,
        "dvar2": 0.000281085405732,
        "max": 0.24462890625,
        "mean": 0.0546421855688,
        "median": 0.04541015625,
        "min": 0.00439453125,
        "var": 0.00134320906363
    },
    "barkbands": {
        "dmean": [0.000352824194124, 0.00452927267179, 0.0030039572157, 0.00191687629558, 0.00287454552017, 0.000627297325991, 0.000531191646587, 0.00120092614088, 0.0004117214703, 0.0011840936495, 0.000287860719254, 0.000617927813437, 0.000480594695546, 0.00022964249365, 0.000255599676166, 0.000225042109378, 0.000199105765205, 0.000337352888891, 0.000275997444987, 0.000237182306591, 0.000252312369412, 0.000261337612756, 0.00017636748089, 7.11595421308e-05, 3.2774903957e-05, 7.44791122997e-06, 3.04276426277e-09],
        "dmean2": [0.000634818803519, 0.00860355980694, 0.00525686284527, 0.00369709217921, 0.00507821515203, 0.00100586051121, 0.00077350740321, 0.00183245749213, 0.000660414865706, 0.00167931464966, 0.000412777299061, 0.000873426906765, 0.000635313510429, 0.000324852066115, 0.000399784505134, 0.000343332794728, 0.000293302844511, 0.000499090179801, 0.000395781215047, 0.000352309667505, 0.000357194134267, 0.00039941680734, 0.000267480209004, 0.000100392135209, 4.90090824314e-05, 1.19376445582e-05, 5.18731324561e-09],
        "dvar": [1.50896198647e-06, 0.00031365925679, 0.000133156427182, 6.52398739476e-05, 6.30102076684e-05, 1.11339852538e-06, 2.39699897975e-06, 6.68619031785e-06, 3.25080304719e-06, 7.14849102224e-06, 7.97993493507e-07, 2.77157482742e-06, 1.87149771591e-06, 3.22557923482e-07, 4.67271632942e-07, 5.17241403486e-07, 4.41467904011e-07, 8.26375867291e-07, 3.22217999837e-07, 4.14590914488e-07, 5.00678027038e-07, 6.36749120986e-07, 3.66029098586e-07, 4.76651358383e-08, 8.49082049115e-09, 5.41284794764e-10, 7.82723717739e-16],
        "dvar2": [4.3774302867e-06, 0.0010085349204, 0.00040763040306, 0.000203159332159, 0.000185220633284, 2.94167602988e-06, 5.57507928534e-06, 1.53087003127e-05, 8.1647249317e-06, 1.57732938533e-05, 1.65687208664e-06, 5.08876155436e-06, 3.05511616716e-06, 6.3278446305e-07, 1.16833291486e-06, 1.31384535962e-06, 1.02060027984e-06, 1.60834395047e-06, 5.60490377666e-07, 8.98863731891e-07, 9.10847916202e-07, 1.37354913932e-06, 8.15232795048e-07, 8.27965962458e-08, 1.81523844844e-08, 1.35256861267e-09, 1.61734546179e-15],
        "max": [0.0126987285912, 0.124014794827, 0.105596616864, 0.0674622431397, 0.0722791776061, 0.0100130168721, 0.0171492192894, 0.0308316424489, 0.033823300153, 0.0358058437705, 0.016529161483, 0.0225293077528, 0.0225574523211, 0.00576419662684, 0.00735276192427, 0.0088596213609, 0.00743957143277, 0.011484070681, 0.0063270451501, 0.00792939402163, 0.00905973184854, 0.00716073671356, 0.00647325022146, 0.00425202725455, 0.00130635173991, 0.000343635125319, 6.45178829473e-07],
        "mean": [0.000346154352883, 0.00299506238662, 0.00281319324858, 0.00143523572478, 0.00421439809725, 0.00134163117036, 0.000821942521725, 0.00181081972551, 0.000474396976642, 0.00187197513878, 0.000382940896088, 0.000889415328857, 0.000731375010218, 0.00032326739165, 0.000335905264365, 0.000276214879705, 0.000244751892751, 0.000442769756773, 0.000415770424297, 0.000270544056548, 0.000307412119582, 0.000261124689132, 0.000184350166819, 8.5841420514e-05, 4.14212190663e-05, 8.84723976924e-06, 2.17406537217e-09],
        "median": [2.84087889213e-07, 1.93807522919e-07, 1.44706314131e-06, 1.24253447211e-05, 0.00221635052003, 0.000613556185272, 0.000278676714515, 0.000570400967263, 8.2370112068e-05, 0.000786102958955, 2.62780085905e-05, 9.40580503084e-05, 2.99703788187e-05, 3.22417217831e-05, 0.000101739031379, 2.76433802355e-05, 4.20444775955e-05, 8.69807845447e-05, 0.000108177649963, 6.68194479658e-05, 6.03382723057e-05, 1.72967356775e-05, 9.95421601147e-07, 1.61412208399e-06, 1.7502090941e-06, 8.72804719165e-07, 2.24439439256e-10],
        "min": [1.4239108781e-09, 2.64157584695e-10, 5.24852869499e-11, 1.08480446848e-10, 4.58896849409e-08, 4.05078495191e-08, 4.01310984444e-08, 7.10656252068e-07, 2.94511238508e-07, 1.30368960072e-06, 8.00476129825e-08, 5.18756095857e-08, 3.09436281043e-08, 1.25339703061e-08, 3.10619839183e-07, 9.99198412899e-09, 2.07907238092e-08, 7.70433814523e-08, 1.37281077173e-07, 2.2498968022e-08, 2.63430575131e-08, 3.46983375366e-09, 8.91312440521e-11, 1.72717534719e-10, 1.89080296559e-11, 1.6654859783e-11, 1.14499625059e-11],
        "var": [1.55305076532e-06, 0.000199790825718, 0.000114181246317, 3.63228609785e-05, 4.86554672534e-05, 2.82467362922e-06, 3.03503588839e-06, 1.09948550744e-05, 2.83926692646e-06, 1.11807803478e-05, 1.41720784086e-06, 6.48730792818e-06, 5.22200707564e-06, 6.30244073818e-07, 5.77915898248e-07, 6.06022979355e-07, 5.3735561778e-07, 1.19910396279e-06, 6.63664934564e-07, 4.88502280405e-07, 7.58260171096e-07, 7.39242238978e-07, 4.43940507466e-07, 8.37613853832e-08, 1.6057398966e-08, 7.20539738985e-10, 5.94192924285e-16]
    },
    "erbbands": {
        "dmean": [0.0899541452527, 1.14795172215, 3.30940175056, 5.39365625381, 7.71355724335, 9.65633964539, 11.0561466217, 3.27476334572, 5.23691272736, 12.8166303635, 27.8670597076, 8.96709537506, 29.5233821869, 24.4661960602, 17.543012619, 20.3779582977, 22.4208641052, 11.5972709656, 12.063334465, 12.6053133011, 13.4037857056, 10.9551095963, 17.4333648682, 14.2423477173, 13.4670085907, 10.0973453522, 8.61390972137, 12.3269786835, 9.01025867462, 7.95916795731, 5.09041404724, 2.03573322296, 0.848697245121, 0.509955704212, 0.147483989596, 0.0500204823911, 0.0104204649106, 0.000498713925481, 1.8877122784e-05, 1.46589700307e-05],
        "dmean2": [0.169504180551, 2.16368246078, 5.99235868454, 10.3010892868, 14.0740480423, 16.6906414032, 18.5783977509, 5.20290327072, 7.0295343399, 19.6859035492, 41.555557251, 14.1615362167, 41.8793792725, 34.9747009277, 24.2687206268, 26.6297473907, 28.2615184784, 16.0138034821, 17.6490077972, 19.2332839966, 21.0607910156, 15.9816560745, 26.0794200897, 20.1908187866, 19.9120502472, 14.6218748093, 12.339220047, 18.0071125031, 13.6994438171, 12.114862442, 7.76674604416, 2.91225910187, 1.21260035038, 0.756017029285, 0.222570776939, 0.0790137648582, 0.0172090101987, 0.000849199306685, 2.81149077637e-05, 2.24357281695e-05],
        "dvar": [0.131258577108, 20.5245819092, 153.844924927, 425.458587646, 919.46282959, 613.678771973, 342.106384277, 48.7910079956, 182.194229126, 812.079711914, 4322.91162109, 981.24798584, 4729.6015625, 6414.26953125, 2009.96459961, 3309.18041992, 4348.25, 718.936096191, 892.656616211, 1343.21472168, 2231.03662109, 1387.59301758, 3109.08984375, 752.494628906, 1053.93115234, 666.672058105, 637.125366211, 1255.03100586, 725.192749023, 736.963684082, 306.03604126, 41.2863540649, 6.0592007637, 2.28467965126, 0.157022476196, 0.0218172818422, 0.00121210771613, 2.44464308707e-06, 1.97095517684e-09, 7.89170118143e-10],
        "dvar2": [0.406449705362, 66.3572006226, 458.549865723, 1366.81591797, 2768.15454102, 1790.74938965, 1036.22546387, 127.469596863, 389.006195068, 1905.39367676, 9770.10546875, 2485.7265625, 9703.69824219, 15000.5068359, 3736.27685547, 5344.88085938, 6798.48388672, 1367.8762207, 1977.30578613, 3384.02758789, 5694.59130859, 3011.3828125, 6625.77001953, 1325.25720215, 2008.05737305, 1355.78344727, 1248.62512207, 2452.21582031, 1532.15429688, 1659.62280273, 676.542785645, 73.3640899658, 11.4903421402, 4.83636808395, 0.351651877165, 0.0536534227431, 0.00300194812007, 6.43762041364e-06, 4.59914017981e-09, 1.58923962879e-09],
        "max": [3.04435443878, 32.019733429, 106.749076843, 167.576156616, 249.974960327, 243.639205933, 168.799697876, 92.9658660889, 163.557159424, 376.398284912, 969.426452637, 541.714904785, 1114.83789062, 1420.09069824, 794.505004883, 1125.83178711, 1248.45922852, 288.288452148, 330.242614746, 398.184814453, 545.640563965, 480.077026367, 715.764526367, 320.653686523, 378.298248291, 341.626251221, 307.404754639, 450.959106445, 254.606826782, 256.163879395, 187.551742554, 117.292098999, 38.4570350647, 26.0498523712, 5.40250968933, 2.26506447792, 0.479540616274, 0.0168594252318, 0.000450252817245, 0.000217247390538],
        "mean": [0.0658886581659, 0.757836043835, 3.12995433807, 4.26258277893, 8.0867099762, 14.9650592804, 18.7626247406, 6.94203901291, 10.0985507965, 19.2394580841, 41.6953125, 12.6282339096, 46.4518966675, 39.5067901611, 26.5716209412, 34.2474784851, 35.2972412109, 18.5995025635, 17.6738529205, 16.3323001862, 15.485200882, 13.9344625473, 22.2796077728, 22.2862586975, 19.4871902466, 12.2919282913, 10.5979299545, 13.8892717361, 9.27235984802, 8.04563808441, 5.03495836258, 2.40624046326, 1.02685391903, 0.61183232069, 0.197980746627, 0.0623994655907, 0.0119776995853, 0.000525037408806, 2.95957397611e-05, 3.0133740438e-05],
        "median": [2.80629083136e-05, 0.000331457820721, 0.00478879129514, 0.105189420283, 2.10275006294, 7.5512881279, 10.2517194748, 3.09274148941, 4.13107156754, 6.51641654968, 11.5135374069, 4.63805103302, 12.5684480667, 18.5190696716, 3.3094830513, 3.99509453773, 2.1229057312, 1.8584946394, 4.80850887299, 2.57650208473, 1.9562253952, 2.413220644, 4.1444849968, 6.42075157166, 4.63056564331, 3.27753591537, 2.49887752533, 2.01596856117, 0.797068178654, 0.120355948806, 0.0277010481805, 0.0336915105581, 0.0235549323261, 0.0178939402103, 0.0127105247229, 0.00681063998491, 0.000863393768668, 3.44971886079e-05, 1.15546326924e-05, 1.78309255716e-05],
        "min": [4.35014953837e-07, 1.17117615162e-07, 2.98770856944e-07, 1.86088914234e-06, 1.41853188325e-05, 0.000187469908269, 0.000973845366389, 0.00108684354927, 0.00944801140577, 0.00620612036437, 0.019987102598, 0.024726934731, 0.0317028313875, 0.0256584119052, 0.0351876281202, 0.0287377722561, 0.0103162713349, 0.00765714095905, 0.0205990429968, 0.00734694069251, 0.00562901515514, 0.0117805600166, 0.00868851039559, 0.00606407690793, 0.00313083082438, 0.00141753535718, 0.00121289934032, 0.000752121093683, 0.000220825211727, 3.83540900657e-05, 5.83252149227e-05, 2.41443267441e-05, 6.53364759273e-06, 4.83233907289e-06, 2.24938798965e-06, 1.71971055352e-06, 4.29476983754e-07, 1.08848624336e-07, 6.23047071713e-08, 6.69566802003e-08],
        "var": [0.0936077460647, 12.7651720047, 138.634841919, 263.784240723, 543.316345215, 553.424621582, 542.747192383, 86.3612365723, 300.598937988, 1193.43127441, 6898.67431641, 913.856811523, 9758.45410156, 7494.80908203, 5163.11474609, 9574.83496094, 12237.3134766, 1767.82543945, 1334.08691406, 1735.31115723, 2167.03149414, 1787.55786133, 3826.29052734, 1600.49926758, 1791.17919922, 894.922546387, 899.906921387, 1669.83679199, 864.390380859, 888.045532227, 344.540924072, 67.5530853271, 11.0797739029, 4.21018218994, 0.299194931984, 0.0312253702432, 0.0015643122606, 2.81527286461e-06, 3.10805314818e-09, 1.47544487739e-09]
    },
    "gfcc": {
        "mean": [-83.4874267578, 94.7029647827, -161.117584229, 4.55218982697, -85.5565872192, -27.0465087891, -42.0986061096, -6.66404533386, -40.5716629028, -7.15613651276, -22.3190536499, -6.87542724609, -0.503121972084],
        "cov": [[7560.30175781, -1605.98254395, 744.474060059, 2262.07275391, 215.634063721, 1144.0625, -153.199996948, 119.795715332, -258.907897949, 242.182495117, -140.017166138, 304.44052124, -286.654205322], [-1605.98254395, 2766.29052734, 510.01083374, 108.416236877, 1070.99353027, -115.767089844, 461.012817383, -297.231933594, 10.503080368, -339.360351562, 81.7593002319, -372.749237061, 143.726593018], [744.474060059, 510.01083374, 2469.63256836, 1490.41210938, 290.678070068, 1072.66394043, -95.5305099487, 102.562606812, 201.240112305, -306.70501709, 78.9820709229, -131.822494507, -50.9223632812], [2262.07275391, 108.416236877, 1490.41210938, 2074.39306641, 425.913360596, 832.000854492, 39.7439460754, -22.9305210114, 46.0302734375, -266.711975098, -30.8359794617, -56.0303688049, -10.6632022858], [215.634063721, 1070.99353027, 290.678070068, 425.913360596, 1027.79223633, 247.050598145, 281.29119873, -73.5239486694, -89.6597747803, -73.7416152954, -46.8291130066, -86.09425354, -41.3786659241], [1144.0625, -115.767089844, 1072.66394043, 832.000854492, 247.050598145, 1061.0291748, 77.2523574829, 87.4633407593, 135.285293579, -149.928817749, 68.4747390747, -62.3395767212, -154.65802002], [-153.199996948, 461.012817383, -95.5305099487, 39.7439460754, 281.29119873, 77.2523574829, 475.008605957, -46.6695785522, -24.8376712799, -17.3113994598, 12.3832874298, -49.5951423645, -56.0986557007], [119.795715332, -297.231933594, 102.562606812, -22.9305210114, -73.5239486694, 87.4633407593, -46.6695785522, 338.355438232, 135.674804688, 43.7163276672, 16.9600124359, -21.9412136078, -31.3523788452], [-258.907897949, 10.503080368, 201.240112305, 46.0302734375, -89.6597747803, 135.285293579, -24.8376712799, 135.674804688, 400.269989014, 24.5592346191, 48.2920875549, -45.6971588135, 8.02326107025], [242.182495117, -339.360351562, -306.70501709, -266.711975098, -73.7416152954, -149.928817749, -17.3113994598, 43.7163276672, 24.5592346191, 323.490509033, 14.1335868835, 117.034912109, -40.6940498352], [-140.017166138, 81.7593002319, 78.9820709229, -30.8359794617, -46.8291130066, 68.4747390747, 12.3832874298, 16.9600124359, 48.2920875549, 14.1335868835, 196.309387207, -3.08639717102, -2.42491912842], [304.44052124, -372.749237061, -131.822494507, -56.0303688049, -86.09425354, -62.3395767212, -49.5951423645, -21.9412136078, -45.6971588135, 117.034912109, -3.08639717102, 231.088623047, 27.636598587], [-286.654205322, 143.726593018, -50.9223632812, -10.6632022858, -41.3786659241, -154.65802002, -56.0986557007, -31.3523788452, 8.02326107025, -40.6940498352, -2.42491912842, 27.636598587, 226.880752563]],
        "icov": [[0.000439269235358, -0.000300397805404, 0.000500068825204, -0.000762557261623, 0.000398937118007, -0.000679971941281, 0.000413197354646, -0.000444165896624, 0.000562808010727, -0.000776545784902, 0.000376548123313, -0.000486519420519, 0.000375827134121], [-0.000300397805404, 0.0031503168866, -0.00177032500505, 0.00146926159505, -0.00317813968286, 0.00252245925367, -0.00175441976171, 0.00243771146052, -0.0015507824719, 0.00198913388886, -0.00205553183332, 0.00302960071713, -0.00163998908829], [0.000500068825204, -0.00177032500505, 0.00230922666378, -0.00177932623774, 0.00179528666195, -0.00240634824149, 0.00158244173508, -0.00163376796991, 0.00102837570012, -0.00130713265389, 0.00102148228325, -0.00166289112531, 0.000983219826594], [-0.000762557261623, 0.00146926159505, -0.00177932623774, 0.00264044897631, -0.0017997242976, 0.00148418499157, -0.00124522461556, 0.00160199438687, -0.00129054673016, 0.00202468922362, -0.000853722856846, 0.00148437230382, -0.00135365489405], [0.000398937118007, -0.00317813968286, 0.00179528666195, -0.0017997242976, 0.00461118482053, -0.00282807997428, 0.00108069309499, -0.00236931955442, 0.00202271458693, -0.00241392850876, 0.0024799243547, -0.00262967101298, 0.00153101643082], [-0.000679971941281, 0.00252245925367, -0.00240634824149, 0.00148418499157, -0.00282807997428, 0.00479373615235, -0.00193302775733, 0.00190391973592, -0.002131909132, 0.00281126657501, -0.00236974004656, 0.00209107063711, -9.07180219656e-05], [0.000413197354646, -0.00175441976171, 0.00158244173508, -0.00124522461556, 0.00108069309499, -0.00193302775733, 0.00393021898344, -0.00119250430726, 0.00099022325594, -0.0013471461134, 0.000829652126413, -0.00145541341044, 0.00152602419257], [-0.000444165896624, 0.00243771146052, -0.00163376796991, 0.00160199438687, -0.00236931955442, 0.00190391973592, -0.00119250430726, 0.00565811060369, -0.00241985614412, 0.00124142202549, -0.001528302324, 0.00289027183317, -0.00110425439198], [0.000562808010727, -0.0015507824719, 0.00102837570012, -0.00129054673016, 0.00202271458693, -0.002131909132, 0.00099022325594, -0.00241985614412, 0.00454830471426, -0.00238351011649, 0.000847508548759, -0.00071368413046, 0.000197373577976], [-0.000776545784902, 0.00198913388886, -0.00130713265389, 0.00202468922362, -0.00241392850876, 0.00281126657501, -0.0013471461134, 0.00124142202549, -0.00238351011649, 0.00719488458708, -0.00205321330577, -0.000512731028721, 0.000290407449938], [0.000376548123313, -0.00205553183332, 0.00102148228325, -0.000853722856846, 0.0024799243547, -0.00236974004656, 0.000829652126413, -0.001528302324, 0.000847508548759, -0.00205321330577, 0.00708964141086, -0.00190079712775, 0.000706978084054], [-0.000486519420519, 0.00302960071713, -0.00166289112531, 0.00148437230382, -0.00262967101298, 0.00209107063711, -0.00145541341044, 0.00289027183317, -0.00071368413046, -0.000512731028721, -0.00190079712775, 0.00927300658077, -0.00306862150319], [0.000375827134121, -0.00163998908829, 0.000983219826594, -0.00135365489405, 0.00153101643082, -9.07180219656e-05, 0.00152602419257, -0.00110425439198, 0.000197373577976, 0.000290407449938, 0.000706978084054, -0.00306862150319, 0.00694699306041]]
    },
    "melbands": {
        "dmean": [0.0010221375851, 0.00164191029035, 0.000973935937509, 0.000626737833954, 0.000398320669774, 8.07112810435e-05, 9.05866108951e-05, 0.000160814641276, 0.000211615813896, 5.25289869984e-05, 0.000152282620547, 0.000109281092591, 4.70638915431e-05, 7.76168744778e-05, 4.56881061837e-05, 4.55149493064e-05, 2.17576962314e-05, 2.06617423828e-05, 1.7741775082e-05, 1.58416969498e-05, 1.66669560713e-05, 1.08750764412e-05, 1.61491698236e-05, 1.51031990754e-05, 1.16232185974e-05, 1.10073951873e-05, 7.76825345383e-06, 7.18805722499e-06, 5.70268593947e-06, 6.37034236206e-06, 7.38234757591e-06, 5.08268703925e-06, 4.65186531073e-06, 4.29525016443e-06, 3.79715106646e-06, 1.2457030607e-06, 1.32299351208e-06, 5.88781915667e-07, 5.50047104753e-07, 4.02523198773e-07],
        "dmean2": [0.00195404025726, 0.00297116837464, 0.00185040885117, 0.00111104000825, 0.000673680333421, 0.000127895516925, 0.000123548452393, 0.000250951445196, 0.000317962869303, 8.36776234792e-05, 0.0002160838485, 0.000155552741489, 6.45476320642e-05, 0.000106174469693, 5.7063793065e-05, 5.89400588069e-05, 2.99399944197e-05, 2.97491988022e-05, 2.78886709566e-05, 2.30994410231e-05, 2.69941083388e-05, 1.6073236111e-05, 2.42151363636e-05, 2.25272360694e-05, 1.66355657711e-05, 1.62652140716e-05, 1.15473649203e-05, 1.08858002932e-05, 8.44658825372e-06, 9.31913655222e-06, 1.08153544716e-05, 7.71010400058e-06, 7.09777805241e-06, 6.80931725583e-06, 5.9656376834e-06, 1.87070190805e-06, 1.85878855063e-06, 8.44110445541e-07, 8.38547123294e-07, 6.12707253822e-07],
        "dvar": [1.60855634022e-05, 3.61844977306e-05, 1.39213807415e-05, 4.27946633863e-06, 4.48662120789e-07, 2.46186466768e-08, 5.86461545993e-08, 1.06966226099e-07, 2.77802911341e-07, 4.248719776e-08, 1.23467899016e-07, 1.22569403516e-07, 1.61779940555e-08, 4.53255921684e-08, 1.60407616079e-08, 1.6007623671e-08, 2.7498308075e-09, 2.70313216255e-09, 2.08530548385e-09, 1.86986182094e-09, 4.04346423011e-09, 1.27737431743e-09, 3.68402308659e-09, 1.34194644286e-09, 4.64798088906e-10, 6.32515539944e-10, 3.58562041169e-10, 3.94236865375e-10, 3.17337572886e-10, 3.05937664091e-10, 4.49667775237e-10, 2.12905040819e-10, 2.38685293752e-10, 2.27906207795e-10, 1.83631804207e-10, 1.46962546299e-11, 2.02981884773e-11, 3.26327073003e-12, 2.46028414655e-12, 1.6027852873e-12],
        "dvar2": [5.05838324898e-05, 0.000107789368485, 4.4000462367e-05, 1.27196371977e-05, 1.33250694034e-06, 6.33726102706e-08, 1.26869579731e-07, 2.44676499506e-07, 6.16882573468e-07, 1.06282435297e-07, 2.5297282491e-07, 2.86000471306e-07, 3.01622229415e-08, 8.17942336084e-08, 2.27004672837e-08, 2.73402118722e-08, 5.22445908757e-09, 5.852170748e-09, 5.19097831386e-09, 4.23713553133e-09, 1.06774011854e-08, 2.91355561899e-09, 8.17660428254e-09, 2.5677588944e-09, 8.58398130354e-10, 1.18050136333e-09, 7.1296041293e-10, 8.68464300474e-10, 6.84423739905e-10, 5.81567016766e-10, 9.12879771775e-10, 4.71292727067e-10, 4.94976337695e-10, 5.28923738141e-10, 4.25170093576e-10, 3.14604696461e-11, 3.85384710255e-11, 6.47689714361e-12, 5.16886229998e-12, 3.47532527929e-12],
        "max": [0.0313077680767, 0.0477523356676, 0.0289236716926, 0.0188201684505, 0.00558192748576, 0.0020055596251, 0.00279358425178, 0.00442394707352, 0.00862064864486, 0.00322444457561, 0.00553649291396, 0.00587699376047, 0.00263251783326, 0.00283752707765, 0.00211676303297, 0.00193194695748, 0.000590900192037, 0.000548371754121, 0.000550359487534, 0.000604326836765, 0.000753460160922, 0.000439940253273, 0.000770276470575, 0.000480596267153, 0.000260531174717, 0.000287943723379, 0.000239355722442, 0.000231996251387, 0.000225168085308, 0.000186956007383, 0.000280368985841, 0.000148540493683, 0.000151444692165, 0.000148383434862, 0.000145854966831, 4.78914553241e-05, 0.000104048493085, 3.37681594829e-05, 2.06008498935e-05, 2.47998177656e-05],
        "mean": [0.00072025845293, 0.00145340920426, 0.000839304935653, 0.000820621324237, 0.000679603195749, 0.000179312657565, 0.000164386612596, 0.000243560411036, 0.000313273019856, 6.67132626404e-05, 0.000238007152802, 0.000169130464201, 6.69085566187e-05, 0.000111832261609, 7.29983657948e-05, 6.5889529651e-05, 3.19426799251e-05, 2.84261077468e-05, 2.42589630943e-05, 2.04016723728e-05, 1.74935576069e-05, 1.31022188725e-05, 1.91391700355e-05, 2.046258669e-05, 1.77400015673e-05, 1.58363127412e-05, 1.04596592791e-05, 7.91203729023e-06, 6.45619229545e-06, 7.66398807173e-06, 7.98148448666e-06, 5.18318984177e-06, 4.58701970274e-06, 4.35567153545e-06, 3.47088393937e-06, 1.44676641867e-06, 1.46190768646e-06, 7.08346192368e-07, 6.16040722434e-07, 4.78863114495e-07],
        "median": [6.70901840749e-08, 5.87969452681e-07, 2.90285006486e-05, 0.000380665616831, 0.000383178645279, 8.04706360213e-05, 6.21907893219e-05, 7.94978550402e-05, 8.4097526269e-05, 1.72136788024e-05, 6.48125642329e-05, 6.28872658126e-05, 6.19797674517e-06, 8.67858398124e-06, 7.09806363375e-06, 2.61115155809e-06, 2.82676410279e-06, 6.36788445263e-06, 5.90793297306e-06, 1.86655347534e-06, 2.12395343624e-06, 2.05936294151e-06, 2.84854581878e-06, 4.22501079811e-06, 4.4105076995e-06, 3.7452784909e-06, 2.3709492325e-06, 1.79830180969e-06, 1.38192513077e-06, 1.31443266582e-06, 1.02135049929e-06, 4.72765492532e-07, 7.50805924099e-08, 3.02834521904e-08, 8.6070208738e-09, 1.14831308906e-08, 2.13628510437e-08, 1.56549369024e-08, 1.27822401552e-08, 1.29905508572e-08],
