{
"highlevel": {
    "danceability": {
        "all": {
            "danceable": 0.751299381256,
            "not_danceable": 0.248700603843
        },
        "probability": 0.751299381256,
        "value": "danceable"
    },
    "gender": {
        "all": {
            "female": 0.324838787317,
            "male": 0.675161242485
        },
        "probability": 0.675161242485,
        "value": "male"
    },
    "genre_dortmund": {
        "all": {
            "alternative": 0.00613734545186,
            "blues": 0.00158672861289,
            "electronic": 0.0603895299137,
            "folkcountry": 0.0096437279135,
            "funksoulrnb": 0.0088534001261,
            "jazz": 0.0242698956281,
            "pop": 0.0136341536418,
            "raphiphop": 0.872902750969,
            "rock": 0.00258245016448
        },
        "probability": 0.872902750969,
        "value": "raphiphop"
    },
    "genre_electronic": {
        "all": {
            "ambient": 0.609919965267,
            "dnb": 0.0397313162684,
            "house": 0.282205551863,
            "techno": 0.0439709797502,
            "trance": 0.0241721551865
        },
        "probability": 0.609919965267,
        "value": "ambient"
    },
    "genre_rosamerica": {
        "all": {
            "cla": 0.0324947573245,
            "dan": 0.0182709340006,
            "hip": 0.0457223542035,
            "jaz": 0.0351341627538,
            "pop": 0.141232639551,
            "rhy": 0.659984767437,
            "roc": 0.00439212936908,
            "spe": 0.0627682581544
        },
        "probability": 0.659984767437,
        "value": "rhy"
    },
    "genre_tzanetakis": {
        "all": {
            "blu": 0.0626613423228,
            "cla": 0.0348169617355,
            "cou": 0.104475811124,
            "dis": 0.0784321576357,
            "hip": 0.15692435205,
            "jaz": 0.313974827528,
            "met": 0.0448166541755,
            "pop": 0.0627359300852,
            "reg": 0.0627360641956,
            "roc": 0.0784258767962
        },
        "probability": 0.313974827528,
        "value": "jaz"
    },
    "ismir04_rhythm": {
        "all": {
            "ChaChaCha": 0.0661807879806,
            "Jive": 0.0127959102392,
            "Quickstep": 0.0128397997469,
            "Rumba-American": 0.0476135499775,
            "Rumba-International": 0.62762016058,
            "Rumba-Misc": 0.0574998110533,
            "Samba": 0.0374235548079,
            "Tango": 0.0145657015964,
            "VienneseWaltz": 0.104935787618,
            "Waltz": 0.0185249131173
        },
        "probability": 0.62762016058,
        "value": "Rumba-International"
    },
    "mood_acoustic": {
        "all": {
            "acoustic": 0.742829442024,
            "not_acoustic": 0.257170557976
        },
        "probability": 0.742829442024,
        "value": "acoustic"
    },
    "mood_aggressive": {
        "all": {
            "aggressive": 0.0110096214339,
            "not_aggressive": 0.988990366459
        },
        "probability": 0.988990366459,
        "value": "not_aggressive"
    },
    "mood_electronic": {
        "all": {
            "electronic": 0.79792881012,
            "not_electronic": 0.20207118988
        },
        "probability": 0.79792881012,
        "value": "electronic"
    },
    "mood_happy": {
        "all": {
            "happy": 0.745015442371,
            "not_happy": 0.254984557629
        },
        "probability": 0.745015442371,
        "value": "happy"
    },
    "mood_party": {
        "all": {
            "not_party": 0.859582483768,
            "party": 0.140417486429
        },
        "probability": 0.859582483768,
        "value": "not_party"
    },
    "mood_relaxed": {
        "all": {
            "not_relaxed": 0.0957593545318,
            "relaxed": 0.90424066782
        },
        "probability": 0.90424066782,
        "value": "relaxed"
    },
    "mood_sad": {
        "all": {
            "not_sad": 0.156281173229,
            "sad": 0.843718826771
        },
        "probability": 0.843718826771,
        "value": "sad"
    },
    "moods_mirex": {
        "all": {
            "Cluster1": 0.139752537012,
            "Cluster2": 0.405059278011,
            "Cluster3": 0.269612789154,
            "Cluster4": 0.106220625341,
            "Cluster5": 0.0793547704816
        },
        "probability": 0.405059278011,
        "value": "Cluster2"
    },
    "timbre": {
        "all": {
            "bright": 0.049503698945,
            "dark": 0.950496315956
        },
        "probability": 0.950496315956,
        "value": "dark"
    },
    "tonal_atonal": {
        "all": {
            "atonal": 0.737411260605,
            "tonal": 0.262588739395
        },
        "probability": 0.737411260605,
        "value": "atonal"
    },
    "voice_instrumental": {
        "all": {
            "instrumental": 0.009785852395,
            "voice": 0.990214169025
        },
        "probability": 0.990214169025,
        "value": "voice"
    }
},
"lowlevel": {
    "average_loudness": 0.91768181324,
    "barkbands_crest": {
        "dmean": 3.59319329262,
        "dmean2": 5.61420583725,
        "dvar": 9.20635318756,
        "dvar2": 20.8709011078,
        "max": 26.2327232361,
        "mean": 14.6230373383,
        "median": 14.1589622498,
        "min": 3.92725849152,
        "var": 25.1468982697
    },
    "barkbands_flatness_db": {
        "dmean": 0.047652348876,
        "dmean2": 0.0664027631283,
        "dvar": 0.00226253131405,
        "dvar2": 0.0039835087955,
        "max": 0.647242426872,
        "mean": 0.26327496767,
        "median": 0.251781195402,
        "min": 0.0607266426086,
        "var": 0.0079479701817
    },
    "barkbands_kurtosis": {
        "dmean": 15.8803243637,
        "dmean2": 25.4612579346,
        "dvar": 792.422668457,
        "dvar2": 1966.64099121,
        "max": 461.371185303,
        "mean": 20.6478176117,
        "median": 10.1907491684,
        "min": -1.96026813984,
        "var": 1012.25830078
    },
    "barkbands_skewness": {
        "dmean": 1.38520765305,
        "dmean2": 2.05235910416,
        "dvar": 2.05582141876,
        "dvar2": 4.44695329666,
        "max": 18.4198741913,
        "mean": 2.82422828674,
        "median": 2.55333638191,
        "min": -6.17380094528,
        "var": 5.61103868484
    },
    "barkbands_spread": {
        "dmean": 7.63128471375,
        "dmean2": 11.9091234207,
        "dvar": 188.532562256,
        "dvar2": 406.630950928,
        "max": 103.133163452,
        "mean": 13.8970918655,
        "median": 7.30598115921,
        "min": 0.137469515204,
        "var": 350.753662109
    },
    "dissonance": {
        "dmean": 0.0484091565013,
        "dmean2": 0.0778080746531,
        "dvar": 0.00202734582126,
        "dvar2": 0.0052484953776,
        "max": 0.499915570021,
        "mean": 0.395047754049,
        "median": 0.405053913593,
        "min": 0.0860384181142,
        "var": 0.00483041070402
    },
    "dynamic_complexity": 3.13963317871,
    "erbbands_crest": {
        "dmean": 4.08900642395,
        "dmean2": 6.59630918503,
        "dvar": 12.5428705215,
        "dvar2": 30.9511127472,
        "max": 30.1678733826,
        "mean": 13.1056156158,
        "median": 12.3324174881,
        "min": 2.7686829567,
        "var": 26.7599143982
    },
    "erbbands_flatness_db": {
        "dmean": 0.037854027003,
        "dmean2": 0.0551567710936,
        "dvar": 0.00130518653896,
        "dvar2": 0.00258470815606,
        "max": 0.459125876427,
        "mean": 0.221856325865,
        "median": 0.214757531881,
        "min": 0.0841424465179,
        "var": 0.00449065444991
    },
    "erbbands_kurtosis": {
        "dmean": 5.56078243256,
        "dmean2": 9.02115058899,
        "dvar": 68.1674804688,
        "dvar2": 167.911483765,
        "max": 94.5024108887,
        "mean": 7.26448535919,
        "median": 4.35079669952,
        "min": -1.94385135174,
        "var": 101.187026978
    },
    "erbbands_skewness": {
        "dmean": 0.939178645611,
        "dmean2": 1.40512299538,
        "dvar": 0.891147792339,
        "dvar2": 1.87801420689,
        "max": 8.49772262573,
        "mean": 1.50741136074,
        "median": 1.5641528368,
        "min": -5.30596113205,
        "var": 2.86590623856
    },
    "erbbands_spread": {
        "dmean": 16.0087394714,
        "dmean2": 25.8303661346,
        "dvar": 614.550354004,
        "dvar2": 1340.55358887,
        "max": 200.904312134,
        "mean": 32.1170425415,
        "median": 19.5682945251,
        "min": 1.38724815845,
        "var": 1205.51416016
    },
    "hfc": {
        "dmean": 8.12103271484,
        "dmean2": 11.8136072159,
        "dvar": 136.570144653,
        "dvar2": 286.288696289,
        "max": 137.474395752,
        "mean": 15.35297966,
        "median": 11.0852937698,
        "min": 0.081097252667,
        "var": 256.015655518
    },
    "melbands_crest": {
        "dmean": 4.4026184082,
        "dmean2": 7.00862026215,
        "dvar": 14.0612812042,
        "dvar2": 33.9352493286,
        "max": 37.0762939453,
        "mean": 19.0844192505,
        "median": 18.5477714539,
        "min": 4.09807443619,
        "var": 41.423614502
    },
    "melbands_flatness_db": {
        "dmean": 0.0555657595396,
        "dmean2": 0.0747879296541,
        "dvar": 0.00322636705823,
        "dvar2": 0.0051487069577,
        "max": 0.777963280678,
        "mean": 0.326914250851,
        "median": 0.316964060068,
        "min": 0.05306661129,
        "var": 0.0138723608106
    },
    "melbands_kurtosis": {
        "dmean": 27.0189990997,
        "dmean2": 43.4492874146,
        "dvar": 1894.3137207,
        "dvar2": 4399.60644531,
        "max": 478.988464355,
        "mean": 37.015209198,
        "median": 17.7241668701,
        "min": -1.94218599796,
        "var": 2938.28759766
    },
    "melbands_skewness": {
        "dmean": 1.65772163868,
        "dmean2": 2.52186965942,
        "dvar": 3.23015809059,
        "dvar2": 7.11463546753,
        "max": 19.7677497864,
        "mean": 3.68518018723,
        "median": 3.03697609901,
        "min": -2.34185051918,
        "var": 7.72128295898
    },
    "melbands_spread": {
        "dmean": 9.43612480164,
        "dmean2": 14.4829101562,
        "dvar": 522.175231934,
        "dvar2": 1064.86706543,
        "max": 251.019271851,
        "mean": 16.2758922577,
        "median": 6.46119737625,
        "min": 0.115050964057,
        "var": 1077.95361328
    },
    "pitch_salience": {
        "dmean": 0.0953467190266,
        "dmean2": 0.15021802485,
        "dvar": 0.00754806073382,
        "dvar2": 0.0169190280139,
        "max": 0.876274168491,
        "mean": 0.482352435589,
        "median": 0.480234801769,
        "min": 0.0355159938335,
        "var": 0.0258593186736
    },
    "silence_rate_20dB": {
        "dmean": 0,
        "dmean2": 0,
        "dvar": 0,
        "dvar2": 0,
        "max": 1,
        "mean": 1,
        "median": 1,
        "min": 1,
        "var": 0
    },
    "silence_rate_30dB": {
        "dmean": 0.0479876175523,
        "dmean2": 0.0960495769978,
        "dvar": 0.0456850863993,
        "dvar2": 0.106963403523,
        "max": 1,
        "mean": 0.937354981899,
        "median": 1,
        "min": 0,
        "var": 0.0587204992771
    },
    "silence_rate_60dB": {
        "dmean": 0.0603715181351,
        "dmean2": 0.120836563408,
        "dvar": 0.0567266456783,
        "dvar2": 0.123277112842,
        "max": 1,
        "mean": 0.106728538871,
        "median": 0,
        "min": 0,
        "var": 0.095337420702
    },
    "spectral_centroid": {
        "dmean": 298.906188965,
        "dmean2": 435.65802002,
        "dvar": 338257.125,
        "dvar2": 628031.625,
        "max": 6696.17822266,
        "mean": 828.947998047,
        "median": 531.221313477,
        "min": 96.3067779541,
        "var": 841196.1875
    },
    "spectral_complexity": {
        "dmean": 2.8034055233,
        "dmean2": 3.89852833748,
        "dvar": 16.5511074066,
        "dvar2": 28.1562709808,
        "max": 52,
        "mean": 8.80201053619,
        "median": 7,
        "min": 0,
        "var": 45.2911071777
    },
    "spectral_decrease": {
        "dmean": 4.31968016912e-09,
        "dmean2": 6.62973098642e-09,
        "dvar": 4.0692620839e-17,
        "dvar2": 8.70940849237e-17,
        "max": -1.19732366383e-11,
        "mean": -9.71208624634e-09,
        "median": -7.57375229199e-09,
        "min": -6.08416641512e-08,
        "var": 9.79463703056e-17
    },
    "spectral_energy": {
        "dmean": 0.0167345665395,
        "dmean2": 0.0256914515048,
        "dvar": 0.000599346822128,
        "dvar2": 0.00128210044932,
        "max": 0.232813417912,
        "mean": 0.0380482003093,
        "median": 0.0296322684735,
        "min": 5.30033285031e-05,
        "var": 0.00143817428034
    },
    "spectral_energyband_high": {
        "dmean": 0.000454247172456,
        "dmean2": 0.000649123743642,
        "dvar": 1.26973566239e-06,
        "dvar2": 2.57138140114e-06,
        "max": 0.0139415748417,
        "mean": 0.000646722211968,
        "median": 0.000130007858388,
        "min": 2.96774977926e-08,
        "var": 2.0962763756e-06
    },
    "spectral_energyband_low": {
        "dmean": 0.00927522499114,
        "dmean2": 0.0147587088868,
        "dvar": 0.000469326099847,
        "dvar2": 0.00101964524947,
        "max": 0.202970400453,
        "mean": 0.0195977147669,
        "median": 0.00110616511665,
        "min": 9.19606861771e-08,
        "var": 0.00103773060255
    },
    "spectral_energyband_middle_high": {
        "dmean": 0.00116276764311,
        "dmean2": 0.00155222427566,
        "dvar": 5.17901798958e-06,
        "dvar2": 9.38389530347e-06,
        "max": 0.031756285578,
        "mean": 0.00187263113912,
        "median": 0.000518018263392,
        "min": 1.82414635219e-06,
        "var": 1.21491884784e-05
    },
    "spectral_energyband_middle_low": {
        "dmean": 0.0105386739597,
        "dmean2": 0.0158328730613,
        "dvar": 0.000201591465157,
        "dvar2": 0.000455734727439,
        "max": 0.143867269158,
        "mean": 0.0163268484175,
        "median": 0.0109555693343,
        "min": 2.65156359092e-05,
        "var": 0.000314966891892
    },
    "spectral_entropy": {
        "dmean": 0.445061594248,
        "dmean2": 0.638629496098,
        "dvar": 0.21722574532,
        "dvar2": 0.380814611912,
        "max": 8.71306228638,
        "mean": 6.82008457184,
        "median": 6.8529715538,
        "min": 4.36959123611,
        "var": 0.784316420555
    },
    "spectral_flux": {
        "dmean": 0.0397267378867,
        "dmean2": 0.0645611509681,
        "dvar": 0.00219878135249,
        "dvar2": 0.00459636887535,
        "max": 0.444033414125,
        "mean": 0.0998240858316,
        "median": 0.0843487009406,
        "min": 0.00504968641326,
        "var": 0.00458442559466
    },
    "spectral_kurtosis": {
        "dmean": 7.04733133316,
        "dmean2": 10.4937105179,
        "dvar": 178.673660278,
        "dvar2": 399.718994141,
        "max": 177.890853882,
        "mean": 11.0912971497,
        "median": 5.71133327484,
        "min": -1.54946982861,
        "var": 320.193634033
    },
    "spectral_rms": {
        "dmean": 0.00131202454213,
        "dmean2": 0.00190599088091,
        "dvar": 2.25006078836e-06,
        "dvar2": 4.49827030025e-06,
        "max": 0.0150709999725,
        "mean": 0.00535364635289,
        "median": 0.0053767580539,
        "min": 0.000227399577852,
        "var": 8.45868635224e-06
    },
    "spectral_rolloff": {
        "dmean": 644.29699707,
        "dmean2": 1138.65966797,
        "dvar": 3227312,
        "dvar2": 6801060,
        "max": 11929.3945312,
        "mean": 1341.15405273,
        "median": 452.197265625,
        "min": 43.06640625,
        "var": 6624998
    },
    "spectral_skewness": {
        "dmean": 0.733335018158,
        "dmean2": 1.01498055458,
        "dvar": 0.80570602417,
        "dvar2": 1.63779270649,
        "max": 11.0103273392,
        "mean": 2.41406941414,
        "median": 2.16129422188,
        "min": -0.461097478867,
        "var": 2.46841096878
    },
    "spectral_spread": {
        "dmean": 1488863.75,
        "dmean2": 2164180.75,
        "dvar": 3.21885700096e+12,
        "dvar2": 5.81509945754e+12,
        "max": 19638684,
        "mean": 5559916,
        "median": 4762170,
        "min": 656455.9375,
        "var": 1.14787048489e+13
    },
    "spectral_strongpeak": {
        "dmean": 0.511735022068,
        "dmean2": 0.828884959221,
        "dvar": 0.57780623436,
        "dvar2": 1.37892401218,
        "max": 6.48491430283,
        "mean": 0.871818125248,
        "median": 0.520817697048,
        "min": 0,
        "var": 0.794266223907
    },
    "zerocrossingrate": {
        "dmean": 0.0172236301005,
        "dmean2": 0.0188080947846,
        "dvar": 0.000817173335236,
        "dvar2": 0.000703257857822,
        "max": 0.4072265625,
        "mean": 0.0522562898695,
        "median": 0.02783203125,
        "min": 0.001953125,
        "var": 0.00514873396605
    },
    "barkbands": {
        "dmean": [0.00105650024489, 0.00826347991824, 0.00203312118538, 0.000775513472036, 0.00228996830992, 0.00436168676242, 0.00380715099163, 0.00155908812303, 0.00116642622743, 0.000395690934965, 0.000226882955758, 0.000239873013925, 0.00021639514307, 0.000165577672306, 8.91955569386e-05, 7.2812596045e-05, 8.59624778968e-05, 5.85202396906e-05, 4.87799152324e-05, 7.60137409088e-05, 6.59680081299e-05, 8.01118003437e-05, 9.38910743571e-05, 0.000132486631628, 8.77347483765e-05, 2.5790401196e-05, 2.45325573189e-08],
        "dmean2": [0.0016947183758, 0.0127175077796, 0.00379307661206, 0.00137024943251, 0.00357109704055, 0.0067691411823, 0.00604148861021, 0.00256549334154, 0.00183062138967, 0.000586600857787, 0.000355656608008, 0.000358981720638, 0.000312018411933, 0.000245689967414, 0.000138740782859, 0.000103168618807, 0.000136849630508, 8.79160361364e-05, 7.44141580071e-05, 0.000115043243568, 9.47898297454e-05, 0.000125355683849, 0.000146705788211, 0.000193339685211, 0.000126996703329, 4.06659455621e-05, 4.23335890787e-08],
        "dvar": [6.76632362229e-06, 0.000357825221727, 0.000138094459544, 1.1319965779e-05, 1.10705141196e-05, 7.05502097844e-05, 6.34956741123e-05, 2.1982625185e-05, 1.51056719915e-05, 1.33089099563e-06, 7.21015112504e-07, 5.11914208801e-07, 3.45315953609e-07, 2.07601090096e-07, 4.77902908358e-08, 4.44613057482e-08, 1.30921819164e-07, 1.06110952913e-07, 7.16118933042e-08, 1.61774011076e-07, 7.21136643733e-08, 7.55089359927e-08, 8.1166845689e-08, 1.02503783239e-07, 3.91418772949e-08, 3.6575300566e-09, 2.95210396113e-14],
        "dvar2": [1.37273618748e-05, 0.000814245431684, 0.000404478167184, 3.26483532263e-05, 2.73839996225e-05, 0.00016918181791, 0.00015048350906, 5.76782731514e-05, 3.79859448003e-05, 2.21158188651e-06, 1.81450820946e-06, 1.15998591355e-06, 7.38626340535e-07, 4.35719016423e-07, 1.09880225807e-07, 8.61893596493e-08, 3.34172852945e-07, 2.3218713352e-07, 1.41501573125e-07, 3.89003417922e-07, 1.49518939452e-07, 1.6422198712e-07, 1.92302195501e-07, 2.11975603293e-07, 7.27041111759e-08, 9.25940657481e-09, 7.74453743323e-14],
        "max": [0.0433124341071, 0.188406646252, 0.12226344645, 0.0328331179917, 0.0266845095903, 0.140604823828, 0.094020485878, 0.0621925182641, 0.0684215202928, 0.0255485065281, 0.0181044898927, 0.00986943859607, 0.0110067529604, 0.00839881598949, 0.00297503988259, 0.00324604357593, 0.00486344564706, 0.00396138336509, 0.00379453669302, 0.00523985084146, 0.00393429817632, 0.00323094520718, 0.00352110946551, 0.00394834205508, 0.00237785442732, 0.000758154375944, 2.29503211813e-06],
        "mean": [0.00147841824219, 0.0164073072374, 0.00143143348396, 0.000659590179566, 0.00294708367437, 0.0057330140844, 0.00416716979817, 0.00137640803587, 0.00123108725529, 0.000530660443474, 0.000240589812165, 0.00028710369952, 0.000265582086286, 0.000204409268918, 0.000108444291982, 9.26426655496e-05, 8.91816525836e-05, 5.80542109674e-05, 5.46886913071e-05, 7.54455977585e-05, 8.13953156467e-05, 7.99206245574e-05, 9.45552746998e-05, 0.000185836615856, 0.000137420312967, 3.0772142054e-05, 1.65068385627e-08],
        "median": [8.4342836999e-06, 2.59164135059e-05, 0.000140458418173, 0.000153002751176, 0.00144603324588, 0.00238595204428, 0.00146864110138, 0.000108502244984, 7.13184344932e-05, 6.76424024277e-05, 3.55045121978e-05, 4.5014628995e-05, 2.63838719547e-05, 2.25888998102e-05, 1.34052179419e-05, 1.15570137496e-05, 1.13694768515e-05, 2.99774274026e-06, 4.08556661569e-06, 1.05682329377e-05, 1.68830592884e-05, 1.17359541036e-05, 7.13920917406e-06, 2.50121902354e-05, 2.0615014364e-05, 4.83204030388e-06, 4.3866166255e-10],
        "min": [6.23371687603e-10, 3.61897134482e-09, 4.49441195371e-09, 2.93926643025e-08, 1.2039865851e-06, 6.74892726238e-06, 2.04297793971e-06, 5.4997705945e-08, 9.65955848642e-08, 2.96348105167e-07, 4.18808170366e-08, 2.40428530418e-08, 3.9295116494e-08, 1.83398434217e-08, 6.89762869044e-09, 5.70212410622e-09, 8.18872880615e-09, 2.53262788519e-09, 3.57350127267e-09, 3.99161326214e-09, 6.2734160089e-09, 1.95909466427e-09, 8.92426410548e-10, 3.4723464104e-09, 5.77029868332e-10, 9.0868458591e-12, 7.77642793909e-12],
        "var": [1.26190379888e-05, 0.000719430507161, 7.80772679718e-05, 6.60115620121e-06, 1.53523815243e-05, 8.79184008227e-05, 7.27491133148e-05, 1.89804904949e-05, 1.4662268768e-05, 3.17254375659e-06, 6.59520594581e-07, 6.58009355448e-07, 5.51951359284e-07, 3.08143484062e-07, 7.61501013358e-08, 7.72026425011e-08, 1.15233326881e-07, 1.13132678337e-07, 8.79840698076e-08, 1.51696269768e-07, 8.94909817362e-08, 8.08481246395e-08, 8.23859664933e-08, 2.16963741195e-07, 1.07571047181e-07, 5.10051645364e-09, 2.06870687301e-14]
    },
    "erbbands": {
        "dmean": [0.35776424408, 1.46916604042, 2.30006575584, 2.56860899925, 1.80632066727, 7.49286794662, 33.3366241455, 31.9756259918, 39.4469108582, 58.8915672302, 31.2660655975, 26.8977355957, 14.7208166122, 8.2830581665, 8.79811954498, 8.99376296997, 9.32033634186, 8.13341617584, 6.00965738297, 4.13034200668, 3.88595676422, 4.58817577362, 3.65382456779, 2.14638066292, 3.43674755096, 3.21879267693, 2.6993265152, 2.64103364944, 2.48602628708, 3.05146861076, 2.81229090691, 2.99263072014, 2.12966942787, 1.31032454967, 0.465915352106, 0.150579303503, 0.0417722314596, 0.00484130531549, 9.23437182792e-05, 2.16936787183e-05],
        "dmean2": [0.55806261301, 2.23374176025, 3.94447541237, 4.67218637466, 3.0098593235, 11.6878623962, 50.8390045166, 50.554649353, 63.3225212097, 93.5800094604, 49.9891929626, 42.6628570557, 21.4876556396, 11.6427412033, 13.2312822342, 13.2262830734, 13.2208995819, 11.6152219772, 8.79885101318, 6.09893512726, 5.50405263901, 7.02132844925, 5.61777877808, 2.94425940514, 5.20905256271, 4.7696146965, 3.93566703796, 3.73163938522, 3.77398061752, 4.96694755554, 4.41616916656, 4.59470319748, 3.02279925346, 1.90758359432, 0.690398454666, 0.232294231653, 0.0692621022463, 0.00843770522624, 0.000154466804815, 3.34713258781e-05],
        "dvar": [0.553520262241, 18.149887085, 143.474090576, 174.328643799, 38.6835975647, 135.921142578, 2836.36328125, 6003.44482422, 5674.25537109, 29045.6992188, 11420.2490234, 9126.83691406, 1633.19348145, 425.941802979, 827.807678223, 759.468078613, 575.386047363, 422.014892578, 237.109039307, 145.90953064, 122.64302063, 356.455413818, 420.062988281, 136.527206421, 371.176513672, 256.791320801, 128.389678955, 116.127456665, 80.2242202759, 123.995223999, 71.4000701904, 61.9775886536, 23.6952991486, 9.10395145416, 1.12966954708, 0.0977273732424, 0.0136255985126, 0.000347991444869, 9.20324083609e-08, 8.36283042815e-10],
        "dvar2": [1.40806305408, 36.2549095154, 398.02230835, 510.292297363, 101.645637512, 343.287872314, 6624.68164062, 15346.3984375, 13768.0234375, 69949.2421875, 30347.6972656, 23019.4804688, 3008.83374023, 851.5703125, 2003.9786377, 1687.05212402, 1202.22216797, 847.871826172, 452.691131592, 322.085510254, 255.6612854, 871.651611328, 966.225524902, 254.718704224, 788.490783691, 580.010681152, 275.307403564, 246.670913696, 171.868591309, 310.127502441, 170.610321045, 146.64932251, 42.8965301514, 17.5812282562, 2.28685116768, 0.212573155761, 0.0359250120819, 0.000932713621296, 2.45998450055e-07, 1.86705473304e-09],
        "max": [7.22967147827, 44.1270256042, 130.564559937, 121.180168152, 71.9838256836, 143.322616577, 668.879455566, 1575.87158203, 949.135375977, 2490.42529297, 1804.27319336, 1842.33117676, 696.725463867, 436.939117432, 475.511108398, 399.569580078, 445.459594727, 364.011688232, 316.038238525, 153.371887207, 130.183242798, 264.666870117, 294.038757324, 150.552017212, 299.553497314, 222.237594604, 170.803161621, 161.624710083, 122.704612732, 148.581848145, 105.319374084, 87.6600341797, 61.8203697205, 36.7314910889, 16.5229549408, 4.44423818588, 1.57580447197, 0.27363038063, 0.00440507614985, 0.000261214008788],
        "mean": [0.631137490273, 3.00889205933, 2.36350035667, 2.10061812401, 1.96339344978, 9.83690929413, 45.8449554443, 39.8657188416, 48.2359542847, 57.5269470215, 30.5710258484, 28.4944782257, 19.9586467743, 11.0236759186, 9.77814102173, 11.3436136246, 11.8117980957, 10.9391593933, 7.84242296219, 5.19858217239, 4.92910385132, 5.02657461166, 3.60978031158, 2.33697676659, 3.57242536545, 3.44179821014, 3.26278972626, 3.11752557755, 2.6540210247, 2.68126654625, 2.89260387421, 3.65514349937, 3.1207613945, 1.94872689247, 0.712057769299, 0.207613110542, 0.0426966995001, 0.00391180021688, 0.0001022469296, 4.91085302201e-05],
        "median": [0.000790383783169, 0.00967892073095, 0.213599994779, 0.491236835718, 0.590715527534, 4.76895284653, 22.3752555847, 17.8586425781, 23.0982913971, 8.24315834045, 2.86694788933, 1.90840125084, 2.07817459106, 1.97100138664, 1.50609350204, 1.77222585678, 1.53836631775, 1.38970863819, 1.09356760979, 0.593366503716, 0.741564869881, 0.634016096592, 0.255020320415, 0.129118904471, 0.362463504076, 0.466974467039, 0.62398648262, 0.618086099625, 0.489047974348, 0.251029849052, 0.207305818796, 0.390789300203, 0.462382137775, 0.274115562439, 0.111859187484, 0.0333152636886, 0.00607880577445, 0.000317098252708, 3.15860525006e-05, 3.92716028728e-05],
        "min": [2.91952176212e-07, 2.89721219815e-06, 1.84833970707e-05, 0.000158822891535, 0.000397541589336, 0.00394675834104, 0.0123560996726, 0.0478736944497, 0.0731253921986, 0.0197163783014, 0.0073150950484, 0.00317593268119, 0.0115759950131, 0.00623504072428, 0.00583512196317, 0.00529534555972, 0.0038779261522, 0.00219683372416, 0.000710910069756, 0.000526649586391, 0.000399242533604, 0.000508962082677, 0.000192481995327, 9.4266346423e-05, 0.000259902852122, 0.000168076832779, 0.000290555937681, 0.000177858993993, 7.04228586983e-05, 9.44890925894e-05, 2.49058084592e-05, 6.35455508018e-05, 4.67263635073e-05, 1.48694725794e-05, 4.97878500028e-06, 2.57957799477e-06, 3.59109122883e-07, 3.95220602911e-08, 1.38461288657e-07, 9.71558904439e-08],
        "var": [1.16705465317, 30.4301776886, 100.290077209, 96.4379730225, 32.4817695618, 187.769515991, 4251.72949219, 5734.37597656, 6397.81884766, 29724.6191406, 9164.23046875, 8636.55664062, 3621.23706055, 827.381835938, 848.937255859, 1001.97894287, 969.911560059, 746.594726562, 423.59552002, 207.36265564, 201.245727539, 349.660186768, 408.800323486, 180.833312988, 393.588775635, 276.586456299, 153.01499939, 138.44128418, 90.4872665405, 102.675727844, 72.6563491821, 95.3228530884, 59.2327919006, 22.939031601, 2.92087388039, 0.231415718794, 0.0124620227143, 0.000242937763687, 7.02932041463e-08, 1.92449123304e-09]
    },
    "gfcc": {
        "mean": [-77.1566162109, 98.3141860962, -79.3201751709, 9.5759267807, -85.7292861938, 7.7620882988, -55.0667724609, -2.00439667702, -24.1216640472, 13.531208992, -5.83715200424, 2.72824382782, 4.56825685501],
        "cov": [[8319.77050781, -1256.35571289, -507.405670166, 745.499389648, 58.3964424133, 981.440612793, 198.766342163, 969.704650879, 453.983642578, 449.469482422, -391.172119141, -8.15470314026, -238.19593811], [-1256.35571289, 3586.43041992, 152.111801147, -342.651245117, 1024.86242676, -32.6671600342, 865.380737305, -178.083068848, 430.105987549, -14.8019542694, 355.493743896, -87.5453948975, 304.55078125], [-507.405670166, 152.111801147, 1935.63696289, 493.154083252, 234.897888184, 462.430877686, 343.500701904, 185.241119385, 254.119659424, 100.453025818, 242.762908936, 336.556274414, 49.9392471313], [745.499389648, -342.651245117, 493.154083252, 1128.20141602, 466.977111816, 283.940093994, 258.693054199, 304.097991943, 296.873779297, 128.906936646, 140.244766235, 150.802642822, 103.725120544], [58.3964424133, 1024.86242676, 234.897888184, 466.977111816, 836.556518555, 210.28704834, 474.32144165, 183.796981812, 347.044158936, 109.336143494, 180.63053894, 50.5837745667, 141.441665649], [981.440612793, -32.6671600342, 462.430877686, 283.940093994, 210.28704834, 612.688537598, 351.288513184, 285.925048828, 183.882919312, 130.220016479, 80.6730957031, 74.6911849976, -20.1140785217], [198.766342163, 865.380737305, 343.500701904, 258.693054199, 474.32144165, 351.288513184, 719.653076172, 190.116867065, 283.722747803, 115.887260437, 196.15473938, 86.3498001099, 83.443977356], [969.704650879, -178.083068848, 185.241119385, 304.097991943, 183.796981812, 285.925048828, 190.116867065, 448.038848877, 204.171127319, 146.010726929, 27.9499530792, 43.1899833679, 25.6559715271], [453.983642578, 430.105987549, 254.119659424, 296.873779297, 347.044158936, 183.882919312, 283.722747803, 204.171127319, 394.192687988, 140.796157837, 104.139450073, 58.1987876892, 68.0219802856], [449.469482422, -14.8019542694, 100.453025818, 128.906936646, 109.336143494, 130.220016479, 115.887260437, 146.010726929, 140.796157837, 230.61958313, 52.4340400696, 2.4527323246, 6.19904565811], [-391.172119141, 355.493743896, 242.762908936, 140.244766235, 180.63053894, 80.6730957031, 196.15473938, 27.9499530792, 104.139450073, 52.4340400696, 274.046234131, 68.5237960815, 102.293128967], [-8.15470314026, -87.5453948975, 336.556274414, 150.802642822, 50.5837745667, 74.6911849976, 86.3498001099, 43.1899833679, 58.1987876892, 2.4527323246, 68.5237960815, 200.905990601, 25.298910141], [-238.19593811, 304.55078125, 49.9392471313, 103.725120544, 141.441665649, -20.1140785217, 83.443977356, 25.6559715271, 68.0219802856, 6.19904565811, 102.293128967, 25.298910141, 165.189331055]],
        "icov": [[0.00027756014606, -0.000154795896378, 0.00026082387194, -0.000265361770289, 0.000307272246573, -0.000496025255416, 0.000202078648726, -0.000339659192832, -0.000131796652568, -0.000289093732135, 0.000431736931205, -0.000337759847753, 0.000250067620073], [-0.000154795896378, 0.00161307957023, -0.000468093378004, 0.00151010311674, -0.00182792556006, 0.000840700580738, -0.00134588661604, 0.00103127409238, -0.000921432103496, 0.000884723325726, -0.000530782563146, 0.0014608168276, -0.00136547395959], [0.00026082387194, -0.000468093378004, 0.00121952639893, -0.000656290038023, 0.000725895923097, -0.00113189348485, 0.000536084931809, -0.000276054313872, -0.000151381551404, -0.00042734836461, 8.84844339453e-05, -0.00173137744423, 0.000583962828387], [-0.000265361770289, 0.00151010311674, -0.000656290038023, 0.00296862446703, -0.00246131536551, 0.000765062926803, -0.00086509907851, 0.000534859311301, -0.000960939156357, 0.000857121369336, -0.00072496937355, 0.000826127827168, -0.00159187358804], [0.000307272246573, -0.00182792556006, 0.000725895923097, -0.00246131536551, 0.0049659749493, -0.00101299071684, 0.000312560470775, -0.0010736399563, -0.000371300731786, -0.000844915746711, 0.000649805995636, -0.00112515233923, 0.000727154954802], [-0.000496025255416, 0.000840700580738, -0.00113189348485, 0.000765062926803, -0.00101299071684, 0.00467280158773, -0.00217122863978, -0.000655480253045, 0.000196030989173, 0.000515145133249, -0.00101605686359, 0.00147618155461, 0.000534572056495], [0.000202078648726, -0.00134588661604, 0.000536084931809, -0.00086509907851, 0.000312560470775, -0.00217122863978, 0.00441682199016, -0.000842873589136, -3.67000666301e-06, -0.000741004245356, -0.000465643242933, -0.00178684154525, 0.0011129808845], [-0.000339659192832, 0.00103127409238, -0.000276054313872, 0.000534859311301, -0.0010736399563, -0.000655480253045, -0.000842873589136, 0.00520989624783, -0.00147010770161, -0.000570356438402, 0.000275554630207, 0.0008256106521, -0.00185769528616], [-0.000131796652568, -0.000921432103496, -0.000151381551404, -0.000960939156357, -0.000371300731786, 0.000196030989173, -3.67000666301e-06, -0.00147010770161, 0.00632575107738, -0.00208403891884, 0.00010298541747, -0.000972208334133, 0.000288375566015], [-0.000289093732135, 0.000884723325726, -0.00042734836461, 0.000857121369336, -0.000844915746711, 0.000515145133249, -0.000741004245356, -0.000570356438402, -0.00208403891884, 0.0071551525034, -0.00176880031358, 0.00200690026395, 0.000169712642673], [0.000431736931205, -0.000530782563146, 8.84844339453e-05, -0.00072496937355, 0.000649805995636, -0.00101605686359, -0.000465643242933, 0.000275554630207, 0.00010298541747, -0.00176880031358, 0.00707279751077, -0.00155910255853, -0.00257516419515], [-0.000337759847753, 0.0014608168276, -0.00173137744423, 0.000826127827168, -0.00112515233923, 0.00147618155461, -0.00178684154525, 0.0008256106521, -0.000972208334133, 0.00200690026395, -0.00155910255853, 0.00916718225926, -0.00137152476236], [0.000250067620073, -0.00136547395959, 0.000583962828387, -0.00159187358804, 0.000727154954802, 0.000534572056495, 0.0011129808845, -0.00185769528616, 0.000288375566015, 0.000169712642673, -0.00257516419515, -0.00137152476236, 0.0106031028554]]
    },
    "melbands": {
        "dmean": [0.00268494291231, 0.00126491999254, 0.000423002638854, 0.000239060871536, 0.00101696350612, 0.000749302387703, 0.000646904285531, 0.000572426186409, 0.000254107493674, 0.000154618304805, 7.33683555154e-05, 3.53981195076e-05, 3.21908628393e-05, 2.60208471445e-05, 2.67645955319e-05, 1.86207180377e-05, 1.56709993462e-05, 1.09823513412e-05, 6.29610667602e-06, 5.47724448552e-06, 4.33669674749e-06, 4.24745849159e-06, 5.37053892913e-06, 2.36389973907e-06, 1.69293923591e-06, 1.86946533631e-06, 3.39865368915e-06, 1.88708031601e-06, 1.77193180662e-06, 1.80475865363e-06, 1.45889794112e-06, 1.46038519233e-06, 1.60344029609e-06, 1.72019224465e-06, 1.72735087745e-06, 1.65026017385e-06, 1.98871998691e-06, 1.66011489e-06, 1.30671787701e-06, 1.09779512059e-06],
        "dmean2": [0.00417058030143, 0.00188694975805, 0.000761526694987, 0.00037975248415, 0.00154677883256, 0.00117594283074, 0.00103322195355, 0.000902748201042, 0.000405673141358, 0.000244766008109, 0.000109868145955, 5.07603945152e-05, 4.96552347613e-05, 4.00243043259e-05, 3.95548522647e-05, 2.60303095274e-05, 2.30218083743e-05, 1.62421820278e-05, 9.6966041383e-06, 7.82224287832e-06, 6.38924666418e-06, 6.50262563795e-06, 8.52779794513e-06, 3.4906406654e-06, 2.27938016906e-06, 2.9687391816e-06, 5.40224982615e-06, 2.78398351838e-06, 2.64153845819e-06, 2.72253646472e-06, 2.07947437048e-06, 2.28040835282e-06, 2.54562223745e-06, 2.82983387478e-06, 2.75649676951e-06, 2.55926283899e-06, 3.11662665808e-06, 2.39257065004e-06, 1.90899390873e-06, 1.64028483596e-06],
        "dvar": [3.29907852574e-05, 2.41121488216e-05, 4.37269545728e-06, 2.01582452064e-07, 2.28607677855e-06, 2.65557582679e-06, 1.50354935613e-06, 2.61285117631e-06, 8.03266004823e-07, 2.82868882095e-07, 4.34411937533e-08, 8.73384031763e-09, 1.44903919974e-08, 7.98203281249e-09, 6.84430379039e-09, 2.02214711642e-09, 1.75711578621e-09, 1.04816888502e-09, 2.61916127675e-10, 2.81563466986e-10, 1.57343790774e-10, 2.12655323906e-10, 8.4630991104e-10, 1.87086304781e-10, 8.49388961943e-11, 9.99806140656e-11, 4.31763041986e-10, 7.48870340739e-11, 6.10296604919e-11, 5.96310084644e-11, 3.49022373503e-11, 3.45695173876e-11, 2.9392432932e-11, 3.96264132618e-11, 2.98893201855e-11, 2.00343457102e-11, 2.94205354523e-11, 1.56378746757e-11, 9.35440266914e-12, 6.97332339442e-12],
        "dvar2": [8.25680981507e-05, 5.35671169928e-05, 1.26984141389e-05, 5.16198838341e-07, 5.37735377293e-06, 6.64205344947e-06, 3.64043489753e-06, 6.31736793366e-06, 2.12786221709e-06, 7.02493764493e-07, 8.03644795155e-08, 1.63225770677e-08, 3.59656979754e-08, 1.89618205582e-08, 1.55501869159e-08, 3.95546084775e-09, 3.69668695654e-09, 1.98491689751e-09, 5.98909810634e-10, 5.69143010498e-10, 3.53249429708e-10, 5.11021280847e-10, 2.07061079394e-09, 4.16598505693e-10, 1.61592322856e-10, 2.02450833875e-10, 1.09235653856e-09, 1.6513829193e-10, 1.32669375486e-10, 1.35507619015e-10, 7.66682134445e-11, 8.22199808237e-11, 6.67207192273e-11, 1.00709864059e-10, 7.32504959466e-11, 4.54695968377e-11, 7.30189242404e-11, 3.10194751829e-11, 1.73712121077e-11, 1.47213317925e-11],
        "max": [0.0525164492428, 0.0550567097962, 0.0191355776042, 0.00480586010963, 0.0181444417685, 0.0316464230418, 0.0140457823873, 0.0229083951563, 0.0147001035511, 0.0101552065462, 0.00361996027641, 0.0023048829753, 0.00244402559474, 0.00135057209991, 0.00134822283871, 0.000727449427359, 0.000755841087084, 0.000744553573895, 0.000181191586307, 0.000265053618932, 0.000160589625011, 0.000200757538551, 0.000417766044848, 0.000166622892721, 0.000121737524751, 0.000130544562126, 0.000303847074974, 0.000134865782456, 0.000130889020511, 0.000122683370137, 8.82214808371e-05, 8.68933057063e-05, 5.87257636653e-05, 8.62214146764e-05, 6.43931998638e-05, 4.91232749482e-05, 7.23794801161e-05, 5.24525385117e-05, 4.33237182733e-05, 3.2657837437e-05],
        "mean": [0.005132551305, 0.00220434227958, 0.000353868177626, 0.000295405567158, 0.00141907017678, 0.000967662374023, 0.000752765103243, 0.000553535763174, 0.000246767856879, 0.0001644291915, 9.69404864009e-05, 4.62961797894e-05, 3.40480182786e-05, 3.06584115606e-05, 3.13304044539e-05, 2.37704225583e-05, 1.99035166588e-05, 1.37300094138e-05, 7.55409519115e-06, 6.70240069667e-06, 5.33823458682e-06, 4.88893147121e-06, 4.90810953124e-06, 2.3343425255e-06, 1.77048116257e-06, 2.10383427657e-06, 3.01844443129e-06, 2.09023960451e-06, 2.07798279916e-06, 2.04059142561e-06, 1.67893597336e-06, 1.51073936649e-06, 1.49462346144e-06, 1.45533670093e-06, 1.63308209267e-06, 1.83446456958e-06, 2.40522240347e-06, 2.28855515161e-06, 1.92314473679e-06, 1.55873988206e-06],
        "median": [7.32983562557e-06, 0.000106064107968, 8.03506409284e-05, 0.000118111129268, 0.000758386973757, 0.000444694131147, 0.000334934942657, 6.74246985e-05, 1.73985026777e-05, 9.92274635792e-06, 9.99723397399e-06, 7.93611798144e-06, 4.8315910135e-06, 3.81824338547e-06, 4.31670196122e-06, 2.55343752542e-06, 2.28563885685e-06, 1.6442809283e-06, 8.58365524437e-07, 6.66836967866e-07, 8.63300158471e-07, 6.80128891872e-07, 3.38391373589e-07, 1.03195745282e-07, 7.27893052499e-08, 1.78705306553e-07, 2.76180202263e-07, 2.78810261989e-07, 3.72279146177e-07, 3.72127743731e-07, 2.84027606767e-07, 2.59349206999e-07, 1.72882053562e-07, 1.05753144908e-07, 1.03955350994e-07, 1.10451118474e-07, 2.69024241106e-07, 3.18324907767e-07, 2.60613148839e-07, 1.94185901137e-07],
        "min": [1.07016973061e-09, 6.25596463522e-09, 2.20791438466e-08, 5.9728371582e-08, 5.7090574046e-07, 1.25388999095e-06, 1.09742438781e-06, 6.68468445042e-08, 1.07107949177e-08, 1.45998502177e-08, 5.13757463239e-08, 1.48103689313e-08, 1.45898173542e-08, 1.01638264471e-09, 1.16792193694e-08, 4.72962868869e-09, 2.1173314213e-09, 9.28721322069e-10, 4.2711059689e-10, 3.9768308091e-10, 4.7141246462e-10, 5.09442543706e-10, 1.97249647171e-10, 5.90384546806e-11, 5.72556828338e-11, 1.2420764417e-10, 8.15029849166e-11, 7.92708260144e-11, 1.53420817717e-10, 1.17689941126e-10, 3.75731251667e-11, 2.36613350441e-11, 3.46142108032e-11, 1.11713372927e-11, 1.2563385228e-11, 2.15683157098e-13, 1.1107921874e-11, 2.58297810224e-11, 1.60774206448e-11, 1.34633905587e-12],
