{
"highlevel": {
    "danceability": {
        "all": {
            "danceable": 0.110776118934,
            "not_danceable": 0.889223873615
        },
        "probability": 0.889223873615,
        "value": "not_danceable"
    },
    "gender": {
        "all": {
            "female": 0.055962625891,
            "male": 0.944037377834
        },
        "probability": 0.944037377834,
        "value": "male"
    },
    "genre_dortmund": {
        "all": {
            "alternative": 0.310152351856,
            "blues": 0.011600246653,
            "electronic": 0.00467013148591,
            "folkcountry": 0.0253617055714,
            "funksoulrnb": 0.000729172548745,
            "jazz": 0.00291981128976,
            "pop": 0.0321931317449,
            "raphiphop": 0.000417379516875,
            "rock": 0.611956059933
        },
        "probability": 0.611956059933,
        "value": "rock"
    },
    "genre_electronic": {
        "all": {
            "ambient": 0.325417131186,
            "dnb": 0.231820330024,
            "house": 0.0622109249234,
            "techno": 0.0351352877915,
            "trance": 0.345416307449
        },
        "probability": 0.345416307449,
        "value": "trance"
    },
    "genre_rosamerica": {
        "all": {
            "cla": 0.000835414684843,
            "dan": 0.0139054208994,
            "hip": 0.00057359598577,
            "jaz": 0.000559424166568,
            "pop": 0.00594396796077,
            "rhy": 0.00130048103165,
            "roc": 0.976280808449,
            "spe": 0.000600902014412
        },
        "probability": 0.976280808449,
        "value": "roc"
    },
    "genre_tzanetakis": {
        "all": {
            "blu": 0.0626613423228,
            "cla": 0.0348169617355,
            "cou": 0.104475811124,
            "dis": 0.0784321576357,
            "hip": 0.15692435205,
            "jaz": 0.313974827528,
            "met": 0.0448166541755,
            "pop": 0.0627359300852,
            "reg": 0.0627360641956,
            "roc": 0.0784258767962
        },
        "probability": 0.313974827528,
        "value": "jaz"
    },
    "ismir04_rhythm": {
        "all": {
            "ChaChaCha": 0.245881333947,
            "Jive": 0.175461441278,
            "Quickstep": 0.11810927093,
            "Rumba-American": 0.0324759334326,
            "Rumba-International": 0.0240097716451,
            "Rumba-Misc": 0.0120446300134,
            "Samba": 0.212001129985,
            "Tango": 0.048482876271,
            "VienneseWaltz": 0.0704720392823,
            "Waltz": 0.0610615834594
        },
        "probability": 0.245881333947,
        "value": "ChaChaCha"
    },
    "mood_acoustic": {
        "all": {
            "acoustic": 0.0355902686715,
            "not_acoustic": 0.964409708977
        },
        "probability": 0.964409708977,
        "value": "not_acoustic"
    },
    "mood_aggressive": {
        "all": {
            "aggressive": 0.99207752943,
            "not_aggressive": 0.00792248733342
        },
        "probability": 0.99207752943,
        "value": "aggressive"
    },
    "mood_electronic": {
        "all": {
            "electronic": 0.0524483695626,
            "not_electronic": 0.947551608086
        },
        "probability": 0.947551608086,
        "value": "not_electronic"
    },
    "mood_happy": {
        "all": {
            "happy": 0.567958950996,
            "not_happy": 0.432041049004
        },
        "probability": 0.567958950996,
        "value": "happy"
    },
    "mood_party": {
        "all": {
            "not_party": 0.612626314163,
            "party": 0.387373685837
        },
        "probability": 0.612626314163,
        "value": "not_party"
    },
    "mood_relaxed": {
        "all": {
            "not_relaxed": 0.964871227741,
            "relaxed": 0.0351287648082
        },
        "probability": 0.964871227741,
        "value": "not_relaxed"
    },
    "mood_sad": {
        "all": {
            "not_sad": 0.613280594349,
            "sad": 0.386719405651
        },
        "probability": 0.613280594349,
        "value": "not_sad"
    },
    "moods_mirex": {
        "all": {
            "Cluster1": 0.636124551296,
            "Cluster2": 0.0375176258385,
            "Cluster3": 0.0811896249652,
            "Cluster4": 0.0256961900741,
            "Cluster5": 0.219472035766
        },
        "probability": 0.636124551296,
        "value": "Cluster1"
    },
    "timbre": {
        "all": {
            "bright": 0.921103894711,
            "dark": 0.0788960978389
        },
        "probability": 0.921103894711,
        "value": "bright"
    },
    "tonal_atonal": {
        "all": {
            "atonal": 0.00399119686335,
            "tonal": 0.996008813381
        },
        "probability": 0.996008813381,
        "value": "tonal"
    },
    "voice_instrumental": {
        "all": {
            "instrumental": 0.000101246128906,
            "voice": 0.999898731709
        },
        "probability": 0.999898731709,
        "value": "voice"
    }
},
"lowlevel": {
    "average_loudness": 0.980066895485,
    "barkbands_crest": {
        "dmean": 1.87011790276,
        "dmean2": 2.98397397995,
        "dvar": 2.87783241272,
        "dvar2": 6.93437814713,
        "max": 19.0791816711,
        "mean": 9.4603471756,
        "median": 8.87584781647,
        "min": 3.29216527939,
        "var": 10.4940185547
    },
    "barkbands_flatness_db": {
        "dmean": 0.0136554678902,
        "dmean2": 0.0226010009646,
        "dvar": 0.000150986103108,
        "dvar2": 0.000420173601015,
        "max": 0.183793798089,
        "mean": 0.115042544901,
        "median": 0.112921543419,
        "min": 0.0602722838521,
        "var": 0.000394038594095
    },
    "barkbands_kurtosis": {
        "dmean": 1.10874342918,
        "dmean2": 1.82335722446,
        "dvar": 1.8102953434,
        "dvar2": 4.92283391953,
        "max": 15.7447795868,
        "mean": 0.994077682495,
        "median": 0.69246506691,
        "min": -1.81638634205,
        "var": 3.21620774269
    },
    "barkbands_skewness": {
        "dmean": 0.341062277555,
        "dmean2": 0.551984906197,
        "dvar": 0.109036296606,
        "dvar2": 0.298443287611,
        "max": 3.95456504822,
        "mean": 1.25851237774,
        "median": 1.22875511646,
        "min": -0.263443261385,
        "var": 0.320683985949
    },
    "barkbands_spread": {
        "dmean": 5.39077568054,
        "dmean2": 8.41849136353,
        "dvar": 31.3697185516,
        "dvar2": 68.7159347534,
        "max": 94.1857910156,
        "mean": 32.0078010559,
        "median": 29.8946456909,
        "min": 11.9588823318,
        "var": 133.73664856
    },
    "dissonance": {
        "dmean": 0.0112283993512,
        "dmean2": 0.0193530302495,
        "dvar": 0.000105060149508,
        "dvar2": 0.000283033907181,
        "max": 0.5,
        "mean": 0.479935348034,
        "median": 0.482468873262,
        "min": 0.373779028654,
        "var": 0.000180962117156
    },
    "dynamic_complexity": 1.29597663879,
    "erbbands_crest": {
        "dmean": 1.88142740726,
        "dmean2": 3.0365319252,
        "dvar": 2.90426635742,
        "dvar2": 6.93528985977,
        "max": 20.9348163605,
        "mean": 6.56208324432,
        "median": 5.87697029114,
        "min": 2.50268268585,
        "var": 7.32171344757
    },
    "erbbands_flatness_db": {
        "dmean": 0.00950752012432,
        "dmean2": 0.0144149102271,
        "dvar": 6.66647320031e-05,
        "dvar2": 0.000146887483425,
        "max": 0.20320725441,
        "mean": 0.125349909067,
        "median": 0.124188065529,
        "min": 0.0716065242887,
        "var": 0.000463771662908
    },
    "erbbands_kurtosis": {
        "dmean": 0.403394967318,
        "dmean2": 0.652142286301,
        "dvar": 0.143160119653,
        "dvar2": 0.368177264929,
        "max": 2.09549713135,
        "mean": -0.456550329924,
        "median": -0.563184261322,
        "min": -1.46572840214,
        "var": 0.34721249342
    },
    "erbbands_skewness": {
        "dmean": 0.259394735098,
        "dmean2": 0.404524505138,
        "dvar": 0.043725412339,
        "dvar2": 0.109688900411,
        "max": 1.48453199863,
        "mean": -0.0481618158519,
        "median": -0.0904921889305,
        "min": -1.45464408398,
        "var": 0.236525088549
    },
    "erbbands_spread": {
        "dmean": 6.56053686142,
        "dmean2": 10.3839178085,
        "dvar": 32.1603317261,
        "dvar2": 80.9351501465,
        "max": 95.9530563354,
        "mean": 46.7893447876,
        "median": 45.6405181885,
        "min": 17.7713737488,
        "var": 161.725799561
    },
    "hfc": {
        "dmean": 5.97632074356,
        "dmean2": 8.90566539764,
        "dvar": 64.6843643188,
        "dvar2": 121.550018311,
        "max": 160.06086731,
        "mean": 32.9396095276,
        "median": 29.6329154968,
        "min": 6.1147480011,
        "var": 325.039733887
    },
    "melbands_crest": {
        "dmean": 2.84266781807,
        "dmean2": 4.6173324585,
        "dvar": 7.35695314407,
        "dvar2": 17.9107666016,
        "max": 28.7881259918,
        "mean": 15.4562549591,
        "median": 14.750128746,
        "min": 4.89179039001,
        "var": 30.5022602081
    },
    "melbands_flatness_db": {
        "dmean": 0.0170422494411,
        "dmean2": 0.0276761036366,
        "dvar": 0.000298715080135,
        "dvar2": 0.000823372451123,
        "max": 0.248720437288,
        "mean": 0.151429787278,
        "median": 0.149696022272,
        "min": 0.0747001618147,
        "var": 0.000841613684315
    },
    "melbands_kurtosis": {
        "dmean": 3.77708864212,
        "dmean2": 6.20698642731,
        "dvar": 24.7924194336,
        "dvar2": 68.2088317871,
        "max": 78.5110244751,
        "mean": 9.30818271637,
        "median": 7.33937644958,
        "min": -0.239112138748,
        "var": 55.8204956055
    },
    "melbands_skewness": {
        "dmean": 0.514568626881,
        "dmean2": 0.832039654255,
        "dvar": 0.275085240602,
        "dvar2": 0.746000349522,
        "max": 7.96020793915,
        "mean": 2.64311647415,
        "median": 2.51102423668,
        "min": 0.536845326424,
        "var": 1.05995357037
    },
    "melbands_spread": {
        "dmean": 6.4179353714,
        "dmean2": 10.2698516846,
        "dvar": 45.4001808167,
        "dvar2": 118.058311462,
        "max": 105.58769989,
        "mean": 28.4775390625,
        "median": 26.6498794556,
        "min": 5.96031665802,
        "var": 140.705581665
    },
    "pitch_salience": {
        "dmean": 0.0643180608749,
        "dmean2": 0.105436578393,
        "dvar": 0.00347801856697,
        "dvar2": 0.00836178753525,
        "max": 0.802844047546,
        "mean": 0.532075941563,
        "median": 0.529576003551,
        "min": 0.264879494905,
        "var": 0.00807819981128
    },
    "silence_rate_20dB": {
        "dmean": 0,
        "dmean2": 0,
        "dvar": 0,
        "dvar2": 0,
        "max": 1,
        "mean": 1,
        "median": 1,
        "min": 1,
        "var": 0
    },
    "silence_rate_30dB": {
        "dmean": 0,
        "dmean2": 0,
        "dvar": 0,
        "dvar2": 0,
        "max": 1,
        "mean": 1,
        "median": 1,
        "min": 1,
        "var": 0
    },
    "silence_rate_60dB": {
        "dmean": 0,
        "dmean2": 0,
        "dvar": 0,
        "dvar2": 0,
        "max": 0,
        "mean": 0,
        "median": 0,
        "min": 0,
        "var": 0
    },
    "spectral_centroid": {
        "dmean": 238.328048706,
        "dmean2": 384.050750732,
        "dvar": 45941.7265625,
        "dvar2": 112469.132812,
        "max": 3375.43676758,
        "mean": 1744.43835449,
        "median": 1690.8026123,
        "min": 834.659362793,
        "var": 157427.703125
    },
    "spectral_complexity": {
        "dmean": 4.23529434204,
        "dmean2": 6.84740495682,
        "dvar": 12.7433729172,
        "dvar2": 29.5669078827,
        "max": 51,
        "mean": 32.9621047974,
        "median": 33,
        "min": 9,
        "var": 38.4479751587
    },
    "spectral_decrease": {
        "dmean": 2.30616903352e-09,
        "dmean2": 3.96958910187e-09,
        "dvar": 8.92794398538e-18,
        "dvar2": 2.57950384499e-17,
        "max": -2.59019361515e-09,
        "mean": -8.74070593682e-09,
        "median": -8.1248057171e-09,
        "min": -2.4785700603e-08,
        "var": 9.023821663e-18
    },
    "spectral_energy": {
        "dmean": 0.00904090516269,
        "dmean2": 0.0154951084405,
        "dvar": 0.000133033201564,
        "dvar2": 0.000383769540349,
        "max": 0.0977055951953,
        "mean": 0.0359772443771,
        "median": 0.0336228758097,
        "min": 0.0114796208218,
        "var": 0.000142477103509
    },
    "spectral_energyband_high": {
        "dmean": 0.000430891523138,
        "dmean2": 0.000605429930147,
        "dvar": 8.45054785259e-07,
        "dvar2": 1.29483817091e-06,
        "max": 0.0204173196107,
        "mean": 0.00179852428846,
        "median": 0.00135428179055,
        "min": 0.000155343470396,
        "var": 4.40190160589e-06
    },
    "spectral_energyband_low": {
        "dmean": 0.00565735064447,
        "dmean2": 0.0100357551128,
        "dvar": 8.49951102282e-05,
        "dvar2": 0.000254796847003,
        "max": 0.0798461958766,
        "mean": 0.0143688861281,
        "median": 0.0129452953115,
        "min": 0.000485926284455,
        "var": 6.58851786284e-05
    },
    "spectral_energyband_middle_high": {
        "dmean": 0.00190207920969,
        "dmean2": 0.00291422847658,
        "dvar": 4.19218486059e-06,
        "dvar2": 1.01046425698e-05,
        "max": 0.0320257842541,
        "mean": 0.00765202241018,
        "median": 0.00649800151587,
        "min": 0.00125489989296,
        "var": 1.94903695956e-05
    },
    "spectral_energyband_middle_low": {
        "dmean": 0.0056313155219,
        "dmean2": 0.00906493328512,
        "dvar": 4.28651073889e-05,
        "dvar2": 0.000104524209746,
        "max": 0.0655553340912,
        "mean": 0.0133011294529,
        "median": 0.0110112456605,
        "min": 0.00155385036487,
        "var": 7.65268341638e-05
    },
    "spectral_entropy": {
        "dmean": 0.074453368783,
        "dmean2": 0.115366443992,
        "dvar": 0.00440553156659,
        "dvar2": 0.00920468010008,
        "max": 8.60619544983,
        "mean": 7.92223834991,
        "median": 7.92212629318,
        "min": 7.40285778046,
        "var": 0.0284665394574
    },
    "spectral_flux": {
        "dmean": 0.0212922208011,
        "dmean2": 0.0326487012208,
        "dvar": 0.000591017596889,
        "dvar2": 0.00110118975863,
        "max": 0.255049943924,
        "mean": 0.0932962521911,
        "median": 0.0840012058616,
        "min": 0.0403665043414,
        "var": 0.00118557189126
    },
    "spectral_kurtosis": {
        "dmean": 0.666010499001,
        "dmean2": 1.12960922718,
        "dvar": 0.39750033617,
        "dvar2": 1.16083288193,
        "max": 8.54549217224,
        "mean": 2.63307332993,
        "median": 2.56270694733,
        "min": -0.398036718369,
        "var": 0.956927776337
    },
    "spectral_rms": {
        "dmean": 0.000708496081643,
        "dmean2": 0.00120053789578,
        "dvar": 6.67914321184e-07,
        "dvar2": 1.94005951926e-06,
        "max": 0.00976332556456,
        "mean": 0.0058536469005,
        "median": 0.00572737352923,
        "min": 0.0033465847373,
        "var": 8.34456216126e-07
    },
    "spectral_rolloff": {
        "dmean": 542.196777344,
        "dmean2": 895.638183594,
        "dvar": 453974.03125,
        "dvar2": 1036522.6875,
        "max": 9259.27734375,
        "mean": 1793.76452637,
        "median": 1550.390625,
        "min": 150.732421875,
        "var": 1462656.25
    },
    "spectral_skewness": {
        "dmean": 0.113590463996,
        "dmean2": 0.191106513143,
        "dvar": 0.0105193573982,
        "dvar2": 0.025425542146,
        "max": 2.66797304153,
        "mean": 1.17770969868,
        "median": 1.18229353428,
        "min": 0.456497579813,
        "var": 0.0339636355639
    },
    "spectral_spread": {
        "dmean": 301851.5,
        "dmean2": 442235.9375,
        "dvar": 144089645056,
        "dvar2": 202130128896,
        "max": 13110746,
        "mean": 4708458.5,
        "median": 4524314,
        "min": 2878491.5,
        "var": 819978108928
    },
    "spectral_strongpeak": {
        "dmean": 0.381469547749,
        "dmean2": 0.672042965889,
        "dvar": 0.510796487331,
        "dvar2": 1.23896813393,
        "max": 5.57381772995,
        "mean": 0.743620276451,
        "median": 0.535140931606,
        "min": 0.0703753456473,
        "var": 0.608125269413
    },
    "zerocrossingrate": {
        "dmean": 0.00856457371265,
        "dmean2": 0.0103980079293,
        "dvar": 7.12559631211e-05,
        "dvar2": 8.16888423287e-05,
        "max": 0.23681640625,
        "mean": 0.0708559155464,
        "median": 0.06689453125,
        "min": 0.01904296875,
        "var": 0.00067885936005
    },
    "barkbands": {
        "dmean": [3.49808797182e-05, 0.00174757442437, 0.00372674595565, 0.00169784808531, 0.00193536351435, 0.00130899867509, 0.00176377582829, 0.000589963048697, 0.00139079079963, 0.000401864701416, 0.000685047009028, 0.000456958048744, 0.000522497866768, 0.000294902070891, 0.000320581748383, 0.000275008671451, 0.000422431679908, 0.000222974791541, 0.000255603197729, 0.00018935627304, 0.000146986451, 0.000136415372253, 0.000120167729619, 9.36020660447e-05, 5.25181640114e-05, 2.19208177441e-05, 1.71187497511e-09],
        "dmean2": [5.80067062401e-05, 0.00311234453693, 0.00646037654951, 0.00299701048061, 0.00326786842197, 0.00222857133485, 0.00286542181857, 0.000945392355788, 0.00211025169119, 0.00063375098398, 0.00104152911808, 0.000732216110919, 0.000815732986666, 0.000482314557303, 0.000539426633622, 0.000445971789304, 0.000703479105141, 0.000368363747839, 0.000428381667007, 0.000314883363899, 0.000238580541918, 0.000215249645407, 0.000182823321666, 0.0001354276028, 7.35271241865e-05, 3.00524534396e-05, 2.88776447199e-09],
        "dvar": [6.24530605009e-09, 8.98389589565e-06, 3.44546861015e-05, 7.29855219106e-06, 7.63088883105e-06, 3.22041660183e-06, 7.26664165995e-06, 7.32908574719e-07, 6.56444217384e-06, 6.75321700783e-07, 1.36730648137e-06, 5.81381243592e-07, 8.87733790478e-07, 2.79352036614e-07, 2.05122290708e-07, 1.4987753616e-07, 1.74031541178e-07, 4.22742978401e-08, 1.43522242979e-07, 5.50507515129e-08, 3.66987435996e-08, 4.77308468305e-08, 1.39348216521e-07, 8.98194016941e-08, 2.15540225668e-08, 2.81613043995e-09, 1.30656870287e-16],
        "dvar2": [1.60643640612e-08, 2.62152825599e-05, 0.000101694677141, 2.07081884582e-05, 1.92622646864e-05, 8.96581786947e-06, 1.88038102351e-05, 1.68074382145e-06, 1.4458683836e-05, 1.51439110141e-06, 3.34920400746e-06, 1.50681228206e-06, 1.944459882e-06, 7.47493970721e-07, 5.90452145843e-07, 3.47060506556e-07, 4.39625779336e-07, 1.11817492154e-07, 3.75326919766e-07, 1.47787673654e-07, 8.89587212782e-08, 1.05799287553e-07, 2.99628936773e-07, 1.74321613144e-07, 3.66274193198e-08, 4.09836165005e-09, 1.45683009778e-16],
        "max": [0.00107192015275, 0.0366085916758, 0.0524992309511, 0.0272613093257, 0.0217307843268, 0.0183241087943, 0.0345909036696, 0.0113468542695, 0.02907191962, 0.0153299830854, 0.0176297053695, 0.00947801396251, 0.0162974111736, 0.00965217407793, 0.00602335203439, 0.00748238014057, 0.00484326155856, 0.00241430476308, 0.00765599869192, 0.00308684678748, 0.00325607019477, 0.00577228842303, 0.00851917266846, 0.00830697081983, 0.00375555059873, 0.00138487992808, 3.98519432565e-07],
        "mean": [3.12298325298e-05, 0.00381348584779, 0.00945745781064, 0.00206588231958, 0.00258139171638, 0.00196082214825, 0.00309012387879, 0.00098467420321, 0.00248346943408, 0.000733422697522, 0.00114145805128, 0.000781701237429, 0.000893125659786, 0.000533731945325, 0.000605103559792, 0.000569402996916, 0.000933650298975, 0.000536513805855, 0.000695163034834, 0.000495151733048, 0.000427036633482, 0.00038597889943, 0.000319112237776, 0.000260245345999, 0.000148030288983, 4.98488661833e-05, 1.41230427353e-09],
        "median": [8.47184401209e-06, 0.00226674973965, 0.00922434497625, 0.00133580539841, 0.00151569768786, 0.00132754829247, 0.00194311293308, 0.000581536616664, 0.000822126632556, 0.000337788311299, 0.00040700903628, 0.000347714347299, 0.000532809062861, 0.0002775209432, 0.000393064052332, 0.000418237556005, 0.000778328219894, 0.000479259295389, 0.000507263524923, 0.000413414527429, 0.000318102713209, 0.000291135365842, 0.000190997074242, 0.000138459145091, 7.40270479582e-05, 1.89620423043e-05, 4.47984455088e-10],
        "min": [1.2564584928e-08, 3.13675736834e-05, 0.000108018532046, 1.4343834664e-05, 8.36845938466e-05, 4.66664532723e-05, 3.94673334085e-05, 3.75365634682e-05, 3.97303338104e-05, 1.75305431185e-05, 1.31492415676e-05, 2.09421014006e-05, 3.81077952625e-05, 2.71653661912e-05, 4.82807590743e-05, 7.15340429451e-05, 0.000128067287733, 9.85179358395e-05, 0.000127423423692, 7.20498937881e-05, 4.64816548629e-05, 4.0301692934e-05, 1.37581164381e-05, 1.33543298944e-05, 7.0637229328e-06, 2.52917203625e-07, 1.23957710416e-11],
        "var": [5.12697218014e-09, 1.57459471666e-05, 4.52143794973e-05, 6.07265246799e-06, 8.76844842423e-06, 4.14451824327e-06, 1.24077232613e-05, 1.41674820497e-06, 1.40824731716e-05, 1.74768672423e-06, 3.38770928465e-06, 1.12621933113e-06, 1.58451882726e-06, 7.29778321329e-07, 4.71784886713e-07, 3.38105536457e-07, 3.3169294511e-07, 7.5806021016e-08, 5.05320770117e-07, 1.0681328888e-07, 1.33540197567e-07, 1.57454891792e-07, 4.70863341206e-07, 3.14791947176e-07, 8.20211454311e-08, 1.15860974148e-08, 1.28141116259e-16]
    },
    "erbbands": {
        "dmean": [0.0239513516426, 0.531390666962, 3.60668754578, 4.95880174637, 7.5577454567, 5.63158416748, 8.21804618835, 10.1101284027, 18.0649909973, 29.5979557037, 12.7080364227, 27.3930892944, 19.5168228149, 17.7002086639, 22.1146697998, 17.5779895782, 26.0665721893, 12.6413002014, 14.4478960037, 17.1444759369, 15.1493682861, 20.0003967285, 14.7168207169, 9.7521238327, 14.0852432251, 8.89380455017, 5.74726247787, 6.43277454376, 4.94246196747, 4.08453655243, 3.25712013245, 2.44003272057, 1.48206686974, 0.756675243378, 0.37057903409, 0.140223160386, 0.036669138819, 0.00289284647442, 5.38640415471e-05, 1.1710650142e-05],
        "dmean2": [0.0415362156928, 0.947926104069, 6.26215410233, 8.81718063354, 13.0410232544, 9.5328245163, 14.1805887222, 17.0442333221, 30.5899562836, 46.4104309082, 20.1775474548, 42.4984893799, 28.8121757507, 27.5027236938, 33.5678138733, 27.7992954254, 40.8048019409, 20.7157363892, 24.2450523376, 28.4766654968, 24.2768344879, 33.1621665955, 23.9925861359, 16.5351219177, 23.3913917542, 14.6417989731, 9.49460124969, 10.1948451996, 7.88987064362, 6.25934314728, 4.90484857559, 3.5378112793, 2.2164452076, 1.10797786713, 0.553072750568, 0.199891984463, 0.0512764379382, 0.00448584929109, 7.83861760283e-05, 1.89029906323e-05],
        "dvar": [0.00206812052056, 0.768586218357, 30.4755172729, 73.5617446899, 150.654418945, 50.1065979004, 105.213371277, 237.541168213, 788.474243164, 2120.2878418, 582.910400391, 2664.65527344, 1776.19152832, 1335.81689453, 1141.40539551, 777.883300781, 2171.48925781, 459.249420166, 513.890686035, 553.83972168, 584.208129883, 348.359954834, 191.442138672, 81.6995697021, 604.540649414, 116.072189331, 42.9598999023, 77.835609436, 66.4792861938, 72.4393768311, 97.4425888062, 55.655380249, 19.554359436, 3.18881368637, 1.51822781563, 0.143636256456, 0.00634881062433, 3.01481140923e-05, 1.12022497945e-08, 2.16278384091e-10],
        "dvar2": [0.00589249189943, 2.27823615074, 89.9584350586, 216.092834473, 384.864074707, 135.028167725, 298.501739502, 636.11505127, 1983.4395752, 5222.85791016, 1173.14648438, 6237.40722656, 3655.40234375, 3300.36132812, 2718.58203125, 2001.17736816, 4742.74267578, 1243.71179199, 1388.80212402, 1496.12182617, 1353.78308105, 876.650268555, 485.800201416, 222.019439697, 1648.00439453, 304.607849121, 114.400756836, 188.953201294, 154.57510376, 147.714630127, 199.989257812, 103.40461731, 40.9992179871, 5.73366451263, 3.21155977249, 0.219319581985, 0.00917887315154, 6.54713221593e-05, 1.98851175526e-08, 5.27670018791e-10],
        "max": [0.436037540436, 10.0371828079, 50.702167511, 71.9335327148, 93.6477432251, 89.8486099243, 105.48387146, 197.631851196, 339.78326416, 662.100524902, 557.345336914, 601.101745605, 728.645385742, 607.406616211, 599.423217773, 396.388885498, 775.998779297, 293.140777588, 335.955322266, 280.161376953, 513.051818848, 248.111724854, 188.075622559, 126.528327942, 498.440979004, 175.324279785, 89.3187484741, 168.570526123, 180.579238892, 195.19480896, 223.792861938, 196.799575806, 117.335899353, 43.7541160583, 33.0846366882, 9.78577041626, 1.91796576977, 0.0992938578129, 0.002290654229, 0.000253339647315],
        "mean": [0.0459535419941, 1.22984135151, 9.4135684967, 9.03165340424, 8.43628311157, 8.58106994629, 12.706744194, 15.6946649551, 27.2070884705, 54.7637863159, 24.1211833954, 47.7994194031, 37.8420028687, 33.996307373, 40.7846107483, 33.2053375244, 46.2797164917, 25.5851249695, 30.1650543213, 32.7041664124, 34.654876709, 48.7465248108, 37.303478241, 27.2010707855, 38.0162391663, 23.5915756226, 15.5922784805, 18.3432197571, 13.8848171234, 11.1609506607, 8.90025901794, 6.42473459244, 3.66655683517, 1.93495988846, 0.891313970089, 0.322899907827, 0.0794987082481, 0.0051864781417, 0.000135139765916, 5.27288248122e-05],
        "median": [0.0243437476456, 0.913418054581, 8.09960079193, 7.36519193649, 4.16543388367, 5.50795984268, 8.7655506134, 10.8218984604, 16.5446071625, 26.8408222198, 13.8881750107, 18.4191513062, 13.8626070023, 16.1688365936, 20.4700889587, 18.3389396667, 29.0100002289, 14.8541183472, 16.6961727142, 23.2127761841, 26.7451477051, 41.430557251, 33.3510932922, 23.8653526306, 26.8149986267, 19.4402065277, 12.6398115158, 13.5654859543, 10.4944610596, 7.43097019196, 4.99055433273, 3.45254921913, 1.87715697289, 1.03258502483, 0.39510178566, 0.124369412661, 0.0299993362278, 0.00218948302791, 7.13115732651e-05, 4.71347084385e-05],
        "min": [0.00178648787551, 0.029016437009, 0.263680189848, 0.367024749517, 0.215354904532, 0.322313785553, 0.245247468352, 0.684072256088, 0.510832130909, 0.841609299183, 1.26863920689, 1.08886063099, 1.01921784878, 0.830970942974, 1.11246335506, 1.43762731552, 1.81703042984, 1.79585516453, 2.01607704163, 3.39534425735, 5.00615406036, 8.77135372162, 7.28961849213, 5.1448636055, 7.03479337692, 3.57306742668, 1.48623073101, 2.27263021469, 1.26422083378, 0.881992161274, 0.383830696344, 0.201327994466, 0.213823482394, 0.103129908442, 0.0215151216835, 0.00447430415079, 0.000263623631326, 3.44966392731e-05, 1.48970284499e-05, 1.60849504027e-05],
        "var": [0.00243386114016, 1.12988197803, 40.0085067749, 57.0551643372, 137.099517822, 85.9011230469, 144.570144653, 287.90524292, 1154.21069336, 5250.57421875, 1155.84460449, 4822.44726562, 4655.64453125, 3029.90356445, 2958.83227539, 1637.13244629, 3738.88989258, 1129.1541748, 1628.63549805, 892.068359375, 1226.97131348, 757.815307617, 388.979553223, 207.89831543, 1963.10461426, 228.322753906, 112.024208069, 291.088806152, 191.501464844, 266.829101562, 386.735839844, 191.073745728, 66.0595016479, 11.5229625702, 4.36938047409, 0.549250304699, 0.026304686442, 8.0142475781e-05, 4.18419077164e-08, 5.77140168989e-10]
    },
    "gfcc": {
        "mean": [63.1155319214, 78.9754714966, -123.274673462, 48.6740112305, -64.1666183472, 18.9604167938, -40.8503952026, 15.2874040604, -25.7818508148, 2.9614982605, -18.4734706879, -1.09660744667, -18.1210079193],
        "cov": [[466.568847656, -175.530288696, 43.5449295044, -116.52696991, -124.478485107, 23.4147453308, -9.54980659485, -9.89751148224, -25.761838913, 34.5328598022, -50.7044143677, 11.7909812927, -36.1840515137], [-175.530288696, 374.07321167, -173.257904053, -32.3461494446, 30.6058654785, -64.7338943481, 60.4027442932, -22.5431861877, 11.9890375137, -67.9236373901, 23.648141861, -51.1161956787, 43.8322181702], [43.5449295044, -173.257904053, 227.948699951, 62.155506134, 12.1002206802, 10.6924953461, -75.552482605, 6.43822956085, -9.43257236481, 38.2081451416, -8.43246650696, 49.3889427185, -23.6269397736], [-116.52696991, -32.3461494446, 62.155506134, 153.265136719, 62.9396362305, 1.30239272118, -50.3787002563, -16.8511676788, 19.8708877563, 11.119679451, 32.3890686035, 16.0362949371, 21.2221355438], [-124.478485107, 30.6058654785, 12.1002206802, 62.9396362305, 122.434806824, 3.47210979462, -9.48332881927, 2.75557017326, 2.76911735535, 3.81801199913, 13.7247648239, 9.58086204529, 7.08725643158], [23.4147453308, -64.7338943481, 10.6924953461, 1.30239272118, 3.47210979462, 64.9179534912, 20.5003242493, 9.98902511597, -8.33175945282, 2.53587269783, 5.42557764053, 10.3018980026, -3.24213242531], [-9.54980659485, 60.4027442932, -75.552482605, -50.3787002563, -9.48332881927, 20.5003242493, 90.4206390381, 20.8369636536, -10.9876880646, -19.4640007019, 0.980553507805, -12.989771843, -1.43513846397], [-9.89751148224, -22.5431861877, 6.43822956085, -16.8511676788, 2.75557017326, 9.98902511597, 20.8369636536, 54.2307777405, 18.8224086761, 8.64519405365, -6.60441970825, -4.75321674347, -5.70047521591], [-25.761838913, 11.9890375137, -9.43257236481, 19.8708877563, 2.76911735535, -8.33175945282, -10.9876880646, 18.8224086761, 61.203250885, 23.2934913635, 9.96906852722, -11.955039978, -1.68531346321], [34.5328598022, -67.9236373901, 38.2081451416, 11.119679451, 3.81801199913, 2.53587269783, -19.4640007019, 8.64519405365, 23.2934913635, 56.8835029602, 16.9280834198, 8.59780311584, -17.8107891083], [-50.7044143677, 23.648141861, -8.43246650696, 32.3890686035, 13.7247648239, 5.42557764053, 0.980553507805, -6.60441970825, 9.96906852722, 16.9280834198, 56.0524368286, 20.6714115143, 7.44313335419], [11.7909812927, -51.1161956787, 49.3889427185, 16.0362949371, 9.58086204529, 10.3018980026, -12.989771843, -4.75321674347, -11.955039978, 8.59780311584, 20.6714115143, 63.3059501648, 13.737947464], [-36.1840515137, 43.8322181702, -23.6269397736, 21.2221355438, 7.08725643158, -3.24213242531, -1.43513846397, -5.70047521591, -1.68531346321, -17.8107891083, 7.44313335419, 13.737947464, 54.1149978638]],
        "icov": [[0.00495808850974, 0.00108858465683, 0.000276068487437, 0.00259405956604, 0.00321051245555, -0.00141478271689, 0.000398656993639, 0.00287356204353, 0.000538511085324, -0.00407419120893, 0.00395004544407, -0.00147785537411, -0.000147519953316], [0.00108858465683, 0.0145591041073, -0.00179018836934, 0.0092671206221, -0.00726592820138, 0.0128011181951, -0.00779286865145, 0.00930717866868, -0.00931641180068, 0.0157059524208, -0.0152348298579, 0.0117531232536, -0.00899746641517], [0.000276068487437, -0.00179018836934, 0.0134364571422, -0.00750641943887, 0.0036014104262, -0.00299361348152, 0.00897977035493, -0.00816770084202, 0.00772518105805, -0.00722621707246, 0.00953882094473, -0.0114537533373, 0.00862952042371], [0.00259405956604, 0.0092671206221, -0.00750641943887, 0.0231393966824, -0.00980043597519, 0.00485680485144, -0.0012660601642, 0.0124218314886, -0.0121017498896, 0.0124196847901, -0.0172917284071, 0.0127286287025, -0.0124163264409], [0.00321051245555, -0.00726592820138, 0.0036014104262, -0.00980043597519, 0.0178185459226, -0.00771357631311, 0.00465338397771, -0.0066880476661, 0.00865565240383, -0.0131088560447, 0.0129144713283, -0.01005913876, 0.00680336216465], [-0.00141478271689, 0.0128011181951, -0.00299361348152, 0.00485680485144, -0.00771357631311, 0.0313653498888, -0.0136794429272, 0.00456742802635, -0.00572440214455, 0.0145243294537, -0.0160717442632, 0.00901652034372, -0.00699499854818], [0.000398656993639, -0.00779286865145, 0.00897977035493, -0.0012660601642, 0.00465338397771, -0.0136794429272, 0.0300238709897, -0.0164373572916, 0.0117818107828, -0.00453607970849, 0.0041563520208, -0.00701036723331, 0.0087134949863], [0.00287356204353, 0.00930717866868, -0.00816770084202, 0.0124218314886, -0.0066880476661, 0.00456742802635, -0.0164373572916, 0.0387574359775, -0.0201755873859, 0.00631626415998, -0.00395001610741, 0.00868855975568, -0.00947030819952], [0.000538511085324, -0.00931641180068, 0.00772518105805, -0.0121017498896, 0.00865565240383, -0.00572440214455, 0.0117818107828, -0.0201755873859, 0.0371685661376, -0.0229898542166, 0.00955406483263, -0.00436647096649, 0.00612091412768], [-0.00407419120893, 0.0157059524208, -0.00722621707246, 0.0124196847901, -0.0131088560447, 0.0145243294537, -0.00453607970849, 0.00631626415998, -0.0229898542166, 0.055659763515, -0.0338252671063, 0.0146302180365, -0.00179775746074], [0.00395004544407, -0.0152348298579, 0.00953882094473, -0.0172917284071, 0.0129144713283, -0.0160717442632, 0.0041563520208, -0.00395001610741, 0.00955406483263, -0.0338252671063, 0.0547276176512, -0.0289475396276, 0.0119530698285], [-0.00147785537411, 0.0117531232536, -0.0114537533373, 0.0127286287025, -0.01005913876, 0.00901652034372, -0.00701036723331, 0.00868855975568, -0.00436647096649, 0.0146302180365, -0.0289475396276, 0.0414756424725, -0.0197820663452], [-0.000147519953316, -0.00899746641517, 0.00862952042371, -0.0124163264409, 0.00680336216465, -0.00699499854818, 0.0087134949863, -0.00947030819952, 0.00612091412768, -0.00179775746074, 0.0119530698285, -0.0197820663452, 0.0352055430412]]
    },
    "melbands": {
        "dmean": [0.00033504224848, 0.00146833970211, 0.000891291128937, 0.000473886961117, 0.000257598585449, 0.00023371646239, 0.000292404554784, 0.000281378132058, 0.00012147740199, 0.000182472984307, 9.91980996332e-05, 7.03892073943e-05, 9.58133095992e-05, 4.30373147537e-05, 6.82434911141e-05, 3.99928467232e-05, 2.52258341789e-05, 2.52172922046e-05, 2.4743269023e-05, 1.99668938876e-05, 2.01218990696e-05, 2.17386641452e-05, 2.54288352153e-05, 1.0577525245e-05, 8.71297288541e-06, 1.20633148981e-05, 9.6581870821e-06, 5.99051281824e-06, 3.68631162928e-06, 4.30441468779e-06, 4.21768527303e-06, 3.22678283737e-06, 2.829947789e-06, 2.4518610644e-06, 2.15084310184e-06, 1.80271808858e-06, 1.57161639436e-06, 1.23399308904e-06, 8.83067059476e-07, 6.53513097859e-07],
        "dmean2": [0.000590854673646, 0.00257739191875, 0.00157310464419, 0.000807341013569, 0.000445247482276, 0.000394430680899, 0.000492867140565, 0.000440626812633, 0.000194614709471, 0.000278166407952, 0.000147033977555, 0.00010960065265, 0.000145536789205, 6.63318860461e-05, 0.00010919613851, 6.38843339402e-05, 4.15589638578e-05, 4.21626464231e-05, 4.1606825107e-05, 3.28631031152e-05, 3.29539616359e-05, 3.62830069207e-05, 4.16134789702e-05, 1.77232450369e-05, 1.49180805238e-05, 2.01536513487e-05, 1.6207464796e-05, 9.88804276858e-06, 6.21915842203e-06, 7.26404414308e-06, 6.87085139361e-06, 5.31076057086e-06, 4.50137758889e-06, 3.81662812288e-06, 3.28472810907e-06, 2.7986961868e-06, 2.37951644522e-06, 1.92052721104e-06, 1.35083394071e-06, 1.00606496289e-06],
        "dvar": [3.67711521676e-07, 5.14126168127e-06, 1.89284537555e-06, 4.76081282841e-07, 9.10087152306e-08, 1.15639274156e-07, 2.10249623933e-07, 1.78625867875e-07, 6.49483240522e-08, 1.15421869396e-07, 4.56202329246e-08, 2.15468336506e-08, 2.53600127564e-08, 5.78663117423e-09, 1.3284880751e-08, 4.06094491368e-09, 2.07332129243e-09, 1.84044579576e-09, 1.3300267554e-09, 7.21135262616e-10, 9.57137036295e-10, 3.83143877736e-10, 9.08260966437e-10, 1.02265182433e-10, 6.61371443722e-11, 2.97680297079e-10, 1.9625420733e-10, 4.8892587895e-11, 1.6659451596e-11, 3.35533580087e-11, 3.38804991007e-11, 2.7511697781e-11, 2.52277487095e-11, 3.6451629909e-11, 3.94194746289e-11, 3.12218792486e-11, 2.43244348275e-11, 1.24134313939e-11, 4.89151080751e-12, 2.03195815209e-12],
        "dvar2": [1.07335142729e-06, 1.53508663061e-05, 5.41520921615e-06, 1.22725532492e-06, 2.52462911021e-07, 3.12498826815e-07, 5.39341044714e-07, 4.37802640363e-07, 1.27311722053e-07, 2.62179156607e-07, 9.30061005988e-08, 5.19761265139e-08, 6.01701373171e-08, 1.41660230213e-08, 3.30567964113e-08, 9.04980268501e-09, 5.44026734772e-09, 4.79296380362e-09, 3.89583343363e-09, 1.8883550279e-09, 2.23853957593e-09, 1.03252972838e-09, 2.13184869757e-09, 2.78687017907e-10, 1.80538181627e-10, 8.17549195009e-10, 5.2691534469e-10, 1.28369273544e-10, 4.58356651245e-11, 8.36634928003e-11, 8.35547742106e-11, 6.8510135065e-11, 6.10440656357e-11, 8.01986255183e-11, 8.53028689352e-11, 6.35266422799e-11, 4.87878279443e-11, 2.73123711148e-11, 9.87298610922e-12, 3.96220252788e-12],
        "max": [0.00732057262212, 0.0210527721792, 0.0117423171178, 0.00540528260171, 0.0032907363493, 0.00414509838447, 0.00600946089253, 0.00596986617893, 0.00616880971938, 0.00422078045085, 0.00359143735841, 0.00235078344122, 0.00276069180109, 0.00123604375403, 0.00161475338973, 0.000931723974645, 0.000684275815729, 0.000630740367342, 0.000538017251529, 0.000384215352824, 0.000626837427262, 0.000241307017859, 0.000418895739131, 9.2639005743e-05, 0.000104392187495, 0.00034166072146, 0.000213873558096, 0.000113121808681, 4.48449027317e-05, 8.18287153379e-05, 0.000106263141788, 9.67674568528e-05, 0.000145534490002, 0.000137705836096, 0.000138631221489, 0.000114563568786, 0.000135577080073, 8.77617567312e-05, 6.18185658823e-05, 2.8630174711e-05],
        "mean": [0.000724937010091, 0.00383724132553, 0.00165111757815, 0.000603871769272, 0.000436509930296, 0.000363244005712, 0.000462020805571, 0.000515074818395, 0.000212866885704, 0.000318350008456, 0.000186157485587, 0.000131301494548, 0.000165603923961, 7.54451466491e-05, 0.000117783078167, 7.11337270332e-05, 4.62366188003e-05, 4.83015319332e-05, 4.55029294244e-05, 3.8187183236e-05, 4.10824250139e-05, 4.87907127535e-05, 5.01943322888e-05, 2.38213960984e-05, 2.05787837331e-05, 2.9410881325e-05, 2.27804503083e-05, 1.39372159538e-05, 8.98520011106e-06, 1.02592202893e-05, 1.09419524961e-05, 8.17207364889e-06, 6.64961953589e-06, 5.97905955146e-06, 5.34135187991e-06, 4.29231613452e-06, 3.795577868e-06, 2.6453992632e-06, 2.05279889087e-06, 1.47164303144e-06],
        "median": [0.000366083957488, 0.00342989433557, 0.00136305042543, 0.000349504320184, 0.000327192188706, 0.000254693470197, 0.000300701387459, 0.000257243897067, 8.93915494089e-05, 0.000113981528557, 6.3637016865e-05, 5.83487635595e-05, 6.95598137099e-05, 3.60378617188e-05, 6.69110595481e-05, 4.5432796469e-05, 2.4220045816e-05, 2.35098395933e-05, 3.04409422824e-05, 2.77054750768e-05, 3.07983609673e-05, 4.19838324888e-05, 3.89454471588e-05, 2.12497634493e-05, 1.75337572728e-05, 2.14199117181e-05, 1.62660635397e-05, 1.15972234198e-05, 7.52270989324e-06, 7.38809103495e-06, 7.76102842792e-06, 6.28664656688e-06, 4.51832102044e-06, 3.72296744899e-06, 3.01880982079e-06, 2.25758776651e-06, 1.99605551643e-06, 1.31500837597e-06, 1.09311281449e-06, 7.62376146213e-07],
        "min": [9.65138406173e-06, 8.73697426869e-05, 6.87238862156e-05, 2.71125372819e-05, 1.23957124742e-05, 1.47323671627e-05, 1.14929771371e-05, 5.4559441196e-06, 6.3671177486e-06, 5.88319835515e-06, 2.36828282141e-06, 2.01101897801e-06, 2.67905556939e-06, 2.02098362934e-06, 2.51055507761e-06, 3.41212603416e-06, 2.98222357742e-06, 2.38135339714e-06, 4.2599704102e-06, 4.26784436058e-06, 4.29501506005e-06, 8.02758495411e-06, 8.54723202792e-06, 3.25712653648e-06, 3.3656604046e-06, 4.56942598248e-06, 2.67084692496e-06, 1.82784958724e-06, 9.10845699309e-07, 8.66818709255e-07, 1.08853964775e-06, 6.64535207306e-07, 6.16122804331e-07, 2.88723242647e-07, 2.30590956107e-07, 1.07801504612e-07, 8.66970211177e-08, 1.39209916483e-07, 7.84212517146e-08, 3.632515444e-08],
