{
"highlevel": {
    "danceability": {
        "all": {
            "danceable": 0.959372699261,
            "not_danceable": 0.040627270937
        },
        "probability": 0.959372699261,
        "value": "danceable"
    },
    "gender": {
        "all": {
            "female": 0.972834408283,
            "male": 0.0271655861288
        },
        "probability": 0.972834408283,
        "value": "female"
    },
    "genre_dortmund": {
        "all": {
            "alternative": 0.0379939451814,
            "blues": 0.0716031715274,
            "electronic": 0.145079940557,
            "folkcountry": 0.0384460799396,
            "funksoulrnb": 0.0802211612463,
            "jazz": 0.150789812207,
            "pop": 0.114760898054,
            "raphiphop": 0.0915955007076,
            "rock": 0.269509494305
        },
        "probability": 0.269509494305,
        "value": "rock"
    },
    "genre_electronic": {
        "all": {
            "ambient": 0.33200058341,
            "dnb": 0.442951470613,
            "house": 0.0680528208613,
            "techno": 0.00737169804052,
            "trance": 0.149623438716
        },
        "probability": 0.442951470613,
        "value": "dnb"
    },
    "genre_rosamerica": {
        "all": {
            "cla": 0.00870667491108,
            "dan": 0.0198542289436,
            "hip": 0.0594295375049,
            "jaz": 0.00502988649532,
            "pop": 0.792717397213,
            "rhy": 0.0471953451633,
            "roc": 0.0652766823769,
            "spe": 0.00179024145473
        },
        "probability": 0.792717397213,
        "value": "pop"
    },
    "genre_tzanetakis": {
        "all": {
            "blu": 0.0534286126494,
            "cla": 0.0296793803573,
            "cou": 0.0534212701023,
            "dis": 0.0445159301162,
            "hip": 0.133544236422,
            "jaz": 0.267067581415,
            "met": 0.0534032955766,
            "pop": 0.0534038804471,
            "reg": 0.0445042736828,
            "roc": 0.267031520605
        },
        "probability": 0.267067581415,
        "value": "jaz"
    },
    "ismir04_rhythm": {
        "all": {
            "ChaChaCha": 0.10106831044,
            "Jive": 0.63751244545,
            "Quickstep": 0.0519069433212,
            "Rumba-American": 0.00430041085929,
            "Rumba-International": 0.00573071837425,
            "Rumba-Misc": 0.00594633957371,
            "Samba": 0.149622961879,
            "Tango": 0.00259482162073,
            "VienneseWaltz": 0.0388302877545,
            "Waltz": 0.00248675211333
        },
        "probability": 0.63751244545,
        "value": "Jive"
    },
    "mood_acoustic": {
        "all": {
            "acoustic": 0.0239193588495,
            "not_acoustic": 0.976080656052
        },
        "probability": 0.976080656052,
        "value": "not_acoustic"
    },
    "mood_aggressive": {
        "all": {
            "aggressive": 0.407234489918,
            "not_aggressive": 0.592765510082
        },
        "probability": 0.592765510082,
        "value": "not_aggressive"
    },
    "mood_electronic": {
        "all": {
            "electronic": 0.590335905552,
            "not_electronic": 0.409664094448
        },
        "probability": 0.590335905552,
        "value": "electronic"
    },
    "mood_happy": {
        "all": {
            "happy": 0.533478617668,
            "not_happy": 0.466521382332
        },
        "probability": 0.533478617668,
        "value": "happy"
    },
    "mood_party": {
        "all": {
            "not_party": 0.409453511238,
            "party": 0.590546488762
        },
        "probability": 0.590546488762,
        "value": "party"
    },
    "mood_relaxed": {
        "all": {
            "not_relaxed": 0.820280969143,
            "relaxed": 0.179719015956
        },
        "probability": 0.820280969143,
        "value": "not_relaxed"
    },
    "mood_sad": {
        "all": {
            "not_sad": 0.869951546192,
            "sad": 0.130048468709
        },
        "probability": 0.869951546192,
        "value": "not_sad"
    },
    "moods_mirex": {
        "all": {
            "Cluster1": 0.25467517972,
            "Cluster2": 0.247957929969,
            "Cluster3": 0.0610322244465,
            "Cluster4": 0.159739032388,
            "Cluster5": 0.276595622301
        },
        "probability": 0.276595622301,
        "value": "Cluster5"
    },
    "timbre": {
        "all": {
            "bright": 0.289040148258,
            "dark": 0.710959851742
        },
        "probability": 0.710959851742,
        "value": "dark"
    },
    "tonal_atonal": {
        "all": {
            "atonal": 0.0074636968784,
            "tonal": 0.992536306381
        },
        "probability": 0.992536306381,
        "value": "tonal"
    },
    "voice_instrumental": {
        "all": {
            "instrumental": 0.0476762652397,
            "voice": 0.95232373476
        },
        "probability": 0.95232373476,
        "value": "voice"
    }
},
"lowlevel": {
    "average_loudness": 0.695980191231,
    "barkbands_crest": {
        "dmean": 3.14164566994,
        "dmean2": 5.19491195679,
        "dvar": 7.8486495018,
        "dvar2": 20.7778663635,
        "max": 23.3938503265,
        "mean": 9.59044551849,
        "median": 8.3194360733,
        "min": 2.04477119446,
        "var": 20.9567871094
    },
    "barkbands_flatness_db": {
        "dmean": 0.0228309351951,
        "dmean2": 0.0365268364549,
        "dvar": 0.000441560900072,
        "dvar2": 0.00111975811888,
        "max": 0.225398853421,
        "mean": 0.115602687001,
        "median": 0.1103984043,
        "min": 0.0439940914512,
        "var": 0.00113787152804
    },
    "barkbands_kurtosis": {
        "dmean": 1.723919034,
        "dmean2": 2.8708255291,
        "dvar": 6.90936279297,
        "dvar2": 18.2543563843,
        "max": 23.1408004761,
        "mean": 1.41422975063,
        "median": 0.254536867142,
        "min": -1.90292644501,
        "var": 11.5132675171
    },
    "barkbands_skewness": {
        "dmean": 0.487735301256,
        "dmean2": 0.801562666893,
        "dvar": 0.261545956135,
        "dvar2": 0.677816569805,
        "max": 4.66743516922,
        "mean": 0.994775533676,
        "median": 0.82352411747,
        "min": -1.6456130743,
        "var": 0.762655496597
    },
    "barkbands_spread": {
        "dmean": 7.80457401276,
        "dmean2": 12.5448589325,
        "dvar": 76.7154388428,
        "dvar2": 179.788345337,
        "max": 107.397125244,
        "mean": 30.4785118103,
        "median": 28.9897823334,
        "min": 5.07085466385,
        "var": 210.924407959
    },
    "dissonance": {
        "dmean": 0.0165912192315,
        "dmean2": 0.0280650854111,
        "dvar": 0.000259523600107,
        "dvar2": 0.000681674282532,
        "max": 0.499937385321,
        "mean": 0.472870051861,
        "median": 0.480618447065,
        "min": 0.311987400055,
        "var": 0.000664661522023
    },
    "dynamic_complexity": 2.55581092834,
    "erbbands_crest": {
        "dmean": 2.47202920914,
        "dmean2": 3.99874997139,
        "dvar": 5.86272668839,
        "dvar2": 13.9384393692,
        "max": 27.136844635,
        "mean": 8.46840286255,
        "median": 7.2210021019,
        "min": 2.46378970146,
        "var": 19.9725456238
    },
    "erbbands_flatness_db": {
        "dmean": 0.0168054122478,
        "dmean2": 0.0253041926771,
        "dvar": 0.000237333821133,
        "dvar2": 0.000492660619784,
        "max": 0.270636439323,
        "mean": 0.144866541028,
        "median": 0.137988775969,
        "min": 0.0604954697192,
        "var": 0.001418459462
    },
    "erbbands_kurtosis": {
        "dmean": 0.707302451134,
        "dmean2": 1.12671291828,
        "dvar": 0.962941646576,
        "dvar2": 2.2335050106,
        "max": 13.8187408447,
        "mean": 0.173664852977,
        "median": -0.280462503433,
        "min": -1.73619055748,
        "var": 2.48468399048
    },
    "erbbands_skewness": {
        "dmean": 0.323725968599,
        "dmean2": 0.512948453426,
        "dvar": 0.088398270309,
        "dvar2": 0.205067068338,
        "max": 3.3471634388,
        "mean": 0.364743441343,
        "median": 0.320834755898,
        "min": -1.54303944111,
        "var": 0.37954133749
    },
    "erbbands_spread": {
        "dmean": 7.56461048126,
        "dmean2": 11.641699791,
        "dvar": 53.1256599426,
        "dvar2": 116.466896057,
        "max": 112.278312683,
        "mean": 37.3700370789,
        "median": 34.7511634827,
        "min": 6.45108890533,
        "var": 253.86567688
    },
    "hfc": {
        "dmean": 10.4022579193,
        "dmean2": 16.014667511,
        "dvar": 280.281219482,
        "dvar2": 671.103271484,
        "max": 246.502944946,
        "mean": 26.3395957947,
        "median": 18.6893768311,
        "min": 1.85641050339,
        "var": 643.580993652
    },
    "melbands_crest": {
        "dmean": 4.56124591827,
        "dmean2": 7.59731340408,
        "dvar": 16.4409656525,
        "dvar2": 45.2029953003,
        "max": 33.2926635742,
        "mean": 14.2592611313,
        "median": 12.7968578339,
        "min": 3.72991800308,
        "var": 41.6647262573
    },
    "melbands_flatness_db": {
        "dmean": 0.0320769660175,
        "dmean2": 0.050957672298,
        "dvar": 0.000836126506329,
        "dvar2": 0.00214851647615,
        "max": 0.290274828672,
        "mean": 0.151551380754,
        "median": 0.147091910243,
        "min": 0.0381482243538,
        "var": 0.00216854433529
    },
    "melbands_kurtosis": {
        "dmean": 4.821205616,
        "dmean2": 8.09069824219,
        "dvar": 64.0894393921,
        "dvar2": 169.147079468,
        "max": 93.6197814941,
        "mean": 7.42649650574,
        "median": 3.69794797897,
        "min": -1.51005911827,
        "var": 120.90562439
    },
    "melbands_skewness": {
        "dmean": 0.682202219963,
        "dmean2": 1.11425256729,
        "dvar": 0.547454893589,
        "dvar2": 1.45257937908,
        "max": 8.73232269287,
        "mean": 1.97099709511,
        "median": 1.68455171585,
        "min": -0.407581865788,
        "var": 1.97496116161
    },
    "melbands_spread": {
        "dmean": 9.97955322266,
        "dmean2": 16.2618980408,
        "dvar": 123.429847717,
        "dvar2": 296.700622559,
        "max": 163.546203613,
        "mean": 32.8608818054,
        "median": 31.42004776,
        "min": 4.46480369568,
        "var": 277.407745361
    },
    "pitch_salience": {
        "dmean": 0.088940307498,
        "dmean2": 0.147525027394,
        "dvar": 0.00710417237133,
        "dvar2": 0.0183380916715,
        "max": 0.827175378799,
        "mean": 0.558636248112,
        "median": 0.576937496662,
        "min": 0.125828787684,
        "var": 0.0176130235195
    },
    "silence_rate_20dB": {
        "dmean": 0,
        "dmean2": 0,
        "dvar": 0,
        "dvar2": 0,
        "max": 1,
        "mean": 1,
        "median": 1,
        "min": 1,
        "var": 0
    },
    "silence_rate_30dB": {
        "dmean": 0.0108359130099,
        "dmean2": 0.0209140200168,
        "dvar": 0.0107184071094,
        "dvar2": 0.0251237135381,
        "max": 1,
        "mean": 0.979118347168,
        "median": 1,
        "min": 0,
        "var": 0.0204461887479
    },
    "silence_rate_60dB": {
        "dmean": 0,
        "dmean2": 0,
        "dvar": 0,
        "dvar2": 0,
        "max": 0,
        "mean": 0,
        "median": 0,
        "min": 0,
        "var": 0
    },
    "spectral_centroid": {
        "dmean": 284.032928467,
        "dmean2": 444.150665283,
        "dvar": 76349.25,
        "dvar2": 182699.90625,
        "max": 4308.95410156,
        "mean": 1789.13684082,
        "median": 1784.13317871,
        "min": 536.501708984,
        "var": 216140.8125
    },
    "spectral_complexity": {
        "dmean": 5.3715171814,
        "dmean2": 8.03640556335,
        "dvar": 32.1560745239,
        "dvar2": 64.5447311401,
        "max": 59,
        "mean": 22.401391983,
        "median": 20,
        "min": 5,
        "var": 95.9184951782
    },
    "spectral_decrease": {
        "dmean": 2.25594232184e-09,
        "dmean2": 3.43246320256e-09,
        "dvar": 1.13991278674e-17,
        "dvar2": 2.49977091313e-17,
        "max": -6.11125150485e-10,
        "mean": -6.22163653929e-09,
        "median": -4.48434267497e-09,
        "min": -5.52756169725e-08,
        "var": 3.73240369822e-17
    },
    "spectral_energy": {
        "dmean": 0.00910531263798,
        "dmean2": 0.0138562908396,
        "dvar": 0.000175462642801,
        "dvar2": 0.000380568351829,
        "max": 0.230981096625,
        "mean": 0.0258709825575,
        "median": 0.0190216600895,
        "min": 0.00250592059456,
        "var": 0.000598448852543
    },
    "spectral_energyband_high": {
        "dmean": 0.00083792465739,
        "dmean2": 0.00133947411086,
        "dvar": 2.26552924687e-06,
        "dvar2": 5.46798037249e-06,
        "max": 0.0179739650339,
        "mean": 0.00139006972313,
        "median": 0.000673079455737,
        "min": 3.16183468385e-05,
        "var": 4.1264624997e-06
    },
    "spectral_energyband_low": {
        "dmean": 0.00564421666786,
        "dmean2": 0.00918050017208,
        "dvar": 0.000132338565891,
        "dvar2": 0.00031785707688,
        "max": 0.159067496657,
        "mean": 0.00957492738962,
        "median": 0.00376770296134,
        "min": 7.63857751735e-05,
        "var": 0.000293634482659
    },
    "spectral_energyband_middle_high": {
        "dmean": 0.00242479797453,
        "dmean2": 0.00357558694668,
        "dvar": 2.28001972573e-05,
        "dvar2": 4.85079435748e-05,
        "max": 0.10411927104,
        "mean": 0.00731644546613,
        "median": 0.00392348924652,
        "min": 0.000326081702951,
        "var": 7.48202655814e-05
    },
    "spectral_energyband_middle_low": {
        "dmean": 0.00379366660491,
        "dmean2": 0.00585744809359,
        "dvar": 3.50009286194e-05,
        "dvar2": 7.9216202721e-05,
        "max": 0.0851933956146,
        "mean": 0.00813809223473,
        "median": 0.00530507182702,
        "min": 0.00043406401528,
        "var": 7.60515904403e-05
    },
    "spectral_entropy": {
        "dmean": 0.167230010033,
        "dmean2": 0.244272083044,
        "dvar": 0.0271003209054,
        "dvar2": 0.0601442717016,
        "max": 8.81705188751,
        "mean": 7.84142589569,
        "median": 7.86050224304,
        "min": 6.79981327057,
        "var": 0.107269667089
    },
    "spectral_flux": {
        "dmean": 0.0233616884798,
        "dmean2": 0.0359081290662,
        "dvar": 0.000615983619355,
        "dvar2": 0.00130123225972,
        "max": 0.329606175423,
        "mean": 0.0920460745692,
        "median": 0.0822941735387,
        "min": 0.0199564937502,
        "var": 0.00175129552372
    },
    "spectral_kurtosis": {
        "dmean": 1.13431203365,
        "dmean2": 1.85335719585,
        "dvar": 1.09672451019,
        "dvar2": 2.94285011292,
        "max": 11.19962883,
        "mean": 3.0779812336,
        "median": 2.8738951683,
        "min": -1.09340512753,
        "var": 2.98479151726
    },
    "spectral_rms": {
        "dmean": 0.000830921111628,
        "dmean2": 0.00124885234982,
        "dvar": 7.37922277949e-07,
        "dvar2": 1.59700812219e-06,
        "max": 0.0150115760043,
        "mean": 0.00465266779065,
        "median": 0.00430786702782,
        "min": 0.00156358582899,
        "var": 3.59272416972e-06
    },
    "spectral_rolloff": {
        "dmean": 849.561340332,
        "dmean2": 1417.171875,
        "dvar": 1563115.5,
        "dvar2": 3625201.5,
        "max": 13027.5878906,
        "mean": 2037.97814941,
        "median": 1636.5234375,
        "min": 64.599609375,
        "var": 3352549
    },
    "spectral_skewness": {
        "dmean": 0.196841239929,
        "dmean2": 0.309367269278,
        "dvar": 0.0288935359567,
        "dvar2": 0.0709410756826,
        "max": 2.55407619476,
        "mean": 1.33769214153,
        "median": 1.33856892586,
        "min": 0.407442122698,
        "var": 0.100606627762
    },
    "spectral_spread": {
        "dmean": 637530.9375,
        "dmean2": 956057.375,
        "dvar": 598633086976,
        "dvar2": 1.21956165222e+12,
        "max": 15693492,
        "mean": 4900544,
        "median": 4604633.5,
        "min": 2243694,
        "var": 2.69579609702e+12
    },
    "spectral_strongpeak": {
        "dmean": 0.529418408871,
        "dmean2": 0.891772627831,
        "dvar": 0.678433179855,
        "dvar2": 1.70645558834,
        "max": 10.1269617081,
        "mean": 1.08112871647,
        "median": 0.37268742919,
        "min": 0,
        "var": 2.11138033867
    },
    "zerocrossingrate": {
        "dmean": 0.0139950020239,
        "dmean2": 0.017110645771,
        "dvar": 0.000270361575531,
        "dvar2": 0.000310638599331,
        "max": 0.40625,
        "mean": 0.0787182599306,
        "median": 0.0703125,
        "min": 0.01416015625,
        "var": 0.00185626733582
    },
    "barkbands": {
        "dmean": [0.000590598036069, 0.00438855960965, 0.00169188075233, 0.000433210952906, 0.00100300065242, 0.00103226059582, 0.000682946119923, 0.000736760324799, 0.00134122336749, 0.00107513507828, 0.000460733339423, 0.000477599416627, 0.000302021420794, 0.000313821044983, 0.000364320614608, 0.00027664101799, 0.000329096306814, 0.000194883803488, 0.000234649342019, 0.000184950404218, 0.000164876517374, 0.000164386350662, 0.000150057443534, 0.000156042369781, 0.000152434193296, 9.1889356554e-05, 5.59300117331e-09],
        "dmean2": [0.000979647506028, 0.00703724613413, 0.00291510927491, 0.000723157252651, 0.00163168949075, 0.00164304161444, 0.0011456462089, 0.00121778424364, 0.00214212527499, 0.00161580613349, 0.000716625945643, 0.000751752522774, 0.000485783995828, 0.000515484949574, 0.00060748035321, 0.000447460944997, 0.000533386599272, 0.000316019315505, 0.000375712115783, 0.000295719219139, 0.000267700146651, 0.000272604665952, 0.000238374399487, 0.000246874231379, 0.00024660732015, 0.000146817663335, 7.53111706331e-09],
        "dvar": [1.711935397e-06, 8.79793442436e-05, 2.12808772631e-05, 9.95986397356e-07, 1.15692191685e-05, 5.14647308592e-06, 1.48800961597e-06, 2.27711257139e-06, 6.57420241623e-06, 6.67897347739e-06, 1.1250353964e-06, 1.21326092994e-06, 4.73863650541e-07, 1.0180569916e-06, 1.10382291041e-06, 4.27339784892e-07, 4.97264295518e-07, 2.03129729925e-07, 1.45924502704e-07, 6.34272865341e-08, 7.43855466112e-08, 9.6211046241e-08, 7.22085715665e-08, 9.11938613513e-08, 2.02697279406e-07, 9.49108880377e-08, 8.02749471849e-15],
        "dvar2": [3.87798945667e-06, 0.000211554215639, 5.69680341869e-05, 2.53933217209e-06, 2.82232267637e-05, 1.09363363663e-05, 3.69141207557e-06, 5.37887262908e-06, 1.62064261531e-05, 1.18555526569e-05, 2.28343787967e-06, 2.68302460427e-06, 1.10095140826e-06, 2.76330297311e-06, 3.06564402308e-06, 1.0997659956e-06, 1.1811097238e-06, 5.13672659963e-07, 3.80918635301e-07, 1.53988978013e-07, 2.03320055903e-07, 2.46492049882e-07, 1.54060884938e-07, 2.15596173803e-07, 4.40327340812e-07, 2.28471364494e-07, 8.94763507942e-15],
        "max": [0.0275615230203, 0.152940288186, 0.0427071973681, 0.0204481445253, 0.0613861456513, 0.0458317771554, 0.0182305797935, 0.0244397092611, 0.0301771350205, 0.0434058308601, 0.0230898521841, 0.0230665300041, 0.0137566365302, 0.022171324119, 0.0184483993798, 0.0104244248942, 0.0111004263163, 0.0115853156894, 0.00550541421399, 0.00298602599651, 0.00426873192191, 0.00397885451093, 0.00450678169727, 0.00421751383692, 0.0089503750205, 0.00411853473634, 2.95834547615e-06],
        "mean": [0.000832182529848, 0.00694488082081, 0.00158492394257, 0.000531696365215, 0.00138013262767, 0.00141156185418, 0.000908434798475, 0.000950158515479, 0.00225929659791, 0.00220347405411, 0.00108193780761, 0.000865105888806, 0.000544875045307, 0.0004293716338, 0.000582534121349, 0.000452676729765, 0.00055179442279, 0.000305366178509, 0.00045194895938, 0.000373179820599, 0.000255972496234, 0.000196148932446, 0.000215523992665, 0.000240794324782, 0.000209152931347, 0.000107854117232, 5.09809083837e-09],
        "median": [0.000315767276334, 0.00229948526248, 0.000558013038244, 0.000202591851121, 0.000423901248723, 0.000710385036655, 0.000414942100178, 0.000343244319083, 0.00116574310232, 0.000532807258423, 0.000252117461059, 0.000246296054684, 0.000271541706752, 0.000205808391911, 0.000277988496237, 0.000200329683139, 0.00025643981644, 0.000137449504109, 0.000282289489405, 0.000182246047189, 0.000139313517138, 7.06207938492e-05, 7.64562792028e-05, 9.66254374362e-05, 4.65674384031e-05, 1.40365955303e-05, 3.29351435013e-10],
        "min": [5.55200699637e-07, 1.90189748537e-05, 7.86651867202e-07, 1.39892722473e-06, 1.08660351543e-05, 1.91193830688e-05, 7.77638615546e-06, 6.64089520797e-06, 1.45107360368e-05, 5.0213011491e-06, 7.50327581045e-06, 4.87624674861e-06, 1.16970168165e-05, 5.4746897149e-06, 1.12696943688e-05, 5.76957927478e-06, 8.59729425429e-06, 3.2217444641e-06, 1.16976843856e-05, 6.6369675551e-06, 7.40471023164e-06, 1.73457021901e-06, 1.15809416457e-06, 1.21666687392e-06, 1.10886810845e-08, 2.17568931621e-11, 1.93037807961e-11],
        "var": [5.02101966049e-06, 0.000195477769012, 1.69313043443e-05, 9.90074227047e-07, 1.42684166349e-05, 7.28644590708e-06, 2.65875269179e-06, 3.5129785374e-06, 1.32821505758e-05, 2.40952922468e-05, 9.26260054257e-06, 3.74203500542e-06, 9.87798330243e-07, 8.42392864797e-07, 1.07148252937e-06, 7.82833353696e-07, 1.15962677683e-06, 3.17133867611e-07, 2.67012154609e-07, 2.20846715138e-07, 1.22112879808e-07, 1.04258532474e-07, 1.50437912794e-07, 1.91844478081e-07, 3.5215990124e-07, 1.32546702503e-07, 8.01303078388e-15]
    },
    "erbbands": {
        "dmean": [0.179995462298, 0.878791153431, 2.05804586411, 1.42846000195, 1.68374478817, 4.19490909576, 6.1482796669, 9.53123760223, 10.6175308228, 8.8885679245, 19.8708648682, 31.0941162109, 33.3531684875, 28.0548534393, 17.1873683929, 20.158826828, 13.996427536, 13.8121099472, 19.5611286163, 13.4159297943, 16.2998447418, 15.6325340271, 11.2870645523, 10.1485824585, 11.9198293686, 8.75080680847, 7.45869016647, 5.96307086945, 6.00997161865, 4.79128265381, 4.50511741638, 3.43246674538, 2.66328215599, 1.94980454445, 1.03448867798, 0.474378138781, 0.168229743838, 0.0148835889995, 0.000270814955002, 2.28701373999e-05],
        "dmean2": [0.285423666239, 1.4219404459, 3.45432853699, 2.33072733879, 2.8819835186, 6.75534439087, 9.98505210876, 15.4279670715, 17.8067092896, 14.8875417709, 31.964099884, 49.5294952393, 51.262260437, 40.3225135803, 25.79388237, 31.3127536774, 22.7592658997, 22.4385528564, 32.5859565735, 21.7469024658, 26.2381782532, 25.1690120697, 17.4753303528, 16.5268650055, 18.8705997467, 13.8944339752, 12.1362638474, 9.79372024536, 9.95808696747, 7.91853475571, 7.14973640442, 5.35571670532, 4.28979063034, 3.21590209007, 1.59255194664, 0.762924015522, 0.269970715046, 0.025656433776, 0.000455644825706, 3.59709083568e-05],
        "dvar": [0.178239196539, 3.38331317902, 29.7339763641, 12.4253234863, 13.2957468033, 290.569366455, 211.910797119, 450.691314697, 438.14956665, 275.918060303, 1832.00292969, 4584.84033203, 4805.17285156, 4044.74194336, 1343.14807129, 1806.24230957, 1179.07470703, 2447.18457031, 5462.96923828, 665.080322266, 1743.89990234, 1063.05969238, 491.633453369, 329.485229492, 348.669372559, 143.418273926, 130.192367554, 119.392425537, 135.833572388, 83.4851760864, 64.2638320923, 37.6024932861, 30.3474445343, 34.5857124329, 9.96070289612, 2.47859692574, 0.323242366314, 0.00368679710664, 1.09027507733e-06, 2.47940445952e-09],
        "dvar2": [0.466223955154, 7.39275836945, 77.8585357666, 32.0118179321, 35.3413085938, 690.450744629, 454.037078857, 1044.0144043, 1040.1875, 727.442626953, 4288.66748047, 11310.8408203, 8222.34375, 7067.05175781, 2581.4140625, 3997.13598633, 2836.89135742, 6583.17041016, 15379.2001953, 1628.08789062, 4448.13134766, 2658.34326172, 1065.57971191, 838.46484375, 921.802062988, 346.619110107, 351.891784668, 322.283874512, 352.022399902, 205.871078491, 139.582199097, 82.5074234009, 70.9399108887, 85.229850769, 19.1560249329, 5.60218286514, 0.810501873493, 0.010223697871, 2.96909183817e-06, 6.2721317029e-09],
        "max": [6.92036962509, 31.4360160828, 51.6531982422, 60.0102844238, 55.9112701416, 340.150756836, 263.509521484, 454.298706055, 347.292938232, 280.790313721, 660.44128418, 842.539733887, 1441.28442383, 1603.17382812, 781.62298584, 806.872192383, 763.493347168, 1165.06530762, 1321.31738281, 381.577606201, 709.740112305, 555.55871582, 589.879943848, 358.468933105, 287.544158936, 200.073883057, 172.738296509, 139.609313965, 176.294967651, 118.481147766, 145.508789062, 111.487579346, 102.986000061, 145.246414185, 61.4516372681, 24.9247684479, 8.736951828, 0.938960015774, 0.0160399023443, 0.000736093556043],
        "mean": [0.277508705854, 1.23489367962, 2.06057310104, 1.76939225197, 2.17490124702, 5.43523025513, 9.15913963318, 11.9410171509, 14.1180200577, 11.8720579147, 27.9775295258, 51.8020515442, 61.4695968628, 62.522354126, 44.3577575684, 38.4216842651, 26.7481384277, 21.8956871033, 31.4152412415, 24.7310009003, 28.421880722, 26.8968143463, 19.6508216858, 18.8858947754, 24.8717441559, 18.3970012665, 12.9362220764, 8.05069637299, 7.07215166092, 6.21533966064, 6.37985563278, 5.35935974121, 3.8216984272, 2.58040976524, 1.35426521301, 0.572442531586, 0.189404606819, 0.0144720822573, 0.00029687746428, 4.83435032947e-05],
        "median": [0.083631426096, 0.407762885094, 0.721911370754, 0.724918365479, 0.845729887486, 1.2379950285, 4.01959991455, 5.55173015594, 6.86558389664, 5.20281028748, 11.7386808395, 26.3131389618, 28.4072322845, 14.6735830307, 13.8818244934, 12.7773694992, 14.6816368103, 12.715136528, 14.6028966904, 14.0683507919, 12.5321826935, 12.2958927155, 9.52735042572, 9.76145267487, 15.7018480301, 9.05270957947, 6.82235097885, 3.97886157036, 2.55503487587, 1.96463215351, 2.34475040436, 2.39901065826, 1.33164012432, 0.70944327116, 0.219589993358, 0.0729857981205, 0.0248459205031, 0.00143326527905, 5.07198346895e-05, 3.05566645693e-05],
        "min": [0.000185487777344, 0.00195308146067, 0.00654683029279, 0.00809563044459, 0.0214097946882, 0.042137671262, 0.225924000144, 0.129880130291, 0.131292700768, 0.209547668695, 0.650977313519, 0.598242938519, 0.535983145237, 0.505148351192, 0.503658056259, 0.782268881798, 0.60925590992, 0.499652951956, 0.64152765274, 0.619834303856, 0.389692693949, 0.441791027784, 0.234235748649, 0.625805914402, 0.400856494904, 0.352845132351, 0.339018374681, 0.164025366306, 0.0861784294248, 0.0287944395095, 0.0548202842474, 0.0244774539024, 0.0110978828743, 0.00187054416165, 7.77722743805e-05, 9.84859070741e-06, 3.7198587961e-06, 1.09182622055e-06, 1.94511949303e-06, 3.07329537463e-06],
        "var": [0.410897344351, 6.15254259109, 25.6895122528, 11.6126527786, 14.3193244934, 356.69329834, 328.341583252, 534.508728027, 683.432006836, 358.370330811, 2848.63549805, 8959.04199219, 16057.4550781, 17949.4101562, 11017.3818359, 4968.77832031, 2248.74414062, 2117.75878906, 4624.93798828, 1149.77990723, 3164.87890625, 2407.47485352, 1279.6159668, 718.48626709, 737.01776123, 529.053222656, 280.729675293, 139.615982056, 136.935256958, 120.748596191, 132.109924316, 83.7545089722, 67.0418319702, 47.1799049377, 20.2580528259, 4.09188652039, 0.382653266191, 0.0029682170134, 9.74283807409e-07, 3.80229892016e-09]
    },
    "gfcc": {
        "mean": [24.2990531921, 77.3658447266, -128.811157227, 33.7826385498, -64.959526062, 26.4430923462, -31.9324359894, 24.6225891113, -20.2736225128, 7.38464784622, -10.3394632339, 1.81582999229, -3.73938775063],
        "cov": [[2287.36401367, -841.286682129, 471.930969238, -114.77759552, -33.0434112549, 28.5869140625, -146.142166138, -0.885340452194, -335.477905273, 135.741088867, -231.100189209, 29.7891292572, -147.930633545], [-841.286682129, 820.616577148, -395.776519775, 139.214553833, 71.7485809326, -40.0062294006, 141.64251709, -35.3607711792, 198.831619263, -101.370925903, 183.332107544, -97.2354354858, 132.279769897], [471.930969238, -395.776519775, 557.125366211, -3.49538064003, -3.03775238991, 53.7896308899, -104.084381104, 5.30142641068, -118.852966309, 75.6655273438, -113.596168518, 86.152633667, -87.9932479858], [-114.77759552, 139.214553833, -3.49538064003, 347.548248291, 34.185295105, 38.0583839417, -9.75236415863, 6.08397722244, 171.758972168, -41.8018798828, 44.6110115051, -1.19080960751, 27.6241893768], [-33.0434112549, 71.7485809326, -3.03775238991, 34.185295105, 199.170913696, 27.0566883087, 50.5934066772, 56.9884986877, 0.332846224308, 29.8403568268, 7.67462491989, 10.7938461304, 22.4040126801], [28.5869140625, -40.0062294006, 53.7896308899, 38.0583839417, 27.0566883087, 131.544052124, 35.6454696655, -4.0154633522, 5.81283521652, 10.9630947113, 7.82335042953, -4.4344420433, 4.50024032593], [-146.142166138, 141.64251709, -104.084381104, -9.75236415863, 50.5934066772, 35.6454696655, 127.481231689, 1.5127055645, 13.9241695404, 2.19162964821, 39.0352897644, -29.6100883484, 27.5689678192], [-0.885340452194, -35.3607711792, 5.30142641068, 6.08397722244, 56.9884986877, -4.0154633522, 1.5127055645, 130.036590576, 42.4309959412, 18.7628688812, 7.60188055038, 19.4105110168, 11.5521421432], [-335.477905273, 198.831619263, -118.852966309, 171.758972168, 0.332846224308, 5.81283521652, 13.9241695404, 42.4309959412, 247.419570923, -30.716501236, 67.6614532471, 4.79857873917, 30.5086803436], [135.741088867, -101.370925903, 75.6655273438, -41.8018798828, 29.8403568268, 10.9630947113, 2.19162964821, 18.7628688812, -30.716501236, 88.672996521, -10.2628192902, 22.4960021973, -20.7943019867], [-231.100189209, 183.332107544, -113.596168518, 44.6110115051, 7.67462491989, 7.82335042953, 39.0352897644, 7.60188055038, 67.6614532471, -10.2628192902, 115.182853699, -3.98836708069, 52.6464042664], [29.7891292572, -97.2354354858, 86.152633667, -1.19080960751, 10.7938461304, -4.4344420433, -29.6100883484, 19.4105110168, 4.79857873917, 22.4960021973, -3.98836708069, 93.9790039062, -8.15796852112], [-147.930633545, 132.279769897, -87.9932479858, 27.6241893768, 22.4040126801, 4.50024032593, 27.5689678192, 11.5521421432, 30.5086803436, -20.7943019867, 52.6464042664, -8.15796852112, 90.384727478]],
        "icov": [[0.000833670492284, 0.000683949387167, -3.91338253394e-05, -0.000477494118968, -2.04171901714e-05, 0.0001819866593, 9.25120984903e-05, -3.70993329852e-05, 0.000745790777728, -0.000574691803195, 0.000231185826124, 0.000628693494946, -1.80282586371e-05], [0.000683949387167, 0.00521851005033, -8.51518270792e-05, -1.37234146678e-05, -0.00262623047456, 0.00304492563009, -0.00226883683354, 0.00293565238826, -0.00219720113091, 0.00235735136084, -0.00400276342407, 0.0036028791219, -0.00183982215822], [-3.91338253394e-05, -8.51518270792e-05, 0.00407953001559, -0.00129175407346, 0.000491999089718, -0.00214605638757, 0.00199467409402, -0.00063688919181, 0.00200658920221, -0.00203119614162, 0.00199657375924, -0.00264493958093, 0.00133856048342], [-0.000477494118968, -1.37234146678e-05, -0.00129175407346, 0.00612219795585, -0.00225977716036, -0.000838406558614, 0.00132331007626, 0.00195774389431, -0.00512314680964, 0.00274294940755, -0.00133836292662, 0.00111880863551, -0.000701213721186], [-2.04171901714e-05, -0.00262623047456, 0.000491999089718, -0.00225977716036, 0.00922241061926, -0.00199244986288, -0.00198551476933, -0.00500830169767, 0.00350817642175, -0.00389504386112, 0.00373571412638, -0.00306594674475, -0.000494239735417], [0.0001819866593, 0.00304492563009, -0.00214605638757, -0.000838406558614, -0.00199244986288, 0.0118659576401, -0.00526606990024, 0.00257173134014, -0.00189185934141, 0.00118724291679, -0.00320690474473, 0.00317269191146, -0.00174484984018], [9.25120984903e-05, -0.00226883683354, 0.00199467409402, 0.00132331007626, -0.00198551476933, -0.00526606990024, 0.0145853236318, -0.000387562526157, 0.00101147557143, -0.00256567518227, -0.000277473940514, 0.00107722228859, 0.00069161853753], [-3.70993329852e-05, 0.00293565238826, -0.00063688919181, 0.00195774389431, -0.00500830169767, 0.00257173134014, -0.000387562526157, 0.0124807581306, -0.00526019977406, 0.000552795478143, -0.00230634026229, 0.00147060386371, -0.00256023695692], [0.000745790777728, -0.00219720113091, 0.00200658920221, -0.00512314680964, 0.00350817642175, -0.00189185934141, 0.00101147557143, -0.00526019977406, 0.0115437097847, -0.00213819346391, 0.000632431707345, -0.00333615019917, 0.00248604430817], [-0.000574691803195, 0.00235735136084, -0.00203119614162, 0.00274294940755, -0.00389504386112, 0.00118724291679, -0.00256567518227, 0.000552795478143, -0.00213819346391, 0.0182389523834, -0.00513809500262, -0.000175716762897, 0.00230668997392], [0.000231185826124, -0.00400276342407, 0.00199657375924, -0.00133836292662, 0.00373571412638, -0.00320690474473, -0.000277473940514, -0.00230634026229, 0.000632431707345, -0.00513809500262, 0.0195015948266, -0.00465987762436, -0.00497287232429], [0.000628693494946, 0.0036028791219, -0.00264493958093, 0.00111880863551, -0.00306594674475, 0.00317269191146, 0.00107722228859, 0.00147060386371, -0.00333615019917, -0.000175716762897, -0.00465987762436, 0.0170090515167, -0.0017402296653], [-1.80282586371e-05, -0.00183982215822, 0.00133856048342, -0.000701213721186, -0.000494239735417, -0.00174484984018, 0.00069161853753, -0.00256023695692, 0.00248604430817, 0.00230668997392, -0.00497287232429, -0.0017402296653, 0.0180010553449]]
    },
    "melbands": {
        "dmean": [0.00134717696346, 0.00103883841075, 0.000238008607994, 0.00020200246945, 0.000213822524529, 0.000209566744161, 0.000153779139509, 0.000103945181763, 0.000175489360117, 0.000199584959773, 0.000171136955032, 0.000122621000628, 6.4432832005e-05, 5.44567192264e-05, 4.13603884226e-05, 2.84017569356e-05, 2.68665189651e-05, 3.39981161233e-05, 2.1590729375e-05, 1.83035081136e-05, 2.04988573387e-05, 1.77957444976e-05, 1.59111586981e-05, 8.93820651982e-06, 8.64714729687e-06, 9.86007762549e-06, 7.4306890383e-06, 5.75274179937e-06, 5.22081836607e-06, 4.16641569245e-06, 3.42712405654e-06, 3.54091366717e-06, 3.14846033689e-06, 2.63573724624e-06, 2.71368298854e-06, 2.52388849731e-06, 2.05494825423e-06, 1.98265092877e-06, 1.79771211606e-06, 1.73690375505e-06],
        "dmean2": [0.00214066356421, 0.00170865678228, 0.000381703517633, 0.000335904129315, 0.000343563820934, 0.000338197802193, 0.000257836567471, 0.000171738560311, 0.000276334176306, 0.00032097537769, 0.000262479501544, 0.000178981528734, 9.78063762886e-05, 8.4054787294e-05, 6.53622264508e-05, 4.67268291686e-05, 4.38387869508e-05, 5.70315751247e-05, 3.55450574716e-05, 2.95968711725e-05, 3.30140828737e-05, 2.94851015497e-05, 2.38752381847e-05, 1.450520449e-05, 1.42713488458e-05, 1.59351620823e-05, 1.16517921924e-05, 9.36903052207e-06, 8.61341413838e-06, 6.82946074448e-06, 5.68196219319e-06, 5.87299655308e-06, 5.23418293596e-06, 4.36447953689e-06, 4.35302490587e-06, 4.04166758017e-06, 3.21435231854e-06, 3.17630042446e-06, 3.01410045722e-06, 2.89198715109e-06],
        "dvar": [9.13862459129e-06, 6.05707828072e-06, 2.93163054721e-07, 4.25617969313e-07, 3.36778867904e-07, 2.10637210785e-07, 8.23719759069e-08, 3.60498475516e-08, 1.40357784062e-07, 1.76365475113e-07, 1.28662705379e-07, 8.68657465958e-08, 2.18074713842e-08, 1.52240442475e-08, 8.00400723477e-09, 5.67766100801e-09, 7.84263143316e-09, 1.70045453274e-08, 1.75193370922e-09, 1.31085953203e-09, 2.66372457425e-09, 1.5148335919e-09, 1.60620705625e-09, 2.26174287632e-10, 2.70781119749e-10, 3.11319747759e-10, 1.10899005257e-10, 6.61858276518e-11, 7.23726287233e-11, 3.90343694867e-11, 4.67104618873e-11, 4.47934467296e-11, 4.11268831491e-11, 2.58952841808e-11, 2.69300970412e-11, 2.07910043348e-11, 1.31178878524e-11, 1.78074464896e-11, 1.66488212106e-11, 3.40032828283e-11],
        "dvar2": [2.29857614613e-05, 1.47425635078e-05, 7.11911411599e-07, 1.0499122709e-06, 7.5615315609e-07, 4.73811809343e-07, 1.94432388412e-07, 9.42827895756e-08, 3.23430725757e-07, 4.3872819333e-07, 2.2369103192e-07, 1.52743140802e-07, 4.24299315682e-08, 2.93955508823e-08, 1.81365287233e-08, 1.42694096539e-08, 2.10941895062e-08, 4.79303672307e-08, 4.55768622842e-09, 3.26923954574e-09, 6.66579369479e-09, 4.05974676099e-09, 3.37123551297e-09, 5.8283822213e-10, 6.98319568837e-10, 8.53936032996e-10, 2.68778388435e-10, 1.62547433846e-10, 2.01590535931e-10, 1.01698371946e-10, 1.27498442359e-10, 1.1574104869e-10, 1.07828489193e-10, 6.19251663836e-11, 6.28412946679e-11, 4.3816738432e-11, 2.98638856699e-11, 4.16400386394e-11, 4.31707898596e-11, 8.44494960073e-11],
        "max": [0.0455703623593, 0.0237091947347, 0.00929784961045, 0.0125050563365, 0.00918416306376, 0.00954405032098, 0.0045498800464, 0.00300162169151, 0.00657077180222, 0.00524134933949, 0.00731834303588, 0.0071091321297, 0.003285698127, 0.00309427408502, 0.00192090845667, 0.00173099478707, 0.00205394881777, 0.0023320238106, 0.000646077212878, 0.000593247823417, 0.000889833958354, 0.000506831333041, 0.00110378768295, 0.000218903078348, 0.000339428224834, 0.00027586860233, 0.000134622838232, 0.000123257486848, 0.000121711767861, 7.96605454525e-05, 0.000102725578472, 0.000103464801214, 9.39065648708e-05, 7.1438276791e-05, 8.5065687017e-05, 9.09565496841e-05, 5.49112774024e-05, 9.05500419321e-05, 6.19920319878e-05, 0.00014876203204],
        "mean": [0.00217247591354, 0.00127728609368, 0.000319062819472, 0.000259214226389, 0.000319394952385, 0.000269743293757, 0.000208755358472, 0.000134432368213, 0.000248989817919, 0.000334117386956, 0.000306748843286, 0.000260069500655, 0.000160840820172, 0.000104328224552, 7.46722580516e-05, 4.93978805025e-05, 3.9066249883e-05, 5.10190802743e-05, 3.54735384462e-05, 3.13866257784e-05, 3.30714246957e-05, 2.63099591393e-05, 2.75420716207e-05, 1.37797896969e-05, 1.47873715832e-05, 1.79725084308e-05, 1.60779309226e-05, 1.11415347419e-05, 8.56070982991e-06, 6.14772307017e-06, 4.13248926634e-06, 3.99992632083e-06, 3.73291595679e-06, 3.34719061357e-06, 3.65706455341e-06, 3.60972057933e-06, 3.12947076964e-06, 2.77282128991e-06, 2.27490636462e-06, 2.15887553168e-06],
        "median": [0.000685726001393, 0.000475503620692, 0.000137159164296, 7.21451506251e-05, 0.000125686172396, 0.00012956871069, 0.000100586679764, 5.82202301302e-05, 0.000105806408101, 0.0001691999787, 0.00013395564747, 5.43553796888e-05, 3.78174045181e-05, 3.23731692333e-05, 3.34519099852e-05, 2.48829092016e-05, 2.13520688703e-05, 2.22660546569e-05, 1.83250067494e-05, 1.70871408045e-05, 1.32339164338e-05, 1.21322636915e-05, 1.13129808597e-05, 6.64998196953e-06, 7.1381541602e-06, 1.11071358333e-05, 7.99286954134e-06, 5.16247064297e-06, 4.2526676225e-06, 3.32392778546e-06, 1.75329137164e-06, 1.46453101024e-06, 1.26126417399e-06, 1.02834439986e-06, 1.27501448333e-06, 1.52552161126e-06, 1.38625182444e-06, 9.16083934044e-07, 7.12487349119e-07, 5.2696094599e-07],
        "min": [3.48791036231e-06, 3.07039113068e-06, 1.18476577882e-06, 1.74554270416e-06, 6.24985796094e-06, 2.74424542113e-06, 1.49468473865e-06, 2.45616843131e-06, 5.04878926222e-06, 2.71121371043e-06, 1.02292642623e-06, 1.56747091751e-06, 1.25546171148e-06, 1.28295903323e-06, 1.79637368092e-06, 1.23959023313e-06, 7.17903162695e-07, 5.06011701873e-07, 7.24976189304e-07, 5.08322671067e-07, 3.0253002592e-07, 4.6224093353e-07, 2.07112421435e-07, 1.7995307644e-07, 3.78668175927e-07, 2.5558483685e-07, 2.45343386496e-07, 2.01882741635e-07, 1.53912310452e-07, 1.25155636965e-07, 5.16081257729e-08, 4.28566089283e-08, 4.38020375526e-09, 1.94984983715e-09, 1.78133650053e-08, 7.52462092635e-09, 9.90021309377e-09, 6.10530603851e-09, 1.37438582737e-09, 1.55836509062e-12],
