{
"highlevel": {
    "danceability": {
        "all": {
            "danceable": 0.182720601559,
            "not_danceable": 0.817279398441
        },
        "probability": 0.817279398441,
        "value": "not_danceable"
    },
    "gender": {
        "all": {
            "female": 0.242868646979,
            "male": 0.75713133812
        },
        "probability": 0.75713133812,
        "value": "male"
    },
    "genre_dortmund": {
        "all": {
            "alternative": 0.258662730455,
            "blues": 0.0186318233609,
            "electronic": 0.0121130887419,
            "folkcountry": 0.139564365149,
            "funksoulrnb": 0.00297000678256,
            "jazz": 0.00502803130075,
            "pop": 0.0633879452944,
            "raphiphop": 0.000487344135763,
            "rock": 0.499154686928
        },
        "probability": 0.499154686928,
        "value": "rock"
    },
    "genre_electronic": {
        "all": {
            "ambient": 0.435742557049,
            "dnb": 0.16015920043,
            "house": 0.0956676006317,
            "techno": 0.0187086723745,
            "trance": 0.28972196579
        },
        "probability": 0.435742557049,
        "value": "ambient"
    },
    "genre_rosamerica": {
        "all": {
            "cla": 0.000542370427866,
            "dan": 0.00124670786317,
            "hip": 0.000228661752772,
            "jaz": 0.000498842040543,
            "pop": 0.109442584217,
            "rhy": 0.00231669726782,
            "roc": 0.885636746883,
            "spe": 8.73958488228e-05
        },
        "probability": 0.885636746883,
        "value": "roc"
    },
    "genre_tzanetakis": {
        "all": {
            "blu": 2.00933528442e-14,
            "cla": 1.10376880297e-14,
            "cou": 2.21312073892e-14,
            "dis": 1.76883671149e-14,
            "hip": 4.29576757196e-14,
            "jaz": 0.999999940395,
            "met": 2.0000017642e-08,
            "pop": 2.0000017642e-08,
            "reg": 1.66666822565e-08,
            "roc": 2.50000233848e-08
        },
        "probability": 0.999999940395,
        "value": "jaz"
    },
    "ismir04_rhythm": {
        "all": {
            "ChaChaCha": 0.400111049414,
            "Jive": 0.14589227736,
            "Quickstep": 0.0403880737722,
            "Rumba-American": 0.0270216017962,
            "Rumba-International": 0.0504053793848,
            "Rumba-Misc": 0.00867688842118,
            "Samba": 0.0638592615724,
            "Tango": 0.135128811002,
            "VienneseWaltz": 0.109136648476,
            "Waltz": 0.0193799957633
        },
        "probability": 0.400111049414,
        "value": "ChaChaCha"
    },
    "mood_acoustic": {
        "all": {
            "acoustic": 0.0840233191848,
            "not_acoustic": 0.915976703167
        },
        "probability": 0.915976703167,
        "value": "not_acoustic"
    },
    "mood_aggressive": {
        "all": {
            "aggressive": 0.219393387437,
            "not_aggressive": 0.780606627464
        },
        "probability": 0.780606627464,
        "value": "not_aggressive"
    },
    "mood_electronic": {
        "all": {
            "electronic": 0.180502563715,
            "not_electronic": 0.819497406483
        },
        "probability": 0.819497406483,
        "value": "not_electronic"
    },
    "mood_happy": {
        "all": {
            "happy": 0.96662324667,
            "not_happy": 0.0333767645061
        },
        "probability": 0.96662324667,
        "value": "happy"
    },
    "mood_party": {
        "all": {
            "not_party": 0.750760555267,
            "party": 0.249239474535
        },
        "probability": 0.750760555267,
        "value": "not_party"
    },
    "mood_relaxed": {
        "all": {
            "not_relaxed": 0.893914341927,
            "relaxed": 0.106085665524
        },
        "probability": 0.893914341927,
        "value": "not_relaxed"
    },
    "mood_sad": {
        "all": {
            "not_sad": 0.662598907948,
            "sad": 0.337401092052
        },
        "probability": 0.662598907948,
        "value": "not_sad"
    },
    "moods_mirex": {
        "all": {
            "Cluster1": 0.408453077078,
            "Cluster2": 0.104678243399,
            "Cluster3": 0.327039599419,
            "Cluster4": 0.0861673727632,
            "Cluster5": 0.0736617073417
        },
        "probability": 0.408453077078,
        "value": "Cluster1"
    },
    "timbre": {
        "all": {
            "bright": 0.945388734341,
            "dark": 0.0546112731099
        },
        "probability": 0.945388734341,
        "value": "bright"
    },
    "tonal_atonal": {
        "all": {
            "atonal": 0.000408034073189,
            "tonal": 0.999591946602
        },
        "probability": 0.999591946602,
        "value": "tonal"
    },
    "voice_instrumental": {
        "all": {
            "instrumental": 0.00791894365102,
            "voice": 0.992081046104
        },
        "probability": 0.992081046104,
        "value": "voice"
    }
},
"lowlevel": {
    "average_loudness": 0.97284168005,
    "barkbands_crest": {
        "dmean": 2.04758048058,
        "dmean2": 3.38323163986,
        "dvar": 4.17942523956,
        "dvar2": 10.909365654,
        "max": 22.4806594849,
        "mean": 8.28785514832,
        "median": 7.60438299179,
        "min": 2.96269369125,
        "var": 9.35300827026
    },
    "barkbands_flatness_db": {
        "dmean": 0.0159135274589,
        "dmean2": 0.0262088254094,
        "dvar": 0.000275438127574,
        "dvar2": 0.000782030110713,
        "max": 0.315308272839,
        "mean": 0.126078695059,
        "median": 0.12260864675,
        "min": 0.0581958778203,
        "var": 0.000965262704995
    },
    "barkbands_kurtosis": {
        "dmean": 1.48328721523,
        "dmean2": 2.47106480598,
        "dvar": 6.49580144882,
        "dvar2": 19.1800880432,
        "max": 41.2172050476,
        "mean": 1.97008025646,
        "median": 1.00068378448,
        "min": -1.5005865097,
        "var": 11.4899253845
    },
    "barkbands_skewness": {
        "dmean": 0.388273954391,
        "dmean2": 0.62488502264,
        "dvar": 0.174051105976,
        "dvar2": 0.464639753103,
        "max": 5.61813688278,
        "mean": 1.29141795635,
        "median": 1.20856380463,
        "min": -0.920738577843,
        "var": 0.550628840923
    },
    "barkbands_spread": {
        "dmean": 5.05211400986,
        "dmean2": 7.66629934311,
        "dvar": 35.478187561,
        "dvar2": 83.7417373657,
        "max": 73.3230743408,
        "mean": 25.8318824768,
        "median": 23.4292469025,
        "min": 2.61735868454,
        "var": 131.263549805
    },
    "dissonance": {
        "dmean": 0.0163180213422,
        "dmean2": 0.0270143263042,
        "dvar": 0.000245829578489,
        "dvar2": 0.000672782771289,
        "max": 0.49979954958,
        "mean": 0.467011988163,
        "median": 0.472219675779,
        "min": 0.352694094181,
        "var": 0.000496593478601
    },
    "dynamic_complexity": 1.4612210989,
    "erbbands_crest": {
        "dmean": 2.73072886467,
        "dmean2": 4.35446023941,
        "dvar": 6.93280410767,
        "dvar2": 17.0646457672,
        "max": 28.0603542328,
        "mean": 9.75143623352,
        "median": 8.2840795517,
        "min": 2.57240533829,
        "var": 27.7751045227
    },
    "erbbands_flatness_db": {
        "dmean": 0.0137143153697,
        "dmean2": 0.0204485598952,
        "dvar": 0.000220968649955,
        "dvar2": 0.000449378538178,
        "max": 0.265423506498,
        "mean": 0.13856831193,
        "median": 0.136260211468,
        "min": 0.0542993210256,
        "var": 0.00111311848741
    },
    "erbbands_kurtosis": {
        "dmean": 0.778192341328,
        "dmean2": 1.23699617386,
        "dvar": 1.5954631567,
        "dvar2": 3.78169250488,
        "max": 22.4993438721,
        "mean": 0.429500848055,
        "median": -0.0639491081238,
        "min": -1.68619072437,
        "var": 3.62473797798
    },
    "erbbands_skewness": {
        "dmean": 0.311671555042,
        "dmean2": 0.479018479586,
        "dvar": 0.073069922626,
        "dvar2": 0.176180288196,
        "max": 2.98938512802,
        "mean": 0.323903173208,
        "median": 0.302417457104,
        "min": -1.35051548481,
        "var": 0.356435745955
    },
    "erbbands_spread": {
        "dmean": 7.42846059799,
        "dmean2": 11.2446193695,
        "dvar": 73.3648834229,
        "dvar2": 151.913009644,
        "max": 119.483573914,
        "mean": 39.3762130737,
        "median": 35.8364906311,
        "min": 4.59924173355,
        "var": 346.788909912
    },
    "hfc": {
        "dmean": 7.58684778214,
        "dmean2": 11.0608739853,
        "dvar": 161.175689697,
        "dvar2": 371.804840088,
        "max": 227.166610718,
        "mean": 31.6900558472,
        "median": 28.2401008606,
        "min": 2.44121432304,
        "var": 406.03616333
    },
    "melbands_crest": {
        "dmean": 2.81152844429,
        "dmean2": 4.7730140686,
        "dvar": 8.05480003357,
        "dvar2": 23.0725326538,
        "max": 28.4988689423,
        "mean": 12.4068470001,
        "median": 11.845454216,
        "min": 4.76936101913,
        "var": 13.9933290482
    },
    "melbands_flatness_db": {
        "dmean": 0.0197292361408,
        "dmean2": 0.0318258553743,
        "dvar": 0.000412609864725,
        "dvar2": 0.00119044608437,
        "max": 0.395947366953,
        "mean": 0.181280091405,
        "median": 0.177402988076,
        "min": 0.0853108912706,
        "var": 0.00163393467665
    },
    "melbands_kurtosis": {
        "dmean": 4.50003671646,
        "dmean2": 7.37217473984,
        "dvar": 61.1790084839,
        "dvar2": 172.65687561,
        "max": 99.693107605,
        "mean": 8.77221393585,
        "median": 5.64810943604,
        "min": -1.28242790699,
        "var": 99.2703857422
    },
    "melbands_skewness": {
        "dmean": 0.613212108612,
        "dmean2": 0.96583968401,
        "dvar": 0.490746378899,
        "dvar2": 1.27884960175,
        "max": 8.75299549103,
        "mean": 2.31681895256,
        "median": 2.14583945274,
        "min": -0.98486572504,
        "var": 1.46715259552
    },
    "melbands_spread": {
        "dmean": 5.27570486069,
        "dmean2": 8.33821964264,
        "dvar": 30.5248413086,
        "dvar2": 79.147354126,
        "max": 67.2901229858,
        "mean": 24.0393543243,
        "median": 23.3302955627,
        "min": 1.90485072136,
        "var": 97.8544540405
    },
    "pitch_salience": {
        "dmean": 0.0577685013413,
        "dmean2": 0.0972135290504,
        "dvar": 0.00305773597211,
        "dvar2": 0.00841170735657,
        "max": 0.821926057339,
        "mean": 0.549816787243,
        "median": 0.551294565201,
        "min": 0.205017611384,
        "var": 0.00700121093541
    },
    "silence_rate_20dB": {
        "dmean": 0,
        "dmean2": 0,
        "dvar": 0,
        "dvar2": 0,
        "max": 1,
        "mean": 1,
        "median": 1,
        "min": 1,
        "var": 0
    },
    "silence_rate_30dB": {
        "dmean": 0.0030959751457,
        "dmean2": 0.00619674660265,
        "dvar": 0.00308635598049,
        "dvar2": 0.00925666559488,
        "max": 1,
        "mean": 0.998453199863,
        "median": 1,
        "min": 0,
        "var": 0.0015443918528
    },
    "silence_rate_60dB": {
        "dmean": 0,
        "dmean2": 0,
        "dvar": 0,
        "dvar2": 0,
        "max": 0,
        "mean": 0,
        "median": 0,
        "min": 0,
        "var": 0
    },
    "spectral_centroid": {
        "dmean": 193.25479126,
        "dmean2": 303.221893311,
        "dvar": 38787.2226562,
        "dvar2": 100601.039062,
        "max": 2841.47607422,
        "mean": 1305.1619873,
        "median": 1236.94384766,
        "min": 384.843933105,
        "var": 179098.484375
    },
    "spectral_complexity": {
        "dmean": 3.66176462173,
        "dmean2": 5.72501945496,
        "dvar": 12.7454843521,
        "dvar2": 28.7353801727,
        "max": 52,
        "mean": 25.8901786804,
        "median": 25,
        "min": 9,
        "var": 64.0884780884
    },
    "spectral_decrease": {
        "dmean": 2.66312660813e-09,
        "dmean2": 4.39841185695e-09,
        "dvar": 1.4162921928e-17,
        "dvar2": 3.70757372146e-17,
        "max": -2.12891126949e-09,
        "mean": -1.00264108127e-08,
        "median": -9.34943678033e-09,
        "min": -3.81434475116e-08,
        "var": 1.85519554931e-17
    },
    "spectral_energy": {
        "dmean": 0.0104621741921,
        "dmean2": 0.0172201190144,
        "dvar": 0.000220114859985,
        "dvar2": 0.000570678268559,
        "max": 0.151643514633,
        "mean": 0.0407163836062,
        "median": 0.0379822552204,
        "min": 0.00825640559196,
        "var": 0.000303249282297
    },
    "spectral_energyband_high": {
        "dmean": 0.000551085511688,
        "dmean2": 0.000781244190875,
        "dvar": 1.63957281529e-06,
        "dvar2": 3.76148750547e-06,
        "max": 0.0193565580994,
        "mean": 0.00142827280797,
        "median": 0.000674246577546,
        "min": 1.41493273986e-05,
        "var": 3.6852266021e-06
    },
    "spectral_energyband_low": {
        "dmean": 0.00731947598979,
        "dmean2": 0.0125796142966,
        "dvar": 0.000142224598676,
        "dvar2": 0.000387343752664,
        "max": 0.123703546822,
        "mean": 0.0159560628235,
        "median": 0.0138676343486,
        "min": 0.00107544183265,
        "var": 0.000140156742418
    },
    "spectral_energyband_middle_high": {
        "dmean": 0.0025535163004,
        "dmean2": 0.00390923535451,
        "dvar": 1.11523913802e-05,
        "dvar2": 2.58183026745e-05,
        "max": 0.0459555089474,
        "mean": 0.00889000296593,
        "median": 0.00724849104881,
        "min": 0.000406148377806,
        "var": 4.55631998193e-05
    },
    "spectral_energyband_middle_low": {
        "dmean": 0.00600149808452,
        "dmean2": 0.00963503401726,
        "dvar": 7.92611535871e-05,
        "dvar2": 0.000205125063076,
        "max": 0.110864259303,
        "mean": 0.0178507510573,
        "median": 0.0153106534854,
        "min": 0.0031098369509,
        "var": 0.000112841837108
    },
    "spectral_entropy": {
        "dmean": 0.107298508286,
        "dmean2": 0.163005307317,
        "dvar": 0.0147879160941,
        "dvar2": 0.0323713757098,
        "max": 8.46399688721,
        "mean": 7.70678949356,
        "median": 7.71390676498,
        "min": 6.62026405334,
        "var": 0.0717789456248
    },
    "spectral_flux": {
        "dmean": 0.0234020724893,
        "dmean2": 0.0379704982042,
        "dvar": 0.000836672261357,
        "dvar2": 0.00193226954434,
        "max": 0.314106732607,
        "mean": 0.0958264097571,
        "median": 0.0891982167959,
        "min": 0.0313939154148,
        "var": 0.00158333848231
    },
    "spectral_kurtosis": {
        "dmean": 1.04676544666,
        "dmean2": 1.7663064003,
        "dvar": 1.16828465462,
        "dvar2": 2.93927931786,
        "max": 19.3212985992,
        "mean": 3.81563735008,
        "median": 3.53413057327,
        "min": -0.0914354324341,
        "var": 4.56968784332
    },
    "spectral_rms": {
        "dmean": 0.00076170579996,
        "dmean2": 0.00124163553119,
        "dvar": 8.42163672132e-07,
        "dvar2": 2.12843838199e-06,
        "max": 0.0121632600203,
        "mean": 0.00617950037122,
        "median": 0.00608735252172,
        "min": 0.00283813849092,
        "var": 1.53708720063e-06
    },
    "spectral_rolloff": {
        "dmean": 457.930389404,
        "dmean2": 770.659667969,
        "dvar": 650756.0625,
        "dvar2": 1675658.625,
        "max": 8850.14648438,
        "mean": 1359.95495605,
        "median": 1162.79296875,
        "min": 107.666015625,
        "var": 930080.375
    },
    "spectral_skewness": {
        "dmean": 0.16093569994,
        "dmean2": 0.259727627039,
        "dvar": 0.0233546961099,
        "dvar2": 0.0526581220329,
        "max": 3.12609863281,
        "mean": 1.49136984348,
        "median": 1.4544506073,
        "min": 0.554599046707,
        "var": 0.150678142905
    },
    "spectral_spread": {
        "dmean": 469186.34375,
        "dmean2": 666291.6875,
        "dvar": 612684595200,
        "dvar2": 931149447168,
        "max": 23106446,
        "mean": 4741894.5,
        "median": 4505313,
        "min": 2078121.5,
        "var": 1.8022006784e+12
    },
    "spectral_strongpeak": {
        "dmean": 0.735471010208,
        "dmean2": 1.29204189777,
        "dvar": 1.13643479347,
        "dvar2": 2.80531167984,
        "max": 7.17055845261,
        "mean": 1.12971377373,
        "median": 0.397097885609,
        "min": 0.0597996562719,
        "var": 2.03472924232
    },
    "zerocrossingrate": {
        "dmean": 0.00868966802955,
        "dmean2": 0.0104914279655,
        "dvar": 9.064241749e-05,
        "dvar2": 0.000108931664727,
        "max": 0.18212890625,
        "mean": 0.0613988190889,
        "median": 0.05615234375,
        "min": 0.00634765625,
        "var": 0.000674154784065
    },
    "barkbands": {
        "dmean": [0.00010750968795, 0.00333940749988, 0.00389727577567, 0.00299324723892, 0.00160387984943, 0.00116011698265, 0.000626184337307, 0.000933454197366, 0.00111812155228, 0.00188159558456, 0.000445045239758, 0.000384218379622, 0.000319681275869, 0.000580670777708, 0.000459676288301, 0.000417670235038, 0.000293081946438, 0.000182196687092, 0.000187916870345, 0.000128955172841, 0.000111233188363, 0.000152196211275, 0.000113552705443, 9.11481984076e-05, 7.89324840298e-05, 0.000111782872409, 9.56098666904e-09],
        "dmean2": [0.000173302920302, 0.00568673247471, 0.00686031999066, 0.00520654395223, 0.00263278628699, 0.00174450210761, 0.000933783419896, 0.00142122502439, 0.0017545184819, 0.00294828368351, 0.000697387615219, 0.000600791652687, 0.000499811489135, 0.000899182399735, 0.000719665840734, 0.000653849099763, 0.000454030057881, 0.000293303455692, 0.000303862820147, 0.000203886258532, 0.000177486450411, 0.00023643579334, 0.000172969797859, 0.000140167758218, 0.000116637544124, 0.000181688315934, 1.52926027397e-08],
        "dvar": [2.54701113533e-08, 2.75981819868e-05, 5.79290790483e-05, 5.1648607041e-05, 5.21981655766e-06, 3.90004561268e-06, 1.12048098799e-06, 3.66263975593e-06, 5.25721134181e-06, 1.41381351568e-05, 9.4888247304e-07, 6.89593889547e-07, 4.62173971982e-07, 9.31394993131e-07, 8.72503278515e-07, 6.50301331007e-07, 2.89346957061e-07, 6.25192484449e-08, 7.45496890886e-08, 4.48910029149e-08, 4.39195595447e-08, 1.13339439167e-07, 5.72275418165e-08, 4.36471836451e-08, 3.61670267068e-08, 2.01636339625e-07, 1.18165119548e-14],
        "dvar2": [6.04458918474e-08, 7.98853070592e-05, 0.000158874026965, 0.000138994466397, 1.35297605084e-05, 9.22440813156e-06, 2.49763843385e-06, 7.78553021519e-06, 1.17443341878e-05, 3.32192612404e-05, 2.2782535325e-06, 1.76189837475e-06, 1.04229968656e-06, 2.23970346269e-06, 2.16753460336e-06, 1.50438836499e-06, 5.67725805922e-07, 1.46664163481e-07, 1.77696520609e-07, 1.08224519124e-07, 1.03173476873e-07, 2.75665684057e-07, 1.22266825997e-07, 9.86125598956e-08, 7.79948763352e-08, 5.21483855209e-07, 1.41221390254e-14],
        "max": [0.00218330905773, 0.0633176416159, 0.0852450281382, 0.0766218826175, 0.0257301907986, 0.026760481298, 0.0156491808593, 0.0370895266533, 0.0350387841463, 0.0555395968258, 0.0185392312706, 0.0207610521466, 0.0163905154914, 0.0103506846353, 0.0150626404211, 0.0103738224134, 0.00959318876266, 0.00301140779629, 0.00499195791781, 0.00299291475676, 0.00220409501344, 0.00412297388539, 0.00275682844222, 0.00336905475706, 0.00299116899259, 0.00887421052903, 3.69718077309e-06],
        "mean": [0.000323727639625, 0.00814473815262, 0.0052885231562, 0.00393081316724, 0.00384768424556, 0.00251815607771, 0.00144826865289, 0.00197639502585, 0.00197687512264, 0.00360677484423, 0.000840473454446, 0.000755143526476, 0.000569323077798, 0.00100178935099, 0.000813016959, 0.0007189156604, 0.000547098345123, 0.000383034726838, 0.00042527448386, 0.000279181083897, 0.000254730839515, 0.000334347365424, 0.000263989146333, 0.000175693217898, 0.000147122671478, 0.00014530660701, 7.38850713944e-09],
        "median": [0.000280221225694, 0.00705066509545, 0.00361325591803, 0.00218008738011, 0.00329276686534, 0.0015796556836, 0.000873180106282, 0.000730898231268, 0.000999300042167, 0.000958911026828, 0.000438833900262, 0.000319541897625, 0.000247455143835, 0.000433330569649, 0.000428239436587, 0.000424059631769, 0.000309095921693, 0.000280874955934, 0.000297668681014, 0.000159674760653, 0.00012719919323, 0.000147779894178, 0.000105315048131, 6.90617089276e-05, 5.52418059669e-05, 3.09230927087e-05, 6.55992704601e-10],
        "min": [3.51330271542e-08, 0.000264672620688, 0.000170977233211, 2.67331397481e-05, 3.68882065231e-05, 5.37878149771e-05, 2.70356867986e-05, 1.74907345354e-05, 2.95208501484e-05, 2.33108676184e-05, 1.27987523229e-05, 7.99666031526e-06, 7.06512810211e-06, 1.00505931186e-05, 1.26070535771e-05, 6.11372524872e-06, 8.27638086776e-06, 7.97898519522e-06, 5.47947320229e-06, 4.04599268222e-06, 4.12442477682e-06, 3.09696042677e-06, 1.48659410115e-06, 6.87789849962e-07, 8.04808095722e-08, 2.72720214467e-11, 1.20332372539e-11],
        "var": [8.66926157528e-08, 3.71104943042e-05, 4.62692514702e-05, 4.25379221269e-05, 7.8977245721e-06, 9.56991607381e-06, 3.32254990099e-06, 1.55107863975e-05, 1.00276620287e-05, 4.26378355769e-05, 2.35400534621e-06, 2.21091022468e-06, 1.25064354961e-06, 1.94085396288e-06, 1.40904376167e-06, 1.01450348211e-06, 6.70547024129e-07, 1.31713591145e-07, 1.84877450238e-07, 1.05777431259e-07, 1.06233919439e-07, 2.31266824358e-07, 1.5835983902e-07, 9.20792331272e-08, 7.62505720786e-08, 1.92153308376e-07, 1.1326352623e-14]
    },
    "erbbands": {
        "dmean": [0.0750002637506, 0.869096338749, 3.78349328041, 7.76513195038, 6.95946979523, 5.515396595, 8.03823566437, 9.62275314331, 8.24290370941, 15.131357193, 18.9817390442, 25.8053607941, 64.4479598999, 25.4429550171, 17.9261054993, 17.9008178711, 14.3364105225, 28.4717350006, 20.6821022034, 24.8755435944, 15.6937932968, 12.9671869278, 9.97672557831, 10.447883606, 8.46012210846, 5.68187093735, 4.55987787247, 4.85114431381, 5.54885625839, 3.93831110001, 3.58718347549, 2.52620363235, 1.23537898064, 0.767455875874, 0.755242049694, 0.745728731155, 0.121856704354, 0.00681881932542, 0.000149347746628, 1.88796493603e-05],
        "dmean2": [0.123503528535, 1.48825311661, 6.66970252991, 13.4561958313, 11.6272516251, 8.86431121826, 12.4737691879, 14.427365303, 12.2872238159, 22.3524494171, 28.7517223358, 39.5013389587, 104.917381287, 37.179977417, 28.3538036346, 28.1526260376, 22.6783695221, 44.1649131775, 31.3899688721, 40.5503044128, 24.5643520355, 20.2171802521, 15.8307828903, 16.7850208282, 13.8121910095, 9.09555435181, 7.45246315002, 7.74566841125, 8.98887252808, 6.13070678711, 5.46908903122, 3.9533624649, 1.8796954155, 1.18454122543, 1.11342942715, 1.18624162674, 0.200604349375, 0.0112434113398, 0.000239292363403, 3.05411231238e-05],
        "dvar": [0.010634929873, 2.17328190804, 51.4304542542, 244.678329468, 250.85748291, 59.2105560303, 124.949737549, 342.846374512, 216.352172852, 761.372192383, 2177.39111328, 2716.15161133, 18701.4589844, 2749.90063477, 1676.17687988, 1536.08496094, 1053.82434082, 2301.06396484, 1602.09765625, 2917.25610352, 582.040161133, 416.889953613, 219.572998047, 261.778320312, 132.494934082, 98.4145965576, 63.368522644, 97.2370452881, 163.267227173, 65.1944122314, 56.6076507568, 40.5695991516, 6.19892072678, 2.32697629929, 4.5261425972, 8.13552284241, 0.269377291203, 0.000682534533553, 3.17854187415e-07, 2.01928052057e-09],
        "dvar2": [0.0275776293129, 6.35202932358, 141.294067383, 656.963378906, 679.812072754, 140.04927063, 294.08102417, 820.915161133, 517.748474121, 1587.40698242, 4550.66015625, 5858.68310547, 45514.8984375, 5202.03320312, 4221.40478516, 3947.53295898, 2355.66186523, 5670.16943359, 3809.5871582, 6818.0625, 1235.0859375, 863.78125, 475.208892822, 588.613586426, 329.028778076, 237.479278564, 157.331054688, 232.256347656, 405.236450195, 149.664749146, 124.323196411, 93.3500289917, 14.0326356888, 5.17375421524, 10.3102455139, 20.7501792908, 0.692364692688, 0.00172585924156, 8.07841161077e-07, 5.06441555359e-09],
        "max": [1.15455257893, 17.548494339, 71.2724227905, 151.842666626, 202.41809082, 121.936698914, 160.984222412, 245.935821533, 244.764511108, 424.875091553, 1049.35705566, 861.393249512, 2089.17211914, 1208.34765625, 850.757202148, 953.57598877, 853.651184082, 540.75390625, 751.274291992, 905.558410645, 560.853942871, 338.06036377, 232.769271851, 356.315887451, 142.864807129, 178.061172485, 85.8176345825, 112.319107056, 163.367721558, 95.0874328613, 80.9412307739, 110.836784363, 38.6080818176, 25.1128311157, 40.5574035645, 57.5511283875, 8.90692996979, 0.445002645254, 0.00877717230469, 0.00080014806008],
        "mean": [0.255274325609, 1.74413442612, 5.67937755585, 10.6807746887, 13.1744832993, 11.772436142, 16.5296192169, 19.8881530762, 18.7035598755, 32.9934577942, 41.6575622559, 49.7331466675, 122.024940491, 55.2573699951, 37.468875885, 36.3278045654, 29.0344848633, 52.4707183838, 39.7275428772, 46.6965522766, 35.9602584839, 27.9028778076, 21.7982940674, 23.7030010223, 19.1390781403, 12.651017189, 10.1349420547, 10.7963790894, 11.8425941467, 8.97998809814, 7.7890663147, 4.74558877945, 2.40580487251, 1.45388579369, 1.23711490631, 1.01962149143, 0.136121660471, 0.00754540693015, 0.000203975650948, 6.23201704002e-05],
        "median": [0.214703217149, 1.38899278641, 4.12922525406, 6.09040307999, 10.3598337173, 8.90049743652, 10.3208370209, 11.1443376541, 13.1392602921, 15.2126836777, 14.5029211044, 28.9181861877, 31.6637039185, 23.1166534424, 21.4275360107, 15.7318172455, 14.0394954681, 25.2194805145, 21.6885890961, 26.1843585968, 22.8306503296, 17.5638179779, 15.3908443451, 16.8121013641, 12.928483963, 7.30622720718, 5.55627632141, 5.18968963623, 5.09776306152, 4.04328012466, 2.82923817635, 1.63270699978, 1.02195930481, 0.597166180611, 0.404405266047, 0.206005334854, 0.0351727120578, 0.00193696084898, 7.52110499889e-05, 5.31005935045e-05],
        "min": [0.00218486157246, 0.0864151418209, 0.281664043665, 0.134902492166, 0.0666519999504, 0.490290313959, 0.708879649639, 0.787216186523, 1.09892547131, 1.00243699551, 1.20607423782, 1.19179344177, 0.722226083279, 1.16693520546, 0.885245025158, 0.691457986832, 0.653816640377, 0.823206722736, 0.941313803196, 0.851884305477, 0.815675795078, 0.52744615078, 0.447420448065, 0.269051522017, 0.310581952333, 0.193674370646, 0.220889940858, 0.149034112692, 0.104510776699, 0.0863803550601, 0.0425262600183, 0.0179845187813, 0.00939326919615, 0.000615253520664, 0.000456530076917, 0.00013613793999, 1.63151471497e-05, 2.03301124202e-06, 4.67312611363e-06, 9.21641731111e-06],
        "var": [0.0360663831234, 2.36982798576, 41.6688270569, 219.297546387, 208.785964966, 113.717285156, 310.562988281, 722.343383789, 411.104156494, 2545.36914062, 9776.75097656, 5153.04052734, 52558.9414062, 11435.3496094, 3859.56567383, 4982.75195312, 3081.07226562, 4699.79443359, 3585.27294922, 4805.77685547, 2515.55908203, 1158.97424316, 458.259338379, 656.352905273, 350.463806152, 219.247940063, 150.047912598, 214.96282959, 303.388244629, 160.142044067, 147.895324707, 79.3887252808, 14.1709899902, 5.71845674515, 7.02647733688, 8.59882640839, 0.232368767262, 0.00061695673503, 2.96205854511e-07, 2.29793206685e-09]
    },
    "gfcc": {
        "mean": [53.597858429, 96.1262588501, -113.937484741, 39.593460083, -58.0807418823, 24.6423187256, -38.3524246216, 16.1002082825, -23.0061588287, 3.13901996613, -22.001241684, 0.724500656128, -10.5668849945],
        "cov": [[1305.12634277, -876.594238281, 182.474212646, 8.13647270203, -64.7022628784, 125.505104065, -85.1008758545, 111.232803345, -171.266891479, 78.395401001, -203.93031311, 102.646263123, -160.555770874], [-876.594238281, 822.184020996, -254.219192505, -46.473274231, 82.730506897, -94.5114212036, 99.0062408447, -83.805267334, 151.21295166, -85.6696777344, 173.917327881, -107.064628601, 138.602767944], [182.474212646, -254.219192505, 342.35925293, 26.2069339752, -38.9071807861, 9.22246932983, -57.4688301086, 39.1818504333, -25.5571327209, 61.6001396179, -70.0812835693, 50.2986106873, -54.36510849], [8.13647270203, -46.473274231, 26.2069339752, 283.096405029, -18.1312828064, -45.7553138733, -13.2580451965, -28.8399219513, 28.9399795532, -9.12006950378, 39.6894302368, 10.5029201508, 37.3532333374], [-64.7022628784, 82.730506897, -38.9071807861, -18.1312828064, 129.012512207, -2.80592346191, -2.90913820267, 8.46972179413, 1.9605563879, -8.73613357544, 9.83596134186, 14.9956617355, 27.7167568207], [125.505104065, -94.5114212036, 9.22246932983, -45.7553138733, -2.80592346191, 119.543708801, 36.1261558533, 8.19365787506, -35.8420372009, 1.92386162281, -17.9903182983, 0.187097921968, -15.8001012802], [-85.1008758545, 99.0062408447, -57.4688301086, -13.2580451965, -2.90913820267, 36.1261558533, 132.708358765, -7.2722454071, 5.15043735504, -23.0850849152, 19.9327125549, -15.5009527206, 0.840227901936], [111.232803345, -83.805267334, 39.1818504333, -28.8399219513, 8.46972179413, 8.19365787506, -7.2722454071, 87.6694412231, 7.22346353531, 15.3797712326, -31.6116809845, 3.25361800194, -6.90324449539], [-171.266891479, 151.21295166, -25.5571327209, 28.9399795532, 1.9605563879, -35.8420372009, 5.15043735504, 7.22346353531, 113.171546936, 9.33961105347, 33.838760376, -30.4007472992, 30.6130657196], [78.395401001, -85.6696777344, 61.6001396179, -9.12006950378, -8.73613357544, 1.92386162281, -23.0850849152, 15.3797712326, 9.33961105347, 74.6275253296, -2.36675882339, 15.4399490356, -28.3898296356], [-203.93031311, 173.917327881, -70.0812835693, 39.6894302368, 9.83596134186, -17.9903182983, 19.9327125549, -31.6116809845, 33.838760376, -2.36675882339, 109.970069885, -9.34198570251, 36.8714599609], [102.646263123, -107.064628601, 50.2986106873, 10.5029201508, 14.9956617355, 0.187097921968, -15.5009527206, 3.25361800194, -30.4007472992, 15.4399490356, -9.34198570251, 84.6595001221, 1.39457023144], [-160.555770874, 138.602767944, -54.36510849, 37.3532333374, 27.7167568207, -15.8001012802, 0.840227901936, -6.90324449539, 30.6130657196, -28.3898296356, 36.8714599609, 1.39457023144, 94.2719650269]],
        "icov": [[0.00316020846367, 0.00306975585409, 0.00119807105511, -0.000220603804337, -0.000259535387158, -0.000694210524671, 0.000145967802382, -0.00114688952453, 0.000194995314814, -5.59522231924e-05, 0.00095097173471, -0.000348134257365, 0.00107492681127], [0.00306975585409, 0.0112057579681, 0.000358747260179, 0.004526657518, -0.00395446736366, 0.0049626477994, -0.00434010056779, 0.0045172367245, -0.00533174723387, 0.00430083600804, -0.00622291956097, 0.00609424291179, -0.00509958621114], [0.00119807105511, 0.000358747260179, 0.00531250191852, -0.00149755005259, 0.00131797755603, -0.0013052407885, 0.00158308108803, -0.00202182354406, 0.000468547135824, -0.00286631216295, 0.00320619880222, -0.0028234643396, 0.0021740202792], [-0.000220603804337, 0.004526657518, -0.00149755005259, 0.00717625860125, -0.00130491273012, 0.00443776790053, -0.00251187942922, 0.0044172857888, -0.00378902000375, 0.00336091849022, -0.00537866074592, 0.00309788575396, -0.00496435863897], [-0.000259535387158, -0.00395446736366, 0.00131797755603, -0.00130491273012, 0.0107542844489, -0.00244513014331, 0.00252049416304, -0.00375594059005, 0.0024864859879, -0.00162685883697, 0.00279493140988, -0.00511081051081, 0.000465045537567], [-0.000694210524671, 0.0049626477994, -0.0013052407885, 0.00443776790053, -0.00244513014331, 0.0151567906141, -0.0067013790831, 0.00353122269735, 4.70223749289e-05, 0.00113626336679, -0.00429718988016, 0.00580544630066, -0.00549046462402], [0.000145967802382, -0.00434010056779, 0.00158308108803, -0.00251187942922, 0.00252049416304, -0.0067013790831, 0.0123392725363, -0.00347784184851, 0.00130105833523, 0.00106059887912, 0.001933215186, -0.00393693940714, 0.00550799258053], [-0.00114688952453, 0.0045172367245, -0.00202182354406, 0.0044172857888, -0.00375594059005, 0.00353122269735, -0.00347784184851, 0.0186837594956, -0.00609089015052, 0.000629756308626, -0.000954126007855, 0.00474972929806, -0.00594519544393], [0.000194995314814, -0.00533174723387, 0.000468547135824, -0.00378902000375, 0.0024864859879, 4.70223749289e-05, 0.00130105833523, -0.00609089015052, 0.0179864428937, -0.00792749132961, 0.00288553279825, 0.00147743918933, -0.000616743520368], [-5.59522231924e-05, 0.00430083600804, -0.00286631216295, 0.00336091849022, -0.00162685883697, 0.00113626336679, 0.00106059887912, 0.000629756308626, -0.00792749132961, 0.0236690882593, -0.00816299859434, -0.000885002838913, 0.00421018991619], [0.00095097173471, -0.00622291956097, 0.00320619880222, -0.00537866074592, 0.00279493140988, -0.00429718988016, 0.001933215186, -0.000954126007855, 0.00288553279825, -0.00816299859434, 0.0210430007428, -0.00553436810151, 0.00157619465608], [-0.000348134257365, 0.00609424291179, -0.0028234643396, 0.00309788575396, -0.00511081051081, 0.00580544630066, -0.00393693940714, 0.00474972929806, 0.00147743918933, -0.000885002838913, -0.00553436810151, 0.0214438568801, -0.0084490487352], [0.00107492681127, -0.00509958621114, 0.0021740202792, -0.00496435863897, 0.000465045537567, -0.00549046462402, 0.00550799258053, -0.00594519544393, -0.000616743520368, 0.00421018991619, 0.00157619465608, -0.0084490487352, 0.0225920062512]]
    },
    "melbands": {
        "dmean": [0.000781067006756, 0.0016497077886, 0.00128361699171, 0.00039408550947, 0.000273862766335, 0.00021701490914, 0.000120934550068, 0.000172086263774, 0.000154915382154, 0.000173910491867, 0.000326642155414, 0.000109990578494, 6.42657614662e-05, 4.44778233941e-05, 3.86763604183e-05, 3.7035511923e-05, 5.67595670873e-05, 3.4907963709e-05, 3.18432757922e-05, 3.50242044078e-05, 1.89668189705e-05, 1.58366256073e-05, 1.28934152599e-05, 8.60688214743e-06, 9.72993530013e-06, 6.46648823022e-06, 6.22508605375e-06, 3.6325191104e-06, 3.07511618303e-06, 2.96497887575e-06, 3.30546959049e-06, 3.58666488864e-06, 3.03770707433e-06, 2.19944718083e-06, 2.21228651753e-06, 2.00089721147e-06, 1.60330193921e-06, 9.96723201752e-07, 7.66473704061e-07, 6.99951954175e-07],
        "dmean2": [0.00131562130991, 0.00288706202991, 0.00222592824139, 0.000653703173157, 0.000428245373769, 0.000323834188748, 0.000179800350452, 0.000255451363046, 0.000233710597968, 0.000267536612228, 0.000529707642272, 0.000158291441039, 0.00010063577065, 6.77341013215e-05, 6.1014725361e-05, 5.89632945776e-05, 8.80002553458e-05, 5.30692559551e-05, 5.04785784869e-05, 5.58840292797e-05, 2.99755720334e-05, 2.47317057074e-05, 2.05195992748e-05, 1.38491159305e-05, 1.5637551769e-05, 1.05727440314e-05, 1.01655205071e-05, 5.98896076554e-06, 5.14190287504e-06, 4.84011707158e-06, 5.24091637999e-06, 5.95116262048e-06, 4.77902540297e-06, 3.46737283508e-06, 3.48787853e-06, 3.0263215649e-06, 2.55580653175e-06, 1.57075669449e-06, 1.26612474105e-06, 1.09146367322e-06],
        "dvar": [1.28186434267e-06, 9.2744749054e-06, 7.59755494073e-06, 4.17842215938e-07, 1.26139624967e-07, 1.54570443556e-07, 4.39576268718e-08, 9.55087671173e-08, 1.42052130059e-07, 1.28089823193e-07, 4.75121822774e-07, 5.74999390324e-08, 2.12423021395e-08, 7.20302484325e-09, 7.53156292888e-09, 4.41349135016e-09, 8.92163143362e-09, 4.72193084633e-09, 5.45316636291e-09, 5.67651392558e-09, 1.07776909619e-09, 6.47026265899e-10, 5.82819958961e-10, 1.62933652681e-10, 2.48164322425e-10, 8.10754796632e-11, 9.46418429737e-11, 4.44962469648e-11, 2.92990111339e-11, 2.8636629526e-11, 4.40134872992e-11, 6.26148299876e-11, 4.47957435035e-11, 1.76305411242e-11, 2.11618274987e-11, 1.92033420415e-11, 1.84628076716e-11, 4.1803708932e-12, 3.08850839868e-12, 1.82936673622e-12],
        "dvar2": [3.55634756488e-06, 2.59396492766e-05, 2.03698455152e-05, 1.1030067526e-06, 2.89142235488e-07, 3.66714544953e-07, 1.03141417185e-07, 2.01538455258e-07, 2.87974813773e-07, 2.82950082919e-07, 1.15963177905e-06, 1.0748398438e-07, 5.0660688089e-08, 1.70311089676e-08, 1.82847195163e-08, 1.0659045202e-08, 2.15518412006e-08, 1.08270690191e-08, 1.34467050827e-08, 1.28943922206e-08, 2.3441821817e-09, 1.35770472642e-09, 1.08680642263e-09, 3.83631654222e-10, 5.47989653654e-10, 2.01250557885e-10, 2.38053382562e-10, 1.10400938391e-10, 7.55431134314e-11, 6.81818421167e-11, 1.1027334601e-10, 1.58551310969e-10, 1.07846981345e-10, 4.16842532713e-11, 4.83943406182e-11, 4.38406810854e-11, 4.48126327712e-11, 1.00772636763e-11, 8.71434695238e-12, 3.86239738109e-12],
        "max": [0.0132411364466, 0.0302095916122, 0.0294143650681, 0.0087486486882, 0.00453324895352, 0.00518776196986, 0.00360909942538, 0.00414019776508, 0.0087054958567, 0.00610979599878, 0.0104603581131, 0.00549042690545, 0.00287365471013, 0.00190082076006, 0.00223201070912, 0.00115246104542, 0.000935101415962, 0.0011929293396, 0.00154905172531, 0.000980048789643, 0.000893342716154, 0.000449165760074, 0.000632513023447, 0.000202376817469, 0.000368308334146, 0.000152286738739, 0.00012142048945, 0.000129494423163, 6.15359749645e-05, 6.23593223281e-05, 8.10021083453e-05, 0.000103835191112, 7.74212094257e-05, 5.13093546033e-05, 4.79262853332e-05, 5.92757787672e-05, 8.00602938398e-05, 3.21386323776e-05, 2.97746555589e-05, 2.50098109973e-05],
        "mean": [0.00220684194937, 0.00278862635605, 0.00195503234863, 0.000891853997018, 0.000575274345465, 0.000463390199002, 0.000281906046439, 0.000365130137652, 0.00032823451329, 0.000318831705954, 0.000608675589319, 0.000222698159632, 0.000124806727399, 8.89944931259e-05, 7.39962706575e-05, 6.77673669998e-05, 9.99763360596e-05, 6.15984099568e-05, 5.78505896556e-05, 5.89831870457e-05, 4.14954374719e-05, 3.0774554034e-05, 2.33214759646e-05, 1.76683824975e-05, 1.97628360183e-05, 1.36935159389e-05, 1.28589763335e-05, 7.09210280547e-06, 6.18794410912e-06, 5.91651314608e-06, 6.57089003653e-06, 6.99070596966e-06, 5.99414988756e-06, 4.53374059362e-06, 4.49475919595e-06, 3.73765828954e-06, 2.6349671316e-06, 1.73968396666e-06, 1.26052157157e-06, 1.20986442198e-06],
        "median": [0.00188577815425, 0.00212666066363, 0.00123275723308, 0.000739088165574, 0.000391404726543, 0.00027702213265, 0.000187633282621, 0.000162542768521, 0.000117281000712, 0.000166435507708, 0.000149402651004, 7.88825709606e-05, 6.5989777795e-05, 4.31262888014e-05, 2.9919514418e-05, 3.14354983857e-05, 4.50519801234e-05, 2.96555335808e-05, 3.08547096211e-05, 3.22705236613e-05, 2.30894493143e-05, 1.78469435923e-05, 1.35925802169e-05, 1.2485455045e-05, 1.32796631078e-05, 9.65287199506e-06, 7.36386300559e-06, 4.08825371778e-06, 3.32624676957e-06, 2.86910517389e-06, 2.92017784886e-06, 3.03054480355e-06, 2.45061778514e-06, 2.0435757051e-06, 1.7356370563e-06, 1.20601896469e-06, 8.99494978057e-07, 7.32069054266e-07, 5.20998469256e-07, 4.49132983249e-07],
        "min": [4.52657550341e-05, 0.000194583364646, 2.28471762966e-05, 9.2970985861e-06, 6.51174241284e-06, 1.50303767441e-05, 1.02478024928e-05, 6.45802265353e-06, 8.28683914733e-06, 5.16106410942e-06, 2.25333428716e-06, 3.148934411e-06, 2.01109742193e-06, 2.90586217488e-06, 8.84707105797e-07, 1.03383183614e-06, 1.33385981371e-06, 1.23392101159e-06, 1.21582343127e-06, 6.84736107814e-07, 8.8778853069e-07, 3.63418081406e-07, 2.48902324529e-07, 4.03653473313e-07, 1.70366689645e-07, 2.57520781588e-07, 1.59597078664e-07, 1.04472732687e-07, 1.0550220253e-07, 1.01478377701e-07, 3.77737592316e-08, 4.15907521756e-08, 4.69388190538e-08, 3.53142901588e-08, 2.4129720444e-08, 1.02239834376e-08, 1.44307943373e-09, 9.44539065018e-12, 3.15207478174e-11, 6.74844772078e-12],
