{
"highlevel": {
    "danceability": {
        "all": {
            "danceable": 0.9498950243,
            "not_danceable": 0.0501049645245
        },
        "probability": 0.9498950243,
        "value": "danceable"
    },
    "gender": {
        "all": {
            "female": 0.362064540386,
            "male": 0.637935459614
        },
        "probability": 0.637935459614,
        "value": "male"
    },
    "genre_dortmund": {
        "all": {
            "alternative": 0.17246375978,
            "blues": 0.0264677274972,
            "electronic": 0.0751373544335,
            "folkcountry": 0.0468813255429,
            "funksoulrnb": 0.00278308219276,
            "jazz": 0.019246103242,
            "pop": 0.0413004271686,
            "raphiphop": 0.0117369489744,
            "rock": 0.603983283043
        },
        "probability": 0.603983283043,
        "value": "rock"
    },
    "genre_electronic": {
        "all": {
            "ambient": 0.145810931921,
            "dnb": 0.408612549305,
            "house": 0.0395024307072,
            "techno": 0.0192275922745,
            "trance": 0.386846482754
        },
        "probability": 0.408612549305,
        "value": "dnb"
    },
    "genre_rosamerica": {
        "all": {
            "cla": 0.000771010352764,
            "dan": 0.302166104317,
            "hip": 0.0533502027392,
            "jaz": 0.00396642880514,
            "pop": 0.0736921057105,
            "rhy": 0.0112172728404,
            "roc": 0.553303658962,
            "spe": 0.00153322902042
        },
        "probability": 0.553303658962,
        "value": "roc"
    },
    "genre_tzanetakis": {
        "all": {
            "blu": 0.0626613423228,
            "cla": 0.0348169617355,
            "cou": 0.104475811124,
            "dis": 0.0784321576357,
            "hip": 0.15692435205,
            "jaz": 0.313974827528,
            "met": 0.0448166541755,
            "pop": 0.0627359300852,
            "reg": 0.0627360641956,
            "roc": 0.0784258767962
        },
        "probability": 0.313974827528,
        "value": "jaz"
    },
    "ismir04_rhythm": {
        "all": {
            "ChaChaCha": 0.911853551865,
            "Jive": 0.0460023917258,
            "Quickstep": 0.00265299645253,
            "Rumba-American": 0.00657282350585,
            "Rumba-International": 0.00240658270195,
            "Rumba-Misc": 0.000376947107725,
            "Samba": 0.0244496706873,
            "Tango": 0.00147522788029,
            "VienneseWaltz": 0.00360247050412,
            "Waltz": 0.000607357360423
        },
        "probability": 0.911853551865,
        "value": "ChaChaCha"
    },
    "mood_acoustic": {
        "all": {
            "acoustic": 0.0160664524883,
            "not_acoustic": 0.983933568001
        },
        "probability": 0.983933568001,
        "value": "not_acoustic"
    },
    "mood_aggressive": {
        "all": {
            "aggressive": 0.939529955387,
            "not_aggressive": 0.0604700483382
        },
        "probability": 0.939529955387,
        "value": "aggressive"
    },
    "mood_electronic": {
        "all": {
            "electronic": 0.245083004236,
            "not_electronic": 0.754916965961
        },
        "probability": 0.754916965961,
        "value": "not_electronic"
    },
    "mood_happy": {
        "all": {
            "happy": 0.544343292713,
            "not_happy": 0.455656737089
        },
        "probability": 0.544343292713,
        "value": "happy"
    },
    "mood_party": {
        "all": {
            "not_party": 0.407530933619,
            "party": 0.592469036579
        },
        "probability": 0.592469036579,
        "value": "party"
    },
    "mood_relaxed": {
        "all": {
            "not_relaxed": 0.952728569508,
            "relaxed": 0.0472714267671
        },
        "probability": 0.952728569508,
        "value": "not_relaxed"
    },
    "mood_sad": {
        "all": {
            "not_sad": 0.761229097843,
            "sad": 0.238770917058
        },
        "probability": 0.761229097843,
        "value": "not_sad"
    },
    "moods_mirex": {
        "all": {
            "Cluster1": 0.244467154145,
            "Cluster2": 0.163787394762,
            "Cluster3": 0.0839415118098,
            "Cluster4": 0.0330589227378,
            "Cluster5": 0.474745005369
        },
        "probability": 0.474745005369,
        "value": "Cluster5"
    },
    "timbre": {
        "all": {
            "bright": 0.83070731163,
            "dark": 0.169292718172
        },
        "probability": 0.83070731163,
        "value": "bright"
    },
    "tonal_atonal": {
        "all": {
            "atonal": 0.0203249044716,
            "tonal": 0.979675114155
        },
        "probability": 0.979675114155,
        "value": "tonal"
    },
    "voice_instrumental": {
        "all": {
            "instrumental": 0.0178674105555,
            "voice": 0.982132613659
        },
        "probability": 0.982132613659,
        "value": "voice"
    }
},
"lowlevel": {
    "average_loudness": 0.98015588522,
    "barkbands_crest": {
        "dmean": 3.1891644001,
        "dmean2": 5.31120204926,
        "dvar": 7.54727840424,
        "dvar2": 20.3265590668,
        "max": 23.8090209961,
        "mean": 12.1986255646,
        "median": 11.7755012512,
        "min": 2.78789663315,
        "var": 19.2758045197
    },
    "barkbands_flatness_db": {
        "dmean": 0.0266543682665,
        "dmean2": 0.0394578911364,
        "dvar": 0.000542295456398,
        "dvar2": 0.00118204473983,
        "max": 0.313844382763,
        "mean": 0.147950321436,
        "median": 0.148688524961,
        "min": 0.0314723551273,
        "var": 0.00174965627957
    },
    "barkbands_kurtosis": {
        "dmean": 3.01352620125,
        "dmean2": 4.82192230225,
        "dvar": 15.7449903488,
        "dvar2": 37.2717514038,
        "max": 48.6406745911,
        "mean": 3.78777599335,
        "median": 2.10278272629,
        "min": -1.7424851656,
        "var": 28.1152935028
    },
    "barkbands_skewness": {
        "dmean": 0.623552858829,
        "dmean2": 0.979588329792,
        "dvar": 0.33800855279,
        "dvar2": 0.817111551762,
        "max": 6.56165504456,
        "mean": 1.92140829563,
        "median": 1.76500618458,
        "min": -0.0893305763602,
        "var": 0.92561763525
    },
    "barkbands_spread": {
        "dmean": 8.18262767792,
        "dmean2": 12.1149425507,
        "dvar": 57.0554389954,
        "dvar2": 121.789093018,
        "max": 76.3152618408,
        "mean": 29.0592098236,
        "median": 26.5842781067,
        "min": 3.78137660027,
        "var": 174.131286621
    },
    "dissonance": {
        "dmean": 0.0116496076807,
        "dmean2": 0.0195644367486,
        "dvar": 0.000137529626954,
        "dvar2": 0.000384516315535,
        "max": 0.499995201826,
        "mean": 0.478809148073,
        "median": 0.482535630465,
        "min": 0.357188910246,
        "var": 0.000285767775495
    },
    "dynamic_complexity": 1.06581139565,
    "erbbands_crest": {
        "dmean": 2.14328527451,
        "dmean2": 3.29889893532,
        "dvar": 4.31132793427,
        "dvar2": 9.3876619339,
        "max": 23.9688873291,
        "mean": 7.91975498199,
        "median": 6.86365175247,
        "min": 2.59752416611,
        "var": 15.9964475632
    },
    "erbbands_flatness_db": {
        "dmean": 0.0171772819012,
        "dmean2": 0.0228922087699,
        "dvar": 0.000221406371566,
        "dvar2": 0.000362908380339,
        "max": 0.215516075492,
        "mean": 0.12689499557,
        "median": 0.125825449824,
        "min": 0.063108548522,
        "var": 0.000872962700669
    },
    "erbbands_kurtosis": {
        "dmean": 0.601007163525,
        "dmean2": 0.954548358917,
        "dvar": 0.474859565496,
        "dvar2": 1.01428115368,
        "max": 6.55102157593,
        "mean": -0.123383641243,
        "median": -0.418985128403,
        "min": -1.65292346478,
        "var": 1.17519593239
    },
    "erbbands_skewness": {
        "dmean": 0.28939384222,
        "dmean2": 0.434235811234,
        "dvar": 0.0718086734414,
        "dvar2": 0.143516212702,
        "max": 2.0083990097,
        "mean": -0.325387060642,
        "median": -0.334699600935,
        "min": -2.50714731216,
        "var": 0.403629630804
    },
    "erbbands_spread": {
        "dmean": 9.18600845337,
        "dmean2": 14.2363042831,
        "dvar": 74.8533630371,
        "dvar2": 167.608428955,
        "max": 108.475860596,
        "mean": 49.5864524841,
        "median": 48.3418464661,
        "min": 13.5461235046,
        "var": 228.714065552
    },
    "hfc": {
        "dmean": 9.84564971924,
        "dmean2": 12.335193634,
        "dvar": 122.385932922,
        "dvar2": 166.245925903,
        "max": 111.19203949,
        "mean": 30.7272701263,
        "median": 24.9874095917,
        "min": 3.80319738388,
        "var": 379.71206665
    },
    "melbands_crest": {
        "dmean": 3.31365919113,
        "dmean2": 5.64038705826,
        "dvar": 7.49407243729,
        "dvar2": 21.4265270233,
        "max": 29.4384155273,
        "mean": 17.1372089386,
        "median": 17.2848529816,
        "min": 6.51761674881,
        "var": 16.8829307556
    },
    "melbands_flatness_db": {
        "dmean": 0.0337161906064,
        "dmean2": 0.0496385619044,
        "dvar": 0.000833115715068,
        "dvar2": 0.00178628705908,
        "max": 0.374971061945,
        "mean": 0.207039952278,
        "median": 0.209425404668,
        "min": 0.066299341619,
        "var": 0.00295625440776
    },
    "melbands_kurtosis": {
        "dmean": 11.4420928955,
        "dmean2": 18.2255935669,
        "dvar": 199.185348511,
        "dvar2": 467.224243164,
        "max": 157.010864258,
        "mean": 21.5500526428,
        "median": 14.6624336243,
        "min": -0.052463054657,
        "var": 409.933380127
    },
    "melbands_skewness": {
        "dmean": 1.05304765701,
        "dmean2": 1.66754055023,
        "dvar": 1.00066947937,
        "dvar2": 2.33371543884,
        "max": 11.2743463516,
        "mean": 3.94273972511,
        "median": 3.58377838135,
        "min": 1.02969014645,
        "var": 3.03399419785
    },
    "melbands_spread": {
        "dmean": 7.69132089615,
        "dmean2": 11.9005832672,
        "dvar": 57.2833404541,
        "dvar2": 139.086578369,
        "max": 89.0079193115,
        "mean": 20.9175796509,
        "median": 17.9943351746,
        "min": 2.1036169529,
        "var": 152.917602539
    },
    "pitch_salience": {
        "dmean": 0.0799204856157,
        "dmean2": 0.131705895066,
        "dvar": 0.00482783466578,
        "dvar2": 0.0125283272937,
        "max": 0.792704105377,
        "mean": 0.448145508766,
        "median": 0.440795361996,
        "min": 0.139418050647,
        "var": 0.0116855669767
    },
    "silence_rate_20dB": {
        "dmean": 0,
        "dmean2": 0,
        "dvar": 0,
        "dvar2": 0,
        "max": 1,
        "mean": 1,
        "median": 1,
        "min": 1,
        "var": 0
    },
    "silence_rate_30dB": {
        "dmean": 0.0154798757285,
        "dmean2": 0.0309837330133,
        "dvar": 0.0152403824031,
        "dvar2": 0.0362208336592,
        "max": 1,
        "mean": 0.982211887836,
        "median": 1,
        "min": 0,
        "var": 0.0174718406051
    },
    "silence_rate_60dB": {
        "dmean": 0,
        "dmean2": 0,
        "dvar": 0,
        "dvar2": 0,
        "max": 0,
        "mean": 0,
        "median": 0,
        "min": 0,
        "var": 0
    },
    "spectral_centroid": {
        "dmean": 289.782897949,
        "dmean2": 432.798400879,
        "dvar": 67308.015625,
        "dvar2": 133189.4375,
        "max": 3379.95581055,
        "mean": 1830.03833008,
        "median": 1789.40698242,
        "min": 633.661560059,
        "var": 266773.1875
    },
    "spectral_complexity": {
        "dmean": 5.51780176163,
        "dmean2": 7.71494960785,
        "dvar": 27.2914714813,
        "dvar2": 42.6995010376,
        "max": 60,
        "mean": 28.5235881805,
        "median": 26,
        "min": 3,
        "var": 109.946296692
    },
    "spectral_decrease": {
        "dmean": 4.10043554666e-09,
        "dmean2": 6.67256871978e-09,
        "dvar": 1.50882458659e-17,
        "dvar2": 3.88219353401e-17,
        "max": -1.80804782257e-09,
        "mean": -1.21041052736e-08,
        "median": -1.09886251209e-08,
        "min": -3.63491992061e-08,
        "var": 3.18381354551e-17
    },
    "spectral_energy": {
        "dmean": 0.0158971231431,
        "dmean2": 0.025610813871,
        "dvar": 0.000220393412746,
        "dvar2": 0.000566553033423,
        "max": 0.139598935843,
        "mean": 0.0484707467258,
        "median": 0.0441876798868,
        "min": 0.00768384244293,
        "var": 0.000476299785078
    },
    "spectral_energyband_high": {
        "dmean": 0.000950559217017,
        "dmean2": 0.00117601000238,
        "dvar": 1.33644687139e-06,
        "dvar2": 1.89779484572e-06,
        "max": 0.0104719512165,
        "mean": 0.00187501776963,
        "median": 0.00107412342913,
        "min": 5.33385282324e-05,
        "var": 3.69994654648e-06
    },
    "spectral_energyband_low": {
        "dmean": 0.0149329937994,
        "dmean2": 0.0247066318989,
        "dvar": 0.000218233850319,
        "dvar2": 0.000553794205189,
        "max": 0.125386849046,
        "mean": 0.0322037227452,
        "median": 0.026881556958,
        "min": 0.00133953779005,
        "var": 0.000456385751022
    },
    "spectral_energyband_middle_high": {
        "dmean": 0.00162288243882,
        "dmean2": 0.00227102241479,
        "dvar": 3.09394295073e-06,
        "dvar2": 5.56789882467e-06,
        "max": 0.0214024111629,
        "mean": 0.00569295417517,
        "median": 0.00485121784732,
        "min": 0.000568424584344,
        "var": 1.24460866573e-05
    },
    "spectral_energyband_middle_low": {
        "dmean": 0.00405356520787,
        "dmean2": 0.00663595600054,
        "dvar": 1.78228783625e-05,
        "dvar2": 4.57689639006e-05,
        "max": 0.0417723506689,
        "mean": 0.0104928957298,
        "median": 0.00932764261961,
        "min": 0.000699197582435,
        "var": 3.64397164958e-05
    },
    "spectral_entropy": {
        "dmean": 0.146414652467,
        "dmean2": 0.184723034501,
        "dvar": 0.0174937751144,
        "dvar2": 0.0306888464838,
        "max": 8.38669586182,
        "mean": 7.8276758194,
        "median": 7.8209400177,
        "min": 7.23248100281,
        "var": 0.0676629021764
    },
    "spectral_flux": {
        "dmean": 0.0288556106389,
        "dmean2": 0.0464192256331,
        "dvar": 0.000775869877543,
        "dvar2": 0.00196932349354,
        "max": 0.266320556402,
        "mean": 0.107994295657,
        "median": 0.105112046003,
        "min": 0.0230136122555,
        "var": 0.00140450370964
    },
    "spectral_kurtosis": {
        "dmean": 0.955794215202,
        "dmean2": 1.57377851009,
        "dvar": 0.772173881531,
        "dvar2": 2.02239584923,
        "max": 9.13056373596,
        "mean": 2.78503775597,
        "median": 2.61896371841,
        "min": -0.393434524536,
        "var": 1.54094052315
    },
    "spectral_rms": {
        "dmean": 0.00112675165292,
        "dmean2": 0.00180963193998,
        "dvar": 9.66219431575e-07,
        "dvar2": 2.49418440035e-06,
        "max": 0.0116702215746,
        "mean": 0.00671299546957,
        "median": 0.00656581530347,
        "min": 0.00273796124384,
        "var": 2.22418839257e-06
    },
    "spectral_rolloff": {
        "dmean": 644.180114746,
        "dmean2": 1057.01208496,
        "dvar": 610145,
        "dvar2": 1332646.375,
        "max": 7278.22265625,
        "mean": 1251.25769043,
        "median": 732.12890625,
        "min": 86.1328125,
        "var": 1272151.75
    },
    "spectral_skewness": {
        "dmean": 0.15589210391,
        "dmean2": 0.243175119162,
        "dvar": 0.0190321113914,
        "dvar2": 0.0457257851958,
        "max": 2.28671479225,
        "mean": 1.10063421726,
        "median": 1.11333763599,
        "min": 0.0416943691671,
        "var": 0.0523841306567
    },
    "spectral_spread": {
        "dmean": 660582.875,
        "dmean2": 872302.875,
        "dvar": 451257729024,
        "dvar2": 860152725504,
        "max": 9370241,
        "mean": 4637650,
        "median": 4371743.5,
        "min": 2767443,
        "var": 1.24911589786e+12
    },
    "spectral_strongpeak": {
        "dmean": 0.307155489922,
        "dmean2": 0.539626061916,
        "dvar": 0.2320445925,
        "dvar2": 0.624648094177,
        "max": 4.34361791611,
        "mean": 0.542359411716,
        "median": 0.401413202286,
        "min": 0.0304090455174,
        "var": 0.246682077646
    },
    "zerocrossingrate": {
        "dmean": 0.0134300021455,
        "dmean2": 0.014704413712,
        "dvar": 0.000130709900986,
        "dvar2": 0.000160449766554,
        "max": 0.1552734375,
        "mean": 0.0576802529395,
        "median": 0.05224609375,
        "min": 0.0078125,
        "var": 0.000721018877812
    },
    "barkbands": {
        "dmean": [0.000154572611791, 0.011743334122, 0.00566435139626, 0.00242155487649, 0.000952981004957, 0.000549771182705, 0.000191619037651, 0.000783336232416, 0.00109181622975, 0.000273590412689, 0.000341148930602, 0.000209634847124, 0.000290457159281, 0.000269264273811, 0.000320133636706, 0.000277572427876, 0.00028231125907, 0.000295927427942, 0.000372704933397, 0.000272434641374, 0.000230763049331, 0.000180496324901, 0.000193640167709, 0.000140189484227, 0.000144440593431, 7.46975201764e-05, 7.70183294918e-09],
        "dmean2": [0.000257125560893, 0.0191426891834, 0.00976306572556, 0.00414480874315, 0.00164597295225, 0.000894873403013, 0.000318588950904, 0.00122957769781, 0.00166655913927, 0.00042794024921, 0.000517923035659, 0.00031653791666, 0.000461734191049, 0.000424585450673, 0.00049809308257, 0.000438568240497, 0.000446853518952, 0.000460262730485, 0.000560202111956, 0.000405681261327, 0.000310531439027, 0.000241980334977, 0.00026442669332, 0.000189300684724, 0.000206599856028, 0.000108141779492, 1.40127802695e-08],
        "dvar": [2.95106623582e-08, 0.000155246612849, 3.81470490538e-05, 9.1295760285e-06, 1.26356087549e-06, 6.20296702891e-07, 1.1047682591e-07, 1.53426765337e-06, 3.61482989319e-06, 3.27444951154e-07, 5.4857412124e-07, 2.47434627454e-07, 2.82701080323e-07, 2.53348503065e-07, 2.51246376592e-07, 1.78803588824e-07, 1.17535549293e-07, 1.4194657183e-07, 2.35700227336e-07, 1.33270432912e-07, 7.98783048594e-08, 5.58499699821e-08, 6.43452580107e-08, 3.47312010263e-08, 4.6844292001e-08, 1.20067573661e-08, 1.93450106703e-15],
        "dvar2": [6.76105074149e-08, 0.000380307406886, 0.000107354397187, 2.45388673648e-05, 3.55704196409e-06, 1.40240069868e-06, 2.98733084492e-07, 3.48916478288e-06, 7.80333539296e-06, 7.2420067454e-07, 1.23602967506e-06, 4.92327046686e-07, 6.59795489355e-07, 5.4436981145e-07, 5.71324676457e-07, 4.46151432243e-07, 2.84240911697e-07, 3.30441224605e-07, 5.14700502663e-07, 2.84090191371e-07, 1.42672533343e-07, 1.04913624455e-07, 1.05989478527e-07, 6.00444778343e-08, 9.66195514707e-08, 2.37411423853e-08, 4.68172220013e-15],
        "max": [0.00361218163744, 0.112990126014, 0.0436552800238, 0.0296228472143, 0.0103584937751, 0.0103947985917, 0.00553390290588, 0.0150506524369, 0.0212245434523, 0.00821721740067, 0.0101388804615, 0.00945784617215, 0.00918961316347, 0.00817971210927, 0.0067029222846, 0.00575087871403, 0.00408267555758, 0.00495984964073, 0.00601126253605, 0.00577486027032, 0.00343201379292, 0.00236444082111, 0.00180521607399, 0.00164228118956, 0.00173556059599, 0.000807743053883, 8.35322339299e-07],
        "mean": [0.000202173701837, 0.0220127366483, 0.00828803051263, 0.00342111522332, 0.0018481212901, 0.000989738851786, 0.000297190388665, 0.00155788729899, 0.00223182793707, 0.000498532201163, 0.000563778332435, 0.000335186981829, 0.000528309319634, 0.000446894846391, 0.000533557846211, 0.000515557534527, 0.000585244677495, 0.000650881382171, 0.00081658794079, 0.000576431455556, 0.00048373802565, 0.000314690900268, 0.000294572237181, 0.000209441917832, 0.000182404677616, 8.60997897689e-05, 5.0778736771e-09],
        "median": [0.000140793519677, 0.0172572974116, 0.00597273744643, 0.00226509338245, 0.00149975938257, 0.000480368587887, 0.000210180107388, 0.000429670879385, 0.000482842122437, 0.000162439973792, 0.000178092130227, 0.000110666398541, 0.000288257404463, 0.000249015109148, 0.000255869177636, 0.000333241070621, 0.000432135391748, 0.000487603247166, 0.000531904923264, 0.00039513289812, 0.000333938223775, 0.00016885738296, 0.000107725463749, 7.00069576851e-05, 4.73863547086e-05, 1.6367635908e-05, 7.12646830436e-10],
        "min": [4.04797759757e-07, 0.000144126417581, 8.63849709276e-05, 6.44970059511e-05, 0.000121030854643, 7.2375032687e-06, 1.1606627595e-05, 2.02749797609e-05, 1.07865371319e-05, 8.91410309123e-06, 3.06472566081e-06, 2.46933291237e-06, 7.30029523766e-06, 7.86693635746e-06, 1.02292906377e-05, 2.77545641438e-05, 1.76867961272e-05, 2.28424432862e-05, 3.34154574375e-05, 3.06802685373e-05, 1.92851985048e-05, 8.01574697107e-06, 1.94929293684e-06, 8.43855104904e-07, 7.73447209057e-11, 1.02020843162e-10, 1.39424374823e-11],
        "var": [4.57587745473e-08, 0.000356016476871, 4.70996492368e-05, 1.1545774214e-05, 1.63823858657e-06, 1.64196478636e-06, 1.31508144818e-07, 4.81712595501e-06, 1.27579123728e-05, 7.55535609187e-07, 1.31703723127e-06, 5.43492831184e-07, 6.44459760224e-07, 4.47908320211e-07, 5.25016332631e-07, 3.03751704678e-07, 2.49538743446e-07, 3.04367688386e-07, 6.13315705777e-07, 3.02916618011e-07, 2.19291891312e-07, 1.3357649209e-07, 1.37930442179e-07, 7.42927213082e-08, 7.17789419014e-08, 1.87730950785e-08, 1.27833577125e-15]
    },
    "erbbands": {
        "dmean": [0.257943302393, 2.96831512451, 6.73756456375, 6.18343019485, 5.61914777756, 2.60264801979, 4.14364480972, 4.74782180786, 2.09181118011, 7.33838701248, 19.5428066254, 25.6369762421, 10.1425294876, 11.0146284103, 13.1107940674, 6.706990242, 12.2090063095, 13.2458763123, 16.1933097839, 13.0531711578, 13.9108743668, 14.9709596634, 15.9258670807, 18.931224823, 16.8199520111, 13.2827148438, 11.7357301712, 7.60697650909, 6.97885894775, 4.92837619781, 6.07012462616, 3.1357884407, 2.32727718353, 1.73494017124, 0.987951219082, 0.415639251471, 0.12412969023, 0.0115473717451, 0.00021570759418, 2.54611277342e-05],
        "dmean2": [0.435381025076, 4.80291700363, 11.4985132217, 10.6594581604, 9.53299236298, 4.38731813431, 6.73554897308, 7.63629817963, 3.45183897018, 11.8030939102, 30.313835144, 39.5424156189, 14.7896251678, 17.9273204803, 19.265958786, 10.0656032562, 19.4384346008, 20.6648483276, 25.2302436829, 20.5900211334, 21.6171646118, 23.3932743073, 25.0239105225, 28.7241744995, 25.5621700287, 18.9502391815, 16.3695392609, 10.5320453644, 9.58807182312, 6.58471345901, 8.53989505768, 4.23304414749, 3.29352879524, 2.46519136429, 1.44896662235, 0.604072988033, 0.180252850056, 0.0177996121347, 0.000319731974741, 3.77593532903e-05],
        "dvar": [0.0623841583729, 10.861623764, 55.8735847473, 53.2976112366, 54.2315864563, 9.38079929352, 30.2438774109, 65.6321868896, 7.38079833984, 206.424636841, 1043.71777344, 2272.86157227, 324.934204102, 746.17401123, 790.152099609, 252.476318359, 499.685913086, 693.301269531, 723.006103516, 387.220916748, 342.121795654, 342.773803711, 402.291778564, 721.315612793, 527.380004883, 301.5340271, 227.762268066, 94.9057388306, 94.7192611694, 40.7118873596, 67.2892227173, 17.312002182, 9.73446369171, 6.62140083313, 2.27338600159, 0.36198168993, 0.0348656475544, 0.000457268441096, 1.35325691986e-07, 6.38489205951e-10],
        "dvar2": [0.17974242568, 25.911945343, 152.200286865, 149.73651123, 149.553451538, 24.5622558594, 75.0210952759, 140.978485107, 19.2422351837, 474.292297363, 2495.5949707, 5087.33007812, 654.667602539, 1907.19030762, 1500.52832031, 480.632659912, 1266.29333496, 1457.07312012, 1618.67724609, 976.481506348, 817.289672852, 822.156188965, 907.882263184, 1736.06481934, 1221.83117676, 604.667541504, 455.58215332, 172.662185669, 187.816162109, 71.9792480469, 120.218566895, 29.8105716705, 18.4661102295, 13.170545578, 4.7078166008, 0.70135807991, 0.068409845233, 0.00105817499571, 3.00609912074e-07, 1.29949184746e-09],
        "max": [1.95152390003, 30.7574729919, 62.7198448181, 65.7963943481, 61.7752990723, 30.8285446167, 64.0366592407, 134.324127197, 25.7517528534, 208.306625366, 372.548217773, 556.400756836, 276.070404053, 409.095367432, 522.605773926, 470.724700928, 323.080596924, 504.856811523, 371.446502686, 227.392456055, 239.63369751, 251.344619751, 293.572387695, 466.262481689, 291.450073242, 210.989501953, 196.21496582, 101.789596558, 99.8947601318, 62.9458656311, 60.4715576172, 42.9075050354, 25.296043396, 19.7678432465, 10.2043981552, 3.9588265419, 1.52207100391, 0.22762081027, 0.00380631769076, 0.000252385216299],
        "mean": [0.476271629333, 5.43192052841, 10.5951242447, 10.5094127655, 9.45819091797, 4.96562480927, 6.84953069687, 8.88674259186, 3.8147881031, 13.7355699539, 42.1761512756, 53.8357620239, 20.5159873962, 19.1755161285, 25.5134677887, 13.1156692505, 22.9443359375, 25.1375789642, 29.2927970886, 23.8728981018, 29.2297554016, 32.6191978455, 37.9587860107, 38.9651641846, 37.6332702637, 27.8581237793, 23.9773578644, 15.5428752899, 11.9113340378, 8.48684692383, 8.71283912659, 4.79473018646, 3.30301427841, 2.25350141525, 1.18927359581, 0.48944658041, 0.142006456852, 0.01163039729, 0.000253447971772, 7.07046419848e-05],
        "median": [0.387935221195, 3.91047763824, 7.50413656235, 8.24623775482, 7.35251426697, 3.84482336044, 4.38865041733, 3.22922062874, 2.82163643837, 6.0269317627, 12.7478618622, 16.0564613342, 8.33322143555, 6.92804574966, 7.766248703, 5.9388384819, 12.774315834, 14.8869838715, 15.2929019928, 14.222120285, 21.2490329742, 23.8365745544, 29.1516857147, 25.5413684845, 25.642162323, 18.9484176636, 16.7774982452, 10.2705888748, 6.42317771912, 4.10668754578, 2.97145843506, 1.78871333599, 1.0183596611, 0.605374395847, 0.290424406528, 0.0955623760819, 0.0271422136575, 0.00224739918485, 7.15755886631e-05, 6.04802262387e-05],
        "min": [0.0054441653192, 0.0571801066399, 0.180040434003, 0.637527346611, 0.654646992683, 0.273986011744, 0.103567264974, 0.0906569138169, 0.302261978388, 0.71838581562, 0.410283505917, 0.362364500761, 0.471004337072, 0.276407033205, 0.241381794214, 0.344146639109, 0.47527718544, 0.457794040442, 0.631228029728, 0.966351091862, 1.86517834663, 2.0279006958, 1.96973049641, 1.41236341, 2.31142401695, 1.71073567867, 0.978004515171, 0.61665314436, 0.318600982428, 0.132610440254, 0.0592666715384, 0.0173155423254, 0.00919618830085, 0.000516110216267, 0.000156544105266, 3.0744162359e-05, 9.51710171648e-06, 1.97688564185e-06, 6.80406719766e-06, 1.03983493318e-05],
        "var": [0.123306885362, 25.2928562164, 82.3928756714, 60.2565422058, 64.6184387207, 15.8169527054, 56.2846832275, 192.215194702, 11.094244957, 488.397247314, 3802.42333984, 7787.56542969, 921.898010254, 1398.67565918, 2886.33374023, 675.756469727, 1036.26098633, 1328.90625, 1511.38317871, 675.589538574, 655.48059082, 795.205200195, 959.219177246, 1516.26049805, 1231.84423828, 711.758544922, 547.663879395, 241.688278198, 199.361831665, 98.853843689, 127.676490784, 37.0987968445, 19.4892845154, 10.630156517, 3.36223435402, 0.570216655731, 0.0548282340169, 0.000515427906066, 1.71561950424e-07, 1.4359119449e-09]
    },
    "gfcc": {
        "mean": [48.0978622437, 82.0477905273, -110.987503052, 63.4242553711, -44.6647834778, 23.3418006897, -27.3770637512, 22.5034313202, -21.2963848114, 5.44770479202, -20.7959060669, -6.22355222702, -15.2991123199],
        "cov": [[1498.65087891, -927.476379395, 269.3855896, -201.365539551, -221.838867188, 174.202087402, -193.929885864, 130.004608154, -173.905548096, 145.522186279, -139.662536621, 124.143951416, -115.011161804], [-927.476379395, 931.879333496, -308.03527832, -13.5469532013, 157.016616821, -168.930038452, 211.292770386, -92.7406005859, 118.981895447, -117.076713562, 113.008804321, -107.974243164, 128.759414673], [269.3855896, -308.03527832, 283.697814941, 17.6264057159, -31.1131477356, 64.5735015869, -60.2092437744, 57.7490997314, -21.6774482727, 60.1911888123, -40.1367874146, 61.1619110107, -52.2654304504], [-201.365539551, -13.5469532013, 17.6264057159, 242.501327515, 47.4188957214, -12.5689735413, -29.977519989, -41.1647033691, 48.7754707336, -12.8370485306, 47.4566268921, -23.3480854034, 9.93185043335], [-221.838867188, 157.016616821, -31.1131477356, 47.4188957214, 165.601119995, -30.9484806061, 41.5033607483, -24.1377429962, 20.9008388519, 10.7786569595, 34.4388389587, -9.43770027161, 0.856938242912], [174.202087402, -168.930038452, 64.5735015869, -12.5689735413, -30.9484806061, 161.174987793, 1.61749756336, -1.25603318214, -20.1326560974, 9.41825294495, 1.01162707806, 18.5607357025, -7.45443964005], [-193.929885864, 211.292770386, -60.2092437744, -29.977519989, 41.5033607483, 1.61749756336, 151.222351074, 19.3494663239, 34.2401924133, -31.9729557037, 17.4745769501, -16.9093647003, 20.181394577], [130.004608154, -92.7406005859, 57.7490997314, -41.1647033691, -24.1377429962, -1.25603318214, 19.3494663239, 122.479431152, 17.8012466431, 8.85859584808, -46.4637451172, 3.05804896355, -13.6358661652], [-173.905548096, 118.981895447, -21.6774482727, 48.7754707336, 20.9008388519, -20.1326560974, 34.2401924133, 17.8012466431, 101.526626587, -14.8843603134, 2.75328993797, -41.0613822937, 13.7665987015], [145.522186279, -117.076713562, 60.1911888123, -12.8370485306, 10.7786569595, 9.41825294495, -31.9729557037, 8.85859584808, -14.8843603134, 73.1851806641, -2.70086359978, 23.0481853485, -22.2206287384], [-139.662536621, 113.008804321, -40.1367874146, 47.4566268921, 34.4388389587, 1.01162707806, 17.4745769501, -46.4637451172, 2.75328993797, -2.70086359978, 83.7215881348, 1.86807727814, 24.8543739319], [124.143951416, -107.974243164, 61.1619110107, -23.3480854034, -9.43770027161, 18.5607357025, -16.9093647003, 3.05804896355, -41.0613822937, 23.0481853485, 1.86807727814, 69.5235977173, -3.50570940971], [-115.011161804, 128.759414673, -52.2654304504, 9.93185043335, 0.856938242912, -7.45443964005, 20.181394577, -13.6358661652, 13.7665987015, -22.2206287384, 24.8543739319, -3.50570940971, 77.8563766479]],
        "icov": [[0.00283317267895, 0.00303144054487, 0.000271080032689, 0.00240903371014, 0.000558870146051, 0.000299763458315, -0.000216142143472, -0.000296505109873, 0.000635227712337, -0.00130613648798, -0.000697889889125, 0.000944954634178, -0.00114663981367], [0.00303144054487, 0.0135489562526, -0.000906741712242, 0.00925181712955, -0.00447990000248, 0.00882112514228, -0.00742870010436, 0.0065491758287, -0.00511746108532, 0.00628728372976, -0.00891316775233, 0.0091147609055, -0.00979652628303], [0.000271080032689, -0.000906741712242, 0.00794574245811, -0.00271640019491, 0.00107138697058, -0.00334930769168, 0.00205900194123, -0.00368278194219, -0.000354161515133, -0.00406688032672, 0.00309353717603, -0.00685097603127, 0.00367522914894], [0.00240903371014, 0.00925181712955, -0.00271640019491, 0.0133604072034, -0.00453190365806, 0.00605973787606, -0.00198008073494, 0.00548986205831, -0.0065715261735, 0.00680215703323, -0.00988616608083, 0.00778629910201, -0.00655512372032], [0.000558870146051, -0.00447990000248, 0.00107138697058, -0.00453190365806, 0.0110921440646, -0.00252693565562, 0.000130365107907, -0.00208351714537, 0.00273708766326, -0.00754127418622, 0.00257182400674, -0.00380956102163, 0.0051402351819], [0.000299763458315, 0.00882112514228, -0.00334930769168, 0.00605973787606, -0.00252693565562, 0.0146362213418, -0.0076188929379, 0.00694315694273, -0.00355858239345, 0.00605435855687, -0.00781054608524, 0.00746694812551, -0.00736013846472], [-0.000216142143472, -0.00742870010436, 0.00205900194123, -0.00198008073494, 0.000130365107907, -0.0076188929379, 0.0161937884986, -0.00796283967793, 0.000509621459059, -0.000390581291867, 0.00234354054555, -0.00661542685702, 0.00603037746623], [-0.000296505109873, 0.0065491758287, -0.00368278194219, 0.00548986205831, -0.00208351714537, 0.00694315694273, -0.00796283967793, 0.0178831089288, -0.00668942183256, 0.0039469175972, 0.000175601642695, 0.00535468105227, -0.00606346409768], [0.000635227712337, -0.00511746108532, -0.000354161515133, -0.0065715261735, 0.00273708766326, -0.00355858239345, 0.000509621459059, -0.00668942183256, 0.020440870896, -0.00587952090427, 0.00518009625375, 0.00472538825125, 0.0015943814069], [-0.00130613648798, 0.00628728372976, -0.00406688032672, 0.00680215703323, -0.00754127418622, 0.00605435855687, -0.000390581291867, 0.0039469175972, -0.00587952090427, 0.027419783175, -0.00941373407841, 0.00261547183618, -0.00248173298314], [-0.000697889889125, -0.00891316775233, 0.00309353717603, -0.00988616608083, 0.00257182400674, -0.00781054608524, 0.00234354054555, 0.000175601642695, 0.00518009625375, -0.00941373407841, 0.0274382270873, -0.0100532686338, 0.00288015417755], [0.000944954634178, 0.0091147609055, -0.00685097603127, 0.00778629910201, -0.00380956102163, 0.00746694812551, -0.00661542685702, 0.00535468105227, 0.00472538825125, 0.00261547183618, -0.0100532686338, 0.0327646434307, -0.0112654333934], [-0.00114663981367, -0.00979652628303, 0.00367522914894, -0.00655512372032, 0.0051402351819, -0.00736013846472, 0.00603037746623, -0.00606346409768, 0.0015943814069, -0.00248173298314, 0.00288015417755, -0.0112654333934, 0.0248519815505]]
    },
    "melbands": {
        "dmean": [0.00282269041054, 0.00351294339634, 0.00102339242585, 0.000253011414316, 0.00013432140986, 0.000101003184682, 3.30218281306e-05, 9.80915210675e-05, 0.000171568302903, 0.000161722142366, 5.11345569976e-05, 4.46439771622e-05, 4.17191986344e-05, 2.73904533969e-05, 1.95349603018e-05, 3.10748910124e-05, 2.62431440206e-05, 2.74479971267e-05, 2.26859119721e-05, 2.10833404708e-05, 1.67772632267e-05, 1.71494157257e-05, 1.57197137014e-05, 1.47101163748e-05, 1.72814088728e-05, 1.58716338774e-05, 1.06390307337e-05, 9.26485790842e-06, 7.84873009252e-06, 5.8777659433e-06, 4.40180065198e-06, 4.78399442727e-06, 2.88271235149e-06, 2.94812548418e-06, 3.93249138142e-06, 2.32806451095e-06, 1.95737447939e-06, 1.75667116764e-06, 1.70963016899e-06, 1.45292165143e-06],
        "dmean2": [0.00465159397572, 0.00582732912153, 0.00173895934131, 0.000434661458712, 0.000219339504838, 0.000162414798979, 5.48935277038e-05, 0.000155195404659, 0.000268721487373, 0.000247525516897, 7.33209017199e-05, 7.29165258235e-05, 6.2721373979e-05, 4.09499734815e-05, 3.09508577629e-05, 4.88367222715e-05, 4.12929657614e-05, 4.30267682532e-05, 3.53692812496e-05, 3.39476755471e-05, 2.6618654374e-05, 2.7664238587e-05, 2.4952703825e-05, 2.28894714382e-05, 2.66923198069e-05, 2.48762844421e-05, 1.62475880643e-05, 1.35704794957e-05, 1.14223166747e-05, 8.33306148706e-06, 6.26799783277e-06, 6.82857762513e-06, 4.07241304856e-06, 4.10182337873e-06, 5.66916742173e-06, 3.26206577483e-06, 2.74561170954e-06, 2.62423213826e-06, 2.46370018431e-06, 2.13385123971e-06],
        "dvar": [8.12727466837e-06, 1.46107468026e-05, 1.46215904806e-06, 1.0279168805e-07, 2.94484134855e-08, 2.66533337623e-08, 1.99375005394e-09, 3.30268150606e-08, 8.75132784017e-08, 9.51686729422e-08, 8.46103631602e-09, 1.24499646148e-08, 7.79042430565e-09, 4.45152226192e-09, 1.13906939436e-09, 3.91806986855e-09, 2.72445244143e-09, 2.16236384354e-09, 1.19576049062e-09, 1.40582701036e-09, 4.90696261402e-10, 4.75097738928e-10, 4.10672579276e-10, 3.34937078073e-10, 6.40415664943e-10, 5.45068434832e-10, 2.38160879906e-10, 1.58074831003e-10, 1.0519534549e-10, 5.4049136694e-11, 3.24487381409e-11, 5.16861935196e-11, 1.50855109654e-11, 1.65010557301e-11, 2.88243682395e-11, 9.45329231561e-12, 7.27133674452e-12, 5.91458089103e-12, 6.1628206878e-12, 4.98664130821e-12],
        "dvar2": [2.11214355659e-05, 3.6996032577e-05, 4.06858953284e-06, 2.87693637802e-07, 7.35341814107e-08, 5.82980668185e-08, 5.40903055679e-09, 7.35472767133e-08, 2.10215702623e-07, 2.06415890602e-07, 1.62816160554e-08, 3.12570449523e-08, 1.65716169676e-08, 8.9995628727e-09, 2.56019450084e-09, 9.09229136425e-09, 5.49981349351e-09, 4.96083440993e-09, 2.69059152735e-09, 3.59919982706e-09, 1.19411081023e-09, 1.12257170226e-09, 9.95538096404e-10, 8.04718347514e-10, 1.56311408261e-09, 1.26663779465e-09, 6.04377436986e-10, 3.25262539125e-10, 2.20255716443e-10, 1.0539803752e-10, 6.32949040402e-11, 1.10506707951e-10, 2.86450741599e-11, 3.20579639224e-11, 5.21930242081e-11, 1.76965560261e-11, 1.33291416099e-11, 1.287350955e-11, 1.19197559809e-11, 1.03030908458e-11],
        "max": [0.0225079637021, 0.0312982276082, 0.0107674524188, 0.00272317579947, 0.00235783495009, 0.00257926713675, 0.000483843090478, 0.00228690798394, 0.00306050432846, 0.00381611287594, 0.001337882597, 0.0016586886486, 0.00130715337582, 0.00112213857938, 0.000763548770919, 0.00119731470477, 0.000919029116631, 0.000625153712463, 0.000568416493479, 0.000592596596107, 0.000265507609583, 0.000299129751511, 0.000241279616603, 0.000224744610023, 0.000424084515544, 0.000299973879009, 0.000295755191473, 0.000150059277075, 0.000130708751385, 7.59638569434e-05, 5.58448591619e-05, 7.91177226347e-05, 6.07878537267e-05, 3.84779232263e-05, 3.74345363525e-05, 2.54062506428e-05, 2.67100604106e-05, 1.94490366994e-05, 2.29001107073e-05, 1.60143226822e-05],
        "mean": [0.00537172565237, 0.00641352543607, 0.00191604788415, 0.000476689223433, 0.000239744593273, 0.000188855265151, 5.66264170629e-05, 0.000179509544978, 0.000362282211427, 0.000337551580742, 9.28213703446e-05, 7.4293850048e-05, 7.6059892308e-05, 5.01494614582e-05, 3.46021151927e-05, 5.58472820558e-05, 4.51695377706e-05, 4.55643275927e-05, 3.6494449887e-05, 3.5697932617e-05, 3.29902795784e-05, 3.40587976098e-05, 3.2869327697e-05, 3.19881255564e-05, 3.1052808481e-05, 3.18605525536e-05, 2.10340604099e-05, 1.76833455043e-05, 1.54055433086e-05, 1.16397231977e-05, 8.11160134617e-06, 7.34128752811e-06, 5.08523316967e-06, 4.5834044613e-06, 5.45474040337e-06, 3.4064207739e-06, 2.82321070699e-06, 2.34652088693e-06, 2.21716572923e-06, 1.80068070676e-06],
        "median": [0.00436237361282, 0.00490181939676, 0.00151118263602, 0.000392685207771, 0.000162579293828, 7.57724919822e-05, 4.23693636549e-05, 6.63581449771e-05, 9.35779607971e-05, 6.75185219734e-05, 3.40106744261e-05, 2.14998435695e-05, 2.38272095885e-05, 1.30438365886e-05, 2.04421030503e-05, 2.78277802863e-05, 2.6068662919e-05, 2.24563336815e-05, 1.75505720108e-05, 2.12323175219e-05, 2.39005566982e-05, 2.47304778895e-05, 2.30913083215e-05, 2.47338921326e-05, 1.9057879399e-05, 1.96989822143e-05, 1.44678215293e-05, 1.14495296657e-05, 1.05174049168e-05, 7.6036799328e-06, 4.93069319418e-06, 3.80925416721e-06, 2.38544112108e-06, 1.957034101e-06, 1.8077863615e-06, 1.29055740672e-06, 9.76306978373e-07, 6.78550406974e-07, 6.57783743918e-07, 4.61296366439e-07],
        "min": [2.89320414595e-05, 6.24425229034e-05, 0.000175048437086, 3.21262705256e-05, 6.50959691484e-06, 1.21032110201e-06, 2.90859998131e-06, 5.36324660061e-06, 2.59464081864e-06, 1.87489786185e-06, 1.64448863416e-06, 8.01573321496e-07, 5.40747521427e-07, 4.00224109853e-07, 6.05982791058e-07, 5.81276935918e-07, 8.59180374846e-07, 7.85570307471e-07, 9.56650069384e-07, 1.46295803916e-06, 2.05414357879e-06, 7.93670665189e-07, 2.03082004191e-06, 9.65214098869e-07, 9.82630012913e-07, 1.05944741335e-06, 1.10414327992e-06, 5.73027818973e-07, 5.63575952128e-07, 4.84593044803e-07, 2.92832652349e-07, 1.9623283265e-07, 9.33725274876e-08, 4.18293133464e-08, 3.51935156573e-08, 1.68362621622e-08, 7.56302043214e-09, 5.44803269165e-09, 3.92785248771e-11, 3.62057497698e-13],
