{
"highlevel": {
    "danceability": {
        "all": {
            "danceable": 0.813363552094,
            "not_danceable": 0.186636462808
        },
        "probability": 0.813363552094,
        "value": "danceable"
    },
    "gender": {
        "all": {
            "female": 0.359634637833,
            "male": 0.640365362167
        },
        "probability": 0.640365362167,
        "value": "male"
    },
    "genre_dortmund": {
        "all": {
            "alternative": 0.163262307644,
            "blues": 0.00652550673112,
            "electronic": 0.16766436398,
            "folkcountry": 0.11224899441,
            "funksoulrnb": 0.0156799331307,
            "jazz": 0.0126212229952,
            "pop": 0.0894339606166,
            "raphiphop": 0.0124479187652,
            "rock": 0.420115798712
        },
        "probability": 0.420115798712,
        "value": "rock"
    },
    "genre_electronic": {
        "all": {
            "ambient": 0.187095656991,
            "dnb": 0.0625255703926,
            "house": 0.0266880840063,
            "techno": 0.0125294895843,
            "trance": 0.711161196232
        },
        "probability": 0.711161196232,
        "value": "trance"
    },
    "genre_rosamerica": {
        "all": {
            "cla": 0.000699234078638,
            "dan": 0.12947113812,
            "hip": 0.00236656051129,
            "jaz": 0.00103592069354,
            "pop": 0.148769453168,
            "rhy": 0.00432211859152,
            "roc": 0.712823569775,
            "spe": 0.000512044527568
        },
        "probability": 0.712823569775,
        "value": "roc"
    },
    "genre_tzanetakis": {
        "all": {
            "blu": 0.0626613423228,
            "cla": 0.0348169617355,
            "cou": 0.104475811124,
            "dis": 0.0784321576357,
            "hip": 0.15692435205,
            "jaz": 0.313974827528,
            "met": 0.0448166541755,
            "pop": 0.0627359300852,
            "reg": 0.0627360641956,
            "roc": 0.0784258767962
        },
        "probability": 0.313974827528,
        "value": "jaz"
    },
    "ismir04_rhythm": {
        "all": {
            "ChaChaCha": 0.197711274028,
            "Jive": 0.468327492476,
            "Quickstep": 0.0167795810848,
            "Rumba-American": 0.0169564988464,
            "Rumba-International": 0.0689199343324,
            "Rumba-Misc": 0.0094860130921,
            "Samba": 0.138377785683,
            "Tango": 0.0205720495433,
            "VienneseWaltz": 0.0486770384014,
            "Waltz": 0.0141923325136
        },
        "probability": 0.468327492476,
        "value": "Jive"
    },
    "mood_acoustic": {
        "all": {
            "acoustic": 0.027066083625,
            "not_acoustic": 0.972933888435
        },
        "probability": 0.972933888435,
        "value": "not_acoustic"
    },
    "mood_aggressive": {
        "all": {
            "aggressive": 0.639794230461,
            "not_aggressive": 0.360205769539
        },
        "probability": 0.639794230461,
        "value": "aggressive"
    },
    "mood_electronic": {
        "all": {
            "electronic": 0.783986270428,
            "not_electronic": 0.216013744473
        },
        "probability": 0.783986270428,
        "value": "electronic"
    },
    "mood_happy": {
        "all": {
            "happy": 0.875983297825,
            "not_happy": 0.124016709626
        },
        "probability": 0.875983297825,
        "value": "happy"
    },
    "mood_party": {
        "all": {
            "not_party": 0.538173437119,
            "party": 0.461826562881
        },
        "probability": 0.538173437119,
        "value": "not_party"
    },
    "mood_relaxed": {
        "all": {
            "not_relaxed": 0.988029897213,
            "relaxed": 0.0119701223448
        },
        "probability": 0.988029897213,
        "value": "not_relaxed"
    },
    "mood_sad": {
        "all": {
            "not_sad": 0.754011034966,
            "sad": 0.245988965034
        },
        "probability": 0.754011034966,
        "value": "not_sad"
    },
    "moods_mirex": {
        "all": {
            "Cluster1": 0.500307917595,
            "Cluster2": 0.144210964441,
            "Cluster3": 0.152007624507,
            "Cluster4": 0.064144320786,
            "Cluster5": 0.139329195023
        },
        "probability": 0.500307917595,
        "value": "Cluster1"
    },
    "timbre": {
        "all": {
            "bright": 0.917732834816,
            "dark": 0.0822671726346
        },
        "probability": 0.917732834816,
        "value": "bright"
    },
    "tonal_atonal": {
        "all": {
            "atonal": 0.000600528088398,
            "tonal": 0.999399483204
        },
        "probability": 0.999399483204,
        "value": "tonal"
    },
    "voice_instrumental": {
        "all": {
            "instrumental": 0.0209341607988,
            "voice": 0.979065835476
        },
        "probability": 0.979065835476,
        "value": "voice"
    }
},
"lowlevel": {
    "average_loudness": 0.985055983067,
    "barkbands_crest": {
        "dmean": 3.18657398224,
        "dmean2": 5.102602005,
        "dvar": 11.6456460953,
        "dvar2": 23.7293014526,
        "max": 23.6328392029,
        "mean": 8.80265426636,
        "median": 7.5650806427,
        "min": 2.39638376236,
        "var": 18.3577671051
    },
    "barkbands_flatness_db": {
        "dmean": 0.020918475464,
        "dmean2": 0.0331376120448,
        "dvar": 0.000445505225798,
        "dvar2": 0.00102108006831,
        "max": 0.270283162594,
        "mean": 0.115129679441,
        "median": 0.111691400409,
        "min": 0.0541210211813,
        "var": 0.000808293465525
    },
    "barkbands_kurtosis": {
        "dmean": 2.77407455444,
        "dmean2": 4.39343500137,
        "dvar": 33.5101509094,
        "dvar2": 81.0509185791,
        "max": 84.0548324585,
        "mean": 2.72788071632,
        "median": 1.09104919434,
        "min": -1.70914304256,
        "var": 33.3972053528
    },
    "barkbands_skewness": {
        "dmean": 0.562755048275,
        "dmean2": 0.827722489834,
        "dvar": 0.488583743572,
        "dvar2": 0.987078011036,
        "max": 8.68838310242,
        "mean": 1.39605545998,
        "median": 1.15069496632,
        "min": -0.371853858232,
        "var": 0.914549171925
    },
    "barkbands_spread": {
        "dmean": 6.14239215851,
        "dmean2": 9.08892345428,
        "dvar": 45.1857833862,
        "dvar2": 82.7413101196,
        "max": 92.1018829346,
        "mean": 25.7996025085,
        "median": 23.0783920288,
        "min": 3.76933407784,
        "var": 159.100814819
    },
    "dissonance": {
        "dmean": 0.0165579617023,
        "dmean2": 0.0271678566933,
        "dvar": 0.000205803211429,
        "dvar2": 0.000552974059246,
        "max": 0.499929577112,
        "mean": 0.46803599596,
        "median": 0.472205519676,
        "min": 0.371892154217,
        "var": 0.00045544540626
    },
    "dynamic_complexity": 1.18674457073,
    "erbbands_crest": {
        "dmean": 2.26639175415,
        "dmean2": 3.71978926659,
        "dvar": 4.67105579376,
        "dvar2": 11.9083099365,
        "max": 21.8507862091,
        "mean": 7.53825283051,
        "median": 6.83958530426,
        "min": 2.49463438988,
        "var": 10.1095180511
    },
    "erbbands_flatness_db": {
        "dmean": 0.0145767023787,
        "dmean2": 0.0209775660187,
        "dvar": 0.00018408728647,
        "dvar2": 0.000361406244338,
        "max": 0.219645068049,
        "mean": 0.126825511456,
        "median": 0.129434123635,
        "min": 0.0516864396632,
        "var": 0.000769520527683
    },
    "erbbands_kurtosis": {
        "dmean": 0.5899477005,
        "dmean2": 0.929232597351,
        "dvar": 0.368532240391,
        "dvar2": 0.773469030857,
        "max": 5.27372360229,
        "mean": 0.197230488062,
        "median": 0.00328278541565,
        "min": -1.51095128059,
        "var": 1.14122164249
    },
    "erbbands_skewness": {
        "dmean": 0.28830960393,
        "dmean2": 0.442524969578,
        "dvar": 0.0628223419189,
        "dvar2": 0.13797698915,
        "max": 1.88842558861,
        "mean": 0.395340204239,
        "median": 0.396287381649,
        "min": -1.30943775177,
        "var": 0.236237585545
    },
    "erbbands_spread": {
        "dmean": 7.40035152435,
        "dmean2": 10.8034934998,
        "dvar": 50.0590705872,
        "dvar2": 105.043922424,
        "max": 102.698005676,
        "mean": 40.1107406616,
        "median": 36.3945198059,
        "min": 10.0970678329,
        "var": 231.298522949
    },
    "hfc": {
        "dmean": 8.55446624756,
        "dmean2": 12.3629264832,
        "dvar": 95.266784668,
        "dvar2": 190.509475708,
        "max": 124.137435913,
        "mean": 35.6429824829,
        "median": 33.9410400391,
        "min": 5.20906639099,
        "var": 304.896789551
    },
    "melbands_crest": {
        "dmean": 4.18598890305,
        "dmean2": 6.40952968597,
        "dvar": 18.6757202148,
        "dvar2": 33.9141807556,
        "max": 33.1185455322,
        "mean": 13.3524465561,
        "median": 11.590379715,
        "min": 4.38043069839,
        "var": 37.1910972595
    },
    "melbands_flatness_db": {
        "dmean": 0.0271602198482,
        "dmean2": 0.040284819901,
        "dvar": 0.000796119973529,
        "dvar2": 0.00163507112302,
        "max": 0.362538695335,
        "mean": 0.168555378914,
        "median": 0.161682501435,
        "min": 0.0559398941696,
        "var": 0.00178208027501
    },
    "melbands_kurtosis": {
        "dmean": 7.65380620956,
        "dmean2": 11.9991254807,
        "dvar": 287.198516846,
        "dvar2": 672.051086426,
        "max": 267.857574463,
        "mean": 10.6672925949,
        "median": 5.56815719604,
        "min": -0.847922325134,
        "var": 306.19631958
    },
    "melbands_skewness": {
        "dmean": 0.828101873398,
        "dmean2": 1.23289847374,
        "dvar": 1.10719239712,
        "dvar2": 2.15115499496,
        "max": 14.1457548141,
        "mean": 2.43018054962,
        "median": 2.08576631546,
        "min": -0.135703682899,
        "var": 2.25170612335
    },
    "melbands_spread": {
        "dmean": 6.55902671814,
        "dmean2": 9.79131221771,
        "dvar": 42.8804855347,
        "dvar2": 81.9872283936,
        "max": 84.5446624756,
        "mean": 24.7207641602,
        "median": 24.3577804565,
        "min": 1.54191565514,
        "var": 122.623840332
    },
    "pitch_salience": {
        "dmean": 0.0783086270094,
        "dmean2": 0.122550286353,
        "dvar": 0.00587388593704,
        "dvar2": 0.0131209716201,
        "max": 0.783202052116,
        "mean": 0.546072602272,
        "median": 0.5611333251,
        "min": 0.145157054067,
        "var": 0.0105252722278
    },
    "silence_rate_20dB": {
        "dmean": 0,
        "dmean2": 0,
        "dvar": 0,
        "dvar2": 0,
        "max": 1,
        "mean": 1,
        "median": 1,
        "min": 1,
        "var": 0
    },
    "silence_rate_30dB": {
        "dmean": 0.113003097475,
        "dmean2": 0.226181253791,
        "dvar": 0.100234799087,
        "dvar2": 0.187418624759,
        "max": 1,
        "mean": 0.891724646091,
        "median": 1,
        "min": 0,
        "var": 0.0965529754758
    },
    "silence_rate_60dB": {
        "dmean": 0,
        "dmean2": 0,
        "dvar": 0,
        "dvar2": 0,
        "max": 0,
        "mean": 0,
        "median": 0,
        "min": 0,
        "var": 0
    },
    "spectral_centroid": {
        "dmean": 217.063858032,
        "dmean2": 324.433227539,
        "dvar": 37952.4960938,
        "dvar2": 82380.109375,
        "max": 3281.35961914,
        "mean": 1401.44543457,
        "median": 1334.91943359,
        "min": 463.620483398,
        "var": 158160.265625
    },
    "spectral_complexity": {
        "dmean": 4.34674930573,
        "dmean2": 6.57629728317,
        "dvar": 13.9184951782,
        "dvar2": 29.8862953186,
        "max": 52,
        "mean": 27.7965965271,
        "median": 27,
        "min": 9,
        "var": 51.0374984741
    },
    "spectral_decrease": {
        "dmean": 5.65896751681e-09,
        "dmean2": 8.30097324211e-09,
        "dvar": 6.88780524404e-17,
        "dvar2": 1.34409715934e-16,
        "max": -2.02027439222e-09,
        "mean": -1.31892772259e-08,
        "median": -1.02553379122e-08,
        "min": -5.46791802947e-08,
        "var": 9.47947989369e-17
    },
    "spectral_energy": {
        "dmean": 0.0217533651739,
        "dmean2": 0.0318425148726,
        "dvar": 0.000990701955743,
        "dvar2": 0.00191273714881,
        "max": 0.210911914706,
        "mean": 0.0530122965574,
        "median": 0.0419671051204,
        "min": 0.00819231756032,
        "var": 0.00139074411709
    },
    "spectral_energyband_high": {
        "dmean": 0.000634446099866,
        "dmean2": 0.000920434249565,
        "dvar": 9.03084355741e-07,
        "dvar2": 1.60903869073e-06,
        "max": 0.0149621572345,
        "mean": 0.00173205358442,
        "median": 0.00118913152255,
        "min": 0.000140887234011,
        "var": 3.49628044205e-06
    },
    "spectral_energyband_low": {
        "dmean": 0.0190827157348,
        "dmean2": 0.0289770718664,
        "dvar": 0.00108385412022,
        "dvar2": 0.00219268538058,
        "max": 0.201334834099,
        "mean": 0.0261336117983,
        "median": 0.0124418586493,
        "min": 0.00144737749361,
        "var": 0.00130057742354
    },
    "spectral_energyband_middle_high": {
        "dmean": 0.00296111474745,
        "dmean2": 0.00444801012054,
        "dvar": 1.20489867186e-05,
        "dvar2": 2.50818884524e-05,
        "max": 0.0523440055549,
        "mean": 0.00997733138502,
        "median": 0.00882091373205,
        "min": 0.000839719781652,
        "var": 4.00211247324e-05
    },
    "spectral_energyband_middle_low": {
        "dmean": 0.00593316741288,
        "dmean2": 0.00930079538375,
        "dvar": 4.20394317189e-05,
        "dvar2": 9.80602853815e-05,
        "max": 0.0845434963703,
        "mean": 0.0181269217283,
        "median": 0.0167205482721,
        "min": 0.0023886160925,
        "var": 8.84963446879e-05
    },
    "spectral_entropy": {
        "dmean": 0.109955869615,
        "dmean2": 0.161049589515,
        "dvar": 0.0103558907285,
        "dvar2": 0.0222731679678,
        "max": 8.63303375244,
        "mean": 7.84251642227,
        "median": 7.82264089584,
        "min": 7.16120004654,
        "var": 0.0507699735463
    },
    "spectral_flux": {
        "dmean": 0.0434198603034,
        "dmean2": 0.0710563957691,
        "dvar": 0.00242342590354,
        "dvar2": 0.00638370215893,
        "max": 0.365236788988,
        "mean": 0.128525182605,
        "median": 0.109337836504,
        "min": 0.039102204144,
        "var": 0.00385643029585
    },
    "spectral_kurtosis": {
        "dmean": 0.778456509113,
        "dmean2": 1.28037536144,
        "dvar": 0.4770796597,
        "dvar2": 1.31483137608,
        "max": 8.6650686264,
        "mean": 3.0319685936,
        "median": 3.08054494858,
        "min": -0.374186038971,
        "var": 1.35892188549
    },
    "spectral_rms": {
        "dmean": 0.00129796902183,
        "dmean2": 0.00185130932368,
        "dvar": 2.45301885116e-06,
        "dvar2": 4.23072242484e-06,
        "max": 0.0143446056172,
        "mean": 0.00687465956435,
        "median": 0.00639871228486,
        "min": 0.00282710185274,
        "var": 4.45839259555e-06
    },
    "spectral_rolloff": {
        "dmean": 484.680206299,
        "dmean2": 751.844665527,
        "dvar": 548006.6875,
        "dvar2": 950490.4375,
        "max": 8785.546875,
        "mean": 1405.61865234,
        "median": 1227.39257812,
        "min": 64.599609375,
        "var": 1491030
    },
    "spectral_skewness": {
        "dmean": 0.140213117003,
        "dmean2": 0.219815656543,
        "dvar": 0.0141042862087,
        "dvar2": 0.0314615294337,
        "max": 2.23614811897,
        "mean": 1.40714740753,
        "median": 1.42436313629,
        "min": 0.547336816788,
        "var": 0.0625198557973
    },
    "spectral_spread": {
        "dmean": 478912.15625,
        "dmean2": 682097.0625,
        "dvar": 348393078784,
        "dvar2": 572911517696,
        "max": 15820378,
        "mean": 5163473,
        "median": 4932047,
        "min": 2903544.25,
        "var": 1.2556327977e+12
    },
    "spectral_strongpeak": {
        "dmean": 0.664121985435,
        "dmean2": 1.15015077591,
        "dvar": 0.865740060806,
        "dvar2": 2.02517652512,
        "max": 7.52275657654,
        "mean": 0.956092476845,
        "median": 0.527148902416,
        "min": 0.044963285327,
        "var": 1.24145758152
    },
    "zerocrossingrate": {
        "dmean": 0.0110195856541,
        "dmean2": 0.0132565898821,
        "dvar": 0.000138352799695,
        "dvar2": 0.000164643963217,
        "max": 0.224609375,
        "mean": 0.064288854599,
        "median": 0.05908203125,
        "min": 0.0107421875,
        "var": 0.000776381988544
    },
    "barkbands": {
        "dmean": [0.00137048051693, 0.0162820275873, 0.00338778225705, 0.0019882847555, 0.00223143328913, 0.00160786148626, 0.00112728087697, 0.00123741349671, 0.00201642210595, 0.00152287562378, 0.000829808006529, 0.000865050533321, 0.000487307464937, 0.000643450301141, 0.000495350221172, 0.000302239874145, 0.000235778512433, 0.000234098653891, 0.000144474193803, 0.000184289747267, 0.000140207106597, 0.000143923287396, 0.00013006797235, 0.000121202159789, 0.00010378332081, 7.66096127336e-05, 4.60708697858e-08],
        "dmean2": [0.00194516673218, 0.0255069602281, 0.00582769047469, 0.00342375505716, 0.00368926534429, 0.00252106622793, 0.0018718111096, 0.00196389877237, 0.00306835374795, 0.00234300270677, 0.00130206125323, 0.00136677001137, 0.000799257832114, 0.00107351224869, 0.00080062012421, 0.00047535522026, 0.000380964862416, 0.000368144421373, 0.000235232379055, 0.000299736944726, 0.000218267916352, 0.000214193030843, 0.000198622903554, 0.000181289738975, 0.000153632063302, 0.000122216530144, 8.34042879205e-08],
        "dvar": [6.2265280576e-06, 0.000985983759165, 3.11960538966e-05, 8.45423801366e-06, 1.59239298227e-05, 7.88789839135e-06, 3.727686817e-06, 3.60652961717e-06, 9.29340058065e-06, 4.37865855929e-06, 3.27013526658e-06, 2.22945755013e-06, 1.40670567816e-06, 8.89508100954e-07, 6.70569306749e-07, 1.87054425282e-07, 1.58924933658e-07, 1.14809296292e-07, 2.62231090176e-08, 4.58046578444e-08, 3.81534235316e-08, 4.88592419856e-08, 6.52128093748e-08, 4.38843130723e-08, 3.45559136861e-08, 3.00158440325e-08, 1.76261335714e-13],
        "dvar2": [1.22203382489e-05, 0.00214939168654, 8.40184147819e-05, 2.38415796048e-05, 4.07853258366e-05, 1.67750131368e-05, 1.0390245734e-05, 8.52496214065e-06, 2.13235580304e-05, 1.03346983451e-05, 7.90816557128e-06, 5.39967822988e-06, 3.31680871568e-06, 2.30564683079e-06, 1.73405180703e-06, 4.35703810808e-07, 3.6336277276e-07, 2.67153609457e-07, 6.44132995831e-08, 1.1539759015e-07, 8.34520577087e-08, 8.72895142834e-08, 1.29974182528e-07, 7.94795198544e-08, 6.8010308496e-08, 7.49927338006e-08, 5.02460865883e-13],
        "max": [0.0189230330288, 0.180576294661, 0.0509866513312, 0.0318555831909, 0.054729308933, 0.0442161671817, 0.0221541710198, 0.0291903335601, 0.029700525105, 0.0282376036048, 0.0332648344338, 0.027917906642, 0.0240316018462, 0.0100827272981, 0.00990854110569, 0.00506727956235, 0.00983401667327, 0.00553715834394, 0.0019218303496, 0.00292141502723, 0.00341917295009, 0.00405455986038, 0.00383188738488, 0.00378841836937, 0.0028492026031, 0.00196069991216, 7.85652900959e-06],
        "mean": [0.00155478343368, 0.0172695554793, 0.00489463703707, 0.00337822455913, 0.0037282363046, 0.00254429737106, 0.00178642873652, 0.00223199999891, 0.00348901678808, 0.00285458448343, 0.0013290042989, 0.00152929674368, 0.000716806331184, 0.00115482974797, 0.000817152380478, 0.000556994637009, 0.00043137348257, 0.000484910618979, 0.000335466087563, 0.000434253015555, 0.000323954620399, 0.000328810769133, 0.000276477454463, 0.000260678381892, 0.000206986442208, 9.35860080062e-05, 2.89876425086e-08],
        "median": [0.000411270651966, 0.00615640264004, 0.0029889116995, 0.00234883092344, 0.00220050592907, 0.00125727814157, 0.00101515953429, 0.00119945080951, 0.00203291443177, 0.00152497994713, 0.000527271884494, 0.000755182350986, 0.000296912010526, 0.000642765720841, 0.000459774135379, 0.000345552485669, 0.000303902605083, 0.000352974573616, 0.000285934831481, 0.000366877560737, 0.000213162609725, 0.000219116613152, 0.000161788673722, 0.000138279952807, 0.000107293926703, 3.07276459353e-05, 1.25708066179e-09],
        "min": [2.4059878001e-07, 5.78223989578e-05, 5.65431655559e-05, 1.28903584482e-05, 8.12605867395e-05, 2.83068657154e-05, 3.1812414818e-05, 1.79683920578e-05, 5.78800754738e-05, 3.45522894349e-05, 2.36479445448e-05, 2.85402584268e-05, 1.50122295963e-05, 2.6027972126e-05, 3.29856593453e-05, 3.45042317349e-05, 3.06312431348e-05, 2.69797255896e-05, 2.84947109321e-05, 2.60465312749e-05, 2.93711473205e-05, 1.59381779667e-05, 1.07568675958e-05, 1.06106854219e-05, 1.24127075196e-06, 4.18526907575e-10, 1.01199534863e-11],
        "var": [8.08621189208e-06, 0.00103013578337, 3.48473004124e-05, 1.11631452455e-05, 2.23029128392e-05, 1.60943618539e-05, 4.55566441815e-06, 7.84469830251e-06, 1.68383667187e-05, 1.16224573503e-05, 4.90760430694e-06, 5.55072983843e-06, 1.89271202089e-06, 1.74978401901e-06, 1.06189759208e-06, 4.0758823161e-07, 2.73302532605e-07, 2.39708839445e-07, 4.58905660139e-08, 1.013371147e-07, 1.28709160663e-07, 1.53977467221e-07, 1.72645016505e-07, 1.44458184081e-07, 1.06871247851e-07, 3.52970985773e-08, 9.87665285386e-14]
    },
    "erbbands": {
        "dmean": [0.749641060829, 2.64961504936, 3.31102085114, 6.2604932785, 5.60270023346, 7.99089336395, 12.7265462875, 12.9212732315, 17.4334373474, 15.8031864166, 36.9666366577, 41.6987724304, 44.3011817932, 34.0214538574, 21.9039287567, 34.5016822815, 23.1650295258, 25.7984466553, 25.1898822784, 21.3755016327, 14.652425766, 13.564655304, 13.5148420334, 8.46482753754, 7.49125909805, 8.5125617981, 6.71583557129, 5.14258384705, 5.2672328949, 4.59870910645, 3.76834869385, 3.02527523041, 1.84851193428, 1.31264126301, 0.691013276577, 0.359680473804, 0.143086224794, 0.0144365020096, 0.000258010841208, 3.12399606628e-05],
        "dmean2": [1.18018329144, 4.261759758, 5.55183553696, 10.7218255997, 9.39429569244, 13.5711355209, 20.2694282532, 20.6145420074, 29.2021694183, 24.6592655182, 56.9783592224, 64.1469726562, 67.8972244263, 53.2065849304, 35.4347381592, 54.3309631348, 37.2829551697, 43.7362213135, 41.1324577332, 33.9176139832, 22.9315719604, 22.0624332428, 21.0521297455, 13.8440313339, 12.2306203842, 13.8988046646, 10.5564975739, 8.1469335556, 7.93746995926, 7.12098836899, 5.832218647, 4.53040218353, 2.78721785545, 1.95641076565, 1.02805316448, 0.550860285759, 0.236173763871, 0.0250900592655, 0.000435273337644, 4.56175584986e-05],
        "dvar": [2.33446955681, 24.1758441925, 27.5591564178, 90.500038147, 110.936729431, 224.438827515, 420.793792725, 700.551757812, 1041.03674316, 588.612670898, 2809.03442383, 4510.94628906, 3806.11254883, 3887.69360352, 1566.44396973, 3627.56665039, 2572.30297852, 1517.66467285, 1540.80932617, 1153.76245117, 496.787689209, 633.967712402, 403.661071777, 82.0333328247, 72.8023147583, 108.037101746, 83.7312698364, 57.9923629761, 63.5875511169, 75.3467941284, 57.7029418945, 27.6078548431, 10.4167413712, 5.52416706085, 1.642821908, 0.544603645802, 0.125095874071, 0.00140568346251, 4.20970991399e-07, 2.40360065185e-09],
        "dvar2": [5.23595809937, 52.0344924927, 73.2652511597, 246.754501343, 277.388977051, 610.795471191, 1037.69958496, 1633.69689941, 2927.21582031, 1374.3223877, 6571.16357422, 10392.4033203, 8105.06445312, 9608.05566406, 3431.12353516, 8910.11132812, 5938.92480469, 3840.07202148, 4049.12890625, 2734.80786133, 1149.58825684, 1456.82495117, 961.298400879, 199.99005127, 186.455215454, 265.512237549, 194.472000122, 126.551101685, 123.216545105, 156.6197052, 115.986686707, 50.5428314209, 20.4576931, 10.500248909, 3.29193091393, 1.20279657841, 0.328596651554, 0.00380590581335, 1.12425573207e-06, 4.69756633592e-09],
        "max": [8.98622226715, 30.2162647247, 41.3821105957, 104.219146729, 169.220504761, 240.734634399, 256.031463623, 426.408874512, 396.14956665, 316.647949219, 632.702270508, 655.876525879, 961.432678223, 1008.41253662, 557.114868164, 1081.52697754, 1058.1496582, 543.773254395, 444.063659668, 546.735412598, 323.785675049, 671.977722168, 332.981231689, 102.385848999, 118.263908386, 142.622787476, 127.697944641, 144.892578125, 169.233154297, 146.431472778, 120.49016571, 82.6728439331, 65.7145233154, 36.889831543, 21.3002204895, 9.33473491669, 3.57150888443, 0.337750554085, 0.00678114918992, 0.000565274676774],
        "mean": [0.716958940029, 3.00989580154, 4.84322404861, 11.2293272018, 9.34898281097, 12.1735248566, 20.1792526245, 19.5598106384, 27.2265987396, 29.6175861359, 70.2547454834, 70.4514465332, 87.8777999878, 64.510017395, 41.5928421021, 63.279750824, 40.8301200867, 47.9611625671, 49.3910102844, 40.1975402832, 29.6122398376, 26.424911499, 27.429983139, 19.6101779938, 17.6204509735, 20.1084289551, 15.8000955582, 11.5741729736, 11.7276315689, 9.83516979218, 7.917781353, 6.37312078476, 3.74933004379, 2.49937582016, 1.35610747337, 0.545184493065, 0.151523217559, 0.0127435363829, 0.000279597879853, 7.76257875259e-05],
        "median": [0.155484437943, 1.24793076515, 2.86640334129, 8.36021518707, 6.00308227539, 6.97899198532, 9.70138072968, 9.9856710434, 15.2884502411, 17.7627506256, 41.8559951782, 39.5597343445, 52.2678489685, 31.5554866791, 21.454498291, 31.6352996826, 19.6858215332, 30.0139579773, 31.8307437897, 26.6187839508, 19.5720119476, 19.1664772034, 19.1467990875, 16.3157958984, 15.2569084167, 16.5515136719, 11.1217069626, 7.61844348907, 7.60292863846, 6.3086271286, 4.38545703888, 3.36100912094, 1.9114215374, 1.29617226124, 0.678517460823, 0.202266946435, 0.0470386892557, 0.00313662202097, 9.95734662865e-05, 5.87770555285e-05],
        "min": [0.00114721024875, 0.0254753064364, 0.212225005031, 0.115352146327, 0.521552205086, 0.251666009426, 0.133438438177, 0.380859971046, 0.58258742094, 1.18883669376, 1.58366310596, 1.54231786728, 1.62552881241, 1.57645082474, 1.37238514423, 1.67480313778, 1.58328747749, 1.65543186665, 1.81839025021, 1.85512149334, 2.02114295959, 2.31502223015, 1.48169100285, 1.85146343708, 1.93296945095, 1.27654838562, 1.10438513756, 0.78094124794, 0.525587797165, 0.453376382589, 0.374797075987, 0.24356842041, 0.142735853791, 0.0862600430846, 0.00754639226943, 0.000925830565393, 0.000158456721692, 1.23249837998e-05, 8.88340855454e-06, 1.11080289571e-05],
        "var": [2.31555652618, 25.4433250427, 30.3587684631, 110.623672485, 142.720581055, 263.128601074, 805.564208984, 1022.03216553, 1225.1484375, 1267.88024902, 6389.14013672, 7367.97216797, 10334.1435547, 7438.86865234, 4043.71264648, 9183.94140625, 4288.90039062, 2811.42163086, 2557.17553711, 1994.65759277, 1047.72766113, 1120.80236816, 837.34979248, 169.582687378, 126.882911682, 227.086135864, 234.184524536, 173.888366699, 186.01473999, 179.323562622, 156.113494873, 91.8605499268, 30.7372760773, 15.8499746323, 4.96280574799, 1.02158081532, 0.11388631165, 0.00106361682992, 3.44842476352e-07, 3.48395134964e-09]
    },
    "gfcc": {
        "mean": [69.8810195923, 84.9563903809, -114.369926453, 36.0680274963, -63.3808784485, 27.7894153595, -35.3925132751, 19.586517334, -23.863155365, 7.16868829727, -20.5389289856, -1.86788475513, -12.0520067215],
        "cov": [[695.077270508, -275.71081543, 121.500717163, -20.3273963928, -8.96025943756, 40.927734375, 17.3057155609, 41.0915908813, 11.2158336639, 38.620552063, -38.6450195312, 75.878074646, 2.72750449181], [-275.71081543, 414.884155273, -167.124923706, -58.3762893677, 20.4923877716, -65.4734191895, 26.3350219727, -55.0816993713, 10.8028144836, -19.3726501465, 68.8003616333, -48.2771453857, 25.9119663239], [121.500717163, -167.124923706, 345.102844238, 84.757850647, 66.6993103027, 43.4034004211, 4.05099725723, 49.5154800415, 11.0412740707, 55.3359298706, -4.22415590286, 75.625328064, -9.80718421936], [-20.3273963928, -58.3762893677, 84.757850647, 163.191650391, 22.6347045898, 0.404246717691, -22.3190937042, 14.7503385544, 25.9629821777, -1.19245004654, 5.49824476242, 18.9083156586, 22.8508892059], [-8.96025943756, 20.4923877716, 66.6993103027, 22.6347045898, 135.213760376, 29.7930774689, 43.2774200439, 22.7951622009, 14.5337581635, 24.9187889099, 2.47563815117, 22.6317996979, -2.81460404396], [40.927734375, -65.4734191895, 43.4034004211, 0.404246717691, 29.7930774689, 118.152915955, 68.2373962402, 23.9409790039, -7.48698663712, 11.5942983627, 1.8488612175, -2.6985578537, -4.63642454147], [17.3057155609, 26.3350219727, 4.05099725723, -22.3190937042, 43.2774200439, 68.2373962402, 138.799423218, 43.416721344, 16.7356128693, 17.0629558563, -2.38031506538, -6.60063743591, -16.1690292358], [41.0915908813, -55.0816993713, 49.5154800415, 14.7503385544, 22.7951622009, 23.9409790039, 43.416721344, 100.431945801, 57.2029151917, 18.0951137543, -22.4611091614, 5.51494979858, -2.98702311516], [11.2158336639, 10.8028144836, 11.0412740707, 25.9629821777, 14.5337581635, -7.48698663712, 16.7356128693, 57.2029151917, 89.6922988892, 26.2693710327, -3.99356985092, -0.636094152927, -2.03500366211], [38.620552063, -19.3726501465, 55.3359298706, -1.19245004654, 24.9187889099, 11.5942983627, 17.0629558563, 18.0951137543, 26.2693710327, 81.1710205078, 35.2872886658, 26.3185195923, -7.90961503983], [-38.6450195312, 68.8003616333, -4.22415590286, 5.49824476242, 2.47563815117, 1.8488612175, -2.38031506538, -22.4611091614, -3.99356985092, 35.2872886658, 89.3855133057, 30.4032325745, 10.0667991638], [75.878074646, -48.2771453857, 75.625328064, 18.9083156586, 22.6317996979, -2.6985578537, -6.60063743591, 5.51494979858, -0.636094152927, 26.3185195923, 30.4032325745, 82.8564147949, 18.25141716], [2.72750449181, 25.9119663239, -9.80718421936, 22.8508892059, -2.81460404396, -4.63642454147, -16.1690292358, -2.98702311516, -2.03500366211, -7.90961503983, 10.0667991638, 18.25141716, 62.9461784363]],
        "icov": [[0.00239530648105, 0.0020602401346, -0.000248339259997, 0.00143596564885, 5.03721093992e-05, 0.000644284009468, -0.0012387096649, 0.00133222795557, -0.00156249734573, 6.27023400739e-05, 4.82825307699e-05, -0.00099836231675, -0.00147801393177], [0.0020602401346, 0.0104312822223, -0.000552000186872, 0.00496002286673, -0.00429663946852, 0.00797594431788, -0.0064236135222, 0.00584130734205, -0.00624985620379, 0.00554691441357, -0.0104997335002, 0.00775140849873, -0.00732082268223], [-0.000248339259997, -0.000552000186872, 0.00607148325071, -0.00318588735536, -0.000812417711131, -0.00232495111413, 0.00198081298731, -0.00267502944916, 0.00285146711394, -0.00384350819513, 0.00327198253945, -0.00506043247879, 0.0030680235941], [0.00143596564885, 0.00496002286673, -0.00318588735536, 0.0114012695849, -0.00287347356789, 0.00315064983442, -0.00154596322682, 0.00374797359109, -0.00718825729564, 0.00588018679991, -0.0065013715066, 0.00430271076038, -0.00655633676797], [5.03721093992e-05, -0.00429663946852, -0.000812417711131, -0.00287347356789, 0.0117444265634, -0.00417620455846, -0.000288099137833, -0.0015061700251, 0.00173895223998, -0.00419037044048, 0.00629076967016, -0.00605111289769, 0.00303330435418], [0.000644284009468, 0.00797594431788, -0.00232495111413, 0.00315064983442, -0.00417620455846, 0.0204287692904, -0.01139471028, 0.00200864579529, -0.00023094023345, 0.00419421866536, -0.0106620630249, 0.010370044969, -0.00711299758404], [-0.0012387096649, -0.0064236135222, 0.00198081298731, -0.00154596322682, -0.000288099137833, -0.01139471028, 0.0171747487038, -0.00800019968301, 0.00365993520245, -0.00393300363794, 0.00588134629652, -0.00484159495682, 0.00683503877372], [0.00133222795557, 0.00584130734205, -0.00267502944916, 0.00374797359109, -0.0015061700251, 0.00200864579529, -0.00800019968301, 0.0255293380469, -0.0170458275825, 0.00314416014589, -0.000144603967783, 0.00209876894951, -0.00574405910447], [-0.00156249734573, -0.00624985620379, 0.00285146711394, -0.00718825729564, 0.00173895223998, -0.00023094023345, 0.00365993520245, -0.0170458275825, 0.0271570254117, -0.0105054797605, 0.00594676937908, -0.00198219809681, 0.00506780715659], [6.27023400739e-05, 0.00554691441357, -0.00384350819513, 0.00588018679991, -0.00419037044048, 0.00419421866536, -0.00393300363794, 0.00314416014589, -0.0105054797605, 0.026090150699, -0.0160147957504, 0.00391496391967, -0.0013942825608], [4.82825307699e-05, -0.0104997335002, 0.00327198253945, -0.0065013715066, 0.00629076967016, -0.0106620630249, 0.00588134629652, -0.000144603967783, 0.00594676937908, -0.0160147957504, 0.0317234992981, -0.0171404723078, 0.00626628426835], [-0.00099836231675, 0.00775140849873, -0.00506043247879, 0.00430271076038, -0.00605111289769, 0.010370044969, -0.00484159495682, 0.00209876894951, -0.00198219809681, 0.00391496391967, -0.0171404723078, 0.0302190687507, -0.0117418719456], [-0.00147801393177, -0.00732082268223, 0.0030680235941, -0.00655633676797, 0.00303330435418, -0.00711299758404, 0.00683503877372, -0.00574405910447, 0.00506780715659, -0.0013942825608, 0.00626628426835, -0.0117418719456, 0.0253083053976]]
    },
    "melbands": {
        "dmean": [0.00543261412531, 0.00203565787524, 0.000964869570453, 0.000481039925944, 0.000415441521909, 0.000294025987387, 0.00024589986424, 0.000190215534531, 0.000362364051398, 0.000252183061093, 0.000231098412769, 0.000150180814671, 8.58569328557e-05, 6.8385466875e-05, 0.000112523739517, 3.70244852093e-05, 5.56463273824e-05, 4.70895975013e-05, 4.4927943236e-05, 2.31736557907e-05, 1.68631431734e-05, 1.61415809998e-05, 1.31076649268e-05, 1.05942308437e-05, 7.439194178e-06, 5.78687513553e-06, 6.55164649288e-06, 6.28410862191e-06, 5.19815330335e-06, 3.37106075676e-06, 3.21529205394e-06, 3.12001270686e-06, 3.06943843498e-06, 2.65022026724e-06, 2.37975405071e-06, 2.22804374062e-06, 1.88828335013e-06, 1.40438328344e-06, 1.25732822198e-06, 1.15989507776e-06],
        "dmean2": [0.00851378776133, 0.00326261925511, 0.00165828189347, 0.000805918534752, 0.000657437718473, 0.0004645268491, 0.00041163834976, 0.00029669716605, 0.000558185856789, 0.000387758074794, 0.000356281641871, 0.000235326820984, 0.000135642825626, 0.00011071292829, 0.00018161132175, 5.99667182541e-05, 9.41752150538e-05, 7.72562852944e-05, 7.21734613762e-05, 3.69889166905e-05, 2.69472639047e-05, 2.66258957708e-05, 2.04669631785e-05, 1.67777034221e-05, 1.24121770568e-05, 9.42368569667e-06, 1.08320509753e-05, 1.03351767393e-05, 8.33752073959e-06, 5.44260865354e-06, 5.1586803238e-06, 4.86593899041e-06, 4.59019656773e-06, 4.24214567829e-06, 3.80161441171e-06, 3.49033120983e-06, 2.89457329927e-06, 2.13229145629e-06, 1.90541709344e-06, 1.75076024789e-06],
        "dvar": [0.0001163334382, 9.61508794717e-06, 1.97189615392e-06, 8.91676336323e-07, 4.19368575422e-07, 3.10677791049e-07, 2.00419449925e-07, 9.01941703546e-08, 2.78755294403e-07, 1.62656391467e-07, 1.03891956371e-07, 6.47741984494e-08, 2.91690529508e-08, 1.6108836931e-08, 5.07230488722e-08, 5.9002007724e-09, 7.39143812822e-09, 6.21033802162e-09, 6.07617023363e-09, 1.12348697012e-09, 7.75616404436e-10, 1.06792275023e-09, 4.32167635012e-10, 2.67222577399e-10, 6.52897735876e-11, 4.09469402829e-11, 5.86037468553e-11, 6.77509021108e-11, 5.16305331821e-11, 2.59678042958e-11, 2.23515303488e-11, 2.1967426142e-11, 2.75667561694e-11, 2.42296998437e-11, 2.43955168566e-11, 1.92497996709e-11, 1.04718993893e-11, 5.91895846572e-12, 4.18562363588e-12, 4.73058528114e-12],
        "dvar2": [0.000256742263446, 2.0311170374e-05, 5.37385767529e-06, 2.32290881286e-06, 1.0625909681e-06, 7.0676071573e-07, 5.64211859455e-07, 2.04687822247e-07, 6.33117792859e-07, 3.76152286208e-07, 2.25896769734e-07, 1.59159526447e-07, 6.44696598329e-08, 4.20861390182e-08, 1.16022633279e-07, 1.43580480838e-08, 1.8803060442e-08, 1.60961235451e-08, 1.57665365208e-08, 2.64307953302e-09, 1.80940029626e-09, 2.4754482908e-09, 9.77398162405e-10, 6.63852528504e-10, 1.66203315e-10, 9.99567650872e-11, 1.53833806804e-10, 1.72214811855e-10, 1.25221943925e-10, 5.98159299869e-11, 5.08975257774e-11, 4.59004292908e-11, 5.22166337946e-11, 5.46336899332e-11, 5.18889861634e-11, 4.29983895711e-11, 2.03349542066e-11, 1.18360841961e-11, 8.80718848545e-12, 9.68979670807e-12],
        "max": [0.0634060651064, 0.021616211161, 0.0144936423749, 0.0136404940858, 0.00757000781596, 0.00896586384624, 0.00529961800203, 0.00411865487695, 0.0062364153564, 0.00387319526635, 0.00495689176023, 0.00373049755581, 0.00311399437487, 0.0020106411539, 0.00350418686867, 0.00118827272672, 0.0011965772137, 0.000969573680777, 0.000950472720433, 0.000395555340219, 0.000449739396572, 0.000911013397854, 0.000328858732246, 0.000366803753423, 0.000100331177237, 7.06743667251e-05, 0.000102362915641, 0.000119521369925, 0.000110121960461, 9.48489396251e-05, 7.98125329311e-05, 8.60988657223e-05, 9.94322253973e-05, 6.89288062858e-05, 8.27719268273e-05, 7.12654000381e-05, 5.33288293809e-05, 4.97906439705e-05, 3.4184406104e-05, 3.3129901567e-05],
        "mean": [0.00553021626547, 0.00305768591352, 0.00180081604049, 0.000764301221352, 0.000681382894982, 0.000471531879157, 0.000388898683013, 0.000338336307323, 0.000671270943712, 0.000414544861997, 0.000445934390882, 0.000277606450254, 0.000146325342939, 0.000125992184621, 0.000184556396562, 5.62346613151e-05, 9.9145778222e-05, 8.2870850747e-05, 7.04813719494e-05, 4.30722539022e-05, 3.07241789415e-05, 2.81564207398e-05, 2.47831212619e-05, 2.12990398722e-05, 1.53623313963e-05, 1.23666613945e-05, 1.34399215312e-05, 1.33855583044e-05, 1.08500125862e-05, 7.1982526606e-06, 6.42529403194e-06, 6.59292618366e-06, 6.34801290289e-06, 5.04021227243e-06, 4.52888662039e-06, 4.35535184806e-06, 3.71875989913e-06, 2.68494250122e-06, 2.26644056056e-06, 2.03807530852e-06],
        "median": [0.00163544586394, 0.00172705121804, 0.00137310673017, 0.000439939729404, 0.000346376444213, 0.000250322336797, 0.000222322792979, 0.000188352074474, 0.000387935346225, 0.000217538166908, 0.000257660110947, 0.000125755977933, 6.30900540273e-05, 6.60578371026e-05, 7.67467790865e-05, 2.27695327339e-05, 5.49668584426e-05, 4.80372000311e-05, 3.77981050406e-05, 2.61596924247e-05, 1.98770230782e-05, 1.9763756427e-05, 1.61626539921e-05, 1.54290246428e-05, 1.23831378005e-05, 1.01721698229e-05, 1.12155748866e-05, 1.05344770418e-05, 7.4033951023e-06, 4.75838305647e-06, 4.08568212151e-06, 4.22433686253e-06, 3.8877346924e-06, 3.200882702e-06, 2.45899900619e-06, 2.39245105149e-06, 1.93219761968e-06, 1.36255437155e-06, 1.15953389468e-06, 1.01208456726e-06],
        "min": [1.41421278386e-05, 0.000132272398332, 2.3807555408e-05, 2.23393617489e-05, 2.73981595456e-06, 6.79684126226e-06, 5.81100812269e-06, 1.84951773008e-06, 8.27859821584e-06, 7.86144391896e-06, 4.61208674096e-06, 4.10525535699e-06, 2.79687878901e-06, 5.03012051922e-06, 1.93423466044e-06, 1.87436251053e-06, 3.12289284921e-06, 2.03276476896e-06, 2.40639974436e-06, 2.2345736852e-06, 1.67585540112e-06, 2.02976457331e-06, 1.43685349485e-06, 9.80290110419e-07, 1.29074282995e-06, 1.0371800272e-06, 9.23561913169e-07, 6.61659669277e-07, 6.41772942345e-07, 5.74322427838e-07, 2.72754562047e-07, 2.92484827469e-07, 2.60837396127e-07, 1.19618988492e-07, 2.04210749644e-07, 8.87660220883e-08, 1.23244205952e-07, 1.03549190555e-07, 1.39627642781e-08, 2.67917990016e-08],
