{
"highlevel": {
    "danceability": {
        "all": {
            "danceable": 0.792490184307,
            "not_danceable": 0.207509815693
        },
        "probability": 0.792490184307,
        "value": "danceable"
    },
    "gender": {
        "all": {
            "female": 0.593968749046,
            "male": 0.406031250954
        },
        "probability": 0.593968749046,
        "value": "female"
    },
    "genre_dortmund": {
        "all": {
            "alternative": 0.253152430058,
            "blues": 0.0879445970058,
            "electronic": 0.0149380899966,
            "folkcountry": 0.173914477229,
            "funksoulrnb": 0.00324992649257,
            "jazz": 0.0223209783435,
            "pop": 0.0561735220253,
            "raphiphop": 0.00121364963707,
            "rock": 0.387092322111
        },
        "probability": 0.387092322111,
        "value": "rock"
    },
    "genre_electronic": {
        "all": {
            "ambient": 0.770823895931,
            "dnb": 0.119633622468,
            "house": 0.00950449611992,
            "techno": 0.00497850915417,
            "trance": 0.0950594618917
        },
        "probability": 0.770823895931,
        "value": "ambient"
    },
    "genre_rosamerica": {
        "all": {
            "cla": 0.0447031743824,
            "dan": 0.014934158884,
            "hip": 0.00524923903868,
            "jaz": 0.01227489952,
            "pop": 0.108403794467,
            "rhy": 0.00970901641995,
            "roc": 0.803243041039,
            "spe": 0.00148266449105
        },
        "probability": 0.803243041039,
        "value": "roc"
    },
    "genre_tzanetakis": {
        "all": {
            "blu": 0.0626541376114,
            "cla": 0.0348133966327,
            "cou": 0.0783501937985,
            "dis": 0.104547761381,
            "hip": 0.15693578124,
            "jaz": 0.313987255096,
            "met": 0.044816005975,
            "pop": 0.0627349764109,
            "reg": 0.0627352520823,
            "roc": 0.0784252434969
        },
        "probability": 0.313987255096,
        "value": "jaz"
    },
    "ismir04_rhythm": {
        "all": {
            "ChaChaCha": 0.443964362144,
            "Jive": 0.128494128585,
            "Quickstep": 0.0531442128122,
            "Rumba-American": 0.0997695550323,
            "Rumba-International": 0.0242529176176,
            "Rumba-Misc": 0.00516374129802,
            "Samba": 0.061988722533,
            "Tango": 0.0881248041987,
            "VienneseWaltz": 0.0680261254311,
            "Waltz": 0.027071421966
        },
        "probability": 0.443964362144,
        "value": "ChaChaCha"
    },
    "mood_acoustic": {
        "all": {
            "acoustic": 0.0208985526115,
            "not_acoustic": 0.979101419449
        },
        "probability": 0.979101419449,
        "value": "not_acoustic"
    },
    "mood_aggressive": {
        "all": {
            "aggressive": 0.97234326601,
            "not_aggressive": 0.0276567265391
        },
        "probability": 0.97234326601,
        "value": "aggressive"
    },
    "mood_electronic": {
        "all": {
            "electronic": 0.0536405146122,
            "not_electronic": 0.946359455585
        },
        "probability": 0.946359455585,
        "value": "not_electronic"
    },
    "mood_happy": {
        "all": {
            "happy": 0.881219804287,
            "not_happy": 0.118780203164
        },
        "probability": 0.881219804287,
        "value": "happy"
    },
    "mood_party": {
        "all": {
            "not_party": 0.483001738787,
            "party": 0.516998231411
        },
        "probability": 0.516998231411,
        "value": "party"
    },
    "mood_relaxed": {
        "all": {
            "not_relaxed": 0.951947808266,
            "relaxed": 0.0480522066355
        },
        "probability": 0.951947808266,
        "value": "not_relaxed"
    },
    "mood_sad": {
        "all": {
            "not_sad": 0.658849179745,
            "sad": 0.341150820255
        },
        "probability": 0.658849179745,
        "value": "not_sad"
    },
    "moods_mirex": {
        "all": {
            "Cluster1": 0.245895639062,
            "Cluster2": 0.0686790570617,
            "Cluster3": 0.329575389624,
            "Cluster4": 0.0711728930473,
            "Cluster5": 0.284677028656
        },
        "probability": 0.329575389624,
        "value": "Cluster3"
    },
    "timbre": {
        "all": {
            "bright": 0.989381611347,
            "dark": 0.0106183839962
        },
        "probability": 0.989381611347,
        "value": "bright"
    },
    "tonal_atonal": {
        "all": {
            "atonal": 0.00171437580138,
            "tonal": 0.998285651207
        },
        "probability": 0.998285651207,
        "value": "tonal"
    },
    "voice_instrumental": {
        "all": {
            "instrumental": 0.92907500267,
            "voice": 0.070925027132
        },
        "probability": 0.92907500267,
        "value": "instrumental"
    }
},
"lowlevel": {
    "average_loudness": 0.970140039921,
    "barkbands_crest": {
        "dmean": 1.66101431847,
        "dmean2": 2.68687129021,
        "dvar": 2.16316413879,
        "dvar2": 5.13860702515,
        "max": 21.0333824158,
        "mean": 8.83214855194,
        "median": 8.36174678802,
        "min": 2.74858570099,
        "var": 10.5557718277
    },
    "barkbands_flatness_db": {
        "dmean": 0.013952719979,
        "dmean2": 0.0215725023299,
        "dvar": 0.000171575695276,
        "dvar2": 0.000358862278517,
        "max": 0.219907194376,
        "mean": 0.130882695317,
        "median": 0.128371819854,
        "min": 0.0669204816222,
        "var": 0.000590169278439
    },
    "barkbands_kurtosis": {
        "dmean": 0.674134075642,
        "dmean2": 1.07403934002,
        "dvar": 1.04976296425,
        "dvar2": 2.30934858322,
        "max": 20.299539566,
        "mean": -0.0258851815015,
        "median": -0.876598119736,
        "min": -1.82479333878,
        "var": 4.84277915955
    },
    "barkbands_skewness": {
        "dmean": 0.31312674284,
        "dmean2": 0.498979955912,
        "dvar": 0.0940276011825,
        "dvar2": 0.228862926364,
        "max": 4.29087591171,
        "mean": 0.655593931675,
        "median": 0.594591259956,
        "min": -1.48047173023,
        "var": 0.625275015831
    },
    "barkbands_spread": {
        "dmean": 4.21317815781,
        "dmean2": 6.53408527374,
        "dvar": 14.8823881149,
        "dvar2": 34.545124054,
        "max": 61.3033409119,
        "mean": 33.7690200806,
        "median": 35.4766082764,
        "min": 9.03496170044,
        "var": 90.0603027344
    },
    "dissonance": {
        "dmean": 0.0117585416883,
        "dmean2": 0.020221054554,
        "dvar": 0.000118844975077,
        "dvar2": 0.00032703980105,
        "max": 0.499618113041,
        "mean": 0.475965350866,
        "median": 0.478637069464,
        "min": 0.398650109768,
        "var": 0.000236135834712
    },
    "dynamic_complexity": 0.981738567352,
    "erbbands_crest": {
        "dmean": 2.33925175667,
        "dmean2": 3.74121952057,
        "dvar": 4.58619165421,
        "dvar2": 11.4715499878,
        "max": 25.4729995728,
        "mean": 9.50392246246,
        "median": 8.85319900513,
        "min": 3.35274553299,
        "var": 12.3891010284
    },
    "erbbands_flatness_db": {
        "dmean": 0.015234855935,
        "dmean2": 0.0225983764976,
        "dvar": 0.000246976676863,
        "dvar2": 0.000504776020534,
        "max": 0.250939935446,
        "mean": 0.158598035574,
        "median": 0.158079087734,
        "min": 0.0773590356112,
        "var": 0.000787624972872
    },
    "erbbands_kurtosis": {
        "dmean": 0.706455767155,
        "dmean2": 1.14570140839,
        "dvar": 0.566005468369,
        "dvar2": 1.51231813431,
        "max": 9.05042934418,
        "mean": 0.96582710743,
        "median": 0.649851799011,
        "min": -1.39292418957,
        "var": 2.12701535225
    },
    "erbbands_skewness": {
        "dmean": 0.289809703827,
        "dmean2": 0.450977623463,
        "dvar": 0.0636459290981,
        "dvar2": 0.148064047098,
        "max": 1.28421247005,
        "mean": -0.568418383598,
        "median": -0.576379716396,
        "min": -2.69826006889,
        "var": 0.366057217121
    },
    "erbbands_spread": {
        "dmean": 4.4945025444,
        "dmean2": 7.19370269775,
        "dvar": 24.1563453674,
        "dvar2": 61.4186210632,
        "max": 78.0279922485,
        "mean": 28.356054306,
        "median": 27.1669712067,
        "min": 7.42351102829,
        "var": 87.7705993652
    },
    "hfc": {
        "dmean": 5.74490356445,
        "dmean2": 8.46035385132,
        "dvar": 36.3199920654,
        "dvar2": 74.7771148682,
        "max": 85.6179351807,
        "mean": 29.742767334,
        "median": 27.3136234283,
        "min": 6.78196811676,
        "var": 161.696395874
    },
    "melbands_crest": {
        "dmean": 2.35082173347,
        "dmean2": 3.81760001183,
        "dvar": 4.58381938934,
        "dvar2": 11.749215126,
        "max": 30.4165096283,
        "mean": 14.1691465378,
        "median": 13.1496515274,
        "min": 3.62395501137,
        "var": 28.6980171204
    },
    "melbands_flatness_db": {
        "dmean": 0.0172173585743,
        "dmean2": 0.0267595313489,
        "dvar": 0.000286659982521,
        "dvar2": 0.000651607231703,
        "max": 0.296688079834,
        "mean": 0.169872328639,
        "median": 0.169461771846,
        "min": 0.0794089064002,
        "var": 0.00133961858228
    },
    "melbands_kurtosis": {
        "dmean": 2.15811061859,
        "dmean2": 3.47863435745,
        "dvar": 10.5058641434,
        "dvar2": 25.9027919769,
        "max": 69.3960266113,
        "mean": 4.06252098083,
        "median": 2.36769914627,
        "min": -1.69838058949,
        "var": 36.0787849426
    },
    "melbands_skewness": {
        "dmean": 0.430202275515,
        "dmean2": 0.680099308491,
        "dvar": 0.183871001005,
        "dvar2": 0.470824152231,
        "max": 7.17836618423,
        "mean": 1.83034062386,
        "median": 1.77594304085,
        "min": -0.902923643589,
        "var": 0.895635724068
    },
    "melbands_spread": {
        "dmean": 7.36100816727,
        "dmean2": 11.9015703201,
        "dvar": 55.4187049866,
        "dvar2": 147.453338623,
        "max": 90.74584198,
        "mean": 40.9287643433,
        "median": 40.060382843,
        "min": 5.04519081116,
        "var": 325.103027344
    },
    "pitch_salience": {
        "dmean": 0.0493171773851,
        "dmean2": 0.0812982171774,
        "dvar": 0.0018783811247,
        "dvar2": 0.00430451892316,
        "max": 0.717696785927,
        "mean": 0.468005776405,
        "median": 0.465436667204,
        "min": 0.195149853826,
        "var": 0.0063034160994
    },
    "silence_rate_20dB": {
        "dmean": 0,
        "dmean2": 0,
        "dvar": 0,
        "dvar2": 0,
        "max": 1,
        "mean": 1,
        "median": 1,
        "min": 1,
        "var": 0
    },
    "silence_rate_30dB": {
        "dmean": 0,
        "dmean2": 0,
        "dvar": 0,
        "dvar2": 0,
        "max": 1,
        "mean": 1,
        "median": 1,
        "min": 1,
        "var": 0
    },
    "silence_rate_60dB": {
        "dmean": 0,
        "dmean2": 0,
        "dvar": 0,
        "dvar2": 0,
        "max": 0,
        "mean": 0,
        "median": 0,
        "min": 0,
        "var": 0
    },
    "spectral_centroid": {
        "dmean": 186.259765625,
        "dmean2": 300.09475708,
        "dvar": 26201.3691406,
        "dvar2": 66466.0625,
        "max": 2850.52587891,
        "mean": 1902.11120605,
        "median": 2064.69628906,
        "min": 488.961456299,
        "var": 295748.6875
    },
    "spectral_complexity": {
        "dmean": 2.86068105698,
        "dmean2": 4.51742839813,
        "dvar": 7.42331647873,
        "dvar2": 15.2458257675,
        "max": 45,
        "mean": 23.5290031433,
        "median": 23,
        "min": 8,
        "var": 26.2383060455
    },
    "spectral_decrease": {
        "dmean": 1.2913689007e-09,
        "dmean2": 1.98712291066e-09,
        "dvar": 1.65128266566e-18,
        "dvar2": 3.80994178904e-18,
        "max": -1.65558600163e-09,
        "mean": -7.16409420676e-09,
        "median": -6.80751277571e-09,
        "min": -2.107348962e-08,
        "var": 7.48367340097e-18
    },
    "spectral_energy": {
        "dmean": 0.00517430063337,
        "dmean2": 0.00790009088814,
        "dvar": 2.5914341677e-05,
        "dvar2": 5.83488144912e-05,
        "max": 0.0819505825639,
        "mean": 0.0297367163002,
        "median": 0.028502618894,
        "min": 0.00767106562853,
        "var": 0.000115881157399
    },
    "spectral_energyband_high": {
        "dmean": 0.0002237282024,
        "dmean2": 0.000305571767967,
        "dvar": 9.78870176027e-08,
        "dvar2": 2.08344545172e-07,
        "max": 0.0028461467009,
        "mean": 0.00049713026965,
        "median": 0.000354722811608,
        "min": 7.35461871955e-05,
        "var": 1.65293499776e-07
    },
    "spectral_energyband_low": {
        "dmean": 0.00360723212361,
        "dmean2": 0.0058837053366,
        "dvar": 1.58213697432e-05,
        "dvar2": 3.89943088521e-05,
        "max": 0.0527063310146,
        "mean": 0.0122549328953,
        "median": 0.0107765523717,
        "min": 0.000190487757209,
        "var": 6.86921266606e-05
    },
    "spectral_energyband_middle_high": {
        "dmean": 0.00228274147958,
        "dmean2": 0.00347306276672,
        "dvar": 5.45625789528e-06,
        "dvar2": 1.15515158541e-05,
        "max": 0.0358255431056,
        "mean": 0.0110836550593,
        "median": 0.00996774528176,
        "min": 0.00135803595185,
        "var": 2.94712590403e-05
    },
    "spectral_energyband_middle_low": {
        "dmean": 0.00235006632283,
        "dmean2": 0.00374084105715,
        "dvar": 8.80969582795e-06,
        "dvar2": 2.08980090974e-05,
        "max": 0.0524805262685,
        "mean": 0.00730443187058,
        "median": 0.00548796448857,
        "min": 0.000788583303802,
        "var": 3.2935575291e-05
    },
    "spectral_entropy": {
        "dmean": 0.143235146999,
        "dmean2": 0.211286708713,
        "dvar": 0.0221238732338,
        "dvar2": 0.0458979308605,
        "max": 8.14746379852,
        "mean": 7.49304103851,
        "median": 7.49846792221,
        "min": 6.68012905121,
        "var": 0.0497563071549
    },
    "spectral_flux": {
        "dmean": 0.0177207067609,
        "dmean2": 0.0287211835384,
        "dvar": 0.000230831326917,
        "dvar2": 0.000534045335371,
        "max": 0.188066065311,
        "mean": 0.0801935940981,
        "median": 0.0772269368172,
        "min": 0.0310568623245,
        "var": 0.000539703120012
    },
    "spectral_kurtosis": {
        "dmean": 1.2563726902,
        "dmean2": 2.01619696617,
        "dvar": 1.25182962418,
        "dvar2": 3.17536973953,
        "max": 11.7770862579,
        "mean": 5.67646837234,
        "median": 5.62043952942,
        "min": 1.49702596664,
        "var": 2.4091565609
    },
    "spectral_rms": {
        "dmean": 0.000469869584776,
        "dmean2": 0.000715173839126,
        "dvar": 1.96063226099e-07,
        "dvar2": 4.34399140659e-07,
        "max": 0.00894157588482,
        "mean": 0.0052983937785,
        "median": 0.005273275543,
        "min": 0.00273568392731,
        "var": 9.38435505304e-07
    },
    "spectral_rolloff": {
        "dmean": 289.064178467,
        "dmean2": 496.013641357,
        "dvar": 126279,
        "dvar2": 299991.4375,
        "max": 3919.04296875,
        "mean": 2149.0234375,
        "median": 2454.78515625,
        "min": 129.19921875,
        "var": 618837.6875
    },
    "spectral_skewness": {
        "dmean": 0.136798262596,
        "dmean2": 0.22618021071,
        "dvar": 0.0141422227025,
        "dvar2": 0.038152795285,
        "max": 2.83709430695,
        "mean": 1.84755563736,
        "median": 1.85002183914,
        "min": 1.30786561966,
        "var": 0.0273446049541
    },
    "spectral_spread": {
        "dmean": 570848.5,
        "dmean2": 874654.25,
        "dvar": 506846511104,
        "dvar2": 1.10210423194e+12,
        "max": 9288930,
        "mean": 4359317,
        "median": 4138627.5,
        "min": 2497579.75,
        "var": 1.07386627686e+12
    },
    "spectral_strongpeak": {
        "dmean": 0.777387142181,
        "dmean2": 1.40390300751,
        "dvar": 2.83918070793,
        "dvar2": 7.58921146393,
        "max": 10.7928342819,
        "mean": 1.0736566782,
        "median": 0.454563379288,
        "min": 0.0565334707499,
        "var": 2.83031272888
    },
    "zerocrossingrate": {
        "dmean": 0.00750562362373,
        "dmean2": 0.00914307590574,
        "dvar": 4.11899018218e-05,
        "dvar2": 5.59131403861e-05,
        "max": 0.14208984375,
        "mean": 0.0731957405806,
        "median": 0.0732421875,
        "min": 0.0166015625,
        "var": 0.00044087311835
    },
    "barkbands": {
        "dmean": [1.39857256727e-05, 0.00171497289557, 0.0020046888385, 0.00138164439704, 0.000598370097578, 0.00083133514272, 0.000299000035739, 0.000199766989681, 0.000306011963403, 0.000732594693545, 0.000424905418186, 0.000402801495511, 0.000295134144835, 0.000323168351315, 0.00050336366985, 0.000362207327271, 0.00112240435556, 0.000414075999288, 0.000594842247665, 7.56046138122e-05, 2.6253888791e-05, 2.35505667661e-05, 3.48965731973e-05, 6.20420687483e-05, 6.3152067014e-05, 3.12058473355e-05, 2.1782788906e-09],
        "dmean2": [2.44992697844e-05, 0.00287089846097, 0.00333426101133, 0.00234967330471, 0.000966332096141, 0.00114909000695, 0.000461781368358, 0.000331013899995, 0.000487375451485, 0.00107369991019, 0.000666869455017, 0.000631269416772, 0.000458105496364, 0.000525356503204, 0.000863050983753, 0.000569833267946, 0.00183659978211, 0.000669104803819, 0.000983436475508, 0.000113078749564, 4.06789113185e-05, 3.66496715287e-05, 5.26163348695e-05, 9.36016585911e-05, 9.20288366615e-05, 4.37630005763e-05, 3.02442115796e-09],
        "dvar": [4.16269407832e-10, 3.79547100238e-06, 7.22916638551e-06, 4.12345207224e-06, 6.82667860019e-07, 3.65498590327e-06, 2.77739104604e-07, 8.83981030597e-08, 2.37039643025e-07, 1.04483024188e-06, 3.0349403346e-07, 2.6254232921e-07, 1.38894606039e-07, 3.04570562548e-07, 1.02188300843e-06, 1.88689725178e-07, 1.56606904511e-06, 3.98381700961e-07, 6.25374411811e-07, 1.72397669473e-08, 1.04080943863e-09, 1.04365116549e-09, 2.08163308812e-09, 7.93633514462e-09, 9.81994485727e-09, 2.76656964004e-09, 1.01962088658e-15],
        "dvar2": [8.17287015842e-10, 9.29507950787e-06, 1.68545866472e-05, 1.06107800093e-05, 1.764924491e-06, 6.17204705122e-06, 5.5287654277e-07, 2.17523307811e-07, 5.20640696777e-07, 2.17079923459e-06, 7.20685534361e-07, 6.46203432098e-07, 3.42189707681e-07, 7.94525817582e-07, 3.09592655867e-06, 4.4879365646e-07, 3.78623826691e-06, 8.38138305426e-07, 1.46269439938e-06, 3.92972658858e-08, 2.3467463528e-09, 2.41821518365e-09, 4.22093160424e-09, 1.7898512894e-08, 2.05278638532e-08, 6.29358476445e-09, 1.02235246195e-15],
        "max": [0.000505087606143, 0.0250369310379, 0.0438909158111, 0.034846868366, 0.0140031380579, 0.0235990956426, 0.00772498967126, 0.00406723096967, 0.00799295213073, 0.0126379132271, 0.00815881229937, 0.0052265226841, 0.00518574146554, 0.00698025338352, 0.0158634111285, 0.00684459647164, 0.0126381618902, 0.0053623765707, 0.00743508571759, 0.00191970635206, 0.000343443738529, 0.000372205191525, 0.000402301899157, 0.00076787150465, 0.000922592065763, 0.000520981207956, 1.05151502794e-06],
        "mean": [1.48441076817e-05, 0.00514405407012, 0.00590403564274, 0.00214574648999, 0.00118584418669, 0.00179746851791, 0.000727823586203, 0.000361820479156, 0.000704072474036, 0.00148060161155, 0.000998636940494, 0.000845567905344, 0.000557713326998, 0.000609354232438, 0.00116678269114, 0.00088077649707, 0.00275436928496, 0.000633533927612, 0.00120775168762, 0.000154692839715, 5.74665646127e-05, 5.00188980368e-05, 7.17677758075e-05, 0.000119905918837, 0.000115584138257, 4.64814147563e-05, 1.98036453902e-09],
        "median": [9.62925059866e-06, 0.0035415221937, 0.0031159047503, 0.00141608749982, 0.000710517517291, 0.000202933995752, 0.000242624184466, 0.000211569727981, 0.000380300742108, 0.000949293666054, 0.000740524730645, 0.000629152113106, 0.000404846272431, 0.000366796128219, 0.000689502048772, 0.000709338404704, 0.0019487272948, 0.000304635846987, 0.000954008777626, 6.94830014254e-05, 4.28488965554e-05, 3.86975443689e-05, 5.30035722477e-05, 8.09544653748e-05, 7.39065362723e-05, 2.26773536269e-05, 3.70655728332e-10],
        "min": [5.3619260143e-09, 2.24156283366e-05, 1.56182813953e-05, 5.86853047935e-06, 2.8730930353e-05, 1.84832379091e-06, 4.08165169574e-06, 4.72683859698e-06, 1.34778711072e-05, 2.09563459066e-05, 1.75945187948e-05, 1.66533027368e-05, 9.48731940298e-06, 7.5823845691e-06, 9.33440969675e-06, 9.0922048912e-06, 2.85635505861e-05, 8.8958604465e-06, 2.15523141378e-05, 6.82259042151e-06, 6.50684751236e-06, 6.07850734013e-06, 8.5054025476e-06, 1.16905603136e-05, 7.83829273132e-06, 8.15634109586e-07, 1.63631538874e-11],
        "var": [4.24006441069e-10, 2.20092551899e-05, 4.86081116833e-05, 7.35609773983e-06, 1.75005448e-06, 1.48989329318e-05, 1.53663359015e-06, 2.07214796433e-07, 8.57452050695e-07, 2.57398482972e-06, 9.38400944506e-07, 5.60243790915e-07, 2.75626632629e-07, 5.59993907245e-07, 2.87831335299e-06, 5.71994689835e-07, 5.38761014468e-06, 7.82014751621e-07, 1.44960768012e-06, 4.69429828343e-08, 2.17919371437e-09, 1.57800306155e-09, 3.46941164686e-09, 1.12567741795e-08, 1.50638861385e-08, 3.78467213125e-09, 1.02158060318e-15]
    },
    "erbbands": {
        "dmean": [0.0250009819865, 0.477334558964, 2.05118894577, 3.40841579437, 3.29066801071, 1.8173289299, 5.14561986923, 6.07788848877, 4.75405168533, 3.98663163185, 3.83768987656, 7.32128238678, 12.8222579956, 24.8510894775, 18.1031780243, 15.4171857834, 14.7676343918, 15.1077108383, 26.8350601196, 15.2667331696, 26.7839832306, 47.5921669006, 23.3865184784, 31.5591945648, 15.8192863464, 4.01469087601, 1.19767642021, 0.981682062149, 0.894802868366, 0.771473348141, 1.043648839, 1.15690660477, 1.14171051979, 0.837208390236, 0.395831555128, 0.154086753726, 0.0592117905617, 0.00545921968296, 0.000100266479421, 9.3410435511e-06],
        "dmean2": [0.0431833639741, 0.792532503605, 3.37797808647, 5.77362155914, 5.56562995911, 2.93657135963, 7.19986915588, 8.67990493774, 7.08761310577, 6.53353595734, 6.29560470581, 11.5826721191, 20.4795742035, 36.0433578491, 27.7982120514, 24.6682090759, 22.8061027527, 24.459318161, 45.9756507874, 24.4705753326, 41.278263092, 72.8603210449, 36.5265731812, 51.6364440918, 26.687379837, 6.17154312134, 1.9011926651, 1.47667062283, 1.39086997509, 1.16957426071, 1.56859731674, 1.79537594318, 1.73894786835, 1.25200772285, 0.573671460152, 0.223221644759, 0.085291005671, 0.00799210276455, 0.00014273551642, 1.34382344186e-05],
        "dvar": [0.00089103350183, 0.294197261333, 7.02788591385, 22.0553722382, 26.9788188934, 8.31663322449, 119.948707581, 197.007965088, 73.0183563232, 44.0035629272, 28.5809783936, 147.591842651, 242.737258911, 1553.75231934, 585.520202637, 433.146087646, 348.121612549, 751.381958008, 3511.05297852, 337.63848877, 1150.02209473, 2771.81103516, 696.53112793, 2947.64599609, 541.137756348, 43.6265945435, 1.94010674953, 1.46338367462, 1.26644051075, 1.09740173817, 1.87405633926, 2.77745723724, 2.72260212898, 1.60285043716, 0.430355191231, 0.06472799927, 0.0111917741597, 0.000109711618279, 3.38487673446e-08, 1.34649680295e-10],
        "dvar2": [0.00251273228787, 0.718038201332, 16.3743305206, 58.100189209, 65.8983612061, 23.3099250793, 212.759796143, 340.875030518, 143.957778931, 114.889701843, 68.631362915, 324.171295166, 625.272094727, 3106.99487305, 1406.90563965, 1097.84619141, 810.823913574, 2034.97631836, 10851.9619141, 796.496154785, 2642.26074219, 6080.37353516, 1671.71789551, 7371.39746094, 1619.91882324, 103.438568115, 4.6386680603, 3.26595520973, 2.784958601, 2.53711080551, 3.83907103539, 6.08824729919, 6.21344804764, 3.25433468819, 0.960775613785, 0.147267714143, 0.025637127459, 0.000260116503341, 7.92258560978e-08, 2.79535561365e-10],
        "max": [0.371784687042, 6.65562152863, 42.8363800049, 51.4544029236, 129.683959961, 38.9953575134, 149.187072754, 181.480255127, 126.105262756, 97.6111221313, 77.8255615234, 201.418304443, 171.125930786, 499.83303833, 431.578063965, 194.180160522, 267.85760498, 350.510040283, 911.607543945, 213.548812866, 508.453948975, 594.10760498, 312.697509766, 575.261291504, 246.373764038, 91.5667419434, 16.5825996399, 16.3345241547, 12.6517801285, 10.7644643784, 12.1514816284, 12.7459774017, 14.8025217056, 11.7968835831, 6.23855257034, 2.39227795601, 1.16792523861, 0.106479048729, 0.00190624594688, 0.000148974097101],
        "mean": [0.065113298595, 1.4986332655, 6.41164731979, 7.23669958115, 5.37079334259, 3.74701404572, 9.79402160645, 14.112326622, 12.0192432404, 8.54843425751, 7.9559135437, 16.7005081177, 28.1801929474, 50.0269241333, 47.4177474976, 34.1205863953, 30.4959487915, 30.3458614349, 60.7586097717, 43.195400238, 66.4093017578, 121.203140259, 61.1493606567, 71.4539794922, 37.2518959045, 8.95462226868, 2.83309674263, 2.14788508415, 1.95697569847, 1.60588145256, 2.08254480362, 2.15411424637, 2.12399864197, 1.56307709217, 0.682260930538, 0.245390847325, 0.0853914618492, 0.00642280559987, 0.000143542842125, 4.39086979895e-05],
        "median": [0.0410976074636, 1.11125016212, 3.85313010216, 5.58227682114, 3.3103325367, 2.1684088707, 1.9897466898, 2.12145996094, 4.03257656097, 4.62903881073, 5.63647890091, 9.11036396027, 21.2270202637, 28.5986270905, 35.844619751, 24.860874176, 22.8106536865, 18.7203006744, 32.8729362488, 32.9816856384, 49.5656700134, 83.7607421875, 48.2515258789, 31.6797714233, 22.7863674164, 5.31812334061, 2.24999666214, 1.61036753654, 1.51743733883, 1.20936131477, 1.48318970203, 1.40060138702, 1.42314422131, 1.00422883034, 0.407078713179, 0.1309877038, 0.0378326699138, 0.00194320222363, 6.30481954431e-05, 4.11380788137e-05],
        "min": [0.000527910247911, 0.0139942439273, 0.0724455863237, 0.0971107631922, 0.0456404313445, 0.0568496026099, 0.0628719553351, 0.0362815782428, 0.0800811499357, 0.333455175161, 0.355856329203, 0.59448581934, 0.771383225918, 1.14639306068, 1.60139250755, 0.976300835609, 0.687606871128, 0.914905130863, 0.871223688126, 0.746390640736, 0.952436625957, 1.16252744198, 1.12888658047, 1.94365894794, 0.604038059711, 0.371838927269, 0.378716170788, 0.259489029646, 0.252593189478, 0.186068400741, 0.265901774168, 0.224838718772, 0.192118003964, 0.12188012898, 0.0268440041691, 0.00628048041835, 0.000968192529399, 4.41962656623e-05, 1.02352023532e-05, 1.15189995995e-05],
        "var": [0.00455805193633, 1.57261514664, 48.3954544067, 39.4190368652, 62.7043380737, 18.3297576904, 365.534820557, 922.384155273, 395.784790039, 110.688949585, 68.112701416, 476.844940186, 593.129760742, 3559.00268555, 1829.0255127, 853.517089844, 740.985961914, 1326.0682373, 10091.8691406, 1280.54614258, 3288.38745117, 11053.0996094, 2254.10839844, 9338.1015625, 1536.91564941, 123.465950012, 4.20022726059, 3.20703697205, 2.196372509, 1.64369368553, 3.05862045288, 3.94185042381, 3.76189851761, 2.50670385361, 0.613980948925, 0.0894220992923, 0.0143113927916, 0.000125610997202, 4.10328055978e-08, 3.14617193409e-10]
    },
    "gfcc": {
        "mean": [39.6676940918, 79.8785324097, -129.737686157, 33.2480506897, -34.6916809082, 30.0246334076, -45.6205406189, 30.6476516724, -31.3709030151, -7.6947054863, -17.2204971313, 1.90887701511, -14.6488752365],
        "cov": [[587.846496582, -243.091674805, 137.340789795, -41.1425132751, 22.5370101929, 64.3222198486, -1.59737884998, -3.51114702225, -46.2972679138, 35.8786697388, -68.4424591064, 29.7512798309, -46.2327651978], [-243.091674805, 397.507385254, 8.84794044495, 17.526763916, -62.3282089233, -49.0104446411, -29.2023029327, -84.9046325684, 48.6840515137, -3.34303355217, 72.1253890991, -1.18357801437, 89.9217758179], [137.340789795, 8.84794044495, 375.75680542, -44.1415405273, -73.0178527832, 21.6932506561, -94.6345443726, -54.539642334, 7.23670244217, 56.4651947021, -8.20263957977, 71.4257965088, 18.5467987061], [-41.1425132751, 17.526763916, -44.1415405273, 85.2432556152, 52.7661399841, -6.01807975769, 41.6907577515, 27.2635421753, 1.32313382626, -14.6757221222, 12.4778747559, -22.663061142, -7.70138216019], [22.5370101929, -62.3282089233, -73.0178527832, 52.7661399841, 114.040878296, 43.5267524719, 67.6993331909, 53.8844451904, -10.9603500366, -18.1222133636, -14.7240772247, -36.2786102295, -38.7505302429], [64.3222198486, -49.0104446411, 21.6932506561, -6.01807975769, 43.5267524719, 92.6729660034, 49.2807617188, 13.5766878128, -8.65758895874, 3.99562549591, -17.1815509796, -17.4241466522, -22.691192627], [-1.59737884998, -29.2023029327, -94.6345443726, 41.6907577515, 67.6993331909, 49.2807617188, 129.362579346, 74.8716888428, -14.3326539993, -23.0809955597, 5.49820327759, -42.5811500549, -37.5916442871], [-3.51114702225, -84.9046325684, -54.539642334, 27.2635421753, 53.8844451904, 13.5766878128, 74.8716888428, 111.808288574, 1.88401019573, -22.2768363953, -5.52038669586, -15.5306558609, -36.9075241089], [-46.2972679138, 48.6840515137, 7.23670244217, 1.32313382626, -10.9603500366, -8.65758895874, -14.3326539993, 1.88401019573, 48.1189918518, 15.8368501663, 4.77485466003, 8.48953819275, 20.8189411163], [35.8786697388, -3.34303355217, 56.4651947021, -14.6757221222, -18.1222133636, 3.99562549591, -23.0809955597, -22.2768363953, 15.8368501663, 55.1666641235, 17.3332672119, 16.7958240509, 13.0536327362], [-68.4424591064, 72.1253890991, -8.20263957977, 12.4778747559, -14.7240772247, -17.1815509796, 5.49820327759, -5.52038669586, 4.77485466003, 17.3332672119, 67.5447006226, 25.3270359039, 24.6389141083], [29.7512798309, -1.18357801437, 71.4257965088, -22.663061142, -36.2786102295, -17.4241466522, -42.5811500549, -15.5306558609, 8.48953819275, 16.7958240509, 25.3270359039, 82.1030960083, 47.5901260376], [-46.2327651978, 89.9217758179, 18.5467987061, -7.70138216019, -38.7505302429, -22.691192627, -37.5916442871, -36.9075241089, 20.8189411163, 13.0536327362, 24.6389141083, 47.5901260376, 85.2086791992]],
        "icov": [[0.0032621123828, 0.000862422981299, -0.000604853965342, 0.000160622148542, -0.000596108729951, 0.000265482492978, -0.00208832486533, 0.00152742757928, 0.00231043784879, -0.0030948293861, 0.00390148279257, -0.00298660900444, 0.000995418289676], [0.000862422981299, 0.0126306833699, -0.0056482963264, 0.00513269379735, -0.00337160355411, 0.00657119229436, -0.00758983939886, 0.0123058147728, -0.0146690988913, 0.0150245567784, -0.0158052351326, 0.0142279984429, -0.0110635859892], [-0.000604853965342, -0.0056482963264, 0.00840080622584, -0.00682303495705, 0.00675751268864, -0.0087118120864, 0.00805877801031, -0.0069214743562, 0.00788574665785, -0.0105616636574, 0.0092114303261, -0.0109826130792, 0.00765942409635], [0.000160622148542, 0.00513269379735, -0.00682303495705, 0.0295675862581, -0.0183854699135, 0.01571733132, -0.0115748308599, 0.00881342682987, -0.0109910462052, 0.0122728776187, -0.0139401033521, 0.013246989809, -0.00919901207089], [-0.000596108729951, -0.00337160355411, 0.00675751268864, -0.0183854699135, 0.0281569045037, -0.0161551050842, 0.00680080754682, -0.0106444451958, 0.00784764625132, -0.00746323168278, 0.00897376425564, -0.00652720266953, 0.00727127911523], [0.000265482492978, 0.00657119229436, -0.0087118120864, 0.01571733132, -0.0161551050842, 0.0316205695271, -0.0214609038085, 0.0153561467305, -0.010657640174, 0.00655965367332, -0.00476471194997, 0.00856287591159, -0.00702227978036], [-0.00208832486533, -0.00758983939886, 0.00805877801031, -0.0115748308599, 0.00680080754682, -0.0214609038085, 0.0360535681248, -0.0238629709929, 0.0142466621473, -0.00619894778356, -0.00102363643236, 0.000608904869296, 0.00444847811013], [0.00152742757928, 0.0123058147728, -0.0069214743562, 0.00881342682987, -0.0106444451958, 0.0153561467305, -0.0238629709929, 0.0354724824429, -0.0231294929981, 0.0183497872204, -0.0116076599807, 0.00434473017231, -0.00199907040223], [0.00231043784879, -0.0146690988913, 0.00788574665785, -0.0109910462052, 0.00784764625132, -0.010657640174, 0.0142466621473, -0.0231294929981, 0.0506756566465, -0.032355286181, 0.0258862525225, -0.016378171742, 0.00525917485356], [-0.0030948293861, 0.0150245567784, -0.0105616636574, 0.0122728776187, -0.00746323168278, 0.00655965367332, -0.00619894778356, 0.0183497872204, -0.032355286181, 0.0536578409374, -0.0360572300851, 0.0236835647374, -0.0136767206714], [0.00390148279257, -0.0158052351326, 0.0092114303261, -0.0139401033521, 0.00897376425564, -0.00476471194997, -0.00102363643236, -0.0116076599807, 0.0258862525225, -0.0360572300851, 0.0537609905005, -0.0342198945582, 0.0156299974769], [-0.00298660900444, 0.0142279984429, -0.0109826130792, 0.013246989809, -0.00652720266953, 0.00856287591159, 0.000608904869296, 0.00434473017231, -0.016378171742, 0.0236835647374, -0.0342198945582, 0.0516318082809, -0.0301537942141], [0.000995418289676, -0.0110635859892, 0.00765942409635, -0.00919901207089, 0.00727127911523, -0.00702227978036, 0.00444847811013, -0.00199907040223, 0.00525917485356, -0.0136767206714, 0.0156299974769, -0.0301537942141, 0.0371182784438]]
    },
    "melbands": {
        "dmean": [0.000350688205799, 0.000903547450434, 0.000586210924666, 0.000159427407198, 0.000155331683345, 0.000142387565575, 6.97214782122e-05, 4.42557611677e-05, 3.68961664208e-05, 4.39171817561e-05, 6.51890077279e-05, 0.000106640283775, 6.32670344203e-05, 4.72217725473e-05, 4.05848913942e-05, 2.03556683118e-05, 3.34573851433e-05, 4.21227668994e-05, 2.94588626275e-05, 2.19799658225e-05, 3.82296930184e-05, 4.87603174406e-05, 6.09569833614e-05, 1.21279863379e-05, 2.89911258733e-05, 1.84564923984e-05, 4.95458834848e-06, 2.19280400415e-06, 7.83388884429e-07, 7.36677293389e-07, 5.93973936702e-07, 5.65835705402e-07, 4.61718485667e-07, 4.77009621136e-07, 6.18118065177e-07, 7.55226437832e-07, 7.37649827443e-07, 8.53886547247e-07, 7.6358384149e-07, 7.50994672671e-07],
        "dmean2": [0.000592898228206, 0.00148332549725, 0.000992964138277, 0.000260099681327, 0.000219118592213, 0.000200862879865, 0.000104087856016, 7.35235880711e-05, 5.87458671362e-05, 6.93119873176e-05, 0.000104235310573, 0.000153978078743, 9.97226889012e-05, 7.36546644475e-05, 6.30324502708e-05, 3.14538701787e-05, 5.42385314475e-05, 7.05812999513e-05, 4.91856153531e-05, 3.44511827279e-05, 5.95248748141e-05, 7.20153693692e-05, 9.72111374722e-05, 1.90636565094e-05, 4.71642706543e-05, 3.04268269247e-05, 7.81121798354e-06, 3.39541747962e-06, 1.25299527554e-06, 1.17268450595e-06, 9.15022894787e-07, 8.92484592896e-07, 7.31812065169e-07, 7.37777838822e-07, 9.26395330225e-07, 1.18187870157e-06, 1.15782142984e-06, 1.32150648824e-06, 1.15368561637e-06, 1.13376677291e-06],
        "dvar": [1.58564290587e-07, 1.15177113003e-06, 6.4542552991e-07, 5.10130107045e-08, 9.16342628443e-08, 1.05435979947e-07, 1.56296842135e-08, 5.50924816878e-09, 3.11574410716e-09, 4.54304416309e-09, 6.11114270299e-09, 2.97275573047e-08, 6.71300837141e-09, 3.51197892989e-09, 2.86077095346e-09, 5.83905479523e-10, 3.98320310069e-09, 7.56831752824e-09, 2.51949860974e-09, 7.06171621179e-10, 2.96244806464e-09, 3.29933769194e-09, 5.70081359896e-09, 4.26112478635e-10, 2.63247268428e-09, 6.66079136291e-10, 4.4991944198e-11, 1.2915779557e-11, 7.88921391322e-13, 8.88418516271e-13, 5.06520010397e-13, 4.60800776876e-13, 5.26941934097e-13, 3.46076926882e-13, 5.63516084923e-13, 1.3726682551e-12, 1.09231601628e-12, 1.49288339937e-12, 1.29591920962e-12, 1.26912597185e-12],
        "dvar2": [3.9722016254e-07, 2.75920660897e-06, 1.64607331499e-06, 1.28564195734e-07, 1.64877050679e-07, 1.79510280418e-07, 3.0025578468e-08, 1.41320386504e-08, 7.1866712581e-09, 9.95586901809e-09, 1.56954094166e-08, 5.94371947216e-08, 1.64960791693e-08, 8.64882743201e-09, 6.53511023074e-09, 1.36783984139e-09, 1.07351558754e-08, 2.32865300376e-08, 7.36579952587e-09, 1.73969338935e-09, 6.91840007505e-09, 7.24744486647e-09, 1.32900490613e-08, 1.01470931657e-09, 6.3189684596e-09, 1.81835302371e-09, 1.07973713304e-10, 3.14140900792e-11, 1.94944082578e-12, 2.12094664748e-12, 1.17991488975e-12, 1.02287471028e-12, 1.32306774044e-12, 7.84659121532e-13, 1.15989856608e-12, 3.26494387082e-12, 2.3997115059e-12, 3.48842526046e-12, 2.87362364806e-12, 2.60564725178e-12],
        "max": [0.0051328195259, 0.0159274879843, 0.0132244154811, 0.0046752775088, 0.00408133119345, 0.00420974614099, 0.00183028564788, 0.000941191567108, 0.000923518324271, 0.00112371472642, 0.000843389891088, 0.00217181956396, 0.00111823366024, 0.000753212952986, 0.00079456763342, 0.000352792034391, 0.000802455761004, 0.00146042043343, 0.000765833770856, 0.000412783643696, 0.000835169339553, 0.000632171810139, 0.000762276991736, 0.000217584121856, 0.000525622919668, 0.000256409839494, 8.65936235641e-05, 4.86678400193e-05, 1.10046721602e-05, 8.84529436007e-06, 8.40389020595e-06, 7.45112129152e-06, 9.5044479167e-06, 6.12063513472e-06, 6.92155481374e-06, 1.13592959678e-05, 9.37603726925e-06, 1.08684198494e-05, 1.087149667e-05, 1.16002520372e-05],
        "mean": [0.00103817286436, 0.00297568272799, 0.00126656447537, 0.000300968182273, 0.000311253796099, 0.000322592590237, 0.000174585686182, 8.99360529729e-05, 7.7162636444e-05, 0.000100566692709, 0.000140334406751, 0.000204280106118, 0.00015166150115, 0.000108481857751, 8.34235543152e-05, 4.21818294853e-05, 5.97179605393e-05, 9.35288408073e-05, 6.6363310907e-05, 5.52652891201e-05, 8.57296909089e-05, 0.000110165099613, 0.000139621304697, 2.29545130424e-05, 6.18776175543e-05, 4.03039666708e-05, 9.05309025256e-06, 4.45736532129e-06, 1.68177052728e-06, 1.34968206567e-06, 1.22371000089e-06, 1.18472371469e-06, 8.26910991236e-07, 9.64626224231e-07, 1.22072560771e-06, 1.268965093e-06, 1.33191872465e-06, 1.5651484091e-06, 1.33703974825e-06, 1.33462890517e-06],
        "median": [0.00068948965054, 0.00230814423412, 0.0010007416131, 0.000193266416318, 8.23173613753e-05, 4.51326704933e-05, 5.1597286074e-05, 5.02128204971e-05, 4.95475469506e-05, 5.8392783103e-05, 0.000105461243948, 0.000108111227746, 0.000114920039778, 7.81156559242e-05, 6.07144211244e-05, 3.19060927723e-05, 3.27886991727e-05, 5.06785290781e-05, 4.38417264377e-05, 3.97137118853e-05, 5.86772621318e-05, 6.99243391864e-05, 9.19862432056e-05, 9.2795380624e-06, 1.87595815078e-05, 2.48427822953e-05, 5.43936766917e-06, 2.08859364648e-06, 1.31216586396e-06, 9.5034062042e-07, 9.3319511052e-07, 9.3217840913e-07, 5.79084257879e-07, 7.4880694001e-07, 8.98327755294e-07, 7.91086790741e-07, 8.79765252648e-07, 1.05821663965e-06, 8.26262180453e-07, 8.493843211e-07],
        "min": [4.85801638206e-06, 3.44105646946e-05, 1.65915225807e-05, 5.18360548085e-06, 2.42842770604e-06, 5.73080797039e-07, 1.05273170448e-06, 2.11460883293e-06, 3.19139917337e-06, 2.5472827474e-06, 2.34058325077e-06, 3.13675855068e-06, 3.97020494347e-06, 2.48764195021e-06, 1.9459739633e-06, 8.62969784521e-07, 9.77766489996e-07, 1.21510470308e-06, 5.9027735233e-07, 4.86134581479e-07, 6.77278364947e-07, 1.32742138703e-06, 1.07135110738e-06, 3.92006398897e-07, 1.35523032441e-06, 4.35785779018e-07, 1.88836423831e-07, 1.43920431128e-07, 1.95026075289e-07, 8.35556193124e-08, 7.57368567861e-08, 1.2406403016e-07, 9.21104259533e-08, 9.25216880887e-08, 1.43705719324e-07, 8.71501910638e-08, 1.02672075286e-07, 1.31794763547e-07, 1.09269812754e-07, 7.04577871602e-08],
