{
"highlevel": {
    "danceability": {
        "all": {
            "danceable": 0.999747097492,
            "not_danceable": 0.000252896774327
        },
        "probability": 0.999747097492,
        "value": "danceable"
    },
    "gender": {
        "all": {
            "female": 0.58157068491,
            "male": 0.41842931509
        },
        "probability": 0.58157068491,
        "value": "female"
    },
    "genre_dortmund": {
        "all": {
            "alternative": 0.210262149572,
            "blues": 0.0159747973084,
            "electronic": 0.470775187016,
            "folkcountry": 0.0190810654312,
            "funksoulrnb": 0.0155912274495,
            "jazz": 0.0343035124242,
            "pop": 0.0511454977095,
            "raphiphop": 0.133241459727,
            "rock": 0.0496250912547
        },
        "probability": 0.470775187016,
        "value": "electronic"
    },
    "genre_electronic": {
        "all": {
            "ambient": 0.142594352365,
            "dnb": 0.130277425051,
            "house": 0.0408995598555,
            "techno": 0.0234854333103,
            "trance": 0.662743210793
        },
        "probability": 0.662743210793,
        "value": "trance"
    },
    "genre_rosamerica": {
        "all": {
            "cla": 0.00239603407681,
            "dan": 0.198140248656,
            "hip": 0.053715031594,
            "jaz": 0.0026207768824,
            "pop": 0.652396202087,
            "rhy": 0.0558996424079,
            "roc": 0.033196490258,
            "spe": 0.0016355443513
        },
        "probability": 0.652396202087,
        "value": "pop"
    },
    "genre_tzanetakis": {
        "all": {
            "blu": 0.0626541376114,
            "cla": 0.0348133966327,
            "cou": 0.0783501937985,
            "dis": 0.104547761381,
            "hip": 0.15693578124,
            "jaz": 0.313987255096,
            "met": 0.044816005975,
            "pop": 0.0627349764109,
            "reg": 0.0627352520823,
            "roc": 0.0784252434969
        },
        "probability": 0.313987255096,
        "value": "jaz"
    },
    "ismir04_rhythm": {
        "all": {
            "ChaChaCha": 0.23040984571,
            "Jive": 0.0580489821732,
            "Quickstep": 0.0308485981077,
            "Rumba-American": 0.0599257685244,
            "Rumba-International": 0.216488003731,
            "Rumba-Misc": 0.0182090699673,
            "Samba": 0.193410351872,
            "Tango": 0.117915935814,
            "VienneseWaltz": 0.0486403591931,
            "Waltz": 0.0261030811816
        },
        "probability": 0.23040984571,
        "value": "ChaChaCha"
    },
    "mood_acoustic": {
        "all": {
            "acoustic": 0.01445320528,
            "not_acoustic": 0.985546767712
        },
        "probability": 0.985546767712,
        "value": "not_acoustic"
    },
    "mood_aggressive": {
        "all": {
            "aggressive": 0.612587809563,
            "not_aggressive": 0.387412190437
        },
        "probability": 0.612587809563,
        "value": "aggressive"
    },
    "mood_electronic": {
        "all": {
            "electronic": 0.965203523636,
            "not_electronic": 0.0347964987159
        },
        "probability": 0.965203523636,
        "value": "electronic"
    },
    "mood_happy": {
        "all": {
            "happy": 0.123878873885,
            "not_happy": 0.876121103764
        },
        "probability": 0.876121103764,
        "value": "not_happy"
    },
    "mood_party": {
        "all": {
            "not_party": 0.509659707546,
            "party": 0.490340322256
        },
        "probability": 0.509659707546,
        "value": "not_party"
    },
    "mood_relaxed": {
        "all": {
            "not_relaxed": 0.711315274239,
            "relaxed": 0.288684695959
        },
        "probability": 0.711315274239,
        "value": "not_relaxed"
    },
    "mood_sad": {
        "all": {
            "not_sad": 0.760509133339,
            "sad": 0.239490881562
        },
        "probability": 0.760509133339,
        "value": "not_sad"
    },
    "moods_mirex": {
        "all": {
            "Cluster1": 0.324236214161,
            "Cluster2": 0.114296264946,
            "Cluster3": 0.219150334597,
            "Cluster4": 0.0851764380932,
            "Cluster5": 0.257140755653
        },
        "probability": 0.324236214161,
        "value": "Cluster1"
    },
    "timbre": {
        "all": {
            "bright": 0.24195818603,
            "dark": 0.758041799068
        },
        "probability": 0.758041799068,
        "value": "dark"
    },
    "tonal_atonal": {
        "all": {
            "atonal": 0.78274679184,
            "tonal": 0.217253193259
        },
        "probability": 0.78274679184,
        "value": "atonal"
    },
    "voice_instrumental": {
        "all": {
            "instrumental": 0.00910351425409,
            "voice": 0.990896463394
        },
        "probability": 0.990896463394,
        "value": "voice"
    }
},
"lowlevel": {
    "average_loudness": 0.984225988388,
    "barkbands_crest": {
        "dmean": 2.09184336662,
        "dmean2": 3.34006643295,
        "dvar": 5.23417234421,
        "dvar2": 14.6090450287,
        "max": 24.5347499847,
        "mean": 14.672668457,
        "median": 14.7375860214,
        "min": 3.05143499374,
        "var": 22.5308189392
    },
    "barkbands_flatness_db": {
        "dmean": 0.0200792644173,
        "dmean2": 0.0295943208039,
        "dvar": 0.000392413261579,
        "dvar2": 0.000747539161239,
        "max": 0.360008865595,
        "mean": 0.172183379531,
        "median": 0.168401896954,
        "min": 0.0507770031691,
        "var": 0.00277594709769
    },
    "barkbands_kurtosis": {
        "dmean": 2.9596760273,
        "dmean2": 4.76373815536,
        "dvar": 21.140630722,
        "dvar2": 48.4024505615,
        "max": 65.0176086426,
        "mean": 5.24646282196,
        "median": 2.26316070557,
        "min": -1.75123143196,
        "var": 67.4661483765
    },
    "barkbands_skewness": {
        "dmean": 0.545486032963,
        "dmean2": 0.847477912903,
        "dvar": 0.295741796494,
        "dvar2": 0.645032227039,
        "max": 7.30795240402,
        "mean": 1.85731899738,
        "median": 1.63809525967,
        "min": -1.70946860313,
        "var": 1.69039046764
    },
    "barkbands_spread": {
        "dmean": 5.00134849548,
        "dmean2": 7.40112113953,
        "dvar": 35.5736694336,
        "dvar2": 60.7958335876,
        "max": 80.0275039673,
        "mean": 21.6985034943,
        "median": 20.6333179474,
        "min": 1.78425323963,
        "var": 161.56149292
    },
    "dissonance": {
        "dmean": 0.0235857665539,
        "dmean2": 0.0396956652403,
        "dvar": 0.000417083734646,
        "dvar2": 0.00112792325672,
        "max": 0.499099642038,
        "mean": 0.461114525795,
        "median": 0.466052234173,
        "min": 0.354265898466,
        "var": 0.000686258950736
    },
    "dynamic_complexity": 1.63778185844,
    "erbbands_crest": {
        "dmean": 3.31703519821,
        "dmean2": 5.45231056213,
        "dvar": 8.39883613586,
        "dvar2": 22.2944889069,
        "max": 28.0041389465,
        "mean": 10.4857330322,
        "median": 9.51894283295,
        "min": 2.75611996651,
        "var": 19.7806949615
    },
    "erbbands_flatness_db": {
        "dmean": 0.019528677687,
        "dmean2": 0.029076943174,
        "dvar": 0.000283097615466,
        "dvar2": 0.000569995085243,
        "max": 0.291854381561,
        "mean": 0.15597088635,
        "median": 0.153973266482,
        "min": 0.0621762499213,
        "var": 0.00111477915198
    },
    "erbbands_kurtosis": {
        "dmean": 1.39377522469,
        "dmean2": 2.26204013824,
        "dvar": 3.44640612602,
        "dvar2": 8.36761474609,
        "max": 28.1463336945,
        "mean": 1.65119898319,
        "median": 0.824965715408,
        "min": -1.63773179054,
        "var": 8.458568573
    },
    "erbbands_skewness": {
        "dmean": 0.430777907372,
        "dmean2": 0.654834210873,
        "dvar": 0.123207680881,
        "dvar2": 0.288971483707,
        "max": 2.97612905502,
        "mean": 0.391940295696,
        "median": 0.356694072485,
        "min": -1.95355606079,
        "var": 0.519596219063
    },
    "erbbands_spread": {
        "dmean": 8.06132507324,
        "dmean2": 12.3010520935,
        "dvar": 75.3665618896,
        "dvar2": 161.768554688,
        "max": 114.325744629,
        "mean": 31.0413551331,
        "median": 27.4432849884,
        "min": 2.93009305,
        "var": 275.961120605
    },
    "hfc": {
        "dmean": 9.04514884949,
        "dmean2": 12.0094747543,
        "dvar": 192.506210327,
        "dvar2": 236.249954224,
        "max": 213.775177002,
        "mean": 33.0547790527,
        "median": 28.9725589752,
        "min": 2.67857217789,
        "var": 768.784545898
    },
    "melbands_crest": {
        "dmean": 2.83577394485,
        "dmean2": 4.5090880394,
        "dvar": 10.6595249176,
        "dvar2": 27.695306778,
        "max": 35.2542495728,
        "mean": 24.2437725067,
        "median": 26.1127910614,
        "min": 4.31304264069,
        "var": 48.0310249329
    },
    "melbands_flatness_db": {
        "dmean": 0.0235428009182,
        "dmean2": 0.0329962261021,
        "dvar": 0.000582980748732,
        "dvar2": 0.00110162317287,
        "max": 0.466375023127,
        "mean": 0.239955887198,
        "median": 0.239408284426,
        "min": 0.0538324862719,
        "var": 0.00488741602749
    },
    "melbands_kurtosis": {
        "dmean": 7.45167589188,
        "dmean2": 12.0295000076,
        "dvar": 147.553756714,
        "dvar2": 357.060333252,
        "max": 203.840286255,
        "mean": 15.3423967361,
        "median": 8.62794494629,
        "min": -1.57377123833,
        "var": 381.541564941
    },
    "melbands_skewness": {
        "dmean": 0.771222889423,
        "dmean2": 1.20300769806,
        "dvar": 0.649683952332,
        "dvar2": 1.50928246975,
        "max": 11.4127349854,
        "mean": 3.01771855354,
        "median": 2.72857713699,
        "min": -1.25742805004,
        "var": 3.27240347862
    },
    "melbands_spread": {
        "dmean": 5.95038700104,
        "dmean2": 8.8954000473,
        "dvar": 69.4663619995,
        "dvar2": 120.925094604,
        "max": 130.891738892,
        "mean": 21.2529220581,
        "median": 18.6497268677,
        "min": 1.42711830139,
        "var": 266.322601318
    },
    "pitch_salience": {
        "dmean": 0.0628600716591,
        "dmean2": 0.101703040302,
        "dvar": 0.00468427222222,
        "dvar2": 0.0130964834243,
        "max": 0.854203462601,
        "mean": 0.392001986504,
        "median": 0.377537310123,
        "min": 0.125552535057,
        "var": 0.0155284395441
    },
    "silence_rate_20dB": {
        "dmean": 0,
        "dmean2": 0,
        "dvar": 0,
        "dvar2": 0,
        "max": 1,
        "mean": 1,
        "median": 1,
        "min": 1,
        "var": 0
    },
    "silence_rate_30dB": {
        "dmean": 0.0201238393784,
        "dmean2": 0.0402788519859,
        "dvar": 0.0197187643498,
        "dvar2": 0.0510494783521,
        "max": 1,
        "mean": 0.984532117844,
        "median": 1,
        "min": 0,
        "var": 0.0152285713702
    },
    "silence_rate_60dB": {
        "dmean": 0.00154798757285,
        "dmean2": 0.00309837330133,
        "dvar": 0.00154558033682,
        "dvar2": 0.00463790306821,
        "max": 1,
        "mean": 0.00077339517884,
        "median": 0,
        "min": 0,
        "var": 0.000772795174271
    },
    "spectral_centroid": {
        "dmean": 232.03868103,
        "dmean2": 347.770843506,
        "dvar": 71912.8828125,
        "dvar2": 126691.703125,
        "max": 3694.87402344,
        "mean": 1390.95666504,
        "median": 1340.30200195,
        "min": 261.170410156,
        "var": 252493.484375
    },
    "spectral_complexity": {
        "dmean": 3.24535608292,
        "dmean2": 5.14484882355,
        "dvar": 14.8771209717,
        "dvar2": 28.0292949677,
        "max": 61,
        "mean": 20.781129837,
        "median": 19,
        "min": 8,
        "var": 67.4685592651
    },
    "spectral_decrease": {
        "dmean": 2.37429564898e-09,
        "dmean2": 3.86486798121e-09,
        "dvar": 9.89807629703e-18,
        "dvar2": 2.31402866463e-17,
        "max": -5.2965803965e-10,
        "mean": -1.6488147736e-08,
        "median": -1.74609002812e-08,
        "min": -4.07009288494e-08,
        "var": 2.76291476764e-17
    },
    "spectral_energy": {
        "dmean": 0.00918119866401,
        "dmean2": 0.0148809831589,
        "dvar": 0.000143238794408,
        "dvar2": 0.000330940179992,
        "max": 0.156892195344,
        "mean": 0.0652281418443,
        "median": 0.0685602426529,
        "min": 0.00245261518285,
        "var": 0.000399648124585
    },
    "spectral_energyband_high": {
        "dmean": 0.000790046469774,
        "dmean2": 0.000975457602181,
        "dvar": 4.40808071289e-06,
        "dvar2": 4.96157008456e-06,
        "max": 0.0290689934045,
        "mean": 0.00159282714594,
        "median": 0.000675754155964,
        "min": 1.73605792497e-06,
        "var": 1.35938080348e-05
    },
    "spectral_energyband_low": {
        "dmean": 0.00839090254158,
        "dmean2": 0.0135736409575,
        "dvar": 0.000157052840223,
        "dvar2": 0.000420614611357,
        "max": 0.142067119479,
        "mean": 0.0426568835974,
        "median": 0.0469317957759,
        "min": 8.77322745509e-05,
        "var": 0.000461885239929
    },
    "spectral_energyband_middle_high": {
        "dmean": 0.0043175383471,
        "dmean2": 0.00670999335125,
        "dvar": 2.45541268669e-05,
        "dvar2": 5.84795961913e-05,
        "max": 0.0505507774651,
        "mean": 0.0118850022554,
        "median": 0.00968724675477,
        "min": 0.0002630171075,
        "var": 8.2810416643e-05
    },
    "spectral_energyband_middle_low": {
        "dmean": 0.0047209286131,
        "dmean2": 0.00798383448273,
        "dvar": 0.000121555160149,
        "dvar2": 0.000343187857652,
        "max": 0.11285302788,
        "mean": 0.00972153805196,
        "median": 0.00697360746562,
        "min": 0.000876557198353,
        "var": 0.000106154824607
    },
    "spectral_entropy": {
        "dmean": 0.157859325409,
        "dmean2": 0.231257200241,
        "dvar": 0.0253329258412,
        "dvar2": 0.0487356372178,
        "max": 8.46756267548,
        "mean": 7.5236325264,
        "median": 7.49419164658,
        "min": 6.67884969711,
        "var": 0.102698989213
    },
    "spectral_flux": {
        "dmean": 0.026747757569,
        "dmean2": 0.0422688387334,
        "dvar": 0.00101671786979,
        "dvar2": 0.00210261833854,
        "max": 0.375404804945,
        "mean": 0.103314675391,
        "median": 0.0911132320762,
        "min": 0.0265902355313,
        "var": 0.00293883308768
    },
    "spectral_kurtosis": {
        "dmean": 1.52371919155,
        "dmean2": 2.44580769539,
        "dvar": 2.78529930115,
        "dvar2": 7.55765581131,
        "max": 21.3800697327,
        "mean": 4.49610090256,
        "median": 4.29048299789,
        "min": -1.11365640163,
        "var": 5.91179466248
    },
    "spectral_rms": {
        "dmean": 0.000571298936848,
        "dmean2": 0.000918630859815,
        "dvar": 5.15680028457e-07,
        "dvar2": 1.15092393571e-06,
        "max": 0.0123719666153,
        "mean": 0.00785316899419,
        "median": 0.00817851070315,
        "min": 0.00154686626047,
        "var": 1.96505311578e-06
    },
    "spectral_rolloff": {
        "dmean": 337.163787842,
        "dmean2": 550.022827148,
        "dvar": 555471.375,
        "dvar2": 998574.6875,
        "max": 12446.1914062,
        "mean": 1029.265625,
        "median": 839.794921875,
        "min": 64.599609375,
        "var": 1480560.125
    },
    "spectral_skewness": {
        "dmean": 0.226903110743,
        "dmean2": 0.342420607805,
        "dvar": 0.0429131574929,
        "dvar2": 0.0923704952002,
        "max": 3.00753545761,
        "mean": 1.69105863571,
        "median": 1.7351089716,
        "min": 0.341318458319,
        "var": 0.167195811868
    },
    "spectral_spread": {
        "dmean": 637755.125,
        "dmean2": 900226.1875,
        "dvar": 690043551744,
        "dvar2": 1.02874631373e+12,
        "max": 22354094,
        "mean": 4799034.5,
        "median": 4616560,
        "min": 1808654.25,
        "var": 2.46027517952e+12
    },
    "spectral_strongpeak": {
        "dmean": 0.39547175169,
        "dmean2": 0.687906980515,
        "dvar": 1.37707471848,
        "dvar2": 3.49965167046,
        "max": 13.9537973404,
        "mean": 0.773638784885,
        "median": 0.472132325172,
        "min": 0,
        "var": 1.48511397839
    },
    "zerocrossingrate": {
        "dmean": 0.00836578477174,
        "dmean2": 0.00903679616749,
        "dvar": 0.00013047415996,
        "dvar2": 0.000104788297904,
        "max": 0.33349609375,
        "mean": 0.0411549732089,
        "median": 0.03466796875,
        "min": 0.00146484375,
        "var": 0.00098520424217
    },
    "barkbands": {
        "dmean": [0.00140488706529, 0.00671042595059, 0.00261878385209, 0.00122459838167, 0.00174001732375, 0.00123010447714, 0.000872734410223, 0.000427157414379, 0.00112037314102, 0.00171706150286, 0.00178450951353, 0.000971984758507, 0.000869930780027, 0.000745762255974, 0.000363449304132, 0.000442161544925, 0.000218312605284, 0.000268779520411, 0.000124846061226, 0.000135689857416, 0.000312024116283, 0.000194906329853, 0.000121901968669, 0.00013759623107, 9.56524527282e-05, 2.60708766291e-05, 1.18126770587e-07],
        "dmean2": [0.00223517906852, 0.0105140767992, 0.00448202434927, 0.00225559365936, 0.00308812595904, 0.00206523761153, 0.00141946075018, 0.000666630396154, 0.00172587425914, 0.00268985936418, 0.00289526302367, 0.00153617619071, 0.00140966812614, 0.00119349081069, 0.00058930873638, 0.000742389878724, 0.000347277265973, 0.000406402949011, 0.000192504783627, 0.000196808556211, 0.000407853105571, 0.000248511030804, 0.00016851570399, 0.000199227331905, 0.000130000786157, 3.74675291823e-05, 1.78984876698e-07],
        "dvar": [4.20595051764e-06, 8.66583359311e-05, 0.000120767224871, 3.02830212604e-05, 3.84779996239e-05, 5.02025159221e-06, 2.11196902455e-06, 8.93150229331e-07, 3.60343051398e-06, 9.85467522696e-06, 1.18555917652e-05, 3.71362216356e-06, 4.06945810028e-06, 1.68879671492e-06, 4.20293332581e-07, 1.10371865958e-06, 1.66774370314e-07, 1.95157340954e-07, 8.68328839942e-08, 1.02184031903e-07, 9.84863277154e-07, 3.29577488856e-07, 8.07684941151e-08, 9.35491684118e-08, 4.36313740693e-08, 2.76541278765e-09, 3.2541731896e-13],
        "dvar2": [1.05308145066e-05, 0.000227559401537, 0.000318832986522, 8.85717890924e-05, 0.000109052096377, 1.34699748742e-05, 5.21883293914e-06, 2.03507715923e-06, 7.93785056885e-06, 2.28440949286e-05, 3.0216828236e-05, 8.850627637e-06, 9.17724082683e-06, 3.89585557059e-06, 1.01806210751e-06, 3.21425818584e-06, 3.81312759146e-07, 3.96104127276e-07, 2.17325876406e-07, 1.8970381177e-07, 1.47390449001e-06, 3.85524344892e-07, 1.33834532789e-07, 1.76460503098e-07, 7.44881347714e-08, 4.41806902174e-09, 7.29705304427e-13],
        "max": [0.0231499355286, 0.0922838672996, 0.118435531855, 0.0693143233657, 0.0626093968749, 0.0324604287744, 0.0226330645382, 0.015347963199, 0.0241784658283, 0.0477960519493, 0.0367550849915, 0.0242764987051, 0.0459571368992, 0.0166874416173, 0.00835268478841, 0.016153100878, 0.00596498232335, 0.0108537506312, 0.00410137558356, 0.00483546452597, 0.0142478728667, 0.00870159454644, 0.00393619807437, 0.00527208019048, 0.00392102217302, 0.00113180850167, 7.59820522944e-06],
        "mean": [0.00520308641717, 0.0343286767602, 0.0026956635993, 0.00125125946943, 0.00176735490095, 0.00217469735071, 0.00149012834299, 0.000670138106216, 0.00205562193878, 0.00279858335853, 0.00281249894761, 0.00153728330042, 0.00130812940188, 0.00103121995926, 0.000561163236853, 0.000742760079447, 0.000395360460971, 0.000512332597282, 0.000188616890227, 0.000246236566454, 0.000473762105685, 0.000330542010488, 0.000205257951166, 0.000242574038566, 0.000160643015988, 4.45048899564e-05, 1.1671040312e-07],
        "median": [0.00263479305431, 0.0359858907759, 0.000465329474537, 0.000457140034996, 0.000490210892167, 0.00115810323041, 0.000809773802757, 0.000281987973722, 0.000854620826431, 0.0011504892027, 0.000705649610609, 0.0005900276592, 0.000551459146664, 0.00045068669715, 0.00021085543267, 0.000178765694727, 0.000148898630869, 0.000277146318695, 8.03751390777e-05, 8.58389466885e-05, 0.000129127045511, 8.58896964928e-05, 7.37036316423e-05, 9.93724534055e-05, 6.53802926536e-05, 2.3788146791e-05, 3.70982222719e-09],
        "min": [2.63753685559e-09, 6.15456156083e-06, 5.54034659217e-06, 5.8644022829e-06, 1.01378809632e-05, 3.18075217365e-05, 1.51936819748e-05, 1.64622488228e-05, 3.10685209115e-05, 2.1203981305e-05, 1.34681522468e-05, 2.59722696683e-06, 1.38929171953e-05, 7.34959121473e-06, 4.23772144131e-06, 3.51980997948e-06, 4.20209289587e-06, 7.83663926995e-06, 3.19802074955e-06, 1.07410994588e-06, 1.10457608571e-06, 1.9670652307e-07, 2.23870301852e-07, 9.76292682253e-08, 3.66397710783e-11, 2.00080837315e-11, 5.91331541025e-12],
        "var": [2.7453093935e-05, 0.000365602754755, 8.99249425856e-05, 1.88672365766e-05, 2.96808102576e-05, 8.29083728604e-06, 3.76671869162e-06, 1.62101628121e-06, 9.44351268117e-06, 2.12063296203e-05, 2.62803896476e-05, 7.60742295824e-06, 8.26892755867e-06, 2.72443230642e-06, 8.57481154526e-07, 2.30087152886e-06, 4.35182215597e-07, 5.02012596826e-07, 1.42652396562e-07, 2.97228922364e-07, 2.27815303333e-06, 9.78682578534e-07, 2.09910240301e-07, 2.5120675673e-07, 1.07496653357e-07, 6.27910168305e-09, 3.89831206595e-13]
    },
    "erbbands": {
        "dmean": [0.340432226658, 1.08936882019, 2.52286624908, 3.60353112221, 4.03961420059, 6.71663570404, 9.19108104706, 10.5525302887, 13.166009903, 8.28559303284, 13.0202569962, 20.6197605133, 40.4357032776, 77.6349487305, 39.9634437561, 31.3491611481, 37.5886116028, 34.7397232056, 25.5518856049, 22.1160469055, 15.1812973022, 12.895866394, 15.9144210815, 7.65388059616, 5.17718553543, 5.78517818451, 8.36647415161, 14.7337265015, 7.83213615417, 5.00654697418, 3.30887150764, 2.69203519821, 2.39909720421, 1.50983226299, 0.448822528124, 0.167342036963, 0.0388347543776, 0.00311822979711, 7.39809693187e-05, 1.37788811116e-05],
        "dmean2": [0.526937961578, 1.73465335369, 4.24615859985, 5.97419118881, 7.63879346848, 11.8226280212, 15.5971298218, 17.5553321838, 21.540725708, 13.9872550964, 20.1398067474, 31.4966907501, 62.5895004272, 125.536079407, 62.5224876404, 49.3095359802, 60.0898399353, 54.2677307129, 41.8322410583, 35.6470603943, 25.2942028046, 20.0909881592, 24.0935153961, 11.4695959091, 7.79395008087, 8.19068050385, 11.2986660004, 19.6201076508, 10.260436058, 5.96429538727, 4.62281417847, 3.932502985, 3.44146060944, 2.01908922195, 0.643882215023, 0.246993750334, 0.055307738483, 0.00463697034866, 0.00010382180335, 2.01911461772e-05],
        "dvar": [0.210369899869, 3.74387145042, 96.4829559326, 208.488250732, 294.29699707, 700.230651855, 591.945800781, 376.358276367, 512.773925781, 204.097595215, 872.881103516, 1164.89440918, 5137.55664062, 17613.2519531, 6973.31640625, 3356.59448242, 7453.609375, 3850.48803711, 1868.7935791, 1720.37963867, 876.837280273, 608.877258301, 778.754638672, 209.856323242, 119.758705139, 218.0181427, 452.180328369, 2885.79760742, 600.159118652, 162.539230347, 61.3875274658, 42.8026504517, 26.8456916809, 12.246099472, 0.828315019608, 0.109867364168, 0.00659618573263, 0.000118978219689, 4.3449585263e-08, 3.89677207169e-10],
        "dvar2": [0.545586228371, 9.40176105499, 252.530960083, 538.350036621, 892.640197754, 1923.5703125, 1665.93041992, 993.474731445, 1184.04418945, 540.165527344, 1895.29748535, 2485.09350586, 12189.7958984, 45951.1367188, 17489.7304688, 8068.80029297, 16446.7558594, 8629.22265625, 4562.31494141, 4622.82910156, 2389.18334961, 1315.34643555, 1656.57897949, 423.636627197, 259.34286499, 376.598022461, 658.672119141, 4571.63525391, 805.652954102, 174.856887817, 116.101860046, 85.0944671631, 52.0524177551, 20.9169330597, 1.45495843887, 0.200091943145, 0.00970604550093, 0.000230933117564, 7.86712348599e-08, 6.70737743125e-10],
        "max": [4.67136144638, 20.9774131775, 112.985778809, 177.546478271, 201.315658569, 317.475524902, 323.762420654, 323.622314453, 364.069335938, 212.87197876, 389.527099609, 513.284851074, 986.764221191, 1414.18518066, 1084.78503418, 748.856567383, 2033.6027832, 960.618835449, 539.706542969, 630.229309082, 376.101898193, 417.820526123, 721.367736816, 202.053985596, 161.072677612, 239.320510864, 305.966766357, 748.564331055, 352.279785156, 201.539047241, 109.049720764, 112.806610107, 90.9622344971, 71.1898651123, 17.2545146942, 6.94796037674, 2.14658617973, 0.346988707781, 0.00559027353302, 0.000303538981825],
        "mean": [1.78774893284, 4.54725217819, 3.2012629509, 4.17072725296, 3.76763677597, 6.9333987236, 13.6474342346, 18.384180069, 22.0840606689, 13.8093748093, 25.3787612915, 38.8512840271, 74.2416534424, 129.261474609, 66.2923812866, 54.7479324341, 61.9949378967, 52.9213752747, 42.0300979614, 38.1402053833, 27.9676895142, 25.8115596771, 29.7131156921, 14.7045145035, 9.42435359955, 10.8927536011, 14.5860462189, 21.0248317719, 12.770488739, 8.56568145752, 5.47678232193, 4.66417646408, 4.01808214188, 2.46503710747, 0.760306417942, 0.283683240414, 0.0647663995624, 0.00441230088472, 0.000146921680425, 8.42584777274e-05],
        "median": [2.02522349358, 3.74878334999, 1.35264098644, 1.84579801559, 1.42922210693, 1.68798100948, 5.66970491409, 9.48385620117, 12.1372699738, 8.29783439636, 9.17961978912, 17.7414665222, 38.0824813843, 54.0562705994, 22.92486763, 24.8691158295, 30.8729953766, 26.6872558594, 22.0105381012, 16.2862892151, 10.2559490204, 10.0479669571, 16.0379447937, 7.26605176926, 4.381939888, 3.85239601135, 5.13179349899, 4.65419340134, 3.25198864937, 2.67147254944, 1.9312813282, 1.77735316753, 1.6823374033, 0.844285726547, 0.336906462908, 0.15088057518, 0.0298917293549, 0.00178881455213, 8.13660080894e-05, 8.30325880088e-05],
        "min": [0.000538470281754, 0.000558427942451, 0.00502902595326, 0.0326693877578, 0.0409857034683, 0.0744878724217, 0.0793683230877, 0.480744212866, 0.660136699677, 0.79747647047, 1.00302135944, 0.760470688343, 1.29380774498, 1.00750780106, 0.588092625141, 0.292929023504, 0.793196856976, 0.465273797512, 0.57856464386, 0.36968973279, 0.415817677975, 0.33770430088, 0.514112532139, 0.315957009792, 0.154584243894, 0.0555112250149, 0.0296659637243, 0.0423825085163, 0.00824443530291, 0.005089615006, 0.00701250229031, 0.00261895754375, 0.000867501366884, 0.000119785661809, 3.94006237912e-05, 2.72573906841e-05, 1.59919836733e-05, 1.38265829719e-06, 4.58723206975e-06, 4.60955061499e-06],
        "var": [0.943608820438, 12.4384832382, 77.5565567017, 173.045043945, 171.327606201, 572.57043457, 626.644897461, 708.24597168, 856.965698242, 309.668395996, 2529.06201172, 3208.38061523, 10865.1445312, 36035.8867188, 14182.3740234, 7952.37646484, 16135.7978516, 6324.67236328, 3449.72119141, 3548.35571289, 1855.77783203, 1769.29272461, 1835.67321777, 513.249206543, 284.245391846, 635.64654541, 1319.97558594, 5829.36523438, 1574.32287598, 560.687255859, 138.434051514, 118.197967529, 63.2491836548, 30.5921363831, 1.83946573734, 0.225955024362, 0.0166658554226, 0.000180180941243, 7.59445555332e-08, 1.05200737011e-09]
    },
    "gfcc": {
        "mean": [39.0185890198, 94.5727081299, -114.93309021, 30.0629901886, -52.1331520081, 37.8262863159, -25.5153160095, 21.9902153015, -13.8871946335, 11.2214822769, -6.18535470963, 9.83433055878, 1.16911900043],
        "cov": [[1813.1907959, -1067.58544922, 27.9443454742, 100.292022705, -291.022338867, 187.324417114, -264.706542969, 127.737869263, -276.300384521, 118.437255859, -248.567718506, 217.149276733, -24.9669895172], [-1067.58544922, 1032.49523926, -54.073135376, 12.3257951736, 300.92678833, -173.715637207, 256.434234619, -102.751647949, 207.542007446, -103.75692749, 192.238311768, -161.291824341, 41.2088012695], [27.9443454742, -54.073135376, 386.998504639, 80.6711502075, 6.67443275452, 11.829457283, -48.2025184631, 87.5195617676, 23.6062088013, -26.004108429, -37.9308738708, 19.1420974731, -51.9541397095], [100.292022705, 12.3257951736, 80.6711502075, 271.551330566, 14.3534698486, -64.5663833618, 6.55447721481, -12.1604328156, 63.427898407, -41.2878646851, -2.47735714912, -0.302057921886, 34.7696380615], [-291.022338867, 300.92678833, 6.67443275452, 14.3534698486, 229.699768066, -12.4263830185, 109.612976074, 17.2240886688, 84.7163009644, -7.32656478882, 41.3609008789, -17.5796794891, 8.00552940369], [187.324417114, -173.715637207, 11.829457283, -64.5663833618, -12.4263830185, 240.599136353, 53.3065032959, 20.1694660187, -40.8465614319, 52.2608413696, -16.769329071, 10.5066614151, 0.432993590832], [-264.706542969, 256.434234619, -48.2025184631, 6.55447721481, 109.612976074, 53.3065032959, 234.60093689, -18.833984375, 37.1802482605, -2.9947078228, 51.8923912048, -44.3677597046, 23.4291534424], [127.737869263, -102.751647949, 87.5195617676, -12.1604328156, 17.2240886688, 20.1694660187, -18.833984375, 180.869735718, 21.231760025, 2.5613155365, -3.25419616699, 51.2979278564, -3.96689319611], [-276.300384521, 207.542007446, 23.6062088013, 63.427898407, 84.7163009644, -40.8465614319, 37.1802482605, 21.231760025, 180.197036743, -14.2578258514, 42.266456604, -30.2733917236, 15.9605817795], [118.437255859, -103.75692749, -26.004108429, -41.2878646851, -7.32656478882, 52.2608413696, -2.9947078228, 2.5613155365, -14.2578258514, 104.334281921, -14.9717931747, 3.53504109383, -15.657834053], [-248.567718506, 192.238311768, -37.9308738708, -2.47735714912, 41.3609008789, -16.769329071, 51.8923912048, -3.25419616699, 42.266456604, -14.9717931747, 163.004760742, -23.8665657043, 0.0768101960421], [217.149276733, -161.291824341, 19.1420974731, -0.302057921886, -17.5796794891, 10.5066614151, -44.3677597046, 51.2979278564, -30.2733917236, 3.53504109383, -23.8665657043, 138.111068726, 21.6152381897], [-24.9669895172, 41.2088012695, -51.9541397095, 34.7696380615, 8.00552940369, 0.432993590832, 23.4291534424, -3.96689319611, 15.9605817795, -15.657834053, 0.0768101960421, 21.6152381897, 102.068725586]],
        "icov": [[0.00236681615934, 0.000321639497997, 0.00122426240705, -0.00270963506773, 0.000722294731531, -0.00162077159621, 0.0013359405566, -0.0017675627023, 0.00239243987016, -0.00136966921855, 0.00168544414919, -0.00157597381622, 0.00131841539405], [0.000321639497997, 0.00629640510306, -0.00136394798756, 0.002731498098, -0.00442141667008, 0.00399318849668, -0.00347914965823, 0.00303216278553, -0.00245845504105, 0.00285294908099, -0.00314102042466, 0.00319912843406, -0.00269488641061], [0.00122426240705, -0.00136394798756, 0.00495583657175, -0.00367929670028, 0.00109979801346, -0.00279501802288, 0.0023085642606, -0.00342207960784, 0.00163833401166, -0.000101356657979, 0.00252224132419, -0.0016709966585, 0.00396898621693], [-0.00270963506773, 0.002731498098, -0.00367929670028, 0.00979195442051, -0.00251685525291, 0.00511824479327, -0.003928756807, 0.00471966946498, -0.00564238242805, 0.00369326048531, -0.00328798382543, 0.00312794861384, -0.00492416042835], [0.000722294731531, -0.00442141667008, 0.00109979801346, -0.00251685525291, 0.0103582590818, -0.00263296160847, -0.000208754267078, -0.00327348988503, 0.000162971904501, -0.00285049900413, 0.00279760174453, -0.00363618088886, 0.00280354567803], [-0.00162077159621, 0.00399318849668, -0.00279501802288, 0.00511824479327, -0.00263296160847, 0.00980363134295, -0.00560256186873, 0.00297270691954, -0.00265260180458, 0.000334050680976, -0.00305960257538, 0.00310091511346, -0.00379673577845], [0.0013359405566, -0.00347914965823, 0.0023085642606, -0.003928756807, -0.000208754267078, -0.00560256186873, 0.0100788474083, -0.00263654720038, 0.00338236126117, -0.00189007434528, 0.00163546612021, -0.00100032764021, 0.00126075837761], [-0.0017675627023, 0.00303216278553, -0.00342207960784, 0.00471966946498, -0.00327348988503, 0.00297270691954, -0.00263654720038, 0.010525197722, -0.00465380074456, 0.0024598154705, -0.00335240457207, 0.000161884003319, -0.0026744781062], [0.00239243987016, -0.00245845504105, 0.00163833401166, -0.00564238242805, 0.000162971904501, -0.00265260180458, 0.00338236126117, -0.00465380074456, 0.0120400935411, -0.00331974937581, 0.00178711535409, -0.000987872830592, 0.00119086029008], [-0.00136966921855, 0.00285294908099, -0.000101356657979, 0.00369326048531, -0.00285049900413, 0.000334050680976, -0.00189007434528, 0.0024598154705, -0.00331974937581, 0.0142115568742, -0.00152191589586, 0.00221476098523, 0.000186394609045], [0.00168544414919, -0.00314102042466, 0.00252224132419, -0.00328798382543, 0.00279760174453, -0.00305960257538, 0.00163546612021, -0.00335240457207, 0.00178711535409, -0.00152191589586, 0.0103440470994, -0.00263082655147, 0.00340859987773], [-0.00157597381622, 0.00319912843406, -0.0016709966585, 0.00312794861384, -0.00363618088886, 0.00310091511346, -0.00100032764021, 0.000161884003319, -0.000987872830592, 0.00221476098523, -0.00263082655147, 0.0127113675699, -0.00528093520552], [0.00131841539405, -0.00269488641061, 0.00396898621693, -0.00492416042835, 0.00280354567803, -0.00379673577845, 0.00126075837761, -0.0026744781062, 0.00119086029008, 0.000186394609045, 0.00340859987773, -0.00528093520552, 0.0152665488422]]
    },
    "melbands": {
        "dmean": [0.00235060462728, 0.0011999248527, 0.000607837399002, 0.000369821413187, 0.000315881654387, 0.000235120183788, 0.000190062448382, 8.50023352541e-05, 0.000125706894323, 0.000143126380863, 0.000219074077904, 0.000319857790601, 0.000169493228896, 9.56338481046e-05, 9.39665624173e-05, 0.000102717305708, 6.40727957943e-05, 4.93385014124e-05, 2.98883642245e-05, 4.16241891799e-05, 1.37134393299e-05, 1.54342978931e-05, 1.32827663037e-05, 1.3245469745e-05, 6.55606481814e-06, 4.17506862505e-06, 4.55821873402e-06, 4.35611218563e-06, 5.0224862207e-06, 7.43925966162e-06, 8.90816500032e-06, 4.59743432657e-06, 3.80166488867e-06, 2.69458064395e-06, 2.15755312638e-06, 1.64415939707e-06, 1.80919823833e-06, 1.64969958405e-06, 1.97119766199e-06, 1.17921319998e-06],
        "dmean2": [0.00364645617083, 0.00194601423573, 0.000998687930405, 0.000676421390381, 0.000532635429408, 0.000392243033275, 0.00031203875551, 0.000142493168823, 0.00019467160746, 0.000220478876145, 0.00033847647137, 0.000512351922225, 0.000268595002126, 0.000149138490087, 0.000145713376696, 0.000165325065609, 0.000100849247247, 8.07810720289e-05, 4.8488516768e-05, 6.93460606271e-05, 2.24284958676e-05, 2.40073095483e-05, 2.06388449442e-05, 2.03032632271e-05, 9.97517418e-06, 6.33831677987e-06, 7.25058998796e-06, 6.24700669505e-06, 7.3706760304e-06, 1.03604470496e-05, 1.17425079225e-05, 6.20258288109e-06, 5.21502533957e-06, 3.34933724844e-06, 3.14624253406e-06, 2.49493336923e-06, 2.74382819043e-06, 2.49252707363e-06, 2.81026837001e-06, 1.60412048444e-06],
        "dvar": [9.46918225964e-06, 1.28796118588e-05, 5.87466274737e-06, 1.83563440714e-06, 8.84539304025e-07, 1.69223270063e-07, 1.02087533094e-07, 2.31350245627e-08, 8.78002026639e-08, 5.76349705739e-08, 1.56390001393e-07, 2.70124218105e-07, 1.04446911564e-07, 5.56452341982e-08, 2.9602585272e-08, 7.17206916079e-08, 1.55094408427e-08, 8.40639025057e-09, 2.66829314199e-09, 1.16432428143e-08, 6.86121992555e-10, 9.05268859874e-10, 7.08982816899e-10, 4.10544653828e-10, 1.72326652947e-10, 8.81347494985e-11, 9.3971191939e-11, 1.29314725594e-10, 1.82247134051e-10, 6.07481120962e-10, 1.04234576526e-09, 2.08170480853e-10, 1.26333082884e-10, 4.05553680916e-11, 2.53656384092e-11, 1.85431392463e-11, 1.89496179165e-11, 1.22273007691e-11, 1.8914089045e-11, 8.39760032345e-12],
        "dvar2": [2.45825267484e-05, 3.36843040714e-05, 1.51624535647e-05, 5.32266085429e-06, 2.4442740596e-06, 4.49549929726e-07, 2.43308193149e-07, 5.88038346905e-08, 1.9301644727e-07, 1.2402644245e-07, 3.67967203374e-07, 6.94014659075e-07, 2.56014402567e-07, 1.28843765879e-07, 6.76827554003e-08, 1.59366251751e-07, 3.41762280698e-08, 2.05442614032e-08, 6.13888850864e-09, 3.4020800399e-08, 1.69532665684e-09, 1.88455095973e-09, 1.4331720255e-09, 9.14751496772e-10, 3.7957759158e-10, 1.94690513711e-10, 2.20071280643e-10, 2.42906472714e-10, 3.38648553644e-10, 1.20609422449e-09, 1.69294112062e-09, 3.01183189499e-10, 1.98987298861e-10, 4.97204846739e-11, 4.93821407377e-11, 3.96441872386e-11, 4.00556567082e-11, 2.5591070929e-11, 3.59988219789e-11, 1.56269580609e-11],
        "max": [0.0311007089913, 0.0427733287215, 0.0308890845627, 0.011838933453, 0.0120418239385, 0.00675918068737, 0.00508881174028, 0.00237225578167, 0.00434884941205, 0.00331527693197, 0.00568347563967, 0.00584736932069, 0.0044697644189, 0.00332236569375, 0.00280559854582, 0.00631253188476, 0.00217105331831, 0.00117698684335, 0.000777964480221, 0.0016872305423, 0.00034751687781, 0.000537231739145, 0.00063671101816, 0.000345116684912, 0.000175734807272, 0.000139293770189, 0.00010828881932, 0.00017773253785, 0.000213247185457, 0.000346149347024, 0.00044726440683, 0.000189462574781, 0.000174050655914, 0.000100089753687, 6.68685970595e-05, 6.89946682542e-05, 7.53947169869e-05, 5.46474002476e-05, 8.90370138222e-05, 5.82399916311e-05],
        "mean": [0.0123379155993, 0.00293833925389, 0.000717436138075, 0.000353740615537, 0.000455520086689, 0.000420580006903, 0.000323490676237, 0.00013263092842, 0.000238262975472, 0.000258426676737, 0.000383768783649, 0.00053323834436, 0.000278092076769, 0.000146041929838, 0.000145364494529, 0.000151645086589, 8.97791833268e-05, 7.2735347203e-05, 4.63277028757e-05, 6.72003152431e-05, 2.22438793571e-05, 2.83345762e-05, 2.34648905462e-05, 2.37980148086e-05, 1.07492351162e-05, 6.65774268782e-06, 7.2968200584e-06, 7.23392668078e-06, 8.43718771648e-06, 1.05928129415e-05, 1.22433548313e-05, 7.24480241843e-06, 5.9305243667e-06, 4.39958193965e-06, 3.37966980624e-06, 2.47216757998e-06, 3.01856994156e-06, 2.61594800577e-06, 3.08053768094e-06, 1.76210619429e-06],
        "median": [0.0137707674876, 0.00223588757217, 0.00031866444624, 0.000112010115117, 0.000168607468368, 0.000240513560129, 0.000183803815162, 7.12510081939e-05, 7.54718203098e-05, 0.00010640603432, 0.000178089670953, 0.000233034399571, 8.35175087559e-05, 4.48144492111e-05, 5.96166428295e-05, 5.46395713172e-05, 4.01302422688e-05, 2.96818852803e-05, 1.7765620214e-05, 1.38553277793e-05, 8.97145491763e-06, 9.61508158071e-06, 1.03418824438e-05, 1.35010277518e-05, 4.52220365332e-06, 2.79176083495e-06, 2.73057571576e-06, 1.91548542716e-06, 2.71671706287e-06, 2.85159421765e-06, 2.45145315603e-06, 1.70228372554e-06, 1.46045726979e-06, 1.3666376617e-06, 1.15610509965e-06, 7.2595292977e-07, 1.13617386432e-06, 1.05463402633e-06, 9.94218225969e-07, 5.10886877692e-07],
        "min": [7.37379741622e-06, 2.49964205068e-06, 6.08084064879e-06, 2.87249895337e-06, 1.61066179771e-06, 1.20358299682e-05, 5.62462628295e-06, 5.07651293447e-06, 3.30775333168e-06, 4.93496281706e-06, 4.34824141848e-06, 3.15555962516e-06, 2.21299660552e-06, 3.04073267898e-07, 6.87713963998e-07, 8.2140604718e-07, 7.86007490206e-07, 1.03770412352e-06, 2.83614667751e-07, 3.72601732579e-07, 3.12675126679e-07, 2.75906273828e-07, 4.50728094847e-07, 4.33331194927e-07, 1.19680919397e-07, 7.13684116249e-08, 5.9372592176e-08, 1.43867984193e-08, 5.36819966257e-09, 2.63089905417e-08, 6.86790846416e-09, 4.65275107331e-09, 1.63070557058e-09, 1.8244032951e-09, 1.74496572747e-09, 1.56800933349e-10, 2.75369189257e-11, 2.58258303631e-10, 1.28081649019e-12, 3.43670757e-13],
