{
"highlevel": {
    "danceability": {
        "all": {
            "danceable": 1.77984375682e-07,
            "not_danceable": 0.999999821186
        },
        "probability": 0.999999821186,
        "value": "not_danceable"
    },
    "gender": {
        "all": {
            "female": 0.321355015039,
            "male": 0.678645014763
        },
        "probability": 0.678645014763,
        "value": "male"
    },
    "genre_dortmund": {
        "all": {
            "alternative": 0.127329319715,
            "blues": 0.0303200688213,
            "electronic": 0.0227280464023,
            "folkcountry": 0.158131107688,
            "funksoulrnb": 0.00747647183016,
            "jazz": 0.0211828965694,
            "pop": 0.0687185749412,
            "raphiphop": 0.00107511691749,
            "rock": 0.563038408756
        },
        "probability": 0.563038408756,
        "value": "rock"
    },
    "genre_electronic": {
        "all": {
            "ambient": 0.246933072805,
            "dnb": 0.138377219439,
            "house": 0.0824534520507,
            "techno": 0.0320071876049,
            "trance": 0.50022906065
        },
        "probability": 0.50022906065,
        "value": "trance"
    },
    "genre_rosamerica": {
        "all": {
            "cla": 0.000700449920259,
            "dan": 0.00079097104026,
            "hip": 9.34808122111e-05,
            "jaz": 0.000730730884243,
            "pop": 0.00357816391625,
            "rhy": 0.00295265391469,
            "roc": 0.991139888763,
            "spe": 1.36817698149e-05
        },
        "probability": 0.991139888763,
        "value": "roc"
    },
    "genre_tzanetakis": {
        "all": {
            "blu": 0.0626541376114,
            "cla": 0.0348133966327,
            "cou": 0.0783501937985,
            "dis": 0.104547761381,
            "hip": 0.15693578124,
            "jaz": 0.313987255096,
            "met": 0.044816005975,
            "pop": 0.0627349764109,
            "reg": 0.0627352520823,
            "roc": 0.0784252434969
        },
        "probability": 0.313987255096,
        "value": "jaz"
    },
    "ismir04_rhythm": {
        "all": {
            "ChaChaCha": 0.274238616228,
            "Jive": 0.277550786734,
            "Quickstep": 0.0839153006673,
            "Rumba-American": 0.0177376009524,
            "Rumba-International": 0.0373525805771,
            "Rumba-Misc": 0.00845072884113,
            "Samba": 0.144187986851,
            "Tango": 0.0303384978324,
            "VienneseWaltz": 0.111466452479,
            "Waltz": 0.014761458151
        },
        "probability": 0.277550786734,
        "value": "Jive"
    },
    "mood_acoustic": {
        "all": {
            "acoustic": 0.0861788243055,
            "not_acoustic": 0.913821160793
        },
        "probability": 0.913821160793,
        "value": "not_acoustic"
    },
    "mood_aggressive": {
        "all": {
            "aggressive": 0.853758096695,
            "not_aggressive": 0.146241918206
        },
        "probability": 0.853758096695,
        "value": "aggressive"
    },
    "mood_electronic": {
        "all": {
            "electronic": 0.0399490967393,
            "not_electronic": 0.960050880909
        },
        "probability": 0.960050880909,
        "value": "not_electronic"
    },
    "mood_happy": {
        "all": {
            "happy": 0.970221757889,
            "not_happy": 0.0297782719135
        },
        "probability": 0.970221757889,
        "value": "happy"
    },
    "mood_party": {
        "all": {
            "not_party": 0.441699892282,
            "party": 0.558300077915
        },
        "probability": 0.558300077915,
        "value": "party"
    },
    "mood_relaxed": {
        "all": {
            "not_relaxed": 0.983070373535,
            "relaxed": 0.0169296357781
        },
        "probability": 0.983070373535,
        "value": "not_relaxed"
    },
    "mood_sad": {
        "all": {
            "not_sad": 0.908225655556,
            "sad": 0.0917743444443
        },
        "probability": 0.908225655556,
        "value": "not_sad"
    },
    "moods_mirex": {
        "all": {
            "Cluster1": 0.579308331013,
            "Cluster2": 0.170269653201,
            "Cluster3": 0.0947298631072,
            "Cluster4": 0.0614724121988,
            "Cluster5": 0.0942197591066
        },
        "probability": 0.579308331013,
        "value": "Cluster1"
    },
    "timbre": {
        "all": {
            "bright": 0.999992489815,
            "dark": 7.5035413829e-06
        },
        "probability": 0.999992489815,
        "value": "bright"
    },
    "tonal_atonal": {
        "all": {
            "atonal": 0.000955433526542,
            "tonal": 0.999044537544
        },
        "probability": 0.999044537544,
        "value": "tonal"
    },
    "voice_instrumental": {
        "all": {
            "instrumental": 0.0102351410314,
            "voice": 0.989764869213
        },
        "probability": 0.989764869213,
        "value": "voice"
    }
},
"lowlevel": {
    "average_loudness": 0.977353036404,
    "barkbands_crest": {
        "dmean": 2.74050402641,
        "dmean2": 4.41758584976,
        "dvar": 9.1731338501,
        "dvar2": 22.5510540009,
        "max": 23.691400528,
        "mean": 8.02060508728,
        "median": 7.11249542236,
        "min": 2.85560393333,
        "var": 12.7072181702
    },
    "barkbands_flatness_db": {
        "dmean": 0.0185195300728,
        "dmean2": 0.0297957584262,
        "dvar": 0.000336318393238,
        "dvar2": 0.000898715050425,
        "max": 0.211861878633,
        "mean": 0.116113498807,
        "median": 0.114188633859,
        "min": 0.0604308433831,
        "var": 0.000555293576326
    },
    "barkbands_kurtosis": {
        "dmean": 1.29744541645,
        "dmean2": 2.22146677971,
        "dvar": 5.86127471924,
        "dvar2": 16.2360248566,
        "max": 21.6608142853,
        "mean": 0.483776926994,
        "median": -0.0841844081879,
        "min": -1.76112389565,
        "var": 5.09941005707
    },
    "barkbands_skewness": {
        "dmean": 0.437712162733,
        "dmean2": 0.686434090137,
        "dvar": 0.272171586752,
        "dvar2": 0.684036433697,
        "max": 4.56191444397,
        "mean": 0.908597290516,
        "median": 0.800440251827,
        "min": -0.794701039791,
        "var": 0.480648726225
    },
    "barkbands_spread": {
        "dmean": 5.92427349091,
        "dmean2": 9.57060909271,
        "dvar": 35.9994544983,
        "dvar2": 99.4305496216,
        "max": 84.6577148438,
        "mean": 29.8969573975,
        "median": 28.7294311523,
        "min": 7.97001075745,
        "var": 80.7228546143
    },
    "dissonance": {
        "dmean": 0.0157734472305,
        "dmean2": 0.0254815630615,
        "dvar": 0.000190805090824,
        "dvar2": 0.000515472376719,
        "max": 0.5,
        "mean": 0.47055593133,
        "median": 0.474406123161,
        "min": 0.384102165699,
        "var": 0.000357698067091
    },
    "dynamic_complexity": 0.854179978371,
    "erbbands_crest": {
        "dmean": 2.84019112587,
        "dmean2": 4.46231174469,
        "dvar": 6.33593797684,
        "dvar2": 14.2014427185,
        "max": 29.1840953827,
        "mean": 9.35051631927,
        "median": 8.27260684967,
        "min": 2.44072270393,
        "var": 18.6019210815
    },
    "erbbands_flatness_db": {
        "dmean": 0.0149491829798,
        "dmean2": 0.02081707865,
        "dvar": 0.000172119864146,
        "dvar2": 0.00031684996793,
        "max": 0.240043818951,
        "mean": 0.14645665884,
        "median": 0.146171092987,
        "min": 0.0736535266042,
        "var": 0.000719937612303
    },
    "erbbands_kurtosis": {
        "dmean": 0.564599215984,
        "dmean2": 0.874839186668,
        "dvar": 0.329295367002,
        "dvar2": 0.760544002056,
        "max": 5.9451751709,
        "mean": 0.0435649640858,
        "median": -0.18310213089,
        "min": -1.48321759701,
        "var": 0.856743752956
    },
    "erbbands_skewness": {
        "dmean": 0.287348210812,
        "dmean2": 0.440282940865,
        "dvar": 0.0638096705079,
        "dvar2": 0.153905406594,
        "max": 1.5522133112,
        "mean": 0.0277491938323,
        "median": 0.000422437035013,
        "min": -1.98190689087,
        "var": 0.244030445814
    },
    "erbbands_spread": {
        "dmean": 7.78699827194,
        "dmean2": 11.8280210495,
        "dvar": 58.6358795166,
        "dvar2": 137.571655273,
        "max": 92.9571609497,
        "mean": 36.7827453613,
        "median": 34.953868866,
        "min": 11.8507080078,
        "var": 171.217407227
    },
    "hfc": {
        "dmean": 11.0150108337,
        "dmean2": 17.3954620361,
        "dvar": 175.638793945,
        "dvar2": 456.093048096,
        "max": 186.7915802,
        "mean": 37.6787071228,
        "median": 34.8765563965,
        "min": 9.7333278656,
        "var": 298.073699951
    },
    "melbands_crest": {
        "dmean": 3.19692254066,
        "dmean2": 4.99298000336,
        "dvar": 8.81526374817,
        "dvar2": 18.2895088196,
        "max": 28.6430988312,
        "mean": 11.8890762329,
        "median": 10.7284460068,
        "min": 3.53101205826,
        "var": 21.408952713
    },
    "melbands_flatness_db": {
        "dmean": 0.0232308004051,
        "dmean2": 0.0364641398191,
        "dvar": 0.000650686677545,
        "dvar2": 0.00165488454513,
        "max": 0.291741371155,
        "mean": 0.148567900062,
        "median": 0.143145129085,
        "min": 0.0667189061642,
        "var": 0.00125626986846
    },
    "melbands_kurtosis": {
        "dmean": 4.83143615723,
        "dmean2": 8.12145042419,
        "dvar": 90.3444671631,
        "dvar2": 240.863098145,
        "max": 90.5089492798,
        "mean": 5.87583446503,
        "median": 3.14306402206,
        "min": -1.01115679741,
        "var": 80.6551742554
    },
    "melbands_skewness": {
        "dmean": 0.729783296585,
        "dmean2": 1.13510453701,
        "dvar": 0.819794476032,
        "dvar2": 2.0109629631,
        "max": 8.43479251862,
        "mean": 1.977866292,
        "median": 1.74563801289,
        "min": -0.166555166245,
        "var": 1.40059685707
    },
    "melbands_spread": {
        "dmean": 8.18669700623,
        "dmean2": 12.8762226105,
        "dvar": 82.3358612061,
        "dvar2": 202.62512207,
        "max": 157.554550171,
        "mean": 34.0064849854,
        "median": 33.3910102844,
        "min": 4.85469770432,
        "var": 191.934310913
    },
    "pitch_salience": {
        "dmean": 0.0717551782727,
        "dmean2": 0.113299667835,
        "dvar": 0.0043220599182,
        "dvar2": 0.0109947714955,
        "max": 0.77194070816,
        "mean": 0.524805903435,
        "median": 0.524903476238,
        "min": 0.176150411367,
        "var": 0.00939024053514
    },
    "silence_rate_20dB": {
        "dmean": 0,
        "dmean2": 0,
        "dvar": 0,
        "dvar2": 0,
        "max": 1,
        "mean": 1,
        "median": 1,
        "min": 1,
        "var": 0
    },
    "silence_rate_30dB": {
        "dmean": 0,
        "dmean2": 0,
        "dvar": 0,
        "dvar2": 0,
        "max": 1,
        "mean": 1,
        "median": 1,
        "min": 1,
        "var": 0
    },
    "silence_rate_60dB": {
        "dmean": 0,
        "dmean2": 0,
        "dvar": 0,
        "dvar2": 0,
        "max": 0,
        "mean": 0,
        "median": 0,
        "min": 0,
        "var": 0
    },
    "spectral_centroid": {
        "dmean": 252.387481689,
        "dmean2": 398.119445801,
        "dvar": 48983.5703125,
        "dvar2": 117486.304688,
        "max": 3818.71020508,
        "mean": 1806.67883301,
        "median": 1795.30505371,
        "min": 674.152282715,
        "var": 175679.5
    },
    "spectral_complexity": {
        "dmean": 5.21207427979,
        "dmean2": 8.03485679626,
        "dvar": 24.4458026886,
        "dvar2": 52.8423271179,
        "max": 55,
        "mean": 29.2536735535,
        "median": 29,
        "min": 12,
        "var": 47.5551261902
    },
    "spectral_decrease": {
        "dmean": 3.44861494916e-09,
        "dmean2": 5.53730128416e-09,
        "dvar": 2.14802360729e-17,
        "dvar2": 5.44174166294e-17,
        "max": -1.93213045563e-09,
        "mean": -9.63330215598e-09,
        "median": -8.7130285209e-09,
        "min": -3.74288475768e-08,
        "var": 2.38891299461e-17
    },
    "spectral_energy": {
        "dmean": 0.0137185975909,
        "dmean2": 0.021911194548,
        "dvar": 0.000317240017466,
        "dvar2": 0.00080258352682,
        "max": 0.145709991455,
        "mean": 0.0397759266198,
        "median": 0.0364283323288,
        "min": 0.00853671319783,
        "var": 0.000364651030395
    },
    "spectral_energyband_high": {
        "dmean": 0.000880803214386,
        "dmean2": 0.00142133270856,
        "dvar": 2.35484776567e-06,
        "dvar2": 5.9926146605e-06,
        "max": 0.0220034196973,
        "mean": 0.00177380954847,
        "median": 0.00127212831285,
        "min": 0.000187226847629,
        "var": 3.18745583172e-06
    },
    "spectral_energyband_low": {
        "dmean": 0.00962902698666,
        "dmean2": 0.0157443713397,
        "dvar": 0.000331717252266,
        "dvar2": 0.000835825805552,
        "max": 0.128139182925,
        "mean": 0.0136574143544,
        "median": 0.00840577576309,
        "min": 0.000629585527349,
        "var": 0.000318845792208
    },
    "spectral_energyband_middle_high": {
        "dmean": 0.00380467693321,
        "dmean2": 0.00577580975369,
        "dvar": 1.31146534841e-05,
        "dvar2": 3.13628006552e-05,
        "max": 0.0565164163709,
        "mean": 0.0129440128803,
        "median": 0.0111849866807,
        "min": 0.00130671693478,
        "var": 5.84381232329e-05
    },
    "spectral_energyband_middle_low": {
        "dmean": 0.00494134379551,
        "dmean2": 0.00783849228173,
        "dvar": 3.71441237803e-05,
        "dvar2": 0.000102924430394,
        "max": 0.0647031068802,
        "mean": 0.013191152364,
        "median": 0.0114139765501,
        "min": 0.00136523565743,
        "var": 5.57131024834e-05
    },
    "spectral_entropy": {
        "dmean": 0.127508461475,
        "dmean2": 0.17274223268,
        "dvar": 0.0137146469206,
        "dvar2": 0.0249104984105,
        "max": 8.54223823547,
        "mean": 7.75187444687,
        "median": 7.74261856079,
        "min": 6.76931524277,
        "var": 0.0476769283414
    },
    "spectral_flux": {
        "dmean": 0.0302539356053,
        "dmean2": 0.0443230010569,
        "dvar": 0.00105711130891,
        "dvar2": 0.00195460370742,
        "max": 0.315384298563,
        "mean": 0.107559993863,
        "median": 0.0940869525075,
        "min": 0.0406260825694,
        "var": 0.00212221662514
    },
    "spectral_kurtosis": {
        "dmean": 0.953357219696,
        "dmean2": 1.6242197752,
        "dvar": 0.696888923645,
        "dvar2": 1.95805001259,
        "max": 8.24459171295,
        "mean": 2.92500114441,
        "median": 2.80980205536,
        "min": -0.864665269852,
        "var": 1.38844943047
    },
    "spectral_rms": {
        "dmean": 0.00100687483791,
        "dmean2": 0.0015737436479,
        "dvar": 1.21390098684e-06,
        "dvar2": 2.99038038065e-06,
        "max": 0.0119229229167,
        "mean": 0.00608549593017,
        "median": 0.00596152991056,
        "min": 0.00288591417484,
        "var": 1.77248546152e-06
    },
    "spectral_rolloff": {
        "dmean": 542.180358887,
        "dmean2": 895.588378906,
        "dvar": 424977.78125,
        "dvar2": 949882.125,
        "max": 8484.08203125,
        "mean": 1894.64038086,
        "median": 1765.72265625,
        "min": 86.1328125,
        "var": 931230
    },
    "spectral_skewness": {
        "dmean": 0.160952463746,
        "dmean2": 0.264559954405,
        "dvar": 0.0201263669878,
        "dvar2": 0.0510392561555,
        "max": 2.22857451439,
        "mean": 1.19919264317,
        "median": 1.1943641901,
        "min": 0.288934081793,
        "var": 0.0501441471279
    },
    "spectral_spread": {
        "dmean": 404249.84375,
        "dmean2": 590810.75,
        "dvar": 200205107200,
        "dvar2": 380243181568,
        "max": 9988568,
        "mean": 4405791.5,
        "median": 4264220.5,
        "min": 2922647.75,
        "var": 617109782528
    },
    "spectral_strongpeak": {
        "dmean": 0.967783272266,
        "dmean2": 1.64644539356,
        "dvar": 1.76523530483,
        "dvar2": 4.12773513794,
        "max": 9.56963539124,
        "mean": 1.53299915791,
        "median": 0.596366047859,
        "min": 0.0443402566016,
        "var": 3.16371917725
    },
    "zerocrossingrate": {
        "dmean": 0.00936615653336,
        "dmean2": 0.0118950000033,
        "dvar": 8.9187771664e-05,
        "dvar2": 0.000125980644953,
        "max": 0.2744140625,
        "mean": 0.0729529187083,
        "median": 0.072265625,
        "min": 0.03125,
        "var": 0.00044893665472
    },
    "barkbands": {
        "dmean": [0.00015782545961, 0.00704750837758, 0.00315738306381, 0.00173074856866, 0.00263689737767, 0.000883185246494, 0.000519963970874, 0.000646525411867, 0.000784907257184, 0.00143111415673, 0.00093020364875, 0.00104612961877, 0.000725264544599, 0.000278475345112, 0.000788437901065, 0.000562019762583, 0.000396385614295, 0.000279439525912, 0.000441837415565, 0.000341354607372, 0.00029448402347, 0.000191129322047, 0.000203677991522, 0.000128383180709, 5.72494463995e-05, 2.83134977508e-05, 6.32343910567e-09],
        "dmean2": [0.000197692279471, 0.0118993306533, 0.00540192332119, 0.00290724332444, 0.00438396958634, 0.00139886653051, 0.00076579436427, 0.000935263349675, 0.00116059952416, 0.00212384480983, 0.00139625289012, 0.00146334257443, 0.001123346854, 0.000432955450378, 0.00123932783026, 0.000860378611833, 0.000651010952424, 0.000467268138891, 0.000726855010726, 0.000552446930669, 0.000488245597808, 0.00032684681355, 0.000341866252711, 0.000191648476175, 8.8195069111e-05, 4.56386624137e-05, 9.72396740906e-09],
        "dvar": [9.91210384882e-08, 0.000306619214825, 1.96904911718e-05, 5.26497751707e-06, 2.1362429834e-05, 1.52575978518e-06, 5.50231504803e-07, 6.93072422564e-07, 2.23937126975e-06, 5.47280387764e-06, 3.35045206157e-06, 3.33191110258e-06, 1.35183313432e-06, 1.99659794475e-07, 1.29516433844e-06, 8.08512879757e-07, 3.22748121562e-07, 1.235020477e-07, 2.56421628819e-07, 1.73165972228e-07, 2.15648611857e-07, 1.25039093746e-07, 3.00094114891e-07, 1.49935146965e-07, 1.02547961234e-08, 2.99581670582e-09, 8.47351855159e-15],
        "dvar2": [1.74781874307e-07, 0.00079677492613, 5.31924706593e-05, 1.43347670019e-05, 5.78002945986e-05, 3.52770302925e-06, 1.06426864477e-06, 1.43302111155e-06, 4.924715995e-06, 1.18653470054e-05, 7.43167584005e-06, 5.88798275203e-06, 3.27082830154e-06, 4.27102207823e-07, 3.32873469233e-06, 1.55486725362e-06, 7.71303064084e-07, 3.36532480105e-07, 6.14239127117e-07, 4.38166836148e-07, 5.57348300845e-07, 3.4157352502e-07, 7.94340678567e-07, 3.10938958137e-07, 2.48644855816e-08, 7.72412445116e-09, 1.01829868932e-14],
        "max": [0.00269726733677, 0.120175614953, 0.0406665541232, 0.0224939119071, 0.0459905005991, 0.0186941549182, 0.00916453916579, 0.0101900463924, 0.0247294884175, 0.0400213450193, 0.0241571366787, 0.030234888196, 0.0143919521943, 0.00508922711015, 0.012963171117, 0.0140626756474, 0.00747927976772, 0.00504766590893, 0.00802361313254, 0.00391357252374, 0.00464491639286, 0.00362469698302, 0.00962105486542, 0.0136442258954, 0.00143124116585, 0.0007633997011, 3.12912197842e-06],
        "mean": [0.000208492157981, 0.00681279692799, 0.00511929625645, 0.00282882293686, 0.00441902969033, 0.00169309054036, 0.00101461517625, 0.00126480276231, 0.00153610727284, 0.00280726002529, 0.00164516421501, 0.00174459582195, 0.00158723746426, 0.000421714008553, 0.00131199066527, 0.00107282167301, 0.000682561949361, 0.000538854917977, 0.000896961370017, 0.000712838198524, 0.000517629203387, 0.000302493281197, 0.000280453445157, 0.000228569013416, 9.21702303458e-05, 3.55261217919e-05, 5.0392725548e-09],
        "median": [2.6687834179e-05, 0.00217882730067, 0.00325741106644, 0.00198621628806, 0.00295521318913, 0.00105645833537, 0.000603379274253, 0.000791373662651, 0.000751151528675, 0.00089089141693, 0.000531469937414, 0.00048466573935, 0.000603910593782, 0.000215113715967, 0.000803933013231, 0.000569839787204, 0.000501194910612, 0.000431537424447, 0.000750527426135, 0.000552444835193, 0.000304203393171, 0.000197138215299, 0.000147074635606, 0.000129691892653, 5.3879502957e-05, 1.61102943821e-05, 5.84592485531e-10],
        "min": [8.09069291563e-08, 6.82929094182e-05, 2.61622008111e-05, 2.53183970926e-05, 9.52949558268e-05, 2.56616149272e-05, 1.9305763999e-05, 1.30920589072e-05, 2.09478403121e-05, 1.12852731036e-05, 9.23722654989e-06, 1.13724618132e-05, 1.22534484035e-05, 7.62421996114e-06, 3.14597455144e-05, 5.88044604228e-05, 4.76035856991e-05, 4.90128477395e-05, 8.93772594281e-05, 5.57014827791e-05, 3.55524571205e-05, 1.68203096109e-05, 9.54914230533e-06, 7.28928989702e-06, 3.4927006709e-06, 4.97415580947e-11, 1.51272848414e-11],
        "var": [1.92308903024e-07, 0.000245692499448, 2.96138423437e-05, 8.01505939307e-06, 2.37721378653e-05, 3.50193568011e-06, 1.39669191412e-06, 1.80635777269e-06, 5.37578989679e-06, 1.70860967046e-05, 8.3150825958e-06, 8.4961675384e-06, 5.23700555277e-06, 3.49932548716e-07, 2.30330465456e-06, 2.40989629674e-06, 4.40003049107e-07, 1.59721750492e-07, 4.12199057109e-07, 2.97317370723e-07, 3.27492585939e-07, 1.13261464207e-07, 3.17279216233e-07, 2.89391579145e-07, 1.41536089515e-08, 3.0606603918e-09, 8.05123366387e-15]
    },
    "erbbands": {
        "dmean": [0.185555502772, 1.69467175007, 3.53380775452, 4.62924909592, 8.49269580841, 8.54320526123, 7.04165410995, 8.30007171631, 6.78120231628, 10.2121162415, 12.2137765884, 21.9028511047, 20.2725162506, 53.8064155579, 41.153213501, 46.1891212463, 31.2784767151, 19.3740234375, 43.8495788574, 21.8250865936, 26.2062206268, 16.5879364014, 15.3673353195, 18.0455799103, 24.1913280487, 16.0462188721, 13.4764766693, 9.05950450897, 6.5201458931, 7.65741348267, 5.35923624039, 2.96051287651, 2.0348649025, 0.786632597446, 0.375798076391, 0.16850374639, 0.0477701574564, 0.00335093145259, 6.90771485097e-05, 1.84540076589e-05],
        "dmean2": [0.286243647337, 2.9665222168, 6.06421804428, 7.75220823288, 14.1287031174, 14.3888168335, 11.5915250778, 13.2386112213, 10.1693592072, 14.7800264359, 17.91106987, 32.3455162048, 29.2450313568, 78.6535720825, 63.957069397, 64.0289916992, 47.6076049805, 30.5889568329, 69.0712203979, 34.8126068115, 40.0838165283, 26.7910633087, 25.8372840881, 30.0161514282, 39.6805839539, 25.9988746643, 21.8349456787, 15.3093986511, 11.0952348709, 13.0703353882, 9.18734264374, 4.52456283569, 3.18781733513, 1.25382053852, 0.590324878693, 0.269518852234, 0.0770698338747, 0.00549688562751, 0.000110038483399, 2.87348484562e-05],
        "dvar": [0.193477213383, 18.1117115021, 30.9961051941, 32.8664169312, 183.686126709, 234.53918457, 117.81237793, 182.49420166, 94.0573577881, 199.031158447, 286.038024902, 1747.25354004, 1414.70776367, 8505.73730469, 9683.50195312, 7720.97607422, 2232.83813477, 866.81036377, 4447.45898438, 877.511779785, 1361.19702148, 547.387634277, 424.394104004, 386.98336792, 826.12701416, 395.289581299, 442.706787109, 231.752349854, 131.431289673, 327.767211914, 242.111572266, 102.469703674, 22.74766922, 2.12085533142, 0.399918913841, 0.109289258718, 0.00725525803864, 3.36497359967e-05, 1.35666802237e-08, 5.20041898433e-10],
        "dvar2": [0.457655251026, 49.0090942383, 83.9017486572, 89.2524414062, 487.626739502, 643.806335449, 307.394378662, 400.139099121, 210.146713257, 399.897399902, 613.032531738, 3868.1796875, 3130.07080078, 18074.9101562, 21300.6757812, 13570.5498047, 5291.91992188, 2065.46899414, 11322.9052734, 1772.1776123, 2852.97436523, 1323.99414062, 1168.86218262, 945.020507812, 2124.66381836, 957.573303223, 1093.30908203, 633.367797852, 356.175292969, 899.896118164, 645.305114746, 218.311706543, 49.6542625427, 5.08353185654, 0.998114466667, 0.284088343382, 0.0181272160262, 8.29809141578e-05, 3.28437330666e-08, 1.2631136137e-09],
        "max": [3.11449027061, 27.3892116547, 49.5313873291, 50.4641227722, 172.858383179, 134.140686035, 131.106140137, 231.878768921, 134.491867065, 176.608856201, 196.041412354, 636.688903809, 774.578308105, 1628.35998535, 1706.953125, 1564.03112793, 610.533874512, 399.916900635, 792.813598633, 563.685852051, 544.889282227, 369.366027832, 325.416778564, 206.481246948, 353.843841553, 203.910629272, 270.505218506, 119.18183136, 108.871871948, 152.766952515, 308.408355713, 340.74420166, 145.692474365, 27.2837657928, 6.75528335571, 4.85138177872, 0.81418043375, 0.0467663407326, 0.00112607004121, 0.000187607205589],
        "mean": [0.191858202219, 1.56703448296, 5.16879892349, 8.67494773865, 12.5488481522, 14.0873374939, 13.785867691, 15.0090122223, 14.1690216064, 21.3238658905, 25.0782527924, 42.9715766907, 39.9625053406, 111.425491333, 80.9864349365, 77.060218811, 70.8244247437, 39.3268241882, 72.2024078369, 46.0899620056, 53.7933158875, 32.1453475952, 30.9301319122, 38.4773788452, 47.1098136902, 35.0471458435, 25.8700180054, 14.9427442551, 10.5622138977, 10.1220941544, 7.7291302681, 5.38174915314, 3.37877321243, 1.21752250195, 0.592917323112, 0.222510293126, 0.0564382113516, 0.00376668199897, 0.000105988605355, 5.50781660422e-05],
        "median": [0.0455645546317, 0.576906383038, 3.07942533493, 6.76251983643, 8.26321315765, 8.92601585388, 7.89917039871, 8.01854705811, 8.85748386383, 12.0236110687, 16.0710487366, 22.2710285187, 19.7841835022, 29.0724582672, 32.2175216675, 25.5245704651, 31.5647754669, 22.9843387604, 43.7257385254, 30.6117630005, 34.6921272278, 23.8342685699, 25.1312255859, 32.0520133972, 37.9703483582, 26.8457679749, 15.943189621, 9.97564888, 7.02092790604, 5.65994882584, 4.18688869476, 3.02692174911, 1.81985199451, 0.67790132761, 0.340914100409, 0.110653221607, 0.0217377822846, 0.00130199128762, 5.74794794375e-05, 4.94216110383e-05],
        "min": [0.00132760894485, 0.0253689214587, 0.123107038438, 0.42084300518, 0.678476274014, 0.359344780445, 0.345194190741, 0.279183506966, 0.358429402113, 0.352648407221, 0.63411873579, 1.08606541157, 1.37643563747, 0.658346056938, 0.89215618372, 1.37229728699, 1.5350382328, 2.12420940399, 2.40414762497, 2.96506118774, 2.85832834244, 2.47790503502, 4.44598293304, 5.06673765182, 5.49990987778, 3.16384863853, 1.94537258148, 1.25931406021, 0.557981610298, 0.49619448185, 0.224145174026, 0.166176140308, 0.100079886615, 0.0531479604542, 0.012444906868, 0.000656223099213, 5.28947821294e-05, 9.07683715923e-06, 1.00552288131e-05, 1.31033139041e-05],
        "var": [0.197745606303, 12.7759084702, 36.4106445312, 46.9617462158, 205.013702393, 270.679748535, 233.491760254, 414.727386475, 224.011169434, 581.87677002, 683.105041504, 3804.01513672, 3500.93066406, 28699.9589844, 24110.9414062, 18022.6796875, 8662.16796875, 1941.08251953, 7574.78710938, 2663.47558594, 3575.72241211, 780.274719238, 493.814147949, 633.434570312, 1251.75769043, 784.200195312, 807.581481934, 227.787139893, 125.287796021, 263.112243652, 266.839172363, 203.172134399, 41.6316184998, 3.23419594765, 0.490060418844, 0.107671901584, 0.00818858202547, 4.0282979171e-05, 1.7283925402e-08, 6.91142643117e-10]
    },
    "gfcc": {
        "mean": [62.2472381592, 84.6781158447, -132.53755188, 47.222858429, -60.0660514832, 23.333688736, -37.0210914612, 11.5325918198, -31.3296451569, 0.296568393707, -17.8912658691, -5.02469110489, -10.8678455353],
        "cov": [[530.145812988, -306.63369751, 124.536003113, -33.7596435547, -31.3154201508, 90.1118392944, 8.13504600525, 30.543504715, -39.7982521057, 24.2193622589, -63.6227607727, 42.4198913574, -66.9939727783], [-306.63369751, 435.188140869, -131.775436401, -18.3184127808, 36.0960388184, -78.1419219971, 22.0766544342, -35.1687698364, 29.3268547058, -38.0027313232, 82.611328125, -41.6884689331, 63.046169281], [124.536003113, -131.775436401, 267.071502686, 59.0082588196, 16.4550895691, 14.7683534622, -36.9453468323, 16.2297592163, 16.8168754578, 48.7458190918, -24.3571052551, 44.2614059448, -58.2575645447], [-33.7596435547, -18.3184127808, 59.0082588196, 181.912643433, 34.7672576904, -0.390765488148, -9.9134721756, -8.44414806366, 41.2226295471, 5.50490617752, -11.4185400009, -21.048833847, 34.8076210022], [-31.3154201508, 36.0960388184, 16.4550895691, 34.7672576904, 124.720077515, 14.7011613846, 25.210767746, 13.8274927139, 17.0374584198, 32.9482040405, 0.315661758184, 14.5235767365, 11.5258455276], [90.1118392944, -78.1419219971, 14.7683534622, -0.390765488148, 14.7011613846, 123.778434753, 68.5478057861, 24.200843811, -15.6134672165, -10.6566925049, 9.84398174286, 10.6901988983, -1.44964623451], [8.13504600525, 22.0766544342, -36.9453468323, -9.9134721756, 25.210767746, 68.5478057861, 132.906906128, 55.6318511963, -5.79982185364, -14.0073699951, 13.6506233215, 4.04620075226, 24.7969989777], [30.543504715, -35.1687698364, 16.2297592163, -8.44414806366, 13.8274927139, 24.200843811, 55.6318511963, 91.6802444458, 39.2162399292, 9.9458656311, -10.5739145279, 9.54098129272, 8.02594470978], [-39.7982521057, 29.3268547058, 16.8168754578, 41.2226295471, 17.0374584198, -15.6134672165, -5.79982185364, 39.2162399292, 87.7684249878, 26.7588710785, -0.0987128689885, -7.708360672, 11.9960689545], [24.2193622589, -38.0027313232, 48.7458190918, 5.50490617752, 32.9482040405, -10.6566925049, -14.0073699951, 9.9458656311, 26.7588710785, 77.7752227783, 12.674071312, 15.8567447662, -22.0973148346], [-63.6227607727, 82.611328125, -24.3571052551, -11.4185400009, 0.315661758184, 9.84398174286, 13.6506233215, -10.5739145279, -0.0987128689885, 12.674071312, 89.2717437744, 11.6531476974, -2.34295248985], [42.4198913574, -41.6884689331, 44.2614059448, -21.048833847, 14.5235767365, 10.6901988983, 4.04620075226, 9.54098129272, -7.708360672, 15.8567447662, 11.6531476974, 74.0077972412, 8.11584758759], [-66.9939727783, 63.046169281, -58.2575645447, 34.8076210022, 11.5258455276, -1.44964623451, 24.7969989777, 8.02594470978, 11.9960689545, -22.0973148346, -2.34295248985, 8.11584758759, 95.3495330811]],
        "icov": [[0.0037009967491, 0.00142840214539, -0.00047844168148, 0.000509098172188, 0.000836272025481, -0.00177135958802, -0.00013909691188, -0.000115740716865, 0.000680479512084, -0.000867479364388, 0.0017142490251, -0.000886300927959, 0.000926536391489], [0.00142840214539, 0.0105385752395, -0.00300377211533, 0.00652874447405, -0.00630021374673, 0.00840926449746, -0.00620491616428, 0.00819887127727, -0.00789605174214, 0.00881852395833, -0.0101255523041, 0.00764082139358, -0.0062323086895], [-0.00047844168148, -0.00300377211533, 0.00930863525718, -0.00675973016769, 0.00270846392959, -0.00382155738771, 0.00400959979743, -0.00506618898362, 0.00306247733533, -0.00476834783331, 0.00536407111213, -0.00885615963489, 0.00819854531437], [0.000509098172188, 0.00652874447405, -0.00675973016769, 0.0147656397894, -0.00644151261076, 0.00485571241006, -0.00469719199464, 0.00991388782859, -0.00991191994399, 0.0068323216401, -0.00693663116544, 0.0109180053696, -0.0105093140155], [0.000836272025481, -0.00630021374673, 0.00270846392959, -0.00644151261076, 0.0154168047011, -0.00694495206699, 0.00127238605637, -0.00446497555822, 0.00511405523866, -0.0116571644321, 0.00913418270648, -0.00788529310375, 0.0043861027807], [-0.00177135958802, 0.00840926449746, -0.00382155738771, 0.00485571241006, -0.00694495206699, 0.0217425879091, -0.0123278368264, 0.00759306456894, -0.00619500270113, 0.0107339192182, -0.0115899704397, 0.00673876982182, -0.00476682465523], [-0.00013909691188, -0.00620491616428, 0.00400959979743, -0.00469719199464, 0.00127238605637, -0.0123278368264, 0.0225141048431, -0.0179387778044, 0.0114333927631, -0.0044785970822, 0.00299929711036, -0.00300505454652, 0.00133631762583], [-0.000115740716865, 0.00819887127727, -0.00506618898362, 0.00991388782859, -0.00446497555822, 0.00759306456894, -0.0179387778044, 0.0334684178233, -0.0214922595769, 0.00740794977173, -0.00369469355792, 0.00436694733799, -0.0057554715313], [0.000680479512084, -0.00789605174214, 0.00306247733533, -0.00991191994399, 0.00511405523866, -0.00619500270113, 0.0114333927631, -0.0214922595769, 0.0302048083395, -0.0135600939393, 0.00610901461914, -0.00266328989528, 0.00274601811543], [-0.000867479364388, 0.00881852395833, -0.00476834783331, 0.0068323216401, -0.0116571644321, 0.0107339192182, -0.0044785970822, 0.00740794977173, -0.0135600939393, 0.0300024934113, -0.0137361045927, 0.00480872625485, -0.00182221946307], [0.0017142490251, -0.0101255523041, 0.00536407111213, -0.00693663116544, 0.00913418270648, -0.0115899704397, 0.00299929711036, -0.00369469355792, 0.00610901461914, -0.0137361045927, 0.0266786888242, -0.0133695425466, 0.00980144459754], [-0.000886300927959, 0.00764082139358, -0.00885615963489, 0.0109180053696, -0.00788529310375, 0.00673876982182, -0.00300505454652, 0.00436694733799, -0.00266328989528, 0.00480872625485, -0.0133695425466, 0.0293413195759, -0.0149785038084], [0.000926536391489, -0.0062323086895, 0.00819854531437, -0.0105093140155, 0.0043861027807, -0.00476682465523, 0.00133631762583, -0.0057554715313, 0.00274601811543, -0.00182221946307, 0.00980144459754, -0.0149785038084, 0.0243875309825]]
    },
    "melbands": {
        "dmean": [0.00182327604853, 0.00195584609173, 0.000867023540195, 0.000627618981525, 0.000267453608103, 0.000175925320946, 0.000106999526906, 0.000116719398648, 0.000100886602013, 0.000137447525049, 0.000103952843347, 0.000227612676099, 0.000117403840704, 0.000130552973133, 7.28883751435e-05, 8.48131312523e-05, 3.30472939822e-05, 6.6081105615e-05, 4.1767492803e-05, 4.61113086203e-05, 2.97685473925e-05, 2.02428254852e-05, 1.76213688974e-05, 1.33162102429e-05, 1.6338271962e-05, 1.92063889699e-05, 1.51208914758e-05, 1.04459541035e-05, 1.01223504316e-05, 7.57562929721e-06, 4.75907745567e-06, 3.77644164473e-06, 3.92892980017e-06, 4.57924761577e-06, 3.4547344967e-06, 2.36516189034e-06, 1.86447516626e-06, 1.61313107583e-06, 1.05181788967e-06, 6.0633215071e-07],
        "dmean2": [0.0029887415003, 0.00337854563259, 0.00145108962897, 0.00105636287481, 0.000444305303972, 0.00027861999115, 0.000159059141879, 0.000169978171471, 0.000147740982356, 0.000203388175578, 0.000147445884068, 0.000333211675752, 0.000178919130121, 0.000190020553418, 0.000103392070741, 0.000129588675918, 5.17217231391e-05, 0.000104441511212, 6.68833381496e-05, 7.13447516318e-05, 4.62228090328e-05, 3.25415057887e-05, 2.94259498332e-05, 2.23939659918e-05, 2.7069789212e-05, 3.14588578476e-05, 2.46953222813e-05, 1.69276754605e-05, 1.62621490745e-05, 1.30237594931e-05, 8.01651276561e-06, 6.46496118861e-06, 6.70966119287e-06, 7.82230199547e-06, 6.00608427703e-06, 3.86081319448e-06, 2.77157482742e-06, 2.51350570579e-06, 1.71867009158e-06, 9.88464307738e-07],
        "dvar": [2.03665022127e-05, 1.32562136059e-05, 1.1471149719e-06, 1.26451755023e-06, 1.78148255259e-07, 7.43136254755e-08, 2.16328253089e-08, 2.67420698918e-08, 2.05005008524e-08, 6.91317083579e-08, 3.70598307597e-08, 1.55715781602e-07, 6.19790156975e-08, 4.94370127058e-08, 1.59874069539e-08, 2.20218367986e-08, 2.93401258844e-09, 9.76332259484e-09, 3.61778940139e-09, 6.53660370276e-09, 1.96738225711e-09, 1.08641273755e-09, 4.10299849651e-10, 3.18154558254e-10, 3.3768637886e-10, 5.47372147608e-10, 3.34953176306e-10, 1.67076769086e-10, 2.94759910924e-10, 1.52753018567e-10, 6.52277259983e-11, 3.9894809678e-11, 5.62207259913e-11, 1.28956748058e-10, 9.43868594394e-11, 7.14506648292e-11, 5.81795757404e-11, 1.78009013779e-11, 3.82353697315e-12, 1.39400286019e-12],
        "dvar2": [5.1483471907e-05, 3.54247931682e-05, 3.19451942232e-06, 3.43519445778e-06, 4.67939997861e-07, 1.65464911106e-07, 4.54466615452e-08, 5.34473407754e-08, 4.36874643128e-08, 1.55259584744e-07, 8.11213638485e-08, 3.30358574274e-07, 1.39363294238e-07, 9.57933750101e-08, 2.76528151488e-08, 5.19485681139e-08, 6.49164144662e-09, 2.4785824948e-08, 9.2326635226e-09, 1.26454322569e-08, 4.55819071377e-09, 2.56919285846e-09, 1.08882802774e-09, 8.76331951449e-10, 8.29417423631e-10, 1.37005995438e-09, 8.7816576233e-10, 4.08384520645e-10, 6.73942068818e-10, 4.24770801866e-10, 1.74559353083e-10, 1.06609152062e-10, 1.55356227882e-10, 3.53203633008e-10, 2.5844845708e-10, 1.87371257399e-10, 1.20593812714e-10, 3.71943170707e-11, 9.99214513214e-12, 3.4447479591e-12],
        "max": [0.0319765470922, 0.0256686359644, 0.0102121904492, 0.011363575235, 0.00470536295325, 0.00449888873845, 0.001810452668, 0.00219983537681, 0.00155830045696, 0.00436955783516, 0.00404855748639, 0.00700802076608, 0.00410684524104, 0.00312331900932, 0.00196856888942, 0.00186521594878, 0.000705958693288, 0.00122155155987, 0.000846695911605, 0.00114159332588, 0.000641465478111, 0.000499498972204, 0.000193587999092, 0.000276181963272, 0.000185610188055, 0.000281598098809, 0.000210186335607, 0.000145151323522, 0.000273811776424, 9.71272966126e-05, 7.07832514308e-05, 5.50130280317e-05, 8.20320929051e-05, 9.79451288003e-05, 0.000212720828131, 0.000189658967429, 0.00028443679912, 0.000138434377732, 2.54036858678e-05, 2.01381317311e-05],
        "mean": [0.00180640514009, 0.0025552213192, 0.00163392070681, 0.00098941847682, 0.000524108472746, 0.000324237189488, 0.000219460547669, 0.000244137539994, 0.000204291907721, 0.000262893008767, 0.000191097453353, 0.00045870730537, 0.000227109805564, 0.000230806908803, 0.000126757950056, 0.000180353104952, 5.39729735465e-05, 0.000106327497633, 7.11208922439e-05, 8.38762498461e-05, 5.58007632208e-05, 3.5104003473e-05, 3.04041623167e-05, 2.52651807386e-05, 3.1226532883e-05, 3.48463727278e-05, 2.90084899461e-05, 2.14489791688e-05, 1.91285471374e-05, 1.09456432256e-05, 7.58856049288e-06, 5.96208383286e-06, 5.59322324989e-06, 5.53371228307e-06, 4.5873775889e-06, 3.67349230146e-06, 3.20533831655e-06, 2.64084542323e-06, 1.51581900809e-06, 8.52779578508e-07],
        "median": [0.000525240960997, 0.0014634213876, 0.00131573679391, 0.000676091469359, 0.000317219644785, 0.00018113994156, 0.000134954141686, 0.000137431910844, 0.000123136705952, 0.000132171393489, 8.30443386803e-05, 9.75435177679e-05, 8.29484270071e-05, 8.07359829196e-05, 5.40771761735e-05, 6.13953379798e-05, 2.87101429421e-05, 6.54078467051e-05, 4.28697603638e-05, 3.91906323784e-05, 3.52998577e-05, 2.1724110411e-05, 2.32170550589e-05, 2.02743885893e-05, 2.46539257205e-05, 2.54126352957e-05, 2.21819864237e-05, 1.59587907547e-05, 1.04471755549e-05, 7.03284467818e-06, 4.98606686961e-06, 4.01590523325e-06, 3.32806416736e-06, 2.86781482828e-06, 2.43417593992e-06, 1.99383225663e-06, 1.79581866178e-06, 1.38208417866e-06, 8.13250323972e-07, 4.4159324375e-07],
        "min": [1.90678292711e-05, 4.62984207843e-05, 8.75243204064e-05, 3.45057887898e-05, 1.04422160803e-05, 5.97991447648e-06, 4.80602739117e-06, 3.78114827981e-06, 2.8821405067e-06, 3.0252583656e-06, 2.89213221549e-06, 1.407602781e-06, 1.67373866589e-06, 3.27081875184e-06, 1.21730306546e-06, 1.38000882544e-06, 1.352500135e-06, 3.48772869074e-06, 2.15816817217e-06, 2.29764191317e-06, 2.51162646236e-06, 1.59768660524e-06, 3.16877822115e-06, 2.83386680167e-06, 2.3370641884e-06, 3.17143530992e-06, 2.94925052913e-06, 1.83186830327e-06, 1.11462645691e-06, 9.05189438072e-07, 4.68163307232e-07, 3.50717471065e-07, 2.48884077791e-07, 1.88444261084e-07, 8.41414191655e-08, 6.2409448276e-08, 5.34330979463e-08, 4.80151101101e-08, 3.86731677793e-08, 6.70125333002e-09],
