{
"highlevel": {
    "danceability": {
        "all": {
            "danceable": 0.7937053442,
            "not_danceable": 0.2062946558
        },
        "probability": 0.7937053442,
        "value": "danceable"
    },
    "gender": {
        "all": {
            "female": 0.372847944498,
            "male": 0.6271520257
        },
        "probability": 0.6271520257,
        "value": "male"
    },
    "genre_dortmund": {
        "all": {
            "alternative": 0.119061686099,
            "blues": 0.0257593244314,
            "electronic": 0.0209308993071,
            "folkcountry": 0.0175583995879,
            "funksoulrnb": 0.0045986357145,
            "jazz": 0.00254075857811,
            "pop": 0.0257400721312,
            "raphiphop": 0.00728848949075,
            "rock": 0.776521742344
        },
        "probability": 0.776521742344,
        "value": "rock"
    },
    "genre_electronic": {
        "all": {
            "ambient": 0.374407559633,
            "dnb": 0.251483380795,
            "house": 0.027310334146,
            "techno": 0.0192972943187,
            "trance": 0.327501446009
        },
        "probability": 0.374407559633,
        "value": "ambient"
    },
    "genre_rosamerica": {
        "all": {
            "cla": 0.000398007192416,
            "dan": 0.000862774322741,
            "hip": 0.00185862032231,
            "jaz": 0.000317251979141,
            "pop": 0.159485504031,
            "rhy": 0.000646616856102,
            "roc": 0.836323618889,
            "spe": 0.000107617190224
        },
        "probability": 0.836323618889,
        "value": "roc"
    },
    "genre_tzanetakis": {
        "all": {
            "blu": 0.0626541376114,
            "cla": 0.0348133966327,
            "cou": 0.0783501937985,
            "dis": 0.104547761381,
            "hip": 0.15693578124,
            "jaz": 0.313987255096,
            "met": 0.044816005975,
            "pop": 0.0627349764109,
            "reg": 0.0627352520823,
            "roc": 0.0784252434969
        },
        "probability": 0.313987255096,
        "value": "jaz"
    },
    "ismir04_rhythm": {
        "all": {
            "ChaChaCha": 0.090295098722,
            "Jive": 0.414265841246,
            "Quickstep": 0.0923742130399,
            "Rumba-American": 0.0319678969681,
            "Rumba-International": 0.0190806351602,
            "Rumba-Misc": 0.00872573722154,
            "Samba": 0.154098078609,
            "Tango": 0.0279446560889,
            "VienneseWaltz": 0.138745680451,
            "Waltz": 0.022502169013
        },
        "probability": 0.414265841246,
        "value": "Jive"
    },
    "mood_acoustic": {
        "all": {
            "acoustic": 0.00272166379727,
            "not_acoustic": 0.99727833271
        },
        "probability": 0.99727833271,
        "value": "not_acoustic"
    },
    "mood_aggressive": {
        "all": {
            "aggressive": 0.994674861431,
            "not_aggressive": 0.00532514695078
        },
        "probability": 0.994674861431,
        "value": "aggressive"
    },
    "mood_electronic": {
        "all": {
            "electronic": 0.178139925003,
            "not_electronic": 0.821860074997
        },
        "probability": 0.821860074997,
        "value": "not_electronic"
    },
    "mood_happy": {
        "all": {
            "happy": 0.771327972412,
            "not_happy": 0.228672012687
        },
        "probability": 0.771327972412,
        "value": "happy"
    },
    "mood_party": {
        "all": {
            "not_party": 0.287574470043,
            "party": 0.712425529957
        },
        "probability": 0.712425529957,
        "value": "party"
    },
    "mood_relaxed": {
        "all": {
            "not_relaxed": 0.96165651083,
            "relaxed": 0.0383434742689
        },
        "probability": 0.96165651083,
        "value": "not_relaxed"
    },
    "mood_sad": {
        "all": {
            "not_sad": 0.952974438667,
            "sad": 0.047025565058
        },
        "probability": 0.952974438667,
        "value": "not_sad"
    },
    "moods_mirex": {
        "all": {
            "Cluster1": 0.215690761805,
            "Cluster2": 0.0133516872302,
            "Cluster3": 0.0298860389739,
            "Cluster4": 0.0433526970446,
            "Cluster5": 0.697718799114
        },
        "probability": 0.697718799114,
        "value": "Cluster5"
    },
    "timbre": {
        "all": {
            "bright": 0.144046321511,
            "dark": 0.85595369339
        },
        "probability": 0.85595369339,
        "value": "dark"
    },
    "tonal_atonal": {
        "all": {
            "atonal": 0.0275129564106,
            "tonal": 0.972487032413
        },
        "probability": 0.972487032413,
        "value": "tonal"
    },
    "voice_instrumental": {
        "all": {
            "instrumental": 0.000237948770518,
            "voice": 0.999762058258
        },
        "probability": 0.999762058258,
        "value": "voice"
    }
},
"lowlevel": {
    "average_loudness": 0.982911944389,
    "barkbands_crest": {
        "dmean": 2.60767412186,
        "dmean2": 4.26693725586,
        "dvar": 5.32295751572,
        "dvar2": 13.386177063,
        "max": 21.1061458588,
        "mean": 8.77153205872,
        "median": 8.26169300079,
        "min": 3.07263970375,
        "var": 11.3370056152
    },
    "barkbands_flatness_db": {
        "dmean": 0.0168306622654,
        "dmean2": 0.0275077410042,
        "dvar": 0.000238605862251,
        "dvar2": 0.000570459000301,
        "max": 0.20408347249,
        "mean": 0.107438445091,
        "median": 0.104657933116,
        "min": 0.0460749678314,
        "var": 0.00073980318848
    },
    "barkbands_kurtosis": {
        "dmean": 1.03691852093,
        "dmean2": 1.73110210896,
        "dvar": 1.97062730789,
        "dvar2": 5.36314058304,
        "max": 14.4609622955,
        "mean": 0.194489523768,
        "median": -0.198774576187,
        "min": -1.72512567043,
        "var": 2.21136569977
    },
    "barkbands_skewness": {
        "dmean": 0.422996252775,
        "dmean2": 0.676439881325,
        "dvar": 0.166596740484,
        "dvar2": 0.439928263426,
        "max": 3.77578949928,
        "mean": 0.861228168011,
        "median": 0.781153321266,
        "min": -1.15213143826,
        "var": 0.380684316158
    },
    "barkbands_spread": {
        "dmean": 5.03780794144,
        "dmean2": 7.98172664642,
        "dvar": 23.8807640076,
        "dvar2": 59.0142822266,
        "max": 70.6468582153,
        "mean": 30.6325111389,
        "median": 29.7117652893,
        "min": 12.0075521469,
        "var": 69.6355133057
    },
    "dissonance": {
        "dmean": 0.0131376935169,
        "dmean2": 0.0224026534706,
        "dvar": 0.000162183365319,
        "dvar2": 0.000454655877547,
        "max": 0.499999880791,
        "mean": 0.478417336941,
        "median": 0.4831122756,
        "min": 0.411174833775,
        "var": 0.000276660226518
    },
    "dynamic_complexity": 1.0608959198,
    "erbbands_crest": {
        "dmean": 2.52580428123,
        "dmean2": 4.12231302261,
        "dvar": 5.59044408798,
        "dvar2": 14.8241930008,
        "max": 25.5374469757,
        "mean": 8.97445869446,
        "median": 7.82985591888,
        "min": 3.07299017906,
        "var": 17.138999939
    },
    "erbbands_flatness_db": {
        "dmean": 0.0126555180177,
        "dmean2": 0.0196178406477,
        "dvar": 0.000134818343213,
        "dvar2": 0.000331178540364,
        "max": 0.250470519066,
        "mean": 0.146388709545,
        "median": 0.144339159131,
        "min": 0.0728874206543,
        "var": 0.000728273880668
    },
    "erbbands_kurtosis": {
        "dmean": 0.793321847916,
        "dmean2": 1.28103542328,
        "dvar": 0.738163888454,
        "dvar2": 1.94539868832,
        "max": 10.7945404053,
        "mean": 0.794115126133,
        "median": 0.373891115189,
        "min": -1.33370244503,
        "var": 2.33347940445
    },
    "erbbands_skewness": {
        "dmean": 0.297939896584,
        "dmean2": 0.463389724493,
        "dvar": 0.0641295090318,
        "dvar2": 0.157413378358,
        "max": 2.13480782509,
        "mean": -0.0405642539263,
        "median": -0.0264412090182,
        "min": -1.95190823078,
        "var": 0.406597942114
    },
    "erbbands_spread": {
        "dmean": 6.00340032578,
        "dmean2": 9.70538234711,
        "dvar": 38.2672615051,
        "dvar2": 96.7874755859,
        "max": 82.8130493164,
        "mean": 29.8768577576,
        "median": 28.2993297577,
        "min": 5.46496868134,
        "var": 122.51134491
    },
    "hfc": {
        "dmean": 5.91012954712,
        "dmean2": 8.88641357422,
        "dvar": 31.8138370514,
        "dvar2": 73.9949874878,
        "max": 78.753036499,
        "mean": 37.9189186096,
        "median": 37.4594421387,
        "min": 7.36137914658,
        "var": 151.178955078
    },
    "melbands_crest": {
        "dmean": 3.66567516327,
        "dmean2": 5.82851362228,
        "dvar": 8.86123275757,
        "dvar2": 20.7068653107,
        "max": 31.8928604126,
        "mean": 14.4073114395,
        "median": 13.4675998688,
        "min": 4.73227214813,
        "var": 27.8482704163
    },
    "melbands_flatness_db": {
        "dmean": 0.0230812635273,
        "dmean2": 0.0371019244194,
        "dvar": 0.000488480553031,
        "dvar2": 0.00116586347576,
        "max": 0.288464814425,
        "mean": 0.159929320216,
        "median": 0.157477289438,
        "min": 0.0670091286302,
        "var": 0.00140354072209
    },
    "melbands_kurtosis": {
        "dmean": 3.47992444038,
        "dmean2": 5.79527187347,
        "dvar": 25.8190307617,
        "dvar2": 70.3368453979,
        "max": 58.330078125,
        "mean": 4.6169219017,
        "median": 2.94124794006,
        "min": -1.67339837551,
        "var": 31.0504512787
    },
    "melbands_skewness": {
        "dmean": 0.639998793602,
        "dmean2": 1.02285087109,
        "dvar": 0.430205494165,
        "dvar2": 1.12911581993,
        "max": 6.94426822662,
        "mean": 1.89066898823,
        "median": 1.78055679798,
        "min": -0.658339977264,
        "var": 1.00124907494
    },
    "melbands_spread": {
        "dmean": 7.91595220566,
        "dmean2": 12.6326494217,
        "dvar": 48.5457801819,
        "dvar2": 127.255226135,
        "max": 69.029800415,
        "mean": 33.0812644958,
        "median": 33.3121833801,
        "min": 6.16621828079,
        "var": 110.060783386
    },
    "pitch_salience": {
        "dmean": 0.0674991607666,
        "dmean2": 0.112275213003,
        "dvar": 0.00411439687014,
        "dvar2": 0.0105658955872,
        "max": 0.79781383276,
        "mean": 0.535826027393,
        "median": 0.538769721985,
        "min": 0.209649726748,
        "var": 0.00906244944781
    },
    "silence_rate_20dB": {
        "dmean": 0,
        "dmean2": 0,
        "dvar": 0,
        "dvar2": 0,
        "max": 1,
        "mean": 1,
        "median": 1,
        "min": 1,
        "var": 0
    },
    "silence_rate_30dB": {
        "dmean": 0,
        "dmean2": 0,
        "dvar": 0,
        "dvar2": 0,
        "max": 1,
        "mean": 1,
        "median": 1,
        "min": 1,
        "var": 0
    },
    "silence_rate_60dB": {
        "dmean": 0,
        "dmean2": 0,
        "dvar": 0,
        "dvar2": 0,
        "max": 0,
        "mean": 0,
        "median": 0,
        "min": 0,
        "var": 0
    },
    "spectral_centroid": {
        "dmean": 197.798919678,
        "dmean2": 316.324737549,
        "dvar": 32010.6933594,
        "dvar2": 79632.734375,
        "max": 2759.95263672,
        "mean": 1657.42687988,
        "median": 1629.6081543,
        "min": 723.447998047,
        "var": 90963.6484375
    },
    "spectral_complexity": {
        "dmean": 3.77554178238,
        "dmean2": 6.06041812897,
        "dvar": 8.73447990417,
        "dvar2": 20.6965255737,
        "max": 52,
        "mean": 33.3093566895,
        "median": 33,
        "min": 15,
        "var": 28.8880329132
    },
    "spectral_decrease": {
        "dmean": 3.03878788799e-09,
        "dmean2": 4.94441421139e-09,
        "dvar": 8.59071485735e-18,
        "dvar2": 2.3680356177e-17,
        "max": -3.07059799809e-09,
        "mean": -1.13523359602e-08,
        "median": -1.08921049957e-08,
        "min": -2.76492908569e-08,
        "var": 1.25417397445e-17
    },
    "spectral_energy": {
        "dmean": 0.01166369766,
        "dmean2": 0.0189257264137,
        "dvar": 0.000123600111692,
        "dvar2": 0.00034208415309,
        "max": 0.106853805482,
        "mean": 0.0462856516242,
        "median": 0.0444890893996,
        "min": 0.0122568476945,
        "var": 0.000186213670531
    },
    "spectral_energyband_high": {
        "dmean": 0.000308526738081,
        "dmean2": 0.000451641652035,
        "dvar": 2.20375170557e-07,
        "dvar2": 4.62759146558e-07,
        "max": 0.00833938550204,
        "mean": 0.00118174846284,
        "median": 0.000845088448841,
        "min": 0.000124129568576,
        "var": 9.20219292766e-07
    },
    "spectral_energyband_low": {
        "dmean": 0.00914706196636,
        "dmean2": 0.014867240563,
        "dvar": 0.000125599937746,
        "dvar2": 0.000336042343406,
        "max": 0.0956670567393,
        "mean": 0.0193530414253,
        "median": 0.0160589702427,
        "min": 0.00146938487887,
        "var": 0.00017384608509
    },
    "spectral_energyband_middle_high": {
        "dmean": 0.00321823637933,
        "dmean2": 0.0050847819075,
        "dvar": 1.21568937175e-05,
        "dvar2": 3.23374370055e-05,
        "max": 0.0504400320351,
        "mean": 0.0140376342461,
        "median": 0.0118105635047,
        "min": 0.00279669859447,
        "var": 5.70718912059e-05
    },
    "spectral_energyband_middle_low": {
        "dmean": 0.00562225980684,
        "dmean2": 0.00911864638329,
        "dvar": 5.86737842241e-05,
        "dvar2": 0.000155836562044,
        "max": 0.0620717257261,
        "mean": 0.0135192060843,
        "median": 0.0111793382093,
        "min": 0.00183503190055,
        "var": 8.18332337076e-05
    },
    "spectral_entropy": {
        "dmean": 0.0822435095906,
        "dmean2": 0.128211989999,
        "dvar": 0.00547073222697,
        "dvar2": 0.0118619380519,
        "max": 8.41725254059,
        "mean": 7.82790756226,
        "median": 7.82476568222,
        "min": 7.26884460449,
        "var": 0.0306484997272
    },
    "spectral_flux": {
        "dmean": 0.0268455576152,
        "dmean2": 0.041855353862,
        "dvar": 0.000670573615935,
        "dvar2": 0.00147019093856,
        "max": 0.25341001153,
        "mean": 0.112071357667,
        "median": 0.103058189154,
        "min": 0.0495701096952,
        "var": 0.00123595725745
    },
    "spectral_kurtosis": {
        "dmean": 0.936643898487,
        "dmean2": 1.58253383636,
        "dvar": 0.77910721302,
        "dvar2": 2.05675768852,
        "max": 12.7620477676,
        "mean": 3.9935696125,
        "median": 3.8534579277,
        "min": 0.214706897736,
        "var": 2.27921557426
    },
    "spectral_rms": {
        "dmean": 0.000828968302812,
        "dmean2": 0.00132859975565,
        "dvar": 5.53296899852e-07,
        "dvar2": 1.52442612489e-06,
        "max": 0.0102101722732,
        "mean": 0.00664812419564,
        "median": 0.00658817030489,
        "min": 0.00345801957883,
        "var": 9.59227804742e-07
    },
    "spectral_rolloff": {
        "dmean": 421.047119141,
        "dmean2": 719.220214844,
        "dvar": 251786.203125,
        "dvar2": 655651.4375,
        "max": 5404.83398438,
        "mean": 1670.07971191,
        "median": 1593.45703125,
        "min": 107.666015625,
        "var": 409234.46875
    },
    "spectral_skewness": {
        "dmean": 0.132294774055,
        "dmean2": 0.218778833747,
        "dvar": 0.0140518983826,
        "dvar2": 0.0337085239589,
        "max": 3.12163376808,
        "mean": 1.4945524931,
        "median": 1.49845683575,
        "min": 0.679284930229,
        "var": 0.054155420512
    },
    "spectral_spread": {
        "dmean": 312965.09375,
        "dmean2": 488989.6875,
        "dvar": 135241097216,
        "dvar2": 256000147456,
        "max": 9088145,
        "mean": 4238942.5,
        "median": 4120650.75,
        "min": 2326321.5,
        "var": 685239894016
    },
    "spectral_strongpeak": {
        "dmean": 0.757793962955,
        "dmean2": 1.33551299572,
        "dvar": 1.82624351978,
        "dvar2": 4.67954397202,
        "max": 17.3109798431,
        "mean": 1.10871040821,
        "median": 0.341773420572,
        "min": 0,
        "var": 2.9316868782
    },
    "zerocrossingrate": {
        "dmean": 0.00794855318964,
        "dmean2": 0.010207763873,
        "dvar": 4.80782800878e-05,
        "dvar2": 6.79813238094e-05,
        "max": 0.1572265625,
        "mean": 0.0636295080185,
        "median": 0.060546875,
        "min": 0.0166015625,
        "var": 0.000341107806889
    },
    "barkbands": {
        "dmean": [0.000926748965867, 0.00664908066392, 0.00318769179285, 0.00198335573077, 0.00256100296974, 0.000630631693639, 0.000650349713396, 0.00134217645973, 0.00130277639255, 0.00122079264838, 0.000542564142961, 0.00113296927884, 0.000752673891839, 0.000756779743824, 0.00077580526704, 0.000543548783753, 0.000801603950094, 0.00024503149325, 0.000227425261983, 0.000125319231302, 9.21910832403e-05, 0.000109952852654, 7.54045904614e-05, 5.09885539941e-05, 4.36719310528e-05, 1.7571141143e-05, 3.60818326328e-08],
        "dmean2": [0.00120471452828, 0.0108640212566, 0.00564595684409, 0.0034714366775, 0.00431561749429, 0.00106437935028, 0.00100862572435, 0.00198805239052, 0.00207036337815, 0.0019765261095, 0.000830199453048, 0.00189556123223, 0.00121292541735, 0.00124480866361, 0.00127941451501, 0.000887586385943, 0.00130251713563, 0.000409324216889, 0.000377559103072, 0.000205752017791, 0.0001446325914, 0.00017409438442, 0.000118172443763, 8.10869241832e-05, 6.601845962e-05, 2.74145349977e-05, 6.3868384359e-08],
        "dvar": [1.34087918013e-06, 6.9039320806e-05, 3.4020653402e-05, 8.63102741278e-06, 2.94567289529e-05, 1.02752744624e-06, 1.43973443301e-06, 5.48507659914e-06, 4.16690045313e-06, 5.61743945582e-06, 1.52893130689e-06, 4.27023542215e-06, 1.64827099525e-06, 2.70820851256e-06, 7.42379938856e-07, 3.3641367736e-07, 6.47706201562e-07, 5.95507287926e-08, 6.5702593588e-08, 1.85589783541e-08, 1.16754126367e-08, 2.40813271546e-08, 2.27810410536e-08, 8.33257551847e-09, 4.83207163171e-09, 1.42168443684e-09, 8.11725479991e-15],
        "dvar2": [2.13481735045e-06, 0.000181369832717, 9.3435679446e-05, 2.51679248322e-05, 7.79291513027e-05, 2.53876078204e-06, 3.32597574015e-06, 1.1986422578e-05, 9.47554599406e-06, 1.56411097123e-05, 2.76713763014e-06, 1.18389252748e-05, 3.90951163354e-06, 6.75021283314e-06, 1.80323422683e-06, 8.78654361713e-07, 1.58521345384e-06, 1.54874854275e-07, 1.57930912792e-07, 4.5689962036e-08, 2.71760995929e-08, 5.8458869745e-08, 5.74517180496e-08, 1.97374436794e-08, 9.62096091683e-09, 3.58964991065e-09, 1.98417417072e-14],
        "max": [0.0114805623889, 0.0739160627127, 0.0416881218553, 0.0266228727996, 0.0389256253839, 0.0147376656532, 0.0203682724386, 0.0310414936393, 0.0286674760282, 0.0319834388793, 0.0284987352788, 0.0278947036713, 0.0173289142549, 0.0275562312454, 0.0108940526843, 0.00698332581669, 0.00923503469676, 0.00300158257596, 0.00508075905964, 0.00184925214853, 0.001230145921, 0.0023951891344, 0.00347449956462, 0.00178010505624, 0.00106843444519, 0.000500811438542, 1.55111843014e-06],
        "mean": [0.00177441968117, 0.0121006332338, 0.00378636317328, 0.00297054788098, 0.00307683763094, 0.00109101901762, 0.00117547379341, 0.00257032620721, 0.00238043931313, 0.00228747050278, 0.00100669870153, 0.00208200886846, 0.00166790687945, 0.00140157225542, 0.00154929375276, 0.00114556553308, 0.00173830077983, 0.000539145374205, 0.000563771405723, 0.000324198510498, 0.00025272698258, 0.00029530323809, 0.000201651841053, 0.000148874474689, 0.000117988434795, 3.71368696506e-05, 2.85836669889e-08],
        "median": [0.00092806603061, 0.00910529773682, 0.00212505855598, 0.00197564787231, 0.00145871250425, 0.000746007135604, 0.000629275338724, 0.00118709832896, 0.00116660189815, 0.000719749892596, 0.000450670573628, 0.00094922905555, 0.000718823634088, 0.000676592171658, 0.00117991119623, 0.000914347183425, 0.00136653962545, 0.000451223342679, 0.00044053903548, 0.000265881448286, 0.000192520790733, 0.000207452889299, 0.000124978279928, 0.000101818644907, 6.6831613367e-05, 1.86736815522e-05, 5.11086550858e-09],
        "min": [2.06696086025e-06, 2.12630875467e-05, 4.57330461359e-05, 3.02474836644e-05, 8.72568853083e-05, 2.96780162898e-05, 3.07425580104e-05, 3.24632346747e-05, 2.6617975891e-05, 2.3010019504e-05, 3.54984003934e-05, 7.14344132575e-05, 6.04082633799e-05, 6.29081259831e-05, 0.000105266088212, 0.000119726966659, 0.000193675092305, 7.21968172002e-05, 7.92176360846e-05, 3.9817277866e-05, 1.87204223039e-05, 1.58246220963e-05, 8.99202768778e-06, 2.72217971542e-06, 2.99271687254e-06, 1.58348232304e-08, 7.07646614917e-12],
        "var": [4.44739316663e-06, 0.00010469208064, 2.65766266239e-05, 9.62677768257e-06, 2.60525630438e-05, 1.50591483816e-06, 3.15232909998e-06, 1.5381103367e-05, 1.07835458039e-05, 1.59937681019e-05, 4.74350781587e-06, 9.98942687147e-06, 6.87250894771e-06, 6.23449386694e-06, 1.64061259511e-06, 7.91403522271e-07, 1.60115075687e-06, 1.14673298413e-07, 2.2775719799e-07, 4.39957688059e-08, 3.59196015154e-08, 7.25627842257e-08, 5.54033263711e-08, 2.51486955705e-08, 1.9136150442e-08, 2.4157418288e-09, 6.39154629559e-15]
    },
    "erbbands": {
        "dmean": [0.246301591396, 1.45961308479, 3.70920205116, 4.64812088013, 10.0484352112, 6.62054204941, 5.38164377213, 5.18625593185, 8.93205451965, 10.3830661774, 35.644618988, 32.774269104, 19.5629920959, 48.3407554626, 24.7892017365, 44.3571357727, 32.0084037781, 40.5023994446, 35.9459037781, 31.7034854889, 35.9856185913, 31.5266990662, 14.6129713058, 9.01404094696, 10.6221218109, 5.72311115265, 3.66516447067, 3.7271270752, 3.93234086037, 3.4314699173, 2.14834570885, 1.26626813412, 0.827622532845, 0.644727289677, 0.254909038544, 0.0858060121536, 0.0352362133563, 0.0037453090772, 6.59865036141e-05, 1.34936708491e-05],
        "dmean2": [0.372771471739, 2.40426683426, 6.58586406708, 7.97217750549, 17.0073776245, 11.4646186829, 8.68963432312, 8.96112346649, 13.8544244766, 16.2642612457, 52.6693649292, 51.2583770752, 31.5857620239, 77.5364608765, 39.5817718506, 73.4871444702, 52.7729949951, 67.0076141357, 60.0875663757, 51.6439399719, 58.7398376465, 51.8183135986, 24.245891571, 14.7179965973, 17.6610412598, 9.4705953598, 5.68105268478, 5.99659776688, 6.22567510605, 5.41276073456, 3.4519329071, 2.01210832596, 1.32903289795, 0.980283915997, 0.392683714628, 0.136939942837, 0.0558631420135, 0.00611460069194, 0.000104669103166, 2.16304288188e-05],
        "dvar": [0.0759081915021, 4.5956993103, 48.3810691833, 34.9147109985, 488.732971191, 179.058166504, 106.298233032, 72.7739486694, 261.313842773, 269.293212891, 3880.43237305, 3098.04272461, 1177.30175781, 9845.72070312, 1668.16015625, 7516.48779297, 2585.26538086, 8630.23925781, 1608.58435059, 1636.51989746, 1213.12878418, 1139.51525879, 207.893768311, 86.0373382568, 174.565109253, 37.9540863037, 18.3002605438, 22.3244400024, 24.8298721313, 41.9020805359, 17.2869110107, 5.60124015808, 1.93336963654, 1.01515626907, 0.185362488031, 0.0300012174994, 0.0057823243551, 8.4711740783e-05, 2.3092846746e-08, 1.65990624024e-10],
        "dvar2": [0.169482603669, 11.7580442429, 132.89616394, 96.7092514038, 1304.75073242, 493.994140625, 236.445373535, 188.859680176, 586.749389648, 657.575378418, 8740.52148438, 6970.15576172, 2871.65698242, 27698.5429688, 3760.64086914, 20012.9414062, 6785.05908203, 22207.2167969, 4103.51269531, 4090.40429688, 3340.57055664, 2890.57104492, 534.534545898, 214.49571228, 423.250976562, 93.0781707764, 41.5256690979, 53.8202896118, 58.5367927551, 106.713531494, 44.1277885437, 12.8527956009, 4.51925516129, 2.08759593964, 0.381935119629, 0.0743147283792, 0.0142109040171, 0.000228596923989, 6.03655010423e-08, 4.45914083436e-10],
        "max": [2.68970513344, 18.4183597565, 48.4482154846, 47.1409111023, 154.414901733, 126.351066589, 276.285888672, 101.42162323, 285.195037842, 245.213317871, 779.140808105, 839.228210449, 578.672119141, 1372.17077637, 797.533447266, 1413.37609863, 933.93371582, 1613.6484375, 426.594482422, 642.719665527, 400.452331543, 577.015197754, 170.934616089, 153.916244507, 283.462188721, 67.7074356079, 49.4459114075, 54.2878189087, 69.2512435913, 133.455963135, 77.5186004639, 46.9669380188, 25.4987125397, 16.1129970551, 6.729139328, 2.80745172501, 0.888879001141, 0.117447182536, 0.00202075438574, 0.000151071188156],
        "mean": [0.467762500048, 2.2228307724, 4.61182928085, 7.98480844498, 10.8832178116, 8.70584392548, 9.7855091095, 7.71348333359, 16.1336727142, 19.7563076019, 69.6531829834, 62.5341339111, 40.0088119507, 91.4136276245, 52.5215759277, 85.5222320557, 73.2693252563, 92.6241531372, 71.6870498657, 69.8521881104, 86.4689331055, 78.226348877, 35.9113006592, 23.4205112457, 27.2654037476, 15.4308595657, 9.99408054352, 10.0689163208, 10.358341217, 8.86782073975, 5.56792449951, 3.44572305679, 2.29510402679, 1.69920706749, 0.650601506233, 0.189749881625, 0.0678934827447, 0.00590458698571, 0.000143359866343, 6.27738481853e-05],
        "median": [0.320760130882, 1.4746055603, 2.74725985527, 5.87873077393, 4.90878343582, 4.4549331665, 6.46364021301, 4.73019933701, 8.99762248993, 12.8196763992, 34.2965812683, 33.442111969, 21.6774654388, 28.0095710754, 33.4425392151, 42.3019714355, 40.7202835083, 39.9925994873, 57.508228302, 51.0644874573, 73.4491348267, 64.218788147, 30.9779720306, 18.7881183624, 21.973279953, 12.6206541061, 7.65164899826, 7.33080053329, 7.23057985306, 5.69462251663, 3.46596121788, 2.2472076416, 1.52152705193, 0.995932281017, 0.344566136599, 0.109860099852, 0.0297242123634, 0.00213547190651, 7.65359363868e-05, 6.11015202594e-05],
        "min": [0.00102984532714, 0.027772333473, 0.219478309155, 0.240789487958, 0.119618177414, 0.225626662374, 0.195551455021, 0.257522732019, 0.625246286392, 0.630526065826, 1.00017499924, 1.74194014072, 2.11491179466, 2.23283481598, 2.60342860222, 5.8616309166, 3.80525016785, 3.45388627052, 4.71121644974, 7.55684280396, 11.5387935638, 12.3913316727, 5.23561525345, 3.93383789062, 3.3936958313, 1.4892873764, 0.791103124619, 0.809737026691, 0.613518953323, 0.421001374722, 0.252412885427, 0.109306745231, 0.0554216019809, 0.0422826856375, 0.0125118242577, 0.00116041745059, 0.000153129236423, 9.4367096608e-06, 1.51140302478e-05, 1.80298648047e-05],
        "var": [0.192217335105, 5.22882223129, 36.6777839661, 49.3641815186, 404.090820312, 171.723617554, 164.575149536, 100.191757202, 559.174377441, 487.48147583, 10354.2587891, 7962.53515625, 3024.79443359, 26023.5664062, 4712.19775391, 19006.8085938, 8145.23681641, 31317.8320312, 3122.12304688, 3805.34179688, 2891.83203125, 2931.62866211, 431.839508057, 299.038726807, 498.667449951, 90.277130127, 53.1203155518, 64.2357559204, 81.6817321777, 100.598136902, 40.7805404663, 15.5198049545, 6.26356077194, 3.92323827744, 0.58909791708, 0.0498294681311, 0.0101207857952, 0.000116054310638, 3.60112260012e-08, 3.06187547539e-10]
    },
    "gfcc": {
        "mean": [67.7654266357, 87.9238586426, -131.759124756, 39.3148078918, -48.2330665588, 31.6168708801, -35.682975769, 19.5524940491, -17.4214496613, 4.23476648331, -19.3967189789, 0.339332163334, -11.8191957474],
        "cov": [[410.881439209, -275.311737061, 90.2184143066, -51.0543556213, -120.310997009, 13.2208147049, -69.0565032959, -21.1697044373, -82.7938766479, 2.91455936432, -88.6690216064, 7.81080675125, -59.8273506165], [-275.311737061, 366.211517334, -112.779838562, 15.1425628662, 73.1527404785, -35.4476966858, 73.6812362671, -1.35756468773, 61.2423019409, -23.0725574493, 82.5588989258, -32.7163085938, 62.3611907959], [90.2184143066, -112.779838562, 171.679946899, 41.2157516479, 5.60158109665, -20.4249515533, -67.547088623, 9.43574142456, -17.6365222931, 11.1525382996, -42.0653800964, 28.6642131805, -29.078792572], [-51.0543556213, 15.1425628662, 41.2157516479, 151.754867554, 25.2106285095, -46.3503570557, -47.5138816833, -9.04818820953, 26.9397106171, -7.47837972641, 16.5144081116, -6.85746192932, 25.113407135], [-120.310997009, 73.1527404785, 5.60158109665, 25.2106285095, 194.427597046, 16.9952888489, 32.9577674866, 27.6803035736, 24.8526382446, 16.8654098511, 4.7720656395, 21.9469451904, 10.5488653183], [13.2208147049, -35.4476966858, -20.4249515533, -46.3503570557, 16.9952888489, 118.107841492, 85.2551345825, 10.5258369446, -8.68196678162, 0.808265805244, 11.0584211349, 7.43759584427, 2.68931007385], [-69.0565032959, 73.6812362671, -67.547088623, -47.5138816833, 32.9577674866, 85.2551345825, 136.226989746, 25.9337081909, 17.6833209991, -0.898985803127, 39.4545326233, -0.0660013854504, 16.0088233948], [-21.1697044373, -1.35756468773, 9.43574142456, -9.04818820953, 27.6803035736, 10.5258369446, 25.9337081909, 83.2495956421, 48.5976066589, 11.1843986511, -5.30034160614, 5.32487726212, 5.90254306793], [-82.7938766479, 61.2423019409, -17.6365222931, 26.9397106171, 24.8526382446, -8.68196678162, 17.6833209991, 48.5976066589, 86.177154541, 24.6115589142, 24.1440963745, -8.68253898621, 19.5588817596], [2.91455936432, -23.0725574493, 11.1525382996, -7.47837972641, 16.8654098511, 0.808265805244, -0.898985803127, 11.1843986511, 24.6115589142, 54.0022926331, 16.000787735, 6.42803287506, -11.5015716553], [-88.6690216064, 82.5588989258, -42.0653800964, 16.5144081116, 4.7720656395, 11.0584211349, 39.4545326233, -5.30034160614, 24.1440963745, 16.000787735, 76.9619445801, 9.69010162354, 23.0886878967], [7.81080675125, -32.7163085938, 28.6642131805, -6.85746192932, 21.9469451904, 7.43759584427, -0.0660013854504, 5.32487726212, -8.68253898621, 6.42803287506, 9.69010162354, 54.676574707, 9.80901050568], [-59.8273506165, 62.3611907959, -29.078792572, 25.113407135, 10.5488653183, 2.68931007385, 16.0088233948, 5.90254306793, 19.5588817596, -11.5015716553, 23.0886878967, 9.80901050568, 58.781124115]],
        "icov": [[0.00680655986071, 0.00284882774577, -0.000662343460135, 0.000419915013481, 0.00291181844659, -1.87100158655e-05, -0.000465796678327, -0.000294827215839, 0.00335126253776, -0.00252865371294, 0.00386515329592, 0.000160374023835, -0.00012176240125], [0.00284882774577, 0.0151652917266, -0.00388676649891, 0.0092653837055, -0.00682181073353, 0.0125213414431, -0.00673900311813, 0.00644541531801, -0.00693605747074, 0.0125871580094, -0.0139742819592, 0.0138261253014, -0.00927860848606], [-0.000662343460135, -0.00388676649891, 0.0139829581603, -0.00867013446987, 0.00288287946023, -0.00569762475789, 0.00521533051506, -0.00555474357679, 0.00455719092861, -0.00697119394317, 0.00953499786556, -0.0121284807101, 0.00834984425455], [0.000419915013481, 0.0092653837055, -0.00867013446987, 0.0200883634388, -0.00821995642036, 0.00929500721395, 0.000454287714092, 0.00778971845284, -0.0107279419899, 0.0150913549587, -0.0173319615424, 0.0154612055048, -0.0113796051592], [0.00291181844659, -0.00682181073353, 0.00288287946023, -0.00821995642036, 0.0126903587952, -0.00680807698518, 0.000143198951264, -0.00460423156619, 0.00599180581048, -0.0120414150879, 0.0142463762313, -0.0119290929288, 0.00564131792635], [-1.87100158655e-05, 0.0125213414431, -0.00569762475789, 0.00929500721395, -0.00680807698518, 0.0295263715088, -0.0195248536766, 0.00680102966726, -0.00398299703375, 0.00932048540562, -0.0110522182658, 0.0117117930204, -0.010051401332], [-0.000465796678327, -0.00673900311813, 0.00521533051506, 0.000454287714092, 0.000143198951264, -0.0195248536766, 0.0278009362519, -0.00886566191912, 0.00235998863354, 0.000287059228867, -0.00448775291443, -0.00286501087248, 0.00475937267765], [-0.000294827215839, 0.00644541531801, -0.00555474357679, 0.00778971845284, -0.00460423156619, 0.00680102966726, -0.00886566191912, 0.0289762858301, -0.0224247369915, 0.00924901571125, 2.87331222353e-05, 0.00199004495516, -0.0042660376057], [0.00335126253776, -0.00693605747074, 0.00455719092861, -0.0107279419899, 0.00599180581048, -0.00398299703375, 0.00235998863354, -0.0224247369915, 0.0391724929214, -0.0228625684977, 0.00652777962387, 2.58144809777e-05, -0.00175292405766], [-0.00252865371294, 0.0125871580094, -0.00697119394317, 0.0150913549587, -0.0120414150879, 0.00932048540562, 0.000287059228867, 0.00924901571125, -0.0228625684977, 0.0466259792447, -0.0277439597994, 0.0118095297366, 0.000561362248845], [0.00386515329592, -0.0139742819592, 0.00953499786556, -0.0173319615424, 0.0142463762313, -0.0110522182658, -0.00448775291443, 2.87331222353e-05, 0.00652777962387, -0.0277439597994, 0.049126394093, -0.0260634850711, 0.00750167947263], [0.000160374023835, 0.0138261253014, -0.0121284807101, 0.0154612055048, -0.0119290929288, 0.0117117930204, -0.00286501087248, 0.00199004495516, 2.58144809777e-05, 0.0118095297366, -0.0260634850711, 0.0446276441216, -0.0198325775564], [-0.00012176240125, -0.00927860848606, 0.00834984425455, -0.0113796051592, 0.00564131792635, -0.010051401332, 0.00475937267765, -0.0042660376057, -0.00175292405766, 0.000561362248845, 0.00750167947263, -0.0198325775564, 0.0353601686656]]
    },
    "melbands": {
        "dmean": [0.00194303889293, 0.0018442341825, 0.000925955770072, 0.000654952425975, 0.000182906500413, 0.000116809038445, 0.000138444374898, 0.000135887385113, 0.000294437224511, 0.000194024381926, 9.87595340121e-05, 0.000206465250812, 7.65832228353e-05, 0.000138411982334, 7.18336304999e-05, 8.00757261459e-05, 7.65754375607e-05, 5.52806086489e-05, 5.32826998096e-05, 3.62279788533e-05, 5.43585883861e-05, 4.48784485343e-05, 2.18524273805e-05, 9.53496510192e-06, 7.98373184807e-06, 1.06873549157e-05, 6.36626145933e-06, 3.70059046872e-06, 2.38868869928e-06, 2.81509778688e-06, 2.19008279601e-06, 2.27900659411e-06, 2.45134310717e-06, 1.8887076294e-06, 1.50161406509e-06, 1.02050580608e-06, 7.6839336316e-07, 6.34770401575e-07, 5.76472530156e-07, 6.37595519493e-07],
        "dmean2": [0.00307299941778, 0.00316392863169, 0.00158844317775, 0.00112263695337, 0.000297680089716, 0.000200425856747, 0.000214479048736, 0.000209008343518, 0.000434614776168, 0.000305882509565, 0.000158871087478, 0.000331597111654, 0.000117587696877, 0.000231376892771, 0.000117271905765, 0.0001317361166, 0.000127048901049, 9.22639519558e-05, 8.71511729201e-05, 5.99618761044e-05, 8.95208358997e-05, 7.38649832783e-05, 3.61572165275e-05, 1.62205851666e-05, 1.30868438646e-05, 1.81075229193e-05, 1.04816335806e-05, 6.09360768067e-06, 3.78634422304e-06, 4.5504634727e-06, 3.54409326064e-06, 3.62264995601e-06, 3.98657448386e-06, 2.96657503895e-06, 2.45423871092e-06, 1.61474883953e-06, 1.23681968489e-06, 1.03928903172e-06, 8.92042464784e-07, 9.81290327218e-07],
        "dvar": [4.86247836307e-06, 1.01275754787e-05, 1.87661191831e-06, 2.01982493309e-06, 1.06226742957e-07, 3.69401256251e-08, 6.1141435026e-08, 4.49360122445e-08, 2.47560848265e-07, 1.075105871e-07, 3.08921102032e-08, 1.77382389666e-07, 2.4561380485e-08, 6.28870395758e-08, 1.72616978489e-08, 2.28607532904e-08, 2.71079123593e-08, 4.14607326249e-09, 4.11302636394e-09, 2.03837990931e-09, 2.78837908319e-09, 2.37563790861e-09, 5.26215182539e-10, 8.57028267798e-11, 7.04742583735e-11, 1.69072950085e-10, 5.24665970392e-11, 1.6267664299e-11, 7.82806718752e-12, 1.17113731907e-11, 7.76370460975e-12, 7.08090747495e-12, 1.57583703031e-11, 1.26388205457e-11, 7.57197429757e-12, 3.6676681657e-12, 2.00070992759e-12, 1.18146421466e-12, 7.29138049851e-13, 1.01061151635e-12],
        "dvar2": [1.21554603538e-05, 2.70345699391e-05, 5.2225213949e-06, 5.43049463886e-06, 2.45369875529e-07, 9.57240189337e-08, 1.38805191341e-07, 1.01031986333e-07, 5.72986550651e-07, 2.4469619575e-07, 7.4900064817e-08, 4.99640520957e-07, 4.64910208109e-08, 1.78901586878e-07, 4.44462564531e-08, 5.86560524596e-08, 6.90560639782e-08, 1.08352011807e-08, 9.32860988456e-09, 5.14616660396e-09, 7.44213535242e-09, 6.02428773533e-09, 1.34221489478e-09, 2.3159676954e-10, 1.7901292948e-10, 4.27731794428e-10, 1.31644542489e-10, 4.10688844044e-11, 1.85043664419e-11, 2.82594486006e-11, 1.94405463949e-11, 1.69157639285e-11, 4.03026674534e-11, 3.25328895767e-11, 1.99061496453e-11, 8.51584601447e-12, 4.77900921961e-12, 2.92389962069e-12, 1.63304135839e-12, 2.10951568713e-12],
        "max": [0.017731577158, 0.0227848012, 0.0121292043477, 0.0101189194247, 0.00842779688537, 0.00241470336914, 0.00450538657606, 0.00319392723031, 0.00587611226365, 0.00457817828283, 0.00289891497232, 0.00560966692865, 0.0038602843415, 0.00278993672691, 0.00228299829178, 0.00243518780917, 0.00278167356737, 0.000624823209364, 0.000980614451692, 0.000711642787792, 0.000515893043485, 0.000809715362266, 0.000282687251456, 0.000106087609311, 0.000140933174407, 0.000244342751103, 0.000104630009446, 4.27162776759e-05, 2.70362961601e-05, 4.15804024669e-05, 3.69810077245e-05, 3.29773611156e-05, 7.47296362533e-05, 7.79190231697e-05, 4.69108272227e-05, 3.59442565241e-05, 2.83314657281e-05, 1.78375230462e-05, 1.76369067049e-05, 1.68495698745e-05],
        "mean": [0.00376594485715, 0.00261664972641, 0.00145353237167, 0.000737557711545, 0.000327453686623, 0.000179098075023, 0.000251332123298, 0.000257721345406, 0.000578647886869, 0.000356421311153, 0.00018978958542, 0.000381111894967, 0.000152779030032, 0.00025360629661, 0.000143263445352, 0.000190303559066, 0.000161450996529, 0.000100852790638, 0.000109808745037, 7.36880101613e-05, 0.000119643176731, 9.78108728305e-05, 4.51901141787e-05, 2.07277880691e-05, 1.78828995558e-05, 2.42181758949e-05, 1.49296602103e-05, 8.88589875103e-06, 5.62532250115e-06, 6.84097767589e-06, 5.2618834161e-06, 5.60973649044e-06, 5.85139650866e-06, 4.51982577943e-06, 3.37902019965e-06, 2.52646236731e-06, 1.89105026038e-06, 1.55342252128e-06, 1.48885305862e-06, 1.47910964188e-06],
        "median": [0.00280031771399, 0.00180525449105, 0.00100151100196, 0.000333508622134, 0.000213865365367, 0.000114253445645, 0.000140832737088, 0.000157524889801, 0.000303316366626, 0.000173834705492, 9.14931879379e-05, 0.000111023298814, 8.35373648442e-05, 0.000116117706057, 8.16195752122e-05, 7.38023081794e-05, 6.65390762151e-05, 7.74099316914e-05, 8.15509120002e-05, 5.3857693274e-05, 0.000101089462987, 7.68040481489e-05, 3.65025662177e-05, 1.79035396286e-05, 1.41169311973e-05, 1.82283692993e-05, 1.18227899293e-05, 7.01950875737e-06, 4.03204239774e-06, 5.10976769874e-06, 3.66207723346e-06, 3.99481405111e-06, 3.83958922612e-06, 2.69771089734e-06, 2.00479075829e-06, 1.59432318014e-06, 1.22138624192e-06, 9.81404127742e-07, 9.56486132964e-07, 7.88738191204e-07],
        "min": [4.33815239376e-06, 8.16446045064e-05, 3.79178345611e-05, 1.07987516458e-05, 1.01842797449e-05, 5.4517040553e-06, 5.93531558479e-06, 6.06496041655e-06, 9.56641451921e-06, 6.05560626354e-06, 6.51125628792e-06, 5.06605601913e-06, 7.26868438505e-06, 1.03853171822e-05, 1.22993787954e-05, 6.38863548375e-06, 4.63976630272e-06, 5.09118581249e-06, 7.71572194935e-06, 3.96538189307e-06, 8.16296687844e-06, 1.1829619325e-05, 4.36966365669e-06, 2.16001217268e-06, 1.84432246897e-06, 2.95771724268e-06, 1.64904145095e-06, 7.98134749402e-07, 5.04760578224e-07, 5.05803200213e-07, 3.93789861164e-07, 2.913068613e-07, 3.22761849247e-07, 1.90330808891e-07, 1.20740338616e-07, 9.1851099171e-08, 3.3928422738e-08, 2.39926727374e-08, 3.5720070457e-08, 2.39433859406e-08],
