{
"highlevel": {
    "danceability": {
        "all": {
            "danceable": 0.986170172691,
            "not_danceable": 0.0138298310339
        },
        "probability": 0.986170172691,
        "value": "danceable"
    },
    "gender": {
        "all": {
            "female": 0.15592251718,
            "male": 0.844077467918
        },
        "probability": 0.844077467918,
        "value": "male"
    },
    "genre_dortmund": {
        "all": {
            "alternative": 0.0503865070641,
            "blues": 0.0494856126606,
            "electronic": 0.169773846865,
            "folkcountry": 0.0735341832042,
            "funksoulrnb": 0.0226585716009,
            "jazz": 0.281944125891,
            "pop": 0.089214079082,
            "raphiphop": 0.225132912397,
            "rock": 0.0378701649606
        },
        "probability": 0.281944125891,
        "value": "jazz"
    },
    "genre_electronic": {
        "all": {
            "ambient": 0.406250625849,
            "dnb": 0.0366759411991,
            "house": 0.165510892868,
            "techno": 0.0190428085625,
            "trance": 0.372519731522
        },
        "probability": 0.406250625849,
        "value": "ambient"
    },
    "genre_rosamerica": {
        "all": {
            "cla": 0.0557412095368,
            "dan": 0.160930424929,
            "hip": 0.095482699573,
            "jaz": 0.0534308813512,
            "pop": 0.293641299009,
            "rhy": 0.224024623632,
            "roc": 0.0882031098008,
            "spe": 0.0285457540303
        },
        "probability": 0.293641299009,
        "value": "pop"
    },
    "genre_tzanetakis": {
        "all": {
            "blu": 0.07593434304,
            "cla": 0.0337142795324,
            "cou": 0.0606776997447,
            "dis": 0.0505694411695,
            "hip": 0.151736244559,
            "jaz": 0.303671628237,
            "met": 0.0607067197561,
            "pop": 0.060691729188,
            "reg": 0.0505727082491,
            "roc": 0.151725202799
        },
        "probability": 0.303671628237,
        "value": "jaz"
    },
    "ismir04_rhythm": {
        "all": {
            "ChaChaCha": 0.679106414318,
            "Jive": 0.22981159389,
            "Quickstep": 0.00301190069877,
            "Rumba-American": 0.0162659492344,
            "Rumba-International": 0.014003271237,
            "Rumba-Misc": 0.00976034533232,
            "Samba": 0.0239954330027,
            "Tango": 0.00315355672501,
            "VienneseWaltz": 0.018693709746,
            "Waltz": 0.00219781673513
        },
        "probability": 0.679106414318,
        "value": "ChaChaCha"
    },
    "mood_acoustic": {
        "all": {
            "acoustic": 0.299719542265,
            "not_acoustic": 0.700280427933
        },
        "probability": 0.700280427933,
        "value": "not_acoustic"
    },
    "mood_aggressive": {
        "all": {
            "aggressive": 0.0244216155261,
            "not_aggressive": 0.97557836771
        },
        "probability": 0.97557836771,
        "value": "not_aggressive"
    },
    "mood_electronic": {
        "all": {
            "electronic": 0.662951529026,
            "not_electronic": 0.337048441172
        },
        "probability": 0.662951529026,
        "value": "electronic"
    },
    "mood_happy": {
        "all": {
            "happy": 0.293720275164,
            "not_happy": 0.706279695034
        },
        "probability": 0.706279695034,
        "value": "not_happy"
    },
    "mood_party": {
        "all": {
            "not_party": 0.48994705081,
            "party": 0.510052919388
        },
        "probability": 0.510052919388,
        "value": "party"
    },
    "mood_relaxed": {
        "all": {
            "not_relaxed": 0.0581505745649,
            "relaxed": 0.941849410534
        },
        "probability": 0.941849410534,
        "value": "relaxed"
    },
    "mood_sad": {
        "all": {
            "not_sad": 0.628583848476,
            "sad": 0.371416181326
        },
        "probability": 0.628583848476,
        "value": "not_sad"
    },
    "moods_mirex": {
        "all": {
            "Cluster1": 0.220382556319,
            "Cluster2": 0.21789264679,
            "Cluster3": 0.161894097924,
            "Cluster4": 0.266005694866,
            "Cluster5": 0.133825004101
        },
        "probability": 0.266005694866,
        "value": "Cluster4"
    },
    "timbre": {
        "all": {
            "bright": 0.986532211304,
            "dark": 0.0134677626193
        },
        "probability": 0.986532211304,
        "value": "bright"
    },
    "tonal_atonal": {
        "all": {
            "atonal": 0.0531601235271,
            "tonal": 0.946839869022
        },
        "probability": 0.946839869022,
        "value": "tonal"
    },
    "voice_instrumental": {
        "all": {
            "instrumental": 0.847221791744,
            "voice": 0.152778208256
        },
        "probability": 0.847221791744,
        "value": "instrumental"
    }
},
"lowlevel": {
    "average_loudness": 0.938064455986,
    "barkbands_crest": {
        "dmean": 3.01344823837,
        "dmean2": 4.80436849594,
        "dvar": 8.81824588776,
        "dvar2": 20.9073925018,
        "max": 25.9478206635,
        "mean": 12.4782485962,
        "median": 11.9502124786,
        "min": 2.74368309975,
        "var": 28.2975673676
    },
    "barkbands_flatness_db": {
        "dmean": 0.0305090751499,
        "dmean2": 0.0453105084598,
        "dvar": 0.00110768270679,
        "dvar2": 0.00255382154137,
        "max": 0.414157301188,
        "mean": 0.175991028547,
        "median": 0.170025020838,
        "min": 0.0472761057317,
        "var": 0.00309638236649
    },
    "barkbands_kurtosis": {
        "dmean": 7.01678991318,
        "dmean2": 11.1168889999,
        "dvar": 312.798065186,
        "dvar2": 745.23651123,
        "max": 202.342071533,
        "mean": 8.56491661072,
        "median": 2.84355211258,
        "min": -1.76285684109,
        "var": 394.329833984
    },
    "barkbands_skewness": {
        "dmean": 0.824175357819,
        "dmean2": 1.23225462437,
        "dvar": 1.38891220093,
        "dvar2": 3.04838442802,
        "max": 12.7519016266,
        "mean": 2.04942154884,
        "median": 1.62790966034,
        "min": -1.78995072842,
        "var": 3.33165693283
    },
    "barkbands_spread": {
        "dmean": 6.52845048904,
        "dmean2": 10.1786937714,
        "dvar": 78.9041900635,
        "dvar2": 176.660491943,
        "max": 78.686920166,
        "mean": 18.0401878357,
        "median": 15.6044950485,
        "min": 0.695668041706,
        "var": 135.395202637
    },
    "dissonance": {
        "dmean": 0.0262530501932,
        "dmean2": 0.0437836386263,
        "dvar": 0.000674594950397,
        "dvar2": 0.00181218772195,
        "max": 0.499736636877,
        "mean": 0.448048651218,
        "median": 0.456118702888,
        "min": 0.266363292933,
        "var": 0.0013628967572
    },
    "dynamic_complexity": 2.56077623367,
    "erbbands_crest": {
        "dmean": 2.79905724525,
        "dmean2": 4.50110816956,
        "dvar": 6.64179801941,
        "dvar2": 17.1721248627,
        "max": 25.9215583801,
        "mean": 9.39527606964,
        "median": 8.76559066772,
        "min": 2.40127801895,
        "var": 14.9365816116
    },
    "erbbands_flatness_db": {
        "dmean": 0.0203711353242,
        "dmean2": 0.0271282736212,
        "dvar": 0.000387568259612,
        "dvar2": 0.000721499382053,
        "max": 0.408392161131,
        "mean": 0.16642048955,
        "median": 0.164432287216,
        "min": 0.0588502511382,
        "var": 0.00259311799891
    },
    "erbbands_kurtosis": {
        "dmean": 0.96105492115,
        "dmean2": 1.43545103073,
        "dvar": 1.5695912838,
        "dvar2": 3.53096556664,
        "max": 16.080373764,
        "mean": 0.547188878059,
        "median": 0.0452921390533,
        "min": -1.80625295639,
        "var": 3.49907922745
    },
    "erbbands_skewness": {
        "dmean": 0.40053537488,
        "dmean2": 0.604025065899,
        "dvar": 0.164065390825,
        "dvar2": 0.36025711894,
        "max": 2.90738916397,
        "mean": 0.420831561089,
        "median": 0.411275953054,
        "min": -2.00741076469,
        "var": 0.428311496973
    },
    "erbbands_spread": {
        "dmean": 12.2243728638,
        "dmean2": 17.2261142731,
        "dvar": 288.2862854,
        "dvar2": 612.786315918,
        "max": 177.960784912,
        "mean": 40.3495445251,
        "median": 33.7626419067,
        "min": 4.27810239792,
        "var": 712.859436035
    },
    "hfc": {
        "dmean": 9.22477912903,
        "dmean2": 12.9323883057,
        "dvar": 294.279846191,
        "dvar2": 703.576904297,
        "max": 156.937072754,
        "mean": 18.5306968689,
        "median": 12.9198074341,
        "min": 0.357097625732,
        "var": 368.54901123
    },
    "melbands_crest": {
        "dmean": 3.61183381081,
        "dmean2": 5.7741060257,
        "dvar": 13.7674674988,
        "dvar2": 32.958278656,
        "max": 36.1029090881,
        "mean": 17.2738761902,
        "median": 15.9048299789,
        "min": 4.12118577957,
        "var": 50.307598114
    },
    "melbands_flatness_db": {
        "dmean": 0.0378344729543,
        "dmean2": 0.0546605996788,
        "dvar": 0.00181438203435,
        "dvar2": 0.00423484575003,
        "max": 0.51383382082,
        "mean": 0.224221006036,
        "median": 0.220610097051,
        "min": 0.0288709122688,
        "var": 0.00687465677038
    },
    "melbands_kurtosis": {
        "dmean": 20.5797138214,
        "dmean2": 32.0121154785,
        "dvar": 3035.77856445,
        "dvar2": 6920.96533203,
        "max": 641.250305176,
        "mean": 27.746301651,
        "median": 7.75212001801,
        "min": -1.82026052475,
        "var": 3959.15380859
    },
    "melbands_skewness": {
        "dmean": 1.2043504715,
        "dmean2": 1.77804934978,
        "dvar": 3.58141064644,
        "dvar2": 7.65888404846,
        "max": 21.0230808258,
        "mean": 3.27647256851,
        "median": 2.38498353958,
        "min": -0.954137802124,
        "var": 8.74014949799
    },
    "melbands_spread": {
        "dmean": 7.70657396317,
        "dmean2": 11.9978475571,
        "dvar": 176.649276733,
        "dvar2": 368.91204834,
        "max": 177.446762085,
        "mean": 19.7571620941,
        "median": 15.5584945679,
        "min": 0.62211894989,
        "var": 366.40612793
    },
    "pitch_salience": {
        "dmean": 0.0878536477685,
        "dmean2": 0.136489421129,
        "dvar": 0.00775081897154,
        "dvar2": 0.0183274298906,
        "max": 0.843375384808,
        "mean": 0.501426815987,
        "median": 0.510891914368,
        "min": 0.0677641928196,
        "var": 0.0277278404683
    },
    "silence_rate_20dB": {
        "dmean": 0,
        "dmean2": 0,
        "dvar": 0,
        "dvar2": 0,
        "max": 1,
        "mean": 1,
        "median": 1,
        "min": 1,
        "var": 0
    },
    "silence_rate_30dB": {
        "dmean": 0.0696594417095,
        "dmean2": 0.139426797628,
        "dvar": 0.0648068115115,
        "dvar2": 0.147872105241,
        "max": 1,
        "mean": 0.927300870419,
        "median": 1,
        "min": 0,
        "var": 0.067413918674
    },
    "silence_rate_60dB": {
        "dmean": 0.0356037169695,
        "dmean2": 0.0712625905871,
        "dvar": 0.0343355350196,
        "dvar2": 0.0723824799061,
        "max": 1,
        "mean": 0.047177106142,
        "median": 0,
        "min": 0,
        "var": 0.0449502840638
    },
    "spectral_centroid": {
        "dmean": 328.957794189,
        "dmean2": 507.636627197,
        "dvar": 183254.71875,
        "dvar2": 402039.625,
        "max": 4521.42626953,
        "mean": 1234.69396973,
        "median": 1070.91027832,
        "min": 242.681259155,
        "var": 426489.375
    },
    "spectral_complexity": {
        "dmean": 4.86687326431,
        "dmean2": 7.07823371887,
        "dvar": 37.2702560425,
        "dvar2": 70.8702774048,
        "max": 54,
        "mean": 15.7347249985,
        "median": 13,
        "min": 1,
        "var": 97.6287536621
    },
    "spectral_decrease": {
        "dmean": 4.03270172811e-09,
        "dmean2": 5.95477667176e-09,
        "dvar": 5.66660475676e-17,
        "dvar2": 1.10692727237e-16,
        "max": -1.0391872779e-10,
        "mean": -9.70261204714e-09,
        "median": -6.69624888872e-09,
        "min": -7.12145222792e-08,
        "var": 1.11673525215e-16
    },
    "spectral_energy": {
        "dmean": 0.015683490783,
        "dmean2": 0.0231208261102,
        "dvar": 0.000831571640447,
        "dvar2": 0.00160659500398,
        "max": 0.272194176912,
        "mean": 0.0383006632328,
        "median": 0.0267848931253,
        "min": 0.000435172987636,
        "var": 0.00167194858659
    },
    "spectral_energyband_high": {
        "dmean": 0.00063996046083,
        "dmean2": 0.000947401218582,
        "dvar": 1.85351791515e-06,
        "dvar2": 4.54931659988e-06,
        "max": 0.0124872289598,
        "mean": 0.000857572013047,
        "median": 0.000333312171279,
        "min": 6.71748409786e-07,
        "var": 1.98920497496e-06
    },
    "spectral_energyband_low": {
        "dmean": 0.0104116629809,
        "dmean2": 0.0161314643919,
        "dvar": 0.000763428921346,
        "dvar2": 0.00150134880096,
        "max": 0.25595292449,
        "mean": 0.0220012422651,
        "median": 0.0108894268051,
        "min": 8.70082956794e-08,
        "var": 0.0013182440307
    },
    "spectral_energyband_middle_high": {
        "dmean": 0.00187377410475,
        "dmean2": 0.00279112183489,
        "dvar": 6.9799953053e-06,
        "dvar2": 1.65968776855e-05,
        "max": 0.0196168385446,
        "mean": 0.00403348682448,
        "median": 0.00279999477789,
        "min": 4.29875508416e-05,
        "var": 1.47141072375e-05
    },
    "spectral_energyband_middle_low": {
        "dmean": 0.00663185911253,
        "dmean2": 0.0100243696943,
        "dvar": 0.000196081076865,
        "dvar2": 0.000450356223155,
        "max": 0.124597840011,
        "mean": 0.0121523169801,
        "median": 0.00790408812463,
        "min": 0.000198769965209,
        "var": 0.000261920300545
    },
    "spectral_entropy": {
        "dmean": 0.232153758407,
        "dmean2": 0.331674009562,
        "dvar": 0.0580383390188,
        "dvar2": 0.112393260002,
        "max": 8.75637340546,
        "mean": 7.51625919342,
        "median": 7.55111789703,
        "min": 6.08434581757,
        "var": 0.205360785127
    },
    "spectral_flux": {
        "dmean": 0.0379586853087,
        "dmean2": 0.0565558858216,
        "dvar": 0.00206122477539,
        "dvar2": 0.00437978282571,
        "max": 0.437789738178,
        "mean": 0.0907333865762,
        "median": 0.0671674907207,
        "min": 0.009167637676,
        "var": 0.00532378256321
    },
    "spectral_kurtosis": {
        "dmean": 1.89360141754,
        "dmean2": 2.84756875038,
        "dvar": 4.58866024017,
        "dvar2": 10.6759023666,
        "max": 31.7571220398,
        "mean": 4.33142757416,
        "median": 3.45458364487,
        "min": -0.528697967529,
        "var": 11.6406173706
    },
    "spectral_rms": {
        "dmean": 0.00111591082532,
        "dmean2": 0.00157606648281,
        "dvar": 2.35344668909e-06,
        "dvar2": 4.30118325312e-06,
        "max": 0.0162958670408,
        "mean": 0.00542497355491,
        "median": 0.00511190807447,
        "min": 0.00065158191137,
        "var": 7.93614071881e-06
    },
    "spectral_rolloff": {
        "dmean": 547.564819336,
        "dmean2": 918.139343262,
        "dvar": 1212064.875,
        "dvar2": 2643814.5,
        "max": 11649.4628906,
        "mean": 1267.64379883,
        "median": 796.728515625,
        "min": 64.599609375,
        "var": 2385884.25
    },
    "spectral_skewness": {
        "dmean": 0.307971447706,
        "dmean2": 0.444744259119,
        "dvar": 0.091848641634,
        "dvar2": 0.182097524405,
        "max": 4.11326217651,
        "mean": 1.55701208115,
        "median": 1.53446280956,
        "min": -0.122170850635,
        "var": 0.355808615685
    },
    "spectral_spread": {
        "dmean": 799722.0625,
        "dmean2": 1080942.875,
        "dvar": 947127451648,
        "dvar2": 1.90411951309e+12,
        "max": 12924165,
        "mean": 4777045,
        "median": 4388524,
        "min": 1870343.375,
        "var": 2.77304757453e+12
    },
    "spectral_strongpeak": {
        "dmean": 0.375704228878,
        "dmean2": 0.599608719349,
        "dvar": 0.328385025263,
        "dvar2": 0.705066382885,
        "max": 7.14318084717,
        "mean": 0.789248049259,
        "median": 0.496779710054,
        "min": 0.0362320058048,
        "var": 0.607684612274
    },
    "zerocrossingrate": {
        "dmean": 0.0133253159001,
        "dmean2": 0.0158004947007,
        "dvar": 0.000298458529869,
        "dvar2": 0.000336708122632,
        "max": 0.32958984375,
        "mean": 0.0537740029395,
        "median": 0.04541015625,
        "min": 0.00341796875,
        "var": 0.00159375753719
    },
    "barkbands": {
        "dmean": [0.000431652792031, 0.00900080613792, 0.00378284556791, 0.00157594168559, 0.00357341952622, 0.00101802602876, 0.000978091498837, 0.000868566334248, 0.000756288820412, 0.000365914631402, 0.000330044451403, 0.000369337125449, 0.000441510754172, 0.00024815442157, 0.000256302795606, 0.000182205738383, 0.000234332706896, 0.000192020161194, 0.000142150267493, 0.000136990958708, 0.000121483077237, 9.3067297712e-05, 9.43405102589e-05, 0.000117226350994, 0.000118542833661, 8.64948524395e-05, 2.09421358477e-07],
        "dmean2": [0.000693502195645, 0.0141618922353, 0.00625882716849, 0.00270832004026, 0.00535609200597, 0.00166346970946, 0.00163422164042, 0.00128254317679, 0.00103920162655, 0.000556530139875, 0.000490801758133, 0.000548436597455, 0.000653930706903, 0.000371407310013, 0.00041360637988, 0.000325066706864, 0.000395754206693, 0.00031329607009, 0.00023613848316, 0.000213697407162, 0.000186639270396, 0.000134944915771, 0.000142604490975, 0.000176692468813, 0.000192953943042, 0.000146838123328, 3.58754846275e-07],
        "dvar": [8.53924404964e-07, 0.000591066142078, 0.00023681478342, 1.67349990079e-05, 0.000110966677312, 2.6130758215e-06, 4.80333164887e-06, 1.9173758119e-06, 1.79125913746e-06, 4.65564966134e-07, 5.0219239256e-07, 5.9025938981e-07, 1.08228539375e-06, 1.58182672294e-07, 1.77758835207e-07, 2.90497013111e-07, 2.02231703383e-07, 1.75142972125e-07, 1.07541794137e-07, 5.90912172527e-08, 4.24865262971e-08, 1.92992075654e-08, 3.46018538266e-08, 8.38969640427e-08, 1.75135838276e-07, 1.1836507241e-07, 8.99212995731e-13],
        "dvar2": [2.09617041946e-06, 0.00152813410386, 0.000590095471125, 4.69322985737e-05, 0.000248442520387, 6.69864039082e-06, 1.33203757287e-05, 3.97876965508e-06, 2.75123011306e-06, 1.08422113954e-06, 1.02585863715e-06, 1.31875958687e-06, 2.16688363253e-06, 3.2749477441e-07, 4.79801485653e-07, 8.45457464038e-07, 5.69011604057e-07, 4.49175047379e-07, 2.88696583084e-07, 1.44523866652e-07, 1.0532247785e-07, 4.27448370033e-08, 8.27910255907e-08, 2.08328671647e-07, 4.53106480336e-07, 3.1369268072e-07, 2.38739019873e-12],
        "max": [0.0153142157942, 0.242173314095, 0.134303689003, 0.0399942845106, 0.0907526388764, 0.0177428405732, 0.0300884824246, 0.0183953400701, 0.0255891792476, 0.00886064767838, 0.0110177844763, 0.0108599951491, 0.0164488498122, 0.00395788624883, 0.00481088878587, 0.00505006592721, 0.00383419729769, 0.00419789087027, 0.00294019724242, 0.00186376599595, 0.00183148658834, 0.00162148941308, 0.00163623108529, 0.00357695645653, 0.00396188069135, 0.00325915357098, 1.32060458782e-05],
        "mean": [0.00108431268018, 0.0168417282403, 0.00345512107015, 0.00168060034048, 0.0042221210897, 0.00155563221779, 0.00125377567019, 0.00173237128183, 0.00145685696043, 0.000630243739579, 0.00051140220603, 0.000561490654945, 0.000684190366883, 0.000402290694183, 0.000409534521168, 0.000191291299416, 0.000301731488435, 0.00022246305889, 0.000159730625455, 0.000200039867195, 0.000180632196134, 0.000140970878419, 0.00011753023864, 0.000131479537231, 0.000104095503048, 6.8866131187e-05, 1.43500201943e-07],
        "median": [3.4909327951e-05, 0.00654670409858, 0.000111201545224, 0.000357195443939, 0.0012159611797, 0.000925635336898, 0.000600285362452, 0.000645701307803, 0.000373467890313, 0.000297158985632, 0.000141858050483, 0.000167404010426, 0.0001891701977, 0.000160193536431, 0.000153752291226, 6.75396950101e-05, 0.000159668576089, 8.65571637405e-05, 4.33356799476e-05, 7.13120680302e-05, 6.97229552316e-05, 5.29569551873e-05, 3.78725017072e-05, 3.59357800335e-05, 1.19867281683e-05, 8.40983102535e-06, 6.26376839286e-10],
        "min": [9.6712005071e-10, 2.75451306209e-09, 5.38500444236e-09, 2.27594720847e-09, 8.0821348547e-07, 4.75754131912e-06, 1.32245372697e-06, 1.65190215284e-06, 1.44209400332e-06, 4.94536834594e-07, 1.21773280171e-06, 1.80247184289e-06, 1.14375052362e-06, 5.02260945723e-07, 1.83649217433e-06, 1.29512636704e-06, 4.7483328558e-07, 1.64528728419e-07, 2.02187408149e-07, 3.76486980258e-07, 3.18219150586e-07, 8.7291901707e-08, 8.08935425312e-08, 1.49061012422e-08, 2.08061016332e-11, 7.17294279529e-12, 7.17457300167e-12],
        "var": [2.76276364275e-06, 0.000751012004912, 0.000198285430088, 1.37472043207e-05, 0.000132991452119, 3.40218184647e-06, 4.24263089371e-06, 5.31244677404e-06, 6.79101322021e-06, 8.96564813502e-07, 1.17663182664e-06, 1.15595980787e-06, 2.20232982429e-06, 3.49309431158e-07, 3.20871833992e-07, 1.82069214816e-07, 1.75002284664e-07, 1.51883227772e-07, 9.24350302967e-08, 8.45276488803e-08, 6.63041035409e-08, 3.89223693276e-08, 4.05533278069e-08, 8.29015718296e-08, 1.38045365361e-07, 8.53522124089e-08, 6.25521769798e-13]
    },
    "erbbands": {
        "dmean": [0.250445395708, 2.05164146423, 4.23220491409, 4.29962873459, 13.5787687302, 8.2231760025, 7.55609416962, 9.29979419708, 15.7259263992, 9.41372203827, 21.7382907867, 21.301612854, 8.12484169006, 13.2498731613, 12.7090768814, 15.6214323044, 20.7013092041, 14.7774267197, 13.0320281982, 9.53621673584, 12.6156206131, 11.8457260132, 10.8821868896, 9.30559062958, 5.48212385178, 6.2948474884, 5.57358407974, 4.58729219437, 3.42830276489, 2.72899436951, 2.79884171486, 2.61815357208, 1.93402266502, 1.23863220215, 0.901561796665, 0.379144996405, 0.184040829539, 0.0116933509707, 0.000251395598752, 2.8862952604e-05],
        "dmean2": [0.405485987663, 3.14015316963, 6.43767261505, 7.3459687233, 20.5647258759, 13.2329721451, 12.9558515549, 15.2436761856, 26.1118831635, 15.4977817535, 31.6349697113, 28.556968689, 11.4798164368, 20.3642177582, 18.731464386, 23.5049686432, 30.1591491699, 21.5072383881, 19.9345169067, 15.6513986588, 22.1778354645, 19.9200611115, 17.6709651947, 15.3888063431, 8.43611431122, 9.79560375214, 8.47451210022, 7.11155509949, 5.05958223343, 3.88812303543, 4.25686454773, 3.94542908669, 2.99891877174, 2.00039958954, 1.48983550072, 0.632445454597, 0.313920468092, 0.0200210530311, 0.000419177435106, 4.2243507778e-05],
        "dvar": [0.339045166969, 35.0960617065, 244.852050781, 183.911575317, 1560.98181152, 643.095275879, 304.208892822, 235.762985229, 1229.47131348, 357.691955566, 1155.27355957, 1351.58776855, 142.459136963, 675.841796875, 874.777099609, 1093.79223633, 2277.85717773, 583.789794922, 417.522888184, 363.248321533, 1485.76452637, 497.025146484, 555.398071289, 503.941650391, 101.286590576, 121.306381226, 101.915405273, 59.5999603271, 27.6864871979, 18.6519947052, 32.0105361938, 34.6393356323, 26.4889888763, 16.938167572, 11.0141181946, 1.88489151001, 0.597539365292, 0.00258890073746, 1.07932009996e-06, 5.11742426212e-09],
        "dvar2": [0.878700196743, 87.2573699951, 539.167663574, 504.754547119, 3510.79199219, 1654.60461426, 801.058654785, 624.313476562, 3424.19165039, 890.036132812, 2374.44042969, 2051.65209961, 271.365936279, 1546.29138184, 1900.13671875, 2516.92456055, 4504.89648438, 1244.22717285, 1113.3717041, 987.827819824, 4327.92529297, 1391.33312988, 1447.92199707, 1348.9420166, 250.084945679, 300.693054199, 250.437301636, 150.473358154, 62.2674827576, 41.8523979187, 78.6741485596, 85.8131103516, 65.896987915, 44.0029716492, 28.5212078094, 4.8874912262, 1.59366071224, 0.00689016189426, 2.82221253656e-06, 1.18010614614e-08],
        "max": [7.5055642128, 53.6912536621, 137.194778442, 127.021850586, 313.955993652, 260.11920166, 143.645431519, 164.865783691, 490.077880859, 266.638519287, 496.701599121, 714.676025391, 188.183029175, 342.270172119, 566.651489258, 555.907531738, 782.371154785, 259.475708008, 288.796936035, 192.671264648, 381.977630615, 187.945388794, 266.069671631, 197.462249756, 93.0813446045, 116.161643982, 88.588722229, 65.8983688354, 61.9532356262, 36.9187850952, 48.057056427, 66.5537796021, 56.1527175903, 41.2808151245, 35.6945343018, 13.8918075562, 7.05480527878, 0.514981031418, 0.0107042556629, 0.000796190754045],
        "mean": [0.608526289463, 3.2270758152, 4.668217659, 4.74397373199, 15.2815637589, 9.17820453644, 8.36400508881, 13.8887681961, 21.8765716553, 16.0302906036, 45.9211006165, 43.1595954895, 16.9497909546, 20.6466464996, 21.9749450684, 25.5065593719, 33.7163352966, 25.3498973846, 21.6401996613, 14.4032649994, 13.6874904633, 15.7227230072, 13.3350572586, 9.75076770782, 7.49608564377, 9.26942825317, 8.28794288635, 6.6430606842, 5.2040848732, 3.82755279541, 3.39024996758, 3.01825523376, 2.02773499489, 1.14152240753, 0.756166279316, 0.32672137022, 0.138714268804, 0.00846041366458, 0.000207359655178, 5.58414430998e-05],
        "median": [0.237690329552, 0.455902516842, 0.428742289543, 0.843600749969, 4.25582408905, 2.40381145477, 2.1941421032, 8.00574684143, 12.4871511459, 7.00294828415, 22.8837451935, 16.0837669373, 10.0119800568, 8.09656715393, 8.00483036041, 9.04689025879, 10.3591957092, 10.9847221375, 10.175359726, 5.59509468079, 5.40573978424, 8.32139587402, 5.65619182587, 2.9883825779, 2.26065206528, 3.31412887573, 3.49874043465, 2.3239440918, 1.98794281483, 1.43130397797, 0.994389474392, 0.855659067631, 0.515702605247, 0.176449254155, 0.0709634944797, 0.0529914423823, 0.0108504155651, 0.00042569776997, 3.06091133098e-05, 3.44531908922e-05],
        "min": [8.70119492902e-07, 5.26321537109e-06, 2.98225477309e-05, 0.000223075257964, 0.00263776886277, 0.0117026409134, 0.0443458072841, 0.0363990515471, 0.0455800183117, 0.0655367895961, 0.135414198041, 0.107894435525, 0.119532562792, 0.0730862691998, 0.0751858949661, 0.106285057962, 0.0783306211233, 0.0906984731555, 0.0892164856195, 0.0980913341045, 0.0854301303625, 0.022864760831, 0.00899554416537, 0.00845530256629, 0.0138090830296, 0.0164307225496, 0.0126373274252, 0.010271480307, 0.00393602298573, 0.0027156653814, 0.00183666183148, 0.000858811603393, 4.18250965595e-05, 2.94284905067e-06, 1.01763487237e-06, 6.63233663545e-07, 3.76391398049e-07, 9.69266551465e-08, 2.74461427807e-07, 5.63045830404e-07],
        "var": [0.751998603344, 40.3984603882, 259.82019043, 143.917633057, 1786.49511719, 601.999450684, 305.680053711, 294.193603516, 1079.4564209, 760.68939209, 3359.38793945, 5209.34960938, 468.398193359, 1226.2857666, 1770.56591797, 2178.67651367, 4825.37597656, 1314.18066406, 842.468078613, 473.393463135, 906.237426758, 436.692901611, 479.457855225, 394.411254883, 139.293426514, 170.778137207, 146.547454834, 92.6346588135, 54.9458580017, 29.1668510437, 36.1851119995, 35.9670600891, 24.7171802521, 13.5541009903, 8.52038669586, 1.44936621189, 0.421648234129, 0.00181749742478, 7.99972667664e-07, 6.77024702966e-09]
    },
    "gfcc": {
        "mean": [-10.4607181549, 87.2842712402, -122.735717773, 24.3759365082, -71.2916259766, 15.46808815, -40.4087562561, 9.06591415405, -21.6469764709, 5.73803424835, -16.8725357056, -2.49985527992, -13.0173139572],
        "cov": [[4157.56054688, -346.413726807, 816.56036377, 828.818603516, 527.988952637, 341.864593506, 106.948783875, 365.398193359, 47.1647186279, 281.647247314, -96.6165466309, 177.004394531, -17.2829742432], [-346.413726807, 1492.7166748, 260.387573242, 11.7982521057, 570.44934082, 142.180999756, 477.188903809, 98.4796295166, 353.083709717, 127.407859802, 208.465103149, 43.6627426147, 153.382064819], [816.56036377, 260.387573242, 1568.06884766, 692.852233887, 663.054199219, 401.976837158, 259.166900635, 374.446838379, 185.233886719, 285.282440186, 43.7144126892, 191.606140137, 81.1682128906], [828.818603516, 11.7982521057, 692.852233887, 939.848693848, 400.216491699, 222.140945435, 218.197265625, 169.392486572, 245.473098755, 172.374069214, 85.6821289062, 63.1802368164, 111.503829956], [527.988952637, 570.44934082, 663.054199219, 400.216491699, 723.094848633, 291.50491333, 275.297393799, 257.060699463, 289.078704834, 239.910186768, 94.9162445068, 82.318977356, 102.863388062], [341.864593506, 142.180999756, 401.976837158, 222.140945435, 291.50491333, 355.409790039, 212.761322021, 167.118011475, 146.726531982, 124.809196472, 89.40284729, 32.1899185181, 43.4460258484], [106.948783875, 477.188903809, 259.166900635, 218.197265625, 275.297393799, 212.761322021, 435.631774902, 131.962036133, 193.800048828, 106.081459045, 137.079452515, 52.44972229, 81.2381134033], [365.398193359, 98.4796295166, 374.446838379, 169.392486572, 257.060699463, 167.118011475, 131.962036133, 254.876724243, 131.199127197, 134.33605957, 23.8581008911, 58.8041114807, 41.6220474243], [47.1647186279, 353.083709717, 185.233886719, 245.473098755, 289.078704834, 146.726531982, 193.800048828, 131.199127197, 337.91506958, 158.389328003, 102.465896606, 8.66285800934, 116.686012268], [281.647247314, 127.407859802, 285.282440186, 172.374069214, 239.910186768, 124.809196472, 106.081459045, 134.33605957, 158.389328003, 214.183914185, 57.0441894531, 43.0000152588, 55.3349227905], [-96.6165466309, 208.465103149, 43.7144126892, 85.6821289062, 94.9162445068, 89.40284729, 137.079452515, 23.8581008911, 102.465896606, 57.0441894531, 173.135925293, 37.6139717102, 77.2829818726], [177.004394531, 43.6627426147, 191.606140137, 63.1802368164, 82.318977356, 32.1899185181, 52.44972229, 58.8041114807, 8.66285800934, 43.0000152588, 37.6139717102, 130.838668823, 48.1271629333], [-17.2829742432, 153.382064819, 81.1682128906, 111.503829956, 102.863388062, 43.4460258484, 81.2381134033, 41.6220474243, 116.686012268, 55.3349227905, 77.2829818726, 48.1271629333, 129.290908813]],
        "icov": [[0.000413164962083, -5.31136247446e-05, 0.000277861137874, -0.000488067045808, -0.000109966858872, -0.000371428963263, 0.000140842894325, -0.000341965438565, 0.000487293116748, -0.000454385357443, 0.000527825031895, -0.00058306165738, 0.000254833954386], [-5.31136247446e-05, 0.00266765709966, -0.000728815095499, 0.00170138454996, -0.0023875113111, 0.0019745961763, -0.00240259850398, 0.00145367963705, -0.00175405864138, 0.00147972325794, -0.00133768306114, 0.000955590745434, -0.00051034061471], [0.000277861137874, -0.000728815095499, 0.00228579714894, -0.0016175264027, -0.000237820655457, -0.00166897207964, 0.000848956697155, -0.00141514849383, 0.00169699138496, -0.0013080725912, 0.00143893423956, -0.00211990764365, 0.000491215439979], [-0.000488067045808, 0.00170138454996, -0.0016175264027, 0.00348672224209, -0.00141366478056, 0.00168244179804, -0.0018000601558, 0.00173723697662, -0.00243912311271, 0.00153420434799, -0.00145942892414, 0.00169695005752, -0.00115868262947], [-0.000109966858872, -0.0023875113111, -0.000237820655457, -0.00141366478056, 0.0059039639309, -0.00225498620421, 0.00159758084919, -0.00170541624539, -0.000149627332576, -0.00216479343362, 0.00127562240232, -0.000852895434946, 0.000408473424613], [-0.000371428963263, 0.0019745961763, -0.00166897207964, 0.00168244179804, -0.00225498620421, 0.00796973705292, -0.00313260615803, -0.000565001100767, -0.00160358857829, 0.00143242732156, -0.00365878362209, 0.00299087446183, 0.000378680124413], [0.000140842894325, -0.00240259850398, 0.000848956697155, -0.0018000601558, 0.00159758084919, -0.00313260615803, 0.0065706083551, -0.0019413366681, 0.000420977215981, -0.000473895430332, -0.000736484187655, -0.00182735710405, 0.00110993348062], [-0.000341965438565, 0.00145367963705, -0.00141514849383, 0.00173723697662, -0.00170541624539, -0.000565001100767, -0.0019413366681, 0.0100211584941, -0.00287549034692, -0.000957555836067, 0.00128027249593, -0.00109485059511, -0.000192404724658], [0.000487293116748, -0.00175405864138, 0.00169699138496, -0.00243912311271, -0.000149627332576, -0.00160358857829, 0.000420977215981, -0.00287549034692, 0.0107276542112, -0.00466541619971, 0.000839788175654, 0.00251152459532, -0.00461859768257], [-0.000454385357443, 0.00147972325794, -0.0013080725912, 0.00153420434799, -0.00216479343362, 0.00143242732156, -0.000473895430332, -0.000957555836067, -0.00466541619971, 0.0113506624475, -0.00272134155966, 0.000115314600407, 0.00046523832134], [0.000527825031895, -0.00133768306114, 0.00143893423956, -0.00145942892414, 0.00127562240232, -0.00365878362209, -0.000736484187655, 0.00128027249593, 0.000839788175654, -0.00272134155966, 0.0122826816514, -0.00328127085231, -0.00343571975827], [-0.00058306165738, 0.000955590745434, -0.00211990764365, 0.00169695005752, -0.000852895434946, 0.00299087446183, -0.00182735710405, -0.00109485059511, 0.00251152459532, 0.000115314600407, -0.00328127085231, 0.014315594919, -0.00585352117196], [0.000254833954386, -0.00051034061471, 0.000491215439979, -0.00115868262947, 0.000408473424613, 0.000378680124413, 0.00110993348062, -0.000192404724658, -0.00461859768257, 0.00046523832134, -0.00343571975827, -0.00585352117196, 0.0161789879203]]
    },
    "melbands": {
        "dmean": [0.0023828514386, 0.00208380911499, 0.00102814740967, 0.0008449513698, 0.000273209472653, 0.000212437458686, 0.000226527452469, 0.000104003425804, 0.000179071663297, 0.000120483950013, 3.93567461288e-05, 5.53292557015e-05, 4.41376505478e-05, 4.49844337709e-05, 3.57949102181e-05, 4.60829687654e-05, 2.87533275696e-05, 2.04475272767e-05, 1.5868088667e-05, 1.07083942567e-05, 1.69235299836e-05, 1.36460193971e-05, 1.08219264803e-05, 8.97477730177e-06, 8.01135956863e-06, 4.37433163825e-06, 4.09251970268e-06, 4.43007911599e-06, 3.96897485189e-06, 3.07984123538e-06, 2.60074557445e-06, 2.05170636036e-06, 1.78043558208e-06, 1.4877122112e-06, 1.55616180564e-06, 1.83200631909e-06, 1.5835424847e-06, 1.44744115005e-06, 1.245137355e-06, 9.55629388955e-07],
        "dmean2": [0.00383990653791, 0.00313616381027, 0.00166267110035, 0.00127928482834, 0.000473048829008, 0.000347807013895, 0.000373018498067, 0.000168109792867, 0.000259471184108, 0.000161577001563, 5.65874761378e-05, 8.59138090163e-05, 6.45911859465e-05, 6.61179437884e-05, 5.37728483323e-05, 6.78632568452e-05, 4.30870095443e-05, 3.115322761e-05, 2.58671225311e-05, 1.81429713848e-05, 3.00018637063e-05, 2.3376162062e-05, 1.77763431566e-05, 1.44810937854e-05, 1.35395430334e-05, 6.93969195709e-06, 6.43717748972e-06, 6.99449356034e-06, 6.14323471382e-06, 4.8797242016e-06, 4.03866306442e-06, 3.09021811518e-06, 2.65959465651e-06, 2.16378316509e-06, 2.38967595578e-06, 2.89488752969e-06, 2.39244127442e-06, 2.25293410949e-06, 2.01727561944e-06, 1.55103657562e-06],
        "dvar": [3.61146740033e-05, 4.48828614026e-05, 6.85123995936e-06, 6.07409219811e-06, 4.99536838561e-07, 1.15362652764e-07, 2.47110108376e-07, 3.88266059304e-08, 6.69275266318e-08, 4.475495885e-08, 3.60022878176e-09, 1.26811334766e-08, 8.68632366036e-09, 8.62631299725e-09, 6.6067622484e-09, 1.22906280708e-08, 2.34829844459e-09, 1.05636543957e-09, 8.93356388865e-10, 5.49296497176e-10, 2.85544676792e-09, 6.7473004961e-10, 4.91139684478e-10, 3.44466039026e-10, 4.08911016159e-10, 6.93975849009e-11, 5.37864752737e-11, 6.34054544979e-11, 5.19441677171e-11, 3.23212706599e-11, 1.78929943778e-11, 1.01402480163e-11, 7.64727951102e-12, 6.39106649547e-12, 8.90633660572e-12, 1.81022696832e-11, 1.27630232771e-11, 1.40740960552e-11, 1.56607313923e-11, 1.03044578079e-11],
        "dvar2": [9.54729548539e-05, 8.32777514006e-05, 1.74003580469e-05, 1.36153385029e-05, 1.37548875045e-06, 3.01783586565e-07, 6.85315058035e-07, 9.27718772914e-08, 1.36899700465e-07, 6.91030521693e-08, 6.92714285933e-09, 2.9258140799e-08, 1.82450072828e-08, 1.94524183428e-08, 1.35736737406e-08, 2.42578543919e-08, 5.12995779189e-09, 2.70844169314e-09, 2.39940778357e-09, 1.57567436876e-09, 8.31601543183e-09, 1.91150917317e-09, 1.33882449571e-09, 8.47843517615e-10, 1.11993880836e-09, 1.76924114248e-10, 1.30443350566e-10, 1.62238597556e-10, 1.26045437976e-10, 8.39502495298e-11, 4.50958888287e-11, 2.31411747403e-11, 1.79379896353e-11, 1.42225450167e-11, 2.14159089768e-11, 4.66678258537e-11, 3.15720991018e-11, 3.54636597866e-11, 3.98836033644e-11, 2.70949512826e-11],
        "max": [0.0672879368067, 0.0572789348662, 0.019402647391, 0.0214006882161, 0.00622933078557, 0.00380803737789, 0.00696163857356, 0.00301359780133, 0.00365509861149, 0.00412247236818, 0.000932160473894, 0.00150355021469, 0.00153866980691, 0.00126933597494, 0.00163294153754, 0.00218502269126, 0.000484858202981, 0.00043723595445, 0.000233675775235, 0.000268737174338, 0.0005473405472, 0.000208989222301, 0.00025751668727, 0.000175622684765, 0.00017959321849, 6.34833922959e-05, 8.68231727509e-05, 9.79655669653e-05, 6.06953071838e-05, 5.17805856362e-05, 3.39504294971e-05, 3.71665737475e-05, 2.786645382e-05, 2.38263273786e-05, 2.49353415711e-05, 4.47668790002e-05, 4.16984294134e-05, 4.4805710786e-05, 3.61324382538e-05, 3.74442752218e-05],
        "mean": [0.00500162923709, 0.00312364473939, 0.00115542055573, 0.000982601079158, 0.000286840921035, 0.000319606420817, 0.000316375080729, 0.000191382147023, 0.000386952626286, 0.000233195009059, 7.52200212446e-05, 8.23875670903e-05, 7.53398271627e-05, 6.79961012793e-05, 5.84242334298e-05, 6.96343486197e-05, 4.53386674053e-05, 3.29711729137e-05, 2.42190017161e-05, 1.43321176438e-05, 1.70677540154e-05, 1.70409439306e-05, 1.39935200423e-05, 1.01663845271e-05, 7.75603530201e-06, 5.41101599083e-06, 5.69878784518e-06, 6.27668123343e-06, 5.58457622901e-06, 4.21806953455e-06, 3.68140854334e-06, 3.00953297483e-06, 2.491540954e-06, 1.97957501769e-06, 1.88775993593e-06, 2.02374917535e-06, 1.77680431079e-06, 1.48735614403e-06, 1.18828108953e-06, 8.56522831327e-07],
        "median": [0.00231805723161, 0.000510600395501, 0.000304020475596, 0.000282420252915, 7.48333404772e-05, 0.000189300830243, 0.000180087357876, 8.51860531839e-05, 0.000203147443244, 6.49297580821e-05, 3.74280934921e-05, 2.87495495286e-05, 2.51627934631e-05, 2.04758835025e-05, 2.07315242733e-05, 1.93508039956e-05, 1.66008157976e-05, 1.40045331136e-05, 8.68602728588e-06, 5.72392264075e-06, 6.44439523967e-06, 9.01560542843e-06, 6.74816919854e-06, 3.66491099157e-06, 2.14581427826e-06, 1.58509362791e-06, 1.57679278345e-06, 2.34852495851e-06, 2.26141173698e-06, 1.59542605616e-06, 1.18063940135e-06, 1.06225957097e-06, 9.2716919653e-07, 6.87067370109e-07, 5.56568181764e-07, 5.3643583442e-07, 4.97547830491e-07, 3.72175463781e-07, 2.38348960124e-07, 1.09942689619e-07],
        "min": [5.94976379276e-09, 2.82287326847e-09, 3.74605413356e-09, 7.13867365221e-08, 7.41601525078e-07, 7.20724813164e-07, 3.62663030273e-07, 4.35936982512e-07, 9.30327132664e-07, 2.41002652501e-07, 1.63488635962e-07, 2.50133098234e-07, 1.854269982e-07, 2.79356413557e-07, 2.20546013452e-07, 1.27138648054e-07, 6.96257700383e-08, 8.77717951653e-08, 1.10847111046e-07, 1.17941212352e-07, 6.21328410944e-08, 2.41303457216e-08, 1.01453911938e-08, 6.60089494176e-09, 6.63447963234e-09, 9.08616903939e-10, 4.78171546803e-09, 7.72868524734e-09, 6.25248430808e-09, 7.70313324239e-09, 4.45666170634e-09, 2.23572804714e-09, 1.39712275082e-09, 1.64186830798e-09, 1.05222874858e-09, 9.3307217508e-10, 2.28556201742e-11, 8.98654935189e-12, 9.0193754158e-13, 7.11677421096e-14],
