{
"highlevel": {
    "danceability": {
        "all": {
            "danceable": 0.988413870335,
            "not_danceable": 0.0115861231461
        },
        "probability": 0.988413870335,
        "value": "danceable"
    },
    "gender": {
        "all": {
            "female": 8.15188923298e-06,
            "male": 0.999991834164
        },
        "probability": 0.999991834164,
        "value": "male"
    },
    "genre_dortmund": {
        "all": {
            "alternative": 0.0108803315088,
            "blues": 0.0179182421416,
            "electronic": 0.0408316925168,
            "folkcountry": 0.00646023219451,
            "funksoulrnb": 0.0771058499813,
            "jazz": 0.0551993027329,
            "pop": 0.0132532948628,
            "raphiphop": 0.63959723711,
            "rock": 0.138753816485
        },
        "probability": 0.63959723711,
        "value": "raphiphop"
    },
    "genre_electronic": {
        "all": {
            "ambient": 0.282421529293,
            "dnb": 0.149289146066,
            "house": 0.484998464584,
            "techno": 0.0337068475783,
            "trance": 0.0495840087533
        },
        "probability": 0.484998464584,
        "value": "house"
    },
    "genre_rosamerica": {
        "all": {
            "cla": 0.0120361391455,
            "dan": 0.121950574219,
            "hip": 0.391484320164,
            "jaz": 0.0218033902347,
            "pop": 0.23569367826,
            "rhy": 0.0914068222046,
            "roc": 0.10077611357,
            "spe": 0.0248489528894
        },
        "probability": 0.391484320164,
        "value": "hip"
    },
    "genre_tzanetakis": {
        "all": {
            "blu": 0.0626613423228,
            "cla": 0.0348169617355,
            "cou": 0.104475811124,
            "dis": 0.0784321576357,
            "hip": 0.15692435205,
            "jaz": 0.313974827528,
            "met": 0.0448166541755,
            "pop": 0.0627359300852,
            "reg": 0.0627360641956,
            "roc": 0.0784258767962
        },
        "probability": 0.313974827528,
        "value": "jaz"
    },
    "ismir04_rhythm": {
        "all": {
            "ChaChaCha": 0.00240907492116,
            "Jive": 0.0083036897704,
            "Quickstep": 0.0212641526014,
            "Rumba-American": 0.00192509323824,
            "Rumba-International": 0.00103273615241,
            "Rumba-Misc": 0.00189467449673,
            "Samba": 0.960356414318,
            "Tango": 0.000395155773731,
            "VienneseWaltz": 0.00211626198143,
            "Waltz": 0.000302740954794
        },
        "probability": 0.960356414318,
        "value": "Samba"
    },
    "mood_acoustic": {
        "all": {
            "acoustic": 0.0840136706829,
            "not_acoustic": 0.915986359119
        },
        "probability": 0.915986359119,
        "value": "not_acoustic"
    },
    "mood_aggressive": {
        "all": {
            "aggressive": 0.889142632484,
            "not_aggressive": 0.110857382417
        },
        "probability": 0.889142632484,
        "value": "aggressive"
    },
    "mood_electronic": {
        "all": {
            "electronic": 0.854633629322,
            "not_electronic": 0.145366385579
        },
        "probability": 0.854633629322,
        "value": "electronic"
    },
    "mood_happy": {
        "all": {
            "happy": 0.00320389983244,
            "not_happy": 0.996796071529
        },
        "probability": 0.996796071529,
        "value": "not_happy"
    },
    "mood_party": {
        "all": {
            "not_party": 0.234375849366,
            "party": 0.765624165535
        },
        "probability": 0.765624165535,
        "value": "party"
    },
    "mood_relaxed": {
        "all": {
            "not_relaxed": 0.874768137932,
            "relaxed": 0.125231832266
        },
        "probability": 0.874768137932,
        "value": "not_relaxed"
    },
    "mood_sad": {
        "all": {
            "not_sad": 0.885891497135,
            "sad": 0.114108517766
        },
        "probability": 0.885891497135,
        "value": "not_sad"
    },
    "moods_mirex": {
        "all": {
            "Cluster1": 0.181587815285,
            "Cluster2": 0.267512559891,
            "Cluster3": 0.0757591128349,
            "Cluster4": 0.0954789891839,
            "Cluster5": 0.379661500454
        },
        "probability": 0.379661500454,
        "value": "Cluster5"
    },
    "timbre": {
        "all": {
            "bright": 0.704846739769,
            "dark": 0.295153260231
        },
        "probability": 0.704846739769,
        "value": "bright"
    },
    "tonal_atonal": {
        "all": {
            "atonal": 0.673285722733,
            "tonal": 0.326714247465
        },
        "probability": 0.673285722733,
        "value": "atonal"
    },
    "voice_instrumental": {
        "all": {
            "instrumental": 0.00259120739065,
            "voice": 0.997408807278
        },
        "probability": 0.997408807278,
        "value": "voice"
    }
},
"lowlevel": {
    "average_loudness": 0.967187643051,
    "barkbands_crest": {
        "dmean": 3.11447477341,
        "dmean2": 5.00082874298,
        "dvar": 7.76303768158,
        "dvar2": 19.358423233,
        "max": 24.7685623169,
        "mean": 10.3518629074,
        "median": 9.04803848267,
        "min": 2.07754564285,
        "var": 26.3366737366
    },
    "barkbands_flatness_db": {
        "dmean": 0.0316874459386,
        "dmean2": 0.0474996119738,
        "dvar": 0.000809189863503,
        "dvar2": 0.00173906318378,
        "max": 0.411397337914,
        "mean": 0.154666289687,
        "median": 0.145305499434,
        "min": 0.0457303449512,
        "var": 0.00279957056046
    },
    "barkbands_kurtosis": {
        "dmean": 6.60481929779,
        "dmean2": 10.2004308701,
        "dvar": 176.55039978,
        "dvar2": 359.924438477,
        "max": 239.284423828,
        "mean": 6.86220407486,
        "median": 1.38040065765,
        "min": -1.92160570621,
        "var": 346.382385254
    },
    "barkbands_skewness": {
        "dmean": 0.994792342186,
        "dmean2": 1.48527252674,
        "dvar": 1.06498217583,
        "dvar2": 2.26216745377,
        "max": 13.0224676132,
        "mean": 1.6322439909,
        "median": 1.28184342384,
        "min": -3.63558673859,
        "var": 3.54847097397
    },
    "barkbands_spread": {
        "dmean": 11.4616947174,
        "dmean2": 17.457857132,
        "dvar": 173.242980957,
        "dvar2": 394.088500977,
        "max": 96.592666626,
        "mean": 25.312292099,
        "median": 20.671497345,
        "min": 0.59711587429,
        "var": 306.764923096
    },
    "dissonance": {
        "dmean": 0.0237260274589,
        "dmean2": 0.0374795310199,
        "dvar": 0.000547029427253,
        "dvar2": 0.00120439776219,
        "max": 0.500000119209,
        "mean": 0.460315436125,
        "median": 0.470154076815,
        "min": 0.288145124912,
        "var": 0.00116081535816
    },
    "dynamic_complexity": 2.40547800064,
    "erbbands_crest": {
        "dmean": 2.79197859764,
        "dmean2": 4.35484838486,
        "dvar": 5.5313615799,
        "dvar2": 13.446849823,
        "max": 24.6820907593,
        "mean": 8.18054389954,
        "median": 7.41114759445,
        "min": 2.62169504166,
        "var": 12.4043083191
    },
    "erbbands_flatness_db": {
        "dmean": 0.0271472483873,
        "dmean2": 0.0371439866722,
        "dvar": 0.000530650897417,
        "dvar2": 0.00102462375071,
        "max": 0.315217345953,
        "mean": 0.157288834453,
        "median": 0.155115500093,
        "min": 0.0536179766059,
        "var": 0.00204195454717
    },
    "erbbands_kurtosis": {
        "dmean": 1.42023193836,
        "dmean2": 2.23094415665,
        "dvar": 3.48755288124,
        "dvar2": 8.18003940582,
        "max": 22.720867157,
        "mean": 0.530636906624,
        "median": -0.0935392379761,
        "min": -1.90165388584,
        "var": 5.41803216934
    },
    "erbbands_skewness": {
        "dmean": 0.559965193272,
        "dmean2": 0.829653680325,
        "dvar": 0.243813440204,
        "dvar2": 0.541210889816,
        "max": 3.31266546249,
        "mean": 0.100373327732,
        "median": 0.133788019419,
        "min": -3.56764554977,
        "var": 0.769372105598
    },
    "erbbands_spread": {
        "dmean": 15.2523403168,
        "dmean2": 22.258523941,
        "dvar": 223.303955078,
        "dvar2": 487.378326416,
        "max": 171.730789185,
        "mean": 44.7962188721,
        "median": 40.1224708557,
        "min": 4.12853145599,
        "var": 579.828491211
    },
    "hfc": {
        "dmean": 12.748796463,
        "dmean2": 17.8806476593,
        "dvar": 193.687179565,
        "dvar2": 413.558959961,
        "max": 124.167304993,
        "mean": 26.308095932,
        "median": 21.1768512726,
        "min": 0.218859523535,
        "var": 478.971954346
    },
    "melbands_crest": {
        "dmean": 3.84482812881,
        "dmean2": 6.0736951828,
        "dvar": 11.5431451797,
        "dvar2": 25.8226909637,
        "max": 32.4799690247,
        "mean": 14.0389385223,
        "median": 12.6820545197,
        "min": 2.47395324707,
        "var": 43.3494758606
    },
    "melbands_flatness_db": {
        "dmean": 0.0409359671175,
        "dmean2": 0.0581833980978,
        "dvar": 0.00143830967136,
        "dvar2": 0.00285116769373,
        "max": 0.513230144978,
        "mean": 0.192241713405,
        "median": 0.175343066454,
        "min": 0.0211030878127,
        "var": 0.00696403067559
    },
    "melbands_kurtosis": {
        "dmean": 17.2771778107,
        "dmean2": 27.102722168,
        "dvar": 1039.9786377,
        "dvar2": 2394.5559082,
        "max": 322.712554932,
        "mean": 22.2002105713,
        "median": 7.61078071594,
        "min": -1.83418226242,
        "var": 1716.67456055
    },
    "melbands_skewness": {
        "dmean": 1.37036013603,
        "dmean2": 1.98926460743,
        "dvar": 2.17410874367,
        "dvar2": 4.47549724579,
        "max": 16.1369628906,
        "mean": 3.07148003578,
        "median": 2.39749598503,
        "min": -1.97752177715,
        "var": 6.948366642
    },
    "melbands_spread": {
        "dmean": 14.8604192734,
        "dmean2": 23.2826290131,
        "dvar": 425.05871582,
        "dvar2": 994.895690918,
        "max": 236.629211426,
        "mean": 30.2554931641,
        "median": 22.5733623505,
        "min": 0.515154480934,
        "var": 822.901611328
    },
    "pitch_salience": {
        "dmean": 0.0871571004391,
        "dmean2": 0.14008590579,
        "dvar": 0.00673959590495,
        "dvar2": 0.0169264301658,
        "max": 0.889383554459,
        "mean": 0.567773044109,
        "median": 0.604397892952,
        "min": 0.115872852504,
        "var": 0.0250368118286
    },
    "silence_rate_20dB": {
        "dmean": 0,
        "dmean2": 0,
        "dvar": 0,
        "dvar2": 0,
        "max": 1,
        "mean": 1,
        "median": 1,
        "min": 1,
        "var": 0
    },
    "silence_rate_30dB": {
        "dmean": 0.0557275526226,
        "dmean2": 0.111541442573,
        "dvar": 0.0526216812432,
        "dvar2": 0.111491955817,
        "max": 1,
        "mean": 0.915699899197,
        "median": 1,
        "min": 0,
        "var": 0.0771917998791
    },
    "silence_rate_60dB": {
        "dmean": 0.0541795678437,
        "dmean2": 0.108443066478,
        "dvar": 0.0512446165085,
        "dvar2": 0.119920797646,
        "max": 1,
        "mean": 0.0672853812575,
        "median": 0,
        "min": 0,
        "var": 0.0627580285072
    },
    "spectral_centroid": {
        "dmean": 517.014465332,
        "dmean2": 772.838623047,
        "dvar": 292916.21875,
        "dvar2": 598173.125,
        "max": 5373.77539062,
        "mean": 1696.04541016,
        "median": 1516.52563477,
        "min": 168.160430908,
        "var": 719905.375
    },
    "spectral_complexity": {
        "dmean": 5.84210538864,
        "dmean2": 7.60495758057,
        "dvar": 30.4580230713,
        "dvar2": 44.604549408,
        "max": 61,
        "mean": 18.7424602509,
        "median": 17,
        "min": 0,
        "var": 127.530853271
    },
    "spectral_decrease": {
        "dmean": 4.39128777785e-09,
        "dmean2": 6.70355770893e-09,
        "dvar": 4.94658439995e-17,
        "dvar2": 1.14686421409e-16,
        "max": -2.35849291486e-11,
        "mean": -9.53186418684e-09,
        "median": -5.77439918104e-09,
        "min": -6.64952395368e-08,
        "var": 1.13551159031e-16
    },
    "spectral_energy": {
        "dmean": 0.0172398872674,
        "dmean2": 0.0261420030147,
        "dvar": 0.000701747136191,
        "dvar2": 0.0016221931437,
        "max": 0.257421821356,
        "mean": 0.0383616499603,
        "median": 0.0244307089597,
        "min": 0.000121849661809,
        "var": 0.00165659759659
    },
    "spectral_energyband_high": {
        "dmean": 0.00112196733244,
        "dmean2": 0.00160920410417,
        "dvar": 2.90548359771e-06,
        "dvar2": 6.13164093011e-06,
        "max": 0.0173584949225,
        "mean": 0.00155778776389,
        "median": 0.000593917560764,
        "min": 2.52011091106e-06,
        "var": 4.79342679682e-06
    },
    "spectral_energyband_low": {
        "dmean": 0.0125558618456,
        "dmean2": 0.0207134280354,
        "dvar": 0.00075479678344,
        "dvar2": 0.00181943608914,
        "max": 0.216723740101,
        "mean": 0.0215052794665,
        "median": 0.00337569322437,
        "min": 7.76066030994e-07,
        "var": 0.00144537212327
    },
    "spectral_energyband_middle_high": {
        "dmean": 0.00372795574367,
        "dmean2": 0.00510072149336,
        "dvar": 2.36857995333e-05,
        "dvar2": 3.83615260944e-05,
        "max": 0.0469933971763,
        "mean": 0.00647713989019,
        "median": 0.00330682541244,
        "min": 3.27981142618e-05,
        "var": 6.19823113084e-05
    },
    "spectral_energyband_middle_low": {
        "dmean": 0.00450879475102,
        "dmean2": 0.00659630959854,
        "dvar": 1.99090773094e-05,
        "dvar2": 3.96180803364e-05,
        "max": 0.0436337962747,
        "mean": 0.00970379635692,
        "median": 0.00826686061919,
        "min": 1.09251459435e-05,
        "var": 6.1578633904e-05
    },
    "spectral_entropy": {
        "dmean": 0.238804131746,
        "dmean2": 0.321838319302,
        "dvar": 0.0491034723818,
        "dvar2": 0.104699678719,
        "max": 8.74287128448,
        "mean": 7.71464729309,
        "median": 7.66985988617,
        "min": 6.45339298248,
        "var": 0.146406069398
    },
    "spectral_flux": {
        "dmean": 0.0354252494872,
        "dmean2": 0.0538859590888,
        "dvar": 0.00158795889001,
        "dvar2": 0.00368625717238,
        "max": 0.460642457008,
        "mean": 0.11560074985,
        "median": 0.104314319789,
        "min": 0.00717788375914,
        "var": 0.0038627977483
    },
    "spectral_kurtosis": {
        "dmean": 1.47045505047,
        "dmean2": 2.35098671913,
        "dvar": 1.89144647121,
        "dvar2": 4.64437007904,
        "max": 13.5419902802,
        "mean": 3.0006980896,
        "median": 2.61662864685,
        "min": -0.72562122345,
        "var": 4.41743659973
    },
    "spectral_rms": {
        "dmean": 0.00131819257513,
        "dmean2": 0.00190052611288,
        "dvar": 2.00373824555e-06,
        "dvar2": 4.07734705732e-06,
        "max": 0.015847498551,
        "mean": 0.00541113642976,
        "median": 0.00488209351897,
        "min": 0.000344786472851,
        "var": 8.14568920759e-06
    },
    "spectral_rolloff": {
        "dmean": 1124.09362793,
        "dmean2": 1821.84936523,
        "dvar": 2729357.25,
        "dvar2": 5908730.5,
        "max": 12575.390625,
        "mean": 2111.78686523,
        "median": 1378.125,
        "min": 64.599609375,
        "var": 4927952
    },
    "spectral_skewness": {
        "dmean": 0.281812041998,
        "dmean2": 0.435615181923,
        "dvar": 0.0567527264357,
        "dvar2": 0.120826452971,
        "max": 2.58198976517,
        "mean": 1.23412811756,
        "median": 1.23448169231,
        "min": 0.164190545678,
        "var": 0.165378719568
    },
    "spectral_spread": {
        "dmean": 1025091.0625,
        "dmean2": 1445267.125,
        "dvar": 1.26860643533e+12,
        "dvar2": 2.45363612058e+12,
        "max": 12721891,
        "mean": 4901467.5,
        "median": 4404735,
        "min": 1681346.75,
        "var": 2.85647621325e+12
    },
    "spectral_strongpeak": {
        "dmean": 0.549958765507,
        "dmean2": 0.897917926311,
        "dvar": 0.757934570312,
        "dvar2": 1.68307673931,
        "max": 8.45569515228,
        "mean": 0.812453627586,
        "median": 0.43259742856,
        "min": 0,
        "var": 1.04480803013
    },
    "zerocrossingrate": {
        "dmean": 0.0226408299059,
        "dmean2": 0.0252336636186,
        "dvar": 0.000555915699806,
        "dvar2": 0.000658434524667,
        "max": 0.40234375,
        "mean": 0.075537070632,
        "median": 0.06201171875,
        "min": 0.001953125,
        "var": 0.00281030335464
    },
    "barkbands": {
        "dmean": [0.00112916564103, 0.00976808927953, 0.0039648571983, 0.00126238458324, 0.00125851063058, 0.00104959355667, 0.00095431850059, 0.00137322139926, 0.00097542651929, 0.000693752779625, 0.000815542880446, 0.000502784969285, 0.00099822843913, 0.000639339268673, 0.000381143094273, 0.000382080412237, 0.000349827343598, 0.000230214427575, 0.000323010171996, 0.000330600567395, 0.000290731084533, 0.000291165604722, 0.00020451839373, 0.000178234491614, 0.000117132389278, 4.34197681898e-05, 1.58309543252e-08],
        "dmean2": [0.002004761016, 0.0171655993909, 0.00604422949255, 0.00208320189267, 0.00197635381483, 0.00166895403527, 0.00145781855099, 0.00206228368916, 0.00146235548891, 0.00101001258008, 0.00122572481632, 0.000801149872132, 0.00147520622704, 0.00103093299549, 0.000604915840086, 0.000596738362219, 0.00053799856687, 0.000356188596925, 0.00050215650117, 0.000527515076101, 0.000438574672444, 0.000441674812464, 0.000308193644742, 0.000277172133792, 0.000175050838152, 6.65105835651e-05, 2.25015828192e-08],
        "dvar": [9.66705738392e-06, 0.000467294885311, 9.76690498646e-05, 2.94880624097e-06, 3.68957921637e-06, 2.59070657194e-06, 2.569066055e-06, 4.32986826127e-06, 2.93461130241e-06, 1.98780071514e-06, 2.78206789517e-06, 9.38332732403e-07, 5.18478327649e-06, 2.41363704845e-06, 8.08856725598e-07, 7.56190161155e-07, 3.50501835555e-07, 1.49524538529e-07, 2.70225001486e-07, 3.79955196195e-07, 3.04618595237e-07, 2.54578651493e-07, 1.36011664154e-07, 1.02317038397e-07, 4.16064018793e-08, 6.44064845901e-09, 5.73522823742e-14],
        "dvar2": [2.77730396192e-05, 0.00131792156026, 0.000198883150006, 7.12355995347e-06, 9.34158288146e-06, 5.93964568907e-06, 4.83362782688e-06, 8.31101988297e-06, 5.96685049459e-06, 3.58266493095e-06, 5.62053583053e-06, 2.22828793994e-06, 1.0089249372e-05, 5.70276279177e-06, 1.90861123883e-06, 1.72425416167e-06, 8.05820832284e-07, 3.67713539617e-07, 6.1561001985e-07, 9.91239062387e-07, 6.41705469206e-07, 5.81795518428e-07, 2.70255583246e-07, 2.40817286112e-07, 9.50780005837e-08, 1.4627230982e-08, 6.11993162852e-14],
        "max": [0.0261571109295, 0.176894724369, 0.0903396606445, 0.016874877736, 0.0255306158215, 0.0172639992088, 0.023855663836, 0.0186511110514, 0.0166227240115, 0.0234596505761, 0.0193340480328, 0.0110711883754, 0.0262388400733, 0.0175181590021, 0.0102781215683, 0.0139386951923, 0.00613131653517, 0.00475709326565, 0.00532919587567, 0.00666929082945, 0.00466664042324, 0.0055123269558, 0.00711542274803, 0.00189896137454, 0.00138375384267, 0.00070703914389, 8.25617189548e-06],
        "mean": [0.000882913533133, 0.0145819019526, 0.00528446771204, 0.00153258419596, 0.002014687052, 0.00158657308202, 0.00140230252873, 0.00169290602207, 0.0012454908574, 0.000898404454347, 0.00094223493943, 0.000568645889871, 0.00120579090435, 0.00070837669773, 0.00043494135025, 0.000455156958196, 0.000452442211099, 0.000297494407278, 0.000425634469138, 0.000397142983275, 0.000372395472368, 0.000367176049622, 0.0002585662005, 0.000185804383364, 0.000123392717796, 4.42538512289e-05, 1.31067636744e-08],
        "median": [3.74482842744e-05, 0.000965697923675, 0.000841939239763, 0.000851835357025, 0.000924833293539, 0.000727341510355, 0.000642874860205, 0.000416846683947, 0.000385205959901, 0.000162806420121, 0.000130631451611, 0.000160193289048, 0.000159128379892, 0.000169166814885, 9.45966385189e-05, 9.76705778157e-05, 0.000157046189997, 0.000126813742099, 0.000195019412786, 0.000194613705389, 0.000107252053567, 0.000145597106894, 8.56141050463e-05, 3.93790942326e-05, 2.16234948311e-05, 7.70385395299e-06, 4.70000871555e-10],
        "min": [3.21936521885e-09, 3.64458152546e-08, 3.96029946614e-08, 1.21937802078e-07, 3.40922213127e-07, 4.74255699601e-07, 3.43677186265e-07, 4.80084509036e-07, 9.23059175761e-08, 3.22537232478e-07, 3.88058737144e-07, 2.55138303373e-07, 2.87646201969e-07, 7.15773182947e-07, 6.69497183026e-07, 5.96766881245e-07, 2.80842442635e-07, 6.0389936607e-07, 5.49893911739e-07, 1.28320687054e-06, 4.45550824679e-07, 4.99364205098e-07, 7.80500286623e-09, 9.23636278571e-09, 2.54237533803e-11, 6.76915338019e-12, 9.12424216043e-12],
        "var": [7.23899756849e-06, 0.000727413920686, 0.00015326650464, 3.86844703826e-06, 7.02603347236e-06, 4.91299942951e-06, 5.28142891199e-06, 7.86247983342e-06, 4.84493693875e-06, 3.81766722057e-06, 4.33665263699e-06, 1.04893808839e-06, 8.57705981616e-06, 2.84768589154e-06, 1.04055538941e-06, 9.83779159469e-07, 5.69063161038e-07, 2.16244302464e-07, 4.10895808045e-07, 3.73526944486e-07, 4.11572671055e-07, 3.49346436224e-07, 2.08711270488e-07, 1.11504178335e-07, 5.01254788787e-08, 7.76121300561e-09, 5.65740420548e-14]
    },
    "erbbands": {
        "dmean": [0.310674667358, 2.3043153286, 4.70736598969, 3.85275816917, 4.07926225662, 4.05030679703, 6.22630929947, 8.95483779907, 13.1925992966, 15.4758491516, 32.5826225281, 20.0274047852, 21.4328994751, 24.2756557465, 30.0711460114, 21.5412006378, 43.1895217896, 37.6636619568, 19.4629306793, 22.0405883789, 19.5998325348, 19.0038108826, 13.7855587006, 13.115152359, 16.9052143097, 15.5432481766, 12.4774866104, 10.0727519989, 10.8758907318, 8.23965740204, 5.46648740768, 4.16030836105, 2.72874498367, 1.67918336391, 0.626738667488, 0.260993868113, 0.0667165443301, 0.00377351068892, 8.82157473825e-05, 2.28818389587e-05],
        "dmean2": [0.52499204874, 4.09710979462, 7.35504722595, 5.95619440079, 6.56361198425, 6.45172786713, 10.057551384, 14.2837972641, 20.4970779419, 23.3049449921, 48.0826377869, 29.326128006, 32.3955192566, 35.1537780762, 45.0592498779, 33.0328369141, 62.9527549744, 58.1573257446, 30.2538299561, 34.9269676208, 30.2850952148, 29.3199424744, 21.3919487, 20.4127731323, 26.7040348053, 24.6223182678, 19.1161823273, 14.8264818192, 16.4991855621, 12.4644451141, 8.23315429688, 6.31578636169, 4.30869102478, 2.54721999168, 0.931447267532, 0.400078266859, 0.102575726807, 0.00583333754912, 0.000131841530674, 3.45122425642e-05],
        "dvar": [0.433458685875, 29.5779457092, 156.166183472, 36.2207603455, 35.9281654358, 53.7574195862, 81.9013061523, 250.570068359, 526.292358398, 547.640258789, 2620.7434082, 1307.11682129, 1499.72546387, 2048.95898438, 3759.94360352, 1659.70532227, 10122.7441406, 7957.44970703, 1505.07995605, 3093.87011719, 1621.83874512, 977.596374512, 537.690551758, 450.316162109, 698.049926758, 833.192138672, 614.827453613, 289.854309082, 359.74822998, 184.895202637, 96.7105789185, 52.0795173645, 26.2536220551, 9.98969173431, 1.02588140965, 0.225869402289, 0.016341207549, 7.36785295885e-05, 2.92447541739e-08, 8.4804097078e-10],
        "dvar2": [1.22669923306, 85.8130950928, 348.968292236, 79.583190918, 83.8263931274, 139.386901855, 190.640304565, 598.197998047, 1020.77770996, 1112.45166016, 5092.75732422, 2723.17919922, 2939.80566406, 3947.89941406, 8177.26513672, 3677.64746094, 20230.6757812, 17411.5605469, 3525.62280273, 7187.50585938, 3552.03051758, 2253.33935547, 1364.66589355, 1045.73999023, 1655.41918945, 2135.65039062, 1366.79650879, 582.11541748, 826.989562988, 370.885253906, 200.018600464, 117.491348267, 64.9811782837, 23.6544685364, 2.23175477982, 0.516623616219, 0.0365937650204, 0.000172529631527, 6.43985629267e-08, 1.9236368054e-09],
        "max": [5.8488483429, 43.2506904602, 115.090698242, 61.4892807007, 87.6876754761, 130.248840332, 104.561004639, 190.678726196, 418.335144043, 325.464813232, 519.603393555, 396.031677246, 328.026123047, 526.203369141, 731.279846191, 429.327667236, 1471.71386719, 1106.6138916, 436.156860352, 836.191467285, 574.103210449, 298.839111328, 228.078826904, 263.00088501, 278.961578369, 305.254333496, 227.135101318, 166.923706055, 218.669631958, 223.762451172, 167.829498291, 51.248260498, 33.2834739685, 21.6743030548, 7.0835647583, 4.05659675598, 1.1692738533, 0.0981767475605, 0.00170333858114, 0.00028594606556],
        "mean": [0.500962138176, 2.96621632576, 6.42933702469, 5.39395332336, 5.82887029648, 6.71528577805, 10.1950206757, 12.748131752, 19.8874340057, 20.9189300537, 42.7782669067, 26.7376708984, 27.3984107971, 32.6154518127, 33.9022064209, 26.8248806, 51.9456558228, 44.2935295105, 24.1140975952, 25.5828113556, 25.288734436, 25.5369052887, 18.2434005737, 17.6261310577, 22.063621521, 19.1818809509, 15.9779596329, 13.4375228882, 13.4869432449, 10.6736650467, 6.74674320221, 4.54561710358, 2.66334414482, 1.67158854008, 0.696167349815, 0.268415361643, 0.0685445591807, 0.00378878950141, 0.000109905296995, 5.25452414877e-05],
        "median": [0.0311036929488, 0.229281812906, 0.991447508335, 2.73359894753, 3.33733272552, 2.72363495827, 4.16038608551, 5.70218372345, 8.05689620972, 9.98200893402, 10.753329277, 8.29124927521, 6.81120967865, 6.28429794312, 5.24313545227, 7.19561624527, 7.93084096909, 9.11731338501, 7.32487106323, 5.41469955444, 6.2904009819, 9.68544387817, 8.04883575439, 7.26324510574, 11.0083856583, 9.48720836639, 5.01454639435, 4.23446464539, 5.13506746292, 4.35219812393, 2.09313344955, 1.14764595032, 0.441287130117, 0.227571085095, 0.154838249087, 0.0502467676997, 0.0113151501864, 0.000573730329052, 4.28312159784e-05, 4.06370454584e-05],
        "min": [2.40829217546e-06, 2.61006134679e-05, 0.000193440879229, 0.000788296980318, 0.00117878185119, 0.00169936718885, 0.00289810635149, 0.0061742789112, 0.00571865728125, 0.0125078111887, 0.00775455730036, 0.00333086890168, 0.00851508136839, 0.0130625069141, 0.0161480903625, 0.0170338507742, 0.0140734016895, 0.0327714309096, 0.0445781089365, 0.0391833782196, 0.0347135700285, 0.0364434458315, 0.0359659381211, 0.0268669743091, 0.0257234554738, 0.0711895301938, 0.0299234446138, 0.0174476858228, 0.0190831236541, 0.00568615784869, 0.00126909068786, 0.000318609876558, 0.000186467368621, 1.81193499884e-05, 1.94658423425e-06, 6.77255798109e-07, 3.10798697001e-07, 1.40944777627e-07, 1.32078866955e-07, 2.11638806036e-07],
        "var": [0.83801817894, 34.7052345276, 225.587677002, 57.2848510742, 57.6643714905, 103.243278503, 167.658630371, 363.629119873, 1157.51245117, 913.128967285, 5375.86914062, 2112.22851562, 2529.61743164, 3820.0144043, 5157.07421875, 2242.11791992, 16357.6660156, 11164.9023438, 2035.08337402, 3683.5324707, 2483.82983398, 1630.26525879, 754.108398438, 696.193603516, 986.16027832, 850.547485352, 799.472351074, 455.646911621, 487.213592529, 298.318267822, 141.701248169, 61.5795211792, 26.3597259521, 10.8094987869, 1.41025316715, 0.276073753834, 0.0192909371108, 7.61632472859e-05, 3.50814026717e-08, 2.15451834151e-09]
    },
    "gfcc": {
        "mean": [4.20454502106, 76.3203430176, -121.933502197, 43.0096244812, -69.2093811035, 15.1801834106, -37.6800880432, 7.9721622467, -24.6792736053, 4.98903179169, -17.3366394043, -1.56327867508, -15.8058691025],
        "cov": [[3961.33911133, 89.2694320679, 126.902015686, 142.380996704, 69.2196044922, 332.130432129, 134.222915649, 114.58833313, 113.277404785, 89.9761352539, 101.616615295, 101.589759827, 3.94729089737], [89.2694320679, 2169.48193359, -4.3299074173, -30.6487941742, 420.725341797, -55.4559326172, 528.556396484, 48.683506012, 274.513366699, -95.796295166, 288.048278809, -28.3037319183, 89.3408203125], [126.902015686, -4.3299074173, 1286.73327637, 546.647766113, 238.681427002, 317.031494141, 159.719604492, 187.936965942, 47.8973503113, 207.404846191, 71.4959335327, 121.070663452, 31.3309993744], [142.380996704, -30.6487941742, 546.647766113, 649.784790039, 232.230209351, 122.202362061, 23.8139286041, 40.1083908081, 120.880004883, 106.26499939, 80.0792236328, 36.4639778137, 56.4572677612], [69.2196044922, 420.725341797, 238.681427002, 232.230209351, 502.621612549, 213.884140015, 157.246429443, 88.3617630005, 137.836898804, 64.5148849487, 84.0211791992, 10.3484611511, 44.483833313], [332.130432129, -55.4559326172, 317.031494141, 122.202362061, 213.884140015, 440.772460938, 224.907821655, 131.525268555, 65.4860534668, 99.7658691406, 61.0762557983, 46.1775550842, 36.3303565979], [134.222915649, 528.556396484, 159.719604492, 23.8139286041, 157.246429443, 224.907821655, 544.196716309, 204.151855469, 106.043243408, 9.71338653564, 115.515274048, 52.2823448181, 43.3460617065], [114.58833313, 48.683506012, 187.936965942, 40.1083908081, 88.3617630005, 131.525268555, 204.151855469, 230.223129272, 63.1868095398, 26.7611961365, 37.1976356506, 26.3948345184, 6.99571895599], [113.277404785, 274.513366699, 47.8973503113, 120.880004883, 137.836898804, 65.4860534668, 106.043243408, 63.1868095398, 211.991699219, 16.3912124634, 42.3392562866, -5.53896665573, 31.4238071442], [89.9761352539, -95.796295166, 207.404846191, 106.26499939, 64.5148849487, 99.7658691406, 9.71338653564, 26.7611961365, 16.3912124634, 166.783813477, 36.2057266235, 19.7536716461, 1.61644566059], [101.616615295, 288.048278809, 71.4959335327, 80.0792236328, 84.0211791992, 61.0762557983, 115.515274048, 37.1976356506, 42.3392562866, 36.2057266235, 170.290527344, 33.1506690979, 25.9576473236], [101.589759827, -28.3037319183, 121.070663452, 36.4639778137, 10.3484611511, 46.1775550842, 52.2823448181, 26.3948345184, -5.53896665573, 19.7536716461, 33.1506690979, 110.670082092, 17.8322544098], [3.94729089737, 89.3408203125, 31.3309993744, 56.4572677612, 44.483833313, 36.3303565979, 43.3460617065, 6.99571895599, 31.4238071442, 1.61644566059, 25.9576473236, 17.8322544098, 102.077590942]],
        "icov": [[0.000299944134895, -0.000168300335645, 0.000173648630152, -0.000211788312299, 0.000259999505943, -0.000460394396214, 0.000252034078585, -0.000248762255069, 7.23860739527e-06, -0.000123702935525, 0.000120515622257, -0.000375556846848, 0.000194811116671], [-0.000168300335645, 0.00204650126398, -0.00104471342638, 0.0015979957534, -0.00180918374099, 0.00226133107208, -0.00213851430453, 0.00212112837471, -0.00174215412699, 0.00123881630134, -0.00264483853243, 0.00162023003213, -0.000695279275533], [0.000173648630152, -0.00104471342638, 0.00240327976644, -0.00224547297694, 0.000959636236075, -0.00171145889908, 0.00103823991958, -0.00208842288703, 0.00161044904962, -0.00165316660423, 0.00182852917351, -0.00197112327442, 0.000714880938176], [-0.000211788312299, 0.0015979957534, -0.00224547297694, 0.00455040857196, -0.00212231720798, 0.00217931112275, -0.00112568063196, 0.00233855913393, -0.00270192534663, 0.000838634092361, -0.00285244942643, 0.00163348217029, -0.00149249238893], [0.000259999505943, -0.00180918374099, 0.000959636236075, -0.00212231720798, 0.00487460102886, -0.00321308942512, 0.0017907716101, -0.00193799275439, 0.000348851346644, -0.00107657839544, 0.00170568644535, -0.000929917034227, 0.000482700852444], [-0.000460394396214, 0.00226133107208, -0.00171145889908, 0.00217931112275, -0.00321308942512, 0.00687500787899, -0.00350904557854, 0.00189171696547, -0.00161231961101, -0.000183705647942, -0.0024343887344, 0.00171810644679, -0.00150948099326], [0.000252034078585, -0.00213851430453, 0.00103823991958, -0.00112568063196, 0.0017907716101, -0.00350904557854, 0.006000965368, -0.00449828617275, 0.00101679074578, -0.00022100910428, 0.00105019775219, -0.00226730690338, 0.00021392464987], [-0.000248762255069, 0.00212112837471, -0.00208842288703, 0.00233855913393, -0.00193799275439, 0.00189171696547, -0.00449828617275, 0.00983482133597, -0.00308889173903, 0.00137071113568, -0.00236490089446, 0.00174388103187, 0.000134067071485], [7.23860739527e-06, -0.00174215412699, 0.00161044904962, -0.00270192534663, 0.000348851346644, -0.00161231961101, 0.00101679074578, -0.00308889173903, 0.00853394437581, -0.00129077665042, 0.00221058726311, -0.000371081609046, -0.000377660471713], [-0.000123702935525, 0.00123881630134, -0.00165316660423, 0.000838634092361, -0.00107657839544, -0.000183705647942, -0.00022100910428, 0.00137071113568, -0.00129077665042, 0.00930362381041, -0.00320057105273, 0.00109097571112, 0.000371894042473], [0.000120515622257, -0.00264483853243, 0.00182852917351, -0.00285244942643, 0.00170568644535, -0.0024343887344, 0.00105019775219, -0.00236490089446, 0.00221058726311, -0.00320057105273, 0.0115002114326, -0.00372869544663, 0.000262920279056], [-0.000375556846848, 0.00162023003213, -0.00197112327442, 0.00163348217029, -0.000929917034227, 0.00171810644679, -0.00226730690338, 0.00174388103187, -0.000371081609046, 0.00109097571112, -0.00372869544663, 0.0127027695999, -0.00223890971392], [0.000194811116671, -0.000695279275533, 0.000714880938176, -0.00149249238893, 0.000482700852444, -0.00150948099326, 0.00021392464987, 0.000134067071485, -0.000377660471713, 0.000371894042473, 0.000262920279056, -0.00223890971392, 0.0116650015116]]
    },
    "melbands": {
        "dmean": [0.00267617963254, 0.00251043541357, 0.000661872851197, 0.000296579848509, 0.000195324071683, 0.000202655559406, 0.000197347515495, 0.000198541325517, 0.000256557046669, 0.000125497943372, 0.000110551976832, 9.93472858681e-05, 0.000113102811156, 5.61479610042e-05, 7.77533496148e-05, 0.000106444538687, 6.92629910191e-05, 3.31940900651e-05, 3.07782029267e-05, 2.99863877444e-05, 2.23008428293e-05, 2.17651941057e-05, 1.48543658725e-05, 1.09007987703e-05, 1.08685662781e-05, 1.39092653626e-05, 1.22516094052e-05, 1.04063146864e-05, 7.26454800315e-06, 8.78911760083e-06, 5.29417366124e-06, 6.11055656918e-06, 6.12821304458e-06, 4.45885871159e-06, 3.4584891182e-06, 2.79639220935e-06, 2.49453182732e-06, 1.91971093955e-06, 1.86290810689e-06, 1.28700105506e-06],
        "dmean2": [0.00464221742004, 0.00409775227308, 0.00100766075775, 0.000472763640573, 0.000311065028654, 0.000320200022543, 0.000305697671138, 0.000293265969958, 0.000376561103621, 0.000186111908988, 0.000168176324223, 0.000144672245369, 0.000167585138115, 9.11861352506e-05, 0.00011660670134, 0.000159349161549, 0.000109463100671, 5.30000615981e-05, 4.83863223053e-05, 4.73439249618e-05, 3.4532018617e-05, 3.38528370776e-05, 2.36341511481e-05, 1.6868871171e-05, 1.71607971424e-05, 2.1776122594e-05, 1.99586120289e-05, 1.6566074919e-05, 1.09852808237e-05, 1.33360945256e-05, 7.78075445851e-06, 9.39669826039e-06, 9.47391072259e-06, 6.75758201396e-06, 5.3018629842e-06, 4.30496811532e-06, 3.81838344765e-06, 3.09757092509e-06, 2.87397347165e-06, 1.974628276e-06],
        "dvar": [3.2010506402e-05, 4.11517066823e-05, 9.64013338489e-07, 2.40479721469e-07, 7.68053709521e-08, 1.14922364958e-07, 1.10439522416e-07, 7.99813832941e-08, 1.62797149983e-07, 5.19458787096e-08, 4.11453839888e-08, 3.70771857661e-08, 5.64086874988e-08, 1.31556214811e-08, 2.20681535268e-08, 7.48252091398e-08, 2.9870736995e-08, 5.14819031849e-09, 5.2261781569e-09, 5.3995066196e-09, 2.10167439008e-09, 1.32370037154e-09, 8.18140555303e-10, 3.66367269855e-10, 3.34770738908e-10, 5.55924695167e-10, 4.47025194639e-10, 3.64759944471e-10, 2.11454367904e-10, 3.20179410762e-10, 8.45113007353e-11, 1.1092382568e-10, 1.39755082507e-10, 6.15962905681e-11, 4.39816169595e-11, 2.77470459803e-11, 1.90150725027e-11, 1.3124596028e-11, 1.30329635972e-11, 5.73584279032e-12],
        "dvar2": [8.84776964085e-05, 0.000101175239251, 2.0139686967e-06, 6.27140366305e-07, 1.78819206553e-07, 2.68253131708e-07, 2.15164149608e-07, 1.65495094961e-07, 3.16655132337e-07, 1.05733157341e-07, 8.03613602329e-08, 7.08587251097e-08, 1.20117888969e-07, 3.2529193561e-08, 4.64577993853e-08, 1.52784267016e-07, 7.04230629367e-08, 1.26732553341e-08, 1.24177841343e-08, 1.25460335454e-08, 4.60210491937e-09, 3.03207925434e-09, 2.1552495344e-09, 8.53655202082e-10, 7.96867516417e-10, 1.27659049998e-09, 1.18668852522e-09, 9.2091761994e-10, 4.6943599008e-10, 7.51389062081e-10, 1.73284983584e-10, 2.55963639173e-10, 3.35623195902e-10, 1.23470289548e-10, 9.14917447359e-11, 6.64812926932e-11, 4.30595073486e-11, 3.28613490586e-11, 3.14546444447e-11, 1.35754914254e-11],
        "max": [0.0477611608803, 0.0561603605747, 0.0101396720856, 0.00703786872327, 0.00302417832427, 0.00389499426819, 0.00537995016202, 0.00364721962251, 0.00406248448417, 0.00253427075222, 0.00206342875026, 0.00269725988619, 0.00303528690711, 0.0013641306432, 0.00169193092734, 0.0033050654456, 0.00214105052873, 0.000785817217547, 0.000805101532023, 0.00112291134428, 0.000578162784223, 0.000361857441021, 0.000296186364722, 0.00030049830093, 0.000231339014135, 0.000260748813162, 0.000198357156478, 0.000199070724193, 0.000146566409967, 0.000151923013618, 0.000113804599096, 0.000141998185427, 0.000122208308312, 0.000155120156705, 0.00012458403944, 4.17000701418e-05, 2.56084222201e-05, 2.09151548916e-05, 2.4734172257e-05, 1.60370327649e-05],
        "mean": [0.00424396339804, 0.00355722033419, 0.000971351517364, 0.000466792786028, 0.000329314789269, 0.000303228589473, 0.000295887468383, 0.000249070784776, 0.000346380460542, 0.000159657298354, 0.000137626455398, 0.000130632746732, 0.000126045226352, 6.33050876786e-05, 9.2205045803e-05, 0.00012289469305, 7.61542614782e-05, 3.86094252462e-05, 3.4844277252e-05, 3.34571559506e-05, 2.8161373848e-05, 2.83023582597e-05, 1.81611940206e-05, 1.45866997627e-05, 1.36137059599e-05, 1.79665221367e-05, 1.39514613693e-05, 1.2480300029e-05, 9.16932094697e-06, 1.00772940641e-05, 7.00722057445e-06, 7.59050499255e-06, 7.09992946213e-06, 5.66072367292e-06, 4.17197497882e-06, 3.00437977785e-06, 2.64284108198e-06, 1.82213659627e-06, 1.78456275535e-06, 1.26898714825e-06],
        "median": [0.000281237385934, 0.000497123110108, 0.000563703011721, 0.000222914750339, 0.000142164513818, 0.000138148490805, 0.000128840634716, 0.000103808859421, 8.46698821988e-05, 4.69464539492e-05, 3.09291790472e-05, 2.349719216e-05, 1.77480069397e-05, 1.68568130903e-05, 1.87372734217e-05, 1.65372857737e-05, 1.50619953274e-05, 1.11263616418e-05, 7.93142498878e-06, 6.34969956081e-06, 6.74356624586e-06, 9.62886315392e-06, 7.4435802162e-06, 6.14276177657e-06, 4.85703958475e-06, 8.03249895398e-06, 6.58517183183e-06, 5.65897516935e-06, 2.76517948805e-06, 2.2865090159e-06, 2.33560831475e-06, 2.84113093585e-06, 2.67058112513e-06, 2.19511343857e-06, 1.24246435007e-06, 7.91634590769e-07, 5.99749171215e-07, 3.07227878693e-07, 2.0960463587e-07, 1.80559140972e-07],
        "min": [1.58594879451e-08, 1.89552249452e-08, 1.45227318171e-07, 2.79840808304e-08, 8.15280358779e-08, 7.46768833437e-08, 8.18382659418e-08, 1.4691603667e-07, 5.74875578252e-08, 1.72761875916e-08, 4.40536993551e-08, 2.8537197494e-08, 6.62909656057e-08, 2.32032402181e-08, 3.18038964053e-08, 3.39591466059e-08, 5.22058805075e-08, 4.32463664879e-08, 4.85304667563e-08, 3.36500853848e-08, 2.94439530535e-08, 1.66306453053e-08, 5.06652959587e-08, 2.72421640801e-08, 1.93026501449e-08, 2.68231694633e-08, 1.24399779367e-08, 5.82777559544e-08, 1.24188859196e-09, 7.59444418463e-09, 3.90553062113e-10, 1.27016690499e-08, 5.98832272658e-09, 2.0725465788e-09, 2.15099868472e-10, 1.06117170606e-10, 8.54502441028e-11, 2.03036285701e-12, 8.62931427703e-12, 5.87195927732e-13],
