{
"highlevel": {
    "danceability": {
        "all": {
            "danceable": 0.999947667122,
            "not_danceable": 5.23072521901e-05
        },
        "probability": 0.999947667122,
        "value": "danceable"
    },
    "gender": {
        "all": {
            "female": 0.87633228302,
            "male": 0.123667709529
        },
        "probability": 0.87633228302,
        "value": "female"
    },
    "genre_dortmund": {
        "all": {
            "alternative": 0.0128756705672,
            "blues": 0.020847177133,
            "electronic": 0.622726619244,
            "folkcountry": 0.0279985647649,
            "funksoulrnb": 0.00989652052522,
            "jazz": 0.0265165809542,
            "pop": 0.0920999646187,
            "raphiphop": 0.133738055825,
            "rock": 0.0533008500934
        },
        "probability": 0.622726619244,
        "value": "electronic"
    },
    "genre_electronic": {
        "all": {
            "ambient": 0.202643319964,
            "dnb": 0.627456486225,
            "house": 0.0543056502938,
            "techno": 0.0172971002758,
            "trance": 0.0982974544168
        },
        "probability": 0.627456486225,
        "value": "dnb"
    },
    "genre_rosamerica": {
        "all": {
            "cla": 0.00144789088517,
            "dan": 0.0960888788104,
            "hip": 0.0342923142016,
            "jaz": 0.00144669727888,
            "pop": 0.656174659729,
            "rhy": 0.024209452793,
            "roc": 0.185348764062,
            "spe": 0.000991370878182
        },
        "probability": 0.656174659729,
        "value": "pop"
    },
    "genre_tzanetakis": {
        "all": {
            "blu": 0.0626541376114,
            "cla": 0.0348133966327,
            "cou": 0.0783501937985,
            "dis": 0.104547761381,
            "hip": 0.15693578124,
            "jaz": 0.313987255096,
            "met": 0.044816005975,
            "pop": 0.0627349764109,
            "reg": 0.0627352520823,
            "roc": 0.0784252434969
        },
        "probability": 0.313987255096,
        "value": "jaz"
    },
    "ismir04_rhythm": {
        "all": {
            "ChaChaCha": 0.0852780863643,
            "Jive": 0.0679811835289,
            "Quickstep": 0.0434353239834,
            "Rumba-American": 0.0219760984182,
            "Rumba-International": 0.31107082963,
            "Rumba-Misc": 0.0420297831297,
            "Samba": 0.345452278852,
            "Tango": 0.00813740864396,
            "VienneseWaltz": 0.0340921059251,
            "Waltz": 0.0405469015241
        },
        "probability": 0.345452278852,
        "value": "Samba"
    },
    "mood_acoustic": {
        "all": {
            "acoustic": 5.70438942304e-07,
            "not_acoustic": 0.999999403954
        },
        "probability": 0.999999403954,
        "value": "not_acoustic"
    },
    "mood_aggressive": {
        "all": {
            "aggressive": 0.201844781637,
            "not_aggressive": 0.798155248165
        },
        "probability": 0.798155248165,
        "value": "not_aggressive"
    },
    "mood_electronic": {
        "all": {
            "electronic": 0.983872592449,
            "not_electronic": 0.0161273982376
        },
        "probability": 0.983872592449,
        "value": "electronic"
    },
    "mood_happy": {
        "all": {
            "happy": 0.581626713276,
            "not_happy": 0.418373286724
        },
        "probability": 0.581626713276,
        "value": "happy"
    },
    "mood_party": {
        "all": {
            "not_party": 0.200955793262,
            "party": 0.799044191837
        },
        "probability": 0.799044191837,
        "value": "party"
    },
    "mood_relaxed": {
        "all": {
            "not_relaxed": 0.723232150078,
            "relaxed": 0.27676782012
        },
        "probability": 0.723232150078,
        "value": "not_relaxed"
    },
    "mood_sad": {
        "all": {
            "not_sad": 0.798299014568,
            "sad": 0.201700970531
        },
        "probability": 0.798299014568,
        "value": "not_sad"
    },
    "moods_mirex": {
        "all": {
            "Cluster1": 0.243775159121,
            "Cluster2": 0.0885206311941,
            "Cluster3": 0.0823226422071,
            "Cluster4": 0.0497296266258,
            "Cluster5": 0.535651922226
        },
        "probability": 0.535651922226,
        "value": "Cluster5"
    },
    "timbre": {
        "all": {
            "bright": 0.151207268238,
            "dark": 0.848792731762
        },
        "probability": 0.848792731762,
        "value": "dark"
    },
    "tonal_atonal": {
        "all": {
            "atonal": 0.378822982311,
            "tonal": 0.621177017689
        },
        "probability": 0.621177017689,
        "value": "tonal"
    },
    "voice_instrumental": {
        "all": {
            "instrumental": 0.14163275063,
            "voice": 0.858367264271
        },
        "probability": 0.858367264271,
        "value": "voice"
    }
},
"lowlevel": {
    "average_loudness": 0.897121369839,
    "barkbands_crest": {
        "dmean": 2.63856697083,
        "dmean2": 4.09577941895,
        "dvar": 6.67450666428,
        "dvar2": 18.0365085602,
        "max": 25.775932312,
        "mean": 14.5384511948,
        "median": 14.8151721954,
        "min": 3.18914294243,
        "var": 20.6094474792
    },
    "barkbands_flatness_db": {
        "dmean": 0.0272591747344,
        "dmean2": 0.0417072512209,
        "dvar": 0.00103412882891,
        "dvar2": 0.00260988459922,
        "max": 0.60471445322,
        "mean": 0.205961927772,
        "median": 0.18368524313,
        "min": 0.0644886642694,
        "var": 0.00997216906399
    },
    "barkbands_kurtosis": {
        "dmean": 4.89325141907,
        "dmean2": 7.67983341217,
        "dvar": 66.3551940918,
        "dvar2": 161.830932617,
        "max": 146.01234436,
        "mean": 8.95928096771,
        "median": 5.38251781464,
        "min": -1.33962678909,
        "var": 129.073760986
    },
    "barkbands_skewness": {
        "dmean": 0.656590104103,
        "dmean2": 1.02465867996,
        "dvar": 0.471579104662,
        "dvar2": 1.17268109322,
        "max": 8.7794418335,
        "mean": 2.4286980629,
        "median": 2.28670525551,
        "min": -1.92378365993,
        "var": 2.10141158104
    },
    "barkbands_spread": {
        "dmean": 4.35799121857,
        "dmean2": 6.76004171371,
        "dvar": 29.2149562836,
        "dvar2": 71.60962677,
        "max": 56.633480072,
        "mean": 15.115904808,
        "median": 13.273976326,
        "min": 0.169063955545,
        "var": 93.8604736328
    },
    "dissonance": {
        "dmean": 0.0220121927559,
        "dmean2": 0.0366689935327,
        "dvar": 0.00088623422198,
        "dvar2": 0.002307822695,
        "max": 0.5,
        "mean": 0.457633525133,
        "median": 0.4731785357,
        "min": 0.129215508699,
        "var": 0.00274856342003
    },
    "dynamic_complexity": 2.50917768478,
    "erbbands_crest": {
        "dmean": 2.5395796299,
        "dmean2": 4.14737796783,
        "dvar": 5.84045648575,
        "dvar2": 14.6700172424,
        "max": 29.996049881,
        "mean": 8.84397315979,
        "median": 7.8880200386,
        "min": 2.96497559547,
        "var": 17.5115718842
    },
    "erbbands_flatness_db": {
        "dmean": 0.0162296742201,
        "dmean2": 0.024962823838,
        "dvar": 0.000425556820119,
        "dvar2": 0.00101937761065,
        "max": 0.515104591846,
        "mean": 0.159360215068,
        "median": 0.132003456354,
        "min": 0.0573481395841,
        "var": 0.00719908438623
    },
    "erbbands_kurtosis": {
        "dmean": 0.929385364056,
        "dmean2": 1.50691306591,
        "dvar": 2.46368050575,
        "dvar2": 5.94825077057,
        "max": 39.6794128418,
        "mean": 0.865857839584,
        "median": 0.295260429382,
        "min": -1.43126833439,
        "var": 6.24041509628
    },
    "erbbands_skewness": {
        "dmean": 0.307679235935,
        "dmean2": 0.495102733374,
        "dvar": 0.0797492340207,
        "dvar2": 0.178384974599,
        "max": 3.31706690788,
        "mean": 0.271596521139,
        "median": 0.230731934309,
        "min": -1.57506930828,
        "var": 0.399750709534
    },
    "erbbands_spread": {
        "dmean": 6.39051485062,
        "dmean2": 9.92954444885,
        "dvar": 34.2485351562,
        "dvar2": 81.7219848633,
        "max": 90.3687515259,
        "mean": 33.533405304,
        "median": 32.9131889343,
        "min": 0.825161099434,
        "var": 239.46522522
    },
    "hfc": {
        "dmean": 7.49998188019,
        "dmean2": 11.3449058533,
        "dvar": 124.799568176,
        "dvar2": 270.143188477,
        "max": 128.23677063,
        "mean": 23.9561481476,
        "median": 21.2849578857,
        "min": 0.129614055157,
        "var": 326.244018555
    },
    "melbands_crest": {
        "dmean": 3.14852619171,
        "dmean2": 4.98466587067,
        "dvar": 10.7054405212,
        "dvar2": 29.5385837555,
        "max": 35.9088287354,
        "mean": 22.7949352264,
        "median": 24.478729248,
        "min": 4.34597063065,
        "var": 48.0845718384
    },
    "melbands_flatness_db": {
        "dmean": 0.0322859808803,
        "dmean2": 0.0484010390937,
        "dvar": 0.00148810609244,
        "dvar2": 0.0037171675358,
        "max": 0.733266413212,
        "mean": 0.286669701338,
        "median": 0.260644763708,
        "min": 0.083264760673,
        "var": 0.0149887688458
    },
    "melbands_kurtosis": {
        "dmean": 10.8618993759,
        "dmean2": 17.1210002899,
        "dvar": 261.283996582,
        "dvar2": 655.805847168,
        "max": 192.953994751,
        "mean": 23.4204921722,
        "median": 15.0938529968,
        "min": -1.10040664673,
        "var": 665.273620605
    },
    "melbands_skewness": {
        "dmean": 0.880772531033,
        "dmean2": 1.38525795937,
        "dvar": 0.818362236023,
        "dvar2": 2.13595128059,
        "max": 11.8669099808,
        "mean": 3.72239995003,
        "median": 3.51132297516,
        "min": -1.39297270775,
        "var": 4.2912979126
    },
    "melbands_spread": {
        "dmean": 3.95950126648,
        "dmean2": 6.26834440231,
        "dvar": 23.1295413971,
        "dvar2": 60.7397193909,
        "max": 51.4970703125,
        "mean": 12.6064748764,
        "median": 10.1776943207,
        "min": 0.263773083687,
        "var": 80.0012664795
    },
    "pitch_salience": {
        "dmean": 0.075704112649,
        "dmean2": 0.117788121104,
        "dvar": 0.00566346151754,
        "dvar2": 0.014091023244,
        "max": 0.868906259537,
        "mean": 0.395126372576,
        "median": 0.365006357431,
        "min": 0.082986690104,
        "var": 0.0205501317978
    },
    "silence_rate_20dB": {
        "dmean": 0,
        "dmean2": 0,
        "dvar": 0,
        "dvar2": 0,
        "max": 1,
        "mean": 1,
        "median": 1,
        "min": 1,
        "var": 0
    },
    "silence_rate_30dB": {
        "dmean": 0.0727554187179,
        "dmean2": 0.145623549819,
        "dvar": 0.0674628689885,
        "dvar2": 0.163149341941,
        "max": 1,
        "mean": 0.622583150864,
        "median": 1,
        "min": 0,
        "var": 0.234974727035
    },
    "silence_rate_60dB": {
        "dmean": 0.0255417954177,
        "dmean2": 0.0503485687077,
        "dvar": 0.0248894114047,
        "dvar2": 0.0555595196784,
        "max": 1,
        "mean": 0.0525908730924,
        "median": 0,
        "min": 0,
        "var": 0.0498250611126
    },
    "spectral_centroid": {
        "dmean": 204.338165283,
        "dmean2": 295.122589111,
        "dvar": 51952.6015625,
        "dvar2": 97858.1953125,
        "max": 3392.21044922,
        "mean": 1171.50146484,
        "median": 1133.65112305,
        "min": 128.975875854,
        "var": 321573
    },
    "spectral_complexity": {
        "dmean": 4.15944290161,
        "dmean2": 6.09527492523,
        "dvar": 22.8662910461,
        "dvar2": 43.4710655212,
        "max": 58,
        "mean": 21.3248252869,
        "median": 21,
        "min": 1,
        "var": 106.500770569
    },
    "spectral_decrease": {
        "dmean": 4.96079000101e-09,
        "dmean2": 7.92070586897e-09,
        "dvar": 4.45761808753e-17,
        "dvar2": 1.32638397988e-16,
        "max": -9.51779627334e-11,
        "mean": -2.06391170821e-08,
        "median": -1.98352605452e-08,
        "min": -6.34655279441e-08,
        "var": 1.81065455339e-16
    },
    "spectral_energy": {
        "dmean": 0.0190717764199,
        "dmean2": 0.0304345507175,
        "dvar": 0.000643167819362,
        "dvar2": 0.00190900149755,
        "max": 0.241820305586,
        "mean": 0.080069668591,
        "median": 0.0776119306684,
        "min": 0.000370979338186,
        "var": 0.00266932230443
    },
    "spectral_energyband_high": {
        "dmean": 0.000470043742098,
        "dmean2": 0.00070500333095,
        "dvar": 9.41704058732e-07,
        "dvar2": 1.96584437617e-06,
        "max": 0.0117733711377,
        "mean": 0.000781567359809,
        "median": 0.000445077603217,
        "min": 1.93188109954e-09,
        "var": 1.60538149885e-06
    },
    "spectral_energyband_low": {
        "dmean": 0.0171763617545,
        "dmean2": 0.0262379962951,
        "dvar": 0.000597651989665,
        "dvar2": 0.00178354931995,
        "max": 0.234713122249,
        "mean": 0.0616876482964,
        "median": 0.0559911765158,
        "min": 2.46916279139e-05,
        "var": 0.00221175467595
    },
    "spectral_energyband_middle_high": {
        "dmean": 0.00231600296684,
        "dmean2": 0.00369088700972,
        "dvar": 1.14101821964e-05,
        "dvar2": 2.75221409538e-05,
        "max": 0.0398257449269,
        "mean": 0.00657890643924,
        "median": 0.00548514118418,
        "min": 5.93153288264e-07,
        "var": 2.95273312076e-05
    },
    "spectral_energyband_middle_low": {
        "dmean": 0.00517422147095,
        "dmean2": 0.00854012649506,
        "dvar": 0.000163764343597,
        "dvar2": 0.000431779568316,
        "max": 0.113584883511,
        "mean": 0.011522336863,
        "median": 0.00936596747488,
        "min": 0.000149358427734,
        "var": 0.000147604063386
    },
    "spectral_entropy": {
        "dmean": 0.1620772928,
        "dmean2": 0.23837774992,
        "dvar": 0.0470554940403,
        "dvar2": 0.110612377524,
        "max": 8.38274002075,
        "mean": 7.40139436722,
        "median": 7.63577461243,
        "min": 4.05984640121,
        "var": 0.664338409901
    },
    "spectral_flux": {
        "dmean": 0.0287416856736,
        "dmean2": 0.0441705137491,
        "dvar": 0.00113827898167,
        "dvar2": 0.0023559613619,
        "max": 0.373539596796,
        "mean": 0.105915009975,
        "median": 0.0947139784694,
        "min": 0.00774848088622,
        "var": 0.0041259075515
    },
    "spectral_kurtosis": {
        "dmean": 9.66506004333,
        "dmean2": 15.295340538,
        "dvar": 1030.21801758,
        "dvar2": 2492.48120117,
        "max": 623.501708984,
        "mean": 21.8972454071,
        "median": 4.13422775269,
        "min": 0.483783721924,
        "var": 3754.94750977
    },
    "spectral_rms": {
        "dmean": 0.00103643222246,
        "dmean2": 0.00164074194618,
        "dvar": 1.54977499278e-06,
        "dvar2": 4.55103599961e-06,
        "max": 0.0153597611934,
        "mean": 0.00819025933743,
        "median": 0.00870166439563,
        "min": 0.000601607083809,
        "var": 1.10363771455e-05
    },
    "spectral_rolloff": {
        "dmean": 224.864303589,
        "dmean2": 381.708831787,
        "dvar": 121336.164062,
        "dvar2": 317334.40625,
        "max": 3854.44335938,
        "mean": 528.087646484,
        "median": 344.53125,
        "min": 64.599609375,
        "var": 249060.03125
    },
    "spectral_skewness": {
        "dmean": 0.479304552078,
        "dmean2": 0.759507894516,
        "dvar": 1.3080766201,
        "dvar2": 3.13242793083,
        "max": 21.3580589294,
        "mean": 2.54236650467,
        "median": 1.67479014397,
        "min": 0.536034464836,
        "var": 8.14663028717
    },
    "spectral_spread": {
        "dmean": 459676.28125,
        "dmean2": 730484.5,
        "dvar": 211716947968,
        "dvar2": 549234343936,
        "max": 7901160.5,
        "mean": 4192720.5,
        "median": 4497497,
        "min": 249136.71875,
        "var": 2.15605431501e+12
    },
    "spectral_strongpeak": {
        "dmean": 0.162903308868,
        "dmean2": 0.273880779743,
        "dvar": 0.134023427963,
        "dvar2": 0.308713138103,
        "max": 4.91097784042,
        "mean": 0.421682268381,
        "median": 0.32693362236,
        "min": 0,
        "var": 0.213593170047
    },
    "zerocrossingrate": {
        "dmean": 0.00592740159482,
        "dmean2": 0.00773609988391,
        "dvar": 3.88018088415e-05,
        "dvar2": 6.08387163084e-05,
        "max": 0.0947265625,
        "mean": 0.0298300944269,
        "median": 0.02685546875,
        "min": 0.00244140625,
        "var": 0.000295832840493
    },
    "barkbands": {
        "dmean": [0.00225226860493, 0.0166201386601, 0.00295463879593, 0.00180692214053, 0.00244006700814, 0.00100090866908, 0.000642582541332, 0.00118384708185, 0.000505981268361, 0.000851447752211, 0.000515032035764, 0.000431771564763, 0.000438609626144, 0.000292463868391, 0.000284516223473, 0.000408803520259, 0.000260678410996, 0.000175261258846, 0.000197550180019, 0.000144399382407, 0.000112830275611, 9.44641360547e-05, 0.000104561564513, 7.88223114796e-05, 6.2873463321e-05, 2.42556106969e-05, 1.12356461912e-08],
        "dmean2": [0.00378447514959, 0.0256727710366, 0.00443346658722, 0.00330532062799, 0.00427292240784, 0.00167613511439, 0.000991001841612, 0.00184869673103, 0.000795283587649, 0.00140551524237, 0.000830577861052, 0.000691278139129, 0.000736178772058, 0.00046869381913, 0.0004757954448, 0.000648514600471, 0.000408916122979, 0.000280279840808, 0.00031832625973, 0.000224898438319, 0.000175208260771, 0.00014526504674, 0.000156655267347, 0.00012098535808, 9.79806427495e-05, 3.91910689359e-05, 1.74956777954e-08],
        "dvar": [1.02148123915e-05, 0.000581107975449, 6.77660427755e-05, 4.72990323033e-05, 6.19079073658e-05, 4.80111657453e-06, 1.19235085094e-06, 2.7845724162e-06, 7.86393229646e-07, 4.32950582763e-06, 5.59069462724e-07, 5.61517595088e-07, 4.98783208513e-07, 2.20820581376e-07, 2.24752355393e-07, 6.07188667345e-07, 1.55918641553e-07, 7.55090212579e-08, 2.2997200233e-07, 5.85933896957e-08, 6.07898726912e-08, 4.33423039681e-08, 5.26577110804e-08, 2.99498985612e-08, 2.10898072339e-08, 2.65862309945e-09, 1.63350219175e-14],
        "dvar2": [3.00633000734e-05, 0.00167559157126, 0.000151626183651, 0.00013638913515, 0.000178041969775, 1.18593598017e-05, 2.40188978751e-06, 6.4366904553e-06, 1.91432832253e-06, 1.06645293272e-05, 1.41470331982e-06, 1.42007479553e-06, 1.33748937969e-06, 5.3051900295e-07, 5.90468687278e-07, 1.4316422039e-06, 3.85418616133e-07, 1.85094066296e-07, 6.06476703524e-07, 1.40126786619e-07, 1.36506798754e-07, 1.00493686261e-07, 1.02587662809e-07, 6.50698268601e-08, 4.75052388538e-08, 6.46272724225e-09, 1.79469544152e-14],
        "max": [0.0452025160193, 0.217309057713, 0.0868189930916, 0.0731607079506, 0.0739528760314, 0.0349295251071, 0.0255257431418, 0.0219306591898, 0.0131799029186, 0.0274530388415, 0.00857628881931, 0.00842386484146, 0.0110686775297, 0.007520691026, 0.00503603741527, 0.0103650344536, 0.00540342601016, 0.00311453663744, 0.010633258149, 0.00246068066917, 0.00335533125326, 0.00272557418793, 0.00421408377588, 0.00235927593894, 0.00295190396719, 0.000501717382576, 4.46906142315e-06],
        "mean": [0.0114643005654, 0.0453266911209, 0.00449032848701, 0.00203757709824, 0.00305890990421, 0.00166476634331, 0.0012294689659, 0.00255099800415, 0.000780813454185, 0.00118007871788, 0.000988941872492, 0.000640256621409, 0.000725327699911, 0.000531946599949, 0.0004360821913, 0.000838883162942, 0.000566548667848, 0.000296041805996, 0.000328077177983, 0.000241080662818, 0.00015811996127, 0.00013397053408, 0.000159323579282, 0.000116474555398, 9.26692446228e-05, 3.20023355016e-05, 8.95347262997e-09],
        "median": [0.00946622807533, 0.0391776189208, 0.00264043104835, 0.000940316938795, 0.00155239680316, 0.00104972650297, 0.000679510878399, 0.0011053502094, 0.000356798060238, 0.000505443429574, 0.000461583869765, 0.000361716956832, 0.000399359734729, 0.000280306121567, 0.000264690141194, 0.00021335890051, 0.00023292566766, 0.000136349030072, 0.000148179402458, 0.000116333387268, 7.46568330214e-05, 6.8517998443e-05, 7.54619104555e-05, 5.74173354835e-05, 4.62154166598e-05, 1.6190821043e-05, 7.31994187486e-10],
        "min": [4.43055512278e-08, 1.66531935974e-05, 2.03551826417e-06, 8.52632410897e-07, 1.5683364154e-06, 2.80649419437e-06, 2.98402778753e-06, 7.68438553678e-07, 1.6966162093e-06, 2.80386444729e-07, 1.47449327415e-07, 5.14859586076e-08, 3.26815339236e-08, 1.65685942743e-09, 1.83543347188e-09, 4.46021164446e-10, 7.73953179323e-10, 5.45104794636e-10, 5.07522412985e-10, 2.65802019284e-10, 2.59425786409e-10, 4.62648641619e-10, 2.89703039336e-10, 1.82746855842e-11, 7.31710178559e-12, 1.12612167855e-11, 1.50433155516e-11],
        "var": [0.00012474070536, 0.00145457312465, 7.42874035495e-05, 2.82827204501e-05, 4.09575186495e-05, 6.53422557662e-06, 3.45368471244e-06, 1.0360118722e-05, 1.96049882106e-06, 6.06099092693e-06, 1.50531741383e-06, 7.55724158807e-07, 9.60992792898e-07, 6.61841738747e-07, 3.15285433317e-07, 2.32617253459e-06, 6.05431864642e-07, 1.61116730624e-07, 4.19572131705e-07, 1.07742067712e-07, 7.61892025025e-08, 5.5958455647e-08, 1.00987115559e-07, 5.11588602592e-08, 3.486589506e-08, 3.28717231213e-09, 1.60424143858e-14]
    },
    "erbbands": {
        "dmean": [0.755418241024, 3.02689528465, 3.57537746429, 5.01493740082, 5.88086748123, 8.67834091187, 10.5280351639, 8.28722572327, 8.74687576294, 15.8099422455, 24.0464725494, 11.723903656, 13.3108415604, 29.8327655792, 21.1849193573, 19.7446708679, 18.0480690002, 17.0195083618, 15.8536672592, 20.0836391449, 13.0425081253, 11.3861169815, 10.3186969757, 9.08768463135, 9.17695808411, 6.47488689423, 4.4634308815, 4.20404577255, 3.21070933342, 3.87350821495, 2.728089571, 1.82202279568, 1.27477407455, 0.843365728855, 0.377875477076, 0.131055086851, 0.047978527844, 0.00390486349352, 7.53692656872e-05, 2.23568367801e-05],
        "dmean2": [1.1437677145, 4.72391366959, 5.16748714447, 8.55512809753, 10.4503726959, 15.1787252426, 17.4727745056, 14.0325145721, 13.7619819641, 24.6044406891, 37.7553520203, 18.4162769318, 21.157365799, 49.6581878662, 33.7851333618, 31.5684299469, 30.2315368652, 27.2737674713, 26.2936248779, 32.1871604919, 21.084192276, 17.9024658203, 16.2132072449, 14.6009740829, 14.3723316193, 10.010638237, 6.92105436325, 6.54348897934, 4.83793497086, 5.70254945755, 4.20520401001, 2.88487434387, 1.93166458607, 1.29475164413, 0.609095931053, 0.213565811515, 0.0793440639973, 0.0066103534773, 0.000122808749438, 3.51464768755e-05],
        "dvar": [1.15075755119, 22.1630134583, 72.5733108521, 330.478485107, 419.050109863, 751.410339355, 585.036010742, 366.091949463, 234.37689209, 507.658966064, 1406.12145996, 401.242675781, 552.177185059, 5328.46484375, 933.861633301, 1203.49743652, 917.684143066, 734.373962402, 584.869934082, 1323.13415527, 455.200805664, 276.055664062, 237.373687744, 507.977081299, 276.867553711, 125.53994751, 77.9801940918, 90.6184539795, 49.5099029541, 78.0857162476, 30.6617774963, 16.1162967682, 9.19950675964, 4.44529342651, 0.657540977001, 0.0885681211948, 0.0126812979579, 9.1804038675e-05, 2.86846439934e-08, 7.84704856649e-10],
        "dvar2": [3.4658176899, 60.5074081421, 160.79119873, 897.241271973, 1172.97595215, 2148.17163086, 1614.3770752, 844.888244629, 478.085449219, 1131.81933594, 3487.50537109, 1005.44598389, 1259.79211426, 13367.8945312, 2269.97851562, 3088.89746094, 2518.1550293, 1690.78393555, 1520.8717041, 3217.06689453, 1055.53442383, 689.02722168, 567.947937012, 1382.32617188, 627.079284668, 295.298156738, 171.555801392, 201.510818481, 115.663269043, 156.095626831, 64.0123291016, 40.226348877, 17.4789142609, 9.29736709595, 1.68111360073, 0.212479993701, 0.0324462912977, 0.000244975119131, 7.42548635912e-08, 2.20869633694e-09],
        "max": [8.59529399872, 48.3741950989, 100.353477478, 188.137420654, 181.431106567, 269.902374268, 372.217102051, 435.973510742, 369.406768799, 318.925964355, 427.650909424, 358.825164795, 251.973892212, 988.234802246, 453.383087158, 402.245666504, 482.752532959, 422.7918396, 211.867858887, 446.911468506, 256.688201904, 208.379425049, 193.658920288, 459.645294189, 328.058227539, 112.857971191, 99.9524002075, 119.642730713, 81.6473846436, 165.559814453, 84.8038024902, 38.1225814819, 55.2914123535, 47.8419342041, 10.6891651154, 3.42913222313, 0.950830876827, 0.0817531421781, 0.0014741072664, 0.00026648453786],
        "mean": [2.2125043869, 6.3835978508, 6.93268680573, 6.26544713974, 6.73178815842, 10.5152864456, 17.1138362885, 12.4176111221, 16.8659343719, 30.5347671509, 52.5517158508, 21.7041950226, 20.4569797516, 43.4087104797, 43.1476173401, 31.9995689392, 32.2551765442, 31.7405223846, 26.2883682251, 40.4233207703, 30.4391498566, 24.6335048676, 20.2716903687, 13.934504509, 17.3100414276, 11.0720825195, 6.68887996674, 5.77650403976, 4.62470722198, 5.44885826111, 4.23185920715, 2.49631214142, 1.96825790405, 1.28810596466, 0.508343338966, 0.182520270348, 0.0559061430395, 0.00390558619983, 0.000119437347166, 9.4856339274e-05],
        "median": [1.85755205154, 4.7310218811, 4.8574256897, 3.21758198738, 3.31778597832, 4.77291679382, 7.80511283875, 7.92803812027, 9.04731559753, 17.2521362305, 23.8825321198, 12.7468557358, 9.43189811707, 23.1702346802, 24.1487445831, 19.6644077301, 18.3014736176, 17.5202312469, 16.6153717041, 12.8351287842, 11.9506721497, 13.5063419342, 11.1744623184, 6.47772264481, 8.57581710815, 5.60954523087, 3.30479979515, 2.66731452942, 2.37358641624, 2.49953818321, 2.14932608604, 1.30435264111, 0.936595797539, 0.631468296051, 0.252583801746, 0.0895939767361, 0.0251945089549, 0.00147481553722, 7.84192088759e-05, 9.24312626012e-05],
        "min": [0.000223356080824, 0.00279672490433, 0.00665678316727, 0.00685101235285, 0.0115610314533, 0.00412960443646, 0.0120879719034, 0.0742999240756, 0.115177385509, 0.0350431054831, 0.0181788615882, 0.0448125265539, 0.015341215767, 0.00676909275353, 0.00739005068317, 0.00411945814267, 0.00163278030232, 0.000574200006668, 0.000162649244885, 6.21399085503e-05, 3.68850378436e-05, 3.80420497095e-05, 3.47600616806e-05, 2.17402757698e-05, 2.7865093216e-05, 1.31234255605e-05, 1.44999366967e-05, 1.16129976959e-05, 1.52320153575e-05, 1.1917165466e-05, 8.69751329446e-06, 1.79140363343e-06, 1.5961788904e-06, 5.59273416911e-07, 3.46820741015e-07, 2.6630488037e-07, 1.57964407776e-07, 3.44007808906e-08, 1.75982634687e-07, 4.11902533415e-07],
        "var": [3.7570939064, 40.4031333923, 96.7945098877, 232.732284546, 268.071807861, 530.452636719, 665.808227539, 543.365600586, 733.269958496, 1480.46203613, 4766.02880859, 1135.68493652, 969.805175781, 7431.31005859, 2759.03076172, 1661.08837891, 1820.2755127, 1965.74145508, 915.496887207, 4420.36962891, 1984.1685791, 824.955749512, 591.694458008, 756.370788574, 714.525390625, 234.147735596, 113.712806702, 109.951713562, 63.275302887, 138.909591675, 54.778011322, 18.9877357483, 19.9546489716, 8.33650016785, 0.817092955112, 0.118417575955, 0.0120905768126, 7.12523542461e-05, 2.76547815758e-08, 3.65839114558e-09]
    },
    "gfcc": {
        "mean": [4.63501548767, 119.461631775, -98.2225265503, 32.9189224243, -45.5934181213, 28.6027488708, -26.9275455475, 17.1928272247, -13.2604322433, 8.96917438507, -4.69756603241, 4.18964862823, -6.06697893143],
        "cov": [[15486.3525391, -6220.60009766, -2470.65917969, 2160.58520508, -364.740600586, 1527.34667969, -1008.30096436, 1591.34143066, -425.545562744, 703.943115234, -831.479797363, 358.632873535, -430.180480957], [-6220.60009766, 2801.78588867, 972.469360352, -961.708007812, 189.164154053, -679.706420898, 407.275238037, -693.338989258, 201.164291382, -328.463806152, 322.844085693, -174.615753174, 190.509658813], [-2470.65917969, 972.469360352, 1024.94519043, -325.65045166, -26.9074325562, -221.079910278, 120.539428711, -294.097320557, -19.8937034607, -118.028442383, 125.059234619, -29.9221343994, 48.5525817871], [2160.58520508, -961.708007812, -325.65045166, 483.312316895, 6.96881198883, 225.500442505, -131.691589355, 239.680435181, -49.1119613647, 100.378623962, -84.7283477783, 44.0382652283, -43.3303070068], [-364.740600586, 189.164154053, -26.9074325562, 6.96881198883, 191.711730957, -48.9149513245, 48.696937561, -12.4506568909, 42.8104057312, -12.6405248642, 48.6574363708, -9.7588634491, 20.0548400879], [1527.34667969, -679.706420898, -221.079910278, 225.500442505, -48.9149513245, 256.243652344, -66.4879074097, 151.998123169, -53.8287887573, 86.6695098877, -69.2207794189, 43.6362953186, -43.7325019836], [-1008.30096436, 407.275238037, 120.539428711, -131.691589355, 48.696937561, -66.4879074097, 180.51940918, -93.3578414917, 34.0062179565, -27.9770545959, 67.0952835083, -24.9574871063, 19.4777050018], [1591.34143066, -693.338989258, -294.097320557, 239.680435181, -12.4506568909, 151.998123169, -93.3578414917, 266.212280273, -2.59100079536, 80.2929611206, -68.690032959, 34.7079048157, -41.8879051208], [-425.545562744, 201.164291382, -19.8937034607, -49.1119613647, 42.8104057312, -53.8287887573, 34.0062179565, -2.59100079536, 125.510353088, -3.82690048218, 25.2324905396, -12.2030487061, 31.4737510681], [703.943115234, -328.463806152, -118.028442383, 100.378623962, -12.6405248642, 86.6695098877, -27.9770545959, 80.2929611206, -3.82690048218, 101.96988678, -12.9479093552, 27.0034885406, -31.6774234772], [-831.479797363, 322.844085693, 125.059234619, -84.7283477783, 48.6574363708, -69.2207794189, 67.0952835083, -68.690032959, 25.2324905396, -12.9479093552, 134.313156128, 2.90997934341, 28.7478618622], [358.632873535, -174.615753174, -29.9221343994, 44.0382652283, -9.7588634491, 43.6362953186, -24.9574871063, 34.7079048157, -12.2030487061, 27.0034885406, 2.90997934341, 61.9474754333, 6.67880487442], [-430.180480957, 190.509658813, 48.5525817871, -43.3303070068, 20.0548400879, -43.7325019836, 19.4777050018, -41.8879051208, 31.4737510681, -31.6774234772, 28.7478618622, 6.67880487442, 76.8605194092]],
        "icov": [[0.000906357599888, 0.000231336045545, 0.000554303405806, -0.00105298543349, 0.000157037735335, -0.00105007074308, 0.00114218215458, -0.00128814065829, 0.00086933595594, -0.00078310770914, 0.00167976086959, -0.00127745512873, 0.000729693390895], [0.000231336045545, 0.0133934020996, -0.00206382083707, 0.00991108082235, -0.00499586435035, 0.00645720027387, -0.00374532537535, 0.0102565484121, -0.00720970286056, 0.00819425936788, -0.00727349286899, 0.0117185609415, -0.00546346697956], [0.000554303405806, -0.00206382083707, 0.00232046237215, -0.00222976063378, 0.00149983691517, -0.00123050715774, 0.00116791855544, -0.00148718734272, 0.00225960626267, -0.00127694208641, 0.00148986594286, -0.00315030873753, 0.0015619629994], [-0.00105298543349, 0.00991108082235, -0.00222976063378, 0.014347082004, -0.00575760751963, 0.00379803986289, -0.00267869024538, 0.00701402081177, -0.00534535944462, 0.00615836121142, -0.00756161240861, 0.0114557035267, -0.00623823422939], [0.000157037735335, -0.00499586435035, 0.00149983691517, -0.00575760751963, 0.00905898585916, -0.0010397444712, 3.28372479999e-05, -0.00409641629085, 0.00159302644897, -0.00241839746013, 0.00111841782928, -0.00462843896821, 0.00220726244152], [-0.00105007074308, 0.00645720027387, -0.00123050715774, 0.00379803986289, -0.0010397444712, 0.014590466395, -0.00517757888883, 0.00536349369213, -0.00232054502703, 0.00180606613867, -0.00402643159032, 0.00476166373119, -0.00336876721121], [0.00114218215458, -0.00374532537535, 0.00116791855544, -0.00267869024538, 3.28372479999e-05, -0.00517757888883, 0.0116240130737, -0.00343771302141, 0.00211384450085, -0.00374173372984, 0.00174664775841, -0.0027799976524, 0.00283490191214], [-0.00128814065829, 0.0102565484121, -0.00148718734272, 0.00701402081177, -0.00409641629085, 0.00536349369213, -0.00343771302141, 0.0198872368783, -0.00981982331723, 0.00684234919026, -0.00774215674028, 0.00948245916516, -0.00299528311007], [0.00086933595594, -0.00720970286056, 0.00225960626267, -0.00534535944462, 0.00159302644897, -0.00232054502703, 0.00211384450085, -0.00981982331723, 0.0168442036957, -0.00854699965566, 0.00582487974316, -0.00529647432268, -0.00146691885311], [-0.00078310770914, 0.00819425936788, -0.00127694208641, 0.00615836121142, -0.00241839746013, 0.00180606613867, -0.00374173372984, 0.00684234919026, -0.00854699965566, 0.0241616498679, -0.00895503349602, 0.00358651974238, 0.0024163920898], [0.00167976086959, -0.00727349286899, 0.00148986594286, -0.00756161240861, 0.00111841782928, -0.00402643159032, 0.00174664775841, -0.00774215674028, 0.00582487974316, -0.00895503349602, 0.0196006260812, -0.0122318789363, 0.00263676536269], [-0.00127745512873, 0.0117185609415, -0.00315030873753, 0.0114557035267, -0.00462843896821, 0.00476166373119, -0.0027799976524, 0.00948245916516, -0.00529647432268, 0.00358651974238, -0.0122318789363, 0.0357409864664, -0.0128420311958], [0.000729693390895, -0.00546346697956, 0.0015619629994, -0.00623823422939, 0.00220726244152, -0.00336876721121, 0.00283490191214, -0.00299528311007, -0.00146691885311, 0.0024163920898, 0.00263676536269, -0.0128420311958, 0.0230158381164]]
    },
    "melbands": {
        "dmean": [0.00539488391951, 0.00219665188342, 0.000839901214931, 0.000509008124936, 0.000378078024369, 0.000178961112397, 0.000132072280394, 0.00019288121257, 0.000181149851414, 7.27895458112e-05, 7.06325809006e-05, 0.000129916254082, 6.9633955718e-05, 5.70070624235e-05, 4.72890787933e-05, 3.72821814381e-05, 3.28829373757e-05, 2.59911430476e-05, 1.96010059881e-05, 3.88805929106e-05, 1.43379593283e-05, 1.26819059005e-05, 1.44205132528e-05, 7.34392051527e-06, 7.94854440755e-06, 8.11318568594e-06, 6.22537618256e-06, 4.10367420045e-06, 2.74065541817e-06, 3.06420452034e-06, 2.43146814682e-06, 1.72636430307e-06, 2.14115766539e-06, 2.32738216255e-06, 1.74246611095e-06, 1.35765992582e-06, 1.05762558178e-06, 9.27612688884e-07, 8.78801415638e-07, 7.09209587058e-07],
        "dmean2": [0.00824885629117, 0.00329115823843, 0.00140731001738, 0.000894102093298, 0.000632369599771, 0.000303635606542, 0.000204817275517, 0.000301392632537, 0.000285031244857, 0.000114526286779, 0.000113609523396, 0.00021636634483, 0.000110907152703, 9.16805875022e-05, 7.67236051615e-05, 6.17167752353e-05, 5.29672179255e-05, 4.30101354141e-05, 3.27596062561e-05, 6.15622120677e-05, 2.3191971195e-05, 1.98656798602e-05, 2.28650496865e-05, 1.18577027024e-05, 1.29407753775e-05, 1.32357026814e-05, 9.82694928098e-06, 6.46248054181e-06, 4.2843898882e-06, 4.91290575155e-06, 3.80147685064e-06, 2.63719698523e-06, 3.37302230946e-06, 3.37469714395e-06, 2.67176483248e-06, 2.16439661926e-06, 1.72102386387e-06, 1.4288609691e-06, 1.32870491143e-06, 1.1071138033e-06],
        "dvar": [5.9499991039e-05, 1.5027131667e-05, 8.23263235361e-06, 3.13313103106e-06, 8.37926108943e-07, 1.60681025818e-07, 5.46494689502e-08, 7.28783362547e-08, 7.96441597117e-08, 1.71652398961e-08, 1.67785163541e-08, 1.05648304327e-07, 9.87228876426e-09, 8.24096257901e-09, 6.52156506575e-09, 3.14761749998e-09, 2.75359646196e-09, 1.54315948908e-09, 1.29850619146e-09, 6.36934061049e-09, 5.93465332432e-10, 3.94103999435e-10, 4.31495450481e-10, 1.35194563877e-10, 4.28329371971e-10, 3.32623234511e-10, 1.04688188673e-10, 5.43487581328e-11, 2.5769684997e-11, 5.52606918558e-11, 2.80920651324e-11, 1.3855594623e-11, 2.35527621711e-11, 3.14352988084e-11, 1.27110362166e-11, 8.28398807884e-12, 5.48540119577e-12, 4.79732269534e-12, 5.02669303751e-12, 2.82901761912e-12],
        "dvar2": [0.000176656874828, 3.21074840031e-05, 2.15109830606e-05, 8.91684339877e-06, 2.34812409872e-06, 3.76469500907e-07, 1.10744394988e-07, 1.60031589758e-07, 2.02626210921e-07, 4.30175361998e-08, 3.84818790167e-08, 2.64586304866e-07, 2.4583044933e-08, 2.11433590636e-08, 1.68101141895e-08, 8.11415556967e-09, 6.43462838568e-09, 3.96654487034e-09, 3.50678974748e-09, 1.50523202791e-08, 1.40969369511e-09, 9.84118342373e-10, 1.08694053758e-09, 3.2651020776e-10, 1.182500875e-09, 8.69854799301e-10, 2.41841435766e-10, 1.31433725015e-10, 5.49738379818e-11, 1.35318117822e-10, 6.31196483969e-11, 3.22534325636e-11, 5.62869438558e-11, 6.02315905485e-11, 2.60114291217e-11, 2.059797298e-11, 1.41861166911e-11, 9.20911871066e-12, 9.6747731354e-12, 6.27893483734e-12],
        "max": [0.0612236559391, 0.0433867871761, 0.0317327827215, 0.0178217254579, 0.013561880216, 0.00846460647881, 0.00575285125524, 0.00375479087234, 0.00324523029849, 0.00212575052865, 0.00137579906732, 0.00434353016317, 0.0012301641982, 0.000989151420072, 0.00121170550119, 0.000710880034603, 0.000944098399486, 0.000452354957815, 0.000390646746382, 0.00108433002606, 0.000333580130246, 0.000265610433416, 0.000305889319861, 0.000145079029608, 0.000424613186624, 0.000423950958066, 0.000117098970804, 6.83158214088e-05, 6.11831710557e-05, 0.000117980751384, 7.77025998104e-05, 4.96677239425e-05, 4.83411204186e-05, 0.000119528333016, 6.50454167044e-05, 2.61219229287e-05, 2.40225199377e-05, 3.89409142372e-05, 4.90243728564e-05, 3.67447828467e-05],
        "mean": [0.0160217117518, 0.00535517046228, 0.00110458675772, 0.000592513068113, 0.000592893746216, 0.000276179460343, 0.000253193837125, 0.000376430019969, 0.000395408744225, 0.000115230417578, 0.000102981161035, 0.000179227150511, 0.000137784169056, 9.36739306781e-05, 7.76292654336e-05, 6.378103717e-05, 5.79580591875e-05, 4.04488419008e-05, 3.13214513881e-05, 8.01037094789e-05, 2.74435587926e-05, 2.53412854363e-05, 2.76522132481e-05, 1.22532810565e-05, 1.0604228919e-05, 1.35311101985e-05, 1.10452629087e-05, 6.34830666968e-06, 4.11683458879e-06, 3.81644986192e-06, 3.18830370816e-06, 2.46504487222e-06, 2.80629387817e-06, 3.18313209391e-06, 2.60670253738e-06, 1.87173293398e-06, 1.3560768366e-06, 1.3568852637e-06, 1.35214963848e-06, 9.96749918158e-07],
        "median": [0.0138854691759, 0.00425896933302, 0.000592475233134, 0.000269260403002, 0.000288818177069, 0.000176468209247, 0.000133522946271, 0.000209175967029, 0.000182854404557, 5.87159338465e-05, 4.40460353275e-05, 8.75733967405e-05, 6.68948850944e-05, 6.04045671935e-05, 3.76188472728e-05, 3.90457171306e-05, 2.87866860162e-05, 2.4665163437e-05, 1.86382949323e-05, 1.62387314049e-05, 1.2667314877e-05, 1.24426715047e-05, 1.40940301208e-05, 6.14998680248e-06, 4.09006634072e-06, 6.49629282634e-06, 5.1040406106e-06, 3.19756736644e-06, 1.98914153771e-06, 1.67517703176e-06, 1.40759095757e-06, 1.25002793538e-06, 1.33049104534e-06, 1.33424191517e-06, 1.25722419853e-06, 9.43427210132e-07, 6.77811044625e-07, 6.324670494e-07, 6.1910606064e-07, 4.6695518563e-07],
        "min": [3.34758647114e-06, 4.91139326186e-06, 1.81415555289e-06, 5.06998389938e-07, 2.41344622509e-07, 1.28002659494e-06, 9.65399181041e-07, 3.37691290042e-07, 1.34475186542e-07, 2.57377649859e-07, 5.9247952322e-08, 2.89421944188e-08, 2.16590780866e-08, 1.11342455256e-08, 4.85625895053e-09, 3.08900238721e-09, 2.13222051126e-10, 1.49957976592e-10, 1.02587556505e-10, 4.62902528808e-11, 2.9723074696e-11, 3.95525036334e-11, 3.34233613009e-11, 2.20770606657e-11, 1.3968903291e-11, 1.96892502302e-11, 1.41261906686e-11, 5.48261262778e-12, 8.06306930945e-12, 6.59058311397e-12, 4.81328648813e-12, 7.77864318097e-12, 8.19482589426e-12, 4.16253620114e-12, 4.26836560888e-12, 7.18085855535e-13, 2.2448725821e-13, 2.44093617931e-13, 7.93212880362e-14, 6.37805238311e-14],
