{
"highlevel": {
    "danceability": {
        "all": {
            "danceable": 0.894108355045,
            "not_danceable": 0.105891630054
        },
        "probability": 0.894108355045,
        "value": "danceable"
    },
    "gender": {
        "all": {
            "female": 0.136524438858,
            "male": 0.863475561142
        },
        "probability": 0.863475561142,
        "value": "male"
    },
    "genre_dortmund": {
        "all": {
            "alternative": 0.404630571604,
            "blues": 0.0156313944608,
            "electronic": 0.086220100522,
            "folkcountry": 0.045931328088,
            "funksoulrnb": 0.00891104806215,
            "jazz": 0.00710558472201,
            "pop": 0.0188998263329,
            "raphiphop": 0.00550584215671,
            "rock": 0.407164305449
        },
        "probability": 0.407164305449,
        "value": "rock"
    },
    "genre_electronic": {
        "all": {
            "ambient": 0.532352268696,
            "dnb": 0.197750255466,
            "house": 0.0166693609208,
            "techno": 0.0131947109476,
            "trance": 0.240033388138
        },
        "probability": 0.532352268696,
        "value": "ambient"
    },
    "genre_rosamerica": {
        "all": {
            "cla": 0.00845113303512,
            "dan": 0.00595066696405,
            "hip": 0.00905288010836,
            "jaz": 0.0141314193606,
            "pop": 0.175839468837,
            "rhy": 0.00640788627788,
            "roc": 0.779750823975,
            "spe": 0.000415703747422
        },
        "probability": 0.779750823975,
        "value": "roc"
    },
    "genre_tzanetakis": {
        "all": {
            "blu": 0.0626613423228,
            "cla": 0.0348169617355,
            "cou": 0.104475811124,
            "dis": 0.0784321576357,
            "hip": 0.15692435205,
            "jaz": 0.313974827528,
            "met": 0.0448166541755,
            "pop": 0.0627359300852,
            "reg": 0.0627360641956,
            "roc": 0.0784258767962
        },
        "probability": 0.313974827528,
        "value": "jaz"
    },
    "ismir04_rhythm": {
        "all": {
            "ChaChaCha": 0.175818473101,
            "Jive": 0.201280102134,
            "Quickstep": 0.10378728807,
            "Rumba-American": 0.0329877361655,
            "Rumba-International": 0.0374642685056,
            "Rumba-Misc": 0.00900815334171,
            "Samba": 0.217189148068,
            "Tango": 0.0350982435048,
            "VienneseWaltz": 0.136445596814,
            "Waltz": 0.0509209744632
        },
        "probability": 0.217189148068,
        "value": "Samba"
    },
    "mood_acoustic": {
        "all": {
            "acoustic": 0.0929158180952,
            "not_acoustic": 0.907084167004
        },
        "probability": 0.907084167004,
        "value": "not_acoustic"
    },
    "mood_aggressive": {
        "all": {
            "aggressive": 0.857018947601,
            "not_aggressive": 0.1429810673
        },
        "probability": 0.857018947601,
        "value": "aggressive"
    },
    "mood_electronic": {
        "all": {
            "electronic": 0.718579053879,
            "not_electronic": 0.281420975924
        },
        "probability": 0.718579053879,
        "value": "electronic"
    },
    "mood_happy": {
        "all": {
            "happy": 0.533961713314,
            "not_happy": 0.466038256884
        },
        "probability": 0.533961713314,
        "value": "happy"
    },
    "mood_party": {
        "all": {
            "not_party": 0.406327039003,
            "party": 0.593672931194
        },
        "probability": 0.593672931194,
        "value": "party"
    },
    "mood_relaxed": {
        "all": {
            "not_relaxed": 0.913323044777,
            "relaxed": 0.0866769477725
        },
        "probability": 0.913323044777,
        "value": "not_relaxed"
    },
    "mood_sad": {
        "all": {
            "not_sad": 0.753983736038,
            "sad": 0.246016263962
        },
        "probability": 0.753983736038,
        "value": "not_sad"
    },
    "moods_mirex": {
        "all": {
            "Cluster1": 0.292797416449,
            "Cluster2": 0.06493280828,
            "Cluster3": 0.259339004755,
            "Cluster4": 0.12446346879,
            "Cluster5": 0.258467316628
        },
        "probability": 0.292797416449,
        "value": "Cluster1"
    },
    "timbre": {
        "all": {
            "bright": 0.982684850693,
            "dark": 0.0173151232302
        },
        "probability": 0.982684850693,
        "value": "bright"
    },
    "tonal_atonal": {
        "all": {
            "atonal": 2.80407930404e-05,
            "tonal": 0.999971985817
        },
        "probability": 0.999971985817,
        "value": "tonal"
    },
    "voice_instrumental": {
        "all": {
            "instrumental": 0.0141680371016,
            "voice": 0.985831975937
        },
        "probability": 0.985831975937,
        "value": "voice"
    }
},
"lowlevel": {
    "average_loudness": 0.977726995945,
    "barkbands_crest": {
        "dmean": 2.50100278854,
        "dmean2": 4.10322618484,
        "dvar": 6.80342292786,
        "dvar2": 17.6836624146,
        "max": 22.4763298035,
        "mean": 7.94157075882,
        "median": 6.79703044891,
        "min": 2.63739705086,
        "var": 14.6347894669
    },
    "barkbands_flatness_db": {
        "dmean": 0.0157226137817,
        "dmean2": 0.025998165831,
        "dvar": 0.000219747031224,
        "dvar2": 0.000594517914578,
        "max": 0.21319141984,
        "mean": 0.105132207274,
        "median": 0.101612024009,
        "min": 0.0538194216788,
        "var": 0.000504550349433
    },
    "barkbands_kurtosis": {
        "dmean": 0.862006604671,
        "dmean2": 1.41716480255,
        "dvar": 1.61623644829,
        "dvar2": 4.21260976791,
        "max": 12.4520378113,
        "mean": 0.239323526621,
        "median": -0.365818500519,
        "min": -1.64757978916,
        "var": 3.17816114426
    },
    "barkbands_skewness": {
        "dmean": 0.372233390808,
        "dmean2": 0.577904999256,
        "dvar": 0.146176114678,
        "dvar2": 0.373265594244,
        "max": 3.03109693527,
        "mean": 0.621240198612,
        "median": 0.58902990818,
        "min": -1.49796187878,
        "var": 0.36746096611
    },
    "barkbands_spread": {
        "dmean": 4.67786598206,
        "dmean2": 7.25196838379,
        "dvar": 22.4382476807,
        "dvar2": 47.5403556824,
        "max": 76.5441665649,
        "mean": 28.6769313812,
        "median": 28.6715354919,
        "min": 5.8039431572,
        "var": 92.473487854
    },
    "dissonance": {
        "dmean": 0.0145852854475,
        "dmean2": 0.0249437522143,
        "dvar": 0.000174349494046,
        "dvar2": 0.000496006920002,
        "max": 0.499969154596,
        "mean": 0.472436457872,
        "median": 0.476582318544,
        "min": 0.383494228125,
        "var": 0.000325079454342
    },
    "dynamic_complexity": 1.62463533878,
    "erbbands_crest": {
        "dmean": 2.68835783005,
        "dmean2": 4.47285079956,
        "dvar": 7.43806219101,
        "dvar2": 18.5698547363,
        "max": 27.7690906525,
        "mean": 8.85274124146,
        "median": 7.496322155,
        "min": 2.96319198608,
        "var": 19.976316452
    },
    "erbbands_flatness_db": {
        "dmean": 0.013228376396,
        "dmean2": 0.0209950711578,
        "dvar": 0.000141661585076,
        "dvar2": 0.000326484965626,
        "max": 0.256121277809,
        "mean": 0.150854259729,
        "median": 0.149098366499,
        "min": 0.0898792892694,
        "var": 0.000551852222998
    },
    "erbbands_kurtosis": {
        "dmean": 0.755354106426,
        "dmean2": 1.21141970158,
        "dvar": 0.831475138664,
        "dvar2": 2.15708351135,
        "max": 11.5816841125,
        "mean": 0.660670936108,
        "median": 0.335290431976,
        "min": -1.43780720234,
        "var": 1.76866018772
    },
    "erbbands_skewness": {
        "dmean": 0.298679679632,
        "dmean2": 0.463159441948,
        "dvar": 0.0731537267566,
        "dvar2": 0.176809579134,
        "max": 2.95145440102,
        "mean": 0.200193092227,
        "median": 0.104590825737,
        "min": -1.54456543922,
        "var": 0.399310022593
    },
    "erbbands_spread": {
        "dmean": 5.40304517746,
        "dmean2": 8.4038734436,
        "dvar": 25.0088653564,
        "dvar2": 58.520072937,
        "max": 70.0980148315,
        "mean": 29.9236221313,
        "median": 28.8169269562,
        "min": 8.82713317871,
        "var": 86.9268264771
    },
    "hfc": {
        "dmean": 8.48637008667,
        "dmean2": 12.83943367,
        "dvar": 358.080230713,
        "dvar2": 827.638916016,
        "max": 379.199584961,
        "mean": 33.0577850342,
        "median": 25.0343093872,
        "min": 7.67993688583,
        "var": 571.335693359
    },
    "melbands_crest": {
        "dmean": 3.12328290939,
        "dmean2": 5.05891942978,
        "dvar": 9.4903049469,
        "dvar2": 23.1541748047,
        "max": 31.9237060547,
        "mean": 12.6029911041,
        "median": 11.3906135559,
        "min": 3.65362858772,
        "var": 26.2364387512
    },
    "melbands_flatness_db": {
        "dmean": 0.0192550104111,
        "dmean2": 0.0301806740463,
        "dvar": 0.0004042412329,
        "dvar2": 0.00102063268423,
        "max": 0.260176122189,
        "mean": 0.128962010145,
        "median": 0.125003397465,
        "min": 0.0385922342539,
        "var": 0.00101800472476
    },
    "melbands_kurtosis": {
        "dmean": 2.18019890785,
        "dmean2": 3.57148885727,
        "dvar": 11.5326833725,
        "dvar2": 31.3219852448,
        "max": 32.7565345764,
        "mean": 2.90335726738,
        "median": 1.99091720581,
        "min": -1.49892401695,
        "var": 14.3878755569
    },
    "melbands_skewness": {
        "dmean": 0.451976209879,
        "dmean2": 0.723595678806,
        "dvar": 0.278253912926,
        "dvar2": 0.72786128521,
        "max": 5.3683052063,
        "mean": 1.38781070709,
        "median": 1.33236813545,
        "min": -0.797371208668,
        "var": 0.509854257107
    },
    "melbands_spread": {
        "dmean": 8.5280456543,
        "dmean2": 12.9072389603,
        "dvar": 98.7266845703,
        "dvar2": 206.803329468,
        "max": 170.897415161,
        "mean": 38.3866691589,
        "median": 36.4506225586,
        "min": 6.65940570831,
        "var": 277.670135498
    },
    "pitch_salience": {
        "dmean": 0.0648357123137,
        "dmean2": 0.105812080204,
        "dvar": 0.00334731233306,
        "dvar2": 0.00881695654243,
        "max": 0.765114545822,
        "mean": 0.561735272408,
        "median": 0.569327235222,
        "min": 0.184442311525,
        "var": 0.0078580789268
    },
    "silence_rate_20dB": {
        "dmean": 0,
        "dmean2": 0,
        "dvar": 0,
        "dvar2": 0,
        "max": 1,
        "mean": 1,
        "median": 1,
        "min": 1,
        "var": 0
    },
    "silence_rate_30dB": {
        "dmean": 0,
        "dmean2": 0,
        "dvar": 0,
        "dvar2": 0,
        "max": 1,
        "mean": 1,
        "median": 1,
        "min": 1,
        "var": 0
    },
    "silence_rate_60dB": {
        "dmean": 0,
        "dmean2": 0,
        "dvar": 0,
        "dvar2": 0,
        "max": 0,
        "mean": 0,
        "median": 0,
        "min": 0,
        "var": 0
    },
    "spectral_centroid": {
        "dmean": 200.036758423,
        "dmean2": 296.991210938,
        "dvar": 38672.203125,
        "dvar2": 78566.75,
        "max": 4218.18066406,
        "mean": 1666.09436035,
        "median": 1638.24707031,
        "min": 783.760498047,
        "var": 148672.25
    },
    "spectral_complexity": {
        "dmean": 3.22523212433,
        "dmean2": 5.13865232468,
        "dvar": 7.48097372055,
        "dvar2": 17.8020057678,
        "max": 50,
        "mean": 28.5754051208,
        "median": 28,
        "min": 15,
        "var": 20.9635868073
    },
    "spectral_decrease": {
        "dmean": 1.94579508062e-09,
        "dmean2": 3.1324789429e-09,
        "dvar": 6.61468004923e-18,
        "dvar2": 1.72148908248e-17,
        "max": -1.4037419005e-09,
        "mean": -6.43510711384e-09,
        "median": -5.34907051986e-09,
        "min": -2.31599717182e-08,
        "var": 1.017882636e-17
    },
    "spectral_energy": {
        "dmean": 0.00793862808496,
        "dmean2": 0.0127389393747,
        "dvar": 0.000102887053799,
        "dvar2": 0.000267655326752,
        "max": 0.0949316993356,
        "mean": 0.0272860433906,
        "median": 0.0226402878761,
        "min": 0.00621350621805,
        "var": 0.000170479237568
    },
    "spectral_energyband_high": {
        "dmean": 0.000563010922633,
        "dmean2": 0.000826973409858,
        "dvar": 4.63498508907e-06,
        "dvar2": 1.01647883639e-05,
        "max": 0.0420628599823,
        "mean": 0.00144369830377,
        "median": 0.000913685013074,
        "min": 0.000172159678186,
        "var": 5.82418897466e-06
    },
    "spectral_energyband_low": {
        "dmean": 0.00323313684203,
        "dmean2": 0.00557065429166,
        "dvar": 6.14778109593e-05,
        "dvar2": 0.000167940321262,
        "max": 0.0655703470111,
        "mean": 0.00585324689746,
        "median": 0.00412221252918,
        "min": 8.43130401336e-05,
        "var": 5.01270624227e-05
    },
    "spectral_energyband_middle_high": {
        "dmean": 0.00302527775057,
        "dmean2": 0.00478698778898,
        "dvar": 1.83292322617e-05,
        "dvar2": 4.79499067296e-05,
        "max": 0.0720837339759,
        "mean": 0.0103543726727,
        "median": 0.00812747143209,
        "min": 0.00244153290987,
        "var": 4.83291805722e-05
    },
    "spectral_energyband_middle_low": {
        "dmean": 0.00463360408321,
        "dmean2": 0.00712104840204,
        "dvar": 4.51188388979e-05,
        "dvar2": 0.000104047343484,
        "max": 0.0687433108687,
        "mean": 0.0109490267932,
        "median": 0.00760789262131,
        "min": 0.00131257658359,
        "var": 8.79160361364e-05
    },
    "spectral_entropy": {
        "dmean": 0.0922695323825,
        "dmean2": 0.141019269824,
        "dvar": 0.00751545792446,
        "dvar2": 0.0157630965114,
        "max": 8.71237659454,
        "mean": 7.85418462753,
        "median": 7.85250091553,
        "min": 7.17829227448,
        "var": 0.0309208445251
    },
    "spectral_flux": {
        "dmean": 0.0212704315782,
        "dmean2": 0.0332133620977,
        "dvar": 0.000622890540399,
        "dvar2": 0.00132862885948,
        "max": 0.273527562618,
        "mean": 0.0877733305097,
        "median": 0.0777593702078,
        "min": 0.0352538451552,
        "var": 0.00137648603413
    },
    "spectral_kurtosis": {
        "dmean": 0.878926932812,
        "dmean2": 1.4665876627,
        "dvar": 0.609161257744,
        "dvar2": 1.60685837269,
        "max": 12.0444049835,
        "mean": 3.50817513466,
        "median": 3.41184663773,
        "min": -0.226619005203,
        "var": 1.56149184704
    },
    "spectral_rms": {
        "dmean": 0.000689771550242,
        "dmean2": 0.00108953064773,
        "dvar": 6.14583143488e-07,
        "dvar2": 1.55896748311e-06,
        "max": 0.00962373614311,
        "mean": 0.00503495614976,
        "median": 0.00469979643822,
        "min": 0.00246210419573,
        "var": 1.26971508507e-06
    },
    "spectral_rolloff": {
        "dmean": 463.080749512,
        "dmean2": 715.18347168,
        "dvar": 680583.0625,
        "dvar2": 1368008.875,
        "max": 11369.53125,
        "mean": 2135.23364258,
        "median": 2067.1875,
        "min": 129.19921875,
        "var": 1465446.5
    },
    "spectral_skewness": {
        "dmean": 0.1387950629,
        "dmean2": 0.225019454956,
        "dvar": 0.015056701377,
        "dvar2": 0.0349743105471,
        "max": 2.668633461,
        "mean": 1.47665297985,
        "median": 1.4741641283,
        "min": 0.503647506237,
        "var": 0.053902361542
    },
    "spectral_spread": {
        "dmean": 356222.0625,
        "dmean2": 531618.125,
        "dvar": 203692081152,
        "dvar2": 348913238016,
        "max": 10105394,
        "mean": 4596565,
        "median": 4506828.5,
        "min": 3010986,
        "var": 713418670080
    },
    "spectral_strongpeak": {
        "dmean": 0.840861976147,
        "dmean2": 1.44483911991,
        "dvar": 1.66500425339,
        "dvar2": 4.40262746811,
        "max": 12.0849523544,
        "mean": 1.39324402809,
        "median": 0.510497033596,
        "min": 0.0543279014528,
        "var": 2.75747966766
    },
    "zerocrossingrate": {
        "dmean": 0.00996705982834,
        "dmean2": 0.011680171825,
        "dvar": 0.000169746985193,
        "dvar2": 0.000193061336176,
        "max": 0.29150390625,
        "mean": 0.0811177492142,
        "median": 0.0771484375,
        "min": 0.02978515625,
        "var": 0.000819541921373
    },
    "barkbands": {
        "dmean": [5.86991227465e-05, 0.00203252770007, 0.00134713680018, 0.000492359162308, 0.00102797197178, 0.000704419158865, 0.000600465107709, 0.0022000556346, 0.000817744235974, 0.00143513060175, 0.000549353193492, 0.000624017440714, 0.000295038713375, 0.000891439325642, 0.000617359532043, 0.00076003826689, 0.000676332216244, 0.000213266757783, 0.00013143166143, 8.73800599948e-05, 0.000129920634208, 0.000170099825482, 0.000139878611662, 8.7250235083e-05, 0.000101711601019, 5.30674587935e-05, 1.70279239597e-08],
        "dmean2": [9.24063206185e-05, 0.00362729653716, 0.00231187907048, 0.000839061918668, 0.00164330680855, 0.00109093054198, 0.000990021275356, 0.00331942364573, 0.00124966853764, 0.00234036752954, 0.000863594817929, 0.000991367269307, 0.000495473039337, 0.00145693507511, 0.000991245731711, 0.0012236922048, 0.00112344999798, 0.000342216342688, 0.00021525338525, 0.000137716313475, 0.000211441685678, 0.000264935981249, 0.000209538004128, 0.000131636334118, 0.000152416279889, 8.45615068101e-05, 2.81621801435e-08],
        "dvar": [2.29811440988e-08, 4.21310287493e-05, 5.20452658748e-06, 4.2320925786e-07, 8.14002669358e-06, 4.09211224905e-06, 3.41204804499e-06, 2.54997539741e-05, 2.54346991824e-06, 1.49470342876e-05, 2.54685301115e-06, 1.37039830861e-06, 3.18658607057e-07, 1.63037964285e-06, 2.03318040803e-06, 2.59383546108e-06, 1.18689081319e-06, 1.48560147295e-07, 2.78706000501e-08, 1.768812119e-08, 9.42621767308e-08, 2.65843254965e-07, 1.8062311824e-07, 1.14128631878e-07, 3.05002004097e-07, 9.73031504259e-08, 4.04231938992e-14],
        "dvar2": [4.2424598945e-08, 0.000117803938338, 1.50674995893e-05, 1.1618977851e-06, 1.86800316442e-05, 8.82774293132e-06, 8.48055242386e-06, 5.87202812312e-05, 6.2605254243e-06, 4.32677152276e-05, 6.12500707575e-06, 3.67471420759e-06, 9.32301588819e-07, 4.07709285355e-06, 4.55917870568e-06, 5.97658345214e-06, 3.46166098097e-06, 3.56189957529e-07, 6.6286631295e-08, 4.53699762204e-08, 2.17767549771e-07, 6.36352183392e-07, 3.72516382185e-07, 2.39157657234e-07, 6.93995559686e-07, 2.55885993283e-07, 9.59519464751e-14],
        "max": [0.00151223945431, 0.0499560087919, 0.0243345405906, 0.00676938053221, 0.0319254957139, 0.0470725819468, 0.0320800058544, 0.060702059418, 0.029419099912, 0.066511772573, 0.031151978299, 0.0167183484882, 0.0104357805103, 0.0181104280055, 0.0303981583565, 0.0273236278445, 0.0183479171246, 0.00644064042717, 0.00231880531646, 0.00223452667706, 0.00571955554187, 0.0110900839791, 0.00842232536525, 0.00666375784203, 0.0107317436486, 0.00651092035696, 5.68056657357e-06],
        "mean": [6.3650571974e-05, 0.00194425857626, 0.00319308042526, 0.000922095379792, 0.00149752898142, 0.00112916436046, 0.00088709424017, 0.00367122539319, 0.00157737138215, 0.00227084453218, 0.000947497203015, 0.00106507807504, 0.00054660619935, 0.00151602993719, 0.00106276362203, 0.00140370021109, 0.00131774751935, 0.000418110896135, 0.000293054385111, 0.000203587202122, 0.000267606432317, 0.000390888220863, 0.00029639332206, 0.00017157579714, 0.00015436927788, 7.47300000512e-05, 1.20374989976e-08],
        "median": [6.30353224551e-06, 0.000601747247856, 0.00272478233092, 0.000666947569698, 0.000701939570718, 0.000586267618928, 0.000403098587412, 0.00104595487937, 0.00106059631798, 0.00109079026151, 0.00055659445934, 0.00069601519499, 0.00036499669659, 0.00101235497277, 0.000616571167484, 0.00078244676115, 0.000916147197131, 0.000292206241284, 0.000220748945139, 0.000157356014824, 0.000164372439031, 0.00024491440854, 0.000168138532899, 0.000100185519841, 6.51935624774e-05, 2.80743806798e-05, 5.03605768198e-10],
        "min": [2.33344166212e-09, 7.1542135629e-06, 1.72051968548e-05, 3.52781762558e-06, 1.31147480715e-05, 1.78233567567e-05, 1.40953843584e-05, 2.4227607355e-05, 3.81340068998e-05, 5.52532292204e-05, 3.96045688831e-05, 5.54170110263e-05, 2.07840566873e-05, 5.6913431763e-05, 7.90406484157e-05, 9.49076347752e-05, 7.15746282367e-05, 5.75057638343e-05, 3.21275510942e-05, 1.95886859728e-05, 2.42686837737e-05, 3.63580438716e-05, 2.430450877e-05, 1.24872312881e-05, 3.07708432956e-06, 4.39299638333e-11, 6.2294947846e-12],
        "var": [3.1819411106e-08, 2.87929960905e-05, 7.74343880039e-06, 7.44231726912e-07, 9.49937202677e-06, 5.51504263058e-06, 4.05503305956e-06, 5.61739434488e-05, 3.55241604666e-06, 2.36897340073e-05, 4.95636777487e-06, 2.19414187086e-06, 5.13279985626e-07, 2.90373395728e-06, 3.37594178745e-06, 5.05434945808e-06, 1.99216492547e-06, 2.96441498904e-07, 6.0113507061e-08, 3.20302540047e-08, 1.50656234155e-07, 3.34690270165e-07, 2.63349107854e-07, 1.35411937663e-07, 3.21616738574e-07, 7.8342281995e-08, 3.27419298271e-14]
    },
    "erbbands": {
        "dmean": [0.0486564412713, 0.494711071253, 1.41000437737, 1.70682358742, 2.88126802444, 3.32609438896, 3.50049519539, 6.58258962631, 9.56405639648, 19.0279788971, 48.4147872925, 17.7793655396, 44.5081710815, 24.8402042389, 17.7829856873, 29.0673408508, 13.8239622116, 40.2618408203, 34.0749053955, 27.5886955261, 38.2288970947, 33.6290588379, 13.8674259186, 5.41166210175, 7.02265882492, 4.04385137558, 5.36689710617, 4.9434633255, 6.27444314957, 5.31627941132, 4.13300800323, 2.16677045822, 1.38294005394, 1.07919228077, 0.772671699524, 0.342491656542, 0.0836370512843, 0.00560388062149, 0.000113358713861, 1.49001516547e-05],
        "dmean2": [0.0846461728215, 0.888804614544, 2.44403266907, 2.88688564301, 4.63166666031, 5.4062128067, 5.38419771194, 10.1029129028, 15.7382469177, 28.6065940857, 73.9420471191, 26.7394371033, 71.8485336304, 40.1410255432, 28.7731552124, 46.2447662354, 23.1367168427, 65.7693862915, 54.0680656433, 43.7121963501, 61.9231338501, 56.2742424011, 22.4505691528, 8.73964977264, 11.5495529175, 6.44206666946, 8.5405921936, 8.12708091736, 9.80899047852, 8.27639961243, 6.33377122879, 3.30037236214, 2.14127445221, 1.61481738091, 1.19449603558, 0.534312367439, 0.133920103312, 0.00900218077004, 0.000178464120836, 2.34260623984e-05],
        "dvar": [0.0236572828144, 2.40885949135, 7.13724184036, 5.96349430084, 68.026550293, 78.7825164795, 49.1171531677, 465.437438965, 1104.01391602, 2877.34179688, 13724.0419922, 925.403625488, 15566.2480469, 3817.57275391, 2268.98095703, 3452.16723633, 574.180603027, 2789.90893555, 6791.55175781, 2955.65722656, 4320.42871094, 3315.56860352, 605.986328125, 39.1790771484, 104.537124634, 37.3072319031, 108.88848114, 201.40826416, 315.017791748, 247.347747803, 177.182113647, 62.9093399048, 29.9690971375, 30.1599903107, 19.2311859131, 3.55665874481, 0.250295639038, 0.000968804233707, 4.34475907696e-07, 2.15010542703e-09],
        "dvar2": [0.0649318099022, 6.78725481033, 20.4179859161, 16.447227478, 156.5728302, 194.718338013, 108.152328491, 1018.17871094, 2661.41040039, 6863.08691406, 31175.0957031, 2130.9675293, 44916.3203125, 10558.6035156, 5272.15087891, 9253.79980469, 1679.32836914, 6947.30419922, 16339.5957031, 6435.12255859, 10240.9736328, 9732.328125, 1541.72290039, 98.7606124878, 251.491714478, 96.2394866943, 252.538070679, 481.59954834, 741.274658203, 552.739746094, 385.695068359, 133.375350952, 61.5302886963, 67.6643295288, 44.8225135803, 9.14585781097, 0.661008238792, 0.00248526968062, 1.11218901111e-06, 5.3579958248e-09],
        "max": [1.18079602718, 12.1126890182, 28.3161048889, 23.0424308777, 99.5205459595, 97.121055603, 141.972824097, 518.627502441, 556.556945801, 914.8984375, 1665.22692871, 496.184234619, 2047.64880371, 1087.90490723, 927.092956543, 856.975769043, 412.076782227, 913.77130127, 1415.75219727, 900.916809082, 1418.85119629, 773.299804688, 390.936279297, 74.4322814941, 162.414306641, 113.79775238, 183.239105225, 272.218170166, 384.874694824, 273.13571167, 268.920379639, 129.708389282, 122.276870728, 109.014945984, 82.5035705566, 36.8403739929, 11.6954545975, 0.695110559464, 0.0152057716623, 0.00106377224438],
        "mean": [0.0416005551815, 0.523997604847, 3.00936412811, 4.10512876511, 4.07460451126, 4.64651250839, 5.91306304932, 10.1220359802, 14.3740253448, 31.6964130402, 83.6039276123, 38.4721260071, 74.2133636475, 43.6597213745, 32.6571426392, 49.2273139954, 30.4008426666, 71.9098129272, 63.1328659058, 57.8481369019, 79.6723480225, 69.2928924561, 30.4720573425, 12.8126935959, 15.5357131958, 9.74836730957, 11.0908546448, 10.0346221924, 13.8347606659, 12.0185136795, 8.2571554184, 4.10908555984, 2.73160338402, 1.79927492142, 1.03566515446, 0.457109093666, 0.116071440279, 0.00741961505264, 0.000175990338903, 4.53525790363e-05],
        "median": [0.00743701215833, 0.208534523845, 2.20263624191, 3.18768954277, 1.93241655827, 2.14222621918, 3.62157559395, 4.43780517578, 5.80163049698, 12.865322113, 27.2994728088, 24.1488056183, 34.9167518616, 19.5971279144, 21.1527824402, 31.4251689911, 22.9047527313, 49.4916267395, 39.6955795288, 33.1777458191, 53.6538619995, 46.96326828, 21.0069160461, 10.5366954803, 10.6636238098, 7.61836624146, 7.30993175507, 5.76292181015, 8.34839916229, 7.59159231186, 4.41550064087, 2.44135975838, 1.54117882252, 0.8610881567, 0.351397275925, 0.1627022475, 0.0440750867128, 0.00324229197577, 8.68153656484e-05, 3.44746440533e-05],
        "min": [0.000498714623973, 0.00897797849029, 0.0336181968451, 0.0882926210761, 0.107596844435, 0.119347080588, 0.134340062737, 0.258288651705, 0.43824622035, 0.974249839783, 1.36983764172, 3.04218435287, 2.94067788124, 2.60426974297, 2.28718018532, 3.74926686287, 2.86302947998, 4.81690597534, 4.63850593567, 4.61458730698, 7.60032701492, 6.30116605759, 3.6289935112, 1.61747527122, 2.21163702011, 1.09024477005, 1.18985128403, 0.887756705284, 1.45451653004, 1.18518984318, 0.571926176548, 0.376905322075, 0.179786205292, 0.0663978084922, 0.0112676676363, 0.000456055480754, 3.45853077306e-05, 6.94155278325e-06, 8.28426618682e-06, 9.54653569352e-06],
        "var": [0.0177243519574, 1.5982542038, 8.97491836548, 10.5407075882, 76.492225647, 84.4256591797, 85.9212646484, 635.847900391, 1377.82177734, 5724.67480469, 30922.5332031, 1967.43615723, 26073.6835938, 7765.41210938, 3318.83227539, 5135.76074219, 916.063903809, 5181.29492188, 9380.7109375, 6791.24755859, 8935.77929688, 5838.32373047, 1320.54614258, 71.1915359497, 227.192932129, 67.9722900391, 210.307037354, 267.360595703, 414.660247803, 342.596466064, 235.191558838, 75.559135437, 36.6705436707, 33.0531806946, 19.163564682, 2.9902806282, 0.203097566962, 0.00081029732246, 3.6722377672e-07, 2.16794715513e-09]
    },
    "gfcc": {
        "mean": [50.3709182739, 69.566696167, -138.464080811, 27.439239502, -62.6780700684, 27.3078346252, -44.0072975159, 14.4258975983, -18.7511711121, 1.48121440411, -29.5893516541, -2.03603196144, -19.1970157623],
        "cov": [[464.49810791, -308.360198975, 87.5262832642, -9.83191680908, -34.7699127197, -23.1023921967, -42.7134246826, 19.4632434845, 7.14735269547, 64.2408676147, -47.2380218506, 70.8097457886, -0.35205295682], [-308.360198975, 429.287445068, -55.5908584595, 63.8854789734, 52.400352478, 5.61152505875, 49.6831054688, -28.5433082581, 6.8632478714, -69.0402755737, 73.1340179443, -56.5172080994, 30.8851413727], [87.5262832642, -55.5908584595, 130.842681885, 15.920665741, -0.330150514841, 11.1250295639, 2.62420344353, 16.7681026459, -6.61878824234, 22.9562549591, -10.2382259369, 14.8572483063, -10.4372444153], [-9.83191680908, 63.8854789734, 15.920665741, 173.497741699, 40.9633216858, 4.69020414352, -21.2318344116, -31.7375278473, 32.4694137573, -13.3157958984, 32.5290298462, 3.71062636375, 33.8030853271], [-34.7699127197, 52.400352478, -0.330150514841, 40.9633216858, 120.687355042, 40.444858551, 22.1509532928, 12.9452323914, 18.1302032471, 11.224899292, 10.2603902817, 16.4188175201, 22.2755260468], [-23.1023921967, 5.61152505875, 11.1250295639, 4.69020414352, 40.444858551, 86.9480438232, 50.7997703552, 21.1951751709, -6.31426382065, -4.84742021561, 6.85909700394, -3.15465831757, 7.62946271896], [-42.7134246826, 49.6831054688, 2.62420344353, -21.2318344116, 22.1509532928, 50.7997703552, 96.5922241211, 43.9121322632, 1.160779953, -5.40447473526, 8.04368782043, -9.07760238647, -6.7736415863], [19.4632434845, -28.5433082581, 16.7681026459, -31.7375278473, 12.9452323914, 21.1951751709, 43.9121322632, 82.0335617065, 32.5157928467, 22.9044647217, 2.110663414, 6.59005069733, -4.60233211517], [7.14735269547, 6.8632478714, -6.61878824234, 32.4694137573, 18.1302032471, -6.31426382065, 1.160779953, 32.5157928467, 92.362411499, 38.5090408325, 13.5969305038, 3.53791427612, 1.45783352852], [64.2408676147, -69.0402755737, 22.9562549591, -13.3157958984, 11.224899292, -4.84742021561, -5.40447473526, 22.9044647217, 38.5090408325, 72.5886917114, 7.01116323471, 20.8571491241, -5.70724010468], [-47.2380218506, 73.1340179443, -10.2382259369, 32.5290298462, 10.2603902817, 6.85909700394, 8.04368782043, 2.110663414, 13.5969305038, 7.01116323471, 65.1539382935, 14.1175699234, 13.1045436859], [70.8097457886, -56.5172080994, 14.8572483063, 3.71062636375, 16.4188175201, -3.15465831757, -9.07760238647, 6.59005069733, 3.53791427612, 20.8571491241, 14.1175699234, 73.5046463013, 31.482334137], [-0.35205295682, 30.8851413727, -10.4372444153, 33.8030853271, 22.2755260468, 7.62946271896, -6.7736415863, -4.60233211517, 1.45783352852, -5.70724010468, 13.1045436859, 31.482334137, 67.5459442139]],
        "icov": [[0.00502798752859, 0.00324332504533, -0.00185071013402, -0.000754624954425, 0.0003595497692, 0.00167091283947, -0.00103893736377, 0.000442475982709, -0.000369349640096, -0.000601249514148, 0.000690434942953, -0.00154274620581, -0.00120418774895], [0.00324332504533, 0.0104843722656, -0.0033967231866, 0.00270629697479, -0.00541239930317, 0.00753022264689, -0.00701821641997, 0.00606614956632, -0.00465636793524, 0.00802676286548, -0.0109104625881, 0.00872775632888, -0.00718482397497], [-0.00185071013402, -0.0033967231866, 0.0123652638867, -0.00547198019922, 0.00316298799589, -0.00413128128275, 0.00260214298032, -0.00625299056992, 0.00673471996561, -0.00740677071735, 0.00626780465245, -0.00495230639353, 0.00577205372974], [-0.000754624954425, 0.00270629697479, -0.00547198019922, 0.0136301079765, -0.00565437879413, 0.00188045634422, -0.000801319547463, 0.00900541804731, -0.00989055261016, 0.00944534037262, -0.00969413667917, 0.00619892543182, -0.00671943323687], [0.0003595497692, -0.00541239930317, 0.00316298799589, -0.00565437879413, 0.0159205142409, -0.00932805426419, 0.00306178838946, -0.0046562962234, 0.00287505448796, -0.0085357138887, 0.00952600780874, -0.00889822188765, 0.00310416193679], [0.00167091283947, 0.00753022264689, -0.00413128128275, 0.00188045634422, -0.00932805426419, 0.0257369987667, -0.0142846349627, 0.00382634601556, -0.00060156249674, 0.00605080183595, -0.00939885899425, 0.00960800424218, -0.00814695097506], [-0.00103893736377, -0.00701821641997, 0.00260214298032, -0.000801319547463, 0.00306178838946, -0.0142846349627, 0.0258032530546, -0.0139840664342, 0.00447599031031, -0.00255711143836, 0.00524151604623, -0.00542186014354, 0.00744276773185], [0.000442475982709, 0.00606614956632, -0.00625299056992, 0.00900541804731, -0.0046562962234, 0.00382634601556, -0.0139840664342, 0.0297115016729, -0.0146369757131, 0.00612648995593, -0.00829749368131, 0.0052052019164, -0.00650163087994], [-0.000369349640096, -0.00465636793524, 0.00673471996561, -0.00989055261016, 0.00287505448796, -0.00060156249674, 0.00447599031031, -0.0146369757131, 0.025679320097, -0.0167050007731, 0.00655792001635, -0.00265233009122, 0.00468708807603], [-0.000601249514148, 0.00802676286548, -0.00740677071735, 0.00944534037262, -0.0085357138887, 0.00605080183595, -0.00255711143836, 0.00612648995593, -0.0167050007731, 0.034455627203, -0.0150376362726, 0.004301849287, -0.00306798890233], [0.000690434942953, -0.0109104625881, 0.00626780465245, -0.00969413667917, 0.00952600780874, -0.00939885899425, 0.00524151604623, -0.00829749368131, 0.00655792001635, -0.0150376362726, 0.0353448092937, -0.0174793880433, 0.00857021007687], [-0.00154274620581, 0.00872775632888, -0.00495230639353, 0.00619892543182, -0.00889822188765, 0.00960800424218, -0.00542186014354, 0.0052052019164, -0.00265233009122, 0.004301849287, -0.0174793880433, 0.0337877906859, -0.0181422308087], [-0.00120418774895, -0.00718482397497, 0.00577205372974, -0.00671943323687, 0.00310416193679, -0.00814695097506, 0.00744276773185, -0.00650163087994, 0.00468708807603, -0.00306798890233, 0.00857021007687, -0.0181422308087, 0.0289709866047]]
    },
    "melbands": {
        "dmean": [0.000506431388203, 0.000704738195054, 0.000295817299047, 0.000248377065873, 0.000116957242426, 0.000150099745952, 0.000133215915412, 0.000252908241237, 0.000397352967411, 0.000101199802884, 0.000227874144912, 0.000107400752313, 6.28815760138e-05, 6.09047092439e-05, 6.34465759504e-05, 2.86059021164e-05, 9.14326519705e-05, 5.88593866269e-05, 4.82630384795e-05, 5.67108327232e-05, 4.52124950243e-05, 4.31775661127e-05, 2.00527356355e-05, 8.08235472505e-06, 4.71747216579e-06, 5.65479422221e-06, 4.17765522798e-06, 2.65202288574e-06, 3.4093341128e-06, 3.38075778927e-06, 2.98253758046e-06, 3.52587198904e-06, 4.29400643043e-06, 2.95213180834e-06, 2.88489718514e-06, 1.52123345742e-06, 1.40107226798e-06, 9.97033680505e-07, 1.03036074961e-06, 9.61082719186e-07],
        "dmean2": [0.000896785932127, 0.00121264369227, 0.000491453683935, 0.000401818921091, 0.000182295014383, 0.000229367462453, 0.000219990266487, 0.000377128744731, 0.00060312228743, 0.00015262136003, 0.000367650936823, 0.000174555447302, 0.000100987002952, 9.63135826169e-05, 0.000103383172245, 4.73725049233e-05, 0.000149626488565, 9.39975434449e-05, 7.85430529504e-05, 9.00389713934e-05, 7.40414834581e-05, 7.28285885998e-05, 3.28170863213e-05, 1.31348197101e-05, 7.82574170444e-06, 9.24394953472e-06, 6.95757125868e-06, 4.27847953688e-06, 5.59726913707e-06, 5.48919706489e-06, 4.89455578645e-06, 5.52443862034e-06, 6.91173863743e-06, 4.56123007098e-06, 4.52815038443e-06, 2.40104759541e-06, 2.1666990051e-06, 1.5782045466e-06, 1.57592091909e-06, 1.46103229781e-06],
        "dvar": [2.66157985607e-06, 2.50185621553e-06, 1.89068998679e-07, 5.57030546133e-07, 5.53938761527e-08, 2.120103062e-07, 2.09345699886e-07, 5.09036624408e-07, 9.02620513443e-07, 3.57826124286e-08, 4.13926841247e-07, 8.03221880119e-08, 3.7918930218e-08, 1.38766296232e-08, 1.41953764299e-08, 1.87034454591e-09, 1.48361065655e-08, 1.88706792414e-08, 8.62693383397e-09, 1.90954487778e-08, 4.70025263155e-09, 5.6315778707e-09, 1.00682395754e-09, 2.8558727605e-10, 2.97079583156e-11, 6.26589127806e-11, 3.81126588622e-11, 1.80161857655e-11, 4.77989904601e-11, 6.52498402531e-11, 7.78942188528e-11, 9.13667821956e-11, 1.56140003704e-10, 6.46105946522e-11, 8.83242923244e-11, 2.32563170111e-11, 2.70811931907e-11, 1.30905963153e-11, 1.48036981978e-11, 2.66902281526e-11],
        "dvar2": [7.42219071981e-06, 7.02586658008e-06, 5.07214110712e-07, 1.28655472054e-06, 1.26729815975e-07, 4.56251626701e-07, 5.06895730723e-07, 1.20476113352e-06, 2.03910190066e-06, 8.44828207391e-08, 1.19275614452e-06, 2.23854542014e-07, 9.16233986459e-08, 3.59172531716e-08, 3.80907216879e-08, 4.99374008811e-09, 3.68653765292e-08, 4.62431444248e-08, 1.84175110718e-08, 4.40043734784e-08, 1.18489937861e-08, 1.66750204755e-08, 2.51737763968e-09, 7.18042791892e-10, 7.68038618815e-11, 1.52736268078e-10, 9.61306659275e-11, 4.63186745903e-11, 1.20159632244e-10, 1.46713544091e-10, 1.91034951746e-10, 2.11898928959e-10, 4.00546151802e-10, 1.36642669402e-10, 2.01459168792e-10, 4.99849051039e-11, 5.90670568013e-11, 2.71197821144e-11, 3.14580965444e-11, 6.11027131669e-11],
        "max": [0.0118754506111, 0.0146806901321, 0.00424394803122, 0.00835413020104, 0.00412009470165, 0.0110117224976, 0.00756567809731, 0.0124937584624, 0.0142434202135, 0.00414426531643, 0.0108202062547, 0.0047008334659, 0.00368926511146, 0.00182913895696, 0.00172512908466, 0.000698073359672, 0.00210113590583, 0.00188489747234, 0.0020219204016, 0.00206523388624, 0.00132632092573, 0.000964298902545, 0.000497168977745, 0.000313079042826, 6.30066570011e-05, 0.000109922155389, 0.000104635953903, 7.15340938768e-05, 0.000101999488834, 0.000154489622219, 0.000167091100593, 0.00020341941854, 0.000245777686359, 0.000133230525535, 0.000189402344404, 7.37569207558e-05, 9.32684633881e-05, 8.09205303085e-05, 7.62957788538e-05, 0.000107983898488],
        "mean": [0.00045689518447, 0.0013097220799, 0.000699083262589, 0.000337407778716, 0.000201297239983, 0.000233706858126, 0.000201330287382, 0.00041250124923, 0.000683427904733, 0.000213532737689, 0.000370153167751, 0.000175984896487, 0.000108730455395, 0.000108953398012, 0.000105002756754, 5.70007214264e-05, 0.000152409003931, 9.94380388875e-05, 8.29780474305e-05, 9.9283279269e-05, 8.79197541508e-05, 8.06909592939e-05, 4.10167267546e-05, 1.58676084538e-05, 9.29910856939e-06, 1.1474189705e-05, 9.30509395403e-06, 5.61782007935e-06, 6.49693856758e-06, 6.8157946771e-06, 5.36803190698e-06, 7.13620420356e-06, 8.81466439751e-06, 5.96118206886e-06, 5.29796216142e-06, 2.93836501442e-06, 2.33506625591e-06, 1.79462415417e-06, 1.8668733901e-06, 1.41060309033e-06],
        "median": [0.000116408627946, 0.000903440290131, 0.000551212171558, 0.000145802288898, 0.000119113494293, 0.000109829321445, 8.59558349475e-05, 0.000148405131768, 0.000243992370088, 0.000138971372508, 0.000169227903825, 7.32821135898e-05, 6.50772490189e-05, 7.24833298591e-05, 6.76353665767e-05, 3.42157800333e-05, 9.88862157101e-05, 5.7912664488e-05, 4.94657033414e-05, 4.75858396385e-05, 6.42541781417e-05, 5.42566267541e-05, 2.73592850135e-05, 1.03871680039e-05, 7.61845831221e-06, 7.65153163229e-06, 7.04832609699e-06, 4.1227372094e-06, 4.10458960687e-06, 4.3468912736e-06, 2.74795252153e-06, 4.21598269895e-06, 5.43878832104e-06, 3.48648677573e-06, 2.58955242316e-06, 1.74137437625e-06, 1.28603824123e-06, 9.34439640332e-07, 1.05908054593e-06, 5.71639588998e-07],
        "min": [2.01257444132e-06, 1.55132256623e-05, 1.76411449502e-05, 5.86908936384e-06, 5.03743967784e-06, 2.63410834123e-06, 5.90258377997e-06, 7.49766695662e-06, 8.44623809826e-06, 5.46688261238e-06, 1.04631717477e-05, 6.7817186391e-06, 6.11320047028e-06, 6.63900118525e-06, 7.6887972682e-06, 2.27175883083e-06, 5.77897117182e-06, 5.20031153428e-06, 6.29303349342e-06, 6.69935889164e-06, 7.91708589531e-06, 5.33608135811e-06, 3.12483939524e-06, 2.08169922189e-06, 9.61932641985e-07, 1.32566424327e-06, 1.19530511711e-06, 4.86333760819e-07, 6.86556006713e-07, 4.26712176704e-07, 2.19421494307e-07, 5.10734764703e-07, 7.65353263432e-07, 5.01125555274e-07, 2.58430077338e-07, 1.34295987664e-07, 1.45632526483e-07, 7.85339295817e-08, 5.47165406317e-08, 2.63070631945e-08],
