{
"highlevel": {
    "danceability": {
        "all": {
            "danceable": 0.401140272617,
            "not_danceable": 0.598859727383
        },
        "probability": 0.598859727383,
        "value": "not_danceable"
    },
    "gender": {
        "all": {
            "female": 0.659812271595,
            "male": 0.340187758207
        },
        "probability": 0.659812271595,
        "value": "female"
    },
    "genre_dortmund": {
        "all": {
            "alternative": 0.169570297003,
            "blues": 0.0183620341122,
            "electronic": 0.301072537899,
            "folkcountry": 0.0303174816072,
            "funksoulrnb": 0.0455234237015,
            "jazz": 0.0786782503128,
            "pop": 0.0860136151314,
            "raphiphop": 0.0685916915536,
            "rock": 0.201870679855
        },
        "probability": 0.301072537899,
        "value": "electronic"
    },
    "genre_electronic": {
        "all": {
            "ambient": 0.477064967155,
            "dnb": 0.109406031668,
            "house": 0.122108191252,
            "techno": 0.0121967541054,
            "trance": 0.279224067926
        },
        "probability": 0.477064967155,
        "value": "ambient"
    },
    "genre_rosamerica": {
        "all": {
            "cla": 0.0254152230918,
            "dan": 0.111992865801,
            "hip": 0.026616666466,
            "jaz": 0.017878478393,
            "pop": 0.072339579463,
            "rhy": 0.0636611506343,
            "roc": 0.675257980824,
            "spe": 0.00683805299923
        },
        "probability": 0.675257980824,
        "value": "roc"
    },
    "genre_tzanetakis": {
        "all": {
            "blu": 1.87410969312e-14,
            "cla": 1.05068321529e-14,
            "cou": 2.76009599155e-14,
            "dis": 2.12175231134e-14,
            "hip": 8.50023380134e-14,
            "jaz": 0.999999940395,
            "met": 1.4280959526e-08,
            "pop": 2.00000194184e-08,
            "reg": 1.66671814128e-08,
            "roc": 2.00031280428e-08
        },
        "probability": 0.999999940395,
        "value": "jaz"
    },
    "ismir04_rhythm": {
        "all": {
            "ChaChaCha": 0.0113160647452,
            "Jive": 0.0171218253672,
            "Quickstep": 0.00650116475299,
            "Rumba-American": 0.006773120258,
            "Rumba-International": 0.549304246902,
            "Rumba-Misc": 0.0100548472255,
            "Samba": 0.0785328522325,
            "Tango": 0.00863825716078,
            "VienneseWaltz": 0.268833041191,
            "Waltz": 0.0429245829582
        },
        "probability": 0.549304246902,
        "value": "Rumba-International"
    },
    "mood_acoustic": {
        "all": {
            "acoustic": 0.165137916803,
            "not_acoustic": 0.834862053394
        },
        "probability": 0.834862053394,
        "value": "not_acoustic"
    },
    "mood_aggressive": {
        "all": {
            "aggressive": 0.00965136941522,
            "not_aggressive": 0.990348637104
        },
        "probability": 0.990348637104,
        "value": "not_aggressive"
    },
    "mood_electronic": {
        "all": {
            "electronic": 0.984317719936,
            "not_electronic": 0.0156822763383
        },
        "probability": 0.984317719936,
        "value": "electronic"
    },
    "mood_happy": {
        "all": {
            "happy": 0.332034409046,
            "not_happy": 0.667965590954
        },
        "probability": 0.667965590954,
        "value": "not_happy"
    },
    "mood_party": {
        "all": {
            "not_party": 0.940262913704,
            "party": 0.0597371123731
        },
        "probability": 0.940262913704,
        "value": "not_party"
    },
    "mood_relaxed": {
        "all": {
            "not_relaxed": 0.397676825523,
            "relaxed": 0.602323174477
        },
        "probability": 0.602323174477,
        "value": "relaxed"
    },
    "mood_sad": {
        "all": {
            "not_sad": 0.333093494177,
            "sad": 0.666906476021
        },
        "probability": 0.666906476021,
        "value": "sad"
    },
    "moods_mirex": {
        "all": {
            "Cluster1": 0.269307851791,
            "Cluster2": 0.089024476707,
            "Cluster3": 0.483909010887,
            "Cluster4": 0.113951779902,
            "Cluster5": 0.0438068732619
        },
        "probability": 0.483909010887,
        "value": "Cluster3"
    },
    "timbre": {
        "all": {
            "bright": 0.665046453476,
            "dark": 0.334953546524
        },
        "probability": 0.665046453476,
        "value": "bright"
    },
    "tonal_atonal": {
        "all": {
            "atonal": 0.226683780551,
            "tonal": 0.773316204548
        },
        "probability": 0.773316204548,
        "value": "tonal"
    },
    "voice_instrumental": {
        "all": {
            "instrumental": 0.106790430844,
            "voice": 0.893209576607
        },
        "probability": 0.893209576607,
        "value": "voice"
    }
},
"lowlevel": {
    "average_loudness": 0.950067162514,
    "barkbands_crest": {
        "dmean": 2.70288515091,
        "dmean2": 4.13835811615,
        "dvar": 7.37622690201,
        "dvar2": 15.3373098373,
        "max": 26.2738494873,
        "mean": 11.717048645,
        "median": 10.3936166763,
        "min": 2.98046517372,
        "var": 28.996761322
    },
    "barkbands_flatness_db": {
        "dmean": 0.0222397800535,
        "dmean2": 0.0319024063647,
        "dvar": 0.000473987107398,
        "dvar2": 0.000914735370316,
        "max": 0.46888512373,
        "mean": 0.226033344865,
        "median": 0.226388454437,
        "min": 0.0623382478952,
        "var": 0.00225023156963
    },
    "barkbands_kurtosis": {
        "dmean": 3.35335230827,
        "dmean2": 4.90301847458,
        "dvar": 154.045028687,
        "dvar2": 288.622741699,
        "max": 386.184265137,
        "mean": 5.16183996201,
        "median": 1.23091983795,
        "min": -1.5243896246,
        "var": 311.898864746
    },
    "barkbands_skewness": {
        "dmean": 0.518590986729,
        "dmean2": 0.721645057201,
        "dvar": 0.404966711998,
        "dvar2": 0.678871095181,
        "max": 16.5424938202,
        "mean": 1.48553287983,
        "median": 1.13985562325,
        "min": -1.11613464355,
        "var": 2.18139433861
    },
    "barkbands_spread": {
        "dmean": 2.77191662788,
        "dmean2": 4.14889001846,
        "dvar": 14.3562688828,
        "dvar2": 25.2549324036,
        "max": 78.3487625122,
        "mean": 11.9724187851,
        "median": 11.2018938065,
        "min": 0.212394952774,
        "var": 54.5772476196
    },
    "dissonance": {
        "dmean": 0.0265618693084,
        "dmean2": 0.0429097004235,
        "dvar": 0.000528833304998,
        "dvar2": 0.00143551768269,
        "max": 0.499999910593,
        "mean": 0.449229896069,
        "median": 0.45470315218,
        "min": 0.298366129398,
        "var": 0.00107716408093
    },
    "dynamic_complexity": 2.00243616104,
    "erbbands_crest": {
        "dmean": 3.01314997673,
        "dmean2": 4.8828701973,
        "dvar": 7.09399032593,
        "dvar2": 15.9829092026,
        "max": 27.917798996,
        "mean": 9.80006313324,
        "median": 8.86872768402,
        "min": 2.9380030632,
        "var": 17.6165466309
    },
    "erbbands_flatness_db": {
        "dmean": 0.0182502418756,
        "dmean2": 0.0249253232032,
        "dvar": 0.000316905061482,
        "dvar2": 0.000493013474625,
        "max": 0.343830496073,
        "mean": 0.234198272228,
        "median": 0.241949111223,
        "min": 0.0830632001162,
        "var": 0.00243552261963
    },
    "erbbands_kurtosis": {
        "dmean": 0.944336771965,
        "dmean2": 1.44464206696,
        "dvar": 1.3901027441,
        "dvar2": 3.29635071754,
        "max": 13.4613418579,
        "mean": 0.665760874748,
        "median": 0.137403964996,
        "min": -1.73696875572,
        "var": 3.59604930878
    },
    "erbbands_skewness": {
        "dmean": 0.338036447763,
        "dmean2": 0.526849865913,
        "dvar": 0.103800356388,
        "dvar2": 0.234473079443,
        "max": 2.82505607605,
        "mean": 0.198185637593,
        "median": 0.113275244832,
        "min": -2.19526076317,
        "var": 0.398150861263
    },
    "erbbands_spread": {
        "dmean": 5.16842031479,
        "dmean2": 7.29332590103,
        "dvar": 32.8261642456,
        "dvar2": 59.6453208923,
        "max": 122.36366272,
        "mean": 22.9717197418,
        "median": 20.1984214783,
        "min": 4.22958517075,
        "var": 162.912887573
    },
    "hfc": {
        "dmean": 5.29362010956,
        "dmean2": 7.95170307159,
        "dvar": 37.3159790039,
        "dvar2": 89.5185775757,
        "max": 74.6448364258,
        "mean": 22.4280548096,
        "median": 22.0547924042,
        "min": 0.358107328415,
        "var": 142.707366943
    },
    "melbands_crest": {
        "dmean": 3.06815671921,
        "dmean2": 4.52629995346,
        "dvar": 8.66439914703,
        "dvar2": 18.4939537048,
        "max": 31.849697113,
        "mean": 15.6484060287,
        "median": 15.1062078476,
        "min": 4.86132097244,
        "var": 42.4039955139
    },
    "melbands_flatness_db": {
        "dmean": 0.0258432310075,
        "dmean2": 0.0340690612793,
        "dvar": 0.000668697583023,
        "dvar2": 0.0011767646065,
        "max": 0.587523758411,
        "mean": 0.297844231129,
        "median": 0.297251820564,
        "min": 0.0484659746289,
        "var": 0.00395090226084
    },
    "melbands_kurtosis": {
        "dmean": 5.34416341782,
        "dmean2": 7.43373823166,
        "dvar": 110.874549866,
        "dvar2": 176.858520508,
        "max": 282.595062256,
        "mean": 10.4212579727,
        "median": 3.5267791748,
        "min": -1.3027780056,
        "var": 433.253723145
    },
    "melbands_skewness": {
        "dmean": 0.627636492252,
        "dmean2": 0.868253350258,
        "dvar": 0.454738795757,
        "dvar2": 0.770037710667,
        "max": 14.4386224747,
        "mean": 2.20798134804,
        "median": 1.72590601444,
        "min": -0.783767998219,
        "var": 2.84815454483
    },
    "melbands_spread": {
        "dmean": 3.79808855057,
        "dmean2": 5.69038772583,
        "dvar": 43.3816986084,
        "dvar2": 73.6864624023,
        "max": 150.441085815,
        "mean": 14.5601606369,
        "median": 13.6506319046,
        "min": 0.332587391138,
        "var": 101.804840088
    },
    "pitch_salience": {
        "dmean": 0.0710507184267,
        "dmean2": 0.110149785876,
        "dvar": 0.00446810061112,
        "dvar2": 0.0096803708002,
        "max": 0.815592586994,
        "mean": 0.504149973392,
        "median": 0.524303078651,
        "min": 0.0867415815592,
        "var": 0.0183060895652
    },
    "silence_rate_20dB": {
        "dmean": 0,
        "dmean2": 0,
        "dvar": 0,
        "dvar2": 0,
        "max": 1,
        "mean": 1,
        "median": 1,
        "min": 1,
        "var": 0
    },
    "silence_rate_30dB": {
        "dmean": 0.0743034034967,
        "dmean2": 0.148721918464,
        "dvar": 0.0687830671668,
        "dvar2": 0.135900735855,
        "max": 1,
        "mean": 0.832946658134,
        "median": 1,
        "min": 0,
        "var": 0.139147788286
    },
    "silence_rate_60dB": {
        "dmean": 0.00851393211633,
        "dmean2": 0.0162664595991,
        "dvar": 0.0084414370358,
        "dvar2": 0.0191007051617,
        "max": 1,
        "mean": 0.0131477182731,
        "median": 0,
        "min": 0,
        "var": 0.0129746217281
    },
    "spectral_centroid": {
        "dmean": 121.189506531,
        "dmean2": 183.985183716,
        "dvar": 30332.3105469,
        "dvar2": 51248.5273438,
        "max": 3772.33398438,
        "mean": 751.266174316,
        "median": 715.484680176,
        "min": 143.711624146,
        "var": 94549.3046875
    },
    "spectral_complexity": {
        "dmean": 2.80417966843,
        "dmean2": 4.39581727982,
        "dvar": 8.91126251221,
        "dvar2": 16.5272960663,
        "max": 44,
        "mean": 19.0889396667,
        "median": 20,
        "min": 2,
        "var": 42.0098724365
    },
    "spectral_decrease": {
        "dmean": 3.84805609599e-09,
        "dmean2": 5.32510036066e-09,
        "dvar": 3.11879483325e-17,
        "dvar2": 5.49067932234e-17,
        "max": -2.18729867552e-10,
        "mean": -1.52323291758e-08,
        "median": -1.18092380319e-08,
        "min": -7.43590504726e-08,
        "var": 1.27153661131e-16
    },
    "spectral_energy": {
        "dmean": 0.0148188294843,
        "dmean2": 0.0205615870655,
        "dvar": 0.000451349013019,
        "dvar2": 0.000794340041466,
        "max": 0.284165263176,
        "mean": 0.059524577111,
        "median": 0.0468260757625,
        "min": 0.000858018815052,
        "var": 0.00186027726158
    },
    "spectral_energyband_high": {
        "dmean": 7.69016260165e-05,
        "dmean2": 0.000104117978481,
        "dvar": 4.53008048851e-08,
        "dvar2": 7.55824487442e-08,
        "max": 0.00399677408859,
        "mean": 0.000148613224155,
        "median": 2.08263136301e-05,
        "min": 9.53098378886e-07,
        "var": 1.27210498135e-07
    },
    "spectral_energyband_low": {
        "dmean": 0.0120517266914,
        "dmean2": 0.0160168614239,
        "dvar": 0.000512464554049,
        "dvar2": 0.000929199857637,
        "max": 0.259595423937,
        "mean": 0.0321783013642,
        "median": 0.0109291281551,
        "min": 3.7030367821e-05,
        "var": 0.00171313411556
    },
    "spectral_energyband_middle_high": {
        "dmean": 0.00304060382769,
        "dmean2": 0.00462664943188,
        "dvar": 1.23333229567e-05,
        "dvar2": 2.8522706998e-05,
        "max": 0.049621604383,
        "mean": 0.00912082009017,
        "median": 0.00839585065842,
        "min": 3.37015044352e-05,
        "var": 4.49394465249e-05
    },
    "spectral_energyband_middle_low": {
        "dmean": 0.00674325414002,
        "dmean2": 0.0109527930617,
        "dvar": 7.62915660744e-05,
        "dvar2": 0.000201564645977,
        "max": 0.0794601589441,
        "mean": 0.0204008407891,
        "median": 0.0182175766677,
        "min": 0.000582476903219,
        "var": 0.000165547171491
    },
    "spectral_entropy": {
        "dmean": 0.16044510901,
        "dmean2": 0.22047893703,
        "dvar": 0.0263354536146,
        "dvar2": 0.043945081532,
        "max": 8.48575782776,
        "mean": 6.95354652405,
        "median": 6.89130735397,
        "min": 5.90516901016,
        "var": 0.14133618772
    },
    "spectral_flux": {
        "dmean": 0.0329093337059,
        "dmean2": 0.0514396242797,
        "dvar": 0.00193663151003,
        "dvar2": 0.00382588454522,
        "max": 0.449384272099,
        "mean": 0.0998379588127,
        "median": 0.0871097370982,
        "min": 0.0118825072423,
        "var": 0.00380562897772
    },
    "spectral_kurtosis": {
        "dmean": 7.19671106339,
        "dmean2": 12.3692502975,
        "dvar": 52.9045448303,
        "dvar2": 154.737030029,
        "max": 58.9150848389,
        "mean": 14.9325828552,
        "median": 12.1909923553,
        "min": -0.738236188889,
        "var": 106.484642029
    },
    "spectral_rms": {
        "dmean": 0.000909561524168,
        "dmean2": 0.00125626020599,
        "dvar": 1.1879790236e-06,
        "dvar2": 1.97233225663e-06,
        "max": 0.016650358215,
        "mean": 0.00712665496394,
        "median": 0.00675899209455,
        "min": 0.000914927048143,
        "var": 7.2836110121e-06
    },
    "spectral_rolloff": {
        "dmean": 236.348007202,
        "dmean2": 373.402709961,
        "dvar": 264602,
        "dvar2": 517468.5625,
        "max": 8699.4140625,
        "mean": 843.858154297,
        "median": 796.728515625,
        "min": 64.599609375,
        "var": 683808.1875
    },
    "spectral_skewness": {
        "dmean": 0.544037342072,
        "dmean2": 0.914970397949,
        "dvar": 0.243667319417,
        "dvar2": 0.696767568588,
        "max": 5.53270721436,
        "mean": 2.52067518234,
        "median": 2.41670942307,
        "min": 0.287941634655,
        "var": 0.634038984776
    },
    "spectral_spread": {
        "dmean": 324143.6875,
        "dmean2": 448385.6875,
        "dvar": 201998270464,
        "dvar2": 258095955968,
        "max": 12838917,
        "mean": 2388826.75,
        "median": 1953516.375,
        "min": 1009354.75,
        "var": 1.6628786135e+12
    },
    "spectral_strongpeak": {
        "dmean": 0.538322210312,
        "dmean2": 0.889589548111,
        "dvar": 0.686231076717,
        "dvar2": 1.81676948071,
        "max": 7.0622844696,
        "mean": 1.07369184494,
        "median": 0.741161823273,
        "min": 0,
        "var": 1.0242459774
    },
    "zerocrossingrate": {
        "dmean": 0.0052807694301,
        "dmean2": 0.00596905872226,
        "dvar": 8.08096519904e-05,
        "dvar2": 7.35290668672e-05,
        "max": 0.26171875,
        "mean": 0.030411651358,
        "median": 0.02880859375,
        "min": 0.00244140625,
        "var": 0.000433393841377
    },
    "barkbands": {
        "dmean": [0.000313011318212, 0.0102648856118, 0.00393077125773, 0.00163394049741, 0.00321042863652, 0.00080694333883, 0.00127977889497, 0.00114579079673, 0.00163181393873, 0.00237045576796, 0.00114719173871, 0.000545860209968, 0.000466740806587, 0.000915615994018, 0.000191009166883, 0.000233871323871, 0.000195709173568, 0.000107996092993, 4.58582217107e-05, 3.68143519154e-05, 2.20861093112e-05, 1.40250058394e-05, 1.26337781694e-05, 1.17382269309e-05, 6.35309106656e-06, 1.16832359254e-06, 4.49031212213e-09],
        "dmean2": [0.000477859081002, 0.0138446632773, 0.00650610821322, 0.00281900772825, 0.00540386931971, 0.00121844373643, 0.00201984518208, 0.00173851358704, 0.00257163727656, 0.0034565734677, 0.00168812344782, 0.000890014052857, 0.000773755658884, 0.00153295730706, 0.000321423460264, 0.000391839916119, 0.000330820010277, 0.000184660282684, 7.58822643547e-05, 5.70802476432e-05, 3.19230421155e-05, 1.94066433323e-05, 1.86584729818e-05, 1.70467046701e-05, 8.60394629854e-06, 1.71064971255e-06, 6.41349817698e-09],
        "dvar": [4.52836104614e-07, 0.000491660903208, 8.42340887175e-05, 1.87976984307e-05, 1.91025483218e-05, 1.30184878344e-06, 4.38801771452e-06, 3.88941771234e-06, 1.15105731311e-05, 1.36030630529e-05, 2.97068913824e-06, 5.28458770077e-07, 5.19356149198e-07, 1.7027746253e-06, 1.23508797856e-07, 1.42120583746e-07, 9.11241784252e-08, 6.61294023985e-08, 1.06261186517e-08, 9.88655912693e-09, 3.75869602109e-09, 2.51295095843e-09, 1.35231226217e-09, 2.51537302098e-09, 9.42219191558e-10, 4.81082812476e-11, 5.50043078914e-15],
        "dvar2": [1.15978627946e-06, 0.000903879175894, 0.000232295016758, 5.2956136642e-05, 5.21006040799e-05, 3.24406960317e-06, 1.00733868749e-05, 8.63844888954e-06, 3.35506847478e-05, 3.01491054415e-05, 5.93313643549e-06, 1.35681329994e-06, 1.26790462218e-06, 4.30279396824e-06, 3.04104673887e-07, 3.7869034486e-07, 2.5221731903e-07, 1.81243251518e-07, 2.59373038602e-08, 2.21272333789e-08, 7.69544072909e-09, 4.08117273309e-09, 2.82172263333e-09, 4.97124608145e-09, 1.72396519282e-09, 8.03649785608e-11, 5.51228713282e-15],
        "max": [0.00919734686613, 0.231640979648, 0.0783948376775, 0.0398205220699, 0.0408169142902, 0.0171875022352, 0.0281155593693, 0.0250355098397, 0.0452009104192, 0.0543221496046, 0.021446434781, 0.00820686202496, 0.0113036632538, 0.0133822150528, 0.00455956161022, 0.00592038594186, 0.00400073081255, 0.00273722223938, 0.00132004229818, 0.00146430020686, 0.00101137498859, 0.00123580184299, 0.000620882085059, 0.0012244170066, 0.000773815612774, 0.00024653764558, 2.66523193204e-06],
        "mean": [0.000426283164416, 0.0219892840832, 0.00838682241738, 0.00215756893158, 0.00648655928671, 0.00234316335991, 0.00280435523018, 0.00197589746676, 0.00281770410948, 0.00376950460486, 0.00186241418123, 0.00104475498665, 0.000714669586159, 0.0014228632208, 0.000269822747214, 0.000377310469048, 0.000288930430543, 0.000147214115714, 7.05511120032e-05, 5.97582256887e-05, 3.69803965441e-05, 1.96040782612e-05, 2.0688146833e-05, 1.92766583496e-05, 1.10963319457e-05, 1.57212730301e-06, 4.11291090074e-09],
        "median": [7.32878324925e-05, 0.00425610458478, 0.00202528410591, 0.000614772900008, 0.00409288518131, 0.00163399078883, 0.0016362456372, 0.000970420311205, 0.00159562018234, 0.00210087397136, 0.000814008410089, 0.000778363610152, 0.000479297857964, 0.000985766993836, 0.000135318885441, 0.000217393535422, 0.000187922720215, 6.03106382187e-05, 3.2547457522e-05, 1.65117617144e-05, 5.18411570738e-06, 2.29539841712e-06, 1.34117806283e-06, 7.5770225294e-07, 3.15067211432e-07, 5.79813956847e-08, 7.07853831106e-10],
        "min": [2.52163268044e-09, 6.60847149447e-07, 6.90571050654e-06, 5.76500269744e-06, 4.82473878947e-05, 1.56397982209e-05, 1.03895272332e-05, 4.00097815145e-06, 5.92531978327e-06, 5.6550284171e-06, 5.22593973074e-06, 1.16456203614e-06, 3.3950998386e-06, 3.60239573638e-06, 1.76651678885e-06, 1.47796788497e-06, 1.43705119626e-06, 5.61770661989e-07, 2.03117082265e-07, 2.72633826626e-07, 3.02733013768e-07, 4.56649260627e-08, 1.40596654319e-07, 3.86471619152e-08, 1.19105406093e-10, 1.4109755031e-11, 1.43701743213e-11],
        "var": [6.943815265e-07, 0.00132171076257, 0.000182185234735, 2.16728658415e-05, 4.62148600491e-05, 4.79391655972e-06, 1.1848507711e-05, 8.30106637295e-06, 1.9200362658e-05, 2.66961651505e-05, 7.19632726032e-06, 1.07816640593e-06, 7.25239374333e-07, 2.47236812356e-06, 1.7140476416e-07, 2.4278199362e-07, 1.10332599945e-07, 6.98256243936e-08, 1.42312268636e-08, 1.59166138047e-08, 8.13783440634e-09, 5.01799046759e-09, 2.75682698891e-09, 7.76765052279e-09, 2.20165463638e-09, 1.41008135723e-10, 5.50455753366e-15]
    },
    "erbbands": {
        "dmean": [0.351162970066, 2.29779648781, 4.42833662033, 5.09307098389, 6.45270109177, 14.1358480453, 9.63094806671, 5.67028331757, 12.7834844589, 28.3691368103, 16.4503440857, 42.3070106506, 73.8709640503, 38.5635070801, 40.8363723755, 21.9791316986, 21.2937355042, 30.177904129, 29.8906154633, 10.7768554688, 10.6068878174, 9.72781944275, 5.60956096649, 3.92580533028, 1.87471163273, 1.55463993549, 1.39921474457, 0.694733262062, 0.554275691509, 0.327172040939, 0.403400242329, 0.257595300674, 0.189456626773, 0.0945400968194, 0.0317995175719, 0.00759824225679, 0.0018425299786, 0.000167793041328, 9.54292318056e-06, 1.63601671375e-05],
        "dmean2": [0.431470900774, 3.25379657745, 7.22556018829, 8.72506713867, 11.1990375519, 23.6915798187, 15.2479000092, 8.35268306732, 19.5584220886, 43.3465614319, 25.7598972321, 66.0695343018, 110.914276123, 56.1674346924, 61.3169250488, 35.4936447144, 34.8571205139, 49.9061813354, 49.8155136108, 17.9297466278, 17.6537895203, 16.2592697144, 9.55961322784, 6.62595558167, 3.06638669968, 2.38236117363, 2.18082332611, 0.987455904484, 0.783845365047, 0.440957009792, 0.599387288094, 0.379641920328, 0.272276818752, 0.125520989299, 0.0443921238184, 0.0108126681298, 0.00271694059484, 0.000231144600548, 1.30063326651e-05, 2.28183798754e-05],
        "dvar": [0.548517167568, 25.8841247559, 100.867706299, 173.917572021, 162.898468018, 389.243041992, 179.316635132, 57.1107215881, 385.776367188, 1999.9342041, 548.745056152, 8465.12109375, 16676.7050781, 3788.53515625, 3673.01782227, 888.508117676, 1059.48156738, 1587.99401855, 2286.05712891, 347.995361328, 265.933197021, 223.514923096, 156.065673828, 93.2144927979, 21.2730178833, 16.3572273254, 17.4222278595, 4.61782646179, 4.91715431213, 0.792212069035, 1.53742086887, 1.08931100368, 0.681146383286, 0.236600771546, 0.0260064862669, 0.00190692185424, 0.000126307582832, 1.01531043128e-06, 5.35110067368e-10, 5.30500809948e-10],
        "dvar2": [0.814113855362, 55.7764434814, 271.282562256, 491.046966553, 463.586425781, 1037.52770996, 423.436523438, 124.391036987, 877.896118164, 4569.51757812, 1266.86730957, 24361.9277344, 36589.9101562, 8170.05322266, 7700.83984375, 2279.10791016, 2563.79101562, 3794.27661133, 5851.36669922, 933.728027344, 707.100830078, 608.133850098, 417.325714111, 249.517700195, 49.3075218201, 32.0903167725, 40.8738098145, 9.66745185852, 7.95160293579, 1.43793821335, 3.27384495735, 2.34078335762, 1.29392576218, 0.450675189495, 0.0439785271883, 0.0027751068119, 0.000209148041904, 1.8582931034e-06, 8.55654880283e-10, 9.31162813522e-10],
        "max": [8.45233726501, 58.2336425781, 101.953430176, 132.193145752, 107.378578186, 221.75491333, 160.73651123, 93.9805526733, 260.918487549, 478.29888916, 326.439605713, 1262.55065918, 2093.6796875, 856.24005127, 759.822753906, 385.891845703, 571.995300293, 420.527374268, 512.517700195, 316.081085205, 189.414550781, 171.270080566, 130.965713501, 121.159492493, 58.6339836121, 86.4378128052, 63.874382019, 26.7550315857, 58.1471481323, 12.6337690353, 24.3099822998, 25.3400230408, 21.727098465, 13.1604633331, 5.69536733627, 1.61628389359, 0.395937800407, 0.0361382104456, 0.000664606341161, 0.000309209252009],
        "mean": [0.697819590569, 4.74723482132, 9.83923721313, 8.592045784, 9.77957439423, 27.5431957245, 26.4507770538, 16.8693962097, 30.6292724609, 52.9741439819, 33.5868797302, 72.2898635864, 130.715133667, 68.4360961914, 68.029586792, 44.646572113, 34.9933700562, 52.169342041, 46.639755249, 19.7885417938, 17.9975280762, 15.0497570038, 8.154088974, 5.81931686401, 2.87770938873, 2.69462561607, 2.34017801285, 1.05458164215, 0.787025392056, 0.468788325787, 0.680766522884, 0.42603841424, 0.314712077379, 0.166339784861, 0.0525716133416, 0.0109797148034, 0.00270396284759, 0.000238197928411, 3.38910067512e-05, 6.70478329994e-05],
        "median": [0.0643503516912, 1.15674757957, 3.48712348938, 2.72731900215, 6.18740415573, 14.7439546585, 18.270275116, 12.5857162476, 17.7242603302, 28.9542140961, 23.2704048157, 39.1927146912, 76.9606933594, 36.0011444092, 36.4195251465, 32.7142677307, 24.8585090637, 38.4152755737, 31.7924232483, 13.5598526001, 11.920838356, 9.79441928864, 4.04725456238, 2.62654018402, 1.17400205135, 0.703811347485, 0.370472729206, 0.150574341416, 0.0886550247669, 0.0602072402835, 0.0358647666872, 0.0214348435402, 0.0103528192267, 0.00467969337478, 0.00157361722086, 0.000442302873125, 0.000107447398477, 9.59805583989e-06, 2.51565234066e-05, 5.31785372004e-05],
        "min": [1.57293798111e-05, 0.000816865300294, 0.0124386195093, 0.0184429548681, 0.17071595788, 0.128289520741, 0.127615511417, 0.202135041356, 0.317374527454, 0.388098418713, 0.253693640232, 0.243337661028, 0.171384140849, 0.331050604582, 0.239599943161, 0.0832951292396, 0.14687076211, 0.209463238716, 0.1534832865, 0.115739628673, 0.0957007780671, 0.0982928350568, 0.027769614011, 0.0208225715905, 0.0143727380782, 0.0139449294657, 0.0171303506941, 0.00676825735718, 0.00182580319233, 0.00197139359079, 0.00355129223317, 0.000720497570001, 0.00044107294525, 6.89348817104e-05, 1.32502082124e-05, 8.67379731062e-06, 1.23549477848e-06, 1.94151681399e-07, 5.29240367086e-07, 9.69063876255e-07],
        "var": [1.71200656891, 55.4789123535, 219.906463623, 226.234695435, 142.567001343, 1086.34667969, 686.817565918, 209.452285767, 1341.68981934, 4414.52880859, 1204.85754395, 13442.9453125, 31980.7167969, 8702.27636719, 8124.26513672, 1884.51831055, 1532.32580566, 2731.61474609, 2985.99511719, 531.355285645, 402.323944092, 292.659881592, 168.68421936, 109.984519958, 27.8664417267, 33.8012924194, 30.1971378326, 8.43896389008, 9.83224773407, 1.44658064842, 3.19839882851, 2.8606262207, 2.22517991066, 0.523172497749, 0.0732475891709, 0.00585318822414, 0.000376681680791, 2.8239214771e-06, 1.45310397048e-09, 2.19936224788e-09]
    },
    "gfcc": {
        "mean": [-27.0214614868, 177.966400146, -136.720840454, 11.9320964813, -41.6116752625, 9.60791110992, -26.3703117371, -0.64501786232, -9.33109092712, -10.67897892, -4.38304853439, -11.4823999405, 1.83004283905],
        "cov": [[2608.99487305, -661.327270508, -140.14855957, 355.19418335, -100.445083618, 371.116210938, 108.343994141, 207.994491577, -128.559967041, 5.72504615784, -41.3689804077, -9.46361351013, -11.3394269943], [-661.327270508, 1450.52880859, -444.54473877, -375.706634521, 515.158203125, -335.152252197, 258.714904785, -186.278945923, 373.855041504, -145.537918091, 168.153121948, -29.4754981995, 82.6621856689], [-140.14855957, -444.54473877, 635.046936035, 256.026519775, -106.310150146, 198.093292236, -56.3428688049, 113.194923401, -87.0650634766, 101.621429443, -55.0441246033, 5.02776575089, -32.869884491], [355.19418335, -375.706634521, 256.026519775, 470.312896729, -27.8243122101, 199.791320801, 76.9467544556, 36.982334137, 0.764010131359, 40.723941803, 32.4363136292, 7.93348932266, 10.6709070206], [-100.445083618, 515.158203125, -106.310150146, -27.8243122101, 354.814178467, -42.25440979, 173.28944397, -40.2360229492, 153.350891113, -26.4411029816, 74.0447158813, 13.2488574982, 24.3328952789], [371.116210938, -335.152252197, 198.093292236, 199.791320801, -42.25440979, 246.878356934, 45.0462684631, 91.5542297363, -35.6481399536, 47.9940414429, 2.40115451813, 4.76583147049, 2.28727650642], [108.343994141, 258.714904785, -56.3428688049, 76.9467544556, 173.28944397, 45.0462684631, 258.536346436, 12.9707307816, 139.721054077, -8.52533626556, 71.9947738647, 18.4235172272, 44.1586456299], [207.994491577, -186.278945923, 113.194923401, 36.982334137, -40.2360229492, 91.5542297363, 12.9707307816, 136.085952759, -19.5346260071, 32.9248695374, -17.1399497986, 12.0347642899, -1.9559879303], [-128.559967041, 373.855041504, -87.0650634766, 0.764010131359, 153.350891113, -35.6481399536, 139.721054077, -19.5346260071, 231.517028809, -5.8966255188, 88.2227096558, 11.2742347717, 49.211265564], [5.72504615784, -145.537918091, 101.621429443, 40.723941803, -26.4411029816, 47.9940414429, -8.52533626556, 32.9248695374, -5.8966255188, 108.804237366, 0.68077647686, 26.745973587, -13.5609636307], [-41.3689804077, 168.153121948, -55.0441246033, 32.4363136292, 74.0447158813, 2.40115451813, 71.9947738647, -17.1399497986, 88.2227096558, 0.68077647686, 113.063072205, 23.7674865723, 39.6325683594], [-9.46361351013, -29.4754981995, 5.02776575089, 7.93348932266, 13.2488574982, 4.76583147049, 18.4235172272, 12.0347642899, 11.2742347717, 26.745973587, 23.7674865723, 83.2913970947, 18.4592266083], [-11.3394269943, 82.6621856689, -32.869884491, 10.6709070206, 24.3328952789, 2.28727650642, 44.1586456299, -1.9559879303, 49.211265564, -13.5609636307, 39.6325683594, 18.4592266083, 74.2009277344]],
        "icov": [[0.00081781973131, -0.000296094105579, 0.0011675535934, -0.000908142770641, 0.00018161139451, -0.0012385653099, 8.61391890794e-05, -0.00128657417372, 0.000586060516071, -0.00012884575699, 0.000706544262357, -7.65650183894e-05, 0.000225523632253], [-0.000296094105579, 0.00879656895995, -0.00217119394802, 0.00576783809811, -0.00666013499722, 0.00559893390164, -0.00309820426628, 0.004354451783, -0.00549372984096, 0.0044020130299, -0.00517596350983, 0.00461834808812, -0.00160237576347], [0.0011675535934, -0.00217119394802, 0.00499962456524, -0.00371037470177, 0.00124177406542, -0.0036418910604, 0.0018567754887, -0.0038750928361, 0.00183776742779, -0.00264214212075, 0.00318472017534, -0.000879255414475, 0.000659422774334], [-0.000908142770641, 0.00576783809811, -0.00371037470177, 0.00855919811875, -0.00357531337067, 0.00187707308214, -0.00331960711628, 0.00575983477756, -0.00403619557619, 0.00332595570944, -0.00502171227708, 0.00282819452696, -0.000933513045311], [0.00018161139451, -0.00666013499722, 0.00124177406542, -0.00357531337067, 0.0103488303721, -0.00392295513302, -0.000708033854607, -0.00195452594198, 0.00253424025141, -0.00246952171437, 0.00293342280202, -0.0040891491808, 0.00292704370804], [-0.0012385653099, 0.00559893390164, -0.0036418910604, 0.00187707308214, -0.00392295513302, 0.0144784310833, -0.00386200705543, -7.44441204006e-05, -0.00168455927633, 0.00124762521591, -0.00524922832847, 0.00433349283412, -0.00210242019966], [8.61391890794e-05, -0.00309820426628, 0.0018567754887, -0.00331960711628, -0.000708033854607, -0.00386200705543, 0.00996035989374, -0.00307041802444, -0.00107992265839, -0.0010345261544, 0.00181813922245, -0.00217238697223, -0.00079628569074], [-0.00128657417372, 0.004354451783, -0.0038750928361, 0.00575983477756, -0.00195452594198, -7.44441204006e-05, -0.00307041802444, 0.0155084030703, -0.00392899150029, 0.00148967851419, -0.00156287860591, 0.000587114598602, -0.00114647345617], [0.000586060516071, -0.00549372984096, 0.00183776742779, -0.00403619557619, 0.00253424025141, -0.00168455927633, -0.00107992265839, -0.00392899150029, 0.0130686759949, -0.00436921790242, -0.000503038987517, -0.000974091817625, -0.00159057683777], [-0.00012884575699, 0.0044020130299, -0.00264214212075, 0.00332595570944, -0.00246952171437, 0.00124762521591, -0.0010345261544, 0.00148967851419, -0.00436921790242, 0.0153486942872, -0.00364178861491, -0.00225605815649, 0.00306318863295], [0.000706544262357, -0.00517596350983, 0.00318472017534, -0.00502171227708, 0.00293342280202, -0.00524922832847, 0.00181813922245, -0.00156287860591, -0.000503038987517, -0.00364178861491, 0.0192487966269, -0.00535451015458, -0.0031973994337], [-7.65650183894e-05, 0.00461834808812, -0.000879255414475, 0.00282819452696, -0.0040891491808, 0.00433349283412, -0.00217238697223, 0.000587114598602, -0.000974091817625, -0.00225605815649, -0.00535451015458, 0.0176468659192, -0.0047335922718], [0.000225523632253, -0.00160237576347, 0.000659422774334, -0.000933513045311, 0.00292704370804, -0.00210242019966, -0.00079628569074, -0.00114647345617, -0.00159057683777, 0.00306318863295, -0.0031973994337, -0.0047335922718, 0.0197715759277]]
    },
    "melbands": {
        "dmean": [0.00297679984942, 0.00234931753948, 0.000873817305546, 0.000752166379243, 0.000404758990044, 0.000134898698889, 0.000211045946344, 0.000312910502544, 0.000125762177049, 0.00028903564089, 0.00038185302401, 0.00017457222566, 0.000127429593704, 7.0428912295e-05, 6.52357703075e-05, 5.00584319525e-05, 6.82232202962e-05, 6.66466075927e-05, 1.8482653104e-05, 1.94171989278e-05, 1.17082345241e-05, 1.28601277538e-05, 4.36853224528e-06, 5.62381819691e-06, 3.1845245303e-06, 1.61151660905e-06, 1.11935423774e-06, 1.13112116651e-06, 1.19371293295e-06, 4.65700935592e-07, 4.03664330406e-07, 3.49460208326e-07, 2.19274994606e-07, 1.80227232249e-07, 2.6451738222e-07, 1.90546202816e-07, 1.57322034511e-07, 1.39968747703e-07, 1.2588844811e-07, 6.86903547376e-08],
        "dmean2": [0.00384790753014, 0.0035972064361, 0.00150397408288, 0.00129601079971, 0.000648628920317, 0.000198642432224, 0.000327913236106, 0.000473213702207, 0.000197536239284, 0.000452149892226, 0.000568488030694, 0.000252195866778, 0.000191339146113, 0.000107972438855, 0.000107553925773, 8.38674168335e-05, 0.000113552414405, 0.000112056273792, 3.11807525577e-05, 3.30905386363e-05, 1.95908705791e-05, 2.17758461076e-05, 7.26043208488e-06, 9.66855623119e-06, 5.44317163076e-06, 2.65758512796e-06, 1.79869323347e-06, 1.7506228005e-06, 1.93943947124e-06, 6.9339523634e-07, 5.93423521877e-07, 5.10607662818e-07, 3.07582382675e-07, 2.57934772208e-07, 4.02101193231e-07, 2.91591135237e-07, 2.32518914345e-07, 2.03046056413e-07, 1.84399866043e-07, 9.20187801512e-08],
        "dvar": [4.05801147281e-05, 2.40713816311e-05, 4.95742415296e-06, 1.21066807424e-06, 2.98360106399e-07, 3.08655963011e-08, 1.11843611705e-07, 2.4857098424e-07, 3.41459553965e-08, 4.04701864909e-07, 4.26009705734e-07, 6.76618086004e-08, 3.1691097746e-08, 7.77775532868e-09, 1.12846318956e-08, 6.65585320192e-09, 8.43618419566e-09, 1.2041194708e-08, 1.19130261211e-09, 1.03918817995e-09, 3.62429031231e-10, 4.02248623299e-10, 8.62038149196e-11, 1.78610751189e-10, 5.94485988215e-11, 1.66521310629e-11, 8.05532637121e-12, 8.9135547901e-12, 1.49151906104e-11, 1.68802450316e-12, 1.74633495598e-12, 2.14970033961e-12, 5.24565525566e-13, 2.36412858691e-13, 6.51897806569e-13, 4.17986635972e-13, 5.20416717532e-13, 4.29905433084e-13, 3.58181068355e-13, 1.23556790884e-13],
        "dvar2": [6.672431482e-05, 6.02605941822e-05, 1.40483653013e-05, 3.44186787515e-06, 7.04480896729e-07, 6.93363944038e-08, 2.5707555551e-07, 5.61031072266e-07, 7.78947750746e-08, 1.16714522846e-06, 9.34055776725e-07, 1.43537960184e-07, 6.55428564755e-08, 1.74860037561e-08, 2.90583113127e-08, 1.6531346958e-08, 2.05970138722e-08, 3.11914369888e-08, 3.07515701792e-09, 2.80006107189e-09, 9.83261694287e-10, 1.11847775486e-09, 2.18352544379e-10, 4.89520923797e-10, 1.60179189357e-10, 4.16604389875e-11, 1.70335256316e-11, 1.76668697033e-11, 3.74330601238e-11, 3.58869899943e-12, 3.92450264994e-12, 3.66639314395e-12, 8.37817011948e-13, 4.94123134336e-13, 1.44810151283e-12, 8.53848458951e-13, 1.16929610525e-12, 8.82733339549e-13, 7.05426439918e-13, 2.33110162033e-13],
        "max": [0.0716874524951, 0.0530136153102, 0.0207837875932, 0.0105749545619, 0.00762149598449, 0.00244932738133, 0.00408423086628, 0.00565325515345, 0.00262757320888, 0.00837538298219, 0.0104088485241, 0.0032801181078, 0.00207573384978, 0.00100985658355, 0.00118955399375, 0.000804006645922, 0.000938933575526, 0.00120001717005, 0.000500017835293, 0.000518748303875, 0.00024977963767, 0.000252425874351, 0.000112981586426, 0.000141952652484, 0.000100359626231, 5.63676039746e-05, 5.16463223903e-05, 6.87180508976e-05, 5.90888448642e-05, 2.20750080189e-05, 1.72706168087e-05, 3.79960074497e-05, 1.58922630362e-05, 5.51745552002e-06, 1.44099376485e-05, 1.20154518299e-05, 1.90421851585e-05, 1.88146168512e-05, 1.3468717043e-05, 9.31797421799e-06],
        "mean": [0.00624097092077, 0.00553409289569, 0.00148699514102, 0.0013488290133, 0.00105396076106, 0.000409729662351, 0.000484395888634, 0.00057324313093, 0.00024436035892, 0.000482972245663, 0.000661409576423, 0.000286686292384, 0.000210623387829, 0.000141219788929, 0.000100370634755, 7.24816927686e-05, 0.000108538297354, 9.64601276792e-05, 2.49391268881e-05, 3.10377581627e-05, 1.79170710908e-05, 1.90309929167e-05, 6.18725198365e-06, 7.64943979448e-06, 4.45950581707e-06, 2.2420665573e-06, 1.65170615674e-06, 1.87587886558e-06, 1.83897725492e-06, 7.35895071102e-07, 5.47395757167e-07, 4.77225285067e-07, 3.00237985584e-07, 2.40392978412e-07, 4.23816146622e-07, 3.17923451121e-07, 2.33217591017e-07, 2.20025469844e-07, 2.08067717722e-07, 1.14523963646e-07],
        "median": [0.00093841785565, 0.00236041587777, 0.00057874439517, 0.000851542921737, 0.000735346227884, 0.000306809757603, 0.000280834763544, 0.000307697831886, 0.000159666189575, 0.000255263526924, 0.00038626670721, 0.000145840676851, 0.000107748790469, 9.90145126707e-05, 5.45757684449e-05, 4.24013924203e-05, 7.46338773752e-05, 6.19879938313e-05, 1.09891670945e-05, 1.77940855792e-05, 1.07513897092e-05, 1.19665201055e-05, 3.46658816852e-06, 3.02992634715e-06, 1.83586655567e-06, 9.28941403799e-07, 6.23831226676e-07, 4.03609050181e-07, 2.62166338416e-07, 1.17344256978e-07, 6.86019987484e-08, 4.71344527853e-08, 3.79784736992e-08, 2.99247062685e-08, 2.04916936752e-08, 1.55489026099e-08, 1.1872812955e-08, 7.2024795017e-09, 4.97240293384e-09, 3.54503471023e-09],
