{
"highlevel": {
    "danceability": {
        "all": {
            "danceable": 0.990241706371,
            "not_danceable": 0.00975830852985
        },
        "probability": 0.990241706371,
        "value": "danceable"
    },
    "gender": {
        "all": {
            "female": 0.931351006031,
            "male": 0.0686490088701
        },
        "probability": 0.931351006031,
        "value": "female"
    },
    "genre_dortmund": {
        "all": {
            "alternative": 0.091506883502,
            "blues": 0.0572672002017,
            "electronic": 0.280659466982,
            "folkcountry": 0.0460053309798,
            "funksoulrnb": 0.0327690429986,
            "jazz": 0.065847992897,
            "pop": 0.0453056916595,
            "raphiphop": 0.204995006323,
            "rock": 0.175643384457
        },
        "probability": 0.280659466982,
        "value": "electronic"
    },
    "genre_electronic": {
        "all": {
            "ambient": 0.28564530611,
            "dnb": 0.146573856473,
            "house": 0.188770741224,
            "techno": 0.0231136772782,
            "trance": 0.355896413326
        },
        "probability": 0.355896413326,
        "value": "trance"
    },
    "genre_rosamerica": {
        "all": {
            "cla": 0.00686878059059,
            "dan": 0.106465280056,
            "hip": 0.126403093338,
            "jaz": 0.00705022644252,
            "pop": 0.580936253071,
            "rhy": 0.0857553333044,
            "roc": 0.0810394957662,
            "spe": 0.00548152113333
        },
        "probability": 0.580936253071,
        "value": "pop"
    },
    "genre_tzanetakis": {
        "all": {
            "blu": 0.0631970837712,
            "cla": 0.0351076424122,
            "cou": 0.105340525508,
            "dis": 0.0632559657097,
            "hip": 0.158187583089,
            "jaz": 0.316573172808,
            "met": 0.0527318492532,
            "pop": 0.063265889883,
            "reg": 0.0632615014911,
            "roc": 0.0790787860751
        },
        "probability": 0.316573172808,
        "value": "jaz"
    },
    "ismir04_rhythm": {
        "all": {
            "ChaChaCha": 0.062164388597,
            "Jive": 0.0615098290145,
            "Quickstep": 0.148734435439,
            "Rumba-American": 0.0455530621111,
            "Rumba-International": 0.0178122296929,
            "Rumba-Misc": 0.00869194418192,
            "Samba": 0.603277146816,
            "Tango": 0.0290361661464,
            "VienneseWaltz": 0.0176612921059,
            "Waltz": 0.00555949565023
        },
        "probability": 0.603277146816,
        "value": "Samba"
    },
    "mood_acoustic": {
        "all": {
            "acoustic": 0.0235757119954,
            "not_acoustic": 0.976424276829
        },
        "probability": 0.976424276829,
        "value": "not_acoustic"
    },
    "mood_aggressive": {
        "all": {
            "aggressive": 0.223983362317,
            "not_aggressive": 0.776016652584
        },
        "probability": 0.776016652584,
        "value": "not_aggressive"
    },
    "mood_electronic": {
        "all": {
            "electronic": 0.925396502018,
            "not_electronic": 0.0746034905314
        },
        "probability": 0.925396502018,
        "value": "electronic"
    },
    "mood_happy": {
        "all": {
            "happy": 0.799101233482,
            "not_happy": 0.200898781419
        },
        "probability": 0.799101233482,
        "value": "happy"
    },
    "mood_party": {
        "all": {
            "not_party": 0.579811394215,
            "party": 0.420188635588
        },
        "probability": 0.579811394215,
        "value": "not_party"
    },
    "mood_relaxed": {
        "all": {
            "not_relaxed": 0.884719192982,
            "relaxed": 0.115280792117
        },
        "probability": 0.884719192982,
        "value": "not_relaxed"
    },
    "mood_sad": {
        "all": {
            "not_sad": 0.8436216712,
            "sad": 0.156378343701
        },
        "probability": 0.8436216712,
        "value": "not_sad"
    },
    "moods_mirex": {
        "all": {
            "Cluster1": 0.146095618606,
            "Cluster2": 0.191541299224,
            "Cluster3": 0.059490237385,
            "Cluster4": 0.155050992966,
            "Cluster5": 0.447821855545
        },
        "probability": 0.447821855545,
        "value": "Cluster5"
    },
    "timbre": {
        "all": {
            "bright": 0.647394955158,
            "dark": 0.352605074644
        },
        "probability": 0.647394955158,
        "value": "bright"
    },
    "tonal_atonal": {
        "all": {
            "atonal": 0.00340026407503,
            "tonal": 0.996599733829
        },
        "probability": 0.996599733829,
        "value": "tonal"
    },
    "voice_instrumental": {
        "all": {
            "instrumental": 0.106020279229,
            "voice": 0.893979728222
        },
        "probability": 0.893979728222,
        "value": "voice"
    }
},
"lowlevel": {
    "average_loudness": 0.980889797211,
    "barkbands_crest": {
        "dmean": 2.90438580513,
        "dmean2": 4.17245721817,
        "dvar": 7.92703962326,
        "dvar2": 13.0613641739,
        "max": 25.7197914124,
        "mean": 10.4104776382,
        "median": 8.57433986664,
        "min": 2.48994469643,
        "var": 29.7991352081
    },
    "barkbands_flatness_db": {
        "dmean": 0.0289907399565,
        "dmean2": 0.0396555140615,
        "dvar": 0.000703025027178,
        "dvar2": 0.00120815914124,
        "max": 0.396134704351,
        "mean": 0.162009075284,
        "median": 0.151476189494,
        "min": 0.0535758323967,
        "var": 0.00351211731322
    },
    "barkbands_kurtosis": {
        "dmean": 3.8324444294,
        "dmean2": 5.63816976547,
        "dvar": 64.8084411621,
        "dvar2": 121.390296936,
        "max": 161.413314819,
        "mean": 5.19474077225,
        "median": 1.76225233078,
        "min": -1.86128592491,
        "var": 127.42893219
    },
    "barkbands_skewness": {
        "dmean": 0.618171811104,
        "dmean2": 0.861769616604,
        "dvar": 0.454557478428,
        "dvar2": 0.757809638977,
        "max": 11.4966917038,
        "mean": 1.63323259354,
        "median": 1.25315988064,
        "min": -1.20561492443,
        "var": 1.95320594311
    },
    "barkbands_spread": {
        "dmean": 6.05277061462,
        "dmean2": 8.51643657684,
        "dvar": 48.8597183228,
        "dvar2": 84.1396789551,
        "max": 111.791046143,
        "mean": 20.4230995178,
        "median": 16.186258316,
        "min": 1.11700820923,
        "var": 202.944869995
    },
    "dissonance": {
        "dmean": 0.0215542912483,
        "dmean2": 0.0361142531037,
        "dvar": 0.00037540437188,
        "dvar2": 0.00099248404149,
        "max": 0.499637931585,
        "mean": 0.461302578449,
        "median": 0.467559963465,
        "min": 0.303950309753,
        "var": 0.000762882642448
    },
    "dynamic_complexity": 1.31194996834,
    "erbbands_crest": {
        "dmean": 3.19428300858,
        "dmean2": 5.06142377853,
        "dvar": 9.33335208893,
        "dvar2": 21.8417949677,
        "max": 30.5274868011,
        "mean": 9.6940946579,
        "median": 8.1789264679,
        "min": 3.14646649361,
        "var": 26.7470817566
    },
    "erbbands_flatness_db": {
        "dmean": 0.0205716341734,
        "dmean2": 0.0298289079219,
        "dvar": 0.000361500191502,
        "dvar2": 0.000750491803046,
        "max": 0.326730579138,
        "mean": 0.167066410184,
        "median": 0.160299912095,
        "min": 0.0749418660998,
        "var": 0.00164683046751
    },
    "erbbands_kurtosis": {
        "dmean": 1.25213551521,
        "dmean2": 1.95809948444,
        "dvar": 3.57120656967,
        "dvar2": 7.51587247849,
        "max": 29.5451622009,
        "mean": 1.05606901646,
        "median": 0.250287532806,
        "min": -1.58745872974,
        "var": 8.54588699341
    },
    "erbbands_skewness": {
        "dmean": 0.410020291805,
        "dmean2": 0.615952968597,
        "dvar": 0.136879697442,
        "dvar2": 0.284350097179,
        "max": 3.71932816505,
        "mean": 0.511461496353,
        "median": 0.47071954608,
        "min": -1.87205564976,
        "var": 0.47818005085
    },
    "erbbands_spread": {
        "dmean": 8.11961746216,
        "dmean2": 12.5131731033,
        "dvar": 68.6944885254,
        "dvar2": 153.380477905,
        "max": 125.435554504,
        "mean": 34.3011932373,
        "median": 31.4118309021,
        "min": 3.06756234169,
        "var": 292.295471191
    },
    "hfc": {
        "dmean": 8.4809217453,
        "dmean2": 11.6100311279,
        "dvar": 134.05329895,
        "dvar2": 227.747741699,
        "max": 158.007385254,
        "mean": 23.2411270142,
        "median": 15.7276363373,
        "min": 1.5208632946,
        "var": 402.765350342
    },
    "melbands_crest": {
        "dmean": 4.11927604675,
        "dmean2": 6.20142889023,
        "dvar": 12.3861265182,
        "dvar2": 26.4313793182,
        "max": 34.7581062317,
        "mean": 15.6938009262,
        "median": 13.8818378448,
        "min": 5.38709115982,
        "var": 45.7503166199
    },
    "melbands_flatness_db": {
        "dmean": 0.0357965007424,
        "dmean2": 0.0472524613142,
        "dvar": 0.0010889248224,
        "dvar2": 0.00175589579158,
        "max": 0.493990957737,
        "mean": 0.222669988871,
        "median": 0.214486017823,
        "min": 0.0634505674243,
        "var": 0.00595523556694
    },
    "melbands_kurtosis": {
        "dmean": 8.10856437683,
        "dmean2": 11.8684005737,
        "dvar": 260.915618896,
        "dvar2": 452.045318604,
        "max": 319.801879883,
        "mean": 13.9762592316,
        "median": 5.78441047668,
        "min": -1.517141819,
        "var": 604.45690918
    },
    "melbands_skewness": {
        "dmean": 0.801722764969,
        "dmean2": 1.13646841049,
        "dvar": 0.797932744026,
        "dvar2": 1.2695556879,
        "max": 13.9387025833,
        "mean": 2.5845208168,
        "median": 2.08771061897,
        "min": -1.02528989315,
        "var": 3.60542106628
    },
    "melbands_spread": {
        "dmean": 6.62239742279,
        "dmean2": 9.2245016098,
        "dvar": 60.5486183167,
        "dvar2": 112.361167908,
        "max": 87.864982605,
        "mean": 20.8885555267,
        "median": 17.6179008484,
        "min": 0.901211857796,
        "var": 212.180343628
    },
    "pitch_salience": {
        "dmean": 0.0831926614046,
        "dmean2": 0.118336006999,
        "dvar": 0.00565483979881,
        "dvar2": 0.00997447036207,
        "max": 0.804860234261,
        "mean": 0.518440008163,
        "median": 0.54670214653,
        "min": 0.123274683952,
        "var": 0.0198706816882
    },
    "silence_rate_20dB": {
        "dmean": 0,
        "dmean2": 0,
        "dvar": 0,
        "dvar2": 0,
        "max": 1,
        "mean": 1,
        "median": 1,
        "min": 1,
        "var": 0
    },
    "silence_rate_30dB": {
        "dmean": 0.0773993805051,
        "dmean2": 0.154918670654,
        "dvar": 0.0714077576995,
        "dvar2": 0.155706822872,
        "max": 1,
        "mean": 0.925754070282,
        "median": 1,
        "min": 0,
        "var": 0.0687343254685
    },
    "silence_rate_60dB": {
        "dmean": 0,
        "dmean2": 0,
        "dvar": 0,
        "dvar2": 0,
        "max": 0,
        "mean": 0,
        "median": 0,
        "min": 0,
        "var": 0
    },
    "spectral_centroid": {
        "dmean": 287.290313721,
        "dmean2": 413.872009277,
        "dvar": 89794.9296875,
        "dvar2": 168821.0625,
        "max": 3441.04272461,
        "mean": 1188.75280762,
        "median": 1026.08496094,
        "min": 249.560058594,
        "var": 347807.90625
    },
    "spectral_complexity": {
        "dmean": 4.35603713989,
        "dmean2": 6.45778465271,
        "dvar": 31.4211788177,
        "dvar2": 45.7556381226,
        "max": 59,
        "mean": 20.3054904938,
        "median": 19,
        "min": 7,
        "var": 81.0041809082
    },
    "spectral_decrease": {
        "dmean": 3.76181930051e-09,
        "dmean2": 5.53888312993e-09,
        "dvar": 2.25177654065e-17,
        "dvar2": 4.94139102919e-17,
        "max": -1.27952370921e-09,
        "mean": -1.07836024554e-08,
        "median": -7.81386333415e-09,
        "min": -3.83211826716e-08,
        "var": 6.39261985691e-17
    },
    "spectral_energy": {
        "dmean": 0.0147064421326,
        "dmean2": 0.0215651094913,
        "dvar": 0.000328961235937,
        "dvar2": 0.000732413202059,
        "max": 0.14569285512,
        "mean": 0.0428078435361,
        "median": 0.0318974256516,
        "min": 0.00505215674639,
        "var": 0.00093335902784
    },
    "spectral_energyband_high": {
        "dmean": 0.000610205694102,
        "dmean2": 0.000831175071653,
        "dvar": 1.54259180363e-06,
        "dvar2": 2.57029910244e-06,
        "max": 0.0180522669107,
        "mean": 0.00109703454655,
        "median": 0.000330940500135,
        "min": 1.07379196379e-06,
        "var": 3.8376433622e-06
    },
    "spectral_energyband_low": {
        "dmean": 0.0109387598932,
        "dmean2": 0.0134803205729,
        "dvar": 0.000254482903983,
        "dvar2": 0.000309754483169,
        "max": 0.141468852758,
        "mean": 0.023179538548,
        "median": 0.0115086184815,
        "min": 0.00143159087747,
        "var": 0.000866819056682
    },
    "spectral_energyband_middle_high": {
        "dmean": 0.00223577162251,
        "dmean2": 0.00315760006197,
        "dvar": 7.60238481234e-06,
        "dvar2": 1.29964282678e-05,
        "max": 0.0356288403273,
        "mean": 0.00551696959883,
        "median": 0.00370935816318,
        "min": 0.000310485687805,
        "var": 2.72160687018e-05
    },
    "spectral_energyband_middle_low": {
        "dmean": 0.00872752536088,
        "dmean2": 0.0150290988386,
        "dvar": 0.00028284243308,
        "dvar2": 0.000793761573732,
        "max": 0.128570511937,
        "mean": 0.0153733687475,
        "median": 0.01199304685,
        "min": 0.00142667908221,
        "var": 0.000208056764677
    },
    "spectral_entropy": {
        "dmean": 0.218468368053,
        "dmean2": 0.323502779007,
        "dvar": 0.0426272153854,
        "dvar2": 0.0975959822536,
        "max": 8.61387252808,
        "mean": 7.44339323044,
        "median": 7.45494890213,
        "min": 6.15080356598,
        "var": 0.143439054489
    },
    "spectral_flux": {
        "dmean": 0.0339567884803,
        "dmean2": 0.050875980407,
        "dvar": 0.00157525460236,
        "dvar2": 0.00301027437672,
        "max": 0.401505619287,
        "mean": 0.11062310636,
        "median": 0.0939122289419,
        "min": 0.0256660357118,
        "var": 0.00360385049134
    },
    "spectral_kurtosis": {
        "dmean": 2.23709487915,
        "dmean2": 3.74391245842,
        "dvar": 8.75626373291,
        "dvar2": 23.3698406219,
        "max": 30.2833557129,
        "mean": 4.99282455444,
        "median": 3.93456697464,
        "min": -0.908571004868,
        "var": 15.5591678619
    },
    "spectral_rms": {
        "dmean": 0.00104770355392,
        "dmean2": 0.00152836588677,
        "dvar": 1.22132121305e-06,
        "dvar2": 2.65455355475e-06,
        "max": 0.0119222216308,
        "mean": 0.00612955819815,
        "median": 0.00557847972959,
        "min": 0.00222012004815,
        "var": 4.19226034865e-06
    },
    "spectral_rolloff": {
        "dmean": 443.397338867,
        "dmean2": 681.225036621,
        "dvar": 638263.75,
        "dvar2": 1232855.5,
        "max": 10745.0683594,
        "mean": 1134.81311035,
        "median": 775.1953125,
        "min": 64.599609375,
        "var": 1554944.375
    },
    "spectral_skewness": {
        "dmean": 0.296290397644,
        "dmean2": 0.462433069944,
        "dvar": 0.0939682796597,
        "dvar2": 0.220340177417,
        "max": 4.15496444702,
        "mean": 1.64183282852,
        "median": 1.60748839378,
        "min": 0.311693906784,
        "var": 0.288708925247
    },
    "spectral_spread": {
        "dmean": 558309.75,
        "dmean2": 833791.8125,
        "dvar": 447880986624,
        "dvar2": 789164392448,
        "max": 12266375,
        "mean": 4054109.5,
        "median": 3988502,
        "min": 1355407.875,
        "var": 1.94355331072e+12
    },
    "spectral_strongpeak": {
        "dmean": 0.59280282259,
        "dmean2": 1.00794351101,
        "dvar": 0.751463115215,
        "dvar2": 1.81080460548,
        "max": 6.75964593887,
        "mean": 0.865463972092,
        "median": 0.484947919846,
        "min": 0,
        "var": 1.16867911816
    },
    "zerocrossingrate": {
        "dmean": 0.010501826182,
        "dmean2": 0.0105920340866,
        "dvar": 0.000124692101963,
        "dvar2": 0.000118508694868,
        "max": 0.2451171875,
        "mean": 0.0468304380774,
        "median": 0.03857421875,
        "min": 0.00341796875,
        "var": 0.000934781739488
    },
    "barkbands": {
        "dmean": [0.000896274694242, 0.010089373216, 0.002628861228, 0.00367096741684, 0.00329570355825, 0.00104881543666, 0.000846681476105, 0.000994334230199, 0.0015780600952, 0.00104370573536, 0.000472526997328, 0.000311959214741, 0.000338064361131, 0.000250707409577, 0.000302261934849, 0.000188769598026, 0.00022665670258, 0.000334334617946, 0.000220599467866, 0.000163886885275, 0.000220617483137, 0.000150784413563, 0.000109730477561, 0.000112800888019, 5.3134488553e-05, 1.39463709274e-05, 2.15686029037e-08],
        "dmean2": [0.00119197764434, 0.0125884730369, 0.00455370359123, 0.00661180354655, 0.00604748679325, 0.00166645809077, 0.0014220350422, 0.00165468733758, 0.00225688074715, 0.00148850004189, 0.000744019111153, 0.000515829771757, 0.000518191489391, 0.000405114580644, 0.000485405034851, 0.000298923259834, 0.000356167409336, 0.00050171156181, 0.000333611649694, 0.000242114430876, 0.000335896940669, 0.000217504202737, 0.000155460060341, 0.000156364025315, 7.64557116781e-05, 2.26103329624e-05, 3.50988500486e-08],
        "dvar": [1.60283286732e-06, 0.000323104293784, 3.36808298016e-05, 7.66150842537e-05, 7.30831743567e-05, 2.20177412302e-06, 1.85095245797e-06, 2.18051468437e-06, 6.96698270986e-06, 4.77829371448e-06, 9.1998026619e-07, 4.46694116363e-07, 7.84766484685e-07, 3.9396570628e-07, 2.39323668438e-07, 1.04390132094e-07, 2.28104312328e-07, 4.28021877497e-07, 2.11963353536e-07, 1.48658628518e-07, 2.74823918289e-07, 1.32854381718e-07, 4.87027271845e-08, 1.06591684812e-07, 4.3429558616e-08, 7.44708605893e-09, 3.45261844017e-14],
        "dvar2": [3.03355750475e-06, 0.000408587075071, 9.62883350439e-05, 0.000219301306061, 0.000208023557207, 5.21555557498e-06, 4.80557491755e-06, 5.68137329537e-06, 1.07253208625e-05, 7.31275713406e-06, 1.68332064732e-06, 9.9261910691e-07, 1.4764232219e-06, 9.41147561662e-07, 5.29928968263e-07, 2.42807743689e-07, 5.39872416994e-07, 8.4107409748e-07, 4.4651949338e-07, 2.75248368098e-07, 4.98311351294e-07, 2.70471559816e-07, 9.82205037303e-08, 1.97156950321e-07, 8.35383247022e-08, 2.03453875969e-08, 6.73491820581e-14],
        "max": [0.0143466508016, 0.138784885406, 0.0507930144668, 0.0730402320623, 0.0675482302904, 0.0215812232345, 0.0232344940305, 0.0196418501437, 0.0503603629768, 0.0318642221391, 0.0240168925375, 0.0121037391946, 0.0197473187, 0.0110446754843, 0.0116254091263, 0.00351856392808, 0.00632494827732, 0.0125386742875, 0.00496627483517, 0.00381630356424, 0.00491003459319, 0.00318499421701, 0.00404973048717, 0.00610457547009, 0.00356454099528, 0.0021692593582, 4.18771332988e-06],
        "mean": [0.00183324154932, 0.0164228565991, 0.00293440953828, 0.00380878755823, 0.00299173709936, 0.00221774424426, 0.00119802029803, 0.00142791704275, 0.00298456288874, 0.00183126539923, 0.000669115048368, 0.000462054100353, 0.000462280935608, 0.000369951943867, 0.000601993582677, 0.000253572507063, 0.000313541502692, 0.000514119688887, 0.000315555487759, 0.0002210825769, 0.000292273471132, 0.000194175285287, 0.000189022248378, 0.000198373061721, 8.36801991682e-05, 1.65049659699e-05, 1.6404511527e-08],
        "median": [0.0010217402596, 0.00488317897543, 0.00165822659619, 0.00147017836571, 0.00114741339348, 0.000998240895569, 0.000780644244514, 0.000828689080663, 0.00154203770217, 0.000716203299817, 0.000323621061398, 0.000270270538749, 0.000188007863471, 0.00018410285702, 0.000305711815599, 0.000107916661364, 0.000115274298878, 0.000140117219416, 9.94139263639e-05, 8.18512198748e-05, 5.33292623004e-05, 4.71775092592e-05, 4.27677805419e-05, 3.56543678208e-05, 1.84058972081e-05, 2.3541954306e-06, 6.57244647595e-10],
        "min": [6.91306695444e-07, 0.000302781991195, 1.1039817764e-05, 1.96534929273e-05, 5.72938552068e-05, 3.02929784084e-05, 2.27113050641e-05, 1.04450036815e-05, 5.46112059965e-05, 3.45236985595e-05, 5.76960292165e-06, 4.77079765915e-06, 3.86458850699e-06, 6.7771443355e-06, 6.23094410912e-06, 2.42897203862e-06, 4.19675507146e-06, 2.3131292437e-06, 1.51864389863e-06, 6.20516686922e-07, 3.73805420395e-07, 8.28371327088e-08, 5.00872303633e-08, 1.27598376309e-10, 1.27186525201e-11, 5.62051880731e-12, 6.71839190183e-12],
        "var": [4.48124364993e-06, 0.000815975130536, 2.2928656108e-05, 5.02243237861e-05, 4.51129089925e-05, 8.5625651991e-06, 2.01915054276e-06, 3.41930717696e-06, 2.15305990423e-05, 1.21062184917e-05, 1.88528247236e-06, 7.37201105494e-07, 1.32721856971e-06, 4.81196991586e-07, 1.19038054436e-06, 1.47381442162e-07, 3.18145765732e-07, 8.91001718628e-07, 3.33782452344e-07, 2.21946734769e-07, 4.37623015159e-07, 1.96459097879e-07, 1.2528174409e-07, 2.97623472534e-07, 1.11754097532e-07, 7.39402583605e-09, 3.2172222243e-14]
    },
    "erbbands": {
        "dmean": [0.425237566233, 2.0491309166, 2.55988049507, 8.00195884705, 13.6876964569, 9.53477859497, 7.29126787186, 8.53650283813, 11.6784162521, 12.1657381058, 27.0924701691, 39.5271911621, 29.1190795898, 25.777885437, 15.8344860077, 14.6961288452, 16.3289318085, 11.7636051178, 15.3176202774, 12.5388422012, 10.1507930756, 10.907204628, 15.8722581863, 13.6423149109, 10.6880092621, 7.79015302658, 9.02538013458, 7.89835882187, 5.89089918137, 3.9167778492, 3.01728653908, 2.10919594765, 2.08381915092, 0.819563627243, 0.269358634949, 0.101354889572, 0.0146837690845, 0.000603980093729, 2.44718303293e-05, 1.79630751518e-05],
        "dmean2": [0.522980749607, 2.5853908062, 4.03245401382, 14.0838212967, 25.3196659088, 17.6692008972, 12.0371408463, 13.3680267334, 19.2944335938, 20.4175052643, 44.0491638184, 55.2355690002, 43.0403709412, 36.8789100647, 24.7004203796, 23.9672241211, 25.2572383881, 18.8769283295, 24.165971756, 20.0783233643, 15.644449234, 16.5028533936, 24.1883907318, 19.655834198, 15.8152532578, 11.4348936081, 13.1650009155, 11.8013801575, 8.59415626526, 5.57351207733, 4.23385429382, 2.98670530319, 2.88529324532, 1.14644944668, 0.409461468458, 0.158189699054, 0.02217868343, 0.000958221789915, 3.54406984115e-05, 2.59102307609e-05],
        "dvar": [0.463896751404, 17.2055740356, 30.2390155792, 314.826660156, 1456.99963379, 532.821716309, 112.497642517, 146.441818237, 424.275970459, 250.84928894, 1668.20629883, 5102.52099609, 3591.2434082, 3881.57666016, 884.723205566, 1021.13562012, 2004.40539551, 899.618408203, 683.668579102, 403.943237305, 357.498413086, 523.719238281, 1184.88818359, 631.658630371, 561.169921875, 290.815795898, 478.768707275, 327.955932617, 221.482315063, 71.0147018433, 46.0971755981, 37.5877075195, 36.6673164368, 9.09325695038, 1.66556990147, 0.414600014687, 0.00395185220987, 3.18422326018e-06, 4.45462822185e-09, 4.41131547957e-10],
        "dvar2": [0.593090832233, 26.6990795135, 78.2036819458, 893.900146484, 4159.83203125, 1526.26428223, 295.597686768, 331.818572998, 1087.5637207, 647.489868164, 4104.49365234, 7844.62597656, 5707.98583984, 5726.42724609, 1709.53796387, 2181.0690918, 3735.01318359, 2200.22045898, 1429.28320312, 926.350280762, 822.719787598, 1145.9621582, 2628.94238281, 1163.875, 1095.65795898, 521.700073242, 917.885559082, 567.003845215, 463.482086182, 144.953674316, 92.0112533569, 82.4706497192, 66.159538269, 17.128484726, 3.91248989105, 1.14389896393, 0.00780408224091, 6.63463106321e-06, 9.00223451339e-09, 9.75187042229e-10],
        "max": [5.57083892822, 28.2034301758, 57.5903778076, 159.288238525, 297.858306885, 162.113845825, 103.711395264, 170.392074585, 332.924163818, 230.444839478, 531.402893066, 1425.62390137, 1113.09655762, 1209.20690918, 698.21697998, 587.579589844, 1003.10675049, 545.845947266, 736.318481445, 229.191452026, 241.482269287, 332.706268311, 710.47265625, 257.385925293, 254.35269165, 177.053771973, 262.049072266, 162.23828125, 138.838745117, 126.620178223, 148.825515747, 108.924507141, 116.038238525, 57.576965332, 26.4001083374, 16.8666706085, 1.62142634392, 0.0329811498523, 0.00134714134037, 0.000228317832807],
        "mean": [0.680176317692, 2.85680317879, 3.45786046982, 9.2561712265, 11.2590484619, 9.22027301788, 14.0922260284, 17.4998855591, 16.2699508667, 19.9827766418, 43.4196548462, 75.7961120605, 52.4458808899, 48.1330184937, 25.7596092224, 22.5058345795, 23.3553638458, 19.0259990692, 31.8307209015, 20.8515758514, 14.5999526978, 16.0887756348, 24.5958099365, 22.0894908905, 15.0132989883, 11.2560043335, 11.7392129898, 10.5249071121, 7.70489740372, 6.03810071945, 5.03720378876, 3.42524814606, 3.64713430405, 1.38142836094, 0.368752807379, 0.12782664597, 0.0180892795324, 0.000750910956413, 5.05516545672e-05, 5.31217301614e-05],
        "median": [0.238781988621, 0.72575956583, 1.98976254463, 4.42497110367, 3.83495020866, 3.66544032097, 7.3013010025, 7.82766580582, 9.96710777283, 14.4092845917, 26.4984016418, 37.5387954712, 27.5386123657, 18.2939853668, 15.414847374, 13.4189481735, 10.0991411209, 10.2030944824, 15.7954921722, 10.486697197, 6.34104156494, 5.92189073563, 7.72853708267, 6.21342039108, 4.77019691467, 4.52346944809, 2.61496591568, 2.06407666206, 1.83920013905, 1.33988857269, 1.14056646824, 0.806844234467, 0.540221691132, 0.333154350519, 0.0479677990079, 0.0150038478896, 0.00370035064407, 0.000202201656066, 2.86607210001e-05, 3.96917348553e-05],
        "min": [0.00557760056108, 0.0626498535275, 0.155534312129, 0.166317075491, 0.129839509726, 0.199212625623, 0.257418781519, 0.326410263777, 0.51735830307, 0.372688502073, 0.889233648777, 1.4227771759, 0.994040429592, 0.848078727722, 0.779307305813, 0.458669155836, 0.405450135469, 0.415827691555, 0.521178841591, 0.471880614758, 0.208341747522, 0.198131158948, 0.167745888233, 0.103730015457, 0.0714705139399, 0.0385386347771, 0.0172409899533, 0.011410404928, 0.00546609284356, 0.00239582988434, 0.00131873949431, 0.000239103203057, 2.88868577627e-05, 1.74154865817e-05, 5.82223992751e-06, 3.36573998538e-06, 1.93200276044e-06, 4.42419405999e-07, 2.50031825999e-06, 5.73759734834e-06],
        "var": [1.22305905819, 33.1811180115, 28.2253684998, 220.644119263, 879.089111328, 331.847991943, 274.909088135, 572.946411133, 453.469146729, 413.461669922, 2746.67431641, 15786.0712891, 8282.87597656, 10939.0976562, 1728.71166992, 1565.16723633, 3340.28613281, 1083.8404541, 4292.37744141, 821.063293457, 508.763763428, 827.141418457, 2082.94946289, 1329.26000977, 868.647155762, 467.747589111, 763.332092285, 541.457275391, 317.133666992, 140.735366821, 106.248176575, 81.2504806519, 107.840568542, 26.0264835358, 2.9999089241, 0.466194927692, 0.00538000278175, 4.31556691183e-06, 8.37781222174e-09, 1.34349587011e-09]
    },
    "gfcc": {
        "mean": [12.1863183975, 121.341430664, -121.794204712, 38.8701477051, -62.7346038818, 23.2197914124, -27.4807338715, 16.0499286652, -12.7472829819, -2.19212722778, -8.85178565979, -8.17322254181, -4.07354736328],
        "cov": [[2519.35791016, -1688.03442383, 40.3132743835, 413.764465332, -460.738342285, 268.287811279, -450.622283936, 160.951339722, -296.868774414, 179.307662964, -141.278533936, 250.799072266, -119.045509338], [-1688.03442383, 1471.80700684, -121.357261658, -279.223510742, 378.66104126, -281.101074219, 336.380981445, -223.913528442, 224.685714722, -193.06552124, 145.912872314, -204.518966675, 86.9335021973], [40.3132743835, -121.357261658, 378.670410156, -30.5826759338, 7.72884082794, 89.3159561157, -38.1447257996, 54.8096046448, -71.6407470703, 52.9816474915, -27.1151676178, 10.5362071991, -36.074798584], [413.764465332, -279.223510742, -30.5826759338, 305.086120605, -38.9447021484, 24.743473053, -47.1417541504, -6.48627090454, 52.1289558411, 0.0766058266163, 33.376449585, 47.1315231323, 25.1021633148], [-460.738342285, 378.66104126, 7.72884082794, -38.9447021484, 238.697738647, -55.0280456543, 122.771614075, -41.1678733826, 78.4438705444, -36.6397132874, 50.0391960144, -12.1985607147, 26.8448352814], [268.287811279, -281.101074219, 89.3159561157, 24.743473053, -55.0280456543, 190.163879395, -21.1029186249, 55.8949356079, -24.2255153656, 53.1559181213, -9.35383796692, 13.4826288223, 0.341830551624], [-450.622283936, 336.380981445, -38.1447257996, -47.1417541504, 122.771614075, -21.1029186249, 246.162612915, -4.84811639786, 101.571968079, -23.4283447266, 12.5914316177, -59.8819313049, 49.0474662781], [160.951339722, -223.913528442, 54.8096046448, -6.48627090454, -41.1678733826, 55.8949356079, -4.84811639786, 158.250839233, -12.0088949203, 35.0845146179, -42.2919845581, 20.1224441528, 2.1830496788], [-296.868774414, 224.685714722, -71.6407470703, 52.1289558411, 78.4438705444, -24.2255153656, 101.571968079, -12.0088949203, 180.683013916, -22.1139125824, 52.9061050415, -35.3468093872, 57.7208480835], [179.307662964, -193.06552124, 52.9816474915, 0.0766058266163, -36.6397132874, 53.1559181213, -23.4283447266, 35.0845146179, -22.1139125824, 122.143806458, -9.15911388397, 32.4612884521, -8.53735542297], [-141.278533936, 145.912872314, -27.1151676178, 33.376449585, 50.0391960144, -9.35383796692, 12.5914316177, -42.2919845581, 52.9061050415, -9.15911388397, 151.038589478, 14.1090602875, 26.8599948883], [250.799072266, -204.518966675, 10.5362071991, 47.1315231323, -12.1985607147, 13.4826288223, -59.8819313049, 20.1224441528, -35.3468093872, 32.4612884521, 14.1090602875, 134.536209106, 10.4914674759], [-119.045509338, 86.9335021973, -36.074798584, 25.1021633148, 26.8448352814, 0.341830551624, 49.0474662781, 2.1830496788, 57.7208480835, -8.53735542297, 26.8599948883, 10.4914674759, 107.498970032]],
        "icov": [[0.00224869675003, 0.00213004881516, 0.000548587762751, -0.00112185359467, 0.000263026595348, -9.70862893155e-05, 0.000341935112374, 0.00070232024882, 0.00113637943286, 0.000126479106257, 3.2899530197e-05, -0.00028957502218, 0.000398005911848], [0.00213004881516, 0.0113526117057, -0.00126002682373, 0.00627640960738, -0.00466458220035, 0.00712138460949, -0.00323688564822, 0.0073302234523, -0.0032908518333, 0.00530952122062, -0.00476251356304, 0.00613697338849, -0.0034604659304], [0.000548587762751, -0.00126002682373, 0.00408776290715, -0.0017034689663, -0.000539113359991, -0.00281963730231, 0.00135853502434, -0.00198665237986, 0.00247645867057, -0.00189098413102, 0.00102288648486, -0.000626617693342, 0.00128581747413], [-0.00112185359467, 0.00627640960738, -0.0017034689663, 0.0106866918504, -0.00295206345618, 0.00502135418355, -0.00202592113055, 0.00548014324158, -0.00649606250226, 0.00466472841799, -0.00395149737597, 0.00337206292897, -0.0033341452945], [0.000263026595348, -0.00466458220035, -0.000539113359991, -0.00295206345618, 0.0103326402605, -0.00235569663346, -0.00137028680183, -0.00203861552291, 0.000257148756646, -0.00126814725809, 0.0011606789194, -0.00559436529875, 0.00268290843815], [-9.70862893155e-05, 0.00712138460949, -0.00281963730231, 0.00502135418355, -0.00235569663346, 0.0129501186311, -0.00335242808796, 0.00356885348447, -0.00291875516996, 0.00205011968501, -0.00443161325529, 0.00542077748105, -0.003672814928], [0.000341935112374, -0.00323688564822, 0.00135853502434, -0.00202592113055, -0.00137028680183, -0.00335242808796, 0.00919748842716, -0.00310262618586, -0.000495243235491, -0.00241420790553, 0.00286429701373, 5.63150160815e-06, -0.000497352273669], [0.00070232024882, 0.0073302234523, -0.00198665237986, 0.00548014324158, -0.00203861552291, 0.00356885348447, -0.00310262618586, 0.0134008303285, -0.00415072357282, 0.00304996478371, -0.00117012159899, 0.00266844336875, -0.0029524222482], [0.00113637943286, -0.0032908518333, 0.00247645867057, -0.00649606250226, 0.000257148756646, -0.00291875516996, -0.000495243235491, -0.00415072357282, 0.0139257824048, -0.00311943050474, -0.000139083014801, 0.000195416068891, -0.0011864178814], [0.000126479106257, 0.00530952122062, -0.00189098413102, 0.00466472841799, -0.00126814725809, 0.00205011968501, -0.00241420790553, 0.00304996478371, -0.00311943050474, 0.0135379554704, -0.0027305947151, 0.000790126330685, -0.00117253675126], [3.2899530197e-05, -0.00476251356304, 0.00102288648486, -0.00395149737597, 0.0011606789194, -0.00443161325529, 0.00286429701373, -0.00117012159899, -0.000139083014801, -0.0027305947151, 0.0112034864724, -0.00463659875095, 0.00110596150625], [-0.00028957502218, 0.00613697338849, -0.000626617693342, 0.00337206292897, -0.00559436529875, 0.00542077748105, 5.63150160815e-06, 0.00266844336875, 0.000195416068891, 0.000790126330685, -0.00463659875095, 0.0154871186242, -0.0053533972241], [0.000398005911848, -0.0034604659304, 0.00128581747413, -0.0033341452945, 0.00268290843815, -0.003672814928, -0.000497352273669, -0.0029524222482, -0.0011864178814, -0.00117253675126, 0.00110596150625, -0.0053533972241, 0.0141703039408]]
    },
    "melbands": {
        "dmean": [0.00318071153015, 0.00154534180183, 0.0015629043337, 0.000851999793667, 0.000265691516688, 0.000194633917999, 0.000176006171387, 0.00013556900376, 0.000254145445069, 0.000224891555263, 0.000146170190419, 0.000108983105747, 6.75853007124e-05, 3.53909053956e-05, 4.04229722335e-05, 2.7562102332e-05, 2.36981268245e-05, 2.55324830505e-05, 1.98551897483e-05, 1.46776910697e-05, 1.30824919324e-05, 1.17112022053e-05, 1.42325607158e-05, 1.81923132914e-05, 1.12619982247e-05, 8.51607273944e-06, 6.83621192366e-06, 5.32636204298e-06, 6.05673176324e-06, 5.68413543078e-06, 4.18422359871e-06, 3.66766903426e-06, 2.49349068326e-06, 2.25708436119e-06, 1.98802331397e-06, 1.39245150876e-06, 1.42141311699e-06, 1.56924534167e-06, 1.36861592637e-06, 5.54991117951e-07],
        "dmean2": [0.00394864287227, 0.00208296417259, 0.00279254233465, 0.00157607253641, 0.00044735649135, 0.000305704801576, 0.000292560667731, 0.00022884667851, 0.000400813936722, 0.00031649065204, 0.000216008455027, 0.000155363159138, 0.000105349557998, 5.82392203796e-05, 6.19283309788e-05, 4.39315117546e-05, 3.84104278055e-05, 4.01943907491e-05, 3.14982025884e-05, 2.41709876718e-05, 2.03826384677e-05, 1.80446422746e-05, 2.31630383496e-05, 2.72658417089e-05, 1.64981356647e-05, 1.28333058456e-05, 1.03645970739e-05, 7.95507548901e-06, 9.00889426703e-06, 8.72606779012e-06, 6.11988798482e-06, 5.55507676836e-06, 3.70383895643e-06, 3.30320199282e-06, 2.83225313069e-06, 2.10542884815e-06, 2.04973775908e-06, 2.26234237743e-06, 1.98948237085e-06, 8.15366036022e-07],
        "dvar": [2.88045412162e-05, 8.5720575953e-06, 1.35581367431e-05, 5.30882471139e-06, 1.63421006505e-07, 7.44262038666e-08, 9.13475659559e-08, 2.81607483998e-08, 1.28366764329e-07, 1.5246843077e-07, 9.03285979348e-08, 7.51951461098e-08, 1.9438431309e-08, 4.38392921964e-09, 8.15853518077e-09, 4.45699521734e-09, 4.16820222782e-09, 1.96382554662e-09, 9.72833147372e-10, 6.85413559243e-10, 7.26918414351e-10, 7.55169815569e-10, 8.46888170702e-10, 1.7556835985e-09, 4.53593995697e-10, 3.52986084806e-10, 3.47022632852e-10, 1.37964098479e-10, 2.46717007935e-10, 1.90888499452e-10, 8.2929572931e-11, 9.36249619499e-11, 3.42143050003e-11, 2.20614065211e-11, 2.04823536604e-11, 1.49547926126e-11, 2.04027281181e-11, 1.92628569345e-11, 2.29438759658e-11, 4.93871089857e-12],
        "dvar2": [3.48495523212e-05, 1.53883229359e-05, 3.84749801015e-05, 1.51592448674e-05, 4.49311613693e-07, 1.70494843132e-07, 2.33643348224e-07, 7.34062908236e-08, 2.84047160903e-07, 2.38100099637e-07, 1.4384082192e-07, 1.10454038804e-07, 3.65575694161e-08, 1.01651664863e-08, 1.48754955021e-08, 9.03088448467e-09, 1.02618118447e-08, 4.07753075748e-09, 2.21073981344e-09, 1.75219383447e-09, 1.6990435725e-09, 1.71080849487e-09, 1.8999324336e-09, 3.80939146893e-09, 8.73738026375e-10, 7.75825070853e-10, 7.5323913773e-10, 2.95356267221e-10, 4.83026729725e-10, 3.6560854344e-10, 1.41606143478e-10, 2.04142508453e-10, 7.02563354715e-11, 4.73536279633e-11, 3.98985497418e-11, 3.33158570176e-11, 4.6584094221e-11, 3.79654398197e-11, 4.44699138624e-11, 1.03169243981e-11],
        "max": [0.043225068599, 0.0274462010711, 0.0290310792625, 0.018132455647, 0.00295124924742, 0.00393533520401, 0.00512354448438, 0.00229243887588, 0.00406187027693, 0.00769575079903, 0.00551809836179, 0.00533162383363, 0.00344969937578, 0.00154420454055, 0.00173944141716, 0.00132748158649, 0.00124971335754, 0.001131555764, 0.000438787479652, 0.000282859167783, 0.000330147886416, 0.000406721577747, 0.000408629886806, 0.000949139823206, 0.000228458098718, 0.000204626718187, 0.000197644811124, 0.00012987710943, 0.000230504447245, 0.000127491890453, 9.17951329029e-05, 8.60176805872e-05, 7.55198125262e-05, 8.00692141638e-05, 9.22998442547e-05, 7.03097757651e-05, 8.38457417558e-05, 7.09325249773e-05, 9.70806213445e-05, 4.5673627028e-05],
        "mean": [0.00531300669536, 0.00246828119271, 0.00167990545742, 0.000722039840184, 0.000483838201035, 0.000403953017667, 0.000248926895438, 0.000222579881665, 0.00042851435137, 0.000430308602517, 0.000250020442763, 0.000197869783733, 9.82016936177e-05, 5.43575915799e-05, 5.66311719012e-05, 3.92545407522e-05, 3.49997717422e-05, 4.92364088132e-05, 3.5792698327e-05, 2.01473085326e-05, 1.73208445631e-05, 1.54094705067e-05, 1.95519132831e-05, 2.77467279375e-05, 1.65382898558e-05, 1.16414175864e-05, 8.32096066006e-06, 7.26779717297e-06, 7.60025841373e-06, 7.02748047843e-06, 5.4981824178e-06, 4.57213172922e-06, 3.14817202707e-06, 3.61593947673e-06, 3.23413905789e-06, 2.01593729798e-06, 2.10966300074e-06, 2.61413470071e-06, 2.2537960831e-06, 8.18843147954e-07],
        "median": [0.00175829732325, 0.00103338202462, 0.000791372614913, 0.00024101404415, 0.000262079673121, 0.00018204425578, 0.000154399269377, 0.000164451208548, 0.000256473867921, 0.000221107664402, 0.000122414334328, 6.83763282723e-05, 4.98970148328e-05, 3.4628672438e-05, 2.86620452243e-05, 1.84002092283e-05, 1.68636033777e-05, 2.32373695326e-05, 1.8832488422e-05, 9.3285980256e-06, 6.68028496875e-06, 5.73310126128e-06, 6.37101584289e-06, 6.77531261317e-06, 4.28373368777e-06, 3.66478116121e-06, 2.28046496886e-06, 2.58928230323e-06, 1.38403049732e-06, 1.22571623251e-06, 1.06914467324e-06, 9.39658093557e-07, 8.19106503513e-07, 6.78417109157e-07, 6.57852638142e-07, 4.66556201673e-07, 4.17226829086e-07, 3.0159779385e-07, 4.16268022718e-07, 1.73574278506e-07],
        "min": [8.46204784466e-05, 6.79002114339e-05, 4.78678666695e-05, 9.02209285414e-06, 9.29238194658e-06, 7.20012712918e-06, 6.1164669205e-06, 1.15527791422e-06, 3.71247097064e-06, 8.78678292793e-06, 3.74564478989e-06, 2.47996922553e-06, 2.26988981922e-06, 7.12637927336e-07, 1.12561917831e-06, 5.52282074295e-07, 6.27241888651e-07, 6.46783178126e-07, 4.26292388056e-07, 1.77752681907e-07, 1.80716014597e-07, 1.99137872414e-07, 1.90326119309e-07, 1.1634503494e-07, 7.31196223569e-08, 5.7495228134e-08, 3.97456219048e-08, 1.15951026558e-08, 8.83552075948e-09, 6.42409236917e-09, 3.2455040877e-09, 1.59250757026e-09, 1.31319219387e-10, 9.76565384114e-10, 2.96741770045e-10, 1.45616366187e-10, 1.58241280322e-12, 2.90924294204e-13, 2.27608513634e-13, 1.08242950193e-13],
