{
"highlevel": {
    "danceability": {
        "all": {
            "danceable": 0.998347878456,
            "not_danceable": 0.001652111765
        },
        "probability": 0.998347878456,
        "value": "danceable"
    },
    "gender": {
        "all": {
            "female": 0.802767038345,
            "male": 0.197232946754
        },
        "probability": 0.802767038345,
        "value": "female"
    },
    "genre_dortmund": {
        "all": {
            "alternative": 0.247298136353,
            "blues": 0.0048150382936,
            "electronic": 0.141486302018,
            "folkcountry": 0.0701335221529,
            "funksoulrnb": 0.0020134721417,
            "jazz": 0.0554060265422,
            "pop": 0.0828020200133,
            "raphiphop": 0.00912457983941,
            "rock": 0.386920899153
        },
        "probability": 0.386920899153,
        "value": "rock"
    },
    "genre_electronic": {
        "all": {
            "ambient": 0.302242130041,
            "dnb": 0.0905413627625,
            "house": 0.0323414728045,
            "techno": 0.016923379153,
            "trance": 0.557951629162
        },
        "probability": 0.557951629162,
        "value": "trance"
    },
    "genre_rosamerica": {
        "all": {
            "cla": 0.00606538262218,
            "dan": 0.241964533925,
            "hip": 0.017776099965,
            "jaz": 0.0119869560003,
            "pop": 0.147232696414,
            "rhy": 0.0343396365643,
            "roc": 0.533972382545,
            "spe": 0.00666232779622
        },
        "probability": 0.533972382545,
        "value": "roc"
    },
    "genre_tzanetakis": {
        "all": {
            "blu": 0.0626541376114,
            "cla": 0.0348133966327,
            "cou": 0.0783501937985,
            "dis": 0.104547761381,
            "hip": 0.15693578124,
            "jaz": 0.313987255096,
            "met": 0.044816005975,
            "pop": 0.0627349764109,
            "reg": 0.0627352520823,
            "roc": 0.0784252434969
        },
        "probability": 0.313987255096,
        "value": "jaz"
    },
    "ismir04_rhythm": {
        "all": {
            "ChaChaCha": 0.0847681835294,
            "Jive": 0.184077367187,
            "Quickstep": 0.0684148296714,
            "Rumba-American": 0.0165772512555,
            "Rumba-International": 0.20855730772,
            "Rumba-Misc": 0.0161937326193,
            "Samba": 0.286515235901,
            "Tango": 0.0196065921336,
            "VienneseWaltz": 0.102122589946,
            "Waltz": 0.0131669091061
        },
        "probability": 0.286515235901,
        "value": "Samba"
    },
    "mood_acoustic": {
        "all": {
            "acoustic": 0.0433079004288,
            "not_acoustic": 0.956692099571
        },
        "probability": 0.956692099571,
        "value": "not_acoustic"
    },
    "mood_aggressive": {
        "all": {
            "aggressive": 0.5,
            "not_aggressive": 0.5
        },
        "probability": 0.5,
        "value": "aggressive"
    },
    "mood_electronic": {
        "all": {
            "electronic": 0.560829877853,
            "not_electronic": 0.439170122147
        },
        "probability": 0.560829877853,
        "value": "electronic"
    },
    "mood_happy": {
        "all": {
            "happy": 0.022481739521,
            "not_happy": 0.977518260479
        },
        "probability": 0.977518260479,
        "value": "not_happy"
    },
    "mood_party": {
        "all": {
            "not_party": 0.49110096693,
            "party": 0.50889903307
        },
        "probability": 0.50889903307,
        "value": "party"
    },
    "mood_relaxed": {
        "all": {
            "not_relaxed": 0.513402700424,
            "relaxed": 0.486597329378
        },
        "probability": 0.513402700424,
        "value": "not_relaxed"
    },
    "mood_sad": {
        "all": {
            "not_sad": 0.633821904659,
            "sad": 0.366178065538
        },
        "probability": 0.633821904659,
        "value": "not_sad"
    },
    "moods_mirex": {
        "all": {
            "Cluster1": 0.412275344133,
            "Cluster2": 0.0571350045502,
            "Cluster3": 0.246155187488,
            "Cluster4": 0.0136730549857,
            "Cluster5": 0.270761400461
        },
        "probability": 0.412275344133,
        "value": "Cluster1"
    },
    "timbre": {
        "all": {
            "bright": 0.906503856182,
            "dark": 0.0934961736202
        },
        "probability": 0.906503856182,
        "value": "bright"
    },
    "tonal_atonal": {
        "all": {
            "atonal": 0.0101589383557,
            "tonal": 0.989841043949
        },
        "probability": 0.989841043949,
        "value": "tonal"
    },
    "voice_instrumental": {
        "all": {
            "instrumental": 0.365191757679,
            "voice": 0.634808242321
        },
        "probability": 0.634808242321,
        "value": "voice"
    }
},
"lowlevel": {
    "average_loudness": 0.98142182827,
    "barkbands_crest": {
        "dmean": 2.85199069977,
        "dmean2": 4.69155359268,
        "dvar": 6.98055505753,
        "dvar2": 17.3490276337,
        "max": 22.827835083,
        "mean": 12.8504943848,
        "median": 13.5151672363,
        "min": 3.10491800308,
        "var": 16.9285621643
    },
    "barkbands_flatness_db": {
        "dmean": 0.0275564752519,
        "dmean2": 0.0416653826833,
        "dvar": 0.000618516816758,
        "dvar2": 0.00131872610655,
        "max": 0.352618813515,
        "mean": 0.167145252228,
        "median": 0.170468330383,
        "min": 0.0444727987051,
        "var": 0.00227922014892
    },
    "barkbands_kurtosis": {
        "dmean": 6.28111028671,
        "dmean2": 9.69310283661,
        "dvar": 52.6226043701,
        "dvar2": 115.577377319,
        "max": 79.0303573608,
        "mean": 12.9050722122,
        "median": 10.125752449,
        "min": -1.63040852547,
        "var": 149.372299194
    },
    "barkbands_skewness": {
        "dmean": 0.79910504818,
        "dmean2": 1.20396208763,
        "dvar": 0.540654778481,
        "dvar2": 1.15194201469,
        "max": 7.99362516403,
        "mean": 3.11865711212,
        "median": 3.11389660835,
        "min": -1.26736867428,
        "var": 2.03545546532
    },
    "barkbands_spread": {
        "dmean": 5.91416215897,
        "dmean2": 8.96503162384,
        "dvar": 49.9419898987,
        "dvar2": 106.378608704,
        "max": 81.0157318115,
        "mean": 17.5590305328,
        "median": 14.4896173477,
        "min": 1.90410840511,
        "var": 118.545295715
    },
    "dissonance": {
        "dmean": 0.0152509510517,
        "dmean2": 0.0260154232383,
        "dvar": 0.000170490515302,
        "dvar2": 0.00045792479068,
        "max": 0.499428004026,
        "mean": 0.469886928797,
        "median": 0.473248332739,
        "min": 0.346787929535,
        "var": 0.000353110081051
    },
    "dynamic_complexity": 1.14809346199,
    "erbbands_crest": {
        "dmean": 1.97511160374,
        "dmean2": 3.18300104141,
        "dvar": 2.78428649902,
        "dvar2": 6.63496828079,
        "max": 20.940536499,
        "mean": 7.00370597839,
        "median": 6.44047451019,
        "min": 2.64391756058,
        "var": 7.57061481476
    },
    "erbbands_flatness_db": {
        "dmean": 0.0114857601002,
        "dmean2": 0.0168225839734,
        "dvar": 0.000120394244732,
        "dvar2": 0.00021671000286,
        "max": 0.204203590751,
        "mean": 0.104668036103,
        "median": 0.101818934083,
        "min": 0.0566244386137,
        "var": 0.000496985798236
    },
    "erbbands_kurtosis": {
        "dmean": 0.433034420013,
        "dmean2": 0.689468562603,
        "dvar": 0.197260469198,
        "dvar2": 0.453160554171,
        "max": 3.44134569168,
        "mean": -0.4762763381,
        "median": -0.657017946243,
        "min": -1.58111190796,
        "var": 0.523842453957
    },
    "erbbands_skewness": {
        "dmean": 0.256363302469,
        "dmean2": 0.408248782158,
        "dvar": 0.0496243871748,
        "dvar2": 0.121585562825,
        "max": 1.67065966129,
        "mean": 0.125216707587,
        "median": 0.108939625323,
        "min": -1.3487688303,
        "var": 0.168293640018
    },
    "erbbands_spread": {
        "dmean": 10.1352558136,
        "dmean2": 15.3771438599,
        "dvar": 87.1066131592,
        "dvar2": 174.769866943,
        "max": 148.571975708,
        "mean": 60.5525169373,
        "median": 59.0796737671,
        "min": 16.8485603333,
        "var": 350.332061768
    },
    "hfc": {
        "dmean": 6.4679851532,
        "dmean2": 8.77646064758,
        "dvar": 57.9222755432,
        "dvar2": 110.998428345,
        "max": 95.5448074341,
        "mean": 28.3287963867,
        "median": 26.742773056,
        "min": 3.0655412674,
        "var": 174.667953491
    },
    "melbands_crest": {
        "dmean": 3.48745536804,
        "dmean2": 5.42521238327,
        "dvar": 12.2024478912,
        "dvar2": 27.1329212189,
        "max": 29.6974658966,
        "mean": 19.2100505829,
        "median": 18.9489917755,
        "min": 4.01519346237,
        "var": 35.2074127197
    },
    "melbands_flatness_db": {
        "dmean": 0.033219460398,
        "dmean2": 0.0488192439079,
        "dvar": 0.00102432409767,
        "dvar2": 0.00202917959541,
        "max": 0.468267798424,
        "mean": 0.238438516855,
        "median": 0.247573390603,
        "min": 0.0328601785004,
        "var": 0.00396528840065
    },
    "melbands_kurtosis": {
        "dmean": 20.3406734467,
        "dmean2": 30.9069824219,
        "dvar": 523.812988281,
        "dvar2": 1108.03796387,
        "max": 249.928955078,
        "mean": 46.1427307129,
        "median": 35.8547439575,
        "min": -1.28325593472,
        "var": 1558.5604248
    },
    "melbands_skewness": {
        "dmean": 1.27504765987,
        "dmean2": 1.91082382202,
        "dvar": 1.40176236629,
        "dvar2": 2.93924880028,
        "max": 12.7909994125,
        "mean": 5.3666639328,
        "median": 5.28159952164,
        "min": 0.172490820289,
        "var": 5.4055762291
    },
    "melbands_spread": {
        "dmean": 5.58202123642,
        "dmean2": 8.76884937286,
        "dvar": 102.413146973,
        "dvar2": 257.312103271,
        "max": 172.532287598,
        "mean": 12.3408660889,
        "median": 7.9727730751,
        "min": 1.10641956329,
        "var": 152.231613159
    },
    "pitch_salience": {
        "dmean": 0.0903556793928,
        "dmean2": 0.142805188894,
        "dvar": 0.00760095333681,
        "dvar2": 0.0170964058489,
        "max": 0.791167676449,
        "mean": 0.414500653744,
        "median": 0.433400809765,
        "min": 0.0932983607054,
        "var": 0.0196857731789
    },
    "silence_rate_20dB": {
        "dmean": 0,
        "dmean2": 0,
        "dvar": 0,
        "dvar2": 0,
        "max": 1,
        "mean": 1,
        "median": 1,
        "min": 1,
        "var": 0
    },
    "silence_rate_30dB": {
        "dmean": 0.162538692355,
        "dmean2": 0.324554622173,
        "dvar": 0.136118918657,
        "dvar2": 0.284287214279,
        "max": 1,
        "mean": 0.751740157604,
        "median": 1,
        "min": 0,
        "var": 0.186625361443
    },
    "silence_rate_60dB": {
        "dmean": 0,
        "dmean2": 0,
        "dvar": 0,
        "dvar2": 0,
        "max": 0,
        "mean": 0,
        "median": 0,
        "min": 0,
        "var": 0
    },
    "spectral_centroid": {
        "dmean": 251.194580078,
        "dmean2": 376.214477539,
        "dvar": 65451.7539062,
        "dvar2": 142674.96875,
        "max": 3641.34008789,
        "mean": 1089.27282715,
        "median": 1005.14758301,
        "min": 279.923431396,
        "var": 210079.65625
    },
    "spectral_complexity": {
        "dmean": 3.82972145081,
        "dmean2": 5.76297426224,
        "dvar": 15.9353523254,
        "dvar2": 29.846206665,
        "max": 54,
        "mean": 21.7300853729,
        "median": 21,
        "min": 6,
        "var": 52.1628913879
    },
    "spectral_decrease": {
        "dmean": 6.2879195184e-09,
        "dmean2": 9.80326309019e-09,
        "dvar": 4.09174319858e-17,
        "dvar2": 9.16483825578e-17,
        "max": -6.49653941753e-10,
        "mean": -1.9983998456e-08,
        "median": -2.03865777593e-08,
        "min": -5.27532648675e-08,
        "var": 1.02446656354e-16
    },
    "spectral_energy": {
        "dmean": 0.0239803437144,
        "dmean2": 0.0374006405473,
        "dvar": 0.000593941658735,
        "dvar2": 0.00132995133754,
        "max": 0.201776012778,
        "mean": 0.0779937803745,
        "median": 0.079421505332,
        "min": 0.00290980329737,
        "var": 0.00148284179159
    },
    "spectral_energyband_high": {
        "dmean": 0.00052651920123,
        "dmean2": 0.000651997223031,
        "dvar": 6.61948263314e-07,
        "dvar2": 1.21607308756e-06,
        "max": 0.0103700580075,
        "mean": 0.00135018210858,
        "median": 0.001053654938,
        "min": 1.25179658426e-05,
        "var": 1.50898006268e-06
    },
    "spectral_energyband_low": {
        "dmean": 0.0225397963077,
        "dmean2": 0.0350068844855,
        "dvar": 0.000580044987146,
        "dvar2": 0.00119443202857,
        "max": 0.185655787587,
        "mean": 0.0579981431365,
        "median": 0.0583652220666,
        "min": 0.000314254226396,
        "var": 0.00169114756864
    },
    "spectral_energyband_middle_high": {
        "dmean": 0.00131109147333,
        "dmean2": 0.00196541612968,
        "dvar": 1.93764230971e-06,
        "dvar2": 4.52108724858e-06,
        "max": 0.0201788470149,
        "mean": 0.00485730916262,
        "median": 0.0040668793954,
        "min": 0.000425167178037,
        "var": 9.57767861109e-06
    },
    "spectral_energyband_middle_low": {
        "dmean": 0.00721243675798,
        "dmean2": 0.0119925318286,
        "dvar": 8.35239843582e-05,
        "dvar2": 0.000206620650715,
        "max": 0.0987889766693,
        "mean": 0.0174637269229,
        "median": 0.0124912131578,
        "min": 0.000791575759649,
        "var": 0.000209742429433
    },
    "spectral_entropy": {
        "dmean": 0.139364019036,
        "dmean2": 0.196757137775,
        "dvar": 0.0152135519311,
        "dvar2": 0.0281859003007,
        "max": 8.48917579651,
        "mean": 7.70419311523,
        "median": 7.72005033493,
        "min": 6.6585111618,
        "var": 0.0691383033991
    },
    "spectral_flux": {
        "dmean": 0.0445954427123,
        "dmean2": 0.0729469880462,
        "dvar": 0.00196638260968,
        "dvar2": 0.00487293628976,
        "max": 0.315772086382,
        "mean": 0.118648096919,
        "median": 0.103719443083,
        "min": 0.0358194969594,
        "var": 0.00303606200032
    },
    "spectral_kurtosis": {
        "dmean": 0.785526931286,
        "dmean2": 1.19401538372,
        "dvar": 0.604977846146,
        "dvar2": 1.47574293613,
        "max": 13.4982414246,
        "mean": 2.91963839531,
        "median": 2.72343063354,
        "min": -0.0882129669189,
        "var": 1.82293236256
    },
    "spectral_rms": {
        "dmean": 0.00140964111779,
        "dmean2": 0.00218883785419,
        "dvar": 2.07662401408e-06,
        "dvar2": 4.42532473244e-06,
        "max": 0.0140304900706,
        "mean": 0.00839988980442,
        "median": 0.00880252197385,
        "min": 0.001684883493,
        "var": 5.53340487386e-06
    },
    "spectral_rolloff": {
        "dmean": 383.346679688,
        "dmean2": 631.453796387,
        "dvar": 631322.375,
        "dvar2": 1477766.5,
        "max": 10292.8710938,
        "mean": 617.836181641,
        "median": 236.865234375,
        "min": 86.1328125,
        "var": 849593.9375
    },
    "spectral_skewness": {
        "dmean": 0.147444680333,
        "dmean2": 0.210954636335,
        "dvar": 0.0159996617585,
        "dvar2": 0.0323753394186,
        "max": 2.60052466393,
        "mean": 1.45225524902,
        "median": 1.45456016064,
        "min": 0.582697927952,
        "var": 0.0710003823042
    },
    "spectral_spread": {
        "dmean": 525482.75,
        "dmean2": 737432.8125,
        "dvar": 271937683456,
        "dvar2": 436695531520,
        "max": 12434906,
        "mean": 6059365.5,
        "median": 5968059,
        "min": 2264460,
        "var": 1.38380430541e+12
    },
    "spectral_strongpeak": {
        "dmean": 0.341843008995,
        "dmean2": 0.557771027088,
        "dvar": 0.272323966026,
        "dvar2": 0.720782339573,
        "max": 5.95182704926,
        "mean": 0.88898307085,
        "median": 0.801046192646,
        "min": 0.0268678106368,
        "var": 0.353158086538
    },
    "zerocrossingrate": {
        "dmean": 0.0116499671713,
        "dmean2": 0.0137668084353,
        "dvar": 0.000177592562977,
        "dvar2": 0.000228430275456,
        "max": 0.2509765625,
        "mean": 0.0451877303421,
        "median": 0.0390625,
        "min": 0.00390625,
        "var": 0.00074648950249
    },
    "barkbands": {
        "dmean": [0.000438928982476, 0.0164635814726, 0.00877316482365, 0.00360412430018, 0.00353317661211, 0.00109311356209, 0.000492451828904, 0.000826640578452, 0.00051005394198, 0.000333665666403, 0.000157142538228, 0.000364922714652, 0.000273604557151, 0.0003652908199, 0.000294985278742, 0.000284984620521, 0.000147257786011, 0.000117768453492, 0.000172882369952, 0.000133253837703, 0.000134730493301, 0.000111258450488, 0.000105199957034, 9.20118982322e-05, 9.9373224657e-05, 4.45970654255e-05, 1.03680646291e-08],
        "dmean2": [0.000635071482975, 0.0261319205165, 0.0138639230281, 0.00603653118014, 0.00610267976299, 0.00181006093044, 0.000829962838907, 0.00125762785319, 0.000808326585684, 0.000549105461687, 0.000245167291723, 0.000547640898731, 0.000421416887548, 0.000574489589781, 0.000486499542603, 0.000477248802781, 0.000239710861933, 0.000190082588233, 0.000256555504166, 0.000195036074729, 0.000188915335457, 0.000156376947416, 0.000147715007188, 0.000127704814076, 0.000136566057336, 6.42068771413e-05, 1.36267130912e-08],
        "dvar": [4.04502259244e-07, 0.000341579259839, 9.74586582743e-05, 2.29161832976e-05, 2.44757284236e-05, 5.82355778533e-06, 4.0564327719e-07, 1.72904219653e-06, 6.09053927292e-07, 5.0309404287e-07, 5.85017225774e-08, 3.3500342056e-07, 3.07003972466e-07, 3.25030441672e-07, 1.63966660693e-07, 1.17518666798e-07, 3.12273975567e-08, 2.03902335016e-08, 5.1807944601e-08, 4.3535933969e-08, 5.07308648423e-08, 3.50012037131e-08, 3.61699861173e-08, 2.00681284923e-08, 2.14512230201e-08, 3.1070377382e-09, 3.65572745415e-14],
        "dvar2": [8.62561250869e-07, 0.0007626292645, 0.000220525093027, 5.84256049478e-05, 6.3648680225e-05, 1.60990748554e-05, 1.08287622425e-06, 3.73187458536e-06, 1.40481176913e-06, 1.3990924117e-06, 1.0874511247e-07, 6.13143242845e-07, 7.56358303988e-07, 7.07448805315e-07, 4.29974477356e-07, 3.02803385921e-07, 7.93551109268e-08, 4.90250187113e-08, 1.06568329272e-07, 8.74772112525e-08, 1.00765326749e-07, 6.84757637259e-08, 8.22466503791e-08, 4.20992627426e-08, 4.88043525593e-08, 5.99374549992e-09, 3.65394631327e-14],
        "max": [0.0052543412894, 0.135497540236, 0.0785688459873, 0.0419526025653, 0.0636673495173, 0.028761267662, 0.0094425920397, 0.0162948295474, 0.0113305523992, 0.0105391172692, 0.00592564372346, 0.01212831866, 0.012003232725, 0.00852102320641, 0.00511277467012, 0.00356185645796, 0.00219709472731, 0.00153642555233, 0.00397090660408, 0.00312087615021, 0.00372224743478, 0.00215451838449, 0.00406898837537, 0.00222507654689, 0.0032834133599, 0.000624754175078, 6.67298672852e-06],
        "mean": [0.000508927798364, 0.0369750894606, 0.0168902706355, 0.0068571427837, 0.00565038667992, 0.00173959881067, 0.000784749514423, 0.00156711461022, 0.000770908605773, 0.000584478897508, 0.000251677120104, 0.000764666940086, 0.000494575127959, 0.000705295766238, 0.000601363542955, 0.000477479799883, 0.000279106054222, 0.000235598578001, 0.000357061508112, 0.000267844909104, 0.000258445536019, 0.000212946644751, 0.00021220331837, 0.000196617096663, 0.000241840156377, 0.000108401560283, 9.64101598555e-09],
        "median": [0.000179558803211, 0.0366681590676, 0.0113114407286, 0.00314509682357, 0.00304363691248, 0.000903116946574, 0.000571888172999, 0.000746396370232, 0.000408455322031, 0.00024572230177, 0.000129206993734, 0.000414585229009, 0.00018950914091, 0.000317570491461, 0.000421640317654, 0.000334456999553, 0.000215104548261, 0.000177147157956, 0.000245484116022, 0.00015775920474, 0.000170263447217, 0.000136189220939, 0.000150895255501, 0.000140386298881, 0.000191005470697, 7.65456716181e-05, 1.62318691821e-09],
        "min": [1.88391553024e-07, 3.03184187942e-05, 9.53377002588e-06, 8.48995841807e-06, 0.000114855982247, 1.25237493194e-05, 1.53531909746e-05, 1.13642618089e-05, 7.58248688726e-06, 4.85647296955e-06, 4.1610255721e-06, 1.21131279229e-05, 4.57832766187e-06, 7.38215931051e-06, 6.73321255817e-06, 6.44646843284e-06, 7.42795555198e-06, 9.36612195801e-06, 8.71870906849e-06, 6.4319538069e-06, 4.60697083327e-06, 7.67473181895e-07, 2.15580968188e-07, 2.51686884667e-07, 1.14207232116e-07, 2.18298445986e-09, 1.74292351385e-11],
        "var": [6.07845379363e-07, 0.000867619237397, 0.000248431781074, 6.17023688392e-05, 4.70500090159e-05, 6.50266656521e-06, 5.49164553831e-07, 4.4373732635e-06, 1.13647752187e-06, 1.01946818631e-06, 1.71044518993e-07, 1.17044373837e-06, 9.72883754002e-07, 1.04535831724e-06, 3.63744703691e-07, 2.06109746159e-07, 5.37457722771e-08, 3.91107661812e-08, 1.29580186581e-07, 1.13976831528e-07, 9.18158917784e-08, 6.40692121578e-08, 5.63062094727e-08, 4.25012380845e-08, 4.56299034113e-08, 1.0320439614e-08, 3.66381323067e-14]
    },
    "erbbands": {
        "dmean": [0.331271976233, 4.34759569168, 11.2901105881, 9.10134601593, 16.3332538605, 7.74579429626, 6.54318714142, 10.3465337753, 6.96994972229, 10.3139772415, 16.2764873505, 7.80916309357, 14.3892221451, 8.40190982819, 8.07489967346, 11.209394455, 9.84544658661, 16.4721279144, 15.892203331, 11.5302257538, 18.6588172913, 8.46760559082, 5.982234478, 6.92957925797, 9.05736351013, 6.31431150436, 5.59515619278, 4.97529554367, 4.20676708221, 3.26948785782, 3.12991476059, 2.15707373619, 1.55428600311, 1.24920046329, 0.698584139347, 0.280817359686, 0.0760807394981, 0.00581070268527, 0.000107793406642, 2.75007914752e-05],
        "dmean2": [0.50447165966, 6.92284011841, 17.1122303009, 15.5512876511, 27.6015586853, 13.5250396729, 10.9822731018, 16.6672401428, 11.3529891968, 16.9315757751, 24.9704818726, 12.3642416, 23.0097827911, 13.4064970016, 12.8537349701, 16.608581543, 15.3952865601, 25.7519245148, 25.5996837616, 18.6370372772, 31.2377643585, 13.6483163834, 9.42969322205, 10.7784519196, 13.4249019623, 9.04489040375, 8.01769351959, 7.18572092056, 6.03576469421, 4.64365386963, 4.44098424911, 3.02092242241, 2.18058395386, 1.74942851067, 0.994943201542, 0.411194592714, 0.111354932189, 0.00891690980643, 0.000158343609655, 4.24095305789e-05],
        "dvar": [0.172225922346, 25.3055343628, 177.75793457, 163.783325195, 615.111755371, 82.8005371094, 151.474731445, 491.465026855, 89.6975097656, 169.778671265, 727.044128418, 126.624580383, 463.33505249, 224.833709717, 114.127357483, 332.974945068, 515.935668945, 883.262207031, 476.529327393, 348.60357666, 534.539733887, 99.4528274536, 48.2038803101, 77.2660598755, 165.542388916, 100.709632874, 90.7329788208, 71.6182250977, 52.9267234802, 32.937953949, 30.8171653748, 11.7290754318, 4.93482255936, 2.42835998535, 1.74961078167, 0.123473092914, 0.00927467178553, 6.44641404506e-05, 1.99275529411e-08, 7.57761853265e-10],
        "dvar2": [0.408935874701, 54.7922935486, 342.013916016, 426.440612793, 1496.56018066, 236.170654297, 400.182250977, 1320.08203125, 230.135620117, 438.131256104, 1685.66870117, 295.734436035, 1163.60961914, 586.537231445, 245.916275024, 631.428344727, 1342.38269043, 2064.2175293, 1203.60253906, 923.901794434, 1361.53295898, 245.131973267, 114.25994873, 174.849822998, 336.885742188, 185.43611145, 185.607192993, 144.697891235, 106.625640869, 70.1713256836, 72.0788955688, 26.2873401642, 9.9327545166, 5.1490278244, 4.33094215393, 0.255610585213, 0.0184982977808, 0.0001400760666, 3.95867303382e-08, 1.59204949224e-09],
        "max": [2.99830460548, 35.0449180603, 104.142486572, 146.222503662, 328.495422363, 74.4978866577, 193.127288818, 267.182281494, 122.590179443, 137.76133728, 361.170684814, 198.26385498, 255.171585083, 271.906646729, 186.810775757, 410.826599121, 570.20526123, 429.506011963, 401.112762451, 351.055419922, 238.598724365, 132.000900269, 86.05519104, 115.948051453, 242.746459961, 196.90612793, 159.518997192, 100.476249695, 80.7271575928, 88.6339569092, 118.517379761, 53.6234512329, 36.8485336304, 24.6277732849, 34.9832115173, 5.63109779358, 1.19075763226, 0.111771777272, 0.00189006957226, 0.000244082868448],
        "mean": [0.549180984497, 9.76175022125, 24.4474887848, 19.3488845825, 26.8417892456, 12.1440200806, 9.84017658234, 17.2042064667, 12.4296426773, 19.6987056732, 30.2480392456, 13.3585958481, 23.870426178, 16.4168300629, 17.2598628998, 25.4103221893, 21.286075592, 32.5058288574, 34.9078979492, 24.0207118988, 31.2254695892, 17.8601226807, 13.503200531, 15.5224084854, 18.4205112457, 12.9676866531, 10.753698349, 9.11493396759, 7.8974738121, 6.41262054443, 6.25416660309, 4.34879922867, 3.2504837513, 2.85825920105, 1.58245050907, 0.654891490936, 0.170455172658, 0.0107916314155, 0.00026726469514, 0.000103168553323],
        "median": [0.391693860292, 9.09457206726, 14.6071367264, 11.18891716, 13.0106039047, 8.94494056702, 5.20801591873, 8.14506721497, 8.53543281555, 15.0840778351, 13.6761608124, 8.13910865784, 13.2936019897, 10.1605415344, 11.4298171997, 12.8071966171, 9.31251239777, 12.4610881805, 22.6015663147, 17.3421897888, 21.8723964691, 14.2392730713, 10.5946102142, 11.420378685, 11.3644065857, 7.45305776596, 6.31502532959, 6.03164625168, 5.01610326767, 4.34472846985, 4.39547300339, 3.00672698021, 2.36403775215, 2.17245316505, 1.23623859882, 0.46931001544, 0.114326007664, 0.00646356632933, 0.000190714679775, 0.000104844890302],
        "min": [0.000987056642771, 0.0115435803309, 0.0583112537861, 0.0712326169014, 0.108845584095, 0.26620182395, 0.0848076865077, 0.257585585117, 0.35105445981, 0.450199157, 0.407638132572, 0.452016502619, 0.250481933355, 0.203187510371, 0.361571848392, 0.492656171322, 0.499747484922, 0.500181078911, 0.516819000244, 0.677586019039, 0.558134377003, 0.722862839699, 0.64070045948, 0.554616510868, 0.545884609222, 0.252651453018, 0.314529627562, 0.072883374989, 0.0317696370184, 0.0111354058608, 0.00591347832233, 0.00302178878337, 0.00490472977981, 0.000316341407597, 0.00133872404695, 0.000276969862171, 2.86807280645e-05, 2.61221202891e-06, 6.5413350967e-06, 6.52141989121e-06],
        "var": [0.292589008808, 67.1557617188, 554.324829102, 442.620544434, 1469.7890625, 111.893173218, 266.784606934, 675.066101074, 144.80430603, 290.46206665, 1737.33813477, 240.415771484, 863.711120605, 455.146789551, 350.523590088, 1397.47497559, 1721.51831055, 2289.28173828, 1589.93505859, 645.395507812, 917.241088867, 191.690139771, 106.515106201, 178.549331665, 415.194274902, 329.14364624, 167.878936768, 119.507492065, 91.7182998657, 53.8659858704, 47.7828674316, 22.9187240601, 10.9638690948, 6.62295150757, 2.50685429573, 0.355303436518, 0.0282391626388, 0.000152422318934, 5.7219693872e-08, 2.0730837047e-09]
    },
    "gfcc": {
        "mean": [58.7346115112, 81.1506881714, -89.2346801758, 47.9622573853, -47.5231590271, 30.3684234619, -40.2049713135, 19.9292240143, -24.9919567108, 9.10019111633, -21.7757511139, -1.79581272602, -14.4787979126],
        "cov": [[898.25970459, -339.098358154, 29.7905292511, -9.62239933014, -99.8555450439, 45.6944580078, -63.3442153931, -25.3443660736, -109.976875305, 53.7024307251, -29.6651077271, 31.9646015167, -36.1825180054], [-339.098358154, 511.939239502, -33.6462287903, 45.1368789673, 87.6929779053, -63.6704978943, 79.7705764771, -13.2430086136, 88.556350708, -62.0802230835, 48.3903427124, -55.9362831116, 55.9459915161], [29.7905292511, -33.6462287903, 328.031799316, 66.9753036499, 66.5799484253, 67.017074585, 61.9000587463, 49.4462776184, 21.5333633423, 11.732632637, -19.6597118378, 37.7567977905, -36.9670066833], [-9.62239933014, 45.1368789673, 66.9753036499, 202.691177368, 31.2161445618, -3.75511264801, 15.9037084579, -0.628816306591, 57.4672737122, -9.57137393951, 8.43634605408, -25.1022624969, 29.0176105499], [-99.8555450439, 87.6929779053, 66.5799484253, 31.2161445618, 210.262908936, 69.0025558472, 55.2057609558, 39.0841064453, 45.7205734253, 19.7705192566, 19.1530361176, 3.86893129349, 4.23149061203], [45.6944580078, -63.6704978943, 67.017074585, -3.75511264801, 69.0025558472, 130.802719116, 64.7607574463, 23.1003570557, -9.76036834717, 27.0093975067, 27.8816280365, 28.3464374542, -9.85056591034], [-63.3442153931, 79.7705764771, 61.9000587463, 15.9037084579, 55.2057609558, 64.7607574463, 113.775482178, 32.7393226624, 12.6291666031, 4.77072000504, 37.2186279297, 8.60960674286, -0.346777588129], [-25.3443660736, -13.2430086136, 49.4462776184, -0.628816306591, 39.0841064453, 23.1003570557, 32.7393226624, 72.8580474854, 36.945274353, 13.1692838669, -0.772916257381, 12.6077957153, -6.25313520432], [-109.976875305, 88.556350708, 21.5333633423, 57.4672737122, 45.7205734253, -9.76036834717, 12.6291666031, 36.945274353, 105.138679504, 11.9927082062, -0.041600689292, -17.3530597687, 14.4835500717], [53.7024307251, -62.0802230835, 11.732632637, -9.57137393951, 19.7705192566, 27.0093975067, 4.77072000504, 13.1692838669, 11.9927082062, 59.4423370361, 21.5875015259, 11.6337585449, -9.10383987427], [-29.6651077271, 48.3903427124, -19.6597118378, 8.43634605408, 19.1530361176, 27.8816280365, 37.2186279297, -0.772916257381, -0.041600689292, 21.5875015259, 81.6334152222, 28.6750431061, 7.33557081223], [31.9646015167, -55.9362831116, 37.7567977905, -25.1022624969, 3.86893129349, 28.3464374542, 8.60960674286, 12.6077957153, -17.3530597687, 11.6337585449, 28.6750431061, 78.8669509888, 0.611149907112], [-36.1825180054, 55.9459915161, -36.9670066833, 29.0176105499, 4.23149061203, -9.85056591034, -0.346777588129, -6.25313520432, 14.4835500717, -9.10383987427, 7.33557081223, 0.611149907112, 53.3487815857]],
        "icov": [[0.00175507296808, -7.9432147686e-06, 0.000128706931719, -0.00106368027627, 0.000763995805755, -0.000942282087635, 0.00086184439715, -0.00055616843747, 0.00220185192302, -0.00231335428543, 0.00126476597507, -0.000458430353319, 0.000411036366131], [-7.9432147686e-06, 0.00975988898426, -0.00246357521974, 0.00534505723044, -0.00429707812145, 0.00804603658617, -0.00761114479974, 0.00730005931109, -0.0089596118778, 0.0114016151056, -0.00995634030551, 0.00680638151243, -0.00655300309882], [0.000128706931719, -0.00246357521974, 0.00691220071167, -0.00479261064902, 0.000450884952443, -0.0026653946843, -0.0014544200385, -0.00246089906432, 0.00237563904375, -0.0040751718916, 0.00802935939282, -0.00699479039758, 0.00687717366964], [-0.00106368027627, 0.00534505723044, -0.00479261064902, 0.0120505634695, -0.00263796700165, 0.00455536600202, -0.0032335522119, 0.00644837878644, -0.0100932139903, 0.00981483981013, -0.0100626219064, 0.00822384282947, -0.00871255248785], [0.000763995805755, -0.00429707812145, 0.000450884952443, -0.00263796700165, 0.00916766189039, -0.007229921408, 0.00335417245515, -0.00454913591966, 0.00238650641404, -0.00597579078749, 0.00405144738033, -0.00198483234271, 0.00199617794715], [-0.000942282087635, 0.00804603658617, -0.0026653946843, 0.00455536600202, -0.007229921408, 0.022177003324, -0.0137717183679, 0.00645299069583, -0.00453642057255, 0.00488073984161, -0.00757085485384, 0.00274334708229, -0.00499230017886], [0.00086184439715, -0.00761114479974, -0.0014544200385, -0.0032335522119, 0.00335417245515, -0.0137717183679, 0.0258287955076, -0.0127356704324, 0.00824938900769, -0.00350145297125, -0.00294413254596, 0.00130206975155, 0.0027361784596], [-0.00055616843747, 0.00730005931109, -0.00246089906432, 0.00644837878644, -0.00454913591966, 0.00645299069583, -0.0127356704324, 0.0298765506595, -0.0166850984097, 0.0065519339405, -0.00212335656397, -0.000696097849868, -0.00232604518533], [0.00220185192302, -0.0089596118778, 0.00237563904375, -0.0100932139903, 0.00238650641404, -0.00453642057255, 0.00824938900769, -0.0166850984097, 0.0289173405617, -0.0176763515919, 0.0103274928406, -0.0031235453207, 0.00284483283758], [-0.00231335428543, 0.0114016151056, -0.0040751718916, 0.00981483981013, -0.00597579078749, 0.00488073984161, -0.00350145297125, 0.0065519339405, -0.0176763515919, 0.0406524017453, -0.022086750716, 0.0101553229615, -0.00491080526263], [0.00126476597507, -0.00995634030551, 0.00802935939282, -0.0100626219064, 0.00405144738033, -0.00757085485384, -0.00294413254596, -0.00212335656397, 0.0103274928406, -0.022086750716, 0.0363173447549, -0.0191815793514, 0.00900182314217], [-0.000458430353319, 0.00680638151243, -0.00699479039758, 0.00822384282947, -0.00198483234271, 0.00274334708229, 0.00130206975155, -0.000696097849868, -0.0031235453207, 0.0101553229615, -0.0191815793514, 0.0276157800108, -0.011275716126], [0.000411036366131, -0.00655300309882, 0.00687717366964, -0.00871255248785, 0.00199617794715, -0.00499230017886, 0.0027361784596, -0.00232604518533, 0.00284483283758, -0.00491080526263, 0.00900182314217, -0.011275716126, 0.0313457921147]]
    },
    "melbands": {
        "dmean": [0.00363835250027, 0.00581302586943, 0.00175015453715, 0.00087570323376, 0.00023084692657, 0.000220173911657, 0.000107535626739, 0.000138176663313, 0.000109408189019, 6.44975589239e-05, 7.56129957153e-05, 3.83875376428e-05, 2.44013081101e-05, 4.41356642114e-05, 2.55767827184e-05, 2.91644646495e-05, 2.9994180295e-05, 2.95038862532e-05, 2.20817546506e-05, 1.2712984244e-05, 2.23733641178e-05, 8.77980619407e-06, 8.00534508016e-06, 5.7514494074e-06, 6.04292063144e-06, 7.68149584474e-06, 5.63815001442e-06, 4.15330623582e-06, 3.85123348678e-06, 3.74945602744e-06, 2.66086817646e-06, 2.54114456766e-06, 2.18124750972e-06, 1.86284444226e-06, 2.01995976568e-06, 1.63256004271e-06, 1.29038187424e-06, 1.15857699257e-06, 1.20937374959e-06, 1.12914324291e-06],
        "dmean2": [0.00577841280028, 0.00886094011366, 0.00295675336383, 0.00151664041914, 0.000384542014217, 0.000357172626536, 0.000176531539182, 0.000218767716433, 0.000168110127561, 0.000101858298876, 0.000121027325804, 6.20095670456e-05, 3.89937631553e-05, 6.63915707264e-05, 4.0589733544e-05, 4.49343642686e-05, 4.6788052714e-05, 4.75339729746e-05, 3.62836071872e-05, 2.09228837775e-05, 3.73266884708e-05, 1.42990547829e-05, 1.29820191432e-05, 9.40864811128e-06, 9.58982218435e-06, 1.1401161828e-05, 8.60643558553e-06, 6.10593269812e-06, 5.78486060476e-06, 5.64177889828e-06, 3.92531819671e-06, 3.75541731046e-06, 3.25174551108e-06, 2.74233116215e-06, 3.03123306367e-06, 2.33581681641e-06, 1.87885905234e-06, 1.71307692653e-06, 1.79640505849e-06, 1.62207231824e-06],
        "dvar": [1.70801504282e-05, 4.58332506241e-05, 4.72129704576e-06, 1.53551229687e-06, 1.38849813425e-07, 2.25343981697e-07, 2.03216554695e-08, 3.23578213113e-08, 3.25954871983e-08, 8.94858764866e-09, 1.28974813052e-08, 5.04489827691e-09, 1.04543340651e-09, 5.86438853034e-09, 3.84109677398e-09, 2.59740517983e-09, 2.75217115764e-09, 1.8798191892e-09, 1.00857888707e-09, 2.84236328918e-10, 7.65948360293e-10, 1.22608048714e-10, 9.3020570413e-11, 5.48083037288e-11, 5.97460414475e-11, 1.24744437002e-10, 7.54436096928e-11, 4.39639366578e-11, 4.1672505724e-11, 5.36602810797e-11, 2.2971922975e-11, 2.10182496407e-11, 1.17958290705e-11, 1.1549971049e-11, 1.36899875117e-11, 7.07185048368e-12, 4.11593328864e-12, 2.93429777004e-12, 2.79604421213e-12, 1.88986955425e-12],
        "dvar2": [4.23306410084e-05, 8.52276498335e-05, 1.23710760818e-05, 3.97330541091e-06, 3.61790966963e-07, 6.09801361406e-07, 5.25035801502e-08, 7.28196951627e-08, 7.60416440926e-08, 2.08823642822e-08, 3.26437010756e-08, 1.35776021537e-08, 2.12020445645e-09, 1.07049933362e-08, 9.90523396638e-09, 6.17357676092e-09, 6.37775299239e-09, 4.55956028489e-09, 2.63846877679e-09, 7.37262251249e-10, 1.95186378171e-09, 3.03850999916e-10, 2.41194481054e-10, 1.30083846472e-10, 1.39144029632e-10, 2.41015346569e-10, 1.69083219648e-10, 8.55281956369e-11, 9.01702185141e-11, 1.2381599912e-10, 4.8082614279e-11, 4.44893497042e-11, 2.45296387369e-11, 2.55833670221e-11, 3.38906923358e-11, 1.54463733471e-11, 9.70728705751e-12, 6.35001122865e-12, 6.01696166849e-12, 4.07819828255e-12],
        "max": [0.0307499784976, 0.0541882663965, 0.0202725604177, 0.0156945344061, 0.00592776434496, 0.00570445135236, 0.00209103990346, 0.00227727252059, 0.00241431058384, 0.00132619903889, 0.0014191409573, 0.00116527453065, 0.000804198090918, 0.00171746162232, 0.00127211306244, 0.000753351661842, 0.000731495150831, 0.00088150711963, 0.000378271681257, 0.000285467453068, 0.000295043020742, 0.000137191222166, 0.000103405844129, 0.000104729893792, 0.000106392028101, 0.000258243759163, 0.000127047242131, 0.000120831049571, 8.03672519396e-05, 0.000140568023198, 5.92136093474e-05, 5.10693389515e-05, 3.554567229e-05, 6.13104202785e-05, 8.0810932559e-05, 4.2500148993e-05, 2.75435013464e-05, 2.24520008487e-05, 2.74582780548e-05, 1.83366191777e-05],
        "mean": [0.00757913757116, 0.0136350821704, 0.00377966836095, 0.00137489556801, 0.000364155159332, 0.00036187141086, 0.000193355925148, 0.000271853554295, 0.000201488597668, 9.88227620837e-05, 0.0001243808656, 7.0823909482e-05, 4.73136969958e-05, 8.60135332914e-05, 5.62427158002e-05, 5.39617903996e-05, 5.7527973695e-05, 5.9124067775e-05, 4.17774244852e-05, 2.46259405685e-05, 3.56839991582e-05, 1.65199071489e-05, 1.53531327669e-05, 1.12088455353e-05, 1.23441459436e-05, 1.47450864461e-05, 1.09954071377e-05, 7.81804646977e-06, 6.66837104291e-06, 6.71802081342e-06, 4.51249752587e-06, 4.40185976913e-06, 4.09730773754e-06, 3.44540740116e-06, 3.78259915124e-06, 3.12578913508e-06, 2.42739315581e-06, 2.1646269488e-06, 2.43777026299e-06, 2.41867542172e-06],
        "median": [0.00750002963468, 0.0106156701222, 0.00253638694994, 0.000721316493582, 0.000222324684728, 0.00017600414867, 0.000140599382576, 0.000178858696017, 9.33461924433e-05, 5.4467960581e-05, 6.83384059812e-05, 3.9710837882e-05, 3.01225336443e-05, 4.51486448583e-05, 1.31354072437e-05, 2.07203011087e-05, 2.11646984098e-05, 3.33938587573e-05, 2.68018375209e-05, 1.86684901564e-05, 2.41101497522e-05, 1.13625592348e-05, 1.22718129205e-05, 8.24205471872e-06, 8.8267670435e-06, 9.65380604612e-06, 6.38453548163e-06, 3.97595658796e-06, 3.5550190205e-06, 4.51136338597e-06, 2.74155763691e-06, 2.67420659839e-06, 2.72696047432e-06, 2.29848956224e-06, 2.64458253696e-06, 2.1379798909e-06, 1.62246908531e-06, 1.49095319557e-06, 1.8611563064e-06, 1.74896410954e-06],
        "min": [7.83096220403e-06, 2.39533655986e-05, 1.4809291315e-05, 1.07967143776e-05, 2.72475199381e-06, 4.23105848313e-06, 4.96119309901e-06, 5.04055333295e-06, 2.64723485088e-06, 1.13038913696e-06, 1.18618174838e-06, 6.94302855209e-07, 1.05146239093e-06, 1.14696354103e-06, 3.75713199219e-07, 3.99379672444e-07, 5.74241539653e-07, 6.75115870763e-07, 4.22659013566e-07, 6.62888282932e-07, 2.57683240079e-07, 4.28293645882e-07, 3.69820071455e-07, 4.25968920581e-07, 3.89231729514e-07, 4.08674992514e-07, 3.2358406088e-07, 9.92571713709e-08, 1.5004978593e-07, 1.25797427586e-07, 1.86893611698e-08, 2.14698747669e-08, 7.57560769671e-09, 5.11540720893e-09, 3.68014529961e-09, 2.32216024187e-09, 1.51910783952e-09, 3.9770333693e-09, 3.5788458308e-10, 1.8789168138e-11],
