{
"highlevel": {
    "danceability": {
        "all": {
            "danceable": 0.991420567036,
            "not_danceable": 0.00857944600284
        },
        "probability": 0.991420567036,
        "value": "danceable"
    },
    "gender": {
        "all": {
            "female": 0.0184427723289,
            "male": 0.981557250023
        },
        "probability": 0.981557250023,
        "value": "male"
    },
    "genre_dortmund": {
        "all": {
            "alternative": 0.122389562428,
            "blues": 0.100284464657,
            "electronic": 0.03241192922,
            "folkcountry": 0.151196867228,
            "funksoulrnb": 0.0453415364027,
            "jazz": 0.0386168807745,
            "pop": 0.0442125499249,
            "raphiphop": 0.0526615120471,
            "rock": 0.412884682417
        },
        "probability": 0.412884682417,
        "value": "rock"
    },
    "genre_electronic": {
        "all": {
            "ambient": 0.427746295929,
            "dnb": 0.137685954571,
            "house": 0.0584224723279,
            "techno": 0.0211938042194,
            "trance": 0.35495147109
        },
        "probability": 0.427746295929,
        "value": "ambient"
    },
    "genre_rosamerica": {
        "all": {
            "cla": 0.0079462043941,
            "dan": 0.0724902972579,
            "hip": 0.0176289509982,
            "jaz": 0.0176913347095,
            "pop": 0.145267978311,
            "rhy": 0.107088580728,
            "roc": 0.629111588001,
            "spe": 0.00277504511178
        },
        "probability": 0.629111588001,
        "value": "roc"
    },
    "genre_tzanetakis": {
        "all": {
            "blu": 0.0626541376114,
            "cla": 0.0348133966327,
            "cou": 0.0783501937985,
            "dis": 0.104547761381,
            "hip": 0.15693578124,
            "jaz": 0.313987255096,
            "met": 0.044816005975,
            "pop": 0.0627349764109,
            "reg": 0.0627352520823,
            "roc": 0.0784252434969
        },
        "probability": 0.313987255096,
        "value": "jaz"
    },
    "ismir04_rhythm": {
        "all": {
            "ChaChaCha": 0.252711623907,
            "Jive": 0.177532672882,
            "Quickstep": 0.0333990231156,
            "Rumba-American": 0.0179718565196,
            "Rumba-International": 0.0981438681483,
            "Rumba-Misc": 0.0110660465434,
            "Samba": 0.272535830736,
            "Tango": 0.0250021331012,
            "VienneseWaltz": 0.079556837678,
            "Waltz": 0.0320801250637
        },
        "probability": 0.272535830736,
        "value": "Samba"
    },
    "mood_acoustic": {
        "all": {
            "acoustic": 0.020390458405,
            "not_acoustic": 0.979609549046
        },
        "probability": 0.979609549046,
        "value": "not_acoustic"
    },
    "mood_aggressive": {
        "all": {
            "aggressive": 0.439379632473,
            "not_aggressive": 0.560620367527
        },
        "probability": 0.560620367527,
        "value": "not_aggressive"
    },
    "mood_electronic": {
        "all": {
            "electronic": 0.109157577157,
            "not_electronic": 0.890842437744
        },
        "probability": 0.890842437744,
        "value": "not_electronic"
    },
    "mood_happy": {
        "all": {
            "happy": 0.569996416569,
            "not_happy": 0.430003553629
        },
        "probability": 0.569996416569,
        "value": "happy"
    },
    "mood_party": {
        "all": {
            "not_party": 0.607383072376,
            "party": 0.392616927624
        },
        "probability": 0.607383072376,
        "value": "not_party"
    },
    "mood_relaxed": {
        "all": {
            "not_relaxed": 0.97117382288,
            "relaxed": 0.0288261547685
        },
        "probability": 0.97117382288,
        "value": "not_relaxed"
    },
    "mood_sad": {
        "all": {
            "not_sad": 0.799719035625,
            "sad": 0.200280964375
        },
        "probability": 0.799719035625,
        "value": "not_sad"
    },
    "moods_mirex": {
        "all": {
            "Cluster1": 0.290013641119,
            "Cluster2": 0.194014802575,
            "Cluster3": 0.218626245856,
            "Cluster4": 0.169819310308,
            "Cluster5": 0.127526000142
        },
        "probability": 0.290013641119,
        "value": "Cluster1"
    },
    "timbre": {
        "all": {
            "bright": 0.983556509018,
            "dark": 0.0164435151964
        },
        "probability": 0.983556509018,
        "value": "bright"
    },
    "tonal_atonal": {
        "all": {
            "atonal": 0.00309370621108,
            "tonal": 0.996906280518
        },
        "probability": 0.996906280518,
        "value": "tonal"
    },
    "voice_instrumental": {
        "all": {
            "instrumental": 0.0925243422389,
            "voice": 0.907475650311
        },
        "probability": 0.907475650311,
        "value": "voice"
    }
},
"lowlevel": {
    "average_loudness": 0.984173059464,
    "barkbands_crest": {
        "dmean": 2.92976307869,
        "dmean2": 4.5127325058,
        "dvar": 6.6001534462,
        "dvar2": 15.7245960236,
        "max": 25.1313056946,
        "mean": 11.2896003723,
        "median": 10.5473461151,
        "min": 2.59839010239,
        "var": 20.8428192139
    },
    "barkbands_flatness_db": {
        "dmean": 0.0261725075543,
        "dmean2": 0.0372342988849,
        "dvar": 0.000548049458303,
        "dvar2": 0.00106212799437,
        "max": 0.338050752878,
        "mean": 0.144438624382,
        "median": 0.143831074238,
        "min": 0.0460775867105,
        "var": 0.00233834516257
    },
    "barkbands_kurtosis": {
        "dmean": 2.44184279442,
        "dmean2": 3.82225394249,
        "dvar": 10.8809528351,
        "dvar2": 23.7331314087,
        "max": 37.8666763306,
        "mean": 2.86178064346,
        "median": 1.06827402115,
        "min": -1.86375677586,
        "var": 27.2591323853
    },
    "barkbands_skewness": {
        "dmean": 0.567764639854,
        "dmean2": 0.870794832706,
        "dvar": 0.254232257605,
        "dvar2": 0.625791430473,
        "max": 5.72650241852,
        "mean": 1.34043979645,
        "median": 1.23148679733,
        "min": -2.76654458046,
        "var": 1.29676353931
    },
    "barkbands_spread": {
        "dmean": 6.52301120758,
        "dmean2": 9.97215652466,
        "dvar": 39.602897644,
        "dvar2": 78.104095459,
        "max": 61.230255127,
        "mean": 22.8973293304,
        "median": 21.1877346039,
        "min": 1.14004135132,
        "var": 109.07232666
    },
    "dissonance": {
        "dmean": 0.0174513850361,
        "dmean2": 0.029255522415,
        "dvar": 0.000248760654358,
        "dvar2": 0.000660775403958,
        "max": 0.499611735344,
        "mean": 0.468491405249,
        "median": 0.473318308592,
        "min": 0.366276949644,
        "var": 0.000413830304751
    },
    "dynamic_complexity": 1.38971173763,
    "erbbands_crest": {
        "dmean": 3.08266687393,
        "dmean2": 5.13841199875,
        "dvar": 8.24422550201,
        "dvar2": 20.522687912,
        "max": 30.7217769623,
        "mean": 9.13978099823,
        "median": 7.67015123367,
        "min": 2.60906815529,
        "var": 21.7004566193
    },
    "erbbands_flatness_db": {
        "dmean": 0.0199219584465,
        "dmean2": 0.0291116014123,
        "dvar": 0.000307870592223,
        "dvar2": 0.000589470088016,
        "max": 0.41375747323,
        "mean": 0.153284281492,
        "median": 0.141525700688,
        "min": 0.0749270543456,
        "var": 0.00236791209318
    },
    "erbbands_kurtosis": {
        "dmean": 0.974547863007,
        "dmean2": 1.6016587019,
        "dvar": 2.85018348694,
        "dvar2": 6.81605911255,
        "max": 33.7049407959,
        "mean": 0.271567881107,
        "median": -0.373510599136,
        "min": -1.61971235275,
        "var": 6.58145809174
    },
    "erbbands_skewness": {
        "dmean": 0.393832445145,
        "dmean2": 0.609677731991,
        "dvar": 0.101361617446,
        "dvar2": 0.228857442737,
        "max": 2.69618320465,
        "mean": -0.00878358352929,
        "median": 0.0545556917787,
        "min": -3.40986514091,
        "var": 0.57388228178
    },
    "erbbands_spread": {
        "dmean": 8.5430765152,
        "dmean2": 12.9925794601,
        "dvar": 56.4457855225,
        "dvar2": 126.739326477,
        "max": 109.384033203,
        "mean": 38.7319488525,
        "median": 37.2062988281,
        "min": 1.47796308994,
        "var": 241.524871826
    },
    "hfc": {
        "dmean": 9.41083431244,
        "dmean2": 13.8778324127,
        "dvar": 105.146827698,
        "dvar2": 216.420440674,
        "max": 91.688873291,
        "mean": 27.9414997101,
        "median": 25.7635707855,
        "min": 1.53937351704,
        "var": 237.857421875
    },
    "melbands_crest": {
        "dmean": 3.45638465881,
        "dmean2": 5.31010484695,
        "dvar": 9.58949661255,
        "dvar2": 22.8369560242,
        "max": 30.949048996,
        "mean": 15.611948967,
        "median": 14.8994216919,
        "min": 4.25986433029,
        "var": 33.3320388794
    },
    "melbands_flatness_db": {
        "dmean": 0.0312227476388,
        "dmean2": 0.0442137122154,
        "dvar": 0.000896642333828,
        "dvar2": 0.00172484794166,
        "max": 0.408454269171,
        "mean": 0.188494741917,
        "median": 0.188998743892,
        "min": 0.0451663546264,
        "var": 0.00374455051497
    },
    "melbands_kurtosis": {
        "dmean": 5.99966287613,
        "dmean2": 9.47422504425,
        "dvar": 65.9213104248,
        "dvar2": 163.226135254,
        "max": 97.1102600098,
        "mean": 10.5239982605,
        "median": 6.10043525696,
        "min": -1.85541820526,
        "var": 159.127471924
    },
    "melbands_skewness": {
        "dmean": 0.763621628284,
        "dmean2": 1.17744374275,
        "dvar": 0.522892355919,
        "dvar2": 1.31063508987,
        "max": 8.29910850525,
        "mean": 2.45113158226,
        "median": 2.2841296196,
        "min": -3.12725424767,
        "var": 2.40370750427
    },
    "melbands_spread": {
        "dmean": 8.34838676453,
        "dmean2": 12.9121789932,
        "dvar": 66.50025177,
        "dvar2": 162.151382446,
        "max": 126.135284424,
        "mean": 25.1237831116,
        "median": 22.5090885162,
        "min": 2.38354897499,
        "var": 214.201644897
    },
    "pitch_salience": {
        "dmean": 0.0765289291739,
        "dmean2": 0.11749638617,
        "dvar": 0.00473552197218,
        "dvar2": 0.0109579842538,
        "max": 0.805021762848,
        "mean": 0.504704833031,
        "median": 0.510671257973,
        "min": 0.142212539911,
        "var": 0.0130702108145
    },
    "silence_rate_20dB": {
        "dmean": 0,
        "dmean2": 0,
        "dvar": 0,
        "dvar2": 0,
        "max": 1,
        "mean": 1,
        "median": 1,
        "min": 1,
        "var": 0
    },
    "silence_rate_30dB": {
        "dmean": 0.0201238393784,
        "dmean2": 0.0402788519859,
        "dvar": 0.0197188835591,
        "dvar2": 0.054148260504,
        "max": 1,
        "mean": 0.987625658512,
        "median": 1,
        "min": 0,
        "var": 0.0122212991118
    },
    "silence_rate_60dB": {
        "dmean": 0.0030959751457,
        "dmean2": 0.00619674660265,
        "dvar": 0.00308634946123,
        "dvar2": 0.00770733365789,
        "max": 1,
        "mean": 0.00464037107304,
        "median": 0,
        "min": 0,
        "var": 0.0046187764965
    },
    "spectral_centroid": {
        "dmean": 295.642578125,
        "dmean2": 454.833129883,
        "dvar": 77244.28125,
        "dvar2": 181978.359375,
        "max": 4293.39453125,
        "mean": 1460.78930664,
        "median": 1426.24938965,
        "min": 307.044830322,
        "var": 264120.59375
    },
    "spectral_complexity": {
        "dmean": 5.73606824875,
        "dmean2": 8.1518201828,
        "dvar": 33.5719070435,
        "dvar2": 61.9738883972,
        "max": 63,
        "mean": 23.3433876038,
        "median": 22,
        "min": 4,
        "var": 90.6833877563
    },
    "spectral_decrease": {
        "dmean": 2.56358156925e-09,
        "dmean2": 3.78563136394e-09,
        "dvar": 8.94811313026e-18,
        "dvar2": 1.76051182419e-17,
        "max": -1.77061282303e-10,
        "mean": -9.37536359658e-09,
        "median": -8.0873530095e-09,
        "min": -3.51536186827e-08,
        "var": 3.26492819986e-17
    },
    "spectral_energy": {
        "dmean": 0.0100639602169,
        "dmean2": 0.014870705083,
        "dvar": 0.000130929867737,
        "dvar2": 0.00025205448037,
        "max": 0.135746777058,
        "mean": 0.0379191115499,
        "median": 0.0327709056437,
        "min": 0.000807895616163,
        "var": 0.000479293958051
    },
    "spectral_energyband_high": {
        "dmean": 0.000613672018517,
        "dmean2": 0.000869895855431,
        "dvar": 7.22607410353e-07,
        "dvar2": 1.29341992761e-06,
        "max": 0.0123370690271,
        "mean": 0.00101810472552,
        "median": 0.000537492916919,
        "min": 3.56274904334e-06,
        "var": 1.4437067648e-06
    },
    "spectral_energyband_low": {
        "dmean": 0.0071926000528,
        "dmean2": 0.0103799290955,
        "dvar": 0.000137856957735,
        "dvar2": 0.000279161584331,
        "max": 0.1105594486,
        "mean": 0.0161854103208,
        "median": 0.0101164607331,
        "min": 1.15921849897e-07,
        "var": 0.000409257423598
    },
    "spectral_energyband_middle_high": {
        "dmean": 0.00323197268881,
        "dmean2": 0.00524809444323,
        "dvar": 1.37354727485e-05,
        "dvar2": 3.50620211975e-05,
        "max": 0.0329050607979,
        "mean": 0.00767105072737,
        "median": 0.00626678951085,
        "min": 0.000282498542219,
        "var": 3.33555726684e-05
    },
    "spectral_energyband_middle_low": {
        "dmean": 0.00537087442353,
        "dmean2": 0.00839661806822,
        "dvar": 4.21839831688e-05,
        "dvar2": 0.000112102876301,
        "max": 0.0608583763242,
        "mean": 0.0147490780801,
        "median": 0.0130472602323,
        "min": 0.000125380625832,
        "var": 9.01595194591e-05
    },
    "spectral_entropy": {
        "dmean": 0.183514595032,
        "dmean2": 0.253056377172,
        "dvar": 0.0322451740503,
        "dvar2": 0.0539477616549,
        "max": 8.38000106812,
        "mean": 7.62029075623,
        "median": 7.61960840225,
        "min": 6.19647455215,
        "var": 0.121071957052
    },
    "spectral_flux": {
        "dmean": 0.0288837365806,
        "dmean2": 0.0411390028894,
        "dvar": 0.000710280088242,
        "dvar2": 0.00132953783032,
        "max": 0.304254770279,
        "mean": 0.102797657251,
        "median": 0.0922499373555,
        "min": 0.0227707196027,
        "var": 0.00223227380775
    },
    "spectral_kurtosis": {
        "dmean": 1.44110405445,
        "dmean2": 2.23870062828,
        "dvar": 2.56688380241,
        "dvar2": 5.95510339737,
        "max": 28.287607193,
        "mean": 4.73905181885,
        "median": 4.09506368637,
        "min": 0.0808186531067,
        "var": 6.94310474396
    },
    "spectral_rms": {
        "dmean": 0.000785117445048,
        "dmean2": 0.00114374910481,
        "dvar": 5.77791468004e-07,
        "dvar2": 1.06877575945e-06,
        "max": 0.0115080783144,
        "mean": 0.00584944151342,
        "median": 0.00565434480086,
        "min": 0.000887801114004,
        "var": 2.77834715234e-06
    },
    "spectral_rolloff": {
        "dmean": 568.26373291,
        "dmean2": 915.137268066,
        "dvar": 518867.3125,
        "dvar2": 1167540.5,
        "max": 7945.75195312,
        "mean": 1541.99816895,
        "median": 1378.125,
        "min": 86.1328125,
        "var": 1198418.125
    },
    "spectral_skewness": {
        "dmean": 0.208367690444,
        "dmean2": 0.318187117577,
        "dvar": 0.0386336185038,
        "dvar2": 0.0817205533385,
        "max": 3.5212392807,
        "mean": 1.59626543522,
        "median": 1.5503436327,
        "min": 0.360779821873,
        "var": 0.129905074835
    },
    "spectral_spread": {
        "dmean": 533026.5,
        "dmean2": 744190.125,
        "dvar": 302848147456,
        "dvar2": 500717256704,
        "max": 11402468,
        "mean": 4468438,
        "median": 4300494.5,
        "min": 1869355.625,
        "var": 1.17000713011e+12
    },
    "spectral_strongpeak": {
        "dmean": 0.644670605659,
        "dmean2": 1.09919023514,
        "dvar": 1.21351492405,
        "dvar2": 2.94106960297,
        "max": 10.7884464264,
        "mean": 1.18974363804,
        "median": 0.688103377819,
        "min": 0.096221588552,
        "var": 2.09056615829
    },
    "zerocrossingrate": {
        "dmean": 0.0127777000889,
        "dmean2": 0.0137078054249,
        "dvar": 0.000150922249304,
        "dvar2": 0.000163691845955,
        "max": 0.25830078125,
        "mean": 0.0629867687821,
        "median": 0.056640625,
        "min": 0.0048828125,
        "var": 0.00100874376949
    },
    "barkbands": {
        "dmean": [0.000117076095194, 0.00533530674875, 0.00387235614471, 0.00184747937601, 0.00203186040744, 0.0014393631136, 0.000954341201577, 0.000776189146563, 0.00147895724513, 0.000627313158475, 0.000485985423438, 0.000592740485445, 0.000727497332264, 0.000523246417288, 0.000569363706745, 0.000594500626903, 0.000624078733381, 0.000335240154527, 0.000215598702198, 0.000231352241826, 0.000124901460367, 0.000149309606059, 9.23239858821e-05, 8.88069698703e-05, 6.93445690558e-05, 5.20283501828e-05, 7.43076924437e-08],
        "dmean2": [0.000167959791725, 0.00703490292653, 0.00620042346418, 0.00304858386517, 0.00321886199526, 0.00228313566186, 0.00151592271868, 0.00117180019151, 0.00230232835747, 0.00104128639214, 0.000820568413474, 0.00103753455915, 0.0012372554047, 0.000873793847859, 0.000912000192329, 0.000978841562755, 0.00100710615516, 0.000534953956958, 0.000346741057001, 0.000363735161955, 0.000188194055227, 0.000220579153392, 0.000125752427266, 0.000129092397401, 9.91428823909e-05, 7.1209979069e-05, 1.24531240431e-07],
        "dvar": [3.29516183228e-08, 9.63108905125e-05, 0.000103341051727, 1.58129478223e-05, 9.58885721047e-06, 4.25884036304e-06, 2.10816801882e-06, 1.68780377408e-06, 5.12827136845e-06, 4.50623201687e-06, 1.17069328098e-06, 2.13159114537e-06, 2.44733723775e-06, 1.78580296506e-06, 2.00807448891e-06, 1.44021885262e-06, 5.79537299927e-07, 2.70623985443e-07, 1.03061282175e-07, 1.15583127069e-07, 3.29155547263e-08, 5.40759828027e-08, 2.18874145475e-08, 1.71503913293e-08, 1.54266484031e-08, 6.83579726157e-09, 4.76164416327e-14],
        "dvar2": [6.74301361414e-08, 0.000187845085748, 0.000265438109636, 4.17401279265e-05, 2.34326726058e-05, 1.07360538095e-05, 4.42874579676e-06, 3.35928302775e-06, 1.21824195958e-05, 1.11436256702e-05, 3.09612914862e-06, 5.91588968746e-06, 7.04758122083e-06, 4.84906286147e-06, 4.79001346321e-06, 3.92475294575e-06, 1.5386801806e-06, 6.65402410505e-07, 2.4574515578e-07, 2.89612046345e-07, 6.80357601368e-08, 1.00130591818e-07, 3.11641379369e-08, 3.40184698189e-08, 2.95525417471e-08, 1.34949260655e-08, 1.14919250331e-13],
        "max": [0.00157436146401, 0.0928407162428, 0.0923747494817, 0.0471617542207, 0.0319245643914, 0.0298000499606, 0.0145986992866, 0.0195969417691, 0.0256677828729, 0.0259112007916, 0.0150558296591, 0.0158834122121, 0.0133904647082, 0.015043053776, 0.023640004918, 0.018855208531, 0.0119309816509, 0.00593683077022, 0.00309539213777, 0.00424566399306, 0.00159633019939, 0.00564719643444, 0.00412566261366, 0.0010025696829, 0.00312794931233, 0.000753905798774, 1.9798771973e-06],
        "mean": [0.000234543360421, 0.00986009463668, 0.00449802307412, 0.00275316252373, 0.00387185276486, 0.00251331273466, 0.00155127537437, 0.00139716558624, 0.00252103665844, 0.000664588820655, 0.000603307969868, 0.000681143603288, 0.000988184590824, 0.000683014746755, 0.000825866940431, 0.000994111294858, 0.00126842246391, 0.000475430162624, 0.000319881510222, 0.000347541732481, 0.00018847399042, 0.000231117708609, 0.000140237098094, 0.000131924258312, 0.000107700179797, 6.76913186908e-05, 5.734660391e-08],
        "median": [3.72977665393e-05, 0.00118117011152, 0.00136814313009, 0.000414223992266, 0.0019515339518, 0.001513370662, 0.000577061262447, 0.000622445659246, 0.00118736259174, 0.000112604349852, 0.000217358145164, 0.000291045143967, 0.000337383506121, 0.00025890377583, 0.000317466561683, 0.000368185865227, 0.000951645313762, 0.000281206361251, 0.000196248642169, 0.000201610222575, 0.000104572689452, 0.00011946901941, 5.71559248783e-05, 5.79289517191e-05, 4.74339612992e-05, 2.00342274184e-05, 1.80042336595e-09],
        "min": [2.00029215414e-09, 1.32844366618e-08, 2.2318006998e-08, 4.67552894179e-08, 1.17792853871e-06, 1.3027125533e-05, 1.29026233253e-07, 8.43766883918e-07, 4.2095889512e-06, 1.41062528769e-07, 2.1041078071e-06, 3.19656260217e-06, 4.70957456855e-06, 3.00669898934e-06, 1.36392709464e-05, 2.07291413972e-05, 1.26949298647e-05, 1.24268153741e-05, 6.02791942583e-06, 1.4731471083e-06, 6.3584138843e-07, 6.47350304916e-07, 4.7299025141e-07, 3.33976998945e-07, 1.21357812688e-10, 8.9778713977e-12, 3.95406927686e-12],
        "var": [1.03068302337e-07, 0.000273337791441, 8.98002399481e-05, 2.81827633444e-05, 2.13912971958e-05, 1.09540133053e-05, 5.30939360033e-06, 3.95592587665e-06, 1.44824452946e-05, 5.1914071264e-06, 1.1983127024e-06, 1.79124469923e-06, 3.11953908749e-06, 2.16438138523e-06, 3.60771491614e-06, 3.90146988138e-06, 1.45743604207e-06, 3.40632681173e-07, 1.35260449952e-07, 1.70803119204e-07, 5.05908097637e-08, 1.2323835108e-07, 5.92516862241e-08, 2.79856937624e-08, 2.89565473821e-08, 1.11403641867e-08, 3.93015528704e-14]
    },
    "erbbands": {
        "dmean": [0.155237495899, 1.29085993767, 3.69415068626, 5.49882030487, 6.61327981949, 7.15132236481, 9.87618732452, 10.8760881424, 8.7501745224, 17.0920734406, 19.4971427917, 30.8245716095, 21.0040493011, 16.1133975983, 16.6792125702, 24.4388046265, 31.0048065186, 28.3582057953, 21.7448425293, 30.1220645905, 31.3233451843, 36.6735458374, 21.408821106, 10.474363327, 12.386174202, 10.1042966843, 6.29150485992, 4.83307600021, 5.52352285385, 3.9133746624, 2.48663759232, 1.92662274837, 1.47322356701, 0.822460174561, 0.478291839361, 0.240767866373, 0.110062852502, 0.00804639607668, 0.000158250244567, 1.79620583367e-05],
        "dmean2": [0.153370916843, 1.78493845463, 5.70652103424, 9.16180801392, 10.8201761246, 11.0124597549, 15.8619289398, 17.2228431702, 14.8412427902, 26.8778781891, 29.8037319183, 48.2446250916, 34.5591468811, 27.4129123688, 27.8704280853, 41.7733421326, 52.9970054626, 48.8121757507, 34.4983253479, 49.0727272034, 51.6145744324, 59.8078994751, 34.7620697021, 16.609292984, 19.938369751, 15.8582038879, 9.97786045074, 6.9950709343, 8.2245798111, 5.55133533478, 3.32004952431, 2.75244665146, 2.13280630112, 1.16958045959, 0.696988463402, 0.340087682009, 0.150490611792, 0.012322306633, 0.000231417739997, 2.52899080806e-05],
        "dvar": [0.0627774149179, 6.50332641602, 82.4840240479, 134.368515015, 159.57673645, 133.917236328, 256.976745605, 323.458190918, 177.15071106, 591.06262207, 902.546630859, 2649.32788086, 3667.36645508, 885.697387695, 1737.31738281, 3890.4621582, 4457.67333984, 5468.22460938, 2114.7890625, 5213.10058594, 3719.36767578, 2315.10449219, 917.393005371, 225.091384888, 348.430908203, 258.695251465, 87.7946853638, 50.5136146545, 70.9717102051, 35.1994438171, 18.6292743683, 8.33667087555, 4.57969808578, 1.58832919598, 1.01117324829, 0.142967268825, 0.0338527970016, 0.000208042984013, 7.01066227293e-08, 3.71204733618e-10],
        "dvar2": [0.0794433280826, 13.2622890472, 183.044113159, 354.044799805, 412.728118896, 297.873931885, 704.071716309, 734.400634766, 443.127563477, 1275.14794922, 1798.65881348, 6749.06445312, 8898.07324219, 2340.1484375, 4329.07763672, 10651.0732422, 12480.9980469, 15481.9267578, 4504.56445312, 12889.6376953, 9991.67578125, 6277.6640625, 2317.06420898, 518.74798584, 880.050354004, 632.9609375, 203.161819458, 103.213981628, 132.086166382, 61.27576828, 26.4916133881, 15.3118658066, 9.71031284332, 3.01729893684, 1.96001291275, 0.277743160725, 0.0656674578786, 0.000459093309473, 1.47560101027e-07, 7.19876158684e-10],
        "max": [2.65842556953, 24.5983905792, 83.7014923096, 87.7507324219, 136.261230469, 187.017944336, 224.892105103, 339.852478027, 133.470733643, 279.760803223, 350.541595459, 666.383117676, 670.23828125, 291.321136475, 592.935791016, 688.392700195, 719.450073242, 823.458496094, 1197.32958984, 1650.2154541, 896.643676758, 800.514282227, 275.092956543, 140.662353516, 160.406143188, 265.78793335, 69.2220458984, 107.176612854, 201.60949707, 134.072433472, 139.869552612, 34.2972679138, 20.4039382935, 19.5068054199, 30.1986942291, 4.25290250778, 1.66227090359, 0.121688939631, 0.00220078090206, 0.000162488591741],
        "mean": [0.316754221916, 2.09889030457, 4.88388967514, 8.11176300049, 11.0360784531, 13.7822933197, 16.5562229156, 20.0575561523, 14.9935073853, 36.2888641357, 34.6227760315, 53.765499115, 25.5826148987, 21.2741146088, 21.4726676941, 30.248752594, 43.3327598572, 36.4486579895, 38.1753578186, 46.8566551208, 57.4542350769, 73.1093292236, 36.313835144, 17.0444107056, 18.1407184601, 15.0747852325, 9.20281887054, 7.08265972137, 8.47690963745, 5.97036266327, 3.79414081573, 2.73394560814, 2.23552703857, 1.33144164085, 0.670505583286, 0.313128352165, 0.141559123993, 0.00979832652956, 0.000216885979171, 5.6106109696e-05],
        "median": [0.0197601690888, 0.37303096056, 1.91469931602, 2.20396304131, 4.8215508461, 6.43151903152, 10.900633812, 10.3552103043, 7.83780956268, 18.4632034302, 22.164434433, 24.3115882874, 8.66727352142, 7.51964950562, 9.12655353546, 13.6056013107, 17.4062843323, 16.1385307312, 17.5537548065, 18.8393688202, 28.2792110443, 50.8014717102, 26.5184726715, 11.4631023407, 10.7860794067, 8.58603954315, 5.48415470123, 3.481954813, 4.20210981369, 2.92744326591, 1.52321636677, 1.10564148426, 1.01433038712, 0.595447719097, 0.269815444946, 0.105504840612, 0.0381521359086, 0.00268846470863, 7.92448918219e-05, 4.90063357574e-05],
        "min": [3.18956693945e-07, 4.2025080802e-06, 2.00531521841e-05, 0.000134673638968, 0.000314364442602, 0.00743413669989, 0.124170690775, 0.0704432651401, 0.0249488335103, 0.0280420873314, 0.163694798946, 0.450127214193, 0.168803036213, 0.140648424625, 0.163387700915, 0.20107999444, 0.344199389219, 0.174908697605, 1.26996362209, 1.03269028664, 0.848682701588, 1.08944618702, 0.814145803452, 0.55062776804, 0.260007143021, 0.0867468193173, 0.0244355741888, 0.0307538658381, 0.0238635502756, 0.0150274410844, 0.0124155953526, 0.0114797297865, 0.00390393892303, 0.0019440226024, 0.000671566289384, 0.000124233862152, 5.2018444876e-06, 8.13150279555e-07, 6.98642622865e-07, 1.13250564482e-06],
        "var": [0.260785132647, 14.5697488785, 93.4218063354, 185.59197998, 208.018295288, 395.791503906, 385.68460083, 1179.33666992, 333.200927734, 1692.47412109, 2042.65075684, 7398.63964844, 4060.35449219, 1177.41992188, 1739.95983887, 3484.54125977, 5361.65234375, 5423.86181641, 6415.10302734, 8222.31054688, 10186.3408203, 5727.1875, 1177.48388672, 308.571258545, 425.385498047, 363.203765869, 111.641540527, 88.0631484985, 161.145278931, 80.2951660156, 52.1920661926, 14.4356164932, 7.87682390213, 3.09415793419, 1.7352335453, 0.229670122266, 0.0555863529444, 0.000275791418971, 9.98471989533e-08, 9.13896291976e-10]
    },
    "gfcc": {
        "mean": [34.9695968628, 78.0380706787, -123.956481934, 32.2769317627, -55.7095603943, 10.2744808197, -48.9410209656, 15.6250858307, -22.088640213, 4.92291498184, -21.1355285645, 1.63245069981, -15.1193685532],
        "cov": [[2093.45654297, -193.581192017, 609.370666504, 184.030929565, 36.187625885, 269.702911377, 162.581512451, 70.7386703491, -218.78314209, 72.7065505981, -103.995643616, 79.44921875, -270.021881104], [-193.581192017, 1147.72229004, 450.368652344, 193.340332031, 369.970062256, 85.7187728882, 213.100357056, 83.1856384277, 87.1313705444, -53.8567581177, 126.484741211, 25.7188949585, 63.1784057617], [609.370666504, 450.368652344, 845.129760742, 293.409057617, 213.449111938, 185.518951416, 207.140533447, 104.01738739, 3.38666367531, 38.1675643921, -14.2088012695, 74.6781005859, -102.501754761], [184.030929565, 193.340332031, 293.409057617, 317.791290283, 127.308609009, 69.1318588257, 65.0029602051, 12.1101789474, 37.8902244568, -16.3135166168, 9.99733161926, 8.81561088562, 44.4357452393], [36.187625885, 369.970062256, 213.449111938, 127.308609009, 313.290222168, 102.955688477, 93.121055603, 73.0533752441, 61.664516449, 18.2926368713, 38.5338935852, 36.343132019, 56.8867797852], [269.702911377, 85.7187728882, 185.518951416, 69.1318588257, 102.955688477, 206.474502563, 144.558853149, 65.0748672485, 7.62070226669, 35.205657959, 42.8173446655, 40.7097663879, -14.4126262665], [162.581512451, 213.100357056, 207.140533447, 65.0029602051, 93.121055603, 144.558853149, 243.011734009, 116.047973633, 41.3853416443, 54.5149841309, 67.0187225342, 40.1858444214, -24.3414611816], [70.7386703491, 83.1856384277, 104.01738739, 12.1101789474, 73.0533752441, 65.0748672485, 116.047973633, 152.892105103, 82.0987167358, 66.5103912354, 32.9729118347, 23.7668495178, 9.49098300934], [-218.78314209, 87.1313705444, 3.38666367531, 37.8902244568, 61.664516449, 7.62070226669, 41.3853416443, 82.0987167358, 162.056228638, 70.0979309082, 43.5527420044, 2.18426346779, 65.6013031006], [72.7065505981, -53.8567581177, 38.1675643921, -16.3135166168, 18.2926368713, 35.205657959, 54.5149841309, 66.5103912354, 70.0979309082, 138.268463135, 63.982925415, 34.1982345581, -12.1845283508], [-103.995643616, 126.484741211, -14.2088012695, 9.99733161926, 38.5338935852, 42.8173446655, 67.0187225342, 32.9729118347, 43.5527420044, 63.982925415, 134.372756958, 49.6158561707, 31.919254303], [79.44921875, 25.7188949585, 74.6781005859, 8.81561088562, 36.343132019, 40.7097663879, 40.1858444214, 23.7668495178, 2.18426346779, 34.1982345581, 49.6158561707, 101.998321533, 29.297706604], [-270.021881104, 63.1784057617, -102.501754761, 44.4357452393, 56.8867797852, -14.4126262665, -24.3414611816, 9.49098300934, 65.6013031006, -12.1845283508, 31.919254303, 29.297706604, 173.254089355]],
        "icov": [[0.00137972715311, -0.000372887618141, 0.000435047870269, -0.00161408656277, 0.000516430533025, -0.00159265147522, 0.000750342558604, -0.00153625314124, 0.00271526910365, -0.00239681894891, 0.00241340417415, -0.00149251229595, 0.00145628722385], [-0.000372887618141, 0.00441755913198, -0.003509366652, 0.00311630940996, -0.00396932382137, 0.0037876337301, -0.0030549170915, 0.00216782116331, -0.00269950460643, 0.00664075044915, -0.00748575152829, 0.00407233834267, -0.00181746447925], [0.000435047870269, -0.003509366652, 0.00658633699641, -0.00582320522517, 0.00199611578137, -0.00343073834665, 0.00152827880811, -0.00285114580765, 0.00242013647221, -0.00576263712719, 0.00848183687776, -0.0067442166619, 0.00503420969471], [-0.00161408656277, 0.00311630940996, -0.00582320522517, 0.010558731854, -0.00329373474233, 0.00344909937121, -0.00311745028012, 0.00556085864082, -0.00578738190234, 0.00759751256555, -0.00841919332743, 0.00697067892179, -0.00608144607395], [0.000516430533025, -0.00396932382137, 0.00199611578137, -0.00329373474233, 0.00885978806764, -0.00516948709264, 0.00327776116319, -0.00322020053864, 0.00199738633819, -0.00532426685095, 0.00600655889139, -0.00336574786343, -9.23230109038e-05], [-0.00159265147522, 0.0037876337301, -0.00343073834665, 0.00344909937121, -0.00516948709264, 0.0140816019848, -0.00778504600748, 0.00316492212005, -0.00260098255239, 0.0061996569857, -0.00814769137651, 0.00382425822318, -0.00290084187873], [0.000750342558604, -0.0030549170915, 0.00152827880811, -0.00311745028012, 0.00327776116319, -0.00778504600748, 0.013985587284, -0.00850507244468, 0.002819692716, -0.00326107209548, 0.00135619298089, -0.0029255298432, 0.00364199536853], [-0.00153625314124, 0.00216782116331, -0.00285114580765, 0.00556085864082, -0.00322020053864, 0.00316492212005, -0.00850507244468, 0.0188046935946, -0.00962725188583, 0.00205431180075, -0.00248729949817, 0.00282324012369, -0.00343172089197], [0.00271526910365, -0.00269950460643, 0.00242013647221, -0.00578738190234, 0.00199738633819, -0.00260098255239, 0.002819692716, -0.00962725188583, 0.0212655197829, -0.0140927033499, 0.00673730159178, 0.000366281165043, -0.00216258433647], [-0.00239681894891, 0.00664075044915, -0.00576263712719, 0.00759751256555, -0.00532426685095, 0.0061996569857, -0.00326107209548, 0.00205431180075, -0.0140927033499, 0.0278946850449, -0.0188765637577, 0.00403739279136, 0.000271004944807], [0.00241340417415, -0.00748575152829, 0.00848183687776, -0.00841919332743, 0.00600655889139, -0.00814769137651, 0.00135619298089, -0.00248729949817, 0.00673730159178, -0.0188765637577, 0.0295351333916, -0.0137496031821, 0.00435046572238], [-0.00149251229595, 0.00407233834267, -0.0067442166619, 0.00697067892179, -0.00336574786343, 0.00382425822318, -0.0029255298432, 0.00282324012369, 0.000366281165043, 0.00403739279136, -0.0137496031821, 0.0226063132286, -0.00987584143877], [0.00145628722385, -0.00181746447925, 0.00503420969471, -0.00608144607395, -9.23230109038e-05, -0.00290084187873, 0.00364199536853, -0.00343172089197, -0.00216258433647, 0.000271004944807, 0.00435046572238, -0.00987584143877, 0.0154375247657]]
    },
    "melbands": {
        "dmean": [0.00136935291812, 0.00161916390061, 0.00097173510585, 0.000491771148518, 0.000316150923027, 0.000245096132858, 0.000156869587954, 0.000184461387107, 0.000201220740564, 0.000193510699319, 0.000108635285869, 7.03057739884e-05, 6.16404940956e-05, 4.17092742282e-05, 0.000110686967673, 5.66960807191e-05, 5.75498233957e-05, 3.41555969499e-05, 4.69006772619e-05, 4.21873664891e-05, 3.63944454875e-05, 4.15809590777e-05, 2.77092331089e-05, 1.54411372932e-05, 8.30149383546e-06, 8.97654717846e-06, 9.99902840704e-06, 6.67492531647e-06, 4.28175690104e-06, 3.21047764373e-06, 2.89487434202e-06, 3.12004885927e-06, 3.15018064612e-06, 1.99646410692e-06, 1.47720186305e-06, 1.29878708321e-06, 1.20428649097e-06, 1.11410236059e-06, 9.67751589087e-07, 6.46397381843e-07],
        "dmean2": [0.0015850730706, 0.00249000289477, 0.00161679740995, 0.000771293358412, 0.00050099811051, 0.000388501677662, 0.000257472711382, 0.000286313006654, 0.000304533488816, 0.000303860200802, 0.000178250731551, 0.000119741103845, 0.000104519691376, 7.03420082573e-05, 0.00018771874602, 9.70600813162e-05, 9.87610983429e-05, 5.33761631232e-05, 7.54539069021e-05, 6.95365379215e-05, 5.90200870647e-05, 6.75604969729e-05, 4.40747644461e-05, 2.53493617492e-05, 1.31073065859e-05, 1.48252702274e-05, 1.60688105098e-05, 1.05374492705e-05, 6.89428452461e-06, 4.90506590722e-06, 4.35264382759e-06, 4.73559475722e-06, 4.65793391413e-06, 2.84766224468e-06, 2.00935869543e-06, 1.79514393039e-06, 1.75801812929e-06, 1.67276607499e-06, 1.38610334943e-06, 9.49944990225e-07],
        "dvar": [5.53971904083e-06, 1.22842266137e-05, 3.9775127334e-06, 6.00650764682e-07, 2.27854386026e-07, 1.40130040904e-07, 5.51049161857e-08, 7.23016455595e-08, 1.03554178565e-07, 1.10519913221e-07, 1.03729384193e-07, 2.19239257859e-08, 2.3023881468e-08, 1.37777877995e-08, 8.88616042971e-08, 2.20744649226e-08, 2.68777053947e-08, 5.33126387481e-09, 1.49975409869e-08, 8.29639557054e-09, 4.76407358008e-09, 3.32587712926e-09, 1.24177457206e-09, 6.79516054536e-10, 1.29377022984e-10, 2.16568193934e-10, 2.07675959762e-10, 1.33024535831e-10, 3.77343191416e-11, 2.21544085161e-11, 2.00416228752e-11, 2.2368962585e-11, 2.54257986193e-11, 9.18879035361e-12, 6.65812630724e-12, 4.19487361514e-12, 3.47300725505e-12, 2.9252468503e-12, 2.0680458214e-12, 1.07926330633e-12],
        "dvar2": [8.40060783958e-06, 2.35727620748e-05, 1.03378270069e-05, 1.42426756611e-06, 6.11936400219e-07, 3.26964595843e-07, 1.25528458739e-07, 1.54579524292e-07, 2.12412317069e-07, 2.82983364741e-07, 2.5190141173e-07, 5.8204303599e-08, 5.99413993996e-08, 3.3535840771e-08, 2.4635650675e-07, 6.72342252983e-08, 7.51062998461e-08, 1.08438280577e-08, 3.60013281409e-08, 2.34359642803e-08, 1.22428867044e-08, 8.88169449098e-09, 2.90052160068e-09, 1.76430370313e-09, 2.94337304529e-10, 5.4334498012e-10, 5.38325051203e-10, 3.27699173353e-10, 8.83211628833e-11, 4.90447647772e-11, 4.23962566443e-11, 4.27926860613e-11, 4.76766855162e-11, 1.76650413047e-11, 9.99556427211e-12, 6.09822825917e-12, 7.35889214148e-12, 6.60193254232e-12, 4.13695813717e-12, 2.15665853232e-12],
        "max": [0.0244621187449, 0.0315751731396, 0.0160848237574, 0.00859952811152, 0.00606829905882, 0.00677014607936, 0.00232619023882, 0.00369781907648, 0.00430298596621, 0.00450337957591, 0.00367489038035, 0.0016669165343, 0.00228586606681, 0.00159655197058, 0.00374414143153, 0.00157227658201, 0.00186942855362, 0.00157155806664, 0.00162655161694, 0.00161235861015, 0.00139480247162, 0.000908095389605, 0.000537993968464, 0.000225651310757, 0.000107121239125, 0.000147003884194, 0.000129180698423, 0.000210179641726, 4.5240878535e-05, 4.0169859858e-05, 7.54402062739e-05, 0.000109589716885, 0.000129805834149, 5.17848675372e-05, 8.31809229567e-05, 5.27933407284e-05, 1.27087205328e-05, 1.26091554193e-05, 1.83571100933e-05, 1.63925833476e-05],
        "mean": [0.00278162118047, 0.00265913130715, 0.00146974285599, 0.000952751433942, 0.000565417751204, 0.000445768149802, 0.000261030334514, 0.000394395901822, 0.000332863681251, 0.000329311937094, 0.00012498581782, 8.87637943379e-05, 7.60611292208e-05, 5.15103420184e-05, 0.000130314554553, 7.73369974922e-05, 6.83384059812e-05, 5.76356687816e-05, 6.63358077873e-05, 6.80556331645e-05, 6.17905607214e-05, 7.86700693425e-05, 4.96544780617e-05, 2.12705126614e-05, 1.26504319269e-05, 1.20534186863e-05, 1.43762181324e-05, 9.01967268874e-06, 5.99347458774e-06, 4.40004350821e-06, 4.01847455578e-06, 4.62933894596e-06, 4.68267171527e-06, 2.82709902422e-06, 2.16480384552e-06, 1.94188987734e-06, 1.55406564772e-06, 1.50667062826e-06, 1.6055736296e-06, 9.51999481913e-07],
        "median": [0.000256567378528, 0.0010873345891, 0.000700852018781, 0.000430164567661, 0.000385914550861, 0.000252529804129, 0.000121686454804, 0.000201531103812, 0.000189179831068, 0.000147256359924, 3.52348251909e-05, 2.78188526863e-05, 3.08886519633e-05, 2.28695553233e-05, 4.16281800426e-05, 2.48271753662e-05, 2.5698727768e-05, 2.43487374973e-05, 2.47492171184e-05, 2.24279319809e-05, 3.04685363517e-05, 4.8980313295e-05, 3.67663087673e-05, 1.28013534777e-05, 8.21003686724e-06, 6.92758021614e-06, 7.99142799224e-06, 4.48806304121e-06, 3.63275285054e-06, 2.1742221179e-06, 1.87881130387e-06, 2.24315999731e-06, 2.47623142968e-06, 1.23888071357e-06, 8.62342744767e-07, 8.2261760781e-07, 5.79632228437e-07, 6.02210263878e-07, 7.70462634136e-07, 4.00654954547e-07],
        "min": [3.28406990491e-09, 9.23268572706e-09, 2.01640197872e-08, 3.55918778894e-08, 3.72920294467e-06, 1.55093289322e-06, 2.72576130556e-08, 1.28795036858e-07, 8.79161234479e-07, 4.7935202474e-07, 7.05228586639e-08, 8.26681159083e-08, 2.99349267152e-07, 3.0861480127e-07, 4.0398595047e-07, 3.48180606125e-07, 2.37391844848e-07, 3.24182565237e-07, 8.59310716805e-07, 1.18011666927e-06, 8.43584302856e-07, 6.56963720758e-07, 1.22778089917e-06, 5.54610494419e-07, 2.71656944051e-07, 1.03281251995e-07, 6.77369982327e-08, 4.85705093922e-08, 1.40590170616e-08, 1.24323262796e-08, 9.77671721358e-09, 1.60708850672e-08, 8.33836644176e-09, 7.73481190208e-09, 5.03588770684e-09, 1.29038344454e-08, 4.16889989197e-09, 1.52999757308e-09, 3.31536265108e-09, 7.24068645753e-13],
