{
"highlevel": {
    "danceability": {
        "all": {
            "danceable": 0.91313380003,
            "not_danceable": 0.0868661701679
        },
        "probability": 0.91313380003,
        "value": "danceable"
    },
    "gender": {
        "all": {
            "female": 0.168264463544,
            "male": 0.831735551357
        },
        "probability": 0.831735551357,
        "value": "male"
    },
    "genre_dortmund": {
        "all": {
            "alternative": 0.050388738513,
            "blues": 0.319606602192,
            "electronic": 0.0617614127696,
            "folkcountry": 0.129679709673,
            "funksoulrnb": 0.0361844711006,
            "jazz": 0.223751887679,
            "pop": 0.0396895781159,
            "raphiphop": 0.0211596004665,
            "rock": 0.117778010666
        },
        "probability": 0.319606602192,
        "value": "blues"
    },
    "genre_electronic": {
        "all": {
            "ambient": 0.184693172574,
            "dnb": 0.188080102205,
            "house": 0.484160333872,
            "techno": 0.0192324630916,
            "trance": 0.123833939433
        },
        "probability": 0.484160333872,
        "value": "house"
    },
    "genre_rosamerica": {
        "all": {
            "cla": 0.00952111463994,
            "dan": 0.123109661043,
            "hip": 0.0926091000438,
            "jaz": 0.0321802161634,
            "pop": 0.480522125959,
            "rhy": 0.160883322358,
            "roc": 0.0936466827989,
            "spe": 0.00752776069567
        },
        "probability": 0.480522125959,
        "value": "pop"
    },
    "genre_tzanetakis": {
        "all": {
            "blu": 0.0626613423228,
            "cla": 0.0348169617355,
            "cou": 0.104475811124,
            "dis": 0.0784321576357,
            "hip": 0.15692435205,
            "jaz": 0.313974827528,
            "met": 0.0448166541755,
            "pop": 0.0627359300852,
            "reg": 0.0627360641956,
            "roc": 0.0784258767962
        },
        "probability": 0.313974827528,
        "value": "jaz"
    },
    "ismir04_rhythm": {
        "all": {
            "ChaChaCha": 0.701865077019,
            "Jive": 0.100075088441,
            "Quickstep": 0.00994145870209,
            "Rumba-American": 0.0207453463227,
            "Rumba-International": 0.0297452975065,
            "Rumba-Misc": 0.0031590454746,
            "Samba": 0.0937246009707,
            "Tango": 0.0138502456248,
            "VienneseWaltz": 0.024051129818,
            "Waltz": 0.00284272967838
        },
        "probability": 0.701865077019,
        "value": "ChaChaCha"
    },
    "mood_acoustic": {
        "all": {
            "acoustic": 0.0909858718514,
            "not_acoustic": 0.909014105797
        },
        "probability": 0.909014105797,
        "value": "not_acoustic"
    },
    "mood_aggressive": {
        "all": {
            "aggressive": 0.159540399909,
            "not_aggressive": 0.84045958519
        },
        "probability": 0.84045958519,
        "value": "not_aggressive"
    },
    "mood_electronic": {
        "all": {
            "electronic": 0.816194176674,
            "not_electronic": 0.183805823326
        },
        "probability": 0.816194176674,
        "value": "electronic"
    },
    "mood_happy": {
        "all": {
            "happy": 0.433682382107,
            "not_happy": 0.566317617893
        },
        "probability": 0.566317617893,
        "value": "not_happy"
    },
    "mood_party": {
        "all": {
            "not_party": 0.306905537844,
            "party": 0.693094491959
        },
        "probability": 0.693094491959,
        "value": "party"
    },
    "mood_relaxed": {
        "all": {
            "not_relaxed": 0.873517274857,
            "relaxed": 0.126482725143
        },
        "probability": 0.873517274857,
        "value": "not_relaxed"
    },
    "mood_sad": {
        "all": {
            "not_sad": 0.726597607136,
            "sad": 0.273402363062
        },
        "probability": 0.726597607136,
        "value": "not_sad"
    },
    "moods_mirex": {
        "all": {
            "Cluster1": 0.264049857855,
            "Cluster2": 0.214581102133,
            "Cluster3": 0.145105391741,
            "Cluster4": 0.209722056985,
            "Cluster5": 0.166541591287
        },
        "probability": 0.264049857855,
        "value": "Cluster1"
    },
    "timbre": {
        "all": {
            "bright": 0.999984562397,
            "dark": 1.54658791871e-05
        },
        "probability": 0.999984562397,
        "value": "bright"
    },
    "tonal_atonal": {
        "all": {
            "atonal": 0.0203312523663,
            "tonal": 0.979668736458
        },
        "probability": 0.979668736458,
        "value": "tonal"
    },
    "voice_instrumental": {
        "all": {
            "instrumental": 0.0251904763281,
            "voice": 0.974809527397
        },
        "probability": 0.974809527397,
        "value": "voice"
    }
},
"lowlevel": {
    "average_loudness": 0.962849378586,
    "barkbands_crest": {
        "dmean": 3.24730467796,
        "dmean2": 5.11596870422,
        "dvar": 8.33224391937,
        "dvar2": 19.8005256653,
        "max": 25.4340190887,
        "mean": 10.7491550446,
        "median": 10.025932312,
        "min": 2.63198184967,
        "var": 22.8564090729
    },
    "barkbands_flatness_db": {
        "dmean": 0.0318530127406,
        "dmean2": 0.0451508723199,
        "dvar": 0.000830161501653,
        "dvar2": 0.00153056241106,
        "max": 0.363270610571,
        "mean": 0.147326081991,
        "median": 0.140236869454,
        "min": 0.0378676876426,
        "var": 0.00309915607795
    },
    "barkbands_kurtosis": {
        "dmean": 4.53367376328,
        "dmean2": 6.9860200882,
        "dvar": 59.5447998047,
        "dvar2": 131.056640625,
        "max": 89.2019500732,
        "mean": 5.18834495544,
        "median": 0.843777656555,
        "min": -1.93177914619,
        "var": 124.172599792
    },
    "barkbands_skewness": {
        "dmean": 0.803238689899,
        "dmean2": 1.20117485523,
        "dvar": 0.650780975819,
        "dvar2": 1.38179063797,
        "max": 8.46858596802,
        "mean": 1.64348936081,
        "median": 1.33907306194,
        "min": -1.80779635906,
        "var": 2.35221648216
    },
    "barkbands_spread": {
        "dmean": 10.6072387695,
        "dmean2": 16.371837616,
        "dvar": 136.427947998,
        "dvar2": 324.925506592,
        "max": 107.255844116,
        "mean": 28.3422870636,
        "median": 26.6207504272,
        "min": 1.05829250813,
        "var": 276.95098877
    },
    "dissonance": {
        "dmean": 0.0176689550281,
        "dmean2": 0.02951692231,
        "dvar": 0.000322526029777,
        "dvar2": 0.000914959760848,
        "max": 0.499928861856,
        "mean": 0.46580812335,
        "median": 0.47084441781,
        "min": 0.304163634777,
        "var": 0.000579674670007
    },
    "dynamic_complexity": 2.43530154228,
    "erbbands_crest": {
        "dmean": 2.73645496368,
        "dmean2": 4.51029491425,
        "dvar": 7.2839550972,
        "dvar2": 19.1042366028,
        "max": 27.2813682556,
        "mean": 7.95947980881,
        "median": 6.87196016312,
        "min": 2.44579792023,
        "var": 15.1820077896
    },
    "erbbands_flatness_db": {
        "dmean": 0.0240091010928,
        "dmean2": 0.0358518660069,
        "dvar": 0.000483460287796,
        "dvar2": 0.000999133335426,
        "max": 0.258064001799,
        "mean": 0.147808104753,
        "median": 0.14502812922,
        "min": 0.0732676610351,
        "var": 0.00132612464949
    },
    "erbbands_kurtosis": {
        "dmean": 0.886124551296,
        "dmean2": 1.40785002708,
        "dvar": 1.4930536747,
        "dvar2": 3.63854241371,
        "max": 24.0317611694,
        "mean": 0.0132914464921,
        "median": -0.374891996384,
        "min": -1.78930866718,
        "var": 2.47535037994
    },
    "erbbands_skewness": {
        "dmean": 0.45939424634,
        "dmean2": 0.712840199471,
        "dvar": 0.210474610329,
        "dvar2": 0.539035022259,
        "max": 2.96203327179,
        "mean": -0.0322642177343,
        "median": -0.124229371548,
        "min": -3.27921247482,
        "var": 0.522397041321
    },
    "erbbands_spread": {
        "dmean": 13.389588356,
        "dmean2": 20.7250747681,
        "dvar": 203.491149902,
        "dvar2": 478.058807373,
        "max": 163.616897583,
        "mean": 47.9178504944,
        "median": 43.8704490662,
        "min": 6.09844350815,
        "var": 487.696838379
    },
    "hfc": {
        "dmean": 12.4569778442,
        "dmean2": 18.7471942902,
        "dvar": 228.614303589,
        "dvar2": 481.365936279,
        "max": 201.710952759,
        "mean": 25.6977081299,
        "median": 19.0847625732,
        "min": 0.172829866409,
        "var": 521.9140625
    },
    "melbands_crest": {
        "dmean": 3.90830516815,
        "dmean2": 6.28103017807,
        "dvar": 11.2669725418,
        "dvar2": 27.534532547,
        "max": 32.2307319641,
        "mean": 16.0014152527,
        "median": 15.7753553391,
        "min": 3.15364527702,
        "var": 33.5627403259
    },
    "melbands_flatness_db": {
        "dmean": 0.0400831960142,
        "dmean2": 0.0557578802109,
        "dvar": 0.0013347226195,
        "dvar2": 0.00245038815774,
        "max": 0.469196468592,
        "mean": 0.189912632108,
        "median": 0.184713691473,
        "min": 0.0332079939544,
        "var": 0.00629720790312
    },
    "melbands_kurtosis": {
        "dmean": 12.1684942245,
        "dmean2": 18.9496898651,
        "dvar": 374.593994141,
        "dvar2": 744.972351074,
        "max": 444.237823486,
        "mean": 19.8248310089,
        "median": 9.06969833374,
        "min": -1.53864920139,
        "var": 1009.91723633
    },
    "melbands_skewness": {
        "dmean": 1.09153795242,
        "dmean2": 1.65289199352,
        "dvar": 1.21740293503,
        "dvar2": 2.66618967056,
        "max": 15.8013925552,
        "mean": 3.21556949615,
        "median": 2.86859416962,
        "min": -0.226691246033,
        "var": 4.38149785995
    },
    "melbands_spread": {
        "dmean": 12.6493244171,
        "dmean2": 19.3098258972,
        "dvar": 257.096588135,
        "dvar2": 592.276550293,
        "max": 242.775100708,
        "mean": 30.1175022125,
        "median": 23.6738948822,
        "min": 0.89404374361,
        "var": 654.695983887
    },
    "pitch_salience": {
        "dmean": 0.0874511748552,
        "dmean2": 0.137272834778,
        "dvar": 0.00521750049666,
        "dvar2": 0.0124875707552,
        "max": 0.848779082298,
        "mean": 0.495224684477,
        "median": 0.49968418479,
        "min": 0.0935918390751,
        "var": 0.0151867140085
    },
    "silence_rate_20dB": {
        "dmean": 0,
        "dmean2": 0,
        "dvar": 0,
        "dvar2": 0,
        "max": 1,
        "mean": 1,
        "median": 1,
        "min": 1,
        "var": 0
    },
    "silence_rate_30dB": {
        "dmean": 0,
        "dmean2": 0,
        "dvar": 0,
        "dvar2": 0,
        "max": 1,
        "mean": 1,
        "median": 1,
        "min": 1,
        "var": 0
    },
    "silence_rate_60dB": {
        "dmean": 0.0495356023312,
        "dmean2": 0.0991479456425,
        "dvar": 0.0470813214779,
        "dvar2": 0.131144076586,
        "max": 1,
        "mean": 0.0286156218499,
        "median": 0,
        "min": 0,
        "var": 0.0277969297022
    },
    "spectral_centroid": {
        "dmean": 392.617584229,
        "dmean2": 595.352661133,
        "dvar": 168193.46875,
        "dvar2": 380950.59375,
        "max": 4596.00341797,
        "mean": 1599.86633301,
        "median": 1546.35559082,
        "min": 199.79524231,
        "var": 596628.8125
    },
    "spectral_complexity": {
        "dmean": 5.57972145081,
        "dmean2": 8.09682369232,
        "dvar": 37.351890564,
        "dvar2": 75.3547058105,
        "max": 47,
        "mean": 16.6473312378,
        "median": 16,
        "min": 0,
        "var": 88.8748092651
    },
    "spectral_decrease": {
        "dmean": 2.62213895041e-09,
        "dmean2": 3.97183219647e-09,
        "dvar": 8.13091824206e-18,
        "dvar2": 1.66484838635e-17,
        "max": -5.46826611769e-11,
        "mean": -6.58515331153e-09,
        "median": -5.65286972787e-09,
        "min": -2.59642973788e-08,
        "var": 2.08725726514e-17
    },
    "spectral_energy": {
        "dmean": 0.0106635568663,
        "dmean2": 0.0161803010851,
        "dvar": 0.000130404165247,
        "dvar2": 0.000261720095295,
        "max": 0.0993929952383,
        "mean": 0.0271847490221,
        "median": 0.0236062463373,
        "min": 0.000249464996159,
        "var": 0.000332894647727
    },
    "spectral_energyband_high": {
        "dmean": 0.00112817599438,
        "dmean2": 0.00177760096267,
        "dvar": 2.50319294537e-06,
        "dvar2": 5.68882069274e-06,
        "max": 0.0221081431955,
        "mean": 0.00163316854741,
        "median": 0.000644354324322,
        "min": 7.78365745191e-07,
        "var": 4.41154179498e-06
    },
    "spectral_energyband_low": {
        "dmean": 0.005468161311,
        "dmean2": 0.00817535165697,
        "dvar": 4.82760733576e-05,
        "dvar2": 0.000116591414553,
        "max": 0.093841329217,
        "mean": 0.0110908336937,
        "median": 0.00855833943933,
        "min": 2.33444006881e-06,
        "var": 0.000130597356474
    },
    "spectral_energyband_middle_high": {
        "dmean": 0.00256900908425,
        "dmean2": 0.00385116925463,
        "dvar": 1.05965127659e-05,
        "dvar2": 2.29173620028e-05,
        "max": 0.0388937853277,
        "mean": 0.00552911683917,
        "median": 0.00386511068791,
        "min": 3.26715817209e-05,
        "var": 2.92335462291e-05
    },
    "spectral_energyband_middle_low": {
        "dmean": 0.00552951637655,
        "dmean2": 0.00856286659837,
        "dvar": 6.47083797958e-05,
        "dvar2": 0.000153675020556,
        "max": 0.0788489356637,
        "mean": 0.00999524910003,
        "median": 0.00637406343594,
        "min": 6.04143315286e-05,
        "var": 0.000105163351691
    },
    "spectral_entropy": {
        "dmean": 0.298199594021,
        "dmean2": 0.419213056564,
        "dvar": 0.0701832026243,
        "dvar2": 0.146911621094,
        "max": 8.74658107758,
        "mean": 7.56135129929,
        "median": 7.5782084465,
        "min": 5.95773983002,
        "var": 0.195220917463
    },
    "spectral_flux": {
        "dmean": 0.0300731509924,
        "dmean2": 0.0474191643298,
        "dvar": 0.000832898949739,
        "dvar2": 0.00179401948117,
        "max": 0.240793585777,
        "mean": 0.0923863723874,
        "median": 0.0854742601514,
        "min": 0.0129860714078,
        "var": 0.00171092653181
    },
    "spectral_kurtosis": {
        "dmean": 1.7524753809,
        "dmean2": 2.82834863663,
        "dvar": 3.65741825104,
        "dvar2": 9.49544429779,
        "max": 21.1227817535,
        "mean": 3.09900426865,
        "median": 2.45677566528,
        "min": -0.983368396759,
        "var": 6.20011281967
    },
    "spectral_rms": {
        "dmean": 0.00106890371535,
        "dmean2": 0.00155831966549,
        "dvar": 1.06199786387e-06,
        "dvar2": 1.98238603843e-06,
        "max": 0.00984727218747,
        "mean": 0.00482668494806,
        "median": 0.00479900883511,
        "min": 0.000493336061481,
        "var": 3.22480309478e-06
    },
    "spectral_rolloff": {
        "dmean": 1013.24353027,
        "dmean2": 1679.82275391,
        "dvar": 2218319.25,
        "dvar2": 5183207.5,
        "max": 12230.859375,
        "mean": 2005.18579102,
        "median": 1442.72460938,
        "min": 64.599609375,
        "var": 3897784
    },
    "spectral_skewness": {
        "dmean": 0.273150056601,
        "dmean2": 0.427222698927,
        "dvar": 0.0707579776645,
        "dvar2": 0.169933691621,
        "max": 3.26160860062,
        "mean": 1.2644598484,
        "median": 1.16581904888,
        "min": 0.015796136111,
        "var": 0.179614663124
    },
    "spectral_spread": {
        "dmean": 1035435.3125,
        "dmean2": 1505379.875,
        "dvar": 1.21725111501e+12,
        "dvar2": 2.63455689933e+12,
        "max": 13569328,
        "mean": 4958970.5,
        "median": 4485352.5,
        "min": 2440905.5,
        "var": 2.83102727373e+12
    },
    "spectral_strongpeak": {
        "dmean": 0.483784645796,
        "dmean2": 0.812882781029,
        "dvar": 0.871914327145,
        "dvar2": 2.03411984444,
        "max": 10.2609777451,
        "mean": 0.789839327335,
        "median": 0.373541176319,
        "min": 0.0215034577996,
        "var": 1.4003739357
    },
    "zerocrossingrate": {
        "dmean": 0.0183128137141,
        "dmean2": 0.0217631235719,
        "dvar": 0.000365847197827,
        "dvar2": 0.000521708163433,
        "max": 0.38720703125,
        "mean": 0.0671139359474,
        "median": 0.0595703125,
        "min": 0.0048828125,
        "var": 0.00183369521983
    },
    "barkbands": {
        "dmean": [5.5851189245e-05, 0.00316413375549, 0.00307619990781, 0.00129330041818, 0.00365632493049, 0.000758844311349, 0.000278673513094, 0.000487149402034, 0.000511438469402, 0.000436545204138, 0.000394076021621, 0.000399223063141, 0.000375281902961, 0.000406058999943, 0.000375285482733, 0.000364183972124, 0.000316756078973, 0.000362811959349, 0.000258607702563, 0.000280837499304, 0.000186558449059, 0.000226315722102, 0.000272562727332, 0.000287942035357, 0.000115064751299, 4.44369470642e-05, 1.37454648552e-07],
        "dmean2": [7.2962626291e-05, 0.00465706642717, 0.00488835340366, 0.00217818794772, 0.00593348918483, 0.00117161986418, 0.000446761609055, 0.000729526800569, 0.000759361486416, 0.000741563097108, 0.00065119471401, 0.000623457308393, 0.00057774578454, 0.000630945491139, 0.00058448757045, 0.00055333529599, 0.000505671254359, 0.000573813158553, 0.000402599602239, 0.000429328851169, 0.000288413430098, 0.000354503368726, 0.000444281235104, 0.000471564097097, 0.000187601224752, 7.49379760236e-05, 2.43753675022e-07],
        "dvar": [6.52602638596e-09, 1.87069581443e-05, 2.39920573222e-05, 4.80728340335e-06, 4.56280613435e-05, 1.46571051118e-06, 2.61937316282e-07, 1.82289693385e-06, 2.62209255197e-06, 1.33399589686e-06, 8.875379649e-07, 1.215987254e-06, 7.12439657491e-07, 5.92367825902e-07, 8.70417636634e-07, 7.25148936453e-07, 2.84744402279e-07, 3.4425070794e-07, 2.08302694205e-07, 1.70911732766e-07, 7.09751191152e-08, 1.04595741846e-07, 1.74700588218e-07, 3.15819391972e-07, 4.7160376937e-08, 8.05407296411e-09, 1.3001631835e-13],
        "dvar2": [1.15184146665e-08, 4.28811363236e-05, 5.63160028832e-05, 1.24826729007e-05, 0.00011257789447, 3.3563260331e-06, 6.48421860205e-07, 3.9691872189e-06, 7.04717740518e-06, 3.69372514797e-06, 2.38509778683e-06, 3.04291438624e-06, 1.61016839684e-06, 1.36644644044e-06, 2.00681370188e-06, 1.51493452449e-06, 6.58967621803e-07, 8.1746674141e-07, 4.47642975132e-07, 3.61819928685e-07, 1.61351152883e-07, 2.30915063071e-07, 4.42040800408e-07, 7.03655928191e-07, 9.7582891101e-08, 1.62872009213e-08, 3.48751247065e-13],
        "max": [0.000657141150441, 0.0418801009655, 0.050036791712, 0.0252135917544, 0.0630189180374, 0.0147140426561, 0.0115180434659, 0.0249459072948, 0.0353233665228, 0.021508730948, 0.0111917741597, 0.0174901112914, 0.0146304713562, 0.00854144617915, 0.0192824658006, 0.0171684864908, 0.00725357839838, 0.00689135026187, 0.00678965914994, 0.00608957186341, 0.00265740905888, 0.00333565333858, 0.00316587206908, 0.0134131796658, 0.00412986800075, 0.00172762328293, 4.33360628449e-06],
        "mean": [8.1273043179e-05, 0.00561938341707, 0.00443858932704, 0.00149758369662, 0.00496564945206, 0.00114417402074, 0.000438259274233, 0.000923485145904, 0.000821480993181, 0.00053110421868, 0.000472094048746, 0.000601918087341, 0.000532602833118, 0.000538708234672, 0.00058315997012, 0.000615802651737, 0.000512413389515, 0.000547525996808, 0.000422716140747, 0.000501144910231, 0.000304038956529, 0.000350687128957, 0.000287648523226, 0.000288633920718, 0.000119940807053, 4.46246413048e-05, 1.14280794605e-07],
        "median": [1.05251519926e-05, 0.00234984583221, 0.00171399326064, 0.000597388134338, 0.00193991290871, 0.000603021297138, 0.000216844986426, 0.000154946450493, 0.000149245941429, 0.00012219362543, 0.000143314318848, 0.000163382908795, 0.000149504674482, 0.000141036900459, 0.000187806479516, 0.000192010600585, 0.000190312202903, 0.000196883440367, 0.000157264294103, 0.000188833364518, 0.000106754472654, 0.000129674212076, 9.02086030692e-05, 7.86535601947e-05, 3.13589807774e-05, 1.07549531094e-05, 1.76281400588e-09],
        "min": [3.33605520986e-09, 6.16080569671e-07, 1.79969745773e-07, 1.65789543871e-07, 8.73366025189e-06, 1.06355469143e-06, 7.10532958692e-07, 3.17535238992e-07, 6.3311199483e-07, 3.2292749097e-07, 2.2856640669e-07, 1.18958541862e-06, 7.32627540856e-07, 6.79605079767e-07, 5.88229568166e-07, 2.00438353204e-06, 1.33618573273e-06, 1.22848928186e-06, 3.67212720676e-07, 1.3032138213e-06, 1.45420614217e-07, 2.65215845729e-07, 1.23164582533e-07, 4.14881746735e-08, 7.94884470745e-12, 5.83576980143e-12, 6.68304777837e-12],
        "var": [1.67201115175e-08, 4.57630449091e-05, 4.06616927648e-05, 5.29630960955e-06, 6.30669019301e-05, 2.19330831897e-06, 4.3973341235e-07, 5.65883374293e-06, 4.799018825e-06, 1.4476272554e-06, 8.85062945599e-07, 2.4071525786e-06, 1.04706623461e-06, 8.97901486496e-07, 1.73255602931e-06, 1.86324984952e-06, 6.20433695531e-07, 6.78895901274e-07, 4.50488983006e-07, 4.85754299007e-07, 1.7517547235e-07, 2.17484284804e-07, 1.79499480168e-07, 4.29445037753e-07, 9.08052655291e-08, 1.65870392976e-08, 1.13314238093e-13]
    },
    "erbbands": {
        "dmean": [0.0813984572887, 0.786170721054, 3.06300234795, 4.07034540176, 6.27303123474, 15.606215477, 11.9389123917, 4.93461847305, 4.50680494308, 4.62908697128, 13.7674026489, 11.3851070404, 10.1983604431, 16.2079315186, 14.5304574966, 16.5464859009, 16.6110916138, 22.8376197815, 16.4694881439, 21.3870601654, 17.6275196075, 14.669377327, 17.7490272522, 16.2383785248, 13.3660488129, 12.1140956879, 9.02354621887, 6.9597454071, 7.88875198364, 8.13734340668, 8.15003013611, 7.00614833832, 3.97709012032, 1.6785826683, 0.674137175083, 0.251055181026, 0.0773152038455, 0.00603956123814, 0.00013554043835, 2.04126699828e-05],
        "dmean2": [0.102166496217, 1.22347593307, 4.83455467224, 6.4892745018, 10.1103305817, 26.3408145905, 19.249382019, 7.53779840469, 6.86887836456, 7.34644460678, 20.3296012878, 17.2237052917, 16.0211143494, 27.7201271057, 23.7198638916, 25.1389026642, 25.295091629, 34.7656021118, 25.9430217743, 32.1232299805, 27.4280872345, 23.0258560181, 28.4207286835, 25.3238620758, 19.5883140564, 18.5142173767, 14.1552743912, 10.7715167999, 12.4029827118, 13.1069288254, 13.2903242111, 11.5581827164, 6.51876354218, 2.73775458336, 1.10510134697, 0.420962274075, 0.131086543202, 0.0107188196853, 0.000231355748838, 3.16662844853e-05],
        "dvar": [0.0144536839798, 1.23903393745, 24.1796913147, 36.02891922, 140.396087646, 985.666809082, 488.827819824, 76.9053192139, 65.4184112549, 118.645294189, 1648.71154785, 1681.4934082, 403.519683838, 2646.91503906, 1092.73205566, 2043.64050293, 1527.14111328, 1554.81616211, 1203.34521484, 3057.89208984, 813.502624512, 495.93850708, 1056.24389648, 1066.44848633, 484.336883545, 315.59753418, 178.320404053, 100.463485718, 140.010162354, 123.706222534, 160.388000488, 154.274856567, 79.0412063599, 10.6560516357, 1.54378795624, 0.310168206692, 0.021507024765, 0.00015069435176, 5.99181220196e-08, 5.64978341888e-10],
        "dvar2": [0.0213815513998, 3.03541135788, 57.6182632446, 87.510269165, 303.027374268, 2670.53051758, 1216.70056152, 183.565490723, 148.949234009, 298.765197754, 3571.17236328, 4588.86962891, 997.329711914, 7323.99755859, 2727.78979492, 4838.20947266, 3336.67041016, 3533.38354492, 2846.01147461, 6787.85205078, 1674.90710449, 1104.35498047, 2522.95092773, 2473.25341797, 954.91003418, 675.823669434, 406.452667236, 227.197891235, 323.199523926, 295.225708008, 405.509399414, 364.072143555, 177.588500977, 22.1181201935, 3.54360103607, 0.620932817459, 0.0479306131601, 0.000400921213441, 1.50612606831e-07, 1.24025545389e-09],
        "max": [0.965531170368, 11.238817215, 55.6457252502, 52.4271240234, 108.460426331, 287.151855469, 196.441680908, 146.523788452, 166.501983643, 216.507049561, 678.366882324, 1059.4666748, 380.370635986, 968.277954102, 531.391479492, 906.425292969, 809.395935059, 433.912780762, 509.712005615, 1046.14953613, 472.460357666, 334.006988525, 464.49331665, 486.534851074, 440.343811035, 255.912231445, 112.373176575, 115.344543457, 164.065490723, 86.9682235718, 109.51184845, 199.678085327, 238.865493774, 68.8121261597, 21.8052883148, 11.681640625, 2.71016955376, 0.157936498523, 0.00328747183084, 0.000318488251651],
        "mean": [0.143572300673, 1.34572160244, 4.68715000153, 5.72303438187, 8.33866596222, 18.3851222992, 17.1793003082, 7.75392436981, 7.49817895889, 8.1528673172, 25.6231956482, 18.372674942, 16.3503017426, 17.9560089111, 19.9523925781, 26.404794693, 24.8948917389, 32.8063468933, 25.1694526672, 36.1836624146, 30.4830665588, 26.876996994, 28.7902259827, 25.436340332, 24.57188797, 21.3336429596, 14.7420940399, 11.608458519, 11.8911132812, 10.9054279327, 8.65901565552, 6.90069961548, 4.02146911621, 1.7111954689, 0.704827189445, 0.265334963799, 0.0724832862616, 0.00493048503995, 0.000137492621434, 4.2797124479e-05],
        "median": [0.0324336625636, 0.682209074497, 1.88873195648, 2.33225059509, 2.9472079277, 6.23285484314, 6.59101343155, 4.19789934158, 3.53338861465, 3.32702612877, 4.00921487808, 4.04735469818, 4.98084259033, 4.27327632904, 6.76211357117, 8.52848148346, 9.30045509338, 13.1902608871, 9.87800312042, 13.660369873, 13.1354455948, 11.7959327698, 12.9310932159, 7.54682064056, 9.62590789795, 7.7520031929, 5.74980115891, 4.07924795151, 4.28169107437, 3.65830016136, 2.43191981316, 1.79316365719, 1.17226183414, 0.434708714485, 0.180163651705, 0.0687719136477, 0.0150538859889, 0.000882749212906, 4.65380144306e-05, 3.5784974898e-05],
        "min": [1.9395030904e-05, 0.000306851492496, 0.000607637339272, 0.00122290744912, 0.00754452683032, 0.0237136650831, 0.0421841405332, 0.0287569370121, 0.016194222495, 0.0194597840309, 0.0393287204206, 0.0313316956162, 0.0537976399064, 0.0342455916107, 0.0294170062989, 0.0781639665365, 0.0669984668493, 0.0857892483473, 0.0420789979398, 0.103316925466, 0.239232525229, 0.0826425403357, 0.0880991443992, 0.0416985340416, 0.0541564263403, 0.0614971704781, 0.0117047289386, 0.00538344029337, 0.010663096793, 0.00611604005098, 0.00294401729479, 0.00164425733965, 0.000190837745322, 7.47565809434e-06, 1.69265240402e-06, 9.957536804e-07, 4.1571837528e-07, 5.71551517226e-08, 3.98524605316e-07, 4.11277909507e-07],
        "var": [0.0443917401135, 2.61232614517, 43.3500900269, 59.2377929688, 238.310897827, 1014.16638184, 720.869567871, 108.871444702, 121.259101868, 205.953613281, 4614.28076172, 2187.79882812, 1079.99267578, 2670.97607422, 1399.3092041, 5025.92871094, 2227.37646484, 2586.20361328, 2033.30029297, 6573.66113281, 2152.72509766, 1499.08813477, 2117.33789062, 2330.63452148, 1248.49475098, 849.887207031, 396.74017334, 264.382049561, 257.705841064, 213.002578735, 168.104492188, 185.092941284, 108.614356995, 17.8811035156, 3.13055324554, 0.660677075386, 0.0388814173639, 0.000144985140651, 7.28400308958e-08, 1.09422193528e-09]
    },
    "gfcc": {
        "mean": [4.6477856636, 80.0145950317, -122.261734009, 52.6104393005, -58.124874115, 20.6556529999, -43.3089065552, 3.88917040825, -24.2610301971, -0.785632610321, -14.4254970551, -0.921185910702, -9.6792011261],
        "cov": [[4703.55273438, -1642.37756348, 12.399810791, -121.379013062, -297.263214111, 285.357208252, -235.343048096, 219.365753174, -451.16104126, 127.051116943, -418.333770752, 24.7788772583, -322.109436035], [-1642.37756348, 1686.31274414, 41.0517883301, 209.861938477, 433.545288086, -126.880058289, 394.525299072, -107.38923645, 346.368896484, -62.3679008484, 281.015197754, -87.1376342773, 147.971847534], [12.399810791, 41.0517883301, 907.093078613, 117.353759766, 118.713562012, 140.555099487, -80.9540634155, 45.2931060791, -90.3660049438, 20.1063747406, -52.4213867188, 39.3479270935, -68.2628631592], [-121.379013062, 209.861938477, 117.353759766, 521.675109863, 139.864974976, 0.738262712955, 34.7593307495, -79.4881896973, 122.615226746, -58.7066078186, 83.2542800903, -60.3917808533, 43.5298576355], [-297.263214111, 433.545288086, 118.713562012, 139.864974976, 295.123901367, 35.0512695312, 156.769241333, 47.1260261536, 117.104827881, 33.8162689209, 58.1360397339, -30.6940326691, 17.4326629639], [285.357208252, -126.880058289, 140.555099487, 0.738262712955, 35.0512695312, 198.470153809, 73.7941207886, 86.0667419434, -16.8163146973, 45.2561378479, -3.89179611206, 2.43320631981, -38.9013290405], [-235.343048096, 394.525299072, -80.9540634155, 34.7593307495, 156.769241333, 73.7941207886, 305.238922119, 67.733291626, 133.144515991, 29.4269943237, 96.371131897, -20.4452819824, 18.2461051941], [219.365753174, -107.38923645, 45.2931060791, -79.4881896973, 47.1260261536, 86.0667419434, 67.733291626, 193.343093872, 40.5393981934, 88.2450180054, -16.0041351318, 16.4121170044, -10.6502962112], [-451.16104126, 346.368896484, -90.3660049438, 122.615226746, 117.104827881, -16.8163146973, 133.144515991, 40.5393981934, 234.347747803, 39.3631019592, 121.045402527, -23.5136737823, 72.155166626], [127.051116943, -62.3679008484, 20.1063747406, -58.7066078186, 33.8162689209, 45.2561378479, 29.4269943237, 88.2450180054, 39.3631019592, 137.39944458, 26.8086357117, 30.8514595032, -5.73907852173], [-418.333770752, 281.015197754, -52.4213867188, 83.2542800903, 58.1360397339, -3.89179611206, 96.371131897, -16.0041351318, 121.045402527, 26.8086357117, 164.328567505, 19.8189239502, 66.7715454102], [24.7788772583, -87.1376342773, 39.3479270935, -60.3917808533, -30.6940326691, 2.43320631981, -20.4452819824, 16.4121170044, -23.5136737823, 30.8514595032, 19.8189239502, 110.419967651, 29.1608848572], [-322.109436035, 147.971847534, -68.2628631592, 43.5298576355, 17.4326629639, -38.9013290405, 18.2461051941, -10.6502962112, 72.155166626, -5.73907852173, 66.7715454102, 29.1608848572, 117.608253479]],
        "icov": [[0.000450608524261, 7.22039767425e-05, 0.000257654988673, -0.000496993074194, 0.000234254199313, -0.00032591089257, -6.47109482088e-05, -0.000386298168451, 0.000595329503994, -0.00054181960877, 0.000715217436664, -0.000294650904834, 0.000584638910368], [7.22039767425e-05, 0.00332340691239, -0.00129156175535, 0.00167638983112, -0.00303344381973, 0.00258991657756, -0.00282054906711, 0.00241070915945, -0.00154814356938, 0.00166815321427, -0.00254100305028, 0.00225291727111, -0.00147634989116], [0.000257654988673, -0.00129156175535, 0.00249038659967, -0.00139245844912, -2.89718263957e-05, -0.00250737718306, 0.00239158095792, -0.00152286875527, 0.00145675707608, -0.000570487172808, 0.00130274682306, -0.00226454832591, 0.00185781368054], [-0.000496993074194, 0.00167638983112, -0.00139245844912, 0.00486598955467, -0.00316013023257, 0.000609808950685, -0.000272249511909, 0.00321271806024, -0.0034564845264, 0.00298767839558, -0.00297372275963, 0.00260168500245, -0.0017666752683], [0.000234254199313, -0.00303344381973, -2.89718263957e-05, -0.00316013023257, 0.0099298870191, -0.0011791101424, -0.00111724680755, -0.00276414910331, 0.000867039081641, -0.00375094474293, 0.0039128032513, -0.0008968799375, 0.000958068296313], [-0.00032591089257, 0.00258991657756, -0.00250737718306, 0.000609808950685, -0.0011791101424, 0.011586714536, -0.00541553972289, -0.00133705337066, 0.00139414751902, 0.000253045582213, -0.00385574600659, 0.0030086808838, -0.000505726551637], [-6.47109482088e-05, -0.00282054906711, 0.00239158095792, -0.000272249511909, -0.00111724680755, -0.00541553972289, 0.010468069464, -0.00334971188568, -0.000858321785927, 0.00138366420288, -0.00125092407688, -0.00214238464832, 0.00314285978675], [-0.000386298168451, 0.00241070915945, -0.00152286875527, 0.00321271806024, -0.00276414910331, -0.00133705337066, -0.00334971188568, 0.0137052247301, -0.00572507921606, -0.00312863197178, 0.00282714376226, 0.000800776528195, -0.00287973182276], [0.000595329503994, -0.00154814356938, 0.00145675707608, -0.0034564845264, 0.000867039081641, 0.00139414751902, -0.000858321785927, -0.00572507921606, 0.014588936232, -0.00390898669139, -0.00349586177617, 0.00252695684321, -0.00213261437602], [-0.00054181960877, 0.00166815321427, -0.000570487172808, 0.00298767839558, -0.00375094474293, 0.000253045582213, 0.00138366420288, -0.00312863197178, -0.00390898669139, 0.0151695720851, -0.00593748223037, -0.00159187871031, 0.00202615535818], [0.000715217436664, -0.00254100305028, 0.00130274682306, -0.00297372275963, 0.0039128032513, -0.00385574600659, -0.00125092407688, 0.00282714376226, -0.00349586177617, -0.00593748223037, 0.0186296757311, -0.00571668893099, -0.0016969848657], [-0.000294650904834, 0.00225291727111, -0.00226454832591, 0.00260168500245, -0.0008968799375, 0.0030086808838, -0.00214238464832, 0.000800776528195, 0.00252695684321, -0.00159187871031, -0.00571668893099, 0.0160927306861, -0.0067584826611], [0.000584638910368, -0.00147634989116, 0.00185781368054, -0.0017666752683, 0.000958068296313, -0.000505726551637, 0.00314285978675, -0.00287973182276, -0.00213261437602, 0.00202615535818, -0.0016969848657, -0.0067584826611, 0.0166825857013]]
    },
    "melbands": {
        "dmean": [0.000795597443357, 0.00130229315255, 0.000713577843271, 0.00078075286001, 0.000507218181156, 0.000118251489766, 6.63381506456e-05, 5.71633863728e-05, 0.000119338888908, 6.9035035267e-05, 5.18002707395e-05, 6.63637765683e-05, 4.84979282191e-05, 4.53137763543e-05, 3.57117933163e-05, 4.30349646194e-05, 4.51101986982e-05, 2.58904165094e-05, 3.03705219267e-05, 3.14683493343e-05, 2.16088537854e-05, 1.81879477168e-05, 1.5234491002e-05, 1.57489885169e-05, 1.37563974931e-05, 9.82101391855e-06, 1.01743362393e-05, 8.31533543533e-06, 6.11478844803e-06, 5.64691208638e-06, 3.81248764825e-06, 5.00312989971e-06, 4.46704325441e-06, 4.52874974144e-06, 4.84372503706e-06, 4.67934978587e-06, 4.17673663833e-06, 3.15765055348e-06, 1.90929949895e-06, 1.2827796354e-06],
        "dmean2": [0.00110378442332, 0.0020483112894, 0.00114191835746, 0.00126916368026, 0.000836753286421, 0.000181596624316, 0.000102889978734, 8.91586314538e-05, 0.000175311797648, 0.000103849502921, 8.13658261904e-05, 0.000114215370559, 8.08680269984e-05, 7.04037593096e-05, 5.38317617611e-05, 6.6550419433e-05, 6.94883055985e-05, 4.10164393543e-05, 4.67962236144e-05, 4.74880034744e-05, 3.39839716617e-05, 2.87935272354e-05, 2.42648693529e-05, 2.50396678894e-05, 2.16699227167e-05, 1.46194988702e-05, 1.55383495439e-05, 1.28958818095e-05, 9.75641341938e-06, 8.72589589562e-06, 6.06855064689e-06, 7.90910053183e-06, 7.24444316802e-06, 7.35402909413e-06, 7.95429423306e-06, 7.78991125117e-06, 6.90198703523e-06, 5.22948539583e-06, 3.09390225084e-06, 2.1317455321e-06],
        "dvar": [1.22267113056e-06, 3.87019235859e-06, 1.09394761694e-06, 2.38860343416e-06, 9.06711818516e-07, 4.19592751655e-08, 1.31221264965e-08, 1.67748943625e-08, 1.31877186504e-07, 5.66804772006e-08, 1.09362350287e-08, 4.51495765219e-08, 1.28989956494e-08, 1.6837759631e-08, 8.32207192047e-09, 8.97272744993e-09, 7.16654513511e-09, 3.01148506132e-09, 7.93124588228e-09, 5.81477443973e-09, 1.45073586477e-09, 8.94119722705e-10, 6.84115541993e-10, 6.4567617919e-10, 9.12860453894e-10, 3.20379778262e-10, 3.11366127326e-10, 1.51599177656e-10, 8.5042251019e-11, 7.60732588034e-11, 3.31715765967e-11, 6.05129696352e-11, 4.23712245845e-11, 4.16720269403e-11, 5.85937826036e-11, 5.60442352249e-11, 7.11869799219e-11, 5.78556404174e-11, 1.52718011848e-11, 6.20176696456e-12],
        "dvar2": [2.44263083005e-06, 9.29915131564e-06, 2.64999471256e-06, 5.56498116566e-06, 2.37596486841e-06, 9.97805571501e-08, 2.97791391546e-08, 3.95988024593e-08, 2.93192215395e-07, 1.57888450758e-07, 2.66607624866e-08, 1.25584705302e-07, 3.34889840303e-08, 4.28196038627e-08, 1.91807973948e-08, 2.04481356292e-08, 1.63314357593e-08, 7.20970039225e-09, 1.90379250142e-08, 1.22344259168e-08, 3.26076077251e-09, 2.04769889933e-09, 1.65797309215e-09, 1.58353574697e-09, 2.09982409238e-09, 6.40246466954e-10, 6.30975660609e-10, 3.3888244988e-10, 2.02726072041e-10, 1.71682223993e-10, 7.84983675284e-11, 1.37642369724e-10, 1.02868942531e-10, 1.02997069207e-10, 1.48743517503e-10, 1.40501305035e-10, 1.65900473914e-10, 1.34616567893e-10, 3.18667557619e-11, 1.3510700371e-11],
        "max": [0.0105087906122, 0.0250959992409, 0.0108938077465, 0.016389394179, 0.00928554218262, 0.00345817627385, 0.00224853074178, 0.00294194486924, 0.0064938380383, 0.00617800047621, 0.00193456979468, 0.00405709864572, 0.00132383988239, 0.00234072771855, 0.00160442979541, 0.00138697819784, 0.000945935724303, 0.000912764749955, 0.00180492596701, 0.00153319735546, 0.00062586372951, 0.000406251609093, 0.000376968208002, 0.000292550743325, 0.000478662521346, 0.000261323264567, 0.000259231077507, 0.000214501138544, 0.000108753127279, 9.41716498346e-05, 8.2220249169e-05, 0.00011671797256, 5.76044221816e-05, 4.53192333225e-05, 5.88662078371e-05, 6.29119022051e-05, 0.000167756894371, 0.000206360491575, 9.27067449084e-05, 4.44107936346e-05],
        "mean": [0.00141296663787, 0.00228114519268, 0.00103081809357, 0.000973126268946, 0.000698892283253, 0.000184434553375, 0.000109569977212, 0.000102945348772, 0.000213172228541, 0.000110212931759, 7.95911764726e-05, 7.02412289684e-05, 6.054935875e-05, 6.98098738212e-05, 5.38509229955e-05, 6.01142237429e-05, 6.16221805103e-05, 3.52602546627e-05, 4.81992901769e-05, 5.08074408572e-05, 3.32786657964e-05, 3.074056076e-05, 2.41776124312e-05, 2.34217422985e-05, 2.01155762625e-05, 1.58729671966e-05, 1.81132727448e-05, 1.35398122438e-05, 9.45396550378e-06, 8.52771427162e-06, 5.9828907979e-06, 7.33431306799e-06, 5.98703400101e-06, 5.64665788261e-06, 5.15181591254e-06, 4.51418782177e-06, 4.04784623242e-06, 3.05963521896e-06, 1.95962843463e-06, 1.26675502088e-06],
        "median": [0.000484306627186, 0.00121871917509, 0.000481506169308, 0.000364736042684, 0.000271850003628, 9.97038223431e-05, 5.15646788699e-05, 3.32119670929e-05, 2.91347569146e-05, 2.17049419007e-05, 2.1762743927e-05, 1.38580880957e-05, 1.88234735106e-05, 2.1644464141e-05, 1.78966729436e-05, 1.437800438e-05, 1.74534270627e-05, 1.32422055685e-05, 1.38486320793e-05, 1.53009823407e-05, 1.30807047753e-05, 1.12068537419e-05, 1.12367197289e-05, 8.82739641384e-06, 4.70093073091e-06, 5.48247817278e-06, 6.1846421886e-06, 4.65934317617e-06, 3.54032272298e-06, 2.65886615125e-06, 2.00216072699e-06, 2.54963401858e-06, 2.41688621827e-06, 1.82420421879e-06, 1.43909312555e-06, 1.09860616249e-06, 1.01670718777e-06, 8.65770175551e-07, 5.23324729329e-07, 3.05662126721e-07],
        "min": [1.7011072373e-07, 3.38048096182e-07, 2.97346446132e-07, 2.13654584513e-06, 1.03507170479e-06, 1.63165523759e-07, 2.3557576867e-07, 1.52115930518e-07, 2.37823883253e-07, 1.573780537e-07, 2.76661467069e-07, 7.95749244276e-08, 3.7360091909e-08, 1.2804339633e-07, 1.72404455157e-07, 6.65264963118e-08, 1.60403786253e-07, 6.14017139355e-08, 5.18430383067e-08, 1.8154921122e-07, 1.57278606139e-07, 3.89957293123e-08, 7.86336258329e-08, 7.10212475497e-08, 2.86355881229e-08, 1.47131533623e-08, 4.31326050432e-08, 2.8176255995e-08, 7.68700836318e-09, 3.89179044546e-09, 1.53734935893e-09, 7.32031146811e-09, 2.58895216376e-09, 3.23502358235e-09, 1.86755011455e-09, 7.16023185188e-10, 1.40895871359e-11, 1.44675937896e-10, 4.80162871269e-12, 5.84243685874e-14],
