{
"highlevel": {
    "danceability": {
        "all": {
            "danceable": 0.602706849575,
            "not_danceable": 0.397293150425
        },
        "probability": 0.602706849575,
        "value": "danceable"
    },
    "gender": {
        "all": {
            "female": 0.424726426601,
            "male": 0.575273573399
        },
        "probability": 0.575273573399,
        "value": "male"
    },
    "genre_dortmund": {
        "all": {
            "alternative": 0.129663854837,
            "blues": 0.0730684027076,
            "electronic": 0.119708433747,
            "folkcountry": 0.128859117627,
            "funksoulrnb": 0.0249503552914,
            "jazz": 0.015150022693,
            "pop": 0.0553002245724,
            "raphiphop": 0.00944485515356,
            "rock": 0.4438547194
        },
        "probability": 0.4438547194,
        "value": "rock"
    },
    "genre_electronic": {
        "all": {
            "ambient": 0.249407336116,
            "dnb": 0.201775819063,
            "house": 0.141403332353,
            "techno": 0.0364457480609,
            "trance": 0.370967775583
        },
        "probability": 0.370967775583,
        "value": "trance"
    },
    "genre_rosamerica": {
        "all": {
            "cla": 0.00193905062042,
            "dan": 0.00746852578595,
            "hip": 0.00514452625066,
            "jaz": 0.0111809317023,
            "pop": 0.320984840393,
            "rhy": 0.033203907311,
            "roc": 0.618547618389,
            "spe": 0.00153060327284
        },
        "probability": 0.618547618389,
        "value": "roc"
    },
    "genre_tzanetakis": {
        "all": {
            "blu": 0.0605637766421,
            "cla": 0.0336268283427,
            "cou": 0.0756549164653,
            "dis": 0.0605332963169,
            "hip": 0.151350662112,
            "jaz": 0.302779436111,
            "met": 0.0432153269649,
            "pop": 0.0604970082641,
            "reg": 0.0605018958449,
            "roc": 0.151276871562
        },
        "probability": 0.302779436111,
        "value": "jaz"
    },
    "ismir04_rhythm": {
        "all": {
            "ChaChaCha": 0.367327272892,
            "Jive": 0.0550572946668,
            "Quickstep": 0.288222670555,
            "Rumba-American": 0.0136627126485,
            "Rumba-International": 0.0200062096119,
            "Rumba-Misc": 0.0052074259147,
            "Samba": 0.0784714221954,
            "Tango": 0.115470848978,
            "VienneseWaltz": 0.0505752936006,
            "Waltz": 0.0059988447465
        },
        "probability": 0.367327272892,
        "value": "ChaChaCha"
    },
    "mood_acoustic": {
        "all": {
            "acoustic": 0.228913262486,
            "not_acoustic": 0.771086752415
        },
        "probability": 0.771086752415,
        "value": "not_acoustic"
    },
    "mood_aggressive": {
        "all": {
            "aggressive": 0.596839606762,
            "not_aggressive": 0.40316042304
        },
        "probability": 0.596839606762,
        "value": "aggressive"
    },
    "mood_electronic": {
        "all": {
            "electronic": 0.486537396908,
            "not_electronic": 0.513462603092
        },
        "probability": 0.513462603092,
        "value": "not_electronic"
    },
    "mood_happy": {
        "all": {
            "happy": 0.542193830013,
            "not_happy": 0.457806169987
        },
        "probability": 0.542193830013,
        "value": "happy"
    },
    "mood_party": {
        "all": {
            "not_party": 0.48671117425,
            "party": 0.513288855553
        },
        "probability": 0.513288855553,
        "value": "party"
    },
    "mood_relaxed": {
        "all": {
            "not_relaxed": 0.645838797092,
            "relaxed": 0.354161202908
        },
        "probability": 0.645838797092,
        "value": "not_relaxed"
    },
    "mood_sad": {
        "all": {
            "not_sad": 0.848660707474,
            "sad": 0.151339277625
        },
        "probability": 0.848660707474,
        "value": "not_sad"
    },
    "moods_mirex": {
        "all": {
            "Cluster1": 0.359427303076,
            "Cluster2": 0.183729842305,
            "Cluster3": 0.170420244336,
            "Cluster4": 0.15603415668,
            "Cluster5": 0.130388453603
        },
        "probability": 0.359427303076,
        "value": "Cluster1"
    },
    "timbre": {
        "all": {
            "bright": 0.956129312515,
            "dark": 0.0438706688583
        },
        "probability": 0.956129312515,
        "value": "bright"
    },
    "tonal_atonal": {
        "all": {
            "atonal": 0.0027283243835,
            "tonal": 0.99727165699
        },
        "probability": 0.99727165699,
        "value": "tonal"
    },
    "voice_instrumental": {
        "all": {
            "instrumental": 0.000176840781933,
            "voice": 0.999823153019
        },
        "probability": 0.999823153019,
        "value": "voice"
    }
},
"lowlevel": {
    "average_loudness": 0.983685851097,
    "barkbands_crest": {
        "dmean": 3.09945559502,
        "dmean2": 5.2095580101,
        "dvar": 7.90781927109,
        "dvar2": 22.0588569641,
        "max": 24.1997146606,
        "mean": 9.51781177521,
        "median": 8.67423629761,
        "min": 2.74061727524,
        "var": 15.5004777908
    },
    "barkbands_flatness_db": {
        "dmean": 0.0240619182587,
        "dmean2": 0.036664262414,
        "dvar": 0.000489648315124,
        "dvar2": 0.00112208200153,
        "max": 0.333063870668,
        "mean": 0.147782191634,
        "median": 0.142053440213,
        "min": 0.055324871093,
        "var": 0.00191819563042
    },
    "barkbands_kurtosis": {
        "dmean": 2.90932321548,
        "dmean2": 4.65590715408,
        "dvar": 26.3229370117,
        "dvar2": 62.9310493469,
        "max": 108.396209717,
        "mean": 3.73850297928,
        "median": 1.56201124191,
        "min": -1.90847027302,
        "var": 55.4366950989
    },
    "barkbands_skewness": {
        "dmean": 0.54146027565,
        "dmean2": 0.842927753925,
        "dvar": 0.327377408743,
        "dvar2": 0.743207633495,
        "max": 8.8225402832,
        "mean": 1.45939218998,
        "median": 1.26815366745,
        "min": -1.41352295876,
        "var": 1.29297673702
    },
    "barkbands_spread": {
        "dmean": 6.28600502014,
        "dmean2": 9.10046005249,
        "dvar": 58.4210777283,
        "dvar2": 110.565940857,
        "max": 97.7480392456,
        "mean": 22.249174118,
        "median": 18.4936447144,
        "min": 1.39453649521,
        "var": 210.351150513
    },
    "dissonance": {
        "dmean": 0.0173192769289,
        "dmean2": 0.0287531763315,
        "dvar": 0.000234238279518,
        "dvar2": 0.00062252569478,
        "max": 0.499805659056,
        "mean": 0.467019736767,
        "median": 0.472529262304,
        "min": 0.344081580639,
        "var": 0.000469304330181
    },
    "dynamic_complexity": 1.26091039181,
    "erbbands_crest": {
        "dmean": 2.61141204834,
        "dmean2": 4.16249227524,
        "dvar": 6.14769792557,
        "dvar2": 14.2330121994,
        "max": 24.6808662415,
        "mean": 8.95871067047,
        "median": 8.0024728775,
        "min": 2.78916954994,
        "var": 18.3421192169
    },
    "erbbands_flatness_db": {
        "dmean": 0.0179870929569,
        "dmean2": 0.0258233677596,
        "dvar": 0.000288673356408,
        "dvar2": 0.00051524839364,
        "max": 0.267921477556,
        "mean": 0.159881740808,
        "median": 0.157204166055,
        "min": 0.0712162032723,
        "var": 0.00120931875426
    },
    "erbbands_kurtosis": {
        "dmean": 0.711621999741,
        "dmean2": 1.10829794407,
        "dvar": 0.715627551079,
        "dvar2": 1.51264095306,
        "max": 8.32640266418,
        "mean": 0.153045862913,
        "median": -0.329010248184,
        "min": -1.68450450897,
        "var": 2.10382533073
    },
    "erbbands_skewness": {
        "dmean": 0.364063888788,
        "dmean2": 0.537400841713,
        "dvar": 0.109687522054,
        "dvar2": 0.224989444017,
        "max": 2.69379758835,
        "mean": 0.312496006489,
        "median": 0.298592031002,
        "min": -2.65148496628,
        "var": 0.412469118834
    },
    "erbbands_spread": {
        "dmean": 7.61996984482,
        "dmean2": 11.5579280853,
        "dvar": 60.5490646362,
        "dvar2": 125.681098938,
        "max": 122.836105347,
        "mean": 38.3660697937,
        "median": 36.9221801758,
        "min": 7.26938009262,
        "var": 243.833618164
    },
    "hfc": {
        "dmean": 9.0717754364,
        "dmean2": 12.3662090302,
        "dvar": 244.072250366,
        "dvar2": 379.185180664,
        "max": 287.184295654,
        "mean": 30.2169589996,
        "median": 24.2073421478,
        "min": 1.51355075836,
        "var": 843.252197266
    },
    "melbands_crest": {
        "dmean": 3.62108922005,
        "dmean2": 6.05794048309,
        "dvar": 9.5854473114,
        "dvar2": 26.5817832947,
        "max": 29.4310359955,
        "mean": 13.1966342926,
        "median": 12.556142807,
        "min": 4.75143575668,
        "var": 21.1405506134
    },
    "melbands_flatness_db": {
        "dmean": 0.0301263444126,
        "dmean2": 0.0442657694221,
        "dvar": 0.000770261569414,
        "dvar2": 0.00161052576732,
        "max": 0.435100466013,
        "mean": 0.19462056458,
        "median": 0.188447341323,
        "min": 0.0351863019168,
        "var": 0.00417755590752
    },
    "melbands_kurtosis": {
        "dmean": 6.5279135704,
        "dmean2": 10.7761936188,
        "dvar": 120.742645264,
        "dvar2": 303.522949219,
        "max": 205.865188599,
        "mean": 11.6031932831,
        "median": 6.46678638458,
        "min": -1.52053391933,
        "var": 249.959152222
    },
    "melbands_skewness": {
        "dmean": 0.704540967941,
        "dmean2": 1.1309441328,
        "dvar": 0.57031661272,
        "dvar2": 1.36526966095,
        "max": 10.5368900299,
        "mean": 2.48499155045,
        "median": 2.25370049477,
        "min": -0.726931214333,
        "var": 2.18450212479
    },
    "melbands_spread": {
        "dmean": 7.94562911987,
        "dmean2": 11.5592012405,
        "dvar": 119.035957336,
        "dvar2": 217.557723999,
        "max": 179.18762207,
        "mean": 24.5086803436,
        "median": 19.4582118988,
        "min": 0.978238880634,
        "var": 409.533508301
    },
    "pitch_salience": {
        "dmean": 0.0769478678703,
        "dmean2": 0.126501023769,
        "dvar": 0.00492172827944,
        "dvar2": 0.0130324270576,
        "max": 0.782843470573,
        "mean": 0.556695759296,
        "median": 0.568479180336,
        "min": 0.158241257071,
        "var": 0.00979647599161
    },
    "silence_rate_20dB": {
        "dmean": 0,
        "dmean2": 0,
        "dvar": 0,
        "dvar2": 0,
        "max": 1,
        "mean": 1,
        "median": 1,
        "min": 1,
        "var": 0
    },
    "silence_rate_30dB": {
        "dmean": 0,
        "dmean2": 0,
        "dvar": 0,
        "dvar2": 0,
        "max": 1,
        "mean": 1,
        "median": 1,
        "min": 1,
        "var": 0
    },
    "silence_rate_60dB": {
        "dmean": 0,
        "dmean2": 0,
        "dvar": 0,
        "dvar2": 0,
        "max": 0,
        "mean": 0,
        "median": 0,
        "min": 0,
        "var": 0
    },
    "spectral_centroid": {
        "dmean": 290.817230225,
        "dmean2": 408.484130859,
        "dvar": 99651.265625,
        "dvar2": 190931.578125,
        "max": 4653.55566406,
        "mean": 1292.54760742,
        "median": 1164.57592773,
        "min": 251.74609375,
        "var": 403106.28125
    },
    "spectral_complexity": {
        "dmean": 5.04024744034,
        "dmean2": 7.08210706711,
        "dvar": 29.1500759125,
        "dvar2": 49.4900588989,
        "max": 61,
        "mean": 24.4269142151,
        "median": 23,
        "min": 5,
        "var": 89.9475479126
    },
    "spectral_decrease": {
        "dmean": 2.79009859661e-09,
        "dmean2": 4.49893056143e-09,
        "dvar": 9.51101532736e-18,
        "dvar2": 2.28587391812e-17,
        "max": -6.97043145426e-10,
        "mean": -9.66922542034e-09,
        "median": -8.75441319437e-09,
        "min": -2.8283711373e-08,
        "var": 2.26999800606e-17
    },
    "spectral_energy": {
        "dmean": 0.0108963660896,
        "dmean2": 0.017407104373,
        "dvar": 0.000138209987199,
        "dvar2": 0.000329879636411,
        "max": 0.109497107565,
        "mean": 0.0392346344888,
        "median": 0.0365426652133,
        "min": 0.00278045493178,
        "var": 0.000338717247359
    },
    "spectral_energyband_high": {
        "dmean": 0.000842223525979,
        "dmean2": 0.00114930374548,
        "dvar": 4.17198907599e-06,
        "dvar2": 6.31332659395e-06,
        "max": 0.0383845493197,
        "mean": 0.00163687986787,
        "median": 0.000609824142884,
        "min": 1.06986180981e-05,
        "var": 1.33769844979e-05
    },
    "spectral_energyband_low": {
        "dmean": 0.0077466648072,
        "dmean2": 0.0130613362417,
        "dvar": 0.00011902704864,
        "dvar2": 0.000329481699737,
        "max": 0.0878874510527,
        "mean": 0.0143495397642,
        "median": 0.00885974988341,
        "min": 4.9921363825e-05,
        "var": 0.00023262637842
    },
    "spectral_energyband_middle_high": {
        "dmean": 0.00202350714244,
        "dmean2": 0.00280746864155,
        "dvar": 4.91609489472e-06,
        "dvar2": 8.90340015758e-06,
        "max": 0.0316410884261,
        "mean": 0.00700605055317,
        "median": 0.00539620546624,
        "min": 0.000290587631753,
        "var": 3.15841170959e-05
    },
    "spectral_energyband_middle_low": {
        "dmean": 0.00734755210578,
        "dmean2": 0.0117276525125,
        "dvar": 7.97196626081e-05,
        "dvar2": 0.000200494789169,
        "max": 0.102049022913,
        "mean": 0.0184327177703,
        "median": 0.0158494189382,
        "min": 0.00110684428364,
        "var": 0.000137764756801
    },
    "spectral_entropy": {
        "dmean": 0.170810163021,
        "dmean2": 0.241375654936,
        "dvar": 0.0295620113611,
        "dvar2": 0.0535219535232,
        "max": 8.59623336792,
        "mean": 7.57333374023,
        "median": 7.55054807663,
        "min": 6.76933145523,
        "var": 0.114357970655
    },
    "spectral_flux": {
        "dmean": 0.0290614068508,
        "dmean2": 0.0464391000569,
        "dvar": 0.000770677113906,
        "dvar2": 0.00176096148789,
        "max": 0.264649629593,
        "mean": 0.107849337161,
        "median": 0.102476641536,
        "min": 0.0219566207379,
        "var": 0.00178987765685
    },
    "spectral_kurtosis": {
        "dmean": 1.56308364868,
        "dmean2": 2.65457987785,
        "dvar": 2.84315752983,
        "dvar2": 8.33452320099,
        "max": 16.9712429047,
        "mean": 3.7791249752,
        "median": 3.35487747192,
        "min": -1.01904702187,
        "var": 5.23030233383
    },
    "spectral_rms": {
        "dmean": 0.000846824026667,
        "dmean2": 0.00133744475897,
        "dvar": 7.19545255379e-07,
        "dvar2": 1.6268421632e-06,
        "max": 0.0103356875479,
        "mean": 0.00601072935387,
        "median": 0.00597087759525,
        "min": 0.00164700904861,
        "var": 2.14884062189e-06
    },
    "spectral_rolloff": {
        "dmean": 520.514343262,
        "dmean2": 840.429504395,
        "dvar": 786957.125,
        "dvar2": 1516058.75,
        "max": 9388.4765625,
        "mean": 1456.0480957,
        "median": 1055.12695312,
        "min": 86.1328125,
        "var": 2065213.625
    },
    "spectral_skewness": {
        "dmean": 0.223306566477,
        "dmean2": 0.348702341318,
        "dvar": 0.0403164029121,
        "dvar2": 0.0937078595161,
        "max": 2.51164388657,
        "mean": 1.38803052902,
        "median": 1.39377963543,
        "min": -0.0965175777674,
        "var": 0.143053755164
    },
    "spectral_spread": {
        "dmean": 454316.25,
        "dmean2": 653849.0625,
        "dvar": 504555798528,
        "dvar2": 758226944000,
        "max": 21512388,
        "mean": 4119278.75,
        "median": 3990716,
        "min": 2112388.25,
        "var": 1.55398936986e+12
    },
    "spectral_strongpeak": {
        "dmean": 0.696379601955,
        "dmean2": 1.17742979527,
        "dvar": 1.12872385979,
        "dvar2": 3.05380582809,
        "max": 9.3473033905,
        "mean": 1.22730135918,
        "median": 0.686821997166,
        "min": 0.0464615821838,
        "var": 1.87009561062
    },
    "zerocrossingrate": {
        "dmean": 0.0109878396615,
        "dmean2": 0.0120379673317,
        "dvar": 0.000194714448298,
        "dvar2": 0.00018168205861,
        "max": 0.28125,
        "mean": 0.0552237406373,
        "median": 0.046875,
        "min": 0.00927734375,
        "var": 0.00132960744668
    },
    "barkbands": {
        "dmean": [0.000171619773027, 0.0058790226467, 0.00292823067866, 0.00342216761783, 0.00334847858176, 0.000904890301172, 0.000816047773696, 0.00200611702166, 0.000745798111893, 0.000632810289972, 0.000451371801319, 0.000435720750829, 0.000439380673924, 0.000453886867035, 0.000399784534238, 0.000443204771727, 0.000270847551292, 0.000186497709365, 0.000185969780432, 0.000233584927628, 0.000183667332749, 0.00019091401191, 0.000241766916588, 0.000171387800947, 4.42418495368e-05, 3.07068148686e-05, 3.27210152307e-08],
        "dmean2": [0.000270233955234, 0.0104515086859, 0.00489058718085, 0.00588808348402, 0.00536422803998, 0.00138476211578, 0.00133368500974, 0.00304216472432, 0.00115531147458, 0.000939896388445, 0.000698417483363, 0.000663324783091, 0.000671627873089, 0.00069837376941, 0.000617127283476, 0.000678778043948, 0.000411012209952, 0.000285860412987, 0.000280208099866, 0.000343397347024, 0.000269143871265, 0.000273678917438, 0.000349726091372, 0.000238770371652, 6.38346100459e-05, 4.71107159683e-05, 5.12454754187e-08],
        "dvar": [1.32438856326e-07, 0.000102743229945, 2.3753138521e-05, 4.30879299529e-05, 2.07288940146e-05, 2.04247112379e-06, 1.5590728708e-06, 1.16615819934e-05, 1.96002656594e-06, 1.42435339967e-06, 7.98258895429e-07, 7.47943886381e-07, 5.86939620462e-07, 6.12377959897e-07, 5.35155095349e-07, 6.85068016537e-07, 2.21778705622e-07, 7.56976490379e-08, 1.24527389289e-07, 1.26173333115e-07, 1.14724912237e-07, 2.36014230381e-07, 6.9081448828e-07, 6.1102912241e-07, 3.70651278558e-08, 1.90527718047e-08, 1.07253107491e-13],
        "dvar2": [3.28202958144e-07, 0.000319235201459, 6.04891356488e-05, 0.000114896945888, 4.89977173856e-05, 4.17644105255e-06, 3.71627675122e-06, 2.47941788984e-05, 4.45534260507e-06, 2.73412160823e-06, 1.7001453898e-06, 1.45364776927e-06, 1.0753163906e-06, 1.31221554511e-06, 1.1858878679e-06, 1.36561368436e-06, 3.85434447026e-07, 1.61069678484e-07, 2.67866539616e-07, 2.65649902076e-07, 2.42113003424e-07, 4.31335166695e-07, 1.23282495679e-06, 9.88798774415e-07, 7.72588535369e-08, 4.432969547e-08, 2.37865554076e-13],
        "max": [0.00573429372162, 0.0840757861733, 0.0600130446255, 0.0771027505398, 0.048348069191, 0.0315434038639, 0.0172416809946, 0.0371220000088, 0.0241061300039, 0.0223236288875, 0.0162477884442, 0.0195750892162, 0.0161936171353, 0.0143945915624, 0.0113407289609, 0.0135120945051, 0.00970169436187, 0.00390996783972, 0.00544293550774, 0.0056354124099, 0.0040916018188, 0.00895892083645, 0.0153132975101, 0.0167407989502, 0.00470642372966, 0.00295023643412, 8.16694591776e-06],
        "mean": [0.000220070680371, 0.00799131393433, 0.00423690397292, 0.00399822741747, 0.00550640095025, 0.00181691092439, 0.00128694542218, 0.00390586792491, 0.00130900600925, 0.00111863971688, 0.00081437046174, 0.000923320360016, 0.000676185532939, 0.000833642552607, 0.000705680577084, 0.00088272645371, 0.000539757427759, 0.000322780251736, 0.000295396457659, 0.00045235620928, 0.000293494405923, 0.00027609730023, 0.000443398894276, 0.000283734087134, 6.90634187777e-05, 3.2322925108e-05, 3.35014789243e-08],
        "median": [5.3105657571e-05, 0.00404212530702, 0.00214855838567, 0.00147128361277, 0.00347904860973, 0.00102663971484, 0.000804412586149, 0.00156151107512, 0.000711345812306, 0.000486258708406, 0.000348675355781, 0.000322145555401, 0.000357581069693, 0.000326026085531, 0.00033733190503, 0.000324929249473, 0.000260146684013, 0.00019213752239, 0.000153735338245, 0.000220792586333, 0.000134124566102, 6.85848644935e-05, 9.92319837678e-05, 4.65843877464e-05, 1.39104895425e-05, 4.68587040814e-06, 6.04888195088e-10],
        "min": [2.68486344268e-09, 2.34092090068e-06, 1.53667569975e-05, 7.10698213879e-06, 6.83190082782e-05, 1.52983357111e-05, 1.19357328003e-05, 3.20486251439e-05, 6.49707089906e-06, 1.81287996384e-05, 5.76861930313e-06, 4.21130334871e-06, 6.15313956587e-06, 4.08870437241e-06, 3.0921630696e-06, 6.4714695327e-06, 4.51533423984e-06, 3.49614583683e-06, 1.0778550859e-05, 1.0746353837e-05, 3.06016818286e-06, 1.24001849144e-06, 2.56410118027e-07, 1.62326500686e-07, 2.07283246123e-10, 8.29558297055e-12, 5.73016764246e-12],
        "var": [2.02866488053e-07, 0.000116169234389, 4.12302470068e-05, 4.43618700956e-05, 3.79120392608e-05, 6.37223138256e-06, 2.50680750469e-06, 3.02011358144e-05, 3.67975189874e-06, 3.89737488149e-06, 2.3982811399e-06, 3.69529675481e-06, 1.26952363644e-06, 2.81634902422e-06, 1.1800879065e-06, 2.53290636465e-06, 8.64181913585e-07, 1.5192591718e-07, 1.86304191629e-07, 3.48239524328e-07, 2.05240795026e-07, 5.25163386556e-07, 1.81932568921e-06, 1.60379602221e-06, 8.55421689039e-08, 1.84311392815e-08, 1.19500234903e-13]
    },
    "erbbands": {
        "dmean": [0.162379235029, 1.37591099739, 2.87022924423, 7.28641176224, 13.3815698624, 10.8389854431, 10.3056898117, 7.27110958099, 8.12452888489, 31.5159053802, 33.2324562073, 16.7679920197, 21.2559871674, 11.5381984711, 20.820098877, 18.813791275, 18.6721191406, 23.1056995392, 18.9602069855, 18.8062725067, 19.9484882355, 12.5503368378, 9.89554405212, 8.98290729523, 10.7938013077, 11.6277780533, 8.08640861511, 7.15702867508, 6.69879865646, 6.63616466522, 6.77444267273, 4.36110115051, 2.34338903427, 0.754945755005, 0.197152093053, 0.0817029923201, 0.0738584399223, 0.00936911534518, 0.000161666088388, 1.83692536666e-05],
        "dmean2": [0.292526006699, 2.42945718765, 4.87289524078, 12.2885637283, 22.9956684113, 17.4806270599, 16.2319583893, 11.1996622086, 13.1728601456, 48.0126342773, 49.8803596497, 26.1509056091, 30.785326004, 18.1374473572, 31.3757896423, 28.4817085266, 28.8627071381, 34.9321365356, 29.7160053253, 27.996925354, 30.3602828979, 19.1429862976, 15.0801477432, 13.7790699005, 16.1207809448, 17.0015697479, 12.1437368393, 10.3299188614, 9.67317485809, 9.87883090973, 9.61221122742, 6.18563079834, 3.27504444122, 1.10713326931, 0.292033970356, 0.122249141335, 0.114818096161, 0.0143695333973, 0.00024502153974, 2.79973392026e-05],
        "dvar": [0.086704492569, 5.40562295914, 17.6464042664, 155.588485718, 527.470458984, 317.233917236, 287.953765869, 137.968795776, 130.900878906, 3505.06665039, 3445.97338867, 837.377807617, 2357.86230469, 264.000701904, 1749.95507812, 1437.16955566, 887.772766113, 1521.18029785, 962.180236816, 1085.81201172, 1613.35559082, 408.466430664, 224.92137146, 192.802764893, 435.334411621, 334.004852295, 232.945510864, 210.900222778, 280.971618652, 534.859863281, 532.324768066, 350.941436768, 146.290344238, 12.6771459579, 0.310010701418, 0.0540863089263, 0.138628855348, 0.00231947517022, 5.95820495164e-07, 1.03142860919e-09],
        "dvar2": [0.265705674887, 16.7080554962, 46.8620414734, 401.194458008, 1356.91882324, 771.987731934, 594.080200195, 300.7578125, 314.082305908, 7765.35498047, 7138.90625, 1945.23242188, 4137.4140625, 514.59979248, 3621.88916016, 2892.1796875, 1891.03869629, 3280.75878906, 2233.81494141, 2040.15319824, 2853.60058594, 751.360107422, 496.307312012, 428.249847412, 918.469421387, 701.5703125, 507.394897461, 446.362060547, 497.065826416, 1033.83178711, 918.383422852, 569.94708252, 234.794464111, 25.9060173035, 0.589338123798, 0.122166499496, 0.32441931963, 0.00543552543968, 1.39199994464e-06, 2.28258678625e-09],
        "max": [2.75573801994, 18.0809688568, 42.5290222168, 123.508232117, 207.677978516, 233.999481201, 288.684631348, 206.108642578, 191.835586548, 794.627197266, 827.215576172, 541.622253418, 1063.56628418, 372.646240234, 824.431518555, 786.36907959, 370.658447266, 828.556213379, 432.914001465, 661.495483398, 821.32421875, 401.863708496, 198.340087891, 160.313796997, 348.793609619, 307.709777832, 237.886032104, 208.157302856, 299.317504883, 543.202575684, 497.469787598, 454.531616211, 319.615386963, 90.0802688599, 15.1026334763, 3.86325454712, 8.41641330719, 0.900224268436, 0.0146232843399, 0.000611485505942],
        "mean": [0.207999557257, 1.85974359512, 4.53243780136, 10.0615501404, 16.5490341187, 17.0164852142, 19.5178413391, 14.2028121948, 14.2881784439, 59.7510528564, 64.3195114136, 33.5149841309, 38.2104454041, 22.4424114227, 40.8963699341, 42.6163520813, 33.5050582886, 48.153427124, 36.4051895142, 40.9615097046, 41.4063720703, 27.5739097595, 18.6445121765, 14.7523441315, 18.2186222076, 22.5108318329, 14.0957679749, 10.5961141586, 9.85255146027, 11.0620517731, 12.5196495056, 7.56332397461, 3.91596055031, 1.20249414444, 0.309678971767, 0.103246487677, 0.0744374617934, 0.00883008912206, 0.000179772017873, 5.54523030587e-05],
        "median": [0.0885207727551, 1.00641703606, 2.93488526344, 4.30880403519, 7.90115499496, 9.20571327209, 10.182844162, 8.27991390228, 9.87358188629, 24.1822738647, 26.4909152985, 20.4747657776, 16.6143913269, 14.0298480988, 15.9382677078, 16.203371048, 19.4674777985, 19.2550354004, 19.221118927, 18.9570140839, 17.0601730347, 14.1153535843, 10.9103155136, 8.25245571136, 9.72576618195, 10.7679347992, 6.87745952606, 4.41280126572, 2.54370856285, 2.7503824234, 2.67612028122, 1.41297459602, 0.55185687542, 0.197518840432, 0.0764079093933, 0.0232768729329, 0.00825615599751, 0.000653071328998, 3.96898140025e-05, 4.90194361191e-05],
        "min": [0.00015205553791, 0.000741045398172, 0.0212368927896, 0.0506536178291, 0.106694109738, 0.227049142122, 0.301789909601, 0.382731944323, 0.399133265018, 0.923501491547, 0.986654937267, 0.335212409496, 0.553315222263, 0.669534087181, 0.476439446211, 0.282100439072, 0.370893537998, 0.850106418133, 0.864084482193, 0.777419567108, 0.616568088531, 0.557142078876, 0.422103494406, 0.321917355061, 0.674771845341, 0.448170930147, 0.196711480618, 0.115023963153, 0.0467416122556, 0.0169602092355, 0.00746825151145, 0.00507864216343, 0.00185185077135, 9.32667244342e-05, 1.97131612367e-05, 7.49853279558e-06, 4.09858330386e-06, 6.67759650241e-07, 1.69420184193e-06, 3.2107802781e-06],
        "var": [0.116094507277, 5.71959733963, 29.8091926575, 220.916793823, 549.570983887, 598.361633301, 930.330505371, 309.680175781, 214.706787109, 9055.48925781, 9328.83984375, 1797.01647949, 6211.21142578, 874.220825195, 5962.87841797, 7257.30615234, 2055.90722656, 9549.83105469, 2532.09130859, 3736.33447266, 5492.46728516, 1852.54968262, 456.724487305, 328.333312988, 677.010314941, 975.289367676, 447.617889404, 340.559631348, 624.354980469, 1161.70056152, 1482.85900879, 893.632446289, 396.030914307, 31.5851554871, 0.907174706459, 0.0747736915946, 0.130291983485, 0.00218552537262, 5.70804672861e-07, 1.62015889593e-09]
    },
    "gfcc": {
        "mean": [30.5436630249, 109.685638428, -127.374053955, 40.9248352051, -60.1794166565, 15.3600759506, -33.3672103882, 4.81850337982, -16.4550132751, 0.00488394964486, -14.6582193375, -6.88874053955, -11.9135456085],
        "cov": [[2197.20532227, -1462.75305176, 220.938812256, 119.597900391, -212.831558228, 284.286315918, -273.943511963, 198.973693848, -109.087882996, 200.566497803, -232.737014771, 167.794113159, -170.412155151], [-1462.75305176, 1577.58972168, -113.418914795, -44.7613105774, 326.937744141, -214.558700562, 287.379150391, -136.974182129, 95.8845214844, -172.470794678, 234.336776733, -158.208175659, 152.560012817], [220.938812256, -113.418914795, 423.423614502, 146.579879761, 60.0048141479, 44.378074646, 3.19272494316, 15.2249917984, -15.3128795624, 19.5088729858, -61.1700439453, 51.3295326233, -46.5801353455], [119.597900391, -44.7613105774, 146.579879761, 208.613586426, 26.3898715973, 17.6553401947, -31.4119739532, 4.47890281677, 30.5214538574, -13.028503418, -8.34786987305, -6.06171941757, 20.0802993774], [-212.831558228, 326.937744141, 60.0048141479, 26.3898715973, 256.222808838, -36.735786438, 129.623809814, -37.4784317017, -1.15631234646, 13.2564620972, 9.83428287506, 24.0978336334, -8.14948272705], [284.286315918, -214.558700562, 44.378074646, 17.6553401947, -36.735786438, 212.689025879, -12.0391216278, 29.8154659271, 0.0485292337835, 23.5312232971, 8.78429031372, 10.245932579, -3.27110648155], [-273.943511963, 287.379150391, 3.19272494316, -31.4119739532, 129.623809814, -12.0391216278, 213.272079468, -30.918138504, 12.739356041, 7.15647506714, 32.3457794189, 18.3271694183, -16.6128253937], [198.973693848, -136.974182129, 15.2249917984, 4.47890281677, -37.4784317017, 29.8154659271, -30.918138504, 126.783401489, 40.6382369995, 34.1143608093, -5.08788442612, 2.90017986298, 3.96024751663], [-109.087882996, 95.8845214844, -15.3128795624, 30.5214538574, -1.15631234646, 0.0485292337835, 12.739356041, 40.6382369995, 119.187133789, 1.40404653549, 27.7060699463, -22.155921936, 28.4313983917], [200.566497803, -172.470794678, 19.5088729858, -13.028503418, 13.2564620972, 23.5312232971, 7.15647506714, 34.1143608093, 1.40404653549, 100.274131775, -12.8532218933, 43.2340812683, -33.4819526672], [-232.737014771, 234.336776733, -61.1700439453, -8.34786987305, 9.83428287506, 8.78429031372, 32.3457794189, -5.08788442612, 27.7060699463, -12.8532218933, 131.955993652, -27.2187194824, 57.7155990601], [167.794113159, -158.208175659, 51.3295326233, -6.06171941757, 24.0978336334, 10.245932579, 18.3271694183, 2.90017986298, -22.155921936, 43.2340812683, -27.2187194824, 102.078933716, -23.6042766571], [-170.412155151, 152.560012817, -46.5801353455, 20.0802993774, -8.14948272705, -3.27110648155, -16.6128253937, 3.96024751663, 28.4313983917, -33.4819526672, 57.7155990601, -23.6042766571, 104.367599487]],
        "icov": [[0.00167121225968, 0.000616255565546, 0.000263727240963, -0.0010654036887, -7.64370415709e-05, -0.00118651695084, 0.000917875091545, -0.00161045172717, 0.00120644422714, -0.000868862785865, 0.000692216272, -0.000895912642591, 0.00112188048661], [0.000616255565546, 0.00505639705807, -0.00118538318202, 0.00229554111138, -0.0046934587881, 0.00266167498194, -0.00243651447818, 0.00120606983546, -0.00193507375661, 0.00428458536044, -0.00454716058448, 0.00475629139692, -0.00258039170876], [0.000263727240963, -0.00118538318202, 0.00439284369349, -0.00382608966902, 0.000617549347226, -0.00159817130771, 0.000678656273521, -0.00159546395298, 0.00159006810281, -0.000764020835049, 0.00206932751462, -0.00296220229939, 0.00253420183435], [-0.0010654036887, 0.00229554111138, -0.00382608966902, 0.0101013351232, -0.00374774099328, 0.00206246064045, -0.000213208404602, 0.00302613317035, -0.00454913033172, 0.00359759060666, -0.0027376092039, 0.00423732446507, -0.00425736280158], [-7.64370415709e-05, -0.0046934587881, 0.000617549347226, -0.00374774099328, 0.011090840213, -0.00181015208364, -0.00138355942909, -0.00057191378437, 0.00275424658321, -0.00589380227029, 0.00484586087987, -0.00503160478547, 0.00188450119458], [-0.00118651695084, 0.00266167498194, -0.00159817130771, 0.00206246064045, -0.00181015208364, 0.00814658869058, -0.0028460631147, 0.00143945065793, -0.00179792928975, 0.00247147725895, -0.00449778232723, 0.00382130919024, -0.00269763916731], [0.000917875091545, -0.00243651447818, 0.000678656273521, -0.000213208404602, -0.00138355942909, -0.0028460631147, 0.0104256095365, -0.000768636062276, -7.9419274698e-05, -0.00209565041587, 0.000698544492479, -0.00471169827506, 0.00479306885973], [-0.00161045172717, 0.00120606983546, -0.00159546395298, 0.00302613317035, -0.00057191378437, 0.00143945065793, -0.000768636062276, 0.0134448027238, -0.00609531486407, -0.00151919561904, -0.00149773329031, 0.00334250042215, -0.00356159149669], [0.00120644422714, -0.00193507375661, 0.00159006810281, -0.00454913033172, 0.00275424658321, -0.00179792928975, -7.9419274698e-05, -0.00609531486407, 0.0138113899156, -0.00384240248241, 0.00204563769512, -0.00107305019628, 0.00039172230754], [-0.000868862785865, 0.00428458536044, -0.000764020835049, 0.00359759060666, -0.00589380227029, 0.00247147725895, -0.00209565041587, -0.00151919561904, -0.00384240248241, 0.0206825472414, -0.00666631339118, -0.000718378170859, 0.00183232221752], [0.000692216272, -0.00454716058448, 0.00206932751462, -0.0027376092039, 0.00484586087987, -0.00449778232723, 0.000698544492479, -0.00149773329031, 0.00204563769512, -0.00666631339118, 0.0170489996672, -0.00308790896088, -0.00318958517164], [-0.000895912642591, 0.00475629139692, -0.00296220229939, 0.00423732446507, -0.00503160478547, 0.00382130919024, -0.00471169827506, 0.00334250042215, -0.00107305019628, -0.000718378170859, -0.00308790896088, 0.0199303627014, -0.00542562734336], [0.00112188048661, -0.00258039170876, 0.00253420183435, -0.00425736280158, 0.00188450119458, -0.00269763916731, 0.00479306885973, -0.00356159149669, 0.00039172230754, 0.00183232221752, -0.00318958517164, -0.00542562734336, 0.019113952294]]
    },
    "melbands": {
        "dmean": [0.00157699349802, 0.00148042896762, 0.00141528446693, 0.000770159589592, 0.000410670239944, 0.000159637711477, 0.000131406995934, 0.000378824828658, 0.000253401085502, 0.000104680577351, 0.000105809267552, 4.98635927215e-05, 6.1667546106e-05, 5.37490013812e-05, 4.87040124426e-05, 4.18248673668e-05, 4.76572822663e-05, 3.02307489619e-05, 3.14365315717e-05, 3.68242617697e-05, 2.19936646317e-05, 1.50650521391e-05, 1.22382271002e-05, 8.20823970571e-06, 7.44587214285e-06, 7.74320869823e-06, 8.55106827657e-06, 8.04606224847e-06, 5.40015616934e-06, 4.58514386992e-06, 4.47793763669e-06, 4.12789859183e-06, 3.59381169801e-06, 4.0984646148e-06, 4.26798987974e-06, 3.4712472825e-06, 2.55528311754e-06, 1.92883226191e-06, 1.04947366708e-06, 5.38712299658e-07],
        "dmean2": [0.00282649230212, 0.00251146336086, 0.00239226594567, 0.00126737053506, 0.000646507833153, 0.000247602409218, 0.000214557818254, 0.000577295897529, 0.000384064333048, 0.000162038617418, 0.000154359891894, 7.88343531894e-05, 9.38410812523e-05, 8.08672630228e-05, 7.47394224163e-05, 6.48059067316e-05, 7.28276863811e-05, 4.86632961838e-05, 4.80910784972e-05, 5.41601402801e-05, 3.36270786647e-05, 2.32083039009e-05, 1.89241491171e-05, 1.27762741613e-05, 1.17947020044e-05, 1.1929696484e-05, 1.27140829136e-05, 1.20396252896e-05, 8.17582895252e-06, 6.77348452882e-06, 6.55407257e-06, 6.1229734456e-06, 5.26108897247e-06, 6.24455969955e-06, 6.19075490249e-06, 4.82956420456e-06, 3.63641470358e-06, 2.67448058366e-06, 1.57887382102e-06, 8.3643965354e-07],
        "dvar": [7.75684929977e-06, 4.2336387196e-06, 6.19413049208e-06, 1.18903130897e-06, 4.51026778592e-07, 6.34092884866e-08, 3.37962369201e-08, 5.06688650148e-07, 2.12565680613e-07, 3.66730219525e-08, 5.75509098155e-08, 5.48970513492e-09, 1.52450567725e-08, 8.67957972162e-09, 7.96644350487e-09, 4.91117457813e-09, 6.92155932569e-09, 2.570559543e-09, 3.89537246903e-09, 4.40916192446e-09, 2.21474816264e-09, 7.32987615049e-10, 3.14440917748e-10, 1.64719654583e-10, 1.31310393114e-10, 3.09959918843e-10, 1.78119380356e-10, 1.64529181945e-10, 1.06650410725e-10, 7.41403119453e-11, 1.01091794658e-10, 1.07211878264e-10, 1.03026441545e-10, 2.31220279034e-10, 2.06878042475e-10, 1.9412102481e-10, 1.26253188459e-10, 1.06930062027e-10, 2.97976539276e-11, 6.55203105313e-12],
        "dvar2": [2.41947727773e-05, 1.15882694445e-05, 1.58946877491e-05, 2.90452885565e-06, 1.00083912002e-06, 1.36492019465e-07, 8.04592374948e-08, 1.11101621769e-06, 4.41758800207e-07, 8.26819714916e-08, 1.01644069161e-07, 1.04935899969e-08, 3.27944853495e-08, 1.73142620241e-08, 1.5196398806e-08, 9.15770037579e-09, 1.51224917033e-08, 6.14248829578e-09, 8.47317238595e-09, 8.81369377481e-09, 3.95103505468e-09, 1.2614932432e-09, 7.21845916374e-10, 3.62143010024e-10, 3.06545649975e-10, 6.71050714995e-10, 3.73390734998e-10, 3.48618356405e-10, 2.33757291301e-10, 1.67368938153e-10, 2.33743996381e-10, 2.15152257121e-10, 1.87310902899e-10, 4.6762776984e-10, 3.92795213022e-10, 3.12792097779e-10, 2.18494652926e-10, 1.754580925e-10, 5.68058274031e-11, 1.43919520398e-11],
        "max": [0.0239528827369, 0.0160673689097, 0.0270096547902, 0.0105797285214, 0.010705136694, 0.00502949999645, 0.0031194970943, 0.00903354305774, 0.00723613752052, 0.00357460416853, 0.0051161791198, 0.00167376431637, 0.00219752290286, 0.00169589417055, 0.00235198205337, 0.00172873307019, 0.00163630954921, 0.000602500105742, 0.00118237233255, 0.00109887751751, 0.000844246766064, 0.000581282365602, 0.000326517154463, 0.000143871293403, 0.000125016798847, 0.000302335160086, 0.000145897211041, 0.000208702331292, 0.00017705677601, 0.000124900383526, 0.000157152651809, 0.000172488682438, 0.000187215206097, 0.000353548384737, 0.000270589196589, 0.000406111532357, 0.000227893571719, 0.000310092233121, 0.000118746167573, 6.07015244896e-05],
        "mean": [0.00207296432927, 0.00249811960384, 0.00201066490263, 0.00115575594828, 0.000749704486225, 0.000314894306939, 0.000220450223424, 0.000724574376363, 0.000480728456751, 0.000194004591322, 0.000186071920325, 8.58654893818e-05, 0.000114627226139, 0.000117993280583, 9.21048413147e-05, 6.86958228471e-05, 9.22839171835e-05, 5.18046763318e-05, 5.38619751751e-05, 7.0104644692e-05, 4.17369810748e-05, 3.02848984575e-05, 2.15775926335e-05, 1.37684683068e-05, 1.13691276056e-05, 1.15561178973e-05, 1.49305669765e-05, 1.50728128574e-05, 9.01439489098e-06, 6.9011512096e-06, 5.99936265644e-06, 5.69230314795e-06, 5.05287971464e-06, 6.76068611938e-06, 7.60460989113e-06, 6.20450782662e-06, 4.00872340833e-06, 2.9976370115e-06, 1.744829774e-06, 7.61896956192e-07],
        "median": [0.000993614434265, 0.00167554419022, 0.000965278362855, 0.000686824845616, 0.000381739984732, 0.000187183075468, 0.000150610838318, 0.000286475667963, 0.000185209675692, 0.000113287373097, 7.6877331594e-05, 4.73906547995e-05, 4.46698031737e-05, 4.7164328862e-05, 4.10990469391e-05, 3.39226826327e-05, 3.33729294653e-05, 2.57894644164e-05, 2.5556084438e-05, 2.60691067524e-05, 1.64244120242e-05, 1.46101829159e-05, 1.16640039778e-05, 8.28321844892e-06, 6.04525939707e-06, 5.76769889449e-06, 7.35986077416e-06, 6.91929108143e-06, 4.27210534326e-06, 2.99404882753e-06, 1.9506571789e-06, 1.38764210078e-06, 1.11616907361e-06, 1.5319249087e-06, 1.49269021676e-06, 1.17900015084e-06, 6.68116513225e-07, 3.8571351979e-07, 2.14520113673e-07, 1.31055159613e-07],
        "min": [9.25110839489e-07, 6.69107384965e-06, 8.11874906503e-06, 1.37364777402e-05, 1.25065862449e-05, 3.58622355634e-06, 2.49448976319e-06, 5.9913527366e-06, 5.53547579329e-06, 1.74136971509e-06, 2.50756738751e-06, 2.61115042122e-06, 1.15973182346e-06, 1.03996092093e-06, 5.26505175458e-07, 5.49555693397e-07, 1.45231024362e-06, 9.90369926512e-07, 2.54254359788e-07, 8.83353663994e-07, 5.73391446324e-07, 2.5976638085e-07, 4.7571381856e-07, 1.59986697668e-07, 2.53939390404e-07, 3.69977215087e-07, 1.96866452029e-07, 2.45189681891e-07, 1.25083758462e-07, 6.82130618657e-08, 5.2686875307e-08, 2.79679763793e-08, 8.92381635254e-09, 4.85168705211e-09, 3.50278317462e-09, 3.37072236789e-09, 2.25214158434e-09, 4.06107591999e-10, 1.47799689154e-11, 1.98254281915e-12],
