{
"highlevel": {
    "danceability": {
        "all": {
            "danceable": 0.603368997574,
            "not_danceable": 0.396631032228
        },
        "probability": 0.603368997574,
        "value": "danceable"
    },
    "gender": {
        "all": {
            "female": 0.812638998032,
            "male": 0.187361031771
        },
        "probability": 0.812638998032,
        "value": "female"
    },
    "genre_dortmund": {
        "all": {
            "alternative": 0.512985646725,
            "blues": 0.00467731291428,
            "electronic": 0.0692307054996,
            "folkcountry": 0.0556375347078,
            "funksoulrnb": 0.00311797158793,
            "jazz": 0.00849608052522,
            "pop": 0.091643281281,
            "raphiphop": 0.00620843097568,
            "rock": 0.248003050685
        },
        "probability": 0.512985646725,
        "value": "alternative"
    },
    "genre_electronic": {
        "all": {
            "ambient": 0.662878513336,
            "dnb": 0.0425013750792,
            "house": 0.124477900565,
            "techno": 0.00752988178283,
            "trance": 0.162612318993
        },
        "probability": 0.662878513336,
        "value": "ambient"
    },
    "genre_rosamerica": {
        "all": {
            "cla": 0.0150141566992,
            "dan": 0.306534051895,
            "hip": 0.0291408319026,
            "jaz": 0.0113808363676,
            "pop": 0.150271296501,
            "rhy": 0.16660811007,
            "roc": 0.312136113644,
            "spe": 0.0089145898819
        },
        "probability": 0.312136113644,
        "value": "roc"
    },
    "genre_tzanetakis": {
        "all": {
            "blu": 0.0565586946905,
            "cla": 0.0791474655271,
            "cou": 0.0791323035955,
            "dis": 0.131889492273,
            "hip": 0.0659592151642,
            "jaz": 0.131931468844,
            "met": 0.079192250967,
            "pop": 0.19799298048,
            "reg": 0.0990130975842,
            "roc": 0.0791830345988
        },
        "probability": 0.19799298048,
        "value": "pop"
    },
    "ismir04_rhythm": {
        "all": {
            "ChaChaCha": 0.108755044639,
            "Jive": 0.104149453342,
            "Quickstep": 0.0721357837319,
            "Rumba-American": 0.0388561300933,
            "Rumba-International": 0.139236882329,
            "Rumba-Misc": 0.0313047282398,
            "Samba": 0.139164581895,
            "Tango": 0.205809831619,
            "VienneseWaltz": 0.13091288507,
            "Waltz": 0.0296746790409
        },
        "probability": 0.205809831619,
        "value": "Tango"
    },
    "mood_acoustic": {
        "all": {
            "acoustic": 0.0978999212384,
            "not_acoustic": 0.902100086212
        },
        "probability": 0.902100086212,
        "value": "not_acoustic"
    },
    "mood_aggressive": {
        "all": {
            "aggressive": 0.233778014779,
            "not_aggressive": 0.766222000122
        },
        "probability": 0.766222000122,
        "value": "not_aggressive"
    },
    "mood_electronic": {
        "all": {
            "electronic": 0.785545229912,
            "not_electronic": 0.214454770088
        },
        "probability": 0.785545229912,
        "value": "electronic"
    },
    "mood_happy": {
        "all": {
            "happy": 0.376721143723,
            "not_happy": 0.623278856277
        },
        "probability": 0.623278856277,
        "value": "not_happy"
    },
    "mood_party": {
        "all": {
            "not_party": 0.80684953928,
            "party": 0.193150475621
        },
        "probability": 0.80684953928,
        "value": "not_party"
    },
    "mood_relaxed": {
        "all": {
            "not_relaxed": 0.267652004957,
            "relaxed": 0.73234796524
        },
        "probability": 0.73234796524,
        "value": "relaxed"
    },
    "mood_sad": {
        "all": {
            "not_sad": 0.31127974391,
            "sad": 0.688720226288
        },
        "probability": 0.688720226288,
        "value": "sad"
    },
    "moods_mirex": {
        "all": {
            "Cluster1": 0.28974968195,
            "Cluster2": 0.151524379849,
            "Cluster3": 0.388973355293,
            "Cluster4": 0.0977430045605,
            "Cluster5": 0.0720095857978
        },
        "probability": 0.388973355293,
        "value": "Cluster3"
    },
    "timbre": {
        "all": {
            "bright": 0.453479170799,
            "dark": 0.546520829201
        },
        "probability": 0.546520829201,
        "value": "dark"
    },
    "tonal_atonal": {
        "all": {
            "atonal": 0.0048244567588,
            "tonal": 0.995175540447
        },
        "probability": 0.995175540447,
        "value": "tonal"
    },
    "voice_instrumental": {
        "all": {
            "instrumental": 0.377487510443,
            "voice": 0.62251251936
        },
        "probability": 0.62251251936,
        "value": "voice"
    }
},
"lowlevel": {
    "average_loudness": 0.968710362911,
    "barkbands_crest": {
        "dmean": 1.9045535326,
        "dmean2": 3.09125685692,
        "dvar": 4.6024274826,
        "dvar2": 12.5308389664,
        "max": 22.67877388,
        "mean": 10.3750534058,
        "median": 9.93230342865,
        "min": 3.75142431259,
        "var": 11.5061120987
    },
    "barkbands_flatness_db": {
        "dmean": 0.0207709409297,
        "dmean2": 0.0316423475742,
        "dvar": 0.000511926715262,
        "dvar2": 0.00115586153697,
        "max": 0.322485089302,
        "mean": 0.180629953742,
        "median": 0.178736880422,
        "min": 0.0641313046217,
        "var": 0.00285677495413
    },
    "barkbands_kurtosis": {
        "dmean": 2.46692585945,
        "dmean2": 3.91017103195,
        "dvar": 13.3039722443,
        "dvar2": 32.8512496948,
        "max": 37.0913314819,
        "mean": 5.31630897522,
        "median": 3.88332414627,
        "min": -1.19490039349,
        "var": 26.6254291534
    },
    "barkbands_skewness": {
        "dmean": 0.41568467021,
        "dmean2": 0.644033312798,
        "dvar": 0.222065359354,
        "dvar2": 0.530432224274,
        "max": 5.55910730362,
        "mean": 1.98368680477,
        "median": 1.84741055965,
        "min": -0.112246699631,
        "var": 0.654901325703
    },
    "barkbands_spread": {
        "dmean": 4.05460691452,
        "dmean2": 6.29517316818,
        "dvar": 45.7500343323,
        "dvar2": 110.45778656,
        "max": 82.3104705811,
        "mean": 15.967464447,
        "median": 12.3113822937,
        "min": 2.53162193298,
        "var": 127.223731995
    },
    "dissonance": {
        "dmean": 0.020673211664,
        "dmean2": 0.034195497632,
        "dvar": 0.000317728583468,
        "dvar2": 0.000879892439116,
        "max": 0.499939262867,
        "mean": 0.455662459135,
        "median": 0.46004858613,
        "min": 0.334951132536,
        "var": 0.000749087892473
    },
    "dynamic_complexity": 1.67161345482,
    "erbbands_crest": {
        "dmean": 2.12253189087,
        "dmean2": 3.30065226555,
        "dvar": 4.07092142105,
        "dvar2": 8.92389011383,
        "max": 22.8311901093,
        "mean": 7.90201807022,
        "median": 7.14230585098,
        "min": 2.67789673805,
        "var": 11.1290416718
    },
    "erbbands_flatness_db": {
        "dmean": 0.0187005903572,
        "dmean2": 0.0245352685452,
        "dvar": 0.000504963973071,
        "dvar2": 0.000813237915281,
        "max": 0.275801956654,
        "mean": 0.159902364016,
        "median": 0.164248615503,
        "min": 0.0575161911547,
        "var": 0.00306538445875
    },
    "erbbands_kurtosis": {
        "dmean": 0.714562833309,
        "dmean2": 1.116497159,
        "dvar": 0.668180882931,
        "dvar2": 1.55675065517,
        "max": 7.58206653595,
        "mean": 0.471869319677,
        "median": 0.215101957321,
        "min": -1.62195324898,
        "var": 1.51935052872
    },
    "erbbands_skewness": {
        "dmean": 0.264665007591,
        "dmean2": 0.411062330008,
        "dvar": 0.0522342436016,
        "dvar2": 0.13622649014,
        "max": 2.04437398911,
        "mean": 0.516716957092,
        "median": 0.508737683296,
        "min": -0.759368419647,
        "var": 0.164109736681
    },
    "erbbands_spread": {
        "dmean": 7.89986133575,
        "dmean2": 10.8254165649,
        "dvar": 109.756568909,
        "dvar2": 188.046981812,
        "max": 122.253608704,
        "mean": 37.5571784973,
        "median": 29.9111309052,
        "min": 8.7962808609,
        "var": 471.735778809
    },
    "hfc": {
        "dmean": 8.72585773468,
        "dmean2": 12.073589325,
        "dvar": 396.287780762,
        "dvar2": 761.139709473,
        "max": 223.667694092,
        "mean": 21.7468662262,
        "median": 11.9802274704,
        "min": 1.70801544189,
        "var": 728.652893066
    },
    "melbands_crest": {
        "dmean": 2.27765011787,
        "dmean2": 3.6437048912,
        "dvar": 5.95649433136,
        "dvar2": 15.9179973602,
        "max": 28.5267791748,
        "mean": 15.0136413574,
        "median": 14.6192169189,
        "min": 6.14282751083,
        "var": 18.4188957214
    },
    "melbands_flatness_db": {
        "dmean": 0.0236707665026,
        "dmean2": 0.0357421599329,
        "dvar": 0.000788174918853,
        "dvar2": 0.00184210389853,
        "max": 0.437464535236,
        "mean": 0.259935766459,
        "median": 0.259463280439,
        "min": 0.101084128022,
        "var": 0.00462989602238
    },
    "melbands_kurtosis": {
        "dmean": 6.47517633438,
        "dmean2": 9.71928501129,
        "dvar": 92.0579986572,
        "dvar2": 204.68737793,
        "max": 103.510665894,
        "mean": 15.4578094482,
        "median": 10.7947454453,
        "min": -0.702264547348,
        "var": 213.089370728
    },
    "melbands_skewness": {
        "dmean": 0.632326006889,
        "dmean2": 0.943284273148,
        "dvar": 0.493851214647,
        "dvar2": 1.02338194847,
        "max": 8.42441558838,
        "mean": 3.02350831032,
        "median": 2.77707004547,
        "min": 0.161756932735,
        "var": 1.69714236259
    },
    "melbands_spread": {
        "dmean": 3.04926037788,
        "dmean2": 4.85057067871,
        "dvar": 15.392572403,
        "dvar2": 40.445728302,
        "max": 44.0719451904,
        "mean": 12.5429430008,
        "median": 10.8617935181,
        "min": 1.78220641613,
        "var": 47.8900947571
    },
    "pitch_salience": {
        "dmean": 0.059571441263,
        "dmean2": 0.0955129265785,
        "dvar": 0.00398473720998,
        "dvar2": 0.0111165428534,
        "max": 0.831156730652,
        "mean": 0.540407538414,
        "median": 0.544703602791,
        "min": 0.190225943923,
        "var": 0.010382196866
    },
    "silence_rate_20dB": {
        "dmean": 0,
        "dmean2": 0,
        "dvar": 0,
        "dvar2": 0,
        "max": 1,
        "mean": 1,
        "median": 1,
        "min": 1,
        "var": 0
    },
    "silence_rate_30dB": {
        "dmean": 0.0541795678437,
        "dmean2": 0.108443066478,
        "dvar": 0.0512449294329,
        "dvar2": 0.112175032496,
        "max": 1,
        "mean": 0.948955893517,
        "median": 1,
        "min": 0,
        "var": 0.048438500613
    },
    "silence_rate_60dB": {
        "dmean": 0,
        "dmean2": 0,
        "dvar": 0,
        "dvar2": 0,
        "max": 0,
        "mean": 0,
        "median": 0,
        "min": 0,
        "var": 0
    },
    "spectral_centroid": {
        "dmean": 120.697052002,
        "dmean2": 194.814102173,
        "dvar": 27617.5976562,
        "dvar2": 77309.3515625,
        "max": 2297.23120117,
        "mean": 759.136047363,
        "median": 666.877990723,
        "min": 257.110717773,
        "var": 100717.585938
    },
    "spectral_complexity": {
        "dmean": 3.09674930573,
        "dmean2": 4.80557727814,
        "dvar": 14.6570863724,
        "dvar2": 30.8924369812,
        "max": 53,
        "mean": 18.6194896698,
        "median": 17,
        "min": 6,
        "var": 47.663444519
    },
    "spectral_decrease": {
        "dmean": 3.62607655013e-09,
        "dmean2": 5.33864952246e-09,
        "dvar": 5.0121801534e-17,
        "dvar2": 1.05260029967e-16,
        "max": -1.18916809733e-09,
        "mean": -1.15150582403e-08,
        "median": -8.74159056252e-09,
        "min": -8.45820693485e-08,
        "var": 7.77839421363e-17
    },
    "spectral_energy": {
        "dmean": 0.0142742255703,
        "dmean2": 0.0208536181599,
        "dvar": 0.00077499973122,
        "dvar2": 0.00160448683891,
        "max": 0.332764357328,
        "mean": 0.0454329922795,
        "median": 0.0345055796206,
        "min": 0.00464313058183,
        "var": 0.00122289604042
    },
    "spectral_energyband_high": {
        "dmean": 0.000669125234708,
        "dmean2": 0.000932831142563,
        "dvar": 3.16424052471e-06,
        "dvar2": 6.43988551019e-06,
        "max": 0.0217395573854,
        "mean": 0.00109294999857,
        "median": 0.000121889046568,
        "min": 2.11240035242e-06,
        "var": 5.44797649127e-06
    },
    "spectral_energyband_low": {
        "dmean": 0.00972553342581,
        "dmean2": 0.0153123866767,
        "dvar": 0.000392579822801,
        "dvar2": 0.000899201666471,
        "max": 0.268262922764,
        "mean": 0.025955658406,
        "median": 0.0193584430963,
        "min": 0.00138303940184,
        "var": 0.000566523696762
    },
    "spectral_energyband_middle_high": {
        "dmean": 0.0011129132472,
        "dmean2": 0.0016254032962,
        "dvar": 2.60931619778e-06,
        "dvar2": 5.03170213051e-06,
        "max": 0.021775610745,
        "mean": 0.00345961446874,
        "median": 0.00257157278247,
        "min": 0.000317952275509,
        "var": 8.53430265124e-06
    },
    "spectral_energyband_middle_low": {
        "dmean": 0.00677022570744,
        "dmean2": 0.010288500227,
        "dvar": 0.000280405249214,
        "dvar2": 0.000654910458252,
        "max": 0.206213653088,
        "mean": 0.0166810639203,
        "median": 0.0121645350009,
        "min": 0.00187348318286,
        "var": 0.000325517175952
    },
    "spectral_entropy": {
        "dmean": 0.161937922239,
        "dmean2": 0.234801843762,
        "dvar": 0.0446798354387,
        "dvar2": 0.0929558724165,
        "max": 8.45100784302,
        "mean": 7.28709506989,
        "median": 7.25308275223,
        "min": 6.19789981842,
        "var": 0.228363111615
    },
    "spectral_flux": {
        "dmean": 0.0271505378187,
        "dmean2": 0.0401984862983,
        "dvar": 0.00184854259714,
        "dvar2": 0.00334949954413,
        "max": 0.403145074844,
        "mean": 0.0841113552451,
        "median": 0.0604732744396,
        "min": 0.0221941191703,
        "var": 0.00401245383546
    },
    "spectral_kurtosis": {
        "dmean": 3.44815897942,
        "dmean2": 5.66780662537,
        "dvar": 17.1689777374,
        "dvar2": 47.7753753662,
        "max": 46.5515899658,
        "mean": 7.76980018616,
        "median": 6.05479717255,
        "min": -0.26492524147,
        "var": 42.3684272766
    },
    "spectral_rms": {
        "dmean": 0.000894277007319,
        "dmean2": 0.00127067253925,
        "dvar": 2.0187883365e-06,
        "dvar2": 3.87359432352e-06,
        "max": 0.0180179961026,
        "mean": 0.00631709676236,
        "median": 0.00580206653103,
        "min": 0.00212835217826,
        "var": 4.41914698968e-06
    },
    "spectral_rolloff": {
        "dmean": 283.147888184,
        "dmean2": 491.727539062,
        "dvar": 777481.25,
        "dvar2": 2081808.875,
        "max": 9840.67382812,
        "mean": 711.593688965,
        "median": 581.396484375,
        "min": 86.1328125,
        "var": 702009.5625
    },
    "spectral_skewness": {
        "dmean": 0.324567615986,
        "dmean2": 0.521804094315,
        "dvar": 0.107863306999,
        "dvar2": 0.294810384512,
        "max": 4.76073884964,
        "mean": 2.03115391731,
        "median": 1.97697520256,
        "min": 0.620914399624,
        "var": 0.433304488659
    },
    "spectral_spread": {
        "dmean": 799671.6875,
        "dmean2": 1068419.25,
        "dvar": 1.3220994089e+12,
        "dvar2": 2.15995462451e+12,
        "max": 13277892,
        "mean": 4341405,
        "median": 3356540,
        "min": 1419135.25,
        "var": 6.11287092429e+12
    },
    "spectral_strongpeak": {
        "dmean": 0.230617776513,
        "dmean2": 0.390915036201,
        "dvar": 0.140876635909,
        "dvar2": 0.358602851629,
        "max": 3.64377355576,
        "mean": 0.504875898361,
        "median": 0.383287131786,
        "min": 0.045595202595,
        "var": 0.187238872051
    },
    "zerocrossingrate": {
        "dmean": 0.00850712880492,
        "dmean2": 0.0100863547996,
        "dvar": 0.000141434677062,
        "dvar2": 0.000182351723197,
        "max": 0.20849609375,
        "mean": 0.0409646444023,
        "median": 0.03076171875,
        "min": 0.00732421875,
        "var": 0.00089081376791
    },
    "barkbands": {
        "dmean": [0.000275806436548, 0.00696010421962, 0.00432305131108, 0.00316725415178, 0.00273822294548, 0.00115131819621, 0.000827687152196, 0.000661145080812, 0.000703220372088, 0.000413465750171, 0.00042856897926, 0.000238306893152, 0.000184174597962, 0.00020643141761, 0.000190882041352, 9.67017913354e-05, 0.000105687860923, 5.56373961444e-05, 5.14203275088e-05, 5.95981000515e-05, 7.57779780542e-05, 7.74714571889e-05, 8.91444506124e-05, 0.000184240299859, 0.000196214794414, 0.000111626177386, 2.29835639409e-09],
        "dmean2": [0.000428296072641, 0.0113702034578, 0.00699225440621, 0.00516040064394, 0.00410077953711, 0.00189895706717, 0.00129002553876, 0.00103050412145, 0.00106179586146, 0.000587963091675, 0.000612831383478, 0.000368961598724, 0.000298798753647, 0.000334778451361, 0.000313322525471, 0.000162309064763, 0.000175389912329, 9.12068207981e-05, 8.58204584802e-05, 9.58199962042e-05, 0.000123890000395, 0.0001235686359, 0.000135199021315, 0.000267075869488, 0.00027639392647, 0.000171529143699, 3.90558652086e-09],
        "dvar": [1.61083931971e-07, 0.000211995342397, 0.000112600071589, 9.36271098908e-05, 6.1615886807e-05, 1.77448362138e-06, 1.21207483517e-06, 1.04553907931e-06, 8.57912993979e-07, 5.30575391622e-07, 8.02461272542e-07, 1.00020685068e-07, 1.02317905259e-07, 2.21449269588e-07, 9.58722878863e-08, 3.58347485019e-08, 7.53145386057e-08, 9.9658858943e-09, 1.09133084791e-08, 1.6790906443e-08, 5.50209193761e-08, 7.42061843084e-08, 5.70228344543e-08, 2.27246403028e-07, 2.80373882333e-07, 1.46400822132e-07, 1.22354875378e-16],
        "dvar2": [3.64421424592e-07, 0.000547114294022, 0.000295554811601, 0.000241738831392, 0.000144352918142, 5.00331861986e-06, 3.06901301883e-06, 2.27221903515e-06, 1.95212487597e-06, 9.5232746844e-07, 1.48765718677e-06, 2.30655075484e-07, 2.40389766759e-07, 6.21176127424e-07, 2.48097677513e-07, 9.25557799292e-08, 1.78529603545e-07, 2.39909336841e-08, 2.90764408106e-08, 4.23126742533e-08, 1.48680072698e-07, 1.96732386826e-07, 1.36773010695e-07, 4.76634397728e-07, 5.55788801648e-07, 3.50702890728e-07, 1.39306638395e-16],
        "max": [0.00515178311616, 0.139908194542, 0.213119521737, 0.12259555608, 0.104914695024, 0.0163270644844, 0.0159289315343, 0.0116903167218, 0.0121501041576, 0.0110630095005, 0.0168493203819, 0.00581803126261, 0.00496381055564, 0.00944313593209, 0.00492187030613, 0.00434950878844, 0.00612287689, 0.00207401672378, 0.00130363903008, 0.00138387223706, 0.00308719999157, 0.00408977270126, 0.0029898241628, 0.00549289444461, 0.00643416121602, 0.00618097372353, 3.05802416278e-07],
        "mean": [0.000565025839023, 0.0144756995142, 0.00930293649435, 0.00413759145886, 0.0054233125411, 0.00238783936948, 0.00165684206877, 0.00130127894226, 0.00147055147681, 0.000806292984635, 0.000746470526792, 0.000472273648484, 0.000351074180799, 0.000340304191923, 0.000318402657285, 0.000173378561158, 0.000171938459971, 9.70831970335e-05, 9.25204367377e-05, 0.000105930419522, 0.000123133911984, 0.000104065737105, 0.000147405531607, 0.000269541342277, 0.00027229153784, 0.000119849690236, 1.95204830078e-09],
        "median": [0.000360377423931, 0.00927009619772, 0.00579689396545, 0.00166384410113, 0.002660111757, 0.00185834988952, 0.00127078592777, 0.000860084779561, 0.00111005699728, 0.000379636621801, 0.000406371342251, 0.00031148159178, 0.00021294443286, 0.000210922458791, 0.000177082503797, 8.5099170974e-05, 7.55131768528e-05, 4.73649160995e-05, 4.76313616673e-05, 4.02904952352e-05, 3.12734555337e-05, 1.1524151887e-05, 9.40138761507e-06, 1.24444413814e-05, 8.1553016571e-06, 9.72663201537e-07, 6.63983090732e-10],
        "min": [3.01071031572e-06, 0.000135795155074, 0.000107937383291, 5.68311297684e-05, 0.000147420229041, 5.94931698288e-05, 6.62164966343e-05, 2.98432460113e-05, 7.87105600466e-05, 9.10685957933e-06, 1.73045136762e-05, 8.39418680698e-06, 9.72541602096e-06, 8.64548292157e-06, 8.4663324742e-06, 3.31607429871e-06, 2.60812339548e-06, 2.29155602938e-06, 3.18176216751e-06, 1.17683737244e-06, 3.91547303025e-07, 2.90545528969e-07, 6.54473666373e-08, 1.49815182482e-08, 3.62272489784e-10, 3.71719183212e-11, 4.36545591342e-11],
        "var": [3.53688960786e-07, 0.000253723061178, 0.000141836571856, 8.17733671283e-05, 8.07607284514e-05, 4.16960983785e-06, 2.30002910939e-06, 2.04953448701e-06, 1.71981844233e-06, 1.4353769302e-06, 1.6833994323e-06, 2.24425775741e-07, 1.97273621438e-07, 2.95227323477e-07, 1.86954835613e-07, 6.83168579485e-08, 1.0267937256e-07, 1.84176833784e-08, 1.60488173861e-08, 2.81372276589e-08, 6.09227299719e-08, 7.36081204877e-08, 1.13278872504e-07, 3.810529563e-07, 4.55986338466e-07, 1.58202936973e-07, 1.20913251771e-16]
    },
    "erbbands": {
        "dmean": [0.177463680506, 1.72230124474, 4.77627706528, 6.90671777725, 13.6215257645, 7.17252111435, 5.68982648849, 10.3784675598, 11.7408370972, 14.2234888077, 16.7533187866, 14.7056798935, 14.7035255432, 13.8287715912, 14.812256813, 7.8293223381, 8.28328609467, 11.1709375381, 9.47889232635, 7.73467350006, 5.71086215973, 5.61132097244, 3.18696975708, 2.29214978218, 2.67864489555, 2.74592089653, 3.24469399452, 2.88325643539, 2.61853337288, 2.90105891228, 2.47543883324, 3.19793272018, 3.54369878769, 2.35157155991, 1.44179677963, 0.57515925169, 0.203223451972, 0.0186555236578, 0.000337959150784, 3.11766343657e-05],
        "dmean2": [0.289283305407, 2.81413841248, 7.66869497299, 11.2742872238, 20.5849533081, 11.1392469406, 8.81916713715, 17.0587177277, 20.5031681061, 19.3524112701, 26.2080020905, 23.072517395, 20.8241767883, 20.2929420471, 21.2058162689, 12.1959514618, 13.2756767273, 18.0549621582, 15.4210987091, 12.6665992737, 9.54706287384, 9.23480987549, 5.27183771133, 3.72215437889, 4.35046195984, 4.4157075882, 5.34344005585, 4.56346035004, 4.19087696075, 4.49343967438, 3.72703576088, 4.78210735321, 5.21805763245, 3.44842028618, 2.0810880661, 0.890372276306, 0.314201712608, 0.0293946359307, 0.000525294046383, 4.46887643193e-05],
        "dvar": [0.115472540259, 14.0692243576, 121.886672974, 343.664581299, 1884.05981445, 361.370849609, 83.4741592407, 147.070373535, 250.969589233, 463.482147217, 714.039428711, 480.236999512, 406.181945801, 662.095947266, 871.512023926, 106.36353302, 202.087722778, 573.006896973, 376.346710205, 167.487594604, 87.1731109619, 258.822479248, 34.1531143188, 25.2070388794, 26.0091819763, 38.4355049133, 73.8268585205, 101.703605652, 93.4923171997, 72.4353408813, 41.9248962402, 66.7507171631, 88.9818954468, 40.4803886414, 18.1830120087, 4.19502496719, 0.491581082344, 0.00428855000064, 1.31106492063e-06, 5.49013279283e-09],
        "dvar2": [0.319116711617, 36.0561790466, 317.858062744, 893.049682617, 4398.87255859, 951.533203125, 219.314163208, 418.486358643, 813.289001465, 900.447814941, 1566.06738281, 1124.3527832, 815.500793457, 1215.14709473, 1615.31713867, 256.718933105, 464.664886475, 1487.45715332, 936.419372559, 413.055297852, 238.567977905, 614.979003906, 84.474937439, 64.6419219971, 67.285194397, 99.0396652222, 191.932037354, 273.429534912, 252.469833374, 183.937774658, 96.7423477173, 146.846725464, 192.843994141, 86.3519287109, 37.7883224487, 9.9510602951, 1.1881159544, 0.0103265978396, 3.10830387207e-06, 1.14477023416e-08],
        "max": [3.53232431412, 36.2884407043, 178.911300659, 237.008880615, 504.93661499, 291.754394531, 101.260215759, 188.094451904, 127.035865784, 384.067260742, 317.076416016, 340.869232178, 357.911407471, 422.695220947, 551.546508789, 151.950958252, 232.100036621, 570.03112793, 364.475769043, 261.685272217, 121.076637268, 368.379577637, 92.5666046143, 67.0720748901, 51.6149978638, 64.7760162354, 100.831298828, 140.466110229, 145.537322998, 107.76990509, 72.2767868042, 89.8546218872, 104.388587952, 78.4773101807, 50.8927268982, 38.6025886536, 8.67183113098, 1.02030646801, 0.0159343890846, 0.000927895365749],
        "mean": [0.355600893497, 3.43645477295, 10.5357561111, 12.1167669296, 22.2568225861, 13.9521684647, 11.3754892349, 20.794418335, 20.4664268494, 30.9455776215, 32.9801597595, 30.6911773682, 32.504989624, 27.5884113312, 29.6826572418, 17.0187301636, 17.5119476318, 19.0470504761, 16.1816234589, 13.2857122421, 10.4632339478, 9.55651855469, 5.78650569916, 4.27670383453, 5.09720754623, 4.94418811798, 5.64288187027, 4.17452764511, 3.52256250381, 4.07760429382, 4.13807916641, 4.79050159454, 4.92213726044, 3.29320430756, 1.83605933189, 0.659772455692, 0.204982697964, 0.0180327612907, 0.000363466562703, 7.12122346158e-05],
        "median": [0.240647152066, 2.04072451591, 6.48301029205, 6.97065496445, 8.08200359344, 8.31755828857, 8.0144405365, 15.5434951782, 15.2481412888, 20.0827388763, 20.7014656067, 23.1077880859, 20.2419281006, 15.829709053, 18.9272098541, 12.0658006668, 10.6110286713, 11.6777839661, 8.4095249176, 7.5124502182, 5.59369516373, 4.61971521378, 2.80288696289, 2.22006034851, 2.51264309883, 1.89734864235, 1.61831998825, 0.841986715794, 0.439636975527, 0.334391444921, 0.2389318645, 0.233168900013, 0.224479883909, 0.10897847265, 0.0391783155501, 0.00750099495053, 0.001511033508, 9.07560752239e-05, 2.41288198595e-05, 4.29155043093e-05],
        "min": [0.00626087328419, 0.0478838793933, 0.132464051247, 0.404548436403, 0.284248828888, 0.267804145813, 0.373930037022, 0.510667800903, 0.586484193802, 0.986827194691, 1.36224830151, 2.09640431404, 2.11741709709, 1.50289690495, 1.13303387165, 0.756503760815, 0.707931578159, 0.513055205345, 0.499452590942, 0.39537152648, 0.247557193041, 0.37051320076, 0.185593858361, 0.15360930562, 0.169909194112, 0.0869141221046, 0.0341145060956, 0.011508718133, 0.0125704193488, 0.00422098813578, 0.00173063250259, 0.00124405685347, 0.000319538346957, 3.04746117763e-05, 1.62647920661e-05, 7.67911387811e-06, 3.62005675925e-06, 4.47784003654e-07, 2.81755524156e-06, 6.63885339236e-06],
        "var": [0.14520187676, 16.5117530823, 155.322799683, 337.811096191, 2150.10180664, 440.934692383, 133.368240356, 390.51083374, 311.049957275, 1155.62145996, 1361.98071289, 874.998962402, 1236.12756348, 1652.92150879, 1869.8338623, 250.502761841, 464.104217529, 797.184692383, 644.320800781, 308.187103271, 179.5574646, 338.250915527, 63.3418769836, 35.710975647, 45.6369018555, 61.0753860474, 102.693267822, 99.5687561035, 88.7827529907, 93.2551193237, 85.8490447998, 114.222351074, 136.955169678, 64.5963821411, 25.3965797424, 4.59595441818, 0.514506220818, 0.00462482403964, 1.46323611716e-06, 7.95921550889e-09]
    },
    "gfcc": {
        "mean": [3.57998943329, 137.963439941, -104.806228638, 29.7042541504, -53.9015426636, 21.9992046356, -29.5488090515, 11.0779342651, -16.9668197632, 0.0267358236015, -9.78102684021, -9.7694311142, -4.24124240875],
        "cov": [[4126.83105469, -3155.82421875, 1175.11291504, 142.78213501, -508.831176758, 756.694641113, -788.302185059, 444.43460083, -679.740722656, 421.063140869, -605.929321289, 339.648132324, -365.996307373], [-3155.82421875, 2789.28149414, -1078.44238281, -24.6486949921, 460.136230469, -682.056884766, 669.934143066, -438.118774414, 589.098693848, -396.256835938, 542.596313477, -325.901184082, 336.30557251], [1175.11291504, -1078.44238281, 841.933227539, -108.532897949, -127.344497681, 313.626800537, -253.192672729, 220.95489502, -255.923492432, 190.499038696, -239.163818359, 188.443725586, -174.09954834], [142.78213501, -24.6486949921, -108.532897949, 149.22164917, -21.9721832275, 4.62959384918, -6.02579069138, -34.8661308289, 14.2886962891, -31.8716411591, 26.1504573822, -32.2160301208, 24.5097332001], [-508.831176758, 460.136230469, -127.344497681, -21.9721832275, 167.010070801, -105.049888611, 122.079467773, -60.7762489319, 85.8227844238, -51.8484649658, 74.3108978271, -37.9162635803, 36.4273300171], [756.694641113, -682.056884766, 313.626800537, 4.62959384918, -105.049888611, 267.684661865, -142.126174927, 128.443984985, -136.841766357, 96.147277832, -117.714698792, 76.8084640503, -65.7828445435], [-788.302185059, 669.934143066, -253.192672729, -6.02579069138, 122.079467773, -142.126174927, 250.147354126, -97.9023895264, 160.479537964, -111.973091125, 124.280403137, -77.9922943115, 75.9292755127], [444.43460083, -438.118774414, 220.95489502, -34.8661308289, -60.7762489319, 128.443984985, -97.9023895264, 157.503570557, -88.6543502808, 91.5898590088, -90.3934020996, 60.8576164246, -52.1814575195], [-679.740722656, 589.098693848, -255.923492432, 14.2886962891, 85.8227844238, -136.841766357, 160.479537964, -88.6543502808, 186.084457397, -74.3314361572, 135.175842285, -75.7204589844, 77.5961227417], [421.063140869, -396.256835938, 190.499038696, -31.8716411591, -51.8484649658, 96.147277832, -111.973091125, 91.5898590088, -74.3314361572, 125.13256073, -64.6466598511, 62.2080841064, -55.4302024841], [-605.929321289, 542.596313477, -239.163818359, 26.1504573822, 74.3108978271, -117.714698792, 124.280403137, -90.3934020996, 135.175842285, -64.6466598511, 169.449737549, -53.6541633606, 84.2835540771], [339.648132324, -325.901184082, 188.443725586, -32.2160301208, -37.9162635803, 76.8084640503, -77.9922943115, 60.8576164246, -75.7204589844, 62.2080841064, -53.6541633606, 99.3746566772, -36.6388282776], [-365.996307373, 336.30557251, -174.09954834, 24.5097332001, 36.4273300171, -65.7828445435, 75.9292755127, -52.1814575195, 77.5961227417, -55.4302024841, 84.2835540771, -36.6388282776, 100.380348206]],
        "icov": [[0.00233548344113, 0.00252840830944, -0.000395882903831, -0.00198973645456, -0.000695612165146, 0.000293684832286, 0.000612407515291, 0.000668012769893, 0.000606318295468, -0.000174715169123, 0.000238617401919, 0.000550021359231, -0.000392203714], [0.00252840830944, 0.0104600498453, -0.00098785397131, 0.00291567808017, -0.00622290186584, 0.0063518867828, -0.00224809837528, 0.00196585478261, -0.00216640718281, 0.00434968015179, -0.007863025181, 0.007512957789, -0.00568664632738], [-0.000395882903831, -0.00098785397131, 0.00419177673757, 0.0014897545334, -7.25110003259e-05, -0.00290309335105, 0.000504206807818, -0.000756798137445, 0.000361223326763, -0.000355820724508, 0.00158528157044, -0.00385053851642, 0.00290943076834], [-0.00198973645456, 0.00291567808017, 0.0014897545334, 0.014624000527, -0.00190449971706, 0.000844315101858, 7.42127667763e-05, 0.00169340451248, -0.00253014359623, 0.00552737945691, -0.00687155593187, 0.00568340951577, -0.00308932340704], [-0.000695612165146, -0.00622290186584, -7.25110003259e-05, -0.00190449971706, 0.0145252719522, -0.0022330430802, -0.00225762906484, -0.000400045886636, 0.00230534281582, -0.00400465261191, 0.00423186738044, -0.00468750996515, 0.00415924098343], [0.000293684832286, 0.0063518867828, -0.00290309335105, 0.000844315101858, -0.0022330430802, 0.0147659722716, -0.00330108008347, -0.00237962813117, 0.000504043127876, 0.00191685953178, -0.00601616548374, 0.00600865110755, -0.00579084549099], [0.000612407515291, -0.00224809837528, 0.000504206807818, 7.42127667763e-05, -0.00225762906484, -0.00330108008347, 0.0154467634857, -0.00146889523603, -0.00657001603395, 0.00613737059757, 0.00222882046364, -0.00238823215477, 0.0025540147908], [0.000668012769893, 0.00196585478261, -0.000756798137445, 0.00169340451248, -0.000400045886636, -0.00237962813117, -0.00146889523603, 0.015789443627, -0.000522927904967, -0.0063883876428, 0.00246028532274, 0.000896369747352, -0.00283392821439], [0.000606318295468, -0.00216640718281, 0.000361223326763, -0.00253014359623, 0.00230534281582, 0.000504043127876, -0.00657001603395, -0.000522927904967, 0.0228301342577, -0.00592605443671, -0.00547975767404, 0.00300069781952, -0.000319588987622], [-0.000174715169123, 0.00434968015179, -0.000355820724508, 0.00552737945691, -0.00400465261191, 0.00191685953178, 0.00613737059757, -0.0063883876428, -0.00592605443671, 0.0250989403576, -0.00774409435689, -0.000501415750477, 0.00232944870368], [0.000238617401919, -0.007863025181, 0.00158528157044, -0.00687155593187, 0.00423186738044, -0.00601616548374, 0.00222882046364, 0.00246028532274, -0.00547975767404, -0.00774409435689, 0.0276914425194, -0.010164973326, -0.00124579377007], [0.000550021359231, 0.007512957789, -0.00385053851642, 0.00568340951577, -0.00468750996515, 0.00600865110755, -0.00238823215477, 0.000896369747352, 0.00300069781952, -0.000501415750477, -0.010164973326, 0.0275167170912, -0.00733814062551], [-0.000392203714, -0.00568664632738, 0.00290943076834, -0.00308932340704, 0.00415924098343, -0.00579084549099, 0.0025540147908, -0.00283392821439, -0.000319588987622, 0.00232944870368, -0.00124579377007, -0.00733814062551, 0.0245761573315]]
    },
    "melbands": {
        "dmean": [0.00174512434751, 0.00228919717483, 0.0014989124611, 0.000707908999175, 0.000204067619052, 0.000239820787101, 0.000171559047885, 0.000140187257784, 0.000136416885653, 9.52197951847e-05, 7.36992951715e-05, 5.65076443308e-05, 6.44113461021e-05, 2.79621290247e-05, 2.05880896829e-05, 2.03966919798e-05, 1.98214092961e-05, 1.5409079424e-05, 1.20661379697e-05, 7.42427710065e-06, 7.44735189073e-06, 6.48705690764e-06, 4.13643283537e-06, 3.00885926663e-06, 1.8541920781e-06, 2.17375850298e-06, 1.91827166418e-06, 1.94883023141e-06, 2.25511166718e-06, 1.87672651464e-06, 1.76027390353e-06, 1.51477399868e-06, 1.71512067482e-06, 1.71763758772e-06, 1.44209343489e-06, 1.66184474892e-06, 2.35384527514e-06, 2.75260708804e-06, 2.32659635913e-06, 1.97160215976e-06],
        "dmean2": [0.00286016147584, 0.00356084341183, 0.00237724534236, 0.00107243296225, 0.000314421049552, 0.000398735370254, 0.000293572578812, 0.000195479922695, 0.000214401065023, 0.000147326732986, 0.000104249273136, 8.37095576571e-05, 9.15346754482e-05, 4.25180878665e-05, 3.24833090417e-05, 3.30098191625e-05, 3.2224910683e-05, 2.53343459917e-05, 1.98794077733e-05, 1.20521181088e-05, 1.25589458548e-05, 1.07905862023e-05, 6.80416633259e-06, 5.01613703818e-06, 3.03746242025e-06, 3.64908964912e-06, 3.10392829306e-06, 3.1589977425e-06, 3.7237775814e-06, 3.16129558087e-06, 2.77157096207e-06, 2.44494731305e-06, 2.79351911558e-06, 2.70271789304e-06, 2.23701886171e-06, 2.59658759205e-06, 3.64662355423e-06, 4.10890788771e-06, 3.49553101842e-06, 3.01258592117e-06],
        "dvar": [1.24891830637e-05, 2.49687636824e-05, 1.79872258741e-05, 4.52247832072e-06, 1.30869253212e-07, 7.65392584867e-08, 4.74702339659e-08, 4.13495406804e-08, 4.22568824376e-08, 1.76041279332e-08, 1.01218899928e-08, 1.22919345813e-08, 1.85400175212e-08, 1.6288115301e-09, 1.04805686352e-09, 1.43430178845e-09, 1.71335057253e-09, 1.33425914761e-09, 3.8402481195e-10, 2.05471709092e-10, 1.513527359e-10, 2.38098041283e-10, 1.47135678641e-10, 2.84552156143e-11, 1.85738282393e-11, 1.68789184019e-11, 1.31627356584e-11, 1.98927940093e-11, 2.92304236371e-11, 3.61842708574e-11, 3.65955321602e-11, 3.27402167877e-11, 2.94355546882e-11, 2.55340297517e-11, 1.49276615374e-11, 1.88158447156e-11, 3.6460456182e-11, 5.28937137145e-11, 4.49657082402e-11, 3.09299183487e-11],
        "dvar2": [3.31156043103e-05, 6.19318670942e-05, 4.51850573882e-05, 1.05061617433e-05, 3.49590578708e-07, 2.23809152544e-07, 1.47483859791e-07, 8.14508709368e-08, 9.48200096218e-08, 4.13198755211e-08, 2.02853662756e-08, 2.26396750236e-08, 3.40485684092e-08, 3.71063757498e-09, 2.4889188488e-09, 3.49599371674e-09, 4.4982648717e-09, 3.2923797022e-09, 9.58308876697e-10, 5.1117621247e-10, 4.16653767044e-10, 5.77570546945e-10, 3.51395190723e-10, 7.67707425409e-11, 4.86320914095e-11, 4.43707362519e-11, 3.30138312521e-11, 5.21738173498e-11, 7.53272999532e-11, 9.82803699534e-11, 9.65508922812e-11, 8.69764954503e-11, 8.08309183475e-11, 6.53892287539e-11, 3.51848619684e-11, 4.48447980139e-11, 8.36510583024e-11, 1.21570531419e-10, 9.94587537329e-11, 7.01540076031e-11],
        "max": [0.0317768342793, 0.0684569031, 0.054024040699, 0.0272772256285, 0.00541603285819, 0.00381700647995, 0.00206020427868, 0.00350985839032, 0.00242905179039, 0.00188934593461, 0.00178970489651, 0.00186073966324, 0.00257461797446, 0.00084187858738, 0.000573064433411, 0.000845822796691, 0.000969411979895, 0.000839653192088, 0.000422440643888, 0.000360205885954, 0.000162977521541, 0.000343676918419, 0.000249140866799, 6.16449833615e-05, 5.70855045225e-05, 4.95944914292e-05, 3.44246727764e-05, 5.00395908603e-05, 5.68078758079e-05, 7.7046424849e-05, 8.24450034997e-05, 9.69221655396e-05, 6.48273271509e-05, 7.32180924388e-05, 3.94546041207e-05, 5.21819092683e-05, 6.99594529578e-05, 8.13856240711e-05, 0.000100889934401, 7.49413593439e-05],
        "mean": [0.00357758486643, 0.00538622727618, 0.00258572259918, 0.00132714491338, 0.000424344878411, 0.00047774091945, 0.000324021209963, 0.000311300333124, 0.000261205103016, 0.000196573484573, 0.000159077302669, 0.000107049898361, 0.000117063857033, 5.39307038707e-05, 4.09139283875e-05, 3.7516339944e-05, 3.28465685016e-05, 2.51205365203e-05, 2.00652502826e-05, 1.31065535243e-05, 1.23574054669e-05, 1.04053924588e-05, 6.28961333859e-06, 4.99150837641e-06, 3.11824328492e-06, 3.79328253075e-06, 3.49541505784e-06, 3.17275998896e-06, 3.77223159376e-06, 2.74775698017e-06, 2.36423443312e-06, 1.89251898064e-06, 2.1245523385e-06, 2.35633683587e-06, 2.27837585953e-06, 2.53823350249e-06, 3.172709512e-06, 3.58243755727e-06, 3.17278522743e-06, 2.60554452325e-06],
        "median": [0.00248206965625, 0.00351359252818, 0.00144112843554, 0.000631944683846, 0.000295639329124, 0.000362968683476, 0.000257382896962, 0.000218731380301, 0.000162874348462, 0.000150019739522, 9.79687392828e-05, 5.77787286602e-05, 6.6174325184e-05, 3.29114409396e-05, 2.36712876358e-05, 2.48399410339e-05, 2.01907514565e-05, 1.21014363685e-05, 1.11768076749e-05, 7.20360048945e-06, 6.2482508838e-06, 5.02199463881e-06, 2.44893635681e-06, 2.2529927719e-06, 1.45661090301e-06, 2.06479899134e-06, 1.41472401083e-06, 1.02399872048e-06, 1.08751817152e-06, 5.93832510276e-07, 4.0931155354e-07, 2.34685316514e-07, 2.04252202707e-07, 1.77069253482e-07, 1.39133035759e-07, 1.22717253248e-07, 1.46047824501e-07, 1.56819666586e-07, 1.2537336147e-07, 7.63162617545e-08],
        "min": [5.75515914534e-05, 0.000131008942844, 7.92709033703e-05, 1.98302695935e-05, 1.62316973729e-05, 9.48578599491e-06, 1.55421657837e-05, 7.25127529222e-06, 6.80506809658e-06, 1.12566740427e-05, 3.27537145495e-06, 4.84524116473e-06, 3.0389519452e-06, 1.4166089386e-06, 1.59434841862e-06, 9.27707958454e-07, 6.50729248264e-07, 5.71569785279e-07, 6.86214264078e-07, 2.89072460191e-07, 2.33438370856e-07, 1.68676180579e-07, 9.11826134598e-08, 7.16099322062e-08, 1.06879120665e-07, 1.04924424704e-07, 6.30509617849e-08, 6.67821709044e-09, 1.68563456526e-08, 6.542573594e-09, 2.65645616615e-09, 4.69339722642e-09, 2.86962542617e-09, 4.4670700472e-10, 6.84014178631e-10, 3.48392703575e-10, 1.80283135642e-10, 8.34635000002e-11, 6.85103839979e-12, 4.6974571585e-13],
