{
"highlevel": {
    "danceability": {
        "all": {
            "danceable": 0.157185196877,
            "not_danceable": 0.842814803123
        },
        "probability": 0.842814803123,
        "value": "not_danceable"
    },
    "gender": {
        "all": {
            "female": 0.659080862999,
            "male": 0.340919137001
        },
        "probability": 0.659080862999,
        "value": "female"
    },
    "genre_dortmund": {
        "all": {
            "alternative": 0.0336357988417,
            "blues": 0.587785661221,
            "electronic": 0.00974048580974,
            "folkcountry": 0.13654473424,
            "funksoulrnb": 0.0251308064908,
            "jazz": 0.168178364635,
            "pop": 0.00969421491027,
            "raphiphop": 0.0035382041242,
            "rock": 0.0257517341524
        },
        "probability": 0.587785661221,
        "value": "blues"
    },
    "genre_electronic": {
        "all": {
            "ambient": 0.705585002899,
            "dnb": 0.0876196473837,
            "house": 0.132893145084,
            "techno": 0.0216783601791,
            "trance": 0.0522238723934
        },
        "probability": 0.705585002899,
        "value": "ambient"
    },
    "genre_rosamerica": {
        "all": {
            "cla": 0.646735787392,
            "dan": 0.0140474885702,
            "hip": 0.0353541150689,
            "jaz": 0.0913670063019,
            "pop": 0.0429569073021,
            "rhy": 0.0921770632267,
            "roc": 0.0222283676267,
            "spe": 0.0551332905889
        },
        "probability": 0.646735787392,
        "value": "cla"
    },
    "genre_tzanetakis": {
        "all": {
            "blu": 0.088372156024,
            "cla": 0.0292037129402,
            "cou": 0.0876279100776,
            "dis": 0.0526174530387,
            "hip": 0.283293426037,
            "jaz": 0.270201772451,
            "met": 0.0376112498343,
            "pop": 0.0526574365795,
            "reg": 0.0545439757407,
            "roc": 0.0438708998263
        },
        "probability": 0.283293426037,
        "value": "hip"
    },
    "ismir04_rhythm": {
        "all": {
            "ChaChaCha": 0.133249789476,
            "Jive": 0.0946592092514,
            "Quickstep": 0.0840397253633,
            "Rumba-American": 0.026226747781,
            "Rumba-International": 0.0242588818073,
            "Rumba-Misc": 0.0128593528643,
            "Samba": 0.0381954535842,
            "Tango": 0.303021401167,
            "VienneseWaltz": 0.260604083538,
            "Waltz": 0.0228853654116
        },
        "probability": 0.303021401167,
        "value": "Tango"
    },
    "mood_acoustic": {
        "all": {
            "acoustic": 0.198933973908,
            "not_acoustic": 0.801066040993
        },
        "probability": 0.801066040993,
        "value": "not_acoustic"
    },
    "mood_aggressive": {
        "all": {
            "aggressive": 0.185271963477,
            "not_aggressive": 0.814728021622
        },
        "probability": 0.814728021622,
        "value": "not_aggressive"
    },
    "mood_electronic": {
        "all": {
            "electronic": 0.591607570648,
            "not_electronic": 0.408392429352
        },
        "probability": 0.591607570648,
        "value": "electronic"
    },
    "mood_happy": {
        "all": {
            "happy": 0.996832191944,
            "not_happy": 0.00316778267734
        },
        "probability": 0.996832191944,
        "value": "happy"
    },
    "mood_party": {
        "all": {
            "not_party": 0.470301002264,
            "party": 0.529699027538
        },
        "probability": 0.529699027538,
        "value": "party"
    },
    "mood_relaxed": {
        "all": {
            "not_relaxed": 0.442553877831,
            "relaxed": 0.557446122169
        },
        "probability": 0.557446122169,
        "value": "relaxed"
    },
    "mood_sad": {
        "all": {
            "not_sad": 0.325995653868,
            "sad": 0.67400431633
        },
        "probability": 0.67400431633,
        "value": "sad"
    },
    "moods_mirex": {
        "all": {
            "Cluster1": 0.125032529235,
            "Cluster2": 0.251548320055,
            "Cluster3": 0.109356552362,
            "Cluster4": 0.271955490112,
            "Cluster5": 0.242107093334
        },
        "probability": 0.271955490112,
        "value": "Cluster4"
    },
    "timbre": {
        "all": {
            "bright": 0.968340337276,
            "dark": 0.0316596440971
        },
        "probability": 0.968340337276,
        "value": "bright"
    },
    "tonal_atonal": {
        "all": {
            "atonal": 0.837330639362,
            "tonal": 0.162669360638
        },
        "probability": 0.837330639362,
        "value": "atonal"
    },
    "voice_instrumental": {
        "all": {
            "instrumental": 0.111305952072,
            "voice": 0.888694047928
        },
        "probability": 0.888694047928,
        "value": "voice"
    }
},
"lowlevel": {
    "average_loudness": 0.973659813404,
    "barkbands_crest": {
        "dmean": 2.67949581146,
        "dmean2": 4.34061336517,
        "dvar": 5.84450054169,
        "dvar2": 14.3415613174,
        "max": 23.8139438629,
        "mean": 10.3384752274,
        "median": 9.43451690674,
        "min": 3.05979657173,
        "var": 18.8505744934
    },
    "barkbands_flatness_db": {
        "dmean": 0.0195270851254,
        "dmean2": 0.0294616483152,
        "dvar": 0.000278925144812,
        "dvar2": 0.000603579392191,
        "max": 0.315249532461,
        "mean": 0.173492982984,
        "median": 0.16776278615,
        "min": 0.0804915651679,
        "var": 0.00148577301297
    },
    "barkbands_kurtosis": {
        "dmean": 1.08958745003,
        "dmean2": 1.72792708874,
        "dvar": 2.80741262436,
        "dvar2": 6.83893013,
        "max": 33.2474822998,
        "mean": 0.166544735432,
        "median": -0.628745079041,
        "min": -1.92022979259,
        "var": 6.00761985779
    },
    "barkbands_skewness": {
        "dmean": 0.445439308882,
        "dmean2": 0.685489594936,
        "dvar": 0.164982318878,
        "dvar2": 0.390497267246,
        "max": 3.72376847267,
        "mean": -0.161753728986,
        "median": -0.151267692447,
        "min": -3.36559224129,
        "var": 0.923775732517
    },
    "barkbands_spread": {
        "dmean": 5.96988582611,
        "dmean2": 9.23958110809,
        "dvar": 31.928188324,
        "dvar2": 75.9645233154,
        "max": 67.4529647827,
        "mean": 29.3942203522,
        "median": 29.1044769287,
        "min": 2.90106225014,
        "var": 129.80317688
    },
    "dissonance": {
        "dmean": 0.0134258568287,
        "dmean2": 0.0233702044934,
        "dvar": 0.000307994050672,
        "dvar2": 0.000889308110345,
        "max": 0.499875664711,
        "mean": 0.478261560202,
        "median": 0.483116418123,
        "min": 0.322246015072,
        "var": 0.000370697525796
    },
    "dynamic_complexity": 2.19578838348,
    "erbbands_crest": {
        "dmean": 3.46799349785,
        "dmean2": 5.56892871857,
        "dvar": 9.72984027863,
        "dvar2": 24.1725234985,
        "max": 30.8566875458,
        "mean": 12.8478498459,
        "median": 11.7089366913,
        "min": 3.30063414574,
        "var": 30.8861351013
    },
    "erbbands_flatness_db": {
        "dmean": 0.0202582832426,
        "dmean2": 0.0303056593984,
        "dvar": 0.000341782084433,
        "dvar2": 0.000697748269886,
        "max": 0.390395581722,
        "mean": 0.238078773022,
        "median": 0.232742771506,
        "min": 0.128860861063,
        "var": 0.00191136833746
    },
    "erbbands_kurtosis": {
        "dmean": 1.38784039021,
        "dmean2": 2.2428560257,
        "dvar": 3.09249997139,
        "dvar2": 7.56402444839,
        "max": 17.8054466248,
        "mean": 1.33750557899,
        "median": 0.700878381729,
        "min": -1.74500882626,
        "var": 6.37717056274
    },
    "erbbands_skewness": {
        "dmean": 0.417214781046,
        "dmean2": 0.651559829712,
        "dvar": 0.144201442599,
        "dvar2": 0.344011694193,
        "max": 3.80443000793,
        "mean": -0.610149681568,
        "median": -0.67431885004,
        "min": -3.57771754265,
        "var": 0.765916585922
    },
    "erbbands_spread": {
        "dmean": 6.32278585434,
        "dmean2": 10.0221004486,
        "dvar": 39.6581687927,
        "dvar2": 93.5412597656,
        "max": 78.9018554688,
        "mean": 26.6729049683,
        "median": 24.5710716248,
        "min": 4.33985567093,
        "var": 203.598876953
    },
    "hfc": {
        "dmean": 6.705514431,
        "dmean2": 9.82212924957,
        "dvar": 57.5934295654,
        "dvar2": 118.972244263,
        "max": 102.436569214,
        "mean": 20.5267086029,
        "median": 18.0309391022,
        "min": 0.23023223877,
        "var": 231.957397461
    },
    "melbands_crest": {
        "dmean": 3.30696558952,
        "dmean2": 5.29635667801,
        "dvar": 8.40445899963,
        "dvar2": 19.9085216522,
        "max": 31.8012180328,
        "mean": 13.3314647675,
        "median": 12.0159130096,
        "min": 3.98316693306,
        "var": 33.825050354
    },
    "melbands_flatness_db": {
        "dmean": 0.0188762769103,
        "dmean2": 0.02775827609,
        "dvar": 0.000290441472316,
        "dvar2": 0.000573700293899,
        "max": 0.32865858078,
        "mean": 0.157498762012,
        "median": 0.153609752655,
        "min": 0.0438369289041,
        "var": 0.00176846329123
    },
    "melbands_kurtosis": {
        "dmean": 1.7404872179,
        "dmean2": 2.75433039665,
        "dvar": 7.70300769806,
        "dvar2": 16.8170528412,
        "max": 45.2469978333,
        "mean": 1.49590623379,
        "median": 0.101611375809,
        "min": -1.82063639164,
        "var": 20.7802181244
    },
    "melbands_skewness": {
        "dmean": 0.521696090698,
        "dmean2": 0.805855810642,
        "dvar": 0.237521126866,
        "dvar2": 0.530001223087,
        "max": 6.41417074203,
        "mean": 0.861899852753,
        "median": 0.782779335976,
        "min": -1.79811513424,
        "var": 1.35070931911
    },
    "melbands_spread": {
        "dmean": 12.6364946365,
        "dmean2": 19.4713115692,
        "dvar": 147.203842163,
        "dvar2": 353.980651855,
        "max": 170.939163208,
        "mean": 55.2445793152,
        "median": 52.2272377014,
        "min": 3.17590641975,
        "var": 582.422058105
    },
    "pitch_salience": {
        "dmean": 0.0678454190493,
        "dmean2": 0.108676560223,
        "dvar": 0.0031172700692,
        "dvar2": 0.00830047670752,
        "max": 0.797763109207,
        "mean": 0.508045434952,
        "median": 0.507970809937,
        "min": 0.178822904825,
        "var": 0.0102640390396
    },
    "silence_rate_20dB": {
        "dmean": 0,
        "dmean2": 0,
        "dvar": 0,
        "dvar2": 0,
        "max": 1,
        "mean": 1,
        "median": 1,
        "min": 1,
        "var": 0
    },
    "silence_rate_30dB": {
        "dmean": 0,
        "dmean2": 0,
        "dvar": 0,
        "dvar2": 0,
        "max": 1,
        "mean": 1,
        "median": 1,
        "min": 1,
        "var": 0
    },
    "silence_rate_60dB": {
        "dmean": 0.0433436520398,
        "dmean2": 0.0867544561625,
        "dvar": 0.041464637965,
        "dvar2": 0.0916205048561,
        "max": 1,
        "mean": 0.0765661224723,
        "median": 0,
        "min": 0,
        "var": 0.0707037821412
    },
    "spectral_centroid": {
        "dmean": 266.448455811,
        "dmean2": 404.11340332,
        "dvar": 61776.5273438,
        "dvar2": 130019.398438,
        "max": 4113.94189453,
        "mean": 2522.99731445,
        "median": 2563.26586914,
        "min": 422.855773926,
        "var": 350381.3125
    },
    "spectral_complexity": {
        "dmean": 2.84907126427,
        "dmean2": 4.23160362244,
        "dvar": 7.38817739487,
        "dvar2": 14.7356939316,
        "max": 45,
        "mean": 14.2157773972,
        "median": 13,
        "min": 0,
        "var": 40.8837890625
    },
    "spectral_decrease": {
        "dmean": 6.3500343872e-10,
        "dmean2": 9.31521637604e-10,
        "dvar": 4.03796901414e-19,
        "dvar2": 7.54726518531e-19,
        "max": -2.07927338541e-11,
        "mean": -2.46240627888e-09,
        "median": -2.38776887151e-09,
        "min": -1.08335651561e-08,
        "var": 1.85297452801e-18
    },
    "spectral_energy": {
        "dmean": 0.0029223493766,
        "dmean2": 0.00428061792627,
        "dvar": 8.56251517689e-06,
        "dvar2": 1.60395520652e-05,
        "max": 0.0454843901098,
        "mean": 0.0111555252224,
        "median": 0.010888335295,
        "min": 0.000100952624052,
        "var": 3.93991213059e-05
    },
    "spectral_energyband_high": {
        "dmean": 0.000357832992449,
        "dmean2": 0.000534620310646,
        "dvar": 7.56339829877e-07,
        "dvar2": 1.7502928813e-06,
        "max": 0.0134801659733,
        "mean": 0.000737332622521,
        "median": 0.000365539191989,
        "min": 7.37239179216e-06,
        "var": 1.50739538185e-06
    },
    "spectral_energyband_low": {
        "dmean": 0.000480459304526,
        "dmean2": 0.000713119690772,
        "dvar": 5.89511671478e-07,
        "dvar2": 1.20618926758e-06,
        "max": 0.00993978139013,
        "mean": 0.000925885920878,
        "median": 0.000458550581243,
        "min": 1.99598980544e-06,
        "var": 1.82384189884e-06
    },
    "spectral_energyband_middle_high": {
        "dmean": 0.00229774462059,
        "dmean2": 0.00342264445499,
        "dvar": 6.36336153548e-06,
        "dvar2": 1.29054342324e-05,
        "max": 0.0329493172467,
        "mean": 0.00677605299279,
        "median": 0.00549606047571,
        "min": 4.48226201115e-05,
        "var": 2.72564629995e-05
    },
    "spectral_energyband_middle_low": {
        "dmean": 0.000970273744315,
        "dmean2": 0.00144108035602,
        "dvar": 1.69266149896e-06,
        "dvar2": 3.412453907e-06,
        "max": 0.0299497582018,
        "mean": 0.00281853345223,
        "median": 0.00193266826682,
        "min": 2.36176019826e-05,
        "var": 9.48599517869e-06
    },
    "spectral_entropy": {
        "dmean": 0.165419995785,
        "dmean2": 0.248212650418,
        "dvar": 0.023748839274,
        "dvar2": 0.0487105883658,
        "max": 8.14652061462,
        "mean": 7.30243587494,
        "median": 7.36601638794,
        "min": 5.76146650314,
        "var": 0.145927652717
    },
    "spectral_flux": {
        "dmean": 0.0169665329158,
        "dmean2": 0.0277757868171,
        "dvar": 0.000251845602179,
        "dvar2": 0.00065999670187,
        "max": 0.182823359966,
        "mean": 0.0627285912633,
        "median": 0.0614586174488,
        "min": 0.00784269813448,
        "var": 0.00064675923204
    },
    "spectral_kurtosis": {
        "dmean": 2.15491318703,
        "dmean2": 3.76908373833,
        "dvar": 4.16506910324,
        "dvar2": 11.6836442947,
        "max": 20.630739212,
        "mean": 3.85531306267,
        "median": 3.16103792191,
        "min": -0.361277341843,
        "var": 8.04029083252
    },
    "spectral_rms": {
        "dmean": 0.000446803984232,
        "dmean2": 0.000643216713797,
        "dvar": 1.76522235051e-07,
        "dvar2": 3.2003316619e-07,
        "max": 0.00666145747527,
        "mean": 0.00315151526593,
        "median": 0.0032592585776,
        "min": 0.000313831755193,
        "var": 9.51358174461e-07
    },
    "spectral_rolloff": {
        "dmean": 407.513458252,
        "dmean2": 678.204772949,
        "dvar": 330172.96875,
        "dvar2": 694323,
        "max": 8139.55078125,
        "mean": 3055.80151367,
        "median": 3079.24804688,
        "min": 129.19921875,
        "var": 912127.125
    },
    "spectral_skewness": {
        "dmean": 0.260198265314,
        "dmean2": 0.443273752928,
        "dvar": 0.0540957897902,
        "dvar2": 0.160414010286,
        "max": 3.25946068764,
        "mean": 0.896781742573,
        "median": 0.873669445515,
        "min": -0.0145114492625,
        "var": 0.106066860259
    },
    "spectral_spread": {
        "dmean": 305716.125,
        "dmean2": 481010.96875,
        "dvar": 82509635584,
        "dvar2": 179227131904,
        "max": 6475906,
        "mean": 3080727,
        "median": 3033972.5,
        "min": 1637610,
        "var": 374610984960
    },
    "spectral_strongpeak": {
        "dmean": 1.60761141777,
        "dmean2": 2.73028469086,
        "dvar": 4.58272600174,
        "dvar2": 12.5293388367,
        "max": 24.8610992432,
        "mean": 2.57978844643,
        "median": 1.47066950798,
        "min": 0.0114115225151,
        "var": 8.46500778198
    },
    "zerocrossingrate": {
        "dmean": 0.0100536048412,
        "dmean2": 0.0112403025851,
        "dvar": 8.59477659105e-05,
        "dvar2": 0.000107550127723,
        "max": 0.2314453125,
        "mean": 0.0965157970786,
        "median": 0.09521484375,
        "min": 0.01611328125,
        "var": 0.000824770424515
    },
    "barkbands": {
        "dmean": [1.07578898678e-06, 0.000203405623324, 0.000298885657685, 4.95494350616e-05, 0.000472306419397, 0.000394478731323, 0.000246418698225, 0.000172667991137, 0.000114445545478, 9.40078462008e-05, 0.000110923057946, 0.000201510920306, 0.000580001098569, 0.000607432215475, 0.000310210132739, 0.000291585893137, 0.000293428689474, 0.000596314843278, 0.000215619380469, 0.000809934223071, 0.000117968316772, 7.48703823774e-05, 3.33120697178e-05, 1.33879048008e-05, 2.41597513195e-06, 1.72584151414e-07, 9.67092184112e-10],
        "dmean2": [1.87995328815e-06, 0.000317682570312, 0.000424049270805, 8.2941740402e-05, 0.000820313813165, 0.000548329844605, 0.000368189212168, 0.000263813359197, 0.000175601686351, 0.000149915140355, 0.000170812709257, 0.000305986293824, 0.000855007150676, 0.000986390863545, 0.000480213435367, 0.000473372318083, 0.000461187533801, 0.000897471734788, 0.000340674538165, 0.00126411556266, 0.000177291716682, 0.000108438864117, 4.79616537632e-05, 1.94656022359e-05, 3.69668009625e-06, 2.85908981823e-07, 1.33184019369e-09],
        "dvar": [2.05541703449e-12, 8.62113083144e-08, 4.04301033541e-07, 7.87951748293e-09, 5.18519811976e-07, 9.53505718826e-07, 6.03367880103e-07, 1.78068958689e-07, 1.14422981312e-07, 1.01306483202e-07, 1.99640624032e-07, 6.61212652631e-07, 1.66428878856e-06, 1.67989401234e-06, 4.89165870476e-07, 5.73983697905e-07, 6.15595752151e-07, 1.60740421506e-06, 1.39776275887e-07, 2.15555269278e-06, 6.80080489701e-08, 3.14452464067e-08, 9.25428622622e-09, 1.92386195863e-09, 5.75499023436e-11, 3.94251851218e-13, 2.21846015404e-16],
        "dvar2": [5.64949042409e-12, 2.38521693063e-07, 7.51394736653e-07, 2.07303720856e-08, 1.48075764628e-06, 1.74458625679e-06, 8.67853430009e-07, 3.23901502952e-07, 2.36212116533e-07, 2.39384007727e-07, 3.7258695329e-07, 1.14000579288e-06, 3.3700766835e-06, 4.11453538618e-06, 1.12745578917e-06, 1.26110387555e-06, 1.54193219259e-06, 3.23270433e-06, 3.14199837703e-07, 5.13911118105e-06, 1.4070292309e-07, 5.89786530725e-08, 1.6978592754e-08, 4.22049728499e-09, 1.24950494396e-10, 1.06783711647e-12, 2.2302639552e-16],
        "max": [1.28169867821e-05, 0.00292344298214, 0.00869780406356, 0.00112234230619, 0.00614359835163, 0.0259548686445, 0.0215298887342, 0.0120013235137, 0.00826689787209, 0.00489860866219, 0.0087854154408, 0.0265278182924, 0.0208388585597, 0.0153448320925, 0.0118235200644, 0.00891297869384, 0.0170744452626, 0.0175086595118, 0.00427321856841, 0.0219509601593, 0.00581921730191, 0.00344586162828, 0.00274990010075, 0.000962929974776, 0.000142138815136, 1.20679123938e-05, 5.01332863223e-07],
        "mean": [1.2205218809e-06, 0.000368898850866, 0.000516116269864, 6.27564149909e-05, 0.000834721897263, 0.000937696837354, 0.000450031657238, 0.000274433696177, 0.000183643525816, 0.000143955432577, 0.000190169113921, 0.000394187547499, 0.0010048126569, 0.00102793017868, 0.000534856575541, 0.000394846574636, 0.000528163276613, 0.000966539606452, 0.000360137200914, 0.00151732482482, 0.000221287977183, 0.000150289473822, 6.44259052933e-05, 2.27470663958e-05, 4.12799136029e-06, 2.07804248475e-07, 8.94585294731e-10],
        "median": [6.08987193118e-07, 0.000187876750715, 8.75782207004e-05, 2.2277708922e-05, 0.000311463110847, 0.000281445682049, 0.000137439434184, 0.000102530517324, 6.18212143308e-05, 3.53124414687e-05, 2.21474692808e-05, 7.82239512773e-05, 0.000138747534947, 0.000253811915172, 0.000168749058503, 0.000122803117847, 0.000121275101264, 0.000254066602793, 0.000154153181938, 0.00047915262985, 9.24167325138e-05, 5.71886230318e-05, 2.49387576332e-05, 9.50927733356e-06, 1.19534536225e-06, 6.53426752706e-08, 1.41436903855e-10],
        "min": [5.45573475286e-10, 9.62064859777e-07, 3.07720711135e-07, 1.32661114094e-07, 6.28756652077e-07, 1.02214187336e-06, 2.12298255065e-06, 1.21464938729e-06, 7.64571495893e-07, 7.56379506583e-07, 2.69419928145e-07, 1.69454312982e-06, 5.73447152874e-07, 1.59941464517e-06, 1.12350642212e-06, 1.54613599079e-06, 8.4172154402e-07, 8.86035707026e-07, 6.40631071747e-07, 3.49156107404e-06, 1.6428074332e-06, 2.25531698561e-06, 5.84469944442e-07, 2.41273454549e-07, 2.72381175392e-08, 7.73672792498e-12, 8.4529796357e-12],
        "var": [2.73357898817e-12, 2.12079257267e-07, 1.33325647766e-06, 1.27021984042e-08, 1.33171033667e-06, 3.24413531416e-06, 2.0030304313e-06, 6.03934893206e-07, 2.79940024939e-07, 1.78721535349e-07, 5.392211051e-07, 2.61479840447e-06, 5.78082563152e-06, 4.11828159486e-06, 1.10756695904e-06, 7.41960263895e-07, 1.66357767739e-06, 3.3687499581e-06, 3.25338220364e-07, 6.73368140269e-06, 1.84871112197e-07, 1.01618510939e-07, 2.33624195545e-08, 3.38732819571e-09, 1.24218954567e-10, 3.5738735105e-13, 2.2176353557e-16]
    },
    "erbbands": {
        "dmean": [0.00321540189907, 0.057922642678, 0.302117466927, 0.245997801423, 0.678207457066, 1.97352147102, 2.63278365135, 3.12891864777, 3.55686211586, 2.8984913826, 3.76520013809, 3.04072570801, 2.878439188, 2.41716217995, 5.21687793732, 9.4069185257, 21.8128452301, 32.450958252, 15.1156377792, 14.3126659393, 18.3409633636, 15.0862188339, 33.8270683289, 15.55697155, 27.2258605957, 29.5673427582, 5.34930610657, 5.1199016571, 2.91458296776, 1.34078145027, 0.853325784206, 0.391593486071, 0.178123727441, 0.040793299675, 0.0108082452789, 0.00164566189051, 0.000204826821573, 1.450254058e-05, 2.96225471175e-06, 4.2990059228e-06],
        "dmean2": [0.00472601363435, 0.0898493379354, 0.427373081446, 0.37704885006, 1.18694162369, 3.41358017921, 3.75523996353, 4.55799818039, 5.3127579689, 4.21667194366, 5.88289737701, 4.74690103531, 4.40464305878, 3.71915268898, 7.92463970184, 14.1050977707, 32.4792747498, 52.0027275085, 22.8180370331, 21.9634208679, 29.4433460236, 23.5754356384, 50.347026825, 22.7567405701, 43.8418731689, 44.9190788269, 8.11097049713, 7.69230127335, 4.32862329483, 1.93021130562, 1.25566732883, 0.578070878983, 0.265312254429, 0.0599756874144, 0.0173332002014, 0.00271150097251, 0.000344780070009, 2.31686954066e-05, 4.22512039222e-06, 6.23411460765e-06],
        "dvar": [2.07503326237e-05, 0.00690563488752, 0.371972829103, 0.223929360509, 1.78777778149, 9.2106256485, 33.6818885803, 84.3844299316, 144.609176636, 55.9511222839, 52.9959793091, 111.495986938, 97.0811767578, 69.0655517578, 402.705444336, 1596.23059082, 2658.76660156, 4149.03076172, 1467.34020996, 912.847045898, 2213.57836914, 1208.3182373, 6644.49462891, 820.860900879, 2840.29541016, 3425.9140625, 127.67301178, 197.776687622, 51.6739387512, 14.523815155, 5.73766231537, 1.86995899677, 0.33110499382, 0.0156194521114, 0.00201034802012, 4.07320585509e-05, 7.13716246992e-07, 5.03761432569e-09, 1.69048438442e-11, 1.93278986566e-11],
        "dvar2": [5.0141079555e-05, 0.0184509586543, 0.650558888912, 0.547118961811, 5.04127979279, 26.6959018707, 59.3719444275, 165.235671997, 206.070083618, 100.174758911, 127.263084412, 240.099655151, 216.149139404, 142.438949585, 705.297729492, 2720.421875, 5308.36035156, 9384.31542969, 3738.17041016, 1856.41784668, 4890.13330078, 2905.04833984, 13439.2119141, 1415.93103027, 7495.78466797, 7532.49267578, 284.394134521, 371.705474854, 102.347221375, 28.1284790039, 10.4408121109, 4.24406766891, 0.691491723061, 0.0281274877489, 0.00520960846916, 0.000107612766442, 2.00245312953e-06, 1.39368809826e-08, 3.2146771356e-11, 3.75393049978e-11],
        "max": [0.0649273172021, 0.802958607674, 8.8159236908, 5.29817056656, 13.6528272629, 30.2259082794, 161.28855896, 268.557037354, 386.059112549, 197.823455811, 122.549423218, 264.080932617, 198.143798828, 197.102722168, 375.777496338, 1285.93188477, 930.871520996, 816.878662109, 772.604675293, 443.252990723, 563.295043945, 650.231689453, 967.511657715, 570.797058105, 1038.58398438, 973.19152832, 236.250854492, 390.416320801, 151.381515503, 108.760314941, 54.8591575623, 25.8564281464, 14.1509561539, 2.93529295921, 1.02589929104, 0.132974103093, 0.0174565054476, 0.00154148158617, 7.64043215895e-05, 6.34756215732e-05],
        "mean": [0.00659740529954, 0.105415672064, 0.533275544643, 0.411207646132, 0.818042337894, 3.08645129204, 7.66407394409, 6.71998119354, 6.86924505234, 5.62093830109, 5.98468828201, 4.82427215576, 4.95998716354, 3.88197612762, 10.0750627518, 20.7655448914, 42.2046546936, 60.9190711975, 29.4206085205, 26.2716522217, 28.3228263855, 28.504278183, 52.5624465942, 28.2299575806, 52.8383369446, 54.3443489075, 11.2347927094, 9.68895435333, 6.00469017029, 2.68686437607, 1.74777519703, 0.662207067013, 0.304581195116, 0.0783158838749, 0.0162814520299, 0.00224235770293, 0.000270808115602, 2.27266227739e-05, 1.00221923276e-05, 1.58479924721e-05],
        "median": [0.00290373363532, 0.0580635480583, 0.140562713146, 0.125577643514, 0.272289931774, 1.1754693985, 1.97974717617, 2.26835155487, 2.03296518326, 1.9399241209, 2.84814810753, 1.86523604393, 1.10472631454, 1.29681146145, 1.64528155327, 4.24294519424, 7.68549585342, 18.3824672699, 11.3575391769, 10.290356636, 9.95118999481, 10.041888237, 15.2593269348, 13.4659862518, 20.1376514435, 18.7471294403, 6.45950031281, 3.1585547924, 2.45560121536, 1.09940338135, 0.693039059639, 0.288665235043, 0.106055945158, 0.0251605510712, 0.00428909622133, 0.000656427000649, 9.8947857623e-05, 1.13948381113e-05, 9.02001374925e-06, 1.50509804371e-05],
        "min": [1.52990251081e-05, 0.000138991817948, 0.000416188704548, 0.0010568756843, 0.00166338379495, 0.00251571531408, 0.00408110581338, 0.00969343166798, 0.0185434408486, 0.0307184439152, 0.0214443393052, 0.0332563221455, 0.0226605739444, 0.0309772212058, 0.051101796329, 0.0712606012821, 0.0364219471812, 0.0847991928458, 0.267973273993, 0.321732193232, 0.106613308191, 0.0779693499207, 0.0559416040778, 0.0761180818081, 0.102680131793, 0.16086512804, 0.0728706195951, 0.120369046926, 0.0966880396008, 0.0196560341865, 0.0145293185487, 0.00688393460587, 0.00254266732372, 0.00063749763649, 5.5151671404e-05, 5.41249119124e-06, 9.99911549115e-07, 2.53662591376e-07, 1.44402193314e-07, 1.71921570313e-07],
        "var": [8.85132176336e-05, 0.0162407159805, 1.2799063921, 0.541245222092, 1.97433972359, 19.9944648743, 356.124633789, 204.719863892, 542.724121094, 235.978561401, 118.343002319, 230.572814941, 247.247192383, 122.018089294, 1302.31225586, 6604.49658203, 9876.29589844, 11643.3916016, 3904.46044922, 2285.84716797, 3172.9387207, 3147.00708008, 11672.7089844, 1963.39172363, 7593.63867188, 8576.39355469, 409.068695068, 425.928894043, 155.071365356, 39.0122108459, 15.3100404739, 2.98755550385, 0.622060120106, 0.0428890883923, 0.00249044015072, 3.99056989409e-05, 6.0924742229e-07, 3.83174203478e-09, 5.2598946032e-11, 8.86394499466e-11]
    },
    "gfcc": {
        "mean": [-57.0244293213, 90.5009918213, -179.21194458, 66.7817840576, -62.0828742981, 2.7356133461, -35.6745910645, -8.65991687775, -11.3968839645, 0.0320503152907, 5.80774784088, -13.8847866058, -4.43706512451],
        "cov": [[1634.75024414, -325.634735107, -79.8356552124, -20.3311519623, -207.083251953, -62.9161109924, -100.65196991, -5.07986211777, -136.544815063, -38.7108650208, -58.599319458, 56.4181060791, -18.0413246155], [-325.634735107, 701.244262695, 135.586837769, 8.71862697601, 62.9647789001, -61.2187995911, 28.0883750916, -40.2459640503, 66.9516220093, -107.989234924, -14.3436260223, -96.4593505859, 8.77428150177], [-79.8356552124, 135.586837769, 335.789642334, 130.920944214, -43.7311859131, -12.024772644, -81.5265274048, -0.741773664951, -10.9718971252, 17.7842540741, -23.3915996552, -24.6973800659, 37.9639396667], [-20.3311519623, 8.71862697601, 130.920944214, 254.369674683, 137.726547241, -33.9689598083, 24.9480648041, 16.9053001404, 25.2232875824, 6.20063400269, -28.2174263, -50.5835113525, 13.4458398819], [-207.083251953, 62.9647789001, -43.7311859131, 137.726547241, 356.821868896, 48.9101409912, 141.421844482, 13.6370992661, 38.4208908081, 34.2352027893, 9.74229335785, -40.0217475891, -77.4770202637], [-62.9161109924, -61.2187995911, -12.024772644, -33.9689598083, 48.9101409912, 305.359558105, 125.166603088, 1.64557778835, -0.927138924599, 4.18023252487, 40.039440155, 16.4032649994, -75.3694839478], [-100.65196991, 28.0883750916, -81.5265274048, 24.9480648041, 141.421844482, 125.166603088, 245.079452515, 58.6547698975, 18.314743042, 3.21086239815, 9.26133728027, -16.4574775696, -45.0087661743], [-5.07986211777, -40.2459640503, -0.741773664951, 16.9053001404, 13.6370992661, 1.64557778835, 58.6547698975, 153.387435913, 49.7119522095, 16.2699985504, -11.9240112305, 13.8774671555, 25.7234668732], [-136.544815063, 66.9516220093, -10.9718971252, 25.2232875824, 38.4208908081, -0.927138924599, 18.314743042, 49.7119522095, 125.148399353, 39.540184021, 2.7052488327, -16.7202358246, 11.1362924576], [-38.7108650208, -107.989234924, 17.7842540741, 6.20063400269, 34.2352027893, 4.18023252487, 3.21086239815, 16.2699985504, 39.540184021, 163.016784668, 45.3470649719, -8.65951251984, -9.37608528137], [-58.599319458, -14.3436260223, -23.3915996552, -28.2174263, 9.74229335785, 40.039440155, 9.26133728027, -11.9240112305, 2.7052488327, 45.3470649719, 136.332885742, 46.5398445129, -28.8281974792], [56.4181060791, -96.4593505859, -24.6973800659, -50.5835113525, -40.0217475891, 16.4032649994, -16.4574775696, 13.8774671555, -16.7202358246, -8.65951251984, 46.5398445129, 165.695449829, 46.5188598633], [-18.0413246155, 8.77428150177, 37.9639396667, 13.4458398819, -77.4770202637, -75.3694839478, -45.0087661743, 25.7234668732, 11.1362924576, -9.37608528137, -28.8281974792, 46.5188598633, 171.654556274]],
        "icov": [[0.000900937244296, -0.000243053393206, 0.00104134937283, -0.00124039209913, 0.00102012930438, -0.000187475379789, 0.000475318956887, -0.000525325187482, 0.00133579934482, -0.000710096093826, 0.000770708895288, -0.000640088983346, 0.00073289667489], [-0.000243053393206, 0.00529282493517, -0.005964320153, 0.00599124049768, -0.0031944711227, 0.00301314261742, -0.0033430128824, 0.00318207312375, -0.00601106788963, 0.00662924954668, -0.00311319017783, 0.00351046281867, -0.0016406486975], [0.00104134937283, -0.005964320153, 0.0126821696758, -0.0113817686215, 0.00579172139987, -0.00488994177431, 0.006139122881, -0.00459808437154, 0.00885466299951, -0.00886088237166, 0.00436434382573, -0.00388868502341, 0.00199518771842], [-0.00124039209913, 0.00599124049768, -0.0113817686215, 0.0164521709085, -0.0084606455639, 0.00471233855933, -0.00476034684107, 0.00386244012043, -0.00869767554104, 0.00902374275029, -0.00424407608807, 0.00584565429017, -0.00402453867719], [0.00102012930438, -0.0031944711227, 0.00579172139987, -0.0084606455639, 0.0088002178818, -0.00160471803974, -0.000198414069018, -0.00129729835317, 0.0037496862933, -0.00550203211606, 0.00280907307751, -0.00334536121227, 0.00389668578282], [-0.000187475379789, 0.00301314261742, -0.00488994177431, 0.00471233855933, -0.00160471803974, 0.00700163701549, -0.0052782879211, 0.00284468056634, -0.004207436461, 0.00404779193923, -0.00231464812532, 0.000854194280691, 0.000952149450313], [0.000475318956887, -0.0033430128824, 0.006139122881, -0.00476034684107, -0.000198414069018, -0.0052782879211, 0.0109530258924, -0.00564321316779, 0.00549475522712, -0.00394291058183, 0.00188919587526, -0.000947255233768, 0.000548586715013], [-0.000525325187482, 0.00318207312375, -0.00459808437154, 0.00386244012043, -0.00129729835317, 0.00284468056634, -0.00564321316779, 0.011394106783, -0.00762042682618, 0.00350714172237, -0.000767063407693, 0.00049549411051, -0.00160429952666], [0.00133579934482, -0.00601106788963, 0.00885466299951, -0.00869767554104, 0.0037496862933, -0.004207436461, 0.00549475522712, -0.00762042682618, 0.0188347566873, -0.0100218197331, 0.00376518792473, -0.0028071901761, 0.00122214213479], [-0.000710096093826, 0.00662924954668, -0.00886088237166, 0.00902374275029, -0.00550203211606, 0.00404779193923, -0.00394291058183, 0.00350714172237, -0.0100218197331, 0.0163590107113, -0.00724666845053, 0.00574480276555, -0.00265625840984], [0.000770708895288, -0.00311319017783, 0.00436434382573, -0.00424407608807, 0.00280907307751, -0.00231464812532, 0.00188919587526, -0.000767063407693, 0.00376518792473, -0.00724666845053, 0.0126914763823, -0.00614155922085, 0.00362495402806], [-0.000640088983346, 0.00351046281867, -0.00388868502341, 0.00584565429017, -0.00334536121227, 0.000854194280691, -0.000947255233768, 0.00049549411051, -0.0028071901761, 0.00574480276555, -0.00614155922085, 0.0116150919348, -0.0049853278324], [0.00073289667489, -0.0016406486975, 0.00199518771842, -0.00402453867719, 0.00389668578282, 0.000952149450313, 0.000548586715013, -0.00160429952666, 0.00122214213479, -0.00265625840984, 0.00362495402806, -0.0049853278324, 0.0101570812985]]
    },
    "melbands": {
        "dmean": [4.37605885963e-05, 0.000128620129544, 4.5341130317e-05, 0.000104680621007, 8.28603660921e-05, 7.06132559571e-05, 5.29297431058e-05, 3.11255862471e-05, 2.93906468869e-05, 1.8770177121e-05, 1.44024479596e-05, 9.50125195232e-06, 1.51462299982e-05, 2.20006950258e-05, 3.01300206047e-05, 6.7035362008e-05, 6.16411271039e-05, 2.62565099547e-05, 2.47784737439e-05, 1.82567182492e-05, 2.42967234954e-05, 1.83569336514e-05, 2.29035540542e-05, 2.9339647881e-05, 1.25497472254e-05, 9.86192844721e-06, 4.16867260356e-05, 1.57710219355e-05, 4.16635384681e-06, 2.52795280176e-06, 3.33880484504e-06, 2.15345494325e-06, 8.26317034353e-07, 8.03463876764e-07, 5.79108757393e-07, 3.87172576666e-07, 2.07427802934e-07, 1.38801709682e-07, 8.26442914104e-08, 2.96563023028e-08],
        "dmean2": [6.69776345603e-05, 0.000187549798284, 7.05011043465e-05, 0.00018305562844, 0.000124301775941, 9.96660164674e-05, 7.89976693341e-05, 4.57066198578e-05, 4.63603391836e-05, 2.89680701826e-05, 2.23056449613e-05, 1.49415509441e-05, 2.31334088312e-05, 3.27842935803e-05, 4.51329360658e-05, 0.000101643141534, 9.89733016468e-05, 4.04473939852e-05, 3.88385997212e-05, 2.882139961e-05, 3.95238021156e-05, 2.89727577183e-05, 3.41641425621e-05, 4.44470169896e-05, 1.85635362868e-05, 1.59251922014e-05, 6.55709882267e-05, 2.46993549808e-05, 6.57804821458e-06, 3.89161232306e-06, 5.01294653077e-06, 3.19851483255e-06, 1.22119786283e-06, 1.20560139294e-06, 8.67085589107e-07, 5.84696749684e-07, 3.12180787887e-07, 2.08023806181e-07, 1.25131151663e-07, 4.55759234796e-08],
        "dvar": [3.85256271329e-09, 5.27236174719e-08, 6.32011953883e-09, 3.36689716107e-08, 2.55942591565e-08, 3.66230388238e-08, 2.69587907553e-08, 6.93060853152e-09, 3.17078363565e-09, 4.12237932679e-09, 2.50666198909e-09, 1.16769083292e-09, 3.71928710052e-09, 6.40825170706e-09, 1.00612878029e-08, 2.25666916265e-08, 1.50721533032e-08, 5.94526072817e-09, 3.05128211586e-09, 1.70989056247e-09, 3.82691300871e-09, 2.55993448661e-09, 3.0812241647e-09, 4.2691321589e-09, 5.82843662222e-10, 3.93576893298e-10, 7.04004987639e-09, 1.64141933379e-09, 1.04837270809e-10, 4.08892884829e-11, 1.04545774815e-10, 3.14841729077e-11, 3.64786716459e-12, 6.68298489465e-12, 2.57869637102e-12, 1.67714193228e-12, 5.650963638e-13, 1.71373874293e-13, 7.51966848164e-14, 9.61839623519e-15],
        "dvar2": [1.0404548334e-08, 9.79524443778e-08, 1.54589745449e-08, 9.70125242361e-08, 4.97422334433e-08, 6.83766145926e-08, 3.93219714567e-08, 1.22110028755e-08, 8.02377009279e-09, 8.52070325408e-09, 5.63810598209e-09, 2.51690424058e-09, 6.79726275266e-09, 1.08403295229e-08, 2.01037977376e-08, 4.7569944428e-08, 3.31804450582e-08, 1.60275490657e-08, 7.13029635335e-09, 3.5409470911e-09, 8.75049099847e-09, 6.23417628631e-09, 6.5930652049e-09, 8.75661676503e-09, 1.03424058207e-09, 8.60507831657e-10, 1.74624563698e-08, 3.73328656877e-09, 2.65413746536e-10, 9.19352649564e-11, 2.03983621661e-10, 6.38364291983e-11, 6.91325816038e-12, 1.46315893429e-11, 4.63162147524e-12, 4.28611356476e-12, 1.27639251165e-12, 3.37935544348e-13, 1.84906370814e-13, 2.183578432e-14],
        "max": [0.000736753456295, 0.00318314996548, 0.000833220488857, 0.00171405251604, 0.00431563239545, 0.00592579366639, 0.00495122466236, 0.00236671930179, 0.000808692944702, 0.00161213043611, 0.000976183335297, 0.000735678651836, 0.0011787583353, 0.00189499743283, 0.00248467526399, 0.0026721204631, 0.00151871854905, 0.00171404518187, 0.000845248403493, 0.000698299496435, 0.000753377971705, 0.00103698985185, 0.000640171871055, 0.00106947252061, 0.000437171431258, 0.000257394189248, 0.0012766654836, 0.000703745521605, 0.000213382692891, 0.000123750724015, 0.000284925772576, 0.000119564239867, 4.38499591837e-05, 7.52410924179e-05, 3.91721841879e-05, 3.00845713355e-05, 1.48041390275e-05, 9.89099589788e-06, 5.8648306549e-06, 2.18419040721e-06],
        "mean": [8.38068735902e-05, 0.000233671613387, 7.48292441131e-05, 0.000137032431667, 0.000237915461184, 0.000157581453095, 0.000103530408524, 6.02302097832e-05, 4.5437431254e-05, 2.95334648399e-05, 2.38078464463e-05, 1.41539931064e-05, 2.69539450528e-05, 4.47640813945e-05, 5.55060869374e-05, 0.000124583559227, 0.000108375672426, 4.62970019726e-05, 4.27051381848e-05, 2.76520349871e-05, 3.5212488001e-05, 3.22635532939e-05, 3.22347368638e-05, 4.92336803291e-05, 1.96041764866e-05, 1.59110368259e-05, 7.72555140429e-05, 2.44310958806e-05, 7.26569305698e-06, 4.34445200881e-06, 5.92319793213e-06, 3.989682682e-06, 1.68043118265e-06, 1.38105019687e-06, 1.11631288746e-06, 6.16664181052e-07, 3.12600633379e-07, 2.31019384955e-07, 1.28295170043e-07, 4.47379235879e-08],
        "median": [3.96774412366e-05, 9.38653902267e-05, 2.6583633371e-05, 4.56055422546e-05, 7.35543944757e-05, 5.16322761541e-05, 3.17189987982e-05, 2.08151941479e-05, 2.16690750676e-05, 9.88517513179e-06, 4.95135464007e-06, 4.71349903819e-06, 3.3532019188e-06, 8.57869781612e-06, 8.29872442409e-06, 1.64806733665e-05, 2.99127586914e-05, 9.96198832581e-06, 1.25028582261e-05, 9.42348651733e-06, 1.01220384749e-05, 7.43396276448e-06, 8.88622798811e-06, 1.2201431673e-05, 6.99888732925e-06, 6.03105718255e-06, 1.79734488484e-05, 7.62323361414e-06, 2.6467337193e-06, 1.72010607002e-06, 1.57333408879e-06, 1.39812254929e-06, 6.6931619358e-07, 4.93311631544e-07, 4.17537592057e-07, 2.47350982363e-07, 1.30055539671e-07, 7.77276838448e-08, 4.14849239405e-08, 1.07374775737e-08],
