{
"highlevel": {
    "danceability": {
        "all": {
            "danceable": 0.997652292252,
            "not_danceable": 0.00234770681709
        },
        "probability": 0.997652292252,
        "value": "danceable"
    },
    "gender": {
        "all": {
            "female": 0.5,
            "male": 0.5
        },
        "probability": 0.5,
        "value": "female"
    },
    "genre_dortmund": {
        "all": {
            "alternative": 0.106231056154,
            "blues": 0.0421028137207,
            "electronic": 0.136255189776,
            "folkcountry": 0.100531540811,
            "funksoulrnb": 0.0692220404744,
            "jazz": 0.132087722421,
            "pop": 0.180214971304,
            "raphiphop": 0.0946627482772,
            "rock": 0.138691917062
        },
        "probability": 0.180214971304,
        "value": "pop"
    },
    "genre_electronic": {
        "all": {
            "ambient": 0.388813704252,
            "dnb": 0.133307680488,
            "house": 0.0960616916418,
            "techno": 0.0179919246584,
            "trance": 0.363824993372
        },
        "probability": 0.388813704252,
        "value": "ambient"
    },
    "genre_rosamerica": {
        "all": {
            "cla": 0.0106118926778,
            "dan": 0.489309281111,
            "hip": 0.150150775909,
            "jaz": 0.0121523207054,
            "pop": 0.152222111821,
            "rhy": 0.144577294588,
            "roc": 0.0326078124344,
            "spe": 0.00836849398911
        },
        "probability": 0.489309281111,
        "value": "dan"
    },
    "genre_tzanetakis": {
        "all": {
            "blu": 0.0626613423228,
            "cla": 0.0348169617355,
            "cou": 0.104475811124,
            "dis": 0.0784321576357,
            "hip": 0.15692435205,
            "jaz": 0.313974827528,
            "met": 0.0448166541755,
            "pop": 0.0627359300852,
            "reg": 0.0627360641956,
            "roc": 0.0784258767962
        },
        "probability": 0.313974827528,
        "value": "jaz"
    },
    "ismir04_rhythm": {
        "all": {
            "ChaChaCha": 0.0759781375527,
            "Jive": 0.0533339455724,
            "Quickstep": 0.0230730976909,
            "Rumba-American": 0.0146574229002,
            "Rumba-International": 0.0641070902348,
            "Rumba-Misc": 0.00863137375563,
            "Samba": 0.735672414303,
            "Tango": 0.00815408024937,
            "VienneseWaltz": 0.00407883897424,
            "Waltz": 0.0123135847971
        },
        "probability": 0.735672414303,
        "value": "Samba"
    },
    "mood_acoustic": {
        "all": {
            "acoustic": 0.110056117177,
            "not_acoustic": 0.889943897724
        },
        "probability": 0.889943897724,
        "value": "not_acoustic"
    },
    "mood_aggressive": {
        "all": {
            "aggressive": 0.0538931787014,
            "not_aggressive": 0.946106791496
        },
        "probability": 0.946106791496,
        "value": "not_aggressive"
    },
    "mood_electronic": {
        "all": {
            "electronic": 0.651149868965,
            "not_electronic": 0.348850101233
        },
        "probability": 0.651149868965,
        "value": "electronic"
    },
    "mood_happy": {
        "all": {
            "happy": 0.218580812216,
            "not_happy": 0.781419217587
        },
        "probability": 0.781419217587,
        "value": "not_happy"
    },
    "mood_party": {
        "all": {
            "not_party": 0.421053975821,
            "party": 0.578945994377
        },
        "probability": 0.578945994377,
        "value": "party"
    },
    "mood_relaxed": {
        "all": {
            "not_relaxed": 0.928722441196,
            "relaxed": 0.0712775588036
        },
        "probability": 0.928722441196,
        "value": "not_relaxed"
    },
    "mood_sad": {
        "all": {
            "not_sad": 0.595522224903,
            "sad": 0.404477775097
        },
        "probability": 0.595522224903,
        "value": "not_sad"
    },
    "moods_mirex": {
        "all": {
            "Cluster1": 0.228215128183,
            "Cluster2": 0.196057349443,
            "Cluster3": 0.341528981924,
            "Cluster4": 0.209522128105,
            "Cluster5": 0.0246763974428
        },
        "probability": 0.341528981924,
        "value": "Cluster3"
    },
    "timbre": {
        "all": {
            "bright": 0.985957324505,
            "dark": 0.0140426959842
        },
        "probability": 0.985957324505,
        "value": "bright"
    },
    "tonal_atonal": {
        "all": {
            "atonal": 0.0304323863238,
            "tonal": 0.969567596912
        },
        "probability": 0.969567596912,
        "value": "tonal"
    },
    "voice_instrumental": {
        "all": {
            "instrumental": 0.715705990791,
            "voice": 0.284294009209
        },
        "probability": 0.715705990791,
        "value": "instrumental"
    }
},
"lowlevel": {
    "average_loudness": 0.984814584255,
    "barkbands_crest": {
        "dmean": 2.57319355011,
        "dmean2": 3.64209938049,
        "dvar": 7.19633960724,
        "dvar2": 12.7819366455,
        "max": 26.3692188263,
        "mean": 11.8852396011,
        "median": 10.0213670731,
        "min": 3.3812994957,
        "var": 32.2209396362
    },
    "barkbands_flatness_db": {
        "dmean": 0.025431772694,
        "dmean2": 0.0345405712724,
        "dvar": 0.000718649476767,
        "dvar2": 0.00113329477608,
        "max": 0.546246170998,
        "mean": 0.18062992394,
        "median": 0.162909269333,
        "min": 0.071438677609,
        "var": 0.00515738362446
    },
    "barkbands_kurtosis": {
        "dmean": 8.30273532867,
        "dmean2": 11.663860321,
        "dvar": 445.044464111,
        "dvar2": 968.365112305,
        "max": 399.63458252,
        "mean": 12.7078018188,
        "median": 2.06994438171,
        "min": -1.74809134007,
        "var": 867.962097168
    },
    "barkbands_skewness": {
        "dmean": 0.789897799492,
        "dmean2": 1.05114626884,
        "dvar": 1.10184323788,
        "dvar2": 1.96237850189,
        "max": 16.1689338684,
        "mean": 2.27346849442,
        "median": 1.59727966785,
        "min": -0.303953409195,
        "var": 4.72067594528
    },
    "barkbands_spread": {
        "dmean": 5.74292087555,
        "dmean2": 8.49858474731,
        "dvar": 50.4540061951,
        "dvar2": 105.361228943,
        "max": 93.8393936157,
        "mean": 22.0921020508,
        "median": 22.3113803864,
        "min": 0.216468945146,
        "var": 200.330337524
    },
    "dissonance": {
        "dmean": 0.0254420340061,
        "dmean2": 0.0430678278208,
        "dvar": 0.000512871600222,
        "dvar2": 0.00143547391053,
        "max": 0.499211221933,
        "mean": 0.451769113541,
        "median": 0.459535807371,
        "min": 0.259920567274,
        "var": 0.00119160779286
    },
    "dynamic_complexity": 2.09117650986,
    "erbbands_crest": {
        "dmean": 3.10720419884,
        "dmean2": 4.95296669006,
        "dvar": 6.69517183304,
        "dvar2": 17.0047416687,
        "max": 25.3954105377,
        "mean": 10.9414224625,
        "median": 10.2816858292,
        "min": 3.05383944511,
        "var": 17.6335773468
    },
    "erbbands_flatness_db": {
        "dmean": 0.0175945144147,
        "dmean2": 0.0255923923105,
        "dvar": 0.000284004257992,
        "dvar2": 0.000558291620109,
        "max": 0.314166426659,
        "mean": 0.152498096228,
        "median": 0.149488821626,
        "min": 0.068126745522,
        "var": 0.00104646536056
    },
    "erbbands_kurtosis": {
        "dmean": 1.26320469379,
        "dmean2": 1.95419025421,
        "dvar": 3.42914414406,
        "dvar2": 7.68353796005,
        "max": 29.626750946,
        "mean": 1.64763009548,
        "median": 1.05080461502,
        "min": -1.81775772572,
        "var": 7.17802906036
    },
    "erbbands_skewness": {
        "dmean": 0.395710289478,
        "dmean2": 0.59660422802,
        "dvar": 0.154147729278,
        "dvar2": 0.333280920982,
        "max": 4.42204046249,
        "mean": 0.584233045578,
        "median": 0.448613017797,
        "min": -1.46309113503,
        "var": 0.713305294514
    },
    "erbbands_spread": {
        "dmean": 9.77956581116,
        "dmean2": 14.7477045059,
        "dvar": 133.319168091,
        "dvar2": 298.365570068,
        "max": 178.132995605,
        "mean": 39.4335708618,
        "median": 31.9294624329,
        "min": 4.61957406998,
        "var": 624.35723877
    },
    "hfc": {
        "dmean": 8.6290845871,
        "dmean2": 13.4801845551,
        "dvar": 186.111785889,
        "dvar2": 473.816040039,
        "max": 122.434425354,
        "mean": 24.8745574951,
        "median": 21.090051651,
        "min": 1.09217488766,
        "var": 306.121582031
    },
    "melbands_crest": {
        "dmean": 3.4592833519,
        "dmean2": 5.33567428589,
        "dvar": 12.9627304077,
        "dvar2": 27.402053833,
        "max": 33.6297645569,
        "mean": 16.6189441681,
        "median": 14.925069809,
        "min": 4.72294187546,
        "var": 46.7792778015
    },
    "melbands_flatness_db": {
        "dmean": 0.0309908594936,
        "dmean2": 0.0415138155222,
        "dvar": 0.00110109744128,
        "dvar2": 0.0017961905105,
        "max": 0.664868891239,
        "mean": 0.252208918333,
        "median": 0.23476152122,
        "min": 0.0650490000844,
        "var": 0.00828941911459
    },
    "melbands_kurtosis": {
        "dmean": 17.9354476929,
        "dmean2": 25.234205246,
        "dvar": 1711.6418457,
        "dvar2": 2770.87011719,
        "max": 899.124145508,
        "mean": 32.4838485718,
        "median": 9.65425777435,
        "min": -1.22860825062,
        "var": 4899.36132812
    },
    "melbands_skewness": {
        "dmean": 1.04355859756,
        "dmean2": 1.47789669037,
        "dvar": 1.9259647131,
        "dvar2": 3.26749992371,
        "max": 23.8527870178,
        "mean": 3.5012114048,
        "median": 2.58437371254,
        "min": -0.132564485073,
        "var": 8.54417705536
    },
    "melbands_spread": {
        "dmean": 5.22362995148,
        "dmean2": 7.73629570007,
        "dvar": 33.6642951965,
        "dvar2": 62.8660850525,
        "max": 75.0449752808,
        "mean": 20.2557678223,
        "median": 19.5680942535,
        "min": 0.383224964142,
        "var": 200.573928833
    },
    "pitch_salience": {
        "dmean": 0.0829493477941,
        "dmean2": 0.128505885601,
        "dvar": 0.00868840515614,
        "dvar2": 0.0186468232423,
        "max": 0.811389684677,
        "mean": 0.439914315939,
        "median": 0.452685624361,
        "min": 0.0586967766285,
        "var": 0.0193523801863
    },
    "silence_rate_20dB": {
        "dmean": 0,
        "dmean2": 0,
        "dvar": 0,
        "dvar2": 0,
        "max": 1,
        "mean": 1,
        "median": 1,
        "min": 1,
        "var": 0
    },
    "silence_rate_30dB": {
        "dmean": 0.0866873040795,
        "dmean2": 0.173508912325,
        "dvar": 0.0791727527976,
        "dvar2": 0.149600788951,
        "max": 1,
        "mean": 0.854601681232,
        "median": 1,
        "min": 0,
        "var": 0.124257110059
    },
    "silence_rate_60dB": {
        "dmean": 0,
        "dmean2": 0,
        "dvar": 0,
        "dvar2": 0,
        "max": 0,
        "mean": 0,
        "median": 0,
        "min": 0,
        "var": 0
    },
    "spectral_centroid": {
        "dmean": 186.715087891,
        "dmean2": 271.936279297,
        "dvar": 43226.109375,
        "dvar2": 84899.171875,
        "max": 3232.66650391,
        "mean": 1042.58203125,
        "median": 1025.93371582,
        "min": 123.469543457,
        "var": 247228.28125
    },
    "spectral_complexity": {
        "dmean": 3.27631568909,
        "dmean2": 5.08288145065,
        "dvar": 14.1240673065,
        "dvar2": 32.553276062,
        "max": 45,
        "mean": 15.67208004,
        "median": 16,
        "min": 2,
        "var": 51.4191093445
    },
    "spectral_decrease": {
        "dmean": 4.2852819071e-09,
        "dmean2": 5.87983839395e-09,
        "dvar": 3.69608616799e-17,
        "dvar2": 5.98304170748e-17,
        "max": -1.22906429478e-09,
        "mean": -1.30301156531e-08,
        "median": -8.76306227582e-09,
        "min": -5.16132558914e-08,
        "var": 1.18346781646e-16
    },
    "spectral_energy": {
        "dmean": 0.0167151521891,
        "dmean2": 0.0230117440224,
        "dvar": 0.000544552691281,
        "dvar2": 0.00090225727763,
        "max": 0.197535932064,
        "mean": 0.0514348894358,
        "median": 0.0356311909854,
        "min": 0.00574374385178,
        "var": 0.00170929008164
    },
    "spectral_energyband_high": {
        "dmean": 0.000492192339152,
        "dmean2": 0.000766918994486,
        "dvar": 6.17771888756e-07,
        "dvar2": 1.46709032833e-06,
        "max": 0.0109553532675,
        "mean": 0.00106816657353,
        "median": 0.000738233036827,
        "min": 1.32186085011e-06,
        "var": 1.35460732054e-06
    },
    "spectral_energyband_low": {
        "dmean": 0.0134995598346,
        "dmean2": 0.0186281632632,
        "dvar": 0.00061274995096,
        "dvar2": 0.00104576162994,
        "max": 0.194175183773,
        "mean": 0.0325763002038,
        "median": 0.0136023750529,
        "min": 0.000125539765577,
        "var": 0.001688310178
    },
    "spectral_energyband_middle_high": {
        "dmean": 0.00368639011867,
        "dmean2": 0.00621408736333,
        "dvar": 6.29451824352e-05,
        "dvar2": 0.000176227593329,
        "max": 0.0657952129841,
        "mean": 0.00747850909829,
        "median": 0.00510316109285,
        "min": 1.22031742649e-05,
        "var": 7.31472100597e-05
    },
    "spectral_energyband_middle_low": {
        "dmean": 0.00720503879711,
        "dmean2": 0.0125205619261,
        "dvar": 0.000237995162024,
        "dvar2": 0.00067353079794,
        "max": 0.102941207588,
        "mean": 0.0121725555509,
        "median": 0.00857679918408,
        "min": 0.000308587914333,
        "var": 0.000178908871021
    },
    "spectral_entropy": {
        "dmean": 0.203301593661,
        "dmean2": 0.288371562958,
        "dvar": 0.0451069809496,
        "dvar2": 0.0860194414854,
        "max": 8.56250953674,
        "mean": 7.40600538254,
        "median": 7.45070934296,
        "min": 4.74047040939,
        "var": 0.214121624827
    },
    "spectral_flux": {
        "dmean": 0.0490065105259,
        "dmean2": 0.0747850984335,
        "dvar": 0.0036282974761,
        "dvar2": 0.0088576702401,
        "max": 0.414012610912,
        "mean": 0.113897137344,
        "median": 0.0847182050347,
        "min": 0.00986402202398,
        "var": 0.00658792443573
    },
    "spectral_kurtosis": {
        "dmean": 1.74593746662,
        "dmean2": 2.61266565323,
        "dvar": 7.2518901825,
        "dvar2": 14.618185997,
        "max": 58.710357666,
        "mean": 4.30854558945,
        "median": 3.03005599976,
        "min": -1.3583509922,
        "var": 22.5400600433
    },
    "spectral_rms": {
        "dmean": 0.00107894081157,
        "dmean2": 0.00147352810018,
        "dvar": 1.79651260623e-06,
        "dvar2": 2.94875007967e-06,
        "max": 0.0138822905719,
        "mean": 0.00661231577396,
        "median": 0.00589594244957,
        "min": 0.00236720358953,
        "var": 6.45759064355e-06
    },
    "spectral_rolloff": {
        "dmean": 393.913543701,
        "dmean2": 680.906188965,
        "dvar": 1151566.875,
        "dvar2": 3030236,
        "max": 9603.80859375,
        "mean": 1062.57189941,
        "median": 990.52734375,
        "min": 64.599609375,
        "var": 1392777.875
    },
    "spectral_skewness": {
        "dmean": 0.254767179489,
        "dmean2": 0.377110362053,
        "dvar": 0.0771801322699,
        "dvar2": 0.150454238057,
        "max": 6.24684333801,
        "mean": 1.73635780811,
        "median": 1.58947706223,
        "min": 0.123067975044,
        "var": 0.384193301201
    },
    "spectral_spread": {
        "dmean": 973622.3125,
        "dmean2": 1414159.875,
        "dvar": 1.18001342874e+12,
        "dvar2": 2.48642325709e+12,
        "max": 16239867,
        "mean": 6310148.5,
        "median": 5491471.5,
        "min": 1559404.5,
        "var": 8.11829349581e+12
    },
    "spectral_strongpeak": {
        "dmean": 0.598749101162,
        "dmean2": 1.04355084896,
        "dvar": 1.27175927162,
        "dvar2": 3.35660910606,
        "max": 7.40393400192,
        "mean": 0.841442584991,
        "median": 0.368578493595,
        "min": 0.0435061603785,
        "var": 1.40861034393
    },
    "zerocrossingrate": {
        "dmean": 0.0114526897669,
        "dmean2": 0.0126892607659,
        "dvar": 0.000132102213684,
        "dvar2": 0.000157402333571,
        "max": 0.21826171875,
        "mean": 0.0542214997113,
        "median": 0.05029296875,
        "min": 0.00244140625,
        "var": 0.00115208001807
    },
    "barkbands": {
        "dmean": [0.000491268059704, 0.0116073163226, 0.00766928866506, 0.00260366732255, 0.00378455827013, 0.000585084781051, 0.000524335482623, 0.000584203517064, 0.000631162547506, 0.000918139237911, 0.00165717152413, 0.000758102047257, 0.000723367440514, 0.000824458547868, 0.000468836718937, 0.000140686926898, 7.43368218536e-05, 8.99783844943e-05, 7.3277959018e-05, 7.76824381319e-05, 0.00010197856318, 9.03003819985e-05, 8.34798047435e-05, 0.000101913479739, 0.000164142620633, 4.40446638095e-05, 1.30957040767e-08],
        "dmean2": [0.000690860324539, 0.0156401451677, 0.0128551665694, 0.00478254957125, 0.00681538740173, 0.000963527883869, 0.000889471557457, 0.000924012158066, 0.000954231305514, 0.00142189720646, 0.00288069830276, 0.00131225469522, 0.00111176620703, 0.00137300451752, 0.0007119703223, 0.000228966368013, 0.000126894854475, 0.000149553321535, 0.000121841869259, 0.000130261105369, 0.000162719239597, 0.000150408013724, 0.000127448627609, 0.00016310607316, 0.000259696302237, 7.38545422792e-05, 1.94545943799e-08],
        "dvar": [1.06605239125e-06, 0.000442145683337, 0.000412375607993, 5.6220265833e-05, 7.50358885853e-05, 1.06767686248e-06, 1.92020934264e-06, 1.57721240157e-06, 1.00912268408e-06, 2.28569842875e-06, 1.91487688426e-05, 2.62568914877e-06, 1.73587534391e-06, 2.48339529207e-06, 1.11122790258e-06, 1.10494312366e-07, 2.77784284464e-08, 3.25614237795e-08, 2.28408083558e-08, 2.11962802865e-08, 3.47491742048e-08, 2.71263616014e-08, 2.11133670547e-08, 4.31932676292e-08, 1.07425513818e-07, 1.72796461584e-08, 1.92047119445e-14],
        "dvar2": [1.79481844498e-06, 0.00080486695515, 0.000939151446801, 0.00016105810937, 0.000213020466617, 2.75011916528e-06, 5.02392003909e-06, 3.6322564938e-06, 2.03318745662e-06, 5.32369949724e-06, 5.36353727512e-05, 7.15773785487e-06, 3.55725114787e-06, 6.40621328785e-06, 2.27995042223e-06, 2.85865297656e-07, 7.46396011664e-08, 8.73191225992e-08, 5.6397244208e-08, 5.51869163701e-08, 7.49734709871e-08, 6.70366162581e-08, 4.57326159164e-08, 1.05116924942e-07, 2.73028319953e-07, 4.47557582106e-08, 2.16279478457e-14],
        "max": [0.0096050594002, 0.181208044291, 0.126407250762, 0.0641305670142, 0.0648672431707, 0.0101412879303, 0.0188009534031, 0.019710931927, 0.0113027626649, 0.0160524677485, 0.0388263240457, 0.0180005189031, 0.0216189268976, 0.017886871472, 0.0138618983328, 0.00477251317352, 0.00180590478703, 0.001753630233, 0.00172098225448, 0.0013668872416, 0.00181554572191, 0.00184619612992, 0.00281446101144, 0.00289186625741, 0.00300157861784, 0.00195412104949, 4.20978403781e-06],
        "mean": [0.000823867681902, 0.0225017443299, 0.00782345607877, 0.00238919188268, 0.00479397876188, 0.00105490582064, 0.000808718032204, 0.00104166846722, 0.00121534091886, 0.00137359043583, 0.00176525616553, 0.000935125397518, 0.00117281579878, 0.00122950260993, 0.000845752190799, 0.000208424738958, 9.83116697171e-05, 0.000125638631289, 0.000113209345727, 0.000126524304505, 0.000163113785675, 0.000179439215572, 0.000135133755975, 0.000188982041436, 0.00027100861189, 5.02209695696e-05, 1.10086393335e-08],
        "median": [0.00042405014392, 0.0087107764557, 0.00206509232521, 0.000673765433021, 0.00262860395014, 0.000608187168837, 0.000233193073655, 0.000239583678194, 0.00045334114111, 0.000480977469124, 0.00045563589083, 0.000386507017538, 0.000487898709252, 0.00046168838162, 0.000180195114808, 6.27074987278e-05, 4.5141303417e-05, 5.98567530687e-05, 3.4597433114e-05, 4.98767440149e-05, 4.79203554278e-05, 6.2636063376e-05, 6.50290457997e-05, 7.132995961e-05, 8.30540884635e-05, 2.06747045013e-05, 8.42201031137e-10],
        "min": [6.42742463697e-08, 5.49704272998e-05, 1.70125658769e-05, 6.93140748353e-07, 7.26725465938e-06, 4.08882078773e-06, 8.43386544602e-07, 2.09840936805e-06, 1.92761353901e-06, 7.28020836505e-07, 8.14981376607e-07, 1.82702046914e-06, 1.04470325368e-06, 6.53730523936e-07, 1.02756757769e-06, 4.33963265323e-07, 2.13913793345e-07, 2.64054961008e-07, 2.56819078004e-07, 2.06213854881e-07, 1.191314567e-07, 1.74407190912e-07, 8.41302210119e-08, 1.57321920824e-07, 1.46358217989e-07, 3.87566534421e-10, 8.50281303699e-12],
        "var": [1.78081745617e-06, 0.00102194340434, 0.000373524759198, 3.450506847e-05, 5.34331666131e-05, 1.66071970398e-06, 3.20651815855e-06, 5.01783142681e-06, 3.22677374243e-06, 4.69619226351e-06, 1.54384615598e-05, 2.89136551146e-06, 3.802166475e-06, 4.02688965551e-06, 3.36232847076e-06, 1.9301810994e-07, 2.64796913285e-08, 3.42416299759e-08, 4.34092015666e-08, 3.70524837479e-08, 7.11060792469e-08, 7.668238311e-08, 4.98536962823e-08, 1.07291057816e-07, 2.14894484429e-07, 1.75872969521e-08, 1.89965468215e-14]
    },
    "erbbands": {
        "dmean": [0.373518973589, 2.76986050606, 8.35802268982, 7.80835437775, 9.23258399963, 14.5150642395, 10.1647863388, 4.47362565994, 5.72278356552, 12.4729995728, 11.5725297928, 14.1981954575, 29.2472610474, 40.3363380432, 52.1881942749, 30.4966869354, 30.6834602356, 41.1635437012, 29.5366039276, 18.075717926, 5.94072246552, 4.05725669861, 5.19961500168, 3.26975488663, 4.00463342667, 3.08659768105, 3.96011257172, 3.72274875641, 3.38515877724, 2.50202655792, 2.40095329285, 1.86589896679, 1.98978734016, 1.92755007744, 1.1684936285, 0.321289271116, 0.0584524013102, 0.0042085153982, 9.49819514062e-05, 2.32407201111e-05],
        "dmean2": [0.468871355057, 3.80937099457, 13.1781787872, 13.2500457764, 16.8169498444, 26.0097122192, 17.0548992157, 7.49660825729, 9.43832683563, 20.0468711853, 18.7129802704, 21.7033233643, 44.965675354, 68.5611419678, 90.205696106, 51.2008934021, 47.471282959, 68.3156280518, 44.5063209534, 27.2135238647, 9.87108039856, 6.98526763916, 8.63757991791, 5.53508424759, 6.76838827133, 5.16876173019, 6.2432718277, 6.07208585739, 5.5889377594, 4.04663467407, 3.69047951698, 2.9400408268, 3.16462349892, 3.05222845078, 1.87113857269, 0.534204006195, 0.0998543873429, 0.00742211472243, 0.000160372786922, 3.32325398631e-05],
        "dvar": [0.431342631578, 27.8901405334, 460.095794678, 404.51651001, 648.675048828, 1076.67773438, 503.716430664, 76.7972106934, 138.63684082, 794.349731445, 592.702087402, 642.61114502, 2627.69775391, 10455.5332031, 17156.2324219, 4260.25634766, 2903.09594727, 6464.90478516, 4806.25097656, 2108.07885742, 204.613372803, 89.2780685425, 115.093009949, 47.3551292419, 87.790802002, 35.5298156738, 52.6867446899, 41.3514976501, 41.8509483337, 18.3759174347, 21.4979801178, 16.7960338593, 17.066827774, 16.8139343262, 5.84530115128, 0.817530274391, 0.0384004339576, 0.000266289483989, 1.00168151107e-07, 9.2284252462e-10],
        "dvar2": [0.610206484795, 53.7742424011, 978.488464355, 1069.60217285, 1899.1862793, 3027.07104492, 1365.54370117, 201.318405151, 364.947631836, 2018.01489258, 1595.63464355, 1321.94689941, 5936.81738281, 28759.4121094, 48275.6210938, 11609.2539062, 5944.07519531, 16281.3554688, 9724.36035156, 4288.14746094, 554.258483887, 241.55329895, 306.175109863, 120.268371582, 223.545028687, 93.4973831177, 117.77368927, 103.087104797, 101.119400024, 46.3632011414, 45.7454452515, 38.6239776611, 41.8008766174, 40.2716751099, 15.2587127686, 2.02424073219, 0.106391437352, 0.000752828433178, 2.79276633819e-07, 1.84064719022e-09],
        "max": [5.53272628784, 44.1240463257, 142.409866333, 168.810531616, 205.137954712, 310.905426025, 208.113769531, 101.470596313, 159.193786621, 384.011352539, 346.874786377, 335.510467529, 632.111450195, 714.33795166, 1336.2956543, 757.391357422, 906.49621582, 906.241516113, 863.87109375, 628.614990234, 162.243087769, 99.9163131714, 114.27255249, 92.0154647827, 121.870803833, 68.6104660034, 95.6567764282, 59.274269104, 74.861831665, 65.9169006348, 100.22277832, 77.5773544312, 64.6165390015, 48.0399017334, 23.5236053467, 14.91979599, 1.87664079666, 0.201437875628, 0.00369761767797, 0.00024430261692],
        "mean": [0.702455759048, 4.80439710617, 9.79102706909, 8.44611263275, 10.1273117065, 17.4216747284, 14.2527236938, 7.85289764404, 9.82381725311, 22.5678100586, 20.4979057312, 27.1762313843, 48.3070640564, 45.5477828979, 58.224822998, 44.9600410461, 54.2898902893, 66.285446167, 45.6954650879, 35.5330619812, 9.40025901794, 5.62355709076, 7.41965961456, 5.04890060425, 6.09625005722, 5.43304300308, 7.26645898819, 6.57373666763, 6.37178468704, 4.63627004623, 3.83654618263, 3.18516659737, 3.69858050346, 3.44568681717, 1.64430332184, 0.396374106407, 0.0620845556259, 0.00386729207821, 0.00012560992036, 6.79717195453e-05],
        "median": [0.308216184378, 1.82089388371, 2.97138357162, 2.91084718704, 5.708152771, 8.81996631622, 7.03109741211, 4.23711824417, 4.12121868134, 4.9274020195, 6.65578222275, 11.0953121185, 19.0362205505, 12.8080358505, 18.3381175995, 20.2748012543, 26.4475975037, 26.3003139496, 15.2873935699, 10.2434797287, 3.87155890465, 2.98576569557, 3.53101563454, 1.9087523222, 1.95656144619, 2.15557122231, 1.97483468056, 2.32859063148, 2.19159650803, 2.23011755943, 1.87380599976, 1.31854748726, 1.22027742863, 0.875221848488, 0.561964035034, 0.169193997979, 0.0257265288383, 0.00125221069902, 7.26686557755e-05, 5.16625477758e-05],
        "min": [0.000283852074062, 0.0170800741762, 0.0880406275392, 0.0463513024151, 0.0417762361467, 0.0400124713778, 0.0618442744017, 0.0454708077013, 0.0348960459232, 0.0208591967821, 0.0433884672821, 0.0604134090245, 0.0420432500541, 0.0289018508047, 0.0813811346889, 0.106335796416, 0.0554395951331, 0.040162730962, 0.0676916092634, 0.045351613313, 0.025918263942, 0.0132279600948, 0.019782487303, 0.00870394706726, 0.0160747077316, 0.0120068201795, 0.00495917815715, 0.00431425543502, 0.0054361266084, 0.00387052539736, 0.00270519359037, 0.00383071345277, 0.00282429042272, 0.00240949681029, 0.000649848137982, 4.36537666246e-05, 7.14744055585e-06, 8.69309019436e-07, 4.73980298921e-06, 1.02677040559e-05],
        "var": [1.07618069649, 55.9837875366, 498.15246582, 303.483520508, 380.255523682, 791.794433594, 488.113800049, 123.457237244, 269.910797119, 2299.51635742, 1003.27545166, 1674.71789551, 5917.16650391, 9169.328125, 16011.1845703, 5499.31494141, 6913.45849609, 11545.7763672, 9195.08984375, 6092.21289062, 262.858795166, 77.1995925903, 123.696891785, 76.9142150879, 143.925491333, 56.4690589905, 153.954193115, 87.7645492554, 104.569190979, 40.2617225647, 49.3036308289, 41.6968307495, 43.9161338806, 42.8997077942, 8.41830062866, 0.948697686195, 0.0288540553302, 0.000171524356119, 7.08376219904e-08, 2.26775420664e-09]
    },
    "gfcc": {
        "mean": [16.5951824188, 97.7842636108, -90.6115112305, 30.7395496368, -52.8533744812, 46.9280662537, -35.8596878052, 12.5108575821, -26.4214801788, 7.65153169632, -15.8853845596, -0.983233809471, -5.13641405106],
        "cov": [[2745.58129883, -853.492370605, -790.203613281, -190.845718384, -281.568725586, 72.1246109009, 61.2208786011, -69.4645080566, -162.131210327, 256.656555176, -293.442718506, 98.1098098755, -290.253448486], [-853.492370605, 950.612976074, 14.1476049423, -37.9327430725, 263.274169922, -199.392700195, 55.9333572388, -146.740020752, 38.3127250671, -156.150924683, 157.704574585, -39.2144432068, 99.8450469971], [-790.203613281, 14.1476049423, 1004.42346191, 66.8000946045, -66.9044189453, 34.0394668579, -259.38973999, 231.955764771, 46.4465332031, -107.337837219, 132.076080322, -28.7945041656, 110.317207336], [-190.845718384, -37.9327430725, 66.8000946045, 298.678466797, 19.8707904816, -50.7940101624, 99.9213485718, -35.1002731323, 53.7982521057, 2.90886330605, -23.6853599548, -59.044757843, 38.3238334656], [-281.568725586, 263.274169922, -66.9044189453, 19.8707904816, 240.738311768, -8.32112026215, 66.5230026245, -72.1615219116, 38.4211158752, -22.8333206177, 23.7274208069, 7.96973133087, 24.095539093], [72.1246109009, -199.392700195, 34.0394668579, -50.7940101624, -8.32112026215, 194.102920532, -4.01913452148, 14.9633760452, 15.5807933807, 26.3072509766, -38.1000328064, 31.8340167999, 3.55380392075], [61.2208786011, 55.9333572388, -259.38973999, 99.9213485718, 66.5230026245, -4.01913452148, 265.284118652, -117.231590271, 5.96885919571, 75.5319595337, -37.0039558411, -24.3692874908, -30.7593841553], [-69.4645080566, -146.740020752, 231.955764771, -35.1002731323, -72.1615219116, 14.9633760452, -117.231590271, 245.88104248, 26.6440601349, -24.6281909943, 72.6750106812, 3.15588569641, -13.0061693192], [-162.131210327, 38.3127250671, 46.4465332031, 53.7982521057, 38.4211158752, 15.5807933807, 5.96885919571, 26.6440601349, 122.992347717, -1.05672979355, 2.41367030144, 3.02405691147, 46.1903076172], [256.656555176, -156.150924683, -107.337837219, 2.90886330605, -22.8333206177, 26.3072509766, 75.5319595337, -24.6281909943, -1.05672979355, 145.247116089, -35.2774505615, 4.87229824066, -52.2248077393], [-293.442718506, 157.704574585, 132.076080322, -23.6853599548, 23.7274208069, -38.1000328064, -37.0039558411, 72.6750106812, 2.41367030144, -35.2774505615, 159.238433838, 22.7913036346, 6.58428955078], [98.1098098755, -39.2144432068, -28.7945041656, -59.044757843, 7.96973133087, 31.8340167999, -24.3692874908, 3.15588569641, 3.02405691147, 4.87229824066, 22.7913036346, 105.388824463, 6.24169445038], [-290.253448486, 99.8450469971, 110.317207336, 38.3238334656, 24.095539093, 3.55380392075, -30.7593841553, -13.0061693192, 46.1903076172, -52.2248077393, 6.58428955078, 6.24169445038, 146.304275513]],
        "icov": [[0.00102069915738, 0.000525053706951, 0.000505594362039, 0.000364854058716, 0.000462929951027, 0.000551002740394, 0.000208998520975, 5.63327266718e-05, 0.000243153059273, -0.000374033174012, 0.00107760890387, -0.000844681693707, 0.000926422304474], [0.000525053706951, 0.00725394813344, -0.000988881103694, 0.00560368271545, -0.00372978975065, 0.00630943849683, -0.00311384093948, 0.00553962914273, -0.0038000526838, 0.00502909207717, -0.00504219159484, 0.00361181749031, -0.00126444315538], [0.000505594362039, -0.000988881103694, 0.00260676792823, -0.00203627184965, 0.000941874284763, -0.00185509899165, 0.00262954854406, -0.001836912008, 0.00119704345707, -0.00127421482466, 3.4922722989e-05, -7.99521367298e-05, -0.000305710593238], [0.000364854058716, 0.00560368271545, -0.00203627184965, 0.0102188745514, -0.00238776463084, 0.0067129326053, -0.00564472470433, 0.00466990564018, -0.00521033769473, 0.00440052011982, -0.00263433391228, 0.00423430232331, -0.00162950553931], [0.000462929951027, -0.00372978975065, 0.000941874284763, -0.00238776463084, 0.00826329458505, -0.00331485737115, 0.000553270685486, -0.0010357638821, -0.000110129331006, -0.00147046893835, 0.00199869275093, -0.00282345060259, 0.00166328181513], [0.000551002740394, 0.00630943849683, -0.00185509899165, 0.0067129326053, -0.00331485737115, 0.0124811623245, -0.00417678896338, 0.00400234153494, -0.00418689474463, 0.00357844983228, -0.00121687306091, 0.000774556188844, -0.00123098841868], [0.000208998520975, -0.00311384093948, 0.00262954854406, -0.00564472470433, 0.000553270685486, -0.00417678896338, 0.010390012525, -0.000649967812933, 0.00209603598341, -0.00558246392757, 0.000778109184466, -0.000214169573155, 0.00149216374848], [5.63327266718e-05, 0.00553962914273, -0.001836912008, 0.00466990564018, -0.0010357638821, 0.00400234153494, -0.000649967812933, 0.0122174778953, -0.0061624716036, 0.00439768284559, -0.00732832029462, 0.00396423554048, 0.00119194830768], [0.000243153059273, -0.0038000526838, 0.00119704345707, -0.00521033769473, -0.000110129331006, -0.00418689474463, 0.00209603598341, -0.0061624716036, 0.0142144383863, -0.00467236340046, 0.00407589087263, -0.00320643140003, -0.00265154312365], [-0.000374033174012, 0.00502909207717, -0.00127421482466, 0.00440052011982, -0.00147046893835, 0.00357844983228, -0.00558246392757, 0.00439768284559, -0.00467236340046, 0.014396732673, -0.00328653864563, 0.00202411459759, 0.001682228758], [0.00107760890387, -0.00504219159484, 3.4922722989e-05, -0.00263433391228, 0.00199869275093, -0.00121687306091, 0.000778109184466, -0.00732832029462, 0.00407589087263, -0.00328653864563, 0.0159215983003, -0.00729148741812, 0.00258968374692], [-0.000844681693707, 0.00361181749031, -7.99521367298e-05, 0.00423430232331, -0.00282345060259, 0.000774556188844, -0.000214169573155, 0.00396423554048, -0.00320643140003, 0.00202411459759, -0.00729148741812, 0.0155357858166, -0.00303574209101], [0.000926422304474, -0.00126444315538, -0.000305710593238, -0.00162950553931, 0.00166328181513, -0.00123098841868, 0.00149216374848, 0.00119194830768, -0.00265154312365, 0.001682228758, 0.00258968374692, -0.00303574209101, 0.0118195042014]]
    },
    "melbands": {
        "dmean": [0.00323591800407, 0.00356768048368, 0.00135510868859, 0.000814757833723, 0.00046000641305, 0.000100791075965, 9.20957681956e-05, 0.000139834912261, 0.000100142111478, 9.13737021619e-05, 0.00014655830455, 0.000152875611093, 0.000207025092095, 8.92190510058e-05, 9.43355553318e-05, 5.67690767639e-05, 8.86289417394e-05, 5.4925945733e-05, 2.84077286778e-05, 1.68347251019e-05, 5.68031828152e-06, 4.25571579399e-06, 5.42878660781e-06, 3.54987469109e-06, 2.76265109278e-06, 2.66792767434e-06, 2.83536360257e-06, 2.10076791518e-06, 3.11617577609e-06, 2.73849809673e-06, 2.19577282223e-06, 2.29441752708e-06, 1.55966381499e-06, 1.51677738813e-06, 1.5225664356e-06, 1.22211690723e-06, 1.22150208881e-06, 1.45462900036e-06, 1.62282890415e-06, 1.78565790065e-06],
        "dmean2": [0.00422443076968, 0.0048761293292, 0.00227747159079, 0.00146785820834, 0.000793722341768, 0.000167858059285, 0.000152945169248, 0.000222544680582, 0.000159849631018, 0.000139562587719, 0.000224698262173, 0.000259919615928, 0.000363077706425, 0.000151116328198, 0.000147718907101, 9.26900465856e-05, 0.000147666418343, 8.26046816655e-05, 4.34813155152e-05, 2.67388331849e-05, 9.59934914135e-06, 7.28646591597e-06, 9.06103286979e-06, 5.9995245465e-06, 4.68782491225e-06, 4.53016309621e-06, 4.73325553685e-06, 3.5440054944e-06, 4.84305519421e-06, 4.52567792308e-06, 3.61120078196e-06, 3.73144894183e-06, 2.61551076619e-06, 2.42084774982e-06, 2.34750473282e-06, 1.94298513634e-06, 1.98667362383e-06, 2.35248990066e-06, 2.63246738541e-06, 2.8438123536e-06],
        "dvar": [3.27806774294e-05, 6.20969440206e-05, 1.18069992823e-05, 3.68651740246e-06, 1.12999600788e-06, 3.6537965542e-08, 4.23804031868e-08, 8.774751592e-08, 4.04757436456e-08, 2.69110529416e-08, 6.62185257738e-08, 1.44874420016e-07, 3.17757184121e-07, 4.8117502871e-08, 2.87048500525e-08, 1.24482637531e-08, 2.96016562373e-08, 1.69119029891e-08, 4.34070690503e-09, 1.37902067543e-09, 2.41358377728e-10, 9.22661391733e-11, 1.28401206334e-10, 5.43630210292e-11, 3.47352251129e-11, 3.30090399459e-11, 3.87992728224e-11, 1.54590073381e-11, 4.44978776049e-11, 3.61216577482e-11, 1.49104114472e-11, 2.56647082059e-11, 7.7173475943e-12, 6.67158515932e-12, 8.1868591767e-12, 8.8745391244e-12, 7.57199164481e-12, 9.70557835489e-12, 1.31028547387e-11, 1.51059095788e-11],
        "dvar2": [5.39702850801e-05, 0.000120409611554, 3.09066817863e-05, 1.06557899926e-05, 3.07140157929e-06, 9.41439850521e-08, 1.10119707131e-07, 2.13119733417e-07, 1.056125285e-07, 5.35713766681e-08, 1.49935601712e-07, 3.97591861656e-07, 8.97509210063e-07, 1.28805581312e-07, 6.50381437595e-08, 3.12713233086e-08, 7.35156291398e-08, 3.52996529784e-08, 9.14261022444e-09, 3.26815152718e-09, 6.48959497251e-10, 2.48438464245e-10, 3.39601791133e-10, 1.4620152311e-10, 8.58139809212e-11, 8.67538957339e-11, 9.84050202435e-11, 4.03066816035e-11, 1.02615790865e-10, 8.47097877954e-11, 3.83403100934e-11, 6.06292238636e-11, 2.12716771281e-11, 1.64984796658e-11, 1.77199904056e-11, 2.04837535822e-11, 1.81925290804e-11, 2.42659434213e-11, 3.14341400132e-11, 3.70212194234e-11],
        "max": [0.0469299778342, 0.060815539211, 0.0286431517452, 0.014016347006, 0.0101875811815, 0.0021158400923, 0.00267932796851, 0.00440374482423, 0.00271552847698, 0.00225077662617, 0.00313745927997, 0.00266247754917, 0.00509395310655, 0.00254815537483, 0.00254126358777, 0.00122014945373, 0.00184873549733, 0.00150823011063, 0.000836483261082, 0.000492960156407, 0.000198315057787, 0.000110946741188, 0.000117682342534, 6.51203154121e-05, 9.042955935e-05, 7.88281977293e-05, 7.71090999478e-05, 4.43328717665e-05, 9.14827105589e-05, 5.58565916435e-05, 3.72115282516e-05, 6.18560443399e-05, 3.41606355505e-05, 3.62760802091e-05, 6.25742904958e-05, 5.65358750464e-05, 5.36243387614e-05, 4.97102882946e-05, 4.81587157992e-05, 5.45424845768e-05],
        "mean": [0.00626891944557, 0.00562494574115, 0.00152576121036, 0.000981811783276, 0.000616663193796, 0.000183447496966, 0.000158088630997, 0.000253861246165, 0.000177192894625, 0.000173856780748, 0.000236067207879, 0.000168656581081, 0.000211013830267, 0.000114020629553, 0.000148110208102, 9.00109662325e-05, 0.000132967397803, 7.5902476965e-05, 4.89831872983e-05, 3.30362272507e-05, 7.14215275366e-06, 5.51871562493e-06, 7.33498700356e-06, 4.94478035762e-06, 3.98473184759e-06, 3.88452554034e-06, 4.1655662244e-06, 3.47109767063e-06, 5.32345120519e-06, 3.92032870877e-06, 3.71357532458e-06, 3.95150027543e-06, 2.87986676994e-06, 2.52384575106e-06, 2.28232238442e-06, 1.90555999779e-06, 1.96051382773e-06, 2.47897719419e-06, 2.84900238512e-06, 2.99139128401e-06],
        "median": [0.00255376589485, 0.00208213645965, 0.000597726786509, 0.000549349293578, 0.000278691528365, 0.000103804850369, 5.77259779675e-05, 4.82198083773e-05, 4.64427612314e-05, 7.70107217249e-05, 8.84011315065e-05, 4.20597643824e-05, 5.64545953239e-05, 4.37251801486e-05, 5.54260041099e-05, 4.16878756369e-05, 4.31047155871e-05, 2.22606722673e-05, 1.2862577023e-05, 7.97514621809e-06, 3.00033343592e-06, 2.58238560491e-06, 3.63970752915e-06, 2.15511158785e-06, 1.2499198192e-06, 1.12221437121e-06, 1.29257159642e-06, 1.27024964058e-06, 1.15550801638e-06, 1.04414868929e-06, 1.33564253701e-06, 1.1264639852e-06, 1.15651550914e-06, 1.14671308893e-06, 1.08564631773e-06, 6.32685100754e-07, 6.98634494256e-07, 7.94904053691e-07, 7.55939993269e-07, 6.85905774844e-07],
        "min": [8.13079714135e-06, 3.90985842387e-05, 1.59002738656e-05, 1.96444443645e-06, 1.95192433239e-06, 5.85018597121e-07, 2.27024983701e-07, 1.16247349524e-07, 3.01381135159e-07, 2.55453358022e-07, 1.89438139842e-07, 1.00210982623e-07, 1.92200417359e-07, 2.21926384825e-07, 1.47988885146e-07, 7.01621871713e-08, 6.38612362991e-08, 8.38866967001e-08, 8.17252896468e-08, 3.23930038348e-08, 1.7624318005e-08, 1.17292691115e-08, 1.72379213126e-08, 1.26091155295e-08, 5.72434100121e-09, 8.70672600684e-09, 1.21966721167e-08, 6.11551520535e-09, 3.05122316302e-10, 3.22153526078e-09, 1.63553226518e-09, 1.58855284482e-09, 2.36870634218e-09, 1.11748155174e-09, 1.25189325573e-09, 1.24382582012e-09, 2.05814498777e-09, 8.81398620756e-10, 2.38459911539e-11, 1.31929978053e-09],
