{
"highlevel": {
    "danceability": {
        "all": {
            "danceable": 1.35167701956e-05,
            "not_danceable": 0.999986469746
        },
        "probability": 0.999986469746,
        "value": "not_danceable"
    },
    "gender": {
        "all": {
            "female": 0.126861348748,
            "male": 0.873138666153
        },
        "probability": 0.873138666153,
        "value": "male"
    },
    "genre_dortmund": {
        "all": {
            "alternative": 0.124681323767,
            "blues": 0.0424933098257,
            "electronic": 0.0308378525078,
            "folkcountry": 0.114928208292,
            "funksoulrnb": 0.0020213786047,
            "jazz": 0.0103473328054,
            "pop": 0.0492800436914,
            "raphiphop": 0.00262621510774,
            "rock": 0.62278431654
        },
        "probability": 0.62278431654,
        "value": "rock"
    },
    "genre_electronic": {
        "all": {
            "ambient": 0.156853973866,
            "dnb": 0.168135583401,
            "house": 0.0463971346617,
            "techno": 0.0245788227767,
            "trance": 0.604034483433
        },
        "probability": 0.604034483433,
        "value": "trance"
    },
    "genre_rosamerica": {
        "all": {
            "cla": 0.000169066057424,
            "dan": 0.0043752710335,
            "hip": 0.000465070217615,
            "jaz": 0.000518966524396,
            "pop": 0.000866893620696,
            "rhy": 0.000443395052571,
            "roc": 0.993024289608,
            "spe": 0.000137055336381
        },
        "probability": 0.993024289608,
        "value": "roc"
    },
    "genre_tzanetakis": {
        "all": {
            "blu": 0.0626613423228,
            "cla": 0.0348169617355,
            "cou": 0.104475811124,
            "dis": 0.0784321576357,
            "hip": 0.15692435205,
            "jaz": 0.313974827528,
            "met": 0.0448166541755,
            "pop": 0.0627359300852,
            "reg": 0.0627360641956,
            "roc": 0.0784258767962
        },
        "probability": 0.313974827528,
        "value": "jaz"
    },
    "ismir04_rhythm": {
        "all": {
            "ChaChaCha": 0.315136492252,
            "Jive": 0.506930708885,
            "Quickstep": 0.0182208567858,
            "Rumba-American": 0.00257763359696,
            "Rumba-International": 0.0262336116284,
            "Rumba-Misc": 0.00227668206207,
            "Samba": 0.0939617455006,
            "Tango": 0.00729838805273,
            "VienneseWaltz": 0.0241498928517,
            "Waltz": 0.00321401795372
        },
        "probability": 0.506930708885,
        "value": "Jive"
    },
    "mood_acoustic": {
        "all": {
            "acoustic": 0.00454903533682,
            "not_acoustic": 0.995450973511
        },
        "probability": 0.995450973511,
        "value": "not_acoustic"
    },
    "mood_aggressive": {
        "all": {
            "aggressive": 0.981594920158,
            "not_aggressive": 0.0184050761163
        },
        "probability": 0.981594920158,
        "value": "aggressive"
    },
    "mood_electronic": {
        "all": {
            "electronic": 0.0841448605061,
            "not_electronic": 0.915855109692
        },
        "probability": 0.915855109692,
        "value": "not_electronic"
    },
    "mood_happy": {
        "all": {
            "happy": 0.683447778225,
            "not_happy": 0.316552191973
        },
        "probability": 0.683447778225,
        "value": "happy"
    },
    "mood_party": {
        "all": {
            "not_party": 0.508040130138,
            "party": 0.491959869862
        },
        "probability": 0.508040130138,
        "value": "not_party"
    },
    "mood_relaxed": {
        "all": {
            "not_relaxed": 0.965670764446,
            "relaxed": 0.0343292616308
        },
        "probability": 0.965670764446,
        "value": "not_relaxed"
    },
    "mood_sad": {
        "all": {
            "not_sad": 0.873840034008,
            "sad": 0.126159965992
        },
        "probability": 0.873840034008,
        "value": "not_sad"
    },
    "moods_mirex": {
        "all": {
            "Cluster1": 0.438954740763,
            "Cluster2": 0.14380697906,
            "Cluster3": 0.0870513170958,
            "Cluster4": 0.0242034234107,
            "Cluster5": 0.305983543396
        },
        "probability": 0.438954740763,
        "value": "Cluster1"
    },
    "timbre": {
        "all": {
            "bright": 0.999992489815,
            "dark": 7.48905631553e-06
        },
        "probability": 0.999992489815,
        "value": "bright"
    },
    "tonal_atonal": {
        "all": {
            "atonal": 0.00395570416003,
            "tonal": 0.996044278145
        },
        "probability": 0.996044278145,
        "value": "tonal"
    },
    "voice_instrumental": {
        "all": {
            "instrumental": 0.0308100450784,
            "voice": 0.969189941883
        },
        "probability": 0.969189941883,
        "value": "voice"
    }
},
"lowlevel": {
    "average_loudness": 0.983267366886,
    "barkbands_crest": {
        "dmean": 2.05086040497,
        "dmean2": 3.35215854645,
        "dvar": 5.16601324081,
        "dvar2": 13.6576156616,
        "max": 20.0916366577,
        "mean": 8.2436580658,
        "median": 7.69490718842,
        "min": 2.37054538727,
        "var": 8.64233207703
    },
    "barkbands_flatness_db": {
        "dmean": 0.0161645896733,
        "dmean2": 0.0261516291648,
        "dvar": 0.00026374773006,
        "dvar2": 0.000770996906795,
        "max": 0.209327846766,
        "mean": 0.119224764407,
        "median": 0.117928959429,
        "min": 0.0546708628535,
        "var": 0.000627984874882
    },
    "barkbands_kurtosis": {
        "dmean": 1.8136484623,
        "dmean2": 3.01224923134,
        "dvar": 9.28338336945,
        "dvar2": 24.736328125,
        "max": 22.4663829803,
        "mean": 1.44339036942,
        "median": 0.393414735794,
        "min": -1.78816401958,
        "var": 11.4865722656
    },
    "barkbands_skewness": {
        "dmean": 0.469144374132,
        "dmean2": 0.740280330181,
        "dvar": 0.313815504313,
        "dvar2": 0.789938986301,
        "max": 4.67304420471,
        "mean": 1.3871473074,
        "median": 1.29123699665,
        "min": -1.12035000324,
        "var": 0.705515444279
    },
    "barkbands_spread": {
        "dmean": 6.16858196259,
        "dmean2": 9.68160915375,
        "dvar": 37.667137146,
        "dvar2": 90.7291564941,
        "max": 76.907333374,
        "mean": 35.158241272,
        "median": 34.9437332153,
        "min": 9.61229133606,
        "var": 122.39176178
    },
    "dissonance": {
        "dmean": 0.00743894837797,
        "dmean2": 0.0124837355688,
        "dvar": 3.90152163163e-05,
        "dvar2": 0.0001044682067,
        "max": 0.5,
        "mean": 0.484739363194,
        "median": 0.486195147038,
        "min": 0.447376400232,
        "var": 7.98218534328e-05
    },
    "dynamic_complexity": 1.00661098957,
    "erbbands_crest": {
        "dmean": 1.54467332363,
        "dmean2": 2.59956359863,
        "dvar": 2.16872143745,
        "dvar2": 5.63813734055,
        "max": 19.8846683502,
        "mean": 5.88066291809,
        "median": 5.2574005127,
        "min": 2.53463959694,
        "var": 5.07681894302
    },
    "erbbands_flatness_db": {
        "dmean": 0.0130912633613,
        "dmean2": 0.0189129393548,
        "dvar": 0.000151144558913,
        "dvar2": 0.000293375749607,
        "max": 0.233327016234,
        "mean": 0.129488050938,
        "median": 0.129946425557,
        "min": 0.0652275830507,
        "var": 0.000555739214178
    },
    "erbbands_kurtosis": {
        "dmean": 0.530617296696,
        "dmean2": 0.865981459618,
        "dvar": 0.316251665354,
        "dvar2": 0.807573854923,
        "max": 7.58887004852,
        "mean": -0.219993531704,
        "median": -0.47686457634,
        "min": -1.63639461994,
        "var": 1.12512302399
    },
    "erbbands_skewness": {
        "dmean": 0.237344771624,
        "dmean2": 0.384794652462,
        "dvar": 0.0399370416999,
        "dvar2": 0.106428869069,
        "max": 0.812039494514,
        "mean": -0.558798611164,
        "median": -0.555639624596,
        "min": -2.42944025993,
        "var": 0.164122387767
    },
    "erbbands_spread": {
        "dmean": 8.32942581177,
        "dmean2": 13.5252571106,
        "dvar": 88.71875,
        "dvar2": 220.24269104,
        "max": 108.048339844,
        "mean": 48.1704444885,
        "median": 46.2100257874,
        "min": 14.1234636307,
        "var": 203.71862793
    },
    "hfc": {
        "dmean": 7.23637723923,
        "dmean2": 11.937289238,
        "dvar": 94.6392593384,
        "dvar2": 248.094711304,
        "max": 95.2883071899,
        "mean": 32.394115448,
        "median": 29.1716499329,
        "min": 2.2067565918,
        "var": 189.426971436
    },
    "melbands_crest": {
        "dmean": 2.4717206955,
        "dmean2": 4.03432607651,
        "dvar": 5.86052799225,
        "dvar2": 15.0314483643,
        "max": 27.1066665649,
        "mean": 14.8204441071,
        "median": 14.5995035172,
        "min": 3.50166726112,
        "var": 15.0326108932
    },
    "melbands_flatness_db": {
        "dmean": 0.0218688305467,
        "dmean2": 0.0344630293548,
        "dvar": 0.000560523068998,
        "dvar2": 0.00146134977695,
        "max": 0.297053962946,
        "mean": 0.165995970368,
        "median": 0.165691643953,
        "min": 0.0508088134229,
        "var": 0.00161698251031
    },
    "melbands_kurtosis": {
        "dmean": 7.54255247116,
        "dmean2": 12.5569458008,
        "dvar": 179.292938232,
        "dvar2": 477.236602783,
        "max": 108.92199707,
        "mean": 12.935795784,
        "median": 8.71727657318,
        "min": -1.74541735649,
        "var": 196.273406982
    },
    "melbands_skewness": {
        "dmean": 0.776490271091,
        "dmean2": 1.24404573441,
        "dvar": 1.03125524521,
        "dvar2": 2.57533144951,
        "max": 9.42459774017,
        "mean": 3.14298677444,
        "median": 2.91734313965,
        "min": 0.0200251135975,
        "var": 1.86027169228
    },
    "melbands_spread": {
        "dmean": 7.9761428833,
        "dmean2": 12.6620397568,
        "dvar": 68.6793823242,
        "dvar2": 162.417449951,
        "max": 89.2208938599,
        "mean": 30.3762321472,
        "median": 27.7634620667,
        "min": 4.55020093918,
        "var": 235.573883057
    },
    "pitch_salience": {
        "dmean": 0.0605033114552,
        "dmean2": 0.0993132516742,
        "dvar": 0.00354019529186,
        "dvar2": 0.0103195616975,
        "max": 0.793046653271,
        "mean": 0.555082201958,
        "median": 0.557898283005,
        "min": 0.236402601004,
        "var": 0.00685409270227
    },
    "silence_rate_20dB": {
        "dmean": 0,
        "dmean2": 0,
        "dvar": 0,
        "dvar2": 0,
        "max": 1,
        "mean": 1,
        "median": 1,
        "min": 1,
        "var": 0
    },
    "silence_rate_30dB": {
        "dmean": 0.0696594417095,
        "dmean2": 0.139426797628,
        "dvar": 0.0648068264127,
        "dvar2": 0.169560715556,
        "max": 1,
        "mean": 0.955143094063,
        "median": 1,
        "min": 0,
        "var": 0.0428441092372
    },
    "silence_rate_60dB": {
        "dmean": 0.000773993786424,
        "dmean2": 0.000774593325332,
        "dvar": 0.000773394829594,
        "dvar2": 0.000773993320763,
        "max": 1,
        "mean": 0.00077339517884,
        "median": 0,
        "min": 0,
        "var": 0.000772797095124
    },
    "spectral_centroid": {
        "dmean": 243.477554321,
        "dmean2": 391.301025391,
        "dvar": 54256.3046875,
        "dvar2": 138874.078125,
        "max": 3172.30712891,
        "mean": 2035.82653809,
        "median": 2080.44067383,
        "min": 770.861328125,
        "var": 194591.5625
    },
    "spectral_complexity": {
        "dmean": 4.6006193161,
        "dmean2": 7.32765293121,
        "dvar": 16.356048584,
        "dvar2": 37.1048927307,
        "max": 59,
        "mean": 34.9783439636,
        "median": 35,
        "min": 3,
        "var": 66.7652053833
    },
    "spectral_decrease": {
        "dmean": 4.16395273817e-09,
        "dmean2": 7.01378999324e-09,
        "dvar": 6.39831747697e-17,
        "dvar2": 1.68416818217e-16,
        "max": -3.51526363573e-10,
        "mean": -1.06750599471e-08,
        "median": -8.87103990266e-09,
        "min": -5.7337310011e-08,
        "var": 5.57178537402e-17
    },
    "spectral_energy": {
        "dmean": 0.0160947274417,
        "dmean2": 0.0271545480937,
        "dvar": 0.000951901951339,
        "dvar2": 0.0025019980967,
        "max": 0.221280276775,
        "mean": 0.0432284064591,
        "median": 0.0362744145095,
        "min": 0.00152690417599,
        "var": 0.000829607481137
    },
    "spectral_energyband_high": {
        "dmean": 0.000609423907008,
        "dmean2": 0.000990127329715,
        "dvar": 7.10694564532e-07,
        "dvar2": 1.83588713298e-06,
        "max": 0.00997413136065,
        "mean": 0.00182316161226,
        "median": 0.00142244342715,
        "min": 4.44306642748e-05,
        "var": 1.8578145955e-06
    },
    "spectral_energyband_low": {
        "dmean": 0.0127333588898,
        "dmean2": 0.0210125371814,
        "dvar": 0.000682000943925,
        "dvar2": 0.00182497419883,
        "max": 0.199846148491,
        "mean": 0.0235175881535,
        "median": 0.0178692620248,
        "min": 5.61127781111e-05,
        "var": 0.000592963711824
    },
    "spectral_energyband_middle_high": {
        "dmean": 0.00153802835848,
        "dmean2": 0.00252532074228,
        "dvar": 2.20500055548e-06,
        "dvar2": 5.90158651903e-06,
        "max": 0.0189167950302,
        "mean": 0.00686371186748,
        "median": 0.00651112152264,
        "min": 0.000633093004581,
        "var": 6.04356773692e-06
    },
    "spectral_energyband_middle_low": {
        "dmean": 0.0064378795214,
        "dmean2": 0.0112143047154,
        "dvar": 0.000192406019778,
        "dvar2": 0.000536787614692,
        "max": 0.150310903788,
        "mean": 0.0132286474109,
        "median": 0.0102216470987,
        "min": 0.00077078898903,
        "var": 0.000155050627654
    },
    "spectral_entropy": {
        "dmean": 0.0887682661414,
        "dmean2": 0.135204449296,
        "dvar": 0.00672855833545,
        "dvar2": 0.0153333740309,
        "max": 8.45603942871,
        "mean": 7.84987688065,
        "median": 7.85005521774,
        "min": 7.32636547089,
        "var": 0.0302752498537
    },
    "spectral_flux": {
        "dmean": 0.0294092819095,
        "dmean2": 0.0448647588491,
        "dvar": 0.00220262701623,
        "dvar2": 0.0043354309164,
        "max": 0.37624925375,
        "mean": 0.102028161287,
        "median": 0.0830308571458,
        "min": 0.0360534153879,
        "var": 0.00345731899142
    },
    "spectral_kurtosis": {
        "dmean": 0.90306353569,
        "dmean2": 1.59641194344,
        "dvar": 0.696073710918,
        "dvar2": 2.03093838692,
        "max": 10.3606081009,
        "mean": 2.99609708786,
        "median": 2.79238271713,
        "min": 0.451352119446,
        "var": 1.36795091629
    },
    "spectral_rms": {
        "dmean": 0.00100759300403,
        "dmean2": 0.00164409540594,
        "dvar": 2.60116780737e-06,
        "dvar2": 6.5577019086e-06,
        "max": 0.0146929640323,
        "mean": 0.00625372724608,
        "median": 0.00594892213121,
        "min": 0.00122051732615,
        "var": 3.06492415802e-06
    },
    "spectral_rolloff": {
        "dmean": 601.46307373,
        "dmean2": 960.705871582,
        "dvar": 432074.4375,
        "dvar2": 899453.625,
        "max": 7450.48828125,
        "mean": 1858.53417969,
        "median": 2024.12109375,
        "min": 107.666015625,
        "var": 1312778.875
    },
    "spectral_skewness": {
        "dmean": 0.136820524931,
        "dmean2": 0.227147892118,
        "dvar": 0.0143497502431,
        "dvar2": 0.0365468300879,
        "max": 2.93759512901,
        "mean": 1.07588291168,
        "median": 1.06207418442,
        "min": 0.573583364487,
        "var": 0.0319373197854
    },
    "spectral_spread": {
        "dmean": 449308.34375,
        "dmean2": 645267.9375,
        "dvar": 231300775936,
        "dvar2": 428282118144,
        "max": 11575433,
        "mean": 4234312.5,
        "median": 4069804.75,
        "min": 2406145.75,
        "var": 712389820416
    },
    "spectral_strongpeak": {
        "dmean": 0.278618246317,
        "dmean2": 0.476995229721,
        "dvar": 0.22870144248,
        "dvar2": 0.560621082783,
        "max": 8.15429782867,
        "mean": 0.488368064165,
        "median": 0.323917537928,
        "min": 0,
        "var": 0.377979964018
    },
    "zerocrossingrate": {
        "dmean": 0.00967567879707,
        "dmean2": 0.0124460663646,
        "dvar": 7.14554626029e-05,
        "dvar2": 0.000113269823487,
        "max": 0.18701171875,
        "mean": 0.0721402540803,
        "median": 0.06884765625,
        "min": 0.021484375,
        "var": 0.000524297589436
    },
    "barkbands": {
        "dmean": [0.00142880505882, 0.00863355770707, 0.00335635710508, 0.00394540512934, 0.00220229895785, 0.000745729426853, 0.000602652784437, 0.000496699649375, 0.000483257812448, 0.000237412154092, 0.000211693099118, 0.000154427820235, 0.000307841488393, 0.000242827241891, 0.000406438164646, 0.000465765304398, 0.000502685783431, 0.000419070711359, 0.0004275534302, 0.000290860654786, 0.000211617458262, 0.00015804071154, 0.00015107775107, 6.24104650342e-05, 9.23432089621e-05, 2.3956390578e-05, 1.74765855121e-08],
        "dmean2": [0.00177482154686, 0.0149077391252, 0.00557513767853, 0.00697638187557, 0.00370237464085, 0.0011890749447, 0.000972171954345, 0.000752399966586, 0.000752527499571, 0.000377621938242, 0.000324098567944, 0.000254711369053, 0.000525695213582, 0.00039832861512, 0.00069511536276, 0.000782072311267, 0.000834680628031, 0.000713896064553, 0.000721855671145, 0.000492395367473, 0.000365555577446, 0.000270622345852, 0.000249507953413, 9.58300297498e-05, 0.000138952440466, 3.664189353e-05, 3.08640863977e-08],
        "dvar": [4.97208884553e-06, 0.000417325325543, 3.12594165734e-05, 7.13694171282e-05, 3.16372279485e-05, 1.72548323008e-06, 7.61876663091e-07, 7.11730990588e-07, 7.3185066185e-07, 1.53342782028e-07, 9.88951072145e-08, 4.65447698161e-08, 1.28859483084e-07, 1.47880641066e-07, 1.77482945674e-07, 2.91529801189e-07, 3.17140404604e-07, 2.04423969308e-07, 1.55969914317e-07, 9.26552061742e-08, 6.69749340432e-08, 6.11186266042e-08, 5.12572562172e-08, 1.39166855817e-08, 1.23276038266e-08, 2.63538058043e-09, 6.68394333953e-15],
        "dvar2": [7.84645544627e-06, 0.00114532443695, 7.73235005909e-05, 0.000200390393729, 8.72001619427e-05, 4.43342742074e-06, 1.78939239959e-06, 1.44573334637e-06, 1.73975433881e-06, 3.31955732236e-07, 2.31982355103e-07, 1.01847533074e-07, 3.38566621849e-07, 3.73203647541e-07, 4.8400210062e-07, 7.54752647936e-07, 8.58708631313e-07, 5.37390008049e-07, 4.15678414356e-07, 2.58763037664e-07, 1.87822976727e-07, 1.70224510043e-07, 1.3645686181e-07, 2.77905254364e-08, 2.59617163323e-08, 5.85498094452e-09, 1.35548175332e-14],
        "max": [0.0218232534826, 0.164662450552, 0.0502717718482, 0.0710966810584, 0.0698059946299, 0.0166770871729, 0.0115799931809, 0.0148651078343, 0.0158624574542, 0.00867316499352, 0.0072906119749, 0.0026511172764, 0.00315658235922, 0.00813057646155, 0.00616567861289, 0.00729534355924, 0.00750950397924, 0.00468192063272, 0.0047778734006, 0.00349707296118, 0.00290650548413, 0.00242580543272, 0.00283833011054, 0.00220452225767, 0.00176084123086, 0.000741818279494, 1.92902484741e-06],
        "mean": [0.00264374632388, 0.0110119981691, 0.00776701187715, 0.00505544338375, 0.00357995764352, 0.00142295926344, 0.00111794751137, 0.00096443016082, 0.000880403677002, 0.000449650193332, 0.000412880268414, 0.000269748066785, 0.000511079677381, 0.000423372257501, 0.000746582110878, 0.000874942867085, 0.000968202424701, 0.000907185021788, 0.00100961921271, 0.000748628284782, 0.000494199630339, 0.00033805592102, 0.000285017275019, 0.000149142098962, 0.00015765344142, 3.85110433854e-05, 1.15926850341e-08],
        "median": [8.60013169586e-05, 0.00615043053403, 0.00610375683755, 0.003062924603, 0.00208757189102, 0.000601587118581, 0.000577971513849, 0.000325767847244, 0.000401315279305, 0.000231858313782, 0.000256780040218, 0.000181691313628, 0.000375231611542, 0.000280451902654, 0.000614538032096, 0.000662941485643, 0.000746937759686, 0.000755061977543, 0.00089126493549, 0.000651864218526, 0.000415047252318, 0.000240649766056, 0.000184187927516, 7.71945997258e-05, 0.000101673518657, 1.0576249224e-05, 7.43720640628e-10],
        "min": [3.12386774226e-08, 1.90410173673e-05, 4.31771150033e-06, 2.78487777905e-06, 0.000112026049464, 2.81164411717e-05, 1.83008542081e-05, 6.59446732243e-06, 1.09763786895e-05, 7.71176291892e-06, 2.85911983156e-06, 5.48967182112e-06, 1.48564486153e-05, 1.31479027914e-05, 2.85253354377e-05, 5.8311426983e-05, 6.09357193753e-05, 9.79773249128e-05, 0.000137627503136, 6.69123037369e-05, 1.35461059472e-05, 5.65201025893e-06, 2.94225560538e-06, 1.97046733774e-06, 1.24788823541e-06, 3.34201577523e-09, 9.67303841193e-12],
        "var": [1.74048964254e-05, 0.000312647840474, 4.38416136603e-05, 5.29844801349e-05, 3.0177354347e-05, 4.66941310151e-06, 2.31346029977e-06, 2.65019662038e-06, 1.89573336229e-06, 5.02518503254e-07, 2.33215928347e-07, 8.62092335296e-08, 1.93403423054e-07, 2.49095933214e-07, 3.08587459585e-07, 5.76982984057e-07, 6.21126957867e-07, 3.53746031578e-07, 2.84616589852e-07, 1.88193013173e-07, 1.04960768965e-07, 9.66429638538e-08, 9.82050707421e-08, 6.04197580856e-08, 3.76758890752e-08, 5.6601039411e-09, 5.18021040695e-15]
    },
    "erbbands": {
        "dmean": [0.241154059768, 2.01648783684, 3.85834217072, 8.70076274872, 11.8150596619, 6.06593704224, 4.93554973602, 7.05889892578, 7.33734703064, 10.7738237381, 8.09915542603, 12.3885679245, 8.17976570129, 7.51005887985, 7.76749277115, 6.55598831177, 13.2503185272, 13.4110584259, 18.1062660217, 17.6592197418, 22.4622898102, 23.460641861, 23.8157291412, 20.5851783752, 22.1927223206, 12.8696289062, 10.4759235382, 6.72872781754, 5.82809829712, 5.37401151657, 3.63996100426, 1.57300806046, 1.0372351408, 0.785648286343, 0.821398079395, 0.140940800309, 0.0417284816504, 0.0040416168049, 7.98209730419e-05, 2.06559107028e-05],
        "dmean2": [0.392935365438, 3.57064652443, 6.39937114716, 14.9880075455, 20.6314315796, 9.93290328979, 8.12775230408, 10.8738555908, 12.0312366486, 16.5337848663, 12.4259548187, 19.2703609467, 13.5716514587, 11.4153223038, 12.1646823883, 10.7611885071, 22.5915737152, 22.1383190155, 31.3666858673, 29.6693782806, 37.5094146729, 39.3273239136, 40.4609222412, 34.9132232666, 37.2952919006, 21.8963394165, 17.8494510651, 11.4793701172, 10.0414571762, 9.17436504364, 5.94083166122, 2.51649093628, 1.62152493, 1.20492327213, 1.24606049061, 0.207562878728, 0.0660910755396, 0.0068228635937, 0.000129571984871, 3.47282148141e-05],
        "dvar": [0.202783450484, 25.7657222748, 48.1084785461, 267.182128906, 1123.54650879, 138.625549316, 91.8302307129, 149.138916016, 129.351119995, 267.481323242, 216.906494141, 513.229736328, 237.421173096, 84.7461395264, 199.162643433, 82.8273086548, 236.917205811, 416.250427246, 346.916534424, 364.245391846, 529.961364746, 746.579833984, 742.681762695, 414.388793945, 492.343353271, 194.718780518, 144.934768677, 83.6373443604, 77.0559616089, 80.7729492188, 33.1008453369, 8.09585380554, 4.18777799606, 1.58527481556, 0.807856202126, 0.0681551247835, 0.00949558243155, 9.58645759965e-05, 3.11651646712e-08, 1.56196910961e-09],
        "dvar2": [0.526678264141, 72.0965118408, 125.325584412, 726.412597656, 3145.78515625, 360.298492432, 232.913314819, 355.432525635, 315.708496094, 558.533813477, 481.25592041, 1224.36645508, 565.912780762, 170.22177124, 460.670562744, 184.885131836, 622.348388672, 1048.61254883, 936.994506836, 948.333190918, 1422.5859375, 2004.72351074, 1912.48852539, 1154.81994629, 1380.71838379, 549.400024414, 405.665557861, 237.497360229, 212.759979248, 225.730255127, 85.4807052612, 18.3549308777, 8.32653617859, 3.45906114578, 1.7630058527, 0.142168700695, 0.0224364809692, 0.000254248647252, 8.03253357162e-08, 4.0333070217e-09],
        "max": [3.06646537781, 41.3024406433, 56.916557312, 114.502746582, 374.702545166, 162.500762939, 151.421585083, 163.316421509, 158.073440552, 263.997344971, 245.215332031, 413.91305542, 339.933959961, 115.310630798, 358.912811279, 125.369758606, 135.422348022, 458.659393311, 169.58354187, 262.989318848, 240.933013916, 404.319824219, 323.528076172, 214.730789185, 211.030776978, 142.574920654, 117.001205444, 140.066680908, 98.4765472412, 98.7374420166, 68.8104934692, 45.4128570557, 39.5280952454, 21.6538734436, 13.8176422119, 4.91809463501, 1.05388379097, 0.0844823271036, 0.00163243873976, 0.000297408580082],
        "mean": [0.303195059299, 2.51830172539, 8.2360906601, 14.3302326202, 15.1675548553, 11.3035993576, 9.38066005707, 13.7592954636, 14.123509407, 22.2322044373, 15.7989034653, 22.8826961517, 15.8897809982, 15.9949922562, 14.79616642, 12.4434394836, 23.059381485, 25.3543624878, 34.2023696899, 38.2661552429, 48.9026794434, 49.3866043091, 52.4837150574, 48.7426605225, 52.4636039734, 34.085395813, 25.070142746, 16.4923877716, 12.4797811508, 9.76080513, 7.2467455864, 3.71878623962, 2.23364305496, 1.44359111786, 1.2881551981, 0.266580343246, 0.053759150207, 0.00392264779657, 0.000114179245429, 5.91172902205e-05],
        "median": [0.0895110443234, 1.33346700668, 6.33029174805, 9.78481006622, 8.40034866333, 6.01241397858, 5.05500507355, 5.45315170288, 7.62373209, 11.2500944138, 7.1588716507, 10.9220123291, 8.12967967987, 10.7710971832, 9.32649326324, 8.89669799805, 17.2371406555, 18.2012634277, 28.1674423218, 31.7045288086, 40.336894989, 39.6152610779, 43.9622383118, 42.7884559631, 45.2395133972, 30.354095459, 21.2307605743, 13.6879854202, 9.26110458374, 6.59842300415, 4.33782339096, 1.94494855404, 1.05109679699, 0.854521870613, 0.862236559391, 0.105054795742, 0.0104077672586, 0.00076429155888, 4.99232810398e-05, 4.90373604407e-05],
        "min": [0.000390439730836, 0.00503365369514, 0.0126359695569, 0.0578714869916, 0.278891205788, 0.343829482794, 0.177928179502, 0.273838579655, 0.476582854986, 0.459958612919, 0.643937647343, 0.551887452602, 0.483355075121, 0.481364130974, 0.220029190183, 0.439983308315, 0.891926109791, 1.03497314453, 1.29022336006, 2.06137132645, 4.64695262909, 4.60792160034, 7.12073516846, 5.48895692825, 6.84697580338, 3.15635347366, 0.746339023113, 0.440299242735, 0.229031637311, 0.119427599013, 0.0696989819407, 0.054717656225, 0.024357393384, 0.0151462713256, 0.0082723069936, 0.000370512221707, 4.35527872469e-05, 7.18981118553e-06, 3.05401340484e-06, 5.20624416822e-06],
        "var": [0.207451999187, 18.1546783447, 53.9876976013, 243.218261719, 790.954101562, 338.176879883, 224.676086426, 470.893951416, 327.203460693, 985.432983398, 598.631164551, 1244.5682373, 756.464904785, 256.21963501, 441.588104248, 158.026702881, 367.434875488, 716.001159668, 558.999206543, 683.02935791, 1116.39465332, 1433.24682617, 1224.9630127, 706.600036621, 944.671691895, 344.443817139, 239.625534058, 131.351501465, 118.732887268, 107.540817261, 73.20703125, 31.824432373, 15.8676481247, 4.81514263153, 2.09426951408, 0.218090251088, 0.0144667616114, 8.62095985212e-05, 3.45940840418e-08, 1.48529166744e-09]
    },
    "gfcc": {
        "mean": [55.8667755127, 79.9466323853, -125.388038635, 66.165184021, -51.545665741, 17.9975738525, -40.2682762146, 16.9487133026, -26.406457901, 4.56335306168, -20.3000583649, -5.72603034973, -12.8091688156],
        "cov": [[630.836608887, -246.875076294, 257.635894775, 17.6607990265, -16.4608097076, 112.45552063, -0.354177743196, 7.36368465424, -12.2627477646, 48.5915603638, -41.9968757629, 57.1383514404, -61.9237785339], [-246.875076294, 374.746795654, -114.407012939, 25.4064674377, 48.4765548706, -85.9431152344, 44.4094314575, -46.802028656, 6.79064750671, -27.0694694519, 32.386428833, -49.4183959961, 55.1733970642], [257.635894775, -114.407012939, 327.476959229, 38.6947250366, 42.4472465515, 66.1652374268, -8.95984172821, 26.4461746216, -8.8495721817, 47.9391403198, -17.8286399841, 54.8563270569, -33.3318214417], [17.6607990265, 25.4064674377, 38.6947250366, 103.55947876, 39.8525009155, 42.9741210938, 21.8482341766, 5.33192205429, 19.3242778778, -8.52831554413, 10.7943096161, -11.4857406616, 21.28083992], [-16.4608097076, 48.4765548706, 42.4472465515, 39.8525009155, 105.107574463, 28.1142311096, 34.1587944031, 8.01843261719, 3.05339074135, 12.9851760864, -1.32841145992, 5.38233661652, 3.93962883949], [112.45552063, -85.9431152344, 66.1652374268, 42.9741210938, 28.1142311096, 116.469116211, 44.8411903381, 28.4700717926, 12.4281358719, 11.5182552338, -3.41680240631, 5.15935897827, -0.858985900879], [-0.354177743196, 44.4094314575, -8.95984172821, 21.8482341766, 34.1587944031, 44.8411903381, 93.6777420044, 32.4248847961, 28.2969837189, 3.58611512184, -3.84151411057, -13.5209217072, 3.36771273613], [7.36368465424, -46.802028656, 26.4461746216, 5.33192205429, 8.01843261719, 28.4700717926, 32.4248847961, 79.9834060669, 39.3602561951, 15.4176588058, -4.29295349121, 2.38051342964, 2.07751059532], [-12.2627477646, 6.79064750671, -8.8495721817, 19.3242778778, 3.05339074135, 12.4281358719, 28.2969837189, 39.3602561951, 63.8762817383, 18.086681366, 5.56043338776, -12.7554636002, -3.02359485626], [48.5915603638, -27.0694694519, 47.9391403198, -8.52831554413, 12.9851760864, 11.5182552338, 3.58611512184, 15.4176588058, 18.086681366, 68.8837280273, 19.1538105011, 14.2609357834, -24.2680988312], [-41.9968757629, 32.386428833, -17.8286399841, 10.7943096161, -1.32841145992, -3.41680240631, -3.84151411057, -4.29295349121, 5.56043338776, 19.1538105011, 61.473274231, 22.1150779724, 11.2716808319], [57.1383514404, -49.4183959961, 54.8563270569, -11.4857406616, 5.38233661652, 5.15935897827, -13.5209217072, 2.38051342964, -12.7554636002, 14.2609357834, 22.1150779724, 70.6024246216, 15.8759765625], [-61.9237785339, 55.1733970642, -33.3318214417, 21.28083992, 3.93962883949, -0.858985900879, 3.36771273613, 2.07751059532, -3.02359485626, -24.2680988312, 11.2716808319, 15.8759765625, 75.8311538696]],
        "icov": [[0.00366499461234, 0.000543308560736, -0.00150876364205, -0.00138555001467, 0.0025234518107, -0.00207620952278, -0.000986363156699, 0.00200536265038, 1.1409644685e-05, -0.00170828960836, 0.00334102218039, -0.00302869081497, 0.00174865778536], [0.000543308560736, 0.0118272304535, -0.0031881427858, 0.00269445031881, -0.00600869627669, 0.0114847812802, -0.0103240059689, 0.00891713798046, -0.00291088293307, 0.00174825207796, -0.00967149063945, 0.0125881219283, -0.0104171009734], [-0.00150876364205, -0.0031881427858, 0.00802770163864, -0.00524289626628, 0.000509858189616, -0.00353073677979, 0.00469089159742, -0.00530376425013, 0.0036949494388, -0.0040168473497, 0.00663756299764, -0.00867499690503, 0.00564941111952], [-0.00138555001467, 0.00269445031881, -0.00524289626628, 0.023037943989, -0.00919021386653, -0.00227130856365, -0.000257694337051, 0.00610814895481, -0.0101192677394, 0.0090911751613, -0.0129917431623, 0.0141123645008, -0.0100833131], [0.0025234518107, -0.00600869627669, 0.000509858189616, -0.00919021386653, 0.0193439740688, -0.00633335532621, -0.000762256851885, -0.00337052694522, 0.00572047755122, -0.00707678264007, 0.0110615324229, -0.0117750447243, 0.00706948852167], [-0.00207620952278, 0.0114847812802, -0.00353073677979, -0.00227130856365, -0.00633335532621, 0.0273986328393, -0.01601257734, 0.00443462468684, 0.000635213044006, 0.000955242081545, -0.0104711642489, 0.012933135964, -0.0105572547764], [-0.000986363156699, -0.0103240059689, 0.00469089159742, -0.000257694337051, -0.000762256851885, -0.01601257734, 0.02749956958, -0.0113147161901, -0.00239925645292, 0.000370800698875, 0.00764821283519, -0.00802080705762, 0.00835262890905], [0.00200536265038, 0.00891713798046, -0.00530376425013, 0.00610814895481, -0.00337052694522, 0.00443462468684, -0.0113147161901, 0.0299972724169, -0.0162480473518, 0.000491421087645, -0.0036496380344, 0.00693246349692, -0.0103892730549], [1.1409644685e-05, -0.00291088293307, 0.0036949494388, -0.0101192677394, 0.00572047755122, 0.000635213044006, -0.00239925645292, -0.0162480473518, 0.0328045487404, -0.00992641504854, 0.00287514110096, -0.000998533447273, 0.00476582208648], [-0.00170828960836, 0.00174825207796, -0.0040168473497, 0.0090911751613, -0.00707678264007, 0.000955242081545, 0.000370800698875, 0.000491421087645, -0.00992641504854, 0.0285251606256, -0.0149893518537, 0.00409017922357, 0.00346942991018], [0.00334102218039, -0.00967149063945, 0.00663756299764, -0.0129917431623, 0.0110615324229, -0.0104711642489, 0.00764821283519, -0.0036496380344, 0.00287514110096, -0.0149893518537, 0.0397677198052, -0.0264699757099, 0.0103438375518], [-0.00302869081497, 0.0125881219283, -0.00867499690503, 0.0141123645008, -0.0117750447243, 0.012933135964, -0.00802080705762, 0.00693246349692, -0.000998533447273, 0.00409017922357, -0.0264699757099, 0.0450353771448, -0.0227060150355], [0.00174865778536, -0.0104171009734, 0.00564941111952, -0.0100833131, 0.00706948852167, -0.0105572547764, 0.00835262890905, -0.0103892730549, 0.00476582208648, 0.00346942991018, 0.0103438375518, -0.0227060150355, 0.031450740993]]
    },
    "melbands": {
        "dmean": [0.0023027707357, 0.00225607329048, 0.0016134501202, 0.000599807186518, 0.000180609349627, 0.000149098079419, 0.000118896030472, 0.000118458410725, 6.20081627858e-05, 8.2534221292e-05, 4.01559409511e-05, 3.03684428218e-05, 2.39365726884e-05, 1.97040571948e-05, 1.74303640961e-05, 3.8212929212e-05, 2.67010782409e-05, 2.7081634471e-05, 3.01301188301e-05, 3.76101088477e-05, 2.64665577561e-05, 2.63047440967e-05, 2.8306079912e-05, 1.94380190806e-05, 1.85849075933e-05, 1.8831289708e-05, 1.42577409861e-05, 9.34120907914e-06, 7.40991163184e-06, 6.03247144682e-06, 3.98364772991e-06, 3.73715351998e-06, 3.11353210236e-06, 3.64708830602e-06, 2.70844316219e-06, 1.24445432448e-06, 9.81516564025e-07, 8.24779760933e-07, 6.69178007229e-07, 7.88790771367e-07],
        "dmean2": [0.00384377129376, 0.00385788781568, 0.00277896854095, 0.00102223444264, 0.000291761418339, 0.000232370191952, 0.000193911982933, 0.000180692935828, 9.51620095293e-05, 0.000128627187223, 6.70633744448e-05, 4.60378541902e-05, 3.7251807953e-05, 3.16744626616e-05, 2.88966348307e-05, 6.52551025269e-05, 4.33668355981e-05, 4.65399461973e-05, 5.16083237017e-05, 6.34867246845e-05, 4.43133758381e-05, 4.3616109906e-05, 4.80744456581e-05, 3.29454123857e-05, 3.16460973409e-05, 3.20216786349e-05, 2.3572381906e-05, 1.59969149536e-05, 1.26871582324e-05, 1.03542788565e-05, 6.80399807607e-06, 6.40130519969e-06, 5.48338903172e-06, 6.1385171648e-06, 4.49074605058e-06, 2.02880210054e-06, 1.59845069447e-06, 1.27752514345e-06, 1.09427719508e-06, 1.21304140066e-06],
        "dvar": [2.43996200879e-05, 2.27492146223e-05, 1.14086042231e-05, 2.50973766924e-06, 9.59697317171e-08, 6.58458603198e-08, 3.20780664254e-08, 3.54012321679e-08, 1.38183571252e-08, 2.38542803288e-08, 5.68095925857e-09, 1.43637524097e-09, 1.55153745407e-09, 6.75774380898e-10, 4.77560269108e-10, 2.15227347056e-09, 2.07100003813e-09, 8.45180758713e-10, 1.39221789652e-09, 2.37903141631e-09, 8.22528600786e-10, 9.37965372039e-10, 1.18109655389e-09, 4.43006326067e-10, 3.52440077123e-10, 4.21589207988e-10, 2.30517910316e-10, 9.9242260243e-11, 6.92081322806e-11, 4.55683858702e-11, 3.41320548214e-11, 2.67691997041e-11, 3.17727857913e-11, 2.99669733472e-11, 1.66863849127e-11, 4.76094988086e-12, 3.04015883648e-12, 2.50979640716e-12, 1.80237107791e-12, 1.24440627074e-12],
        "dvar2": [6.5536260081e-05, 6.18055855739e-05, 3.12880947604e-05, 6.97353925716e-06, 2.45830364065e-07, 1.63902129202e-07, 7.68778889437e-08, 7.10370997581e-08, 2.95738882272e-08, 5.73955318828e-08, 1.34918725081e-08, 2.8519699935e-09, 3.69068220429e-09, 1.4523573455e-09, 1.13273834756e-09, 5.77737768737e-09, 5.18531617644e-09, 2.2705342051e-09, 3.67056562922e-09, 6.08695627236e-09, 2.26941598847e-09, 2.5387822955e-09, 3.12190850948e-09, 1.12673836927e-09, 9.94136217791e-10, 1.1409169165e-09, 6.49688303156e-10, 2.75815786877e-10, 1.95806093561e-10, 1.26298319025e-10, 9.72222718998e-11, 7.42761546713e-11, 8.90287218946e-11, 8.32088495328e-11, 4.41004767426e-11, 1.1442465031e-11, 6.94297397352e-12, 4.9188205592e-12, 4.22444067574e-12, 2.8320173897e-12],
        "max": [0.038077827543, 0.0391841009259, 0.031018152833, 0.0196396633983, 0.00451160874218, 0.00315902475268, 0.00244372710586, 0.00336243119091, 0.00271687377244, 0.00288662104867, 0.00167113775387, 0.000508546829224, 0.00102511746809, 0.00042801751988, 0.00023819837952, 0.000437322509242, 0.00103952549398, 0.000247974792728, 0.000614931515884, 0.000659772544168, 0.00037816222175, 0.000338418059982, 0.000669419707265, 0.0002551083453, 0.000178802889423, 0.000254482321907, 0.000190441671293, 9.37076256378e-05, 8.67662893143e-05, 6.81286473991e-05, 9.36476862989e-05, 5.02778493683e-05, 5.32765334356e-05, 6.88765649102e-05, 4.54938162875e-05, 3.16028490488e-05, 2.72952784144e-05, 3.34104988724e-05, 2.13493567571e-05, 1.91370909306e-05],
        "mean": [0.00305856205523, 0.00416434137151, 0.00261556566693, 0.000915004056878, 0.000368167966371, 0.00028574798489, 0.000226946387556, 0.000245710485615, 0.00011619124416, 0.000148710008943, 7.4544987001e-05, 6.16418765276e-05, 4.70960403618e-05, 3.54325784429e-05, 3.17313279083e-05, 5.94797893427e-05, 4.49813633168e-05, 4.80441776745e-05, 5.49166979908e-05, 6.48956920486e-05, 5.42224915989e-05, 5.09612436872e-05, 5.21434267284e-05, 4.23010424129e-05, 3.81383870263e-05, 3.98282390961e-05, 3.11770527333e-05, 2.10488142329e-05, 1.63669828908e-05, 1.27479506773e-05, 8.56942915561e-06, 7.55967221266e-06, 5.48965863345e-06, 5.82055554332e-06, 4.93254356115e-06, 2.50757261711e-06, 2.1249220481e-06, 1.61983803082e-06, 1.16304988751e-06, 1.27010730466e-06],
        "median": [0.00158993888181, 0.00311287678778, 0.00180291431025, 0.000534854189027, 0.000203028845135, 0.000117164505355, 0.000116752824397, 0.000115216782433, 5.24998104083e-05, 6.44224783173e-05, 3.7092511775e-05, 4.02842379117e-05, 3.12427146127e-05, 2.41075413214e-05, 2.32892580243e-05, 4.31720400229e-05, 2.81364227703e-05, 3.8393511204e-05, 4.28995117545e-05, 4.61067502329e-05, 4.45760488219e-05, 4.05240898544e-05, 4.01232464355e-05, 3.48759131157e-05, 3.29169270117e-05, 3.30279581249e-05, 2.63580077444e-05, 1.83383890544e-05, 1.39438670885e-05, 1.07515479613e-05, 6.74527746014e-06, 5.66612652619e-06, 3.56355849362e-06, 4.02448995374e-06, 3.15544684781e-06, 1.11202984954e-06, 1.1441298966e-06, 7.65756283272e-07, 4.71549128633e-07, 7.51198115267e-07],
        "min": [5.85619454796e-06, 6.12901703789e-06, 2.55803970504e-05, 2.63125457423e-05, 7.23003495295e-06, 4.5181996029e-06, 5.15437614013e-06, 3.92439733332e-06, 2.49457366408e-06, 1.41566169987e-06, 1.56309124577e-06, 1.55659620305e-06, 6.53427889574e-07, 8.12787448012e-07, 1.44006719438e-06, 1.74227773186e-06, 1.4399495285e-06, 2.02368187274e-06, 2.24402970161e-06, 3.63335016118e-06, 4.39074528913e-06, 3.56907025889e-06, 5.08386574438e-06, 3.60137937605e-06, 1.58804868988e-06, 3.63814478987e-06, 2.98280724564e-06, 1.9202987005e-06, 4.67855954867e-07, 2.96432233426e-07, 1.9728079792e-07, 1.40829911288e-07, 8.80674946302e-08, 6.07127788044e-08, 4.07882900788e-08, 3.06838394692e-08, 1.75148393566e-08, 1.72641065888e-08, 1.84055395924e-10, 1.27128885197e-08],
