{
"highlevel": {
    "danceability": {
        "all": {
            "danceable": 7.08952825335e-08,
            "not_danceable": 0.999999940395
        },
        "probability": 0.999999940395,
        "value": "not_danceable"
    },
    "gender": {
        "all": {
            "female": 0.446513950825,
            "male": 0.553486049175
        },
        "probability": 0.553486049175,
        "value": "male"
    },
    "genre_dortmund": {
        "all": {
            "alternative": 0.138408556581,
            "blues": 0.0310744065791,
            "electronic": 0.0354978516698,
            "folkcountry": 0.0375237949193,
            "funksoulrnb": 0.014035849832,
            "jazz": 0.0405359119177,
            "pop": 0.0624242722988,
            "raphiphop": 0.00185753311962,
            "rock": 0.638641834259
        },
        "probability": 0.638641834259,
        "value": "rock"
    },
    "genre_electronic": {
        "all": {
            "ambient": 0.193598493934,
            "dnb": 0.178794011474,
            "house": 0.0402222089469,
            "techno": 0.0180144216865,
            "trance": 0.569370865822
        },
        "probability": 0.569370865822,
        "value": "trance"
    },
    "genre_rosamerica": {
        "all": {
            "cla": 0.000212407394429,
            "dan": 0.00556552875787,
            "hip": 0.000234941631788,
            "jaz": 0.00015973461268,
            "pop": 0.0250583346933,
            "rhy": 0.00073925947072,
            "roc": 0.967987418175,
            "spe": 4.23477213189e-05
        },
        "probability": 0.967987418175,
        "value": "roc"
    },
    "genre_tzanetakis": {
        "all": {
            "blu": 0.0626541376114,
            "cla": 0.0348133966327,
            "cou": 0.0783501937985,
            "dis": 0.104547761381,
            "hip": 0.15693578124,
            "jaz": 0.313987255096,
            "met": 0.044816005975,
            "pop": 0.0627349764109,
            "reg": 0.0627352520823,
            "roc": 0.0784252434969
        },
        "probability": 0.313987255096,
        "value": "jaz"
    },
    "ismir04_rhythm": {
        "all": {
            "ChaChaCha": 0.114519760013,
            "Jive": 0.406252235174,
            "Quickstep": 0.0224898196757,
            "Rumba-American": 0.021828642115,
            "Rumba-International": 0.0188233200461,
            "Rumba-Misc": 0.00705566396937,
            "Samba": 0.191383883357,
            "Tango": 0.0187378991395,
            "VienneseWaltz": 0.188759580255,
            "Waltz": 0.0101492032409
        },
        "probability": 0.406252235174,
        "value": "Jive"
    },
    "mood_acoustic": {
        "all": {
            "acoustic": 7.56894905862e-06,
            "not_acoustic": 0.99999243021
        },
        "probability": 0.99999243021,
        "value": "not_acoustic"
    },
    "mood_aggressive": {
        "all": {
            "aggressive": 0.989634752274,
            "not_aggressive": 0.0103652346879
        },
        "probability": 0.989634752274,
        "value": "aggressive"
    },
    "mood_electronic": {
        "all": {
            "electronic": 0.63399040699,
            "not_electronic": 0.366009563208
        },
        "probability": 0.63399040699,
        "value": "electronic"
    },
    "mood_happy": {
        "all": {
            "happy": 0.622640490532,
            "not_happy": 0.377359509468
        },
        "probability": 0.622640490532,
        "value": "happy"
    },
    "mood_party": {
        "all": {
            "not_party": 0.63332927227,
            "party": 0.36667072773
        },
        "probability": 0.63332927227,
        "value": "not_party"
    },
    "mood_relaxed": {
        "all": {
            "not_relaxed": 0.989828467369,
            "relaxed": 0.0101715382189
        },
        "probability": 0.989828467369,
        "value": "not_relaxed"
    },
    "mood_sad": {
        "all": {
            "not_sad": 0.872588038445,
            "sad": 0.127411961555
        },
        "probability": 0.872588038445,
        "value": "not_sad"
    },
    "moods_mirex": {
        "all": {
            "Cluster1": 0.371331930161,
            "Cluster2": 0.0357851944864,
            "Cluster3": 0.0453909747303,
            "Cluster4": 0.0143674435094,
            "Cluster5": 0.533124446869
        },
        "probability": 0.533124446869,
        "value": "Cluster5"
    },
    "timbre": {
        "all": {
            "bright": 0.582298636436,
            "dark": 0.417701393366
        },
        "probability": 0.582298636436,
        "value": "bright"
    },
    "tonal_atonal": {
        "all": {
            "atonal": 0.000961259705946,
            "tonal": 0.999038755894
        },
        "probability": 0.999038755894,
        "value": "tonal"
    },
    "voice_instrumental": {
        "all": {
            "instrumental": 0.00355153111741,
            "voice": 0.996448457241
        },
        "probability": 0.996448457241,
        "value": "voice"
    }
},
"lowlevel": {
    "average_loudness": 0.98131352663,
    "barkbands_crest": {
        "dmean": 2.18848657608,
        "dmean2": 3.69485759735,
        "dvar": 3.80777478218,
        "dvar2": 10.644446373,
        "max": 23.6107902527,
        "mean": 7.53125905991,
        "median": 6.99628400803,
        "min": 2.72118854523,
        "var": 7.69498252869
    },
    "barkbands_flatness_db": {
        "dmean": 0.0156063176692,
        "dmean2": 0.0262291487306,
        "dvar": 0.000178567337571,
        "dvar2": 0.000460085080704,
        "max": 0.273237317801,
        "mean": 0.111108846962,
        "median": 0.106844320893,
        "min": 0.0563961192966,
        "var": 0.000664215884171
    },
    "barkbands_kurtosis": {
        "dmean": 1.15886950493,
        "dmean2": 1.91549932957,
        "dvar": 2.71165394783,
        "dvar2": 6.12897253036,
        "max": 32.1175460815,
        "mean": 0.897083938122,
        "median": 0.207965373993,
        "min": -1.74743855,
        "var": 5.99008274078
    },
    "barkbands_skewness": {
        "dmean": 0.380202710629,
        "dmean2": 0.622718751431,
        "dvar": 0.116456590593,
        "dvar2": 0.29922786355,
        "max": 5.47634029388,
        "mean": 1.12832427025,
        "median": 1.0442918539,
        "min": -1.58474195004,
        "var": 0.406347483397
    },
    "barkbands_spread": {
        "dmean": 5.52794742584,
        "dmean2": 9.09181404114,
        "dvar": 21.2965354919,
        "dvar2": 57.0573883057,
        "max": 64.6837234497,
        "mean": 31.226682663,
        "median": 31.5198574066,
        "min": 4.44516801834,
        "var": 68.9933319092
    },
    "dissonance": {
        "dmean": 0.0145643418655,
        "dmean2": 0.0249070059508,
        "dvar": 0.000149725165102,
        "dvar2": 0.000411437416915,
        "max": 0.49970883131,
        "mean": 0.470831245184,
        "median": 0.47386354208,
        "min": 0.407449632883,
        "var": 0.000298687227769
    },
    "dynamic_complexity": 1.23367285728,
    "erbbands_crest": {
        "dmean": 2.3783261776,
        "dmean2": 3.86389017105,
        "dvar": 4.68020009995,
        "dvar2": 11.7886972427,
        "max": 23.2279720306,
        "mean": 7.76951169968,
        "median": 6.95232486725,
        "min": 2.83978128433,
        "var": 10.9142990112
    },
    "erbbands_flatness_db": {
        "dmean": 0.0120806349441,
        "dmean2": 0.0185509044677,
        "dvar": 0.000126831058878,
        "dvar2": 0.000277505983831,
        "max": 0.250954777002,
        "mean": 0.139009103179,
        "median": 0.136582091451,
        "min": 0.0804958716035,
        "var": 0.000485920056235
    },
    "erbbands_kurtosis": {
        "dmean": 0.495460122824,
        "dmean2": 0.775085806847,
        "dvar": 0.269616961479,
        "dvar2": 0.669489920139,
        "max": 7.56582641602,
        "mean": -0.243229299784,
        "median": -0.382827758789,
        "min": -1.51545786858,
        "var": 0.68573397398
    },
    "erbbands_skewness": {
        "dmean": 0.248117521405,
        "dmean2": 0.390259563923,
        "dvar": 0.0421933531761,
        "dvar2": 0.0980046540499,
        "max": 1.83156991005,
        "mean": 0.133365601301,
        "median": 0.143576070666,
        "min": -2.51591610909,
        "var": 0.177615404129
    },
    "erbbands_spread": {
        "dmean": 7.55639266968,
        "dmean2": 12.1832132339,
        "dvar": 39.42395401,
        "dvar2": 99.3154525757,
        "max": 87.9902420044,
        "mean": 44.2206954956,
        "median": 42.5650405884,
        "min": 13.2050704956,
        "var": 175.138519287
    },
    "hfc": {
        "dmean": 6.65513944626,
        "dmean2": 10.6994781494,
        "dvar": 35.8760490417,
        "dvar2": 89.9633865356,
        "max": 80.4277038574,
        "mean": 39.2452011108,
        "median": 41.4214897156,
        "min": 0.111795388162,
        "var": 201.638183594
    },
    "melbands_crest": {
        "dmean": 3.33529353142,
        "dmean2": 5.71120452881,
        "dvar": 7.48324251175,
        "dvar2": 20.6666793823,
        "max": 32.4719848633,
        "mean": 11.8613948822,
        "median": 11.292014122,
        "min": 3.94288539886,
        "var": 16.1062870026
    },
    "melbands_flatness_db": {
        "dmean": 0.0216465126723,
        "dmean2": 0.0363218672574,
        "dvar": 0.000330380251398,
        "dvar2": 0.000883620348759,
        "max": 0.368494510651,
        "mean": 0.147568747401,
        "median": 0.142736464739,
        "min": 0.0627252310514,
        "var": 0.00133579294197
    },
    "melbands_kurtosis": {
        "dmean": 3.91059017181,
        "dmean2": 6.43240022659,
        "dvar": 22.5989246368,
        "dvar2": 54.4676895142,
        "max": 96.5229187012,
        "mean": 7.74614191055,
        "median": 5.80383968353,
        "min": -1.65496277809,
        "var": 56.1104621887
    },
    "melbands_skewness": {
        "dmean": 0.592739403248,
        "dmean2": 0.967860162258,
        "dvar": 0.26036259532,
        "dvar2": 0.678900003433,
        "max": 8.94355487823,
        "mean": 2.34267187119,
        "median": 2.26395249367,
        "min": 0.169022336602,
        "var": 0.932726681232
    },
    "melbands_spread": {
        "dmean": 7.39242982864,
        "dmean2": 12.2757148743,
        "dvar": 52.7415046692,
        "dvar2": 126.946090698,
        "max": 185.230621338,
        "mean": 31.3747997284,
        "median": 31.0032253265,
        "min": 3.18304872513,
        "var": 179.107315063
    },
    "pitch_salience": {
        "dmean": 0.0674640163779,
        "dmean2": 0.111881315708,
        "dvar": 0.00319361174479,
        "dvar2": 0.00856832042336,
        "max": 0.826088190079,
        "mean": 0.565503358841,
        "median": 0.564900994301,
        "min": 0.132430568337,
        "var": 0.00681136641651
    },
    "silence_rate_20dB": {
        "dmean": 0,
        "dmean2": 0,
        "dvar": 0,
        "dvar2": 0,
        "max": 1,
        "mean": 1,
        "median": 1,
        "min": 1,
        "var": 0
    },
    "silence_rate_30dB": {
        "dmean": 0,
        "dmean2": 0,
        "dvar": 0,
        "dvar2": 0,
        "max": 1,
        "mean": 1,
        "median": 1,
        "min": 1,
        "var": 0
    },
    "silence_rate_60dB": {
        "dmean": 0.0030959751457,
        "dmean2": 0.00619674660265,
        "dvar": 0.00308634759858,
        "dvar2": 0.00615839194506,
        "max": 1,
        "mean": 0.0108275329694,
        "median": 0,
        "min": 0,
        "var": 0.010710356757
    },
    "spectral_centroid": {
        "dmean": 243.27116394,
        "dmean2": 404.847320557,
        "dvar": 46886.2851562,
        "dvar2": 121419.578125,
        "max": 4243.23730469,
        "mean": 1568.62719727,
        "median": 1573.04541016,
        "min": 451.386749268,
        "var": 156327.390625
    },
    "spectral_complexity": {
        "dmean": 4.28018569946,
        "dmean2": 6.64446163177,
        "dvar": 13.7481184006,
        "dvar2": 30.1531429291,
        "max": 51,
        "mean": 29.0549106598,
        "median": 30,
        "min": 0,
        "var": 61.6606788635
    },
    "spectral_decrease": {
        "dmean": 2.70326294682e-09,
        "dmean2": 4.49688464244e-09,
        "dvar": 6.22267832976e-18,
        "dvar2": 1.67267847803e-17,
        "max": -7.5534765942e-11,
        "mean": -1.02890682641e-08,
        "median": -1.02020241144e-08,
        "min": -2.3685496231e-08,
        "var": 1.42244922898e-17
    },
    "spectral_energy": {
        "dmean": 0.010508463718,
        "dmean2": 0.0174555238336,
        "dvar": 9.3077593192e-05,
        "dvar2": 0.000249254808296,
        "max": 0.0936007797718,
        "mean": 0.042392950505,
        "median": 0.0423514507711,
        "min": 0.000401494093239,
        "var": 0.000224816059927
    },
    "spectral_energyband_high": {
        "dmean": 0.000626251217909,
        "dmean2": 0.00101696886122,
        "dvar": 3.76519352585e-07,
        "dvar2": 9.8615657862e-07,
        "max": 0.00834338739514,
        "mean": 0.00239510484971,
        "median": 0.00245739961974,
        "min": 1.08778499452e-06,
        "var": 1.53344751652e-06
    },
    "spectral_energyband_low": {
        "dmean": 0.00669328728691,
        "dmean2": 0.0111666833982,
        "dvar": 4.13819325331e-05,
        "dvar2": 0.000112848516437,
        "max": 0.0504184812307,
        "mean": 0.013258012943,
        "median": 0.0116883199662,
        "min": 1.57940594363e-05,
        "var": 7.68918980611e-05
    },
    "spectral_energyband_middle_high": {
        "dmean": 0.00281749945134,
        "dmean2": 0.00434681819752,
        "dvar": 7.54128859626e-06,
        "dvar2": 1.92430397874e-05,
        "max": 0.0391242653131,
        "mean": 0.0109797548503,
        "median": 0.0101002585143,
        "min": 2.27488617384e-05,
        "var": 3.59120967914e-05
    },
    "spectral_energyband_middle_low": {
        "dmean": 0.0070208911784,
        "dmean2": 0.0117661673576,
        "dvar": 7.89162950241e-05,
        "dvar2": 0.000210793878068,
        "max": 0.0769780948758,
        "mean": 0.0174118373543,
        "median": 0.0148484036326,
        "min": 4.34179273725e-05,
        "var": 0.000114135262265
    },
    "spectral_entropy": {
        "dmean": 0.111363060772,
        "dmean2": 0.177678376436,
        "dvar": 0.0108341621235,
        "dvar2": 0.0273536816239,
        "max": 8.42917537689,
        "mean": 7.86117172241,
        "median": 7.89524126053,
        "min": 6.97170972824,
        "var": 0.0365742743015
    },
    "spectral_flux": {
        "dmean": 0.0231689307839,
        "dmean2": 0.0364572256804,
        "dvar": 0.000486489065224,
        "dvar2": 0.00100753281731,
        "max": 0.227940067649,
        "mean": 0.109856061637,
        "median": 0.106193035841,
        "min": 0.0102796014398,
        "var": 0.00100735819433
    },
    "spectral_kurtosis": {
        "dmean": 0.78714299202,
        "dmean2": 1.35485458374,
        "dvar": 0.662248909473,
        "dvar2": 1.75040090084,
        "max": 10.9066429138,
        "mean": 1.95168435574,
        "median": 1.69512271881,
        "min": -0.269796133041,
        "var": 1.6956808567
    },
    "spectral_rms": {
        "dmean": 0.000796996231657,
        "dmean2": 0.00131146260537,
        "dvar": 4.72105995186e-07,
        "dvar2": 1.24630059872e-06,
        "max": 0.00955603644252,
        "mean": 0.0063047898002,
        "median": 0.00642794603482,
        "min": 0.000625860644504,
        "var": 1.60854733622e-06
    },
    "spectral_rolloff": {
        "dmean": 480.897064209,
        "dmean2": 826.084411621,
        "dvar": 280640.1875,
        "dvar2": 681988.4375,
        "max": 9453.07617188,
        "mean": 1738.99182129,
        "median": 1658.05664062,
        "min": 64.599609375,
        "var": 727804.4375
    },
    "spectral_skewness": {
        "dmean": 0.150036752224,
        "dmean2": 0.254118323326,
        "dvar": 0.0191554781049,
        "dvar2": 0.0541621483862,
        "max": 2.27347779274,
        "mean": 1.13009643555,
        "median": 1.10247814655,
        "min": 0.307781457901,
        "var": 0.0606235004961
    },
    "spectral_spread": {
        "dmean": 325451.5,
        "dmean2": 502808.59375,
        "dvar": 94199889920,
        "dvar2": 165171773440,
        "max": 7574252,
        "mean": 4971095,
        "median": 4970004,
        "min": 2108637.75,
        "var": 536396464128
    },
    "spectral_strongpeak": {
        "dmean": 0.816306173801,
        "dmean2": 1.47699701786,
        "dvar": 1.50447177887,
        "dvar2": 4.08446645737,
        "max": 9.04851722717,
        "mean": 1.00078904629,
        "median": 0.446839362383,
        "min": 0.0411117561162,
        "var": 1.65359508991
    },
    "zerocrossingrate": {
        "dmean": 0.00869080144912,
        "dmean2": 0.0110322814435,
        "dvar": 5.92373107793e-05,
        "dvar2": 8.51140721352e-05,
        "max": 0.28759765625,
        "mean": 0.0739525184035,
        "median": 0.0732421875,
        "min": 0.009765625,
        "var": 0.00047078289208
    },
    "barkbands": {
        "dmean": [0.00014099625696, 0.00468252412975, 0.00301197962835, 0.00251778075472, 0.00350741483271, 0.00243073352613, 0.000870518153533, 0.000602802727371, 0.00090216298122, 0.000724509067368, 0.00122194655705, 0.000392125657527, 0.000677676813211, 0.000794883409981, 0.000517140433658, 0.00044081962551, 0.000544841983356, 0.000214548388612, 0.000138329094625, 0.000170740240719, 0.000194741704036, 0.000265643029707, 0.000247182528256, 7.68268437241e-05, 3.72305403289e-05, 1.01324048956e-05, 1.13239746469e-08],
        "dmean2": [0.000234362247284, 0.00789347104728, 0.00524977874011, 0.00432152254507, 0.00599851645529, 0.00397744448856, 0.00141541741323, 0.000976210401859, 0.00145419407636, 0.00107973860577, 0.00185073248576, 0.00066653318936, 0.00107372878119, 0.00129731872585, 0.000846719776746, 0.000707689439878, 0.000892310519703, 0.000355437281542, 0.000232805832638, 0.000275901547866, 0.000320334889693, 0.000466554542072, 0.000408111518482, 0.000121210687212, 5.4938467656e-05, 1.61064981512e-05, 1.97805771762e-08],
        "dvar": [2.86944565886e-08, 2.19529101742e-05, 1.09515240183e-05, 1.21319817481e-05, 2.89497675112e-05, 1.20122213048e-05, 1.34878985136e-06, 7.83366374435e-07, 2.31306512433e-06, 1.38179223086e-06, 3.53755240212e-06, 8.22814456569e-07, 9.80882077783e-07, 1.58162094976e-06, 7.8292418948e-07, 3.85531592428e-07, 3.829792945e-07, 5.74279965804e-08, 2.20153637542e-08, 2.76356750817e-08, 4.46980514823e-08, 8.17595946501e-08, 6.98771884799e-08, 6.96828728053e-09, 3.57724228017e-09, 5.46870326801e-10, 3.45585715535e-15],
        "dvar2": [7.48270352346e-08, 5.88844704907e-05, 3.08179587591e-05, 3.3254524169e-05, 7.84447111073e-05, 3.24713364535e-05, 3.66788435713e-06, 1.96315522771e-06, 6.19044703853e-06, 2.84275188278e-06, 8.77492766449e-06, 2.24630480261e-06, 2.28262274504e-06, 4.37844482803e-06, 2.11603219213e-06, 9.41390737808e-07, 8.91365402822e-07, 1.50699193568e-07, 6.18177224965e-08, 7.18621961937e-08, 1.16099911907e-07, 2.16068642089e-07, 1.92435990698e-07, 1.51517998148e-08, 6.22421492125e-09, 1.2455615428e-09, 5.29845070067e-15],
        "max": [0.00209688651375, 0.0388582460582, 0.0286288745701, 0.0285767894238, 0.0511668473482, 0.0425751432776, 0.0137629583478, 0.0159580036998, 0.0188077706844, 0.0247506015003, 0.0234975032508, 0.0175047442317, 0.0160807278007, 0.0244781859219, 0.013316096738, 0.00876628886908, 0.00978355389088, 0.00268432125449, 0.00159360771067, 0.00199229898863, 0.00231861742213, 0.00312395649962, 0.00318034505472, 0.00174891902134, 0.00138698576484, 0.000392115180148, 1.68455210314e-06],
        "mean": [0.000185274431715, 0.00739872269332, 0.00429568486288, 0.00322819245048, 0.0048835799098, 0.00447696773335, 0.00172586250119, 0.00104718678631, 0.00155946251471, 0.00143066549208, 0.00247510522604, 0.000605196575634, 0.00124615523964, 0.00153800984845, 0.000981683610007, 0.000835776038002, 0.00118849030696, 0.000463906413643, 0.000298048515106, 0.000420078926254, 0.000479598558741, 0.000708807143383, 0.000590142793953, 0.00021626992384, 9.58971504588e-05, 1.8220363927e-05, 8.01401522921e-09],
        "median": [0.000125152815599, 0.00571465445682, 0.00319433282129, 0.00201278668828, 0.00334511627443, 0.00241139810532, 0.00111311802175, 0.000643798615783, 0.000754929555114, 0.00083486008225, 0.00123580254149, 0.000272173434496, 0.000640986894723, 0.000916480377782, 0.000490083184559, 0.00057753798319, 0.000956089817919, 0.000370922440197, 0.000256503117271, 0.000357590528438, 0.000432628148701, 0.000654649629723, 0.000520210480317, 0.000201267379452, 7.45787256164e-05, 1.07698606371e-05, 9.94933357923e-10],
        "min": [5.47812906149e-09, 5.21974754975e-07, 5.01928116137e-06, 7.9154578998e-06, 1.13075993795e-05, 1.33605158226e-06, 1.06700429114e-06, 1.90925334209e-06, 3.22703243683e-07, 7.44817668874e-07, 2.38089523918e-06, 1.68871622463e-06, 1.06058303118e-06, 1.96419364329e-06, 1.70893542872e-06, 1.5906596218e-06, 1.48843673742e-06, 7.74683257987e-07, 3.94204136001e-07, 6.85317900206e-07, 3.25083988173e-07, 1.3157500689e-07, 2.43273120759e-07, 2.95144513274e-08, 6.28065777164e-09, 4.35840197266e-10, 8.24544859473e-12],
        "var": [3.75766155969e-08, 3.9147802454e-05, 1.57929207489e-05, 1.48971121234e-05, 2.96540547424e-05, 3.24575885315e-05, 3.39543112204e-06, 1.72344300609e-06, 4.1465987124e-06, 4.79949358123e-06, 9.73497571977e-06, 1.52153188537e-06, 2.6575580705e-06, 3.40758788298e-06, 2.0248871806e-06, 8.17119882868e-07, 9.9746421256e-07, 1.42424369187e-07, 4.09873521789e-08, 7.9190080271e-08, 1.05000239614e-07, 2.20866809286e-07, 1.76093195137e-07, 1.96866114521e-08, 9.9169543688e-09, 9.16946407692e-10, 3.0592147078e-15]
    },
    "erbbands": {
        "dmean": [0.111481949687, 1.20820915699, 3.41604971886, 5.1519408226, 13.4928359985, 9.62043857574, 15.5436229706, 20.4214439392, 14.9835929871, 11.3592166901, 10.8644237518, 24.1560974121, 15.3985090256, 30.8974971771, 44.0877723694, 17.2644672394, 33.1550750732, 31.252910614, 32.3278083801, 28.5425662994, 22.8087768555, 24.4016914368, 14.7076044083, 8.36762428284, 4.97785806656, 8.16757678986, 8.69890594482, 7.4118514061, 10.8206949234, 8.76323032379, 5.36300897598, 1.91596579552, 1.26268529892, 0.593316018581, 0.199128895998, 0.0708901658654, 0.0126977823675, 0.000799611152615, 1.97639692487e-05, 1.21226248666e-05],
        "dmean2": [0.181362390518, 2.04108548164, 5.87509965897, 8.84791755676, 23.6747455597, 16.4250392914, 26.2961826324, 33.6568031311, 24.5055847168, 18.7798633575, 18.0125179291, 38.9205513, 23.7053108215, 47.6968841553, 66.5104522705, 28.8639888763, 52.128818512, 50.721157074, 52.3209915161, 46.7506484985, 36.6838188171, 39.3168945312, 24.3092269897, 13.7206411362, 8.12559890747, 13.2830410004, 14.217710495, 12.6075811386, 18.8986606598, 14.7564649582, 8.83738422394, 3.06272244453, 2.00907206535, 0.918219983578, 0.28997990489, 0.112063795328, 0.0202666409314, 0.00127708923537, 3.08014350594e-05, 1.99095247808e-05],
        "dvar": [0.0135632092133, 1.50042676926, 13.3121461868, 35.6983909607, 636.064819336, 164.600738525, 424.849395752, 1216.14343262, 464.102935791, 407.247711182, 194.650772095, 1871.00305176, 353.913757324, 3709.61157227, 4078.7980957, 1411.68005371, 2352.53198242, 3438.60961914, 3025.76464844, 2336.26635742, 673.60925293, 895.881469727, 249.185546875, 80.9339447021, 28.8738994598, 68.5920639038, 99.231590271, 68.3129043579, 134.64491272, 78.2259216309, 28.486158371, 3.94704222679, 2.1075861454, 0.762119352818, 0.131418734789, 0.0262351222336, 0.00091036001686, 3.24370171256e-06, 1.32902300276e-09, 1.23026366872e-10],
        "dvar2": [0.0334642864764, 4.10208845139, 37.8387908936, 98.6866531372, 1722.63513184, 452.535675049, 1071.26989746, 3505.88452148, 1278.08972168, 1083.97875977, 505.979125977, 5072.09716797, 826.692199707, 8311.48828125, 9640.67871094, 3655.65576172, 5567.22509766, 9023.06152344, 7958.08154297, 6099.44873047, 1687.99267578, 1849.43725586, 669.303588867, 224.065231323, 80.4293060303, 179.022460938, 255.481185913, 189.878067017, 357.028045654, 210.401184082, 76.8691329956, 9.19623947144, 4.84645748138, 1.51034677029, 0.210527032614, 0.0583298578858, 0.00209190463647, 6.91539844411e-06, 2.72987987771e-09, 3.23722298967e-10],
        "max": [1.02077138424, 10.2235002518, 30.1781101227, 51.8720741272, 199.254577637, 108.079551697, 352.462036133, 473.679931641, 246.745605469, 402.034881592, 153.977752686, 568.442138672, 198.192657471, 1111.76611328, 814.050354004, 605.99597168, 782.636962891, 1379.84436035, 850.769042969, 771.983215332, 431.116485596, 642.531005859, 195.671813965, 111.735809326, 92.172416687, 105.814064026, 132.06640625, 73.5764465332, 140.752456665, 98.2211990356, 56.1398124695, 31.1341667175, 30.4750881195, 18.4248466492, 8.10689640045, 2.79837870598, 0.498402118683, 0.0358214043081, 0.000703011930455, 0.000121062272228],
        "mean": [0.162604600191, 1.81485152245, 5.06789922714, 7.93790483475, 15.0159978867, 15.1145648956, 25.8512516022, 37.5596122742, 29.8000106812, 22.3565616608, 20.9763031006, 42.1064567566, 32.3053016663, 63.195148468, 92.2230606079, 33.2048377991, 63.3827819824, 65.1014175415, 66.5640258789, 54.4226608276, 48.6589317322, 56.7686386108, 33.9854278564, 19.348815918, 12.1395521164, 19.6644439697, 21.2973365784, 18.9323062897, 27.1324672699, 24.2751541138, 13.1196393967, 5.13042640686, 3.26916146278, 1.53692233562, 0.482697933912, 0.136791482568, 0.0221734941006, 0.00128868536558, 6.36506883893e-05, 5.67445677007e-05],
        "median": [0.123695030808, 1.31109559536, 3.91072845459, 5.56296348572, 7.93763256073, 10.8210849762, 15.9753437042, 19.8143787384, 18.4321632385, 15.7747116089, 15.2920207977, 19.6041965485, 22.7702274323, 29.4927215576, 49.2404975891, 19.7617702484, 34.6183204651, 42.5797348022, 36.1399879456, 30.768075943, 37.3443412781, 46.026802063, 28.7350063324, 16.8596363068, 10.8843193054, 16.2941303253, 18.2011451721, 17.5660705566, 24.6666030884, 22.8092842102, 12.068731308, 4.59041690826, 3.0165309906, 1.258212924, 0.330771535635, 0.086940959096, 0.0121172675863, 0.000595777470153, 5.31265613972e-05, 5.82098655286e-05],
        "min": [1.69111790456e-05, 0.000385540653951, 0.00426476076245, 0.0247752834111, 0.0278232451528, 0.0535598918796, 0.0174973346293, 0.0114880297333, 0.0189785175025, 0.0384740717709, 0.0242813713849, 0.00922774709761, 0.0131871141493, 0.0953657850623, 0.078822940588, 0.069742590189, 0.0778926238418, 0.0933933928609, 0.0764815583825, 0.106402628124, 0.0974376127124, 0.076664313674, 0.0652177557349, 0.0277295522392, 0.0258379224688, 0.0362622775137, 0.0140988212079, 0.0128503339365, 0.00479571614414, 0.00964240636677, 0.00369040830992, 0.000932704191655, 0.000443635159172, 8.79568542587e-05, 4.70570048492e-05, 9.73033820628e-06, 8.2164547166e-07, 1.38101242442e-07, 2.70982582151e-07, 5.67851714095e-07],
        "var": [0.0200672950596, 2.67795228958, 19.3373012543, 54.1979026794, 533.627746582, 219.002075195, 1016.69897461, 2657.67114258, 1039.22741699, 622.354431152, 371.780914307, 3332.23657227, 952.752197266, 11510.3066406, 11800.203125, 2834.54077148, 6137.91015625, 6448.82373047, 7917.49658203, 5760.02636719, 1792.44970703, 2645.16015625, 581.531860352, 167.057388306, 63.7062263489, 179.837219238, 229.139907837, 137.872558594, 347.978973389, 251.370574951, 75.4984207153, 11.294172287, 5.30051898956, 1.95545876026, 0.35886272788, 0.0442699082196, 0.00158655049745, 6.9431148404e-06, 3.21597370956e-09, 3.51099399554e-10]
    },
    "gfcc": {
        "mean": [64.1024246216, 90.2920379639, -130.026428223, 52.3440933228, -70.0306625366, 30.9669036865, -42.7295417786, 3.29731464386, -18.6972522736, -0.405822455883, -15.168633461, 3.43069696426, -5.17401599884],
        "cov": [[1592.53857422, -215.013397217, 51.6234817505, -69.7073974609, -87.1186904907, 80.1544799805, -34.4371299744, 75.155090332, -42.8251686096, 88.0905609131, -110.323722839, 84.5942306519, -22.941986084], [-215.013397217, 418.130462646, -5.48456096649, 27.0027236938, 120.083992004, -12.4961652756, 45.6471328735, 19.7379131317, 84.4499359131, -30.3555374146, 57.0216598511, -55.9690093994, 63.8758544922], [51.6234817505, -5.48456096649, 229.887481689, 49.5709648132, 4.3879776001, -6.98775291443, -27.049747467, 1.69391024113, -35.3551177979, 40.8877563477, -1.70594286919, 37.7362365723, -19.533411026], [-69.7073974609, 27.0027236938, 49.5709648132, 126.396965027, 22.6192531586, 3.35064268112, -0.421815991402, -18.4745979309, 35.6906204224, -7.65371131897, -1.10587179661, -2.15505743027, 15.9489803314], [-87.1186904907, 120.083992004, 4.3879776001, 22.6192531586, 151.149993896, 25.0781574249, 25.1853713989, 38.0443916321, 43.2052955627, 11.8729610443, -5.09566640854, -26.4828548431, 7.24755239487], [80.1544799805, -12.4961652756, -6.98775291443, 3.35064268112, 25.0781574249, 120.718772888, 78.8790893555, 11.4398527145, 10.7220830917, 0.0409294590354, -9.54503250122, -1.65836977959, 1.558822155], [-34.4371299744, 45.6471328735, -27.049747467, -0.421815991402, 25.1853713989, 78.8790893555, 122.81275177, 22.4522590637, 13.5021724701, -12.3873729706, -1.38945448399, -6.92098760605, 0.3585524261], [75.155090332, 19.7379131317, 1.69391024113, -18.4745979309, 38.0443916321, 11.4398527145, 22.4522590637, 91.7731018066, 33.5200271606, 15.5063276291, -13.2150554657, -15.0875577927, 5.16142177582], [-42.8251686096, 84.4499359131, -35.3551177979, 35.6906204224, 43.2052955627, 10.7220830917, 13.5021724701, 33.5200271606, 128.417297363, 25.8467216492, 2.90586471558, -16.9237537384, 23.9057426453], [88.0905609131, -30.3555374146, 40.8877563477, -7.65371131897, 11.8729610443, 0.0409294590354, -12.3873729706, 15.5063276291, 25.8467216492, 78.446937561, 17.5172786713, 20.7651977539, -13.7212438583], [-110.323722839, 57.0216598511, -1.70594286919, -1.10587179661, -5.09566640854, -9.54503250122, -1.38945448399, -13.2150554657, 2.90586471558, 17.5172786713, 87.3163146973, 24.1122875214, 9.6256570816], [84.5942306519, -55.9690093994, 37.7362365723, -2.15505743027, -26.4828548431, -1.65836977959, -6.92098760605, -15.0875577927, -16.9237537384, 20.7651977539, 24.1122875214, 77.5012817383, 5.57406044006], [-22.941986084, 63.8758544922, -19.533411026, 15.9489803314, 7.24755239487, 1.558822155, 0.3585524261, 5.16142177582, 23.9057426453, -13.7212438583, 9.6256570816, 5.57406044006, 64.9069061279]],
        "icov": [[0.00144084484782, -0.00209268694744, 0.00183654017746, -0.00133026309777, 0.00238921563141, -0.0030475766398, 0.00277469679713, -0.00271091982722, 0.00246002199128, -0.00343327154405, 0.0040390943177, -0.00345290522091, 0.00152064836584], [-0.00209268694744, 0.0127076730132, -0.00831559766084, 0.00713212927803, -0.00990323163569, 0.010018591769, -0.010089318268, 0.00836971495301, -0.0105372928083, 0.0120092490688, -0.0138920582831, 0.0127800982445, -0.00986280757934], [0.00183654017746, -0.00831559766084, 0.0132635692134, -0.00972360558808, 0.0063825645484, -0.00749162537977, 0.0084145469591, -0.00852660089731, 0.0116753000766, -0.0129670333117, 0.0108353523538, -0.011524034664, 0.00765379751101], [-0.00133026309777, 0.00713212927803, -0.00972360558808, 0.017214152962, -0.00704467622563, 0.0059596025385, -0.00643454631791, 0.0101433908567, -0.0123843988404, 0.0114647177979, -0.00797485373914, 0.00816667173058, -0.00730651756749], [0.00238921563141, -0.00990323163569, 0.0063825645484, -0.00704467622563, 0.0169051978737, -0.00984576810151, 0.00807460956275, -0.0100076347589, 0.0075987088494, -0.0115357302129, 0.0115571999922, -0.00807963125408, 0.00708488095552], [-0.0030475766398, 0.010018591769, -0.00749162537977, 0.0059596025385, -0.00984576810151, 0.0248096361756, -0.0195125620812, 0.0100497882813, -0.0090522011742, 0.00900227110833, -0.0107682971284, 0.0113632800058, -0.00898528285325], [0.00277469679713, -0.010089318268, 0.0084145469591, -0.00643454631791, 0.00807460956275, -0.0195125620812, 0.0252468343824, -0.0117067042738, 0.00859609805048, -0.00703429756686, 0.0106079056859, -0.0125481709838, 0.010233075358], [-0.00271091982722, 0.00836971495301, -0.00852660089731, 0.0101433908567, -0.0100076347589, 0.0100497882813, -0.0117067042738, 0.0236713830382, -0.0120720602572, 0.00776215502992, -0.00861752871424, 0.012400213629, -0.00889480952173], [0.00246002199128, -0.0105372928083, 0.0116753000766, -0.0123843988404, 0.0075987088494, -0.0090522011742, 0.00859609805048, -0.0120720602572, 0.0242495574057, -0.0192611403763, 0.0130390226841, -0.00938828382641, 0.00394703960046], [-0.00343327154405, 0.0120092490688, -0.0129670333117, 0.0114647177979, -0.0115357302129, 0.00900227110833, -0.00703429756686, 0.00776215502992, -0.0192611403763, 0.0362952128053, -0.0196586623788, 0.00853806082159, -0.00230905343778], [0.0040390943177, -0.0138920582831, 0.0108353523538, -0.00797485373914, 0.0115571999922, -0.0107682971284, 0.0106079056859, -0.00861752871424, 0.0130390226841, -0.0196586623788, 0.032097954303, -0.0193875264376, 0.00786092411727], [-0.00345290522091, 0.0127800982445, -0.011524034664, 0.00816667173058, -0.00807963125408, 0.0113632800058, -0.0125481709838, 0.012400213629, -0.00938828382641, 0.00853806082159, -0.0193875264376, 0.0332362167537, -0.0142762251198], [0.00152064836584, -0.00986280757934, 0.00765379751101, -0.00730651756749, 0.00708488095552, -0.00898528285325, 0.010233075358, -0.00889480952173, 0.00394703960046, -0.00230905343778, 0.00786092411727, -0.0142762251198, 0.0279429033399]]
    },
    "melbands": {
        "dmean": [0.00110871263314, 0.0016568354331, 0.00115456676576, 0.000837652187329, 0.000493889558129, 0.000451134459581, 0.000213163526496, 0.000127982508275, 0.000102558187791, 0.00014078815002, 7.55251385272e-05, 0.000121384786326, 0.000175495573785, 5.14519088028e-05, 6.65798143018e-05, 5.86602218391e-05, 6.47531196591e-05, 6.18722042418e-05, 3.48481225956e-05, 3.66161948477e-05, 3.07646623696e-05, 2.80656277027e-05, 2.67302293651e-05, 9.47580156208e-06, 7.4928225331e-06, 4.56640236735e-06, 3.9752289922e-06, 6.42116719973e-06, 5.75852027396e-06, 6.19044112682e-06, 4.47916954727e-06, 6.31532338957e-06, 6.13796646576e-06, 6.33542140349e-06, 4.15996328229e-06, 1.76724336143e-06, 1.07941502847e-06, 8.94909419458e-07, 8.76843557762e-07, 4.84803479139e-07],
        "dmean2": [0.0018547665095, 0.00280356802978, 0.00198426307179, 0.00143600162119, 0.000839226180688, 0.000737249967642, 0.000346523709595, 0.000211193182622, 0.000169083286892, 0.000226725518587, 0.000116382914712, 0.000187408353668, 0.000264469825197, 8.65017645992e-05, 0.000105621147668, 9.43704653764e-05, 0.000104636077594, 0.000100392622699, 5.82958200539e-05, 5.85615453019e-05, 4.97912151332e-05, 4.51411833637e-05, 4.4557491492e-05, 1.56368405442e-05, 1.24514535855e-05, 7.63527259551e-06, 6.51211166769e-06, 1.05754324977e-05, 9.48362321651e-06, 1.02475842141e-05, 7.70981932874e-06, 1.1019212252e-05, 1.06549177872e-05, 1.05773997348e-05, 6.89081616656e-06, 2.92042932415e-06, 1.75554487214e-06, 1.43030649724e-06, 1.3826279428e-06, 7.66075118008e-07],
        "dvar": [1.2749887901e-06, 2.89034801426e-06, 2.47012508225e-06, 1.90270316125e-06, 3.69444194348e-07, 5.18958529483e-07, 8.90049918212e-08, 5.23940464348e-08, 2.01828651569e-08, 6.47335269832e-08, 8.87264217653e-09, 6.1322928957e-08, 7.21283655025e-08, 1.32616699844e-08, 1.14329106182e-08, 6.00136251805e-09, 1.40635592061e-08, 1.14387574968e-08, 4.14188816578e-09, 3.31288663169e-09, 1.31001198778e-09, 1.46500334086e-09, 9.23183252066e-10, 1.24157822912e-10, 6.95803345496e-11, 2.44207848388e-11, 2.00120718608e-11, 4.55854833048e-11, 3.78623937758e-11, 5.36799077411e-11, 2.30003360108e-11, 4.49495510257e-11, 4.75325577509e-11, 4.99386851316e-11, 1.98617372549e-11, 3.73011647611e-12, 1.43407356303e-12, 1.122968038e-12, 1.04629304352e-12, 6.26689076067e-13],
        "dvar2": [3.35114145855e-06, 8.04969931778e-06, 6.74681905366e-06, 5.166371011e-06, 9.57223164733e-07, 1.47371179082e-06, 2.42327558908e-07, 1.35616403441e-07, 5.37009192669e-08, 1.74965279598e-07, 2.08463042384e-08, 1.35885372288e-07, 1.71189384446e-07, 3.80120397381e-08, 2.59491397259e-08, 1.51294514694e-08, 3.65848968897e-08, 3.00840490297e-08, 1.22978054407e-08, 7.99004329366e-09, 3.44772121963e-09, 2.91263169139e-09, 2.47666820385e-09, 3.33900213034e-10, 1.93356983202e-10, 6.8573251244e-11, 5.09181585784e-11, 1.17383242015e-10, 9.8932979864e-11, 1.42319017682e-10, 6.29188923185e-11, 1.20310400531e-10, 1.28149685308e-10, 1.37141312195e-10, 5.43725030278e-11, 9.55066321168e-12, 3.29891344276e-12, 2.66367288469e-12, 2.42706852879e-12, 1.29013423208e-12],
        "max": [0.00904529355466, 0.0142509434372, 0.0115855447948, 0.0123006440699, 0.00960694812238, 0.0094431694597, 0.00327796349302, 0.00458723772317, 0.00163541827351, 0.00333746313117, 0.00102529372089, 0.0046447054483, 0.00346292927861, 0.00253929244354, 0.00154951948207, 0.000958774180617, 0.0027999675367, 0.00149276875891, 0.0014385364484, 0.000983096309938, 0.000424108526204, 0.000862223794684, 0.000279991247226, 0.000167084479472, 0.00010239972471, 6.38566853013e-05, 0.000106393337774, 9.02704487089e-05, 6.86182611389e-05, 8.45280228532e-05, 5.20397916262e-05, 7.02072939021e-05, 7.72763960413e-05, 8.55486432556e-05, 4.73390136904e-05, 2.46118106588e-05, 2.05814740184e-05, 2.51679266512e-05, 1.48804601849e-05, 1.60076160682e-05],
        "mean": [0.00175861397292, 0.00267184549011, 0.00163618533406, 0.00113506149501, 0.000856002385262, 0.000848626776133, 0.000421566655859, 0.000244013528572, 0.000194834399736, 0.000243962887907, 0.00014791545982, 0.000234650375205, 0.000360920879757, 8.93056349014e-05, 0.000119647309475, 0.000117030103866, 0.000124122496345, 0.000118938696687, 6.56123811495e-05, 6.60069272271e-05, 5.83488326811e-05, 6.06935172982e-05, 5.09037563461e-05, 1.97669851332e-05, 1.53502624016e-05, 9.28989538806e-06, 8.65708443598e-06, 1.44716814248e-05, 1.31786146085e-05, 1.31818414957e-05, 1.00904289866e-05, 1.48030130731e-05, 1.45122730828e-05, 1.47491145981e-05, 9.01134171727e-06, 4.00345197704e-06, 2.61225818576e-06, 2.09298536902e-06, 2.14271722143e-06, 1.04875914531e-06],
        "median": [0.00140416552313, 0.00217083725147, 0.00112830277067, 0.000703567289747, 0.000578555976972, 0.000447411090136, 0.00026360549964, 0.000160294774105, 0.000132239627419, 0.000114195092465, 9.76407609414e-05, 9.55741124926e-05, 0.000182304065675, 4.57535461464e-05, 6.04970591667e-05, 6.94808040862e-05, 7.27029910195e-05, 5.97378457314e-05, 3.42183557223e-05, 4.15300746681e-05, 4.3392272346e-05, 4.60278897663e-05, 3.93652117054e-05, 1.46162483361e-05, 1.30453672682e-05, 8.13952829049e-06, 7.05039974491e-06, 1.17285444503e-05, 1.11181570901e-05, 1.07925334305e-05, 9.23457810131e-06, 1.32210607262e-05, 1.28107658384e-05, 1.31547194542e-05, 7.77884633862e-06, 3.44073146152e-06, 2.2980286758e-06, 1.89416959984e-06, 1.7642723833e-06, 7.51005472921e-07],
        "min": [9.86603865272e-08, 1.746030307e-06, 3.73895727535e-06, 3.07652226184e-06, 9.8757948308e-07, 2.25980599566e-07, 2.53238141568e-07, 4.56863091358e-07, 1.65931254514e-07, 4.77985473424e-08, 6.59290577687e-08, 1.79191516736e-07, 3.15853668553e-07, 1.04725394579e-07, 1.72247695218e-07, 1.12122975793e-07, 1.60425884133e-07, 1.07318683717e-07, 1.34266244345e-07, 1.34756902526e-07, 1.00110334245e-07, 7.915564737e-08, 7.40436760793e-08, 3.37632144465e-08, 1.80103807423e-08, 1.22031291738e-08, 1.9939584206e-08, 2.14744524385e-08, 6.62245014382e-09, 9.43615230398e-09, 5.72968206214e-09, 1.7837959998e-09, 2.75769784785e-09, 7.19451120901e-09, 2.07206807268e-09, 1.12475040392e-09, 2.85582918425e-10, 2.8314112166e-10, 1.92393684317e-10, 4.76307743247e-11],
