{
"highlevel": {
    "danceability": {
        "all": {
            "danceable": 0.997333526611,
            "not_danceable": 0.00266649527475
        },
        "probability": 0.997333526611,
        "value": "danceable"
    },
    "gender": {
        "all": {
            "female": 1.47733626363e-05,
            "male": 0.999985218048
        },
        "probability": 0.999985218048,
        "value": "male"
    },
    "genre_dortmund": {
        "all": {
            "alternative": 0.0139420973137,
            "blues": 0.0497706234455,
            "electronic": 0.0832736343145,
            "folkcountry": 0.0421937927604,
            "funksoulrnb": 0.0228351745754,
            "jazz": 0.102552898228,
            "pop": 0.0125572374091,
            "raphiphop": 0.653718650341,
            "rock": 0.0191559158266
        },
        "probability": 0.653718650341,
        "value": "raphiphop"
    },
    "genre_electronic": {
        "all": {
            "ambient": 0.330304175615,
            "dnb": 0.0903462022543,
            "house": 0.385938286781,
            "techno": 0.032346855849,
            "trance": 0.161064460874
        },
        "probability": 0.385938286781,
        "value": "house"
    },
    "genre_rosamerica": {
        "all": {
            "cla": 0.012501555495,
            "dan": 0.11890732497,
            "hip": 0.501773715019,
            "jaz": 0.0176701340824,
            "pop": 0.124651730061,
            "rhy": 0.200551316142,
            "roc": 0.0162701532245,
            "spe": 0.00767407706007
        },
        "probability": 0.501773715019,
        "value": "hip"
    },
    "genre_tzanetakis": {
        "all": {
            "blu": 0.0635872557759,
            "cla": 0.0353040248156,
            "cou": 0.0635458827019,
            "dis": 0.0635646507144,
            "hip": 0.158970341086,
            "jaz": 0.318208545446,
            "met": 0.0636220350862,
            "pop": 0.0636040493846,
            "reg": 0.0635970756412,
            "roc": 0.105996124446
        },
        "probability": 0.318208545446,
        "value": "jaz"
    },
    "ismir04_rhythm": {
        "all": {
            "ChaChaCha": 0.259954303503,
            "Jive": 0.138789609075,
            "Quickstep": 0.0231152419001,
            "Rumba-American": 0.0636907070875,
            "Rumba-International": 0.114801563323,
            "Rumba-Misc": 0.0253707598895,
            "Samba": 0.13086810708,
            "Tango": 0.112962804735,
            "VienneseWaltz": 0.111837089062,
            "Waltz": 0.0186098199338
        },
        "probability": 0.259954303503,
        "value": "ChaChaCha"
    },
    "mood_acoustic": {
        "all": {
            "acoustic": 0.135532408953,
            "not_acoustic": 0.86446762085
        },
        "probability": 0.86446762085,
        "value": "not_acoustic"
    },
    "mood_aggressive": {
        "all": {
            "aggressive": 0.0428864322603,
            "not_aggressive": 0.957113564014
        },
        "probability": 0.957113564014,
        "value": "not_aggressive"
    },
    "mood_electronic": {
        "all": {
            "electronic": 0.801698803902,
            "not_electronic": 0.198301210999
        },
        "probability": 0.801698803902,
        "value": "electronic"
    },
    "mood_happy": {
        "all": {
            "happy": 0.709379792213,
            "not_happy": 0.290620207787
        },
        "probability": 0.709379792213,
        "value": "happy"
    },
    "mood_party": {
        "all": {
            "not_party": 0.342351645231,
            "party": 0.657648384571
        },
        "probability": 0.657648384571,
        "value": "party"
    },
    "mood_relaxed": {
        "all": {
            "not_relaxed": 0.484699934721,
            "relaxed": 0.515300095081
        },
        "probability": 0.515300095081,
        "value": "relaxed"
    },
    "mood_sad": {
        "all": {
            "not_sad": 0.83238452673,
            "sad": 0.167615458369
        },
        "probability": 0.83238452673,
        "value": "not_sad"
    },
    "moods_mirex": {
        "all": {
            "Cluster1": 0.0839234963059,
            "Cluster2": 0.300542086363,
            "Cluster3": 0.194918200374,
            "Cluster4": 0.277950584888,
            "Cluster5": 0.14266563952
        },
        "probability": 0.300542086363,
        "value": "Cluster2"
    },
    "timbre": {
        "all": {
            "bright": 0.969603836536,
            "dark": 0.0303961597383
        },
        "probability": 0.969603836536,
        "value": "bright"
    },
    "tonal_atonal": {
        "all": {
            "atonal": 0.0454252846539,
            "tonal": 0.95457470417
        },
        "probability": 0.95457470417,
        "value": "tonal"
    },
    "voice_instrumental": {
        "all": {
            "instrumental": 0.14658112824,
            "voice": 0.853418886662
        },
        "probability": 0.853418886662,
        "value": "voice"
    }
},
"lowlevel": {
    "average_loudness": 0.973564624786,
    "barkbands_crest": {
        "dmean": 3.62567615509,
        "dmean2": 5.81595659256,
        "dvar": 10.9727735519,
        "dvar2": 24.7833423615,
        "max": 25.5464611053,
        "mean": 12.8750572205,
        "median": 11.8208608627,
        "min": 2.4231595993,
        "var": 30.0362472534
    },
    "barkbands_flatness_db": {
        "dmean": 0.0381342843175,
        "dmean2": 0.0562457814813,
        "dvar": 0.00142430712003,
        "dvar2": 0.00294924224727,
        "max": 0.476442486048,
        "mean": 0.192481726408,
        "median": 0.181811273098,
        "min": 0.0476049520075,
        "var": 0.00496221939102
    },
    "barkbands_kurtosis": {
        "dmean": 7.64323663712,
        "dmean2": 12.3848829269,
        "dvar": 343.274841309,
        "dvar2": 874.202941895,
        "max": 251.621582031,
        "mean": 8.84913444519,
        "median": 2.33888959885,
        "min": -1.87307024002,
        "var": 489.071594238
    },
    "barkbands_skewness": {
        "dmean": 1.0130866766,
        "dmean2": 1.50343823433,
        "dvar": 1.35637998581,
        "dvar2": 2.97418189049,
        "max": 14.3135375977,
        "mean": 1.81649196148,
        "median": 1.51529383659,
        "min": -3.09748005867,
        "var": 3.93227100372
    },
    "barkbands_spread": {
        "dmean": 8.20318984985,
        "dmean2": 12.4820766449,
        "dvar": 91.0204238892,
        "dvar2": 197.190109253,
        "max": 99.971206665,
        "mean": 20.4731521606,
        "median": 17.1999340057,
        "min": 0.577944278717,
        "var": 223.857376099
    },
    "dissonance": {
        "dmean": 0.0285681262612,
        "dmean2": 0.0475954525173,
        "dvar": 0.000806394091342,
        "dvar2": 0.0020304301288,
        "max": 0.499935567379,
        "mean": 0.446106433868,
        "median": 0.457193046808,
        "min": 0.249282002449,
        "var": 0.00165146298241
    },
    "dynamic_complexity": 2.59371185303,
    "erbbands_crest": {
        "dmean": 3.5876698494,
        "dmean2": 5.81948518753,
        "dvar": 11.1839017868,
        "dvar2": 26.7125053406,
        "max": 30.4833545685,
        "mean": 10.7840776443,
        "median": 9.44423770905,
        "min": 2.55782341957,
        "var": 27.4556179047
    },
    "erbbands_flatness_db": {
        "dmean": 0.031618732959,
        "dmean2": 0.0439962260425,
        "dvar": 0.00104264565744,
        "dvar2": 0.00181634351611,
        "max": 0.404487580061,
        "mean": 0.187982514501,
        "median": 0.181497514248,
        "min": 0.0524252802134,
        "var": 0.00386375910603
    },
    "erbbands_kurtosis": {
        "dmean": 1.89274597168,
        "dmean2": 3.01279807091,
        "dvar": 7.48429250717,
        "dvar2": 18.3449230194,
        "max": 33.4691238403,
        "mean": 1.34801590443,
        "median": 0.373346805573,
        "min": -1.71232748032,
        "var": 10.9040517807
    },
    "erbbands_skewness": {
        "dmean": 0.577762663364,
        "dmean2": 0.849229812622,
        "dvar": 0.308655828238,
        "dvar2": 0.620872378349,
        "max": 4.94485998154,
        "mean": 0.319297224283,
        "median": 0.381132304668,
        "min": -3.36754131317,
        "var": 1.13869917393
    },
    "erbbands_spread": {
        "dmean": 12.7290754318,
        "dmean2": 19.4326133728,
        "dvar": 197.613189697,
        "dvar2": 413.95501709,
        "max": 170.186203003,
        "mean": 38.0143470764,
        "median": 34.2040214539,
        "min": 1.60455751419,
        "var": 537.401428223
    },
    "hfc": {
        "dmean": 10.7908649445,
        "dmean2": 15.5908575058,
        "dvar": 265.015655518,
        "dvar2": 618.044128418,
        "max": 136.561965942,
        "mean": 21.7770271301,
        "median": 17.1423664093,
        "min": 0.0478682778776,
        "var": 418.633850098
    },
    "melbands_crest": {
        "dmean": 4.20022439957,
        "dmean2": 6.60214042664,
        "dvar": 13.1890583038,
        "dvar2": 30.3173160553,
        "max": 37.4489479065,
        "mean": 17.1284103394,
        "median": 16.5460357666,
        "min": 3.79326844215,
        "var": 47.3822822571
    },
    "melbands_flatness_db": {
        "dmean": 0.0461835898459,
        "dmean2": 0.0653582885861,
        "dvar": 0.0020582000725,
        "dvar2": 0.00419847341254,
        "max": 0.56121379137,
        "mean": 0.238353848457,
        "median": 0.224724546075,
        "min": 0.0336985401809,
        "var": 0.00936016254127
    },
    "melbands_kurtosis": {
        "dmean": 17.594537735,
        "dmean2": 27.6172542572,
        "dvar": 1799.60424805,
        "dvar2": 4203.57861328,
        "max": 589.073364258,
        "mean": 22.999174118,
        "median": 8.38989925385,
        "min": -1.83990490437,
        "var": 2603.609375
    },
    "melbands_skewness": {
        "dmean": 1.32534384727,
        "dmean2": 2.01308083534,
        "dvar": 2.41967535019,
        "dvar2": 5.06084060669,
        "max": 20.3025379181,
        "mean": 3.01473069191,
        "median": 2.44247198105,
        "min": -2.35336470604,
        "var": 6.55916452408
    },
    "melbands_spread": {
        "dmean": 12.4882707596,
        "dmean2": 19.3885002136,
        "dvar": 441.115722656,
        "dvar2": 855.286376953,
        "max": 245.755340576,
        "mean": 25.1790027618,
        "median": 16.7900657654,
        "min": 0.494523763657,
        "var": 919.22479248
    },
    "pitch_salience": {
        "dmean": 0.0959054529667,
        "dmean2": 0.149170354009,
        "dvar": 0.00746007729322,
        "dvar2": 0.0168473850936,
        "max": 0.838338196278,
        "mean": 0.481239259243,
        "median": 0.483835101128,
        "min": 0.045046005398,
        "var": 0.0242528486997
    },
    "silence_rate_20dB": {
        "dmean": 0,
        "dmean2": 0,
        "dvar": 0,
        "dvar2": 0,
        "max": 1,
        "mean": 1,
        "median": 1,
        "min": 1,
        "var": 0
    },
    "silence_rate_30dB": {
        "dmean": 0.0356037169695,
        "dmean2": 0.0712625905871,
        "dvar": 0.0343356952071,
        "dvar2": 0.0847759619355,
        "max": 1,
        "mean": 0.97138440609,
        "median": 1,
        "min": 0,
        "var": 0.0277971345931
    },
    "silence_rate_60dB": {
        "dmean": 0.0526315793395,
        "dmean2": 0.105344690382,
        "dvar": 0.0498612299562,
        "dvar2": 0.112837761641,
        "max": 1,
        "mean": 0.0541376657784,
        "median": 0,
        "min": 0,
        "var": 0.0512065887451
    },
    "spectral_centroid": {
        "dmean": 395.546844482,
        "dmean2": 578.504821777,
        "dvar": 232644.75,
        "dvar2": 420605.90625,
        "max": 5281.83496094,
        "mean": 1392.33337402,
        "median": 1173.61242676,
        "min": 159.568878174,
        "var": 718631.0625
    },
    "spectral_complexity": {
        "dmean": 5.20433425903,
        "dmean2": 7.29279613495,
        "dvar": 39.504699707,
        "dvar2": 81.8157043457,
        "max": 51,
        "mean": 14.3789634705,
        "median": 12,
        "min": 0,
        "var": 88.8022460938
    },
    "spectral_decrease": {
        "dmean": 3.95299615263e-09,
        "dmean2": 5.8742144482e-09,
        "dvar": 2.52879634995e-17,
        "dvar2": 5.48689712171e-17,
        "max": -1.72579537466e-11,
        "mean": -9.06247699106e-09,
        "median": -7.18992998472e-09,
        "min": -4.04703150991e-08,
        "var": 6.169764165e-17
    },
    "spectral_energy": {
        "dmean": 0.0154623156413,
        "dmean2": 0.0230154022574,
        "dvar": 0.000373507820768,
        "dvar2": 0.000806621974334,
        "max": 0.155742928386,
        "mean": 0.0361791141331,
        "median": 0.0288985110819,
        "min": 6.94772897987e-05,
        "var": 0.000925468630157
    },
    "spectral_energyband_high": {
        "dmean": 0.00067582068732,
        "dmean2": 0.000993584864773,
        "dvar": 1.60225920354e-06,
        "dvar2": 3.40299357049e-06,
        "max": 0.0106928329915,
        "mean": 0.000924630847294,
        "median": 0.000341040809872,
        "min": 4.52312349353e-07,
        "var": 2.25356052397e-06
    },
    "spectral_energyband_low": {
        "dmean": 0.0102081056684,
        "dmean2": 0.0157830193639,
        "dvar": 0.000329917646013,
        "dvar2": 0.000750350242015,
        "max": 0.146942198277,
        "mean": 0.0185452364385,
        "median": 0.0074476916343,
        "min": 1.68487858332e-07,
        "var": 0.000700217322446
    },
    "spectral_energyband_middle_high": {
        "dmean": 0.00278202770278,
        "dmean2": 0.00432808417827,
        "dvar": 1.57278864208e-05,
        "dvar2": 3.78780132451e-05,
        "max": 0.0361596681178,
        "mean": 0.0053453152068,
        "median": 0.00314640207216,
        "min": 1.17730969578e-05,
        "var": 3.52608258254e-05
    },
    "spectral_energyband_middle_low": {
        "dmean": 0.00747688207775,
        "dmean2": 0.0114526776597,
        "dvar": 0.000132488814415,
        "dvar2": 0.000326401845086,
        "max": 0.0879378020763,
        "mean": 0.0122515335679,
        "median": 0.0076079708524,
        "min": 3.43359024555e-05,
        "var": 0.000181441166205
    },
    "spectral_entropy": {
        "dmean": 0.287518799305,
        "dmean2": 0.406118273735,
        "dvar": 0.0892858356237,
        "dvar2": 0.169962003827,
        "max": 8.55720710754,
        "mean": 7.36296653748,
        "median": 7.39766454697,
        "min": 5.70348882675,
        "var": 0.299120008945
    },
    "spectral_flux": {
        "dmean": 0.0425842478871,
        "dmean2": 0.067085377872,
        "dvar": 0.001825334155,
        "dvar2": 0.0039773513563,
        "max": 0.338194102049,
        "mean": 0.105985291302,
        "median": 0.0914839655161,
        "min": 0.0066760671325,
        "var": 0.00397299230099
    },
    "spectral_kurtosis": {
        "dmean": 2.72658061981,
        "dmean2": 4.25581169128,
        "dvar": 15.9299297333,
        "dvar2": 38.3335151672,
        "max": 53.9633712769,
        "mean": 4.85735225677,
        "median": 3.30547761917,
        "min": -0.795444011688,
        "var": 29.627872467
    },
    "spectral_rms": {
        "dmean": 0.00126555177849,
        "dmean2": 0.00180833239574,
        "dvar": 1.82359326573e-06,
        "dvar2": 3.41096529155e-06,
        "max": 0.0123265692964,
        "mean": 0.00537902023643,
        "median": 0.00530977128074,
        "min": 0.000260351138422,
        "var": 6.36280719846e-06
    },
    "spectral_rolloff": {
        "dmean": 715.363098145,
        "dmean2": 1163.7097168,
        "dvar": 1693271.375,
        "dvar2": 3166422.5,
        "max": 11692.5292969,
        "mean": 1543.47973633,
        "median": 904.39453125,
        "min": 43.06640625,
        "var": 3706831.75
    },
    "spectral_skewness": {
        "dmean": 0.365785002708,
        "dmean2": 0.526821196079,
        "dvar": 0.143123716116,
        "dvar2": 0.297061651945,
        "max": 5.1445016861,
        "mean": 1.51751887798,
        "median": 1.41014122963,
        "min": 0.0136180259287,
        "var": 0.496124535799
    },
    "spectral_spread": {
        "dmean": 815493.1875,
        "dmean2": 1106797.5,
        "dvar": 777857466368,
        "dvar2": 1.36326492979e+12,
        "max": 11820839,
        "mean": 4494384.5,
        "median": 4207760.5,
        "min": 1196768.375,
        "var": 2.93177288294e+12
    },
    "spectral_strongpeak": {
        "dmean": 0.609995365143,
        "dmean2": 1.02517139912,
        "dvar": 1.14356768131,
        "dvar2": 2.69554162025,
        "max": 12.1573581696,
        "mean": 0.975457072258,
        "median": 0.506243050098,
        "min": 0,
        "var": 1.606569767
    },
    "zerocrossingrate": {
        "dmean": 0.0168547742069,
        "dmean2": 0.0173912849277,
        "dvar": 0.000515490537509,
        "dvar2": 0.000429818785051,
        "max": 0.33203125,
        "mean": 0.0604551099241,
        "median": 0.04736328125,
        "min": 0.001953125,
        "var": 0.00273555144668
    },
    "barkbands": {
        "dmean": [0.000447252910817, 0.00921480823308, 0.00221974519081, 0.00152500288095, 0.00313419755548, 0.0010809362866, 0.00118421646766, 0.00124769075774, 0.00118728843518, 0.000659746874589, 0.000484224729007, 0.000523421098478, 0.000343850144418, 0.000690842512995, 0.000489344878588, 0.00032958490192, 0.00035406590905, 0.000202691240702, 0.000308646121994, 0.000152112421347, 0.000124757541926, 0.000166452504345, 0.000118560121336, 0.000105794832052, 0.000103820275399, 7.05515849404e-05, 1.17096725205e-07],
        "dmean2": [0.000683730992023, 0.0149054965004, 0.00372376432642, 0.00262577366084, 0.00518156215549, 0.00171332608443, 0.0018328842707, 0.00193421472795, 0.00176410877611, 0.000968033913523, 0.000713022716809, 0.000805053510703, 0.000556498358492, 0.0011666554492, 0.000789091456681, 0.000557557155844, 0.00060364609817, 0.000333950243657, 0.000491826445796, 0.000231526297284, 0.000199374262593, 0.000244246795774, 0.000176986082806, 0.000156175199663, 0.000161084812135, 0.00011618098506, 2.00312214815e-07],
        "dvar": [8.81559913068e-07, 0.000328891503159, 3.01440632029e-05, 1.74352699105e-05, 5.3121111705e-05, 4.14197393184e-06, 5.528616839e-06, 5.57692919756e-06, 7.98638120614e-06, 2.5228987397e-06, 8.90448461632e-07, 1.98383486349e-06, 1.07043535991e-06, 3.0789703942e-06, 1.53731730279e-06, 5.81773349495e-07, 8.3517471694e-07, 1.81075250794e-07, 3.41062502685e-07, 7.33435143729e-08, 6.10037318438e-08, 6.04475047794e-08, 5.94016036359e-08, 4.81915627404e-08, 8.31840551996e-08, 4.53277166912e-08, 1.67477346553e-13],
        "dvar2": [2.03691683964e-06, 0.000790388265159, 7.76884990046e-05, 4.98604385939e-05, 0.0001340109593, 1.01668456409e-05, 1.20846898426e-05, 1.29698291857e-05, 1.68940132426e-05, 4.66688197776e-06, 1.72029035639e-06, 4.11368773712e-06, 2.67719747171e-06, 7.01659382685e-06, 3.67752568309e-06, 1.50533310261e-06, 2.30131286116e-06, 4.66807449584e-07, 8.66295920332e-07, 1.5579371393e-07, 1.52773651507e-07, 1.28396308696e-07, 1.19018302769e-07, 1.02992174789e-07, 1.72217681893e-07, 1.1679120604e-07, 4.20526894557e-13],
        "max": [0.0128250997514, 0.138982191682, 0.041054263711, 0.036567017436, 0.0530714616179, 0.021610962227, 0.0382017381489, 0.0266318246722, 0.0423876941204, 0.0242040771991, 0.0169410351664, 0.0209522135556, 0.0136203700677, 0.0199487768114, 0.0199437700212, 0.00808108877391, 0.00790128018707, 0.00507268682122, 0.00702183460817, 0.00793452747166, 0.00342678837478, 0.00275606452487, 0.00216797995381, 0.00229130545631, 0.00223614042625, 0.00183557742275, 3.44281465914e-06],
        "mean": [0.000661186757497, 0.0149017656222, 0.0023393786978, 0.00137089903001, 0.00337684829719, 0.00151749746874, 0.00169038481545, 0.00176464603283, 0.00200521526858, 0.00097656151047, 0.000755460641813, 0.000666481966618, 0.000399455660954, 0.000801336660516, 0.000569611729588, 0.000337899720762, 0.00037378599518, 0.000227231575991, 0.000386490020901, 0.000204818614293, 0.00014940922847, 0.000249101809459, 0.000151954474859, 0.000129723222926, 0.000111523586384, 6.03736734774e-05, 8.29114696899e-08],
        "median": [6.57297932776e-05, 0.00331218028441, 8.99988299352e-05, 0.000102401012555, 0.000900163548067, 0.000535862345714, 0.000401122204494, 0.000502013834193, 0.000347818859154, 0.000176152985659, 0.000213016581256, 0.000159993709531, 8.47356786835e-05, 0.000130309461383, 9.96532471618e-05, 6.33952149656e-05, 8.59707142808e-05, 6.7116045102e-05, 9.99232579488e-05, 7.69559628679e-05, 4.77639623568e-05, 0.000108794614789, 3.76229654648e-05, 3.40231345035e-05, 9.86718532658e-06, 2.39576593231e-06, 5.13330544738e-10],
        "min": [7.59090035274e-09, 5.73452680896e-08, 3.5948028998e-09, 2.3807378291e-09, 3.62587627478e-07, 1.00215618204e-06, 7.77740638114e-07, 1.08499602902e-06, 9.03750901671e-07, 4.35940194166e-07, 2.27261239161e-07, 1.97558009063e-07, 2.59505100075e-07, 6.81841072492e-07, 2.63729134531e-07, 2.36787229824e-07, 5.59987768156e-07, 3.51095565065e-07, 5.88875934682e-07, 1.35309264238e-07, 1.08168315194e-07, 6.21086897468e-08, 1.16730882738e-08, 2.68027067207e-09, 6.55293961455e-12, 4.3769996308e-12, 6.08307805169e-12],
        "var": [1.75188802132e-06, 0.000524696661159, 3.10213872581e-05, 1.42909757415e-05, 5.08170924149e-05, 6.21466460871e-06, 1.02371550383e-05, 8.99847145774e-06, 1.9555865947e-05, 5.46776800547e-06, 2.47064349423e-06, 3.21778975376e-06, 1.19279263799e-06, 4.10619259128e-06, 2.4559594749e-06, 6.00649855187e-07, 7.47657452393e-07, 2.07680855624e-07, 5.11011933213e-07, 1.58360236924e-07, 7.82561002666e-08, 1.149945561e-07, 8.62242757194e-08, 6.85070205009e-08, 9.85772317108e-08, 3.82051581482e-08, 1.28396398331e-13]
    },
    "erbbands": {
        "dmean": [0.307410895824, 2.02309513092, 2.62119841576, 3.8821105957, 10.5920705795, 8.26333141327, 8.62200737, 8.70435523987, 15.28977108, 19.5139827728, 30.0323410034, 27.072467804, 21.5055999756, 17.9520053864, 15.0709095001, 22.249792099, 15.9435968399, 33.6359977722, 25.6566543579, 21.4510154724, 15.2512817383, 18.7127132416, 11.880645752, 12.7279930115, 14.4459295273, 6.14933729172, 4.6111869812, 5.5417714119, 6.39745330811, 4.27794790268, 3.36915612221, 2.61354136467, 1.6806576252, 1.10204386711, 0.76502341032, 0.390117526054, 0.109422832727, 0.0126633411273, 0.000239533139393, 2.71728677035e-05],
        "dmean2": [0.489523887634, 3.25352072716, 4.27626085281, 6.37773609161, 17.4173488617, 13.7309427261, 14.6022310257, 13.7222747803, 23.6792545319, 28.5909442902, 46.412311554, 39.6686096191, 30.7430534363, 25.9257965088, 22.9398288727, 34.2671165466, 25.0263118744, 55.8970680237, 40.5691871643, 34.5998077393, 24.7415885925, 32.4467468262, 19.3422470093, 21.3361167908, 22.0983047485, 9.40780639648, 7.07823467255, 8.72337818146, 9.41771697998, 6.33722639084, 5.07896900177, 3.87431430817, 2.64871406555, 1.68366861343, 1.19296443462, 0.625089585781, 0.184610396624, 0.0223636962473, 0.00040698578232, 4.26111473644e-05],
        "dvar": [0.43016526103, 15.9690341949, 36.7144584656, 96.5445251465, 745.247680664, 338.163513184, 312.709197998, 293.985351562, 822.415649414, 1219.55578613, 3703.20751953, 4399.45605469, 2731.57543945, 1819.60656738, 1067.94836426, 3547.66088867, 1834.1027832, 7640.04931641, 3632.55102539, 3185.86450195, 1151.45471191, 2678.24731445, 720.059753418, 826.366577148, 701.080932617, 91.874168396, 74.016456604, 116.626876831, 94.2437362671, 50.6437187195, 52.664691925, 29.4751739502, 16.8784275055, 7.52979660034, 5.20750951767, 1.35558652878, 0.130860045552, 0.0017929765163, 5.7464734482e-07, 2.13094586421e-09],
        "dvar2": [0.998170733452, 40.1659469604, 89.2922897339, 264.496765137, 1945.60961914, 877.519348145, 835.030517578, 699.051147461, 1795.18823242, 2472.99438477, 8562.32421875, 9207.4765625, 4934.79003906, 3759.18896484, 2168.20019531, 7616.79394531, 4340.79101562, 18225.3144531, 8741.73632812, 6628.79931641, 3016.38793945, 7524.90869141, 1864.65722656, 2282.11572266, 1527.51489258, 220.107131958, 180.144226074, 281.865356445, 205.550613403, 98.3372497559, 112.241996765, 66.5024337769, 39.9381599426, 15.5384902954, 11.1674156189, 3.21588492393, 0.34670946002, 0.00490835960954, 1.53934979608e-06, 5.15343989704e-09],
        "max": [6.52733373642, 30.582649231, 53.8912849426, 73.1893920898, 244.39100647, 163.105209351, 174.73046875, 215.81401062, 337.812805176, 460.975585938, 734.239685059, 1268.75671387, 923.20111084, 776.605224609, 602.102905273, 916.388183594, 707.141113281, 1073.11181641, 853.327331543, 1428.61291504, 334.056610107, 467.690795898, 354.980743408, 280.858184814, 485.32131958, 144.187316895, 73.2702713013, 172.359710693, 114.070602417, 64.9860916138, 70.0275039673, 55.1192207336, 36.3477020264, 22.0563278198, 19.586309433, 9.13274097443, 3.71288299561, 0.442666620016, 0.00740985339507, 0.000379655713914],
        "mean": [0.487279862165, 3.0547003746, 3.38229012489, 3.91767716408, 10.3160877228, 9.13411140442, 10.140048027, 12.3868265152, 22.9567642212, 28.6780471802, 44.2768325806, 48.2701454163, 35.935749054, 29.912147522, 22.5678787231, 29.2527618408, 21.5786991119, 40.9080924988, 32.2466888428, 26.1269512177, 17.6482582092, 19.5936660767, 13.8245029449, 14.4084329605, 20.6221179962, 8.55126857758, 5.58895874023, 6.97522258759, 9.22675704956, 6.34853029251, 4.16954374313, 3.20352649689, 1.86373984814, 1.20656406879, 0.780980408192, 0.345526188612, 0.0932421907783, 0.0101787764579, 0.000214847066673, 5.30107754457e-05],
        "median": [0.0724084079266, 0.603715479374, 0.336841702461, 0.428451150656, 1.49155497551, 2.46829771996, 3.115421772, 3.94511461258, 5.15264844894, 8.40394115448, 14.3791379929, 8.66768741608, 7.885201931, 7.29098749161, 7.90183782578, 7.952917099, 5.89289999008, 7.36045217514, 7.18643712997, 5.24782514572, 4.07283449173, 5.1588139534, 3.89071059227, 3.90896439552, 5.84025526047, 3.57874131203, 1.62051093578, 2.55716371536, 3.88802862167, 2.34368562698, 1.01588213444, 0.815520942211, 0.392420828342, 0.136380732059, 0.0542902313173, 0.0172266289592, 0.0028455266729, 0.000138833143865, 2.55052145803e-05, 3.56719610863e-05],
        "min": [1.03520392258e-06, 1.56733694894e-05, 3.09307943098e-05, 2.73835448752e-05, 0.000282676832285, 0.00135390553623, 0.00261121802032, 0.0102682802826, 0.0181986559182, 0.0220360867679, 0.030086742714, 0.0228041894734, 0.0256444364786, 0.0184256192297, 0.0273326020688, 0.0228052902967, 0.0208268240094, 0.0307332221419, 0.0367634631693, 0.015522886999, 0.0258131865412, 0.0386588461697, 0.0174822639674, 0.0199441108853, 0.0273809470236, 0.00828228425235, 0.00437777256593, 0.00834105443209, 0.00234669493511, 0.000771428633016, 0.000316025281791, 0.000174560758751, 7.20658135833e-06, 1.00317436136e-06, 5.26688950231e-07, 1.0965249686e-07, 4.22920400922e-08, 1.41649501018e-08, 3.75261954844e-08, 8.0989757123e-08],
        "var": [0.682538151741, 23.6789417267, 43.2900123596, 99.3339691162, 641.067749023, 318.367736816, 331.658538818, 451.149108887, 1806.46130371, 2124.02514648, 6271.3203125, 12625.9042969, 6153.60107422, 4714.41210938, 2151.12963867, 5594.88623047, 2528.06469727, 10145.5820312, 5099.91308594, 7350.74072266, 1276.67871094, 2101.96606445, 841.195495605, 763.684082031, 1513.29101562, 160.978942871, 93.3855667114, 164.591964722, 165.992828369, 92.0461883545, 70.3749008179, 40.7583274841, 18.6811790466, 9.56234169006, 5.76385784149, 1.27536046505, 0.101705431938, 0.00133673369419, 4.56984622588e-07, 3.11670578235e-09]
    },
    "gfcc": {
        "mean": [-25.3342685699, 91.2589035034, -127.129310608, 32.4635467529, -69.6295318604, 15.8203048706, -32.5793495178, 9.9377155304, -12.7488803864, 4.73157691956, -8.17921066284, -0.73403263092, -8.71966457367],
        "cov": [[5946.06591797, -1109.34594727, 648.581726074, 288.72869873, -21.0884132385, 332.467346191, -321.036407471, 267.335113525, -356.190582275, 195.331008911, -494.16015625, 116.141738892, -238.266235352], [-1109.34594727, 2370.42529297, 6.0595946312, -42.7022285461, 761.140014648, 22.4832134247, 614.454162598, -24.7295913696, 474.406188965, -99.1768341064, 383.229400635, -155.067306519, 107.757652283], [648.581726074, 6.0595946312, 1713.37426758, 554.917541504, 335.401550293, 355.802307129, 28.1002254486, 220.191314697, -67.6182022095, 153.212310791, -101.258087158, 111.266639709, -115.026763916], [288.72869873, -42.7022285461, 554.917541504, 890.688781738, 184.795700073, 56.9093589783, -5.16960430145, 96.0066452026, 148.264633179, 5.94512844086, 29.9650650024, -14.3466272354, 28.9924983978], [-21.0884132385, 761.140014648, 335.401550293, 184.795700073, 847.53326416, 207.90826416, 287.948364258, 163.543243408, 253.214782715, 56.8448219299, 51.8413200378, -5.80014181137, 24.925403595], [332.467346191, 22.4832134247, 355.802307129, 56.9093589783, 207.90826416, 447.969146729, 267.619720459, 180.113540649, 103.007995605, 131.925262451, 33.4524612427, 9.2912311554, -21.1582355499], [-321.036407471, 614.454162598, 28.1002254486, -5.16960430145, 287.948364258, 267.619720459, 607.530822754, 200.846496582, 279.967285156, 72.5194625854, 205.910171509, -31.2985401154, 25.7362442017], [267.335113525, -24.7295913696, 220.191314697, 96.0066452026, 163.543243408, 180.113540649, 200.846496582, 306.920959473, 159.357833862, 116.475524902, 30.4117832184, 38.0306167603, 10.3417024612], [-356.190582275, 474.406188965, -67.6182022095, 148.264633179, 253.214782715, 103.007995605, 279.967285156, 159.357833862, 437.830352783, 86.9117736816, 157.639831543, -25.892375946, 80.9833221436], [195.331008911, -99.1768341064, 153.212310791, 5.94512844086, 56.8448219299, 131.925262451, 72.5194625854, 116.475524902, 86.9117736816, 200.934082031, 33.3391838074, 53.4003410339, 7.66927719116], [-494.16015625, 383.229400635, -101.258087158, 29.9650650024, 51.8413200378, 33.4524612427, 205.910171509, 30.4117832184, 157.639831543, 33.3391838074, 295.193145752, 26.2346401215, 74.1828460693], [116.141738892, -155.067306519, 111.266639709, -14.3466272354, -5.80014181137, 9.2912311554, -31.2985401154, 38.0306167603, -25.892375946, 53.4003410339, 26.2346401215, 183.939743042, 45.7640991211], [-238.266235352, 107.757652283, -115.026763916, 28.9924983978, 24.925403595, -21.1582355499, 25.7362442017, 10.3417024612, 80.9833221436, 7.66927719116, 74.1828460693, 45.7640991211, 149.360977173]],
        "icov": [[0.000263363588601, -0.000140757620102, 0.00018022635777, -0.000243840098847, 7.48738675611e-05, -0.000309862807626, 0.000199134723516, -0.000363038678188, 0.000329479225911, -0.000279179745121, 0.000422532786615, -0.000309133727569, 0.000362793041859], [-0.000140757620102, 0.00179781147745, -0.00089375290554, 0.00101162015926, -0.00122887268662, 0.00126491207629, -0.00121462333482, 0.0015265471302, -0.00132725911681, 0.00120823725592, -0.00153716735076, 0.00152036827058, -0.000963181431871], [0.00018022635777, -0.00089375290554, 0.00176802778151, -0.00137836940121, 0.000236056454014, -0.00139353738632, 0.000759173184633, -0.00116360234097, 0.0014628295321, -0.00111189042218, 0.00101906841155, -0.00159143807832, 0.00151984917466], [-0.000243840098847, 0.00101162015926, -0.00137836940121, 0.00251856539398, -0.000672549474984, 0.000991736538708, -0.000136499234941, 0.000710478692781, -0.00182415207382, 0.00153472693637, -0.00143485190347, 0.00162567524239, -0.00131738348864], [7.48738675611e-05, -0.00122887268662, 0.000236056454014, -0.000672549474984, 0.00260717468336, -0.00104187242687, 0.000287812465103, -0.000938064418733, -4.36712252849e-05, -0.000404843565775, 0.00149478577077, -0.00109958928078, 0.000390012894059], [-0.000309862807626, 0.00126491207629, -0.00139353738632, 0.000991736538708, -0.00104187242687, 0.00562670081854, -0.00279385363683, 0.000673055183142, -0.000592943863012, -0.00087144743884, -0.000793734041508, 0.00179637095425, -0.00105679419357], [0.000199134723516, -0.00121462333482, 0.000759173184633, -0.000136499234941, 0.000287812465103, -0.00279385363683, 0.00532102398574, -0.002682531951, -0.000194662861759, 0.000340230588336, -0.00125227298122, -0.000314324803185, 0.00143654481508], [-0.000363038678188, 0.0015265471302, -0.00116360234097, 0.000710478692781, -0.000938064418733, 0.000673055183142, -0.002682531951, 0.00785273872316, -0.00277196918614, -0.000576057296712, -0.000128777799546, 0.000176440415089, -0.00100167642813], [0.000329479225911, -0.00132725911681, 0.0014628295321, -0.00182415207382, -4.36712252849e-05, -0.000592943863012, -0.000194662861759, -0.00277196918614, 0.00669777486473, -0.00291630462743, 0.000345149019267, 9.65595827438e-05, -0.000570217031054], [-0.000279179745121, 0.00120823725592, -0.00111189042218, 0.00153472693637, -0.000404843565775, -0.00087144743884, 0.000340230588336, -0.000576057296712, -0.00291630462743, 0.00928928889334, -0.00194711121731, -0.000558734813239, -0.000303377310047], [0.000422532786615, -0.00153716735076, 0.00101906841155, -0.00143485190347, 0.00149478577077, -0.000793734041508, -0.00125227298122, -0.000128777799546, 0.000345149019267, -0.00194711121731, 0.00766665115952, -0.00278733251616, -0.000331728107994], [-0.000309133727569, 0.00152036827058, -0.00159143807832, 0.00162567524239, -0.00109958928078, 0.00179637095425, -0.000314324803185, 0.000176440415089, 9.65595827438e-05, -0.000558734813239, -0.00278733251616, 0.00939847156405, -0.00417024688795], [0.000362793041859, -0.000963181431871, 0.00151984917466, -0.00131738348864, 0.000390012894059, -0.00105679419357, 0.00143654481508, -0.00100167642813, -0.000570217031054, -0.000303377310047, -0.000331728107994, -0.00417024688795, 0.0107693225145]]
    },
    "melbands": {
        "dmean": [0.00262445793487, 0.00172660278622, 0.000859300314914, 0.000720589770935, 0.00030284980312, 0.000205482880119, 0.00023776544549, 0.000217555309064, 0.000260536762653, 0.000165933466633, 0.00010636782099, 7.19961317373e-05, 5.20518151461e-05, 5.07478653162e-05, 5.75197118451e-05, 3.53603172698e-05, 7.15716014383e-05, 4.45211589977e-05, 3.64003062714e-05, 3.06754373014e-05, 1.61247153301e-05, 2.18907680392e-05, 1.4480056052e-05, 8.16679676063e-06, 1.0940582797e-05, 1.30619055199e-05, 8.09340599517e-06, 3.61267348126e-06, 2.93908692583e-06, 3.0493072245e-06, 3.42637076756e-06, 3.99703321818e-06, 3.05983735416e-06, 2.36677010435e-06, 2.04658658731e-06, 1.76203116098e-06, 1.6757553567e-06, 1.16341550438e-06, 1.0810930462e-06, 9.74881004367e-07],
        "dmean2": [0.00421653268859, 0.00268043274991, 0.00141908717342, 0.00119681062642, 0.000513254606631, 0.00032082432881, 0.000366318476154, 0.000320346152876, 0.000400051649194, 0.000242159381742, 0.000152472115587, 0.000103839956864, 7.92290884419e-05, 7.76916349423e-05, 8.88591530384e-05, 5.67199131183e-05, 0.000119992480904, 7.16798895155e-05, 6.07348301855e-05, 5.10950267198e-05, 2.63533675025e-05, 3.80986457458e-05, 2.45459286816e-05, 1.34747670018e-05, 1.86238485185e-05, 2.00554186449e-05, 1.24175094243e-05, 5.68057294004e-06, 4.50726429335e-06, 4.91582568429e-06, 5.42767020306e-06, 5.92740434513e-06, 4.5835840865e-06, 3.55927681994e-06, 3.1513727663e-06, 2.71797421192e-06, 2.51385176853e-06, 1.82408791716e-06, 1.78356845026e-06, 1.47481205204e-06],
        "dvar": [2.78350325971e-05, 1.15385246318e-05, 4.2616616156e-06, 3.00343572235e-06, 3.95394692987e-07, 1.5276637555e-07, 2.02133620064e-07, 1.44056883755e-07, 2.88240414648e-07, 1.69086689539e-07, 6.91124100172e-08, 3.05873300022e-08, 1.05664552663e-08, 1.78134413886e-08, 3.05419263213e-08, 1.29489112766e-08, 3.59590934806e-08, 1.36326452349e-08, 1.05612851797e-08, 6.04850791674e-09, 1.32520028284e-09, 3.98244459632e-09, 9.53447654162e-10, 3.49913820141e-10, 6.71549094111e-10, 5.97270899405e-10, 2.31223998282e-10, 3.63434594919e-11, 2.88104453489e-11, 4.39278405318e-11, 4.07270502045e-11, 3.89848778259e-11, 2.03240792251e-11, 1.88915307009e-11, 1.96062784064e-11, 1.76563503401e-11, 1.09180043478e-11, 7.45808796665e-12, 7.33673104908e-12, 6.48344529106e-12],
        "dvar2": [6.53288370813e-05, 2.81097709376e-05, 1.16688870548e-05, 7.60783996157e-06, 1.07799075977e-06, 3.62663797659e-07, 4.3763466806e-07, 2.92708847383e-07, 6.32519800092e-07, 3.46341948898e-07, 1.24288675352e-07, 6.28639682532e-08, 2.13635562574e-08, 3.47907800347e-08, 6.45321520665e-08, 3.16498898201e-08, 8.50877270864e-08, 3.3503368968e-08, 2.70856705953e-08, 1.46282594926e-08, 3.33058958191e-09, 1.10920455043e-08, 2.58521182239e-09, 8.95133689394e-10, 1.8591768125e-09, 1.34390909512e-09, 4.62743565688e-10, 9.24495688337e-11, 6.83570630655e-11, 1.13467166218e-10, 9.55419424131e-11, 8.89673404392e-11, 4.23456790466e-11, 3.84132795017e-11, 4.20035395354e-11, 4.38560229798e-11, 2.39587499146e-11, 1.68816176316e-11, 1.86612236081e-11, 1.35583939909e-11],
        "max": [0.0444849580526, 0.0263037253171, 0.0185568369925, 0.0134363397956, 0.00556987803429, 0.00465288152918, 0.0061528054066, 0.00409716134891, 0.00589339667931, 0.00813406333327, 0.00451663555577, 0.0031638762448, 0.00163104734384, 0.00296767987311, 0.00349095766433, 0.00175539671909, 0.0022381269373, 0.0017821706133, 0.00144106999505, 0.00135806866456, 0.000447532074759, 0.000592879019678, 0.000252368045039, 0.000277927290881, 0.000239090513787, 0.000383793143556, 0.000444357312517, 6.33441741229e-05, 5.87109498156e-05, 0.00010405141802, 8.82885506144e-05, 7.54593784222e-05, 4.63488067908e-05, 3.98386000597e-05, 4.15416616306e-05, 4.06108993047e-05, 3.49102701875e-05, 2.40756471612e-05, 2.18106833927e-05, 2.43905615207e-05],
        "mean": [0.00430299015716, 0.00262597552501, 0.000860950443894, 0.000756093941163, 0.000352956267307, 0.000297036371194, 0.000353543262463, 0.000315967743518, 0.00037671008613, 0.00029654573882, 0.000169468185049, 0.00011479814566, 7.90847552707e-05, 6.38152196188e-05, 7.55756045692e-05, 4.07832230849e-05, 8.31728393678e-05, 5.13998093084e-05, 3.93832815462e-05, 3.23427339026e-05, 1.82188778126e-05, 2.20888014155e-05, 1.55324851221e-05, 9.33065621211e-06, 1.12103571155e-05, 1.74645902007e-05, 1.08994108814e-05, 4.4536373025e-06, 3.39598136634e-06, 3.45392390955e-06, 4.22587709181e-06, 5.39932261745e-06, 4.61009858554e-06, 3.13839314003e-06, 2.43714453063e-06, 1.98654765882e-06, 2.01789816856e-06, 1.30568491841e-06, 1.07974688035e-06, 1.01840669231e-06],
        "median": [0.000882675987668, 0.000623734726105, 0.000111006535008, 0.000171272200532, 0.000121062454127, 9.70805704128e-05, 7.7840180893e-05, 8.96393612493e-05, 0.000103794496681, 4.43894095952e-05, 3.15428369504e-05, 2.46823019552e-05, 2.40436093009e-05, 1.96577966562e-05, 1.55222605827e-05, 8.19467732072e-06, 1.23510753838e-05, 1.04222081063e-05, 7.09032383384e-06, 4.95600488648e-06, 4.03319108955e-06, 5.09970004714e-06, 3.82320467907e-06, 2.94297501569e-06, 2.49775121119e-06, 3.81942709282e-06, 3.76515481548e-06, 1.60146782946e-06, 8.80176003193e-07, 9.32443924739e-07, 1.46207207763e-06, 1.92628749573e-06, 1.91285153051e-06, 9.2642699201e-07, 5.53613631382e-07, 4.03204609256e-07, 4.95218671404e-07, 2.86668608851e-07, 1.36178783805e-07, 9.5288079649e-08],
        "min": [1.86711321959e-08, 7.91910448328e-09, 5.84691850491e-09, 1.50332510884e-08, 5.50244614317e-08, 1.83282892863e-07, 1.99432307113e-07, 1.01141921505e-07, 2.09814217556e-07, 9.1739536856e-08, 3.50350823908e-08, 3.76351110276e-08, 2.6475571957e-08, 4.11328997529e-08, 2.87601071847e-08, 1.95738572017e-08, 6.13010868733e-08, 5.32415178611e-08, 1.35542821411e-08, 9.87261739027e-09, 2.34467325555e-08, 3.56949740876e-08, 1.57537023426e-08, 1.49892844803e-08, 8.33391755606e-09, 1.27967583197e-08, 6.84787071492e-09, 3.01583935602e-09, 9.0914498152e-10, 1.37117750487e-09, 4.17354817372e-09, 1.1606319239e-09, 1.80174278275e-10, 4.46537473664e-10, 2.90360548105e-11, 4.98785769631e-11, 5.66733569796e-11, 2.46936396027e-13, 1.64493581516e-13, 5.57730707592e-14],
