{
"highlevel": {
    "danceability": {
        "all": {
            "danceable": 0.0327827483416,
            "not_danceable": 0.96721726656
        },
        "probability": 0.96721726656,
        "value": "not_danceable"
    },
    "gender": {
        "all": {
            "female": 0.24024964869,
            "male": 0.759750366211
        },
        "probability": 0.759750366211,
        "value": "male"
    },
    "genre_dortmund": {
        "all": {
            "alternative": 0.335428893566,
            "blues": 0.0347741879523,
            "electronic": 0.00921769160777,
            "folkcountry": 0.113027028739,
            "funksoulrnb": 0.00497971009463,
            "jazz": 0.0178115405142,
            "pop": 0.0497234500945,
            "raphiphop": 0.00154069450218,
            "rock": 0.433496803045
        },
        "probability": 0.433496803045,
        "value": "rock"
    },
    "genre_electronic": {
        "all": {
            "ambient": 0.318084090948,
            "dnb": 0.139998599887,
            "house": 0.239924222231,
            "techno": 0.019359299913,
            "trance": 0.282633781433
        },
        "probability": 0.318084090948,
        "value": "ambient"
    },
    "genre_rosamerica": {
        "all": {
            "cla": 0.00246639945544,
            "dan": 0.00569688295946,
            "hip": 0.000799952540547,
            "jaz": 0.00221201358363,
            "pop": 0.0275254715234,
            "rhy": 0.0057031516917,
            "roc": 0.955228090286,
            "spe": 0.000368018721929
        },
        "probability": 0.955228090286,
        "value": "roc"
    },
    "genre_tzanetakis": {
        "all": {
            "blu": 0.0626541376114,
            "cla": 0.0348133966327,
            "cou": 0.0783501937985,
            "dis": 0.104547761381,
            "hip": 0.15693578124,
            "jaz": 0.313987255096,
            "met": 0.044816005975,
            "pop": 0.0627349764109,
            "reg": 0.0627352520823,
            "roc": 0.0784252434969
        },
        "probability": 0.313987255096,
        "value": "jaz"
    },
    "ismir04_rhythm": {
        "all": {
            "ChaChaCha": 0.144435480237,
            "Jive": 0.371938586235,
            "Quickstep": 0.0285348966718,
            "Rumba-American": 0.0105895446613,
            "Rumba-International": 0.0194132328033,
            "Rumba-Misc": 0.010275233537,
            "Samba": 0.0350055731833,
            "Tango": 0.144957438111,
            "VienneseWaltz": 0.225141376257,
            "Waltz": 0.00970864482224
        },
        "probability": 0.371938586235,
        "value": "Jive"
    },
    "mood_acoustic": {
        "all": {
            "acoustic": 0.0602561868727,
            "not_acoustic": 0.939743816853
        },
        "probability": 0.939743816853,
        "value": "not_acoustic"
    },
    "mood_aggressive": {
        "all": {
            "aggressive": 0.830296397209,
            "not_aggressive": 0.16970358789
        },
        "probability": 0.830296397209,
        "value": "aggressive"
    },
    "mood_electronic": {
        "all": {
            "electronic": 0.0603454001248,
            "not_electronic": 0.939654588699
        },
        "probability": 0.939654588699,
        "value": "not_electronic"
    },
    "mood_happy": {
        "all": {
            "happy": 0.839066386223,
            "not_happy": 0.160933628678
        },
        "probability": 0.839066386223,
        "value": "happy"
    },
    "mood_party": {
        "all": {
            "not_party": 0.778603971004,
            "party": 0.221396028996
        },
        "probability": 0.778603971004,
        "value": "not_party"
    },
    "mood_relaxed": {
        "all": {
            "not_relaxed": 0.534717857838,
            "relaxed": 0.465282142162
        },
        "probability": 0.534717857838,
        "value": "not_relaxed"
    },
    "mood_sad": {
        "all": {
            "not_sad": 0.719413399696,
            "sad": 0.280586600304
        },
        "probability": 0.719413399696,
        "value": "not_sad"
    },
    "moods_mirex": {
        "all": {
            "Cluster1": 0.509319722652,
            "Cluster2": 0.178045123816,
            "Cluster3": 0.0908898487687,
            "Cluster4": 0.0328040868044,
            "Cluster5": 0.18894122541
        },
        "probability": 0.509319722652,
        "value": "Cluster1"
    },
    "timbre": {
        "all": {
            "bright": 0.993211746216,
            "dark": 0.00678823702037
        },
        "probability": 0.993211746216,
        "value": "bright"
    },
    "tonal_atonal": {
        "all": {
            "atonal": 0.000830647477414,
            "tonal": 0.99916934967
        },
        "probability": 0.99916934967,
        "value": "tonal"
    },
    "voice_instrumental": {
        "all": {
            "instrumental": 0.00666898209602,
            "voice": 0.99333101511
        },
        "probability": 0.99333101511,
        "value": "voice"
    }
},
"lowlevel": {
    "average_loudness": 0.987828195095,
    "barkbands_crest": {
        "dmean": 2.46519231796,
        "dmean2": 4.09973335266,
        "dvar": 5.50013589859,
        "dvar2": 16.0137214661,
        "max": 19.4422340393,
        "mean": 8.52129364014,
        "median": 8.01690387726,
        "min": 2.72578144073,
        "var": 8.66830825806
    },
    "barkbands_flatness_db": {
        "dmean": 0.0166161134839,
        "dmean2": 0.0278506558388,
        "dvar": 0.000281751999864,
        "dvar2": 0.000797069689725,
        "max": 0.262072890997,
        "mean": 0.130529224873,
        "median": 0.129065752029,
        "min": 0.0486769303679,
        "var": 0.000587247021031
    },
    "barkbands_kurtosis": {
        "dmean": 1.51806211472,
        "dmean2": 2.60121250153,
        "dvar": 7.12825775146,
        "dvar2": 20.34034729,
        "max": 39.2603302002,
        "mean": 1.27212440968,
        "median": 0.562572479248,
        "min": -1.87761461735,
        "var": 7.61270666122
    },
    "barkbands_skewness": {
        "dmean": 0.415982276201,
        "dmean2": 0.68102812767,
        "dvar": 0.225381344557,
        "dvar2": 0.615807116032,
        "max": 5.62150430679,
        "mean": 1.23569500446,
        "median": 1.19837498665,
        "min": -0.940114676952,
        "var": 0.469351679087
    },
    "barkbands_spread": {
        "dmean": 5.24864768982,
        "dmean2": 8.50995635986,
        "dvar": 35.744846344,
        "dvar2": 80.4938278198,
        "max": 89.5436706543,
        "mean": 27.7009830475,
        "median": 26.846496582,
        "min": 4.26494646072,
        "var": 95.7104187012
    },
    "dissonance": {
        "dmean": 0.0143114756793,
        "dmean2": 0.023600500077,
        "dvar": 0.000177166992216,
        "dvar2": 0.000480219197925,
        "max": 0.498771309853,
        "mean": 0.467677056789,
        "median": 0.471317142248,
        "min": 0.351589798927,
        "var": 0.000366357591702
    },
    "dynamic_complexity": 1.19932043552,
    "erbbands_crest": {
        "dmean": 2.14557027817,
        "dmean2": 3.43737101555,
        "dvar": 4.87294578552,
        "dvar2": 11.1706409454,
        "max": 24.1429042816,
        "mean": 7.48568820953,
        "median": 6.30290460587,
        "min": 2.38932728767,
        "var": 14.1064796448
    },
    "erbbands_flatness_db": {
        "dmean": 0.0126217352226,
        "dmean2": 0.0187611822039,
        "dvar": 0.000133840585477,
        "dvar2": 0.00027128084912,
        "max": 0.235454857349,
        "mean": 0.151375770569,
        "median": 0.151993200183,
        "min": 0.0735066756606,
        "var": 0.000673531903885
    },
    "erbbands_kurtosis": {
        "dmean": 0.447427153587,
        "dmean2": 0.684246778488,
        "dvar": 0.303712964058,
        "dvar2": 0.637182891369,
        "max": 5.77639293671,
        "mean": -0.498599201441,
        "median": -0.846050977707,
        "min": -1.62450551987,
        "var": 0.970644295216
    },
    "erbbands_skewness": {
        "dmean": 0.278199285269,
        "dmean2": 0.414883375168,
        "dvar": 0.0594610795379,
        "dvar2": 0.11817085743,
        "max": 1.90662944317,
        "mean": 0.0407730862498,
        "median": 0.00227263127454,
        "min": -2.3949804306,
        "var": 0.279064297676
    },
    "erbbands_spread": {
        "dmean": 6.67938947678,
        "dmean2": 10.256939888,
        "dvar": 43.4172210693,
        "dvar2": 101.912277222,
        "max": 107.566429138,
        "mean": 44.3069610596,
        "median": 45.7630729675,
        "min": 12.4136295319,
        "var": 192.394470215
    },
    "hfc": {
        "dmean": 6.06454944611,
        "dmean2": 8.80728626251,
        "dvar": 65.8934249878,
        "dvar2": 132.458648682,
        "max": 134.716827393,
        "mean": 28.7827854156,
        "median": 27.2215499878,
        "min": 2.60193228722,
        "var": 173.576461792
    },
    "melbands_crest": {
        "dmean": 3.11126947403,
        "dmean2": 5.18012332916,
        "dvar": 8.2536277771,
        "dvar2": 22.6098003387,
        "max": 28.0266513824,
        "mean": 13.5939540863,
        "median": 13.1953258514,
        "min": 4.30612707138,
        "var": 15.456788063
    },
    "melbands_flatness_db": {
        "dmean": 0.0210946016014,
        "dmean2": 0.0349387489259,
        "dvar": 0.000544078182429,
        "dvar2": 0.00147042365279,
        "max": 0.337099581957,
        "mean": 0.169250652194,
        "median": 0.166015177965,
        "min": 0.0433497913182,
        "var": 0.00126683118287
    },
    "melbands_kurtosis": {
        "dmean": 4.93419218063,
        "dmean2": 8.32882213593,
        "dvar": 83.4118881226,
        "dvar2": 237.869842529,
        "max": 119.632987976,
        "mean": 8.54705142975,
        "median": 6.62178897858,
        "min": -0.82138299942,
        "var": 88.0556716919
    },
    "melbands_skewness": {
        "dmean": 0.643503904343,
        "dmean2": 1.04010987282,
        "dvar": 0.582827925682,
        "dvar2": 1.5671235323,
        "max": 9.76284790039,
        "mean": 2.43053030968,
        "median": 2.41230416298,
        "min": 0.170775145292,
        "var": 1.27140378952
    },
    "melbands_spread": {
        "dmean": 6.75096607208,
        "dmean2": 10.8835201263,
        "dvar": 66.2390136719,
        "dvar2": 149.029525757,
        "max": 160.075012207,
        "mean": 27.3227081299,
        "median": 25.9674816132,
        "min": 2.40437984467,
        "var": 141.844055176
    },
    "pitch_salience": {
        "dmean": 0.0629582330585,
        "dmean2": 0.104741431773,
        "dvar": 0.00301761180162,
        "dvar2": 0.0083410795778,
        "max": 0.781875789165,
        "mean": 0.554105520248,
        "median": 0.549100220203,
        "min": 0.313892483711,
        "var": 0.00598187558353
    },
    "silence_rate_20dB": {
        "dmean": 0,
        "dmean2": 0,
        "dvar": 0,
        "dvar2": 0,
        "max": 1,
        "mean": 1,
        "median": 1,
        "min": 1,
        "var": 0
    },
    "silence_rate_30dB": {
        "dmean": 0,
        "dmean2": 0,
        "dvar": 0,
        "dvar2": 0,
        "max": 1,
        "mean": 1,
        "median": 1,
        "min": 1,
        "var": 0
    },
    "silence_rate_60dB": {
        "dmean": 0,
        "dmean2": 0,
        "dvar": 0,
        "dvar2": 0,
        "max": 0,
        "mean": 0,
        "median": 0,
        "min": 0,
        "var": 0
    },
    "spectral_centroid": {
        "dmean": 239.055587769,
        "dmean2": 384.525177002,
        "dvar": 56530.4023438,
        "dvar2": 132628.890625,
        "max": 4052.22045898,
        "mean": 1708.15161133,
        "median": 1710.73779297,
        "min": 534.997802734,
        "var": 168700.0625
    },
    "spectral_complexity": {
        "dmean": 4.67647075653,
        "dmean2": 7.09062719345,
        "dvar": 17.3844833374,
        "dvar2": 34.4960632324,
        "max": 55,
        "mean": 30.2946643829,
        "median": 30,
        "min": 4,
        "var": 61.9633827209
    },
    "spectral_decrease": {
        "dmean": 2.84214340951e-09,
        "dmean2": 4.68495864325e-09,
        "dvar": 1.55887596197e-17,
        "dvar2": 4.15228719459e-17,
        "max": -1.00397623548e-09,
        "mean": -9.03837271693e-09,
        "median": -8.19962675536e-09,
        "min": -3.01096960698e-08,
        "var": 1.83328552012e-17
    },
    "spectral_energy": {
        "dmean": 0.0110444463789,
        "dmean2": 0.018110524863,
        "dvar": 0.0002262199705,
        "dvar2": 0.000598067766987,
        "max": 0.116349615157,
        "mean": 0.0367235578597,
        "median": 0.033511005342,
        "min": 0.00477421563119,
        "var": 0.000278121849988
    },
    "spectral_energyband_high": {
        "dmean": 0.000434180634329,
        "dmean2": 0.000649086083286,
        "dvar": 9.56071289693e-07,
        "dvar2": 1.81500809049e-06,
        "max": 0.0167028456926,
        "mean": 0.00128181837499,
        "median": 0.00100638100412,
        "min": 7.9235775047e-05,
        "var": 1.61751518135e-06
    },
    "spectral_energyband_low": {
        "dmean": 0.00747921317816,
        "dmean2": 0.0130678322166,
        "dvar": 0.0001898506016,
        "dvar2": 0.000528712582309,
        "max": 0.100039668381,
        "mean": 0.0135510805994,
        "median": 0.00990920607001,
        "min": 0.000652630289551,
        "var": 0.000161419186043
    },
    "spectral_energyband_middle_high": {
        "dmean": 0.0021797248628,
        "dmean2": 0.00324244936928,
        "dvar": 6.42531131234e-06,
        "dvar2": 1.34272804644e-05,
        "max": 0.0367642529309,
        "mean": 0.00799851398915,
        "median": 0.00605799769983,
        "min": 0.000200949813006,
        "var": 3.37403616868e-05
    },
    "spectral_energyband_middle_low": {
        "dmean": 0.00550842471421,
        "dmean2": 0.00868961680681,
        "dvar": 4.68328835268e-05,
        "dvar2": 0.000109391032311,
        "max": 0.0717409998178,
        "mean": 0.0157462619245,
        "median": 0.0131612634286,
        "min": 0.00169553013984,
        "var": 9.17410143302e-05
    },
    "spectral_entropy": {
        "dmean": 0.0854433625937,
        "dmean2": 0.128335356712,
        "dvar": 0.00733327213675,
        "dvar2": 0.0147788636386,
        "max": 8.62670707703,
        "mean": 7.7469587326,
        "median": 7.72661304474,
        "min": 7.09999799728,
        "var": 0.0309304147959
    },
    "spectral_flux": {
        "dmean": 0.0289072822779,
        "dmean2": 0.0449035018682,
        "dvar": 0.00105837034062,
        "dvar2": 0.00216483930126,
        "max": 0.286449104548,
        "mean": 0.0975552350283,
        "median": 0.0863331332803,
        "min": 0.0294138006866,
        "var": 0.00189880258404
    },
    "spectral_kurtosis": {
        "dmean": 0.98514854908,
        "dmean2": 1.7186191082,
        "dvar": 0.724593341351,
        "dvar2": 2.18534398079,
        "max": 7.1376285553,
        "mean": 2.62654805183,
        "median": 2.47530698776,
        "min": -0.289867639542,
        "var": 1.28279662132
    },
    "spectral_rms": {
        "dmean": 0.000846993236337,
        "dmean2": 0.00136622204445,
        "dvar": 1.04868718154e-06,
        "dvar2": 2.69875090453e-06,
        "max": 0.0106541924179,
        "mean": 0.00585050694644,
        "median": 0.00571783725172,
        "min": 0.00215818709694,
        "var": 1.59942590017e-06
    },
    "spectral_rolloff": {
        "dmean": 528.030639648,
        "dmean2": 877.823852539,
        "dvar": 474644.59375,
        "dvar2": 1013060.4375,
        "max": 8979.34570312,
        "mean": 1603.23400879,
        "median": 1442.72460938,
        "min": 129.19921875,
        "var": 1043736.375
    },
    "spectral_skewness": {
        "dmean": 0.15300808847,
        "dmean2": 0.253983110189,
        "dvar": 0.0164823271334,
        "dvar2": 0.0423585772514,
        "max": 1.93987965584,
        "mean": 0.996518671513,
        "median": 0.989909470081,
        "min": 0.247655719519,
        "var": 0.0563456527889
    },
    "spectral_spread": {
        "dmean": 304840.3125,
        "dmean2": 451933.34375,
        "dvar": 126316994560,
        "dvar2": 216902516736,
        "max": 8481030,
        "mean": 3952400.5,
        "median": 3788471.25,
        "min": 2805215.25,
        "var": 518520406016
    },
    "spectral_strongpeak": {
        "dmean": 0.603473782539,
        "dmean2": 1.01859045029,
        "dvar": 0.821029424667,
        "dvar2": 1.96896374226,
        "max": 7.73349189758,
        "mean": 1.04692316055,
        "median": 0.51939946413,
        "min": 0.0480703227222,
        "var": 1.53997349739
    },
    "zerocrossingrate": {
        "dmean": 0.00767153315246,
        "dmean2": 0.00977583695203,
        "dvar": 9.46206782828e-05,
        "dvar2": 0.000120588782011,
        "max": 0.23779296875,
        "mean": 0.0618757717311,
        "median": 0.06005859375,
        "min": 0.01953125,
        "var": 0.000386312312912
    },
    "barkbands": {
        "dmean": [0.000132079207106, 0.00496133603156, 0.00269490317442, 0.00281692761928, 0.00163223035634, 0.00145646592136, 0.000771974329837, 0.00100729335099, 0.00118606234901, 0.000772890169173, 0.000530756544322, 0.000695806695148, 0.000279317988316, 0.000308301910991, 0.000302119762637, 0.00036423781421, 0.0003474560217, 0.000350180227542, 0.000242863417952, 0.000221688431338, 0.000172997257323, 0.000131112959934, 5.58165884286e-05, 6.54720060993e-05, 3.21722473018e-05, 7.96422409621e-06, 7.27045978977e-09],
        "dmean2": [0.000229451179621, 0.00898694712669, 0.00475173955783, 0.0045021334663, 0.0027509580832, 0.002274005441, 0.00120937440079, 0.00160484935623, 0.00174536218401, 0.00117708626203, 0.000794363615569, 0.000987885287032, 0.000449127197498, 0.000482896575704, 0.000476960325614, 0.000576928432565, 0.00055783445714, 0.000578141829465, 0.000405337632401, 0.000366517691873, 0.000279837695416, 0.00020138110267, 8.37210973259e-05, 9.31631366257e-05, 4.66008787043e-05, 1.16892715596e-05, 1.28891235462e-08],
        "dvar": [1.23932906604e-07, 0.000112707712105, 2.38434131461e-05, 2.6843368687e-05, 5.23995367985e-06, 5.38318136023e-06, 1.92215361494e-06, 4.43430144514e-06, 3.96218774767e-06, 3.09057622871e-06, 1.82608926025e-06, 1.81184657322e-06, 3.67260156509e-07, 5.05226523728e-07, 2.6100687478e-07, 2.99083552591e-07, 2.015484597e-07, 1.59047701231e-07, 6.74690170399e-08, 5.54513981399e-08, 5.18704652563e-08, 1.35778137178e-07, 3.41147732286e-08, 7.57686748898e-08, 1.2749807432e-08, 4.09564299142e-10, 3.01614901166e-15],
        "dvar2": [3.40182708669e-07, 0.000318566337228, 6.97862706147e-05, 6.57428463455e-05, 1.43047036545e-05, 1.35804148158e-05, 4.69935730507e-06, 9.9574926935e-06, 7.85814245319e-06, 6.47125716569e-06, 3.74212481802e-06, 3.37172991749e-06, 8.94584218258e-07, 1.1459109146e-06, 6.28211410003e-07, 6.94853099503e-07, 4.78594813558e-07, 4.08404730479e-07, 1.70363080088e-07, 1.44982976735e-07, 1.15675518941e-07, 3.04181128286e-07, 6.63163888248e-08, 1.48894955032e-07, 2.45838229773e-08, 8.74343375479e-10, 7.80624463047e-15],
        "max": [0.00331136607565, 0.0678014308214, 0.0486385971308, 0.0460758134723, 0.0270064398646, 0.0237299762666, 0.0242894571275, 0.0326259881258, 0.0269800219685, 0.0289308298379, 0.0312993489206, 0.0228530950844, 0.0130628505722, 0.0142454793677, 0.00545843364671, 0.00614716811106, 0.00677634961903, 0.00430826144293, 0.00345695018768, 0.00330946734175, 0.0038037695922, 0.00742775481194, 0.00345948315226, 0.00616436544806, 0.00215121684596, 0.000268705829512, 1.40718509556e-06],
        "mean": [0.000125350983581, 0.00590230803937, 0.00581878609955, 0.0036138035357, 0.00308613060042, 0.0030656142626, 0.00149038794916, 0.00182680576108, 0.00230018422008, 0.00144384789746, 0.000880672247149, 0.00138890859671, 0.000416153168771, 0.000518154294696, 0.000519876019098, 0.000604316650424, 0.000705863814801, 0.000779170368332, 0.000637745542917, 0.000598482845817, 0.000454829802038, 0.00027428031899, 0.000104204882518, 0.000105011487904, 5.00260393892e-05, 1.26548211483e-05, 4.95266849754e-09],
        "median": [1.31453798531e-05, 0.00324091617949, 0.00447497237474, 0.00110440421849, 0.00244340882637, 0.00188400375191, 0.000919654034078, 0.00113783101551, 0.00114007934462, 0.000364965555491, 0.000275680533377, 0.000578303064685, 0.000169077611645, 0.000171046267496, 0.000211383012356, 0.0003755390062, 0.000543438189197, 0.000618198071606, 0.000558023108169, 0.000552328128833, 0.000390337954741, 0.000179447626579, 4.71248640679e-05, 4.03034791816e-05, 1.90087703231e-05, 4.19978778154e-06, 6.56248777542e-10],
        "min": [6.62627002157e-08, 2.15348645725e-05, 1.22735509649e-05, 1.16293604151e-05, 0.000186160861631, 4.07933875977e-05, 2.15125764953e-05, 1.84590644494e-05, 3.38935751643e-05, 6.23570213065e-06, 4.02434761781e-06, 1.29837217173e-05, 7.72960720496e-06, 8.45163503982e-06, 9.97403731162e-06, 8.84984092409e-06, 1.67304042407e-05, 2.70879627351e-05, 3.46441884176e-05, 3.95607967221e-05, 2.91743890557e-05, 1.27242601593e-05, 1.93141818272e-06, 2.12990198634e-06, 5.72715237013e-07, 3.41461880993e-09, 8.32439325804e-12],
        "var": [1.02631261711e-07, 9.09575683181e-05, 2.42172354774e-05, 3.66234489775e-05, 6.8429244493e-06, 1.22785932035e-05, 3.3612959669e-06, 6.87568035573e-06, 1.06695270006e-05, 1.09332522698e-05, 4.76065315524e-06, 6.44964575258e-06, 5.71418922846e-07, 1.29215743527e-06, 5.98327801526e-07, 4.39232223926e-07, 4.21512908133e-07, 3.63238996215e-07, 1.52278630594e-07, 1.0855763577e-07, 9.82037420272e-08, 1.65636208749e-07, 4.97300263191e-08, 1.05875592737e-07, 1.82047728003e-08, 6.8176758683e-10, 2.01704336894e-15]
    },
    "erbbands": {
        "dmean": [0.103534176946, 1.26396346092, 3.11656785011, 5.87274694443, 7.68130493164, 4.84998369217, 8.89334106445, 13.1371469498, 9.5439081192, 15.451956749, 23.0626850128, 22.4638118744, 27.9439239502, 26.3523826599, 24.1797084808, 22.0032806396, 10.023015976, 17.7227859497, 14.6907739639, 14.2414617538, 20.5219478607, 17.0874118805, 19.0923633575, 12.8799352646, 11.2527484894, 10.7620563507, 7.68777513504, 6.36851263046, 5.41318845749, 2.51983237267, 1.46741700172, 1.32406961918, 1.07349312305, 0.498922854662, 0.174373477697, 0.0496141240001, 0.013487434946, 0.000994969508611, 2.36189462157e-05, 1.3150203813e-05],
        "dmean2": [0.184910386801, 2.2754919529, 5.48613977432, 9.73097801208, 12.7473649979, 8.1470041275, 13.9946727753, 20.5472183228, 15.2034549713, 24.3978919983, 36.3327407837, 32.7755813599, 41.5773277283, 39.2558059692, 34.9422607422, 32.2775764465, 15.5437936783, 27.498884201, 23.1199932098, 22.3781776428, 32.6150131226, 27.164516449, 32.0140609741, 20.9551696777, 18.442150116, 17.7520465851, 12.680519104, 9.93512058258, 8.30540275574, 3.74920773506, 2.20978784561, 1.92797112465, 1.53889763355, 0.733010232449, 0.24746760726, 0.073693305254, 0.0198294427246, 0.00152467365842, 3.51281705662e-05, 2.10583093576e-05],
        "dvar": [0.0438438020647, 7.76073312759, 36.6309814453, 100.490463257, 180.917709351, 50.6780815125, 214.27154541, 604.59576416, 210.778442383, 971.706298828, 2126.18115234, 1487.77124023, 3497.49804688, 3531.93994141, 2692.96289062, 1738.6517334, 337.326660156, 1663.14355469, 734.420715332, 521.743347168, 951.147827148, 457.511962891, 512.684020996, 188.698608398, 142.183624268, 134.021102905, 80.6550827026, 114.572921753, 236.600601196, 55.7912330627, 26.3823490143, 28.4731216431, 19.6826496124, 3.27926373482, 0.325606495142, 0.0195735320449, 0.00111173500773, 7.64390460972e-06, 2.99608382548e-09, 2.851342773e-10],
        "dvar2": [0.123962365091, 21.7476177216, 104.967124939, 268.554443359, 446.937072754, 143.820037842, 503.798278809, 1569.44567871, 499.820983887, 2412.75854492, 4462.90429688, 2822.16845703, 7705.48779297, 7348.94677734, 5504.36181641, 3385.27807617, 761.517883301, 3912.24487305, 1753.65478516, 1206.07580566, 2276.85791016, 1089.35644531, 1386.3359375, 457.086456299, 369.543029785, 347.881622314, 194.642593384, 250.019073486, 542.222290039, 114.476959229, 47.461315155, 51.0611381531, 40.8281669617, 6.42948722839, 0.638899683952, 0.0410425364971, 0.00247290567495, 1.82058101927e-05, 6.53964438158e-09, 7.14418191272e-10],
        "max": [1.37947320938, 18.7819480896, 51.9936065674, 79.5503921509, 142.223083496, 90.5421905518, 200.693878174, 284.26574707, 208.902297974, 455.970275879, 791.691711426, 690.082275391, 888.697814941, 1100.09594727, 849.884460449, 788.848510742, 316.754821777, 761.692504883, 361.952301025, 322.864013672, 364.918762207, 392.397918701, 287.782043457, 285.567077637, 140.70085144, 169.530456543, 129.673492432, 207.768966675, 331.905792236, 134.928085327, 108.946380615, 110.843582153, 96.1656570435, 36.4254646301, 10.9253339767, 2.27175307274, 0.505082190037, 0.0507458373904, 0.000925325555727, 0.000143932425999],
        "mean": [0.120842076838, 1.53469514847, 6.45425653458, 9.36936378479, 11.1607275009, 9.17615604401, 19.414981842, 24.9977302551, 19.5770969391, 28.8540039062, 43.7521438599, 45.2183494568, 51.9420623779, 53.6762542725, 48.284236908, 44.7365722656, 18.1328372955, 31.6510715485, 25.6527881622, 25.7642326355, 37.4289665222, 38.2901000977, 44.1802101135, 35.1970710754, 30.7056846619, 29.0954990387, 20.788848877, 15.6111936569, 11.0262174606, 5.11729574203, 2.7176015377, 2.21924352646, 1.60892903805, 0.760927200317, 0.260935306549, 0.0750866532326, 0.0213914886117, 0.00162857375108, 5.58670180908e-05, 4.67168974865e-05],
        "median": [0.0266363285482, 0.936636388302, 5.71350097656, 5.07227468491, 5.93329334259, 6.96458292007, 11.564043045, 14.4278993607, 12.4181756973, 17.4357719421, 26.6117591858, 22.3093109131, 25.8850955963, 15.7088336945, 19.249414444, 20.3436775208, 9.09621143341, 9.07661724091, 11.1027841568, 14.0845251083, 24.7139282227, 31.6330127716, 36.1937713623, 30.7636871338, 27.6835365295, 26.5542469025, 18.7356719971, 12.219420433, 7.27463769913, 2.71373009682, 1.16376209259, 0.835023164749, 0.637165546417, 0.298558324575, 0.0880125239491, 0.026614876464, 0.00619297567755, 0.000350431655534, 3.17228477797e-05, 4.29304382124e-05],
        "min": [0.00165864883456, 0.0191300138831, 0.163705661893, 0.160409882665, 0.169993758202, 0.641178846359, 0.570583164692, 0.247886911035, 0.648113787174, 0.592475831509, 0.528969526291, 0.558190226555, 0.315579533577, 0.197265088558, 0.252105623484, 0.640668690205, 0.386353552341, 0.489855229855, 0.50063765049, 0.490680456161, 0.720091700554, 0.985961198807, 1.04650330544, 2.314712286, 1.26641345024, 2.09792733192, 0.984560191631, 0.989028036594, 0.442967236042, 0.232954084873, 0.0511375591159, 0.0521182045341, 0.0236708503217, 0.0104110790417, 0.00198193127289, 0.000522318121511, 3.94500566472e-05, 6.9175630415e-06, 4.54565815744e-06, 8.79385152075e-06],
        "var": [0.0487291365862, 5.66823196411, 29.386220932, 123.658096313, 218.465194702, 67.2546310425, 559.180786133, 1124.5736084, 550.146728516, 1526.67834473, 3839.9609375, 4526.42626953, 6774.21875, 13867.2988281, 8018.92333984, 5176.47753906, 609.493591309, 4387.47998047, 1468.04736328, 1056.12011719, 1492.59033203, 921.626831055, 1040.76574707, 571.934387207, 306.418914795, 261.866241455, 152.835357666, 185.238143921, 274.817443848, 77.2733154297, 40.6534843445, 45.2295227051, 25.4338359833, 4.52653551102, 0.487518757582, 0.0276924483478, 0.00203555566259, 1.6974614482e-05, 6.4314211734e-09, 4.18728857143e-10]
    },
    "gfcc": {
        "mean": [42.8915138245, 103.0415802, -134.560302734, 53.4079055786, -65.2157440186, 6.50463724136, -29.6727695465, 13.2947492599, -26.0921993256, -1.79094827175, -17.76080513, -3.48777627945, -8.111536026],
        "cov": [[655.284179688, -283.939544678, 36.5954246521, -71.790435791, -2.31611633301, 150.199661255, -100.258880615, 16.5444412231, -46.5454864502, 34.0193824768, -50.7134552002, 18.4023227692, -37.5669403076], [-283.939544678, 455.583007812, -156.119781494, -6.76701879501, 58.7505302429, -113.178100586, 140.107894897, -36.4651985168, 73.2830657959, -33.3936195374, 65.1288604736, -42.7629776001, 75.185798645], [36.5954246521, -156.119781494, 314.18270874, 53.3632621765, 41.7240638733, 33.4690628052, -52.194103241, 53.6354980469, -12.6645555496, 29.604888916, -44.7901268005, 46.5421104431, -43.2678565979], [-71.790435791, -6.76701879501, 53.3632621765, 170.153991699, 9.71211242676, -55.0719985962, -40.7555809021, -3.9957075119, 39.5611038208, -14.6491012573, 15.7356176376, 5.42362165451, 19.7015628815], [-2.31611633301, 58.7505302429, 41.7240638733, 9.71211242676, 144.949417114, 19.2062740326, 24.1030502319, 6.54533004761, 18.276927948, 25.2092399597, -8.60665607452, 20.1970996857, 12.4079866409], [150.199661255, -113.178100586, 33.4690628052, -55.0719985962, 19.2062740326, 188.784988403, 26.0864849091, 2.72969818115, -42.6648788452, 16.2272472382, -4.05846881866, -0.654918789864, -11.2616205215], [-100.258880615, 140.107894897, -52.194103241, -40.7555809021, 24.1030502319, 26.0864849091, 143.443557739, 19.7996559143, 7.90803623199, -11.1832017899, 11.9905643463, -7.67220973969, 18.5562801361], [16.5444412231, -36.4651985168, 53.6354980469, -3.9957075119, 6.54533004761, 2.72969818115, 19.7996559143, 79.2046203613, 21.0812587738, 13.6225385666, -14.1006603241, 12.4467563629, 2.83457827568], [-46.5454864502, 73.2830657959, -12.6645555496, 39.5611038208, 18.276927948, -42.6648788452, 7.90803623199, 21.0812587738, 85.7795028687, 16.1296234131, 8.69717216492, -8.70903682709, 27.2421970367], [34.0193824768, -33.3936195374, 29.604888916, -14.6491012573, 25.2092399597, 16.2272472382, -11.1832017899, 13.6225385666, 16.1296234131, 69.3395996094, 7.23107433319, 14.4478979111, -6.14601135254], [-50.7134552002, 65.1288604736, -44.7901268005, 15.7356176376, -8.60665607452, -4.05846881866, 11.9905643463, -14.1006603241, 8.69717216492, 7.23107433319, 75.1811447144, 9.5419626236, 23.297870636], [18.4023227692, -42.7629776001, 46.5421104431, 5.42362165451, 20.1970996857, -0.654918789864, -7.67220973969, 12.4467563629, -8.70903682709, 14.4478979111, 9.5419626236, 62.3075180054, 13.0439891815], [-37.5669403076, 75.185798645, -43.2678565979, 19.7015628815, 12.4079866409, -11.2616205215, 18.5562801361, 2.83457827568, 27.2421970367, -6.14601135254, 23.297870636, 13.0439891815, 72.7176895142]],
        "icov": [[0.00279854587279, 0.000346028624335, 0.00108641886618, 0.000657161639538, -0.000265867187409, -0.00238871295005, 0.00261362921447, -0.00114897557069, -0.000468478508992, 5.42392808711e-05, 0.00133161700796, -0.00125031394418, 0.000587380898651], [0.000346028624335, 0.0167608037591, -0.00325793027878, 0.00706385262311, -0.00803562626243, 0.0121920220554, -0.0137688219547, 0.0107215782627, -0.00656239129603, 0.00549098476768, -0.0120910676196, 0.0139441099018, -0.0103532169014], [0.00108641886618, -0.00325793027878, 0.00775344762951, -0.00432179728523, 0.000440942676505, -0.00500887585804, 0.00529274530709, -0.00657893251628, 0.00207718741149, -0.00209730188362, 0.00574591709301, -0.00763284275308, 0.0063417609781], [0.000657161639538, 0.00706385262311, -0.00432179728523, 0.0131160123274, -0.00427295919508, 0.00624955119565, -0.00276147364639, 0.00603186897933, -0.00742065347731, 0.00684355013072, -0.00832717400044, 0.00656922766939, -0.00607471168041], [-0.000265867187409, -0.00803562626243, 0.000440942676505, -0.00427295919508, 0.0130548607558, -0.00663544377312, 0.00377050228417, -0.00237601064146, 0.00109361752402, -0.00585239194334, 0.00856362748891, -0.00928748212755, 0.00348426913843], [-0.00238871295005, 0.0121920220554, -0.00500887585804, 0.00624955119565, -0.00663544377312, 0.0187479648739, -0.0140100354329, 0.00902885105461, -3.10722643917e-05, 0.00174373725895, -0.011152997613, 0.0145087875426, -0.0101248333231], [0.00261362921447, -0.0137688219547, 0.00529274530709, -0.00276147364639, 0.00377050228417, -0.0140100354329, 0.0245053507388, -0.0143643422052, 0.00398991024122, -0.000683369755279, 0.00891118589789, -0.0118878148496, 0.00870221015066], [-0.00114897557069, 0.0107215782627, -0.00657893251628, 0.00603186897933, -0.00237601064146, 0.00902885105461, -0.0143643422052, 0.0268998034298, -0.0103564150631, 0.00179468339775, -0.00489431712776, 0.00644657947123, -0.00836395658553], [-0.000468478508992, -0.00656239129603, 0.00207718741149, -0.00742065347731, 0.00109361752402, -3.10722643917e-05, 0.00398991024122, -0.0103564150631, 0.0255697965622, -0.0104299010709, 0.00443620653823, 0.00296535063535, -0.00343027897179], [5.42392808711e-05, 0.00549098476768, -0.00209730188362, 0.00684355013072, -0.00585239194334, 0.00174373725895, -0.000683369755279, 0.00179468339775, -0.0104299010709, 0.0240916386247, -0.0091215679422, 0.00024672690779, 0.00144342030399], [0.00133161700796, -0.0120910676196, 0.00574591709301, -0.00832717400044, 0.00856362748891, -0.011152997613, 0.00891118589789, -0.00489431712776, 0.00443620653823, -0.0091215679422, 0.0287638157606, -0.0157451052219, 0.00476857740432], [-0.00125031394418, 0.0139441099018, -0.00763284275308, 0.00656922766939, -0.00928748212755, 0.0145087875426, -0.0118878148496, 0.00644657947123, 0.00296535063535, 0.00024672690779, -0.0157451052219, 0.0379895344377, -0.0176308192313], [0.000587380898651, -0.0103532169014, 0.0063417609781, -0.00607471168041, 0.00348426913843, -0.0101248333231, 0.00870221015066, -0.00836395658553, -0.00343027897179, 0.00144342030399, 0.00476857740432, -0.0176308192313, 0.0291638486087]]
    },
    "melbands": {
        "dmean": [0.00117955403402, 0.00160330277868, 0.00111110333819, 0.000395323062548, 0.000277196348179, 0.000283871951979, 0.000149660074385, 0.000176724061021, 0.000177142283064, 0.000161965639563, 0.00014248106163, 0.000109694527055, 8.14664163045e-05, 8.61261069076e-05, 2.83157842205e-05, 2.97474325635e-05, 3.35033837473e-05, 2.38384564e-05, 2.08072251553e-05, 2.25275907724e-05, 2.66432180069e-05, 1.84885811905e-05, 2.18065579247e-05, 1.73205044121e-05, 1.11682375064e-05, 1.03339707493e-05, 8.68469578563e-06, 7.80767913966e-06, 5.40378459846e-06, 5.15379997523e-06, 3.92872243538e-06, 3.60615126738e-06, 2.1979669782e-06, 1.34364609039e-06, 9.53932840275e-07, 7.29135479105e-07, 9.14440647648e-07, 8.51470758789e-07, 5.9464377955e-07, 3.89358604025e-07],
        "dmean2": [0.00213220901787, 0.00280220713466, 0.00182577793021, 0.000664741790388, 0.000438587885583, 0.000442877935711, 0.000237019921769, 0.000281683460344, 0.00027507278719, 0.000239740911638, 0.000211335238419, 0.000163647186127, 0.000118914882478, 0.000124517930089, 4.27451413998e-05, 4.71785569971e-05, 5.21721813129e-05, 3.74796909455e-05, 3.2782805647e-05, 3.60580197594e-05, 4.24030731665e-05, 2.96005218843e-05, 3.65127161785e-05, 2.89431391138e-05, 1.83149622899e-05, 1.72255022335e-05, 1.44357109093e-05, 1.29453273985e-05, 9.08172114578e-06, 8.55052894622e-06, 6.16851366431e-06, 5.68741234019e-06, 3.36412790602e-06, 2.05602577807e-06, 1.47818434471e-06, 1.0701832025e-06, 1.33251103307e-06, 1.24343398511e-06, 8.94238837645e-07, 5.79309755722e-07],
        "dvar": [5.91525031268e-06, 1.07461637526e-05, 3.56390432898e-06, 3.6279499227e-07, 1.8664486845e-07, 2.51329680623e-07, 5.32043138435e-08, 1.22794787671e-07, 1.12479881409e-07, 7.97781325446e-08, 8.66794067633e-08, 6.54640075481e-08, 3.71393582554e-08, 2.8859281187e-08, 4.17172429934e-09, 3.9738270452e-09, 6.73452316136e-09, 1.99360972175e-09, 1.24589993877e-09, 1.41461375947e-09, 1.66958302739e-09, 6.80528966512e-10, 6.24421403472e-10, 4.78631578815e-10, 1.45389353334e-10, 1.31993138641e-10, 9.83062242721e-11, 6.39124586588e-11, 3.63371520373e-11, 4.48251678831e-11, 5.39487933493e-11, 1.0537570122e-10, 3.0376697685e-11, 1.65509637245e-11, 1.00518534468e-11, 8.17743962822e-12, 1.31246125079e-11, 1.30149372182e-11, 5.5791118253e-12, 1.59429208117e-12],
        "dvar2": [1.69576687767e-05, 3.02280150208e-05, 9.01964813238e-06, 9.42067345022e-07, 4.51310654626e-07, 6.46013290861e-07, 1.26899635688e-07, 3.02100460203e-07, 2.25445489832e-07, 1.56197060619e-07, 1.89569348663e-07, 1.3576853064e-07, 7.59573168807e-08, 5.59185977522e-08, 8.75542749412e-09, 9.7228873841e-09, 1.53119099622e-08, 4.64850336002e-09, 2.87100965224e-09, 3.3770086727e-09, 4.07878797404e-09, 1.56194812639e-09, 1.66402625013e-09, 1.23682875053e-09, 3.57675250529e-10, 3.51896012329e-10, 2.70081373932e-10, 1.67338365387e-10, 9.28991536475e-11, 1.02649173883e-10, 1.26162136294e-10, 2.53729925959e-10, 6.02366490021e-11, 3.72578877472e-11, 1.92202000843e-11, 1.34198268817e-11, 2.57435513878e-11, 2.81040676842e-11, 1.16169088238e-11, 3.15533319958e-12],
        "max": [0.0146021749824, 0.0265980456024, 0.0159243885428, 0.00713506434113, 0.00546121876687, 0.00558890216053, 0.00308821140788, 0.00427885260433, 0.00550680793822, 0.00485896226019, 0.00450352439657, 0.00483395531774, 0.00433040130883, 0.00283439783379, 0.00109448179137, 0.00143882166594, 0.0017449054867, 0.000731245905627, 0.000461642484879, 0.000594625191297, 0.000527049414814, 0.000544786686078, 0.000238249864196, 0.000251592980931, 0.000244340655627, 0.000168364233105, 0.000143172728713, 9.87838429864e-05, 6.30305585219e-05, 0.000108392647235, 0.000140952135553, 0.000229826109717, 8.64890098455e-05, 7.4591509474e-05, 5.77267746849e-05, 7.84391959314e-05, 7.78548419476e-05, 7.6346557762e-05, 4.85050913994e-05, 2.37702770391e-05],
        "mean": [0.00134793634061, 0.0029648214113, 0.00178446073551, 0.000685339269694, 0.000618036137894, 0.000558907689992, 0.000310669187456, 0.000326928799041, 0.000334692565957, 0.000313939381158, 0.000258174026385, 0.000216454514884, 0.000151558517246, 0.000170797749888, 5.14005405421e-05, 4.77326611872e-05, 5.79307197768e-05, 3.78261574951e-05, 3.67044194718e-05, 3.60030971933e-05, 4.55281151517e-05, 3.66802669305e-05, 4.59526308987e-05, 3.59772529919e-05, 2.73971963907e-05, 2.41519701376e-05, 2.0938081434e-05, 1.87009864021e-05, 1.29088293761e-05, 1.15920702228e-05, 8.31900433695e-06, 6.8016743171e-06, 4.0957515921e-06, 2.41864427153e-06, 1.65244625805e-06, 1.19072217331e-06, 1.42599435549e-06, 1.20791230529e-06, 8.63023217335e-07, 5.68548330193e-07],
        "median": [0.000555851729587, 0.00246412004344, 0.00101753184572, 0.000493544503115, 0.000392885529436, 0.000329344999045, 0.000204890442546, 0.000210121696, 0.000200194379431, 0.000146051650518, 0.000122220633784, 5.35187937203e-05, 5.43893038412e-05, 7.05221609678e-05, 2.1005374947e-05, 1.74364722625e-05, 1.54041845235e-05, 1.58827479027e-05, 1.54806402861e-05, 2.00467311515e-05, 2.86446174869e-05, 2.79960804619e-05, 3.80187484552e-05, 2.66635088337e-05, 2.28815733863e-05, 2.12141276279e-05, 1.83560259757e-05, 1.69316190295e-05, 1.14606509669e-05, 9.74110025709e-06, 6.11013683738e-06, 4.44453598902e-06, 2.31148533203e-06, 1.23273719055e-06, 7.08321294951e-07, 4.05194043651e-07, 5.21570541423e-07, 4.59734025071e-07, 3.169534466e-07, 2.13189366605e-07],
        "min": [5.88460125073e-06, 6.9062851253e-05, 3.5178847611e-05, 1.09736020022e-05, 1.59580195032e-05, 4.97349947182e-06, 5.56019222131e-06, 7.23986204321e-06, 2.83407030111e-06, 4.02342493544e-06, 1.5339193169e-06, 7.23812206616e-07, 5.37312644155e-07, 1.35545428748e-06, 9.94962192635e-07, 8.09487175957e-07, 8.87467365374e-07, 8.4179237092e-07, 7.37576044685e-07, 4.8971543265e-07, 8.09955565728e-07, 1.07046787434e-06, 4.09896671272e-07, 1.01398757124e-06, 1.72758518602e-06, 7.26986854716e-07, 1.18402601856e-06, 1.28093586227e-06, 5.40877181265e-07, 6.17552473159e-07, 4.0618445496e-07, 2.14610821558e-07, 1.64042305073e-07, 9.7907339125e-08, 2.35057928677e-08, 3.96081656362e-09, 2.48383447143e-09, 1.5485886351e-08, 9.84791181935e-09, 6.30525009981e-09],
