{
"highlevel": {
    "danceability": {
        "all": {
            "danceable": 0.875583589077,
            "not_danceable": 0.124416425824
        },
        "probability": 0.875583589077,
        "value": "danceable"
    },
    "gender": {
        "all": {
            "female": 0.825204908848,
            "male": 0.17479506135
        },
        "probability": 0.825204908848,
        "value": "female"
    },
    "genre_dortmund": {
        "all": {
            "alternative": 0.0902764052153,
            "blues": 0.154504090548,
            "electronic": 0.111100807786,
            "folkcountry": 0.0272082202137,
            "funksoulrnb": 0.0394949056208,
            "jazz": 0.11812196672,
            "pop": 0.0321675799787,
            "raphiphop": 0.120286487043,
            "rock": 0.3068395257
        },
        "probability": 0.3068395257,
        "value": "rock"
    },
    "genre_electronic": {
        "all": {
            "ambient": 0.504008710384,
            "dnb": 0.101150356233,
            "house": 0.277274608612,
            "techno": 0.0252654440701,
            "trance": 0.0923008695245
        },
        "probability": 0.504008710384,
        "value": "ambient"
    },
    "genre_rosamerica": {
        "all": {
            "cla": 0.0192979965359,
            "dan": 0.106849290431,
            "hip": 0.0895947962999,
            "jaz": 0.0187097787857,
            "pop": 0.555965900421,
            "rhy": 0.0870280191302,
            "roc": 0.105312623084,
            "spe": 0.0172416009009
        },
        "probability": 0.555965900421,
        "value": "pop"
    },
    "genre_tzanetakis": {
        "all": {
            "blu": 0.0622582100332,
            "cla": 0.0466684661806,
            "cou": 0.0746714919806,
            "dis": 0.074705325067,
            "hip": 0.186866149306,
            "jaz": 0.187099412084,
            "met": 0.0748249068856,
            "pop": 0.124669194221,
            "reg": 0.0747784823179,
            "roc": 0.0934583544731
        },
        "probability": 0.187099412084,
        "value": "jaz"
    },
    "ismir04_rhythm": {
        "all": {
            "ChaChaCha": 0.869970142841,
            "Jive": 0.00782249122858,
            "Quickstep": 0.0225556511432,
            "Rumba-American": 0.0063904337585,
            "Rumba-International": 0.00499912630767,
            "Rumba-Misc": 0.00210425211117,
            "Samba": 0.0267082881182,
            "Tango": 0.0431358031929,
            "VienneseWaltz": 0.0152731835842,
            "Waltz": 0.00104063586332
        },
        "probability": 0.869970142841,
        "value": "ChaChaCha"
    },
    "mood_acoustic": {
        "all": {
            "acoustic": 0.0579309314489,
            "not_acoustic": 0.94206905365
        },
        "probability": 0.94206905365,
        "value": "not_acoustic"
    },
    "mood_aggressive": {
        "all": {
            "aggressive": 0.521022856236,
            "not_aggressive": 0.478977113962
        },
        "probability": 0.521022856236,
        "value": "aggressive"
    },
    "mood_electronic": {
        "all": {
            "electronic": 0.561057031155,
            "not_electronic": 0.438942968845
        },
        "probability": 0.561057031155,
        "value": "electronic"
    },
    "mood_happy": {
        "all": {
            "happy": 0.447745293379,
            "not_happy": 0.552254676819
        },
        "probability": 0.552254676819,
        "value": "not_happy"
    },
    "mood_party": {
        "all": {
            "not_party": 0.221570611,
            "party": 0.778429389
        },
        "probability": 0.778429389,
        "value": "party"
    },
    "mood_relaxed": {
        "all": {
            "not_relaxed": 0.534299314022,
            "relaxed": 0.46570071578
        },
        "probability": 0.534299314022,
        "value": "not_relaxed"
    },
    "mood_sad": {
        "all": {
            "not_sad": 0.605413973331,
            "sad": 0.394586056471
        },
        "probability": 0.605413973331,
        "value": "not_sad"
    },
    "moods_mirex": {
        "all": {
            "Cluster1": 0.295407772064,
            "Cluster2": 0.170282959938,
            "Cluster3": 0.0762784257531,
            "Cluster4": 0.23083910346,
            "Cluster5": 0.227191746235
        },
        "probability": 0.295407772064,
        "value": "Cluster1"
    },
    "timbre": {
        "all": {
            "bright": 0.532386779785,
            "dark": 0.467613220215
        },
        "probability": 0.532386779785,
        "value": "bright"
    },
    "tonal_atonal": {
        "all": {
            "atonal": 0.534030973911,
            "tonal": 0.465969055891
        },
        "probability": 0.534030973911,
        "value": "atonal"
    },
    "voice_instrumental": {
        "all": {
            "instrumental": 0.0209046863019,
            "voice": 0.979095339775
        },
        "probability": 0.979095339775,
        "value": "voice"
    }
},
"lowlevel": {
    "average_loudness": 0.943164408207,
    "barkbands_crest": {
        "dmean": 2.83101058006,
        "dmean2": 4.35065984726,
        "dvar": 7.02845716476,
        "dvar2": 16.1592521667,
        "max": 24.4792938232,
        "mean": 10.049446106,
        "median": 9.00322628021,
        "min": 2.29414772987,
        "var": 22.4369010925
    },
    "barkbands_flatness_db": {
        "dmean": 0.0247853156179,
        "dmean2": 0.036288164556,
        "dvar": 0.00061881536385,
        "dvar2": 0.00130419724155,
        "max": 0.365887790918,
        "mean": 0.152373790741,
        "median": 0.144383475184,
        "min": 0.0392051823437,
        "var": 0.00319767324254
    },
    "barkbands_kurtosis": {
        "dmean": 3.99800896645,
        "dmean2": 6.09502983093,
        "dvar": 99.2186584473,
        "dvar2": 206.140441895,
        "max": 197.86819458,
        "mean": 5.10584783554,
        "median": 1.21791982651,
        "min": -1.94874298573,
        "var": 196.660812378
    },
    "barkbands_skewness": {
        "dmean": 0.6859126091,
        "dmean2": 0.99317741394,
        "dvar": 0.640340864658,
        "dvar2": 1.19047665596,
        "max": 12.0481615067,
        "mean": 1.58669638634,
        "median": 1.30396211147,
        "min": -2.10769319534,
        "var": 2.55743026733
    },
    "barkbands_spread": {
        "dmean": 8.3934469223,
        "dmean2": 12.3499069214,
        "dvar": 100.048057556,
        "dvar2": 199.412475586,
        "max": 114.287567139,
        "mean": 27.1754436493,
        "median": 22.5185108185,
        "min": 0.773324131966,
        "var": 357.016723633
    },
    "dissonance": {
        "dmean": 0.0148126361892,
        "dmean2": 0.0241521541029,
        "dvar": 0.000217175038415,
        "dvar2": 0.000528640288394,
        "max": 0.5,
        "mean": 0.470572143793,
        "median": 0.475779116154,
        "min": 0.283936738968,
        "var": 0.000530495715793
    },
    "dynamic_complexity": 2.90429377556,
    "erbbands_crest": {
        "dmean": 2.74599671364,
        "dmean2": 4.51448249817,
        "dvar": 7.08836603165,
        "dvar2": 18.7446193695,
        "max": 26.0425071716,
        "mean": 8.49531459808,
        "median": 7.4798374176,
        "min": 2.31167793274,
        "var": 15.1513767242
    },
    "erbbands_flatness_db": {
        "dmean": 0.0181282833219,
        "dmean2": 0.0271020326763,
        "dvar": 0.000308939343086,
        "dvar2": 0.000632890441921,
        "max": 0.378126710653,
        "mean": 0.156555309892,
        "median": 0.158007189631,
        "min": 0.06406121701,
        "var": 0.00164505001158
    },
    "erbbands_kurtosis": {
        "dmean": 0.987394273281,
        "dmean2": 1.60236656666,
        "dvar": 3.45629310608,
        "dvar2": 9.37359333038,
        "max": 31.9917793274,
        "mean": 0.228346541524,
        "median": -0.193053483963,
        "min": -1.65713167191,
        "var": 3.66847848892
    },
    "erbbands_skewness": {
        "dmean": 0.423000693321,
        "dmean2": 0.633629143238,
        "dvar": 0.194293946028,
        "dvar2": 0.459883958101,
        "max": 3.52133917809,
        "mean": -0.0735472366214,
        "median": -0.0838865488768,
        "min": -3.62373352051,
        "var": 0.559476435184
    },
    "erbbands_spread": {
        "dmean": 10.2371206284,
        "dmean2": 15.523475647,
        "dvar": 105.625823975,
        "dvar2": 230.927505493,
        "max": 153.996429443,
        "mean": 42.3574066162,
        "median": 39.7726287842,
        "min": 3.75156211853,
        "var": 354.355163574
    },
    "hfc": {
        "dmean": 9.95293617249,
        "dmean2": 14.1662788391,
        "dvar": 304.374145508,
        "dvar2": 682.1875,
        "max": 219.46836853,
        "mean": 25.0626068115,
        "median": 14.2503023148,
        "min": 0.000495179614518,
        "var": 761.211669922
    },
    "melbands_crest": {
        "dmean": 3.56426596642,
        "dmean2": 5.60712099075,
        "dvar": 9.77340507507,
        "dvar2": 23.0713386536,
        "max": 35.2284011841,
        "mean": 15.5592088699,
        "median": 14.8600645065,
        "min": 1.9634500742,
        "var": 42.3370170593
    },
    "melbands_flatness_db": {
        "dmean": 0.0322897210717,
        "dmean2": 0.0448104813695,
        "dvar": 0.00100245233625,
        "dvar2": 0.00197813403793,
        "max": 0.463904887438,
        "mean": 0.202551469207,
        "median": 0.197611764073,
        "min": 0.00724246073514,
        "var": 0.00678154500201
    },
    "melbands_kurtosis": {
        "dmean": 10.894118309,
        "dmean2": 16.4834575653,
        "dvar": 596.774963379,
        "dvar2": 1272.0090332,
        "max": 436.943695068,
        "mean": 17.9354305267,
        "median": 7.52883529663,
        "min": -1.88137030602,
        "var": 1113.80737305
    },
    "melbands_skewness": {
        "dmean": 0.944216907024,
        "dmean2": 1.38947963715,
        "dvar": 1.26893162727,
        "dvar2": 2.34040307999,
        "max": 16.4061317444,
        "mean": 3.01622390747,
        "median": 2.59506011009,
        "min": -0.763171255589,
        "var": 4.90787506104
    },
    "melbands_spread": {
        "dmean": 10.5236673355,
        "dmean2": 15.4234609604,
        "dvar": 215.868713379,
        "dvar2": 479.394836426,
        "max": 174.13961792,
        "mean": 28.2366981506,
        "median": 21.9870090485,
        "min": 0.622939825058,
        "var": 601.992553711
    },
    "pitch_salience": {
        "dmean": 0.0822656601667,
        "dmean2": 0.129697605968,
        "dvar": 0.00584314763546,
        "dvar2": 0.0139725208282,
        "max": 0.830039083958,
        "mean": 0.54002648592,
        "median": 0.560678243637,
        "min": 0.101805008948,
        "var": 0.0174919012934
    },
    "silence_rate_20dB": {
        "dmean": 0,
        "dmean2": 0,
        "dvar": 0,
        "dvar2": 0,
        "max": 1,
        "mean": 1,
        "median": 1,
        "min": 1,
        "var": 0
    },
    "silence_rate_30dB": {
        "dmean": 0.00928792543709,
        "dmean2": 0.018590239808,
        "dvar": 0.00920160580426,
        "dvar2": 0.0275398008525,
        "max": 1,
        "mean": 0.99535959959,
        "median": 1,
        "min": 0,
        "var": 0.00461881235242
    },
    "silence_rate_60dB": {
        "dmean": 0.011609907262,
        "dmean2": 0.0232378002256,
        "dvar": 0.0114750638604,
        "dvar2": 0.0242468863726,
        "max": 1,
        "mean": 0.0340293906629,
        "median": 0,
        "min": 0,
        "var": 0.0328715927899
    },
    "spectral_centroid": {
        "dmean": 354.197357178,
        "dmean2": 509.933197021,
        "dvar": 135876.21875,
        "dvar2": 258679.453125,
        "max": 4020.2746582,
        "mean": 1592.2746582,
        "median": 1450.73388672,
        "min": 166.538238525,
        "var": 563832.1875
    },
    "spectral_complexity": {
        "dmean": 4.5208978653,
        "dmean2": 6.74128580093,
        "dvar": 29.5762386322,
        "dvar2": 60.0445556641,
        "max": 58,
        "mean": 19.1809749603,
        "median": 18,
        "min": 0,
        "var": 96.4498519897
    },
    "spectral_decrease": {
        "dmean": 2.21060392214e-09,
        "dmean2": 3.43455774932e-09,
        "dvar": 1.31682413774e-17,
        "dvar2": 2.78481404349e-17,
        "max": -3.51150065548e-15,
        "mean": -7.13812386977e-09,
        "median": -5.28725641047e-09,
        "min": -3.49491209306e-08,
        "var": 3.48581156232e-17
    },
    "spectral_energy": {
        "dmean": 0.00880942028016,
        "dmean2": 0.0136363236234,
        "dvar": 0.000192567938939,
        "dvar2": 0.000408853986301,
        "max": 0.135215729475,
        "mean": 0.0292141679674,
        "median": 0.022488720715,
        "min": 5.96469149627e-08,
        "var": 0.000523199676536
    },
    "spectral_energyband_high": {
        "dmean": 0.000847999646794,
        "dmean2": 0.00120101147331,
        "dvar": 2.74171520687e-06,
        "dvar2": 5.97549478698e-06,
        "max": 0.0183024145663,
        "mean": 0.0013859620085,
        "median": 0.000317877274938,
        "min": 4.45819665629e-08,
        "var": 5.6213730204e-06
    },
    "spectral_energyband_low": {
        "dmean": 0.00627284869552,
        "dmean2": 0.00958493258804,
        "dvar": 0.000163714590599,
        "dvar2": 0.000330434937496,
        "max": 0.116637080908,
        "mean": 0.0150510277599,
        "median": 0.00559847569093,
        "min": 5.67880131808e-10,
        "var": 0.000423441524617
    },
    "spectral_energyband_middle_high": {
        "dmean": 0.00206906581298,
        "dmean2": 0.00304997200146,
        "dvar": 9.33824321692e-06,
        "dvar2": 2.00014110305e-05,
        "max": 0.0416383855045,
        "mean": 0.00555731775239,
        "median": 0.00350706349127,
        "min": 1.09032836093e-08,
        "var": 3.72056128981e-05
    },
    "spectral_energyband_middle_low": {
        "dmean": 0.00451205577701,
        "dmean2": 0.00749120907858,
        "dvar": 8.07301694294e-05,
        "dvar2": 0.000220595451538,
        "max": 0.0791716575623,
        "mean": 0.00837614014745,
        "median": 0.00538379978389,
        "min": 1.05691533303e-09,
        "var": 8.25986862765e-05
    },
    "spectral_entropy": {
        "dmean": 0.172525510192,
        "dmean2": 0.248949423432,
        "dvar": 0.0362141989172,
        "dvar2": 0.079223960638,
        "max": 8.77758789062,
        "mean": 7.60497331619,
        "median": 7.54785394669,
        "min": 5.56081151962,
        "var": 0.174898311496
    },
    "spectral_flux": {
        "dmean": 0.0249375086278,
        "dmean2": 0.0397431887686,
        "dvar": 0.00126284884755,
        "dvar2": 0.00240967841819,
        "max": 0.351241737604,
        "mean": 0.0890160501003,
        "median": 0.0735545530915,
        "min": 0.000166314246599,
        "var": 0.00308906566352
    },
    "spectral_kurtosis": {
        "dmean": 1.88335561752,
        "dmean2": 3.11307215691,
        "dvar": 11.960518837,
        "dvar2": 34.3602676392,
        "max": 83.5587081909,
        "mean": 4.25658655167,
        "median": 3.64987134933,
        "min": -0.954181671143,
        "var": 13.2934865952
    },
    "spectral_rms": {
        "dmean": 0.000766263518017,
        "dmean2": 0.00116512703244,
        "dvar": 9.47642547544e-07,
        "dvar2": 1.83031340839e-06,
        "max": 0.0114855468273,
        "mean": 0.00493382895365,
        "median": 0.00468403846025,
        "min": 7.62837544244e-06,
        "var": 4.15893873651e-06
    },
    "spectral_rolloff": {
        "dmean": 945.01171875,
        "dmean2": 1481.12060547,
        "dvar": 2609463.5,
        "dvar2": 5063475,
        "max": 13695.1171875,
        "mean": 2117.49804688,
        "median": 1205.859375,
        "min": 64.599609375,
        "var": 7078782
    },
    "spectral_skewness": {
        "dmean": 0.269307404757,
        "dmean2": 0.424910306931,
        "dvar": 0.101572364569,
        "dvar2": 0.254775106907,
        "max": 7.030605793,
        "mean": 1.41085886955,
        "median": 1.38850283623,
        "min": -0.156050607562,
        "var": 0.235348820686
    },
    "spectral_spread": {
        "dmean": 736551.375,
        "dmean2": 1009108.0625,
        "dvar": 1.0455597056e+12,
        "dvar2": 1.82219269734e+12,
        "max": 15244938,
        "mean": 4626692.5,
        "median": 3920538,
        "min": 968836.75,
        "var": 4.68518751437e+12
    },
    "spectral_strongpeak": {
        "dmean": 0.47204887867,
        "dmean2": 0.810701370239,
        "dvar": 0.787463247776,
        "dvar2": 2.00589323044,
        "max": 10.9096717834,
        "mean": 0.843941092491,
        "median": 0.37827911973,
        "min": 0,
        "var": 1.87734436989
    },
    "zerocrossingrate": {
        "dmean": 0.0185955036432,
        "dmean2": 0.0195985734463,
        "dvar": 0.000573658093344,
        "dvar2": 0.000646594562568,
        "max": 0.4208984375,
        "mean": 0.075173407793,
        "median": 0.0537109375,
        "min": 0.00341796875,
        "var": 0.00410657282919
    },
    "barkbands": {
        "dmean": [0.000340424187016, 0.00389830162749, 0.00409071194008, 0.00177114317194, 0.0019487098325, 0.000826104253065, 0.000657801807392, 0.000612159376033, 0.000559334992431, 0.000357913348125, 0.000469811784569, 0.00040397522389, 0.000417012226535, 0.000330586102791, 0.00035410860437, 0.000349234964233, 0.000184587930562, 0.000252359110164, 0.000339222024195, 0.000261079403572, 0.000165451492649, 0.000111347726488, 0.000107441665023, 0.000168298793142, 0.000228743869229, 0.000110401066195, 4.62216434016e-08],
        "dmean2": [0.00047561712563, 0.00566628435627, 0.00686608953401, 0.00319190463051, 0.00319964555092, 0.00133408035617, 0.00102662190329, 0.000938069890253, 0.000890762836207, 0.000533775542863, 0.000743602635339, 0.000637000077404, 0.000650532718282, 0.000528728589416, 0.000575417478103, 0.000549968623091, 0.000289694493404, 0.000401798286475, 0.000527296506334, 0.000411089946283, 0.000244914641371, 0.000162332973559, 0.000149751838762, 0.000254801096162, 0.000349260750227, 0.000164980549016, 8.70105125728e-08],
        "dvar": [4.07628391486e-07, 9.69285611063e-05, 9.9237797258e-05, 3.46855777025e-05, 1.48270992213e-05, 4.50531388196e-06, 2.16427338273e-06, 2.17556498683e-06, 1.48607682604e-06, 9.37452284688e-07, 1.12516988793e-06, 7.27048927729e-07, 1.18381001357e-06, 5.53068900899e-07, 4.09669212331e-07, 6.60572311517e-07, 8.89194566867e-08, 4.3297544039e-07, 7.75466219238e-07, 7.06607011125e-07, 1.14344196334e-07, 5.43421663224e-08, 6.31424654784e-08, 4.07926506796e-07, 3.70599394728e-07, 9.02349412968e-08, 8.99286342008e-14],
        "dvar2": [7.93796402832e-07, 0.000187139463378, 0.000263045862084, 0.000100850877061, 4.00919852837e-05, 1.09045786303e-05, 4.95757785757e-06, 4.4847688514e-06, 3.63649951396e-06, 1.68255257904e-06, 2.63795868705e-06, 1.76932996965e-06, 2.67734390036e-06, 1.38779876124e-06, 9.36918468142e-07, 1.45101728322e-06, 2.10919083088e-07, 1.05453977994e-06, 1.86587624285e-06, 1.51679194005e-06, 2.37946267134e-07, 1.13679980984e-07, 1.32019977173e-07, 9.87524231277e-07, 9.09796654014e-07, 2.16275296339e-07, 2.61518942352e-13],
        "max": [0.0101796202362, 0.0880214199424, 0.0876186937094, 0.0598038062453, 0.0323553308845, 0.0450011342764, 0.0228235423565, 0.0258840993047, 0.0167047288269, 0.0184322446585, 0.0165016967803, 0.0170801300555, 0.0214533619583, 0.0105362264439, 0.010573733598, 0.015945142135, 0.00331459683366, 0.0102362846956, 0.0132102603093, 0.0185242071748, 0.00478178262711, 0.0029455262702, 0.0040728431195, 0.0101816821843, 0.00761853065342, 0.00326586980373, 6.39130666968e-06],
        "mean": [0.00101689621806, 0.0076291593723, 0.00535371387377, 0.00166973634623, 0.00277274171822, 0.00118926062714, 0.000933368632104, 0.000845430535264, 0.000776083616074, 0.000545591523405, 0.000726963509806, 0.000679164018948, 0.000663024606183, 0.000483010313474, 0.00057610537624, 0.00057019822998, 0.000307126611006, 0.000376979704015, 0.000508997705765, 0.000357669545338, 0.00024650580599, 0.000162753029144, 0.000159335017088, 0.000236825391767, 0.000291972450214, 0.000135526337544, 3.01926519342e-08],
        "median": [8.15858729766e-05, 0.000997667899355, 0.00259398273192, 0.000675401184708, 0.00123329902999, 0.000458055059426, 0.000387982756365, 0.00023081265681, 0.000225091062021, 0.000144504389027, 0.00017454585759, 0.000230140867643, 0.000225459953072, 0.000206106269616, 0.000303860986605, 0.000164162964211, 0.000151343920152, 0.000149509636685, 0.00020969902107, 0.000112202011223, 7.68604877521e-05, 3.15146171488e-05, 2.06527947739e-05, 2.41081979766e-05, 1.34381753014e-05, 3.83049246011e-06, 5.33052546547e-10],
        "min": [5.11420975013e-11, 2.13883161182e-10, 4.09128668444e-11, 1.89343991874e-11, 3.14710549287e-11, 5.2482632823e-11, 8.67408297966e-11, 5.38754110768e-11, 1.61024180101e-10, 1.21284593479e-10, 2.7885493914e-10, 1.60960716977e-10, 3.14942738555e-10, 3.83183512698e-10, 3.00318214741e-10, 8.31249125088e-10, 4.74808803386e-10, 9.29853194442e-10, 1.77056724837e-09, 1.76562409138e-09, 1.30889543648e-09, 3.01630298516e-09, 3.18205239935e-09, 4.96323382393e-09, 4.25763556355e-11, 1.20596406125e-11, 5.20933253131e-12],
        "var": [3.21778907164e-06, 0.000211930979276, 8.59900756041e-05, 2.00424656214e-05, 1.83458905667e-05, 6.73493150316e-06, 3.28262149196e-06, 4.0833060666e-06, 2.6444258765e-06, 2.01808188649e-06, 2.38988286583e-06, 1.69509837633e-06, 2.31684839491e-06, 7.86900670846e-07, 8.393572557e-07, 1.93409960048e-06, 1.86069854635e-07, 6.61706565097e-07, 9.67596861301e-07, 8.69876373599e-07, 1.93884005739e-07, 1.03291149856e-07, 1.1734594807e-07, 5.26825715497e-07, 5.98044891831e-07, 1.20496721934e-07, 5.159351543e-14]
    },
    "erbbands": {
        "dmean": [0.154211893678, 0.804164946079, 3.7956392765, 5.91086006165, 4.9377322197, 7.63163423538, 8.16949081421, 5.55509090424, 6.65759754181, 12.9813966751, 11.9949893951, 11.1612663269, 14.6004076004, 10.7050571442, 19.2431278229, 14.8983259201, 19.0173816681, 18.1005020142, 18.8941116333, 12.3188056946, 21.3366699219, 9.63981437683, 12.7187376022, 15.0882711411, 17.275642395, 11.7481012344, 8.382147789, 5.33977937698, 4.10730838776, 3.27816605568, 3.14656805992, 3.28752207756, 2.83203887939, 1.51570868492, 2.32569122314, 0.696331262589, 0.173170551658, 0.00961071066558, 0.000213347419049, 2.25037092605e-05],
        "dmean2": [0.232542008162, 1.16882205009, 6.24100637436, 10.5098733902, 8.74816608429, 12.4181013107, 12.6892786026, 9.19291400909, 10.5557870865, 21.3271503448, 18.3324222565, 17.6615581512, 22.0500278473, 17.116399765, 29.6617908478, 23.4075012207, 29.3432750702, 28.3027019501, 30.7943115234, 20.2104511261, 33.0301475525, 15.0703353882, 20.0828838348, 23.8420848846, 26.893283844, 18.2031574249, 12.4822206497, 8.09028339386, 6.03298950195, 4.65743207932, 4.37732553482, 4.90453386307, 4.25668144226, 2.23596286774, 3.64043664932, 1.0585436821, 0.261475652456, 0.0147714698687, 0.000316344638122, 3.31620249199e-05],
        "dvar": [0.163499295712, 4.11547613144, 85.451385498, 315.719421387, 200.75592041, 250.502655029, 445.59954834, 120.700393677, 163.782913208, 780.948974609, 1255.90466309, 599.82043457, 1525.01660156, 413.030151367, 1839.67004395, 949.58203125, 2794.20288086, 1931.13464355, 1580.63500977, 772.218261719, 2888.68994141, 246.128265381, 861.005981445, 1277.80297852, 2859.4777832, 1379.42382812, 309.269927979, 133.02494812, 74.3434753418, 71.5862121582, 55.9315872192, 179.686065674, 87.2175445557, 15.3845233917, 42.1844215393, 3.68262124062, 0.21914550662, 0.000759816553909, 3.19184067621e-07, 1.56552315556e-09],
        "dvar2": [0.360615640879, 7.80614805222, 219.258789062, 894.099853516, 583.823303223, 660.07421875, 934.702270508, 310.012298584, 372.652679443, 1898.7689209, 2813.31811523, 1461.59265137, 3099.67041016, 1001.8369751, 4134.77392578, 2334.35913086, 6676.10058594, 4131.64697266, 3749.88256836, 2221.03051758, 6131.23974609, 567.151733398, 2069.86181641, 3177.21313477, 6669.38574219, 2867.70068359, 644.53125, 288.383483887, 157.920227051, 150.366973877, 110.415847778, 444.407043457, 206.179656982, 34.4709739685, 105.929588318, 8.91868972778, 0.515554070473, 0.0018615256995, 7.64938022257e-07, 3.72661146386e-09],
        "max": [3.7746655941, 16.1294727325, 79.124710083, 161.905471802, 124.252334595, 147.943725586, 384.958496094, 171.384170532, 191.999725342, 359.152496338, 526.158081055, 351.220367432, 612.9296875, 232.913070679, 638.866149902, 663.911682129, 1082.53796387, 919.955810547, 604.363525391, 365.792724609, 1096.95019531, 182.349075317, 444.622833252, 625.856933594, 827.659606934, 828.398498535, 238.172698975, 173.529815674, 111.170669556, 134.953903198, 101.757652283, 245.528717041, 149.281143188, 46.4456748962, 76.1308822632, 20.9195251465, 5.82200479507, 0.335366874933, 0.00625737803057, 0.000444548466476],
        "mean": [0.330272704363, 1.34493231773, 5.29273605347, 6.60020208359, 5.24339723587, 11.0099983215, 13.1060686111, 8.02646160126, 9.95103168488, 20.1986312866, 16.3302402496, 15.8317804337, 21.1621189117, 18.0625782013, 31.3834342957, 27.4678497314, 31.9100284576, 29.2511577606, 31.7430000305, 21.1265640259, 35.7693214417, 17.3551673889, 20.7869415283, 22.9272174835, 25.6278038025, 16.9271392822, 12.5961465836, 7.50057458878, 5.83182191849, 4.75952529907, 4.78725624084, 4.43653106689, 4.05259799957, 2.11232495308, 2.7850754261, 0.864407002926, 0.216022700071, 0.0113576948643, 0.000280951499008, 5.43690985069e-05],
        "median": [0.0271476618946, 0.293210446835, 2.49284100533, 3.20543026924, 2.34409785271, 4.12724256516, 4.46515846252, 3.68327069283, 4.80664682388, 7.29874324799, 5.2818903923, 5.10403108597, 5.84350347519, 7.12659788132, 8.90288639069, 10.1452493668, 10.7387895584, 12.0058298111, 14.3435144424, 13.8188447952, 9.73824119568, 9.22034549713, 9.07849884033, 10.5327386856, 8.21791172028, 5.59323787689, 4.23871660233, 2.06757712364, 1.18677890301, 0.780561208725, 0.632714986801, 0.458945959806, 0.387583017349, 0.165214672685, 0.0843824893236, 0.0260922629386, 0.00579429930076, 0.000286252849037, 3.00396550301e-05, 3.72555987269e-05],
        "min": [3.87555809667e-09, 3.32219052268e-08, 8.28512440876e-08, 1.09609700871e-07, 1.40019523087e-07, 9.09544084493e-08, 1.34261867402e-07, 4.33467789662e-07, 6.92209368935e-07, 1.67107123161e-06, 1.70288069512e-06, 4.78655738334e-06, 2.20949118557e-06, 6.93997117196e-06, 1.11602403194e-05, 1.04248038042e-05, 1.20427575894e-05, 2.2264148356e-05, 2.45476931013e-05, 3.6327073758e-05, 4.00060198444e-05, 3.52016031684e-05, 7.26332364138e-05, 7.2895338235e-05, 8.20466666482e-05, 7.40415925975e-05, 6.76883209962e-05, 5.18746164744e-05, 0.000100828830909, 9.57860247581e-05, 8.82812892087e-05, 9.10478120204e-05, 9.05527776922e-05, 9.30133028305e-05, 2.39678647631e-05, 1.04047148852e-05, 3.54281951331e-06, 4.50618216519e-07, 3.29872165139e-08, 2.08943484736e-09],
        "var": [0.394549250603, 7.32093572617, 81.6818161011, 201.688903809, 124.489936829, 375.113464355, 978.406433105, 159.498428345, 304.302276611, 1555.01757812, 1713.95373535, 983.591186523, 2769.6015625, 763.434265137, 3787.1315918, 2499.35424805, 5045.39892578, 3485.08813477, 3116.62158203, 793.421020508, 9027.98730469, 522.777526855, 1520.09094238, 1528.00256348, 3486.23901367, 1764.65136719, 498.183288574, 212.755081177, 132.728103638, 113.930358887, 108.607849121, 182.377578735, 146.08795166, 26.0645847321, 63.4713478088, 5.05800914764, 0.302939832211, 0.000898013880942, 4.3402872052e-07, 3.09420400413e-09]
    },
    "gfcc": {
        "mean": [-6.2591586113, 90.8921585083, -122.389419556, 40.4678726196, -50.0418548584, 17.4497203827, -39.8692970276, 10.0185709, -28.5396766663, 3.26495313644, -12.8650274277, -5.83029174805, -11.5763540268],
        "cov": [[7765.94824219, -718.095092773, 131.545516968, -188.729827881, -314.732910156, 125.261863708, -210.529586792, 146.439041138, -359.446166992, 205.975982666, -315.363983154, 41.6956825256, -117.20450592], [-718.095092773, 2673.90307617, -448.185089111, 333.146392822, 618.516662598, -240.887268066, 328.886444092, -309.218444824, 343.834472656, -334.15536499, 423.939727783, -205.182373047, 333.198181152], [131.545516968, -448.185089111, 791.331176758, 58.0112228394, 38.4666633606, 117.752929688, -102.681159973, 92.2751464844, -86.0195007324, 129.341552734, -123.252815247, 112.456207275, -77.3810806274], [-188.729827881, 333.146392822, 58.0112228394, 580.794677734, 243.561019897, -11.872713089, 126.834197998, -31.2286720276, 199.640472412, -25.0837459564, 139.372207642, -45.1372413635, 82.1194152832], [-314.732910156, 618.516662598, 38.4666633606, 243.561019897, 525.29284668, 31.819021225, 75.8777999878, -25.9011192322, 146.999160767, -55.9715118408, 147.269393921, -1.8585050106, 81.2339935303], [125.261863708, -240.887268066, 117.752929688, -11.872713089, 31.819021225, 252.644805908, 49.2289886475, 42.3139228821, 16.7709884644, 33.2597503662, -12.9664325714, 29.152425766, 4.64295768738], [-210.529586792, 328.886444092, -102.681159973, 126.834197998, 75.8777999878, 49.2289886475, 284.131378174, 3.88548827171, 111.554672241, -40.3909606934, 73.2286148071, -22.1520786285, 65.7056427002], [146.439041138, -309.218444824, 92.2751464844, -31.2286720276, -25.9011192322, 42.3139228821, 3.88548827171, 242.192657471, 31.8430252075, 56.5122489929, -22.4714870453, 20.487739563, -30.4282836914], [-359.446166992, 343.834472656, -86.0195007324, 199.640472412, 146.999160767, 16.7709884644, 111.554672241, 31.8430252075, 263.467803955, -37.0800170898, 118.789825439, -19.4806537628, 73.0074462891], [205.975982666, -334.15536499, 129.341552734, -25.0837459564, -55.9715118408, 33.2597503662, -40.3909606934, 56.5122489929, -37.0800170898, 138.461730957, -52.0798797607, 40.7675247192, -49.8659210205], [-315.363983154, 423.939727783, -123.252815247, 139.372207642, 147.269393921, -12.9664325714, 73.2286148071, -22.4714870453, 118.789825439, -52.0798797607, 198.928787231, -36.8675384521, 69.6790542603], [41.6956825256, -205.182373047, 112.456207275, -45.1372413635, -1.8585050106, 29.152425766, -22.1520786285, 20.487739563, -19.4806537628, 40.7675247192, -36.8675384521, 133.043716431, -16.4694538116], [-117.20450592, 333.198181152, -77.3810806274, 82.1194152832, 81.2339935303, 4.64295768738, 65.7056427002, -30.4282836914, 73.0074462891, -49.8659210205, 69.6790542603, -16.4694538116, 152.917984009]],
        "icov": [[0.00016051401326, -0.000140672709676, 0.000126644052216, -0.000185448254342, 0.000118484400446, -0.000254588579992, 0.000179957089131, -0.000238156018895, 0.000303857348626, -0.000231570855249, 0.000284392444883, -0.000112567518954, 5.09969722771e-05], [-0.000140672709676, 0.00189922808204, -0.000617716286797, 0.00122218357865, -0.00148730084766, 0.00206115399487, -0.00147999939509, 0.00176405603997, -0.00122164143249, 0.00135692977346, -0.00158095685765, 0.0016920043854, -0.0015722210519], [0.000126644052216, -0.000617716286797, 0.00239644269459, -0.0013116877526, 5.36905936315e-05, -0.00152020063251, 0.00114306272008, -0.00118677772116, 0.00126684969291, -0.00126658007503, 0.00157436437439, -0.00165493169334, 0.000736959278584], [-0.000185448254342, 0.00122218357865, -0.0013116877526, 0.00402085063979, -0.001606932492, 0.00210070656613, -0.00176414125599, 0.00197294377722, -0.00268849730492, 0.000187958867173, -0.00181593664456, 0.00222312076949, -0.0012760021491], [0.000118484400446, -0.00148730084766, 5.36905936315e-05, -0.001606932492, 0.00411465764046, -0.00197023595683, 0.00130598805845, -0.00119972566608, 0.000457203685073, -0.000193170941202, -0.000271580065601, -0.00186309579294, 0.000937603472266], [-0.000254588579992, 0.00206115399487, -0.00152020063251, 0.00210070656613, -0.00197023595683, 0.00717436429113, -0.00291339075193, 0.00175311183557, -0.00192172359675, 0.00068680383265, -0.00164207851049, 0.00169701711275, -0.00208169966936], [0.000179957089131, -0.00147999939509, 0.00114306272008, -0.00176414125599, 0.00130598805845, -0.00291339075193, 0.00611540814862, -0.00174692377914, 0.000163378557772, -0.000459998409497, 0.00115623499732, -0.00142496149056, 0.000399626995204], [-0.000238156018895, 0.00176405603997, -0.00118677772116, 0.00197294377722, -0.00119972566608, 0.00175311183557, -0.00174692377914, 0.0069297067821, -0.00309540447779, -0.000365345505998, -0.00146625714842, 0.00186901621055, -0.000744616438169], [0.000303857348626, -0.00122164143249, 0.00126684969291, -0.00268849730492, 0.000457203685073, -0.00192172359675, 0.000163378557772, -0.00309540447779, 0.00853238627315, -0.000567103270441, -0.000686554063577, -0.00180180650204, -3.08253220282e-05], [-0.000231570855249, 0.00135692977346, -0.00126658007503, 0.000187958867173, -0.000193170941202, 0.00068680383265, -0.000459998409497, -0.000365345505998, -0.000567103270441, 0.0118588358164, -0.000817468564492, -0.000722805503756, 0.000763216754422], [0.000284392444883, -0.00158095685765, 0.00157436437439, -0.00181593664456, -0.000271580065601, -0.00164207851049, 0.00115623499732, -0.00146625714842, -0.000686554063577, -0.000817468564492, 0.0106967389584, -0.000590181676671, -3.62704668078e-05], [-0.000112567518954, 0.0016920043854, -0.00165493169334, 0.00222312076949, -0.00186309579294, 0.00169701711275, -0.00142496149056, 0.00186901621055, -0.00180180650204, -0.000722805503756, -0.000590181676671, 0.0109614776447, -0.00180794124026], [5.09969722771e-05, -0.0015722210519, 0.000736959278584, -0.0012760021491, 0.000937603472266, -0.00208169966936, 0.000399626995204, -0.000744616438169, -3.08253220282e-05, 0.000763216754422, -3.62704668078e-05, -0.00180794124026, 0.0103931194171]]
    },
    "melbands": {
        "dmean": [0.00120374991093, 0.00151537160855, 0.000953061913606, 0.000445393030532, 0.000292593089398, 0.000131305496325, 0.000111148692667, 0.000142123084515, 9.59319004323e-05, 7.41547191865e-05, 7.33845954528e-05, 4.29979263572e-05, 6.95566777722e-05, 4.08916021115e-05, 4.86658027512e-05, 4.22639241151e-05, 3.22410014633e-05, 3.04754757963e-05, 2.21446389332e-05, 1.65135079442e-05, 2.66374372586e-05, 1.00104643934e-05, 1.15847633424e-05, 1.39786761792e-05, 1.23575300677e-05, 1.51512340381e-05, 1.15922039186e-05, 7.02997294866e-06, 5.91221851209e-06, 4.10200891565e-06, 3.04255081574e-06, 2.54675433098e-06, 1.921907824e-06, 1.7876388938e-06, 1.89138427231e-06, 1.83706708867e-06, 2.29883471548e-06, 2.62067351287e-06, 1.12220163828e-06, 1.37416543566e-06],
        "dmean2": [0.00179659796413, 0.00230915285647, 0.00167970138136, 0.000759438902605, 0.000450249615824, 0.000215466337977, 0.000175214969204, 0.000234402832575, 0.00014708393428, 0.000117845076602, 0.000111407614895, 6.96069910191e-05, 0.000107984917122, 6.46052139928e-05, 7.46597870602e-05, 6.70649606036e-05, 5.09041601617e-05, 5.01583344885e-05, 3.58510696969e-05, 2.68250369118e-05, 4.14034730056e-05, 1.5841314962e-05, 1.85629505722e-05, 2.287526695e-05, 1.96382879949e-05, 2.35306379182e-05, 1.88063640962e-05, 1.11605204438e-05, 8.87451187737e-06, 6.28575662631e-06, 4.66744313599e-06, 3.76310254069e-06, 2.90057209895e-06, 2.58013278653e-06, 2.62124990513e-06, 2.77604749499e-06, 3.54921303369e-06, 4.00738508688e-06, 1.57719819072e-06, 2.11742622014e-06],
        "dvar": [9.73081841948e-06, 1.14082404252e-05, 8.18434273242e-06, 9.83514723885e-07, 3.94912802903e-07, 7.57479199365e-08, 5.0292612741e-08, 8.95482159535e-08, 7.86490446103e-08, 2.62682657848e-08, 3.91090431151e-08, 7.24649318329e-09, 2.5775083401e-08, 5.92867133165e-09, 1.37016940016e-08, 1.30604851378e-08, 5.77448444616e-09, 4.77262007692e-09, 1.62088176214e-09, 1.23000776231e-09, 4.5859702702e-09, 3.01254493573e-10, 4.5878803534e-10, 1.70368397168e-09, 8.88487783346e-10, 1.73036784901e-09, 1.97958271997e-09, 4.20656509625e-10, 1.60056037868e-10, 7.35085256554e-11, 4.41244089877e-11, 2.72237909299e-11, 2.07356822685e-11, 2.49792669188e-11, 2.06920782592e-11, 2.51908407328e-11, 1.18465043331e-10, 8.69621735733e-11, 1.17907654126e-11, 1.42747471829e-11],
        "dvar2": [2.03190829779e-05, 2.64383215836e-05, 2.29573106481e-05, 2.78621405414e-06, 8.40352868181e-07, 1.93028370177e-07, 1.16131012362e-07, 2.20516454874e-07, 1.79450097448e-07, 6.33901322544e-08, 7.8630684186e-08, 1.70449254711e-08, 5.79265808653e-08, 1.42434410932e-08, 3.15037986809e-08, 2.90661521518e-08, 1.24769101717e-08, 1.20066330211e-08, 4.0699572601e-09, 3.30592908604e-09, 9.99869254059e-09, 6.95300095277e-10, 1.15147968938e-09, 4.02565936142e-09, 2.24132490345e-09, 4.15531831166e-09, 4.61086147041e-09, 8.67874550003e-10, 3.57971791098e-10, 1.54295062837e-10, 1.01254428453e-10, 6.10398190326e-11, 4.36245102542e-11, 5.52091219963e-11, 3.99182943644e-11, 5.9822334586e-11, 2.97871838306e-10, 2.0950081947e-10, 2.33618766693e-11, 3.51765665207e-11],
        "max": [0.0287604555488, 0.0299246646464, 0.0271906815469, 0.00854785740376, 0.0100370701402, 0.00507475202903, 0.00297674373724, 0.00472857709974, 0.00406048027799, 0.00200429349206, 0.00319050275721, 0.00100283231586, 0.00271879159845, 0.000883735367097, 0.00218482944183, 0.00214388337918, 0.00148096808698, 0.00114173360635, 0.000528882432263, 0.00050525093684, 0.0012867617188, 0.000231289945077, 0.000328124093357, 0.000674448267091, 0.000510096375365, 0.000571851618588, 0.000913699099328, 0.00042068012408, 0.000173644482857, 0.000128915460664, 9.71513072727e-05, 6.157347525e-05, 6.0103040596e-05, 9.06950153876e-05, 6.37706034468e-05, 8.32326695672e-05, 0.000192578707356, 0.000171874067746, 4.95562562719e-05, 5.43373353139e-05],
        "mean": [0.00247215200216, 0.00240818620659, 0.00110860203858, 0.000558288709726, 0.000485611177282, 0.000186563309398, 0.000163888151292, 0.000218181099626, 0.000123797290144, 0.000104803119029, 0.000105297760456, 6.82532117935e-05, 0.00011020146485, 6.82711106492e-05, 8.08978365967e-05, 6.77643984091e-05, 4.88428777317e-05, 4.85119635414e-05, 3.56108830601e-05, 2.77876915789e-05, 4.20405558543e-05, 1.54667031893e-05, 1.84046457434e-05, 2.05263531825e-05, 1.74252145371e-05, 2.16770677071e-05, 1.45485582834e-05, 1.00592997114e-05, 8.40604843688e-06, 5.72424460188e-06, 3.96663199353e-06, 3.456248578e-06, 2.76414425571e-06, 2.49417144005e-06, 2.86582940134e-06, 2.52932068179e-06, 2.86884096568e-06, 3.60317403647e-06, 1.52317227275e-06, 1.73096714207e-06],
        "median": [0.000247071351623, 0.0011489285389, 0.000537078361958, 0.000232055346714, 0.000171234161826, 8.07663818705e-05, 7.72507701186e-05, 7.94196021161e-05, 3.52276001649e-05, 3.09939896397e-05, 2.80055264739e-05, 2.38886950683e-05, 2.67358900601e-05, 2.58730597125e-05, 2.19536450459e-05, 2.2994054234e-05, 1.91483322851e-05, 2.09867448575e-05, 2.04526349989e-05, 1.32631812448e-05, 9.78787375061e-06, 7.87235512689e-06, 8.33967533254e-06, 6.97412178852e-06, 7.63322714192e-06, 6.94132813805e-06, 4.21522099714e-06, 3.32570357386e-06, 2.95227846436e-06, 1.45115427586e-06, 9.50960838964e-07, 6.31886450719e-07, 4.39325305024e-07, 3.69180099824e-07, 3.92027317275e-07, 2.54212807249e-07, 2.67289891553e-07, 2.81727295715e-07, 1.657516151e-07, 1.01924470641e-07],
        "min": [5.48861130156e-11, 5.87812090669e-11, 2.26637285328e-11, 9.07456314952e-12, 3.89739195777e-12, 1.02700122712e-11, 1.47520624189e-11, 2.16346576071e-11, 1.09128366066e-11, 2.50112690975e-11, 9.62927307335e-12, 2.60838850519e-11, 3.61255227121e-11, 1.90668487943e-11, 2.61582804029e-11, 3.602259116e-11, 3.53060705671e-11, 4.27598303987e-11, 2.74231262698e-11, 3.66012636865e-11, 3.76514722178e-11, 2.82949115527e-11, 5.15330382533e-11, 4.61916511985e-11, 5.05168649967e-11, 5.64560342919e-11, 4.40539549285e-11, 3.40553522882e-11, 4.29116395195e-11, 2.13066508881e-11, 3.31323857239e-11, 5.14190530432e-11, 2.57913135293e-12, 4.87214608935e-11, 4.37805867948e-11, 6.99713897934e-12, 5.66605304342e-11, 5.52452944502e-11, 3.31146984833e-11, 3.91833700902e-13],
