{
"highlevel": {
    "danceability": {
        "all": {
            "danceable": 0.776158988476,
            "not_danceable": 0.223841026425
        },
        "probability": 0.776158988476,
        "value": "danceable"
    },
    "gender": {
        "all": {
            "female": 0.493329316378,
            "male": 0.50667065382
        },
        "probability": 0.50667065382,
        "value": "male"
    },
    "genre_dortmund": {
        "all": {
            "alternative": 0.084134042263,
            "blues": 0.02244974114,
            "electronic": 0.0212095268071,
            "folkcountry": 0.219295978546,
            "funksoulrnb": 0.0178580004722,
            "jazz": 0.44465136528,
            "pop": 0.117419376969,
            "raphiphop": 0.012182360515,
            "rock": 0.0607996024191
        },
        "probability": 0.44465136528,
        "value": "jazz"
    },
    "genre_electronic": {
        "all": {
            "ambient": 0.695901334286,
            "dnb": 0.0571876056492,
            "house": 0.146993219852,
            "techno": 0.0124343838543,
            "trance": 0.0874834656715
        },
        "probability": 0.695901334286,
        "value": "ambient"
    },
    "genre_rosamerica": {
        "all": {
            "cla": 0.0717340484262,
            "dan": 0.0401908308268,
            "hip": 0.0432507805526,
            "jaz": 0.111198954284,
            "pop": 0.220689058304,
            "rhy": 0.398498207331,
            "roc": 0.0715541765094,
            "spe": 0.0428839549422
        },
        "probability": 0.398498207331,
        "value": "rhy"
    },
    "genre_tzanetakis": {
        "all": {
            "blu": 0.0626541376114,
            "cla": 0.0348133966327,
            "cou": 0.0783501937985,
            "dis": 0.104547761381,
            "hip": 0.15693578124,
            "jaz": 0.313987255096,
            "met": 0.044816005975,
            "pop": 0.0627349764109,
            "reg": 0.0627352520823,
            "roc": 0.0784252434969
        },
        "probability": 0.313987255096,
        "value": "jaz"
    },
    "ismir04_rhythm": {
        "all": {
            "ChaChaCha": 0.064789518714,
            "Jive": 0.0268769040704,
            "Quickstep": 0.590893089771,
            "Rumba-American": 0.0247854813933,
            "Rumba-International": 0.119186215103,
            "Rumba-Misc": 0.0132574858144,
            "Samba": 0.0613358169794,
            "Tango": 0.0120515264571,
            "VienneseWaltz": 0.0691256672144,
            "Waltz": 0.0176982972771
        },
        "probability": 0.590893089771,
        "value": "Quickstep"
    },
    "mood_acoustic": {
        "all": {
            "acoustic": 0.910585820675,
            "not_acoustic": 0.0894142016768
        },
        "probability": 0.910585820675,
        "value": "acoustic"
    },
    "mood_aggressive": {
        "all": {
            "aggressive": 8.32446312415e-06,
            "not_aggressive": 0.99999165535
        },
        "probability": 0.99999165535,
        "value": "not_aggressive"
    },
    "mood_electronic": {
        "all": {
            "electronic": 0.161230877042,
            "not_electronic": 0.838769137859
        },
        "probability": 0.838769137859,
        "value": "not_electronic"
    },
    "mood_happy": {
        "all": {
            "happy": 0.281209260225,
            "not_happy": 0.718790769577
        },
        "probability": 0.718790769577,
        "value": "not_happy"
    },
    "mood_party": {
        "all": {
            "not_party": 0.876193165779,
            "party": 0.123806849122
        },
        "probability": 0.876193165779,
        "value": "not_party"
    },
    "mood_relaxed": {
        "all": {
            "not_relaxed": 0.677771866322,
            "relaxed": 0.322228133678
        },
        "probability": 0.677771866322,
        "value": "not_relaxed"
    },
    "mood_sad": {
        "all": {
            "not_sad": 0.116734266281,
            "sad": 0.883265733719
        },
        "probability": 0.883265733719,
        "value": "sad"
    },
    "moods_mirex": {
        "all": {
            "Cluster1": 0.267140269279,
            "Cluster2": 0.334798693657,
            "Cluster3": 0.258932352066,
            "Cluster4": 0.112701505423,
            "Cluster5": 0.0264272000641
        },
        "probability": 0.334798693657,
        "value": "Cluster2"
    },
    "timbre": {
        "all": {
            "bright": 0.999999761581,
            "dark": 2.52419397384e-07
        },
        "probability": 0.999999761581,
        "value": "bright"
    },
    "tonal_atonal": {
        "all": {
            "atonal": 3.98228257836e-05,
            "tonal": 0.999960184097
        },
        "probability": 0.999960184097,
        "value": "tonal"
    },
    "voice_instrumental": {
        "all": {
            "instrumental": 0.183739900589,
            "voice": 0.816260099411
        },
        "probability": 0.816260099411,
        "value": "voice"
    }
},
"lowlevel": {
    "average_loudness": 0.961744308472,
    "barkbands_crest": {
        "dmean": 2.87886333466,
        "dmean2": 4.71858501434,
        "dvar": 7.52037572861,
        "dvar2": 17.9017410278,
        "max": 24.3707237244,
        "mean": 10.9056997299,
        "median": 9.94190692902,
        "min": 2.49224305153,
        "var": 19.2407455444
    },
    "barkbands_flatness_db": {
        "dmean": 0.0257600713521,
        "dmean2": 0.0398325882852,
        "dvar": 0.000581315078307,
        "dvar2": 0.00129114894662,
        "max": 0.306209087372,
        "mean": 0.165224835277,
        "median": 0.162424862385,
        "min": 0.0654956325889,
        "var": 0.00191798014566
    },
    "barkbands_kurtosis": {
        "dmean": 4.41600370407,
        "dmean2": 6.80080223083,
        "dvar": 61.1896896362,
        "dvar2": 136.282623291,
        "max": 115.812767029,
        "mean": 7.3865942955,
        "median": 4.04066371918,
        "min": -1.89159965515,
        "var": 115.375602722
    },
    "barkbands_skewness": {
        "dmean": 0.628464341164,
        "dmean2": 0.953990757465,
        "dvar": 0.502034842968,
        "dvar2": 1.05299067497,
        "max": 9.93463993073,
        "mean": 2.05761003494,
        "median": 1.85777854919,
        "min": -2.57130169868,
        "var": 1.7072302103
    },
    "barkbands_spread": {
        "dmean": 6.19088220596,
        "dmean2": 9.11471176147,
        "dvar": 64.0269927979,
        "dvar2": 129.485748291,
        "max": 88.7673721313,
        "mean": 17.9048900604,
        "median": 14.0295200348,
        "min": 1.80807769299,
        "var": 178.586303711
    },
    "dissonance": {
        "dmean": 0.0254392623901,
        "dmean2": 0.0403407849371,
        "dvar": 0.000503349001519,
        "dvar2": 0.00116756139323,
        "max": 0.499329894781,
        "mean": 0.440316677094,
        "median": 0.447222322226,
        "min": 0.278054773808,
        "var": 0.00125930074137
    },
    "dynamic_complexity": 2.30416560173,
    "erbbands_crest": {
        "dmean": 3.28507876396,
        "dmean2": 5.17720794678,
        "dvar": 10.3025569916,
        "dvar2": 23.1231689453,
        "max": 30.6508865356,
        "mean": 10.7333164215,
        "median": 9.30371952057,
        "min": 2.75439453125,
        "var": 27.123167038
    },
    "erbbands_flatness_db": {
        "dmean": 0.0219272170216,
        "dmean2": 0.0307737272233,
        "dvar": 0.000373804359697,
        "dvar2": 0.000756254477892,
        "max": 0.291395574808,
        "mean": 0.170011997223,
        "median": 0.168530747294,
        "min": 0.0810195282102,
        "var": 0.00145412702113
    },
    "erbbands_kurtosis": {
        "dmean": 1.65813183784,
        "dmean2": 2.56830263138,
        "dvar": 7.26221609116,
        "dvar2": 17.1021747589,
        "max": 27.1817302704,
        "mean": 1.56738889217,
        "median": 0.716837644577,
        "min": -1.83768332005,
        "var": 11.6279764175
    },
    "erbbands_skewness": {
        "dmean": 0.48241469264,
        "dmean2": 0.724373519421,
        "dvar": 0.254931181669,
        "dvar2": 0.521404206753,
        "max": 4.76130485535,
        "mean": 0.944332838058,
        "median": 0.860119521618,
        "min": -3.18424487114,
        "var": 0.876580476761
    },
    "erbbands_spread": {
        "dmean": 10.555437088,
        "dmean2": 15.7744121552,
        "dvar": 131.490570068,
        "dvar2": 279.365356445,
        "max": 128.47857666,
        "mean": 39.6450576782,
        "median": 34.1602096558,
        "min": 6.89957666397,
        "var": 455.945129395
    },
    "hfc": {
        "dmean": 6.83119821548,
        "dmean2": 9.0293598175,
        "dvar": 55.9822692871,
        "dvar2": 98.2102432251,
        "max": 83.3997650146,
        "mean": 17.8003540039,
        "median": 14.3109998703,
        "min": 0.779372513294,
        "var": 181.180465698
    },
    "melbands_crest": {
        "dmean": 3.76925611496,
        "dmean2": 6.08608818054,
        "dvar": 11.6155462265,
        "dvar2": 28.2319545746,
        "max": 31.6479816437,
        "mean": 14.8541669846,
        "median": 14.0282411575,
        "min": 4.10530042648,
        "var": 34.2092170715
    },
    "melbands_flatness_db": {
        "dmean": 0.0300521254539,
        "dmean2": 0.0448555909097,
        "dvar": 0.000896027602721,
        "dvar2": 0.00191206450108,
        "max": 0.389791876078,
        "mean": 0.202175393701,
        "median": 0.198041900992,
        "min": 0.052886493504,
        "var": 0.00330673740245
    },
    "melbands_kurtosis": {
        "dmean": 9.91955566406,
        "dmean2": 15.513800621,
        "dvar": 313.297851562,
        "dvar2": 747.323059082,
        "max": 226.84262085,
        "mean": 18.9294300079,
        "median": 11.1567897797,
        "min": -1.76993322372,
        "var": 559.229431152
    },
    "melbands_skewness": {
        "dmean": 0.865614295006,
        "dmean2": 1.32565367222,
        "dvar": 0.977816283703,
        "dvar2": 2.23558521271,
        "max": 13.1188106537,
        "mean": 2.94611501694,
        "median": 2.61375999451,
        "min": -0.433403909206,
        "var": 3.11630153656
    },
    "melbands_spread": {
        "dmean": 6.44857168198,
        "dmean2": 10.0789966583,
        "dvar": 112.919746399,
        "dvar2": 235.879943848,
        "max": 200.426422119,
        "mean": 18.0535793304,
        "median": 14.2839450836,
        "min": 1.21855807304,
        "var": 342.942749023
    },
    "pitch_salience": {
        "dmean": 0.0784516483545,
        "dmean2": 0.128028348088,
        "dvar": 0.00554815772921,
        "dvar2": 0.0136688388884,
        "max": 0.821359813213,
        "mean": 0.5389097929,
        "median": 0.545084476471,
        "min": 0.128967300057,
        "var": 0.0137471919879
    },
    "silence_rate_20dB": {
        "dmean": 0,
        "dmean2": 0,
        "dvar": 0,
        "dvar2": 0,
        "max": 1,
        "mean": 1,
        "median": 1,
        "min": 1,
        "var": 0
    },
    "silence_rate_30dB": {
        "dmean": 0,
        "dmean2": 0,
        "dvar": 0,
        "dvar2": 0,
        "max": 1,
        "mean": 1,
        "median": 1,
        "min": 1,
        "var": 0
    },
    "silence_rate_60dB": {
        "dmean": 0.0185758508742,
        "dmean2": 0.0371804796159,
        "dvar": 0.0182309001684,
        "dvar2": 0.0450926572084,
        "max": 1,
        "mean": 0.0193348806351,
        "median": 0,
        "min": 0,
        "var": 0.0189610477537
    },
    "spectral_centroid": {
        "dmean": 271.239807129,
        "dmean2": 414.995361328,
        "dvar": 119535.921875,
        "dvar2": 248298.09375,
        "max": 4717.33398438,
        "mean": 1039.99536133,
        "median": 905.407409668,
        "min": 253.574172974,
        "var": 357643.84375
    },
    "spectral_complexity": {
        "dmean": 3.60216712952,
        "dmean2": 5.3756775856,
        "dvar": 16.0229148865,
        "dvar2": 33.8364257812,
        "max": 44,
        "mean": 14.5622587204,
        "median": 14,
        "min": 2,
        "var": 40.2446174622
    },
    "spectral_decrease": {
        "dmean": 2.80969136845e-09,
        "dmean2": 4.04070377158e-09,
        "dvar": 1.21769663292e-17,
        "dvar2": 2.479533774e-17,
        "max": -2.14367773532e-10,
        "mean": -6.62916344041e-09,
        "median": -5.03580643851e-09,
        "min": -3.29239675523e-08,
        "var": 2.63108037598e-17
    },
    "spectral_energy": {
        "dmean": 0.0111039532349,
        "dmean2": 0.0158665273339,
        "dvar": 0.000183614800335,
        "dvar2": 0.000371589820134,
        "max": 0.127665027976,
        "mean": 0.026634529233,
        "median": 0.0204363651574,
        "min": 0.000919121608604,
        "var": 0.000405290687922
    },
    "spectral_energyband_high": {
        "dmean": 0.000476903485833,
        "dmean2": 0.000630074122455,
        "dvar": 5.4917899206e-07,
        "dvar2": 9.3481253316e-07,
        "max": 0.0117146857083,
        "mean": 0.00088373728795,
        "median": 0.000414643582189,
        "min": 3.6902863485e-06,
        "var": 1.71473936916e-06
    },
    "spectral_energyband_low": {
        "dmean": 0.0036017592065,
        "dmean2": 0.00554740568623,
        "dvar": 6.86499770381e-05,
        "dvar2": 0.000162410142366,
        "max": 0.111829534173,
        "mean": 0.00601231306791,
        "median": 0.00238493317738,
        "min": 5.56322083867e-06,
        "var": 9.27317960304e-05
    },
    "spectral_energyband_middle_high": {
        "dmean": 0.00129861570895,
        "dmean2": 0.00186708325054,
        "dvar": 3.59848559128e-06,
        "dvar2": 6.68787788527e-06,
        "max": 0.033955514431,
        "mean": 0.00296043371782,
        "median": 0.00202480866574,
        "min": 7.15429268894e-05,
        "var": 1.05616109067e-05
    },
    "spectral_energyband_middle_low": {
        "dmean": 0.00870987959206,
        "dmean2": 0.0127756660804,
        "dvar": 0.000134792571771,
        "dvar2": 0.000279106432572,
        "max": 0.123739011586,
        "mean": 0.018562078476,
        "median": 0.0132089853287,
        "min": 0.000381119753001,
        "var": 0.000281060783891
    },
    "spectral_entropy": {
        "dmean": 0.230765968561,
        "dmean2": 0.33504062891,
        "dvar": 0.0496418178082,
        "dvar2": 0.107278294861,
        "max": 8.46039295197,
        "mean": 7.42934608459,
        "median": 7.44743919373,
        "min": 6.09136915207,
        "var": 0.17493095994
    },
    "spectral_flux": {
        "dmean": 0.0343273431063,
        "dmean2": 0.0534350425005,
        "dvar": 0.00132213474717,
        "dvar2": 0.0030407954473,
        "max": 0.286367475986,
        "mean": 0.0834054499865,
        "median": 0.0723981708288,
        "min": 0.0138437412679,
        "var": 0.00219227001071
    },
    "spectral_kurtosis": {
        "dmean": 1.62505078316,
        "dmean2": 2.56683421135,
        "dvar": 4.54118585587,
        "dvar2": 12.2199115753,
        "max": 26.1067504883,
        "mean": 3.61381816864,
        "median": 2.75501775742,
        "min": -0.727212667465,
        "var": 10.0126571655
    },
    "spectral_rms": {
        "dmean": 0.00103377178311,
        "dmean2": 0.00144018954597,
        "dvar": 1.20267043258e-06,
        "dvar2": 2.30173168347e-06,
        "max": 0.0111602535471,
        "mean": 0.00475228065625,
        "median": 0.00446518929675,
        "min": 0.000946944579482,
        "var": 3.40071073879e-06
    },
    "spectral_rolloff": {
        "dmean": 502.397735596,
        "dmean2": 833.241760254,
        "dvar": 907120.25,
        "dvar2": 1933667,
        "max": 8979.34570312,
        "mean": 1174.89782715,
        "median": 753.662109375,
        "min": 107.666015625,
        "var": 1819209.875
    },
    "spectral_skewness": {
        "dmean": 0.258748024702,
        "dmean2": 0.386090159416,
        "dvar": 0.0624307915568,
        "dvar2": 0.152704298496,
        "max": 3.51633095741,
        "mean": 1.50406634808,
        "median": 1.46705985069,
        "min": 0.0958746150136,
        "var": 0.257190972567
    },
    "spectral_spread": {
        "dmean": 673033.625,
        "dmean2": 900663.5,
        "dvar": 398131986432,
        "dvar2": 741582831616,
        "max": 12280153,
        "mean": 5141684.5,
        "median": 5204416,
        "min": 1861209.375,
        "var": 2.03609708954e+12
    },
    "spectral_strongpeak": {
        "dmean": 0.560767054558,
        "dmean2": 0.899223148823,
        "dvar": 0.504174947739,
        "dvar2": 1.1769131422,
        "max": 6.03883886337,
        "mean": 1.13275921345,
        "median": 0.795963644981,
        "min": 0.0345255583525,
        "var": 1.03975069523
    },
    "zerocrossingrate": {
        "dmean": 0.0121371150017,
        "dmean2": 0.0134922210127,
        "dvar": 0.000178242757102,
        "dvar2": 0.000190432707313,
        "max": 0.27001953125,
        "mean": 0.0559982694685,
        "median": 0.048828125,
        "min": 0.01025390625,
        "var": 0.00112489785533
    },
    "barkbands": {
        "dmean": [9.24308824324e-06, 0.00097792444285, 0.00192573026288, 0.0015607731184, 0.00429041311145, 0.00176605058368, 0.00156817643438, 0.00187298946548, 0.00111632561311, 0.000504038587678, 0.000254191050772, 0.000257322215475, 0.000201190108783, 0.000228710559895, 0.000201092363568, 0.000119497773994, 9.76528899628e-05, 6.92256871844e-05, 8.03097136668e-05, 0.000103686834336, 0.000148851802805, 0.000121916142234, 7.28205704945e-05, 9.80387776508e-05, 6.60782388877e-05, 1.08004169306e-05, 7.84339704296e-09],
        "dmean2": [1.66430054378e-05, 0.00158085289877, 0.00311251846142, 0.00227281288244, 0.00680624414235, 0.00280719180591, 0.00233007711358, 0.00276914937422, 0.00163187400904, 0.000752571388148, 0.000360466394341, 0.00039570798981, 0.000322244857671, 0.000362665712601, 0.000315239041811, 0.000196096239961, 0.000158442519023, 0.000113041925943, 0.00013360210869, 0.000157897127792, 0.000214841318666, 0.000176845947863, 0.00010004145588, 0.000138274481287, 9.39754972933e-05, 1.64134089573e-05, 1.42416460847e-08],
        "dvar": [7.19383219661e-10, 7.37256641514e-06, 2.97945207421e-05, 1.45066542245e-05, 8.05926829344e-05, 7.57703446652e-06, 1.14666854643e-05, 2.25408257393e-05, 6.66950381856e-06, 1.47339767409e-06, 3.72079313138e-07, 4.2572466441e-07, 1.61238531859e-07, 1.75222510279e-07, 1.39214563433e-07, 7.32068698994e-08, 2.09122603678e-08, 1.9162046172e-08, 2.71094098281e-08, 2.61411781111e-08, 7.4782199988e-08, 7.27845659299e-08, 1.3624153361e-08, 3.1285811275e-08, 1.22853034412e-08, 3.90923793336e-10, 7.86401640676e-16],
        "dvar2": [2.05726746749e-09, 1.61957868841e-05, 7.30284300516e-05, 2.85996738967e-05, 0.000184782940778, 1.77048714249e-05, 2.28134449571e-05, 4.44112811238e-05, 1.40183319672e-05, 2.84914563053e-06, 6.5321233933e-07, 1.0468753544e-06, 3.8638023625e-07, 4.17507180828e-07, 2.79611185761e-07, 1.9682023833e-07, 5.36425766029e-08, 5.05679444984e-08, 7.46339949842e-08, 5.94044529123e-08, 1.38498435831e-07, 1.50847739633e-07, 2.70440896344e-08, 6.37625561239e-08, 2.62148915908e-08, 8.95914953336e-10, 2.15311645906e-15],
        "max": [0.000465564167826, 0.0343748778105, 0.0847193002701, 0.0430510789156, 0.115233115852, 0.0294905565679, 0.0433826260269, 0.0530979968607, 0.045688752085, 0.0286186169833, 0.0146007565781, 0.0132229691371, 0.00578727480024, 0.0048026163131, 0.0076931505464, 0.00376639096066, 0.00177987990901, 0.00197735894471, 0.00200611143373, 0.00153788726311, 0.00455046072602, 0.00533709069714, 0.0014688820811, 0.00340709532611, 0.00149355898611, 0.000199830625206, 3.17794928151e-07],
        "mean": [7.70545011619e-06, 0.00159982405603, 0.00280391657725, 0.0024168593809, 0.00567639106885, 0.00268666585907, 0.0026217084378, 0.00279368576594, 0.0019934582524, 0.000856778759044, 0.00038861160283, 0.000401845754823, 0.000279807281913, 0.000332887633704, 0.000305407709675, 0.000158337483299, 0.00015145126963, 9.19805315789e-05, 0.000111916087917, 0.000150741892867, 0.000243739661528, 0.000194248685148, 0.000113689857244, 0.00014833973546, 9.22207182157e-05, 1.23261770568e-05, 5.27078691803e-09],
        "median": [2.41362840825e-06, 0.000366062857211, 0.000737855152693, 0.000595976598561, 0.00182974152267, 0.00159381772391, 0.00083675829228, 0.000618831370957, 0.000724248820916, 0.000232646416407, 0.000113190668344, 0.000129814376123, 0.00012353969214, 0.000144776306115, 0.000119933691167, 7.37008449505e-05, 8.83854663698e-05, 4.5339580538e-05, 6.74553448334e-05, 7.77150853537e-05, 8.47485789564e-05, 6.94975533406e-05, 5.14965504408e-05, 5.19811801496e-05, 3.37265228154e-05, 3.51905600837e-06, 4.62787974609e-10],
        "min": [1.12042792821e-08, 8.25149584216e-07, 3.58802310529e-07, 9.74155227595e-07, 2.2108632038e-05, 4.79277241539e-06, 4.69385395263e-06, 1.7147536937e-06, 2.14796568798e-06, 1.47511627802e-06, 1.13181113193e-06, 7.43796817915e-07, 1.09091376999e-06, 2.50519838119e-06, 3.45110538547e-06, 2.35389302361e-06, 3.50147911377e-06, 2.1220682811e-06, 1.42142710047e-06, 1.49038851305e-06, 9.60581132858e-07, 4.43045593101e-07, 3.18801966159e-07, 6.35704680008e-08, 4.92513141381e-09, 8.06765244887e-12, 6.18449085346e-12],
        "var": [4.52179904631e-10, 1.24491116367e-05, 3.65757914551e-05, 3.08031703753e-05, 0.000112693829578, 1.12472334877e-05, 2.6576259188e-05, 4.00587741751e-05, 1.50901660163e-05, 3.41676854987e-06, 7.31663476472e-07, 5.9471477698e-07, 2.12129677379e-07, 2.78009139265e-07, 2.90109625212e-07, 7.08977268005e-08, 3.43119772594e-08, 2.05403125619e-08, 2.36920065788e-08, 4.06102635964e-08, 2.005975972e-07, 1.47820657048e-07, 3.01213205489e-08, 7.55470068725e-08, 2.11643431669e-08, 5.1160586878e-10, 5.23641803102e-16]
    },
    "erbbands": {
        "dmean": [0.00934774242342, 0.302063912153, 1.91351473331, 4.07547521591, 4.61558008194, 16.9185657501, 24.9039020538, 12.70200634, 15.603313446, 35.9043502808, 39.1962432861, 24.3632087708, 18.5314998627, 13.3381767273, 9.97284412384, 10.1782445908, 8.22920322418, 12.1197843552, 11.352314949, 7.92043304443, 5.78982877731, 4.71524000168, 3.66146278381, 4.22413825989, 4.24329042435, 5.10400104523, 6.02300930023, 5.64986610413, 4.54272842407, 2.9021730423, 2.02409315109, 1.9341288805, 1.70012748241, 1.00770890713, 0.325964808464, 0.0839183032513, 0.0142368059605, 0.000704170146491, 2.40439931076e-05, 1.41268083098e-05],
        "dmean2": [0.0148399388418, 0.490127384663, 3.10674142838, 5.90871047974, 7.70677614212, 27.7505931854, 38.3585739136, 19.937664032, 23.932516098, 51.9548797607, 57.0826263428, 35.4050827026, 26.7950019836, 19.0642433167, 14.1366987228, 15.5064687729, 12.7871809006, 19.0489273071, 17.6421012878, 12.7323522568, 9.25117206573, 7.64014863968, 5.98107433319, 6.86215353012, 6.88526725769, 7.8474817276, 8.80415439606, 8.0129108429, 6.65693616867, 4.11904191971, 2.77356696129, 2.77826690674, 2.47528719902, 1.4115871191, 0.479604184628, 0.125027671456, 0.0220536179841, 0.00112189538777, 3.4253247577e-05, 1.96359906113e-05],
        "dvar": [0.000655564013869, 0.67305457592, 29.2363243103, 93.6241607666, 67.8523406982, 1439.54504395, 2346.56469727, 408.405944824, 909.883422852, 8816.52441406, 10912.4189453, 3313.02099609, 1742.2902832, 1427.18994141, 500.00100708, 572.909179688, 201.186416626, 484.412139893, 592.22467041, 206.697799683, 144.299957275, 55.2444496155, 47.9086608887, 78.6242446899, 67.4490280151, 65.9024658203, 103.00390625, 146.269424438, 92.8772888184, 25.9774551392, 10.9305315018, 10.6376943588, 11.4753198624, 2.81771349907, 0.34958717227, 0.0258102808148, 0.000789976620581, 2.33229707192e-06, 1.45063550061e-09, 2.56297510992e-10],
        "dvar2": [0.00148648303002, 1.53296470642, 74.2163162231, 179.185562134, 179.776702881, 3639.19360352, 4671.75537109, 942.893493652, 1961.27941895, 16381.5791016, 22479.6660156, 6843.72509766, 3737.375, 2743.5324707, 985.041748047, 1300.56530762, 453.054901123, 1054.94348145, 1190.3737793, 485.641021729, 388.152557373, 138.899429321, 125.729156494, 215.090530396, 183.111068726, 150.169403076, 206.159393311, 271.072662354, 189.510574341, 51.8660812378, 21.3681716919, 22.2068881989, 24.045671463, 5.90132427216, 0.802601158619, 0.0591888912022, 0.00192279764451, 5.93318009123e-06, 3.42754180593e-09, 5.04833452819e-10],
        "max": [0.319722950459, 9.73549842834, 89.6903457642, 112.788192749, 113.823066711, 534.868164062, 479.678863525, 269.894439697, 385.99621582, 1115.82055664, 1480.93994141, 1114.04943848, 798.755859375, 1131.38134766, 447.717102051, 314.872253418, 242.191452026, 275.414855957, 500.688446045, 172.76725769, 207.431213379, 127.569213867, 105.440971375, 133.07585144, 98.9669723511, 78.6540603638, 143.932098389, 216.023742676, 164.242874146, 71.6339416504, 52.4280128479, 48.6702766418, 73.4530715942, 22.2567825317, 7.81449079514, 1.61834704876, 0.352299153805, 0.0217820778489, 0.000451060099294, 0.000142703851452],
        "mean": [0.0158300045878, 0.489592552185, 2.79664516449, 6.83214139938, 6.24770832062, 20.5691642761, 34.6902503967, 20.101682663, 27.2915611267, 59.0416679382, 59.3609695435, 43.1755523682, 36.5980567932, 22.68334198, 16.4201946259, 16.7534103394, 13.0992879868, 18.462677002, 17.140499115, 11.7865304947, 8.81405544281, 7.60351037979, 5.22868967056, 5.90519952774, 5.96872854233, 7.45171546936, 9.22372531891, 9.14443397522, 7.25352048874, 4.74457979202, 3.18571567535, 2.96985340118, 2.46159267426, 1.41291868687, 0.434300243855, 0.101086340845, 0.0157632622868, 0.000767173594795, 3.9415073843e-05, 3.43295723724e-05],
        "median": [0.00431927992031, 0.140509530902, 0.892092347145, 1.90276420116, 2.95124602318, 5.92167568207, 10.7351856232, 12.0886487961, 10.3084573746, 13.3693008423, 17.8475933075, 16.7941455841, 13.7052984238, 6.72810697556, 7.078373909, 6.77464675903, 6.76087856293, 7.98221349716, 7.15806484222, 5.53341531754, 5.02238464355, 4.17926549911, 2.84654021263, 3.17023587227, 3.57836437225, 3.89302349091, 3.78695988655, 2.87042951584, 2.56894874573, 1.99782967567, 1.469227314, 1.0905572176, 0.830817043781, 0.516189575195, 0.149168282747, 0.0306350681931, 0.00455441931263, 0.000220050264033, 2.28135268117e-05, 2.76398932328e-05],
        "min": [2.74600733974e-05, 0.000200160036911, 0.00213383929804, 0.00665641389787, 0.0134410634637, 0.0686521306634, 0.0796870663762, 0.0412319973111, 0.0921139195561, 0.137264192104, 0.136156067252, 0.113971412182, 0.12926825881, 0.084623657167, 0.0687348917127, 0.0909980982542, 0.0893192663789, 0.144289776683, 0.1935069561, 0.215092048049, 0.205263599753, 0.197705447674, 0.170676901937, 0.0937312990427, 0.111310891807, 0.106533378363, 0.057678129524, 0.0306620243937, 0.0189612861723, 0.0101429354399, 0.00657058088109, 0.00434330571443, 0.000930024601985, 0.000182579795364, 2.2344827812e-05, 5.79451443627e-06, 2.60406773123e-06, 3.61462497267e-07, 1.07724429199e-06, 1.31401804992e-06],
        "var": [0.00107903091703, 1.03127539158, 31.6761951447, 206.886795044, 88.0868225098, 1627.59069824, 3892.26635742, 667.125305176, 1881.00500488, 20360.5351562, 17753.4160156, 7024.44384766, 4072.64819336, 3158.25708008, 893.818664551, 925.926452637, 350.270202637, 814.620666504, 1080.93774414, 319.871795654, 153.843612671, 107.692276001, 54.4419898987, 73.3739013672, 62.9668960571, 101.97518158, 222.642974854, 380.454589844, 204.16696167, 60.1895904541, 24.8548259735, 27.2756519318, 23.0471630096, 5.11660289764, 0.512730836868, 0.0343958437443, 0.000877489277627, 2.39345263253e-06, 2.09911288351e-09, 6.0830457338e-10]
    },
    "gfcc": {
        "mean": [-6.60458517075, 96.1627502441, -120.114570618, 32.3076019287, -85.0698242188, 12.8118066788, -49.4746704102, 3.4074075222, -25.5071086884, 0.591184973717, -17.668006897, -11.9304876328, -6.31617927551],
        "cov": [[2457.59423828, -850.351013184, 187.058074951, 5.5990281105, -291.877807617, 166.546554565, -108.271385193, 129.173278809, -83.3027267456, 171.382583618, -182.925613403, 93.4430999756, -99.3547210693], [-850.351013184, 1220.15478516, -190.103500366, -225.392776489, 325.202270508, -79.5384597778, 244.935150146, -73.1268539429, 134.447219849, -150.854293823, 186.067138672, -115.073394775, 90.5826263428], [187.058074951, -190.103500366, 590.963256836, 327.21194458, 22.7989559174, 62.3619384766, -82.7025756836, 27.6361923218, -34.6590690613, 55.5802154541, -33.8618774414, 33.4129180908, -19.8527317047], [5.5990281105, -225.392776489, 327.21194458, 540.838745117, 84.8479385376, 58.2755432129, -53.7852058411, -0.0985553115606, 8.46118736267, 2.01180100441, 2.18046450615, 13.3870954514, 29.3844089508], [-291.877807617, 325.202270508, 22.7989559174, 84.8479385376, 311.671112061, 61.9765739441, 91.0428695679, 33.2265548706, 36.568157196, -27.4968261719, 47.4234848022, -22.1127948761, 20.1241874695], [166.546554565, -79.5384597778, 62.3619384766, 58.2755432129, 61.9765739441, 211.305969238, 92.4572143555, 83.8619003296, 12.4521188736, 40.1630516052, -1.85850214958, 6.2639632225, -7.48723220825], [-108.271385193, 244.935150146, -82.7025756836, -53.7852058411, 91.0428695679, 92.4572143555, 223.909255981, 56.7544670105, 52.2612304688, -2.55573654175, 41.7332649231, -4.88873052597, 5.80413293839], [129.173278809, -73.1268539429, 27.6361923218, -0.0985553115606, 33.2265548706, 83.8619003296, 56.7544670105, 154.815582275, 29.2336101532, 47.9540023804, 5.15089988708, 20.2999019623, -11.4272661209], [-83.3027267456, 134.447219849, -34.6590690613, 8.46118736267, 36.568157196, 12.4521188736, 52.2612304688, 29.2336101532, 169.049591064, 52.2079315186, 14.9107580185, -21.0436954498, 4.16439199448], [171.382583618, -150.854293823, 55.5802154541, 2.01180100441, -27.4968261719, 40.1630516052, -2.55573654175, 47.9540023804, 52.2079315186, 133.097747803, -3.51486802101, 32.0916671753, -23.6402587891], [-182.925613403, 186.067138672, -33.8618774414, 2.18046450615, 47.4234848022, -1.85850214958, 41.7332649231, 5.15089988708, 14.9107580185, -3.51486802101, 127.581413269, 12.0139341354, 46.9436264038], [93.4430999756, -115.073394775, 33.4129180908, 13.3870954514, -22.1127948761, 6.2639632225, -4.88873052597, 20.2999019623, -21.0436954498, 32.0916671753, 12.0139341354, 96.6531982422, 24.6780357361], [-99.3547210693, 90.5826263428, -19.8527317047, 29.3844089508, 20.1241874695, -7.48723220825, 5.80413293839, -11.4272661209, 4.16439199448, -23.6402587891, 46.9436264038, 24.6780357361, 105.454719543]],
        "icov": [[0.000622369698249, 2.86904796667e-05, -1.52092889039e-05, 1.20624636111e-05, 0.000447958504083, -0.000491781916935, 0.000183245414519, -0.000297420629067, 0.000258579995716, -0.000418487819843, 0.000572509423364, -0.000257836247329, 9.42411716096e-05], [2.86904796667e-05, 0.00729470327497, -0.00316330953501, 0.00502026453614, -0.00560744479299, 0.0037084617652, -0.00544144073501, 0.00367981521413, -0.00530494749546, 0.00597274815664, -0.00633331714198, 0.00489382166415, -0.00297917542048], [-1.52092889039e-05, -0.00316330953501, 0.00440288987011, -0.00391716323793, 0.00225195032544, -0.00193357956596, 0.0030268074479, -0.00188283924945, 0.00320206675678, -0.00380559475161, 0.00310071161948, -0.00245157955214, 0.00189943879377], [1.20624636111e-05, 0.00502026453614, -0.00391716323793, 0.00672225933522, -0.00450978241861, 0.00158666539937, -0.00277215824462, 0.00302603351884, -0.00467213522643, 0.00513543374836, -0.00453848903999, 0.00303799007088, -0.00281258649193], [0.000447958504083, -0.00560744479299, 0.00225195032544, -0.00450978241861, 0.00901998858899, -0.00379173504189, 0.00311207864434, -0.00357657810673, 0.00364721333608, -0.00359509373084, 0.00413202866912, -0.00316351256333, 0.00232085445896], [-0.000491781916935, 0.0037084617652, -0.00193357956596, 0.00158666539937, -0.00379173504189, 0.0105693880469, -0.0064633754082, -0.000702724733856, -0.000936580705456, 0.000660169345792, -0.00230492348783, 0.00409618765116, -0.00244887592271], [0.000183245414519, -0.00544144073501, 0.0030268074479, -0.00277215824462, 0.00311207864434, -0.0064633754082, 0.0121588781476, -0.00370575790294, 0.00159434217494, -0.0022299522534, 0.00295850145631, -0.00492643052712, 0.00333841238171], [-0.000297420629067, 0.00367981521413, -0.00188283924945, 0.00302603351884, -0.00357657810673, -0.000702724733856, -0.00370575790294, 0.0114559540525, -0.00368007319048, 0.00161060935352, -0.00364965526387, 0.000809940160252, -0.000619233993348], [0.000258579995716, -0.00530494749546, 0.00320206675678, -0.00467213522643, 0.00364721333608, -0.000936580705456, 0.00159434217494, -0.00368007319048, 0.013354383409, -0.0103862229735, 0.00536737265065, 0.00038068529102, 0.000121986093291], [-0.000418487819843, 0.00597274815664, -0.00380559475161, 0.00513543374836, -0.00359509373084, 0.000660169345792, -0.0022299522534, 0.00161060935352, -0.0103862229735, 0.0192642342299, -0.00710188457742, -0.0013719603885, 0.00156929134391], [0.000572509423364, -0.00633331714198, 0.00310071161948, -0.00453848903999, 0.00413202866912, -0.00230492348783, 0.00295850145631, -0.00364965526387, 0.00536737265065, -0.00710188457742, 0.0166941210628, -0.00460473028943, -0.00184049678501], [-0.000257836247329, 0.00489382166415, -0.00245157955214, 0.00303799007088, -0.00316351256333, 0.00409618765116, -0.00492643052712, 0.000809940160252, 0.00038068529102, -0.0013719603885, -0.00460473028943, 0.0183560550213, -0.00706956256181], [9.42411716096e-05, -0.00297917542048, 0.00189943879377, -0.00281258649193, 0.00232085445896, -0.00244887592271, 0.00333841238171, -0.000619233993348, 0.000121986093291, 0.00156929134391, -0.00184049678501, -0.00706956256181, 0.0152249205858]]
    },
    "melbands": {
        "dmean": [0.000174414875801, 0.000804474577308, 0.000680275494233, 0.000676710333209, 0.000939320481848, 0.000295229780022, 0.000258584972471, 0.000389773544157, 0.000316013843985, 0.000144105157233, 9.24153064261e-05, 5.59650470677e-05, 3.5634591768e-05, 3.0101648008e-05, 2.2003061531e-05, 1.94807216758e-05, 2.34359395108e-05, 1.92387269635e-05, 1.24864973259e-05, 1.00785573522e-05, 6.83417965774e-06, 5.53332529307e-06, 4.10878237744e-06, 3.49167680724e-06, 3.66947915609e-06, 2.86455269816e-06, 3.53821201315e-06, 3.49641845787e-06, 3.45322041539e-06, 4.21239246862e-06, 3.17492867907e-06, 2.87451575787e-06, 2.17533965952e-06, 1.49054551457e-06, 1.19022479339e-06, 1.17729155136e-06, 1.29740431021e-06, 1.39287772072e-06, 9.13761539323e-07, 8.8247173835e-07],
        "dmean2": [0.000278322055237, 0.00130910577718, 0.00100507459138, 0.00116522458848, 0.00144822790753, 0.000466127996333, 0.00039224390639, 0.000563567155041, 0.000457587215351, 0.000210405734833, 0.000134977337439, 8.14530940261e-05, 5.0514267059e-05, 4.62484713353e-05, 3.40015394613e-05, 3.11893381877e-05, 3.70562702301e-05, 3.00030787912e-05, 2.01114908123e-05, 1.66050103871e-05, 1.09898273877e-05, 8.98734924704e-06, 6.73064096191e-06, 5.7816350818e-06, 5.98962105869e-06, 4.86103317598e-06, 5.53235486223e-06, 5.49053265786e-06, 5.16626505487e-06, 6.14611963101e-06, 4.63848937216e-06, 4.26528367825e-06, 3.19807054439e-06, 2.17001775127e-06, 1.66695633652e-06, 1.70782209352e-06, 1.89594675248e-06, 2.06339723263e-06, 1.31291483285e-06, 1.25495910197e-06],
        "dvar": [2.32471236927e-07, 4.72584588351e-06, 2.16741477743e-06, 2.05341120818e-06, 3.63977756024e-06, 2.1593830013e-07, 2.45958375444e-07, 9.89464524537e-07, 6.90592173669e-07, 1.18792002013e-07, 4.48248478335e-08, 2.6902666761e-08, 7.0548455966e-09, 6.02901284452e-09, 2.34537433919e-09, 1.69256175742e-09, 1.85609860814e-09, 2.03289296508e-09, 5.26164389836e-10, 4.43971165387e-10, 1.79833398173e-10, 7.46192344026e-11, 5.18939613503e-11, 5.41644576413e-11, 6.12267667122e-11, 3.94311978902e-11, 3.95092569772e-11, 3.22946634712e-11, 3.19067550159e-11, 6.82039216771e-11, 6.06888705956e-11, 4.46000979204e-11, 1.64925954838e-11, 6.91889254223e-12, 4.26005498239e-12, 3.78399915568e-12, 5.81914160955e-12, 8.40217218717e-12, 2.88694740856e-12, 2.07384478514e-12],
        "dvar2": [5.0291515663e-07, 1.18772240967e-05, 4.27301893069e-06, 5.53632708034e-06, 7.32718808649e-06, 4.99413772559e-07, 5.26805365553e-07, 1.84535815606e-06, 1.45082447034e-06, 2.48440500172e-07, 9.53257739411e-08, 5.06503141651e-08, 1.23050165612e-08, 1.54901389493e-08, 4.77021355749e-09, 3.97695343324e-09, 4.06195432845e-09, 4.22070201012e-09, 1.14471887525e-09, 1.17730358795e-09, 4.80482154064e-10, 1.88028745352e-10, 1.31886668253e-10, 1.45895143189e-10, 1.67801272877e-10, 1.10028805511e-10, 1.00634237055e-10, 7.35015173725e-11, 6.57351395539e-11, 1.31185701191e-10, 1.13711207117e-10, 9.45465788993e-11, 3.61430746443e-11, 1.41359302736e-11, 8.63165181691e-12, 7.95251451496e-12, 1.31160846073e-11, 1.82918021008e-11, 6.24841931668e-12, 4.36056486058e-12],
        "max": [0.00588871818036, 0.0348936542869, 0.0160360019654, 0.0172335542738, 0.0208503641188, 0.00640364922583, 0.00645589781925, 0.0127740697935, 0.0116482321173, 0.00598486093804, 0.00398048525676, 0.00488807354122, 0.002156450646, 0.00169733783696, 0.00132441916503, 0.000614139484242, 0.000531838508323, 0.000884544977453, 0.000509277393576, 0.00023355644953, 0.000228230564971, 0.000155057656229, 0.000110833920189, 0.000109331238491, 0.000121331504488, 9.52358896029e-05, 7.85782758612e-05, 5.84464578424e-05, 7.49616301619e-05, 0.000133509514853, 0.000141493204865, 0.00012538136798, 5.44239483133e-05, 2.94844048767e-05, 3.35541226377e-05, 2.46180243266e-05, 3.90260538552e-05, 6.37350967736e-05, 2.76429200312e-05, 1.6636104192e-05],
        "mean": [0.000293563847663, 0.00121347792447, 0.00112456839997, 0.00081396359019, 0.00130291259848, 0.000459034810774, 0.000449408893473, 0.000630962895229, 0.000470153841889, 0.000260429136688, 0.000178318892722, 9.05713895918e-05, 5.64146503166e-05, 4.697962504e-05, 3.46940287272e-05, 2.81811207969e-05, 3.43122192135e-05, 2.70017571893e-05, 1.91025683307e-05, 1.33266148623e-05, 9.85919359664e-06, 8.4318971858e-06, 5.69161193198e-06, 4.4488315325e-06, 4.87931811222e-06, 3.7805325519e-06, 4.932270258e-06, 4.80884500575e-06, 4.98382087244e-06, 6.53411962048e-06, 4.88403975396e-06, 4.30590671385e-06, 3.33663274432e-06, 2.31325157074e-06, 1.81313600933e-06, 1.68328961081e-06, 1.88300134596e-06, 1.902327881e-06, 1.29471686705e-06, 1.17472040984e-06],
        "median": [6.87116116751e-05, 0.000423504039645, 0.000411779386923, 0.00033617040026, 0.000395630428102, 0.000273616809864, 0.000170247672941, 0.000137711875141, 0.000136369562824, 9.83319478109e-05, 5.92785145273e-05, 2.30449713854e-05, 2.096965909e-05, 1.56874029926e-05, 1.4712565644e-05, 1.30164298753e-05, 1.43943125295e-05, 1.03838929135e-05, 8.33716239867e-06, 6.3022730501e-06, 5.67468896406e-06, 4.46071317128e-06, 3.06035030917e-06, 2.11850215237e-06, 2.41428074332e-06, 2.12394957089e-06, 2.71186127065e-06, 2.34452136283e-06, 2.12867030314e-06, 2.05787591767e-06, 1.40620647926e-06, 1.37252550303e-06, 1.25149676933e-06, 9.85002657217e-07, 8.3154117192e-07, 6.64731032884e-07, 6.25569157364e-07, 5.76557170007e-07, 4.96489292345e-07, 3.99800882178e-07],
        "min": [1.80058719934e-07, 4.79994184843e-07, 1.14895567549e-06, 4.20195829065e-06, 1.18531499993e-06, 7.32347132271e-07, 1.1155680113e-06, 1.04335867945e-06, 8.83825009623e-07, 5.13934196533e-07, 4.78041954466e-07, 1.79866745498e-07, 1.99907702836e-07, 6.97994124721e-08, 1.55106775424e-07, 1.90422241531e-07, 2.02018341611e-07, 2.35835827311e-07, 2.47609335702e-07, 1.94968848177e-07, 1.66244973343e-07, 1.40401127169e-07, 1.2084382206e-07, 9.8007248539e-08, 6.07000387731e-08, 4.95228107411e-08, 4.09776710342e-08, 5.7150778332e-08, 2.90672872438e-08, 1.83168893386e-08, 1.09144258076e-08, 8.9488123578e-09, 9.84266357307e-09, 4.52946880003e-09, 3.90854770771e-09, 2.36649344565e-09, 7.73396235942e-10, 3.76691289272e-10, 2.16628687211e-10, 6.42018660457e-11],
