{
"highlevel": {
    "danceability": {
        "all": {
            "danceable": 0.0208788756281,
            "not_danceable": 0.979121148586
        },
        "probability": 0.979121148586,
        "value": "not_danceable"
    },
    "gender": {
        "all": {
            "female": 0.608716189861,
            "male": 0.391283839941
        },
        "probability": 0.608716189861,
        "value": "female"
    },
    "genre_dortmund": {
        "all": {
            "alternative": 0.077722042799,
            "blues": 0.0712011680007,
            "electronic": 0.0130574237555,
            "folkcountry": 0.675128996372,
            "funksoulrnb": 0.00748043367639,
            "jazz": 0.0961760506034,
            "pop": 0.0372316762805,
            "raphiphop": 0.00142422947101,
            "rock": 0.0205779932439
        },
        "probability": 0.675128996372,
        "value": "folkcountry"
    },
    "genre_electronic": {
        "all": {
            "ambient": 0.934352695942,
            "dnb": 0.00889869686216,
            "house": 0.0487595573068,
            "techno": 0.0055495663546,
            "trance": 0.00243949703872
        },
        "probability": 0.934352695942,
        "value": "ambient"
    },
    "genre_rosamerica": {
        "all": {
            "cla": 0.99324464798,
            "dan": 0.000379657023586,
            "hip": 0.00021758452931,
            "jaz": 0.000366903637769,
            "pop": 0.000211741542444,
            "rhy": 0.00464215734974,
            "roc": 0.000539909524377,
            "spe": 0.000397422729293
        },
        "probability": 0.99324464798,
        "value": "cla"
    },
    "genre_tzanetakis": {
        "all": {
            "blu": 0.00751525908709,
            "cla": 0.00445543462411,
            "cou": 0.0211866293103,
            "dis": 0.00660866079852,
            "hip": 0.00753073580563,
            "jaz": 0.884298145771,
            "met": 0.00232915510423,
            "pop": 0.028222464025,
            "reg": 0.0301569085568,
            "roc": 0.00769659364596
        },
        "probability": 0.884298145771,
        "value": "jaz"
    },
    "ismir04_rhythm": {
        "all": {
            "ChaChaCha": 0.00146579812281,
            "Jive": 0.000176767076482,
            "Quickstep": 0.00106147187762,
            "Rumba-American": 0.00183728500269,
            "Rumba-International": 0.00296182255261,
            "Rumba-Misc": 0.0029435721226,
            "Samba": 0.000496196560562,
            "Tango": 0.310839354992,
            "VienneseWaltz": 0.0146903600544,
            "Waltz": 0.663527369499
        },
        "probability": 0.663527369499,
        "value": "Waltz"
    },
    "mood_acoustic": {
        "all": {
            "acoustic": 0.916361927986,
            "not_acoustic": 0.083638086915
        },
        "probability": 0.916361927986,
        "value": "acoustic"
    },
    "mood_aggressive": {
        "all": {
            "aggressive": 0.00393990939483,
            "not_aggressive": 0.996060073376
        },
        "probability": 0.996060073376,
        "value": "not_aggressive"
    },
    "mood_electronic": {
        "all": {
            "electronic": 0.040218912065,
            "not_electronic": 0.959781110287
        },
        "probability": 0.959781110287,
        "value": "not_electronic"
    },
    "mood_happy": {
        "all": {
            "happy": 0.492439448833,
            "not_happy": 0.507560551167
        },
        "probability": 0.507560551167,
        "value": "not_happy"
    },
    "mood_party": {
        "all": {
            "not_party": 0.975671708584,
            "party": 0.0243282746524
        },
        "probability": 0.975671708584,
        "value": "not_party"
    },
    "mood_relaxed": {
        "all": {
            "not_relaxed": 0.0270763766021,
            "relaxed": 0.972923636436
        },
        "probability": 0.972923636436,
        "value": "relaxed"
    },
    "mood_sad": {
        "all": {
            "not_sad": 0.166109651327,
            "sad": 0.833890378475
        },
        "probability": 0.833890378475,
        "value": "sad"
    },
    "moods_mirex": {
        "all": {
            "Cluster1": 0.0582308471203,
            "Cluster2": 0.321494758129,
            "Cluster3": 0.363206893206,
            "Cluster4": 0.246942028403,
            "Cluster5": 0.0101254647598
        },
        "probability": 0.363206893206,
        "value": "Cluster3"
    },
    "timbre": {
        "all": {
            "bright": 0.958913803101,
            "dark": 0.041086178273
        },
        "probability": 0.958913803101,
        "value": "bright"
    },
    "tonal_atonal": {
        "all": {
            "atonal": 0.0142710665241,
            "tonal": 0.985728919506
        },
        "probability": 0.985728919506,
        "value": "tonal"
    },
    "voice_instrumental": {
        "all": {
            "instrumental": 0.960711121559,
            "voice": 0.0392888970673
        },
        "probability": 0.960711121559,
        "value": "instrumental"
    }
},
"lowlevel": {
    "average_loudness": 0.590956330299,
    "barkbands_crest": {
        "dmean": 1.89178490639,
        "dmean2": 3.03971767426,
        "dvar": 3.91010594368,
        "dvar2": 11.3220472336,
        "max": 22.9218578339,
        "mean": 10.2274026871,
        "median": 9.36125087738,
        "min": 3.7368016243,
        "var": 14.9704656601
    },
    "barkbands_flatness_db": {
        "dmean": 0.0153924794868,
        "dmean2": 0.0237194318324,
        "dvar": 0.000193144805962,
        "dvar2": 0.000520117464475,
        "max": 0.404058486223,
        "mean": 0.227034941316,
        "median": 0.225299462676,
        "min": 0.0994716063142,
        "var": 0.00223339162767
    },
    "barkbands_kurtosis": {
        "dmean": 1.40423822403,
        "dmean2": 2.21264266968,
        "dvar": 6.59322309494,
        "dvar2": 14.5158863068,
        "max": 86.606590271,
        "mean": 2.79315423965,
        "median": 1.57904195786,
        "min": -1.64227819443,
        "var": 43.8539543152
    },
    "barkbands_skewness": {
        "dmean": 0.343259006739,
        "dmean2": 0.538162946701,
        "dvar": 0.109954409301,
        "dvar2": 0.286321520805,
        "max": 7.79357910156,
        "mean": 1.18073034286,
        "median": 1.12728798389,
        "min": -2.09693360329,
        "var": 0.957670986652
    },
    "barkbands_spread": {
        "dmean": 2.19343280792,
        "dmean2": 3.46558570862,
        "dvar": 8.14689445496,
        "dvar2": 19.8456249237,
        "max": 51.6606407166,
        "mean": 11.6508865356,
        "median": 9.29751586914,
        "min": 0.986316800117,
        "var": 58.200881958
    },
    "dissonance": {
        "dmean": 0.0274326018989,
        "dmean2": 0.0462579354644,
        "dvar": 0.000567857758142,
        "dvar2": 0.00153092574328,
        "max": 0.4994379282,
        "mean": 0.424272596836,
        "median": 0.429562717676,
        "min": 0.275351792574,
        "var": 0.00174264621455
    },
    "dynamic_complexity": 4.52992343903,
    "erbbands_crest": {
        "dmean": 2.21670174599,
        "dmean2": 3.55658388138,
        "dvar": 5.16204881668,
        "dvar2": 13.5008077621,
        "max": 29.7029724121,
        "mean": 11.195268631,
        "median": 10.0537061691,
        "min": 3.68573451042,
        "var": 22.8740634918
    },
    "erbbands_flatness_db": {
        "dmean": 0.0119356652722,
        "dmean2": 0.018051084131,
        "dvar": 0.000127750769025,
        "dvar2": 0.000273086217931,
        "max": 0.35743945837,
        "mean": 0.264244049788,
        "median": 0.259832471609,
        "min": 0.165954783559,
        "var": 0.00144248385914
    },
    "erbbands_kurtosis": {
        "dmean": 0.574280500412,
        "dmean2": 0.906879425049,
        "dvar": 0.481655210257,
        "dvar2": 1.10929965973,
        "max": 8.14095878601,
        "mean": 0.14080144465,
        "median": -0.237915277481,
        "min": -1.51771938801,
        "var": 1.59479665756
    },
    "erbbands_skewness": {
        "dmean": 0.249058842659,
        "dmean2": 0.391930013895,
        "dvar": 0.0548302568495,
        "dvar2": 0.13330334425,
        "max": 2.60790967941,
        "mean": 0.361539661884,
        "median": 0.407536059618,
        "min": -2.51086783409,
        "var": 0.321303874254
    },
    "erbbands_spread": {
        "dmean": 3.28554320335,
        "dmean2": 5.06998968124,
        "dvar": 12.659412384,
        "dvar2": 29.8321304321,
        "max": 53.6627731323,
        "mean": 21.8137836456,
        "median": 21.2518482208,
        "min": 6.5643157959,
        "var": 67.976890564
    },
    "hfc": {
        "dmean": 2.41094017029,
        "dmean2": 3.49947357178,
        "dvar": 16.3945426941,
        "dvar2": 32.9995727539,
        "max": 87.7851028442,
        "mean": 10.4918804169,
        "median": 6.73653936386,
        "min": 0.167507901788,
        "var": 141.761474609
    },
    "melbands_crest": {
        "dmean": 2.35842871666,
        "dmean2": 3.85593628883,
        "dvar": 5.65288209915,
        "dvar2": 15.6510686874,
        "max": 33.4864463806,
        "mean": 13.2006387711,
        "median": 12.1345272064,
        "min": 4.78486204147,
        "var": 25.4506416321
    },
    "melbands_flatness_db": {
        "dmean": 0.016680765897,
        "dmean2": 0.0254383776337,
        "dvar": 0.000250227050856,
        "dvar2": 0.000626969034784,
        "max": 0.502517282963,
        "mean": 0.297751545906,
        "median": 0.296493530273,
        "min": 0.132026359439,
        "var": 0.00429220171645
    },
    "melbands_kurtosis": {
        "dmean": 2.29098033905,
        "dmean2": 3.64207577705,
        "dvar": 18.862323761,
        "dvar2": 44.3807258606,
        "max": 144.148254395,
        "mean": 5.62344646454,
        "median": 3.53212356567,
        "min": -1.72521495819,
        "var": 107.052444458
    },
    "melbands_skewness": {
        "dmean": 0.389134019613,
        "dmean2": 0.61094725132,
        "dvar": 0.16713578999,
        "dvar2": 0.439602375031,
        "max": 9.44115161896,
        "mean": 1.7355505228,
        "median": 1.63050556183,
        "min": -1.07430315018,
        "var": 1.11717009544
    },
    "melbands_spread": {
        "dmean": 3.41828274727,
        "dmean2": 5.34748268127,
        "dvar": 26.3589248657,
        "dvar2": 64.7872009277,
        "max": 102.932891846,
        "mean": 16.5184364319,
        "median": 11.4346427917,
        "min": 0.935786426067,
        "var": 203.965438843
    },
    "pitch_salience": {
        "dmean": 0.0525930300355,
        "dmean2": 0.0848957002163,
        "dvar": 0.00214378465898,
        "dvar2": 0.00571141438559,
        "max": 0.804678499699,
        "mean": 0.542569994926,
        "median": 0.559490680695,
        "min": 0.161227196455,
        "var": 0.0112365717068
    },
    "silence_rate_20dB": {
        "dmean": 0,
        "dmean2": 0,
        "dvar": 0,
        "dvar2": 0,
        "max": 1,
        "mean": 1,
        "median": 1,
        "min": 1,
        "var": 0
    },
    "silence_rate_30dB": {
        "dmean": 0.00154798757285,
        "dmean2": 0.00309837330133,
        "dvar": 0.00154557975475,
        "dvar2": 0.00308871292509,
        "max": 1,
        "mean": 0.998453199863,
        "median": 1,
        "min": 0,
        "var": 0.00154438975733
    },
    "silence_rate_60dB": {
        "dmean": 0.0356037169695,
        "dmean2": 0.0704879909754,
        "dvar": 0.0343361124396,
        "dvar2": 0.077912196517,
        "max": 1,
        "mean": 0.18097448349,
        "median": 0,
        "min": 0,
        "var": 0.148221999407
    },
    "spectral_centroid": {
        "dmean": 124.08707428,
        "dmean2": 186.252212524,
        "dvar": 33617.5625,
        "dvar2": 76672.6875,
        "max": 3367.18359375,
        "mean": 855.004455566,
        "median": 609.537353516,
        "min": 199.692764282,
        "var": 373818.15625
    },
    "spectral_complexity": {
        "dmean": 1.38235294819,
        "dmean2": 2.21611166,
        "dvar": 1.95907902718,
        "dvar2": 4.37700605392,
        "max": 30,
        "mean": 11.7416858673,
        "median": 11,
        "min": 3,
        "var": 27.8545799255
    },
    "spectral_decrease": {
        "dmean": 1.08344633265e-09,
        "dmean2": 1.69489167146e-09,
        "dvar": 3.25935693164e-18,
        "dvar2": 9.08206675865e-18,
        "max": -1.24572768767e-10,
        "mean": -4.31956914682e-09,
        "median": -2.56603338578e-09,
        "min": -3.04125151729e-08,
        "var": 2.00974878738e-17
    },
    "spectral_energy": {
        "dmean": 0.00427759299055,
        "dmean2": 0.00667001353577,
        "dvar": 4.9997226597e-05,
        "dvar2": 0.000138590781717,
        "max": 0.116642020643,
        "mean": 0.0172546803951,
        "median": 0.0106045808643,
        "min": 0.000485359836603,
        "var": 0.00031634233892
    },
    "spectral_energyband_high": {
        "dmean": 3.33191455866e-05,
        "dmean2": 4.59576440335e-05,
        "dvar": 1.04193036421e-08,
        "dvar2": 2.23004157363e-08,
        "max": 0.00270587275736,
        "mean": 9.67142041191e-05,
        "median": 6.9714469646e-06,
        "min": 9.56864312229e-08,
        "var": 6.40929229689e-08
    },
    "spectral_energyband_low": {
        "dmean": 0.00078202370787,
        "dmean2": 0.00115546747111,
        "dvar": 3.80812639378e-06,
        "dvar2": 5.71319515075e-06,
        "max": 0.076882570982,
        "mean": 0.00235260883346,
        "median": 0.000733479042538,
        "min": 9.6766916613e-06,
        "var": 3.18866841553e-05
    },
    "spectral_energyband_middle_high": {
        "dmean": 0.000993415829726,
        "dmean2": 0.00135823071469,
        "dvar": 4.44340184913e-06,
        "dvar2": 7.16277372703e-06,
        "max": 0.0675336495042,
        "mean": 0.0036234066356,
        "median": 0.00185906211846,
        "min": 3.17249214277e-05,
        "var": 3.33910102199e-05
    },
    "spectral_energyband_middle_low": {
        "dmean": 0.00372624164447,
        "dmean2": 0.00601319922134,
        "dvar": 4.40056755906e-05,
        "dvar2": 0.000132308370667,
        "max": 0.10391806066,
        "mean": 0.0122200213373,
        "median": 0.00617850478739,
        "min": 0.000246730720391,
        "var": 0.000203001094633
    },
    "spectral_entropy": {
        "dmean": 0.124851591885,
        "dmean2": 0.188569784164,
        "dvar": 0.0154545903206,
        "dvar2": 0.0324139818549,
        "max": 7.67645406723,
        "mean": 6.40675449371,
        "median": 6.43321275711,
        "min": 5.09622812271,
        "var": 0.0994358435273
    },
    "spectral_flux": {
        "dmean": 0.0118483547121,
        "dmean2": 0.0190388299525,
        "dvar": 0.000191915838514,
        "dvar2": 0.000469669728773,
        "max": 0.190792068839,
        "mean": 0.0427332445979,
        "median": 0.0341767370701,
        "min": 0.004752879031,
        "var": 0.000992962275632
    },
    "spectral_kurtosis": {
        "dmean": 8.53757476807,
        "dmean2": 14.4568195343,
        "dvar": 76.419921875,
        "dvar2": 206.273452759,
        "max": 107.011138916,
        "mean": 21.1119117737,
        "median": 16.2913074493,
        "min": 1.71400260925,
        "var": 264.896331787
    },
    "spectral_rms": {
        "dmean": 0.000440911389887,
        "dmean2": 0.000660557183437,
        "dvar": 2.96808565281e-07,
        "dvar2": 7.87905833022e-07,
        "max": 0.010667571798,
        "mean": 0.00360603351146,
        "median": 0.00321650924161,
        "min": 0.000688129221089,
        "var": 3.83032784157e-06
    },
    "spectral_rolloff": {
        "dmean": 199.048400879,
        "dmean2": 348.049621582,
        "dvar": 121005.625,
        "dvar2": 280561.3125,
        "max": 3983.64257812,
        "mean": 1046.88623047,
        "median": 775.1953125,
        "min": 172.265625,
        "var": 620622.875
    },
    "spectral_skewness": {
        "dmean": 0.60033851862,
        "dmean2": 1.00545096397,
        "dvar": 0.283066868782,
        "dvar2": 0.792143464088,
        "max": 7.59868097305,
        "mean": 2.92861294746,
        "median": 2.72906184196,
        "min": 0.43888553977,
        "var": 1.39930224419
    },
    "spectral_spread": {
        "dmean": 211135.3125,
        "dmean2": 337764.40625,
        "dvar": 78035623936,
        "dvar2": 127970705408,
        "max": 9905643,
        "mean": 2015056,
        "median": 1929008.125,
        "min": 725551.25,
        "var": 459203739648
    },
    "spectral_strongpeak": {
        "dmean": 0.500645399094,
        "dmean2": 0.840255260468,
        "dvar": 1.04207384586,
        "dvar2": 2.61159825325,
        "max": 14.4562397003,
        "mean": 1.22181963921,
        "median": 0.746702671051,
        "min": 0,
        "var": 2.58390045166
    },
    "zerocrossingrate": {
        "dmean": 0.00398145755753,
        "dmean2": 0.00488167768344,
        "dvar": 2.15610725718e-05,
        "dvar2": 2.98418235616e-05,
        "max": 0.14501953125,
        "mean": 0.0376033224165,
        "median": 0.02978515625,
        "min": 0.0068359375,
        "var": 0.000518059532624
    },
    "barkbands": {
        "dmean": [8.18598564365e-05, 6.83468751959e-05, 0.000421890727011, 0.000589693721849, 0.00133207475301, 0.00189884856809, 0.000439129391452, 0.000777854060289, 0.000218317116378, 0.000228430697462, 0.00034859860898, 0.000148527484271, 0.000214428029722, 9.16417629924e-05, 0.000167528138263, 4.65575176349e-05, 0.000124351950944, 4.52456042694e-05, 0.000132853034302, 1.85998396773e-05, 1.7626749468e-05, 9.34529271035e-06, 1.58598663802e-06, 1.60799243076e-06, 5.29345129507e-07, 3.81906318125e-07, 8.47615810873e-10],
        "dmean2": [0.000146132908412, 0.00011106627062, 0.000682164332829, 0.000774966028985, 0.00214883685112, 0.00337785226293, 0.00066498212982, 0.00114433793351, 0.000307510956191, 0.000317016179906, 0.000512475904543, 0.00020526193839, 0.00030323662213, 0.000141179494676, 0.00025475260918, 7.01580138411e-05, 0.000182645162567, 6.63400278427e-05, 0.000175241744728, 2.63669389824e-05, 2.84232955892e-05, 1.47197515616e-05, 2.30754130826e-06, 2.26975566875e-06, 8.14937379801e-07, 5.75569742978e-07, 1.4366705603e-09],
        "dvar": [1.31586972429e-08, 4.20637071841e-08, 8.55446160131e-07, 4.27641816714e-06, 6.09546941632e-06, 2.78832212643e-05, 8.33425588098e-07, 5.45207558389e-06, 5.12735141456e-07, 2.66007077698e-07, 2.00501290237e-06, 4.84152508307e-07, 3.48298272002e-07, 4.43337455636e-08, 2.10522941302e-07, 1.98127469986e-08, 1.70505202846e-07, 3.19153308226e-08, 2.75545119166e-07, 5.88056536799e-09, 5.07773600944e-09, 1.54741353064e-09, 1.99355393304e-11, 3.22881305026e-11, 3.55347045192e-12, 2.01099792201e-12, 1.7688719732e-17],
        "dvar2": [3.84124376751e-08, 1.01589954227e-07, 2.22686753659e-06, 4.25077405453e-06, 1.61068055604e-05, 9.6852229035e-05, 1.99969531423e-06, 1.46228157973e-05, 1.16615433399e-06, 4.41114394789e-07, 3.92025140172e-06, 6.54220457363e-07, 6.15709325302e-07, 1.0496849967e-07, 5.23308756328e-07, 5.18595975052e-08, 3.18466248928e-07, 8.41691587539e-08, 4.04258912567e-07, 9.86637349598e-09, 1.25955459396e-08, 3.85211240683e-09, 3.87733803398e-11, 6.31603450096e-11, 7.92282559003e-12, 5.37889741428e-12, 2.12991678912e-17],
        "max": [0.00089474581182, 0.00493623130023, 0.0201066415757, 0.09590280056, 0.0287522301078, 0.0682571977377, 0.0194246377796, 0.0508228056133, 0.0146812228486, 0.0106378998607, 0.0419763922691, 0.0273558478802, 0.0123354438692, 0.00393620785326, 0.0104577010497, 0.00297485664487, 0.0140740294009, 0.00388342514634, 0.0114059979096, 0.00168315530755, 0.00138821953442, 0.000540173088666, 8.37525731185e-05, 0.000195137399714, 4.13973430113e-05, 3.09376664518e-05, 1.4294731443e-07],
        "mean": [7.3876028182e-05, 0.00017585317255, 0.00113175611477, 0.00168091454543, 0.00299815344624, 0.00374054326676, 0.00109683710616, 0.00192025711294, 0.000641673745122, 0.000592851254623, 0.000913650670554, 0.000387620937545, 0.000499896181282, 0.000233498125453, 0.000344806030625, 0.000107384592411, 0.000295283884043, 0.000104013612145, 0.000207066608709, 4.71351704618e-05, 3.77054384444e-05, 1.39935254992e-05, 3.97428448196e-06, 3.88561738873e-06, 1.26099541831e-06, 7.9753948512e-07, 7.50681850015e-10],
        "median": [3.34888827638e-05, 2.74790891126e-05, 0.000326339970343, 0.000314332923153, 0.00128838676028, 0.000989099848084, 0.000383289705496, 0.000460351759102, 0.000134842150146, 0.000211598788155, 0.000185373137356, 4.83359981445e-05, 9.66710067587e-05, 7.23388293409e-05, 8.82761232788e-05, 1.2430514289e-05, 3.2777999877e-05, 1.26725135488e-05, 6.33895297142e-06, 2.46608624366e-06, 2.40223721448e-06, 5.95687936311e-07, 2.88741659915e-07, 1.49724527887e-07, 6.95615156587e-08, 1.57920432287e-08, 1.91196294907e-10],
        "min": [1.30100957563e-07, 1.40015785632e-07, 6.77370110225e-07, 1.37032918701e-06, 2.3445178158e-05, 5.9014001863e-07, 2.33660853155e-06, 8.07160972727e-07, 1.18706236663e-06, 5.61841716262e-06, 1.89946729279e-06, 9.49769628278e-07, 4.98646329561e-07, 4.07208659681e-07, 1.12022883059e-06, 4.0284353986e-07, 2.92124866519e-07, 3.42382662666e-07, 6.36468655557e-08, 1.12420428522e-08, 2.71840487898e-08, 9.69381996896e-09, 3.34664562729e-09, 3.11349057647e-09, 1.57254445576e-10, 5.06507717712e-11, 4.50000349483e-11],
        "var": [1.20512630986e-08, 1.74374875428e-07, 3.84723125535e-06, 4.42841446784e-05, 1.78197551577e-05, 5.29700155312e-05, 3.50923937731e-06, 2.06655658985e-05, 2.20500487558e-06, 1.13431951831e-06, 1.03140191641e-05, 2.37246990764e-06, 1.32576167289e-06, 1.78774584469e-07, 6.71229429372e-07, 5.801207692e-08, 9.02894839783e-07, 7.52984234964e-08, 6.73503848247e-07, 2.61705945803e-08, 1.48849226278e-08, 2.50492493414e-09, 1.0007544099e-10, 1.59428859003e-10, 1.34877525815e-11, 6.30028841597e-12, 1.73254964533e-17]
    },
    "erbbands": {
        "dmean": [0.00105867139064, 0.0235171150416, 0.330510616302, 1.45544230938, 1.75404536724, 6.03153896332, 10.7302703857, 16.980091095, 6.21369504929, 10.7161111832, 15.5589380264, 5.89580011368, 3.5410027504, 9.07735443115, 15.260594368, 5.46434164047, 8.81046295166, 5.56626367569, 9.94139862061, 2.78909754753, 3.93633031845, 5.35308456421, 3.36810994148, 2.29070663452, 8.0454120636, 1.14368724823, 0.635094702244, 0.802867233753, 0.222905278206, 0.0378473848104, 0.0574028901756, 0.03124284558, 0.0276107545942, 0.00638990337029, 0.00333678280003, 0.00201086211018, 0.000778594519943, 2.63545261987e-05, 2.45690671363e-06, 4.86167164127e-06],
        "dmean2": [0.00170322426129, 0.0382825136185, 0.533374488354, 2.00786495209, 2.54003787041, 10.0199222565, 17.3036746979, 31.0419578552, 9.68848228455, 15.7967920303, 24.0212192535, 8.64931774139, 4.84237623215, 12.6589269638, 21.874382019, 8.04216957092, 12.317990303, 8.04187679291, 15.2279033661, 3.95613145828, 6.22924041748, 7.51518917084, 4.80244874954, 3.32255458832, 10.2608795166, 1.60738313198, 0.984717786312, 1.18988394737, 0.328797340393, 0.0584964007139, 0.0852840170264, 0.0437515452504, 0.0412114486098, 0.00941143929958, 0.00534873269498, 0.00319133047014, 0.00119075551629, 4.09653002862e-05, 3.7198587961e-06, 7.54148140913e-06],
        "dvar": [5.40163591722e-06, 0.00373362796381, 0.490550041199, 21.3575057983, 17.8477973938, 144.402023315, 697.352966309, 2493.32006836, 144.000747681, 811.450439453, 3138.2890625, 378.570404053, 49.8116378784, 456.031555176, 5910.50097656, 237.707122803, 561.936523438, 151.736297607, 703.324584961, 49.2621192932, 147.437362671, 307.595214844, 167.853622437, 42.1746788025, 1286.67944336, 16.6580162048, 12.1401824951, 9.08591270447, 0.527521193027, 0.0100999791175, 0.0343738272786, 0.0152034247294, 0.0109969321638, 0.000383564853109, 0.000140349409776, 4.61145646113e-05, 9.69581105892e-06, 7.8330817388e-09, 1.47365834813e-11, 6.26255991509e-11],
        "dvar2": [1.09650300146e-05, 0.00929723866284, 1.26109623909, 23.1652755737, 28.6790466309, 421.371307373, 2043.54284668, 8704.71191406, 396.515136719, 2272.93017578, 8959.06933594, 891.031005859, 77.7382125854, 769.123535156, 10165.0595703, 422.425628662, 926.412780762, 297.291564941, 1753.6105957, 100.441314697, 438.446746826, 524.090393066, 389.124816895, 103.493873596, 1748.26586914, 29.22149086, 30.8660640717, 20.9678058624, 1.27121353149, 0.0223727989942, 0.0689881742001, 0.0306543111801, 0.0213947575539, 0.000766815850511, 0.000379656761652, 0.000119522963359, 2.36797623074e-05, 1.69435860897e-08, 3.74206152176e-11, 1.71557740236e-10],
        "max": [0.071697473526, 1.33622169495, 15.5796175003, 211.459564209, 114.699859619, 126.580413818, 461.406555176, 674.809692383, 185.245544434, 561.620788574, 1182.55883789, 402.327026367, 224.676116943, 439.274291992, 2618.34423828, 494.847991943, 557.52935791, 216.503372192, 661.032531738, 140.266876221, 209.311233521, 612.754821777, 268.502563477, 93.7018508911, 785.321655273, 112.230827332, 107.284500122, 66.6877212524, 10.1435108185, 2.14999818802, 3.32169222832, 4.27670001984, 2.61801958084, 0.537605345249, 0.251662820578, 0.131221428514, 0.0621852092445, 0.0017432468012, 5.73106663069e-05, 0.000127149774926],
        "mean": [0.00244699674658, 0.0638718903065, 0.885691285133, 4.30897808075, 4.94294214249, 11.8727998734, 22.7120666504, 33.7235221863, 15.4205579758, 30.7034034729, 35.8502845764, 17.4025020599, 11.5567951202, 24.6922168732, 41.503036499, 15.825928688, 22.9205360413, 14.203368187, 22.5341873169, 6.69354343414, 9.07920265198, 13.4705247879, 8.91171646118, 4.78112983704, 12.4694786072, 2.72825527191, 1.87519013882, 1.72934281826, 0.435961693525, 0.104837685823, 0.141884759068, 0.0765467509627, 0.0638313367963, 0.0162606462836, 0.00676875049248, 0.00425318116322, 0.00154176016804, 5.11618818564e-05, 1.01944870039e-05, 1.99906662601e-05],
        "median": [0.00103834329639, 0.0196742769331, 0.278564363718, 0.978754937649, 1.87952232361, 5.21299171448, 7.39008712769, 7.88293361664, 7.6896739006, 8.47605991364, 8.92768573761, 4.0164475441, 6.57574272156, 7.0397901535, 8.70445823669, 3.54659700394, 5.44715976715, 5.79547595978, 5.37174987793, 2.54873657227, 1.51586747169, 1.82583999634, 1.10010170937, 0.719300031662, 0.306082010269, 0.241651311517, 0.134499654174, 0.0758430808783, 0.0263965167105, 0.0111128697172, 0.00817956589162, 0.00396317988634, 0.0021114544943, 0.000883979315404, 0.000451807281934, 0.000127847786644, 2.77433446172e-05, 2.69751194537e-06, 6.78018705003e-06, 1.25331553136e-05],
        "min": [2.06471304409e-05, 0.000216704574996, 0.000952596077695, 0.0121162869036, 0.0520763173699, 0.0689914003015, 0.0738985612988, 0.048996116966, 0.0582414567471, 0.0931614637375, 0.0682402029634, 0.0902193784714, 0.115028321743, 0.165388226509, 0.150289028883, 0.0879023745656, 0.038811840117, 0.04710451141, 0.0886726677418, 0.0538798458874, 0.0280833020806, 0.0247938260436, 0.0198878012598, 0.00945747178048, 0.0038687181659, 0.00265562371351, 0.000986704835668, 0.00101617630571, 0.000422340381192, 0.000150169798872, 8.44166570459e-05, 7.16135764378e-05, 4.3479642045e-05, 1.95936700038e-05, 3.86404417441e-06, 8.55077246342e-07, 2.69204889491e-07, 6.28212077913e-08, 2.38749208847e-07, 5.40895314316e-07],
        "var": [2.40264889726e-05, 0.0147420242429, 2.21279239655, 214.301605225, 110.100120544, 292.453582764, 1654.76196289, 5359.24755859, 483.695007324, 3016.03027344, 9663.86523438, 1435.8939209, 352.347991943, 2229.34155273, 35473.5742188, 1470.5369873, 2411.09228516, 540.729675293, 2538.41430664, 147.561187744, 383.505554199, 1722.6427002, 620.400390625, 107.401031494, 3170.46411133, 71.6775894165, 67.6628952026, 24.3036880493, 1.30480527878, 0.0528007559478, 0.159157931805, 0.0801497623324, 0.0455964170396, 0.00205061165616, 0.000300600775518, 0.000154737019329, 2.75785969279e-05, 2.30485461827e-08, 1.0628106728e-10, 4.13727690995e-10]
    },
    "gfcc": {
        "mean": [-112.104515076, 170.37310791, -147.708786011, 2.39164662361, -52.9736442566, -14.1974573135, -38.9040374756, -12.1843032837, -24.2544250488, -11.3426065445, -9.87354373932, -13.1316537857, -2.99271392822],
        "cov": [[5529.65039062, -2021.44580078, -725.775939941, 438.83102417, -420.963775635, -68.2381439209, -257.981811523, -1.46982240677, -453.803924561, 205.158966064, 2.59504652023, 293.447113037, -204.425796509], [-2021.44580078, 2390.30175781, 505.639129639, -668.632141113, 436.078308105, -204.772537231, 276.414978027, -78.4141464233, 396.329559326, -290.476104736, 178.701965332, -219.822387695, 88.3098678589], [-725.775939941, 505.639129639, 414.158996582, -77.1623458862, 119.842628479, 49.3935470581, 71.4161453247, 9.03045272827, 48.701210022, -27.3329105377, -2.94798517227, -94.8294830322, -34.6802787781], [438.83102417, -668.632141113, -77.1623458862, 409.037628174, -60.5643882751, 112.201942444, -47.2188987732, 16.9755706787, -97.11353302, 53.132648468, -61.4227294922, 13.6787853241, -42.7015151978], [-420.963775635, 436.078308105, 119.842628479, -60.5643882751, 224.131149292, 7.79011154175, 54.9487419128, 6.00297737122, 74.2926559448, -44.0730056763, 7.18522500992, -47.0342025757, 1.20798516273], [-68.2381439209, -204.772537231, 49.3935470581, 112.201942444, 7.79011154175, 176.266555786, 2.00953626633, 14.3109502792, -18.0239276886, 46.8969802856, -35.5589294434, -4.75348091125, 1.82588732243], [-257.981811523, 276.414978027, 71.4161453247, -47.2188987732, 54.9487419128, 2.00953626633, 99.927116394, 7.93793010712, 41.917263031, -37.5592269897, 23.3437271118, -28.4840145111, 1.7938644886], [-1.46982240677, -78.4141464233, 9.03045272827, 16.9755706787, 6.00297737122, 14.3109502792, 7.93793010712, 110.275756836, -4.22420406342, -8.46406173706, -20.0860233307, 12.4889745712, -2.01515936852], [-453.803924561, 396.329559326, 48.701210022, -97.11353302, 74.2926559448, -18.0239276886, 41.917263031, -4.22420406342, 148.275161743, -25.5091819763, 27.7907733917, -46.5808868408, 22.1139698029], [205.158966064, -290.476104736, -27.3329105377, 53.132648468, -44.0730056763, 46.8969802856, -37.5592269897, -8.46406173706, -25.5091819763, 142.945343018, -6.32493448257, 23.992231369, -25.0355739594], [2.59504652023, 178.701965332, -2.94798517227, -61.4227294922, 7.18522500992, -35.5589294434, 23.3437271118, -20.0860233307, 27.7907733917, -6.32493448257, 92.3956832886, 6.72214317322, 9.56073474884], [293.447113037, -219.822387695, -94.8294830322, 13.6787853241, -47.0342025757, -4.75348091125, -28.4840145111, 12.4889745712, -46.5808868408, 23.992231369, 6.72214317322, 123.867805481, 18.5041713715], [-204.425796509, 88.3098678589, -34.6802787781, -42.7015151978, 1.20798516273, 1.82588732243, 1.7938644886, -2.01515936852, 22.1139698029, -25.0355739594, 9.56073474884, 18.5041713715, 100.416679382]],
        "icov": [[0.000370299821952, 0.000107230946014, 0.00043250748422, 8.43715133669e-06, -4.20993455919e-06, 9.1154135589e-05, 0.000150089428644, 1.93114465219e-06, 0.000594641023781, 2.64252794295e-05, -0.000442353746621, -0.000191784580238, 0.000761348463129], [0.000107230946014, 0.00761356251314, -0.00459952978417, 0.00538254575804, -0.00538009824231, 0.00346899032593, -0.00525928614661, 0.00424231495708, -0.00725281471387, 0.00620291242376, -0.00460025528446, 0.00227927300148, -0.00243451423012], [0.00043250748422, -0.00459952978417, 0.00735057005659, -0.00225020712242, 0.0021759821102, -0.00366250658408, 0.00226399581879, -0.00292420899495, 0.00594640523195, -0.00364779145457, 0.00236088363454, 0.000417657371145, 0.00392776867375], [8.43715133669e-06, 0.00538254575804, -0.00225020712242, 0.00791189819574, -0.00372083764523, -0.000160270690685, -0.00322381244041, 0.00275689107366, -0.00357506377622, 0.0045798253268, -0.0023420045618, 0.00243260059506, -0.000264631671598], [-4.20993455919e-06, -0.00538009824231, 0.0021759821102, -0.00372083764523, 0.0102906990796, -0.00292927003466, 0.002456641756, -0.00304094981402, 0.00284808664583, -0.00319135352038, 0.00360320787877, -0.00163730909117, 0.00225245347247], [9.1154135589e-05, 0.00346899032593, -0.00366250658408, -0.000160270690685, -0.00292927003466, 0.0108215399086, -0.00413661263883, 0.00153303495608, -0.00317313848063, -0.000549729331397, 9.05761771719e-05, 0.000835620623548, -0.00385596766137], [0.000150089428644, -0.00525928614661, 0.00226399581879, -0.00322381244041, 0.002456641756, -0.00413661263883, 0.0187670737505, -0.00431656371802, 0.0037190890871, -0.0011665847851, -0.000821539375465, -0.000867901660968, 0.00309379841201], [1.93114465219e-06, 0.00424231495708, -0.00292420899495, 0.00275689107366, -0.00304094981402, 0.00153303495608, -0.00431656371802, 0.0124035589397, -0.00464280229062, 0.00432677054778, -5.3327358529e-08, -0.000795436906628, -0.000981971505098], [0.000594641023781, -0.00725281471387, 0.00594640523195, -0.00357506377622, 0.00284808664583, -0.00317313848063, 0.0037190890871, -0.00464280229062, 0.0192382764071, -0.00689758639783, 0.0019196519861, 0.00117307051551, 0.00163084035739], [2.64252794295e-05, 0.00620291242376, -0.00364779145457, 0.0045798253268, -0.00319135352038, -0.000549729331397, -0.0011665847851, 0.00432677054778, -0.00689758639783, 0.0150065217167, -0.00483246985823, 0.000306053058011, 0.00110660889186], [-0.000442353746621, -0.00460025528446, 0.00236088363454, -0.0023420045618, 0.00360320787877, 9.05761771719e-05, -0.000821539375465, -5.3327358529e-08, 0.0019196519861, -0.00483246985823, 0.0175139773637, -0.00319367018528, 0.000227640688536], [-0.000191784580238, 0.00227927300148, 0.000417657371145, 0.00243260059506, -0.00163730909117, 0.000835620623548, -0.000867901660968, -0.000795436906628, 0.00117307051551, 0.000306053058011, -0.00319367018528, 0.0129900956526, -0.00348386238329], [0.000761348463129, -0.00243451423012, 0.00392776867375, -0.000264631671598, 0.00225245347247, -0.00385596766137, 0.00309379841201, -0.000981971505098, 0.00163084035739, 0.00110660889186, 0.000227640688536, -0.00348386238329, 0.0153985135257]]
    },
    "melbands": {
        "dmean": [1.59044648171e-05, 0.000125238046166, 0.000240993671468, 0.000253710430115, 0.000363629835192, 0.000366535241483, 8.9843168098e-05, 0.000131580600282, 0.000114383161417, 3.15464494633e-05, 1.81002342288e-05, 3.72864378733e-05, 4.67983118142e-05, 2.48068718065e-05, 1.66512254509e-05, 1.93912783288e-05, 9.36782544159e-06, 1.59447135957e-05, 8.55720645632e-06, 2.39302607952e-06, 5.78067420065e-06, 5.93720642428e-06, 5.49046717424e-06, 1.92225661522e-06, 1.65728761203e-06, 6.30461317996e-06, 2.77097092294e-06, 5.89663727624e-07, 5.93271977323e-07, 2.48144658599e-07, 5.79500863296e-07, 1.87780983651e-07, 2.20147367003e-08, 2.19415507985e-08, 4.58772824175e-08, 2.03576711044e-08, 1.77871140039e-08, 2.93325079781e-08, 8.17342993287e-09, 5.98516702865e-09],
        "dmean2": [2.5365192414e-05, 0.000203133546165, 0.000330635288265, 0.000411107728723, 0.000591346120927, 0.000665222411044, 0.000136228060001, 0.000190716527868, 0.000173917840584, 4.50287952845e-05, 2.46066683758e-05, 5.17236439919e-05, 6.68867942295e-05, 3.56457894668e-05, 2.38887132582e-05, 2.70441050816e-05, 1.3901993043e-05, 2.45223600359e-05, 1.20395261547e-05, 3.48343246515e-06, 9.25867243495e-06, 8.63872355694e-06, 7.6070355135e-06, 2.84895554614e-06, 2.54376323028e-06, 8.2672750068e-06, 3.76187449547e-06, 8.4007984924e-07, 9.33508943035e-07, 3.85207926001e-07, 8.38785297219e-07, 2.80578177581e-07, 3.5319040137e-08, 3.46407666996e-08, 6.94341864005e-08, 2.94078059682e-08, 2.55809649019e-08, 4.3857081522e-08, 1.24150858483e-08, 8.63760796221e-09],
        "dvar": [1.51001200432e-09, 6.90237627055e-08, 5.34881166914e-07, 2.7541150871e-07, 6.25175687219e-07, 1.10672374376e-06, 3.01933802405e-08, 1.1513330378e-07, 1.49602229271e-07, 1.17392433552e-08, 1.28962429624e-09, 8.20090573228e-09, 3.92998629195e-08, 1.4770836998e-08, 1.90431848068e-09, 3.89728871397e-09, 3.78274966906e-10, 1.8239622035e-09, 7.05802583045e-10, 3.71711862679e-11, 3.8579853201e-10, 3.18145343403e-10, 5.27244248261e-10, 8.8620069616e-11, 3.27379200138e-11, 6.49110432072e-10, 1.99281216529e-10, 6.6218953064e-12, 1.33871403546e-11, 1.23953679352e-12, 4.12961288429e-12, 4.9430452136e-13, 5.20045407087e-15, 4.46340538721e-15, 2.3968120308e-14, 5.36292515455e-15, 4.48640614337e-15, 1.39184420012e-14, 7.98735499179e-16, 3.84866969049e-16],
        "dvar2": [3.4012253014e-09, 1.83361407835e-07, 5.75845660933e-07, 7.52543201088e-07, 1.83234681117e-06, 3.8737862269e-06, 7.87851206496e-08, 3.07039130121e-07, 4.24556276357e-07, 2.70298645688e-08, 1.99692973268e-09, 1.39393261378e-08, 7.05068217144e-08, 2.11870290201e-08, 3.69166586189e-09, 6.79151757055e-09, 7.54132589709e-10, 4.49017045767e-09, 1.44807310587e-09, 6.75335273814e-11, 1.14785791983e-09, 6.86456780308e-10, 7.60842888692e-10, 2.35972380525e-10, 8.70158112232e-11, 9.19061826643e-10, 3.15064335732e-10, 1.22531047808e-11, 3.42378556062e-11, 3.30084158791e-12, 8.86237003922e-12, 1.20504506981e-12, 1.3069148323e-14, 9.74471002344e-15, 4.95391488248e-14, 9.76788823301e-15, 9.26046213453e-15, 2.73151794694e-14, 1.56595406706e-15, 7.91611793274e-16],
        "max": [0.00108667789027, 0.00580103136599, 0.0324625037611, 0.00688825407997, 0.01313107647, 0.0141031229869, 0.00277543603443, 0.00613085459918, 0.00788029376417, 0.00218167807907, 0.00111079472117, 0.00174759631045, 0.00642209080979, 0.00488222530112, 0.000877796963323, 0.00164792966098, 0.000301543914247, 0.00104854011443, 0.000653439143207, 0.000161394767929, 0.000360408303095, 0.000451438536402, 0.000878797960468, 0.000218218046939, 7.73562278482e-05, 0.000652549904771, 0.000271339842584, 7.80637637945e-05, 0.000113619549666, 2.44458278758e-05, 3.52152128471e-05, 9.6588382803e-06, 1.32634033889e-06, 1.41539055676e-06, 2.62323487732e-06, 2.09395261663e-06, 2.11055612453e-06, 2.64202708422e-06, 8.2998610651e-07, 4.39301771848e-07],
        "mean": [3.82258986065e-05, 0.000339554331731, 0.000733815075364, 0.00057001283858, 0.000782752002124, 0.000719041272532, 0.000225810566917, 0.00036727701081, 0.000265541457338, 9.27365617827e-05, 5.53220888833e-05, 9.68881577137e-05, 0.000125066100736, 6.6446395067e-05, 4.42218079115e-05, 4.70078448416e-05, 2.22535727517e-05, 3.58323813998e-05, 1.75201203092e-05, 5.37039477422e-06, 1.20304148368e-05, 1.35911732286e-05, 1.39091853271e-05, 4.37721837443e-06, 3.08046583086e-06, 1.01200839708e-05, 3.95769484385e-06, 1.56376120231e-06, 1.6849108988e-06, 5.16588272603e-07, 1.14595457035e-06, 3.02788208728e-07, 4.5317953834e-08, 5.14011411212e-08, 1.0530118999e-07, 4.39802789742e-08, 4.03195379306e-08, 6.07370225225e-08, 1.72259664311e-08, 1.15620055752e-08],
        "median": [1.19208716569e-05, 0.000108143067337, 0.000204636060516, 0.000252035271842, 0.000297042279271, 0.000172351006768, 0.000107856256363, 9.20126913115e-05, 6.27897097729e-05, 2.21618283831e-05, 2.90190400847e-05, 2.48885517067e-05, 2.69904212473e-05, 1.13284640975e-05, 9.64740956988e-06, 1.00109209598e-05, 7.04901322024e-06, 7.38375865694e-06, 4.87956003781e-06, 1.30725129566e-06, 1.52954282839e-06, 1.65264634688e-06, 9.70309997683e-07, 5.27531824446e-07, 3.07991996351e-07, 1.8767504173e-07, 1.80556867235e-07, 7.53290834155e-08, 4.42501644216e-08, 3.78126188139e-08, 2.92906925381e-08, 1.27130226346e-08, 4.98121144332e-09, 3.67026964376e-09, 4.25108215296e-09, 2.51024845355e-09, 1.48704770719e-09, 1.54143031672e-09, 6.94389490352e-10, 6.70052513474e-10],
