{
"highlevel": {
    "danceability": {
        "all": {
            "danceable": 0.992541491985,
            "not_danceable": 0.00745852431282
        },
        "probability": 0.992541491985,
        "value": "danceable"
    },
    "gender": {
        "all": {
            "female": 0.964702665806,
            "male": 0.0352973379195
        },
        "probability": 0.964702665806,
        "value": "female"
    },
    "genre_dortmund": {
        "all": {
            "alternative": 0.0419314168394,
            "blues": 0.0581035576761,
            "electronic": 0.0653514564037,
            "folkcountry": 0.0305889416486,
            "funksoulrnb": 0.0289305076003,
            "jazz": 0.0156639833003,
            "pop": 0.100845806301,
            "raphiphop": 0.605078399181,
            "rock": 0.0535059459507
        },
        "probability": 0.605078399181,
        "value": "raphiphop"
    },
    "genre_electronic": {
        "all": {
            "ambient": 0.165070831776,
            "dnb": 0.232457771897,
            "house": 0.501484394073,
            "techno": 0.0131591893733,
            "trance": 0.0878278017044
        },
        "probability": 0.501484394073,
        "value": "house"
    },
    "genre_rosamerica": {
        "all": {
            "cla": 0.00548919849098,
            "dan": 0.0103302849457,
            "hip": 0.441642940044,
            "jaz": 0.00379362376407,
            "pop": 0.382954269648,
            "rhy": 0.129631340504,
            "roc": 0.0243392717093,
            "spe": 0.0018190681003
        },
        "probability": 0.441642940044,
        "value": "hip"
    },
    "genre_tzanetakis": {
        "all": {
            "blu": 0.0622663982213,
            "cla": 0.0345780998468,
            "cou": 0.103735685349,
            "dis": 0.0518908686936,
            "hip": 0.155698984861,
            "jaz": 0.311586618423,
            "met": 0.0519040971994,
            "pop": 0.0622744634748,
            "reg": 0.0622723288834,
            "roc": 0.103792458773
        },
        "probability": 0.311586618423,
        "value": "jaz"
    },
    "ismir04_rhythm": {
        "all": {
            "ChaChaCha": 0.177902922034,
            "Jive": 0.0744021236897,
            "Quickstep": 0.148537933826,
            "Rumba-American": 0.0228947475553,
            "Rumba-International": 0.136761620641,
            "Rumba-Misc": 0.0386746115983,
            "Samba": 0.297006398439,
            "Tango": 0.0194921083748,
            "VienneseWaltz": 0.0668219998479,
            "Waltz": 0.0175055358559
        },
        "probability": 0.297006398439,
        "value": "Samba"
    },
    "mood_acoustic": {
        "all": {
            "acoustic": 0.143899708986,
            "not_acoustic": 0.856100261211
        },
        "probability": 0.856100261211,
        "value": "not_acoustic"
    },
    "mood_aggressive": {
        "all": {
            "aggressive": 0.156077101827,
            "not_aggressive": 0.843922913074
        },
        "probability": 0.843922913074,
        "value": "not_aggressive"
    },
    "mood_electronic": {
        "all": {
            "electronic": 0.692771792412,
            "not_electronic": 0.307228207588
        },
        "probability": 0.692771792412,
        "value": "electronic"
    },
    "mood_happy": {
        "all": {
            "happy": 0.511850297451,
            "not_happy": 0.488149702549
        },
        "probability": 0.511850297451,
        "value": "happy"
    },
    "mood_party": {
        "all": {
            "not_party": 0.556145071983,
            "party": 0.443854928017
        },
        "probability": 0.556145071983,
        "value": "not_party"
    },
    "mood_relaxed": {
        "all": {
            "not_relaxed": 0.173543959856,
            "relaxed": 0.826456010342
        },
        "probability": 0.826456010342,
        "value": "relaxed"
    },
    "mood_sad": {
        "all": {
            "not_sad": 0.780712544918,
            "sad": 0.219287469983
        },
        "probability": 0.780712544918,
        "value": "not_sad"
    },
    "moods_mirex": {
        "all": {
            "Cluster1": 0.186106145382,
            "Cluster2": 0.189557731152,
            "Cluster3": 0.366725057364,
            "Cluster4": 0.20546002686,
            "Cluster5": 0.0521510392427
        },
        "probability": 0.366725057364,
        "value": "Cluster3"
    },
    "timbre": {
        "all": {
            "bright": 0.444129914045,
            "dark": 0.555870115757
        },
        "probability": 0.555870115757,
        "value": "dark"
    },
    "tonal_atonal": {
        "all": {
            "atonal": 0.37452852726,
            "tonal": 0.62547147274
        },
        "probability": 0.62547147274,
        "value": "tonal"
    },
    "voice_instrumental": {
        "all": {
            "instrumental": 0.0134461615235,
            "voice": 0.98655384779
        },
        "probability": 0.98655384779,
        "value": "voice"
    }
},
"lowlevel": {
    "average_loudness": 0.972321748734,
    "barkbands_crest": {
        "dmean": 2.89657688141,
        "dmean2": 4.44936561584,
        "dvar": 7.95300912857,
        "dvar2": 15.9006919861,
        "max": 25.1669845581,
        "mean": 11.7044496536,
        "median": 10.5752086639,
        "min": 2.79434394836,
        "var": 25.1196422577
    },
    "barkbands_flatness_db": {
        "dmean": 0.0262037850916,
        "dmean2": 0.0371277034283,
        "dvar": 0.000637330173049,
        "dvar2": 0.0011735787848,
        "max": 0.442644923925,
        "mean": 0.181774839759,
        "median": 0.177354410291,
        "min": 0.0691329166293,
        "var": 0.00294140935875
    },
    "barkbands_kurtosis": {
        "dmean": 5.02077722549,
        "dmean2": 7.39936876297,
        "dvar": 93.9159393311,
        "dvar2": 179.815261841,
        "max": 164.386367798,
        "mean": 7.89965724945,
        "median": 3.30493021011,
        "min": -1.90551948547,
        "var": 228.424087524
    },
    "barkbands_skewness": {
        "dmean": 0.742291152477,
        "dmean2": 1.03914797306,
        "dvar": 0.683323740959,
        "dvar2": 1.31174314022,
        "max": 10.213095665,
        "mean": 1.89386153221,
        "median": 1.68815910816,
        "min": -2.29229617119,
        "var": 2.919526577
    },
    "barkbands_spread": {
        "dmean": 6.97378110886,
        "dmean2": 10.4649066925,
        "dvar": 141.098388672,
        "dvar2": 264.745758057,
        "max": 114.05632782,
        "mean": 20.4254188538,
        "median": 13.8158578873,
        "min": 0.545000612736,
        "var": 399.932922363
    },
    "dissonance": {
        "dmean": 0.0249368529767,
        "dmean2": 0.0405676402152,
        "dvar": 0.000706254213583,
        "dvar2": 0.00165148836095,
        "max": 0.499714910984,
        "mean": 0.44649887085,
        "median": 0.458003640175,
        "min": 0.179663211107,
        "var": 0.00183987687342
    },
    "dynamic_complexity": 2.53888273239,
    "erbbands_crest": {
        "dmean": 2.53632879257,
        "dmean2": 4.02289581299,
        "dvar": 5.41745567322,
        "dvar2": 12.4630537033,
        "max": 28.8436317444,
        "mean": 9.09842014313,
        "median": 8.31038284302,
        "min": 2.75512266159,
        "var": 15.8524827957
    },
    "erbbands_flatness_db": {
        "dmean": 0.0171340852976,
        "dmean2": 0.0239795874804,
        "dvar": 0.000315497454721,
        "dvar2": 0.000540728098713,
        "max": 0.344124764204,
        "mean": 0.165381863713,
        "median": 0.161741867661,
        "min": 0.0566419996321,
        "var": 0.00173215009272
    },
    "erbbands_kurtosis": {
        "dmean": 1.40177845955,
        "dmean2": 1.97914218903,
        "dvar": 5.81512212753,
        "dvar2": 9.00782394409,
        "max": 45.1947174072,
        "mean": 1.44991612434,
        "median": 0.36426949501,
        "min": -1.58902907372,
        "var": 15.8767871857
    },
    "erbbands_skewness": {
        "dmean": 0.409298062325,
        "dmean2": 0.604699492455,
        "dvar": 0.180699035525,
        "dvar2": 0.354342520237,
        "max": 3.07303905487,
        "mean": 0.340481042862,
        "median": 0.44563177228,
        "min": -3.51157164574,
        "var": 0.748461663723
    },
    "erbbands_spread": {
        "dmean": 8.38864135742,
        "dmean2": 12.5650682449,
        "dvar": 93.088684082,
        "dvar2": 216.875610352,
        "max": 112.546043396,
        "mean": 34.7832679749,
        "median": 32.8473701477,
        "min": 1.56848227978,
        "var": 338.356506348
    },
    "hfc": {
        "dmean": 9.56331062317,
        "dmean2": 13.4153318405,
        "dvar": 359.48550415,
        "dvar2": 650.955749512,
        "max": 349.029846191,
        "mean": 23.7349071503,
        "median": 16.0281200409,
        "min": 0.5263671875,
        "var": 804.275939941
    },
    "melbands_crest": {
        "dmean": 3.85773444176,
        "dmean2": 5.92255067825,
        "dvar": 14.1391553879,
        "dvar2": 30.4743938446,
        "max": 36.312953949,
        "mean": 17.5391864777,
        "median": 15.6515655518,
        "min": 4.55275726318,
        "var": 51.0833740234
    },
    "melbands_flatness_db": {
        "dmean": 0.0322288125753,
        "dmean2": 0.0440465882421,
        "dvar": 0.00106409820728,
        "dvar2": 0.00187863351312,
        "max": 0.559802353382,
        "mean": 0.253391563892,
        "median": 0.25135794282,
        "min": 0.0608332790434,
        "var": 0.00540531892329
    },
    "melbands_kurtosis": {
        "dmean": 10.411324501,
        "dmean2": 15.7673015594,
        "dvar": 367.835296631,
        "dvar2": 791.117919922,
        "max": 229.420974731,
        "mean": 18.8262348175,
        "median": 10.1345653534,
        "min": -1.77858710289,
        "var": 819.346191406
    },
    "melbands_skewness": {
        "dmean": 0.91686964035,
        "dmean2": 1.34768164158,
        "dvar": 1.16868913174,
        "dvar2": 2.39463424683,
        "max": 12.4546117783,
        "mean": 2.97132253647,
        "median": 2.71149706841,
        "min": -1.29949164391,
        "var": 4.55733966827
    },
    "melbands_spread": {
        "dmean": 7.96800756454,
        "dmean2": 11.3583078384,
        "dvar": 240.029388428,
        "dvar2": 375.439727783,
        "max": 241.958694458,
        "mean": 20.5139293671,
        "median": 14.474855423,
        "min": 0.456611841917,
        "var": 607.577392578
    },
    "pitch_salience": {
        "dmean": 0.0880603715777,
        "dmean2": 0.138669162989,
        "dvar": 0.008490184322,
        "dvar2": 0.0177687779069,
        "max": 0.880545973778,
        "mean": 0.494368195534,
        "median": 0.510031402111,
        "min": 0.0959539115429,
        "var": 0.0201005786657
    },
    "silence_rate_20dB": {
        "dmean": 0,
        "dmean2": 0,
        "dvar": 0,
        "dvar2": 0,
        "max": 1,
        "mean": 1,
        "median": 1,
        "min": 1,
        "var": 0
    },
    "silence_rate_30dB": {
        "dmean": 0.0681114569306,
        "dmean2": 0.136328428984,
        "dvar": 0.0634719654918,
        "dvar2": 0.120840959251,
        "max": 1,
        "mean": 0.883990705013,
        "median": 1,
        "min": 0,
        "var": 0.102551274002
    },
    "silence_rate_60dB": {
        "dmean": 0.00154798757285,
        "dmean2": 0.00309837330133,
        "dvar": 0.00154558918439,
        "dvar2": 0.00463794916868,
        "max": 1,
        "mean": 0.00077339517884,
        "median": 0,
        "min": 0,
        "var": 0.00077279668767
    },
    "spectral_centroid": {
        "dmean": 308.186126709,
        "dmean2": 453.241088867,
        "dvar": 199315.796875,
        "dvar2": 354981.25,
        "max": 5260.55419922,
        "mean": 1233.88623047,
        "median": 949.286376953,
        "min": 267.172271729,
        "var": 649888.875
    },
    "spectral_complexity": {
        "dmean": 4.3142414093,
        "dmean2": 6.30054235458,
        "dvar": 26.6179981232,
        "dvar2": 45.9407920837,
        "max": 51,
        "mean": 18.5421504974,
        "median": 16,
        "min": 3,
        "var": 89.0587997437
    },
    "spectral_decrease": {
        "dmean": 4.6296171341e-09,
        "dmean2": 6.84641277005e-09,
        "dvar": 4.96173603266e-17,
        "dvar2": 9.1082385878e-17,
        "max": -5.77486947151e-10,
        "mean": -1.19914327357e-08,
        "median": -8.49440873196e-09,
        "min": -6.25704075219e-08,
        "var": 1.20487405957e-16
    },
    "spectral_energy": {
        "dmean": 0.0179956424981,
        "dmean2": 0.0265828873962,
        "dvar": 0.00072011409793,
        "dvar2": 0.00133708259091,
        "max": 0.23817358911,
        "mean": 0.0474112965167,
        "median": 0.0342696905136,
        "min": 0.00226074736565,
        "var": 0.00174776930362
    },
    "spectral_energyband_high": {
        "dmean": 0.00067921896698,
        "dmean2": 0.000903401698451,
        "dvar": 6.69776136419e-06,
        "dvar2": 1.03845950434e-05,
        "max": 0.0479692742229,
        "mean": 0.00106752291322,
        "median": 0.000179739537998,
        "min": 8.61677847297e-07,
        "var": 1.42583367051e-05
    },
    "spectral_energyband_low": {
        "dmean": 0.0137107763439,
        "dmean2": 0.0196625962853,
        "dvar": 0.000644533836748,
        "dvar2": 0.00122209626716,
        "max": 0.228057175875,
        "mean": 0.0266249049455,
        "median": 0.0118600931019,
        "min": 0.00044606794836,
        "var": 0.00146862282418
    },
    "spectral_energyband_middle_high": {
        "dmean": 0.00244880048558,
        "dmean2": 0.0034794670064,
        "dvar": 1.56326896104e-05,
        "dvar2": 2.92745353363e-05,
        "max": 0.0594132728875,
        "mean": 0.00631007505581,
        "median": 0.00338873593137,
        "min": 0.000101004377939,
        "var": 5.87481663388e-05
    },
    "spectral_energyband_middle_low": {
        "dmean": 0.00822108332068,
        "dmean2": 0.0139690442011,
        "dvar": 0.000265930750174,
        "dvar2": 0.000734961067792,
        "max": 0.111402399838,
        "mean": 0.0143908057362,
        "median": 0.0116635914892,
        "min": 0.000254593382124,
        "var": 0.000225807452807
    },
    "spectral_entropy": {
        "dmean": 0.181225925684,
        "dmean2": 0.255470395088,
        "dvar": 0.0367668271065,
        "dvar2": 0.0605763234198,
        "max": 8.83719921112,
        "mean": 7.41493701935,
        "median": 7.36624670029,
        "min": 5.78490257263,
        "var": 0.179396063089
    },
    "spectral_flux": {
        "dmean": 0.042168751359,
        "dmean2": 0.0617399141192,
        "dvar": 0.00252503831871,
        "dvar2": 0.00438897311687,
        "max": 0.44718426466,
        "mean": 0.114490777254,
        "median": 0.097123645246,
        "min": 0.0158643629402,
        "var": 0.00602424610406
    },
    "spectral_kurtosis": {
        "dmean": 2.08294439316,
        "dmean2": 3.28395795822,
        "dvar": 5.13464832306,
        "dvar2": 12.1001739502,
        "max": 27.415561676,
        "mean": 6.22115659714,
        "median": 5.57147502899,
        "min": -0.950535297394,
        "var": 18.1750297546
    },
    "spectral_rms": {
        "dmean": 0.00118382601067,
        "dmean2": 0.00172084162477,
        "dvar": 2.17998740482e-06,
        "dvar2": 3.67892334907e-06,
        "max": 0.0152435060591,
        "mean": 0.00629698485136,
        "median": 0.00578220048919,
        "min": 0.00148512865417,
        "var": 6.60286514176e-06
    },
    "spectral_rolloff": {
        "dmean": 530.630126953,
        "dmean2": 849.786804199,
        "dvar": 1562715.625,
        "dvar2": 2822131.5,
        "max": 10981.9335938,
        "mean": 1211.54040527,
        "median": 689.0625,
        "min": 64.599609375,
        "var": 3513349.5
    },
    "spectral_skewness": {
        "dmean": 0.291637122631,
        "dmean2": 0.429631769657,
        "dvar": 0.0816906243563,
        "dvar2": 0.150174722075,
        "max": 4.3101849556,
        "mean": 1.7674716711,
        "median": 1.71420383453,
        "min": -0.05966732651,
        "var": 0.453243345022
    },
    "spectral_spread": {
        "dmean": 580062.375,
        "dmean2": 823440.6875,
        "dvar": 828122726400,
        "dvar2": 1.34959726592e+12,
        "max": 15039676,
        "mean": 4152262.5,
        "median": 3741152.75,
        "min": 1604232.25,
        "var": 3.73229119078e+12
    },
    "spectral_strongpeak": {
        "dmean": 0.521636366844,
        "dmean2": 0.837723731995,
        "dvar": 0.707419872284,
        "dvar2": 1.60986876488,
        "max": 9.28136253357,
        "mean": 0.934515297413,
        "median": 0.476787537336,
        "min": 0,
        "var": 1.56396973133
    },
    "zerocrossingrate": {
        "dmean": 0.0122433118522,
        "dmean2": 0.0131143797189,
        "dvar": 0.000376381940441,
        "dvar2": 0.000354509509634,
        "max": 0.2978515625,
        "mean": 0.0460241883993,
        "median": 0.03466796875,
        "min": 0.001953125,
        "var": 0.00199042959139
    },
    "barkbands": {
        "dmean": [0.00194613449275, 0.0117003871128, 0.00386615702882, 0.00290561467409, 0.00258294935338, 0.00193057011347, 0.00143603165634, 0.00105317134876, 0.0009133660933, 0.000753692467697, 0.00106232753024, 0.000756931258366, 0.000438000803115, 0.000193696920178, 0.000181593582965, 0.000206223819987, 0.000202605500817, 0.000189172875253, 0.000202559735044, 0.000165859921253, 0.000136440707138, 0.000161114890943, 0.00012498164142, 0.00015080110461, 8.9815184765e-05, 3.01429554384e-05, 2.39562347737e-09],
        "dmean2": [0.00333151244558, 0.0178196448833, 0.00690987333655, 0.00529503310099, 0.00448343250901, 0.00315249268897, 0.00228722975589, 0.00174103549216, 0.00139844720252, 0.00114014744759, 0.00148122874089, 0.00121027964633, 0.000704330799635, 0.00032976019429, 0.00028786418261, 0.000324458174873, 0.000305479537928, 0.000303311360767, 0.000314015866024, 0.000249029166298, 0.00019712295034, 0.000231575511862, 0.000166951635038, 0.000208681754884, 0.000135112451972, 4.16681868955e-05, 3.97121446838e-09],
        "dvar": [1.21483171824e-05, 0.000641004473437, 0.000123392150272, 5.56448285352e-05, 2.9228242056e-05, 1.64127086464e-05, 5.8784603425e-06, 6.55651228954e-06, 5.20923276781e-06, 1.83497149919e-06, 9.6136400316e-06, 3.84597296943e-06, 1.69311124409e-06, 1.95334550313e-07, 2.52820939295e-07, 2.3744691191e-07, 1.8323562756e-07, 1.62234840673e-07, 1.66956340308e-07, 1.20024751027e-07, 4.4770928298e-07, 5.96439008405e-07, 4.54977083564e-07, 4.35161069845e-07, 1.10901069661e-07, 9.79866321416e-09, 3.00106234902e-16],
        "dvar2": [3.37735582434e-05, 0.00141984177753, 0.000344219559338, 0.000159572256962, 8.007708675e-05, 4.39833092969e-05, 1.37250526677e-05, 1.58457078214e-05, 1.05792996692e-05, 3.88992157241e-06, 1.61535081133e-05, 8.76218109624e-06, 3.98402835344e-06, 4.62692213432e-07, 5.26752842234e-07, 5.45931641227e-07, 3.71530489929e-07, 3.74959853389e-07, 3.80810519118e-07, 2.92190634354e-07, 8.93603441909e-07, 1.15002069379e-06, 8.36003607674e-07, 9.01697148947e-07, 2.13378740455e-07, 1.82652666325e-08, 3.13399543506e-16],
        "max": [0.0311213880777, 0.21815083921, 0.0913886427879, 0.0542876422405, 0.0505155585706, 0.0450381077826, 0.0250980462879, 0.0417560636997, 0.0398102067411, 0.0223742946982, 0.0516482070088, 0.0279586128891, 0.0180430412292, 0.00678515387699, 0.0084033254534, 0.00591265782714, 0.0093924337998, 0.00848203618079, 0.00556021323428, 0.00483654020354, 0.0127881765366, 0.0132553298026, 0.0147215733305, 0.013347688131, 0.005037214607, 0.0012441619765, 6.15487920186e-07],
        "mean": [0.00258036167361, 0.0198589209467, 0.00338249979541, 0.00265154917724, 0.00327548733912, 0.00292090210132, 0.00242928648368, 0.00120345083997, 0.00148346682545, 0.00137454085052, 0.00170253263786, 0.00100327725522, 0.000543538364582, 0.000253906444414, 0.000246191106271, 0.000315940385917, 0.000370534107788, 0.000301667605527, 0.000325366301695, 0.000247261283221, 0.000191593877389, 0.000206963552046, 0.000158361261128, 0.000199244503165, 0.000141524054925, 4.29584943049e-05, 2.03229855167e-09],
        "median": [0.00137530313805, 0.00815999880433, 0.00115013995674, 0.000974406604655, 0.00098163227085, 0.00100033124909, 0.000878696970176, 0.000254764105193, 0.000493627798278, 0.000628584413789, 0.000349426874891, 0.000286804162897, 0.000145893733134, 8.02089489298e-05, 8.13579245005e-05, 0.000108708642074, 0.000117868374218, 7.56019289838e-05, 0.000133630062919, 7.77652239776e-05, 1.67507823789e-05, 1.28932597363e-05, 8.01473288448e-06, 1.84145719686e-05, 1.35896198117e-05, 3.82773168894e-06, 5.50884671213e-10],
        "min": [2.6144873118e-05, 7.1927170211e-05, 5.50267759536e-06, 3.70241195924e-06, 1.39594867505e-05, 1.3951341316e-05, 1.3997298538e-06, 9.45300200783e-07, 2.07373668673e-05, 4.25440248364e-06, 2.51036613008e-06, 2.28238923228e-06, 1.72114130237e-06, 1.32140121423e-06, 1.6440840227e-06, 1.01414639175e-06, 6.03012608735e-07, 7.48092304548e-07, 3.61900703183e-07, 9.88363950682e-08, 6.96684239188e-08, 5.52380576835e-08, 1.14098469339e-07, 8.50005932307e-08, 1.71423686357e-09, 1.07258004561e-11, 1.3002185266e-11],
        "var": [1.25074848256e-05, 0.00109363778029, 7.9429570178e-05, 3.5582590499e-05, 3.0391580367e-05, 2.26686352107e-05, 1.51079766511e-05, 7.00768896422e-06, 1.08211233965e-05, 4.60021601612e-06, 2.45814972004e-05, 5.6966887314e-06, 2.0253448838e-06, 2.42536117412e-07, 4.1881455104e-07, 4.33140797895e-07, 6.41746282781e-07, 3.02065927826e-07, 2.92457997375e-07, 1.70993416759e-07, 7.45700674543e-07, 9.71567487795e-07, 7.23905941413e-07, 6.82063614477e-07, 2.38307947598e-07, 1.96775467032e-08, 3.00230034061e-16]
    },
    "erbbands": {
        "dmean": [0.485963612795, 2.37427949905, 4.16778659821, 7.53240728378, 9.37284564972, 7.91087675095, 10.205575943, 17.8756599426, 19.3138084412, 26.3151721954, 15.5318784714, 20.6937961578, 20.481760025, 30.824213028, 36.8651390076, 27.4118556976, 18.9276714325, 10.7836017609, 8.87385654449, 8.95184612274, 11.1275730133, 9.63829803467, 9.4518737793, 10.1995401382, 9.62956809998, 8.09454154968, 4.28697872162, 6.86042547226, 6.20399999619, 4.09290122986, 3.60466647148, 2.2601878643, 3.19037532806, 1.31058526039, 0.543114483356, 0.179673939943, 0.0499354153872, 0.00310535659082, 7.06213395461e-05, 2.31298654398e-05],
        "dmean2": [0.753826618195, 3.5082886219, 7.00684595108, 13.8188400269, 16.5138206482, 13.7963314056, 16.7731266022, 28.9471855164, 29.7664108276, 41.9332809448, 25.8392562866, 31.851184845, 30.4845905304, 41.9785308838, 53.1423568726, 43.5607833862, 29.927154541, 17.750793457, 14.0218372345, 14.4022302628, 16.7405815125, 13.9753675461, 14.9841012955, 16.1371440887, 15.0247745514, 12.2219877243, 6.5051317215, 9.79270458221, 8.73381710052, 5.89523124695, 4.94235610962, 3.32601046562, 4.5861697197, 1.94435369968, 0.80975741148, 0.256514668465, 0.0711652934551, 0.00428728014231, 9.49790628511e-05, 3.38371319231e-05],
        "dvar": [1.0508338213, 30.7725543976, 122.318824768, 453.657592773, 394.931335449, 320.682556152, 547.073547363, 1487.33837891, 969.575073242, 3096.1262207, 938.615905762, 3064.69970703, 1396.14587402, 4746.35351562, 10664.2617188, 3725.75537109, 3084.44140625, 586.828491211, 484.051025391, 631.090881348, 584.773376465, 384.247741699, 408.632049561, 340.853668213, 422.857208252, 347.769805908, 201.521530151, 1392.83605957, 992.642822266, 431.720245361, 363.969055176, 88.7798690796, 250.69833374, 24.1409912109, 4.05687999725, 0.350682765245, 0.0261596459895, 0.000103414990008, 4.31641744569e-08, 1.07584929854e-09],
        "dvar2": [2.35238099098, 70.5498275757, 316.915161133, 1298.77734375, 1109.98425293, 878.800354004, 1469.63220215, 3878.1940918, 2265.34399414, 6855.97460938, 2258.46020508, 6316.35302734, 2378.57080078, 6892.63183594, 18596.015625, 8396.25585938, 7084.95800781, 1455.75073242, 1003.7086792, 1505.22827148, 1275.3026123, 759.134521484, 939.641662598, 763.396850586, 988.255432129, 856.925354004, 414.96472168, 2797.03051758, 1994.39489746, 898.46685791, 625.205444336, 164.6534729, 584.223022461, 48.9821434021, 7.67062139511, 0.66041457653, 0.0457498878241, 0.000189760496141, 7.28220754809e-08, 2.03375249974e-09],
        "max": [8.69852733612, 48.2001190186, 88.9441452026, 162.113876343, 138.604919434, 177.090255737, 276.760101318, 511.052307129, 361.072479248, 851.684631348, 298.242248535, 1022.2052002, 790.291564941, 1272.39599609, 2055.54272461, 695.039001465, 814.267272949, 323.942901611, 381.308166504, 440.745239258, 394.595123291, 434.781341553, 393.39074707, 245.56489563, 300.297546387, 293.887420654, 223.743377686, 718.870422363, 550.405761719, 417.108703613, 422.214935303, 159.658401489, 320.356323242, 61.0537796021, 35.1335258484, 8.39768218994, 2.23200535774, 0.165977090597, 0.00313364085741, 0.000320816674503],
        "mean": [0.833876848221, 3.40795350075, 4.33028316498, 6.58784532547, 12.0682373047, 8.88423442841, 13.0074424744, 27.3128528595, 32.170841217, 37.3900260925, 22.2388648987, 34.1823539734, 39.5148010254, 59.8197402954, 61.5496063232, 40.0507621765, 25.7312641144, 14.4609222412, 12.9624509811, 13.4581642151, 19.3859138489, 19.2234649658, 16.6138725281, 16.8527832031, 15.5064058304, 12.1684036255, 6.65036964417, 9.31492519379, 7.63916969299, 5.23412799835, 4.66131544113, 3.07454419136, 4.00855112076, 1.93110322952, 0.850847005844, 0.261925458908, 0.07127469033, 0.00427861232311, 0.000120134362078, 6.18260673946e-05],
        "median": [0.403787314892, 1.16367471218, 1.61924982071, 2.56037735939, 3.54523944855, 2.30005598068, 4.66086101532, 8.98807525635, 14.1476163864, 9.43058395386, 7.42343854904, 13.2293510437, 17.3437194824, 14.7730941772, 15.6299715042, 14.7680625916, 7.79375839233, 4.3906993866, 4.95853805542, 4.82674598694, 7.57098150253, 5.81450605392, 4.19232130051, 6.61203479767, 5.52026081085, 3.96632552147, 1.43125987053, 0.656250238419, 0.505061328411, 0.267267763615, 0.244951382279, 0.277493447065, 0.369056582451, 0.163741245866, 0.0821929872036, 0.0240358691663, 0.00586437759921, 0.000479906419059, 3.87391482946e-05, 4.36642330897e-05],
        "min": [0.00291905575432, 0.0100339893252, 0.0197306275368, 0.0366370566189, 0.0295516159385, 0.0432603210211, 0.0802484378219, 0.0604022294283, 0.0386891104281, 0.178767591715, 0.145180821419, 0.549942016602, 0.401695221663, 0.520301580429, 0.554754734039, 0.582598388195, 0.280561983585, 0.1104664132, 0.0636450797319, 0.0605852231383, 0.0866537764668, 0.039208535105, 0.0532989911735, 0.0371548235416, 0.0175996106118, 0.00531375873834, 0.00490469299257, 0.00313119753264, 0.00224041147158, 0.00230586831458, 0.00317692640238, 0.0014426325215, 0.00146901630796, 0.00010186653526, 1.04970695247e-05, 4.20312744609e-06, 2.40028543885e-06, 3.00309011436e-07, 1.10868006686e-06, 2.59228932009e-06],
        "var": [1.75473475456, 43.5793991089, 97.8461914062, 274.960083008, 434.188079834, 266.803161621, 556.00592041, 2282.70703125, 2157.31079102, 5318.92675781, 1245.16308594, 5339.40185547, 4443.02685547, 17945.9179688, 24353.9335938, 5808.95751953, 3919.39477539, 705.345581055, 750.041015625, 1041.60949707, 1433.82470703, 1542.31030273, 990.983154297, 598.448669434, 772.157836914, 431.008666992, 390.732971191, 2226.28149414, 1467.31958008, 653.039123535, 614.059692383, 151.627471924, 324.860076904, 45.4417991638, 9.06563472748, 0.724256873131, 0.0557386688888, 0.000209447520319, 9.81832783964e-08, 2.64926458549e-09]
    },
    "gfcc": {
        "mean": [0.795190632343, 116.663162231, -107.074249268, 30.50922966, -50.067615509, 20.1934566498, -26.943315506, 26.5963687897, -25.9896144867, 3.55807042122, -3.52473950386, 2.02261710167, -2.25174164772],
        "cov": [[2716.31640625, -1036.17004395, -94.8558197021, 113.038421631, -290.771606445, -49.9021568298, -318.997009277, -0.675234079361, -178.858825684, 181.103561401, -181.836715698, 163.919570923, -134.039154053], [-1036.17004395, 1496.8145752, -264.777130127, -289.725158691, 366.772399902, -268.78604126, 123.290367126, -37.4825553894, 94.415145874, -150.048934937, 210.328216553, -219.949935913, 80.6411437988], [-94.8558197021, -264.777130127, 476.995513916, 113.500953674, -128.740905762, 149.684463501, 1.09810972214, -40.4677085876, -11.7155323029, -15.1908998489, -12.8422689438, 61.0116081238, 40.8188896179], [113.038421631, -289.725158691, 113.500953674, 588.275512695, -51.6262626648, -77.2679672241, -47.55210495, -83.0036010742, -11.2426118851, -31.4193172455, -27.3750972748, 20.2044029236, 40.0900688171], [-290.771606445, 366.772399902, -128.740905762, -51.6262626648, 389.198394775, -86.2247695923, 11.5707302094, 70.0947265625, 4.03709554672, 12.9861345291, 50.2868423462, -97.3392715454, 8.35072135925], [-49.9021568298, -268.78604126, 149.684463501, -77.2679672241, -86.2247695923, 287.727661133, 53.2842178345, -0.346374571323, 43.1567115784, 19.4770832062, -18.7425785065, 29.4959278107, -4.01228952408], [-318.997009277, 123.290367126, 1.09810972214, -47.55210495, 11.5707302094, 53.2842178345, 269.982666016, 13.654665947, 46.9523849487, -27.6488647461, 9.12833118439, -0.0698861405253, -13.8669424057], [-0.675234079361, -37.4825553894, -40.4677085876, -83.0036010742, 70.0947265625, -0.346374571323, 13.654665947, 156.444503784, 18.4424724579, 9.64342212677, 13.2137565613, -4.63643312454, -9.45629692078], [-178.858825684, 94.415145874, -11.7155323029, -11.2426118851, 4.03709554672, 43.1567115784, 46.9523849487, 18.4424724579, 143.202041626, -18.3324356079, 32.8295631409, -8.21655464172, 3.81943845749], [181.103561401, -150.048934937, -15.1908998489, -31.4193172455, 12.9861345291, 19.4770832062, -27.6488647461, 9.64342212677, -18.3324356079, 139.413101196, 0.431175678968, 10.6694889069, -16.4283428192], [-181.836715698, 210.328216553, -12.8422689438, -27.3750972748, 50.2868423462, -18.7425785065, 9.12833118439, 13.2137565613, 32.8295631409, 0.431175678968, 129.957290649, -27.2851753235, 27.0999298096], [163.919570923, -219.949935913, 61.0116081238, 20.2044029236, -97.3392715454, 29.4959278107, -0.0698861405253, -4.63643312454, -8.21655464172, 10.6694889069, -27.2851753235, 127.814300537, 1.15641951561], [-134.039154053, 80.6411437988, 40.8188896179, 40.0900688171, 8.35072135925, -4.01228952408, -13.8669424057, -9.45629692078, 3.81943845749, -16.4283428192, 27.0999298096, 1.15641951561, 86.2788162231]],
        "icov": [[0.000702156685293, 0.000421197823016, 0.000271979573881, 0.000109460896056, 0.000225051684538, 0.000386390602216, 0.000517989508808, 9.55834766501e-05, 0.000251248740824, -0.000273773242952, 6.08291302342e-05, -0.00018962372269, 0.000527727766894], [0.000421197823016, 0.00480439094827, 0.000140558826388, 0.00319800619036, -0.00220565241762, 0.00443133478984, -0.00141988915857, 0.00427289493382, -0.00222350237891, 0.00347696081735, -0.00345259020105, 0.00346298934892, -0.0029304062482], [0.000271979573881, 0.000140558826388, 0.00327063491568, -0.000651984533761, 0.000498043315019, -0.0017194673419, 0.000275080325082, 0.000102684942249, 0.000967493280768, 0.000336356111802, -0.000366244756151, -0.000821230816655, -0.000878681370523], [0.000109460896056, 0.00319800619036, -0.000651984533761, 0.00436204345897, -0.00154460710473, 0.00398092949763, -0.000933796167374, 0.00382562703453, -0.00209367484786, 0.00256545725279, -0.00171509094071, 0.00233872933313, -0.00284501351416], [0.000225051684538, -0.00220565241762, 0.000498043315019, -0.00154460710473, 0.00515237264335, -0.00130138336681, 0.000701815064531, -0.00363507005386, 0.00152222078759, -0.00258911633864, 0.00126986671239, 0.00059020833578, 0.00108127726708], [0.000386390602216, 0.00443133478984, -0.0017194673419, 0.00398092949763, -0.00130138336681, 0.00958142708987, -0.0020764390938, 0.00396895315498, -0.00395630951971, 0.00197209161706, -0.00204649940133, 0.00343137793243, -0.00275752251036], [0.000517989508808, -0.00141988915857, 0.000275080325082, -0.000933796167374, 0.000701815064531, -0.0020764390938, 0.00527073768899, -0.00151747721247, 0.000101752128103, -0.00055849464843, 0.00112850486767, -0.00185858795885, 0.00251151248813], [9.55834766501e-05, 0.00427289493382, 0.000102684942249, 0.00382562703453, -0.00363507005386, 0.00396895315498, -0.00151747721247, 0.0116187427193, -0.00312097906135, 0.00318701891229, -0.00334366946481, 0.00215375469998, -0.00233907205984], [0.000251248740824, -0.00222350237891, 0.000967493280768, -0.00209367484786, 0.00152222078759, -0.00395630951971, 0.000101752128103, -0.00312097906135, 0.0100756790489, -0.000750448438339, -0.000557982595637, -0.0017465694109, 0.001936374465], [-0.000273773242952, 0.00347696081735, 0.000336356111802, 0.00256545725279, -0.00258911633864, 0.00197209161706, -0.00055849464843, 0.00318701891229, -0.000750448438339, 0.0111699085683, -0.00369094172493, 0.00169838487636, -0.00112780288327], [6.08291302342e-05, -0.00345259020105, -0.000366244756151, -0.00171509094071, 0.00126986671239, -0.00204649940133, 0.00112850486767, -0.00334366946481, -0.000557982595637, -0.00369094172493, 0.0124647822231, -0.00131541583687, -0.000687092950102], [-0.00018962372269, 0.00346298934892, -0.000821230816655, 0.00233872933313, 0.00059020833578, 0.00343137793243, -0.00185858795885, 0.00215375469998, -0.0017465694109, 0.00169838487636, -0.00131541583687, 0.0132806785405, -0.00355382356793], [0.000527727766894, -0.0029304062482, -0.000878681370523, -0.00284501351416, 0.00108127726708, -0.00275752251036, 0.00251151248813, -0.00233907205984, 0.001936374465, -0.00112780288327, -0.000687092950102, -0.00355382356793, 0.016764158383]]
    },
    "melbands": {
        "dmean": [0.00365772563964, 0.00229729013517, 0.00135910708923, 0.000622430292424, 0.000352243921952, 0.00039172990364, 0.000292859476758, 0.000283841014607, 0.000118946118164, 0.00013751150982, 0.000103516431409, 0.000123000019812, 0.000140194679261, 0.000100269819086, 5.99841114308e-05, 2.98937011394e-05, 2.0555451556e-05, 1.44238019857e-05, 1.33841667775e-05, 1.42596309161e-05, 1.46554712046e-05, 1.10734672489e-05, 8.93930155144e-06, 9.18772911973e-06, 8.71980682859e-06, 8.37121933728e-06, 6.23437790637e-06, 5.54696634936e-06, 2.76443074654e-06, 3.23696235682e-06, 4.38390497948e-06, 3.89317028748e-06, 2.7094069992e-06, 2.18106129068e-06, 2.24257723858e-06, 1.59341539074e-06, 1.44617820297e-06, 2.48125616054e-06, 1.68225506059e-06, 9.88286956272e-07],
        "dmean2": [0.00560312671587, 0.00348812481388, 0.00247033685446, 0.00108938419726, 0.000587051967159, 0.000639575824607, 0.000457495276351, 0.000455548084574, 0.000197344910703, 0.000214032566873, 0.000155547066242, 0.000171922205482, 0.000194244494196, 0.00015828749747, 9.61939367699e-05, 4.87813449581e-05, 3.46347806044e-05, 2.29706529353e-05, 2.12013674172e-05, 2.26581760217e-05, 2.22013532039e-05, 1.61688585649e-05, 1.3740194845e-05, 1.46774791574e-05, 1.37925917443e-05, 1.32511768243e-05, 9.63619822869e-06, 8.38126015879e-06, 4.44957822765e-06, 4.77089588458e-06, 6.39542895442e-06, 5.52897517991e-06, 4.11240034737e-06, 3.16114392263e-06, 3.11553617394e-06, 2.29887291425e-06, 2.14567444345e-06, 3.67028519577e-06, 2.50443849836e-06, 1.50777862018e-06],
        "dvar": [5.87999347772e-05, 2.76188202406e-05, 1.24618100017e-05, 1.74572573997e-06, 6.39037352812e-07, 6.78996400438e-07, 2.26781736501e-07, 3.9811814645e-07, 5.65257671781e-08, 1.3866933557e-07, 3.49106095143e-08, 7.15294845577e-08, 1.71781223912e-07, 7.26137727725e-08, 3.18172439506e-08, 5.38077982171e-09, 2.32675301248e-09, 1.13187237361e-09, 1.50970402846e-09, 1.72915026742e-09, 1.11930853475e-09, 5.5571025559e-10, 3.53955448285e-10, 4.83492135217e-10, 2.38563724331e-10, 3.83819087624e-10, 1.47727774458e-10, 1.66931593548e-10, 6.95519197791e-11, 2.4106333596e-10, 6.19191642404e-10, 4.83167117427e-10, 1.34592462175e-10, 1.53872137254e-10, 1.42672887393e-10, 5.68462950323e-11, 3.50852159825e-11, 1.54452173273e-10, 5.20350117161e-11, 1.3341267327e-11],
        "dvar2": [0.000127114719362, 6.35801479802e-05, 3.549212488e-05, 4.80370863443e-06, 1.73973421624e-06, 1.78630932623e-06, 5.24481265529e-07, 8.9988009222e-07, 1.34703824983e-07, 2.90711255957e-07, 6.06649592783e-08, 1.10038797629e-07, 2.86546480766e-07, 1.68623529362e-07, 7.9222800764e-08, 1.17030154456e-08, 5.77858028095e-09, 2.42131936723e-09, 3.39683969841e-09, 4.28549107312e-09, 2.4547421873e-09, 1.15541520795e-09, 6.77741029964e-10, 1.14124987238e-09, 5.52834833467e-10, 9.18572828912e-10, 3.46228046233e-10, 4.12785139403e-10, 1.69116387561e-10, 4.87860696285e-10, 1.31316701957e-09, 1.07084163758e-09, 2.54914533926e-10, 3.46935341566e-10, 2.42415948426e-10, 1.03076151781e-10, 7.25958460013e-11, 3.61971508323e-10, 1.12506420846e-10, 2.77806493088e-11],
        "max": [0.0624236762524, 0.0469202771783, 0.0265683103353, 0.0125744482502, 0.00860856845975, 0.0103775979951, 0.00558215938509, 0.0103541081771, 0.00268370611593, 0.00717769330367, 0.00379388220608, 0.0046889684163, 0.00859210919589, 0.00343687296845, 0.00211229315028, 0.000963800353929, 0.000733882596251, 0.000548334268387, 0.000760112947319, 0.000548407726455, 0.000644159212243, 0.000468372396426, 0.000365646585124, 0.000526515766978, 0.000198921465199, 0.000295177422231, 0.000146752208821, 0.00020175127429, 0.000134112095111, 0.000265722774202, 0.000481704977574, 0.000396010931581, 0.000175170585862, 0.000249273463851, 0.000260557979345, 0.000137169554364, 9.57080701482e-05, 0.000258434272837, 0.000129961088533, 4.9085025239e-05],
        "mean": [0.00643776264042, 0.0030022226274, 0.00134317670017, 0.0007893430884, 0.000435119844042, 0.000599432911258, 0.000501752889249, 0.000384989281883, 0.000169306193129, 0.000224765171879, 0.000193014653632, 0.000232475475059, 0.000226673888392, 0.00013042637147, 8.02058348199e-05, 4.02471669076e-05, 2.54600454355e-05, 2.02264509426e-05, 1.81528448593e-05, 1.9605997295e-05, 2.4180744731e-05, 2.05086653295e-05, 1.70651637745e-05, 1.39248322739e-05, 1.35363261506e-05, 1.26756558529e-05, 9.29090037971e-06, 7.87011231296e-06, 3.97018175136e-06, 4.28892690252e-06, 5.85094721828e-06, 4.56598309029e-06, 3.44646605299e-06, 2.66556594397e-06, 2.88365345114e-06, 1.92492234419e-06, 1.85663225238e-06, 2.95958716379e-06, 2.34135563915e-06, 1.3926904785e-06],
        "median": [0.00287679117173, 0.00108599930536, 0.000517656444572, 0.000221372494707, 0.000158478855155, 0.00019614402845, 0.000214205763768, 8.65791662363e-05, 5.9392197727e-05, 8.14928280306e-05, 8.34944657981e-05, 5.79127736273e-05, 5.05562857143e-05, 3.71398637071e-05, 2.52026457019e-05, 1.23002091641e-05, 7.29195880922e-06, 7.97272969066e-06, 5.25482892044e-06, 6.33907620795e-06, 9.11069946596e-06, 6.68240772939e-06, 3.53549785359e-06, 3.65608093489e-06, 5.21019319422e-06, 4.51041296401e-06, 2.67532595899e-06, 2.5091480893e-06, 9.27888663682e-07, 3.68961110553e-07, 3.46326089584e-07, 2.82325089529e-07, 2.01330564664e-07, 1.16527019145e-07, 1.38099764513e-07, 1.17733875982e-07, 1.67951469621e-07, 2.63309061665e-07, 1.62030502793e-07, 1.14104821591e-07],
        "min": [2.46331292146e-05, 8.78782429936e-06, 6.65208244754e-06, 2.4633279736e-06, 1.76345156433e-06, 1.65469953117e-06, 4.69157441785e-07, 1.91642402569e-06, 5.93008167016e-07, 3.34801029567e-06, 8.16042245333e-07, 2.35959328165e-06, 4.03817807637e-07, 1.42370731737e-06, 7.69770906572e-07, 2.5568908768e-07, 1.88197745388e-07, 4.87068767541e-08, 9.65031858868e-08, 5.29438928254e-08, 7.35670440122e-08, 3.9823170539e-08, 4.04068529747e-08, 3.37806689288e-08, 1.6184856122e-08, 1.19538370313e-08, 7.49296358293e-09, 2.0655768207e-09, 2.81997758478e-09, 1.90762600161e-10, 3.54029083827e-10, 1.27125621141e-09, 7.65899232924e-10, 3.07463332572e-10, 2.22433005348e-09, 1.01314390211e-09, 1.33520694501e-10, 1.40590905584e-09, 2.1301124753e-10, 1.16621588688e-12],
