{
"highlevel": {
    "danceability": {
        "all": {
            "danceable": 0.295945137739,
            "not_danceable": 0.704054892063
        },
        "probability": 0.704054892063,
        "value": "not_danceable"
    },
    "gender": {
        "all": {
            "female": 0.83637547493,
            "male": 0.163624510169
        },
        "probability": 0.83637547493,
        "value": "female"
    },
    "genre_dortmund": {
        "all": {
            "alternative": 0.085075058043,
            "blues": 0.00988918635994,
            "electronic": 0.295755535364,
            "folkcountry": 0.0606940947473,
            "funksoulrnb": 0.00447343895212,
            "jazz": 0.509670972824,
            "pop": 0.0143486605957,
            "raphiphop": 0.00265546073206,
            "rock": 0.0174375902861
        },
        "probability": 0.509670972824,
        "value": "jazz"
    },
    "genre_electronic": {
        "all": {
            "ambient": 0.925451755524,
            "dnb": 0.00763680040836,
            "house": 0.0415607765317,
            "techno": 0.00877564959228,
            "trance": 0.0165750309825
        },
        "probability": 0.925451755524,
        "value": "ambient"
    },
    "genre_rosamerica": {
        "all": {
            "cla": 0.313750863075,
            "dan": 0.0181634295732,
            "hip": 0.0354850590229,
            "jaz": 0.130456164479,
            "pop": 0.0914452373981,
            "rhy": 0.358535438776,
            "roc": 0.027213120833,
            "spe": 0.0249507147819
        },
        "probability": 0.358535438776,
        "value": "rhy"
    },
    "genre_tzanetakis": {
        "all": {
            "blu": 0.0744443833828,
            "cla": 0.0327215641737,
            "cou": 0.0736246407032,
            "dis": 0.0763547420502,
            "hip": 0.152651831508,
            "jaz": 0.35066229105,
            "met": 0.0421043001115,
            "pop": 0.0589385814965,
            "reg": 0.0637893900275,
            "roc": 0.074708275497
        },
        "probability": 0.35066229105,
        "value": "jaz"
    },
    "ismir04_rhythm": {
        "all": {
            "ChaChaCha": 0.0124853700399,
            "Jive": 0.00361290550791,
            "Quickstep": 0.00414634728804,
            "Rumba-American": 0.0200797617435,
            "Rumba-International": 0.623309671879,
            "Rumba-Misc": 0.0255376491696,
            "Samba": 0.00588063336909,
            "Tango": 0.0780314207077,
            "VienneseWaltz": 0.16205868125,
            "Waltz": 0.064857557416
        },
        "probability": 0.623309671879,
        "value": "Rumba-International"
    },
    "mood_acoustic": {
        "all": {
            "acoustic": 0.623945474625,
            "not_acoustic": 0.376054525375
        },
        "probability": 0.623945474625,
        "value": "acoustic"
    },
    "mood_aggressive": {
        "all": {
            "aggressive": 1.11002291305e-05,
            "not_aggressive": 0.999988913536
        },
        "probability": 0.999988913536,
        "value": "not_aggressive"
    },
    "mood_electronic": {
        "all": {
            "electronic": 0.712208807468,
            "not_electronic": 0.287791162729
        },
        "probability": 0.712208807468,
        "value": "electronic"
    },
    "mood_happy": {
        "all": {
            "happy": 0.916995167732,
            "not_happy": 0.0830048620701
        },
        "probability": 0.916995167732,
        "value": "happy"
    },
    "mood_party": {
        "all": {
            "not_party": 0.986275970936,
            "party": 0.0137240001932
        },
        "probability": 0.986275970936,
        "value": "not_party"
    },
    "mood_relaxed": {
        "all": {
            "not_relaxed": 0.0258065238595,
            "relaxed": 0.974193453789
        },
        "probability": 0.974193453789,
        "value": "relaxed"
    },
    "mood_sad": {
        "all": {
            "not_sad": 0.167048573494,
            "sad": 0.832951426506
        },
        "probability": 0.832951426506,
        "value": "sad"
    },
    "moods_mirex": {
        "all": {
            "Cluster1": 0.197084024549,
            "Cluster2": 0.230209976435,
            "Cluster3": 0.425940662622,
            "Cluster4": 0.105221495032,
            "Cluster5": 0.0415438339114
        },
        "probability": 0.425940662622,
        "value": "Cluster3"
    },
    "timbre": {
        "all": {
            "bright": 0.179396539927,
            "dark": 0.820603489876
        },
        "probability": 0.820603489876,
        "value": "dark"
    },
    "tonal_atonal": {
        "all": {
            "atonal": 0.00473654503003,
            "tonal": 0.995263457298
        },
        "probability": 0.995263457298,
        "value": "tonal"
    },
    "voice_instrumental": {
        "all": {
            "instrumental": 0.999997377396,
            "voice": 2.63872198047e-06
        },
        "probability": 0.999997377396,
        "value": "instrumental"
    }
},
"lowlevel": {
    "average_loudness": 0.958081245422,
    "barkbands_crest": {
        "dmean": 3.48802852631,
        "dmean2": 5.54847955704,
        "dvar": 9.46412944794,
        "dvar2": 22.2989864349,
        "max": 25.7360172272,
        "mean": 14.7620477676,
        "median": 14.4604892731,
        "min": 4.28970766068,
        "var": 24.8275203705
    },
    "barkbands_flatness_db": {
        "dmean": 0.0356423035264,
        "dmean2": 0.0540069714189,
        "dvar": 0.00146762118675,
        "dvar2": 0.00332316826098,
        "max": 0.542136013508,
        "mean": 0.359210729599,
        "median": 0.359909534454,
        "min": 0.177230283618,
        "var": 0.0028907682281
    },
    "barkbands_kurtosis": {
        "dmean": 4.75199985504,
        "dmean2": 7.19701433182,
        "dvar": 42.2510108948,
        "dvar2": 88.7450485229,
        "max": 70.0817337036,
        "mean": 6.77314805984,
        "median": 3.43086624146,
        "min": -1.76968097687,
        "var": 92.9656829834
    },
    "barkbands_skewness": {
        "dmean": 0.804259896278,
        "dmean2": 1.1823220253,
        "dvar": 0.582472980022,
        "dvar2": 1.24640643597,
        "max": 7.67833185196,
        "mean": 2.03989577293,
        "median": 1.80234730244,
        "min": -1.39374196529,
        "var": 1.96045172215
    },
    "barkbands_spread": {
        "dmean": 2.2557528019,
        "dmean2": 3.48860168457,
        "dvar": 6.18855237961,
        "dvar2": 13.6440439224,
        "max": 30.691286087,
        "mean": 6.82008600235,
        "median": 5.79371786118,
        "min": 0.563870310783,
        "var": 18.2067661285
    },
    "dissonance": {
        "dmean": 0.0551977902651,
        "dmean2": 0.0935709998012,
        "dvar": 0.00197135284543,
        "dvar2": 0.00538915535435,
        "max": 0.499635249376,
        "mean": 0.383982151747,
        "median": 0.391121715307,
        "min": 0.176208987832,
        "var": 0.00431415624917
    },
    "dynamic_complexity": 1.71345353127,
    "erbbands_crest": {
        "dmean": 3.39887619019,
        "dmean2": 5.60351276398,
        "dvar": 9.50279331207,
        "dvar2": 24.7021198273,
        "max": 31.1465358734,
        "mean": 12.0800924301,
        "median": 11.1276798248,
        "min": 4.0146241188,
        "var": 20.8696079254
    },
    "erbbands_flatness_db": {
        "dmean": 0.0255223847926,
        "dmean2": 0.0405738092959,
        "dvar": 0.000579966232181,
        "dvar2": 0.00147917540744,
        "max": 0.441441714764,
        "mean": 0.30558052659,
        "median": 0.306012183428,
        "min": 0.132439032197,
        "var": 0.00133563834243
    },
    "erbbands_kurtosis": {
        "dmean": 1.25884199142,
        "dmean2": 2.01044464111,
        "dvar": 2.63246846199,
        "dvar2": 6.68660116196,
        "max": 21.7042140961,
        "mean": 0.462431520224,
        "median": -0.0886211395264,
        "min": -1.75801312923,
        "var": 4.31737995148
    },
    "erbbands_skewness": {
        "dmean": 0.507953107357,
        "dmean2": 0.809584319592,
        "dvar": 0.244795948267,
        "dvar2": 0.620304644108,
        "max": 2.98124361038,
        "mean": -0.16839183867,
        "median": -0.166558638215,
        "min": -3.15099167824,
        "var": 0.615428507328
    },
    "erbbands_spread": {
        "dmean": 4.92163324356,
        "dmean2": 7.67468595505,
        "dvar": 19.041967392,
        "dvar2": 49.0462265015,
        "max": 52.3812294006,
        "mean": 19.172618866,
        "median": 17.8491573334,
        "min": 1.49190688133,
        "var": 88.9205245972
    },
    "hfc": {
        "dmean": 3.62983417511,
        "dmean2": 5.65095663071,
        "dvar": 20.3656082153,
        "dvar2": 44.0970497131,
        "max": 48.2693099976,
        "mean": 11.6313724518,
        "median": 10.4270906448,
        "min": 1.41139936447,
        "var": 40.1578826904
    },
    "melbands_crest": {
        "dmean": 4.1482424736,
        "dmean2": 6.5384926796,
        "dvar": 12.9895524979,
        "dvar2": 31.3643703461,
        "max": 31.9747428894,
        "mean": 18.7799282074,
        "median": 18.523147583,
        "min": 5.59272670746,
        "var": 32.6532516479
    },
    "melbands_flatness_db": {
        "dmean": 0.0437900461257,
        "dmean2": 0.0662347897887,
        "dvar": 0.00238633388653,
        "dvar2": 0.00533810909837,
        "max": 0.700699925423,
        "mean": 0.493211209774,
        "median": 0.498838931322,
        "min": 0.250465512276,
        "var": 0.00448038056493
    },
    "melbands_kurtosis": {
        "dmean": 8.24525737762,
        "dmean2": 12.5841655731,
        "dvar": 110.70249939,
        "dvar2": 240.804489136,
        "max": 120.029747009,
        "mean": 14.1181783676,
        "median": 8.89809703827,
        "min": -1.61984467506,
        "var": 266.952209473
    },
    "melbands_skewness": {
        "dmean": 0.954070568085,
        "dmean2": 1.41746723652,
        "dvar": 0.793572127819,
        "dvar2": 1.79633760452,
        "max": 9.6176815033,
        "mean": 2.89824151993,
        "median": 2.68979716301,
        "min": -1.28924822807,
        "var": 2.75450730324
    },
    "melbands_spread": {
        "dmean": 2.82188057899,
        "dmean2": 4.39791250229,
        "dvar": 11.0780963898,
        "dvar2": 23.3463172913,
        "max": 35.2208862305,
        "mean": 7.40942430496,
        "median": 6.13560676575,
        "min": 0.700861155987,
        "var": 26.7697811127
    },
    "pitch_salience": {
        "dmean": 0.0963469743729,
        "dmean2": 0.152794480324,
        "dvar": 0.00713312020525,
        "dvar2": 0.0188163351268,
        "max": 0.80430752039,
        "mean": 0.431763410568,
        "median": 0.441005766392,
        "min": 0.076983384788,
        "var": 0.0179209057242
    },
    "silence_rate_20dB": {
        "dmean": 0,
        "dmean2": 0,
        "dvar": 0,
        "dvar2": 0,
        "max": 1,
        "mean": 1,
        "median": 1,
        "min": 1,
        "var": 0
    },
    "silence_rate_30dB": {
        "dmean": 0.126934990287,
        "dmean2": 0.253292024136,
        "dvar": 0.110823117197,
        "dvar2": 0.230964496732,
        "max": 1,
        "mean": 0.835266828537,
        "median": 1,
        "min": 0,
        "var": 0.137596160173
    },
    "silence_rate_60dB": {
        "dmean": 0,
        "dmean2": 0,
        "dvar": 0,
        "dvar2": 0,
        "max": 0,
        "mean": 0,
        "median": 0,
        "min": 0,
        "var": 0
    },
    "spectral_centroid": {
        "dmean": 92.0663452148,
        "dmean2": 145.82510376,
        "dvar": 10797.0224609,
        "dvar2": 26781.0136719,
        "max": 1538.50097656,
        "mean": 465.193786621,
        "median": 414.652160645,
        "min": 170.576278687,
        "var": 37030.3515625
    },
    "spectral_complexity": {
        "dmean": 1.63544893265,
        "dmean2": 2.77924084663,
        "dvar": 1.90813267231,
        "dvar2": 4.9125328064,
        "max": 19,
        "mean": 10.9651975632,
        "median": 11,
        "min": 6,
        "var": 4.666223526
    },
    "spectral_decrease": {
        "dmean": 6.24213525313e-09,
        "dmean2": 8.48128767217e-09,
        "dvar": 4.70285497071e-17,
        "dvar2": 9.50812416569e-17,
        "max": -9.67301128085e-10,
        "mean": -1.66011435709e-08,
        "median": -1.37088180807e-08,
        "min": -6.9013630366e-08,
        "var": 1.29558705306e-16
    },
    "spectral_energy": {
        "dmean": 0.023815356195,
        "dmean2": 0.0323959589005,
        "dvar": 0.000684218714014,
        "dvar2": 0.00138406397309,
        "max": 0.262424916029,
        "mean": 0.0637114718556,
        "median": 0.0528062544763,
        "min": 0.00389901571907,
        "var": 0.00188005296513
    },
    "spectral_energyband_high": {
        "dmean": 1.38047096243e-06,
        "dmean2": 2.60033561972e-06,
        "dvar": 2.2459461374e-11,
        "dvar2": 6.08273362235e-11,
        "max": 5.7423258113e-05,
        "mean": 1.30925684516e-06,
        "median": 6.12345274931e-07,
        "min": 1.21173570733e-07,
        "var": 1.34078494834e-11
    },
    "spectral_energyband_low": {
        "dmean": 0.0199441965669,
        "dmean2": 0.0271529238671,
        "dvar": 0.000521938723978,
        "dvar2": 0.00104824325535,
        "max": 0.245293736458,
        "mean": 0.0444255545735,
        "median": 0.0312617607415,
        "min": 0.000185249038623,
        "var": 0.00152054848149
    },
    "spectral_energyband_middle_high": {
        "dmean": 0.00113729399163,
        "dmean2": 0.00178490451071,
        "dvar": 1.37620304486e-06,
        "dvar2": 3.36855669048e-06,
        "max": 0.0133365653455,
        "mean": 0.00249319034629,
        "median": 0.00205100653693,
        "min": 3.43932479154e-05,
        "var": 3.37229266734e-06
    },
    "spectral_energyband_middle_low": {
        "dmean": 0.0089464019984,
        "dmean2": 0.014320650138,
        "dvar": 0.000201833579922,
        "dvar2": 0.000471116043627,
        "max": 0.152891397476,
        "mean": 0.018344797194,
        "median": 0.0123231196776,
        "min": 0.000505006115418,
        "var": 0.000348667352227
    },
    "spectral_entropy": {
        "dmean": 0.234260439873,
        "dmean2": 0.391590029001,
        "dvar": 0.091597430408,
        "dvar2": 0.234394952655,
        "max": 8.22656154633,
        "mean": 5.85328865051,
        "median": 5.84667778015,
        "min": 4.7185292244,
        "var": 0.141580551863
    },
    "spectral_flux": {
        "dmean": 0.0474095456302,
        "dmean2": 0.076346129179,
        "dvar": 0.00233083451167,
        "dvar2": 0.00503417802975,
        "max": 0.378385901451,
        "mean": 0.108978919685,
        "median": 0.0926784574986,
        "min": 0.0238236878067,
        "var": 0.00350853870623
    },
    "spectral_kurtosis": {
        "dmean": 30.3667640686,
        "dmean2": 51.6830329895,
        "dvar": 634.153747559,
        "dvar2": 1713.03564453,
        "max": 239.581787109,
        "mean": 76.9945220947,
        "median": 75.2640380859,
        "min": 2.31146669388,
        "var": 1514.70471191
    },
    "spectral_rms": {
        "dmean": 0.00147139804903,
        "dmean2": 0.00198122602887,
        "dvar": 2.0370061975e-06,
        "dvar2": 3.83137512472e-06,
        "max": 0.0160007588565,
        "mean": 0.00743828807026,
        "median": 0.00717762485147,
        "min": 0.00195036351215,
        "var": 6.82933205098e-06
    },
    "spectral_rolloff": {
        "dmean": 156.982040405,
        "dmean2": 266.837615967,
        "dvar": 54941.8125,
        "dvar2": 118993.375,
        "max": 1981.0546875,
        "mean": 404.901184082,
        "median": 301.46484375,
        "min": 64.599609375,
        "var": 96467.2265625
    },
    "spectral_skewness": {
        "dmean": 1.55122792721,
        "dmean2": 2.64297914505,
        "dvar": 1.52576398849,
        "dvar2": 4.42830896378,
        "max": 12.3348531723,
        "mean": 6.21911478043,
        "median": 6.25447654724,
        "min": 1.44545066357,
        "var": 3.9580142498
    },
    "spectral_spread": {
        "dmean": 366566.3125,
        "dmean2": 626092.75,
        "dvar": 674638004224,
        "dvar2": 866739748864,
        "max": 28790202,
        "mean": 1098229.25,
        "median": 1002839.6875,
        "min": 366502.0625,
        "var": 744843444224
    },
    "spectral_strongpeak": {
        "dmean": 0.310118317604,
        "dmean2": 0.518744051456,
        "dvar": 0.209200456738,
        "dvar2": 0.518050074577,
        "max": 3.9269695282,
        "mean": 0.618675112724,
        "median": 0.4503711164,
        "min": 0,
        "var": 0.288998872042
    },
    "zerocrossingrate": {
        "dmean": 0.00355742359534,
        "dmean2": 0.00425459025428,
        "dvar": 1.18488851513e-05,
        "dvar2": 1.41828841151e-05,
        "max": 0.05517578125,
        "mean": 0.0152281066403,
        "median": 0.013671875,
        "min": 0.001953125,
        "var": 6.06713692832e-05
    },
    "barkbands": {
        "dmean": [0.000591521558817, 0.0184979084879, 0.00310912216082, 0.00223236274906, 0.0050217686221, 0.00207596155815, 0.00131836370565, 0.000436178117525, 0.000922304345295, 0.000901473395061, 0.000225553594646, 0.00015563708439, 0.000183142416063, 6.67328349664e-05, 0.000150113206473, 8.70766816661e-05, 1.67838188645e-05, 5.37027062819e-06, 9.08415074719e-07, 3.84943518839e-07, 4.31239442378e-07, 3.15574965271e-07, 2.13067139043e-07, 1.25497010117e-07, 1.37028550284e-07, 8.71127667779e-08, 4.52085879843e-09],
        "dmean2": [0.000854264828376, 0.0253265816718, 0.00506781181321, 0.00355992256664, 0.00871923286468, 0.00334292254411, 0.00189090159256, 0.000631701026578, 0.00148601504043, 0.00142420025077, 0.000353745243046, 0.000242979425821, 0.000294392521027, 0.000105966624687, 0.000258686282905, 0.000146633858094, 2.87149450742e-05, 9.31304202823e-06, 1.61930029208e-06, 7.23065284092e-07, 8.2170930682e-07, 5.95346875798e-07, 3.98388550593e-07, 2.27532751751e-07, 2.38344910031e-07, 1.53312086582e-07, 6.77790978898e-09],
        "dvar": [8.17509203443e-07, 0.000484983203933, 2.8268656024e-05, 1.4630419173e-05, 0.000100014716736, 1.97577937797e-05, 1.38899940794e-05, 1.01989905943e-06, 2.31000012718e-06, 1.59988621817e-06, 2.60220645032e-07, 9.41947817523e-08, 1.06778294651e-07, 1.15609521956e-08, 1.39552327028e-07, 4.31497326758e-08, 1.88054083416e-09, 3.01263902713e-10, 4.90050144561e-12, 1.33115176867e-12, 2.22898262348e-12, 1.30812613346e-12, 5.95960401254e-13, 2.0927006059e-13, 8.89729438671e-14, 7.83768801813e-14, 3.8085671803e-15],
        "dvar2": [1.64216157827e-06, 0.00099155632779, 6.54721661704e-05, 3.26211520587e-05, 0.000269563053735, 4.63415999548e-05, 2.7297568522e-05, 2.11807946471e-06, 6.17633531874e-06, 4.00004682888e-06, 5.69036615161e-07, 1.9829052178e-07, 2.68188074415e-07, 2.69371334127e-08, 4.15909653384e-07, 1.20235569057e-07, 5.32183452862e-09, 8.10682354579e-10, 1.37511824844e-11, 3.67407276478e-12, 6.36183076705e-12, 3.73049638056e-12, 1.66613348552e-12, 4.92889041213e-13, 1.90607363335e-13, 1.57311094489e-13, 3.82324964941e-15],
        "max": [0.0142671763897, 0.221625998616, 0.095460049808, 0.05136243999, 0.140408366919, 0.0482368767262, 0.066057279706, 0.0139819821343, 0.0206192731857, 0.0125227943063, 0.00793657545, 0.00609662942588, 0.00502815051004, 0.00185867049731, 0.0069916145876, 0.00248882826418, 0.000766587734688, 0.000233408150962, 2.37975673372e-05, 1.21909897643e-05, 1.83607462532e-05, 1.68100177689e-05, 8.07336891739e-06, 8.91558738658e-06, 7.23045786799e-06, 7.08199650035e-06, 2.21597815653e-06],
        "mean": [0.000882373424247, 0.0346234664321, 0.0075199175626, 0.00357696716674, 0.00759525690228, 0.00265989592299, 0.0020703508053, 0.000640998827294, 0.00145428744145, 0.00136432598811, 0.000340037222486, 0.000246990006417, 0.0002565276518, 0.000103660771856, 0.000219929846935, 0.000124702972244, 2.31567428273e-05, 6.268643574e-06, 1.01649732187e-06, 3.51734001924e-07, 3.26958456753e-07, 2.45675124688e-07, 1.56525345574e-07, 1.01172098255e-07, 1.67654377492e-07, 1.43816265563e-07, 3.99989374955e-09],
        "median": [0.000416790950112, 0.0213905759156, 0.00346804596484, 0.00124108733144, 0.00302884820849, 0.00100245908834, 0.000580017280299, 0.000191229366465, 0.000793080078438, 0.000763503776398, 6.95421767887e-05, 3.21791048918e-05, 9.91167180473e-05, 3.34692922479e-05, 6.3663959736e-05, 2.27906821237e-05, 1.36123901484e-06, 5.60354578738e-07, 1.80154728469e-07, 1.26368433939e-07, 1.13338899155e-07, 8.74394388006e-08, 5.15484437358e-08, 3.51312401392e-08, 1.08390040054e-07, 9.34088646432e-08, 9.3539631596e-10],
        "min": [1.07526568627e-06, 5.40699911653e-05, 4.91790569868e-06, 2.59486273535e-06, 7.37722584745e-05, 1.82261101145e-05, 1.14713793664e-05, 3.32545050696e-06, 4.59099055661e-06, 7.59380418458e-06, 1.92241373043e-06, 2.91236688099e-07, 1.293320679e-06, 5.34045000222e-07, 6.12392568655e-07, 2.83314477656e-07, 3.31059943903e-08, 5.69490659075e-08, 2.88207520072e-08, 6.74553568558e-09, 1.18766885215e-09, 1.16494780489e-09, 7.9693725577e-12, 7.61792018356e-12, 1.06470354755e-09, 1.01575492462e-09, 1.85408754322e-11],
        "var": [1.42628823596e-06, 0.00119180534966, 0.000108596854261, 3.71053320123e-05, 0.00015381196863, 2.66875304078e-05, 2.36336127273e-05, 1.98132579499e-06, 3.68955420527e-06, 2.66440611085e-06, 5.53228233002e-07, 2.5141991955e-07, 1.79167244596e-07, 2.71587303757e-08, 1.73176047724e-07, 7.76071900077e-08, 3.62549568145e-09, 3.91730453631e-10, 5.58457100008e-12, 8.21593227479e-13, 1.2285553434e-12, 7.26709762245e-13, 3.42292844459e-13, 1.4596425468e-13, 8.01022998474e-14, 6.68446756822e-14, 3.809112246e-15]
    },
    "erbbands": {
        "dmean": [0.705663323402, 3.77604031563, 4.02861976624, 4.81125545502, 10.5710544586, 19.2502880096, 22.323589325, 14.96925354, 25.1946926117, 7.39482593536, 10.4998245239, 14.6098213196, 27.3058185577, 24.372423172, 9.62020301819, 5.08317995071, 9.23208332062, 3.20479083061, 4.07083320618, 11.75963974, 1.78171408176, 1.07135760784, 0.292143732309, 0.126250639558, 0.0388443134725, 0.0191374253482, 0.0173811446875, 0.0165024828166, 0.011931989342, 0.00861609354615, 0.00566116767004, 0.00316100777127, 0.0018240166828, 0.00204997044057, 0.000702438817825, 0.000324083404848, 0.00019288797921, 2.50679404417e-05, 1.082214294e-05, 2.57938063442e-05],
        "dmean2": [0.949560940266, 5.48778295517, 6.43146371841, 7.80174875259, 16.9476509094, 33.9117622375, 40.7060050964, 22.7870845795, 35.3634338379, 11.1237545013, 15.0599069595, 23.6185817719, 45.2700309753, 36.8803634644, 14.7939796448, 7.91645431519, 14.8561859131, 5.20534944534, 6.59701108932, 20.2115192413, 3.03081178665, 1.81905913353, 0.508370816708, 0.218480691314, 0.0696270316839, 0.0356798693538, 0.0329974070191, 0.0314329117537, 0.0225199982524, 0.0162294935435, 0.0105569949374, 0.00577233918011, 0.00327709456906, 0.00351471686736, 0.00124852650333, 0.000587762100622, 0.000338313577231, 4.20953838329e-05, 1.45709964272e-05, 3.51319067704e-05],
        "dvar": [0.649233937263, 21.9961109161, 38.1951751709, 62.6722145081, 379.639038086, 1792.16174316, 2072.65722656, 1490.17822266, 5942.58740234, 254.391372681, 554.04675293, 607.07611084, 2544.42480469, 1121.80249023, 263.480773926, 59.0736618042, 287.306335449, 20.1089000702, 36.615196228, 1220.34130859, 12.5242004395, 8.21368694305, 0.530812382698, 0.153160408139, 0.0111380722374, 0.00295438850299, 0.00330156669952, 0.00354904774576, 0.0018528791843, 0.000983598409221, 0.000426311889896, 0.000123903068015, 4.33768836956e-05, 1.26307768369e-05, 4.81656525153e-06, 1.35797722578e-06, 3.18914970876e-07, 8.03750221934e-09, 2.06097999778e-10, 8.02472255312e-10],
        "dvar2": [1.22410023212, 48.1490478516, 88.3446731567, 150.388259888, 799.317810059, 4858.921875, 5920.56103516, 3081.5949707, 11912.9355469, 592.460205078, 1095.546875, 1649.87658691, 6743.95800781, 2504.16918945, 576.035400391, 125.663513184, 729.010253906, 54.1539497375, 90.9823150635, 3681.35864258, 36.9655761719, 23.2583236694, 1.44900536537, 0.409138977528, 0.0318742059171, 0.00811265315861, 0.00934987515211, 0.0101812332869, 0.00529281049967, 0.00278756883927, 0.00119344505947, 0.00030790202436, 9.70963737927e-05, 2.81654392893e-05, 1.02344001789e-05, 3.03499132315e-06, 6.50665015201e-07, 1.01904475969e-08, 3.37635169823e-10, 1.6240435663e-09],
        "max": [7.8999876976, 48.8932685852, 99.6485214233, 114.836669922, 331.770721436, 746.774902344, 382.948272705, 475.9246521, 1331.60205078, 242.913497925, 329.090942383, 315.735748291, 491.494750977, 474.634735107, 255.608200073, 161.000213623, 259.911743164, 52.8537406921, 78.3514099121, 621.286010742, 56.2697753906, 51.4421920776, 9.61224842072, 5.17536401749, 1.34904813766, 0.572547733784, 0.563150167465, 0.864112317562, 0.663845300674, 0.317237585783, 0.207107201219, 0.189031600952, 0.142183855176, 0.0836031064391, 0.0519997887313, 0.0249651465565, 0.0141722261906, 0.00306922080927, 0.000371110334527, 0.000283410714474],
        "mean": [1.21596205235, 6.92873191833, 9.64542484283, 9.52338123322, 18.3774356842, 28.0197315216, 23.6456241608, 21.7288951874, 35.4632797241, 14.9450273514, 15.7241792679, 25.1867313385, 41.8897171021, 41.9901771545, 16.5364704132, 8.30048847198, 12.9665203094, 5.22121429443, 6.80710601807, 17.6118125916, 2.67236089706, 1.5437027216, 0.415228009224, 0.156847596169, 0.0475596450269, 0.0189831722528, 0.0136707741767, 0.0124558964744, 0.00915293116122, 0.00634460430592, 0.0042436379008, 0.00249702041037, 0.00158405152615, 0.00278660329059, 0.000718849536497, 0.000314976961818, 0.000370067864424, 5.15218816872e-05, 2.99798230117e-05, 6.96326678735e-05],
        "median": [0.736246049404, 4.40735006332, 5.79909420013, 5.68095541, 8.81091594696, 8.68801116943, 10.0587949753, 7.03881454468, 9.88727760315, 6.01464653015, 5.73112201691, 13.760764122, 19.9282226562, 24.8389587402, 8.86881923676, 3.86657238007, 4.83421468735, 3.24304199219, 2.96901631355, 2.39561009407, 0.97658354044, 0.172072887421, 0.0501868985593, 0.0148019343615, 0.00863010250032, 0.00611094664782, 0.00499097537249, 0.0042201243341, 0.00323784095235, 0.00203993427567, 0.00140628020745, 0.00083671574248, 0.000607774709351, 0.00196772371419, 0.00036370640737, 0.000139215349918, 0.00025833689142, 3.80858728022e-05, 2.50190787483e-05, 5.78524231969e-05],
        "min": [0.00156377733219, 0.0101286564022, 0.0208185259253, 0.0207386892289, 0.0983182042837, 0.183806985617, 0.205184563994, 0.358883202076, 0.309358656406, 0.204043835402, 0.164716228843, 0.270373016596, 0.466369241476, 0.431271374226, 0.234807804227, 0.0786830708385, 0.102639339864, 0.0574172697961, 0.0470306091011, 0.0224018320441, 0.013761902228, 0.00784764811397, 0.005201773718, 0.00256913457997, 0.0014172012452, 0.000475888897199, 0.000340510916431, 0.000344761589076, 9.70980036072e-05, 4.30726177001e-05, 1.70084804267e-05, 1.60500767379e-05, 2.30813311646e-05, 2.80933636532e-05, 1.47427572301e-05, 1.04554483187e-05, 1.49713187056e-05, 1.5207318711e-06, 3.13092277793e-06, 4.55420286016e-06],
        "var": [1.64231097698, 47.6844711304, 140.236206055, 134.981170654, 896.95098877, 3175.17431641, 1665.69641113, 2274.81835938, 8970.02734375, 561.49432373, 1041.23547363, 1075.30737305, 3357.0390625, 2529.09667969, 564.986206055, 155.668563843, 464.071838379, 39.1805496216, 90.0169143677, 1767.78601074, 21.1892528534, 16.4843292236, 0.901692509651, 0.215885311365, 0.0143308732659, 0.00203549163416, 0.00184739672113, 0.00193881732412, 0.00102579838131, 0.000552699551918, 0.000245054368861, 8.25469978736e-05, 3.1680749089e-05, 1.313715984e-05, 3.76991101803e-06, 9.88034912552e-07, 2.84985418375e-07, 8.57930615439e-09, 4.63666660622e-10, 2.20327645017e-09]
    },
    "gfcc": {
        "mean": [-118.854652405, 227.220779419, -72.5194244385, -27.5555095673, -10.0566596985, 15.6850576401, -18.8433361053, -2.47602558136, -4.86239242554, -4.43632316589, -13.6969137192, -1.35069286823, 8.28404521942],
        "cov": [[742.055786133, -82.1042785645, -181.149993896, 217.091522217, 105.117889404, -71.6314086914, -117.666213989, 38.851360321, 4.20648050308, -108.704200745, -41.1848258972, 2.66306638718, -39.046207428], [-82.1042785645, 416.186920166, 122.418357849, -146.020095825, 131.039093018, -117.39855957, -14.8232908249, -80.8112564087, 46.9606361389, -9.31229877472, 20.9695281982, -39.6466827393, 41.0296173096], [-181.149993896, 122.418357849, 720.295349121, -21.5433940887, -299.756072998, 78.8362426758, 171.129867554, -70.7651443481, -33.5442390442, 57.303188324, 94.0198364258, -43.0256156921, -12.8189067841], [217.091522217, -146.020095825, -21.5433940887, 307.149688721, 89.0316696167, -121.270004272, -53.40102005, 66.533996582, 5.92089271545, -48.2414703369, 14.3872251511, 33.8369255066, -16.7578582764], [105.117889404, 131.039093018, -299.756072998, 89.0316696167, 629.878601074, -33.0137557983, -98.9886169434, -11.4928159714, 6.49392127991, -75.6377258301, -47.3041915894, 20.944486618, 72.0589141846], [-71.6314086914, -117.39855957, 78.8362426758, -121.270004272, -33.0137557983, 410.165863037, 141.614318848, -109.066902161, -68.4211807251, 8.43495845795, -23.2855148315, -28.566324234, 9.6473493576], [-117.666213989, -14.8232908249, 171.129867554, -53.40102005, -98.9886169434, 141.614318848, 221.270095825, 14.9613323212, -12.7279500961, 31.5996189117, 8.85468673706, -13.4795827866, -6.81986808777], [38.851360321, -80.8112564087, -70.7651443481, 66.533996582, -11.4928159714, -109.066902161, 14.9613323212, 203.402038574, 73.9188995361, 0.301634132862, 1.97267925739, 11.689207077, -2.00051021576], [4.20648050308, 46.9606361389, -33.5442390442, 5.92089271545, 6.49392127991, -68.4211807251, -12.7279500961, 73.9188995361, 147.970352173, 34.0474281311, 27.8366451263, 3.0868909359, 9.20114898682], [-108.704200745, -9.31229877472, 57.303188324, -48.2414703369, -75.6377258301, 8.43495845795, 31.5996189117, 0.301634132862, 34.0474281311, 120.204299927, 51.5428009033, 6.51809644699, -4.69545316696], [-41.1848258972, 20.9695281982, 94.0198364258, 14.3872251511, -47.3041915894, -23.2855148315, 8.85468673706, 1.97267925739, 27.8366451263, 51.5428009033, 108.310020447, 29.7097072601, 5.25242805481], [2.66306638718, -39.6466827393, -43.0256156921, 33.8369255066, 20.944486618, -28.566324234, -13.4795827866, 11.689207077, 3.0868909359, 6.51809644699, 29.7097072601, 69.7941818237, 14.1375818253], [-39.046207428, 41.0296173096, -12.8189067841, -16.7578582764, 72.0589141846, 9.6473493576, -6.81986808777, -2.00051021576, 9.20114898682, -4.69545316696, 5.25242805481, 14.1375818253, 73.6245269775]],
        "icov": [[0.00235002511181, -0.00232311245054, 0.00100119796116, -0.00314619136043, 0.00104077544529, -0.00208606850356, 0.00142318103462, -0.00131658732425, 0.000535921659321, 0.000308898452204, 0.000597865844611, -0.000520081375726, 0.0013598529622], [-0.00232311245054, 0.0226058848202, -0.00618328852579, 0.0176189038903, -0.0088754883036, 0.0163580272347, -0.00720647303388, 0.0131568331271, -0.00932714901865, 0.00971338711679, -0.00690809264779, 0.00964391138405, -0.00423684762791], [0.00100119796116, -0.00618328852579, 0.00467520952225, -0.00586987938732, 0.00357038760558, -0.00393347209319, -0.000154698442202, -0.00204823631793, 0.00288563268259, -0.00210920698009, -0.000727154663764, 0.000203431540285, -7.65956938267e-05], [-0.00314619136043, 0.0176189038903, -0.00586987938732, 0.0195315331221, -0.00800025183707, 0.0135591570288, -0.00518147135153, 0.0084939468652, -0.00653767213225, 0.00868076272309, -0.00615763477981, 0.00495124887675, -0.00140020740218], [0.00104077544529, -0.0088754883036, 0.00357038760558, -0.00800025183707, 0.00611088983715, -0.00637495797127, 0.00266772275791, -0.00420543784276, 0.00334248319268, -0.00303313066252, 0.00270074815489, -0.00305074080825, -0.000931979622692], [-0.00208606850356, 0.0163580272347, -0.00393347209319, 0.0135591570288, -0.00637495797127, 0.0163682680577, -0.00862202886492, 0.0118608800694, -0.00597752630711, 0.0069587691687, -0.0048520071432, 0.00785972829908, -0.00417505158111], [0.00142318103462, -0.00720647303388, -0.000154698442202, -0.00518147135153, 0.00266772275791, -0.00862202886492, 0.0113555416465, -0.00777876004577, 0.00338028348051, -0.00402099592611, 0.00338542275131, -0.00435514003038, 0.00283968052827], [-0.00131658732425, 0.0131568331271, -0.00204823631793, 0.0084939468652, -0.00420543784276, 0.0118608800694, -0.00777876004577, 0.0164575129747, -0.00884944852442, 0.00630484288558, -0.00355885014869, 0.00604056380689, -0.00356313306838], [0.000535921659321, -0.00932714901865, 0.00288563268259, -0.00653767213225, 0.00334248319268, -0.00597752630711, 0.00338028348051, -0.00884944852442, 0.0138657102361, -0.00662707304582, 0.000549395685084, -0.00196665385738, 0.00026390736457], [0.000308898452204, 0.00971338711679, -0.00210920698009, 0.00868076272309, -0.00303313066252, 0.0069587691687, -0.00402099592611, 0.00630484288558, -0.00662707304582, 0.0178393349051, -0.00864689424634, 0.0042339512147, -1.52326483658e-05], [0.000597865844611, -0.00690809264779, -0.000727154663764, -0.00615763477981, 0.00270074815489, -0.0048520071432, 0.00338542275131, -0.00355885014869, 0.000549395685084, -0.00864689424634, 0.0189611595124, -0.0104220407084, 0.000876467383932], [-0.000520081375726, 0.00964391138405, 0.000203431540285, 0.00495124887675, -0.00305074080825, 0.00785972829908, -0.00435514003038, 0.00604056380689, -0.00196665385738, 0.0042339512147, -0.0104220407084, 0.0252467710525, -0.00635976018384], [0.0013598529622, -0.00423684762791, -7.65956938267e-05, -0.00140020740218, -0.000931979622692, -0.00417505158111, 0.00283968052827, -0.00356313306838, 0.00026390736457, -1.52326483658e-05, 0.000876467383932, -0.00635976018384, 0.0190828945488]]
    },
    "melbands": {
        "dmean": [0.00563908182085, 0.00286566815339, 0.000991250271909, 0.00103292590939, 0.000822502130177, 0.000362894381396, 0.000342753890436, 7.7816657722e-05, 7.88416073192e-05, 0.000116289287689, 0.000138378542033, 0.000104925420601, 3.62615646736e-05, 2.16737644223e-05, 1.67210582731e-05, 1.40793990795e-05, 5.43536634723e-06, 6.46325270282e-06, 1.06324032458e-05, 1.19394080684e-05, 8.53976018789e-07, 1.35157404202e-06, 3.14411835234e-07, 3.46846292132e-07, 7.28896907276e-08, 4.31317914718e-08, 1.28337376282e-08, 1.24036869664e-08, 1.13126663592e-08, 1.0229237013e-08, 9.33261912195e-09, 6.79315048657e-09, 6.03522520848e-09, 4.53162618541e-09, 3.58039442538e-09, 2.48621367938e-09, 1.75276593239e-09, 1.35510880295e-09, 1.10805953302e-09, 2.27346808046e-09],
        "dmean2": [0.00757720926777, 0.00442451611161, 0.0015612061834, 0.00174455856904, 0.00149412918836, 0.000546497001778, 0.000479186477605, 0.000121758137539, 0.00011490250472, 0.000189489815966, 0.000229030410992, 0.000158441544045, 5.61389824725e-05, 3.31808732881e-05, 2.68961484835e-05, 2.3064612833e-05, 8.79358321981e-06, 1.02439926195e-05, 1.81997856998e-05, 2.04509960895e-05, 1.45540616359e-06, 2.29592501455e-06, 5.50578931779e-07, 5.96721406509e-07, 1.27178296339e-07, 7.59524851901e-08, 2.37874786535e-08, 2.31888748203e-08, 2.14585682556e-08, 1.94043856538e-08, 1.77147860825e-08, 1.27829347107e-08, 1.13945644031e-08, 8.51195292029e-09, 6.69678978937e-09, 4.57977433754e-09, 3.17261084071e-09, 2.42664133232e-09, 1.98073402125e-09, 3.86169229927e-09],
        "dvar": [4.26152400905e-05, 1.43758998092e-05, 2.6003901894e-06, 4.04830188927e-06, 3.08314270114e-06, 8.52668620155e-07, 1.02506396615e-06, 2.53806469175e-08, 2.72692748382e-08, 3.86364824578e-08, 6.32064072192e-08, 2.18636966309e-08, 5.74941072529e-09, 1.89505100501e-09, 8.21121393102e-10, 5.22502541234e-10, 6.39356276255e-11, 1.1581331727e-10, 7.74613095889e-10, 1.21440202339e-09, 3.51497064961e-12, 1.56185359784e-11, 6.37276147651e-13, 1.68410641335e-12, 3.93673334491e-14, 1.57430610838e-14, 1.42924496108e-15, 1.22755127562e-15, 1.38423511257e-15, 1.19141229729e-15, 1.13104044749e-15, 5.74037616486e-16, 4.91560112588e-16, 2.67468943713e-16, 1.79333987646e-16, 6.93918440974e-17, 3.93845240357e-17, 2.42265633878e-17, 1.3933928556e-17, 1.02363832414e-17],
        "dvar2": [8.23542941362e-05, 3.33869575115e-05, 5.75561671212e-06, 1.02715703179e-05, 8.75712794368e-06, 1.73496414391e-06, 2.00028853214e-06, 6.44428865826e-08, 5.49120926507e-08, 1.05070206757e-07, 1.66858342254e-07, 4.87285802819e-08, 1.25397239259e-08, 3.89478760354e-09, 2.0406170087e-09, 1.34045763378e-09, 1.69305708342e-10, 2.69988559287e-10, 2.32698749159e-09, 3.65004737546e-09, 9.28459132493e-12, 4.43512136739e-11, 1.764298126e-12, 4.54021065535e-12, 1.04195745456e-13, 4.58744133446e-14, 3.93285274817e-15, 3.35664990371e-15, 3.93535361294e-15, 3.37940989076e-15, 3.25131860386e-15, 1.63183141926e-15, 1.41104137601e-15, 7.54237046811e-16, 5.09102535502e-16, 1.8284704356e-16, 9.47024061712e-17, 5.48368898442e-17, 3.0838818557e-17, 2.44621857853e-17],
        "max": [0.0678261220455, 0.0476924292743, 0.0234334710985, 0.035432189703, 0.0202345419675, 0.0101635819301, 0.0179665852338, 0.00222054077312, 0.0022487686947, 0.00243479642086, 0.0024709047284, 0.0020911952015, 0.00120373396203, 0.000897727557458, 0.000438511662651, 0.000347297522239, 8.99470469449e-05, 0.000180365343112, 0.000513842271175, 0.000594395387452, 2.61593704636e-05, 7.0410031185e-05, 1.36785911309e-05, 1.75722725544e-05, 2.28780459111e-06, 1.6679325654e-06, 4.59542889075e-07, 3.73830630451e-07, 3.60566701829e-07, 3.99278974328e-07, 5.1251208788e-07, 3.78791668254e-07, 3.0464940437e-07, 1.88540312251e-07, 1.38160970664e-07, 1.15283270929e-07, 1.15560403913e-07, 1.03999390433e-07, 8.25439343544e-08, 6.58357492966e-08],
        "mean": [0.010273761116, 0.00641816109419, 0.00196790299378, 0.00176048837602, 0.000918187666684, 0.000504871830344, 0.000506745127495, 0.000150226071128, 0.000121048884466, 0.000187924262718, 0.000211594713619, 0.000176020170329, 5.82078246225e-05, 3.51194539689e-05, 2.21998216148e-05, 2.08805995499e-05, 8.22907531983e-06, 1.01754831121e-05, 1.64322318597e-05, 1.76400699274e-05, 1.03202012269e-06, 1.85530859653e-06, 4.09734838058e-07, 4.10837685649e-07, 8.14218594769e-08, 5.15271381119e-08, 1.21854943913e-08, 1.13897353771e-08, 8.58171311791e-09, 7.64218555105e-09, 6.97219926238e-09, 5.21314635904e-09, 4.43346470647e-09, 3.19945847593e-09, 2.56391063935e-09, 1.91279991846e-09, 1.33838196081e-09, 1.07381947778e-09, 8.88256690423e-10, 3.19393222981e-09],
        "median": [0.00634969165549, 0.00457563390955, 0.00120687030721, 0.000731854292098, 0.000376521551516, 0.000166003053891, 0.000144537712913, 6.1559920141e-05, 4.28766070399e-05, 0.00010299502901, 0.000103389073047, 9.67532687355e-05, 2.12955037568e-05, 5.11227017341e-06, 7.39480856282e-06, 1.1463554074e-05, 3.66403742191e-06, 2.07181074074e-06, 4.69620999866e-06, 1.43148611187e-06, 3.1877237916e-07, 7.19158350648e-08, 5.7518978025e-08, 2.07254942097e-08, 9.73898117707e-09, 6.77360967316e-09, 4.42896341823e-09, 3.68083696856e-09, 3.00398195208e-09, 2.6246149698e-09, 2.34467134597e-09, 1.88055171435e-09, 1.38183819942e-09, 9.73707670049e-10, 7.8802236958e-10, 6.12587758297e-10, 4.16198492337e-10, 3.5330161019e-10, 2.94194196782e-10, 2.32930541522e-09],
