{
"highlevel": {
    "danceability": {
        "all": {
            "danceable": 0.999819815159,
            "not_danceable": 0.000180172064574
        },
        "probability": 0.999819815159,
        "value": "danceable"
    },
    "gender": {
        "all": {
            "female": 0.0768416821957,
            "male": 0.923158288002
        },
        "probability": 0.923158288002,
        "value": "male"
    },
    "genre_dortmund": {
        "all": {
            "alternative": 0.02118088305,
            "blues": 0.0142875332385,
            "electronic": 0.526197433472,
            "folkcountry": 0.00596739770845,
            "funksoulrnb": 0.00960263330489,
            "jazz": 0.0261839367449,
            "pop": 0.0280286576599,
            "raphiphop": 0.326757162809,
            "rock": 0.0417943783104
        },
        "probability": 0.526197433472,
        "value": "electronic"
    },
    "genre_electronic": {
        "all": {
            "ambient": 0.0361540205777,
            "dnb": 0.873687684536,
            "house": 0.00913454778492,
            "techno": 0.00443905079737,
            "trance": 0.0765846967697
        },
        "probability": 0.873687684536,
        "value": "dnb"
    },
    "genre_rosamerica": {
        "all": {
            "cla": 0.00329317618161,
            "dan": 0.265472650528,
            "hip": 0.139604896307,
            "jaz": 0.0038677349221,
            "pop": 0.227783083916,
            "rhy": 0.0121704088524,
            "roc": 0.34470307827,
            "spe": 0.00310498313047
        },
        "probability": 0.34470307827,
        "value": "roc"
    },
    "genre_tzanetakis": {
        "all": {
            "blu": 0.0626541376114,
            "cla": 0.0348133966327,
            "cou": 0.0783501937985,
            "dis": 0.104547761381,
            "hip": 0.15693578124,
            "jaz": 0.313987255096,
            "met": 0.044816005975,
            "pop": 0.0627349764109,
            "reg": 0.0627352520823,
            "roc": 0.0784252434969
        },
        "probability": 0.313987255096,
        "value": "jaz"
    },
    "ismir04_rhythm": {
        "all": {
            "ChaChaCha": 0.00585155608132,
            "Jive": 0.0223688706756,
            "Quickstep": 0.0766485631466,
            "Rumba-American": 0.0077512813732,
            "Rumba-International": 0.00628328556195,
            "Rumba-Misc": 0.00640915054828,
            "Samba": 0.853590428829,
            "Tango": 0.00279108714312,
            "VienneseWaltz": 0.012371015735,
            "Waltz": 0.00593475578353
        },
        "probability": 0.853590428829,
        "value": "Samba"
    },
    "mood_acoustic": {
        "all": {
            "acoustic": 3.32905436551e-08,
            "not_acoustic": 0.999999940395
        },
        "probability": 0.999999940395,
        "value": "not_acoustic"
    },
    "mood_aggressive": {
        "all": {
            "aggressive": 0.887204170227,
            "not_aggressive": 0.112795829773
        },
        "probability": 0.887204170227,
        "value": "aggressive"
    },
    "mood_electronic": {
        "all": {
            "electronic": 0.970979273319,
            "not_electronic": 0.0290207527578
        },
        "probability": 0.970979273319,
        "value": "electronic"
    },
    "mood_happy": {
        "all": {
            "happy": 0.240430936217,
            "not_happy": 0.759569048882
        },
        "probability": 0.759569048882,
        "value": "not_happy"
    },
    "mood_party": {
        "all": {
            "not_party": 0.0590554475784,
            "party": 0.940944552422
        },
        "probability": 0.940944552422,
        "value": "party"
    },
    "mood_relaxed": {
        "all": {
            "not_relaxed": 0.964246094227,
            "relaxed": 0.0357539281249
        },
        "probability": 0.964246094227,
        "value": "not_relaxed"
    },
    "mood_sad": {
        "all": {
            "not_sad": 0.95931327343,
            "sad": 0.0406867153943
        },
        "probability": 0.95931327343,
        "value": "not_sad"
    },
    "moods_mirex": {
        "all": {
            "Cluster1": 0.178860798478,
            "Cluster2": 0.0657375529408,
            "Cluster3": 0.026406807825,
            "Cluster4": 0.0190574955195,
            "Cluster5": 0.709937334061
        },
        "probability": 0.709937334061,
        "value": "Cluster5"
    },
    "timbre": {
        "all": {
            "bright": 0.040065150708,
            "dark": 0.959934830666
        },
        "probability": 0.959934830666,
        "value": "dark"
    },
    "tonal_atonal": {
        "all": {
            "atonal": 0.853029966354,
            "tonal": 0.146970018744
        },
        "probability": 0.853029966354,
        "value": "atonal"
    },
    "voice_instrumental": {
        "all": {
            "instrumental": 0.00174263969529,
            "voice": 0.998257339001
        },
        "probability": 0.998257339001,
        "value": "voice"
    }
},
"lowlevel": {
    "average_loudness": 0.977294564247,
    "barkbands_crest": {
        "dmean": 2.72908449173,
        "dmean2": 4.30581760406,
        "dvar": 6.76377534866,
        "dvar2": 16.8882465363,
        "max": 24.3869876862,
        "mean": 12.0451936722,
        "median": 12.3732805252,
        "min": 2.24494028091,
        "var": 25.6664409637
    },
    "barkbands_flatness_db": {
        "dmean": 0.0204173177481,
        "dmean2": 0.0309168770909,
        "dvar": 0.000571286363993,
        "dvar2": 0.00119306426495,
        "max": 0.569945335388,
        "mean": 0.141389787197,
        "median": 0.126365765929,
        "min": 0.0280917193741,
        "var": 0.00532126845792
    },
    "barkbands_kurtosis": {
        "dmean": 6.11532020569,
        "dmean2": 9.67570972443,
        "dvar": 322.127410889,
        "dvar2": 727.824768066,
        "max": 417.56829834,
        "mean": 12.2900695801,
        "median": 2.1147441864,
        "min": -1.8213531971,
        "var": 1207.86816406
    },
    "barkbands_skewness": {
        "dmean": 0.637578368187,
        "dmean2": 0.940960586071,
        "dvar": 0.732418775558,
        "dvar2": 1.47920250893,
        "max": 14.491850853,
        "mean": 2.08635807037,
        "median": 1.75095236301,
        "min": -5.35053730011,
        "var": 4.52218151093
    },
    "barkbands_spread": {
        "dmean": 6.13985729218,
        "dmean2": 9.24580001831,
        "dvar": 48.6188316345,
        "dvar2": 102.556846619,
        "max": 95.7069625854,
        "mean": 27.7318763733,
        "median": 27.1701164246,
        "min": 0.192133158445,
        "var": 272.591918945
    },
    "dissonance": {
        "dmean": 0.0120844757184,
        "dmean2": 0.0208241324872,
        "dvar": 0.000133854206069,
        "dvar2": 0.000371091882698,
        "max": 0.499995112419,
        "mean": 0.481175214052,
        "median": 0.485487312078,
        "min": 0.37193274498,
        "var": 0.000252981553786
    },
    "dynamic_complexity": 1.94556462765,
    "erbbands_crest": {
        "dmean": 2.16282844543,
        "dmean2": 3.62677502632,
        "dvar": 4.15273237228,
        "dvar2": 10.8247213364,
        "max": 24.4743556976,
        "mean": 7.07498979568,
        "median": 6.33612298965,
        "min": 2.21875429153,
        "var": 10.2411556244
    },
    "erbbands_flatness_db": {
        "dmean": 0.0116414660588,
        "dmean2": 0.0175813417882,
        "dvar": 0.000134878006065,
        "dvar2": 0.000250886339927,
        "max": 0.298454374075,
        "mean": 0.128101184964,
        "median": 0.125084191561,
        "min": 0.0620437338948,
        "var": 0.00087313685799
    },
    "erbbands_kurtosis": {
        "dmean": 0.788761973381,
        "dmean2": 1.21146440506,
        "dvar": 3.13634586334,
        "dvar2": 4.09777498245,
        "max": 52.7606048584,
        "mean": 0.454358249903,
        "median": -0.238739013672,
        "min": -1.63229703903,
        "var": 12.6661281586
    },
    "erbbands_skewness": {
        "dmean": 0.315990120173,
        "dmean2": 0.48334223032,
        "dvar": 0.102698974311,
        "dvar2": 0.2043517977,
        "max": 6.51127386093,
        "mean": -0.0748037844896,
        "median": -0.0610111653805,
        "min": -3.55318927765,
        "var": 0.69347012043
    },
    "erbbands_spread": {
        "dmean": 7.32728767395,
        "dmean2": 11.332482338,
        "dvar": 62.6881332397,
        "dvar2": 141.767181396,
        "max": 129.998657227,
        "mean": 41.6581878662,
        "median": 38.5630569458,
        "min": 3.36769485474,
        "var": 271.198638916
    },
    "hfc": {
        "dmean": 6.3966794014,
        "dmean2": 9.11082935333,
        "dvar": 79.8257904053,
        "dvar2": 131.187408447,
        "max": 163.673904419,
        "mean": 32.7616386414,
        "median": 28.9944133759,
        "min": 0.0784651562572,
        "var": 512.006835938
    },
    "melbands_crest": {
        "dmean": 4.2333240509,
        "dmean2": 6.68480730057,
        "dvar": 16.7281036377,
        "dvar2": 38.8163490295,
        "max": 38.6907577515,
        "mean": 21.8633785248,
        "median": 22.1845741272,
        "min": 3.54595661163,
        "var": 82.6411895752
    },
    "melbands_flatness_db": {
        "dmean": 0.0249928869307,
        "dmean2": 0.0372092314065,
        "dvar": 0.000841090804897,
        "dvar2": 0.00164227699861,
        "max": 0.702305555344,
        "mean": 0.197698041797,
        "median": 0.187916204333,
        "min": 0.0290390830487,
        "var": 0.00937329977751
    },
    "melbands_kurtosis": {
        "dmean": 23.1134662628,
        "dmean2": 37.7811813354,
        "dvar": 23717.0585938,
        "dvar2": 67350.3046875,
        "max": 3817.84228516,
        "mean": 39.8347702026,
        "median": 12.5112524033,
        "min": -1.84700095654,
        "var": 21054.2265625
    },
    "melbands_skewness": {
        "dmean": 1.01615011692,
        "dmean2": 1.53944265842,
        "dvar": 3.08035254478,
        "dvar2": 7.23700284958,
        "max": 33.4545211792,
        "mean": 3.91979002953,
        "median": 3.37174654007,
        "min": -3.67653942108,
        "var": 10.9139547348
    },
    "melbands_spread": {
        "dmean": 7.86515665054,
        "dmean2": 11.7153587341,
        "dvar": 170.524047852,
        "dvar2": 326.344848633,
        "max": 210.801177979,
        "mean": 30.4632396698,
        "median": 21.576007843,
        "min": 0.0495681650937,
        "var": 982.59588623
    },
    "pitch_salience": {
        "dmean": 0.0828158706427,
        "dmean2": 0.134134858847,
        "dvar": 0.00658404873684,
        "dvar2": 0.0154306702316,
        "max": 0.791426956654,
        "mean": 0.462445259094,
        "median": 0.477887064219,
        "min": 0.0208601709455,
        "var": 0.0254160054028
    },
    "silence_rate_20dB": {
        "dmean": 0,
        "dmean2": 0,
        "dvar": 0,
        "dvar2": 0,
        "max": 1,
        "mean": 1,
        "median": 1,
        "min": 1,
        "var": 0
    },
    "silence_rate_30dB": {
        "dmean": 0.0743034034967,
        "dmean2": 0.148721918464,
        "dvar": 0.0687827318907,
        "dvar2": 0.143646270037,
        "max": 1,
        "mean": 0.860788881779,
        "median": 1,
        "min": 0,
        "var": 0.119830690324
    },
    "silence_rate_60dB": {
        "dmean": 0.0061919502914,
        "dmean2": 0.0123934932053,
        "dvar": 0.00615359842777,
        "dvar2": 0.0122398901731,
        "max": 1,
        "mean": 0.0255220420659,
        "median": 0,
        "min": 0,
        "var": 0.0248706880957
    },
    "spectral_centroid": {
        "dmean": 287.3046875,
        "dmean2": 430.56628418,
        "dvar": 98484.703125,
        "dvar2": 186686.046875,
        "max": 5339.0234375,
        "mean": 2017.10986328,
        "median": 2067.8828125,
        "min": 100.840713501,
        "var": 636852
    },
    "spectral_complexity": {
        "dmean": 4.08746147156,
        "dmean2": 6.41053438187,
        "dvar": 13.0240573883,
        "dvar2": 29.1435928345,
        "max": 56,
        "mean": 29.8894042969,
        "median": 32,
        "min": 0,
        "var": 161.852554321
    },
    "spectral_decrease": {
        "dmean": 3.54015416981e-09,
        "dmean2": 5.48684742085e-09,
        "dvar": 2.46160777751e-17,
        "dvar2": 5.43172748357e-17,
        "max": -1.26098034792e-10,
        "mean": -1.5168138745e-08,
        "median": -1.35526896372e-08,
        "min": -5.42972955486e-08,
        "var": 1.0552988937e-16
    },
    "spectral_energy": {
        "dmean": 0.0134340971708,
        "dmean2": 0.0208126176149,
        "dvar": 0.000345975073287,
        "dvar2": 0.000763681076933,
        "max": 0.207410261035,
        "mean": 0.0602196417749,
        "median": 0.0540794059634,
        "min": 0.000488394522108,
        "var": 0.0014861007221
    },
    "spectral_energyband_high": {
        "dmean": 0.000664128048811,
        "dmean2": 0.000899404753,
        "dvar": 1.78477773716e-06,
        "dvar2": 2.6377344966e-06,
        "max": 0.0228757597506,
        "mean": 0.00213146465831,
        "median": 0.00124560261611,
        "min": 3.2966308936e-06,
        "var": 8.11051995697e-06
    },
    "spectral_energyband_low": {
        "dmean": 0.0135235916823,
        "dmean2": 0.0208601467311,
        "dvar": 0.00039510478382,
        "dvar2": 0.000889782910235,
        "max": 0.191181480885,
        "mean": 0.0433621406555,
        "median": 0.0361286997795,
        "min": 9.1662423074e-06,
        "var": 0.00154576718342
    },
    "spectral_energyband_middle_high": {
        "dmean": 0.00181562337093,
        "dmean2": 0.00285347970203,
        "dvar": 4.35220681538e-06,
        "dvar2": 9.63927232078e-06,
        "max": 0.035242125392,
        "mean": 0.00734076602384,
        "median": 0.00656353961676,
        "min": 3.81110453418e-06,
        "var": 3.09959250444e-05
    },
    "spectral_energyband_middle_low": {
        "dmean": 0.00411859387532,
        "dmean2": 0.00680632470176,
        "dvar": 4.1310548113e-05,
        "dvar2": 0.000109916283691,
        "max": 0.0586501397192,
        "mean": 0.00834426190704,
        "median": 0.00616087717935,
        "min": 1.37257520691e-05,
        "var": 5.90568160987e-05
    },
    "spectral_entropy": {
        "dmean": 0.0990156307817,
        "dmean2": 0.148308709264,
        "dvar": 0.0148804094642,
        "dvar2": 0.0280085895211,
        "max": 8.58379364014,
        "mean": 7.94297933578,
        "median": 7.98000717163,
        "min": 4.99094772339,
        "var": 0.0914734601974
    },
    "spectral_flux": {
        "dmean": 0.026775399223,
        "dmean2": 0.0441430099308,
        "dvar": 0.00125094421674,
        "dvar2": 0.00290796393529,
        "max": 0.375195145607,
        "mean": 0.115233629942,
        "median": 0.104808583856,
        "min": 0.00380075303838,
        "var": 0.00330300885253
    },
    "spectral_kurtosis": {
        "dmean": 0.845141649246,
        "dmean2": 1.43937027454,
        "dvar": 1.40665519238,
        "dvar2": 3.19672632217,
        "max": 35.5947113037,
        "mean": 2.89519143105,
        "median": 2.67498540878,
        "min": -0.151001214981,
        "var": 3.4412124157
    },
    "spectral_rms": {
        "dmean": 0.000800162903033,
        "dmean2": 0.0012259298237,
        "dvar": 9.94930246634e-07,
        "dvar2": 2.03503191187e-06,
        "max": 0.0142250293866,
        "mean": 0.0072050942108,
        "median": 0.0072636352852,
        "min": 0.000690277083777,
        "var": 6.8374924922e-06
    },
    "spectral_rolloff": {
        "dmean": 437.313903809,
        "dmean2": 686.260864258,
        "dvar": 463160.65625,
        "dvar2": 862096.875,
        "max": 8161.08398438,
        "mean": 1496.86779785,
        "median": 968.994140625,
        "min": 43.06640625,
        "var": 2609078.5
    },
    "spectral_skewness": {
        "dmean": 0.149350136518,
        "dmean2": 0.239762380719,
        "dvar": 0.0252421740443,
        "dvar2": 0.0528325214982,
        "max": 5.1805639267,
        "mean": 1.18705105782,
        "median": 1.16871011257,
        "min": 0.236692965031,
        "var": 0.127042219043
    },
    "spectral_spread": {
        "dmean": 359069.5625,
        "dmean2": 539430.375,
        "dvar": 199725842432,
        "dvar2": 351309201408,
        "max": 12242992,
        "mean": 4579776.5,
        "median": 4382972.5,
        "min": 1996615.25,
        "var": 892637478912
    },
    "spectral_strongpeak": {
        "dmean": 0.338986158371,
        "dmean2": 0.585537016392,
        "dvar": 0.53103530407,
        "dvar2": 1.31128370762,
        "max": 12.4880008698,
        "mean": 0.537097215652,
        "median": 0.31235820055,
        "min": 0,
        "var": 0.718889653683
    },
    "zerocrossingrate": {
        "dmean": 0.0104477824643,
        "dmean2": 0.0119967414066,
        "dvar": 0.000149365136167,
        "dvar2": 0.000144086021464,
        "max": 0.27880859375,
        "mean": 0.0604626610875,
        "median": 0.05126953125,
        "min": 0.00048828125,
        "var": 0.00203884928487
    },
    "barkbands": {
        "dmean": [0.00285081774928, 0.0129710612819, 0.00437633041292, 0.00205540214665, 0.00108934764285, 0.000783035065979, 0.000707318715286, 0.000491671613418, 0.0010204926366, 0.000434793473687, 0.000587120011915, 0.000360236183042, 0.000541088928003, 0.00034426728962, 0.000284550478682, 0.000304054323351, 0.000420242315158, 0.000344455649611, 0.00033345608972, 0.000255475606536, 0.000204234122066, 0.000261442735791, 0.000152899985551, 8.2231235865e-05, 5.12789374625e-05, 1.9751731088e-05, 8.91708893391e-08],
        "dmean2": [0.00435074465349, 0.0205050595105, 0.00770312733948, 0.00351091753691, 0.00181966566015, 0.00129298004322, 0.00119472516235, 0.000807708129287, 0.00168733927421, 0.000714009744115, 0.00100352498703, 0.000584565917961, 0.000914449105039, 0.000576203572564, 0.000462240335764, 0.000483570271172, 0.000678657030221, 0.000556717801373, 0.000526062445715, 0.000415318150772, 0.000300752435578, 0.000384700164432, 0.000221181064262, 0.000118258671137, 7.33787892386e-05, 2.89786203211e-05, 1.47197923184e-07],
        "dvar": [1.7635342374e-05, 0.000375288480427, 9.22378749237e-05, 2.45826104219e-05, 3.36522430189e-06, 1.56376938776e-06, 1.34126889861e-06, 6.07627271165e-07, 3.88624948755e-06, 5.12921246809e-07, 1.02779290501e-06, 3.6392492575e-07, 7.24752851511e-07, 3.42801371289e-07, 2.06527758451e-07, 3.14814769808e-07, 6.82521715589e-07, 2.96167343095e-07, 2.49877075476e-07, 1.75098122668e-07, 1.1644014819e-07, 4.29563385751e-07, 1.22406348169e-07, 4.06816376142e-08, 1.6795485891e-08, 1.72306724444e-09, 7.75988770311e-14],
        "dvar2": [4.13989801018e-05, 0.000956813921221, 0.000267038092716, 6.70914596412e-05, 8.7997823357e-06, 3.8934845179e-06, 3.67308871319e-06, 1.50832249801e-06, 1.01524501588e-05, 1.33157550408e-06, 2.73425644082e-06, 8.11355903352e-07, 1.99272017198e-06, 9.26832171899e-07, 5.08182097292e-07, 6.91676177667e-07, 1.42902661082e-06, 7.64303081269e-07, 5.1875480267e-07, 4.14644546254e-07, 2.33974532193e-07, 7.10843266916e-07, 2.25507776008e-07, 7.95453090063e-08, 3.45522117584e-08, 3.41297212714e-09, 1.65936573293e-13],
        "max": [0.0485262908041, 0.173944592476, 0.0880541950464, 0.0426101386547, 0.0201031118631, 0.0222963243723, 0.01035045553, 0.0112022925168, 0.0406274907291, 0.0105640320107, 0.0117215029895, 0.0093170562759, 0.00730609148741, 0.00881694070995, 0.00604875432327, 0.0105358501896, 0.0222461502999, 0.00810019671917, 0.0061306594871, 0.00655791442841, 0.00555255217478, 0.0129643008113, 0.00565624749288, 0.00453933374956, 0.002646953566, 0.000901095685549, 5.15349938723e-06],
        "mean": [0.00754950940609, 0.0304686781019, 0.00451222062111, 0.0020815632306, 0.00164114614017, 0.00109252543189, 0.000998896663077, 0.000730398693122, 0.00158078724053, 0.000787956814747, 0.000941955193412, 0.000644120387733, 0.000823574780952, 0.000588625553064, 0.00054345378885, 0.000602178392, 0.000792422157247, 0.000676982454024, 0.00075061264215, 0.000592317606788, 0.000515777559485, 0.00059061095817, 0.000353956682375, 0.000199384870939, 0.000116149225505, 4.37752933067e-05, 9.52138563548e-08],
        "median": [0.00542198633775, 0.022956918925, 0.00153789191972, 0.000605201814324, 0.000783610565122, 0.000599070161115, 0.000518184155226, 0.000391874462366, 0.000776914588641, 0.000324330379954, 0.000439670868218, 0.000304240558762, 0.000422716781031, 0.000419023621362, 0.000316338351695, 0.000290099298581, 0.000458313588751, 0.000428051629569, 0.000496573280543, 0.000415862014052, 0.000303760694806, 0.000294902099995, 0.000166932033608, 9.18037767406e-05, 5.46047813259e-05, 2.04405823752e-05, 1.00055839169e-08],
        "min": [2.11698397834e-06, 7.02777299466e-07, 2.32385218624e-07, 4.46431982937e-07, 1.99243027055e-06, 1.50525147546e-06, 7.89294745118e-07, 1.85401603403e-07, 4.99286329614e-07, 5.03846592892e-07, 5.35582444172e-07, 4.05149847893e-07, 1.84409373105e-07, 1.05797873573e-07, 1.02766172461e-07, 9.11448267971e-08, 1.2317151743e-07, 2.21459202976e-07, 2.25140780685e-07, 2.02851353492e-07, 3.61957830819e-07, 3.96469573616e-07, 4.27777706591e-07, 4.56566681351e-07, 3.92982801856e-09, 1.04775450468e-11, 5.25510060814e-12],
        "var": [6.10339229752e-05, 0.000920471095014, 7.11145839887e-05, 2.14273986785e-05, 5.32650619789e-06, 2.33835044128e-06, 1.96750170289e-06, 1.0531849739e-06, 6.47870047032e-06, 1.50898688389e-06, 1.96079372472e-06, 9.76816977527e-07, 1.16813328077e-06, 4.73196109851e-07, 5.07977119923e-07, 1.01850730516e-06, 1.44704620197e-06, 6.28774216693e-07, 7.69460143601e-07, 4.28996855817e-07, 4.30599612855e-07, 1.19117021313e-06, 4.07308164085e-07, 1.39527628562e-07, 4.7674358683e-08, 5.41971312273e-09, 9.51786663806e-14]
    },
    "erbbands": {
        "dmean": [0.741592884064, 1.83474814892, 4.41305160522, 6.62303495407, 3.97559499741, 4.43888568878, 5.3906493187, 6.29066514969, 8.18381977081, 12.331659317, 10.8843259811, 26.9986934662, 12.5774269104, 16.5085334778, 21.6228656769, 15.7707710266, 24.2487125397, 16.1720561981, 13.7138519287, 17.8379306793, 15.6533689499, 20.5706520081, 18.1666221619, 16.6350345612, 15.662322998, 11.9840497971, 8.86129283905, 8.35735034943, 9.78700828552, 6.53678607941, 4.23910188675, 2.37751936913, 1.10741245747, 0.688511133194, 0.317197948694, 0.115727238357, 0.0354605130851, 0.00350600969978, 6.73399190418e-05, 1.64071589097e-05],
        "dmean2": [1.1874320507, 2.96345591545, 7.71823692322, 11.6306991577, 6.63972806931, 7.55777549744, 9.0893535614, 10.4397678375, 13.4925003052, 20.9040679932, 17.7085437775, 44.8434753418, 20.7206668854, 27.3236560822, 36.3159637451, 25.1669483185, 40.4232177734, 27.0758590698, 22.5143375397, 28.5012073517, 25.2018260956, 33.012512207, 29.328245163, 25.3379764557, 24.9828643799, 19.6434497833, 13.5042362213, 12.2716140747, 14.2779445648, 9.81708240509, 6.2476401329, 3.51844501495, 1.56293785572, 0.99555939436, 0.477540105581, 0.178483515978, 0.0533370450139, 0.00537453172728, 9.73576898105e-05, 2.47569914791e-05],
        "dvar": [1.30312633514, 8.43814945221, 77.8056030273, 296.88583374, 51.810256958, 73.1497268677, 140.849639893, 78.6998748779, 210.7943573, 512.020141602, 250.330230713, 3471.21606445, 562.492614746, 752.643798828, 1231.40576172, 629.457336426, 1439.48486328, 864.950256348, 495.711883545, 926.459472656, 1005.70983887, 1369.66162109, 882.863098145, 571.627746582, 521.290283203, 460.644348145, 200.528091431, 255.313415527, 577.35144043, 273.307556152, 99.6257858276, 35.835899353, 5.61888217926, 2.5839111805, 0.725439667702, 0.0763555243611, 0.00541641656309, 6.6559528932e-05, 2.13643502889e-08, 4.20854739946e-10],
        "dvar2": [3.43408250809, 19.3805732727, 224.692459106, 837.570678711, 130.320297241, 201.116577148, 359.039520264, 201.680847168, 528.424987793, 1407.97851562, 642.465454102, 9173.37695312, 1465.18981934, 2036.64135742, 3151.86352539, 1475.5534668, 3897.41479492, 2313.46972656, 1328.15283203, 2220.72241211, 2483.30249023, 2922.55834961, 2082.81762695, 1260.06359863, 1229.33618164, 1111.56054688, 427.162231445, 507.302337646, 954.008605957, 525.086914062, 199.679214478, 71.5183334351, 10.1162261963, 4.81915235519, 1.64576637745, 0.166261732578, 0.01104972139, 0.000145254860399, 4.46693348977e-08, 9.02348307186e-10],
        "max": [8.69936752319, 30.4225654602, 75.807220459, 144.951065063, 68.9704742432, 110.504875183, 250.904678345, 124.693351746, 173.65007019, 239.708953857, 194.154022217, 1241.6706543, 506.427001953, 398.382537842, 460.32220459, 414.286315918, 408.504760742, 452.554748535, 287.064300537, 465.713928223, 572.868347168, 915.726806641, 600.010742188, 355.061431885, 343.41986084, 354.052856445, 193.377609253, 312.267852783, 498.56048584, 287.063476562, 176.884246826, 149.608016968, 48.7727737427, 39.4327735901, 19.4554138184, 6.20418643951, 1.67064893246, 0.18774330616, 0.00368764204904, 0.000287342205411],
        "mean": [1.71238422394, 3.48972153664, 5.09973859787, 6.843729496, 5.17206811905, 6.10697317123, 7.60463094711, 8.62804794312, 11.9845113754, 17.191740036, 19.350522995, 40.9105834961, 23.1666126251, 30.3826675415, 36.8363075256, 31.0032558441, 39.4722747803, 29.4093284607, 27.894826889, 34.8171195984, 32.1413879395, 42.4661598206, 38.7598686218, 38.6509819031, 34.5116539001, 27.8660507202, 21.9291763306, 21.0761260986, 21.9313240051, 15.4896650314, 9.3671169281, 5.54984998703, 2.62233042717, 1.51696705818, 0.6972027421, 0.23881624639, 0.0761839151382, 0.00648188544437, 0.000170945917489, 7.96280510258e-05],
        "median": [1.2498639822, 2.22847747803, 2.07713317871, 2.32015919685, 2.1576564312, 2.78329205513, 3.5596177578, 5.02643537521, 6.3261551857, 8.81401729584, 11.9818181992, 18.8241195679, 13.0263900757, 13.8139925003, 18.2674198151, 16.8849048615, 21.3100357056, 21.1017551422, 18.6133022308, 19.7168388367, 16.3741588593, 24.8233966827, 23.851354599, 26.3893871307, 23.6397418976, 19.5156497955, 14.481965065, 11.9972763062, 10.9556207657, 7.60336875916, 4.28563070297, 2.41509079933, 1.2477080822, 0.713505804539, 0.328897178173, 0.117411836982, 0.0355826802552, 0.00257325172424, 9.34347626753e-05, 7.64811265981e-05],
        "min": [7.12794426363e-05, 0.00022790118237, 0.000937119824812, 0.00295881927013, 0.00718619348481, 0.00403737882152, 0.00578946853057, 0.0144484750926, 0.0159141123295, 0.00830571725965, 0.0066648828797, 0.0093259010464, 0.0162043273449, 0.0160396434367, 0.020534357056, 0.018939062953, 0.00945092272013, 0.00642816210166, 0.00945570133626, 0.0069386176765, 0.00523520773277, 0.00847158022225, 0.0109310625121, 0.0132864639163, 0.00728515768424, 0.00967831816524, 0.0104349302128, 0.01596605964, 0.0144382817671, 0.013881072402, 0.0121845649555, 0.00965870916843, 0.00373352575116, 0.00051617907593, 3.14094104397e-05, 3.08002540805e-06, 8.13153803847e-07, 1.62218753985e-07, 5.52214544314e-07, 5.8869068198e-07],
        "var": [2.95924019814, 18.1536083221, 70.1548080444, 223.676071167, 68.4777603149, 95.6178131104, 215.095367432, 116.028762817, 343.080230713, 692.730834961, 531.66204834, 5208.63964844, 1117.86962891, 1930.07641602, 2607.90332031, 1792.30957031, 2513.4465332, 1190.07458496, 1003.12792969, 2664.75439453, 2698.15722656, 3469.2800293, 2302.88671875, 1805.95605469, 1467.76025391, 1036.95251465, 623.888916016, 872.104125977, 1612.96447754, 781.500732422, 296.959625244, 127.741851807, 18.9919013977, 8.20883464813, 1.80694162846, 0.173393785954, 0.0180119965225, 0.000177594134584, 6.70340583042e-08, 2.00063432487e-09]
    },
    "gfcc": {
        "mean": [42.158241272, 74.7482452393, -117.335868835, 52.6782188416, -53.7944412231, 28.9468994141, -23.6975460052, 21.216796875, -16.189863205, 11.2819156647, -11.0303812027, 6.730260849, -9.03018665314],
        "cov": [[3783.80078125, -496.28125, -625.022949219, -41.7931518555, -144.464416504, -4.84799385071, -168.202606201, 60.1846694946, -106.422210693, 51.6050567627, -142.964752197, 62.3178100586, -202.970321655], [-496.28125, 934.811035156, 287.82409668, -54.8519439697, 212.554077148, -22.7684650421, 83.8263626099, -58.977355957, 38.6279563904, -102.74357605, 77.1003799438, -96.6923065186, 38.3246002197], [-625.022949219, 287.82409668, 835.501525879, 182.06312561, 130.986328125, -2.87009739876, 29.9965286255, -67.4789123535, 35.1250648499, -26.1693058014, -0.827187001705, -50.2580375671, 5.83063650131], [-41.7931518555, -54.8519439697, 182.06312561, 222.595123291, 36.5641288757, -4.73496055603, -3.09182310104, -38.0848426819, 17.212272644, -1.50865852833, -9.69690418243, -27.9874477386, 3.90025544167], [-144.464416504, 212.554077148, 130.986328125, 36.5641288757, 181.12538147, 22.1721115112, 36.706111908, 9.70385932922, 35.3564300537, -12.8298902512, 25.9770889282, -16.409860611, 15.7733469009], [-4.84799385071, -22.7684650421, -2.87009739876, -4.73496055603, 22.1721115112, 99.1258087158, 51.3444404602, 19.080083847, 6.15944623947, 0.203735351562, 19.7108726501, -8.74373722076, -3.91689777374], [-168.202606201, 83.8263626099, 29.9965286255, -3.09182310104, 36.706111908, 51.3444404602, 127.928840637, 31.4707450867, 29.8633174896, -5.89556884766, 37.2532691956, -8.75915431976, 7.3365778923], [60.1846694946, -58.977355957, -67.4789123535, -38.0848426819, 9.70385932922, 19.080083847, 31.4707450867, 91.3699188232, 27.8437347412, 11.3282976151, 13.0250682831, 19.7504310608, -1.07959067822], [-106.422210693, 38.6279563904, 35.1250648499, 17.212272644, 35.3564300537, 6.15944623947, 29.8633174896, 27.8437347412, 79.7912368774, 19.9675579071, 15.3226575851, -7.03676939011, 17.8706111908], [51.6050567627, -102.74357605, -26.1693058014, -1.50865852833, -12.8298902512, 0.203735351562, -5.89556884766, 11.3282976151, 19.9675579071, 79.1484527588, 14.8696517944, 13.9383869171, -3.05043363571], [-142.964752197, 77.1003799438, -0.827187001705, -9.69690418243, 25.9770889282, 19.7108726501, 37.2532691956, 13.0250682831, 15.3226575851, 14.8696517944, 96.7699661255, 24.255979538, 13.862074852], [62.3178100586, -96.6923065186, -50.2580375671, -27.9874477386, -16.409860611, -8.74373722076, -8.75915431976, 19.7504310608, -7.03676939011, 13.9383869171, 24.255979538, 77.9885025024, 17.6354389191], [-202.970321655, 38.3246002197, 5.83063650131, 3.90025544167, 15.7733469009, -3.91689777374, 7.3365778923, -1.07959067822, 17.8706111908, -3.05043363571, 13.862074852, 17.6354389191, 78.0017776489]],
        "icov": [[0.000441320822574, -0.000319559068885, 0.000393150810851, -0.000542667286936, 0.000137429640745, -0.000497389875818, 0.000469103571959, -0.000410071457736, 0.000215685300645, -0.000467275036499, 0.000914400850888, -0.00101319234818, 0.00119944347534], [-0.000319559068885, 0.00446289405227, -0.00112790009007, 0.00391264166683, -0.00374104408547, 0.00379542354494, -0.00176519458182, 0.00326839066111, -0.00125233165454, 0.00457050930709, -0.00492741074413, 0.00613852869719, -0.00202378770337], [0.000393150810851, -0.00112790009007, 0.00222206232138, -0.00218029855751, -9.98012837954e-05, -0.000884330074769, 0.00025578768691, 0.000195946209715, -0.000125473728986, -0.000948131200857, 0.00179168139584, -0.00196310365573, 0.0015916445991], [-0.000542667286936, 0.00391264166683, -0.00218029855751, 0.00951177813113, -0.00357111147605, 0.00335176405497, -0.00148231862113, 0.00489659886807, -0.00249835220166, 0.00367303448729, -0.00423508463427, 0.00652414001524, -0.00255584996194], [0.000137429640745, -0.00374104408547, -9.98012837954e-05, -0.00357111147605, 0.0106138894334, -0.00402528746054, 0.00129169295542, -0.00369658996351, -0.00109327095561, -0.00214619119652, 0.00216388027184, -0.00372857879847, 0.000485598633531], [-0.000497389875818, 0.00379542354494, -0.000884330074769, 0.00335176405497, -0.00402528746054, 0.016787039116, -0.0065764663741, 0.00117711059283, 0.00107007520273, 0.0030819887761, -0.00564960949123, 0.00743779260665, -0.00177098531276], [0.000469103571959, -0.00176519458182, 0.00025578768691, -0.00148231862113, 0.00129169295542, -0.0065764663741, 0.0136115252972, -0.00433545839041, -0.00209879036993, 0.000299957377138, -0.00137646880466, -0.000841705128551, 0.00113874988165], [-0.000410071457736, 0.00326839066111, 0.000195946209715, 0.00489659886807, -0.00369658996351, 0.00117711059283, -0.00433545839041, 0.0195125732571, -0.00761957326904, 0.00344066671096, -0.00222295778804, -0.000641827122308, 0.000972469162662], [0.000215685300645, -0.00125233165454, -0.000125473728986, -0.00249835220166, -0.00109327095561, 0.00107007520273, -0.00209879036993, -0.00761957326904, 0.0206555090845, -0.007077163551, 0.000693359295838, 0.00271428376436, -0.00406833691522], [-0.000467275036499, 0.00457050930709, -0.000948131200857, 0.00367303448729, -0.00214619119652, 0.0030819887761, 0.000299957377138, 0.00344066671096, -0.007077163551, 0.0203188732266, -0.00757060945034, 0.00390799948946, -8.82735475898e-05], [0.000914400850888, -0.00492741074413, 0.00179168139584, -0.00423508463427, 0.00216388027184, -0.00564960949123, -0.00137646880466, -0.00222295778804, 0.000693359295838, -0.00757060945034, 0.0203739609569, -0.0125796971843, 0.00302410242148], [-0.00101319234818, 0.00613852869719, -0.00196310365573, 0.00652414001524, -0.00372857879847, 0.00743779260665, -0.000841705128551, -0.000641827122308, 0.00271428376436, 0.00390799948946, -0.0125796971843, 0.0279739219695, -0.00919226836413], [0.00119944347534, -0.00202378770337, 0.0015916445991, -0.00255584996194, 0.000485598633531, -0.00177098531276, 0.00113874988165, 0.000972469162662, -0.00406833691522, -8.82735475898e-05, 0.00302410242148, -0.00919226836413, 0.019133195281]]
    },
    "melbands": {
        "dmean": [0.0047395019792, 0.00189146818593, 0.00101797550451, 0.000275214988505, 0.000182835879968, 0.000144691730384, 0.000127203820739, 0.000126284474391, 0.000104982784251, 0.000161870892043, 6.2119026552e-05, 6.68902430334e-05, 8.51839504321e-05, 4.32542110502e-05, 5.46113478777e-05, 4.38534189016e-05, 3.30567345372e-05, 2.51642668445e-05, 2.26322954404e-05, 2.4853476134e-05, 2.02757037187e-05, 2.18672339543e-05, 2.64911013801e-05, 1.45322928802e-05, 1.51921594806e-05, 1.37776414704e-05, 1.04709970401e-05, 8.50769993122e-06, 6.81764322508e-06, 5.4426063798e-06, 5.36506513527e-06, 6.16464603809e-06, 5.51075345356e-06, 3.42062844538e-06, 2.65376206698e-06, 2.14778992813e-06, 1.35585207772e-06, 8.90751550742e-07, 6.96818744927e-07, 6.09684093433e-07],
        "dmean2": [0.00757677759975, 0.00317304581404, 0.00174252886791, 0.000455433793832, 0.000309775030473, 0.000237892061705, 0.000211530656088, 0.000213987645111, 0.000170084269485, 0.000268792180577, 0.00010196967196, 0.000110996625153, 0.000145064288517, 7.08683583071e-05, 9.0288449428e-05, 7.42676274967e-05, 5.57656094315e-05, 4.17641786044e-05, 3.69918743672e-05, 3.97133408114e-05, 3.36778757628e-05, 3.52086281055e-05, 4.22279408667e-05, 2.4182803827e-05, 2.38210304815e-05, 2.2229480237e-05, 1.67611960933e-05, 1.38477944347e-05, 1.08612248368e-05, 8.38759024191e-06, 8.09670109447e-06, 9.28114968701e-06, 8.12923553895e-06, 5.26371013621e-06, 4.02043087888e-06, 3.34772948918e-06, 2.06448976314e-06, 1.30259911657e-06, 1.04984690097e-06, 8.84988537564e-07],
        "dvar": [5.20296234754e-05, 1.13384612632e-05, 6.38919573248e-06, 2.17787459178e-07, 1.20287680261e-07, 4.12020035867e-08, 4.44242900244e-08, 4.9989271389e-08, 2.25327969616e-08, 1.18860754128e-07, 1.31477255749e-08, 1.31493198552e-08, 2.13618402967e-08, 5.40320010955e-09, 6.87863099813e-09, 5.6276845406e-09, 3.89632903719e-09, 1.7719612444e-09, 1.25289956188e-09, 2.11129691507e-09, 1.69844860398e-09, 1.44378431433e-09, 2.83611290008e-09, 4.72633432391e-10, 5.32826449628e-10, 4.53818926882e-10, 2.4868196391e-10, 2.7102201039e-10, 1.25100887982e-10, 8.23120183124e-11, 1.08114787956e-10, 2.45666542664e-10, 1.9296134135e-10, 6.64663116212e-11, 3.7965193489e-11, 3.19092460788e-11, 1.02970540081e-11, 3.39604776592e-12, 2.81157801034e-12, 1.844648349e-12],
        "dvar2": [0.000133937675855, 3.03128508676e-05, 1.76714602276e-05, 5.74572709411e-07, 3.11496876293e-07, 1.03780493532e-07, 1.14402759266e-07, 1.34928697548e-07, 5.73589105102e-08, 3.15956242503e-07, 3.4116169445e-08, 3.48533788497e-08, 5.7006236176e-08, 1.22683259107e-08, 1.91568805263e-08, 1.45337972768e-08, 1.05549826657e-08, 4.87576379271e-09, 3.20650905827e-09, 4.79642769946e-09, 4.4048222847e-09, 3.27842020198e-09, 5.96741189796e-09, 1.23171728372e-09, 1.18406073835e-09, 1.0653011806e-09, 6.0328064766e-10, 6.77501277302e-10, 3.07370850994e-10, 1.74308303902e-10, 2.31024296915e-10, 4.80288087079e-10, 3.75920156115e-10, 1.31205712961e-10, 7.64879617976e-11, 7.094139165e-11, 2.10006543405e-11, 6.34884722919e-12, 6.25275742641e-12, 3.32257051733e-12],
        "max": [0.0587284229696, 0.0284642726183, 0.021828584373, 0.00444022519514, 0.00663795694709, 0.00263924850151, 0.00246740225703, 0.00237387581728, 0.00163442571647, 0.00730215385556, 0.00232316576876, 0.00173025403637, 0.00179213611409, 0.0010202859994, 0.000794598076027, 0.000845119531732, 0.000998259754851, 0.000509245670401, 0.00052884593606, 0.000776865694206, 0.000658658100292, 0.000649948546197, 0.00151355320122, 0.000281182408798, 0.00035214505624, 0.00026603724109, 0.000225009949645, 0.000288033537799, 0.000127088205772, 0.000124880185467, 0.000195399101358, 0.000341095787007, 0.000275811442407, 0.000130150176119, 0.000105888495455, 0.000111950823339, 9.09944210434e-05, 3.4533055441e-05, 3.63331600965e-05, 3.9195856516e-05],
        "mean": [0.0114138713107, 0.00320157874376, 0.00114981783554, 0.000388557935366, 0.00026951986365, 0.000201437927899, 0.000187859201105, 0.000178953501745, 0.000177159992745, 0.000244882743573, 0.000107075858978, 0.000118532007036, 0.000136065063998, 7.53029162297e-05, 9.39125602599e-05, 6.8336041295e-05, 5.48259813513e-05, 4.52816348115e-05, 4.22976117989e-05, 4.63268879685e-05, 3.60884514521e-05, 4.21410186391e-05, 4.62109019281e-05, 2.93731281999e-05, 3.14975004585e-05, 2.79187133856e-05, 2.09402260225e-05, 1.78339159902e-05, 1.42924191096e-05, 1.20719787446e-05, 1.20996346595e-05, 1.2528881598e-05, 1.11853996714e-05, 7.63455773267e-06, 5.54612779524e-06, 4.40896656073e-06, 2.93421362585e-06, 1.90381297216e-06, 1.44410876146e-06, 1.22585322515e-06],
        "median": [0.00878667738289, 0.0017116162926, 0.00046937042498, 0.000173882071977, 0.000140210817335, 0.000114506678074, 9.95364098344e-05, 9.38032171689e-05, 0.000108785498014, 0.000114453861897, 5.59542531846e-05, 4.94339838042e-05, 6.46279222565e-05, 3.67374886991e-05, 4.46006924903e-05, 3.94251110265e-05, 3.66240674339e-05, 2.93443863484e-05, 2.45509272645e-05, 2.27599921345e-05, 1.73419375642e-05, 2.33212776948e-05, 2.62100093096e-05, 1.91785857169e-05, 2.06272470678e-05, 1.74926717591e-05, 1.37596307468e-05, 1.17472500278e-05, 9.70693145064e-06, 6.74777447784e-06, 6.5743711275e-06, 6.12487701801e-06, 5.26546091351e-06, 3.61363231605e-06, 2.57074270849e-06, 1.79788185051e-06, 1.30474313664e-06, 8.93682170044e-07, 6.89359353601e-07, 5.51726543563e-07],
        "min": [1.16223361601e-06, 3.77810096097e-07, 8.01282737939e-07, 4.39383171624e-07, 2.1035414477e-07, 3.54946735115e-07, 2.69906479389e-07, 7.64174359347e-08, 6.36473913573e-08, 6.79016096683e-08, 7.48428305997e-08, 6.10264834222e-08, 7.33838660949e-08, 4.84841464754e-08, 3.14788977107e-08, 1.87253537121e-08, 9.68994395834e-09, 1.57269788303e-08, 1.08558726453e-08, 8.77616201933e-09, 6.02985261722e-09, 7.62728280534e-09, 7.17526615901e-09, 1.02166568539e-08, 9.43417610699e-09, 5.23742560432e-09, 6.15130035797e-09, 5.53483836541e-09, 6.13935835503e-09, 6.59145893422e-09, 8.54811244011e-09, 7.85606069087e-09, 6.08442407568e-09, 5.08638198227e-09, 6.08251848888e-09, 5.65338176273e-09, 6.15519191172e-09, 1.3296902468e-09, 4.26395585507e-10, 4.52557470665e-11],
