{
"highlevel": {
    "danceability": {
        "all": {
            "danceable": 0.985593557358,
            "not_danceable": 0.0144064398482
        },
        "probability": 0.985593557358,
        "value": "danceable"
    },
    "gender": {
        "all": {
            "female": 0.631931245327,
            "male": 0.368068754673
        },
        "probability": 0.631931245327,
        "value": "female"
    },
    "genre_dortmund": {
        "all": {
            "alternative": 0.0073877251707,
            "blues": 0.0337929017842,
            "electronic": 0.0378172285855,
            "folkcountry": 0.0203416589648,
            "funksoulrnb": 0.0810409262776,
            "jazz": 0.0840940326452,
            "pop": 0.0421999543905,
            "raphiphop": 0.675682127476,
            "rock": 0.017643449828
        },
        "probability": 0.675682127476,
        "value": "raphiphop"
    },
    "genre_electronic": {
        "all": {
            "ambient": 0.385915517807,
            "dnb": 0.167562648654,
            "house": 0.331082493067,
            "techno": 0.0483870767057,
            "trance": 0.0670522525907
        },
        "probability": 0.385915517807,
        "value": "ambient"
    },
    "genre_rosamerica": {
        "all": {
            "cla": 0.00238890550099,
            "dan": 0.0344610400498,
            "hip": 0.781217873096,
            "jaz": 0.0134507259354,
            "pop": 0.00877166725695,
            "rhy": 0.155548930168,
            "roc": 0.0016967082629,
            "spe": 0.00246413936839
        },
        "probability": 0.781217873096,
        "value": "hip"
    },
    "genre_tzanetakis": {
        "all": {
            "blu": 0.0626613423228,
            "cla": 0.0348169617355,
            "cou": 0.104475811124,
            "dis": 0.0784321576357,
            "hip": 0.15692435205,
            "jaz": 0.313974827528,
            "met": 0.0448166541755,
            "pop": 0.0627359300852,
            "reg": 0.0627360641956,
            "roc": 0.0784258767962
        },
        "probability": 0.313974827528,
        "value": "jaz"
    },
    "ismir04_rhythm": {
        "all": {
            "ChaChaCha": 0.0053576673381,
            "Jive": 0.0254962295294,
            "Quickstep": 0.0944822654128,
            "Rumba-American": 0.00364189175889,
            "Rumba-International": 0.017510868609,
            "Rumba-Misc": 0.00188596686348,
            "Samba": 0.84827631712,
            "Tango": 0.00107664300594,
            "VienneseWaltz": 0.0014036410721,
            "Waltz": 0.000868486764375
        },
        "probability": 0.84827631712,
        "value": "Samba"
    },
    "mood_acoustic": {
        "all": {
            "acoustic": 0.0735891908407,
            "not_acoustic": 0.926410794258
        },
        "probability": 0.926410794258,
        "value": "not_acoustic"
    },
    "mood_aggressive": {
        "all": {
            "aggressive": 0.0534869581461,
            "not_aggressive": 0.946513056755
        },
        "probability": 0.946513056755,
        "value": "not_aggressive"
    },
    "mood_electronic": {
        "all": {
            "electronic": 0.626487612724,
            "not_electronic": 0.373512417078
        },
        "probability": 0.626487612724,
        "value": "electronic"
    },
    "mood_happy": {
        "all": {
            "happy": 0.509747326374,
            "not_happy": 0.490252703428
        },
        "probability": 0.509747326374,
        "value": "happy"
    },
    "mood_party": {
        "all": {
            "not_party": 0.201632648706,
            "party": 0.798367321491
        },
        "probability": 0.798367321491,
        "value": "party"
    },
    "mood_relaxed": {
        "all": {
            "not_relaxed": 0.291206091642,
            "relaxed": 0.708793878555
        },
        "probability": 0.708793878555,
        "value": "relaxed"
    },
    "mood_sad": {
        "all": {
            "not_sad": 0.843962788582,
            "sad": 0.156037196517
        },
        "probability": 0.843962788582,
        "value": "not_sad"
    },
    "moods_mirex": {
        "all": {
            "Cluster1": 0.111756160855,
            "Cluster2": 0.335768699646,
            "Cluster3": 0.077994890511,
            "Cluster4": 0.41289332509,
            "Cluster5": 0.0615869350731
        },
        "probability": 0.41289332509,
        "value": "Cluster4"
    },
    "timbre": {
        "all": {
            "bright": 0.98532730341,
            "dark": 0.0146726686507
        },
        "probability": 0.98532730341,
        "value": "bright"
    },
    "tonal_atonal": {
        "all": {
            "atonal": 0.924250781536,
            "tonal": 0.0757492482662
        },
        "probability": 0.924250781536,
        "value": "atonal"
    },
    "voice_instrumental": {
        "all": {
            "instrumental": 0.0210853088647,
            "voice": 0.978914678097
        },
        "probability": 0.978914678097,
        "value": "voice"
    }
},
"lowlevel": {
    "average_loudness": 0.969497859478,
    "barkbands_crest": {
        "dmean": 4.06843662262,
        "dmean2": 6.32430934906,
        "dvar": 10.7236499786,
        "dvar2": 25.1262683868,
        "max": 25.5674858093,
        "mean": 12.8085594177,
        "median": 12.1639099121,
        "min": 2.71090602875,
        "var": 27.0725593567
    },
    "barkbands_flatness_db": {
        "dmean": 0.0367172807455,
        "dmean2": 0.0556431114674,
        "dvar": 0.00103578716516,
        "dvar2": 0.00199068407528,
        "max": 0.37182456255,
        "mean": 0.167159855366,
        "median": 0.163783684373,
        "min": 0.0519221425056,
        "var": 0.00305855181068
    },
    "barkbands_kurtosis": {
        "dmean": 8.86251354218,
        "dmean2": 13.7522182465,
        "dvar": 385.325836182,
        "dvar2": 930.466003418,
        "max": 288.614105225,
        "mean": 9.65499591827,
        "median": 2.58001375198,
        "min": -1.92023980618,
        "var": 664.706604004
    },
    "barkbands_skewness": {
        "dmean": 1.21301651001,
        "dmean2": 1.71242296696,
        "dvar": 1.61517953873,
        "dvar2": 3.22733139992,
        "max": 15.1613473892,
        "mean": 1.92481267452,
        "median": 1.64235401154,
        "min": -7.9179019928,
        "var": 5.20041227341
    },
    "barkbands_spread": {
        "dmean": 11.4200143814,
        "dmean2": 18.3399143219,
        "dvar": 145.450942993,
        "dvar2": 319.184326172,
        "max": 121.840087891,
        "mean": 26.8545074463,
        "median": 23.0447635651,
        "min": 0.879935145378,
        "var": 304.838500977
    },
    "dissonance": {
        "dmean": 0.0217006672174,
        "dmean2": 0.0367572903633,
        "dvar": 0.000513070437592,
        "dvar2": 0.00143917731475,
        "max": 0.500000059605,
        "mean": 0.464660644531,
        "median": 0.472180366516,
        "min": 0.318020433187,
        "var": 0.000853031815495
    },
    "dynamic_complexity": 3.38859200478,
    "erbbands_crest": {
        "dmean": 3.7690114975,
        "dmean2": 6.27835226059,
        "dvar": 10.8745956421,
        "dvar2": 27.9047756195,
        "max": 31.0986309052,
        "mean": 10.0962314606,
        "median": 9.01364040375,
        "min": 2.27759718895,
        "var": 25.4414520264
    },
    "erbbands_flatness_db": {
        "dmean": 0.0284364037216,
        "dmean2": 0.0406230688095,
        "dvar": 0.000604059023317,
        "dvar2": 0.0011958318064,
        "max": 0.346136629581,
        "mean": 0.150844290853,
        "median": 0.146012544632,
        "min": 0.0456366352737,
        "var": 0.00272996770218
    },
    "erbbands_kurtosis": {
        "dmean": 1.99895036221,
        "dmean2": 3.21351575851,
        "dvar": 8.81705474854,
        "dvar2": 18.8087501526,
        "max": 34.7534828186,
        "mean": 1.36956000328,
        "median": 0.13716340065,
        "min": -1.74404478073,
        "var": 13.6440238953
    },
    "erbbands_skewness": {
        "dmean": 0.645286798477,
        "dmean2": 0.94717258215,
        "dvar": 0.366698980331,
        "dvar2": 0.777853786945,
        "max": 4.84179544449,
        "mean": 0.239330038428,
        "median": 0.274664074183,
        "min": -4.9356470108,
        "var": 1.35799229145
    },
    "erbbands_spread": {
        "dmean": 16.5972919464,
        "dmean2": 25.6201591492,
        "dvar": 294.439727783,
        "dvar2": 622.344360352,
        "max": 190.189193726,
        "mean": 46.8368682861,
        "median": 41.7682342529,
        "min": 3.8968975544,
        "var": 733.849304199
    },
    "hfc": {
        "dmean": 11.8730993271,
        "dmean2": 17.0925998688,
        "dvar": 290.078613281,
        "dvar2": 646.097412109,
        "max": 120.309028625,
        "mean": 17.8732967377,
        "median": 10.2415094376,
        "min": 0.0173646248877,
        "var": 429.653869629
    },
    "melbands_crest": {
        "dmean": 4.92371416092,
        "dmean2": 7.69486379623,
        "dvar": 17.763885498,
        "dvar2": 39.9947395325,
        "max": 37.8544197083,
        "mean": 19.0502471924,
        "median": 18.1150913239,
        "min": 3.355022192,
        "var": 68.475151062
    },
    "melbands_flatness_db": {
        "dmean": 0.0450492799282,
        "dmean2": 0.0624622441828,
        "dvar": 0.00147973501589,
        "dvar2": 0.00283965468407,
        "max": 0.458551317453,
        "mean": 0.198430582881,
        "median": 0.190241336823,
        "min": 0.0187606215477,
        "var": 0.00604703323916
    },
    "melbands_kurtosis": {
        "dmean": 29.1809482574,
        "dmean2": 46.4834823608,
        "dvar": 4477.01757812,
        "dvar2": 11315.6201172,
        "max": 889.071960449,
        "mean": 36.5933494568,
        "median": 11.6231718063,
        "min": -1.87795507908,
        "var": 7096.20263672
    },
    "melbands_skewness": {
        "dmean": 1.84379708767,
        "dmean2": 2.67811441422,
        "dvar": 4.38125228882,
        "dvar2": 8.73454093933,
        "max": 24.761592865,
        "mean": 3.80852127075,
        "median": 2.96231532097,
        "min": -4.16450929642,
        "var": 12.8692474365
    },
    "melbands_spread": {
        "dmean": 15.9596204758,
        "dmean2": 24.3739356995,
        "dvar": 477.823638916,
        "dvar2": 961.663818359,
        "max": 230.122390747,
        "mean": 28.9787826538,
        "median": 19.9173927307,
        "min": 0.466396987438,
        "var": 991.327270508
    },
    "pitch_salience": {
        "dmean": 0.116819910705,
        "dmean2": 0.176221743226,
        "dvar": 0.0108306538314,
        "dvar2": 0.0241603050381,
        "max": 0.883922219276,
        "mean": 0.48454490304,
        "median": 0.497478246689,
        "min": 0.04952012375,
        "var": 0.0325892344117
    },
    "silence_rate_20dB": {
        "dmean": 0,
        "dmean2": 0,
        "dvar": 0,
        "dvar2": 0,
        "max": 1,
        "mean": 1,
        "median": 1,
        "min": 1,
        "var": 0
    },
    "silence_rate_30dB": {
        "dmean": 0,
        "dmean2": 0,
        "dvar": 0,
        "dvar2": 0,
        "max": 1,
        "mean": 1,
        "median": 1,
        "min": 1,
        "var": 0
    },
    "silence_rate_60dB": {
        "dmean": 0.102941177785,
        "dmean2": 0.206041827798,
        "dvar": 0.0923447310925,
        "dvar2": 0.194570913911,
        "max": 1,
        "mean": 0.133797377348,
        "median": 0,
        "min": 0,
        "var": 0.115894384682
    },
    "spectral_centroid": {
        "dmean": 491.975708008,
        "dmean2": 722.798461914,
        "dvar": 328241.84375,
        "dvar2": 592301.25,
        "max": 8463.609375,
        "mean": 1743.59240723,
        "median": 1520.61254883,
        "min": 385.015289307,
        "var": 938286.625
    },
    "spectral_complexity": {
        "dmean": 6.20588254929,
        "dmean2": 8.87606525421,
        "dvar": 56.4048118591,
        "dvar2": 108.359664917,
        "max": 53,
        "mean": 11.6272239685,
        "median": 9,
        "min": 0,
        "var": 103.146377563
    },
    "spectral_decrease": {
        "dmean": 2.95518898241e-09,
        "dmean2": 4.20083079433e-09,
        "dvar": 1.53477340784e-17,
        "dvar2": 2.74005794752e-17,
        "max": -3.43596592151e-12,
        "mean": -4.74302197517e-09,
        "median": -2.78748912841e-09,
        "min": -2.85435621805e-08,
        "var": 2.84901517042e-17
    },
    "spectral_energy": {
        "dmean": 0.0118297822773,
        "dmean2": 0.0169277507812,
        "dvar": 0.000245381233981,
        "dvar2": 0.000430687272456,
        "max": 0.10949960351,
        "mean": 0.0195224396884,
        "median": 0.0114825218916,
        "min": 1.48945955516e-05,
        "var": 0.000458142312709
    },
    "spectral_energyband_high": {
        "dmean": 0.000832062738482,
        "dmean2": 0.00123050925322,
        "dvar": 1.76314279088e-06,
        "dvar2": 3.7900595089e-06,
        "max": 0.0138964299113,
        "mean": 0.00110950064845,
        "median": 0.000364879088011,
        "min": 1.0568601283e-07,
        "var": 2.69548809229e-06
    },
    "spectral_energyband_low": {
        "dmean": 0.00565602211282,
        "dmean2": 0.00815257336944,
        "dvar": 0.000123575518955,
        "dvar2": 0.000267068273388,
        "max": 0.105023510754,
        "mean": 0.00786369852722,
        "median": 0.00166699674446,
        "min": 7.22786897001e-09,
        "var": 0.000192292820429
    },
    "spectral_energyband_middle_high": {
        "dmean": 0.00217487616464,
        "dmean2": 0.0035128777381,
        "dvar": 1.03522852442e-05,
        "dvar2": 2.69869979093e-05,
        "max": 0.0208898596466,
        "mean": 0.0027968455106,
        "median": 0.00158267794177,
        "min": 4.25905682278e-06,
        "var": 1.15732345876e-05
    },
    "spectral_energyband_middle_low": {
        "dmean": 0.00640549138188,
        "dmean2": 0.00894199311733,
        "dvar": 0.000115155737149,
        "dvar2": 0.000184057586011,
        "max": 0.0933328047395,
        "mean": 0.0081518786028,
        "median": 0.00245879869908,
        "min": 6.11336599832e-06,
        "var": 0.000219220717554
    },
    "spectral_entropy": {
        "dmean": 0.204178616405,
        "dmean2": 0.292332917452,
        "dvar": 0.0340459384024,
        "dvar2": 0.0683655142784,
        "max": 8.88588809967,
        "mean": 7.80991458893,
        "median": 7.81468153,
        "min": 6.55216884613,
        "var": 0.143637701869
    },
    "spectral_flux": {
        "dmean": 0.0346946902573,
        "dmean2": 0.0522777885199,
        "dvar": 0.00162855430972,
        "dvar2": 0.0034809615463,
        "max": 0.298444867134,
        "mean": 0.0863203555346,
        "median": 0.066773943603,
        "min": 0.00271098106168,
        "var": 0.00327677372843
    },
    "spectral_kurtosis": {
        "dmean": 1.20571327209,
        "dmean2": 1.86832654476,
        "dvar": 1.63161444664,
        "dvar2": 3.86210417747,
        "max": 18.2152862549,
        "mean": 3.04919528961,
        "median": 2.66785955429,
        "min": -1.22634851933,
        "var": 4.49074411392
    },
    "spectral_rms": {
        "dmean": 0.00125953136012,
        "dmean2": 0.00174609932583,
        "dvar": 1.88675642221e-06,
        "dvar2": 2.92366166832e-06,
        "max": 0.0103358058259,
        "mean": 0.00377452862449,
        "median": 0.00334700755775,
        "min": 0.000120545897516,
        "var": 4.7991984502e-06
    },
    "spectral_rolloff": {
        "dmean": 1157.31103516,
        "dmean2": 1835.50952148,
        "dvar": 3049698,
        "dvar2": 5912390,
        "max": 14362.6464844,
        "mean": 2141.26391602,
        "median": 1291.9921875,
        "min": 43.06640625,
        "var": 6851908
    },
    "spectral_skewness": {
        "dmean": 0.232275217772,
        "dmean2": 0.340608686209,
        "dvar": 0.0519164055586,
        "dvar2": 0.106877237558,
        "max": 3.25675559044,
        "mean": 1.38396537304,
        "median": 1.3894970417,
        "min": -0.444211423397,
        "var": 0.184049800038
    },
    "spectral_spread": {
        "dmean": 1044039.4375,
        "dmean2": 1503033.375,
        "dvar": 1.4340521984e+12,
        "dvar2": 2.90463075533e+12,
        "max": 17069942,
        "mean": 6223729,
        "median": 5794906.5,
        "min": 2287952.25,
        "var": 4.26261007565e+12
    },
    "spectral_strongpeak": {
        "dmean": 0.510209202766,
        "dmean2": 0.854922115803,
        "dvar": 0.632941961288,
        "dvar2": 1.61255776882,
        "max": 7.76641082764,
        "mean": 0.729963541031,
        "median": 0.298961818218,
        "min": 0,
        "var": 0.958015203476
    },
    "zerocrossingrate": {
        "dmean": 0.0239934306592,
        "dmean2": 0.025523757562,
        "dvar": 0.000857591163367,
        "dvar2": 0.000771578110289,
        "max": 0.46826171875,
        "mean": 0.088789395988,
        "median": 0.0712890625,
        "min": 0.00244140625,
        "var": 0.00478460593149
    },
    "barkbands": {
        "dmean": [0.000624126405455, 0.00443703820929, 0.00162975129206, 0.00114748708438, 0.00292250607163, 0.00136943778489, 0.00056146713905, 0.000577771512326, 0.00120357517153, 0.000322877865983, 0.000240617533564, 0.000243345653871, 0.000226304517128, 0.000214878877159, 0.000286696274998, 0.00022550963331, 0.000393568305299, 0.000273487530649, 0.000270846649073, 0.00019255427469, 0.000144770761835, 0.000150918131112, 0.000154632987687, 0.000133191555506, 0.000166518904734, 0.000116332856123, 1.7704598676e-08],
        "dmean2": [0.00109767750837, 0.00739349517971, 0.00249812332913, 0.00193063623738, 0.00394904101267, 0.0022706836462, 0.000908408372197, 0.000942450249568, 0.0019481505733, 0.00053038779879, 0.00040141917998, 0.000399483338697, 0.000370402616682, 0.000341644597938, 0.00046615555766, 0.000359619938536, 0.000707669300027, 0.000480861053802, 0.000458260648884, 0.000331495306455, 0.000227976037422, 0.000226605363423, 0.00021864354494, 0.000202707320568, 0.000254317448707, 0.000178383634193, 3.1855989846e-08],
        "dvar": [8.28874192393e-07, 0.000120291952044, 1.99895075639e-05, 1.00420111266e-05, 7.03142723069e-05, 1.24457683341e-05, 1.55375380473e-06, 1.4434347122e-06, 8.16390547698e-06, 1.06295067326e-06, 3.9908729832e-07, 3.20180816971e-07, 3.41471348975e-07, 3.09652136821e-07, 2.55643641367e-07, 1.51645906499e-07, 1.16331466415e-06, 4.22489137009e-07, 3.00813951526e-07, 4.0263122969e-07, 1.2397308069e-07, 5.6132243742e-08, 6.5937044269e-08, 6.7200801368e-08, 1.01841713729e-07, 4.47846204565e-08, 1.29257337865e-14],
        "dvar2": [2.49704407906e-06, 0.000319394341204, 4.60019691673e-05, 2.55526229012e-05, 0.000116737886856, 2.96559082926e-05, 3.83137603421e-06, 3.90897230318e-06, 2.22020571528e-05, 2.81547067971e-06, 1.06347295059e-06, 7.53605320369e-07, 8.61272724251e-07, 7.6068835142e-07, 6.42353995772e-07, 3.76933229518e-07, 3.35935328621e-06, 1.18659545478e-06, 8.06465266123e-07, 1.12723409984e-06, 3.27896344743e-07, 1.22358741805e-07, 1.16568045883e-07, 1.44525230894e-07, 2.17336904029e-07, 1.04824401603e-07, 2.67227985074e-14],
        "max": [0.00690511614084, 0.093746714294, 0.0284887254238, 0.0260526426136, 0.0873360410333, 0.0414482653141, 0.0149401631206, 0.0113152945414, 0.0325564816594, 0.0202242266387, 0.00749718397856, 0.00514947576448, 0.00752517720684, 0.00985444989055, 0.00626880675554, 0.00481849722564, 0.00915412139148, 0.00522173615173, 0.00397239765152, 0.00862516649067, 0.0035689775832, 0.00156826293096, 0.00388994254172, 0.0046022660099, 0.00430840579793, 0.00159367430024, 2.72934221357e-06],
        "mean": [0.000810118857771, 0.00532446568832, 0.00139935815241, 0.000808188284282, 0.00309376255609, 0.00151780352462, 0.000640895741526, 0.000584072899073, 0.00135365047026, 0.000323225918692, 0.000267355033429, 0.000245411705691, 0.000253776612226, 0.000248619704507, 0.00033825475839, 0.000261995272012, 0.000325319124386, 0.000242680471274, 0.000263021909632, 0.000173699998413, 0.000157936068717, 0.000185630982742, 0.00020400514768, 0.000168959188159, 0.000198365130927, 0.000131856460939, 1.10423812316e-08],
        "median": [6.03250264248e-05, 0.000251203658991, 1.01454852484e-05, 1.48564322444e-05, 0.000136254631798, 0.000202535506105, 0.000115955408546, 0.000132723798743, 0.000179419468623, 4.24878671765e-05, 3.80112978746e-05, 3.17409430863e-05, 3.35762670147e-05, 4.75040214951e-05, 5.72960962018e-05, 7.00760792824e-05, 7.70266124164e-05, 7.99041736173e-05, 9.58868913585e-05, 4.21650001954e-05, 4.73261534353e-05, 6.50002330076e-05, 5.73482138861e-05, 5.28201017005e-05, 4.12023437093e-05, 3.50531154254e-05, 2.58346399828e-10],
        "min": [3.92441704133e-11, 5.87281834274e-10, 1.20083831767e-09, 4.90929163988e-09, 3.30865731257e-07, 2.70068255759e-07, 3.27480790929e-07, 6.50393374713e-08, 3.10674579396e-07, 5.31672093018e-08, 1.66213084185e-07, 1.11693779559e-07, 1.26542715861e-07, 1.48743822592e-07, 1.43287735455e-07, 9.83381056585e-08, 1.47554800378e-07, 5.73828558004e-08, 1.0748814816e-07, 8.92004194952e-08, 1.77311481053e-08, 3.78972586645e-08, 2.1763698399e-08, 1.35751889729e-08, 1.07258868454e-08, 1.43185885371e-09, 6.36434611609e-12],
        "var": [1.54600218139e-06, 0.000116661765787, 1.97260942514e-05, 7.96258700575e-06, 0.000105073559098, 1.71840620169e-05, 1.89923866856e-06, 1.54328267854e-06, 1.08477051981e-05, 1.14355270853e-06, 5.17085993579e-07, 3.72211928834e-07, 5.12484461979e-07, 3.97150017761e-07, 4.04378113217e-07, 2.17364089394e-07, 6.98298947555e-07, 2.80112942619e-07, 2.35944753513e-07, 2.62298328835e-07, 1.13161981119e-07, 7.23164390593e-08, 1.30559428158e-07, 1.08777939545e-07, 1.77605201657e-07, 5.41505080776e-08, 9.67128497241e-15]
    },
    "erbbands": {
        "dmean": [0.148825600743, 0.953742265701, 1.45472764969, 3.26718592644, 3.39208459854, 15.0639410019, 8.80888557434, 14.1751279831, 6.54192590714, 12.1145801544, 16.0604057312, 25.1688652039, 16.0532855988, 6.76878499985, 10.8843946457, 8.26895713806, 9.85624313354, 9.92746257782, 12.4231672287, 15.3165693283, 12.2853326797, 21.0732860565, 14.5382995605, 16.3308162689, 12.7028532028, 8.91264057159, 5.29725456238, 6.1007771492, 5.76849508286, 5.41177892685, 4.2149310112, 3.00848507881, 2.24379014969, 1.92339253426, 1.17631340027, 0.615234017372, 0.190522417426, 0.0191173516214, 0.000345236941939, 2.77571416518e-05],
        "dmean2": [0.250559210777, 1.6366007328, 2.26106953621, 5.56892156601, 5.0001244545, 20.5895900726, 12.3311471939, 23.7108192444, 10.6840209961, 19.0898609161, 26.216468811, 40.8490486145, 26.592754364, 10.9190683365, 17.9205226898, 13.2185125351, 15.8428487778, 15.3551721573, 19.3390903473, 24.501335144, 20.1751174927, 37.3949432373, 25.3546104431, 28.5934448242, 21.480260849, 15.3391056061, 8.38768100739, 9.42064094543, 8.75265693665, 7.91040945053, 5.87095546722, 4.60337400436, 3.40856170654, 2.94478821754, 1.77790224552, 0.959225893021, 0.287596255541, 0.029572153464, 0.000528216478415, 3.89109445678e-05],
        "dvar": [0.0960508435965, 6.66139793396, 15.154006958, 74.440574646, 64.2648162842, 2262.89306641, 443.678405762, 1573.08789062, 297.508331299, 662.746154785, 1906.8157959, 3874.15551758, 1903.4362793, 162.941741943, 547.313110352, 308.875518799, 640.436767578, 662.475097656, 474.839050293, 932.68548584, 479.324462891, 3163.67041016, 1207.3182373, 1413.77319336, 719.12310791, 974.839416504, 193.334075928, 166.329376221, 90.1191101074, 75.1106338501, 54.5767173767, 34.358417511, 19.3535747528, 14.3337783813, 5.00332212448, 1.28819441795, 0.110292285681, 0.00149923074059, 4.48115770268e-07, 1.70643921216e-09],
        "dvar2": [0.241746425629, 18.2548789978, 26.0481948853, 198.48765564, 134.391464233, 3728.421875, 735.913635254, 3985.47485352, 773.731933594, 1573.87280273, 5386.74267578, 10154.6240234, 5177.11962891, 408.68081665, 1399.04675293, 766.366394043, 1555.44372559, 1637.77148438, 1142.67675781, 2343.85717773, 1251.01989746, 9103.47363281, 3406.29174805, 3940.46044922, 1928.16308594, 2745.23632812, 514.384094238, 426.153137207, 206.331161499, 162.294754028, 97.746887207, 72.073425293, 42.3507804871, 31.7737369537, 10.8551769257, 3.01842188835, 0.258917093277, 0.00361938611604, 1.06900279206e-06, 3.51589490855e-09],
        "max": [2.7056517601, 20.2551727295, 23.4730014801, 51.4053764343, 83.1686172485, 505.372924805, 203.513702393, 488.350585938, 263.158843994, 384.601013184, 498.094604492, 750.170837402, 675.499694824, 142.574813843, 295.526916504, 187.394805908, 392.870300293, 470.493682861, 211.813674927, 624.757141113, 219.262283325, 452.999420166, 318.848388672, 243.34992981, 197.365829468, 445.429107666, 155.36882019, 134.360992432, 59.2315139771, 80.552154541, 135.474487305, 109.064208984, 70.9617462158, 55.9807319641, 39.0768547058, 10.7129297256, 2.33027911186, 0.312476575375, 0.00523069920018, 0.00028717861278],
        "mean": [0.214760109782, 0.939564168453, 1.67203903198, 2.29443693161, 3.21717596054, 15.9550237656, 10.6792116165, 14.8718252182, 7.33978843689, 14.4416160583, 17.0484333038, 29.0650558472, 17.3585548401, 7.57825946808, 11.7979040146, 8.94581699371, 11.682352066, 11.9857110977, 14.5499305725, 19.5174007416, 13.7648954391, 18.0366802216, 13.3804073334, 14.040148735, 12.8065681458, 8.12869358063, 5.70548009872, 6.50612831116, 6.74333238602, 6.78776407242, 5.4870839119, 3.73068404198, 2.78832197189, 2.23500919342, 1.38004386425, 0.689661979675, 0.220781609416, 0.0199328102171, 0.000380956655135, 4.31748412666e-05],
        "median": [0.012142538093, 0.0395230539143, 0.0329885035753, 0.0452995188534, 0.142731711268, 0.476368695498, 1.09875357151, 1.68842291832, 1.69314241409, 2.97901535034, 3.97195863724, 4.29347229004, 3.06143784523, 1.93816077709, 1.97878479958, 1.63133573532, 1.90940880775, 2.31296944618, 3.48532390594, 3.70040225983, 4.33816719055, 4.62445211411, 4.59498310089, 4.50063562393, 4.55685663223, 2.1680765152, 1.81385457516, 1.8579416275, 2.20587038994, 2.21052074432, 1.51648175716, 1.08848595619, 0.835224211216, 0.466052442789, 0.30090674758, 0.162599474192, 0.0654876604676, 0.00453165126964, 0.000101607532997, 2.13372422877e-05],
        "min": [2.76909037922e-08, 6.18199351266e-07, 2.44747684519e-06, 1.39810699693e-05, 0.000199020083528, 0.00108917697798, 0.00284578162245, 0.00229756277986, 0.00286919972859, 0.00697105005383, 0.00417785951868, 0.00502462917939, 0.00651231547818, 0.00503525882959, 0.00452881492674, 0.00478322897106, 0.00839109253138, 0.00947283860296, 0.011123418808, 0.0104761626571, 0.0102004911751, 0.0083256745711, 0.0100033320487, 0.00491218082607, 0.00576364761218, 0.00348971784115, 0.000559597392567, 0.00107428617775, 0.00145529431757, 0.000606918940321, 0.000716392823961, 0.000443655648269, 0.000141703130794, 5.55667611479e-05, 8.16103711259e-05, 1.54377776198e-05, 6.35335482002e-07, 5.41521174569e-08, 1.44154910231e-08, 1.95857321472e-08],
        "var": [0.125637218356, 5.55196332932, 20.8976993561, 53.3629989624, 72.8487701416, 3326.68212891, 763.938842773, 1927.08532715, 292.492797852, 1010.58392334, 2227.55810547, 5161.27880859, 2260.15600586, 208.868301392, 718.001525879, 375.060821533, 1046.0871582, 942.631103516, 645.28692627, 2078.66625977, 492.158752441, 1937.71826172, 803.315979004, 951.514099121, 571.948059082, 624.048217773, 165.100021362, 160.424575806, 104.269676208, 110.648452759, 107.832077026, 54.2344169617, 30.9395141602, 22.7317504883, 8.70246601105, 1.65114045143, 0.137410715222, 0.00158013566397, 4.95120616506e-07, 2.71210076619e-09]
    },
    "gfcc": {
        "mean": [-39.1603546143, 32.7129974365, -111.328926086, 23.9406452179, -70.9942855835, 11.3259992599, -48.3759613037, 19.5398597717, -21.5348415375, 12.0244922638, -17.9585151672, 11.459854126, -11.4968032837],
        "cov": [[6866.03417969, 109.659599304, 264.368560791, 436.711547852, 346.102203369, 219.933120728, 158.635574341, 56.0715866089, -103.083702087, -85.2628173828, -270.716918945, -12.507598877, -146.372772217], [109.659599304, 1333.84216309, 264.444091797, 263.734649658, 370.81918335, 89.9468460083, 277.524505615, 109.997688293, 210.416213989, 120.600730896, 159.369552612, 33.8618392944, 60.8081626892], [264.368560791, 264.444091797, 1429.875, 762.840393066, 500.312164307, 367.176208496, 250.692657471, 251.686950684, 111.581222534, 145.870285034, 94.100227356, 87.4253234863, 8.16452789307], [436.711547852, 263.734649658, 762.840393066, 1011.77032471, 608.052368164, 188.70149231, 124.930282593, 199.439926147, 174.454284668, 109.875450134, 91.1456832886, 35.657989502, 64.9535369873], [346.102203369, 370.81918335, 500.312164307, 608.052368164, 816.112976074, 336.24307251, 217.595230103, 295.91506958, 275.329040527, 198.140533447, 93.7989273071, 38.1596374512, 56.8006134033], [219.933120728, 89.9468460083, 367.176208496, 188.70149231, 336.24307251, 525.658691406, 392.013092041, 217.442016602, 168.414993286, 158.03553772, 117.027503967, 46.5116424561, 32.8414878845], [158.635574341, 277.524505615, 250.692657471, 124.930282593, 217.595230103, 392.013092041, 638.018981934, 310.359313965, 150.11529541, 165.096099854, 124.582107544, 48.0275840759, 24.0709056854], [56.0715866089, 109.997688293, 251.686950684, 199.439926147, 295.91506958, 217.442016602, 310.359313965, 379.56060791, 247.588821411, 152.619262695, 64.2359008789, 3.2689409256, 30.5939426422], [-103.083702087, 210.416213989, 111.581222534, 174.454284668, 275.329040527, 168.414993286, 150.11529541, 247.588821411, 331.776489258, 173.513641357, 88.6961364746, 7.07377672195, 54.1788215637], [-85.2628173828, 120.600730896, 145.870285034, 109.875450134, 198.140533447, 158.03553772, 165.096099854, 152.619262695, 173.513641357, 200.424942017, 111.332710266, 30.0957069397, 40.5949668884], [-270.716918945, 159.369552612, 94.100227356, 91.1456832886, 93.7989273071, 117.027503967, 124.582107544, 64.2359008789, 88.6961364746, 111.332710266, 175.966186523, 72.8953323364, 45.736831665], [-12.507598877, 33.8618392944, 87.4253234863, 35.657989502, 38.1596374512, 46.5116424561, 48.0275840759, 3.2689409256, 7.07377672195, 30.0957069397, 72.8953323364, 124.027236938, 60.0013656616], [-146.372772217, 60.8081626892, 8.16452789307, 64.9535369873, 56.8006134033, 32.8414878845, 24.0709056854, 30.5939426422, 54.1788215637, 40.5949668884, 45.736831665, 60.0013656616, 136.810180664]],
        "icov": [[0.000200125592528, -0.000149836414494, 0.000178986127139, -0.000275488797342, 0.000153558983584, -0.000362340593711, 0.000172554427991, -0.000243104645051, 0.000310945062665, -0.000338611454936, 0.000800464476924, -0.000558512634598, 0.000402736768592], [-0.000149836414494, 0.00184296013322, -0.000926498323679, 0.00107079767622, -0.00175605609547, 0.00240715942346, -0.0024244140368, 0.00279959384352, -0.00252060126513, 0.00214782170951, -0.00255047902465, 0.0020060762763, -0.00114708638284], [0.000178986127139, -0.000926498323679, 0.0022316633258, -0.00202695233747, 0.00139248347841, -0.00245184684172, 0.00185138639063, -0.00257469364442, 0.00245748902671, -0.00227482849732, 0.00234577571973, -0.00271574803628, 0.0018015577225], [-0.000275488797342, 0.00107079767622, -0.00202695233747, 0.00387239502743, -0.00311547494493, 0.00285777333193, -0.00195522303693, 0.00241826567799, -0.00228327140212, 0.00316463876516, -0.00362571934238, 0.00317880534567, -0.00229437672533], [0.000153558983584, -0.00175605609547, 0.00139248347841, -0.00311547494493, 0.00554278958589, -0.00421181786805, 0.00341301900335, -0.00412062276155, 0.00221008365043, -0.0039801215753, 0.00391869386658, -0.00326334545389, 0.00179856072646], [-0.000362340593711, 0.00240715942346, -0.00245184684172, 0.00285777333193, -0.00421181786805, 0.00872849021107, -0.00621599331498, 0.00554233742878, -0.00484410719946, 0.00364318001084, -0.00497411377728, 0.00397493550554, -0.00240350747481], [0.000172554427991, -0.0024244140368, 0.00185138639063, -0.00195522303693, 0.00341301900335, -0.00621599331498, 0.00819492805749, -0.00800136756152, 0.0058455504477, -0.00428608432412, 0.00262192706577, -0.00363204325549, 0.00217583705671], [-0.000243104645051, 0.00279959384352, -0.00257469364442, 0.00241826567799, -0.00412062276155, 0.00554233742878, -0.00800136756152, 0.0142378667369, -0.00968222413212, 0.00384716154076, -0.00263731810264, 0.00452753575519, -0.00230591418222], [0.000310945062665, -0.00252060126513, 0.00245748902671, -0.00228327140212, 0.00221008365043, -0.00484410719946, 0.0058455504477, -0.00968222413212, 0.0135568035766, -0.00787875801325, 0.00292873708531, -0.00215251976624, 0.000706393911969], [-0.000338611454936, 0.00214782170951, -0.00227482849732, 0.00316463876516, -0.0039801215753, 0.00364318001084, -0.00428608432412, 0.00384716154076, -0.00787875801325, 0.0172349512577, -0.00977133773267, 0.00489649036899, -0.0028867055662], [0.000800464476924, -0.00255047902465, 0.00234577571973, -0.00362571934238, 0.00391869386658, -0.00497411377728, 0.00262192706577, -0.00263731810264, 0.00292873708531, -0.00977133773267, 0.0182581488043, -0.0103020817041, 0.00342090660706], [-0.000558512634598, 0.0020060762763, -0.00271574803628, 0.00317880534567, -0.00326334545389, 0.00397493550554, -0.00363204325549, 0.00452753575519, -0.00215251976624, 0.00489649036899, -0.0103020817041, 0.0180654097348, -0.00788849685341], [0.000402736768592, -0.00114708638284, 0.0018015577225, -0.00229437672533, 0.00179856072646, -0.00240350747481, 0.00217583705671, -0.00230591418222, 0.000706393911969, -0.0028867055662, 0.00342090660706, -0.00788849685341, 0.0120878592134]]
    },
    "melbands": {
        "dmean": [0.00126515817828, 0.000901046209037, 0.00056065316312, 0.000609254231676, 0.0004412374401, 0.000292833778076, 0.000103752761788, 0.000129552499857, 0.000156827911269, 0.000156616675667, 7.81157650636e-05, 2.72864836006e-05, 3.83840597351e-05, 2.6531117328e-05, 2.3117476303e-05, 2.11277820199e-05, 1.94171498151e-05, 2.04977259273e-05, 2.21158807108e-05, 1.8176762751e-05, 1.42691969813e-05, 2.32737875194e-05, 1.65079673025e-05, 1.38113291541e-05, 1.35686350404e-05, 9.58683358476e-06, 9.12779978535e-06, 5.14749945069e-06, 3.10387031277e-06, 3.28467967847e-06, 3.79358129976e-06, 3.43665624314e-06, 3.1007959933e-06, 3.13592863677e-06, 2.59333592112e-06, 2.11465635402e-06, 1.87215607639e-06, 1.61129435128e-06, 1.60357728873e-06, 1.72400621068e-06],
        "dmean2": [0.0021067855414, 0.00129067560192, 0.000925694301259, 0.000847008137498, 0.000580979511142, 0.000488728750497, 0.000168740778463, 0.000205234115128, 0.000256185303442, 0.000252982281381, 0.000130072483444, 4.40326875832e-05, 6.38216952211e-05, 4.29654392065e-05, 3.6531178921e-05, 3.37847486662e-05, 3.05185567413e-05, 3.21833977068e-05, 3.58470242645e-05, 2.96920443361e-05, 2.37569674937e-05, 4.15847607655e-05, 2.92914210149e-05, 2.44381790253e-05, 2.39178534684e-05, 1.6120779037e-05, 1.5943287508e-05, 8.82265067048e-06, 4.99842963109e-06, 5.16622822033e-06, 5.92204014538e-06, 5.29541193828e-06, 4.70865279567e-06, 4.63518472316e-06, 3.6953754261e-06, 3.16991645377e-06, 2.9177642773e-06, 2.47192883762e-06, 2.4337132345e-06, 2.70659734269e-06],
        "dvar": [8.05179206509e-06, 4.92355457027e-06, 2.03227250495e-06, 2.68619578492e-06, 1.45467959101e-06, 6.24789606718e-07, 6.91958490506e-08, 7.13970322863e-08, 2.22712856157e-07, 1.33570537741e-07, 4.89657203673e-08, 2.99023583672e-09, 8.84522410871e-09, 4.23239754355e-09, 4.63294158592e-09, 2.75446132569e-09, 3.19558179918e-09, 1.57514223886e-09, 1.57740132067e-09, 1.2783633041e-09, 7.16442349891e-10, 3.92254495551e-09, 1.74602299285e-09, 1.18761156465e-09, 9.81148162715e-10, 3.45581840921e-10, 6.96915858356e-10, 3.86251558515e-10, 5.55232734789e-11, 8.86427389823e-11, 5.45827272269e-11, 3.67850958027e-11, 2.3844140204e-11, 2.82645105237e-11, 2.30576148452e-11, 1.58544722489e-11, 1.42837842249e-11, 1.00206622514e-11, 1.08176124308e-11, 1.20844974652e-11],
        "dvar2": [2.07795110327e-05, 1.01751456896e-05, 5.20144158145e-06, 4.30783575212e-06, 2.30497744269e-06, 1.56332521328e-06, 1.79403755851e-07, 1.7146528819e-07, 6.20737921508e-07, 3.54689575488e-07, 1.32401169139e-07, 7.33924521157e-09, 2.36388562058e-08, 9.47681755292e-09, 1.24573649174e-08, 6.76976208425e-09, 7.96940824443e-09, 3.70782071712e-09, 4.04505007268e-09, 3.22130033759e-09, 1.88737225848e-09, 1.12632374538e-08, 5.00109553769e-09, 3.36917405086e-09, 2.73109490578e-09, 9.06209163265e-10, 1.9533232809e-09, 1.09256181879e-09, 1.43586822987e-10, 2.35068742249e-10, 1.39584621639e-10, 8.90640963758e-11, 5.33210628428e-11, 6.21531576206e-11, 4.21539921025e-11, 3.42542626208e-11, 3.04822174446e-11, 2.28372997596e-11, 2.28079326259e-11, 2.91912605199e-11],
        "max": [0.0255181789398, 0.0165229849517, 0.0095506394282, 0.0170877221972, 0.0121374316514, 0.00941816437989, 0.00343826669268, 0.00381980859675, 0.00545161683112, 0.00434610480443, 0.00351045187563, 0.000665339641273, 0.00119799771346, 0.000675930874422, 0.00130781251937, 0.000682697689626, 0.00107732450124, 0.000423802033765, 0.000488541845698, 0.000630757305771, 0.000281278742477, 0.000536704726983, 0.000369058805518, 0.000299213425023, 0.000200045353267, 0.000144627614645, 0.000285565241938, 0.000296192796668, 9.45656938711e-05, 0.000115575945529, 6.34211464785e-05, 4.37348098785e-05, 4.3016163545e-05, 5.17668049724e-05, 8.60115542309e-05, 7.35490903025e-05, 7.62978743296e-05, 4.78572364955e-05, 6.03127009526e-05, 4.85848322569e-05],
        "mean": [0.00168933928944, 0.00101872591767, 0.000414572423324, 0.000642975210212, 0.000510842248332, 0.000311471550958, 0.000117524039524, 0.000150676249177, 0.000164922574186, 0.000179500028025, 8.22367510409e-05, 2.89353374683e-05, 4.17974370066e-05, 2.72229699476e-05, 2.60957622231e-05, 2.35217667068e-05, 2.22620747081e-05, 2.24662544497e-05, 2.72294400929e-05, 2.1589183234e-05, 1.50061532622e-05, 1.92993757082e-05, 1.45326439451e-05, 1.16516466733e-05, 1.1298679965e-05, 9.83888730843e-06, 8.26450286695e-06, 4.56440329799e-06, 3.30104148816e-06, 3.52159759132e-06, 3.9190545067e-06, 3.80069855055e-06, 3.70332827515e-06, 3.86268675356e-06, 3.32958006766e-06, 2.53427197094e-06, 2.21352934204e-06, 1.94370932149e-06, 1.87508078398e-06, 1.89886588942e-06],
        "median": [8.70450021466e-05, 3.67020438716e-05, 1.02075628092e-05, 2.23078932322e-05, 4.01003562729e-05, 3.94897069782e-05, 2.49726581387e-05, 3.15365396091e-05, 2.49587901635e-05, 2.5325198294e-05, 9.68849508354e-06, 6.28124280411e-06, 6.38374331174e-06, 3.70375028069e-06, 4.49804065283e-06, 2.98176746583e-06, 3.71832697965e-06, 4.39480618297e-06, 4.69643509859e-06, 3.93631125917e-06, 4.51460437034e-06, 4.2001897782e-06, 4.51891355624e-06, 3.37973028763e-06, 3.02440867017e-06, 3.85675730286e-06, 1.95823963622e-06, 1.17028014301e-06, 9.92405034594e-07, 1.11822680537e-06, 1.03166303234e-06, 1.17483045869e-06, 1.30380954033e-06, 1.14125009532e-06, 9.07792241378e-07, 6.60482385229e-07, 6.10717336258e-07, 5.99168856752e-07, 4.65309568654e-07, 3.5927234876e-07],
        "min": [5.71135083671e-10, 1.44535827751e-09, 2.60874766234e-09, 5.26364942743e-08, 9.77407239589e-08, 4.86970570535e-08, 2.99298541506e-08, 5.81774912689e-08, 1.47194247901e-08, 3.49396884758e-08, 3.06672376382e-08, 1.95917007062e-08, 2.04037320373e-08, 6.48888320853e-09, 1.06229478547e-08, 2.54299603597e-08, 1.16922285187e-08, 1.84163528871e-08, 8.79876793647e-09, 5.03756725223e-09, 1.00661958768e-08, 7.51339168659e-09, 6.07032735189e-09, 7.98154764503e-10, 2.92672153179e-09, 3.93125887399e-09, 3.85824794336e-09, 8.98496388402e-10, 2.31669280981e-10, 3.81536635619e-10, 7.323367468e-10, 8.46490655348e-10, 3.34866440133e-10, 3.01946800896e-10, 4.24123403064e-10, 3.17717546716e-10, 2.97785740511e-10, 1.19118936937e-10, 3.53039784906e-11, 5.29646569658e-11],
