{
"highlevel": {
    "danceability": {
        "all": {
            "danceable": 0.5,
            "not_danceable": 0.5
        },
        "probability": 0.5,
        "value": "danceable"
    },
    "gender": {
        "all": {
            "female": 0.224645718932,
            "male": 0.775354266167
        },
        "probability": 0.775354266167,
        "value": "male"
    },
    "genre_dortmund": {
        "all": {
            "alternative": 0.126947417855,
            "blues": 0.043847065419,
            "electronic": 0.0173173714429,
            "folkcountry": 0.0484366938472,
            "funksoulrnb": 0.0101945651695,
            "jazz": 0.034918487072,
            "pop": 0.0744046792388,
            "raphiphop": 0.00269613834098,
            "rock": 0.641237556934
        },
        "probability": 0.641237556934,
        "value": "rock"
    },
    "genre_electronic": {
        "all": {
            "ambient": 0.213417440653,
            "dnb": 0.465174257755,
            "house": 0.100754186511,
            "techno": 0.0278996024281,
            "trance": 0.192754536867
        },
        "probability": 0.465174257755,
        "value": "dnb"
    },
    "genre_rosamerica": {
        "all": {
            "cla": 0.00565199740231,
            "dan": 0.0116206742823,
            "hip": 0.0521974787116,
            "jaz": 0.00352656422183,
            "pop": 0.307226628065,
            "rhy": 0.0176738072187,
            "roc": 0.600775539875,
            "spe": 0.00132729904726
        },
        "probability": 0.600775539875,
        "value": "roc"
    },
    "genre_tzanetakis": {
        "all": {
            "blu": 0.0626613423228,
            "cla": 0.0348169617355,
            "cou": 0.104475811124,
            "dis": 0.0784321576357,
            "hip": 0.15692435205,
            "jaz": 0.313974827528,
            "met": 0.0448166541755,
            "pop": 0.0627359300852,
            "reg": 0.0627360641956,
            "roc": 0.0784258767962
        },
        "probability": 0.313974827528,
        "value": "jaz"
    },
    "ismir04_rhythm": {
        "all": {
            "ChaChaCha": 0.160497963428,
            "Jive": 0.597082912922,
            "Quickstep": 0.0896652787924,
            "Rumba-American": 0.00470967683941,
            "Rumba-International": 0.00484325224534,
            "Rumba-Misc": 0.00237557804212,
            "Samba": 0.0871547237039,
            "Tango": 0.00982780847698,
            "VienneseWaltz": 0.0408257879317,
            "Waltz": 0.003017002251
        },
        "probability": 0.597082912922,
        "value": "Jive"
    },
    "mood_acoustic": {
        "all": {
            "acoustic": 0.0179362893105,
            "not_acoustic": 0.98206371069
        },
        "probability": 0.98206371069,
        "value": "not_acoustic"
    },
    "mood_aggressive": {
        "all": {
            "aggressive": 0.6876552701,
            "not_aggressive": 0.312344700098
        },
        "probability": 0.6876552701,
        "value": "aggressive"
    },
    "mood_electronic": {
        "all": {
            "electronic": 0.108876906335,
            "not_electronic": 0.891123116016
        },
        "probability": 0.891123116016,
        "value": "not_electronic"
    },
    "mood_happy": {
        "all": {
            "happy": 0.900797009468,
            "not_happy": 0.0992029756308
        },
        "probability": 0.900797009468,
        "value": "happy"
    },
    "mood_party": {
        "all": {
            "not_party": 0.34110340476,
            "party": 0.658896565437
        },
        "probability": 0.658896565437,
        "value": "party"
    },
    "mood_relaxed": {
        "all": {
            "not_relaxed": 0.980813741684,
            "relaxed": 0.0191862825304
        },
        "probability": 0.980813741684,
        "value": "not_relaxed"
    },
    "mood_sad": {
        "all": {
            "not_sad": 0.881748974323,
            "sad": 0.118251033127
        },
        "probability": 0.881748974323,
        "value": "not_sad"
    },
    "moods_mirex": {
        "all": {
            "Cluster1": 0.310584068298,
            "Cluster2": 0.329617500305,
            "Cluster3": 0.197433650494,
            "Cluster4": 0.0731207430363,
            "Cluster5": 0.0892440229654
        },
        "probability": 0.329617500305,
        "value": "Cluster2"
    },
    "timbre": {
        "all": {
            "bright": 0.996456861496,
            "dark": 0.00354312011041
        },
        "probability": 0.996456861496,
        "value": "bright"
    },
    "tonal_atonal": {
        "all": {
            "atonal": 0.00357756018639,
            "tonal": 0.996422410011
        },
        "probability": 0.996422410011,
        "value": "tonal"
    },
    "voice_instrumental": {
        "all": {
            "instrumental": 0.00568231428042,
            "voice": 0.9943177104
        },
        "probability": 0.9943177104,
        "value": "voice"
    }
},
"lowlevel": {
    "average_loudness": 0.971238136292,
    "barkbands_crest": {
        "dmean": 2.5541472435,
        "dmean2": 4.02544736862,
        "dvar": 4.99089431763,
        "dvar2": 12.416560173,
        "max": 23.2398300171,
        "mean": 9.2432384491,
        "median": 8.54835891724,
        "min": 2.09413361549,
        "var": 17.4565982819
    },
    "barkbands_flatness_db": {
        "dmean": 0.020585231483,
        "dmean2": 0.0307535212487,
        "dvar": 0.000389730237657,
        "dvar2": 0.000817041145638,
        "max": 0.312019854784,
        "mean": 0.127473548055,
        "median": 0.122920803726,
        "min": 0.0475049093366,
        "var": 0.00185595883522
    },
    "barkbands_kurtosis": {
        "dmean": 1.42773401737,
        "dmean2": 2.21994519234,
        "dvar": 6.74460411072,
        "dvar2": 13.5875997543,
        "max": 51.6512107849,
        "mean": 0.771787524223,
        "median": -0.384010076523,
        "min": -1.83281540871,
        "var": 16.3712501526
    },
    "barkbands_skewness": {
        "dmean": 0.486622959375,
        "dmean2": 0.73084795475,
        "dvar": 0.23875080049,
        "dvar2": 0.493259459734,
        "max": 6.66225004196,
        "mean": 0.824286699295,
        "median": 0.638554334641,
        "min": -1.80558896065,
        "var": 1.01114630699
    },
    "barkbands_spread": {
        "dmean": 7.13983678818,
        "dmean2": 10.6602973938,
        "dvar": 46.5996856689,
        "dvar2": 95.9021987915,
        "max": 86.4540481567,
        "mean": 34.4254417419,
        "median": 32.9621047974,
        "min": 3.30720281601,
        "var": 198.524017334
    },
    "dissonance": {
        "dmean": 0.0137206781656,
        "dmean2": 0.0228366162628,
        "dvar": 0.00020234794647,
        "dvar2": 0.000559086853173,
        "max": 0.499679297209,
        "mean": 0.476403057575,
        "median": 0.483264625072,
        "min": 0.384577900171,
        "var": 0.000412542140111
    },
    "dynamic_complexity": 1.51006901264,
    "erbbands_crest": {
        "dmean": 2.94152855873,
        "dmean2": 4.60372972488,
        "dvar": 7.4569940567,
        "dvar2": 15.9198217392,
        "max": 28.8078212738,
        "mean": 9.28971767426,
        "median": 7.97608327866,
        "min": 2.67137670517,
        "var": 23.2741413116
    },
    "erbbands_flatness_db": {
        "dmean": 0.0194399803877,
        "dmean2": 0.0272603854537,
        "dvar": 0.000324390712194,
        "dvar2": 0.000600199680775,
        "max": 0.270309239626,
        "mean": 0.153230085969,
        "median": 0.150285437703,
        "min": 0.0550483651459,
        "var": 0.00137013546191
    },
    "erbbands_kurtosis": {
        "dmean": 1.00718593597,
        "dmean2": 1.60192394257,
        "dvar": 1.3613101244,
        "dvar2": 3.30647087097,
        "max": 13.4454078674,
        "mean": 0.797624230385,
        "median": 0.325176715851,
        "min": -1.54360198975,
        "var": 2.90716814995
    },
    "erbbands_skewness": {
        "dmean": 0.38003051281,
        "dmean2": 0.560689210892,
        "dvar": 0.102542228997,
        "dvar2": 0.228379398584,
        "max": 2.25962305069,
        "mean": -0.249901622534,
        "median": -0.309418320656,
        "min": -2.55865764618,
        "var": 0.613838255405
    },
    "erbbands_spread": {
        "dmean": 7.6177816391,
        "dmean2": 11.5762443542,
        "dvar": 42.4126548767,
        "dvar2": 98.9047851562,
        "max": 88.3073272705,
        "mean": 34.8428115845,
        "median": 33.683139801,
        "min": 6.21350288391,
        "var": 179.787078857
    },
    "hfc": {
        "dmean": 11.1598339081,
        "dmean2": 15.3210382462,
        "dvar": 228.626617432,
        "dvar2": 475.412475586,
        "max": 176.849121094,
        "mean": 32.577507019,
        "median": 24.9624595642,
        "min": 2.70265960693,
        "var": 641.296203613
    },
    "melbands_crest": {
        "dmean": 3.39305472374,
        "dmean2": 5.40087795258,
        "dvar": 9.46542167664,
        "dvar2": 23.6302146912,
        "max": 30.7930698395,
        "mean": 14.9425163269,
        "median": 14.6310434341,
        "min": 2.9267821312,
        "var": 32.2903366089
    },
    "melbands_flatness_db": {
        "dmean": 0.0266068931669,
        "dmean2": 0.0377101302147,
        "dvar": 0.000673812581226,
        "dvar2": 0.0012869713828,
        "max": 0.379333049059,
        "mean": 0.159147903323,
        "median": 0.159068360925,
        "min": 0.0282023977488,
        "var": 0.00426743971184
    },
    "melbands_kurtosis": {
        "dmean": 4.93343877792,
        "dmean2": 7.50499916077,
        "dvar": 70.7967300415,
        "dvar2": 150.05027771,
        "max": 121.968391418,
        "mean": 7.33709001541,
        "median": 2.57028388977,
        "min": -1.76246726513,
        "var": 170.175094604
    },
    "melbands_skewness": {
        "dmean": 0.749340772629,
        "dmean2": 1.10489904881,
        "dvar": 0.602191030979,
        "dvar2": 1.25359559059,
        "max": 9.44641494751,
        "mean": 2.12347650528,
        "median": 1.70172309875,
        "min": -0.773526787758,
        "var": 2.45434975624
    },
    "melbands_spread": {
        "dmean": 11.2040653229,
        "dmean2": 16.8881187439,
        "dvar": 131.198257446,
        "dvar2": 293.86605835,
        "max": 195.550125122,
        "mean": 41.2101669312,
        "median": 36.0479888916,
        "min": 1.98010027409,
        "var": 642.465942383
    },
    "pitch_salience": {
        "dmean": 0.0670541897416,
        "dmean2": 0.106309011579,
        "dvar": 0.00383826601319,
        "dvar2": 0.00950385909528,
        "max": 0.816682696342,
        "mean": 0.506109952927,
        "median": 0.497828125954,
        "min": 0.143270120025,
        "var": 0.0144345089793
    },
    "silence_rate_20dB": {
        "dmean": 0,
        "dmean2": 0,
        "dvar": 0,
        "dvar2": 0,
        "max": 1,
        "mean": 1,
        "median": 1,
        "min": 1,
        "var": 0
    },
    "silence_rate_30dB": {
        "dmean": 0,
        "dmean2": 0,
        "dvar": 0,
        "dvar2": 0,
        "max": 1,
        "mean": 1,
        "median": 1,
        "min": 1,
        "var": 0
    },
    "silence_rate_60dB": {
        "dmean": 0,
        "dmean2": 0,
        "dvar": 0,
        "dvar2": 0,
        "max": 0,
        "mean": 0,
        "median": 0,
        "min": 0,
        "var": 0
    },
    "spectral_centroid": {
        "dmean": 284.028839111,
        "dmean2": 427.345214844,
        "dvar": 56015.9765625,
        "dvar2": 121600.742188,
        "max": 4147.60253906,
        "mean": 2077.92382812,
        "median": 2039.17175293,
        "min": 477.705108643,
        "var": 387765.46875
    },
    "spectral_complexity": {
        "dmean": 5.51083612442,
        "dmean2": 7.5096821785,
        "dvar": 27.268529892,
        "dvar2": 41.6811981201,
        "max": 61,
        "mean": 26.097448349,
        "median": 23,
        "min": 5,
        "var": 135.03616333
    },
    "spectral_decrease": {
        "dmean": 2.2028330271e-09,
        "dmean2": 3.44079675862e-09,
        "dvar": 6.28735889058e-18,
        "dvar2": 1.55173077584e-17,
        "max": -7.35381089356e-10,
        "mean": -6.56218368533e-09,
        "median": -6.14463813164e-09,
        "min": -2.4354617878e-08,
        "var": 1.09186583542e-17
    },
    "spectral_energy": {
        "dmean": 0.00905432086438,
        "dmean2": 0.0140162436292,
        "dvar": 0.000102539030195,
        "dvar2": 0.000249906617682,
        "max": 0.0969975814223,
        "mean": 0.0277220476419,
        "median": 0.0260802935809,
        "min": 0.00357451778837,
        "var": 0.000178066504304
    },
    "spectral_energyband_high": {
        "dmean": 0.00082424125867,
        "dmean2": 0.001080050366,
        "dvar": 1.87845114397e-06,
        "dvar2": 3.43604347108e-06,
        "max": 0.0268605370075,
        "mean": 0.00203789584339,
        "median": 0.000854742247611,
        "min": 5.24650713487e-05,
        "var": 8.24275048217e-06
    },
    "spectral_energyband_low": {
        "dmean": 0.00538294482976,
        "dmean2": 0.00857225060463,
        "dvar": 6.87927531544e-05,
        "dvar2": 0.000176319401362,
        "max": 0.0764217823744,
        "mean": 0.0116336494684,
        "median": 0.00852529518306,
        "min": 6.56869306113e-05,
        "var": 0.000117463510833
    },
    "spectral_energyband_middle_high": {
        "dmean": 0.00383147550747,
        "dmean2": 0.00580500112846,
        "dvar": 2.05371961783e-05,
        "dvar2": 4.69224760309e-05,
        "max": 0.0386423170567,
        "mean": 0.00937772262841,
        "median": 0.00735219521448,
        "min": 0.00043530689436,
        "var": 4.79113259644e-05
    },
    "spectral_energyband_middle_low": {
        "dmean": 0.00268241693266,
        "dmean2": 0.00426849350333,
        "dvar": 9.92280183709e-06,
        "dvar2": 2.42163696385e-05,
        "max": 0.0325522124767,
        "mean": 0.00575469853356,
        "median": 0.00449715508148,
        "min": 0.000326062610839,
        "var": 1.9077451725e-05
    },
    "spectral_entropy": {
        "dmean": 0.143565356731,
        "dmean2": 0.198508813977,
        "dvar": 0.0209609400481,
        "dvar2": 0.0371563062072,
        "max": 8.54634094238,
        "mean": 7.76490879059,
        "median": 7.750228405,
        "min": 6.635181427,
        "var": 0.109488785267
    },
    "spectral_flux": {
        "dmean": 0.0241333954036,
        "dmean2": 0.036403965205,
        "dvar": 0.00057415640913,
        "dvar2": 0.00119323248509,
        "max": 0.230854764581,
        "mean": 0.0913184732199,
        "median": 0.0857298448682,
        "min": 0.0193416308612,
        "var": 0.00121123134159
    },
    "spectral_kurtosis": {
        "dmean": 1.07843315601,
        "dmean2": 1.82655799389,
        "dvar": 1.27201151848,
        "dvar2": 3.67748522758,
        "max": 12.8256855011,
        "mean": 3.2080988884,
        "median": 3.01221847534,
        "min": -0.473752498627,
        "var": 2.18305134773
    },
    "spectral_rms": {
        "dmean": 0.000832558318507,
        "dmean2": 0.00125041347928,
        "dvar": 6.90731496888e-07,
        "dvar2": 1.57720921834e-06,
        "max": 0.00972788687795,
        "mean": 0.00504785077646,
        "median": 0.00504422327504,
        "min": 0.00186744064558,
        "var": 1.56517057803e-06
    },
    "spectral_rolloff": {
        "dmean": 666.764343262,
        "dmean2": 1005.30664062,
        "dvar": 647283.5625,
        "dvar2": 1310182.875,
        "max": 9259.27734375,
        "mean": 2431.0378418,
        "median": 2196.38671875,
        "min": 86.1328125,
        "var": 2689545
    },
    "spectral_skewness": {
        "dmean": 0.173267886043,
        "dmean2": 0.275308310986,
        "dvar": 0.0241893641651,
        "dvar2": 0.0584557577968,
        "max": 2.96725106239,
        "mean": 1.17572152615,
        "median": 1.18097770214,
        "min": 0.182185903192,
        "var": 0.0799872726202
    },
    "spectral_spread": {
        "dmean": 499059.96875,
        "dmean2": 735159.75,
        "dvar": 311305240576,
        "dvar2": 641608253440,
        "max": 8421775,
        "mean": 4272173.5,
        "median": 4189463.5,
        "min": 2238177.5,
        "var": 885087928320
    },
    "spectral_strongpeak": {
        "dmean": 0.736658036709,
        "dmean2": 1.29407310486,
        "dvar": 1.52859115601,
        "dvar2": 3.89793133736,
        "max": 9.76606559753,
        "mean": 1.06723284721,
        "median": 0.466212809086,
        "min": 0.0335896648467,
        "var": 1.87213003635
    },
    "zerocrossingrate": {
        "dmean": 0.0132773192599,
        "dmean2": 0.0142702180892,
        "dvar": 0.000156663096277,
        "dvar2": 0.000171870415215,
        "max": 0.25537109375,
        "mean": 0.0855406075716,
        "median": 0.07470703125,
        "min": 0.009765625,
        "var": 0.00171150208917
    },
    "barkbands": {
        "dmean": [7.57186571718e-05, 0.00269588106312, 0.00291805434972, 0.000900021288544, 0.000781545997597, 0.000700039032381, 0.000177314403118, 0.000442657386884, 0.000758064561523, 0.00139654241502, 0.000451879459433, 0.000639727222733, 0.000733439635951, 0.000696946983226, 0.000375724950572, 0.00039454625221, 0.000533680315129, 0.000435419206042, 0.000453861081041, 0.000260737346252, 0.000258659070823, 0.00017769887927, 0.000201603368623, 9.31149770622e-05, 0.000133997775265, 4.10361644754e-05, 1.13394349466e-09],
        "dmean2": [0.000108285297756, 0.00433591147885, 0.00481285247952, 0.00151771132369, 0.0012969969539, 0.00119058089331, 0.00028290078626, 0.000701241136994, 0.00116942462046, 0.00208577536978, 0.000709955696948, 0.00103127921466, 0.00114219891839, 0.00113921938464, 0.000607489550021, 0.000606988556683, 0.000855966296513, 0.000699680240359, 0.000748771941289, 0.000407058483688, 0.000403545156587, 0.000244890659815, 0.000271676864941, 0.000127060222439, 0.000197384317289, 5.96021927777e-05, 2.02613570366e-09],
        "dvar": [1.52601593584e-08, 2.03120162041e-05, 2.39826913457e-05, 1.69359032043e-06, 1.02670514934e-06, 2.00519616556e-06, 1.64707742556e-07, 6.17702937689e-07, 2.5542142339e-06, 6.00401745032e-06, 1.30228670514e-06, 1.71668875737e-06, 2.30250338973e-06, 1.4835818547e-06, 4.05026838735e-07, 5.62801744763e-07, 5.63885635074e-07, 3.60993084314e-07, 4.39012552533e-07, 4.18361310039e-07, 1.56146285235e-07, 7.56347589004e-08, 2.17510603306e-07, 5.38462820998e-08, 9.9132840603e-08, 4.77975925506e-09, 1.09427111121e-17],
        "dvar2": [2.92463617768e-08, 5.33532220288e-05, 6.19585480308e-05, 4.5456904445e-06, 2.74934609479e-06, 5.20069261256e-06, 3.82502861385e-07, 1.38059181154e-06, 5.69732083022e-06, 1.28117808345e-05, 2.8510867196e-06, 4.14959049522e-06, 5.11190546604e-06, 3.78105937671e-06, 9.99386202238e-07, 1.31829040129e-06, 1.46560194025e-06, 9.30411260924e-07, 1.10965083877e-06, 1.05994479327e-06, 3.98302631766e-07, 1.46234469867e-07, 3.77348328584e-07, 9.5857352278e-08, 2.24114998559e-07, 9.86326753605e-09, 1.47255602545e-17],
        "max": [0.00132653315086, 0.0502956956625, 0.0435225814581, 0.0124751552939, 0.012343662791, 0.018316090107, 0.010655362159, 0.0142523255199, 0.0277625657618, 0.0264811478555, 0.0186118800193, 0.017058538273, 0.0265000183135, 0.0113229891285, 0.00901191867888, 0.0114244464785, 0.00858124159276, 0.00605282606557, 0.00817417260259, 0.0189486965537, 0.00505759147927, 0.0038988571614, 0.0115654570982, 0.00549804745242, 0.00280172680505, 0.000612121541053, 1.09899211509e-07],
        "mean": [0.000109112144855, 0.00563876051456, 0.00496900221333, 0.00133910600562, 0.00137431302574, 0.000731580657884, 0.000303934793919, 0.000626276014373, 0.0011226470815, 0.00243518245406, 0.000593801087234, 0.000783935014624, 0.00105475250166, 0.000927057350054, 0.000552958168555, 0.00056051457068, 0.000835569459014, 0.000724207377061, 0.000803163507953, 0.000514186453074, 0.000515703053679, 0.000389356748201, 0.000398555013817, 0.000172384970938, 0.00018828487373, 5.77336795686e-05, 9.469978135e-10],
        "median": [4.26269725722e-05, 0.00308467331342, 0.00272417068481, 0.000792473903857, 0.000916728808079, 0.000283573172055, 0.000157159302034, 0.000286717637209, 0.000308692542603, 0.000485389115056, 0.000143771816511, 0.00029882430681, 0.000348436878994, 0.000451832165709, 0.000281904067378, 0.000265678187134, 0.000528443604708, 0.00047686585458, 0.000500662252307, 0.000191319049918, 0.000279464904452, 0.000161951291375, 0.000125595281133, 6.30154754617e-05, 4.36315276602e-05, 1.06891184259e-05, 3.84618892291e-10],
        "min": [2.32875265738e-08, 1.31555079861e-05, 8.9757177193e-06, 2.24784730563e-06, 9.34192121349e-06, 1.25422311612e-05, 2.70255100077e-06, 4.07040306527e-06, 4.47521051683e-06, 6.82622885506e-06, 1.80486051704e-06, 6.10584083915e-06, 7.36567562853e-06, 8.33859394334e-06, 8.19504930405e-06, 4.42242298959e-06, 1.22292376545e-05, 1.55109410116e-05, 2.78540410363e-05, 4.96998563904e-06, 2.00286467589e-05, 3.10152336169e-06, 2.49517825068e-06, 2.41213257368e-07, 1.57781236965e-08, 2.30804177853e-11, 2.36210929289e-11],
        "var": [2.86326287124e-08, 4.86248391098e-05, 3.70353700418e-05, 2.21625214181e-06, 2.02808564609e-06, 1.79572225534e-06, 4.47984490393e-07, 1.09339282517e-06, 7.06446644472e-06, 1.73345724761e-05, 2.25243115892e-06, 2.01036414182e-06, 4.00921135224e-06, 1.79816834134e-06, 6.65407299039e-07, 8.81484936599e-07, 8.50512606121e-07, 5.56009695174e-07, 7.04155525e-07, 1.02073329344e-06, 3.6684767224e-07, 2.72626522246e-07, 7.44067619962e-07, 1.38940151828e-07, 1.38484438139e-07, 8.44881498097e-09, 1.06467227279e-17]
    },
    "erbbands": {
        "dmean": [0.0548965409398, 0.728078007698, 3.04746007919, 3.37946867943, 2.35546469688, 2.74419403076, 3.97759842873, 6.45863199234, 2.6639122963, 4.91987037659, 11.1218118668, 17.6093273163, 22.4680728912, 44.4595069885, 17.8529682159, 28.5570678711, 33.906665802, 34.767993927, 25.3083171844, 15.6996469498, 23.6669521332, 27.3678016663, 21.5379886627, 22.8310203552, 21.8362197876, 11.4033298492, 12.4019813538, 8.32597732544, 6.74847316742, 5.85736465454, 6.00202035904, 2.77964162827, 1.24940490723, 0.750332295895, 1.624756217, 0.206385046244, 0.100108735263, 0.00789161399007, 0.000144536417793, 1.67516027432e-05],
        "dmean2": [0.0872869715095, 1.18947184086, 5.05374860764, 5.66371679306, 3.95548820496, 4.55431509018, 6.99378061295, 10.9629297256, 4.37989997864, 7.83531951904, 17.3865776062, 26.9508914948, 34.8514823914, 65.9411315918, 27.9283466339, 45.4381027222, 52.2612876892, 57.2832603455, 40.8521614075, 24.5416946411, 36.4403991699, 44.0400238037, 34.3699874878, 36.4406394958, 36.5236587524, 17.9719295502, 19.4375476837, 12.7712116241, 9.66271781921, 7.85262298584, 8.41987228394, 3.81355404854, 1.79129552841, 1.06406581402, 2.49234056473, 0.317181617022, 0.142025217414, 0.011628113687, 0.000207203571335, 2.32309284911e-05],
        "dvar": [0.00885923858732, 1.52553021908, 26.0611152649, 28.007724762, 9.05892372131, 14.8879203796, 45.8680953979, 224.149581909, 18.2252788544, 138.583572388, 383.906066895, 1625.29309082, 1715.45996094, 5839.00537109, 1731.97717285, 3329.40942383, 6061.11474609, 3433.23754883, 2387.49316406, 1608.99084473, 1598.66833496, 1844.11010742, 803.413635254, 1079.02050781, 1054.32092285, 637.271850586, 454.334564209, 191.278549194, 112.855735779, 157.385574341, 194.695587158, 58.7098503113, 6.41523790359, 2.16411137581, 16.929895401, 0.157393246889, 0.0299934465438, 0.000200669601327, 6.18391950979e-08, 3.97911814609e-10],
        "dvar2": [0.0222738683224, 4.06937122345, 67.8430023193, 75.1990814209, 24.7011394501, 40.2816925049, 125.054618835, 583.23260498, 43.3493003845, 336.674072266, 859.61340332, 3282.15454102, 3755.37255859, 12478.0917969, 3601.93798828, 7968.45947266, 13434.4208984, 9233.10742188, 5769.68554688, 3960.43798828, 3766.89379883, 4870.93457031, 2111.21826172, 2558.94262695, 2829.80249023, 1600.84106445, 1142.35998535, 463.456298828, 231.699111938, 272.820709229, 367.80166626, 106.918586731, 13.7436819077, 4.4898314476, 39.6122360229, 0.357032597065, 0.0642409175634, 0.000440010160673, 1.28491294049e-07, 8.14029565976e-10],
        "max": [0.832832753658, 13.6743097305, 51.4366531372, 56.718006134, 30.8053531647, 55.6946029663, 49.8251914978, 225.608917236, 59.6515312195, 282.035095215, 304.626647949, 801.202758789, 628.726013184, 876.008483887, 898.811767578, 738.24029541, 1470.21154785, 662.899108887, 696.461364746, 875.390319824, 666.267028809, 484.80758667, 281.679077148, 401.544158936, 375.078521729, 716.004150391, 478.077331543, 175.050415039, 164.235321045, 302.697113037, 390.409423828, 200.453353882, 51.6148757935, 19.9547157288, 38.2109832764, 3.42960166931, 1.85019278526, 0.130859524012, 0.00219838111661, 0.000205257121706],
        "mean": [0.0873603522778, 1.52640509605, 5.72462701797, 5.41215181351, 4.08345031738, 4.8685259819, 4.48395252228, 6.4491944313, 4.0473484993, 7.36440515518, 16.4934387207, 26.3936309814, 42.4248046875, 74.066696167, 26.8379821777, 36.9936676025, 49.2897796631, 50.8667602539, 37.7173881531, 25.1987876892, 36.4966964722, 43.3448410034, 38.8754920959, 40.1409721375, 38.3912467957, 23.9738540649, 24.205083847, 17.6695976257, 14.4859838486, 12.1154251099, 11.3313522339, 5.08827638626, 2.21211981773, 1.316619277, 1.9932128191, 0.286293834448, 0.135496467352, 0.00976443942636, 0.000211235659663, 4.73877371405e-05],
        "median": [0.0497895106673, 0.869369328022, 3.55493164062, 3.45594072342, 3.09884548187, 2.68373680115, 2.18933224678, 2.32380652428, 2.36168146133, 3.39017939568, 8.01966381073, 7.76770734787, 13.8670482635, 17.7164955139, 12.8908452988, 16.255941391, 17.4267311096, 25.5640468597, 20.6179141998, 11.22402668, 21.3239498138, 27.1723690033, 27.9041347504, 26.1620445251, 23.6149482727, 10.5157995224, 12.7707605362, 8.08919239044, 6.08850431442, 3.66415834427, 3.67194485664, 1.73758637905, 0.86430990696, 0.362284690142, 0.362369954586, 0.0692766979337, 0.0232501942664, 0.00136371934786, 5.17617445439e-05, 3.99334167014e-05],
        "min": [0.000605652923696, 0.00458529731259, 0.0116832330823, 0.0235711466521, 0.0383026450872, 0.0652371868491, 0.066259868443, 0.117406234145, 0.0596581846476, 0.13970464468, 0.212392523885, 0.233637332916, 0.154993534088, 0.272779613733, 0.210166245699, 0.392510443926, 0.717846632004, 0.8493501544, 0.877607107162, 0.617632627487, 0.469424337149, 0.754224836826, 0.812976956367, 1.2343724966, 1.55085456371, 0.671826422215, 0.746617436409, 0.374387651682, 0.265645414591, 0.0787495151162, 0.0717264786363, 0.0100606298074, 0.003008389147, 0.000918528588954, 0.000331658869982, 3.61142665497e-05, 9.64728133113e-06, 1.57636588938e-06, 3.51896551365e-06, 5.87780550632e-06],
        "var": [0.0122217610478, 3.56910896301, 39.9424514771, 35.5113601685, 13.0287694931, 34.2326469421, 39.9457626343, 193.780334473, 29.0616092682, 321.307281494, 715.654602051, 4255.66650391, 5053.93945312, 15720.3027344, 3173.07446289, 3935.70483398, 9944.07226562, 4427.52685547, 3148.60009766, 2757.46850586, 2620.09960938, 2354.85668945, 1296.13024902, 1774.52087402, 1673.69445801, 1631.54711914, 1065.75561523, 557.171569824, 378.307373047, 484.305480957, 646.665710449, 156.059921265, 15.3457126617, 4.69465637207, 20.0520114899, 0.235442399979, 0.0501768998802, 0.000302288855892, 1.0493557312e-07, 8.78227657264e-10]
    },
    "gfcc": {
        "mean": [32.8225898743, 73.1608657837, -133.491073608, 51.4741821289, -51.2690811157, 26.5113925934, -28.2531757355, 14.49522686, -27.5682468414, -0.810838341713, -20.1435394287, -1.83448779583, -14.9734783173],
        "cov": [[1776.67260742, -997.315673828, 230.212432861, -258.425048828, -262.078399658, 72.1874694824, -245.470199585, 49.0730552673, -180.325531006, 185.596282959, -145.583526611, 177.817977905, -174.288330078], [-997.315673828, 1242.4395752, -283.05557251, 135.020065308, 283.455505371, -34.9477310181, 274.08972168, -43.8362617493, 181.622756958, -216.30645752, 169.097732544, -170.181350708, 174.682800293], [230.212432861, -283.05557251, 439.119293213, 28.1519088745, 61.0594711304, 32.8601455688, -32.751865387, 60.5360641479, -46.9462280273, 95.7743530273, -87.9512557983, 73.3268280029, -90.8298568726], [-258.425048828, 135.020065308, 28.1519088745, 315.627685547, 55.8323020935, -58.5092048645, -30.5212478638, -27.5905780792, 85.6932601929, -24.4801425934, 47.3126869202, -66.2981033325, 40.4992218018], [-262.078399658, 283.455505371, 61.0594711304, 55.8323020935, 273.984100342, 13.309094429, 86.7914962769, 11.3456468582, 24.2170295715, -17.3150138855, 9.77678489685, -4.17855072021, 5.44379329681], [72.1874694824, -34.9477310181, 32.8601455688, -58.5092048645, 13.309094429, 233.005615234, 118.828514099, 47.877407074, 11.7588605881, -5.56633424759, 25.5865268707, 14.5432510376, 3.14495015144], [-245.470199585, 274.08972168, -32.751865387, -30.5212478638, 86.7914962769, 118.828514099, 258.869934082, 54.2208595276, 25.5098838806, -47.2662696838, 47.1730651855, -33.5771751404, 30.3538398743], [49.0730552673, -43.8362617493, 60.5360641479, -27.5905780792, 11.3456468582, 47.877407074, 54.2208595276, 101.153312683, 19.1279335022, 14.5973720551, -15.9755964279, 20.7595653534, -9.46798706055], [-180.325531006, 181.622756958, -46.9462280273, 85.6932601929, 24.2170295715, 11.7588605881, 25.5098838806, 19.1279335022, 143.800048828, -27.1976852417, 32.6365470886, -42.7714920044, 41.3707046509], [185.596282959, -216.30645752, 95.7743530273, -24.4801425934, -17.3150138855, -5.56633424759, -47.2662696838, 14.5973720551, -27.1976852417, 122.243782043, -20.2808456421, 44.9779472351, -37.8431739807], [-145.583526611, 169.097732544, -87.9512557983, 47.3126869202, 9.77678489685, 25.5865268707, 47.1730651855, -15.9755964279, 32.6365470886, -20.2808456421, 113.97240448, -12.0403594971, 33.4622268677], [177.817977905, -170.181350708, 73.3268280029, -66.2981033325, -4.17855072021, 14.5432510376, -33.5771751404, 20.7595653534, -42.7714920044, 44.9779472351, -12.0403594971, 99.1318664551, -17.9785385132], [-174.288330078, 174.682800293, -90.8298568726, 40.4992218018, 5.44379329681, 3.14495015144, 30.3538398743, -9.46798706055, 41.3707046509, -37.8431739807, 33.4622268677, -17.9785385132, 94.9647064209]],
        "icov": [[0.00121251516975, 0.000320350780385, 4.55363515357e-05, 0.000327486573951, 0.000479712733068, -0.000620740815066, 0.000741282419767, -0.000320086284773, 0.000294674682664, -0.000311027048156, 0.000283672852674, -0.000561450025998, 0.000805588264484], [0.000320350780385, 0.00517575163394, -0.000900852552149, 0.00270180986263, -0.00403533456847, 0.00317287375219, -0.00234101712704, 0.00138465338387, -0.00284129427746, 0.0038441196084, -0.00496897799894, 0.00467050774023, -0.00452912598848], [4.55363515357e-05, -0.000900852552149, 0.00538373924792, -0.00313841039315, -2.18099230551e-05, -0.00181715807412, 3.2956351788e-05, -0.00155625527259, 0.00123410206288, -0.00256288982928, 0.00455971853808, -0.00409903470427, 0.00418249564245], [0.000327486573951, 0.00270180986263, -0.00313841039315, 0.00794769544154, -0.00298990076408, 0.0027951032389, 0.000920690654311, 0.000961750512943, -0.00337889278308, 0.00235501746647, -0.00635920744389, 0.00707658799365, -0.00488861324266], [0.000479712733068, -0.00403533456847, -2.18099230551e-05, -0.00298990076408, 0.00841571111232, -0.00221485318616, -0.000230457968428, -0.000101029283542, 0.00164070981555, -0.00271469610743, 0.0047525758855, -0.00578951416537, 0.00464469054714], [-0.000620740815066, 0.00317287375219, -0.00181715807412, 0.0027951032389, -0.00221485318616, 0.00906844250858, -0.004823198542, 0.000527780794073, -0.00307376612909, 0.00310814287513, -0.00506504019722, 0.00259576714598, -0.00363090238534], [0.000741282419767, -0.00234101712704, 3.2956351788e-05, 0.000920690654311, -0.000230457968428, -0.004823198542, 0.0105999158695, -0.00563748832792, 0.00329272588715, -0.000736089132261, -0.00100817193743, 0.00245639798231, 0.000620837963652], [-0.000320086284773, 0.00138465338387, -0.00155625527259, 0.000961750512943, -0.000101029283542, 0.000527780794073, -0.00563748832792, 0.0165702849627, -0.0056949807331, 0.000325782195432, 0.00191314099357, -0.00313310488127, -0.000247279502219], [0.000294674682664, -0.00284129427746, 0.00123410206288, -0.00337889278308, 0.00164070981555, -0.00307376612909, 0.00329272588715, -0.0056949807331, 0.0130983032286, -0.00239538121969, 0.0013166818535, 0.00112257816363, -0.000136092145112], [-0.000311027048156, 0.0038441196084, -0.00256288982928, 0.00235501746647, -0.00271469610743, 0.00310814287513, -0.000736089132261, 0.000325782195432, -0.00239538121969, 0.0151084074751, -0.00519838323817, 0.000910185277462, -0.0017088491004], [0.000283672852674, -0.00496897799894, 0.00455971853808, -0.00635920744389, 0.0047525758855, -0.00506504019722, -0.00100817193743, 0.00191314099357, 0.0013166818535, -0.00519838323817, 0.0200974009931, -0.0100977588445, 0.00550381373614], [-0.000561450025998, 0.00467050774023, -0.00409903470427, 0.00707658799365, -0.00578951416537, 0.00259576714598, 0.00245639798231, -0.00313310488127, 0.00112257816363, 0.000910185277462, -0.0100977588445, 0.0249052811414, -0.00926489476115], [0.000805588264484, -0.00452912598848, 0.00418249564245, -0.00488861324266, 0.00464469054714, -0.00363090238534, 0.000620837963652, -0.000247279502219, -0.000136092145112, -0.0017088491004, 0.00550381373614, -0.00926489476115, 0.0217408835888]]
    },
    "melbands": {
        "dmean": [0.000605901645031, 0.00135884201154, 0.000524135190062, 0.000192290113773, 0.00012579158647, 0.000136556176585, 3.91467183363e-05, 6.12455914961e-05, 9.68628155533e-05, 0.000112765876111, 0.000123550737044, 0.000198752328288, 6.28383131698e-05, 7.24487617845e-05, 7.34175628168e-05, 7.45934812585e-05, 6.50477741146e-05, 4.47370039183e-05, 2.36065061472e-05, 2.14426072489e-05, 3.07545451506e-05, 2.95082918456e-05, 2.88857172563e-05, 2.30853074754e-05, 1.94749136426e-05, 1.95307020476e-05, 1.08840422399e-05, 8.31191300676e-06, 9.18873229239e-06, 6.84598126099e-06, 5.00117766933e-06, 4.12881672673e-06, 3.64367929251e-06, 3.60252624887e-06, 4.25957341577e-06, 2.30172554438e-06, 1.59789999543e-06, 1.00281829418e-06, 6.23919106602e-07, 6.26535438641e-07],
        "dmean2": [0.000971307104919, 0.00223596394062, 0.000870620831847, 0.000316442776239, 0.000221205700655, 0.000231046025874, 6.37600242044e-05, 9.72416892182e-05, 0.000150721200043, 0.00017398277123, 0.000190860271687, 0.000295083707897, 9.83689824352e-05, 0.000115400536743, 0.000115799419291, 0.000118983691209, 0.000107754742203, 7.24819619791e-05, 3.81092067983e-05, 3.38827194355e-05, 4.75065280625e-05, 4.76592540508e-05, 4.68749421998e-05, 3.72108952433e-05, 3.11548610625e-05, 3.26694025716e-05, 1.77078254637e-05, 1.31374426928e-05, 1.46049978866e-05, 1.1214737242e-05, 7.70802671468e-06, 6.12793292021e-06, 5.34263563168e-06, 5.068954124e-06, 6.20576747679e-06, 3.20721665048e-06, 2.29131092055e-06, 1.50831203882e-06, 9.06071363715e-07, 9.30883686578e-07],
        "dvar": [1.04750722585e-06, 5.02979992234e-06, 6.19863271822e-07, 6.28707965689e-08, 4.36095000111e-08, 9.13093742838e-08, 4.30070512536e-09, 1.70146670087e-08, 2.9117327216e-08, 6.65096635544e-08, 5.38644151504e-08, 1.17821713275e-07, 2.49368969918e-08, 1.76017760367e-08, 2.34211636752e-08, 2.28139906966e-08, 1.21484884374e-08, 9.89164039567e-09, 2.27237584305e-09, 2.70405875469e-09, 2.4662782927e-09, 2.37911734757e-09, 1.89956517183e-09, 1.22164800498e-09, 8.48059733549e-10, 9.00391372571e-10, 3.77237380222e-10, 5.16603038125e-10, 3.63064439624e-10, 1.18365706125e-10, 7.37241309667e-11, 4.10805382767e-11, 4.02502232932e-11, 7.66200922153e-11, 9.52646503349e-11, 3.60550131417e-11, 2.03674074134e-11, 4.36545547974e-12, 1.50304606001e-12, 1.4972933917e-12],
        "dvar2": [2.71950307251e-06, 1.31626838993e-05, 1.64738787589e-06, 1.63213158544e-07, 1.19290177736e-07, 2.36393645991e-07, 9.93726700926e-09, 4.07328037966e-08, 6.61176073891e-08, 1.36381814286e-07, 1.1732392835e-07, 2.51404856044e-07, 5.46187273187e-08, 4.1411201579e-08, 5.66897853105e-08, 5.10603719306e-08, 3.22760165261e-08, 2.38852209122e-08, 5.36787281291e-09, 6.56012399958e-09, 5.91520699089e-09, 6.34706553981e-09, 4.71588013085e-09, 3.17918935622e-09, 2.03410888133e-09, 2.36744912563e-09, 1.03547870278e-09, 1.30519228758e-09, 9.24110732381e-10, 3.10072467702e-10, 1.81446191405e-10, 8.85780546134e-11, 8.22216045249e-11, 1.38849778897e-10, 1.94924840158e-10, 5.98805310892e-11, 4.10628822611e-11, 1.04512501084e-11, 3.35375932754e-12, 3.3400647699e-12],
        "max": [0.0103503828868, 0.0222459323704, 0.00796471908689, 0.0032528641168, 0.00150353950448, 0.00444099446759, 0.00105176318903, 0.0026257627178, 0.00245738425292, 0.00476541882381, 0.00321466289461, 0.00392434420064, 0.00257685128599, 0.00152299366891, 0.00193837331608, 0.00273414654657, 0.00119879248086, 0.00147154461592, 0.000866030110046, 0.000935015035793, 0.000811319507193, 0.000575456710067, 0.00058148073731, 0.000367916247342, 0.000339812570019, 0.000476918969071, 0.000283525179839, 0.000691994733643, 0.000503892428242, 0.00014541274868, 0.000115286384244, 9.40884419833e-05, 8.00399357104e-05, 0.000228319535381, 0.000247536052484, 0.000168038750417, 0.000116361290566, 4.47260936198e-05, 1.99540318135e-05, 1.47954297063e-05],
        "mean": [0.00116343051195, 0.00278206169605, 0.000898523663636, 0.000349228881532, 0.000157619215315, 0.000138873583637, 6.22634906904e-05, 8.85015906533e-05, 0.000142099597724, 0.000165937643033, 0.000226088712225, 0.000328580965288, 8.76315098139e-05, 8.99783553905e-05, 9.48342276388e-05, 0.000110746870632, 9.07764479052e-05, 6.23441883363e-05, 3.67539141735e-05, 3.14456665365e-05, 4.57675632788e-05, 4.32513006672e-05, 4.33960158261e-05, 3.5573146306e-05, 3.15160432365e-05, 3.22169944411e-05, 1.8204222215e-05, 1.60092477017e-05, 1.6314761524e-05, 1.2421251995e-05, 9.48823435465e-06, 8.25308052299e-06, 7.14465068086e-06, 6.82244990458e-06, 7.4612876233e-06, 4.15922113461e-06, 2.70130476565e-06, 1.6650286625e-06, 1.00473698694e-06, 9.99113694888e-07],
        "median": [0.000639865989797, 0.00184850767255, 0.000618724210653, 0.000217090782826, 9.06112327357e-05, 5.21852707607e-05, 3.5071043385e-05, 4.17745868617e-05, 6.31292859907e-05, 4.31702574133e-05, 6.49267603876e-05, 6.78537908243e-05, 2.91707146971e-05, 3.47158966179e-05, 3.09641836793e-05, 4.13777452195e-05, 4.47518432338e-05, 3.08285925712e-05, 1.77049714694e-05, 1.30926737256e-05, 2.60592314589e-05, 2.52898480539e-05, 2.63582187472e-05, 2.20389483729e-05, 1.92834104382e-05, 1.95183365577e-05, 1.01385185189e-05, 5.61671458854e-06, 7.58004262025e-06, 6.5463223109e-06, 3.80462279281e-06, 3.71874398297e-06, 2.35338984567e-06, 1.9366568722e-06, 2.33289620155e-06, 1.30055741465e-06, 9.19511307984e-07, 6.73761235248e-07, 3.21978404827e-07, 2.52195121675e-07],
        "min": [2.44604143518e-06, 7.30878764443e-06, 4.4549933591e-06, 5.29141107108e-06, 1.92228276319e-06, 2.800057473e-06, 8.46735758842e-07, 1.00399154235e-06, 1.24925088585e-06, 6.38479036752e-07, 6.24043764219e-07, 1.14018757813e-06, 5.29681472017e-07, 5.78130538997e-07, 7.99358019776e-07, 5.69453902699e-07, 8.60899149302e-07, 9.31034890073e-07, 5.06248284182e-07, 2.47906911e-07, 3.97771145799e-07, 6.79329104969e-07, 9.29481245748e-07, 7.08443565145e-07, 4.47356086397e-07, 1.18607249533e-06, 6.62116462991e-07, 1.63591323599e-07, 1.96392875296e-07, 2.30236182119e-07, 5.58134374273e-08, 7.30739699861e-08, 1.79220283059e-08, 2.93067135004e-08, 4.11283060942e-08, 1.25227561654e-08, 1.24636290177e-09, 1.10233688844e-09, 4.19484447178e-10, 3.27882929141e-11],
