{
"highlevel": {
    "danceability": {
        "all": {
            "danceable": 0.996137499809,
            "not_danceable": 0.00386251881719
        },
        "probability": 0.996137499809,
        "value": "danceable"
    },
    "gender": {
        "all": {
            "female": 0.834600567818,
            "male": 0.165399447083
        },
        "probability": 0.834600567818,
        "value": "female"
    },
    "genre_dortmund": {
        "all": {
            "alternative": 0.0352655984461,
            "blues": 0.0107874199748,
            "electronic": 0.065939232707,
            "folkcountry": 0.0583718791604,
            "funksoulrnb": 0.0497149676085,
            "jazz": 0.0414089262486,
            "pop": 0.097643494606,
            "raphiphop": 0.556295275688,
            "rock": 0.0845731943846
        },
        "probability": 0.556295275688,
        "value": "raphiphop"
    },
    "genre_electronic": {
        "all": {
            "ambient": 0.367035061121,
            "dnb": 0.0864511057734,
            "house": 0.39580526948,
            "techno": 0.0333587937057,
            "trance": 0.117349788547
        },
        "probability": 0.39580526948,
        "value": "house"
    },
    "genre_rosamerica": {
        "all": {
            "cla": 0.00113602972124,
            "dan": 0.234704241157,
            "hip": 0.325422853231,
            "jaz": 0.00168122584,
            "pop": 0.0312309470028,
            "rhy": 0.401403844357,
            "roc": 0.00214281189255,
            "spe": 0.00227806158364
        },
        "probability": 0.401403844357,
        "value": "rhy"
    },
    "genre_tzanetakis": {
        "all": {
            "blu": 0.0546932145953,
            "cla": 0.0637942031026,
            "cou": 0.07656262815,
            "dis": 0.0957413613796,
            "hip": 0.0957949608564,
            "jaz": 0.19167034328,
            "met": 0.0767044499516,
            "pop": 0.191725566983,
            "reg": 0.076666623354,
            "roc": 0.076646655798
        },
        "probability": 0.191725566983,
        "value": "pop"
    },
    "ismir04_rhythm": {
        "all": {
            "ChaChaCha": 0.0305288117379,
            "Jive": 0.050052460283,
            "Quickstep": 0.0499333851039,
            "Rumba-American": 0.0109501192346,
            "Rumba-International": 0.158048510551,
            "Rumba-Misc": 0.00425402214751,
            "Samba": 0.672355175018,
            "Tango": 0.013856346719,
            "VienneseWaltz": 0.00459403684363,
            "Waltz": 0.00542715098709
        },
        "probability": 0.672355175018,
        "value": "Samba"
    },
    "mood_acoustic": {
        "all": {
            "acoustic": 0.0977789089084,
            "not_acoustic": 0.902221083641
        },
        "probability": 0.902221083641,
        "value": "not_acoustic"
    },
    "mood_aggressive": {
        "all": {
            "aggressive": 0.0264820232987,
            "not_aggressive": 0.97351795435
        },
        "probability": 0.97351795435,
        "value": "not_aggressive"
    },
    "mood_electronic": {
        "all": {
            "electronic": 0.687629401684,
            "not_electronic": 0.312370598316
        },
        "probability": 0.687629401684,
        "value": "electronic"
    },
    "mood_happy": {
        "all": {
            "happy": 0.0934830084443,
            "not_happy": 0.906516969204
        },
        "probability": 0.906516969204,
        "value": "not_happy"
    },
    "mood_party": {
        "all": {
            "not_party": 0.391097396612,
            "party": 0.60890263319
        },
        "probability": 0.60890263319,
        "value": "party"
    },
    "mood_relaxed": {
        "all": {
            "not_relaxed": 0.809844017029,
            "relaxed": 0.19015596807
        },
        "probability": 0.809844017029,
        "value": "not_relaxed"
    },
    "mood_sad": {
        "all": {
            "not_sad": 0.398938894272,
            "sad": 0.601061105728
        },
        "probability": 0.601061105728,
        "value": "sad"
    },
    "moods_mirex": {
        "all": {
            "Cluster1": 0.154227256775,
            "Cluster2": 0.242192327976,
            "Cluster3": 0.286604642868,
            "Cluster4": 0.272402107716,
            "Cluster5": 0.0445736795664
        },
        "probability": 0.286604642868,
        "value": "Cluster3"
    },
    "timbre": {
        "all": {
            "bright": 0.809068500996,
            "dark": 0.190931499004
        },
        "probability": 0.809068500996,
        "value": "bright"
    },
    "tonal_atonal": {
        "all": {
            "atonal": 0.865875244141,
            "tonal": 0.134124770761
        },
        "probability": 0.865875244141,
        "value": "atonal"
    },
    "voice_instrumental": {
        "all": {
            "instrumental": 0.00841646548361,
            "voice": 0.991583526134
        },
        "probability": 0.991583526134,
        "value": "voice"
    }
},
"lowlevel": {
    "average_loudness": 0.955565452576,
    "barkbands_crest": {
        "dmean": 3.35402536392,
        "dmean2": 5.21889209747,
        "dvar": 9.78743839264,
        "dvar2": 20.8880500793,
        "max": 24.6382904053,
        "mean": 12.036570549,
        "median": 10.8321590424,
        "min": 2.03375911713,
        "var": 29.7019290924
    },
    "barkbands_flatness_db": {
        "dmean": 0.0312514044344,
        "dmean2": 0.0466461069882,
        "dvar": 0.000970911059994,
        "dvar2": 0.00195167248603,
        "max": 0.402305096388,
        "mean": 0.181798964739,
        "median": 0.170700952411,
        "min": 0.0318737365305,
        "var": 0.00472170114517
    },
    "barkbands_kurtosis": {
        "dmean": 6.9666466713,
        "dmean2": 10.7078447342,
        "dvar": 203.224609375,
        "dvar2": 453.633148193,
        "max": 276.471466064,
        "mean": 10.17441082,
        "median": 2.85749769211,
        "min": -1.91516089439,
        "var": 451.721191406
    },
    "barkbands_skewness": {
        "dmean": 0.930801272392,
        "dmean2": 1.35052335262,
        "dvar": 1.07923710346,
        "dvar2": 2.05004405975,
        "max": 13.4139642715,
        "mean": 2.01122093201,
        "median": 1.68697369099,
        "min": -7.56007051468,
        "var": 4.40045690536
    },
    "barkbands_spread": {
        "dmean": 9.67117500305,
        "dmean2": 14.2629489899,
        "dvar": 161.925109863,
        "dvar2": 313.362457275,
        "max": 101.159202576,
        "mean": 24.2148551941,
        "median": 18.0057010651,
        "min": 0.888045608997,
        "var": 400.238555908
    },
    "dissonance": {
        "dmean": 0.0258858483285,
        "dmean2": 0.0413089059293,
        "dvar": 0.000560591986869,
        "dvar2": 0.00137984286994,
        "max": 0.499990284443,
        "mean": 0.451610594988,
        "median": 0.461114168167,
        "min": 0.206332728267,
        "var": 0.00145880586933
    },
    "dynamic_complexity": 2.74466705322,
    "erbbands_crest": {
        "dmean": 3.41521263123,
        "dmean2": 5.49390745163,
        "dvar": 10.0981788635,
        "dvar2": 23.8535194397,
        "max": 31.1127185822,
        "mean": 9.87084007263,
        "median": 8.75709724426,
        "min": 2.5322842598,
        "var": 25.0572986603
    },
    "erbbands_flatness_db": {
        "dmean": 0.0228897593915,
        "dmean2": 0.0323231369257,
        "dvar": 0.000418141949922,
        "dvar2": 0.000798908178695,
        "max": 0.433099538088,
        "mean": 0.175363957882,
        "median": 0.16391594708,
        "min": 0.0663960874081,
        "var": 0.00399812497199
    },
    "erbbands_kurtosis": {
        "dmean": 1.81741857529,
        "dmean2": 2.78381347656,
        "dvar": 8.06140899658,
        "dvar2": 19.1307926178,
        "max": 38.9964179993,
        "mean": 1.19480204582,
        "median": -0.0809841156006,
        "min": -1.82154417038,
        "var": 13.1979169846
    },
    "erbbands_skewness": {
        "dmean": 0.579169213772,
        "dmean2": 0.865410149097,
        "dvar": 0.31525439024,
        "dvar2": 0.673495471478,
        "max": 5.49057817459,
        "mean": 0.443041741848,
        "median": 0.385811030865,
        "min": -5.27216911316,
        "var": 1.26859200001
    },
    "erbbands_spread": {
        "dmean": 13.9981985092,
        "dmean2": 20.9042320251,
        "dvar": 233.240859985,
        "dvar2": 473.920166016,
        "max": 143.579269409,
        "mean": 46.2808227539,
        "median": 41.2083969116,
        "min": 4.11553907394,
        "var": 691.893676758
    },
    "hfc": {
        "dmean": 18.1509151459,
        "dmean2": 28.0274467468,
        "dvar": 1163.31665039,
        "dvar2": 2712.62866211,
        "max": 354.445068359,
        "mean": 28.7742137909,
        "median": 15.5573472977,
        "min": 0.109345890582,
        "var": 1448.94067383
    },
    "melbands_crest": {
        "dmean": 4.08421182632,
        "dmean2": 6.32593393326,
        "dvar": 14.5298814774,
        "dvar2": 31.0118618011,
        "max": 33.3066673279,
        "mean": 17.2377490997,
        "median": 16.4805526733,
        "min": 3.90632724762,
        "var": 49.7457237244
    },
    "melbands_flatness_db": {
        "dmean": 0.0402602367103,
        "dmean2": 0.0568689294159,
        "dvar": 0.00175571348518,
        "dvar2": 0.00303602707572,
        "max": 0.521978437901,
        "mean": 0.221241086721,
        "median": 0.203216508031,
        "min": 0.0268877968192,
        "var": 0.0102793909609
    },
    "melbands_kurtosis": {
        "dmean": 15.8282775879,
        "dmean2": 24.3796482086,
        "dvar": 956.367370605,
        "dvar2": 2026.00268555,
        "max": 638.770019531,
        "mean": 27.3629283905,
        "median": 11.8025312424,
        "min": -1.89229762554,
        "var": 2141.69287109
    },
    "melbands_skewness": {
        "dmean": 1.15872597694,
        "dmean2": 1.74547219276,
        "dvar": 1.60710155964,
        "dvar2": 3.13667488098,
        "max": 19.3620090485,
        "mean": 3.39904332161,
        "median": 2.94133234024,
        "min": -3.05460858345,
        "var": 5.91689062119
    },
    "melbands_spread": {
        "dmean": 13.1526384354,
        "dmean2": 19.8788280487,
        "dvar": 460.528015137,
        "dvar2": 925.877502441,
        "max": 252.972213745,
        "mean": 28.0696048737,
        "median": 16.9891815186,
        "min": 0.544946014881,
        "var": 1083.78833008
    },
    "pitch_salience": {
        "dmean": 0.0941893234849,
        "dmean2": 0.149482801557,
        "dvar": 0.0085140792653,
        "dvar2": 0.0189143586904,
        "max": 0.838470995426,
        "mean": 0.530611693859,
        "median": 0.555450201035,
        "min": 0.162981495261,
        "var": 0.0237474795431
    },
    "silence_rate_20dB": {
        "dmean": 0,
        "dmean2": 0,
        "dvar": 0,
        "dvar2": 0,
        "max": 1,
        "mean": 1,
        "median": 1,
        "min": 1,
        "var": 0
    },
    "silence_rate_30dB": {
        "dmean": 0.0495356023312,
        "dmean2": 0.0991479456425,
        "dvar": 0.0470811203122,
        "dvar2": 0.0893156304955,
        "max": 1,
        "mean": 0.897911846638,
        "median": 1,
        "min": 0,
        "var": 0.091665841639
    },
    "silence_rate_60dB": {
        "dmean": 0.0402476787567,
        "dmean2": 0.0805577039719,
        "dvar": 0.0386278443038,
        "dvar2": 0.0895600914955,
        "max": 1,
        "mean": 0.0734725445509,
        "median": 0,
        "min": 0,
        "var": 0.0680744051933
    },
    "spectral_centroid": {
        "dmean": 390.56161499,
        "dmean2": 576.181640625,
        "dvar": 220040.765625,
        "dvar2": 394403.8125,
        "max": 7075.16162109,
        "mean": 1459.3302002,
        "median": 1117.89697266,
        "min": 194.141403198,
        "var": 962844
    },
    "spectral_complexity": {
        "dmean": 5.08900928497,
        "dmean2": 7.95042610168,
        "dvar": 47.5902900696,
        "dvar2": 93.6906585693,
        "max": 58,
        "mean": 14.6264505386,
        "median": 12,
        "min": 0,
        "var": 108.72416687
    },
    "spectral_decrease": {
        "dmean": 3.47540529688e-09,
        "dmean2": 4.42652314803e-09,
        "dvar": 3.24730329711e-17,
        "dvar2": 4.66871160201e-17,
        "max": -3.527468595e-11,
        "mean": -9.0984384471e-09,
        "median": -4.34385372117e-09,
        "min": -6.34763424046e-08,
        "var": 1.46245519064e-16
    },
    "spectral_energy": {
        "dmean": 0.0143429385498,
        "dmean2": 0.0185479409993,
        "dvar": 0.00047800259199,
        "dvar2": 0.000711957400199,
        "max": 0.241825833917,
        "mean": 0.0369495004416,
        "median": 0.0196526255459,
        "min": 0.000147525352077,
        "var": 0.00211359327659
    },
    "spectral_energyband_high": {
        "dmean": 0.00167673476972,
        "dmean2": 0.00259207747877,
        "dvar": 1.21150414998e-05,
        "dvar2": 2.69851807388e-05,
        "max": 0.0436034873128,
        "mean": 0.00218190904707,
        "median": 0.000611047435086,
        "min": 2.7018964488e-07,
        "var": 1.61099123943e-05
    },
    "spectral_energyband_low": {
        "dmean": 0.0100119523704,
        "dmean2": 0.0131577532738,
        "dvar": 0.000571531883907,
        "dvar2": 0.00101394439116,
        "max": 0.227920696139,
        "mean": 0.0212499182671,
        "median": 0.000699319294654,
        "min": 3.11041958412e-07,
        "var": 0.00185411109123
    },
    "spectral_energyband_middle_high": {
        "dmean": 0.00232039391994,
        "dmean2": 0.00386750907637,
        "dvar": 1.98730303964e-05,
        "dvar2": 5.39285101695e-05,
        "max": 0.0341306962073,
        "mean": 0.00368404504843,
        "median": 0.00178025185596,
        "min": 1.73156440724e-05,
        "var": 2.44387720159e-05
    },
    "spectral_energyband_middle_low": {
        "dmean": 0.005657131318,
        "dmean2": 0.00957306846976,
        "dvar": 0.000121827208204,
        "dvar2": 0.000345526117599,
        "max": 0.0932800471783,
        "mean": 0.0105494894087,
        "median": 0.00810929946601,
        "min": 7.09102969267e-05,
        "var": 0.000121750679682
    },
    "spectral_entropy": {
        "dmean": 0.268328607082,
        "dmean2": 0.380409032106,
        "dvar": 0.0818811133504,
        "dvar2": 0.160492405295,
        "max": 8.87823009491,
        "mean": 7.52053594589,
        "median": 7.54163169861,
        "min": 5.88960933685,
        "var": 0.274192839861
    },
    "spectral_flux": {
        "dmean": 0.0385164357722,
        "dmean2": 0.0570934675634,
        "dvar": 0.00270114233717,
        "dvar2": 0.00427911058068,
        "max": 0.501294672489,
        "mean": 0.0975913405418,
        "median": 0.0789070501924,
        "min": 0.00860748998821,
        "var": 0.0056200446561
    },
    "spectral_kurtosis": {
        "dmean": 2.48740124702,
        "dmean2": 4.09165716171,
        "dvar": 26.9620323181,
        "dvar2": 77.8149337769,
        "max": 73.0641708374,
        "mean": 4.60629224777,
        "median": 2.60468912125,
        "min": -1.0033826828,
        "var": 60.1711807251
    },
    "spectral_rms": {
        "dmean": 0.00110494671389,
        "dmean2": 0.00145555345807,
        "dvar": 1.76992398337e-06,
        "dvar2": 2.60915476247e-06,
        "max": 0.015359936282,
        "mean": 0.00514317303896,
        "median": 0.00437873182818,
        "min": 0.000379377335776,
        "var": 9.59610042628e-06
    },
    "spectral_rolloff": {
        "dmean": 1163.92712402,
        "dmean2": 1888.5333252,
        "dvar": 4438859.5,
        "dvar2": 8239708.5,
        "max": 12812.2558594,
        "mean": 2335.22949219,
        "median": 1119.7265625,
        "min": 64.599609375,
        "var": 8543994
    },
    "spectral_skewness": {
        "dmean": 0.336784541607,
        "dmean2": 0.523197472095,
        "dvar": 0.159363761544,
        "dvar2": 0.424068450928,
        "max": 6.16075277328,
        "mean": 1.44824743271,
        "median": 1.3391392231,
        "min": -0.17465479672,
        "var": 0.435453504324
    },
    "spectral_spread": {
        "dmean": 881566.125,
        "dmean2": 1231893.875,
        "dvar": 1.17384491827e+12,
        "dvar2": 2.04119749427e+12,
        "max": 14014677,
        "mean": 5518255,
        "median": 5280426.5,
        "min": 900587.125,
        "var": 5.78075230208e+12
    },
    "spectral_strongpeak": {
        "dmean": 0.529969215393,
        "dmean2": 0.896854281425,
        "dvar": 0.96814852953,
        "dvar2": 2.84732604027,
        "max": 10.7045593262,
        "mean": 0.951880395412,
        "median": 0.624295413494,
        "min": 0.00535418651998,
        "var": 1.27370595932
    },
    "zerocrossingrate": {
        "dmean": 0.0226748436689,
        "dmean2": 0.0256485715508,
        "dvar": 0.000815370236523,
        "dvar2": 0.000911125738639,
        "max": 0.3994140625,
        "mean": 0.0814965218306,
        "median": 0.064453125,
        "min": 0.001953125,
        "var": 0.00454486254603
    },
    "barkbands": {
        "dmean": [0.000599598803092, 0.00889374874532, 0.00272365682758, 0.00121197057888, 0.00236549437977, 0.000778276938945, 0.00163410953246, 0.000794174789917, 0.000817859487142, 0.000445838464657, 0.000384906830732, 0.00035930541344, 0.000448427046649, 0.000304662069539, 0.000231553014601, 0.000168018290424, 0.000160789772053, 0.000273165904218, 0.000272875768133, 0.00022817797435, 0.000262930931058, 0.000285351095954, 0.000228570803301, 0.000359753146768, 0.000389537104638, 0.000232500970014, 4.4128199761e-08],
        "dmean2": [0.000773216481321, 0.012114203535, 0.00482747377828, 0.00218288879842, 0.00401895074174, 0.00133991846815, 0.00252954219468, 0.0012874994427, 0.00128856464289, 0.000759609974921, 0.000696487317327, 0.000598970451392, 0.000773923122324, 0.000490948674269, 0.000393405614886, 0.000274328922387, 0.000261305482127, 0.000444698467618, 0.000434499350376, 0.000355677912012, 0.000408277002862, 0.000461880903458, 0.000363094877684, 0.000533809536137, 0.000616714882199, 0.000387366017094, 7.70369865677e-08],
        "dvar": [1.98722159439e-06, 0.000534146442078, 8.55974431033e-05, 1.44554915096e-05, 3.57887147402e-05, 2.13891598833e-06, 8.62232627696e-06, 2.22475750888e-06, 2.24781183533e-06, 8.01637327186e-07, 8.96827941688e-07, 5.70290183077e-07, 1.03172192212e-06, 4.60702153759e-07, 2.4185357006e-07, 1.30810221322e-07, 2.11461568256e-07, 4.09304789173e-07, 4.01919351134e-07, 1.87757649428e-07, 2.96954084433e-07, 5.07321658461e-07, 5.01657211771e-07, 7.48673585349e-07, 1.10554560706e-06, 5.49603498712e-07, 4.26453069093e-14],
        "dvar2": [3.54140638592e-06, 0.00103483244311, 0.0002449460153, 4.2421019316e-05, 0.000103830505395, 5.82219126954e-06, 1.99499845621e-05, 5.56988607059e-06, 5.55170481675e-06, 2.16368152905e-06, 2.55871850641e-06, 1.56733074164e-06, 2.81003781311e-06, 1.0889935993e-06, 6.41299436666e-07, 3.19400498938e-07, 4.9739185215e-07, 1.02798628632e-06, 1.03421496078e-06, 4.19316222633e-07, 6.75212334045e-07, 1.28543888422e-06, 9.92165837488e-07, 1.49216259615e-06, 2.75114734904e-06, 1.3980222775e-06, 1.10026550859e-13],
        "max": [0.0161482766271, 0.201015144587, 0.0716420263052, 0.0326610654593, 0.0678473114967, 0.0181333310902, 0.0596184395254, 0.01811257191, 0.0196038670838, 0.00980475731194, 0.00738988816738, 0.0131369736046, 0.00947998743504, 0.0154586862773, 0.00735258683562, 0.00425554811954, 0.00971996225417, 0.00965723861009, 0.0105779971927, 0.0060122795403, 0.0115388892591, 0.00637272233143, 0.0155692575499, 0.0139755858108, 0.0114076845348, 0.00557294720784, 3.1400120406e-06],
        "mean": [0.00105727149639, 0.0166091695428, 0.00294645968825, 0.00129664118867, 0.00356689677574, 0.000913361669518, 0.00242602149956, 0.00107069732621, 0.00115422834642, 0.000514452869538, 0.000334477517754, 0.000433092965977, 0.000477984227473, 0.000435405556345, 0.000267254537903, 0.000223762661335, 0.000187232508324, 0.000341508217389, 0.000385759078199, 0.000316828198265, 0.000362215039786, 0.000305961293634, 0.000270706223091, 0.00047222035937, 0.000391639478039, 0.000188223435543, 3.04769542936e-08],
        "median": [8.52690573083e-06, 0.000201600429136, 0.000267810304649, 0.000107484840555, 0.0018984779017, 0.000403525395086, 0.000939662219025, 0.000279775704257, 0.000350850576069, 0.000143343087984, 8.00075067673e-05, 0.00012858757691, 8.60729269334e-05, 0.000111949571874, 6.20372302365e-05, 4.80273265566e-05, 4.76870627608e-05, 8.25204260764e-05, 9.04496700969e-05, 8.41221917653e-05, 8.79109429661e-05, 5.35247963853e-05, 5.4095453379e-05, 0.000118584925076, 6.04879787716e-05, 7.02568286215e-06, 5.47271339357e-10],
        "min": [6.77823908113e-10, 4.81162345523e-08, 4.7927137814e-08, 2.28881944508e-08, 4.98321128362e-07, 1.91584081222e-06, 1.61956313605e-06, 7.21724632058e-07, 8.83609800439e-07, 5.44161764537e-07, 3.04754195213e-07, 6.86652981585e-07, 6.11573739207e-07, 4.01135110906e-07, 3.19197226872e-07, 3.15994071798e-07, 5.00546775584e-07, 4.92650372053e-07, 2.99255987102e-07, 2.72494048659e-07, 4.43763212843e-08, 1.17426264268e-08, 2.84471224354e-10, 5.54341746117e-11, 6.9386584152e-12, 8.56764745955e-12, 1.06261926341e-11],
        "var": [7.02408897268e-06, 0.00138326582965, 5.76838247071e-05, 1.02351987152e-05, 3.17528283631e-05, 2.16559101318e-06, 1.82799558388e-05, 4.15048180002e-06, 4.22147149948e-06, 8.97860502391e-07, 6.05817945143e-07, 7.2700754572e-07, 1.19081585126e-06, 1.29127352011e-06, 3.33421269261e-07, 2.48965392302e-07, 2.34274779132e-07, 5.60503679026e-07, 7.98242297151e-07, 3.53254051788e-07, 5.44278805137e-07, 4.9690203241e-07, 6.622070714e-07, 1.24500377296e-06, 1.09973984763e-06, 4.53343005802e-07, 3.05644554533e-14]
    },
    "erbbands": {
        "dmean": [0.360623985529, 1.94717884064, 3.22463083267, 3.58577656746, 6.28371763229, 8.63822937012, 5.79018783569, 7.42141675949, 26.7761077881, 13.4876852036, 19.9009189606, 15.3543787003, 12.0456829071, 14.888589859, 12.5558919907, 15.4109239578, 20.2547473907, 14.8061904907, 13.3532552719, 10.97585392, 8.64627170563, 9.15956115723, 12.315952301, 16.4055938721, 10.2257289886, 10.2394075394, 11.0530805588, 10.0546035767, 9.94185352325, 8.56923866272, 6.80184698105, 6.58930015564, 6.73143529892, 5.16200208664, 2.26976037025, 1.22901785374, 0.39191532135, 0.0351459383965, 0.000651014386676, 5.010521636e-05],
        "dmean2": [0.43705162406, 2.947514534, 5.72772836685, 6.36927843094, 10.5926799774, 14.8954267502, 10.1554965973, 12.5310792923, 41.8497962952, 21.9328765869, 32.1449661255, 24.3918399811, 20.2625160217, 26.076675415, 22.3960075378, 25.7954826355, 35.346206665, 25.0671787262, 21.7195587158, 18.5370731354, 13.8543796539, 14.8073606491, 20.0495471954, 25.2245388031, 15.9338006973, 15.907286644, 17.3379840851, 15.8197393417, 16.0236568451, 13.5652065277, 10.7626743317, 10.1362962723, 10.1728057861, 8.33734226227, 3.66778612137, 2.06934714317, 0.649105787277, 0.0586595535278, 0.00108044815715, 7.68320751376e-05],
        "dvar": [0.722087562084, 30.9870681763, 122.472572327, 132.138565063, 236.645370483, 561.411071777, 262.74899292, 152.607192993, 2499.703125, 814.183044434, 1188.03442383, 796.759277344, 587.88494873, 1248.1003418, 922.447631836, 1027.74035645, 2125.68530273, 1037.94030762, 743.890808105, 540.808410645, 390.626251221, 503.815551758, 851.741943359, 1500.62084961, 516.107849121, 367.693481445, 531.074707031, 426.570678711, 593.6171875, 541.736022949, 542.767578125, 351.440185547, 309.808013916, 181.505279541, 45.8713340759, 16.4449596405, 1.52454304695, 0.0131192617118, 4.26299948231e-06, 1.2174277586e-08],
        "dvar2": [0.961839735508, 75.5490112305, 343.961914062, 377.685699463, 694.070922852, 1633.46496582, 746.288574219, 405.276062012, 5667.60742188, 2017.74645996, 2906.65625, 1973.07702637, 1641.27966309, 3523.67285156, 2601.08569336, 2805.37695312, 5905.22363281, 2768.05419922, 1741.92773438, 1416.3795166, 887.246520996, 1258.23193359, 2221.00195312, 3705.05419922, 1251.88537598, 832.850524902, 1232.37133789, 930.651733398, 1502.56530762, 1238.73254395, 1180.89440918, 714.317932129, 657.247314453, 440.071685791, 115.139533997, 42.7278862, 3.88447284698, 0.0330702885985, 1.07023579403e-05, 3.00598514968e-08],
        "max": [9.60017204285, 47.0482215881, 91.1436462402, 92.1711730957, 151.051986694, 260.66394043, 155.108276367, 122.971359253, 1067.29309082, 517.56427002, 353.125213623, 375.227172852, 249.807067871, 317.457397461, 279.479888916, 509.163635254, 437.168945312, 447.264526367, 553.30090332, 325.883361816, 298.701019287, 329.434387207, 338.096191406, 691.753417969, 292.698120117, 195.352767944, 484.517822266, 294.687805176, 220.819519043, 273.709075928, 573.63293457, 459.952575684, 327.476745605, 138.005157471, 73.892364502, 35.4914321899, 9.3644285202, 0.929394125938, 0.0156671144068, 0.000773652282078],
        "mean": [0.706860005856, 2.80907201767, 3.6151638031, 4.1353726387, 9.63447093964, 11.3246965408, 7.03677082062, 9.53545665741, 39.826374054, 18.5387229919, 29.70495224, 21.8080921173, 15.4835271835, 14.8260393143, 12.8210439682, 18.7559680939, 22.0591926575, 18.5013465881, 19.9804573059, 13.7753286362, 12.1003780365, 11.3933324814, 15.9008798599, 25.6236286163, 14.0618581772, 14.4839487076, 15.0328598022, 14.6388864517, 11.026506424, 8.89234638214, 7.91700744629, 8.66087245941, 8.16773986816, 5.39800643921, 2.22728466988, 0.991587519646, 0.316913247108, 0.0275653060526, 0.000546343799215, 7.42214542697e-05],
        "median": [0.00394346518442, 0.0433391593397, 0.304264515638, 0.568874418736, 3.81619119644, 4.99881267548, 1.90997242928, 4.46922445297, 14.0814390182, 6.60460042953, 10.0382375717, 7.5113325119, 5.36619186401, 3.59056854248, 4.27542304993, 5.7017698288, 4.7689371109, 5.50277280807, 5.40273761749, 3.51840424538, 2.80957794189, 3.16245126724, 4.29261732101, 5.38295841217, 3.90232920647, 3.81642341614, 3.3379445076, 3.56725597382, 2.18192410469, 1.24467086792, 1.61882042885, 2.70413017273, 1.68797636032, 0.819192647934, 0.314638406038, 0.0695747286081, 0.00746092619374, 0.000352119765012, 4.24022073275e-05, 3.15745637636e-05],
        "min": [4.61111199002e-07, 1.81370214705e-05, 6.00431158091e-05, 0.000423362769652, 0.00104168581311, 0.00156879785936, 0.00461678626016, 0.0226055905223, 0.0290965512395, 0.0560000687838, 0.0148488832638, 0.022765988484, 0.0213015899062, 0.0192810725421, 0.0231818947941, 0.0349097363651, 0.0257047023624, 0.0171859115362, 0.0285701286048, 0.0226121284068, 0.0251862872392, 0.0296710263938, 0.0652138218284, 0.0328111834824, 0.0111758913845, 0.0136187588796, 0.00706479465589, 0.000864721485414, 0.000605828361586, 9.19695012271e-05, 1.89541642612e-05, 6.66569121677e-06, 3.67165921489e-06, 1.99450323635e-06, 1.59829926361e-06, 9.83329869086e-07, 4.78801041481e-07, 1.00610229481e-07, 1.23453318679e-07, 2.04152129868e-07],
        "var": [2.72723960876, 44.7481918335, 87.9002532959, 95.4001998901, 231.787902832, 440.25668335, 216.710601807, 185.836853027, 5544.38769531, 1137.26159668, 2438.32519531, 1395.4362793, 738.12701416, 991.431762695, 684.954711914, 1291.3560791, 2354.92944336, 1550.50048828, 2034.55004883, 749.34954834, 751.082397461, 593.953491211, 1076.09411621, 3674.43725586, 786.420349121, 662.255432129, 864.897827148, 896.159423828, 590.16986084, 625.725280762, 627.025878906, 499.89666748, 472.921203613, 195.128158569, 43.8287124634, 12.8326063156, 1.29773151875, 0.0107831498608, 3.56890450348e-06, 1.24330190587e-08]
    },
    "gfcc": {
        "mean": [-22.535446167, 77.6023864746, -117.517425537, 29.7481365204, -75.0999526978, 11.2343082428, -43.7872505188, 11.6720600128, -24.5249671936, 6.25793266296, -9.19285297394, -8.14093589783, -10.257361412],
        "cov": [[7221.56494141, -2726.43286133, 1634.0793457, 1091.58886719, -650.31048584, 919.402587891, -508.870452881, 453.852325439, -449.276123047, 227.661239624, -366.444763184, 157.259811401, -69.4289169312], [-2726.43286133, 4043.98413086, -466.203643799, -268.156829834, 1441.3145752, -10.845700264, 995.50592041, -221.205200195, 625.584533691, -325.079101562, 406.917907715, -172.00970459, 125.233360291], [1634.0793457, -466.203643799, 2150.46606445, 744.036437988, -80.4689941406, 478.377624512, -209.454788208, 155.652496338, -174.162750244, 5.15027618408, -12.5318279266, 83.6574325562, -80.4893188477], [1091.58886719, -268.156829834, 744.036437988, 979.602355957, 123.502349854, 305.963104248, 22.3341636658, 160.019851685, 61.7399673462, 6.5048828125, 44.582157135, 29.175239563, 71.2575149536], [-650.31048584, 1441.3145752, -80.4689941406, 123.502349854, 976.739074707, 93.6958847046, 566.219116211, 33.6533164978, 350.760070801, -1.5131418705, 192.57951355, 48.9937515259, 59.6418457031], [919.402587891, -10.845700264, 478.377624512, 305.963104248, 93.6958847046, 523.98449707, 157.324050903, 80.4542160034, 7.26616334915, 31.5296936035, 34.0666313171, -10.2196054459, 23.2355995178], [-508.870452881, 995.50592041, -209.454788208, 22.3341636658, 566.219116211, 157.324050903, 628.696228027, 21.1275348663, 245.93548584, 23.957698822, 169.297241211, 48.1914749146, 61.6868896484], [453.852325439, -221.205200195, 155.652496338, 160.019851685, 33.6533164978, 80.4542160034, 21.1275348663, 231.325805664, 34.4388618469, 73.9039154053, 13.052233696, 22.1643180847, 38.7017860413], [-449.276123047, 625.584533691, -174.162750244, 61.7399673462, 350.760070801, 7.26616334915, 245.93548584, 34.4388618469, 330.410858154, 10.8358449936, 111.358901978, -3.90685629845, 17.6783313751], [227.661239624, -325.079101562, 5.15027618408, 6.5048828125, -1.5131418705, 31.5296936035, 23.957698822, 73.9039154053, 10.8358449936, 203.841445923, 7.89173603058, 59.7700767517, 1.19857549667], [-366.444763184, 406.917907715, -12.5318279266, 44.582157135, 192.57951355, 34.0666313171, 169.297241211, 13.052233696, 111.358901978, 7.89173603058, 185.670394897, 16.7340869904, 50.1107826233], [157.259811401, -172.00970459, 83.6574325562, 29.175239563, 48.9937515259, -10.2196054459, 48.1914749146, 22.1643180847, -3.90685629845, 59.7700767517, 16.7340869904, 155.067733765, -13.3916912079], [-69.4289169312, 125.233360291, -80.4893188477, 71.2575149536, 59.6418457031, 23.2355995178, 61.6868896484, 38.7017860413, 17.6783313751, 1.19857549667, 50.1107826233, -13.3916912079, 139.85105896]],
        "icov": [[0.000320321792969, 0.000114015412692, -6.19569664195e-06, -0.000137167342473, -7.43253986002e-05, -0.000494545442052, 0.000135221504024, -0.00029362438363, 0.000115878683573, 3.96448449465e-05, 0.000409092754126, -0.000228399527259, 7.52819832996e-05], [0.000114015412692, 0.00145880877972, -0.000366818509065, 0.000604751228821, -0.00141329946928, 0.000221405163757, -0.000874104094692, 0.000785750802606, -0.000630252994597, 0.00155123195145, -0.000651712878607, 0.00161354558077, -0.000580524734687], [-6.19569664195e-06, -0.000366818509065, 0.00107044645119, -0.000675384129863, 6.84986953274e-05, -0.000817519554403, 0.000869314535521, -0.000548038748093, 0.000774309097324, -0.000124886733829, -0.000319136801409, -0.000922197359614, 0.00108967348933], [-0.000137167342473, 0.000604751228821, -0.000675384129863, 0.00216854014434, -0.00071600265801, -0.000196436900296, -9.15842465474e-05, 3.01519903587e-05, -0.00109805620741, 0.00102561234962, -0.000345353211742, 0.00049432751257, -0.00143213372212], [-7.43253986002e-05, -0.00141329946928, 6.84986953274e-05, -0.00071600265801, 0.00409670593217, 0.000171222389326, -0.0011418525828, -0.000698854506481, -0.000887565256562, -0.00120170903392, 0.000607915746514, -0.00182309851516, 0.000284517736873], [-0.000494545442052, 0.000221405163757, -0.000817519554403, -0.000196436900296, 0.000171222389326, 0.00434042746201, -0.00230917800218, 0.000483554904349, 0.000149017141666, -0.000286423310172, -0.000565125490539, 0.00225296220742, -0.000321779109072], [0.000135221504024, -0.000874104094692, 0.000869314535521, -9.15842465474e-05, -0.0011418525828, -0.00230917800218, 0.0055114030838, -0.000566853792407, -0.000227673284826, -0.000863279914483, -0.00072018726496, -0.00257342099212, 4.11325636378e-05], [-0.00029362438363, 0.000785750802606, -0.000548038748093, 3.01519903587e-05, -0.000698854506481, 0.000483554904349, -0.000566853792407, 0.00684206327423, -0.00149274140131, -0.00113404064905, -0.000236030246015, 0.00114406854846, -0.00221334258094], [0.000115878683573, -0.000630252994597, 0.000774309097324, -0.00109805620741, -0.000887565256562, 0.000149017141666, -0.000227673284826, -0.00149274140131, 0.00666938535869, -0.00102684344165, -0.00146829523146, 0.000461487274151, 0.00223034992814], [3.96448449465e-05, 0.00155123195145, -0.000124886733829, 0.00102561234962, -0.00120170903392, -0.000286423310172, -0.000863279914483, -0.00113404064905, -0.00102684344165, 0.00816990621388, -0.000972817186266, -0.000756067340262, -0.000373211863916], [0.000409092754126, -0.000651712878607, -0.000319136801409, -0.000345353211742, 0.000607915746514, -0.000565125490539, -0.00072018726496, -0.000236030246015, -0.00146829523146, -0.000972817186266, 0.00956031586975, -0.00177381921094, -0.00240492052399], [-0.000228399527259, 0.00161354558077, -0.000922197359614, 0.00049432751257, -0.00182309851516, 0.00225296220742, -0.00257342099212, 0.00114406854846, 0.000461487274151, -0.000756067340262, -0.00177381921094, 0.0107728019357, 0.000496066291817], [7.52819832996e-05, -0.000580524734687, 0.00108967348933, -0.00143213372212, 0.000284517736873, -0.000321779109072, 4.11325636378e-05, -0.00221334258094, 0.00223034992814, -0.000373211863916, -0.00240492052399, 0.000496066291817, 0.0102215157822]]
    },
    "melbands": {
        "dmean": [0.0026883110404, 0.00188095169142, 0.00067755713826, 0.000557090796065, 0.000235527477344, 0.000187842961168, 0.000364957522834, 0.000145509693539, 0.00018038903363, 9.05721608433e-05, 6.25882894383e-05, 6.16252145846e-05, 4.69012593385e-05, 2.97440637951e-05, 5.53371974092e-05, 4.25521757279e-05, 2.72261804639e-05, 2.43257127295e-05, 1.8796963559e-05, 1.19738588182e-05, 1.09120646812e-05, 9.88236388366e-06, 9.56091025728e-06, 1.26141367218e-05, 1.45970097947e-05, 8.80433617567e-06, 7.00181362845e-06, 7.23820585335e-06, 7.72952716943e-06, 6.20363834969e-06, 6.01989631832e-06, 5.89070941714e-06, 5.36811830898e-06, 4.60328737972e-06, 4.47352340416e-06, 3.22749588122e-06, 4.50411016573e-06, 4.78854371977e-06, 5.36047718924e-06, 4.11146993429e-06],
        "dmean2": [0.00347768748179, 0.00309543032199, 0.0011956715025, 0.000941618229263, 0.000411617627833, 0.000312504766043, 0.000570066971704, 0.00023875979241, 0.000287758361083, 0.000144107296364, 0.000105011713458, 0.000107344247226, 8.46223774715e-05, 4.973133764e-05, 9.38203374972e-05, 7.30501415092e-05, 4.60298761027e-05, 3.8944548578e-05, 3.18903621519e-05, 1.96162473003e-05, 1.70922558027e-05, 1.60215913638e-05, 1.59433475346e-05, 2.02015362447e-05, 2.25175681408e-05, 1.39941148518e-05, 1.10796081572e-05, 1.1284509128e-05, 1.23769859783e-05, 9.83094923868e-06, 9.46766340348e-06, 9.51496076596e-06, 8.60824184201e-06, 7.26206098989e-06, 7.0952560236e-06, 5.14376597494e-06, 7.01002545611e-06, 7.36126503398e-06, 8.15914881969e-06, 6.73642443871e-06],
        "dvar": [4.36252194049e-05, 3.43923311448e-05, 4.2895135266e-06, 2.02476076083e-06, 4.56742498045e-07, 9.10343445071e-08, 4.40870763896e-07, 9.3949104496e-08, 9.58274952723e-08, 2.74160676383e-08, 1.53005768055e-08, 2.0008430468e-08, 1.37260744992e-08, 3.23303428473e-09, 1.60485598144e-08, 1.08589972569e-08, 3.86047327439e-09, 3.04906433435e-09, 1.72117997632e-09, 7.09371839047e-10, 7.9237993944e-10, 6.47993547709e-10, 6.55905940672e-10, 7.47858663885e-10, 1.36446398624e-09, 4.13005879496e-10, 2.66953098516e-10, 1.93708299401e-10, 2.64598204458e-10, 1.91223134549e-10, 1.52257262354e-10, 1.88903087617e-10, 2.20136978091e-10, 1.51805359949e-10, 2.50810511249e-10, 1.13207276886e-10, 1.4875074783e-10, 1.80476272815e-10, 1.9429617637e-10, 1.17390042131e-10],
        "dvar2": [6.85280319885e-05, 9.14554620977e-05, 1.2302192772e-05, 5.84138342674e-06, 1.31331319153e-06, 2.33379878978e-07, 1.00744796327e-06, 2.31973402265e-07, 2.36239799278e-07, 6.67236932372e-08, 4.24213837391e-08, 5.58653781013e-08, 3.89367400544e-08, 8.66304805669e-09, 4.44436167868e-08, 3.01178353368e-08, 1.00446522211e-08, 6.82049305922e-09, 4.51176207505e-09, 1.68360780872e-09, 1.71523939496e-09, 1.53363333144e-09, 1.76309611355e-09, 1.80070214295e-09, 3.42805028808e-09, 1.05174391418e-09, 5.99096938725e-10, 4.41118391814e-10, 6.33153363072e-10, 4.50511183914e-10, 3.30774602153e-10, 4.82499207255e-10, 5.42528522107e-10, 3.3475491823e-10, 5.69739921907e-10, 2.29802885054e-10, 3.01842356665e-10, 4.08836658972e-10, 4.36443714502e-10, 2.92160157178e-10],
        "max": [0.0652673169971, 0.0550186447799, 0.0171155165881, 0.0174696352333, 0.00652394257486, 0.00382823683321, 0.0138113815337, 0.0046147168614, 0.00290327821858, 0.00239554210566, 0.00123270240147, 0.00130826910026, 0.00098150386475, 0.000668507767841, 0.00219390261918, 0.0012732737232, 0.00114140985534, 0.00113680399954, 0.000740336661693, 0.000384884071536, 0.000495474785566, 0.000503978517372, 0.000297679769574, 0.000355421158019, 0.000686881307047, 0.000324967200868, 0.000360294361599, 0.0001473317825, 0.000301843625493, 0.000303284265101, 0.000175212335307, 0.000126365892356, 0.000132974455482, 0.000179637019755, 0.000387577863876, 0.000264097994659, 0.000276475737337, 0.000252337544225, 0.000184119489859, 0.000127502018586],
        "mean": [0.00530637148768, 0.00247291778214, 0.000845775823109, 0.000855829217471, 0.000281343061943, 0.000249941978836, 0.000541732995771, 0.0001901795913, 0.000267458934104, 0.000125379097881, 7.813800039e-05, 6.24999811407e-05, 4.29923093179e-05, 3.59180812666e-05, 6.51571972412e-05, 4.29230276495e-05, 3.37410965585e-05, 3.61587008229e-05, 2.20567708311e-05, 1.53735054482e-05, 1.37653223646e-05, 1.19380692922e-05, 1.06549832708e-05, 1.71053416125e-05, 2.20932015509e-05, 1.14087297334e-05, 9.09663049242e-06, 9.85637507256e-06, 9.97171355266e-06, 8.13994483906e-06, 8.69347877597e-06, 6.58528051645e-06, 5.06807782585e-06, 4.82680798086e-06, 4.90893762617e-06, 3.91173398384e-06, 5.80864161748e-06, 5.61620663575e-06, 5.75651301915e-06, 4.12435565522e-06],
        "median": [5.55026126676e-05, 0.000142625809531, 0.000218996370677, 0.000451221683761, 7.45935103623e-05, 0.000119455420645, 0.000207146833418, 4.08735650126e-05, 9.00032246136e-05, 4.06900689995e-05, 2.49258409895e-05, 1.53034088726e-05, 1.2068649994e-05, 1.23448471641e-05, 1.56311070896e-05, 6.75917226545e-06, 9.61267687671e-06, 8.66104164743e-06, 4.98873851029e-06, 2.79928940472e-06, 2.90097955258e-06, 2.9971188269e-06, 3.05057369587e-06, 4.2330711949e-06, 4.20665583079e-06, 2.73678392659e-06, 2.32234265241e-06, 2.38327675106e-06, 2.05940045817e-06, 1.86651027434e-06, 1.98097131943e-06, 1.31042611429e-06, 4.90879187964e-07, 6.3002147499e-07, 8.6149583467e-07, 1.04214529983e-06, 1.74115223217e-06, 1.13254691314e-06, 8.11014501778e-07, 5.9249248352e-07],
        "min": [9.05319375022e-09, 3.21435678075e-08, 9.61811821298e-08, 1.41468376569e-07, 5.45741336566e-08, 5.39060806659e-07, 3.175982215e-07, 3.53674010967e-07, 8.15941021415e-08, 1.67863561273e-07, 1.07480929046e-07, 7.37825871511e-08, 6.02965926078e-08, 8.6630336682e-08, 3.75779798389e-08, 5.53326664487e-08, 2.8684134179e-08, 2.96203861438e-08, 2.65593698145e-08, 2.32777850329e-08, 2.51681537833e-08, 3.03127691836e-08, 2.39590018936e-08, 2.09072368307e-08, 2.46816327376e-08, 8.30309421218e-09, 4.92283636078e-09, 8.87152662443e-09, 5.92583582204e-09, 4.97818231082e-10, 2.70957006832e-10, 2.55568594065e-10, 3.47931163047e-11, 8.58808770626e-12, 1.99142612123e-12, 8.61213444309e-13, 7.22706887824e-13, 8.83159512318e-14, 7.03290168615e-14, 6.63288664987e-14],
