{
"highlevel": {
    "danceability": {
        "all": {
            "danceable": 0.201382175088,
            "not_danceable": 0.798617839813
        },
        "probability": 0.798617839813,
        "value": "not_danceable"
    },
    "gender": {
        "all": {
            "female": 0.364293605089,
            "male": 0.635706365108
        },
        "probability": 0.635706365108,
        "value": "male"
    },
    "genre_dortmund": {
        "all": {
            "alternative": 0.0465468242764,
            "blues": 0.0728547200561,
            "electronic": 0.0454034097493,
            "folkcountry": 0.207805424929,
            "funksoulrnb": 0.0176014471799,
            "jazz": 0.486729085445,
            "pop": 0.0780443772674,
            "raphiphop": 0.0104629583657,
            "rock": 0.034551769495
        },
        "probability": 0.486729085445,
        "value": "jazz"
    },
    "genre_electronic": {
        "all": {
            "ambient": 0.922268092632,
            "dnb": 0.0102177988738,
            "house": 0.0500571280718,
            "techno": 0.0124159315601,
            "trance": 0.00504106096923
        },
        "probability": 0.922268092632,
        "value": "ambient"
    },
    "genre_rosamerica": {
        "all": {
            "cla": 0.11396496743,
            "dan": 0.0112306587398,
            "hip": 0.0173988565803,
            "jaz": 0.321608692408,
            "pop": 0.112009964883,
            "rhy": 0.345829755068,
            "roc": 0.0122428052127,
            "spe": 0.06571431458
        },
        "probability": 0.345829755068,
        "value": "rhy"
    },
    "genre_tzanetakis": {
        "all": {
            "blu": 1.69366931368e-14,
            "cla": 1.09051070447e-14,
            "cou": 2.16908451243e-14,
            "dis": 2.15938835687e-14,
            "hip": 4.29717195258e-14,
            "jaz": 0.999999940395,
            "met": 2.0000017642e-08,
            "pop": 2.0000017642e-08,
            "reg": 1.66666822565e-08,
            "roc": 2.50000233848e-08
        },
        "probability": 0.999999940395,
        "value": "jaz"
    },
    "ismir04_rhythm": {
        "all": {
            "ChaChaCha": 0.00892334524542,
            "Jive": 0.00402475940064,
            "Quickstep": 0.0170033350587,
            "Rumba-American": 0.0217954758555,
            "Rumba-International": 0.464417397976,
            "Rumba-Misc": 0.0308336913586,
            "Samba": 0.00577288679779,
            "Tango": 0.0108092231676,
            "VienneseWaltz": 0.275752723217,
            "Waltz": 0.160667151213
        },
        "probability": 0.464417397976,
        "value": "Rumba-International"
    },
    "mood_acoustic": {
        "all": {
            "acoustic": 0.982292950153,
            "not_acoustic": 0.017707021907
        },
        "probability": 0.982292950153,
        "value": "acoustic"
    },
    "mood_aggressive": {
        "all": {
            "aggressive": 0.0130868703127,
            "not_aggressive": 0.986913144588
        },
        "probability": 0.986913144588,
        "value": "not_aggressive"
    },
    "mood_electronic": {
        "all": {
            "electronic": 0.0129801444709,
            "not_electronic": 0.987019836903
        },
        "probability": 0.987019836903,
        "value": "not_electronic"
    },
    "mood_happy": {
        "all": {
            "happy": 0.218116179109,
            "not_happy": 0.781883835793
        },
        "probability": 0.781883835793,
        "value": "not_happy"
    },
    "mood_party": {
        "all": {
            "not_party": 0.992755353451,
            "party": 0.0072446167469
        },
        "probability": 0.992755353451,
        "value": "not_party"
    },
    "mood_relaxed": {
        "all": {
            "not_relaxed": 0.00986518058926,
            "relaxed": 0.990134835243
        },
        "probability": 0.990134835243,
        "value": "relaxed"
    },
    "mood_sad": {
        "all": {
            "not_sad": 0.105054095387,
            "sad": 0.894945919514
        },
        "probability": 0.894945919514,
        "value": "sad"
    },
    "moods_mirex": {
        "all": {
            "Cluster1": 0.0663376450539,
            "Cluster2": 0.341146677732,
            "Cluster3": 0.430586665869,
            "Cluster4": 0.132938042283,
            "Cluster5": 0.0289909783751
        },
        "probability": 0.430586665869,
        "value": "Cluster3"
    },
    "timbre": {
        "all": {
            "bright": 0.801763355732,
            "dark": 0.198236659169
        },
        "probability": 0.801763355732,
        "value": "bright"
    },
    "tonal_atonal": {
        "all": {
            "atonal": 0.0230709724128,
            "tonal": 0.976929008961
        },
        "probability": 0.976929008961,
        "value": "tonal"
    },
    "voice_instrumental": {
        "all": {
            "instrumental": 0.134137406945,
            "voice": 0.865862607956
        },
        "probability": 0.865862607956,
        "value": "voice"
    }
},
"lowlevel": {
    "average_loudness": 0.697495520115,
    "barkbands_crest": {
        "dmean": 2.08437848091,
        "dmean2": 3.307254076,
        "dvar": 5.10487985611,
        "dvar2": 12.5854158401,
        "max": 25.264125824,
        "mean": 13.3987760544,
        "median": 12.4425010681,
        "min": 3.59579539299,
        "var": 22.9767227173
    },
    "barkbands_flatness_db": {
        "dmean": 0.0222350694239,
        "dmean2": 0.0326199941337,
        "dvar": 0.000618132413365,
        "dvar2": 0.00133090117015,
        "max": 0.474788606167,
        "mean": 0.246836125851,
        "median": 0.245779454708,
        "min": 0.0691549703479,
        "var": 0.00314248306677
    },
    "barkbands_kurtosis": {
        "dmean": 5.9101061821,
        "dmean2": 9.10789585114,
        "dvar": 136.200714111,
        "dvar2": 301.37121582,
        "max": 234.738296509,
        "mean": 14.0248584747,
        "median": 10.2237043381,
        "min": -1.8924036026,
        "var": 253.85017395
    },
    "barkbands_skewness": {
        "dmean": 0.632187902927,
        "dmean2": 0.943112850189,
        "dvar": 0.650466144085,
        "dvar2": 1.49834430218,
        "max": 10.3910646439,
        "mean": 2.21675729752,
        "median": 2.12149357796,
        "min": -2.00845885277,
        "var": 2.60509943962
    },
    "barkbands_spread": {
        "dmean": 3.4276008606,
        "dmean2": 5.10109233856,
        "dvar": 73.9264678955,
        "dvar2": 147.958999634,
        "max": 99.6427383423,
        "mean": 9.32720947266,
        "median": 5.634121418,
        "min": 0.264922857285,
        "var": 191.801086426
    },
    "dissonance": {
        "dmean": 0.0314949303865,
        "dmean2": 0.0519203171134,
        "dvar": 0.000812117999885,
        "dvar2": 0.00207385513932,
        "max": 0.498883605003,
        "mean": 0.40217512846,
        "median": 0.410023629665,
        "min": 0.233935236931,
        "var": 0.00315844616853
    },
    "dynamic_complexity": 4.69919109344,
    "erbbands_crest": {
        "dmean": 2.62631988525,
        "dmean2": 4.06211471558,
        "dvar": 6.72499704361,
        "dvar2": 16.1223258972,
        "max": 29.4877586365,
        "mean": 15.5413103104,
        "median": 14.483042717,
        "min": 4.22643566132,
        "var": 34.5817604065
    },
    "erbbands_flatness_db": {
        "dmean": 0.0195407848805,
        "dmean2": 0.0273301396519,
        "dvar": 0.000438724178821,
        "dvar2": 0.000869142008014,
        "max": 0.367611765862,
        "mean": 0.227290764451,
        "median": 0.226930126548,
        "min": 0.0586869344115,
        "var": 0.00277026533149
    },
    "erbbands_kurtosis": {
        "dmean": 3.28183841705,
        "dmean2": 4.91514492035,
        "dvar": 17.2503757477,
        "dvar2": 37.4773826599,
        "max": 65.64503479,
        "mean": 9.04360389709,
        "median": 6.2917804718,
        "min": -1.83005094528,
        "var": 85.381362915
    },
    "erbbands_skewness": {
        "dmean": 0.491213291883,
        "dmean2": 0.708275139332,
        "dvar": 0.300069183111,
        "dvar2": 0.596666872501,
        "max": 6.64344787598,
        "mean": 1.97478103638,
        "median": 1.99884700775,
        "min": -2.63485121727,
        "var": 1.49197280407
    },
    "erbbands_spread": {
        "dmean": 6.76245117188,
        "dmean2": 10.091840744,
        "dvar": 126.909469604,
        "dvar2": 285.494903564,
        "max": 133.065872192,
        "mean": 20.8285179138,
        "median": 15.8888988495,
        "min": 2.15351271629,
        "var": 312.030090332
    },
    "hfc": {
        "dmean": 3.32745265961,
        "dmean2": 4.21031284332,
        "dvar": 49.2243537903,
        "dvar2": 75.0057754517,
        "max": 178.537979126,
        "mean": 10.2838039398,
        "median": 4.28987073898,
        "min": 0.155676424503,
        "var": 276.338562012
    },
    "melbands_crest": {
        "dmean": 2.22883987427,
        "dmean2": 3.39814472198,
        "dvar": 5.37186813354,
        "dvar2": 12.8719711304,
        "max": 31.2001018524,
        "mean": 15.6881103516,
        "median": 14.833574295,
        "min": 5.13467073441,
        "var": 28.5228996277
    },
    "melbands_flatness_db": {
        "dmean": 0.0252691060305,
        "dmean2": 0.0352620519698,
        "dvar": 0.000915167212952,
        "dvar2": 0.00181095278822,
        "max": 0.591394245625,
        "mean": 0.317853540182,
        "median": 0.315283000469,
        "min": 0.078986607492,
        "var": 0.00537694944069
    },
    "melbands_kurtosis": {
        "dmean": 8.28789901733,
        "dmean2": 13.0064783096,
        "dvar": 295.864654541,
        "dvar2": 782.778198242,
        "max": 252.178833008,
        "mean": 19.4374313354,
        "median": 11.8351516724,
        "min": -1.73197364807,
        "var": 549.978759766
    },
    "melbands_skewness": {
        "dmean": 0.658172369003,
        "dmean2": 0.971829473972,
        "dvar": 0.798894822598,
        "dvar2": 1.90099394321,
        "max": 12.5099029541,
        "mean": 2.32508587837,
        "median": 1.98597753048,
        "min": -0.783973157406,
        "var": 3.45732927322
    },
    "melbands_spread": {
        "dmean": 3.39404892921,
        "dmean2": 4.80282306671,
        "dvar": 119.516410828,
        "dvar2": 195.087402344,
        "max": 204.60369873,
        "mean": 10.297082901,
        "median": 6.46706056595,
        "min": 0.404845923185,
        "var": 379.465118408
    },
    "pitch_salience": {
        "dmean": 0.0564387179911,
        "dmean2": 0.0899678394198,
        "dvar": 0.0038796721492,
        "dvar2": 0.00935318507254,
        "max": 0.83742916584,
        "mean": 0.498020380735,
        "median": 0.507908701897,
        "min": 0.0948776081204,
        "var": 0.0146167399362
    },
    "silence_rate_20dB": {
        "dmean": 0,
        "dmean2": 0,
        "dvar": 0,
        "dvar2": 0,
        "max": 1,
        "mean": 1,
        "median": 1,
        "min": 1,
        "var": 0
    },
    "silence_rate_30dB": {
        "dmean": 0.0139318881556,
        "dmean2": 0.0278853606433,
        "dvar": 0.0137379029766,
        "dvar2": 0.0333045609295,
        "max": 1,
        "mean": 0.980665147305,
        "median": 1,
        "min": 0,
        "var": 0.0189610477537
    },
    "silence_rate_60dB": {
        "dmean": 0.0510835908353,
        "dmean2": 0.102246321738,
        "dvar": 0.0484739169478,
        "dvar2": 0.11193125695,
        "max": 1,
        "mean": 0.150038674474,
        "median": 0,
        "min": 0,
        "var": 0.127527415752
    },
    "spectral_centroid": {
        "dmean": 123.473167419,
        "dmean2": 170.319625854,
        "dvar": 95631.25,
        "dvar2": 153104.515625,
        "max": 4367.73193359,
        "mean": 642.086914062,
        "median": 496.828338623,
        "min": 120.863494873,
        "var": 352301.03125
    },
    "spectral_complexity": {
        "dmean": 1.20897829533,
        "dmean2": 1.88303637505,
        "dvar": 1.9965981245,
        "dvar2": 3.65867710114,
        "max": 29,
        "mean": 7.7254447937,
        "median": 7,
        "min": 2,
        "var": 11.5696277618
    },
    "spectral_decrease": {
        "dmean": 1.74178671486e-09,
        "dmean2": 2.47202014414e-09,
        "dvar": 1.35755252586e-17,
        "dvar2": 2.95352778646e-17,
        "max": -1.60938110061e-10,
        "mean": -5.45553069387e-09,
        "median": -2.53370835424e-09,
        "min": -6.68772486279e-08,
        "var": 5.45090550064e-17
    },
    "spectral_energy": {
        "dmean": 0.00681841839105,
        "dmean2": 0.00964161008596,
        "dvar": 0.000202358292881,
        "dvar2": 0.000436864735093,
        "max": 0.268603622913,
        "mean": 0.0215231981128,
        "median": 0.010247612372,
        "min": 0.000621536688413,
        "var": 0.000839696382172
    },
    "spectral_energyband_high": {
        "dmean": 0.000154650624609,
        "dmean2": 0.000207804623642,
        "dvar": 3.57312444521e-07,
        "dvar2": 5.784604582e-07,
        "max": 0.0115156695247,
        "mean": 0.00029631666257,
        "median": 4.26866390626e-05,
        "min": 3.57351524372e-07,
        "var": 1.12755162718e-06
    },
    "spectral_energyband_low": {
        "dmean": 0.00302441744134,
        "dmean2": 0.00494147324935,
        "dvar": 0.000134342451929,
        "dvar2": 0.000339003803674,
        "max": 0.171305581927,
        "mean": 0.00560664152727,
        "median": 0.000890578085091,
        "min": 2.09345434996e-05,
        "var": 0.000239772823988
    },
    "spectral_energyband_middle_high": {
        "dmean": 0.0004137250653,
        "dmean2": 0.000509391422383,
        "dvar": 1.20102583878e-06,
        "dvar2": 1.38072061873e-06,
        "max": 0.0359151735902,
        "mean": 0.00109068467282,
        "median": 0.000331350369379,
        "min": 2.39361088461e-06,
        "var": 9.0032172011e-06
    },
    "spectral_energyband_middle_low": {
        "dmean": 0.00423496076837,
        "dmean2": 0.00555255450308,
        "dvar": 6.72992464388e-05,
        "dvar2": 0.000112400644866,
        "max": 0.237005218863,
        "mean": 0.0146697564051,
        "median": 0.00651415577158,
        "min": 0.000313465541694,
        "var": 0.000438681716332
    },
    "spectral_entropy": {
        "dmean": 0.223501086235,
        "dmean2": 0.305778115988,
        "dvar": 0.0638571977615,
        "dvar2": 0.121831074357,
        "max": 8.42659091949,
        "mean": 6.58833312988,
        "median": 6.56218719482,
        "min": 5.20273733139,
        "var": 0.360635370016
    },
    "spectral_flux": {
        "dmean": 0.0192182548344,
        "dmean2": 0.0312113650143,
        "dvar": 0.0008238000446,
        "dvar2": 0.002125128638,
        "max": 0.305871933699,
        "mean": 0.0462355576456,
        "median": 0.0326230488718,
        "min": 0.00267307693139,
        "var": 0.00194371328689
    },
    "spectral_kurtosis": {
        "dmean": 3.22408819199,
        "dmean2": 5.09663248062,
        "dvar": 16.6924152374,
        "dvar2": 41.2800140381,
        "max": 48.6249504089,
        "mean": 9.3330450058,
        "median": 6.67225265503,
        "min": -0.63186955452,
        "var": 59.1003799438
    },
    "spectral_rms": {
        "dmean": 0.000611125549767,
        "dmean2": 0.000833474041428,
        "dvar": 8.33279898416e-07,
        "dvar2": 1.56685712227e-06,
        "max": 0.0161880291998,
        "mean": 0.00390751287341,
        "median": 0.00316190929152,
        "min": 0.000778702320531,
        "var": 5.72956469114e-06
    },
    "spectral_rolloff": {
        "dmean": 231.998046875,
        "dmean2": 354.3878479,
        "dvar": 897043.4375,
        "dvar2": 1595594.25,
        "max": 11261.8652344,
        "mean": 797.044067383,
        "median": 495.263671875,
        "min": 86.1328125,
        "var": 2307375
    },
    "spectral_skewness": {
        "dmean": 0.345514148474,
        "dmean2": 0.518884956837,
        "dvar": 0.12417524308,
        "dvar2": 0.261028140783,
        "max": 5.65033102036,
        "mean": 2.3685605526,
        "median": 2.25291872025,
        "min": -0.038897972554,
        "var": 0.746193945408
    },
    "spectral_spread": {
        "dmean": 642026.1875,
        "dmean2": 896256,
        "dvar": 928141017088,
        "dvar2": 1.52716535398e+12,
        "max": 22217766,
        "mean": 4304951.5,
        "median": 4164489.75,
        "min": 1427634.375,
        "var": 3.22475445453e+12
    },
    "spectral_strongpeak": {
        "dmean": 0.375622987747,
        "dmean2": 0.599160015583,
        "dvar": 0.544252336025,
        "dvar2": 1.24953830242,
        "max": 12.4161882401,
        "mean": 1.09512066841,
        "median": 0.636815190315,
        "min": 0.0338099896908,
        "var": 1.72638404369
    },
    "zerocrossingrate": {
        "dmean": 0.00866661407053,
        "dmean2": 0.00918694958091,
        "dvar": 0.000290908210445,
        "dvar2": 0.000241214758717,
        "max": 0.33984375,
        "mean": 0.0351596474648,
        "median": 0.02490234375,
        "min": 0.00341796875,
        "var": 0.00164415698964
    },
    "barkbands": {
        "dmean": [2.78519837593e-05, 0.00269104680046, 0.00041408452671, 0.000100569923234, 0.000937564182095, 0.0018813572824, 0.000461590912892, 0.00115044950508, 0.00130236370023, 0.000158807626576, 0.000157165806741, 3.26981316903e-05, 5.28738346475e-05, 7.35034846002e-05, 3.43719220837e-05, 2.1069225113e-05, 2.67467366939e-05, 9.76771116257e-06, 2.63813344645e-05, 2.36927553487e-05, 3.96903487854e-05, 4.51829910162e-05, 1.70303046616e-05, 1.98505185836e-05, 4.02432342526e-05, 1.32578097691e-05, 7.23792636936e-10],
        "dmean2": [4.84985357616e-05, 0.00441282754764, 0.000659893790726, 0.000158393828315, 0.00138892035466, 0.00256686192006, 0.000737266615033, 0.00153948110528, 0.00167093600612, 0.000206320561119, 0.000196818698896, 4.51250998594e-05, 7.30581523385e-05, 0.000107741696411, 5.09375131514e-05, 3.30954644596e-05, 4.08344276366e-05, 1.49601610246e-05, 3.91027206206e-05, 3.52260758518e-05, 5.46053415746e-05, 6.97276555002e-05, 2.15303680307e-05, 2.96037942462e-05, 5.12231817993e-05, 1.87554323929e-05, 1.22208732023e-09],
        "dvar": [6.21613072127e-09, 0.00011172855011, 2.52595305028e-06, 4.36860396746e-08, 2.85030887426e-06, 1.56444930326e-05, 1.37024903779e-06, 1.73810331034e-05, 4.56577508885e-05, 1.67620001434e-07, 5.63863409297e-07, 3.79484603741e-08, 1.30548954758e-07, 1.51876605514e-07, 1.45740433055e-08, 4.86965268109e-09, 7.71801644817e-09, 5.25245180683e-10, 3.59973495456e-09, 9.13976183625e-09, 1.37100810704e-08, 1.35690925163e-07, 7.59716023424e-09, 6.76517997178e-09, 2.89262285236e-08, 2.92855717454e-09, 1.29756174825e-17],
        "dvar2": [1.38865354771e-08, 0.00028635081253, 6.46883972877e-06, 1.15689402946e-07, 6.06396952207e-06, 2.74049580185e-05, 3.85524390367e-06, 2.77642684523e-05, 7.23399061826e-05, 2.75438083008e-07, 8.00919906396e-07, 5.80526631211e-08, 1.92050322312e-07, 2.78282300314e-07, 3.08966896512e-08, 1.13712230743e-08, 1.71810352612e-08, 1.18303267183e-09, 7.65232144317e-09, 1.96177225575e-08, 2.09283541608e-08, 3.29780050379e-07, 1.17334888472e-08, 1.42944189818e-08, 3.6473121412e-08, 5.6813531657e-09, 1.57289104852e-17],
        "max": [0.00160721712746, 0.147928401828, 0.023286562413, 0.00255339057185, 0.0321757495403, 0.0678615793586, 0.020765485242, 0.0970021858811, 0.20802654326, 0.00614856183529, 0.0225671045482, 0.00595750566572, 0.0137980990112, 0.0111679872498, 0.0036737495102, 0.000957141572144, 0.00201038387604, 0.000598444545176, 0.000820794783067, 0.0023707668297, 0.00332788378, 0.00879021920264, 0.00214416603558, 0.00207169610076, 0.00470050284639, 0.000952234666329, 1.22666534708e-07],
        "mean": [4.41388947365e-05, 0.00474006310105, 0.000726822472643, 0.000213052335312, 0.00232218578458, 0.00607980135828, 0.00114479672629, 0.00233504874632, 0.00249190372415, 0.000280820793705, 0.000341215316439, 4.91723112646e-05, 8.61098087626e-05, 0.00013495539315, 5.46846677025e-05, 3.11994990625e-05, 6.40151338303e-05, 2.38155062107e-05, 4.82828072563e-05, 3.90544009861e-05, 7.53687199904e-05, 5.84876906942e-05, 2.37848726101e-05, 3.21449879266e-05, 6.74039692967e-05, 1.48837261804e-05, 6.54330645222e-10],
        "median": [1.15601615107e-05, 0.000419856631197, 0.000284562964225, 0.00011930684559, 0.000999076524749, 0.00146667985246, 0.000498285458889, 0.000170201878063, 0.00010823617049, 4.8879734095e-05, 2.72817633231e-05, 6.90128308634e-06, 8.08851928014e-06, 8.59665487951e-06, 1.18967100207e-05, 5.86582746109e-06, 4.48783612228e-06, 3.21075913234e-06, 8.92652769835e-06, 6.58819089949e-06, 9.245360161e-06, 1.70286159573e-06, 1.00754027699e-06, 5.06089145347e-06, 8.9917839432e-06, 6.93884771863e-07, 1.75113354373e-10],
        "min": [7.03278857372e-08, 2.68861799668e-06, 3.75847639589e-06, 8.39034015598e-08, 6.35238029645e-06, 7.59845570428e-05, 2.66016513706e-06, 1.52457005242e-07, 4.4998577664e-07, 9.61181925163e-08, 8.60074251818e-08, 8.52293311482e-08, 6.62129124862e-08, 4.91174638739e-08, 1.41719596058e-07, 8.96150851304e-08, 1.02008279157e-07, 1.16244549986e-07, 9.10710582502e-08, 1.06611558692e-07, 1.07762978985e-07, 2.90336572562e-08, 1.4557493877e-08, 1.14066547874e-10, 2.81328675633e-11, 2.51813847552e-11, 3.00052448166e-11],
        "var": [9.33169808093e-09, 0.000198896508664, 3.51556332134e-06, 7.7439267443e-08, 1.19227042887e-05, 0.000115436516353, 3.01023419524e-06, 4.89710982947e-05, 0.000188558988157, 4.21175315068e-07, 2.94432311421e-06, 7.45766755017e-08, 4.63659574734e-07, 5.76942227326e-07, 3.79426374764e-08, 7.56761586729e-09, 4.05750952837e-08, 3.28140381534e-09, 9.99530680446e-09, 2.22316369758e-08, 4.04411863997e-08, 1.86058841223e-07, 1.81537451738e-08, 1.54620902748e-08, 8.85545645701e-08, 5.14607023661e-09, 1.27647104145e-17]
    },
    "erbbands": {
        "dmean": [0.0460470728576, 0.699086129665, 0.84095031023, 0.269185692072, 1.27019965649, 3.19680714607, 11.2365140915, 15.3918333054, 7.06551122665, 9.17888069153, 31.2751102448, 33.5478553772, 4.81680107117, 6.38048458099, 4.1676864624, 1.58475100994, 2.2091050148, 3.05391454697, 2.4350566864, 1.66592133045, 1.1053404808, 1.48706078529, 0.570163726807, 1.12816166878, 1.15848302841, 1.13313519955, 2.01746296883, 1.04631817341, 1.67985641956, 1.19971573353, 0.388391464949, 0.232648506761, 0.47589853406, 0.46719917655, 0.251752883196, 0.0874870494008, 0.0196694806218, 0.00155825691763, 3.34475662385e-05, 9.2283662525e-06],
        "dmean2": [0.0750136896968, 1.15253543854, 1.35320866108, 0.415369004011, 1.85143339634, 4.90160560608, 16.4945373535, 19.6913719177, 11.0370864868, 13.6087789536, 40.3037338257, 39.1597557068, 6.26758098602, 8.06212615967, 5.31411218643, 2.0087993145, 2.53829336166, 4.26705217361, 3.41443610191, 2.45651316643, 1.76014816761, 2.21982574463, 0.847338736057, 1.67100977898, 1.79571068287, 1.64936435223, 2.7474694252, 1.56723749638, 2.63396167755, 1.61469829082, 0.503194510937, 0.345990598202, 0.668939292431, 0.621400892735, 0.341413915157, 0.118988506496, 0.0287143588066, 0.00225961161777, 4.64253971586e-05, 1.27972234623e-05],
        "dvar": [0.0314696021378, 7.59300851822, 10.2896404266, 0.357878476381, 8.65651226044, 42.7277946472, 669.413391113, 1097.27441406, 244.28314209, 881.064453125, 12537.1298828, 33421.5390625, 257.114654541, 372.34576416, 417.756835938, 56.8838539124, 289.343383789, 157.208908081, 129.683563232, 42.4646186829, 12.8209848404, 26.2769546509, 1.66769301891, 8.35474014282, 8.87413978577, 25.4093284607, 41.3416137695, 8.98706912994, 248.746490479, 59.0412826538, 4.01575899124, 1.0119997263, 4.35233783722, 2.65679168701, 1.83789026737, 0.135322421789, 0.00656401412562, 4.89200065203e-05, 1.63802713615e-08, 2.86842855024e-10],
        "dvar2": [0.0764734968543, 19.6389293671, 25.8583011627, 0.850144565105, 16.8715858459, 102.515312195, 1306.97167969, 1752.03503418, 596.596496582, 2152.68115234, 18433.5722656, 51660.5, 462.157623291, 523.811340332, 638.827087402, 69.1962585449, 316.99520874, 296.613586426, 217.880477905, 92.6976776123, 31.7193126678, 53.9277267456, 3.43343877792, 17.5270843506, 20.8917160034, 53.8806686401, 69.045135498, 18.6413211823, 640.639343262, 105.48008728, 5.91032743454, 2.17812252045, 8.56319999695, 3.33531832695, 2.45510601997, 0.20989869535, 0.0139075601473, 0.000109792134026, 3.55389957463e-08, 6.05715089197e-10],
        "max": [3.20945048332, 39.6922531128, 51.9135856628, 7.69803953171, 45.6395874023, 140.858383179, 510.094787598, 812.686523438, 311.191680908, 642.751525879, 2870.47363281, 5944.140625, 357.108154297, 490.495880127, 650.096496582, 291.270172119, 762.489135742, 353.339904785, 329.088256836, 208.059020996, 55.8526039124, 117.36415863, 31.5754947662, 56.3170166016, 45.2834205627, 131.947219849, 180.907943726, 57.5195465088, 377.926086426, 158.265487671, 59.3247642517, 20.8815917969, 61.8326301575, 47.4470748901, 31.4435577393, 8.73132324219, 1.23708295822, 0.0803572013974, 0.00143218005542, 0.000309243012452],
        "mean": [0.103922218084, 1.14348733425, 1.30858540535, 0.746321558952, 2.77979516983, 7.84184122086, 31.0312767029, 53.9978294373, 21.746181488, 22.1951732635, 69.1337738037, 62.6805229187, 9.07827472687, 12.4463558197, 8.77860641479, 2.91779184341, 3.94327807426, 5.74423694611, 4.21735668182, 2.8447561264, 1.94821369648, 3.57831263542, 1.52722144127, 2.19604992867, 2.09643030167, 1.92977261543, 3.57010436058, 1.91507077217, 1.94606554508, 1.80304729939, 0.557742118835, 0.354203850031, 0.786449849606, 0.825074851513, 0.393916100264, 0.106253817677, 0.0216322094202, 0.0015542601468, 4.50145234936e-05, 2.70070759143e-05],
        "median": [0.0133713157848, 0.0862877443433, 0.279300808907, 0.475587725639, 0.822069466114, 3.8102657795, 7.63195800781, 13.5582170486, 12.9139099121, 5.79031944275, 5.08902263641, 4.64018964767, 2.1575114727, 1.5949703455, 1.3464256525, 0.473591268063, 0.417258441448, 0.457994878292, 0.607133686543, 0.535023272038, 0.326641768217, 0.245716691017, 0.214047878981, 0.325717628002, 0.440459102392, 0.319994151592, 0.441249936819, 0.298503339291, 0.104783974588, 0.0284903887659, 0.0319420434535, 0.0409866683185, 0.129054531455, 0.123675316572, 0.0307757519186, 0.00585962692276, 0.00099140079692, 5.778562263e-05, 1.03911170299e-05, 1.39664089147e-05],
        "min": [6.48241621093e-05, 0.000391306210076, 0.00304122362286, 0.0142944287509, 0.0225505158305, 0.0281649902463, 0.314008623362, 0.48706305027, 0.14592884481, 0.0702911242843, 0.028855998069, 0.0145062552765, 0.0195062290877, 0.00696019968018, 0.00601314986125, 0.00545459333807, 0.00461763888597, 0.00585365993902, 0.00612811138853, 0.00510818930343, 0.00530299451202, 0.0049077225849, 0.00643959082663, 0.00676682777703, 0.0053868056275, 0.0040334938094, 0.0042663840577, 0.00200067949481, 0.00228761904873, 0.000972339359578, 0.000660094316117, 0.000183667914825, 1.5124377569e-05, 1.40327265399e-05, 5.40153132533e-06, 2.26913357437e-06, 1.06509162379e-06, 1.68855706306e-07, 3.18472643812e-07, 6.86147870965e-07],
        "var": [0.0966434925795, 12.1648244858, 14.5654001236, 0.847356796265, 29.5725479126, 175.625305176, 2624.99853516, 13435.2822266, 741.083496094, 2008.18249512, 47522.3515625, 128410.679688, 639.248596191, 1401.4128418, 1799.10388184, 196.32220459, 1153.4486084, 610.312805176, 420.734100342, 124.185348511, 22.5932292938, 133.205657959, 14.7566843033, 25.6419696808, 20.1296825409, 59.9988441467, 114.552734375, 22.8397331238, 259.86416626, 136.192581177, 9.84127616882, 1.98403084278, 10.351729393, 8.36666202545, 5.42434978485, 0.333714574575, 0.00911096762866, 5.48103125766e-05, 2.17327862373e-08, 1.19518295261e-09]
    },
    "gfcc": {
        "mean": [-99.7879333496, 127.952903748, -82.6191329956, 24.2192249298, -76.3302612305, -6.63060569763, -42.0364723206, 12.073600769, -23.2599143982, 12.6459875107, -7.82301998138, -4.10312271118, 8.30140304565],
        "cov": [[5928.14990234, -1832.75720215, -580.460632324, -80.4763717651, -473.096069336, 370.391021729, -263.363586426, 781.745605469, -469.013336182, 288.715942383, -63.8106307983, -321.382202148, 441.243133545], [-1832.75720215, 1692.83789062, -21.9512329102, -275.831787109, 347.207000732, -117.260391235, 322.011810303, -247.99256897, 279.335601807, -160.505874634, 184.510772705, -54.3867416382, -14.200928688], [-580.460632324, -21.9512329102, 776.555114746, 305.449554443, 80.3835220337, 50.8421478271, 56.3927650452, -3.88325476646, 82.9320602417, 37.0552749634, -9.52286624908, 143.65826416, -178.369979858], [-80.4763717651, -275.831787109, 305.449554443, 579.04083252, 88.2051696777, 18.5758743286, -39.079574585, 47.3314704895, 85.4267044067, -23.1971931458, -2.83934402466, 113.162033081, -32.2280769348], [-473.096069336, 347.207000732, 80.3835220337, 88.2051696777, 282.209472656, 4.6110329628, 83.989151001, -64.9599914551, 109.077278137, -38.9531173706, 37.1695632935, 77.4887924194, -61.4049453735], [370.391021729, -117.260391235, 50.8421478271, 18.5758743286, 4.6110329628, 291.008911133, 69.4638366699, 10.4307498932, -52.9016189575, 70.8544387817, -8.95663070679, -48.0704345703, 1.06005012989], [-263.363586426, 322.011810303, 56.3927650452, -39.079574585, 83.989151001, 69.4638366699, 248.352172852, -54.140789032, 81.7787246704, 14.903840065, 34.7963523865, 23.5711746216, -68.6740112305], [781.745605469, -247.99256897, -3.88325476646, 47.3314704895, -64.9599914551, 10.4307498932, -54.140789032, 263.887664795, -13.9114227295, 50.9079475403, -7.23670434952, -51.262588501, 98.2793960571], [-469.013336182, 279.335601807, 82.9320602417, 85.4267044067, 109.077278137, -52.9016189575, 81.7787246704, -13.9114227295, 246.221359253, -1.51366841793, 29.3074970245, 66.407989502, -67.2820358276], [288.715942383, -160.505874634, 37.0552749634, -23.1971931458, -38.9531173706, 70.8544387817, 14.903840065, 50.9079475403, -1.51366841793, 146.589996338, -9.42465686798, -41.8315124512, -25.4877758026], [-63.8106307983, 184.510772705, -9.52286624908, -2.83934402466, 37.1695632935, -8.95663070679, 34.7963523865, -7.23670434952, 29.3074970245, -9.42465686798, 139.173187256, 15.126950264, 14.7999210358], [-321.382202148, -54.3867416382, 143.65826416, 113.162033081, 77.4887924194, -48.0704345703, 23.5711746216, -51.262588501, 66.407989502, -41.8315124512, 15.126950264, 229.943069458, -81.8361282349], [441.243133545, -14.200928688, -178.369979858, -32.2280769348, -61.4049453735, 1.06005012989, -68.6740112305, 98.2793960571, -67.2820358276, -25.4877758026, 14.7999210358, -81.8361282349, 215.303695679]],
        "icov": [[0.000584944966249, 0.000769676989876, 0.000199898160645, 0.000326700566802, -0.000372240989236, -0.000280509673757, -0.000524589850102, -0.00102855474688, 9.52878181124e-05, 0.000158350201673, -0.000584815163165, 0.000479415408336, -0.000465167249786], [0.000769676989876, 0.0049435752444, -0.00128800363746, 0.00286982324906, -0.00373335252516, 0.0011488244636, -0.00366337876767, 0.00131599965971, -0.00320246932097, 0.00344026251696, -0.00337610347196, 0.00435506785288, -0.00343448971398], [0.000199898160645, -0.00128800363746, 0.00283344252966, -0.00180111755617, 0.00120701850392, -0.00094791338779, 0.000769345846493, -0.00188075797632, 0.0015124133788, -0.00146466959268, 0.00079218466999, -0.00185017788317, 0.00257750786841], [0.000326700566802, 0.00286982324906, -0.00180111755617, 0.00440880516544, -0.00271002226509, 0.000122882658616, -0.00108359847218, 0.000548181938939, -0.00286740646698, 0.00275163492188, -0.00180984172039, 0.00184772803914, -0.00242542405613], [-0.000372240989236, -0.00373335252516, 0.00120701850392, -0.00271002226509, 0.00814375374466, -0.00169569277205, 0.00196686550044, -0.000939270074014, 0.00105457263999, -0.0014494091738, 0.00176602322608, -0.00393669027835, 0.00303825526498], [-0.000280509673757, 0.0011488244636, -0.00094791338779, 0.000122882658616, -0.00169569277205, 0.0057957097888, -0.00288566411473, 0.0018890905194, 0.000558087020181, -0.00128215062432, -0.000313421507599, 0.00196038768627, -0.00162184366491], [-0.000524589850102, -0.00366337876767, 0.000769345846493, -0.00108359847218, 0.00196686550044, -0.00288566411473, 0.00896434113383, -0.000716836482752, 0.000448248669272, -0.0022935862653, 0.0013760534348, -0.00324383447878, 0.00361130945385], [-0.00102855474688, 0.00131599965971, -0.00188075797632, 0.000548181938939, -0.000939270074014, 0.0018890905194, -0.000716836482752, 0.00943902134895, -0.00308066955768, -0.000610817340203, -0.000427597435191, 0.00191886385437, -0.00437206495553], [9.52878181124e-05, -0.00320246932097, 0.0015124133788, -0.00286740646698, 0.00105457263999, 0.000558087020181, 0.000448248669272, -0.00308066955768, 0.00930435582995, -0.00368966534734, 0.00162405730225, -0.00341047369875, 0.00332733499818], [0.000158350201673, 0.00344026251696, -0.00146466959268, 0.00275163492188, -0.0014494091738, -0.00128215062432, -0.0022935862653, -0.000610817340203, -0.00368966534734, 0.0130138462409, -0.00260737678036, 0.00473627680913, 0.000608086935245], [-0.000584815163165, -0.00337610347196, 0.00079218466999, -0.00180984172039, 0.00176602322608, -0.000313421507599, 0.0013760534348, -0.000427597435191, 0.00162405730225, -0.00260737678036, 0.0103453369811, -0.00350806559436, 0.000654847128317], [0.000479415408336, 0.00435506785288, -0.00185017788317, 0.00184772803914, -0.00393669027835, 0.00196038768627, -0.00324383447878, 0.00191886385437, -0.00341047369875, 0.00473627680913, -0.00350806559436, 0.0104059660807, -0.00130311679095], [-0.000465167249786, -0.00343448971398, 0.00257750786841, -0.00242542405613, 0.00303825526498, -0.00162184366491, 0.00361130945385, -0.00437206495553, 0.00332733499818, 0.000608086935245, 0.000654847128317, -0.00130311679095, 0.0117372218519]]
    },
    "melbands": {
        "dmean": [0.000609063368756, 0.000652567250654, 6.61338563077e-05, 0.000150208012201, 0.000341569917509, 0.000342952058418, 9.95566151687e-05, 0.00011398481729, 0.000288285838906, 0.000180188988452, 1.81137947948e-05, 2.58442451013e-05, 1.99143632926e-05, 3.60963213097e-06, 4.90072488901e-06, 4.60069804831e-06, 6.67250969855e-06, 5.01960539623e-06, 2.48276546699e-06, 1.86637112165e-06, 1.34022025122e-06, 1.96549581233e-06, 6.56103054553e-07, 5.07631909841e-07, 1.02750948372e-06, 1.0341361758e-06, 7.37116636174e-07, 8.24346329864e-07, 1.31626893562e-06, 1.08045253455e-06, 4.7040916229e-07, 7.44695000776e-07, 1.25915198623e-06, 5.19809930211e-07, 2.34757351336e-07, 1.50158712131e-07, 1.38756149681e-07, 2.32918296206e-07, 5.87309955336e-07, 3.89501735754e-07],
        "dmean2": [0.00100663944613, 0.00106791092549, 9.51897818595e-05, 0.000228319491725, 0.000504622119479, 0.000447570870165, 0.000156163252541, 0.000165202814969, 0.000381988153094, 0.000213997496758, 2.48793876381e-05, 3.26075860357e-05, 2.45420342253e-05, 4.87406168759e-06, 6.71788893669e-06, 5.51376297153e-06, 9.41586131376e-06, 6.93918218531e-06, 3.67182178707e-06, 2.85073792838e-06, 2.17389720092e-06, 2.96296730085e-06, 9.86960344562e-07, 7.57941450047e-07, 1.5625606693e-06, 1.61574894264e-06, 1.18383593417e-06, 1.24368909837e-06, 1.87104149063e-06, 1.63944355336e-06, 7.44084104554e-07, 1.19229866868e-06, 1.88541389434e-06, 6.60290652377e-07, 3.17592395049e-07, 2.33250332826e-07, 2.16921719698e-07, 3.31524944386e-07, 8.52141113228e-07, 5.29536066551e-07],
        "dvar": [5.70234487896e-06, 6.26853397989e-06, 1.61477906602e-08, 9.66043387507e-08, 5.25355630998e-07, 5.07998777266e-07, 5.06606063766e-08, 1.19379649277e-07, 1.0686742371e-06, 1.02837452687e-06, 3.80749609619e-09, 5.88640158838e-09, 9.9990913327e-09, 2.43989245474e-10, 1.13920639588e-09, 9.29344490253e-10, 8.8045520874e-10, 7.67042263039e-10, 1.07733939825e-10, 3.69756829321e-11, 2.55004021371e-11, 5.17873348371e-11, 4.55741520911e-12, 1.32354934304e-12, 7.65323394936e-12, 6.49739637093e-12, 6.51961254081e-12, 1.73988618651e-11, 2.33432179836e-11, 8.15445887897e-12, 2.30097820138e-12, 4.72436569032e-11, 1.15279022439e-10, 9.04188789813e-12, 1.44868329572e-12, 7.38648833938e-13, 3.40121458558e-13, 1.16290787763e-12, 5.11565009104e-12, 2.44665680944e-12],
        "dvar2": [1.45332487591e-05, 1.58572402142e-05, 3.29127800569e-08, 2.06827323268e-07, 1.04036246285e-06, 8.42007125357e-07, 1.29775003188e-07, 2.56483787098e-07, 1.62833532613e-06, 1.57964495884e-06, 7.77204700597e-09, 8.27316704033e-09, 1.5011380583e-08, 3.78054032524e-10, 1.6457308849e-09, 1.1418069823e-09, 1.67530578299e-09, 1.27268517947e-09, 2.4474922089e-10, 8.26175516888e-11, 6.2278307511e-11, 1.1063933103e-10, 9.72871783134e-12, 2.92811066192e-12, 1.6322812893e-11, 1.54325666829e-11, 1.67946715562e-11, 3.69409086654e-11, 4.30865343404e-11, 1.47161258873e-11, 5.81619735013e-12, 1.23306712063e-10, 2.80539785846e-10, 1.30609837182e-11, 2.19591120461e-12, 1.49075261684e-12, 8.66992404518e-13, 2.34091348736e-12, 1.10954309976e-11, 3.78094821077e-12],
        "max": [0.0309813842177, 0.0402353145182, 0.00177758908831, 0.00456257816404, 0.013507489115, 0.0156619995832, 0.0040944321081, 0.00670053437352, 0.0258133057505, 0.032357301563, 0.00108580070082, 0.00183759920765, 0.00299129891209, 0.000476810586406, 0.0012951384997, 0.00117515109014, 0.000844168651383, 0.000828695250675, 0.000348343281075, 0.000143181518069, 8.35094615468e-05, 0.000172635394847, 7.39337556297e-05, 2.35019033425e-05, 5.13145023433e-05, 4.36024238297e-05, 4.53250650025e-05, 0.00011977693066, 0.00013443150965, 5.96023237449e-05, 2.44483089773e-05, 0.000171082952875, 0.000252499332419, 7.03059486113e-05, 3.53259056283e-05, 2.29851902986e-05, 9.23709103517e-06, 3.11236981361e-05, 6.3969855546e-05, 4.80852613691e-05],
        "mean": [0.00117073697038, 0.00104137428571, 0.000173693275428, 0.000344972824678, 0.000974135065917, 0.00117654632777, 0.000292258278932, 0.00026286940556, 0.000634461815935, 0.000327142799506, 3.19915525324e-05, 4.94060659548e-05, 4.24505051342e-05, 5.5255359257e-06, 9.55398354563e-06, 6.98234862284e-06, 1.21343309729e-05, 8.30026601761e-06, 3.9219289647e-06, 2.87342231786e-06, 2.2656438432e-06, 4.53700613434e-06, 1.59334388172e-06, 1.09593599973e-06, 1.8484154225e-06, 1.77105675903e-06, 1.1497182868e-06, 1.25887220292e-06, 2.16078910853e-06, 2.05750029636e-06, 7.55691132781e-07, 8.20036632376e-07, 1.58932391514e-06, 7.74317186369e-07, 3.19715923069e-07, 2.14383319985e-07, 1.92245096287e-07, 3.54933234803e-07, 9.71525423665e-07, 6.07159677202e-07],
        "median": [0.0001236468961, 0.00014858522627, 9.27150977077e-05, 0.000123176519992, 0.000271669472568, 0.000310537492624, 0.000172296495293, 4.22360317316e-05, 3.80964884243e-05, 1.84596028703e-05, 7.32455418984e-06, 5.90358422414e-06, 3.91910180042e-06, 1.23432278087e-06, 8.3406723661e-07, 7.90712249454e-07, 8.17974068923e-07, 9.48564832015e-07, 7.1349342079e-07, 5.49036144548e-07, 3.1107285281e-07, 2.41153401248e-07, 1.9635537285e-07, 1.64467778063e-07, 2.55543227468e-07, 3.52046441776e-07, 2.43872335659e-07, 1.785893744e-07, 2.74940049394e-07, 2.2275662559e-07, 1.23270169183e-07, 4.64106726383e-08, 1.65361164761e-08, 1.07125748272e-08, 1.56090198544e-08, 1.44543319536e-08, 1.70784399955e-08, 4.97151297907e-08, 1.43558892773e-07, 7.63841327966e-08],
