{
"highlevel": {
    "danceability": {
        "all": {
            "danceable": 0.873241901398,
            "not_danceable": 0.1267580688
        },
        "probability": 0.873241901398,
        "value": "danceable"
    },
    "gender": {
        "all": {
            "female": 0.0234757661819,
            "male": 0.976524233818
        },
        "probability": 0.976524233818,
        "value": "male"
    },
    "genre_dortmund": {
        "all": {
            "alternative": 0.0860685780644,
            "blues": 0.252381086349,
            "electronic": 0.0125259915367,
            "folkcountry": 0.0626435875893,
            "funksoulrnb": 0.0233456213027,
            "jazz": 0.314028382301,
            "pop": 0.0167229995131,
            "raphiphop": 0.0078323725611,
            "rock": 0.224451348186
        },
        "probability": 0.314028382301,
        "value": "jazz"
    },
    "genre_electronic": {
        "all": {
            "ambient": 0.613718032837,
            "dnb": 0.283205509186,
            "house": 0.0674526616931,
            "techno": 0.00848079193383,
            "trance": 0.0271430276334
        },
        "probability": 0.613718032837,
        "value": "ambient"
    },
    "genre_rosamerica": {
        "all": {
            "cla": 0.0714709088206,
            "dan": 0.0349777974188,
            "hip": 0.07586838305,
            "jaz": 0.401283591986,
            "pop": 0.127045229077,
            "rhy": 0.146343782544,
            "roc": 0.113700985909,
            "spe": 0.0293093007058
        },
        "probability": 0.401283591986,
        "value": "jaz"
    },
    "genre_tzanetakis": {
        "all": {
            "blu": 0.0626613423228,
            "cla": 0.0348169617355,
            "cou": 0.104475811124,
            "dis": 0.0784321576357,
            "hip": 0.15692435205,
            "jaz": 0.313974827528,
            "met": 0.0448166541755,
            "pop": 0.0627359300852,
            "reg": 0.0627360641956,
            "roc": 0.0784258767962
        },
        "probability": 0.313974827528,
        "value": "jaz"
    },
    "ismir04_rhythm": {
        "all": {
            "ChaChaCha": 0.0747813209891,
            "Jive": 0.0643852502108,
            "Quickstep": 0.641095042229,
            "Rumba-American": 0.0159561987966,
            "Rumba-International": 0.00497999228537,
            "Rumba-Misc": 0.00177810888272,
            "Samba": 0.063153937459,
            "Tango": 0.113067865372,
            "VienneseWaltz": 0.0168861635029,
            "Waltz": 0.00391609873623
        },
        "probability": 0.641095042229,
        "value": "Quickstep"
    },
    "mood_acoustic": {
        "all": {
            "acoustic": 0.296519756317,
            "not_acoustic": 0.703480243683
        },
        "probability": 0.703480243683,
        "value": "not_acoustic"
    },
    "mood_aggressive": {
        "all": {
            "aggressive": 0.4487811625,
            "not_aggressive": 0.551218807697
        },
        "probability": 0.551218807697,
        "value": "not_aggressive"
    },
    "mood_electronic": {
        "all": {
            "electronic": 0.352447152138,
            "not_electronic": 0.647552847862
        },
        "probability": 0.647552847862,
        "value": "not_electronic"
    },
    "mood_happy": {
        "all": {
            "happy": 0.25150769949,
            "not_happy": 0.74849230051
        },
        "probability": 0.74849230051,
        "value": "not_happy"
    },
    "mood_party": {
        "all": {
            "not_party": 0.715046167374,
            "party": 0.284953862429
        },
        "probability": 0.715046167374,
        "value": "not_party"
    },
    "mood_relaxed": {
        "all": {
            "not_relaxed": 0.953374803066,
            "relaxed": 0.0466251708567
        },
        "probability": 0.953374803066,
        "value": "not_relaxed"
    },
    "mood_sad": {
        "all": {
            "not_sad": 0.471699804068,
            "sad": 0.52830016613
        },
        "probability": 0.52830016613,
        "value": "sad"
    },
    "moods_mirex": {
        "all": {
            "Cluster1": 0.362732708454,
            "Cluster2": 0.124255619943,
            "Cluster3": 0.226981461048,
            "Cluster4": 0.101169489324,
            "Cluster5": 0.184860721231
        },
        "probability": 0.362732708454,
        "value": "Cluster1"
    },
    "timbre": {
        "all": {
            "bright": 0.5,
            "dark": 0.5
        },
        "probability": 0.5,
        "value": "dark"
    },
    "tonal_atonal": {
        "all": {
            "atonal": 0.0144396666437,
            "tonal": 0.985560357571
        },
        "probability": 0.985560357571,
        "value": "tonal"
    },
    "voice_instrumental": {
        "all": {
            "instrumental": 0.209663406014,
            "voice": 0.790336608887
        },
        "probability": 0.790336608887,
        "value": "voice"
    }
},
"lowlevel": {
    "average_loudness": 0.951234281063,
    "barkbands_crest": {
        "dmean": 2.4572019577,
        "dmean2": 3.87136650085,
        "dvar": 5.61881446838,
        "dvar2": 12.6529722214,
        "max": 23.7297782898,
        "mean": 10.244055748,
        "median": 9.21296787262,
        "min": 3.37665748596,
        "var": 17.6271457672
    },
    "barkbands_flatness_db": {
        "dmean": 0.0224095061421,
        "dmean2": 0.0338960774243,
        "dvar": 0.000427470251452,
        "dvar2": 0.000913295778446,
        "max": 0.314825505018,
        "mean": 0.149372920394,
        "median": 0.145590350032,
        "min": 0.0618502125144,
        "var": 0.00135586375836
    },
    "barkbands_kurtosis": {
        "dmean": 1.55524837971,
        "dmean2": 2.37151455879,
        "dvar": 10.5430059433,
        "dvar2": 23.0112838745,
        "max": 72.8087844849,
        "mean": 1.33032131195,
        "median": -0.138909578323,
        "min": -1.81881761551,
        "var": 25.0700759888
    },
    "barkbands_skewness": {
        "dmean": 0.457981556654,
        "dmean2": 0.66631770134,
        "dvar": 0.238578155637,
        "dvar2": 0.510190486908,
        "max": 7.74861621857,
        "mean": 0.907442927361,
        "median": 0.71862000227,
        "min": -1.47504043579,
        "var": 1.11185228825
    },
    "barkbands_spread": {
        "dmean": 7.37861537933,
        "dmean2": 11.6600866318,
        "dvar": 62.8799705505,
        "dvar2": 154.190994263,
        "max": 69.2102508545,
        "mean": 28.9505748749,
        "median": 28.0050888062,
        "min": 2.32340192795,
        "var": 146.736572266
    },
    "dissonance": {
        "dmean": 0.0167325250804,
        "dmean2": 0.0281314328313,
        "dvar": 0.00029440241633,
        "dvar2": 0.000767372606788,
        "max": 0.499633580446,
        "mean": 0.468692690134,
        "median": 0.475075483322,
        "min": 0.343404591084,
        "var": 0.000599640596192
    },
    "dynamic_complexity": 2.66034817696,
    "erbbands_crest": {
        "dmean": 3.24828791618,
        "dmean2": 5.44115447998,
        "dvar": 10.0093307495,
        "dvar2": 24.5327377319,
        "max": 26.1679000854,
        "mean": 9.90769672394,
        "median": 8.9710226059,
        "min": 2.88506913185,
        "var": 21.565990448
    },
    "erbbands_flatness_db": {
        "dmean": 0.0220087617636,
        "dmean2": 0.0329761877656,
        "dvar": 0.000401924306061,
        "dvar2": 0.000807818025351,
        "max": 0.310049593449,
        "mean": 0.176362127066,
        "median": 0.177118256688,
        "min": 0.084529735148,
        "var": 0.00140436191577
    },
    "erbbands_kurtosis": {
        "dmean": 0.953014194965,
        "dmean2": 1.5211892128,
        "dvar": 1.2878100872,
        "dvar2": 2.71552991867,
        "max": 13.1515159607,
        "mean": 0.451108157635,
        "median": -0.130682945251,
        "min": -1.61129724979,
        "var": 3.42416524887
    },
    "erbbands_skewness": {
        "dmean": 0.394232571125,
        "dmean2": 0.598588585854,
        "dvar": 0.154163405299,
        "dvar2": 0.318632364273,
        "max": 2.881254673,
        "mean": -0.0590537674725,
        "median": -0.106013447046,
        "min": -2.59780597687,
        "var": 0.640029609203
    },
    "erbbands_spread": {
        "dmean": 8.47854995728,
        "dmean2": 13.0010557175,
        "dvar": 69.0683364868,
        "dvar2": 151.081710815,
        "max": 96.3145904541,
        "mean": 34.625919342,
        "median": 30.9992961884,
        "min": 5.33788824081,
        "var": 259.877838135
    },
    "hfc": {
        "dmean": 8.08229255676,
        "dmean2": 11.360411644,
        "dvar": 85.9404602051,
        "dvar2": 163.325592041,
        "max": 98.1600341797,
        "mean": 21.1058444977,
        "median": 17.0441913605,
        "min": 0.447980523109,
        "var": 330.955230713
    },
    "melbands_crest": {
        "dmean": 2.90079188347,
        "dmean2": 4.57316875458,
        "dvar": 7.68254089355,
        "dvar2": 18.2833499908,
        "max": 31.0355453491,
        "mean": 15.0005817413,
        "median": 14.3189458847,
        "min": 2.88894271851,
        "var": 24.7795963287
    },
    "melbands_flatness_db": {
        "dmean": 0.0264767538756,
        "dmean2": 0.0397056564689,
        "dvar": 0.000776361848693,
        "dvar2": 0.00163416948635,
        "max": 0.379623234272,
        "mean": 0.171695813537,
        "median": 0.164284959435,
        "min": 0.0313126854599,
        "var": 0.00253547541797
    },
    "melbands_kurtosis": {
        "dmean": 4.57190752029,
        "dmean2": 7.03032016754,
        "dvar": 99.0609970093,
        "dvar2": 216.112854004,
        "max": 202.069915771,
        "mean": 8.07879829407,
        "median": 2.94561672211,
        "min": -1.65370380878,
        "var": 239.337493896
    },
    "melbands_skewness": {
        "dmean": 0.643763959408,
        "dmean2": 0.951040565968,
        "dvar": 0.565047442913,
        "dvar2": 1.15280926228,
        "max": 11.8298997879,
        "mean": 2.06066393852,
        "median": 1.65517711639,
        "min": -1.11334848404,
        "var": 2.49375152588
    },
    "melbands_spread": {
        "dmean": 9.57536125183,
        "dmean2": 14.214717865,
        "dvar": 93.835105896,
        "dvar2": 223.647796631,
        "max": 113.202339172,
        "mean": 34.2999038696,
        "median": 32.1205825806,
        "min": 1.36383259296,
        "var": 327.272125244
    },
    "pitch_salience": {
        "dmean": 0.0604576356709,
        "dmean2": 0.0964258685708,
        "dvar": 0.00323365652002,
        "dvar2": 0.00721822725609,
        "max": 0.747550845146,
        "mean": 0.480072408915,
        "median": 0.485524982214,
        "min": 0.135231420398,
        "var": 0.00913406349719
    },
    "silence_rate_20dB": {
        "dmean": 0,
        "dmean2": 0,
        "dvar": 0,
        "dvar2": 0,
        "max": 1,
        "mean": 1,
        "median": 1,
        "min": 1,
        "var": 0
    },
    "silence_rate_30dB": {
        "dmean": 0,
        "dmean2": 0,
        "dvar": 0,
        "dvar2": 0,
        "max": 1,
        "mean": 1,
        "median": 1,
        "min": 1,
        "var": 0
    },
    "silence_rate_60dB": {
        "dmean": 0.0340557284653,
        "dmean2": 0.0681642144918,
        "dvar": 0.032895848155,
        "dvar2": 0.0821079835296,
        "max": 1,
        "mean": 0.0286156218499,
        "median": 0,
        "min": 0,
        "var": 0.0277967657894
    },
    "spectral_centroid": {
        "dmean": 302.178741455,
        "dmean2": 466.464324951,
        "dvar": 93488.0390625,
        "dvar2": 220443.296875,
        "max": 3538.40673828,
        "mean": 1830.34765625,
        "median": 1876.44665527,
        "min": 370.745605469,
        "var": 306494.75
    },
    "spectral_complexity": {
        "dmean": 4.58978319168,
        "dmean2": 6.56467866898,
        "dvar": 23.5143756866,
        "dvar2": 44.3867454529,
        "max": 48,
        "mean": 18.150812149,
        "median": 17,
        "min": 1,
        "var": 82.5225219727
    },
    "spectral_decrease": {
        "dmean": 1.48401047007e-09,
        "dmean2": 2.06027395144e-09,
        "dvar": 2.90645004267e-18,
        "dvar2": 5.65059484144e-18,
        "max": -1.24829438453e-10,
        "mean": -4.68481431426e-09,
        "median": -4.05555189431e-09,
        "min": -2.1972118347e-08,
        "var": 9.97135540032e-18
    },
    "spectral_energy": {
        "dmean": 0.006254858803,
        "dmean2": 0.00865562446415,
        "dvar": 5.04012059537e-05,
        "dvar2": 9.67189407675e-05,
        "max": 0.0903492048383,
        "mean": 0.0195959471166,
        "median": 0.0169074069709,
        "min": 0.000511768099386,
        "var": 0.000179672380909
    },
    "spectral_energyband_high": {
        "dmean": 0.000527284864802,
        "dmean2": 0.000855191261508,
        "dvar": 5.14805662988e-07,
        "dvar2": 1.2464934116e-06,
        "max": 0.00499058468267,
        "mean": 0.000674473471008,
        "median": 0.000398558069719,
        "min": 1.09221464299e-05,
        "var": 5.97524035584e-07
    },
    "spectral_energyband_low": {
        "dmean": 0.00174981192686,
        "dmean2": 0.00280094216578,
        "dvar": 7.73459487391e-06,
        "dvar2": 1.81245159183e-05,
        "max": 0.0221929587424,
        "mean": 0.00577684724703,
        "median": 0.00583595596254,
        "min": 1.27017528939e-05,
        "var": 1.26627173813e-05
    },
    "spectral_energyband_middle_high": {
        "dmean": 0.00286276522093,
        "dmean2": 0.00362420501187,
        "dvar": 1.67513480847e-05,
        "dvar2": 2.78422030533e-05,
        "max": 0.0764560773969,
        "mean": 0.00754652125761,
        "median": 0.00446980912238,
        "min": 6.80235534674e-05,
        "var": 9.00708910194e-05
    },
    "spectral_energyband_middle_low": {
        "dmean": 0.00322910142131,
        "dmean2": 0.00493432627991,
        "dvar": 2.16534899664e-05,
        "dvar2": 5.2259369113e-05,
        "max": 0.0521074011922,
        "mean": 0.0059275762178,
        "median": 0.00406089052558,
        "min": 9.02777755982e-05,
        "var": 3.59891673725e-05
    },
    "spectral_entropy": {
        "dmean": 0.19048897922,
        "dmean2": 0.281511306763,
        "dvar": 0.034611992538,
        "dvar2": 0.0750741809607,
        "max": 8.42550468445,
        "mean": 7.6134185791,
        "median": 7.62356996536,
        "min": 6.54036140442,
        "var": 0.0957187414169
    },
    "spectral_flux": {
        "dmean": 0.0235587693751,
        "dmean2": 0.0354578308761,
        "dvar": 0.000541938235983,
        "dvar2": 0.00113019079436,
        "max": 0.22966067493,
        "mean": 0.0720714852214,
        "median": 0.0675990059972,
        "min": 0.0090698339045,
        "var": 0.00131124723703
    },
    "spectral_kurtosis": {
        "dmean": 1.61010622978,
        "dmean2": 2.71225523949,
        "dvar": 2.0011472702,
        "dvar2": 5.78133773804,
        "max": 13.8998203278,
        "mean": 3.52098059654,
        "median": 3.2276968956,
        "min": 0.173936367035,
        "var": 3.69826817513
    },
    "spectral_rms": {
        "dmean": 0.000708432518877,
        "dmean2": 0.000952377391513,
        "dvar": 5.28069620032e-07,
        "dvar2": 9.62379999692e-07,
        "max": 0.00938858650625,
        "mean": 0.00412785075605,
        "median": 0.00406140740961,
        "min": 0.000706601655111,
        "var": 2.07882817449e-06
    },
    "spectral_rolloff": {
        "dmean": 603.463623047,
        "dmean2": 996.749694824,
        "dvar": 627996.75,
        "dvar2": 1513259,
        "max": 8311.81640625,
        "mean": 1881.4317627,
        "median": 1787.25585938,
        "min": 86.1328125,
        "var": 1129573
    },
    "spectral_skewness": {
        "dmean": 0.227807462215,
        "dmean2": 0.379329651594,
        "dvar": 0.0341458283365,
        "dvar2": 0.0960573703051,
        "max": 2.18196415901,
        "mean": 1.21764659882,
        "median": 1.19446265697,
        "min": 0.469487637281,
        "var": 0.0841101706028
    },
    "spectral_spread": {
        "dmean": 575210.75,
        "dmean2": 849692.375,
        "dvar": 480891109376,
        "dvar2": 851349733376,
        "max": 21464518,
        "mean": 3888252,
        "median": 3757156,
        "min": 1944766.75,
        "var": 1.03054757069e+12
    },
    "spectral_strongpeak": {
        "dmean": 0.663962602615,
        "dmean2": 1.14906322956,
        "dvar": 1.52658724785,
        "dvar2": 3.61837387085,
        "max": 11.3749256134,
        "mean": 1.06094443798,
        "median": 0.323925614357,
        "min": 0.0178424287587,
        "var": 2.72290110588
    },
    "zerocrossingrate": {
        "dmean": 0.0105437757447,
        "dmean2": 0.0130493259057,
        "dvar": 9.44469938986e-05,
        "dvar2": 0.000131501961732,
        "max": 0.1650390625,
        "mean": 0.0668095648289,
        "median": 0.06787109375,
        "min": 0.0068359375,
        "var": 0.000522643094882
    },
    "barkbands": {
        "dmean": [6.29899022897e-06, 0.00114379264414, 0.000720424402971, 0.000187705401913, 0.000588691618759, 0.000502666516695, 0.000504350580741, 0.00109790777788, 0.00102528603747, 0.000882026506588, 0.000256571656791, 0.00027069170028, 0.000596970960032, 0.000700446951669, 0.000656550633721, 0.000332790339598, 0.000260837055976, 0.000484232296003, 0.000274362188065, 0.00017874322657, 0.000137397568324, 0.000155990725034, 8.57984632603e-05, 6.96465795045e-05, 2.35921779677e-05, 8.7979979071e-06, 1.99640060039e-09],
        "dmean2": [1.06061834231e-05, 0.0018539034063, 0.0011809761636, 0.00030703653465, 0.000908994814381, 0.00082598667359, 0.000817348191049, 0.00169661047403, 0.00172656530049, 0.00128932995722, 0.000406599749113, 0.000393995578634, 0.000886094290763, 0.00111852004193, 0.000971535977442, 0.000511264312081, 0.000390783097828, 0.000681554607581, 0.000399928103434, 0.000278895226074, 0.000223334791372, 0.000257303472608, 0.000144780526171, 0.000113883506856, 3.816555909e-05, 1.50019895955e-05, 2.62256882877e-09],
        "dvar": [3.11278391951e-10, 4.53447773907e-06, 1.50844084601e-06, 1.73434102635e-07, 1.15375837595e-06, 8.42250415189e-07, 1.63643449014e-06, 4.44349097961e-06, 9.09487243916e-06, 9.4617034847e-06, 5.03515252603e-07, 1.05277649709e-06, 2.39316022999e-06, 3.64774473383e-06, 2.00948534257e-06, 3.57733625833e-07, 1.54214504278e-07, 6.12393762367e-07, 1.49028821284e-07, 5.26943111367e-08, 3.82277889344e-08, 5.746469256e-08, 1.51155941097e-08, 1.07429194429e-08, 1.50130807786e-09, 3.17043585829e-10, 1.72540166663e-15],
        "dvar2": [5.2687632035e-10, 1.04675373223e-05, 3.39617736245e-06, 4.29610054198e-07, 2.71534077001e-06, 1.99588521355e-06, 4.12419649365e-06, 1.052414882e-05, 2.29962370213e-05, 1.8416743842e-05, 1.30956152589e-06, 2.15081990973e-06, 4.57272608401e-06, 7.68356494518e-06, 3.84864597436e-06, 7.64674098264e-07, 3.19268480098e-07, 1.12481507131e-06, 3.0729100331e-07, 1.13154669634e-07, 9.22588725416e-08, 1.42060613939e-07, 3.83989586794e-08, 2.74870792794e-08, 3.73618114224e-09, 8.43285996588e-10, 1.72863479139e-15],
        "max": [0.00047677377006, 0.0189120005816, 0.0132955526933, 0.00510273920372, 0.0111451689154, 0.0101833194494, 0.020990755409, 0.0196925345808, 0.0327101685107, 0.0593914836645, 0.0173762533814, 0.0268593858927, 0.0456890128553, 0.0337728857994, 0.0245793592185, 0.00732074864209, 0.00425227778032, 0.0104858074337, 0.00491432100534, 0.00278791971505, 0.00153799063992, 0.00212975335307, 0.000977128394879, 0.000706852879375, 0.000359713827493, 0.000157701215358, 1.48674121192e-06],
        "mean": [6.23329788141e-06, 0.00347565673292, 0.00213464372791, 0.000275032740319, 0.00101954990532, 0.000728755432647, 0.000614108052105, 0.00176892627496, 0.00128872785717, 0.00141005497426, 0.000354804680683, 0.00039128397475, 0.000959696655627, 0.000925204309169, 0.00100889289752, 0.000544688839, 0.000429134553997, 0.000919510785025, 0.000500160153024, 0.000297356949886, 0.000165127508808, 0.000174311295268, 8.90017545316e-05, 8.10216442915e-05, 2.65026974375e-05, 7.56056033424e-06, 1.86470194841e-09],
        "median": [1.71961471551e-06, 0.0015193335712, 0.00106634187978, 9.28166482481e-05, 0.000344899250194, 0.000345359818311, 0.000158279959578, 0.000655196607113, 0.000196837063413, 0.000142451317515, 0.000112338049803, 7.54360517021e-05, 0.00015279991203, 0.000207815406611, 0.000257829087786, 0.000218742483412, 0.000190141916391, 0.000416585040512, 0.000233934042626, 0.000151403073687, 8.89089715201e-05, 7.77751847636e-05, 4.33036038885e-05, 4.19410389441e-05, 1.12400985017e-05, 1.74461717961e-06, 2.59733623498e-10],
        "min": [1.6194757535e-08, 4.48009222964e-06, 1.9613294171e-06, 2.27977395184e-07, 2.39805467572e-06, 6.29927308182e-06, 1.63925506058e-06, 3.25010159941e-06, 9.65478875514e-07, 1.45425133269e-06, 1.47845105403e-06, 8.45548868256e-07, 1.12677571451e-06, 4.81659435536e-06, 3.95284405386e-06, 2.2429596811e-06, 2.869923037e-06, 5.43408259546e-06, 4.51267214885e-06, 3.12714996653e-06, 2.97299288832e-06, 1.26812517465e-06, 8.15621149286e-07, 2.51853947475e-07, 2.55699628138e-10, 1.23278141168e-11, 1.34141560706e-11],
        "var": [3.44971412547e-10, 1.21680741358e-05, 4.89582544105e-06, 2.42896504687e-07, 2.3777174647e-06, 1.24790778955e-06, 1.96764517568e-06, 7.34964987714e-06, 1.13423475341e-05, 2.39946839429e-05, 6.18094986748e-07, 1.75634090738e-06, 8.93773176358e-06, 5.41992949366e-06, 4.5365582082e-06, 7.96354640897e-07, 3.46879488689e-07, 1.82412748018e-06, 4.06923987839e-07, 1.34948265895e-07, 4.1692555186e-08, 6.2771455589e-08, 1.41175187096e-08, 1.13155529391e-08, 1.56682056218e-09, 2.51243303939e-10, 1.72438427419e-15]
    },
    "erbbands": {
        "dmean": [0.0188504364341, 0.305732309818, 0.826372921467, 0.686502158642, 1.04072523117, 1.67251765728, 4.65033721924, 4.10245084763, 4.19082355499, 23.4298591614, 14.3703012466, 27.4765014648, 18.6953678131, 25.8182601929, 10.5110359192, 11.5912284851, 28.4715824127, 27.1282653809, 44.1030654907, 22.7009677887, 15.352730751, 12.9369182587, 23.2769527435, 18.4411811829, 13.0367536545, 8.86649227142, 5.12097835541, 6.07017374039, 5.34012889862, 4.25382041931, 2.30540084839, 1.81695353985, 0.923608720303, 0.344836056232, 0.141849339008, 0.056676350534, 0.0121787050739, 0.000673868868034, 1.92083680304e-05, 8.93570631888e-06],
        "dmean2": [0.0308802630752, 0.49339902401, 1.34283173084, 1.12013339996, 1.61270260811, 2.74966669083, 7.26314973831, 6.74969530106, 6.63039588928, 37.6829795837, 21.9939250946, 45.728187561, 29.1842269897, 35.1735343933, 15.3264513016, 17.1767158508, 41.8120994568, 42.3239860535, 65.6713638306, 33.5042915344, 22.5480747223, 18.6635169983, 32.3671264648, 26.7569313049, 18.4124794006, 13.7020673752, 8.2286567688, 9.95468139648, 8.75751304626, 7.22131729126, 3.90629315376, 3.02308511734, 1.50759959221, 0.55881524086, 0.229151129723, 0.0964797437191, 0.0206424314529, 0.00115958927199, 3.09411807393e-05, 1.25896631289e-05],
        "dvar": [0.00156561064068, 0.305722624063, 1.91066193581, 1.42899143696, 9.40906143188, 10.2061986923, 78.6613693237, 67.4442367554, 184.871582031, 3007.11474609, 684.615905762, 7145.40722656, 6042.61474609, 7351.24609375, 485.526702881, 1573.46240234, 5983.55371094, 5434.02441406, 8857.08496094, 1675.14160156, 914.051635742, 377.340362549, 1418.59533691, 986.016723633, 303.77835083, 125.650054932, 52.1505966187, 85.1225738525, 68.9773635864, 44.8249855042, 11.1286897659, 7.85781288147, 1.92868340015, 0.304925858974, 0.0571856535971, 0.0126390857622, 0.000635314907413, 1.91361118596e-06, 1.13277542901e-09, 1.01033674482e-10],
        "dvar2": [0.00381273846142, 0.704332411289, 4.41293048859, 3.43596029282, 21.5656337738, 26.7223358154, 187.052780151, 159.197418213, 469.475311279, 7761.43701172, 1519.66149902, 18137.40625, 14694.1025391, 10692.7099609, 1055.52722168, 3138.38745117, 12069.7626953, 12159.1269531, 18064.4765625, 3531.53515625, 1802.87548828, 723.753051758, 2801.71166992, 2111.14477539, 533.571655273, 284.781738281, 125.590423584, 204.70513916, 169.114883423, 113.181510925, 28.5569534302, 20.3466434479, 4.85402107239, 0.757941126823, 0.142891660333, 0.0334895774722, 0.00167292309925, 5.02458124174e-06, 2.88974444373e-09, 2.03388195175e-10],
        "max": [0.344969063997, 5.08988142014, 13.6462564468, 17.519109726, 43.2000312805, 39.9312515259, 98.6790466309, 118.764953613, 277.222473145, 410.009368896, 477.466827393, 949.341918945, 1981.28662109, 2197.57519531, 387.265930176, 1138.62133789, 2264.58032227, 1236.06433105, 1614.38330078, 729.466064453, 456.287384033, 243.055099487, 594.134460449, 441.579711914, 238.646820068, 148.624359131, 60.8530921936, 71.4002914429, 81.8375473022, 62.1889076233, 25.8136463165, 22.3408527374, 11.3031234741, 5.11134719849, 1.90149927139, 0.982702732086, 0.209145799279, 0.0106699187309, 0.000240676527028, 0.00011004654516],
        "mean": [0.049047280103, 0.966738641262, 2.69620418549, 1.48391342163, 1.82508802414, 2.56042122841, 7.38762903214, 5.8069653511, 6.18840122223, 32.3796691895, 23.9346504211, 35.4296646118, 25.3551883698, 45.7650146484, 17.186132431, 19.2905902863, 46.9702720642, 39.2227745056, 67.5556945801, 37.8252563477, 27.3205127716, 24.7092399597, 43.616104126, 35.4644851685, 25.6637821198, 15.2985687256, 7.21035385132, 6.97337913513, 6.084192276, 4.32764530182, 2.38709592819, 1.92120814323, 1.14288330078, 0.407477229834, 0.149301484227, 0.0505582988262, 0.0104451104999, 0.000582752516493, 2.71392418654e-05, 2.58838990703e-05],
        "median": [0.0123266410083, 0.552781522274, 2.0571141243, 1.07685339451, 0.435129791498, 1.04242610931, 2.53896617889, 2.53588557243, 2.31193757057, 7.6933093071, 12.4659080505, 6.46063375473, 4.31851816177, 6.3479180336, 5.19638586044, 4.42188549042, 8.61877536774, 12.1699285507, 18.4457969666, 14.6643152237, 11.6013326645, 11.8016881943, 22.0992107391, 16.9032287598, 12.098482132, 7.90849113464, 4.36069917679, 3.51562595367, 2.78180551529, 1.83291435242, 1.18682861328, 0.936024785042, 0.574426412582, 0.193271070719, 0.0523283705115, 0.0133820129558, 0.00220029428601, 0.000106891944597, 1.59562514455e-05, 2.2003920094e-05],
        "min": [9.6761068562e-05, 0.000522434478626, 0.00220282375813, 0.0035875805188, 0.00878996867687, 0.0123724965379, 0.0339757688344, 0.0558314993978, 0.055764336139, 0.0898511633277, 0.0961862653494, 0.0493585169315, 0.0491208098829, 0.0720115453005, 0.0669293403625, 0.0640566945076, 0.109228931367, 0.2695761621, 0.304124355316, 0.269517421722, 0.14021115005, 0.229783952236, 0.260347932577, 0.191534206271, 0.231341481209, 0.18723320961, 0.114584699273, 0.104022890329, 0.0540143437684, 0.0391295328736, 0.0249583069235, 0.00808728393167, 0.00139014516026, 0.000132809611387, 1.22038545669e-05, 3.27019256474e-06, 1.03836453036e-06, 2.72312149718e-07, 3.56450811978e-07, 6.32173112081e-07],
        "var": [0.00361809064634, 0.790188908577, 4.69856119156, 2.51240897179, 19.6841259003, 15.0814285278, 166.289276123, 103.262184143, 231.87020874, 3669.77416992, 1416.16772461, 9035.11035156, 7487.53808594, 27815.9375, 1009.59887695, 3337.29467773, 21698.3671875, 7593.14160156, 17775.0527344, 4054.81323242, 2155.46606445, 1014.17816162, 3493.71704102, 3113.61425781, 1139.87487793, 334.128356934, 67.9297790527, 87.4025268555, 76.9677276611, 42.4243927002, 10.2059822083, 7.39761638641, 2.22604751587, 0.327973037958, 0.0589430257678, 0.0101605262607, 0.000516779255122, 1.64338166542e-06, 1.16212317547e-09, 3.26335958256e-10]
    },
    "gfcc": {
        "mean": [-10.4755744934, 92.2081832886, -146.675613403, 53.4064674377, -59.3468360901, 20.2970924377, -35.0373649597, 15.6125564575, -11.333978653, 2.5151181221, -7.68667316437, -9.85243415833, -10.4194374084],
        "cov": [[3065.39746094, -937.382263184, -37.5857963562, -278.702880859, 22.5822086334, 183.021560669, -92.9155960083, 289.269378662, -304.267242432, 170.862457275, -298.024688721, 216.882766724, -155.196792603], [-937.382263184, 712.891113281, -22.4756908417, 98.4104003906, 87.692527771, -69.9713897705, 126.417221069, -125.489196777, 141.736816406, -132.432998657, 146.277740479, -145.298950195, 76.8751373291], [-37.5857963562, -22.4756908417, 494.049621582, 177.163726807, -31.2971172333, 47.1404418945, -96.4649200439, 3.58108878136, 13.9133262634, 55.8205108643, -47.6242370605, 72.5407485962, 4.61013221741], [-278.702880859, 98.4104003906, 177.163726807, 366.146972656, 87.5949325562, -38.6640930176, -76.8854675293, -76.8018341064, 84.6131820679, -59.2458992004, 6.37100458145, -32.8847007751, 65.9113464355], [22.5822086334, 87.692527771, -31.2971172333, 87.5949325562, 242.889556885, 30.2126846313, 28.1638240814, 2.33717226982, -20.315448761, -44.0816955566, -25.5334205627, -22.5595912933, 31.5212039948], [183.021560669, -69.9713897705, 47.1404418945, -38.6640930176, 30.2126846313, 188.98526001, 74.7583465576, 1.41815328598, -75.642036438, 13.5058412552, 4.76769447327, 28.2475700378, -6.29027986526], [-92.9155960083, 126.417221069, -96.4649200439, -76.8854675293, 28.1638240814, 74.7583465576, 190.049118042, 2.11454534531, -10.2825422287, -14.816906929, 60.2141609192, -24.0572052002, -13.5696439743], [289.269378662, -125.489196777, 3.58108878136, -76.8018341064, 2.33717226982, 1.41815328598, 2.11454534531, 164.657302856, 26.0952529907, 58.379611969, -40.3702125549, 30.6455192566, -14.0160093307], [-304.267242432, 141.736816406, 13.9133262634, 84.6131820679, -20.315448761, -75.642036438, -10.2825422287, 26.0952529907, 215.637573242, 27.8500938416, 34.2707862854, -50.5254936218, 18.858549118], [170.862457275, -132.432998657, 55.8205108643, -59.2458992004, -44.0816955566, 13.5058412552, -14.816906929, 58.379611969, 27.8500938416, 132.96572876, 4.73615837097, 46.4756965637, -37.4737854004], [-298.024688721, 146.277740479, -47.6242370605, 6.37100458145, -25.5334205627, 4.76769447327, 60.2141609192, -40.3702125549, 34.2707862854, 4.73615837097, 150.733108521, 1.79702460766, 24.2596874237], [216.882766724, -145.298950195, 72.5407485962, -32.8847007751, -22.5595912933, 28.2475700378, -24.0572052002, 30.6455192566, -50.5254936218, 46.4756965637, 1.79702460766, 138.812805176, 31.8741226196], [-155.196792603, 76.8751373291, 4.61013221741, 65.9113464355, 31.5212039948, -6.29027986526, -13.5696439743, -14.0160093307, 18.858549118, -37.4737854004, 24.2596874237, 31.8741226196, 121.306610107]],
        "icov": [[0.000742487609386, 9.81849443633e-05, 0.000577972037718, -0.000395078823203, 6.42049490125e-05, -0.000617506855633, 0.000307344103931, -0.000911883194931, 0.000631732400507, -0.000392958143493, 0.000989655614831, -0.000892114476301, 0.00077760219574], [9.81849443633e-05, 0.00829328037798, -0.00529191643, 0.00547321513295, -0.00452186260372, 0.00463323201984, -0.00438972283155, 0.0043096053414, -0.00449374923483, 0.00605461839586, -0.00630265986547, 0.00662692682818, -0.00439247395843], [0.000577972037718, -0.00529191643, 0.007872662507, -0.00671180943027, 0.00425648503006, -0.00524482643232, 0.00378338713199, -0.00380124873482, 0.00335263391025, -0.00554922409356, 0.0061953170225, -0.00690141320229, 0.00438566645607], [-0.000395078823203, 0.00547321513295, -0.00671180943027, 0.0110814440995, -0.00597244827077, 0.00376909296028, -0.000907765468583, 0.00583679182455, -0.00618020026013, 0.00679242098704, -0.00600622035563, 0.00593289546669, -0.00471838470548], [6.42049490125e-05, -0.00452186260372, 0.00425648503006, -0.00597244827077, 0.00861181970686, -0.00347415544093, 0.00087864586385, -0.00392608996481, 0.00406005652621, -0.00365182687528, 0.00530895078555, -0.00299647869542, 0.0012241784716], [-0.000617506855633, 0.00463323201984, -0.00524482643232, 0.00376909296028, -0.00347415544093, 0.0121327098459, -0.0070564779453, 0.00359997805208, 5.77774371777e-05, 0.00174358615186, -0.00415045488626, 0.00488458387554, -0.00434011686593], [0.000307344103931, -0.00438972283155, 0.00378338713199, -0.000907765468583, 0.00087864586385, -0.0070564779453, 0.0126579198986, -0.00361797702499, 0.00111894158181, -0.000628267822322, -0.000468941900181, -0.00309827830642, 0.00446806848049], [-0.000911883194931, 0.0043096053414, -0.00380124873482, 0.00583679182455, -0.00392608996481, 0.00359997805208, -0.00361797702499, 0.0132664619014, -0.00600770069286, 0.00104978610761, -0.00130345509388, 0.00272674625739, -0.00378723372705], [0.000631732400507, -0.00449374923483, 0.00335263391025, -0.00618020026013, 0.00406005652621, 5.77774371777e-05, 0.00111894158181, -0.00600770069286, 0.0126204993576, -0.00830709841102, 0.00294636399485, 0.000600447005127, -9.59916724241e-06], [-0.000392958143493, 0.00605461839586, -0.00554922409356, 0.00679242098704, -0.00365182687528, 0.00174358615186, -0.000628267822322, 0.00104978610761, -0.00830709841102, 0.0202285852283, -0.00797100458294, -7.86438031355e-05, 0.0024260666687], [0.000989655614831, -0.00630265986547, 0.0061953170225, -0.00600622035563, 0.00530895078555, -0.00415045488626, -0.000468941900181, -0.00130345509388, 0.00294636399485, -0.00797100458294, 0.0171046573669, -0.00787991192192, 0.00221987208351], [-0.000892114476301, 0.00662692682818, -0.00690141320229, 0.00593289546669, -0.00299647869542, 0.00488458387554, -0.00309827830642, 0.00272674625739, 0.000600447005127, -7.86438031355e-05, -0.00787991192192, 0.0208746902645, -0.0113286757842], [0.00077760219574, -0.00439247395843, 0.00438566645607, -0.00471838470548, 0.0012241784716, -0.00434011686593, 0.00446806848049, -0.00378723372705, -9.59916724241e-06, 0.0024260666687, 0.00221987208351, -0.0113286757842, 0.0172218419611]]
    },
    "melbands": {
        "dmean": [0.000250311481068, 0.000422229670221, 0.000127347128, 9.08691436052e-05, 0.000149717699969, 9.03320178622e-05, 6.93617330398e-05, 0.00027003113064, 0.000115996379463, 0.00016764094471, 9.31714675971e-05, 0.000111717374239, 3.64632942365e-05, 2.8184891562e-05, 4.98618064739e-05, 5.61920242035e-05, 5.82402899454e-05, 7.9882418504e-05, 3.6168636143e-05, 2.65788712568e-05, 1.85343469639e-05, 1.37089227792e-05, 2.13560851989e-05, 2.4979648515e-05, 1.52085940499e-05, 1.01821588032e-05, 7.45749002817e-06, 5.95855181018e-06, 3.40093743034e-06, 3.27806219502e-06, 3.6326996451e-06, 3.05506341647e-06, 3.13952978104e-06, 2.01405146072e-06, 1.28898886942e-06, 1.40819997796e-06, 9.77669174063e-07, 6.69152370847e-07, 4.91268394853e-07, 2.54599484606e-07],
        "dmean2": [0.000408547639381, 0.000677637755871, 0.000204803567613, 0.00014622186427, 0.000234150153119, 0.00014846175327, 0.000109098727989, 0.000430254818639, 0.000180778486538, 0.000277733808616, 0.000145654077642, 0.000151906511746, 5.54636644665e-05, 4.04010461352e-05, 7.35995417926e-05, 8.38855412439e-05, 9.14357733564e-05, 0.000120525473903, 5.1962750149e-05, 3.9825339627e-05, 2.77342660411e-05, 2.05202177312e-05, 2.97764763673e-05, 3.6005556467e-05, 2.28630997299e-05, 1.49928127939e-05, 1.07464184111e-05, 9.47512216953e-06, 5.45010743735e-06, 5.43621399629e-06, 5.99471559326e-06, 5.00030137118e-06, 5.36013021701e-06, 3.42117027685e-06, 2.19922435463e-06, 2.38648931372e-06, 1.63149388754e-06, 1.1130208577e-06, 7.93617118688e-07, 4.2533793021e-07],
        "dvar": [2.42658757088e-07, 4.46836111223e-07, 4.80874469133e-08, 4.03658475534e-08, 8.63458993194e-08, 3.05592600114e-08, 4.49200570074e-08, 3.7242733697e-07, 5.50788037401e-08, 2.63314689164e-07, 1.62167111739e-07, 1.42531519032e-07, 6.91217438842e-09, 6.55637277802e-09, 2.61141490654e-08, 1.84041777374e-08, 2.85418639834e-08, 3.01146592108e-08, 4.33386704302e-09, 2.28815988379e-09, 1.36667976935e-09, 4.7884929355e-10, 1.0611987955e-09, 2.14395257103e-09, 7.59325324839e-10, 2.14262663167e-10, 1.08252525e-10, 6.21009146884e-11, 2.55505113594e-11, 2.20154519615e-11, 3.13611289715e-11, 2.4113020608e-11, 2.94824650804e-11, 9.0396874014e-12, 3.58393046143e-12, 5.42371052584e-12, 2.19106850718e-12, 1.05168759985e-12, 6.09552339159e-13, 2.15011249907e-13],
        "dvar2": [5.63787523333e-07, 1.0602053635e-06, 1.12675728303e-07, 9.98673925778e-08, 2.02489530921e-07, 7.20049655456e-08, 1.11636474287e-07, 9.3915468824e-07, 1.31998092456e-07, 6.58255260078e-07, 3.93711218294e-07, 2.07307749633e-07, 1.65867319879e-08, 1.18898038082e-08, 5.60991431087e-08, 3.68806958306e-08, 6.33206909129e-08, 6.32232612929e-08, 7.68256747108e-09, 5.07918107573e-09, 2.72128852785e-09, 1.00135533199e-09, 2.09751283009e-09, 4.06225053595e-09, 1.69895120194e-09, 4.2670553202e-10, 2.02664357518e-10, 1.4169219964e-10, 6.19096024446e-11, 5.38164859898e-11, 7.55513360207e-11, 5.8675252157e-11, 7.64426230648e-11, 2.26112826379e-11, 9.29072530714e-12, 1.40959613773e-11, 5.62630671219e-12, 2.67158842791e-12, 1.50059240207e-12, 5.54493408654e-13],
        "max": [0.00409866170958, 0.00637906836346, 0.00256039621308, 0.00250376062468, 0.00345093547367, 0.00239975936711, 0.00452604563907, 0.00442414544523, 0.00341846770607, 0.0057641682215, 0.0101685104892, 0.00977104157209, 0.00162211700808, 0.00158866285346, 0.00492029916495, 0.00283622322604, 0.00300637120381, 0.00274478527717, 0.00146466458682, 0.000617320183665, 0.00056641473202, 0.000301704916637, 0.000448730890639, 0.000702093180735, 0.000378232973162, 0.00023429490102, 0.000170037004864, 0.000120747063193, 5.67875868001e-05, 3.65354862879e-05, 4.50095067208e-05, 5.22329537489e-05, 5.48313801119e-05, 2.29693159781e-05, 1.41546170198e-05, 1.70953735505e-05, 1.28613364723e-05, 8.65788297233e-06, 6.70355893817e-06, 5.40938026461e-06],
        "mean": [0.000741430325434, 0.00142206915189, 0.000281180691672, 0.000142628428875, 0.000243612230406, 0.000127589097247, 9.57664669841e-05, 0.000392498302972, 0.000183148134965, 0.000213719788007, 0.000122961835586, 0.000196077206056, 5.44585636817e-05, 4.18038835051e-05, 8.35655810079e-05, 8.55569523992e-05, 7.40379473427e-05, 0.000115317438031, 5.83955006732e-05, 4.21023141826e-05, 3.017905874e-05, 2.23529987124e-05, 3.75097952201e-05, 4.16242874053e-05, 2.72443303402e-05, 1.86073393706e-05, 1.43645220305e-05, 9.08936181077e-06, 4.53085431218e-06, 3.80376764042e-06, 4.04830689149e-06, 3.51368271367e-06, 3.13137047669e-06, 2.05848937185e-06, 1.33948265102e-06, 1.35164134463e-06, 1.07773439595e-06, 8.2639979837e-07, 5.9875134184e-07, 2.68428806294e-07],
        "median": [0.00027049286291, 0.00148663367145, 0.000203148112632, 5.24250499438e-05, 8.37281841086e-05, 5.59148029424e-05, 2.92338663712e-05, 9.81456178124e-05, 8.92538955668e-05, 3.21333609463e-05, 1.59278588399e-05, 2.34589224419e-05, 1.65747624123e-05, 9.41279904509e-06, 1.25224614749e-05, 1.55586949404e-05, 1.7868975192e-05, 2.7803802368e-05, 1.77513084054e-05, 1.50798423419e-05, 1.18316302178e-05, 9.53713970375e-06, 1.54779791046e-05, 1.8255545001e-05, 1.10334422061e-05, 8.38102278067e-06, 6.86265229888e-06, 4.46397325504e-06, 2.47566799771e-06, 2.01200782612e-06, 1.93037112695e-06, 1.58485568136e-06, 1.24565190163e-06, 9.18993180221e-07, 6.69372582252e-07, 5.55262317903e-07, 5.39221957752e-07, 4.21048582666e-07, 2.69604612413e-07, 1.10866480441e-07],
        "min": [1.19305150292e-06, 9.63292109191e-07, 6.23826508672e-07, 4.93315837957e-07, 8.403302445e-07, 1.30606099447e-06, 3.69890244656e-07, 1.12200825697e-06, 5.23383619111e-07, 1.37459920779e-07, 2.30555542657e-07, 1.9930057249e-07, 1.67357683267e-07, 1.01377352735e-07, 1.77758082032e-07, 1.22082283838e-07, 3.62132340115e-07, 4.43659160965e-07, 3.2997061794e-07, 2.47147710297e-07, 1.52770823547e-07, 1.51564407247e-07, 1.7388443041e-07, 1.63172103385e-07, 1.39795005794e-07, 1.66706385585e-07, 1.073794067e-07, 1.08481771122e-07, 6.54924789956e-08, 4.94216578772e-08, 4.77799915188e-08, 3.37920802451e-08, 1.83224653227e-08, 2.11800639249e-08, 9.67026281273e-09, 4.28979651801e-09, 2.8120994422e-09, 8.23376200554e-10, 1.55791490819e-10, 1.4620868535e-12],
