{
"highlevel": {
    "danceability": {
        "all": {
            "danceable": 0.892133593559,
            "not_danceable": 0.107866406441
        },
        "probability": 0.892133593559,
        "value": "danceable"
    },
    "gender": {
        "all": {
            "female": 0.404134750366,
            "male": 0.595865249634
        },
        "probability": 0.595865249634,
        "value": "male"
    },
    "genre_dortmund": {
        "all": {
            "alternative": 0.0201987735927,
            "blues": 0.26747405529,
            "electronic": 0.0245904456824,
            "folkcountry": 0.060643132776,
            "funksoulrnb": 0.020514106378,
            "jazz": 0.0256514493376,
            "pop": 0.0283221434802,
            "raphiphop": 0.373752385378,
            "rock": 0.178853496909
        },
        "probability": 0.373752385378,
        "value": "raphiphop"
    },
    "genre_electronic": {
        "all": {
            "ambient": 0.545975446701,
            "dnb": 0.302660703659,
            "house": 0.0972241684794,
            "techno": 0.0159419234842,
            "trance": 0.0381977371871
        },
        "probability": 0.545975446701,
        "value": "ambient"
    },
    "genre_rosamerica": {
        "all": {
            "cla": 0.0296992491931,
            "dan": 0.015841525048,
            "hip": 0.411617606878,
            "jaz": 0.0289862956852,
            "pop": 0.135655343533,
            "rhy": 0.230923965573,
            "roc": 0.134312316775,
            "spe": 0.0129636973143
        },
        "probability": 0.411617606878,
        "value": "hip"
    },
    "genre_tzanetakis": {
        "all": {
            "blu": 0.0626541376114,
            "cla": 0.0348133966327,
            "cou": 0.0783501937985,
            "dis": 0.104547761381,
            "hip": 0.15693578124,
            "jaz": 0.313987255096,
            "met": 0.044816005975,
            "pop": 0.0627349764109,
            "reg": 0.0627352520823,
            "roc": 0.0784252434969
        },
        "probability": 0.313987255096,
        "value": "jaz"
    },
    "ismir04_rhythm": {
        "all": {
            "ChaChaCha": 0.0252254530787,
            "Jive": 0.49970549345,
            "Quickstep": 0.121645845473,
            "Rumba-American": 0.00647193519399,
            "Rumba-International": 0.137318432331,
            "Rumba-Misc": 0.00817917659879,
            "Samba": 0.161739304662,
            "Tango": 0.00717732962221,
            "VienneseWaltz": 0.0210341177881,
            "Waltz": 0.0115029318258
        },
        "probability": 0.49970549345,
        "value": "Jive"
    },
    "mood_acoustic": {
        "all": {
            "acoustic": 0.0844754502177,
            "not_acoustic": 0.915524542332
        },
        "probability": 0.915524542332,
        "value": "not_acoustic"
    },
    "mood_aggressive": {
        "all": {
            "aggressive": 0.228996157646,
            "not_aggressive": 0.771003842354
        },
        "probability": 0.771003842354,
        "value": "not_aggressive"
    },
    "mood_electronic": {
        "all": {
            "electronic": 0.555294454098,
            "not_electronic": 0.444705545902
        },
        "probability": 0.555294454098,
        "value": "electronic"
    },
    "mood_happy": {
        "all": {
            "happy": 0.405414193869,
            "not_happy": 0.594585835934
        },
        "probability": 0.594585835934,
        "value": "not_happy"
    },
    "mood_party": {
        "all": {
            "not_party": 0.533131361008,
            "party": 0.466868638992
        },
        "probability": 0.533131361008,
        "value": "not_party"
    },
    "mood_relaxed": {
        "all": {
            "not_relaxed": 0.684797465801,
            "relaxed": 0.315202504396
        },
        "probability": 0.684797465801,
        "value": "not_relaxed"
    },
    "mood_sad": {
        "all": {
            "not_sad": 0.958238184452,
            "sad": 0.0417617857456
        },
        "probability": 0.958238184452,
        "value": "not_sad"
    },
    "moods_mirex": {
        "all": {
            "Cluster1": 0.303690105677,
            "Cluster2": 0.1748470366,
            "Cluster3": 0.219803348184,
            "Cluster4": 0.236543536186,
            "Cluster5": 0.065115980804
        },
        "probability": 0.303690105677,
        "value": "Cluster1"
    },
    "timbre": {
        "all": {
            "bright": 0.970931529999,
            "dark": 0.0290684886277
        },
        "probability": 0.970931529999,
        "value": "bright"
    },
    "tonal_atonal": {
        "all": {
            "atonal": 0.0416020415723,
            "tonal": 0.958397984505
        },
        "probability": 0.958397984505,
        "value": "tonal"
    },
    "voice_instrumental": {
        "all": {
            "instrumental": 0.00658831140026,
            "voice": 0.993411660194
        },
        "probability": 0.993411660194,
        "value": "voice"
    }
},
"lowlevel": {
    "average_loudness": 0.977669417858,
    "barkbands_crest": {
        "dmean": 3.27253007889,
        "dmean2": 5.23175001144,
        "dvar": 8.53104114532,
        "dvar2": 19.1409282684,
        "max": 25.0875320435,
        "mean": 10.6903076172,
        "median": 9.66872215271,
        "min": 2.91894698143,
        "var": 21.7179756165
    },
    "barkbands_flatness_db": {
        "dmean": 0.026888852939,
        "dmean2": 0.0396797694266,
        "dvar": 0.00061517994618,
        "dvar2": 0.00128390279133,
        "max": 0.406334221363,
        "mean": 0.171770229936,
        "median": 0.164175704122,
        "min": 0.0572544336319,
        "var": 0.00231939018704
    },
    "barkbands_kurtosis": {
        "dmean": 5.12433767319,
        "dmean2": 7.8311214447,
        "dvar": 76.8642883301,
        "dvar2": 161.361663818,
        "max": 97.1052017212,
        "mean": 5.86367225647,
        "median": 1.18714904785,
        "min": -1.8512442112,
        "var": 151.102020264
    },
    "barkbands_skewness": {
        "dmean": 0.860600352287,
        "dmean2": 1.21754825115,
        "dvar": 0.695452332497,
        "dvar2": 1.30496907234,
        "max": 8.20456790924,
        "mean": 1.73462426662,
        "median": 1.37115168571,
        "min": -1.3210144043,
        "var": 2.55028367043
    },
    "barkbands_spread": {
        "dmean": 6.87105989456,
        "dmean2": 10.3174543381,
        "dvar": 50.7107620239,
        "dvar2": 94.1694259644,
        "max": 83.6166305542,
        "mean": 21.7583751678,
        "median": 20.5435352325,
        "min": 1.03632283211,
        "var": 157.761993408
    },
    "dissonance": {
        "dmean": 0.0157704595476,
        "dmean2": 0.0262705404311,
        "dvar": 0.000224908537348,
        "dvar2": 0.000601238803938,
        "max": 0.499917984009,
        "mean": 0.471914589405,
        "median": 0.47676756978,
        "min": 0.351147115231,
        "var": 0.000391002366086
    },
    "dynamic_complexity": 2.35813832283,
    "erbbands_crest": {
        "dmean": 2.72293448448,
        "dmean2": 4.55432081223,
        "dvar": 5.40153503418,
        "dvar2": 14.0269908905,
        "max": 23.3698215485,
        "mean": 8.810131073,
        "median": 8.28889369965,
        "min": 2.89826059341,
        "var": 10.0194797516
    },
    "erbbands_flatness_db": {
        "dmean": 0.0228671077639,
        "dmean2": 0.0313986837864,
        "dvar": 0.000385510124033,
        "dvar2": 0.000708375591785,
        "max": 0.291454434395,
        "mean": 0.176258280873,
        "median": 0.179795488715,
        "min": 0.0660584196448,
        "var": 0.00162151956465
    },
    "erbbands_kurtosis": {
        "dmean": 1.10518610477,
        "dmean2": 1.74899315834,
        "dvar": 1.77743971348,
        "dvar2": 3.8347454071,
        "max": 14.2751636505,
        "mean": 0.239646449685,
        "median": -0.274488687515,
        "min": -1.8353869915,
        "var": 3.5940990448
    },
    "erbbands_skewness": {
        "dmean": 0.482463389635,
        "dmean2": 0.729253649712,
        "dvar": 0.174333035946,
        "dvar2": 0.357150822878,
        "max": 2.80502080917,
        "mean": -0.230163663626,
        "median": -0.247061982751,
        "min": -3.49548530579,
        "var": 0.75930249691
    },
    "erbbands_spread": {
        "dmean": 11.2590055466,
        "dmean2": 16.526594162,
        "dvar": 142.244262695,
        "dvar2": 250.843505859,
        "max": 156.666107178,
        "mean": 38.7673034668,
        "median": 35.4246444702,
        "min": 5.17960357666,
        "var": 418.863006592
    },
    "hfc": {
        "dmean": 7.60931539536,
        "dmean2": 10.0666151047,
        "dvar": 60.3520050049,
        "dvar2": 101.721679688,
        "max": 104.003974915,
        "mean": 18.4247875214,
        "median": 14.3077888489,
        "min": 0.00592373823747,
        "var": 223.444503784
    },
    "melbands_crest": {
        "dmean": 4.02843761444,
        "dmean2": 6.53065156937,
        "dvar": 12.090880394,
        "dvar2": 28.7809467316,
        "max": 31.9397830963,
        "mean": 15.5380010605,
        "median": 15.160695076,
        "min": 3.47517728806,
        "var": 34.4581947327
    },
    "melbands_flatness_db": {
        "dmean": 0.0344862267375,
        "dmean2": 0.0479627251625,
        "dvar": 0.000955569092184,
        "dvar2": 0.0018513406394,
        "max": 0.520319759846,
        "mean": 0.230664297938,
        "median": 0.220110327005,
        "min": 0.0655405074358,
        "var": 0.00441046617925
    },
    "melbands_kurtosis": {
        "dmean": 13.0774488449,
        "dmean2": 19.0509471893,
        "dvar": 428.600189209,
        "dvar2": 936.651123047,
        "max": 302.963562012,
        "mean": 19.1115341187,
        "median": 7.22715568542,
        "min": -1.78233802319,
        "var": 915.778991699
    },
    "melbands_skewness": {
        "dmean": 1.16714322567,
        "dmean2": 1.63218903542,
        "dvar": 1.34270513058,
        "dvar2": 2.51572680473,
        "max": 13.9004125595,
        "mean": 3.09007453918,
        "median": 2.56259036064,
        "min": -0.547037780285,
        "var": 4.82219600677
    },
    "melbands_spread": {
        "dmean": 9.19310951233,
        "dmean2": 13.3691062927,
        "dvar": 101.931465149,
        "dvar2": 235.884277344,
        "max": 164.55015564,
        "mean": 23.3344974518,
        "median": 19.8320922852,
        "min": 0.849347114563,
        "var": 271.286102295
    },
    "pitch_salience": {
        "dmean": 0.0909308418632,
        "dmean2": 0.147477447987,
        "dvar": 0.00649510370567,
        "dvar2": 0.0153778260574,
        "max": 0.861699283123,
        "mean": 0.537471830845,
        "median": 0.550280809402,
        "min": 0.125450015068,
        "var": 0.0164506416768
    },
    "silence_rate_20dB": {
        "dmean": 0,
        "dmean2": 0,
        "dvar": 0,
        "dvar2": 0,
        "max": 1,
        "mean": 1,
        "median": 1,
        "min": 1,
        "var": 0
    },
    "silence_rate_30dB": {
        "dmean": 0.00154798757285,
        "dmean2": 0.00309837330133,
        "dvar": 0.00154558150098,
        "dvar2": 0.00463790819049,
        "max": 1,
        "mean": 0.999226629734,
        "median": 1,
        "min": 0,
        "var": 0.000772795407102
    },
    "silence_rate_60dB": {
        "dmean": 0.0139318881556,
        "dmean2": 0.0278853606433,
        "dvar": 0.0137379327789,
        "dvar2": 0.0302062891424,
        "max": 1,
        "mean": 0.0162412989885,
        "median": 0,
        "min": 0,
        "var": 0.0159775111824
    },
    "spectral_centroid": {
        "dmean": 304.983825684,
        "dmean2": 444.051940918,
        "dvar": 81100.2890625,
        "dvar2": 165397.3125,
        "max": 3381.24316406,
        "mean": 1299.65905762,
        "median": 1293.94970703,
        "min": 193.012145996,
        "var": 302418.75
    },
    "spectral_complexity": {
        "dmean": 4.40944290161,
        "dmean2": 5.83888435364,
        "dvar": 14.4802150726,
        "dvar2": 23.2441768646,
        "max": 40,
        "mean": 18.2606334686,
        "median": 18,
        "min": 0,
        "var": 70.6412811279
    },
    "spectral_decrease": {
        "dmean": 3.06798830785e-09,
        "dmean2": 4.81279593956e-09,
        "dvar": 1.34794267238e-17,
        "dvar2": 3.40143616199e-17,
        "max": -1.0514283888e-11,
        "mean": -7.54595319563e-09,
        "median": -6.35952179806e-09,
        "min": -3.43354003007e-08,
        "var": 2.8106316739e-17
    },
    "spectral_energy": {
        "dmean": 0.0120548047125,
        "dmean2": 0.0187741927803,
        "dvar": 0.000199370842893,
        "dvar2": 0.000497969216667,
        "max": 0.132783010602,
        "mean": 0.0301513914019,
        "median": 0.0252499636263,
        "min": 4.02206205763e-05,
        "var": 0.000432223518146
    },
    "spectral_energyband_high": {
        "dmean": 0.000152860229718,
        "dmean2": 0.00019546598196,
        "dvar": 9.95129667558e-08,
        "dvar2": 1.55501339805e-07,
        "max": 0.00465911068022,
        "mean": 0.000280289154034,
        "median": 0.000135209338623,
        "min": 2.24534190352e-07,
        "var": 2.34105129948e-07
    },
    "spectral_energyband_low": {
        "dmean": 0.00728434370831,
        "dmean2": 0.0118926381692,
        "dvar": 0.000148176011862,
        "dvar2": 0.000387996929931,
        "max": 0.0989925041795,
        "mean": 0.0141012184322,
        "median": 0.0102045033127,
        "min": 1.14712129289e-05,
        "var": 0.000252281519352
    },
    "spectral_energyband_middle_high": {
        "dmean": 0.00327466661111,
        "dmean2": 0.0042205825448,
        "dvar": 1.44002087836e-05,
        "dvar2": 2.50446682912e-05,
        "max": 0.039284221828,
        "mean": 0.00642456952482,
        "median": 0.00373794254847,
        "min": 7.48132777062e-07,
        "var": 4.75725064462e-05
    },
    "spectral_energyband_middle_low": {
        "dmean": 0.00590466661379,
        "dmean2": 0.00956293102354,
        "dvar": 6.7957349529e-05,
        "dvar2": 0.000164873112226,
        "max": 0.0816837176681,
        "mean": 0.0107543831691,
        "median": 0.00796527881175,
        "min": 5.82603206567e-06,
        "var": 9.40837853705e-05
    },
    "spectral_entropy": {
        "dmean": 0.177290052176,
        "dmean2": 0.257607758045,
        "dvar": 0.0295656751841,
        "dvar2": 0.0535368435085,
        "max": 8.64595413208,
        "mean": 7.44253063202,
        "median": 7.4486246109,
        "min": 5.95040464401,
        "var": 0.119852527976
    },
    "spectral_flux": {
        "dmean": 0.0314749963582,
        "dmean2": 0.0488654635847,
        "dvar": 0.000940858852118,
        "dvar2": 0.00222052726895,
        "max": 0.298418730497,
        "mean": 0.100505121052,
        "median": 0.0961813256145,
        "min": 0.00455585122108,
        "var": 0.00220947293565
    },
    "spectral_kurtosis": {
        "dmean": 2.26306676865,
        "dmean2": 3.61728692055,
        "dvar": 4.81657123566,
        "dvar2": 11.949300766,
        "max": 26.2365150452,
        "mean": 6.08005094528,
        "median": 5.77808952332,
        "min": -0.486986160278,
        "var": 11.8112564087
    },
    "spectral_rms": {
        "dmean": 0.00104378920514,
        "dmean2": 0.00156581017654,
        "dvar": 1.05065612388e-06,
        "dvar2": 2.42109649662e-06,
        "max": 0.0113817574456,
        "mean": 0.00510816741735,
        "median": 0.00496327644214,
        "min": 0.00019808995421,
        "var": 3.32254080604e-06
    },
    "spectral_rolloff": {
        "dmean": 547.880187988,
        "dmean2": 907.864624023,
        "dvar": 742450,
        "dvar2": 1630460.5,
        "max": 8677.88085938,
        "mean": 1296.92163086,
        "median": 1184.32617188,
        "min": 43.06640625,
        "var": 1212198.875
    },
    "spectral_skewness": {
        "dmean": 0.28397616744,
        "dmean2": 0.421696990728,
        "dvar": 0.0624345541,
        "dvar2": 0.138288766146,
        "max": 3.88123679161,
        "mean": 1.63626861572,
        "median": 1.62748765945,
        "min": 0.457366019487,
        "var": 0.203367754817
    },
    "spectral_spread": {
        "dmean": 609557.9375,
        "dmean2": 833968,
        "dvar": 629309374464,
        "dvar2": 917650472960,
        "max": 11212836,
        "mean": 3530173.5,
        "median": 3097262,
        "min": 1675861.75,
        "var": 1.9929628672e+12
    },
    "spectral_strongpeak": {
        "dmean": 0.419684112072,
        "dmean2": 0.70954978466,
        "dvar": 0.60836327076,
        "dvar2": 1.49149465561,
        "max": 14.4502544403,
        "mean": 0.589914798737,
        "median": 0.339365333319,
        "min": 0,
        "var": 0.647201955318
    },
    "zerocrossingrate": {
        "dmean": 0.0107055287808,
        "dmean2": 0.0120466658846,
        "dvar": 0.000127195846289,
        "dvar2": 0.000172203610418,
        "max": 0.21728515625,
        "mean": 0.0469444841146,
        "median": 0.04443359375,
        "min": 0.001953125,
        "var": 0.000572949764319
    },
    "barkbands": {
        "dmean": [0.000307956681354, 0.0048624034971, 0.00320751452819, 0.00234364531934, 0.00203400291502, 0.00185156660154, 0.000730178784579, 0.000874992227182, 0.000768068130128, 0.000449352693977, 0.000352516712155, 0.000499328016303, 0.000662603357341, 0.000431968888734, 0.000582124223001, 0.00057492707856, 0.000785752257798, 0.000235732935835, 0.000148868741235, 4.86395983899e-05, 2.92337463179e-05, 3.48831745214e-05, 3.69388399122e-05, 4.00390890718e-05, 1.67991584021e-05, 4.48610126114e-06, 2.28388663537e-09],
        "dmean2": [0.00050981505774, 0.00727503700182, 0.00553863402456, 0.00404708273709, 0.00337790115736, 0.0029857843183, 0.00121948169544, 0.00143148738425, 0.00119051430374, 0.000673605652992, 0.000566168164369, 0.000771460356191, 0.00100981025025, 0.000674286449794, 0.000905823311768, 0.000824547372758, 0.00114465632942, 0.000349129084498, 0.000218096378376, 7.73541469243e-05, 4.13724665123e-05, 4.82658324472e-05, 5.01324684592e-05, 5.53329045943e-05, 2.36266514548e-05, 6.43558678348e-06, 3.13055026346e-09],
        "dvar": [3.69878762285e-07, 9.77823656285e-05, 6.06846733717e-05, 1.43339975693e-05, 2.50810535363e-05, 1.23434683701e-05, 2.15152977034e-06, 3.13210261993e-06, 2.31671469919e-06, 1.33706316774e-06, 9.0729065505e-07, 1.72499903783e-06, 2.38083862314e-06, 6.6467941906e-07, 1.51873985033e-06, 1.75454647433e-06, 1.43897398175e-06, 1.6759399557e-07, 9.20337157595e-08, 1.04300630355e-08, 3.80561182567e-09, 7.05391567379e-09, 8.91903884082e-09, 1.06636637298e-08, 2.46356601785e-09, 1.49855697296e-10, 2.08935097176e-15],
        "dvar2": [9.34253762352e-07, 0.000208115045098, 0.00016556175251, 3.89816013922e-05, 6.36990152998e-05, 2.83873760054e-05, 5.62735476706e-06, 7.74675663706e-06, 5.15276815349e-06, 3.1109250358e-06, 2.28349381359e-06, 3.85805742553e-06, 5.63742833037e-06, 1.45320336742e-06, 3.63035519513e-06, 3.59568934982e-06, 2.83095846498e-06, 3.23127352431e-07, 1.8663490664e-07, 2.57862726727e-08, 7.62175478286e-09, 1.19436114332e-08, 1.60344288958e-08, 1.86835702465e-08, 4.53302817505e-09, 2.63224664288e-10, 2.09320624222e-15],
        "max": [0.00941841863096, 0.09531237185, 0.0564715862274, 0.0373062640429, 0.0610681287944, 0.0435857251287, 0.0218665711582, 0.0238236710429, 0.0164734199643, 0.0193109326065, 0.0122070424259, 0.0182520095259, 0.0180419441313, 0.00798618979752, 0.0148656973615, 0.0314491800964, 0.0135465301573, 0.00739160459489, 0.00464816903695, 0.00230485713109, 0.00126928649843, 0.00217287801206, 0.00137771130539, 0.00179441925138, 0.000784960750025, 0.000221616806812, 1.64386710821e-06],
        "mean": [0.000601767038461, 0.00857565179467, 0.00359131814912, 0.0028760349378, 0.00254447758198, 0.00243537453935, 0.00081169384066, 0.000986828119494, 0.000935306248721, 0.000576875929255, 0.000404602324124, 0.000602297543082, 0.000756499182899, 0.000551833712962, 0.000769651145674, 0.000863377936184, 0.00132009293884, 0.000382289435947, 0.000234660677961, 8.80679872353e-05, 5.46273913642e-05, 5.43096030015e-05, 5.32831763849e-05, 5.29263816134e-05, 2.16114221985e-05, 5.91997877564e-06, 2.07753725334e-09],
        "median": [9.18668374652e-05, 0.00471668038517, 0.00110553461127, 0.00170883187093, 0.00133009057026, 0.00103718705941, 0.000363020953955, 0.000350718502887, 0.000250442244578, 7.78188987169e-05, 8.16904939711e-05, 0.00010676504462, 0.000108017513412, 0.000140884279972, 0.000144566816743, 0.000277392507996, 0.000547360745259, 0.000169811799424, 8.60125146573e-05, 5.41535191587e-05, 2.99148414342e-05, 1.9241053451e-05, 1.726575465e-05, 1.71577576111e-05, 5.46594174011e-06, 1.84036184692e-06, 2.78303463608e-10],
        "min": [4.72820111952e-08, 1.91945082406e-06, 1.25242479498e-06, 3.03361133547e-07, 5.10743063842e-07, 8.38470782583e-07, 1.61031857715e-06, 1.11082357535e-07, 2.50020917747e-07, 1.2235383906e-07, 6.36706900536e-08, 3.68838080078e-08, 5.41337108473e-08, 1.20859098729e-07, 5.37983737559e-08, 3.5880880489e-08, 1.087825936e-07, 3.84974327972e-08, 1.05277642604e-07, 2.39558115567e-08, 3.29163718504e-08, 4.36807923165e-08, 1.98453111722e-08, 8.78987460595e-09, 2.29993357692e-09, 2.92115012734e-11, 8.71411883624e-12],
        "var": [8.77354295881e-07, 0.000161855568876, 4.96960929013e-05, 1.36777680382e-05, 2.17223441723e-05, 1.91394428839e-05, 2.17799083657e-06, 3.55188717549e-06, 3.12249699164e-06, 2.30631303566e-06, 1.06077243345e-06, 2.43409658651e-06, 2.99921362057e-06, 1.00268141523e-06, 2.79467781183e-06, 2.89198464998e-06, 3.5985390241e-06, 3.80891634677e-07, 1.79756341367e-07, 1.91226181556e-08, 7.83828024709e-09, 1.47268304218e-08, 1.68110503296e-08, 1.86462649765e-08, 4.1401011508e-09, 2.6791213692e-10, 2.08830700365e-15]
    },
    "erbbands": {
        "dmean": [0.170972317457, 1.02137172222, 2.82781982422, 6.03451061249, 9.68284893036, 4.83258676529, 5.37459039688, 19.5079708099, 12.1242599487, 14.5837516785, 17.5452747345, 18.0298633575, 14.3335170746, 13.2654590607, 16.3172054291, 19.6440792084, 27.6275157928, 23.9737453461, 23.990020752, 32.2454147339, 33.9128684998, 43.2303543091, 15.9824171066, 7.05404424667, 6.96869087219, 2.17204666138, 1.27309215069, 1.13768494129, 1.26480269432, 1.14954280853, 1.03757965565, 1.02410364151, 0.544974803925, 0.24332626164, 0.0939738154411, 0.0289547033608, 0.00707548251376, 0.000547128089238, 1.53371984197e-05, 1.388610508e-05],
        "dmean2": [0.267412722111, 1.50162887573, 4.93899965286, 10.129201889, 16.4774837494, 7.98023748398, 8.60697078705, 31.7700901031, 19.6884250641, 24.1045646667, 27.7581577301, 27.8172473907, 21.6980037689, 19.4414100647, 25.7638282776, 30.0961704254, 40.9394111633, 35.3262901306, 35.9668273926, 46.8351631165, 48.4834518433, 62.4132156372, 22.6078510284, 10.312494278, 10.4127616882, 3.38906145096, 1.90024256706, 1.58147192001, 1.72270262241, 1.62887501717, 1.43591320515, 1.43802607059, 0.760002732277, 0.345511436462, 0.129082292318, 0.0410418361425, 0.0102904224768, 0.000812374171801, 2.19649064093e-05, 2.14136452996e-05],
        "dvar": [0.117587335408, 4.31072473526, 48.2696456909, 118.20249939, 430.154571533, 150.614395142, 63.6729927063, 1566.84790039, 719.158447266, 804.045349121, 1212.78479004, 1315.6895752, 1049.59484863, 1303.75634766, 1964.87939453, 2347.23974609, 3964.35107422, 2122.70385742, 2330.67285156, 4333.36767578, 5212.18212891, 4522.00830078, 738.989196777, 111.128822327, 291.219207764, 12.329615593, 4.93457841873, 7.47208547592, 11.0008354187, 7.43264198303, 7.61131238937, 7.98565483093, 1.89549291134, 0.493660569191, 0.0800028443336, 0.00803956016898, 0.000327271816786, 2.12145778278e-06, 8.46362535611e-10, 2.41949099644e-10],
        "dvar2": [0.295684635639, 8.52340984344, 135.180297852, 316.367553711, 1131.68688965, 394.191833496, 153.941986084, 3700.91479492, 1761.43225098, 2045.2598877, 2912.96533203, 2847.19384766, 2414.15136719, 3054.03881836, 4511.29443359, 5328.04541016, 9299.2421875, 4571.35302734, 5377.07617188, 9748.3984375, 11355.3535156, 8870.61328125, 1320.58618164, 233.63911438, 629.723876953, 27.9698123932, 10.9188613892, 15.0291233063, 17.6997051239, 15.0097169876, 12.8927688599, 14.268863678, 3.58562707901, 0.986474514008, 0.14380338788, 0.0134848514572, 0.000637545483187, 4.52755602964e-06, 1.70059677451e-09, 5.94857885172e-10],
        "max": [3.6262345314, 20.1706638336, 51.0397491455, 114.698631287, 203.972427368, 165.956604004, 112.19392395, 467.514678955, 423.391143799, 460.97366333, 458.305480957, 415.143218994, 398.593658447, 715.778320312, 466.783813477, 540.226257324, 808.419311523, 471.216217041, 577.297180176, 869.606079102, 1804.40393066, 785.611633301, 587.901123047, 139.324920654, 254.208953857, 57.4687156677, 31.1901817322, 61.2494430542, 98.0227584839, 50.5224151611, 37.6221351624, 52.5536842346, 21.6528892517, 9.96345710754, 5.73863935471, 2.02685713768, 0.339003622532, 0.0237650740892, 0.000506896292791, 0.000148222839925],
        "mean": [0.318923950195, 1.65952575207, 3.45193696022, 7.82550954819, 10.9497108459, 6.50169467926, 8.41389846802, 24.7545261383, 15.1192703247, 16.9460926056, 19.8471279144, 22.3828105927, 18.3414478302, 17.6654415131, 20.5992279053, 24.5314884186, 32.7549743652, 32.4307937622, 32.7917785645, 45.6619262695, 54.6809997559, 72.9104537964, 28.1513137817, 12.1307411194, 10.3653068542, 4.20506811142, 2.6218149662, 1.9805971384, 1.95390069485, 1.7345290184, 1.47189235687, 1.35375380516, 0.688744604588, 0.303879231215, 0.120224952698, 0.0377025194466, 0.00933410786092, 0.000689403852448, 3.08319940814e-05, 3.61880483979e-05],
        "median": [0.124439798295, 0.803264558315, 1.27074468136, 4.19988965988, 5.37835597992, 3.29620933533, 4.73162698746, 9.32083797455, 6.70093250275, 7.28293514252, 6.80607700348, 6.30730867386, 3.35711288452, 2.54013538361, 4.03163814545, 4.75886249542, 4.92232036591, 7.74639225006, 9.22234249115, 10.192861557, 22.4045124054, 27.8789596558, 12.2536077499, 5.54986810684, 3.27430891991, 2.72100734711, 1.81958723068, 0.812689840794, 0.679267823696, 0.617568612099, 0.470721781254, 0.412195205688, 0.218288421631, 0.0836600512266, 0.0283868741244, 0.0100586330518, 0.00314867007546, 0.000212352606468, 2.10070174944e-05, 3.11612857331e-05],
        "min": [0.000136666494654, 0.000276278151432, 0.000744544842746, 0.00200857268646, 0.00111792655662, 0.00220961053856, 0.0021982586477, 0.0102495858446, 0.0312851816416, 0.00561888376251, 0.00506685813889, 0.00432034488767, 0.00199538143352, 0.00458069518209, 0.00306654931046, 0.00156613241415, 0.00215438310988, 0.00586817180738, 0.00446295179427, 0.00225092284381, 0.00349881337024, 0.00542023871094, 0.00204578205012, 0.00402490701526, 0.0042188228108, 0.00135063321795, 0.00114070496056, 0.00125256169122, 0.00108293828089, 0.000872102566063, 0.000632531999145, 0.000363709637895, 0.000106922801933, 4.95147651236e-05, 1.93851228687e-05, 6.18252897766e-06, 2.19631533582e-06, 2.59807137581e-07, 2.60254893192e-08, 4.48139516607e-08],
        "var": [0.184357330203, 7.71507930756, 39.1107597351, 117.623565674, 362.419677734, 134.790603638, 115.771354675, 2265.5793457, 934.29888916, 919.47644043, 1465.16894531, 1820.78344727, 1619.66162109, 2299.6027832, 2667.48291016, 3314.55493164, 5090.64794922, 3640.00512695, 3844.4855957, 8951.18847656, 8598.83398438, 11136.5576172, 1958.59069824, 266.765655518, 493.092529297, 30.651309967, 9.78873634338, 15.4239835739, 22.3300457001, 13.5477848053, 14.4240894318, 13.6426019669, 3.06846809387, 0.747557640076, 0.143875464797, 0.0147131225094, 0.000531083031092, 3.09062738779e-06, 1.54233337213e-09, 5.6388577141e-10]
    },
    "gfcc": {
        "mean": [-14.5279550552, 115.377792358, -124.579818726, 44.5153427124, -42.684589386, 9.99226665497, -47.4362030029, 11.0990409851, -13.9819440842, -3.20529794693, -12.6709890366, -1.53215122223, -10.245762825],
        "cov": [[2480.73657227, -492.145233154, -288.752929688, -165.933746338, -103.933410645, 230.292617798, -143.995834351, 226.257278442, 139.160003662, 92.291015625, -19.1712665558, 128.943450928, -90.7898025513], [-492.145233154, 819.198242188, -108.623451233, -105.635040283, 276.809814453, -133.025039673, 179.945709229, -64.5998001099, 54.6960372925, -93.7951660156, 85.2966766357, -62.4092025757, 67.067237854], [-288.752929688, -108.623451233, 699.625610352, 299.883483887, 9.40569496155, 128.75579834, -25.3533687592, 2.18998837471, -29.0507411957, 35.4072761536, 31.1087245941, 15.3297624588, 50.2284469604], [-165.933746338, -105.635040283, 299.883483887, 448.297607422, 125.920082092, -51.6149368286, -87.1016693115, -6.47984838486, 77.5567703247, 70.405632019, 52.148601532, -20.5444450378, 69.0298843384], [-103.933410645, 276.809814453, 9.40569496155, 125.920082092, 380.813354492, -27.9351863861, -1.34499144554, 41.6110458374, 112.915969849, 24.4419021606, 66.1984710693, -27.9659194946, 64.4413909912], [230.292617798, -133.025039673, 128.75579834, -51.6149368286, -27.9351863861, 304.149536133, 134.131195068, 37.1934890747, -24.4187526703, 11.4803314209, -14.3450622559, 43.2438964844, -0.125171899796], [-143.995834351, 179.945709229, -25.3533687592, -87.1016693115, -1.34499144554, 134.131195068, 382.802062988, 6.30708312988, -52.7694206238, -1.23942637444, -3.08888411522, 51.2683563232, 19.8243465424], [226.257278442, -64.5998001099, 2.18998837471, -6.47984838486, 41.6110458374, 37.1934890747, 6.30708312988, 152.503265381, 60.9456253052, 38.3736572266, 28.809551239, 26.3262767792, 18.3703899384], [139.160003662, 54.6960372925, -29.0507411957, 77.5567703247, 112.915969849, -24.4187526703, -52.7694206238, 60.9456253052, 173.037902832, 55.0734024048, 40.9442901611, 2.70449662209, 28.95611763], [92.291015625, -93.7951660156, 35.4072761536, 70.405632019, 24.4419021606, 11.4803314209, -1.23942637444, 38.3736572266, 55.0734024048, 147.927642822, 31.0089492798, 31.6490116119, 21.6082630157], [-19.1712665558, 85.2966766357, 31.1087245941, 52.148601532, 66.1984710693, -14.3450622559, -3.08888411522, 28.809551239, 40.9442901611, 31.0089492798, 113.163650513, 26.753786087, 34.6550712585], [128.943450928, -62.4092025757, 15.3297624588, -20.5444450378, -27.9659194946, 43.2438964844, 51.2683563232, 26.3262767792, 2.70449662209, 31.6490116119, 26.753786087, 126.595397949, 29.6823635101], [-90.7898025513, 67.067237854, 50.2284469604, 69.0298843384, 64.4413909912, -0.125171899796, 19.8243465424, 18.3703899384, 28.95611763, 21.6082630157, 34.6550712585, 29.6823635101, 111.109230042]],
        "icov": [[0.000741535972338, -0.000268545671133, 0.00063319230685, -0.000439268100308, 0.000346101762261, -0.00107607373502, 0.000810563040432, -0.00101061468013, -0.000113189162221, -0.000236192398006, 0.000380456069252, -0.000910393660888, 0.000775187974796], [-0.000268545671133, 0.00786035880446, -0.00279807019979, 0.00622195051983, -0.00492555554956, 0.00584526127204, -0.00584710668772, 0.00572435418144, -0.00477009778842, 0.00414503319189, -0.00543917529285, 0.00467732083052, -0.00372062856331], [0.00063319230685, -0.00279807019979, 0.00416853744537, -0.00459258304909, 0.00215665064752, -0.00431750109419, 0.00299816555344, -0.00294004147872, 0.00289827305824, -0.00135150190908, 0.00162558653392, -0.00234466535039, 0.00149752513971], [-0.000439268100308, 0.00622195051983, -0.00459258304909, 0.00987594481558, -0.00467385910451, 0.00614770315588, -0.00457845628262, 0.00592278596014, -0.00521197775379, 0.00185803079512, -0.00456214696169, 0.00482692243531, -0.00448846351355], [0.000346101762261, -0.00492555554956, 0.00215665064752, -0.00467385910451, 0.00716594839469, -0.00395216280594, 0.00329646584578, -0.00407102657482, 0.000958532444201, -0.00202670670114, 0.00202141609043, -0.00153921241872, 0.00103418668732], [-0.00107607373502, 0.00584526127204, -0.00431750109419, 0.00614770315588, -0.00395216280594, 0.0105107510462, -0.0066470131278, 0.00427152263001, -0.00361910881475, 0.00286256498657, -0.00325042009354, 0.00360286911018, -0.00305368076079], [0.000810563040432, -0.00584710668772, 0.00299816555344, -0.00457845628262, 0.00329646584578, -0.0066470131278, 0.0084432400763, -0.00479297200218, 0.00467781582847, -0.00338394986466, 0.00414583738893, -0.00495849503204, 0.00251805246808], [-0.00101061468013, 0.00572435418144, -0.00294004147872, 0.00592278596014, -0.00407102657482, 0.00427152263001, -0.00479297200218, 0.0137786623091, -0.00603531673551, 0.00200823647901, -0.005141409114, 0.00349900894798, -0.00383756007068], [-0.000113189162221, -0.00477009778842, 0.00289827305824, -0.00521197775379, 0.000958532444201, -0.00361910881475, 0.00467781582847, -0.00603531673551, 0.0132556501776, -0.00455310894176, 0.00238343887031, -0.00267637893558, 0.00172044453211], [-0.000236192398006, 0.00414503319189, -0.00135150190908, 0.00185803079512, -0.00202670670114, 0.00286256498657, -0.00338394986466, 0.00200823647901, -0.00455310894176, 0.0111079048365, -0.00373731181026, 0.000811572361272, -0.00181277224328], [0.000380456069252, -0.00543917529285, 0.00162558653392, -0.00456214696169, 0.00202141609043, -0.00325042009354, 0.00414583738893, -0.005141409114, 0.00238343887031, -0.00373731181026, 0.0155815072358, -0.00580234732479, 0.00142371631227], [-0.000910393660888, 0.00467732083052, -0.00234466535039, 0.00482692243531, -0.00153921241872, 0.00360286911018, -0.00495849503204, 0.00349900894798, -0.00267637893558, 0.000811572361272, -0.00580234732479, 0.014346472919, -0.00578635418788], [0.000775187974796, -0.00372062856331, 0.00149752513971, -0.00448846351355, 0.00103418668732, -0.00305368076079, 0.00251805246808, -0.00383756007068, 0.00172044453211, -0.00181277224328, 0.00142371631227, -0.00578635418788, 0.0145789003]]
    },
    "melbands": {
        "dmean": [0.00146336830221, 0.00129059131723, 0.00114320125431, 0.000515336403623, 0.000187407043995, 0.00041092641186, 0.000178232367034, 0.000169468301465, 0.000138271367177, 0.000118254742119, 7.16466965969e-05, 5.47172312508e-05, 5.01134600199e-05, 5.51241282665e-05, 5.3859421314e-05, 7.07337385393e-05, 4.38160095655e-05, 3.88793087041e-05, 4.62060379505e-05, 3.99775271944e-05, 4.4590116886e-05, 5.28763666807e-05, 2.60183824139e-05, 8.63991317601e-06, 5.77847549721e-06, 6.18230797045e-06, 3.39892903867e-06, 1.26117799937e-06, 9.08074184736e-07, 7.08320726517e-07, 7.05795287104e-07, 7.45107683997e-07, 7.26712812593e-07, 6.65425147872e-07, 6.10867061823e-07, 6.70570045713e-07, 6.48463185371e-07, 4.46599443649e-07, 2.5701370987e-07, 1.97916065758e-07],
        "dmean2": [0.00221460172907, 0.00217825500295, 0.0019303993322, 0.000862062326632, 0.000297639984637, 0.0006649052375, 0.000291073083645, 0.000279710220639, 0.000217510460061, 0.000182931078598, 0.000109498156235, 8.14169688965e-05, 8.02022477728e-05, 8.56556798681e-05, 8.37103289086e-05, 0.000107406034658, 6.73954855301e-05, 5.92604992562e-05, 6.94418267813e-05, 5.5853422964e-05, 6.73521426506e-05, 7.84939766163e-05, 3.75052150048e-05, 1.27929715745e-05, 8.83495977178e-06, 9.1379188234e-06, 5.38937047168e-06, 2.03412287192e-06, 1.37960205393e-06, 1.06669131128e-06, 1.0253390883e-06, 1.04261266642e-06, 1.04834930426e-06, 9.66725224316e-07, 8.50783919759e-07, 9.86702161754e-07, 9.09734637844e-07, 6.49350454296e-07, 3.84608455306e-07, 2.89531271846e-07],
        "dvar": [8.75903788256e-06, 6.98412577549e-06, 3.49071592609e-06, 1.66288202763e-06, 7.2272008822e-08, 6.59646559598e-07, 1.38345839673e-07, 1.08854564473e-07, 7.31062996806e-08, 5.82026373763e-08, 2.69657540741e-08, 2.35939037196e-08, 1.89153919194e-08, 2.38429525012e-08, 1.62340221266e-08, 3.02803648822e-08, 7.38134620093e-09, 6.68933841652e-09, 1.08328670478e-08, 6.66799770954e-09, 1.0975627518e-08, 7.04342495439e-09, 2.23621587914e-09, 1.92084334549e-10, 8.06254299435e-11, 2.06533221081e-10, 8.12543921036e-11, 2.99167917002e-12, 2.46469793359e-12, 2.51346382943e-12, 2.92118716369e-12, 3.4254634719e-12, 3.80537398467e-12, 2.4875594206e-12, 2.47836950615e-12, 4.21931716996e-12, 3.00140446351e-12, 1.36718598682e-12, 4.73953721322e-13, 3.53826722695e-13],
        "dvar2": [1.97289409698e-05, 1.96596956812e-05, 9.25132826524e-06, 4.23994515586e-06, 1.78846121912e-07, 1.53451071583e-06, 3.3688820622e-07, 2.74797343991e-07, 1.71355949874e-07, 1.28877559291e-07, 6.26582448149e-08, 5.55795018897e-08, 4.57545326071e-08, 5.54787895624e-08, 3.53753932814e-08, 7.3835124681e-08, 1.60731516985e-08, 1.55893911113e-08, 2.63782489185e-08, 1.31472077669e-08, 2.6024268962e-08, 1.4586286845e-08, 4.31479518781e-09, 3.74766939704e-10, 1.78719095079e-10, 4.12422068718e-10, 2.01142158485e-10, 7.35921219797e-12, 5.79007154722e-12, 5.6288363727e-12, 6.1075172697e-12, 5.80331442623e-12, 7.19404657373e-12, 5.44335973865e-12, 4.24230095497e-12, 8.59025871269e-12, 5.40057148307e-12, 2.74612841147e-12, 9.91616077445e-13, 7.26116378396e-13],
        "max": [0.0296811461449, 0.0195588208735, 0.0177035871893, 0.0155754378065, 0.0034548137337, 0.00993994437158, 0.00552234379575, 0.00437500374392, 0.00338401016779, 0.00265549262986, 0.00187400635332, 0.0031589854043, 0.00167511077598, 0.00240212795325, 0.00143772910815, 0.00223204609938, 0.000801834336016, 0.00112182786688, 0.00133422284853, 0.00124983640853, 0.00274189212359, 0.00106690160464, 0.000924129912164, 0.000227896685828, 0.000130352389533, 0.000237842323259, 0.000156471869559, 3.98004631279e-05, 2.07349730772e-05, 3.1293311622e-05, 3.4758781112e-05, 5.48677344341e-05, 4.34507564933e-05, 2.79473715636e-05, 2.15231102629e-05, 3.38410609402e-05, 3.10868927045e-05, 1.84919081221e-05, 9.93715457298e-06, 8.18146781967e-06],
        "mean": [0.00261993799359, 0.00197496567853, 0.00151869480032, 0.000619321072008, 0.000295822828775, 0.000528857461177, 0.000219316309085, 0.000196144232177, 0.000153170098201, 0.000142526638228, 8.95555494935e-05, 7.18100272934e-05, 6.06670764682e-05, 6.59250363242e-05, 6.3495557697e-05, 8.04638402769e-05, 5.65218797419e-05, 4.9116268201e-05, 6.06350949965e-05, 5.70779484406e-05, 6.71205634717e-05, 8.46428156365e-05, 4.13899797422e-05, 1.41476830322e-05, 9.097047041e-06, 9.08791025722e-06, 4.79284244648e-06, 2.33294804275e-06, 1.72470856796e-06, 1.24518282973e-06, 1.10818109533e-06, 1.11123279112e-06, 1.03118634343e-06, 9.53038693297e-07, 8.41490987114e-07, 8.4324767613e-07, 8.31530883261e-07, 5.38831784525e-07, 3.1042941373e-07, 2.35162758599e-07],
        "median": [0.0013773398241, 0.000916226767004, 0.000904405373149, 0.000318667618558, 0.000171330641024, 0.000206809214433, 9.66572988546e-05, 7.98548207968e-05, 4.87246943521e-05, 3.67357715731e-05, 1.54794925038e-05, 9.44082330534e-06, 1.20828990475e-05, 1.189278737e-05, 1.04779110188e-05, 1.15038628792e-05, 1.26120457935e-05, 1.25453479995e-05, 1.11972422019e-05, 1.42978633448e-05, 2.82226737909e-05, 3.26797162415e-05, 1.4500733414e-05, 6.42575014353e-06, 3.832099992e-06, 2.64465143118e-06, 1.66916629496e-06, 1.67693792719e-06, 1.21518951346e-06, 6.74580974191e-07, 3.80228925678e-07, 3.90718412291e-07, 3.47429192971e-07, 3.18683788691e-07, 2.60026808974e-07, 2.34049309711e-07, 2.49587230883e-07, 1.63825461641e-07, 9.17471325579e-08, 5.14821039133e-08],
        "min": [1.37443339554e-06, 3.68192417e-07, 3.36363399356e-07, 8.88917028874e-08, 9.00379433233e-08, 2.70143317493e-07, 4.71163957627e-07, 3.82276752475e-08, 3.36624452757e-08, 3.17481614331e-08, 8.15415734934e-09, 1.8614716879e-08, 9.59611146101e-09, 5.4627111723e-09, 2.88927548553e-09, 5.75262593117e-09, 1.24187859996e-08, 7.78841879878e-09, 3.97425203857e-09, 2.34120012266e-09, 4.77912243113e-09, 7.4414736595e-09, 1.78959425057e-09, 1.38070355149e-09, 3.3685634282e-09, 4.10238021331e-09, 1.55653212541e-09, 8.09060984874e-10, 4.58739823905e-10, 1.37779210263e-09, 4.66351457451e-10, 4.51858106487e-10, 7.24486526327e-10, 2.89854806823e-10, 3.29618971007e-10, 3.82029380352e-10, 1.27447469245e-10, 2.50389136508e-11, 6.57046465846e-12, 2.97313007547e-11],
