{
"highlevel": {
    "danceability": {
        "all": {
            "danceable": 0.188204839826,
            "not_danceable": 0.811795175076
        },
        "probability": 0.811795175076,
        "value": "not_danceable"
    },
    "gender": {
        "all": {
            "female": 0.764944970608,
            "male": 0.235055059195
        },
        "probability": 0.764944970608,
        "value": "female"
    },
    "genre_dortmund": {
        "all": {
            "alternative": 0.0736297816038,
            "blues": 0.0377950035036,
            "electronic": 0.0011219176231,
            "folkcountry": 0.531531214714,
            "funksoulrnb": 0.00960903894156,
            "jazz": 0.049134619534,
            "pop": 0.144626364112,
            "raphiphop": 0.000910482543986,
            "rock": 0.151641562581
        },
        "probability": 0.531531214714,
        "value": "folkcountry"
    },
    "genre_electronic": {
        "all": {
            "ambient": 0.709164202213,
            "dnb": 0.133862823248,
            "house": 0.101882271469,
            "techno": 0.0162368733436,
            "trance": 0.038853853941
        },
        "probability": 0.709164202213,
        "value": "ambient"
    },
    "genre_rosamerica": {
        "all": {
            "cla": 0.00877557136118,
            "dan": 0.00552827492356,
            "hip": 0.00337367993779,
            "jaz": 0.0201320592314,
            "pop": 0.754179418087,
            "rhy": 0.0907508134842,
            "roc": 0.107463181019,
            "spe": 0.0097969789058
        },
        "probability": 0.754179418087,
        "value": "pop"
    },
    "genre_tzanetakis": {
        "all": {
            "blu": 0.0626613423228,
            "cla": 0.0348169617355,
            "cou": 0.104475811124,
            "dis": 0.0784321576357,
            "hip": 0.15692435205,
            "jaz": 0.313974827528,
            "met": 0.0448166541755,
            "pop": 0.0627359300852,
            "reg": 0.0627360641956,
            "roc": 0.0784258767962
        },
        "probability": 0.313974827528,
        "value": "jaz"
    },
    "ismir04_rhythm": {
        "all": {
            "ChaChaCha": 0.106203109026,
            "Jive": 0.0261635445058,
            "Quickstep": 0.266479283571,
            "Rumba-American": 0.0257850531489,
            "Rumba-International": 0.428244203329,
            "Rumba-Misc": 0.00867507793009,
            "Samba": 0.0575721301138,
            "Tango": 0.0134152928367,
            "VienneseWaltz": 0.0439880155027,
            "Waltz": 0.0234742891043
        },
        "probability": 0.428244203329,
        "value": "Rumba-International"
    },
    "mood_acoustic": {
        "all": {
            "acoustic": 0.935343682766,
            "not_acoustic": 0.0646563321352
        },
        "probability": 0.935343682766,
        "value": "acoustic"
    },
    "mood_aggressive": {
        "all": {
            "aggressive": 0.00388176110573,
            "not_aggressive": 0.996118247509
        },
        "probability": 0.996118247509,
        "value": "not_aggressive"
    },
    "mood_electronic": {
        "all": {
            "electronic": 0.0789975002408,
            "not_electronic": 0.92100250721
        },
        "probability": 0.92100250721,
        "value": "not_electronic"
    },
    "mood_happy": {
        "all": {
            "happy": 0.761393725872,
            "not_happy": 0.238606244326
        },
        "probability": 0.761393725872,
        "value": "happy"
    },
    "mood_party": {
        "all": {
            "not_party": 0.953029036522,
            "party": 0.0469709485769
        },
        "probability": 0.953029036522,
        "value": "not_party"
    },
    "mood_relaxed": {
        "all": {
            "not_relaxed": 0.0531202442944,
            "relaxed": 0.94687974453
        },
        "probability": 0.94687974453,
        "value": "relaxed"
    },
    "mood_sad": {
        "all": {
            "not_sad": 0.458152443171,
            "sad": 0.541847527027
        },
        "probability": 0.541847527027,
        "value": "sad"
    },
    "moods_mirex": {
        "all": {
            "Cluster1": 0.11406584084,
            "Cluster2": 0.222905144095,
            "Cluster3": 0.470345169306,
            "Cluster4": 0.168824806809,
            "Cluster5": 0.0238590575755
        },
        "probability": 0.470345169306,
        "value": "Cluster3"
    },
    "timbre": {
        "all": {
            "bright": 0.999997973442,
            "dark": 2.04002890314e-06
        },
        "probability": 0.999997973442,
        "value": "bright"
    },
    "tonal_atonal": {
        "all": {
            "atonal": 0.0204263851047,
            "tonal": 0.979573607445
        },
        "probability": 0.979573607445,
        "value": "tonal"
    },
    "voice_instrumental": {
        "all": {
            "instrumental": 0.00687035592273,
            "voice": 0.99312967062
        },
        "probability": 0.99312967062,
        "value": "voice"
    }
},
"lowlevel": {
    "average_loudness": 0.98080766201,
    "barkbands_crest": {
        "dmean": 2.22182416916,
        "dmean2": 3.58587813377,
        "dvar": 4.77495145798,
        "dvar2": 12.1081848145,
        "max": 23.1561813354,
        "mean": 9.38705825806,
        "median": 8.57653617859,
        "min": 3.63025379181,
        "var": 10.5127010345
    },
    "barkbands_flatness_db": {
        "dmean": 0.0211283471435,
        "dmean2": 0.0306922271848,
        "dvar": 0.000366552907508,
        "dvar2": 0.000735044653993,
        "max": 0.323957145214,
        "mean": 0.175239354372,
        "median": 0.169860690832,
        "min": 0.0698525980115,
        "var": 0.00211459118873
    },
    "barkbands_kurtosis": {
        "dmean": 3.57385587692,
        "dmean2": 5.3257188797,
        "dvar": 24.9716320038,
        "dvar2": 50.6309242249,
        "max": 61.2951660156,
        "mean": 6.76217556,
        "median": 4.72164201736,
        "min": -1.86830973625,
        "var": 59.8697013855
    },
    "barkbands_skewness": {
        "dmean": 0.530592858791,
        "dmean2": 0.769516527653,
        "dvar": 0.297884404659,
        "dvar2": 0.596177041531,
        "max": 6.3036646843,
        "mean": 1.97306406498,
        "median": 1.85177123547,
        "min": -3.40583729744,
        "var": 1.03596234322
    },
    "barkbands_spread": {
        "dmean": 5.84468221664,
        "dmean2": 8.30777072906,
        "dvar": 74.3490371704,
        "dvar2": 139.4425354,
        "max": 91.1425933838,
        "mean": 17.8836631775,
        "median": 14.4432640076,
        "min": 2.02605366707,
        "var": 204.139938354
    },
    "dissonance": {
        "dmean": 0.0242908764631,
        "dmean2": 0.0402090698481,
        "dvar": 0.000475097738672,
        "dvar2": 0.00123157468624,
        "max": 0.49944370985,
        "mean": 0.440385609865,
        "median": 0.447735011578,
        "min": 0.244547247887,
        "var": 0.00134025386069
    },
    "dynamic_complexity": 2.47573232651,
    "erbbands_crest": {
        "dmean": 2.6352391243,
        "dmean2": 4.14232540131,
        "dvar": 6.09850740433,
        "dvar2": 14.3478078842,
        "max": 26.9334182739,
        "mean": 9.93433570862,
        "median": 9.00253200531,
        "min": 2.89426088333,
        "var": 17.7383937836
    },
    "erbbands_flatness_db": {
        "dmean": 0.0189378745854,
        "dmean2": 0.0268218163401,
        "dvar": 0.000299393082969,
        "dvar2": 0.000604789936915,
        "max": 0.285123229027,
        "mean": 0.154321163893,
        "median": 0.154236137867,
        "min": 0.0597226843238,
        "var": 0.00158346060198
    },
    "erbbands_kurtosis": {
        "dmean": 1.23884725571,
        "dmean2": 1.81907820702,
        "dvar": 2.51002573967,
        "dvar2": 5.02007675171,
        "max": 21.3260746002,
        "mean": 1.37376523018,
        "median": 0.571342468262,
        "min": -1.79793810844,
        "var": 8.1336889267
    },
    "erbbands_skewness": {
        "dmean": 0.394300192595,
        "dmean2": 0.567910015583,
        "dvar": 0.146541520953,
        "dvar2": 0.267467081547,
        "max": 3.83089733124,
        "mean": 0.830484807491,
        "median": 0.856527090073,
        "min": -3.2221467495,
        "var": 0.648868381977
    },
    "erbbands_spread": {
        "dmean": 9.94294548035,
        "dmean2": 14.593711853,
        "dvar": 157.033706665,
        "dvar2": 303.197235107,
        "max": 134.926437378,
        "mean": 41.0168647766,
        "median": 35.3935890198,
        "min": 6.60938405991,
        "var": 567.40838623
    },
    "hfc": {
        "dmean": 6.54846811295,
        "dmean2": 9.07326221466,
        "dvar": 90.5421295166,
        "dvar2": 168.794509888,
        "max": 93.6967926025,
        "mean": 21.6008987427,
        "median": 19.7385921478,
        "min": 0.000615092169028,
        "var": 241.450332642
    },
    "melbands_crest": {
        "dmean": 2.8286383152,
        "dmean2": 4.61585521698,
        "dvar": 7.64148569107,
        "dvar2": 20.9348907471,
        "max": 28.2065677643,
        "mean": 12.6347846985,
        "median": 11.975479126,
        "min": 4.89960622787,
        "var": 14.0810375214
    },
    "melbands_flatness_db": {
        "dmean": 0.0254681650549,
        "dmean2": 0.0353698171675,
        "dvar": 0.000583862070926,
        "dvar2": 0.00112420588266,
        "max": 0.444748729467,
        "mean": 0.234571799636,
        "median": 0.227254167199,
        "min": 0.0568430200219,
        "var": 0.00381694315001
    },
    "melbands_kurtosis": {
        "dmean": 6.70818901062,
        "dmean2": 9.9510011673,
        "dvar": 79.7191009521,
        "dvar2": 161.350891113,
        "max": 106.634742737,
        "mean": 15.7440404892,
        "median": 10.879734993,
        "min": -1.66188871861,
        "var": 235.79510498
    },
    "melbands_skewness": {
        "dmean": 0.668281078339,
        "dmean2": 0.977011620998,
        "dvar": 0.485623419285,
        "dvar2": 1.01989424229,
        "max": 8.90387058258,
        "mean": 2.81006669998,
        "median": 2.61627984047,
        "min": -1.6715490818,
        "var": 1.95177304745
    },
    "melbands_spread": {
        "dmean": 5.19424962997,
        "dmean2": 7.4376616478,
        "dvar": 116.875045776,
        "dvar2": 265.124603271,
        "max": 207.515228271,
        "mean": 15.816110611,
        "median": 12.6905584335,
        "min": 1.58353829384,
        "var": 260.510162354
    },
    "pitch_salience": {
        "dmean": 0.0574709698558,
        "dmean2": 0.0951089188457,
        "dvar": 0.00296515855007,
        "dvar2": 0.00800494011492,
        "max": 0.885197818279,
        "mean": 0.561131179333,
        "median": 0.562526404858,
        "min": 0.276251196861,
        "var": 0.00679129688069
    },
    "silence_rate_20dB": {
        "dmean": 0,
        "dmean2": 0,
        "dvar": 0,
        "dvar2": 0,
        "max": 1,
        "mean": 1,
        "median": 1,
        "min": 1,
        "var": 0
    },
    "silence_rate_30dB": {
        "dmean": 0,
        "dmean2": 0,
        "dvar": 0,
        "dvar2": 0,
        "max": 1,
        "mean": 1,
        "median": 1,
        "min": 1,
        "var": 0
    },
    "silence_rate_60dB": {
        "dmean": 0.0030959751457,
        "dmean2": 0.00619674660265,
        "dvar": 0.00308637297712,
        "dvar2": 0.00615841709077,
        "max": 1,
        "mean": 0.0324825979769,
        "median": 0,
        "min": 0,
        "var": 0.0314279831946
    },
    "spectral_centroid": {
        "dmean": 222.081832886,
        "dmean2": 313.289703369,
        "dvar": 83871.5390625,
        "dvar2": 153598.875,
        "max": 5511.03369141,
        "mean": 943.057800293,
        "median": 810.72064209,
        "min": 238.974014282,
        "var": 327643.65625
    },
    "spectral_complexity": {
        "dmean": 3.05108356476,
        "dmean2": 4.39504241943,
        "dvar": 12.8673934937,
        "dvar2": 24.7671127319,
        "max": 43,
        "mean": 15.3124513626,
        "median": 15,
        "min": 0,
        "var": 49.6194114685
    },
    "spectral_decrease": {
        "dmean": 2.3789576975e-09,
        "dmean2": 3.86909881911e-09,
        "dvar": 1.28038013159e-17,
        "dvar2": 3.37742145445e-17,
        "max": -1.77465803012e-13,
        "mean": -8.77813732814e-09,
        "median": -8.65934435268e-09,
        "min": -3.57342031521e-08,
        "var": 2.13380668867e-17
    },
    "spectral_energy": {
        "dmean": 0.00932456273586,
        "dmean2": 0.015083138831,
        "dvar": 0.000194003267097,
        "dvar2": 0.000505121017341,
        "max": 0.137393951416,
        "mean": 0.0350900106132,
        "median": 0.0347509533167,
        "min": 7.25587085526e-07,
        "var": 0.000332342257025
    },
    "spectral_energyband_high": {
        "dmean": 0.000492152932566,
        "dmean2": 0.000674216833431,
        "dvar": 8.9542072601e-07,
        "dvar2": 1.64349762599e-06,
        "max": 0.0120894368738,
        "mean": 0.00090635457309,
        "median": 0.000374501687475,
        "min": 3.96056343277e-08,
        "var": 2.13345106204e-06
    },
    "spectral_energyband_low": {
        "dmean": 0.00353673729114,
        "dmean2": 0.00599137833342,
        "dvar": 7.93030776549e-05,
        "dvar2": 0.000223186405492,
        "max": 0.118209436536,
        "mean": 0.00978001672775,
        "median": 0.00941440276802,
        "min": 8.2787039446e-08,
        "var": 7.37866575946e-05
    },
    "spectral_energyband_middle_high": {
        "dmean": 0.00129430752713,
        "dmean2": 0.0017249789089,
        "dvar": 3.26246231452e-06,
        "dvar2": 5.75781677981e-06,
        "max": 0.0241170525551,
        "mean": 0.00355261238292,
        "median": 0.00236126035452,
        "min": 5.04776664911e-08,
        "var": 1.32251925606e-05
    },
    "spectral_energyband_middle_low": {
        "dmean": 0.00754386885092,
        "dmean2": 0.0122337602079,
        "dvar": 0.000115820992505,
        "dvar2": 0.000300361338304,
        "max": 0.113147363067,
        "mean": 0.0226711612195,
        "median": 0.0212676785886,
        "min": 4.72051510769e-07,
        "var": 0.000197145869606
    },
    "spectral_entropy": {
        "dmean": 0.213131889701,
        "dmean2": 0.292048335075,
        "dvar": 0.0444503389299,
        "dvar2": 0.0815191268921,
        "max": 8.6821680069,
        "mean": 7.20337629318,
        "median": 7.18830966949,
        "min": 5.77218389511,
        "var": 0.275528639555
    },
    "spectral_flux": {
        "dmean": 0.0274375993758,
        "dmean2": 0.043025162071,
        "dvar": 0.000918528996408,
        "dvar2": 0.00185470504221,
        "max": 0.276284486055,
        "mean": 0.0836155191064,
        "median": 0.0752512812614,
        "min": 0.000522571615875,
        "var": 0.00219254824333
    },
    "spectral_kurtosis": {
        "dmean": 2.08517813683,
        "dmean2": 3.22811961174,
        "dvar": 9.85991191864,
        "dvar2": 26.9123477936,
        "max": 46.7314529419,
        "mean": 6.05685997009,
        "median": 4.76983833313,
        "min": -0.923495054245,
        "var": 27.7388000488
    },
    "spectral_rms": {
        "dmean": 0.000733495573513,
        "dmean2": 0.0011482029222,
        "dvar": 8.73554597547e-07,
        "dvar2": 2.11211317946e-06,
        "max": 0.0115776890889,
        "mean": 0.00559783261269,
        "median": 0.0058226599358,
        "min": 2.66061997536e-05,
        "var": 2.89843546852e-06
    },
    "spectral_rolloff": {
        "dmean": 474.765197754,
        "dmean2": 807.539978027,
        "dvar": 1400479.875,
        "dvar2": 3025834.25,
        "max": 13931.9824219,
        "mean": 1084.93884277,
        "median": 602.9296875,
        "min": 150.732421875,
        "var": 2349756.5
    },
    "spectral_skewness": {
        "dmean": 0.283627092838,
        "dmean2": 0.412095606327,
        "dvar": 0.0928675979376,
        "dvar2": 0.205192044377,
        "max": 5.33062505722,
        "mean": 1.91476416588,
        "median": 1.79171514511,
        "min": 0.0527341514826,
        "var": 0.527038395405
    },
    "spectral_spread": {
        "dmean": 801019.9375,
        "dmean2": 1108173.875,
        "dvar": 983543578624,
        "dvar2": 1.64904553677e+12,
        "max": 19390544,
        "mean": 5107889,
        "median": 4765987.5,
        "min": 1225449.75,
        "var": 3.43363236659e+12
    },
    "spectral_strongpeak": {
        "dmean": 0.522409617901,
        "dmean2": 0.85348534584,
        "dvar": 0.517240762711,
        "dvar2": 1.19042825699,
        "max": 6.49596595764,
        "mean": 1.00900578499,
        "median": 0.671551942825,
        "min": 0.00155491102487,
        "var": 0.942171037197
    },
    "zerocrossingrate": {
        "dmean": 0.0124844294041,
        "dmean2": 0.0140262665227,
        "dvar": 0.000281771674054,
        "dvar2": 0.000305583613226,
        "max": 0.36767578125,
        "mean": 0.0530632957816,
        "median": 0.0439453125,
        "min": 0.0078125,
        "var": 0.00159445567988
    },
    "barkbands": {
        "dmean": [1.63433032867e-05, 0.00126739172265, 0.00207813340239, 0.0018310751766, 0.00400712247938, 0.00166774680838, 0.00139887921978, 0.00186168553773, 0.00102686276659, 0.000529758632183, 0.000193330313778, 0.000193724248675, 0.00018160759646, 0.000251144898357, 0.000204592637601, 0.000153741930262, 0.000163822754985, 0.000151172993355, 7.59414833738e-05, 0.000180764778634, 6.47729466436e-05, 8.39711574372e-05, 7.33346896595e-05, 0.000107156520244, 9.79131000349e-05, 7.2988368629e-05, 1.21156009669e-08],
        "dmean2": [3.00285901176e-05, 0.0021544075571, 0.00363596971147, 0.00299662398174, 0.00679962011054, 0.00255229184404, 0.00216216430999, 0.00277779786848, 0.00155007257126, 0.000767298915889, 0.000283243396552, 0.000288925279165, 0.000281010230538, 0.00037020407035, 0.000307928363327, 0.000220294838073, 0.00023574163788, 0.000225800555199, 0.000113109039376, 0.000252489757258, 9.50039320742e-05, 0.000118667019706, 0.000101834550151, 0.00015557227016, 0.000146344944369, 0.00011275671568, 2.18641424965e-08],
        "dvar": [3.88547238828e-09, 8.07343076303e-06, 3.57029857696e-05, 6.64435947328e-06, 6.02623949817e-05, 9.58535201789e-06, 1.05692179204e-05, 1.23569288917e-05, 5.25554605701e-06, 1.80296660801e-06, 1.97680762426e-07, 2.55416665595e-07, 2.11857567933e-07, 3.71140686184e-07, 2.00875533096e-07, 1.33070543029e-07, 6.73259563655e-08, 6.24397600291e-08, 1.36947351237e-08, 1.00786621715e-07, 1.76458847534e-08, 4.38995009233e-08, 3.03439549043e-08, 7.67438308458e-08, 5.26592245365e-08, 3.5030264911e-08, 3.50734659415e-15],
        "dvar2": [1.13270033353e-08, 2.32820366364e-05, 9.99346084427e-05, 1.68521291926e-05, 0.000168189173564, 1.89379225048e-05, 2.39198561758e-05, 2.38654974964e-05, 1.1150703358e-05, 3.32827357852e-06, 3.92457792486e-07, 5.13265661084e-07, 4.80927326407e-07, 6.68989628139e-07, 4.71378854172e-07, 2.61762835407e-07, 1.30716060198e-07, 1.31097152689e-07, 3.08368690582e-08, 1.86863772456e-07, 3.35150041053e-08, 8.7674592919e-08, 5.43990594792e-08, 1.69163868691e-07, 1.15819076996e-07, 8.70626948313e-08, 8.77770417657e-15],
        "max": [0.00100942677818, 0.02910637483, 0.0884042158723, 0.0232254639268, 0.0782575681806, 0.0513210445642, 0.0360330455005, 0.0589800849557, 0.028258221224, 0.0225953366607, 0.00742665119469, 0.0104599287733, 0.00841662660241, 0.0102933682501, 0.00718610966578, 0.00528002390638, 0.00427360739559, 0.00369884772226, 0.0021500508301, 0.00415242882445, 0.00186260964256, 0.00276731140912, 0.00324359419756, 0.00445277988911, 0.00359332491644, 0.00194115319755, 8.00049463123e-07],
        "mean": [1.54136068886e-05, 0.00423114886507, 0.00400694506243, 0.00374877499416, 0.00719434721395, 0.00389351858757, 0.00229259207845, 0.00335311936215, 0.00167638156563, 0.00100231764372, 0.000309237511829, 0.000266967370408, 0.000268351112027, 0.000436083675595, 0.000291954784188, 0.000253168545896, 0.000330477894749, 0.000271335040452, 0.000151953587192, 0.00036229667603, 0.000101985242509, 0.000125538441353, 0.000117728843179, 0.000168876271346, 0.000130578075186, 8.89135408215e-05, 7.62513874264e-09],
        "median": [5.19668810739e-06, 0.0037417570129, 0.00227030622773, 0.00268028420396, 0.00523018697277, 0.00187838205602, 0.000752703286707, 0.00136560597457, 0.000645216496196, 0.000430637097452, 0.000104822865978, 9.37323711696e-05, 7.68096215324e-05, 5.59142281418e-05, 7.72381463321e-05, 6.16712786723e-05, 0.000114642491098, 8.41402943479e-05, 7.8791003034e-05, 0.000113486879854, 2.98718387057e-05, 2.45473365794e-05, 3.10247778543e-05, 6.27798872301e-05, 4.06432081945e-05, 2.19178728003e-05, 4.78823536376e-10],
        "min": [8.23176415921e-10, 3.80791398413e-08, 1.20797616354e-09, 1.13159810411e-08, 9.01759733551e-08, 5.02996044816e-09, 1.67508975579e-08, 8.90040823265e-08, 4.69171546058e-08, 9.5123944277e-09, 4.0873708862e-09, 2.35471819821e-09, 1.79619552565e-09, 8.65696736518e-10, 2.0360158004e-09, 2.18637974392e-09, 2.31488139768e-09, 2.99048452668e-09, 3.07511394126e-09, 4.77287676048e-09, 5.15203435469e-09, 3.23498383636e-09, 2.39881425834e-09, 7.37722327671e-09, 4.63905758252e-09, 6.29662294527e-11, 7.9774676448e-12],
        "var": [2.2524455634e-09, 1.31484139274e-05, 3.37728743034e-05, 1.31541683004e-05, 5.98429433012e-05, 3.10515497404e-05, 2.1103225663e-05, 3.49518231815e-05, 9.23515835893e-06, 4.20469723394e-06, 4.4418081302e-07, 3.87905885191e-07, 3.1476957929e-07, 1.11906922484e-06, 3.49815536538e-07, 3.36904150799e-07, 2.62677247065e-07, 1.89598381439e-07, 3.97750490322e-08, 3.67504071619e-07, 3.58963418989e-08, 8.97751348816e-08, 7.49327071503e-08, 1.34426798581e-07, 8.14166511987e-08, 3.86740239833e-08, 2.27547227412e-15]
    },
    "erbbands": {
        "dmean": [0.016245091334, 0.369875699282, 2.04540514946, 4.09800004959, 11.9956588745, 14.0227212906, 9.82975006104, 17.3296890259, 17.4576816559, 30.0444774628, 31.3493213654, 26.6383914948, 16.2738342285, 9.63899421692, 8.71559906006, 7.8486161232, 8.12913036346, 11.8664770126, 9.95561599731, 10.5111494064, 6.6681470871, 8.0248041153, 9.31752109528, 3.7000181675, 5.24111604691, 9.22770118713, 3.33451080322, 2.36092305183, 2.98706030846, 2.50619840622, 2.04965305328, 2.30111885071, 1.74776422977, 1.03584039211, 0.769695818424, 0.443558365107, 0.118252061307, 0.00890697818249, 0.00017081531405, 1.69754039234e-05],
        "dmean2": [0.0272870026529, 0.631998121738, 3.58807253838, 6.60932445526, 20.3360671997, 23.828836441, 15.4889469147, 26.2798404694, 26.9723262787, 45.3263664246, 46.5858039856, 39.4210090637, 24.0154132843, 13.2771472931, 12.9359951019, 11.5587844849, 12.3864974976, 16.6183719635, 15.5249385834, 15.5536794662, 9.31220912933, 11.1691904068, 13.1721715927, 5.51900529861, 7.52482318878, 12.8848047256, 4.72082090378, 3.48120284081, 4.28348064423, 3.59990096092, 2.84773302078, 3.28396487236, 2.61762857437, 1.52963387966, 1.19820296764, 0.705818414688, 0.17910580337, 0.013882027939, 0.000260697008343, 2.56949660979e-05],
        "dvar": [0.000901264196727, 0.765835523605, 34.1482391357, 50.4234695435, 379.435241699, 933.022033691, 437.739074707, 1089.09667969, 1316.19104004, 3860.01049805, 3470.08666992, 3926.66796875, 1797.16625977, 706.797363281, 399.263214111, 499.816619873, 400.585174561, 652.594787598, 559.840576172, 597.375549316, 215.568115234, 161.476638794, 230.746124268, 33.5586166382, 68.3010101318, 289.096557617, 32.1762390137, 31.9871997833, 56.2577590942, 37.8406219482, 25.0391941071, 40.9444923401, 22.7392139435, 6.27536439896, 3.88370251656, 1.52050411701, 0.0736790820956, 0.000428443687269, 1.55261631107e-07, 7.84480036486e-10],
        "dvar2": [0.00246776570566, 2.21960139275, 97.6648406982, 134.17729187, 1093.42626953, 2554.83837891, 931.301879883, 2052.35961914, 2911.56396484, 7571.8828125, 7031.26269531, 8032.99707031, 3413.55297852, 1049.09899902, 891.023742676, 948.534362793, 911.51385498, 1228.53674316, 1186.05285645, 1352.57116699, 418.514801025, 281.724121094, 461.70324707, 74.6795272827, 133.125595093, 555.750488281, 57.7571105957, 64.1172637939, 113.973602295, 75.6432418823, 46.2309799194, 86.8529129028, 53.6975097656, 12.118144989, 9.65629291534, 3.98096656799, 0.172157630324, 0.000993420369923, 3.60312782277e-07, 1.68799629829e-09],
        "max": [0.352149695158, 8.77343845367, 70.4175033569, 122.398155212, 199.810089111, 260.142486572, 471.29309082, 493.171508789, 488.458190918, 883.657348633, 890.899841309, 893.525756836, 910.649902344, 601.164489746, 347.900390625, 531.590454102, 348.441741943, 344.611724854, 414.149963379, 458.99307251, 231.407180786, 181.229614258, 272.448364258, 79.0470504761, 131.733428955, 217.422073364, 98.4345703125, 65.6232833862, 104.967247009, 103.387947083, 95.6690063477, 138.821456909, 90.6106643677, 44.1418418884, 30.147277832, 13.5700244904, 2.5742764473, 0.185488805175, 0.00345241022296, 0.000272027245956],
        "mean": [0.0685400515795, 1.15616810322, 3.99524641037, 9.19719314575, 20.7675457001, 23.5180892944, 22.8617591858, 37.0877532959, 34.1179008484, 55.0363006592, 55.8441238403, 47.4141387939, 32.6521339417, 19.8699989319, 14.7353868484, 11.5875558853, 13.213973999, 21.2216663361, 16.8193054199, 16.1351795197, 12.8894920349, 17.6619243622, 18.4614849091, 7.71690940857, 11.1088399887, 18.5444068909, 6.47820281982, 3.38361430168, 4.3205909729, 3.89758706093, 3.37134003639, 3.70693349838, 2.61962771416, 1.45013391972, 0.943042337894, 0.510308027267, 0.146689891815, 0.0101469904184, 0.000221739450353, 5.29477838427e-05],
        "median": [0.0637682303786, 0.946004033089, 3.03811216354, 7.00606584549, 14.3831758499, 13.8873338699, 13.1872901917, 15.8549003601, 14.9856758118, 22.7205867767, 23.0832233429, 20.9743289948, 15.6348114014, 7.16280937195, 6.21973133087, 4.66209983826, 3.97988891602, 3.97500896454, 5.28515863419, 3.55199551582, 4.25857019424, 6.34403896332, 6.36034297943, 4.13283395767, 5.33776187897, 5.44875574112, 2.98794078827, 0.79204249382, 0.822680175304, 0.892071664333, 0.953315734863, 1.27664744854, 0.971553564072, 0.45945751667, 0.257691472769, 0.128638163209, 0.03541906178, 0.00217186310329, 6.7087545176e-05, 4.82639406982e-05],
        "min": [1.30676926346e-06, 4.50324205303e-06, 6.81464644003e-06, 8.82627791725e-05, 0.000293257617159, 0.000312815769576, 7.39018214517e-05, 7.62787240092e-05, 0.000288037321297, 0.000901434454136, 0.0022941287607, 0.00117272837088, 0.000471738021588, 0.000347764842445, 0.000149845523993, 9.91273991531e-05, 7.78272587922e-05, 7.38562230254e-05, 8.35524551803e-05, 0.00012138956663, 0.000144161342178, 0.00016179359227, 0.000155925386935, 0.000132102621137, 0.00015084806364, 0.000206349330256, 0.00022724068549, 0.000174488319317, 0.000135334557854, 0.000100577824924, 6.4937157731e-05, 5.1393177273e-05, 0.000203417890589, 6.49741268717e-05, 2.50525044976e-05, 1.13456117106e-05, 2.15161935557e-06, 1.11156978733e-07, 4.94245222527e-09, 1.67187086397e-09],
        "var": [0.00261474493891, 1.06048643589, 26.8818912506, 81.525680542, 439.583435059, 938.758728027, 1136.56384277, 3250.45043945, 3501.796875, 9653.03515625, 8268.78222656, 7266.17578125, 4183.73144531, 2509.62158203, 808.173278809, 770.369689941, 631.264099121, 1932.99841309, 1166.58850098, 1160.94592285, 647.529418945, 719.91986084, 836.031982422, 94.3485870361, 240.595062256, 1014.27563477, 102.857307434, 56.7063407898, 111.575614929, 80.2267532349, 59.7651672363, 74.4275741577, 33.0290489197, 11.1703519821, 4.53044223785, 1.45169210434, 0.0930912196636, 0.000550294760615, 2.02332017807e-07, 1.32535127317e-09]
    },
    "gfcc": {
        "mean": [5.07164096832, 99.5711593628, -88.8997268677, 28.1229133606, -65.9393157959, 6.99029684067, -47.525478363, 18.1718635559, -30.2510547638, 1.75794923306, -19.9691448212, -5.64809036255, -15.3524656296],
        "cov": [[7672.60546875, -763.914672852, -206.494094849, 273.208953857, 143.766464233, 31.7890052795, -207.085723877, 193.333053589, -93.5058822632, 77.9205780029, -34.1203727722, 14.3407297134, -94.6782226562], [-763.914672852, 1408.18859863, -36.9037284851, -230.479797363, 232.699035645, -99.8153686523, 154.294509888, -6.14776229858, 134.742462158, -118.448646545, 241.070724487, -87.6939849854, 116.046012878], [-206.494094849, -36.9037284851, 508.764953613, 72.0166168213, -53.8087043762, 96.2453842163, 56.264377594, -8.92244911194, 4.38313627243, 53.7653236389, -4.4549202919, 76.971534729, 9.78398418427], [273.208953857, -230.479797363, 72.0166168213, 366.28604126, 26.9813613892, -28.1811504364, -8.71687507629, 11.1659431458, 35.5138244629, 6.11993265152, -29.9793739319, 13.2710485458, 42.9346618652], [143.766464233, 232.699035645, -53.8087043762, 26.9813613892, 204.609863281, -28.285692215, 13.0920906067, 25.0547790527, 24.0541915894, -10.3467054367, 23.4510231018, -20.3284091949, 19.888010025], [31.7890052795, -99.8153686523, 96.2453842163, -28.1811504364, -28.285692215, 293.89352417, 102.107803345, -21.7519893646, -29.3540992737, 24.9573116302, -7.13412618637, -4.04015350342, -23.8628196716], [-207.085723877, 154.294509888, 56.264377594, -8.71687507629, 13.0920906067, 102.107803345, 176.219009399, 16.7631645203, 21.1216373444, -3.27176475525, 16.4481754303, 8.5380487442, 7.28789186478], [193.333053589, -6.14776229858, -8.92244911194, 11.1659431458, 25.0547790527, -21.7519893646, 16.7631645203, 164.380233765, 45.2439537048, 28.1861400604, 20.0091018677, -4.59443950653, 10.125617981], [-93.5058822632, 134.742462158, 4.38313627243, 35.5138244629, 24.0541915894, -29.3540992737, 21.1216373444, 45.2439537048, 132.320755005, 8.87457752228, 9.86135864258, 1.08883595467, 38.0011444092], [77.9205780029, -118.448646545, 53.7653236389, 6.11993265152, -10.3467054367, 24.9573116302, -3.27176475525, 28.1861400604, 8.87457752228, 103.119270325, 1.61812698841, -4.38782930374, -13.1304645538], [-34.1203727722, 241.070724487, -4.4549202919, -29.9793739319, 23.4510231018, -7.13412618637, 16.4481754303, 20.0091018677, 9.86135864258, 1.61812698841, 142.734924316, -6.36392831802, 23.1559028625], [14.3407297134, -87.6939849854, 76.971534729, 13.2710485458, -20.3284091949, -4.04015350342, 8.5380487442, -4.59443950653, 1.08883595467, -4.38782930374, -6.36392831802, 125.313972473, 19.7348709106], [-94.6782226562, 116.046012878, 9.78398418427, 42.9346618652, 19.888010025, -23.8628196716, 7.28789186478, 10.125617981, 38.0011444092, -13.1304645538, 23.1559028625, 19.7348709106, 102.968330383]],
        "icov": [[0.000158882074174, 4.26488149969e-05, 7.72547718952e-05, -0.000121468801808, -0.000158105729497, -0.000125395716168, 0.000216052139876, -0.000216890010051, 0.000105641171103, -1.78139307536e-05, -6.66856212774e-05, -0.000102618600067, 0.000142251927173], [4.26488149969e-05, 0.00467030704021, -0.00162405404262, 0.00356942159124, -0.00398580124602, 0.00250792875886, -0.0037701681722, 0.00231444276869, -0.00365885021165, 0.0044232183136, -0.00545353908092, 0.0040088808164, -0.00279553118162], [7.72547718952e-05, -0.00162405404262, 0.00325302686542, -0.00187584746163, 0.00181181449443, -0.00154581444804, 0.000935135700274, -0.000642425147817, 0.00130611343775, -0.00288666435517, 0.00172508822288, -0.00296938163228, 0.000994256231934], [-0.000121468801808, 0.00356942159124, -0.00187584746163, 0.00603476399556, -0.00339107587934, 0.00230552558787, -0.0028937056195, 0.00193353265058, -0.00334685039707, 0.00332423322834, -0.00319732120261, 0.0033567675855, -0.0035338208545], [-0.000158105729497, -0.00398580124602, 0.00181181449443, -0.00339107587934, 0.00899598840624, -0.0016151239397, 0.00234007276595, -0.00227254582569, 0.00266684684902, -0.00339675555006, 0.00399038102478, -0.00256949779578, 0.00171219394542], [-0.000125395716168, 0.00250792875886, -0.00154581444804, 0.00230552558787, -0.0016151239397, 0.00653374334797, -0.0053313090466, 0.00216648401693, -0.000907395151444, 0.00122241547797, -0.00253785261884, 0.00298895640299, -0.00127714453265], [0.000216052139876, -0.0037701681722, 0.000935135700274, -0.0028937056195, 0.00234007276595, -0.0053313090466, 0.0115248421207, -0.00316077517346, 0.00156620109919, -0.00210069771856, 0.00364726688713, -0.00391325447708, 0.00245691183954], [-0.000216890010051, 0.00231444276869, -0.000642425147817, 0.00193353265058, -0.00227254582569, 0.00216648401693, -0.00316077517346, 0.00886098761111, -0.00399989355356, 7.48468155507e-05, -0.00336650828831, 0.00216768169776, -0.00143229030073], [0.000105641171103, -0.00365885021165, 0.00130611343775, -0.00334685039707, 0.00266684684902, -0.000907395151444, 0.00156620109919, -0.00399989355356, 0.0128498254344, -0.00452972296625, 0.00460405368358, -0.00278516672552, -0.000772295345087], [-1.78139307536e-05, 0.0044232183136, -0.00288666435517, 0.00332423322834, -0.00339675555006, 0.00122241547797, -0.00210069771856, 7.48468155507e-05, -0.00452972296625, 0.0159247480333, -0.00551924714819, 0.0046228710562, -0.000974892405793], [-6.66856212774e-05, -0.00545353908092, 0.00172508822288, -0.00319732120261, 0.00399038102478, -0.00253785261884, 0.00364726688713, -0.00336650828831, 0.00460405368358, -0.00551924714819, 0.0142329363152, -0.00402549980208, 0.00113596185111], [-0.000102618600067, 0.0040088808164, -0.00296938163228, 0.0033567675855, -0.00256949779578, 0.00298895640299, -0.00391325447708, 0.00216768169776, -0.00278516672552, 0.0046228710562, -0.00402549980208, 0.0129720950499, -0.00444069411606], [0.000142251927173, -0.00279553118162, 0.000994256231934, -0.0035338208545, 0.00171219394542, -0.00127714453265, 0.00245691183954, -0.00143229030073, -0.000772295345087, -0.000974892405793, 0.00113596185111, -0.00444069411606, 0.0144687434658]]
    },
    "melbands": {
        "dmean": [0.000246708485065, 0.000870077230502, 0.000870308256708, 0.00100094056688, 0.000378267315682, 0.000353826122591, 0.00027447816683, 0.000358706252882, 0.000249236501986, 0.000159953648108, 7.98580076662e-05, 4.1678067646e-05, 2.74313515547e-05, 2.34467497648e-05, 1.81757113751e-05, 1.91607414308e-05, 2.53109719779e-05, 1.80937386176e-05, 1.50882087837e-05, 1.37109927891e-05, 7.46872501622e-06, 8.59575447976e-06, 1.12007955977e-05, 6.81829624227e-06, 2.88165642814e-06, 3.32995728058e-06, 5.8796799749e-06, 6.42548138785e-06, 2.30778164223e-06, 1.55857424033e-06, 1.41727002756e-06, 1.73881187493e-06, 1.72347836269e-06, 1.34872607305e-06, 1.11993949758e-06, 1.51061215092e-06, 1.42997896546e-06, 1.30800845e-06, 1.13532087198e-06, 7.99599717993e-07],
        "dmean2": [0.000418153096689, 0.0015210879501, 0.00144734664354, 0.00171447743196, 0.000599161605351, 0.000540102366358, 0.00043019891018, 0.00054079835536, 0.000371617323253, 0.000239116619923, 0.000118522315461, 5.88429938944e-05, 4.01737306674e-05, 3.54754847649e-05, 2.66141123575e-05, 3.00818719552e-05, 3.61448765034e-05, 2.81464181171e-05, 2.27478740271e-05, 1.96676792257e-05, 1.09153925223e-05, 1.24582165881e-05, 1.56639380293e-05, 1.0182285223e-05, 4.43027147412e-06, 5.08826269652e-06, 8.27741860121e-06, 9.06491641217e-06, 3.30541206495e-06, 2.29176157518e-06, 2.1012281195e-06, 2.51464211942e-06, 2.59322882812e-06, 1.96540941033e-06, 1.61113973718e-06, 2.16530270336e-06, 2.11669021155e-06, 2.00453268917e-06, 1.74400850028e-06, 1.19428159451e-06],
        "dvar": [2.69388522156e-07, 5.83018936595e-06, 1.68903727626e-06, 4.29489227827e-06, 4.31050466432e-07, 4.35346635186e-07, 3.5006596022e-07, 5.02899240473e-07, 2.29960875231e-07, 1.53055069063e-07, 4.53638193676e-08, 1.48786591936e-08, 3.81804232674e-09, 2.98546454225e-09, 2.65889199547e-09, 2.14556217237e-09, 3.38866290583e-09, 2.2624857543e-09, 1.0649238158e-09, 1.00517227875e-09, 2.6732074887e-10, 2.05201661219e-10, 3.44148265441e-10, 1.40505149182e-10, 2.16540275294e-11, 3.46113589178e-11, 1.05236715175e-10, 1.51071363752e-10, 1.64229341931e-11, 9.77284399239e-12, 1.337885705e-11, 1.99795908984e-11, 2.03470105348e-11, 1.09288056035e-11, 7.70025189445e-12, 1.50562340373e-11, 1.64236211436e-11, 1.35724122913e-11, 8.41932339818e-12, 4.1211842966e-12],
        "dvar2": [7.67632798215e-07, 1.66822901519e-05, 4.50168454336e-06, 1.20794093164e-05, 9.50772516717e-07, 8.30264809792e-07, 7.6989573472e-07, 9.48731496919e-07, 4.72658683748e-07, 3.21334113096e-07, 8.60858833107e-08, 2.27742873449e-08, 7.91309329173e-09, 6.34119734499e-09, 5.57178214677e-09, 4.89559859318e-09, 6.37814823179e-09, 4.64459626315e-09, 2.50818388281e-09, 1.97830707371e-09, 5.13643461098e-10, 3.89428850278e-10, 6.48706477424e-10, 3.03738589835e-10, 4.92149133946e-11, 8.17437506573e-11, 1.86599333207e-10, 3.00122537933e-10, 2.92382403011e-11, 1.91230902641e-11, 2.82910413846e-11, 4.18965209747e-11, 4.44531286781e-11, 2.17273369435e-11, 1.52667791603e-11, 2.99454835928e-11, 3.67744966423e-11, 3.34922194145e-11, 1.82789824943e-11, 8.03060482696e-12],
        "max": [0.00551992002875, 0.0272728055716, 0.0185108538717, 0.0210456121713, 0.0140102878213, 0.00946665927768, 0.00778702180833, 0.0114474445581, 0.00663472618908, 0.00553778652102, 0.00447915121913, 0.00265611056238, 0.00111441814806, 0.000931657559704, 0.000962273566984, 0.000667804444674, 0.000761773029808, 0.00094042706769, 0.000573444296606, 0.000470507045975, 0.000320770952385, 0.000226910895435, 0.000341879262123, 0.000215960200876, 6.06813155173e-05, 0.000122590878163, 0.000170507992152, 0.000167999111, 8.5954387032e-05, 4.2704770749e-05, 4.62746575067e-05, 6.64328690618e-05, 7.32573389541e-05, 6.07836191193e-05, 4.81143797515e-05, 7.72780986154e-05, 8.40432112454e-05, 7.27206061129e-05, 4.50466941402e-05, 4.28391249443e-05],
        "mean": [0.000933823350351, 0.00199547712691, 0.00196998077445, 0.00170688319486, 0.000839307787828, 0.000787575554568, 0.000512093363795, 0.000659037090372, 0.000429953739513, 0.00027437103563, 0.000154089313583, 8.06651369203e-05, 4.56049783679e-05, 3.45266562363e-05, 2.51329001912e-05, 2.92097884085e-05, 4.31961889262e-05, 2.83055305772e-05, 2.11689166463e-05, 2.0942034098e-05, 1.36300232043e-05, 1.71929823409e-05, 2.14608480746e-05, 1.21430157378e-05, 5.30286388312e-06, 6.15029148321e-06, 1.16509281725e-05, 1.2303748008e-05, 4.23176152253e-06, 2.31617377722e-06, 1.83282338639e-06, 2.37214999288e-06, 2.57325746134e-06, 1.98250086214e-06, 1.74608146608e-06, 2.39350401898e-06, 2.17259730562e-06, 1.86142790426e-06, 1.61260174991e-06, 1.04790831301e-06],
        "median": [0.000992831191979, 0.00177071453072, 0.0016062828945, 0.00121872965246, 0.000539347645827, 0.000356476288289, 0.000197361558094, 0.000265319889877, 0.000165381046827, 0.000109288688691, 6.85962295393e-05, 2.62166940956e-05, 1.72795880644e-05, 1.43084125739e-05, 8.00733869255e-06, 7.67109759181e-06, 5.68392442801e-06, 6.93307310939e-06, 5.25635641679e-06, 4.71491102871e-06, 4.67894551548e-06, 5.68892346564e-06, 6.8116401053e-06, 3.77045330424e-06, 2.8266258596e-06, 2.93379116556e-06, 4.08353434977e-06, 3.03549063574e-06, 1.67888367741e-06, 6.04330523402e-07, 2.64316213361e-07, 3.71480979311e-07, 5.24801293977e-07, 4.18806990865e-07, 4.44407561417e-07, 7.06698642716e-07, 7.55960911647e-07, 6.06316916674e-07, 5.38772496839e-07, 2.8454024914e-07],
        "min": [1.30177308932e-08, 4.06461575508e-09, 2.38235653427e-08, 2.8766605098e-08, 3.43768213895e-09, 1.90652693632e-09, 3.5270544263e-09, 1.39039304514e-08, 1.66153792946e-08, 6.81790357504e-09, 2.07941308616e-09, 1.30997579451e-09, 5.21096166217e-10, 2.8863736401e-10, 2.39833042315e-10, 1.61375940388e-10, 1.11915206269e-10, 8.55682955048e-11, 1.56920698657e-10, 1.19793133746e-10, 1.31294891625e-10, 1.58609528289e-10, 1.3106356278e-10, 1.20362234068e-10, 9.30238733265e-11, 1.33311264805e-10, 8.98340429822e-11, 1.35831221271e-10, 1.39254982545e-10, 1.14100430493e-10, 6.99237959201e-11, 7.53895418315e-11, 6.41994998829e-11, 5.90849730253e-11, 4.21297337294e-11, 2.20492703956e-11, 2.30755067832e-11, 1.41574751922e-10, 9.38092381553e-11, 1.72960968464e-11],
