{
"highlevel": {
    "danceability": {
        "all": {
            "danceable": 0.990252971649,
            "not_danceable": 0.0097470022738
        },
        "probability": 0.990252971649,
        "value": "danceable"
    },
    "gender": {
        "all": {
            "female": 0.567082345486,
            "male": 0.432917654514
        },
        "probability": 0.567082345486,
        "value": "female"
    },
    "genre_dortmund": {
        "all": {
            "alternative": 0.00669873040169,
            "blues": 0.105609156191,
            "electronic": 0.278267860413,
            "folkcountry": 0.0132831791416,
            "funksoulrnb": 0.0190195143223,
            "jazz": 0.0576694868505,
            "pop": 0.00669898791239,
            "raphiphop": 0.410957664251,
            "rock": 0.101795434952
        },
        "probability": 0.410957664251,
        "value": "raphiphop"
    },
    "genre_electronic": {
        "all": {
            "ambient": 0.134437590837,
            "dnb": 0.160691291094,
            "house": 0.666858792305,
            "techno": 0.0246679931879,
            "trance": 0.0133443064988
        },
        "probability": 0.666858792305,
        "value": "house"
    },
    "genre_rosamerica": {
        "all": {
            "cla": 0.00822098273784,
            "dan": 0.185284182429,
            "hip": 0.622436225414,
            "jaz": 0.0103629529476,
            "pop": 0.0301944110543,
            "rhy": 0.0595134906471,
            "roc": 0.0299586132169,
            "spe": 0.0540291331708
        },
        "probability": 0.622436225414,
        "value": "hip"
    },
    "genre_tzanetakis": {
        "all": {
            "blu": 0.0626541301608,
            "cla": 0.0348133929074,
            "cou": 0.0783502534032,
            "dis": 0.104547776282,
            "hip": 0.156935766339,
            "jaz": 0.313987225294,
            "met": 0.0448160022497,
            "pop": 0.0627349689603,
            "reg": 0.0627352446318,
            "roc": 0.0784252360463
        },
        "probability": 0.313987225294,
        "value": "jaz"
    },
    "ismir04_rhythm": {
        "all": {
            "ChaChaCha": 0.0360496453941,
            "Jive": 0.354545980692,
            "Quickstep": 0.0333238691092,
            "Rumba-American": 0.0208151638508,
            "Rumba-International": 0.247129932046,
            "Rumba-Misc": 0.0128864431754,
            "Samba": 0.215069249272,
            "Tango": 0.0088316956535,
            "VienneseWaltz": 0.0518033802509,
            "Waltz": 0.0195446368307
        },
        "probability": 0.354545980692,
        "value": "Jive"
    },
    "mood_acoustic": {
        "all": {
            "acoustic": 0.0116519248113,
            "not_acoustic": 0.988348066807
        },
        "probability": 0.988348066807,
        "value": "not_acoustic"
    },
    "mood_aggressive": {
        "all": {
            "aggressive": 0.876119077206,
            "not_aggressive": 0.123880937696
        },
        "probability": 0.876119077206,
        "value": "aggressive"
    },
    "mood_electronic": {
        "all": {
            "electronic": 0.965020239353,
            "not_electronic": 0.0349797420204
        },
        "probability": 0.965020239353,
        "value": "electronic"
    },
    "mood_happy": {
        "all": {
            "happy": 0.253893852234,
            "not_happy": 0.746106147766
        },
        "probability": 0.746106147766,
        "value": "not_happy"
    },
    "mood_party": {
        "all": {
            "not_party": 0.350760996342,
            "party": 0.649239003658
        },
        "probability": 0.649239003658,
        "value": "party"
    },
    "mood_relaxed": {
        "all": {
            "not_relaxed": 0.282693147659,
            "relaxed": 0.717306852341
        },
        "probability": 0.717306852341,
        "value": "relaxed"
    },
    "mood_sad": {
        "all": {
            "not_sad": 0.801625370979,
            "sad": 0.198374658823
        },
        "probability": 0.801625370979,
        "value": "not_sad"
    },
    "moods_mirex": {
        "all": {
            "Cluster1": 0.274903863668,
            "Cluster2": 0.264339238405,
            "Cluster3": 0.117788828909,
            "Cluster4": 0.0453410185874,
            "Cluster5": 0.297627061605
        },
        "probability": 0.297627061605,
        "value": "Cluster5"
    },
    "timbre": {
        "all": {
            "bright": 0.0322266407311,
            "dark": 0.967773377895
        },
        "probability": 0.967773377895,
        "value": "dark"
    },
    "tonal_atonal": {
        "all": {
            "atonal": 0.995425343513,
            "tonal": 0.00457466067746
        },
        "probability": 0.995425343513,
        "value": "atonal"
    },
    "voice_instrumental": {
        "all": {
            "instrumental": 0.949098825455,
            "voice": 0.050901144743
        },
        "probability": 0.949098825455,
        "value": "instrumental"
    }
},
"lowlevel": {
    "average_loudness": 0.951314806938,
    "barkbands_crest": {
        "dmean": 2.95333886147,
        "dmean2": 4.66204929352,
        "dvar": 9.94475364685,
        "dvar2": 19.2038097382,
        "max": 26.7770519257,
        "mean": 13.8570461273,
        "median": 12.2885026932,
        "min": 3.3406124115,
        "var": 42.7536621094
    },
    "barkbands_flatness_db": {
        "dmean": 0.0431801378727,
        "dmean2": 0.0581357367337,
        "dvar": 0.00430011376739,
        "dvar2": 0.00601792195812,
        "max": 0.799524724483,
        "mean": 0.278794467449,
        "median": 0.214055940509,
        "min": 0.118201568723,
        "var": 0.019788723439
    },
    "barkbands_kurtosis": {
        "dmean": 143.198226929,
        "dmean2": 233.855880737,
        "dvar": 211414.984375,
        "dvar2": 525444.5625,
        "max": 3708.80102539,
        "mean": 128.412338257,
        "median": 9.12208557129,
        "min": -1.89112377167,
        "var": 180551.078125
    },
    "barkbands_skewness": {
        "dmean": 2.92545294762,
        "dmean2": 4.14382982254,
        "dvar": 35.4133720398,
        "dvar2": 73.7938766479,
        "max": 50.0727119446,
        "mean": 5.14393281937,
        "median": 2.82377457619,
        "min": -3.60523533821,
        "var": 56.0508995056
    },
    "barkbands_spread": {
        "dmean": 5.65185451508,
        "dmean2": 8.33306694031,
        "dvar": 52.4458808899,
        "dvar2": 106.405853271,
        "max": 71.2520065308,
        "mean": 14.3063268661,
        "median": 12.0456600189,
        "min": 0.0200496353209,
        "var": 180.300765991
    },
    "dissonance": {
        "dmean": 0.0161908864975,
        "dmean2": 0.0248818732798,
        "dvar": 0.00030646356754,
        "dvar2": 0.000751209328882,
        "max": 0.49990555644,
        "mean": 0.463983178139,
        "median": 0.467356443405,
        "min": 0.338846474886,
        "var": 0.000582860899158
    },
    "dynamic_complexity": 1.21019911766,
    "erbbands_crest": {
        "dmean": 3.10737228394,
        "dmean2": 4.75551795959,
        "dvar": 8.98697471619,
        "dvar2": 17.0413837433,
        "max": 26.0164985657,
        "mean": 11.3199367523,
        "median": 10.1071300507,
        "min": 3.59008622169,
        "var": 21.8429336548
    },
    "erbbands_flatness_db": {
        "dmean": 0.0262271296233,
        "dmean2": 0.0379264838994,
        "dvar": 0.00145831808913,
        "dvar2": 0.00254145986401,
        "max": 0.505750000477,
        "mean": 0.218763291836,
        "median": 0.204708889127,
        "min": 0.138625696301,
        "var": 0.00305184116587
    },
    "erbbands_kurtosis": {
        "dmean": 9.03460025787,
        "dmean2": 14.3316850662,
        "dvar": 673.968017578,
        "dvar2": 1570.03588867,
        "max": 246.575576782,
        "mean": 7.12715244293,
        "median": -0.133818626404,
        "min": -1.92572057247,
        "var": 687.579650879
    },
    "erbbands_skewness": {
        "dmean": 1.08813726902,
        "dmean2": 1.52144563198,
        "dvar": 2.24897623062,
        "dvar2": 4.67770147324,
        "max": 12.1795454025,
        "mean": 1.06029343605,
        "median": 0.8171620965,
        "min": -4.01657438278,
        "var": 4.73162317276
    },
    "erbbands_spread": {
        "dmean": 14.6426944733,
        "dmean2": 23.0156154633,
        "dvar": 291.846893311,
        "dvar2": 582.955932617,
        "max": 116.838218689,
        "mean": 49.2102622986,
        "median": 52.7520294189,
        "min": 0.846627116203,
        "var": 563.694580078
    },
    "hfc": {
        "dmean": 7.23353433609,
        "dmean2": 10.9916286469,
        "dvar": 112.757606506,
        "dvar2": 273.313659668,
        "max": 108.378814697,
        "mean": 17.1031780243,
        "median": 12.7127170563,
        "min": 1.7230476141,
        "var": 210.508514404
    },
    "melbands_crest": {
        "dmean": 2.74556684494,
        "dmean2": 4.49715280533,
        "dvar": 7.77502393723,
        "dvar2": 17.3635940552,
        "max": 29.7535915375,
        "mean": 15.9496850967,
        "median": 15.0044145584,
        "min": 3.42196631432,
        "var": 37.969493866
    },
    "melbands_flatness_db": {
        "dmean": 0.0519295819104,
        "dmean2": 0.0684837028384,
        "dvar": 0.00591577962041,
        "dvar2": 0.0083423089236,
        "max": 0.963215470314,
        "mean": 0.336769610643,
        "median": 0.259127527475,
        "min": 0.0573784075677,
        "var": 0.0317314192653
    },
    "melbands_kurtosis": {
        "dmean": 38.7499771118,
        "dmean2": 59.7061386108,
        "dvar": 6171.3046875,
        "dvar2": 13662.7480469,
        "max": 594.090820312,
        "mean": 63.3942680359,
        "median": 26.8767089844,
        "min": -1.68967974186,
        "var": 10011.8251953
    },
    "melbands_skewness": {
        "dmean": 1.55810892582,
        "dmean2": 2.3336148262,
        "dvar": 4.9773888588,
        "dvar2": 10.3969736099,
        "max": 18.3570518494,
        "mean": 4.54476070404,
        "median": 4.07602214813,
        "min": -2.07156324387,
        "var": 9.7511100769
    },
    "melbands_spread": {
        "dmean": 8.00881290436,
        "dmean2": 12.1897163391,
        "dvar": 190.837661743,
        "dvar2": 439.085632324,
        "max": 118.469932556,
        "mean": 15.7076787949,
        "median": 9.13295459747,
        "min": 0.235673636198,
        "var": 431.507141113
    },
    "pitch_salience": {
        "dmean": 0.0844716206193,
        "dmean2": 0.128616645932,
        "dvar": 0.00955579709262,
        "dvar2": 0.0182632450014,
        "max": 0.827127814293,
        "mean": 0.485562056303,
        "median": 0.555492162704,
        "min": 0.0264419633895,
        "var": 0.0416468717158
    },
    "silence_rate_20dB": {
        "dmean": 0,
        "dmean2": 0,
        "dvar": 0,
        "dvar2": 0,
        "max": 1,
        "mean": 1,
        "median": 1,
        "min": 1,
        "var": 0
    },
    "silence_rate_30dB": {
        "dmean": 0.106811143458,
        "dmean2": 0.21301317215,
        "dvar": 0.0954012125731,
        "dvar2": 0.181583240628,
        "max": 1,
        "mean": 0.850734710693,
        "median": 1,
        "min": 0,
        "var": 0.126984134316
    },
    "silence_rate_60dB": {
        "dmean": 0,
        "dmean2": 0,
        "dvar": 0,
        "dvar2": 0,
        "max": 0,
        "mean": 0,
        "median": 0,
        "min": 0,
        "var": 0
    },
    "spectral_centroid": {
        "dmean": 381.656005859,
        "dmean2": 545.909301758,
        "dvar": 193357.171875,
        "dvar2": 386719.46875,
        "max": 3516.48388672,
        "mean": 1172.33117676,
        "median": 1047.33239746,
        "min": 72.3471221924,
        "var": 716510.75
    },
    "spectral_complexity": {
        "dmean": 4.74458217621,
        "dmean2": 6.78621244431,
        "dvar": 27.9331817627,
        "dvar2": 52.3600692749,
        "max": 53,
        "mean": 13.8468675613,
        "median": 10,
        "min": 1,
        "var": 125.029945374
    },
    "spectral_decrease": {
        "dmean": 4.74437822362e-09,
        "dmean2": 7.10695946537e-09,
        "dvar": 8.12669151456e-17,
        "dvar2": 1.32464253308e-16,
        "max": -1.43895784177e-09,
        "mean": -1.3525518483e-08,
        "median": -7.15320602751e-09,
        "min": -6.19766282739e-08,
        "var": 1.75339817018e-16
    },
    "spectral_energy": {
        "dmean": 0.0183392688632,
        "dmean2": 0.0275286249816,
        "dvar": 0.00116548512597,
        "dvar2": 0.0019017898012,
        "max": 0.235985353589,
        "mean": 0.0525996908545,
        "median": 0.0292314961553,
        "min": 0.00785266701132,
        "var": 0.00248385523446
    },
    "spectral_energyband_high": {
        "dmean": 0.000326114299241,
        "dmean2": 0.0005110729835,
        "dvar": 4.55174188119e-07,
        "dvar2": 9.47779881244e-07,
        "max": 0.0169763658196,
        "mean": 0.000573548779357,
        "median": 0.000316693854984,
        "min": 1.67642433269e-08,
        "var": 1.34182209877e-06
    },
    "spectral_energyband_low": {
        "dmean": 0.0170817188919,
        "dmean2": 0.0251094345003,
        "dvar": 0.00123813876417,
        "dvar2": 0.00208122981712,
        "max": 0.231629416347,
        "mean": 0.0381527803838,
        "median": 0.00627279561013,
        "min": 2.30893801927e-05,
        "var": 0.00293285911903
    },
    "spectral_energyband_middle_high": {
        "dmean": 0.00178963853978,
        "dmean2": 0.0026638736017,
        "dvar": 1.14786353151e-05,
        "dvar2": 2.41917405219e-05,
        "max": 0.0309965051711,
        "mean": 0.00270324968733,
        "median": 0.00103858869988,
        "min": 1.77712848881e-07,
        "var": 2.31921312661e-05
    },
    "spectral_energyband_middle_low": {
        "dmean": 0.00517019955441,
        "dmean2": 0.0085822455585,
        "dvar": 9.01891107787e-05,
        "dvar2": 0.000245789298788,
        "max": 0.0744693428278,
        "mean": 0.0130161736161,
        "median": 0.0128360185772,
        "min": 6.56617630739e-05,
        "var": 0.000105993858597
    },
    "spectral_entropy": {
        "dmean": 0.302653580904,
        "dmean2": 0.439088344574,
        "dvar": 0.286581605673,
        "dvar2": 0.499308764935,
        "max": 8.17269611359,
        "mean": 7.04787778854,
        "median": 7.37307882309,
        "min": 3.54861950874,
        "var": 0.65847325325
    },
    "spectral_flux": {
        "dmean": 0.0416103824973,
        "dmean2": 0.065746024251,
        "dvar": 0.00393154798076,
        "dvar2": 0.00760821858421,
        "max": 0.436562329531,
        "mean": 0.0963047519326,
        "median": 0.0739276334643,
        "min": 0.0211469605565,
        "var": 0.00619627302513
    },
    "spectral_kurtosis": {
        "dmean": 5.63852500916,
        "dmean2": 9.18989753723,
        "dvar": 226.995422363,
        "dvar2": 549.198181152,
        "max": 227.360748291,
        "mean": 6.37233638763,
        "median": 2.98820400238,
        "min": -0.564309120178,
        "var": 207.500030518
    },
    "spectral_rms": {
        "dmean": 0.0010767870117,
        "dmean2": 0.00161291658878,
        "dvar": 2.67068230642e-06,
        "dvar2": 4.22661605626e-06,
        "max": 0.0151733197272,
        "mean": 0.00658650649711,
        "median": 0.00534027442336,
        "min": 0.00276787625626,
        "var": 7.9347182691e-06
    },
    "spectral_rolloff": {
        "dmean": 436.863769531,
        "dmean2": 741.420471191,
        "dvar": 771515.75,
        "dvar2": 1676654.875,
        "max": 6136.96289062,
        "mean": 899.84765625,
        "median": 366.064453125,
        "min": 64.599609375,
        "var": 1535826.625
    },
    "spectral_skewness": {
        "dmean": 0.579836308956,
        "dmean2": 0.874361932278,
        "dvar": 1.19884884357,
        "dvar2": 2.53708767891,
        "max": 13.0592975616,
        "mean": 1.27105772495,
        "median": 0.915492415428,
        "min": -0.145257815719,
        "var": 1.60798943043
    },
    "spectral_spread": {
        "dmean": 525511.5,
        "dmean2": 804496.625,
        "dvar": 448142082048,
        "dvar2": 919081385984,
        "max": 17171690,
        "mean": 3517681.25,
        "median": 3716752.25,
        "min": 765987.625,
        "var": 801180221440
    },
    "spectral_strongpeak": {
        "dmean": 0.365295261145,
        "dmean2": 0.588811814785,
        "dvar": 0.186690822244,
        "dvar2": 0.48882329464,
        "max": 6.57933568954,
        "mean": 0.971516251564,
        "median": 0.888777673244,
        "min": 0.0661138668656,
        "var": 0.356672078371
    },
    "zerocrossingrate": {
        "dmean": 0.00911559071392,
        "dmean2": 0.00994906108826,
        "dvar": 8.74093093444e-05,
        "dvar2": 9.86968443613e-05,
        "max": 0.16796875,
        "mean": 0.0402849018574,
        "median": 0.0380859375,
        "min": 0.00244140625,
        "var": 0.0010587524157
    },
    "barkbands": {
        "dmean": [0.00013189096353, 0.0153669016436, 0.00800198223442, 0.00238975370303, 0.00182622484863, 0.00222986540757, 0.000561731634662, 0.000151358355652, 4.32907545473e-05, 3.46679298673e-05, 2.38419852394e-05, 2.86950871669e-05, 5.53911158931e-05, 4.7570472816e-05, 0.000179902664968, 0.000236523046624, 0.000284859910607, 0.000468518468551, 0.000506202399265, 0.000436613801867, 8.6697327788e-05, 4.08498599427e-05, 2.68851599685e-05, 1.02849171526e-05, 4.15540216636e-06, 1.76168427402e-07, 2.6307578338e-09],
        "dmean2": [0.000220026413444, 0.0211317259818, 0.0147009007633, 0.00420870771632, 0.00313635589555, 0.00347489584237, 0.000850361422636, 0.000230082834605, 6.85680424795e-05, 5.40880064364e-05, 4.26669430453e-05, 4.29899555456e-05, 7.97376196715e-05, 6.24087551842e-05, 0.000301375577692, 0.000390475877794, 0.000443729251856, 0.000713162997272, 0.000819914916065, 0.000715721980669, 0.000136830742122, 6.28877678537e-05, 4.21030417783e-05, 1.34356514536e-05, 6.39500467514e-06, 2.80250276319e-07, 4.12767242608e-09],
        "dvar": [1.03092851589e-07, 0.00102784414776, 0.00042399490485, 3.73445254809e-05, 1.67358975887e-05, 6.77835078022e-06, 6.56784379771e-07, 1.04991492833e-07, 1.11088889199e-08, 1.41550042798e-08, 1.15855467442e-08, 1.09024824724e-08, 3.6172931317e-08, 2.17987103923e-08, 4.72250462735e-07, 3.5928681541e-07, 4.54639888403e-07, 7.2595543088e-07, 9.80974846243e-07, 9.15511350286e-07, 4.41585967792e-08, 3.81348463918e-08, 6.13661343962e-09, 5.32776001094e-09, 7.91730847549e-11, 1.25631303321e-13, 5.22959835701e-16],
        "dvar2": [2.59922956047e-07, 0.00203746231273, 0.00120387470815, 0.000105830840766, 4.26069018431e-05, 1.56693531608e-05, 1.20757590594e-06, 1.95315266183e-07, 2.26946621495e-08, 2.94862161354e-08, 3.21475930321e-08, 2.38057840107e-08, 6.55535359328e-08, 3.49907551822e-08, 1.12366797111e-06, 7.92519188053e-07, 9.3714322702e-07, 1.76092805759e-06, 2.54177894021e-06, 2.40523945649e-06, 8.81915127593e-08, 6.83582044303e-08, 1.24341639207e-08, 6.78963951728e-09, 1.92126106691e-10, 2.9105957553e-13, 5.35162192339e-16],
        "max": [0.0054380884394, 0.205538123846, 0.114932022989, 0.0394997522235, 0.0427028350532, 0.026623127982, 0.0095008276403, 0.006038072519, 0.0015354314819, 0.00181705772411, 0.00135644467082, 0.00113885593601, 0.00236391718499, 0.00189759512432, 0.00694517418742, 0.0079153040424, 0.00659562181681, 0.00861384440213, 0.0105876745656, 0.00812272727489, 0.00706247566268, 0.00808629021049, 0.00217268336564, 0.00314164999872, 8.55555263115e-05, 8.72346390679e-06, 7.92233095126e-07],
        "mean": [0.000270031159744, 0.026968261227, 0.00909064151347, 0.00293738744222, 0.00269273947924, 0.00520970718935, 0.00172549311537, 0.00037699812674, 5.96451536694e-05, 4.32450651715e-05, 2.4658820621e-05, 3.84271479561e-05, 6.44749088679e-05, 7.21430042177e-05, 0.000201306465897, 0.00030802533729, 0.000374989642296, 0.000617531593889, 0.000689086387865, 0.00051539868582, 0.000161704563652, 8.23720329208e-05, 4.98105582665e-05, 1.91368235392e-05, 6.20429545961e-06, 3.75821599619e-07, 2.37208586107e-09],
        "median": [1.80756615009e-05, 0.00170055904891, 0.00244565331377, 0.00131590326782, 0.00145986105781, 0.00371644762345, 0.001072994899, 4.36448062828e-05, 1.54328190547e-05, 1.68654587469e-05, 8.95262564882e-06, 8.87389614945e-06, 1.09576158138e-05, 1.45045287354e-05, 3.23822969222e-05, 5.95696619712e-05, 0.000108413383714, 0.000250560231507, 0.000294915429549, 0.000208637531614, 9.62119593169e-05, 3.51526541635e-05, 2.16072876356e-05, 7.67513756728e-06, 2.96318376058e-06, 2.61286885461e-07, 6.37202013376e-10],
        "min": [1.70276042155e-08, 4.90442880619e-06, 3.05826597469e-06, 3.62191667591e-06, 1.1471792277e-05, 1.27838291064e-06, 1.51329714981e-07, 1.06039887982e-08, 1.258473592e-08, 1.48589140991e-08, 7.82684317358e-09, 9.48605460849e-09, 6.63089805286e-09, 4.01919075799e-09, 2.94509261423e-09, 5.66603119978e-09, 9.92639304087e-09, 1.06084812046e-08, 1.9025643283e-08, 8.76301609054e-09, 6.12907324893e-09, 1.75154579729e-09, 2.52596166206e-09, 8.07519107138e-10, 7.84163955991e-10, 2.35030744866e-10, 1.81562612167e-11],
        "var": [5.15147007718e-07, 0.00203790119849, 0.000297236518236, 2.48385586019e-05, 2.22417602345e-05, 2.70996060863e-05, 4.11062501371e-06, 7.12489054422e-07, 2.42502320447e-08, 1.62107802737e-08, 8.22649148802e-09, 1.69334839484e-08, 5.61238238106e-08, 5.23106535866e-08, 5.4013787576e-07, 7.02566865129e-07, 8.02617478257e-07, 1.22582423501e-06, 1.2548508721e-06, 9.28726478833e-07, 1.38011031936e-07, 1.42193769648e-07, 1.65915796657e-08, 1.51242360857e-08, 1.16236152647e-10, 2.67007146644e-13, 5.23482507969e-16]
    },
    "erbbands": {
        "dmean": [0.321636945009, 3.86376643181, 8.481508255, 8.79864883423, 6.01559019089, 6.27517700195, 9.28902721405, 23.5972614288, 8.07118225098, 6.19721746445, 2.45129966736, 0.999530315399, 0.98105764389, 0.90373301506, 1.03576672077, 1.32447385788, 2.40987014771, 2.43574690819, 6.90030145645, 9.56550979614, 13.178768158, 16.4795360565, 25.2929935455, 25.5362567902, 23.5862293243, 19.2824687958, 7.32349252701, 2.86800384521, 1.48704481125, 1.11316275597, 0.684564828873, 0.331015259027, 0.0908672139049, 0.0376833975315, 0.0357840247452, 0.00318619562313, 0.000203834526474, 1.52855591296e-05, 9.27393011807e-06, 2.05311898753e-05],
        "dmean2": [0.47173088789, 5.28512954712, 14.5159368515, 15.9588499069, 10.5987110138, 10.6045465469, 14.3552618027, 37.5694541931, 12.1771812439, 9.49711704254, 3.59056687355, 1.53181993961, 1.53700554371, 1.37185895443, 1.74951648712, 1.83903777599, 3.50311875343, 3.63140487671, 10.5082330704, 16.2533779144, 21.7633304596, 26.0427932739, 38.1257209778, 41.4441337585, 38.091709137, 31.7524452209, 11.8176431656, 4.62620449066, 2.25039100647, 1.70304656029, 1.06484615803, 0.495178878307, 0.140760585666, 0.0583201274276, 0.0551220551133, 0.0048808529973, 0.00032097598887, 2.47040225076e-05, 1.40870106407e-05, 3.09703827952e-05],
        "dvar": [0.45491284132, 65.6900787354, 441.204528809, 535.670898438, 231.562789917, 198.43560791, 162.287078857, 817.480285645, 144.525680542, 55.2665214539, 58.7160415649, 5.34379959106, 11.5478057861, 9.48123836517, 17.5761966705, 24.3153781891, 73.9786682129, 74.1987228394, 727.179382324, 973.780578613, 1011.44299316, 1371.02380371, 2154.6796875, 2270.58398438, 2174.81640625, 1811.65844727, 202.026199341, 90.7759628296, 45.669128418, 10.9709014893, 4.85971641541, 5.76035785675, 0.334304451942, 0.00602854182944, 0.0075838426128, 4.20293254138e-05, 2.07631813964e-07, 1.14985787558e-09, 2.25707050272e-10, 1.33687638737e-09],
        "dvar2": [0.969757556915, 127.284538269, 1189.30822754, 1522.52331543, 648.038818359, 457.414642334, 342.728088379, 1962.49975586, 262.485687256, 122.808662415, 102.702217102, 9.16971302032, 25.1176643372, 22.1124515533, 46.4940681458, 47.7081947327, 141.624954224, 157.536361694, 1437.47839355, 2567.81640625, 2101.73925781, 2741.6184082, 5047.9921875, 5933.46728516, 5525.30078125, 4766.81933594, 478.090148926, 184.46307373, 64.1272659302, 21.7762489319, 9.73595142365, 9.48860740662, 0.492838382721, 0.0120292492211, 0.0187843386084, 9.92295244941e-05, 4.33465686456e-07, 2.09593586931e-09, 3.63766738953e-10, 2.18301532406e-09],
        "max": [4.26728630066, 52.3121337891, 127.511940002, 142.701324463, 115.198242188, 203.507293701, 177.704406738, 301.121337891, 155.104049683, 146.303695679, 153.088592529, 43.0474510193, 54.9609031677, 46.9221763611, 47.584602356, 58.7689552307, 98.6641616821, 104.078536987, 294.344207764, 362.689239502, 418.136047363, 369.874298096, 536.539672852, 595.070739746, 418.190093994, 397.532470703, 190.30039978, 331.278015137, 281.431060791, 101.290176392, 61.680934906, 96.9332809448, 20.731218338, 2.47512984276, 0.793999314308, 0.0630453974009, 0.0126136075705, 0.000850793498103, 0.000124171667267, 0.000255194958299],
        "mean": [0.653204917908, 6.47578811646, 10.9856300354, 11.2670135498, 7.7696390152, 10.1595659256, 20.4025211334, 53.159324646, 24.9204349518, 18.782377243, 7.37434148788, 1.87367928028, 1.26042473316, 1.08544075489, 1.15715873241, 1.88559150696, 2.83722138405, 3.540184021, 8.63862228394, 11.5792999268, 17.9496612549, 22.3478775024, 32.8125534058, 35.6622238159, 31.0966873169, 23.6657161713, 10.959851265, 5.27196931839, 3.11474466324, 2.09515333176, 1.29807901382, 0.626577734947, 0.193770140409, 0.0739659443498, 0.043747112155, 0.00502038886771, 0.000489282829221, 3.2197964174e-05, 2.7254835004e-05, 5.93206423218e-05],
        "median": [0.0306893624365, 0.494395285845, 3.06511449814, 4.7381567955, 3.3561296463, 5.51109647751, 14.0108156204, 39.1810264587, 14.3845081329, 13.5234594345, 1.4663169384, 0.443971157074, 0.479309618473, 0.454029709101, 0.397980034351, 0.390992313623, 0.515837013721, 0.721650660038, 1.25007343292, 2.32728862762, 3.82134318352, 6.74124908447, 12.6157026291, 14.753827095, 13.5823335648, 9.99443435669, 5.85796499252, 2.68691110611, 1.35868346691, 1.00411987305, 0.544426620007, 0.231015712023, 0.0994520932436, 0.0442598462105, 0.0156754180789, 0.00284982705489, 0.000333192030666, 2.2638894734e-05, 1.91677663679e-05, 3.62771897926e-05],
        "min": [0.000365237181541, 0.000539562082849, 0.00543550821021, 0.0120982890949, 0.0235156212002, 0.0361077971756, 0.0230754110962, 0.00915745645761, 0.00524706626311, 0.00124887074344, 0.000596501107793, 0.000464848213596, 0.000371096160961, 0.000516336411238, 0.000447620986961, 0.000421812350396, 0.000437218463048, 0.000334169948474, 0.000241381887463, 0.00026705005439, 0.000382701458875, 0.000604271073826, 0.00068367132917, 0.000556279032025, 0.00114729418419, 0.000407094747061, 0.000368293345673, 0.000169798964635, 0.000104000471765, 0.000117893410788, 0.00013282278087, 0.000101180594356, 9.62985141086e-05, 9.9763412436e-05, 6.25283719273e-05, 3.2371848647e-05, 1.26957893372e-05, 9.65717845247e-07, 5.37974665349e-06, 9.84647249425e-06],
        "var": [1.14029181004, 125.669891357, 393.445404053, 367.803771973, 181.105880737, 362.887756348, 530.184753418, 2796.16674805, 867.771972656, 364.82321167, 449.902801514, 20.234380722, 12.8660097122, 9.65541744232, 15.9080162048, 42.6435966492, 109.120155334, 132.190078735, 1054.01660156, 1228.62402344, 2130.20556641, 2548.43579102, 3677.44433594, 3377.09082031, 2590.22436523, 1890.85400391, 335.930297852, 292.788787842, 213.376159668, 32.4205436707, 13.0388088226, 15.7300682068, 0.881003260612, 0.0212211925536, 0.00823938474059, 6.17634941591e-05, 4.31611169915e-07, 1.90009763479e-09, 4.47478026855e-10, 2.79025602623e-09]
    },
    "gfcc": {
        "mean": [-61.9430656433, 119.900497437, -95.5397186279, 96.3571166992, -48.6492385864, -23.2806301117, -40.4241447449, 3.26402807236, -12.8560619354, -0.515345096588, 4.27863836288, -6.77766990662, -3.01763987541],
        "cov": [[5476.47851562, -1203.95715332, -2958.99755859, -547.235839844, -2040.85656738, -274.327606201, -1344.07092285, -187.793029785, -430.247375488, 64.8118515015, -285.492645264, 114.123497009, -305.073516846], [-1203.95715332, 927.352539062, 1006.60974121, -8.33452701569, 420.283966064, 31.3631877899, 398.815368652, 7.18552350998, 201.674301147, -111.610061646, 51.5905990601, -105.806594849, 58.3241462708], [-2958.99755859, 1006.60974121, 2184.02587891, 364.490325928, 910.248352051, 87.5760955811, 784.139831543, 75.7707443237, 288.338226318, -102.288444519, 135.985397339, -108.714859009, 130.488372803], [-547.235839844, -8.33452701569, 364.490325928, 311.222808838, 262.460021973, 35.7558517456, 146.550048828, 42.5630455017, 72.5082778931, 44.6333885193, 82.4822616577, 5.26155042648, 47.6898651123], [-2040.85656738, 420.283966064, 910.248352051, 262.460021973, 1165.69104004, 169.870193481, 573.950500488, 118.621917725, 135.800476074, 21.340265274, 132.080307007, -48.075881958, 183.41960144], [-274.327606201, 31.3631877899, 87.5760955811, 35.7558517456, 169.870193481, 115.361465454, 118.694549561, 13.068274498, 63.6521034241, -16.9871959686, 13.875243187, -10.6720628738, 14.5918827057], [-1344.07092285, 398.815368652, 784.139831543, 146.550048828, 573.950500488, 118.694549561, 449.560424805, 97.4184417725, 147.895797729, -39.9552879333, 53.4233016968, -68.7297515869, 81.4444580078], [-187.793029785, 7.18552350998, 75.7707443237, 42.5630455017, 118.621917725, 13.068274498, 97.4184417725, 103.774993896, 16.0124645233, 30.6238670349, 0.932718098164, -23.5099220276, 22.1288108826], [-430.247375488, 201.674301147, 288.338226318, 72.5082778931, 135.800476074, 63.6521034241, 147.895797729, 16.0124645233, 160.24307251, -15.7835855484, 49.1019248962, -21.9234676361, 4.82793283463], [64.8118515015, -111.610061646, -102.288444519, 44.6333885193, 21.340265274, -16.9871959686, -39.9552879333, 30.6238670349, -15.7835855484, 89.9663391113, 40.8383483887, 31.7107563019, 19.3957767487], [-285.492645264, 51.5905990601, 135.985397339, 82.4822616577, 132.080307007, 13.875243187, 53.4233016968, 0.932718098164, 49.1019248962, 40.8383483887, 94.6220855713, 36.5031394958, 36.0125846863], [114.123497009, -105.806594849, -108.714859009, 5.26155042648, -48.075881958, -10.6720628738, -68.7297515869, -23.5099220276, -21.9234676361, 31.7107563019, 36.5031394958, 65.0494918823, 11.5668401718], [-305.073516846, 58.3241462708, 130.488372803, 47.6898651123, 183.41960144, 14.5918827057, 81.4444580078, 22.1288108826, 4.82793283463, 19.3957767487, 36.0125846863, 11.5668401718, 68.0358734131]],
        "icov": [[0.00274839415215, -0.00284493574873, 0.00318334065378, -0.00305753690191, 0.0027675901074, -0.00219020852819, 0.00234982953407, -0.00150258943904, 0.00240535568446, -0.000283682456939, 0.00198160670698, -0.000495462561958, 0.000430238986155], [-0.00284493574873, 0.00861520506442, -0.00497453426942, 0.0073579843156, -0.00314077292569, 0.00584409665316, -0.00305001623929, 0.00349085195921, -0.00672036595643, 0.00268747610971, -0.00625731702894, 0.00746867945418, -0.00427622999996], [0.00318334065378, -0.00497453426942, 0.0066612996161, -0.0059996531345, 0.00376206915826, 0.000544489128515, -0.00349094904959, 0.00113608466927, 0.00353653496131, -0.000999685493298, 0.00359694520012, -0.00319523760118, 0.00219184253365], [-0.00305753690191, 0.0073579843156, -0.0059996531345, 0.0120171206072, -0.0038795187138, 0.00325851934031, -0.000709072046448, 0.00118551321793, -0.00608877604827, 0.000335632445058, -0.00804915651679, 0.0065552056767, -0.00322843552567], [0.0027675901074, -0.00314077292569, 0.00376206915826, -0.0038795187138, 0.00691271247342, -0.00364560657181, -0.00332940393128, 0.000893158547115, 0.00491072796285, -0.00280397036113, 0.000203919058549, 0.00147587619722, -0.0034608701244], [-0.00219020852819, 0.00584409665316, 0.000544489128515, 0.00325851934031, -0.00364560657181, 0.0257507357746, -0.0149037819356, 0.00912002101541, -0.0106143597513, 0.00197505648248, 0.00150830834173, -0.0024601528421, 0.000831040088087], [0.00234982953407, -0.00305001623929, -0.00349094904959, -0.000709072046448, -0.00332940393128, -0.0149037819356, 0.033880867064, -0.0193848758936, -0.00147757749073, 0.0101163098589, -0.0016369423829, 0.00532440608367, -0.00455501396209], [-0.00150258943904, 0.00349085195921, 0.00113608466927, 0.00118551321793, 0.000893158547115, 0.00912002101541, -0.0193848758936, 0.0279275588691, -0.00261566368863, -0.0149111663923, 0.00554159563035, 0.00559508707374, -0.00243020127527], [0.00240535568446, -0.00672036595643, 0.00353653496131, -0.00608877604827, 0.00491072796285, -0.0106143597513, -0.00147757749073, -0.00261566368863, 0.0213011000305, -0.000974144670181, -0.00744061497971, 0.00100044615101, 0.00822339206934], [-0.000283682456939, 0.00268747610971, -0.000999685493298, 0.000335632445058, -0.00280397036113, 0.00197505648248, 0.0101163098589, -0.0149111663923, -0.000974144670181, 0.0311811361462, -0.0150126814842, 0.000136519782245, -0.00291505409405], [0.00198160670698, -0.00625731702894, 0.00359694520012, -0.00804915651679, 0.000203919058549, 0.00150830834173, -0.0016369423829, 0.00554159563035, -0.00744061497971, -0.0150126814842, 0.0427285172045, -0.0252673495561, -0.00123647088185], [-0.000495462561958, 0.00746867945418, -0.00319523760118, 0.0065552056767, 0.00147587619722, -0.0024601528421, 0.00532440608367, 0.00559508707374, 0.00100044615101, 0.000136519782245, -0.0252673495561, 0.0477201156318, -0.0135840261355], [0.000430238986155, -0.00427622999996, 0.00219184253365, -0.00322843552567, -0.0034608701244, 0.000831040088087, -0.00455501396209, -0.00243020127527, 0.00822339206934, -0.00291505409405, -0.00123647088185, -0.0135840261355, 0.0369588732719]]
    },
    "melbands": {
        "dmean": [0.0038065763656, 0.00407406780869, 0.00143427506555, 0.000424379453762, 0.00031239647069, 0.000477107678307, 0.000121782126371, 5.94837583776e-05, 1.71641004272e-05, 5.7035390455e-06, 5.03153887621e-06, 3.81875497624e-06, 3.35109257321e-06, 3.34322180606e-06, 4.81647703054e-06, 4.90009779242e-06, 4.44639817943e-06, 9.72601810645e-06, 1.5559102394e-05, 1.49814450197e-05, 1.56697187776e-05, 1.7305577785e-05, 1.76230696525e-05, 2.65585149464e-05, 2.1160203687e-05, 1.98827419808e-05, 1.55114248628e-05, 1.28036699607e-05, 6.27152712696e-06, 2.19750359065e-06, 1.531113071e-06, 9.73055080067e-07, 7.0864382451e-07, 6.60220223381e-07, 4.84390966449e-07, 2.71984276878e-07, 1.89436562437e-07, 7.7773691487e-08, 3.15035677545e-08, 3.39253496406e-08],
        "dmean2": [0.00534437410533, 0.00595027999952, 0.0026128096506, 0.000725895399228, 0.000492910621688, 0.000756558845751, 0.000183739233762, 9.09311638679e-05, 2.53441448876e-05, 8.91269519343e-06, 7.90434478404e-06, 5.8109130805e-06, 5.86985061091e-06, 5.15516603627e-06, 6.22763354841e-06, 7.39390998206e-06, 7.18998489901e-06, 1.45117473949e-05, 2.71199405688e-05, 2.32214824791e-05, 2.63072433881e-05, 2.71350454568e-05, 2.75127804343e-05, 4.22029006586e-05, 3.50863774656e-05, 3.2324129279e-05, 2.57113224507e-05, 2.11226870306e-05, 1.02462736322e-05, 3.59002478945e-06, 2.40916915573e-06, 1.48686956436e-06, 1.12098780392e-06, 1.00122588265e-06, 7.44337455671e-07, 4.39198629465e-07, 2.57671842974e-07, 1.227944324e-07, 5.05439814447e-08, 5.34964179622e-08],
        "dvar": [6.39956342638e-05, 8.0716519733e-05, 1.44599625855e-05, 1.10524342745e-06, 1.75881055497e-07, 3.27622359464e-07, 3.31624612215e-08, 5.10165953926e-09, 3.41265926629e-09, 1.90917448517e-10, 3.17365939084e-10, 1.65442007316e-10, 2.01888616935e-10, 1.6700993366e-10, 3.03129826795e-10, 2.67381533581e-10, 2.56984156177e-10, 1.38044320419e-09, 3.60158636248e-09, 1.59357482765e-09, 1.41303180268e-09, 1.57091839537e-09, 1.27470156652e-09, 2.5602993059e-09, 1.65107238992e-09, 1.56507340421e-09, 1.00595964891e-09, 8.17522993746e-10, 1.55161564153e-10, 5.7350828947e-11, 3.82054561598e-11, 2.29221849835e-11, 6.23401026981e-12, 3.67992442074e-12, 1.76174472146e-12, 2.59461983149e-12, 2.07485829733e-12, 2.97521393373e-13, 8.94981534223e-15, 4.64766639345e-15],
        "dvar2": [0.000131075503305, 0.000178861868335, 4.09980566474e-05, 2.75812340078e-06, 4.01467843858e-07, 7.82232802976e-07, 6.0034281546e-08, 1.14379270499e-08, 5.66034019656e-09, 3.56730422979e-10, 6.9298233818e-10, 3.80382947363e-10, 5.4589288645e-10, 3.73979180956e-10, 5.07902497837e-10, 4.84909390419e-10, 6.35561991924e-10, 2.41914555055e-09, 9.88224879706e-09, 3.48390760685e-09, 3.12937409319e-09, 3.09307690571e-09, 2.7360023136e-09, 6.56131593502e-09, 4.40924274869e-09, 4.03513400471e-09, 2.62144572716e-09, 2.14670414778e-09, 3.88070547919e-10, 1.4170932483e-10, 7.15170006549e-11, 3.55648670236e-11, 1.1900135391e-11, 8.23317108933e-12, 3.69430224259e-12, 6.44001518779e-12, 2.75218693321e-12, 5.40432444889e-13, 1.61128502576e-14, 1.08423164923e-14],
        "max": [0.0513316243887, 0.0606045424938, 0.0234673209488, 0.0119150411338, 0.00485561322421, 0.00600231299177, 0.00222690403461, 0.00135292939376, 0.00118284043856, 0.000279174011666, 0.000287797913188, 0.000196020977455, 0.000165937148267, 0.000141699172673, 0.000278905325104, 0.000165380130056, 0.000194680425921, 0.000411483371863, 0.000624228676315, 0.000523000024259, 0.000422573648393, 0.000398201984353, 0.000424560217652, 0.000467060541268, 0.000536636332981, 0.000374063820345, 0.000258681626292, 0.000281385466224, 0.000115444454423, 0.000243479778874, 0.000245611125138, 0.00019905094814, 8.20330315037e-05, 4.97282999277e-05, 3.3947340853e-05, 5.00066889799e-05, 5.98903679929e-05, 1.92795105249e-05, 3.31872979586e-06, 1.36838457365e-06],
        "mean": [0.00699163042009, 0.00700703030452, 0.00188064773101, 0.000627981906291, 0.000699859112501, 0.00109418598004, 0.000378328317311, 0.000172464133357, 5.12337755936e-05, 8.27625444799e-06, 6.17320165475e-06, 4.51638788945e-06, 3.5912983094e-06, 4.2597139327e-06, 6.34306252323e-06, 5.85347061133e-06, 6.17044361206e-06, 1.22694409583e-05, 1.53957407747e-05, 1.92397073988e-05, 2.07147204492e-05, 2.25736275752e-05, 2.46301297011e-05, 3.21291809087e-05, 2.85628975689e-05, 2.57738192886e-05, 1.87007390196e-05, 1.52655848069e-05, 8.25323877507e-06, 3.68670134776e-06, 2.73078489954e-06, 1.83734653092e-06, 1.34365097892e-06, 1.10474798021e-06, 8.25908728075e-07, 4.93677532631e-07, 3.28625304746e-07, 1.48283916701e-07, 6.99324047559e-08, 5.79702224002e-08],
        "median": [0.000381053425372, 0.00131114956457, 0.000867289607413, 0.000267490220722, 0.000535012513865, 0.000793840270489, 0.00022108432313, 0.000121047232824, 5.21262336406e-06, 2.18237482841e-06, 2.28078715736e-06, 1.85924454854e-06, 1.32262334773e-06, 1.00282920812e-06, 9.95323716779e-07, 1.18050320452e-06, 1.25841074805e-06, 1.61713103353e-06, 2.51580559052e-06, 3.6648295918e-06, 4.31354783359e-06, 6.15756789557e-06, 8.60322961671e-06, 1.23508807519e-05, 1.16343271657e-05, 1.07335863504e-05, 8.13963833934e-06, 6.11710765952e-06, 4.07793777413e-06, 2.17827414417e-06, 1.26190866467e-06, 7.37466677947e-07, 5.63375181173e-07, 5.00591454511e-07, 3.24513166561e-07, 1.78023952913e-07, 1.16111095849e-07, 7.0392708551e-08, 4.19007513131e-08, 3.24718989475e-08],
        "min": [2.34038634517e-06, 3.38586369253e-06, 2.34393064602e-06, 4.78833453599e-06, 6.52743040064e-07, 1.88257843092e-07, 6.36630090867e-08, 7.00189373148e-09, 3.34379901545e-09, 1.45814893493e-09, 1.06391240262e-09, 1.86624604659e-09, 1.34539124286e-09, 9.30000021437e-10, 1.07809861039e-09, 6.58811394327e-10, 4.19506263061e-10, 2.66406841032e-10, 2.5223184652e-10, 3.2864846955e-10, 3.88280768648e-10, 4.78888650957e-10, 8.6435680835e-10, 3.57010698782e-10, 3.98811761393e-10, 8.4573514858e-10, 5.62091873046e-10, 2.06579059414e-10, 2.49135351238e-10, 1.56703150456e-10, 5.85898829453e-11, 3.48990489285e-11, 3.6042734769e-11, 4.08425029907e-11, 4.48990358781e-11, 2.50235908383e-11, 1.24840198942e-11, 7.04482349193e-12, 9.50021485091e-12, 9.99198467022e-12],
