{
"highlevel": {
    "danceability": {
        "all": {
            "danceable": 0.978467226028,
            "not_danceable": 0.0215327683836
        },
        "probability": 0.978467226028,
        "value": "danceable"
    },
    "gender": {
        "all": {
            "female": 0.568303763866,
            "male": 0.431696236134
        },
        "probability": 0.568303763866,
        "value": "female"
    },
    "genre_dortmund": {
        "all": {
            "alternative": 0.183189854026,
            "blues": 0.0164279732853,
            "electronic": 0.144881486893,
            "folkcountry": 0.332832366228,
            "funksoulrnb": 0.0158575512469,
            "jazz": 0.0892702788115,
            "pop": 0.082567743957,
            "raphiphop": 0.051535487175,
            "rock": 0.0834372639656
        },
        "probability": 0.332832366228,
        "value": "folkcountry"
    },
    "genre_electronic": {
        "all": {
            "ambient": 0.829010844231,
            "dnb": 0.0182942803949,
            "house": 0.0619923770428,
            "techno": 0.00896724779159,
            "trance": 0.0817352309823
        },
        "probability": 0.829010844231,
        "value": "ambient"
    },
    "genre_rosamerica": {
        "all": {
            "cla": 0.0526614189148,
            "dan": 0.0145471673459,
            "hip": 0.0202536731958,
            "jaz": 0.0261905696243,
            "pop": 0.312633782625,
            "rhy": 0.500568389893,
            "roc": 0.0198509488255,
            "spe": 0.0532940886915
        },
        "probability": 0.500568389893,
        "value": "rhy"
    },
    "genre_tzanetakis": {
        "all": {
            "blu": 0.0514711923897,
            "cla": 0.0343172624707,
            "cou": 0.102957598865,
            "dis": 0.102972343564,
            "hip": 0.154464527965,
            "jaz": 0.308918893337,
            "met": 0.0441242903471,
            "pop": 0.0617748275399,
            "reg": 0.0617764480412,
            "roc": 0.0772226303816
        },
        "probability": 0.308918893337,
        "value": "jaz"
    },
    "ismir04_rhythm": {
        "all": {
            "ChaChaCha": 0.00200253771618,
            "Jive": 0.00202781241387,
            "Quickstep": 0.00226554065011,
            "Rumba-American": 0.0038415947929,
            "Rumba-International": 0.179053410888,
            "Rumba-Misc": 0.0172787867486,
            "Samba": 0.00542927253991,
            "Tango": 0.00391166144982,
            "VienneseWaltz": 0.498880445957,
            "Waltz": 0.2853089571
        },
        "probability": 0.498880445957,
        "value": "VienneseWaltz"
    },
    "mood_acoustic": {
        "all": {
            "acoustic": 0.759307444096,
            "not_acoustic": 0.240692555904
        },
        "probability": 0.759307444096,
        "value": "acoustic"
    },
    "mood_aggressive": {
        "all": {
            "aggressive": 4.96681423101e-07,
            "not_aggressive": 0.999999523163
        },
        "probability": 0.999999523163,
        "value": "not_aggressive"
    },
    "mood_electronic": {
        "all": {
            "electronic": 0.199446827173,
            "not_electronic": 0.800553202629
        },
        "probability": 0.800553202629,
        "value": "not_electronic"
    },
    "mood_happy": {
        "all": {
            "happy": 0.233416974545,
            "not_happy": 0.766583025455
        },
        "probability": 0.766583025455,
        "value": "not_happy"
    },
    "mood_party": {
        "all": {
            "not_party": 0.992353200912,
            "party": 0.00764681585133
        },
        "probability": 0.992353200912,
        "value": "not_party"
    },
    "mood_relaxed": {
        "all": {
            "not_relaxed": 0.0223287977278,
            "relaxed": 0.977671205997
        },
        "probability": 0.977671205997,
        "value": "relaxed"
    },
    "mood_sad": {
        "all": {
            "not_sad": 0.171168118715,
            "sad": 0.828831911087
        },
        "probability": 0.828831911087,
        "value": "sad"
    },
    "moods_mirex": {
        "all": {
            "Cluster1": 0.0830081552267,
            "Cluster2": 0.322064250708,
            "Cluster3": 0.392819881439,
            "Cluster4": 0.150387257338,
            "Cluster5": 0.0517204590142
        },
        "probability": 0.392819881439,
        "value": "Cluster3"
    },
    "timbre": {
        "all": {
            "bright": 0.165100574493,
            "dark": 0.834899425507
        },
        "probability": 0.834899425507,
        "value": "dark"
    },
    "tonal_atonal": {
        "all": {
            "atonal": 0.410803794861,
            "tonal": 0.589196205139
        },
        "probability": 0.589196205139,
        "value": "tonal"
    },
    "voice_instrumental": {
        "all": {
            "instrumental": 0.00245119654574,
            "voice": 0.997548818588
        },
        "probability": 0.997548818588,
        "value": "voice"
    }
},
"lowlevel": {
    "average_loudness": 0.963841021061,
    "barkbands_crest": {
        "dmean": 1.83041858673,
        "dmean2": 2.744161129,
        "dvar": 3.35206222534,
        "dvar2": 8.00145339966,
        "max": 26.1337184906,
        "mean": 13.2248630524,
        "median": 12.1784219742,
        "min": 4.6793794632,
        "var": 22.6207485199
    },
    "barkbands_flatness_db": {
        "dmean": 0.0190353058279,
        "dmean2": 0.0268665645272,
        "dvar": 0.000390036060708,
        "dvar2": 0.000720526964869,
        "max": 0.454060435295,
        "mean": 0.268004447222,
        "median": 0.25872284174,
        "min": 0.128301441669,
        "var": 0.00414326461032
    },
    "barkbands_kurtosis": {
        "dmean": 3.58671069145,
        "dmean2": 5.29092025757,
        "dvar": 67.7867431641,
        "dvar2": 144.67779541,
        "max": 166.75894165,
        "mean": 7.2426776886,
        "median": 3.44199800491,
        "min": -1.93597841263,
        "var": 167.118164062
    },
    "barkbands_skewness": {
        "dmean": 0.515931963921,
        "dmean2": 0.713307857513,
        "dvar": 0.391262531281,
        "dvar2": 0.700049698353,
        "max": 11.8457126617,
        "mean": 1.65913701057,
        "median": 1.47616887093,
        "min": -4.95181846619,
        "var": 2.56142306328
    },
    "barkbands_spread": {
        "dmean": 2.4956741333,
        "dmean2": 3.37117767334,
        "dvar": 34.137966156,
        "dvar2": 56.3063774109,
        "max": 87.5502929688,
        "mean": 10.0512704849,
        "median": 8.08219432831,
        "min": 0.67101675272,
        "var": 97.0251617432
    },
    "dissonance": {
        "dmean": 0.0395703352988,
        "dmean2": 0.066447198391,
        "dvar": 0.00128212023992,
        "dvar2": 0.00359645904973,
        "max": 0.499991983175,
        "mean": 0.393536329269,
        "median": 0.400970995426,
        "min": 0.172987952828,
        "var": 0.00345981307328
    },
    "dynamic_complexity": 2.06553435326,
    "erbbands_crest": {
        "dmean": 2.61548447609,
        "dmean2": 4.10388803482,
        "dvar": 6.93698835373,
        "dvar2": 16.7635326385,
        "max": 29.6654911041,
        "mean": 13.3641681671,
        "median": 12.5381345749,
        "min": 3.21671581268,
        "var": 26.9160442352
    },
    "erbbands_flatness_db": {
        "dmean": 0.0184109788388,
        "dmean2": 0.0262743439525,
        "dvar": 0.000432276370702,
        "dvar2": 0.000845471688081,
        "max": 0.41570442915,
        "mean": 0.24563126266,
        "median": 0.243108481169,
        "min": 0.089831598103,
        "var": 0.00329378969036
    },
    "erbbands_kurtosis": {
        "dmean": 2.55393671989,
        "dmean2": 3.8720433712,
        "dvar": 14.2602539062,
        "dvar2": 28.9458389282,
        "max": 66.0455856323,
        "mean": 5.16709852219,
        "median": 3.51916503906,
        "min": -1.77608811855,
        "var": 43.8972244263
    },
    "erbbands_skewness": {
        "dmean": 0.44779509306,
        "dmean2": 0.646157026291,
        "dvar": 0.275255739689,
        "dvar2": 0.527272284031,
        "max": 5.33781814575,
        "mean": 0.986058592796,
        "median": 1.10325300694,
        "min": -3.84944248199,
        "var": 1.54521298409
    },
    "erbbands_spread": {
        "dmean": 5.95489168167,
        "dmean2": 8.74101924896,
        "dvar": 115.754547119,
        "dvar2": 244.540649414,
        "max": 142.76776123,
        "mean": 20.5503292084,
        "median": 14.57700634,
        "min": 1.46119904518,
        "var": 350.557220459
    },
    "hfc": {
        "dmean": 4.06823539734,
        "dmean2": 5.56918334961,
        "dvar": 48.0686302185,
        "dvar2": 70.8435287476,
        "max": 112.676383972,
        "mean": 18.0284461975,
        "median": 14.1037349701,
        "min": 0.718284368515,
        "var": 203.214904785
    },
    "melbands_crest": {
        "dmean": 2.37444472313,
        "dmean2": 3.46089315414,
        "dvar": 5.70981550217,
        "dvar2": 12.5597286224,
        "max": 36.620262146,
        "mean": 18.5774040222,
        "median": 17.7213115692,
        "min": 3.68459653854,
        "var": 46.1890678406
    },
    "melbands_flatness_db": {
        "dmean": 0.0207411497831,
        "dmean2": 0.0267692133784,
        "dvar": 0.000584685301874,
        "dvar2": 0.000947082822677,
        "max": 0.570943713188,
        "mean": 0.342935234308,
        "median": 0.336830347776,
        "min": 0.0727432966232,
        "var": 0.0075199175626
    },
    "melbands_kurtosis": {
        "dmean": 6.2950129509,
        "dmean2": 9.21002864838,
        "dvar": 241.353988647,
        "dvar2": 487.037384033,
        "max": 263.545440674,
        "mean": 13.4995555878,
        "median": 5.83981704712,
        "min": -1.9012298584,
        "var": 712.767028809
    },
    "melbands_skewness": {
        "dmean": 0.619577765465,
        "dmean2": 0.88324791193,
        "dvar": 0.65764528513,
        "dvar2": 1.28169476986,
        "max": 14.5062665939,
        "mean": 2.18445110321,
        "median": 1.8929104805,
        "min": -2.3807964325,
        "var": 4.0679063797
    },
    "melbands_spread": {
        "dmean": 2.96496033669,
        "dmean2": 4.26387071609,
        "dvar": 126.519691467,
        "dvar2": 283.510192871,
        "max": 222.409317017,
        "mean": 11.7951631546,
        "median": 9.32793903351,
        "min": 0.82108694315,
        "var": 226.637954712
    },
    "pitch_salience": {
        "dmean": 0.0485937446356,
        "dmean2": 0.0744578242302,
        "dvar": 0.00228556850925,
        "dvar2": 0.00524456286803,
        "max": 0.77621537447,
        "mean": 0.458866119385,
        "median": 0.460145801306,
        "min": 0.0993807241321,
        "var": 0.0164740718901
    },
    "silence_rate_20dB": {
        "dmean": 0,
        "dmean2": 0,
        "dvar": 0,
        "dvar2": 0,
        "max": 1,
        "mean": 1,
        "median": 1,
        "min": 1,
        "var": 0
    },
    "silence_rate_30dB": {
        "dmean": 0.00464396271855,
        "dmean2": 0.00929511990398,
        "dvar": 0.00462230946869,
        "dvar2": 0.0107582127675,
        "max": 1,
        "mean": 0.994586229324,
        "median": 1,
        "min": 0,
        "var": 0.00538428034633
    },
    "silence_rate_60dB": {
        "dmean": 0.00154798757285,
        "dmean2": 0.00309837330133,
        "dvar": 0.0015455809189,
        "dvar2": 0.00308871874586,
        "max": 1,
        "mean": 0.00154679035768,
        "median": 0,
        "min": 0,
        "var": 0.00154439057223
    },
    "spectral_centroid": {
        "dmean": 122.701416016,
        "dmean2": 159.441162109,
        "dvar": 78033.25,
        "dvar2": 98027.9453125,
        "max": 5865.81982422,
        "mean": 750.165649414,
        "median": 584.136291504,
        "min": 258.444793701,
        "var": 354654.625
    },
    "spectral_complexity": {
        "dmean": 1.85061919689,
        "dmean2": 2.79705643654,
        "dvar": 3.33760142326,
        "dvar2": 6.02079200745,
        "max": 36,
        "mean": 12.3441610336,
        "median": 11,
        "min": 2,
        "var": 22.2828941345
    },
    "spectral_decrease": {
        "dmean": 1.72004765986e-09,
        "dmean2": 2.53201837275e-09,
        "dvar": 3.70101244213e-18,
        "dvar2": 7.69776015121e-18,
        "max": -5.12752840187e-10,
        "mean": -1.26024000124e-08,
        "median": -1.28193278215e-08,
        "min": -2.91093993354e-08,
        "var": 3.52980632125e-17
    },
    "spectral_energy": {
        "dmean": 0.00670637795702,
        "dmean2": 0.00986408721656,
        "dvar": 5.52968303964e-05,
        "dvar2": 0.000114956252219,
        "max": 0.116305567324,
        "mean": 0.0491995178163,
        "median": 0.0503021962941,
        "min": 0.00220472202636,
        "var": 0.000520055589732
    },
    "spectral_energyband_high": {
        "dmean": 0.000226089177886,
        "dmean2": 0.00028269100585,
        "dvar": 7.66555615428e-07,
        "dvar2": 1.05291780983e-06,
        "max": 0.0146698551252,
        "mean": 0.000415442715166,
        "median": 5.34695645911e-05,
        "min": 4.23620889478e-07,
        "var": 2.37441850004e-06
    },
    "spectral_energyband_low": {
        "dmean": 0.00349880522117,
        "dmean2": 0.00469242641702,
        "dvar": 3.15505749313e-05,
        "dvar2": 6.17313417024e-05,
        "max": 0.0853154286742,
        "mean": 0.0244016926736,
        "median": 0.0188779029995,
        "min": 1.81966612445e-07,
        "var": 0.000446906487923
    },
    "spectral_energyband_middle_high": {
        "dmean": 0.000648630317301,
        "dmean2": 0.000840116408654,
        "dvar": 1.22425819882e-06,
        "dvar2": 1.70216526385e-06,
        "max": 0.0311883818358,
        "mean": 0.00219263019972,
        "median": 0.00107102736365,
        "min": 7.240197192e-06,
        "var": 1.0249744264e-05
    },
    "spectral_energyband_middle_low": {
        "dmean": 0.00515578174964,
        "dmean2": 0.00770579045638,
        "dvar": 3.86380088457e-05,
        "dvar2": 7.99465851742e-05,
        "max": 0.0886837095022,
        "mean": 0.0222388543189,
        "median": 0.0201579835266,
        "min": 0.000109487264126,
        "var": 0.00022877601441
    },
    "spectral_entropy": {
        "dmean": 0.187409743667,
        "dmean2": 0.260808974504,
        "dvar": 0.052193235606,
        "dvar2": 0.0942952781916,
        "max": 8.5417175293,
        "mean": 6.55309104919,
        "median": 6.54098701477,
        "min": 5.274081707,
        "var": 0.371539503336
    },
    "spectral_flux": {
        "dmean": 0.0206029992551,
        "dmean2": 0.0326451957226,
        "dvar": 0.000503029092215,
        "dvar2": 0.00116289383732,
        "max": 0.247056439519,
        "mean": 0.0680815577507,
        "median": 0.0616019628942,
        "min": 0.00616159802303,
        "var": 0.00126863527112
    },
    "spectral_kurtosis": {
        "dmean": 6.61985254288,
        "dmean2": 11.243309021,
        "dvar": 80.1374359131,
        "dvar2": 230.869308472,
        "max": 111.745162964,
        "mean": 16.0755615234,
        "median": 9.46954441071,
        "min": -1.16735696793,
        "var": 300.198669434
    },
    "spectral_rms": {
        "dmean": 0.000495344691444,
        "dmean2": 0.000719678413589,
        "dvar": 2.97953903328e-07,
        "dvar2": 6.01662179633e-07,
        "max": 0.0106521751732,
        "mean": 0.00670956401154,
        "median": 0.00700537720695,
        "min": 0.00146661116742,
        "var": 2.98133545584e-06
    },
    "spectral_rolloff": {
        "dmean": 153.865310669,
        "dmean2": 263.534729004,
        "dvar": 503454.5,
        "dvar2": 930862,
        "max": 9905.2734375,
        "mean": 691.911621094,
        "median": 559.86328125,
        "min": 43.06640625,
        "var": 1155111.25
    },
    "spectral_skewness": {
        "dmean": 0.537071883678,
        "dmean2": 0.862717032433,
        "dvar": 0.310785055161,
        "dvar2": 0.820423424244,
        "max": 8.46602249146,
        "mean": 2.80616831779,
        "median": 2.43633103371,
        "min": -0.193335324526,
        "var": 2.16925024986
    },
    "spectral_spread": {
        "dmean": 511664.34375,
        "dmean2": 735869.5625,
        "dvar": 715888984064,
        "dvar2": 1.20864741786e+12,
        "max": 12875248,
        "mean": 3164066.5,
        "median": 2749442.5,
        "min": 753106.4375,
        "var": 3.20488813363e+12
    },
    "spectral_strongpeak": {
        "dmean": 0.415090471506,
        "dmean2": 0.70137065649,
        "dvar": 0.625085949898,
        "dvar2": 1.38194561005,
        "max": 7.71237039566,
        "mean": 1.23777580261,
        "median": 0.566595315933,
        "min": 0,
        "var": 2.10680246353
    },
    "zerocrossingrate": {
        "dmean": 0.00524411024526,
        "dmean2": 0.00576179428026,
        "dvar": 0.000158198148711,
        "dvar2": 0.000122569923406,
        "max": 0.35205078125,
        "mean": 0.0278475135565,
        "median": 0.02294921875,
        "min": 0.00244140625,
        "var": 0.00101186905522
    },
    "barkbands": {
        "dmean": [0.000721659045666, 0.00299856392667, 0.000521239184309, 0.000435178080807, 0.00174076459371, 0.00155082147103, 0.00177969573997, 0.00167965015862, 0.00173884059768, 0.000317775440635, 0.00016665259318, 0.000117202791444, 0.000127777238959, 0.000141392141813, 7.53824206186e-05, 6.27513509244e-05, 6.30518989055e-05, 4.60051414848e-05, 3.83416991099e-05, 5.86514142924e-05, 3.21762672684e-05, 5.29806275154e-05, 5.80951818847e-05, 6.07500151091e-05, 2.88754454232e-05, 3.68065639123e-06, 3.51507845053e-09],
        "dmean2": [0.00112020922825, 0.00393314287066, 0.000876165460795, 0.000641325954348, 0.00263242260553, 0.00239085173234, 0.0028103007935, 0.00257219304331, 0.0022909049876, 0.00045143920579, 0.000253841950325, 0.000181684328709, 0.000175117354956, 0.000202375449589, 0.000112780275231, 9.13256662898e-05, 9.24410414882e-05, 6.66997802909e-05, 5.36975931027e-05, 8.19207634777e-05, 4.48353930551e-05, 6.82602258166e-05, 8.07654650998e-05, 8.65479378263e-05, 3.95682181988e-05, 5.55288261239e-06, 5.5539972621e-09],
        "dvar": [1.72923409991e-06, 2.51678884524e-05, 2.49800655183e-06, 6.97937935001e-07, 7.94056541054e-06, 7.33371825845e-06, 1.06553407022e-05, 1.02570775198e-05, 1.47564114741e-05, 9.61440946412e-07, 2.1281054785e-07, 7.13702377197e-08, 1.73592766828e-07, 1.09601003828e-07, 6.5682876027e-08, 3.46224240388e-08, 2.01838155078e-08, 1.08983311264e-08, 9.71239000336e-09, 1.68758855779e-08, 1.59439625946e-08, 4.36277929339e-08, 6.97177640063e-08, 9.40926412341e-08, 1.78657195704e-08, 2.97067370703e-10, 1.00410948985e-15],
        "dvar2": [4.85958526042e-06, 5.16034087923e-05, 7.0814726314e-06, 1.42420924476e-06, 1.80015031219e-05, 1.65750916494e-05, 2.6746205549e-05, 2.45687369897e-05, 2.28506905842e-05, 1.73359057953e-06, 4.59941418285e-07, 1.69411194406e-07, 2.28718050721e-07, 2.2838433722e-07, 1.53710885797e-07, 6.93908148719e-08, 4.09567704196e-08, 2.1278689033e-08, 1.8800312418e-08, 3.62081280514e-08, 2.9749775976e-08, 6.90706229989e-08, 1.33599897367e-07, 1.53459112084e-07, 2.83886194552e-08, 5.39941535926e-10, 1.13010352317e-15],
        "max": [0.0303306449205, 0.069096185267, 0.0332761630416, 0.0142678283155, 0.0433901175857, 0.0491530559957, 0.0405350923538, 0.0440499447286, 0.0822483301163, 0.0249818470329, 0.0101266568527, 0.00412148004398, 0.0134857213125, 0.00595253938809, 0.00405809190124, 0.0031466782093, 0.00242843199521, 0.00158687506337, 0.00219242880121, 0.00199485872872, 0.0024282252416, 0.00432232068852, 0.00434908270836, 0.00531014800072, 0.00197039917111, 0.000339355057804, 9.67623464021e-07],
        "mean": [0.00383344106376, 0.0192735381424, 0.0012756108772, 0.000979486736469, 0.00425453018397, 0.00349589134566, 0.00390048325062, 0.00353463902138, 0.00587993068621, 0.000690661545377, 0.0003282315447, 0.000228140837862, 0.000255937426118, 0.000259537657257, 0.000107006380858, 0.000112775916932, 0.000124213998788, 9.31255926844e-05, 7.81805065344e-05, 0.000116318449727, 5.04058698425e-05, 9.74924405455e-05, 8.93227188499e-05, 9.57706361078e-05, 3.99133496103e-05, 5.02018747284e-06, 2.90721802187e-09],
        "median": [0.00105866673402, 0.0128155285493, 0.000691532564815, 0.000351340975612, 0.00214683148079, 0.00163320044521, 0.00203460850753, 0.00128343305551, 0.00158139946871, 0.000253178179264, 0.000107047715574, 6.6483829869e-05, 3.99246200686e-05, 4.28862585977e-05, 1.19799387903e-05, 1.82463609235e-05, 2.33721493714e-05, 1.92019397218e-05, 9.43149370869e-06, 1.66704903677e-05, 3.39175062436e-06, 8.88815611688e-06, 8.31980105431e-06, 4.51436972071e-06, 9.74623958427e-07, 2.48462185937e-07, 6.25520246711e-10],
        "min": [7.07767622288e-09, 4.05968236805e-08, 4.33342179917e-08, 6.24387098469e-07, 1.66713234648e-05, 8.80128573044e-06, 1.27503844851e-05, 1.53916771524e-05, 6.9406341936e-06, 3.15278180096e-06, 5.8336723896e-07, 2.77913301261e-07, 2.70503306865e-07, 2.5000500159e-07, 1.04252798394e-07, 6.74103048937e-08, 1.1475631112e-08, 1.76445666966e-07, 1.18871934518e-08, 2.02175982622e-08, 6.30118668354e-09, 5.8414610038e-08, 4.37650271579e-08, 1.09740261323e-09, 5.42601696907e-09, 8.00481209096e-12, 9.00161716e-12],
        "var": [3.43814936059e-05, 0.000350664457073, 3.44218437931e-06, 2.64815071205e-06, 2.88262326649e-05, 2.96691450785e-05, 2.40828467213e-05, 3.32156087097e-05, 0.000111491470307, 3.24998381984e-06, 7.3393528055e-07, 2.12496814811e-07, 6.4467451466e-07, 3.3739530636e-07, 1.01605806435e-07, 8.13692153656e-08, 5.92680997613e-08, 3.99164363785e-08, 3.54694300597e-08, 4.60503137845e-08, 4.10850731214e-08, 1.5822932653e-07, 1.37136424883e-07, 2.22492076318e-07, 3.90195360467e-08, 6.37407571169e-10, 9.77006341362e-16]
    },
    "erbbands": {
        "dmean": [0.150232225657, 0.46039044857, 0.595103144646, 0.932537555695, 3.96034908295, 6.86535692215, 5.56909561157, 17.7702484131, 18.9554615021, 32.5094795227, 33.3730239868, 28.9288406372, 29.8323993683, 8.3817615509, 4.44607925415, 3.95717406273, 4.66337013245, 6.0457072258, 4.92043018341, 3.32597947121, 3.31555438042, 3.5828397274, 2.77945137024, 1.19108891487, 2.7656750679, 2.49760222435, 1.29843842983, 1.4438149929, 1.9487208128, 1.86923062801, 1.57841098309, 1.2652438879, 1.10140740871, 0.470757931471, 0.13413092494, 0.0260066669434, 0.00637633306906, 0.000602434040047, 1.51014419316e-05, 8.15203475213e-06],
        "dmean2": [0.190727576613, 0.633883833885, 1.01746225357, 1.43728864193, 6.16031885147, 10.4207181931, 8.59250831604, 27.5465183258, 28.4395637512, 51.1816177368, 49.0209007263, 39.9823913574, 39.4737472534, 11.6817445755, 6.65556526184, 6.05583715439, 6.30839824677, 8.10958766937, 7.19863414764, 4.54266738892, 4.69293308258, 5.06866979599, 3.93159294128, 1.68576014042, 3.60054063797, 3.50585103035, 1.85795176029, 1.96015822887, 2.41769981384, 2.59968304634, 2.15845584869, 1.71169662476, 1.56754767895, 0.624431490898, 0.189538016915, 0.0375880077481, 0.0101349558681, 0.000947777822148, 2.23986189667e-05, 1.18669722724e-05],
        "dvar": [0.065312512219, 0.751894533634, 3.17066931725, 3.23755717278, 53.4582061768, 181.229492188, 130.566757202, 1086.31323242, 937.780578613, 3926.67993164, 3132.68432617, 3683.48925781, 6965.05322266, 581.918701172, 161.532104492, 94.8483428955, 167.237808228, 274.006317139, 155.89743042, 99.5859832764, 95.4947967529, 65.8804702759, 39.2263641357, 12.2069149017, 39.5296669006, 31.3584957123, 28.3992385864, 33.591178894, 59.032787323, 57.0639572144, 57.9510993958, 44.9641342163, 28.3202705383, 4.82003593445, 0.395297706127, 0.0164214931428, 0.000964344944805, 9.06036348169e-06, 3.43158323979e-09, 8.96525215177e-11],
        "dvar2": [0.136026993394, 1.54617369175, 8.57249164581, 8.18860340118, 128.647232056, 366.259155273, 266.511993408, 2458.19482422, 2127.53320312, 9825.00585938, 7023.23681641, 6744.32470703, 10649.9384766, 1267.75341797, 381.270782471, 223.968948364, 281.338684082, 394.93182373, 355.247406006, 188.109481812, 202.480804443, 130.679672241, 76.117729187, 28.2708530426, 69.5728225708, 65.5793075562, 60.1523895264, 55.5339775085, 99.8327026367, 104.80632782, 109.248245239, 72.6927261353, 49.9237518311, 7.3879904747, 0.686005473137, 0.0326383411884, 0.00190135138109, 1.91877370526e-05, 6.35197983101e-09, 1.6706162842e-10],
        "max": [3.37326335907, 15.5945596695, 40.0997581482, 31.5385150909, 111.885360718, 208.908477783, 173.314590454, 604.492004395, 477.392700195, 883.364562988, 733.274047852, 929.362670898, 1754.02587891, 756.784057617, 349.998199463, 201.577606201, 266.11428833, 581.085205078, 230.680267334, 173.398178101, 204.641967773, 164.454101562, 90.1736831665, 93.8220596313, 127.887901306, 89.8156814575, 107.716743469, 136.618148804, 178.084732056, 141.80305481, 133.746917725, 142.214050293, 116.813774109, 35.5009117126, 11.5218467712, 3.15138435364, 0.569284856319, 0.0477022789419, 0.00106934830546, 0.000149295199662],
        "mean": [0.935627222061, 2.85052919388, 1.65479683876, 2.65019774437, 9.22161579132, 14.5108442307, 13.8530502319, 39.5737724304, 47.8724327087, 69.4737625122, 78.3433761597, 91.6855392456, 102.0574646, 21.6536903381, 9.7048034668, 8.33833026886, 9.8431596756, 13.0147666931, 9.26806545258, 5.7044672966, 6.52524852753, 7.6758146286, 5.86667585373, 2.66846394539, 6.44315910339, 4.90950489044, 2.02967214584, 2.44500565529, 3.37953877449, 3.36061286926, 2.33908700943, 1.82841014862, 1.65445661545, 0.665728211403, 0.179027050734, 0.0320937819779, 0.00885700527579, 0.000703279278241, 4.02962577937e-05, 5.67693095945e-05],
        "median": [0.662984132767, 1.34285128117, 1.0812830925, 1.43526661396, 3.07308483124, 6.53848075867, 6.57056474686, 17.5699691772, 27.7408504486, 35.6455078125, 33.7728729248, 28.5116024017, 22.2686653137, 8.15118789673, 3.59260106087, 2.39099049568, 2.02309727669, 2.48406100273, 1.56637310982, 0.826709866524, 1.2296346426, 1.52628099918, 1.43246674538, 0.560441613197, 0.745425879955, 0.797697901726, 0.253167390823, 0.164254114032, 0.282855421305, 0.326919168234, 0.191916525364, 0.101607330143, 0.0665978491306, 0.0171861201525, 0.00524840643629, 0.00174892914947, 0.000410510780057, 2.88057472062e-05, 2.64323225565e-05, 5.73430988879e-05],
        "min": [4.79373920825e-06, 7.88222605479e-05, 0.000466569705168, 0.00630225660279, 0.0193736664951, 0.0383969694376, 0.127829805017, 0.0962059497833, 0.16735047102, 0.468044251204, 0.576230823994, 0.210194334388, 0.141261488199, 0.16639880836, 0.0336878374219, 0.0117366435006, 0.0299371425062, 0.0280170235783, 0.0205611791462, 0.014263337478, 0.0118844890967, 0.00632495619357, 0.0112043777481, 0.0036444994621, 0.00147962302435, 0.00169320695568, 0.00223550642841, 0.00274518271908, 0.00218913215213, 0.00129418086726, 0.000880100415088, 0.000212116166949, 7.10757012712e-05, 9.58020245889e-05, 2.84396573988e-05, 8.36706840346e-06, 2.7189780667e-06, 2.74283507906e-07, 1.14154181574e-06, 2.64855702881e-06],
        "var": [0.740793943405, 13.0428800583, 4.18057012558, 11.4246282578, 197.314102173, 551.236755371, 470.340667725, 4355.85595703, 3282.57666016, 9135.45214844, 12125.8662109, 22131.734375, 49893.9882812, 2292.44018555, 384.983917236, 301.718261719, 644.522827148, 1253.27648926, 367.525970459, 216.313247681, 225.863235474, 218.194992065, 134.850753784, 45.9729995728, 159.270019531, 83.3191375732, 49.7795448303, 111.674919128, 199.903457642, 164.084487915, 104.810409546, 88.6814804077, 69.150604248, 11.0961322784, 0.819166362286, 0.0289430432022, 0.00189584936015, 1.41479686135e-05, 6.90844004225e-09, 6.88561763162e-10]
    },
    "gfcc": {
        "mean": [-53.1485900879, 156.807647705, -99.7819366455, 19.9005947113, -73.9902420044, 2.82720708847, -22.5621604919, 10.8543424606, 1.02100265026, -4.59993553162, -1.70458817482, -6.69814252853, -1.21993374825],
        "cov": [[3380.79174805, -1672.7512207, -786.201965332, 702.683166504, -178.887390137, 171.352050781, -512.196716309, 251.155838013, -226.561553955, 22.4807491302, -105.411804199, 73.1003952026, -146.146392822], [-1672.7512207, 2493.61987305, 222.944168091, -412.211151123, 818.861938477, -104.813415527, 693.038146973, -65.3129272461, 382.009613037, -78.9690246582, 346.095458984, -102.531791687, 122.7134552], [-786.201965332, 222.944168091, 1126.61877441, 106.294952393, 54.1421852112, 320.812683105, 262.359832764, 129.553436279, 83.251335144, 109.219207764, 2.33939790726, 144.62097168, 163.648956299], [702.683166504, -412.211151123, 106.294952393, 600.90423584, 51.6973495483, 64.7844696045, -39.5153656006, 130.624923706, 21.5289802551, 25.3947525024, -1.62955439091, 55.2768859863, 82.37550354], [-178.887390137, 818.861938477, 54.1421852112, 51.6973495483, 595.592224121, 38.9123535156, 262.399841309, 120.948661804, 132.719055176, -15.725484848, 124.539581299, -43.1689338684, 49.066444397], [171.352050781, -104.813415527, 320.812683105, 64.7844696045, 38.9123535156, 360.747589111, 109.609825134, 71.3382568359, 36.1420898438, 63.0526733398, 25.444355011, 43.9717750549, 20.2693767548], [-512.196716309, 693.038146973, 262.359832764, -39.5153656006, 262.399841309, 109.609825134, 501.271728516, 114.317008972, 112.445808411, -15.2107496262, 138.951248169, 7.70538043976, 74.4382705688], [251.155838013, -65.3129272461, 129.553436279, 130.624923706, 120.948661804, 71.3382568359, 114.317008972, 264.276763916, 8.19329166412, -22.5319309235, 4.47177457809, 34.0617027283, 50.2235527039], [-226.561553955, 382.009613037, 83.251335144, 21.5289802551, 132.719055176, 36.1420898438, 112.445808411, 8.19329166412, 243.899459839, 48.2192955017, 88.193901062, 7.44293737411, 38.3754920959], [22.4807491302, -78.9690246582, 109.219207764, 25.3947525024, -15.725484848, 63.0526733398, -15.2107496262, -22.5319309235, 48.2192955017, 168.021835327, 48.2877426147, 14.5116596222, -11.3110551834], [-105.411804199, 346.095458984, 2.33939790726, -1.62955439091, 124.539581299, 25.444355011, 138.951248169, 4.47177457809, 88.193901062, 48.2877426147, 219.707458496, 20.1372184753, 17.076751709], [73.1003952026, -102.531791687, 144.62097168, 55.2768859863, -43.1689338684, 43.9717750549, 7.70538043976, 34.0617027283, 7.44293737411, 14.5116596222, 20.1372184753, 131.358627319, 35.5680618286], [-146.146392822, 122.7134552, 163.648956299, 82.37550354, 49.066444397, 20.2693767548, 74.4382705688, 50.2235527039, 38.3754920959, -11.3110551834, 17.076751709, 35.5680618286, 142.782867432]],
        "icov": [[0.00140210730024, -0.000326135253999, 0.00175621523522, -0.00154761818703, 0.000376966199838, -0.00190051808022, 0.000980211887509, -0.00166970642749, 0.000958468823228, -0.000864206289407, 0.000451210187748, -0.00142248114571, 0.000786293821875], [-0.000326135253999, 0.00379617535509, -0.00171056657564, 0.00246168510057, -0.00376612157561, 0.00263336813077, -0.00229888944887, 0.00325182802044, -0.00278889085166, 0.00271657248959, -0.00242107664235, 0.00173430715222, -0.00125872530043], [0.00175621523522, -0.00171056657564, 0.00455111823976, -0.00256714597344, 0.0017855927581, -0.00420346623287, 0.00107296986971, -0.0030819773674, 0.00210046675056, -0.00321265286766, 0.00253696693107, -0.0036166801583, -0.000181147726835], [-0.00154761818703, 0.00246168510057, -0.00256714597344, 0.0050788060762, -0.00270353374071, 0.00305316806771, -0.00153920776211, 0.00244063138962, -0.00259242602624, 0.00197312375531, -0.00181716750376, 0.00194718909916, -0.00266261678189], [0.000376966199838, -0.00376612157561, 0.0017855927581, -0.00270353374071, 0.00647334335372, -0.00261858990416, 0.00148729898501, -0.00418459950015, 0.00192218925804, -0.00228668842465, 0.00152658484876, -0.000390128174331, 0.00119639351033], [-0.00190051808022, 0.00263336813077, -0.00420346623287, 0.00305316806771, -0.00261858990416, 0.0079584941268, -0.00297479354776, 0.0033860958647, -0.00283229909837, 0.00186677637976, -0.00209273048677, 0.00264430837706, -0.000521623529494], [0.000980211887509, -0.00229888944887, 0.00107296986971, -0.00153920776211, 0.00148729898501, -0.00297479354776, 0.00595416547731, -0.0038089484442, 0.00154724542517, -0.000553815858439, -0.000586370413657, -0.000851336400956, 0.000606632500421], [-0.00166970642749, 0.00325182802044, -0.0030819773674, 0.00244063138962, -0.00418459950015, 0.0033860958647, -0.0038089484442, 0.00973252020776, -0.00249588512816, 0.00353391817771, -0.00143535959069, 0.00157209078316, -0.00212898850441], [0.000958468823228, -0.00278889085166, 0.00210046675056, -0.00259242602624, 0.00192218925804, -0.00283229909837, 0.00154724542517, -0.00249588512816, 0.00806530192494, -0.00374074350111, 0.000876237812918, -0.00203229277395, 0.000216384622036], [-0.000864206289407, 0.00271657248959, -0.00321265286766, 0.00197312375531, -0.00228668842465, 0.00186677637976, -0.000553815858439, 0.00353391817771, -0.00374074350111, 0.0108164688572, -0.00444828113541, 0.00257222936489, 0.000644485990051], [0.000451210187748, -0.00242107664235, 0.00253696693107, -0.00181716750376, 0.00152658484876, -0.00209273048677, -0.000586370413657, -0.00143535959069, 0.000876237812918, -0.00444828113541, 0.00924262404442, -0.00366735574789, 0.000486591801746], [-0.00142248114571, 0.00173430715222, -0.0036166801583, 0.00194718909916, -0.000390128174331, 0.00264430837706, -0.000851336400956, 0.00157209078316, -0.00203229277395, 0.00257222936489, -0.00366735574789, 0.0125411776826, -0.00221064547077], [0.000786293821875, -0.00125872530043, -0.000181147726835, -0.00266261678189, 0.00119639351033, -0.000521623529494, 0.000606632500421, -0.00212898850441, 0.000216384622036, 0.000644485990051, 0.000486591801746, -0.00221064547077, 0.0112149268389]]
    },
    "melbands": {
        "dmean": [0.0010396677535, 0.000367765227566, 0.000231318932492, 0.000396748480853, 0.00021345220739, 0.000364850915503, 0.000318184873322, 0.000374720839318, 0.000256167375483, 0.000219393667066, 0.000150739360834, 3.52614842996e-05, 1.65304118127e-05, 1.455695201e-05, 9.39573965297e-06, 1.36622829814e-05, 1.20673139463e-05, 9.60937450145e-06, 6.53359757052e-06, 3.96943460146e-06, 4.14561873185e-06, 3.89969363823e-06, 3.72949466509e-06, 1.79422033852e-06, 9.38710002174e-07, 1.69331451616e-06, 2.57187457464e-06, 1.66494112364e-06, 8.91494039479e-07, 8.60741977249e-07, 8.81040875811e-07, 1.17728200166e-06, 1.12133034236e-06, 1.12448526579e-06, 9.69813186202e-07, 8.84642929577e-07, 7.73439353452e-07, 8.2477987462e-07, 6.53687152408e-07, 3.33858906743e-07],
        "dmean2": [0.00132965063676, 0.000572069897316, 0.00035554196802, 0.000603560416494, 0.000329834641889, 0.000562953588087, 0.000484487827634, 0.000583849614486, 0.000369005836546, 0.00029761318001, 0.00019941694336, 4.80672970298e-05, 2.48010674113e-05, 2.25035128096e-05, 1.32948525788e-05, 1.82927633432e-05, 1.65055425896e-05, 1.39148087328e-05, 9.50738467509e-06, 5.44008025827e-06, 6.05348759564e-06, 5.51348648514e-06, 5.39636812391e-06, 2.61242416855e-06, 1.41255748076e-06, 2.31894955505e-06, 3.54107987732e-06, 2.37026870309e-06, 1.34917581818e-06, 1.24043731375e-06, 1.22002586522e-06, 1.55538225499e-06, 1.54816177655e-06, 1.59577780323e-06, 1.35101936394e-06, 1.32016430143e-06, 1.1004475482e-06, 1.21596917779e-06, 8.4665958866e-07, 4.72797893281e-07],
        "dvar": [2.91762739835e-06, 6.99083727795e-07, 1.85344845249e-07, 4.9020093229e-07, 1.72285581357e-07, 4.26689013011e-07, 2.58735269654e-07, 4.57646649465e-07, 1.8752707831e-07, 2.40510956928e-07, 1.76811994379e-07, 1.12799591889e-08, 1.97058924734e-09, 1.19808341026e-09, 8.30543078756e-10, 1.75636782895e-09, 9.96606797088e-10, 5.71950820039e-10, 5.21238385787e-10, 1.62936178438e-10, 1.79056422467e-10, 9.54402459841e-11, 7.96078272747e-11, 2.04349939747e-11, 1.00693342553e-11, 2.05580882179e-11, 2.96592229942e-11, 1.63174439238e-11, 1.65647426331e-11, 1.31971048672e-11, 1.42333757627e-11, 2.52784928406e-11, 1.98872220775e-11, 2.01550234835e-11, 2.05733902137e-11, 3.073794691e-11, 1.82400258092e-11, 1.70537143435e-11, 9.93970530883e-12, 2.51301258448e-12],
        "dvar2": [6.03438320468e-06, 1.58818704676e-06, 4.24850099989e-07, 1.1261573718e-06, 3.54690001814e-07, 9.63103730101e-07, 6.14035513991e-07, 1.12642237582e-06, 4.0137942392e-07, 4.08151407782e-07, 2.66932659088e-07, 2.37574759865e-08, 4.26178425883e-09, 2.79119705127e-09, 1.5336585335e-09, 2.32499841601e-09, 1.65549152165e-09, 1.28467425586e-09, 1.1763211516e-09, 2.80870299241e-10, 3.94504567902e-10, 1.99742902773e-10, 1.64167388017e-10, 4.22974988368e-11, 2.59232375149e-11, 3.78475584206e-11, 5.70524356924e-11, 3.4601928961e-11, 3.81298360941e-11, 2.76424022561e-11, 2.46781726998e-11, 5.04096590859e-11, 3.92706631103e-11, 3.92381613312e-11, 4.01487593171e-11, 6.37874059128e-11, 3.08600124621e-11, 3.20684243049e-11, 1.6154926355e-11, 4.18543368366e-12],
        "max": [0.0248918030411, 0.0186454840004, 0.00638936460018, 0.0119673209265, 0.00673564895988, 0.0118981944397, 0.00643007503822, 0.00848106201738, 0.00551545154303, 0.00886624678969, 0.00883311219513, 0.00332177733071, 0.00109613791574, 0.000543833652046, 0.000829921336845, 0.0013900360791, 0.000940798257943, 0.000356919394108, 0.000368944602087, 0.000220013680519, 0.000278224179056, 0.000226476389798, 0.000221066598897, 7.55859509809e-05, 8.78675054992e-05, 9.41849139053e-05, 7.41961339372e-05, 6.81589954183e-05, 9.19637750485e-05, 7.30188839952e-05, 9.44170242292e-05, 0.00010096225742, 8.85006884346e-05, 9.31631439016e-05, 9.75302027655e-05, 0.000123110075947, 8.68189672474e-05, 8.052236808e-05, 7.51086336095e-05, 2.31026424444e-05],
        "mean": [0.00690332986414, 0.00178110750858, 0.000630273949355, 0.000906852714252, 0.00052414246602, 0.00082984380424, 0.000767330813687, 0.000814331811853, 0.000590706593357, 0.000712124747224, 0.000508462660946, 8.12168727862e-05, 3.44838008459e-05, 2.72664274235e-05, 1.72066575033e-05, 2.82944874925e-05, 2.40154913627e-05, 1.74036140379e-05, 9.38737321121e-06, 6.51542450214e-06, 7.68111658545e-06, 7.84242092777e-06, 7.20695788914e-06, 3.45735793417e-06, 1.77638116838e-06, 3.6967885535e-06, 5.55497490495e-06, 2.70582927442e-06, 1.21851417134e-06, 1.1861211533e-06, 1.47556681895e-06, 1.9139718006e-06, 1.90739456229e-06, 1.87967623333e-06, 1.38373252412e-06, 1.14880822366e-06, 1.10356393179e-06, 1.22738549635e-06, 9.08917002107e-07, 4.49822863402e-07],
        "median": [0.00501386076212, 0.0009517025901, 0.000310122268274, 0.000422749755671, 0.000248165684752, 0.000391206995118, 0.000447527971119, 0.000401417462854, 0.000218783825403, 0.000189899685211, 0.00010607886361, 2.67962132057e-05, 1.25659935293e-05, 7.93208801042e-06, 3.4869206047e-06, 4.39608811575e-06, 3.6952174014e-06, 2.22939411287e-06, 9.83394556897e-07, 8.48164461331e-07, 1.40798601933e-06, 1.43176589518e-06, 1.8820180685e-06, 7.03496482402e-07, 3.15247774552e-07, 4.01429758767e-07, 6.17642626821e-07, 3.64553159216e-07, 1.07938198823e-07, 6.75773677017e-08, 8.01312438625e-08, 1.28443829794e-07, 1.88505723031e-07, 1.72072844862e-07, 1.06425979141e-07, 4.85823719032e-08, 4.07471816288e-08, 4.86170570468e-08, 2.06264854086e-08, 7.54739737374e-09],
        "min": [1.23936816365e-08, 2.31503189951e-08, 1.93461642084e-06, 1.22167432437e-06, 3.79907987735e-06, 2.12515874409e-06, 2.18628838411e-06, 4.81688721266e-06, 2.6079901545e-06, 1.05580011223e-06, 6.71640293604e-07, 1.02425786963e-07, 7.7527786857e-08, 3.80631099972e-08, 1.05678452655e-08, 2.11611883572e-08, 3.37439836073e-08, 1.71211773647e-08, 6.87278989275e-09, 1.2634799873e-08, 5.6414348748e-09, 2.16435358524e-09, 7.91953524981e-09, 5.42103073542e-09, 1.41797640296e-09, 3.88214349556e-10, 7.23050119777e-10, 3.90336291067e-10, 2.68778159451e-11, 2.85037410341e-11, 9.9921504404e-10, 8.01549882024e-10, 1.01408381692e-09, 7.37357397362e-11, 4.32709451603e-10, 9.04523400624e-11, 2.31155643671e-13, 2.74877061217e-12, 2.53557418117e-12, 1.85243422164e-12],
