{
"highlevel": {
    "danceability": {
        "all": {
            "danceable": 0.954283773899,
            "not_danceable": 0.0457162149251
        },
        "probability": 0.954283773899,
        "value": "danceable"
    },
    "gender": {
        "all": {
            "female": 0.962894916534,
            "male": 0.0371051058173
        },
        "probability": 0.962894916534,
        "value": "female"
    },
    "genre_dortmund": {
        "all": {
            "alternative": 0.0244207400829,
            "blues": 0.0478946492076,
            "electronic": 0.0190122853965,
            "folkcountry": 0.0810614451766,
            "funksoulrnb": 0.0385061018169,
            "jazz": 0.081824503839,
            "pop": 0.0405348949134,
            "raphiphop": 0.635954916477,
            "rock": 0.0307904779911
        },
        "probability": 0.635954916477,
        "value": "raphiphop"
    },
    "genre_electronic": {
        "all": {
            "ambient": 0.866048812866,
            "dnb": 0.028684226796,
            "house": 0.0644312500954,
            "techno": 0.0218927003443,
            "trance": 0.0189430192113
        },
        "probability": 0.866048812866,
        "value": "ambient"
    },
    "genre_rosamerica": {
        "all": {
            "cla": 0.13280056417,
            "dan": 0.0161343831569,
            "hip": 0.304092168808,
            "jaz": 0.0743441060185,
            "pop": 0.0780846253037,
            "rhy": 0.329098433256,
            "roc": 0.0297306329012,
            "spe": 0.0357150882483
        },
        "probability": 0.329098433256,
        "value": "rhy"
    },
    "genre_tzanetakis": {
        "all": {
            "blu": 0.0455724000931,
            "cla": 0.0637885853648,
            "cou": 0.0637773871422,
            "dis": 0.0531442239881,
            "hip": 0.0455523431301,
            "jaz": 0.159437030554,
            "met": 0.0637808963656,
            "pop": 0.106303006411,
            "reg": 0.0797289311886,
            "roc": 0.318915188313
        },
        "probability": 0.318915188313,
        "value": "roc"
    },
    "ismir04_rhythm": {
        "all": {
            "ChaChaCha": 0.0326909385622,
            "Jive": 0.0217809341848,
            "Quickstep": 0.213190674782,
            "Rumba-American": 0.0164261925966,
            "Rumba-International": 0.0609677247703,
            "Rumba-Misc": 0.0236013382673,
            "Samba": 0.103635385633,
            "Tango": 0.0212516412139,
            "VienneseWaltz": 0.44462043047,
            "Waltz": 0.0618347302079
        },
        "probability": 0.44462043047,
        "value": "VienneseWaltz"
    },
    "mood_acoustic": {
        "all": {
            "acoustic": 0.997349500656,
            "not_acoustic": 0.00265048700385
        },
        "probability": 0.997349500656,
        "value": "acoustic"
    },
    "mood_aggressive": {
        "all": {
            "aggressive": 2.08581852235e-07,
            "not_aggressive": 0.999999821186
        },
        "probability": 0.999999821186,
        "value": "not_aggressive"
    },
    "mood_electronic": {
        "all": {
            "electronic": 0.377516448498,
            "not_electronic": 0.622483551502
        },
        "probability": 0.622483551502,
        "value": "not_electronic"
    },
    "mood_happy": {
        "all": {
            "happy": 0.531600117683,
            "not_happy": 0.468399852514
        },
        "probability": 0.531600117683,
        "value": "happy"
    },
    "mood_party": {
        "all": {
            "not_party": 0.985232710838,
            "party": 0.0147673096508
        },
        "probability": 0.985232710838,
        "value": "not_party"
    },
    "mood_relaxed": {
        "all": {
            "not_relaxed": 0.0803738608956,
            "relaxed": 0.919626116753
        },
        "probability": 0.919626116753,
        "value": "relaxed"
    },
    "mood_sad": {
        "all": {
            "not_sad": 0.186270460486,
            "sad": 0.813729524612
        },
        "probability": 0.813729524612,
        "value": "sad"
    },
    "moods_mirex": {
        "all": {
            "Cluster1": 0.0537493377924,
            "Cluster2": 0.328854978085,
            "Cluster3": 0.413735121489,
            "Cluster4": 0.184451699257,
            "Cluster5": 0.0192088745534
        },
        "probability": 0.413735121489,
        "value": "Cluster3"
    },
    "timbre": {
        "all": {
            "bright": 0.989708840847,
            "dark": 0.0102911740541
        },
        "probability": 0.989708840847,
        "value": "bright"
    },
    "tonal_atonal": {
        "all": {
            "atonal": 0.00560319377109,
            "tonal": 0.994396805763
        },
        "probability": 0.994396805763,
        "value": "tonal"
    },
    "voice_instrumental": {
        "all": {
            "instrumental": 0.0542040504515,
            "voice": 0.945795953274
        },
        "probability": 0.945795953274,
        "value": "voice"
    }
},
"lowlevel": {
    "average_loudness": 0.846589326859,
    "barkbands_crest": {
        "dmean": 3.25030207634,
        "dmean2": 5.23240613937,
        "dvar": 8.5845117569,
        "dvar2": 20.8692321777,
        "max": 26.386598587,
        "mean": 13.903670311,
        "median": 13.178937912,
        "min": 3.57210659981,
        "var": 25.5812759399
    },
    "barkbands_flatness_db": {
        "dmean": 0.0333475321531,
        "dmean2": 0.0475857034326,
        "dvar": 0.000976345385425,
        "dvar2": 0.00193927972578,
        "max": 0.47684559226,
        "mean": 0.212575867772,
        "median": 0.205166608095,
        "min": 0.0688901394606,
        "var": 0.00498823402449
    },
    "barkbands_kurtosis": {
        "dmean": 5.40117692947,
        "dmean2": 8.32116794586,
        "dvar": 121.197914124,
        "dvar2": 271.588775635,
        "max": 209.121948242,
        "mean": 6.95765304565,
        "median": 2.58732175827,
        "min": -1.83673560619,
        "var": 208.591629028
    },
    "barkbands_skewness": {
        "dmean": 0.766205072403,
        "dmean2": 1.16034638882,
        "dvar": 0.794809341431,
        "dvar2": 1.77230298519,
        "max": 13.4921073914,
        "mean": 1.65377044678,
        "median": 1.4445451498,
        "min": -4.40547323227,
        "var": 2.03083491325
    },
    "barkbands_spread": {
        "dmean": 5.71482992172,
        "dmean2": 8.99794101715,
        "dvar": 60.2943305969,
        "dvar2": 134.289123535,
        "max": 82.1651763916,
        "mean": 14.5737323761,
        "median": 11.8049135208,
        "min": 0.409437000751,
        "var": 133.009552002
    },
    "dissonance": {
        "dmean": 0.0351525135338,
        "dmean2": 0.0582097098231,
        "dvar": 0.00108963809907,
        "dvar2": 0.00272640655749,
        "max": 0.499999701977,
        "mean": 0.427763134241,
        "median": 0.438085228205,
        "min": 0.165166512132,
        "var": 0.00265136384405
    },
    "dynamic_complexity": 2.99002146721,
    "erbbands_crest": {
        "dmean": 4.19062137604,
        "dmean2": 6.52234458923,
        "dvar": 14.1347446442,
        "dvar2": 32.0060310364,
        "max": 34.3925323486,
        "mean": 15.1413106918,
        "median": 14.0428915024,
        "min": 3.50459337234,
        "var": 45.1026573181
    },
    "erbbands_flatness_db": {
        "dmean": 0.0349310450256,
        "dmean2": 0.0469886735082,
        "dvar": 0.000968791078776,
        "dvar2": 0.00163286214229,
        "max": 0.499855905771,
        "mean": 0.245016694069,
        "median": 0.236431732774,
        "min": 0.0694965198636,
        "var": 0.00596822751686
    },
    "erbbands_kurtosis": {
        "dmean": 3.83431816101,
        "dmean2": 5.78781938553,
        "dvar": 53.0950508118,
        "dvar2": 111.02192688,
        "max": 120.628334045,
        "mean": 4.28818559647,
        "median": 0.839288234711,
        "min": -1.82279622555,
        "var": 112.396522522
    },
    "erbbands_skewness": {
        "dmean": 0.707219421864,
        "dmean2": 1.04804706573,
        "dvar": 0.569818913937,
        "dvar2": 1.27372443676,
        "max": 6.83411598206,
        "mean": 1.05708014965,
        "median": 0.895451366901,
        "min": -5.70847463608,
        "var": 1.82357013226
    },
    "erbbands_spread": {
        "dmean": 8.07709884644,
        "dmean2": 12.3714504242,
        "dvar": 90.849395752,
        "dvar2": 204.364608765,
        "max": 119.532272339,
        "mean": 23.3182659149,
        "median": 22.0347671509,
        "min": 0.554330408573,
        "var": 207.435440063
    },
    "hfc": {
        "dmean": 7.74849891663,
        "dmean2": 11.4085998535,
        "dvar": 117.387481689,
        "dvar2": 242.908325195,
        "max": 154.519317627,
        "mean": 17.556886673,
        "median": 11.674993515,
        "min": 0.00297224125825,
        "var": 334.349121094
    },
    "melbands_crest": {
        "dmean": 3.71286678314,
        "dmean2": 5.84766387939,
        "dvar": 10.5254297256,
        "dvar2": 24.378862381,
        "max": 34.4508323669,
        "mean": 17.3973636627,
        "median": 17.1048278809,
        "min": 4.19655942917,
        "var": 34.9299736023
    },
    "melbands_flatness_db": {
        "dmean": 0.0380070209503,
        "dmean2": 0.0537868253887,
        "dvar": 0.00129957939498,
        "dvar2": 0.00248217326589,
        "max": 0.557221591473,
        "mean": 0.26315176487,
        "median": 0.260823041201,
        "min": 0.0571700185537,
        "var": 0.0060481862165
    },
    "melbands_kurtosis": {
        "dmean": 8.7556810379,
        "dmean2": 13.7502632141,
        "dvar": 304.668426514,
        "dvar2": 643.95526123,
        "max": 328.94732666,
        "mean": 13.5551891327,
        "median": 6.80836677551,
        "min": -1.7725892067,
        "var": 563.758972168
    },
    "melbands_skewness": {
        "dmean": 0.91712641716,
        "dmean2": 1.3969990015,
        "dvar": 1.17752146721,
        "dvar2": 2.44551420212,
        "max": 13.7992334366,
        "mean": 2.30493426323,
        "median": 2.08864760399,
        "min": -2.94698524475,
        "var": 3.20630550385
    },
    "melbands_spread": {
        "dmean": 6.04880285263,
        "dmean2": 9.54369544983,
        "dvar": 89.9193954468,
        "dvar2": 202.635360718,
        "max": 141.642684937,
        "mean": 16.0876274109,
        "median": 13.2494430542,
        "min": 0.69758862257,
        "var": 191.97492981
    },
    "pitch_salience": {
        "dmean": 0.0797517672181,
        "dmean2": 0.126290842891,
        "dvar": 0.00593153107911,
        "dvar2": 0.0131972925738,
        "max": 0.822672188282,
        "mean": 0.467922091484,
        "median": 0.470387488604,
        "min": 0.0650281608105,
        "var": 0.0169632658362
    },
    "silence_rate_20dB": {
        "dmean": 0,
        "dmean2": 0,
        "dvar": 0,
        "dvar2": 0,
        "max": 1,
        "mean": 1,
        "median": 1,
        "min": 1,
        "var": 0
    },
    "silence_rate_30dB": {
        "dmean": 0.0030959751457,
        "dmean2": 0.00619674660265,
        "dvar": 0.00308638857678,
        "dvar2": 0.00615835003555,
        "max": 1,
        "mean": 0.993812859058,
        "median": 1,
        "min": 0,
        "var": 0.00614888174459
    },
    "silence_rate_60dB": {
        "dmean": 0.0340557284653,
        "dmean2": 0.0681642144918,
        "dvar": 0.032895822078,
        "dvar2": 0.0666161254048,
        "max": 1,
        "mean": 0.0850734710693,
        "median": 0,
        "min": 0,
        "var": 0.0778380781412
    },
    "spectral_centroid": {
        "dmean": 244.970703125,
        "dmean2": 378.526397705,
        "dvar": 121126.554688,
        "dvar2": 245721.78125,
        "max": 4288.93798828,
        "mean": 1051.36828613,
        "median": 907.66192627,
        "min": 290.329071045,
        "var": 268578.78125
    },
    "spectral_complexity": {
        "dmean": 2.8568110466,
        "dmean2": 4.31758308411,
        "dvar": 8.50961494446,
        "dvar2": 17.7891464233,
        "max": 45,
        "mean": 12.6589326859,
        "median": 12,
        "min": 0,
        "var": 40.9131774902
    },
    "spectral_decrease": {
        "dmean": 2.35800134973e-09,
        "dmean2": 3.55240104e-09,
        "dvar": 1.12505017093e-17,
        "dvar2": 2.45979161976e-17,
        "max": -6.34304934966e-12,
        "mean": -6.04142069704e-09,
        "median": -4.84875073425e-09,
        "min": -4.18894892107e-08,
        "var": 2.82690397091e-17
    },
    "spectral_energy": {
        "dmean": 0.00945227779448,
        "dmean2": 0.0141720063984,
        "dvar": 0.000176101835677,
        "dvar2": 0.000381375692086,
        "max": 0.172115758061,
        "mean": 0.0243941862136,
        "median": 0.0195617899299,
        "min": 2.42721580435e-05,
        "var": 0.000458088761661
    },
    "spectral_energyband_high": {
        "dmean": 0.000286262918962,
        "dmean2": 0.000447474041721,
        "dvar": 5.42944974313e-07,
        "dvar2": 1.2945946537e-06,
        "max": 0.0066255913116,
        "mean": 0.000312328833388,
        "median": 5.77213904762e-05,
        "min": 3.39105312719e-08,
        "var": 6.00840792231e-07
    },
    "spectral_energyband_low": {
        "dmean": 0.00265946472064,
        "dmean2": 0.00431902054697,
        "dvar": 7.12936234777e-05,
        "dvar2": 0.000167837555637,
        "max": 0.100079007447,
        "mean": 0.00514853419736,
        "median": 0.000199331581825,
        "min": 3.22052983392e-06,
        "var": 9.82055062195e-05
    },
    "spectral_energyband_middle_high": {
        "dmean": 0.00282168691047,
        "dmean2": 0.00406630942598,
        "dvar": 5.51595039724e-05,
        "dvar2": 8.95929260878e-05,
        "max": 0.168477147818,
        "mean": 0.00576847232878,
        "median": 0.00223326263949,
        "min": 1.96877522285e-07,
        "var": 0.000184857068234
    },
    "spectral_energyband_middle_low": {
        "dmean": 0.00639193737879,
        "dmean2": 0.00982173997909,
        "dvar": 9.72460984485e-05,
        "dvar2": 0.000225102252443,
        "max": 0.133455440402,
        "mean": 0.0140111837536,
        "median": 0.00916533917189,
        "min": 4.11826340496e-06,
        "var": 0.000214145708014
    },
    "spectral_entropy": {
        "dmean": 0.294075191021,
        "dmean2": 0.41877245903,
        "dvar": 0.0750655978918,
        "dvar2": 0.139300987124,
        "max": 8.42485427856,
        "mean": 7.01619768143,
        "median": 7.07580280304,
        "min": 4.50079250336,
        "var": 0.318086147308
    },
    "spectral_flux": {
        "dmean": 0.0316637605429,
        "dmean2": 0.0484722033143,
        "dvar": 0.0011151273502,
        "dvar2": 0.00259685772471,
        "max": 0.313738644123,
        "mean": 0.0858183652163,
        "median": 0.0765308886766,
        "min": 0.00188277184498,
        "var": 0.00290510524064
    },
    "spectral_kurtosis": {
        "dmean": 4.62816095352,
        "dmean2": 7.5839304924,
        "dvar": 23.1968154907,
        "dvar2": 65.9711532593,
        "max": 64.3365097046,
        "mean": 8.83870029449,
        "median": 6.9941444397,
        "min": -0.552402973175,
        "var": 47.0750198364
    },
    "spectral_rms": {
        "dmean": 0.000899523845874,
        "dmean2": 0.00128368206788,
        "dvar": 1.04479761376e-06,
        "dvar2": 2.0507775389e-06,
        "max": 0.0129583105445,
        "mean": 0.00442926958203,
        "median": 0.00436860090122,
        "min": 0.000153883578605,
        "var": 4.18077388531e-06
    },
    "spectral_rolloff": {
        "dmean": 516.49822998,
        "dmean2": 885.464782715,
        "dvar": 1250754,
        "dvar2": 3053858,
        "max": 10960.4003906,
        "mean": 1179.14489746,
        "median": 818.26171875,
        "min": 86.1328125,
        "var": 1381660.875
    },
    "spectral_skewness": {
        "dmean": 0.493797659874,
        "dmean2": 0.792927920818,
        "dvar": 0.193973436952,
        "dvar2": 0.507246375084,
        "max": 6.14002513885,
        "mean": 1.96536374092,
        "median": 1.90919864178,
        "min": 0.12444562465,
        "var": 0.533863186836
    },
    "spectral_spread": {
        "dmean": 890626.6875,
        "dmean2": 1263765.75,
        "dvar": 1.19044623565e+12,
        "dvar2": 2.10287905997e+12,
        "max": 13055006,
        "mean": 3483940.25,
        "median": 2907801.25,
        "min": 1120241.625,
        "var": 3.24311003955e+12
    },
    "spectral_strongpeak": {
        "dmean": 0.70959597826,
        "dmean2": 1.12774789333,
        "dvar": 0.985937535763,
        "dvar2": 1.95224750042,
        "max": 15.3881931305,
        "mean": 1.64257848263,
        "median": 1.02221858501,
        "min": 0,
        "var": 3.23103094101
    },
    "zerocrossingrate": {
        "dmean": 0.0111662214622,
        "dmean2": 0.0128375226632,
        "dvar": 0.000220511399675,
        "dvar2": 0.000283653032966,
        "max": 0.234375,
        "mean": 0.0477699935436,
        "median": 0.0390625,
        "min": 0.00634765625,
        "var": 0.000908483401872
    },
    "barkbands": {
        "dmean": [5.65421796637e-05, 0.0022747553885, 0.000516013125889, 0.000219669251237, 0.000351780181518, 0.00115097966045, 0.00223449524492, 0.00177861645352, 0.00238273618743, 0.00207264255732, 0.000314495933708, 0.000239045853959, 0.000203547882847, 0.000305565656163, 0.000209340185393, 0.000222563743591, 0.00023044279078, 0.000154393404955, 9.53882117756e-05, 8.87751448317e-05, 2.92185450235e-05, 2.22571070481e-05, 4.94614178024e-05, 6.20204518782e-05, 3.54062212864e-05, 7.74092841311e-05, 1.24249321942e-09],
        "dmean2": [9.23617262742e-05, 0.0037805903703, 0.000922623206861, 0.000354529591277, 0.000546503404621, 0.00180613691919, 0.00350740016438, 0.0027359847445, 0.00330692320131, 0.00291240005754, 0.000465133838588, 0.000356963311788, 0.000293956429232, 0.00046370778, 0.000323871645378, 0.00034643051913, 0.000367133936379, 0.000244410475716, 0.000154164677951, 0.000140562478919, 4.51259984402e-05, 3.45790940628e-05, 8.17585751065e-05, 9.67832675087e-05, 5.60060543648e-05, 0.000129409032525, 2.21680940271e-09],
        "dvar": [1.53725583374e-08, 5.91956704739e-05, 2.80102517536e-06, 2.47502924822e-07, 9.45937927099e-07, 5.37218465979e-06, 2.86616232188e-05, 2.2945478122e-05, 3.22224877891e-05, 5.65457157791e-05, 2.71845965472e-06, 8.2009006519e-07, 1.98227112946e-07, 7.48753507196e-07, 1.72970729295e-07, 4.74635356795e-07, 2.9972432003e-07, 2.34465034055e-07, 5.71023193174e-08, 1.08481771122e-07, 8.24985502135e-09, 2.70001554448e-09, 2.57861518804e-08, 3.50501707658e-08, 9.36211996816e-09, 7.55687850074e-08, 1.58513166723e-17],
        "dvar2": [3.45361819143e-08, 0.000144855250255, 7.74984255258e-06, 5.66418123071e-07, 2.18881950786e-06, 1.27807224999e-05, 7.62342460803e-05, 5.77786631766e-05, 5.71168966417e-05, 9.60610705079e-05, 3.93205073124e-06, 1.78078812496e-06, 3.63377267831e-07, 1.8309377765e-06, 4.08767164117e-07, 1.05028880171e-06, 7.18958006019e-07, 5.27592874278e-07, 1.43657146623e-07, 2.39359422949e-07, 1.63406195242e-08, 6.09112138505e-09, 6.73867859291e-08, 8.61503508531e-08, 2.23751808193e-08, 1.90029936675e-07, 2.83351943057e-17],
        "max": [0.00179971335456, 0.0872403532267, 0.017707709223, 0.00895307958126, 0.0161077193916, 0.0289689507335, 0.0654622018337, 0.0782325044274, 0.0725409537554, 0.156823471189, 0.0482247620821, 0.0240440703928, 0.00577464839444, 0.0140751227736, 0.00590471504256, 0.0155574511737, 0.00548721244559, 0.00766167510301, 0.00288659078069, 0.00748092122376, 0.00198275735602, 0.000782901013736, 0.00159915734548, 0.00208783755079, 0.000950105895754, 0.0027335351333, 9.83111263508e-08],
        "mean": [0.000144444871694, 0.00436115358025, 0.000484981224872, 0.000371726753656, 0.000551978650037, 0.00183262058999, 0.00357811409049, 0.00255940062925, 0.00382984103635, 0.00359006086364, 0.000388002139516, 0.000337939534802, 0.000350214540958, 0.000454784923932, 0.000306042871671, 0.000287065544399, 0.000293059361866, 0.000174658067408, 0.000121468823636, 0.000109057764348, 3.88513471989e-05, 2.60075012193e-05, 4.18482159148e-05, 5.94371522311e-05, 3.79538432753e-05, 6.34871103102e-05, 9.79863634676e-10],
        "median": [3.45702428604e-05, 5.59868240089e-05, 5.04484560224e-05, 7.15807836968e-05, 0.000176940156962, 0.000686910236254, 0.00162762147374, 0.000485587515868, 0.000315237994073, 0.000143016790389, 7.3927178164e-05, 9.32924958761e-05, 0.000176827423275, 0.000185765660717, 0.000139839714393, 7.82899078331e-05, 5.58460960747e-05, 4.81194620079e-05, 5.10054887854e-05, 3.21958686982e-05, 1.12074149001e-05, 6.78459582559e-06, 2.75640172731e-06, 2.38755615101e-06, 1.20820880056e-06, 4.14491751144e-07, 2.68222138944e-10],
        "min": [2.20403421736e-06, 2.24938414561e-08, 5.11207343123e-09, 6.27533314201e-09, 1.76582570788e-08, 3.59492503321e-07, 1.88741225315e-07, 6.60343815184e-08, 3.40393526699e-08, 2.56048036107e-08, 1.485297485e-08, 1.29565407292e-08, 4.55797799503e-09, 9.45288647358e-09, 9.88449055939e-09, 1.21836425393e-08, 1.65277000974e-08, 1.35552875591e-08, 1.54457264756e-08, 1.3264779497e-08, 7.73651809283e-09, 3.26328675193e-09, 5.63715518709e-10, 3.12988718276e-10, 9.99982822242e-12, 1.24354077383e-11, 1.19779186569e-11],
        "var": [6.22004421302e-08, 7.74742147769e-05, 2.00695649255e-06, 4.57453324998e-07, 1.70706437075e-06, 8.53752953844e-06, 3.40936421708e-05, 3.83960650652e-05, 8.5316496552e-05, 0.000187031720998, 4.98725148645e-06, 1.0470654388e-06, 3.89626819697e-07, 8.7885598532e-07, 2.47350158133e-07, 5.74917180529e-07, 4.37770864892e-07, 2.66320370201e-07, 6.47053113312e-08, 1.59866218041e-07, 1.49389478565e-08, 3.3707034941e-09, 2.05669028475e-08, 3.48888278268e-08, 1.1504762476e-08, 6.4032953162e-08, 1.38953703589e-17]
    },
    "erbbands": {
        "dmean": [0.0527424290776, 0.556763827801, 0.747902810574, 0.579790532589, 0.766081273556, 1.3594827652, 3.96495890617, 10.5559024811, 18.7640399933, 47.4352226257, 40.1981925964, 56.63073349, 68.6877746582, 37.1379966736, 11.387793541, 10.1879796982, 9.46673583984, 11.4915771484, 12.5804138184, 12.4076948166, 11.5984659195, 12.5741415024, 8.34364891052, 5.84755277634, 4.50357675552, 4.33086252213, 1.59570121765, 0.944686353207, 0.633155286312, 0.984841942787, 1.29343211651, 1.73685455322, 0.75288182497, 0.321979761124, 0.318169534206, 0.139763042331, 0.278734922409, 0.0104730930179, 0.000216853062739, 2.14405681618e-05],
        "dmean2": [0.0846916288137, 0.933563947678, 1.26334762573, 0.969919741154, 1.29372167587, 2.04582190514, 5.82606601715, 16.888420105, 29.2618026733, 74.3332290649, 59.8665504456, 76.6213226318, 91.8992462158, 46.4305992126, 16.11211586, 14.8321962357, 13.5018987656, 16.7723789215, 19.5869884491, 18.8038578033, 17.8426780701, 19.7334423065, 13.0107688904, 9.27789402008, 7.14084720612, 7.02787303925, 2.43666911125, 1.47163462639, 1.00532102585, 1.55216777325, 2.1001791954, 2.77726078033, 1.18030309677, 0.490944623947, 0.522535204887, 0.230529308319, 0.478188037872, 0.0177221093327, 0.000365704996511, 3.39433318004e-05],
        "dvar": [0.0286775212735, 3.6759083271, 5.79668807983, 1.6733341217, 5.85908555984, 18.1576786041, 77.3708496094, 544.212768555, 1632.98388672, 16319.9921875, 12660.7861328, 20587.4121094, 43004.3945312, 38733.6640625, 3606.9140625, 1169.47277832, 405.462127686, 716.759277344, 1490.51611328, 521.151733398, 1062.89013672, 869.309509277, 572.340148926, 281.668304443, 164.414428711, 265.793914795, 25.6034584045, 6.49882411957, 1.93260884285, 7.87841558456, 16.2760925293, 30.8700027466, 4.83151292801, 0.721479833126, 0.829829275608, 0.215267777443, 1.05178236961, 0.00142628897447, 5.90968568304e-07, 1.87455717615e-09],
        "dvar2": [0.0682611763477, 9.18171405792, 14.7948627472, 4.2170124054, 15.804769516, 37.1799850464, 145.19367981, 1363.38293457, 3704.38232422, 44853.4140625, 30045.921875, 38239.3203125, 69529.9375, 42570.765625, 6739.81347656, 2540.75170898, 690.298706055, 1496.1427002, 3916.2253418, 1129.07141113, 2209.20654297, 2064.19433594, 1295.96105957, 670.796569824, 423.841949463, 582.518920898, 49.6888771057, 13.2948875427, 4.29800748825, 18.3316345215, 41.1055221558, 78.2634124756, 11.7837200165, 1.58312237263, 2.09751605988, 0.516151726246, 2.69449687004, 0.00360491103493, 1.49487277668e-06, 4.55822979362e-09],
        "max": [2.3584587574, 19.6979541779, 26.1000385284, 13.1985168457, 47.7528686523, 83.6891784668, 120.555000305, 314.232696533, 498.421600342, 1709.39428711, 1658.8157959, 2174.83496094, 5244.88525391, 7087.75927734, 1917.86669922, 803.254699707, 306.167236328, 421.255645752, 658.429443359, 319.937866211, 631.911254883, 275.623443604, 342.659820557, 275.265655518, 272.450195312, 358.907684326, 103.88697052, 54.3588027954, 24.8183422089, 35.7343978882, 36.2241821289, 49.2217445374, 25.7527141571, 8.07320594788, 8.26255321503, 3.91853189468, 10.1983919144, 0.37008407712, 0.00756663037464, 0.000437488954049],
        "mean": [0.129630073905, 0.936944246292, 0.874748110771, 0.897395908833, 1.21977043152, 2.2249341011, 6.41104888916, 17.0988941193, 30.8333129883, 74.8028106689, 60.4885673523, 89.7791290283, 116.612205505, 64.1206817627, 14.6281452179, 15.9137029648, 18.3428955078, 19.2666664124, 17.1095161438, 19.792804718, 15.6563568115, 16.195514679, 9.94508171082, 7.24903488159, 6.04135465622, 5.36888360977, 2.15951228142, 1.23878848553, 0.792855381966, 0.981271028519, 1.13573610783, 1.59441387653, 0.706274449825, 0.34330484271, 0.336503595114, 0.117194801569, 0.228559881449, 0.00865772366524, 0.000189928061445, 3.80094061256e-05],
        "median": [0.00108919967897, 0.0151845179498, 0.0712560936809, 0.17018713057, 0.374554395676, 0.595119774342, 2.28777074814, 6.72911834717, 11.0245571136, 35.5750999451, 10.1902389526, 9.970079422, 8.90856361389, 4.31661844254, 4.01786565781, 5.53028392792, 9.93330574036, 8.96792984009, 6.71476268768, 9.21625041962, 4.14562702179, 3.09285497665, 2.81690573692, 2.60175347328, 2.37962412834, 1.67235982418, 0.648620486259, 0.385624796152, 0.242150202394, 0.14014492929, 0.076463162899, 0.0612275712192, 0.0298738945276, 0.0127374595031, 0.00862961169332, 0.00255368021317, 0.000600002356805, 2.82119253825e-05, 1.69169834408e-05, 2.54933529504e-05],
        "min": [3.08074850182e-05, 7.600470326e-06, 1.4019664377e-05, 3.08549570036e-05, 5.19865934621e-05, 0.000217209453695, 0.00211489293724, 0.00557241914794, 0.00332612870261, 0.00337701383978, 0.00125438650139, 0.00190700136591, 0.00186347041745, 0.000788279343396, 0.000661257712636, 0.000561014690902, 0.000369161833078, 0.00048786069965, 0.000411011395045, 0.000649517634884, 0.00078422849765, 0.000870577408932, 0.000943832448684, 0.000966339255683, 0.000691336521413, 0.000577150145546, 0.000325332977809, 0.000314097851515, 0.000306867266772, 0.000205371747143, 0.000137811774039, 6.72427049722e-05, 1.49987854456e-05, 2.7075491289e-06, 1.63764764238e-06, 2.42715998411e-07, 4.46799219844e-08, 1.21976730938e-08, 1.38257902904e-08, 2.69037609968e-08],
        "var": [0.0615459010005, 4.10622549057, 5.09054946899, 2.6696190834, 7.6187748909, 39.8837585449, 155.623428345, 815.928466797, 3371.16821289, 16302.3837891, 22476.9550781, 49971.6992188, 133478.5, 148768.09375, 5044.72265625, 1571.34313965, 906.21472168, 1112.20654297, 1358.45776367, 974.893188477, 1524.22363281, 1295.21057129, 649.946960449, 322.239440918, 241.049224854, 372.84197998, 46.860370636, 11.5240840912, 2.78909373283, 7.98098134995, 14.0247755051, 28.2426433563, 4.80147171021, 0.940532982349, 0.961331963539, 0.191538453102, 0.867495834827, 0.00120562093798, 5.01386239193e-07, 2.24878693444e-09]
    },
    "gfcc": {
        "mean": [-68.5198822021, 109.438598633, -146.71937561, 3.94991135597, -66.0063934326, -6.22432518005, -37.5399856567, 11.2343912125, -10.7948913574, 10.6579198837, -3.80399799347, -4.57949304581, -6.95007610321],
        "cov": [[7200.98925781, -1227.51171875, 896.494689941, 19.3921775818, 345.567260742, 981.765869141, -234.939682007, 686.563415527, 128.061340332, 355.621337891, -401.332519531, -30.0015716553, -604.68560791], [-1227.51171875, 2358.66381836, -183.955337524, 508.59854126, 576.175476074, -85.0507507324, 592.839050293, -389.40411377, 204.194564819, -332.370056152, 258.622955322, -327.058380127, 259.221374512], [896.494689941, -183.955337524, 1404.20446777, 406.068511963, 196.354553223, 687.110107422, -55.9588737488, 210.219650269, -37.7932815552, 173.646774292, -14.3975877762, 9.36777687073, -267.820922852], [19.3921775818, 508.59854126, 406.068511963, 950.520385742, 393.913787842, 282.549621582, 219.93572998, 29.2497844696, 91.1786880493, 54.1452941895, 122.215263367, -60.0314979553, -14.3385601044], [345.567260742, 576.175476074, 196.354553223, 393.913787842, 570.681945801, 236.252532959, 162.276672363, 56.3608970642, 136.462036133, 74.1463394165, 58.614616394, -42.8183784485, -22.3028049469], [981.765869141, -85.0507507324, 687.110107422, 282.549621582, 236.252532959, 722.425231934, 89.6017074585, 138.882369995, 25.3052501678, 97.0743789673, -17.268611908, -7.6545085907, -145.115997314], [-234.939682007, 592.839050293, -55.9588737488, 219.93572998, 162.276672363, 89.6017074585, 443.259033203, -22.39311409, 77.2638626099, -132.690658569, 33.9738540649, -72.8701324463, 108.379318237], [686.563415527, -389.40411377, 210.219650269, 29.2497844696, 56.3608970642, 138.882369995, -22.39311409, 325.771636963, 56.4211845398, 78.7562026978, -112.151947021, 20.8984165192, -83.62890625], [128.061340332, 204.194564819, -37.7932815552, 91.1786880493, 136.462036133, 25.3052501678, 77.2638626099, 56.4211845398, 221.625488281, 35.2865867615, 16.9692935944, -49.3512115479, -8.85670471191], [355.621337891, -332.370056152, 173.646774292, 54.1452941895, 74.1463394165, 97.0743789673, -132.690658569, 78.7562026978, 35.2865867615, 336.91885376, 59.1244621277, 61.6104927063, -109.990783691], [-401.332519531, 258.622955322, -14.3975877762, 122.215263367, 58.614616394, -17.268611908, 33.9738540649, -112.151947021, 16.9692935944, 59.1244621277, 224.422988892, 16.537694931, 30.0020828247], [-30.0015716553, -327.058380127, 9.36777687073, -60.0314979553, -42.8183784485, -7.6545085907, -72.8701324463, 20.8984165192, -49.3512115479, 61.6104927063, 16.537694931, 198.066818237, 47.9314613342], [-604.68560791, 259.221374512, -267.820922852, -14.3385601044, -22.3028049469, -145.115997314, 108.379318237, -83.62890625, -8.85670471191, -109.990783691, 30.0020828247, 47.9314613342, 274.46472168]],
        "icov": [[0.000240332272369, 2.3913131372e-05, 9.2872971436e-05, 4.27661907452e-05, -0.000112744761282, -0.000287933071377, 7.94139123172e-05, -0.00022179496591, -2.83286590275e-05, -4.07088227803e-05, 0.000241842601099, 1.60969466378e-05, 0.000292947865091], [2.3913131372e-05, 0.00311032892205, -0.000963325845078, 0.000327663321514, -0.00295743811876, 0.00124169199262, -0.00162457581609, 0.00259552663192, -0.000998633331619, 0.00172574399039, -0.00178371090442, 0.00360453920439, -0.00173438386992], [9.2872971436e-05, -0.000963325845078, 0.00206598895602, -0.000586650974583, 0.00101796572562, -0.0018395029474, 0.000936434313189, -0.00138703023549, 0.000869497540407, -0.000511034042574, 0.000456728448626, -0.00121432356536, 0.00140289997216], [4.27661907452e-05, 0.000327663321514, -0.000586650974583, 0.00189317017794, -0.00120482931379, 0.000145843441715, -0.000679898716044, 0.000142941527884, -7.54700886318e-05, 9.64221835602e-05, -0.000891660223715, 0.000750244769733, -0.000394902075641], [-0.000112744761282, -0.00295743811876, 0.00101796572562, -0.00120482931379, 0.00590392760932, -0.00170608027838, 0.0010666801827, -0.00241430453025, -0.00020071308245, -0.00211105891503, 0.00150813709479, -0.00332890287973, 0.00146005337592], [-0.000287933071377, 0.00124169199262, -0.0018395029474, 0.000145843441715, -0.00170608027838, 0.00397174200043, -0.00166978465859, 0.00125704018865, -0.00029224154423, 0.000494918553159, -0.000631771108601, 0.001129919081, -0.000530109740794], [7.94139123172e-05, -0.00162457581609, 0.000936434313189, -0.000679898716044, 0.0010666801827, -0.00166978465859, 0.00487034860998, -0.0017848162679, -0.000152272143168, 0.000521009846125, 0.000397749216063, -0.000922200386412, -0.00035417987965], [-0.00022179496591, 0.00259552663192, -0.00138703023549, 0.000142941527884, -0.00241430453025, 0.00125704018865, -0.0017848162679, 0.00760859856382, -0.00233565410599, 0.000470566592412, 0.00131406448781, 0.00186895881779, -0.00115128222387], [-2.83286590275e-05, -0.000998633331619, 0.000869497540407, -7.54700886318e-05, -0.00020071308245, -0.00029224154423, -0.000152272143168, -0.00233565410599, 0.0067768972367, -0.00136336428113, -0.000170934887137, 0.000419369258452, 0.000520668516401], [-4.07088227803e-05, 0.00172574399039, -0.000511034042574, 9.64221835602e-05, -0.00211105891503, 0.000494918553159, 0.000521009846125, 0.000470566592412, -0.00136336428113, 0.00610649259761, -0.00300507969223, 0.000502434675582, 0.000458473223262], [0.000241842601099, -0.00178371090442, 0.000456728448626, -0.000891660223715, 0.00150813709479, -0.000631771108601, 0.000397749216063, 0.00131406448781, -0.000170934887137, -0.00300507969223, 0.00849807262421, -0.00295696570538, 0.00102606788278], [1.60969466378e-05, 0.00360453920439, -0.00121432356536, 0.000750244769733, -0.00332890287973, 0.001129919081, -0.000922200386412, 0.00186895881779, 0.000419369258452, 0.000502434675582, -0.00295696570538, 0.0114101693034, -0.00470860349014], [0.000292947865091, -0.00173438386992, 0.00140289997216, -0.000394902075641, 0.00146005337592, -0.000530109740794, -0.00035417987965, -0.00115128222387, 0.000520668516401, 0.000458473223262, 0.00102606788278, -0.00470860349014, 0.00781332049519]]
    },
    "melbands": {
        "dmean": [0.000576916034333, 0.000512281840201, 0.0001022167271, 6.95066046319e-05, 0.000120495111332, 0.000243467162363, 0.000323985965224, 0.000488328107167, 0.000341932842275, 0.000359039491741, 0.000352803966962, 0.000171902618604, 4.43168864876e-05, 2.42703663389e-05, 2.69374668278e-05, 1.9737481125e-05, 2.34417893807e-05, 2.46002637141e-05, 1.44801715578e-05, 1.82810726983e-05, 1.38852019518e-05, 1.5343332052e-05, 8.58736075315e-06, 7.78150570113e-06, 4.66928258902e-06, 3.61894217349e-06, 3.53335144609e-06, 2.80650306195e-06, 1.03453282918e-06, 8.73513158695e-07, 4.65687833184e-07, 3.45042423078e-07, 4.99881878113e-07, 5.45627528936e-07, 5.53607264919e-07, 1.245244448e-06, 1.13385442546e-06, 7.33339959424e-07, 1.70054576643e-07, 3.2617512602e-07],
        "dmean2": [0.000950247049332, 0.000843935122248, 0.000170063067344, 0.000110169181426, 0.000175375287654, 0.000383178237826, 0.000504987838212, 0.000761570467148, 0.000511409481987, 0.000487081531901, 0.00047122646356, 0.000218770175707, 6.36530894553e-05, 3.69232075172e-05, 3.84864833904e-05, 2.86448212137e-05, 3.48028443113e-05, 3.96280665882e-05, 2.19329212996e-05, 2.88420633296e-05, 2.16966654989e-05, 2.43192916969e-05, 1.39333906191e-05, 1.23407744468e-05, 7.60795319366e-06, 5.69120311411e-06, 5.80885534873e-06, 4.51399773738e-06, 1.57049555582e-06, 1.36949279295e-06, 7.30292242679e-07, 5.46322041828e-07, 7.92403454852e-07, 8.70597261837e-07, 8.81326400304e-07, 2.18058289647e-06, 1.75368370492e-06, 1.1491922578e-06, 2.99618307054e-07, 4.87223701384e-07],
        "dvar": [3.67500547327e-06, 2.80333347291e-06, 5.06292998637e-08, 5.07498150171e-08, 6.38083221816e-08, 2.59392379576e-07, 4.77571006741e-07, 1.62011940574e-06, 8.63856485012e-07, 8.0958432136e-07, 1.11501117317e-06, 7.56334145535e-07, 6.29062597568e-08, 1.42466021202e-08, 5.34352873061e-09, 1.63453095503e-09, 3.75968634003e-09, 6.82823930731e-09, 6.25704432711e-10, 3.00622238214e-09, 1.43802125763e-09, 1.40165978824e-09, 4.93769580778e-10, 7.90568166487e-10, 1.80342976663e-10, 7.34089178334e-11, 2.15111969903e-10, 1.07722247789e-10, 9.33883612803e-12, 9.93534421401e-12, 1.10749365408e-12, 5.3294700467e-13, 1.96910825319e-12, 2.62160562356e-12, 2.64595181702e-12, 2.00476146101e-11, 1.27511144005e-11, 5.18526584517e-12, 1.57802332941e-13, 8.5980690883e-13],
        "dvar2": [8.99586757441e-06, 6.78310289004e-06, 1.2499992863e-07, 1.18045640818e-07, 1.23574949384e-07, 6.2599821149e-07, 1.16621993129e-06, 4.38549250248e-06, 1.9455110305e-06, 1.46881689034e-06, 1.820263833e-06, 8.77942795796e-07, 1.0673961981e-07, 3.28217986123e-08, 1.01632400273e-08, 3.04196001721e-09, 8.1476274616e-09, 1.80873502842e-08, 1.29615818079e-09, 7.25049753569e-09, 2.95536173311e-09, 3.33922001161e-09, 1.19607157512e-09, 1.73918746071e-09, 4.54091902968e-10, 1.73238617895e-10, 5.3438253822e-10, 2.31776972615e-10, 2.0060977185e-11, 2.00625072111e-11, 2.36754387796e-12, 1.1781631443e-12, 4.46189135986e-12, 6.33473135059e-12, 6.25203187832e-12, 5.48763152974e-11, 3.09939886256e-11, 1.28163061761e-11, 4.06093832606e-13, 1.88994696629e-12],
        "max": [0.0237192157656, 0.0187063850462, 0.00312561471947, 0.0042772446759, 0.00317155313678, 0.00681415013969, 0.00664790580049, 0.0165278837085, 0.0132416384295, 0.0140918195248, 0.0261671375483, 0.0292544737458, 0.00799881108105, 0.00355630065314, 0.00140572781675, 0.000559740466997, 0.0010629411554, 0.00136988610029, 0.000388558139093, 0.00122877734248, 0.00050398131134, 0.000386810017517, 0.000320161081618, 0.0005928366445, 0.000221764072194, 0.000117458293971, 0.000358292891178, 0.00019544060342, 5.31298137503e-05, 6.63422688376e-05, 2.36512914853e-05, 1.18032039609e-05, 2.18978657358e-05, 2.27258915402e-05, 1.57127997227e-05, 4.53941502201e-05, 3.8888247218e-05, 2.80492167803e-05, 3.93438904212e-06, 8.17542513687e-06],
        "mean": [0.00121201167349, 0.000756053370424, 0.000167963997228, 0.000114458169264, 0.000201148315682, 0.000394967297325, 0.000533498416189, 0.000764126772992, 0.000488835270517, 0.000573284225538, 0.000589747272898, 0.000288199516945, 5.25544201082e-05, 3.25354230881e-05, 4.74557054986e-05, 3.44827858498e-05, 3.66346503142e-05, 3.06546025968e-05, 2.20814054046e-05, 2.50921802945e-05, 1.7563414076e-05, 1.8717144485e-05, 1.0016278793e-05, 8.4223529484e-06, 5.49073001821e-06, 4.72908368465e-06, 4.21668801209e-06, 3.33940261044e-06, 1.32088257487e-06, 1.07977189145e-06, 5.88331772633e-07, 4.33286942325e-07, 5.11208213538e-07, 5.18626677604e-07, 5.18043748343e-07, 9.64823129834e-07, 1.11103292966e-06, 6.94633683906e-07, 1.24014093217e-07, 3.44570253219e-07],
        "median": [1.47482678585e-05, 2.91509259114e-05, 3.87348227378e-05, 3.98484189645e-05, 7.56349763833e-05, 0.000153284461703, 0.000228749006055, 0.00033044826705, 4.4728636567e-05, 4.7170160542e-05, 3.77283868147e-05, 1.33231733344e-05, 1.14250342449e-05, 1.06222942122e-05, 1.94049207494e-05, 1.85209610208e-05, 1.51356889546e-05, 9.16728367883e-06, 1.00132692751e-05, 9.20301590668e-06, 3.45953822034e-06, 3.06707374875e-06, 2.79411165138e-06, 2.2039976102e-06, 1.8052616042e-06, 1.90628998098e-06, 1.20576294194e-06, 9.34757281357e-07, 3.82096203566e-07, 2.86020707563e-07, 1.96413552089e-07, 1.39727163173e-07, 9.29091825697e-08, 6.30469259022e-08, 3.92917343106e-08, 2.87254611209e-08, 3.63036782858e-08, 2.46377549473e-08, 8.89567086659e-09, 9.6634158453e-09],
