{
"highlevel": {
    "danceability": {
        "all": {
            "danceable": 0.466043382883,
            "not_danceable": 0.533956646919
        },
        "probability": 0.533956646919,
        "value": "not_danceable"
    },
    "gender": {
        "all": {
            "female": 0.171329259872,
            "male": 0.828670740128
        },
        "probability": 0.828670740128,
        "value": "male"
    },
    "genre_dortmund": {
        "all": {
            "alternative": 0.122357323766,
            "blues": 0.014939526096,
            "electronic": 0.05810142681,
            "folkcountry": 0.0802342444658,
            "funksoulrnb": 0.00678308773786,
            "jazz": 0.0395122505724,
            "pop": 0.0932488441467,
            "raphiphop": 0.0105619458482,
            "rock": 0.574261367321
        },
        "probability": 0.574261367321,
        "value": "rock"
    },
    "genre_electronic": {
        "all": {
            "ambient": 0.220206826925,
            "dnb": 0.159005790949,
            "house": 0.157946139574,
            "techno": 0.0359044671059,
            "trance": 0.426936775446
        },
        "probability": 0.426936775446,
        "value": "trance"
    },
    "genre_rosamerica": {
        "all": {
            "cla": 0.00195196410641,
            "dan": 0.0997077524662,
            "hip": 0.00606606435031,
            "jaz": 0.00195662421174,
            "pop": 0.0976531207561,
            "rhy": 0.00851049181074,
            "roc": 0.782832562923,
            "spe": 0.00132144009694
        },
        "probability": 0.782832562923,
        "value": "roc"
    },
    "genre_tzanetakis": {
        "all": {
            "blu": 0.0626613423228,
            "cla": 0.0348169617355,
            "cou": 0.104475811124,
            "dis": 0.0784321576357,
            "hip": 0.15692435205,
            "jaz": 0.313974827528,
            "met": 0.0448166541755,
            "pop": 0.0627359300852,
            "reg": 0.0627360641956,
            "roc": 0.0784258767962
        },
        "probability": 0.313974827528,
        "value": "jaz"
    },
    "ismir04_rhythm": {
        "all": {
            "ChaChaCha": 0.369972646236,
            "Jive": 0.42163220048,
            "Quickstep": 0.0498541817069,
            "Rumba-American": 0.00471597490832,
            "Rumba-International": 0.00486129429191,
            "Rumba-Misc": 0.00396117148921,
            "Samba": 0.11096111685,
            "Tango": 0.0060474560596,
            "VienneseWaltz": 0.0256688557565,
            "Waltz": 0.00232510641217
        },
        "probability": 0.42163220048,
        "value": "Jive"
    },
    "mood_acoustic": {
        "all": {
            "acoustic": 0.0160870905966,
            "not_acoustic": 0.983912885189
        },
        "probability": 0.983912885189,
        "value": "not_acoustic"
    },
    "mood_aggressive": {
        "all": {
            "aggressive": 0.909347295761,
            "not_aggressive": 0.0906527265906
        },
        "probability": 0.909347295761,
        "value": "aggressive"
    },
    "mood_electronic": {
        "all": {
            "electronic": 0.421027749777,
            "not_electronic": 0.578972280025
        },
        "probability": 0.578972280025,
        "value": "not_electronic"
    },
    "mood_happy": {
        "all": {
            "happy": 0.480314105749,
            "not_happy": 0.519685924053
        },
        "probability": 0.519685924053,
        "value": "not_happy"
    },
    "mood_party": {
        "all": {
            "not_party": 0.303964823484,
            "party": 0.696035146713
        },
        "probability": 0.696035146713,
        "value": "party"
    },
    "mood_relaxed": {
        "all": {
            "not_relaxed": 0.867084383965,
            "relaxed": 0.132915630937
        },
        "probability": 0.867084383965,
        "value": "not_relaxed"
    },
    "mood_sad": {
        "all": {
            "not_sad": 0.933635234833,
            "sad": 0.0663647502661
        },
        "probability": 0.933635234833,
        "value": "not_sad"
    },
    "moods_mirex": {
        "all": {
            "Cluster1": 0.556167066097,
            "Cluster2": 0.164961308241,
            "Cluster3": 0.0385881774127,
            "Cluster4": 0.0670513883233,
            "Cluster5": 0.173232093453
        },
        "probability": 0.556167066097,
        "value": "Cluster1"
    },
    "timbre": {
        "all": {
            "bright": 0.968011438847,
            "dark": 0.0319885760546
        },
        "probability": 0.968011438847,
        "value": "bright"
    },
    "tonal_atonal": {
        "all": {
            "atonal": 0.00157726102043,
            "tonal": 0.99842274189
        },
        "probability": 0.99842274189,
        "value": "tonal"
    },
    "voice_instrumental": {
        "all": {
            "instrumental": 0.000713887333404,
            "voice": 0.99928611517
        },
        "probability": 0.99928611517,
        "value": "voice"
    }
},
"lowlevel": {
    "average_loudness": 0.96867197752,
    "barkbands_crest": {
        "dmean": 2.9473388195,
        "dmean2": 4.63477754593,
        "dvar": 7.70446681976,
        "dvar2": 17.6811981201,
        "max": 24.1219863892,
        "mean": 9.40926933289,
        "median": 8.42103099823,
        "min": 2.51462674141,
        "var": 18.6889476776
    },
    "barkbands_flatness_db": {
        "dmean": 0.0232717320323,
        "dmean2": 0.0346702225506,
        "dvar": 0.000438358722022,
        "dvar2": 0.000800272275228,
        "max": 0.26442605257,
        "mean": 0.114655651152,
        "median": 0.110342822969,
        "min": 0.0337783768773,
        "var": 0.00176295475103
    },
    "barkbands_kurtosis": {
        "dmean": 2.11032581329,
        "dmean2": 3.30961370468,
        "dvar": 10.674536705,
        "dvar2": 22.9542884827,
        "max": 31.1727409363,
        "mean": 2.28320336342,
        "median": 1.14600944519,
        "min": -1.68668019772,
        "var": 17.1654186249
    },
    "barkbands_skewness": {
        "dmean": 0.488770663738,
        "dmean2": 0.749585211277,
        "dvar": 0.281310230494,
        "dvar2": 0.530889153481,
        "max": 5.37258005142,
        "mean": 1.34758245945,
        "median": 1.21193373203,
        "min": -2.06928300858,
        "var": 0.745247840881
    },
    "barkbands_spread": {
        "dmean": 7.33598423004,
        "dmean2": 10.5647039413,
        "dvar": 51.165309906,
        "dvar2": 100.075210571,
        "max": 77.4805145264,
        "mean": 28.5457897186,
        "median": 26.3706073761,
        "min": 4.37316274643,
        "var": 197.86907959
    },
    "dissonance": {
        "dmean": 0.0171024054289,
        "dmean2": 0.0285858437419,
        "dvar": 0.000272043340374,
        "dvar2": 0.000712685519829,
        "max": 0.499999970198,
        "mean": 0.469709903002,
        "median": 0.476662486792,
        "min": 0.321928411722,
        "var": 0.00063285959186
    },
    "dynamic_complexity": 1.41606593132,
    "erbbands_crest": {
        "dmean": 2.48080635071,
        "dmean2": 4.06862831116,
        "dvar": 5.55627155304,
        "dvar2": 13.8345079422,
        "max": 31.5138168335,
        "mean": 7.57120990753,
        "median": 6.34801197052,
        "min": 2.45418024063,
        "var": 19.8170852661
    },
    "erbbands_flatness_db": {
        "dmean": 0.0179438069463,
        "dmean2": 0.0252148360014,
        "dvar": 0.000241870482569,
        "dvar2": 0.000469363905722,
        "max": 0.286945819855,
        "mean": 0.132287606597,
        "median": 0.126272052526,
        "min": 0.0582493916154,
        "var": 0.00130229396746
    },
    "erbbands_kurtosis": {
        "dmean": 0.781493902206,
        "dmean2": 1.25950169563,
        "dvar": 3.2713804245,
        "dvar2": 8.06895923615,
        "max": 31.8414115906,
        "mean": 0.150575056672,
        "median": -0.574262142181,
        "min": -1.52573812008,
        "var": 6.68091917038
    },
    "erbbands_skewness": {
        "dmean": 0.325414866209,
        "dmean2": 0.522834062576,
        "dvar": 0.0919584929943,
        "dvar2": 0.220184803009,
        "max": 3.66699838638,
        "mean": 0.290550112724,
        "median": 0.190201818943,
        "min": -3.91326260567,
        "var": 0.43301743269
    },
    "erbbands_spread": {
        "dmean": 8.93933105469,
        "dmean2": 13.3444356918,
        "dvar": 64.5195159912,
        "dvar2": 135.545593262,
        "max": 94.4098892212,
        "mean": 43.905670166,
        "median": 44.2467689514,
        "min": 3.71786761284,
        "var": 234.039291382
    },
    "hfc": {
        "dmean": 11.3239841461,
        "dmean2": 16.7833747864,
        "dvar": 201.192199707,
        "dvar2": 414.61541748,
        "max": 191.649246216,
        "mean": 32.4119148254,
        "median": 25.165391922,
        "min": 0.775413274765,
        "var": 550.43157959
    },
    "melbands_crest": {
        "dmean": 3.45934486389,
        "dmean2": 5.64040851593,
        "dvar": 9.0763759613,
        "dvar2": 24.3867511749,
        "max": 27.6248664856,
        "mean": 13.4995059967,
        "median": 12.9961242676,
        "min": 4.30370998383,
        "var": 19.2782211304
    },
    "melbands_flatness_db": {
        "dmean": 0.029036546126,
        "dmean2": 0.0419216714799,
        "dvar": 0.000728971615899,
        "dvar2": 0.00135471019894,
        "max": 0.318376600742,
        "mean": 0.164238408208,
        "median": 0.156835883856,
        "min": 0.0361137911677,
        "var": 0.00271138641983
    },
    "melbands_kurtosis": {
        "dmean": 6.55272817612,
        "dmean2": 10.2963666916,
        "dvar": 145.542953491,
        "dvar2": 325.069396973,
        "max": 116.527130127,
        "mean": 10.6516714096,
        "median": 6.72798728943,
        "min": -1.74674487114,
        "var": 191.257904053
    },
    "melbands_skewness": {
        "dmean": 0.738772392273,
        "dmean2": 1.11930680275,
        "dvar": 0.80236184597,
        "dvar2": 1.62098693848,
        "max": 9.32345485687,
        "mean": 2.5113697052,
        "median": 2.29658555984,
        "min": -0.598676025867,
        "var": 1.90360426903
    },
    "melbands_spread": {
        "dmean": 8.35386180878,
        "dmean2": 12.5949583054,
        "dvar": 105.611724854,
        "dvar2": 207.815551758,
        "max": 244.09262085,
        "mean": 27.5807323456,
        "median": 23.9540786743,
        "min": 3.44597101212,
        "var": 398.540863037
    },
    "pitch_salience": {
        "dmean": 0.0826811119914,
        "dmean2": 0.133106052876,
        "dvar": 0.00650038570166,
        "dvar2": 0.0145006058738,
        "max": 0.815790593624,
        "mean": 0.544897258282,
        "median": 0.551499545574,
        "min": 0.1554838866,
        "var": 0.0135384686291
    },
    "silence_rate_20dB": {
        "dmean": 0,
        "dmean2": 0,
        "dvar": 0,
        "dvar2": 0,
        "max": 1,
        "mean": 1,
        "median": 1,
        "min": 1,
        "var": 0
    },
    "silence_rate_30dB": {
        "dmean": 0.030959751457,
        "dmean2": 0.0619674660265,
        "dvar": 0.0300012100488,
        "dvar2": 0.0875612124801,
        "max": 1,
        "mean": 0.983758687973,
        "median": 1,
        "min": 0,
        "var": 0.0159774571657
    },
    "silence_rate_60dB": {
        "dmean": 0.00154798757285,
        "dmean2": 0.00309837330133,
        "dvar": 0.00154557975475,
        "dvar2": 0.00463790027425,
        "max": 1,
        "mean": 0.00077339517884,
        "median": 0,
        "min": 0,
        "var": 0.000772795116063
    },
    "spectral_centroid": {
        "dmean": 292.776153564,
        "dmean2": 450.808227539,
        "dvar": 78657.0859375,
        "dvar2": 163619.984375,
        "max": 4632.57421875,
        "mean": 1581.51855469,
        "median": 1509.62353516,
        "min": 409.584259033,
        "var": 323883.34375
    },
    "spectral_complexity": {
        "dmean": 5.33204317093,
        "dmean2": 7.94267988205,
        "dvar": 26.4876403809,
        "dvar2": 49.9966087341,
        "max": 64,
        "mean": 29.7819023132,
        "median": 28,
        "min": 4,
        "var": 152.880432129
    },
    "spectral_decrease": {
        "dmean": 3.28146954054e-09,
        "dmean2": 5.15353981712e-09,
        "dvar": 1.89025361434e-17,
        "dvar2": 3.85896497892e-17,
        "max": -6.76020128765e-10,
        "mean": -9.36562383202e-09,
        "median": -8.13865685956e-09,
        "min": -3.74479576237e-08,
        "var": 3.68251808984e-17
    },
    "spectral_energy": {
        "dmean": 0.0129963662475,
        "dmean2": 0.0203290991485,
        "dvar": 0.000282022781903,
        "dvar2": 0.000578592123929,
        "max": 0.144867554307,
        "mean": 0.0382878743112,
        "median": 0.0334653519094,
        "min": 0.00289935129695,
        "var": 0.000559927197173
    },
    "spectral_energyband_high": {
        "dmean": 0.0010366870556,
        "dmean2": 0.00145802577026,
        "dvar": 2.1293710688e-06,
        "dvar2": 4.16147713622e-06,
        "max": 0.0228311400861,
        "mean": 0.00213680160232,
        "median": 0.00116721447557,
        "min": 5.3175258472e-06,
        "var": 6.67830909151e-06
    },
    "spectral_energyband_low": {
        "dmean": 0.00905960518867,
        "dmean2": 0.0140118207783,
        "dvar": 0.000269987940555,
        "dvar2": 0.00056445482187,
        "max": 0.131548091769,
        "mean": 0.0171636808664,
        "median": 0.0117154661566,
        "min": 6.48268251098e-05,
        "var": 0.000440816220362
    },
    "spectral_energyband_middle_high": {
        "dmean": 0.00237717083655,
        "dmean2": 0.00392317399383,
        "dvar": 9.21998434933e-06,
        "dvar2": 2.36376545217e-05,
        "max": 0.0372418500483,
        "mean": 0.00668813334778,
        "median": 0.00570676242933,
        "min": 0.000101072728285,
        "var": 1.65999463206e-05
    },
    "spectral_energyband_middle_low": {
        "dmean": 0.00731689482927,
        "dmean2": 0.0125501248986,
        "dvar": 9.78566895355e-05,
        "dvar2": 0.000266477814876,
        "max": 0.0841420441866,
        "mean": 0.0138635644689,
        "median": 0.0116360960528,
        "min": 0.00105577835348,
        "var": 0.000102290337963
    },
    "spectral_entropy": {
        "dmean": 0.152791023254,
        "dmean2": 0.212544456124,
        "dvar": 0.0227384679019,
        "dvar2": 0.0431411936879,
        "max": 8.66165351868,
        "mean": 7.86113548279,
        "median": 7.92617845535,
        "min": 6.46848201752,
        "var": 0.102005049586
    },
    "spectral_flux": {
        "dmean": 0.0320374444127,
        "dmean2": 0.050710067153,
        "dvar": 0.00139156065416,
        "dvar2": 0.00274094939232,
        "max": 0.327099233866,
        "mean": 0.110978081822,
        "median": 0.0983303412795,
        "min": 0.023020721972,
        "var": 0.00288215628825
    },
    "spectral_kurtosis": {
        "dmean": 1.00414502621,
        "dmean2": 1.65350520611,
        "dvar": 1.07420349121,
        "dvar2": 2.68091869354,
        "max": 11.2544174194,
        "mean": 2.7459461689,
        "median": 2.38254928589,
        "min": -1.27593290806,
        "var": 2.33153176308
    },
    "spectral_rms": {
        "dmean": 0.000963124679402,
        "dmean2": 0.00149419717491,
        "dvar": 1.09075654109e-06,
        "dvar2": 2.11655810745e-06,
        "max": 0.0118884062394,
        "mean": 0.00585930654779,
        "median": 0.00571394106373,
        "min": 0.00168185471557,
        "var": 3.02248599837e-06
    },
    "spectral_rolloff": {
        "dmean": 663.147277832,
        "dmean2": 1029.19006348,
        "dvar": 767644.5625,
        "dvar2": 1538478.75,
        "max": 11434.1308594,
        "mean": 1711.72888184,
        "median": 1291.9921875,
        "min": 86.1328125,
        "var": 2094164.125
    },
    "spectral_skewness": {
        "dmean": 0.17439456284,
        "dmean2": 0.272973001003,
        "dvar": 0.0262919068336,
        "dvar2": 0.0589936152101,
        "max": 2.75851631165,
        "mean": 1.24833321571,
        "median": 1.20732450485,
        "min": -0.125892579556,
        "var": 0.103101558983
    },
    "spectral_spread": {
        "dmean": 598158.8125,
        "dmean2": 794925.3125,
        "dvar": 370330566656,
        "dvar2": 683943657472,
        "max": 14967942,
        "mean": 4853560.5,
        "median": 4678846,
        "min": 2379895.25,
        "var": 1.2881699799e+12
    },
    "spectral_strongpeak": {
        "dmean": 0.485479444265,
        "dmean2": 0.840609431267,
        "dvar": 0.350375801325,
        "dvar2": 0.862438201904,
        "max": 5.22358083725,
        "mean": 0.781986355782,
        "median": 0.426634043455,
        "min": 0.0298514440656,
        "var": 0.665463209152
    },
    "zerocrossingrate": {
        "dmean": 0.01487368159,
        "dmean2": 0.0162165351212,
        "dvar": 0.000204287280212,
        "dvar2": 0.000231029654969,
        "max": 0.361328125,
        "mean": 0.0700938478112,
        "median": 0.06298828125,
        "min": 0.015625,
        "var": 0.00139512587339
    },
    "barkbands": {
        "dmean": [0.000126870625536, 0.00640306109563, 0.00437712064013, 0.00226845336147, 0.00213447608985, 0.00202341144904, 0.0015235649189, 0.00161906715948, 0.000857114442624, 0.00102177856024, 0.000492490536999, 0.00047556226491, 0.00037060159957, 0.000411225308198, 0.000297343038255, 0.000334859621944, 0.00024779731757, 0.000202350274776, 0.000257964071352, 0.000236841413425, 0.000257853331277, 0.000241742760409, 0.000219648194616, 0.000198735695449, 9.83305144473e-05, 7.54888242227e-05, 1.81276433864e-07],
        "dmean2": [0.000208909317735, 0.0100125502795, 0.00774473650381, 0.00411958293989, 0.00372026208788, 0.00337358377874, 0.00253595900722, 0.00281181419268, 0.00139778049197, 0.00168928341009, 0.000863581546582, 0.000812312704511, 0.000631933042314, 0.000723274017219, 0.000515087216627, 0.000575951125938, 0.000410197128076, 0.000335359683959, 0.000426638056524, 0.000378728524083, 0.00040935704601, 0.00036529742647, 0.00030935977702, 0.000284314854071, 0.000149493091158, 0.000112775866, 3.06203730815e-07],
        "dvar": [5.9300315769e-08, 0.000152236956637, 0.000121033750474, 2.27655291383e-05, 2.35637508013e-05, 1.96726377908e-05, 4.41423344455e-06, 7.22206777937e-06, 2.42363194047e-06, 2.92811500913e-06, 8.77406250765e-07, 3.63327814057e-07, 2.48766895083e-07, 4.06880928949e-07, 1.65746939729e-07, 2.518550275e-07, 9.83744499194e-08, 8.59643876083e-08, 1.09413079485e-07, 9.2438611432e-08, 1.42121265867e-07, 1.18134025229e-07, 1.39574794389e-07, 1.53938984226e-07, 6.64688428742e-08, 2.08641690591e-08, 1.57002218843e-13],
        "dvar2": [1.40904347745e-07, 0.000299508916214, 0.000343080551829, 6.51554655633e-05, 6.43527746433e-05, 5.4866883147e-05, 1.14226768346e-05, 2.14483297896e-05, 6.05309105595e-06, 7.1052036219e-06, 2.47241678153e-06, 1.01153386822e-06, 6.54587609006e-07, 1.1004605085e-06, 4.42119016952e-07, 7.18265084743e-07, 2.57929514191e-07, 2.22777373438e-07, 2.93101095394e-07, 2.17785071754e-07, 3.45036824001e-07, 2.5148591476e-07, 2.33118228721e-07, 3.08662748694e-07, 1.63188033753e-07, 5.19188603221e-08, 3.82670539137e-13],
        "max": [0.00469758408144, 0.0934392213821, 0.0791340172291, 0.0373048484325, 0.0532271042466, 0.0737529471517, 0.0271558687091, 0.0233302749693, 0.0323818027973, 0.0356447510421, 0.0153780821711, 0.0079927938059, 0.00523315463215, 0.00719868112355, 0.00345344655216, 0.00449140928686, 0.0040351874195, 0.00320435268804, 0.0042699505575, 0.00361684337258, 0.0054014348425, 0.00521555123851, 0.0095803597942, 0.00880795903504, 0.00708862161264, 0.00268692709506, 3.5854500311e-06],
        "mean": [0.000175544308149, 0.0103624612093, 0.00533430604264, 0.00214523286559, 0.00240385392681, 0.00292006065138, 0.0022370221559, 0.00222752452828, 0.00135356443934, 0.00167952571064, 0.000664510589559, 0.000764061172958, 0.000609986309428, 0.000588340801187, 0.00048566685291, 0.000609361857641, 0.000477447902085, 0.000386943254853, 0.000511205056682, 0.000461480871309, 0.000497753848322, 0.000460724404547, 0.000389648688724, 0.000317568716127, 0.000140652569826, 8.32514997455e-05, 1.4244386648e-07],
        "median": [8.07946707937e-05, 0.00486419163644, 0.00291850906797, 0.000923438114114, 0.0013195927022, 0.00159266241826, 0.00123427843209, 0.000779552501626, 0.000649338355288, 0.0010086405091, 0.000338751677191, 0.000577514525503, 0.000431178166764, 0.000419200136093, 0.000330014532665, 0.00038355277502, 0.000361090875231, 0.0002474852663, 0.000361272250302, 0.000303071486996, 0.000277869403362, 0.000272587843938, 0.000194185733562, 0.000138432573294, 4.58957147202e-05, 2.02131323022e-05, 4.24186641368e-09],
        "min": [3.95317094615e-08, 4.56579709862e-06, 1.81898599294e-06, 4.27574741479e-06, 4.42133859906e-05, 2.17641390918e-05, 9.78896241577e-06, 3.17929834637e-06, 3.08154039885e-06, 1.00976176327e-05, 5.67555798625e-06, 3.73260013475e-06, 5.56301210963e-06, 1.26985855786e-06, 9.04730768525e-06, 2.33234618463e-06, 1.90876789929e-06, 1.73748435373e-06, 3.13200416713e-06, 2.52545169133e-06, 5.15433669079e-07, 4.62081459318e-07, 5.61265096621e-07, 5.32887838745e-07, 1.10820614907e-08, 8.98649765713e-11, 5.50780991995e-12],
        "var": [1.24331691609e-07, 0.000226174059208, 8.52458979352e-05, 1.5256383449e-05, 1.69305603777e-05, 2.0271181711e-05, 7.40075802241e-06, 1.1299358448e-05, 6.22872357781e-06, 6.12753729001e-06, 1.26478516904e-06, 5.28569159997e-07, 3.67402378743e-07, 4.18025905446e-07, 2.31979242926e-07, 4.58034605799e-07, 1.8169069449e-07, 1.52887864147e-07, 2.42219840629e-07, 1.99844279791e-07, 3.75616394876e-07, 3.23768915678e-07, 5.20807418525e-07, 4.11621073226e-07, 9.4343249657e-08, 2.40312783006e-08, 1.36119604087e-13]
    },
    "erbbands": {
        "dmean": [0.117326952517, 1.7034932375, 4.79745197296, 6.72198295593, 7.7603931427, 6.36045885086, 8.92064094543, 17.2837429047, 27.2586765289, 19.2136802673, 30.0639724731, 18.569316864, 30.1998195648, 26.0154590607, 19.7043628693, 18.3936767578, 17.1836299896, 19.9527645111, 18.2493171692, 12.5904626846, 19.0729904175, 12.5916481018, 11.4533443451, 10.1368103027, 13.9167671204, 10.918056488, 11.2174348831, 9.82235050201, 8.33487606049, 7.00078248978, 6.52067708969, 5.66339349747, 2.71655797958, 1.3561643362, 0.651401937008, 0.471455544233, 0.0989469960332, 0.00834598671645, 0.000184507647646, 2.46224499278e-05],
        "dmean2": [0.187628149986, 2.64372158051, 8.03178977966, 12.0953140259, 13.9054393768, 10.9965305328, 14.7229547501, 29.3280620575, 45.7227210999, 32.7814903259, 51.7912063599, 30.1529636383, 49.4276390076, 43.9861831665, 34.4803543091, 31.1971607208, 29.1359443665, 34.9762840271, 31.4833755493, 21.8575210571, 32.480140686, 20.844783783, 18.9875793457, 16.7534484863, 23.0874385834, 17.3863544464, 17.6440067291, 15.3786821365, 12.6062335968, 10.1901464462, 9.27858161926, 8.1624584198, 3.85053038597, 2.05591106415, 0.995137810707, 0.706785023212, 0.151512235403, 0.0129099329934, 0.000276041246252, 3.65802334272e-05],
        "dvar": [0.0510842576623, 11.0427494049, 124.160255432, 241.269561768, 352.50869751, 141.606872559, 537.276062012, 1635.93579102, 1333.95715332, 701.391967773, 2422.97680664, 1386.60314941, 2158.30078125, 2652.19628906, 1177.69226074, 618.001220703, 527.958557129, 950.824035645, 720.247741699, 376.783447266, 824.991699219, 266.782928467, 266.102111816, 171.682281494, 398.700408936, 210.527648926, 248.751373291, 212.564117432, 122.070884705, 125.994621277, 125.720840454, 126.301940918, 43.7921905518, 11.7458639145, 3.23607087135, 0.762341737747, 0.0549688600004, 0.000314746634103, 1.16924788074e-07, 9.14874120905e-10],
        "dvar2": [0.124580673873, 21.6786880493, 334.734710693, 694.361877441, 986.598876953, 377.2315979, 1464.01245117, 4519.15771484, 3450.66723633, 2047.84899902, 6898.63134766, 3571.46362305, 5256.375, 6658.10693359, 3347.12231445, 1685.95776367, 1396.92419434, 2706.70556641, 1889.16674805, 1030.86254883, 2354.34936523, 707.582275391, 684.62713623, 434.130950928, 1084.42858887, 508.998077393, 616.311462402, 500.729705811, 268.564788818, 223.26423645, 219.067489624, 304.091796875, 79.8458099365, 27.6455230713, 8.36133098602, 1.93443882465, 0.141047656536, 0.000753435771912, 2.80737310732e-07, 2.02899785862e-09],
        "max": [2.52328181267, 25.7140769958, 88.0373001099, 104.742126465, 184.671417236, 119.482337952, 484.350372314, 812.211547852, 429.354248047, 243.387039185, 497.193359375, 736.757385254, 842.907287598, 1354.2989502, 535.332214355, 401.542388916, 267.432800293, 287.613006592, 304.769348145, 202.4972229, 281.075073242, 186.95980835, 201.263259888, 119.500526428, 290.686889648, 150.453964233, 201.024810791, 219.800521851, 125.328140259, 275.50881958, 278.060333252, 314.553161621, 177.772186279, 91.9093399048, 50.2366104126, 17.8961029053, 4.26812171936, 0.221178770065, 0.00413003750145, 0.000422735902248],
        "mean": [0.17504568398, 2.72034144402, 6.78746891022, 7.00026512146, 7.37383699417, 7.73089265823, 11.8114957809, 25.4125556946, 40.0607528687, 31.0224227905, 42.48670578, 30.3502731323, 49.8270988464, 42.6435508728, 31.7654685974, 30.6459178925, 30.0047645569, 30.2763347626, 29.6319522858, 22.5395431519, 35.7828445435, 26.6267604828, 23.4549407959, 20.8212127686, 28.0060596466, 22.1537284851, 21.4659061432, 18.0303974152, 15.9807767868, 13.1641693115, 11.4290685654, 8.39390182495, 4.37762403488, 1.90988206863, 0.877713322639, 0.515067577362, 0.113309621811, 0.00888908375055, 0.000221553549636, 6.02035725024e-05],
        "median": [0.0817619636655, 1.28846204281, 4.25878000259, 3.49310612679, 3.53438305855, 4.50656795502, 6.14021110535, 14.9799757004, 21.1324615479, 17.6370372772, 17.6802043915, 16.1238651276, 29.0786991119, 23.8915367126, 21.3169136047, 22.3364658356, 21.4052257538, 21.232383728, 20.52983284, 16.4884681702, 22.8701763153, 20.1071243286, 16.4237365723, 14.7672128677, 18.7500324249, 14.3993034363, 12.3844337463, 10.3305635452, 9.75979423523, 6.96597146988, 5.45072746277, 3.54042196274, 1.58767175674, 0.638462722301, 0.294659912586, 0.132856667042, 0.0271605886519, 0.00178483943455, 6.48215136607e-05, 4.75351371279e-05],
        "min": [5.92953656451e-05, 0.000897934252862, 0.00574416061863, 0.0324767008424, 0.0608383566141, 0.137656465173, 0.171388447285, 0.351238816977, 0.403779655695, 0.45212200284, 0.457427084446, 0.135206073523, 0.277509212494, 0.339211016893, 0.213617697358, 0.164736866951, 0.314427852631, 0.170566603541, 0.45357388258, 0.254500240088, 0.14379106462, 0.098804987967, 0.147597581148, 0.264365494251, 0.124571353197, 0.132347121835, 0.0435712113976, 0.0174399241805, 0.0152572346851, 0.0176800396293, 0.0154571747407, 0.0184961799532, 0.00844368338585, 0.000992064015009, 0.000178520524059, 3.40657206834e-05, 9.22273011383e-06, 2.09496056414e-06, 2.30584919336e-06, 3.59647106052e-06],
        "var": [0.0723550468683, 15.798406601, 104.552116394, 158.968978882, 229.870498657, 118.025741577, 477.809753418, 1618.88085938, 2263.90576172, 1222.32348633, 3778.0715332, 2928.43212891, 4190.91210938, 5867.34472656, 1579.49609375, 938.435791016, 825.391723633, 962.67767334, 883.066711426, 488.239990234, 1549.54943848, 531.951782227, 486.211914062, 355.534881592, 864.106933594, 470.622375488, 644.93170166, 468.255157471, 319.69128418, 477.108215332, 460.671539307, 244.959030151, 109.720878601, 17.9535598755, 4.11605119705, 0.89216119051, 0.0559070333838, 0.000341074017342, 1.36701885367e-07, 1.70928204923e-09]
    },
    "gfcc": {
        "mean": [51.4193077087, 85.038848877, -119.980110168, 42.0119743347, -66.8426589966, 23.7076416016, -32.9390335083, 14.3733863831, -20.5855236053, 6.80670881271, -14.149348259, 3.12031269073, -12.9401798248],
        "cov": [[2125.94873047, -884.824035645, 234.534561157, 257.884277344, 14.8657064438, 51.6521568298, -219.174407959, 66.7407226562, -65.2136764526, 169.716415405, -200.204421997, 3.92129635811, -108.156410217], [-884.824035645, 860.777160645, -217.615524292, -47.1618499756, 98.1333236694, -70.1759643555, 150.09526062, -73.0098419189, 95.4576950073, -94.4939956665, 132.045761108, -68.9465560913, 73.5877914429], [234.534561157, -217.615524292, 350.573822021, 33.2987937927, 50.2552642822, 46.9454231262, -51.9084510803, 39.7663459778, -24.9632434845, 51.7905273438, -52.1088142395, 48.9526252747, -38.9202766418], [257.884277344, -47.1618499756, 33.2987937927, 216.762619019, 71.5155487061, 28.1169090271, -10.1235771179, 2.62150025368, 38.0718994141, 18.9361572266, -5.03400039673, -42.5296287537, 9.74958324432], [14.8657064438, 98.1333236694, 50.2552642822, 71.5155487061, 160.405349731, 17.8319759369, 24.8879432678, 15.6444416046, 33.3333053589, 30.8850345612, -0.816920995712, -2.67452979088, -3.43640375137], [51.6521568298, -70.1759643555, 46.9454231262, 28.1169090271, 17.8319759369, 88.7078094482, 18.5988712311, 5.62369728088, -2.08559656143, 1.94310164452, -3.31305098534, 0.496668845415, 0.7105666399], [-219.174407959, 150.09526062, -51.9084510803, -10.1235771179, 24.8879432678, 18.5988712311, 120.931221008, 15.1405735016, 33.9613113403, -9.2855758667, 35.5703048706, 1.88353717327, 14.3646316528], [66.7407226562, -73.0098419189, 39.7663459778, 2.62150025368, 15.6444416046, 5.62369728088, 15.1405735016, 82.2304458618, 28.2251567841, 29.3564929962, -12.0909461975, 13.5546875, -8.14221572876], [-65.2136764526, 95.4576950073, -24.9632434845, 38.0718994141, 33.3333053589, -2.08559656143, 33.9613113403, 28.2251567841, 111.775817871, 39.9736671448, 24.6900024414, -11.6402664185, 4.80136203766], [169.716415405, -94.4939956665, 51.7905273438, 18.9361572266, 30.8850345612, 1.94310164452, -9.2855758667, 29.3564929962, 39.9736671448, 102.39881134, 5.16008853912, 26.3484096527, -18.7577705383], [-200.204421997, 132.045761108, -52.1088142395, -5.03400039673, -0.816920995712, -3.31305098534, 35.5703048706, -12.0909461975, 24.6900024414, 5.16008853912, 90.3332672119, 16.245136261, 27.6360149384], [3.92129635811, -68.9465560913, 48.9526252747, -42.5296287537, -2.67452979088, 0.496668845415, 1.88353717327, 13.5546875, -11.6402664185, 26.3484096527, 16.245136261, 83.0536422729, 7.41602611542], [-108.156410217, 73.5877914429, -38.9202766418, 9.74958324432, -3.43640375137, 0.7105666399, 14.3646316528, -8.14221572876, 4.80136203766, -18.7577705383, 27.6360149384, 7.41602611542, 55.5395469666]],
        "icov": [[0.00125593226403, 0.000537063169759, 0.00042813384789, -0.00151251943316, 0.000163844335475, -0.000133795008878, 0.000801174202934, -0.000223263414227, 0.000812445301563, -0.00159523950424, 0.00151451677084, -0.000359867379302, 0.000757057394367], [0.000537063169759, 0.00639664428309, -0.000614493968897, 0.00335963466205, -0.00567580759525, 0.00524611072615, -0.00377439172007, 0.00472929468378, -0.00441846484318, 0.00446853181347, -0.00505827460438, 0.0057370387949, -0.00355652789585], [0.00042813384789, -0.000614493968897, 0.00518360408023, -0.00184154685121, -0.000367832893971, -0.00307425996289, 0.00270877731964, -0.0021599647589, 0.00176599097904, -0.00168434809893, 0.00268940371461, -0.00425296509638, 0.00311113754287], [-0.00151251943316, 0.00335963466205, -0.00184154685121, 0.0116954473779, -0.00646636914462, 0.00186013511848, -0.00197381386533, 0.00370857864618, -0.00549048138782, 0.00399084016681, -0.00567172560841, 0.00882189814001, -0.00664334092289], [0.000163844335475, -0.00567580759525, -0.000367832893971, -0.00646636914462, 0.0139241600409, -0.00468909647316, 0.0012760508107, -0.00404507294297, 0.00366750732064, -0.00654009031132, 0.00620916020125, -0.00567638874054, 0.00385756790638], [-0.000133795008878, 0.00524611072615, -0.00307425996289, 0.00186013511848, -0.00468909647316, 0.0184210855514, -0.00743236439303, 0.00449079554528, -0.00275213224813, 0.00438831094652, -0.00468536000699, 0.00582860875875, -0.00436433963478], [0.000801174202934, -0.00377439172007, 0.00270877731964, -0.00197381386533, 0.0012760508107, -0.00743236439303, 0.0162078496069, -0.00647981697693, 0.000650432950351, -0.00105665542651, 0.000915354583412, -0.0050813248381, 0.00364786712453], [-0.000223263414227, 0.00472929468378, -0.0021599647589, 0.00370857864618, -0.00404507294297, 0.00449079554528, -0.00647981697693, 0.0204450525343, -0.00793160870671, 0.00167765864171, -0.000367918459233, 0.0024933074601, -0.00339764216915], [0.000812445301563, -0.00441846484318, 0.00176599097904, -0.00549048138782, 0.00366750732064, -0.00275213224813, 0.000650432950351, -0.00793160870671, 0.0194860175252, -0.0112691028044, 0.0023938275408, -0.000480835849885, 0.00195141870063], [-0.00159523950424, 0.00446853181347, -0.00168434809893, 0.00399084016681, -0.00654009031132, 0.00438831094652, -0.00105665542651, 0.00167765864171, -0.0112691028044, 0.0236262492836, -0.00895586237311, -0.00123175303452, 0.00272487848997], [0.00151451677084, -0.00505827460438, 0.00268940371461, -0.00567172560841, 0.00620916020125, -0.00468536000699, 0.000915354583412, -0.000367918459233, 0.0023938275408, -0.00895586237311, 0.0246366709471, -0.0100037874654, -0.00146982457954], [-0.000359867379302, 0.0057370387949, -0.00425296509638, 0.00882189814001, -0.00567638874054, 0.00582860875875, -0.0050813248381, 0.0024933074601, -0.000480835849885, -0.00123175303452, -0.0100037874654, 0.0265542585403, -0.0105195045471], [0.000757057394367, -0.00355652789585, 0.00311113754287, -0.00664334092289, 0.00385756790638, -0.00436433963478, 0.00364786712453, -0.00339764216915, 0.00195141870063, 0.00272487848997, -0.00146982457954, -0.0105195045471, 0.0292786452919]]
    },
    "melbands": {
        "dmean": [0.0014395036269, 0.00235734297894, 0.00113835383672, 0.000539357191883, 0.000275788072031, 0.000405565224355, 0.000387965992559, 0.000265234382823, 0.000215874140849, 0.000122236873722, 0.000153456072439, 0.000111539957288, 7.22197728464e-05, 5.91718635405e-05, 3.98675001634e-05, 3.58925462933e-05, 4.05465943913e-05, 3.11091716867e-05, 2.00359227165e-05, 1.90214250324e-05, 2.3632805096e-05, 1.29468598971e-05, 1.55470734171e-05, 8.778101801e-06, 8.74517900229e-06, 1.14733065857e-05, 8.77870843397e-06, 7.83927771408e-06, 7.82620827522e-06, 6.68447546559e-06, 5.74078421778e-06, 4.81724509882e-06, 5.43842543266e-06, 3.36443713422e-06, 3.558151775e-06, 5.08873517902e-06, 2.94359824693e-06, 2.14287388189e-06, 1.47504920278e-06, 1.08626534256e-06],
        "dmean2": [0.00226767663844, 0.00366477342322, 0.0020421508234, 0.000952390546445, 0.000455068948213, 0.000685186590999, 0.000646846718155, 0.000459233764559, 0.00037079420872, 0.000199242334929, 0.000250474811764, 0.000188563120901, 0.000127389925183, 0.000101246972918, 6.70444060233e-05, 6.17544283159e-05, 7.11930842954e-05, 5.36330771865e-05, 3.46249398717e-05, 3.28849091602e-05, 4.02256737289e-05, 2.13487946894e-05, 2.58226045844e-05, 1.46577913256e-05, 1.45035191963e-05, 1.91205745068e-05, 1.43535089592e-05, 1.26792992887e-05, 1.25416172523e-05, 1.07798414319e-05, 9.05158049136e-06, 7.51982042857e-06, 8.32161367725e-06, 4.89415015181e-06, 5.20679668625e-06, 7.41849862607e-06, 4.30394766227e-06, 3.10265795633e-06, 2.23643360187e-06, 1.67127825534e-06],
        "dvar": [7.34336026653e-06, 2.23526167247e-05, 6.19971251581e-06, 1.57294380188e-06, 4.25387753467e-07, 7.66145376474e-07, 2.63731521954e-07, 1.58442688303e-07, 1.1727471616e-07, 5.84673358617e-08, 5.60988091536e-08, 5.15492430964e-08, 1.9839735188e-08, 5.06822805946e-09, 2.65051891546e-09, 2.35474129084e-09, 4.05818934013e-09, 2.34003438848e-09, 7.55624340876e-10, 9.20993892262e-10, 1.2724727938e-09, 3.07276343259e-10, 3.88051590861e-10, 1.94264382358e-10, 1.29177973873e-10, 2.33627062141e-10, 1.31495397904e-10, 1.17885382012e-10, 1.18698495477e-10, 1.09771310097e-10, 7.18818268797e-11, 3.92076718314e-11, 7.92544571637e-11, 3.22421221666e-11, 4.33757613161e-11, 9.87099291194e-11, 4.0822213665e-11, 2.64168548147e-11, 1.77861805145e-11, 6.2312221355e-12],
        "dvar2": [1.48300014189e-05, 5.34146020073e-05, 1.75566037797e-05, 4.33720833826e-06, 1.14154067887e-06, 2.11760766433e-06, 6.7332615572e-07, 4.74262350281e-07, 3.28462164134e-07, 1.50093484308e-07, 1.35758753572e-07, 1.27986794496e-07, 5.71974680952e-08, 1.39422873247e-08, 6.90765222799e-09, 6.35116226277e-09, 1.1600937988e-08, 6.00376770521e-09, 2.01556571433e-09, 2.57929344549e-09, 3.61772167778e-09, 8.26718249414e-10, 9.95705295992e-10, 5.06557129576e-10, 3.34552219261e-10, 6.47486009253e-10, 3.34076794006e-10, 2.9362753895e-10, 3.02740860159e-10, 2.85548834578e-10, 1.70638406183e-10, 8.99135002563e-11, 1.74949305043e-10, 5.24750382036e-11, 8.71700697735e-11, 2.15556822392e-10, 1.06265503341e-10, 4.90745222237e-11, 4.10471240331e-11, 1.48480065049e-11],
        "max": [0.0215177983046, 0.0385022088885, 0.0171420425177, 0.013644432649, 0.0132979210466, 0.0164256226271, 0.00635495316237, 0.00370272132568, 0.00367008871399, 0.0049691661261, 0.00438715144992, 0.00597139215097, 0.00237673451193, 0.000916059711017, 0.000606798857916, 0.000479094771435, 0.000629594025668, 0.000702835211996, 0.00023463308753, 0.000286239665002, 0.000398916570703, 0.00024144872441, 0.00021239797934, 0.000193985411897, 0.000107574829599, 0.000210498721572, 0.000141454132972, 0.000106121289718, 0.000151529442519, 0.000135848982609, 0.000123567544506, 6.08988011663e-05, 0.000125816019136, 0.000168493686942, 0.000160312250955, 0.000285128102405, 0.000164168566698, 0.000136446207762, 0.000118476731586, 6.1054553953e-05],
        "mean": [0.00228879670613, 0.00376289803535, 0.00122401083354, 0.000569156021811, 0.000381662888685, 0.000598221085966, 0.000579418090638, 0.000399598764488, 0.00030637261807, 0.000196489345399, 0.000250311975833, 0.000177814727067, 0.000104178026959, 9.24079213291e-05, 6.8291054049e-05, 5.70637275814e-05, 5.72015887883e-05, 4.78317779198e-05, 3.27586712956e-05, 3.25292239722e-05, 4.27273844252e-05, 2.47652696999e-05, 2.93463726848e-05, 1.612867527e-05, 1.62871037901e-05, 2.09773770621e-05, 1.71514548128e-05, 1.41642740346e-05, 1.37021106639e-05, 1.18955649668e-05, 9.74625072558e-06, 8.84419205249e-06, 9.24181313167e-06, 6.29410396868e-06, 6.24334506938e-06, 7.05903903508e-06, 4.34098046753e-06, 3.33149569087e-06, 2.1573559934e-06, 1.4047369632e-06],
        "median": [0.00100740115158, 0.00257293134928, 0.000641105114482, 0.000284639449092, 0.000216637359699, 0.000336782832164, 0.000314385135425, 0.000189408237929, 0.000136258284329, 9.59437238635e-05, 0.000147662838572, 9.60943652899e-05, 5.87689683016e-05, 6.7229164415e-05, 5.01914764754e-05, 4.13621746702e-05, 3.80135898013e-05, 3.24789107253e-05, 2.23870501941e-05, 2.05404085136e-05, 2.66180486506e-05, 1.7933682102e-05, 2.17482356675e-05, 1.05484868982e-05, 1.09639968287e-05, 1.41842310768e-05, 1.11028184619e-05, 8.98086000234e-06, 8.01658825367e-06, 6.33101853964e-06, 5.70832116864e-06, 5.47666468265e-06, 4.84071006213e-06, 3.25743235408e-06, 2.99729526887e-06, 2.91513219963e-06, 1.81500047347e-06, 1.15027876291e-06, 7.05968773218e-07, 4.39086846882e-07],
        "min": [1.21167965972e-06, 9.23349773529e-07, 5.69533767703e-06, 7.86285181675e-06, 5.5026703194e-06, 4.06227582062e-06, 5.88562488701e-06, 7.12286691851e-07, 8.27468454645e-07, 5.00502096656e-07, 1.19287187772e-06, 1.43835654853e-06, 8.00037071258e-07, 3.41092601275e-07, 4.88460386805e-07, 6.47816364108e-07, 1.17691122625e-07, 5.96478287207e-07, 4.67274162474e-07, 1.62242486113e-07, 1.67232087733e-07, 7.40066781191e-08, 1.59314282655e-07, 1.10026491029e-07, 1.95898792299e-07, 1.01043106326e-07, 5.53065753195e-08, 7.8048060459e-08, 1.77266787915e-08, 7.61725793552e-09, 9.84786474589e-09, 8.56985060693e-09, 9.03977781519e-09, 9.65948387943e-09, 8.10064193502e-09, 1.23686874076e-08, 1.93793514569e-09, 3.4086788947e-09, 2.03286294048e-11, 1.34501025768e-13],
