{
"highlevel": {
    "danceability": {
        "all": {
            "danceable": 0.204262718558,
            "not_danceable": 0.795737266541
        },
        "probability": 0.795737266541,
        "value": "not_danceable"
    },
    "gender": {
        "all": {
            "female": 0.715191245079,
            "male": 0.284808725119
        },
        "probability": 0.715191245079,
        "value": "female"
    },
    "genre_dortmund": {
        "all": {
            "alternative": 0.122853964567,
            "blues": 0.0919068902731,
            "electronic": 0.0503196120262,
            "folkcountry": 0.053923945874,
            "funksoulrnb": 0.0140977362171,
            "jazz": 0.058692317456,
            "pop": 0.0547947101295,
            "raphiphop": 0.01407122612,
            "rock": 0.539339601994
        },
        "probability": 0.539339601994,
        "value": "rock"
    },
    "genre_electronic": {
        "all": {
            "ambient": 0.33814522624,
            "dnb": 0.313185960054,
            "house": 0.110386617482,
            "techno": 0.0279385875911,
            "trance": 0.210343584418
        },
        "probability": 0.33814522624,
        "value": "ambient"
    },
    "genre_rosamerica": {
        "all": {
            "cla": 0.00645801005885,
            "dan": 0.0231722556055,
            "hip": 0.00827309116721,
            "jaz": 0.00377979595214,
            "pop": 0.0464675240219,
            "rhy": 0.0171887520701,
            "roc": 0.891686081886,
            "spe": 0.00297447736375
        },
        "probability": 0.891686081886,
        "value": "roc"
    },
    "genre_tzanetakis": {
        "all": {
            "blu": 0.0626613423228,
            "cla": 0.0348169617355,
            "cou": 0.104475811124,
            "dis": 0.0784321576357,
            "hip": 0.15692435205,
            "jaz": 0.313974827528,
            "met": 0.0448166541755,
            "pop": 0.0627359300852,
            "reg": 0.0627360641956,
            "roc": 0.0784258767962
        },
        "probability": 0.313974827528,
        "value": "jaz"
    },
    "ismir04_rhythm": {
        "all": {
            "ChaChaCha": 0.140502825379,
            "Jive": 0.198112308979,
            "Quickstep": 0.102703586221,
            "Rumba-American": 0.027285143733,
            "Rumba-International": 0.0390368960798,
            "Rumba-Misc": 0.0152244502679,
            "Samba": 0.109145671129,
            "Tango": 0.0517401434481,
            "VienneseWaltz": 0.303079992533,
            "Waltz": 0.0131689803675
        },
        "probability": 0.303079992533,
        "value": "VienneseWaltz"
    },
    "mood_acoustic": {
        "all": {
            "acoustic": 0.023633973673,
            "not_acoustic": 0.976366043091
        },
        "probability": 0.976366043091,
        "value": "not_acoustic"
    },
    "mood_aggressive": {
        "all": {
            "aggressive": 0.734363675117,
            "not_aggressive": 0.265636324883
        },
        "probability": 0.734363675117,
        "value": "aggressive"
    },
    "mood_electronic": {
        "all": {
            "electronic": 0.692549347878,
            "not_electronic": 0.307450681925
        },
        "probability": 0.692549347878,
        "value": "electronic"
    },
    "mood_happy": {
        "all": {
            "happy": 0.697835981846,
            "not_happy": 0.302164047956
        },
        "probability": 0.697835981846,
        "value": "happy"
    },
    "mood_party": {
        "all": {
            "not_party": 0.800729334354,
            "party": 0.199270665646
        },
        "probability": 0.800729334354,
        "value": "not_party"
    },
    "mood_relaxed": {
        "all": {
            "not_relaxed": 0.982265710831,
            "relaxed": 0.0177343022078
        },
        "probability": 0.982265710831,
        "value": "not_relaxed"
    },
    "mood_sad": {
        "all": {
            "not_sad": 0.75147986412,
            "sad": 0.248520150781
        },
        "probability": 0.75147986412,
        "value": "not_sad"
    },
    "moods_mirex": {
        "all": {
            "Cluster1": 0.496513873339,
            "Cluster2": 0.147470712662,
            "Cluster3": 0.122006043792,
            "Cluster4": 0.0363979525864,
            "Cluster5": 0.197611421347
        },
        "probability": 0.496513873339,
        "value": "Cluster1"
    },
    "timbre": {
        "all": {
            "bright": 0.960220336914,
            "dark": 0.0397796370089
        },
        "probability": 0.960220336914,
        "value": "bright"
    },
    "tonal_atonal": {
        "all": {
            "atonal": 0.022037062794,
            "tonal": 0.977962911129
        },
        "probability": 0.977962911129,
        "value": "tonal"
    },
    "voice_instrumental": {
        "all": {
            "instrumental": 0.22971509397,
            "voice": 0.770284891129
        },
        "probability": 0.770284891129,
        "value": "voice"
    }
},
"lowlevel": {
    "average_loudness": 0.982992768288,
    "barkbands_crest": {
        "dmean": 3.09397816658,
        "dmean2": 5.20050525665,
        "dvar": 6.63091468811,
        "dvar2": 18.4790306091,
        "max": 24.4920730591,
        "mean": 10.3980846405,
        "median": 9.71843242645,
        "min": 2.9758014679,
        "var": 15.396241188
    },
    "barkbands_flatness_db": {
        "dmean": 0.024889536202,
        "dmean2": 0.0391054861248,
        "dvar": 0.000468365178676,
        "dvar2": 0.00112250517122,
        "max": 0.312017560005,
        "mean": 0.165375247598,
        "median": 0.163432970643,
        "min": 0.0687299221754,
        "var": 0.00164452835452
    },
    "barkbands_kurtosis": {
        "dmean": 3.01673173904,
        "dmean2": 4.91068458557,
        "dvar": 21.1576328278,
        "dvar2": 54.9457244873,
        "max": 73.5583190918,
        "mean": 4.27877235413,
        "median": 2.14915323257,
        "min": -1.58133399487,
        "var": 45.0612487793
    },
    "barkbands_skewness": {
        "dmean": 0.571356594563,
        "dmean2": 0.925314068794,
        "dvar": 0.295929521322,
        "dvar2": 0.738886475563,
        "max": 7.80432319641,
        "mean": 1.73897063732,
        "median": 1.55623281002,
        "min": -0.65021687746,
        "var": 1.07893931866
    },
    "barkbands_spread": {
        "dmean": 4.74514007568,
        "dmean2": 7.42466926575,
        "dvar": 27.2342777252,
        "dvar2": 59.3612747192,
        "max": 95.3961410522,
        "mean": 18.0417194366,
        "median": 16.7504196167,
        "min": 2.15547561646,
        "var": 86.8155670166
    },
    "dissonance": {
        "dmean": 0.0185138676316,
        "dmean2": 0.0316347852349,
        "dvar": 0.000225760799367,
        "dvar2": 0.000668895372655,
        "max": 0.499904572964,
        "mean": 0.465914011002,
        "median": 0.46955499053,
        "min": 0.358802199364,
        "var": 0.000423420744482
    },
    "dynamic_complexity": 1.46338403225,
    "erbbands_crest": {
        "dmean": 2.74715638161,
        "dmean2": 4.52645730972,
        "dvar": 6.84093379974,
        "dvar2": 18.1164112091,
        "max": 29.3457965851,
        "mean": 8.23618793488,
        "median": 6.9311542511,
        "min": 2.36429691315,
        "var": 17.8358688354
    },
    "erbbands_flatness_db": {
        "dmean": 0.0184476412833,
        "dmean2": 0.0262195728719,
        "dvar": 0.000249188218731,
        "dvar2": 0.000520370900631,
        "max": 0.307277411222,
        "mean": 0.165799632668,
        "median": 0.163763016462,
        "min": 0.0614215135574,
        "var": 0.00145598698873
    },
    "erbbands_kurtosis": {
        "dmean": 0.637005567551,
        "dmean2": 1.03479325771,
        "dvar": 0.533797085285,
        "dvar2": 1.29113435745,
        "max": 8.90025901794,
        "mean": -0.18319286406,
        "median": -0.461249828339,
        "min": -1.61837601662,
        "var": 1.21685314178
    },
    "erbbands_skewness": {
        "dmean": 0.338395088911,
        "dmean2": 0.52839499712,
        "dvar": 0.0731285810471,
        "dvar2": 0.187903627753,
        "max": 2.83893060684,
        "mean": 0.177104786038,
        "median": 0.156145110726,
        "min": -1.35508823395,
        "var": 0.259803116322
    },
    "erbbands_spread": {
        "dmean": 7.55168819427,
        "dmean2": 11.5612545013,
        "dvar": 46.9078636169,
        "dvar2": 101.6925354,
        "max": 134.722000122,
        "mean": 37.2785224915,
        "median": 34.311504364,
        "min": 7.61797142029,
        "var": 269.067230225
    },
    "hfc": {
        "dmean": 6.01506137848,
        "dmean2": 8.61839866638,
        "dvar": 54.990196228,
        "dvar2": 111.766616821,
        "max": 91.479309082,
        "mean": 21.596824646,
        "median": 19.0010566711,
        "min": 2.38085317612,
        "var": 146.337234497
    },
    "melbands_crest": {
        "dmean": 3.88370490074,
        "dmean2": 6.55983066559,
        "dvar": 9.67819023132,
        "dvar2": 27.2868347168,
        "max": 29.489862442,
        "mean": 14.9511795044,
        "median": 14.5529203415,
        "min": 4.40486860275,
        "var": 23.9301052094
    },
    "melbands_flatness_db": {
        "dmean": 0.0311202611774,
        "dmean2": 0.0476473160088,
        "dvar": 0.00070296425838,
        "dvar2": 0.00159799586982,
        "max": 0.399881720543,
        "mean": 0.231556341052,
        "median": 0.230285748839,
        "min": 0.086287945509,
        "var": 0.00307865976356
    },
    "melbands_kurtosis": {
        "dmean": 7.26377296448,
        "dmean2": 12.0194168091,
        "dvar": 113.914169312,
        "dvar2": 281.779693604,
        "max": 146.98614502,
        "mean": 13.666097641,
        "median": 7.70238208771,
        "min": -1.37948286533,
        "var": 308.853088379
    },
    "melbands_skewness": {
        "dmean": 0.791374325752,
        "dmean2": 1.29236519337,
        "dvar": 0.582075595856,
        "dvar2": 1.41907858849,
        "max": 9.95137882233,
        "mean": 2.82526016235,
        "median": 2.43521356583,
        "min": -0.133060008287,
        "var": 2.33977246284
    },
    "melbands_spread": {
        "dmean": 5.5119228363,
        "dmean2": 8.80878925323,
        "dvar": 30.5830745697,
        "dvar2": 69.2257156372,
        "max": 68.7099609375,
        "mean": 17.5049629211,
        "median": 15.9259166718,
        "min": 1.52025640011,
        "var": 98.9098739624
    },
    "pitch_salience": {
        "dmean": 0.0810988843441,
        "dmean2": 0.137424886227,
        "dvar": 0.00435598939657,
        "dvar2": 0.0119716338813,
        "max": 0.801449298859,
        "mean": 0.540139317513,
        "median": 0.547944664955,
        "min": 0.18271060288,
        "var": 0.00970566179603
    },
    "silence_rate_20dB": {
        "dmean": 0,
        "dmean2": 0,
        "dvar": 0,
        "dvar2": 0,
        "max": 1,
        "mean": 1,
        "median": 1,
        "min": 1,
        "var": 0
    },
    "silence_rate_30dB": {
        "dmean": 0.0247678011656,
        "dmean2": 0.0495739728212,
        "dvar": 0.0241549368948,
        "dvar2": 0.0610582567751,
        "max": 1,
        "mean": 0.98143851757,
        "median": 1,
        "min": 0,
        "var": 0.018217407167
    },
    "silence_rate_60dB": {
        "dmean": 0,
        "dmean2": 0,
        "dvar": 0,
        "dvar2": 0,
        "max": 0,
        "mean": 0,
        "median": 0,
        "min": 0,
        "var": 0
    },
    "spectral_centroid": {
        "dmean": 217.649581909,
        "dmean2": 335.23034668,
        "dvar": 43925.0117188,
        "dvar2": 89200.5546875,
        "max": 3059.25219727,
        "mean": 1085.66442871,
        "median": 1016.74938965,
        "min": 273.741394043,
        "var": 190722.9375
    },
    "spectral_complexity": {
        "dmean": 3.9256966114,
        "dmean2": 5.83113861084,
        "dvar": 14.04246521,
        "dvar2": 26.1342372894,
        "max": 55,
        "mean": 23.6094360352,
        "median": 22,
        "min": 5,
        "var": 70.1023178101
    },
    "spectral_decrease": {
        "dmean": 4.10607503554e-09,
        "dmean2": 6.68927313541e-09,
        "dvar": 2.13266617204e-17,
        "dvar2": 5.63418457071e-17,
        "max": -1.15646769938e-09,
        "mean": -1.19253975583e-08,
        "median": -1.09530446935e-08,
        "min": -4.7339277387e-08,
        "var": 4.29593802675e-17
    },
    "spectral_energy": {
        "dmean": 0.0157980378717,
        "dmean2": 0.0256526507437,
        "dvar": 0.000313011580147,
        "dvar2": 0.000823555223178,
        "max": 0.180281668901,
        "mean": 0.046968139708,
        "median": 0.0432306304574,
        "min": 0.00460656173527,
        "var": 0.000636693614069
    },
    "spectral_energyband_high": {
        "dmean": 0.000329278205754,
        "dmean2": 0.000456865644082,
        "dvar": 4.72373471894e-07,
        "dvar2": 9.04592582174e-07,
        "max": 0.00803976692259,
        "mean": 0.000555660983082,
        "median": 0.000222569346079,
        "min": 8.25261304271e-06,
        "var": 9.26085419906e-07
    },
    "spectral_energyband_low": {
        "dmean": 0.0134489089251,
        "dmean2": 0.0230497885495,
        "dvar": 0.000269085430773,
        "dvar2": 0.000745885481592,
        "max": 0.169605195522,
        "mean": 0.0247989464551,
        "median": 0.0192867796868,
        "min": 3.64235202142e-05,
        "var": 0.000441135925939
    },
    "spectral_energyband_middle_high": {
        "dmean": 0.00183112628292,
        "dmean2": 0.00281934067607,
        "dvar": 4.19088519266e-06,
        "dvar2": 9.66834068095e-06,
        "max": 0.0257804561406,
        "mean": 0.00589950755239,
        "median": 0.00512754265219,
        "min": 0.00048163876636,
        "var": 1.37996576086e-05
    },
    "spectral_energyband_middle_low": {
        "dmean": 0.00804429408163,
        "dmean2": 0.0127802910283,
        "dvar": 8.76455305843e-05,
        "dvar2": 0.000217151377001,
        "max": 0.0978094935417,
        "mean": 0.0194316599518,
        "median": 0.0165414791554,
        "min": 0.0014791515423,
        "var": 0.000160439740284
    },
    "spectral_entropy": {
        "dmean": 0.154505699873,
        "dmean2": 0.225408628583,
        "dvar": 0.022084467113,
        "dvar2": 0.0447655059397,
        "max": 8.42373657227,
        "mean": 7.44292831421,
        "median": 7.44064712524,
        "min": 6.2516207695,
        "var": 0.102078706026
    },
    "spectral_flux": {
        "dmean": 0.0317223891616,
        "dmean2": 0.0507141053677,
        "dvar": 0.000995124224573,
        "dvar2": 0.00219546654262,
        "max": 0.321426659822,
        "mean": 0.117148712277,
        "median": 0.107055999339,
        "min": 0.0208701472729,
        "var": 0.00237540644594
    },
    "spectral_kurtosis": {
        "dmean": 2.20728111267,
        "dmean2": 3.75824713707,
        "dvar": 4.86788892746,
        "dvar2": 14.903758049,
        "max": 20.5061149597,
        "mean": 5.24615383148,
        "median": 4.85024023056,
        "min": -0.725439548492,
        "var": 9.21943473816
    },
    "spectral_rms": {
        "dmean": 0.00109797820915,
        "dmean2": 0.00175433617551,
        "dvar": 1.13884652819e-06,
        "dvar2": 2.82732230517e-06,
        "max": 0.0132621480152,
        "mean": 0.00653423648328,
        "median": 0.00649432232603,
        "min": 0.00211995444261,
        "var": 3.12619022225e-06
    },
    "spectral_rolloff": {
        "dmean": 363.380584717,
        "dmean2": 609.202209473,
        "dvar": 385020,
        "dvar2": 890274.8125,
        "max": 10981.9335938,
        "mean": 951.506408691,
        "median": 753.662109375,
        "min": 86.1328125,
        "var": 733725.375
    },
    "spectral_skewness": {
        "dmean": 0.269832223654,
        "dmean2": 0.443860709667,
        "dvar": 0.059621065855,
        "dvar2": 0.165352717042,
        "max": 3.35569667816,
        "mean": 1.54234755039,
        "median": 1.50806498528,
        "min": 0.243284896016,
        "var": 0.187849104404
    },
    "spectral_spread": {
        "dmean": 500294.59375,
        "dmean2": 689045.9375,
        "dvar": 352969523200,
        "dvar2": 598154805248,
        "max": 12572131,
        "mean": 3476157.25,
        "median": 3152702,
        "min": 1854791.375,
        "var": 1.36978497536e+12
    },
    "spectral_strongpeak": {
        "dmean": 0.45473241806,
        "dmean2": 0.797436833382,
        "dvar": 0.513825416565,
        "dvar2": 1.22246336937,
        "max": 8.92763519287,
        "mean": 0.703787207603,
        "median": 0.466762423515,
        "min": 0.0387945137918,
        "var": 0.696176886559
    },
    "zerocrossingrate": {
        "dmean": 0.00750486785546,
        "dmean2": 0.00864798668772,
        "dvar": 6.24950116617e-05,
        "dvar2": 6.91206005285e-05,
        "max": 0.20556640625,
        "mean": 0.0397090092301,
        "median": 0.03564453125,
        "min": 0.0068359375,
        "var": 0.000412727909861
    },
    "barkbands": {
        "dmean": [0.000318184844218, 0.00888804253191, 0.00566313741729, 0.00468141911551, 0.00256720930338, 0.00241268565878, 0.00151885487139, 0.000527861586306, 0.00152195803821, 0.000769376405515, 0.000459252856672, 0.000496287306305, 0.000327909481712, 0.000311992218485, 0.000396819814341, 0.000194152948097, 0.000286214286461, 0.000168516256963, 0.000119753196486, 0.000113302929094, 0.00010206270963, 9.11913666641e-05, 4.81821552967e-05, 3.79963967134e-05, 3.09538700094e-05, 1.53591045091e-05, 3.26506266468e-09],
        "dmean2": [0.000523590075318, 0.0146773066372, 0.00985395535827, 0.00788880325854, 0.00429616263136, 0.00394214270636, 0.00236782385036, 0.000866863818374, 0.00252800248563, 0.00128465157468, 0.000750031380448, 0.000793868151959, 0.000528544653207, 0.000516167434398, 0.000641885446385, 0.000316168792779, 0.000465245277155, 0.000273874029517, 0.000192096849787, 0.000177759997314, 0.000152714332216, 0.000133786976221, 6.75227274769e-05, 5.22993286722e-05, 4.38063943875e-05, 2.51063593169e-05, 4.85202678036e-09],
        "dvar": [2.24376009328e-07, 0.000174046566826, 7.68171012169e-05, 4.65047342004e-05, 1.54505742103e-05, 8.35515675135e-06, 6.38806068309e-06, 9.02411557036e-07, 5.66025119042e-06, 1.51537847159e-06, 9.03730892787e-07, 8.16329929876e-07, 2.02753767553e-07, 1.80603564104e-07, 4.51943748203e-07, 1.03002577134e-07, 2.35140078075e-07, 8.6259966281e-08, 2.76326428406e-08, 3.83158322848e-08, 5.0165851917e-08, 5.64054865038e-08, 1.62360720424e-08, 1.10572981882e-08, 1.32867965519e-08, 6.81615652809e-09, 1.5066108329e-15],
        "dvar2": [5.99747977503e-07, 0.000477007299196, 0.000211619233596, 0.00012365548173, 3.67424763681e-05, 2.16575645027e-05, 1.49204315676e-05, 2.37402468883e-06, 1.40600750456e-05, 4.08836058341e-06, 2.18538252739e-06, 1.84114594504e-06, 5.16949967277e-07, 4.65268044536e-07, 1.02981800865e-06, 2.61956273562e-07, 5.94935386289e-07, 2.0188781491e-07, 6.59881465026e-08, 8.99066989746e-08, 1.07017520179e-07, 1.25159147046e-07, 3.31845200208e-08, 1.9478205715e-08, 2.68481912258e-08, 2.06012309434e-08, 1.52075575372e-15],
        "max": [0.00402101688087, 0.163536041975, 0.0633977949619, 0.0584274642169, 0.0387119203806, 0.0281626489013, 0.0414264202118, 0.014727155678, 0.0230424236506, 0.0249630454928, 0.0148793580011, 0.0107192387804, 0.00592532195151, 0.00821616407484, 0.0114022064954, 0.00685625430197, 0.00618915818632, 0.00410003680736, 0.00180420582183, 0.00258826185018, 0.0044890944846, 0.00345263700001, 0.00141440716106, 0.00208927225322, 0.00273944111541, 0.00215977919288, 1.28487533857e-06],
        "mean": [0.000467544916319, 0.0136744640768, 0.00716686854139, 0.00572307687253, 0.00370997260325, 0.00392414769158, 0.00246925745159, 0.000755939108785, 0.00227432930842, 0.00126500218175, 0.000675375107676, 0.000843236164656, 0.000540348992217, 0.00052489846712, 0.000715902948286, 0.000389093213016, 0.000556089740712, 0.000371203030227, 0.000240949288127, 0.00022057267779, 0.000158188093337, 0.000127501392853, 6.49231587886e-05, 5.65146074223e-05, 3.83975748264e-05, 1.43491961353e-05, 2.88936785608e-09],
        "median": [0.000266337796347, 0.00838838331401, 0.00318149989471, 0.00289401225746, 0.00223319092765, 0.00266057625413, 0.00111381046008, 0.000341699837008, 0.00127649249043, 0.000810683646705, 0.000359906931408, 0.000384222483262, 0.000337059784215, 0.000391558627598, 0.000417165952967, 0.00023356253223, 0.000323724525515, 0.000182942851097, 0.000169990526047, 0.000127736682771, 7.05572601873e-05, 3.5698281863e-05, 1.03718602986e-05, 8.84570272319e-06, 6.30220984021e-06, 2.64917753157e-06, 6.51561415932e-10],
        "min": [2.00474321588e-08, 4.97360042573e-06, 7.95324649516e-06, 3.15044576382e-06, 1.60662602866e-05, 1.61939478858e-05, 2.59206190094e-05, 4.85176860821e-06, 1.24658145069e-05, 4.21245658799e-06, 1.40087274758e-06, 4.20737933382e-06, 1.3455754015e-05, 1.96307555598e-05, 2.84759225906e-05, 1.26900185933e-05, 2.91615124297e-05, 7.04615331415e-06, 6.15572798779e-06, 4.61609215563e-06, 1.28160820623e-06, 7.90988792687e-07, 6.00112315396e-09, 1.11153717341e-07, 3.4698708351e-09, 3.05540523438e-11, 1.00646522366e-11],
        "var": [3.38629405405e-07, 0.000255606719293, 9.36162978178e-05, 5.40378750884e-05, 2.18049262912e-05, 1.46602851601e-05, 1.60642539413e-05, 1.48302672187e-06, 9.06112381927e-06, 3.06103652292e-06, 1.10833286726e-06, 1.94603035197e-06, 3.72268686988e-07, 2.436754869e-07, 1.0477261867e-06, 1.97743801778e-07, 4.95922165555e-07, 2.72495185527e-07, 5.55322934304e-08, 7.18951440604e-08, 7.28844682385e-08, 8.10654370298e-08, 2.72009010871e-08, 3.06313800991e-08, 2.08008756886e-08, 4.54627491209e-09, 1.50793538067e-15]
    },
    "erbbands": {
        "dmean": [0.251123607159, 2.08760595322, 5.21307468414, 13.0226135254, 8.91699028015, 9.891913414, 13.3518304825, 20.82264328, 22.4494991302, 16.2500782013, 15.3013887405, 35.3699645996, 28.3696269989, 20.2783527374, 18.5837440491, 19.6924190521, 15.9389848709, 16.7578029633, 14.4044952393, 20.6843910217, 11.0873022079, 12.9719867706, 9.70333003998, 7.28953790665, 5.46518421173, 5.62264442444, 4.43179178238, 3.75540137291, 3.47753190994, 2.07602024078, 1.37286639214, 0.84672921896, 0.677531838417, 0.453616648912, 0.170122236013, 0.102662712336, 0.0182074941695, 0.00156731461175, 3.4532713471e-05, 1.81788927875e-05],
        "dmean2": [0.409321904182, 3.48538756371, 8.90968608856, 22.321603775, 15.0938844681, 16.5283050537, 21.7016029358, 33.8548355103, 36.3465766907, 25.6884498596, 25.1139450073, 58.0926475525, 48.0000915527, 33.6275672913, 30.2786960602, 30.7741069794, 25.5757064819, 27.7816848755, 24.4829521179, 32.3570709229, 17.8978061676, 20.7227840424, 15.5270032883, 11.6366634369, 8.69556999207, 8.84067630768, 6.6961016655, 5.5165438652, 5.12766551971, 3.07745242119, 1.88943147659, 1.15970718861, 0.941928684711, 0.67364358902, 0.263601750135, 0.168521493673, 0.0296144280583, 0.00257372437045, 5.42080233572e-05, 2.89552335744e-05],
        "dvar": [0.154677689075, 9.82155227661, 53.5490837097, 404.829467773, 173.136779785, 237.323623657, 451.537628174, 660.765930176, 1342.45947266, 1308.05187988, 648.343994141, 3857.54345703, 2338.44042969, 1246.1998291, 1484.35266113, 1165.45288086, 508.238983154, 524.278320312, 501.449737549, 2433.04296875, 240.655883789, 574.202026367, 276.688293457, 106.078460693, 60.4285621643, 94.6686172485, 69.6624679565, 70.0274658203, 78.0894546509, 31.8336162567, 14.4470977783, 6.28103113174, 4.05926036835, 3.24592518806, 0.480284184217, 0.459359645844, 0.00274681323208, 1.25593551275e-05, 5.28300869718e-09, 4.07202355168e-10],
        "dvar2": [0.39476493001, 27.6778297424, 144.341049194, 1117.13098145, 476.550933838, 553.647277832, 1142.52392578, 1687.69921875, 3212.91455078, 2790.71313477, 1692.16308594, 9269.06933594, 6256.01855469, 3574.11108398, 3662.42260742, 2666.50415039, 1287.87194824, 1344.36621094, 1240.14074707, 5473.71337891, 618.893127441, 1439.50061035, 671.37902832, 238.3828125, 138.091171265, 219.005767822, 151.999969482, 140.214675903, 171.491134644, 73.2615356445, 30.9380302429, 11.5731773376, 8.08684253693, 6.36760950089, 1.27467465401, 1.41814577579, 0.00709278741851, 3.12544580083e-05, 1.29543380467e-08, 1.04370978526e-09],
        "max": [3.93851828575, 38.7504005432, 72.4960632324, 159.468490601, 130.197418213, 159.412734985, 294.583129883, 251.65675354, 468.036712646, 976.981628418, 390.52444458, 679.19342041, 986.313720703, 515.567260742, 652.907043457, 464.408721924, 316.219055176, 427.385528564, 501.006958008, 1150.48046875, 173.641998291, 393.988739014, 251.95262146, 139.026687622, 83.4558258057, 128.825820923, 141.245605469, 131.584274292, 122.367958069, 89.0257644653, 45.8774490356, 60.7936058044, 35.9081306458, 34.3381690979, 18.8726387024, 17.4541282654, 1.31392681599, 0.0430115386844, 0.00146825716365, 0.000196178836632],
        "mean": [0.406797528267, 3.00469875336, 7.77699041367, 15.8702821732, 12.608417511, 13.6010341644, 19.6990852356, 33.4615821838, 39.1293487549, 25.3130474091, 24.4541664124, 52.4338912964, 44.5723724365, 33.9531364441, 31.8469161987, 34.9192657471, 27.5784988403, 28.7569885254, 25.8929748535, 39.3095283508, 24.3533916473, 27.197221756, 21.5647010803, 16.3126010895, 11.3775291443, 11.0696487427, 7.15120172501, 5.77438879013, 4.92124843597, 2.78026437759, 1.79259359837, 1.19989466667, 0.946998357773, 0.58146417141, 0.192088827491, 0.0940033122897, 0.0176936760545, 0.00141511845868, 5.35549697815e-05, 5.56080558454e-05],
        "median": [0.238767564297, 1.7644327879, 4.38375329971, 9.15873146057, 7.75998306274, 7.85842990875, 11.8458795547, 21.8263015747, 17.9281005859, 11.4109373093, 13.2634868622, 25.5506572723, 26.4697723389, 21.3155555725, 17.7554683685, 18.1901836395, 17.7588539124, 20.8207511902, 18.7741107941, 18.2777137756, 15.8296995163, 15.7663269043, 10.9832105637, 10.6704692841, 7.76178598404, 6.48608922958, 3.67337918282, 2.34332895279, 1.46482586861, 0.627577722073, 0.242905348539, 0.154796421528, 0.154106661677, 0.0944168567657, 0.0298544764519, 0.0155090149492, 0.00319113465957, 0.000220431742491, 3.08381822833e-05, 5.08471384819e-05],
        "min": [6.41552105662e-05, 0.00197311257944, 0.0099480478093, 0.0295417606831, 0.0228901579976, 0.0838306099176, 0.181432321668, 0.27501180768, 0.74877256155, 0.286850959063, 0.23664303124, 0.285857021809, 0.689455032349, 0.316174417734, 0.415023058653, 0.67753970623, 0.986240148544, 1.82423436642, 1.35788929462, 1.35068702698, 0.987422823906, 1.65448176861, 1.00074398518, 0.654209792614, 0.201068595052, 0.311679422855, 0.14859341085, 0.0559560880065, 0.0299572907388, 0.0140862967819, 0.00603180425242, 0.00285798753612, 0.00155547074974, 0.000155860048835, 7.64324868214e-05, 3.22511186823e-05, 1.05627532321e-05, 1.22445214856e-06, 4.02188061344e-06, 5.4103174989e-06],
        "var": [0.267898231745, 13.0022916794, 78.5424041748, 398.01675415, 206.480255127, 327.505401611, 580.719238281, 1199.96398926, 3320.68481445, 2878.43164062, 1126.48168945, 5962.39111328, 4454.24462891, 1621.16369629, 2286.81640625, 2601.61352539, 932.535644531, 741.99407959, 824.28125, 6238.77978516, 579.113586426, 1229.40734863, 835.052307129, 291.305755615, 129.578903198, 189.822158813, 110.171859741, 111.423454285, 114.273628235, 43.4598731995, 23.0121631622, 14.0500278473, 9.25507164001, 5.11316871643, 0.52785050869, 0.282405734062, 0.00284274108708, 1.19704118333e-05, 5.93279425587e-09, 8.48418557631e-10]
    },
    "gfcc": {
        "mean": [19.6636714935, 131.428955078, -126.440567017, 39.2358169556, -46.4631729126, 11.2217321396, -30.355009079, 8.95528793335, -21.5015068054, 2.9640519619, -12.644235611, -2.77086138725, -3.24618434906],
        "cov": [[1427.63354492, -628.870117188, 214.181091309, 145.903945923, -262.982269287, 148.523696899, -98.7753067017, 100.704338074, -128.451828003, 12.0241851807, -128.766265869, 99.1063461304, -119.018745422], [-628.870117188, 858.445617676, -203.127807617, -119.105392456, 225.656219482, -154.705276489, 198.279449463, -75.9278869629, 135.349609375, -83.6757659912, 130.998596191, -121.764511108, 94.6307296753], [214.181091309, -203.127807617, 575.340026855, 25.6397724152, 74.1709823608, 126.596008301, -63.6002807617, 66.1006317139, -142.020431519, 66.3798446655, -84.2118377686, 40.3739929199, -118.982025146], [145.903945923, -119.105392456, 25.6397724152, 282.599517822, -59.1200065613, 60.4848060608, -24.0953865051, -54.5120506287, 46.4223976135, -59.9550361633, 34.3024673462, -27.0160236359, 30.1938076019], [-262.982269287, 225.656219482, 74.1709823608, -59.1200065613, 250.174880981, -14.4207201004, 82.6607284546, 25.3711872101, -16.6613025665, 28.4712238312, -0.933130979538, 5.18482303619, -11.0941448212], [148.523696899, -154.705276489, 126.596008301, 60.4848060608, -14.4207201004, 170.139541626, 12.8326272964, 6.57463312149, -34.7118263245, -2.73682832718, -17.4229450226, -1.16887283325, -10.5003652573], [-98.7753067017, 198.279449463, -63.6002807617, -24.0953865051, 82.6607284546, 12.8326272964, 160.775466919, 2.32222056389, 39.4893226624, -18.1362228394, 15.1734952927, -17.3219833374, 13.9931669235], [100.704338074, -75.9278869629, 66.1006317139, -54.5120506287, 25.3711872101, 6.57463312149, 2.32222056389, 128.684783936, -17.396736145, 46.1886405945, -27.732421875, 40.5050621033, -19.0079841614], [-128.451828003, 135.349609375, -142.020431519, 46.4223976135, -16.6613025665, -34.7118263245, 39.4893226624, -17.396736145, 135.788040161, -14.7088403702, 58.1381263733, -35.8816986084, 58.8515396118], [12.0241851807, -83.6757659912, 66.3798446655, -59.9550361633, 28.4712238312, -2.73682832718, -18.1362228394, 46.1886405945, -14.7088403702, 107.060058594, -11.8612680435, 47.5060882568, -28.5747318268], [-128.766265869, 130.998596191, -84.2118377686, 34.3024673462, -0.933130979538, -17.4229450226, 15.1734952927, -27.732421875, 58.1381263733, -11.8612680435, 105.661254883, -7.37029695511, 53.474773407], [99.1063461304, -121.764511108, 40.3739929199, -27.0160236359, 5.18482303619, -1.16887283325, -17.3219833374, 40.5050621033, -35.8816986084, 47.5060882568, -7.37029695511, 109.023857117, -7.5755815506], [-119.018745422, 94.6307296753, -118.982025146, 30.1938076019, -11.0941448212, -10.5003652573, 13.9931669235, -19.0079841614, 58.8515396118, -28.5747318268, 53.474773407, -7.5755815506, 98.1334686279]],
        "icov": [[0.00157631188631, -0.000501400441863, 0.000242606329266, -0.00137237808667, 0.00204442790709, -0.000868515635375, -0.000149600178702, -0.00146359356586, 0.000994905596599, -0.000116041424917, 0.00123734143563, -0.00143849418964, 0.00157199136447], [-0.000501400441863, 0.00934024248272, -0.00277858437039, 0.00577729009092, -0.00593739375472, 0.00709686800838, -0.00621569063514, 0.0035785716027, -0.00355814094655, 0.00593080371618, -0.00804560631514, 0.00678973738104, -0.00432467693463], [0.000242606329266, -0.00277858437039, 0.00477024773136, -0.00287742773071, 0.000242978770984, -0.00436689564958, 0.0034611185547, -0.00225816899911, 0.00290106469765, -0.00275795790367, 0.00249467743561, -0.00185400457121, 0.00422656303272], [-0.00137237808667, 0.00577729009092, -0.00287742773071, 0.010235933587, -0.00460380548611, 0.00247633224353, -0.00180057669058, 0.00471192784607, -0.0065307142213, 0.00705258594826, -0.00628879386932, 0.00363514502533, -0.00328212440945], [0.00204442790709, -0.00593739375472, 0.000242978770984, -0.00460380548611, 0.0120875360444, -0.00285569601692, -0.00102013221476, -0.00382034829818, 0.00511354207993, -0.00547578372061, 0.00532924383879, -0.00446763029322, 0.00247255689465], [-0.000868515635375, 0.00709686800838, -0.00436689564958, 0.00247633224353, -0.00285569601692, 0.014916067943, -0.00831424258649, 0.00270616658963, 0.000487193494337, 0.00283575220965, -0.00587714230642, 0.00697797304019, -0.00669577438384], [-0.000149600178702, -0.00621569063514, 0.0034611185547, -0.00180057669058, -0.00102013221476, -0.00831424258649, 0.0152013627812, -0.00245238048956, -0.00249565183185, -0.000409234460676, 0.00501401815563, -0.00519382534549, 0.00515957130119], [-0.00146359356586, 0.0035785716027, -0.00225816899911, 0.00471192784607, -0.00382034829818, 0.00270616658963, -0.00245238048956, 0.0133290980011, -0.00413689669222, 9.35464631766e-05, -0.00124558317475, 0.000477259192849, -0.00340071320534], [0.000994905596599, -0.00355814094655, 0.00290106469765, -0.0065307142213, 0.00511354207993, 0.000487193494337, -0.00249565183185, -0.00413689669222, 0.0195433013141, -0.00785798113793, -0.000330270442646, 0.0029392784927, -0.0032521779649], [-0.000116041424917, 0.00593080371618, -0.00275795790367, 0.00705258594826, -0.00547578372061, 0.00283575220965, -0.000409234460676, 9.35464631766e-05, -0.00785798113793, 0.0209522098303, -0.00617092242464, -0.00227783760056, 0.00238739629276], [0.00123734143563, -0.00804560631514, 0.00249467743561, -0.00628879386932, 0.00532924383879, -0.00587714230642, 0.00501401815563, -0.00124558317475, -0.000330270442646, -0.00617092242464, 0.0226080864668, -0.00762959616259, -0.00127123191487], [-0.00143849418964, 0.00678973738104, -0.00185400457121, 0.00363514502533, -0.00446763029322, 0.00697797304019, -0.00519382534549, 0.000477259192849, 0.0029392784927, -0.00227783760056, -0.00762959616259, 0.0198708809912, -0.00731826201081], [0.00157199136447, -0.00432467693463, 0.00422656303272, -0.00328212440945, 0.00247255689465, -0.00669577438384, 0.00515957130119, -0.00340071320534, -0.0032521779649, 0.00238739629276, -0.00127123191487, -0.00731826201081, 0.0233433675021]]
    },
    "melbands": {
        "dmean": [0.00239586085081, 0.00253385445103, 0.00203832262196, 0.000595594872721, 0.000454433786217, 0.000470528844744, 0.0003387570614, 0.000156587484526, 0.000154277047841, 0.00021833946812, 0.000140176853165, 8.40587454149e-05, 6.64337931084e-05, 6.37876655674e-05, 3.78627555619e-05, 2.79117557511e-05, 3.45862135873e-05, 2.2822741812e-05, 2.73313653452e-05, 2.02558730962e-05, 1.47543623825e-05, 1.36895077958e-05, 1.59737028298e-05, 8.29576765682e-06, 6.26347809884e-06, 4.48742957815e-06, 4.08576852351e-06, 3.76465914087e-06, 2.94619030683e-06, 2.80768699668e-06, 2.08427172765e-06, 2.12131612898e-06, 1.65647031736e-06, 1.01172918221e-06, 8.29905104638e-07, 6.8338198389e-07, 5.06135506839e-07, 4.88375405894e-07, 4.84679731017e-07, 3.70781009451e-07],
        "dmean2": [0.00394738884643, 0.00430346652865, 0.00347042968497, 0.00101630727295, 0.000729272491299, 0.000764265132602, 0.0005414072657, 0.000248883647146, 0.000255686609307, 0.000359459605534, 0.000237112282775, 0.000140144838952, 0.000108452419227, 0.000100002260297, 6.05699133303e-05, 4.52113781648e-05, 5.75676858716e-05, 3.88520747947e-05, 4.4035652536e-05, 3.19888094964e-05, 2.41115139943e-05, 2.2110700229e-05, 2.62417379417e-05, 1.33700723381e-05, 1.01411724245e-05, 7.24045639799e-06, 6.45752243145e-06, 5.97498274146e-06, 4.62652360511e-06, 4.35315268987e-06, 3.06202491629e-06, 3.14182398142e-06, 2.55942995864e-06, 1.4984233303e-06, 1.18434491014e-06, 9.74441832113e-07, 7.28589782284e-07, 7.23613368336e-07, 6.97471989497e-07, 5.76919546802e-07],
        "dvar": [1.33352950797e-05, 1.07241467049e-05, 8.96637993719e-06, 6.81104381783e-07, 5.42773705092e-07, 3.3543238942e-07, 2.88823741812e-07, 1.11366659894e-07, 6.22886702217e-08, 1.36233111903e-07, 5.69764821989e-08, 2.25441301183e-08, 1.95268281544e-08, 1.42505376388e-08, 2.15711115636e-09, 1.69875169487e-09, 2.43530817734e-09, 1.24364274434e-09, 2.68454458663e-09, 2.33738473021e-09, 4.93034890692e-10, 6.85505208153e-10, 8.38201508202e-10, 2.06775610523e-10, 7.82203746219e-11, 3.79818745899e-11, 4.48669192077e-11, 4.37132899322e-11, 2.73220317898e-11, 6.02810787398e-11, 2.07511924311e-11, 2.78736929371e-11, 2.25956406363e-11, 7.27602006423e-12, 5.69013586249e-12, 3.82341597618e-12, 2.78121861479e-12, 2.3037240518e-12, 3.47113939154e-12, 2.29772039069e-12],
        "dvar2": [3.60214835382e-05, 2.89480067295e-05, 2.42630067078e-05, 1.83267150078e-06, 1.24239659272e-06, 8.50758283377e-07, 6.87969986757e-07, 2.41451317606e-07, 1.61907706797e-07, 3.30076403543e-07, 1.52118261099e-07, 6.49278106835e-08, 4.80551349824e-08, 3.27274101153e-08, 5.18992804288e-09, 4.35507274688e-09, 6.26735419118e-09, 3.11654213547e-09, 6.07644734529e-09, 5.36760857983e-09, 1.24435595161e-09, 1.76602010793e-09, 2.18614304437e-09, 4.62827359771e-10, 1.87121623751e-10, 8.82224640564e-11, 1.08570277768e-10, 1.0178673876e-10, 6.40451164324e-11, 1.42783174173e-10, 4.18825182869e-11, 6.1025733078e-11, 5.4088514917e-11, 1.65670671626e-11, 1.29223784451e-11, 8.16360173905e-12, 5.5015657828e-12, 5.12212147696e-12, 6.91713483367e-12, 4.84637894052e-12],
        "max": [0.0433475188911, 0.0350345931947, 0.02297218889, 0.00941635202616, 0.00952702853829, 0.00597979873419, 0.00719558494166, 0.00903532188386, 0.00284983031452, 0.00424376456067, 0.00486969901249, 0.00214384659193, 0.00222019478679, 0.00145547289867, 0.000484432210214, 0.000685171689838, 0.000978235970251, 0.000741072231904, 0.000907653826289, 0.00120157457422, 0.000279847998172, 0.000474937551189, 0.000407484301832, 0.000253745180089, 0.000104028964415, 6.74366747262e-05, 9.28332810872e-05, 8.24792077765e-05, 5.83240180276e-05, 0.000188780613826, 6.02387444815e-05, 6.23289233772e-05, 8.51088261697e-05, 3.57840399374e-05, 3.17944031849e-05, 3.6589193769e-05, 3.90740970033e-05, 2.4669290724e-05, 4.19333591708e-05, 2.97504921036e-05],
        "mean": [0.00370410573669, 0.004125806503, 0.00265311007388, 0.000898113008589, 0.000685680890456, 0.00076886836905, 0.000589031435084, 0.00023930669704, 0.00023826029792, 0.000323418236803, 0.000212894636206, 0.000133848225232, 0.000104504215415, 0.000106916188088, 6.66174237267e-05, 4.88250479975e-05, 5.4998043197e-05, 3.79464509024e-05, 4.88311052322e-05, 3.89295892091e-05, 2.89326526399e-05, 2.67318500846e-05, 2.91878805001e-05, 1.64427110576e-05, 1.28024776131e-05, 8.58586099639e-06, 7.80299615144e-06, 6.97789710102e-06, 4.54728888144e-06, 3.97106850869e-06, 3.08271114591e-06, 2.91530659524e-06, 2.18404943553e-06, 1.29167881369e-06, 1.03996353573e-06, 8.58008377236e-07, 6.89826094913e-07, 6.62315983391e-07, 6.51011191621e-07, 4.27914102374e-07],
        "median": [0.00236509041861, 0.00268090399913, 0.00158375664614, 0.00060674425913, 0.000410933920648, 0.000492976105306, 0.000267779949354, 0.000112306275696, 0.000120256561786, 0.000173802603967, 0.000117650408356, 7.94365987531e-05, 5.75412450416e-05, 4.51867636002e-05, 4.641623309e-05, 3.17010999424e-05, 3.87107356801e-05, 2.63314541371e-05, 2.65131475317e-05, 1.91342842299e-05, 1.66356403497e-05, 1.6325577235e-05, 1.27830953716e-05, 8.8291699285e-06, 8.22316724225e-06, 5.71229247726e-06, 5.17229045727e-06, 3.81902145818e-06, 2.36905452766e-06, 1.60571028118e-06, 1.21854191093e-06, 8.63903608206e-07, 5.42310544915e-07, 2.56665629195e-07, 1.34303789423e-07, 1.00949542059e-07, 8.34885867107e-08, 1.03369217186e-07, 1.02584557737e-07, 6.96529838251e-08],
        "min": [9.6270252925e-07, 4.24257268605e-06, 6.98105895935e-06, 3.66174253941e-06, 8.86520501808e-06, 3.1263607525e-06, 8.43642737891e-06, 1.88925423572e-06, 1.55559405357e-06, 2.01027160074e-06, 2.83349572783e-06, 1.09191319098e-06, 3.61212528333e-07, 8.32429975617e-07, 1.89323952782e-06, 1.71781937297e-06, 2.04313187169e-06, 2.19384469347e-06, 2.24235304813e-06, 1.00996180663e-06, 8.81919220319e-07, 1.31655258429e-06, 7.90088506619e-07, 2.41850983684e-07, 3.31826811362e-07, 1.01557901644e-07, 2.37380135104e-07, 1.1055789173e-07, 5.371747136e-08, 1.70988450066e-08, 2.71997464552e-08, 1.53109596113e-08, 7.70936647854e-09, 4.39929559448e-09, 4.68031950002e-12, 3.19589771314e-10, 1.51051983421e-11, 6.81172696373e-12, 6.68521748376e-12, 1.00377614207e-11],
