{
"highlevel": {
    "danceability": {
        "all": {
            "danceable": 0.761979758739,
            "not_danceable": 0.238020271063
        },
        "probability": 0.761979758739,
        "value": "danceable"
    },
    "gender": {
        "all": {
            "female": 0.0400167219341,
            "male": 0.959983289242
        },
        "probability": 0.959983289242,
        "value": "male"
    },
    "genre_dortmund": {
        "all": {
            "alternative": 0.175669804215,
            "blues": 0.0540729723871,
            "electronic": 0.0196999590844,
            "folkcountry": 0.0595447458327,
            "funksoulrnb": 0.00793017353863,
            "jazz": 0.0170308873057,
            "pop": 0.0415921844542,
            "raphiphop": 0.0165689121932,
            "rock": 0.607890367508
        },
        "probability": 0.607890367508,
        "value": "rock"
    },
    "genre_electronic": {
        "all": {
            "ambient": 0.33689776063,
            "dnb": 0.141718998551,
            "house": 0.0519058033824,
            "techno": 0.0118044568226,
            "trance": 0.457672983408
        },
        "probability": 0.457672983408,
        "value": "trance"
    },
    "genre_rosamerica": {
        "all": {
            "cla": 0.00433796085417,
            "dan": 0.0359105803072,
            "hip": 0.0340471975505,
            "jaz": 0.00831436738372,
            "pop": 0.622512042522,
            "rhy": 0.0724464133382,
            "roc": 0.219010412693,
            "spe": 0.00342101813294
        },
        "probability": 0.622512042522,
        "value": "pop"
    },
    "genre_tzanetakis": {
        "all": {
            "blu": 0.0626541376114,
            "cla": 0.0348133966327,
            "cou": 0.0783501937985,
            "dis": 0.104547761381,
            "hip": 0.15693578124,
            "jaz": 0.313987255096,
            "met": 0.044816005975,
            "pop": 0.0627349764109,
            "reg": 0.0627352520823,
            "roc": 0.0784252434969
        },
        "probability": 0.313987255096,
        "value": "jaz"
    },
    "ismir04_rhythm": {
        "all": {
            "ChaChaCha": 0.169059053063,
            "Jive": 0.608519375324,
            "Quickstep": 0.0245094038546,
            "Rumba-American": 0.0148830572143,
            "Rumba-International": 0.0704468488693,
            "Rumba-Misc": 0.00941101834178,
            "Samba": 0.0425744764507,
            "Tango": 0.00699227349833,
            "VienneseWaltz": 0.0376185514033,
            "Waltz": 0.015985943377
        },
        "probability": 0.608519375324,
        "value": "Jive"
    },
    "mood_acoustic": {
        "all": {
            "acoustic": 0.31109687686,
            "not_acoustic": 0.688903152943
        },
        "probability": 0.688903152943,
        "value": "not_acoustic"
    },
    "mood_aggressive": {
        "all": {
            "aggressive": 0.282349646091,
            "not_aggressive": 0.717650353909
        },
        "probability": 0.717650353909,
        "value": "not_aggressive"
    },
    "mood_electronic": {
        "all": {
            "electronic": 0.735329985619,
            "not_electronic": 0.264670014381
        },
        "probability": 0.735329985619,
        "value": "electronic"
    },
    "mood_happy": {
        "all": {
            "happy": 0.247893795371,
            "not_happy": 0.752106189728
        },
        "probability": 0.752106189728,
        "value": "not_happy"
    },
    "mood_party": {
        "all": {
            "not_party": 0.660422742367,
            "party": 0.339577257633
        },
        "probability": 0.660422742367,
        "value": "not_party"
    },
    "mood_relaxed": {
        "all": {
            "not_relaxed": 0.922346293926,
            "relaxed": 0.0776537284255
        },
        "probability": 0.922346293926,
        "value": "not_relaxed"
    },
    "mood_sad": {
        "all": {
            "not_sad": 0.880951583385,
            "sad": 0.119048409164
        },
        "probability": 0.880951583385,
        "value": "not_sad"
    },
    "moods_mirex": {
        "all": {
            "Cluster1": 0.259603410959,
            "Cluster2": 0.162361383438,
            "Cluster3": 0.134389147162,
            "Cluster4": 0.154814600945,
            "Cluster5": 0.288831472397
        },
        "probability": 0.288831472397,
        "value": "Cluster5"
    },
    "timbre": {
        "all": {
            "bright": 0.0210037492216,
            "dark": 0.978996276855
        },
        "probability": 0.978996276855,
        "value": "dark"
    },
    "tonal_atonal": {
        "all": {
            "atonal": 0.226940408349,
            "tonal": 0.773059606552
        },
        "probability": 0.773059606552,
        "value": "tonal"
    },
    "voice_instrumental": {
        "all": {
            "instrumental": 0.0078106415458,
            "voice": 0.992189347744
        },
        "probability": 0.992189347744,
        "value": "voice"
    }
},
"lowlevel": {
    "average_loudness": 0.957901000977,
    "barkbands_crest": {
        "dmean": 2.22074317932,
        "dmean2": 3.81690144539,
        "dvar": 5.39283227921,
        "dvar2": 15.8110837936,
        "max": 20.9300270081,
        "mean": 9.20845317841,
        "median": 8.80256748199,
        "min": 3.19597291946,
        "var": 9.39351654053
    },
    "barkbands_flatness_db": {
        "dmean": 0.0175721365958,
        "dmean2": 0.0287201460451,
        "dvar": 0.000326231616782,
        "dvar2": 0.000776816974394,
        "max": 0.425277322531,
        "mean": 0.146892681718,
        "median": 0.128415435553,
        "min": 0.0637652948499,
        "var": 0.00377245317213
    },
    "barkbands_kurtosis": {
        "dmean": 2.75088405609,
        "dmean2": 4.73524665833,
        "dvar": 30.7340755463,
        "dvar2": 88.6755371094,
        "max": 110.172363281,
        "mean": 5.56468391418,
        "median": 1.34065103531,
        "min": -1.8233268261,
        "var": 127.121292114
    },
    "barkbands_skewness": {
        "dmean": 0.483945161104,
        "dmean2": 0.802464962006,
        "dvar": 0.306027948856,
        "dvar2": 0.847604334354,
        "max": 8.97916316986,
        "mean": 1.636926651,
        "median": 1.29536139965,
        "min": -0.788900911808,
        "var": 1.52796638012
    },
    "barkbands_spread": {
        "dmean": 4.38993263245,
        "dmean2": 6.93731689453,
        "dvar": 28.3488845825,
        "dvar2": 63.5892906189,
        "max": 81.8274154663,
        "mean": 22.9501667023,
        "median": 22.2258911133,
        "min": 0.824627995491,
        "var": 177.510055542
    },
    "dissonance": {
        "dmean": 0.0161429662257,
        "dmean2": 0.0273805558681,
        "dvar": 0.000247701333137,
        "dvar2": 0.000711964210495,
        "max": 0.499966651201,
        "mean": 0.469883650541,
        "median": 0.47533506155,
        "min": 0.320411980152,
        "var": 0.000502272276208
    },
    "dynamic_complexity": 1.936185956,
    "erbbands_crest": {
        "dmean": 2.47446775436,
        "dmean2": 4.05446767807,
        "dvar": 5.80039787292,
        "dvar2": 13.7001199722,
        "max": 26.230556488,
        "mean": 8.72155475616,
        "median": 7.99643135071,
        "min": 2.54929327965,
        "var": 15.7710781097
    },
    "erbbands_flatness_db": {
        "dmean": 0.0155189801008,
        "dmean2": 0.0228222776204,
        "dvar": 0.000237225627643,
        "dvar2": 0.000468520214781,
        "max": 0.283110737801,
        "mean": 0.141077578068,
        "median": 0.136888086796,
        "min": 0.066347591579,
        "var": 0.000983392703347
    },
    "erbbands_kurtosis": {
        "dmean": 0.795126914978,
        "dmean2": 1.26767873764,
        "dvar": 1.27423751354,
        "dvar2": 2.7648165226,
        "max": 22.0463562012,
        "mean": 0.748582482338,
        "median": 0.0298919677734,
        "min": -1.46887683868,
        "var": 5.36992740631
    },
    "erbbands_skewness": {
        "dmean": 0.287223160267,
        "dmean2": 0.433804839849,
        "dvar": 0.0668924972415,
        "dvar2": 0.140631377697,
        "max": 3.6693379879,
        "mean": 0.378369033337,
        "median": 0.277600497007,
        "min": -2.18876385689,
        "var": 0.723166644573
    },
    "erbbands_spread": {
        "dmean": 7.03945016861,
        "dmean2": 10.6605825424,
        "dvar": 51.9120445251,
        "dvar2": 105.607574463,
        "max": 108.355682373,
        "mean": 37.8186950684,
        "median": 34.7767677307,
        "min": 7.86940479279,
        "var": 231.45463562
    },
    "hfc": {
        "dmean": 5.67825555801,
        "dmean2": 8.35819625854,
        "dvar": 79.4437942505,
        "dvar2": 142.615722656,
        "max": 147.654907227,
        "mean": 26.8649425507,
        "median": 22.9042453766,
        "min": 2.62152791023,
        "var": 429.122924805
    },
    "melbands_crest": {
        "dmean": 2.92466950417,
        "dmean2": 4.84693861008,
        "dvar": 7.3505616188,
        "dvar2": 19.7287063599,
        "max": 29.7953338623,
        "mean": 15.3422012329,
        "median": 14.3791942596,
        "min": 3.84891796112,
        "var": 34.0664291382
    },
    "melbands_flatness_db": {
        "dmean": 0.0207245983183,
        "dmean2": 0.0331872776151,
        "dvar": 0.000536299194209,
        "dvar2": 0.00135462917387,
        "max": 0.534259915352,
        "mean": 0.197595536709,
        "median": 0.175116300583,
        "min": 0.0696675032377,
        "var": 0.00638815294951
    },
    "melbands_kurtosis": {
        "dmean": 7.65709066391,
        "dmean2": 13.143075943,
        "dvar": 243.944076538,
        "dvar2": 649.186950684,
        "max": 304.813323975,
        "mean": 15.4335298538,
        "median": 6.53204917908,
        "min": -1.35418212414,
        "var": 572.994812012
    },
    "melbands_skewness": {
        "dmean": 0.710963904858,
        "dmean2": 1.17835497856,
        "dvar": 0.734130740166,
        "dvar2": 1.9827747345,
        "max": 11.5313682556,
        "mean": 2.70612287521,
        "median": 2.35160017014,
        "min": -0.595804750919,
        "var": 2.45945620537
    },
    "melbands_spread": {
        "dmean": 5.85438966751,
        "dmean2": 9.21614742279,
        "dvar": 64.0176315308,
        "dvar2": 153.872253418,
        "max": 125.70791626,
        "mean": 23.153049469,
        "median": 21.635175705,
        "min": 0.668227016926,
        "var": 264.277008057
    },
    "pitch_salience": {
        "dmean": 0.0672989338636,
        "dmean2": 0.114416651428,
        "dvar": 0.0033837268129,
        "dvar2": 0.00955272372812,
        "max": 0.841559410095,
        "mean": 0.514797747135,
        "median": 0.523675084114,
        "min": 0.174588754773,
        "var": 0.00980007648468
    },
    "silence_rate_20dB": {
        "dmean": 0,
        "dmean2": 0,
        "dvar": 0,
        "dvar2": 0,
        "max": 1,
        "mean": 1,
        "median": 1,
        "min": 1,
        "var": 0
    },
    "silence_rate_30dB": {
        "dmean": 0,
        "dmean2": 0,
        "dvar": 0,
        "dvar2": 0,
        "max": 1,
        "mean": 1,
        "median": 1,
        "min": 1,
        "var": 0
    },
    "silence_rate_60dB": {
        "dmean": 0,
        "dmean2": 0,
        "dvar": 0,
        "dvar2": 0,
        "max": 0,
        "mean": 0,
        "median": 0,
        "min": 0,
        "var": 0
    },
    "spectral_centroid": {
        "dmean": 190.759490967,
        "dmean2": 295.71774292,
        "dvar": 44098.390625,
        "dvar2": 87513.9296875,
        "max": 4056.68896484,
        "mean": 1304.28088379,
        "median": 1279.41821289,
        "min": 155.263046265,
        "var": 380510.6875
    },
    "spectral_complexity": {
        "dmean": 3.21981430054,
        "dmean2": 5.2277302742,
        "dvar": 8.71950149536,
        "dvar2": 19.9435081482,
        "max": 56,
        "mean": 24.3573093414,
        "median": 26,
        "min": 3,
        "var": 94.8267745972
    },
    "spectral_decrease": {
        "dmean": 2.6074895576e-09,
        "dmean2": 4.55794868515e-09,
        "dvar": 1.41337406504e-17,
        "dvar2": 4.19276974464e-17,
        "max": -2.26239449397e-09,
        "mean": -9.35941191216e-09,
        "median": -8.63102478377e-09,
        "min": -3.84463589853e-08,
        "var": 1.84556385826e-17
    },
    "spectral_energy": {
        "dmean": 0.0101380432025,
        "dmean2": 0.0176047068089,
        "dvar": 0.000205198884942,
        "dvar2": 0.000606669811532,
        "max": 0.150394767523,
        "mean": 0.0377612970769,
        "median": 0.0349855087698,
        "min": 0.00878327805549,
        "var": 0.000290228577796
    },
    "spectral_energyband_high": {
        "dmean": 0.000435586029198,
        "dmean2": 0.000601336243562,
        "dvar": 1.44962007198e-06,
        "dvar2": 2.44153216045e-06,
        "max": 0.0204054992646,
        "mean": 0.00124626245815,
        "median": 0.000644669285975,
        "min": 1.41115037877e-06,
        "var": 6.38565461486e-06
    },
    "spectral_energyband_low": {
        "dmean": 0.00675043882802,
        "dmean2": 0.0122239245102,
        "dvar": 0.000191503408132,
        "dvar2": 0.000580217747483,
        "max": 0.11975582689,
        "mean": 0.0157059766352,
        "median": 0.0122948242351,
        "min": 0.00046733795898,
        "var": 0.00016828738444
    },
    "spectral_energyband_middle_high": {
        "dmean": 0.00195950595662,
        "dmean2": 0.00287607335486,
        "dvar": 8.26327777759e-06,
        "dvar2": 1.64740740729e-05,
        "max": 0.0511595122516,
        "mean": 0.00714758038521,
        "median": 0.00620089890435,
        "min": 1.02610702015e-05,
        "var": 4.13311536249e-05
    },
    "spectral_energyband_middle_low": {
        "dmean": 0.00529179954901,
        "dmean2": 0.00869180168957,
        "dvar": 5.07589138579e-05,
        "dvar2": 0.000134560061269,
        "max": 0.107035681605,
        "mean": 0.0150460051373,
        "median": 0.0111305853352,
        "min": 0.00119711656589,
        "var": 0.000126057173475
    },
    "spectral_entropy": {
        "dmean": 0.113922223449,
        "dmean2": 0.16914485395,
        "dvar": 0.0174843687564,
        "dvar2": 0.0321241021156,
        "max": 8.37434577942,
        "mean": 7.62344121933,
        "median": 7.71461009979,
        "min": 5.48419380188,
        "var": 0.177551671863
    },
    "spectral_flux": {
        "dmean": 0.0238801315427,
        "dmean2": 0.039313018322,
        "dvar": 0.00083361560246,
        "dvar2": 0.00172089971602,
        "max": 0.301640897989,
        "mean": 0.0896984264255,
        "median": 0.079746671021,
        "min": 0.0206752400845,
        "var": 0.00192917743698
    },
    "spectral_kurtosis": {
        "dmean": 1.30252146721,
        "dmean2": 2.18946647644,
        "dvar": 4.18246650696,
        "dvar2": 10.7930431366,
        "max": 36.4013824463,
        "mean": 3.76255321503,
        "median": 3.36293458939,
        "min": -0.226524353027,
        "var": 8.10439872742
    },
    "spectral_rms": {
        "dmean": 0.000750852632336,
        "dmean2": 0.00128089508507,
        "dvar": 8.11511540633e-07,
        "dvar2": 2.35288189288e-06,
        "max": 0.0121130757034,
        "mean": 0.00593633344397,
        "median": 0.00584227731451,
        "min": 0.00292729423381,
        "var": 1.60023012086e-06
    },
    "spectral_rolloff": {
        "dmean": 339.146972656,
        "dmean2": 583.900024414,
        "dvar": 318140.84375,
        "dvar2": 727998.375,
        "max": 6632.2265625,
        "mean": 1255.35681152,
        "median": 1184.32617188,
        "min": 107.666015625,
        "var": 1106350.5
    },
    "spectral_skewness": {
        "dmean": 0.183944270015,
        "dmean2": 0.291766673326,
        "dvar": 0.0413596779108,
        "dvar2": 0.09742038697,
        "max": 4.62964677811,
        "mean": 1.43900108337,
        "median": 1.40294694901,
        "min": 0.140146240592,
        "var": 0.203648328781
    },
    "spectral_spread": {
        "dmean": 429683.3125,
        "dmean2": 606247.3125,
        "dvar": 363352424448,
        "dvar2": 593718673408,
        "max": 16305236,
        "mean": 4443417.5,
        "median": 4308527.5,
        "min": 1869294.125,
        "var": 806343802880
    },
    "spectral_strongpeak": {
        "dmean": 0.522257864475,
        "dmean2": 0.906530439854,
        "dvar": 1.18278884888,
        "dvar2": 3.01161336899,
        "max": 13.5619764328,
        "mean": 1.03049957752,
        "median": 0.475249499083,
        "min": 0.0740542933345,
        "var": 1.84772121906
    },
    "zerocrossingrate": {
        "dmean": 0.00728415837511,
        "dmean2": 0.00879624858499,
        "dvar": 6.76529380144e-05,
        "dvar2": 7.1516391472e-05,
        "max": 0.20751953125,
        "mean": 0.0540685579181,
        "median": 0.052734375,
        "min": 0.00244140625,
        "var": 0.000801849237178
    },
    "barkbands": {
        "dmean": [0.000277451006696, 0.00493678357452, 0.00191036541946, 0.00228963815607, 0.00187075894792, 0.00116897677071, 0.000980642973445, 0.00126488297246, 0.000846002192702, 0.000493450439535, 0.000354096468072, 0.000591239950154, 0.000669421628118, 0.000477150868392, 0.000391561974538, 0.000264853239059, 0.000431920110714, 0.000180255665327, 0.000129584033857, 0.000117293195217, 0.000166471800185, 0.000132219603984, 0.000104543469206, 5.18414744874e-05, 2.74586327578e-05, 1.78663703991e-05, 4.86460471905e-09],
        "dmean2": [0.000420119526098, 0.00900803133845, 0.00329942209646, 0.00393920065835, 0.00322846020572, 0.00179893895984, 0.00156295788474, 0.00198073266074, 0.00131374329794, 0.000740109418985, 0.000557708321139, 0.000942724582274, 0.00103643257171, 0.000760696653742, 0.000628473062534, 0.00042172143003, 0.000700842530932, 0.000293708813842, 0.000209155463381, 0.000184692878975, 0.000250449666055, 0.000199102782062, 0.000152716587763, 7.59727190598e-05, 3.94793751184e-05, 2.62286066572e-05, 6.15961148753e-09],
        "dvar": [3.72341986576e-07, 0.000133301422466, 1.05496810647e-05, 1.98448979063e-05, 7.08123980075e-06, 2.08665392165e-06, 3.08182529807e-06, 9.06433615455e-06, 3.84503391615e-06, 1.85596195479e-06, 9.21009927879e-07, 2.12762665797e-06, 1.52380289364e-06, 9.13186113394e-07, 8.40447910377e-07, 2.98926238429e-07, 1.37061988426e-06, 2.49543404607e-07, 4.01871282918e-08, 3.48698421249e-08, 2.99518291058e-07, 1.6060955943e-07, 9.86934978187e-08, 9.97891902443e-09, 3.35719652078e-09, 7.41739225596e-10, 7.37361323529e-15],
        "dvar2": [8.72820294262e-07, 0.00040772050852, 2.99829680444e-05, 5.55746191822e-05, 2.09145109693e-05, 4.80689186588e-06, 7.39383858672e-06, 1.94866079255e-05, 1.0239963558e-05, 3.09975757773e-06, 2.15867544284e-06, 5.18262595506e-06, 3.37562596542e-06, 2.13125827031e-06, 1.94614267457e-06, 6.84534825268e-07, 3.49951164935e-06, 6.07034053246e-07, 9.64821182947e-08, 6.45588684733e-08, 5.63469313875e-07, 3.18987332548e-07, 2.12096679775e-07, 2.10938324585e-08, 6.74735156636e-09, 1.4387867564e-09, 7.38386741615e-15],
        "max": [0.00439843581989, 0.0999544411898, 0.0337409861386, 0.0423978418112, 0.0273066889495, 0.0183332096785, 0.0270287208259, 0.0522016584873, 0.0351592153311, 0.0429739654064, 0.0248097982258, 0.0264613367617, 0.0162003673613, 0.0154041582718, 0.0169076770544, 0.00985303521156, 0.0251926798373, 0.0114072766155, 0.00570340873674, 0.0052638547495, 0.0116488477215, 0.00740734254941, 0.0058361669071, 0.00166502106003, 0.00118057080545, 0.000613676442299, 2.48195192398e-06],
        "mean": [0.000303143810015, 0.00910104624927, 0.00507545191795, 0.00290567427874, 0.00301752611995, 0.00252177682705, 0.00205992371775, 0.00257909391075, 0.00162529654335, 0.000879227707628, 0.000606213696301, 0.00103690254036, 0.00118939520326, 0.000865447800606, 0.000657883414533, 0.00046770327026, 0.00080159609206, 0.000353981915396, 0.000305354275042, 0.000299542036373, 0.000376569194486, 0.000304462795611, 0.000229229801334, 0.000116846793389, 5.09329001943e-05, 3.10945069941e-05, 4.63656224525e-09],
        "median": [1.44737286973e-05, 0.00695708021522, 0.00382264098153, 0.00130536826327, 0.00215522036888, 0.00183113780804, 0.00119909318164, 0.000591898802668, 0.000503543356899, 0.000388816930354, 0.000361108162906, 0.000415131537011, 0.000430761225289, 0.000415536254877, 0.000337977224262, 0.000303108623484, 0.000428833940532, 0.000257158448221, 0.000251240271609, 0.000246692652581, 0.000168871891219, 0.000110522225441, 9.16853168746e-05, 5.86254718655e-05, 3.17262201861e-05, 1.83312768058e-05, 7.13386238971e-10],
        "min": [6.72645095179e-09, 5.31673285877e-05, 3.00159081235e-05, 1.34904194056e-05, 0.000114272661449, 0.000111153887701, 2.23627066589e-05, 4.35218044004e-06, 3.70449743059e-06, 8.61281648668e-07, 6.31191880984e-07, 9.13294911697e-07, 5.19820673617e-07, 8.22994877581e-07, 4.90163927225e-07, 3.94693358885e-07, 5.26841859028e-07, 4.11555646451e-07, 5.85898931149e-07, 4.77028891055e-07, 3.5547603261e-07, 2.55837704799e-07, 3.04925805494e-07, 7.57306253263e-08, 2.65042898739e-09, 6.34827815316e-11, 1.79479070495e-11],
        "var": [5.08751952566e-07, 0.000107628940896, 2.34895560425e-05, 2.14348965528e-05, 7.96414769866e-06, 5.45020975551e-06, 9.48728757066e-06, 3.39167418133e-05, 1.25661990751e-05, 6.70429608363e-06, 1.12940017516e-06, 4.70236000183e-06, 3.89572232962e-06, 1.92363245333e-06, 1.42189787766e-06, 4.92147364639e-07, 3.11117082674e-06, 3.32304182393e-07, 1.07346274092e-07, 1.20078269106e-07, 9.02477893305e-07, 6.18420983756e-07, 3.24311059785e-07, 2.78075820148e-08, 6.81361278509e-09, 2.38774777728e-09, 7.38371664429e-15]
    },
    "erbbands": {
        "dmean": [0.127766042948, 1.18474507332, 2.43698239326, 4.11536407471, 9.11529445648, 5.350730896, 5.30613946915, 10.949054718, 13.2683639526, 20.9842586517, 22.2560825348, 22.4537849426, 15.3173856735, 17.3107910156, 12.3218507767, 25.9586162567, 26.3690643311, 27.4243850708, 23.5138874054, 11.475528717, 16.3221969604, 17.6961803436, 10.9485063553, 7.07905340195, 6.60008573532, 5.47404336929, 5.58526420593, 7.25657224655, 5.0421500206, 4.38064289093, 2.56254506111, 1.39371395111, 0.744604706764, 0.368440508842, 0.187020719051, 0.0869707390666, 0.0364608392119, 0.00396411400288, 6.82514510117e-05, 1.26935010485e-05],
        "dmean2": [0.230532556772, 2.15125203133, 4.28928279877, 7.03045797348, 16.0020923615, 8.84621620178, 8.54828834534, 17.0265655518, 21.0681762695, 33.1456031799, 34.2898254395, 34.6526298523, 24.271780014, 25.1877002716, 19.1679821014, 41.6402664185, 41.0117263794, 43.1962356567, 36.8829231262, 18.4751644135, 25.9299545288, 28.2845821381, 17.3244457245, 11.5626516342, 10.7660913467, 8.55259132385, 8.37087631226, 11.2196121216, 7.63167715073, 6.28534173965, 3.75061130524, 2.02903938293, 1.07569503784, 0.541960835457, 0.275837361813, 0.126650065184, 0.0555025227368, 0.00625382736325, 0.000105070706923, 2.12686227314e-05],
        "dvar": [0.0754684582353, 8.35287189484, 22.497045517, 51.4100532532, 259.130889893, 45.5008087158, 53.1470108032, 226.858215332, 370.604125977, 2808.75708008, 2975.17138672, 2838.4206543, 729.926696777, 2751.17553711, 2192.27758789, 3490.97070312, 2258.51782227, 2411.25732422, 3274.68115234, 725.042297363, 1121.34680176, 2232.21508789, 898.127685547, 89.4380340576, 151.49369812, 74.6625595093, 201.274688721, 727.492431641, 244.653182983, 215.939437866, 48.9603691101, 9.45104598999, 1.57332193851, 0.435049951077, 0.201964005828, 0.0298968758434, 0.00236808438785, 2.80535987258e-05, 7.94793653114e-09, 2.70072658681e-10],
        "dvar2": [0.219436094165, 25.1861133575, 64.6462173462, 144.928955078, 782.688232422, 123.001853943, 118.424057007, 512.996032715, 898.561767578, 6701.64697266, 6155.32666016, 7343.02636719, 1703.52832031, 5038.28710938, 3885.55688477, 8048.27832031, 5245.97265625, 5837.39453125, 6961.96142578, 1924.98974609, 2516.74145508, 5600.96289062, 1730.28759766, 196.06678772, 396.610290527, 135.700744629, 305.875335693, 1581.45092773, 525.155334473, 450.761230469, 90.724571228, 18.3853797913, 3.49546217918, 0.903523027897, 0.410345494747, 0.056235332042, 0.00518920877948, 6.73048634781e-05, 1.85016162391e-08, 7.58120288769e-10],
        "max": [1.84353172779, 25.6870803833, 46.280292511, 71.7054290771, 137.89781189, 80.7967300415, 139.04637146, 197.296585083, 283.63583374, 942.245422363, 1430.05895996, 947.433349609, 567.509460449, 1721.11413574, 1220.2409668, 1008.62249756, 561.987609863, 751.104675293, 1003.38482666, 541.87689209, 672.451538086, 1053.17382812, 805.099243164, 209.493804932, 356.252868652, 245.587966919, 281.81060791, 520.660339355, 286.122344971, 339.533111572, 146.294692993, 46.9410095215, 19.6965999603, 12.1248474121, 9.06775283813, 4.65020990372, 0.797021627426, 0.0633679702878, 0.00120062951464, 0.000210478057852],
        "mean": [0.192701324821, 2.24735546112, 6.79476118088, 6.81121826172, 11.8464889526, 9.0652256012, 10.3869924545, 22.3484363556, 27.708108902, 50.5495529175, 41.8046226501, 43.699672699, 29.2465591431, 33.2606582642, 22.6792182922, 47.9329528809, 51.7836837769, 55.4330406189, 43.2353591919, 23.9635334015, 32.1661300659, 35.611366272, 23.0645046234, 16.6785068512, 15.9168691635, 14.0307559967, 14.0767774582, 14.6781816483, 10.9593105316, 9.56797409058, 5.82296323776, 3.12947201729, 1.53782701492, 0.675979673862, 0.324395775795, 0.153582811356, 0.056671384722, 0.00517777446657, 0.000117000192404, 5.01921713294e-05],
        "median": [0.0654048100114, 1.800370574, 4.62418651581, 4.52506923676, 6.72751665115, 6.50112199783, 7.24611759186, 13.8643093109, 19.7219829559, 16.7648334503, 16.2008686066, 14.8429479599, 16.1662654877, 14.8157739639, 12.7263832092, 20.3014965057, 22.648607254, 32.8514213562, 25.7976341248, 17.8377113342, 23.0458068848, 20.8919219971, 15.0349550247, 14.0057325363, 13.1397314072, 11.4540996552, 8.50472736359, 4.97127199173, 3.89836931229, 3.33786010742, 2.48512625694, 1.4616907835, 0.85274708271, 0.450562655926, 0.17094168067, 0.0781027972698, 0.0346877090633, 0.0030253524892, 8.06211173767e-05, 4.60376577394e-05],
        "min": [0.000291366799502, 0.0180156044662, 0.171709492803, 0.244482621551, 0.371836960316, 0.438447892666, 0.355373829603, 1.05830538273, 0.482129454613, 0.38652613759, 0.14530493319, 0.102013133466, 0.045354090631, 0.0226788353175, 0.0359186716378, 0.0564101710916, 0.0333801805973, 0.0355453900993, 0.0290207024664, 0.0289049018174, 0.0245868749917, 0.0260103233159, 0.0271896924824, 0.0287634171546, 0.0310549512506, 0.0261507090181, 0.0147467125207, 0.0120791485533, 0.0113959033042, 0.00618752744049, 0.00895815994591, 0.0026635969989, 0.00090325268684, 0.000140514894156, 3.03916822304e-05, 1.59957107826e-05, 5.78267827223e-06, 8.48048614444e-07, 5.96511108597e-06, 1.01162077044e-05],
        "var": [0.0964499264956, 6.09768724442, 39.843132019, 56.6107330322, 251.313873291, 65.3850631714, 107.38205719, 619.799560547, 870.843383789, 11836.5644531, 8280.54882812, 8446.54101562, 1981.20788574, 9954.00976562, 3476.52734375, 8906.39160156, 5778.98974609, 5719.83984375, 5577.35791016, 1035.75061035, 2206.64453125, 5012.82568359, 1935.74328613, 252.351577759, 338.324157715, 257.301605225, 682.159667969, 1966.63806152, 829.784118652, 704.564025879, 167.598892212, 28.3306770325, 3.94996881485, 0.826942622662, 0.421271294355, 0.098252274096, 0.00544289499521, 4.36061236542e-05, 1.49006771366e-08, 5.3264764821e-10]
    },
    "gfcc": {
        "mean": [36.1811943054, 98.5101165771, -113.51651001, 42.5210418701, -57.1344604492, 18.2278652191, -37.2846221924, 7.83900022507, -19.2009601593, 7.0497546196, -14.1707391739, -1.75379574299, -16.1393890381],
        "cov": [[3171.14282227, -1247.27697754, -910.350219727, -427.692230225, -180.51234436, 304.734588623, -56.9565544128, 377.533508301, -249.274765015, 279.634338379, -363.869903564, 199.143356323, -228.147613525], [-1247.27697754, 748.289855957, 234.925018311, 117.053382874, 102.889068604, -157.245437622, 57.6726379395, -155.37310791, 137.018753052, -141.851013184, 192.065963745, -101.789047241, 119.068115234], [-910.350219727, 234.925018311, 614.447814941, 163.766433716, 38.8466415405, -62.1537475586, -6.711124897, -94.5678787231, 39.318195343, -50.3122291565, 56.0454902649, -20.1932811737, 37.3503379822], [-427.692230225, 117.053382874, 163.766433716, 274.481933594, -7.98376893997, -10.820892334, -6.24738454819, -85.0942306519, 46.0234298706, -80.9660263062, 50.3663635254, -43.6409721375, 74.6944732666], [-180.51234436, 102.889068604, 38.8466415405, -7.98376893997, 176.896774292, -12.8244562149, 24.0379447937, 23.2754745483, 19.5847606659, 21.0545291901, 25.7056655884, 14.7732620239, 8.22554397583], [304.734588623, -157.245437622, -62.1537475586, -10.820892334, -12.8244562149, 117.215087891, 23.2052574158, 43.3721084595, -20.394203186, 35.3189926147, -20.6478404999, 18.510061264, -8.44825553894], [-56.9565544128, 57.6726379395, -6.711124897, -6.24738454819, 24.0379447937, 23.2052574158, 94.2588882446, 21.0015525818, 33.9955215454, 9.3367357254, 27.8943462372, 16.9410896301, 9.6027135849], [377.533508301, -155.37310791, -94.5678787231, -85.0942306519, 23.2754745483, 43.3721084595, 21.0015525818, 126.802337646, -6.61747932434, 67.3352508545, -43.5643005371, 40.0720825195, -35.4432868958], [-249.274765015, 137.018753052, 39.318195343, 46.0234298706, 19.5847606659, -20.394203186, 33.9955215454, -6.61747932434, 96.3022842407, -1.78302061558, 45.8932418823, -15.3205547333, 26.418680191], [279.634338379, -141.851013184, -50.3122291565, -80.9660263062, 21.0545291901, 35.3189926147, 9.3367357254, 67.3352508545, -1.78302061558, 114.97567749, -13.3332633972, 42.4295768738, -43.3263397217], [-363.869903564, 192.065963745, 56.0454902649, 50.3663635254, 25.7056655884, -20.6478404999, 27.8943462372, -43.5643005371, 45.8932418823, -13.3332633972, 111.608879089, -11.1149625778, 40.0320663452], [199.143356323, -101.789047241, -20.1932811737, -43.6409721375, 14.7732620239, 18.510061264, 16.9410896301, 40.0720825195, -15.3205547333, 42.4295768738, -11.1149625778, 76.7296600342, -7.28570413589], [-228.147613525, 119.068115234, 37.3503379822, 74.6944732666, 8.22554397583, -8.44825553894, 9.6027135849, -35.4432868958, 26.418680191, -43.3263397217, 40.0320663452, -7.28570413589, 76.0188064575]],
        "icov": [[0.00275611481629, 0.000192490158952, 0.00265454966575, -0.000518512213603, 0.0016787663335, -0.00274439831264, 0.00134342571255, -0.00218494888395, 0.00170142680872, -0.00159607466776, 0.00360731803812, -0.00339751527645, 0.00177408207674], [0.000192490158952, 0.0118307759985, -0.0016635148786, 0.00547977350652, -0.00448234053329, 0.00756000261754, -0.00501625193283, 0.00308269471861, -0.00549264717847, 0.00700079509988, -0.00990541372448, 0.00933242682368, -0.00711408443749], [0.00265454966575, -0.0016635148786, 0.00502975797281, -0.00263353739865, 0.00179270864464, -0.00310865556821, 0.00202773325145, -0.00149101694115, 0.00232065259479, -0.00283685373142, 0.00496271438897, -0.00543820904568, 0.00364006380551], [-0.000518512213603, 0.00547977350652, -0.00263353739865, 0.00985854305327, -0.00236814119853, 0.00160331104416, -0.00109919626266, 0.00369368400425, -0.0056231720373, 0.00591869652271, -0.00537948217243, 0.00602515041828, -0.00749868806452], [0.0016787663335, -0.00448234053329, 0.00179270864464, -0.00236814119853, 0.00949145387858, -0.00314955157228, 0.00167827948462, -0.00469067832455, 0.00362351327203, -0.00493576237932, 0.00474736280739, -0.00577921513468, 0.00260277837515], [-0.00274439831264, 0.00756000261754, -0.00310865556821, 0.00160331104416, -0.00314955157228, 0.02089256607, -0.00950283650309, 0.00128986418713, -0.000264177302597, 0.00136066891719, -0.00904699601233, 0.0112709626555, -0.00894950795919], [0.00134342571255, -0.00501625193283, 0.00202773325145, -0.00109919626266, 0.00167827948462, -0.00950283650309, 0.0192443225533, -0.00446289684623, -0.00330423121341, 0.000319714570651, 0.00224052462727, -0.0101810824126, 0.00539806066081], [-0.00218494888395, 0.00308269471861, -0.00149101694115, 0.00369368400425, -0.00469067832455, 0.00128986418713, -0.00446289684623, 0.0199744757265, -0.00621440401301, -0.00154462445062, 0.00034097165917, 0.00204353639856, -0.00245938613079], [0.00170142680872, -0.00549264717847, 0.00232065259479, -0.0056231720373, 0.00362351327203, -0.000264177302597, -0.00330423121341, -0.00621440401301, 0.0223020929843, -0.00944445561618, 0.00345363863744, -0.000756943249144, 0.000168314683833], [-0.00159607466776, 0.00700079509988, -0.00283685373142, 0.00591869652271, -0.00493576237932, 0.00136066891719, 0.000319714570651, -0.00154462445062, -0.00944445561618, 0.0254186075181, -0.0123001523316, 6.39905556454e-05, 0.00400034384802], [0.00360731803812, -0.00990541372448, 0.00496271438897, -0.00537948217243, 0.00474736280739, -0.00904699601233, 0.00224052462727, 0.00034097165917, 0.00345363863744, -0.0123001523316, 0.029495652765, -0.0116417175159, 0.00268639181741], [-0.00339751527645, 0.00933242682368, -0.00543820904568, 0.00602515041828, -0.00577921513468, 0.0112709626555, -0.0101810824126, 0.00204353639856, -0.000756943249144, 6.39905556454e-05, -0.0116417175159, 0.0325612984598, -0.0143945859745], [0.00177408207674, -0.00711408443749, 0.00364006380551, -0.00749868806452, 0.00260277837515, -0.00894950795919, 0.00539806066081, -0.00245938613079, 0.000168314683833, 0.00400034384802, 0.00268639181741, -0.0143945859745, 0.0315237976611]]
    },
    "melbands": {
        "dmean": [0.00126191298477, 0.00136454973835, 0.000902295403648, 0.000500804395415, 0.000172228683368, 0.000245446688496, 0.000208011537325, 0.000244611728704, 0.000159452451044, 0.000152257649461, 7.60414404795e-05, 7.04993872205e-05, 4.00227036153e-05, 6.75613773637e-05, 4.13238776673e-05, 8.47304909257e-05, 5.25250252394e-05, 3.94577909901e-05, 2.27018063015e-05, 2.07759130717e-05, 2.26204701903e-05, 2.22764992941e-05, 1.59503561008e-05, 6.70908866596e-06, 6.38971823719e-06, 5.28165128344e-06, 5.15029114467e-06, 3.76524030798e-06, 3.50701293428e-06, 4.74701255371e-06, 4.54410337625e-06, 3.28293435814e-06, 2.41952830038e-06, 2.63942547463e-06, 1.60325305387e-06, 1.26283100599e-06, 8.11258018985e-07, 6.16390764208e-07, 3.80584225468e-07, 3.09184713387e-07],
        "dmean2": [0.00231446698308, 0.00243013398722, 0.00156444008462, 0.000866584770847, 0.000278543739114, 0.000380008365028, 0.000326934270561, 0.000388302782085, 0.000243292743107, 0.000234992810874, 0.00011962580902, 0.000102329540823, 6.27354602329e-05, 0.000104381790152, 6.50306101306e-05, 0.000130974673084, 8.28458651085e-05, 6.20186838205e-05, 3.67841894331e-05, 3.36607117788e-05, 3.57196840923e-05, 3.59277291864e-05, 2.45021092269e-05, 1.0699833183e-05, 1.04357886812e-05, 8.71298925631e-06, 8.47564206197e-06, 5.90067975281e-06, 5.30087709194e-06, 7.59824024499e-06, 7.05789716449e-06, 5.1531869758e-06, 3.50855179931e-06, 4.04114916819e-06, 2.41794032263e-06, 1.88988451555e-06, 1.20498430078e-06, 9.17582212878e-07, 5.58200440537e-07, 4.71161541782e-07],
        "dvar": [7.99227109383e-06, 8.96499022929e-06, 2.65188373305e-06, 5.71949783534e-07, 4.99421553002e-08, 1.06838008662e-07, 9.31286479045e-08, 3.79667881134e-07, 1.54982245704e-07, 1.35419014669e-07, 1.84396142799e-08, 5.05696355901e-08, 1.8010378966e-08, 2.9544496627e-08, 5.44864953156e-09, 2.56727918924e-08, 1.00858459362e-08, 9.53785050939e-09, 2.81727530194e-09, 1.51694612427e-09, 2.92769586352e-09, 2.45960540823e-09, 3.83862497344e-09, 1.30936164688e-10, 7.39916669601e-11, 8.83413620034e-11, 6.05301572754e-11, 3.49020708168e-11, 7.28682184037e-11, 2.47448478374e-10, 2.78722794844e-10, 1.09337719434e-10, 4.32735097755e-11, 8.61567553412e-11, 1.98148927821e-11, 9.88189651635e-12, 3.25088415389e-12, 1.16776716335e-12, 2.64248936318e-13, 4.21744372281e-13],
        "dvar2": [2.44215061684e-05, 2.63864712906e-05, 7.6590495155e-06, 1.68196004324e-06, 1.11692621374e-07, 2.43744295858e-07, 2.20603737944e-07, 8.83318136857e-07, 3.16424205948e-07, 3.5603667925e-07, 4.293291056e-08, 8.88555646839e-08, 3.37226531144e-08, 6.76522020626e-08, 1.15588951743e-08, 5.76426266718e-08, 2.48322375995e-08, 2.0497720854e-08, 7.19529280602e-09, 3.51530027309e-09, 6.50189102558e-09, 6.32566310443e-09, 8.54117576665e-09, 2.79437306627e-10, 1.64060653951e-10, 2.22660431759e-10, 1.54621274118e-10, 5.79537910717e-11, 1.21577817258e-10, 5.08229291984e-10, 6.37933150749e-10, 2.53541104778e-10, 7.99344618274e-11, 1.98399643936e-10, 3.48054120247e-11, 2.1674211037e-11, 7.27182550286e-12, 2.6360187904e-12, 5.83593828644e-13, 9.02185878088e-13],
        "max": [0.0226851329207, 0.0270378049463, 0.015712050721, 0.00741328950971, 0.0038327483926, 0.00414872216061, 0.00507257459685, 0.00966231524944, 0.0107313431799, 0.00662806397304, 0.00272873160429, 0.00747142033651, 0.00362240429968, 0.00332177407108, 0.00140268413816, 0.00211345008574, 0.00130137102678, 0.00178336596582, 0.00117780582514, 0.000747756392229, 0.00121000094805, 0.00108031684067, 0.00169647915754, 0.00027670248528, 0.000184043252375, 0.000265245704213, 0.000176200584974, 0.000173151231138, 0.000224860545131, 0.000302609725622, 0.000318831589539, 0.000184936609003, 0.000144927995279, 0.000218777262489, 9.28501322051e-05, 6.43534585834e-05, 3.12246011163e-05, 1.58402999659e-05, 6.0315464907e-06, 1.20969916679e-05],
        "mean": [0.00209227646701, 0.00344840693288, 0.00142702646554, 0.000763573101722, 0.000346947956132, 0.000512245635036, 0.000440507370513, 0.000580801977776, 0.000287135218969, 0.000286556372885, 0.000138060684549, 0.000130989748868, 6.88075961079e-05, 0.000116640687338, 8.22048459668e-05, 0.000146399834193, 9.80364711722e-05, 6.9809917477e-05, 3.89290726162e-05, 3.65034356946e-05, 3.97746516683e-05, 4.01944889745e-05, 3.03450269712e-05, 1.42909611895e-05, 1.32812365337e-05, 1.12542629722e-05, 1.11466670205e-05, 8.72099553817e-06, 7.92397804616e-06, 9.67270261754e-06, 8.19839260657e-06, 6.40968892185e-06, 5.32844296686e-06, 5.27495149072e-06, 3.51422045242e-06, 2.49194295066e-06, 1.67978339505e-06, 1.21270386444e-06, 6.915610129e-07, 5.13492182108e-07],
        "median": [0.00138697773218, 0.00254086731002, 0.000927169807255, 0.000513486738782, 0.000250920740655, 0.00033448060276, 0.000302789558191, 0.000170896862983, 0.000114237576781, 8.17450345494e-05, 7.41522526368e-05, 5.35106373718e-05, 3.9509308408e-05, 4.63611868327e-05, 3.9676673623e-05, 4.89916310471e-05, 4.76851055282e-05, 3.95901079173e-05, 2.12862796616e-05, 2.25146213779e-05, 2.45070550591e-05, 2.31014582823e-05, 1.51318999997e-05, 1.13110518214e-05, 1.04336022559e-05, 8.83638222149e-06, 9.15205419005e-06, 6.95603284839e-06, 5.17134731126e-06, 4.36708251073e-06, 2.30962723435e-06, 2.21450341087e-06, 2.04693765227e-06, 1.74556021193e-06, 1.42194960517e-06, 1.12463885671e-06, 7.91786874288e-07, 6.14083489836e-07, 4.75131940902e-07, 3.2642785186e-07],
        "min": [7.8682860476e-06, 0.000108636610094, 4.41152806161e-05, 2.59641983575e-05, 7.93329945736e-06, 2.29450688494e-05, 6.6171405706e-06, 2.86443514597e-06, 8.26306575163e-07, 5.82070526889e-07, 1.67536271078e-07, 8.01643409432e-08, 1.07793972859e-07, 1.14175179533e-07, 1.17243345699e-07, 7.20228072737e-08, 6.0131313262e-08, 3.97665012031e-08, 3.75773225869e-08, 3.61505314572e-08, 2.64219846002e-08, 1.88645845611e-08, 3.21189048691e-08, 2.13662616488e-08, 2.07268335828e-08, 2.10991153438e-08, 1.83838047008e-08, 1.60719189068e-08, 8.55645687636e-09, 8.07790812019e-09, 7.28384819126e-09, 5.94113291896e-09, 4.00101685116e-09, 2.65020827506e-09, 5.74793235231e-09, 3.11938386233e-09, 6.41314390482e-10, 5.26469090545e-10, 2.00418848184e-10, 2.10411132961e-11],
