{
"highlevel": {
    "danceability": {
        "all": {
            "danceable": 0.998090207577,
            "not_danceable": 0.0019098110497
        },
        "probability": 0.998090207577,
        "value": "danceable"
    },
    "gender": {
        "all": {
            "female": 0.0234647840261,
            "male": 0.976535201073
        },
        "probability": 0.976535201073,
        "value": "male"
    },
    "genre_dortmund": {
        "all": {
            "alternative": 0.0570429116488,
            "blues": 0.254383295774,
            "electronic": 0.104336880147,
            "folkcountry": 0.102045632899,
            "funksoulrnb": 0.0284647755325,
            "jazz": 0.0821353197098,
            "pop": 0.0991383194923,
            "raphiphop": 0.177801012993,
            "rock": 0.0946518629789
        },
        "probability": 0.254383295774,
        "value": "blues"
    },
    "genre_electronic": {
        "all": {
            "ambient": 0.246931046247,
            "dnb": 0.119237847626,
            "house": 0.18944786489,
            "techno": 0.0237241853029,
            "trance": 0.420659065247
        },
        "probability": 0.420659065247,
        "value": "trance"
    },
    "genre_rosamerica": {
        "all": {
            "cla": 0.0118227796629,
            "dan": 0.0639141350985,
            "hip": 0.110071741045,
            "jaz": 0.0199116431177,
            "pop": 0.555542945862,
            "rhy": 0.177543267608,
            "roc": 0.055078137666,
            "spe": 0.00611536251381
        },
        "probability": 0.555542945862,
        "value": "pop"
    },
    "genre_tzanetakis": {
        "all": {
            "blu": 0.0626613423228,
            "cla": 0.0348169617355,
            "cou": 0.104475811124,
            "dis": 0.0784321576357,
            "hip": 0.15692435205,
            "jaz": 0.313974827528,
            "met": 0.0448166541755,
            "pop": 0.0627359300852,
            "reg": 0.0627360641956,
            "roc": 0.0784258767962
        },
        "probability": 0.313974827528,
        "value": "jaz"
    },
    "ismir04_rhythm": {
        "all": {
            "ChaChaCha": 0.821421384811,
            "Jive": 0.0592667199671,
            "Quickstep": 0.00351403630339,
            "Rumba-American": 0.0148375332355,
            "Rumba-International": 0.0464189872146,
            "Rumba-Misc": 0.00517336418852,
            "Samba": 0.0173356644809,
            "Tango": 0.00332212354988,
            "VienneseWaltz": 0.0255012419075,
            "Waltz": 0.00320893805474
        },
        "probability": 0.821421384811,
        "value": "ChaChaCha"
    },
    "mood_acoustic": {
        "all": {
            "acoustic": 0.0158958770335,
            "not_acoustic": 0.984104096889
        },
        "probability": 0.984104096889,
        "value": "not_acoustic"
    },
    "mood_aggressive": {
        "all": {
            "aggressive": 0.19885712862,
            "not_aggressive": 0.80114287138
        },
        "probability": 0.80114287138,
        "value": "not_aggressive"
    },
    "mood_electronic": {
        "all": {
            "electronic": 0.619895398617,
            "not_electronic": 0.380104631186
        },
        "probability": 0.619895398617,
        "value": "electronic"
    },
    "mood_happy": {
        "all": {
            "happy": 0.828503012657,
            "not_happy": 0.171496972442
        },
        "probability": 0.828503012657,
        "value": "happy"
    },
    "mood_party": {
        "all": {
            "not_party": 0.33562964201,
            "party": 0.66437035799
        },
        "probability": 0.66437035799,
        "value": "party"
    },
    "mood_relaxed": {
        "all": {
            "not_relaxed": 0.428243875504,
            "relaxed": 0.571756124496
        },
        "probability": 0.571756124496,
        "value": "relaxed"
    },
    "mood_sad": {
        "all": {
            "not_sad": 0.882521808147,
            "sad": 0.117478184402
        },
        "probability": 0.882521808147,
        "value": "not_sad"
    },
    "moods_mirex": {
        "all": {
            "Cluster1": 0.181342050433,
            "Cluster2": 0.311987817287,
            "Cluster3": 0.127678215504,
            "Cluster4": 0.32953736186,
            "Cluster5": 0.0494545511901
        },
        "probability": 0.32953736186,
        "value": "Cluster4"
    },
    "timbre": {
        "all": {
            "bright": 0.999998390675,
            "dark": 1.58021418883e-06
        },
        "probability": 0.999998390675,
        "value": "bright"
    },
    "tonal_atonal": {
        "all": {
            "atonal": 0.054180432111,
            "tonal": 0.945819556713
        },
        "probability": 0.945819556713,
        "value": "tonal"
    },
    "voice_instrumental": {
        "all": {
            "instrumental": 0.395181804895,
            "voice": 0.604818224907
        },
        "probability": 0.604818224907,
        "value": "voice"
    }
},
"lowlevel": {
    "average_loudness": 0.975659549236,
    "barkbands_crest": {
        "dmean": 3.20895195007,
        "dmean2": 4.97633314133,
        "dvar": 8.92854881287,
        "dvar2": 20.9596557617,
        "max": 26.0972156525,
        "mean": 13.4741544724,
        "median": 13.2922668457,
        "min": 2.77799010277,
        "var": 26.958656311
    },
    "barkbands_flatness_db": {
        "dmean": 0.0319639518857,
        "dmean2": 0.0457068011165,
        "dvar": 0.00115935737267,
        "dvar2": 0.00212803529575,
        "max": 0.416172772646,
        "mean": 0.168505907059,
        "median": 0.164410576224,
        "min": 0.0355723947287,
        "var": 0.00359558407217
    },
    "barkbands_kurtosis": {
        "dmean": 5.39684581757,
        "dmean2": 8.41150569916,
        "dvar": 179.86529541,
        "dvar2": 360.793304443,
        "max": 208.930877686,
        "mean": 6.00355672836,
        "median": 1.59010267258,
        "min": -1.92689156532,
        "var": 273.622619629
    },
    "barkbands_skewness": {
        "dmean": 0.847267389297,
        "dmean2": 1.25344729424,
        "dvar": 1.12194848061,
        "dvar2": 2.32175755501,
        "max": 13.5161800385,
        "mean": 1.69808506966,
        "median": 1.40441977978,
        "min": -2.20099806786,
        "var": 2.71107673645
    },
    "barkbands_spread": {
        "dmean": 7.70731639862,
        "dmean2": 11.2792272568,
        "dvar": 67.749420166,
        "dvar2": 150.784484863,
        "max": 83.8573532104,
        "mean": 22.9309329987,
        "median": 21.7903137207,
        "min": 0.788055062294,
        "var": 168.862762451
    },
    "dissonance": {
        "dmean": 0.0244449041784,
        "dmean2": 0.0406029596925,
        "dvar": 0.000530461838935,
        "dvar2": 0.00140641210601,
        "max": 0.4999319911,
        "mean": 0.457154512405,
        "median": 0.464745134115,
        "min": 0.25353243947,
        "var": 0.00100317236502
    },
    "dynamic_complexity": 1.96620237827,
    "erbbands_crest": {
        "dmean": 3.68076920509,
        "dmean2": 5.87119293213,
        "dvar": 10.9497699738,
        "dvar2": 25.8497161865,
        "max": 27.9442939758,
        "mean": 11.1637248993,
        "median": 10.1347179413,
        "min": 2.76173734665,
        "var": 24.7970085144
    },
    "erbbands_flatness_db": {
        "dmean": 0.0256815869361,
        "dmean2": 0.0347961299121,
        "dvar": 0.000561990949791,
        "dvar2": 0.000981083139777,
        "max": 0.318816632032,
        "mean": 0.16875679791,
        "median": 0.168096467853,
        "min": 0.0635538324714,
        "var": 0.00241454713978
    },
    "erbbands_kurtosis": {
        "dmean": 1.39391160011,
        "dmean2": 2.16053891182,
        "dvar": 3.02675795555,
        "dvar2": 7.07519006729,
        "max": 20.0707702637,
        "mean": 1.19804620743,
        "median": 0.520271062851,
        "min": -1.65534222126,
        "var": 5.87589263916
    },
    "erbbands_skewness": {
        "dmean": 0.462416172028,
        "dmean2": 0.700790166855,
        "dvar": 0.200517475605,
        "dvar2": 0.44489338994,
        "max": 4.16090393066,
        "mean": 0.228446513414,
        "median": 0.154658660293,
        "min": -2.92256236076,
        "var": 0.745596945286
    },
    "erbbands_spread": {
        "dmean": 11.3831777573,
        "dmean2": 16.5352859497,
        "dvar": 149.709732056,
        "dvar2": 306.419799805,
        "max": 124.239395142,
        "mean": 34.5039558411,
        "median": 29.5064048767,
        "min": 4.92612361908,
        "var": 392.530975342
    },
    "hfc": {
        "dmean": 11.5688400269,
        "dmean2": 16.538192749,
        "dvar": 276.07409668,
        "dvar2": 604.749023438,
        "max": 138.117828369,
        "mean": 24.6155014038,
        "median": 20.2534942627,
        "min": 0.205798923969,
        "var": 415.267608643
    },
    "melbands_crest": {
        "dmean": 3.94412279129,
        "dmean2": 6.21668958664,
        "dvar": 15.2810926437,
        "dvar2": 35.6594810486,
        "max": 36.578327179,
        "mean": 18.7635555267,
        "median": 17.9662380219,
        "min": 3.3401119709,
        "var": 52.5689468384
    },
    "melbands_flatness_db": {
        "dmean": 0.0378199107945,
        "dmean2": 0.0531996190548,
        "dvar": 0.00169188156724,
        "dvar2": 0.00342127308249,
        "max": 0.503663539886,
        "mean": 0.215115338564,
        "median": 0.20866984129,
        "min": 0.0359729193151,
        "var": 0.00618148129433
    },
    "melbands_kurtosis": {
        "dmean": 12.7756748199,
        "dmean2": 19.7165737152,
        "dvar": 690.472900391,
        "dvar2": 1491.55895996,
        "max": 355.900726318,
        "mean": 17.3182258606,
        "median": 7.45599746704,
        "min": -1.84237110615,
        "var": 1038.61584473
    },
    "melbands_skewness": {
        "dmean": 1.16037678719,
        "dmean2": 1.70638620853,
        "dvar": 1.86165225506,
        "dvar2": 3.98259282112,
        "max": 15.3797941208,
        "mean": 2.90932035446,
        "median": 2.49931144714,
        "min": -1.26641309261,
        "var": 4.69247293472
    },
    "melbands_spread": {
        "dmean": 10.2668161392,
        "dmean2": 15.5378904343,
        "dvar": 197.860931396,
        "dvar2": 447.232177734,
        "max": 230.762939453,
        "mean": 24.3769416809,
        "median": 20.2095680237,
        "min": 0.630853891373,
        "var": 397.6796875
    },
    "pitch_salience": {
        "dmean": 0.0905629470944,
        "dmean2": 0.140763640404,
        "dvar": 0.00800616201013,
        "dvar2": 0.0188886579126,
        "max": 0.859529316425,
        "mean": 0.46359667182,
        "median": 0.454851955175,
        "min": 0.0518342666328,
        "var": 0.0250354800373
    },
    "silence_rate_20dB": {
        "dmean": 0,
        "dmean2": 0,
        "dvar": 0,
        "dvar2": 0,
        "max": 1,
        "mean": 1,
        "median": 1,
        "min": 1,
        "var": 0
    },
    "silence_rate_30dB": {
        "dmean": 0.0123839005828,
        "dmean2": 0.0247869864106,
        "dvar": 0.0122306505218,
        "dvar2": 0.0365658700466,
        "max": 1,
        "mean": 0.993812859058,
        "median": 1,
        "min": 0,
        "var": 0.00614883843809
    },
    "silence_rate_60dB": {
        "dmean": 0.0294117648154,
        "dmean2": 0.0588690936565,
        "dvar": 0.0285470988601,
        "dvar2": 0.0708944201469,
        "max": 1,
        "mean": 0.0348027832806,
        "median": 0,
        "min": 0,
        "var": 0.0335917919874
    },
    "spectral_centroid": {
        "dmean": 333.365234375,
        "dmean2": 497.414794922,
        "dvar": 134308.546875,
        "dvar2": 292711.0625,
        "max": 4723.77587891,
        "mean": 1467.86877441,
        "median": 1493.88671875,
        "min": 223.885437012,
        "var": 344632.96875
    },
    "spectral_complexity": {
        "dmean": 6.06037139893,
        "dmean2": 8.24399662018,
        "dvar": 57.0954055786,
        "dvar2": 103.53981781,
        "max": 58,
        "mean": 17.3333339691,
        "median": 14,
        "min": 0,
        "var": 127.240028381
    },
    "spectral_decrease": {
        "dmean": 2.94421043101e-09,
        "dmean2": 4.1541476925e-09,
        "dvar": 1.52012023416e-17,
        "dvar2": 2.9499735568e-17,
        "max": -3.40757248807e-11,
        "mean": -8.94199825296e-09,
        "median": -8.20441226068e-09,
        "min": -3.5308158175e-08,
        "var": 4.07592750527e-17
    },
    "spectral_energy": {
        "dmean": 0.0117638874799,
        "dmean2": 0.0165194869041,
        "dvar": 0.000234597100643,
        "dvar2": 0.00044756339048,
        "max": 0.137348979712,
        "mean": 0.0359818041325,
        "median": 0.0330565981567,
        "min": 0.000147275393829,
        "var": 0.000630184193142
    },
    "spectral_energyband_high": {
        "dmean": 0.000688155880198,
        "dmean2": 0.000932382652536,
        "dvar": 1.37314714266e-06,
        "dvar2": 2.67015843747e-06,
        "max": 0.0111544588581,
        "mean": 0.000977087183855,
        "median": 0.000409971311456,
        "min": 3.2224181723e-06,
        "var": 2.06246545531e-06
    },
    "spectral_energyband_low": {
        "dmean": 0.00640791654587,
        "dmean2": 0.0094387549907,
        "dvar": 0.000148794439156,
        "dvar2": 0.000327505054884,
        "max": 0.119279488921,
        "mean": 0.0182529650629,
        "median": 0.0139574864879,
        "min": 9.31192474241e-08,
        "var": 0.000385642109904
    },
    "spectral_energyband_middle_high": {
        "dmean": 0.00337050086819,
        "dmean2": 0.00520428875461,
        "dvar": 2.14292467717e-05,
        "dvar2": 5.30051111127e-05,
        "max": 0.0469641014934,
        "mean": 0.00700638396665,
        "median": 0.00618173042312,
        "min": 6.91421810188e-05,
        "var": 3.27794150508e-05
    },
    "spectral_energyband_middle_low": {
        "dmean": 0.00622400408611,
        "dmean2": 0.00906786974519,
        "dvar": 0.000105598948721,
        "dvar2": 0.000212828628719,
        "max": 0.102827779949,
        "mean": 0.0106527106836,
        "median": 0.00592459179461,
        "min": 3.72049944417e-05,
        "var": 0.000188217367395
    },
    "spectral_entropy": {
        "dmean": 0.246568098664,
        "dmean2": 0.33295288682,
        "dvar": 0.0571654289961,
        "dvar2": 0.104016147554,
        "max": 8.6824131012,
        "mean": 7.4871711731,
        "median": 7.47041130066,
        "min": 6.09600448608,
        "var": 0.203919261694
    },
    "spectral_flux": {
        "dmean": 0.0379006043077,
        "dmean2": 0.0585377961397,
        "dvar": 0.00160040776245,
        "dvar2": 0.00374679733068,
        "max": 0.313354462385,
        "mean": 0.0980103686452,
        "median": 0.0888180881739,
        "min": 0.00719845388085,
        "var": 0.00328113371506
    },
    "spectral_kurtosis": {
        "dmean": 1.84754681587,
        "dmean2": 2.83638381958,
        "dvar": 3.4399433136,
        "dvar2": 8.16369724274,
        "max": 17.6116313934,
        "mean": 4.77058267593,
        "median": 4.36177206039,
        "min": -1.31412565708,
        "var": 7.97556638718
    },
    "spectral_rms": {
        "dmean": 0.000961993588135,
        "dmean2": 0.00132774352096,
        "dvar": 1.33750222631e-06,
        "dvar2": 2.34268009081e-06,
        "max": 0.0115757938474,
        "mean": 0.00551804061979,
        "median": 0.00567893823609,
        "min": 0.000379055825761,
        "var": 4.65545053885e-06
    },
    "spectral_rolloff": {
        "dmean": 652.563781738,
        "dmean2": 1074.9921875,
        "dvar": 1071578.5,
        "dvar2": 2532413.25,
        "max": 11649.4628906,
        "mean": 1501.16516113,
        "median": 1291.9921875,
        "min": 43.06640625,
        "var": 1997959.625
    },
    "spectral_skewness": {
        "dmean": 0.277110487223,
        "dmean2": 0.404749780893,
        "dvar": 0.0694752335548,
        "dvar2": 0.140244916081,
        "max": 3.37977981567,
        "mean": 1.7104268074,
        "median": 1.71024572849,
        "min": 0.0599998012185,
        "var": 0.206367343664
    },
    "spectral_spread": {
        "dmean": 806391.4375,
        "dmean2": 1132217,
        "dvar": 1.01478806323e+12,
        "dvar2": 1.87112502067e+12,
        "max": 15484208,
        "mean": 4914609,
        "median": 4637167.5,
        "min": 1970512.875,
        "var": 2.54524915712e+12
    },
    "spectral_strongpeak": {
        "dmean": 0.440356224775,
        "dmean2": 0.734731793404,
        "dvar": 0.556765258312,
        "dvar2": 1.30836057663,
        "max": 7.25108385086,
        "mean": 0.925435364246,
        "median": 0.445344895124,
        "min": 0,
        "var": 1.08191335201
    },
    "zerocrossingrate": {
        "dmean": 0.0132939480245,
        "dmean2": 0.0146034294739,
        "dvar": 0.000220470727072,
        "dvar2": 0.000238700857153,
        "max": 0.322265625,
        "mean": 0.0585861988366,
        "median": 0.0517578125,
        "min": 0.00244140625,
        "var": 0.00144762801938
    },
    "barkbands": {
        "dmean": [0.000664888648316, 0.00542594213039, 0.00149549404159, 0.00126748904586, 0.00293009146117, 0.00121391599532, 0.000469463819172, 0.000765607110225, 0.00141780136619, 0.000584343913943, 0.000462342810351, 0.000491592392791, 0.000630955153611, 0.0006031197845, 0.000677735195495, 0.000548279786017, 0.000687011401169, 0.000498868292198, 0.000233486134675, 0.000155050613103, 0.000131331573357, 0.000136741728056, 0.000148428938701, 0.000139157462399, 9.99324256554e-05, 5.34279060957e-05, 3.5339024862e-07],
        "dmean2": [0.00104478443973, 0.00867954920977, 0.00232838559896, 0.00173824303783, 0.00433867238462, 0.00194805779029, 0.000755573855713, 0.00125233631115, 0.00231761811301, 0.000930257607251, 0.000677164411172, 0.000784595846198, 0.000981762073934, 0.00096754648257, 0.00109007989522, 0.000891102361493, 0.00109197874554, 0.000827213400044, 0.000381920835935, 0.000234731167438, 0.000194290361833, 0.000194961568923, 0.000217593013076, 0.00020179344574, 0.000147238373756, 8.14377417555e-05, 5.75470266995e-07],
        "dvar": [2.20521565097e-06, 0.000112390909635, 1.86151537491e-05, 1.20390704978e-05, 6.83969628881e-05, 3.9543042476e-06, 1.05595540845e-06, 3.38642576025e-06, 7.55378368922e-06, 1.24506163957e-06, 9.04133571566e-07, 1.16103933578e-06, 1.27416103624e-06, 1.15945874768e-06, 1.21542177567e-06, 1.06518484699e-06, 1.59246621934e-06, 1.06899824459e-06, 1.55823414616e-07, 7.77555655418e-08, 5.47934746464e-08, 6.36624406525e-08, 6.53083418456e-08, 6.05464620662e-08, 4.00006321399e-08, 1.68562994673e-08, 1.66369587377e-12],
        "dvar2": [5.14151315656e-06, 0.000292785902275, 4.06452854804e-05, 2.1164840291e-05, 0.000137232622365, 9.80000459094e-06, 2.56578255176e-06, 7.98445398686e-06, 1.83471911441e-05, 2.69354040938e-06, 1.99137480195e-06, 2.79445566775e-06, 2.77778053714e-06, 2.76538298749e-06, 3.0571654861e-06, 2.6210757369e-06, 4.05543141824e-06, 2.85482860818e-06, 4.11457904193e-07, 1.81340112704e-07, 1.24725147543e-07, 1.25416931951e-07, 1.22756816268e-07, 1.28509043407e-07, 8.53096082665e-08, 4.08679632358e-08, 4.22265694633e-12],
        "max": [0.0140086347237, 0.0926683470607, 0.0420917607844, 0.0478208735585, 0.0843857973814, 0.0245134979486, 0.0152877410874, 0.0270249452442, 0.021187633276, 0.0157578997314, 0.0104222400114, 0.0132771329954, 0.0118601508439, 0.0103802708909, 0.00967981945723, 0.00929086748511, 0.0156039167196, 0.0100054722279, 0.00329181924462, 0.00288957427256, 0.00196504150517, 0.00260773836635, 0.00260868435726, 0.00320012588054, 0.00172879640013, 0.00155302823987, 1.98331326828e-05],
        "mean": [0.0010989124421, 0.0145096499473, 0.00190088199452, 0.00158076232765, 0.00347096705809, 0.00191239069682, 0.000615592871327, 0.000928665918764, 0.0018185202498, 0.000838122447021, 0.000693753943779, 0.000676915748045, 0.000919048849028, 0.000767997815274, 0.000828785938211, 0.000614861841314, 0.0008880085079, 0.00056086940458, 0.000281745800748, 0.000178885587957, 0.000153450513608, 0.000178274523932, 0.000206910903216, 0.000176551096956, 0.000122113386169, 5.8880141296e-05, 2.70076441211e-07],
        "median": [6.51136433589e-05, 0.0114831374958, 0.000110165980004, 0.000122550336528, 0.000446634308901, 0.000922640552744, 0.000168148850207, 0.000245540053584, 0.000502437411342, 0.00023450802837, 0.000141348937177, 0.000182284944458, 0.000304992776364, 0.00018541951431, 0.000269060721621, 0.000196817869437, 0.00040479467134, 0.000218815126573, 0.000130919652293, 4.50273619208e-05, 3.99002638005e-05, 6.68587890686e-05, 7.35444045858e-05, 5.70444826735e-05, 3.19437713188e-05, 1.62800661201e-05, 1.27062838029e-09],
        "min": [1.25619492586e-09, 1.7558493326e-08, 9.8010115579e-09, 1.40031772844e-08, 5.89765477343e-07, 1.43696661326e-06, 7.66538164498e-07, 7.9577142742e-07, 9.49099160152e-07, 8.28720544632e-07, 1.07500170543e-06, 4.78394042602e-07, 2.74915890941e-07, 1.8816562033e-06, 9.43974157508e-07, 3.72398233139e-07, 1.37027473102e-06, 2.1274579467e-06, 7.99277700025e-07, 1.77793921807e-07, 1.28226878005e-08, 2.4537155241e-07, 1.19795927844e-07, 2.77881468946e-07, 3.81613421419e-11, 1.04035356718e-11, 4.63466938438e-12],
        "var": [4.30496584158e-06, 0.000234725535847, 2.48150827247e-05, 2.48734231718e-05, 9.88791362033e-05, 7.57922862249e-06, 1.62281446592e-06, 4.80941116621e-06, 1.10528926598e-05, 2.2284161787e-06, 1.86581928574e-06, 1.67388418504e-06, 2.27081818593e-06, 1.92177685676e-06, 1.6790064592e-06, 1.17176614367e-06, 2.03871309168e-06, 9.41488224271e-07, 1.61167861279e-07, 9.31794943426e-08, 6.71343372005e-08, 8.72425331977e-08, 1.04369995313e-07, 8.87103155378e-08, 5.25170413823e-08, 1.70631526686e-08, 1.29369193309e-12]
    },
    "erbbands": {
        "dmean": [0.221793085337, 1.04738044739, 1.69086265564, 3.09491539001, 9.80506420135, 7.82941055298, 7.77336359024, 11.0392475128, 7.46754741669, 8.0256690979, 21.409198761, 35.7040214539, 17.2600708008, 17.3122253418, 19.5460109711, 20.7736949921, 25.4347820282, 31.580532074, 34.2569656372, 29.4223518372, 30.1989078522, 36.0988502502, 29.4679222107, 15.0373678207, 10.6106853485, 7.27796888351, 5.40208721161, 5.19608926773, 4.95428562164, 4.75286149979, 4.14091873169, 3.47146511078, 2.00767588615, 1.15677571297, 0.714627325535, 0.315934151411, 0.0900736898184, 0.00680803973228, 0.000171005827724, 2.35300722125e-05],
        "dmean2": [0.353593856096, 1.65157103539, 2.64101004601, 4.22500181198, 14.1014175415, 12.4343452454, 13.1634254456, 17.6782207489, 12.2829322815, 12.7646579742, 35.8432350159, 58.128238678, 26.8474445343, 26.2989845276, 29.4022808075, 32.6646614075, 38.6653518677, 48.9608879089, 54.0406913757, 47.5264434814, 48.1973800659, 57.6562614441, 47.6283149719, 24.9443359375, 17.0390224457, 11.0688114166, 7.79275465012, 7.78130197525, 7.22077894211, 6.58813476562, 6.11393404007, 5.06861257553, 2.88963866234, 1.72494423389, 1.04650354385, 0.47092962265, 0.141554772854, 0.0113499835134, 0.000265614537057, 3.34756987286e-05],
        "dvar": [0.186891213059, 5.18381118774, 23.410326004, 66.3714981079, 688.888977051, 620.734069824, 189.889755249, 413.492980957, 284.39453125, 403.752166748, 2281.13818359, 4791.18896484, 1283.31494141, 1193.46716309, 1909.39880371, 2147.84716797, 2041.20410156, 2561.97094727, 3286.28588867, 3010.27001953, 3049.55932617, 4248.79638672, 3021.26879883, 899.18536377, 352.051361084, 178.865371704, 88.8575668335, 94.2576522827, 88.8559875488, 69.9114532471, 47.6239967346, 41.9652938843, 11.640873909, 4.24773025513, 2.61389493942, 0.637387692928, 0.0428953282535, 0.000260384287685, 1.80832003593e-07, 1.75784808931e-09],
        "dvar2": [0.493375122547, 13.0092115402, 48.5666732788, 126.179985046, 1228.16967773, 1549.04284668, 509.59487915, 993.995849609, 732.448303223, 881.741943359, 5720.18408203, 11596.8984375, 2773.03442383, 2673.12719727, 4598.53662109, 4908.015625, 4427.68652344, 6030.06835938, 7854.92236328, 7532.49707031, 7708.03662109, 10811.8867188, 7946.62109375, 2462.78149414, 929.21875, 425.193267822, 191.640991211, 212.0050354, 181.175064087, 138.099456787, 90.1146850586, 86.4549865723, 24.6207561493, 8.84065723419, 5.9456372261, 1.4848908186, 0.109133884311, 0.000681130273733, 4.41788927219e-07, 3.67849595229e-09],
        "max": [4.09755659103, 24.6818389893, 44.5501747131, 103.962028503, 266.256134033, 247.770706177, 195.819564819, 306.256774902, 244.204498291, 428.749053955, 467.236846924, 613.924621582, 612.753601074, 424.738739014, 748.024047852, 669.515686035, 521.258300781, 512.830566406, 620.928222656, 563.626464844, 519.526000977, 726.496459961, 581.432373047, 285.611480713, 210.137130737, 132.977752686, 80.9429931641, 85.1438446045, 91.2958374023, 87.3202819824, 72.6955108643, 82.1393432617, 39.9848213196, 18.1799945831, 15.3681936264, 10.5129957199, 2.30157423019, 0.13857357204, 0.00450858520344, 0.000524878036231],
        "mean": [0.557698845863, 2.67403769493, 2.56274342537, 4.3364944458, 11.4978685379, 8.39736747742, 10.848033905, 17.1159343719, 11.0489854813, 10.08497715, 27.0098991394, 47.294834137, 25.1669483185, 25.2956809998, 30.9228782654, 32.7842597961, 38.7880363464, 46.2755241394, 47.2921333313, 34.7725753784, 35.8200836182, 47.4260368347, 36.8123664856, 17.1444759369, 13.018237114, 8.41485118866, 6.25629854202, 6.29636240005, 6.24468708038, 6.24268245697, 5.91203451157, 4.40581512451, 2.58166050911, 1.44950389862, 0.82097363472, 0.343571960926, 0.0977649316192, 0.00662922114134, 0.000190729639144, 5.50195109099e-05],
        "median": [0.245577901602, 2.11034917831, 0.814237654209, 0.420881927013, 0.722809791565, 1.34734797478, 4.84133768082, 7.38053798676, 3.75391554832, 3.32427978516, 8.09136676788, 14.137140274, 10.7617969513, 8.32936573029, 9.93162631989, 10.8309583664, 15.8855161667, 17.0408229828, 18.8284168243, 12.8368740082, 13.9322185516, 22.0290699005, 17.36378479, 8.39238071442, 5.45487117767, 2.32951831818, 1.42596423626, 1.88764894009, 2.3975610733, 1.90943455696, 2.18230557442, 1.41469466686, 0.887654781342, 0.449233353138, 0.180312469602, 0.0788979306817, 0.0301819574088, 0.00192305655219, 6.14984819549e-05, 4.31462285633e-05],
        "min": [1.25761573599e-06, 1.14883341666e-05, 1.19980295494e-05, 3.0285489629e-05, 0.000114658359962, 0.00183702586219, 0.00740025052801, 0.00558749074116, 0.0106858052313, 0.0390310101211, 0.0249004326761, 0.0295003335923, 0.0577216073871, 0.0897038131952, 0.0756007581949, 0.0443667583168, 0.0764040201902, 0.118039160967, 0.137045741081, 0.072974704206, 0.0648654699326, 0.0876419246197, 0.144459933043, 0.0537259690464, 0.0335707515478, 0.0104842139408, 0.00337900593877, 0.00407526921481, 0.011167482473, 0.00402108533308, 0.00875715445727, 0.00667563360184, 0.00402410514653, 0.000488995632622, 3.08640992444e-05, 1.97881163331e-05, 5.09085111844e-06, 6.07727542956e-07, 3.58977018777e-07, 2.74571220871e-07],
        "var": [0.462502747774, 8.70117378235, 29.0211238861, 152.310089111, 1100.64355469, 602.269836426, 281.220123291, 814.613708496, 418.761199951, 563.652648926, 2974.64941406, 7484.63183594, 2062.38256836, 2162.50610352, 3396.18920898, 3568.29858398, 3791.4465332, 4906.54345703, 5125.56298828, 3510.52978516, 3403.8762207, 5568.63916016, 3026.71948242, 730.777404785, 373.988739014, 206.328552246, 118.09072876, 112.339637756, 113.770606995, 104.597335815, 79.7993545532, 57.2006645203, 18.7203006744, 6.18300151825, 3.08412337303, 0.686618149281, 0.0396478287876, 0.000211116406717, 1.67895564118e-07, 2.647823516e-09]
    },
    "gfcc": {
        "mean": [3.25446248055, 71.2295379639, -125.071044922, 23.9884223938, -56.1718635559, 24.7815666199, -45.306224823, 17.6369247437, -17.0119991302, 3.43372392654, -10.8094158173, 9.47342777252, -10.2214746475],
        "cov": [[4720.57177734, -233.121612549, 546.272888184, 757.886779785, 450.18560791, 309.858856201, 180.833282471, 139.598464966, -133.013824463, 284.053436279, -361.87588501, -14.8800373077, -115.288818359], [-233.121612549, 1340.7935791, 605.870239258, 293.167633057, 482.387878418, 241.176330566, 410.767028809, 151.973587036, 289.69241333, 48.0666885376, 207.221313477, -20.0226249695, 117.079589844], [546.272888184, 605.870239258, 1170.47802734, 506.257110596, 308.529815674, 316.147460938, 161.814453125, 167.373458862, 183.543334961, 106.928794861, 109.829017639, 45.8917236328, 46.0824356079], [757.886779785, 293.167633057, 506.257110596, 567.383300781, 287.595123291, 150.78276062, 109.169784546, 86.4852294922, 138.374710083, 82.2917098999, 47.1350097656, 33.5688171387, 69.9373092651], [450.18560791, 482.387878418, 308.529815674, 287.595123291, 629.789306641, 297.453765869, 272.201019287, 193.332611084, 208.672210693, 145.57749939, 38.8807487488, 34.1316757202, 63.0964813232], [309.858856201, 241.176330566, 316.147460938, 150.78276062, 297.453765869, 411.526123047, 258.885040283, 141.897064209, 108.262931824, 98.1291809082, 90.0303344727, 33.4330787659, 32.5810699463], [180.833282471, 410.767028809, 161.814453125, 109.169784546, 272.201019287, 258.885040283, 425.928710938, 131.788925171, 97.3300094604, 103.521209717, 116.120368958, 42.2336120605, 27.4018154144], [139.598464966, 151.973587036, 167.373458862, 86.4852294922, 193.332611084, 141.897064209, 131.788925171, 271.423461914, 180.805130005, 63.6992416382, 63.745677948, 27.9207630157, 46.0856399536], [-133.013824463, 289.69241333, 183.543334961, 138.374710083, 208.672210693, 108.262931824, 97.3300094604, 180.805130005, 330.67086792, 77.9327392578, 82.2678985596, 36.370223999, 82.8494796753], [284.053436279, 48.0666885376, 106.928794861, 82.2917098999, 145.57749939, 98.1291809082, 103.521209717, 63.6992416382, 77.9327392578, 186.704177856, 43.5620193481, 29.8292064667, 21.4815044403], [-361.87588501, 207.221313477, 109.829017639, 47.1350097656, 38.8807487488, 90.0303344727, 116.120368958, 63.745677948, 82.2678985596, 43.5620193481, 257.620025635, 83.6014938354, 52.4044914246], [-14.8800373077, -20.0226249695, 45.8917236328, 33.5688171387, 34.1316757202, 33.4330787659, 42.2336120605, 27.9207630157, 36.370223999, 29.8292064667, 83.6014938354, 156.079437256, 48.9487113953], [-115.288818359, 117.079589844, 46.0824356079, 69.9373092651, 63.0964813232, 32.5810699463, 27.4018154144, 46.0856399536, 82.8494796753, 21.4815044403, 52.4044914246, 48.9487113953, 131.583847046]],
        "icov": [[0.000511072343215, -0.000107361767732, 0.000192802835954, -0.000925964384805, 0.00022603260004, -0.00035925253178, 7.16091017239e-05, -0.000610613962635, 0.000699081690982, -0.000800896435976, 0.001042229007, -0.000459560600575, 0.00059391814284], [-0.000107361767732, 0.00318419979885, -0.00180010101758, 0.00124624662567, -0.00221684970893, 0.0021970004309, -0.00294447061606, 0.00199852208607, -0.0017291320255, 0.00234738271683, -0.00212752213702, 0.00284410757013, -0.00203219754621], [0.000192802835954, -0.00180010101758, 0.00274691730738, -0.00232254038565, 0.00155526655726, -0.0023380536586, 0.00201445445418, -0.00160319299903, 0.000969704356976, -0.00154632376507, 0.00119392352644, -0.00176571460906, 0.00184141111095], [-0.000925964384805, 0.00124624662567, -0.00232254038565, 0.00558448815718, -0.00232080952264, 0.00195458135568, -0.00115303730126, 0.00233992072754, -0.00199115765281, 0.00201600603759, -0.0024479564745, 0.00180259649642, -0.00279653863981], [0.00022603260004, -0.00221684970893, 0.00155526655726, -0.00232080952264, 0.00535918306559, -0.00301842507906, 0.00102237903047, -0.00218756310642, 0.000444949400844, -0.00273254839703, 0.00294625549577, -0.00223473552614, 0.00141409097705], [-0.00035925253178, 0.0021970004309, -0.0023380536586, 0.00195458135568, -0.00301842507906, 0.00715615134686, -0.00393437733874, 0.00101792206988, -0.000995208742097, 0.0017262439942, -0.00251441937871, 0.00236422056332, -0.00188465928659], [7.16091017239e-05, -0.00294447061606, 0.00201445445418, -0.00115303730126, 0.00102237903047, -0.00393437733874, 0.00736595131457, -0.00245098117739, 0.00201350147836, -0.00279051437974, 0.000524676113855, -0.00260329223238, 0.00234568375163], [-0.000610613962635, 0.00199852208607, -0.00160319299903, 0.00233992072754, -0.00218756310642, 0.00101792206988, -0.00245098117739, 0.0086224116385, -0.00471832510084, 0.0023123328574, -0.00244364119135, 0.00211904942989, -0.00192976498511], [0.000699081690982, -0.0017291320255, 0.000969704356976, -0.00199115765281, 0.000444949400844, -0.000995208742097, 0.00201350147836, -0.00471832510084, 0.00770309660584, -0.00290570338257, 0.00144289119635, -0.00153293379117, -0.000244115319219], [-0.000800896435976, 0.00234738271683, -0.00154632376507, 0.00201600603759, -0.00273254839703, 0.0017262439942, -0.00279051437974, 0.0023123328574, -0.00290570338257, 0.0098181637004, -0.0032010700088, 0.00191957119387, -0.00187874527182], [0.001042229007, -0.00212752213702, 0.00119392352644, -0.0024479564745, 0.00294625549577, -0.00251441937871, 0.000524676113855, -0.00244364119135, 0.00144289119635, -0.0032010700088, 0.00917738862336, -0.00489602144808, 0.00142596312799], [-0.000459560600575, 0.00284410757013, -0.00176571460906, 0.00180259649642, -0.00223473552614, 0.00236422056332, -0.00260329223238, 0.00211904942989, -0.00153293379117, 0.00191957119387, -0.00489602144808, 0.0112083414569, -0.00455458695069], [0.00059391814284, -0.00203219754621, 0.00184141111095, -0.00279653863981, 0.00141409097705, -0.00188465928659, 0.00234568375163, -0.00192976498511, -0.000244115319219, -0.00187874527182, 0.00142596312799, -0.00455458695069, 0.0123325362802]]
    },
    "melbands": {
        "dmean": [0.00168409955222, 0.000966604449786, 0.000670748995617, 0.000711067230441, 0.00027022123686, 0.000237117914367, 0.000110770226456, 0.000100788180134, 0.00019791808154, 0.000214967687498, 8.41974688228e-05, 7.23061530152e-05, 6.32288720226e-05, 5.901746772e-05, 5.3534458857e-05, 6.51628215564e-05, 6.31524308119e-05, 5.79581173952e-05, 4.11043038184e-05, 4.09934182244e-05, 3.79994417017e-05, 4.04357961088e-05, 3.39970174537e-05, 2.16342341446e-05, 1.19057849588e-05, 8.71330939844e-06, 6.48470177111e-06, 4.55605595562e-06, 3.44797672369e-06, 3.16496607411e-06, 3.11581561618e-06, 2.93166408483e-06, 2.71390217677e-06, 2.69447855317e-06, 2.44127227234e-06, 2.32552065427e-06, 2.24475184041e-06, 1.51734627707e-06, 1.3141806221e-06, 9.07178844045e-07],
        "dmean2": [0.00268716434948, 0.00151967082638, 0.000933227827772, 0.00105241150595, 0.000459523726022, 0.000380044308258, 0.000180151866516, 0.000161001677043, 0.000333449570462, 0.000347658875398, 0.000130761414766, 0.00011023573461, 9.48767192313e-05, 9.05068736756e-05, 8.31854704302e-05, 0.000100971628854, 9.84768776107e-05, 9.18475707294e-05, 6.85271370457e-05, 6.55582553009e-05, 6.18338817731e-05, 6.54413670418e-05, 5.44302929484e-05, 3.63638682757e-05, 1.99327841983e-05, 1.43376710184e-05, 1.04707251012e-05, 6.95917105986e-06, 5.05646221427e-06, 4.7144671953e-06, 4.7232392717e-06, 4.35565516455e-06, 3.94924472857e-06, 3.85881048715e-06, 3.64560014532e-06, 3.51431117451e-06, 3.33988623424e-06, 2.25405619858e-06, 1.95891175281e-06, 1.40900556289e-06],
        "dvar": [1.01429841379e-05, 6.20985792921e-06, 2.04127172765e-06, 4.21579170506e-06, 2.75155173313e-07, 1.80321137577e-07, 5.97517839651e-08, 6.98093884921e-08, 1.95490585497e-07, 1.76710813093e-07, 3.19894901679e-08, 2.15091464639e-08, 1.89993247801e-08, 1.61204862792e-08, 1.65015663356e-08, 1.60030992902e-08, 1.2231907931e-08, 9.6342684941e-09, 5.59175905579e-09, 6.79704603712e-09, 5.58777735193e-09, 6.32032737258e-09, 3.42158834599e-09, 2.31694574637e-09, 5.49452816578e-10, 2.07923220308e-10, 1.75013864512e-10, 6.94693261249e-11, 3.62962264411e-11, 3.10576217522e-11, 3.71177394376e-11, 3.14276209223e-11, 2.50582384703e-11, 2.25741873111e-11, 1.48306800868e-11, 2.03268877425e-11, 1.83583131336e-11, 7.43122143682e-12, 5.57414227623e-12, 2.78497429111e-12],
        "dvar2": [2.67593113676e-05, 1.29893905978e-05, 3.7096374399e-06, 8.30939734442e-06, 7.54281984428e-07, 4.40914789124e-07, 1.50607178284e-07, 1.53011228576e-07, 4.97720918702e-07, 4.17244365281e-07, 6.94077968433e-08, 4.8506734629e-08, 4.52327917344e-08, 3.88024972153e-08, 4.10216784985e-08, 3.46638096005e-08, 2.90906569944e-08, 2.30115482225e-08, 1.45032608145e-08, 1.63117253038e-08, 1.43144882614e-08, 1.60671138616e-08, 8.19830159315e-09, 6.46656372894e-09, 1.49485868128e-09, 5.42610067988e-10, 4.54012577533e-10, 1.60902596802e-10, 7.70365368719e-11, 6.98729546444e-11, 8.53897577646e-11, 6.68798835757e-11, 4.93186984307e-11, 4.59104455841e-11, 2.92096277721e-11, 3.98917079925e-11, 4.08028298648e-11, 1.68034475223e-11, 1.20165830411e-11, 6.00163018241e-12],
        "max": [0.0289817061275, 0.0272837616503, 0.0164252184331, 0.0209442544729, 0.00507704447955, 0.00593127077445, 0.00329319573939, 0.00573055911809, 0.00485674152151, 0.00410510227084, 0.00304209208116, 0.00183966604527, 0.00189950549975, 0.00195142778102, 0.00169834762346, 0.00162828841712, 0.0011738226749, 0.00121494603809, 0.000674812472425, 0.000915805168916, 0.000805763935205, 0.000961738231126, 0.000771120248828, 0.000431837426731, 0.000244808354182, 0.000130986081786, 0.000164506171132, 7.59604081395e-05, 5.26762778463e-05, 4.90856182296e-05, 5.84042099945e-05, 5.62308814551e-05, 4.86462377012e-05, 4.69569968118e-05, 3.5219694837e-05, 5.60687840334e-05, 5.50106124138e-05, 3.35651384376e-05, 2.33068349189e-05, 1.6047482859e-05],
        "mean": [0.00451425090432, 0.00210953038186, 0.000933257455472, 0.000808426062576, 0.000355070456862, 0.00037137788604, 0.000157550122822, 0.000122599318274, 0.000246743264142, 0.000284470123006, 0.000116435112432, 0.000100506535091, 9.3110902526e-05, 8.94917611731e-05, 7.2838513006e-05, 9.59091485129e-05, 8.39911299408e-05, 7.65677395975e-05, 4.71294988529e-05, 4.73050131404e-05, 4.19938114646e-05, 5.0534872571e-05, 4.4280957809e-05, 2.33600785577e-05, 1.26300437842e-05, 1.03964548543e-05, 7.43661530578e-06, 5.0725075198e-06, 3.91321464122e-06, 3.56418445335e-06, 3.6951923903e-06, 3.56881264452e-06, 3.40576480085e-06, 3.39094663104e-06, 3.37172991749e-06, 3.11517214868e-06, 2.59870898844e-06, 1.830583642e-06, 1.60393142323e-06, 1.07082962586e-06],
        "median": [0.0032374705188, 0.0016073595034, 8.46644325065e-05, 7.23247940186e-05, 0.000151413842104, 0.000169458900928, 5.00635251228e-05, 3.60992453352e-05, 6.32919400232e-05, 7.95265805209e-05, 4.27215090895e-05, 2.60043107119e-05, 2.15321470023e-05, 2.73049990938e-05, 2.47412626777e-05, 2.89399849862e-05, 1.99803562282e-05, 2.54008155025e-05, 1.73764092324e-05, 1.48910312419e-05, 1.50824334924e-05, 2.09034878935e-05, 2.24074028665e-05, 9.66170955508e-06, 5.47121999261e-06, 4.10233451476e-06, 2.316146265e-06, 1.10047960789e-06, 7.3930726785e-07, 8.08923402928e-07, 1.02596425222e-06, 1.24720679651e-06, 1.0026825521e-06, 9.80111849458e-07, 1.22247752188e-06, 1.09635186618e-06, 6.87904275765e-07, 5.94355583416e-07, 4.70039623224e-07, 3.14489454922e-07],
        "min": [9.19882658934e-09, 9.24622511889e-09, 5.49265255501e-09, 7.58567679782e-08, 3.02794518348e-07, 1.39175170943e-07, 1.75441272177e-07, 2.21962068281e-07, 1.06757383378e-07, 1.77835318027e-07, 1.38968630381e-07, 9.1565091509e-08, 2.51871199453e-07, 6.916275197e-08, 4.94669620821e-08, 3.09720817881e-08, 1.15928457944e-07, 1.99865297645e-07, 6.47272671017e-08, 8.33987670035e-08, 5.8481216314e-08, 6.84874734702e-08, 1.22763182731e-07, 9.04273917968e-08, 3.31614202764e-08, 2.70301523386e-08, 9.91241400072e-09, 5.15702458515e-09, 2.04951677851e-09, 2.18528931062e-10, 1.826264584e-09, 8.76040351372e-10, 1.68421432356e-09, 6.50419440529e-10, 1.76310954725e-09, 8.53844284165e-09, 4.39148661879e-10, 7.00377034146e-10, 1.47571642406e-11, 3.03356840516e-13],
