{
"highlevel": {
    "danceability": {
        "all": {
            "danceable": 0.999979734421,
            "not_danceable": 2.0246123313e-05
        },
        "probability": 0.999979734421,
        "value": "danceable"
    },
    "gender": {
        "all": {
            "female": 0.613754928112,
            "male": 0.386245042086
        },
        "probability": 0.613754928112,
        "value": "female"
    },
    "genre_dortmund": {
        "all": {
            "alternative": 0.133701503277,
            "blues": 0.0206617340446,
            "electronic": 0.181848078966,
            "folkcountry": 0.0350079536438,
            "funksoulrnb": 0.0229318924248,
            "jazz": 0.0442025288939,
            "pop": 0.143621340394,
            "raphiphop": 0.142669633031,
            "rock": 0.27535533905
        },
        "probability": 0.27535533905,
        "value": "rock"
    },
    "genre_electronic": {
        "all": {
            "ambient": 0.0798347368836,
            "dnb": 0.102408014238,
            "house": 0.0679410174489,
            "techno": 0.0148488916457,
            "trance": 0.73496735096
        },
        "probability": 0.73496735096,
        "value": "trance"
    },
    "genre_rosamerica": {
        "all": {
            "cla": 0.000817891035695,
            "dan": 0.869678139687,
            "hip": 0.0112120723352,
            "jaz": 0.000785162963439,
            "pop": 0.0552057735622,
            "rhy": 0.00689021730796,
            "roc": 0.0547005608678,
            "spe": 0.000710208492819
        },
        "probability": 0.869678139687,
        "value": "dan"
    },
    "genre_tzanetakis": {
        "all": {
            "blu": 0.0607384443283,
            "cla": 0.0337369628251,
            "cou": 0.0759031102061,
            "dis": 0.0505959652364,
            "hip": 0.1517791152,
            "jaz": 0.151757359505,
            "met": 0.0505812093616,
            "pop": 0.0606983527541,
            "reg": 0.060700122267,
            "roc": 0.303509354591
        },
        "probability": 0.303509354591,
        "value": "roc"
    },
    "ismir04_rhythm": {
        "all": {
            "ChaChaCha": 0.537348806858,
            "Jive": 0.0925745368004,
            "Quickstep": 0.00601416872814,
            "Rumba-American": 0.00789649318904,
            "Rumba-International": 0.0484582595527,
            "Rumba-Misc": 0.0114754820243,
            "Samba": 0.264509081841,
            "Tango": 0.00614156387746,
            "VienneseWaltz": 0.0226970240474,
            "Waltz": 0.00288460520096
        },
        "probability": 0.537348806858,
        "value": "ChaChaCha"
    },
    "mood_acoustic": {
        "all": {
            "acoustic": 2.71498106486e-06,
            "not_acoustic": 0.999997258186
        },
        "probability": 0.999997258186,
        "value": "not_acoustic"
    },
    "mood_aggressive": {
        "all": {
            "aggressive": 0.66962480545,
            "not_aggressive": 0.33037519455
        },
        "probability": 0.66962480545,
        "value": "aggressive"
    },
    "mood_electronic": {
        "all": {
            "electronic": 0.632940113544,
            "not_electronic": 0.367059916258
        },
        "probability": 0.632940113544,
        "value": "electronic"
    },
    "mood_happy": {
        "all": {
            "happy": 0.317444175482,
            "not_happy": 0.682555854321
        },
        "probability": 0.682555854321,
        "value": "not_happy"
    },
    "mood_party": {
        "all": {
            "not_party": 0.259012043476,
            "party": 0.740987956524
        },
        "probability": 0.740987956524,
        "value": "party"
    },
    "mood_relaxed": {
        "all": {
            "not_relaxed": 0.885344386101,
            "relaxed": 0.114655613899
        },
        "probability": 0.885344386101,
        "value": "not_relaxed"
    },
    "mood_sad": {
        "all": {
            "not_sad": 0.824424028397,
            "sad": 0.175575956702
        },
        "probability": 0.824424028397,
        "value": "not_sad"
    },
    "moods_mirex": {
        "all": {
            "Cluster1": 0.234664142132,
            "Cluster2": 0.25305429101,
            "Cluster3": 0.152450188994,
            "Cluster4": 0.0859957784414,
            "Cluster5": 0.27383556962
        },
        "probability": 0.27383556962,
        "value": "Cluster5"
    },
    "timbre": {
        "all": {
            "bright": 0.913889050484,
            "dark": 0.0861109569669
        },
        "probability": 0.913889050484,
        "value": "bright"
    },
    "tonal_atonal": {
        "all": {
            "atonal": 0.0941201597452,
            "tonal": 0.905879855156
        },
        "probability": 0.905879855156,
        "value": "tonal"
    },
    "voice_instrumental": {
        "all": {
            "instrumental": 0.00144772825297,
            "voice": 0.998552262783
        },
        "probability": 0.998552262783,
        "value": "voice"
    }
},
"lowlevel": {
    "average_loudness": 0.952924370766,
    "barkbands_crest": {
        "dmean": 2.52877545357,
        "dmean2": 3.902967453,
        "dvar": 6.35305929184,
        "dvar2": 14.5736570358,
        "max": 26.5286922455,
        "mean": 14.8197507858,
        "median": 14.77784729,
        "min": 2.87406373024,
        "var": 37.3571586609
    },
    "barkbands_flatness_db": {
        "dmean": 0.0254992768168,
        "dmean2": 0.0399587266147,
        "dvar": 0.000733922701329,
        "dvar2": 0.00174766953569,
        "max": 0.363234519958,
        "mean": 0.157221019268,
        "median": 0.147316768765,
        "min": 0.0609800107777,
        "var": 0.00257867970504
    },
    "barkbands_kurtosis": {
        "dmean": 6.62286758423,
        "dmean2": 10.1902494431,
        "dvar": 271.794494629,
        "dvar2": 567.750610352,
        "max": 283.012878418,
        "mean": 10.7965173721,
        "median": 3.49025392532,
        "min": -1.69327104092,
        "var": 598.475585938
    },
    "barkbands_skewness": {
        "dmean": 0.736011326313,
        "dmean2": 1.13839423656,
        "dvar": 1.0042976141,
        "dvar2": 2.17055773735,
        "max": 15.8546390533,
        "mean": 2.40554428101,
        "median": 1.92174184322,
        "min": -0.897900462151,
        "var": 4.2787065506
    },
    "barkbands_spread": {
        "dmean": 6.64636707306,
        "dmean2": 10.3603496552,
        "dvar": 67.5311203003,
        "dvar2": 147.929214478,
        "max": 93.7294006348,
        "mean": 22.5086956024,
        "median": 19.6774501801,
        "min": 1.03083014488,
        "var": 214.640151978
    },
    "dissonance": {
        "dmean": 0.0158749911934,
        "dmean2": 0.0272297058254,
        "dvar": 0.000237335218117,
        "dvar2": 0.000678016454913,
        "max": 0.499963611364,
        "mean": 0.47378000617,
        "median": 0.478452652693,
        "min": 0.351078927517,
        "var": 0.000370161113096
    },
    "dynamic_complexity": 1.89836323261,
    "erbbands_crest": {
        "dmean": 2.53394651413,
        "dmean2": 4.20825624466,
        "dvar": 6.49601888657,
        "dvar2": 17.2094764709,
        "max": 24.8271274567,
        "mean": 7.91685533524,
        "median": 6.97173070908,
        "min": 2.56694459915,
        "var": 14.5277109146
    },
    "erbbands_flatness_db": {
        "dmean": 0.0157622545958,
        "dmean2": 0.0249575935304,
        "dvar": 0.000204281590413,
        "dvar2": 0.000498886860441,
        "max": 0.275705784559,
        "mean": 0.124230533838,
        "median": 0.116975344718,
        "min": 0.0481700710952,
        "var": 0.00147793907672
    },
    "erbbands_kurtosis": {
        "dmean": 0.769705533981,
        "dmean2": 1.23872673512,
        "dvar": 1.41368949413,
        "dvar2": 3.83821129799,
        "max": 19.5147209167,
        "mean": 0.350069314241,
        "median": -0.0958657264709,
        "min": -1.71057021618,
        "var": 3.00747299194
    },
    "erbbands_skewness": {
        "dmean": 0.326491564512,
        "dmean2": 0.507270634174,
        "dvar": 0.0893841534853,
        "dvar2": 0.223295584321,
        "max": 3.47006869316,
        "mean": 0.213644474745,
        "median": 0.195603907108,
        "min": -1.75282454491,
        "var": 0.384327471256
    },
    "erbbands_spread": {
        "dmean": 9.10628795624,
        "dmean2": 14.0661048889,
        "dvar": 99.2935638428,
        "dvar2": 200.964904785,
        "max": 135.890808105,
        "mean": 45.6204147339,
        "median": 41.3842010498,
        "min": 6.20519924164,
        "var": 484.405853271
    },
    "hfc": {
        "dmean": 11.1780157089,
        "dmean2": 16.2081604004,
        "dvar": 269.305511475,
        "dvar2": 542.73236084,
        "max": 219.024902344,
        "mean": 38.3925209045,
        "median": 31.824256897,
        "min": 0.675837993622,
        "var": 863.64453125
    },
    "melbands_crest": {
        "dmean": 3.13427782059,
        "dmean2": 5.0120344162,
        "dvar": 9.69707393646,
        "dvar2": 25.0004348755,
        "max": 35.051990509,
        "mean": 19.5170707703,
        "median": 19.2424907684,
        "min": 3.88674497604,
        "var": 60.2913208008
    },
    "melbands_flatness_db": {
        "dmean": 0.0288003329188,
        "dmean2": 0.0444380268455,
        "dvar": 0.000980750657618,
        "dvar2": 0.0023920640815,
        "max": 0.467249810696,
        "mean": 0.214905440807,
        "median": 0.20703445375,
        "min": 0.0356966517866,
        "var": 0.00483137276024
    },
    "melbands_kurtosis": {
        "dmean": 18.620223999,
        "dmean2": 29.4950218201,
        "dvar": 1686.14050293,
        "dvar2": 3665.86376953,
        "max": 504.898376465,
        "mean": 36.6757583618,
        "median": 13.831823349,
        "min": -1.12236559391,
        "var": 3941.80126953
    },
    "melbands_skewness": {
        "dmean": 1.07790577412,
        "dmean2": 1.68682134151,
        "dvar": 2.22393417358,
        "dvar2": 4.91146039963,
        "max": 16.6661624908,
        "mean": 4.15639066696,
        "median": 3.38681912422,
        "min": -1.03657889366,
        "var": 10.3453855515
    },
    "melbands_spread": {
        "dmean": 5.6955332756,
        "dmean2": 8.94543838501,
        "dvar": 45.3312683105,
        "dvar2": 99.5681915283,
        "max": 132.309524536,
        "mean": 19.0749645233,
        "median": 15.9892501831,
        "min": 0.577962636948,
        "var": 212.391967773
    },
    "pitch_salience": {
        "dmean": 0.0723278969526,
        "dmean2": 0.116194225848,
        "dvar": 0.00566875422373,
        "dvar2": 0.0141879497096,
        "max": 0.859447479248,
        "mean": 0.409437477589,
        "median": 0.409759789705,
        "min": 0.0355665646493,
        "var": 0.0281249396503
    },
    "silence_rate_20dB": {
        "dmean": 0,
        "dmean2": 0,
        "dvar": 0,
        "dvar2": 0,
        "max": 1,
        "mean": 1,
        "median": 1,
        "min": 1,
        "var": 0
    },
    "silence_rate_30dB": {
        "dmean": 0.111455105245,
        "dmean2": 0.222308292985,
        "dvar": 0.0990318059921,
        "dvar2": 0.214711919427,
        "max": 1,
        "mean": 0.720804333687,
        "median": 1,
        "min": 0,
        "var": 0.201248347759
    },
    "silence_rate_60dB": {
        "dmean": 0.00773993786424,
        "dmean2": 0.0154918665066,
        "dvar": 0.00768005754799,
        "dvar2": 0.0183502864093,
        "max": 1,
        "mean": 0.0293890181929,
        "median": 0,
        "min": 0,
        "var": 0.0285252965987
    },
    "spectral_centroid": {
        "dmean": 274.867462158,
        "dmean2": 417.556213379,
        "dvar": 88017.8671875,
        "dvar2": 188085.765625,
        "max": 3999.58056641,
        "mean": 1524.82922363,
        "median": 1453.01757812,
        "min": 193.469970703,
        "var": 327070.3125
    },
    "spectral_complexity": {
        "dmean": 4.10139322281,
        "dmean2": 6.61115407944,
        "dvar": 17.7707290649,
        "dvar2": 42.8277549744,
        "max": 55,
        "mean": 25.216550827,
        "median": 25,
        "min": 2,
        "var": 77.520111084
    },
    "spectral_decrease": {
        "dmean": 6.46381526082e-09,
        "dmean2": 9.78745973157e-09,
        "dvar": 7.78167514281e-17,
        "dvar2": 1.89785513948e-16,
        "max": -1.97518584821e-10,
        "mean": -2.03250607456e-08,
        "median": -1.73940808423e-08,
        "min": -7.62324177117e-08,
        "var": 2.37238205477e-16
    },
    "spectral_energy": {
        "dmean": 0.0247847232968,
        "dmean2": 0.0373772978783,
        "dvar": 0.001099411631,
        "dvar2": 0.00267988024279,
        "max": 0.290600657463,
        "mean": 0.0801937654614,
        "median": 0.0696817114949,
        "min": 0.000806781114079,
        "var": 0.00344401341863
    },
    "spectral_energyband_high": {
        "dmean": 0.000936675642151,
        "dmean2": 0.00134438253008,
        "dvar": 3.53834775524e-06,
        "dvar2": 7.14044017514e-06,
        "max": 0.026253964752,
        "mean": 0.00227778428234,
        "median": 0.00113303714897,
        "min": 3.52248730451e-06,
        "var": 1.07838686745e-05
    },
    "spectral_energyband_low": {
        "dmean": 0.0230427924544,
        "dmean2": 0.0351267978549,
        "dvar": 0.00128666963428,
        "dvar2": 0.00315874745138,
        "max": 0.288223445415,
        "mean": 0.0595853663981,
        "median": 0.0455057621002,
        "min": 6.38360916128e-06,
        "var": 0.00358383683488
    },
    "spectral_energyband_middle_high": {
        "dmean": 0.00299147306941,
        "dmean2": 0.00483111105859,
        "dvar": 2.39030123339e-05,
        "dvar2": 6.01582032687e-05,
        "max": 0.0717559605837,
        "mean": 0.00852187164128,
        "median": 0.00577942794189,
        "min": 0.000243945818511,
        "var": 7.61531919125e-05
    },
    "spectral_energyband_middle_low": {
        "dmean": 0.00438065594062,
        "dmean2": 0.00717006903142,
        "dvar": 4.30604959547e-05,
        "dvar2": 0.000114014670544,
        "max": 0.0701850354671,
        "mean": 0.0103932227939,
        "median": 0.00864299666137,
        "min": 0.00039394875057,
        "var": 6.16363977315e-05
    },
    "spectral_entropy": {
        "dmean": 0.14128382504,
        "dmean2": 0.218150049448,
        "dvar": 0.0247365850955,
        "dvar2": 0.0666640251875,
        "max": 8.53073883057,
        "mean": 7.82240533829,
        "median": 7.8392663002,
        "min": 6.71345424652,
        "var": 0.0845932736993
    },
    "spectral_flux": {
        "dmean": 0.0395272225142,
        "dmean2": 0.0578829087317,
        "dvar": 0.00320241809823,
        "dvar2": 0.00484254956245,
        "max": 0.47745642066,
        "mean": 0.127483606339,
        "median": 0.103432312608,
        "min": 0.0116771673784,
        "var": 0.00740159256384
    },
    "spectral_kurtosis": {
        "dmean": 0.917831301689,
        "dmean2": 1.49111270905,
        "dvar": 1.06306827068,
        "dvar2": 2.47752714157,
        "max": 18.9728736877,
        "mean": 3.11195993423,
        "median": 2.89838075638,
        "min": -0.259625673294,
        "var": 3.68947434425
    },
    "spectral_rms": {
        "dmean": 0.00126203557011,
        "dmean2": 0.00190665922128,
        "dvar": 2.08861683859e-06,
        "dvar2": 5.35319122719e-06,
        "max": 0.0168378390372,
        "mean": 0.00819098670036,
        "median": 0.00824512913823,
        "min": 0.000887188536581,
        "var": 1.11454282887e-05
    },
    "spectral_rolloff": {
        "dmean": 454.897064209,
        "dmean2": 762.853149414,
        "dvar": 889419,
        "dvar2": 2092751,
        "max": 13006.0546875,
        "mean": 1145.53833008,
        "median": 775.1953125,
        "min": 64.599609375,
        "var": 2016040.75
    },
    "spectral_skewness": {
        "dmean": 0.171815142035,
        "dmean2": 0.270037472248,
        "dvar": 0.0259872414172,
        "dvar2": 0.0591507069767,
        "max": 3.49803566933,
        "mean": 1.36513972282,
        "median": 1.39245927334,
        "min": 0.374963104725,
        "var": 0.141230493784
    },
    "spectral_spread": {
        "dmean": 602203.3125,
        "dmean2": 935551.1875,
        "dvar": 445233233920,
        "dvar2": 1.04823901389e+12,
        "max": 11147643,
        "mean": 5242037,
        "median": 5136241,
        "min": 2105752.25,
        "var": 1.65393019699e+12
    },
    "spectral_strongpeak": {
        "dmean": 0.455513447523,
        "dmean2": 0.740330278873,
        "dvar": 0.875535130501,
        "dvar2": 2.07379794121,
        "max": 12.4768981934,
        "mean": 0.961619794369,
        "median": 0.601835846901,
        "min": 0.028495144099,
        "var": 1.69681072235
    },
    "zerocrossingrate": {
        "dmean": 0.0110233649611,
        "dmean2": 0.0134071214125,
        "dvar": 0.000145794547279,
        "dvar2": 0.000170842147782,
        "max": 0.31103515625,
        "mean": 0.0558162480593,
        "median": 0.04931640625,
        "min": 0.00732421875,
        "var": 0.0012091168901
    },
    "barkbands": {
        "dmean": [0.00134038378019, 0.019614290446, 0.0101350946352, 0.00127009220887, 0.00147978088353, 0.000768480473198, 0.000853302655742, 0.000810930447187, 0.00128417450469, 0.000592261028942, 0.00120828778017, 0.000525047245901, 0.000973721384071, 0.000593743054196, 0.000351257272996, 0.000295154197374, 0.000227488664677, 0.000218282730202, 0.00014786903921, 0.000188550606254, 0.000186339879292, 0.000218244880671, 0.00023215386318, 0.000164868426509, 0.000186123754247, 0.000156169975526, 2.66570818752e-08],
        "dmean2": [0.00225249351934, 0.0309577640146, 0.0183334555477, 0.0023418192286, 0.00232720887288, 0.00124157627579, 0.00139310897794, 0.00128418428358, 0.00205487036146, 0.000957065727562, 0.00201211054809, 0.000828567601275, 0.00158122484572, 0.000935619347729, 0.000576683320105, 0.000496198306791, 0.000361623766366, 0.000355411320925, 0.000243395130383, 0.000304116605548, 0.000303114968119, 0.000336857046932, 0.000349800189724, 0.000252631987678, 0.000298891362036, 0.000244836090133, 4.689182731e-08],
        "dvar": [3.71379246644e-06, 0.00100409169681, 0.000992280896753, 1.36609087349e-05, 4.390295544e-06, 3.91386402043e-06, 2.98561462841e-06, 3.3318090118e-06, 7.90645844972e-06, 2.13884891309e-06, 1.3219473658e-05, 1.55600650942e-06, 3.79160019293e-06, 2.50465313911e-06, 4.76865920973e-07, 2.08810320146e-07, 1.6058977792e-07, 1.84479816312e-07, 7.22090689464e-08, 1.15545937263e-07, 1.08015704825e-07, 1.52426736122e-07, 2.94341873541e-07, 1.6816993309e-07, 1.45711993582e-07, 1.45912352423e-07, 2.20255163121e-14],
        "dvar2": [1.14269469123e-05, 0.00259873340838, 0.00275085796602, 3.97558578697e-05, 1.13932746899e-05, 1.03245283753e-05, 7.28190207155e-06, 6.2815011006e-06, 2.14296323975e-05, 5.68121095057e-06, 3.48741159542e-05, 3.41451141139e-06, 9.93615685729e-06, 5.42232783118e-06, 1.1647126712e-06, 5.38717586096e-07, 3.67955436786e-07, 3.76453954232e-07, 1.76812463337e-07, 2.64726850219e-07, 2.55937180782e-07, 3.27289882307e-07, 6.60240573325e-07, 3.94410704985e-07, 3.67492333453e-07, 2.76447735814e-07, 4.39159274809e-14],
        "max": [0.0136671476066, 0.251215964556, 0.199981331825, 0.0372173115611, 0.028176439926, 0.0371679961681, 0.0284979529679, 0.0506185367703, 0.059402871877, 0.0288819950074, 0.0631444528699, 0.0272421296686, 0.027231104672, 0.0390625037253, 0.0125208580866, 0.00685121165588, 0.00744043895975, 0.00748154893517, 0.00505365151912, 0.00573730934411, 0.00511566922069, 0.00487361429259, 0.0101887788624, 0.00750247621909, 0.00429388741031, 0.00738858012483, 3.66093536286e-06],
        "mean": [0.0026773493737, 0.0485707595944, 0.00782837811857, 0.00120251462795, 0.0031429992523, 0.00120921200141, 0.00122718047351, 0.00125461316202, 0.00222054519691, 0.00102718756534, 0.00180682120845, 0.000842216599267, 0.00162043317687, 0.000872151402291, 0.00060172227677, 0.00049654947361, 0.000384972896427, 0.00042335735634, 0.000296491081826, 0.00039432066842, 0.000379054166842, 0.000476954475744, 0.000454365828773, 0.00030071567744, 0.000277085055131, 0.000205902237212, 1.84684463278e-08],
        "median": [0.00228717993014, 0.0340999104083, 0.00100837752689, 0.000341397360899, 0.00208583986387, 0.000623265572358, 0.000515780528076, 0.000516255095135, 0.00129456166178, 0.000540277920663, 0.000276395236142, 0.000334841315635, 0.00058543193154, 0.000356629694579, 0.00030871341005, 0.000308343180222, 0.000234946375713, 0.000250782672083, 0.00021039112471, 0.000238169755903, 0.00021373097843, 0.000266055547399, 0.000174194123247, 0.000119262149383, 0.000125233389554, 5.11019497935e-05, 1.60221158563e-09],
        "min": [5.73063541065e-10, 1.86889860743e-06, 3.78719704486e-07, 1.45117880379e-07, 5.14551284141e-05, 4.33871537098e-06, 5.01054773849e-06, 1.45799340316e-05, 1.13112946565e-05, 3.31306068801e-06, 5.76726142754e-06, 1.00178076536e-05, 1.18895495689e-05, 3.96039195039e-06, 1.40773290696e-05, 9.23663446883e-06, 3.31832143274e-06, 9.73864825937e-06, 6.23178993919e-06, 2.07309426514e-06, 1.35338666496e-06, 5.51208017896e-07, 5.54604824288e-08, 6.39525232771e-09, 4.69582983609e-11, 2.42298459074e-10, 1.69373508274e-11],
        "var": [6.4981968535e-06, 0.00248979590833, 0.000635823933408, 8.6595537141e-06, 1.05011822598e-05, 4.45768591817e-06, 4.4610360419e-06, 6.89569969836e-06, 9.3310018201e-06, 2.64140680883e-06, 2.60813503701e-05, 3.55167003363e-06, 9.58444798016e-06, 4.51204732599e-06, 9.87539692687e-07, 4.32493266089e-07, 2.72100180609e-07, 3.28669898408e-07, 1.15805221412e-07, 2.64254595095e-07, 2.24948479399e-07, 4.0785258193e-07, 7.51353923079e-07, 3.53040746859e-07, 2.2699769886e-07, 3.06544990281e-07, 1.73650681914e-14]
    },
    "erbbands": {
        "dmean": [0.726548552513, 4.63046836853, 11.4294195175, 6.79270267487, 3.89183712006, 5.61934041977, 6.48498106003, 6.54402017593, 10.5087785721, 14.4356470108, 18.2717189789, 28.2658977509, 19.8460025787, 32.3094100952, 35.430606842, 19.708278656, 44.3126296997, 22.7741832733, 28.0382289886, 12.5687179565, 17.0996208191, 12.0821847916, 12.6080732346, 7.22929191589, 8.3124704361, 8.36978149414, 7.74489879608, 7.50127792358, 7.82831859589, 7.24653577805, 6.62590408325, 4.23785352707, 2.61086058617, 1.8190330267, 1.60687410831, 0.786430776119, 0.323125809431, 0.0256367195398, 0.000454562105006, 3.94612070522e-05],
        "dmean2": [1.05584514141, 7.08954715729, 19.686422348, 12.3326969147, 6.36193943024, 8.81854057312, 10.5837774277, 10.639881134, 17.4005641937, 22.7437610626, 28.774148941, 45.5412330627, 32.26953125, 51.3045539856, 58.2566871643, 32.2117233276, 72.428237915, 36.8966674805, 45.6236381531, 20.4480686188, 28.9246616364, 19.261888504, 20.2347717285, 11.6876888275, 13.5601835251, 13.5999832153, 12.7790899277, 12.2029561996, 12.548330307, 11.1103916168, 9.8945684433, 6.4814414978, 4.06179141998, 2.8898627758, 2.60405898094, 1.25776696205, 0.510781764984, 0.0410355329514, 0.000713425222784, 5.83547007409e-05],
        "dvar": [1.09599351883, 60.2879257202, 1015.12432861, 450.856658936, 60.5142593384, 68.5619659424, 156.945678711, 448.789916992, 394.122802734, 1118.71801758, 1356.6697998, 6359.43994141, 1657.59790039, 7460.68652344, 7805.45214844, 1855.109375, 8147.27392578, 2871.3527832, 4005.24072266, 546.822631836, 658.739990234, 410.608856201, 511.037475586, 205.416259766, 215.026916504, 247.332702637, 183.11505127, 202.808822632, 196.913726807, 190.947906494, 271.892791748, 117.358917236, 36.2105674744, 9.64942932129, 16.0664234161, 3.21550059319, 0.799860835075, 0.00452237855643, 1.33123023716e-06, 3.18333359672e-09],
        "dvar2": [2.79895615578, 152.236984253, 2675.38378906, 1258.0579834, 169.317077637, 175.886947632, 414.223236084, 1219.15161133, 1057.76586914, 2519.28442383, 2503.44238281, 17487.5742188, 4707.47851562, 19729.0898438, 19122.4316406, 4316.84375, 21405.7109375, 5957.35107422, 9301.67675781, 1289.34765625, 1793.20874023, 912.114440918, 1061.50720215, 465.98348999, 533.616210938, 573.147155762, 430.114044189, 482.244476318, 453.022949219, 379.720092773, 631.348266602, 282.214996338, 82.4493408203, 23.2474842072, 42.1782913208, 7.36113452911, 1.43688070774, 0.00846328400075, 2.42152600549e-06, 6.08804429092e-09],
        "max": [8.50419330597, 64.5337142944, 206.872436523, 142.289840698, 112.827514648, 110.659057617, 177.217971802, 412.368011475, 286.472320557, 503.231903076, 918.422058105, 1778.17553711, 696.928833008, 1522.03491211, 1563.29858398, 664.721679688, 1348.13024902, 1159.61120605, 1220.65319824, 316.048492432, 308.639099121, 353.340637207, 403.805053711, 268.780761719, 298.24118042, 247.797073364, 192.867004395, 255.460891724, 176.929336548, 184.997161865, 325.41192627, 192.322250366, 121.926132202, 39.2249908447, 55.0201568604, 29.9086055756, 17.1185760498, 1.4940507412, 0.0254012197256, 0.00116867176257],
        "mean": [1.65024113655, 9.71265983582, 11.7198810577, 5.77294063568, 6.73049211502, 10.769288063, 11.5755977631, 10.2103042603, 15.2640829086, 21.9844226837, 30.8673019409, 45.9050979614, 37.1581459045, 56.2381515503, 58.2478599548, 37.8268699646, 76.9379730225, 38.6422348022, 47.0012664795, 24.1157035828, 28.1480712891, 22.6521492004, 25.2608337402, 15.3308906555, 17.9820919037, 18.125793457, 16.0581684113, 14.5219783783, 16.5532741547, 15.4510974884, 12.7364463806, 8.00449466705, 4.20419692993, 2.68153238297, 2.23742246628, 1.00822806358, 0.398050695658, 0.030088827014, 0.000611256400589, 0.000123055142467],
        "median": [1.01403820515, 6.92948722839, 3.52203726768, 1.45798003674, 3.36882519722, 6.50589418411, 5.96561145782, 5.00960445404, 7.82227945328, 8.74657058716, 16.8474788666, 24.8079490662, 24.1796550751, 24.1533260345, 16.2708282471, 18.1097812653, 28.4994869232, 19.1051063538, 22.2527046204, 12.8724908829, 18.435251236, 15.0981702805, 16.2306480408, 10.6200904846, 12.3482542038, 10.9286470413, 9.40638256073, 8.04227352142, 8.97944450378, 7.37239313126, 4.8203125, 3.09523391724, 1.5830180645, 1.25759935379, 0.822074532509, 0.315148293972, 0.0848995149136, 0.00455902935937, 0.000163151620654, 0.000101985198853],
        "min": [7.60894472478e-05, 0.00151874416042, 0.0014312476851, 0.00809113960713, 0.152543500066, 0.17869143188, 0.043533410877, 0.0383527874947, 0.112839855254, 0.248145759106, 0.28712412715, 0.207119807601, 0.193130522966, 0.681053698063, 0.268824964762, 0.452680975199, 0.737787246704, 0.389816343784, 0.306504070759, 0.993154883385, 0.37700843811, 0.70468300581, 0.602955400944, 0.356536775827, 0.254616260529, 0.125324547291, 0.0795773938298, 0.0237623248249, 0.0158129651099, 0.0153699433431, 0.00475264480338, 0.00141876691487, 0.000129571795696, 6.92849644111e-05, 7.82076494943e-06, 9.56746498559e-06, 2.98213626593e-06, 2.80027535382e-07, 4.63164610665e-07, 9.64783225754e-07],
        "var": [3.37482619286, 120.071998596, 785.83392334, 287.266204834, 82.0420150757, 151.922027588, 247.026748657, 413.770843506, 492.465209961, 1950.57092285, 2872.9140625, 5906.78271484, 2013.69628906, 12645.1181641, 16872.578125, 4085.07348633, 20940.6132812, 5664.44287109, 7995.52441406, 1239.6472168, 996.156311035, 762.539855957, 965.822875977, 333.257995605, 407.315307617, 566.166442871, 434.455810547, 375.88760376, 476.484771729, 580.06628418, 642.85144043, 266.296051025, 65.1401748657, 18.2885055542, 20.2138538361, 5.08291530609, 1.62768495083, 0.0103625236079, 3.15066563417e-06, 1.12950910847e-08]
    },
    "gfcc": {
        "mean": [55.5303573608, 76.3945388794, -108.008666992, 37.9334793091, -54.4313011169, 33.0581512451, -28.0590400696, 18.75847435, -20.2898025513, 11.2294874191, -17.3775234222, 7.26310014725, -10.4710216522],
        "cov": [[2603.86230469, -813.786193848, 680.933410645, 254.611938477, -45.9376296997, 355.768371582, -22.1077423096, 236.46812439, 39.7188568115, 228.308822632, 49.8855018616, 142.071731567, 36.809387207], [-813.786193848, 814.789855957, -180.91796875, 18.8795051575, 125.459289551, -103.3203125, 48.1005935669, -49.5293884277, 114.080787659, -66.7499847412, 69.8101730347, -95.7683334351, 21.1565170288], [680.933410645, -180.91796875, 719.770812988, 273.367980957, 130.693969727, 187.45489502, 58.2072677612, 158.187530518, 122.755439758, 138.121612549, 1.13059675694, -2.27584862709, 18.7994651794], [254.611938477, 18.8795051575, 273.367980957, 434.919250488, 51.3586425781, 137.397415161, 78.0945053101, 60.691078186, 136.616897583, 10.1659517288, 68.3636016846, -93.6755599976, 62.942905426], [-45.9376296997, 125.459289551, 130.693969727, 51.3586425781, 194.452331543, 38.234413147, 43.3278617859, 40.6213188171, 71.6234664917, 50.0992698669, 19.8495769501, 8.53716182709, -2.79813575745], [355.768371582, -103.3203125, 187.45489502, 137.397415161, 38.234413147, 206.711227417, 73.2848815918, 70.5352859497, 45.8457450867, 35.2307319641, 56.6192855835, -9.21382045746, 49.851978302], [-22.1077423096, 48.1005935669, 58.2072677612, 78.0945053101, 43.3278617859, 73.2848815918, 149.151657104, 37.2663154602, 39.715511322, -1.61888420582, 52.3270721436, -19.8171367645, -5.99273395538], [236.46812439, -49.5293884277, 158.187530518, 60.691078186, 40.6213188171, 70.5352859497, 37.2663154602, 133.356781006, 61.9355697632, 52.3146629333, 17.7734088898, -0.495685786009, 32.143863678], [39.7188568115, 114.080787659, 122.755439758, 136.616897583, 71.6234664917, 45.8457450867, 39.715511322, 61.9355697632, 167.070861816, 51.1313972473, 44.6417160034, -40.3229789734, 27.4118862152], [228.308822632, -66.7499847412, 138.121612549, 10.1659517288, 50.0992698669, 35.2307319641, -1.61888420582, 52.3146629333, 51.1313972473, 111.403587341, 25.9555988312, 30.1339244843, -1.24751138687], [49.8855018616, 69.8101730347, 1.13059675694, 68.3636016846, 19.8495769501, 56.6192855835, 52.3270721436, 17.7734088898, 44.6417160034, 25.9555988312, 109.932090759, -0.492623716593, 14.5284032822], [142.071731567, -95.7683334351, -2.27584862709, -93.6755599976, 8.53716182709, -9.21382045746, -19.8171367645, -0.495685786009, -40.3229789734, 30.1339244843, -0.492623716593, 105.775749207, -3.69032382965], [36.809387207, 21.1565170288, 18.7994651794, 62.942905426, -2.79813575745, 49.851978302, -5.99273395538, 32.143863678, 27.4118862152, -1.24751138687, 14.5284032822, -3.69032382965, 118.587776184]],
        "icov": [[0.00100003345869, 0.000347270339262, -0.000261440785835, -0.000563078094274, 0.000776416563895, -0.00120268156752, 0.000872485572472, -0.000861814478412, 9.37032018555e-05, -0.000682147627231, -9.51000401983e-05, -0.00128660246264, 0.000712319335435], [0.000347270339262, 0.00323102949187, -0.000382748286938, 0.00119400490075, -0.00237940717489, 0.00210546911694, -3.43858446286e-05, 0.000781524693593, -0.00194388395175, 0.00265582674183, -0.00334804714657, 0.0023168483749, -0.0014525562292], [-0.000261440785835, -0.000382748286938, 0.00410398188978, -0.00255926838145, -0.000687724619638, -0.00189361465164, -0.000207650125958, -0.00179513567127, 0.000536542269401, -0.00365160848014, 0.00384796829894, -0.00101709226146, 0.00144761311822], [-0.000563078094274, 0.00119400490075, -0.00255926838145, 0.00708934059367, -0.00133748969529, 0.00101514963899, -0.000771357154008, 0.00246056378819, -0.00349159468897, 0.00467500509694, -0.00446384260431, 0.00533602386713, -0.00299037573859], [0.000776416563895, -0.00237940717489, -0.000687724619638, -0.00133748969529, 0.00999654363841, -0.00299757369794, -0.000806617259514, -0.00101053644903, -0.00101489759982, -0.00413226662204, 0.00333750480786, -0.00473176222295, 0.00236656027846], [-0.00120268156752, 0.00210546911694, -0.00189361465164, 0.00101514963899, -0.00299757369794, 0.013447759673, -0.0041819345206, 0.000509854929987, 0.000484326301375, 0.00275047798641, -0.00597563851625, 0.00419228337705, -0.0055348421447], [0.000872485572472, -3.43858446286e-05, -0.000207650125958, -0.000771357154008, -0.000806617259514, -0.0041819345206, 0.0120520275086, -0.00349658005871, -0.00034333311487, 0.00339854764752, -0.00396594824269, -0.000924599182326, 0.00404564337805], [-0.000861814478412, 0.000781524693593, -0.00179513567127, 0.00246056378819, -0.00101053644903, 0.000509854929987, -0.00349658005871, 0.0146423839033, -0.0035559006501, -0.00147591123823, -1.60596082424e-05, 0.00245669134893, -0.00439226254821], [9.37032018555e-05, -0.00194388395175, 0.000536542269401, -0.00349159468897, -0.00101489759982, 0.000484326301375, -0.00034333311487, -0.0035559006501, 0.0142719484866, -0.00695047248155, -4.96473403473e-05, 0.00248025776818, -0.000484013406094], [-0.000682147627231, 0.00265582674183, -0.00365160848014, 0.00467500509694, -0.00413226662204, 0.00275047798641, 0.00339854764752, -0.00147591123823, -0.00695047248155, 0.0232806820422, -0.00898469146341, -0.00073554640403, 8.28688425827e-05], [-9.51000401983e-05, -0.00334804714657, 0.00384796829894, -0.00446384260431, 0.00333750480786, -0.00597563851625, -0.00396594824269, -1.60596082424e-05, -4.96473403473e-05, -0.00898469146341, 0.0202134344727, -0.00560071878135, 0.00204710499384], [-0.00128660246264, 0.0023168483749, -0.00101709226146, 0.00533602386713, -0.00473176222295, 0.00419228337705, -0.000924599182326, 0.00245669134893, 0.00248025776818, -0.00073554640403, -0.00560071878135, 0.0195387266576, -0.00455844635144], [0.000712319335435, -0.0014525562292, 0.00144761311822, -0.00299037573859, 0.00236656027846, -0.0055348421447, 0.00404564337805, -0.00439226254821, -0.000484013406094, 8.28688425827e-05, 0.00204710499384, -0.00455844635144, 0.0133260013536]]
    },
    "melbands": {
        "dmean": [0.00570201920345, 0.0054295216687, 0.00113274599425, 0.000330885493895, 0.000228631513892, 0.000143910729093, 0.000165156874573, 0.000167213205714, 0.000160113413585, 0.000175782421138, 0.000101678757346, 0.00012825865997, 0.000158932976774, 5.40109358553e-05, 0.000102889622212, 7.38864546292e-05, 4.4285756303e-05, 5.51040211576e-05, 1.94400981854e-05, 1.65472083609e-05, 2.18327641051e-05, 1.15347565952e-05, 1.70634975802e-05, 1.05825247374e-05, 6.02646241532e-06, 6.19753200226e-06, 7.00061991665e-06, 5.82591292186e-06, 5.42764382772e-06, 4.87864190291e-06, 4.59635930383e-06, 4.65152970719e-06, 4.99146290167e-06, 4.3413374442e-06, 4.19175876232e-06, 3.67471420759e-06, 2.44158286478e-06, 2.04208572541e-06, 1.75926334123e-06, 1.61824073075e-06],
        "dmean2": [0.00877712666988, 0.00848300009966, 0.00204916577786, 0.000515973195434, 0.000372453185264, 0.000233419967117, 0.000272987002973, 0.000263053545495, 0.000249532749876, 0.000285428832285, 0.000165995763382, 0.000205616102903, 0.000264645117568, 8.52297671372e-05, 0.000168517202837, 0.000118824857054, 7.16580252629e-05, 8.92478710739e-05, 3.18904712913e-05, 2.67915747827e-05, 3.74034025299e-05, 1.8661692593e-05, 2.75865859294e-05, 1.74312463059e-05, 9.89811087493e-06, 1.03523443613e-05, 1.12553952931e-05, 9.5984996733e-06, 8.87981332198e-06, 8.15474413685e-06, 7.4713984759e-06, 7.59371232562e-06, 7.74082673161e-06, 6.7396540544e-06, 6.36263575871e-06, 5.59994305149e-06, 3.81805284633e-06, 3.24047960021e-06, 2.82469568447e-06, 2.64617074208e-06],
        "dvar": [7.62228592066e-05, 0.000133958877996, 1.18173275041e-05, 2.51392691553e-07, 1.70260136656e-07, 1.86576272654e-07, 9.81509984399e-08, 1.35128303214e-07, 8.70517382623e-08, 2.26276824833e-07, 4.78472550469e-08, 1.08133065169e-07, 1.95670992298e-07, 1.54414241393e-08, 5.17551015378e-08, 2.4769725826e-08, 1.2710207109e-08, 1.86573299032e-08, 1.3277816624e-09, 1.04983766125e-09, 1.11832409999e-09, 5.04593478112e-10, 6.42503605874e-10, 4.93440843741e-10, 1.34900243753e-10, 1.53263693403e-10, 1.12233514149e-10, 1.46158404823e-10, 9.5412261425e-11, 7.58230492282e-11, 7.83423811934e-11, 7.74633690526e-11, 7.90711940368e-11, 7.61770715951e-11, 1.1428984148e-10, 8.10031833276e-11, 3.41327174858e-11, 2.27767839311e-11, 1.37661540153e-11, 7.35925209661e-12],
        "dvar2": [0.000197772096726, 0.000318999082083, 3.29574686475e-05, 6.34821788026e-07, 4.52921028682e-07, 5.02480247633e-07, 2.552704359e-07, 2.89366596462e-07, 1.73985554852e-07, 6.25184213732e-07, 1.37015817359e-07, 2.82532909068e-07, 5.00682347138e-07, 3.36737464579e-08, 1.30640643192e-07, 6.0813412972e-08, 2.71922093731e-08, 4.26985842239e-08, 3.28184079912e-09, 2.61769383947e-09, 3.05911185272e-09, 1.18727450094e-09, 1.51731704978e-09, 9.95759030786e-10, 3.30908050961e-10, 3.98102717458e-10, 2.72394079515e-10, 3.48289203034e-10, 2.2790780374e-10, 1.89350507496e-10, 1.90493232299e-10, 1.97667049395e-10, 1.63959942845e-10, 1.68579095128e-10, 2.71816541497e-10, 1.911393821e-10, 8.34481164724e-11, 5.3247312809e-11, 3.28766285029e-11, 1.79932804767e-11],
        "max": [0.0689456388354, 0.0806240662932, 0.0230064280331, 0.00786024425179, 0.0060508903116, 0.00843699555844, 0.00486104330048, 0.00679211271927, 0.00603422429413, 0.0107761221007, 0.00377466063946, 0.0056378217414, 0.00829863268882, 0.00359095074236, 0.0033155286219, 0.0019901948981, 0.00222571776249, 0.00304081640206, 0.000591280579101, 0.000671243353281, 0.000398779287934, 0.000414771726355, 0.000264334492385, 0.00046137481695, 0.000190318183741, 0.000275493890513, 0.000149287589011, 0.000193023399333, 0.000191729544895, 0.000119394091598, 0.000156673340825, 0.000113993868581, 0.000142041564686, 0.000126546336105, 0.000208321129321, 0.000149072133354, 9.68628082774e-05, 8.93164542504e-05, 6.70406152494e-05, 3.16151963489e-05],
        "mean": [0.0141800707206, 0.00864238943905, 0.00104316137731, 0.000671078567393, 0.000425059202826, 0.000222705843044, 0.000239681452513, 0.000258946092799, 0.000268319330644, 0.000292014272418, 0.00018255932082, 0.000221013542614, 0.000247036368819, 8.68199713295e-05, 0.000168870479683, 0.000127554056235, 6.73225731589e-05, 8.53011661093e-05, 3.49172660208e-05, 2.93239700113e-05, 3.2981588447e-05, 1.96450801013e-05, 2.84208817902e-05, 1.93467585632e-05, 1.12635852929e-05, 1.18376665341e-05, 1.46838774526e-05, 1.11801018647e-05, 1.02145295386e-05, 8.74040051713e-06, 8.18259104562e-06, 8.80514198798e-06, 1.02294379758e-05, 8.03274997452e-06, 7.61866886023e-06, 6.38250185148e-06, 4.29548617831e-06, 3.01926274915e-06, 2.43393219534e-06, 2.16045873458e-06],
        "median": [0.00952272675931, 0.00519875343889, 0.000277534913039, 0.000403449812438, 0.000241884175921, 0.000109349341074, 0.000118074145576, 0.00010515141912, 0.000143098819535, 0.000165156641742, 0.000113462367153, 9.78244861471e-05, 4.83731273562e-05, 3.82234284189e-05, 5.96329264226e-05, 5.10960526299e-05, 2.8279469916e-05, 3.70407178707e-05, 2.02613791771e-05, 1.54106583068e-05, 2.12148661376e-05, 1.19575242934e-05, 1.76093362825e-05, 1.10157106974e-05, 7.7226150097e-06, 8.19988235889e-06, 9.13371422939e-06, 5.90353602092e-06, 5.903480087e-06, 4.64742561235e-06, 4.57452779301e-06, 4.51059713669e-06, 5.42496218259e-06, 3.37979713549e-06, 2.86752901957e-06, 2.18303489419e-06, 1.75770526312e-06, 1.08208917027e-06, 9.12535995212e-07, 1.01429532151e-06],
        "min": [5.8211560372e-07, 1.26736335915e-06, 3.61465072274e-06, 1.21742668853e-05, 2.47320008384e-06, 7.04810645402e-07, 1.32268701236e-06, 2.30286013903e-06, 2.18796890294e-06, 1.23017275655e-06, 6.80748314608e-07, 2.16195553548e-06, 5.75827414195e-07, 5.37611185791e-07, 1.79065261818e-06, 1.03758668502e-06, 7.02125873886e-07, 3.67238271792e-07, 1.03131560536e-06, 8.43571115183e-07, 1.25589096456e-07, 2.73708423038e-07, 4.68262982167e-07, 2.1482848922e-07, 2.2853546966e-07, 2.23257671905e-07, 6.19085511744e-08, 5.70925884347e-08, 1.04121760103e-08, 2.37486865728e-08, 1.13326539264e-08, 1.04447739346e-08, 7.21947523985e-09, 7.61399654436e-09, 5.79047330918e-11, 1.72624886607e-10, 9.57347118247e-11, 4.60215849804e-12, 9.85363998512e-14, 9.55123905856e-14],
