{
"highlevel": {
    "danceability": {
        "all": {
            "danceable": 0.99997484684,
            "not_danceable": 2.51653691521e-05
        },
        "probability": 0.99997484684,
        "value": "danceable"
    },
    "gender": {
        "all": {
            "female": 0.918610572815,
            "male": 0.0813894271851
        },
        "probability": 0.918610572815,
        "value": "female"
    },
    "genre_dortmund": {
        "all": {
            "alternative": 0.0422238893807,
            "blues": 0.0107271475717,
            "electronic": 0.0344283394516,
            "folkcountry": 0.0220843404531,
            "funksoulrnb": 0.0129094561562,
            "jazz": 0.0135984513909,
            "pop": 0.110883973539,
            "raphiphop": 0.695126533508,
            "rock": 0.0580178946257
        },
        "probability": 0.695126533508,
        "value": "raphiphop"
    },
    "genre_electronic": {
        "all": {
            "ambient": 0.106120623648,
            "dnb": 0.218832790852,
            "house": 0.301475018263,
            "techno": 0.0458982251585,
            "trance": 0.327673345804
        },
        "probability": 0.327673345804,
        "value": "trance"
    },
    "genre_rosamerica": {
        "all": {
            "cla": 0.00156494020484,
            "dan": 0.540380895138,
            "hip": 0.221862092614,
            "jaz": 0.00187738926616,
            "pop": 0.0812114030123,
            "rhy": 0.120958834887,
            "roc": 0.0294867865741,
            "spe": 0.00265765236691
        },
        "probability": 0.540380895138,
        "value": "dan"
    },
    "genre_tzanetakis": {
        "all": {
            "blu": 0.0626541376114,
            "cla": 0.0348133966327,
            "cou": 0.0783501937985,
            "dis": 0.104547761381,
            "hip": 0.15693578124,
            "jaz": 0.313987255096,
            "met": 0.044816005975,
            "pop": 0.0627349764109,
            "reg": 0.0627352520823,
            "roc": 0.0784252434969
        },
        "probability": 0.313987255096,
        "value": "jaz"
    },
    "ismir04_rhythm": {
        "all": {
            "ChaChaCha": 0.468969702721,
            "Jive": 0.135503262281,
            "Quickstep": 0.00765206525102,
            "Rumba-American": 0.0114883761853,
            "Rumba-International": 0.0221889037639,
            "Rumba-Misc": 0.0100583322346,
            "Samba": 0.312659084797,
            "Tango": 0.00649584643543,
            "VienneseWaltz": 0.0226515661925,
            "Waltz": 0.00233283662237
        },
        "probability": 0.468969702721,
        "value": "ChaChaCha"
    },
    "mood_acoustic": {
        "all": {
            "acoustic": 0.0568823479116,
            "not_acoustic": 0.943117678165
        },
        "probability": 0.943117678165,
        "value": "not_acoustic"
    },
    "mood_aggressive": {
        "all": {
            "aggressive": 0.105919577181,
            "not_aggressive": 0.894080400467
        },
        "probability": 0.894080400467,
        "value": "not_aggressive"
    },
    "mood_electronic": {
        "all": {
            "electronic": 0.814971268177,
            "not_electronic": 0.185028716922
        },
        "probability": 0.814971268177,
        "value": "electronic"
    },
    "mood_happy": {
        "all": {
            "happy": 0.98406624794,
            "not_happy": 0.0159337241203
        },
        "probability": 0.98406624794,
        "value": "happy"
    },
    "mood_party": {
        "all": {
            "not_party": 0.310966998339,
            "party": 0.689032971859
        },
        "probability": 0.689032971859,
        "value": "party"
    },
    "mood_relaxed": {
        "all": {
            "not_relaxed": 0.899447202682,
            "relaxed": 0.100552797318
        },
        "probability": 0.899447202682,
        "value": "not_relaxed"
    },
    "mood_sad": {
        "all": {
            "not_sad": 0.755363643169,
            "sad": 0.244636356831
        },
        "probability": 0.755363643169,
        "value": "not_sad"
    },
    "moods_mirex": {
        "all": {
            "Cluster1": 0.290791720152,
            "Cluster2": 0.30683991313,
            "Cluster3": 0.166071504354,
            "Cluster4": 0.0656345337629,
            "Cluster5": 0.170662343502
        },
        "probability": 0.30683991313,
        "value": "Cluster2"
    },
    "timbre": {
        "all": {
            "bright": 0.967625558376,
            "dark": 0.0323744677007
        },
        "probability": 0.967625558376,
        "value": "bright"
    },
    "tonal_atonal": {
        "all": {
            "atonal": 0.0259481761605,
            "tonal": 0.974051833153
        },
        "probability": 0.974051833153,
        "value": "tonal"
    },
    "voice_instrumental": {
        "all": {
            "instrumental": 0.0640523433685,
            "voice": 0.935947656631
        },
        "probability": 0.935947656631,
        "value": "voice"
    }
},
"lowlevel": {
    "average_loudness": 0.98587846756,
    "barkbands_crest": {
        "dmean": 3.61068153381,
        "dmean2": 5.57925844193,
        "dvar": 10.7099027634,
        "dvar2": 22.1841411591,
        "max": 26.1817798615,
        "mean": 14.546497345,
        "median": 13.8808441162,
        "min": 3.5736746788,
        "var": 32.8728790283
    },
    "barkbands_flatness_db": {
        "dmean": 0.0364950448275,
        "dmean2": 0.048858858645,
        "dvar": 0.00115105393343,
        "dvar2": 0.00176781730261,
        "max": 0.481564164162,
        "mean": 0.175375789404,
        "median": 0.15615542233,
        "min": 0.0534076094627,
        "var": 0.00492936605588
    },
    "barkbands_kurtosis": {
        "dmean": 22.5311374664,
        "dmean2": 32.4743423462,
        "dvar": 5032.07910156,
        "dvar2": 10466.7880859,
        "max": 1389.32849121,
        "mean": 25.5580348969,
        "median": 4.09277105331,
        "min": -1.90298187733,
        "var": 6515.44091797
    },
    "barkbands_skewness": {
        "dmean": 1.44613075256,
        "dmean2": 1.88483655453,
        "dvar": 4.06112289429,
        "dvar2": 6.17829322815,
        "max": 27.2995529175,
        "mean": 2.9667532444,
        "median": 1.98190188408,
        "min": -2.75345015526,
        "var": 12.0883340836
    },
    "barkbands_spread": {
        "dmean": 9.02180480957,
        "dmean2": 13.2493677139,
        "dvar": 114.242576599,
        "dvar2": 230.880706787,
        "max": 103.635192871,
        "mean": 23.3892593384,
        "median": 18.9523639679,
        "min": 0.122099600732,
        "var": 370.568695068
    },
    "dissonance": {
        "dmean": 0.0223346929997,
        "dmean2": 0.037091050297,
        "dvar": 0.000491442799103,
        "dvar2": 0.0013991415035,
        "max": 0.499595731497,
        "mean": 0.455901175737,
        "median": 0.46346411109,
        "min": 0.28039714694,
        "var": 0.00100827543065
    },
    "dynamic_complexity": 2.12043476105,
    "erbbands_crest": {
        "dmean": 3.225710392,
        "dmean2": 5.29971551895,
        "dvar": 9.13264465332,
        "dvar2": 21.2443962097,
        "max": 29.8559093475,
        "mean": 9.33343696594,
        "median": 8.30869579315,
        "min": 2.54379725456,
        "var": 20.9091320038
    },
    "erbbands_flatness_db": {
        "dmean": 0.0202652551234,
        "dmean2": 0.0297747794539,
        "dvar": 0.00035273944377,
        "dvar2": 0.000638254568912,
        "max": 0.262473881245,
        "mean": 0.130210727453,
        "median": 0.124175265431,
        "min": 0.0620837919414,
        "var": 0.0014657281572
    },
    "erbbands_kurtosis": {
        "dmean": 1.40420544147,
        "dmean2": 2.20422530174,
        "dvar": 4.35101747513,
        "dvar2": 9.53328037262,
        "max": 24.0606098175,
        "mean": 1.08094358444,
        "median": -0.0453870296478,
        "min": -1.80035555363,
        "var": 9.51443958282
    },
    "erbbands_skewness": {
        "dmean": 0.491761118174,
        "dmean2": 0.710973799229,
        "dvar": 0.217196419835,
        "dvar2": 0.429884701967,
        "max": 4.49988031387,
        "mean": 0.26186016202,
        "median": 0.287782520056,
        "min": -3.660623312,
        "var": 0.940408051014
    },
    "erbbands_spread": {
        "dmean": 13.445394516,
        "dmean2": 19.8145370483,
        "dvar": 193.548660278,
        "dvar2": 397.81854248,
        "max": 169.689285278,
        "mean": 50.5134849548,
        "median": 47.961769104,
        "min": 5.86889123917,
        "var": 764.436035156
    },
    "hfc": {
        "dmean": 10.1435909271,
        "dmean2": 14.2001419067,
        "dvar": 131.424545288,
        "dvar2": 234.143661499,
        "max": 193.583435059,
        "mean": 30.8369503021,
        "median": 24.2877044678,
        "min": 0.36689633131,
        "var": 677.660827637
    },
    "melbands_crest": {
        "dmean": 3.68176960945,
        "dmean2": 5.4791841507,
        "dvar": 12.8260240555,
        "dvar2": 23.4177761078,
        "max": 34.7474403381,
        "mean": 19.3259887695,
        "median": 18.7708644867,
        "min": 5.03523683548,
        "var": 47.2065696716
    },
    "melbands_flatness_db": {
        "dmean": 0.0450899600983,
        "dmean2": 0.0567474775016,
        "dvar": 0.00167787924875,
        "dvar2": 0.0024124328047,
        "max": 0.606069922447,
        "mean": 0.233679324389,
        "median": 0.212026625872,
        "min": 0.044255297631,
        "var": 0.00872678309679
    },
    "melbands_kurtosis": {
        "dmean": 39.5320129395,
        "dmean2": 52.0612182617,
        "dvar": 6551.93554688,
        "dvar2": 9847.4453125,
        "max": 1194.90563965,
        "mean": 58.7718544006,
        "median": 19.283208847,
        "min": -1.87241363525,
        "var": 14804.5087891
    },
    "melbands_skewness": {
        "dmean": 1.75476109982,
        "dmean2": 2.33237123489,
        "dvar": 3.93815565109,
        "dvar2": 5.95833969116,
        "max": 26.3902740479,
        "mean": 4.75298309326,
        "median": 3.88941478729,
        "min": -0.713948965073,
        "var": 16.2813014984
    },
    "melbands_spread": {
        "dmean": 10.0992536545,
        "dmean2": 14.7167654037,
        "dvar": 387.03805542,
        "dvar2": 733.214294434,
        "max": 270.26763916,
        "mean": 22.1450214386,
        "median": 14.9053764343,
        "min": 0.216430991888,
        "var": 1030.46740723
    },
    "pitch_salience": {
        "dmean": 0.091827608645,
        "dmean2": 0.137843564153,
        "dvar": 0.00664329621941,
        "dvar2": 0.0137562574819,
        "max": 0.805492758751,
        "mean": 0.404813677073,
        "median": 0.417242854834,
        "min": 0.0373545736074,
        "var": 0.0246716141701
    },
    "silence_rate_20dB": {
        "dmean": 0,
        "dmean2": 0,
        "dvar": 0,
        "dvar2": 0,
        "max": 1,
        "mean": 1,
        "median": 1,
        "min": 1,
        "var": 0
    },
    "silence_rate_30dB": {
        "dmean": 0.122291021049,
        "dmean2": 0.244771495461,
        "dvar": 0.107334837317,
        "dvar2": 0.203446507454,
        "max": 1,
        "mean": 0.820572316647,
        "median": 1,
        "min": 0,
        "var": 0.147234722972
    },
    "silence_rate_60dB": {
        "dmean": 0.00928792543709,
        "dmean2": 0.018590239808,
        "dvar": 0.00920164212584,
        "dvar2": 0.0228921938688,
        "max": 1,
        "mean": 0.00850734766573,
        "median": 0,
        "min": 0,
        "var": 0.008434984833
    },
    "spectral_centroid": {
        "dmean": 352.015106201,
        "dmean2": 488.979522705,
        "dvar": 157868.625,
        "dvar2": 286662.4375,
        "max": 5227.45703125,
        "mean": 1397.7487793,
        "median": 1247.54187012,
        "min": 120.448265076,
        "var": 634692.375
    },
    "spectral_complexity": {
        "dmean": 3.68730640411,
        "dmean2": 5.65762996674,
        "dvar": 14.3573141098,
        "dvar2": 28.1167125702,
        "max": 47,
        "mean": 16.7416858673,
        "median": 17,
        "min": 2,
        "var": 62.3896408081
    },
    "spectral_decrease": {
        "dmean": 9.1161771465e-09,
        "dmean2": 1.26787913501e-08,
        "dvar": 1.86058780738e-16,
        "dvar2": 3.01865734091e-16,
        "max": -2.66345001609e-10,
        "mean": -1.79047141557e-08,
        "median": -1.18967911078e-08,
        "min": -8.59896331917e-08,
        "var": 3.66288095444e-16
    },
    "spectral_energy": {
        "dmean": 0.0347782038152,
        "dmean2": 0.0483871214092,
        "dvar": 0.00266131851822,
        "dvar2": 0.00433368515223,
        "max": 0.327690333128,
        "mean": 0.070373557508,
        "median": 0.047445319593,
        "min": 0.00189771491569,
        "var": 0.00524976896122
    },
    "spectral_energyband_high": {
        "dmean": 0.000745471392293,
        "dmean2": 0.000961415644269,
        "dvar": 1.57703686909e-06,
        "dvar2": 2.10049438465e-06,
        "max": 0.023356994614,
        "mean": 0.0016947935801,
        "median": 0.000670258537866,
        "min": 5.12469114256e-07,
        "var": 8.39968379296e-06
    },
    "spectral_energyband_low": {
        "dmean": 0.0327275842428,
        "dmean2": 0.0457462631166,
        "dvar": 0.0027883942239,
        "dvar2": 0.00448233354837,
        "max": 0.315570056438,
        "mean": 0.0531311444938,
        "median": 0.0301847811788,
        "min": 0.000154562818352,
        "var": 0.00539596797898
    },
    "spectral_energyband_middle_high": {
        "dmean": 0.00311568379402,
        "dmean2": 0.00480256322771,
        "dvar": 2.97388105537e-05,
        "dvar2": 6.8574299803e-05,
        "max": 0.0986156314611,
        "mean": 0.00738936662674,
        "median": 0.00335546839051,
        "min": 4.79370755784e-05,
        "var": 0.000117129085993
    },
    "spectral_energyband_middle_low": {
        "dmean": 0.00507819885388,
        "dmean2": 0.00817232578993,
        "dvar": 5.55713595531e-05,
        "dvar2": 0.000126701765112,
        "max": 0.0852514132857,
        "mean": 0.00966132152826,
        "median": 0.00721754645929,
        "min": 0.000135491311084,
        "var": 8.8460452389e-05
    },
    "spectral_entropy": {
        "dmean": 0.210854381323,
        "dmean2": 0.298903793097,
        "dvar": 0.0366734862328,
        "dvar2": 0.0765210092068,
        "max": 8.72141742706,
        "mean": 7.72250366211,
        "median": 7.69569683075,
        "min": 5.98906946182,
        "var": 0.140982106328
    },
    "spectral_flux": {
        "dmean": 0.0584367215633,
        "dmean2": 0.0911347642541,
        "dvar": 0.00563360424712,
        "dvar2": 0.0113538000733,
        "max": 0.507381618023,
        "mean": 0.13516138494,
        "median": 0.101320527494,
        "min": 0.0156499389559,
        "var": 0.00901646818966
    },
    "spectral_kurtosis": {
        "dmean": 0.926590502262,
        "dmean2": 1.40100133419,
        "dvar": 1.18091571331,
        "dvar2": 2.95144581795,
        "max": 16.5443706512,
        "mean": 2.76947522163,
        "median": 2.74355459213,
        "min": -1.00749218464,
        "var": 3.3442568779
    },
    "spectral_rms": {
        "dmean": 0.00186661304906,
        "dmean2": 0.00253508565947,
        "dvar": 5.02793500345e-06,
        "dvar2": 7.70281076257e-06,
        "max": 0.0178800970316,
        "mean": 0.0074183116667,
        "median": 0.00680353725329,
        "min": 0.00136067229323,
        "var": 1.36258049679e-05
    },
    "spectral_rolloff": {
        "dmean": 662.280517578,
        "dmean2": 1089.62097168,
        "dvar": 1705971.125,
        "dvar2": 3188275.5,
        "max": 10335.9375,
        "mean": 1370.48022461,
        "median": 667.529296875,
        "min": 64.599609375,
        "var": 3946927.5
    },
    "spectral_skewness": {
        "dmean": 0.196821406484,
        "dmean2": 0.271124720573,
        "dvar": 0.0356346145272,
        "dvar2": 0.0727043673396,
        "max": 3.14699244499,
        "mean": 1.39520788193,
        "median": 1.46137011051,
        "min": -0.139416724443,
        "var": 0.203546822071
    },
    "spectral_spread": {
        "dmean": 657535.0625,
        "dmean2": 947223.5,
        "dvar": 384137003008,
        "dvar2": 774117195776,
        "max": 11980007,
        "mean": 6116011.5,
        "median": 5859656,
        "min": 2531746,
        "var": 2.08868199629e+12
    },
    "spectral_strongpeak": {
        "dmean": 0.55807352066,
        "dmean2": 0.928781092167,
        "dvar": 1.12328445911,
        "dvar2": 2.99398136139,
        "max": 9.63266658783,
        "mean": 1.02791666985,
        "median": 0.627559244633,
        "min": 0.015528681688,
        "var": 1.43190443516
    },
    "zerocrossingrate": {
        "dmean": 0.0169439632446,
        "dmean2": 0.0179003681988,
        "dvar": 0.000399986747652,
        "dvar2": 0.000388261600165,
        "max": 0.3515625,
        "mean": 0.060577839613,
        "median": 0.0498046875,
        "min": 0.001953125,
        "var": 0.00253828661516
    },
    "barkbands": {
        "dmean": [0.000865124166012, 0.0291645918041, 0.00860506016761, 0.00176236673724, 0.0010174291674, 0.00131018308457, 0.00141864770558, 0.000444503297331, 0.00111324503087, 0.00124721799511, 0.000666019855998, 0.000873799494002, 0.000515538325999, 0.000813882506918, 0.000273980258498, 0.000237670057686, 0.00012163368956, 0.000150150401169, 0.000213301245822, 0.000139291529194, 0.000132729139295, 0.000173638938577, 0.000185822835192, 0.000191075974726, 0.000111916211608, 4.77813700854e-05, 2.25069651805e-08],
        "dmean2": [0.0011615769472, 0.0398780070245, 0.0161486733705, 0.0030645490624, 0.0016556668561, 0.00212587788701, 0.0021799125243, 0.000740143354051, 0.00173966609873, 0.00199135625735, 0.00112794246525, 0.00142517406493, 0.000843715504743, 0.00136524136178, 0.000448872713605, 0.000388048996683, 0.000196367021999, 0.000238885404542, 0.000338636804372, 0.000212252809433, 0.000198397960048, 0.000240327237407, 0.000257637031609, 0.000257642270299, 0.000158333292347, 7.32890330255e-05, 4.13720293579e-08],
        "dvar": [3.05970957015e-06, 0.00227260263637, 0.000433870562119, 1.17921763376e-05, 1.979950639e-06, 6.12977919445e-06, 1.85590251931e-05, 1.25305734855e-06, 9.99165058602e-06, 1.00861489045e-05, 5.69569510844e-06, 1.0562683201e-05, 3.11025223709e-06, 3.85295697924e-06, 5.15530302891e-07, 2.81358808252e-07, 3.70780774972e-08, 6.30497964949e-08, 4.01778919468e-07, 8.97874912198e-08, 5.35887529907e-08, 2.10300768799e-07, 1.56003565621e-07, 1.3604967819e-07, 4.12390335214e-08, 6.61199539564e-09, 1.99701569842e-14],
        "dvar2": [4.99225279782e-06, 0.00356435962021, 0.00124811124988, 3.25649198203e-05, 5.11610278409e-06, 1.50387095346e-05, 3.95342576667e-05, 3.20564686263e-06, 2.44624570769e-05, 2.43477134063e-05, 1.39082285386e-05, 2.83569133899e-05, 6.83582311467e-06, 1.08105987238e-05, 1.38342750233e-06, 8.35160903989e-07, 1.00811327286e-07, 1.48381261056e-07, 9.58861392064e-07, 1.76744990199e-07, 1.08914065322e-07, 3.02181916823e-07, 2.96628570595e-07, 2.59550517967e-07, 7.94289221062e-08, 1.5604557646e-08, 5.60398115987e-14],
        "max": [0.0106617044657, 0.291596472263, 0.124283313751, 0.0288651026785, 0.0151874078438, 0.0374696478248, 0.080675214529, 0.0209586974233, 0.0496042780578, 0.0435818061233, 0.0442550778389, 0.0593876801431, 0.0312105473131, 0.0258488152176, 0.0120780235156, 0.0116685833782, 0.00254260818474, 0.00468048499897, 0.0133390398696, 0.00799585878849, 0.00363106350414, 0.0115117952228, 0.00796712189913, 0.0057587348856, 0.00298546277918, 0.000717112387065, 2.25463986681e-06],
        "mean": [0.000977713032626, 0.0434124730527, 0.00748817855492, 0.00196662615053, 0.00155927799642, 0.00177209067624, 0.00193087558728, 0.000542804133147, 0.00152463885024, 0.00180390500464, 0.000952435599174, 0.00116529851221, 0.000695654132869, 0.00112788088154, 0.000419293646701, 0.000372397364117, 0.000204570678761, 0.000269966520136, 0.00033854789217, 0.000264595117187, 0.000221071823034, 0.00032943036058, 0.000351738970494, 0.000393926078686, 0.000228127886658, 6.00656057941e-05, 1.41366056639e-08],
        "median": [0.000114333663078, 0.0224537346512, 0.00252767396159, 0.000915611512028, 0.000917105877306, 0.00063623697497, 0.000507951772306, 0.000182072384632, 0.000385258492315, 0.00039108103374, 0.000134092479129, 0.000168045400642, 0.000132667162688, 0.000261522829533, 0.000139125724672, 0.000177869325853, 0.000120134631288, 0.000157653033966, 0.000163863616763, 0.000135978145408, 0.000105643644929, 0.000106798979687, 0.000103879137896, 0.000135430833325, 9.92092245724e-05, 2.86437152681e-05, 1.06234399055e-09],
        "min": [4.84649262944e-07, 2.72522283922e-05, 1.1480996136e-06, 7.15137230145e-06, 2.81495758827e-05, 4.49745994047e-06, 3.75699710276e-06, 1.36620860758e-06, 1.80494566848e-06, 3.32661693392e-06, 2.07316179512e-06, 1.0801757071e-06, 1.72179375113e-06, 1.08443157387e-06, 1.05073149825e-06, 4.392361177e-07, 9.59299541137e-07, 6.39042070816e-07, 8.93671597169e-07, 8.06171897239e-07, 1.65829305843e-07, 1.15019133773e-07, 5.3922292409e-08, 3.76437689908e-08, 1.45046197275e-08, 4.0753633801e-10, 1.13706336013e-11],
        "var": [4.93925335832e-06, 0.00429002195597, 0.000263541849563, 9.19663943932e-06, 2.91174956146e-06, 1.03185002445e-05, 2.62359608314e-05, 1.34329604862e-06, 1.4166089386e-05, 2.05878077395e-05, 1.15816092148e-05, 1.41494547279e-05, 4.90597403768e-06, 6.86762177793e-06, 9.54088136496e-07, 4.61606788349e-07, 6.70388971002e-08, 1.486596517e-07, 8.39583151446e-07, 2.98720863157e-07, 1.45538649576e-07, 1.02091109966e-06, 5.44914428247e-07, 5.47437025489e-07, 1.36404864293e-07, 7.58608464935e-09, 1.18782530334e-14]
    },
    "erbbands": {
        "dmean": [1.01122283936, 6.63965845108, 11.3474626541, 7.47119426727, 3.75971388817, 3.17915987968, 6.44509935379, 12.6478033066, 21.827299118, 11.7209997177, 11.2734680176, 21.7912807465, 41.5628929138, 23.7699451447, 32.112953186, 26.9125175476, 22.063835144, 30.4061069489, 23.7755470276, 18.8741645813, 8.9361782074, 6.64334821701, 8.74953651428, 8.18953227997, 10.1261901855, 6.26140451431, 4.39270925522, 6.45265245438, 6.56372356415, 6.07325410843, 5.35717868805, 4.54695081711, 2.97770214081, 1.68305933475, 0.646139204502, 0.287027418613, 0.068203613162, 0.003819368314, 9.01122984942e-05, 3.98752636102e-05],
        "dmean2": [1.36462700367, 9.48889827728, 20.4644908905, 13.4918289185, 6.07098436356, 5.34968519211, 10.6959199905, 19.8764858246, 33.003944397, 18.9431018829, 18.2007579803, 34.058380127, 65.6534423828, 37.1839141846, 54.16588974, 43.6319847107, 35.4090461731, 50.5484275818, 39.1216812134, 31.4730892181, 14.3460483551, 10.6075716019, 14.0835618973, 13.2250795364, 15.5894489288, 9.48221969604, 6.66155719757, 9.52454471588, 9.27217960358, 8.73675060272, 7.41767597198, 6.18736028671, 4.22321271896, 2.39280581474, 0.934675455093, 0.439270108938, 0.104565963149, 0.00605988968164, 0.000135262103868, 5.51683006051e-05],
        "dvar": [3.60794115067, 120.183387756, 655.578979492, 264.522491455, 31.7926483154, 29.691204071, 153.004333496, 618.187561035, 5528.546875, 814.130249023, 634.534851074, 3393.69067383, 10585.46875, 3211.08227539, 17525.9550781, 8054.45068359, 5256.60449219, 6468.74511719, 3458.63085938, 2200.78710938, 212.744247437, 111.926231384, 232.839401245, 519.306762695, 943.235290527, 210.352020264, 62.7246742249, 137.795394897, 366.124481201, 233.773529053, 118.933227539, 85.0463790894, 32.0650024414, 11.4697437286, 1.0652346611, 0.211704969406, 0.0144633511081, 4.75775377708e-05, 1.96443146194e-08, 2.9717552863e-09],
        "dvar2": [5.47677373886, 242.873382568, 1841.08984375, 750.980712891, 86.1813583374, 79.599105835, 407.866088867, 1481.35681152, 11514.1425781, 1882.50683594, 1678.47888184, 7826.77050781, 25821.2929688, 7391.49951172, 52007.3164062, 22100.2753906, 11271.6123047, 18109.7910156, 8542.44335938, 6092.5078125, 542.822692871, 291.77923584, 579.563720703, 1308.86401367, 2035.73937988, 407.739868164, 122.797119141, 267.556610107, 690.120300293, 402.288970947, 236.255065918, 161.914627075, 65.0905456543, 22.732175827, 2.17715287209, 0.493280082941, 0.0341274365783, 0.000109131789941, 4.51425847814e-08, 4.84340745288e-09],
        "max": [11.2014160156, 69.1452713013, 159.419647217, 122.425216675, 56.5644035339, 81.2859725952, 205.550506592, 388.970367432, 1406.7010498, 464.654663086, 489.594207764, 1106.68676758, 1181.14526367, 1082.72717285, 2346.35253906, 2168.27392578, 1510.84411621, 997.253356934, 1022.20355225, 868.871032715, 224.178146362, 166.559417725, 278.297973633, 530.019348145, 684.770507812, 377.074523926, 142.192687988, 262.131225586, 453.836456299, 375.031738281, 205.144958496, 141.652450562, 77.80418396, 47.4632148743, 12.8625230789, 4.63061714172, 1.05762696266, 0.0590471513569, 0.00118738668971, 0.000379617675208],
        "mean": [1.27331876755, 9.38287067413, 11.5604877472, 7.45283508301, 5.6299033165, 4.34991884232, 8.85463523865, 16.9294872284, 30.8057632446, 15.0141296387, 16.4943943024, 32.3847198486, 57.5743370056, 37.4349250793, 45.3038673401, 38.6629676819, 32.0989875793, 44.4239463806, 37.347076416, 30.0202026367, 15.9715385437, 12.0658836365, 16.1251716614, 14.3812274933, 17.6473884583, 12.1958398819, 8.0477848053, 10.142115593, 11.7050161362, 10.5261859894, 10.3210105896, 9.240899086, 5.82616901398, 3.27762579918, 1.23340892792, 0.409819245338, 0.0806186422706, 0.0043345852755, 0.000147604558151, 9.08045331016e-05],
        "median": [0.28852301836, 5.61902999878, 5.46273851395, 3.2846493721, 3.40506768227, 2.93756937981, 2.90203022957, 6.2857170105, 8.14802360535, 4.79213237762, 7.48420572281, 9.86862754822, 13.4228773117, 10.1470298767, 8.6561870575, 6.90388917923, 6.5907793045, 9.34122467041, 14.7816114426, 11.2095403671, 9.02586364746, 7.66071653366, 9.84989929199, 8.56222724915, 8.41084766388, 6.36524438858, 4.42495822906, 4.05039310455, 3.83754205704, 3.30256700516, 3.04542303085, 2.84272241592, 2.06962776184, 1.31520831585, 0.581561982632, 0.208657115698, 0.0367947481573, 0.00179719564039, 9.82016135822e-05, 6.65562110953e-05],
        "min": [0.0019529821584, 0.0017947924789, 0.00592830311507, 0.0263620782644, 0.041958540678, 0.0651514083147, 0.0292141344398, 0.0371185913682, 0.06397806108, 0.0457037650049, 0.0514468885958, 0.0452192686498, 0.102046996355, 0.0944740921259, 0.0777466520667, 0.0755140408874, 0.0804441049695, 0.0593200661242, 0.0444307476282, 0.0724814981222, 0.0580611675978, 0.0774722248316, 0.0400624647737, 0.0564284026623, 0.0309389233589, 0.0215087234974, 0.00597537029535, 0.0082298880443, 0.00468691857532, 0.00215998734348, 0.00147364079021, 0.00104974245187, 0.00053070904687, 0.000234428458498, 7.54573047743e-05, 3.85694365832e-05, 6.44629108137e-06, 3.86958731724e-07, 1.40424242545e-06, 2.19706157623e-06],
        "var": [6.23816680908, 181.548416138, 447.186401367, 173.531097412, 41.8397483826, 30.0212078094, 248.317504883, 934.824035645, 7942.38916016, 1160.71118164, 797.765258789, 5652.07714844, 18923.4023438, 6532.95263672, 25756.15625, 11415.8642578, 9004.48535156, 12119.15625, 5299.01660156, 4124.59179688, 443.04699707, 210.536499023, 508.588500977, 1001.13812256, 2138.62890625, 741.266174316, 171.680847168, 447.824432373, 1409.03918457, 788.224182129, 436.523010254, 354.063903809, 109.719604492, 34.8470573425, 3.02900290489, 0.287881553173, 0.015817752108, 5.21159163327e-05, 2.40057644874e-08, 6.07572614442e-09]
    },
    "gfcc": {
        "mean": [30.029253006, 73.3312149048, -95.8147354126, 46.2921257019, -55.7324638367, 35.7147979736, -36.7105102539, 24.1562538147, -19.8985862732, 9.04131603241, -12.3602027893, 1.73117423058, -7.86001634598],
        "cov": [[2320.921875, -32.386516571, -383.417755127, -127.69493866, -114.148231506, 113.267425537, 32.3896636963, -33.500038147, -96.3477020264, 1.61026847363, -178.205368042, -105.28629303, -146.816604614], [-32.386516571, 890.990600586, 45.9936828613, -260.949066162, 319.235748291, -3.47594976425, 164.143463135, 40.7855873108, 86.310295105, -1.47688603401, 61.4190216064, -53.6517677307, 16.1668186188], [-383.417755127, 45.9936828613, 737.685058594, 434.610839844, 122.709381104, -39.8708267212, 12.8537254333, 21.1640338898, 75.8638000488, -25.2828044891, 19.487449646, 33.2362251282, 33.871837616], [-127.69493866, -260.949066162, 434.610839844, 591.551940918, 49.815612793, -42.3904037476, -38.675743103, 9.29234790802, 59.3110656738, -28.0756492615, 6.2952003479, 21.8194198608, 34.8551216125], [-114.148231506, 319.235748291, 122.709381104, 49.815612793, 346.05557251, 75.2809066772, 141.469329834, 30.9563083649, 64.7764434814, 0.778084695339, 36.4273452759, -4.5973110199, 17.9192771912], [113.267425537, -3.47594976425, -39.8708267212, -42.3904037476, 75.2809066772, 296.018005371, 143.553253174, 9.94716644287, -12.6044425964, -29.4611091614, 46.2520713806, -46.7071342468, -5.36961555481], [32.3896636963, 164.143463135, 12.8537254333, -38.675743103, 141.469329834, 143.553253174, 251.765625, 46.4593925476, 17.3888874054, 6.56067228317, 56.6314048767, -11.9876728058, -12.7330007553], [-33.500038147, 40.7855873108, 21.1640338898, 9.29234790802, 30.9563083649, 9.94716644287, 46.4593925476, 83.4978485107, 57.5132255554, 4.44974088669, 16.8700752258, 8.21545696259, 14.9947767258], [-96.3477020264, 86.310295105, 75.8638000488, 59.3110656738, 64.7764434814, -12.6044425964, 17.3888874054, 57.5132255554, 133.657089233, 31.8609809875, 29.7930145264, -6.5796380043, 38.5318908691], [1.61026847363, -1.47688603401, -25.2828044891, -28.0756492615, 0.778084695339, -29.4611091614, 6.56067228317, 4.44974088669, 31.8609809875, 85.2764282227, 23.6355800629, 10.8314733505, 1.34853720665], [-178.205368042, 61.4190216064, 19.487449646, 6.2952003479, 36.4273452759, 46.2520713806, 56.6314048767, 16.8700752258, 29.7930145264, 23.6355800629, 116.452354431, 23.6480693817, 24.2520885468], [-105.28629303, -53.6517677307, 33.2362251282, 21.8194198608, -4.5973110199, -46.7071342468, -11.9876728058, 8.21545696259, -6.5796380043, 10.8314733505, 23.6480693817, 82.6464385986, 20.2083263397], [-146.816604614, 16.1668186188, 33.871837616, 34.8551216125, 17.9192771912, -5.36961555481, -12.7330007553, 14.9947767258, 38.5318908691, 1.34853720665, 24.2520885468, 20.2083263397, 86.0167770386]],
        "icov": [[0.000726549653336, -0.00071487860987, 0.000668529770337, -0.000882184773218, 0.000756095920224, -0.000923669722397, -2.88992996502e-05, -5.84716326557e-05, 0.000123129153508, -0.000881630519871, 0.00166506634559, -0.000622681051027, 0.000894919154234], [-0.00071487860987, 0.00515277171507, -0.00219165277667, 0.00456618936732, -0.00445919390768, 0.00423447228968, -0.00127356022131, 0.00044412270654, -0.00118992628995, 0.00360916461796, -0.00454775989056, 0.00517705548555, -0.00170613732189], [0.000668529770337, -0.00219165277667, 0.0037658943329, -0.00384311424568, 0.00148329301737, -0.00167815922759, 4.63919714093e-05, 0.000299137464026, -0.000392385962186, -0.0010135374032, 0.00251093134284, -0.00290288287215, 0.00133399118204], [-0.000882184773218, 0.00456618936732, -0.00384311424568, 0.0072765420191, -0.003900060663, 0.00382730155252, -0.000540183391422, 0.000749636732507, -0.00183946208563, 0.00412584934384, -0.00449537299573, 0.00433386536315, -0.00194981519599], [0.000756095920224, -0.00445919390768, 0.00148329301737, -0.003900060663, 0.00836050137877, -0.00386995822191, -0.00165606837254, 0.00134712876752, -0.00154987769201, -0.00237899902277, 0.0046430430375, -0.00504508940503, 0.00126940244809], [-0.000923669722397, 0.00423447228968, -0.00167815922759, 0.00382730155252, -0.00386995822191, 0.00967455655336, -0.00386674399488, 0.000587084854487, 0.000250455690548, 0.00528170075268, -0.00655520055443, 0.00773083092645, -0.00269008730538], [-2.88992996502e-05, -0.00127356022131, 4.63919714093e-05, -0.000540183391422, -0.00165606837254, -0.00386674399488, 0.00906550791115, -0.00506504299119, 0.00271910917945, -0.00249026832171, -0.00145101360977, -0.000760899740271, 0.00212805741467], [-5.84716326557e-05, 0.00044412270654, 0.000299137464026, 0.000749636732507, 0.00134712876752, 0.000587084854487, -0.00506504299119, 0.0219199601561, -0.0119424229488, 0.00449642632157, 0.00117480242625, -0.00463859457523, 0.000617977406364], [0.000123129153508, -0.00118992628995, -0.000392385962186, -0.00183946208563, -0.00154987769201, 0.000250455690548, 0.00271910917945, -0.0119424229488, 0.018841329962, -0.00747304270044, -0.00166271696799, 0.00586063228548, -0.00507446890697], [-0.000881630519871, 0.00360916461796, -0.0010135374032, 0.00412584934384, -0.00237899902277, 0.00528170075268, -0.00249026832171, 0.00449642632157, -0.00747304270044, 0.0190938394517, -0.00646492699161, 0.00113419711124, 0.000821529247332], [0.00166506634559, -0.00454775989056, 0.00251093134284, -0.00449537299573, 0.0046430430375, -0.00655520055443, -0.00145101360977, 0.00117480242625, -0.00166271696799, -0.00646492699161, 0.01853200607, -0.00913802720606, 0.00050151598407], [-0.000622681051027, 0.00517705548555, -0.00290288287215, 0.00433386536315, -0.00504508940503, 0.00773083092645, -0.000760899740271, -0.00463859457523, 0.00586063228548, 0.00113419711124, -0.00913802720606, 0.0235329363495, -0.00601465860382], [0.000894919154234, -0.00170613732189, 0.00133399118204, -0.00194981519599, 0.00126940244809, -0.00269008730538, 0.00212805741467, 0.000617977406364, -0.00507446890697, 0.000821529247332, 0.00050151598407, -0.00601465860382, 0.0170454084873]]
    },
    "melbands": {
        "dmean": [0.00851198658347, 0.00674184830859, 0.00119940121658, 0.000219543770072, 0.000209351812373, 0.000295254867524, 0.000301467807731, 0.000116017305118, 0.000107150844997, 0.000144980615005, 0.000219447785639, 0.000112834721222, 0.000104151295091, 8.74843681231e-05, 7.48169914004e-05, 4.95735912409e-05, 6.46180851618e-05, 5.35724466317e-05, 2.14603478526e-05, 2.44992424996e-05, 8.4669327407e-06, 7.08156585461e-06, 7.74260752223e-06, 8.72234522831e-06, 6.8895055847e-06, 8.95557423064e-06, 6.46779790259e-06, 4.11618748331e-06, 2.8188885608e-06, 3.18393244925e-06, 4.23255414717e-06, 4.01552597395e-06, 3.47587638316e-06, 3.50847926711e-06, 3.29024919665e-06, 3.25194127981e-06, 2.77882713817e-06, 2.36469486481e-06, 1.79455298621e-06, 1.43360011862e-06],
        "dmean2": [0.011338208802, 0.010802407749, 0.00216359086335, 0.000354618881829, 0.000346528715454, 0.000461983465357, 0.00045803017565, 0.000189177968423, 0.000170789659023, 0.000227637807257, 0.000347408727976, 0.000176502231625, 0.000174961009179, 0.000144512116094, 0.000120630356832, 7.9246237874e-05, 0.000108684842417, 8.89093644219e-05, 3.52057322743e-05, 4.09839813074e-05, 1.34670281113e-05, 1.14848517114e-05, 1.24688313008e-05, 1.43305005622e-05, 1.13582236736e-05, 1.42804665302e-05, 9.7714482763e-06, 6.36256299913e-06, 4.43032240582e-06, 4.90037336931e-06, 6.37595394437e-06, 5.77038144911e-06, 5.03445744471e-06, 5.19205877936e-06, 4.77167168356e-06, 4.58833937955e-06, 3.84579243473e-06, 3.45690637005e-06, 2.61788431999e-06, 2.13594125853e-06],
        "dvar": [0.000208767392905, 0.000158755283337, 6.64570325171e-06, 9.04439119154e-08, 1.40672611337e-07, 3.13022894716e-07, 9.79960532277e-07, 7.68547039343e-08, 4.90099267836e-08, 1.79078995188e-07, 2.9340063179e-07, 6.91481432114e-08, 1.4477689092e-07, 1.55326418394e-07, 4.09708533766e-08, 2.35681678618e-08, 2.8417172615e-08, 1.9699628595e-08, 2.75883582646e-09, 3.582906416e-09, 1.8074015895e-10, 1.62050400876e-10, 1.73011396876e-10, 2.23640550523e-10, 4.00029481762e-10, 7.6548339889e-10, 2.39117170509e-10, 7.59207904877e-11, 2.67312248725e-11, 3.65371552458e-11, 6.85502418718e-11, 1.59961877078e-10, 1.01594684054e-10, 8.1665875451e-11, 4.76773308333e-11, 4.93996753226e-11, 2.92870554197e-11, 2.01853030818e-11, 1.36366985412e-11, 8.50579415929e-12],
        "dvar2": [0.000308286835207, 0.000409388798289, 1.88409176189e-05, 2.41045455596e-07, 3.68209271073e-07, 7.18034584679e-07, 2.04568709705e-06, 1.79702979608e-07, 1.25611919088e-07, 4.32650779203e-07, 7.15024441433e-07, 1.60949113592e-07, 3.91304809e-07, 4.27380712154e-07, 1.03949041375e-07, 5.575001083e-08, 8.0797654789e-08, 5.00136358994e-08, 7.03718372463e-09, 1.07382431835e-08, 4.04150712896e-10, 4.41080921787e-10, 4.10402822837e-10, 5.6368376633e-10, 1.03913233573e-09, 1.78663273065e-09, 4.60707805239e-10, 1.57941965062e-10, 5.80243353365e-11, 7.71300384672e-11, 1.3743192695e-10, 3.13574166633e-10, 1.96111529793e-10, 1.54160018084e-10, 1.0505375736e-10, 9.96305607459e-11, 5.87738885338e-11, 4.47256641445e-11, 2.52369479481e-11, 1.92155111267e-11],
        "max": [0.0880983844399, 0.0823988094926, 0.0193567723036, 0.00362496078014, 0.00571000250056, 0.00805534701794, 0.0191031415015, 0.00410387385637, 0.00333716440946, 0.00623809639364, 0.0059519559145, 0.00401391508058, 0.00548750767484, 0.00724196573719, 0.00357925379649, 0.00216194521636, 0.00230683293194, 0.00235590408556, 0.00085800839588, 0.00121604464948, 0.000175018809387, 0.000224151983275, 0.000202968512895, 0.000257701758528, 0.000467124627903, 0.00060451333411, 0.000350201822584, 0.000204473733902, 9.6164047136e-05, 8.72571617947e-05, 0.000200118243811, 0.000311590556521, 0.000196065826458, 0.000227929951507, 0.000133202134748, 0.000102572812466, 7.95435407781e-05, 6.13517113379e-05, 5.59496038477e-05, 3.73557304556e-05],
        "mean": [0.0118500683457, 0.00857497379184, 0.00126685202122, 0.000342127605109, 0.000291500851745, 0.000407057174016, 0.000423586432589, 0.000141054319101, 0.000161453775945, 0.000200512105948, 0.000300405459711, 0.000169067527167, 0.000150285297423, 0.00011730910046, 9.98215182335e-05, 6.40936850687e-05, 9.06250279513e-05, 7.66527009546e-05, 3.26590707118e-05, 3.68100663763e-05, 1.44843479575e-05, 1.13353107736e-05, 1.38928235174e-05, 1.46367447087e-05, 1.0877416571e-05, 1.4040350834e-05, 1.14643462439e-05, 7.25336212781e-06, 4.80142261949e-06, 5.01082786286e-06, 6.19916454525e-06, 6.70757617627e-06, 6.18737294644e-06, 5.64763558941e-06, 5.85965699429e-06, 6.07713491263e-06, 5.43314808965e-06, 4.23622395829e-06, 3.41250597558e-06, 2.53799385064e-06],
        "median": [0.00463393703103, 0.00544349197298, 0.000617470475845, 0.000223113471293, 0.000109014799818, 0.000157650152687, 0.000118953728816, 4.06719045714e-05, 6.41669903416e-05, 5.11217440362e-05, 6.29427304375e-05, 4.68202779302e-05, 2.60998494923e-05, 1.61179905263e-05, 1.83422034752e-05, 1.0865486729e-05, 1.77137353603e-05, 2.50488938036e-05, 1.09072461782e-05, 1.43639717862e-05, 8.10247274785e-06, 6.70805638947e-06, 7.71708255343e-06, 8.32736986922e-06, 5.91985144638e-06, 6.51433674648e-06, 5.54470489078e-06, 3.74922501578e-06, 2.62695925812e-06, 2.46823378802e-06, 2.20308106691e-06, 2.13455291487e-06, 2.00897329705e-06, 1.67828659414e-06, 1.75669151758e-06, 1.55646523581e-06, 1.78732011591e-06, 1.53137796133e-06, 1.17822162338e-06, 1.05599826838e-06],
        "min": [1.17942990983e-05, 3.38752784046e-06, 5.00995611219e-06, 7.22478944226e-06, 1.29212321553e-06, 8.87386931936e-07, 8.74656166161e-07, 4.46270178145e-07, 4.82087671116e-07, 2.12496772178e-07, 4.69924771096e-07, 3.64948164133e-07, 3.19773164392e-07, 7.46006350028e-08, 1.36635065928e-07, 1.14698480047e-07, 1.04849476656e-07, 6.02417387086e-08, 8.74525269978e-08, 4.55518076592e-08, 1.39102294128e-08, 5.68757236863e-08, 4.29174278338e-08, 2.83037984161e-08, 3.35783099104e-08, 2.56296317502e-08, 9.01944829934e-09, 5.01115460239e-09, 1.63388247376e-09, 4.05875955067e-09, 4.3685135509e-09, 2.92919111189e-09, 1.5067607162e-09, 1.06318742699e-09, 8.22049206484e-10, 8.31662960721e-10, 5.75669789615e-10, 3.71668890109e-10, 3.40519917819e-10, 1.26720398064e-10],
