{
"highlevel": {
    "danceability": {
        "all": {
            "danceable": 1.58690261287e-06,
            "not_danceable": 0.999998390675
        },
        "probability": 0.999998390675,
        "value": "not_danceable"
    },
    "gender": {
        "all": {
            "female": 0.713903963566,
            "male": 0.286096066236
        },
        "probability": 0.713903963566,
        "value": "female"
    },
    "genre_dortmund": {
        "all": {
            "alternative": 0.0939748510718,
            "blues": 0.00371350953355,
            "electronic": 0.199787557125,
            "folkcountry": 0.129715278745,
            "funksoulrnb": 0.00342616019771,
            "jazz": 0.539399921894,
            "pop": 0.0233994722366,
            "raphiphop": 0.00092255481286,
            "rock": 0.0056606605649
        },
        "probability": 0.539399921894,
        "value": "jazz"
    },
    "genre_electronic": {
        "all": {
            "ambient": 0.986859560013,
            "dnb": 0.000292021519272,
            "house": 0.0113732852042,
            "techno": 0.00101734790951,
            "trance": 0.000457758753328
        },
        "probability": 0.986859560013,
        "value": "ambient"
    },
    "genre_rosamerica": {
        "all": {
            "cla": 0.946910321712,
            "dan": 0.00136005866807,
            "hip": 0.000796339008957,
            "jaz": 0.0275165140629,
            "pop": 0.00327385147102,
            "rhy": 0.0143188592046,
            "roc": 0.00358878704719,
            "spe": 0.00223527988419
        },
        "probability": 0.946910321712,
        "value": "cla"
    },
    "genre_tzanetakis": {
        "all": {
            "blu": 0.000858449318912,
            "cla": 0.986595034599,
            "cou": 0.000349431298673,
            "dis": 0.00147630472202,
            "hip": 0.000190318154637,
            "jaz": 0.00622757617384,
            "met": 0.00225062365644,
            "pop": 0.00147850031499,
            "reg": 0.000170676838025,
            "roc": 0.000403075275244
        },
        "probability": 0.986595034599,
        "value": "cla"
    },
    "ismir04_rhythm": {
        "all": {
            "ChaChaCha": 0.00028643020778,
            "Jive": 1.82419717021e-05,
            "Quickstep": 3.77183932869e-05,
            "Rumba-American": 0.00345594994724,
            "Rumba-International": 0.00244254688732,
            "Rumba-Misc": 0.000515718071256,
            "Samba": 9.08177389647e-05,
            "Tango": 0.000888501584996,
            "VienneseWaltz": 0.0038569686003,
            "Waltz": 0.98840713501
        },
        "probability": 0.98840713501,
        "value": "Waltz"
    },
    "mood_acoustic": {
        "all": {
            "acoustic": 0.781706809998,
            "not_acoustic": 0.218293175101
        },
        "probability": 0.781706809998,
        "value": "acoustic"
    },
    "mood_aggressive": {
        "all": {
            "aggressive": 0.00613062409684,
            "not_aggressive": 0.993869364262
        },
        "probability": 0.993869364262,
        "value": "not_aggressive"
    },
    "mood_electronic": {
        "all": {
            "electronic": 0.279819726944,
            "not_electronic": 0.720180273056
        },
        "probability": 0.720180273056,
        "value": "not_electronic"
    },
    "mood_happy": {
        "all": {
            "happy": 1.720405578e-07,
            "not_happy": 0.999999821186
        },
        "probability": 0.999999821186,
        "value": "not_happy"
    },
    "mood_party": {
        "all": {
            "not_party": 0.999660313129,
            "party": 0.000339674093993
        },
        "probability": 0.999660313129,
        "value": "not_party"
    },
    "mood_relaxed": {
        "all": {
            "not_relaxed": 0.0029974502977,
            "relaxed": 0.997002542019
        },
        "probability": 0.997002542019,
        "value": "relaxed"
    },
    "mood_sad": {
        "all": {
            "not_sad": 0.127926185727,
            "sad": 0.872073829174
        },
        "probability": 0.872073829174,
        "value": "sad"
    },
    "moods_mirex": {
        "all": {
            "Cluster1": 0.0127670513466,
            "Cluster2": 0.025026647374,
            "Cluster3": 0.918475270271,
            "Cluster4": 0.0401136651635,
            "Cluster5": 0.00361738470383
        },
        "probability": 0.918475270271,
        "value": "Cluster3"
    },
    "timbre": {
        "all": {
            "bright": 0.217704415321,
            "dark": 0.782295584679
        },
        "probability": 0.782295584679,
        "value": "dark"
    },
    "tonal_atonal": {
        "all": {
            "atonal": 0.0179219134152,
            "tonal": 0.982078075409
        },
        "probability": 0.982078075409,
        "value": "tonal"
    },
    "voice_instrumental": {
        "all": {
            "instrumental": 1,
            "voice": 4.17102463679e-10
        },
        "probability": 1,
        "value": "instrumental"
    }
},
"lowlevel": {
    "average_loudness": 0.881030142307,
    "barkbands_crest": {
        "dmean": 1.48678934574,
        "dmean2": 2.21108007431,
        "dvar": 2.24211645126,
        "dvar2": 4.77213525772,
        "max": 25.0226631165,
        "mean": 14.0814237595,
        "median": 12.9815378189,
        "min": 5.80388879776,
        "var": 23.199672699
    },
    "barkbands_flatness_db": {
        "dmean": 0.0196617078036,
        "dmean2": 0.0321554280818,
        "dvar": 0.000328322727,
        "dvar2": 0.000682805490214,
        "max": 0.556664824486,
        "mean": 0.444224387407,
        "median": 0.448769539595,
        "min": 0.169049263,
        "var": 0.00189757032786
    },
    "barkbands_kurtosis": {
        "dmean": 1.51186299324,
        "dmean2": 2.06545543671,
        "dvar": 7.30772590637,
        "dvar2": 16.7870330811,
        "max": 62.276725769,
        "mean": 4.05905103683,
        "median": 2.15857124329,
        "min": -1.28203713894,
        "var": 30.8117408752
    },
    "barkbands_skewness": {
        "dmean": 0.260196328163,
        "dmean2": 0.366832643747,
        "dvar": 0.0896507576108,
        "dvar2": 0.20078420639,
        "max": 4.46479082108,
        "mean": 0.594380199909,
        "median": 0.53664880991,
        "min": -1.0463988781,
        "var": 0.496730357409
    },
    "barkbands_spread": {
        "dmean": 0.459752500057,
        "dmean2": 0.653279423714,
        "dvar": 0.326666504145,
        "dvar2": 0.632513225079,
        "max": 15.436088562,
        "mean": 3.0497906208,
        "median": 2.82289648056,
        "min": 0.440033197403,
        "var": 2.68398427963
    },
    "dissonance": {
        "dmean": 0.050581201911,
        "dmean2": 0.0871804580092,
        "dvar": 0.00223238626495,
        "dvar2": 0.0060225580819,
        "max": 0.498333454132,
        "mean": 0.317023903131,
        "median": 0.320360571146,
        "min": 0.109365813434,
        "var": 0.00523397140205
    },
    "dynamic_complexity": 2.77952289581,
    "erbbands_crest": {
        "dmean": 1.63212049007,
        "dmean2": 2.34966659546,
        "dvar": 3.04607796669,
        "dvar2": 6.28259754181,
        "max": 28.5465564728,
        "mean": 16.4115562439,
        "median": 15.8472652435,
        "min": 6.06036758423,
        "var": 24.9779376984
    },
    "erbbands_flatness_db": {
        "dmean": 0.0120811238885,
        "dmean2": 0.0188865959644,
        "dvar": 0.000202179144253,
        "dvar2": 0.000342022773111,
        "max": 0.490945011377,
        "mean": 0.40754288435,
        "median": 0.410196453333,
        "min": 0.157719224691,
        "var": 0.00103562662844
    },
    "erbbands_kurtosis": {
        "dmean": 1.62893533707,
        "dmean2": 2.08765602112,
        "dvar": 4.87926054001,
        "dvar2": 8.67401885986,
        "max": 37.3903198242,
        "mean": 4.54868221283,
        "median": 2.27778720856,
        "min": -1.50143814087,
        "var": 35.6735038757
    },
    "erbbands_skewness": {
        "dmean": 0.289788484573,
        "dmean2": 0.364539146423,
        "dvar": 0.08138743788,
        "dvar2": 0.136203065515,
        "max": 4.50084877014,
        "mean": 1.17948448658,
        "median": 1.13583278656,
        "min": -1.61406445503,
        "var": 1.29361498356
    },
    "erbbands_spread": {
        "dmean": 0.914159655571,
        "dmean2": 1.23444259167,
        "dvar": 1.37447011471,
        "dvar2": 2.21844220161,
        "max": 28.0041561127,
        "mean": 6.92259263992,
        "median": 6.53334522247,
        "min": 1.39168763161,
        "var": 12.372220993
    },
    "hfc": {
        "dmean": 1.06255209446,
        "dmean2": 1.37597477436,
        "dvar": 2.22573947906,
        "dvar2": 3.36822676659,
        "max": 25.7702846527,
        "mean": 7.21134138107,
        "median": 5.94308948517,
        "min": 0.341654717922,
        "var": 25.616153717
    },
    "melbands_crest": {
        "dmean": 1.66737222672,
        "dmean2": 2.51591444016,
        "dvar": 2.46521353722,
        "dvar2": 5.39842510223,
        "max": 25.9835395813,
        "mean": 15.1121559143,
        "median": 15.2955141068,
        "min": 7.09397506714,
        "var": 13.1154975891
    },
    "melbands_flatness_db": {
        "dmean": 0.0173421632499,
        "dmean2": 0.0274160541594,
        "dvar": 0.000331994728185,
        "dvar2": 0.000600213359576,
        "max": 0.68815100193,
        "mean": 0.567184865475,
        "median": 0.576273560524,
        "min": 0.272837519646,
        "var": 0.00282334629446
    },
    "melbands_kurtosis": {
        "dmean": 1.29700779915,
        "dmean2": 1.78892958164,
        "dvar": 3.91855406761,
        "dvar2": 8.50940036774,
        "max": 45.9328727722,
        "mean": 4.14123916626,
        "median": 2.81106519699,
        "min": -1.40506052971,
        "var": 22.1148586273
    },
    "melbands_skewness": {
        "dmean": 0.237189888954,
        "dmean2": 0.331021487713,
        "dvar": 0.055993732065,
        "dvar2": 0.112998954952,
        "max": 3.56047487259,
        "mean": 0.833860337734,
        "median": 0.769970118999,
        "min": -0.783646583557,
        "var": 0.442500591278
    },
    "melbands_spread": {
        "dmean": 0.572619020939,
        "dmean2": 0.793534636497,
        "dvar": 0.562950074673,
        "dvar2": 1.09328699112,
        "max": 15.8945636749,
        "mean": 4.12637853622,
        "median": 3.46776795387,
        "min": 0.826520383358,
        "var": 5.01046180725
    },
    "pitch_salience": {
        "dmean": 0.0375148504972,
        "dmean2": 0.0573918260634,
        "dvar": 0.00130929495208,
        "dvar2": 0.00294258259237,
        "max": 0.75091022253,
        "mean": 0.478550374508,
        "median": 0.472907692194,
        "min": 0.193941265345,
        "var": 0.00925873685628
    },
    "silence_rate_20dB": {
        "dmean": 0,
        "dmean2": 0,
        "dvar": 0,
        "dvar2": 0,
        "max": 1,
        "mean": 1,
        "median": 1,
        "min": 1,
        "var": 0
    },
    "silence_rate_30dB": {
        "dmean": 0,
        "dmean2": 0,
        "dvar": 0,
        "dvar2": 0,
        "max": 1,
        "mean": 1,
        "median": 1,
        "min": 1,
        "var": 0
    },
    "silence_rate_60dB": {
        "dmean": 0.0185758508742,
        "dmean2": 0.0371804796159,
        "dvar": 0.0182309113443,
        "dvar2": 0.0357981696725,
        "max": 1,
        "mean": 0.0378963649273,
        "median": 0,
        "min": 0,
        "var": 0.0364595502615
    },
    "spectral_centroid": {
        "dmean": 15.0085983276,
        "dmean2": 19.4852313995,
        "dvar": 439.995758057,
        "dvar2": 751.789672852,
        "max": 716.72833252,
        "mean": 329.892486572,
        "median": 296.758422852,
        "min": 185.936218262,
        "var": 6201.70703125
    },
    "spectral_complexity": {
        "dmean": 0.739938080311,
        "dmean2": 1.32378005981,
        "dvar": 0.57632958889,
        "dvar2": 1.30338346958,
        "max": 11,
        "mean": 6.51198768616,
        "median": 7,
        "min": 3,
        "var": 1.68992006779
    },
    "spectral_decrease": {
        "dmean": 1.0298765174e-09,
        "dmean2": 1.35889921538e-09,
        "dvar": 2.29546362976e-18,
        "dvar2": 3.32954155225e-18,
        "max": -2.29929714157e-10,
        "mean": -7.07879088679e-09,
        "median": -5.62841506735e-09,
        "min": -2.93999864454e-08,
        "var": 2.87313641883e-17
    },
    "spectral_energy": {
        "dmean": 0.0039792181924,
        "dmean2": 0.00524826766923,
        "dvar": 3.41561644746e-05,
        "dvar2": 4.95888671139e-05,
        "max": 0.113299921155,
        "mean": 0.027371045202,
        "median": 0.021865401417,
        "min": 0.000898796715774,
        "var": 0.000426861050073
    },
    "spectral_energyband_high": {
        "dmean": 9.91515562987e-08,
        "dmean2": 1.1111669096e-07,
        "dvar": 3.43901816746e-12,
        "dvar2": 3.43734719507e-12,
        "max": 5.319441334e-05,
        "mean": 1.63701727729e-07,
        "median": 3.84906542195e-08,
        "min": 4.14671186277e-09,
        "var": 3.46117297149e-12
    },
    "spectral_energyband_low": {
        "dmean": 0.00130772520788,
        "dmean2": 0.00164748053066,
        "dvar": 5.16518230143e-06,
        "dvar2": 7.90583089838e-06,
        "max": 0.048307299614,
        "mean": 0.00583351682872,
        "median": 0.00343256094493,
        "min": 2.59335456576e-06,
        "var": 4.39838404418e-05
    },
    "spectral_energyband_middle_high": {
        "dmean": 1.98684338102e-05,
        "dmean2": 2.56611037912e-05,
        "dvar": 1.04976238813e-09,
        "dvar2": 1.63391256081e-09,
        "max": 0.000645788677502,
        "mean": 0.000108361869934,
        "median": 7.13096233085e-05,
        "min": 9.9977814898e-06,
        "var": 1.04402371193e-08
    },
    "spectral_energyband_middle_low": {
        "dmean": 0.00336404331028,
        "dmean2": 0.00455436762422,
        "dvar": 2.68521489488e-05,
        "dvar2": 4.33328386862e-05,
        "max": 0.0974038466811,
        "mean": 0.0218634027988,
        "median": 0.0170191731304,
        "min": 0.000712412234861,
        "var": 0.0003083202173
    },
    "spectral_entropy": {
        "dmean": 0.0969270169735,
        "dmean2": 0.146177589893,
        "dvar": 0.020539065823,
        "dvar2": 0.0339569039643,
        "max": 7.56475353241,
        "mean": 4.94309902191,
        "median": 4.92047309875,
        "min": 4.08984422684,
        "var": 0.0962216183543
    },
    "spectral_flux": {
        "dmean": 0.0125367175788,
        "dmean2": 0.0214546900243,
        "dvar": 0.000297813414363,
        "dvar2": 0.000714882917237,
        "max": 0.23724450171,
        "mean": 0.0333590954542,
        "median": 0.0274415072054,
        "min": 0.00618423800915,
        "var": 0.000467332167318
    },
    "spectral_kurtosis": {
        "dmean": 36.6397171021,
        "dmean2": 62.2568092346,
        "dvar": 1192.42382812,
        "dvar2": 3306.16455078,
        "max": 393.59866333,
        "mean": 154.711105347,
        "median": 149.312530518,
        "min": 3.83861732483,
        "var": 3910.8425293
    },
    "spectral_rms": {
        "dmean": 0.000374122697394,
        "dmean2": 0.000485876138555,
        "dvar": 2.29043024547e-07,
        "dvar2": 3.00393878661e-07,
        "max": 0.0105136344209,
        "mean": 0.00479994807392,
        "median": 0.00461866846308,
        "min": 0.000936415919568,
        "var": 3.66395511264e-06
    },
    "spectral_rolloff": {
        "dmean": 23.2331924438,
        "dmean2": 41.2482681274,
        "dvar": 3892.44262695,
        "dvar2": 7760.72753906,
        "max": 710.595703125,
        "mean": 401.189178467,
        "median": 322.998046875,
        "min": 150.732421875,
        "var": 25546.1230469
    },
    "spectral_skewness": {
        "dmean": 1.61227273941,
        "dmean2": 2.7853872776,
        "dvar": 2.14138054848,
        "dvar2": 5.73705482483,
        "max": 16.5092163086,
        "mean": 9.39420890808,
        "median": 9.52973079681,
        "min": 2.17113399506,
        "var": 6.00750684738
    },
    "spectral_spread": {
        "dmean": 333155.40625,
        "dmean2": 568079,
        "dvar": 507109539840,
        "dvar2": 621592641536,
        "max": 24849508,
        "mean": 820773.375,
        "median": 766074.875,
        "min": 243665.171875,
        "var": 548134518784
    },
    "spectral_strongpeak": {
        "dmean": 0.233921647072,
        "dmean2": 0.382213622332,
        "dvar": 0.103377752006,
        "dvar2": 0.224510714412,
        "max": 3.81160926819,
        "mean": 1.09014046192,
        "median": 0.931925296783,
        "min": 0.0330424942076,
        "var": 0.524131715298
    },
    "zerocrossingrate": {
        "dmean": 0.00114285026211,
        "dmean2": 0.00149396667257,
        "dvar": 1.45932744999e-06,
        "dvar2": 1.92072320715e-06,
        "max": 0.0341796875,
        "mean": 0.0148293245584,
        "median": 0.01318359375,
        "min": 0.00390625,
        "var": 2.36854266404e-05
    },
    "barkbands": {
        "dmean": [2.34265698964e-05, 0.000977866933681, 0.000776419881731, 0.000269714393653, 0.00239625223912, 0.00124477792997, 2.8420570743e-05, 5.59412474104e-05, 0.000437669630628, 1.70422044903e-05, 7.33958586352e-06, 7.95193784597e-07, 3.20848266711e-06, 5.99735176365e-06, 1.01847786027e-06, 7.17885825452e-07, 1.63627919392e-06, 8.17278404952e-08, 3.33394638119e-07, 6.69555006994e-08, 2.92878219454e-08, 1.5919377816e-08, 9.40118738413e-09, 1.2673543992e-08, 9.00526853087e-09, 1.13750617814e-08, 3.78198672379e-09],
        "dmean2": [4.094301039e-05, 0.00128777744249, 0.000998339848593, 0.000389399181586, 0.00337557541206, 0.00175961037166, 4.25645666837e-05, 7.47145022615e-05, 0.000454785331385, 2.23545775953e-05, 1.01388777694e-05, 1.25673102502e-06, 3.76006892111e-06, 6.32599221717e-06, 1.39997996484e-06, 1.00173497231e-06, 2.20308265853e-06, 1.12686016962e-07, 4.56994570186e-07, 9.46918845557e-08, 3.58486751395e-08, 1.7516180506e-08, 1.03410977559e-08, 1.35543034574e-08, 9.86628023725e-09, 1.2210159106e-08, 4.66567273705e-09],
        "dvar": [1.08299254009e-08, 2.37107815337e-06, 2.69035240308e-06, 2.63733994643e-07, 2.05714713957e-05, 3.20038338941e-06, 3.26720339672e-09, 8.43365022263e-09, 7.39044310194e-07, 9.89148318808e-10, 2.91764390425e-10, 3.50322375275e-12, 6.73381836402e-11, 2.52073362184e-10, 6.8771277735e-12, 2.59917261325e-12, 1.32093303309e-11, 2.39458165753e-13, 7.12041211583e-13, 2.24886800263e-13, 9.87027367933e-14, 8.95888249111e-14, 5.01554093396e-14, 8.8254998741e-14, 4.42304477549e-14, 6.946675765e-14, 5.18841476808e-15],
        "dvar2": [2.93926163408e-08, 4.24881045546e-06, 4.7114631343e-06, 5.09478297772e-07, 3.65127925761e-05, 4.94363393955e-06, 6.36596153569e-09, 1.55526223011e-08, 9.50192770688e-07, 1.62586211161e-09, 5.55140378111e-10, 5.38395153113e-12, 7.60039253755e-11, 2.54841564518e-10, 1.11137453407e-11, 3.97318723061e-12, 2.24512838876e-11, 2.47623129683e-13, 9.17352999119e-13, 2.33639090063e-13, 9.96862978991e-14, 8.95688891437e-14, 5.01550027638e-14, 8.830068431e-14, 4.42414185256e-14, 6.94894378042e-14, 5.18967472959e-15],
        "max": [0.00150313857011, 0.0204137079418, 0.0260462295264, 0.010002259165, 0.0885227024555, 0.0348003208637, 0.00164722418413, 0.0019617616199, 0.0229127071798, 0.00069685355993, 0.000375243049348, 4.43406679551e-05, 0.000313068681862, 0.000500891532283, 6.39546924504e-05, 3.47365712514e-05, 7.6436335803e-05, 1.24147327369e-05, 1.87271270988e-05, 1.25940923681e-05, 1.01024916148e-05, 8.13436236058e-06, 7.3224055086e-06, 8.4349021563e-06, 6.60938576402e-06, 6.90189972374e-06, 2.26794350056e-06],
        "mean": [6.71888046782e-05, 0.00293588638306, 0.00241803959943, 0.000907862151507, 0.0141117321327, 0.00451728887856, 0.000104061829916, 0.000293168239295, 0.00188272516243, 5.59849249839e-05, 2.86491158477e-05, 1.62574042406e-06, 1.01758569144e-05, 2.43604936259e-05, 3.28730152432e-06, 2.69012548415e-06, 4.62404113932e-06, 1.77192660544e-07, 1.25932569972e-06, 1.51012770289e-07, 7.05830487391e-08, 2.28511840561e-08, 9.69529345696e-09, 1.30245503271e-08, 9.34542043751e-09, 1.13333156193e-08, 3.58222695951e-09],
        "median": [2.10423895624e-05, 0.00184484315105, 0.00104429875501, 0.000337612902513, 0.00784351490438, 0.00270615238696, 6.16583929514e-05, 0.000151625470608, 0.00082932296209, 2.79439336737e-05, 1.38464174597e-05, 9.51330434873e-07, 2.9461275517e-06, 2.5660706342e-06, 1.50814355493e-06, 8.16259898784e-07, 1.73964849637e-06, 7.39961265595e-08, 5.65177003864e-07, 4.78255550718e-08, 1.88113205013e-08, 3.70795039117e-09, 9.5000041167e-10, 9.53524148528e-10, 9.29342325318e-10, 4.85394946459e-10, 3.24625021308e-10],
        "min": [5.46709344462e-08, 9.5731024885e-07, 9.20776244584e-07, 2.02436339691e-07, 3.63836043107e-05, 7.96670574346e-05, 2.40868166657e-06, 7.29146790945e-07, 3.04409104501e-06, 5.26296616954e-07, 3.8272108327e-07, 1.15793824307e-07, 7.39632426416e-08, 3.84516383178e-08, 2.22270521988e-08, 2.56210768157e-08, 2.7795630686e-08, 3.31356764249e-09, 1.63015290155e-08, 2.42928166472e-09, 1.30397970199e-09, 3.53065437997e-10, 7.31476268445e-11, 1.18610052335e-10, 4.65728428045e-11, 8.16477874893e-12, 1.08733074627e-11],
        "var": [1.40657832048e-08, 9.74656813924e-06, 1.23352865558e-05, 1.63095216976e-06, 0.000233785889577, 2.86517606582e-05, 2.21356160068e-08, 1.14865841283e-07, 8.8690985649e-06, 7.33371496864e-09, 1.89492421754e-09, 6.26223465444e-12, 6.44838960007e-10, 3.86259468854e-09, 3.42513656326e-11, 2.03403752175e-11, 6.73577582599e-11, 2.87509734987e-13, 3.8469076015e-12, 2.63160505757e-13, 1.09368406258e-13, 9.07622433699e-14, 5.01517061116e-14, 8.82026995387e-14, 4.42158516831e-14, 6.94401811442e-14, 5.18873367598e-15]
    },
    "erbbands": {
        "dmean": [0.0120778558776, 0.26217019558, 0.7735850811, 0.758588016033, 2.54935336113, 8.70023441315, 16.6606369019, 7.1381354332, 0.763784706593, 1.11533617973, 2.30626797676, 12.0667104721, 1.23061454296, 0.17828732729, 0.271450936794, 0.0486931502819, 0.153566926718, 0.329349696636, 0.078234449029, 0.043475843966, 0.0762444883585, 0.0507815405726, 0.00799570605159, 0.0082829548046, 0.0174280144274, 0.0035591556225, 0.00137304351665, 0.000909626018256, 0.000624168256763, 0.000357138487743, 0.000265248963842, 0.000282397260889, 0.000191506114788, 9.25065614865e-05, 7.18266892363e-05, 4.957236888e-05, 2.13223593164e-05, 4.14015539718e-06, 2.19898856813e-06, 4.34071489508e-06],
        "dmean2": [0.0167398303747, 0.345532268286, 0.98456043005, 1.05070900917, 3.94537878036, 12.0631036758, 22.5585823059, 11.0523233414, 1.0847992897, 1.60248267651, 2.56860995293, 12.6205635071, 1.53902673721, 0.254923135042, 0.373692959547, 0.0677327811718, 0.178031608462, 0.347060114145, 0.089486643672, 0.0611087270081, 0.103691369295, 0.0678992271423, 0.0113800633699, 0.0112949702889, 0.0238411612809, 0.00493019772694, 0.0016796416603, 0.00109096174128, 0.000692733679898, 0.000391623005271, 0.000291089265374, 0.000301747961203, 0.000205464544706, 0.000101884237665, 7.75939915911e-05, 5.26976982655e-05, 2.27425480261e-05, 4.67267136628e-06, 2.74895774055e-06, 5.72557746636e-06],
        "dvar": [0.000518505286891, 0.170871093869, 2.39370465279, 2.03353905678, 35.8888969421, 342.139770508, 648.864135742, 98.575302124, 2.23776245117, 2.95837187767, 18.2385864258, 545.396789551, 6.66964054108, 0.103461518884, 0.411146938801, 0.010197693482, 0.163864314556, 0.733742237091, 0.0384050682187, 0.00572333950549, 0.0211285445839, 0.0107736047357, 0.000732020766009, 0.000860123254824, 0.00192945194431, 0.000485597207444, 0.000188197300304, 0.00015667398111, 0.000126141007058, 5.89538394706e-05, 3.99740310968e-05, 4.37506678281e-05, 1.96368127945e-05, 4.97991641168e-06, 2.66976508101e-06, 1.33068840569e-06, 2.3435023877e-07, 8.41106295724e-09, 1.15322099092e-10, 4.03015017192e-11],
        "dvar2": [0.000951945548877, 0.304868251085, 4.16333055496, 3.34263348579, 70.9393844604, 584.425476074, 1026.1027832, 272.283111572, 3.91808080673, 6.18819046021, 25.6091690063, 692.492431641, 11.7526788712, 0.196297198534, 0.795328915119, 0.014335077256, 0.183289304376, 0.739337146282, 0.0518896691501, 0.00876080151647, 0.0353136621416, 0.0177751388401, 0.000827290932648, 0.000988173880614, 0.00243802275509, 0.000503338756971, 0.000190154198208, 0.000156854381203, 0.000126106926473, 5.89490700804e-05, 3.99762175221e-05, 4.37697308371e-05, 1.96478140424e-05, 4.98210374644e-06, 2.67057885139e-06, 1.33113246648e-06, 2.34440889813e-07, 8.41539637975e-09, 1.19038390256e-10, 5.91774754199e-11],
        "max": [0.41971758008, 5.52630996704, 25.5914363861, 32.4552192688, 146.35760498, 405.479553223, 514.112426758, 136.620452881, 52.1094322205, 37.2417526245, 123.425132751, 623.925292969, 54.8161048889, 6.87890386581, 14.2779350281, 2.21188044548, 15.5601100922, 27.1434173584, 4.44601488113, 1.41624546051, 2.54183578491, 1.95652508736, 0.7123888731, 0.721784949303, 0.879811167717, 0.578366279602, 0.436701714993, 0.37786012888, 0.292004704475, 0.250150322914, 0.207078516483, 0.187820374966, 0.11933940649, 0.0749474614859, 0.04573494941, 0.0333401635289, 0.0124140325934, 0.00290389009751, 0.000350985792466, 0.000124109938042],
        "mean": [0.077352643013, 0.700510799885, 2.785623312, 2.88649773598, 12.5454082489, 52.6463088989, 77.3560180664, 25.8731575012, 3.67287993431, 5.1600189209, 11.3710269928, 51.6639099121, 5.18631649017, 0.808567881584, 1.05736148357, 0.16961055994, 0.510679244995, 1.36730146408, 0.321997791529, 0.134765952826, 0.272107094526, 0.16679033637, 0.0235862415284, 0.0252188574523, 0.0677962601185, 0.0106201050803, 0.00359418941662, 0.00183535064571, 0.000949096516706, 0.00047190321493, 0.000289115792839, 0.000302545347949, 0.000211159160244, 0.000110851717182, 8.73462704476e-05, 6.15279714111e-05, 2.80851108982e-05, 4.90371530759e-06, 1.30054895635e-05, 3.01412401313e-05],
        "median": [0.0567758716643, 0.398892551661, 1.25652301311, 1.21357417107, 5.79856395721, 27.0571594238, 48.8954467773, 19.11302948, 2.63482952118, 2.35970807076, 6.89898109436, 22.8925895691, 3.0433652401, 0.476739406586, 0.557795286179, 0.0987992659211, 0.163217589259, 0.193412050605, 0.0764835402369, 0.0823726058006, 0.119505554438, 0.0773810818791, 0.013410278596, 0.0125237815082, 0.0271629113704, 0.00426137726754, 0.00113427604083, 0.000501387286931, 0.000163667064044, 6.33545132587e-05, 4.10278662457e-05, 3.40332189808e-05, 2.91694923362e-05, 2.48539054155e-05, 1.90818591363e-05, 1.35589452839e-05, 7.37556956665e-06, 1.12597820134e-06, 1.0042465874e-05, 2.40395747824e-05],
        "min": [1.60309737112e-05, 0.000292775919661, 0.000939525023568, 0.00680623622611, 0.0160491019487, 0.238473296165, 0.584304630756, 1.12640440464, 0.259706765413, 0.0613900013268, 0.12552562356, 0.143906533718, 0.0841125100851, 0.035296227783, 0.027046231553, 0.0111630382016, 0.00619077077135, 0.00505013344809, 0.0023494719062, 0.0022957988549, 0.00268050259911, 0.00144170073327, 0.000686590501573, 0.00072646222543, 0.000731102540158, 0.000206881901249, 5.4832893511e-05, 5.65612717764e-05, 1.68728438439e-05, 6.60614387016e-06, 7.50659228288e-06, 5.20323465025e-06, 3.65829328075e-06, 3.15901866088e-06, 2.0342940843e-06, 9.08926551801e-07, 2.97260470461e-07, 5.22104848244e-08, 4.22251247301e-07, 1.00101658518e-06],
        "var": [0.00510857766494, 0.678808927536, 13.9974060059, 15.1843519211, 349.048156738, 4162.31152344, 6855.63671875, 478.714141846, 20.5202579498, 37.9900779724, 209.117385864, 6597.23339844, 43.204410553, 0.814943790436, 2.53229260445, 0.0541480481625, 1.5844630003, 11.3011159897, 0.393095225096, 0.0274348780513, 0.137879341841, 0.0574615187943, 0.00131202850025, 0.00197958899662, 0.0112618394196, 0.000599451072048, 0.000213016217458, 0.000162132200785, 0.000129107706016, 5.90826020925e-05, 3.99715681851e-05, 4.37305570813e-05, 1.96273540496e-05, 4.97964992974e-06, 2.66998017651e-06, 1.33072035169e-06, 2.34442453007e-07, 8.41108427352e-09, 2.04344458021e-10, 5.12846098921e-10]
    },
    "gfcc": {
        "mean": [-222.767715454, 261.197692871, -66.3235244751, -18.385931015, -20.3010501862, -42.9022483826, -20.6286239624, -5.02746963501, -11.5662813187, -13.3663873672, -7.64324331284, -16.2777690887, 12.3099927902],
        "cov": [[1372.09277344, -59.8983268738, 44.280834198, 224.53666687, 95.9475479126, -145.386489868, 41.2711296082, -73.3383636475, -49.8837852478, 33.5455207825, -127.619087219, -64.8976135254, -20.031879425], [-59.8983268738, 152.364593506, 176.4793396, -18.9404602051, 81.3817367554, 38.9798622131, -3.6539785862, -3.11072134972, 6.61114501953, -2.89788866043, 5.32476615906, -46.7491455078, -24.9788646698], [44.280834198, 176.4793396, 666.092224121, 61.5833854675, 106.158424377, 108.823120117, -64.4308624268, -44.2399711609, -18.3007564545, -36.2579345703, 11.2651319504, -61.4130058289, -80.9404220581], [224.53666687, -18.9404602051, 61.5833854675, 218.515045166, 108.473503113, -15.3263235092, 8.94040679932, -27.9875831604, -1.57482421398, 37.0607414246, -12.5238227844, -8.35520553589, 10.2912025452], [95.9475479126, 81.3817367554, 106.158424377, 108.473503113, 249.521575928, 77.1920471191, -75.5100631714, -55.297668457, 12.8704833984, 46.941493988, 4.07112216949, -64.1839752197, -7.21781349182], [-145.386489868, 38.9798622131, 108.823120117, -15.3263235092, 77.1920471191, 160.869049072, -18.9054470062, -18.5794353485, 29.0180110931, 15.4401035309, 11.8534421921, -12.875, -18.4598064423], [41.2711296082, -3.6539785862, -64.4308624268, 8.94040679932, -75.5100631714, -18.9054470062, 116.233833313, 43.3615722656, -9.41873645782, -6.14783906937, -10.4076271057, 23.7040405273, 12.2757978439], [-73.3383636475, -3.11072134972, -44.2399711609, -27.9875831604, -55.297668457, -18.5794353485, 43.3615722656, 89.4473800659, 21.9388771057, -26.9833564758, 7.20084142685, 26.4051971436, 8.1773891449], [-49.8837852478, 6.61114501953, -18.3007564545, -1.57482421398, 12.8704833984, 29.0180110931, -9.41873645782, 21.9388771057, 61.4228897095, 17.5789089203, -14.7830324173, 5.62255859375, 7.99106502533], [33.5455207825, -2.89788866043, -36.2579345703, 37.0607414246, 46.941493988, 15.4401035309, -6.14783906937, -26.9833564758, 17.5789089203, 65.1491317749, 12.012963295, -23.7434082031, -0.97872710228], [-127.619087219, 5.32476615906, 11.2651319504, -12.5238227844, 4.07112216949, 11.8534421921, -10.4076271057, 7.20084142685, -14.7830324173, 12.012963295, 70.8180541992, 19.1643714905, -15.4947986603], [-64.8976135254, -46.7491455078, -61.4130058289, -8.35520553589, -64.1839752197, -12.875, 23.7040405273, 26.4051971436, 5.62255859375, -23.7434082031, 19.1643714905, 80.5575942993, 26.9719676971], [-20.031879425, -24.9788646698, -80.9404220581, 10.2912025452, -7.21781349182, -18.4598064423, 12.2757978439, 8.1773891449, 7.99106502533, -0.97872710228, -15.4947986603, 26.9719676971, 54.5607948303]],
        "icov": [[0.00197793589905, 0.00283839763142, -0.00127950799651, 0.00149931479245, -0.00396123994142, 0.00329148536548, -0.00234703486785, -0.000764336844441, 0.00259503931738, -0.00400891248137, 0.00631615985185, -0.00352711393498, 0.00416230782866], [0.00283839763142, 0.0413430482149, -0.0121514629573, 0.020067255944, -0.0293629765511, 0.0210124980658, -0.0370920598507, 0.0191242117435, -0.0328743346035, 0.0206812061369, -0.016690120101, 0.0163207352161, -0.000760095543228], [-0.00127950799651, -0.0121514629573, 0.00659097405151, -0.00821962859482, 0.00999240577221, -0.00837951339781, 0.0108960317448, -0.00267147948034, 0.00584425590932, 0.00175034848507, -0.000198408481083, 0.000301879481412, 0.000700639444403], [0.00149931479245, 0.020067255944, -0.00821962859482, 0.020902575925, -0.0222135093063, 0.0149321854115, -0.0207892358303, 0.00636412389576, -0.00985615514219, -0.00211811810732, 0.0012770621106, -0.00379871949553, 0.00308441626839], [-0.00396123994142, -0.0293629765511, 0.00999240577221, -0.0222135093063, 0.0365982502699, -0.0230417177081, 0.0317471437156, -0.0093381870538, 0.014900826849, -0.00397432781756, -0.00351909082383, 0.00662412215024, -0.0111089637503], [0.00329148536548, 0.0210124980658, -0.00837951339781, 0.0149321854115, -0.0230417177081, 0.0253146365285, -0.0251811463386, 0.0143041536212, -0.0219889078289, 0.00757351145148, -0.00463996315375, 0.00126565503888, 0.00603229179978], [-0.00234703486785, -0.0370920598507, 0.0108960317448, -0.0207892358303, 0.0317471437156, -0.0251811463386, 0.056199092418, -0.0376343801618, 0.0528225712478, -0.0388509854674, 0.0326779186726, -0.0243875887245, 0.00382136367261], [-0.000764336844441, 0.0191242117435, -0.00267147948034, 0.00636412389576, -0.0093381870538, 0.0143041536212, -0.0376343801618, 0.0552672669291, -0.0634534880519, 0.0575831271708, -0.049746517092, 0.0348011776805, -0.0139052942395], [0.00259503931738, -0.0328743346035, 0.00584425590932, -0.00985615514219, 0.014900826849, -0.0219889078289, 0.0528225712478, -0.0634534880519, 0.107638582587, -0.0858811289072, 0.079795204103, -0.0595826767385, 0.0233985744417], [-0.00400891248137, 0.0206812061369, 0.00175034848507, -0.00211811810732, -0.00397432781756, 0.00757351145148, -0.0388509854674, 0.0575831271708, -0.0858811289072, 0.103505156934, -0.0814606398344, 0.0657667666674, -0.0280707888305], [0.00631615985185, -0.016690120101, -0.000198408481083, 0.0012770621106, -0.00351909082383, -0.00463996315375, 0.0326779186726, -0.049746517092, 0.079795204103, -0.0814606398344, 0.0949011445045, -0.0666759759188, 0.0389748476446], [-0.00352711393498, 0.0163207352161, 0.000301879481412, -0.00379871949553, 0.00662412215024, 0.00126565503888, -0.0243875887245, 0.0348011776805, -0.0595826767385, 0.0657667666674, -0.0666759759188, 0.071385897696, -0.0354015380144], [0.00416230782866, -0.000760095543228, 0.000700639444403, 0.00308441626839, -0.0111089637503, 0.00603229179978, 0.00382136367261, -0.0139052942395, 0.0233985744417, -0.0280707888305, 0.0389748476446, -0.0354015380144, 0.0464002564549]]
    },
    "melbands": {
        "dmean": [0.000194402993657, 0.000343484483892, 0.000166524623637, 0.000339688762324, 0.000589524512179, 0.000173598280526, 8.52169705468e-06, 1.29923409986e-05, 3.56414020644e-05, 6.68150678393e-05, 4.24738436777e-06, 6.27279803211e-07, 1.05503272607e-06, 2.13364756974e-07, 2.86195955823e-07, 2.25765731443e-07, 7.40487962503e-07, 1.3073521643e-07, 6.24051281761e-08, 3.69623052165e-08, 1.30559698164e-07, 7.76771784672e-08, 1.59964894664e-08, 5.21387022445e-09, 6.53460308087e-09, 1.62898690093e-08, 6.7095142775e-09, 1.71614245037e-09, 7.8518325175e-10, 8.63515314808e-10, 4.74208006196e-10, 3.91779886311e-10, 2.54120030574e-10, 1.73613637355e-10, 1.43701037181e-10, 1.7025073018e-10, 1.74974201794e-10, 1.43824702148e-10, 9.90184392813e-11, 6.94186583217e-11],
        "dmean2": [0.000255693157669, 0.000436796777649, 0.000228579054237, 0.000505906937178, 0.000794128049165, 0.000258180807577, 1.19289161375e-05, 1.81792493095e-05, 3.70673405996e-05, 7.11929969839e-05, 5.69940903006e-06, 9.35633806876e-07, 1.4626173197e-06, 2.97372451996e-07, 3.42910141171e-07, 2.67395989795e-07, 7.78465675921e-07, 1.50847284885e-07, 8.7116276859e-08, 5.2475304102e-08, 1.76768551796e-07, 1.0309311449e-07, 2.43389468579e-08, 7.21772197565e-09, 9.16565845444e-09, 2.24607710209e-08, 9.11842334972e-09, 2.47844256229e-09, 9.79104908261e-10, 1.09179054686e-09, 5.71704350527e-10, 4.39600411628e-10, 2.81526080226e-10, 1.9194199008e-10, 1.59327426252e-10, 1.83576695512e-10, 1.86504936495e-10, 1.53988183316e-10, 1.08023451295e-10, 7.73576758206e-11],
        "dvar": [9.30761387963e-08, 3.8143187453e-07, 8.71496013133e-08, 6.74896909914e-07, 7.85354700383e-07, 5.44672111857e-08, 3.96408544878e-10, 4.07966549432e-10, 4.79019579558e-09, 1.76605983171e-08, 1.01600575175e-10, 1.44872265226e-12, 5.89446070079e-12, 3.38966457984e-13, 5.99021971349e-13, 2.73571231857e-13, 3.888482418e-12, 9.81694922835e-14, 1.9281874952e-14, 5.28291992807e-15, 6.28418825766e-14, 2.77771580151e-14, 1.02661896691e-15, 5.95044721792e-16, 5.44905453512e-16, 1.87059327819e-15, 4.58205596251e-16, 1.82213224688e-16, 7.64613597462e-17, 5.58121589474e-17, 5.4712101377e-17, 4.68133669426e-17, 2.49300656095e-17, 1.57277822109e-17, 1.29350293842e-17, 1.53223098551e-17, 1.72026667498e-17, 1.1305751584e-17, 5.15105012976e-18, 3.17549777473e-18],
        "dvar2": [1.64357544463e-07, 6.29566613952e-07, 1.41405777754e-07, 1.24805558244e-06, 1.32569209654e-06, 1.27935621208e-07, 6.38891883842e-10, 7.92659438087e-10, 6.05900707384e-09, 2.38817108311e-08, 1.83058249115e-10, 2.87588182435e-12, 1.11716946458e-11, 6.10168653884e-13, 6.81419168053e-13, 3.09504754725e-13, 3.91255560936e-12, 1.32382779326e-13, 3.01437951748e-14, 7.30282076266e-15, 1.06488229964e-13, 4.61821607432e-14, 1.78849122164e-15, 6.45220783066e-16, 6.50275928634e-16, 2.52692988638e-15, 5.13272055185e-16, 1.87724193096e-16, 7.70472219955e-17, 5.76378921431e-17, 5.47316129133e-17, 4.68210895008e-17, 2.49332204763e-17, 1.57259855746e-17, 1.29343155273e-17, 1.53270363651e-17, 1.72108624553e-17, 1.13121192203e-17, 5.15376328217e-18, 3.17645523629e-18],
        "max": [0.0043595964089, 0.0115307504311, 0.00631734682247, 0.0185803212225, 0.0156957004219, 0.00309181259945, 0.000703087600414, 0.000457373826066, 0.00205317907967, 0.0033438843675, 0.000204703319469, 2.97609494737e-05, 5.39600696357e-05, 1.56025544129e-05, 2.91317464871e-05, 1.959038309e-05, 6.20090504526e-05, 7.84736403148e-06, 2.66248525804e-06, 1.40462020681e-06, 4.60900400867e-06, 3.29147360389e-06, 7.02809415998e-07, 6.05521051966e-07, 5.62988191177e-07, 1.11734630082e-06, 5.7421357269e-07, 3.41343110222e-07, 2.77059598375e-07, 2.42826871499e-07, 2.10563996461e-07, 1.83634853101e-07, 1.54616841996e-07, 1.32834173883e-07, 1.23810707464e-07, 1.00093195954e-07, 1.22033284811e-07, 9.47953182617e-08, 6.66995632059e-08, 6.23807565603e-08],
        "mean": [0.0007346898783, 0.00127760833129, 0.000708703475539, 0.00210132426582, 0.00300920498557, 0.000613751006313, 3.71616151824e-05, 6.13399315625e-05, 0.000162820288097, 0.000284279929474, 1.36805065267e-05, 2.39138762481e-06, 4.06689969168e-06, 6.30330760032e-07, 8.62062904616e-07, 7.37550408303e-07, 3.0329308629e-06, 5.18248839398e-07, 1.94274548448e-07, 9.752518082e-08, 4.47347929367e-07, 2.44639466018e-07, 3.52862556952e-08, 1.15140270651e-08, 1.72351519723e-08, 6.00252647587e-08, 2.45200197924e-08, 3.46671180651e-09, 1.84110215962e-09, 2.03107619612e-09, 7.85082276966e-10, 5.91344917478e-10, 3.42318756674e-10, 2.06470646136e-10, 1.48505166497e-10, 1.74880859793e-10, 1.79187442662e-10, 1.47853410071e-10, 1.02744965313e-10, 7.28166346664e-11],
        "median": [0.000514418177772, 0.000595372228418, 0.000299858598737, 0.00121916015632, 0.00194034457672, 0.000426036247518, 2.05740743695e-05, 2.46955714829e-05, 8.0397228885e-05, 0.00012751747272, 6.03294847679e-06, 1.15448369797e-06, 2.00297972697e-06, 2.70304099104e-07, 2.00587763288e-07, 2.32578287296e-07, 3.16621935781e-07, 1.11926773627e-07, 1.01519539442e-07, 4.4185835435e-08, 1.86109389233e-07, 9.99542137947e-08, 1.51006229743e-08, 4.49628023702e-09, 7.12708292383e-09, 2.33503918423e-08, 8.84041551075e-09, 9.72064206906e-10, 4.99766339424e-10, 4.73445060933e-10, 1.7765111604e-10, 9.03428928889e-11, 3.67941961621e-11, 2.22594147975e-11, 1.61561042322e-11, 1.45550897723e-11, 1.26162500586e-11, 1.13626018317e-11, 1.00549906942e-11, 9.06902157538e-12],
