{
"highlevel": {
    "danceability": {
        "all": {
            "danceable": 0.998479306698,
            "not_danceable": 0.00152068131138
        },
        "probability": 0.998479306698,
        "value": "danceable"
    },
    "gender": {
        "all": {
            "female": 0.250512331724,
            "male": 0.749487638474
        },
        "probability": 0.749487638474,
        "value": "male"
    },
    "genre_dortmund": {
        "all": {
            "alternative": 0.00656932918355,
            "blues": 0.011801045388,
            "electronic": 0.0218199323863,
            "folkcountry": 0.0227745641023,
            "funksoulrnb": 0.0274962000549,
            "jazz": 0.01692779921,
            "pop": 0.0291262995452,
            "raphiphop": 0.836511492729,
            "rock": 0.0269733313471
        },
        "probability": 0.836511492729,
        "value": "raphiphop"
    },
    "genre_electronic": {
        "all": {
            "ambient": 0.173809096217,
            "dnb": 0.159726902843,
            "house": 0.516063332558,
            "techno": 0.0246414225549,
            "trance": 0.125759229064
        },
        "probability": 0.516063332558,
        "value": "house"
    },
    "genre_rosamerica": {
        "all": {
            "cla": 0.00304224481806,
            "dan": 0.160357028246,
            "hip": 0.427228391171,
            "jaz": 0.00695285340771,
            "pop": 0.282835066319,
            "rhy": 0.103125460446,
            "roc": 0.0120383221656,
            "spe": 0.00442063575611
        },
        "probability": 0.427228391171,
        "value": "hip"
    },
    "genre_tzanetakis": {
        "all": {
            "blu": 0.0642214938998,
            "cla": 0.0356696359813,
            "cou": 0.0802658647299,
            "dis": 0.0642494857311,
            "hip": 0.160689160228,
            "jaz": 0.321663022041,
            "met": 0.0643127858639,
            "pop": 0.0642928555608,
            "reg": 0.064283400774,
            "roc": 0.0803522914648
        },
        "probability": 0.321663022041,
        "value": "jaz"
    },
    "ismir04_rhythm": {
        "all": {
            "ChaChaCha": 0.205938920379,
            "Jive": 0.111888743937,
            "Quickstep": 0.011280820705,
            "Rumba-American": 0.00620379997417,
            "Rumba-International": 0.020360916853,
            "Rumba-Misc": 0.0147527335212,
            "Samba": 0.61045819521,
            "Tango": 0.00232965149917,
            "VienneseWaltz": 0.0133032212034,
            "Waltz": 0.00348297855817
        },
        "probability": 0.61045819521,
        "value": "Samba"
    },
    "mood_acoustic": {
        "all": {
            "acoustic": 0.0678465217352,
            "not_acoustic": 0.932153463364
        },
        "probability": 0.932153463364,
        "value": "not_acoustic"
    },
    "mood_aggressive": {
        "all": {
            "aggressive": 0.171174988151,
            "not_aggressive": 0.828824996948
        },
        "probability": 0.828824996948,
        "value": "not_aggressive"
    },
    "mood_electronic": {
        "all": {
            "electronic": 0.363906949759,
            "not_electronic": 0.636093020439
        },
        "probability": 0.636093020439,
        "value": "not_electronic"
    },
    "mood_happy": {
        "all": {
            "happy": 0.5,
            "not_happy": 0.5
        },
        "probability": 0.5,
        "value": "happy"
    },
    "mood_party": {
        "all": {
            "not_party": 0.239003226161,
            "party": 0.760996758938
        },
        "probability": 0.760996758938,
        "value": "party"
    },
    "mood_relaxed": {
        "all": {
            "not_relaxed": 0.5,
            "relaxed": 0.5
        },
        "probability": 0.5,
        "value": "not_relaxed"
    },
    "mood_sad": {
        "all": {
            "not_sad": 0.385237425566,
            "sad": 0.614762544632
        },
        "probability": 0.614762544632,
        "value": "sad"
    },
    "moods_mirex": {
        "all": {
            "Cluster1": 0.110954262316,
            "Cluster2": 0.322393476963,
            "Cluster3": 0.113067753613,
            "Cluster4": 0.199923336506,
            "Cluster5": 0.253661155701
        },
        "probability": 0.322393476963,
        "value": "Cluster2"
    },
    "timbre": {
        "all": {
            "bright": 0.986395001411,
            "dark": 0.01360498555
        },
        "probability": 0.986395001411,
        "value": "bright"
    },
    "tonal_atonal": {
        "all": {
            "atonal": 0.0852069929242,
            "tonal": 0.914793014526
        },
        "probability": 0.914793014526,
        "value": "tonal"
    },
    "voice_instrumental": {
        "all": {
            "instrumental": 0.000294893048704,
            "voice": 0.999705135822
        },
        "probability": 0.999705135822,
        "value": "voice"
    }
},
"lowlevel": {
    "average_loudness": 0.919476211071,
    "barkbands_crest": {
        "dmean": 3.71724581718,
        "dmean2": 5.89807462692,
        "dvar": 10.2813615799,
        "dvar2": 23.873046875,
        "max": 25.9206180573,
        "mean": 12.4435319901,
        "median": 11.8612480164,
        "min": 2.13505506516,
        "var": 26.941991806
    },
    "barkbands_flatness_db": {
        "dmean": 0.0368648394942,
        "dmean2": 0.0541509613395,
        "dvar": 0.000983507954516,
        "dvar2": 0.00232033454813,
        "max": 0.493953257799,
        "mean": 0.167234137654,
        "median": 0.161746531725,
        "min": 0.0474570952356,
        "var": 0.00360419973731
    },
    "barkbands_kurtosis": {
        "dmean": 5.58915472031,
        "dmean2": 8.98470211029,
        "dvar": 92.7504806519,
        "dvar2": 221.814346313,
        "max": 117.653190613,
        "mean": 5.88108205795,
        "median": 1.99892187119,
        "min": -1.96794760227,
        "var": 151.093566895
    },
    "barkbands_skewness": {
        "dmean": 0.985578715801,
        "dmean2": 1.49970412254,
        "dvar": 1.02912771702,
        "dvar2": 2.29959988594,
        "max": 9.50308704376,
        "mean": 1.66036939621,
        "median": 1.48499035835,
        "min": -4.85190582275,
        "var": 2.66522192955
    },
    "barkbands_spread": {
        "dmean": 10.9613218307,
        "dmean2": 16.9777832031,
        "dvar": 159.463653564,
        "dvar2": 372.308807373,
        "max": 131.896224976,
        "mean": 25.8687553406,
        "median": 22.0245895386,
        "min": 0.610440969467,
        "var": 334.424163818
    },
    "dissonance": {
        "dmean": 0.0240541249514,
        "dmean2": 0.0401570834219,
        "dvar": 0.00075700157322,
        "dvar2": 0.00208645686507,
        "max": 0.500000059605,
        "mean": 0.456831753254,
        "median": 0.469559252262,
        "min": 0.225711107254,
        "var": 0.00163529906422
    },
    "dynamic_complexity": 2.67069959641,
    "erbbands_crest": {
        "dmean": 3.34908938408,
        "dmean2": 5.46941804886,
        "dvar": 9.09738254547,
        "dvar2": 21.5301570892,
        "max": 30.8458213806,
        "mean": 10.1802091599,
        "median": 8.96323394775,
        "min": 2.33649015427,
        "var": 27.9219589233
    },
    "erbbands_flatness_db": {
        "dmean": 0.0253357067704,
        "dmean2": 0.0373062193394,
        "dvar": 0.000509821344167,
        "dvar2": 0.00104489026126,
        "max": 0.44803199172,
        "mean": 0.170528054237,
        "median": 0.158895999193,
        "min": 0.0643216371536,
        "var": 0.00396447628736
    },
    "erbbands_kurtosis": {
        "dmean": 1.78799414635,
        "dmean2": 2.88563752174,
        "dvar": 8.76614093781,
        "dvar2": 22.3901824951,
        "max": 59.5573387146,
        "mean": 1.47602927685,
        "median": 0.0537080764771,
        "min": -1.72328352928,
        "var": 22.5671787262
    },
    "erbbands_skewness": {
        "dmean": 0.571987867355,
        "dmean2": 0.873658239841,
        "dvar": 0.362549751997,
        "dvar2": 0.850905895233,
        "max": 6.27294445038,
        "mean": 0.285297900438,
        "median": 0.253408759832,
        "min": -3.8862285614,
        "var": 1.33955812454
    },
    "erbbands_spread": {
        "dmean": 12.4905281067,
        "dmean2": 19.0765762329,
        "dvar": 167.039123535,
        "dvar2": 379.474212646,
        "max": 143.943099976,
        "mean": 41.3172187805,
        "median": 39.730052948,
        "min": 1.87810838223,
        "var": 502.948364258
    },
    "hfc": {
        "dmean": 17.6027069092,
        "dmean2": 26.3527069092,
        "dvar": 516.216918945,
        "dvar2": 1208.31384277,
        "max": 218.744903564,
        "mean": 32.2147216797,
        "median": 23.9456691742,
        "min": 0.383008211851,
        "var": 1037.49780273
    },
    "melbands_crest": {
        "dmean": 5.01196193695,
        "dmean2": 8.18360137939,
        "dvar": 20.9643955231,
        "dvar2": 48.3233947754,
        "max": 35.5066871643,
        "mean": 17.6415863037,
        "median": 16.9857234955,
        "min": 3.65656113625,
        "var": 49.1007385254
    },
    "melbands_flatness_db": {
        "dmean": 0.0453446544707,
        "dmean2": 0.0656390935183,
        "dvar": 0.00155277794693,
        "dvar2": 0.00348419765942,
        "max": 0.475217849016,
        "mean": 0.197733461857,
        "median": 0.197231948376,
        "min": 0.0280533973128,
        "var": 0.00539511162788
    },
    "melbands_kurtosis": {
        "dmean": 13.2862100601,
        "dmean2": 21.7172794342,
        "dvar": 464.656188965,
        "dvar2": 1123.64123535,
        "max": 206.328186035,
        "mean": 17.9602527618,
        "median": 8.70807647705,
        "min": -1.84731769562,
        "var": 712.582946777
    },
    "melbands_skewness": {
        "dmean": 1.27018070221,
        "dmean2": 1.97417724133,
        "dvar": 1.69982361794,
        "dvar2": 3.9793946743,
        "max": 12.9981546402,
        "mean": 3.01752066612,
        "median": 2.62935757637,
        "min": -2.49537444115,
        "var": 4.23904800415
    },
    "melbands_spread": {
        "dmean": 15.7119922638,
        "dmean2": 24.2958831787,
        "dvar": 567.073303223,
        "dvar2": 1260.50354004,
        "max": 235.668167114,
        "mean": 29.9029808044,
        "median": 19.6439666748,
        "min": 0.855869174004,
        "var": 1096.10314941
    },
    "pitch_salience": {
        "dmean": 0.100311301649,
        "dmean2": 0.158508315682,
        "dvar": 0.00850423239172,
        "dvar2": 0.0194204505533,
        "max": 0.852727651596,
        "mean": 0.514436364174,
        "median": 0.511551678181,
        "min": 0.122216396034,
        "var": 0.0256394278258
    },
    "silence_rate_20dB": {
        "dmean": 0,
        "dmean2": 0,
        "dvar": 0,
        "dvar2": 0,
        "max": 1,
        "mean": 1,
        "median": 1,
        "min": 1,
        "var": 0
    },
    "silence_rate_30dB": {
        "dmean": 0.0464396290481,
        "dmean2": 0.0929512009025,
        "dvar": 0.0442823059857,
        "dvar2": 0.130784541368,
        "max": 1,
        "mean": 0.976798117161,
        "median": 1,
        "min": 0,
        "var": 0.0226631667465
    },
    "silence_rate_60dB": {
        "dmean": 0.0472136214375,
        "dmean2": 0.0937257930636,
        "dvar": 0.0449841730297,
        "dvar2": 0.101982243359,
        "max": 1,
        "mean": 0.0672853812575,
        "median": 0,
        "min": 0,
        "var": 0.0627578645945
    },
    "spectral_centroid": {
        "dmean": 469.250488281,
        "dmean2": 692.376037598,
        "dvar": 301701.5625,
        "dvar2": 622761.875,
        "max": 5816.36816406,
        "mean": 1640.30554199,
        "median": 1496.7043457,
        "min": 244.396560669,
        "var": 813506
    },
    "spectral_complexity": {
        "dmean": 6.4140868187,
        "dmean2": 9.07823371887,
        "dvar": 50.7398223877,
        "dvar2": 105.722335815,
        "max": 55,
        "mean": 17.4586238861,
        "median": 16,
        "min": 0,
        "var": 125.637329102
    },
    "spectral_decrease": {
        "dmean": 3.69776054221e-09,
        "dmean2": 5.89645088311e-09,
        "dvar": 2.80865835183e-17,
        "dvar2": 6.29047827138e-17,
        "max": -5.86211357234e-11,
        "mean": -8.55041815129e-09,
        "median": -5.99457816719e-09,
        "min": -3.6824470584e-08,
        "var": 6.18962311714e-17
    },
    "spectral_energy": {
        "dmean": 0.0146516337991,
        "dmean2": 0.0234607700258,
        "dvar": 0.000410029664636,
        "dvar2": 0.000900808372535,
        "max": 0.142802447081,
        "mean": 0.0351932607591,
        "median": 0.0258115790784,
        "min": 0.000339415069902,
        "var": 0.000951986643486
    },
    "spectral_energyband_high": {
        "dmean": 0.00161957403179,
        "dmean2": 0.00241951458156,
        "dvar": 6.86213115841e-06,
        "dvar2": 1.50659034261e-05,
        "max": 0.0273182876408,
        "mean": 0.00205353507772,
        "median": 0.000577726459596,
        "min": 6.92093465204e-07,
        "var": 1.25217884488e-05
    },
    "spectral_energyband_low": {
        "dmean": 0.0106191365048,
        "dmean2": 0.0181604661047,
        "dvar": 0.000446089514298,
        "dvar2": 0.00118777959142,
        "max": 0.126144856215,
        "mean": 0.0165555253625,
        "median": 0.000581140106078,
        "min": 3.13365795535e-08,
        "var": 0.000638445140794
    },
    "spectral_energyband_middle_high": {
        "dmean": 0.00335634197108,
        "dmean2": 0.00512537127361,
        "dvar": 2.10127836908e-05,
        "dvar2": 4.99269699503e-05,
        "max": 0.0483439415693,
        "mean": 0.00622245436534,
        "median": 0.00406119879335,
        "min": 2.08852961805e-05,
        "var": 4.47861239081e-05
    },
    "spectral_energyband_middle_low": {
        "dmean": 0.00677707977593,
        "dmean2": 0.0111708827317,
        "dvar": 0.000144325342262,
        "dvar2": 0.000404837745009,
        "max": 0.0878688171506,
        "mean": 0.0109887700528,
        "median": 0.00774110201746,
        "min": 6.82228273945e-05,
        "var": 0.000134765650728
    },
    "spectral_entropy": {
        "dmean": 0.267606377602,
        "dmean2": 0.371041953564,
        "dvar": 0.0635878294706,
        "dvar2": 0.127610221505,
        "max": 8.77890968323,
        "mean": 7.64181661606,
        "median": 7.68472290039,
        "min": 5.31913995743,
        "var": 0.284348785877
    },
    "spectral_flux": {
        "dmean": 0.0360863730311,
        "dmean2": 0.0527963675559,
        "dvar": 0.00134112522937,
        "dvar2": 0.00248063239269,
        "max": 0.351571917534,
        "mean": 0.111407607794,
        "median": 0.101913064718,
        "min": 0.0141369346529,
        "var": 0.00461802957579
    },
    "spectral_kurtosis": {
        "dmean": 1.53768789768,
        "dmean2": 2.36134147644,
        "dvar": 2.67002940178,
        "dvar2": 6.13327646255,
        "max": 22.8888225555,
        "mean": 3.57499027252,
        "median": 3.28112840652,
        "min": -1.27664375305,
        "var": 7.92260360718
    },
    "spectral_rms": {
        "dmean": 0.00117427483201,
        "dmean2": 0.00183885125443,
        "dvar": 1.75190155005e-06,
        "dvar2": 3.7699544464e-06,
        "max": 0.0118033662438,
        "mean": 0.00527198519558,
        "median": 0.00501816999167,
        "min": 0.000575444719288,
        "var": 6.54104087516e-06
    },
    "spectral_rolloff": {
        "dmean": 1173.47741699,
        "dmean2": 1935.88671875,
        "dvar": 3239215.25,
        "dvar2": 6474597.5,
        "max": 12273.9257812,
        "mean": 2220.23364258,
        "median": 1335.05859375,
        "min": 64.599609375,
        "var": 6186312.5
    },
    "spectral_skewness": {
        "dmean": 0.289622157812,
        "dmean2": 0.424660533667,
        "dvar": 0.0804276689887,
        "dvar2": 0.157175034285,
        "max": 3.83807110786,
        "mean": 1.43854188919,
        "median": 1.44287967682,
        "min": -0.254555404186,
        "var": 0.329820215702
    },
    "spectral_spread": {
        "dmean": 945478.75,
        "dmean2": 1399874.75,
        "dvar": 1.1360820265e+12,
        "dvar2": 2.17272654234e+12,
        "max": 15891235,
        "mean": 5414059.5,
        "median": 5021312,
        "min": 1732224.75,
        "var": 3.12722456576e+12
    },
    "spectral_strongpeak": {
        "dmean": 0.586673498154,
        "dmean2": 1.01729559898,
        "dvar": 1.00197851658,
        "dvar2": 2.73109722137,
        "max": 7.95131397247,
        "mean": 1.00800788403,
        "median": 0.531773090363,
        "min": 0,
        "var": 1.31878304482
    },
    "zerocrossingrate": {
        "dmean": 0.0236272197217,
        "dmean2": 0.0273414812982,
        "dvar": 0.000780666829087,
        "dvar2": 0.00084938982036,
        "max": 0.38525390625,
        "mean": 0.0802790299058,
        "median": 0.0615234375,
        "min": 0.00390625,
        "var": 0.00370223773643
    },
    "barkbands": {
        "dmean": [0.000952345668338, 0.00710616074502, 0.00297860824503, 0.00115824153181, 0.00203790771775, 0.00123141240329, 0.0013242259156, 0.00142851308919, 0.0017086036969, 0.000629821442999, 0.000603058666456, 0.000593148404732, 0.000646297237836, 0.00057466479484, 0.000545561022591, 0.000447176222224, 0.000346316606738, 0.000224344243179, 0.00033614289714, 0.000336456636433, 0.000240726163611, 0.000246081530349, 0.00043165779789, 0.000393117137719, 0.000255441846093, 0.000101636695035, 1.36782290383e-07],
        "dmean2": [0.00165079545695, 0.0121300462633, 0.00518754310906, 0.00202006753534, 0.00346325198188, 0.00205451645888, 0.00214683823287, 0.00226009450853, 0.00282587716356, 0.000990289961919, 0.000957847863901, 0.000955252558924, 0.00103845878039, 0.000928665744141, 0.000852085009683, 0.00072299526073, 0.000560261541978, 0.000360953563359, 0.000548795447685, 0.000545786228031, 0.000383101316402, 0.000375764939236, 0.00069865671685, 0.000588771246839, 0.000390404369682, 0.000162418393302, 2.45315334269e-07],
        "dvar": [5.88580633121e-06, 0.000178546993993, 0.000113792462798, 1.72038035089e-05, 2.21171139856e-05, 5.44624663235e-06, 7.19245144865e-06, 9.85763927019e-06, 1.54236004164e-05, 3.43413785231e-06, 1.96875635083e-06, 1.57832755576e-06, 1.61452214797e-06, 1.50929963638e-06, 1.10014889287e-06, 6.7848549179e-07, 3.30248838054e-07, 1.81352305617e-07, 3.95472312675e-07, 3.57346465307e-07, 1.62863301512e-07, 1.77869324602e-07, 1.0036904996e-06, 5.61759463835e-07, 5.498972655e-07, 6.24862650511e-08, 4.25792105567e-13],
        "dvar2": [1.55455145432e-05, 0.000442582997493, 0.000310556875775, 4.68575126433e-05, 5.86414462305e-05, 1.43670858961e-05, 1.71280298673e-05, 2.27731561608e-05, 4.69228580187e-05, 7.89583828009e-06, 4.4386351874e-06, 3.98374550059e-06, 3.87580939787e-06, 3.31040700985e-06, 2.50994025919e-06, 1.66175505001e-06, 7.92862920207e-07, 4.42160228431e-07, 1.00489899069e-06, 8.6032616764e-07, 3.73358943762e-07, 3.99389818995e-07, 2.56167390944e-06, 1.15294744774e-06, 1.27338910261e-06, 1.40917308045e-07, 1.17290888373e-12],
        "max": [0.0174940116704, 0.0801746845245, 0.0864015966654, 0.0372896119952, 0.0387360043824, 0.02348048985, 0.0293536800891, 0.0283240582794, 0.0417321398854, 0.0344966761768, 0.0170087274164, 0.0162912216038, 0.014003412798, 0.0213402044028, 0.0146205024794, 0.0121902571991, 0.0052511417307, 0.00587444752455, 0.0059086130932, 0.00682209338993, 0.0046625235118, 0.00629795761779, 0.00626081135124, 0.00701397843659, 0.0113087566569, 0.003674070118, 1.23937516037e-05],
        "mean": [0.00103040330578, 0.0124846603721, 0.00255008297972, 0.00109342008363, 0.00234380806796, 0.00160090369172, 0.00167656922713, 0.00166775309481, 0.00230238470249, 0.000853598641697, 0.000804885290563, 0.000696623523254, 0.000752978434321, 0.000657358497847, 0.000678588694427, 0.000562358822208, 0.000450361258117, 0.000274161604466, 0.000407280051149, 0.00041695946129, 0.000298403407214, 0.000299268285744, 0.000392431160435, 0.000467582896817, 0.00031056907028, 0.000119716023619, 8.66589289217e-08],
        "median": [1.64294506249e-05, 2.36571377172e-05, 6.72748719808e-05, 0.000100441044196, 0.000952815462369, 0.00063362380024, 0.000525280367583, 0.000356171280146, 0.000367929809727, 0.000121163699077, 0.000119350537716, 0.000148354345583, 0.000178202113602, 0.000129234365886, 0.000188549078302, 0.00020689216035, 0.000155042609549, 0.000100415622001, 0.000125187303638, 0.000141154669109, 9.90323242149e-05, 8.16883330117e-05, 6.0510741605e-05, 9.74381255219e-05, 5.65706941416e-05, 2.30465593631e-05, 4.95671448331e-10],
        "min": [1.53806012371e-09, 2.05150030297e-09, 6.64251453841e-09, 4.51519210909e-10, 7.30755234102e-09, 1.08652411512e-08, 2.69042743639e-08, 3.66254255368e-07, 8.63669981754e-07, 2.37594775854e-07, 2.47264125619e-07, 2.7737559094e-07, 4.4577097924e-07, 5.67995869005e-07, 9.61023943091e-07, 1.5230492636e-06, 3.05858520733e-07, 1.32068038283e-07, 3.20255253428e-07, 2.6838634426e-07, 1.483843306e-07, 1.01819232157e-07, 5.74246854512e-08, 1.71590230025e-07, 5.92640692076e-09, 1.18246842873e-10, 8.34523335852e-12],
        "var": [6.96023835189e-06, 0.000352024537278, 7.6959389844e-05, 1.16158225865e-05, 1.99601090571e-05, 6.27891176919e-06, 1.00108645711e-05, 1.27214634631e-05, 2.737241266e-05, 7.27081896912e-06, 3.92561742046e-06, 2.36795131059e-06, 2.06435174732e-06, 2.30251794164e-06, 1.71605927335e-06, 9.00965915207e-07, 4.60548648107e-07, 2.27953620424e-07, 5.36178220045e-07, 4.85182454213e-07, 2.82829489606e-07, 3.05870059947e-07, 9.06530260636e-07, 9.66381094258e-07, 8.98712528397e-07, 1.07676619621e-07, 2.70236605445e-13]
    },
    "erbbands": {
        "dmean": [0.273987233639, 1.46760225296, 3.62108469009, 3.35876011848, 4.93010044098, 8.32128143311, 8.54438018799, 10.3004570007, 13.6251840591, 29.609292984, 27.6393375397, 42.5828399658, 23.6456680298, 20.3093013763, 22.6309986115, 24.4451980591, 29.0266971588, 29.2838802338, 27.1543426514, 24.4943981171, 22.4351387024, 18.0669231415, 13.0509910583, 13.7843942642, 18.1527309418, 15.1662836075, 9.51949214935, 9.77635765076, 9.49669933319, 6.83705091476, 14.757358551, 12.0328006744, 4.73805952072, 3.3638510704, 1.54751181602, 0.637049615383, 0.157967090607, 0.0104297660291, 0.000227722615818, 2.89343261102e-05],
        "dmean2": [0.467810422182, 2.43385481834, 6.14061784744, 5.52686929703, 8.3936548233, 13.9179201126, 14.7716464996, 17.1713085175, 21.6433925629, 46.9903945923, 43.9493255615, 72.4659194946, 37.1636619568, 32.6576843262, 35.5734558105, 38.2220954895, 45.789264679, 48.195640564, 42.0205917358, 39.0186271667, 35.8440208435, 28.6500778198, 20.6699714661, 22.8203220367, 28.8470211029, 24.6117172241, 15.4006891251, 15.2457790375, 14.5023536682, 10.3000612259, 24.0828208923, 18.6269550323, 6.91626977921, 5.1359167099, 2.38470315933, 1.01287913322, 0.250846654177, 0.016864715144, 0.000359624129487, 4.49736071459e-05],
        "dvar": [0.272557795048, 9.8298997879, 135.308517456, 125.685722351, 189.710388184, 339.233276367, 402.884155273, 358.455108643, 678.666931152, 3925.94360352, 3725.23339844, 12506.1005859, 3378.72875977, 3211.17797852, 2294.30859375, 2582.12817383, 3058.56591797, 4228.98388672, 2904.57275391, 1912.62634277, 1900.13256836, 851.524963379, 618.296081543, 814.447875977, 1059.8548584, 748.02130127, 251.129180908, 296.102539062, 296.956573486, 132.469619751, 1306.77612305, 572.449829102, 82.0903167725, 99.1094360352, 21.4934997559, 2.71107530594, 0.152578651905, 0.000652098504361, 2.69963010169e-07, 1.66298608217e-09],
        "dvar2": [0.635487437248, 23.6098175049, 365.247650146, 310.727478027, 521.750793457, 893.247680664, 1097.81616211, 927.246154785, 1464.49194336, 9771.99316406, 8749.42578125, 39549.34375, 7778.27734375, 7651.83789062, 5139.921875, 6057.46972656, 7465.78564453, 9876.40722656, 6335.48535156, 4384.86621094, 4614.10791016, 2035.48608398, 1460.12121582, 2081.8059082, 2665.47436523, 1854.85375977, 601.657470703, 646.594909668, 691.553710938, 280.418518066, 3341.82910156, 1339.31347656, 160.736343384, 233.167282104, 49.8441467285, 6.10881614685, 0.351139336824, 0.00156154413708, 6.27100632755e-07, 3.5316909397e-09],
        "max": [3.53603625298, 19.8807811737, 84.1216201782, 93.1838760376, 111.518112183, 193.191833496, 230.089859009, 201.625030518, 476.567474365, 697.914306641, 723.946533203, 1188.86206055, 1213.09667969, 1052.15881348, 663.748596191, 677.280578613, 685.403259277, 1003.9239502, 811.167785645, 671.549194336, 761.934326172, 321.490386963, 404.98526001, 332.044799805, 382.342529297, 336.331451416, 300.618103027, 229.386077881, 269.988037109, 148.368057251, 236.836914062, 186.192520142, 110.584648132, 145.967437744, 86.4880905151, 28.2508068085, 6.34847164154, 0.388929247856, 0.00735595216975, 0.000552668236196],
        "mean": [0.401759684086, 2.52951049805, 3.82880139351, 3.19226074219, 5.2369017601, 9.37192344666, 8.87958145142, 14.5861759186, 18.7123184204, 35.8618278503, 36.7177124023, 55.6542739868, 34.0855522156, 26.054889679, 31.6475849152, 31.3985977173, 35.6648864746, 34.0715179443, 35.0444068909, 34.4671592712, 30.0507297516, 25.3168582916, 16.3695964813, 16.6044311523, 23.4582939148, 18.8362865448, 11.9691114426, 12.0244407654, 11.3670988083, 8.49488258362, 12.8168020248, 12.6602058411, 5.86729192734, 4.00631952286, 1.83579134941, 0.755218744278, 0.182141438127, 0.011245097965, 0.000278516352409, 6.22860679869e-05],
        "median": [0.000539964414202, 0.00848154909909, 0.139845907688, 0.463863044977, 2.02945590019, 3.27625107765, 3.05526971817, 5.80818510056, 7.58461809158, 8.97691059113, 10.1580219269, 8.89228343964, 6.28841638565, 5.56327915192, 6.13479709625, 7.82721662521, 9.67649173737, 8.07573699951, 9.22331619263, 12.7160863876, 10.9335861206, 9.65297794342, 6.61789035797, 5.55642175674, 7.77117967606, 6.92059612274, 3.97464537621, 3.86992096901, 3.05241894722, 2.18066716194, 1.69841563702, 2.28077960014, 1.41434049606, 0.791375935078, 0.289197742939, 0.120671324432, 0.0353052504361, 0.00205987202935, 7.05934799043e-05, 4.37600829173e-05],
        "min": [6.20700291165e-07, 6.74945340506e-07, 6.79764298184e-06, 8.84399378265e-06, 2.07054581551e-05, 6.60762525513e-05, 0.000193141240743, 0.000708174193278, 0.00683729257435, 0.033993575722, 0.0538717880845, 0.0578499548137, 0.0154735157266, 0.0254943426698, 0.061766076833, 0.0215964671224, 0.0215274784714, 0.0396368168294, 0.0608859919012, 0.106624551117, 0.0783862397075, 0.0222041979432, 0.010218244046, 0.0206730496138, 0.0197592675686, 0.0157899335027, 0.00597067456692, 0.00850222818553, 0.00418540230021, 0.00199838262051, 0.00203792494722, 0.00321226404049, 0.00105695298407, 0.000551006232854, 0.000323988322634, 3.11302792397e-05, 4.37730659542e-06, 4.34821004092e-07, 7.05169213688e-07, 4.80075243559e-07],
        "var": [0.500566661358, 19.2022571564, 107.87638855, 99.8719787598, 141.685089111, 330.518157959, 326.079650879, 509.34362793, 1126.79638672, 4750.88867188, 5766.21484375, 19111.2089844, 7918.27294922, 5032.00097656, 5287.03125, 4380.9453125, 3980.26342773, 5349.15185547, 4595.88574219, 3678.97265625, 2428.96313477, 1307.08105469, 800.559387207, 1030.47399902, 1457.68029785, 982.964233398, 536.083251953, 492.260986328, 464.229949951, 268.29095459, 1108.78747559, 752.124206543, 154.60786438, 143.521209717, 35.1070709229, 4.96708297729, 0.227843910456, 0.000801789050456, 3.95960512378e-07, 4.3466141797e-09]
    },
    "gfcc": {
        "mean": [0.48698091507, 55.8440895081, -125.777610779, 22.2563552856, -76.1060028076, 13.6705818176, -52.0201072693, 10.9446201324, -25.1509685516, 7.18458223343, -16.9400463104, -2.82797980309, -9.97690010071],
        "cov": [[5154.7734375, -117.154205322, 741.66583252, 904.797790527, 901.733764648, 444.691986084, 420.025238037, 420.51373291, 101.516601562, 433.246948242, 309.01083374, 504.871429443, -94.7893066406], [-117.154205322, 1866.72851562, 293.173583984, 300.760498047, 697.25189209, 85.000289917, 236.712051392, 129.157150269, 111.409393311, -108.617584229, 262.520629883, 16.7941169739, 95.6963653564], [741.66583252, 293.173583984, 1381.12402344, 829.463745117, 406.403106689, 293.225524902, 18.156085968, 62.0817108154, 36.0450744629, 113.702171326, 113.649208069, 191.617935181, -12.8938331604], [904.797790527, 300.760498047, 829.463745117, 1053.453125, 455.971984863, 212.702056885, 52.7553100586, 43.3609848022, 124.161315918, 58.8278121948, 158.572769165, 149.89491272, 61.1655502319], [901.733764648, 697.25189209, 406.403106689, 455.971984863, 921.084838867, 278.561523438, 252.037734985, 288.565124512, 146.408935547, 196.19670105, 166.291183472, 125.952064514, 48.8319396973], [444.691986084, 85.000289917, 293.225524902, 212.702056885, 278.561523438, 442.231628418, 244.699859619, 136.977661133, 137.578689575, 93.7728042603, 83.8750610352, 65.5331878662, 35.1686630249], [420.025238037, 236.712051392, 18.156085968, 52.7553100586, 252.037734985, 244.699859619, 420.756225586, 208.010818481, 117.30329895, 65.9158706665, 114.417884827, 86.9350814819, 50.9697227478], [420.51373291, 129.157150269, 62.0817108154, 43.3609848022, 288.565124512, 136.977661133, 208.010818481, 303.453613281, 152.49206543, 120.951965332, 66.8240814209, 34.5626678467, 37.2628479004], [101.516601562, 111.409393311, 36.0450744629, 124.161315918, 146.408935547, 137.578689575, 117.30329895, 152.49206543, 283.151763916, 98.1363601685, 51.8181228638, -8.45037841797, 42.5536880493], [433.246948242, -108.617584229, 113.702171326, 58.8278121948, 196.19670105, 93.7728042603, 65.9158706665, 120.951965332, 98.1363601685, 238.966918945, 52.0691375732, 43.8454666138, -5.96235990524], [309.01083374, 262.520629883, 113.649208069, 158.572769165, 166.291183472, 83.8750610352, 114.417884827, 66.8240814209, 51.8181228638, 52.0691375732, 213.596466064, 98.4905395508, 44.5937919617], [504.871429443, 16.7941169739, 191.617935181, 149.89491272, 125.952064514, 65.5331878662, 86.9350814819, 34.5626678467, -8.45037841797, 43.8454666138, 98.4905395508, 208.034362793, 22.5685863495], [-94.7893066406, 95.6963653564, -12.8938331604, 61.1655502319, 48.8319396973, 35.1686630249, 50.9697227478, 37.2628479004, 42.5536880493, -5.96235990524, 44.5937919617, 22.5685863495, 118.141723633]],
        "icov": [[0.000410565146012, 2.43175854848e-05, 0.000243886912358, -0.000457575690234, 4.22389530286e-06, -0.000188399906619, 6.59007901049e-06, -0.000532856385689, 0.000388227606891, -0.000404148246162, 1.68054998539e-06, -0.000734348897822, 0.000772208382841], [2.43175854848e-05, 0.00186285027303, -0.000886026769876, 0.000979882315733, -0.00222781277262, 0.00133576861117, -0.00099822843913, 0.00139543984551, -0.00126933574211, 0.0025676889345, -0.00219124881551, 0.00150792906061, -0.000453870306956], [0.000243886912358, -0.000886026769876, 0.00242527760565, -0.00211425824091, 0.00123456364963, -0.0018174869474, 0.0013058000477, -0.00174224865623, 0.00162945664488, -0.0017987502506, 0.00124962639529, -0.00197291071527, 0.00151709036436], [-0.000457575690234, 0.000979882315733, -0.00211425824091, 0.00365979527123, -0.00216914899647, 0.00123255653307, -0.000476564513519, 0.00266177090816, -0.00249384250492, 0.00256024138071, -0.00177893892396, 0.00143838627264, -0.00196647364646], [4.22389530286e-06, -0.00222781277262, 0.00123456364963, -0.00216914899647, 0.00503885559738, -0.00213014869951, 0.00110021326691, -0.00355559820309, 0.0023654368706, -0.0039760558866, 0.00221784948371, -0.00184815668035, 0.000727128179278], [-0.000188399906619, 0.00133576861117, -0.0018174869474, 0.00123255653307, -0.00213014869951, 0.0057370159775, -0.00337752979249, 0.00243780948222, -0.00246378104202, 0.0016236336669, -0.00132023671176, 0.00192732084543, -0.00110918981954], [6.59007901049e-06, -0.00099822843913, 0.0013058000477, -0.000476564513519, 0.00110021326691, -0.00337752979249, 0.00633894093335, -0.00373507710174, 0.000887997157406, -0.000331750023179, 6.43983230475e-06, -0.00235584261827, 0.000308071583277], [-0.000532856385689, 0.00139543984551, -0.00174224865623, 0.00266177090816, -0.00355559820309, 0.00243780948222, -0.00373507710174, 0.0102947000414, -0.00435139797628, 0.00109491008334, -0.00129828893114, 0.00256971316412, -0.00239597959444], [0.000388227606891, -0.00126933574211, 0.00162945664488, -0.00249384250492, 0.0023654368706, -0.00246378104202, 0.000887997157406, -0.00435139797628, 0.00782951433212, -0.00386784528382, 0.00112607120536, -0.000265537848463, 0.000164058874361], [-0.000404148246162, 0.0025676889345, -0.0017987502506, 0.00256024138071, -0.0039760558866, 0.0016236336669, -0.000331750023179, 0.00109491008334, -0.00386784528382, 0.0105348126963, -0.00368414213881, 0.00180460256524, 2.66141137217e-06], [1.68054998539e-06, -0.00219124881551, 0.00124962639529, -0.00177893892396, 0.00221784948371, -0.00132023671176, 6.43983230475e-06, -0.00129828893114, 0.00112607120536, -0.00368414213881, 0.0099649913609, -0.00421571079642, -0.000830899691209], [-0.000734348897822, 0.00150792906061, -0.00197291071527, 0.00143838627264, -0.00184815668035, 0.00192732084543, -0.00235584261827, 0.00256971316412, -0.000265537848463, 0.00180460256524, -0.00421571079642, 0.0101983323693, -0.00254481076263], [0.000772208382841, -0.000453870306956, 0.00151709036436, -0.00196647364646, 0.000727128179278, -0.00110918981954, 0.000308071583277, -0.00239597959444, 0.000164058874361, 2.66141137217e-06, -0.000830899691209, -0.00254481076263, 0.0120285451412]]
    },
    "melbands": {
        "dmean": [0.00212586764246, 0.00193941220641, 0.000591638090555, 0.000479848065879, 0.00030870208866, 0.000230765537708, 0.000227054086281, 0.000329795002472, 0.000231360347243, 0.000262613175437, 0.00011459786765, 8.40583525132e-05, 8.05547024356e-05, 5.72087919863e-05, 7.93219151092e-05, 6.18770718575e-05, 5.651808533e-05, 4.54933069705e-05, 4.01929391955e-05, 3.13959317282e-05, 2.74561625702e-05, 2.14653973671e-05, 1.35737500386e-05, 1.02944413811e-05, 1.17011368275e-05, 1.37673523568e-05, 1.40921501952e-05, 9.74907925411e-06, 5.90054060012e-06, 6.26429891781e-06, 5.66190237805e-06, 5.81292306379e-06, 4.40387066192e-06, 3.39973826158e-06, 8.22205765871e-06, 8.87053101906e-06, 7.42733800507e-06, 3.29728550241e-06, 2.98154941447e-06, 2.90971570394e-06],
        "dmean2": [0.00364668853581, 0.00322565017268, 0.000967783969827, 0.000801533809863, 0.000532444042619, 0.000385752297007, 0.000357973360224, 0.00051955023082, 0.000371725676814, 0.000445036566816, 0.000180267714313, 0.000135754497023, 0.000126549726701, 9.22465260373e-05, 0.000124465572299, 0.000102143261756, 9.37142176554e-05, 7.21085089026e-05, 6.33883828414e-05, 5.1339440688e-05, 4.44754223281e-05, 3.44134896295e-05, 2.12864779314e-05, 1.68010883499e-05, 1.95380980585e-05, 2.22892776947e-05, 2.24098075705e-05, 1.5988607629e-05, 9.47025455389e-06, 1.01541409094e-05, 8.96175151865e-06, 9.02161536942e-06, 6.83364532961e-06, 5.11228699906e-06, 1.33296571221e-05, 1.46265283547e-05, 1.12625730253e-05, 4.87261786475e-06, 4.51178038929e-06, 4.5994715947e-06],
        "dvar": [1.47218170241e-05, 2.73778368864e-05, 3.68259316019e-06, 1.22225503674e-06, 4.83673431972e-07, 1.71374125557e-07, 1.87600008417e-07, 4.6159516387e-07, 2.45119423425e-07, 4.33453749338e-07, 9.02825334492e-08, 5.73916096869e-08, 3.4175084096e-08, 1.40611016164e-08, 3.02280334097e-08, 1.79326331562e-08, 1.69854690313e-08, 9.69973434906e-09, 6.21517992627e-09, 3.07082093087e-09, 3.73221986649e-09, 1.29167321283e-09, 5.88903426024e-10, 4.16623541222e-10, 6.38852803991e-10, 6.96691926372e-10, 7.51627149409e-10, 3.35124705764e-10, 1.19702539547e-10, 1.21968560252e-10, 1.13786834122e-10, 1.38407493799e-10, 5.42284134264e-11, 3.77126073425e-11, 4.05704803086e-10, 4.3540906991e-10, 2.29781069172e-10, 4.79253060848e-11, 4.65534139016e-11, 9.22508736068e-11],
        "dvar2": [3.63238796126e-05, 7.09986925358e-05, 9.02268402569e-06, 3.21045331475e-06, 1.3342261127e-06, 4.45529565241e-07, 4.19812579366e-07, 1.12821385301e-06, 6.04071033194e-07, 1.33400226332e-06, 2.08091776699e-07, 1.34594770884e-07, 7.80337998663e-08, 3.51296414181e-08, 6.95551491958e-08, 4.51353372455e-08, 3.8284820647e-08, 2.09762873737e-08, 1.41751392846e-08, 7.45443085037e-09, 9.11783004653e-09, 3.13442516386e-09, 1.37466982242e-09, 1.03834396636e-09, 1.63213020876e-09, 1.79920756072e-09, 1.79151138369e-09, 8.49171288841e-10, 2.70410055458e-10, 2.9667668322e-10, 2.46095088752e-10, 3.31973060153e-10, 1.24120602685e-10, 7.7266609777e-11, 1.02884067932e-09, 1.13478715313e-09, 5.17325626781e-10, 1.01203490033e-10, 9.67318655731e-11, 2.27167673561e-10],
        "max": [0.0231293719262, 0.0334037691355, 0.0160335078835, 0.0106132123619, 0.00645234808326, 0.00407768459991, 0.00671389931813, 0.0073363520205, 0.00561789097264, 0.00649693375453, 0.00610683392733, 0.00421530846506, 0.0022223466076, 0.00165299861692, 0.00212202477269, 0.00167519203387, 0.00203997036442, 0.00150967622176, 0.000930358481128, 0.000644990475848, 0.00116742565297, 0.000405875151046, 0.000321480387356, 0.000211733218748, 0.000321359897498, 0.000261940760538, 0.000374897703296, 0.000217538821744, 0.0002437766816, 0.000115160117275, 0.000162881566212, 0.000206174969207, 8.25211318443e-05, 8.60175714479e-05, 0.000137005772558, 0.000176147354068, 0.000141159514897, 9.00581217138e-05, 8.51849836181e-05, 0.00014870033192],
        "mean": [0.00351199414581, 0.00258319685236, 0.000602694286499, 0.000562997825909, 0.000330133916577, 0.000322797277477, 0.000301134132314, 0.000392495712731, 0.000310190400342, 0.000344712141668, 0.000161285381182, 0.000102178702946, 0.000108958825876, 6.96470451658e-05, 9.61107216426e-05, 7.08500447217e-05, 6.21590443188e-05, 5.54704238311e-05, 5.12387596245e-05, 4.14239584643e-05, 3.42403400282e-05, 2.84162069875e-05, 1.71932078956e-05, 1.21505790958e-05, 1.32041159304e-05, 1.63125841937e-05, 1.79841026693e-05, 1.11044182631e-05, 7.18399905963e-06, 7.38631661079e-06, 6.7567862061e-06, 6.7497130658e-06, 5.27979682374e-06, 4.31161697634e-06, 7.10733820597e-06, 7.55599376134e-06, 8.15865041659e-06, 3.98172096538e-06, 3.62460673387e-06, 3.28196233568e-06],
        "median": [6.35440937913e-06, 4.92058279633e-05, 0.000112035311759, 0.00022809971415, 0.00012951453391, 0.000139544339618, 0.000111578585347, 9.26152933971e-05, 6.71931775287e-05, 5.19429631822e-05, 2.43074573518e-05, 1.62192554853e-05, 1.75591103471e-05, 1.64079592651e-05, 2.07600569411e-05, 1.62282813108e-05, 1.19700116556e-05, 1.18628131531e-05, 1.49146471813e-05, 1.42345979839e-05, 1.1274474673e-05, 9.94488891592e-06, 6.68024176775e-06, 4.20059814132e-06, 3.88626767744e-06, 4.71602834295e-06, 5.24554434378e-06, 3.9137917156e-06, 1.9885249003e-06, 2.24821451411e-06, 1.93785467673e-06, 1.60098568358e-06, 1.52602626713e-06, 1.099924134e-06, 8.789291428e-07, 1.04501089027e-06, 1.49649758896e-06, 9.86462623587e-07, 8.04643377705e-07, 5.72535327592e-07],
        "min": [5.22999288322e-09, 2.72765721121e-09, 8.85612583268e-10, 1.38261002647e-09, 2.53728349442e-09, 1.83458181979e-09, 5.2458761779e-09, 1.31904576151e-08, 3.28855350062e-07, 1.19220686656e-07, 4.82821072012e-08, 1.5501024464e-08, 3.52282860661e-08, 1.92089597562e-08, 5.20855962804e-08, 5.03035018085e-08, 5.77232697196e-08, 8.3069821244e-08, 8.82863346874e-08, 9.44241946854e-08, 3.6837015216e-08, 1.89165678677e-08, 8.62910987109e-09, 5.45710410194e-09, 1.41572638057e-08, 4.75063677285e-09, 1.3244269681e-08, 5.38962785512e-09, 2.08247064037e-09, 1.05864050859e-09, 2.67944866295e-09, 2.23950613609e-09, 3.28487348433e-10, 5.7480065152e-10, 7.04744373969e-10, 1.17948706357e-09, 2.79619660759e-10, 7.60968288382e-10, 2.57699445116e-10, 1.10543995832e-12],
