{
"highlevel": {
    "danceability": {
        "all": {
            "danceable": 0.999981880188,
            "not_danceable": 1.81166433322e-05
        },
        "probability": 0.999981880188,
        "value": "danceable"
    },
    "gender": {
        "all": {
            "female": 0.988806128502,
            "male": 0.0111938845366
        },
        "probability": 0.988806128502,
        "value": "female"
    },
    "genre_dortmund": {
        "all": {
            "alternative": 0.00725403055549,
            "blues": 0.00815745349973,
            "electronic": 0.0587057694793,
            "folkcountry": 0.00410543149337,
            "funksoulrnb": 0.0401205830276,
            "jazz": 0.0106830364093,
            "pop": 0.0362058654428,
            "raphiphop": 0.825023531914,
            "rock": 0.00974430609494
        },
        "probability": 0.825023531914,
        "value": "raphiphop"
    },
    "genre_electronic": {
        "all": {
            "ambient": 0.136673986912,
            "dnb": 0.126641154289,
            "house": 0.364678949118,
            "techno": 0.0170230343938,
            "trance": 0.354982852936
        },
        "probability": 0.364678949118,
        "value": "house"
    },
    "genre_rosamerica": {
        "all": {
            "cla": 0.0011581905419,
            "dan": 0.795764803886,
            "hip": 0.0986979454756,
            "jaz": 0.00106336723547,
            "pop": 0.0348679795861,
            "rhy": 0.0666944086552,
            "roc": 0.00110759958625,
            "spe": 0.000645727850497
        },
        "probability": 0.795764803886,
        "value": "dan"
    },
    "genre_tzanetakis": {
        "all": {
            "blu": 0.0790551155806,
            "cla": 0.035117097199,
            "cou": 0.0632127597928,
            "dis": 0.0632339939475,
            "hip": 0.158143803477,
            "jaz": 0.316540271044,
            "met": 0.0632839202881,
            "pop": 0.0632658004761,
            "reg": 0.0527152828872,
            "roc": 0.105431981385
        },
        "probability": 0.316540271044,
        "value": "jaz"
    },
    "ismir04_rhythm": {
        "all": {
            "ChaChaCha": 0.293228626251,
            "Jive": 0.0162382908165,
            "Quickstep": 0.00764542352408,
            "Rumba-American": 0.0135118514299,
            "Rumba-International": 0.0155359748751,
            "Rumba-Misc": 0.00574957020581,
            "Samba": 0.640431880951,
            "Tango": 0.00311122881249,
            "VienneseWaltz": 0.00392600800842,
            "Waltz": 0.000621144892648
        },
        "probability": 0.640431880951,
        "value": "Samba"
    },
    "mood_acoustic": {
        "all": {
            "acoustic": 0.00455899303779,
            "not_acoustic": 0.995441019535
        },
        "probability": 0.995441019535,
        "value": "not_acoustic"
    },
    "mood_aggressive": {
        "all": {
            "aggressive": 0.0133492629975,
            "not_aggressive": 0.986650764942
        },
        "probability": 0.986650764942,
        "value": "not_aggressive"
    },
    "mood_electronic": {
        "all": {
            "electronic": 0.91767090559,
            "not_electronic": 0.0823290869594
        },
        "probability": 0.91767090559,
        "value": "electronic"
    },
    "mood_happy": {
        "all": {
            "happy": 0.538824081421,
            "not_happy": 0.461175918579
        },
        "probability": 0.538824081421,
        "value": "happy"
    },
    "mood_party": {
        "all": {
            "not_party": 0.156433686614,
            "party": 0.843566298485
        },
        "probability": 0.843566298485,
        "value": "party"
    },
    "mood_relaxed": {
        "all": {
            "not_relaxed": 0.651413321495,
            "relaxed": 0.348586678505
        },
        "probability": 0.651413321495,
        "value": "not_relaxed"
    },
    "mood_sad": {
        "all": {
            "not_sad": 0.749751627445,
            "sad": 0.250248372555
        },
        "probability": 0.749751627445,
        "value": "not_sad"
    },
    "moods_mirex": {
        "all": {
            "Cluster1": 0.153301328421,
            "Cluster2": 0.198037922382,
            "Cluster3": 0.109802760184,
            "Cluster4": 0.421613752842,
            "Cluster5": 0.117244236171
        },
        "probability": 0.421613752842,
        "value": "Cluster4"
    },
    "timbre": {
        "all": {
            "bright": 0.923787355423,
            "dark": 0.0762126222253
        },
        "probability": 0.923787355423,
        "value": "bright"
    },
    "tonal_atonal": {
        "all": {
            "atonal": 0.788863658905,
            "tonal": 0.211136370897
        },
        "probability": 0.788863658905,
        "value": "atonal"
    },
    "voice_instrumental": {
        "all": {
            "instrumental": 0.305046528578,
            "voice": 0.694953501225
        },
        "probability": 0.694953501225,
        "value": "voice"
    }
},
"lowlevel": {
    "average_loudness": 0.948412060738,
    "barkbands_crest": {
        "dmean": 3.45095014572,
        "dmean2": 5.08792877197,
        "dvar": 9.77128314972,
        "dvar2": 20.0022296906,
        "max": 26.7049846649,
        "mean": 12.6275501251,
        "median": 11.5337944031,
        "min": 2.03525257111,
        "var": 37.0837097168
    },
    "barkbands_flatness_db": {
        "dmean": 0.0382532961667,
        "dmean2": 0.0558108873665,
        "dvar": 0.00156486849301,
        "dvar2": 0.00309463799931,
        "max": 0.435094237328,
        "mean": 0.170546084642,
        "median": 0.163112848997,
        "min": 0.0262705367059,
        "var": 0.00519245164469
    },
    "barkbands_kurtosis": {
        "dmean": 7.08506822586,
        "dmean2": 11.0476102829,
        "dvar": 1000.41564941,
        "dvar2": 2549.23803711,
        "max": 883.507080078,
        "mean": 8.00253772736,
        "median": 0.903416156769,
        "min": -1.90254342556,
        "var": 1305.10900879
    },
    "barkbands_skewness": {
        "dmean": 0.878245055676,
        "dmean2": 1.25795245171,
        "dvar": 1.46794319153,
        "dvar2": 3.07281708717,
        "max": 27.7068519592,
        "mean": 1.63672745228,
        "median": 1.081615448,
        "min": -1.52512943745,
        "var": 4.38851165771
    },
    "barkbands_spread": {
        "dmean": 9.96510314941,
        "dmean2": 14.5033521652,
        "dvar": 123.826202393,
        "dvar2": 248.924377441,
        "max": 119.734039307,
        "mean": 28.054107666,
        "median": 23.9155712128,
        "min": 0.320344477892,
        "var": 404.717468262
    },
    "dissonance": {
        "dmean": 0.0247188154608,
        "dmean2": 0.0406619980931,
        "dvar": 0.000604937493335,
        "dvar2": 0.00157205807045,
        "max": 0.499818265438,
        "mean": 0.45908665657,
        "median": 0.467955321074,
        "min": 0.223974004388,
        "var": 0.00103865517303
    },
    "dynamic_complexity": 2.55150723457,
    "erbbands_crest": {
        "dmean": 3.55079436302,
        "dmean2": 5.79633283615,
        "dvar": 10.4248476028,
        "dvar2": 26.6405925751,
        "max": 32.1358261108,
        "mean": 10.4450998306,
        "median": 9.65093898773,
        "min": 2.34958052635,
        "var": 23.8247108459
    },
    "erbbands_flatness_db": {
        "dmean": 0.0258947201073,
        "dmean2": 0.0375367477536,
        "dvar": 0.00057335634483,
        "dvar2": 0.0011021476239,
        "max": 0.316190809011,
        "mean": 0.159841820598,
        "median": 0.154783293605,
        "min": 0.0696903765202,
        "var": 0.0024471883662
    },
    "erbbands_kurtosis": {
        "dmean": 1.40209293365,
        "dmean2": 2.20788192749,
        "dvar": 2.90515637398,
        "dvar2": 6.63288974762,
        "max": 32.7179069519,
        "mean": 1.28324043751,
        "median": 0.597967386246,
        "min": -1.72567415237,
        "var": 6.88079833984
    },
    "erbbands_skewness": {
        "dmean": 0.485528856516,
        "dmean2": 0.738436341286,
        "dvar": 0.182230293751,
        "dvar2": 0.410598814487,
        "max": 2.90067028999,
        "mean": 0.235353261232,
        "median": 0.268256425858,
        "min": -1.99481296539,
        "var": 0.565525233746
    },
    "erbbands_spread": {
        "dmean": 11.3218746185,
        "dmean2": 16.6533584595,
        "dvar": 169.396194458,
        "dvar2": 330.649505615,
        "max": 205.850006104,
        "mean": 38.2496986389,
        "median": 34.0554122925,
        "min": 4.27864456177,
        "var": 575.005554199
    },
    "hfc": {
        "dmean": 22.9744853973,
        "dmean2": 35.2301979065,
        "dvar": 1583.78918457,
        "dvar2": 3854.76074219,
        "max": 270.053222656,
        "mean": 36.9127426147,
        "median": 25.1589488983,
        "min": 0.756073534489,
        "var": 1844.16894531
    },
    "melbands_crest": {
        "dmean": 4.67373991013,
        "dmean2": 7.51323223114,
        "dvar": 20.4418640137,
        "dvar2": 49.0551986694,
        "max": 35.9835700989,
        "mean": 19.1690540314,
        "median": 18.5833377838,
        "min": 2.78909635544,
        "var": 71.1725845337
    },
    "melbands_flatness_db": {
        "dmean": 0.0450616888702,
        "dmean2": 0.065075032413,
        "dvar": 0.00222454871982,
        "dvar2": 0.00416439445689,
        "max": 0.530292630196,
        "mean": 0.213361039758,
        "median": 0.197831660509,
        "min": 0.0176719613373,
        "var": 0.00972742587328
    },
    "melbands_kurtosis": {
        "dmean": 15.9014139175,
        "dmean2": 23.5934810638,
        "dvar": 1908.19714355,
        "dvar2": 3986.4206543,
        "max": 746.511901855,
        "mean": 22.4752140045,
        "median": 5.70748329163,
        "min": -1.73771643639,
        "var": 3486.93725586
    },
    "melbands_skewness": {
        "dmean": 1.16664803028,
        "dmean2": 1.66042721272,
        "dvar": 2.30889034271,
        "dvar2": 4.32058095932,
        "max": 25.1453475952,
        "mean": 2.9450378418,
        "median": 2.15593481064,
        "min": -0.90168607235,
        "var": 8.33400917053
    },
    "melbands_spread": {
        "dmean": 11.9372940063,
        "dmean2": 18.062456131,
        "dvar": 217.731277466,
        "dvar2": 421.757659912,
        "max": 185.734634399,
        "mean": 30.1946659088,
        "median": 24.3983440399,
        "min": 0.3292350173,
        "var": 680.771972656
    },
    "pitch_salience": {
        "dmean": 0.101508364081,
        "dmean2": 0.156783282757,
        "dvar": 0.0105266636238,
        "dvar2": 0.0227544493973,
        "max": 0.885986208916,
        "mean": 0.460154235363,
        "median": 0.469343334436,
        "min": 0.0366281270981,
        "var": 0.0320802479982
    },
    "silence_rate_20dB": {
        "dmean": 0,
        "dmean2": 0,
        "dvar": 0,
        "dvar2": 0,
        "max": 1,
        "mean": 1,
        "median": 1,
        "min": 1,
        "var": 0
    },
    "silence_rate_30dB": {
        "dmean": 0.078947365284,
        "dmean2": 0.158017039299,
        "dvar": 0.072715036571,
        "dvar2": 0.153184950352,
        "max": 1,
        "mean": 0.867749392986,
        "median": 1,
        "min": 0,
        "var": 0.114758379757
    },
    "silence_rate_60dB": {
        "dmean": 0.0317337475717,
        "dmean2": 0.0635166540742,
        "dvar": 0.0307267569005,
        "dvar2": 0.0656794682145,
        "max": 1,
        "mean": 0.0494972914457,
        "median": 0,
        "min": 0,
        "var": 0.0470466949046
    },
    "spectral_centroid": {
        "dmean": 409.404693604,
        "dmean2": 612.946289062,
        "dvar": 182168.75,
        "dvar2": 385598.5,
        "max": 4385.0234375,
        "mean": 1615.80651855,
        "median": 1572.2947998,
        "min": 198.816802979,
        "var": 577425.6875
    },
    "spectral_complexity": {
        "dmean": 6.88080501556,
        "dmean2": 10.1673126221,
        "dvar": 73.7410812378,
        "dvar2": 136.850387573,
        "max": 56,
        "mean": 17.5522041321,
        "median": 14,
        "min": 0,
        "var": 137.916442871
    },
    "spectral_decrease": {
        "dmean": 5.14334086432e-09,
        "dmean2": 6.3466916167e-09,
        "dvar": 5.09895636274e-17,
        "dvar2": 8.20648267994e-17,
        "max": -2.15952269955e-10,
        "mean": -1.18149330319e-08,
        "median": -6.94962531966e-09,
        "min": -7.36678842372e-08,
        "var": 1.81963561726e-16
    },
    "spectral_energy": {
        "dmean": 0.0209030713886,
        "dmean2": 0.0259821042418,
        "dvar": 0.000756780675147,
        "dvar2": 0.00125388859306,
        "max": 0.280178844929,
        "mean": 0.0479403398931,
        "median": 0.0292361360043,
        "min": 0.000907648180146,
        "var": 0.00267707463354
    },
    "spectral_energyband_high": {
        "dmean": 0.00192095141392,
        "dmean2": 0.00310491793789,
        "dvar": 1.44836176332e-05,
        "dvar2": 3.47608256561e-05,
        "max": 0.0253021158278,
        "mean": 0.0023519245442,
        "median": 0.000729896477424,
        "min": 1.05860351596e-06,
        "var": 1.67206490005e-05
    },
    "spectral_energyband_low": {
        "dmean": 0.0149542437866,
        "dmean2": 0.0183305684477,
        "dvar": 0.000862847082317,
        "dvar2": 0.00145177345257,
        "max": 0.272558778524,
        "mean": 0.0300300307572,
        "median": 0.00859649199992,
        "min": 4.03097359936e-08,
        "var": 0.00246806582436
    },
    "spectral_energyband_middle_high": {
        "dmean": 0.00475250603631,
        "dmean2": 0.00713102100417,
        "dvar": 3.9483038563e-05,
        "dvar2": 9.0975605417e-05,
        "max": 0.0656994655728,
        "mean": 0.00887605920434,
        "median": 0.00560350855812,
        "min": 4.77039830002e-05,
        "var": 8.61477747094e-05
    },
    "spectral_energyband_middle_low": {
        "dmean": 0.00489403540269,
        "dmean2": 0.00808392744511,
        "dvar": 5.65129994357e-05,
        "dvar2": 0.000141751923366,
        "max": 0.0560165680945,
        "mean": 0.00707077886909,
        "median": 0.00431884313002,
        "min": 5.21926231158e-05,
        "var": 6.62472157273e-05
    },
    "spectral_entropy": {
        "dmean": 0.297345072031,
        "dmean2": 0.4231749475,
        "dvar": 0.0878013074398,
        "dvar2": 0.176931455731,
        "max": 8.8879365921,
        "mean": 7.62444114685,
        "median": 7.5930685997,
        "min": 6.20599985123,
        "var": 0.316546350718
    },
    "spectral_flux": {
        "dmean": 0.045702598989,
        "dmean2": 0.0637810528278,
        "dvar": 0.00193565175869,
        "dvar2": 0.00302862422541,
        "max": 0.408514559269,
        "mean": 0.119534924626,
        "median": 0.0965444520116,
        "min": 0.0113147059456,
        "var": 0.00619278708473
    },
    "spectral_kurtosis": {
        "dmean": 1.62222373486,
        "dmean2": 2.48352646828,
        "dvar": 4.09800815582,
        "dvar2": 10.4079847336,
        "max": 29.7449531555,
        "mean": 3.92545771599,
        "median": 3.37832736969,
        "min": -1.36362302303,
        "var": 10.2902431488
    },
    "spectral_rms": {
        "dmean": 0.00140333652962,
        "dmean2": 0.00173065590207,
        "dvar": 2.14234546547e-06,
        "dvar2": 3.45338412444e-06,
        "max": 0.0165331549942,
        "mean": 0.00601679226384,
        "median": 0.00534069864079,
        "min": 0.000941015605349,
        "var": 1.05693170553e-05
    },
    "spectral_rolloff": {
        "dmean": 1039.27746582,
        "dmean2": 1697.80517578,
        "dvar": 2817097.25,
        "dvar2": 5670244.5,
        "max": 11757.1289062,
        "mean": 2273.60644531,
        "median": 1485.79101562,
        "min": 64.599609375,
        "var": 6517849.5
    },
    "spectral_skewness": {
        "dmean": 0.288397401571,
        "dmean2": 0.424747675657,
        "dvar": 0.0747424662113,
        "dvar2": 0.163363486528,
        "max": 3.69921183586,
        "mean": 1.56817352772,
        "median": 1.56389832497,
        "min": 0.0586291253567,
        "var": 0.304249972105
    },
    "spectral_spread": {
        "dmean": 1006642.625,
        "dmean2": 1453702.125,
        "dvar": 1.6105939927e+12,
        "dvar2": 2.6617947095e+12,
        "max": 17985654,
        "mean": 5948554,
        "median": 5472365,
        "min": 1548823.125,
        "var": 5.96182827008e+12
    },
    "spectral_strongpeak": {
        "dmean": 0.635278999805,
        "dmean2": 1.03900277615,
        "dvar": 1.17848753929,
        "dvar2": 2.89745998383,
        "max": 8.87699985504,
        "mean": 1.04573905468,
        "median": 0.515247523785,
        "min": 0.0252726171166,
        "var": 1.83787512779
    },
    "zerocrossingrate": {
        "dmean": 0.0201752372086,
        "dmean2": 0.0213357340544,
        "dvar": 0.000470022147056,
        "dvar2": 0.000446502730483,
        "max": 0.4013671875,
        "mean": 0.0756390318274,
        "median": 0.0634765625,
        "min": 0.00244140625,
        "var": 0.00347614777274
    },
    "barkbands": {
        "dmean": [0.000869631883688, 0.0136858802289, 0.00404358189553, 0.000930920185056, 0.00127921369858, 0.00171924056485, 0.000490564561915, 0.000332789815729, 0.00108088261914, 0.00102774519473, 0.00110438314732, 0.000716447248124, 0.000771827937569, 0.00113976339344, 0.000789007986896, 0.00046764605213, 0.000427845778177, 0.000277731654933, 0.000219374807784, 0.000250608107308, 0.000428412953625, 0.000294996367302, 0.000308386719553, 0.000290801544907, 0.000376618350856, 0.000281796994386, 2.64065448619e-07],
        "dmean2": [0.0012344798306, 0.0174511410296, 0.00694768736139, 0.0017370932037, 0.00226617697626, 0.00274031492881, 0.000821797177196, 0.000581178290304, 0.0018366362201, 0.00172750174534, 0.00170533254277, 0.00108421931509, 0.00116119917948, 0.0017487781588, 0.00118662416935, 0.000786281772889, 0.000702708901372, 0.000445340090664, 0.000363129976904, 0.000405490078265, 0.000743176904507, 0.000488543591928, 0.000455998146208, 0.000443914759671, 0.000616223260295, 0.000455134460935, 5.00498856582e-07],
        "dvar": [3.03706701743e-06, 0.000833044177853, 0.000168890474015, 6.52021799397e-06, 1.05406807052e-05, 1.16119390441e-05, 1.00129068414e-06, 5.66647941014e-07, 4.42014879809e-06, 3.94616245103e-06, 4.68045891466e-06, 2.77565868601e-06, 2.60613455794e-06, 3.44627846971e-06, 2.48569040195e-06, 6.97094833413e-07, 7.47046669858e-07, 2.99227792766e-07, 1.20582640761e-07, 1.63325239555e-07, 7.68741301727e-07, 4.17190392454e-07, 3.17891704071e-07, 2.45996744752e-07, 6.19094464582e-07, 3.95339412762e-07, 1.94130215375e-12],
        "dvar2": [5.28027794644e-06, 0.00149488286115, 0.000431779422797, 1.84103737411e-05, 2.90508869512e-05, 2.73139758065e-05, 2.49474442171e-06, 1.41102282214e-06, 1.11975559776e-05, 9.80174081633e-06, 9.98127597995e-06, 5.63622461414e-06, 5.99154236625e-06, 7.43694909033e-06, 5.50663844479e-06, 1.77976505711e-06, 1.76996047685e-06, 6.47469107662e-07, 3.02475683611e-07, 3.88725908351e-07, 2.04435923479e-06, 9.81240759756e-07, 6.52085418551e-07, 5.09848462116e-07, 1.62975891271e-06, 9.82995175036e-07, 5.66433532023e-12],
        "max": [0.0332964807749, 0.267809033394, 0.0850118845701, 0.0157287269831, 0.0377754680812, 0.0402284450829, 0.00894263852388, 0.01199113857, 0.0255016386509, 0.0197956673801, 0.0316938087344, 0.0274744927883, 0.0227504037321, 0.0168371852487, 0.0214309878647, 0.00765006523579, 0.00916407909244, 0.0116025861353, 0.00345581304282, 0.00374290836044, 0.00536255352199, 0.0037868518848, 0.00424219248816, 0.00503343949094, 0.00546064693481, 0.00437885802239, 2.10874877666e-05],
        "mean": [0.00148425996304, 0.0249882526696, 0.00336448708549, 0.000611528696027, 0.00112569320481, 0.0027503457386, 0.000629082962405, 0.000364863313735, 0.00121557922103, 0.00111966975965, 0.00144196418114, 0.00116198556498, 0.00114903633948, 0.00144849799108, 0.00113425706513, 0.000439108698629, 0.000450731575256, 0.000342561426805, 0.000253315054579, 0.000324424501741, 0.000411499117035, 0.000296375190374, 0.000378568278393, 0.000400141550926, 0.000400729302783, 0.000253283767961, 1.50887274231e-07],
        "median": [0.000186600896996, 0.00552361784503, 8.21556823212e-05, 6.03442058491e-05, 0.000226876974921, 0.000999312964268, 0.000199536225409, 9.17718207347e-05, 0.000420202937676, 0.000193351646885, 0.000397744763177, 0.000228176373639, 0.00032583886059, 0.000325839151628, 0.000174984161276, 8.94832337508e-05, 0.000102403981145, 0.000108410742541, 9.88913670881e-05, 0.000122749159345, 8.39753192849e-05, 2.70374803222e-05, 0.000124618309201, 8.84898181539e-05, 8.28649790492e-05, 2.52888621617e-05, 7.79520559213e-10],
        "min": [1.25439636456e-09, 1.25975851972e-08, 7.56481810527e-09, 2.25507523766e-09, 2.53478845025e-07, 4.28292878496e-06, 1.12221164272e-06, 5.5110899666e-07, 2.32923753174e-06, 1.94533413378e-06, 1.8810264919e-06, 6.16856198121e-07, 1.37857148275e-06, 9.78903926807e-07, 1.11991073481e-06, 7.3942931067e-07, 5.14335283697e-07, 3.9580740463e-07, 5.3756627949e-07, 5.54749874482e-07, 2.9007003377e-07, 7.03617644149e-08, 1.09420327021e-07, 3.48745459178e-08, 1.78773582604e-08, 2.74569766923e-09, 9.91065216005e-12],
        "var": [8.70977510203e-06, 0.00197185436264, 0.000128279090859, 3.94169001083e-06, 7.45509760236e-06, 2.16622611333e-05, 1.36833261877e-06, 7.13731424185e-07, 5.60079661227e-06, 4.98347708344e-06, 8.49280513648e-06, 6.37391849523e-06, 5.27451311427e-06, 6.26979817753e-06, 5.23379640072e-06, 6.67567803703e-07, 9.91087631519e-07, 4.41825591224e-07, 1.35806459411e-07, 2.31765909575e-07, 6.94437687798e-07, 4.51129267276e-07, 4.67156269224e-07, 4.82574080252e-07, 5.97996006491e-07, 3.57092488912e-07, 1.05924470584e-12]
    },
    "erbbands": {
        "dmean": [0.483618348837, 3.19652915001, 5.40257310867, 2.82297945023, 5.2906036377, 2.88883709908, 7.05295419693, 16.083896637, 8.56594181061, 6.73222970963, 8.98715305328, 24.3691883087, 32.0352210999, 36.9999198914, 34.8450660706, 31.9279518127, 34.8479347229, 53.4443702698, 35.9847412109, 39.9490966797, 25.3698806763, 20.1785869598, 14.0696954727, 13.8913660049, 9.07247066498, 12.823559761, 17.4019584656, 14.065290451, 10.9740428925, 10.374879837, 8.06647014618, 6.75916528702, 4.91115379333, 3.02329993248, 3.34189748764, 1.66418576241, 0.440527319908, 0.0387147441506, 0.000771127524786, 6.36901313555e-05],
        "dmean2": [0.605370998383, 4.28585004807, 8.4919424057, 4.73429727554, 9.77214050293, 5.02027845383, 11.5303840637, 25.3298549652, 14.0284090042, 11.4430580139, 15.3517217636, 40.9895744324, 54.6047935486, 60.9754180908, 53.0485191345, 47.1646232605, 51.8206329346, 82.8127593994, 54.3979187012, 62.9497299194, 42.3723487854, 32.455116272, 21.1823310852, 23.1078014374, 14.9207143784, 20.7943153381, 29.9245414734, 23.809753418, 18.3713874817, 16.2589416504, 11.9658346176, 10.2445878983, 7.69073534012, 4.84075021744, 5.64057826996, 2.84570407867, 0.691874802113, 0.0635107532144, 0.0012571424013, 9.43848572206e-05],
        "dvar": [1.00076031685, 55.4533309937, 266.794433594, 53.5788879395, 211.882324219, 72.8702011108, 243.557983398, 1021.26916504, 351.412719727, 240.190643311, 301.584411621, 2275.01855469, 4414.55273438, 5035.68408203, 4073.40063477, 5768.20263672, 5491.34960938, 7742.72753906, 4985.54003906, 6088.59326172, 2369.66967773, 1472.23815918, 656.44720459, 488.044647217, 219.853469849, 443.364562988, 1011.85296631, 977.822387695, 595.422363281, 451.07409668, 186.737792969, 134.725341797, 84.85206604, 32.6962394714, 56.0886993408, 15.0367193222, 0.910435080528, 0.00815680902451, 3.21741822518e-06, 1.26570407488e-08],
        "dvar2": [1.93882381916, 100.265075684, 628.578308105, 135.031188965, 584.808166504, 203.525878906, 627.77142334, 2371.38427734, 848.874023438, 609.176147461, 771.915222168, 5587.95166016, 10782.0498047, 12210.0576172, 8728.90820312, 12105.5166016, 12346.8515625, 16854.6152344, 11711.9736328, 13081.5595703, 6081.0859375, 3462.10375977, 1277.91455078, 1159.70458984, 572.089416504, 1063.65429688, 2641.28759766, 2580.27148438, 1413.29968262, 950.490600586, 385.980072021, 276.94418335, 196.668212891, 79.5634155273, 150.316818237, 40.2890281677, 1.98428273201, 0.0195437055081, 7.85845713835e-06, 3.13963397502e-08],
        "max": [9.73724937439, 61.9794464111, 112.634414673, 51.7429084778, 92.2493515015, 157.53364563, 223.131988525, 439.993713379, 234.01991272, 208.944992065, 238.126647949, 563.433410645, 822.804443359, 842.398803711, 1085.02307129, 1417.40441895, 1059.73596191, 883.004272461, 1209.14038086, 1182.79602051, 457.779724121, 418.210968018, 484.24395752, 179.484985352, 122.431381226, 207.784484863, 236.436401367, 175.9243927, 151.634414673, 177.700332642, 109.547111511, 141.140991211, 86.6401062012, 56.2350654602, 48.0272483826, 27.6235160828, 6.07873773575, 0.641890347004, 0.0140292132273, 0.00100470206235],
        "mean": [0.932331860065, 4.64702510834, 5.32197380066, 2.33447957039, 3.66374897957, 2.98224568367, 12.1386299133, 23.3262462616, 11.6875524521, 8.21470546722, 11.0247755051, 26.6707420349, 33.0797615051, 46.9476699829, 52.6672477722, 52.3520927429, 56.1385421753, 75.8277587891, 54.1576499939, 51.5312728882, 24.9788970947, 22.4712085724, 19.4704341888, 16.109664917, 11.4709148407, 16.3591308594, 18.5842952728, 13.0410728455, 11.0637245178, 11.0386352539, 10.5257911682, 9.28433513641, 6.25973653793, 3.76271939278, 3.18385577202, 1.43754327297, 0.424033522606, 0.0330150611699, 0.000691061897669, 9.58085220191e-05],
        "median": [0.172166883945, 1.11674368382, 0.444281250238, 0.246330842376, 0.30764067173, 0.790525913239, 3.99344968796, 7.69620609283, 4.22882318497, 3.17882490158, 3.62265825272, 9.21718883514, 9.70881271362, 11.6991930008, 19.888250351, 16.2785167694, 20.2213745117, 22.3893737793, 14.1575860977, 10.9696884155, 5.80566740036, 5.45204544067, 5.91483879089, 5.87114524841, 5.26205205917, 6.17271327972, 5.37729024887, 1.84372699261, 1.03855073452, 1.58396100998, 3.96743392944, 2.87794065475, 1.10289144516, 0.785044848919, 0.613919734955, 0.175896435976, 0.0322006680071, 0.00201502395794, 8.66723712534e-05, 4.8002882977e-05],
        "min": [1.08702499801e-06, 5.99805434831e-06, 2.15282798308e-05, 9.67546293396e-05, 0.000632564479019, 0.00217680144124, 0.0101295411587, 0.0299756545573, 0.0233826413751, 0.0120139420033, 0.0806193947792, 0.114726886153, 0.206979945302, 0.160791784525, 0.122231423855, 0.14919026196, 0.192409828305, 0.125628396869, 0.0916056483984, 0.0881017670035, 0.0418302640319, 0.0215286482126, 0.0176479462534, 0.025194818154, 0.0269863568246, 0.026715034619, 0.0207103807479, 0.00682414555922, 0.00335032166913, 0.00125977396965, 0.00385512434877, 0.00182308407966, 0.000420277821831, 4.49466933787e-05, 8.54399477248e-05, 1.49570150825e-05, 2.11856477108e-05, 9.22237120449e-07, 7.6153713735e-07, 1.19549667943e-06],
        "var": [2.66987299919, 94.7260818481, 248.011672974, 44.3308258057, 133.915023804, 52.5734405518, 461.639556885, 1794.80895996, 464.032104492, 335.561431885, 432.368774414, 2758.92529297, 5176.16455078, 7350.39306641, 7666.33789062, 11635.3066406, 12048.7753906, 15664.5634766, 10453.9892578, 10405.5751953, 2187.77929688, 2082.56469727, 1400.56713867, 577.501342773, 251.947982788, 614.840759277, 1040.42895508, 848.315063477, 641.317993164, 582.396484375, 295.229309082, 247.332321167, 133.646026611, 45.286529541, 46.2322044373, 11.8025283813, 0.968347072601, 0.00730773480609, 2.8293379728e-06, 1.39924738463e-08]
    },
    "gfcc": {
        "mean": [11.3154678345, 59.0604400635, -115.700408936, 20.195526123, -58.7536125183, 35.0166168213, -36.5469245911, 18.4308509827, -25.215845108, 16.354927063, -4.15384292603, 10.0074872971, -2.89273428917],
        "cov": [[4527.93505859, -1026.08642578, 115.509635925, 505.234710693, 278.051147461, 281.882232666, 47.5572547913, 106.890274048, -14.7665472031, 65.5428695679, -458.272888184, -22.9987297058, -166.394317627], [-1026.08642578, 1624.57214355, 144.07862854, 94.5480270386, 409.273254395, -5.03882217407, 260.357025146, 29.6308841705, 158.424926758, -40.0562171936, 271.745544434, -82.438117981, 110.102424622], [115.509635925, 144.07862854, 1233.9050293, 411.157348633, 108.187980652, 325.339752197, 217.264083862, 168.949325562, 126.47644043, 92.8078689575, 25.4436187744, 77.1140289307, 11.0043001175], [505.234710693, 94.5480270386, 411.157348633, 631.752380371, 198.215759277, 122.152381897, 155.869369507, 141.674209595, 164.449371338, 1.40276634693, 30.2799854279, 25.7377910614, 48.9187583923], [278.051147461, 409.273254395, 108.187980652, 198.215759277, 520.227539062, 213.894561768, 224.894836426, 126.428260803, 147.318771362, 68.4710235596, 67.5351409912, 24.2323894501, 43.6579017639], [281.882232666, -5.03882217407, 325.339752197, 122.152381897, 213.894561768, 457.773895264, 213.058197021, 113.044372559, 105.813179016, 98.9955215454, 57.7561569214, -13.8473596573, -9.1635723114], [47.5572547913, 260.357025146, 217.264083862, 155.869369507, 224.894836426, 213.058197021, 345.313232422, 149.790130615, 110.066589355, 77.9659957886, 71.1171417236, 29.9079608917, 20.4710788727], [106.890274048, 29.6308841705, 168.949325562, 141.674209595, 126.428260803, 113.044372559, 149.790130615, 246.239700317, 121.596565247, 57.8975715637, 76.3606262207, 58.8909873962, 66.4320678711], [-14.7665472031, 158.424926758, 126.47644043, 164.449371338, 147.318771362, 105.813179016, 110.066589355, 121.596565247, 191.526260376, 63.9408378601, 76.7332000732, 40.6860580444, 67.9165267944], [65.5428695679, -40.0562171936, 92.8078689575, 1.40276634693, 68.4710235596, 98.9955215454, 77.9659957886, 57.8975715637, 63.9408378601, 156.098144531, 77.692817688, 57.0023117065, 34.1123123169], [-458.272888184, 271.745544434, 25.4436187744, 30.2799854279, 67.5351409912, 57.7561569214, 71.1171417236, 76.3606262207, 76.7332000732, 77.692817688, 295.540985107, 68.3675842285, 91.0558700562], [-22.9987297058, -82.438117981, 77.1140289307, 25.7377910614, 24.2323894501, -13.8473596573, 29.9079608917, 58.8909873962, 40.6860580444, 57.0023117065, 68.3675842285, 180.694488525, 75.2524108887], [-166.394317627, 110.102424622, 11.0043001175, 48.9187583923, 43.6579017639, -9.1635723114, 20.4710788727, 66.4320678711, 67.9165267944, 34.1123123169, 91.0558700562, 75.2524108887, 148.46232605]],
        "icov": [[0.000421718985308, 0.000105517297925, 0.000191939790966, -0.000517470820341, -0.000250688201049, -0.000266296381596, 0.000252825848293, -0.000294756202493, 0.000490108330268, -0.000544022244867, 0.000688111758791, -0.000145234749652, 0.000257370265899], [0.000105517297925, 0.00237520900555, -0.00102982716635, 0.00111305445898, -0.00209602853283, 0.00211979681626, -0.00204727123491, 0.00183624273632, -0.00167224067263, 0.00224183150567, -0.00230085337535, 0.0026984217111, -0.00143252313137], [0.000191939790966, -0.00102982716635, 0.00195546657778, -0.00165718561038, 0.00129413767718, -0.0019864346832, 0.000918625912163, -0.00123768590856, 0.001286073355, -0.00167636061087, 0.00166670628823, -0.00195513828658, 0.00106957810931], [-0.000517470820341, 0.00111305445898, -0.00165718561038, 0.00411728164181, -0.00133062817622, 0.00190930999815, -0.00171485973988, 0.0011563639855, -0.0033821654506, 0.00327757047489, -0.00207599648274, 0.00183881062549, -0.00127574650105], [-0.000250688201049, -0.00209602853283, 0.00129413767718, -0.00133062817622, 0.0051816967316, -0.0026322118938, 0.000350806541974, -0.00132484035566, 0.000154119465151, -0.00177832518239, 0.00186342769302, -0.00242731976323, 0.000899794162251], [-0.000266296381596, 0.00211979681626, -0.0019864346832, 0.00190930999815, -0.0026322118938, 0.00645469501615, -0.00329784792848, 0.00170666945633, -0.0025941117201, 0.0011579177808, -0.00302340742201, 0.00402257591486, -0.000752882217057], [0.000252825848293, -0.00204727123491, 0.000918625912163, -0.00171485973988, 0.000350806541974, -0.00329784792848, 0.00779408356175, -0.00385001511313, 0.00195056467783, -0.0031568184495, 0.00224334769882, -0.0027046315372, 0.0024679985363], [-0.000294756202493, 0.00183624273632, -0.00123768590856, 0.0011563639855, -0.00132484035566, 0.00170666945633, -0.00385001511313, 0.00916847959161, -0.00436057429761, 0.00251503312029, -0.00264781550504, 0.00145986804273, -0.00275729689747], [0.000490108330268, -0.00167224067263, 0.001286073355, -0.0033821654506, 0.000154119465151, -0.0025941117201, 0.00195056467783, -0.00436057429761, 0.0131127024069, -0.00476799719036, 0.00225753267296, -0.00172070309054, -0.00113009440247], [-0.000544022244867, 0.00224183150567, -0.00167636061087, 0.00327757047489, -0.00177832518239, 0.0011579177808, -0.0031568184495, 0.00251503312029, -0.00476799719036, 0.0133078442886, -0.00470300717279, 0.000551424280275, -0.00159530492965], [0.000688111758791, -0.00230085337535, 0.00166670628823, -0.00207599648274, 0.00186342769302, -0.00302340742201, 0.00224334769882, -0.00264781550504, 0.00225753267296, -0.00470300717279, 0.00846492592245, -0.00351987383328, -0.000180761722731], [-0.000145234749652, 0.0026984217111, -0.00195513828658, 0.00183881062549, -0.00242731976323, 0.00402257591486, -0.0027046315372, 0.00145986804273, -0.00172070309054, 0.000551424280275, -0.00351987383328, 0.01154175587, -0.00497415661812], [0.000257370265899, -0.00143252313137, 0.00106957810931, -0.00127574650105, 0.000899794162251, -0.000752882217057, 0.0024679985363, -0.00275729689747, -0.00113009440247, -0.00159530492965, -0.000180761722731, -0.00497415661812, 0.0125257615]]
    },
    "melbands": {
        "dmean": [0.00393695989624, 0.00305642886087, 0.000596670841333, 0.000314909673762, 0.000207872450119, 0.000349668232957, 0.000122327110148, 7.1970935096e-05, 8.76965350471e-05, 0.000158834765898, 0.000161242875038, 0.000148576742504, 0.000148716921103, 8.31318684504e-05, 8.23182272143e-05, 7.14485213393e-05, 0.000111827772344, 6.35027608951e-05, 6.15523895249e-05, 3.86065803468e-05, 3.19964819937e-05, 2.2616051865e-05, 1.8776016077e-05, 1.30007165353e-05, 1.17313074952e-05, 6.99258771419e-06, 6.34168100078e-06, 9.53003382165e-06, 9.80244203674e-06, 1.35422405947e-05, 6.45569980406e-06, 6.47194065095e-06, 5.19362583873e-06, 6.12538360656e-06, 4.86770250063e-06, 4.53986103821e-06, 4.11218979934e-06, 3.70271914107e-06, 3.05637036035e-06, 2.46360764322e-06],
        "dmean2": [0.0048422627151, 0.00424573943019, 0.00101651065052, 0.000566461822018, 0.000339778460329, 0.000549188058358, 0.000201742397621, 0.000120873555716, 0.000148714738316, 0.000269787851721, 0.000275412079645, 0.000246508570854, 0.000228156262892, 0.000121805089293, 0.000127042498207, 0.000109057822556, 0.000173162028659, 9.84433063422e-05, 9.31048998609e-05, 6.23359010206e-05, 5.40738546988e-05, 3.81620920962e-05, 2.8267450034e-05, 2.03849267564e-05, 1.98364068638e-05, 1.16044648166e-05, 1.02179446912e-05, 1.57025770022e-05, 1.63003714988e-05, 2.43020858761e-05, 1.05348935904e-05, 1.09266038635e-05, 8.32609293866e-06, 9.31546128413e-06, 7.30585179554e-06, 6.92230878485e-06, 6.20687524133e-06, 5.91459911448e-06, 4.68715552415e-06, 4.0095624172e-06],
        "dvar": [6.24713284196e-05, 6.36081531411e-05, 2.1047565042e-06, 7.2154443842e-07, 2.02657872705e-07, 4.66310126512e-07, 6.65645174536e-08, 2.854845782e-08, 2.88037220741e-08, 9.75169456296e-08, 1.12274570085e-07, 8.37947027321e-08, 8.26059718406e-08, 3.42022516975e-08, 3.54868063823e-08, 1.68202589634e-08, 3.70509773973e-08, 1.55046997463e-08, 1.62792623826e-08, 5.22257748159e-09, 4.2176817594e-09, 1.97422078685e-09, 2.30481189689e-09, 4.5585488162e-10, 3.72079644873e-10, 1.28984031789e-10, 1.06668361644e-10, 2.66172223151e-10, 2.69821137655e-10, 9.31194898968e-10, 1.97057717366e-10, 2.15602230513e-10, 1.12905282346e-10, 1.54172702382e-10, 7.07989777915e-11, 6.14813477906e-11, 4.96197666289e-11, 5.13355469245e-11, 3.01112815237e-11, 2.19866330003e-11],
        "dvar2": [0.000116718489153, 0.000123088699183, 5.34731998414e-06, 2.00140880224e-06, 5.18491503954e-07, 1.08299798285e-06, 1.61669476029e-07, 7.16317600791e-08, 7.19577428754e-08, 2.47800699071e-07, 2.74815647572e-07, 2.04854288199e-07, 1.75606487574e-07, 6.17765394395e-08, 7.96230565925e-08, 3.82146971845e-08, 7.86261011854e-08, 3.57551641628e-08, 3.56462734885e-08, 1.27863515331e-08, 1.07757491818e-08, 5.08926234488e-09, 4.90839990874e-09, 9.42485756106e-10, 9.01589802815e-10, 3.36082939256e-10, 2.63403715506e-10, 6.59329257857e-10, 6.7239575019e-10, 2.5784208102e-09, 4.95828267333e-10, 5.30988863989e-10, 2.40980846389e-10, 3.22862570012e-10, 1.51911691559e-10, 1.34367669768e-10, 1.01970674959e-10, 1.25818300223e-10, 6.60372104222e-11, 5.61669773191e-11],
        "max": [0.0766281634569, 0.0687539577484, 0.00936577934772, 0.00863402429968, 0.0059253172949, 0.00889920815825, 0.00315081933513, 0.00232204189524, 0.00205065286718, 0.00326754734851, 0.00402134191245, 0.00350801018067, 0.0048461901024, 0.00276605854742, 0.00287443585694, 0.00154746719636, 0.0020298929885, 0.00199767225422, 0.0019638997037, 0.000869681534823, 0.000613014213741, 0.000314693752443, 0.000995570328087, 0.000327955407556, 0.000164634402608, 9.69149550656e-05, 0.000119598567835, 0.000158022259711, 0.00014709943207, 0.000199727204745, 0.000100664408819, 8.9209235739e-05, 8.14079830889e-05, 0.000106164421595, 6.92723915563e-05, 8.10242636362e-05, 0.000100716410088, 6.86448984197e-05, 6.15225144429e-05, 5.07526820002e-05],
        "mean": [0.00751024857163, 0.00400045374408, 0.000476630782941, 0.000240849985857, 0.000361877726391, 0.000524675939232, 0.000165905061294, 8.36467224872e-05, 0.000108233725769, 0.000171077103005, 0.000162041236763, 0.000181368930498, 0.000204777330509, 0.000136922375532, 0.000127741121105, 0.000108918917249, 0.000148011749843, 8.34611710161e-05, 8.31929719425e-05, 4.23413694079e-05, 2.90464995487e-05, 2.16737917071e-05, 2.4456436222e-05, 1.60852905537e-05, 1.27161456476e-05, 8.52895573189e-06, 8.00974885351e-06, 1.15267639558e-05, 1.14397644211e-05, 1.13157302621e-05, 6.12332996752e-06, 6.21229446551e-06, 5.51199536858e-06, 6.36623371975e-06, 5.94547282162e-06, 6.20956279818e-06, 5.41025156053e-06, 4.3919599193e-06, 3.8596072045e-06, 2.86346653411e-06],
        "median": [0.00161984376609, 0.000901589461137, 4.8534169764e-05, 3.11650255753e-05, 0.000124595098896, 0.000185193188372, 5.44741087651e-05, 2.80514504993e-05, 3.48362227669e-05, 5.84384179092e-05, 4.16846378357e-05, 3.75909294235e-05, 6.45819454803e-05, 2.75704260275e-05, 3.86683059332e-05, 3.1354928069e-05, 3.42554449162e-05, 1.57535341714e-05, 1.37490442285e-05, 7.42527572584e-06, 5.69523444938e-06, 5.17730995853e-06, 5.88714510741e-06, 4.53348911833e-06, 4.23984556619e-06, 3.65296727978e-06, 3.37161736752e-06, 3.78175423066e-06, 3.51857852365e-06, 1.56314661126e-06, 7.15012447472e-07, 5.17159378433e-07, 5.04287413605e-07, 9.24230732835e-07, 1.94614176507e-06, 2.39577434513e-06, 1.28347414829e-06, 7.39661061289e-07, 5.82145162298e-07, 6.41419831027e-07],
        "min": [3.62055718739e-09, 8.71403305069e-09, 3.0977980181e-09, 6.87136676447e-08, 2.66480441269e-07, 7.04601859525e-07, 3.57368065806e-07, 1.46304259374e-07, 2.3012430006e-07, 5.34205184977e-07, 3.69632232378e-07, 4.79878622173e-07, 3.35088998327e-07, 1.36416872465e-07, 3.03295962567e-07, 2.3020859885e-07, 1.64451279261e-07, 6.68064430442e-08, 1.36234973525e-07, 5.25120000816e-08, 1.97511731415e-08, 2.74829563551e-08, 1.41969440648e-08, 1.57124979694e-08, 1.89141395879e-08, 1.94629183881e-08, 1.30750299476e-08, 1.94731395453e-08, 1.13744151875e-08, 8.57245385788e-10, 1.13093556742e-09, 2.72474022511e-11, 3.37992273058e-11, 3.21270232639e-10, 1.51852963537e-09, 2.56866128368e-09, 4.51057441397e-10, 4.98896965406e-11, 8.80670319656e-14, 5.49692106069e-12],
