{
"highlevel": {
    "danceability": {
        "all": {
            "danceable": 5.27916210746e-10,
            "not_danceable": 1
        },
        "probability": 1,
        "value": "not_danceable"
    },
    "gender": {
        "all": {
            "female": 0.386184334755,
            "male": 0.613815665245
        },
        "probability": 0.613815665245,
        "value": "male"
    },
    "genre_dortmund": {
        "all": {
            "alternative": 0.17866396904,
            "blues": 0.00332520832308,
            "electronic": 0.00957227032632,
            "folkcountry": 0.0644145607948,
            "funksoulrnb": 0.00271084578708,
            "jazz": 0.001840562094,
            "pop": 0.0854596570134,
            "raphiphop": 0.000838809879497,
            "rock": 0.653174102306
        },
        "probability": 0.653174102306,
        "value": "rock"
    },
    "genre_electronic": {
        "all": {
            "ambient": 0.18137177825,
            "dnb": 0.0707734525204,
            "house": 0.0317314937711,
            "techno": 0.0222258009017,
            "trance": 0.693897485733
        },
        "probability": 0.693897485733,
        "value": "trance"
    },
    "genre_rosamerica": {
        "all": {
            "cla": 4.46375233878e-05,
            "dan": 0.000260482222075,
            "hip": 4.38461756858e-05,
            "jaz": 1.15491793622e-05,
            "pop": 0.000564296729863,
            "rhy": 0.000397755793529,
            "roc": 0.998675763607,
            "spe": 1.67605958268e-06
        },
        "probability": 0.998675763607,
        "value": "roc"
    },
    "genre_tzanetakis": {
        "all": {
            "blu": 0.0626541376114,
            "cla": 0.0348133966327,
            "cou": 0.0783501937985,
            "dis": 0.104547761381,
            "hip": 0.15693578124,
            "jaz": 0.313987255096,
            "met": 0.044816005975,
            "pop": 0.0627349764109,
            "reg": 0.0627352520823,
            "roc": 0.0784252434969
        },
        "probability": 0.313987255096,
        "value": "jaz"
    },
    "ismir04_rhythm": {
        "all": {
            "ChaChaCha": 0.0331133976579,
            "Jive": 0.726679623127,
            "Quickstep": 0.00848271884024,
            "Rumba-American": 0.00255752261728,
            "Rumba-International": 0.00901520904154,
            "Rumba-Misc": 0.00331925204955,
            "Samba": 0.0635690689087,
            "Tango": 0.00409103324637,
            "VienneseWaltz": 0.145251020789,
            "Waltz": 0.00392116094008
        },
        "probability": 0.726679623127,
        "value": "Jive"
    },
    "mood_acoustic": {
        "all": {
            "acoustic": 0.0080749578774,
            "not_acoustic": 0.991925060749
        },
        "probability": 0.991925060749,
        "value": "not_acoustic"
    },
    "mood_aggressive": {
        "all": {
            "aggressive": 0.970229208469,
            "not_aggressive": 0.0297708045691
        },
        "probability": 0.970229208469,
        "value": "aggressive"
    },
    "mood_electronic": {
        "all": {
            "electronic": 0.0941001474857,
            "not_electronic": 0.905899882317
        },
        "probability": 0.905899882317,
        "value": "not_electronic"
    },
    "mood_happy": {
        "all": {
            "happy": 0.888661086559,
            "not_happy": 0.111338943243
        },
        "probability": 0.888661086559,
        "value": "happy"
    },
    "mood_party": {
        "all": {
            "not_party": 0.396134763956,
            "party": 0.603865206242
        },
        "probability": 0.603865206242,
        "value": "party"
    },
    "mood_relaxed": {
        "all": {
            "not_relaxed": 0.970088124275,
            "relaxed": 0.0299118757248
        },
        "probability": 0.970088124275,
        "value": "not_relaxed"
    },
    "mood_sad": {
        "all": {
            "not_sad": 0.894169270992,
            "sad": 0.105830736458
        },
        "probability": 0.894169270992,
        "value": "not_sad"
    },
    "moods_mirex": {
        "all": {
            "Cluster1": 0.700030684471,
            "Cluster2": 0.0929374024272,
            "Cluster3": 0.0733037814498,
            "Cluster4": 0.0325839817524,
            "Cluster5": 0.10114415735
        },
        "probability": 0.700030684471,
        "value": "Cluster1"
    },
    "timbre": {
        "all": {
            "bright": 0.918407678604,
            "dark": 0.0815922915936
        },
        "probability": 0.918407678604,
        "value": "bright"
    },
    "tonal_atonal": {
        "all": {
            "atonal": 0.00156800332479,
            "tonal": 0.99843198061
        },
        "probability": 0.99843198061,
        "value": "tonal"
    },
    "voice_instrumental": {
        "all": {
            "instrumental": 0.00011004726548,
            "voice": 0.999889969826
        },
        "probability": 0.999889969826,
        "value": "voice"
    }
},
"lowlevel": {
    "average_loudness": 0.97809112072,
    "barkbands_crest": {
        "dmean": 2.06012225151,
        "dmean2": 3.31113195419,
        "dvar": 4.15314292908,
        "dvar2": 10.4078683853,
        "max": 21.0930614471,
        "mean": 7.95256328583,
        "median": 7.24615430832,
        "min": 2.39785432816,
        "var": 9.47037220001
    },
    "barkbands_flatness_db": {
        "dmean": 0.0149418516085,
        "dmean2": 0.0245127696544,
        "dvar": 0.000208619807381,
        "dvar2": 0.000562588800676,
        "max": 0.220226719975,
        "mean": 0.102806121111,
        "median": 0.100086428225,
        "min": 0.0507569350302,
        "var": 0.000580322172027
    },
    "barkbands_kurtosis": {
        "dmean": 0.999875366688,
        "dmean2": 1.68243861198,
        "dvar": 2.44287729263,
        "dvar2": 7.01422023773,
        "max": 15.6678962708,
        "mean": 0.221555039287,
        "median": -0.219445943832,
        "min": -1.57379579544,
        "var": 2.76069688797
    },
    "barkbands_skewness": {
        "dmean": 0.370800167322,
        "dmean2": 0.59559994936,
        "dvar": 0.163797840476,
        "dvar2": 0.436284273863,
        "max": 3.94343495369,
        "mean": 0.901974976063,
        "median": 0.842235505581,
        "min": -0.585656881332,
        "var": 0.336810410023
    },
    "barkbands_spread": {
        "dmean": 6.02177619934,
        "dmean2": 9.36331748962,
        "dvar": 34.8217353821,
        "dvar2": 92.8788757324,
        "max": 80.5991592407,
        "mean": 35.0536613464,
        "median": 34.4296836853,
        "min": 9.86471271515,
        "var": 118.783126831
    },
    "dissonance": {
        "dmean": 0.0121299056336,
        "dmean2": 0.020661553368,
        "dvar": 0.000131610868266,
        "dvar2": 0.000371473608539,
        "max": 0.499873161316,
        "mean": 0.480898559093,
        "median": 0.484714895487,
        "min": 0.399591892958,
        "var": 0.000212995422771
    },
    "dynamic_complexity": 1.23711431026,
    "erbbands_crest": {
        "dmean": 2.18377161026,
        "dmean2": 3.52887701988,
        "dvar": 4.31679534912,
        "dvar2": 10.8743543625,
        "max": 23.2854328156,
        "mean": 7.0883307457,
        "median": 6.09241390228,
        "min": 2.34444355965,
        "var": 11.9554452896
    },
    "erbbands_flatness_db": {
        "dmean": 0.0124352592975,
        "dmean2": 0.0178955234587,
        "dvar": 0.00011946860468,
        "dvar2": 0.000234148508753,
        "max": 0.206941276789,
        "mean": 0.134732827544,
        "median": 0.134041294456,
        "min": 0.074699498713,
        "var": 0.00058244302636
    },
    "erbbands_kurtosis": {
        "dmean": 0.559525847435,
        "dmean2": 0.877876520157,
        "dvar": 0.2917984128,
        "dvar2": 0.697837293148,
        "max": 6.93946170807,
        "mean": 0.190158069134,
        "median": -0.0388035774231,
        "min": -1.33165729046,
        "var": 0.902199089527
    },
    "erbbands_skewness": {
        "dmean": 0.251073002815,
        "dmean2": 0.397015303373,
        "dvar": 0.0457175038755,
        "dvar2": 0.108904540539,
        "max": 2.10828304291,
        "mean": -0.0139364283532,
        "median": -0.103075347841,
        "min": -1.49242269993,
        "var": 0.319721698761
    },
    "erbbands_spread": {
        "dmean": 7.09005975723,
        "dmean2": 10.5564451218,
        "dvar": 42.6755561829,
        "dvar2": 99.4707260132,
        "max": 85.3109359741,
        "mean": 38.9717788696,
        "median": 37.0251159668,
        "min": 13.232298851,
        "var": 167.297592163
    },
    "hfc": {
        "dmean": 7.43452262878,
        "dmean2": 10.2678842545,
        "dvar": 51.0072555542,
        "dvar2": 100.421333313,
        "max": 118.245513916,
        "mean": 40.774055481,
        "median": 40.1158485413,
        "min": 8.5838060379,
        "var": 247.448043823
    },
    "melbands_crest": {
        "dmean": 2.97308301926,
        "dmean2": 4.82100963593,
        "dvar": 8.58214950562,
        "dvar2": 20.7598342896,
        "max": 28.7086467743,
        "mean": 13.9879131317,
        "median": 13.7008867264,
        "min": 3.82337880135,
        "var": 21.2620334625
    },
    "melbands_flatness_db": {
        "dmean": 0.0198620241135,
        "dmean2": 0.0315437577665,
        "dvar": 0.000440088508185,
        "dvar2": 0.0011101088021,
        "max": 0.285450458527,
        "mean": 0.136819913983,
        "median": 0.134665697813,
        "min": 0.0322817899287,
        "var": 0.00155865086708
    },
    "melbands_kurtosis": {
        "dmean": 3.65521216393,
        "dmean2": 6.01315546036,
        "dvar": 34.4612579346,
        "dvar2": 98.5568466187,
        "max": 63.0795059204,
        "mean": 5.86150407791,
        "median": 4.00623559952,
        "min": -0.864048480988,
        "var": 42.8807601929
    },
    "melbands_skewness": {
        "dmean": 0.580021083355,
        "dmean2": 0.915074169636,
        "dvar": 0.417706042528,
        "dvar2": 1.11305916309,
        "max": 7.35520553589,
        "mean": 2.09280729294,
        "median": 1.96048152447,
        "min": 0.109306275845,
        "var": 0.996466100216
    },
    "melbands_spread": {
        "dmean": 8.09762191772,
        "dmean2": 12.9176950455,
        "dvar": 72.6414794922,
        "dvar2": 171.955276489,
        "max": 118.029647827,
        "mean": 36.4484443665,
        "median": 34.2461853027,
        "min": 5.43279838562,
        "var": 219.490158081
    },
    "pitch_salience": {
        "dmean": 0.0612680017948,
        "dmean2": 0.102170392871,
        "dvar": 0.003455884289,
        "dvar2": 0.00946796126664,
        "max": 0.795214295387,
        "mean": 0.541355669498,
        "median": 0.539219200611,
        "min": 0.2445448488,
        "var": 0.00721445772797
    },
    "silence_rate_20dB": {
        "dmean": 0,
        "dmean2": 0,
        "dvar": 0,
        "dvar2": 0,
        "max": 1,
        "mean": 1,
        "median": 1,
        "min": 1,
        "var": 0
    },
    "silence_rate_30dB": {
        "dmean": 0,
        "dmean2": 0,
        "dvar": 0,
        "dvar2": 0,
        "max": 1,
        "mean": 1,
        "median": 1,
        "min": 1,
        "var": 0
    },
    "silence_rate_60dB": {
        "dmean": 0,
        "dmean2": 0,
        "dvar": 0,
        "dvar2": 0,
        "max": 0,
        "mean": 0,
        "median": 0,
        "min": 0,
        "var": 0
    },
    "spectral_centroid": {
        "dmean": 254.660476685,
        "dmean2": 416.770080566,
        "dvar": 61335.1210938,
        "dvar2": 174503.78125,
        "max": 3262.13085938,
        "mean": 1936.93054199,
        "median": 1940.69262695,
        "min": 845.002624512,
        "var": 179051.5625
    },
    "spectral_complexity": {
        "dmean": 4.52708959579,
        "dmean2": 6.89852809906,
        "dvar": 12.9953517914,
        "dvar2": 28.1717987061,
        "max": 55,
        "mean": 35.2900238037,
        "median": 35,
        "min": 16,
        "var": 46.479850769
    },
    "spectral_decrease": {
        "dmean": 2.59451815587e-09,
        "dmean2": 4.19724921485e-09,
        "dvar": 1.16054937138e-17,
        "dvar2": 2.97644730687e-17,
        "max": -9.55277523751e-10,
        "mean": -9.40900868329e-09,
        "median": -8.82414585845e-09,
        "min": -3.40230386087e-08,
        "var": 1.84045138577e-17
    },
    "spectral_energy": {
        "dmean": 0.0101301614195,
        "dmean2": 0.0162634067237,
        "dvar": 0.000169651597389,
        "dvar2": 0.000428591796663,
        "max": 0.131347760558,
        "mean": 0.0392101556063,
        "median": 0.0372951850295,
        "min": 0.004614405334,
        "var": 0.000281190499663
    },
    "spectral_energyband_high": {
        "dmean": 0.000686455401592,
        "dmean2": 0.000908887654077,
        "dvar": 6.4198718519e-07,
        "dvar2": 1.2984313571e-06,
        "max": 0.0127024687827,
        "mean": 0.00226364657283,
        "median": 0.00176565849688,
        "min": 0.000111827124783,
        "var": 2.72161469184e-06
    },
    "spectral_energyband_low": {
        "dmean": 0.00701730698347,
        "dmean2": 0.0116070387885,
        "dvar": 0.000139671872603,
        "dvar2": 0.000374441238819,
        "max": 0.116787351668,
        "mean": 0.0159145947546,
        "median": 0.0134992990643,
        "min": 4.59858238173e-05,
        "var": 0.000171985841007
    },
    "spectral_energyband_middle_high": {
        "dmean": 0.00261254166253,
        "dmean2": 0.00398556655273,
        "dvar": 6.90930755809e-06,
        "dvar2": 1.63002332556e-05,
        "max": 0.0420441441238,
        "mean": 0.0113409813493,
        "median": 0.00979727879167,
        "min": 0.00228591542691,
        "var": 3.50385780621e-05
    },
    "spectral_energyband_middle_low": {
        "dmean": 0.00557799590752,
        "dmean2": 0.00901743303984,
        "dvar": 4.65923658339e-05,
        "dvar2": 0.000119785094284,
        "max": 0.0532264821231,
        "mean": 0.0126128410921,
        "median": 0.0103917280212,
        "min": 0.000711383007001,
        "var": 8.09160774224e-05
    },
    "spectral_entropy": {
        "dmean": 0.0892561078072,
        "dmean2": 0.12988896668,
        "dvar": 0.00649550464004,
        "dvar2": 0.0127653703094,
        "max": 8.62572097778,
        "mean": 7.95251560211,
        "median": 7.93892431259,
        "min": 7.33884477615,
        "var": 0.0408636406064
    },
    "spectral_flux": {
        "dmean": 0.0250083431602,
        "dmean2": 0.0402025878429,
        "dvar": 0.000813717371784,
        "dvar2": 0.00171982031316,
        "max": 0.3172557652,
        "mean": 0.106769531965,
        "median": 0.0991637781262,
        "min": 0.0415577329695,
        "var": 0.00156838726252
    },
    "spectral_kurtosis": {
        "dmean": 0.709092974663,
        "dmean2": 1.10054409504,
        "dvar": 0.394652217627,
        "dvar2": 1.03020739555,
        "max": 7.46561336517,
        "mean": 2.8084936142,
        "median": 2.7193479538,
        "min": -0.0226838588715,
        "var": 1.60287249088
    },
    "spectral_rms": {
        "dmean": 0.000766203796957,
        "dmean2": 0.00120268308092,
        "dvar": 7.95290191036e-07,
        "dvar2": 1.8592950255e-06,
        "max": 0.0113200768828,
        "mean": 0.00604115752503,
        "median": 0.00603204313666,
        "min": 0.00212175841443,
        "var": 1.7581864995e-06
    },
    "spectral_rolloff": {
        "dmean": 596.863586426,
        "dmean2": 969.945007324,
        "dvar": 565704.25,
        "dvar2": 1306922.375,
        "max": 9819.140625,
        "mean": 2257.6027832,
        "median": 1830.32226562,
        "min": 129.19921875,
        "var": 1803110.5
    },
    "spectral_skewness": {
        "dmean": 0.126859858632,
        "dmean2": 0.199796617031,
        "dvar": 0.0105285290629,
        "dvar2": 0.0252250675112,
        "max": 2.06589031219,
        "mean": 1.25639414787,
        "median": 1.25288724899,
        "min": 0.649704277515,
        "var": 0.048282019794
    },
    "spectral_spread": {
        "dmean": 466580.75,
        "dmean2": 656915.5,
        "dvar": 211497123840,
        "dvar2": 363429330944,
        "max": 9439465,
        "mean": 4954541,
        "median": 4856641,
        "min": 2764698.75,
        "var": 1.15420797338e+12
    },
    "spectral_strongpeak": {
        "dmean": 0.567546725273,
        "dmean2": 0.989784657955,
        "dvar": 0.935654580593,
        "dvar2": 2.2752969265,
        "max": 7.22625350952,
        "mean": 0.933385133743,
        "median": 0.522974967957,
        "min": 0.0446104854345,
        "var": 1.35099840164
    },
    "zerocrossingrate": {
        "dmean": 0.0106904115528,
        "dmean2": 0.012150676921,
        "dvar": 9.5626222901e-05,
        "dvar2": 0.0001025690799,
        "max": 0.234375,
        "mean": 0.0849817097187,
        "median": 0.0791015625,
        "min": 0.021484375,
        "var": 0.000972057518084
    },
    "barkbands": {
        "dmean": [0.000133487425046, 0.00370126054622, 0.00346124684438, 0.00334565783851, 0.00122518860735, 0.00072627980262, 0.000603040622082, 0.000839293177705, 0.00148472411092, 0.00105712912045, 0.000639338337351, 0.00078913604375, 0.000596379279159, 0.00100686447695, 0.000427692488302, 0.000279255502392, 0.000333899253746, 0.000299730338156, 0.000223712981096, 0.000372650014469, 0.000177686146344, 0.000134554764372, 0.000139111361932, 0.000162643424119, 0.000143209515954, 2.27290875046e-05, 2.07507682148e-08],
        "dmean2": [0.000183877069503, 0.00614591734484, 0.00601584231481, 0.00550320697948, 0.00213048420846, 0.00121240643784, 0.000964959501289, 0.00131135771517, 0.00234538782388, 0.00165491155349, 0.000947890570387, 0.00124735583086, 0.000967132393271, 0.00163168320432, 0.00070073956158, 0.000469583348604, 0.000552970566787, 0.000501870701555, 0.000369532324839, 0.000613410025835, 0.000273821351584, 0.000197520188522, 0.000196675711777, 0.000226195639698, 0.000203931587748, 3.5454864701e-05, 3.64531516084e-08],
        "dvar": [9.16623577041e-08, 5.68062641833e-05, 4.89459562232e-05, 2.79875184788e-05, 3.94734934162e-06, 8.3945502638e-07, 7.6051543374e-07, 2.24923996939e-06, 6.44204328637e-06, 2.94709980153e-06, 1.750847332e-06, 1.75089849108e-06, 9.59534986578e-07, 1.3347158756e-06, 2.11638351288e-07, 8.72963994425e-08, 2.43912637643e-07, 1.16318901178e-07, 5.42569580375e-08, 1.44879280128e-07, 3.72979727103e-08, 2.85546786216e-08, 4.33613713824e-08, 5.58293251629e-08, 5.09916944225e-08, 1.40460432174e-09, 8.27089048291e-15],
        "dvar2": [1.78263107387e-07, 0.000137800481752, 0.000140649281093, 7.29808598408e-05, 1.09242982944e-05, 2.16936541619e-06, 1.57841247983e-06, 5.06026663061e-06, 1.65118362929e-05, 7.39957931728e-06, 2.97746510114e-06, 3.92660149373e-06, 2.27028567679e-06, 3.02683588416e-06, 5.12037615863e-07, 2.20439133614e-07, 6.58654755625e-07, 3.03617213149e-07, 1.39755954365e-07, 3.76947212999e-07, 8.66109033382e-08, 6.41831192638e-08, 8.83656170458e-08, 1.2467488375e-07, 1.15458803407e-07, 3.51811646482e-09, 1.75158332798e-14],
        "max": [0.0030480849091, 0.0726827532053, 0.0807102546096, 0.0420532152057, 0.0159055758268, 0.0107542555779, 0.0204740837216, 0.0279193054885, 0.0290920585394, 0.0233379937708, 0.0248171333224, 0.023443216458, 0.0144428443164, 0.0170271042734, 0.00681075127795, 0.00408137496561, 0.00985954049975, 0.00551711535081, 0.00269973953255, 0.00592136010528, 0.0023516821675, 0.00206043850631, 0.00302156945691, 0.00411092536524, 0.00395886553451, 0.00066419079667, 1.58666671268e-06],
        "mean": [0.000159700517543, 0.00563331181183, 0.00738612795249, 0.00436673872173, 0.00167946401052, 0.00111676461529, 0.0011058144737, 0.00143077445682, 0.00253835064359, 0.0019616978243, 0.00106724246871, 0.00162751751486, 0.00111459766049, 0.00180788477883, 0.000875903933775, 0.000554380239919, 0.000674867769703, 0.000703111698385, 0.000564127694815, 0.000940925267059, 0.000477880850667, 0.000352166302036, 0.000336186290951, 0.000392309797462, 0.000302663334878, 3.96185532736e-05, 1.4111805946e-08],
        "median": [3.40421975125e-05, 0.00261269370094, 0.00668931286782, 0.00203411071561, 0.000958927092142, 0.000736519694328, 0.00067919032881, 0.000589462346397, 0.00125139788724, 0.000973057874944, 0.000415471382439, 0.000652783492114, 0.000722791010048, 0.00136640947312, 0.000690370041411, 0.000446948397439, 0.000512668048032, 0.000556190672796, 0.000480579707073, 0.00079550180817, 0.000390199827962, 0.000248315744102, 0.000185605691513, 0.000246948708082, 0.000200922499062, 2.57768570009e-05, 1.09207443089e-09],
        "min": [2.08104999899e-08, 1.11415320134e-05, 4.57339046989e-06, 3.90218065149e-06, 8.36261824588e-05, 3.89819542761e-05, 9.01464500203e-06, 1.26286176965e-05, 4.07108600484e-05, 2.08171531995e-05, 1.07796231532e-05, 2.24164868996e-05, 5.01924259879e-05, 0.000117960502394, 3.1950767152e-05, 6.39612480882e-05, 5.18826891494e-05, 6.19249112788e-05, 8.41827568365e-05, 0.000111887151434, 3.22951091221e-05, 1.23773243104e-05, 6.74977036397e-06, 5.21300080436e-06, 3.78787581212e-06, 2.33964136953e-08, 7.77451540646e-12],
        "var": [1.356802386e-07, 7.37373484299e-05, 4.2832140025e-05, 3.26834524458e-05, 4.05466653319e-06, 1.34768436055e-06, 2.12998293136e-06, 6.57037253404e-06, 1.43800234582e-05, 7.89526529843e-06, 5.33214006282e-06, 7.15556825526e-06, 1.91223216461e-06, 2.72361489806e-06, 5.02681700709e-07, 1.65122898466e-07, 5.23531923591e-07, 2.88997256348e-07, 1.1664381816e-07, 3.86191260304e-07, 1.13073411967e-07, 1.02115798484e-07, 1.34820552944e-07, 1.75576019501e-07, 1.14726638856e-07, 2.12706763314e-09, 6.22310998238e-15]
    },
    "erbbands": {
        "dmean": [0.106209509075, 0.932087123394, 3.39152288437, 8.04969501495, 7.64355707169, 3.32755994797, 5.36828660965, 5.71919202805, 7.84244298935, 11.9635515213, 19.4295291901, 31.7179756165, 33.9293518066, 26.5504703522, 23.6572284698, 26.1790771484, 26.4857692719, 34.4147567749, 35.8992195129, 19.911989212, 16.1469345093, 19.4696273804, 15.2103090286, 10.5347042084, 16.0907077789, 17.4423942566, 8.71332550049, 6.08284378052, 4.81209087372, 4.60339450836, 3.94028949738, 3.56616926193, 2.73074197769, 1.70685136318, 1.05810332298, 0.193270280957, 0.0267172157764, 0.00151660700794, 4.21891454607e-05, 1.37426923175e-05],
        "dmean2": [0.161575555801, 1.60728704929, 5.90794372559, 13.2005138397, 13.4625301361, 5.6367483139, 8.99530124664, 9.59552955627, 13.0423851013, 18.7888069153, 30.2186012268, 49.8721122742, 52.6173629761, 41.4632110596, 36.9760398865, 41.139289856, 42.8338241577, 54.2488517761, 58.9104919434, 32.8229789734, 27.004201889, 31.9003162384, 25.2547588348, 17.1682472229, 26.4654331207, 28.8042812347, 13.9327192307, 9.1977519989, 7.12420034409, 6.56286001205, 5.61277961731, 5.08206176758, 3.95989584923, 2.38319468498, 1.5644493103, 0.292769104242, 0.042595744133, 0.00247449078597, 6.23194355285e-05, 2.05390861083e-05],
        "dvar": [0.0638865381479, 3.33611917496, 49.1208686829, 163.677062988, 182.314956665, 25.7895832062, 53.0709724426, 56.8535232544, 104.252296448, 394.915618896, 1048.11865234, 3866.68896484, 3322.98486328, 2088.50878906, 1981.9576416, 2038.25634766, 1706.35021973, 1957.74511719, 1495.40258789, 508.030914307, 299.605621338, 892.303710938, 340.710754395, 162.083114624, 245.952011108, 370.965393066, 95.7535705566, 49.8919830322, 38.5844421387, 40.5629730225, 35.9127502441, 24.4656257629, 20.6154079437, 9.05448627472, 2.13657617569, 0.0985051319003, 0.00166768836789, 7.42407246435e-06, 3.85090004329e-09, 2.55304638541e-10],
        "dvar2": [0.127160325646, 9.14068126678, 141.842987061, 441.725402832, 515.88104248, 71.1606826782, 137.313659668, 148.554901123, 285.675842285, 895.688537598, 2273.92724609, 10015.2910156, 8114.82714844, 4803.51171875, 4176.27832031, 4014.83081055, 4143.40820312, 3698.59838867, 3857.47436523, 1200.078125, 753.733825684, 2319.99975586, 890.477355957, 389.664611816, 624.682495117, 1026.51330566, 237.835205078, 109.183746338, 90.7356796265, 80.2706832886, 75.6944351196, 55.0262985229, 48.3105926514, 20.2141780853, 4.96462440491, 0.240545585752, 0.00397714599967, 1.6938913177e-05, 8.4700051417e-09, 5.72664693443e-10],
        "max": [2.17613005638, 16.5663375854, 76.6351318359, 113.108154297, 93.4940872192, 50.5883674622, 100.748306274, 88.1033172607, 153.331832886, 487.410125732, 717.743896484, 792.840698242, 994.993225098, 800.980224609, 854.815551758, 1060.65661621, 666.044250488, 860.151611328, 390.052276611, 495.533416748, 280.865966797, 623.340942383, 348.454406738, 185.737579346, 150.386291504, 343.308898926, 133.557907104, 121.836608887, 96.2024154663, 113.1926651, 89.2802124023, 90.7518692017, 91.0998153687, 53.6784934998, 23.247297287, 5.55604457855, 0.497612208128, 0.0456663295627, 0.000940493366215, 0.000153126529767],
        "mean": [0.14255425334, 1.39672327042, 6.89608478546, 13.8189096451, 8.63054180145, 4.77769088745, 8.63938999176, 8.89262104034, 13.3386821747, 22.5875358582, 36.4309272766, 54.3253860474, 64.0148544312, 54.7485618591, 47.724521637, 57.5199203491, 57.1991004944, 71.7515182495, 69.7227554321, 41.7775001526, 33.7798843384, 40.673160553, 37.6057052612, 28.3406028748, 41.6627197266, 43.9406433105, 23.2811050415, 16.4026756287, 12.4507598877, 10.9245557785, 9.43191146851, 8.58835697174, 6.0093255043, 3.56423664093, 2.08037257195, 0.389742553234, 0.0412690266967, 0.00203238800168, 9.8714743217e-05, 5.84802364756e-05],
        "median": [0.0467890314758, 0.772728562355, 5.87360477448, 10.51359272, 3.72350215912, 2.93070340157, 5.1589717865, 5.96917009354, 9.75018978119, 10.8930072784, 18.4009819031, 26.8092803955, 31.8641338348, 27.5854625702, 23.5219345093, 25.5355491638, 39.0291404724, 53.1899986267, 53.888217926, 33.7172203064, 27.1014537811, 31.1395568848, 30.2644042969, 22.2658233643, 36.7201042175, 35.6917495728, 19.636095047, 12.5892477036, 8.66899967194, 6.45606231689, 5.23066997528, 5.37466716766, 3.54253053665, 1.93873381615, 1.54154622555, 0.289568483829, 0.0231827963144, 0.00103257526644, 7.43838099879e-05, 5.51891644136e-05],
        "min": [0.00029837017064, 0.00254846434109, 0.00898342952132, 0.0191327594221, 0.0599297508597, 0.242002740502, 0.224479421973, 0.364358097315, 0.295091539621, 0.53828805685, 0.419422417879, 1.03823876381, 1.36909079552, 1.77229404449, 2.17638802528, 2.46088194847, 3.68493533134, 6.21954679489, 4.07762098312, 2.90036892891, 4.51998329163, 4.13070106506, 4.49131298065, 4.40520524979, 5.51438426971, 5.4762878418, 1.91559708118, 0.952694714069, 0.515467941761, 0.283109217882, 0.170381322503, 0.159548133612, 0.0528190247715, 0.0404283218086, 0.0206422600895, 0.00544411409646, 0.00015114028065, 1.31499546114e-05, 9.80891127256e-06, 9.2243499239e-06],
        "var": [0.0862493515015, 3.57564997673, 41.4143447876, 178.834793091, 172.21081543, 30.9821414948, 96.6418609619, 83.6087112427, 183.34085083, 1367.40356445, 3254.06152344, 8423.59277344, 8688.24707031, 7333.85302734, 6288.22216797, 7694.43945312, 3734.73291016, 5166.59570312, 2869.89111328, 1106.88024902, 623.742980957, 1824.99047852, 852.827148438, 430.464385986, 535.298950195, 950.579650879, 244.55696106, 180.257583618, 128.498138428, 133.4087677, 104.905067444, 75.5924835205, 51.3627090454, 20.7947673798, 4.27236795425, 0.164203375578, 0.00272325472906, 1.03280390249e-05, 7.5140125233e-09, 5.44247091838e-10]
    },
    "gfcc": {
        "mean": [67.8792190552, 73.927734375, -132.913131714, 45.4921302795, -62.2449417114, 33.0006446838, -39.0782623291, 19.4966526031, -30.2424659729, 5.9322552681, -17.9167709351, -11.6787958145, -11.7930011749],
        "cov": [[664.557006836, -197.413391113, 189.291854858, -21.7584762573, -116.70450592, 55.366607666, -60.8819961548, 12.8196382523, -50.6972198486, -31.8623561859, -95.6914291382, 3.39354515076, -61.7236671448], [-197.413391113, 495.908325195, -79.4995956421, 14.9276647568, 192.579650879, -49.716835022, 151.526199341, 22.2677021027, 40.8120498657, -9.26674175262, 38.8230018616, -62.9811325073, 27.2459449768], [189.291854858, -79.4995956421, 202.593566895, 60.2477455139, -8.47455692291, 32.2041664124, -49.3455924988, 0.333488285542, -13.3910045624, 0.311349719763, -38.4596252441, 0.758133709431, -19.3031768799], [-21.7584762573, 14.9276647568, 60.2477455139, 229.256576538, 91.1465911865, 3.97664952278, -28.5038223267, -20.81224823, 37.8421783447, -4.40127754211, 4.18914413452, -34.2107582092, 25.4861221313], [-116.70450592, 192.579650879, -8.47455692291, 91.1465911865, 196.797546387, 5.27755641937, 71.1457138062, 15.7469987869, 26.4106273651, 18.3698215485, 13.8811569214, -28.6170368195, 20.9526309967], [55.366607666, -49.716835022, 32.2041664124, 3.97664952278, 5.27755641937, 110.173461914, 37.5250930786, 12.7834119797, 2.32722592354, -5.92057752609, 1.6646925211, -0.344564676285, 0.638149559498], [-60.8819961548, 151.526199341, -49.3455924988, -28.5038223267, 71.1457138062, 37.5250930786, 140.181427002, 46.4171447754, 15.5201234818, 0.770961821079, 16.6988964081, -11.4095830917, 2.1424574852], [12.8196382523, 22.2677021027, 0.333488285542, -20.81224823, 15.7469987869, 12.7834119797, 46.4171447754, 69.5531845093, 20.715719223, 14.0559282303, 6.52491426468, -0.529711782932, 4.26045703888], [-50.6972198486, 40.8120498657, -13.3910045624, 37.8421783447, 26.4106273651, 2.32722592354, 15.5201234818, 20.715719223, 65.4051589966, 25.8361492157, 13.5354642868, -12.9441289902, 9.93176269531], [-31.8623561859, -9.26674175262, 0.311349719763, -4.40127754211, 18.3698215485, -5.92057752609, 0.770961821079, 14.0559282303, 25.8361492157, 60.0208740234, 20.6653518677, 9.72075080872, 2.16311335564], [-95.6914291382, 38.8230018616, -38.4596252441, 4.18914413452, 13.8811569214, 1.6646925211, 16.6988964081, 6.52491426468, 13.5354642868, 20.6653518677, 61.6976394653, 19.0744361877, 17.8611660004], [3.39354515076, -62.9811325073, 0.758133709431, -34.2107582092, -28.6170368195, -0.344564676285, -11.4095830917, -0.529711782932, -12.9441289902, 9.72075080872, 19.0744361877, 62.3013381958, 13.1090927124], [-61.7236671448, 27.2459449768, -19.3031768799, 25.4861221313, 20.9526309967, 0.638149559498, 2.1424574852, 4.26045703888, 9.93176269531, 2.16311335564, 17.8611660004, 13.1090927124, 54.0055160522]],
        "icov": [[0.00316941342317, -0.0014815897448, -0.000870112737175, -0.00156755489297, 0.00259724701755, -0.00251131923869, 0.00159177009482, -0.00280669610947, 0.00239495327696, -0.00141934794374, 0.00467664003372, -0.00233700522222, 0.00261586089619], [-0.0014815897448, 0.0138749117032, -0.00601900508627, 0.00929180439562, -0.0112568000332, 0.0134068774059, -0.0129828844219, 0.00994984060526, -0.0100529501215, 0.0120041901246, -0.0144951520488, 0.0141722876579, -0.00856879539788], [-0.000870112737175, -0.00601900508627, 0.0125357601792, -0.00760587584227, 0.00411180546507, -0.00885127857327, 0.00896195974201, -0.00751442322508, 0.0072551430203, -0.00800770707428, 0.0103489188477, -0.00873777363449, 0.0065435259603], [-0.00156755489297, 0.00929180439562, -0.00760587584227, 0.0166689604521, -0.0127629311755, 0.00902905873954, -0.00500156451017, 0.0103094372898, -0.0136428494006, 0.013200477697, -0.014124372974, 0.013504399918, -0.00946061499417], [0.00259724701755, -0.0112568000332, 0.00411180546507, -0.0127629311755, 0.0204535517842, -0.00963160768151, 0.00319553446025, -0.00776349427179, 0.0115710552782, -0.0152916470543, 0.0142108332366, -0.00929911155254, 0.00484617426991], [-0.00251131923869, 0.0134068774059, -0.00885127857327, 0.00902905873954, -0.00963160768151, 0.0252235177904, -0.0180870909244, 0.0114878695458, -0.0110153974965, 0.0129650626332, -0.0166443064809, 0.0141960605979, -0.0102433850989], [0.00159177009482, -0.0129828844219, 0.00896195974201, -0.00500156451017, 0.00319553446025, -0.0180870909244, 0.0297833960503, -0.0179074611515, 0.00794771593064, -0.00613576360047, 0.011088848114, -0.0125617031008, 0.0113038010895], [-0.00280669610947, 0.00994984060526, -0.00751442322508, 0.0103094372898, -0.00776349427179, 0.0114878695458, -0.0179074611515, 0.0314949527383, -0.0149807929993, 0.00643073581159, -0.012282432057, 0.0113835232332, -0.0108801536262], [0.00239495327696, -0.0100529501215, 0.0072551430203, -0.0136428494006, 0.0115710552782, -0.0110153974965, 0.00794771593064, -0.0149807929993, 0.0354518964887, -0.0213109590113, 0.0122064501047, -0.00537871895358, 0.0049503785558], [-0.00141934794374, 0.0120041901246, -0.00800770707428, 0.013200477697, -0.0152916470543, 0.0129650626332, -0.00613576360047, 0.00643073581159, -0.0213109590113, 0.0385848209262, -0.0213022101671, 0.00842792913318, -0.00388126727194], [0.00467664003372, -0.0144951520488, 0.0103489188477, -0.014124372974, 0.0142108332366, -0.0166443064809, 0.011088848114, -0.012282432057, 0.0122064501047, -0.0213022101671, 0.0451906099916, -0.0240306518972, 0.00773041741922], [-0.00233700522222, 0.0141722876579, -0.00873777363449, 0.013504399918, -0.00929911155254, 0.0141960605979, -0.0125617031008, 0.0113835232332, -0.00537871895358, 0.00842792913318, -0.0240306518972, 0.0402252785861, -0.0174416210502], [0.00261586089619, -0.00856879539788, 0.0065435259603, -0.00946061499417, 0.00484617426991, -0.0102433850989, 0.0113038010895, -0.0108801536262, 0.0049503785558, -0.00388126727194, 0.00773041741922, -0.0174416210502, 0.0322056561708]]
    },
    "melbands": {
        "dmean": [0.000952360627707, 0.00150473392569, 0.00138024741318, 0.000338164856657, 0.000177021938725, 0.000130977496156, 0.000115579081466, 0.000145944111864, 0.000175253808266, 0.000200868205866, 0.000177122856257, 0.000119048338092, 8.89509319677e-05, 8.42048393679e-05, 6.95071430528e-05, 6.11843424849e-05, 7.38528833608e-05, 7.65752774896e-05, 3.1920379115e-05, 2.01535112865e-05, 2.05007800105e-05, 2.2537788027e-05, 1.71563460754e-05, 1.53634755407e-05, 8.87703299668e-06, 9.47188163991e-06, 1.74690740096e-05, 1.14858903544e-05, 6.14258578935e-06, 4.98142799188e-06, 3.72621866518e-06, 3.15404849971e-06, 2.77950152849e-06, 2.80380049844e-06, 2.42921464633e-06, 2.59385069512e-06, 2.29760894399e-06, 2.13965449802e-06, 1.72384329744e-06, 1.55278974034e-06],
        "dmean2": [0.00149963074364, 0.00263540353626, 0.00228210445493, 0.000598485115916, 0.000292609794997, 0.000219241555897, 0.000188754318515, 0.000232742284425, 0.000277082173852, 0.000315493700327, 0.000273441633908, 0.000186954537639, 0.000131896857056, 0.000132848887006, 0.000112227833597, 9.6866999229e-05, 0.00011723593343, 0.000126289960463, 5.32053418283e-05, 3.36558478011e-05, 3.44569889421e-05, 3.69559857063e-05, 2.80416043097e-05, 2.58249710896e-05, 1.46817674249e-05, 1.55814723257e-05, 2.89429754048e-05, 1.90415485122e-05, 9.88266037893e-06, 8.01688202046e-06, 5.72888848183e-06, 4.80527251057e-06, 4.19187790612e-06, 4.08649520978e-06, 3.55204451807e-06, 3.92763422497e-06, 3.41553641192e-06, 3.22544269693e-06, 2.54098063124e-06, 2.30544742408e-06],
        "dvar": [4.29066585639e-06, 8.93109881872e-06, 4.63943297291e-06, 3.37049954169e-07, 5.15624805075e-08, 2.91264274921e-08, 2.14571187485e-08, 5.45938654284e-08, 7.48180610799e-08, 1.32653141804e-07, 8.80255512925e-08, 3.84409695187e-08, 2.8849330036e-08, 2.97145152928e-08, 9.00994479025e-09, 1.03485975345e-08, 8.30264390572e-09, 7.97173793643e-09, 1.30654786989e-09, 4.87603513122e-10, 5.69237879056e-10, 1.14300879872e-09, 5.34107535977e-10, 2.81668688373e-10, 1.31429644945e-10, 8.55877452244e-11, 3.32357974475e-10, 1.66998526119e-10, 4.73266772993e-11, 3.31752403326e-11, 2.30611744978e-11, 1.73698954525e-11, 1.32912543818e-11, 1.65400297625e-11, 1.34097411994e-11, 1.3476143812e-11, 1.01246233619e-11, 1.26326275829e-11, 9.18815371009e-12, 7.06498444816e-12],
        "dvar2": [9.42506903812e-06, 2.56476978393e-05, 1.24657199194e-05, 9.66441689343e-07, 1.34274614538e-07, 7.67362990928e-08, 5.47969740694e-08, 1.31611116672e-07, 1.71736104448e-07, 3.39663785098e-07, 2.16040874079e-07, 9.16482889579e-08, 5.24846655026e-08, 6.75313458487e-08, 2.04383177049e-08, 2.39634054822e-08, 1.63068687442e-08, 2.0984671778e-08, 3.34426242254e-09, 1.15488385521e-09, 1.38358391411e-09, 2.91056045931e-09, 1.47769463332e-09, 7.18833048641e-10, 3.11855596902e-10, 2.21826265689e-10, 8.74352978908e-10, 4.6040624091e-10, 1.21897589245e-10, 7.89340676155e-11, 5.24275622915e-11, 4.28478710846e-11, 3.08967990081e-11, 3.43158036709e-11, 2.84670498979e-11, 3.20016894928e-11, 2.31384009175e-11, 3.06015594809e-11, 2.12676647127e-11, 1.62697424977e-11],
        "max": [0.0200391300023, 0.032093167305, 0.0173796173185, 0.00445321993902, 0.00328672630712, 0.00220193830319, 0.00211479328573, 0.00460913265124, 0.00497976038605, 0.00470137549564, 0.00481460755691, 0.00314728636295, 0.00338257895783, 0.00323242507875, 0.0015365408035, 0.00169383978937, 0.00163526902907, 0.00097087334143, 0.000718610011972, 0.000448715669336, 0.000434315064922, 0.000595248653553, 0.000402940640924, 0.000227528667892, 0.000173274616827, 0.000109089232865, 0.000196727414732, 0.000228535471251, 9.5291485195e-05, 0.000110771783511, 9.91510678432e-05, 7.28688828531e-05, 4.82967516291e-05, 7.73967549321e-05, 4.9432303058e-05, 5.02238581248e-05, 6.11444629612e-05, 7.3944516771e-05, 4.35056754213e-05, 4.38319875684e-05],
        "mean": [0.00140864681453, 0.00309124379419, 0.00229129125364, 0.00041213593795, 0.000290166557534, 0.000208413475775, 0.000202764262212, 0.000271109165624, 0.00032117991941, 0.000340336438967, 0.00032478151843, 0.000235571496887, 0.000157356291311, 0.000173056731001, 0.000137473354698, 0.000119690877909, 0.000140954347444, 0.000130972708575, 6.28376583336e-05, 3.98681186198e-05, 3.82236430596e-05, 4.21717049903e-05, 3.59164769179e-05, 3.40015612892e-05, 2.08261481021e-05, 2.38575594267e-05, 3.872036541e-05, 2.62656940322e-05, 1.42738354043e-05, 1.18760717669e-05, 8.77657112142e-06, 7.28553777662e-06, 6.19897173237e-06, 5.98917176831e-06, 5.23004473507e-06, 5.67557071918e-06, 5.09039409735e-06, 4.41672455054e-06, 3.33828620569e-06, 2.95554627883e-06],
        "median": [0.000578211038373, 0.00264766835608, 0.00169092719443, 0.000191504106624, 0.000185867029359, 0.000140256568557, 0.00014186174667, 0.000120995842735, 0.000169379854924, 0.000160498690093, 0.000147927421494, 0.000114923415822, 7.33401902835e-05, 5.51044504391e-05, 8.60109794303e-05, 7.2676455602e-05, 0.000103210077214, 9.29712550715e-05, 4.84959382447e-05, 3.21638763126e-05, 2.89321887976e-05, 3.04057557514e-05, 2.71715289273e-05, 2.64165337285e-05, 1.56183050422e-05, 2.11427122849e-05, 3.28719906975e-05, 2.06431977858e-05, 1.18868183563e-05, 9.40152131079e-06, 6.16594161329e-06, 4.9461823437e-06, 4.08711730415e-06, 3.30647685587e-06, 2.65180051429e-06, 3.60584226655e-06, 3.17027274832e-06, 2.61021796177e-06, 1.69743032075e-06, 1.62509081747e-06],
        "min": [2.93488437819e-06, 9.62173544394e-06, 3.60084391104e-06, 8.65759466251e-06, 9.71708504949e-06, 8.07152082416e-06, 3.20542790178e-06, 4.13784709963e-06, 3.64448214896e-06, 4.96120537719e-06, 4.37234393758e-06, 6.08287973591e-06, 5.61379010833e-06, 3.25444739246e-06, 4.91518949275e-06, 5.18563410878e-06, 9.6608473541e-06, 3.94142989535e-06, 2.760938969e-06, 3.6153446672e-06, 4.40755957243e-06, 3.28525084115e-06, 3.90304967368e-06, 2.44774651037e-06, 2.19786443267e-06, 2.82776932181e-06, 3.18450315717e-06, 2.35980064645e-06, 8.04229387086e-07, 5.39153916179e-07, 4.55760925888e-07, 2.6100337891e-07, 1.1514320164e-07, 9.85116486163e-08, 6.52947420576e-08, 1.06862664495e-07, 7.51159205947e-08, 1.23022561027e-08, 2.82911472027e-08, 4.97766539098e-09],
