{
"highlevel": {
    "danceability": {
        "all": {
            "danceable": 0.699533104897,
            "not_danceable": 0.300466865301
        },
        "probability": 0.699533104897,
        "value": "danceable"
    },
    "gender": {
        "all": {
            "female": 0.0636453106999,
            "male": 0.936354696751
        },
        "probability": 0.936354696751,
        "value": "male"
    },
    "genre_dortmund": {
        "all": {
            "alternative": 0.0781042948365,
            "blues": 0.0798850059509,
            "electronic": 0.00115894700866,
            "folkcountry": 0.526319503784,
            "funksoulrnb": 0.026829669252,
            "jazz": 0.103066749871,
            "pop": 0.0777606219053,
            "raphiphop": 0.000744490418583,
            "rock": 0.106130741537
        },
        "probability": 0.526319503784,
        "value": "folkcountry"
    },
    "genre_electronic": {
        "all": {
            "ambient": 0.918453037739,
            "dnb": 0.0285464692861,
            "house": 0.0317453294992,
            "techno": 0.00310365762562,
            "trance": 0.0181514900178
        },
        "probability": 0.918453037739,
        "value": "ambient"
    },
    "genre_rosamerica": {
        "all": {
            "cla": 0.237789183855,
            "dan": 0.0115675721318,
            "hip": 0.00535795791075,
            "jaz": 0.0855777189136,
            "pop": 0.201862215996,
            "rhy": 0.120200537145,
            "roc": 0.275235652924,
            "spe": 0.0624091513455
        },
        "probability": 0.275235652924,
        "value": "roc"
    },
    "genre_tzanetakis": {
        "all": {
            "blu": 0.0626541376114,
            "cla": 0.0348133966327,
            "cou": 0.0783501937985,
            "dis": 0.104547761381,
            "hip": 0.15693578124,
            "jaz": 0.313987255096,
            "met": 0.044816005975,
            "pop": 0.0627349764109,
            "reg": 0.0627352520823,
            "roc": 0.0784252434969
        },
        "probability": 0.313987255096,
        "value": "jaz"
    },
    "ismir04_rhythm": {
        "all": {
            "ChaChaCha": 0.0477355830371,
            "Jive": 0.0162913035601,
            "Quickstep": 0.341159790754,
            "Rumba-American": 0.0287404004484,
            "Rumba-International": 0.0793163925409,
            "Rumba-Misc": 0.0263687800616,
            "Samba": 0.0281890369952,
            "Tango": 0.0836537256837,
            "VienneseWaltz": 0.206483200192,
            "Waltz": 0.142061799765
        },
        "probability": 0.341159790754,
        "value": "Quickstep"
    },
    "mood_acoustic": {
        "all": {
            "acoustic": 0.91107749939,
            "not_acoustic": 0.0889225080609
        },
        "probability": 0.91107749939,
        "value": "acoustic"
    },
    "mood_aggressive": {
        "all": {
            "aggressive": 0.0142766861245,
            "not_aggressive": 0.985723316669
        },
        "probability": 0.985723316669,
        "value": "not_aggressive"
    },
    "mood_electronic": {
        "all": {
            "electronic": 0.034273289144,
            "not_electronic": 0.965726733208
        },
        "probability": 0.965726733208,
        "value": "not_electronic"
    },
    "mood_happy": {
        "all": {
            "happy": 0.611209750175,
            "not_happy": 0.388790279627
        },
        "probability": 0.611209750175,
        "value": "happy"
    },
    "mood_party": {
        "all": {
            "not_party": 0.96241414547,
            "party": 0.0375858359039
        },
        "probability": 0.96241414547,
        "value": "not_party"
    },
    "mood_relaxed": {
        "all": {
            "not_relaxed": 0.227027088404,
            "relaxed": 0.772972881794
        },
        "probability": 0.772972881794,
        "value": "relaxed"
    },
    "mood_sad": {
        "all": {
            "not_sad": 0.149490833282,
            "sad": 0.850509166718
        },
        "probability": 0.850509166718,
        "value": "sad"
    },
    "moods_mirex": {
        "all": {
            "Cluster1": 0.128294676542,
            "Cluster2": 0.208343967795,
            "Cluster3": 0.451929241419,
            "Cluster4": 0.203986138105,
            "Cluster5": 0.00744597660378
        },
        "probability": 0.451929241419,
        "value": "Cluster3"
    },
    "timbre": {
        "all": {
            "bright": 0.977517127991,
            "dark": 0.022482894361
        },
        "probability": 0.977517127991,
        "value": "bright"
    },
    "tonal_atonal": {
        "all": {
            "atonal": 0.00259963003919,
            "tonal": 0.997400343418
        },
        "probability": 0.997400343418,
        "value": "tonal"
    },
    "voice_instrumental": {
        "all": {
            "instrumental": 0.023568470031,
            "voice": 0.976431548595
        },
        "probability": 0.976431548595,
        "value": "voice"
    }
},
"lowlevel": {
    "average_loudness": 0.950784862041,
    "barkbands_crest": {
        "dmean": 1.94537520409,
        "dmean2": 3.06238746643,
        "dvar": 3.75412344933,
        "dvar2": 9.8057975769,
        "max": 21.8291282654,
        "mean": 9.29243373871,
        "median": 8.74500846863,
        "min": 3.66079163551,
        "var": 10.1790828705
    },
    "barkbands_flatness_db": {
        "dmean": 0.0227663945407,
        "dmean2": 0.0310429483652,
        "dvar": 0.00088465452427,
        "dvar2": 0.00137410021853,
        "max": 0.509567379951,
        "mean": 0.184928715229,
        "median": 0.166275337338,
        "min": 0.0867061465979,
        "var": 0.00488488283008
    },
    "barkbands_kurtosis": {
        "dmean": 2.32936573029,
        "dmean2": 3.61106753349,
        "dvar": 11.151219368,
        "dvar2": 26.4317569733,
        "max": 36.8533172607,
        "mean": 3.74984169006,
        "median": 2.22019529343,
        "min": -1.92563343048,
        "var": 23.8460731506
    },
    "barkbands_skewness": {
        "dmean": 0.446717768908,
        "dmean2": 0.67414855957,
        "dvar": 0.248100280762,
        "dvar2": 0.530547678471,
        "max": 4.5308880806,
        "mean": 1.2516232729,
        "median": 1.22050583363,
        "min": -1.93938529491,
        "var": 1.0183672905
    },
    "barkbands_spread": {
        "dmean": 3.67063760757,
        "dmean2": 5.24329042435,
        "dvar": 32.6541633606,
        "dvar2": 63.4407615662,
        "max": 106.044578552,
        "mean": 15.2195215225,
        "median": 13.2980823517,
        "min": 1.11550188065,
        "var": 117.528907776
    },
    "dissonance": {
        "dmean": 0.034322347492,
        "dmean2": 0.0543582849205,
        "dvar": 0.00110092724208,
        "dvar2": 0.00265606562607,
        "max": 0.496829301119,
        "mean": 0.407601982355,
        "median": 0.425261497498,
        "min": 0.0928411856294,
        "var": 0.00484681176022
    },
    "dynamic_complexity": 1.9923915863,
    "erbbands_crest": {
        "dmean": 2.57587981224,
        "dmean2": 3.89672756195,
        "dvar": 6.0430226326,
        "dvar2": 14.2331037521,
        "max": 31.2257328033,
        "mean": 11.8604736328,
        "median": 10.8905687332,
        "min": 3.72829413414,
        "var": 20.2224826813
    },
    "erbbands_flatness_db": {
        "dmean": 0.0185060929507,
        "dmean2": 0.0252436213195,
        "dvar": 0.000665025785565,
        "dvar2": 0.00106972723734,
        "max": 0.509023964405,
        "mean": 0.210590571165,
        "median": 0.200749456882,
        "min": 0.0942932888865,
        "var": 0.00366082112305
    },
    "erbbands_kurtosis": {
        "dmean": 1.80194795132,
        "dmean2": 2.71067380905,
        "dvar": 12.2582530975,
        "dvar2": 27.1325302124,
        "max": 52.6270980835,
        "mean": 2.23829054832,
        "median": 0.797393083572,
        "min": -1.81542026997,
        "var": 25.6556873322
    },
    "erbbands_skewness": {
        "dmean": 0.461720526218,
        "dmean2": 0.679705142975,
        "dvar": 0.317687511444,
        "dvar2": 0.655299127102,
        "max": 5.72085285187,
        "mean": 0.719642877579,
        "median": 0.735630512238,
        "min": -3.54937052727,
        "var": 0.933663725853
    },
    "erbbands_spread": {
        "dmean": 6.03071165085,
        "dmean2": 8.27199172974,
        "dvar": 66.7622680664,
        "dvar2": 111.610321045,
        "max": 131.443603516,
        "mean": 27.9189872742,
        "median": 24.8889045715,
        "min": 1.07454478741,
        "var": 298.238311768
    },
    "hfc": {
        "dmean": 4.27528858185,
        "dmean2": 5.94332265854,
        "dvar": 29.3617992401,
        "dvar2": 54.8551139832,
        "max": 96.3947525024,
        "mean": 21.2930736542,
        "median": 19.7320327759,
        "min": 0.447735011578,
        "var": 167.260757446
    },
    "melbands_crest": {
        "dmean": 2.45212244987,
        "dmean2": 3.84029960632,
        "dvar": 6.18171644211,
        "dvar2": 15.7165699005,
        "max": 28.3711738586,
        "mean": 11.9592142105,
        "median": 11.2073831558,
        "min": 4.75448226929,
        "var": 17.4196186066
    },
    "melbands_flatness_db": {
        "dmean": 0.0274874866009,
        "dmean2": 0.0347708798945,
        "dvar": 0.00139022280928,
        "dvar2": 0.00199021305889,
        "max": 0.642170786858,
        "mean": 0.233127608895,
        "median": 0.210953459144,
        "min": 0.113407090306,
        "var": 0.00768300890923
    },
    "melbands_kurtosis": {
        "dmean": 3.57167649269,
        "dmean2": 5.58250570297,
        "dvar": 26.491607666,
        "dvar2": 63.2708358765,
        "max": 51.7561302185,
        "mean": 7.54251337051,
        "median": 4.88012981415,
        "min": -1.55505943298,
        "var": 70.1032180786
    },
    "melbands_skewness": {
        "dmean": 0.467661768198,
        "dmean2": 0.687987923622,
        "dvar": 0.267973601818,
        "dvar2": 0.55019402504,
        "max": 5.69914150238,
        "mean": 1.73135924339,
        "median": 1.56303119659,
        "min": -1.50611627102,
        "var": 1.48973214626
    },
    "melbands_spread": {
        "dmean": 4.40454006195,
        "dmean2": 6.20302295685,
        "dvar": 29.0239181519,
        "dvar2": 56.8699951172,
        "max": 90.5810241699,
        "mean": 18.6251430511,
        "median": 15.5999469757,
        "min": 1.14779984951,
        "var": 138.648147583
    },
    "pitch_salience": {
        "dmean": 0.0526743419468,
        "dmean2": 0.0818091481924,
        "dvar": 0.00213404116221,
        "dvar2": 0.00527058495209,
        "max": 0.794974684715,
        "mean": 0.566674351692,
        "median": 0.571696639061,
        "min": 0.299741625786,
        "var": 0.00727243721485
    },
    "silence_rate_20dB": {
        "dmean": 0,
        "dmean2": 0,
        "dvar": 0,
        "dvar2": 0,
        "max": 1,
        "mean": 1,
        "median": 1,
        "min": 1,
        "var": 0
    },
    "silence_rate_30dB": {
        "dmean": 0,
        "dmean2": 0,
        "dvar": 0,
        "dvar2": 0,
        "max": 1,
        "mean": 1,
        "median": 1,
        "min": 1,
        "var": 0
    },
    "silence_rate_60dB": {
        "dmean": 0.0061919502914,
        "dmean2": 0.0123934932053,
        "dvar": 0.0061535849236,
        "dvar2": 0.0122398780659,
        "max": 1,
        "mean": 0.0216550659388,
        "median": 0,
        "min": 0,
        "var": 0.0211861953139
    },
    "spectral_centroid": {
        "dmean": 173.825836182,
        "dmean2": 238.219818115,
        "dvar": 46534.1367188,
        "dvar2": 88010.6328125,
        "max": 3641.48950195,
        "mean": 984.600830078,
        "median": 864.883911133,
        "min": 179.154067993,
        "var": 223222.296875
    },
    "spectral_complexity": {
        "dmean": 2.24535608292,
        "dmean2": 3.47327661514,
        "dvar": 6.7454791069,
        "dvar2": 13.2872648239,
        "max": 40,
        "mean": 15.2598609924,
        "median": 15,
        "min": 2,
        "var": 38.3996353149
    },
    "spectral_decrease": {
        "dmean": 1.29570321139e-09,
        "dmean2": 1.99458050076e-09,
        "dvar": 2.08211120911e-18,
        "dvar2": 5.28289113888e-18,
        "max": -3.32940813808e-10,
        "mean": -7.19618498124e-09,
        "median": -7.06758296332e-09,
        "min": -1.83620247896e-08,
        "var": 1.26957723551e-17
    },
    "spectral_energy": {
        "dmean": 0.00513843540102,
        "dmean2": 0.00788394361734,
        "dvar": 3.2220967114e-05,
        "dvar2": 8.0309342593e-05,
        "max": 0.0710367485881,
        "mean": 0.0290914066136,
        "median": 0.0286626443267,
        "min": 0.0015408397885,
        "var": 0.000203851173865
    },
    "spectral_energyband_high": {
        "dmean": 0.000170454077306,
        "dmean2": 0.000236673891777,
        "dvar": 1.8725656048e-07,
        "dvar2": 3.54055288199e-07,
        "max": 0.0076320329681,
        "mean": 0.000423359655542,
        "median": 0.000229903569561,
        "min": 1.34423627784e-08,
        "var": 4.21223404601e-07
    },
    "spectral_energyband_low": {
        "dmean": 0.00110388535541,
        "dmean2": 0.00183838384692,
        "dvar": 4.38394317825e-06,
        "dvar2": 1.30105072458e-05,
        "max": 0.0292803496122,
        "mean": 0.0032406100072,
        "median": 0.00235218787566,
        "min": 1.59641570008e-06,
        "var": 8.62323486217e-06
    },
    "spectral_energyband_middle_high": {
        "dmean": 0.00164476898499,
        "dmean2": 0.00227472023107,
        "dvar": 4.98156350659e-06,
        "dvar2": 9.56795975071e-06,
        "max": 0.0315080173314,
        "mean": 0.00592337641865,
        "median": 0.00468600494787,
        "min": 9.46322188611e-07,
        "var": 2.65484923148e-05
    },
    "spectral_energyband_middle_low": {
        "dmean": 0.00475014606491,
        "dmean2": 0.00729587674141,
        "dvar": 2.95955342153e-05,
        "dvar2": 7.69419566495e-05,
        "max": 0.0672887191176,
        "mean": 0.0206240508705,
        "median": 0.0193219780922,
        "min": 0.000430862914072,
        "var": 0.000157973874593
    },
    "spectral_entropy": {
        "dmean": 0.226851567626,
        "dmean2": 0.316593438387,
        "dvar": 0.0813666582108,
        "dvar2": 0.132033213973,
        "max": 8.42614555359,
        "mean": 6.94483423233,
        "median": 7.09069156647,
        "min": 4.51711416245,
        "var": 0.393594205379
    },
    "spectral_flux": {
        "dmean": 0.024886701256,
        "dmean2": 0.0388822890818,
        "dvar": 0.000503967748955,
        "dvar2": 0.00118377688341,
        "max": 0.215790048242,
        "mean": 0.0742210745811,
        "median": 0.069019459188,
        "min": 0.00291661848314,
        "var": 0.00154924357776
    },
    "spectral_kurtosis": {
        "dmean": 6.20819044113,
        "dmean2": 9.29419136047,
        "dvar": 414.031890869,
        "dvar2": 850.684448242,
        "max": 321.518676758,
        "mean": 11.7858228683,
        "median": 5.08067512512,
        "min": -1.26310491562,
        "var": 964.653930664
    },
    "spectral_rms": {
        "dmean": 0.000469197897473,
        "dmean2": 0.000706816033926,
        "dvar": 2.43175151127e-07,
        "dvar2": 5.51394350623e-07,
        "max": 0.00832491088659,
        "mean": 0.00513884611428,
        "median": 0.00528805796057,
        "min": 0.00122607429512,
        "var": 1.97408780878e-06
    },
    "spectral_rolloff": {
        "dmean": 302.097717285,
        "dmean2": 527.022216797,
        "dvar": 573169.9375,
        "dvar2": 1376447.5,
        "max": 9022.41210938,
        "mean": 1197.73254395,
        "median": 947.4609375,
        "min": 129.19921875,
        "var": 945833.6875
    },
    "spectral_skewness": {
        "dmean": 0.466397494078,
        "dmean2": 0.673590242863,
        "dvar": 0.90306520462,
        "dvar2": 1.60694742203,
        "max": 14.2268571854,
        "mean": 2.21920490265,
        "median": 1.83444082737,
        "min": -0.306163996458,
        "var": 2.92888379097
    },
    "spectral_spread": {
        "dmean": 531364.625,
        "dmean2": 736147.9375,
        "dvar": 646389825536,
        "dvar2": 1.03165938893e+12,
        "max": 14181464,
        "mean": 4067092.5,
        "median": 3782986.5,
        "min": 290262.28125,
        "var": 2.82932989133e+12
    },
    "spectral_strongpeak": {
        "dmean": 0.709632813931,
        "dmean2": 1.17391049862,
        "dvar": 0.947332441807,
        "dvar2": 2.24396014214,
        "max": 10.5177984238,
        "mean": 1.64211988449,
        "median": 1.41783666611,
        "min": 0.0652379617095,
        "var": 1.60882437229
    },
    "zerocrossingrate": {
        "dmean": 0.00712467357516,
        "dmean2": 0.00821984186769,
        "dvar": 7.55222135922e-05,
        "dvar2": 8.29405980767e-05,
        "max": 0.2490234375,
        "mean": 0.0478013381362,
        "median": 0.044921875,
        "min": 0.005859375,
        "var": 0.000539219181519
    },
    "barkbands": {
        "dmean": [1.99128480745e-05, 0.000349893321982, 0.000499407586176, 0.000905663124286, 0.0021680095233, 0.000946295214817, 0.00166766217444, 0.00167323078495, 0.00086492835544, 0.00039767177077, 0.00030418051756, 0.000359517463949, 0.000498643436003, 0.000499457877595, 0.000435250956798, 0.000262709305389, 0.000244773633312, 0.000116514842375, 0.000148742736201, 0.000113167378004, 2.33582486544e-05, 6.04974629823e-05, 5.13937011419e-05, 3.84766208299e-05, 2.05597843888e-05, 3.49481274498e-06, 2.05175112455e-08],
        "dmean2": [3.51830713043e-05, 0.000592067197431, 0.000811392441392, 0.00144812196959, 0.00346923805773, 0.00144359434489, 0.00246826047078, 0.00252256332897, 0.00132099434268, 0.000584130641073, 0.000467282137834, 0.000516938976943, 0.000757037545554, 0.000736220332328, 0.000626688823104, 0.000382628088119, 0.000356084725354, 0.000179180293344, 0.000214054540265, 0.000172852087417, 3.50720547431e-05, 8.94666081876e-05, 7.15310816304e-05, 5.67670394958e-05, 2.99146468024e-05, 5.22809477843e-06, 3.14739203588e-08],
        "dvar": [1.49829115781e-09, 2.23102446739e-07, 1.1275436691e-06, 3.55184147338e-06, 1.46650590978e-05, 2.36731148107e-06, 9.07396770344e-06, 8.31761462905e-06, 2.92834920401e-06, 5.85896430039e-07, 4.44888911488e-07, 5.89084834246e-07, 1.31657554903e-06, 1.09043151042e-06, 9.77287527348e-07, 6.56744816752e-07, 3.77446582434e-07, 1.06225137131e-07, 7.35044167754e-08, 9.84686181482e-08, 1.22180852102e-08, 1.54453694279e-08, 1.67400155959e-08, 1.44201077745e-08, 5.3703632652e-09, 1.23960189335e-10, 3.75072423207e-14],
        "dvar2": [4.21896872993e-09, 7.15830140052e-07, 3.38154200108e-06, 9.62723242992e-06, 4.09851309087e-05, 5.69443955101e-06, 1.94360891328e-05, 1.76663270395e-05, 6.95551034369e-06, 1.1331268297e-06, 1.10529276753e-06, 1.23413190067e-06, 3.23574568029e-06, 2.32307047554e-06, 1.83658437436e-06, 1.33495154842e-06, 7.09917060249e-07, 2.1336985867e-07, 1.50886748429e-07, 2.19174978611e-07, 2.73657523309e-08, 3.31684226751e-08, 3.1896117747e-08, 2.99700424478e-08, 1.14199103507e-08, 2.47372539119e-10, 4.49223008781e-14],
        "max": [0.000397716707084, 0.00709051918238, 0.011460066773, 0.0233393833041, 0.0529799833894, 0.0198221169412, 0.0396320968866, 0.0284711383283, 0.0209737680852, 0.0105224987492, 0.0104437880218, 0.0122817475349, 0.0123004065827, 0.0136366859078, 0.0164437443018, 0.0165860466659, 0.0165586173534, 0.00725237233564, 0.00479093426839, 0.00466957781464, 0.00320777273737, 0.00199176091701, 0.00298697827384, 0.00260559469461, 0.00139328103978, 0.000232443679124, 6.50524225421e-06],
        "mean": [2.0654671971e-05, 0.00101972138509, 0.00126294686925, 0.00206868932582, 0.00521685322747, 0.00276989862323, 0.0043087513186, 0.0031633421313, 0.00268852105364, 0.000974674592726, 0.000542268564459, 0.00066630996298, 0.000844287569635, 0.000814861152321, 0.000808546727058, 0.000400665128836, 0.000497314205859, 0.000184454329428, 0.000268494273769, 0.000179375070729, 3.99976743211e-05, 0.000127126157167, 0.000113881542347, 6.6919325036e-05, 3.60762896889e-05, 6.75266346661e-06, 1.89577455956e-08],
        "median": [8.17545060272e-06, 0.000813589547761, 0.0008602112066, 0.000668447348289, 0.00330911623314, 0.00145660736598, 0.00244569452479, 0.00152016698848, 0.00134538207203, 0.000394346949179, 0.000137062743306, 0.000215728956391, 0.000160092429724, 0.000121344033687, 0.000147614773596, 9.80500553851e-05, 0.000184676973731, 7.43786076782e-05, 0.000123490768601, 5.04141244164e-05, 2.28655881074e-05, 6.24617387075e-05, 3.16614023177e-05, 3.34819451382e-05, 1.16580931717e-05, 2.0245822725e-06, 9.6179186837e-10],
        "min": [6.97182089837e-09, 8.06881246262e-08, 2.66368580526e-08, 1.9773128912e-08, 1.80839997483e-05, 2.67133486886e-07, 2.68514583013e-07, 3.19385122793e-07, 1.4489660316e-06, 2.1743285572e-07, 3.34707799254e-08, 5.57062449502e-08, 4.49879635767e-08, 4.96171921327e-08, 6.9460885932e-09, 4.23999413357e-09, 4.40847314209e-09, 1.58449242615e-09, 1.96268934438e-09, 9.88215731468e-10, 1.71953895567e-09, 1.77384684719e-09, 1.66185976092e-09, 1.58810187223e-09, 1.74652592388e-09, 7.57869988988e-10, 4.21033260339e-12],
        "var": [1.3896929163e-09, 6.04029821716e-07, 1.80855909093e-06, 9.75698094408e-06, 3.80203200621e-05, 1.06901379695e-05, 2.86911454168e-05, 1.77784113475e-05, 1.01328068922e-05, 2.19175126404e-06, 8.75856017046e-07, 1.62889114108e-06, 2.55934583038e-06, 2.64477512246e-06, 2.92481036013e-06, 1.33753349019e-06, 1.24462178519e-06, 1.79899814157e-07, 1.60183560638e-07, 1.93073660171e-07, 1.22326415664e-08, 3.28574998321e-08, 6.23597600224e-08, 2.02770724655e-08, 8.14350809009e-09, 2.91216523118e-10, 3.68375509675e-14]
    },
    "erbbands": {
        "dmean": [0.00502554513514, 0.0971448421478, 0.4566180408, 1.87570405006, 5.91931867599, 7.52646780014, 7.59210681915, 7.27629232407, 19.5707206726, 29.3127841949, 38.3706970215, 19.6933231354, 11.2947006226, 11.3994588852, 11.692735672, 14.5608386993, 18.3205184937, 28.2246303558, 22.8456039429, 16.2471065521, 10.8455228806, 11.2649993896, 6.93031263351, 4.1600356102, 9.52244949341, 4.42237997055, 0.954644083977, 1.19212853909, 2.33407783508, 1.57269120216, 1.57005989552, 1.00192451477, 0.557595551014, 0.317675322294, 0.100395850837, 0.027704814449, 0.00427840137854, 0.000244713533903, 9.97064944386e-06, 6.28108955425e-06],
        "dmean2": [0.00854685902596, 0.163533613086, 0.729543864727, 3.1136803627, 9.36432743073, 12.0443897247, 11.1701450348, 11.6543731689, 28.9756889343, 43.2788619995, 57.6184654236, 29.2779064178, 17.4428844452, 16.0588779449, 17.0195713043, 20.6172428131, 27.7104721069, 39.3753013611, 32.4613037109, 22.4280223846, 15.1076173782, 15.978302002, 10.2625837326, 6.2286772728, 13.839515686, 6.57740736008, 1.50616598129, 1.78798651695, 3.47378110886, 2.20145869255, 2.24206447601, 1.4278832674, 0.82396697998, 0.465327292681, 0.150378257036, 0.0407436564565, 0.00640443433076, 0.000376057229005, 1.45474696183e-05, 9.50521462073e-06],
        "dvar": [7.18287556083e-05, 0.0164627563208, 0.549216032028, 18.6918487549, 172.902160645, 154.571517944, 166.653656006, 181.855667114, 1672.63659668, 3544.25732422, 4803.04589844, 1494.46154785, 552.030883789, 479.096618652, 637.151855469, 910.49029541, 2233.09570312, 3322.06347656, 2743.61328125, 2227.57666016, 942.921630859, 577.718261719, 266.68951416, 52.4724311829, 369.663665771, 159.471359253, 31.6092720032, 14.2502193451, 23.424779892, 12.3740501404, 17.4184741974, 9.64415931702, 2.70127701759, 1.06874203682, 0.171133115888, 0.00855973549187, 0.000210747370147, 5.63580783819e-07, 1.21759724525e-09, 4.95516995491e-11],
        "dvar2": [0.000223364273552, 0.0520603656769, 1.56840002537, 54.1249046326, 455.123687744, 401.742370605, 372.32510376, 454.180053711, 3567.49755859, 8304.69238281, 10496.0009766, 3418.15405273, 1243.40551758, 852.35736084, 1456.52209473, 1749.86450195, 5673.84179688, 6735.69775391, 5334.70361328, 4407.09082031, 1666.70141602, 1071.97290039, 547.569946289, 119.137771606, 776.131164551, 364.225646973, 78.7862091064, 28.9822864532, 51.449760437, 23.9745998383, 34.8920516968, 19.4077796936, 5.87646245956, 2.31736588478, 0.372617125511, 0.0169865023345, 0.000435467576608, 1.18076229683e-06, 1.84339887799e-09, 1.13287171311e-10],
        "max": [0.147263661027, 1.77211606503, 7.31640291214, 63.4342689514, 196.830978394, 169.193603516, 209.430358887, 196.981964111, 538.872009277, 698.346435547, 704.746520996, 490.805541992, 426.963745117, 364.894134521, 424.71987915, 495.089324951, 587.143310547, 817.816223145, 712.64263916, 1093.24621582, 837.764404297, 779.218811035, 360.845153809, 107.238815308, 334.516937256, 230.23248291, 159.462799072, 96.1752090454, 71.0118179321, 71.6499252319, 79.8173904419, 73.0731658936, 29.1343078613, 18.9900188446, 7.99853897095, 1.71809780598, 0.370331704617, 0.0207530763, 0.000993414083496, 0.00012037230772],
        "mean": [0.0199708957225, 0.271689534187, 1.19908833504, 4.70468854904, 13.2174692154, 16.7201919556, 21.1136760712, 20.7726078033, 52.3497200012, 67.9207305908, 83.8978881836, 63.3481559753, 31.4778499603, 27.0406570435, 24.8470249176, 29.9955101013, 36.3700447083, 54.2927589417, 40.7415122986, 33.0902938843, 22.343706131, 24.5421638489, 13.2876367569, 8.45625686646, 17.1232566833, 7.6168422699, 1.63635730743, 2.29057955742, 4.74209594727, 3.53230166435, 3.39879441261, 1.8257266283, 0.950262546539, 0.554490923882, 0.169316291809, 0.0516961477697, 0.00828689523041, 0.000452123087598, 3.08534363285e-05, 3.5875786125e-05],
        "median": [0.00820868089795, 0.234097376466, 1.0502821207, 2.27194547653, 5.10205841064, 9.03895759583, 9.53782653809, 10.0041809082, 31.0636463165, 34.5480918884, 50.9582023621, 34.0857505798, 14.4365339279, 13.8302087784, 10.0860042572, 11.3608884811, 9.72026157379, 9.98861789703, 8.93677330017, 6.44426870346, 7.18856954575, 9.62923622131, 6.03665399551, 4.87947177887, 6.82227993011, 2.57183861732, 0.898245453835, 1.17721366882, 2.27108836174, 1.33892095089, 0.92212086916, 0.825856089592, 0.415607303381, 0.181716412306, 0.0528350993991, 0.0140636432916, 0.00275727245025, 0.000152683642227, 2.17095130211e-05, 3.55845149898e-05],
        "min": [2.30988844123e-05, 2.00896301976e-05, 5.00624773849e-05, 0.000372273934772, 0.00468031642959, 0.0364776365459, 0.00502061797306, 0.00503294076771, 0.0463022477925, 0.148031428456, 0.533348500729, 0.0813239067793, 0.0152829689905, 0.00962636992335, 0.00689256330952, 0.00310292141512, 0.00260514300317, 0.00272999913432, 0.00073244550731, 0.000212114362512, 0.000294236204354, 0.000297797727399, 0.000113662921649, 9.4186179922e-05, 8.54132667882e-05, 5.29229946551e-05, 9.18474106584e-05, 5.41512963537e-05, 6.54444447719e-05, 6.0473827034e-05, 4.72088031529e-05, 3.85819657822e-05, 3.29375980073e-05, 2.06040822377e-05, 1.5659878045e-05, 8.41317705635e-06, 4.21064487455e-06, 3.00340246895e-07, 1.00831880445e-06, 2.28923227041e-06],
        "var": [0.000696883304045, 0.0323871932924, 0.906881511211, 43.5412483215, 456.959777832, 453.011505127, 742.267028809, 827.290405273, 4621.15380859, 9266.97949219, 9913.17578125, 5750.39697266, 1778.31945801, 2068.52490234, 1584.36242676, 2902.43261719, 4551.08105469, 10184.1318359, 6556.08886719, 6706.61035156, 2571.97094727, 2126.20678711, 604.736328125, 128.373916626, 833.541564941, 309.093994141, 26.3854560852, 19.6423053741, 48.0561828613, 39.4273338318, 56.2862052917, 15.2978086472, 4.00188875198, 1.6498748064, 0.246730387211, 0.0181444678456, 0.000437492795754, 1.21576988477e-06, 1.97763405652e-09, 3.16376147502e-10]
    },
    "gfcc": {
        "mean": [-14.3140916824, 119.719619751, -119.342758179, 22.4408740997, -77.3050231934, 9.48426914215, -44.6563262939, 9.2561378479, -15.7883529663, -5.01837015152, -12.3142957687, -10.2088088989, -15.8347635269],
        "cov": [[5568.27783203, -1833.06506348, -1726.4666748, 596.208374023, -53.4056892395, 216.541091919, -791.758056641, -250.595565796, -400.112640381, 90.0531921387, -151.433700562, 277.428344727, -131.003753662], [-1833.06506348, 1383.88220215, 484.339508057, -438.195861816, 168.086486816, -251.563903809, 319.82144165, -59.6806297302, 129.122360229, -81.3411254883, 157.099578857, -119.742164612, 28.757068634], [-1726.4666748, 484.339508057, 1302.31262207, -86.4153060913, -191.985519409, -27.4357585907, 165.100082397, 172.282424927, 61.5708885193, -47.6213150024, -44.2044639587, -51.1206817627, 11.2875614166], [596.208374023, -438.195861816, -86.4153060913, 470.243164062, 33.0827789307, -6.59552383423, -194.963195801, -24.0219402313, -0.667960762978, 1.51488316059, -44.4624252319, 58.9524116516, 10.7831029892], [-53.4056892395, 168.086486816, -191.985519409, 33.0827789307, 287.697235107, -10.0509719849, -5.51242780685, -64.4155731201, -11.0659542084, -0.117810986936, 39.8264007568, -7.64693117142, 2.60359311104], [216.541091919, -251.563903809, -27.4357585907, -6.59552383423, -10.0509719849, 301.231628418, 91.3642272949, 37.9680976868, -84.0777282715, 33.5700492859, -8.39943122864, -33.3417358398, -35.8109397888], [-791.758056641, 319.82144165, 165.100082397, -194.963195801, -5.51242780685, 91.3642272949, 395.406188965, 102.216949463, -53.7625465393, -12.3065690994, 72.0421066284, -65.2535476685, -13.6295003891], [-250.595565796, -59.6806297302, 172.282424927, -24.0219402313, -64.4155731201, 37.9680976868, 102.216949463, 208.423660278, 14.7792758942, -18.3365287781, -18.0403289795, -28.4869022369, 1.6308658123], [-400.112640381, 129.122360229, 61.5708885193, -0.667960762978, -11.0659542084, -84.0777282715, -53.7625465393, 14.7792758942, 249.576919556, -10.4615278244, -66.304725647, -52.0815353394, 26.9032268524], [90.0531921387, -81.3411254883, -47.6213150024, 1.51488316059, -0.117810986936, 33.5700492859, -12.3065690994, -18.3365287781, -10.4615278244, 88.2081756592, 18.0659694672, -13.9070949554, 0.54848998785], [-151.433700562, 157.099578857, -44.2044639587, -44.4624252319, 39.8264007568, -8.39943122864, 72.0421066284, -18.0403289795, -66.304725647, 18.0659694672, 148.75428772, -1.42923879623, -13.5788021088], [277.428344727, -119.742164612, -51.1206817627, 58.9524116516, -7.64693117142, -33.3417358398, -65.2535476685, -28.4869022369, -52.0815353394, -13.9070949554, -1.42923879623, 139.680541992, 8.47849369049], [-131.003753662, 28.757068634, 11.2875614166, 10.7831029892, 2.60359311104, -35.8109397888, -13.6295003891, 1.6308658123, 26.9032268524, 0.54848998785, -13.5788021088, 8.47849369049, 88.839553833]],
        "icov": [[0.00119261583313, -0.00100406177808, 0.00184140144847, -0.0010838508606, 0.00170525640715, -0.00112939742394, 0.00234572263435, -0.00108845159411, 0.00245001702569, -0.000833449186757, 0.00203257263638, -0.000639641773887, 0.00149079784751], [-0.00100406177808, 0.00737845012918, -0.00418193312362, 0.00491749169305, -0.00572817726061, 0.00529021816328, -0.00548397842795, 0.00554730789736, -0.00499603152275, 0.00506360456347, -0.00645573996007, 0.00295087439008, -0.00236401311122], [0.00184140144847, -0.00418193312362, 0.00488764932379, -0.00332292891107, 0.00490100635216, -0.00324656744488, 0.0046627423726, -0.00398294534534, 0.00488928845152, -0.00276613631286, 0.00525805773214, -0.00175391510129, 0.0026950200554], [-0.0010838508606, 0.00491749169305, -0.00332292891107, 0.00629954226315, -0.00467695249245, 0.00327828899026, -0.00275699095801, 0.00328142289072, -0.00387231586501, 0.00349349179305, -0.00457200454548, 0.00139418104663, -0.00223791925237], [0.00170525640715, -0.00572817726061, 0.00490100635216, -0.00467695249245, 0.00954652763903, -0.00440314179286, 0.00524056935683, -0.00348799582571, 0.00532199349254, -0.00330122862943, 0.00506074493751, -0.00176431855652, 0.00247773202136], [-0.00112939742394, 0.00529021816328, -0.00324656744488, 0.00327828899026, -0.00440314179286, 0.00882304273546, -0.00576458405703, 0.00359678640962, -0.00238536391407, 0.00169899570756, -0.00311896251515, 0.00340339774266, -0.000717754126526], [0.00234572263435, -0.00548397842795, 0.0046627423726, -0.00275699095801, 0.00524056935683, -0.00576458405703, 0.0113382125273, -0.00637808907777, 0.00700280116871, -0.00275305402465, 0.00447038048878, -0.00138666387647, 0.00306763523258], [-0.00108845159411, 0.00554730789736, -0.00398294534534, 0.00328142289072, -0.00348799582571, 0.00359678640962, -0.00637808907777, 0.010917882435, -0.00472946185619, 0.00484898360446, -0.00451538618654, 0.00281275599264, -0.00247609498911], [0.00245001702569, -0.00499603152275, 0.00488928845152, -0.00387231586501, 0.00532199349254, -0.00238536391407, 0.00700280116871, -0.00472946185619, 0.0125396410003, -0.00374725367874, 0.00883256737143, 0.000535732484423, 0.00264714797959], [-0.000833449186757, 0.00506360456347, -0.00276613631286, 0.00349349179305, -0.00330122862943, 0.00169899570756, -0.00275305402465, 0.00484898360446, -0.00374725367874, 0.0168981868774, -0.00703979842365, 0.00383729138412, -0.00308220810257], [0.00203257263638, -0.00645573996007, 0.00525805773214, -0.00457200454548, 0.00506074493751, -0.00311896251515, 0.00447038048878, -0.00451538618654, 0.00883256737143, -0.00703979842365, 0.0167408213019, -0.00252697174437, 0.00450563291088], [-0.000639641773887, 0.00295087439008, -0.00175391510129, 0.00139418104663, -0.00176431855652, 0.00340339774266, -0.00138666387647, 0.00281275599264, 0.000535732484423, 0.00383729138412, -0.00252697174437, 0.0110670169815, -0.00231391307898], [0.00149079784751, -0.00236401311122, 0.0026950200554, -0.00223791925237, 0.00247773202136, -0.000717754126526, 0.00306763523258, -0.00247609498911, 0.00264714797959, -0.00308220810257, 0.00450563291088, -0.00231391307898, 0.0144300712273]]
    },
    "melbands": {
        "dmean": [7.15554560884e-05, 0.000199476256967, 0.000413283210946, 0.00049257313367, 0.000270629883744, 0.00017631634546, 0.000307825568598, 0.000311207055347, 0.000315446872264, 0.000104828744952, 5.75426056457e-05, 4.8469970352e-05, 4.27849736298e-05, 3.78519871447e-05, 4.06409853895e-05, 5.01536451338e-05, 5.48262178199e-05, 3.83558472095e-05, 2.32474740187e-05, 2.01022958208e-05, 1.35142599902e-05, 1.24197167679e-05, 1.24311409309e-05, 3.71578175873e-06, 3.53044674739e-06, 7.3085270742e-06, 6.5524764068e-06, 2.2937626909e-06, 6.49700723443e-07, 4.64335585093e-07, 8.42692372771e-07, 1.46031470649e-06, 1.19896276374e-06, 8.63416573793e-07, 9.33240471568e-07, 8.93669152902e-07, 5.55573990368e-07, 4.1948959506e-07, 3.67617957409e-07, 2.48357082455e-07],
        "dmean2": [0.000120898315799, 0.000324209337123, 0.000664021412376, 0.000800162786618, 0.00040646220441, 0.000279658008367, 0.000452080304967, 0.000457315356471, 0.00047504963004, 0.000155975489179, 8.86873967829e-05, 6.81936144247e-05, 6.47619672236e-05, 5.33080892637e-05, 5.96009667788e-05, 7.50351755414e-05, 7.8376782767e-05, 5.45043258171e-05, 3.43379324477e-05, 2.82283708657e-05, 1.90653609025e-05, 1.75476361619e-05, 1.83790816664e-05, 5.88982493355e-06, 5.37220921615e-06, 1.10033952296e-05, 9.76756109594e-06, 3.52163715434e-06, 1.05440483367e-06, 7.36754486752e-07, 1.28742760808e-06, 2.20964329856e-06, 1.7815478941e-06, 1.24510438582e-06, 1.38489372148e-06, 1.28446936287e-06, 8.20208697405e-07, 6.402592021e-07, 5.46349212982e-07, 3.65075180753e-07],
        "dvar": [1.1185008475e-08, 8.75052705851e-08, 6.50166612104e-07, 9.88840611171e-07, 1.77127489565e-07, 9.82628876045e-08, 3.53891181248e-07, 3.54822020654e-07, 3.05536048018e-07, 4.68359182548e-08, 1.36833255837e-08, 9.46356237819e-09, 9.16030362674e-09, 7.00956093169e-09, 8.33739743911e-09, 1.31324586761e-08, 1.32841417866e-08, 7.60663265709e-09, 3.60976826208e-09, 4.46778969376e-09, 2.05239958362e-09, 8.72797722984e-10, 8.32859392563e-10, 6.86512999226e-11, 4.98060759302e-11, 2.15135756432e-10, 2.60373639316e-10, 5.51496695533e-11, 2.12513756592e-11, 4.54650076268e-12, 5.556241231e-12, 1.01196256236e-11, 5.8583259771e-12, 4.54230099714e-12, 5.69292269575e-12, 7.53394135272e-12, 2.56938741117e-12, 1.31822959666e-12, 1.57867371519e-12, 5.7726344321e-13],
        "dvar2": [3.66986725453e-08, 2.51674180163e-07, 1.75179070538e-06, 2.84696579911e-06, 4.10006634866e-07, 2.43654028509e-07, 7.41071801258e-07, 8.23872312594e-07, 6.91792820362e-07, 1.06380149134e-07, 3.08888346012e-08, 1.65762994442e-08, 2.20470930401e-08, 1.36499220815e-08, 1.98954275277e-08, 3.16217878549e-08, 2.72725131367e-08, 1.52460604141e-08, 6.8612640014e-09, 7.81596387611e-09, 3.5158906897e-09, 1.53678414438e-09, 1.69333402855e-09, 1.4745292487e-10, 1.17742496308e-10, 4.44367292962e-10, 5.60103574632e-10, 1.28958732581e-10, 5.40790433268e-11, 1.09701484008e-11, 1.11809598038e-11, 2.27513129863e-11, 1.20808831688e-11, 9.29358846824e-12, 1.11027593369e-11, 1.63811724602e-11, 5.13506424882e-12, 2.81933938001e-12, 3.698060521e-12, 1.23414527296e-12],
        "max": [0.00173542439006, 0.00286673847586, 0.00920821074396, 0.0133829452097, 0.00670181913301, 0.00444556679577, 0.00818315241486, 0.00657195504755, 0.00529618421569, 0.00267576146871, 0.0020086793229, 0.00165645848028, 0.00161968870088, 0.00175467366353, 0.0017495242646, 0.00138790579513, 0.00167438446078, 0.00114413013216, 0.00128921447322, 0.001713211881, 0.00135448714718, 0.000956513627898, 0.000747377809603, 0.000153291402967, 0.000105483064544, 0.00024105857301, 0.000266703980742, 0.00012082925241, 0.000131836146466, 6.01423380431e-05, 4.89042213303e-05, 5.01837093907e-05, 4.15372633142e-05, 4.41724696429e-05, 4.18568670284e-05, 6.06995927228e-05, 3.54319490725e-05, 1.82185540325e-05, 1.98144171009e-05, 1.46924594446e-05],
        "mean": [0.000236186489929, 0.000546356255654, 0.00105467264075, 0.00111136119813, 0.000731692940462, 0.000492985302117, 0.000834434758872, 0.000686771352775, 0.000718539813533, 0.000342642713804, 0.000147366226884, 0.00010835336434, 8.20319546619e-05, 7.5436582847e-05, 7.5073010521e-05, 9.20298771234e-05, 9.65778381214e-05, 6.10209826846e-05, 4.52285348729e-05, 3.79179982701e-05, 2.52210829785e-05, 2.63524561888e-05, 2.15626496356e-05, 6.38839310341e-06, 6.04327306064e-06, 1.2365454495e-05, 1.1284681932e-05, 3.46277511198e-06, 9.4179779353e-07, 7.47316903471e-07, 1.52589223035e-06, 2.7910962217e-06, 2.40970121013e-06, 1.75149682491e-06, 1.99891132979e-06, 1.61074865446e-06, 9.30834119117e-07, 6.79296476847e-07, 5.83368432672e-07, 4.21713252763e-07],
        "median": [0.000153594999574, 0.000500716792885, 0.000540521461517, 0.000616396369878, 0.000411018118029, 0.00022919276671, 0.000508731114678, 0.000360948208254, 0.000488605583087, 0.000171971754753, 6.59210345475e-05, 4.65301127406e-05, 2.68700950983e-05, 2.65477829089e-05, 2.25415224122e-05, 1.73823991645e-05, 1.38874829645e-05, 1.1078521311e-05, 9.03777981875e-06, 7.52014238969e-06, 8.24632843432e-06, 9.6461699286e-06, 7.29188786863e-06, 3.13392069984e-06, 2.8710683182e-06, 5.0790736168e-06, 3.37582105203e-06, 1.0435682043e-06, 4.57941041532e-07, 4.11945478618e-07, 6.77274954342e-07, 1.30393323161e-06, 9.9386659258e-07, 5.11901191658e-07, 5.10017059696e-07, 4.22877349138e-07, 4.37697281086e-07, 2.70368843758e-07, 1.83663019016e-07, 1.23003516705e-07],
        "min": [3.55668987595e-07, 1.43452982826e-08, 3.11518206786e-08, 5.34660046014e-07, 1.36280192464e-07, 8.46817655997e-08, 4.76740353861e-08, 1.35686104841e-06, 2.20806873585e-06, 2.53518066984e-07, 2.56731489401e-08, 2.91643207362e-08, 5.7125664199e-09, 4.4356815998e-09, 6.43577280357e-09, 5.41349409744e-09, 4.82623230269e-09, 8.82191042439e-10, 3.87453347184e-10, 2.50037324179e-10, 3.67658570255e-10, 2.76804107413e-10, 1.55147186764e-10, 6.26816307192e-11, 6.89055132397e-11, 6.17162362881e-11, 3.86461071478e-11, 3.06866511368e-11, 5.04992922479e-11, 2.56230661688e-11, 2.93944382723e-11, 3.4639468377e-11, 3.79173012433e-11, 2.68250976987e-11, 2.37037438289e-11, 2.83376048321e-11, 1.75590358226e-11, 1.9379192695e-11, 5.49871389741e-12, 9.04655950845e-12],
