{
"highlevel": {
    "danceability": {
        "all": {
            "danceable": 0.99576228857,
            "not_danceable": 0.00423773890361
        },
        "probability": 0.99576228857,
        "value": "danceable"
    },
    "gender": {
        "all": {
            "female": 0.0546750500798,
            "male": 0.945324957371
        },
        "probability": 0.945324957371,
        "value": "male"
    },
    "genre_dortmund": {
        "all": {
            "alternative": 0.0369418747723,
            "blues": 0.0299164801836,
            "electronic": 0.0210746545345,
            "folkcountry": 0.188711881638,
            "funksoulrnb": 0.0236019622535,
            "jazz": 0.521479547024,
            "pop": 0.0720663517714,
            "raphiphop": 0.0462107211351,
            "rock": 0.0599965155125
        },
        "probability": 0.521479547024,
        "value": "jazz"
    },
    "genre_electronic": {
        "all": {
            "ambient": 0.282667934895,
            "dnb": 0.448577702045,
            "house": 0.164534986019,
            "techno": 0.0186494365335,
            "trance": 0.0855699107051
        },
        "probability": 0.448577702045,
        "value": "dnb"
    },
    "genre_rosamerica": {
        "all": {
            "cla": 0.0181297790259,
            "dan": 0.0779125466943,
            "hip": 0.222512423992,
            "jaz": 0.0588786937296,
            "pop": 0.381030917168,
            "rhy": 0.186269909143,
            "roc": 0.0405062325299,
            "spe": 0.014759503305
        },
        "probability": 0.381030917168,
        "value": "pop"
    },
    "genre_tzanetakis": {
        "all": {
            "blu": 0.0620671063662,
            "cla": 0.034474901855,
            "cou": 0.103433981538,
            "dis": 0.0620971247554,
            "hip": 0.15527240932,
            "jaz": 0.310666948557,
            "met": 0.044346679002,
            "pop": 0.0620793737471,
            "reg": 0.0620816536248,
            "roc": 0.103479810059
        },
        "probability": 0.310666948557,
        "value": "jaz"
    },
    "ismir04_rhythm": {
        "all": {
            "ChaChaCha": 0.116478830576,
            "Jive": 0.280451834202,
            "Quickstep": 0.0402468331158,
            "Rumba-American": 0.0130521124229,
            "Rumba-International": 0.132012665272,
            "Rumba-Misc": 0.0366697572172,
            "Samba": 0.0832468792796,
            "Tango": 0.0281870793551,
            "VienneseWaltz": 0.25156840682,
            "Waltz": 0.0180856138468
        },
        "probability": 0.280451834202,
        "value": "Jive"
    },
    "mood_acoustic": {
        "all": {
            "acoustic": 0.48731008172,
            "not_acoustic": 0.512689888477
        },
        "probability": 0.512689888477,
        "value": "not_acoustic"
    },
    "mood_aggressive": {
        "all": {
            "aggressive": 0.0317088477314,
            "not_aggressive": 0.968291163445
        },
        "probability": 0.968291163445,
        "value": "not_aggressive"
    },
    "mood_electronic": {
        "all": {
            "electronic": 0.264800220728,
            "not_electronic": 0.735199809074
        },
        "probability": 0.735199809074,
        "value": "not_electronic"
    },
    "mood_happy": {
        "all": {
            "happy": 0.985248327255,
            "not_happy": 0.0147516867146
        },
        "probability": 0.985248327255,
        "value": "happy"
    },
    "mood_party": {
        "all": {
            "not_party": 0.547030389309,
            "party": 0.452969610691
        },
        "probability": 0.547030389309,
        "value": "not_party"
    },
    "mood_relaxed": {
        "all": {
            "not_relaxed": 0.275179922581,
            "relaxed": 0.724820077419
        },
        "probability": 0.724820077419,
        "value": "relaxed"
    },
    "mood_sad": {
        "all": {
            "not_sad": 0.606572151184,
            "sad": 0.393427848816
        },
        "probability": 0.606572151184,
        "value": "not_sad"
    },
    "moods_mirex": {
        "all": {
            "Cluster1": 0.0943242534995,
            "Cluster2": 0.378251075745,
            "Cluster3": 0.209490269423,
            "Cluster4": 0.17851601541,
            "Cluster5": 0.139418393373
        },
        "probability": 0.378251075745,
        "value": "Cluster2"
    },
    "timbre": {
        "all": {
            "bright": 0.897877573967,
            "dark": 0.102122426033
        },
        "probability": 0.897877573967,
        "value": "bright"
    },
    "tonal_atonal": {
        "all": {
            "atonal": 0.000190267601283,
            "tonal": 0.999809741974
        },
        "probability": 0.999809741974,
        "value": "tonal"
    },
    "voice_instrumental": {
        "all": {
            "instrumental": 0.217547014356,
            "voice": 0.782453000546
        },
        "probability": 0.782453000546,
        "value": "voice"
    }
},
"lowlevel": {
    "average_loudness": 0.960904359818,
    "barkbands_crest": {
        "dmean": 2.68391132355,
        "dmean2": 4.22848081589,
        "dvar": 7.0024023056,
        "dvar2": 16.6917171478,
        "max": 24.2117347717,
        "mean": 10.4310512543,
        "median": 9.55723285675,
        "min": 2.5806889534,
        "var": 21.8850688934
    },
    "barkbands_flatness_db": {
        "dmean": 0.0252108741552,
        "dmean2": 0.0373968221247,
        "dvar": 0.000760003342293,
        "dvar2": 0.0015456834808,
        "max": 0.445053249598,
        "mean": 0.153138235211,
        "median": 0.143192842603,
        "min": 0.0555011741817,
        "var": 0.00344184553251
    },
    "barkbands_kurtosis": {
        "dmean": 3.60733985901,
        "dmean2": 5.79072713852,
        "dvar": 67.1098251343,
        "dvar2": 142.934936523,
        "max": 142.325836182,
        "mean": 4.15318965912,
        "median": 0.528896331787,
        "min": -1.83929800987,
        "var": 141.191070557
    },
    "barkbands_skewness": {
        "dmean": 0.623104989529,
        "dmean2": 0.966853022575,
        "dvar": 0.61001175642,
        "dvar2": 1.31890511513,
        "max": 9.98091888428,
        "mean": 1.33653771877,
        "median": 1.0073941946,
        "min": -3.89614868164,
        "var": 2.05903911591
    },
    "barkbands_spread": {
        "dmean": 10.0665369034,
        "dmean2": 16.1841144562,
        "dvar": 162.576431274,
        "dvar2": 415.03012085,
        "max": 94.8022842407,
        "mean": 31.0139522552,
        "median": 29.2038192749,
        "min": 1.38496184349,
        "var": 330.688781738
    },
    "dissonance": {
        "dmean": 0.0259634815156,
        "dmean2": 0.042521648109,
        "dvar": 0.00066377571784,
        "dvar2": 0.00174010184128,
        "max": 0.499973058701,
        "mean": 0.447279036045,
        "median": 0.457663595676,
        "min": 0.153660282493,
        "var": 0.00167496502399
    },
    "dynamic_complexity": 2.51516699791,
    "erbbands_crest": {
        "dmean": 3.03922843933,
        "dmean2": 4.91069841385,
        "dvar": 7.87306976318,
        "dvar2": 19.3516387939,
        "max": 27.4590606689,
        "mean": 9.74614334106,
        "median": 8.82629871368,
        "min": 2.79626655579,
        "var": 21.3653068542
    },
    "erbbands_flatness_db": {
        "dmean": 0.0244224965572,
        "dmean2": 0.0358183123171,
        "dvar": 0.000604857050348,
        "dvar2": 0.00121799414046,
        "max": 0.335451066494,
        "mean": 0.154628962278,
        "median": 0.150723427534,
        "min": 0.0571902133524,
        "var": 0.00217499211431
    },
    "erbbands_kurtosis": {
        "dmean": 1.04733884335,
        "dmean2": 1.64021062851,
        "dvar": 2.9437661171,
        "dvar2": 6.20227241516,
        "max": 30.676651001,
        "mean": 0.409350663424,
        "median": -0.555936098099,
        "min": -1.80961477757,
        "var": 7.73852920532
    },
    "erbbands_skewness": {
        "dmean": 0.417922317982,
        "dmean2": 0.651472449303,
        "dvar": 0.189116358757,
        "dvar2": 0.450571686029,
        "max": 4.16267442703,
        "mean": 0.432054311037,
        "median": 0.305799454451,
        "min": -3.15150856972,
        "var": 0.719854652882
    },
    "erbbands_spread": {
        "dmean": 13.2219362259,
        "dmean2": 20.680103302,
        "dvar": 272.756378174,
        "dvar2": 565.157226562,
        "max": 155.453170776,
        "mean": 47.8688735962,
        "median": 44.6220703125,
        "min": 4.69836616516,
        "var": 588.827636719
    },
    "hfc": {
        "dmean": 13.6647891998,
        "dmean2": 20.3289241791,
        "dvar": 270.43359375,
        "dvar2": 597.254089355,
        "max": 152.654266357,
        "mean": 29.7550849915,
        "median": 23.8912143707,
        "min": 0.194478720427,
        "var": 670.930297852
    },
    "melbands_crest": {
        "dmean": 3.29366111755,
        "dmean2": 5.34404468536,
        "dvar": 10.2583169937,
        "dvar2": 23.2342910767,
        "max": 32.247505188,
        "mean": 14.7167406082,
        "median": 14.0357179642,
        "min": 4.34408664703,
        "var": 33.1714286804
    },
    "melbands_flatness_db": {
        "dmean": 0.030826639384,
        "dmean2": 0.0454230047762,
        "dvar": 0.00133093213663,
        "dvar2": 0.00251826248132,
        "max": 0.552534997463,
        "mean": 0.17643456161,
        "median": 0.160465031862,
        "min": 0.0347444489598,
        "var": 0.00687015475705
    },
    "melbands_kurtosis": {
        "dmean": 9.78374385834,
        "dmean2": 15.4362354279,
        "dvar": 515.632995605,
        "dvar2": 1127.59020996,
        "max": 383.632659912,
        "mean": 16.3394184113,
        "median": 5.9615316391,
        "min": -1.84889686108,
        "var": 1162.4597168
    },
    "melbands_skewness": {
        "dmean": 0.847924590111,
        "dmean2": 1.2926940918,
        "dvar": 1.34521305561,
        "dvar2": 2.75004792213,
        "max": 16.906703949,
        "mean": 2.66734933853,
        "median": 2.00072479248,
        "min": -0.9963722229,
        "var": 4.51269817352
    },
    "melbands_spread": {
        "dmean": 11.0429477692,
        "dmean2": 17.255903244,
        "dvar": 219.030960083,
        "dvar2": 456.726135254,
        "max": 261.557739258,
        "mean": 33.8867645264,
        "median": 28.9158363342,
        "min": 0.821858167648,
        "var": 733.761108398
    },
    "pitch_salience": {
        "dmean": 0.0718588605523,
        "dmean2": 0.114611364901,
        "dvar": 0.00477792369202,
        "dvar2": 0.010879823938,
        "max": 0.818651676178,
        "mean": 0.481967955828,
        "median": 0.483423262835,
        "min": 0.077394746244,
        "var": 0.0157104805112
    },
    "silence_rate_20dB": {
        "dmean": 0,
        "dmean2": 0,
        "dvar": 0,
        "dvar2": 0,
        "max": 1,
        "mean": 1,
        "median": 1,
        "min": 1,
        "var": 0
    },
    "silence_rate_30dB": {
        "dmean": 0,
        "dmean2": 0,
        "dvar": 0,
        "dvar2": 0,
        "max": 1,
        "mean": 1,
        "median": 1,
        "min": 1,
        "var": 0
    },
    "silence_rate_60dB": {
        "dmean": 0.0325077399611,
        "dmean2": 0.0650658383965,
        "dvar": 0.031450919807,
        "dvar2": 0.0763247087598,
        "max": 1,
        "mean": 0.0355761796236,
        "median": 0,
        "min": 0,
        "var": 0.0343110449612
    },
    "spectral_centroid": {
        "dmean": 356.388458252,
        "dmean2": 554.30065918,
        "dvar": 147794.171875,
        "dvar2": 314554.53125,
        "max": 6256.56835938,
        "mean": 1777.63354492,
        "median": 1815.60766602,
        "min": 181.646789551,
        "var": 653106.6875
    },
    "spectral_complexity": {
        "dmean": 3.38622283936,
        "dmean2": 4.92641353607,
        "dvar": 12.7619171143,
        "dvar2": 24.74974823,
        "max": 38,
        "mean": 14.9628772736,
        "median": 15,
        "min": 0,
        "var": 56.9865684509
    },
    "spectral_decrease": {
        "dmean": 2.09197570378e-09,
        "dmean2": 2.97215718703e-09,
        "dvar": 6.77611923502e-18,
        "dvar2": 1.38186162699e-17,
        "max": -3.57830362563e-11,
        "mean": -5.35367528087e-09,
        "median": -4.45836212393e-09,
        "min": -2.09761239489e-08,
        "var": 1.54130118637e-17
    },
    "spectral_energy": {
        "dmean": 0.00889112055302,
        "dmean2": 0.0125163095072,
        "dvar": 0.000114972252049,
        "dvar2": 0.000231398094911,
        "max": 0.0884940773249,
        "mean": 0.0229048747569,
        "median": 0.0190362650901,
        "min": 0.000152693231939,
        "var": 0.000272433273494
    },
    "spectral_energyband_high": {
        "dmean": 0.00136372027919,
        "dmean2": 0.00211002980359,
        "dvar": 3.25060818795e-06,
        "dvar2": 7.40777204555e-06,
        "max": 0.020178547129,
        "mean": 0.00246903370135,
        "median": 0.0016218329547,
        "min": 8.94189213341e-07,
        "var": 7.11153234079e-06
    },
    "spectral_energyband_low": {
        "dmean": 0.00286535918713,
        "dmean2": 0.00414416147396,
        "dvar": 4.23053752456e-05,
        "dvar2": 9.73238202278e-05,
        "max": 0.0660693943501,
        "mean": 0.00670808088034,
        "median": 0.00354500673711,
        "min": 2.65275275524e-06,
        "var": 6.98078874848e-05
    },
    "spectral_energyband_middle_high": {
        "dmean": 0.00237879599445,
        "dmean2": 0.00319874193519,
        "dvar": 1.74807537405e-05,
        "dvar2": 3.30143157043e-05,
        "max": 0.0730536133051,
        "mean": 0.00546270981431,
        "median": 0.00312532065436,
        "min": 5.79307879889e-06,
        "var": 4.97710498166e-05
    },
    "spectral_energyband_middle_low": {
        "dmean": 0.00490120705217,
        "dmean2": 0.00731661450118,
        "dvar": 4.15908034483e-05,
        "dvar2": 9.35232601478e-05,
        "max": 0.05615805462,
        "mean": 0.00890546943992,
        "median": 0.00615166965872,
        "min": 6.49347712169e-05,
        "var": 7.30948449927e-05
    },
    "spectral_entropy": {
        "dmean": 0.301591217518,
        "dmean2": 0.447333693504,
        "dvar": 0.100453272462,
        "dvar2": 0.195830032229,
        "max": 8.71248531342,
        "mean": 7.51813936234,
        "median": 7.53062105179,
        "min": 5.39575004578,
        "var": 0.285215497017
    },
    "spectral_flux": {
        "dmean": 0.0327231921256,
        "dmean2": 0.0501951687038,
        "dvar": 0.00110474042594,
        "dvar2": 0.00249855290167,
        "max": 0.266795158386,
        "mean": 0.0817637816072,
        "median": 0.0723613202572,
        "min": 0.00784485414624,
        "var": 0.0021273882594
    },
    "spectral_kurtosis": {
        "dmean": 1.1353238821,
        "dmean2": 1.83973562717,
        "dvar": 1.8009647131,
        "dvar2": 4.63698482513,
        "max": 25.2107257843,
        "mean": 2.13460040092,
        "median": 1.89077472687,
        "min": -1.48435521126,
        "var": 3.59088683128
    },
    "spectral_rms": {
        "dmean": 0.000904116721358,
        "dmean2": 0.00123718963005,
        "dvar": 9.58228952186e-07,
        "dvar2": 1.79399830813e-06,
        "max": 0.00929170008749,
        "mean": 0.00441582780331,
        "median": 0.00430952012539,
        "min": 0.000385965046007,
        "var": 2.84667157757e-06
    },
    "spectral_rolloff": {
        "dmean": 1174.77697754,
        "dmean2": 2049.62573242,
        "dvar": 3209026,
        "dvar2": 7820323.5,
        "max": 11434.1308594,
        "mean": 2739.93212891,
        "median": 1830.32226562,
        "min": 86.1328125,
        "var": 6284830
    },
    "spectral_skewness": {
        "dmean": 0.226298868656,
        "dmean2": 0.362617731094,
        "dvar": 0.0581676214933,
        "dvar2": 0.130820542574,
        "max": 4.11596250534,
        "mean": 1.15050554276,
        "median": 1.11692333221,
        "min": -0.293170630932,
        "var": 0.181180104613
    },
    "spectral_spread": {
        "dmean": 1225140,
        "dmean2": 1819215.5,
        "dvar": 2.16195897754e+12,
        "dvar2": 4.11340767232e+12,
        "max": 22636956,
        "mean": 6003392.5,
        "median": 5309971.5,
        "min": 2466108,
        "var": 5.05827924378e+12
    },
    "spectral_strongpeak": {
        "dmean": 0.684902489185,
        "dmean2": 1.13303303719,
        "dvar": 1.02119314671,
        "dvar2": 2.43366193771,
        "max": 9.11125946045,
        "mean": 1.24661886692,
        "median": 0.621579885483,
        "min": 0.0187341943383,
        "var": 1.77857017517
    },
    "zerocrossingrate": {
        "dmean": 0.0183657240123,
        "dmean2": 0.0224518608302,
        "dvar": 0.000419450399932,
        "dvar2": 0.000476573302876,
        "max": 0.41650390625,
        "mean": 0.0863419473171,
        "median": 0.08056640625,
        "min": 0.00390625,
        "var": 0.00308156758547
    },
    "barkbands": {
        "dmean": [1.45061294461e-05, 0.00146528612822, 0.00126523955259, 0.000474384229165, 0.00113389675971, 0.000515427964274, 0.000993783818558, 0.00152148294728, 0.00152536737733, 0.000660886871628, 0.000725873280317, 0.000379089004127, 0.000272726232652, 0.000374462106265, 0.000604651810136, 0.00020301695622, 0.000171572843101, 0.000152954729856, 8.55583421071e-05, 0.000438509305241, 0.000226789241424, 0.000304334389511, 0.000212379425648, 0.000264259928372, 0.000245801813435, 8.98357684491e-05, 5.37179056792e-09],
        "dmean2": [2.45099163294e-05, 0.00216768728569, 0.00186304526869, 0.000763000338338, 0.00168692483567, 0.00084812764544, 0.00163603236433, 0.00233307271264, 0.00238183769397, 0.00094886025181, 0.00102691992652, 0.000563510984648, 0.000434809597209, 0.000566956354305, 0.000862760934979, 0.000311901996611, 0.00026737578446, 0.00026158435503, 0.000136519432999, 0.000619522819761, 0.000352547474904, 0.000459695031168, 0.000362869235687, 0.000450439722044, 0.000420966331149, 0.000150102379848, 8.21004420004e-09],
        "dvar": [1.88730298056e-09, 1.58851307788e-05, 1.17210811368e-05, 1.65881431258e-06, 5.99069835516e-06, 8.93213837116e-07, 6.47066326565e-06, 1.07291889435e-05, 1.21117955132e-05, 5.166414212e-06, 6.22367406322e-06, 1.44283592363e-06, 3.99311574029e-07, 8.4854019633e-07, 2.28622479881e-06, 1.95406542502e-07, 1.0428506414e-07, 1.26022513314e-07, 2.08324912876e-08, 6.39128643343e-07, 1.17408568201e-07, 1.84331597097e-07, 1.14579428612e-07, 1.95644375367e-07, 1.66684344549e-07, 2.18188169754e-08, 6.80171776513e-15],
        "dvar2": [4.77637174257e-09, 3.77229080186e-05, 2.66210317932e-05, 3.96956693294e-06, 1.32119603222e-05, 2.27170608014e-06, 1.64170105563e-05, 2.61000568571e-05, 2.73714977084e-05, 1.04493637991e-05, 1.36385724545e-05, 3.21399193126e-06, 9.55275368142e-07, 1.58036925768e-06, 4.54914334114e-06, 4.57146200006e-07, 2.67821775424e-07, 3.97785640871e-07, 5.42026938888e-08, 1.10866426439e-06, 2.63221693331e-07, 3.85504364431e-07, 3.05287500169e-07, 5.12823135068e-07, 4.29977319527e-07, 5.19802512144e-08, 9.04353614971e-15],
        "max": [0.00058381492272, 0.038030013442, 0.0500081069767, 0.0175642631948, 0.0227454267442, 0.00886429008096, 0.0452831536531, 0.0427629128098, 0.0351991951466, 0.0367746464908, 0.0535047203302, 0.0245339535177, 0.0107506038621, 0.0202662590891, 0.0189630612731, 0.00566172134131, 0.00513542862609, 0.00573359336704, 0.00168209313415, 0.0131568042561, 0.00498828012496, 0.00508806435391, 0.00284019461833, 0.00357710616663, 0.00519551569596, 0.00158121413551, 2.69780957751e-06],
        "mean": [1.59928586072e-05, 0.00366031960584, 0.00248977262527, 0.000683575228322, 0.00147717259824, 0.000691004970577, 0.00136670225766, 0.00242698355578, 0.0021212270949, 0.000935580406804, 0.00105270813219, 0.000470135535579, 0.000399226206355, 0.000568888091948, 0.000854417157825, 0.000311868730932, 0.000296433165204, 0.000205753269256, 0.000136027156259, 0.000809528457467, 0.000418830633862, 0.000581487314776, 0.000277602550341, 0.000290736992611, 0.000241895060753, 0.000121026605484, 4.22167945047e-09],
        "median": [1.65493395343e-06, 0.0010251943022, 0.000796545122284, 0.000119931006338, 0.000415107584558, 0.000282039196463, 0.000358624878572, 0.000562634842936, 0.000462617987068, 0.000147122569615, 0.00022037186136, 9.47104490479e-05, 0.000132548302645, 0.00011159107089, 0.000138009374496, 0.000108222346171, 0.000138066592626, 7.38311064197e-05, 5.99625091127e-05, 0.000281256099697, 0.000180535047548, 0.00030459347181, 0.000120261764096, 0.000123998033814, 7.96632957645e-05, 2.04508105526e-05, 3.04510416882e-10],
        "min": [1.6976348105e-10, 9.92312152448e-07, 1.9191494971e-07, 4.47021136551e-07, 5.12647602591e-07, 9.26197685658e-07, 1.13947578484e-06, 4.91197624797e-07, 5.45533566765e-07, 1.63916453744e-07, 5.25462269252e-07, 1.07969199803e-07, 4.52862053635e-07, 9.70705329451e-08, 4.13459730453e-07, 5.79491903352e-08, 1.48271837475e-07, 1.36497362746e-07, 4.82603894625e-08, 3.33149557719e-07, 9.41316926628e-08, 1.19873888593e-07, 1.320295695e-07, 8.40760563392e-08, 3.39519061754e-08, 1.49688681589e-11, 1.12755646833e-11],
        "var": [2.23177787362e-09, 3.12753363687e-05, 2.06820204767e-05, 2.78450261249e-06, 8.32459954836e-06, 1.16447222354e-06, 1.25421174744e-05, 1.8721093511e-05, 1.94801395992e-05, 8.53298570291e-06, 8.61793341755e-06, 1.97538770408e-06, 6.8147892307e-07, 1.96730684365e-06, 3.89816568713e-06, 3.32897769795e-07, 2.04386367386e-07, 1.70814374201e-07, 3.98379533806e-08, 1.6657083961e-06, 3.30995817421e-07, 5.46056071471e-07, 1.40789026659e-07, 1.92988650838e-07, 1.6970521699e-07, 4.3253834292e-08, 6.27553200445e-15]
    },
    "erbbands": {
        "dmean": [0.026989614591, 0.385670274496, 1.29675674438, 1.7986446619, 1.8581610918, 3.55774879456, 5.74527072906, 4.81760454178, 8.42396068573, 28.683298111, 28.6940631866, 35.3263587952, 17.3235340118, 23.7230091095, 23.6158599854, 10.4682855606, 11.6903276443, 15.2815752029, 28.061756134, 19.4999599457, 9.72847080231, 10.8058586121, 10.3861064911, 3.89102530479, 6.88872623444, 21.6881904602, 13.196844101, 8.24257850647, 12.2949523926, 6.56465816498, 6.61536073685, 5.01330375671, 4.81196117401, 3.15506792068, 1.63249599934, 0.506315886974, 0.157963693142, 0.0128199309111, 0.000247104355367, 2.32177026191e-05],
        "dmean2": [0.042815182358, 0.56309902668, 1.91089212894, 2.71809577942, 2.88139009476, 5.50724744797, 8.30123996735, 8.11518669128, 13.7898283005, 44.8446769714, 44.7501144409, 54.8481788635, 25.0409736633, 33.7053108215, 33.3021774292, 15.4609060287, 18.3272361755, 22.1650104523, 41.471660614, 27.8555355072, 14.8039140701, 16.6399269104, 17.6488380432, 6.13789272308, 10.5165653229, 30.5799007416, 19.513420105, 12.8920726776, 18.623134613, 10.6256170273, 11.4247589111, 8.49015903473, 8.24433994293, 5.46163368225, 2.78659582138, 0.85450476408, 0.265840172768, 0.020913746208, 0.000401202705689, 3.52223323716e-05],
        "dvar": [0.00712920771912, 1.04240977764, 10.4736232758, 25.699842453, 25.9892101288, 63.4426879883, 215.511413574, 77.2867431641, 552.776000977, 3753.29492188, 4244.5625, 6647.00634766, 2450.8762207, 3962.48291016, 8443.99316406, 826.56628418, 599.001037598, 1180.9909668, 5678.55078125, 2076.80395508, 468.324920654, 428.658630371, 619.715942383, 43.120349884, 115.061325073, 1686.8762207, 540.697753906, 138.805541992, 337.382873535, 78.6514816284, 130.570999146, 66.7338790894, 77.0395050049, 30.0210723877, 7.84818220139, 0.654638767242, 0.075177885592, 0.00053836760344, 1.72574914359e-07, 8.29373791866e-10],
        "dvar2": [0.0177056193352, 2.44459152222, 23.7968902588, 57.2365493774, 56.5345039368, 152.279937744, 439.00479126, 215.921936035, 1399.67150879, 9300.57910156, 9896.88085938, 15530.21875, 5247.47705078, 8165.40673828, 17849.2832031, 1858.56274414, 1551.76147461, 2185.95800781, 11595.6796875, 3854.34326172, 1068.63891602, 1067.80786133, 1978.61633301, 114.668449402, 251.388122559, 2993.38378906, 1109.03308105, 315.177703857, 690.068359375, 190.010864258, 355.127593994, 173.073440552, 205.287948608, 78.8155517578, 20.254693985, 1.5880638361, 0.177127569914, 0.00109679077286, 3.66509624428e-07, 1.94244531571e-09],
        "max": [1.05128240585, 9.07506561279, 36.6574821472, 75.5944976807, 53.1719703674, 75.5608978271, 145.525222778, 74.3960189819, 455.48034668, 722.431335449, 685.015258789, 1076.2019043, 825.35357666, 831.174804688, 2174.74267578, 520.860717773, 318.546630859, 599.568359375, 905.953857422, 604.674316406, 331.335327148, 356.765869141, 402.489562988, 72.5714645386, 162.973831177, 777.207214355, 359.868713379, 111.730873108, 217.741867065, 80.3114929199, 97.2545394897, 62.2656288147, 98.3456497192, 57.6253318787, 37.7992935181, 8.47213077545, 3.42388391495, 0.431631296873, 0.00721824914217, 0.000299833947793],
        "mean": [0.0624111145735, 0.970603644848, 2.76153206825, 3.11705803871, 2.76465773582, 4.26292037964, 7.22087097168, 6.54318237305, 13.0854978561, 41.984161377, 47.5401153564, 51.6067466736, 25.7467155457, 39.4693107605, 38.9200935364, 15.6433639526, 18.7118911743, 26.7120494843, 42.8873252869, 29.9258422852, 16.8437805176, 18.8734455109, 14.6807794571, 6.28832626343, 12.7569074631, 38.761051178, 25.523235321, 14.4477081299, 23.4060783386, 11.8224687576, 7.65768861771, 6.02116966248, 4.83865451813, 2.95106005669, 1.64738035202, 0.629923760891, 0.212802663445, 0.0188381336629, 0.000371385627659, 4.93925435876e-05],
        "median": [0.00833349395543, 0.318118035793, 1.2223803997, 0.805087387562, 0.518204927444, 1.44576644897, 2.11693000793, 2.65570855141, 4.17702150345, 11.1665458679, 13.0291557312, 12.7351465225, 7.88582134247, 9.79340457916, 8.35830211639, 4.341319561, 7.25193119049, 6.78216409683, 8.66531467438, 9.03656196594, 6.23009252548, 8.54370975494, 6.14140415192, 3.08452558517, 5.76516342163, 12.846531868, 9.86368274689, 8.20717048645, 10.7576990128, 7.30353307724, 3.4262342453, 2.65470790863, 1.78443419933, 0.983353793621, 0.399505883455, 0.115444742143, 0.0337590910494, 0.00279750162736, 8.03413713584e-05, 3.56088894478e-05],
        "min": [1.64548437169e-05, 0.000213047373109, 0.00077753077494, 0.00327602145262, 0.00321348034777, 0.00731743033975, 0.0141377355903, 0.0233770292252, 0.0342746861279, 0.0613673888147, 0.0367101170123, 0.0644973218441, 0.0335900820792, 0.0269002337009, 0.00978831760585, 0.00887552276254, 0.0288560241461, 0.00992677919567, 0.0162802357227, 0.0169784799218, 0.00448587723076, 0.0126258227974, 0.0144718354568, 0.00402847025543, 0.00916591100395, 0.0163705684245, 0.00700553506613, 0.00563489599153, 0.00367545592599, 0.00406934600323, 0.00265507213771, 0.00146799883805, 0.00175033661071, 0.000561966502573, 7.76708984631e-05, 5.12509359396e-06, 1.18023501727e-06, 1.61189916525e-07, 1.61986363878e-07, 2.40032221654e-07],
        "var": [0.0149053642526, 2.04056406021, 17.6377182007, 50.7004356384, 48.2238998413, 70.6494445801, 305.146209717, 98.1493835449, 1224.27416992, 5225.46191406, 7255.39599609, 12224.7060547, 3649.5456543, 10156.9609375, 13720.9267578, 1279.25097656, 1044.02160645, 3580.60522461, 9539.95800781, 4100.73242188, 943.792419434, 864.353820801, 829.791931152, 76.9528503418, 357.082702637, 4016.87426758, 1532.88562012, 306.305358887, 1002.29077148, 174.762069702, 119.43208313, 72.9714355469, 66.7171325684, 26.8484363556, 8.52109909058, 1.0690652132, 0.14912468195, 0.00158059422392, 4.80914081891e-07, 1.88361304332e-09]
    },
    "gfcc": {
        "mean": [4.77014350891, 59.7268447876, -116.351387024, 34.9270820618, -76.6109542847, 22.7695636749, -32.6189575195, 13.3227138519, -18.1868629456, 11.3132572174, -23.4282417297, -4.02139616013, -11.4222755432],
        "cov": [[4866.28955078, -1715.84216309, -259.621795654, -187.391235352, -5.56458330154, 136.666885376, -133.278884888, 252.985290527, -193.069290161, 362.093322754, -304.860748291, 303.112854004, -61.7135429382], [-1715.84216309, 1595.07641602, -7.78418207169, 279.860687256, 144.284133911, -104.3907547, 307.887298584, -164.414962769, 184.665390015, -164.594711304, 177.897079468, -220.081924438, 85.8685836792], [-259.621795654, -7.78418207169, 1136.95532227, 218.399307251, 148.817520142, 140.053634644, -153.708221436, 142.559677124, -62.1103363037, -55.8153648376, 34.5359077454, 59.1843986511, -130.587188721], [-187.391235352, 279.860687256, 218.399307251, 472.074554443, 217.684310913, 41.7173118591, 17.7591876984, 30.1081409454, 139.020355225, -33.9349784851, -5.47176599503, -46.4136352539, 73.4545516968], [-5.56458330154, 144.284133911, 148.817520142, 217.684310913, 337.598815918, 98.6130981445, 57.8472862244, 29.4689407349, 15.4648342133, 12.850730896, 5.09206962585, -8.37931251526, 6.37853431702], [136.666885376, -104.3907547, 140.053634644, 41.7173118591, 98.6130981445, 232.73210144, 61.3597793579, 45.962562561, -36.7912864685, 36.8157157898, 18.7975082397, -14.2308120728, -0.874491691589], [-133.278884888, 307.887298584, -153.708221436, 17.7591876984, 57.8472862244, 61.3597793579, 282.703430176, -4.97973203659, 58.8136749268, 17.7370147705, 34.1494369507, -51.8784828186, 26.1475276947], [252.985290527, -164.414962769, 142.559677124, 30.1081409454, 29.4689407349, 45.962562561, -4.97973203659, 170.439407349, 55.9225158691, 53.3035430908, 5.87890148163, 57.629535675, -18.741859436], [-193.069290161, 184.665390015, -62.1103363037, 139.020355225, 15.4648342133, -36.7912864685, 58.8136749268, 55.9225158691, 238.743270874, 56.5126914978, 14.0328588486, -21.7867584229, 58.6357879639], [362.093322754, -164.594711304, -55.8153648376, -33.9349784851, 12.850730896, 36.8157157898, 17.7370147705, 53.3035430908, 56.5126914978, 161.824813843, 7.33143281937, 16.5233612061, 9.81701755524], [-304.860748291, 177.897079468, 34.5359077454, -5.47176599503, 5.09206962585, 18.7975082397, 34.1494369507, 5.87890148163, 14.0328588486, 7.33143281937, 142.35256958, 41.3558807373, -6.79392337799], [303.112854004, -220.081924438, 59.1843986511, -46.4136352539, -8.37931251526, -14.2308120728, -51.8784828186, 57.629535675, -21.7867584229, 16.5233612061, 41.3558807373, 205.532043457, 6.00348091125], [-61.7135429382, 85.8685836792, -130.587188721, 73.4545516968, 6.37853431702, -0.874491691589, 26.1475276947, -18.741859436, 58.6357879639, 9.81701755524, -6.79392337799, 6.00348091125, 174.234207153]],
        "icov": [[0.000507352233399, 0.000145197511301, 0.000258221494732, -0.000495081534609, 0.000207542674616, -8.32643854665e-05, -0.00018328911392, -0.000422627257649, 0.000818480446469, -0.00111951306462, 0.00110214948654, -0.000758948153816, 0.000341186707374], [0.000145197511301, 0.00297593395226, -0.000800813955721, -5.69395742787e-05, -0.00117648055311, 0.00253024953417, -0.00268105836585, 0.00164930010214, -0.00135250051972, 0.00212940364145, -0.00374005525373, 0.00265300041065, -0.00125794822816], [0.000258221494732, -0.000800813955721, 0.00202244101092, -0.00121895433404, 0.000483620155137, -0.00162590353284, 0.00158044428099, -0.00185079919174, 0.00135933014099, -0.000679739401676, 0.00129666237626, -0.00138373591471, 0.00173277501017], [-0.000495081534609, -5.69395742787e-05, -0.00121895433404, 0.00607128674164, -0.00337375816889, -0.000124930302263, 0.000873943150509, 0.000859892053995, -0.00444146571681, 0.00337661686353, -0.000919240235817, 0.00173517537769, -0.00232740910724], [0.000207542674616, -0.00117648055311, 0.000483620155137, -0.00337375816889, 0.00602311454713, -0.00214747758582, -0.000134546018671, -0.000875497586094, 0.00261583039537, -0.00278302724473, 0.00240030325949, -0.00218664109707, 0.00157828407828], [-8.32643854665e-05, 0.00253024953417, -0.00162590353284, -0.000124930302263, -0.00214747758582, 0.00935609545559, -0.00406113965437, -0.000388446089346, 0.00152559531853, 0.000205610325793, -0.00458309194073, 0.00405934127048, -0.00259274663404], [-0.00018328911392, -0.00268105836585, 0.00158044428099, 0.000873943150509, -0.000134546018671, -0.00406113965437, 0.00769263366237, -0.00153380085249, -0.00062395184068, -0.000804821727797, 0.00186645169742, -0.00118250714149, 0.00110645103268], [-0.000422627257649, 0.00164930010214, -0.00185079919174, 0.000859892053995, -0.000875497586094, -0.000388446089346, -0.00153380085249, 0.0115925678983, -0.00517224799842, 0.000616781064309, -0.00176842487417, -0.000839214946609, 0.000460903160274], [0.000818480446469, -0.00135250051972, 0.00135933014099, -0.00444146571681, 0.00261583039537, 0.00152559531853, -0.00062395184068, -0.00517224799842, 0.0115435644984, -0.00646126037464, 0.00258528557606, -0.00131953659002, -7.75843436713e-05], [-0.00111951306462, 0.00212940364145, -0.000679739401676, 0.00337661686353, -0.00278302724473, 0.000205610325793, -0.000804821727797, 0.000616781064309, -0.00646126037464, 0.0136324139312, -0.00580843072385, 0.00386164104566, -0.00204213545658], [0.00110214948654, -0.00374005525373, 0.00129666237626, -0.000919240235817, 0.00240030325949, -0.00458309194073, 0.00186645169742, -0.00176842487417, 0.00258528557606, -0.00580843072385, 0.0164205040783, -0.0081257391721, 0.00338928448036], [-0.000758948153816, 0.00265300041065, -0.00138373591471, 0.00173517537769, -0.00218664109707, 0.00405934127048, -0.00118250714149, -0.000839214946609, -0.00131953659002, 0.00386164104566, -0.0081257391721, 0.011035210453, -0.00362790934741], [0.000341186707374, -0.00125794822816, 0.00173277501017, -0.00232740910724, 0.00157828407828, -0.00259274663404, 0.00110645103268, 0.000460903160274, -7.75843436713e-05, -0.00204213545658, 0.00338928448036, -0.00362790934741, 0.00897118542343]]
    },
    "melbands": {
        "dmean": [0.000329816335579, 0.000634314841591, 0.00029216700932, 0.000185389537364, 0.000211575665162, 9.92651112028e-05, 0.000152524167788, 0.000335119577358, 0.000242866371991, 0.000220771733439, 8.79848521436e-05, 9.87389139482e-05, 8.71083757374e-05, 4.76875720778e-05, 2.35555835388e-05, 3.24246757373e-05, 3.03066226479e-05, 4.62396310468e-05, 4.67723293696e-05, 1.66625031852e-05, 9.87631301541e-06, 1.26220083985e-05, 9.8533473647e-06, 6.4685259531e-06, 3.08547737404e-06, 3.48620665136e-06, 9.52059781412e-06, 1.72947402461e-05, 1.07688429125e-05, 4.58979138784e-06, 5.37471032658e-06, 7.95292271505e-06, 5.45654984307e-06, 3.33170055455e-06, 4.13148472944e-06, 3.34137348545e-06, 3.08773655888e-06, 3.46239789906e-06, 3.13507825922e-06, 2.63292849922e-06],
        "dmean2": [0.000500709924381, 0.000923925545067, 0.000438698509242, 0.000291170639684, 0.000308576854877, 0.000167112157214, 0.000251792051131, 0.000521105946973, 0.000380054378184, 0.000341005099472, 0.00012787480955, 0.000140031042974, 0.000123490448459, 6.71305460855e-05, 3.67394932255e-05, 5.08625453222e-05, 4.37444177805e-05, 7.02242250554e-05, 6.70636509312e-05, 2.54351070907e-05, 1.52931297634e-05, 1.94644671865e-05, 1.63700660778e-05, 1.10802802737e-05, 4.80669086755e-06, 5.68208724872e-06, 1.42956778291e-05, 2.46880445047e-05, 1.61249627126e-05, 7.32646731194e-06, 8.52484390634e-06, 1.20782442536e-05, 8.68778079166e-06, 5.50612594452e-06, 7.1709155236e-06, 5.75370313527e-06, 5.18638398717e-06, 5.93186268816e-06, 5.47857280253e-06, 4.59112334283e-06],
        "dvar": [8.77523916643e-07, 2.24174254981e-06, 5.88334501117e-07, 1.84379004509e-07, 3.05890978325e-07, 3.27322204896e-08, 1.79517670063e-07, 5.01215481563e-07, 3.37920397442e-07, 2.71941956953e-07, 7.46754480474e-08, 7.43484918075e-08, 1.11676037307e-07, 2.32994175065e-08, 6.26069462939e-09, 6.34579988557e-09, 5.30653654351e-09, 1.67020104413e-08, 1.5583923485e-08, 1.29398081139e-09, 5.9365229399e-10, 6.6939798149e-10, 3.33729488489e-10, 2.28313506989e-10, 3.50905034197e-11, 4.04307871904e-11, 3.182792363e-10, 1.19476628591e-09, 4.04972583246e-10, 5.08604165728e-11, 6.47836020939e-11, 1.62958521677e-10, 6.51095080628e-11, 2.27578442202e-11, 5.48527404054e-11, 3.07229866547e-11, 2.4933194398e-11, 3.94407215221e-11, 3.32985305995e-11, 2.3413871536e-11],
        "dvar2": [2.12260124499e-06, 5.10367863171e-06, 1.3045129208e-06, 4.19954659492e-07, 6.41700808046e-07, 9.00026009276e-08, 4.52635788406e-07, 1.23146458009e-06, 7.71107067976e-07, 6.27350573268e-07, 1.58166770348e-07, 1.50670274479e-07, 2.56035946222e-07, 4.81858251078e-08, 1.51286503325e-08, 1.52282026988e-08, 1.00016492866e-08, 3.39571961661e-08, 3.06857508292e-08, 3.0793085859e-09, 1.40774414348e-09, 1.66786739975e-09, 1.01376207429e-09, 7.32071792076e-10, 9.3398858092e-11, 1.06962813606e-10, 6.48043896323e-10, 2.23405227651e-09, 8.58630166967e-10, 1.36717762111e-10, 1.49288054141e-10, 3.28123861415e-10, 1.46460343853e-10, 5.76363748395e-11, 1.5042754542e-10, 8.21576764953e-11, 6.34092778284e-11, 1.05206524048e-10, 8.800914858e-11, 6.18332329783e-11],
        "max": [0.0104952342808, 0.014160817489, 0.0108595341444, 0.00475716032088, 0.00576450908557, 0.00149755715393, 0.00815466046333, 0.0086417067796, 0.00724191963673, 0.00692577287555, 0.00468505453318, 0.00354989967309, 0.00789030455053, 0.00284505845048, 0.00208744476549, 0.00127524987329, 0.00103418366052, 0.00176519807428, 0.00171383062843, 0.00053917884361, 0.000388460059185, 0.000466019177111, 0.000291621137876, 0.000229975863476, 6.82850368321e-05, 6.7486143962e-05, 0.00026586453896, 0.000684390543029, 0.000336269091349, 7.93496074039e-05, 7.92266801e-05, 0.000157923350343, 8.36418257677e-05, 4.45259356638e-05, 6.46941989544e-05, 5.69840267417e-05, 4.53447755717e-05, 6.26472319709e-05, 6.89262960805e-05, 5.64922593185e-05],
        "mean": [0.000812657002825, 0.00147187744733, 0.000514030805789, 0.000244962080615, 0.000260970031377, 0.000135259193485, 0.000226896969252, 0.000508971512318, 0.00038331374526, 0.000313650845783, 0.000121308890812, 0.000159583971254, 0.000131301145302, 6.5078435e-05, 3.45351654687e-05, 4.60872142867e-05, 4.91687205795e-05, 6.54617906548e-05, 6.26233013463e-05, 2.6207198971e-05, 1.58056027431e-05, 2.05455344258e-05, 1.47632990775e-05, 8.62593606143e-06, 4.55655344922e-06, 5.39987195225e-06, 1.65157562151e-05, 2.90052867058e-05, 1.95453812921e-05, 7.96289805294e-06, 8.19133128971e-06, 1.47115215441e-05, 9.43129089137e-06, 5.5169184634e-06, 4.45803016191e-06, 3.8774519453e-06, 3.6571907458e-06, 3.45690182257e-06, 3.01000522995e-06, 2.3308832624e-06],
        "median": [0.000177242967766, 0.000774505548179, 0.00014986617316, 6.26885666861e-05, 7.59788963478e-05, 5.65946138522e-05, 6.26629916951e-05, 0.000122618730529, 9.14015690796e-05, 6.38306082692e-05, 2.79064679489e-05, 3.36766061082e-05, 2.87356742774e-05, 1.19331880342e-05, 9.08825040824e-06, 1.18001316878e-05, 1.00714632936e-05, 1.12556499516e-05, 1.13313089969e-05, 8.410576811e-06, 5.70306156078e-06, 8.0308827819e-06, 6.96401184541e-06, 3.26893314195e-06, 1.66250026723e-06, 1.90821901924e-06, 5.36482912139e-06, 8.59688316268e-06, 7.02991428625e-06, 3.4312254229e-06, 4.06805474995e-06, 6.03392072662e-06, 4.68196503789e-06, 2.67907898888e-06, 1.82460371434e-06, 1.49542574945e-06, 1.54631436544e-06, 1.19807202736e-06, 1.00085651411e-06, 6.46377486646e-07],
        "min": [2.27954004117e-07, 1.957066047e-07, 4.70674166309e-07, 1.17606020922e-07, 6.58543569898e-07, 1.90628639984e-07, 2.96391164056e-07, 1.13145802061e-07, 2.55615134392e-07, 1.14848994315e-07, 1.23807211594e-07, 6.21085973762e-08, 4.63286404795e-08, 7.08837166741e-09, 1.93322229336e-08, 4.96261698402e-08, 1.15434035663e-08, 1.45582346178e-08, 3.20341193571e-08, 3.93872090498e-09, 3.82452158831e-09, 1.00815249482e-08, 1.96080200965e-08, 6.45705711122e-09, 8.80307049478e-10, 9.4236929371e-10, 7.4505197567e-09, 1.27295720631e-08, 5.97334848251e-09, 1.15396614486e-09, 3.24540683216e-09, 2.14533790732e-09, 8.46058612058e-10, 2.28956187343e-09, 2.07039205224e-10, 1.22921883783e-09, 3.25137555768e-10, 8.768947235e-10, 8.80615858012e-10, 1.49445414377e-10],
