{
"highlevel": {
    "danceability": {
        "all": {
            "danceable": 1.77079854144e-13,
            "not_danceable": 1
        },
        "probability": 1,
        "value": "not_danceable"
    },
    "gender": {
        "all": {
            "female": 0.309309691191,
            "male": 0.690690279007
        },
        "probability": 0.690690279007,
        "value": "male"
    },
    "genre_dortmund": {
        "all": {
            "alternative": 0.17537099123,
            "blues": 0.0630558058619,
            "electronic": 0.00978873949498,
            "folkcountry": 0.074990414083,
            "funksoulrnb": 0.00749623496085,
            "jazz": 0.0408310629427,
            "pop": 0.058534681797,
            "raphiphop": 0.0015551764518,
            "rock": 0.568376898766
        },
        "probability": 0.568376898766,
        "value": "rock"
    },
    "genre_electronic": {
        "all": {
            "ambient": 0.232806310058,
            "dnb": 0.636096119881,
            "house": 0.0304536819458,
            "techno": 0.00549518084154,
            "trance": 0.0951487272978
        },
        "probability": 0.636096119881,
        "value": "dnb"
    },
    "genre_rosamerica": {
        "all": {
            "cla": 0.00647174566984,
            "dan": 0.00143658078741,
            "hip": 0.00352363241836,
            "jaz": 0.000881889660377,
            "pop": 0.00847713369876,
            "rhy": 0.00139634415973,
            "roc": 0.977335095406,
            "spe": 0.000477587833302
        },
        "probability": 0.977335095406,
        "value": "roc"
    },
    "genre_tzanetakis": {
        "all": {
            "blu": 0.0626541376114,
            "cla": 0.0348133966327,
            "cou": 0.0783501937985,
            "dis": 0.104547761381,
            "hip": 0.15693578124,
            "jaz": 0.313987255096,
            "met": 0.044816005975,
            "pop": 0.0627349764109,
            "reg": 0.0627352520823,
            "roc": 0.0784252434969
        },
        "probability": 0.313987255096,
        "value": "jaz"
    },
    "ismir04_rhythm": {
        "all": {
            "ChaChaCha": 0.119410254061,
            "Jive": 0.685476362705,
            "Quickstep": 0.028157280758,
            "Rumba-American": 0.00193150492851,
            "Rumba-International": 0.00318333040923,
            "Rumba-Misc": 0.00152778928168,
            "Samba": 0.0423228181899,
            "Tango": 0.00878012739122,
            "VienneseWaltz": 0.106982283294,
            "Waltz": 0.00222823885269
        },
        "probability": 0.685476362705,
        "value": "Jive"
    },
    "mood_acoustic": {
        "all": {
            "acoustic": 0.00413926178589,
            "not_acoustic": 0.995860755444
        },
        "probability": 0.995860755444,
        "value": "not_acoustic"
    },
    "mood_aggressive": {
        "all": {
            "aggressive": 0.988392055035,
            "not_aggressive": 0.0116079542786
        },
        "probability": 0.988392055035,
        "value": "aggressive"
    },
    "mood_electronic": {
        "all": {
            "electronic": 0.00426905695349,
            "not_electronic": 0.995730936527
        },
        "probability": 0.995730936527,
        "value": "not_electronic"
    },
    "mood_happy": {
        "all": {
            "happy": 0.794652462006,
            "not_happy": 0.205347537994
        },
        "probability": 0.794652462006,
        "value": "happy"
    },
    "mood_party": {
        "all": {
            "not_party": 0.24818007648,
            "party": 0.751819908619
        },
        "probability": 0.751819908619,
        "value": "party"
    },
    "mood_relaxed": {
        "all": {
            "not_relaxed": 0.940441727638,
            "relaxed": 0.0595582537353
        },
        "probability": 0.940441727638,
        "value": "not_relaxed"
    },
    "mood_sad": {
        "all": {
            "not_sad": 0.956181704998,
            "sad": 0.043818268925
        },
        "probability": 0.956181704998,
        "value": "not_sad"
    },
    "moods_mirex": {
        "all": {
            "Cluster1": 0.477960675955,
            "Cluster2": 0.0399384647608,
            "Cluster3": 0.0200929176062,
            "Cluster4": 0.0316870845854,
            "Cluster5": 0.430320858955
        },
        "probability": 0.477960675955,
        "value": "Cluster1"
    },
    "timbre": {
        "all": {
            "bright": 0.958524107933,
            "dark": 0.0414758995175
        },
        "probability": 0.958524107933,
        "value": "bright"
    },
    "tonal_atonal": {
        "all": {
            "atonal": 0.426707595587,
            "tonal": 0.573292434216
        },
        "probability": 0.573292434216,
        "value": "tonal"
    },
    "voice_instrumental": {
        "all": {
            "instrumental": 0.10570833832,
            "voice": 0.894291639328
        },
        "probability": 0.894291639328,
        "value": "voice"
    }
},
"lowlevel": {
    "average_loudness": 0.984060525894,
    "barkbands_crest": {
        "dmean": 2.28621387482,
        "dmean2": 3.84277677536,
        "dvar": 4.63087463379,
        "dvar2": 13.1637639999,
        "max": 18.5540046692,
        "mean": 6.65370702744,
        "median": 6.01021671295,
        "min": 2.56614851952,
        "var": 6.66403007507
    },
    "barkbands_flatness_db": {
        "dmean": 0.0164436474442,
        "dmean2": 0.0256463903934,
        "dvar": 0.000190931852558,
        "dvar2": 0.000475355918752,
        "max": 0.18424449861,
        "mean": 0.109618671238,
        "median": 0.107789620757,
        "min": 0.0508700609207,
        "var": 0.000494150619488
    },
    "barkbands_kurtosis": {
        "dmean": 0.515908896923,
        "dmean2": 0.896642267704,
        "dvar": 0.561640441418,
        "dvar2": 1.56672537327,
        "max": 6.4686498642,
        "mean": -1.01274454594,
        "median": -1.25396108627,
        "min": -1.79891347885,
        "var": 0.626613557339
    },
    "barkbands_skewness": {
        "dmean": 0.457478702068,
        "dmean2": 0.752854347229,
        "dvar": 0.14953763783,
        "dvar2": 0.402017712593,
        "max": 2.65556144714,
        "mean": 0.323834449053,
        "median": 0.284654945135,
        "min": -1.95880889893,
        "var": 0.324046015739
    },
    "barkbands_spread": {
        "dmean": 6.2687087059,
        "dmean2": 9.8007183075,
        "dvar": 25.6779155731,
        "dvar2": 61.7496185303,
        "max": 72.1422576904,
        "mean": 43.706489563,
        "median": 43.8606414795,
        "min": 14.5072498322,
        "var": 72.6794204712
    },
    "dissonance": {
        "dmean": 0.00843582767993,
        "dmean2": 0.014206870459,
        "dvar": 5.66352064197e-05,
        "dvar2": 0.000153919987497,
        "max": 0.499998629093,
        "mean": 0.485872000456,
        "median": 0.48832783103,
        "min": 0.437859147787,
        "var": 9.96382586891e-05
    },
    "dynamic_complexity": 0.954687893391,
    "erbbands_crest": {
        "dmean": 2.24443125725,
        "dmean2": 3.66325187683,
        "dvar": 4.45074748993,
        "dvar2": 11.440369606,
        "max": 26.4923038483,
        "mean": 7.94366693497,
        "median": 7.23902177811,
        "min": 2.95471930504,
        "var": 9.18128681183
    },
    "erbbands_flatness_db": {
        "dmean": 0.0182634666562,
        "dmean2": 0.0270935576409,
        "dvar": 0.000301060354104,
        "dvar2": 0.000599263701588,
        "max": 0.25888684392,
        "mean": 0.160421535373,
        "median": 0.159566238523,
        "min": 0.0846369042993,
        "var": 0.000896826444659
    },
    "erbbands_kurtosis": {
        "dmean": 0.835832834244,
        "dmean2": 1.33882975578,
        "dvar": 0.797600984573,
        "dvar2": 2.0703163147,
        "max": 7.17118835449,
        "mean": 0.780776798725,
        "median": 0.549018383026,
        "min": -1.36264359951,
        "var": 1.60047566891
    },
    "erbbands_skewness": {
        "dmean": 0.275920569897,
        "dmean2": 0.435513585806,
        "dvar": 0.0644780918956,
        "dvar2": 0.16761110723,
        "max": 0.792576313019,
        "mean": -0.817674696445,
        "median": -0.817462980747,
        "min": -2.55414366722,
        "var": 0.173395693302
    },
    "erbbands_spread": {
        "dmean": 6.95905923843,
        "dmean2": 11.2523565292,
        "dvar": 37.1019744873,
        "dvar2": 94.6614761353,
        "max": 73.7181625366,
        "mean": 31.8534393311,
        "median": 30.6137752533,
        "min": 10.7756929398,
        "var": 98.4816589355
    },
    "hfc": {
        "dmean": 8.13621807098,
        "dmean2": 11.9564113617,
        "dvar": 68.1214523315,
        "dvar2": 136.448043823,
        "max": 86.8416442871,
        "mean": 34.834690094,
        "median": 33.2788124084,
        "min": 3.06146550179,
        "var": 211.615447998
    },
    "melbands_crest": {
        "dmean": 3.89603996277,
        "dmean2": 6.58798742294,
        "dvar": 9.85935783386,
        "dvar2": 26.4007701874,
        "max": 26.7850379944,
        "mean": 11.9824028015,
        "median": 11.3806562424,
        "min": 3.82252287865,
        "var": 16.8974628448
    },
    "melbands_flatness_db": {
        "dmean": 0.0247958507389,
        "dmean2": 0.0389753431082,
        "dvar": 0.000434923131252,
        "dvar2": 0.00108507054392,
        "max": 0.251982986927,
        "mean": 0.130738481879,
        "median": 0.128256127238,
        "min": 0.0346062332392,
        "var": 0.00114022381604
    },
    "melbands_kurtosis": {
        "dmean": 2.78105568886,
        "dmean2": 4.74969530106,
        "dvar": 11.2470207214,
        "dvar2": 31.097864151,
        "max": 32.6436882019,
        "mean": 2.55333638191,
        "median": 1.44193220139,
        "min": -1.69301378727,
        "var": 14.3541526794
    },
    "melbands_skewness": {
        "dmean": 0.669855058193,
        "dmean2": 1.10516405106,
        "dvar": 0.343456029892,
        "dvar2": 0.918115615845,
        "max": 5.28958559036,
        "mean": 1.66057956219,
        "median": 1.55985867977,
        "min": -0.573561966419,
        "var": 0.642830431461
    },
    "melbands_spread": {
        "dmean": 13.9840745926,
        "dmean2": 22.9463291168,
        "dvar": 138.091629028,
        "dvar2": 364.647583008,
        "max": 142.136306763,
        "mean": 55.5939788818,
        "median": 55.0237159729,
        "min": 10.3553886414,
        "var": 336.137298584
    },
    "pitch_salience": {
        "dmean": 0.0756308808923,
        "dmean2": 0.122210584581,
        "dvar": 0.00394854042679,
        "dvar2": 0.0102324737236,
        "max": 0.793968617916,
        "mean": 0.557006239891,
        "median": 0.559473395348,
        "min": 0.246278092265,
        "var": 0.00746026961133
    },
    "silence_rate_20dB": {
        "dmean": 0,
        "dmean2": 0,
        "dvar": 0,
        "dvar2": 0,
        "max": 1,
        "mean": 1,
        "median": 1,
        "min": 1,
        "var": 0
    },
    "silence_rate_30dB": {
        "dmean": 0,
        "dmean2": 0,
        "dvar": 0,
        "dvar2": 0,
        "max": 1,
        "mean": 1,
        "median": 1,
        "min": 1,
        "var": 0
    },
    "silence_rate_60dB": {
        "dmean": 0.00154798757285,
        "dmean2": 0.00309837330133,
        "dvar": 0.00154559069779,
        "dvar2": 0.00308877043426,
        "max": 1,
        "mean": 0.00232018553652,
        "median": 0,
        "min": 0,
        "var": 0.00231480738148
    },
    "spectral_centroid": {
        "dmean": 244.438613892,
        "dmean2": 385.293243408,
        "dvar": 44003.234375,
        "dvar2": 105569.710938,
        "max": 3647.06494141,
        "mean": 2576.91381836,
        "median": 2617.05541992,
        "min": 959.389587402,
        "var": 145778.28125
    },
    "spectral_complexity": {
        "dmean": 5.2863779068,
        "dmean2": 7.82106876373,
        "dvar": 21.5571975708,
        "dvar2": 42.0508613586,
        "max": 59,
        "mean": 34.6852264404,
        "median": 35,
        "min": 6,
        "var": 74.6055297852
    },
    "spectral_decrease": {
        "dmean": 1.55054380446e-09,
        "dmean2": 2.49774578798e-09,
        "dvar": 1.77792256988e-18,
        "dvar2": 4.49515670178e-18,
        "max": -3.83540477156e-10,
        "mean": -5.62888491373e-09,
        "median": -5.6129669801e-09,
        "min": -1.12218794257e-08,
        "var": 3.13776076121e-18
    },
    "spectral_energy": {
        "dmean": 0.00620620232075,
        "dmean2": 0.00988369993865,
        "dvar": 2.89684430754e-05,
        "dvar2": 7.09891100996e-05,
        "max": 0.046531740576,
        "mean": 0.0244043394923,
        "median": 0.0246428623796,
        "min": 0.00219122227281,
        "var": 5.55597325729e-05
    },
    "spectral_energyband_high": {
        "dmean": 0.000735415611416,
        "dmean2": 0.00104848202318,
        "dvar": 7.14845555194e-07,
        "dvar2": 1.40347754041e-06,
        "max": 0.00820423476398,
        "mean": 0.00190567050595,
        "median": 0.00153811136261,
        "min": 9.67652231338e-05,
        "var": 1.77110439381e-06
    },
    "spectral_energyband_low": {
        "dmean": 0.00474029826,
        "dmean2": 0.00795606523752,
        "dvar": 2.16233147512e-05,
        "dvar2": 5.75213853153e-05,
        "max": 0.0354132018983,
        "mean": 0.00775887956843,
        "median": 0.00661192974076,
        "min": 2.65643302555e-05,
        "var": 2.7626485462e-05
    },
    "spectral_energyband_middle_high": {
        "dmean": 0.00238905497827,
        "dmean2": 0.00372374663129,
        "dvar": 5.3961462072e-06,
        "dvar2": 1.3057070646e-05,
        "max": 0.0236641634256,
        "mean": 0.00935772899538,
        "median": 0.00898303370923,
        "min": 0.000698545190971,
        "var": 1.68342576217e-05
    },
    "spectral_energyband_middle_low": {
        "dmean": 0.00271849078126,
        "dmean2": 0.00450306897983,
        "dvar": 8.53130677569e-06,
        "dvar2": 2.16232074308e-05,
        "max": 0.0280031971633,
        "mean": 0.00629866775125,
        "median": 0.00549855316058,
        "min": 0.000171374631464,
        "var": 1.26106115204e-05
    },
    "spectral_entropy": {
        "dmean": 0.115965083241,
        "dmean2": 0.167155608535,
        "dvar": 0.0121613070369,
        "dvar2": 0.024221399799,
        "max": 8.29584312439,
        "mean": 7.78577041626,
        "median": 7.77423524857,
        "min": 6.95602560043,
        "var": 0.0350010022521
    },
    "spectral_flux": {
        "dmean": 0.0200926549733,
        "dmean2": 0.0304364208132,
        "dvar": 0.000264366826741,
        "dvar2": 0.000535764382221,
        "max": 0.17280934751,
        "mean": 0.0940344035625,
        "median": 0.0927421152592,
        "min": 0.026441629976,
        "var": 0.000525808369275
    },
    "spectral_kurtosis": {
        "dmean": 1.22589051723,
        "dmean2": 2.14350533485,
        "dvar": 1.41008424759,
        "dvar2": 4.05732011795,
        "max": 12.0715360641,
        "mean": 3.51978611946,
        "median": 3.26504898071,
        "min": 0.683163642883,
        "var": 1.98187220097
    },
    "spectral_rms": {
        "dmean": 0.00062898255419,
        "dmean2": 0.000993153313175,
        "dvar": 3.00080984061e-07,
        "dvar2": 7.19216984635e-07,
        "max": 0.00673771649599,
        "mean": 0.00481512211263,
        "median": 0.00490324571729,
        "min": 0.00146211415995,
        "var": 6.23718165116e-07
    },
    "spectral_rolloff": {
        "dmean": 538.480224609,
        "dmean2": 865.18145752,
        "dvar": 283755.25,
        "dvar2": 670357.8125,
        "max": 6072.36328125,
        "mean": 3119.69799805,
        "median": 3122.31445312,
        "min": 366.064453125,
        "var": 712493.6875
    },
    "spectral_skewness": {
        "dmean": 0.17901584506,
        "dmean2": 0.296424597502,
        "dvar": 0.0241557415575,
        "dvar2": 0.0649518445134,
        "max": 2.99483537674,
        "mean": 0.963211596012,
        "median": 0.976175665855,
        "min": 0.161040306091,
        "var": 0.0620958134532
    },
    "spectral_spread": {
        "dmean": 435096.65625,
        "dmean2": 644580.875,
        "dvar": 192167870464,
        "dvar2": 384823164928,
        "max": 9384436,
        "mean": 3601040.25,
        "median": 3510351,
        "min": 1933226.125,
        "var": 625707843584
    },
    "spectral_strongpeak": {
        "dmean": 0.88141387701,
        "dmean2": 1.58681058884,
        "dvar": 2.26557636261,
        "dvar2": 5.43896198273,
        "max": 10.4319763184,
        "mean": 0.934196949005,
        "median": 0.29427036643,
        "min": 0.0366759747267,
        "var": 2.53614330292
    },
    "zerocrossingrate": {
        "dmean": 0.0105857262388,
        "dmean2": 0.0122959129512,
        "dvar": 7.27766091586e-05,
        "dvar2": 9.45556530496e-05,
        "max": 0.20556640625,
        "mean": 0.0945456773043,
        "median": 0.09326171875,
        "min": 0.0380859375,
        "var": 0.000489133119117
    },
    "barkbands": {
        "dmean": [8.51709482959e-05, 0.00311799091287, 0.00208698422648, 0.00116581865586, 0.00134944228921, 0.000547932519112, 0.000337172532454, 0.000170480183442, 0.000524528149981, 0.000320975465002, 0.000308438786305, 0.000327437272063, 0.000215249878238, 0.000369069661247, 0.000660265330225, 0.000708912382834, 0.000724562851246, 0.000492811552249, 0.000442750140792, 0.000655026233289, 0.000257508247159, 0.000148685474414, 0.000111970657599, 8.35946630104e-05, 4.89033445774e-05, 1.99995538424e-05, 7.17683601437e-09],
        "dmean2": [0.000138148578117, 0.00526486895978, 0.00362221989781, 0.00197766302153, 0.00222643301822, 0.000911401817575, 0.000565170776099, 0.000283957750071, 0.000822873029392, 0.000475652865134, 0.000494298175909, 0.000512212282047, 0.000338020676281, 0.00057213549735, 0.00103161018342, 0.00109818798956, 0.00118419271894, 0.000819947046693, 0.000731000851374, 0.00105068110861, 0.000403851212468, 0.00022638347582, 0.000158883631229, 0.000115593800729, 6.7551212851e-05, 2.89852941933e-05, 7.96588395247e-09],
        "dvar": [1.18149836581e-08, 1.09805559987e-05, 5.63200364923e-06, 2.13179237107e-06, 2.93068956125e-06, 4.19194265078e-07, 2.27723035096e-07, 4.35202451854e-08, 4.45972261787e-07, 3.9291424514e-07, 4.98313966091e-07, 5.9852072809e-07, 1.01035659839e-07, 4.17625017235e-07, 9.05193189737e-07, 7.41881649446e-07, 1.33780304168e-06, 6.34825767065e-07, 2.0470649531e-07, 4.61566258991e-07, 8.70667022923e-08, 4.64074609852e-08, 2.30219345809e-08, 1.50812109467e-08, 5.56997470369e-09, 1.67245672866e-09, 2.62289630526e-14],
        "dvar2": [2.78725345026e-08, 2.97951482935e-05, 1.49480247273e-05, 5.59578484172e-06, 7.24553092368e-06, 1.10962605504e-06, 6.3533195771e-07, 1.11935023028e-07, 1.12274756248e-06, 7.40013717859e-07, 1.27943144435e-06, 1.33530625135e-06, 2.10669682588e-07, 1.08687959255e-06, 2.19973480853e-06, 1.70498674379e-06, 3.32142462867e-06, 1.79656422006e-06, 5.3600837191e-07, 1.21624191252e-06, 1.93634477341e-07, 9.92296662616e-08, 4.70418868304e-08, 3.03658360679e-08, 1.09197237919e-08, 3.80612563688e-09, 2.62340249215e-14],
        "max": [0.00122838735115, 0.0253890212625, 0.0157145429403, 0.0118026230484, 0.0161632169038, 0.00857261195779, 0.00627892045304, 0.00250463560224, 0.00933450646698, 0.00750761944801, 0.0107303382829, 0.0141895823181, 0.00392897706479, 0.0100326007232, 0.00987468659878, 0.0109669053927, 0.013941237703, 0.012575423345, 0.00559036247432, 0.00950752384961, 0.00363340834156, 0.00255284598097, 0.00145308894571, 0.00152417493518, 0.00090212165378, 0.00050143286353, 4.86935959998e-06],
        "mean": [0.000108906308014, 0.00426280545071, 0.00254959170707, 0.00141521799378, 0.00191959296353, 0.000994132831693, 0.000552803976461, 0.0002884043206, 0.00105483049992, 0.000572736491449, 0.000438749877503, 0.000527029682416, 0.00041693111416, 0.000644847459625, 0.0011207658099, 0.00133510748856, 0.00123062520288, 0.0010660662083, 0.000968119944446, 0.00164112285711, 0.000602213025559, 0.000263363239355, 0.000191308688954, 0.000134055575472, 8.00666603027e-05, 2.49304630415e-05, 6.98681423827e-09],
        "median": [5.62635941606e-05, 0.00317407911643, 0.00176263437606, 0.000755284097977, 0.00130627898034, 0.000796602864284, 0.000379768927814, 0.000188769976376, 0.000639987934846, 0.000164706769283, 0.000126699596876, 0.000139731477248, 0.000215869062231, 0.000353454233846, 0.000603172287811, 0.000857280741911, 0.000789611309301, 0.000904458167497, 0.000826547853649, 0.00142114923801, 0.000501058355439, 0.000141415090184, 9.64348873822e-05, 6.52145536151e-05, 3.72420472559e-05, 6.83155349179e-06, 3.4984770636e-10],
        "min": [7.4817613438e-08, 4.69514088763e-06, 5.19127570442e-06, 5.76409365749e-06, 1.50891555677e-05, 1.77383735718e-05, 1.07473406388e-05, 1.11335748443e-05, 1.10826067612e-05, 1.77579011051e-06, 2.26254587687e-06, 2.08263554669e-06, 3.94477592636e-06, 2.18240529648e-06, 1.45839449033e-05, 5.88815782976e-06, 3.16078585456e-05, 2.76066493825e-05, 4.85718992422e-05, 5.36644547537e-05, 3.61221354979e-05, 8.53999063111e-06, 5.76313277634e-06, 2.02781143344e-06, 6.97863981713e-07, 2.51494464143e-10, 1.82777005336e-11],
        "var": [2.25594352088e-08, 1.44858604472e-05, 6.22825155006e-06, 2.7907231015e-06, 3.7131251247e-06, 6.69088990435e-07, 3.08295540208e-07, 8.40394065449e-08, 1.31717126806e-06, 1.05011247342e-06, 9.05037040866e-07, 1.16479372991e-06, 3.13405394081e-07, 7.32026137484e-07, 1.70595728832e-06, 1.98988891498e-06, 2.19313983507e-06, 6.69708640544e-07, 4.35034280599e-07, 1.27718897147e-06, 1.77490548481e-07, 8.86401281264e-08, 4.69583447682e-08, 2.83090031417e-08, 1.12591349577e-08, 2.31914731863e-09, 2.6220719728e-14]
    },
    "erbbands": {
        "dmean": [0.0723457112908, 0.802441835403, 2.29474163055, 3.32246589661, 5.02531003952, 4.10460186005, 3.89587211609, 4.68254232407, 4.13565444946, 5.44709157944, 4.07447099686, 10.0705471039, 9.23887062073, 12.8601636887, 12.2984628677, 15.0966873169, 8.29626750946, 15.4352760315, 41.7267837524, 22.54205513, 44.5259208679, 32.4342842102, 22.929895401, 18.4269447327, 33.9880638123, 28.4639091492, 13.3578014374, 8.20827770233, 5.48763227463, 4.26225948334, 2.91265106201, 2.37663459778, 0.944921553135, 0.581958115101, 0.339075535536, 0.119396284223, 0.0281499568373, 0.00266924500465, 5.3757114074e-05, 9.81166886049e-06],
        "dmean2": [0.121414572001, 1.37118768692, 3.95076942444, 5.67185020447, 8.18090438843, 6.85097694397, 6.41137504578, 7.83334302902, 6.98781204224, 9.17566776276, 6.73035383224, 15.7154607773, 14.6287069321, 19.4675960541, 19.8160877228, 23.4224700928, 12.8900966644, 23.4230117798, 64.8339004517, 34.6250839233, 69.9343643188, 54.0603752136, 37.3271980286, 30.603181839, 55.0572128296, 45.848285675, 21.4256706238, 12.8774356842, 8.40979957581, 6.16851615906, 4.16027736664, 3.35658836365, 1.31726706028, 0.824754297733, 0.470535755157, 0.166939079762, 0.042222160846, 0.00442923931405, 8.37483603391e-05, 1.45389831232e-05],
        "dvar": [0.00662322156131, 0.797293841839, 7.21307039261, 16.4692707062, 50.3226203918, 24.2010936737, 22.6371498108, 37.1216125488, 35.9223442078, 64.6499786377, 28.2972927094, 148.818527222, 195.133300781, 609.323059082, 825.795288086, 1366.39001465, 103.279426575, 555.087158203, 3926.48876953, 948.306213379, 3607.25341797, 2258.73413086, 797.756896973, 839.601196289, 1169.57324219, 812.748352051, 208.269058228, 110.125617981, 63.4134559631, 36.5031509399, 16.3579387665, 12.7163629532, 1.80658054352, 0.719341993332, 0.300498425961, 0.0514943748713, 0.00383727252483, 4.84728370793e-05, 1.51880090726e-08, 9.88052001327e-11],
        "dvar2": [0.0183664560318, 2.13586735725, 19.5451126099, 43.3730583191, 123.135276794, 61.128780365, 57.3915977478, 99.0370407104, 97.7169036865, 175.519302368, 70.6155700684, 368.618103027, 489.953582764, 1168.10852051, 2119.58129883, 3031.76513672, 232.571548462, 1340.07971191, 9645.33984375, 2121.57495117, 8527.171875, 6110.26708984, 2151.47338867, 2320.54443359, 3070.6550293, 2122.49194336, 472.026519775, 244.770095825, 138.910598755, 72.7598800659, 33.757270813, 26.0823001862, 3.46635508537, 1.40883421898, 0.617786824703, 0.111434176564, 0.00846993364394, 0.000120430457173, 3.6000656678e-08, 2.10115994048e-10],
        "max": [0.922267615795, 6.98529052734, 21.1805648804, 33.1233863831, 61.6557922363, 73.5209579468, 53.1845054626, 89.8196640015, 93.7950286865, 92.7398376465, 72.3222808838, 128.934585571, 207.332229614, 293.727813721, 431.58493042, 653.208129883, 113.881004333, 318.043609619, 607.193969727, 343.196868896, 756.862365723, 520.328674316, 383.136962891, 456.390533447, 454.105133057, 382.448150635, 132.833282471, 151.583847046, 75.3248672485, 69.9278106689, 33.2462234497, 48.1547164917, 14.136097908, 9.17931079865, 6.74532270432, 3.21417665482, 1.02399933338, 0.0929774418473, 0.00161003810354, 0.000115155016829],
        "mean": [0.0995346978307, 1.03165531158, 2.88260531425, 4.32455825806, 5.98993062973, 5.92833662033, 6.68418264389, 8.00304412842, 7.32408809662, 8.95068264008, 7.764772892, 20.4697227478, 18.8910503387, 23.8151531219, 18.7814044952, 25.7879295349, 17.9706993103, 30.9170055389, 71.8835830688, 44.2870788574, 85.7108230591, 61.2418746948, 53.0475654602, 43.535320282, 81.3429260254, 73.514465332, 33.8141365051, 17.8075809479, 9.86277866364, 7.15188455582, 4.84603309631, 3.84551811218, 1.55520153046, 0.976536989212, 0.522013306618, 0.16835989058, 0.0321636945009, 0.00237207720056, 7.10141903255e-05, 3.66570566257e-05],
        "median": [0.0735991150141, 0.72950899601, 2.08741259575, 2.8237016201, 3.33184885979, 4.08879756927, 4.40961265564, 5.94958019257, 5.42370700836, 5.62653207779, 5.43067216873, 12.7909374237, 11.2421331406, 7.93889331818, 8.82880687714, 7.66643190384, 12.8459243774, 17.4328918457, 37.4613952637, 30.3398246765, 54.8212890625, 46.4274673462, 46.6290588379, 38.303817749, 69.8694152832, 63.2618865967, 29.7776927948, 13.2530937195, 5.40591096878, 3.51024627686, 2.38878560066, 1.91012525558, 0.731161653996, 0.46800032258, 0.226342558861, 0.0564274787903, 0.00625547301024, 0.000281902728602, 2.83379467874e-05, 3.52855895471e-05],
        "min": [0.00010875229782, 0.00251855957322, 0.00738298986107, 0.0188027527183, 0.0107802506536, 0.0504352524877, 0.0968080088496, 0.165770083666, 0.218967169523, 0.285076111555, 0.29528516531, 0.244640633464, 0.334613084793, 0.242221310735, 0.222438216209, 0.116728208959, 0.188532844186, 0.103008918464, 0.384833097458, 0.69300532341, 0.794572234154, 1.55422437191, 2.20190620422, 2.87563729286, 2.194637537, 2.18533706665, 1.92161595821, 0.946403384209, 0.337251514196, 0.146459162235, 0.123061478138, 0.0608365125954, 0.0219130087644, 0.00739039760083, 0.00391657045111, 0.000883023021743, 6.3018342189e-05, 5.99172381044e-06, 2.50298899118e-06, 3.84481336368e-06],
        "var": [0.00943271443248, 0.957681834698, 7.7099647522, 19.8132648468, 56.9430656433, 35.0455131531, 48.4775276184, 55.1296768188, 46.7927703857, 98.6148223877, 56.1784057617, 423.264892578, 539.153137207, 1630.21264648, 1312.99829102, 2795.86889648, 280.186889648, 1312.26867676, 7019.03417969, 2034.75097656, 8169.09130859, 3114.43139648, 1212.23620605, 936.934814453, 2949.28295898, 2521.8293457, 455.992156982, 206.488647461, 122.24041748, 72.1898727417, 32.5408592224, 22.8325061798, 3.79496908188, 1.50222194195, 0.556674540043, 0.0839153155684, 0.00496414490044, 4.30564869021e-05, 1.56413157981e-08, 1.98220273528e-10]
    },
    "gfcc": {
        "mean": [39.1280708313, 78.9008026123, -144.19758606, 67.0750427246, -52.534198761, 13.4936313629, -37.2011108398, 16.4249420166, -25.0817985535, 5.02174901962, -17.0868778229, -7.24108934402, -4.47745132446],
        "cov": [[856.109741211, -455.225372314, 268.867614746, -54.5975418091, -91.0490112305, 107.787033081, -139.617919922, -12.8671360016, -138.135696411, -0.0607491321862, -121.114723206, 68.8826217651, -114.54158783], [-455.225372314, 553.819091797, -215.758712769, 46.8147850037, 127.789680481, -87.5156021118, 115.985733032, -21.4735622406, 112.953842163, -14.8177757263, 99.9036254883, -72.047454834, 104.452072144], [268.867614746, -215.758712769, 306.11151123, -19.4219837189, -77.5182342529, 70.2321090698, -73.3375473022, 29.7808017731, -65.3590698242, 13.7009773254, -55.966053009, 48.5537109375, -69.4170913696], [-54.5975418091, 46.8147850037, -19.4219837189, 132.460708618, 38.5721168518, -7.47408342361, 36.0699882507, 2.63209724426, 40.0303955078, 2.5195081234, 26.0059986115, -31.3089237213, 21.0086326599], [-91.0490112305, 127.789680481, -77.5182342529, 38.5721168518, 152.368148804, -6.97569799423, 46.270160675, -2.25979614258, 34.1537971497, 15.0718212128, 20.5132923126, -25.7190704346, 19.5616149902], [107.787033081, -87.5156021118, 70.2321090698, -7.47408342361, -6.97569799423, 103.937019348, -1.60173082352, 20.8188152313, -21.9660243988, -4.71507740021, -7.48510885239, 23.6607913971, -3.52491188049], [-139.617919922, 115.985733032, -73.3375473022, 36.0699882507, 46.270160675, -1.60173082352, 109.804206848, 30.2636814117, 35.6971969604, -5.02433490753, 30.1969814301, -12.1668119431, 36.9392623901], [-12.8671360016, -21.4735622406, 29.7808017731, 2.63209724426, -2.25979614258, 20.8188152313, 30.2636814117, 80.0628433228, 22.2424602509, 9.08063411713, -3.52812862396, 4.82253360748, 14.0835914612], [-138.135696411, 112.953842163, -65.3590698242, 40.0303955078, 34.1537971497, -21.9660243988, 35.6971969604, 22.2424602509, 86.9674911499, 21.1939544678, 29.6335105896, -25.9662971497, 28.7062187195], [-0.0607491321862, -14.8177757263, 13.7009773254, 2.5195081234, 15.0718212128, -4.71507740021, -5.02433490753, 9.08063411713, 21.1939544678, 60.2901382446, 23.306432724, -1.37277960777, -14.4927167892], [-121.114723206, 99.9036254883, -55.966053009, 26.0059986115, 20.5132923126, -7.48510885239, 30.1969814301, -3.52812862396, 29.6335105896, 23.306432724, 81.3320159912, 13.6814365387, 23.4862918854], [68.8826217651, -72.047454834, 48.5537109375, -31.3089237213, -25.7190704346, 23.6607913971, -12.1668119431, 4.82253360748, -25.9662971497, -1.37277960777, 13.6814365387, 80.1933441162, 9.27205753326], [-114.54158783, 104.452072144, -69.4170913696, 21.0086326599, 19.5616149902, -3.52491188049, 36.9392623901, 14.0835914612, 28.7062187195, -14.4927167892, 23.4862918854, 9.27205753326, 90.7814788818]],
        "icov": [[0.00279180170037, 0.000323232583469, 0.000172354717506, -0.00136167148594, 8.86632551556e-05, -0.00174382294063, 0.00132708158344, 0.000180823059054, 0.00180043873843, -0.00162447977345, 0.00340597052127, -0.00220468477346, 0.00145798979793], [0.000323232583469, 0.0103831328452, -0.00567782949656, 0.00809410773218, -0.0058317524381, 0.00590181350708, -0.00487210880965, 0.00597910676152, -0.00808530673385, 0.0107710538432, -0.0143995201215, 0.0119359577075, -0.00843049958348], [0.000172354717506, -0.00567782949656, 0.0118907624856, -0.00841544754803, 0.00524499453604, -0.00660270825028, 0.00571378273889, -0.0072410707362, 0.0076870075427, -0.0099030919373, 0.0131589369848, -0.0117661086842, 0.00898772198707], [-0.00136167148594, 0.00809410773218, -0.00841544754803, 0.0190637651831, -0.00645408174023, 0.00614233594388, -0.00684056105092, 0.00693586515263, -0.0113431876525, 0.012598330155, -0.0182025376707, 0.0164367947727, -0.00991254858673], [8.86632551556e-05, -0.0058317524381, 0.00524499453604, -0.00645408174023, 0.012496269308, -0.00499546527863, -1.05696335595e-05, -0.00166230963077, 0.00434735324234, -0.0101761538535, 0.0103621054441, -0.00650716340169, 0.00468614371493], [-0.00174382294063, 0.00590181350708, -0.00660270825028, 0.00614233594388, -0.00499546527863, 0.0175495222211, -0.0045186621137, 0.000722237396985, -0.00371711142361, 0.00946196634322, -0.0124199222773, 0.00755610316992, -0.00684924330562], [0.00132708158344, -0.00487210880965, 0.00571378273889, -0.00684056105092, -1.05696335595e-05, -0.0045186621137, 0.019827503711, -0.0106669086963, 0.00498715275899, -0.0018642359646, 0.00438732840121, -0.00632853759453, 0.00428284704685], [0.000180823059054, 0.00597910676152, -0.0072410707362, 0.00693586515263, -0.00166230963077, 0.000722237396985, -0.0106669086963, 0.0242831315845, -0.0117449983954, 0.0025079625193, -0.00386736402288, 0.00635084602982, -0.00836780574173], [0.00180043873843, -0.00808530673385, 0.0076870075427, -0.0113431876525, 0.00434735324234, -0.00371711142361, 0.00498715275899, -0.0117449983954, 0.031255364418, -0.0169308818877, 0.0111309066415, -0.00646842550486, 0.00398393021896], [-0.00162447977345, 0.0107710538432, -0.0099030919373, 0.012598330155, -0.0101761538535, 0.00946196634322, -0.0018642359646, 0.0025079625193, -0.0169308818877, 0.0402176752687, -0.0290715713054, 0.0161676555872, -0.00435693468899], [0.00340597052127, -0.0143995201215, 0.0131589369848, -0.0182025376707, 0.0103621054441, -0.0124199222773, 0.00438732840121, -0.00386736402288, 0.0111309066415, -0.0290715713054, 0.0498727224767, -0.0299829952419, 0.0132383834571], [-0.00220468477346, 0.0119359577075, -0.0117661086842, 0.0164367947727, -0.00650716340169, 0.00755610316992, -0.00632853759453, 0.00635084602982, -0.00646842550486, 0.0161676555872, -0.0299829952419, 0.0382975526154, -0.0175586882979], [0.00145798979793, -0.00843049958348, 0.00898772198707, -0.00991254858673, 0.00468614371493, -0.00684924330562, 0.00428284704685, -0.00836780574173, 0.00398393021896, -0.00435693468899, 0.0132383834571, -0.0175586882979, 0.0264144577086]]
    },
    "melbands": {
        "dmean": [0.000742470496334, 0.00112701556645, 0.000583282962907, 0.000334870070219, 0.000132189306896, 0.000102182915725, 6.54842588119e-05, 5.31092955498e-05, 3.73137081624e-05, 7.13539557182e-05, 4.73818363389e-05, 5.35002945981e-05, 4.51024570793e-05, 3.56729651685e-05, 2.70340533461e-05, 2.26978008868e-05, 3.01565360132e-05, 6.78888463881e-05, 3.29712165694e-05, 4.01771430916e-05, 6.12841831753e-05, 4.23925812356e-05, 2.04209736694e-05, 2.82549517578e-05, 1.49898341988e-05, 2.13210041693e-05, 3.43503343174e-05, 1.83397642104e-05, 9.14654810913e-06, 6.48817103865e-06, 4.90507591167e-06, 3.34676747116e-06, 2.86636327473e-06, 2.42540454565e-06, 1.71331851107e-06, 1.96525957108e-06, 1.29085333356e-06, 6.94194852713e-07, 5.63144112675e-07, 5.49778462755e-07],
        "dmean2": [0.00124296918511, 0.00192555971444, 0.000980777898803, 0.000550720142201, 0.000218592438614, 0.000170883751707, 0.000110786801088, 8.92525567906e-05, 6.1927952629e-05, 0.000111979868961, 7.45181678212e-05, 8.08672994026e-05, 7.1940048656e-05, 5.62945679121e-05, 4.13020352426e-05, 3.55387383024e-05, 4.62326570414e-05, 0.000105685256131, 5.16603977303e-05, 6.08441841905e-05, 9.60901525104e-05, 6.99431984685e-05, 3.30011243932e-05, 4.69907645311e-05, 2.5107368856e-05, 3.50299451384e-05, 5.60243424843e-05, 2.98012055282e-05, 1.47580740304e-05, 1.04483715404e-05, 7.71360828367e-06, 5.26004077983e-06, 4.3995132728e-06, 3.59679415851e-06, 2.57135593529e-06, 2.84566658593e-06, 1.86581655726e-06, 1.00467161701e-06, 8.15569933366e-07, 8.09903440313e-07],
        "dvar": [5.95524852542e-07, 1.63941319897e-06, 4.4245066988e-07, 1.92204737459e-07, 2.49092586557e-08, 1.69116791682e-08, 8.8805371945e-09, 5.81239989472e-09, 2.64197552724e-09, 7.92294230223e-09, 5.00460561881e-09, 1.15537845957e-08, 1.17946408196e-08, 4.62622429254e-09, 4.35330616e-09, 1.13275466784e-09, 2.40172415289e-09, 1.06027169267e-08, 1.68322034089e-09, 2.90180679485e-09, 7.44979722356e-09, 4.57412641097e-09, 4.14454609521e-10, 2.28912244715e-09, 5.32161203992e-10, 5.24950971581e-10, 1.33411237613e-09, 3.5134126164e-10, 9.87344581094e-11, 5.89071152968e-11, 4.15733211745e-11, 2.17666232261e-11, 2.11033135411e-11, 1.11981153517e-11, 6.30787696382e-12, 8.52081773195e-12, 3.5766567659e-12, 1.02020865714e-12, 6.54481297716e-13, 7.11239552496e-13],
        "dvar2": [1.65546771314e-06, 4.39036057287e-06, 1.13855344352e-06, 4.85598661726e-07, 6.35378967218e-08, 4.5268730986e-08, 2.4275069066e-08, 1.59039768022e-08, 6.5010095085e-09, 1.99208347595e-08, 1.26556205515e-08, 2.17619806619e-08, 3.02141849318e-08, 1.06064632632e-08, 9.60160484453e-09, 2.30321495209e-09, 5.92212145989e-09, 2.62882320357e-08, 4.1797845185e-09, 6.34368113595e-09, 1.78830052988e-08, 1.21509788897e-08, 1.12327458446e-09, 6.47751408067e-09, 1.45695933096e-09, 1.38604094868e-09, 3.52851992069e-09, 9.27638299508e-10, 2.32318220217e-10, 1.45250131367e-10, 9.2646668115e-11, 4.89246768098e-11, 4.66246312392e-11, 2.29848050315e-11, 1.35447790137e-11, 1.87752625946e-11, 7.51790990572e-12, 2.05794409291e-12, 1.37978376554e-12, 1.48613012087e-12],
        "max": [0.00738476449624, 0.0104180546477, 0.00477420166135, 0.00424918113276, 0.00202785339206, 0.00191093038302, 0.00136174331419, 0.000833519210573, 0.000667378481012, 0.00114743306767, 0.00101186183747, 0.00128101697192, 0.00178444921039, 0.00110923009925, 0.00140843586996, 0.000462634372525, 0.000734384462703, 0.000916387303732, 0.000393665395677, 0.000795310479589, 0.000977046205662, 0.00071395986015, 0.000226623000344, 0.000792253122199, 0.000374119525077, 0.000322005915223, 0.000454386492493, 0.000209637597436, 9.97503811959e-05, 7.21652759239e-05, 0.000113874972158, 4.65068878839e-05, 6.77880234434e-05, 3.56439049938e-05, 2.26152933465e-05, 4.17591108999e-05, 2.53146499745e-05, 9.27364635572e-06, 9.47035005083e-06, 8.64925004862e-06],
        "mean": [0.00104516360443, 0.0015174850123, 0.000796958745923, 0.000442922988441, 0.000230572433793, 0.000177547655767, 0.000118742413179, 8.82821332198e-05, 6.71009038342e-05, 0.00014526603627, 9.30402457016e-05, 9.56815929385e-05, 6.45815525786e-05, 5.89361043239e-05, 4.65782286483e-05, 4.66046221845e-05, 5.48930547666e-05, 0.000114843525807, 6.01576757617e-05, 7.3234012234e-05, 0.000106870422314, 6.88034124323e-05, 4.18899835495e-05, 5.54404323339e-05, 3.0132199754e-05, 4.33379391325e-05, 7.50108083594e-05, 4.23858073191e-05, 2.11095120903e-05, 1.39987951115e-05, 9.39284836932e-06, 5.77783430344e-06, 4.30027876064e-06, 3.90498735214e-06, 2.67205200544e-06, 3.07624986817e-06, 1.96465748559e-06, 1.04336015738e-06, 9.08492665985e-07, 8.52874393331e-07],
        "median": [0.000828649906907, 0.00114774983376, 0.000536918116268, 0.000279790954664, 0.000167745107319, 0.000137215014547, 8.82640088093e-05, 5.76367892791e-05, 4.29317478847e-05, 8.8355387561e-05, 5.19905042893e-05, 2.80900276266e-05, 2.04399548238e-05, 1.78689333552e-05, 2.04875759664e-05, 2.46935542236e-05, 2.75513830275e-05, 6.20925638941e-05, 3.96644791181e-05, 4.3078300223e-05, 6.24635213171e-05, 4.39768155047e-05, 3.61651545973e-05, 4.45125660917e-05, 2.53552861977e-05, 3.65807791241e-05, 6.19769853074e-05, 3.58580109605e-05, 1.78329810296e-05, 1.15467764772e-05, 6.60876094116e-06, 3.28107898895e-06, 1.87310774891e-06, 2.02202932087e-06, 1.18727461995e-06, 1.55571160576e-06, 9.20686431982e-07, 4.68063603876e-07, 3.99159830522e-07, 4.04369245643e-07],
        "min": [9.95910454549e-07, 4.719239314e-06, 3.07239679387e-06, 2.06487698051e-06, 3.09438905788e-06, 4.04015963795e-06, 3.03915703626e-06, 2.83239228338e-06, 1.5158145743e-06, 1.78714844878e-06, 1.19451897262e-06, 1.16139915463e-07, 4.85224461499e-07, 3.0648777738e-07, 4.02466753258e-07, 3.27774870357e-07, 1.72464439174e-07, 4.45257057891e-07, 1.21475022752e-06, 4.79321727198e-07, 4.07546963288e-07, 1.44787418321e-06, 1.20208642329e-06, 1.48724006976e-06, 1.86859415408e-06, 1.43559395838e-06, 7.50946526296e-07, 1.04571404336e-06, 9.82572146313e-07, 6.35806713944e-07, 4.51251111144e-07, 1.96502085714e-07, 5.26170218507e-08, 8.11822502556e-08, 4.38876774922e-08, 6.16643944795e-08, 2.29441941002e-08, 1.0171889997e-08, 5.67183811029e-09, 2.07573139233e-10],
