{
"highlevel": {
    "danceability": {
        "all": {
            "danceable": 0.888861000538,
            "not_danceable": 0.111139021814
        },
        "probability": 0.888861000538,
        "value": "danceable"
    },
    "gender": {
        "all": {
            "female": 0.385617136955,
            "male": 0.614382863045
        },
        "probability": 0.614382863045,
        "value": "male"
    },
    "genre_dortmund": {
        "all": {
            "alternative": 0.124793276191,
            "blues": 0.256269693375,
            "electronic": 0.0749723091722,
            "folkcountry": 0.0600355230272,
            "funksoulrnb": 0.0279425680637,
            "jazz": 0.224840819836,
            "pop": 0.0164398923516,
            "raphiphop": 0.0626687780023,
            "rock": 0.152037128806
        },
        "probability": 0.256269693375,
        "value": "blues"
    },
    "genre_electronic": {
        "all": {
            "ambient": 0.038683578372,
            "dnb": 0.0521206222475,
            "house": 0.757324457169,
            "techno": 0.0128361750394,
            "trance": 0.139035150409
        },
        "probability": 0.757324457169,
        "value": "house"
    },
    "genre_rosamerica": {
        "all": {
            "cla": 0.0221121329814,
            "dan": 0.0155312502757,
            "hip": 0.0577670745552,
            "jaz": 0.0376642979681,
            "pop": 0.0642931461334,
            "rhy": 0.653297841549,
            "roc": 0.0574877560139,
            "spe": 0.0918464884162
        },
        "probability": 0.653297841549,
        "value": "rhy"
    },
    "genre_tzanetakis": {
        "all": {
            "blu": 0.402552992105,
            "cla": 0.00736506469548,
            "cou": 0.0151572842151,
            "dis": 0.0657811313868,
            "hip": 0.133572682738,
            "jaz": 0.0256262142211,
            "met": 0.0131427012384,
            "pop": 0.0138773489743,
            "reg": 0.301040142775,
            "roc": 0.0218844674528
        },
        "probability": 0.402552992105,
        "value": "blu"
    },
    "ismir04_rhythm": {
        "all": {
            "ChaChaCha": 0.0177910625935,
            "Jive": 0.0156666710973,
            "Quickstep": 0.00769613310695,
            "Rumba-American": 0.00700058741495,
            "Rumba-International": 0.0362834110856,
            "Rumba-Misc": 0.0139427036047,
            "Samba": 0.00909586530179,
            "Tango": 0.627181887627,
            "VienneseWaltz": 0.260528743267,
            "Waltz": 0.00481291068718
        },
        "probability": 0.627181887627,
        "value": "Tango"
    },
    "mood_acoustic": {
        "all": {
            "acoustic": 0.0341208353639,
            "not_acoustic": 0.965879142284
        },
        "probability": 0.965879142284,
        "value": "not_acoustic"
    },
    "mood_aggressive": {
        "all": {
            "aggressive": 0.0431419163942,
            "not_aggressive": 0.956858098507
        },
        "probability": 0.956858098507,
        "value": "not_aggressive"
    },
    "mood_electronic": {
        "all": {
            "electronic": 0.736626803875,
            "not_electronic": 0.263373196125
        },
        "probability": 0.736626803875,
        "value": "electronic"
    },
    "mood_happy": {
        "all": {
            "happy": 0.151443257928,
            "not_happy": 0.848556756973
        },
        "probability": 0.848556756973,
        "value": "not_happy"
    },
    "mood_party": {
        "all": {
            "not_party": 0.922478079796,
            "party": 0.0775218904018
        },
        "probability": 0.922478079796,
        "value": "not_party"
    },
    "mood_relaxed": {
        "all": {
            "not_relaxed": 0.244888558984,
            "relaxed": 0.755111455917
        },
        "probability": 0.755111455917,
        "value": "relaxed"
    },
    "mood_sad": {
        "all": {
            "not_sad": 0.718410730362,
            "sad": 0.281589239836
        },
        "probability": 0.718410730362,
        "value": "not_sad"
    },
    "moods_mirex": {
        "all": {
            "Cluster1": 0.249634981155,
            "Cluster2": 0.217273101211,
            "Cluster3": 0.196529060602,
            "Cluster4": 0.135107457638,
            "Cluster5": 0.201455414295
        },
        "probability": 0.249634981155,
        "value": "Cluster1"
    },
    "timbre": {
        "all": {
            "bright": 0.452291220427,
            "dark": 0.547708749771
        },
        "probability": 0.547708749771,
        "value": "dark"
    },
    "tonal_atonal": {
        "all": {
            "atonal": 0.799810230732,
            "tonal": 0.200189784169
        },
        "probability": 0.799810230732,
        "value": "atonal"
    },
    "voice_instrumental": {
        "all": {
            "instrumental": 0.188078030944,
            "voice": 0.811921954155
        },
        "probability": 0.811921954155,
        "value": "voice"
    }
},
"lowlevel": {
    "average_loudness": 0.959397792816,
    "barkbands_crest": {
        "dmean": 2.86708688736,
        "dmean2": 4.69314146042,
        "dvar": 6.58763742447,
        "dvar2": 16.6828536987,
        "max": 23.8512954712,
        "mean": 11.3475599289,
        "median": 10.6809215546,
        "min": 3.5285243988,
        "var": 15.5271730423
    },
    "barkbands_flatness_db": {
        "dmean": 0.0329911597073,
        "dmean2": 0.0494018942118,
        "dvar": 0.00105475459713,
        "dvar2": 0.00212354562245,
        "max": 0.477874755859,
        "mean": 0.242518752813,
        "median": 0.23687620461,
        "min": 0.102066785097,
        "var": 0.00414841854945
    },
    "barkbands_kurtosis": {
        "dmean": 6.53177309036,
        "dmean2": 10.2323322296,
        "dvar": 169.704544067,
        "dvar2": 393.505157471,
        "max": 191.921188354,
        "mean": 8.98272228241,
        "median": 3.30203294754,
        "min": -1.7981698513,
        "var": 307.613220215
    },
    "barkbands_skewness": {
        "dmean": 0.833475470543,
        "dmean2": 1.26330661774,
        "dvar": 0.811804711819,
        "dvar2": 1.79860174656,
        "max": 9.78486919403,
        "mean": 1.89671206474,
        "median": 1.66269934177,
        "min": -2.17189645767,
        "var": 2.72462797165
    },
    "barkbands_spread": {
        "dmean": 5.6493844986,
        "dmean2": 8.67179965973,
        "dvar": 59.5044326782,
        "dvar2": 139.275604248,
        "max": 74.9578704834,
        "mean": 14.5670967102,
        "median": 11.8665046692,
        "min": 0.320224940777,
        "var": 121.348731995
    },
    "dissonance": {
        "dmean": 0.0304432716221,
        "dmean2": 0.0507134944201,
        "dvar": 0.00073176168371,
        "dvar2": 0.00201320881024,
        "max": 0.499282211065,
        "mean": 0.439188033342,
        "median": 0.447911322117,
        "min": 0.263885498047,
        "var": 0.00145321665332
    },
    "dynamic_complexity": 2.79262685776,
    "erbbands_crest": {
        "dmean": 3.83751034737,
        "dmean2": 6.06764554977,
        "dvar": 10.6233253479,
        "dvar2": 24.5089874268,
        "max": 30.4775657654,
        "mean": 12.108915329,
        "median": 11.0941333771,
        "min": 3.23135280609,
        "var": 29.0241355896
    },
    "erbbands_flatness_db": {
        "dmean": 0.0253769699484,
        "dmean2": 0.0340112745762,
        "dvar": 0.00047971442109,
        "dvar2": 0.000909807509743,
        "max": 0.389249503613,
        "mean": 0.241756781936,
        "median": 0.238695114851,
        "min": 0.126350685954,
        "var": 0.00188118347432
    },
    "erbbands_kurtosis": {
        "dmean": 1.84666907787,
        "dmean2": 2.95415782928,
        "dvar": 9.68543338776,
        "dvar2": 21.5510177612,
        "max": 47.0928649902,
        "mean": 1.3860129118,
        "median": 0.140285015106,
        "min": -1.79962766171,
        "var": 16.760931015
    },
    "erbbands_skewness": {
        "dmean": 0.582172989845,
        "dmean2": 0.866779983044,
        "dvar": 0.320333778858,
        "dvar2": 0.708933591843,
        "max": 5.81420183182,
        "mean": 0.419381350279,
        "median": 0.389999479055,
        "min": -3.4856877327,
        "var": 1.22279715538
    },
    "erbbands_spread": {
        "dmean": 10.7307062149,
        "dmean2": 16.3188972473,
        "dvar": 169.514221191,
        "dvar2": 373.17010498,
        "max": 115.786087036,
        "mean": 32.42237854,
        "median": 30.4358673096,
        "min": 1.53229141235,
        "var": 340.262145996
    },
    "hfc": {
        "dmean": 6.12587690353,
        "dmean2": 9.03303337097,
        "dvar": 73.2388305664,
        "dvar2": 163.780929565,
        "max": 82.7961730957,
        "mean": 16.6619243622,
        "median": 12.6200418472,
        "min": 0.234060764313,
        "var": 197.845108032
    },
    "melbands_crest": {
        "dmean": 4.05624437332,
        "dmean2": 6.62920665741,
        "dvar": 12.8568353653,
        "dvar2": 33.1991577148,
        "max": 36.5838661194,
        "mean": 16.705499649,
        "median": 16.025188446,
        "min": 5.18557882309,
        "var": 32.9673042297
    },
    "melbands_flatness_db": {
        "dmean": 0.0416637435555,
        "dmean2": 0.0598910003901,
        "dvar": 0.00187692511827,
        "dvar2": 0.00358766526915,
        "max": 0.601365029812,
        "mean": 0.314010173082,
        "median": 0.307735353708,
        "min": 0.0919152796268,
        "var": 0.00777648761868
    },
    "melbands_kurtosis": {
        "dmean": 14.3019256592,
        "dmean2": 22.9712715149,
        "dvar": 893.004272461,
        "dvar2": 2133.53588867,
        "max": 367.128662109,
        "mean": 21.4362888336,
        "median": 10.1638374329,
        "min": -1.81060183048,
        "var": 1468.71179199
    },
    "melbands_skewness": {
        "dmean": 1.09998810291,
        "dmean2": 1.66968619823,
        "dvar": 1.57352554798,
        "dvar2": 3.52530622482,
        "max": 15.3281440735,
        "mean": 2.96032810211,
        "median": 2.60548853874,
        "min": -1.78983187675,
        "var": 4.78492879868
    },
    "melbands_spread": {
        "dmean": 7.17373418808,
        "dmean2": 11.1792631149,
        "dvar": 155.702774048,
        "dvar2": 403.409698486,
        "max": 154.289596558,
        "mean": 15.9860610962,
        "median": 11.9718961716,
        "min": 0.283045828342,
        "var": 233.075790405
    },
    "pitch_salience": {
        "dmean": 0.0833887681365,
        "dmean2": 0.137361481786,
        "dvar": 0.00589638808742,
        "dvar2": 0.0148535491899,
        "max": 0.802573263645,
        "mean": 0.49006664753,
        "median": 0.488371908665,
        "min": 0.0784984603524,
        "var": 0.0122233387083
    },
    "silence_rate_20dB": {
        "dmean": 0,
        "dmean2": 0,
        "dvar": 0,
        "dvar2": 0,
        "max": 1,
        "mean": 1,
        "median": 1,
        "min": 1,
        "var": 0
    },
    "silence_rate_30dB": {
        "dmean": 0.0727554187179,
        "dmean2": 0.145623549819,
        "dvar": 0.0674626231194,
        "dvar2": 0.15385389328,
        "max": 1,
        "mean": 0.932714641094,
        "median": 1,
        "min": 0,
        "var": 0.0627577155828
    },
    "silence_rate_60dB": {
        "dmean": 0.0247678011656,
        "dmean2": 0.0495739728212,
        "dvar": 0.0241545289755,
        "dvar2": 0.0564109161496,
        "max": 1,
        "mean": 0.0309358090162,
        "median": 0,
        "min": 0,
        "var": 0.0299791768193
    },
    "spectral_centroid": {
        "dmean": 270.360717773,
        "dmean2": 405.482696533,
        "dvar": 138227.046875,
        "dvar2": 316013.21875,
        "max": 4379.68798828,
        "mean": 909.558410645,
        "median": 778.632385254,
        "min": 147.819854736,
        "var": 326669.03125
    },
    "spectral_complexity": {
        "dmean": 2.79876160622,
        "dmean2": 4.36483335495,
        "dvar": 12.2767772675,
        "dvar2": 27.7468414307,
        "max": 45,
        "mean": 13.5452432632,
        "median": 13,
        "min": 1,
        "var": 39.8210639954
    },
    "spectral_decrease": {
        "dmean": 4.65276350781e-09,
        "dmean2": 6.96987445536e-09,
        "dvar": 3.94297178757e-17,
        "dvar2": 8.73557254602e-17,
        "max": -1.62077670729e-10,
        "mean": -1.08768727358e-08,
        "median": -8.15863110404e-09,
        "min": -5.42667244474e-08,
        "var": 9.16794911662e-17
    },
    "spectral_energy": {
        "dmean": 0.0179488435388,
        "dmean2": 0.0268361996859,
        "dvar": 0.000575809157453,
        "dvar2": 0.00127120886464,
        "max": 0.207653254271,
        "mean": 0.0425630882382,
        "median": 0.0318326689303,
        "min": 0.000639132922515,
        "var": 0.00135421240702
    },
    "spectral_energyband_high": {
        "dmean": 0.000375251984224,
        "dmean2": 0.000609900685959,
        "dvar": 1.09577308649e-06,
        "dvar2": 2.79327787212e-06,
        "max": 0.0122212497517,
        "mean": 0.000357099197572,
        "median": 7.69086109358e-05,
        "min": 2.13741685684e-07,
        "var": 9.04614694264e-07
    },
    "spectral_energyband_low": {
        "dmean": 0.0128724109381,
        "dmean2": 0.0198391154408,
        "dvar": 0.00047319533769,
        "dvar2": 0.00109528074972,
        "max": 0.188236087561,
        "mean": 0.0234964322299,
        "median": 0.0118874162436,
        "min": 3.9576421841e-05,
        "var": 0.000951512134634
    },
    "spectral_energyband_middle_high": {
        "dmean": 0.00182562752161,
        "dmean2": 0.00250486540608,
        "dvar": 9.20543698157e-06,
        "dvar2": 1.51167878357e-05,
        "max": 0.0538793839514,
        "mean": 0.00503617990762,
        "median": 0.00227492698468,
        "min": 1.95579123101e-05,
        "var": 5.48396565136e-05
    },
    "spectral_energyband_middle_low": {
        "dmean": 0.00908607430756,
        "dmean2": 0.0138605693355,
        "dvar": 0.000179035007022,
        "dvar2": 0.000389693654142,
        "max": 0.119389526546,
        "mean": 0.0161636322737,
        "median": 0.0102660274133,
        "min": 0.000256329047261,
        "var": 0.000299401290249
    },
    "spectral_entropy": {
        "dmean": 0.289429426193,
        "dmean2": 0.414872318506,
        "dvar": 0.0869287848473,
        "dvar2": 0.16769169271,
        "max": 8.10978603363,
        "mean": 6.84808969498,
        "median": 6.85704421997,
        "min": 4.95247983932,
        "var": 0.247462704778
    },
    "spectral_flux": {
        "dmean": 0.0429227240384,
        "dmean2": 0.0692137628794,
        "dvar": 0.00202987669036,
        "dvar2": 0.0048887534067,
        "max": 0.369534254074,
        "mean": 0.105332165956,
        "median": 0.091260895133,
        "min": 0.0123669113964,
        "var": 0.00413506478071
    },
    "spectral_kurtosis": {
        "dmean": 6.32622003555,
        "dmean2": 10.1644535065,
        "dvar": 47.9781303406,
        "dvar2": 104.48677063,
        "max": 88.9994812012,
        "mean": 8.95574760437,
        "median": 6.14338302612,
        "min": -1.13030827045,
        "var": 94.5082855225
    },
    "spectral_rms": {
        "dmean": 0.00130520912353,
        "dmean2": 0.00188990146853,
        "dvar": 2.08084975384e-06,
        "dvar2": 4.11689006796e-06,
        "max": 0.014233360067,
        "mean": 0.00584035180509,
        "median": 0.00557281449437,
        "min": 0.000789648212958,
        "var": 7.41520034353e-06
    },
    "spectral_rolloff": {
        "dmean": 409.713195801,
        "dmean2": 709.762817383,
        "dvar": 805796.6875,
        "dvar2": 2048086.25,
        "max": 6287.6953125,
        "mean": 891.572143555,
        "median": 559.86328125,
        "min": 64.599609375,
        "var": 901765.8125
    },
    "spectral_skewness": {
        "dmean": 0.605751037598,
        "dmean2": 0.929772615433,
        "dvar": 0.328902542591,
        "dvar2": 0.687586069107,
        "max": 6.99853897095,
        "mean": 1.83051764965,
        "median": 1.69744992256,
        "min": -0.456581830978,
        "var": 0.942149877548
    },
    "spectral_spread": {
        "dmean": 615318.4375,
        "dmean2": 849508.5625,
        "dvar": 784818241536,
        "dvar2": 1.2238412841e+12,
        "max": 25230522,
        "mean": 2800985.25,
        "median": 2625586.75,
        "min": 941669.125,
        "var": 1.27932681421e+12
    },
    "spectral_strongpeak": {
        "dmean": 0.654412209988,
        "dmean2": 1.10026395321,
        "dvar": 1.37749087811,
        "dvar2": 3.32591056824,
        "max": 10.8890886307,
        "mean": 1.04849028587,
        "median": 0.560614049435,
        "min": 0,
        "var": 2.08136105537
    },
    "zerocrossingrate": {
        "dmean": 0.00923010334373,
        "dmean2": 0.011283419095,
        "dvar": 0.000141043346957,
        "dvar2": 0.000206428434467,
        "max": 0.1806640625,
        "mean": 0.0345686525106,
        "median": 0.029296875,
        "min": 0.00244140625,
        "var": 0.00049685058184
    },
    "barkbands": {
        "dmean": [0.00135029188823, 0.00622460059822, 0.00625098589808, 0.0046809935011, 0.00239918287843, 0.00226581399329, 0.000964590290096, 0.000483410287416, 0.00125376519281, 0.000519794528373, 0.000228974153288, 0.000331062125042, 0.000517503765877, 0.000456209905678, 0.000207632983802, 0.000346947548678, 0.000250909244642, 6.76490017213e-05, 5.3639003454e-05, 6.37437187834e-05, 7.25041682017e-05, 0.000243366113864, 4.10431748605e-05, 1.9767356207e-05, 6.58429186728e-08, 4.18153831561e-08, 5.75695668914e-09],
        "dmean2": [0.00191843078937, 0.00961510371417, 0.00987733434886, 0.00756876869127, 0.00377786811441, 0.00350332562812, 0.00162803579587, 0.000803862931207, 0.00192242732737, 0.000699827622157, 0.000336524535669, 0.000496663735248, 0.000744249438867, 0.000672169495374, 0.000302195374388, 0.000536579405889, 0.000396271847421, 0.000108747728518, 8.69343202794e-05, 9.91507113213e-05, 0.000117515926831, 0.000414778100094, 6.8523659138e-05, 3.17488047585e-05, 1.17065759753e-07, 7.3199331041e-08, 1.07563513652e-08],
        "dvar": [1.11812805699e-05, 0.000106632825918, 0.000213601088035, 9.84554644674e-05, 1.67256021086e-05, 1.26593513414e-05, 3.89778915633e-06, 3.52392930836e-06, 1.25806136566e-05, 3.5321836549e-06, 3.6785723978e-07, 1.64533707903e-06, 2.20495780923e-06, 2.02699879992e-06, 3.91410850398e-07, 5.10008021593e-07, 4.6579134505e-07, 2.67931472564e-08, 1.35200508566e-08, 1.36701956421e-08, 4.04075244376e-08, 6.57453824715e-07, 1.66092153364e-08, 2.93474622381e-09, 6.17893323313e-14, 3.03916099101e-14, 1.72523522466e-15],
        "dvar2": [2.32144011534e-05, 0.000261655513896, 0.000481720082462, 0.000236710679019, 4.21730837843e-05, 3.03796005028e-05, 9.74915474217e-06, 9.42948463489e-06, 2.65683956968e-05, 5.74628029426e-06, 7.3801822964e-07, 3.26088206748e-06, 4.43686440121e-06, 3.56987561645e-06, 6.3961408614e-07, 1.13978489935e-06, 1.16628405067e-06, 6.86654360038e-08, 3.48816300288e-08, 3.37641310466e-08, 1.04131906653e-07, 1.73504349732e-06, 4.41989911337e-08, 7.01911373469e-09, 1.74563122746e-13, 8.27412614877e-14, 5.05876832869e-15],
        "max": [0.0473980084062, 0.135272979736, 0.121948026121, 0.0723298564553, 0.0447258576751, 0.0354908555746, 0.0339354276657, 0.028518460691, 0.0510784052312, 0.0404119752347, 0.0135578596964, 0.0272768232971, 0.0308516751975, 0.0258208625019, 0.0179161932319, 0.0108575355262, 0.0130742639303, 0.00339133641683, 0.00149753992446, 0.0017685511848, 0.0021406612359, 0.0104986866936, 0.00124022271484, 0.000499947287608, 4.45564910478e-06, 2.20974402509e-06, 9.13391374979e-07],
        "mean": [0.00175559474155, 0.0108458437026, 0.00855457037687, 0.00476844003424, 0.00359357637353, 0.00349301169626, 0.00146577646956, 0.000586255220696, 0.00194367847871, 0.00116917549167, 0.000415006477851, 0.000586544629186, 0.000771566352341, 0.00076477881521, 0.000304158340441, 0.000568624702282, 0.000391709036194, 0.000103211539681, 7.25231584511e-05, 9.69950124272e-05, 7.70586557337e-05, 0.000185557699297, 3.26075241901e-05, 1.6766738554e-05, 5.28545598399e-08, 3.39702523888e-08, 3.65201824337e-09],
        "median": [0.00023772905115, 0.00454002525657, 0.0022653399501, 0.000692324421834, 0.0015298576327, 0.00146600231528, 0.00060725241201, 0.000133786932565, 0.000399950309657, 0.000105897714093, 7.28141967556e-05, 9.64058563113e-05, 0.000125240825582, 0.000180458417162, 4.89984049636e-05, 0.000194516935153, 0.000123627847643, 4.19311581936e-05, 2.54088827205e-05, 3.57228200301e-05, 1.42882445289e-05, 1.801745384e-05, 4.49826711701e-06, 2.02179126063e-06, 9.03851837819e-09, 4.71404382196e-09, 4.99549790423e-10],
        "min": [1.96945876496e-07, 8.11296467873e-06, 3.08395419779e-06, 2.67947302746e-06, 7.04305966792e-06, 1.58525126608e-05, 9.76734372671e-06, 1.19099274798e-06, 3.63341405318e-06, 2.27040891332e-06, 2.16728608393e-07, 3.81559374318e-07, 9.14418592401e-07, 9.14477936931e-07, 5.43097598893e-07, 9.39216931783e-07, 6.15759574885e-07, 3.43015557291e-07, 8.33964861613e-08, 4.56639632773e-08, 5.13141173997e-08, 4.14831049511e-08, 2.23857838932e-08, 6.21981965931e-10, 7.2259494395e-12, 6.95365466596e-12, 8.88739516008e-12],
        "var": [1.93062187464e-05, 0.000246025301749, 0.000271445664112, 0.00010232051136, 2.47707830567e-05, 2.38567190536e-05, 7.97913708084e-06, 3.75543982045e-06, 2.39871715166e-05, 2.14307256101e-05, 1.17509307529e-06, 4.24303107138e-06, 4.8991469157e-06, 6.12370740782e-06, 1.13222733944e-06, 1.06037589376e-06, 6.11601024048e-07, 3.39256835957e-08, 1.90212965379e-08, 2.36860842051e-08, 3.51267921417e-08, 4.71787643619e-07, 1.20073497811e-08, 2.7143658432e-09, 3.85071647149e-14, 2.06666484598e-14, 9.21846602925e-16]
    },
    "erbbands": {
        "dmean": [0.235802233219, 1.3137499094, 5.87820577621, 12.7642889023, 11.7004947662, 5.47276258469, 20.3070316315, 13.5808372498, 16.5335273743, 9.39442634583, 12.7857532501, 29.6380310059, 19.5829467773, 9.78147411346, 11.4280347824, 12.9914245605, 23.4352111816, 18.6870117188, 15.4259052277, 11.7221107483, 19.0219841003, 14.4654035568, 4.47410154343, 2.41726446152, 2.89810276031, 3.04921984673, 2.86391353607, 2.78274250031, 8.29450893402, 5.901658535, 0.973136126995, 0.765624403954, 0.0331927537918, 0.00223186612129, 0.000377897056751, 0.000221967333346, 8.62744200276e-05, 8.02227532404e-06, 9.24878531805e-06, 1.99743699341e-05],
        "dmean2": [0.362123578787, 2.09556126595, 9.367395401, 19.8098106384, 18.550775528, 8.52474784851, 29.8708400726, 21.370475769, 28.0224208832, 15.5175209045, 20.1668205261, 45.4083137512, 26.0049171448, 13.0650625229, 15.9867944717, 18.520986557, 33.3307952881, 26.8077526093, 21.8584403992, 17.8357906342, 29.0043697357, 22.4779109955, 7.02809858322, 3.80367207527, 4.69109106064, 4.73745107651, 4.61302995682, 4.55532073975, 14.092748642, 10.0942564011, 1.58830833435, 1.22312653065, 0.0537015646696, 0.00363501580432, 0.000644292391371, 0.00038558896631, 0.000146250400576, 1.34621232064e-05, 1.37509832712e-05, 2.97338010569e-05],
        "dvar": [0.276611298323, 4.72404193878, 146.649765015, 735.954833984, 671.063110352, 75.5762023926, 1524.13879395, 395.274688721, 1059.90380859, 849.614562988, 1572.99438477, 7536.97460938, 4229.15576172, 1041.67858887, 907.126037598, 2255.64477539, 4331.41113281, 3926.23364258, 2340.98901367, 699.86932373, 1691.64477539, 1237.29284668, 102.391921997, 23.4059486389, 36.7602043152, 33.3693771362, 56.9269371033, 63.0423622131, 814.496337891, 364.485717773, 7.72824144363, 4.38238811493, 0.00808522291481, 5.31713922101e-05, 1.73440605522e-06, 8.92642503914e-07, 1.05566464015e-07, 7.21304904694e-10, 1.74673386866e-10, 6.89283297106e-10],
        "dvar2": [0.59725689888, 12.254817009, 354.987792969, 1682.37426758, 1586.54675293, 188.945846558, 3124.42089844, 887.036315918, 2728.89404297, 2225.84033203, 3997.67285156, 15294.7314453, 6506.59960938, 1685.4095459, 1920.99633789, 4027.91162109, 8215.65820312, 7024.17431641, 4312.64306641, 1425.91906738, 3993.88964844, 3070.67407227, 262.016174316, 60.1361236572, 95.1448440552, 80.7789230347, 148.445098877, 162.437957764, 2151.20654297, 980.345947266, 19.2463760376, 10.5753116608, 0.0198063980788, 0.000141767290188, 4.76549757877e-06, 2.48002857006e-06, 2.81770809352e-07, 1.90883309159e-09, 4.13317297054e-10, 1.51747714394e-09],
        "max": [8.22435569763, 20.4557380676, 96.5305480957, 283.993682861, 226.089523315, 84.0991592407, 423.000732422, 257.274414062, 559.443908691, 421.287628174, 574.363891602, 1474.35791016, 1414.64660645, 845.788330078, 594.769165039, 1117.45959473, 1199.29748535, 1582.85009766, 1146.64941406, 520.511901855, 519.298156738, 587.246765137, 170.682861328, 77.1714706421, 81.6443786621, 85.7795181274, 103.293540955, 84.9355010986, 330.217559814, 239.55796814, 30.1604251862, 19.06366539, 1.09249663353, 0.13255122304, 0.0202257689089, 0.0119366273284, 0.00453411554918, 0.000352378439857, 0.000173723281478, 0.000226210104302],
        "mean": [0.350313127041, 2.29828357697, 9.03246307373, 13.8861131668, 13.9164581299, 8.63607978821, 30.2699756622, 22.3719844818, 25.9963169098, 11.977686882, 18.3931159973, 47.8101348877, 39.9838180542, 21.6491451263, 20.5340499878, 24.8051567078, 38.3939361572, 32.5617675781, 27.1482524872, 22.1012935638, 29.8395175934, 23.1734638214, 7.76481389999, 3.94202518463, 4.14952707291, 4.60752820969, 3.42781567574, 2.78048968315, 6.38365459442, 4.30469751358, 0.836239159107, 0.651502549648, 0.030463045463, 0.00214474252425, 0.000356966716936, 0.000201830596779, 8.24100934551e-05, 8.89717830432e-06, 2.16267962969e-05, 4.81238530483e-05],
        "median": [0.0777600482106, 1.08795154095, 3.52959895134, 3.6970448494, 3.95326805115, 3.99095487595, 8.57864189148, 11.0189590454, 12.2410793304, 4.86468601227, 4.9263381958, 9.47854042053, 5.51098442078, 5.04082489014, 3.95600795746, 6.50286436081, 7.19422674179, 6.08695268631, 7.94353103638, 7.10561180115, 10.8758049011, 8.36290836334, 3.59187960625, 1.6366341114, 1.83458662033, 1.55161654949, 0.714678168297, 0.576810002327, 0.641940951347, 0.389476925135, 0.11917950213, 0.0784099698067, 0.00600843736902, 0.000513725797646, 0.000107403066067, 5.55633341719e-05, 2.5710754926e-05, 3.92346009903e-06, 1.66987119883e-05, 3.63376457244e-05],
        "min": [0.000219016219489, 0.00236710277386, 0.00423718243837, 0.0106867458671, 0.0230825096369, 0.0252096652985, 0.0707283318043, 0.169484555721, 0.178949803114, 0.141402408481, 0.0952144116163, 0.0821224078536, 0.0829173773527, 0.0482609309256, 0.0293238759041, 0.0517095886171, 0.0461764074862, 0.0496122352779, 0.0581167861819, 0.0473484918475, 0.0470897480845, 0.0428932309151, 0.0243619289249, 0.00974413380027, 0.00257881870493, 0.00229367613792, 0.00148427858949, 0.00194451445714, 0.00146777729969, 0.000844040943775, 0.00050646904856, 0.00019549074932, 2.16156440729e-05, 2.61522154688e-06, 1.99389205591e-06, 1.31724914354e-06, 4.05290194294e-07, 7.14274790425e-08, 3.10140677584e-07, 7.20086575257e-07],
        "var": [0.662944853306, 8.26554870605, 203.571853638, 816.539428711, 721.967346191, 136.108551025, 3113.65307617, 894.959777832, 2212.68017578, 747.913696289, 2403.83081055, 15449.2216797, 18226.3535156, 5312.14794922, 2366.92993164, 7010.65722656, 10632.078125, 11032.5888672, 7863.21875, 2127.35449219, 2803.98974609, 1827.92089844, 159.312683105, 40.8421897888, 47.0280189514, 60.7383460999, 53.5675010681, 51.8711433411, 585.349853516, 250.474624634, 6.47036933899, 4.0020236969, 0.00719014229253, 3.97529547627e-05, 1.17881802453e-06, 5.80227379032e-07, 7.61467120469e-08, 5.24843279948e-10, 3.36221384067e-10, 1.64167412997e-09]
    },
    "gfcc": {
        "mean": [-68.6918869019, 178.795944214, -145.032684326, 50.1961479187, -45.6747360229, -2.08029723167, -14.7081069946, -23.6486625671, 12.9874849319, -18.1848907471, -1.27087605, -5.98370456696, -3.11543774605],
        "cov": [[3895.7097168, -798.652038574, -627.704528809, 517.732849121, -247.430847168, 345.445953369, 112.249916077, -66.5618209839, -82.5623321533, -154.34552002, -133.598098755, -87.0295181274, -79.919921875], [-798.652038574, 909.22454834, 365.836730957, -360.526519775, 495.243804932, -156.280593872, 76.5821685791, 69.9500045776, -3.06443619728, -31.2554664612, 9.71802616119, -41.8540763855, 36.617767334], [-627.704528809, 365.836730957, 991.670593262, 122.24646759, 75.1897277832, 52.8837242126, -16.4449577332, -59.3929214478, 45.9308280945, -110.756896973, -29.8140640259, 16.9377174377, -34.6670837402], [517.732849121, -360.526519775, 122.24646759, 568.776733398, -162.257614136, 20.8727283478, -47.9853439331, -106.230857849, 17.1513137817, -38.9566917419, -19.5868377686, -11.8134241104, 2.17339396477], [-247.430847168, 495.243804932, 75.1897277832, -162.257614136, 551.189453125, -66.3553466797, 85.1514282227, 95.0597076416, -20.7470588684, 14.2375888824, -5.64409303665, -9.44910907745, 50.4129295349], [345.445953369, -156.280593872, 52.8837242126, 20.8727283478, -66.3553466797, 343.285003662, 112.043418884, 2.13053369522, 42.201259613, -43.2685279846, -2.06066656113, -3.71879959106, -58.736907959], [112.249916077, 76.5821685791, -16.4449577332, -47.9853439331, 85.1514282227, 112.043418884, 223.71585083, 63.231212616, -19.9629669189, 4.76639318466, -3.18738746643, -20.8084259033, -8.79845714569], [-66.5618209839, 69.9500045776, -59.3929214478, -106.230857849, 95.0597076416, 2.13053369522, 63.231212616, 168.978973389, 46.3497924805, 35.6527671814, 11.3757219315, -3.62465500832, 13.4889974594], [-82.5623321533, -3.06443619728, 45.9308280945, 17.1513137817, -20.7470588684, 42.201259613, -19.9629669189, 46.3497924805, 176.587280273, 23.828540802, 3.14219093323, 3.70056223869, -24.7349262238], [-154.34552002, -31.2554664612, -110.756896973, -38.9566917419, 14.2375888824, -43.2685279846, 4.76639318466, 35.6527671814, 23.828540802, 133.168441772, 40.2434425354, 7.89487504959, 6.81004476547], [-133.598098755, 9.71802616119, -29.8140640259, -19.5868377686, -5.64409303665, -2.06066656113, -3.18738746643, 11.3757219315, 3.14219093323, 40.2434425354, 110.39957428, 31.55701828, 20.2466659546], [-87.0295181274, -41.8540763855, 16.9377174377, -11.8134241104, -9.44910907745, -3.71879959106, -20.8084259033, -3.62465500832, 3.70056223869, 7.89487504959, 31.55701828, 112.297554016, 39.7868843079], [-79.919921875, 36.617767334, -34.6670837402, 2.17339396477, 50.4129295349, -58.736907959, -8.79845714569, 13.4889974594, -24.7349262238, 6.81004476547, 20.2466659546, 39.7868843079, 116.246635437]],
        "icov": [[0.000474283471704, -2.47696189035e-05, 0.000454409659142, -0.000533757382073, -3.14343124046e-05, -0.000461044837721, 1.14952099466e-05, -0.000185680473805, 0.000274763355264, 0.000490669161081, 0.000388882879633, -3.13733653456e-05, 0.000255185004789], [-2.47696189035e-05, 0.00860367715359, -0.00322627229616, 0.00515808910131, -0.00526682240888, 0.00484441453591, -0.0034777505789, 0.00336575880647, -0.00334405712783, 0.00369204790331, -0.00371062918566, 0.00487941876054, -0.00165929773357], [0.000454409659142, -0.00322627229616, 0.00288270576857, -0.00266205961816, 0.00152302556671, -0.00220937933773, 0.00128087762278, -0.00101958459709, 0.000979113625363, 0.000126999817439, 0.00164898543153, -0.00229808036238, 0.00137678859755], [-0.000533757382073, 0.00515808910131, -0.00266205961816, 0.0059056901373, -0.00254349899478, 0.00338009255938, -0.0022203582339, 0.00348105537705, -0.00288706738502, 0.00177909992635, -0.00244617741555, 0.00355548365042, -0.00216650450602], [-3.14343124046e-05, -0.00526682240888, 0.00152302556671, -0.00254349899478, 0.00573597336188, -0.00230323290452, 0.00120605784468, -0.00285825994797, 0.00217827642336, -0.00238377740607, 0.00250719790347, -0.00253644865006, -5.45687980775e-05], [-0.000461044837721, 0.00484441453591, -0.00220937933773, 0.00338009255938, -0.00230323290452, 0.00786354392767, -0.00492363469675, 0.00267297169194, -0.00365806906484, 0.00349250133149, -0.00320712011307, 0.00192697835155, 0.000640348822344], [1.14952099466e-05, -0.0034777505789, 0.00128087762278, -0.0022203582339, 0.00120605784468, -0.00492363469675, 0.00875735003501, -0.0040408372879, 0.00360370334238, -0.00253993505612, 0.00190531474072, -0.000957002455834, 0.00055905681802], [-0.000185680473805, 0.00336575880647, -0.00101958459709, 0.00348105537705, -0.00285825994797, 0.00267297169194, -0.0040408372879, 0.0109170246869, -0.00478327879682, 0.000530780002009, -0.0018968685763, 0.00248221401125, -0.00210757367313], [0.000274763355264, -0.00334405712783, 0.000979113625363, -0.00288706738502, 0.00217827642336, -0.00365806906484, 0.00360370334238, -0.00478327879682, 0.00928664300591, -0.00304719922133, 0.00214113947004, -0.00239029456861, 0.00222275569104], [0.000490669161081, 0.00369204790331, 0.000126999817439, 0.00177909992635, -0.00238377740607, 0.00349250133149, -0.00253993505612, 0.000530780002009, -0.00304719922133, 0.0127504505217, -0.0047211847268, 0.0017172168009, 0.000562791479751], [0.000388882879633, -0.00371062918566, 0.00164898543153, -0.00244617741555, 0.00250719790347, -0.00320712011307, 0.00190531474072, -0.0018968685763, 0.00214113947004, -0.0047211847268, 0.01320443023, -0.00449951738119, -0.000397395371692], [-3.13733653456e-05, 0.00487941876054, -0.00229808036238, 0.00355548365042, -0.00253644865006, 0.00192697835155, -0.000957002455834, 0.00248221401125, -0.00239029456861, 0.0017172168009, -0.00449951738119, 0.0142764626071, -0.00530903972685], [0.000255185004789, -0.00165929773357, 0.00137678859755, -0.00216650450602, -5.45687980775e-05, 0.000640348822344, 0.00055905681802, -0.00210757367313, 0.00222275569104, 0.000562791479751, -0.000397395371692, -0.00530903972685, 0.0127119906247]]
    },
    "melbands": {
        "dmean": [0.00184197595809, 0.00260340981185, 0.00220317696221, 0.000551195000298, 0.00057503930293, 0.000331786606694, 0.000233803133597, 0.000104724989797, 0.00013081842917, 0.000180758492206, 9.61862970144e-05, 4.47174461442e-05, 3.66025451513e-05, 3.34819305863e-05, 5.38770036655e-05, 4.84772135678e-05, 3.52251081495e-05, 3.06403380819e-05, 1.56786700245e-05, 1.74999113369e-05, 2.58821200987e-05, 1.62287378771e-05, 8.82259428181e-06, 2.68248095381e-06, 1.95619259102e-06, 2.15022487282e-06, 2.55555050899e-06, 1.96795281227e-06, 1.69468682998e-06, 1.91475214706e-06, 1.39764472351e-06, 3.49504352926e-06, 7.04573631083e-06, 1.89668025996e-06, 4.43651998694e-07, 6.71597490509e-07, 3.07173934289e-07, 8.99556873435e-09, 2.56919263641e-09, 7.1010103353e-10],
        "dmean2": [0.00278866523877, 0.00410716002807, 0.00342183024622, 0.000883267319296, 0.000836572959088, 0.000524615054019, 0.000394784699893, 0.000171752297319, 0.000208003635635, 0.000273978657788, 0.000128517072881, 5.9398884332e-05, 5.24860406586e-05, 5.01857612107e-05, 7.81279013609e-05, 6.90896122251e-05, 5.08680786879e-05, 4.41401753051e-05, 2.38293159782e-05, 2.71037297352e-05, 3.98874253733e-05, 2.54627975664e-05, 1.40484798976e-05, 4.26862743552e-06, 3.09381175612e-06, 3.47782929566e-06, 4.05586024499e-06, 3.08989410769e-06, 2.74349031315e-06, 3.07088748741e-06, 2.3231511932e-06, 5.90935587752e-06, 1.2112423974e-05, 3.33309822054e-06, 7.28423742657e-07, 1.0777382613e-06, 4.9376762945e-07, 1.57797366285e-08, 4.39050618084e-09, 1.29634869506e-09],
        "dvar": [1.22486862892e-05, 2.41177731368e-05, 1.92715324374e-05, 1.25318013033e-06, 1.12108887151e-06, 2.26628841915e-07, 2.17907427214e-07, 1.34239883209e-07, 1.67739742096e-07, 2.70748614639e-07, 1.09556424377e-07, 2.55340264488e-08, 9.63727764258e-09, 1.39047422465e-08, 5.3677243983e-08, 1.78493806402e-08, 1.51861012654e-08, 1.07611057842e-08, 2.15429896144e-09, 1.74495307093e-09, 3.45524631129e-09, 2.12917172782e-09, 6.14014727951e-10, 2.38032527716e-11, 1.73932274833e-11, 2.20848027366e-11, 2.16512051343e-11, 1.51959139716e-11, 1.95589898444e-11, 2.94361410247e-11, 1.78034184617e-11, 1.41092706962e-10, 6.01059924055e-10, 4.04035208068e-11, 1.80335553348e-12, 3.19666146852e-12, 7.42555648046e-13, 7.10338611408e-16, 7.59377147138e-17, 1.36427601532e-17],
        "dvar2": [2.7541853342e-05, 5.77800892643e-05, 4.33863788203e-05, 3.028557785e-06, 2.2082660962e-06, 5.29063072463e-07, 5.55860140139e-07, 3.55297999022e-07, 4.15867845049e-07, 5.36758875569e-07, 1.6953462989e-07, 3.79729989675e-08, 1.95933740343e-08, 3.3241569497e-08, 8.96774139392e-08, 3.27542686307e-08, 2.63174069204e-08, 1.99434193604e-08, 4.0356242792e-09, 3.61732466203e-09, 8.11924216748e-09, 5.45186029655e-09, 1.53748935805e-09, 5.96120930396e-11, 4.48319784074e-11, 5.56240088712e-11, 5.35252675515e-11, 3.65715548123e-11, 5.16909431925e-11, 7.51000928112e-11, 4.70435808364e-11, 3.73507835771e-10, 1.60022295415e-09, 1.12295603372e-10, 4.56379031788e-12, 7.80218771534e-12, 1.79714576554e-12, 1.93953350152e-15, 2.10168448616e-16, 3.93577002228e-17],
        "max": [0.0520046316087, 0.0396965146065, 0.0411067418754, 0.0120430700481, 0.0113388951868, 0.00557608064264, 0.00812059920281, 0.00579398544505, 0.00490823341534, 0.00810287520289, 0.00689677568153, 0.0040241186507, 0.00223003420979, 0.00278696138412, 0.00721307471395, 0.00216220738366, 0.00270111509599, 0.0020635209512, 0.00116510118823, 0.000999743700959, 0.000756127818022, 0.000904550775886, 0.000347993249306, 5.43476453458e-05, 7.324499893e-05, 5.63842404517e-05, 6.54768373352e-05, 5.64583133382e-05, 5.83820838074e-05, 5.97766556893e-05, 4.71632847621e-05, 0.000127681661979, 0.000359553727321, 8.30287390272e-05, 1.78200825758e-05, 1.5323252228e-05, 8.3384120444e-06, 4.04007920451e-07, 1.23828243659e-07, 8.0933027391e-08],
        "mean": [0.00306325755082, 0.00425755046308, 0.00251947646029, 0.00074340600986, 0.000885294401087, 0.000543763104361, 0.000369108689483, 0.000123015706777, 0.000182224772288, 0.000290756404866, 0.000198757203179, 9.74940776359e-05, 6.54653922538e-05, 5.68662580918e-05, 9.48269516812e-05, 6.95457711117e-05, 6.00012608629e-05, 5.12643637194e-05, 2.32174170378e-05, 3.25478249579e-05, 3.61790771422e-05, 2.44921993726e-05, 1.27088769659e-05, 4.55142071587e-06, 2.90219554699e-06, 2.89921717922e-06, 3.56626537723e-06, 2.85674923362e-06, 2.05663991437e-06, 1.92107563635e-06, 1.35125696943e-06, 2.72510737886e-06, 5.17567150382e-06, 1.35156153647e-06, 3.78774075216e-07, 5.67641620819e-07, 2.61194145423e-07, 7.10455250186e-09, 2.36767694339e-09, 4.96511054493e-10],
        "median": [0.00101766490843, 0.00204345444217, 0.000729281688109, 0.000276449951343, 0.000270862714387, 0.000266753166215, 0.000169745457242, 4.36366826762e-05, 4.53384782304e-05, 5.41005319974e-05, 2.36620562646e-05, 1.77716556209e-05, 1.07652522274e-05, 1.01468722278e-05, 1.84297168744e-05, 8.8832784968e-06, 1.00046800071e-05, 1.15328048196e-05, 4.56495217804e-06, 9.07670801098e-06, 1.05106564661e-05, 7.38310563975e-06, 4.0556346903e-06, 1.49998959387e-06, 9.97767415356e-07, 1.00047066098e-06, 1.40298038787e-06, 7.48846161969e-07, 3.93140055621e-07, 3.44389462725e-07, 2.86802873006e-07, 2.96133606525e-07, 3.26770305037e-07, 1.49563646801e-07, 5.25507424243e-08, 6.63254127176e-08, 3.2684692286e-08, 5.41741373983e-10, 3.98889310471e-10, 4.86896044316e-11],
