{
"highlevel": {
    "danceability": {
        "all": {
            "danceable": 0.99531930685,
            "not_danceable": 0.00468068663031
        },
        "probability": 0.99531930685,
        "value": "danceable"
    },
    "gender": {
        "all": {
            "female": 0.950317323208,
            "male": 0.049682687968
        },
        "probability": 0.950317323208,
        "value": "female"
    },
    "genre_dortmund": {
        "all": {
            "alternative": 0.0844567343593,
            "blues": 0.0383238010108,
            "electronic": 0.19407735765,
            "folkcountry": 0.0760703086853,
            "funksoulrnb": 0.0184483043849,
            "jazz": 0.042386572808,
            "pop": 0.145987510681,
            "raphiphop": 0.144923150539,
            "rock": 0.255326241255
        },
        "probability": 0.255326241255,
        "value": "rock"
    },
    "genre_electronic": {
        "all": {
            "ambient": 0.197077348828,
            "dnb": 0.0668826550245,
            "house": 0.17044082284,
            "techno": 0.0211888235062,
            "trance": 0.544410347939
        },
        "probability": 0.544410347939,
        "value": "trance"
    },
    "genre_rosamerica": {
        "all": {
            "cla": 0.00611061276868,
            "dan": 0.399817109108,
            "hip": 0.0604244843125,
            "jaz": 0.00741748278961,
            "pop": 0.184849023819,
            "rhy": 0.100961394608,
            "roc": 0.23112270236,
            "spe": 0.0092971753329
        },
        "probability": 0.399817109108,
        "value": "dan"
    },
    "genre_tzanetakis": {
        "all": {
            "blu": 0.0626613423228,
            "cla": 0.0348169617355,
            "cou": 0.104475811124,
            "dis": 0.0784321576357,
            "hip": 0.15692435205,
            "jaz": 0.313974827528,
            "met": 0.0448166541755,
            "pop": 0.0627359300852,
            "reg": 0.0627360641956,
            "roc": 0.0784258767962
        },
        "probability": 0.313974827528,
        "value": "jaz"
    },
    "ismir04_rhythm": {
        "all": {
            "ChaChaCha": 0.0174951050431,
            "Jive": 0.0201828870922,
            "Quickstep": 0.0474834367633,
            "Rumba-American": 0.00369511987083,
            "Rumba-International": 0.0683019906282,
            "Rumba-Misc": 0.00708169350401,
            "Samba": 0.824582338333,
            "Tango": 0.00259421137162,
            "VienneseWaltz": 0.00663723051548,
            "Waltz": 0.00194598606322
        },
        "probability": 0.824582338333,
        "value": "Samba"
    },
    "mood_acoustic": {
        "all": {
            "acoustic": 0.0153647819534,
            "not_acoustic": 0.984635233879
        },
        "probability": 0.984635233879,
        "value": "not_acoustic"
    },
    "mood_aggressive": {
        "all": {
            "aggressive": 0.0884189978242,
            "not_aggressive": 0.911580979824
        },
        "probability": 0.911580979824,
        "value": "not_aggressive"
    },
    "mood_electronic": {
        "all": {
            "electronic": 0.826792597771,
            "not_electronic": 0.173207387328
        },
        "probability": 0.826792597771,
        "value": "electronic"
    },
    "mood_happy": {
        "all": {
            "happy": 0.255176573992,
            "not_happy": 0.744823455811
        },
        "probability": 0.744823455811,
        "value": "not_happy"
    },
    "mood_party": {
        "all": {
            "not_party": 0.369388461113,
            "party": 0.630611538887
        },
        "probability": 0.630611538887,
        "value": "party"
    },
    "mood_relaxed": {
        "all": {
            "not_relaxed": 0.823608398438,
            "relaxed": 0.176391601562
        },
        "probability": 0.823608398438,
        "value": "not_relaxed"
    },
    "mood_sad": {
        "all": {
            "not_sad": 0.87583053112,
            "sad": 0.124169483781
        },
        "probability": 0.87583053112,
        "value": "not_sad"
    },
    "moods_mirex": {
        "all": {
            "Cluster1": 0.48201546073,
            "Cluster2": 0.141948521137,
            "Cluster3": 0.0662409365177,
            "Cluster4": 0.18303053081,
            "Cluster5": 0.126764565706
        },
        "probability": 0.48201546073,
        "value": "Cluster1"
    },
    "timbre": {
        "all": {
            "bright": 0.805066466331,
            "dark": 0.194933563471
        },
        "probability": 0.805066466331,
        "value": "bright"
    },
    "tonal_atonal": {
        "all": {
            "atonal": 0.487004429102,
            "tonal": 0.512995541096
        },
        "probability": 0.512995541096,
        "value": "tonal"
    },
    "voice_instrumental": {
        "all": {
            "instrumental": 0.0239957198501,
            "voice": 0.976004302502
        },
        "probability": 0.976004302502,
        "value": "voice"
    }
},
"lowlevel": {
    "average_loudness": 0.979640245438,
    "barkbands_crest": {
        "dmean": 2.74744105339,
        "dmean2": 4.10815954208,
        "dvar": 6.90301275253,
        "dvar2": 15.7830514908,
        "max": 25.0630455017,
        "mean": 12.5922689438,
        "median": 11.9199047089,
        "min": 2.71870183945,
        "var": 22.601934433
    },
    "barkbands_flatness_db": {
        "dmean": 0.0332664996386,
        "dmean2": 0.0473285801709,
        "dvar": 0.000933833536692,
        "dvar2": 0.00186530593783,
        "max": 0.501010239124,
        "mean": 0.171107128263,
        "median": 0.156627833843,
        "min": 0.0318699926138,
        "var": 0.00462108664215
    },
    "barkbands_kurtosis": {
        "dmean": 7.10437631607,
        "dmean2": 11.0516119003,
        "dvar": 215.86164856,
        "dvar2": 510.029541016,
        "max": 216.733383179,
        "mean": 10.2853975296,
        "median": 3.99367761612,
        "min": -1.88852643967,
        "var": 321.570007324
    },
    "barkbands_skewness": {
        "dmean": 0.796320855618,
        "dmean2": 1.2195148468,
        "dvar": 1.01571249962,
        "dvar2": 2.08382081985,
        "max": 11.4691553116,
        "mean": 2.36885118484,
        "median": 1.95431029797,
        "min": -2.22063422203,
        "var": 2.63203525543
    },
    "barkbands_spread": {
        "dmean": 7.17232990265,
        "dmean2": 10.974697113,
        "dvar": 79.3203887939,
        "dvar2": 151.870407104,
        "max": 112.181053162,
        "mean": 21.8896446228,
        "median": 19.9313869476,
        "min": 0.514496743679,
        "var": 245.648391724
    },
    "dissonance": {
        "dmean": 0.0187584422529,
        "dmean2": 0.0310889296234,
        "dvar": 0.000326756417053,
        "dvar2": 0.000867133261636,
        "max": 0.499990969896,
        "mean": 0.464055716991,
        "median": 0.472236067057,
        "min": 0.303533941507,
        "var": 0.000877251732163
    },
    "dynamic_complexity": 1.70703983307,
    "erbbands_crest": {
        "dmean": 2.56467294693,
        "dmean2": 4.17216253281,
        "dvar": 5.70086288452,
        "dvar2": 14.93612957,
        "max": 24.1515216827,
        "mean": 8.00794506073,
        "median": 7.15008831024,
        "min": 2.67060780525,
        "var": 13.9354228973
    },
    "erbbands_flatness_db": {
        "dmean": 0.0206893850118,
        "dmean2": 0.0291765388101,
        "dvar": 0.000353991374141,
        "dvar2": 0.000722112250514,
        "max": 0.309981375933,
        "mean": 0.137639820576,
        "median": 0.133033320308,
        "min": 0.0629916340113,
        "var": 0.00158565503079
    },
    "erbbands_kurtosis": {
        "dmean": 1.05971193314,
        "dmean2": 1.68391537666,
        "dvar": 2.50719618797,
        "dvar2": 5.4308423996,
        "max": 19.0209884644,
        "mean": 0.623150467873,
        "median": -0.154740333557,
        "min": -1.79594671726,
        "var": 5.54920625687
    },
    "erbbands_skewness": {
        "dmean": 0.398973822594,
        "dmean2": 0.592522680759,
        "dvar": 0.16346219182,
        "dvar2": 0.31873306632,
        "max": 3.76234197617,
        "mean": 0.42717218399,
        "median": 0.325572401285,
        "min": -2.85610508919,
        "var": 0.664737582207
    },
    "erbbands_spread": {
        "dmean": 10.6129770279,
        "dmean2": 15.8431568146,
        "dvar": 144.506912231,
        "dvar2": 307.416900635,
        "max": 166.117980957,
        "mean": 44.5068206787,
        "median": 41.6879119873,
        "min": 9.22941112518,
        "var": 386.08001709
    },
    "hfc": {
        "dmean": 9.6944360733,
        "dmean2": 14.2742652893,
        "dvar": 171.681427002,
        "dvar2": 388.424865723,
        "max": 150.477127075,
        "mean": 23.5801334381,
        "median": 19.7944850922,
        "min": 1.49766862392,
        "var": 323.711486816
    },
    "melbands_crest": {
        "dmean": 3.26087284088,
        "dmean2": 5.00182056427,
        "dvar": 10.4987945557,
        "dvar2": 23.7839431763,
        "max": 33.6209335327,
        "mean": 18.1112766266,
        "median": 18.2206897736,
        "min": 5.64360046387,
        "var": 28.0738811493
    },
    "melbands_flatness_db": {
        "dmean": 0.038719587028,
        "dmean2": 0.0553734377027,
        "dvar": 0.00137398019433,
        "dvar2": 0.00256007397547,
        "max": 0.647806823254,
        "mean": 0.241577968001,
        "median": 0.225194677711,
        "min": 0.0487057454884,
        "var": 0.00749467918649
    },
    "melbands_kurtosis": {
        "dmean": 16.5130271912,
        "dmean2": 25.8659915924,
        "dvar": 1077.03845215,
        "dvar2": 2396.42626953,
        "max": 481.874023438,
        "mean": 27.6933822632,
        "median": 13.8163967133,
        "min": -1.71531581879,
        "var": 1561.65881348
    },
    "melbands_skewness": {
        "dmean": 1.07522153854,
        "dmean2": 1.64761567116,
        "dvar": 1.86547338963,
        "dvar2": 3.70369005203,
        "max": 18.448091507,
        "mean": 3.74205803871,
        "median": 3.11694788933,
        "min": 0.336414605379,
        "var": 4.74980831146
    },
    "melbands_spread": {
        "dmean": 6.10746479034,
        "dmean2": 9.45841789246,
        "dvar": 99.1352462769,
        "dvar2": 206.263870239,
        "max": 257.416290283,
        "mean": 17.3837757111,
        "median": 14.2759723663,
        "min": 0.501221060753,
        "var": 218.477783203
    },
    "pitch_salience": {
        "dmean": 0.0848436281085,
        "dmean2": 0.126551002264,
        "dvar": 0.00707865413278,
        "dvar2": 0.0160805657506,
        "max": 0.808419048786,
        "mean": 0.465751439333,
        "median": 0.476473420858,
        "min": 0.0939275473356,
        "var": 0.0184028130025
    },
    "silence_rate_20dB": {
        "dmean": 0,
        "dmean2": 0,
        "dvar": 0,
        "dvar2": 0,
        "max": 1,
        "mean": 1,
        "median": 1,
        "min": 1,
        "var": 0
    },
    "silence_rate_30dB": {
        "dmean": 0.0758513957262,
        "dmean2": 0.151820287108,
        "dvar": 0.07009729743,
        "dvar2": 0.131869956851,
        "max": 1,
        "mean": 0.902552187443,
        "median": 1,
        "min": 0,
        "var": 0.087952464819
    },
    "silence_rate_60dB": {
        "dmean": 0,
        "dmean2": 0,
        "dvar": 0,
        "dvar2": 0,
        "max": 0,
        "mean": 0,
        "median": 0,
        "min": 0,
        "var": 0
    },
    "spectral_centroid": {
        "dmean": 299.929626465,
        "dmean2": 451.132324219,
        "dvar": 112739.703125,
        "dvar2": 212967.734375,
        "max": 5325.69335938,
        "mean": 1290.90466309,
        "median": 1308.07458496,
        "min": 129.209213257,
        "var": 512772.59375
    },
    "spectral_complexity": {
        "dmean": 4.99458217621,
        "dmean2": 7.75987625122,
        "dvar": 30.3257961273,
        "dvar2": 68.7742919922,
        "max": 56,
        "mean": 20.2397518158,
        "median": 19,
        "min": 3,
        "var": 103.01096344
    },
    "spectral_decrease": {
        "dmean": 4.67655114633e-09,
        "dmean2": 7.09789382825e-09,
        "dvar": 5.59450306236e-17,
        "dvar2": 9.54186519374e-17,
        "max": -8.8703705492e-10,
        "mean": -1.28056827364e-08,
        "median": -9.84340875476e-09,
        "min": -5.19167251412e-08,
        "var": 1.02146111859e-16
    },
    "spectral_energy": {
        "dmean": 0.018126796931,
        "dmean2": 0.0275326501578,
        "dvar": 0.000808569602668,
        "dvar2": 0.0013761180453,
        "max": 0.199731096625,
        "mean": 0.0504703745246,
        "median": 0.039427138865,
        "min": 0.00361151061952,
        "var": 0.00148646510206
    },
    "spectral_energyband_high": {
        "dmean": 0.000725243182387,
        "dmean2": 0.00107473228127,
        "dvar": 1.28257750021e-06,
        "dvar2": 2.78378593066e-06,
        "max": 0.0108915017918,
        "mean": 0.00118836888578,
        "median": 0.000713352113962,
        "min": 1.48994573124e-07,
        "var": 2.25161761591e-06
    },
    "spectral_energyband_low": {
        "dmean": 0.0156584531069,
        "dmean2": 0.0235461164266,
        "dvar": 0.000804515439086,
        "dvar2": 0.00140010006726,
        "max": 0.185383886099,
        "mean": 0.0328147634864,
        "median": 0.0204099807888,
        "min": 0.000392836023821,
        "var": 0.00140667753294
    },
    "spectral_energyband_middle_high": {
        "dmean": 0.00205942802131,
        "dmean2": 0.00318470527418,
        "dvar": 7.96710446593e-06,
        "dvar2": 1.76221019501e-05,
        "max": 0.0332491733134,
        "mean": 0.00520033901557,
        "median": 0.00384192029014,
        "min": 2.88586925308e-05,
        "var": 2.51130113611e-05
    },
    "spectral_energyband_middle_low": {
        "dmean": 0.00914707314223,
        "dmean2": 0.0153401149437,
        "dvar": 0.000297747814329,
        "dvar2": 0.000801000918727,
        "max": 0.104391112924,
        "mean": 0.0141324130818,
        "median": 0.00868818350136,
        "min": 0.000447234517196,
        "var": 0.000254165701335
    },
    "spectral_entropy": {
        "dmean": 0.228892341256,
        "dmean2": 0.32806789875,
        "dvar": 0.0546989925206,
        "dvar2": 0.109342686832,
        "max": 8.73143482208,
        "mean": 7.54197788239,
        "median": 7.65576696396,
        "min": 5.36131811142,
        "var": 0.273759424686
    },
    "spectral_flux": {
        "dmean": 0.0430463887751,
        "dmean2": 0.0655439123511,
        "dvar": 0.00345890060998,
        "dvar2": 0.00669801980257,
        "max": 0.487530559301,
        "mean": 0.11378339678,
        "median": 0.0856249928474,
        "min": 0.0168526470661,
        "var": 0.00676842220128
    },
    "spectral_kurtosis": {
        "dmean": 1.99673247337,
        "dmean2": 3.1910340786,
        "dvar": 12.6304426193,
        "dvar2": 32.3424949646,
        "max": 73.0907363892,
        "mean": 4.61674928665,
        "median": 3.06813287735,
        "min": -1.53576350212,
        "var": 33.5907363892
    },
    "spectral_rms": {
        "dmean": 0.00114507263061,
        "dmean2": 0.00174049963243,
        "dvar": 2.29957322517e-06,
        "dvar2": 3.98109432354e-06,
        "max": 0.0139592122287,
        "mean": 0.00664971442893,
        "median": 0.00620205607265,
        "min": 0.00187707890291,
        "var": 5.02075499753e-06
    },
    "spectral_rolloff": {
        "dmean": 446.66394043,
        "dmean2": 748.025512695,
        "dvar": 887123.6875,
        "dvar2": 1889011.25,
        "max": 11821.7285156,
        "mean": 954.338256836,
        "median": 624.462890625,
        "min": 64.599609375,
        "var": 1376107.25
    },
    "spectral_skewness": {
        "dmean": 0.287761718035,
        "dmean2": 0.43284085393,
        "dvar": 0.0928115919232,
        "dvar2": 0.212899446487,
        "max": 6.34093284607,
        "mean": 1.56151258945,
        "median": 1.38783693314,
        "min": -0.053414542228,
        "var": 0.495962381363
    },
    "spectral_spread": {
        "dmean": 801114.125,
        "dmean2": 1111505.25,
        "dvar": 981115404288,
        "dvar2": 1.68540294349e+12,
        "max": 18555662,
        "mean": 4988994.5,
        "median": 4685846,
        "min": 1003222.625,
        "var": 3.65726348083e+12
    },
    "spectral_strongpeak": {
        "dmean": 0.290160596371,
        "dmean2": 0.50488781929,
        "dvar": 0.409766644239,
        "dvar2": 1.03168439865,
        "max": 8.14516735077,
        "mean": 0.555275380611,
        "median": 0.335960686207,
        "min": 0.0343180969357,
        "var": 0.495469480753
    },
    "zerocrossingrate": {
        "dmean": 0.0121488301083,
        "dmean2": 0.0140882944688,
        "dvar": 0.000209183446714,
        "dvar2": 0.000226349031436,
        "max": 0.322265625,
        "mean": 0.0482152253389,
        "median": 0.0439453125,
        "min": 0.0029296875,
        "var": 0.00101076695137
    },
    "barkbands": {
        "dmean": [0.00057771167485, 0.0130004296079, 0.00637015327811, 0.00589443463832, 0.00222361367196, 0.000950132438447, 0.0010438245954, 0.000494643696584, 0.000669012893923, 0.000614971562754, 0.000519792200066, 0.000434351415606, 0.00030376543873, 0.000430004292866, 0.000288031733362, 0.000171492152731, 0.000215443898924, 0.000210526282899, 0.000203261704883, 0.000177651192644, 0.000150643536472, 0.000105235179944, 0.000127548890305, 0.000124820609926, 0.000162603333592, 7.27376682335e-05, 6.77987488373e-09],
        "dmean2": [0.000882547465153, 0.0209794677794, 0.0097524728626, 0.0107759283856, 0.00361546105705, 0.001487747184, 0.00162009953056, 0.000824143062346, 0.00108313246164, 0.000968501146417, 0.000794367690105, 0.000666155130602, 0.000486895063659, 0.000680284225382, 0.000469573104056, 0.000282538763713, 0.000364066770999, 0.000354860996595, 0.000336110009812, 0.000291166012175, 0.000244303839281, 0.000158023176482, 0.000196963068447, 0.000195567132323, 0.000242993293796, 0.000117219875392, 1.26185284444e-08],
        "dvar": [7.5418643064e-07, 0.000693456444424, 0.000211321850657, 0.000262794696027, 1.25659407786e-05, 4.35714491687e-06, 3.68760629499e-06, 8.70161272815e-07, 1.94748395188e-06, 1.17659442367e-06, 1.18999275855e-06, 5.98107703809e-07, 3.64136013786e-07, 6.17006094217e-07, 3.47940527945e-07, 9.59174499826e-08, 1.42229438893e-07, 1.1611285089e-07, 1.0177099341e-07, 6.48129443448e-08, 4.93810503599e-08, 3.0138355811e-08, 7.8322862862e-08, 5.27905932302e-08, 1.17063002847e-07, 2.52042884341e-08, 3.15268077012e-15],
        "dvar2": [1.57681859037e-06, 0.00168725673575, 0.000495230546221, 0.000727910548449, 3.20770050166e-05, 7.88256147644e-06, 8.66238679009e-06, 2.28985823014e-06, 4.83774783788e-06, 2.49025765697e-06, 2.67541759058e-06, 1.40311476571e-06, 7.4621056001e-07, 1.32143918563e-06, 8.78929881765e-07, 2.36386625829e-07, 3.68039707155e-07, 3.0595757039e-07, 2.65129614263e-07, 1.6151786042e-07, 1.20594350506e-07, 6.35433963225e-08, 1.86044417205e-07, 1.1906553965e-07, 2.34756342365e-07, 6.13605237731e-08, 9.11119544747e-15],
        "max": [0.0103312004358, 0.157391771674, 0.0986264124513, 0.096831664443, 0.0483856871724, 0.0593547485769, 0.0311757214367, 0.00887548737228, 0.0296791177243, 0.0139776235446, 0.0168717205524, 0.0105063328519, 0.0242583956569, 0.0116636790335, 0.0093509433791, 0.00399043643847, 0.00446379976347, 0.0036022241693, 0.00350894359872, 0.00306753837503, 0.00283037149347, 0.00184309773613, 0.00422886619344, 0.00316398125142, 0.00596060603857, 0.00224746367894, 1.19444518987e-06],
        "mean": [0.00143310858402, 0.0215393863618, 0.00707063730806, 0.00444281287491, 0.00428758235648, 0.00166305131279, 0.00186837872025, 0.000635833421256, 0.00107200816274, 0.000948256871197, 0.000771503604483, 0.000703308789525, 0.000447448692285, 0.000640771060716, 0.000411056738812, 0.00024717382621, 0.00031171363662, 0.000334892712999, 0.000301570631564, 0.000306420668494, 0.000285052170511, 0.000163974633324, 0.000157844449859, 0.000158683455084, 0.000201368762646, 6.65920815663e-05, 4.2768695252e-09],
        "median": [0.000958805903792, 0.0130907287821, 0.00247634877451, 0.000927172368392, 0.00199339259416, 0.000759932037909, 0.000955962052103, 0.000287121889414, 0.000477192137623, 0.000251090241363, 0.000252457510214, 0.000302107393509, 0.000170355458977, 0.000264794973191, 0.000154592184117, 0.000128300365759, 0.000133209832711, 0.000209290694329, 0.00016590449377, 0.000198672889383, 0.000169249644387, 8.3050916146e-05, 5.65399168408e-05, 5.06282412971e-05, 4.81294482597e-05, 1.18223488244e-05, 6.6624350481e-10],
        "min": [2.1437056148e-06, 0.000152553402586, 2.12710874621e-05, 1.42087865243e-05, 4.25402686233e-05, 2.10817215702e-05, 2.55980303336e-05, 3.85866087527e-06, 5.35342269359e-06, 4.25260304837e-06, 1.97839813154e-06, 3.56996679329e-06, 1.74259423602e-06, 5.59451393656e-07, 9.04953822101e-07, 9.28955444124e-07, 4.85196267164e-07, 5.97127154833e-07, 3.70711120468e-07, 1.07824440931e-07, 4.64463028038e-08, 1.75021259707e-08, 1.05760857849e-08, 2.8497517679e-09, 5.1413417794e-12, 7.32325398239e-12, 8.85440939319e-12],
        "var": [2.41904376708e-06, 0.000737274007406, 0.000204608411877, 0.000162187847309, 3.2970088796e-05, 1.47137443491e-05, 7.238481885e-06, 1.0372456245e-06, 3.07482628159e-06, 2.59573835137e-06, 2.42263763539e-06, 1.33002117764e-06, 1.76417199782e-06, 1.26650786569e-06, 6.11728978583e-07, 1.33916699951e-07, 2.03427873657e-07, 1.68522291233e-07, 1.59948982059e-07, 1.36527759764e-07, 1.17976384217e-07, 5.58329205091e-08, 9.12834110522e-08, 7.77027082677e-08, 1.88655931765e-07, 2.42378668247e-08, 1.73383419726e-15]
    },
    "erbbands": {
        "dmean": [0.291112482548, 3.16492938995, 6.46989822388, 16.4556121826, 10.0578756332, 9.23355293274, 7.96184015274, 7.25059318542, 11.2764320374, 15.3781700134, 10.7877235413, 11.8523874283, 20.5575180054, 22.4301548004, 15.0262928009, 14.0094165802, 12.6575250626, 16.6838378906, 18.7613315582, 11.4617328644, 9.7772026062, 12.8704214096, 11.2527418137, 10.7046918869, 9.22817134857, 8.09767627716, 7.28087377548, 5.13386821747, 4.02553224564, 3.33242583275, 3.82470846176, 2.73356127739, 2.22442603111, 1.81377720833, 1.18803727627, 0.442297339439, 0.118569672108, 0.00821805372834, 0.000168809885508, 2.76228347502e-05],
        "dmean2": [0.451725810766, 5.06164312363, 9.62826824188, 30.6284484863, 16.8787555695, 14.5781040192, 12.6005802155, 11.5265846252, 17.3123912811, 24.946149826, 18.1853103638, 19.5013332367, 32.5322036743, 33.9683227539, 23.2534351349, 21.24477005, 20.2397193909, 26.7656211853, 30.1999721527, 18.6456756592, 16.0633487701, 21.5950641632, 18.939994812, 17.8969402313, 15.3188800812, 13.203710556, 12.0117769241, 8.19581890106, 6.14440011978, 4.94800567627, 6.01495742798, 4.27922582626, 3.50875020027, 2.79353165627, 1.80310809612, 0.696892678738, 0.197054326534, 0.0137389590964, 0.000274135294603, 4.16904840677e-05],
        "dvar": [0.217563927174, 51.1883163452, 187.43510437, 2330.41333008, 338.184143066, 277.760284424, 283.197479248, 146.313079834, 275.345550537, 1798.98742676, 459.133911133, 579.721008301, 1149.76904297, 1743.01196289, 1113.14501953, 559.98840332, 588.884643555, 736.020202637, 1235.50073242, 444.883117676, 304.791412354, 513.147460938, 323.935455322, 308.565368652, 210.092010498, 148.953964233, 116.752357483, 67.1778640747, 43.699180603, 34.2549781799, 88.6435165405, 26.3554439545, 20.3963947296, 18.3619346619, 6.37374162674, 1.09082794189, 0.0601373016834, 0.000294393306831, 1.09444371788e-07, 1.3144126898e-09],
        "dvar2": [0.57233017683, 118.079811096, 344.089233398, 6419.47949219, 905.671264648, 694.373474121, 510.306945801, 322.991607666, 633.278137207, 4763.09082031, 1196.08081055, 1490.81103516, 2748.27001953, 3973.8984375, 2714.33935547, 1277.77734375, 1252.28344727, 1825.6796875, 2669.65576172, 1095.46166992, 755.662109375, 1343.04187012, 852.36315918, 852.386352539, 516.059020996, 363.9559021, 294.77822876, 167.443435669, 99.6354980469, 65.0337371826, 219.941467285, 60.1546516418, 46.7785491943, 40.3208236694, 12.8401489258, 2.5402572155, 0.150995150208, 0.000737027847208, 2.6842425882e-07, 2.45816234035e-09],
        "max": [3.54514360428, 43.6871643066, 96.765045166, 277.764373779, 168.126861572, 258.916717529, 450.303771973, 248.821487427, 207.939056396, 840.650390625, 367.520294189, 530.28704834, 329.192169189, 692.603393555, 616.67791748, 383.698577881, 888.274414062, 398.456268311, 486.919281006, 296.604034424, 221.159683228, 256.095397949, 209.539871216, 267.105224609, 168.275299072, 176.727874756, 127.557678223, 99.753364563, 68.213470459, 111.573616028, 149.2449646, 65.3706588745, 72.5672225952, 92.5005722046, 31.535364151, 18.395483017, 2.41840839386, 0.140720590949, 0.0028121098876, 0.000283575354842],
        "mean": [0.640160381794, 4.58841228485, 8.95503997803, 13.1486883163, 12.1296453476, 17.0872154236, 13.8263034821, 12.9768075943, 22.2153739929, 23.9317836761, 15.3533916473, 18.5027885437, 34.4405555725, 35.9704360962, 24.1023540497, 23.5453147888, 20.6761035919, 26.4116153717, 28.1533470154, 17.7817192078, 15.1687631607, 19.2730846405, 18.4382362366, 17.2787189484, 14.9753990173, 13.8636569977, 12.8369264603, 9.19200134277, 6.34410667419, 4.92980670929, 4.46279001236, 3.29009532928, 2.81185388565, 2.31449723244, 1.37366580963, 0.435588896275, 0.104108579457, 0.00699432799593, 0.000175704000867, 6.82677782606e-05],
        "median": [0.4899559021, 2.35088157654, 3.44223022461, 3.27698898315, 5.28739261627, 6.981569767, 5.10278940201, 7.35054349899, 11.8011302948, 11.3379116058, 7.72854566574, 9.59289550781, 15.0773715973, 14.2672214508, 10.8170557022, 11.7028036118, 8.9287519455, 13.7777204514, 11.5150966644, 8.34100627899, 8.74464035034, 8.47866439819, 11.8641014099, 11.0871667862, 9.32306957245, 8.88494205475, 7.80625343323, 4.79365062714, 3.38644433022, 1.99363648891, 1.58672976494, 1.1316845417, 0.785052239895, 0.529620289803, 0.289908856153, 0.0795637145638, 0.0182595159858, 0.000949595065322, 5.81581698498e-05, 5.24702336406e-05],
        "min": [0.00186944322195, 0.039890345186, 0.0776468738914, 0.0589104369283, 0.0619283244014, 0.129963740706, 0.132875949144, 0.241589844227, 0.610938727856, 0.466830343008, 0.318251222372, 0.190798938274, 0.223727107048, 0.196118429303, 0.113845869899, 0.148807749152, 0.11967780441, 0.0442888624966, 0.0408780612051, 0.0637513846159, 0.0612223260105, 0.0384801514447, 0.0245115142316, 0.0309118367732, 0.0129916286096, 0.00601490261033, 0.00322193466127, 0.00115931138862, 0.00064355134964, 0.000416455703089, 0.000301336665871, 0.000107764593849, 7.07904691808e-05, 2.23432653002e-05, 1.08872627607e-05, 8.01667283667e-06, 4.70544000564e-06, 5.4662501725e-07, 2.29926081374e-06, 4.2982337618e-06],
        "var": [0.312970340252, 54.4945678711, 249.525939941, 1435.17590332, 316.801177979, 816.907775879, 1005.77984619, 371.237060547, 800.598449707, 2191.47119141, 549.51940918, 739.079833984, 2347.49438477, 3614.30078125, 1688.85705566, 1242.02539062, 2836.59375, 1434.26428223, 2374.29516602, 825.51171875, 449.130645752, 774.885559082, 490.095428467, 484.578491211, 351.788208008, 312.341278076, 243.535507202, 146.003082275, 76.3128204346, 68.6055297852, 89.1124954224, 33.5922317505, 30.6815338135, 27.697145462, 9.28493022919, 1.13704824448, 0.0538282096386, 0.000265175534878, 1.06556193202e-07, 2.36245489837e-09]
    },
    "gfcc": {
        "mean": [22.7975978851, 102.197967529, -99.8971328735, 44.3070755005, -52.3780021667, 25.2856826782, -31.6440353394, 18.2853927612, -23.2499237061, 7.35786151886, -10.2459754944, 0.376180797815, -5.41817569733],
        "cov": [[3180.07617188, -1697.32861328, -427.826660156, 112.970939636, -285.327545166, 321.42578125, -112.754211426, 281.475585938, -313.617095947, 238.587799072, -358.951324463, 151.342147827, -183.771713257], [-1697.32861328, 1454.21630859, -54.3535690308, -111.976959229, 257.859710693, -300.957702637, 168.492019653, -248.518341064, 227.313537598, -202.135406494, 250.424362183, -162.776443481, 135.698867798], [-427.826660156, -54.3535690308, 941.715576172, -199.253677368, -76.6821975708, 0.83960545063, -263.297302246, 44.9582252502, -123.970939636, -8.98035526276, -3.74194002151, 40.5327720642, -81.2470397949], [112.970939636, -111.976959229, -199.253677368, 372.376922607, 26.6188964844, -8.98111534119, 117.904197693, -17.325799942, 80.9918823242, 1.42208409309, -10.758181572, -16.638917923, 12.9386291504], [-285.327545166, 257.859710693, -76.6821975708, 26.6188964844, 238.095535278, -47.1220169067, 96.4936523438, -29.2395172119, 47.6377182007, -14.5946950912, 36.8621635437, -27.7550888062, 17.1809692383], [321.42578125, -300.957702637, 0.83960545063, -8.98111534119, -47.1220169067, 224.602478027, 8.88133621216, 33.1451072693, -38.1479492188, 37.9843521118, -40.6161460876, 14.0843820572, -0.629264593124], [-112.754211426, 168.492019653, -263.297302246, 117.904197693, 96.4936523438, 8.88133621216, 266.042266846, -42.07472229, 85.6769180298, 0.36173042655, 20.1413192749, -5.28307533264, 30.306640625], [281.475585938, -248.518341064, 44.9582252502, -17.325799942, -29.2395172119, 33.1451072693, -42.07472229, 157.558380127, -45.7329559326, 37.8970146179, -24.8551998138, 29.2803916931, -11.122130394], [-313.617095947, 227.313537598, -123.970939636, 80.9918823242, 47.6377182007, -38.1479492188, 85.6769180298, -45.7329559326, 185.879180908, -24.4852905273, 39.2612876892, -23.2578601837, 45.6589584351], [238.587799072, -202.135406494, -8.98035526276, 1.42208409309, -14.5946950912, 37.9843521118, 0.36173042655, 37.8970146179, -24.4852905273, 124.001548767, -24.7536201477, 36.9159469604, -11.2187891006], [-358.951324463, 250.424362183, -3.74194002151, -10.758181572, 36.8621635437, -40.6161460876, 20.1413192749, -24.8551998138, 39.2612876892, -24.7536201477, 125.807106018, -21.1940841675, 45.3136100769], [151.342147827, -162.776443481, 40.5327720642, -16.638917923, -27.7550888062, 14.0843820572, -5.28307533264, 29.2803916931, -23.2578601837, 36.9159469604, -21.1940841675, 99.881690979, -10.5498781204], [-183.771713257, 135.698867798, -81.2470397949, 12.9386291504, 17.1809692383, -0.629264593124, 30.306640625, -11.122130394, 45.6589584351, -11.2187891006, 45.3136100769, -10.5498781204, 96.3935928345]],
        "icov": [[0.00131221825723, 0.00115163158625, 0.000941763166338, 0.00021384775755, 0.000185539771337, 5.34703140147e-05, 0.000143391021993, -0.000288168084808, 0.000804062699899, -0.00014367690892, 0.000861390610225, 0.000180557501153, 0.000751759682316], [0.00115163158625, 0.00710635911673, -0.000315662153298, 0.00379847525619, -0.00189297378529, 0.00529567385092, -0.00353943672962, 0.00418472196907, -0.00175751734059, 0.0032807495445, -0.00370635441504, 0.00517532415688, -0.00309371715412], [0.000941763166338, -0.000315662153298, 0.00255602924153, -0.000200260517886, 0.000328661961248, -0.00114858197048, 0.00223550223745, -0.00102630897891, 0.00116890482605, -0.000388878193917, 0.000787491851952, -0.0015031050425, 0.00240010907874], [0.00021384775755, 0.00379847525619, -0.000200260517886, 0.00561195937917, -0.000876904465258, 0.00334207410924, -0.00324680865742, 0.00235942611471, -0.00236665620469, 0.00182706443593, -0.00181079190224, 0.00350102549419, -0.00182247604243], [0.000185539771337, -0.00189297378529, 0.000328661961248, -0.000876904465258, 0.00620748009533, -0.000696515664458, -0.000976826646365, -0.00159207184333, 0.000778837944381, -0.00139860878699, 0.000943165330682, -0.000359876110451, 0.00141131679993], [5.34703140147e-05, 0.00529567385092, -0.00114858197048, 0.00334207410924, -0.000696515664458, 0.00994137115777, -0.0043695862405, 0.00321944127791, -0.00115932244807, 0.00176034984179, -0.00223025819287, 0.00493346806616, -0.00449307169765], [0.000143391021993, -0.00353943672962, 0.00223550223745, -0.00324680865742, -0.000976826646365, -0.0043695862405, 0.00933631602675, -0.00169052497949, 0.000138946677907, -0.00208246172406, 0.0020530524198, -0.00456403708085, 0.00281840749085], [-0.000288168084808, 0.00418472196907, -0.00102630897891, 0.00235942611471, -0.00159207184333, 0.00321944127791, -0.00169052497949, 0.0109543101862, -0.00090819306206, 0.00099762447644, -0.00297420215793, 0.00230640987866, -0.0033251112327], [0.000804062699899, -0.00175751734059, 0.00116890482605, -0.00236665620469, 0.000778837944381, -0.00115932244807, 0.000138946677907, -0.00090819306206, 0.00943852867931, -0.00100724271033, 0.00161041936371, -0.00143732724246, -0.000487224257085], [-0.00014367690892, 0.0032807495445, -0.000388878193917, 0.00182706443593, -0.00139860878699, 0.00176034984179, -0.00208246172406, 0.00099762447644, -0.00100724271033, 0.0119593236595, -0.00208474113606, -0.000280764623312, -0.00161653349642], [0.000861390610225, -0.00370635441504, 0.000787491851952, -0.00181079190224, 0.000943165330682, -0.00223025819287, 0.0020530524198, -0.00297420215793, 0.00161041936371, -0.00208474113606, 0.015076238662, -0.00224916031584, -0.00174343690742], [0.000180557501153, 0.00517532415688, -0.0015031050425, 0.00350102549419, -0.000359876110451, 0.00493346806616, -0.00456403708085, 0.00230640987866, -0.00143732724246, -0.000280764623312, -0.00224916031584, 0.0165893994272, -0.00335970986634], [0.000751759682316, -0.00309371715412, 0.00240010907874, -0.00182247604243, 0.00141131679993, -0.00449307169765, 0.00281840749085, -0.0033251112327, -0.000487224257085, -0.00161653349642, -0.00174343690742, -0.00335970986634, 0.0173739939928]]
    },
    "melbands": {
        "dmean": [0.00304442434572, 0.00360111379996, 0.00257879728451, 0.000580540683586, 0.000297129299724, 0.000169342631125, 0.000182479474461, 0.00015400700795, 8.90435185283e-05, 8.41002402012e-05, 0.000106913030322, 9.37966979109e-05, 5.51269258722e-05, 5.37536943739e-05, 2.89895288006e-05, 3.5480446968e-05, 3.21714069287e-05, 3.51217968273e-05, 2.6230871299e-05, 1.05331710074e-05, 1.22457659018e-05, 1.45432377394e-05, 9.81938501354e-06, 1.12451352834e-05, 9.16180033528e-06, 7.27834776626e-06, 7.0672253969e-06, 5.74444493395e-06, 5.2908080761e-06, 3.50473146682e-06, 2.9384186746e-06, 2.37524409386e-06, 2.13137604987e-06, 1.89832985598e-06, 2.29979082178e-06, 2.14188116843e-06, 1.52768893713e-06, 1.57527665579e-06, 1.57381225563e-06, 1.60526667514e-06],
        "dmean2": [0.0048525868915, 0.00521220406517, 0.00472489977255, 0.000942977087107, 0.000465012213681, 0.000267988798441, 0.00027992768446, 0.000251279358054, 0.000150529158418, 0.000136270144139, 0.000168162689079, 0.000142502860399, 8.55052494444e-05, 8.23011287139e-05, 4.56922134617e-05, 5.62142377021e-05, 5.19857239851e-05, 5.64917318115e-05, 4.21634504164e-05, 1.72125673998e-05, 2.04807984119e-05, 2.44549264607e-05, 1.66543304658e-05, 1.89707061509e-05, 1.53287783178e-05, 1.21537404993e-05, 1.17496538223e-05, 9.41675079957e-06, 8.82977656147e-06, 5.68761652175e-06, 4.70712075185e-06, 3.71517535314e-06, 3.26594818034e-06, 2.93536527352e-06, 3.73208945348e-06, 3.38685435963e-06, 2.43567660618e-06, 2.50501807386e-06, 2.50225116361e-06, 2.46793820224e-06],
        "dvar": [2.83447388938e-05, 5.58660394745e-05, 5.05309617438e-05, 8.55682060319e-07, 2.67895927664e-07, 8.92932305874e-08, 7.48661435068e-08, 1.5775464135e-07, 4.33514237841e-08, 2.44550708572e-08, 3.12609671482e-08, 2.77013896266e-08, 1.29548904937e-08, 1.13347553565e-08, 2.38700681443e-09, 6.43491793184e-09, 2.84605605749e-09, 5.39149125345e-09, 3.29486393724e-09, 4.18574785943e-10, 5.28034893588e-10, 6.80476119896e-10, 2.89031881762e-10, 3.52841311724e-10, 2.40006514662e-10, 1.39073447203e-10, 1.12412974762e-10, 8.64825017155e-11, 6.76911929287e-11, 2.52782673266e-11, 2.09551959118e-11, 1.51860104353e-11, 1.43684586798e-11, 1.17532927835e-11, 3.30761598666e-11, 2.45007729383e-11, 7.68685809449e-12, 1.08696775539e-11, 1.02178395953e-11, 1.71122387094e-11],
        "dvar2": [7.20036841813e-05, 0.000103102909634, 0.000137548340717, 2.17165461436e-06, 5.39190125437e-07, 1.86393563695e-07, 1.67275032936e-07, 4.16804198267e-07, 1.1226126162e-07, 6.02959033813e-08, 7.35617007308e-08, 6.31199768009e-08, 3.02945792896e-08, 2.62612989133e-08, 5.70466340832e-09, 1.19177565594e-08, 7.05070224427e-09, 1.12531868268e-08, 8.37921732e-09, 1.01693198307e-09, 1.33879940467e-09, 1.75728320784e-09, 7.92517718118e-10, 9.14766540294e-10, 6.68628707956e-10, 3.66556951459e-10, 2.7514207579e-10, 2.10045453253e-10, 1.73357911359e-10, 6.11578843124e-11, 5.31117164138e-11, 3.59949292594e-11, 3.01158716021e-11, 2.309729491e-11, 8.29196711294e-11, 5.93207219457e-11, 1.77066347695e-11, 2.45924235837e-11, 2.50924680339e-11, 3.60716456704e-11],
        "max": [0.0350532792509, 0.0478031970561, 0.0409635640681, 0.0128170968965, 0.0117569034919, 0.00718544656411, 0.00401482405141, 0.00775972567499, 0.00465017929673, 0.00287524797022, 0.00173844397068, 0.00259734061547, 0.00152468506712, 0.00145874277223, 0.000921406142879, 0.0032997909002, 0.000676882162225, 0.00111919583287, 0.000977223739028, 0.000337658071658, 0.000274532969343, 0.000308048620354, 0.000228253164096, 0.000189389043953, 0.000238770677242, 0.000124294238049, 0.000122331970488, 0.000153566332301, 0.000102635218354, 5.11611360707e-05, 4.91090904688e-05, 3.92236324842e-05, 5.10026657139e-05, 6.88749423716e-05, 8.88035428943e-05, 8.03500442998e-05, 2.53702983173e-05, 5.67047754885e-05, 4.05791179219e-05, 0.000103025886347],
        "mean": [0.00582688394934, 0.00540766352788, 0.00221616658382, 0.00103412137832, 0.000537542742677, 0.00030791547033, 0.00035632122308, 0.000236546402448, 0.000120379256259, 0.000132716100779, 0.00017758764443, 0.000149202838656, 8.63242967171e-05, 8.4080536908e-05, 4.1522191168e-05, 5.35811013833e-05, 4.85275741084e-05, 4.88042242068e-05, 3.63189210475e-05, 1.54165354616e-05, 1.70973198692e-05, 2.05577725865e-05, 1.47494083649e-05, 1.75262393896e-05, 1.37486431413e-05, 1.10418004624e-05, 1.09352258733e-05, 8.87648275238e-06, 8.33963258629e-06, 6.41350698061e-06, 4.75962633573e-06, 3.51406765731e-06, 3.11938970299e-06, 2.61597915596e-06, 2.57290184891e-06, 2.39989844886e-06, 1.83997076419e-06, 1.91003300642e-06, 2.01832563107e-06, 1.93300206774e-06],
        "median": [0.00396277941763, 0.00249607115984, 0.000657039112411, 0.000470932805911, 0.000226318792556, 0.000168728452991, 0.000194267529878, 0.000112833418825, 5.27670599695e-05, 6.06946996413e-05, 6.81536621414e-05, 5.50764161744e-05, 3.49368820025e-05, 3.03499073198e-05, 1.7147143808e-05, 1.88643080037e-05, 2.46332656388e-05, 1.61862044479e-05, 1.26083896248e-05, 7.85006614024e-06, 9.14792326512e-06, 8.27588974062e-06, 8.30944100016e-06, 1.09422853711e-05, 8.11877544038e-06, 6.19698948867e-06, 6.39050267637e-06, 4.91742639497e-06, 4.71358407594e-06, 3.50855611941e-06, 2.27103578254e-06, 1.76067646862e-06, 1.29909517455e-06, 9.24275411762e-07, 8.62322565354e-07, 7.43053988117e-07, 6.11717666743e-07, 5.33606794306e-07, 4.88674629651e-07, 3.95361865912e-07],
        "min": [2.96930502373e-05, 6.5673069912e-05, 1.15304819701e-05, 1.05531144072e-05, 4.69746237286e-06, 4.48020364274e-06, 7.74838736106e-06, 2.60212254943e-06, 1.58051125254e-06, 6.05127752351e-07, 5.30362910922e-07, 5.18726437804e-07, 4.45030053697e-07, 2.78416621313e-07, 3.45134168356e-07, 1.28026670154e-07, 6.58937509002e-08, 4.30146478436e-08, 7.32214928689e-08, 6.45019113676e-08, 5.27749222101e-08, 3.2095442748e-08, 1.87497537496e-08, 3.07410346068e-08, 2.20886260394e-08, 1.2251516246e-08, 4.60029125904e-09, 2.54401144595e-09, 2.33608599132e-09, 6.11940165207e-10, 4.93639074062e-10, 3.22756321669e-10, 3.13024550724e-10, 1.159624341e-10, 1.5522255703e-10, 7.97842139577e-11, 1.06520933567e-12, 2.87832587625e-11, 3.79136893863e-14, 5.21848054135e-14],
