{
"highlevel": {
    "danceability": {
        "all": {
            "danceable": 0.0409690216184,
            "not_danceable": 0.959030985832
        },
        "probability": 0.959030985832,
        "value": "not_danceable"
    },
    "gender": {
        "all": {
            "female": 0.127682134509,
            "male": 0.87231785059
        },
        "probability": 0.87231785059,
        "value": "male"
    },
    "genre_dortmund": {
        "all": {
            "alternative": 0.167699947953,
            "blues": 0.0350946038961,
            "electronic": 0.0127323148772,
            "folkcountry": 0.19637773931,
            "funksoulrnb": 0.00817914307117,
            "jazz": 0.00511042773724,
            "pop": 0.103814095259,
            "raphiphop": 0.00218343199231,
            "rock": 0.468808293343
        },
        "probability": 0.468808293343,
        "value": "rock"
    },
    "genre_electronic": {
        "all": {
            "ambient": 0.340908497572,
            "dnb": 0.133915945888,
            "house": 0.111223325133,
            "techno": 0.0237742066383,
            "trance": 0.390178024769
        },
        "probability": 0.390178024769,
        "value": "trance"
    },
    "genre_rosamerica": {
        "all": {
            "cla": 0.00741135887802,
            "dan": 0.0177666470408,
            "hip": 0.0064608771354,
            "jaz": 0.00169437832665,
            "pop": 0.152382969856,
            "rhy": 0.0510367415845,
            "roc": 0.762454986572,
            "spe": 0.000792023725808
        },
        "probability": 0.762454986572,
        "value": "roc"
    },
    "genre_tzanetakis": {
        "all": {
            "blu": 0.0626613423228,
            "cla": 0.0348169617355,
            "cou": 0.104475811124,
            "dis": 0.0784321576357,
            "hip": 0.15692435205,
            "jaz": 0.313974827528,
            "met": 0.0448166541755,
            "pop": 0.0627359300852,
            "reg": 0.0627360641956,
            "roc": 0.0784258767962
        },
        "probability": 0.313974827528,
        "value": "jaz"
    },
    "ismir04_rhythm": {
        "all": {
            "ChaChaCha": 0.171707600355,
            "Jive": 0.555085599422,
            "Quickstep": 0.0123104518279,
            "Rumba-American": 0.00759132625535,
            "Rumba-International": 0.0251905750483,
            "Rumba-Misc": 0.00864583160728,
            "Samba": 0.0494486913085,
            "Tango": 0.0169424265623,
            "VienneseWaltz": 0.143986135721,
            "Waltz": 0.00909134652466
        },
        "probability": 0.555085599422,
        "value": "Jive"
    },
    "mood_acoustic": {
        "all": {
            "acoustic": 0.0455452427268,
            "not_acoustic": 0.954454779625
        },
        "probability": 0.954454779625,
        "value": "not_acoustic"
    },
    "mood_aggressive": {
        "all": {
            "aggressive": 0.5,
            "not_aggressive": 0.5
        },
        "probability": 0.5,
        "value": "aggressive"
    },
    "mood_electronic": {
        "all": {
            "electronic": 0.112907260656,
            "not_electronic": 0.887092769146
        },
        "probability": 0.887092769146,
        "value": "not_electronic"
    },
    "mood_happy": {
        "all": {
            "happy": 0.909987151623,
            "not_happy": 0.0900128260255
        },
        "probability": 0.909987151623,
        "value": "happy"
    },
    "mood_party": {
        "all": {
            "not_party": 0.451532065868,
            "party": 0.548467934132
        },
        "probability": 0.548467934132,
        "value": "party"
    },
    "mood_relaxed": {
        "all": {
            "not_relaxed": 0.900776147842,
            "relaxed": 0.0992238298059
        },
        "probability": 0.900776147842,
        "value": "not_relaxed"
    },
    "mood_sad": {
        "all": {
            "not_sad": 0.772068798542,
            "sad": 0.227931216359
        },
        "probability": 0.772068798542,
        "value": "not_sad"
    },
    "moods_mirex": {
        "all": {
            "Cluster1": 0.46333771944,
            "Cluster2": 0.239631652832,
            "Cluster3": 0.147688984871,
            "Cluster4": 0.0509454868734,
            "Cluster5": 0.0983961597085
        },
        "probability": 0.46333771944,
        "value": "Cluster1"
    },
    "timbre": {
        "all": {
            "bright": 0.976359248161,
            "dark": 0.023640755564
        },
        "probability": 0.976359248161,
        "value": "bright"
    },
    "tonal_atonal": {
        "all": {
            "atonal": 0.000812000303995,
            "tonal": 0.999188005924
        },
        "probability": 0.999188005924,
        "value": "tonal"
    },
    "voice_instrumental": {
        "all": {
            "instrumental": 0.000105786239146,
            "voice": 0.999894201756
        },
        "probability": 0.999894201756,
        "value": "voice"
    }
},
"lowlevel": {
    "average_loudness": 0.982536435127,
    "barkbands_crest": {
        "dmean": 2.44528412819,
        "dmean2": 4.08088827133,
        "dvar": 5.85603427887,
        "dvar2": 14.6447114944,
        "max": 23.1699714661,
        "mean": 8.17461109161,
        "median": 7.40586233139,
        "min": 2.83781218529,
        "var": 10.8955478668
    },
    "barkbands_flatness_db": {
        "dmean": 0.0159450396895,
        "dmean2": 0.0260953307152,
        "dvar": 0.000197426154045,
        "dvar2": 0.00050956197083,
        "max": 0.204237505794,
        "mean": 0.112356990576,
        "median": 0.109917677939,
        "min": 0.0454596988857,
        "var": 0.000661484373268
    },
    "barkbands_kurtosis": {
        "dmean": 1.52597117424,
        "dmean2": 2.5483686924,
        "dvar": 4.71603918076,
        "dvar2": 12.0886831284,
        "max": 21.1752090454,
        "mean": 1.11092209816,
        "median": 0.423712491989,
        "min": -1.86819577217,
        "var": 6.84035968781
    },
    "barkbands_skewness": {
        "dmean": 0.460986196995,
        "dmean2": 0.726076841354,
        "dvar": 0.218739703298,
        "dvar2": 0.548274338245,
        "max": 4.51481533051,
        "mean": 1.15865623951,
        "median": 1.07453167439,
        "min": -1.42780017853,
        "var": 0.549081802368
    },
    "barkbands_spread": {
        "dmean": 6.24268531799,
        "dmean2": 9.55761909485,
        "dvar": 43.3900909424,
        "dvar2": 89.2558441162,
        "max": 95.3461227417,
        "mean": 30.7450942993,
        "median": 27.5107650757,
        "min": 9.15418720245,
        "var": 205.680740356
    },
    "dissonance": {
        "dmean": 0.0125260427594,
        "dmean2": 0.0209641586989,
        "dvar": 0.000114170448796,
        "dvar2": 0.000304872111883,
        "max": 0.500000059605,
        "mean": 0.474681466818,
        "median": 0.477275758982,
        "min": 0.413922399282,
        "var": 0.00024240683706
    },
    "dynamic_complexity": 1.25800800323,
    "erbbands_crest": {
        "dmean": 2.17969489098,
        "dmean2": 3.6396818161,
        "dvar": 4.04531621933,
        "dvar2": 10.7530670166,
        "max": 20.2527427673,
        "mean": 7.01786375046,
        "median": 6.34347486496,
        "min": 2.58213734627,
        "var": 8.31383037567
    },
    "erbbands_flatness_db": {
        "dmean": 0.0135404020548,
        "dmean2": 0.0199106372893,
        "dvar": 0.000145822457853,
        "dvar2": 0.000292723678285,
        "max": 0.207180961967,
        "mean": 0.135852888227,
        "median": 0.135099634528,
        "min": 0.0675813034177,
        "var": 0.000711068511009
    },
    "erbbands_kurtosis": {
        "dmean": 0.504419147968,
        "dmean2": 0.820313751698,
        "dvar": 0.358204096556,
        "dvar2": 0.826231539249,
        "max": 7.63463020325,
        "mean": -0.462529838085,
        "median": -0.700701236725,
        "min": -1.64341723919,
        "var": 0.800283253193
    },
    "erbbands_skewness": {
        "dmean": 0.286889493465,
        "dmean2": 0.435657590628,
        "dvar": 0.053433213383,
        "dvar2": 0.130129039288,
        "max": 1.54313898087,
        "mean": -0.083545230329,
        "median": -0.0384593456984,
        "min": -2.15626955032,
        "var": 0.301464140415
    },
    "erbbands_spread": {
        "dmean": 8.03372859955,
        "dmean2": 12.6684379578,
        "dvar": 60.6940422058,
        "dvar2": 132.347976685,
        "max": 116.91708374,
        "mean": 45.3145217896,
        "median": 43.9946899414,
        "min": 10.6451435089,
        "var": 248.299911499
    },
    "hfc": {
        "dmean": 7.02568626404,
        "dmean2": 9.57642936707,
        "dvar": 76.2510528564,
        "dvar2": 119.229789734,
        "max": 163.483123779,
        "mean": 29.3397960663,
        "median": 25.3255786896,
        "min": 4.36590623856,
        "var": 377.574401855
    },
    "melbands_crest": {
        "dmean": 3.17605113983,
        "dmean2": 5.24396657944,
        "dvar": 9.40316390991,
        "dvar2": 23.7676544189,
        "max": 30.4444408417,
        "mean": 11.9507770538,
        "median": 10.7943353653,
        "min": 4.314245224,
        "var": 20.2923316956
    },
    "melbands_flatness_db": {
        "dmean": 0.021385319531,
        "dmean2": 0.0335075519979,
        "dvar": 0.000420478841988,
        "dvar2": 0.00103254150599,
        "max": 0.297075271606,
        "mean": 0.15917801857,
        "median": 0.156824275851,
        "min": 0.0663842782378,
        "var": 0.00149518798571
    },
    "melbands_kurtosis": {
        "dmean": 5.18553256989,
        "dmean2": 8.59675312042,
        "dvar": 65.7565917969,
        "dvar2": 170.541854858,
        "max": 88.4522476196,
        "mean": 8.45477676392,
        "median": 5.72643852234,
        "min": -1.51844143867,
        "var": 84.9520339966
    },
    "melbands_skewness": {
        "dmean": 0.680912137032,
        "dmean2": 1.07716369629,
        "dvar": 0.592230558395,
        "dvar2": 1.49817693233,
        "max": 8.59055328369,
        "mean": 2.42081904411,
        "median": 2.27444005013,
        "min": -0.203470513225,
        "var": 1.34416782856
    },
    "melbands_spread": {
        "dmean": 8.58457279205,
        "dmean2": 13.3084602356,
        "dvar": 102.784934998,
        "dvar2": 228.518005371,
        "max": 153.559494019,
        "mean": 30.6228790283,
        "median": 27.8041763306,
        "min": 4.67190885544,
        "var": 301.742767334
    },
    "pitch_salience": {
        "dmean": 0.0626926347613,
        "dmean2": 0.100768946111,
        "dvar": 0.00300875119865,
        "dvar2": 0.00772564671934,
        "max": 0.826382517815,
        "mean": 0.58378893137,
        "median": 0.591879606247,
        "min": 0.191363245249,
        "var": 0.00710779009387
    },
    "silence_rate_20dB": {
        "dmean": 0,
        "dmean2": 0,
        "dvar": 0,
        "dvar2": 0,
        "max": 1,
        "mean": 1,
        "median": 1,
        "min": 1,
        "var": 0
    },
    "silence_rate_30dB": {
        "dmean": 0,
        "dmean2": 0,
        "dvar": 0,
        "dvar2": 0,
        "max": 1,
        "mean": 1,
        "median": 1,
        "min": 1,
        "var": 0
    },
    "silence_rate_60dB": {
        "dmean": 0,
        "dmean2": 0,
        "dvar": 0,
        "dvar2": 0,
        "max": 0,
        "mean": 0,
        "median": 0,
        "min": 0,
        "var": 0
    },
    "spectral_centroid": {
        "dmean": 276.664245605,
        "dmean2": 432.739929199,
        "dvar": 61151.0078125,
        "dvar2": 142511.4375,
        "max": 3745.76147461,
        "mean": 1723.48474121,
        "median": 1660.13452148,
        "min": 698.164672852,
        "var": 245335.140625
    },
    "spectral_complexity": {
        "dmean": 4.3359131813,
        "dmean2": 6.58249425888,
        "dvar": 15.6704921722,
        "dvar2": 33.7598381042,
        "max": 55,
        "mean": 27.7030162811,
        "median": 27,
        "min": 9,
        "var": 53.3347167969
    },
    "spectral_decrease": {
        "dmean": 2.73240119419e-09,
        "dmean2": 4.39067493474e-09,
        "dvar": 1.48652478989e-17,
        "dvar2": 3.70374718395e-17,
        "max": -1.30909916241e-09,
        "mean": -7.87144482928e-09,
        "median": -6.81343070852e-09,
        "min": -2.99495646061e-08,
        "var": 1.8478296714e-17
    },
    "spectral_energy": {
        "dmean": 0.010675130412,
        "dmean2": 0.016994856298,
        "dvar": 0.000216785920202,
        "dvar2": 0.000538139021955,
        "max": 0.11715439707,
        "mean": 0.0323697850108,
        "median": 0.0285967178643,
        "min": 0.00535592529923,
        "var": 0.000281097512925
    },
    "spectral_energyband_high": {
        "dmean": 0.000580165593419,
        "dmean2": 0.000770381418988,
        "dvar": 1.17214347028e-06,
        "dvar2": 1.69546945017e-06,
        "max": 0.0204894505441,
        "mean": 0.00157384027261,
        "median": 0.000712686101906,
        "min": 7.5093092164e-05,
        "var": 6.1209220803e-06
    },
    "spectral_energyband_low": {
        "dmean": 0.00651182234287,
        "dmean2": 0.0108024887741,
        "dvar": 0.000151920001372,
        "dvar2": 0.000388874381315,
        "max": 0.0949733406305,
        "mean": 0.0105935148895,
        "median": 0.00647161668167,
        "min": 0.000570789270569,
        "var": 0.000154078894411
    },
    "spectral_energyband_middle_high": {
        "dmean": 0.00191627512686,
        "dmean2": 0.00280985841528,
        "dvar": 4.68760981676e-06,
        "dvar2": 9.02278316062e-06,
        "max": 0.0342130251229,
        "mean": 0.00698985531926,
        "median": 0.00596065632999,
        "min": 0.00106481369585,
        "var": 2.09347781492e-05
    },
    "spectral_energyband_middle_low": {
        "dmean": 0.00604917434976,
        "dmean2": 0.0100751640275,
        "dvar": 9.55904906732e-05,
        "dvar2": 0.000246210955083,
        "max": 0.0945045128465,
        "mean": 0.0144443716854,
        "median": 0.012560563162,
        "min": 0.00154871854465,
        "var": 0.000107717591163
    },
    "spectral_entropy": {
        "dmean": 0.106136985123,
        "dmean2": 0.153269842267,
        "dvar": 0.00902270898223,
        "dvar2": 0.0182046033442,
        "max": 8.53601074219,
        "mean": 7.77761888504,
        "median": 7.7596654892,
        "min": 7.11659240723,
        "var": 0.0631473585963
    },
    "spectral_flux": {
        "dmean": 0.0268054548651,
        "dmean2": 0.041934158653,
        "dvar": 0.00096275593387,
        "dvar2": 0.00206101778895,
        "max": 0.280606985092,
        "mean": 0.0967578366399,
        "median": 0.0883845314384,
        "min": 0.0248536858708,
        "var": 0.00168729841243
    },
    "spectral_kurtosis": {
        "dmean": 1.08607399464,
        "dmean2": 1.81416511536,
        "dvar": 1.06515657902,
        "dvar2": 3.00235080719,
        "max": 13.8610248566,
        "mean": 3.23964762688,
        "median": 3.09005451202,
        "min": -0.474363803864,
        "var": 3.1888859272
    },
    "spectral_rms": {
        "dmean": 0.000845978618599,
        "dmean2": 0.00131162570324,
        "dvar": 9.73303258434e-07,
        "dvar2": 2.3067359507e-06,
        "max": 0.0106909759343,
        "mean": 0.0054649268277,
        "median": 0.00528197269887,
        "min": 0.00228589004837,
        "var": 1.71491171841e-06
    },
    "spectral_rolloff": {
        "dmean": 626.397155762,
        "dmean2": 995.797912598,
        "dvar": 764239.1875,
        "dvar2": 1609062.75,
        "max": 8570.21484375,
        "mean": 1925.54760742,
        "median": 1485.79101562,
        "min": 86.1328125,
        "var": 2398293
    },
    "spectral_skewness": {
        "dmean": 0.1706148386,
        "dmean2": 0.278490841389,
        "dvar": 0.0222055204213,
        "dvar2": 0.0531317554414,
        "max": 3.05232739449,
        "mean": 1.2099262476,
        "median": 1.22216284275,
        "min": 0.212811917067,
        "var": 0.09546790272
    },
    "spectral_spread": {
        "dmean": 399902.03125,
        "dmean2": 556984.5,
        "dvar": 181612150784,
        "dvar2": 279282450432,
        "max": 10713228,
        "mean": 4439699,
        "median": 4162603.5,
        "min": 2663643.5,
        "var": 1.27517170074e+12
    },
    "spectral_strongpeak": {
        "dmean": 0.542360544205,
        "dmean2": 0.963809490204,
        "dvar": 0.728950500488,
        "dvar2": 1.83875405788,
        "max": 11.2021503448,
        "mean": 0.812604248524,
        "median": 0.430709034204,
        "min": 0,
        "var": 0.907662451267
    },
    "zerocrossingrate": {
        "dmean": 0.010269401595,
        "dmean2": 0.0116098225117,
        "dvar": 0.000140534975799,
        "dvar2": 0.000129361971631,
        "max": 0.27978515625,
        "mean": 0.0718411654234,
        "median": 0.06396484375,
        "min": 0.017578125,
        "var": 0.00122226099484
    },
    "barkbands": {
        "dmean": [0.000439265335444, 0.00474745826796, 0.00158747693058, 0.00257853791118, 0.00232643517666, 0.00148355192505, 0.000990117550828, 0.000761528324801, 0.000833202619106, 0.000454215129139, 0.000337307050359, 0.000520021945704, 0.000468402809929, 0.000479616282973, 0.000254773447523, 0.00023812847212, 0.000411829620134, 0.000188329897355, 0.00033234746661, 0.000292856391752, 0.000138019458973, 0.000134791494929, 0.000168508064235, 0.000111142690002, 4.97407236253e-05, 2.53595499089e-05, 4.6581462243e-08],
        "dmean2": [0.000748179096263, 0.00775455404073, 0.00281784380786, 0.00437534926459, 0.00393748097122, 0.00254412391223, 0.00165593449492, 0.00118805875536, 0.00127511285245, 0.000670616689604, 0.000536078470759, 0.000810878933407, 0.000752338208258, 0.000759748800192, 0.000397439522203, 0.00038672258961, 0.000668132561259, 0.000303423556034, 0.000499465386383, 0.000472483719932, 0.000216261483729, 0.000192976935068, 0.000224924311624, 0.000156083726324, 7.0561443863e-05, 3.68767796317e-05, 8.36894002987e-08],
        "dvar": [4.74907125181e-07, 9.83576173894e-05, 1.23398594951e-05, 3.50432092091e-05, 1.97561021196e-05, 4.59583452539e-06, 2.55281906902e-06, 1.71104932178e-06, 1.95850520868e-06, 1.08405981791e-06, 3.07796483412e-07, 9.40770576108e-07, 5.6252719105e-07, 7.82254005571e-07, 3.4285426409e-07, 1.09112342273e-07, 2.62780162075e-07, 1.35911264465e-07, 2.43142153522e-07, 2.0469602191e-07, 3.51574200863e-08, 8.70496847938e-08, 2.33001060224e-07, 1.06095399133e-07, 1.20671028725e-08, 3.42446049295e-09, 4.27461343232e-14],
        "dvar2": [1.17897820928e-06, 0.000251873221714, 3.40380938724e-05, 8.95299162949e-05, 5.49493597646e-05, 1.33656922117e-05, 6.93799529472e-06, 4.34912271885e-06, 4.19885145675e-06, 2.02794922188e-06, 7.72719829456e-07, 2.25320468417e-06, 1.38263806093e-06, 1.83240024398e-06, 7.30829583517e-07, 2.68607777798e-07, 6.50174797556e-07, 3.1032317338e-07, 4.81046811274e-07, 5.2910093018e-07, 7.99925174988e-08, 1.74579568579e-07, 4.11750164631e-07, 1.92115848563e-07, 2.4307839297e-08, 6.35681995931e-09, 1.18094119553e-13],
        "max": [0.00588828977197, 0.0813113451004, 0.0271745361388, 0.0506149977446, 0.0470341965556, 0.022978451103, 0.0165679231286, 0.0144906546921, 0.0188229605556, 0.0220793168992, 0.0082796914503, 0.0140477577224, 0.00979474838823, 0.0130123700947, 0.0112170176581, 0.0047551933676, 0.00828737672418, 0.00721387472004, 0.0108555704355, 0.00699063111097, 0.00211007986218, 0.00578890461475, 0.0098422029987, 0.00641078222543, 0.00217744824477, 0.00117478298489, 3.06083165924e-06],
        "mean": [0.000512211350724, 0.00676346290857, 0.00215690257028, 0.00316898780875, 0.00366514455527, 0.0029184166342, 0.00168413494248, 0.00123586098198, 0.00165101839229, 0.000844479887746, 0.000603925029282, 0.00088647659868, 0.000772224913817, 0.000750285980757, 0.000432966742665, 0.000469143560622, 0.000840696273372, 0.000350402027834, 0.000724148761947, 0.000595929741394, 0.000302755768644, 0.000297785212751, 0.000358720339136, 0.000237610831391, 0.00010111303709, 4.50047919003e-05, 3.22124087404e-08],
        "median": [0.000189185055206, 0.00358628481627, 0.00112443731632, 0.00155210727826, 0.00241570291109, 0.00166334328242, 0.000829683325719, 0.000599955092184, 0.000723901612218, 0.000299330538837, 0.00034246101859, 0.00041106675053, 0.000319524435326, 0.000341334700352, 0.000216317886952, 0.000297238089843, 0.000643963750917, 0.000247196498094, 0.000491435872391, 0.000435306195868, 0.000176472531166, 0.000113589747343, 8.6606509285e-05, 5.47349191038e-05, 3.58692850568e-05, 1.4510699657e-05, 1.18360954371e-09],
        "min": [4.37581377355e-07, 5.02525654156e-05, 1.28574602059e-05, 1.43158449646e-05, 9.22405452002e-05, 2.88734663627e-05, 1.37585138873e-05, 8.27458097774e-06, 2.14150932152e-05, 8.60226646182e-06, 6.04208162258e-06, 9.46353611653e-06, 1.19392825582e-05, 2.08970341191e-05, 2.1169129468e-05, 2.93222983601e-05, 4.665929373e-05, 2.37887688854e-05, 3.81441896025e-05, 4.81067290821e-05, 2.17962424358e-05, 9.68807398749e-06, 6.97662926541e-06, 1.00285205917e-06, 3.49719642134e-10, 1.06489105728e-11, 5.82731822865e-12],
        "var": [6.61940703139e-07, 9.86812083283e-05, 1.10116716314e-05, 3.2328589441e-05, 1.7976422896e-05, 1.00020961327e-05, 4.50305105915e-06, 2.9543234632e-06, 6.20043101662e-06, 3.85278553949e-06, 6.84417386765e-07, 1.81281052392e-06, 1.14531871986e-06, 1.30776277274e-06, 6.52842004456e-07, 2.69179309953e-07, 5.03793160078e-07, 2.10938480905e-07, 7.23520599877e-07, 3.15631922376e-07, 9.3230909215e-08, 2.63194465333e-07, 8.454983913e-07, 3.9855393652e-07, 3.64167611622e-08, 1.00801731406e-08, 2.76276617821e-14]
    },
    "erbbands": {
        "dmean": [0.151585951447, 1.02947342396, 1.87990474701, 4.9161696434, 9.02212047577, 7.39650774002, 10.8698635101, 11.2538928986, 14.6029348373, 12.9519605637, 18.3925228119, 15.8024272919, 16.306936264, 10.1626396179, 14.345000267, 18.0388393402, 20.5280132294, 22.4885730743, 16.2910194397, 11.1622743607, 15.0036039352, 24.9440631866, 10.2684183121, 13.8888473511, 17.0180702209, 12.9544382095, 6.86283922195, 5.00438308716, 5.06699419022, 4.50159311295, 5.10446596146, 3.3474547863, 1.36938929558, 0.636872768402, 0.374227702618, 0.143359586596, 0.0473352186382, 0.00383110414259, 7.40815157769e-05, 1.49066800077e-05],
        "dmean2": [0.246181964874, 1.70021557808, 3.33996677399, 8.38088989258, 15.3402643204, 12.2798070908, 18.736579895, 18.8714885712, 24.497341156, 20.6808700562, 28.7511978149, 24.2093391418, 23.364030838, 15.1848554611, 22.4142284393, 27.9752731323, 32.611000061, 35.1013565063, 25.5661334991, 17.6413631439, 24.4908561707, 40.3824501038, 16.3437614441, 21.4809608459, 25.6147689819, 20.8741493225, 11.1841278076, 7.71541547775, 7.42151641846, 6.51533842087, 6.80524730682, 4.81839561462, 1.89700424671, 0.921240508556, 0.536327004433, 0.212163120508, 0.0705271139741, 0.006198448129, 0.000114825983474, 2.22969101742e-05],
        "dvar": [0.0957879349589, 4.9830532074, 19.5998344421, 96.5395126343, 417.163848877, 147.453216553, 255.042282104, 245.259094238, 689.460266113, 471.666442871, 984.356628418, 682.536193848, 1183.14624023, 233.220993042, 638.60925293, 1156.14294434, 1086.54089355, 1922.6907959, 1284.0645752, 337.886077881, 479.102020264, 900.459533691, 449.111450195, 654.494934082, 597.249694824, 419.843841553, 93.3825912476, 50.4047393799, 148.563522339, 98.23878479, 241.143341064, 107.217758179, 13.9617671967, 2.56057238579, 0.544728636742, 0.0983524918556, 0.0129325073212, 0.000117256531666, 3.48859110488e-08, 3.6351319177e-10],
        "dvar2": [0.245181083679, 12.7984352112, 54.500919342, 247.554733276, 1117.30517578, 392.703765869, 719.115783691, 656.214477539, 1863.74938965, 1199.33911133, 2512.69897461, 1468.00109863, 2216.78759766, 465.038970947, 1496.82458496, 2762.76464844, 2772.10791016, 4329.63183594, 3245.00708008, 787.452514648, 1197.11816406, 2215.48754883, 1056.22546387, 1425.56152344, 1240.53210449, 1109.94470215, 227.463546753, 105.325683594, 325.077636719, 174.046356201, 447.897399902, 204.040618896, 24.9650650024, 5.77465105057, 1.06127667427, 0.192203164101, 0.0225438755006, 0.000255171122262, 7.11999916803e-08, 8.25081836187e-10],
        "max": [2.89964580536, 19.4375762939, 33.9106292725, 84.3242721558, 178.492156982, 143.950195312, 191.540512085, 229.902008057, 304.188812256, 235.597305298, 353.19543457, 484.717651367, 571.180236816, 258.918151855, 406.018707275, 489.288482666, 472.008117676, 724.386474609, 576.172546387, 311.444702148, 326.406402588, 406.217132568, 433.927337646, 692.124145508, 398.938171387, 335.91998291, 115.665046692, 85.4688110352, 242.961868286, 208.5703125, 349.796539307, 206.907592773, 73.8661804199, 30.0552959442, 12.9694375992, 4.26776123047, 2.38462591171, 0.207957297564, 0.00361996516585, 0.000275227648672],
        "mean": [0.215118929744, 1.43997347355, 2.65210795403, 6.45636892319, 11.599366188, 11.847407341, 20.6119632721, 22.8201370239, 24.1205425262, 24.2955722809, 32.0449485779, 31.2811450958, 32.9555778503, 22.0795211792, 27.7013912201, 33.3444595337, 37.232093811, 38.0475921631, 27.9903392792, 21.9597530365, 32.4093894958, 50.7078361511, 21.1151332855, 29.6561260223, 38.4055137634, 27.2272148132, 14.2706613541, 11.4178695679, 10.769370079, 10.187743187, 10.3337869644, 6.83821439743, 2.90536236763, 1.21197450161, 0.704344213009, 0.25198495388, 0.0806584730744, 0.00583875738084, 0.00014167871268, 4.79911213915e-05],
        "median": [0.0918195620179, 0.739560425282, 1.49785602093, 3.55298280716, 6.71198272705, 7.6240272522, 13.7795534134, 14.1049537659, 12.2512159348, 13.2710952759, 16.282289505, 15.497385025, 12.2055673599, 12.9278287888, 14.9801445007, 15.9177703857, 17.892124176, 16.3739929199, 13.7876167297, 14.4623231888, 21.7311897278, 37.5598678589, 15.7188234329, 20.3306388855, 27.0591030121, 20.0196361542, 8.83865737915, 6.14319658279, 4.21920967102, 3.41265201569, 2.35274147987, 1.49667310715, 0.697817921638, 0.394994050264, 0.268618732691, 0.0859369412065, 0.0252307709306, 0.00142398732714, 5.29426069988e-05, 3.98702941311e-05],
        "min": [0.00124156789389, 0.00780976004899, 0.0729472711682, 0.167390406132, 0.247968137264, 0.450048744678, 0.423697292805, 0.24954764545, 0.363081455231, 0.318138629198, 0.193325385451, 0.59203928709, 0.701520502567, 0.922723948956, 0.78398925066, 0.444355934858, 0.642215371132, 1.28738045692, 1.25747764111, 1.7442022562, 2.76194787025, 3.25204396248, 2.0624396801, 2.75682067871, 2.58976221085, 2.11163520813, 1.08918488026, 0.874758243561, 0.36203533411, 0.250361382961, 0.148702308536, 0.0968657433987, 0.0178541000932, 0.00172776472755, 0.000120354183309, 2.73756159004e-05, 1.07081714305e-05, 3.15355487146e-06, 4.84478550788e-06, 6.89164016876e-06],
        "var": [0.109104000032, 4.67627000809, 16.131149292, 92.653465271, 335.963134766, 171.565994263, 460.368713379, 661.478027344, 1075.08239746, 943, 1704.71130371, 1782.34667969, 4335.93212891, 873.407104492, 1453.11010742, 2341.68432617, 2291.31152344, 3591.84057617, 2153.69384766, 625.301818848, 1171.42590332, 1842.53771973, 613.44317627, 1533.00878906, 1736.70361328, 641.53894043, 198.374984741, 153.777404785, 355.518493652, 415.820709229, 795.731933594, 373.686950684, 50.3739776611, 6.49392175674, 1.63567912579, 0.266405761242, 0.0381576679647, 0.000269119889708, 9.30934049848e-08, 8.29505963917e-10]
    },
    "gfcc": {
        "mean": [47.4734802246, 88.676361084, -122.922729492, 47.5809783936, -60.0613021851, 13.5896310806, -39.2591934204, 13.0356273651, -27.1734981537, 5.8061413765, -14.4171800613, 3.12983345985, -11.73848629],
        "cov": [[842.197753906, -459.580841064, 174.8931427, -7.42766809464, -118.707710266, 130.066375732, -50.9784355164, 44.3807830811, -47.844783783, 58.597076416, -46.2421951294, 3.09582591057, -98.6377258301], [-459.580841064, 697.418945312, -263.53503418, -102.832801819, 137.593490601, -133.356048584, 138.157714844, 3.46222138405, 14.7729434967, -30.7713699341, 69.2299041748, -39.6547241211, 63.9293479919], [174.8931427, -263.53503418, 310.753814697, 104.210395813, -46.5294342041, 68.214805603, -40.9740715027, -0.201414808631, -9.04296112061, 13.7071781158, -42.7211494446, 52.2013816833, -6.28052282333], [-7.42766809464, -102.832801819, 104.210395813, 246.164306641, -23.0330696106, 30.138381958, -71.5106582642, -50.1123733521, 43.5784416199, -24.9238166809, 8.45638656616, -0.655053973198, 59.3240013123], [-118.707710266, 137.593490601, -46.5294342041, -23.0330696106, 190.238296509, -28.3781375885, 22.0549488068, 26.0330543518, 20.417470932, 25.5796432495, 3.80763721466, 9.87185668945, -0.429866015911], [130.066375732, -133.356048584, 68.214805603, 30.138381958, -28.3781375885, 128.215209961, 33.8243560791, 21.9889125824, -3.79364609718, -2.6810836792, -6.39484739304, 7.82908725739, 3.21812677383], [-50.9784355164, 138.157714844, -40.9740715027, -71.5106582642, 22.0549488068, 33.8243560791, 169.081298828, 58.8494644165, -9.50287055969, -9.86408042908, 17.5292282104, 10.8256750107, -1.20433068275], [44.3807830811, 3.46222138405, -0.201414808631, -50.1123733521, 26.0330543518, 21.9889125824, 58.8494644165, 88.9217453003, 15.3129234314, 16.5920295715, 1.11550462246, 7.9011092186, -11.3664045334], [-47.844783783, 14.7729434967, -9.04296112061, 43.5784416199, 20.417470932, -3.79364609718, -9.50287055969, 15.3129234314, 78.9411239624, 23.7985839844, 17.1410331726, -5.65657281876, 8.63022041321], [58.597076416, -30.7713699341, 13.7071781158, -24.9238166809, 25.5796432495, -2.6810836792, -9.86408042908, 16.5920295715, 23.7985839844, 71.8385696411, 12.4880781174, 5.08080530167, -25.4436836243], [-46.2421951294, 69.2299041748, -42.7211494446, 8.45638656616, 3.80763721466, -6.39484739304, 17.5292282104, 1.11550462246, 17.1410331726, 12.4880781174, 67.8953018188, 10.5079631805, 14.1372814178], [3.09582591057, -39.6547241211, 52.2013816833, -0.655053973198, 9.87185668945, 7.82908725739, 10.8256750107, 7.9011092186, -5.65657281876, 5.08080530167, 10.5079631805, 65.6096420288, 14.6175727844], [-98.6377258301, 63.9293479919, -6.28052282333, 59.3240013123, -0.429866015911, 3.21812677383, -1.20433068275, -11.3664045334, 8.63022041321, -25.4436836243, 14.1372814178, 14.6175727844, 79.3401794434]],
        "icov": [[0.00256293918937, 0.00066596159013, 0.000146357051563, -0.000700167322066, 0.00103720941115, -0.00149195711128, 0.000798931345344, -0.00194130442105, 0.00232858397067, -0.00205434812233, 0.000220666566747, 0.000160080831847, 0.00200404925272], [0.00066596159013, 0.00620669545606, 4.67137033411e-05, 0.00253151031211, -0.00310759735294, 0.00500381411985, -0.00528577528894, 0.00267622061074, -0.000763506512158, 0.00139402691275, -0.00395583920181, 0.00588675634935, -0.00582856545225], [0.000146357051563, 4.67137033411e-05, 0.00798356160522, -0.00510996906087, 0.0018500527367, -0.00183451035991, 0.0004448449763, -0.00208059186116, 0.00272075505927, -0.00385523587465, 0.00585777964443, -0.00737600680441, 0.00317310448736], [-0.000700167322066, 0.00253151031211, -0.00510996906087, 0.0127791548148, -0.00305282627232, 0.000659496115986, -0.000159369941684, 0.00672398647293, -0.00820673350245, 0.00661303242669, -0.0060402425006, 0.00714640319347, -0.00917931180447], [0.00103720941115, -0.00310759735294, 0.0018500527367, -0.00305282627232, 0.00893325358629, -0.00208739424124, 0.00238758372143, -0.00412262650207, 0.00137837335933, -0.00493605807424, 0.00471584731713, -0.00562652014196, 0.00426471233368], [-0.00149195711128, 0.00500381411985, -0.00183451035991, 0.000659496115986, -0.00208739424124, 0.0164859127253, -0.00826668553054, 0.00137999327853, -0.00103883224074, 0.00184417562559, -0.00311695737764, 0.00592406839132, -0.00696447910741], [0.000798931345344, -0.00528577528894, 0.0004448449763, -0.000159369941684, 0.00238758372143, -0.00826668553054, 0.0154964877293, -0.0086510553956, 0.00256649963558, 0.00156358478125, 0.000165473116795, -0.00573919573799, 0.00600096955895], [-0.00194130442105, 0.00267622061074, -0.00208059186116, 0.00672398647293, -0.00412262650207, 0.00137999327853, -0.0086510553956, 0.0228324886411, -0.00938651710749, 0.00168968830258, -0.0012501393212, 0.00304528046399, -0.00547624053434], [0.00232858397067, -0.000763506512158, 0.00272075505927, -0.00820673350245, 0.00137837335933, -0.00103883224074, 0.00256649963558, -0.00938651710749, 0.0237038955092, -0.0104703176767, -0.000218574583414, 9.54080824158e-05, 0.00269092479721], [-0.00205434812233, 0.00139402691275, -0.00385523587465, 0.00661303242669, -0.00493605807424, 0.00184417562559, 0.00156358478125, 0.00168968830258, -0.0104703176767, 0.0265030600131, -0.00905229151249, 0.00216314801946, 0.00208978191949], [0.000220666566747, -0.00395583920181, 0.00585777964443, -0.0060402425006, 0.00471584731713, -0.00311695737764, 0.000165473116795, -0.0012501393212, -0.000218574583414, -0.00905229151249, 0.0256201438606, -0.0114443367347, 0.00308142905124], [0.000160080831847, 0.00588675634935, -0.00737600680441, 0.00714640319347, -0.00562652014196, 0.00592406839132, -0.00573919573799, 0.00304528046399, 9.54080824158e-05, 0.00216314801946, -0.0114443367347, 0.0300688706338, -0.0132106207311], [0.00200404925272, -0.00582856545225, 0.00317310448736, -0.00917931180447, 0.00426471233368, -0.00696447910741, 0.00600096955895, -0.00547624053434, 0.00269092479721, 0.00208978191949, 0.00308142905124, -0.0132106207311, 0.0287810545415]]
    },
    "melbands": {
        "dmean": [0.00134358892683, 0.00107608176768, 0.00100379937794, 0.000581033935305, 0.000348055269569, 0.000265017530182, 0.00020924139244, 0.000146016973304, 0.000160671334015, 9.80381082627e-05, 8.55852049426e-05, 4.63145079266e-05, 4.96113170811e-05, 5.32923768333e-05, 5.9330570366e-05, 4.58644426544e-05, 4.30489708378e-05, 3.07190166495e-05, 1.86007800949e-05, 1.35038717417e-05, 1.9925453671e-05, 3.15945617331e-05, 1.19444021038e-05, 9.15205600904e-06, 1.22995797938e-05, 1.37549004648e-05, 1.34221518238e-05, 8.44874830364e-06, 5.01214799442e-06, 3.55394990947e-06, 2.9791876841e-06, 3.12075212605e-06, 2.73236628345e-06, 2.70135433311e-06, 3.06011179418e-06, 2.87429929813e-06, 1.95067809727e-06, 1.09681252525e-06, 7.00047451119e-07, 5.49547962692e-07],
        "dmean2": [0.00215982855298, 0.00185106962454, 0.00169746100437, 0.000975888047833, 0.000592240248807, 0.000447032711236, 0.000350599031663, 0.000230639736401, 0.000250965647865, 0.000149618033902, 0.000122979210573, 6.89152584528e-05, 7.89406767581e-05, 8.38751657284e-05, 9.65525978245e-05, 7.21292672097e-05, 6.72615424264e-05, 4.94014238939e-05, 2.96799826174e-05, 2.10661291931e-05, 3.25633700413e-05, 5.15943866048e-05, 1.93082305486e-05, 1.50678124555e-05, 1.91257477127e-05, 2.0933097403e-05, 2.15803174797e-05, 1.37019715112e-05, 8.20727200335e-06, 5.7312449826e-06, 4.51272444479e-06, 4.68983944302e-06, 4.04933280151e-06, 4.00319277105e-06, 4.12664030591e-06, 4.19645812144e-06, 2.90811772174e-06, 1.59646617703e-06, 1.02488706943e-06, 8.27501651202e-07],
        "dvar": [7.68435438658e-06, 6.00560269959e-06, 4.6216850933e-06, 1.31596732444e-06, 2.45316897463e-07, 1.32400316488e-07, 1.27822474383e-07, 5.72429605938e-08, 7.15991532729e-08, 2.8931527396e-08, 3.19320214714e-08, 6.00991967303e-09, 6.7197212239e-09, 1.46286947e-08, 1.09395328352e-08, 6.21101126086e-09, 6.99472790799e-09, 4.6020707245e-09, 1.84689041838e-09, 3.51966983336e-10, 9.59166190917e-10, 1.4552137273e-09, 4.61093052628e-10, 4.12460898769e-10, 5.44326528296e-10, 4.65784633086e-10, 3.77885639447e-10, 1.98264460405e-10, 5.05368143167e-11, 2.70227208665e-11, 1.95907214062e-11, 5.83201403836e-11, 3.16674186873e-11, 3.87404865132e-11, 8.74369673887e-11, 8.95099827591e-11, 3.6343320714e-11, 8.97387546217e-12, 3.93914328239e-12, 1.81263652092e-12],
        "dvar2": [1.95669690584e-05, 1.62294709298e-05, 1.19223650472e-05, 3.5820123685e-06, 6.83919552102e-07, 3.68142906382e-07, 3.47451617699e-07, 1.45003284047e-07, 1.80121233484e-07, 5.98713114641e-08, 5.93984594843e-08, 1.11616076381e-08, 1.66357470022e-08, 3.40992549752e-08, 2.81585705864e-08, 1.49515670955e-08, 1.59112900633e-08, 1.21927765662e-08, 3.88772924964e-09, 8.1383977335e-10, 2.41449971128e-09, 3.61572394247e-09, 1.13016462855e-09, 1.00909014478e-09, 1.16595577637e-09, 8.88608187033e-10, 9.22036447193e-10, 5.35580968464e-10, 1.27940963379e-10, 6.59178683859e-11, 4.17796804097e-11, 1.39438002811e-10, 6.20413373453e-11, 7.52531231774e-11, 1.67624455982e-10, 1.82279094596e-10, 7.23484883114e-11, 1.64556025056e-11, 8.63620026187e-12, 4.51650132224e-12],
        "max": [0.0251834038645, 0.0205986332148, 0.018902881071, 0.0125973438844, 0.00632946472615, 0.00500650238246, 0.00399387441576, 0.00236402312294, 0.00283548492007, 0.00277772615664, 0.00312309456058, 0.00148090929724, 0.00120497634634, 0.00193744467106, 0.00144735362846, 0.00129077513702, 0.00130546907894, 0.00124962453265, 0.000868360861205, 0.000236084088101, 0.000436416856246, 0.000464980286779, 0.000416229420807, 0.000410894223023, 0.000646863889415, 0.000495129381306, 0.000300081475871, 0.000239066081122, 8.97873542272e-05, 5.81209860684e-05, 5.27649754076e-05, 0.000151311367517, 0.000120110606076, 0.000118452859169, 0.000230075340369, 0.000170484607224, 0.000121628923807, 5.2364601288e-05, 5.02098337165e-05, 2.58472937276e-05],
        "mean": [0.00194308208302, 0.00156589935068, 0.00134063255973, 0.000834715901874, 0.000684075755998, 0.000532798701897, 0.000353506591637, 0.000265110342298, 0.00027712751762, 0.000196325810975, 0.000169352075318, 9.58389282459e-05, 9.16396529647e-05, 8.7124237325e-05, 0.000100544632005, 7.55206565373e-05, 6.88948930474e-05, 4.80497292301e-05, 3.08529852191e-05, 2.66000861302e-05, 3.81401332561e-05, 6.01266365265e-05, 2.29647594097e-05, 1.66767495102e-05, 2.41479992837e-05, 2.96198413707e-05, 2.62502344412e-05, 1.59160445037e-05, 9.48558772507e-06, 6.93771335136e-06, 6.30830299997e-06, 6.1619657572e-06, 5.54316920898e-06, 5.73072293264e-06, 6.01329429628e-06, 5.42831185157e-06, 3.72805288862e-06, 2.20154265662e-06, 1.28802707877e-06, 9.16041926757e-07],
        "median": [0.000962800695561, 0.000929300556891, 0.000740412331652, 0.000519497378264, 0.000482249684865, 0.000341220409609, 0.000192128078197, 0.000146881895489, 0.000139077485073, 8.73934259289e-05, 6.01877909503e-05, 5.1436774811e-05, 5.18888773513e-05, 3.6427318264e-05, 4.51786654594e-05, 3.03666220134e-05, 2.67537470791e-05, 2.25140393013e-05, 1.6318357666e-05, 1.73883963726e-05, 2.37116619246e-05, 4.38617134932e-05, 1.7231774109e-05, 1.14392541946e-05, 1.55550642376e-05, 1.96909913939e-05, 1.88100802916e-05, 1.10517903522e-05, 5.84621921007e-06, 3.9303486119e-06, 3.2493692288e-06, 2.44263355853e-06, 2.05880860449e-06, 1.74028889433e-06, 1.37856852689e-06, 1.05818025986e-06, 8.05420825145e-07, 5.01889871884e-07, 3.59898081115e-07, 3.00082916738e-07],
        "min": [1.18783955259e-05, 1.18858743008e-05, 3.57920725946e-05, 2.20215370064e-05, 1.43393954204e-05, 5.62828927286e-06, 3.63233039025e-06, 3.10186669594e-06, 1.04403170553e-06, 3.036561111e-06, 8.25866038667e-07, 2.80175891021e-06, 1.18014861528e-06, 1.05329127109e-06, 1.19968683521e-06, 8.50954563703e-07, 1.51601216203e-06, 8.77916022546e-07, 1.48906610775e-06, 1.62747687682e-06, 1.41543182508e-06, 3.40785391018e-06, 1.32725949697e-06, 8.86198563421e-07, 1.22777987599e-06, 1.42559963479e-06, 1.42442706874e-06, 1.0999301594e-06, 6.5106371494e-07, 4.98622512168e-07, 4.29282295045e-07, 1.87161091958e-07, 1.05128215466e-07, 1.27746289991e-07, 8.03403850114e-08, 7.10267116233e-08, 4.19770485038e-09, 7.34198790653e-09, 2.0729957681e-11, 2.29754420784e-13],
