{
"highlevel": {
    "danceability": {
        "all": {
            "danceable": 0.0713446140289,
            "not_danceable": 0.928655385971
        },
        "probability": 0.928655385971,
        "value": "not_danceable"
    },
    "gender": {
        "all": {
            "female": 0.0552439242601,
            "male": 0.944756090641
        },
        "probability": 0.944756090641,
        "value": "male"
    },
    "genre_dortmund": {
        "all": {
            "alternative": 0.0619605705142,
            "blues": 0.350393861532,
            "electronic": 0.00977072119713,
            "folkcountry": 0.101119622588,
            "funksoulrnb": 0.024110917002,
            "jazz": 0.21236525476,
            "pop": 0.0284667667001,
            "raphiphop": 0.00681121181697,
            "rock": 0.205001056194
        },
        "probability": 0.350393861532,
        "value": "blues"
    },
    "genre_electronic": {
        "all": {
            "ambient": 0.784111976624,
            "dnb": 0.0676327124238,
            "house": 0.127494588494,
            "techno": 0.00681688217446,
            "trance": 0.0139438724145
        },
        "probability": 0.784111976624,
        "value": "ambient"
    },
    "genre_rosamerica": {
        "all": {
            "cla": 0.066423073411,
            "dan": 0.00951324310154,
            "hip": 0.0393079891801,
            "jaz": 0.116420574486,
            "pop": 0.178201317787,
            "rhy": 0.431438803673,
            "roc": 0.0762557387352,
            "spe": 0.0824392661452
        },
        "probability": 0.431438803673,
        "value": "rhy"
    },
    "genre_tzanetakis": {
        "all": {
            "blu": 0.0634251981974,
            "cla": 0.0346190221608,
            "cou": 0.103872023523,
            "dis": 0.0669279620051,
            "hip": 0.155963420868,
            "jaz": 0.312072366476,
            "met": 0.0445514954627,
            "pop": 0.0623654164374,
            "reg": 0.0782391130924,
            "roc": 0.0779639780521
        },
        "probability": 0.312072366476,
        "value": "jaz"
    },
    "ismir04_rhythm": {
        "all": {
            "ChaChaCha": 0.0646128132939,
            "Jive": 0.0155600849539,
            "Quickstep": 0.129106372595,
            "Rumba-American": 0.0587924830616,
            "Rumba-International": 0.0708986595273,
            "Rumba-Misc": 0.0182564891875,
            "Samba": 0.0463807359338,
            "Tango": 0.151745960116,
            "VienneseWaltz": 0.270453631878,
            "Waltz": 0.174192771316
        },
        "probability": 0.270453631878,
        "value": "VienneseWaltz"
    },
    "mood_acoustic": {
        "all": {
            "acoustic": 0.831645965576,
            "not_acoustic": 0.168354049325
        },
        "probability": 0.831645965576,
        "value": "acoustic"
    },
    "mood_aggressive": {
        "all": {
            "aggressive": 0.0172628480941,
            "not_aggressive": 0.982737123966
        },
        "probability": 0.982737123966,
        "value": "not_aggressive"
    },
    "mood_electronic": {
        "all": {
            "electronic": 0.14028327167,
            "not_electronic": 0.859716713428
        },
        "probability": 0.859716713428,
        "value": "not_electronic"
    },
    "mood_happy": {
        "all": {
            "happy": 0.769751369953,
            "not_happy": 0.230248644948
        },
        "probability": 0.769751369953,
        "value": "happy"
    },
    "mood_party": {
        "all": {
            "not_party": 0.92797511816,
            "party": 0.0720248669386
        },
        "probability": 0.92797511816,
        "value": "not_party"
    },
    "mood_relaxed": {
        "all": {
            "not_relaxed": 0.957681775093,
            "relaxed": 0.0423182472587
        },
        "probability": 0.957681775093,
        "value": "not_relaxed"
    },
    "mood_sad": {
        "all": {
            "not_sad": 0.150566980243,
            "sad": 0.849433004856
        },
        "probability": 0.849433004856,
        "value": "sad"
    },
    "moods_mirex": {
        "all": {
            "Cluster1": 0.274874359369,
            "Cluster2": 0.217294052243,
            "Cluster3": 0.343788892031,
            "Cluster4": 0.098937869072,
            "Cluster5": 0.065104842186
        },
        "probability": 0.343788892031,
        "value": "Cluster3"
    },
    "timbre": {
        "all": {
            "bright": 0.939719557762,
            "dark": 0.060280457139
        },
        "probability": 0.939719557762,
        "value": "bright"
    },
    "tonal_atonal": {
        "all": {
            "atonal": 0.00197837711312,
            "tonal": 0.998021602631
        },
        "probability": 0.998021602631,
        "value": "tonal"
    },
    "voice_instrumental": {
        "all": {
            "instrumental": 0.122511290014,
            "voice": 0.877488732338
        },
        "probability": 0.877488732338,
        "value": "voice"
    }
},
"lowlevel": {
    "average_loudness": 0.977534651756,
    "barkbands_crest": {
        "dmean": 2.49134063721,
        "dmean2": 4.00278949738,
        "dvar": 5.10985374451,
        "dvar2": 12.9325771332,
        "max": 23.1471786499,
        "mean": 10.092915535,
        "median": 9.6014509201,
        "min": 3.21577739716,
        "var": 11.7167987823
    },
    "barkbands_flatness_db": {
        "dmean": 0.0207311268896,
        "dmean2": 0.0311048291624,
        "dvar": 0.00045659931493,
        "dvar2": 0.000873566779774,
        "max": 0.34036976099,
        "mean": 0.198717325926,
        "median": 0.202337741852,
        "min": 0.0585144609213,
        "var": 0.002086419845
    },
    "barkbands_kurtosis": {
        "dmean": 2.18489408493,
        "dmean2": 3.46865177155,
        "dvar": 12.7460918427,
        "dvar2": 31.8180484772,
        "max": 56.4759216309,
        "mean": 2.81177186966,
        "median": 0.670721769333,
        "min": -1.909309268,
        "var": 32.3041992188
    },
    "barkbands_skewness": {
        "dmean": 0.483760863543,
        "dmean2": 0.725477993488,
        "dvar": 0.235221982002,
        "dvar2": 0.522200942039,
        "max": 5.31965303421,
        "mean": 1.22859561443,
        "median": 1.06486833096,
        "min": -2.6297955513,
        "var": 1.21633791924
    },
    "barkbands_spread": {
        "dmean": 4.78859806061,
        "dmean2": 7.00327253342,
        "dvar": 34.1018676758,
        "dvar2": 63.2715301514,
        "max": 75.0289459229,
        "mean": 19.5327205658,
        "median": 16.4099807739,
        "min": 1.43071937561,
        "var": 155.674942017
    },
    "dissonance": {
        "dmean": 0.0232170056552,
        "dmean2": 0.0379618629813,
        "dvar": 0.000534954189789,
        "dvar2": 0.00138557050377,
        "max": 0.499225705862,
        "mean": 0.442460894585,
        "median": 0.449993997812,
        "min": 0.291411340237,
        "var": 0.00145847746171
    },
    "dynamic_complexity": 2.65954732895,
    "erbbands_crest": {
        "dmean": 3.07669854164,
        "dmean2": 4.77115917206,
        "dvar": 7.62065172195,
        "dvar2": 17.026802063,
        "max": 33.0946807861,
        "mean": 12.1100673676,
        "median": 11.2249135971,
        "min": 2.64027118683,
        "var": 26.8875980377
    },
    "erbbands_flatness_db": {
        "dmean": 0.0179989691824,
        "dmean2": 0.025683902204,
        "dvar": 0.000334568263497,
        "dvar2": 0.000569602416363,
        "max": 0.336936533451,
        "mean": 0.222991019487,
        "median": 0.222167178988,
        "min": 0.105717554688,
        "var": 0.00199912441894
    },
    "erbbands_kurtosis": {
        "dmean": 0.94318985939,
        "dmean2": 1.44992852211,
        "dvar": 2.30616474152,
        "dvar2": 5.10259103775,
        "max": 24.5665817261,
        "mean": 0.176256686449,
        "median": -0.504463434219,
        "min": -1.89694440365,
        "var": 5.97486686707
    },
    "erbbands_skewness": {
        "dmean": 0.417455017567,
        "dmean2": 0.615408599377,
        "dvar": 0.151156052947,
        "dvar2": 0.328954100609,
        "max": 3.63422703743,
        "mean": 0.0205953847617,
        "median": 0.0150822820142,
        "min": -4.68524885178,
        "var": 0.900226354599
    },
    "erbbands_spread": {
        "dmean": 7.28316831589,
        "dmean2": 10.4416294098,
        "dvar": 65.9989547729,
        "dvar2": 135.89680481,
        "max": 96.1318054199,
        "mean": 34.9035072327,
        "median": 31.7149295807,
        "min": 3.90690851212,
        "var": 329.512390137
    },
    "hfc": {
        "dmean": 5.0475692749,
        "dmean2": 6.88396978378,
        "dvar": 39.2134361267,
        "dvar2": 74.2489624023,
        "max": 74.2408752441,
        "mean": 19.7218513489,
        "median": 16.7262516022,
        "min": 1.00050354004,
        "var": 211.398468018
    },
    "melbands_crest": {
        "dmean": 3.04426550865,
        "dmean2": 4.91180562973,
        "dvar": 7.89375257492,
        "dvar2": 20.4038028717,
        "max": 28.3715019226,
        "mean": 13.1448059082,
        "median": 12.4131240845,
        "min": 4.99236488342,
        "var": 18.9990444183
    },
    "melbands_flatness_db": {
        "dmean": 0.0245513748378,
        "dmean2": 0.0345905683935,
        "dvar": 0.000733452499844,
        "dvar2": 0.00126783270389,
        "max": 0.428712904453,
        "mean": 0.23989148438,
        "median": 0.241614565253,
        "min": 0.0630568191409,
        "var": 0.00398583523929
    },
    "melbands_kurtosis": {
        "dmean": 4.77575445175,
        "dmean2": 7.47679948807,
        "dvar": 53.9637489319,
        "dvar2": 133.222351074,
        "max": 86.7442550659,
        "mean": 9.16659450531,
        "median": 4.77875995636,
        "min": -1.89016389847,
        "var": 142.723403931
    },
    "melbands_skewness": {
        "dmean": 0.605382084846,
        "dmean2": 0.903857648373,
        "dvar": 0.399149030447,
        "dvar2": 0.917396128178,
        "max": 7.52721357346,
        "mean": 2.20616674423,
        "median": 2.00176787376,
        "min": -1.6121532917,
        "var": 1.98804235458
    },
    "melbands_spread": {
        "dmean": 6.62117481232,
        "dmean2": 9.65781021118,
        "dvar": 66.953994751,
        "dvar2": 136.335464478,
        "max": 133.918228149,
        "mean": 23.7371349335,
        "median": 20.3975524902,
        "min": 1.58533501625,
        "var": 306.281677246
    },
    "pitch_salience": {
        "dmean": 0.0705062448978,
        "dmean2": 0.109031364322,
        "dvar": 0.00378035544418,
        "dvar2": 0.00857051927596,
        "max": 0.857689321041,
        "mean": 0.568848788738,
        "median": 0.569233775139,
        "min": 0.237008869648,
        "var": 0.0134712420404
    },
    "silence_rate_20dB": {
        "dmean": 0,
        "dmean2": 0,
        "dvar": 0,
        "dvar2": 0,
        "max": 1,
        "mean": 1,
        "median": 1,
        "min": 1,
        "var": 0
    },
    "silence_rate_30dB": {
        "dmean": 0,
        "dmean2": 0,
        "dvar": 0,
        "dvar2": 0,
        "max": 1,
        "mean": 1,
        "median": 1,
        "min": 1,
        "var": 0
    },
    "silence_rate_60dB": {
        "dmean": 0.00773993786424,
        "dmean2": 0.0154918665066,
        "dvar": 0.00768005661666,
        "dvar2": 0.0198994576931,
        "max": 1,
        "mean": 0.00773395225406,
        "median": 0,
        "min": 0,
        "var": 0.00767403375357
    },
    "spectral_centroid": {
        "dmean": 229.225814819,
        "dmean2": 330.237091064,
        "dvar": 71522.2421875,
        "dvar2": 134569.34375,
        "max": 3904.71069336,
        "mean": 1267.34680176,
        "median": 1097.08483887,
        "min": 251.593322754,
        "var": 501026.15625
    },
    "spectral_complexity": {
        "dmean": 2.60835909843,
        "dmean2": 3.93958163261,
        "dvar": 14.0014133453,
        "dvar2": 26.7042179108,
        "max": 52,
        "mean": 13.8963651657,
        "median": 13,
        "min": 4,
        "var": 35.3490219116
    },
    "spectral_decrease": {
        "dmean": 1.51400092463e-09,
        "dmean2": 2.1041570708e-09,
        "dvar": 3.13396586335e-18,
        "dvar2": 5.62598869976e-18,
        "max": -4.03711813979e-10,
        "mean": -6.18254469842e-09,
        "median": -5.56977708399e-09,
        "min": -2.32258390298e-08,
        "var": 1.53028661476e-17
    },
    "spectral_energy": {
        "dmean": 0.00605039531365,
        "dmean2": 0.00836173072457,
        "dvar": 4.8507910833e-05,
        "dvar2": 8.69347204571e-05,
        "max": 0.0923985764384,
        "mean": 0.0251231770962,
        "median": 0.0225975271314,
        "min": 0.00163714855444,
        "var": 0.000247685820796
    },
    "spectral_energyband_high": {
        "dmean": 0.000336357334163,
        "dmean2": 0.000488577643409,
        "dvar": 6.26743826615e-07,
        "dvar2": 1.3964520349e-06,
        "max": 0.0102039305493,
        "mean": 0.000678160344251,
        "median": 0.000122198442114,
        "min": 2.22673475037e-06,
        "var": 1.82822930128e-06
    },
    "spectral_energyband_low": {
        "dmean": 0.00207885028794,
        "dmean2": 0.00320165208541,
        "dvar": 1.42347535075e-05,
        "dvar2": 2.97566384688e-05,
        "max": 0.0423910394311,
        "mean": 0.00385753228329,
        "median": 0.00226303352974,
        "min": 1.73558473762e-05,
        "var": 2.38733118749e-05
    },
    "spectral_energyband_middle_high": {
        "dmean": 0.00167301064357,
        "dmean2": 0.0022368603386,
        "dvar": 6.0521638261e-06,
        "dvar2": 1.00473680504e-05,
        "max": 0.0388307720423,
        "mean": 0.00603423453867,
        "median": 0.00317429704592,
        "min": 5.26796975464e-05,
        "var": 4.41847514594e-05
    },
    "spectral_energyband_middle_low": {
        "dmean": 0.00455172825605,
        "dmean2": 0.00653902068734,
        "dvar": 3.00887350022e-05,
        "dvar2": 5.63726061955e-05,
        "max": 0.0729385986924,
        "mean": 0.0151910167187,
        "median": 0.0126155614853,
        "min": 0.000812841870356,
        "var": 0.000121818688058
    },
    "spectral_entropy": {
        "dmean": 0.192426994443,
        "dmean2": 0.2678848207,
        "dvar": 0.0470415689051,
        "dvar2": 0.0781219527125,
        "max": 8.3354139328,
        "mean": 6.92219734192,
        "median": 6.82711696625,
        "min": 5.61813211441,
        "var": 0.227528139949
    },
    "spectral_flux": {
        "dmean": 0.0239117834717,
        "dmean2": 0.0375805236399,
        "dvar": 0.000574900477659,
        "dvar2": 0.00123843026813,
        "max": 0.270168960094,
        "mean": 0.0759205147624,
        "median": 0.0657223165035,
        "min": 0.0207231976092,
        "var": 0.00146841723472
    },
    "spectral_kurtosis": {
        "dmean": 3.55488443375,
        "dmean2": 6.26269674301,
        "dvar": 11.8696241379,
        "dvar2": 35.3168144226,
        "max": 43.2819824219,
        "mean": 6.97075748444,
        "median": 5.75868415833,
        "min": -0.427673578262,
        "var": 26.557434082
    },
    "spectral_rms": {
        "dmean": 0.000608065456618,
        "dmean2": 0.000841615488753,
        "dvar": 4.0345622665e-07,
        "dvar2": 6.7152035399e-07,
        "max": 0.00949446950108,
        "mean": 0.00469243805856,
        "median": 0.00469535589218,
        "min": 0.00126381090377,
        "var": 2.49145341513e-06
    },
    "spectral_rolloff": {
        "dmean": 401.363525391,
        "dmean2": 673.319030762,
        "dvar": 461440.59375,
        "dvar2": 943146.5625,
        "max": 6912.15820312,
        "mean": 1555.40209961,
        "median": 1378.125,
        "min": 86.1328125,
        "var": 1268606
    },
    "spectral_skewness": {
        "dmean": 0.371429353952,
        "dmean2": 0.619360327721,
        "dvar": 0.10865868628,
        "dvar2": 0.297090411186,
        "max": 5.00629138947,
        "mean": 1.67459845543,
        "median": 1.64714682102,
        "min": 0.00133630889468,
        "var": 0.420439094305
    },
    "spectral_spread": {
        "dmean": 360192.4375,
        "dmean2": 535207.9375,
        "dvar": 230620545024,
        "dvar2": 414274420736,
        "max": 9141685,
        "mean": 3070419.25,
        "median": 2827013.75,
        "min": 1578630.5,
        "var": 840020525056
    },
    "spectral_strongpeak": {
        "dmean": 0.895589530468,
        "dmean2": 1.47736215591,
        "dvar": 2.35502195358,
        "dvar2": 5.22873210907,
        "max": 14.1545248032,
        "mean": 1.78758609295,
        "median": 0.901817500591,
        "min": 0.0386641211808,
        "var": 4.39327669144
    },
    "zerocrossingrate": {
        "dmean": 0.00872519332916,
        "dmean2": 0.00957462377846,
        "dvar": 9.05106717255e-05,
        "dvar2": 9.83146965154e-05,
        "max": 0.18212890625,
        "mean": 0.0538857840002,
        "median": 0.0478515625,
        "min": 0.0078125,
        "var": 0.000796960666776
    },
    "barkbands": {
        "dmean": [2.87328748527e-05, 0.00132358982228, 0.000919100013562, 0.000916507618967, 0.00189468683675, 0.00130241911393, 0.000414755690144, 0.00183895311784, 0.000998583273031, 0.000252926460234, 0.000334168813424, 0.000204292009585, 0.000380748853786, 0.00052879791474, 0.000540602195542, 0.000514079583809, 0.000256864033872, 0.000136755232234, 5.94895573158e-05, 0.000245026429184, 6.10651550232e-05, 4.56251254946e-05, 2.70449017989e-05, 2.08392975765e-05, 7.6796650319e-06, 2.18193690671e-06, 2.9000926105e-09],
        "dmean2": [4.60982846562e-05, 0.00206637452357, 0.00160399707966, 0.00152327097021, 0.00288266199641, 0.00197750888765, 0.000628943787888, 0.00258410139941, 0.00141358957626, 0.000356716627721, 0.000437099777628, 0.000284511566861, 0.000562956207432, 0.000690144195687, 0.000749546103179, 0.000723039440345, 0.000402802688768, 0.000220528294449, 9.20742095332e-05, 0.00037562349462, 9.31878385018e-05, 6.96611532476e-05, 3.69817535102e-05, 2.89503641397e-05, 1.17837353173e-05, 3.30847069563e-06, 4.43133263417e-09],
        "dvar": [7.30780191915e-09, 9.31798513193e-06, 3.59091632163e-06, 2.36301480072e-06, 7.086905498e-06, 3.55353381565e-06, 1.3844617115e-06, 2.19836019824e-05, 4.62237767351e-06, 5.09018434514e-07, 6.5593974341e-07, 3.26482194168e-07, 1.28962517465e-06, 1.65876213032e-06, 2.1517003006e-06, 1.67292012065e-06, 3.64179015833e-07, 6.31548644492e-08, 1.69675438144e-08, 4.75009414913e-07, 3.27306963754e-08, 1.80827903762e-08, 6.5889453893e-09, 4.78418327177e-09, 7.20275783461e-10, 6.04012256877e-11, 1.42753628386e-15],
        "dvar2": [1.77057479789e-08, 2.10328489629e-05, 9.98213272396e-06, 6.05962259215e-06, 1.59702049132e-05, 7.76155320636e-06, 2.87983402814e-06, 4.41996598965e-05, 8.34811180539e-06, 8.78945513705e-07, 1.05455694666e-06, 5.25389395989e-07, 2.42459623223e-06, 2.72938746093e-06, 4.42199370809e-06, 3.11945746034e-06, 8.71939676017e-07, 1.59837199476e-07, 3.79167843789e-08, 1.11446547635e-06, 6.99532449744e-08, 4.26579624957e-08, 1.16308171982e-08, 8.59795523667e-09, 1.65451952139e-09, 1.34712435651e-10, 1.55103898153e-15],
        "max": [0.00078958843369, 0.0279378239065, 0.0242653582245, 0.0185479652137, 0.041540928185, 0.0310881137848, 0.0277482178062, 0.0596577078104, 0.0401898100972, 0.0213719196618, 0.0152042023838, 0.011386776343, 0.0212966576219, 0.0186927411705, 0.0251116044819, 0.0283214785159, 0.0108007434756, 0.00268649542704, 0.001953629544, 0.010162611492, 0.00261348229833, 0.00188352353871, 0.000983575358987, 0.000766658806242, 0.000264198577497, 0.000119393611385, 1.32103582473e-06],
        "mean": [2.75886013696e-05, 0.00169558578636, 0.00160222221166, 0.00128803495318, 0.00491821439937, 0.00265820533969, 0.000691203866154, 0.00330510479398, 0.00219973362982, 0.000530997524038, 0.000780925387517, 0.000362206279533, 0.000611089111771, 0.000943506136537, 0.000942905200645, 0.00102078763302, 0.000451321539003, 0.000253651523963, 9.39017045312e-05, 0.000520067464095, 8.41505025164e-05, 6.55021794955e-05, 3.76841417165e-05, 2.66795705102e-05, 9.01360726857e-06, 2.93576113108e-06, 2.39225728116e-09],
        "median": [2.68045960183e-06, 0.000591463933233, 0.000536613923032, 0.000459420552943, 0.00370462285355, 0.00176968204323, 0.000257926760241, 0.000322991720168, 0.000289545452688, 7.82122442615e-05, 8.20536224637e-05, 4.72835308756e-05, 0.000181984301889, 0.000139455718454, 0.000125733800814, 0.000247523305006, 0.000104907718196, 9.79210090009e-05, 3.74336232198e-05, 5.83727378398e-05, 1.80615188583e-05, 2.15568124986e-05, 4.70967006549e-06, 2.40570921051e-06, 8.41387929995e-07, 2.03073923899e-07, 3.19938159299e-10],
        "min": [1.33987798634e-08, 3.55106340066e-06, 4.11960809288e-06, 1.06220977614e-06, 1.23436166177e-05, 3.66499953088e-05, 3.49217771145e-06, 4.71487237519e-06, 3.16917862619e-06, 1.94939229914e-06, 1.17128342936e-06, 1.11123836177e-06, 2.300804681e-06, 7.00449220403e-07, 1.17131571642e-06, 3.67841198567e-06, 1.04461832962e-06, 7.14044801953e-07, 4.37837542222e-07, 7.98055282303e-07, 1.55529136237e-07, 3.24861616718e-07, 1.58737336164e-07, 4.95395191535e-08, 7.5877602812e-11, 7.65277164555e-12, 6.46668569387e-12],
        "var": [7.16154202607e-09, 1.13722717288e-05, 5.2486043387e-06, 4.00422686653e-06, 1.89776819752e-05, 9.5177683761e-06, 3.39990788234e-06, 5.27669362782e-05, 1.77162182808e-05, 2.82301607513e-06, 4.05577247875e-06, 9.8099042134e-07, 2.32233651332e-06, 4.82465202367e-06, 6.18515105089e-06, 5.70212205275e-06, 8.74187605859e-07, 1.41030412237e-07, 2.67505413376e-08, 1.49127333771e-06, 4.92866831792e-08, 2.43186608628e-08, 1.14039551136e-08, 7.47168105164e-09, 8.81980544154e-10, 1.11487374888e-10, 1.39900270849e-15]
    },
    "erbbands": {
        "dmean": [0.0359517484903, 0.320015639067, 1.02201402187, 1.88819885254, 3.4139854908, 8.34609889984, 9.19285774231, 10.9907512665, 6.33091497421, 13.9388742447, 43.2322387695, 23.2218284607, 6.39562797546, 9.68347740173, 12.8084106445, 7.95554590225, 19.117023468, 22.799779892, 21.4202003479, 30.0874862671, 19.100692749, 11.6066541672, 6.88087844849, 2.58724546432, 3.65422058105, 15.7890415192, 3.11391067505, 2.60268807411, 1.84962618351, 0.89663875103, 0.872914969921, 0.536912620068, 0.290538549423, 0.135083243251, 0.0270757935941, 0.013657476753, 0.00190862815361, 0.00021104895859, 7.01061844666e-06, 7.26579401089e-06],
        "dmean2": [0.057502232492, 0.508649885654, 1.77394521236, 3.18022680283, 5.34744262695, 12.669754982, 14.3622331619, 16.7334709167, 9.31787490845, 21.9130821228, 58.1727905273, 32.8098220825, 9.57181549072, 12.9627075195, 15.471783638, 11.0744218826, 27.2192707062, 30.0674705505, 28.5323867798, 43.4939079285, 26.7863845825, 18.0474052429, 10.6794061661, 3.84403657913, 5.64130783081, 24.2285118103, 4.6508102417, 4.06810188293, 2.81432914734, 1.27661967278, 1.23318743706, 0.740223586559, 0.419317990541, 0.200467020273, 0.0430620647967, 0.021165329963, 0.00316180405207, 0.000340127298841, 1.01976766018e-05, 9.99813892122e-06],
        "dvar": [0.0115228556097, 0.457599788904, 4.39538145065, 8.61577892303, 24.0244007111, 138.085693359, 284.514312744, 264.083068848, 321.099975586, 1817.23278809, 13188.4042969, 2154.04736328, 571.89465332, 809.903076172, 1192.79846191, 543.068664551, 3084.28344727, 3699.84130859, 3270.51049805, 5246.36621094, 2417.55664062, 577.021789551, 144.567565918, 36.5319061279, 66.7242736816, 2214.72705078, 42.1308135986, 73.5018920898, 30.1354541779, 6.83668708801, 7.43036556244, 3.25269246101, 1.00279784203, 0.220810130239, 0.00717822695151, 0.00244818464853, 5.22483569512e-05, 1.31150818561e-06, 3.55439760957e-10, 6.30879445906e-11],
        "dvar2": [0.0280717872083, 1.03696966171, 12.1798887253, 23.2498607635, 55.3961334229, 318.313812256, 683.95098877, 581.878417969, 654.488952637, 4408.32666016, 25322.1367188, 4133.88378906, 1428.38464355, 1167.71911621, 1621.46472168, 941.165161133, 5721.16357422, 6002.22167969, 6380.203125, 12337.4785156, 4109.90771484, 1365.86962891, 361.121307373, 71.9430389404, 161.240020752, 5190.890625, 87.9139404297, 170.826507568, 71.0486679077, 14.6515884399, 14.1098985672, 6.1011762619, 1.87086224556, 0.462084174156, 0.0179108511657, 0.00538070360199, 0.00012331517064, 2.91722540169e-06, 7.43698602701e-10, 1.14197450107e-10],
        "max": [0.943036854267, 6.32882356644, 29.4060440063, 35.0826911926, 56.2604408264, 166.234558105, 252.498062134, 271.99798584, 541.274780273, 670.497314453, 1632.24536133, 1043.54016113, 642.923828125, 849.167602539, 716.616638184, 532.422668457, 1056.98730469, 1076.27526855, 899.826416016, 1435.88793945, 1070.3359375, 431.994232178, 132.699310303, 131.549987793, 165.084335327, 711.723571777, 85.3584442139, 144.685302734, 70.6973266602, 51.2386741638, 30.537103653, 20.5774459839, 10.7428779602, 4.40404510498, 1.03410339355, 0.736895859241, 0.18513225019, 0.0308992471546, 0.000497154600453, 0.000105202510895],
        "mean": [0.0347631126642, 0.445388913155, 1.81699156761, 2.97924828529, 7.79123401642, 21.2696208954, 18.5671405792, 23.3181667328, 12.6602735519, 25.4220561981, 83.0710144043, 55.657585144, 12.8488874435, 23.9874267578, 31.3914489746, 16.5891933441, 33.971786499, 41.5769081116, 44.1355438232, 65.6287918091, 43.5018196106, 23.2148628235, 13.6270055771, 4.92200183868, 6.90784835815, 33.4742736816, 5.9028635025, 3.44885325432, 2.51089143753, 1.37494444847, 1.16375207901, 0.66884303093, 0.376860260963, 0.164687171578, 0.0328778959811, 0.0170062705874, 0.0027568785008, 0.000302349217236, 2.02646388061e-05, 3.03182241623e-05],
        "median": [0.0049578496255, 0.207827866077, 0.770211279392, 1.93424475193, 5.40891599655, 14.9967851639, 12.1875658035, 13.9986171722, 5.22937107086, 6.42678070068, 10.3183851242, 9.94629955292, 5.08380556107, 4.13749599457, 4.25376272202, 4.21337795258, 11.8028659821, 6.71246528625, 8.20471191406, 13.6400508881, 12.7809839249, 8.6757850647, 6.09118080139, 2.09702825546, 2.7250084877, 3.10730481148, 1.62413537502, 0.916075587273, 0.730211257935, 0.36833396554, 0.135504692793, 0.0671336948872, 0.0304246544838, 0.013573682867, 0.00385580351576, 0.00121006008703, 0.000313106604153, 2.38311640715e-05, 1.5985340724e-05, 2.83153131022e-05],
        "min": [8.66163900355e-05, 0.00112781615462, 0.00723893474787, 0.0303113888949, 0.0434626936913, 0.0512779951096, 0.11844599992, 0.25221902132, 0.0793973207474, 0.191290393472, 0.195177257061, 0.137446850538, 0.0931338220835, 0.0961843505502, 0.110963977873, 0.103225648403, 0.122130788863, 0.0874129682779, 0.115070737898, 0.2367387712, 0.198655053973, 0.0675037801266, 0.0526025183499, 0.0223060827702, 0.02506785281, 0.0416626259685, 0.033723719418, 0.0136824306101, 0.00643998896703, 0.00653299642727, 0.00393533566967, 0.00198208470829, 0.000446573394584, 8.79251383594e-05, 2.18914283323e-05, 9.22309391171e-06, 1.90379148535e-06, 4.46785833219e-07, 9.27857001898e-07, 1.94870744963e-06],
        "var": [0.0109798852354, 0.575122833252, 5.88877105713, 12.058467865, 57.4398269653, 405.355895996, 481.753814697, 817.039855957, 1279.83691406, 3895.35351562, 33861.5078125, 9561.66113281, 960.696899414, 4673.75537109, 6947.44482422, 1599.12890625, 5910.80908203, 11733.9648438, 8729.54492188, 19506.2207031, 10230.6181641, 1504.40637207, 350.979736328, 87.5720977783, 123.314781189, 7070.32714844, 103.213829041, 94.0002975464, 40.3610420227, 10.6647138596, 11.859292984, 4.79890871048, 1.51912605762, 0.297581195831, 0.00839520804584, 0.00382184400223, 0.000126180762891, 3.57371050086e-06, 1.00091501753e-09, 3.3588951065e-10]
    },
    "gfcc": {
        "mean": [-37.261428833, 136.606445312, -142.714660645, 38.7160835266, -57.45154953, -4.63917541504, -41.4619598389, -10.4506235123, -15.596997261, -5.86851167679, -15.6541395187, -12.8583374023, -1.8581135273],
        "cov": [[1964.04309082, -637.100463867, -345.461273193, -202.892410278, -176.431533813, 201.214859009, 38.0630226135, 139.483932495, -94.9867935181, 142.296539307, -173.332611084, -36.118183136, -30.4870166779], [-637.100463867, 1217.82006836, 15.5510988235, -265.206451416, 331.978118896, -60.4901924133, 217.393112183, -218.034133911, 270.823822021, -145.045776367, 55.1475791931, -75.0133590698, 94.9756774902], [-345.461273193, 15.5510988235, 725.068237305, 353.235107422, 14.295674324, -87.7755737305, -68.6470870972, 70.5194854736, -129.744781494, 50.1457519531, 41.7406234741, 55.2292175293, -29.5925445557], [-202.892410278, -265.206451416, 353.235107422, 583.118713379, -97.7921524048, -48.6257896423, -117.332946777, 44.7980995178, -54.1430091858, -15.958943367, 97.278793335, 46.3469734192, -6.49622774124], [-176.431533813, 331.978118896, 14.295674324, -97.7921524048, 300.56161499, -42.5645484924, 76.4366149902, -17.2123718262, 78.8823928833, 0.580260872841, -59.5107498169, 11.2593584061, 15.9998321533], [201.214859009, -60.4901924133, -87.7755737305, -48.6257896423, -42.5645484924, 228.050018311, 26.6350307465, -23.9667263031, 9.09944152832, -15.0710544586, -8.69010734558, -24.0155773163, 26.4232120514], [38.0630226135, 217.393112183, -68.6470870972, -117.332946777, 76.4366149902, 26.6350307465, 248.629455566, -5.4200720787, -24.2463245392, 5.34143066406, -1.21161234379, -37.5285186768, 9.57185173035], [139.483932495, -218.034133911, 70.5194854736, 44.7980995178, -17.2123718262, -23.9667263031, -5.4200720787, 160.047042847, -33.6999855042, 51.5725440979, -26.4844226837, 33.2179718018, -31.5006103516], [-94.9867935181, 270.823822021, -129.744781494, -54.1430091858, 78.8823928833, 9.09944152832, -24.2463245392, -33.6999855042, 309.30355835, -59.9983329773, -41.2504730225, 18.2859096527, 38.4431343079], [142.296539307, -145.045776367, 50.1457519531, -15.958943367, 0.580260872841, -15.0710544586, 5.34143066406, 51.5725440979, -59.9983329773, 128.626464844, -26.2450618744, -11.0090465546, -8.60998058319], [-173.332611084, 55.1475791931, 41.7406234741, 97.278793335, -59.5107498169, -8.69010734558, -1.21161234379, -26.4844226837, -41.2504730225, -26.2450618744, 163.210128784, -2.66380906105, -3.21325278282], [-36.118183136, -75.0133590698, 55.2292175293, 46.3469734192, 11.2593584061, -24.0155773163, -37.5285186768, 33.2179718018, 18.2859096527, -11.0090465546, -2.66380906105, 131.176895142, -15.3851251602], [-30.4870166779, 94.9756774902, -29.5925445557, -6.49622774124, 15.9998321533, 26.4232120514, 9.57185173035, -31.5006103516, 38.4431343079, -8.60998058319, -3.21325278282, -15.3851251602, 113.102722168]],
        "icov": [[0.0008661019383, 9.09880400286e-05, 0.000397169060307, -2.16893249672e-06, 0.000425969687058, -0.000572758959606, -0.000153796630912, -0.000453446875326, 0.0001591915061, -0.000648305867799, 0.000777801731601, 9.18762816582e-06, 0.000141006545164], [9.09880400286e-05, 0.00803152192384, -0.00462396815419, 0.0046309614554, -0.00451365392655, 0.00274748541415, -0.00499388296157, 0.00603174651042, -0.00634881760925, 0.00553897069767, -0.0054562673904, 0.00379414670169, -0.00262373685837], [0.000397169060307, -0.00462396815419, 0.00527882110327, -0.00409438135102, 0.00204163021408, -0.00160874333233, 0.00306103308685, -0.0039424248971, 0.00461454037577, -0.00418589403853, 0.00360057735816, -0.00262572499923, 0.001723894733], [-2.16893249672e-06, 0.0046309614554, -0.00409438135102, 0.00580790219828, -0.00195381767116, 0.00176559947431, -0.00206062337384, 0.00278323562816, -0.00384852429852, 0.00405481550843, -0.00449095712975, 0.00206192070618, -0.00204388936982], [0.000425969687058, -0.00451365392655, 0.00204163021408, -0.00195381767116, 0.00769053725526, -0.000773978885263, 0.00104358955286, -0.00279229786247, 0.00239468202926, -0.0036870718468, 0.00492757977918, -0.00283002550714, 0.00121431716252], [-0.000572758959606, 0.00274748541415, -0.00160874333233, 0.00176559947431, -0.000773978885263, 0.0064106550999, -0.00228851730935, 0.00280956085771, -0.00235316599719, 0.0028354965616, -0.00183114677202, 0.00163425924256, -0.00200707302429], [-0.000153796630912, -0.00499388296157, 0.00306103308685, -0.00206062337384, 0.00104358955286, -0.00228851730935, 0.00843830499798, -0.00452936673537, 0.00485287001356, -0.002994726412, 0.00230733212084, -0.00113718456123, 0.00127941253595], [-0.000453446875326, 0.00603174651042, -0.0039424248971, 0.00278323562816, -0.00279229786247, 0.00280956085771, -0.00452936673537, 0.0135947661474, -0.00494242599234, 0.00140967813786, -0.00288390833884, 0.000724568148144, -0.000346784770954], [0.0001591915061, -0.00634881760925, 0.00461454037577, -0.00384852429852, 0.00239468202926, -0.00235316599719, 0.00485287001356, -0.00494242599234, 0.00967688579112, -0.00274495501071, 0.00537561345845, -0.00352387246676, 0.000959561846685], [-0.000648305867799, 0.00553897069767, -0.00418589403853, 0.00405481550843, -0.0036870718468, 0.0028354965616, -0.002994726412, 0.00140967813786, -0.00274495501071, 0.0150426002219, -0.00315094576217, 0.00421422766522, -0.00262124068104], [0.000777801731601, -0.0054562673904, 0.00360057735816, -0.00449095712975, 0.00492757977918, -0.00183114677202, 0.00230733212084, -0.00288390833884, 0.00537561345845, -0.00315094576217, 0.0126507552341, -0.00270990561694, 0.00213158736005], [9.18762816582e-06, 0.00379414670169, -0.00262572499923, 0.00206192070618, -0.00283002550714, 0.00163425924256, -0.00113718456123, 0.000724568148144, -0.00352387246676, 0.00421422766522, -0.00270990561694, 0.010936267674, -0.000506358454004], [0.000141006545164, -0.00262373685837, 0.001723894733, -0.00204388936982, 0.00121431716252, -0.00200707302429, 0.00127941253595, -0.000346784770954, 0.000959561846685, -0.00262124068104, 0.00213158736005, -0.000506358454004, 0.0109746484086]]
    },
    "melbands": {
        "dmean": [0.00034728157334, 0.000458926806459, 0.000359918281902, 0.000410858046962, 0.000334995129379, 0.00024017872056, 8.73245517141e-05, 0.000192369290744, 0.000363468308933, 0.000123332123621, 2.96774469462e-05, 3.97086841986e-05, 4.63078358734e-05, 2.14594565477e-05, 3.45738772012e-05, 3.98474185204e-05, 4.66008314106e-05, 3.78079967049e-05, 4.7062701924e-05, 4.26508995588e-05, 2.05769665627e-05, 1.48832759805e-05, 1.1399775758e-05, 3.13671739605e-06, 2.24652376346e-06, 2.40514054894e-06, 4.25813095717e-06, 1.26392051243e-05, 1.6067128854e-06, 1.42223052535e-06, 1.61922685038e-06, 1.08596191239e-06, 8.43716350118e-07, 4.12014770745e-07, 5.82171765018e-07, 3.72202464405e-07, 3.26911106185e-07, 2.26915645385e-07, 1.69589796428e-07, 1.01131824692e-07],
        "dmean2": [0.000539738684893, 0.000765090051573, 0.00059340702137, 0.000620426202659, 0.000517045904417, 0.000365175947081, 0.000129378371639, 0.000298946426483, 0.00048506463645, 0.000176640562131, 4.49024919362e-05, 5.40024266229e-05, 5.8531662944e-05, 2.87077273242e-05, 4.96757274959e-05, 5.68600844417e-05, 6.17821788182e-05, 5.14552957611e-05, 6.48804634693e-05, 6.00346102146e-05, 3.02734260913e-05, 2.32246366068e-05, 1.82531894097e-05, 4.5827428039e-06, 3.31594878844e-06, 3.6808751247e-06, 6.60201249048e-06, 1.93605519598e-05, 2.40135341301e-06, 2.11941437556e-06, 2.58185082203e-06, 1.67712926213e-06, 1.30864771108e-06, 5.95684184646e-07, 8.34681600281e-07, 5.35767810561e-07, 4.70355558946e-07, 3.31035522549e-07, 2.47342939019e-07, 1.53849555318e-07],
        "dvar": [8.20457898953e-07, 8.38481923893e-07, 3.17814510709e-07, 2.99813052607e-07, 3.34173307692e-07, 1.2026904983e-07, 5.54745867021e-08, 3.27745539153e-07, 8.83451889422e-07, 6.26595237918e-08, 1.45031124887e-08, 1.45664484918e-08, 1.5454469704e-08, 2.77117973013e-09, 1.05102646586e-08, 1.10153601796e-08, 1.58317075005e-08, 1.09717177565e-08, 1.83291586353e-08, 1.171256514e-08, 2.82891932102e-09, 1.35974265181e-09, 4.53892451402e-10, 4.05546395077e-11, 3.27191225502e-11, 2.79117579743e-11, 1.23558538401e-10, 1.5099934636e-09, 1.31770861583e-11, 1.54430270655e-11, 3.17899248592e-11, 1.05589018431e-11, 6.48235111422e-12, 1.45536436635e-12, 3.21405792605e-12, 1.69132752508e-12, 1.21971313258e-12, 6.24920633904e-13, 3.38561508472e-13, 1.24225147313e-13],
        "dvar2": [1.93676964955e-06, 2.13406860894e-06, 8.20811806079e-07, 6.31493662695e-07, 8.03657826509e-07, 2.55642930824e-07, 1.12851566314e-07, 7.26526991457e-07, 1.59298326707e-06, 1.23507845728e-07, 3.53767042327e-08, 2.07257713214e-08, 2.18597762114e-08, 4.35171720881e-09, 2.19038494009e-08, 2.012906819e-08, 2.62845407661e-08, 2.20789857508e-08, 3.92276220396e-08, 2.16643929463e-08, 5.33033928107e-09, 3.2673337369e-09, 1.18529053239e-09, 7.03941210878e-11, 6.38501751471e-11, 6.26461105213e-11, 3.1981983728e-10, 3.48939344086e-09, 2.81779235362e-11, 3.32340856224e-11, 7.68046598543e-11, 2.5144034424e-11, 1.59432779478e-11, 2.86239955349e-12, 6.43234077113e-12, 3.21647548006e-12, 2.47741389035e-12, 1.26627094227e-12, 6.51601656746e-13, 2.87504991602e-13],
        "max": [0.00824315845966, 0.012927794829, 0.00625295192003, 0.007294065319, 0.00902704056352, 0.00675890268758, 0.00688941637054, 0.00868517532945, 0.0126511128619, 0.00560044543818, 0.00323645910248, 0.00367113598622, 0.0023769098334, 0.00106034218334, 0.00190553732682, 0.00241477182135, 0.00207523652352, 0.00191810866818, 0.00264852377586, 0.00254762056284, 0.00107061385643, 0.000656715477817, 0.000245159928454, 0.000170432700543, 0.000133490582812, 6.37061384623e-05, 0.000252056575846, 0.000584946479648, 4.50786938018e-05, 6.12403309788e-05, 0.000108702639409, 4.02632285841e-05, 4.431270645e-05, 2.12430004467e-05, 1.94117092178e-05, 1.44215464388e-05, 1.20092163343e-05, 9.66330389929e-06, 6.50328229312e-06, 3.35988124789e-06],
        "mean": [0.000393814058043, 0.00083019019803, 0.000611229334027, 0.00111775612459, 0.000741922762245, 0.000512269616593, 0.00017135872622, 0.000339892314514, 0.000738222035579, 0.000287374539766, 5.03289556946e-05, 9.06323111849e-05, 0.000112813373562, 4.32850283687e-05, 5.93541299168e-05, 6.5913052822e-05, 7.89669647929e-05, 6.68297288939e-05, 8.5038751422e-05, 8.80019288161e-05, 4.31954249507e-05, 2.65123926511e-05, 2.03748186323e-05, 6.09879725744e-06, 3.52112715518e-06, 3.70239217773e-06, 7.69747293816e-06, 2.65096259682e-05, 2.48414539783e-06, 1.95834240913e-06, 1.95151801563e-06, 1.43092756844e-06, 1.15433681458e-06, 6.20198363777e-07, 7.5307394809e-07, 4.45499239277e-07, 3.90479357293e-07, 2.75866682387e-07, 2.03762240858e-07, 1.14325551692e-07],
        "median": [9.99803814921e-05, 0.000417619536165, 0.000403729005484, 0.000752407941036, 0.000540983164683, 0.000318693637382, 6.29575661151e-05, 6.14596938249e-05, 8.89443763299e-05, 4.48699283879e-05, 9.97579081741e-06, 1.31532269734e-05, 1.38583409353e-05, 7.70544011175e-06, 1.84426153282e-05, 2.08361470868e-05, 9.48834076553e-06, 1.02163494375e-05, 1.19517690109e-05, 2.04197076528e-05, 8.74250963534e-06, 4.93584730066e-06, 6.49296634947e-06, 2.37513586399e-06, 1.14984709398e-06, 1.37200424888e-06, 1.82895712442e-06, 2.03823651646e-06, 5.99859617978e-07, 4.10272775753e-07, 4.28145284559e-07, 3.93531450982e-07, 3.23544782077e-07, 1.21436286804e-07, 8.33421722746e-08, 3.81204152688e-08, 3.637195789e-08, 1.85739335024e-08, 1.42762388577e-08, 8.74358452307e-09],
        "min": [1.11188739993e-06, 2.96427697322e-06, 3.30576199303e-06, 2.95734776046e-06, 3.72712656826e-06, 4.09006315749e-06, 9.47249077399e-07, 9.71680947259e-07, 1.278653599e-06, 5.98512656325e-07, 2.41728145056e-07, 2.54134988609e-07, 3.45421028669e-07, 1.41634302508e-07, 2.58262986108e-07, 2.53146708928e-07, 8.6721350101e-08, 1.37349957186e-07, 1.17589124216e-07, 4.26752478688e-07, 7.29949150013e-08, 5.70285649815e-08, 3.98833677195e-08, 2.06262100733e-08, 1.64070659281e-08, 1.16190177479e-08, 2.66130495419e-08, 2.59544759018e-08, 9.40623223755e-09, 4.79441286672e-09, 5.61965141088e-09, 2.50665510571e-09, 1.79126746769e-09, 2.87690804512e-09, 1.64598157326e-09, 6.22558449237e-10, 1.03598796208e-09, 8.5597778865e-11, 5.42823251626e-11, 7.09945286153e-13],
