{
"highlevel": {
    "danceability": {
        "all": {
            "danceable": 0.202074855566,
            "not_danceable": 0.797925114632
        },
        "probability": 0.797925114632,
        "value": "not_danceable"
    },
    "gender": {
        "all": {
            "female": 0.0818932726979,
            "male": 0.918106734753
        },
        "probability": 0.918106734753,
        "value": "male"
    },
    "genre_dortmund": {
        "all": {
            "alternative": 0.0981345176697,
            "blues": 0.0099362237379,
            "electronic": 0.00461090728641,
            "folkcountry": 0.035301156342,
            "funksoulrnb": 0.00406840490177,
            "jazz": 0.00131408974994,
            "pop": 0.0373384281993,
            "raphiphop": 0.00235090800561,
            "rock": 0.806945383549
        },
        "probability": 0.806945383549,
        "value": "rock"
    },
    "genre_electronic": {
        "all": {
            "ambient": 0.160388737917,
            "dnb": 0.0559069439769,
            "house": 0.0252848528326,
            "techno": 0.0104620018974,
            "trance": 0.747957468033
        },
        "probability": 0.747957468033,
        "value": "trance"
    },
    "genre_rosamerica": {
        "all": {
            "cla": 6.43668681732e-05,
            "dan": 0.00692521082237,
            "hip": 0.000387790583773,
            "jaz": 4.85338023282e-05,
            "pop": 0.00579001242295,
            "rhy": 0.000106398321805,
            "roc": 0.986548900604,
            "spe": 0.000128757557832
        },
        "probability": 0.986548900604,
        "value": "roc"
    },
    "genre_tzanetakis": {
        "all": {
            "blu": 0.0626541376114,
            "cla": 0.0348133966327,
            "cou": 0.0783501937985,
            "dis": 0.104547761381,
            "hip": 0.15693578124,
            "jaz": 0.313987255096,
            "met": 0.044816005975,
            "pop": 0.0627349764109,
            "reg": 0.0627352520823,
            "roc": 0.0784252434969
        },
        "probability": 0.313987255096,
        "value": "jaz"
    },
    "ismir04_rhythm": {
        "all": {
            "ChaChaCha": 0.00337109644897,
            "Jive": 0.981406390667,
            "Quickstep": 0.00066740938928,
            "Rumba-American": 0.000308882532408,
            "Rumba-International": 0.00110686209518,
            "Rumba-Misc": 0.000115238835861,
            "Samba": 0.00495005818084,
            "Tango": 0.000245225761319,
            "VienneseWaltz": 0.00773230288178,
            "Waltz": 9.65052313404e-05
        },
        "probability": 0.981406390667,
        "value": "Jive"
    },
    "mood_acoustic": {
        "all": {
            "acoustic": 1.15439752335e-05,
            "not_acoustic": 0.999988436699
        },
        "probability": 0.999988436699,
        "value": "not_acoustic"
    },
    "mood_aggressive": {
        "all": {
            "aggressive": 0.977639853954,
            "not_aggressive": 0.022360144183
        },
        "probability": 0.977639853954,
        "value": "aggressive"
    },
    "mood_electronic": {
        "all": {
            "electronic": 0.108047187328,
            "not_electronic": 0.891952812672
        },
        "probability": 0.891952812672,
        "value": "not_electronic"
    },
    "mood_happy": {
        "all": {
            "happy": 0.800220549107,
            "not_happy": 0.199779450893
        },
        "probability": 0.800220549107,
        "value": "happy"
    },
    "mood_party": {
        "all": {
            "not_party": 0.312121480703,
            "party": 0.687878549099
        },
        "probability": 0.687878549099,
        "value": "party"
    },
    "mood_relaxed": {
        "all": {
            "not_relaxed": 0.996973574162,
            "relaxed": 0.00302642630413
        },
        "probability": 0.996973574162,
        "value": "not_relaxed"
    },
    "mood_sad": {
        "all": {
            "not_sad": 0.985067903996,
            "sad": 0.0149321220815
        },
        "probability": 0.985067903996,
        "value": "not_sad"
    },
    "moods_mirex": {
        "all": {
            "Cluster1": 0.542886972427,
            "Cluster2": 0.0582056231797,
            "Cluster3": 0.0581639148295,
            "Cluster4": 0.0719287768006,
            "Cluster5": 0.268814742565
        },
        "probability": 0.542886972427,
        "value": "Cluster1"
    },
    "timbre": {
        "all": {
            "bright": 0.916668772697,
            "dark": 0.0833312273026
        },
        "probability": 0.916668772697,
        "value": "bright"
    },
    "tonal_atonal": {
        "all": {
            "atonal": 0.00218038354069,
            "tonal": 0.997819602489
        },
        "probability": 0.997819602489,
        "value": "tonal"
    },
    "voice_instrumental": {
        "all": {
            "instrumental": 0.000220522735617,
            "voice": 0.999779462814
        },
        "probability": 0.999779462814,
        "value": "voice"
    }
},
"lowlevel": {
    "average_loudness": 0.983486533165,
    "barkbands_crest": {
        "dmean": 3.0245578289,
        "dmean2": 5.00410890579,
        "dvar": 9.44158172607,
        "dvar2": 25.4485569,
        "max": 23.8316020966,
        "mean": 7.45029878616,
        "median": 6.47679376602,
        "min": 2.32412791252,
        "var": 13.8055124283
    },
    "barkbands_flatness_db": {
        "dmean": 0.0215620379895,
        "dmean2": 0.0355497412384,
        "dvar": 0.000668514694553,
        "dvar2": 0.00169130519498,
        "max": 0.275013417006,
        "mean": 0.0968545675278,
        "median": 0.0909568741918,
        "min": 0.0380214937031,
        "var": 0.00120834459085
    },
    "barkbands_kurtosis": {
        "dmean": 2.23130822182,
        "dmean2": 3.88084077835,
        "dvar": 31.943069458,
        "dvar2": 88.0564498901,
        "max": 79.4769439697,
        "mean": 0.792159676552,
        "median": -0.375275373459,
        "min": -1.86915111542,
        "var": 22.4015274048
    },
    "barkbands_skewness": {
        "dmean": 0.630299150944,
        "dmean2": 0.986828804016,
        "dvar": 0.7235070467,
        "dvar2": 1.80649781227,
        "max": 8.03130245209,
        "mean": 0.805790662766,
        "median": 0.661389946938,
        "min": -2.63823914528,
        "var": 0.94314467907
    },
    "barkbands_spread": {
        "dmean": 8.45156383514,
        "dmean2": 13.015045166,
        "dvar": 85.1544723511,
        "dvar2": 190.868728638,
        "max": 106.28377533,
        "mean": 35.3520126343,
        "median": 34.0159225464,
        "min": 2.77862238884,
        "var": 227.197921753
    },
    "dissonance": {
        "dmean": 0.0127260042354,
        "dmean2": 0.0210749171674,
        "dvar": 0.000164986748132,
        "dvar2": 0.000432164699305,
        "max": 0.499999374151,
        "mean": 0.478289276361,
        "median": 0.482203036547,
        "min": 0.356630504131,
        "var": 0.000284397567157
    },
    "dynamic_complexity": 1.11211431026,
    "erbbands_crest": {
        "dmean": 2.52685117722,
        "dmean2": 4.10075092316,
        "dvar": 5.38676166534,
        "dvar2": 13.7299346924,
        "max": 23.3911094666,
        "mean": 7.5425992012,
        "median": 6.55463266373,
        "min": 2.3430685997,
        "var": 13.4471988678
    },
    "erbbands_flatness_db": {
        "dmean": 0.0148836951703,
        "dmean2": 0.0223963595927,
        "dvar": 0.000203731033253,
        "dvar2": 0.000396284507588,
        "max": 0.261897861958,
        "mean": 0.13092200458,
        "median": 0.124009273946,
        "min": 0.0727180317044,
        "var": 0.000828369404189
    },
    "erbbands_kurtosis": {
        "dmean": 0.702888667583,
        "dmean2": 1.13896560669,
        "dvar": 0.882492184639,
        "dvar2": 2.02475380898,
        "max": 10.2153520584,
        "mean": 0.0354260243475,
        "median": -0.281898260117,
        "min": -1.70256996155,
        "var": 1.59064722061
    },
    "erbbands_skewness": {
        "dmean": 0.338582009077,
        "dmean2": 0.512893736362,
        "dvar": 0.107067406178,
        "dvar2": 0.231945171952,
        "max": 2.90596652031,
        "mean": -0.0395432151854,
        "median": -0.0222465675324,
        "min": -3.11083555222,
        "var": 0.352010577917
    },
    "erbbands_spread": {
        "dmean": 10.1189756393,
        "dmean2": 15.4097414017,
        "dvar": 129.972381592,
        "dvar2": 304.549346924,
        "max": 147.721984863,
        "mean": 42.2739524841,
        "median": 39.0390892029,
        "min": 8.43905735016,
        "var": 320.999725342
    },
    "hfc": {
        "dmean": 10.87362957,
        "dmean2": 15.017821312,
        "dvar": 207.190475464,
        "dvar2": 381.083190918,
        "max": 184.488204956,
        "mean": 43.572517395,
        "median": 39.6929359436,
        "min": 2.75483131409,
        "var": 653.45489502
    },
    "melbands_crest": {
        "dmean": 3.81040811539,
        "dmean2": 6.20943593979,
        "dvar": 12.0337820053,
        "dvar2": 30.3119907379,
        "max": 30.6755809784,
        "mean": 11.679019928,
        "median": 10.7093448639,
        "min": 3.7249853611,
        "var": 22.1434421539
    },
    "melbands_flatness_db": {
        "dmean": 0.0300222188234,
        "dmean2": 0.0468778088689,
        "dvar": 0.00137742073275,
        "dvar2": 0.0033555382397,
        "max": 0.368881046772,
        "mean": 0.126396209002,
        "median": 0.118357725441,
        "min": 0.0263938009739,
        "var": 0.00263148383237
    },
    "melbands_kurtosis": {
        "dmean": 7.13591527939,
        "dmean2": 12.2610197067,
        "dvar": 283.714782715,
        "dvar2": 762.641174316,
        "max": 230.81199646,
        "mean": 7.07285022736,
        "median": 2.98514699936,
        "min": -1.7343878746,
        "var": 215.319732666
    },
    "melbands_skewness": {
        "dmean": 0.89294719696,
        "dmean2": 1.41733920574,
        "dvar": 1.58353197575,
        "dvar2": 3.96956992149,
        "max": 11.9378652573,
        "mean": 2.0180413723,
        "median": 1.70161962509,
        "min": -0.910654962063,
        "var": 2.01627182961
    },
    "melbands_spread": {
        "dmean": 13.8473377228,
        "dmean2": 21.0630817413,
        "dvar": 342.119293213,
        "dvar2": 689.103515625,
        "max": 249.616638184,
        "mean": 42.5033187866,
        "median": 38.5263671875,
        "min": 1.43444931507,
        "var": 682.303771973
    },
    "pitch_salience": {
        "dmean": 0.0774979516864,
        "dmean2": 0.126284182072,
        "dvar": 0.00553474389017,
        "dvar2": 0.0139826852828,
        "max": 0.81554633379,
        "mean": 0.603874027729,
        "median": 0.619845151901,
        "min": 0.13303616643,
        "var": 0.00993069820106
    },
    "silence_rate_20dB": {
        "dmean": 0,
        "dmean2": 0,
        "dvar": 0,
        "dvar2": 0,
        "max": 1,
        "mean": 1,
        "median": 1,
        "min": 1,
        "var": 0
    },
    "silence_rate_30dB": {
        "dmean": 0,
        "dmean2": 0,
        "dvar": 0,
        "dvar2": 0,
        "max": 1,
        "mean": 1,
        "median": 1,
        "min": 1,
        "var": 0
    },
    "silence_rate_60dB": {
        "dmean": 0.00154798757285,
        "dmean2": 0.00309837330133,
        "dvar": 0.00154558126815,
        "dvar2": 0.00463790772483,
        "max": 1,
        "mean": 0.00077339517884,
        "median": 0,
        "min": 0,
        "var": 0.000772795407102
    },
    "spectral_centroid": {
        "dmean": 350.031860352,
        "dmean2": 534.831604004,
        "dvar": 140006.765625,
        "dvar2": 299340.46875,
        "max": 5262.92871094,
        "mean": 1887.90698242,
        "median": 1848.57958984,
        "min": 329.511810303,
        "var": 363756.625
    },
    "spectral_complexity": {
        "dmean": 5.18653249741,
        "dmean2": 7.82184362411,
        "dvar": 21.6070461273,
        "dvar2": 41.2633666992,
        "max": 55,
        "mean": 33.188709259,
        "median": 34,
        "min": 2,
        "var": 100.241096497
    },
    "spectral_decrease": {
        "dmean": 2.80310619161e-09,
        "dmean2": 4.5427719364e-09,
        "dvar": 1.69692595419e-17,
        "dvar2": 4.49542983682e-17,
        "max": -5.19577658675e-10,
        "mean": -7.67986385597e-09,
        "median": -7.12016845483e-09,
        "min": -3.18447028747e-08,
        "var": 1.75316844558e-17
    },
    "spectral_energy": {
        "dmean": 0.0108733773232,
        "dmean2": 0.0175623036921,
        "dvar": 0.000237351850956,
        "dvar2": 0.000626787310466,
        "max": 0.121734857559,
        "mean": 0.0329377427697,
        "median": 0.0309422183782,
        "min": 0.00222703046165,
        "var": 0.000260150729446
    },
    "spectral_energyband_high": {
        "dmean": 0.00100777670741,
        "dmean2": 0.00135040900204,
        "dvar": 3.02737748825e-06,
        "dvar2": 5.28212467543e-06,
        "max": 0.0199596304446,
        "mean": 0.00281986640766,
        "median": 0.00174019951373,
        "min": 4.86787284899e-05,
        "var": 8.97986592463e-06
    },
    "spectral_energyband_low": {
        "dmean": 0.00742400111631,
        "dmean2": 0.0126930726692,
        "dvar": 0.000283191126073,
        "dvar2": 0.000773122592364,
        "max": 0.114770077169,
        "mean": 0.00865955464542,
        "median": 0.00480013666674,
        "min": 4.35878355347e-05,
        "var": 0.000215105654206
    },
    "spectral_energyband_middle_high": {
        "dmean": 0.00305335829034,
        "dmean2": 0.0045917974785,
        "dvar": 9.20206457522e-06,
        "dvar2": 2.12672748603e-05,
        "max": 0.0313336625695,
        "mean": 0.00959699973464,
        "median": 0.00896986760199,
        "min": 0.000198445777642,
        "var": 3.2311607356e-05
    },
    "spectral_energyband_middle_low": {
        "dmean": 0.00576751632616,
        "dmean2": 0.00909992400557,
        "dvar": 4.62685384264e-05,
        "dvar2": 0.000108663080027,
        "max": 0.0665031000972,
        "mean": 0.0131638580933,
        "median": 0.0112576419488,
        "min": 0.000402087665861,
        "var": 7.99226545496e-05
    },
    "spectral_entropy": {
        "dmean": 0.118261627853,
        "dmean2": 0.171080946922,
        "dvar": 0.0158140640706,
        "dvar2": 0.0324315167964,
        "max": 8.95860767365,
        "mean": 7.97467756271,
        "median": 7.99938821793,
        "min": 7.04621315002,
        "var": 0.0674068182707
    },
    "spectral_flux": {
        "dmean": 0.0277183614671,
        "dmean2": 0.0437288694084,
        "dvar": 0.00108196085785,
        "dvar2": 0.00203837011941,
        "max": 0.303892165422,
        "mean": 0.11490932852,
        "median": 0.106848582625,
        "min": 0.0266359709203,
        "var": 0.00185782869812
    },
    "spectral_kurtosis": {
        "dmean": 0.876863658428,
        "dmean2": 1.33796298504,
        "dvar": 0.931901395321,
        "dvar2": 2.12036633492,
        "max": 11.0249652863,
        "mean": 3.02769136429,
        "median": 2.83037376404,
        "min": -0.986197710037,
        "var": 3.36056041718
    },
    "spectral_rms": {
        "dmean": 0.0008773264708,
        "dmean2": 0.00136807165109,
        "dvar": 1.1007671219e-06,
        "dvar2": 2.75379488812e-06,
        "max": 0.0108979688957,
        "mean": 0.0055151344277,
        "median": 0.00549431797117,
        "min": 0.00147401238792,
        "var": 1.71765736923e-06
    },
    "spectral_rolloff": {
        "dmean": 892.711853027,
        "dmean2": 1408.49975586,
        "dvar": 1471481.875,
        "dvar2": 2901437.75,
        "max": 11455.6640625,
        "mean": 2766.95678711,
        "median": 2411.71875,
        "min": 64.599609375,
        "var": 3466944
    },
    "spectral_skewness": {
        "dmean": 0.151927575469,
        "dmean2": 0.225948929787,
        "dvar": 0.0252031907439,
        "dvar2": 0.0506312549114,
        "max": 2.60630249977,
        "mean": 1.31092178822,
        "median": 1.33998918533,
        "min": 0.0313055813313,
        "var": 0.113592736423
    },
    "spectral_spread": {
        "dmean": 569616.625,
        "dmean2": 767817.4375,
        "dvar": 521907077120,
        "dvar2": 709773950976,
        "max": 16468531,
        "mean": 5153859.5,
        "median": 5071515,
        "min": 2526436.5,
        "var": 2.07367739802e+12
    },
    "spectral_strongpeak": {
        "dmean": 0.757708311081,
        "dmean2": 1.30494832993,
        "dvar": 1.1719212532,
        "dvar2": 2.97446751595,
        "max": 9.83342266083,
        "mean": 1.07679271698,
        "median": 0.604080319405,
        "min": 0.0394867919385,
        "var": 1.40186536312
    },
    "zerocrossingrate": {
        "dmean": 0.016585689038,
        "dmean2": 0.0182940941304,
        "dvar": 0.000384600367397,
        "dvar2": 0.000415955088101,
        "max": 0.3505859375,
        "mean": 0.100028552115,
        "median": 0.09375,
        "min": 0.01318359375,
        "var": 0.00199443497695
    },
    "barkbands": {
        "dmean": [0.000138124421937, 0.00457993289456, 0.00284413457848, 0.00173929100856, 0.0024791052565, 0.000956229283474, 0.00147958670277, 0.00123170227744, 0.00123084580991, 0.000636355951428, 0.00060462631518, 0.000567613402382, 0.000701554352418, 0.000856483296957, 0.000586260284763, 0.000521503563505, 0.000545828079339, 0.000426742306445, 0.000278125924524, 0.00025415213895, 0.000193633852177, 0.000279743311694, 0.000268445874099, 0.000239369735937, 0.000186407211004, 6.16015822743e-05, 5.34185815582e-08],
        "dmean2": [0.000218044850044, 0.00798802450299, 0.00507085351273, 0.0029282476753, 0.00386939686723, 0.00156162225176, 0.00241766218096, 0.002014109632, 0.00199906714261, 0.00098430167418, 0.000988820684142, 0.000920721853618, 0.00114719837438, 0.00138427095953, 0.000951704918407, 0.000851094198879, 0.000907867215574, 0.000684882106725, 0.000440665171482, 0.000412253459217, 0.000301110529108, 0.000424567173468, 0.00039600773016, 0.00033583669574, 0.000262677669525, 9.23710977077e-05, 9.18201052968e-08],
        "dvar": [8.20574470595e-08, 0.000132284680149, 4.88135556225e-05, 8.51544336911e-06, 1.84232339961e-05, 2.25408166443e-06, 6.8444533099e-06, 4.65391985927e-06, 3.8121227135e-06, 1.44778675804e-06, 1.60725028309e-06, 9.20236288948e-07, 1.16209400858e-06, 1.63939353115e-06, 6.41249357614e-07, 7.80067182404e-07, 5.59519662602e-07, 3.26977044551e-07, 9.70443210235e-08, 9.90289734659e-08, 7.15731474088e-08, 1.69295248043e-07, 2.29286243325e-07, 3.51522317033e-07, 3.23761184973e-07, 1.35844588911e-08, 6.44986654689e-14],
        "dvar2": [1.81858013093e-07, 0.000363266968634, 0.000141743003041, 2.2513755539e-05, 4.21529912273e-05, 6.00488647251e-06, 1.70669536601e-05, 1.17796953418e-05, 9.34427953325e-06, 3.26148074237e-06, 4.06707113143e-06, 2.08316942008e-06, 2.80497056337e-06, 4.09414360547e-06, 1.58452780852e-06, 1.98206703317e-06, 1.41743362292e-06, 7.86156022059e-07, 2.29337985047e-07, 2.43823222945e-07, 1.75707725703e-07, 3.72334625354e-07, 4.85754640067e-07, 6.06448736562e-07, 6.19694844772e-07, 3.09046725988e-08, 1.13526667179e-13],
        "max": [0.00390300620347, 0.0720785558224, 0.0614889338613, 0.0258607063442, 0.0421868152916, 0.0190439559519, 0.0323904342949, 0.0258865617216, 0.018764719367, 0.0182936768979, 0.0199221912771, 0.01284680143, 0.0188300665468, 0.0171012468636, 0.0107700489461, 0.0149307558313, 0.00806750915945, 0.00925635918975, 0.00482184113935, 0.00374818686396, 0.00353040220216, 0.00602519791573, 0.00676164263859, 0.00852114614099, 0.0116193722934, 0.00164549006149, 5.952704214e-06],
        "mean": [0.000157064860105, 0.004436283838, 0.00293693435378, 0.00214434717782, 0.00376559863798, 0.00143938674591, 0.00212411652319, 0.00173395033926, 0.00163239461835, 0.000999638112262, 0.000897620688193, 0.000882660329808, 0.00106043985579, 0.00135663058609, 0.000947456632275, 0.00086206139531, 0.00102248194162, 0.000811302626971, 0.000611503492109, 0.000537960848305, 0.000438090733951, 0.000616359233391, 0.0005768071278, 0.000468203157652, 0.000356218166417, 0.000122192330309, 4.10345215585e-08],
        "median": [3.49141591869e-05, 0.00168218614999, 0.00147674360778, 0.00124633451924, 0.00206886138767, 0.000947239343077, 0.000961312209256, 0.000654693343677, 0.000777419249061, 0.000440486939624, 0.000334950833349, 0.000491720275022, 0.000567682436667, 0.000664019258693, 0.000606386107393, 0.000544668815564, 0.000762354000472, 0.000573012162931, 0.000517213484272, 0.000405072874855, 0.0002986213658, 0.000342750572599, 0.000322510953993, 0.000199308415176, 0.000171314168256, 6.09275666648e-05, 1.33514799217e-09],
        "min": [4.03662383519e-08, 3.65985420103e-06, 4.69427777716e-06, 2.24611540034e-06, 1.01027744677e-05, 6.34954267298e-06, 7.78361845732e-06, 5.77390983381e-06, 5.06769447384e-06, 1.49131255966e-06, 2.00643717108e-06, 3.72955469174e-06, 8.29563850857e-06, 7.50800927563e-06, 6.37099947198e-06, 1.08275789898e-05, 7.77303375799e-06, 2.22270432459e-06, 5.38606718692e-06, 5.89318642596e-06, 8.84729070094e-06, 5.03618730363e-06, 2.3344107376e-06, 2.49658023677e-06, 1.69473105416e-06, 3.80770703856e-09, 7.27813295742e-12],
        "var": [1.04703921977e-07, 9.5364623121e-05, 3.0989980587e-05, 8.3957284005e-06, 2.57723095274e-05, 2.92144363812e-06, 1.01037685454e-05, 8.19743036118e-06, 5.64438005313e-06, 3.23969857163e-06, 2.9044524581e-06, 1.77480785624e-06, 2.48715468842e-06, 3.13502050631e-06, 1.07949699668e-06, 1.15463819839e-06, 9.30322642034e-07, 6.75854892052e-07, 2.04101070267e-07, 2.26545139981e-07, 1.85695256505e-07, 4.99812415455e-07, 5.14564703735e-07, 7.09688265488e-07, 5.23235598848e-07, 2.46513067736e-08, 5.65740962649e-14]
    },
    "erbbands": {
        "dmean": [0.10741854459, 1.14269447327, 3.09205150604, 4.79296350479, 8.48726272583, 7.17659139633, 8.75339984894, 6.82409954071, 15.0588293076, 27.6004505157, 26.9223442078, 29.0639514923, 18.2357177734, 22.4705963135, 19.8362236023, 23.4572162628, 30.0013179779, 38.5929069519, 36.2474899292, 25.5328521729, 28.5363254547, 28.8167572021, 23.5731201172, 14.764090538, 14.0657634735, 11.7548770905, 8.10897254944, 7.79495811462, 10.1375951767, 9.70968151093, 7.0986828804, 5.69997644424, 4.20191717148, 2.692663908, 1.06355237961, 0.414153337479, 0.092137105763, 0.0066707613878, 0.000131910172058, 1.75627064891e-05],
        "dmean2": [0.182898789644, 2.0065946579, 5.52017641068, 8.29023456573, 13.2842483521, 12.1893482208, 13.8488254547, 11.4304056168, 24.4799385071, 45.2740898132, 43.7812309265, 47.0924301147, 28.6143169403, 34.8084106445, 31.9456386566, 37.9227905273, 48.4782943726, 62.9227523804, 59.0526046753, 41.4090499878, 45.0562744141, 47.9805831909, 37.7756385803, 23.6268901825, 22.3142528534, 19.0997390747, 12.765542984, 12.1161251068, 15.6419229507, 14.476231575, 10.555390358, 8.19339942932, 5.79053068161, 3.66915440559, 1.52283239365, 0.627175331116, 0.137217953801, 0.0107324263081, 0.000200280745048, 2.66752285825e-05],
        "dvar": [0.0701004415751, 8.46040725708, 63.7952232361, 74.3035049438, 305.961486816, 120.773132324, 156.566055298, 137.907852173, 929.465148926, 3057.47021484, 2504.14160156, 2481.90063477, 1052.1517334, 1842.52416992, 1586.97412109, 1478.75744629, 2193.19018555, 3276.43383789, 2888.87304688, 1369.08898926, 2429.13134766, 1504.45263672, 991.950927734, 287.879394531, 249.960494995, 217.614959717, 147.139129639, 125.80368042, 243.494308472, 244.748397827, 171.587310791, 180.727828979, 111.344329834, 64.3650436401, 10.3685407639, 0.812370300293, 0.0234133936465, 0.000106108447653, 4.35296350076e-08, 5.13224129861e-10],
        "dvar2": [0.18767978251, 23.4924812317, 184.131729126, 202.188613892, 684.727172852, 311.859802246, 364.196350098, 370.413848877, 2379.18359375, 7864.56396484, 6100.44921875, 6062.41308594, 2331.49389648, 4169.20507812, 4068.328125, 3282.93603516, 4972.46533203, 8380.20996094, 6871.33398438, 3353.62402344, 5809.76171875, 3752.37524414, 2393.80273438, 659.462097168, 605.676086426, 529.589294434, 347.855163574, 306.834655762, 557.446716309, 560.442077637, 369.377655029, 352.690124512, 194.130905151, 113.249687195, 23.6847839355, 1.91466653347, 0.0507830046117, 0.000254169513937, 9.51731777832e-08, 1.10613140869e-09],
        "max": [2.19779062271, 18.8465538025, 64.4081039429, 76.3541564941, 204.139221191, 125.855728149, 156.733291626, 203.594970703, 438.862426758, 829.502807617, 730.113464355, 516.1953125, 443.141296387, 912.466003418, 646.854309082, 624.377868652, 967.887084961, 663.535339355, 757.770202637, 690.210876465, 992.643615723, 530.528503418, 514.680603027, 288.372528076, 214.361114502, 171.558105469, 198.929855347, 150.765274048, 259.324829102, 191.074066162, 168.423248291, 186.564056396, 195.094680786, 154.088272095, 60.0943336487, 12.7273740768, 1.75905823708, 0.128577962518, 0.00305162509903, 0.000325512402924],
        "mean": [0.101574338973, 1.08925533295, 3.33343982697, 5.76531362534, 10.9539928436, 10.8583936691, 14.4325971603, 10.2538251877, 21.6912250519, 38.6950569153, 41.5385894775, 39.457157135, 30.0513820648, 36.4466438293, 32.9396247864, 40.3856430054, 50.4938354492, 62.6083717346, 62.3491821289, 44.0052604675, 51.5313034058, 58.4321937561, 48.0750465393, 32.2463035583, 31.2798728943, 25.5369300842, 18.2042388916, 17.9549617767, 21.713684082, 20.3893947601, 14.7294578552, 10.9883728027, 7.77090883255, 4.85800027847, 2.00050330162, 0.780264317989, 0.177392870188, 0.0111471470445, 0.000275602767942, 6.23737287242e-05],
        "median": [0.0318718142807, 0.415590316057, 1.60188937187, 3.52713704109, 4.5040345192, 6.63453769684, 8.79282283783, 6.85603666306, 10.5104665756, 16.3325824738, 18.0054092407, 18.2216281891, 16.6184310913, 16.1400203705, 16.2498874664, 24.225769043, 29.7396469116, 34.1725502014, 35.3546218872, 31.0194320679, 34.9024238586, 44.1308631897, 34.5996170044, 26.7971019745, 25.9250850677, 18.9456424713, 12.9991416931, 11.2201833725, 12.2008666992, 11.3518791199, 8.01809215546, 5.22008991241, 3.16627788544, 1.99285590649, 1.02200222015, 0.391955137253, 0.0899871140718, 0.00596855068579, 0.000156757087098, 5.39626853424e-05],
        "min": [0.000274946214631, 0.00229958537966, 0.0114358905703, 0.0201659910381, 0.0168246179819, 0.0341631025076, 0.185569897294, 0.131615489721, 0.182971507311, 0.157735824585, 0.397479504347, 0.189727678895, 0.0569525137544, 0.0715059489012, 0.106558255851, 0.265313565731, 0.367088615894, 0.443125039339, 0.309840887785, 0.498557329178, 0.607725083828, 0.462944418192, 0.211412012577, 0.390523970127, 0.218904823065, 0.299316227436, 0.362282454967, 0.343750506639, 0.227159753442, 0.238781243563, 0.12966568768, 0.0792824998498, 0.0299114137888, 0.0172999687493, 0.00891674868762, 0.00227677659132, 0.000103865102574, 1.20754093587e-05, 6.58812723486e-06, 6.04993556408e-06],
        "var": [0.0554404631257, 5.87653970718, 40.7724533081, 62.1202812195, 389.681793213, 154.326889038, 271.047790527, 163.706542969, 1317.3972168, 3969.12524414, 5021.31591797, 3609.70678711, 2119.51538086, 4144.11132812, 2723.67285156, 3165.65332031, 5440.74658203, 5863.3671875, 5520.45800781, 2219.31762695, 3921.68994141, 2904.70019531, 2221.54711914, 637.720458984, 552.683166504, 528.689880371, 318.124786377, 350.275817871, 644.420532227, 561.620483398, 357.874084473, 332.595794678, 219.065109253, 116.336997986, 12.9095668793, 1.22199547291, 0.0514423511922, 0.000199089903617, 9.51685379391e-08, 1.14287157515e-09]
    },
    "gfcc": {
        "mean": [65.5646209717, 61.389995575, -123.683280945, 39.0860137939, -62.5423851013, 22.1671276093, -47.5667419434, 14.3871526718, -26.2604141235, 6.20463085175, -20.6052474976, 1.19668602943, -17.4346294403],
        "cov": [[1103.86340332, -388.973449707, -17.4006786346, -12.8485088348, -154.143035889, 72.7130889893, -103.477882385, -37.0026435852, -57.1462478638, -15.3245601654, -105.630729675, -3.29989695549, -42.7129898071], [-388.973449707, 838.709655762, -155.591537476, -76.2531204224, 201.90032959, -69.7697982788, 159.390808105, -2.05779361725, 39.045425415, -76.8559570312, 85.9400253296, -37.582359314, 29.5802898407], [-17.4006786346, -155.591537476, 396.68939209, 119.421600342, -18.4141044617, 76.9258270264, -36.2215499878, -24.7528896332, -28.6592788696, 17.9071502686, -29.8590278625, 27.9302444458, -0.00190872012172], [-12.8485088348, -76.2531204224, 119.421600342, 271.796569824, 14.1914367676, 23.5493106842, -24.9756946564, -31.4220619202, 13.8272781372, -27.0651569366, 1.33810579777, -13.6048984528, 38.6286392212], [-154.143035889, 201.90032959, -18.4141044617, 14.1914367676, 237.145004272, 32.0528373718, 82.7789993286, 47.9135475159, 21.0972366333, 6.91985845566, 29.0925617218, 9.39649581909, 6.31353569031], [72.7130889893, -69.7697982788, 76.9258270264, 23.5493106842, 32.0528373718, 143.483978271, 63.0165977478, 15.3100328445, -14.9949407578, -0.580982089043, 4.10807991028, 10.3421535492, 2.51160216331], [-103.477882385, 159.390808105, -36.2215499878, -24.9756946564, 82.7789993286, 63.0165977478, 171.73298645, 62.6056747437, 7.35776519775, -13.4916782379, 30.683588028, 9.81997394562, 4.57454633713], [-37.0026435852, -2.05779361725, -24.7528896332, -31.4220619202, 47.9135475159, 15.3100328445, 62.6056747437, 104.865409851, 45.7297782898, 26.1033649445, 6.99657678604, 2.31341862679, -4.46083450317], [-57.1462478638, 39.045425415, -28.6592788696, 13.8272781372, 21.0972366333, -14.9949407578, 7.35776519775, 45.7297782898, 96.3509674072, 38.1156425476, 11.8021230698, -15.2629308701, -1.32556450367], [-15.3245601654, -76.8559570312, 17.9071502686, -27.0651569366, 6.91985845566, -0.580982089043, -13.4916782379, 26.1033649445, 38.1156425476, 94.5356216431, 22.9441719055, 11.7553853989, -20.2108612061], [-105.630729675, 85.9400253296, -29.8590278625, 1.33810579777, 29.0925617218, 4.10807991028, 30.683588028, 6.99657678604, 11.8021230698, 22.9441719055, 76.4004669189, 19.3613872528, 11.9142751694], [-3.29989695549, -37.582359314, 27.9302444458, -13.6048984528, 9.39649581909, 10.3421535492, 9.81997394562, 2.31341862679, -15.2629308701, 11.7553853989, 19.3613872528, 68.2700271606, 21.3171138763], [-42.7129898071, 29.5802898407, -0.00190872012172, 38.6286392212, 6.31353569031, 2.51160216331, 4.57454633713, -4.46083450317, -1.32556450367, -20.2108612061, 11.9142751694, 21.3171138763, 59.587020874]],
        "icov": [[0.00146464642603, -0.00014832886518, 0.000941492675338, -0.000542670488358, 0.000827062351163, -0.00181956437882, 0.00123942049686, -0.000551055709366, 0.000668231456075, -0.000277208746411, 0.00200602714904, -0.00128163106274, 0.0013062460348], [-0.00014832886518, 0.00513941748068, -0.0016945565585, 0.00363526307046, -0.00400091800839, 0.00483834790066, -0.00521015794948, 0.0057500069961, -0.00458756228909, 0.00546410307288, -0.00566807296127, 0.00516727054492, -0.00292790029198], [0.000941492675338, -0.0016945565585, 0.00522194663063, -0.00358325941488, 0.0019643290434, -0.0046499739401, 0.00313724856824, -0.00217191665433, 0.00304129417054, -0.00361236138269, 0.00511181354523, -0.00474794581532, 0.00294249085709], [-0.000542670488358, 0.00363526307046, -0.00358325941488, 0.00868616066873, -0.00379093363881, 0.00334441079758, -0.00315374275669, 0.00585802830756, -0.00593319023028, 0.00594991724938, -0.00600695284083, 0.00673212856054, -0.00620458181947], [0.000827062351163, -0.00400091800839, 0.0019643290434, -0.00379093363881, 0.00884074904025, -0.00473921746016, 0.00259269308299, -0.00587095459923, 0.0036406822037, -0.00451306346804, 0.00444561056793, -0.00504015246406, 0.00312554999255], [-0.00181956437882, 0.00483834790066, -0.0046499739401, 0.00334441079758, -0.00473921746016, 0.0168501380831, -0.0107640931383, 0.00592505047098, -0.00288969092071, 0.00375121133402, -0.00680462224409, 0.00667581986636, -0.00463218567893], [0.00123942049686, -0.00521015794948, 0.00313724856824, -0.00315374275669, 0.00259269308299, -0.0107640931383, 0.0184021499008, -0.0125054363161, 0.00546470703557, -0.000561171968002, 0.00240379758179, -0.00665020383894, 0.00517921010032], [-0.000551055709366, 0.0057500069961, -0.00217191665433, 0.00585802830756, -0.00587095459923, 0.00592505047098, -0.0125054363161, 0.0247442908585, -0.0127709759399, 0.00284940213896, -0.00295875314623, 0.00491610495374, -0.00434708036482], [0.000668231456075, -0.00458756228909, 0.00304129417054, -0.00593319023028, 0.0036406822037, -0.00288969092071, 0.00546470703557, -0.0127709759399, 0.0232089813799, -0.0125568117946, 0.0051680970937, 0.000552119279746, -1.03686943476e-05], [-0.000277208746411, 0.00546410307288, -0.00361236138269, 0.00594991724938, -0.00451306346804, 0.00375121133402, -0.000561171968002, 0.00284940213896, -0.0125568117946, 0.0261059980839, -0.0133894905448, 0.000686550745741, 0.00481490790844], [0.00200602714904, -0.00566807296127, 0.00511181354523, -0.00600695284083, 0.00444561056793, -0.00680462224409, 0.00240379758179, -0.00295875314623, 0.0051680970937, -0.0133894905448, 0.0281288027763, -0.0111174266785, 0.00148219673429], [-0.00128163106274, 0.00516727054492, -0.00474794581532, 0.00673212856054, -0.00504015246406, 0.00667581986636, -0.00665020383894, 0.00491610495374, 0.000552119279746, 0.000686550745741, -0.0111174266785, 0.0288998745382, -0.0145878428593], [0.0013062460348, -0.00292790029198, 0.00294249085709, -0.00620458181947, 0.00312554999255, -0.00463218567893, 0.00517921010032, -0.00434708036482, -1.03686943476e-05, 0.00481490790844, 0.00148219673429, -0.0145878428593, 0.0288906861097]]
    },
    "melbands": {
        "dmean": [0.00111230812036, 0.00158271880355, 0.000906319997739, 0.000561678025406, 0.000295424018987, 0.000159823408467, 0.000251519726589, 0.000283668923657, 0.000231106809224, 0.0001735540136, 9.21370301512e-05, 9.25582135096e-05, 7.84388248576e-05, 5.58149222343e-05, 7.65910299378e-05, 6.54719988233e-05, 7.85710653872e-05, 6.64804974804e-05, 3.99719538109e-05, 3.63482504326e-05, 3.60169069609e-05, 3.37334859069e-05, 2.88407845801e-05, 1.98232119146e-05, 1.26008344523e-05, 1.13586775115e-05, 1.12374955279e-05, 7.82874030847e-06, 5.67564029552e-06, 5.56043460165e-06, 4.96153234053e-06, 6.0171282712e-06, 6.59360239297e-06, 5.68840960113e-06, 4.34550702266e-06, 4.83387111672e-06, 3.47891682395e-06, 3.14454973704e-06, 2.81585676021e-06, 2.31334047385e-06],
        "dmean2": [0.00192891235929, 0.00281627778895, 0.00151483644731, 0.000897123012692, 0.000470544648124, 0.000265833979938, 0.000408969732234, 0.000463270145701, 0.000376906944439, 0.0002812789171, 0.000144041521708, 0.000144040008308, 0.000127591061755, 8.97058271221e-05, 0.000123178382637, 0.000107063184259, 0.000129007981741, 0.000107123487396, 6.51739828754e-05, 6.099944585e-05, 5.64370166103e-05, 5.62504974368e-05, 4.66919918836e-05, 3.2318290323e-05, 2.03772378882e-05, 1.83417505468e-05, 1.82717139978e-05, 1.28001338453e-05, 9.07352114154e-06, 9.07411049411e-06, 7.77431068855e-06, 9.72214456851e-06, 9.97056122287e-06, 8.71639804245e-06, 6.7795826908e-06, 7.16842305337e-06, 5.24437746208e-06, 4.59350712845e-06, 3.886430477e-06, 3.28973442265e-06],
        "dvar": [7.78232151788e-06, 1.63352597156e-05, 2.20868491851e-06, 1.11205133635e-06, 1.61315213631e-07, 6.84219472191e-08, 2.37653139834e-07, 3.13226337312e-07, 1.80888577006e-07, 8.76666703675e-08, 2.84653403071e-08, 3.12653121171e-08, 2.79990164387e-08, 8.24954504708e-09, 1.71646927782e-08, 1.10186340052e-08, 1.42992799823e-08, 1.130439653e-08, 2.95630098179e-09, 3.61066199162e-09, 4.00669142309e-09, 2.20113638427e-09, 1.33646504974e-09, 9.16616837987e-10, 2.12575582137e-10, 1.87761861614e-10, 1.89372725834e-10, 1.10169366685e-10, 9.13795220048e-11, 6.45050332593e-11, 5.43737173342e-11, 9.0490170912e-11, 8.89295859174e-11, 9.66789426293e-11, 6.41060191042e-11, 9.67919216999e-11, 7.41906328039e-11, 6.37553551619e-11, 5.90750157126e-11, 4.68106872709e-11],
        "dvar2": [2.09948684642e-05, 4.62146454083e-05, 5.71787404624e-06, 2.6455504667e-06, 3.86877474057e-07, 1.83850914937e-07, 6.0249260514e-07, 8.10614210423e-07, 4.40758554987e-07, 2.12295560686e-07, 6.35059791421e-08, 7.09819971689e-08, 7.16352914765e-08, 1.79617316576e-08, 4.03668956039e-08, 2.67450079861e-08, 3.63419445648e-08, 2.66450861375e-08, 7.33444371903e-09, 9.90987469862e-09, 9.3366834264e-09, 5.69683944462e-09, 3.37731620448e-09, 2.24811458338e-09, 5.14210563018e-10, 4.51739368135e-10, 5.09252695569e-10, 2.71550337771e-10, 2.07830655463e-10, 1.71155825623e-10, 1.33681857251e-10, 2.22329141208e-10, 1.96540811404e-10, 2.33924102311e-10, 1.5173308443e-10, 2.01081165607e-10, 1.5582843349e-10, 1.23032306565e-10, 1.00577261797e-10, 8.83795328588e-11],
        "max": [0.0192316398025, 0.0287976302207, 0.0113736595958, 0.0108226388693, 0.0055709592998, 0.0040397727862, 0.00699028978124, 0.00862848665565, 0.00587285123765, 0.00319242710248, 0.00245979311876, 0.00363556714728, 0.00299730245024, 0.00151819246821, 0.00158898532391, 0.0022206066642, 0.00142337253783, 0.00170578970574, 0.000772739120293, 0.000832257908769, 0.00142685102765, 0.000675333489198, 0.000405026949011, 0.000580921594519, 0.000230767254834, 0.000209452991839, 0.000166795463883, 0.000139293333632, 0.000188782607438, 0.000102686237369, 9.85015067272e-05, 0.000135665570269, 0.000137002716656, 0.000127002931549, 0.000106244355266, 0.000211371880141, 0.000107189320261, 0.000139417970786, 0.000136466580443, 0.000134421963594],
        "mean": [0.00108316738624, 0.00168876361568, 0.00115979555994, 0.000797695072833, 0.000508737342898, 0.000236710329773, 0.000364580773748, 0.000399845099309, 0.00034465722274, 0.000232874401263, 0.000144256395288, 0.000144339690451, 0.000122077486594, 8.93557080417e-05, 0.000123324847664, 9.8940981843e-05, 0.000120740260172, 0.000107240484795, 6.46010375931e-05, 5.53914360353e-05, 6.12016883679e-05, 6.09048875049e-05, 5.27125048393e-05, 3.6046414607e-05, 2.46735362452e-05, 2.29289453273e-05, 2.16483513213e-05, 1.56058322318e-05, 1.13737405627e-05, 1.06658098957e-05, 1.03395368569e-05, 1.18068728625e-05, 1.28374267661e-05, 1.07870509964e-05, 8.07735159469e-06, 8.70466828928e-06, 5.91236994296e-06, 5.49598462385e-06, 4.84916517962e-06, 3.91580533687e-06],
        "median": [0.000385047576856, 0.000804474402685, 0.000681533419993, 0.000419602438342, 0.000320982158883, 0.000157082627993, 0.000176074769115, 0.000171816282091, 0.000133723820909, 0.000108202686533, 7.4495030276e-05, 5.97251055297e-05, 4.90459933644e-05, 5.02941038576e-05, 6.38000783511e-05, 5.58502397325e-05, 5.8808891481e-05, 5.3906958783e-05, 4.36553455074e-05, 3.62245336873e-05, 4.07467268815e-05, 4.5604283514e-05, 3.56385244231e-05, 2.47071566264e-05, 1.98805264517e-05, 1.87441619346e-05, 1.61765583471e-05, 1.09508218884e-05, 7.57981979405e-06, 7.19706349628e-06, 5.82364418733e-06, 6.4446471697e-06, 7.02754869053e-06, 5.58861665922e-06, 4.14841542806e-06, 4.22852326665e-06, 2.51046776611e-06, 2.26061138164e-06, 1.79608491635e-06, 1.62448066021e-06],
        "min": [1.11264193947e-06, 7.20134585208e-06, 3.83607994081e-06, 1.35858579142e-06, 6.65913967168e-06, 1.12407462893e-06, 2.00413592211e-06, 1.49681352468e-06, 3.21330799125e-06, 8.65635115588e-07, 2.21885713358e-07, 2.723883199e-07, 3.1407276424e-07, 3.87820023207e-07, 9.52795915055e-07, 6.56381132558e-07, 8.18666308078e-07, 3.92073133071e-07, 4.89547232974e-07, 7.23730693153e-07, 5.31498812961e-07, 5.36033894605e-07, 1.52659453079e-07, 1.34686501951e-07, 2.79108775203e-07, 1.25513423654e-07, 1.23705135024e-07, 2.00864661792e-07, 2.03392218623e-07, 1.68135088074e-07, 1.6545433823e-07, 9.23202989611e-08, 1.26559115188e-07, 9.6995862009e-08, 4.69517296153e-08, 2.40257556072e-08, 4.08300095955e-08, 1.66540292668e-08, 1.35758400077e-08, 1.29270922855e-08],
