{
"highlevel": {
    "danceability": {
        "all": {
            "danceable": 0.44942343235,
            "not_danceable": 0.55057656765
        },
        "probability": 0.55057656765,
        "value": "not_danceable"
    },
    "gender": {
        "all": {
            "female": 0.0883411467075,
            "male": 0.91165882349
        },
        "probability": 0.91165882349,
        "value": "male"
    },
    "genre_dortmund": {
        "all": {
            "alternative": 0.0936627686024,
            "blues": 0.285730212927,
            "electronic": 0.00340135744773,
            "folkcountry": 0.117723546922,
            "funksoulrnb": 0.00983020849526,
            "jazz": 0.00319809932262,
            "pop": 0.0240553859621,
            "raphiphop": 0.000727574457414,
            "rock": 0.461670845747
        },
        "probability": 0.461670845747,
        "value": "rock"
    },
    "genre_electronic": {
        "all": {
            "ambient": 0.53818321228,
            "dnb": 0.345919460058,
            "house": 0.0562954097986,
            "techno": 0.00608277181163,
            "trance": 0.0535191223025
        },
        "probability": 0.53818321228,
        "value": "ambient"
    },
    "genre_rosamerica": {
        "all": {
            "cla": 0.0926656275988,
            "dan": 0.0121115725487,
            "hip": 0.0220329295844,
            "jaz": 0.0217395182699,
            "pop": 0.0848517268896,
            "rhy": 0.036918785423,
            "roc": 0.720201551914,
            "spe": 0.00947830360383
        },
        "probability": 0.720201551914,
        "value": "roc"
    },
    "genre_tzanetakis": {
        "all": {
            "blu": 0.0626613423228,
            "cla": 0.0348169617355,
            "cou": 0.104475811124,
            "dis": 0.0784321576357,
            "hip": 0.15692435205,
            "jaz": 0.313974827528,
            "met": 0.0448166541755,
            "pop": 0.0627359300852,
            "reg": 0.0627360641956,
            "roc": 0.0784258767962
        },
        "probability": 0.313974827528,
        "value": "jaz"
    },
    "ismir04_rhythm": {
        "all": {
            "ChaChaCha": 0.375512927771,
            "Jive": 0.174146145582,
            "Quickstep": 0.0416905842721,
            "Rumba-American": 0.0138282738626,
            "Rumba-International": 0.0259086731821,
            "Rumba-Misc": 0.00430945074186,
            "Samba": 0.0407930016518,
            "Tango": 0.0553648360074,
            "VienneseWaltz": 0.249077484012,
            "Waltz": 0.0193686243147
        },
        "probability": 0.375512927771,
        "value": "ChaChaCha"
    },
    "mood_acoustic": {
        "all": {
            "acoustic": 0.103155069053,
            "not_acoustic": 0.896844923496
        },
        "probability": 0.896844923496,
        "value": "not_acoustic"
    },
    "mood_aggressive": {
        "all": {
            "aggressive": 0.534642875195,
            "not_aggressive": 0.465357095003
        },
        "probability": 0.534642875195,
        "value": "aggressive"
    },
    "mood_electronic": {
        "all": {
            "electronic": 0.0379564575851,
            "not_electronic": 0.962043523788
        },
        "probability": 0.962043523788,
        "value": "not_electronic"
    },
    "mood_happy": {
        "all": {
            "happy": 0.235428467393,
            "not_happy": 0.764571547508
        },
        "probability": 0.764571547508,
        "value": "not_happy"
    },
    "mood_party": {
        "all": {
            "not_party": 0.830895125866,
            "party": 0.169104844332
        },
        "probability": 0.830895125866,
        "value": "not_party"
    },
    "mood_relaxed": {
        "all": {
            "not_relaxed": 0.968499243259,
            "relaxed": 0.03150074929
        },
        "probability": 0.968499243259,
        "value": "not_relaxed"
    },
    "mood_sad": {
        "all": {
            "not_sad": 0.768241107464,
            "sad": 0.231758892536
        },
        "probability": 0.768241107464,
        "value": "not_sad"
    },
    "moods_mirex": {
        "all": {
            "Cluster1": 0.214911654592,
            "Cluster2": 0.154994651675,
            "Cluster3": 0.405812144279,
            "Cluster4": 0.120909519494,
            "Cluster5": 0.103372037411
        },
        "probability": 0.405812144279,
        "value": "Cluster3"
    },
    "timbre": {
        "all": {
            "bright": 0.996981501579,
            "dark": 0.00301848398522
        },
        "probability": 0.996981501579,
        "value": "bright"
    },
    "tonal_atonal": {
        "all": {
            "atonal": 0.0617075413465,
            "tonal": 0.938292443752
        },
        "probability": 0.938292443752,
        "value": "tonal"
    },
    "voice_instrumental": {
        "all": {
            "instrumental": 0.000639122328721,
            "voice": 0.999360859394
        },
        "probability": 0.999360859394,
        "value": "voice"
    }
},
"lowlevel": {
    "average_loudness": 0.96236371994,
    "barkbands_crest": {
        "dmean": 2.14889788628,
        "dmean2": 3.5378177166,
        "dvar": 4.8024058342,
        "dvar2": 10.9440317154,
        "max": 21.3968296051,
        "mean": 7.94290447235,
        "median": 7.11677789688,
        "min": 3.07175707817,
        "var": 11.3586587906
    },
    "barkbands_flatness_db": {
        "dmean": 0.0165941622108,
        "dmean2": 0.0269896890968,
        "dvar": 0.000240739813307,
        "dvar2": 0.000593194912653,
        "max": 0.224928557873,
        "mean": 0.136425971985,
        "median": 0.135958597064,
        "min": 0.0629104375839,
        "var": 0.000704802863766
    },
    "barkbands_kurtosis": {
        "dmean": 0.904857933521,
        "dmean2": 1.45803165436,
        "dvar": 1.97879362106,
        "dvar2": 4.91789674759,
        "max": 14.1594829559,
        "mean": -0.178495571017,
        "median": -0.741302967072,
        "min": -1.83741343021,
        "var": 3.3461997509
    },
    "barkbands_skewness": {
        "dmean": 0.383960962296,
        "dmean2": 0.586317300797,
        "dvar": 0.154949471354,
        "dvar2": 0.340019702911,
        "max": 3.82151293755,
        "mean": 0.633332908154,
        "median": 0.548483967781,
        "min": -1.44189500809,
        "var": 0.535246014595
    },
    "barkbands_spread": {
        "dmean": 4.87597990036,
        "dmean2": 7.77460718155,
        "dvar": 25.43683815,
        "dvar2": 60.2289123535,
        "max": 85.8347244263,
        "mean": 30.7712135315,
        "median": 30.3574943542,
        "min": 8.14036464691,
        "var": 95.1695022583
    },
    "dissonance": {
        "dmean": 0.0126769663766,
        "dmean2": 0.0213508140296,
        "dvar": 0.000166801182786,
        "dvar2": 0.000453391927294,
        "max": 0.499475389719,
        "mean": 0.473065555096,
        "median": 0.477760046721,
        "min": 0.392449349165,
        "var": 0.000340659666108
    },
    "dynamic_complexity": 1.92610657215,
    "erbbands_crest": {
        "dmean": 2.29419565201,
        "dmean2": 3.6828751564,
        "dvar": 4.62408208847,
        "dvar2": 11.099319458,
        "max": 30.9165153503,
        "mean": 9.5607252121,
        "median": 8.555727005,
        "min": 2.71002554893,
        "var": 17.2650470734
    },
    "erbbands_flatness_db": {
        "dmean": 0.0162500105798,
        "dmean2": 0.0230660494417,
        "dvar": 0.000289873540169,
        "dvar2": 0.000485927361296,
        "max": 0.308877080679,
        "mean": 0.182711869478,
        "median": 0.18704007566,
        "min": 0.0846194699407,
        "var": 0.00130124739371
    },
    "erbbands_kurtosis": {
        "dmean": 0.816698014736,
        "dmean2": 1.26663422585,
        "dvar": 1.20141899586,
        "dvar2": 2.65429711342,
        "max": 18.011051178,
        "mean": 0.53444647789,
        "median": -0.0218822956085,
        "min": -1.70842373371,
        "var": 4.44297742844
    },
    "erbbands_skewness": {
        "dmean": 0.324087411165,
        "dmean2": 0.490382313728,
        "dvar": 0.0852208137512,
        "dvar2": 0.173479497433,
        "max": 1.81231939793,
        "mean": -0.614406943321,
        "median": -0.534110188484,
        "min": -4.12281990051,
        "var": 0.685801684856
    },
    "erbbands_spread": {
        "dmean": 5.56092166901,
        "dmean2": 8.50825023651,
        "dvar": 32.8438873291,
        "dvar2": 69.1187057495,
        "max": 76.3830566406,
        "mean": 31.6669635773,
        "median": 29.2952842712,
        "min": 9.21882247925,
        "var": 145.365982056
    },
    "hfc": {
        "dmean": 5.83410549164,
        "dmean2": 8.20078372955,
        "dvar": 49.3952980042,
        "dvar2": 93.9174423218,
        "max": 100.48084259,
        "mean": 24.308008194,
        "median": 22.193195343,
        "min": 2.04475879669,
        "var": 200.072677612
    },
    "melbands_crest": {
        "dmean": 2.953758955,
        "dmean2": 4.92005491257,
        "dvar": 7.62356472015,
        "dvar2": 19.0016422272,
        "max": 29.6113586426,
        "mean": 11.7299280167,
        "median": 11.0193796158,
        "min": 4.42125749588,
        "var": 18.2122974396
    },
    "melbands_flatness_db": {
        "dmean": 0.0197813939303,
        "dmean2": 0.0313703380525,
        "dvar": 0.00038419442717,
        "dvar2": 0.000916755641811,
        "max": 0.30488011241,
        "mean": 0.174427106977,
        "median": 0.174519151449,
        "min": 0.0408153422177,
        "var": 0.00135689973831
    },
    "melbands_kurtosis": {
        "dmean": 2.73806095123,
        "dmean2": 4.35132694244,
        "dvar": 19.7806091309,
        "dvar2": 47.7638626099,
        "max": 58.2651062012,
        "mean": 3.8408331871,
        "median": 1.88323307037,
        "min": -1.78462636471,
        "var": 37.1230812073
    },
    "melbands_skewness": {
        "dmean": 0.506986141205,
        "dmean2": 0.787727534771,
        "dvar": 0.298074692488,
        "dvar2": 0.664078593254,
        "max": 7.14840459824,
        "mean": 1.74630224705,
        "median": 1.57711625099,
        "min": -0.355667203665,
        "var": 1.09677505493
    },
    "melbands_spread": {
        "dmean": 8.70770835876,
        "dmean2": 13.4996900558,
        "dvar": 94.5503158569,
        "dvar2": 184.287612915,
        "max": 173.455169678,
        "mean": 39.2208251953,
        "median": 37.2103004456,
        "min": 6.12451457977,
        "var": 352.348052979
    },
    "pitch_salience": {
        "dmean": 0.0563009120524,
        "dmean2": 0.0910995081067,
        "dvar": 0.00252344785258,
        "dvar2": 0.00626476714388,
        "max": 0.808604478836,
        "mean": 0.557884573936,
        "median": 0.557978153229,
        "min": 0.232807427645,
        "var": 0.00826224405318
    },
    "silence_rate_20dB": {
        "dmean": 0,
        "dmean2": 0,
        "dvar": 0,
        "dvar2": 0,
        "max": 1,
        "mean": 1,
        "median": 1,
        "min": 1,
        "var": 0
    },
    "silence_rate_30dB": {
        "dmean": 0,
        "dmean2": 0,
        "dvar": 0,
        "dvar2": 0,
        "max": 1,
        "mean": 1,
        "median": 1,
        "min": 1,
        "var": 0
    },
    "silence_rate_60dB": {
        "dmean": 0.00154798757285,
        "dmean2": 0.00309837330133,
        "dvar": 0.00154558906797,
        "dvar2": 0.00463794870302,
        "max": 1,
        "mean": 0.00077339517884,
        "median": 0,
        "min": 0,
        "var": 0.00077279668767
    },
    "spectral_centroid": {
        "dmean": 219.28616333,
        "dmean2": 340.137023926,
        "dvar": 49803.4257812,
        "dvar2": 100360.539062,
        "max": 4160.02734375,
        "mean": 1899.84375,
        "median": 1908.12060547,
        "min": 661.088012695,
        "var": 226577.171875
    },
    "spectral_complexity": {
        "dmean": 3.50232195854,
        "dmean2": 5.27188205719,
        "dvar": 12.6648702621,
        "dvar2": 22.5015697479,
        "max": 48,
        "mean": 23.9806652069,
        "median": 24,
        "min": 5,
        "var": 42.2679290771
    },
    "spectral_decrease": {
        "dmean": 1.74600423009e-09,
        "dmean2": 2.59682830794e-09,
        "dvar": 5.48056331704e-18,
        "dvar2": 1.15124665006e-17,
        "max": -6.52842613302e-10,
        "mean": -5.69566571684e-09,
        "median": -4.84348428031e-09,
        "min": -2.25303491419e-08,
        "var": 1.10390495293e-17
    },
    "spectral_energy": {
        "dmean": 0.00698273768649,
        "dmean2": 0.010329884477,
        "dvar": 8.44694441184e-05,
        "dvar2": 0.000175792883965,
        "max": 0.091642126441,
        "mean": 0.0237015672028,
        "median": 0.0203503649682,
        "min": 0.00273288809694,
        "var": 0.000179374823347
    },
    "spectral_energyband_high": {
        "dmean": 0.000202470313525,
        "dmean2": 0.000260639324551,
        "dvar": 3.10381665258e-07,
        "dvar2": 3.75658942176e-07,
        "max": 0.0140315061435,
        "mean": 0.000440452276962,
        "median": 0.00018229764828,
        "min": 1.06596271507e-05,
        "var": 1.20388574487e-06
    },
    "spectral_energyband_low": {
        "dmean": 0.00299582001753,
        "dmean2": 0.00474540190771,
        "dvar": 3.43986939697e-05,
        "dvar2": 7.93597573647e-05,
        "max": 0.0686732232571,
        "mean": 0.00559931294993,
        "median": 0.00407934794202,
        "min": 5.63688445254e-05,
        "var": 4.1637718823e-05
    },
    "spectral_energyband_middle_high": {
        "dmean": 0.00204511312768,
        "dmean2": 0.00296911620535,
        "dvar": 5.82519078307e-06,
        "dvar2": 1.10323890112e-05,
        "max": 0.0391131825745,
        "mean": 0.00863262079656,
        "median": 0.00690010935068,
        "min": 0.000440893287305,
        "var": 3.73333095922e-05
    },
    "spectral_energyband_middle_low": {
        "dmean": 0.00407952768728,
        "dmean2": 0.00620523514226,
        "dvar": 4.88256628159e-05,
        "dvar2": 0.00010539975483,
        "max": 0.0734323635697,
        "mean": 0.00982344150543,
        "median": 0.00689695915207,
        "min": 0.000672077469062,
        "var": 8.65841793711e-05
    },
    "spectral_entropy": {
        "dmean": 0.109875567257,
        "dmean2": 0.164608761668,
        "dvar": 0.0134563669562,
        "dvar2": 0.0249535106122,
        "max": 8.49127388,
        "mean": 7.4710059166,
        "median": 7.43993902206,
        "min": 6.78996133804,
        "var": 0.0592504367232
    },
    "spectral_flux": {
        "dmean": 0.0218735281378,
        "dmean2": 0.0344644449651,
        "dvar": 0.00057014496997,
        "dvar2": 0.00134522281587,
        "max": 0.284130901098,
        "mean": 0.0790300741792,
        "median": 0.0707882940769,
        "min": 0.0179602969438,
        "var": 0.00137215550058
    },
    "spectral_kurtosis": {
        "dmean": 1.94396674633,
        "dmean2": 3.39799427986,
        "dvar": 3.10513067245,
        "dvar2": 9.55345726013,
        "max": 16.3101634979,
        "mean": 5.90579748154,
        "median": 5.59439849854,
        "min": -0.276059389114,
        "var": 5.12838315964
    },
    "spectral_rms": {
        "dmean": 0.000663283281028,
        "dmean2": 0.000966242514551,
        "dvar": 5.42706857232e-07,
        "dvar2": 1.05881190393e-06,
        "max": 0.0094555253163,
        "mean": 0.00464020809159,
        "median": 0.00445578433573,
        "min": 0.00163286016323,
        "var": 1.59198145866e-06
    },
    "spectral_rolloff": {
        "dmean": 423.580291748,
        "dmean2": 691.148132324,
        "dvar": 318670.65625,
        "dvar2": 647756.125,
        "max": 9216.2109375,
        "mean": 2212.37158203,
        "median": 2411.71875,
        "min": 129.19921875,
        "var": 943811.9375
    },
    "spectral_skewness": {
        "dmean": 0.231131896377,
        "dmean2": 0.394743978977,
        "dvar": 0.041907697916,
        "dvar2": 0.112770438194,
        "max": 3.21334838867,
        "mean": 1.41005074978,
        "median": 1.42728292942,
        "min": 0.275172680616,
        "var": 0.0978937372565
    },
    "spectral_spread": {
        "dmean": 363840.25,
        "dmean2": 551830.4375,
        "dvar": 273190289408,
        "dvar2": 492942065664,
        "max": 10156714,
        "mean": 3219204.25,
        "median": 2942537.25,
        "min": 1845516.625,
        "var": 802903228416
    },
    "spectral_strongpeak": {
        "dmean": 0.769549131393,
        "dmean2": 1.31915950775,
        "dvar": 1.39970755577,
        "dvar2": 3.41234731674,
        "max": 11.8094072342,
        "mean": 1.44469463825,
        "median": 0.561229288578,
        "min": 0.0371905192733,
        "var": 3.00232672691
    },
    "zerocrossingrate": {
        "dmean": 0.00734122563154,
        "dmean2": 0.0088677322492,
        "dvar": 7.38422677387e-05,
        "dvar2": 8.12025245978e-05,
        "max": 0.26318359375,
        "mean": 0.0692437961698,
        "median": 0.06640625,
        "min": 0.0185546875,
        "var": 0.000520714907907
    },
    "barkbands": {
        "dmean": [0.000156044421601, 0.00188071769662, 0.00118511018809, 0.000848937139381, 0.00228775665164, 0.000506000418682, 0.000484713091282, 0.000674014852848, 0.000745310157072, 0.000534494640306, 0.00058093102416, 0.000248703261605, 0.000250687269727, 0.000396190793253, 0.000338609592291, 0.000290344731184, 0.000619678699877, 0.000438088201918, 0.000402000674512, 0.00012613562285, 4.85599666717e-05, 4.81233364553e-05, 3.03149336105e-05, 2.74053873e-05, 2.05756077776e-05, 2.16819844354e-05, 2.63691157798e-09],
        "dmean2": [0.000233228536672, 0.00299646402709, 0.00204815343022, 0.00145784055348, 0.00360572058707, 0.000811786798295, 0.00075372151332, 0.000996681861579, 0.00114522501826, 0.000768174475525, 0.000880166946445, 0.00037778323167, 0.000402142788516, 0.000636091572233, 0.000525859475601, 0.000466317433165, 0.000985404592939, 0.000693417154253, 0.000635184696876, 0.00019345722103, 7.01741155353e-05, 6.72517198836e-05, 4.07779334637e-05, 3.981658665e-05, 2.91604937956e-05, 3.27987581841e-05, 4.5912424973e-09],
        "dvar": [2.53151171137e-07, 2.63566544163e-05, 2.98808549815e-06, 1.25763745018e-06, 2.46128784056e-05, 8.79563913259e-07, 3.45382341038e-06, 8.30609678815e-06, 3.78204686058e-06, 1.6811856085e-06, 1.19964533951e-06, 6.5330129928e-07, 4.44132069788e-07, 5.1085493169e-07, 3.45535084989e-07, 1.60043455821e-07, 6.3558900365e-07, 5.77138109747e-07, 2.38555514898e-07, 3.6238681389e-08, 1.78333969814e-08, 2.87152559508e-08, 1.49562779939e-08, 1.70278422473e-08, 4.27171409356e-09, 4.3022838625e-09, 1.98600056434e-16],
        "dvar2": [5.02954208059e-07, 6.37367993477e-05, 8.35306491354e-06, 3.41714553542e-06, 5.48229072592e-05, 2.11180440601e-06, 8.90977480594e-06, 1.81407176569e-05, 7.95907544671e-06, 2.96716962112e-06, 2.85653823084e-06, 1.35749837682e-06, 1.03078480151e-06, 1.27727582822e-06, 8.37367565509e-07, 3.53422137778e-07, 1.48665105826e-06, 1.47616867707e-06, 5.6280384797e-07, 8.31922051248e-08, 3.07109928599e-08, 4.23960209162e-08, 1.61240567564e-08, 2.79134102499e-08, 7.15235293214e-09, 1.01958050891e-08, 4.01789840302e-16],
        "max": [0.00561832403764, 0.0611714944243, 0.0208058767021, 0.0121191758662, 0.047519274056, 0.01351721026, 0.0492607429624, 0.0549745857716, 0.0363505370915, 0.0273950919509, 0.016532804817, 0.0195674598217, 0.0129964025691, 0.00956846866757, 0.00852931477129, 0.00565511966124, 0.016443355009, 0.010027250275, 0.00715311290696, 0.00260490435176, 0.00371352350339, 0.00496858498082, 0.00371297076344, 0.00320825562812, 0.00134520011488, 0.000617695914116, 3.19842996532e-07],
        "mean": [0.000164711207617, 0.00277590798214, 0.00202821707353, 0.00137512059882, 0.00356297078542, 0.000951342226472, 0.000812183017842, 0.00106166291516, 0.00167415628675, 0.00107951834798, 0.00126883655321, 0.0003858639393, 0.000412986526499, 0.000816694344394, 0.000678888172843, 0.000604547210969, 0.00152564118616, 0.000926319858991, 0.000939172459766, 0.000307834765408, 8.91045056051e-05, 9.20504535316e-05, 5.92047799728e-05, 5.1160059229e-05, 3.52965107595e-05, 2.21962127398e-05, 1.91782389969e-09],
        "median": [1.47954942804e-05, 0.00160582363605, 0.00149110658094, 0.00100137514528, 0.00207879720256, 0.000560259155463, 0.000437863258412, 0.000189745449461, 0.000401419325499, 0.000213053848711, 0.000323526997818, 0.000132244866109, 0.000166984624229, 0.000265971641056, 0.000370980764274, 0.00039677132736, 0.00113180838525, 0.000634078809526, 0.000694456684869, 0.000172370971995, 3.5865989048e-05, 3.6336867197e-05, 1.47572936839e-05, 1.11188810479e-05, 1.02099102151e-05, 2.60325236923e-06, 3.54947654602e-10],
        "min": [3.77515050332e-08, 8.49816206028e-06, 3.93015579903e-06, 1.62117776199e-05, 5.84963891015e-05, 2.09618028748e-05, 7.46738032831e-06, 2.30512978305e-06, 8.92287334864e-06, 8.32798195916e-06, 1.21658558783e-05, 7.05708134774e-06, 6.71392581353e-06, 6.45987711323e-06, 1.02784824776e-05, 7.87584031059e-06, 2.77741291939e-05, 8.64061621542e-06, 1.92497755052e-05, 7.39714369047e-06, 1.88832223103e-06, 1.6766026647e-06, 3.70925761217e-07, 4.93541051583e-07, 2.95383841831e-07, 1.32011050979e-08, 7.75863834984e-12],
        "var": [3.05912578824e-07, 2.55848681263e-05, 4.14120358982e-06, 1.87939883745e-06, 2.89493254968e-05, 1.2844820958e-06, 3.30788020619e-06, 1.13853511721e-05, 1.84749587788e-05, 7.37760183256e-06, 4.71463363283e-06, 1.1820028476e-06, 8.05609317922e-07, 1.44784803524e-06, 7.53061101477e-07, 3.97122818185e-07, 2.40142662733e-06, 1.02271917513e-06, 6.70144004289e-07, 1.21130597108e-07, 4.6435964407e-08, 9.16854645538e-08, 5.69917766313e-08, 5.17386915533e-08, 1.07332995825e-08, 4.4078594108e-09, 1.51711938834e-16]
    },
    "erbbands": {
        "dmean": [0.0593467690051, 0.413239985704, 1.22922945023, 1.9781113863, 6.99988603592, 6.8680138588, 5.18664836884, 4.18692493439, 5.33399629593, 11.301076889, 14.0046443939, 14.5271606445, 18.8920688629, 15.3397607803, 20.8081626892, 10.0651731491, 10.7316875458, 17.5451869965, 20.2329597473, 13.7887687683, 16.5824298859, 35.1525421143, 24.0535697937, 23.0031299591, 15.0166692734, 5.87191343307, 2.26938486099, 1.82325637341, 1.88539528847, 1.18235051632, 0.835144877434, 0.595475316048, 0.49305459857, 0.275086373091, 0.129486963153, 0.0839913934469, 0.0456025674939, 0.00436293054372, 7.82936840551e-05, 1.08438598545e-05],
        "dmean2": [0.0960832834244, 0.682183861732, 2.1053841114, 3.34416747093, 11.1102151871, 10.8708410263, 8.20087337494, 6.69568824768, 8.48047828674, 16.6032314301, 20.8083057404, 22.2166290283, 27.7270927429, 21.5718765259, 32.093120575, 15.2394247055, 16.7783050537, 27.4243621826, 31.6880378723, 21.7700767517, 27.029460907, 55.6396560669, 37.1768074036, 36.6749343872, 22.4934616089, 8.9629535675, 3.47676634789, 2.55309081078, 2.69141387939, 1.66195189953, 1.12068843842, 0.826480686665, 0.707705795765, 0.389904290438, 0.194735214114, 0.123346120119, 0.0710936710238, 0.00702659832314, 0.00012336288637, 1.55568959599e-05],
        "dvar": [0.047760438174, 0.953967690468, 3.76379132271, 6.14499855042, 268.303924561, 190.003112793, 104.272109985, 78.7999801636, 394.515014648, 1183.0435791, 3882.75244141, 1945.9876709, 1326.15148926, 2031.75695801, 1494.03015137, 1024.65478516, 679.565429688, 1229.05578613, 1562.58898926, 411.291809082, 398.240539551, 2373.80395508, 1865.33862305, 924.812194824, 467.903167725, 70.7687911987, 25.2107887268, 38.8169593811, 45.5982246399, 18.8015956879, 12.3706769943, 6.82670545578, 6.0246796608, 1.23928785324, 0.117461152375, 0.0568551681936, 0.0197072271258, 0.000225637573749, 6.50573852568e-08, 2.93997826084e-10],
        "dvar2": [0.116157822311, 2.39028692245, 10.1042490005, 16.9614086151, 598.424438477, 470.410186768, 241.726669312, 186.535842896, 1039.74853516, 2251.84887695, 8860.56445312, 4219.62841797, 2769.86669922, 3315.32080078, 4066.53125, 2087.56201172, 1593.0267334, 2921.42089844, 3855.83349609, 916.301635742, 947.461853027, 5241.79052734, 4789.50244141, 2382.35986328, 1008.12005615, 157.078308105, 49.6808204651, 68.0650405884, 71.7671203613, 27.509262085, 12.869143486, 10.803396225, 10.2436285019, 2.02179861069, 0.264622181654, 0.134265333414, 0.046733379364, 0.000561981636565, 1.60179865816e-07, 6.39675146186e-10],
        "max": [2.92552566528, 10.6689291, 24.1279315948, 39.7644195557, 170.57194519, 166.089370728, 153.241821289, 127.340614319, 497.069671631, 948.862243652, 1191.62402344, 917.468444824, 729.787902832, 1190.36816406, 669.349243164, 734.329345703, 497.589691162, 550.639770508, 613.130493164, 345.08895874, 210.535598755, 1133.80859375, 724.121948242, 374.101867676, 343.461975098, 137.438796997, 88.0242996216, 195.344558716, 185.668395996, 126.233345032, 109.873558044, 64.4450073242, 57.7778701782, 25.0479278564, 5.28186130524, 2.39978027344, 1.35030865669, 0.170052677393, 0.00282260030508, 0.000172003463376],
        "mean": [0.0676405504346, 0.66498196125, 2.24063062668, 3.71853208542, 9.50341033936, 11.0996828079, 8.51872444153, 8.05335712433, 9.47888469696, 20.7478466034, 22.8571186066, 31.9820728302, 43.6261787415, 34.7359733582, 47.3801345825, 19.4915466309, 19.8975639343, 36.9704208374, 44.8518562317, 30.8464775085, 39.9034538269, 88.5059127808, 56.0936470032, 51.9783744812, 36.4409179688, 15.2663936615, 4.70322370529, 3.3334145546, 3.49219799042, 2.34238290787, 1.60046374798, 1.07310819626, 0.875404059887, 0.482176035643, 0.205211341381, 0.101971901953, 0.0423343256116, 0.00369735248387, 8.23504014988e-05, 3.27326597471e-05],
        "median": [0.0228034853935, 0.424809664488, 1.55935955048, 2.76616358757, 4.9186167717, 6.17975711823, 4.77725839615, 4.48934984207, 5.32930231094, 7.61102437973, 4.52978229523, 10.3272256851, 10.7963037491, 6.46805000305, 14.1939029694, 7.09739732742, 8.56538105011, 12.6244888306, 17.3057556152, 22.85779953, 30.3858528137, 61.8713378906, 38.9408874512, 39.1693840027, 24.7355861664, 9.47791957855, 2.39672613144, 1.3464859724, 1.42766010761, 0.715886116028, 0.36126601696, 0.24882760644, 0.181418657303, 0.12440828979, 0.0626443699002, 0.0189554877579, 0.00313977571204, 0.000140051080962, 1.91966573766e-05, 2.69182255579e-05],
        "min": [0.000285609712591, 0.00167347071692, 0.0156149975955, 0.105741374195, 0.221662327647, 0.197544470429, 0.262594252825, 0.239815667272, 0.184686392546, 0.197673216462, 0.235096156597, 0.22389292717, 0.435236513615, 0.349529355764, 0.675301969051, 0.686159968376, 0.300036728382, 0.474341273308, 0.589913904667, 1.12391483784, 1.79503726959, 1.56977796555, 0.700331270695, 1.16060018539, 0.970119714737, 0.407792210579, 0.10323484242, 0.0680497959256, 0.0682970806956, 0.0365341119468, 0.0140863535926, 0.0119324829429, 0.00925532542169, 0.00447275722399, 0.00158799940255, 0.00058388634352, 5.17751614098e-05, 4.23218443757e-06, 3.47690456692e-06, 3.64080347026e-06],
        "var": [0.0417741201818, 0.937244236469, 5.12020730972, 11.3387231827, 297.246704102, 224.842956543, 143.284057617, 117.276039124, 344.871154785, 2165.97436523, 5983.13525391, 6871.00927734, 6302.66064453, 10489.1982422, 4810.91894531, 2188.51660156, 1362.60803223, 3249.65942383, 4382.57275391, 1031.87451172, 970.24420166, 10076.2177734, 3635.97949219, 2169.24511719, 1235.48718262, 269.689971924, 62.3429336548, 93.5782470703, 132.375183105, 63.7448997498, 46.9625740051, 21.3405036926, 16.4175357819, 3.34753394127, 0.197519078851, 0.0660137310624, 0.0191225800663, 0.000193168598344, 5.83301833501e-08, 4.95898433428e-10]
    },
    "gfcc": {
        "mean": [8.93191623688, 105.59312439, -143.874511719, 45.472946167, -41.1392784119, 5.15454673767, -42.3923301697, 19.2006759644, -28.9696559906, -7.01839780807, -16.1985015869, -2.48199009895, -9.67782115936],
        "cov": [[1323.72424316, -551.873718262, 165.9112854, -232.652603149, -176.925125122, 153.794555664, 26.8080558777, -17.1919326782, -102.967323303, 102.081932068, -90.8772277832, 4.90682697296, -171.288909912], [-551.873718262, 622.969848633, -261.579406738, 36.5256080627, 145.321533203, -114.940864563, 70.1286621094, 20.2326984406, 103.274238586, -111.805725098, 109.235694885, -75.5413360596, 98.6156234741], [165.9112854, -261.579406738, 414.863189697, 20.4680538177, -39.6729316711, -0.875294685364, -115.276870728, -3.458974123, -35.9330406189, 72.3087692261, -108.005844116, 96.303565979, -61.5855674744], [-232.652603149, 36.5256080627, 20.4680538177, 224.313995361, 53.8581352234, -76.9348220825, -36.5519676208, -7.03587198257, 33.6413459778, -3.52378749847, 15.6038255692, 17.7675094604, 46.6398696899], [-176.925125122, 145.321533203, -39.6729316711, 53.8581352234, 181.040908813, -35.5781326294, 37.7612762451, 12.5928630829, -6.4251947403, 0.469548046589, 12.6270561218, 28.9345817566, 21.6104259491], [153.794555664, -114.940864563, -0.875294685364, -76.9348220825, -35.5781326294, 234.067825317, 84.2124404907, -19.3771343231, -45.0378456116, 4.29470348358, 15.8112440109, -25.9134483337, -9.83100509644], [26.8080558777, 70.1286621094, -115.276870728, -36.5519676208, 37.7612762451, 84.2124404907, 156.884841919, 37.6026000977, -9.86994838715, -21.6683349609, 42.5738105774, -27.5367622375, 1.8209028244], [-17.1919326782, 20.2326984406, -3.458974123, -7.03587198257, 12.5928630829, -19.3771343231, 37.6026000977, 110.354232788, 44.3489723206, -1.17396998405, 0.33285087347, -13.6869802475, -4.57922840118], [-102.967323303, 103.274238586, -35.9330406189, 33.6413459778, -6.4251947403, -45.0378456116, -9.86994838715, 44.3489723206, 120.681159973, -7.64373588562, 12.9555435181, -26.0730419159, 20.820898056], [102.081932068, -111.805725098, 72.3087692261, -3.52378749847, 0.469548046589, 4.29470348358, -21.6683349609, -1.17396998405, -7.64373588562, 98.9603118896, -8.17961788177, 26.4690093994, -24.4954738617], [-90.8772277832, 109.235694885, -108.005844116, 15.6038255692, 12.6270561218, 15.8112440109, 42.5738105774, 0.33285087347, 12.9555435181, -8.17961788177, 102.008659363, -14.7401742935, 17.3528423309], [4.90682697296, -75.5413360596, 96.303565979, 17.7675094604, 28.9345817566, -25.9134483337, -27.5367622375, -13.6869802475, -26.0730419159, 26.4690093994, -14.7401742935, 112.206390381, -3.61503148079], [-171.288909912, 98.6156234741, -61.5855674744, 46.6398696899, 21.6104259491, -9.83100509644, 1.8209028244, -4.57922840118, 20.820898056, -24.4954738617, 17.3528423309, -3.61503148079, 81.7231750488]],
        "icov": [[0.00181865750346, 0.00191438617185, -0.000311271141982, 0.00161500438116, -0.000168340688106, 0.00093227007892, -0.0015185715165, 0.00119524553884, -0.000744474760722, 7.99834160716e-05, -0.000410910113715, 0.00103732047137, 0.000949741166551], [0.00191438617185, 0.0103099420667, -0.00256116199307, 0.00606059189886, -0.00701507041231, 0.00660483585671, -0.00469888187945, 0.0055373320356, -0.00634143035859, 0.00627913931385, -0.00800381600857, 0.00677688093856, -0.00525588868186], [-0.000311271141982, -0.00256116199307, 0.00751341599971, -0.00349505292252, 0.00272661726922, -0.00439866725355, 0.00530641805381, -0.00402042688802, 0.00239584455267, -0.00321633298881, 0.00676030898467, -0.00614121509716, 0.00521957175806], [0.00161500438116, 0.00606059189886, -0.00349505292252, 0.0105590736493, -0.00550467474386, 0.0057724439539, -0.00310308951885, 0.00477147800848, -0.00488339876756, 0.0035029379651, -0.00664332415909, 0.00487746018916, -0.00618126150221], [-0.000168340688106, -0.00701507041231, 0.00272661726922, -0.00550467474386, 0.0133215049282, -0.00320221739821, -0.000311950774631, -0.00412135478109, 0.0058292071335, -0.00604239385575, 0.00714386627078, -0.00708915246651, 0.00404994888231], [0.00093227007892, 0.00660483585671, -0.00439866725355, 0.0057724439539, -0.00320221739821, 0.0124682281166, -0.00910084787756, 0.00667907251045, -0.00296972179785, 0.0032814044971, -0.00683686742559, 0.00699149770662, -0.00620037456974], [-0.0015185715165, -0.00469888187945, 0.00530641805381, -0.00310308951885, -0.000311950774631, -0.00910084787756, 0.0180701334029, -0.00941779091954, 0.00480700749904, -0.000778423505835, 0.00169244315475, -0.00423374585807, 0.00430976878852], [0.00119524553884, 0.0055373320356, -0.00402042688802, 0.00477147800848, -0.00412135478109, 0.00667907251045, -0.00941779091954, 0.0174579843879, -0.00892577040941, 0.00288425199687, -0.00390257243998, 0.00544212711975, -0.00264024827629], [-0.000744474760722, -0.00634143035859, 0.00239584455267, -0.00488339876756, 0.0058292071335, -0.00296972179785, 0.00480700749904, -0.00892577040941, 0.0165685061365, -0.0047097671777, 0.00412407889962, -0.00206421827897, 0.00157844170462], [7.99834160716e-05, 0.00627913931385, -0.00321633298881, 0.0035029379651, -0.00604239385575, 0.0032814044971, -0.000778423505835, 0.00288425199687, -0.0047097671777, 0.0172420758754, -0.00739251123741, 0.00272191874683, -0.00160271127243], [-0.000410910113715, -0.00800381600857, 0.00676030898467, -0.00664332415909, 0.00714386627078, -0.00683686742559, 0.00169244315475, -0.00390257243998, 0.00412407889962, -0.00739251123741, 0.0223437026143, -0.00776022439823, 0.00636074272916], [0.00103732047137, 0.00677688093856, -0.00614121509716, 0.00487746018916, -0.00708915246651, 0.00699149770662, -0.00423374585807, 0.00544212711975, -0.00206421827897, 0.00272191874683, -0.00776022439823, 0.0186451338232, -0.00648577185348], [0.000949741166551, -0.00525588868186, 0.00521957175806, -0.00618126150221, 0.00404994888231, -0.00620037456974, 0.00430976878852, -0.00264024827629, 0.00157844170462, -0.00160271127243, 0.00636074272916, -0.00648577185348, 0.0234495829791]]
    },
    "melbands": {
        "dmean": [0.000514473649673, 0.000583403278142, 0.000443434430053, 0.000538506021257, 0.000200928290724, 9.48839078774e-05, 8.44540409162e-05, 0.000130832762807, 0.000112962552521, 9.84899379546e-05, 9.77948366199e-05, 6.46030384814e-05, 7.54555658204e-05, 3.25672735926e-05, 3.09919741994e-05, 2.2511181669e-05, 3.68370383512e-05, 3.81173013011e-05, 1.89061647689e-05, 1.98105826712e-05, 2.1932331947e-05, 4.25532125519e-05, 2.83858644252e-05, 2.09942791116e-05, 2.06958884519e-05, 1.42453200169e-05, 8.16164538264e-06, 3.5225823467e-06, 1.59635953878e-06, 1.19060007364e-06, 1.07811706584e-06, 1.14534975637e-06, 9.38191249134e-07, 6.15694887074e-07, 5.24595577645e-07, 4.37198423242e-07, 3.64841127976e-07, 3.63856798913e-07, 3.20350977745e-07, 2.21596991423e-07],
        "dmean2": [0.000814225466456, 0.000981551711448, 0.000729068939108, 0.000859120918903, 0.000309850875055, 0.000151322266902, 0.00013340091391, 0.000190417165868, 0.000167422302184, 0.000153150511323, 0.000142513483297, 8.95169869182e-05, 0.000116430135677, 4.84981792397e-05, 4.87179386255e-05, 3.71256210201e-05, 5.67474780837e-05, 5.89873488934e-05, 3.04734494421e-05, 3.0992210668e-05, 3.60922022082e-05, 6.70191366225e-05, 4.5541619329e-05, 3.29007234541e-05, 3.32780582539e-05, 2.23193346756e-05, 1.24120515466e-05, 5.43739679415e-06, 2.44759758061e-06, 1.77177378191e-06, 1.54167901201e-06, 1.69275722328e-06, 1.39853500514e-06, 8.78919252045e-07, 7.17023453944e-07, 6.30345084573e-07, 5.22737593656e-07, 5.32330318492e-07, 4.70713274581e-07, 3.25020721448e-07],
        "dvar": [2.64657865046e-06, 9.96266066977e-07, 4.10968340248e-07, 1.59299031566e-06, 1.25382854321e-07, 3.61596654841e-08, 1.13378924027e-07, 1.95620174281e-07, 2.29096229987e-07, 8.34048847764e-08, 3.58515030996e-08, 3.77856217426e-08, 1.95655776025e-08, 1.22058541052e-08, 7.06666547501e-09, 2.83517254118e-09, 5.7308935375e-09, 5.96602989233e-09, 9.15430453663e-10, 9.29235632885e-10, 6.8177335999e-10, 3.63701291306e-09, 2.38419883836e-09, 1.50948453737e-09, 7.41224359668e-10, 3.90347226764e-10, 1.60115795622e-10, 2.72594186806e-11, 1.12932909552e-11, 1.35925437572e-11, 1.14447487945e-11, 1.5833242703e-11, 1.24640445534e-11, 4.8179637363e-12, 4.48889753493e-12, 4.26599120612e-12, 2.5938873445e-12, 3.05287999741e-12, 2.61816523323e-12, 6.32113068486e-13],
        "dvar2": [6.3932352532e-06, 2.51687879427e-06, 9.88133933788e-07, 3.61362617696e-06, 2.8787300721e-07, 8.45259222615e-08, 3.03263817614e-07, 3.87087339959e-07, 5.23529479324e-07, 1.75677882908e-07, 7.3595622041e-08, 6.16196871306e-08, 4.96220131652e-08, 2.86420966944e-08, 1.53784078805e-08, 7.25076798602e-09, 1.3752566197e-08, 1.4656297509e-08, 2.15851669871e-09, 1.9367474291e-09, 1.72029146484e-09, 7.7690742728e-09, 5.92793059084e-09, 3.76841091665e-09, 1.95294869165e-09, 8.93656149081e-10, 3.33758520821e-10, 6.24785917447e-11, 2.40690106734e-11, 2.61491887171e-11, 1.90011582857e-11, 2.43528721494e-11, 2.36535183801e-11, 7.10908892518e-12, 5.00956958208e-12, 6.46051268038e-12, 4.75824935009e-12, 5.02299634178e-12, 5.17365143782e-12, 1.03313440702e-12],
        "max": [0.0213030595332, 0.0125663615763, 0.00678604189306, 0.0123233934864, 0.00461658695713, 0.00283385626972, 0.00876224320382, 0.0122154951096, 0.00783258304, 0.00550643866882, 0.00357242138125, 0.00501946499571, 0.00209044036455, 0.00282864482142, 0.00178025674541, 0.00115648040082, 0.00123725435697, 0.00111948640551, 0.00039748949348, 0.000424880650826, 0.000287892122287, 0.00149037665688, 0.000843705609441, 0.000635124975815, 0.000339166232152, 0.000307038455503, 0.00019590446027, 7.68935133237e-05, 6.31301882095e-05, 0.000108559550426, 0.000101497884316, 0.00010856029985, 9.87067469396e-05, 5.68908544665e-05, 6.89598164172e-05, 5.35755825695e-05, 4.48367427452e-05, 4.19477546529e-05, 3.89441047446e-05, 1.95161155716e-05],
        "mean": [0.000687867868692, 0.00110811309423, 0.000813295715488, 0.00078518706141, 0.000352210860001, 0.000184983480722, 0.000149134284584, 0.000229792218306, 0.00018679475761, 0.00022434881248, 0.000218681831029, 0.00013392274559, 0.000171296152985, 5.56368795515e-05, 5.63813737244e-05, 3.85143357562e-05, 7.15666101314e-05, 7.6428608736e-05, 4.06572398788e-05, 4.09118147218e-05, 4.47272213933e-05, 0.000101020144939, 6.20758219156e-05, 4.2635067075e-05, 4.25161379098e-05, 3.11930743919e-05, 1.93947053049e-05, 7.79542824603e-06, 2.92423260362e-06, 2.00453291654e-06, 1.89138825135e-06, 2.06747859011e-06, 1.62127446401e-06, 1.18067669064e-06, 9.43788108998e-07, 7.52524101699e-07, 6.28952932402e-07, 6.26277824267e-07, 5.31456180397e-07, 3.68678797713e-07],
        "median": [0.000338301848387, 0.000796312000602, 0.000582469569054, 0.000436676084064, 0.000200595954084, 0.000105255276139, 8.24485468911e-05, 7.44102799217e-05, 3.12779739033e-05, 6.19858255959e-05, 4.80932212668e-05, 1.90562095668e-05, 4.52796230093e-05, 2.25090971071e-05, 1.97621739062e-05, 1.64957345987e-05, 2.30871501117e-05, 2.62032535829e-05, 2.56305083894e-05, 2.64222107944e-05, 3.34734431817e-05, 6.59463767079e-05, 4.18597264797e-05, 2.72590368695e-05, 2.97064580081e-05, 2.27731379709e-05, 1.08043486762e-05, 4.46730791737e-06, 1.38415373385e-06, 7.51660763854e-07, 7.53976394208e-07, 8.49179741635e-07, 5.55647318379e-07, 3.36265571832e-07, 2.19066038198e-07, 1.50317859493e-07, 1.43799397279e-07, 1.23962138332e-07, 1.13152403003e-07, 9.98986706691e-08],
        "min": [2.34228173213e-06, 5.04354193254e-06, 2.39062173932e-05, 1.00827537608e-05, 5.67221741221e-06, 3.95800134356e-06, 2.13592056753e-06, 1.34832635013e-06, 4.41658073669e-07, 1.24803500512e-06, 1.56573446475e-06, 1.12175860068e-06, 1.75832951754e-06, 1.74364777195e-06, 7.31799673304e-07, 6.79563186168e-07, 5.48814568901e-07, 9.25584572542e-07, 1.06592221982e-06, 1.21110770124e-06, 1.90599553207e-06, 1.59441015057e-06, 7.7544098076e-07, 3.72854117359e-07, 9.65224671745e-07, 6.80811979237e-07, 4.18212721343e-07, 1.98279806796e-07, 5.7382251839e-08, 4.25207922206e-08, 3.306284313e-08, 3.3128717547e-08, 2.50722749229e-08, 1.62443321017e-08, 1.57766799624e-09, 8.29842861094e-09, 2.96208435557e-09, 4.32495106395e-09, 5.42363842726e-09, 3.02933833574e-09],
