{
"highlevel": {
    "danceability": {
        "all": {
            "danceable": 0.0157407801598,
            "not_danceable": 0.98425924778
        },
        "probability": 0.98425924778,
        "value": "not_danceable"
    },
    "gender": {
        "all": {
            "female": 0.622126638889,
            "male": 0.377873361111
        },
        "probability": 0.622126638889,
        "value": "female"
    },
    "genre_dortmund": {
        "all": {
            "alternative": 0.0182483457029,
            "blues": 0.0914442762733,
            "electronic": 0.00183882680722,
            "folkcountry": 0.837067127228,
            "funksoulrnb": 0.001264122664,
            "jazz": 0.0192533396184,
            "pop": 0.0239277072251,
            "raphiphop": 0.00062530557625,
            "rock": 0.00633091665804
        },
        "probability": 0.837067127228,
        "value": "folkcountry"
    },
    "genre_electronic": {
        "all": {
            "ambient": 0.939277946949,
            "dnb": 0.0121181700379,
            "house": 0.016584534198,
            "techno": 0.00550023512915,
            "trance": 0.026519106701
        },
        "probability": 0.939277946949,
        "value": "ambient"
    },
    "genre_rosamerica": {
        "all": {
            "cla": 0.731098890305,
            "dan": 0.0077827940695,
            "hip": 0.016872221604,
            "jaz": 0.0609989911318,
            "pop": 0.0271211545914,
            "rhy": 0.10244782269,
            "roc": 0.0120284892619,
            "spe": 0.0416496545076
        },
        "probability": 0.731098890305,
        "value": "cla"
    },
    "genre_tzanetakis": {
        "all": {
            "blu": 0.0626541376114,
            "cla": 0.0348133966327,
            "cou": 0.0783501937985,
            "dis": 0.104547761381,
            "hip": 0.15693578124,
            "jaz": 0.313987255096,
            "met": 0.044816005975,
            "pop": 0.0627349764109,
            "reg": 0.0627352520823,
            "roc": 0.0784252434969
        },
        "probability": 0.313987255096,
        "value": "jaz"
    },
    "ismir04_rhythm": {
        "all": {
            "ChaChaCha": 0.0328470617533,
            "Jive": 0.0669614225626,
            "Quickstep": 0.0309149995446,
            "Rumba-American": 0.034261379391,
            "Rumba-International": 0.149534121156,
            "Rumba-Misc": 0.0277006868273,
            "Samba": 0.0248861834407,
            "Tango": 0.0428899787366,
            "VienneseWaltz": 0.448803156614,
            "Waltz": 0.141201019287
        },
        "probability": 0.448803156614,
        "value": "VienneseWaltz"
    },
    "mood_acoustic": {
        "all": {
            "acoustic": 0.29577127099,
            "not_acoustic": 0.704228758812
        },
        "probability": 0.704228758812,
        "value": "not_acoustic"
    },
    "mood_aggressive": {
        "all": {
            "aggressive": 5.52968153038e-13,
            "not_aggressive": 1
        },
        "probability": 1,
        "value": "not_aggressive"
    },
    "mood_electronic": {
        "all": {
            "electronic": 0.364375829697,
            "not_electronic": 0.635624170303
        },
        "probability": 0.635624170303,
        "value": "not_electronic"
    },
    "mood_happy": {
        "all": {
            "happy": 0.861008644104,
            "not_happy": 0.138991340995
        },
        "probability": 0.861008644104,
        "value": "happy"
    },
    "mood_party": {
        "all": {
            "not_party": 1.81835039257e-05,
            "party": 0.999981820583
        },
        "probability": 0.999981820583,
        "value": "party"
    },
    "mood_relaxed": {
        "all": {
            "not_relaxed": 0.47288954258,
            "relaxed": 0.52711045742
        },
        "probability": 0.52711045742,
        "value": "relaxed"
    },
    "mood_sad": {
        "all": {
            "not_sad": 0.0548417009413,
            "sad": 0.945158302784
        },
        "probability": 0.945158302784,
        "value": "sad"
    },
    "moods_mirex": {
        "all": {
            "Cluster1": 0.0724231898785,
            "Cluster2": 0.0488367564976,
            "Cluster3": 0.218010887504,
            "Cluster4": 0.0383222363889,
            "Cluster5": 0.622406899929
        },
        "probability": 0.622406899929,
        "value": "Cluster5"
    },
    "timbre": {
        "all": {
            "bright": 1,
            "dark": 1.1961471813e-08
        },
        "probability": 1,
        "value": "bright"
    },
    "tonal_atonal": {
        "all": {
            "atonal": 0.00407485803589,
            "tonal": 0.99592512846
        },
        "probability": 0.99592512846,
        "value": "tonal"
    },
    "voice_instrumental": {
        "all": {
            "instrumental": 0.0588580034673,
            "voice": 0.94114202261
        },
        "probability": 0.94114202261,
        "value": "voice"
    }
},
"lowlevel": {
    "average_loudness": 0.857868909836,
    "barkbands_crest": {
        "dmean": 1.90603911877,
        "dmean2": 2.85841441154,
        "dvar": 4.6258187294,
        "dvar2": 9.82316970825,
        "max": 25.358915329,
        "mean": 11.7527723312,
        "median": 10.4906177521,
        "min": 2.86812615395,
        "var": 30.7872047424
    },
    "barkbands_flatness_db": {
        "dmean": 0.0188636891544,
        "dmean2": 0.0260210130364,
        "dvar": 0.000367557426216,
        "dvar2": 0.000590636511333,
        "max": 0.319240659475,
        "mean": 0.181282892823,
        "median": 0.185659736395,
        "min": 0.0594440586865,
        "var": 0.00336330127902
    },
    "barkbands_kurtosis": {
        "dmean": 1.44892764091,
        "dmean2": 2.1042714119,
        "dvar": 5.63066959381,
        "dvar2": 10.9972839355,
        "max": 49.20079422,
        "mean": 2.13007640839,
        "median": 0.931957244873,
        "min": -1.84547615051,
        "var": 19.0576591492
    },
    "barkbands_skewness": {
        "dmean": 0.362380772829,
        "dmean2": 0.504116952419,
        "dvar": 0.167265728116,
        "dvar2": 0.305255711079,
        "max": 6.21164655685,
        "mean": 0.453884899616,
        "median": 0.413044422865,
        "min": -3.43425583839,
        "var": 2.22707033157
    },
    "barkbands_spread": {
        "dmean": 3.7794008255,
        "dmean2": 5.33178186417,
        "dvar": 32.1091461182,
        "dvar2": 58.6513900757,
        "max": 76.2092208862,
        "mean": 18.4872589111,
        "median": 15.922492981,
        "min": 1.79672133923,
        "var": 137.132705688
    },
    "dissonance": {
        "dmean": 0.02050232701,
        "dmean2": 0.0337513573468,
        "dvar": 0.000582159380428,
        "dvar2": 0.00145921786316,
        "max": 0.499796777964,
        "mean": 0.450246572495,
        "median": 0.469422131777,
        "min": 0.243065267801,
        "var": 0.00234841485508
    },
    "dynamic_complexity": 3.44845247269,
    "erbbands_crest": {
        "dmean": 2.27644610405,
        "dmean2": 3.42215251923,
        "dvar": 6.49950361252,
        "dvar2": 13.5223846436,
        "max": 31.1720561981,
        "mean": 14.0560483932,
        "median": 11.85222435,
        "min": 2.743891716,
        "var": 55.1678619385
    },
    "erbbands_flatness_db": {
        "dmean": 0.017432872206,
        "dmean2": 0.0233942493796,
        "dvar": 0.000385287188692,
        "dvar2": 0.000585556495935,
        "max": 0.368332356215,
        "mean": 0.232131406665,
        "median": 0.233298391104,
        "min": 0.102337196469,
        "var": 0.00327008683234
    },
    "erbbands_kurtosis": {
        "dmean": 0.800612390041,
        "dmean2": 1.15587794781,
        "dvar": 1.04800570011,
        "dvar2": 2.04755401611,
        "max": 13.6031208038,
        "mean": 1.01972615719,
        "median": 0.230513095856,
        "min": -1.81530547142,
        "var": 5.82722377777
    },
    "erbbands_skewness": {
        "dmean": 0.309346348047,
        "dmean2": 0.433268100023,
        "dvar": 0.110093191266,
        "dvar2": 0.192390576005,
        "max": 3.41312289238,
        "mean": -0.148807942867,
        "median": -0.184149444103,
        "min": -3.22925543785,
        "var": 1.20334196091
    },
    "erbbands_spread": {
        "dmean": 4.40026664734,
        "dmean2": 6.38442087173,
        "dvar": 38.4440803528,
        "dvar2": 83.9269943237,
        "max": 85.0744552612,
        "mean": 26.2001609802,
        "median": 23.1590061188,
        "min": 4.47895479202,
        "var": 216.029251099
    },
    "hfc": {
        "dmean": 3.95604562759,
        "dmean2": 4.94351768494,
        "dvar": 28.3438491821,
        "dvar2": 37.898349762,
        "max": 138.509979248,
        "mean": 17.8807525635,
        "median": 14.0881481171,
        "min": 0.250368595123,
        "var": 261.974853516
    },
    "melbands_crest": {
        "dmean": 2.41507005692,
        "dmean2": 3.61630582809,
        "dvar": 6.82037067413,
        "dvar2": 16.0730686188,
        "max": 33.2118377686,
        "mean": 14.2110843658,
        "median": 12.8837881088,
        "min": 3.63822317123,
        "var": 42.9636459351
    },
    "melbands_flatness_db": {
        "dmean": 0.0188656952232,
        "dmean2": 0.0246561057866,
        "dvar": 0.000438437564299,
        "dvar2": 0.000725210818928,
        "max": 0.376071989536,
        "mean": 0.177707105875,
        "median": 0.172857761383,
        "min": 0.0341672971845,
        "var": 0.00493101635948
    },
    "melbands_kurtosis": {
        "dmean": 2.37488031387,
        "dmean2": 3.53842282295,
        "dvar": 18.7224235535,
        "dvar2": 39.5377044678,
        "max": 60.9404945374,
        "mean": 4.75818729401,
        "median": 1.29102754593,
        "min": -1.79060506821,
        "var": 72.9710540771
    },
    "melbands_skewness": {
        "dmean": 0.391374230385,
        "dmean2": 0.55249863863,
        "dvar": 0.198710650206,
        "dvar2": 0.416778385639,
        "max": 7.12468862534,
        "mean": 1.25037550926,
        "median": 1.07977068424,
        "min": -2.17394065857,
        "var": 2.43944954872
    },
    "melbands_spread": {
        "dmean": 6.35213565826,
        "dmean2": 9.16522026062,
        "dvar": 99.5785064697,
        "dvar2": 181.28237915,
        "max": 177.989471436,
        "mean": 37.9381141663,
        "median": 30.3625278473,
        "min": 2.18779277802,
        "var": 741.471557617
    },
    "pitch_salience": {
        "dmean": 0.0519107505679,
        "dmean2": 0.0779468789697,
        "dvar": 0.00308778858744,
        "dvar2": 0.0070930570364,
        "max": 0.850028812885,
        "mean": 0.560843527317,
        "median": 0.558107733727,
        "min": 0.166872292757,
        "var": 0.0143688991666
    },
    "silence_rate_20dB": {
        "dmean": 0,
        "dmean2": 0,
        "dvar": 0,
        "dvar2": 0,
        "max": 1,
        "mean": 1,
        "median": 1,
        "min": 1,
        "var": 0
    },
    "silence_rate_30dB": {
        "dmean": 0,
        "dmean2": 0,
        "dvar": 0,
        "dvar2": 0,
        "max": 1,
        "mean": 1,
        "median": 1,
        "min": 1,
        "var": 0
    },
    "silence_rate_60dB": {
        "dmean": 0.0727554187179,
        "dmean2": 0.145623549819,
        "dvar": 0.0674628764391,
        "dvar2": 0.13681307435,
        "max": 1,
        "mean": 0.190255224705,
        "median": 0,
        "min": 0,
        "var": 0.154056876898
    },
    "spectral_centroid": {
        "dmean": 165.173583984,
        "dmean2": 233.433364868,
        "dvar": 67054.515625,
        "dvar2": 118254.140625,
        "max": 4300.45068359,
        "mean": 2029.59008789,
        "median": 1755.1796875,
        "min": 427.624420166,
        "var": 1098506.875
    },
    "spectral_complexity": {
        "dmean": 2.03095984459,
        "dmean2": 2.92331528664,
        "dvar": 4.65232610703,
        "dvar2": 8.0909538269,
        "max": 31,
        "mean": 10.1469449997,
        "median": 9,
        "min": 0,
        "var": 26.3171920776
    },
    "spectral_decrease": {
        "dmean": 7.15563497344e-10,
        "dmean2": 9.03474572933e-10,
        "dvar": 1.51226772589e-18,
        "dvar2": 2.49670012918e-18,
        "max": -7.08104824776e-11,
        "mean": -2.84501200376e-09,
        "median": -2.06756722854e-09,
        "min": -2.01971310787e-08,
        "var": 6.61303561417e-18
    },
    "spectral_energy": {
        "dmean": 0.00303939194418,
        "dmean2": 0.00382216461003,
        "dvar": 2.47546631726e-05,
        "dvar2": 4.04609309044e-05,
        "max": 0.0810982510448,
        "mean": 0.0123595613986,
        "median": 0.00987306237221,
        "min": 0.000290302996291,
        "var": 0.000109950029582
    },
    "spectral_energyband_high": {
        "dmean": 0.000124341473565,
        "dmean2": 0.000170494924532,
        "dvar": 4.19755963321e-08,
        "dvar2": 7.31949540977e-08,
        "max": 0.00407340936363,
        "mean": 0.00040352914948,
        "median": 0.000237055923208,
        "min": 1.38532425353e-06,
        "var": 2.02176977382e-07
    },
    "spectral_energyband_low": {
        "dmean": 5.91418138356e-05,
        "dmean2": 9.07271678443e-05,
        "dvar": 4.16060288444e-08,
        "dvar2": 8.66007994205e-08,
        "max": 0.00305129075423,
        "mean": 8.82425592863e-05,
        "median": 3.6419602111e-05,
        "min": 6.24741687716e-07,
        "var": 5.68884885865e-08
    },
    "spectral_energyband_middle_high": {
        "dmean": 0.00140522862785,
        "dmean2": 0.0017768915277,
        "dvar": 5.13792201673e-06,
        "dvar2": 7.92699756857e-06,
        "max": 0.0405176356435,
        "mean": 0.00589860603213,
        "median": 0.00350244273432,
        "min": 6.06337307545e-05,
        "var": 4.05616738135e-05
    },
    "spectral_energyband_middle_low": {
        "dmean": 0.00203262572177,
        "dmean2": 0.00266218045726,
        "dvar": 1.93839950953e-05,
        "dvar2": 3.46887827618e-05,
        "max": 0.0753517970443,
        "mean": 0.00607805559412,
        "median": 0.0014761663042,
        "min": 7.44150966057e-05,
        "var": 7.56498338887e-05
    },
    "spectral_entropy": {
        "dmean": 0.200548931956,
        "dmean2": 0.25481954217,
        "dvar": 0.0414714701474,
        "dvar2": 0.0652179718018,
        "max": 8.54378223419,
        "mean": 7.00008535385,
        "median": 7.00738716125,
        "min": 4.99609088898,
        "var": 0.363123208284
    },
    "spectral_flux": {
        "dmean": 0.0172335468233,
        "dmean2": 0.0263064410537,
        "dvar": 0.000439426628873,
        "dvar2": 0.000963867583778,
        "max": 0.229305818677,
        "mean": 0.0450336709619,
        "median": 0.0332915335894,
        "min": 0.0049098059535,
        "var": 0.00124710262753
    },
    "spectral_kurtosis": {
        "dmean": 2.22309112549,
        "dmean2": 3.76737952232,
        "dvar": 4.84598827362,
        "dvar2": 13.3110647202,
        "max": 25.8394584656,
        "mean": 5.81121873856,
        "median": 5.03274440765,
        "min": -0.579420804977,
        "var": 11.2667598724
    },
    "spectral_rms": {
        "dmean": 0.00043000507867,
        "dmean2": 0.000523070746567,
        "dvar": 3.57959208941e-07,
        "dvar2": 4.94861922107e-07,
        "max": 0.0088949566707,
        "mean": 0.0031459282618,
        "median": 0.00310358754359,
        "min": 0.00053218647372,
        "var": 2.16123930841e-06
    },
    "spectral_rolloff": {
        "dmean": 321.230926514,
        "dmean2": 519.533203125,
        "dvar": 509099.75,
        "dvar2": 986268.5625,
        "max": 8936.27929688,
        "mean": 2524.5390625,
        "median": 2497.8515625,
        "min": 387.59765625,
        "var": 2340540.25
    },
    "spectral_skewness": {
        "dmean": 0.256266891956,
        "dmean2": 0.423019438982,
        "dvar": 0.0569937042892,
        "dvar2": 0.143876746297,
        "max": 3.93490123749,
        "mean": 1.49925100803,
        "median": 1.38416743279,
        "min": 0.316557943821,
        "var": 0.232846975327
    },
    "spectral_spread": {
        "dmean": 419461.90625,
        "dmean2": 611652.75,
        "dvar": 297272639488,
        "dvar2": 554904322048,
        "max": 10103044,
        "mean": 3545255,
        "median": 3357081,
        "min": 1895727.25,
        "var": 868932124672
    },
    "spectral_strongpeak": {
        "dmean": 0.852962434292,
        "dmean2": 1.26275420189,
        "dvar": 1.73296689987,
        "dvar2": 3.15408158302,
        "max": 21.7312889099,
        "mean": 3.71104168892,
        "median": 1.89957666397,
        "min": 0.0173172242939,
        "var": 20.1825561523
    },
    "zerocrossingrate": {
        "dmean": 0.00772557687014,
        "dmean2": 0.0083699952811,
        "dvar": 0.00015383255959,
        "dvar2": 0.00014151763753,
        "max": 0.2666015625,
        "mean": 0.0908924415708,
        "median": 0.0732421875,
        "min": 0.0166015625,
        "var": 0.0026150601916
    },
    "barkbands": {
        "dmean": [7.0553835485e-07, 4.67083191324e-06, 2.64575246547e-05, 0.000110201501229, 0.000334086973453, 0.000548098701984, 0.000900892715435, 0.000682852987666, 0.00033294071909, 0.000259129068581, 0.000114661161206, 0.000292036012979, 0.000257244508248, 0.000289540941594, 0.000178303103894, 6.07009169471e-05, 0.000137466166052, 0.000147222614032, 0.000333389645675, 9.58148448262e-05, 5.91731695749e-05, 3.3470994822e-05, 1.36607332024e-05, 1.33409075715e-05, 7.63963726058e-06, 1.83222630312e-06, 7.42895078787e-10],
        "dmean2": [1.24352163766e-06, 7.43964483263e-06, 4.31334301538e-05, 0.000173845575773, 0.000482217408717, 0.00079080107389, 0.00123082776554, 0.000929925357923, 0.00047870160779, 0.000324935099343, 0.000157939110068, 0.000411886692746, 0.00035226313048, 0.000415108777815, 0.000231825542869, 8.86436610017e-05, 0.000194278894924, 0.000210994345252, 0.00042366431444, 0.000135521462653, 8.71573938639e-05, 4.57936766907e-05, 1.9653723939e-05, 2.09235076909e-05, 1.12638854262e-05, 2.75836669061e-06, 1.18922105496e-09],
        "dvar": [8.37475488263e-13, 4.73632209841e-11, 1.00604218289e-08, 8.49798595937e-08, 3.26611200308e-07, 3.87018644687e-06, 7.69284270064e-06, 7.76483193476e-06, 1.66131690094e-06, 1.47051844124e-06, 1.40165866469e-07, 7.28282259388e-07, 6.71595728363e-07, 1.28944998323e-06, 2.25807269771e-07, 1.8938129287e-08, 6.01062026817e-08, 8.96127971828e-08, 8.67386347636e-07, 6.47754205829e-08, 1.58507162951e-08, 4.7120543023e-09, 1.08726905257e-09, 6.85264345268e-10, 2.49538556485e-10, 1.37819851018e-11, 4.85084916283e-17],
        "dvar2": [2.43984194827e-12, 1.03687919362e-10, 2.6086111049e-08, 1.91596285504e-07, 6.63807725232e-07, 7.99399822426e-06, 1.32366230901e-05, 1.61191182997e-05, 3.31757837557e-06, 2.55134773397e-06, 2.4164839374e-07, 1.665070954e-06, 1.16435603559e-06, 2.93199195767e-06, 3.70696710661e-07, 3.82534501853e-08, 1.0686208185e-07, 1.66747099684e-07, 1.01945749975e-06, 1.17052785242e-07, 3.78874531748e-08, 6.64783428306e-09, 1.78083781055e-09, 1.68576608228e-09, 4.83074413804e-10, 3.04583927524e-11, 4.96999559652e-17],
        "max": [7.88986653788e-06, 0.000148808059748, 0.00158554897644, 0.0048011681065, 0.00818957574666, 0.0345072448254, 0.0524749308825, 0.0697610527277, 0.0255074203014, 0.0259527862072, 0.00988319795579, 0.0214650388807, 0.0174210872501, 0.0252196341753, 0.010087187402, 0.00292945373803, 0.00332996458746, 0.00794394966215, 0.031032057479, 0.00595193216577, 0.0022900744807, 0.00197931216098, 0.00067052594386, 0.00041483604582, 0.000321020255797, 7.18448864063e-05, 2.48572774808e-07],
        "mean": [7.3653831123e-07, 1.07758351078e-05, 3.33486677846e-05, 0.000152725100634, 0.000730396073777, 0.000958933727816, 0.00169505155645, 0.00178677856456, 0.000621493614744, 0.000593197590206, 0.000349066685885, 0.000999488518573, 0.000534349121153, 0.000519477471244, 0.000335966586135, 0.000112564972369, 0.000314211472869, 0.000343873602105, 0.00170654372778, 0.000218465938815, 0.000151773783728, 0.000103145677713, 3.23142339766e-05, 3.28750211338e-05, 1.84745986189e-05, 3.54072494702e-06, 6.40379249628e-10],
        "median": [4.35125656395e-07, 4.0775994421e-06, 1.38039649755e-05, 4.51275882369e-05, 0.000323128711898, 0.000147411003127, 0.000157736591063, 8.15342718852e-05, 3.61495403922e-05, 4.50042971352e-05, 3.72428621631e-05, 0.000101339152025, 4.72201572848e-05, 3.81693171221e-05, 4.61874988105e-05, 3.86682258977e-05, 0.000129456908326, 0.000100529672636, 3.3607640944e-05, 6.34073003312e-05, 4.82156538055e-05, 2.87591374217e-05, 9.65059007285e-06, 1.33946896312e-05, 8.34017373563e-06, 1.32696493438e-06, 1.23313678713e-10],
        "min": [3.66209229608e-10, 1.16995359178e-07, 1.01318953227e-07, 7.5778154951e-07, 4.57602800452e-06, 4.01434090236e-06, 1.98345901481e-06, 2.1640248633e-06, 1.04257173916e-06, 9.82902747637e-07, 1.33497621846e-07, 5.3813340628e-07, 1.31485978727e-06, 3.93660997133e-07, 1.47721607391e-06, 1.33380967782e-06, 2.86971317109e-06, 2.13260341297e-06, 9.99368694465e-07, 9.05079161839e-07, 2.63385828703e-07, 7.58620330998e-08, 5.69311531251e-08, 1.58191131305e-08, 1.21471108727e-08, 1.4006458493e-10, 6.79267969997e-12],
        "var": [8.71654744911e-13, 3.11959708066e-10, 8.61334914504e-09, 1.38984717069e-07, 1.04711148197e-06, 7.5851139627e-06, 2.09060690395e-05, 3.16647201544e-05, 5.25516497873e-06, 5.06725700689e-06, 9.86962049865e-07, 4.46630156148e-06, 2.18031505028e-06, 2.68575467999e-06, 7.97857069301e-07, 5.00102075307e-08, 2.3855471909e-07, 4.14939279381e-07, 1.52017601067e-05, 2.45454003789e-07, 6.22645757176e-08, 2.83506622623e-08, 4.03890298983e-09, 1.89887194857e-09, 7.40896954898e-10, 3.34467488428e-11, 4.84526073061e-17]
    },
    "erbbands": {
        "dmean": [5.69265830563e-05, 0.00159025436733, 0.0215227808803, 0.177438735962, 1.18715524673, 0.834177672863, 0.875165522099, 5.407807827, 13.5350961685, 9.78657913208, 15.6108016968, 7.51750040054, 7.24005460739, 6.98405075073, 4.15238666534, 12.6782426834, 9.91476917267, 16.8070163727, 9.85360336304, 5.41726112366, 4.19136714935, 6.25868177414, 7.29443120956, 7.16241550446, 20.819776535, 5.4148516655, 2.99829912186, 1.41781210899, 1.37695848942, 0.676113903522, 0.396360367537, 0.289019882679, 0.204357728362, 0.0963746979833, 0.0532279647887, 0.0121697625145, 0.00337141519412, 0.000507036864292, 9.78928710538e-06, 4.09377071264e-06],
        "dmean2": [9.76650480879e-05, 0.00253031542525, 0.0341746397316, 0.266940921545, 1.72793066502, 1.25219249725, 1.25671184063, 8.0238609314, 18.2908477783, 13.6292314529, 22.2286205292, 10.2122783661, 10.7888278961, 8.21757698059, 5.41111660004, 17.5833778381, 12.9820890427, 22.7441959381, 12.4508609772, 7.35894918442, 5.86414337158, 8.53175449371, 10.5493612289, 9.42545795441, 26.6084671021, 7.33247852325, 4.40062379837, 2.09951424599, 1.87292695045, 0.929736733437, 0.583876907825, 0.439193665981, 0.329042494297, 0.14852027595, 0.0763672888279, 0.0179718770087, 0.00499784201384, 0.000785639276728, 1.41641421578e-05, 5.11854113938e-06],
        "dvar": [4.14306677854e-09, 7.09896903572e-06, 0.00437509221956, 0.228933274746, 4.75068759918, 2.7187166214, 7.33576583862, 448.437194824, 1916.6262207, 926.92578125, 4890.82470703, 761.248779297, 1597.89868164, 654.099243164, 100.99810791, 1272.8659668, 800.977050781, 4108.76171875, 807.880004883, 281.92678833, 59.6970672607, 147.040145874, 191.552612305, 319.545074463, 3435.84326172, 187.465515137, 37.6320075989, 7.48924636841, 9.0731420517, 2.54195713997, 0.764857590199, 0.329708456993, 0.207929387689, 0.035135678947, 0.0152572533116, 0.000544063746929, 5.24866300111e-05, 3.15505349135e-06, 7.35644489769e-10, 3.60408126954e-11],
        "dvar2": [1.08992246339e-08, 1.69014238054e-05, 0.0110401641577, 0.448068410158, 10.0545539856, 5.18133974075, 14.5912857056, 944.626464844, 3373.24047852, 1636.89465332, 10966.5888672, 1276.98999023, 3677.29052734, 886.149902344, 147.287368774, 2723.05761719, 1440.17211914, 8922.14648438, 1222.41650391, 563.752624512, 105.841743469, 245.490463257, 375.332855225, 501.875091553, 4213.41064453, 324.211853027, 85.3550415039, 16.6592826843, 12.0647544861, 4.0513753891, 1.33708620071, 0.770443081856, 0.535030186176, 0.0723430514336, 0.0292167719454, 0.0010960586369, 0.000113926675112, 7.1415356615e-06, 1.62881097499e-09, 5.75455447183e-11],
        "max": [0.000743291224353, 0.0485554225743, 1.1415169239, 8.70560932159, 36.1664009094, 23.2288742065, 64.5133895874, 349.314849854, 909.583557129, 502.992797852, 1940.21533203, 782.035461426, 746.373413086, 681.411437988, 259.99105835, 911.632873535, 446.772033691, 1385.53503418, 752.139648438, 317.377563477, 172.086532593, 209.971801758, 315.068511963, 590.175842285, 1905.72839355, 296.282897949, 111.826263428, 53.6279411316, 94.3771743774, 34.0706520081, 20.9755878448, 10.8347215652, 7.22151517868, 3.84562373161, 2.04449677467, 0.342498153448, 0.133474439383, 0.0513295717537, 0.000785072741564, 9.3439113698e-05],
        "mean": [0.000105944200186, 0.00356635055505, 0.0336666963995, 0.288116276264, 2.18116927147, 1.92352485657, 2.16953325272, 9.33489608765, 26.143579483, 22.2729263306, 42.4272155762, 17.5865955353, 13.7080202103, 19.8545665741, 14.2757549286, 47.1032562256, 23.8234138489, 34.8569641113, 20.7527770996, 11.0156583786, 9.58776760101, 14.6949214935, 18.7537727356, 25.3984947205, 107.534790039, 15.0413179398, 6.91555023193, 4.43625593185, 4.60833978653, 1.72683000565, 0.974808216095, 0.675584793091, 0.426795184612, 0.230098456144, 0.129926919937, 0.0280240494758, 0.00662158150226, 0.000914751784876, 2.55624836427e-05, 1.72672080225e-05],
        "median": [7.14946436347e-05, 0.001422051806, 0.0156814157963, 0.103981077671, 0.827836692333, 0.696369469166, 0.565489351749, 1.34181749821, 2.91490411758, 1.8741697073, 2.50954866409, 1.13082718849, 1.22452354431, 2.31052136421, 5.36569643021, 5.56063556671, 5.39068460464, 2.85057258606, 2.29667425156, 2.19295477867, 4.49178934097, 6.20503997803, 7.57431077957, 4.56859540939, 3.38291549683, 5.89397716522, 3.27603268623, 1.20749628544, 1.35421192646, 0.636262238026, 0.334812223911, 0.324437648058, 0.188067674637, 0.119715407491, 0.0481317304075, 0.0105964541435, 0.00171093619429, 0.000146076781675, 1.53769287863e-05, 1.53431956278e-05],
        "min": [4.53993607152e-06, 4.5306100219e-05, 0.000631328963209, 0.00512625882402, 0.00803325232118, 0.0122835822403, 0.0261300168931, 0.0489815324545, 0.0263502281159, 0.0542569421232, 0.040903866291, 0.0488602891564, 0.0613695457578, 0.0676820129156, 0.0442933104932, 0.0368730984628, 0.0861180648208, 0.0702049285173, 0.0969963222742, 0.122049286962, 0.141333624721, 0.243430316448, 0.171778306365, 0.079507663846, 0.0447132252157, 0.0710691511631, 0.0146559178829, 0.01406476181, 0.00538304494694, 0.00154115026817, 0.0021232587751, 0.000513292150572, 0.000323978048982, 0.00018075776461, 7.08855586709e-05, 3.19557111652e-05, 3.32861600327e-06, 3.88608327739e-07, 2.16264709252e-07, 3.53463065039e-07],
        "var": [1.08217950157e-08, 3.16880104947e-05, 0.00468662194908, 0.453090906143, 13.2360668182, 9.38877296448, 36.2126426697, 786.742858887, 5012.62695312, 3759.50927734, 19450.6230469, 3862.13452148, 2353.82275391, 4043.03637695, 709.991821289, 8821.07226562, 3000.55053711, 9349.61914062, 3743.76025391, 661.275817871, 223.452560425, 580.12310791, 892.947021484, 2079.09326172, 60891.328125, 732.468444824, 98.6910476685, 67.353729248, 62.1989021301, 9.09281158447, 2.89360594749, 1.03599154949, 0.389775395393, 0.0963414534926, 0.0456167981029, 0.00168772751931, 0.000128991814563, 5.56290251552e-06, 1.51582746355e-09, 1.67350550084e-10]
    },
    "gfcc": {
        "mean": [-65.0766448975, 61.3722381592, -163.460281372, 22.1988868713, -80.5720214844, -7.22931909561, -50.0802993774, -2.06193614006, -38.5576820374, -4.33234643936, -13.1792831421, -6.85828065872, -16.0374469757],
        "cov": [[1990.13757324, -995.495361328, -266.661193848, -50.6782798767, 0.334106832743, 107.271781921, 51.5359916687, 44.1828041077, -275.921630859, 45.2939491272, 29.0423965454, 48.6168022156, -107.237739563], [-995.495361328, 1861.48681641, -105.126464844, -667.024536133, -171.527404785, -294.102203369, -189.079559326, -221.75743103, 541.878479004, -65.9477233887, -91.9084091187, -309.393890381, 204.443786621], [-266.661193848, -105.126464844, 394.234130859, 328.471618652, 22.9947052002, -3.48657751083, -74.1367492676, 60.0773506165, -38.8243179321, 7.12306070328, -38.7258682251, 77.2539596558, -26.0069656372], [-50.6782798767, -667.024536133, 328.471618652, 796.991943359, 223.030670166, -7.50326299667, -8.4388256073, 161.253921509, -206.565856934, -0.0544162206352, 13.0785331726, 186.007247925, -50.34375], [0.334106832743, -171.527404785, 22.9947052002, 223.030670166, 228.83013916, -2.12139487267, 7.21064186096, 54.734249115, -70.8498840332, 24.4549713135, 5.04790353775, 61.114200592, -29.957025528], [107.271781921, -294.102203369, -3.48657751083, -7.50326299667, -2.12139487267, 337.486114502, 173.236526489, 3.29818081856, -95.9099731445, 4.88875341415, -18.347650528, 41.7607803345, -44.6180038452], [51.5359916687, -189.079559326, -74.1367492676, -8.4388256073, 7.21064186096, 173.236526489, 290.452972412, 31.476644516, -147.556182861, -43.9980354309, 59.6760406494, 65.8841629028, -52.1080856323], [44.1828041077, -221.75743103, 60.0773506165, 161.253921509, 54.734249115, 3.29818081856, 31.476644516, 124.29397583, -42.6579055786, 3.30641651154, 0.278832346201, 43.7864456177, -14.2152900696], [-275.921630859, 541.878479004, -38.8243179321, -206.565856934, -70.8498840332, -95.9099731445, -147.556182861, -42.6579055786, 333.651397705, 36.4059066772, -95.6241989136, -132.620193481, 90.3100967407], [45.2939491272, -65.9477233887, 7.12306070328, -0.0544162206352, 24.4549713135, 4.88875341415, -43.9980354309, 3.30641651154, 36.4059066772, 90.2444992065, -10.7529840469, -13.852391243, -17.651014328], [29.0423965454, -91.9084091187, -38.7258682251, 13.0785331726, 5.04790353775, -18.347650528, 59.6760406494, 0.278832346201, -95.6241989136, -10.7529840469, 137.316192627, 48.1475372314, -52.2805595398], [48.6168022156, -309.393890381, 77.2539596558, 186.007247925, 61.114200592, 41.7607803345, 65.8841629028, 43.7864456177, -132.620193481, -13.852391243, 48.1475372314, 150.113388062, -35.6825180054], [-107.237739563, 204.443786621, -26.0069656372, -50.34375, -29.957025528, -44.6180038452, -52.1080856323, -14.2152900696, 90.3100967407, -17.651014328, -52.2805595398, -35.6825180054, 112.054229736]],
        "icov": [[0.00102507392876, 0.000807372678537, 0.000603131600656, 0.000513111765031, 7.1955320891e-05, 0.000340795348166, 0.00040166056715, 3.00667779811e-05, 0.000431035878137, 0.000199985486688, 0.000624727341346, 0.000349486945197, 0.000310875795549], [0.000807372678537, 0.00462323520333, -0.00354737346061, 0.00327052688226, -0.00350915873423, 0.00273499870673, -0.00257696770132, 0.0041556074284, -0.00443912064657, 0.00423050997779, -0.00210073054768, 0.00406117876992, -0.00297947064973], [0.000603131600656, -0.00354737346061, 0.00986288394779, -0.00504299346358, 0.00600920664147, -0.00265650567599, 0.00483740773052, -0.00434583146125, 0.00445808051154, -0.00356393191032, 0.00505015347153, -0.00553800771013, 0.00575807178393], [0.000513111765031, 0.00327052688226, -0.00504299346358, 0.00637121405452, -0.00507890339941, 0.0021308704745, -0.0012889734935, 0.000698824238498, -0.00186458427925, 0.00334058282897, -0.00167226442136, 0.00158420414664, -0.00305088679306], [7.1955320891e-05, -0.00350915873423, 0.00600920664147, -0.00507890339941, 0.0107088554651, -0.00168882042635, 0.00274198967963, -0.00411129603162, 0.00446790922433, -0.00559050031006, 0.00403574993834, -0.00476349936798, 0.0044127269648], [0.000340795348166, 0.00273499870673, -0.00265650567599, 0.0021308704745, -0.00168882042635, 0.007232749369, -0.00544044701383, 0.00383347435854, -0.00191149814054, 0.000407696032198, 0.00195937580429, 0.00171101291198, -0.000874426739756], [0.00040166056715, -0.00257696770132, 0.00483740773052, -0.0012889734935, 0.00274198967963, -0.00544044701383, 0.0106971384957, -0.00576683972031, 0.00478012673557, 0.000731609761715, 0.00034723317367, -0.00390987051651, 0.00361898215488], [3.00667779811e-05, 0.0041556074284, -0.00434583146125, 0.000698824238498, -0.00411129603162, 0.00383347435854, -0.00576683972031, 0.016287997365, -0.00558023294434, 0.00286630843766, -0.00138823827729, 0.00336487521417, -0.0030632566195], [0.000431035878137, -0.00443912064657, 0.00445808051154, -0.00186458427925, 0.00446790922433, -0.00191149814054, 0.00478012673557, -0.00558023294434, 0.0131823131815, -0.0071121416986, 0.00541338836774, -0.00155242194887, 0.000943736929912], [0.000199985486688, 0.00423050997779, -0.00356393191032, 0.00334058282897, -0.00559050031006, 0.000407696032198, 0.000731609761715, 0.00286630843766, -0.0071121416986, 0.0194858182222, -0.00300180981867, 0.00412541767582, 0.00123271171469], [0.000624727341346, -0.00210073054768, 0.00505015347153, -0.00167226442136, 0.00403574993834, 0.00195937580429, 0.00034723317367, -0.00138823827729, 0.00541338836774, -0.00300180981867, 0.0156358033419, -0.00576410768554, 0.00731976609677], [0.000349486945197, 0.00406117876992, -0.00553800771013, 0.00158420414664, -0.00476349936798, 0.00171101291198, -0.00390987051651, 0.00336487521417, -0.00155242194887, 0.00412541767582, -0.00576410768554, 0.0177264623344, -0.0047757839784], [0.000310875795549, -0.00297947064973, 0.00575807178393, -0.00305088679306, 0.0044127269648, -0.000874426739756, 0.00361898215488, -0.0030632566195, 0.000943736929912, 0.00123271171469, 0.00731976609677, -0.0047757839784, 0.0180773008615]]
    },
    "melbands": {
        "dmean": [8.15196301573e-07, 8.00017824076e-06, 5.63742869417e-05, 8.29052878544e-05, 2.88408373308e-05, 0.000125940598082, 0.000197249348275, 0.000111874171125, 0.000126820552396, 4.2319050408e-05, 3.77876531275e-05, 3.13121672662e-05, 1.5814539438e-05, 2.69590527751e-05, 3.32792369591e-05, 2.64910631813e-05, 3.24754910253e-05, 1.74432680069e-05, 9.36410560826e-06, 5.55441010874e-06, 5.90846957493e-06, 6.92026105753e-06, 7.31145973987e-06, 7.60971761338e-06, 4.12780764236e-06, 2.01687307708e-05, 6.36012100586e-06, 3.04368154502e-06, 1.94478025151e-06, 1.70342173078e-06, 6.59243994505e-07, 7.21620494915e-07, 7.74155239469e-07, 3.05858549154e-07, 2.69229559535e-07, 1.98625244252e-07, 1.71154084683e-07, 1.45233585158e-07, 1.41031904377e-07, 7.94339101162e-08],
        "dmean2": [1.32169896006e-06, 1.30190674099e-05, 8.42986264615e-05, 0.00012122705084, 4.19709431299e-05, 0.000183190990356, 0.000271051045274, 0.000152115433593, 0.000182323579793, 5.72061944695e-05, 5.68772593397e-05, 3.75107883883e-05, 2.10110119951e-05, 3.77437027055e-05, 4.55602094007e-05, 3.40901242453e-05, 4.42354030383e-05, 2.3128972316e-05, 1.31686347231e-05, 7.93884919403e-06, 8.37939478515e-06, 9.52160280576e-06, 1.07801570266e-05, 1.09748953037e-05, 5.72430008106e-06, 2.57218653132e-05, 8.88907652552e-06, 4.22271295974e-06, 2.84329644273e-06, 2.59136663772e-06, 1.02789329048e-06, 1.01867669855e-06, 1.06465279259e-06, 4.40626678255e-07, 4.0242039745e-07, 3.05949868107e-07, 2.63914472498e-07, 2.35066977439e-07, 2.2519871834e-07, 1.23521715523e-07],
        "dvar": [1.07405631698e-12, 6.59699572747e-10, 1.2853837994e-08, 2.17980744566e-08, 6.9407173342e-09, 2.04974895723e-07, 3.90182037791e-07, 1.20418249594e-07, 3.18250840792e-07, 2.37674022685e-08, 4.32202114098e-08, 1.49342600508e-08, 2.13662865178e-09, 4.43178205245e-09, 1.66230531562e-08, 7.87267939728e-09, 1.49088190682e-08, 3.05033109882e-09, 7.21632698042e-10, 2.45079873062e-10, 1.52908838369e-10, 2.09506731408e-10, 2.04057992725e-10, 2.91102475458e-10, 2.019166917e-10, 3.59500473834e-09, 1.85430115707e-10, 6.07372555028e-11, 1.37234069594e-11, 2.17927776519e-11, 1.66941330551e-12, 2.19955715967e-12, 3.10798305495e-12, 8.65025011256e-13, 3.26836458288e-13, 2.04352295719e-13, 9.23538182778e-14, 1.30969304954e-13, 7.05622829589e-14, 2.92172664914e-14],
        "dvar2": [2.38806131987e-12, 1.72324465808e-09, 2.83808390122e-08, 4.49639045996e-08, 1.4712648877e-08, 4.05420195193e-07, 6.5089977852e-07, 2.12790482124e-07, 7.21080084531e-07, 3.87847443051e-08, 9.76354286308e-08, 2.107824848e-08, 3.40015793299e-09, 8.42951219937e-09, 3.4124930437e-08, 1.31410082815e-08, 3.1994613181e-08, 4.82474771246e-09, 1.4202495846e-09, 5.0373605287e-10, 2.6805052622e-10, 3.70350028422e-10, 4.2121511834e-10, 5.2700360742e-10, 3.79522996363e-10, 4.25141255533e-09, 3.29040322766e-10, 1.05716109478e-10, 2.81719855777e-11, 5.44584516371e-11, 3.73269037207e-12, 3.36066374382e-12, 4.48401125258e-12, 1.42575296187e-12, 5.96316453248e-13, 4.70231330003e-13, 2.09101196102e-13, 3.33025490865e-13, 1.89345026745e-13, 6.25919671995e-14],
        "max": [2.15104810195e-05, 0.000432656524936, 0.00185752729885, 0.00209630909376, 0.00178780814167, 0.00771382218227, 0.0120120085776, 0.00676420237869, 0.0151826385409, 0.00466368021443, 0.00368888536468, 0.00307261245325, 0.0011825223919, 0.00128992635291, 0.00318831484765, 0.0018456740072, 0.00243409350514, 0.00141406967305, 0.000439132010797, 0.000247503659921, 0.000275604863418, 0.000228836128372, 0.00021494642715, 0.000461843097582, 0.000336336175678, 0.00199411762878, 0.000266659189947, 0.00016535584291, 5.56930572202e-05, 8.35583705339e-05, 1.89748279809e-05, 4.09511849284e-05, 5.29908938915e-05, 2.25248713832e-05, 1.23973150039e-05, 9.7541451396e-06, 6.28160296401e-06, 6.63811852064e-06, 3.89489696317e-06, 3.80752021556e-06],
        "mean": [1.83312124591e-06, 1.22734227261e-05, 0.000100632096292, 0.000168994942214, 6.75066694384e-05, 0.000222837217734, 0.000389976194128, 0.000250306417001, 0.000328208174324, 9.08623260329e-05, 6.8986460974e-05, 8.41976871016e-05, 4.82107316202e-05, 9.57625379669e-05, 9.01766907191e-05, 5.54678081244e-05, 6.36372860754e-05, 3.33453172061e-05, 1.72889704118e-05, 1.08759113573e-05, 1.22708415802e-05, 1.52461298057e-05, 1.5476887711e-05, 1.90235841728e-05, 8.29948385217e-06, 0.000106954983494, 2.27039690799e-05, 6.61960621073e-06, 3.85329440178e-06, 4.59917646367e-06, 1.68843132542e-06, 2.21094182962e-06, 2.36126402342e-06, 6.37957498384e-07, 6.35196499843e-07, 4.14198467524e-07, 3.83970643725e-07, 2.48474918862e-07, 3.3226655205e-07, 1.60057950893e-07],
        "median": [8.7602251142e-07, 5.36022434972e-06, 3.52049428329e-05, 6.89621010679e-05, 1.47546970766e-05, 3.03717461065e-05, 4.1368908569e-05, 1.46467627928e-05, 1.64909470186e-05, 5.89183127886e-06, 5.63742787563e-06, 8.26118684927e-06, 7.91913316789e-06, 1.24862945086e-05, 1.36979961098e-05, 4.69695942229e-06, 4.43823819296e-06, 2.83455051431e-06, 2.99954149341e-06, 2.73410864793e-06, 4.47184947916e-06, 5.35564549864e-06, 6.60099840388e-06, 4.52396398032e-06, 1.25850260702e-06, 1.25441454202e-06, 2.9465679745e-06, 1.91255662685e-06, 1.45463752688e-06, 9.41840426094e-07, 4.35125997456e-07, 6.18824174126e-07, 4.63035462417e-07, 1.55633955501e-07, 1.8567223492e-07, 1.25537241047e-07, 1.9061660339e-07, 1.1837688163e-07, 1.05658401139e-07, 7.23846014239e-08],
        "min": [4.21105283976e-08, 4.56963320516e-08, 9.69190523392e-07, 6.21219271579e-07, 5.72294652557e-07, 9.89241016214e-07, 2.51220740211e-07, 5.56280497221e-07, 2.70578055961e-07, 3.13951687758e-07, 7.71862502802e-08, 2.52221155961e-07, 1.39432870583e-07, 8.23273325068e-08, 1.57004080847e-07, 1.42969994954e-07, 5.88027901927e-08, 9.03916728134e-08, 1.16390452831e-07, 8.31791524547e-08, 7.71945778411e-08, 1.60936338034e-07, 1.94898547079e-07, 8.52826929076e-08, 2.22307807718e-08, 1.5968147693e-08, 5.78555585662e-08, 1.25606955947e-08, 5.73535308135e-09, 4.38120073554e-09, 4.34648139702e-09, 1.35617739261e-09, 6.76071698624e-10, 3.15554776753e-10, 1.09181896857e-09, 6.13496753399e-10, 1.94331883918e-10, 1.78252204663e-10, 2.71718231248e-10, 1.20740889509e-10],
