{
"highlevel": {
    "danceability": {
        "all": {
            "danceable": 0.999365150928,
            "not_danceable": 0.000634832656942
        },
        "probability": 0.999365150928,
        "value": "danceable"
    },
    "gender": {
        "all": {
            "female": 0.0834582000971,
            "male": 0.916541814804
        },
        "probability": 0.916541814804,
        "value": "male"
    },
    "genre_dortmund": {
        "all": {
            "alternative": 0.00108412094414,
            "blues": 0.00264091324061,
            "electronic": 0.0233845617622,
            "folkcountry": 0.000807021104265,
            "funksoulrnb": 0.00229446729645,
            "jazz": 0.00701717054471,
            "pop": 0.00260982010514,
            "raphiphop": 0.958284676075,
            "rock": 0.00187723280396
        },
        "probability": 0.958284676075,
        "value": "raphiphop"
    },
    "genre_electronic": {
        "all": {
            "ambient": 0.0858755409718,
            "dnb": 0.112328790128,
            "house": 0.747209668159,
            "techno": 0.0164129696786,
            "trance": 0.0381730571389
        },
        "probability": 0.747209668159,
        "value": "house"
    },
    "genre_rosamerica": {
        "all": {
            "cla": 0.00209989259019,
            "dan": 0.140595987439,
            "hip": 0.796031534672,
            "jaz": 0.00424757786095,
            "pop": 0.0122924316674,
            "rhy": 0.0393683314323,
            "roc": 0.00285485107452,
            "spe": 0.0025093711447
        },
        "probability": 0.796031534672,
        "value": "hip"
    },
    "genre_tzanetakis": {
        "all": {
            "blu": 0.0610634572804,
            "cla": 0.0338886082172,
            "cou": 0.0609872415662,
            "dis": 0.0508242882788,
            "hip": 0.152499303222,
            "jaz": 0.305208653212,
            "met": 0.0610179640353,
            "pop": 0.0610033459961,
            "reg": 0.0609996654093,
            "roc": 0.152507469058
        },
        "probability": 0.305208653212,
        "value": "jaz"
    },
    "ismir04_rhythm": {
        "all": {
            "ChaChaCha": 0.00876830611378,
            "Jive": 0.024056237191,
            "Quickstep": 0.0656063854694,
            "Rumba-American": 0.00989805720747,
            "Rumba-International": 0.0359044894576,
            "Rumba-Misc": 0.00641569169238,
            "Samba": 0.834299385548,
            "Tango": 0.0103194508702,
            "VienneseWaltz": 0.00218395143747,
            "Waltz": 0.00254804012366
        },
        "probability": 0.834299385548,
        "value": "Samba"
    },
    "mood_acoustic": {
        "all": {
            "acoustic": 0.0238227136433,
            "not_acoustic": 0.976177275181
        },
        "probability": 0.976177275181,
        "value": "not_acoustic"
    },
    "mood_aggressive": {
        "all": {
            "aggressive": 0.477725863457,
            "not_aggressive": 0.522274136543
        },
        "probability": 0.522274136543,
        "value": "not_aggressive"
    },
    "mood_electronic": {
        "all": {
            "electronic": 0.958526611328,
            "not_electronic": 0.0414733998477
        },
        "probability": 0.958526611328,
        "value": "electronic"
    },
    "mood_happy": {
        "all": {
            "happy": 0.48477435112,
            "not_happy": 0.51522564888
        },
        "probability": 0.51522564888,
        "value": "not_happy"
    },
    "mood_party": {
        "all": {
            "not_party": 0.190285727382,
            "party": 0.809714257717
        },
        "probability": 0.809714257717,
        "value": "party"
    },
    "mood_relaxed": {
        "all": {
            "not_relaxed": 0.563153922558,
            "relaxed": 0.436846077442
        },
        "probability": 0.563153922558,
        "value": "not_relaxed"
    },
    "mood_sad": {
        "all": {
            "not_sad": 0.901129066944,
            "sad": 0.0988709405065
        },
        "probability": 0.901129066944,
        "value": "not_sad"
    },
    "moods_mirex": {
        "all": {
            "Cluster1": 0.312086105347,
            "Cluster2": 0.155382543802,
            "Cluster3": 0.105933479965,
            "Cluster4": 0.120870657265,
            "Cluster5": 0.305727213621
        },
        "probability": 0.312086105347,
        "value": "Cluster1"
    },
    "timbre": {
        "all": {
            "bright": 0.987072706223,
            "dark": 0.0129272872582
        },
        "probability": 0.987072706223,
        "value": "bright"
    },
    "tonal_atonal": {
        "all": {
            "atonal": 0.392410576344,
            "tonal": 0.607589423656
        },
        "probability": 0.607589423656,
        "value": "tonal"
    },
    "voice_instrumental": {
        "all": {
            "instrumental": 0.0272138863802,
            "voice": 0.972786128521
        },
        "probability": 0.972786128521,
        "value": "voice"
    }
},
"lowlevel": {
    "average_loudness": 0.975674271584,
    "barkbands_crest": {
        "dmean": 3.80701184273,
        "dmean2": 5.9601817131,
        "dvar": 13.2528419495,
        "dvar2": 29.5079994202,
        "max": 26.8078594208,
        "mean": 15.3789577484,
        "median": 15.3064165115,
        "min": 2.25770759583,
        "var": 43.082069397
    },
    "barkbands_flatness_db": {
        "dmean": 0.0479975640774,
        "dmean2": 0.0649066343904,
        "dvar": 0.00194329582155,
        "dvar2": 0.00352021795698,
        "max": 0.565933465958,
        "mean": 0.208924904466,
        "median": 0.196213021874,
        "min": 0.0495200194418,
        "var": 0.00793760549277
    },
    "barkbands_kurtosis": {
        "dmean": 36.7964515686,
        "dmean2": 56.5077514648,
        "dvar": 16695.75,
        "dvar2": 36251.46875,
        "max": 1931.49072266,
        "mean": 39.7251472473,
        "median": 4.51061677933,
        "min": -1.72075331211,
        "var": 20156.0332031
    },
    "barkbands_skewness": {
        "dmean": 1.90926015377,
        "dmean2": 2.74315166473,
        "dvar": 9.17597675323,
        "dvar2": 17.169002533,
        "max": 38.7721443176,
        "mean": 3.42492032051,
        "median": 2.09720754623,
        "min": -4.87061786652,
        "var": 20.5112361908
    },
    "barkbands_spread": {
        "dmean": 8.75985813141,
        "dmean2": 13.4086961746,
        "dvar": 92.7619552612,
        "dvar2": 219.975891113,
        "max": 83.8414840698,
        "mean": 17.8896160126,
        "median": 15.2218208313,
        "min": 0.0746769011021,
        "var": 187.759658813
    },
    "dissonance": {
        "dmean": 0.0239977184683,
        "dmean2": 0.0385254062712,
        "dvar": 0.000695799477398,
        "dvar2": 0.00165873544756,
        "max": 0.499999970198,
        "mean": 0.458818495274,
        "median": 0.468894511461,
        "min": 0.230274930596,
        "var": 0.00132303126156
    },
    "dynamic_complexity": 3.27486896515,
    "erbbands_crest": {
        "dmean": 3.58687162399,
        "dmean2": 5.81801891327,
        "dvar": 10.5072755814,
        "dvar2": 25.2718906403,
        "max": 27.1713809967,
        "mean": 9.75413703918,
        "median": 8.60607337952,
        "min": 2.51262331009,
        "var": 20.515045166
    },
    "erbbands_flatness_db": {
        "dmean": 0.0310421083122,
        "dmean2": 0.0433207303286,
        "dvar": 0.000801051734015,
        "dvar2": 0.00156584160868,
        "max": 0.396265685558,
        "mean": 0.170433536172,
        "median": 0.166226252913,
        "min": 0.0655265748501,
        "var": 0.00256818602793
    },
    "erbbands_kurtosis": {
        "dmean": 1.84249925613,
        "dmean2": 2.94095563889,
        "dvar": 8.75859832764,
        "dvar2": 19.6873130798,
        "max": 52.7857246399,
        "mean": 0.952828347683,
        "median": -0.102473497391,
        "min": -1.84553349018,
        "var": 11.7842521667
    },
    "erbbands_skewness": {
        "dmean": 0.638008773327,
        "dmean2": 0.942278802395,
        "dvar": 0.40138348937,
        "dvar2": 0.809183776379,
        "max": 4.06594181061,
        "mean": 0.219439819455,
        "median": 0.239457219839,
        "min": -6.28337192535,
        "var": 1.08609449863
    },
    "erbbands_spread": {
        "dmean": 16.457862854,
        "dmean2": 24.8949794769,
        "dvar": 305.550567627,
        "dvar2": 718.878417969,
        "max": 173.215652466,
        "mean": 44.6145896912,
        "median": 41.31300354,
        "min": 3.17813825607,
        "var": 625.716796875
    },
    "hfc": {
        "dmean": 11.2827167511,
        "dmean2": 16.4563331604,
        "dvar": 287.783050537,
        "dvar2": 648.229248047,
        "max": 242.812561035,
        "mean": 18.0719280243,
        "median": 10.1828289032,
        "min": 0.0300142709166,
        "var": 484.419525146
    },
    "melbands_crest": {
        "dmean": 4.32863044739,
        "dmean2": 6.80097484589,
        "dvar": 19.3636550903,
        "dvar2": 41.4484405518,
        "max": 37.3054008484,
        "mean": 20.413022995,
        "median": 21.7760982513,
        "min": 3.23804950714,
        "var": 66.0972671509
    },
    "melbands_flatness_db": {
        "dmean": 0.0572955012321,
        "dmean2": 0.0757258087397,
        "dvar": 0.00278233154677,
        "dvar2": 0.00501958467066,
        "max": 0.703117132187,
        "mean": 0.263403713703,
        "median": 0.250692874193,
        "min": 0.0406099669635,
        "var": 0.0137706305832
    },
    "melbands_kurtosis": {
        "dmean": 47.4758720398,
        "dmean2": 71.1281509399,
        "dvar": 8135.58447266,
        "dvar2": 17147.7421875,
        "max": 1387.36071777,
        "mean": 62.7792549133,
        "median": 15.854227066,
        "min": -1.86297535896,
        "var": 13462.4609375
    },
    "melbands_skewness": {
        "dmean": 2.12286281586,
        "dmean2": 3.06200218201,
        "dvar": 6.14472913742,
        "dvar2": 12.3096485138,
        "max": 29.1960525513,
        "mean": 4.81134414673,
        "median": 3.49831223488,
        "min": -4.14390850067,
        "var": 16.9928760529
    },
    "melbands_spread": {
        "dmean": 10.6018543243,
        "dmean2": 16.4622802734,
        "dvar": 268.385803223,
        "dvar2": 622.03918457,
        "max": 253.126220703,
        "mean": 19.0272827148,
        "median": 12.9241228104,
        "min": 0.183164089918,
        "var": 487.268554688
    },
    "pitch_salience": {
        "dmean": 0.11565566808,
        "dmean2": 0.170694619417,
        "dvar": 0.0124370502308,
        "dvar2": 0.0256078857929,
        "max": 0.902888476849,
        "mean": 0.432993680239,
        "median": 0.415700167418,
        "min": 0.0318276509643,
        "var": 0.0463665872812
    },
    "silence_rate_20dB": {
        "dmean": 0,
        "dmean2": 0,
        "dvar": 0,
        "dvar2": 0,
        "max": 1,
        "mean": 1,
        "median": 1,
        "min": 1,
        "var": 0
    },
    "silence_rate_30dB": {
        "dmean": 0.0727554187179,
        "dmean2": 0.145623549819,
        "dvar": 0.0674627646804,
        "dvar2": 0.12751750648,
        "max": 1,
        "mean": 0.907965958118,
        "median": 1,
        "min": 0,
        "var": 0.0835627689958
    },
    "silence_rate_60dB": {
        "dmean": 0.0611455105245,
        "dmean2": 0.122385747731,
        "dvar": 0.0574064105749,
        "dvar2": 0.124448642135,
        "max": 1,
        "mean": 0.0881670564413,
        "median": 0,
        "min": 0,
        "var": 0.0803942084312
    },
    "spectral_centroid": {
        "dmean": 460.938232422,
        "dmean2": 681.248474121,
        "dvar": 272691.28125,
        "dvar2": 532374.3125,
        "max": 6010.29443359,
        "mean": 1381.71813965,
        "median": 1226.52490234,
        "min": 90.1388397217,
        "var": 732098.4375
    },
    "spectral_complexity": {
        "dmean": 5.91640853882,
        "dmean2": 8.46243190765,
        "dvar": 45.1200523376,
        "dvar2": 88.0674514771,
        "max": 53,
        "mean": 13.5893268585,
        "median": 11,
        "min": 0,
        "var": 103.43938446
    },
    "spectral_decrease": {
        "dmean": 4.83288120634e-09,
        "dmean2": 6.93793911211e-09,
        "dvar": 5.61643195127e-17,
        "dvar2": 9.95719522629e-17,
        "max": -9.52799211057e-12,
        "mean": -1.06620472451e-08,
        "median": -8.53407566836e-09,
        "min": -6.13167472352e-08,
        "var": 1.25608315693e-16
    },
    "spectral_energy": {
        "dmean": 0.0188218932599,
        "dmean2": 0.0268297120929,
        "dvar": 0.000814548111521,
        "dvar2": 0.00142607325688,
        "max": 0.235660791397,
        "mean": 0.0418802462518,
        "median": 0.0339386463165,
        "min": 3.99495802412e-05,
        "var": 0.00186411431059
    },
    "spectral_energyband_high": {
        "dmean": 0.000853337114677,
        "dmean2": 0.00130128103774,
        "dvar": 2.66513006864e-06,
        "dvar2": 5.53084828425e-06,
        "max": 0.0311269238591,
        "mean": 0.00100990571082,
        "median": 0.000241794885369,
        "min": 8.69257092972e-08,
        "var": 4.60344335806e-06
    },
    "spectral_energyband_low": {
        "dmean": 0.0151498122141,
        "dmean2": 0.0226486865431,
        "dvar": 0.000819555658381,
        "dvar2": 0.00159591785632,
        "max": 0.223203986883,
        "mean": 0.0304717980325,
        "median": 0.0206827707589,
        "min": 2.43872477768e-07,
        "var": 0.00160978361964
    },
    "spectral_energyband_middle_high": {
        "dmean": 0.00222730147652,
        "dmean2": 0.00340683641843,
        "dvar": 9.27159817365e-06,
        "dvar2": 2.16134412767e-05,
        "max": 0.0289906580001,
        "mean": 0.00341407954693,
        "median": 0.00165849539917,
        "min": 8.30198223412e-06,
        "var": 1.82617841347e-05
    },
    "spectral_energyband_middle_low": {
        "dmean": 0.00701768184081,
        "dmean2": 0.0110899303108,
        "dvar": 0.000139259776915,
        "dvar2": 0.000327092158841,
        "max": 0.102620176971,
        "mean": 0.00833989400417,
        "median": 0.00398783292621,
        "min": 1.41929740494e-05,
        "var": 0.000166402300238
    },
    "spectral_entropy": {
        "dmean": 0.27897849679,
        "dmean2": 0.39537769556,
        "dvar": 0.0730117559433,
        "dvar2": 0.151519775391,
        "max": 8.79970836639,
        "mean": 7.51000213623,
        "median": 7.54614925385,
        "min": 5.44842004776,
        "var": 0.207172244787
    },
    "spectral_flux": {
        "dmean": 0.0487124323845,
        "dmean2": 0.074739061296,
        "dvar": 0.00270410231315,
        "dvar2": 0.00571304233745,
        "max": 0.432202011347,
        "mean": 0.104616761208,
        "median": 0.0817671194673,
        "min": 0.00392879499123,
        "var": 0.00597479892895
    },
    "spectral_kurtosis": {
        "dmean": 2.29397130013,
        "dmean2": 3.65458536148,
        "dvar": 7.37417078018,
        "dvar2": 18.266462326,
        "max": 33.4709281921,
        "mean": 4.12891197205,
        "median": 3.21458482742,
        "min": -0.900841712952,
        "var": 12.554851532
    },
    "spectral_rms": {
        "dmean": 0.00135909987148,
        "dmean2": 0.0018636075547,
        "dvar": 2.5876579457e-06,
        "dvar2": 3.8385969674e-06,
        "max": 0.0151628814638,
        "mean": 0.00559625960886,
        "median": 0.0057542049326,
        "min": 0.000197421381017,
        "var": 9.54061397351e-06
    },
    "spectral_rolloff": {
        "dmean": 607.097961426,
        "dmean2": 991.110961914,
        "dvar": 984352.875,
        "dvar2": 1997274.5,
        "max": 10400.5371094,
        "mean": 1173.21862793,
        "median": 624.462890625,
        "min": 64.599609375,
        "var": 2221330.5
    },
    "spectral_skewness": {
        "dmean": 0.337502419949,
        "dmean2": 0.50615131855,
        "dvar": 0.0978069826961,
        "dvar2": 0.242278560996,
        "max": 4.25654268265,
        "mean": 1.42841756344,
        "median": 1.37838590145,
        "min": -0.320012897253,
        "var": 0.276141285896
    },
    "spectral_spread": {
        "dmean": 863253,
        "dmean2": 1198519.875,
        "dvar": 761368215552,
        "dvar2": 1.48286773658e+12,
        "max": 12072004,
        "mean": 4455670.5,
        "median": 4143040,
        "min": 1324496.25,
        "var": 2.41441990246e+12
    },
    "spectral_strongpeak": {
        "dmean": 0.383534491062,
        "dmean2": 0.638906061649,
        "dvar": 0.453025996685,
        "dvar2": 1.09537482262,
        "max": 10.8851671219,
        "mean": 0.651713550091,
        "median": 0.413603276014,
        "min": 0,
        "var": 0.610620737076
    },
    "zerocrossingrate": {
        "dmean": 0.0147436754778,
        "dmean2": 0.016559202224,
        "dvar": 0.000284975743853,
        "dvar2": 0.000283555564238,
        "max": 0.35791015625,
        "mean": 0.0477431826293,
        "median": 0.03857421875,
        "min": 0.001953125,
        "var": 0.00181142578367
    },
    "barkbands": {
        "dmean": [0.000576373306103, 0.00895857717842, 0.00853955838829, 0.00222722813487, 0.00275844847783, 0.000843284302391, 0.000947385677136, 0.000889754446689, 0.000738407019526, 0.000556728395168, 0.000285259855445, 0.000379306002287, 0.00031136823236, 0.000265259615844, 0.000377229152946, 0.000344798347214, 0.00025083773653, 0.000235127561609, 0.000166506579262, 0.000125466583995, 0.00018269137945, 0.000165692166775, 0.000168060767464, 0.000155442874529, 0.000124591315398, 7.20958050806e-05, 2.18732285617e-08],
        "dmean2": [0.000918294477742, 0.0147877270356, 0.0125503670424, 0.00383881200105, 0.00442177243531, 0.00138453859836, 0.00158204929903, 0.00146873411722, 0.00122818583623, 0.000879608618561, 0.000423884135671, 0.000627577595878, 0.000510925950948, 0.000426606886322, 0.000603148830123, 0.000568077957723, 0.000400511024054, 0.000390479166526, 0.000279919418972, 0.000204756564926, 0.000264993897872, 0.000250163691817, 0.00025479827309, 0.00024174117425, 0.000210308717215, 0.000120886332297, 3.9453059486e-08],
        "dvar": [1.58910847858e-06, 0.000216860862565, 0.000606306013651, 4.51413434348e-05, 5.63583962503e-05, 2.5612000627e-06, 4.50682910014e-06, 3.62084961125e-06, 2.80180620393e-06, 1.82343467259e-06, 3.22319664292e-07, 7.07756385054e-07, 6.71041163969e-07, 3.19948611605e-07, 6.79715071783e-07, 5.83676751376e-07, 1.66576825222e-07, 1.78087859126e-07, 1.18638631363e-07, 6.62515873273e-08, 1.86518747114e-07, 1.13237774713e-07, 2.38025862132e-07, 2.96013524803e-07, 7.46595389955e-08, 3.73406514598e-08, 6.4133552764e-15],
        "dvar2": [4.23219489676e-06, 0.000560893677175, 0.00123383512255, 0.000125735037727, 0.000117582676467, 6.4543382905e-06, 1.15003058454e-05, 8.818270544e-06, 7.17697821528e-06, 4.29568626714e-06, 5.99319548655e-07, 1.78897278147e-06, 1.7105102188e-06, 8.05978345397e-07, 1.54539350206e-06, 1.46431557368e-06, 4.08869539115e-07, 4.73241954069e-07, 3.12810954028e-07, 1.58138433903e-07, 3.52893209765e-07, 2.51648003768e-07, 4.29666357604e-07, 6.17277123638e-07, 1.9082159497e-07, 9.72094511553e-08, 1.74326597266e-14],
        "max": [0.0190436858684, 0.124334484339, 0.180222943425, 0.0440705604851, 0.0913104116917, 0.0162658523768, 0.020947881043, 0.027214191854, 0.0212038531899, 0.0199688374996, 0.00826081167907, 0.00921603385359, 0.0152214728296, 0.00681353220716, 0.0114482566714, 0.0107233524323, 0.00513633899391, 0.00547142978758, 0.00451701972634, 0.00432167341933, 0.0090838978067, 0.00474488595501, 0.0131522491574, 0.0177765674889, 0.00228384952061, 0.00145134294871, 8.97640575204e-07],
        "mean": [0.00107959669549, 0.020334077999, 0.00782668869942, 0.00184302241541, 0.00266377162188, 0.000981464982033, 0.000965896470007, 0.000907986366656, 0.000717917224392, 0.000595314719249, 0.000359564990504, 0.000381372316042, 0.000323603861034, 0.000282361812424, 0.00043176280451, 0.000374971452402, 0.000306581176119, 0.000286309892545, 0.000159282964887, 0.000130008804263, 0.000230674428167, 0.000185051365406, 0.000202507493668, 0.0001525098196, 0.000102737722045, 5.52134624741e-05, 1.41705589485e-08],
        "median": [0.000185933968169, 0.0161772947758, 0.000196322129341, 6.69762739562e-05, 0.000438788818428, 0.000286299560685, 0.000275986152701, 0.000138253439218, 0.000137393391924, 9.19383601286e-05, 6.65331026539e-05, 8.5003717686e-05, 7.38569433452e-05, 8.57840204844e-05, 8.8470063929e-05, 9.89778491203e-05, 0.000122536395793, 9.76993396762e-05, 4.99820416735e-05, 3.60339436156e-05, 4.42288546765e-05, 3.54017101927e-05, 3.75134004571e-05, 1.72429645318e-05, 7.54977736506e-06, 1.8404690536e-06, 2.94658103472e-10],
        "min": [2.97651348014e-10, 1.03664792306e-08, 2.04852632635e-08, 5.80447938603e-08, 3.79169961207e-07, 2.31654695426e-07, 5.246214414e-07, 1.85561361832e-07, 4.0855488237e-07, 3.75498416361e-07, 2.31866167155e-07, 1.493727666e-07, 3.14617068398e-07, 2.37257424374e-07, 2.10037470083e-07, 1.17934987998e-07, 1.80842931741e-07, 1.73402995074e-07, 8.93712055472e-08, 3.904885304e-08, 1.3231560736e-08, 3.58651175425e-09, 5.79836678671e-10, 3.31732641357e-10, 7.25509799807e-12, 6.79269314408e-12, 1.0211122746e-11],
        "var": [2.80806330011e-06, 0.000431153399404, 0.000690306071192, 3.4586613765e-05, 6.64356193738e-05, 3.40393944498e-06, 4.62253728983e-06, 3.90204104406e-06, 2.65007975031e-06, 2.38644383899e-06, 6.77153195738e-07, 7.4596050581e-07, 7.03884211362e-07, 3.52295415951e-07, 9.79302285486e-07, 6.74392765632e-07, 2.33249053849e-07, 2.36060714087e-07, 1.0163897457e-07, 7.03752931486e-08, 3.24422842368e-07, 1.60153902584e-07, 4.40015213599e-07, 4.20334316686e-07, 6.59257253233e-08, 2.96144104794e-08, 4.11918093832e-15]
    },
    "erbbands": {
        "dmean": [0.281831711531, 2.02276730537, 7.83210468292, 8.09091567993, 5.00117683411, 13.502327919, 6.5181889534, 8.20778751373, 13.1220979691, 14.5415964127, 19.2348022461, 16.5920810699, 19.245426178, 12.5104961395, 13.0175056458, 13.9254579544, 14.0837516785, 11.6895246506, 17.7386474609, 18.512556076, 15.5501766205, 13.5323429108, 11.8343153, 11.3326120377, 7.35710763931, 5.94793605804, 8.10504436493, 6.51451253891, 5.84239053726, 5.03353214264, 5.05119562149, 3.25895261765, 2.62831020355, 1.63988280296, 0.737610518932, 0.419669270515, 0.117217496037, 0.00637542037293, 0.000144617835758, 2.55011200352e-05],
        "dmean2": [0.465747177601, 3.27965545654, 11.1796760559, 12.8181762695, 8.17215538025, 21.4110832214, 10.3417749405, 13.423415184, 21.0551319122, 24.0610256195, 31.803483963, 27.4472637177, 30.1711177826, 18.4574661255, 20.2773761749, 22.6392498016, 23.3592243195, 18.1445083618, 28.548242569, 29.3004188538, 25.1369895935, 22.0250244141, 19.3773136139, 18.8667411804, 12.4190149307, 9.68503761292, 12.1113414764, 9.72063922882, 8.82110023499, 7.84945964813, 7.57401227951, 4.8160533905, 4.23469924927, 2.78633284569, 1.26780056953, 0.711582481861, 0.19658075273, 0.0105747031048, 0.000233958970057, 3.76947682525e-05],
        "dvar": [0.190186619759, 12.1772975922, 459.389801025, 591.365356445, 122.867706299, 1823.4498291, 215.49281311, 286.433013916, 803.833129883, 927.1640625, 1867.6854248, 1586.86560059, 2338.76806641, 755.291381836, 753.612548828, 766.562744141, 1391.96142578, 568.152709961, 1366.87756348, 1893.57336426, 811.682678223, 508.293792725, 425.884979248, 487.789611816, 226.136734009, 143.492584229, 473.408294678, 204.21925354, 153.753112793, 120.502067566, 283.380310059, 134.357772827, 71.5749359131, 13.8531894684, 2.84647011757, 1.0670838356, 0.120136402547, 0.000393747817725, 1.59955860113e-07, 1.66534652735e-09],
        "dvar2": [0.494317144156, 29.7379550934, 900.318725586, 1125.81530762, 319.243743896, 3627.48291016, 497.429412842, 725.155090332, 1888.02941895, 2378.00976562, 4693.01513672, 4141.88427734, 5759.3203125, 1541.00085449, 1818.49560547, 1916.93933105, 3707.61352539, 1327.20629883, 3060.96069336, 4597.38476562, 1985.85803223, 1274.63464355, 1092.6081543, 1299.65454102, 602.100769043, 342.136047363, 973.365905762, 391.770050049, 327.80871582, 286.855499268, 547.497680664, 232.935836792, 158.616043091, 35.5726203918, 7.35029315948, 2.76238918304, 0.31155526638, 0.000964489590842, 3.92709495145e-07, 2.77149259098e-09],
        "max": [3.56868004799, 35.3408317566, 165.386001587, 162.455535889, 79.0679473877, 511.334960938, 187.948913574, 157.404693604, 348.469543457, 334.718719482, 740.157714844, 606.187683105, 828.452392578, 514.788879395, 390.950286865, 310.374572754, 703.036376953, 378.99017334, 790.638427734, 824.948791504, 378.893676758, 293.611175537, 321.339630127, 239.003417969, 111.53755188, 202.326644897, 531.586364746, 183.577789307, 186.444747925, 200.341522217, 501.716491699, 386.531341553, 253.866348267, 35.2391548157, 14.7001390457, 7.56522226334, 2.73961305618, 0.176873072982, 0.00343046779744, 0.000321186467772],
        "mean": [0.681583702564, 4.22688627243, 8.32705783844, 8.89559268951, 4.58213472366, 12.9732666016, 6.97046756744, 9.49377918243, 14.9696683884, 15.1658449173, 19.0238380432, 16.3698406219, 20.452829361, 14.8955039978, 15.6234302521, 15.2568712234, 15.1065502167, 13.6176786423, 21.1989383698, 21.7737255096, 18.8701324463, 16.9535942078, 15.4478969574, 11.8944654465, 6.87552261353, 6.2520198822, 9.65815830231, 7.96924257278, 6.67009401321, 5.99821376801, 5.88802623749, 3.52211046219, 2.42443585396, 1.40680253506, 0.577024161816, 0.321881622076, 0.0899990424514, 0.00497887749225, 0.000132248344016, 5.56313607376e-05],
        "median": [0.719407916069, 1.84816420078, 0.726880073547, 0.324086606503, 0.556081831455, 1.58524811268, 1.53716623783, 2.71898794174, 4.00194835663, 4.21185112, 3.73626422882, 3.68316984177, 3.28411889076, 2.68201589584, 3.42412829399, 3.76320672035, 3.79657793045, 4.63040590286, 4.89548587799, 5.24980068207, 6.46362113953, 7.00349664688, 5.61370992661, 3.97965526581, 2.09049725533, 1.80707764626, 2.05151534081, 1.57174611092, 1.18167209625, 1.37540340424, 1.07629835606, 0.462511628866, 0.247536212206, 0.117661438882, 0.0321160256863, 0.0110165923834, 0.00262549635954, 0.000156608497491, 2.22746093641e-05, 4.04966667702e-05],
        "min": [4.71187377116e-07, 9.16556746233e-06, 0.000114696529636, 0.000400347867981, 0.000614398275502, 0.00100833666511, 0.00309460121207, 0.00322913588025, 0.0074320952408, 0.00800650846213, 0.00543210981414, 0.00957674626261, 0.0138715719804, 0.0139616401866, 0.00714415172115, 0.00893080513924, 0.013716744259, 0.020089853555, 0.0140685224906, 0.0107806092128, 0.0125988600776, 0.0113358739763, 0.00927104428411, 0.00655857985839, 0.0022939692717, 0.00227985042147, 0.00203777686693, 0.000431170337833, 0.000104215687315, 7.07105937181e-05, 0.000146008853335, 4.23949059041e-05, 8.62934393808e-06, 9.36422736686e-07, 1.95849708007e-07, 9.93132474036e-08, 5.03029973231e-08, 1.3490009998e-08, 2.43608493378e-08, 4.99007875021e-08],
        "var": [0.41778126359, 25.6384620667, 575.098510742, 734.36114502, 111.926490784, 2230.14550781, 278.332519531, 354.390563965, 1102.52722168, 921.044494629, 1814.5, 1415.14355469, 2777.02075195, 1328.81555176, 1197.45812988, 934.228027344, 1365.56542969, 726.901550293, 2230.92871094, 2457.8137207, 1096.05883789, 693.011413574, 675.599609375, 462.283782959, 187.321121216, 153.873718262, 688.484741211, 361.363464355, 226.805831909, 171.596633911, 483.306945801, 245.638000488, 88.5267791748, 12.8467941284, 2.3397462368, 0.869296014309, 0.0935856848955, 0.000335956225172, 1.4341901533e-07, 3.67292618542e-09]
    },
    "gfcc": {
        "mean": [-43.6437644958, 91.8086090088, -120.213737488, 46.1709060669, -54.5623168945, 21.0524959564, -32.6788253784, 11.115937233, -8.33651638031, 3.23457407951, -8.41931247711, 2.58202624321, -4.98581695557],
        "cov": [[8429.71484375, -1452.39855957, 882.319274902, 225.054321289, -225.891281128, 713.227294922, -491.739501953, 646.714599609, -318.528564453, 391.952728271, -369.592407227, 306.304595947, -231.858337402], [-1452.39855957, 1996.55859375, -14.3235940933, -68.3815002441, 602.592468262, -56.2686843872, 511.270751953, -131.525512695, 411.454376221, -65.3360519409, 422.667419434, -23.9880008698, 244.576004028], [882.319274902, -14.3235940933, 1664.31188965, 631.382080078, 560.178527832, 451.270568848, 166.779724121, 229.815917969, 33.8857345581, 198.186828613, -20.7666854858, 48.29246521, -49.0912475586], [225.054321289, -68.3815002441, 631.382080078, 853.416381836, 390.25189209, 206.888687134, 160.288574219, 29.3480091095, 140.837905884, 73.5713195801, 109.263595581, 25.7091903687, 73.5880737305], [-225.891281128, 602.592468262, 560.178527832, 390.25189209, 905.834289551, 339.830749512, 375.592132568, 80.4005203247, 246.586837769, 72.1264953613, 137.89680481, 50.2501525879, 108.205421448], [713.227294922, -56.2686843872, 451.270568848, 206.888687134, 339.830749512, 596.881347656, 264.201934814, 166.117111206, 109.947052002, 94.7401733398, 27.626411438, 28.7095527649, 24.6305503845], [-491.739501953, 511.270751953, 166.779724121, 160.288574219, 375.592132568, 264.201934814, 555.143554688, 74.2923736572, 260.075378418, 66.145072937, 151.458908081, 15.8355789185, 94.8351364136], [646.714599609, -131.525512695, 229.815917969, 29.3480091095, 80.4005203247, 166.117111206, 74.2923736572, 318.232910156, 79.3554229736, 68.5563201904, -27.158121109, 22.3168373108, -0.100547291338], [-318.528564453, 411.454376221, 33.8857345581, 140.837905884, 246.586837769, 109.947052002, 260.075378418, 79.3554229736, 379.151519775, 40.6328315735, 144.782592773, 21.6994743347, 98.2893447876], [391.952728271, -65.3360519409, 198.186828613, 73.5713195801, 72.1264953613, 94.7401733398, 66.145072937, 68.5563201904, 40.6328315735, 193.492874146, 24.5425262451, 29.5150680542, -7.79428529739], [-369.592407227, 422.667419434, -20.7666854858, 109.263595581, 137.89680481, 27.626411438, 151.458908081, -27.158121109, 144.782592773, 24.5425262451, 263.791870117, 12.905090332, 105.158500671], [306.304595947, -23.9880008698, 48.29246521, 25.7091903687, 50.2501525879, 28.7095527649, 15.8355789185, 22.3168373108, 21.6994743347, 29.5150680542, 12.905090332, 143.173416138, 23.1709785461], [-231.858337402, 244.576004028, -49.0912475586, 73.5880737305, 108.205421448, 24.6305503845, 94.8351364136, -0.100547291338, 98.2893447876, -7.79428529739, 105.158500671, 23.1709785461, 155.017211914]],
        "icov": [[0.000248979573371, -0.000179545037099, 0.00010212000052, -0.000233649770962, 0.000190195743926, -0.000453103828477, 0.000427101418609, -0.000449812534498, 0.000206239463296, -0.000404253427405, 0.000256298284512, -0.000516310101375, 0.000228796736337], [-0.000179545037099, 0.00202384730801, -0.000687605701387, 0.00149237958249, -0.00115050782915, 0.00136493134778, -0.00122750375886, 0.00116546801291, -0.00100792758167, 0.00121974479407, -0.00205043377355, 0.00103771931026, -0.00111367809586], [0.00010212000052, -0.000687605701387, 0.00155533582438, -0.0012695195619, -0.000141311844345, -0.000868423085194, 0.000596375437453, -0.0010253196815, 0.000852671393659, -0.00107674347237, 0.000816341838799, -0.000475891283713, 0.00112648610957], [-0.000233649770962, 0.00149237958249, -0.0012695195619, 0.00310818944126, -0.0011253124103, 0.0010649333708, -0.000855705991853, 0.00150452158414, -0.00123396958224, 0.0010266735917, -0.00185162888374, 0.00104774790816, -0.00150731089525], [0.000190195743926, -0.00115050782915, -0.000141311844345, -0.0011253124103, 0.00290441699326, -0.00133541645482, 7.07561775926e-05, -0.000441081239842, 3.86680439988e-05, -0.000488486199174, 0.00115378166083, -0.00105896499008, 5.69006988371e-05], [-0.000453103828477, 0.00136493134778, -0.000868423085194, 0.0010649333708, -0.00133541645482, 0.00428750924766, -0.00230892281979, 0.000387205480365, -0.00052119710017, 0.000948145694565, -0.00120575039182, 0.00124782253988, -0.000938491488341], [0.000427101418609, -0.00122750375886, 0.000596375437453, -0.000855705991853, 7.07561775926e-05, -0.00230892281979, 0.00482941512018, -0.00105678639375, -0.000692249857821, -0.00151793996338, 0.000610031944234, -0.000833426311146, 0.000606201589108], [-0.000449812534498, 0.00116546801291, -0.0010253196815, 0.00150452158414, -0.000441081239842, 0.000387205480365, -0.00105678639375, 0.00563026545569, -0.00204725167714, 0.000379589677323, -0.000264532398432, 0.0010175134521, -0.00130945304409], [0.000206239463296, -0.00100792758167, 0.000852671393659, -0.00123396958224, 3.86680439988e-05, -0.00052119710017, -0.000692249857821, -0.00204725167714, 0.00556218158454, -0.0009879154386, -0.00017689820379, -0.000795936910436, -0.000104916354758], [-0.000404253427405, 0.00121974479407, -0.00107674347237, 0.0010266735917, -0.000488486199174, 0.000948145694565, -0.00151793996338, 0.000379589677323, -0.0009879154386, 0.00771226780489, -0.00226279906929, 5.28615455551e-05, 0.000303044856992], [0.000256298284512, -0.00205043377355, 0.000816341838799, -0.00185162888374, 0.00115378166083, -0.00120575039182, 0.000610031944234, -0.000264532398432, -0.00017689820379, -0.00226279906929, 0.00850828830153, -0.000997454393655, -0.0018555225106], [-0.000516310101375, 0.00103771931026, -0.000475891283713, 0.00104774790816, -0.00105896499008, 0.00124782253988, -0.000833426311146, 0.0010175134521, -0.000795936910436, 5.28615455551e-05, -0.000997454393655, 0.0088368691504, -0.00214304123074], [0.000228796736337, -0.00111367809586, 0.00112648610957, -0.00150731089525, 5.69006988371e-05, -0.000938491488341, 0.000606201589108, -0.00130945304409, -0.000104916354758, 0.000303044856992, -0.0018555225106, -0.00214304123074, 0.0110209714621]]
    },
    "melbands": {
        "dmean": [0.00247734156437, 0.00334761966951, 0.00125568557996, 0.000639081466943, 0.000331078103045, 0.000180569812073, 0.000195723667275, 0.000167594014783, 0.000156436915859, 0.000103470607428, 9.67377418419e-05, 5.28809905518e-05, 4.01903198508e-05, 4.36636182712e-05, 3.36611665261e-05, 2.94623696391e-05, 2.19035555347e-05, 2.89878917101e-05, 2.91991655104e-05, 2.69033062068e-05, 1.69329523487e-05, 1.56275509653e-05, 1.08502099465e-05, 1.2215253264e-05, 9.37969252846e-06, 5.36887228009e-06, 4.49969002148e-06, 4.09175527238e-06, 5.12805172548e-06, 5.1189667829e-06, 3.63473463949e-06, 3.61071306543e-06, 2.94786173072e-06, 2.75382285508e-06, 3.18841625813e-06, 2.56926750808e-06, 1.86764179944e-06, 1.80819995421e-06, 1.82550809313e-06, 1.30248895402e-06],
        "dmean2": [0.00410140072927, 0.00494666397572, 0.00197540200315, 0.00102509523276, 0.000519544119015, 0.000292731361696, 0.000317982805427, 0.000276433711406, 0.000258773274254, 0.000171203180798, 0.000152286200318, 7.97464308562e-05, 6.16862162133e-05, 7.10590175004e-05, 5.57609128009e-05, 4.84304546262e-05, 3.45287189703e-05, 4.746713239e-05, 4.52370622952e-05, 4.39677387476e-05, 2.70807231573e-05, 2.52620975516e-05, 1.77976453415e-05, 2.04441457754e-05, 1.57655977091e-05, 8.93264495971e-06, 7.68012341723e-06, 6.71647239869e-06, 7.84016447142e-06, 7.41416806704e-06, 5.60954549655e-06, 5.54868211111e-06, 4.6082523113e-06, 4.31963871961e-06, 4.79732989334e-06, 3.76629986931e-06, 2.88209866994e-06, 2.91155083687e-06, 3.05009507429e-06, 2.21475875151e-06],
        "dvar": [1.56483147293e-05, 6.60734003759e-05, 1.36602229759e-05, 2.79074583887e-06, 8.22028937364e-07, 1.21735610037e-07, 1.81834153068e-07, 1.21922340668e-07, 1.25232887171e-07, 6.50172893302e-08, 5.9528389329e-08, 1.40797862258e-08, 6.00591709699e-09, 9.16929199235e-09, 7.08633418611e-09, 4.70743755088e-09, 2.19512275024e-09, 4.12040579434e-09, 4.286376587e-09, 4.32031965758e-09, 8.5603613087e-10, 7.11383618679e-10, 3.53129331332e-10, 5.69825464591e-10, 3.70295932806e-10, 1.18844462049e-10, 8.86747064666e-11, 7.39275654582e-11, 1.59298810254e-10, 1.91231225299e-10, 7.80196879324e-11, 7.27721841121e-11, 3.26623103564e-11, 3.73742183035e-11, 1.28706822977e-10, 6.53193679701e-11, 6.47447234714e-11, 4.92738107261e-11, 1.78037220383e-11, 9.17339294804e-12],
        "dvar2": [4.11944456573e-05, 0.000127728097141, 2.50828416029e-05, 5.63049388802e-06, 1.77500430709e-06, 3.01517161461e-07, 4.47175779072e-07, 3.03907796706e-07, 3.10178393192e-07, 1.69582520471e-07, 1.45344003499e-07, 2.92676745062e-08, 1.287648832e-08, 2.31024124275e-08, 1.84091035749e-08, 1.15904112974e-08, 5.23368237637e-09, 9.83320180836e-09, 9.87832216026e-09, 1.06056310401e-08, 2.11076800483e-09, 1.78340731072e-09, 8.9998963837e-10, 1.52707035905e-09, 9.9077435145e-10, 3.06575237419e-10, 2.32210584095e-10, 1.76467354618e-10, 3.31935950948e-10, 3.73669095666e-10, 1.63754731997e-10, 1.57938759293e-10, 7.98330707097e-11, 8.63180638078e-11, 2.77436573715e-10, 1.12079151515e-10, 1.30308749902e-10, 1.13055773077e-10, 4.40264734392e-11, 2.39482478986e-11],
        "max": [0.0343055687845, 0.0607850961387, 0.0259073413908, 0.0185290500522, 0.0121659003198, 0.00330691295676, 0.00444099493325, 0.00497429678217, 0.00576623389497, 0.00391991855577, 0.00407511088997, 0.00203290628269, 0.00126932037529, 0.00107426848263, 0.0012104131747, 0.00115669949446, 0.000614059041254, 0.0014297516318, 0.000886498717591, 0.00113009498455, 0.000306868983898, 0.000333267526003, 0.000227023861953, 0.000411385175539, 0.000225174400839, 0.000128406521981, 0.000105707513285, 0.000142589531606, 0.000246476382017, 0.000285349233309, 0.000124191807117, 0.000141459342558, 7.94873776613e-05, 0.000113319772936, 0.000348569417838, 0.000259662454482, 0.000269752606982, 0.000218951681745, 6.88272921252e-05, 2.66608440143e-05],
        "mean": [0.00595983769745, 0.00487357284874, 0.00141883885954, 0.000600570521783, 0.000343484949553, 0.000217360648094, 0.000216263069888, 0.000172426021891, 0.000152644817717, 0.000101189703855, 0.000101028308563, 5.98376136622e-05, 5.03161681991e-05, 4.43141943833e-05, 3.63896251656e-05, 3.0315357435e-05, 2.44685888902e-05, 3.26529916492e-05, 3.30813891196e-05, 2.85697587969e-05, 2.05118685699e-05, 1.8750966774e-05, 1.32272753035e-05, 1.43436436701e-05, 9.23057632463e-06, 5.06746528117e-06, 4.10314123656e-06, 4.1712046368e-06, 5.71026066609e-06, 6.06141884418e-06, 4.16407101511e-06, 3.98604697693e-06, 3.23188533002e-06, 3.30936768478e-06, 3.59152477358e-06, 2.76906507679e-06, 1.89003742435e-06, 1.62898129474e-06, 1.6085759853e-06, 1.06476170458e-06],
        "median": [0.00590472435579, 0.00114486995153, 5.7085766457e-05, 8.12428042991e-05, 6.10721763223e-05, 6.20166247245e-05, 6.07365727774e-05, 3.48681205651e-05, 2.83186345769e-05, 1.95879420062e-05, 1.53513174155e-05, 9.88919873635e-06, 1.00851302705e-05, 9.5678251455e-06, 8.56791848491e-06, 7.49995388105e-06, 7.68596146372e-06, 7.2676543823e-06, 6.30703607385e-06, 6.15479211774e-06, 7.38723019822e-06, 7.62479976402e-06, 4.70145732834e-06, 4.54998826172e-06, 2.79478649645e-06, 1.44790737977e-06, 1.10369217055e-06, 1.00843010387e-06, 1.18460900467e-06, 1.05583239929e-06, 7.31237719265e-07, 6.0951327896e-07, 6.57791645153e-07, 7.53096117023e-07, 6.93107722327e-07, 3.69016163404e-07, 2.06504054745e-07, 1.51653424041e-07, 1.41037460821e-07, 6.56100382912e-08],
        "min": [3.07566261348e-09, 9.24452692175e-09, 4.89476086329e-08, 8.34754558809e-08, 7.26182989297e-08, 5.96596194669e-08, 1.01225666072e-07, 4.95979648463e-08, 4.43781296156e-08, 5.02291968019e-08, 4.18139975977e-08, 4.17441619049e-08, 2.84145560414e-08, 1.94614138138e-08, 4.29010178493e-08, 2.5481593724e-08, 3.34089023113e-08, 2.0767181752e-08, 1.44695446735e-08, 8.83968631626e-09, 1.26205081941e-08, 1.08649667041e-08, 5.6933093795e-09, 8.10469469315e-09, 4.62628957365e-09, 1.7561067045e-09, 9.10403141763e-10, 1.5849314916e-10, 8.61679783082e-10, 2.50363368925e-10, 8.80668246661e-11, 5.35696790746e-12, 3.24108795358e-11, 2.66920704289e-11, 1.00155528402e-12, 1.98238491594e-11, 3.78559867915e-13, 9.65522217841e-14, 7.52888487774e-14, 5.88665875485e-14],
