{
"highlevel": {
    "danceability": {
        "all": {
            "danceable": 0.988902688026,
            "not_danceable": 0.0110972896218
        },
        "probability": 0.988902688026,
        "value": "danceable"
    },
    "gender": {
        "all": {
            "female": 0.1417183429,
            "male": 0.858281672001
        },
        "probability": 0.858281672001,
        "value": "male"
    },
    "genre_dortmund": {
        "all": {
            "alternative": 0.0906909257174,
            "blues": 0.0273523200303,
            "electronic": 0.0684463083744,
            "folkcountry": 0.0617676712573,
            "funksoulrnb": 0.0153185324743,
            "jazz": 0.0536856986582,
            "pop": 0.0414690487087,
            "raphiphop": 0.0588508993387,
            "rock": 0.582418620586
        },
        "probability": 0.582418620586,
        "value": "rock"
    },
    "genre_electronic": {
        "all": {
            "ambient": 0.451232999563,
            "dnb": 0.0863994583488,
            "house": 0.0437059998512,
            "techno": 0.0110529251397,
            "trance": 0.407608628273
        },
        "probability": 0.451232999563,
        "value": "ambient"
    },
    "genre_rosamerica": {
        "all": {
            "cla": 0.00120338331908,
            "dan": 0.0633556395769,
            "hip": 0.00681938743219,
            "jaz": 0.00528447655961,
            "pop": 0.543312728405,
            "rhy": 0.0176317263395,
            "roc": 0.356963038445,
            "spe": 0.00542957568541
        },
        "probability": 0.543312728405,
        "value": "pop"
    },
    "genre_tzanetakis": {
        "all": {
            "blu": 0.0626613423228,
            "cla": 0.0348169617355,
            "cou": 0.104475811124,
            "dis": 0.0784321576357,
            "hip": 0.15692435205,
            "jaz": 0.313974827528,
            "met": 0.0448166541755,
            "pop": 0.0627359300852,
            "reg": 0.0627360641956,
            "roc": 0.0784258767962
        },
        "probability": 0.313974827528,
        "value": "jaz"
    },
    "ismir04_rhythm": {
        "all": {
            "ChaChaCha": 0.122699201107,
            "Jive": 0.450087100267,
            "Quickstep": 0.0861624032259,
            "Rumba-American": 0.0101104229689,
            "Rumba-International": 0.0434473864734,
            "Rumba-Misc": 0.00362832797691,
            "Samba": 0.260805815458,
            "Tango": 0.00635444745421,
            "VienneseWaltz": 0.0151005517691,
            "Waltz": 0.00160435005091
        },
        "probability": 0.450087100267,
        "value": "Jive"
    },
    "mood_acoustic": {
        "all": {
            "acoustic": 0.199026092887,
            "not_acoustic": 0.800973892212
        },
        "probability": 0.800973892212,
        "value": "not_acoustic"
    },
    "mood_aggressive": {
        "all": {
            "aggressive": 0.464563041925,
            "not_aggressive": 0.535436987877
        },
        "probability": 0.535436987877,
        "value": "not_aggressive"
    },
    "mood_electronic": {
        "all": {
            "electronic": 0.8696372509,
            "not_electronic": 0.130362734199
        },
        "probability": 0.8696372509,
        "value": "electronic"
    },
    "mood_happy": {
        "all": {
            "happy": 0.83084654808,
            "not_happy": 0.169153422117
        },
        "probability": 0.83084654808,
        "value": "happy"
    },
    "mood_party": {
        "all": {
            "not_party": 0.554733157158,
            "party": 0.445266872644
        },
        "probability": 0.554733157158,
        "value": "not_party"
    },
    "mood_relaxed": {
        "all": {
            "not_relaxed": 0.818228781223,
            "relaxed": 0.181771218777
        },
        "probability": 0.818228781223,
        "value": "not_relaxed"
    },
    "mood_sad": {
        "all": {
            "not_sad": 0.742008149624,
            "sad": 0.257991850376
        },
        "probability": 0.742008149624,
        "value": "not_sad"
    },
    "moods_mirex": {
        "all": {
            "Cluster1": 0.584908664227,
            "Cluster2": 0.129112005234,
            "Cluster3": 0.062474489212,
            "Cluster4": 0.0540360510349,
            "Cluster5": 0.169468775392
        },
        "probability": 0.584908664227,
        "value": "Cluster1"
    },
    "timbre": {
        "all": {
            "bright": 0.512687921524,
            "dark": 0.487312078476
        },
        "probability": 0.512687921524,
        "value": "bright"
    },
    "tonal_atonal": {
        "all": {
            "atonal": 0.0075720329769,
            "tonal": 0.992427945137
        },
        "probability": 0.992427945137,
        "value": "tonal"
    },
    "voice_instrumental": {
        "all": {
            "instrumental": 0.00481039984152,
            "voice": 0.995189607143
        },
        "probability": 0.995189607143,
        "value": "voice"
    }
},
"lowlevel": {
    "average_loudness": 0.984299004078,
    "barkbands_crest": {
        "dmean": 3.72248125076,
        "dmean2": 6.18575906754,
        "dvar": 10.6097831726,
        "dvar2": 29.4814586639,
        "max": 23.958070755,
        "mean": 10.4014816284,
        "median": 9.52111721039,
        "min": 3.23237013817,
        "var": 18.88164711
    },
    "barkbands_flatness_db": {
        "dmean": 0.0305017754436,
        "dmean2": 0.0487671755254,
        "dvar": 0.000893797783647,
        "dvar2": 0.00230345618911,
        "max": 0.325000017881,
        "mean": 0.140633419156,
        "median": 0.136086121202,
        "min": 0.0518761314452,
        "var": 0.00200881529599
    },
    "barkbands_kurtosis": {
        "dmean": 6.37666654587,
        "dmean2": 10.8727083206,
        "dvar": 133.205932617,
        "dvar2": 359.408538818,
        "max": 129.850891113,
        "mean": 7.070977211,
        "median": 3.10640716553,
        "min": -1.79333794117,
        "var": 134.660110474
    },
    "barkbands_skewness": {
        "dmean": 0.851180911064,
        "dmean2": 1.3637150526,
        "dvar": 0.992171466351,
        "dvar2": 2.51316571236,
        "max": 10.018078804,
        "mean": 2.09431672096,
        "median": 1.76433515549,
        "min": -0.477011442184,
        "var": 1.75871241093
    },
    "barkbands_spread": {
        "dmean": 7.66014957428,
        "dmean2": 11.7551994324,
        "dvar": 74.3052444458,
        "dvar2": 156.253952026,
        "max": 93.9570236206,
        "mean": 21.8423233032,
        "median": 19.5037994385,
        "min": 1.36926305294,
        "var": 176.93862915
    },
    "dissonance": {
        "dmean": 0.0183577351272,
        "dmean2": 0.030217576772,
        "dvar": 0.000256490107859,
        "dvar2": 0.00066685071215,
        "max": 0.499835163355,
        "mean": 0.464007794857,
        "median": 0.468230724335,
        "min": 0.3484582901,
        "var": 0.000514297222253
    },
    "dynamic_complexity": 1.5367398262,
    "erbbands_crest": {
        "dmean": 2.61775374413,
        "dmean2": 4.31024265289,
        "dvar": 5.7912607193,
        "dvar2": 14.2165460587,
        "max": 30.263633728,
        "mean": 7.91931533813,
        "median": 7.11460208893,
        "min": 2.39462661743,
        "var": 13.851565361
    },
    "erbbands_flatness_db": {
        "dmean": 0.0175270922482,
        "dmean2": 0.0245043076575,
        "dvar": 0.000227947472013,
        "dvar2": 0.000440531002823,
        "max": 0.253201335669,
        "mean": 0.118377812207,
        "median": 0.117266409099,
        "min": 0.0425612479448,
        "var": 0.000880143372342
    },
    "erbbands_kurtosis": {
        "dmean": 0.663599073887,
        "dmean2": 1.01911771297,
        "dvar": 0.596439480782,
        "dvar2": 1.25774908066,
        "max": 14.8751316071,
        "mean": -0.114069230855,
        "median": -0.417079925537,
        "min": -1.71473872662,
        "var": 1.49646472931
    },
    "erbbands_skewness": {
        "dmean": 0.347960978746,
        "dmean2": 0.52992528677,
        "dvar": 0.076370254159,
        "dvar2": 0.1805870682,
        "max": 2.52790999413,
        "mean": 0.395776361227,
        "median": 0.403784126043,
        "min": -1.64306330681,
        "var": 0.26057061553
    },
    "erbbands_spread": {
        "dmean": 11.1283693314,
        "dmean2": 16.1392860413,
        "dvar": 132.314743042,
        "dvar2": 252.583557129,
        "max": 166.560760498,
        "mean": 48.7569465637,
        "median": 45.8102912903,
        "min": 6.11986017227,
        "var": 442.098449707
    },
    "hfc": {
        "dmean": 10.5732460022,
        "dmean2": 14.8463487625,
        "dvar": 131.918640137,
        "dvar2": 280.537902832,
        "max": 110.417617798,
        "mean": 29.0965328217,
        "median": 26.3777008057,
        "min": 2.2379155159,
        "var": 290.875091553
    },
    "melbands_crest": {
        "dmean": 3.69186210632,
        "dmean2": 6.04625606537,
        "dvar": 9.09472084045,
        "dvar2": 25.0375709534,
        "max": 26.6648387909,
        "mean": 13.6335525513,
        "median": 13.2581996918,
        "min": 4.79585361481,
        "var": 20.2307472229
    },
    "melbands_flatness_db": {
        "dmean": 0.0375528484583,
        "dmean2": 0.0579546019435,
        "dvar": 0.00134558626451,
        "dvar2": 0.00317782931961,
        "max": 0.443215817213,
        "mean": 0.207522600889,
        "median": 0.200625315309,
        "min": 0.0851720646024,
        "var": 0.00370643241331
    },
    "melbands_kurtosis": {
        "dmean": 16.224811554,
        "dmean2": 26.9120559692,
        "dvar": 778.246826172,
        "dvar2": 2020.01220703,
        "max": 267.821136475,
        "mean": 22.2107982635,
        "median": 12.3189401627,
        "min": -1.03221166134,
        "var": 865.514526367
    },
    "melbands_skewness": {
        "dmean": 1.18427038193,
        "dmean2": 1.84913980961,
        "dvar": 1.86910414696,
        "dvar2": 4.56489229202,
        "max": 14.2114238739,
        "mean": 3.39860701561,
        "median": 3.04618144035,
        "min": -0.293875575066,
        "var": 3.67505931854
    },
    "melbands_spread": {
        "dmean": 6.43396711349,
        "dmean2": 10.1232595444,
        "dvar": 41.7444229126,
        "dvar2": 91.1164169312,
        "max": 73.5419616699,
        "mean": 17.6074256897,
        "median": 16.709897995,
        "min": 0.983126699924,
        "var": 110.423179626
    },
    "pitch_salience": {
        "dmean": 0.0950138345361,
        "dmean2": 0.159363269806,
        "dvar": 0.00682154297829,
        "dvar2": 0.0197076946497,
        "max": 0.794231534004,
        "mean": 0.54456871748,
        "median": 0.551929533482,
        "min": 0.184330835938,
        "var": 0.0124246990308
    },
    "silence_rate_20dB": {
        "dmean": 0,
        "dmean2": 0,
        "dvar": 0,
        "dvar2": 0,
        "max": 1,
        "mean": 1,
        "median": 1,
        "min": 1,
        "var": 0
    },
    "silence_rate_30dB": {
        "dmean": 0.128482967615,
        "dmean2": 0.257164984941,
        "dvar": 0.11197591573,
        "dvar2": 0.242153719068,
        "max": 1,
        "mean": 0.883990705013,
        "median": 1,
        "min": 0,
        "var": 0.102551266551
    },
    "silence_rate_60dB": {
        "dmean": 0,
        "dmean2": 0,
        "dvar": 0,
        "dvar2": 0,
        "max": 0,
        "mean": 0,
        "median": 0,
        "min": 0,
        "var": 0
    },
    "spectral_centroid": {
        "dmean": 265.755523682,
        "dmean2": 409.098327637,
        "dvar": 61287.28125,
        "dvar2": 135230.40625,
        "max": 3562.64477539,
        "mean": 1168.16772461,
        "median": 1109.00720215,
        "min": 239.511749268,
        "var": 192463.4375
    },
    "spectral_complexity": {
        "dmean": 5.40634679794,
        "dmean2": 7.48179721832,
        "dvar": 25.6282806396,
        "dvar2": 46.6896057129,
        "max": 53,
        "mean": 22.4733181,
        "median": 22,
        "min": 5,
        "var": 71.4109802246
    },
    "spectral_decrease": {
        "dmean": 7.65260299573e-09,
        "dmean2": 1.28704913394e-08,
        "dvar": 1.21250145891e-16,
        "dvar2": 3.25739463589e-16,
        "max": -9.80278191953e-10,
        "mean": -1.48336276595e-08,
        "median": -1.20047527474e-08,
        "min": -7.49516360088e-08,
        "var": 1.2160403361e-16
    },
    "spectral_energy": {
        "dmean": 0.0294547006488,
        "dmean2": 0.0494144670665,
        "dvar": 0.00174522469752,
        "dvar2": 0.0046839332208,
        "max": 0.285672903061,
        "mean": 0.0586247444153,
        "median": 0.0481779426336,
        "min": 0.00390278035775,
        "var": 0.00176084251143
    },
    "spectral_energyband_high": {
        "dmean": 0.000718506693374,
        "dmean2": 0.00100433465559,
        "dvar": 1.15088118946e-06,
        "dvar2": 2.44703460339e-06,
        "max": 0.00994561426342,
        "mean": 0.00120295654051,
        "median": 0.000663422804791,
        "min": 3.54352414433e-05,
        "var": 1.95519351109e-06
    },
    "spectral_energyband_low": {
        "dmean": 0.0260367169976,
        "dmean2": 0.0449928715825,
        "dvar": 0.00177412212361,
        "dvar2": 0.00478056119755,
        "max": 0.265913873911,
        "mean": 0.0337219461799,
        "median": 0.0191129799932,
        "min": 0.000791725586168,
        "var": 0.00161064194981
    },
    "spectral_energyband_middle_high": {
        "dmean": 0.00248151505366,
        "dmean2": 0.00324038369581,
        "dvar": 9.25890708459e-06,
        "dvar2": 1.45883086589e-05,
        "max": 0.04249650985,
        "mean": 0.00635463604704,
        "median": 0.00456504663453,
        "min": 0.00020113561186,
        "var": 3.51747439709e-05
    },
    "spectral_energyband_middle_low": {
        "dmean": 0.00803710334003,
        "dmean2": 0.0125869642943,
        "dvar": 5.68053947063e-05,
        "dvar2": 0.00013020123879,
        "max": 0.0800834968686,
        "mean": 0.019554907456,
        "median": 0.0182156916708,
        "min": 0.000460762355942,
        "var": 0.000121745288197
    },
    "spectral_entropy": {
        "dmean": 0.18118737638,
        "dmean2": 0.258761107922,
        "dvar": 0.0262128990144,
        "dvar2": 0.049886777997,
        "max": 8.54947662354,
        "mean": 7.71744012833,
        "median": 7.70048236847,
        "min": 6.54798364639,
        "var": 0.100698575377
    },
    "spectral_flux": {
        "dmean": 0.0461233220994,
        "dmean2": 0.072949141264,
        "dvar": 0.00341252563521,
        "dvar2": 0.00800650008023,
        "max": 0.467715263367,
        "mean": 0.142045930028,
        "median": 0.126477256417,
        "min": 0.0335112959146,
        "var": 0.00454871309921
    },
    "spectral_kurtosis": {
        "dmean": 1.04946684837,
        "dmean2": 1.66866767406,
        "dvar": 0.989060938358,
        "dvar2": 2.20071601868,
        "max": 16.6677742004,
        "mean": 3.51958751678,
        "median": 3.35416603088,
        "min": -0.703854799271,
        "var": 2.84781360626
    },
    "spectral_rms": {
        "dmean": 0.00174132722896,
        "dmean2": 0.00281917885877,
        "dvar": 4.25023199568e-06,
        "dvar2": 1.08284020826e-05,
        "max": 0.0166944675148,
        "mean": 0.00716974027455,
        "median": 0.00685586407781,
        "min": 0.00195130484644,
        "var": 5.78961999054e-06
    },
    "spectral_rolloff": {
        "dmean": 548.997802734,
        "dmean2": 920.241088867,
        "dvar": 1054499.625,
        "dvar2": 2418205.5,
        "max": 11089.5996094,
        "mean": 1044.63574219,
        "median": 689.0625,
        "min": 86.1328125,
        "var": 1366280.5
    },
    "spectral_skewness": {
        "dmean": 0.179681897163,
        "dmean2": 0.27592343092,
        "dvar": 0.0252197310328,
        "dvar2": 0.0518956668675,
        "max": 3.48468780518,
        "mean": 1.50939750671,
        "median": 1.50980114937,
        "min": 0.44365221262,
        "var": 0.094581335783
    },
    "spectral_spread": {
        "dmean": 725542.625,
        "dmean2": 988553.4375,
        "dvar": 649286385664,
        "dvar2": 1.04691407258e+12,
        "max": 14577163,
        "mean": 5381878.5,
        "median": 5066901,
        "min": 2857207,
        "var": 2.19479185818e+12
    },
    "spectral_strongpeak": {
        "dmean": 0.539782941341,
        "dmean2": 0.918200016022,
        "dvar": 0.576054990292,
        "dvar2": 1.37700593472,
        "max": 7.16100072861,
        "mean": 0.796805202961,
        "median": 0.4600443542,
        "min": 0,
        "var": 0.931505084038
    },
    "zerocrossingrate": {
        "dmean": 0.0130694601685,
        "dmean2": 0.0148163670674,
        "dvar": 0.000196490582312,
        "dvar2": 0.000235377243371,
        "max": 0.23486328125,
        "mean": 0.055815871805,
        "median": 0.04931640625,
        "min": 0.00537109375,
        "var": 0.000895331904758
    },
    "barkbands": {
        "dmean": [0.00135650939774, 0.022099558264, 0.00470570940524, 0.00270088412799, 0.00372262182645, 0.00146952469368, 0.00176237302367, 0.00237886677496, 0.000934043549933, 0.00082550192019, 0.000418779876782, 0.000716805632692, 0.000453403801657, 0.000635491800494, 0.000358267308911, 0.000216132975766, 0.000242554247961, 0.00014901853865, 0.000212813334656, 0.000144446050399, 0.000125428530737, 0.000122637167806, 0.000125228325487, 0.000120279808471, 0.000143310302519, 0.000113598347525, 1.79995591765e-08],
        "dmean2": [0.00227062846534, 0.0384869985282, 0.00804350338876, 0.00450826995075, 0.00597205478698, 0.00241462257691, 0.00290821120143, 0.00385297089815, 0.00139812356792, 0.00126136641484, 0.000608923612162, 0.00108410278335, 0.000683278078213, 0.00099278986454, 0.000566704198718, 0.000349256588379, 0.000380495912395, 0.0002342077496, 0.000321932049701, 0.000221635069465, 0.000187027806533, 0.000185692580999, 0.000188885082025, 0.000175510940608, 0.000209634410567, 0.000178689238965, 2.33697310392e-08],
        "dvar": [3.38363656738e-06, 0.00141007977072, 3.6877416278e-05, 1.44932155308e-05, 1.45987896758e-05, 3.02337525682e-06, 5.5806644923e-06, 1.56443293235e-05, 3.5799782836e-06, 4.49194067187e-06, 1.27092334878e-06, 1.97189956452e-06, 9.52158757173e-07, 1.47103560266e-06, 4.46468931159e-07, 1.29796703163e-07, 9.52407788191e-08, 3.21937356773e-08, 1.36621565616e-07, 4.38472440578e-08, 2.89568529155e-08, 3.1647992671e-08, 5.00752186383e-08, 4.35387157438e-08, 7.43182511087e-08, 4.95083654073e-08, 1.85852730233e-13],
        "dvar2": [7.85267457104e-06, 0.00388309336267, 9.67876476352e-05, 3.8979225792e-05, 3.5985132854e-05, 7.28781787984e-06, 1.42086337291e-05, 3.94954622607e-05, 7.81296421337e-06, 9.84005146165e-06, 1.9000044631e-06, 3.98592010242e-06, 2.29538613894e-06, 3.27188399751e-06, 9.80915729087e-07, 3.47587018723e-07, 2.14413944377e-07, 7.60741869499e-08, 2.81951429315e-07, 1.00022369054e-07, 6.25748128869e-08, 7.22686763766e-08, 1.12932553975e-07, 9.55300123451e-08, 1.50624643425e-07, 1.17316844239e-07, 1.87383650805e-13],
        "max": [0.0160226412117, 0.234681874514, 0.0674656182528, 0.0474555417895, 0.0371162742376, 0.0260391719639, 0.0270825438201, 0.0387534275651, 0.0243072547019, 0.0265066474676, 0.0294892154634, 0.0294359996915, 0.0123038711026, 0.0141609441489, 0.0085472157225, 0.00576020544395, 0.0035790191032, 0.0016106920084, 0.00641917483881, 0.00429689930752, 0.00172839465085, 0.00207722978666, 0.00267329299822, 0.00210126279853, 0.00420270208269, 0.00225503277034, 1.54771969392e-05],
        "mean": [0.00142374821007, 0.0239080805331, 0.00643065245822, 0.00356293655932, 0.00590044632554, 0.00222917413339, 0.00252963020466, 0.00350219453685, 0.00137966638431, 0.00106880045496, 0.000593544216827, 0.00107090594247, 0.000664466700982, 0.000993256573565, 0.000565809197724, 0.000358849792974, 0.000427899154602, 0.000264555652393, 0.000391321285861, 0.000263819063548, 0.00021765108977, 0.000200624766876, 0.000189263868378, 0.000172216590727, 0.000189775062609, 0.000125432110508, 1.6032180028e-08],
        "median": [0.000637281860691, 0.0105813033879, 0.00436606723815, 0.00203362945467, 0.00449926313013, 0.00150692462921, 0.00153344043065, 0.00111533259042, 0.000431503518485, 0.000394712842535, 0.000208122073673, 0.000490353268106, 0.000273996061878, 0.00038031290751, 0.000265440525254, 0.000233437938732, 0.000298244762234, 0.000196723587578, 0.0002495245717, 0.000183460419066, 0.00014383274538, 0.000121210505313, 8.8217544544e-05, 7.62162089814e-05, 7.20465322956e-05, 3.869770444e-05, 1.11224207622e-09],
        "min": [1.05367562355e-05, 0.000140467804158, 2.18385666813e-05, 5.81886206419e-06, 7.2131959314e-05, 4.99905290781e-05, 1.38270297612e-05, 5.48650859855e-06, 9.32740022108e-06, 7.08315656084e-06, 2.84753400592e-06, 2.6585703381e-06, 8.30108365335e-06, 6.55073245071e-06, 3.66783206118e-06, 4.71760995424e-06, 5.1147872e-06, 1.04162691059e-05, 6.88824866302e-06, 6.31899911241e-06, 5.14456905876e-06, 4.66825167678e-06, 6.44694773655e-06, 5.25230188941e-06, 3.34936476065e-06, 1.04076789853e-07, 1.3756485534e-11],
        "var": [3.62027799383e-06, 0.00116690364666, 4.68500766146e-05, 1.91711369553e-05, 2.55754985119e-05, 5.74806654186e-06, 9.05139131646e-06, 2.84420875687e-05, 7.66080393078e-06, 6.18659350948e-06, 2.98246141028e-06, 3.96692757931e-06, 1.56130670348e-06, 2.86605040856e-06, 9.97506731437e-07, 2.18924370188e-07, 1.84002885817e-07, 5.21895593408e-08, 2.82032829091e-07, 8.45468548505e-08, 4.61328149015e-08, 5.14195370727e-08, 7.75114656903e-08, 6.41677999624e-08, 1.25167659348e-07, 5.77312242456e-08, 1.85449271499e-13]
    },
    "erbbands": {
        "dmean": [0.609209120274, 5.04429006577, 6.34182548523, 7.20344305038, 9.82239151001, 13.4705610275, 15.3825979233, 13.1786336899, 24.1888618469, 35.0354537964, 44.0992469788, 19.4023838043, 28.6307411194, 13.162610054, 24.4721126556, 23.1909141541, 20.7532196045, 24.5776195526, 27.7548828125, 11.1841545105, 11.6450796127, 13.9903745651, 7.9751367569, 7.99470090866, 11.7842683792, 6.69225358963, 4.79602718353, 4.88415670395, 4.36491537094, 4.38029193878, 3.42912578583, 2.5348534584, 2.08786678314, 1.59866130352, 1.05923938751, 0.53971362114, 0.218927487731, 0.0198481082916, 0.000361369544407, 4.60996452603e-05],
        "dmean2": [1.0675907135, 8.76057052612, 11.0089235306, 11.8967056274, 16.3788967133, 21.8644390106, 24.8824100494, 21.1023979187, 39.9742660522, 56.8588066101, 70.9120559692, 28.0202274323, 44.6162872314, 18.9826793671, 35.2388534546, 34.1292495728, 30.7580547333, 37.1663818359, 42.7305145264, 16.9443645477, 18.2919406891, 21.6843242645, 12.2383308411, 12.3221111298, 17.4080810547, 10.2157411575, 7.19338941574, 7.26847887039, 6.68205308914, 6.57665014267, 5.25892734528, 3.71181535721, 3.08450698853, 2.38808774948, 1.57380211353, 0.846370518208, 0.343827903271, 0.0327916704118, 0.000582776032388, 7.39078313927e-05],
        "dvar": [1.16964185238, 69.3059539795, 83.847328186, 89.1450881958, 152.392410278, 246.5415802, 347.34085083, 351.930633545, 1382.52453613, 2619.41967773, 6312.87451172, 1742.21325684, 4783.50488281, 1162.0736084, 2654.52197266, 2310.08447266, 2054.2175293, 1592.88085938, 2848.40991211, 512.032104492, 296.792175293, 315.044952393, 84.181388855, 162.472839355, 437.595672607, 100.142654419, 40.1882133484, 45.0637207031, 40.3679733276, 45.9065856934, 42.879234314, 19.6038551331, 13.7323932648, 10.2462911606, 4.19338560104, 1.07779610157, 0.190485134721, 0.00186478649266, 5.57875807772e-07, 2.85784884646e-09],
        "dvar2": [3.17465233803, 193.135482788, 228.143692017, 229.228164673, 394.582336426, 621.487915039, 882.11340332, 820.721313477, 3588.82250977, 6402.23339844, 15912.8876953, 3721.92602539, 10810.8154297, 2267.95849609, 3987.71411133, 4123.70703125, 4795.76513672, 3535.40429688, 6176.49755859, 1215.01391602, 753.630004883, 704.911621094, 204.388824463, 330.909667969, 945.522155762, 228.413757324, 88.5796585083, 100.44682312, 93.1927566528, 103.520294189, 98.0883789062, 43.3390426636, 30.1814002991, 22.2427177429, 8.22811603546, 2.46405506134, 0.451596617699, 0.00467716436833, 1.37450967941e-06, 7.27052595906e-09],
        "max": [6.82678890228, 54.3153648376, 71.4280853271, 113.357017517, 156.962966919, 162.803695679, 235.22883606, 335.589935303, 572.316711426, 616.398986816, 990.261779785, 731.051574707, 1005.22845459, 744.176147461, 1405.77502441, 1481.74914551, 570.476806641, 586.395690918, 684.063415527, 535.803894043, 319.098144531, 184.928924561, 83.9280166626, 252.601654053, 329.15625, 235.105438232, 59.7315368652, 71.1749038696, 77.0420532227, 64.8513717651, 79.397315979, 51.9170227051, 41.3341712952, 50.9339027405, 27.6581325531, 11.1969556808, 5.17328548431, 0.508938133717, 0.00896399933845, 0.000449603860034],
        "mean": [0.612843632698, 5.52228975296, 8.72050571442, 10.702381134, 13.2407903671, 19.7528762817, 23.2742366791, 19.7938137054, 34.9838943481, 53.2097053528, 65.2683105469, 30.4375991821, 40.3234977722, 20.6784858704, 37.9469070435, 37.2569465637, 32.0822906494, 41.4716796875, 46.2586860657, 20.8331756592, 21.8143672943, 24.9839439392, 15.361082077, 14.9940061569, 22.1860809326, 12.5635929108, 8.48770618439, 8.33995246887, 7.17953395844, 6.93798398972, 4.99751853943, 3.63983011246, 2.88786220551, 2.09098434448, 1.37400281429, 0.621338248253, 0.232640072703, 0.0195137988776, 0.000394575705286, 8.61918524606e-05],
        "median": [0.293356329203, 2.38221693039, 5.40317869186, 6.59206771851, 9.07178401947, 14.0370960236, 15.1392917633, 12.2978477478, 21.9187793732, 27.6003131866, 23.4552230835, 11.7592258453, 16.5473594666, 9.53372192383, 16.6418685913, 17.6506919861, 14.1158924103, 20.4683132172, 19.2564563751, 12.7179641724, 14.7984886169, 17.2381210327, 11.4671869278, 10.5924568176, 13.5643968582, 8.93853092194, 5.59851741791, 5.42299890518, 4.34721279144, 3.5931198597, 2.19062066078, 1.57855701447, 1.23283469677, 0.762554943562, 0.504957675934, 0.196789294481, 0.0708220973611, 0.00549838459119, 0.000138035218697, 6.92159519531e-05],
        "min": [0.00350851053372, 0.0167584065348, 0.0601568184793, 0.113005153835, 0.130184873939, 0.205135911703, 0.349665373564, 0.378218054771, 0.24367082119, 0.337979584932, 0.139264538884, 0.276441007853, 0.326283365488, 0.268192708492, 0.470536738634, 0.202285319567, 0.347418725491, 0.478004366159, 0.375457555056, 0.353617161512, 0.327957123518, 0.317141026258, 0.550507843494, 0.425102710724, 0.334723263979, 0.260002315044, 0.195717230439, 0.196485832334, 0.154362589121, 0.174853116274, 0.147602632642, 0.110258169472, 0.0863980576396, 0.0492625422776, 0.0092636058107, 0.00104531703983, 0.000220485060709, 1.28236188175e-05, 1.38146151585e-05, 6.1212485889e-06],
        "var": [0.887746572495, 59.8264465332, 92.8541488647, 137.516281128, 187.606704712, 399.067443848, 628.441589355, 612.118408203, 1951.68713379, 4795.68310547, 10563.4404297, 3884.65625, 7200.42626953, 1878.72717285, 6823.5234375, 5364.95507812, 3400.94946289, 3354.62768555, 6478.78466797, 840.729919434, 608.964050293, 617.773132324, 149.477844238, 324.540618896, 965.023193359, 185.006011963, 62.9399833679, 71.6218490601, 63.7687606812, 73.7517623901, 63.0551223755, 28.907283783, 20.2986984253, 15.3921327591, 6.87094116211, 1.39209103584, 0.211882740259, 0.00179387780372, 5.68460677641e-07, 3.39797745497e-09]
    },
    "gfcc": {
        "mean": [57.346950531, 89.1486282349, -95.6419754028, 39.333782196, -54.0028266907, 20.5453853607, -39.1227912903, 15.5615034103, -24.8510227203, 12.6036691666, -15.9257116318, 3.88462257385, -15.5344896317],
        "cov": [[1160.28942871, -287.808349609, -101.073272705, -181.466873169, -98.4388580322, 14.9407196045, -36.3130683899, 39.8770332336, -10.9239969254, 48.0402946472, -93.970993042, -6.38059997559, -76.9989929199], [-287.808349609, 655.416992188, -109.759361267, 3.23095822334, 141.735122681, -59.4904823303, 113.392936707, -11.6364898682, 102.985450745, -18.6998691559, 78.5525741577, -63.7243804932, 46.2141685486], [-101.073272705, -109.759361267, 430.10848999, 154.156143188, 41.1111183167, 39.8887023926, -26.5017929077, -7.78421974182, -50.7158584595, -5.55712795258, 25.4164295197, 44.000377655, 23.7311725616], [-181.466873169, 3.23095822334, 154.156143188, 244.363555908, 65.7220993042, 5.63714408875, -18.7626571655, -33.6509666443, 11.5876226425, -7.3407664299, 34.0150413513, 1.65806460381, 47.1557655334], [-98.4388580322, 141.735122681, 41.1111183167, 65.7220993042, 165.261627197, 13.2074260712, 21.9392910004, 5.36758613586, 40.665725708, 15.3624258041, 9.11294364929, -24.0738925934, 22.1362380981], [14.9407196045, -59.4904823303, 39.8887023926, 5.63714408875, 13.2074260712, 95.6921768188, 37.0422897339, 11.1539125443, -13.2775659561, -10.3792152405, -3.49121236801, 5.3156709671, -3.12108778954], [-36.3130683899, 113.392936707, -26.5017929077, -18.7626571655, 21.9392910004, 37.0422897339, 142.769821167, 33.070526123, 4.41283226013, -17.7042312622, 20.9167404175, 7.22725391388, -11.2535305023], [39.8770332336, -11.6364898682, -7.78421974182, -33.6509666443, 5.36758613586, 11.1539125443, 33.070526123, 68.3277587891, 21.8237571716, 7.80574798584, -4.70995664597, -4.27486896515, -8.30101490021], [-10.9239969254, 102.985450745, -50.7158584595, 11.5876226425, 40.665725708, -13.2775659561, 4.41283226013, 21.8237571716, 103.505310059, 32.404712677, 0.125567510724, -36.6770858765, -2.15283489227], [48.0402946472, -18.6998691559, -5.55712795258, -7.3407664299, 15.3624258041, -10.3792152405, -17.7042312622, 7.80574798584, 32.404712677, 60.3893852234, 4.9361410141, -12.155298233, -9.91541576385], [-93.970993042, 78.5525741577, 25.4164295197, 34.0150413513, 9.11294364929, -3.49121236801, 20.9167404175, -4.70995664597, 0.125567510724, 4.9361410141, 66.3357086182, 20.2404117584, 16.9453201294], [-6.38059997559, -63.7243804932, 44.000377655, 1.65806460381, -24.0738925934, 5.3156709671, 7.22725391388, -4.27486896515, -36.6770858765, -12.155298233, 20.2404117584, 75.6496734619, 14.6718931198], [-76.9989929199, 46.2141685486, 23.7311725616, 47.1557655334, 22.1362380981, -3.12108778954, -11.2535305023, -8.30101490021, -2.15283489227, -9.91541576385, 16.9453201294, 14.6718931198, 65.0313034058]],
        "icov": [[0.00118790159468, 0.000324795400957, 6.54763134662e-05, 0.000543971545994, 0.000203872536076, -7.48230158933e-05, -8.6151107098e-05, -0.000114228911116, -3.9152433601e-05, -0.000880261941347, 0.00100235710852, -8.67842973094e-05, 0.000277761690086], [0.000324795400957, 0.00758724333718, -0.00065489881672, 0.0047601708211, -0.00478301476687, 0.00591821968555, -0.00605958327651, 0.00625553680584, -0.00666694482788, 0.00712442630902, -0.00874580163509, 0.00690625142306, -0.00497162016109], [6.54763134662e-05, -0.00065489881672, 0.00401101959869, -0.00308021251112, -0.000388208951335, -0.00183791236486, 0.00189855240751, -0.00249778409488, 0.00297651975416, -0.0014413316967, 0.000494355335832, -0.00236944295466, 0.00165094377007], [0.000543971545994, 0.0047601708211, -0.00308021251112, 0.0108955409378, -0.00422665011138, 0.00351568660699, -0.00349382893182, 0.00750447111204, -0.00675576319918, 0.00613248161972, -0.00747173419222, 0.00568146491423, -0.00617803586647], [0.000203872536076, -0.00478301476687, -0.000388208951335, -0.00422665011138, 0.0118104629219, -0.00455648126081, 0.00157432048582, -0.00348843308166, 0.00203063804656, -0.00708384253085, 0.00675246724859, -0.0019422925543, 0.000101029676443], [-7.48230158933e-05, 0.00591821968555, -0.00183791236486, 0.00351568660699, -0.00455648126081, 0.0176560711116, -0.0084288213402, 0.00414106110111, -0.00368734821677, 0.00620328402147, -0.00487540988252, 0.0055835689418, -0.00387016241439], [-8.6151107098e-05, -0.00605958327651, 0.00189855240751, -0.00349382893182, 0.00157432048582, -0.0084288213402, 0.016438305378, -0.0100752450526, 0.00502815237269, -0.000712401524652, 0.00168891390786, -0.00683142850175, 0.00782198365778], [-0.000114228911116, 0.00625553680584, -0.00249778409488, 0.00750447111204, -0.00348843308166, 0.00414106110111, -0.0100752450526, 0.0259463265538, -0.0110271824524, 0.00451667513698, -0.00527440011501, 0.00547041138634, -0.00569248013198], [-3.9152433601e-05, -0.00666694482788, 0.00297651975416, -0.00675576319918, 0.00203063804656, -0.00368734821677, 0.00502815237269, -0.0110271824524, 0.0232446696609, -0.0134768914431, 0.00757620297372, -0.00111688906327, 0.00409090006724], [-0.000880261941347, 0.00712442630902, -0.0014413316967, 0.00613248161972, -0.00708384253085, 0.00620328402147, -0.000712401524652, 0.00451667513698, -0.0134768914431, 0.0319610871375, -0.0148473391309, 0.00686056306586, -0.000115791946882], [0.00100235710852, -0.00874580163509, 0.000494355335832, -0.00747173419222, 0.00675246724859, -0.00487540988252, 0.00168891390786, -0.00527440011501, 0.00757620297372, -0.0148473391309, 0.0330194346607, -0.0133319189772, 0.00211696582846], [-8.67842973094e-05, 0.00690625142306, -0.00236944295466, 0.00568146491423, -0.0019422925543, 0.0055835689418, -0.00683142850175, 0.00547041138634, -0.00111688906327, 0.00686056306586, -0.0133319189772, 0.0261535830796, -0.00923812109977], [0.000277761690086, -0.00497162016109, 0.00165094377007, -0.00617803586647, 0.000101029676443, -0.00387016241439, 0.00782198365778, -0.00569248013198, 0.00409090006724, -0.000115791946882, 0.00211696582846, -0.00923812109977, 0.0251737367362]]
    },
    "melbands": {
        "dmean": [0.00589932873845, 0.00452773692086, 0.00123460718896, 0.000775916385464, 0.00057895045029, 0.000290103256702, 0.000354542775312, 0.00043461099267, 0.000327144371113, 0.000121674209367, 0.000147215978359, 5.78289509576e-05, 6.9658155553e-05, 8.65434776642e-05, 5.65283226024e-05, 4.44569413958e-05, 5.06225478603e-05, 5.38844142284e-05, 2.1096702767e-05, 1.49108191181e-05, 1.40709162224e-05, 1.68646074599e-05, 8.9783088697e-06, 7.48214324631e-06, 6.79586310071e-06, 9.23275820242e-06, 7.50043727749e-06, 4.26936412623e-06, 2.92011873171e-06, 3.72635417989e-06, 2.64904565483e-06, 2.51732831202e-06, 2.61627587861e-06, 2.5188608106e-06, 2.09072072721e-06, 1.80196082056e-06, 1.49395020799e-06, 1.49728168708e-06, 1.51366896262e-06, 1.31862486796e-06],
        "dmean2": [0.010171463713, 0.00783378817141, 0.00202835700475, 0.00126141391229, 0.000932870665565, 0.000469494989375, 0.000586741312873, 0.000702309771441, 0.000525836774614, 0.000177713853191, 0.000228744087508, 8.61166627146e-05, 9.86142258625e-05, 0.000129228094011, 8.58047351358e-05, 6.77825810271e-05, 7.76061642682e-05, 8.29018390505e-05, 3.30423026753e-05, 2.36282630794e-05, 2.21923273784e-05, 2.65739508905e-05, 1.37487177199e-05, 1.19372571135e-05, 1.06500865513e-05, 1.40200490932e-05, 1.13948553917e-05, 6.65548122925e-06, 4.59020384369e-06, 5.66594417251e-06, 4.01290481022e-06, 3.91466528527e-06, 4.09289577874e-06, 3.81218205803e-06, 3.29062595483e-06, 2.72277611657e-06, 2.25525332098e-06, 2.25520875574e-06, 2.31238186643e-06, 2.01558054869e-06],
        "dvar": [0.000103624275653, 4.89159901917e-05, 2.26544807447e-06, 6.79717629737e-07, 4.68783042606e-07, 1.48870455519e-07, 2.68125830871e-07, 4.2347610929e-07, 3.61137040272e-07, 6.39744399678e-08, 1.27150570961e-07, 2.5036339224e-08, 2.65062620741e-08, 3.01963254401e-08, 1.40600500131e-08, 1.10259055219e-08, 7.78774555954e-09, 1.2482496814e-08, 1.39029243673e-09, 9.19145481948e-10, 4.29462909679e-10, 5.23404486419e-10, 1.17939574773e-10, 8.43004971385e-11, 1.35014069369e-10, 3.01681513104e-10, 1.38919153958e-10, 4.12473735723e-11, 1.49414109557e-11, 2.92795024337e-11, 1.32199719921e-11, 1.3895706634e-11, 1.78679137458e-11, 1.56193755846e-11, 1.68134187128e-11, 1.10768000675e-11, 7.03979713065e-12, 7.01519875176e-12, 8.62132761015e-12, 7.63456832475e-12],
        "dvar2": [0.000282357359538, 0.00013737900008, 5.80386540605e-06, 1.6567040575e-06, 1.16575165521e-06, 3.4187561937e-07, 6.97654627402e-07, 1.05404774331e-06, 8.9164336714e-07, 1.34679638109e-07, 2.8790427109e-07, 4.87389790749e-08, 3.91692438484e-08, 6.1569515708e-08, 3.21016280225e-08, 2.65400359467e-08, 1.6910354006e-08, 2.73590483602e-08, 3.51353124373e-09, 2.38215380755e-09, 1.08604936155e-09, 1.17535647881e-09, 2.84121975946e-10, 2.04141495375e-10, 2.83214063312e-10, 6.41581732186e-10, 3.02536246055e-10, 9.36404495611e-11, 3.36560050662e-11, 6.81375025846e-11, 3.02770100657e-11, 3.30668582793e-11, 4.2874166023e-11, 3.54766285793e-11, 3.988212538e-11, 2.4038901078e-11, 1.60083075268e-11, 1.56599126028e-11, 1.97575046601e-11, 1.65245161304e-11],
        "max": [0.0599156841636, 0.04879488796, 0.0172245334834, 0.00934334285557, 0.00822507310659, 0.00648368569091, 0.00787936616689, 0.00729671726003, 0.0074772182852, 0.00447976915166, 0.00504605378956, 0.00287508638576, 0.00420907046646, 0.00331018911675, 0.00162751926109, 0.00146220833994, 0.00128767080605, 0.00146125804167, 0.000576101476327, 0.000520883360878, 0.00037573435111, 0.000258588348515, 0.000139418771141, 8.9293513156e-05, 0.000252226600423, 0.000305814144667, 0.000163696109666, 0.000139980795211, 3.6845831346e-05, 5.00090100104e-05, 3.5813471186e-05, 5.09444653289e-05, 4.62730240542e-05, 3.90978093492e-05, 4.94555097248e-05, 4.08669038734e-05, 2.70611271844e-05, 2.91654469038e-05, 4.37267299276e-05, 4.20198630309e-05],
        "mean": [0.00631134817377, 0.005784323439, 0.00190996110905, 0.00114807544742, 0.000884718145244, 0.000443215569248, 0.000518722983543, 0.000661168072838, 0.000478275876958, 0.000182075149496, 0.000203214309295, 8.40881766635e-05, 0.000104458616988, 0.000131599794258, 7.72692219471e-05, 6.54925534036e-05, 7.99031113274e-05, 8.51644144859e-05, 3.40197111655e-05, 2.38749180426e-05, 2.47862699325e-05, 2.81531392829e-05, 1.5594472643e-05, 1.28001647681e-05, 1.13109581434e-05, 1.67054240592e-05, 1.33475568873e-05, 7.19093259249e-06, 4.83828898723e-06, 5.80864889344e-06, 4.34710818809e-06, 3.99251712224e-06, 3.94128210246e-06, 3.8556167965e-06, 2.89704280476e-06, 2.55128429671e-06, 2.08026517612e-06, 2.05439619094e-06, 1.88923479527e-06, 1.67934354067e-06],
        "median": [0.00283761322498, 0.00317007233389, 0.00136549863964, 0.000836754450575, 0.00060459098313, 0.00028695128276, 0.000341310747899, 0.000306742731482, 0.00015515369887, 6.21754734311e-05, 8.2554819528e-05, 3.5224154999e-05, 4.30416912423e-05, 6.25282991678e-05, 3.13249292958e-05, 2.80026833934e-05, 3.44809341186e-05, 2.87539241981e-05, 1.86489251064e-05, 1.53695691552e-05, 1.65176006703e-05, 1.77710426215e-05, 1.10224527816e-05, 9.24176765693e-06, 7.01807994119e-06, 1.00344987004e-05, 8.30463341117e-06, 4.89808599013e-06, 3.23510494127e-06, 3.66438166566e-06, 2.69341148851e-06, 2.39703490479e-06, 2.21243067244e-06, 1.89688796581e-06, 1.24629525544e-06, 1.0566476476e-06, 8.76045703535e-07, 8.69823963967e-07, 7.46535818053e-07, 5.90597437622e-07],
        "min": [6.30895228824e-05, 5.56554623472e-05, 3.69911722373e-05, 9.85505539575e-06, 1.11621338874e-05, 9.87356997939e-06, 4.60605406261e-06, 3.06813262796e-06, 1.10690439215e-06, 1.66155064107e-06, 7.17900377367e-07, 1.04148500668e-06, 9.18315208764e-07, 8.17926093077e-07, 3.80344488349e-07, 9.19565593449e-07, 6.61716228478e-07, 6.30704619198e-07, 3.25353141761e-07, 1.99378490606e-07, 4.2290665192e-07, 3.19523081771e-07, 3.08178812247e-07, 5.47085448943e-07, 1.69537415218e-07, 2.74291920732e-07, 2.20755239866e-07, 1.15911802823e-07, 1.02427215154e-07, 1.00236484002e-07, 9.3433968118e-08, 9.27562169295e-08, 7.8605062015e-08, 9.77946186254e-08, 7.45919876977e-08, 2.12600159699e-08, 6.15350046473e-08, 5.15250917488e-08, 2.39749748943e-08, 1.98581084909e-09],
