{
"highlevel": {
    "danceability": {
        "all": {
            "danceable": 0.324300885201,
            "not_danceable": 0.675699114799
        },
        "probability": 0.675699114799,
        "value": "not_danceable"
    },
    "gender": {
        "all": {
            "female": 0.465184926987,
            "male": 0.534815073013
        },
        "probability": 0.534815073013,
        "value": "male"
    },
    "genre_dortmund": {
        "all": {
            "alternative": 0.161644041538,
            "blues": 0.0275879502296,
            "electronic": 0.0283206254244,
            "folkcountry": 0.099055506289,
            "funksoulrnb": 0.00702988216653,
            "jazz": 0.0352049842477,
            "pop": 0.0583016984165,
            "raphiphop": 0.00106946437154,
            "rock": 0.581785857677
        },
        "probability": 0.581785857677,
        "value": "rock"
    },
    "genre_electronic": {
        "all": {
            "ambient": 0.207240521908,
            "dnb": 0.40099465847,
            "house": 0.119706436992,
            "techno": 0.0228691697121,
            "trance": 0.249189212918
        },
        "probability": 0.40099465847,
        "value": "dnb"
    },
    "genre_rosamerica": {
        "all": {
            "cla": 0.00134070077911,
            "dan": 0.0413237139583,
            "hip": 0.00548499030992,
            "jaz": 0.00967132952064,
            "pop": 0.233745396137,
            "rhy": 0.0160251799971,
            "roc": 0.691422343254,
            "spe": 0.000986338010989
        },
        "probability": 0.691422343254,
        "value": "roc"
    },
    "genre_tzanetakis": {
        "all": {
            "blu": 0.0626613423228,
            "cla": 0.0348169617355,
            "cou": 0.104475811124,
            "dis": 0.0784321576357,
            "hip": 0.15692435205,
            "jaz": 0.313974827528,
            "met": 0.0448166541755,
            "pop": 0.0627359300852,
            "reg": 0.0627360641956,
            "roc": 0.0784258767962
        },
        "probability": 0.313974827528,
        "value": "jaz"
    },
    "ismir04_rhythm": {
        "all": {
            "ChaChaCha": 0.184997364879,
            "Jive": 0.206395223737,
            "Quickstep": 0.057322461158,
            "Rumba-American": 0.0151402037591,
            "Rumba-International": 0.0674510896206,
            "Rumba-Misc": 0.00858903955668,
            "Samba": 0.421279489994,
            "Tango": 0.0132727390155,
            "VienneseWaltz": 0.0175102204084,
            "Waltz": 0.00804217997938
        },
        "probability": 0.421279489994,
        "value": "Samba"
    },
    "mood_acoustic": {
        "all": {
            "acoustic": 0.0527110733092,
            "not_acoustic": 0.947288930416
        },
        "probability": 0.947288930416,
        "value": "not_acoustic"
    },
    "mood_aggressive": {
        "all": {
            "aggressive": 0.425288379192,
            "not_aggressive": 0.574711620808
        },
        "probability": 0.574711620808,
        "value": "not_aggressive"
    },
    "mood_electronic": {
        "all": {
            "electronic": 0.454067617655,
            "not_electronic": 0.545932412148
        },
        "probability": 0.545932412148,
        "value": "not_electronic"
    },
    "mood_happy": {
        "all": {
            "happy": 0.475013941526,
            "not_happy": 0.524986028671
        },
        "probability": 0.524986028671,
        "value": "not_happy"
    },
    "mood_party": {
        "all": {
            "not_party": 0.575219273567,
            "party": 0.424780726433
        },
        "probability": 0.575219273567,
        "value": "not_party"
    },
    "mood_relaxed": {
        "all": {
            "not_relaxed": 0.818032324314,
            "relaxed": 0.181967645884
        },
        "probability": 0.818032324314,
        "value": "not_relaxed"
    },
    "mood_sad": {
        "all": {
            "not_sad": 0.707771241665,
            "sad": 0.292228758335
        },
        "probability": 0.707771241665,
        "value": "not_sad"
    },
    "moods_mirex": {
        "all": {
            "Cluster1": 0.618459284306,
            "Cluster2": 0.112768754363,
            "Cluster3": 0.114506535232,
            "Cluster4": 0.0531255975366,
            "Cluster5": 0.101139843464
        },
        "probability": 0.618459284306,
        "value": "Cluster1"
    },
    "timbre": {
        "all": {
            "bright": 0.99379658699,
            "dark": 0.00620339578018
        },
        "probability": 0.99379658699,
        "value": "bright"
    },
    "tonal_atonal": {
        "all": {
            "atonal": 0.00540113216266,
            "tonal": 0.994598865509
        },
        "probability": 0.994598865509,
        "value": "tonal"
    },
    "voice_instrumental": {
        "all": {
            "instrumental": 0.0152249448001,
            "voice": 0.984775066376
        },
        "probability": 0.984775066376,
        "value": "voice"
    }
},
"lowlevel": {
    "average_loudness": 0.971645414829,
    "barkbands_crest": {
        "dmean": 2.59263777733,
        "dmean2": 4.32514095306,
        "dvar": 5.58710241318,
        "dvar2": 15.761048317,
        "max": 21.4129562378,
        "mean": 8.66910552979,
        "median": 8.02820491791,
        "min": 2.73887753487,
        "var": 9.62324810028
    },
    "barkbands_flatness_db": {
        "dmean": 0.0217128992081,
        "dmean2": 0.0337217748165,
        "dvar": 0.000334986048983,
        "dvar2": 0.000850031676237,
        "max": 0.249460712075,
        "mean": 0.134715020657,
        "median": 0.132613658905,
        "min": 0.0595872960985,
        "var": 0.00111751363147
    },
    "barkbands_kurtosis": {
        "dmean": 2.91348171234,
        "dmean2": 4.65133810043,
        "dvar": 16.6684989929,
        "dvar2": 41.2501602173,
        "max": 39.441116333,
        "mean": 3.55950808525,
        "median": 1.79682826996,
        "min": -1.8713965416,
        "var": 30.7033843994
    },
    "barkbands_skewness": {
        "dmean": 0.602145314217,
        "dmean2": 0.938479602337,
        "dvar": 0.336992800236,
        "dvar2": 0.768482208252,
        "max": 5.51604032516,
        "mean": 1.63004863262,
        "median": 1.49975442886,
        "min": -0.853196978569,
        "var": 1.02296757698
    },
    "barkbands_spread": {
        "dmean": 6.89083814621,
        "dmean2": 10.1909770966,
        "dvar": 62.6037406921,
        "dvar2": 122.920600891,
        "max": 92.0895690918,
        "mean": 25.9658489227,
        "median": 21.908411026,
        "min": 3.20297551155,
        "var": 256.237213135
    },
    "dissonance": {
        "dmean": 0.0164822936058,
        "dmean2": 0.0279541965574,
        "dvar": 0.000229607903748,
        "dvar2": 0.000643795763608,
        "max": 0.499863624573,
        "mean": 0.469691962004,
        "median": 0.473897069693,
        "min": 0.340557396412,
        "var": 0.00039663419011
    },
    "dynamic_complexity": 1.37374103069,
    "erbbands_crest": {
        "dmean": 2.70359969139,
        "dmean2": 4.37705802917,
        "dvar": 6.1324133873,
        "dvar2": 14.9831113815,
        "max": 25.6939411163,
        "mean": 8.72078704834,
        "median": 7.8492732048,
        "min": 2.48563241959,
        "var": 15.7883844376
    },
    "erbbands_flatness_db": {
        "dmean": 0.0174204166979,
        "dmean2": 0.0240251552314,
        "dvar": 0.000260153668933,
        "dvar2": 0.000482852658024,
        "max": 0.252742558718,
        "mean": 0.131988272071,
        "median": 0.125773504376,
        "min": 0.0639736130834,
        "var": 0.00118273519911
    },
    "erbbands_kurtosis": {
        "dmean": 0.638615250587,
        "dmean2": 0.984351575375,
        "dvar": 0.409953683615,
        "dvar2": 0.969533860683,
        "max": 6.6485414505,
        "mean": 0.108595997095,
        "median": -0.0846464633942,
        "min": -1.59093284607,
        "var": 1.16579389572
    },
    "erbbands_skewness": {
        "dmean": 0.320725828409,
        "dmean2": 0.506280064583,
        "dvar": 0.0816390737891,
        "dvar2": 0.192103624344,
        "max": 1.75012135506,
        "mean": 0.196981295943,
        "median": 0.238617137074,
        "min": -1.8151870966,
        "var": 0.269550949335
    },
    "erbbands_spread": {
        "dmean": 8.8495721817,
        "dmean2": 13.2262706757,
        "dvar": 68.5346374512,
        "dvar2": 152.475982666,
        "max": 120.385505676,
        "mean": 43.4478034973,
        "median": 40.8800621033,
        "min": 11.1064529419,
        "var": 320.92074585
    },
    "hfc": {
        "dmean": 7.40688180923,
        "dmean2": 10.6924028397,
        "dvar": 73.8937225342,
        "dvar2": 146.408294678,
        "max": 111.558776855,
        "mean": 27.1544437408,
        "median": 24.5606098175,
        "min": 2.19019436836,
        "var": 282.189361572
    },
    "melbands_crest": {
        "dmean": 3.67779684067,
        "dmean2": 6.22974538803,
        "dvar": 9.08085346222,
        "dvar2": 24.6034603119,
        "max": 28.9170436859,
        "mean": 14.3257884979,
        "median": 13.983130455,
        "min": 5.00029754639,
        "var": 18.4843654633
    },
    "melbands_flatness_db": {
        "dmean": 0.0292235985398,
        "dmean2": 0.0447065383196,
        "dvar": 0.000608158414252,
        "dvar2": 0.00150167790707,
        "max": 0.345392614603,
        "mean": 0.19194278121,
        "median": 0.190849050879,
        "min": 0.0529481768608,
        "var": 0.00254798680544
    },
    "melbands_kurtosis": {
        "dmean": 7.61276102066,
        "dmean2": 12.2332468033,
        "dvar": 98.2122879028,
        "dvar2": 246.116577148,
        "max": 101.157043457,
        "mean": 12.8686084747,
        "median": 8.55132770538,
        "min": -1.3141285181,
        "var": 178.234985352
    },
    "melbands_skewness": {
        "dmean": 0.843243181705,
        "dmean2": 1.33979797363,
        "dvar": 0.623190701008,
        "dvar2": 1.50127851963,
        "max": 8.28015232086,
        "mean": 2.86356759071,
        "median": 2.64892196655,
        "min": 0.204693585634,
        "var": 1.75398552418
    },
    "melbands_spread": {
        "dmean": 7.81963539124,
        "dmean2": 11.9808635712,
        "dvar": 91.585067749,
        "dvar2": 197.681503296,
        "max": 144.673400879,
        "mean": 23.2752399445,
        "median": 19.4172992706,
        "min": 2.63076710701,
        "var": 269.592651367
    },
    "pitch_salience": {
        "dmean": 0.0850450024009,
        "dmean2": 0.143881201744,
        "dvar": 0.00565379159525,
        "dvar2": 0.0166285540909,
        "max": 0.825186610222,
        "mean": 0.539223492146,
        "median": 0.537652909756,
        "min": 0.216999471188,
        "var": 0.00873332284391
    },
    "silence_rate_20dB": {
        "dmean": 0,
        "dmean2": 0,
        "dvar": 0,
        "dvar2": 0,
        "max": 1,
        "mean": 1,
        "median": 1,
        "min": 1,
        "var": 0
    },
    "silence_rate_30dB": {
        "dmean": 0,
        "dmean2": 0,
        "dvar": 0,
        "dvar2": 0,
        "max": 1,
        "mean": 1,
        "median": 1,
        "min": 1,
        "var": 0
    },
    "silence_rate_60dB": {
        "dmean": 0,
        "dmean2": 0,
        "dvar": 0,
        "dvar2": 0,
        "max": 0,
        "mean": 0,
        "median": 0,
        "min": 0,
        "var": 0
    },
    "spectral_centroid": {
        "dmean": 269.845733643,
        "dmean2": 397.47769165,
        "dvar": 84911.9140625,
        "dvar2": 166152.3125,
        "max": 3940.85961914,
        "mean": 1230.85791016,
        "median": 1097.6229248,
        "min": 328.874816895,
        "var": 344678.65625
    },
    "spectral_complexity": {
        "dmean": 4.01315784454,
        "dmean2": 6.08443069458,
        "dvar": 13.3039541245,
        "dvar2": 27.897600174,
        "max": 48,
        "mean": 22.3302402496,
        "median": 21,
        "min": 8,
        "var": 59.77891922
    },
    "spectral_decrease": {
        "dmean": 3.8532661506e-09,
        "dmean2": 5.98275695651e-09,
        "dvar": 2.1812377213e-17,
        "dvar2": 4.97862044333e-17,
        "max": -1.13795139978e-09,
        "mean": -9.7768442231e-09,
        "median": -7.77923325757e-09,
        "min": -3.89472738505e-08,
        "var": 3.56601069317e-17
    },
    "spectral_energy": {
        "dmean": 0.014871054329,
        "dmean2": 0.0230675823987,
        "dvar": 0.000321885745507,
        "dvar2": 0.000732012675144,
        "max": 0.149935349822,
        "mean": 0.0393630601466,
        "median": 0.0318255759776,
        "min": 0.00455046677962,
        "var": 0.000527364842128
    },
    "spectral_energyband_high": {
        "dmean": 0.000588925904594,
        "dmean2": 0.000802898779511,
        "dvar": 1.0627551319e-06,
        "dvar2": 2.01688385459e-06,
        "max": 0.0127136232331,
        "mean": 0.00140835077036,
        "median": 0.000741836498491,
        "min": 3.57908152182e-06,
        "var": 3.94065682485e-06
    },
    "spectral_energyband_low": {
        "dmean": 0.00888420082629,
        "dmean2": 0.0148665346205,
        "dvar": 0.000159105897183,
        "dvar2": 0.000400744698709,
        "max": 0.123045712709,
        "mean": 0.0171147361398,
        "median": 0.0116286510602,
        "min": 0.000245601142524,
        "var": 0.000242166177486
    },
    "spectral_energyband_middle_high": {
        "dmean": 0.00169693736825,
        "dmean2": 0.00267356960103,
        "dvar": 3.2313794236e-06,
        "dvar2": 7.78831599746e-06,
        "max": 0.0227662362158,
        "mean": 0.00588082009926,
        "median": 0.00494322646409,
        "min": 0.000323535437929,
        "var": 1.45789063026e-05
    },
    "spectral_energyband_middle_low": {
        "dmean": 0.00973787810653,
        "dmean2": 0.0151980305091,
        "dvar": 0.000216661181184,
        "dvar2": 0.000484571210109,
        "max": 0.109430804849,
        "mean": 0.0183079838753,
        "median": 0.0129333948717,
        "min": 0.00232327682897,
        "var": 0.000277717947029
    },
    "spectral_entropy": {
        "dmean": 0.164303928614,
        "dmean2": 0.23488509655,
        "dvar": 0.0229358356446,
        "dvar2": 0.0525185652077,
        "max": 8.59544467926,
        "mean": 7.68404102325,
        "median": 7.67225790024,
        "min": 6.67785358429,
        "var": 0.110708147287
    },
    "spectral_flux": {
        "dmean": 0.0344672501087,
        "dmean2": 0.0555842593312,
        "dvar": 0.00146716786548,
        "dvar2": 0.00344304461032,
        "max": 0.287880897522,
        "mean": 0.109220594168,
        "median": 0.0963238924742,
        "min": 0.0276726130396,
        "var": 0.00241033826023
    },
    "spectral_kurtosis": {
        "dmean": 1.30895793438,
        "dmean2": 2.13228917122,
        "dvar": 2.71340060234,
        "dvar2": 7.63953781128,
        "max": 17.9468765259,
        "mean": 3.89910292625,
        "median": 3.56840133667,
        "min": -0.873983860016,
        "var": 6.31512451172
    },
    "spectral_rms": {
        "dmean": 0.0011048555607,
        "dmean2": 0.00168620771728,
        "dvar": 1.43126180774e-06,
        "dvar2": 3.08894050249e-06,
        "max": 0.0120945600793,
        "mean": 0.00595727050677,
        "median": 0.00557219376788,
        "min": 0.00210700719617,
        "var": 2.91396031571e-06
    },
    "spectral_rolloff": {
        "dmean": 584.663452148,
        "dmean2": 977.568237305,
        "dvar": 1085119.125,
        "dvar2": 2277770.5,
        "max": 10551.2695312,
        "mean": 1521.24804688,
        "median": 947.4609375,
        "min": 129.19921875,
        "var": 2846312.25
    },
    "spectral_skewness": {
        "dmean": 0.210832506418,
        "dmean2": 0.323079645634,
        "dvar": 0.0414144508541,
        "dvar2": 0.102781049907,
        "max": 3.16564416885,
        "mean": 1.53102815151,
        "median": 1.56681060791,
        "min": 0.0609775185585,
        "var": 0.191905364394
    },
    "spectral_spread": {
        "dmean": 655125.5625,
        "dmean2": 886548.3125,
        "dvar": 526398193664,
        "dvar2": 1.03938143027e+12,
        "max": 11603750,
        "mean": 5145659.5,
        "median": 4993698,
        "min": 2024475.875,
        "var": 2.35853945242e+12
    },
    "spectral_strongpeak": {
        "dmean": 0.468789100647,
        "dmean2": 0.824464321136,
        "dvar": 0.518788516521,
        "dvar2": 1.276948452,
        "max": 6.44630765915,
        "mean": 0.662159502506,
        "median": 0.437245368958,
        "min": 0.0358292832971,
        "var": 0.561564326286
    },
    "zerocrossingrate": {
        "dmean": 0.0134254666045,
        "dmean2": 0.0156911890954,
        "dvar": 0.00021265950636,
        "dvar2": 0.000250680022873,
        "max": 0.25830078125,
        "mean": 0.0643462538719,
        "median": 0.05322265625,
        "min": 0.01318359375,
        "var": 0.0014855384361
    },
    "barkbands": {
        "dmean": [0.000100861107057, 0.00338297244161, 0.00612387806177, 0.00456280773506, 0.00502077722922, 0.00136598630343, 0.000559213513043, 0.000524951319676, 0.000954071234446, 0.00104352529161, 0.000225597817916, 0.000444704317488, 0.000300954299746, 0.000478814734379, 0.000303576787701, 0.000327478832332, 0.000214646468521, 0.000169509236002, 0.000137401744723, 0.000111759887659, 0.000123278616229, 0.000134856716613, 0.000109795422759, 0.000123885256471, 0.000120899865578, 7.46536243241e-05, 1.24370300725e-08],
        "dmean2": [0.000166125711985, 0.00574336526915, 0.0105081386864, 0.00761860329658, 0.00795445684344, 0.00232368940488, 0.00090531387832, 0.000848780735396, 0.00143378495704, 0.0016176000936, 0.000358234974556, 0.000707307422999, 0.000483496260131, 0.000782135932241, 0.000478460424347, 0.000533470883965, 0.000342214421835, 0.00027109781513, 0.000217635810259, 0.00017060112441, 0.000184848497156, 0.000209973222809, 0.000155742338393, 0.00017308430688, 0.00018645937962, 0.000109661836177, 1.98431528986e-08],
        "dvar": [2.85178405335e-08, 2.14652936847e-05, 8.79169892869e-05, 3.89491033275e-05, 0.000109729786345, 4.8391789278e-06, 8.92712535006e-07, 1.07086395928e-06, 1.8684505676e-06, 2.55077020483e-06, 1.85823211041e-07, 5.82119355386e-07, 3.38767051744e-07, 8.84719497662e-07, 2.8244548389e-07, 2.38547329445e-07, 1.2573664776e-07, 5.03062693724e-08, 3.47114585963e-08, 2.14923954189e-08, 6.77674947269e-08, 1.15492348129e-07, 5.74206566739e-08, 1.11661577762e-07, 4.37829932309e-08, 2.82845835642e-08, 1.26541741766e-14],
        "dvar2": [7.72768729007e-08, 5.96236386627e-05, 0.000235654297285, 9.75305010797e-05, 0.000262030691374, 1.35314521685e-05, 2.11302835851e-06, 2.85348801299e-06, 4.55948566014e-06, 6.26929340797e-06, 4.12087928225e-07, 1.55624798026e-06, 7.7862841863e-07, 2.29894612858e-06, 6.82521260842e-07, 5.89569708609e-07, 2.80390082708e-07, 1.25953633301e-07, 8.30973760912e-08, 5.11079818466e-08, 1.4454545294e-07, 2.61771702981e-07, 1.17668456312e-07, 1.90844190229e-07, 1.1052379989e-07, 6.60781509509e-08, 1.48948914184e-14],
        "max": [0.00151491397992, 0.0328163728118, 0.0749950259924, 0.0580878704786, 0.0910477936268, 0.0290876217186, 0.0121743613854, 0.0218682028353, 0.0182332303375, 0.0181392282248, 0.00819178670645, 0.0117361890152, 0.0140340719372, 0.0120737962425, 0.00930942595005, 0.00608379160985, 0.00649423478171, 0.00287743471563, 0.00295235635713, 0.00172062625643, 0.0041895606555, 0.00596444960684, 0.00417622271925, 0.00707652233541, 0.00256942841224, 0.00229303259403, 3.81321842724e-06],
        "mean": [0.000117056755698, 0.00531739974394, 0.00900561641902, 0.00537216756493, 0.00581371178851, 0.00236747879535, 0.00083256670041, 0.000858067010995, 0.00175031286199, 0.00181647948921, 0.00040920736501, 0.000747603946365, 0.000540645443834, 0.000781581213232, 0.000523508468177, 0.000541576766409, 0.000394250324462, 0.000345294043655, 0.000304568966385, 0.000228365199291, 0.0002449247404, 0.000279267405858, 0.000224951392738, 0.000263825058937, 0.000178509028046, 0.000104157610622, 9.63102753104e-09],
        "median": [5.04124691361e-05, 0.00357841188088, 0.00581117812544, 0.00295620667748, 0.0024386709556, 0.00139393424615, 0.000445735931862, 0.000463773059892, 0.00113375042565, 0.000790612073615, 0.000180445727892, 0.000321162166074, 0.000214315601625, 0.000308034475893, 0.000247966148891, 0.000343645311659, 0.000260927976342, 0.000211253442103, 0.000195946209715, 0.000130962318508, 0.000110795801447, 0.000131589607918, 9.60120087257e-05, 8.80535517354e-05, 7.04230187694e-05, 3.27833731717e-05, 7.97878207948e-10],
        "min": [8.61408651076e-08, 8.37279367261e-05, 7.98152395873e-05, 1.38766063174e-05, 4.59181101178e-05, 1.89050078916e-05, 9.979465176e-06, 9.99238000077e-06, 3.33776260959e-05, 9.6148933153e-06, 4.94127971251e-06, 3.49215929418e-06, 7.7928571045e-06, 7.1406011557e-06, 6.63446689941e-06, 1.01891591839e-05, 4.44160150437e-06, 6.5688518589e-06, 7.4689869507e-06, 2.09379822991e-06, 9.76790147433e-07, 7.71594500293e-07, 2.99881094179e-07, 2.06075554843e-07, 2.09109551896e-09, 8.23629914271e-11, 8.77516895953e-12],
        "var": [3.28821023743e-08, 2.99818038911e-05, 0.000103054473584, 4.14307432948e-05, 0.000114013979328, 7.86508098827e-06, 1.42049589158e-06, 1.81242273811e-06, 4.06385561291e-06, 5.98808583163e-06, 5.22471452769e-07, 1.3479119616e-06, 1.0238387631e-06, 1.69631277913e-06, 7.66653840856e-07, 3.99047650035e-07, 2.60842170974e-07, 1.5432128464e-07, 1.11269415015e-07, 7.24489126469e-08, 1.70434091729e-07, 2.7380639267e-07, 1.65641026229e-07, 4.1519680849e-07, 8.51104289268e-08, 4.65531648786e-08, 1.22079733136e-14]
    },
    "erbbands": {
        "dmean": [0.0745924785733, 0.923382759094, 5.65617895126, 10.6742534637, 22.7226371765, 12.2929449081, 10.7198410034, 11.6956558228, 9.33013057709, 6.96609544754, 11.7071828842, 24.6241874695, 38.4662437439, 11.7260398865, 10.2140378952, 20.40625, 13.5905380249, 22.7675361633, 16.5349559784, 16.6028251648, 13.1893701553, 9.65340900421, 9.76142024994, 6.98588657379, 6.91725730896, 4.85975980759, 4.63229608536, 5.79607772827, 5.43566608429, 3.60436248779, 3.18982625008, 2.66797041893, 2.26265287399, 1.13855087757, 1.09015142918, 0.357417941093, 0.150760263205, 0.0129861105233, 0.000234329738305, 2.47748903348e-05],
        "dmean2": [0.12244938314, 1.58161830902, 9.63868904114, 17.8450469971, 36.6939468384, 21.1889877319, 18.560842514, 19.7608528137, 14.9491987228, 11.178604126, 18.5848731995, 36.8671569824, 59.1508827209, 18.8987197876, 16.1720924377, 32.7853317261, 21.9171333313, 37.345500946, 25.8746299744, 26.8669052124, 20.8243503571, 15.3388996124, 15.7009449005, 11.0885782242, 11.0173072815, 7.29969024658, 7.02975702286, 8.77429866791, 8.57560348511, 5.29795646667, 4.63107395172, 3.86147594452, 3.15500712395, 1.75023186207, 1.70653748512, 0.540046095848, 0.219529658556, 0.0195497944951, 0.000346197048202, 3.71594760509e-05],
        "dvar": [0.011237224564, 1.68824493885, 74.4616241455, 199.593276978, 2092.06616211, 660.752685547, 411.751678467, 437.919647217, 273.637298584, 104.247711182, 702.876159668, 1270.6282959, 3465.82470703, 454.292236328, 413.115509033, 1331.48608398, 556.45690918, 1753.48742676, 876.560058594, 700.343688965, 335.564086914, 212.770385742, 164.869995117, 106.835952759, 82.4537200928, 38.5131607056, 59.5922317505, 210.773880005, 208.939682007, 53.410861969, 49.4428024292, 54.9834251404, 35.4635543823, 4.94842672348, 3.73424005508, 0.657447636127, 0.104647807777, 0.000803267466836, 2.47398588726e-07, 9.67501523341e-10],
        "dvar2": [0.028625709936, 4.65501832962, 195.363265991, 520.01361084, 4738.55078125, 1799.77270508, 1173.07458496, 1222.54272461, 649.683898926, 265.083770752, 1920.80358887, 2999.12207031, 8641.9375, 1118.51757812, 850.62878418, 3538.53222656, 1379.08776855, 4643.40820312, 2036.47692871, 1735.9967041, 695.403686523, 488.340881348, 417.59942627, 246.946899414, 207.424789429, 87.7776947021, 136.250778198, 496.453125, 488.745727539, 116.15965271, 101.859008789, 116.52772522, 65.2399749756, 11.7946491241, 9.31495285034, 1.60686707497, 0.233892858028, 0.00190435664263, 5.80158825869e-07, 2.16090589866e-09],
        "max": [0.996493458748, 9.1251077652, 68.0272521973, 119.80569458, 320.644042969, 218.08770752, 190.247146606, 317.64276123, 228.681838989, 125.325553894, 611.238037109, 519.241638184, 712.482299805, 339.670013428, 559.120422363, 606.641296387, 442.551116943, 504.687011719, 618.206359863, 603.978515625, 276.954376221, 192.245147705, 147.803909302, 161.306243896, 148.101547241, 83.3817214966, 116.05922699, 262.396514893, 245.036880493, 128.293060303, 109.005996704, 145.169631958, 151.888244629, 43.155380249, 20.4708099365, 13.6140260696, 4.30162620544, 0.402920335531, 0.00693751918152, 0.000356763746822],
        "mean": [0.114680506289, 1.4464609623, 8.69366168976, 15.5122537613, 24.0098667145, 14.1344547272, 15.4242191315, 20.1679286957, 14.6037387848, 11.8237667084, 21.0644130707, 47.0859870911, 71.2442245483, 20.8368835449, 20.6003475189, 35.5649757385, 27.1497917175, 39.376499176, 30.7526473999, 31.2320785522, 26.1301841736, 20.281879425, 20.1364326477, 15.7225761414, 14.3615665436, 10.1506748199, 9.40321731567, 10.7671556473, 10.7276115417, 7.20925951004, 6.42035007477, 5.26484012604, 4.43705892563, 1.8548707962, 1.45148181915, 0.520099878311, 0.199539557099, 0.015273003839, 0.000313999014907, 6.31533548585e-05],
        "median": [0.0813946127892, 0.929716110229, 5.61838436127, 10.5101633072, 8.55417060852, 7.26522731781, 8.87053489685, 10.8818349838, 7.85573720932, 7.75203895569, 10.8827800751, 31.6144790649, 36.4488830566, 12.5764446259, 10.4259796143, 15.9332799911, 12.8688097, 17.3978290558, 16.318862915, 19.320892334, 17.0884170532, 13.5692901611, 13.193561554, 9.85265731812, 9.32193088531, 5.81872844696, 4.58022928238, 5.13394594193, 4.92836809158, 3.35419797897, 2.7147128582, 1.79038858414, 1.45787894726, 0.758984148502, 0.529434800148, 0.182387381792, 0.0585955493152, 0.00368315377273, 0.00011008533329, 5.26538278791e-05],
        "min": [0.00175403710455, 0.0245525594801, 0.0976377874613, 0.261859685183, 0.252567768097, 0.200757265091, 0.265739828348, 0.229550912976, 0.360917896032, 0.283631950617, 0.645533978939, 1.34636867046, 1.52459585667, 0.654109597206, 0.44779536128, 0.494764298201, 0.688612520695, 1.12634515762, 0.668738186359, 0.620667457581, 0.811360180378, 0.562533736229, 0.312644094229, 0.381677865982, 0.231023162603, 0.0892622917891, 0.0553439557552, 0.0332583263516, 0.0301321260631, 0.0164014063776, 0.0107289776206, 0.00674055423588, 0.00254613300785, 0.00113965722267, 0.000154189299792, 1.04234841274e-05, 3.31867386194e-06, 7.82512302067e-07, 2.34489175455e-06, 5.15886040375e-06],
        "var": [0.016103297472, 2.20409297943, 91.503944397, 237.77633667, 2137.24829102, 540.933410645, 391.057250977, 780.876342773, 452.550231934, 155.265808105, 1302.0958252, 2730.13598633, 8085.29394531, 813.23828125, 1347.95507812, 3102.77416992, 1886.60339355, 3463.85498047, 2133.41210938, 1767.58776855, 918.022155762, 519.790710449, 492.593536377, 335.685028076, 240.223129272, 138.605102539, 171.880249023, 424.384246826, 444.643890381, 142.967025757, 136.063430786, 150.372467041, 125.017730713, 12.290766716, 5.60679578781, 1.14926326275, 0.160814881325, 0.00103821163066, 3.46073363744e-07, 1.69591829469e-09]
    },
    "gfcc": {
        "mean": [44.2196578979, 90.1582870483, -106.751319885, 37.2757606506, -55.4957351685, 24.6436843872, -40.2584838867, 13.5636768341, -26.2790679932, 0.158703818917, -26.3974437714, -3.31064176559, -14.0041437149],
        "cov": [[1642.55810547, -939.430358887, 321.943084717, 46.4991912842, -130.987838745, 37.3781852722, -133.02520752, 45.9400749207, -227.910598755, 106.449554443, -150.953933716, 122.318138123, -142.774963379], [-939.430358887, 1100.73962402, -355.724731445, -97.6904602051, 202.34463501, -102.393760681, 125.562019348, -108.188186646, 143.301574707, -108.154159546, 171.876312256, -69.2296981812, 106.442726135], [321.943084717, -355.724731445, 490.386016846, -47.7366142273, -8.38990211487, 39.7139205933, -55.7740859985, 61.7953262329, -97.4465713501, 62.6866035461, -101.459381104, 64.7344741821, -88.2778091431], [46.4991912842, -97.6904602051, -47.7366142273, 234.755340576, -111.076370239, -7.80308675766, -12.6415338516, -20.8823890686, 30.7262592316, -25.3921585083, 26.2724456787, -42.3683319092, 42.9210968018], [-130.987838745, 202.34463501, -8.38990211487, -111.076370239, 206.493881226, -9.70414066315, 32.2979316711, 24.8985042572, 25.4939403534, 19.6997299194, -6.65832805634, 16.7189846039, -27.9677047729], [37.3781852722, -102.393760681, 39.7139205933, -7.80308675766, -9.70414066315, 127.507087708, 20.3075752258, 7.71800947189, -4.89417886734, 11.6143655777, -3.46106743813, 2.35471844673, -7.82814788818], [-133.02520752, 125.562019348, -55.7740859985, -12.6415338516, 32.2979316711, 20.3075752258, 100.399490356, 13.2611846924, 20.2256774902, -12.6554107666, 23.3267440796, -7.08611822128, 0.931737959385], [45.9400749207, -108.188186646, 61.7953262329, -20.8823890686, 24.8985042572, 7.71800947189, 13.2611846924, 104.933097839, 21.202287674, 24.4127826691, -34.8113746643, 7.01668262482, -22.5320014954], [-227.910598755, 143.301574707, -97.4465713501, 30.7262592316, 25.4939403534, -4.89417886734, 20.2256774902, 21.202287674, 120.420280457, 3.23897576332, 27.2941455841, -29.7862682343, 35.4416503906], [106.449554443, -108.154159546, 62.6866035461, -25.3921585083, 19.6997299194, 11.6143655777, -12.6554107666, 24.4127826691, 3.23897576332, 79.0290527344, -7.5622844696, 23.4985046387, -31.1634025574], [-150.953933716, 171.876312256, -101.459381104, 26.2724456787, -6.65832805634, -3.46106743813, 23.3267440796, -34.8113746643, 27.2941455841, -7.5622844696, 119.185913086, 19.1252422333, 31.5365447998], [122.318138123, -69.2296981812, 64.7344741821, -42.3683319092, 16.7189846039, 2.35471844673, -7.08611822128, 7.01668262482, -29.7862682343, 23.4985046387, 19.1252422333, 93.8679504395, -10.934258461], [-142.774963379, 106.442726135, -88.2778091431, 42.9210968018, -27.9677047729, -7.82814788818, 0.931737959385, -22.5320014954, 35.4416503906, -31.1634025574, 31.5365447998, -10.934258461, 81.4896316528]],
        "icov": [[0.00158894469496, 0.000789671437815, 0.000514044833835, -0.000754042877816, -8.02845970611e-05, 0.000120395045087, 0.000541812798474, 6.48749410175e-05, 0.00172554852907, -0.000751103681978, 0.000880000647157, -0.0014477733057, 0.00112969137263], [0.000789671437815, 0.00615113228559, -0.000794478924945, 0.00341008976102, -0.00453367317095, 0.00413955934346, -0.00370999402367, 0.0050326581113, -0.00326705537736, 0.00455146329477, -0.00613026646897, 0.00437586801127, -0.00291120680049], [0.000514044833835, -0.000794478924945, 0.00429959548637, -0.0014420337975, 0.000979737727903, -0.00169724179432, 0.00219030492008, -0.00228893593885, 0.00303838192485, -0.0021923573222, 0.00367924477905, -0.00357695342973, 0.00280726328492], [-0.000754042877816, 0.00341008976102, -0.0014420337975, 0.0097310654819, 0.000517288397532, 0.00315373553894, -0.00261124037206, 0.00342167913914, -0.00527094304562, 0.00407420145348, -0.0061289537698, 0.00635850895196, -0.00393094448373], [-8.02845970611e-05, -0.00453367317095, 0.000979737727903, 0.000517288397532, 0.0113036669791, -0.00209680013359, 0.00122068019118, -0.00364034250379, 7.19755626051e-05, -0.00401827972382, 0.00565374502912, -0.00483912229538, 0.00482240971178], [0.000120395045087, 0.00413955934346, -0.00169724179432, 0.00315373553894, -0.00209680013359, 0.0116826100275, -0.0055544115603, 0.00389655656181, -0.00286848912947, 0.00191923708189, -0.00463842554018, 0.0040849018842, -0.0028276599478], [0.000541812798474, -0.00370999402367, 0.00219030492008, -0.00261124037206, 0.00122068019118, -0.0055544115603, 0.0164504703134, -0.00659199617803, 0.00321736256592, -0.00033501611324, 0.00171684869565, -0.00316044944339, 0.0048021171242], [6.48749410175e-05, 0.0050326581113, -0.00228893593885, 0.00342167913914, -0.00364034250379, 0.00389655656181, -0.00659199617803, 0.0186293758452, -0.00887904409319, 0.00254316790961, -0.00116012000944, 0.00209655286744, -0.000825991097372], [0.00172554852907, -0.00326705537736, 0.00303838192485, -0.00527094304562, 7.19755626051e-05, -0.00286848912947, 0.00321736256592, -0.00887904409319, 0.0204645786434, -0.00879552494735, 0.00290948431939, -0.000393240858102, -0.00282708765008], [-0.000751103681978, 0.00455146329477, -0.0021923573222, 0.00407420145348, -0.00401827972382, 0.00191923708189, -0.00033501611324, 0.00254316790961, -0.00879552494735, 0.0234732329845, -0.00729194236919, 0.00136921857484, 0.00353799574077], [0.000880000647157, -0.00613026646897, 0.00367924477905, -0.0061289537698, 0.00565374502912, -0.00463842554018, 0.00171684869565, -0.00116012000944, 0.00290948431939, -0.00729194236919, 0.0223887320608, -0.013057355769, 0.00344705814496], [-0.0014477733057, 0.00437586801127, -0.00357695342973, 0.00635850895196, -0.00483912229538, 0.0040849018842, -0.00316044944339, 0.00209655286744, -0.000393240858102, 0.00136921857484, -0.013057355769, 0.0228081215173, -0.00732071232051], [0.00112969137263, -0.00291120680049, 0.00280726328492, -0.00393094448373, 0.00482240971178, -0.0028276599478, 0.0048021171242, -0.000825991097372, -0.00282708765008, 0.00353799574077, 0.00344705814496, -0.00732071232051, 0.0245314221829]]
    },
    "melbands": {
        "dmean": [0.000772399362177, 0.00226322305389, 0.00221353024244, 0.00125054607634, 0.000382387486752, 0.000256233877735, 0.000134311281727, 7.83332143328e-05, 9.36517099035e-05, 0.000165410790942, 0.000191848695977, 4.97120890941e-05, 3.15956676786e-05, 4.7108191211e-05, 3.99588170694e-05, 3.07985210384e-05, 4.93341794936e-05, 3.03218730551e-05, 2.01015518542e-05, 2.92499989882e-05, 1.43445304275e-05, 1.23435056594e-05, 1.00317220131e-05, 7.48534148443e-06, 6.28627549304e-06, 5.63444154977e-06, 4.61858780909e-06, 3.32399076797e-06, 3.23598555951e-06, 3.12099382427e-06, 3.75261879526e-06, 3.52746178578e-06, 2.44557736551e-06, 2.05870719583e-06, 1.98315706257e-06, 1.87119758266e-06, 1.7228339857e-06, 1.76682760866e-06, 1.31224135203e-06, 9.53239009505e-07],
        "dmean2": [0.00130378059112, 0.00385120068677, 0.00362606998533, 0.00199295696802, 0.000669255852699, 0.000431002059486, 0.000212842511246, 0.000127062347019, 0.000147467348143, 0.00024827325251, 0.000294821162242, 8.05055969977e-05, 5.01296017319e-05, 7.48281236156e-05, 6.40610523988e-05, 5.00894348079e-05, 8.14357554191e-05, 4.77559333376e-05, 3.19895079883e-05, 4.8210247769e-05, 2.22043036047e-05, 1.97361732717e-05, 1.60639756359e-05, 1.20881086332e-05, 1.01017440102e-05, 9.13209350983e-06, 7.38783228371e-06, 4.99047246194e-06, 5.15385454491e-06, 4.7932767302e-06, 5.7802876654e-06, 5.70438396608e-06, 3.7654569951e-06, 3.08130529447e-06, 2.99240059576e-06, 2.83444796878e-06, 2.57855094787e-06, 2.5864815143e-06, 1.96515475182e-06, 1.51879896748e-06],
        "dvar": [1.12254269879e-06, 1.15481443572e-05, 8.94304685062e-06, 6.87046622261e-06, 5.27320707988e-07, 1.89345598756e-07, 5.32489607963e-08, 1.3590949699e-08, 4.30342304014e-08, 5.94456217584e-08, 8.66281553158e-08, 9.60923873805e-09, 3.69655639432e-09, 6.31168495246e-09, 4.08590850043e-09, 4.48846826373e-09, 9.30939592081e-09, 3.20963433609e-09, 1.17110099396e-09, 1.78533232642e-09, 4.93785456968e-10, 4.18989065665e-10, 1.84858517382e-10, 1.21720286628e-10, 8.76552164186e-11, 6.90110746326e-11, 4.01540606321e-11, 1.92658666798e-11, 2.66041286223e-11, 3.93473482962e-11, 1.0516115756e-10, 9.32361202133e-11, 3.20542342669e-11, 1.71055218601e-11, 2.00498350561e-11, 2.00575406978e-11, 2.68060799252e-11, 2.3584493733e-11, 1.06360276489e-11, 3.44020124887e-12],
        "dvar2": [2.99916700897e-06, 3.00611536659e-05, 2.1341655156e-05, 1.63849799719e-05, 1.51065376031e-06, 5.24517759004e-07, 1.25084525848e-07, 3.34132508328e-08, 1.1910286446e-07, 1.43438256828e-07, 2.16410541043e-07, 2.34397212751e-08, 8.07648614654e-09, 1.61301692003e-08, 1.11582805218e-08, 1.02846691163e-08, 2.44915465686e-08, 7.573891736e-09, 3.12760084498e-09, 4.49477655096e-09, 8.92670437569e-10, 9.67109059502e-10, 4.66225502649e-10, 3.02479624681e-10, 2.05081451821e-10, 1.77367204257e-10, 1.055857346e-10, 4.54540953487e-11, 6.74515929222e-11, 8.18398751545e-11, 2.66292848883e-10, 2.2524779264e-10, 7.75019076693e-11, 3.62131748199e-11, 4.235193099e-11, 4.74621245083e-11, 5.85153106525e-11, 4.22862023175e-11, 2.25574801893e-11, 9.32788134927e-12],
        "max": [0.00821570493281, 0.0283060986549, 0.0239754151553, 0.0230872798711, 0.00627164868638, 0.00645609293133, 0.00311434990726, 0.00141177303158, 0.00487303454429, 0.00353884324431, 0.00354382023215, 0.00169787602499, 0.00135745864827, 0.00117709545884, 0.000786710821558, 0.0016716059763, 0.00118763465434, 0.00105686951429, 0.00065337959677, 0.000637379358523, 0.000440654490376, 0.000310154660838, 0.00020853211754, 0.00015170853294, 0.000141259515658, 0.000140601550811, 9.06868590391e-05, 5.01291870023e-05, 7.33871129341e-05, 9.69540924416e-05, 0.000170807441464, 0.000160912692081, 0.00010532214219, 8.73535609571e-05, 7.54717548261e-05, 7.33882188797e-05, 9.94596048258e-05, 0.000119978525618, 7.27139049559e-05, 3.05086032313e-05],
        "mean": [0.00124699133448, 0.00369112938643, 0.00306285568513, 0.00140471139457, 0.000535389059223, 0.000449421611847, 0.000208769954043, 0.000134207992232, 0.000169767576153, 0.000308872025926, 0.000348651257809, 7.9093122622e-05, 5.94688062847e-05, 8.27916956041e-05, 7.34219429432e-05, 5.41861663805e-05, 7.9891680798e-05, 5.23862654518e-05, 3.52278984792e-05, 4.87654797325e-05, 2.70472028205e-05, 2.23662209464e-05, 1.98113630177e-05, 1.46853808474e-05, 1.25483738884e-05, 1.09779475679e-05, 8.79966682987e-06, 6.23291498414e-06, 5.86202395425e-06, 5.93486129219e-06, 6.32078854323e-06, 6.47530214337e-06, 4.65289849672e-06, 3.81358654522e-06, 3.74260844183e-06, 3.36218909069e-06, 3.19123773806e-06, 3.38045174431e-06, 2.2362303298e-06, 1.30853015889e-06],
        "median": [0.00086046155775, 0.00239963224158, 0.00185979844537, 0.000559053267352, 0.000332758470904, 0.00025430021924, 0.000111380861199, 8.58038110891e-05, 9.18016885407e-05, 0.000204176903935, 0.00017306135851, 3.98869888159e-05, 2.61589630099e-05, 3.88132721127e-05, 3.29270769726e-05, 2.27775017265e-05, 3.03042779706e-05, 2.59216176346e-05, 1.86600718735e-05, 2.99831772281e-05, 1.6884145225e-05, 1.39964413393e-05, 1.22580622701e-05, 9.27045584831e-06, 7.35316189093e-06, 6.69834253131e-06, 5.33874163011e-06, 3.24410461872e-06, 2.87504008156e-06, 2.59419493887e-06, 2.90707316708e-06, 2.97928636428e-06, 2.15757495425e-06, 1.7178597318e-06, 1.51022993577e-06, 1.273225962e-06, 9.63323714132e-07, 1.03150512132e-06, 7.28699660613e-07, 5.32754881988e-07],
        "min": [1.40898409882e-05, 3.56948075932e-05, 4.67268437205e-05, 1.23201007227e-05, 1.10796518129e-05, 4.70024770038e-06, 2.75033744401e-06, 2.46109084401e-06, 3.74002411263e-06, 5.52255141884e-06, 6.95735661793e-06, 1.16733303912e-06, 1.07803180072e-06, 4.80141125081e-07, 1.0329166571e-06, 8.36674018956e-07, 8.96992162325e-07, 7.80413813573e-07, 4.98606880228e-07, 9.7877978078e-07, 6.43428165858e-07, 1.95306483874e-07, 1.48561753122e-07, 3.16954327673e-07, 1.65854757483e-07, 1.61013176125e-07, 9.65791144836e-08, 4.83531685802e-08, 3.14048094197e-08, 2.57408618864e-08, 1.320413201e-08, 1.79299064484e-08, 1.08573168234e-08, 6.08750783115e-09, 5.96490412619e-09, 5.15601472628e-09, 2.11784478843e-09, 1.48067980099e-09, 1.00540531456e-09, 2.17913360967e-11],
