{
"highlevel": {
    "danceability": {
        "all": {
            "danceable": 2.10522466126e-09,
            "not_danceable": 1
        },
        "probability": 1,
        "value": "not_danceable"
    },
    "gender": {
        "all": {
            "female": 0.423011988401,
            "male": 0.576988041401
        },
        "probability": 0.576988041401,
        "value": "male"
    },
    "genre_dortmund": {
        "all": {
            "alternative": 0.399770587683,
            "blues": 0.00495918747038,
            "electronic": 0.117550998926,
            "folkcountry": 0.124178603292,
            "funksoulrnb": 0.002871804405,
            "jazz": 0.0104915974662,
            "pop": 0.119670130312,
            "raphiphop": 0.00160873308778,
            "rock": 0.218898370862
        },
        "probability": 0.399770587683,
        "value": "alternative"
    },
    "genre_electronic": {
        "all": {
            "ambient": 0.909418225288,
            "dnb": 0.0618781298399,
            "house": 0.00991910602897,
            "techno": 0.00154752004892,
            "trance": 0.0172370318323
        },
        "probability": 0.909418225288,
        "value": "ambient"
    },
    "genre_rosamerica": {
        "all": {
            "cla": 0.325686126947,
            "dan": 0.0265274364501,
            "hip": 0.013183850795,
            "jaz": 0.0270911864936,
            "pop": 0.0891192182899,
            "rhy": 0.0862432643771,
            "roc": 0.411401569843,
            "spe": 0.0207473225892
        },
        "probability": 0.411401569843,
        "value": "roc"
    },
    "genre_tzanetakis": {
        "all": {
            "blu": 0.0626613423228,
            "cla": 0.0348169617355,
            "cou": 0.104475811124,
            "dis": 0.0784321576357,
            "hip": 0.15692435205,
            "jaz": 0.313974827528,
            "met": 0.0448166541755,
            "pop": 0.0627359300852,
            "reg": 0.0627360641956,
            "roc": 0.0784258767962
        },
        "probability": 0.313974827528,
        "value": "jaz"
    },
    "ismir04_rhythm": {
        "all": {
            "ChaChaCha": 0.0358702652156,
            "Jive": 0.0479545816779,
            "Quickstep": 0.0341473147273,
            "Rumba-American": 0.0132444445044,
            "Rumba-International": 0.0595131367445,
            "Rumba-Misc": 0.0118060447276,
            "Samba": 0.00810476858169,
            "Tango": 0.0576514676213,
            "VienneseWaltz": 0.22853602469,
            "Waltz": 0.503171920776
        },
        "probability": 0.503171920776,
        "value": "Waltz"
    },
    "mood_acoustic": {
        "all": {
            "acoustic": 0.623897910118,
            "not_acoustic": 0.376102089882
        },
        "probability": 0.623897910118,
        "value": "acoustic"
    },
    "mood_aggressive": {
        "all": {
            "aggressive": 0.00685521727428,
            "not_aggressive": 0.9931448102
        },
        "probability": 0.9931448102,
        "value": "not_aggressive"
    },
    "mood_electronic": {
        "all": {
            "electronic": 0.311541944742,
            "not_electronic": 0.68845808506
        },
        "probability": 0.68845808506,
        "value": "not_electronic"
    },
    "mood_happy": {
        "all": {
            "happy": 0.414942920208,
            "not_happy": 0.585057079792
        },
        "probability": 0.585057079792,
        "value": "not_happy"
    },
    "mood_party": {
        "all": {
            "not_party": 0.986393094063,
            "party": 0.0136069115251
        },
        "probability": 0.986393094063,
        "value": "not_party"
    },
    "mood_relaxed": {
        "all": {
            "not_relaxed": 0.052782997489,
            "relaxed": 0.94721698761
        },
        "probability": 0.94721698761,
        "value": "relaxed"
    },
    "mood_sad": {
        "all": {
            "not_sad": 0.227598503232,
            "sad": 0.772401511669
        },
        "probability": 0.772401511669,
        "value": "sad"
    },
    "moods_mirex": {
        "all": {
            "Cluster1": 0.197401985526,
            "Cluster2": 0.105337969959,
            "Cluster3": 0.619851708412,
            "Cluster4": 0.0490769334137,
            "Cluster5": 0.0283313877881
        },
        "probability": 0.619851708412,
        "value": "Cluster3"
    },
    "timbre": {
        "all": {
            "bright": 0.995287299156,
            "dark": 0.0047126961872
        },
        "probability": 0.995287299156,
        "value": "bright"
    },
    "tonal_atonal": {
        "all": {
            "atonal": 0.000583801884204,
            "tonal": 0.999416172504
        },
        "probability": 0.999416172504,
        "value": "tonal"
    },
    "voice_instrumental": {
        "all": {
            "instrumental": 0.0633401721716,
            "voice": 0.936659812927
        },
        "probability": 0.936659812927,
        "value": "voice"
    }
},
"lowlevel": {
    "average_loudness": 0.973956763744,
    "barkbands_crest": {
        "dmean": 2.35916090012,
        "dmean2": 3.85282659531,
        "dvar": 3.93773198128,
        "dvar2": 10.4808616638,
        "max": 21.9121685028,
        "mean": 11.6575622559,
        "median": 11.5100507736,
        "min": 3.41534900665,
        "var": 13.8160152435
    },
    "barkbands_flatness_db": {
        "dmean": 0.0207433979958,
        "dmean2": 0.0289553403854,
        "dvar": 0.000366670254152,
        "dvar2": 0.000690125918481,
        "max": 0.344291955233,
        "mean": 0.201061293483,
        "median": 0.198379531503,
        "min": 0.0708926841617,
        "var": 0.00216498738155
    },
    "barkbands_kurtosis": {
        "dmean": 1.86694788933,
        "dmean2": 3.07017040253,
        "dvar": 4.84395551682,
        "dvar2": 13.0309562683,
        "max": 21.5445575714,
        "mean": 3.51416778564,
        "median": 2.71938705444,
        "min": -0.963130950928,
        "var": 9.89268875122
    },
    "barkbands_skewness": {
        "dmean": 0.37820187211,
        "dmean2": 0.617361426353,
        "dvar": 0.129074543715,
        "dvar2": 0.345992386341,
        "max": 4.22584438324,
        "mean": 1.66275894642,
        "median": 1.58794116974,
        "min": 0.258907884359,
        "var": 0.365188390017
    },
    "barkbands_spread": {
        "dmean": 2.17366957664,
        "dmean2": 3.44571495056,
        "dvar": 5.43321990967,
        "dvar2": 12.8708877563,
        "max": 32.1020927429,
        "mean": 10.4008550644,
        "median": 10.1814947128,
        "min": 2.40015292168,
        "var": 14.3762102127
    },
    "dissonance": {
        "dmean": 0.0185318458825,
        "dmean2": 0.0304522644728,
        "dvar": 0.000232040969422,
        "dvar2": 0.000645552994683,
        "max": 0.500000059605,
        "mean": 0.458643168211,
        "median": 0.46146735549,
        "min": 0.36329588294,
        "var": 0.000475143111544
    },
    "dynamic_complexity": 1.02309679985,
    "erbbands_crest": {
        "dmean": 1.5661085844,
        "dmean2": 2.52079057693,
        "dvar": 1.95521998405,
        "dvar2": 5.18228530884,
        "max": 18.3479042053,
        "mean": 7.26145124435,
        "median": 6.77762460709,
        "min": 2.90066885948,
        "var": 5.66693592072
    },
    "erbbands_flatness_db": {
        "dmean": 0.0182732008398,
        "dmean2": 0.021741013974,
        "dvar": 0.000361775106285,
        "dvar2": 0.000532461737748,
        "max": 0.312863320112,
        "mean": 0.21121352911,
        "median": 0.211905315518,
        "min": 0.0720418691635,
        "var": 0.00219938857481
    },
    "erbbands_kurtosis": {
        "dmean": 0.361605584621,
        "dmean2": 0.574887156487,
        "dvar": 0.124443940818,
        "dvar2": 0.312595278025,
        "max": 2.55493402481,
        "mean": -0.500629723072,
        "median": -0.602746725082,
        "min": -1.60361349583,
        "var": 0.351192265749
    },
    "erbbands_skewness": {
        "dmean": 0.235311105847,
        "dmean2": 0.368658930063,
        "dvar": 0.037722568959,
        "dvar2": 0.0909372270107,
        "max": 1.50819170475,
        "mean": 0.325550913811,
        "median": 0.321057796478,
        "min": -0.720753312111,
        "var": 0.130885913968
    },
    "erbbands_spread": {
        "dmean": 3.40737509727,
        "dmean2": 4.96111297607,
        "dvar": 12.0622301102,
        "dvar2": 25.0280857086,
        "max": 56.6023483276,
        "mean": 27.3260765076,
        "median": 26.4276885986,
        "min": 9.56763935089,
        "var": 47.5203361511
    },
    "hfc": {
        "dmean": 3.39834499359,
        "dmean2": 5.01402187347,
        "dvar": 19.4010639191,
        "dvar2": 40.2289619446,
        "max": 68.9433059692,
        "mean": 18.6739959717,
        "median": 17.5452861786,
        "min": 4.67533349991,
        "var": 58.9682502747
    },
    "melbands_crest": {
        "dmean": 3.07678627968,
        "dmean2": 5.14456605911,
        "dvar": 6.58413124084,
        "dvar2": 17.6303768158,
        "max": 28.62616539,
        "mean": 14.6450433731,
        "median": 14.2083320618,
        "min": 5.37619304657,
        "var": 21.034986496
    },
    "melbands_flatness_db": {
        "dmean": 0.0238908026367,
        "dmean2": 0.0327033288777,
        "dvar": 0.000524001079611,
        "dvar2": 0.000945244973991,
        "max": 0.438188433647,
        "mean": 0.2723313272,
        "median": 0.269513785839,
        "min": 0.114541560411,
        "var": 0.00325854076073
    },
    "melbands_kurtosis": {
        "dmean": 3.09409022331,
        "dmean2": 5.09755992889,
        "dvar": 15.5704231262,
        "dvar2": 43.3735313416,
        "max": 45.6527481079,
        "mean": 7.48899173737,
        "median": 6.20617771149,
        "min": -0.135833024979,
        "var": 30.5297489166
    },
    "melbands_skewness": {
        "dmean": 0.432010143995,
        "dmean2": 0.69934296608,
        "dvar": 0.194676548243,
        "dvar2": 0.536921262741,
        "max": 5.7472448349,
        "mean": 2.27684926987,
        "median": 2.20674061775,
        "min": 0.319038331509,
        "var": 0.558447301388
    },
    "melbands_spread": {
        "dmean": 2.78789567947,
        "dmean2": 4.53341627121,
        "dvar": 7.62653303146,
        "dvar2": 20.6481246948,
        "max": 35.3777885437,
        "mean": 12.2755155563,
        "median": 11.9936065674,
        "min": 2.79572820663,
        "var": 20.0378322601
    },
    "pitch_salience": {
        "dmean": 0.0549968928099,
        "dmean2": 0.0913546159863,
        "dvar": 0.00214483798482,
        "dvar2": 0.00582686718553,
        "max": 0.828236341476,
        "mean": 0.626449763775,
        "median": 0.631057143211,
        "min": 0.334357202053,
        "var": 0.00605372339487
    },
    "silence_rate_20dB": {
        "dmean": 0,
        "dmean2": 0,
        "dvar": 0,
        "dvar2": 0,
        "max": 1,
        "mean": 1,
        "median": 1,
        "min": 1,
        "var": 0
    },
    "silence_rate_30dB": {
        "dmean": 0.00464396271855,
        "dmean2": 0.00929511990398,
        "dvar": 0.00462236255407,
        "dvar2": 0.0138562880456,
        "max": 1,
        "mean": 0.997679829597,
        "median": 1,
        "min": 0,
        "var": 0.00231480156071
    },
    "silence_rate_60dB": {
        "dmean": 0,
        "dmean2": 0,
        "dvar": 0,
        "dvar2": 0,
        "max": 0,
        "mean": 0,
        "median": 0,
        "min": 0,
        "var": 0
    },
    "spectral_centroid": {
        "dmean": 97.6201019287,
        "dmean2": 153.807128906,
        "dvar": 11703.1503906,
        "dvar2": 29076.9238281,
        "max": 1483.18310547,
        "mean": 611.353027344,
        "median": 585.21282959,
        "min": 272.779388428,
        "var": 29684.7089844
    },
    "spectral_complexity": {
        "dmean": 2.66253876686,
        "dmean2": 4.13555383682,
        "dvar": 5.83503675461,
        "dvar2": 11.6369342804,
        "max": 42,
        "mean": 22.1090488434,
        "median": 22,
        "min": 10,
        "var": 18.5998744965
    },
    "spectral_decrease": {
        "dmean": 2.44967979235e-09,
        "dmean2": 4.16124246172e-09,
        "dvar": 1.29383223902e-17,
        "dvar2": 3.53957664777e-17,
        "max": -2.73738609557e-09,
        "mean": -1.03045421085e-08,
        "median": -9.76987113432e-09,
        "min": -4.98717795949e-08,
        "var": 1.70031474773e-17
    },
    "spectral_energy": {
        "dmean": 0.00948225241154,
        "dmean2": 0.0160528570414,
        "dvar": 0.000193354819203,
        "dvar2": 0.000526270770933,
        "max": 0.194480746984,
        "mean": 0.0405855365098,
        "median": 0.0386001653969,
        "min": 0.0107555771247,
        "var": 0.000260066241026
    },
    "spectral_energyband_high": {
        "dmean": 7.98882028903e-05,
        "dmean2": 9.69405809883e-05,
        "dvar": 3.61860514886e-08,
        "dvar2": 6.97868145494e-08,
        "max": 0.00256487494335,
        "mean": 0.000126960905618,
        "median": 3.00824776787e-05,
        "min": 4.22937347366e-07,
        "var": 7.376386435e-08
    },
    "spectral_energyband_low": {
        "dmean": 0.00300693255849,
        "dmean2": 0.00496805133298,
        "dvar": 3.81019672204e-05,
        "dvar2": 9.89321342786e-05,
        "max": 0.073538787663,
        "mean": 0.00526033388451,
        "median": 0.00401718309149,
        "min": 0.000288197392365,
        "var": 3.66431340808e-05
    },
    "spectral_energyband_middle_high": {
        "dmean": 0.00127950089518,
        "dmean2": 0.00192184967455,
        "dvar": 1.65686594755e-06,
        "dvar2": 3.4927006709e-06,
        "max": 0.0205978602171,
        "mean": 0.00578882405534,
        "median": 0.00536369066685,
        "min": 0.000752180698328,
        "var": 7.69806865719e-06
    },
    "spectral_energyband_middle_low": {
        "dmean": 0.00838173273951,
        "dmean2": 0.0143062137067,
        "dvar": 0.000159948103828,
        "dvar2": 0.000451035768492,
        "max": 0.18039701879,
        "mean": 0.0303896404803,
        "median": 0.0285126380622,
        "min": 0.00754641136155,
        "var": 0.000200093505555
    },
    "spectral_entropy": {
        "dmean": 0.159462675452,
        "dmean2": 0.214079350233,
        "dvar": 0.0247589461505,
        "dvar2": 0.0416817627847,
        "max": 8.10723400116,
        "mean": 6.99173736572,
        "median": 6.97610521317,
        "min": 5.78894424438,
        "var": 0.130945190787
    },
    "spectral_flux": {
        "dmean": 0.0199809800833,
        "dmean2": 0.0307867694646,
        "dvar": 0.000644944841042,
        "dvar2": 0.00128575554118,
        "max": 0.36320322752,
        "mean": 0.0810822695494,
        "median": 0.0721317157149,
        "min": 0.0309013482183,
        "var": 0.00135983480141
    },
    "spectral_kurtosis": {
        "dmean": 6.30966949463,
        "dmean2": 10.2892103195,
        "dvar": 46.4166641235,
        "dvar2": 131.408218384,
        "max": 66.657585144,
        "mean": 14.935549736,
        "median": 12.4718847275,
        "min": 1.90828037262,
        "var": 88.5517044067
    },
    "spectral_rms": {
        "dmean": 0.000691739143804,
        "dmean2": 0.00115631101653,
        "dvar": 6.81263429669e-07,
        "dvar2": 1.811272341e-06,
        "max": 0.0137745169923,
        "mean": 0.00618833582848,
        "median": 0.00613666838035,
        "min": 0.00323932804167,
        "var": 1.30007322241e-06
    },
    "spectral_rolloff": {
        "dmean": 178.815444946,
        "dmean2": 306.618530273,
        "dvar": 42985.4570312,
        "dvar2": 109837.585938,
        "max": 2024.12109375,
        "mean": 772.463562012,
        "median": 732.12890625,
        "min": 236.865234375,
        "var": 84040.375
    },
    "spectral_skewness": {
        "dmean": 0.475323408842,
        "dmean2": 0.765055954456,
        "dvar": 0.204219996929,
        "dvar2": 0.587068736553,
        "max": 5.78876399994,
        "mean": 2.58179235458,
        "median": 2.50100517273,
        "min": 1.05436861515,
        "var": 0.476911306381
    },
    "spectral_spread": {
        "dmean": 400215.1875,
        "dmean2": 534958.5,
        "dvar": 224360988672,
        "dvar2": 420723326976,
        "max": 6904656,
        "mean": 2491218.5,
        "median": 2235539.25,
        "min": 1029409.1875,
        "var": 999062044672
    },
    "spectral_strongpeak": {
        "dmean": 0.370761752129,
        "dmean2": 0.631765663624,
        "dvar": 0.154909700155,
        "dvar2": 0.414460301399,
        "max": 3.79599881172,
        "mean": 0.982247054577,
        "median": 0.947358429432,
        "min": 0.0462114736438,
        "var": 0.261441498995
    },
    "zerocrossingrate": {
        "dmean": 0.0039379959926,
        "dmean2": 0.00492971157655,
        "dvar": 1.3309841961e-05,
        "dvar2": 2.00581907848e-05,
        "max": 0.07080078125,
        "mean": 0.0307500120252,
        "median": 0.02978515625,
        "min": 0.0107421875,
        "var": 7.94020670583e-05
    },
    "barkbands": {
        "dmean": [0.00010654716607, 0.00160332384985, 0.00131905532908, 0.00160139414947, 0.00672577461228, 0.00167829054408, 0.000961299461778, 0.00086917571025, 0.000550147669856, 0.000550962577108, 0.00027107828646, 0.000384457438486, 0.000499333778862, 0.000287936185487, 0.000200363530894, 0.000217415901716, 9.56103249337e-05, 5.82502179896e-05, 4.19668795075e-05, 2.06716431421e-05, 1.93006035261e-05, 1.58642142196e-05, 1.11632316475e-05, 9.2794007287e-06, 1.02107096609e-05, 1.08439598989e-05, 2.30412444679e-09],
        "dmean2": [0.000154579844093, 0.00266189314425, 0.00221399008296, 0.00292833521962, 0.0115795563906, 0.00252969819121, 0.00154801830649, 0.00123695924412, 0.00075796758756, 0.000810097320937, 0.000405250233598, 0.000579786428716, 0.000789723941125, 0.000469421851449, 0.000328706752043, 0.000340570637491, 0.00015363098646, 8.75656260177e-05, 6.38154524495e-05, 2.95950394502e-05, 2.62045123236e-05, 2.0901854441e-05, 1.54088211275e-05, 1.36142825795e-05, 1.49717170643e-05, 1.53567470988e-05, 4.34035918317e-09],
        "dvar": [1.33479204578e-07, 1.28977490021e-05, 7.87234966992e-06, 9.37312961469e-06, 0.000101933721453, 4.42422060587e-06, 1.25105884763e-06, 8.02807619493e-07, 7.11236452844e-07, 3.59752078793e-07, 1.42558548077e-07, 2.0882967533e-07, 2.92637679422e-07, 8.83739019741e-08, 4.68492267203e-08, 6.66161739105e-08, 1.30692487943e-08, 7.07523506449e-09, 4.92499552252e-09, 1.55811596958e-09, 2.26654695012e-09, 1.430536134e-09, 1.04582120741e-09, 6.86477708012e-10, 9.38504607362e-10, 1.01227182192e-09, 1.231923395e-16],
        "dvar2": [2.45791824227e-07, 3.54928815796e-05, 2.02934115805e-05, 2.82633045572e-05, 0.000295838544844, 1.00555616882e-05, 3.61362572221e-06, 1.75029538241e-06, 1.3287449292e-06, 7.33556930754e-07, 2.9603043572e-07, 4.54818831486e-07, 7.23486323295e-07, 2.38161831589e-07, 1.16261688277e-07, 1.57837675374e-07, 3.33854082157e-08, 1.53026675775e-08, 1.10242801554e-08, 3.27499116715e-09, 4.31542890311e-09, 2.6126691921e-09, 2.36018893318e-09, 1.62692703753e-09, 2.21800178224e-09, 2.19416085301e-09, 3.65482672991e-16],
        "max": [0.0048998631537, 0.0360443219543, 0.0318712778389, 0.0406724028289, 0.141273885965, 0.0331735312939, 0.0144686317071, 0.0128273265436, 0.0209877099842, 0.0106963384897, 0.00698693981394, 0.00761700049043, 0.00584355788305, 0.00285404734313, 0.00304874684662, 0.00260340818204, 0.00118765688967, 0.00100061262492, 0.000979717588052, 0.000480929011246, 0.000686515064444, 0.000566294183955, 0.000556106737349, 0.000377500866307, 0.000511227990501, 0.000516736938152, 2.42834005348e-07],
        "mean": [0.000119061543955, 0.00206305389293, 0.0021298553329, 0.00217406847514, 0.0176707264036, 0.00421481672674, 0.00266043841839, 0.00207093264908, 0.00150335975923, 0.00115436303895, 0.000780693604611, 0.000975346425548, 0.00106039480306, 0.000614874763414, 0.000424344121711, 0.000430900516221, 0.000196467372007, 0.000113529247756, 8.16728424979e-05, 3.61076672561e-05, 3.09957213176e-05, 2.32395650528e-05, 1.55244124471e-05, 1.24208308989e-05, 1.44244968396e-05, 1.39463500091e-05, 1.64054558827e-09],
        "median": [1.15747598102e-05, 0.00123606726993, 0.00125705555547, 0.00154410628602, 0.015690272674, 0.00314568914473, 0.00211696280167, 0.00150217255577, 0.000836745777633, 0.000820271787234, 0.00031351717189, 0.000636585988104, 0.000825608149171, 0.000501130823977, 0.000338267418556, 0.000319077196764, 0.00015319576778, 7.78035973781e-05, 5.23055823578e-05, 1.72357267729e-05, 8.65583115228e-06, 4.07217294196e-06, 2.26605789067e-06, 1.81797190635e-06, 1.69576549069e-06, 1.55355564857e-06, 5.85145487619e-10],
        "min": [5.30392885167e-09, 3.76267889806e-05, 3.66042804671e-05, 1.8378806999e-05, 0.00100918661337, 0.000194470820134, 4.53015636595e-05, 5.36516745342e-05, 3.29508184223e-05, 2.73443874903e-05, 1.30897915369e-05, 1.4730851035e-05, 3.80931305699e-05, 2.7757458156e-05, 2.0378982299e-05, 2.32694656006e-05, 1.03273114291e-05, 3.80958272217e-06, 2.09571612686e-06, 5.10449069679e-07, 1.10499293271e-07, 3.14705737026e-08, 1.44318050843e-08, 7.85751552712e-09, 1.72714009761e-09, 2.60878585401e-09, 1.08932411702e-11],
        "var": [1.84906554068e-07, 1.06800316644e-05, 8.64256708155e-06, 6.9425645961e-06, 0.000123351113871, 1.35653117468e-05, 4.32711067333e-06, 3.58753663932e-06, 4.52163612863e-06, 1.14099862003e-06, 1.19966398415e-06, 1.02510784927e-06, 7.15291207598e-07, 1.90634409591e-07, 1.04649032551e-07, 1.26726817484e-07, 2.33410126782e-08, 1.29658603853e-08, 8.52575166022e-09, 2.84509527049e-09, 4.55923743203e-09, 2.99972113815e-09, 1.53956702942e-09, 9.30262034071e-10, 1.32365729488e-09, 1.4194431186e-09, 6.49776973289e-17]
    },
    "erbbands": {
        "dmean": [0.0358441472054, 0.410795122385, 1.44194829464, 3.23219656944, 14.9531011581, 27.4931316376, 24.2790374756, 10.8062553406, 13.3404502869, 13.5113964081, 18.7917861938, 13.9115715027, 9.01880073547, 17.1234130859, 11.2419633865, 14.1119241714, 23.96276474, 12.0260982513, 13.3329849243, 12.4767417908, 10.3702840805, 5.22576951981, 3.47457909584, 2.26505923271, 1.78883779049, 1.02592098713, 0.891085684299, 0.673232376575, 0.567218720913, 0.438794493675, 0.30554330349, 0.186511695385, 0.172284394503, 0.134982407093, 0.0651074796915, 0.0430967845023, 0.0236082617193, 0.00205736421049, 3.86419487768e-05, 1.14113372547e-05],
        "dmean2": [0.0597831904888, 0.691269993782, 2.44399309158, 5.85243225098, 25.935754776, 47.575969696, 39.4091720581, 15.6896181107, 21.4072628021, 21.6057014465, 26.2766819, 18.6988010406, 13.5322828293, 25.1029415131, 16.4041061401, 21.9330635071, 37.7379493713, 19.1864929199, 21.8548793793, 20.2011127472, 16.3287887573, 8.0538187027, 5.23385667801, 3.40986800194, 2.72184848785, 1.48076140881, 1.23315799236, 0.90114659071, 0.756897091866, 0.582918405533, 0.431611210108, 0.269839674234, 0.250240206718, 0.193777382374, 0.0995660945773, 0.0628584772348, 0.0341384150088, 0.00307248369791, 5.65175432712e-05, 1.86830111488e-05],
        "dvar": [0.00894157029688, 0.746660649776, 9.93824195862, 25.9807281494, 1100.08850098, 1100.93969727, 885.840637207, 284.384033203, 304.79083252, 291.36907959, 391.873596191, 520.041625977, 80.715385437, 406.582183838, 172.286605835, 317.537994385, 724.743835449, 162.244995117, 198.003173828, 183.329437256, 142.000320435, 40.2910575867, 23.1096172333, 13.0528860092, 10.3747062683, 3.93880224228, 4.34078931808, 2.8153989315, 1.98441708088, 1.41257846355, 0.71086615324, 0.249700397253, 0.243502184749, 0.138680949807, 0.0436141341925, 0.016733109951, 0.0049381935969, 3.00224692182e-05, 9.95865967468e-09, 3.03090441633e-10],
        "dvar2": [0.0224357433617, 2.11255931854, 26.4295158386, 77.0985107422, 3249.10839844, 3225.61083984, 2473.49780273, 624.522216797, 944.270019531, 822.517211914, 808.756958008, 929.318054199, 171.134155273, 819.059265137, 366.462371826, 728.663574219, 1806.07006836, 393.101928711, 544.666809082, 445.651519775, 323.480163574, 98.4699172974, 50.1745910645, 29.2366867065, 24.300661087, 8.2904214859, 8.70308208466, 5.32437992096, 3.90297579765, 2.98793339729, 1.5794826746, 0.591955423355, 0.579915702343, 0.304551541805, 0.109992884099, 0.0361317619681, 0.0113628813997, 6.64653925924e-05, 2.18811653241e-08, 7.74536601522e-10],
        "max": [1.07397580147, 8.43736934662, 36.5223274231, 61.6214942932, 409.9112854, 436.029083252, 393.914398193, 319.434814453, 226.09954834, 269.284210205, 302.871032715, 586.379821777, 122.213005066, 410.185852051, 208.465103149, 288.237823486, 298.731903076, 185.309753418, 137.00428772, 127.602104187, 140.259368896, 68.337852478, 55.0462226868, 51.264175415, 55.4541168213, 23.1388721466, 24.6692199707, 22.7355976105, 18.2548999786, 18.1186676025, 13.5097007751, 6.66402959824, 6.93502950668, 4.95779657364, 3.91398882866, 2.01036930084, 1.13683080673, 0.0714786425233, 0.00139611051418, 0.000243155198405],
        "mean": [0.0481390766799, 0.526078045368, 2.31542992592, 5.31286001205, 30.5748462677, 65.5821456909, 52.7592086792, 28.2666015625, 31.9949359894, 42.946472168, 47.7184791565, 39.713432312, 22.5297431946, 41.1852264404, 37.1726570129, 37.4718971252, 52.3547172546, 30.221113205, 27.9139957428, 25.6907234192, 21.4477767944, 11.4209804535, 7.08435916901, 4.43394184113, 3.475730896, 1.82643032074, 1.39712810516, 1.03973972797, 0.827178061008, 0.633478105068, 0.427589178085, 0.246973454952, 0.226150363684, 0.188188657165, 0.0875098779798, 0.0583135634661, 0.0281770620495, 0.00227085640654, 6.10607094131e-05, 4.78297624795e-05],
        "median": [0.0268794428557, 0.33515304327, 1.4487528801, 4.1922750473, 24.7548217773, 57.7763710022, 39.7291793823, 19.683298111, 25.093837738, 27.9857559204, 35.6539611816, 22.0865726471, 18.3418712616, 29.9791526794, 23.3871593475, 26.799665451, 40.3153190613, 25.481180191, 22.4680080414, 20.7894172668, 15.8806257248, 8.87977790833, 5.12933254242, 2.88501977921, 2.24125242233, 0.894066333771, 0.472439169884, 0.218662396073, 0.143194288015, 0.104982584715, 0.062619432807, 0.0365045629442, 0.0315275639296, 0.0229780599475, 0.0102577311918, 0.00606083497405, 0.00318270735443, 0.000251187302638, 2.51509936788e-05, 4.47293896286e-05],
        "min": [0.000880238832906, 0.0155986957252, 0.12938131392, 0.445618987083, 1.09657597542, 3.64944577217, 2.87622308731, 1.88865017891, 1.71312451363, 1.89694046974, 2.31654191017, 1.34798264503, 1.89666628838, 1.73140490055, 1.21288263798, 1.77560114861, 2.59996962547, 1.96910393238, 1.46634745598, 1.4306987524, 1.46770322323, 0.68014895916, 0.270508348942, 0.10961111635, 0.11558342725, 0.0428216829896, 0.0085550416261, 0.00233281659894, 0.00117600243539, 0.000721702643204, 0.000354737334419, 0.000158187613124, 0.000133260706207, 4.41557822342e-05, 2.63470119535e-05, 2.10171674553e-05, 1.98096022359e-05, 1.57834654146e-06, 5.17695070812e-06, 1.20771683214e-05],
        "var": [0.00858489330858, 0.580334484577, 9.78086662292, 22.0810432434, 809.657836914, 1701.99145508, 1928.20959473, 716.695007324, 745.944580078, 1679.13208008, 1801.45031738, 3432.13037109, 256.341186523, 1368.42700195, 1277.29992676, 1277.54333496, 1766.66394043, 408.790649414, 408.905395508, 342.780822754, 303.680603027, 77.4657363892, 43.2871704102, 23.5016231537, 16.1436271667, 6.99336433411, 7.92319202423, 5.88426113129, 3.8269033432, 2.43706893921, 1.11949920654, 0.358041167259, 0.321655809879, 0.214927092195, 0.0536346957088, 0.0248593501747, 0.00608311127871, 3.7344158045e-05, 1.31095703182e-08, 4.54750265222e-10]
    },
    "gfcc": {
        "mean": [-8.57169914246, 162.115844727, -126.031356812, 0.0190636366606, -37.8520584106, -4.21429109573, -44.9024276733, -5.04354953766, -28.4938735962, -3.31652522087, -16.5168571472, -3.64223527908, -8.96995258331],
        "cov": [[2287.80322266, -1808.76989746, 444.698760986, 263.985992432, -673.142089844, 560.970031738, -335.40512085, 212.66217041, -192.264556885, 273.794342041, -286.126678467, 244.375610352, -171.188674927], [-1808.76989746, 1595.24645996, -386.703521729, -240.440765381, 593.73260498, -500.285461426, 320.633056641, -174.448425293, 171.04586792, -227.43321228, 250.981689453, -203.263183594, 144.644622803], [444.698760986, -386.703521729, 270.123443604, 17.3468551636, -148.616699219, 165.601760864, -88.8567962646, 46.6071472168, -42.2605438232, 66.8635559082, -86.0080184937, 76.2812652588, -51.1928329468], [263.985992432, -240.440765381, 17.3468551636, 190.392868042, -62.5190429688, 59.801864624, -40.5100631714, 20.5885314941, -5.89935684204, 16.6099834442, -7.3187046051, 6.09656238556, 5.95598840714], [-673.142089844, 593.73260498, -148.616699219, -62.5190429688, 312.73651123, -192.493560791, 129.742340088, -46.8507881165, 54.8583831787, -73.5190048218, 94.8880996704, -71.5003890991, 45.5523757935], [560.970031738, -500.285461426, 165.601760864, 59.801864624, -192.493560791, 243.703857422, -86.399772644, 65.1397857666, -46.1795349121, 71.4255828857, -86.4222106934, 68.2608566284, -52.1274909973], [-335.40512085, 320.633056641, -88.8567962646, -40.5100631714, 129.742340088, -86.399772644, 114.329566956, -17.1810092926, 40.9665298462, -42.5510444641, 45.787902832, -37.0326576233, 21.677072525], [212.66217041, -174.448425293, 46.6071472168, 20.5885314941, -46.8507881165, 65.1397857666, -17.1810092926, 85.9436416626, -5.14577436447, 40.9755630493, -21.4818611145, 26.467540741, -19.1549453735], [-192.264556885, 171.04586792, -42.2605438232, -5.89935684204, 54.8583831787, -46.1795349121, 40.9665298462, -5.14577436447, 56.1537895203, -15.3281841278, 30.9744586945, -21.7813663483, 16.2106075287], [273.794342041, -227.43321228, 66.8635559082, 16.6099834442, -73.5190048218, 71.4255828857, -42.5510444641, 40.9755630493, -15.3281841278, 74.6161727905, -27.1995658875, 37.6590423584, -26.9752349854], [-286.126678467, 250.981689453, -86.0080184937, -7.3187046051, 94.8880996704, -86.4222106934, 45.787902832, -21.4818611145, 30.9744586945, -27.1995658875, 83.3549804688, -27.2099304199, 33.898109436], [244.375610352, -203.263183594, 76.2812652588, 6.09656238556, -71.5003890991, 68.2608566284, -37.0326576233, 26.467540741, -21.7813663483, 37.6590423584, -27.2099304199, 71.517288208, -16.8573589325], [-171.188674927, 144.644622803, -51.1928329468, 5.95598840714, 45.5523757935, -52.1274909973, 21.677072525, -19.1549453735, 16.2106075287, -26.9752349854, 33.898109436, -16.8573589325, 54.2193565369]],
        "icov": [[0.00481320451945, 0.00507810013369, -0.000240073117311, -0.000516524945851, 0.00106107851025, 0.00103667681105, -0.00282591674477, -0.0005217686994, 0.00115202798042, -0.00186864181887, 0.000572445278522, -0.00123919837642, 0.000513173174113], [0.00507810013369, 0.028776563704, -0.0056438529864, 0.0157141666859, -0.0129957320169, 0.00866414327174, -0.0165772531182, 0.00932603050023, -0.0177820138633, 0.0138957761228, -0.0184896178544, 0.0135476626456, -0.010618487373], [-0.000240073117311, -0.0056438529864, 0.0096431626007, -0.00302004883997, 0.00206183223054, -0.00497417058796, 0.00616944115609, -0.00187965971418, 0.0029656465631, -0.00430710986257, 0.00802148971707, -0.00744680315256, 0.00373010267504], [-0.000516524945851, 0.0157141666859, -0.00302004883997, 0.0178937911987, -0.00956646818668, 0.00292646349408, -0.00676224287599, 0.00596515415236, -0.0141807030886, 0.0113138016313, -0.0145245473832, 0.0118814799935, -0.0100644016638], [0.00106107851025, -0.0129957320169, 0.00206183223054, -0.00956646818668, 0.018134009093, -0.000235241299379, 0.00129283487331, -0.00665988074616, 0.0126537112519, -0.00904430355877, 0.00778363784775, -0.00715557020158, 0.00731216231361], [0.00103667681105, 0.00866414327174, -0.00497417058796, 0.00292646349408, -0.000235241299379, 0.0156054189429, -0.00683759432286, -0.000199733374757, -0.00405649095774, 0.00356931122951, -0.00316342664883, 0.00296230451204, -0.00110724312253], [-0.00282591674477, -0.0165772531182, 0.00616944115609, -0.00676224287599, 0.00129283487331, -0.00683759432286, 0.0311874356121, -0.00774459261447, 0.00222447537817, -0.00292392424308, 0.0106388730928, -0.00858037360013, 0.00756595050916], [-0.0005217686994, 0.00932603050023, -0.00187965971418, 0.00596515415236, -0.00665988074616, -0.000199733374757, -0.00774459261447, 0.0219965577126, -0.0101655591279, -0.000756575085688, -0.0072836834006, 0.0047572562471, -0.00399065716192], [0.00115202798042, -0.0177820138633, 0.0029656465631, -0.0141807030886, 0.0126537112519, -0.00405649095774, 0.00222447537817, -0.0101655591279, 0.0434114746749, -0.0155329033732, 0.0102583896369, -0.00809053517878, 0.00678557343781], [-0.00186864181887, 0.0138957761228, -0.00430710986257, 0.0113138016313, -0.00904430355877, 0.00356931122951, -0.00292392424308, -0.000756575085688, -0.0155329033732, 0.0387771017849, -0.0160363316536, 0.00432965019718, -0.00103970221244], [0.000572445278522, -0.0184896178544, 0.00802148971707, -0.0145245473832, 0.00778363784775, -0.00316342664883, 0.0106388730928, -0.0072836834006, 0.0102583896369, -0.0160363316536, 0.0421273484826, -0.014769221656, 0.00191964523401], [-0.00123919837642, 0.0135476626456, -0.00744680315256, 0.0118814799935, -0.00715557020158, 0.00296230451204, -0.00858037360013, 0.0047572562471, -0.00809053517878, 0.00432965019718, -0.014769221656, 0.0347946658731, -0.00979518052191], [0.000513173174113, -0.010618487373, 0.00373010267504, -0.0100644016638, 0.00731216231361, -0.00110724312253, 0.00756595050916, -0.00399065716192, 0.00678557343781, -0.00103970221244, 0.00191964523401, -0.00979518052191, 0.0345847755671]]
    },
    "melbands": {
        "dmean": [0.000377297517844, 0.000676459399983, 0.000773324863985, 0.00167688331567, 0.00083219516091, 0.000246048206463, 0.000201111281058, 0.000153407716425, 0.000143033321365, 7.74981162976e-05, 4.91743630846e-05, 7.70208862377e-05, 4.1946714191e-05, 4.39408577222e-05, 4.37151429651e-05, 4.92440522066e-05, 2.1636398742e-05, 2.55847971857e-05, 1.50486921484e-05, 1.57861813932e-05, 1.29081854539e-05, 5.86074929743e-06, 4.18764784627e-06, 2.91376386485e-06, 1.90850551007e-06, 1.59034721037e-06, 9.79547280622e-07, 6.60554007936e-07, 5.96023653543e-07, 5.00232033573e-07, 3.852843804e-07, 3.43675679915e-07, 2.96342022921e-07, 2.27047422641e-07, 1.87361720805e-07, 1.50769679408e-07, 1.03602992851e-07, 1.20289840311e-07, 1.29586680941e-07, 1.1671630773e-07],
        "dmean2": [0.000623506843112, 0.0011344444938, 0.00140098272823, 0.0028724479489, 0.00138645712286, 0.000361013226211, 0.000320173276123, 0.000239260014496, 0.000200384150958, 0.000104450286017, 7.39562383387e-05, 0.000113271387818, 6.21036379016e-05, 6.36850018054e-05, 6.94326445227e-05, 7.7707656601e-05, 3.47753848473e-05, 4.26157821494e-05, 2.44984257733e-05, 2.55793238466e-05, 2.06468630495e-05, 9.41890175454e-06, 6.43299654257e-06, 4.45959312856e-06, 2.94180586025e-06, 2.45632099904e-06, 1.48519723098e-06, 9.81376615528e-07, 8.67266578553e-07, 7.17139414519e-07, 5.29314831965e-07, 4.77981870972e-07, 4.09479497421e-07, 3.11480164328e-07, 2.72112004041e-07, 2.19606121732e-07, 1.56679135443e-07, 1.8287400394e-07, 1.91477326439e-07, 1.69308634668e-07],
        "dvar": [8.01716169008e-07, 2.11747465073e-06, 2.53941288975e-06, 7.27198221284e-06, 9.04762032405e-07, 1.26691531932e-07, 6.41404938051e-08, 3.19764588141e-08, 2.28449632544e-08, 1.52284762578e-08, 2.47861131619e-09, 8.0541395775e-09, 3.22391446872e-09, 3.09566083878e-09, 2.50667486767e-09, 2.30974861459e-09, 5.19232545848e-10, 8.26421209243e-10, 2.95655916416e-10, 3.50791284909e-10, 2.25308133261e-10, 5.13597324392e-11, 3.35257065165e-11, 1.86044304962e-11, 9.21108588708e-12, 6.60826818613e-12, 3.23665074776e-12, 1.80336399026e-12, 1.88759988543e-12, 1.9531047786e-12, 8.58592927658e-13, 7.45988936856e-13, 6.41825622597e-13, 4.52183429589e-13, 2.93900347852e-13, 1.52935200311e-13, 8.88471899676e-14, 1.2253452376e-13, 1.31574235556e-13, 1.07007989709e-13],
        "dvar2": [2.09537120099e-06, 5.75164358452e-06, 7.5500706771e-06, 2.11174155993e-05, 2.5468284548e-06, 2.76757759821e-07, 1.92304995039e-07, 8.89158897621e-08, 4.73518184663e-08, 2.7066633379e-08, 5.25734744627e-09, 1.62253908087e-08, 6.76236933117e-09, 6.50753451126e-09, 6.32453733829e-09, 5.84769122014e-09, 1.29965216367e-09, 2.3155903861e-09, 7.09323710879e-10, 8.54076476209e-10, 5.14487175085e-10, 1.30795832498e-10, 7.74988337393e-11, 4.33110318443e-11, 2.12039691361e-11, 1.6013676496e-11, 7.25395524898e-12, 4.01854244325e-12, 4.02381079845e-12, 4.26645914778e-12, 1.69062767258e-12, 1.57947895214e-12, 1.28073690975e-12, 1.04041059622e-12, 6.7221488792e-13, 3.56775318924e-13, 2.20452779295e-13, 3.02325899775e-13, 2.9805159534e-13, 2.37697041954e-13],
        "max": [0.00961872842163, 0.0166859682649, 0.017094925046, 0.0380179174244, 0.0118940714747, 0.00663314200938, 0.00330080254935, 0.00254616467282, 0.0023725386709, 0.00315246544778, 0.000687853258569, 0.00179192353971, 0.00101714348421, 0.000995456939563, 0.000501888338476, 0.000470849889098, 0.000310584960971, 0.000284475740045, 0.000271037861239, 0.000199124740902, 0.000185221797437, 7.21515898476e-05, 8.04167211754e-05, 5.19920176885e-05, 4.15118520323e-05, 3.74104420189e-05, 2.4380378818e-05, 1.66448298842e-05, 1.92633524421e-05, 2.31195899687e-05, 1.50031573867e-05, 1.11168319563e-05, 1.16681976579e-05, 1.05511599031e-05, 9.27641212911e-06, 4.59808870801e-06, 4.62105708721e-06, 5.23240578332e-06, 5.06418246005e-06, 4.332489425e-06],
        "mean": [0.000510275538545, 0.00103081308771, 0.00122452247888, 0.00418959325179, 0.00190820719581, 0.000640430895146, 0.000509466277435, 0.000478161033243, 0.000378108379664, 0.00021553861734, 0.000111790701339, 0.000175833512913, 0.000131054082885, 0.00011255350546, 9.55188952503e-05, 0.000107126397779, 4.88607402076e-05, 4.83821240778e-05, 3.17430967698e-05, 3.08596645482e-05, 2.42199366767e-05, 1.16919309221e-05, 7.89845944382e-06, 5.10655945618e-06, 3.39885923495e-06, 2.97437236441e-06, 1.77727463324e-06, 1.05886135771e-06, 8.98924440662e-07, 7.14431962479e-07, 5.66186486139e-07, 4.68874588933e-07, 4.30235786553e-07, 3.19017260608e-07, 2.60047499978e-07, 1.91612599565e-07, 1.31504947376e-07, 1.53395816938e-07, 1.62560624517e-07, 1.61430349976e-07],
        "median": [0.00030433194479, 0.000712940294761, 0.000929258414544, 0.00364126963541, 0.00151994719636, 0.000463645177661, 0.000413120957091, 0.000332391442498, 0.000285397836706, 0.000117574549222, 8.64986795932e-05, 0.000127901817905, 6.54670293443e-05, 6.41248843749e-05, 7.08594743628e-05, 8.97098871064e-05, 3.98649281124e-05, 3.71357273252e-05, 2.55018094322e-05, 2.40918998315e-05, 1.74344095285e-05, 9.10402559384e-06, 5.66156904824e-06, 3.3850744785e-06, 2.10223333852e-06, 1.94018753064e-06, 1.02143405911e-06, 4.73620872299e-07, 3.09807376198e-07, 1.77407713409e-07, 1.05013647556e-07, 7.81346543022e-08, 7.60157021773e-08, 5.06220807495e-08, 3.94902031076e-08, 2.61077737207e-08, 1.88266220391e-08, 2.27044072432e-08, 2.02295389329e-08, 1.8653405931e-08],
        "min": [7.88022407505e-06, 4.19798161602e-05, 0.000100454810308, 0.000135376918479, 0.000140328076668, 3.22796586261e-05, 1.21229622891e-05, 2.64314439846e-05, 1.44342620843e-05, 4.24353811468e-06, 4.8220381359e-06, 6.39196514385e-06, 3.17992294185e-06, 2.51693518294e-06, 4.49290791948e-06, 4.66947903988e-06, 1.88972751403e-06, 1.46432864767e-06, 1.58657280735e-06, 1.59402407007e-06, 1.18735465549e-06, 5.6119540659e-07, 2.41196431716e-07, 1.47201447476e-07, 6.82895375803e-08, 9.64475717069e-08, 5.33879322973e-08, 1.8289338044e-08, 4.22275903134e-09, 2.16547468845e-09, 8.24221968454e-10, 5.93969484708e-10, 5.48534218048e-10, 2.82535383977e-10, 1.94261412512e-10, 1.35921135458e-10, 5.58878290868e-11, 3.4825798495e-11, 3.3031629515e-11, 5.52662559813e-12],
