{
"highlevel": {
    "danceability": {
        "all": {
            "danceable": 0.989174008369,
            "not_danceable": 0.0108259925619
        },
        "probability": 0.989174008369,
        "value": "danceable"
    },
    "gender": {
        "all": {
            "female": 0.0297439116985,
            "male": 0.970256090164
        },
        "probability": 0.970256090164,
        "value": "male"
    },
    "genre_dortmund": {
        "all": {
            "alternative": 0.0495128296316,
            "blues": 0.0063555855304,
            "electronic": 0.107295423746,
            "folkcountry": 0.0336937755346,
            "funksoulrnb": 0.0354973487556,
            "jazz": 0.241197273135,
            "pop": 0.0634476393461,
            "raphiphop": 0.389784961939,
            "rock": 0.0732151716948
        },
        "probability": 0.389784961939,
        "value": "raphiphop"
    },
    "genre_electronic": {
        "all": {
            "ambient": 0.509951472282,
            "dnb": 0.146410435438,
            "house": 0.211389154196,
            "techno": 0.0408053323627,
            "trance": 0.091443605721
        },
        "probability": 0.509951472282,
        "value": "ambient"
    },
    "genre_rosamerica": {
        "all": {
            "cla": 0.010662805289,
            "dan": 0.281236290932,
            "hip": 0.268159598112,
            "jaz": 0.0517867133021,
            "pop": 0.101300485432,
            "rhy": 0.259614706039,
            "roc": 0.0127276536077,
            "spe": 0.0145117361099
        },
        "probability": 0.281236290932,
        "value": "dan"
    },
    "genre_tzanetakis": {
        "all": {
            "blu": 0.0620671063662,
            "cla": 0.034474901855,
            "cou": 0.103433981538,
            "dis": 0.0620971247554,
            "hip": 0.15527240932,
            "jaz": 0.310666948557,
            "met": 0.044346679002,
            "pop": 0.0620793737471,
            "reg": 0.0620816536248,
            "roc": 0.103479810059
        },
        "probability": 0.310666948557,
        "value": "jaz"
    },
    "ismir04_rhythm": {
        "all": {
            "ChaChaCha": 0.0595511719584,
            "Jive": 0.0454807244241,
            "Quickstep": 0.0139628127217,
            "Rumba-American": 0.0174814723432,
            "Rumba-International": 0.211062341928,
            "Rumba-Misc": 0.0215233974159,
            "Samba": 0.615235328674,
            "Tango": 0.00339204748161,
            "VienneseWaltz": 0.00585564225912,
            "Waltz": 0.00645505171269
        },
        "probability": 0.615235328674,
        "value": "Samba"
    },
    "mood_acoustic": {
        "all": {
            "acoustic": 0.314130842686,
            "not_acoustic": 0.685869157314
        },
        "probability": 0.685869157314,
        "value": "not_acoustic"
    },
    "mood_aggressive": {
        "all": {
            "aggressive": 0.185602411628,
            "not_aggressive": 0.814397573471
        },
        "probability": 0.814397573471,
        "value": "not_aggressive"
    },
    "mood_electronic": {
        "all": {
            "electronic": 0.933610022068,
            "not_electronic": 0.0663899928331
        },
        "probability": 0.933610022068,
        "value": "electronic"
    },
    "mood_happy": {
        "all": {
            "happy": 0.228986501694,
            "not_happy": 0.771013498306
        },
        "probability": 0.771013498306,
        "value": "not_happy"
    },
    "mood_party": {
        "all": {
            "not_party": 0.403468251228,
            "party": 0.596531748772
        },
        "probability": 0.596531748772,
        "value": "party"
    },
    "mood_relaxed": {
        "all": {
            "not_relaxed": 0.776769697666,
            "relaxed": 0.223230317235
        },
        "probability": 0.776769697666,
        "value": "not_relaxed"
    },
    "mood_sad": {
        "all": {
            "not_sad": 0.54232186079,
            "sad": 0.457678169012
        },
        "probability": 0.54232186079,
        "value": "not_sad"
    },
    "moods_mirex": {
        "all": {
            "Cluster1": 0.215660393238,
            "Cluster2": 0.320621997118,
            "Cluster3": 0.206483498216,
            "Cluster4": 0.120532818139,
            "Cluster5": 0.13670130074
        },
        "probability": 0.320621997118,
        "value": "Cluster2"
    },
    "timbre": {
        "all": {
            "bright": 0.996474146843,
            "dark": 0.00352583592758
        },
        "probability": 0.996474146843,
        "value": "bright"
    },
    "tonal_atonal": {
        "all": {
            "atonal": 0.00495019135997,
            "tonal": 0.995049834251
        },
        "probability": 0.995049834251,
        "value": "tonal"
    },
    "voice_instrumental": {
        "all": {
            "instrumental": 0.48674300313,
            "voice": 0.513257026672
        },
        "probability": 0.513257026672,
        "value": "voice"
    }
},
"lowlevel": {
    "average_loudness": 0.983806729317,
    "barkbands_crest": {
        "dmean": 3.60521245003,
        "dmean2": 6.00263547897,
        "dvar": 13.3054294586,
        "dvar2": 33.1065711975,
        "max": 25.3653850555,
        "mean": 12.1290960312,
        "median": 10.8872003555,
        "min": 2.45007181168,
        "var": 27.5865325928
    },
    "barkbands_flatness_db": {
        "dmean": 0.0356192998588,
        "dmean2": 0.0532325804234,
        "dvar": 0.0015328945592,
        "dvar2": 0.00329534616321,
        "max": 0.449394404888,
        "mean": 0.175467774272,
        "median": 0.171418294311,
        "min": 0.0346942506731,
        "var": 0.00482427049428
    },
    "barkbands_kurtosis": {
        "dmean": 8.26773166656,
        "dmean2": 12.7604875565,
        "dvar": 428.463104248,
        "dvar2": 1031.94006348,
        "max": 391.574707031,
        "mean": 11.392619133,
        "median": 5.11534786224,
        "min": -1.85735738277,
        "var": 633.602294922
    },
    "barkbands_skewness": {
        "dmean": 0.933213949203,
        "dmean2": 1.37844026089,
        "dvar": 1.45368015766,
        "dvar2": 3.0878443718,
        "max": 16.5399227142,
        "mean": 2.16316986084,
        "median": 1.85413110256,
        "min": -3.99472808838,
        "var": 4.21438932419
    },
    "barkbands_spread": {
        "dmean": 8.19224452972,
        "dmean2": 12.7281589508,
        "dvar": 130.580551147,
        "dvar2": 325.074554443,
        "max": 105.487854004,
        "mean": 18.1497192383,
        "median": 14.4833879471,
        "min": 0.530844688416,
        "var": 213.344192505
    },
    "dissonance": {
        "dmean": 0.0369976572692,
        "dmean2": 0.0597155205905,
        "dvar": 0.00129083404317,
        "dvar2": 0.00321200350299,
        "max": 0.500000059605,
        "mean": 0.422270417213,
        "median": 0.436865270138,
        "min": 0.158245116472,
        "var": 0.00355671253055
    },
    "dynamic_complexity": 2.37295985222,
    "erbbands_crest": {
        "dmean": 2.61985778809,
        "dmean2": 4.15906381607,
        "dvar": 5.84842777252,
        "dvar2": 14.1260080338,
        "max": 24.29662323,
        "mean": 9.44826793671,
        "median": 8.86309337616,
        "min": 2.71898579597,
        "var": 15.2083349228
    },
    "erbbands_flatness_db": {
        "dmean": 0.0237845480442,
        "dmean2": 0.0312239658087,
        "dvar": 0.000621468760073,
        "dvar2": 0.00109487934969,
        "max": 0.331819742918,
        "mean": 0.155617386103,
        "median": 0.149943262339,
        "min": 0.0619750395417,
        "var": 0.00267624203116
    },
    "erbbands_kurtosis": {
        "dmean": 1.88413488865,
        "dmean2": 2.70747828484,
        "dvar": 5.26778268814,
        "dvar2": 10.9661817551,
        "max": 23.9294490814,
        "mean": 2.65147924423,
        "median": 1.38585567474,
        "min": -1.84240877628,
        "var": 16.3705158234
    },
    "erbbands_skewness": {
        "dmean": 0.499635666609,
        "dmean2": 0.717725336552,
        "dvar": 0.226592764258,
        "dvar2": 0.448315232992,
        "max": 3.39138317108,
        "mean": 0.778112471104,
        "median": 0.759609162807,
        "min": -3.28723502159,
        "var": 0.907633543015
    },
    "erbbands_spread": {
        "dmean": 15.7873363495,
        "dmean2": 21.9254016876,
        "dvar": 369.070953369,
        "dvar2": 742.422424316,
        "max": 159.273834229,
        "mean": 41.1454391479,
        "median": 31.9119358063,
        "min": 3.07110118866,
        "var": 898.819702148
    },
    "hfc": {
        "dmean": 12.4676065445,
        "dmean2": 18.0445365906,
        "dvar": 483.008453369,
        "dvar2": 1173.15661621,
        "max": 163.948150635,
        "mean": 20.7849292755,
        "median": 13.3105297089,
        "min": 0.037434399128,
        "var": 569.984375
    },
    "melbands_crest": {
        "dmean": 4.04724025726,
        "dmean2": 6.48691606522,
        "dvar": 16.2816982269,
        "dvar2": 39.2122955322,
        "max": 30.253364563,
        "mean": 15.8330583572,
        "median": 14.9700126648,
        "min": 2.39099121094,
        "var": 36.6021080017
    },
    "melbands_flatness_db": {
        "dmean": 0.0425761677325,
        "dmean2": 0.0630507394671,
        "dvar": 0.00241276854649,
        "dvar2": 0.00504028704017,
        "max": 0.581854879856,
        "mean": 0.237526506186,
        "median": 0.230866596103,
        "min": 0.0130821578205,
        "var": 0.00907350704074
    },
    "melbands_kurtosis": {
        "dmean": 18.1970939636,
        "dmean2": 28.3779220581,
        "dvar": 1491.26879883,
        "dvar2": 3398.85205078,
        "max": 541.020874023,
        "mean": 26.8796710968,
        "median": 9.94029045105,
        "min": -1.84264206886,
        "var": 2684.77270508
    },
    "melbands_skewness": {
        "dmean": 1.26051163673,
        "dmean2": 1.86600768566,
        "dvar": 2.60947561264,
        "dvar2": 5.69331884384,
        "max": 15.5853633881,
        "mean": 3.16039943695,
        "median": 2.42434167862,
        "min": -2.10953092575,
        "var": 7.27974414825
    },
    "melbands_spread": {
        "dmean": 10.1151990891,
        "dmean2": 16.2333488464,
        "dvar": 425.805786133,
        "dvar2": 922.748962402,
        "max": 252.678314209,
        "mean": 20.6344280243,
        "median": 13.151599884,
        "min": 0.505069792271,
        "var": 863.64239502
    },
    "pitch_salience": {
        "dmean": 0.0975877642632,
        "dmean2": 0.161524355412,
        "dvar": 0.00978233199567,
        "dvar2": 0.0251177567989,
        "max": 0.896051347256,
        "mean": 0.52624052763,
        "median": 0.546576559544,
        "min": 0.0665727704763,
        "var": 0.0282115805894
    },
    "silence_rate_20dB": {
        "dmean": 0,
        "dmean2": 0,
        "dvar": 0,
        "dvar2": 0,
        "max": 1,
        "mean": 1,
        "median": 1,
        "min": 1,
        "var": 0
    },
    "silence_rate_30dB": {
        "dmean": 0.0572755411267,
        "dmean2": 0.114639811218,
        "dvar": 0.0539951920509,
        "dvar2": 0.141776040196,
        "max": 1,
        "mean": 0.955143094063,
        "median": 1,
        "min": 0,
        "var": 0.0428439900279
    },
    "silence_rate_60dB": {
        "dmean": 0.0417956672609,
        "dmean2": 0.0836560800672,
        "dvar": 0.0400490015745,
        "dvar2": 0.0859524235129,
        "max": 1,
        "mean": 0.0556844547391,
        "median": 0,
        "min": 0,
        "var": 0.0525837950408
    },
    "spectral_centroid": {
        "dmean": 310.475402832,
        "dmean2": 469.754272461,
        "dvar": 242910.171875,
        "dvar2": 448792.25,
        "max": 5660.20361328,
        "mean": 1016.3248291,
        "median": 758.052124023,
        "min": 165.681915283,
        "var": 731077.375
    },
    "spectral_complexity": {
        "dmean": 5.14551067352,
        "dmean2": 7.595662117,
        "dvar": 55.1922225952,
        "dvar2": 109.873466492,
        "max": 56,
        "mean": 13.5947408676,
        "median": 11,
        "min": 0,
        "var": 96.5152587891
    },
    "spectral_decrease": {
        "dmean": 3.76376796396e-09,
        "dmean2": 5.79337111617e-09,
        "dvar": 3.40025263197e-17,
        "dvar2": 6.80361149257e-17,
        "max": -1.33934209209e-11,
        "mean": -8.37146707511e-09,
        "median": -5.53481260823e-09,
        "min": -3.84076201954e-08,
        "var": 6.76984928869e-17
    },
    "spectral_energy": {
        "dmean": 0.0149953952059,
        "dmean2": 0.0229230616242,
        "dvar": 0.00052628305275,
        "dvar2": 0.00105147866998,
        "max": 0.15201702714,
        "mean": 0.0334810726345,
        "median": 0.0218731928617,
        "min": 6.36662225588e-05,
        "var": 0.00104874907993
    },
    "spectral_energyband_high": {
        "dmean": 0.00108189031016,
        "dmean2": 0.00159532460384,
        "dvar": 4.28262273999e-06,
        "dvar2": 1.03134088931e-05,
        "max": 0.0153022920713,
        "mean": 0.00125686742831,
        "median": 0.000276403414318,
        "min": 2.56295237477e-07,
        "var": 4.80911694467e-06
    },
    "spectral_energyband_low": {
        "dmean": 0.00933446642011,
        "dmean2": 0.0153613900766,
        "dvar": 0.000412196561228,
        "dvar2": 0.000938072393183,
        "max": 0.134023502469,
        "mean": 0.0169340837747,
        "median": 0.00859034247696,
        "min": 1.91859555798e-07,
        "var": 0.000761156261433
    },
    "spectral_energyband_middle_high": {
        "dmean": 0.00168123759795,
        "dmean2": 0.00273224082775,
        "dvar": 7.97087704996e-06,
        "dvar2": 2.14238571061e-05,
        "max": 0.0232974607497,
        "mean": 0.00311945728026,
        "median": 0.00214013364166,
        "min": 9.85740462056e-06,
        "var": 1.07199157355e-05
    },
    "spectral_energyband_middle_low": {
        "dmean": 0.00721091963351,
        "dmean2": 0.011076297611,
        "dvar": 0.000140698015457,
        "dvar2": 0.000292729062494,
        "max": 0.0926241949201,
        "mean": 0.0135068101808,
        "median": 0.0100851291791,
        "min": 2.82363525912e-05,
        "var": 0.000208132521948
    },
    "spectral_entropy": {
        "dmean": 0.274459987879,
        "dmean2": 0.384891480207,
        "dvar": 0.0994143038988,
        "dvar2": 0.185968503356,
        "max": 8.74883556366,
        "mean": 7.41659259796,
        "median": 7.40837049484,
        "min": 5.43454217911,
        "var": 0.377907752991
    },
    "spectral_flux": {
        "dmean": 0.0462627522647,
        "dmean2": 0.0728881061077,
        "dvar": 0.00290816440247,
        "dvar2": 0.00634306063876,
        "max": 0.344100058079,
        "mean": 0.0955267846584,
        "median": 0.0711058452725,
        "min": 0.00441225338727,
        "var": 0.0053610894829
    },
    "spectral_kurtosis": {
        "dmean": 2.049877882,
        "dmean2": 3.05245280266,
        "dvar": 14.3273143768,
        "dvar2": 32.0217857361,
        "max": 92.7170944214,
        "mean": 4.97252464294,
        "median": 3.9074344635,
        "min": -0.969131469727,
        "var": 33.6597251892
    },
    "spectral_rms": {
        "dmean": 0.00119286775589,
        "dmean2": 0.00171961530577,
        "dvar": 2.50307334682e-06,
        "dvar2": 4.38462575403e-06,
        "max": 0.0121782300994,
        "mean": 0.00512136472389,
        "median": 0.00461949128658,
        "min": 0.000249225558946,
        "var": 6.43615794615e-06
    },
    "spectral_rolloff": {
        "dmean": 753.730529785,
        "dmean2": 1280.4675293,
        "dvar": 2746442,
        "dvar2": 5792366,
        "max": 12058.59375,
        "mean": 1482.29528809,
        "median": 710.595703125,
        "min": 86.1328125,
        "var": 5885964
    },
    "spectral_skewness": {
        "dmean": 0.346320539713,
        "dmean2": 0.487237453461,
        "dvar": 0.158021241426,
        "dvar2": 0.295350641012,
        "max": 7.8023314476,
        "mean": 1.84614539146,
        "median": 1.87577939034,
        "min": 0.0126878684387,
        "var": 0.620936334133
    },
    "spectral_spread": {
        "dmean": 1020376.6875,
        "dmean2": 1397937.5,
        "dvar": 885458010112,
        "dvar2": 1.81860656742e+12,
        "max": 12058086,
        "mean": 6016079,
        "median": 5834527,
        "min": 1192298,
        "var": 3.30141401088e+12
    },
    "spectral_strongpeak": {
        "dmean": 0.418285697699,
        "dmean2": 0.71149533987,
        "dvar": 0.319503605366,
        "dvar2": 0.751654744148,
        "max": 5.00418329239,
        "mean": 0.847411453724,
        "median": 0.482782423496,
        "min": 0.00658274954185,
        "var": 0.577878773212
    },
    "zerocrossingrate": {
        "dmean": 0.0181227177382,
        "dmean2": 0.0198062155396,
        "dvar": 0.000620277132839,
        "dvar2": 0.000548312906176,
        "max": 0.40576171875,
        "mean": 0.0652117952704,
        "median": 0.048828125,
        "min": 0.00341796875,
        "var": 0.00403462629765
    },
    "barkbands": {
        "dmean": [0.000149337894982, 0.00645719142631, 0.00539400894195, 0.00184386561159, 0.00427351146936, 0.00122713518795, 0.000797655375209, 0.000936928845476, 0.000822953938041, 0.000461942865513, 0.000415843882365, 0.000307111098664, 0.00022627839644, 0.000187931014807, 0.000208564422792, 0.000156083144248, 0.000117920768389, 0.000125462072901, 0.000133274792461, 9.97517272481e-05, 0.000177895359229, 0.000189760583453, 0.000197612258489, 0.000193433603272, 0.000195055676159, 0.000135172682349, 1.29788725189e-06],
        "dmean2": [0.000257884588791, 0.00952693540603, 0.0093777673319, 0.00321931671351, 0.00679438142106, 0.00213120924309, 0.00129674829077, 0.00136384414509, 0.00123072345741, 0.000761131406762, 0.000655445910525, 0.00049321091501, 0.000340082944604, 0.000292527256534, 0.000357157114195, 0.000285130605334, 0.000202087743673, 0.000207810226129, 0.000225045689149, 0.000151810090756, 0.000285001005977, 0.000276420876617, 0.000300703541143, 0.000293930410407, 0.000307135545881, 0.000209835867281, 2.1809808004e-06],
        "dvar": [8.98535361671e-08, 0.00019894799334, 0.000279016094282, 1.53217279149e-05, 0.000113143039925, 5.81959602641e-06, 3.02309854305e-06, 2.12795362131e-06, 2.18318450607e-06, 1.21330629099e-06, 9.63928641795e-07, 3.57016290309e-07, 1.8606843355e-07, 9.71290674556e-08, 1.80547189643e-07, 1.42550817372e-07, 5.2740453782e-08, 8.13832485846e-08, 1.69105106806e-07, 3.53674955988e-08, 1.2886673062e-07, 1.15839036141e-07, 1.63067596759e-07, 1.23348314673e-07, 1.76158152954e-07, 9.09073989419e-08, 1.40143435051e-11],
        "dvar2": [2.70341985242e-07, 0.000419694872107, 0.000760331924539, 4.33402055933e-05, 0.000242143316427, 1.67863290699e-05, 7.63535081205e-06, 4.56202678834e-06, 5.05143134433e-06, 3.28952773998e-06, 2.43421436608e-06, 9.21097750961e-07, 3.88120156458e-07, 2.22963862484e-07, 4.97223879847e-07, 4.03255285164e-07, 1.43772098227e-07, 2.18003492591e-07, 4.75782258036e-07, 7.82776652386e-08, 3.29097275653e-07, 2.6056960678e-07, 4.05132396963e-07, 2.83523633016e-07, 4.35235051555e-07, 2.37311837736e-07, 3.65822996895e-11],
        "max": [0.00305733922869, 0.117655068636, 0.110628701746, 0.0327088236809, 0.0829333811998, 0.0193564407527, 0.0196613408625, 0.0141130071133, 0.0211311914027, 0.01423373539, 0.0160728171468, 0.00764779979363, 0.00744399707764, 0.00286977807991, 0.00374589674175, 0.00301411328837, 0.00178369600326, 0.00217068055645, 0.00728100864217, 0.0016567845596, 0.00257239979692, 0.00383870932274, 0.00321536255069, 0.00283970031887, 0.00327322236262, 0.00240352051333, 3.74434130208e-05],
        "mean": [0.000172866770299, 0.0104989437386, 0.00501367636025, 0.00226851901971, 0.0046469704248, 0.0015886023175, 0.00108208169695, 0.00194480933715, 0.0017415874172, 0.000658952572849, 0.000708973559085, 0.000478813017253, 0.000349781301338, 0.000268433330348, 0.000239556160523, 0.000150369422045, 0.000130133266794, 0.000122209210531, 0.000120004951896, 0.000104049322545, 0.000176414105226, 0.000215512438444, 0.000206224183785, 0.000237474188907, 0.000209193938645, 0.000145731886732, 9.25459403334e-07],
        "median": [3.77112846763e-05, 0.00506794638932, 0.000755651504733, 0.000936789321713, 0.000960698525887, 0.000714210560545, 0.000397210184019, 0.00088618893642, 0.000785446783993, 0.000227692391491, 0.000253793376032, 0.000236186722759, 0.000127365245135, 8.82789827301e-05, 5.59789659746e-05, 2.9169192203e-05, 4.35905130871e-05, 2.82692071778e-05, 2.23839069804e-05, 1.96529545065e-05, 2.35686420638e-05, 3.88418084185e-05, 3.26692425006e-05, 8.55861071614e-05, 3.579492477e-05, 3.26861991198e-05, 1.04842412529e-09],
        "min": [1.3132697152e-09, 7.7351405281e-09, 3.0458497946e-08, 3.98359656373e-09, 1.69017440044e-07, 9.27519920424e-07, 2.22624180424e-07, 1.05920116766e-06, 1.92426597323e-07, 5.19562547652e-07, 5.33182230811e-07, 5.80065602662e-07, 2.16028652744e-07, 2.95594446698e-07, 1.45831592135e-07, 3.10492183075e-08, 9.43745082083e-10, 3.6784129076e-09, 6.592040247e-09, 6.62294352693e-09, 5.937867531e-09, 1.80638370928e-09, 1.25048715827e-09, 1.23779928529e-08, 1.29853058861e-10, 1.14252616257e-08, 3.6843661802e-12],
        "var": [9.38097741709e-08, 0.000336216035066, 0.000222637725528, 1.62164233188e-05, 0.000126259881654, 5.73101806367e-06, 3.59143405149e-06, 6.20878836344e-06, 5.55089036425e-06, 1.42766145927e-06, 1.66408324276e-06, 5.04106708377e-07, 4.04686659294e-07, 1.71616449052e-07, 2.14176367308e-07, 1.05009242191e-07, 4.90503424544e-08, 6.55140581785e-08, 1.1034531866e-07, 4.12055989329e-08, 1.22524397739e-07, 1.466975732e-07, 1.63997412983e-07, 1.50644922314e-07, 1.85198061331e-07, 8.74993943967e-08, 1.03181647254e-11]
    },
    "erbbands": {
        "dmean": [0.131472095847, 1.62205779552, 5.00827217102, 6.21280574799, 9.80630874634, 19.4794559479, 9.06301021576, 10.9089612961, 10.2268123627, 16.2118263245, 18.640914917, 17.3223190308, 13.8192243576, 16.2025642395, 15.8707885742, 10.6238307953, 10.2312097549, 8.99502849579, 9.55585861206, 10.4409427643, 8.01959323883, 6.8970990181, 7.23933172226, 5.61370515823, 6.57734584808, 4.57404327393, 6.6205496788, 7.33852338791, 6.56741476059, 6.47981548309, 5.38542461395, 4.26476049423, 3.06796979904, 2.15538811684, 1.5250043869, 0.708838403225, 0.251834750175, 0.0158313773572, 0.000471811450552, 5.11229955009e-05],
        "dmean2": [0.210843443871, 2.37973403931, 8.25940895081, 10.319439888, 16.2832717896, 30.867647171, 15.1497297287, 18.8326931, 16.7680473328, 25.0763206482, 26.4708194733, 25.4459590912, 22.9621925354, 26.3269958496, 24.4876194, 16.8875083923, 15.3897476196, 13.5476675034, 16.206829071, 18.2040996552, 14.5408840179, 11.8765153885, 12.0761976242, 9.17422771454, 11.0156154633, 6.96005678177, 10.3846979141, 11.6319141388, 9.60505008698, 9.63242816925, 8.21767616272, 6.46769475937, 4.68883800507, 3.38177347183, 2.4151198864, 1.12056970596, 0.391120135784, 0.0262429248542, 0.000746729085222, 7.82752031228e-05],
        "dvar": [0.0712857320905, 13.0562448502, 186.726745605, 258.806610107, 444.138549805, 2836.20410156, 392.041442871, 475.576324463, 520.588012695, 890.367431641, 807.016540527, 837.300476074, 1798.82202148, 1226.85510254, 1655.88330078, 466.765563965, 420.818023682, 221.421585083, 347.566345215, 460.732879639, 385.970672607, 197.240432739, 286.062133789, 196.460021973, 389.49710083, 77.8800506592, 167.795089722, 204.211517334, 148.610809326, 147.093460083, 118.886123657, 56.5022506714, 32.8519477844, 19.4706783295, 11.8400182724, 2.41629195213, 0.317387312651, 0.00141364452429, 1.17710499126e-06, 1.14577707322e-08],
        "dvar2": [0.192084729671, 25.7788715363, 487.691467285, 656.146911621, 1098.29345703, 6597.09082031, 1103.24536133, 1331.29455566, 1360.50109863, 2136.23657227, 1475.09362793, 1872.80871582, 5037.13818359, 3260.51586914, 4070.00268555, 1253.47497559, 892.705627441, 514.269714355, 940.294616699, 1271.7487793, 1094.8729248, 538.616577148, 778.276245117, 525.733703613, 1087.22668457, 173.276443481, 412.494781494, 509.169830322, 333.539215088, 351.66708374, 287.937347412, 127.488075256, 78.7131195068, 47.4587211609, 30.0957260132, 6.42537736893, 0.802835941315, 0.00368670001626, 2.96380017062e-06, 2.84090209135e-08],
        "max": [2.30040860176, 30.397359848, 94.9436340332, 113.485305786, 174.594680786, 390.708007812, 192.687179565, 209.18182373, 209.119186401, 344.605285645, 343.664581299, 346.153747559, 818.56640625, 408.982330322, 834.299682617, 309.344573975, 340.318695068, 162.946655273, 200.897964478, 155.758132935, 164.486480713, 112.3074646, 132.420089722, 210.362167358, 329.954528809, 74.4219589233, 91.3993225098, 98.7373428345, 145.79776001, 130.698913574, 86.7353668213, 55.3841018677, 52.5102500916, 40.5227737427, 25.7842407227, 11.8142623901, 4.40354824066, 0.281019061804, 0.00755791319534, 0.000984085723758],
        "mean": [0.196780204773, 2.67293715477, 6.21693754196, 7.2029914856, 10.4082269669, 18.9244270325, 11.8485116959, 14.2730388641, 13.6602087021, 30.4616622925, 41.0752410889, 38.1720581055, 22.5730934143, 27.2246227264, 25.4664382935, 17.2971916199, 17.0067157745, 14.2509822845, 12.8505382538, 11.2551679611, 7.87108564377, 7.56389045715, 7.1993522644, 5.52607917786, 5.95715093613, 4.82622528076, 6.66687488556, 7.408659935, 7.53107833862, 7.01782226562, 5.63024139404, 5.11743116379, 3.70573782921, 2.3251812458, 1.56317043304, 0.799659967422, 0.2459628582, 0.0131036564708, 0.000418347073719, 7.09548039595e-05],
        "median": [0.0586987994611, 1.26662659645, 1.13363182545, 2.16579651833, 3.20658111572, 2.66010761261, 4.05307388306, 6.37789773941, 5.80644035339, 15.1920013428, 22.5242824554, 19.1490764618, 10.4617156982, 11.3554391861, 9.79667758942, 8.42995548248, 6.87312269211, 5.8094367981, 4.06897497177, 2.3631207943, 1.78353202343, 2.50907874107, 1.88604414463, 1.17137336731, 1.1164894104, 0.963988721371, 0.92218452692, 0.95556551218, 1.29225468636, 1.3200802803, 0.912636995316, 1.71143507957, 1.28850758076, 0.420561343431, 0.248562812805, 0.204770609736, 0.0401566289365, 0.00150685885455, 5.7609675423e-05, 3.11531985062e-05],
        "min": [1.19597734738e-06, 1.05636108856e-05, 6.15712706349e-05, 0.000632547831628, 0.000851415912621, 0.000738172035199, 0.00235247681849, 0.00940749980509, 0.00684125581756, 0.0128134833649, 0.0354900099337, 0.0061848317273, 0.0262259952724, 0.0199186243117, 0.0237843617797, 0.0253922026604, 0.0337903350592, 0.022947922349, 0.0231354497373, 0.0128938499838, 0.00258525600657, 0.00029114363133, 0.000231301586609, 0.000301748572383, 0.000315437122481, 0.000584094959777, 0.000360643549357, 0.000365405081538, 7.35913927201e-05, 0.00036116555566, 0.000232372520259, 0.000372635258827, 0.000186041273992, 2.61746154138e-05, 6.28898706054e-05, 8.13443912193e-05, 9.81792072707e-06, 4.30154756259e-07, 6.94909019217e-08, 8.7700563256e-08],
        "var": [0.103082984686, 23.3611469269, 205.850402832, 260.273529053, 432.594299316, 2782.09082031, 418.854034424, 486.117797852, 499.144683838, 1746.02819824, 2646.78662109, 2683.14624023, 1792.0612793, 1947.90686035, 2728.80297852, 634.484558105, 840.718994141, 452.794555664, 438.35736084, 476.015136719, 278.212554932, 173.712921143, 221.33203125, 153.514602661, 261.189544678, 89.5152359009, 171.280776978, 206.470687866, 186.676086426, 163.774932861, 123.546775818, 70.6182479858, 38.4424324036, 21.0454025269, 11.731300354, 2.33824872971, 0.304111987352, 0.00113182829227, 1.03399349882e-06, 1.2056671217e-08]
    },
    "gfcc": {
        "mean": [-13.4441719055, 79.5044555664, -89.6498718262, 14.6560897827, -73.8348693848, 27.0780849457, -41.70520401, 15.1323204041, -26.1011123657, 4.95777225494, -20.5762004852, 1.39166069031, -17.3148384094],
        "cov": [[6443.140625, -973.119995117, 227.5625, 609.800476074, 78.5673904419, 32.1861839294, -294.381744385, -72.2849960327, -193.039489746, 92.3585205078, -362.938598633, -24.2844333649, -111.478858948], [-973.119995117, 2002.60144043, 286.673614502, -331.176208496, 472.626403809, 134.706176758, 290.940643311, 122.997848511, 369.212036133, -6.40073776245, 191.86491394, 3.15537500381, -9.04688644409], [227.5625, 286.673614502, 921.697753906, 400.337036133, 283.311859131, 254.500961304, 247.78427124, 157.979598999, 131.653594971, 131.284561157, 57.5282707214, 93.7437896729, 47.7201423645], [609.800476074, -331.176208496, 400.337036133, 874.564331055, 295.158599854, 112.944381714, 52.5730209351, 1.32195687294, 137.411834717, 138.891189575, 19.7331218719, 47.1702003479, 177.101882935], [78.5673904419, 472.626403809, 283.311859131, 295.158599854, 527.227478027, 158.556381226, 116.06489563, 77.0208587646, 212.985321045, 87.6404647827, 35.1764450073, 11.6008300781, 29.3103046417], [32.1861839294, 134.706176758, 254.500961304, 112.944381714, 158.556381226, 295.122070312, 200.346572876, 107.76776886, 69.8072967529, 73.022567749, 40.4752731323, 8.51741123199, 17.7151374817], [-294.381744385, 290.940643311, 247.78427124, 52.5730209351, 116.06489563, 200.346572876, 380.674835205, 133.118804932, 83.0248794556, 51.2505264282, 76.7668762207, 45.663356781, 32.4062423706], [-72.2849960327, 122.997848511, 157.979598999, 1.32195687294, 77.0208587646, 107.76776886, 133.118804932, 204.215316772, 120.414520264, 37.8353347778, 33.4103546143, -7.05109024048, -4.81954622269], [-193.039489746, 369.212036133, 131.653594971, 137.411834717, 212.985321045, 69.8072967529, 83.0248794556, 120.414520264, 326.927734375, 100.84286499, 52.0534248352, -8.70182418823, 63.012298584], [92.3585205078, -6.40073776245, 131.284561157, 138.891189575, 87.6404647827, 73.022567749, 51.2505264282, 37.8353347778, 100.84286499, 145.17149353, 35.8196983337, 21.523229599, 42.7788124084], [-362.938598633, 191.86491394, 57.5282707214, 19.7331218719, 35.1764450073, 40.4752731323, 76.7668762207, 33.4103546143, 52.0534248352, 35.8196983337, 139.744689941, 48.879737854, 32.064201355], [-24.2844333649, 3.15537500381, 93.7437896729, 47.1702003479, 11.6008300781, 8.51741123199, 45.663356781, -7.05109024048, -8.70182418823, 21.523229599, 48.879737854, 137.801651001, 60.7754440308], [-111.478858948, -9.04688644409, 47.7201423645, 177.101882935, 29.3103046417, 17.7151374817, 32.4062423706, -4.81954622269, 63.012298584, 42.7788124084, 32.064201355, 60.7754440308, 160.033218384]],
        "icov": [[0.00023911234166, -0.000131733657327, 0.000111081179057, -0.000391755893361, 0.000161683783517, -0.000155499626999, 0.000237573534832, -0.000269213545835, 0.000263541063759, -0.000374677096261, 0.000778789515607, -0.0004083988606, 0.000486365926918], [-0.000131733657327, 0.00215757032856, -0.00120555236936, 0.00244881166145, -0.00214487570338, 0.000646649859846, -0.00105652795173, 0.00208463519812, -0.00218472676352, 0.00210522674024, -0.00267704413272, 0.00165917177219, -0.00151858315803], [0.000111081179057, -0.00120555236936, 0.00282282056287, -0.00228615221567, 0.000982517143711, -0.0011177372653, 0.000197970715817, -0.00215060543269, 0.00134065060411, -0.00165926862974, 0.00192685995717, -0.00251005752943, 0.002019245876], [-0.000391755893361, 0.00244881166145, -0.00228615221567, 0.00542978802696, -0.00345902889967, 0.00102434074506, -0.00103804271203, 0.00308810989372, -0.00214522378519, 0.00163231231272, -0.00345799815841, 0.00324024120346, -0.00476769404486], [0.000161683783517, -0.00214487570338, 0.000982517143711, -0.00345902889967, 0.0058056502603, -0.00202813534997, 0.00100712373387, -0.00119703740347, -0.000313154887408, -0.001408186974, 0.00288283987902, -0.00244157412089, 0.00329691916704], [-0.000155499626999, 0.000646649859846, -0.0011177372653, 0.00102434074506, -0.00202813534997, 0.00736712384969, -0.00291217328049, -0.000865985581186, 0.000962596037425, -0.00135127326939, -0.00130767119117, 0.00235849642195, -0.00140397739597], [0.000237573534832, -0.00105652795173, 0.000197970715817, -0.00103804271203, 0.00100712373387, -0.00291217328049, 0.00572000211105, -0.00272306147963, 0.00120071880519, -0.000635711534414, 0.000496891210787, -0.00182289781515, 0.000382988917409], [-0.000269213545835, 0.00208463519812, -0.00215060543269, 0.00308810989372, -0.00119703740347, -0.000865985581186, -0.00272306147963, 0.0112681789324, -0.00568670267239, 0.00294197746553, -0.0031402609311, 0.0024556866847, -0.000490737671498], [0.000263541063759, -0.00218472676352, 0.00134065060411, -0.00214522378519, -0.000313154887408, 0.000962596037425, 0.00120071880519, -0.00568670267239, 0.00945632252842, -0.00539788696915, 0.00190734886564, 0.000530944031198, -0.00129351881333], [-0.000374677096261, 0.00210522674024, -0.00165926862974, 0.00163231231272, -0.001408186974, -0.00135127326939, -0.000635711534414, 0.00294197746553, -0.00539788696915, 0.0133477868512, -0.00434600561857, 0.000904151936993, -0.00174403609708], [0.000778789515607, -0.00267704413272, 0.00192685995717, -0.00345799815841, 0.00288283987902, -0.00130767119117, 0.000496891210787, -0.0031402609311, 0.00190734886564, -0.00434600561857, 0.0145386746153, -0.00603206409141, 0.00285353371873], [-0.0004083988606, 0.00165917177219, -0.00251005752943, 0.00324024120346, -0.00244157412089, 0.00235849642195, -0.00182289781515, 0.0024556866847, 0.000530944031198, 0.000904151936993, -0.00603206409141, 0.0135619137436, -0.00679141422734], [0.000486365926918, -0.00151858315803, 0.002019245876, -0.00476769404486, 0.00329691916704, -0.00140397739597, 0.000382988917409, -0.000490737671498, -0.00129351881333, -0.00174403609708, 0.00285353371873, -0.00679141422734, 0.0136179346591]]
    },
    "melbands": {
        "dmean": [0.00154354807455, 0.00218120636418, 0.00108613003977, 0.00112653907854, 0.000395373761421, 0.000238057255046, 0.000157946138643, 0.000193183121155, 0.000156542795594, 0.00011081219418, 6.92831526976e-05, 6.60565274302e-05, 5.11123107572e-05, 3.74518931494e-05, 2.73024743365e-05, 2.32608545048e-05, 1.71499195858e-05, 1.56793230417e-05, 1.69720860868e-05, 1.19425258163e-05, 9.03767795535e-06, 7.55380597184e-06, 6.04740853305e-06, 6.44564170216e-06, 4.26774022344e-06, 5.47889067093e-06, 3.3982446439e-06, 3.10373548018e-06, 4.22927269028e-06, 4.477541097e-06, 4.38726146967e-06, 3.59854357157e-06, 3.99449163524e-06, 3.6242868191e-06, 3.21543507198e-06, 2.7823077744e-06, 2.73734804068e-06, 2.35831430473e-06, 1.82634380508e-06, 1.90145601664e-06],
        "dmean2": [0.0023477266077, 0.0035226305481, 0.00176607060712, 0.00179690856021, 0.000631076283753, 0.000412066670833, 0.000256811239524, 0.000293322023936, 0.000219766850933, 0.000164019511431, 0.000115408365673, 0.000107807027234, 8.03322691354e-05, 6.01880929025e-05, 4.32500564784e-05, 3.48329594999e-05, 2.64428399532e-05, 2.63730762526e-05, 2.88295286737e-05, 2.17357119254e-05, 1.62311207532e-05, 1.31410743052e-05, 9.88719239103e-06, 1.08502626972e-05, 6.92484127285e-06, 9.34398940444e-06, 5.45659668205e-06, 4.73943282486e-06, 6.60069372316e-06, 7.37975688025e-06, 6.97116956871e-06, 5.29422595719e-06, 5.97837333771e-06, 5.54366806682e-06, 4.93857169204e-06, 4.31065018347e-06, 4.21682307206e-06, 3.69665986e-06, 2.82731230072e-06, 3.05793696498e-06],
        "dvar": [1.07974465209e-05, 2.75353959296e-05, 6.4630844463e-06, 8.34385537019e-06, 8.15994894765e-07, 2.2571047964e-07, 1.1843057024e-07, 1.11445594086e-07, 6.48715285934e-08, 3.85369460787e-08, 4.62098697085e-08, 2.09139319196e-08, 1.61389870357e-08, 7.15010539665e-09, 2.76384226616e-09, 1.85086568294e-09, 8.71772154465e-10, 9.45840628042e-10, 1.25089572034e-09, 7.31223026573e-10, 4.73186212435e-10, 2.31545685403e-10, 1.38754424617e-10, 2.64417571172e-10, 1.08845106539e-10, 3.05309805215e-10, 6.54602413941e-11, 3.55960504128e-11, 6.91334628433e-11, 8.24997709037e-11, 7.2178013566e-11, 4.89495215195e-11, 4.98829207107e-11, 5.17725411153e-11, 4.11420481017e-11, 3.196475723e-11, 2.44994198539e-11, 1.89002407475e-11, 1.20830333586e-11, 1.65964256227e-11],
        "dvar2": [2.60542874457e-05, 6.38454948785e-05, 1.58981783898e-05, 1.88571793842e-05, 2.09570748666e-06, 6.36519132513e-07, 3.06466972688e-07, 2.60126370222e-07, 1.12998066015e-07, 9.10681308142e-08, 1.30017525635e-07, 5.5586223624e-08, 4.09438385418e-08, 1.87548643282e-08, 6.25736706894e-09, 4.01909883152e-09, 2.01810501643e-09, 2.49283860221e-09, 3.32888272503e-09, 2.07371719796e-09, 1.33458821772e-09, 6.37444985685e-10, 3.58929608257e-10, 7.27726379157e-10, 2.89165441592e-10, 8.62765636711e-10, 1.70274433442e-10, 7.7799440501e-11, 1.70719119397e-10, 2.13317474795e-10, 1.78903669656e-10, 1.11757277044e-10, 1.15014046898e-10, 1.28050264836e-10, 9.82515249714e-11, 7.84315112856e-11, 5.93068164023e-11, 4.61043390965e-11, 2.86595053245e-11, 4.11628717223e-11],
        "max": [0.0281028207392, 0.0356102176011, 0.0171750020236, 0.0234758891165, 0.00833492446691, 0.00430035032332, 0.00341889029369, 0.00397285073996, 0.00358677189797, 0.00266343075782, 0.00412979163229, 0.00161924469285, 0.00226901704445, 0.00111822341569, 0.000762216106523, 0.00055699882796, 0.000342578219716, 0.000322717474774, 0.000379727396648, 0.000196475797566, 0.000185419543413, 0.000121780016343, 8.87428905116e-05, 0.000132416404085, 0.000164710363606, 0.000311931915348, 0.000103647027572, 5.51428493054e-05, 5.97209836997e-05, 6.8259811087e-05, 5.67122515349e-05, 9.05996566871e-05, 6.91974128131e-05, 7.00134623912e-05, 5.12255610374e-05, 5.55906517548e-05, 3.78048607672e-05, 3.69590707123e-05, 3.32934141625e-05, 3.67110624211e-05],
        "mean": [0.0023916377686, 0.00355951930396, 0.00131067354232, 0.00112756411545, 0.000496228749398, 0.00031096560997, 0.000215253123315, 0.000374438037397, 0.000339294609148, 0.000237500993535, 0.000105357328721, 0.000106259445602, 8.30230492284e-05, 5.81720996706e-05, 4.18579002144e-05, 3.63331600965e-05, 2.49414588325e-05, 2.03010295081e-05, 1.92096140381e-05, 1.13922997116e-05, 8.66300615598e-06, 7.95207051851e-06, 6.77222351442e-06, 5.87977092437e-06, 4.19387697548e-06, 4.75444585391e-06, 3.33516118189e-06, 3.21694119521e-06, 4.12157714891e-06, 4.34085995948e-06, 4.33980221715e-06, 4.13314728576e-06, 4.31053649663e-06, 3.81783047487e-06, 3.26800773109e-06, 3.02168973576e-06, 3.18338629768e-06, 2.74043441095e-06, 2.07699554267e-06, 1.93476057575e-06],
        "median": [0.000974601367489, 0.0011327508837, 0.000448331353255, 0.000201172093512, 0.000151256812387, 0.000147532089613, 8.49282732815e-05, 0.000168180587934, 0.000145876314491, 0.000112433779577, 4.54734981759e-05, 4.31300250057e-05, 3.32151612383e-05, 2.57215506281e-05, 1.60675936058e-05, 1.26439508676e-05, 8.7901698862e-06, 6.34367006569e-06, 3.92482479583e-06, 2.27583382184e-06, 1.85204612535e-06, 2.57099100054e-06, 2.10247503674e-06, 1.22986511997e-06, 8.70134442721e-07, 8.58266901105e-07, 6.77771140545e-07, 5.85790076002e-07, 5.53805307391e-07, 5.91530522343e-07, 5.36484947133e-07, 6.38710048406e-07, 8.54661834637e-07, 6.75752175994e-07, 4.79739355796e-07, 6.53084896385e-07, 1.15356226615e-06, 9.85683186627e-07, 5.46604326246e-07, 2.90144981818e-07],
        "min": [3.0615594504e-09, 8.48446468638e-09, 2.13943778249e-08, 4.87546643058e-08, 6.56516618847e-08, 1.83687404842e-07, 4.06261975172e-08, 1.23225859738e-07, 1.91026288121e-07, 3.44597630431e-08, 4.81029083232e-08, 7.72454527009e-08, 7.00482161164e-08, 6.1047678912e-08, 5.48537286704e-08, 1.81588362125e-08, 3.97850463685e-08, 1.85984312395e-08, 1.13686713377e-08, 1.29656030357e-09, 2.52422194258e-10, 5.41499796392e-11, 1.18564782992e-10, 1.84076087706e-10, 2.36625413708e-10, 2.30741356577e-10, 3.4870106802e-11, 1.92994356607e-10, 9.34284802301e-11, 2.01948908984e-11, 1.28159427515e-10, 2.9501651122e-11, 3.8908123251e-11, 1.92579382996e-10, 1.90910221659e-11, 2.55416972295e-11, 1.65323046919e-10, 8.62299814886e-12, 2.53658368182e-13, 1.49849994609e-13],
