{
"highlevel": {
    "danceability": {
        "all": {
            "danceable": 0.999803185463,
            "not_danceable": 0.000196796550881
        },
        "probability": 0.999803185463,
        "value": "danceable"
    },
    "gender": {
        "all": {
            "female": 0.969435989857,
            "male": 0.0305639989674
        },
        "probability": 0.969435989857,
        "value": "female"
    },
    "genre_dortmund": {
        "all": {
            "alternative": 0.116115868092,
            "blues": 0.0505329743028,
            "electronic": 0.0660845786333,
            "folkcountry": 0.0969586670399,
            "funksoulrnb": 0.02329114452,
            "jazz": 0.117260947824,
            "pop": 0.207283258438,
            "raphiphop": 0.0411797165871,
            "rock": 0.28129285574
        },
        "probability": 0.28129285574,
        "value": "rock"
    },
    "genre_electronic": {
        "all": {
            "ambient": 0.137341439724,
            "dnb": 0.0588671304286,
            "house": 0.0707601904869,
            "techno": 0.018946737051,
            "trance": 0.714084506035
        },
        "probability": 0.714084506035,
        "value": "trance"
    },
    "genre_rosamerica": {
        "all": {
            "cla": 0.0028945337981,
            "dan": 0.753172457218,
            "hip": 0.0621996037662,
            "jaz": 0.0087879113853,
            "pop": 0.0690918266773,
            "rhy": 0.0161752738059,
            "roc": 0.0853113606572,
            "spe": 0.00236705807038
        },
        "probability": 0.753172457218,
        "value": "dan"
    },
    "genre_tzanetakis": {
        "all": {
            "blu": 0.0626541376114,
            "cla": 0.0348133966327,
            "cou": 0.0783501937985,
            "dis": 0.104547761381,
            "hip": 0.15693578124,
            "jaz": 0.313987255096,
            "met": 0.044816005975,
            "pop": 0.0627349764109,
            "reg": 0.0627352520823,
            "roc": 0.0784252434969
        },
        "probability": 0.313987255096,
        "value": "jaz"
    },
    "ismir04_rhythm": {
        "all": {
            "ChaChaCha": 0.58607840538,
            "Jive": 0.197027280927,
            "Quickstep": 0.0102746784687,
            "Rumba-American": 0.0121778901666,
            "Rumba-International": 0.0182257499546,
            "Rumba-Misc": 0.00601742928848,
            "Samba": 0.138382598758,
            "Tango": 0.00638956669718,
            "VienneseWaltz": 0.0220326818526,
            "Waltz": 0.0033937303815
        },
        "probability": 0.58607840538,
        "value": "ChaChaCha"
    },
    "mood_acoustic": {
        "all": {
            "acoustic": 0.00525660766289,
            "not_acoustic": 0.994743406773
        },
        "probability": 0.994743406773,
        "value": "not_acoustic"
    },
    "mood_aggressive": {
        "all": {
            "aggressive": 0.0207603983581,
            "not_aggressive": 0.979239583015
        },
        "probability": 0.979239583015,
        "value": "not_aggressive"
    },
    "mood_electronic": {
        "all": {
            "electronic": 0.894399046898,
            "not_electronic": 0.105600968003
        },
        "probability": 0.894399046898,
        "value": "electronic"
    },
    "mood_happy": {
        "all": {
            "happy": 0.579352498055,
            "not_happy": 0.420647501945
        },
        "probability": 0.579352498055,
        "value": "happy"
    },
    "mood_party": {
        "all": {
            "not_party": 0.20826625824,
            "party": 0.79173374176
        },
        "probability": 0.79173374176,
        "value": "party"
    },
    "mood_relaxed": {
        "all": {
            "not_relaxed": 0.993733882904,
            "relaxed": 0.00626608962193
        },
        "probability": 0.993733882904,
        "value": "not_relaxed"
    },
    "mood_sad": {
        "all": {
            "not_sad": 0.629989683628,
            "sad": 0.37001028657
        },
        "probability": 0.629989683628,
        "value": "not_sad"
    },
    "moods_mirex": {
        "all": {
            "Cluster1": 0.405074566603,
            "Cluster2": 0.289141535759,
            "Cluster3": 0.0971790850163,
            "Cluster4": 0.117289356887,
            "Cluster5": 0.0913154482841
        },
        "probability": 0.405074566603,
        "value": "Cluster1"
    },
    "timbre": {
        "all": {
            "bright": 0.996146678925,
            "dark": 0.00385334808379
        },
        "probability": 0.996146678925,
        "value": "bright"
    },
    "tonal_atonal": {
        "all": {
            "atonal": 0.0604310147464,
            "tonal": 0.939568996429
        },
        "probability": 0.939568996429,
        "value": "tonal"
    },
    "voice_instrumental": {
        "all": {
            "instrumental": 0.417370080948,
            "voice": 0.582629919052
        },
        "probability": 0.582629919052,
        "value": "voice"
    }
},
"lowlevel": {
    "average_loudness": 0.958480715752,
    "barkbands_crest": {
        "dmean": 2.46776485443,
        "dmean2": 3.64961743355,
        "dvar": 7.28797578812,
        "dvar2": 13.3479909897,
        "max": 25.5689640045,
        "mean": 11.2353038788,
        "median": 9.54533958435,
        "min": 2.64052009583,
        "var": 33.5684890747
    },
    "barkbands_flatness_db": {
        "dmean": 0.018615372479,
        "dmean2": 0.0275967102498,
        "dvar": 0.000377934804419,
        "dvar2": 0.000726323341951,
        "max": 0.30238828063,
        "mean": 0.115412026644,
        "median": 0.107715561986,
        "min": 0.0452189594507,
        "var": 0.00149277923629
    },
    "barkbands_kurtosis": {
        "dmean": 1.84664583206,
        "dmean2": 2.73629188538,
        "dvar": 9.36853313446,
        "dvar2": 19.4438610077,
        "max": 54.6055145264,
        "mean": 2.84202647209,
        "median": 1.05201482773,
        "min": -1.79661881924,
        "var": 27.6643218994
    },
    "barkbands_skewness": {
        "dmean": 0.435727655888,
        "dmean2": 0.641485989094,
        "dvar": 0.245616078377,
        "dvar2": 0.48470968008,
        "max": 5.40616321564,
        "mean": 1.30228173733,
        "median": 1.09670245647,
        "min": -3.01665401459,
        "var": 1.262185812
    },
    "barkbands_spread": {
        "dmean": 5.95579051971,
        "dmean2": 8.66726970673,
        "dvar": 45.4328193665,
        "dvar2": 84.6839599609,
        "max": 99.7012252808,
        "mean": 32.5522422791,
        "median": 31.5821094513,
        "min": 1.60364496708,
        "var": 218.371398926
    },
    "dissonance": {
        "dmean": 0.01966692321,
        "dmean2": 0.0331908203661,
        "dvar": 0.000446472608019,
        "dvar2": 0.00122900388669,
        "max": 0.499999970198,
        "mean": 0.464446723461,
        "median": 0.472352564335,
        "min": 0.252366602421,
        "var": 0.000826436793432
    },
    "dynamic_complexity": 2.32800793648,
    "erbbands_crest": {
        "dmean": 2.68685340881,
        "dmean2": 4.15097522736,
        "dvar": 8.25551986694,
        "dvar2": 17.1954574585,
        "max": 33.9054603577,
        "mean": 9.03164768219,
        "median": 7.27947282791,
        "min": 2.25867676735,
        "var": 33.8002624512
    },
    "erbbands_flatness_db": {
        "dmean": 0.0151287494227,
        "dmean2": 0.0207339692861,
        "dvar": 0.000269233627478,
        "dvar2": 0.000403053854825,
        "max": 0.354971855879,
        "mean": 0.125533521175,
        "median": 0.114201113582,
        "min": 0.0583845302463,
        "var": 0.00193643989041
    },
    "erbbands_kurtosis": {
        "dmean": 1.28668057919,
        "dmean2": 1.83425974846,
        "dvar": 14.1660718918,
        "dvar2": 23.6567363739,
        "max": 104.10080719,
        "mean": 1.26628124714,
        "median": -0.307251214981,
        "min": -1.64141976833,
        "var": 36.6034049988
    },
    "erbbands_skewness": {
        "dmean": 0.344178527594,
        "dmean2": 0.473528623581,
        "dvar": 0.137920200825,
        "dvar2": 0.221619382501,
        "max": 7.0405960083,
        "mean": 0.501045227051,
        "median": 0.317941009998,
        "min": -2.59486722946,
        "var": 0.950571894646
    },
    "erbbands_spread": {
        "dmean": 8.70754814148,
        "dmean2": 12.7028436661,
        "dvar": 81.1719818115,
        "dvar2": 171.903701782,
        "max": 112.142379761,
        "mean": 45.9674415588,
        "median": 46.5525054932,
        "min": 1.30608654022,
        "var": 393.34979248
    },
    "hfc": {
        "dmean": 10.4170274734,
        "dmean2": 15.0130815506,
        "dvar": 238.932296753,
        "dvar2": 484.542419434,
        "max": 227.609359741,
        "mean": 38.1040344238,
        "median": 34.9065132141,
        "min": 0.649499833584,
        "var": 630.139892578
    },
    "melbands_crest": {
        "dmean": 3.0816013813,
        "dmean2": 4.06583404541,
        "dvar": 7.96442127228,
        "dvar2": 15.4018297195,
        "max": 33.6599121094,
        "mean": 16.5999221802,
        "median": 14.6274738312,
        "min": 3.08466219902,
        "var": 60.8932113647
    },
    "melbands_flatness_db": {
        "dmean": 0.0211686864495,
        "dmean2": 0.0302074551582,
        "dvar": 0.00052734039491,
        "dvar2": 0.000978494645096,
        "max": 0.325708299875,
        "mean": 0.150410413742,
        "median": 0.1422290802,
        "min": 0.0262854900211,
        "var": 0.00332274148241
    },
    "melbands_kurtosis": {
        "dmean": 7.2075881958,
        "dmean2": 10.8826055527,
        "dvar": 198.935897827,
        "dvar2": 457.669677734,
        "max": 170.724136353,
        "mean": 14.6741456985,
        "median": 6.39841079712,
        "min": -1.63404035568,
        "var": 504.645599365
    },
    "melbands_skewness": {
        "dmean": 0.724552631378,
        "dmean2": 1.04731464386,
        "dvar": 0.835372388363,
        "dvar2": 1.66430735588,
        "max": 12.1252374649,
        "mean": 2.64591550827,
        "median": 2.20723772049,
        "min": -2.69614338875,
        "var": 4.36781215668
    },
    "melbands_spread": {
        "dmean": 8.21984672546,
        "dmean2": 12.4821491241,
        "dvar": 133.676651001,
        "dvar2": 280.634613037,
        "max": 170.940032959,
        "mean": 32.5714530945,
        "median": 27.9077396393,
        "min": 2.69715666771,
        "var": 494.968719482
    },
    "pitch_salience": {
        "dmean": 0.0757886171341,
        "dmean2": 0.11619720608,
        "dvar": 0.00638429168612,
        "dvar2": 0.0136644011363,
        "max": 0.890102803707,
        "mean": 0.511151432991,
        "median": 0.532723844051,
        "min": 0.0988252088428,
        "var": 0.0212685894221
    },
    "silence_rate_20dB": {
        "dmean": 0,
        "dmean2": 0,
        "dvar": 0,
        "dvar2": 0,
        "max": 1,
        "mean": 1,
        "median": 1,
        "min": 1,
        "var": 0
    },
    "silence_rate_30dB": {
        "dmean": 0.0526315793395,
        "dmean2": 0.105344690382,
        "dvar": 0.0498609803617,
        "dvar2": 0.123680122197,
        "max": 1,
        "mean": 0.96210360527,
        "median": 1,
        "min": 0,
        "var": 0.0364590995014
    },
    "silence_rate_60dB": {
        "dmean": 0.0061919502914,
        "dmean2": 0.0123934932053,
        "dvar": 0.00615359749645,
        "dvar2": 0.0137891033664,
        "max": 1,
        "mean": 0.0154679045081,
        "median": 0,
        "min": 0,
        "var": 0.0152285769582
    },
    "spectral_centroid": {
        "dmean": 266.062866211,
        "dmean2": 397.994903564,
        "dvar": 82148.8515625,
        "dvar2": 182335.703125,
        "max": 4387.32226562,
        "mean": 1835.97424316,
        "median": 1771.21533203,
        "min": 447.618438721,
        "var": 325302.8125
    },
    "spectral_complexity": {
        "dmean": 5.18266248703,
        "dmean2": 8.08752918243,
        "dvar": 34.9140396118,
        "dvar2": 73.6583862305,
        "max": 56,
        "mean": 22.6473312378,
        "median": 22,
        "min": 3,
        "var": 82.6368331909
    },
    "spectral_decrease": {
        "dmean": 2.40233921645e-09,
        "dmean2": 3.40163452961e-09,
        "dvar": 1.23791152089e-17,
        "dvar2": 2.3123600759e-17,
        "max": -2.14859519065e-10,
        "mean": -9.62668433857e-09,
        "median": -7.53846052248e-09,
        "min": -3.64205590131e-08,
        "var": 5.74403349431e-17
    },
    "spectral_energy": {
        "dmean": 0.00969102606177,
        "dmean2": 0.0137422224507,
        "dvar": 0.000195599335711,
        "dvar2": 0.000366665510228,
        "max": 0.141186580062,
        "mean": 0.0397894605994,
        "median": 0.0325126871467,
        "min": 0.000910295580979,
        "var": 0.000880290521309
    },
    "spectral_energyband_high": {
        "dmean": 0.000914795498829,
        "dmean2": 0.0013443910284,
        "dvar": 2.76925106846e-06,
        "dvar2": 6.02746831646e-06,
        "max": 0.0319921784103,
        "mean": 0.00265458226204,
        "median": 0.00202099606395,
        "min": 1.89180573216e-05,
        "var": 6.48940385872e-06
    },
    "spectral_energyband_low": {
        "dmean": 0.00641324371099,
        "dmean2": 0.00831013359129,
        "dvar": 0.000136738279252,
        "dvar2": 0.00022709609766,
        "max": 0.128030285239,
        "mean": 0.0189630202949,
        "median": 0.00580203998834,
        "min": 1.65531546372e-05,
        "var": 0.000679449178278
    },
    "spectral_energyband_middle_high": {
        "dmean": 0.00328527134843,
        "dmean2": 0.00467870011926,
        "dvar": 2.70701166301e-05,
        "dvar2": 4.76466375403e-05,
        "max": 0.0879504606128,
        "mean": 0.00937291700393,
        "median": 0.00526895048097,
        "min": 4.14694841311e-05,
        "var": 0.000116892479127
    },
    "spectral_energyband_middle_low": {
        "dmean": 0.00518414424732,
        "dmean2": 0.00853293854743,
        "dvar": 0.000116087474453,
        "dvar2": 0.000323326705256,
        "max": 0.0903399512172,
        "mean": 0.010221705772,
        "median": 0.00737371202558,
        "min": 0.000126227299916,
        "var": 0.000110724351543
    },
    "spectral_entropy": {
        "dmean": 0.115924067795,
        "dmean2": 0.169595465064,
        "dvar": 0.0169856064022,
        "dvar2": 0.0309403743595,
        "max": 8.75090408325,
        "mean": 8.01994991302,
        "median": 8.06842136383,
        "min": 6.41188335419,
        "var": 0.0781549662352
    },
    "spectral_flux": {
        "dmean": 0.0339135341346,
        "dmean2": 0.0506032928824,
        "dvar": 0.00183922715951,
        "dvar2": 0.0034692636691,
        "max": 0.391926556826,
        "mean": 0.095663651824,
        "median": 0.0785643979907,
        "min": 0.0144305042922,
        "var": 0.0037100513
    },
    "spectral_kurtosis": {
        "dmean": 0.510122835636,
        "dmean2": 0.816404104233,
        "dvar": 0.221228092909,
        "dvar2": 0.498515158892,
        "max": 8.05997180939,
        "mean": 1.74859499931,
        "median": 1.66816473007,
        "min": -0.956828832626,
        "var": 0.696351349354
    },
    "spectral_rms": {
        "dmean": 0.000757343368605,
        "dmean2": 0.00104734348133,
        "dvar": 9.33448689011e-07,
        "dvar2": 1.64794084867e-06,
        "max": 0.0117363967001,
        "mean": 0.00577907450497,
        "median": 0.00563202379271,
        "min": 0.00094238697784,
        "var": 5.42129146197e-06
    },
    "spectral_rolloff": {
        "dmean": 626.780212402,
        "dmean2": 985.374023438,
        "dvar": 916107.1875,
        "dvar2": 1806412.75,
        "max": 10422.0703125,
        "mean": 2193.8671875,
        "median": 1507.32421875,
        "min": 64.599609375,
        "var": 3597366.75
    },
    "spectral_skewness": {
        "dmean": 0.120884552598,
        "dmean2": 0.18521386385,
        "dvar": 0.0113234724849,
        "dvar2": 0.0239534098655,
        "max": 2.31822490692,
        "mean": 1.16770088673,
        "median": 1.17218124866,
        "min": 0.165303602815,
        "var": 0.053287986666
    },
    "spectral_spread": {
        "dmean": 470815.90625,
        "dmean2": 728212.6875,
        "dvar": 242965823488,
        "dvar2": 478590107648,
        "max": 11143925,
        "mean": 6391043.5,
        "median": 6290201,
        "min": 2967242,
        "var": 947547144192
    },
    "spectral_strongpeak": {
        "dmean": 0.576432466507,
        "dmean2": 0.866734206676,
        "dvar": 1.11788725853,
        "dvar2": 2.45568156242,
        "max": 13.847445488,
        "mean": 1.37242591381,
        "median": 0.546605050564,
        "min": 0.0331303142011,
        "var": 4.12926673889
    },
    "zerocrossingrate": {
        "dmean": 0.0122062750161,
        "dmean2": 0.014177554287,
        "dvar": 0.000165901932633,
        "dvar2": 0.000189541635336,
        "max": 0.3232421875,
        "mean": 0.0908788442612,
        "median": 0.08251953125,
        "min": 0.0166015625,
        "var": 0.00172947265673
    },
    "barkbands": {
        "dmean": [0.000298257480608, 0.00620317365974, 0.00178833934478, 0.0018814074574, 0.0013881912455, 0.00112082483247, 0.000711297965609, 0.000753934786189, 0.000890815223102, 0.000974201655481, 0.000726135447621, 0.00157072395086, 0.000467301055323, 0.000569005089346, 0.000329967384459, 0.00021989668312, 0.000274875259493, 0.000250173325185, 0.000215350315557, 0.000248552969424, 0.000231115511269, 0.000267917144811, 0.000218874251004, 0.000176028494025, 0.000139527706779, 5.77732098463e-05, 2.75965930996e-07],
        "dmean2": [0.000347698427504, 0.0089050270617, 0.00317798182368, 0.00342968991026, 0.00250096083619, 0.00183574180119, 0.00110582716297, 0.00114355352707, 0.00137151253875, 0.00146276433952, 0.00112161168363, 0.00217406940646, 0.000727675389498, 0.000884988869075, 0.000535650760867, 0.000348486122675, 0.000440102274297, 0.000415873189922, 0.000351820141077, 0.000396321731387, 0.000350448128302, 0.000421724806074, 0.000339171965607, 0.000275039899861, 0.000215901323827, 8.93015312613e-05, 4.66569872515e-07],
        "dvar": [3.56497281473e-07, 0.00019026856171, 3.20304679917e-05, 3.84740560548e-05, 1.68143051269e-05, 4.18625268139e-06, 1.80139409167e-06, 3.4839674754e-06, 4.84646852783e-06, 5.59574391445e-06, 2.76990249404e-06, 1.92507686734e-05, 1.34248568884e-06, 2.91893411486e-06, 4.15274996612e-07, 2.84908907133e-07, 3.10485148702e-07, 2.73430430298e-07, 3.88756660641e-07, 4.8736961844e-07, 2.27961834298e-07, 3.02688846432e-07, 1.53642346845e-07, 1.33185821483e-07, 6.59002239445e-08, 7.90338194889e-09, 8.47421525313e-13],
        "dvar2": [5.08637526764e-07, 0.00040052345139, 9.06204149942e-05, 0.000111568893772, 4.84297670482e-05, 1.02862331914e-05, 4.06673871112e-06, 7.59971771913e-06, 9.83396057563e-06, 1.20334270832e-05, 5.7252800616e-06, 3.21239349432e-05, 2.91399396701e-06, 6.84136739437e-06, 1.01351292869e-06, 6.78367882756e-07, 7.49601269945e-07, 6.9497724553e-07, 8.653400414e-07, 9.3043030347e-07, 4.92423623655e-07, 6.94984180427e-07, 3.39367289826e-07, 3.2256221516e-07, 1.41614634686e-07, 1.69055045518e-08, 2.29662946646e-12],
        "max": [0.00617017410696, 0.1224443838, 0.0468765608966, 0.0454388782382, 0.0334152877331, 0.0206602644175, 0.0177583098412, 0.0282974019647, 0.0315467193723, 0.0435238480568, 0.0294590704143, 0.0860571265221, 0.0292643066496, 0.0347465872765, 0.00856716744602, 0.00770853785798, 0.00822162441909, 0.00786249898374, 0.0112457517534, 0.0146859334782, 0.00970281101763, 0.0114122647792, 0.00659103039652, 0.0075982324779, 0.00412863818929, 0.00148576078936, 1.3726384168e-05],
        "mean": [0.000780413043685, 0.015216331929, 0.00211420608684, 0.00167657213751, 0.00147930230014, 0.00181054382119, 0.00122749502771, 0.00135600939393, 0.0014359416673, 0.00172894867137, 0.0010980963707, 0.00339767383412, 0.000733452383429, 0.000864719739184, 0.000514859741088, 0.000331702496624, 0.000463703443529, 0.000376234558644, 0.000340534461429, 0.000447344849817, 0.000459799397504, 0.000541900924873, 0.000517912209034, 0.000426487560617, 0.000315850949846, 0.000133139066747, 2.55386396475e-07],
        "median": [1.61821244546e-05, 0.00234651262872, 0.000394648232032, 0.000570606440306, 0.000569593103137, 0.000820849789307, 0.000553484074771, 0.00024711858714, 0.000496891851071, 0.000536327366717, 0.000306606845697, 0.000551430915948, 0.000339331367286, 0.000344691361533, 0.000258836196736, 0.0001523567189, 0.000240604305873, 0.000186527744518, 0.000186728459084, 0.000230459379964, 0.000304402492475, 0.000359870144166, 0.000361207203241, 0.000321325584082, 0.000222046961426, 9.91982378764e-05, 3.85983955908e-09],
        "min": [1.1256553023e-08, 8.28341762826e-06, 4.88557283518e-08, 1.88009062185e-06, 6.17307841821e-06, 4.07387278756e-06, 7.96303356765e-06, 7.82914412412e-07, 5.7603933783e-06, 4.49502431366e-06, 2.30199611906e-06, 7.37803702577e-07, 1.56612713909e-06, 4.84500105813e-07, 6.71775865158e-07, 2.89343546456e-07, 8.66811944888e-07, 2.30839987125e-06, 2.36743767346e-06, 2.02996147891e-06, 4.82117593492e-06, 4.46634794571e-06, 2.38376242123e-06, 2.75409956885e-06, 5.54085090698e-07, 8.13029032987e-10, 7.62188055725e-12],
        "var": [1.84267480563e-06, 0.000581062980928, 2.38398661168e-05, 2.25182011491e-05, 1.1236539649e-05, 6.23306095804e-06, 3.2884254324e-06, 1.16800301839e-05, 9.27992823563e-06, 1.23428098959e-05, 6.9314069151e-06, 8.26283721835e-05, 2.28015233006e-06, 4.9144937293e-06, 7.05939555701e-07, 3.73192278857e-07, 5.00907106016e-07, 3.42461902392e-07, 6.06922526458e-07, 1.04365267362e-06, 4.21313217203e-07, 5.16589352628e-07, 3.18245582775e-07, 2.61637211452e-07, 1.30780051677e-07, 1.62700324324e-08, 7.61479909076e-13]
    },
    "erbbands": {
        "dmean": [0.217352733016, 1.40855312347, 1.79261803627, 4.6305437088, 5.43772506714, 4.50791454315, 5.44164180756, 10.4693822861, 10.5392351151, 10.9810571671, 18.7958946228, 18.2959976196, 35.3878250122, 21.599609375, 32.3302154541, 74.0146331787, 24.1472358704, 30.3605957031, 14.695274353, 15.9666643143, 13.5940723419, 13.7551393509, 14.2105350494, 10.9448423386, 10.4012470245, 11.6413373947, 10.5974731445, 8.35966682434, 9.27799797058, 9.45683765411, 5.80309104919, 4.0450501442, 2.85057902336, 1.80671596527, 0.947289049625, 0.353204131126, 0.0988455414772, 0.0080205341801, 0.000175081004272, 2.01734310394e-05],
        "dmean2": [0.243577390909, 2.14094781876, 2.79318881035, 8.43261432648, 9.67311668396, 8.21645832062, 9.64316177368, 16.9221744537, 16.9288024902, 16.6912708282, 27.661989212, 27.1308574677, 51.5213012695, 33.998374939, 48.4015388489, 103.631980896, 36.7310447693, 46.577457428, 23.0108108521, 25.693479538, 21.5485095978, 21.6659507751, 23.2688236237, 18.1115207672, 16.8788757324, 18.6308174133, 16.1679878235, 13.1748762131, 14.5923728943, 15.0239334106, 9.10918331146, 6.36273574829, 4.5162935257, 2.82238316536, 1.46191871166, 0.545485556126, 0.154049277306, 0.0130891939625, 0.000271992292255, 2.95101763186e-05],
        "dvar": [0.185351863503, 10.7294082642, 22.7796363831, 243.847549438, 282.896148682, 159.604034424, 200.194107056, 383.380310059, 457.579437256, 606.882324219, 2284.37768555, 2005.27941895, 5751.01855469, 4685.98291016, 4733.66552734, 53679.3945312, 3530.48339844, 8050.39550781, 670.278991699, 1319.88964844, 1000.26800537, 705.52722168, 902.10546875, 702.017578125, 1197.02966309, 890.910705566, 520.372741699, 349.17376709, 403.60168457, 292.618652344, 102.385421753, 74.5918121338, 28.4030761719, 11.9206733704, 2.88196229935, 0.319137185812, 0.0183800216764, 0.000123203193652, 8.03467372634e-08, 1.13783615863e-09],
        "dvar2": [0.245448812842, 24.4575061798, 58.4448394775, 704.612487793, 810.57434082, 461.179016113, 556.079833984, 931.441894531, 1170.51477051, 1299.54418945, 4678.13476562, 4078.55932617, 11070.7978516, 11806.6855469, 9715.94238281, 93710.3671875, 7742.27978516, 18412.1113281, 1572.39868164, 3340.08666992, 2321.06762695, 1605.50549316, 2263.71899414, 1668.13305664, 2443.62792969, 1719.3260498, 1123.3762207, 784.844543457, 967.694396973, 710.281311035, 223.924911499, 184.201171875, 63.3392944336, 25.3284702301, 6.63560819626, 0.667852580547, 0.040331158787, 0.000275141501334, 1.76709036737e-07, 2.36170705215e-09],
        "max": [4.36720943451, 27.6914596558, 51.6149787903, 113.092628479, 146.012573242, 105.841674805, 121.555755615, 217.943359375, 292.169067383, 391.700134277, 766.875732422, 752.768005371, 1452.07312012, 1671.40441895, 1086.14428711, 4266.95507812, 1452.04760742, 1703.83081055, 379.266693115, 564.299804688, 418.741973877, 461.901672363, 452.278869629, 367.535095215, 628.097351074, 641.224975586, 582.613342285, 422.740905762, 360.236846924, 301.871917725, 147.957839966, 163.961730957, 104.569671631, 65.3677978516, 20.9633178711, 11.8846492767, 1.29347860813, 0.102676510811, 0.00330364331603, 0.000421678909333],
        "mean": [0.653189718723, 2.53926110268, 2.65093779564, 4.3397564888, 5.68360424042, 4.48961782455, 6.75504589081, 16.1455497742, 17.7571735382, 20.1373634338, 36.1193695068, 32.8827629089, 69.4184036255, 35.0621871948, 60.8148498535, 145.225448608, 41.9037666321, 48.4908790588, 25.6465759277, 25.1700077057, 22.4332485199, 24.9585151672, 22.4661178589, 16.9487323761, 17.7823410034, 21.1154785156, 21.3978424072, 16.6241226196, 18.3972358704, 20.3268947601, 13.5228242874, 9.18431091309, 6.87634801865, 4.05003833771, 1.97996234894, 0.799853980541, 0.213855013251, 0.0138984294608, 0.00035246569314, 7.28101003915e-05],
        "median": [0.03485102579, 0.597883701324, 0.963225126266, 1.47178351879, 1.92154848576, 1.88731908798, 2.80189418793, 7.08570814133, 8.57781124115, 8.46856689453, 8.03722190857, 14.6566343307, 17.2639389038, 14.6189107895, 19.8118286133, 24.8604049683, 21.5994758606, 20.8579082489, 15.6723155975, 12.9496765137, 10.8766593933, 13.2339811325, 11.6804533005, 9.8390712738, 9.36053085327, 11.4356479645, 12.9967565536, 11.0304679871, 12.0999107361, 13.9329042435, 9.7389497757, 6.4095993042, 5.17483901978, 2.83414125443, 1.40676856041, 0.567608714104, 0.164501279593, 0.0104758767411, 0.000253863516264, 6.10118913755e-05],
        "min": [8.58710554894e-05, 0.00193966075312, 0.00168797606602, 0.0162805411965, 0.0129026081413, 0.0336061790586, 0.0432148203254, 0.0879186317325, 0.147412613034, 0.0993778258562, 0.0471086092293, 0.212810322642, 0.211206182837, 0.166554227471, 0.149428889155, 0.0406460165977, 0.0541313402355, 0.089528657496, 0.0385215803981, 0.034711856395, 0.0364402420819, 0.0776292309165, 0.134031802416, 0.0972156524658, 0.149121016264, 0.130810976028, 0.115744464099, 0.215075194836, 0.188767790794, 0.0896590650082, 0.0766859650612, 0.0561195462942, 0.0399944707751, 0.00792051944882, 0.00337304407731, 0.00054987182375, 1.92103452719e-05, 2.08505593946e-06, 1.84510292911e-06, 1.55011662173e-06],
        "var": [1.13096261024, 18.9806098938, 24.0496234894, 146.357131958, 193.782516479, 98.6364898682, 158.195266724, 576.963195801, 695.670593262, 1318.09777832, 8502.51464844, 3716.4362793, 17424.3339844, 5720.09814453, 13302.3574219, 175751.421875, 5781.13476562, 14322.5751953, 1154.27490234, 2150.81982422, 1481.16625977, 1329.84643555, 1199.53381348, 914.578796387, 2291.30859375, 1991.70373535, 1297.84570312, 545.084655762, 614.010498047, 530.075683594, 221.11390686, 141.254470825, 62.9497947693, 23.1124000549, 5.10976982117, 0.69953250885, 0.0359784550965, 0.000190555743757, 1.31999428277e-07, 2.97778690594e-09]
    },
    "gfcc": {
        "mean": [54.250919342, 49.2491493225, -110.421607971, 34.0324516296, -69.2364044189, 36.0688858032, -35.2945365906, 17.059211731, -26.215675354, 11.447716713, -16.962682724, 8.29995250702, -13.7620983124],
        "cov": [[1737.42956543, -107.42250061, 85.2852706909, -44.0602607727, 156.296676636, 67.1955413818, -39.9269790649, 93.2044219971, 81.0867385864, 99.8985671997, -11.730132103, 52.3608512878, -21.9554615021], [-107.42250061, 357.749084473, 90.0672073364, 2.89407896996, 21.9579486847, -2.61563754082, 24.5605926514, 6.78253269196, 29.7174739838, -0.211040869355, 11.1968278885, -20.9125576019, 1.05653703213], [85.2852706909, 90.0672073364, 415.908630371, 212.391662598, 101.098144531, 29.9744701385, 22.1159763336, 111.9504776, 79.8352203369, 76.0682449341, 62.0744857788, 24.7915706635, -1.68906593323], [-44.0602607727, 2.89407896996, 212.391662598, 341.318084717, 88.4232940674, -48.6484298706, -37.4728393555, 58.3143157959, 67.8572769165, 23.3978786469, 36.6219482422, 4.75257062912, 12.1551780701], [156.296676636, 21.9579486847, 101.098144531, 88.4232940674, 194.381317139, 116.368347168, 41.6601715088, 47.9979362488, 32.5099830627, 36.2786178589, 26.0069293976, 28.0819911957, 7.5320892334], [67.1955413818, -2.61563754082, 29.9744701385, -48.6484298706, 116.368347168, 252.174468994, 142.995742798, 46.7312164307, 26.9413948059, 24.7531299591, 40.2667274475, 36.9747314453, 43.6639518738], [-39.9269790649, 24.5605926514, 22.1159763336, -37.4728393555, 41.6601715088, 142.995742798, 189.748718262, 56.5555953979, 14.6324224472, 6.44276666641, 25.1678085327, 33.5236282349, 50.9363708496], [93.2044219971, 6.78253269196, 111.9504776, 58.3143157959, 47.9979362488, 46.7312164307, 56.5555953979, 139.216094971, 106.655838013, 55.3570404053, 30.8992786407, 22.5667800903, 20.8053722382], [81.0867385864, 29.7174739838, 79.8352203369, 67.8572769165, 32.5099830627, 26.9413948059, 14.6324224472, 106.655838013, 160.114303589, 84.0436325073, 29.7367038727, 17.8734111786, 23.9662704468], [99.8985671997, -0.211040869355, 76.0682449341, 23.3978786469, 36.2786178589, 24.7531299591, 6.44276666641, 55.3570404053, 84.0436325073, 124.002746582, 61.7104644775, 18.4214839935, 3.37044095993], [-11.730132103, 11.1968278885, 62.0744857788, 36.6219482422, 26.0069293976, 40.2667274475, 25.1678085327, 30.8992786407, 29.7367038727, 61.7104644775, 96.0184402466, 46.9309501648, 16.0726070404], [52.3608512878, -20.9125576019, 24.7915706635, 4.75257062912, 28.0819911957, 36.9747314453, 33.5236282349, 22.5667800903, 17.8734111786, 18.4214839935, 46.9309501648, 86.716255188, 45.8977241516], [-21.9554615021, 1.05653703213, -1.68906593323, 12.1551780701, 7.5320892334, 43.6639518738, 50.9363708496, 20.8053722382, 23.9662704468, 3.37044095993, 16.0726070404, 45.8977241516, 82.6904602051]],
        "icov": [[0.00076740415534, 0.000182352727279, -0.000126208513393, 0.000391198263969, -0.000619138299953, -5.35877516086e-05, 0.000509542296641, -0.000519119552337, 0.000129049469251, -0.000673734466545, 0.000965518760495, -0.000803376780823, 0.000291085569188], [0.000182352727279, 0.00459615327418, -0.00247825076804, 0.00324451201595, -0.00339891319163, 0.00343890162185, -0.00196970161051, 0.0037249289453, -0.00502296257764, 0.00462150946259, -0.00470774807036, 0.0047258939594, -0.00220868224278], [-0.000126208513393, -0.00247825076804, 0.00625085970387, -0.00492382794619, 0.00233772257343, -0.00290384027176, 0.00108947616536, -0.00545246852562, 0.00508038792759, -0.00510997651145, 0.00329034845345, -0.00398461567238, 0.00317875412293], [0.000391198263969, 0.00324451201595, -0.00492382794619, 0.0103851873428, -0.00804237835109, 0.00732833985239, -0.00100443488918, 0.00407890416682, -0.00787764973938, 0.00874438043684, -0.00917258672416, 0.00801801402122, -0.00585018517449], [-0.000619138299953, -0.00339891319163, 0.00233772257343, -0.00804237835109, 0.015804072842, -0.0111565953121, 0.00328474538401, -0.00505178561434, 0.00773661071435, -0.00856932532042, 0.00963754020631, -0.00924796704203, 0.00617510545999], [-5.35877516086e-05, 0.00343890162185, -0.00290384027176, 0.00732833985239, -0.0111565953121, 0.0160410180688, -0.00829074438661, 0.0058846604079, -0.00823104009032, 0.00803900696337, -0.010527365841, 0.00836768187582, -0.00556278042495], [0.000509542296641, -0.00196970161051, 0.00108947616536, -0.00100443488918, 0.00328474538401, -0.00829074438661, 0.0137945376337, -0.00857684295624, 0.00677904020995, -0.00279047526419, 0.00317759951577, -0.00264006247744, -0.00293357437477], [-0.000519119552337, 0.0037249289453, -0.00545246852562, 0.00407890416682, -0.00505178561434, 0.0058846604079, -0.00857684295624, 0.0254844110459, -0.0189043395221, 0.00802684389055, -0.00710867764428, 0.00482986681163, -0.000819577311631], [0.000129049469251, -0.00502296257764, 0.00508038792759, -0.00787764973938, 0.00773661071435, -0.00823104009032, 0.00677904020995, -0.0189043395221, 0.027848020196, -0.0185046717525, 0.0131426779553, -0.008012233302, 0.000158138151164], [-0.000673734466545, 0.00462150946259, -0.00510997651145, 0.00874438043684, -0.00856932532042, 0.00803900696337, -0.00279047526419, 0.00802684389055, -0.0185046717525, 0.029380377382, -0.0221338514239, 0.0124100092798, -0.00381313101389], [0.000965518760495, -0.00470774807036, 0.00329034845345, -0.00917258672416, 0.00963754020631, -0.010527365841, 0.00317759951577, -0.00710867764428, 0.0131426779553, -0.0221338514239, 0.0350181795657, -0.0216500349343, 0.00854774564505], [-0.000803376780823, 0.0047258939594, -0.00398461567238, 0.00801801402122, -0.00924796704203, 0.00836768187582, -0.00264006247744, 0.00482986681163, -0.008012233302, 0.0124100092798, -0.0216500349343, 0.0326776728034, -0.0168121680617], [0.000291085569188, -0.00220868224278, 0.00317875412293, -0.00585018517449, 0.00617510545999, -0.00556278042495, -0.00293357437477, -0.000819577311631, 0.000158138151164, -0.00381313101389, 0.00854774564505, -0.0168121680617, 0.0252916719764]]
    },
    "melbands": {
        "dmean": [0.00177883007564, 0.000988029642031, 0.000834755017422, 0.000337620353093, 0.000189321042853, 0.000232191916439, 0.000154768436914, 0.000119027718029, 0.000151945350808, 0.000121161239804, 0.000178014699486, 8.71324300533e-05, 0.000110394605144, 0.000186620163731, 0.000112444242404, 4.07597071899e-05, 6.38159472146e-05, 2.47146799666e-05, 2.27185537369e-05, 1.63881122717e-05, 1.79251910595e-05, 1.48295066538e-05, 1.65824621945e-05, 1.20443764899e-05, 9.11399092729e-06, 8.95290486369e-06, 8.23953178042e-06, 8.58845942275e-06, 7.58579108151e-06, 5.82231223234e-06, 5.27906058778e-06, 5.31719615537e-06, 6.01966166869e-06, 5.51073890165e-06, 3.82096914109e-06, 2.99622752209e-06, 2.59758940047e-06, 2.20002152673e-06, 1.96655400941e-06, 1.5758172367e-06],
        "dmean2": [0.00244161929004, 0.00155005522538, 0.00151031673886, 0.00060547090834, 0.000338084530085, 0.000373753166059, 0.000245305418503, 0.000183388678124, 0.000223180817557, 0.000182574964128, 0.000260904751485, 0.000138337098178, 0.000169244478457, 0.000256504776189, 0.000170336439623, 6.41609367449e-05, 9.8404714663e-05, 3.95369606849e-05, 3.67282591469e-05, 2.60344240814e-05, 2.8747588658e-05, 2.33170158026e-05, 2.72796023637e-05, 2.01619095606e-05, 1.53363798745e-05, 1.4872727661e-05, 1.30349599203e-05, 1.36367743835e-05, 1.1767302567e-05, 8.98647522263e-06, 8.43568250275e-06, 8.4385574155e-06, 9.663009223e-06, 8.79559047462e-06, 6.06065123065e-06, 4.85130794914e-06, 4.17763158111e-06, 3.52551774085e-06, 3.13928489959e-06, 2.50182847594e-06],
        "dvar": [1.53397522809e-05, 5.08121183884e-06, 7.67909568822e-06, 9.75992293206e-07, 2.57418435012e-07, 1.78224013325e-07, 8.84223467779e-08, 6.26449079277e-08, 1.3508169161e-07, 9.49783895976e-08, 1.47069826539e-07, 8.58857518438e-08, 5.95005218429e-08, 2.55528647131e-07, 1.01033769795e-07, 7.94237564605e-09, 4.11501908104e-08, 2.38107111805e-09, 2.60879562397e-09, 1.30923527575e-09, 1.98035610133e-09, 1.03005259877e-09, 1.32487887328e-09, 6.68397337478e-10, 4.98078245315e-10, 8.64795957067e-10, 8.13711764636e-10, 4.90021412336e-10, 3.45350970044e-10, 1.49862330878e-10, 1.34648778238e-10, 1.36450600818e-10, 1.61267235677e-10, 9.21093548656e-11, 4.07099978728e-11, 3.06043836107e-11, 3.2131464156e-11, 1.58386723875e-11, 1.21652314958e-11, 9.78708780686e-12],
        "dvar2": [2.88385945169e-05, 9.51085166889e-06, 2.21902046178e-05, 2.78873517345e-06, 7.2820182595e-07, 4.3404884309e-07, 2.21529091959e-07, 1.41544362009e-07, 2.763573832e-07, 1.98478858238e-07, 2.8659476925e-07, 2.17974474026e-07, 1.2395062754e-07, 4.30322330658e-07, 1.96285299126e-07, 1.72993814829e-08, 9.49628784497e-08, 5.88281512393e-09, 6.43351905083e-09, 3.23660920287e-09, 4.70159777777e-09, 2.48514520074e-09, 3.2909928116e-09, 1.74259418007e-09, 1.20031096174e-09, 2.06961692228e-09, 1.866969912e-09, 1.04824848801e-09, 7.72702402063e-10, 3.26059429456e-10, 3.15102749449e-10, 3.39008432437e-10, 3.59176688391e-10, 2.31164490327e-10, 9.19862866433e-11, 7.13121020568e-11, 8.47894948697e-11, 3.64417593324e-11, 2.74860741806e-11, 2.14410173643e-11],
        "max": [0.0340647250414, 0.0238592848182, 0.0204641520977, 0.00816287659109, 0.00430362764746, 0.00421768240631, 0.00420116400346, 0.00351270707324, 0.00563676888123, 0.00431519420817, 0.00729265715927, 0.00732784252614, 0.00384199153632, 0.0104607157409, 0.00533916242421, 0.00185269257054, 0.00392783759162, 0.000870833406225, 0.000682350131683, 0.000584613298997, 0.00062591774622, 0.000673292728607, 0.000649570429232, 0.000381266436307, 0.000321591709508, 0.000559155887458, 0.000683792342898, 0.000456855399534, 0.000537119398359, 0.000228281263844, 0.000243870832492, 0.000174077751581, 0.000328224763507, 0.000180712275323, 9.05690249056e-05, 9.03500258573e-05, 0.000109458924271, 6.60564182908e-05, 7.09678643034e-05, 7.00222954038e-05],
        "mean": [0.0048716343008, 0.00202133646235, 0.000817564607132, 0.000359768688213, 0.000226243762881, 0.000370576395653, 0.000270688324235, 0.000216081956751, 0.000291767006274, 0.000208466968616, 0.000341547856806, 0.000128236904857, 0.000179689144716, 0.000404518621508, 0.000186660559848, 6.60360965412e-05, 9.6492774901e-05, 4.04734164476e-05, 3.42691237165e-05, 2.58859618043e-05, 2.73732421192e-05, 2.59540775005e-05, 2.439085074e-05, 1.77390629688e-05, 1.28503979795e-05, 1.33767780426e-05, 1.2441841136e-05, 1.44138957694e-05, 1.40496385939e-05, 1.0567237041e-05, 9.49457808019e-06, 9.74973863777e-06, 1.14479726108e-05, 1.13889072964e-05, 8.04397222964e-06, 6.2990193328e-06, 5.26676058143e-06, 4.84886368213e-06, 4.2941569518e-06, 3.13864097734e-06],
        "median": [0.000489097554237, 0.000944551895373, 0.000295268604532, 0.000142191158375, 9.51395122684e-05, 0.000161932039191, 0.000136758797453, 8.38284104248e-05, 6.87474748702e-05, 8.43852540129e-05, 7.82445495133e-05, 4.64431905129e-05, 5.5431657529e-05, 6.29580681561e-05, 5.80539053772e-05, 3.36521443387e-05, 3.62839418813e-05, 2.40497884079e-05, 1.70178645931e-05, 1.39142121043e-05, 1.23314857774e-05, 1.35480031531e-05, 1.19272135635e-05, 8.25134884508e-06, 7.43084228816e-06, 7.19750869393e-06, 6.04886008659e-06, 7.54913935452e-06, 7.84198346082e-06, 6.37878747511e-06, 6.39076051812e-06, 6.23180494586e-06, 7.45788975109e-06, 7.63870593801e-06, 5.66112248634e-06, 4.12590679844e-06, 3.6909082155e-06, 3.66993731404e-06, 3.05299113279e-06, 2.09291738429e-06],
        "min": [1.60014155881e-06, 8.63663899509e-07, 4.21594586442e-06, 4.45244211278e-07, 7.53398694542e-07, 1.53140194925e-06, 2.04883076549e-06, 6.36216782368e-07, 3.25035159676e-07, 1.67174732724e-06, 8.58961016093e-07, 5.35918047717e-07, 3.64764474625e-07, 1.01102010319e-07, 1.14741496304e-07, 1.28122451315e-07, 8.31498567777e-08, 5.75906540234e-08, 5.22984713314e-08, 3.19394501958e-08, 4.04625843942e-08, 5.05589987654e-08, 1.14419108854e-07, 1.27592045374e-07, 6.72134063961e-08, 7.47368389398e-08, 7.61273497574e-08, 5.73045468855e-08, 1.57815804869e-08, 5.57156063508e-08, 1.2122490034e-07, 8.94150034014e-08, 6.98635957974e-08, 4.80734883013e-08, 4.45091501433e-08, 3.37400969386e-08, 2.4624606354e-08, 3.14458326045e-08, 6.80344536264e-09, 2.66690669548e-09],
