{
"highlevel": {
    "danceability": {
        "all": {
            "danceable": 0.416275680065,
            "not_danceable": 0.583724319935
        },
        "probability": 0.583724319935,
        "value": "not_danceable"
    },
    "gender": {
        "all": {
            "female": 0.101547881961,
            "male": 0.898452103138
        },
        "probability": 0.898452103138,
        "value": "male"
    },
    "genre_dortmund": {
        "all": {
            "alternative": 0.184345752001,
            "blues": 0.0840609669685,
            "electronic": 0.0571982786059,
            "folkcountry": 0.0882063060999,
            "funksoulrnb": 0.0273483451456,
            "jazz": 0.0418090708554,
            "pop": 0.0191075187176,
            "raphiphop": 0.0284079052508,
            "rock": 0.469515860081
        },
        "probability": 0.469515860081,
        "value": "rock"
    },
    "genre_electronic": {
        "all": {
            "ambient": 0.819749236107,
            "dnb": 0.0627880766988,
            "house": 0.054537139833,
            "techno": 0.00590946245939,
            "trance": 0.0570161007345
        },
        "probability": 0.819749236107,
        "value": "ambient"
    },
    "genre_rosamerica": {
        "all": {
            "cla": 0.0456269308925,
            "dan": 0.0432008393109,
            "hip": 0.361986547709,
            "jaz": 0.0220433752984,
            "pop": 0.0993333309889,
            "rhy": 0.210014283657,
            "roc": 0.210771128535,
            "spe": 0.00702357012779
        },
        "probability": 0.361986547709,
        "value": "hip"
    },
    "genre_tzanetakis": {
        "all": {
            "blu": 0.0626613423228,
            "cla": 0.0348169617355,
            "cou": 0.104475811124,
            "dis": 0.0784321576357,
            "hip": 0.15692435205,
            "jaz": 0.313974827528,
            "met": 0.0448166541755,
            "pop": 0.0627359300852,
            "reg": 0.0627360641956,
            "roc": 0.0784258767962
        },
        "probability": 0.313974827528,
        "value": "jaz"
    },
    "ismir04_rhythm": {
        "all": {
            "ChaChaCha": 0.416924268007,
            "Jive": 0.103771276772,
            "Quickstep": 0.041820384562,
            "Rumba-American": 0.0269452501088,
            "Rumba-International": 0.0307108908892,
            "Rumba-Misc": 0.00754418922588,
            "Samba": 0.146427601576,
            "Tango": 0.137549459934,
            "VienneseWaltz": 0.0710312351584,
            "Waltz": 0.0172754451632
        },
        "probability": 0.416924268007,
        "value": "ChaChaCha"
    },
    "mood_acoustic": {
        "all": {
            "acoustic": 0.0366780124605,
            "not_acoustic": 0.963321983814
        },
        "probability": 0.963321983814,
        "value": "not_acoustic"
    },
    "mood_aggressive": {
        "all": {
            "aggressive": 0.447389602661,
            "not_aggressive": 0.552610397339
        },
        "probability": 0.552610397339,
        "value": "not_aggressive"
    },
    "mood_electronic": {
        "all": {
            "electronic": 0.397301375866,
            "not_electronic": 0.602698624134
        },
        "probability": 0.602698624134,
        "value": "not_electronic"
    },
    "mood_happy": {
        "all": {
            "happy": 0.221327066422,
            "not_happy": 0.778672933578
        },
        "probability": 0.778672933578,
        "value": "not_happy"
    },
    "mood_party": {
        "all": {
            "not_party": 0.27809381485,
            "party": 0.72190618515
        },
        "probability": 0.72190618515,
        "value": "party"
    },
    "mood_relaxed": {
        "all": {
            "not_relaxed": 0.940196454525,
            "relaxed": 0.0598035492003
        },
        "probability": 0.940196454525,
        "value": "not_relaxed"
    },
    "mood_sad": {
        "all": {
            "not_sad": 0.638087928295,
            "sad": 0.361912041903
        },
        "probability": 0.638087928295,
        "value": "not_sad"
    },
    "moods_mirex": {
        "all": {
            "Cluster1": 0.417169094086,
            "Cluster2": 0.144692704082,
            "Cluster3": 0.0832574218512,
            "Cluster4": 0.0958611816168,
            "Cluster5": 0.259019613266
        },
        "probability": 0.417169094086,
        "value": "Cluster1"
    },
    "timbre": {
        "all": {
            "bright": 0.3749525249,
            "dark": 0.625047445297
        },
        "probability": 0.625047445297,
        "value": "dark"
    },
    "tonal_atonal": {
        "all": {
            "atonal": 0.0624016821384,
            "tonal": 0.937598347664
        },
        "probability": 0.937598347664,
        "value": "tonal"
    },
    "voice_instrumental": {
        "all": {
            "instrumental": 0.380754798651,
            "voice": 0.619245171547
        },
        "probability": 0.619245171547,
        "value": "voice"
    }
},
"lowlevel": {
    "average_loudness": 0.861222922802,
    "barkbands_crest": {
        "dmean": 2.28698563576,
        "dmean2": 3.57871317863,
        "dvar": 5.74477100372,
        "dvar2": 12.4594421387,
        "max": 23.4462051392,
        "mean": 8.89403533936,
        "median": 7.88043212891,
        "min": 2.04660010338,
        "var": 17.1918506622
    },
    "barkbands_flatness_db": {
        "dmean": 0.0200872384012,
        "dmean2": 0.0307101365179,
        "dvar": 0.000455937668448,
        "dvar2": 0.00104667118285,
        "max": 0.344809055328,
        "mean": 0.14401564002,
        "median": 0.135136425495,
        "min": 0.049471732229,
        "var": 0.00290345656686
    },
    "barkbands_kurtosis": {
        "dmean": 2.47077941895,
        "dmean2": 3.91518545151,
        "dvar": 29.4784946442,
        "dvar2": 79.3330078125,
        "max": 65.6658859253,
        "mean": 2.82940292358,
        "median": 0.183516025543,
        "min": -1.85049748421,
        "var": 53.516910553
    },
    "barkbands_skewness": {
        "dmean": 0.519806861877,
        "dmean2": 0.775311529636,
        "dvar": 0.356363147497,
        "dvar2": 0.836763739586,
        "max": 7.32906723022,
        "mean": 1.20440638065,
        "median": 0.94946873188,
        "min": -1.93209636211,
        "var": 1.46700596809
    },
    "barkbands_spread": {
        "dmean": 5.65174055099,
        "dmean2": 8.61423587799,
        "dvar": 41.0081329346,
        "dvar2": 84.4988708496,
        "max": 82.4565353394,
        "mean": 25.7313995361,
        "median": 25.8840694427,
        "min": 1.29946649075,
        "var": 183.95223999
    },
    "dissonance": {
        "dmean": 0.0145907811821,
        "dmean2": 0.0246688704938,
        "dvar": 0.000281558401184,
        "dvar2": 0.000755992543418,
        "max": 0.500000119209,
        "mean": 0.474263876677,
        "median": 0.481052428484,
        "min": 0.322119057178,
        "var": 0.000583929708228
    },
    "dynamic_complexity": 4.5044965744,
    "erbbands_crest": {
        "dmean": 2.11327648163,
        "dmean2": 3.33754873276,
        "dvar": 4.28834438324,
        "dvar2": 9.37595081329,
        "max": 29.4349784851,
        "mean": 7.993953228,
        "median": 6.98189783096,
        "min": 2.68098402023,
        "var": 13.8956565857
    },
    "erbbands_flatness_db": {
        "dmean": 0.0153452353552,
        "dmean2": 0.0222053341568,
        "dvar": 0.000247006013524,
        "dvar2": 0.000457650457975,
        "max": 0.337302833796,
        "mean": 0.167827144265,
        "median": 0.158311083913,
        "min": 0.0707321092486,
        "var": 0.00219439109787
    },
    "erbbands_kurtosis": {
        "dmean": 0.860287249088,
        "dmean2": 1.3571267128,
        "dvar": 1.6211489439,
        "dvar2": 3.67437314987,
        "max": 20.2293319702,
        "mean": 0.657380282879,
        "median": 0.00488424301147,
        "min": -1.73640477657,
        "var": 5.79227542877
    },
    "erbbands_skewness": {
        "dmean": 0.342225909233,
        "dmean2": 0.515337586403,
        "dvar": 0.114502757788,
        "dvar2": 0.237280026078,
        "max": 3.39494538307,
        "mean": -0.149598672986,
        "median": -0.253648102283,
        "min": -2.81831526756,
        "var": 0.71642524004
    },
    "erbbands_spread": {
        "dmean": 7.05444478989,
        "dmean2": 10.5995645523,
        "dvar": 54.2968025208,
        "dvar2": 122.385116577,
        "max": 102.619522095,
        "mean": 34.9070892334,
        "median": 33.5411949158,
        "min": 4.12569046021,
        "var": 214.186630249
    },
    "hfc": {
        "dmean": 4.50665998459,
        "dmean2": 6.58840513229,
        "dvar": 44.9742927551,
        "dvar2": 94.303062439,
        "max": 105.461715698,
        "mean": 17.7880992889,
        "median": 11.7434930801,
        "min": 0.0363471470773,
        "var": 303.706573486
    },
    "melbands_crest": {
        "dmean": 2.82539081573,
        "dmean2": 4.44002771378,
        "dvar": 6.86727809906,
        "dvar2": 16.3616905212,
        "max": 30.3152599335,
        "mean": 13.7407541275,
        "median": 13.0688028336,
        "min": 2.52110004425,
        "var": 24.2408771515
    },
    "melbands_flatness_db": {
        "dmean": 0.0250317193568,
        "dmean2": 0.0364723578095,
        "dvar": 0.000756994530093,
        "dvar2": 0.00160670280457,
        "max": 0.462809950113,
        "mean": 0.182638823986,
        "median": 0.170081570745,
        "min": 0.0145685616881,
        "var": 0.00542911840603
    },
    "melbands_kurtosis": {
        "dmean": 6.40353965759,
        "dmean2": 9.96715354919,
        "dvar": 177.201934814,
        "dvar2": 455.177429199,
        "max": 164.815704346,
        "mean": 10.5639219284,
        "median": 4.16629266739,
        "min": -1.7261070013,
        "var": 330.500915527
    },
    "melbands_skewness": {
        "dmean": 0.710025131702,
        "dmean2": 1.05030596256,
        "dvar": 0.704658269882,
        "dvar2": 1.58478057384,
        "max": 10.490896225,
        "mean": 2.36690545082,
        "median": 1.96031880379,
        "min": -0.804806947708,
        "var": 2.85525155067
    },
    "melbands_spread": {
        "dmean": 8.19919109344,
        "dmean2": 12.1741065979,
        "dvar": 110.653205872,
        "dvar2": 236.524810791,
        "max": 189.076797485,
        "mean": 31.485912323,
        "median": 28.0802898407,
        "min": 1.06967699528,
        "var": 567.411376953
    },
    "pitch_salience": {
        "dmean": 0.0651820451021,
        "dmean2": 0.104960769415,
        "dvar": 0.0037657294888,
        "dvar2": 0.00972704961896,
        "max": 0.816507935524,
        "mean": 0.563781201839,
        "median": 0.575040400028,
        "min": 0.2043402493,
        "var": 0.0113359401003
    },
    "silence_rate_20dB": {
        "dmean": 0,
        "dmean2": 0,
        "dvar": 0,
        "dvar2": 0,
        "max": 1,
        "mean": 1,
        "median": 1,
        "min": 1,
        "var": 0
    },
    "silence_rate_30dB": {
        "dmean": 0.00928792543709,
        "dmean2": 0.018590239808,
        "dvar": 0.00920153502375,
        "dvar2": 0.0259908996522,
        "max": 1,
        "mean": 0.994586229324,
        "median": 1,
        "min": 0,
        "var": 0.00538438884541
    },
    "silence_rate_60dB": {
        "dmean": 0.0317337475717,
        "dmean2": 0.0635166540742,
        "dvar": 0.0307267550379,
        "dvar2": 0.062581025064,
        "max": 1,
        "mean": 0.154679045081,
        "median": 0,
        "min": 0,
        "var": 0.130753785372
    },
    "spectral_centroid": {
        "dmean": 256.261077881,
        "dmean2": 394.309783936,
        "dvar": 79967.59375,
        "dvar2": 160624.5625,
        "max": 4476.58447266,
        "mean": 1675.78808594,
        "median": 1730.96789551,
        "min": 184.610534668,
        "var": 548865.3125
    },
    "spectral_complexity": {
        "dmean": 3.24845194817,
        "dmean2": 5.02478694916,
        "dvar": 14.1232481003,
        "dvar2": 27.2232913971,
        "max": 58,
        "mean": 19.9481830597,
        "median": 16,
        "min": 0,
        "var": 202.949615479
    },
    "spectral_decrease": {
        "dmean": 1.962811913e-09,
        "dmean2": 2.97291036233e-09,
        "dvar": 1.46794730595e-17,
        "dvar2": 3.24110672171e-17,
        "max": -9.5355650459e-12,
        "mean": -5.30055066505e-09,
        "median": -3.69327213257e-09,
        "min": -3.61768215384e-08,
        "var": 3.25321796937e-17
    },
    "spectral_energy": {
        "dmean": 0.00767633877695,
        "dmean2": 0.011592973955,
        "dvar": 0.000215540712816,
        "dvar2": 0.000473451655125,
        "max": 0.139896199107,
        "mean": 0.0216189064085,
        "median": 0.0151391839609,
        "min": 4.03873345931e-05,
        "var": 0.00051122700097
    },
    "spectral_energyband_high": {
        "dmean": 0.000238218519371,
        "dmean2": 0.000356832053512,
        "dvar": 2.12798383359e-07,
        "dvar2": 4.99551333633e-07,
        "max": 0.00553921004757,
        "mean": 0.000640407728497,
        "median": 0.000219831243157,
        "min": 2.43097957764e-07,
        "var": 8.08173638234e-07
    },
    "spectral_energyband_low": {
        "dmean": 0.00504294969141,
        "dmean2": 0.00783018581569,
        "dvar": 0.000189879574464,
        "dvar2": 0.000430250162026,
        "max": 0.125202059746,
        "mean": 0.00885839480907,
        "median": 0.00347756175324,
        "min": 6.49127855468e-07,
        "var": 0.000281389628071
    },
    "spectral_energyband_middle_high": {
        "dmean": 0.00192599510774,
        "dmean2": 0.00285246758722,
        "dvar": 8.24081325845e-06,
        "dvar2": 1.7981756173e-05,
        "max": 0.0465670675039,
        "mean": 0.00617220718414,
        "median": 0.0033598348964,
        "min": 1.65170058608e-05,
        "var": 4.50048755738e-05
    },
    "spectral_energyband_middle_low": {
        "dmean": 0.00327620981261,
        "dmean2": 0.00534236477688,
        "dvar": 5.16916443303e-05,
        "dvar2": 0.000135491136461,
        "max": 0.0871030390263,
        "mean": 0.00729944324121,
        "median": 0.00529423961416,
        "min": 3.56389159606e-06,
        "var": 7.19753516023e-05
    },
    "spectral_entropy": {
        "dmean": 0.13576926291,
        "dmean2": 0.197685316205,
        "dvar": 0.0238941796124,
        "dvar2": 0.0453239269555,
        "max": 8.5654296875,
        "mean": 7.55365896225,
        "median": 7.63256120682,
        "min": 5.91306114197,
        "var": 0.196433693171
    },
    "spectral_flux": {
        "dmean": 0.0216740276664,
        "dmean2": 0.0328841097653,
        "dvar": 0.000926926790271,
        "dvar2": 0.00198094826192,
        "max": 0.311057776213,
        "mean": 0.0694015696645,
        "median": 0.0578191354871,
        "min": 0.00460802624002,
        "var": 0.00273398938589
    },
    "spectral_kurtosis": {
        "dmean": 1.81480765343,
        "dmean2": 3.04699969292,
        "dvar": 5.08344602585,
        "dvar2": 12.9419937134,
        "max": 30.2521400452,
        "mean": 5.1054391861,
        "median": 4.14194869995,
        "min": -0.710579872131,
        "var": 13.8259086609
    },
    "spectral_rms": {
        "dmean": 0.000680480967276,
        "dmean2": 0.000978947733529,
        "dvar": 1.02023955151e-06,
        "dvar2": 1.96272071662e-06,
        "max": 0.0116826407611,
        "mean": 0.00399772683159,
        "median": 0.00384316733107,
        "min": 0.000198500070837,
        "var": 5.10980407853e-06
    },
    "spectral_rolloff": {
        "dmean": 530.997314453,
        "dmean2": 848.135375977,
        "dvar": 656707.9375,
        "dvar2": 1318035.875,
        "max": 10163.671875,
        "mean": 1929.27709961,
        "median": 1787.25585938,
        "min": 86.1328125,
        "var": 2196991.75
    },
    "spectral_skewness": {
        "dmean": 0.236525431275,
        "dmean2": 0.376604676247,
        "dvar": 0.0661641731858,
        "dvar2": 0.14096416533,
        "max": 4.25990200043,
        "mean": 1.48915183544,
        "median": 1.3611613512,
        "min": 0.252513945103,
        "var": 0.391473561525
    },
    "spectral_spread": {
        "dmean": 442031.15625,
        "dmean2": 652382.875,
        "dvar": 294388662272,
        "dvar2": 553028157440,
        "max": 10017539,
        "mean": 3918519.75,
        "median": 3792755.5,
        "min": 1699433.25,
        "var": 1.4586666025e+12
    },
    "spectral_strongpeak": {
        "dmean": 0.370690524578,
        "dmean2": 0.642425179482,
        "dvar": 0.511492133141,
        "dvar2": 1.31776046753,
        "max": 6.75551366806,
        "mean": 0.666660904884,
        "median": 0.332141935825,
        "min": 0.00382091850042,
        "var": 0.891705572605
    },
    "zerocrossingrate": {
        "dmean": 0.0103045487776,
        "dmean2": 0.0116328941658,
        "dvar": 0.000153471992235,
        "dvar2": 0.000199008180061,
        "max": 0.28466796875,
        "mean": 0.0686237215996,
        "median": 0.064453125,
        "min": 0.0048828125,
        "var": 0.00151338067371
    },
    "barkbands": {
        "dmean": [0.000253055710346, 0.00343846320175, 0.00165897095576, 0.00159511179663, 0.00147966842633, 0.000254084181506, 0.00033633923158, 0.000423954916187, 0.000385717052268, 0.00049840536667, 0.000445379322628, 0.000686642655637, 0.000410692882724, 0.000223025796004, 0.000266177084995, 0.000212987506529, 0.000159871458891, 0.000215992695303, 0.000286263035377, 0.000116024042654, 8.3216567873e-05, 6.33827294223e-05, 4.01492070523e-05, 3.15335892083e-05, 2.05331198231e-05, 1.72196523636e-05, 4.88430451639e-09],
        "dmean2": [0.000350029295078, 0.00530828954652, 0.00281358370557, 0.00266955280676, 0.00251122610644, 0.000428291794378, 0.000555280945264, 0.000618756632321, 0.000598601065576, 0.000789243436884, 0.000703362398781, 0.00115658435971, 0.000667267304379, 0.000359475117875, 0.000416823866544, 0.000335624266881, 0.000262106623268, 0.000345025095157, 0.000428510305937, 0.000193690444576, 0.000132183136884, 9.78538373602e-05, 6.64196850266e-05, 5.23320995853e-05, 3.22225969285e-05, 2.59698499576e-05, 8.46632453033e-09],
        "dvar": [6.36309323454e-07, 0.00011555718811, 1.35773352667e-05, 1.53797955136e-05, 1.35362051878e-05, 2.35832573026e-07, 5.92288415646e-07, 1.06911295461e-06, 5.52604603854e-07, 1.42435987982e-06, 1.0318093473e-06, 1.59948274359e-06, 8.76175420217e-07, 2.31357518032e-07, 3.40803637755e-07, 9.69490798752e-08, 7.03523355128e-08, 1.40783612324e-07, 2.4204445026e-07, 4.90521863128e-08, 2.46026896633e-08, 1.75673608993e-08, 1.05366888548e-08, 6.8970251732e-09, 2.52280885071e-09, 3.65811114733e-09, 7.24776552691e-16],
        "dvar2": [1.13414273528e-06, 0.000254024169408, 3.91659086745e-05, 4.18316667492e-05, 3.7677345972e-05, 6.84752421876e-07, 1.5614274389e-06, 2.07696916732e-06, 1.21252548979e-06, 3.28926830662e-06, 2.34696585721e-06, 4.38053757534e-06, 2.04703223972e-06, 5.94454093061e-07, 7.25749998765e-07, 2.42815445972e-07, 1.82357979384e-07, 3.40798266052e-07, 5.44363047084e-07, 1.31814019255e-07, 6.04391559023e-08, 4.3027572616e-08, 2.61335628693e-08, 1.85154025445e-08, 6.48096287748e-09, 9.45588851664e-09, 1.6499692534e-15],
        "max": [0.00924896448851, 0.106919631362, 0.0320233032107, 0.0412893407047, 0.0408616065979, 0.00614846032113, 0.00994537584484, 0.022258348763, 0.0106990840286, 0.0250251796097, 0.019596837461, 0.0143400337547, 0.0157302636653, 0.0065052062273, 0.0109561439604, 0.00431841937825, 0.00307798129506, 0.00438978010789, 0.00583039876074, 0.00281359581277, 0.00198121927679, 0.00192640384194, 0.00174491852522, 0.00174743239768, 0.000921470695175, 0.00119542318862, 4.82159691728e-07],
        "mean": [0.000268707110081, 0.00429579662159, 0.00301609840244, 0.00235234224238, 0.00249199476093, 0.000428186584031, 0.00054825184634, 0.000670328678098, 0.000696241098922, 0.000778322690167, 0.000776681525167, 0.00110462144949, 0.000657566881273, 0.000345454725903, 0.000483708601678, 0.000477334542666, 0.00032784769428, 0.000491030048579, 0.000647746375762, 0.000236732157646, 0.000193834071979, 0.000134403191623, 7.31142572477e-05, 5.63961184525e-05, 3.52119022864e-05, 3.09665992972e-05, 3.5656451125e-09],
        "median": [5.55733095098e-06, 0.0006485604099, 0.0009046663763, 0.000599727209192, 0.0013217148371, 0.000228794538998, 0.000214775252971, 0.000218035827857, 0.000271708064247, 0.000210105441511, 0.000210902420804, 0.000277376704616, 0.000135051173856, 0.000136869988637, 0.000179700946319, 0.000269397423835, 0.000128625091747, 0.000162989643286, 0.000228510863963, 7.23287739675e-05, 5.75421254325e-05, 3.68584769603e-05, 1.94917392946e-05, 2.60009837802e-05, 1.5646137399e-05, 5.4032366279e-06, 2.14828960177e-10],
        "min": [9.85163062239e-10, 7.86576137557e-08, 4.16392786917e-08, 2.13609396837e-08, 9.64756452504e-08, 2.54521523857e-08, 2.9842322391e-08, 9.35803541324e-08, 1.50945780319e-07, 6.58962903799e-07, 1.00126078451e-06, 3.62910526519e-07, 5.1239203458e-07, 2.52461603623e-07, 4.58107848544e-07, 3.23370613842e-07, 3.5003205312e-07, 6.08356685916e-07, 3.23417083337e-07, 1.22325531038e-07, 8.29065953667e-08, 3.64733736546e-08, 2.82271628294e-08, 4.91916951617e-09, 2.92242646749e-10, 7.70514815146e-12, 6.71739833896e-12],
        "var": [9.04515786715e-07, 0.000148716164404, 1.8237175027e-05, 1.64131361089e-05, 1.48475073729e-05, 3.63174081031e-07, 8.55943255829e-07, 2.46151807914e-06, 1.20214292565e-06, 3.09429697154e-06, 3.16874047712e-06, 3.14235148835e-06, 1.84800296665e-06, 3.58087959285e-07, 7.79019387664e-07, 2.9709468663e-07, 1.86956029324e-07, 4.72711747079e-07, 8.03622185686e-07, 1.33211827347e-07, 8.90232172424e-08, 5.17747587025e-08, 1.6517009982e-08, 7.98328603224e-09, 3.23288507076e-09, 4.73819650182e-09, 5.60034361923e-16]
    },
    "erbbands": {
        "dmean": [0.089761801064, 0.871002197266, 1.85554504395, 3.55902242661, 6.47647571564, 3.69575572014, 2.59294843674, 1.9109609127, 3.52229189873, 6.58712816238, 10.8469867706, 7.58573198318, 12.5551662445, 15.0560779572, 16.3735923767, 24.9343032837, 18.5161724091, 10.0247125626, 9.67004394531, 14.1780319214, 11.9721755981, 9.63815879822, 10.9495038986, 12.9877958298, 12.2919273376, 5.17068386078, 4.28759431839, 2.72006130219, 2.36796331406, 1.64079463482, 1.07066249847, 0.744617700577, 0.51924431324, 0.317532688379, 0.111692078412, 0.0839089825749, 0.0349681936204, 0.00266381283291, 4.95579042763e-05, 1.00921297417e-05],
        "dmean2": [0.12422208488, 1.46947741508, 3.23787879944, 5.94784641266, 10.9838237762, 6.26583480835, 4.30845403671, 3.2505645752, 5.84241485596, 10.266784668, 15.8416604996, 11.6768093109, 19.4517383575, 23.7032146454, 25.7654285431, 41.5370140076, 30.7284297943, 15.6261281967, 14.8141622543, 22.0593643188, 18.8470344543, 15.5858879089, 17.3521766663, 20.8974514008, 18.501991272, 8.57025241852, 6.93183803558, 4.12773513794, 3.72262859344, 2.6462085247, 1.760663867, 1.2551419735, 0.843120336533, 0.504669606686, 0.183382317424, 0.132999554276, 0.0525225140154, 0.00411602156237, 7.42802367313e-05, 1.4915720385e-05],
        "dvar": [0.0830200687051, 7.73827123642, 22.5705718994, 61.9739875793, 331.05682373, 70.9918518066, 29.40650177, 16.4403133392, 76.3431625366, 182.236480713, 607.879638672, 266.084197998, 928.430175781, 775.95916748, 1013.10784912, 2109.68408203, 1649.11352539, 536.858825684, 323.737945557, 1046.84460449, 326.889038086, 261.299743652, 332.815612793, 530.83404541, 429.37310791, 94.3582077026, 61.6719703674, 28.5631961823, 25.1616649628, 14.2465953827, 8.72046852112, 3.94347190857, 1.76613271236, 0.738148450851, 0.0628782659769, 0.0854632332921, 0.01234045811, 7.4521471106e-05, 2.39676634095e-08, 3.37505356995e-10],
        "dvar2": [0.148795455694, 19.7961463928, 63.494594574, 164.887924194, 880.929870605, 204.914993286, 82.113571167, 50.1803016663, 204.563400269, 429.30557251, 1179.61853027, 620.544006348, 2077.40722656, 1824.44226074, 2352.2355957, 5679.99365234, 3907.13134766, 1344.13562012, 760.479919434, 2517.03637695, 822.369873047, 663.464233398, 827.22277832, 1288.51745605, 972.122558594, 254.635162354, 158.598175049, 66.2164459229, 62.7973594666, 37.8270797729, 21.1826934814, 10.501783371, 4.77674436569, 1.9762134552, 0.156574115157, 0.22714677453, 0.0305403042585, 0.000183213865967, 5.88826907233e-08, 7.53785367458e-10],
        "max": [3.72210550308, 26.3272838593, 44.4172363281, 68.7996139526, 240.372329712, 111.051216125, 60.5758705139, 55.8670196533, 101.893951416, 169.289001465, 522.93737793, 297.376190186, 607.173828125, 485.38104248, 472.714813232, 510.6456604, 772.071899414, 412.204437256, 268.753417969, 622.212402344, 277.937011719, 181.074203491, 208.350646973, 270.63168335, 307.729827881, 142.231262207, 86.0071792603, 80.3580551147, 85.6050109863, 52.0169487, 50.9431877136, 36.7580032349, 27.9081954956, 17.7995643616, 2.63225793839, 6.470890522, 1.72630155087, 0.158734723926, 0.00287494435906, 0.000230293808272],
        "mean": [0.111116036773, 1.0050163269, 3.39596295357, 6.20956802368, 9.63772106171, 6.56138658524, 4.50536108017, 3.13126301765, 4.9405503273, 12.2833089828, 17.5766716003, 12.9692773819, 22.2911758423, 27.7241668701, 28.9602966309, 42.7793426514, 32.9353256226, 18.341091156, 18.6790161133, 28.1846485138, 27.6427059174, 22.4904708862, 25.9057788849, 29.5672092438, 28.3068752289, 11.0038576126, 9.53235149384, 6.20135211945, 5.0269112587, 3.31871628761, 1.8800880909, 1.18522655964, 0.952884078026, 0.560966968536, 0.159890815616, 0.128626927733, 0.0632631704211, 0.00452775647864, 9.77089221124e-05, 3.05526373268e-05],
        "median": [0.0126236723736, 0.21490226686, 1.17472946644, 1.96176874638, 4.62154006958, 3.81109166145, 2.39190220833, 1.67991828918, 2.10036587715, 4.45722436905, 6.55291891098, 5.72241544724, 7.10352611542, 8.53882884979, 9.62473678589, 10.7723579407, 7.33997440338, 6.46935606003, 9.38481903076, 10.5707683563, 16.2326755524, 10.6742534637, 9.08641910553, 9.13367938995, 10.3898220062, 3.59014511108, 2.81642794609, 1.39488601685, 1.26884865761, 0.836556315422, 0.55685287714, 0.592206299305, 0.370296746492, 0.171945407987, 0.078117005527, 0.0358536802232, 0.00743516720831, 0.000325340137351, 2.27906093642e-05, 1.97229837795e-05],
        "min": [2.99690623251e-06, 3.92038637074e-05, 0.000267277879175, 0.000118537143862, 0.00107457581908, 0.000427091610618, 0.000695806345902, 0.00041408155812, 0.000957948912401, 0.00269913510419, 0.00285573769361, 0.00424580276012, 0.0125814601779, 0.0432298928499, 0.033111024648, 0.0320476107299, 0.0293751694262, 0.0119597185403, 0.0193873587996, 0.0219675321132, 0.0208676028997, 0.023408588022, 0.0326263234019, 0.0251937378198, 0.0147688705474, 0.00707812421024, 0.00407699216157, 0.00200329557993, 0.00125568080693, 0.00135959719773, 0.000728430051822, 0.000251277000643, 0.000134224901558, 3.31159790221e-05, 1.38673021866e-05, 4.51092728326e-06, 7.19733293408e-07, 3.89842256254e-08, 2.64714010711e-08, 5.03525470208e-08],
        "var": [0.122569546103, 7.81475687027, 27.9085941315, 82.2133026123, 334.807617188, 79.7349624634, 47.5994148254, 20.3376617432, 78.2996749878, 430.587677002, 1352.87145996, 431.631225586, 2095.00073242, 2449.90478516, 2587.26708984, 4618.42236328, 4018.39257812, 1109.49145508, 746.428527832, 2370.69116211, 1023.12731934, 781.97454834, 1226.25769043, 1688.4095459, 1506.46960449, 269.838226318, 199.085327148, 104.775642395, 73.7399673462, 32.4451370239, 12.2653713226, 4.05329084396, 2.24800443649, 0.923100888729, 0.0684783086181, 0.0837018713355, 0.0201054159552, 0.000117055962619, 4.00266984002e-08, 9.67247393291e-10]
    },
    "gfcc": {
        "mean": [-31.8495864868, 89.9371185303, -136.908630371, 35.485206604, -51.9020042419, 16.6445922852, -37.4966926575, 10.3074598312, -30.9118804932, -7.29943847656, -20.2094459534, -4.61446619034, -13.7049417496],
        "cov": [[8621.02636719, -773.442199707, 310.129425049, 277.159698486, -82.9229049683, -40.5700798035, 278.713012695, 112.700233459, -260.203155518, 233.074325562, -192.385955811, 229.453659058, -470.049438477], [-773.442199707, 1829.94714355, 83.8026351929, 364.31060791, 456.91784668, -202.789978027, 315.780853271, -201.161941528, 220.030212402, -194.342712402, 274.242126465, -151.994812012, 260.919494629], [310.129425049, 83.8026351929, 865.137756348, 144.337081909, 127.418243408, 209.003189087, 7.55067253113, 6.50871658325, -123.257537842, 7.21746301651, -114.805000305, 60.1811027527, -40.8995552063], [277.159698486, 364.31060791, 144.337081909, 818.440612793, 315.857025146, -24.5086688995, 313.015899658, -64.4215011597, 71.5818099976, 26.0490398407, 72.1075744629, -51.3836517334, 84.2095718384], [-82.9229049683, 456.91784668, 127.418243408, 315.857025146, 367.661590576, 20.0703735352, 191.407974243, -20.3447799683, 49.4170837402, -2.44566106796, 54.9178466797, -23.196521759, 53.2888793945], [-40.5700798035, -202.789978027, 209.003189087, -24.5086688995, 20.0703735352, 314.313995361, 70.0570373535, 41.1179046631, -91.4580841064, 4.60880565643, -24.6474590302, 38.0026016235, -36.2463417053], [278.713012695, 315.780853271, 7.55067253113, 313.015899658, 191.407974243, 70.0570373535, 372.912719727, -30.6020126343, 7.41450786591, -8.77757358551, 91.4170761108, -12.9886789322, 12.8068246841], [112.700233459, -201.161941528, 6.50871658325, -64.4215011597, -20.3447799683, 41.1179046631, -30.6020126343, 143.009567261, 15.9976024628, 40.7983512878, -27.3999977112, 18.0350570679, -31.4965705872], [-260.203155518, 220.030212402, -123.257537842, 71.5818099976, 49.4170837402, -91.4580841064, 7.41450786591, 15.9976024628, 171.02885437, 4.38560056686, 53.6532096863, -51.6261444092, 62.2813301086], [233.074325562, -194.342712402, 7.21746301651, 26.0490398407, -2.44566106796, 4.60880565643, -8.77757358551, 40.7983512878, 4.38560056686, 122.071990967, -18.2528343201, 15.1295394897, -45.5297164917], [-192.385955811, 274.242126465, -114.805000305, 72.1075744629, 54.9178466797, -24.6474590302, 91.4170761108, -27.3999977112, 53.6532096863, -18.2528343201, 143.223114014, -20.9630012512, 49.2750930786], [229.453659058, -151.994812012, 60.1811027527, -51.3836517334, -23.196521759, 38.0026016235, -12.9886789322, 18.0350570679, -51.6261444092, 15.1295394897, -20.9630012512, 90.8506774902, -21.1707782745], [-470.049438477, 260.919494629, -40.8995552063, 84.2095718384, 53.2888793945, -36.2463417053, 12.8068246841, -31.4965705872, 62.2813301086, -45.5297164917, 49.2750930786, -21.1707782745, 133.186080933]],
        "icov": [[0.000178181842784, -8.8438820967e-05, 7.8887987911e-06, -0.000156847556354, 0.000182355273864, 0.000154879264301, -0.000148990642629, -0.000132058135932, 7.59214599384e-05, -9.40536410781e-05, 0.000191908809938, -0.000451712345239, 0.00064552744152], [-8.8438820967e-05, 0.00334008713253, -0.00178087560926, 0.00168427452445, -0.00270083989017, 0.00236292253248, -0.00189797708299, 0.00198028539307, -0.00157621887047, 0.00243598851375, -0.00348241464235, 0.0028480484616, -0.00278190942481], [7.8887987911e-06, -0.00178087560926, 0.00287766382098, -0.00142836687155, 0.000574147794396, -0.00242349249311, 0.00182639108971, -0.000793674378656, 0.00134651456028, -0.000934869633056, 0.0029847882688, -0.00213864888065, 0.00165741238743], [-0.000156847556354, 0.00168427452445, -0.00142836687155, 0.0036484063603, -0.00235693203285, 0.00179123145062, -0.0028093829751, 0.001652847277, -0.000987892621197, -0.000271326949587, -0.00126147794072, 0.00257545942441, -0.00326172634959], [0.000182355273864, -0.00270083989017, 0.000574147794396, -0.00235693203285, 0.00723900087178, -0.00165114575066, -0.000248707714491, -0.00187983259093, 0.00032361628837, -0.00208640913479, 0.00249924068339, -0.00231700250879, 0.00167731568217], [0.000154879264301, 0.00236292253248, -0.00242349249311, 0.00179123145062, -0.00165114575066, 0.00707690045238, -0.00331658567302, -0.00059109844733, 0.00122189393733, 0.00147857051343, -0.00262079783715, 0.00181901955511, -0.00200070138089], [-0.000148990642629, -0.00189797708299, 0.00182639108971, -0.0028093829751, -0.000248707714491, -0.00331658567302, 0.00744007434696, -0.000760771508794, 0.00134874286596, -0.000102483965748, -0.000944288389292, -0.00173907354474, 0.00323832919821], [-0.000132058135932, 0.00198028539307, -0.000793674378656, 0.001652847277, -0.00187983259093, -0.00059109844733, -0.000760771508794, 0.0109212482348, -0.00448164949194, -0.000656085787341, -0.000543715548702, -4.00417811761e-05, -0.000320948514855], [7.59214599384e-05, -0.00157621887047, 0.00134651456028, -0.000987892621197, 0.00032361628837, 0.00122189393733, 0.00134874286596, -0.00448164949194, 0.0125075178221, -0.00291296443902, -0.000591427844483, 0.0031991226133, -0.00270982878283], [-9.40536410781e-05, 0.00243598851375, -0.000934869633056, -0.000271326949587, -0.00208640913479, 0.00147857051343, -0.000102483965748, -0.000656085787341, -0.00291296443902, 0.013209939003, -0.00257099093869, -7.86253003753e-05, 0.00268885726109], [0.000191908809938, -0.00348241464235, 0.0029847882688, -0.00126147794072, 0.00249924068339, -0.00262079783715, -0.000944288389292, -0.000543715548702, -0.000591427844483, -0.00257099093869, 0.015163990669, -0.00354303582571, 0.000686980143655], [-0.000451712345239, 0.0028480484616, -0.00213864888065, 0.00257545942441, -0.00231700250879, 0.00181901955511, -0.00173907354474, -4.00417811761e-05, 0.0031991226133, -7.86253003753e-05, -0.00354303582571, 0.0179872196168, -0.00523186102509], [0.00064552744152, -0.00278190942481, 0.00165741238743, -0.00326172634959, 0.00167731568217, -0.00200070138089, 0.00323832919821, -0.000320948514855, -0.00270982878283, 0.00268885726109, 0.000686980143655, -0.00523186102509, 0.0173054076731]]
    },
    "melbands": {
        "dmean": [0.000859503052197, 0.00103187107015, 0.000684314174578, 0.000372924958356, 9.62309641181e-05, 4.4972224714e-05, 5.66943162994e-05, 7.61213668738e-05, 9.09454320208e-05, 4.8132496886e-05, 6.81581004756e-05, 6.41933511361e-05, 6.02483887633e-05, 5.0548442232e-05, 9.59645476541e-05, 2.82720029645e-05, 1.84563086805e-05, 1.69403519976e-05, 2.313670484e-05, 1.52331085701e-05, 1.46504880831e-05, 1.10723103717e-05, 1.20096592582e-05, 9.23068728298e-06, 1.15534840006e-05, 1.33141429615e-05, 5.53353220312e-06, 3.56758641828e-06, 3.0871576655e-06, 2.15423960981e-06, 1.62291803463e-06, 1.55161944804e-06, 1.11203269171e-06, 9.23171967315e-07, 6.84299664044e-07, 5.26732435446e-07, 4.72021469022e-07, 3.97117702278e-07, 3.40329052051e-07, 2.62552561026e-07],
        "dmean2": [0.00124604301527, 0.00174673704896, 0.00113702588715, 0.000635228818282, 0.000159841496497, 7.60658367653e-05, 9.38959346968e-05, 0.0001164090354, 0.00013506814139, 7.45514189475e-05, 0.000106213527033, 0.000101037563581, 9.4662362244e-05, 8.46222174005e-05, 0.000159605813678, 4.53793836641e-05, 2.9273218388e-05, 2.68506046268e-05, 3.59054574801e-05, 2.44254624704e-05, 2.34182025451e-05, 1.81819596037e-05, 1.92379029613e-05, 1.49995930769e-05, 1.88361664186e-05, 2.01946913876e-05, 9.13770691113e-06, 5.8735336097e-06, 4.98722238262e-06, 3.41513327839e-06, 2.55537702287e-06, 2.49829668064e-06, 1.7730401396e-06, 1.52141024046e-06, 1.11350925636e-06, 8.9895883093e-07, 7.95476921667e-07, 6.5752590217e-07, 5.44372539935e-07, 4.26730338177e-07],
        "dvar": [7.34057402951e-06, 8.41885321279e-06, 2.62596199718e-06, 8.97909728792e-07, 4.21726404909e-08, 8.41984970634e-09, 1.87105158034e-08, 2.40126514228e-08, 3.57994167643e-08, 1.13375291377e-08, 2.70001301317e-08, 1.45495651083e-08, 1.92547080502e-08, 1.23493109072e-08, 4.20945340807e-08, 5.16411180485e-09, 1.68713820692e-09, 1.23444776623e-09, 2.9195930118e-09, 7.46346151548e-10, 4.98575569718e-10, 3.90543597462e-10, 4.68520389152e-10, 2.98168573165e-10, 4.28391350171e-10, 5.46383160938e-10, 1.25804949791e-10, 4.60159653437e-11, 3.35145314279e-11, 1.9391670561e-11, 1.03548263714e-11, 1.26687887611e-11, 6.08271462713e-12, 4.67650744518e-12, 3.7917538033e-12, 2.08526577082e-12, 1.41528813408e-12, 8.96776468189e-13, 8.93880509976e-13, 4.36648601391e-13],
        "dvar2": [1.46148977365e-05, 2.27099808399e-05, 6.92838329996e-06, 2.46045965469e-06, 1.17779357822e-07, 2.51904381798e-08, 5.01530905694e-08, 5.27445322973e-08, 7.1275188418e-08, 2.66455746356e-08, 6.10066521745e-08, 3.3284464962e-08, 4.34311182573e-08, 3.22472288872e-08, 1.13524620815e-07, 1.25484245217e-08, 4.21762136327e-09, 3.12617975951e-09, 5.83446180258e-09, 1.94574689694e-09, 1.26291721525e-09, 1.0120690952e-09, 1.1761708274e-09, 7.75050190693e-10, 1.06461306437e-09, 1.2886732792e-09, 3.27064431094e-10, 1.25102941895e-10, 8.76033828812e-11, 5.03147246089e-11, 2.48273485104e-11, 3.28415454554e-11, 1.61435448343e-11, 1.25280844726e-11, 9.04490458226e-12, 5.63473443252e-12, 3.76889231629e-12, 2.41519174451e-12, 2.45398536561e-12, 1.14509248438e-12],
        "max": [0.0299536343664, 0.0277147106826, 0.0181811861694, 0.011005516164, 0.00251576886512, 0.00122959911823, 0.00177881738637, 0.00217434368096, 0.00345541769639, 0.00190693710465, 0.00324376858771, 0.00193053868134, 0.00229428941384, 0.0016112443991, 0.00253476388752, 0.00145273434464, 0.000703980971593, 0.000555372505914, 0.00113669293933, 0.000402666541049, 0.000338917190675, 0.00023942165717, 0.000281732965959, 0.000216526503209, 0.000221291120397, 0.000277940096566, 0.000185855722521, 9.40243480727e-05, 5.99845807301e-05, 5.49771102669e-05, 5.21463771292e-05, 5.20533940289e-05, 4.18274394178e-05, 3.12778865919e-05, 3.70765810658e-05, 2.25550629693e-05, 2.25712647079e-05, 1.86429260793e-05, 2.13281837205e-05, 1.19819142128e-05],
        "mean": [0.00108632748015, 0.00166270625778, 0.00118501274846, 0.000628168403637, 0.000170918690856, 7.42771735531e-05, 8.36382387206e-05, 0.000137250375701, 0.000145282363519, 8.14736922621e-05, 0.000116217437608, 0.000115345748782, 0.000105734965473, 8.46678376547e-05, 0.000145132857142, 4.83102485305e-05, 3.05807952827e-05, 2.83109002339e-05, 3.88929802284e-05, 3.16985715472e-05, 3.10701252602e-05, 2.14571118704e-05, 2.58120544459e-05, 1.944412179e-05, 2.39195669565e-05, 2.76417977148e-05, 1.11061872303e-05, 6.38174060441e-06, 6.31430930298e-06, 4.53025313618e-06, 3.3009348499e-06, 3.02716148326e-06, 2.22800554184e-06, 1.69782117609e-06, 1.16318176424e-06, 7.35248704586e-07, 7.23885477782e-07, 6.82341010361e-07, 6.07003642017e-07, 4.23674265448e-07],
        "median": [0.000164046999998, 0.000730101135559, 0.000471161125461, 0.000336488359608, 9.62303311098e-05, 3.9858474338e-05, 3.66301392205e-05, 4.89032318001e-05, 5.13261875312e-05, 3.34166288667e-05, 3.49484180333e-05, 3.53112445737e-05, 3.15458710247e-05, 2.48365049629e-05, 2.40510798903e-05, 1.11085200842e-05, 1.06248389784e-05, 1.33186122184e-05, 1.25104024846e-05, 1.49235547724e-05, 1.79708895303e-05, 8.48259151098e-06, 9.66962579696e-06, 6.1369892137e-06, 6.81901110511e-06, 9.47642001847e-06, 4.15589011027e-06, 1.65288429343e-06, 1.90044056581e-06, 1.21536049846e-06, 6.60579075884e-07, 7.07254514509e-07, 5.63414459975e-07, 3.71292117052e-07, 3.00215418747e-07, 3.18048478221e-07, 3.28430559193e-07, 2.75332439514e-07, 1.6797623914e-07, 1.24786467381e-07],
