{
"highlevel": {
    "danceability": {
        "all": {
            "danceable": 0.681227266788,
            "not_danceable": 0.318772703409
        },
        "probability": 0.681227266788,
        "value": "danceable"
    },
    "gender": {
        "all": {
            "female": 0.0691033154726,
            "male": 0.930896699429
        },
        "probability": 0.930896699429,
        "value": "male"
    },
    "genre_dortmund": {
        "all": {
            "alternative": 0.120024316013,
            "blues": 0.078775420785,
            "electronic": 0.00705079827458,
            "folkcountry": 0.184705078602,
            "funksoulrnb": 0.0300574451685,
            "jazz": 0.0488209091127,
            "pop": 0.104811534286,
            "raphiphop": 0.00799306761473,
            "rock": 0.417761445045
        },
        "probability": 0.417761445045,
        "value": "rock"
    },
    "genre_electronic": {
        "all": {
            "ambient": 0.73289167881,
            "dnb": 0.124912880361,
            "house": 0.0796043202281,
            "techno": 0.0102514959872,
            "trance": 0.0523396208882
        },
        "probability": 0.73289167881,
        "value": "ambient"
    },
    "genre_rosamerica": {
        "all": {
            "cla": 0.0533682182431,
            "dan": 0.00742111774161,
            "hip": 0.0603216253221,
            "jaz": 0.0154885211959,
            "pop": 0.26801019907,
            "rhy": 0.511574089527,
            "roc": 0.0815957859159,
            "spe": 0.00222046836279
        },
        "probability": 0.511574089527,
        "value": "rhy"
    },
    "genre_tzanetakis": {
        "all": {
            "blu": 0.0626613423228,
            "cla": 0.0348169617355,
            "cou": 0.104475811124,
            "dis": 0.0784321576357,
            "hip": 0.15692435205,
            "jaz": 0.313974827528,
            "met": 0.0448166541755,
            "pop": 0.0627359300852,
            "reg": 0.0627360641956,
            "roc": 0.0784258767962
        },
        "probability": 0.313974827528,
        "value": "jaz"
    },
    "ismir04_rhythm": {
        "all": {
            "ChaChaCha": 0.0823412835598,
            "Jive": 0.378458708525,
            "Quickstep": 0.0394046865404,
            "Rumba-American": 0.00849253032357,
            "Rumba-International": 0.0449961423874,
            "Rumba-Misc": 0.0131636587903,
            "Samba": 0.0889066457748,
            "Tango": 0.026907030493,
            "VienneseWaltz": 0.280121654272,
            "Waltz": 0.0372076779604
        },
        "probability": 0.378458708525,
        "value": "Jive"
    },
    "mood_acoustic": {
        "all": {
            "acoustic": 0.218431591988,
            "not_acoustic": 0.781568408012
        },
        "probability": 0.781568408012,
        "value": "not_acoustic"
    },
    "mood_aggressive": {
        "all": {
            "aggressive": 0.0344672575593,
            "not_aggressive": 0.965532720089
        },
        "probability": 0.965532720089,
        "value": "not_aggressive"
    },
    "mood_electronic": {
        "all": {
            "electronic": 0.0848024338484,
            "not_electronic": 0.91519755125
        },
        "probability": 0.91519755125,
        "value": "not_electronic"
    },
    "mood_happy": {
        "all": {
            "happy": 0.69538462162,
            "not_happy": 0.30461537838
        },
        "probability": 0.69538462162,
        "value": "happy"
    },
    "mood_party": {
        "all": {
            "not_party": 0.751936376095,
            "party": 0.248063638806
        },
        "probability": 0.751936376095,
        "value": "not_party"
    },
    "mood_relaxed": {
        "all": {
            "not_relaxed": 0.550734221935,
            "relaxed": 0.449265807867
        },
        "probability": 0.550734221935,
        "value": "not_relaxed"
    },
    "mood_sad": {
        "all": {
            "not_sad": 0.314094692469,
            "sad": 0.685905277729
        },
        "probability": 0.685905277729,
        "value": "sad"
    },
    "moods_mirex": {
        "all": {
            "Cluster1": 0.1777433604,
            "Cluster2": 0.416086703539,
            "Cluster3": 0.273332387209,
            "Cluster4": 0.10500524193,
            "Cluster5": 0.0278323087841
        },
        "probability": 0.416086703539,
        "value": "Cluster2"
    },
    "timbre": {
        "all": {
            "bright": 0.994329988956,
            "dark": 0.00566999614239
        },
        "probability": 0.994329988956,
        "value": "bright"
    },
    "tonal_atonal": {
        "all": {
            "atonal": 0.000290542870061,
            "tonal": 0.999709427357
        },
        "probability": 0.999709427357,
        "value": "tonal"
    },
    "voice_instrumental": {
        "all": {
            "instrumental": 0.00204564980231,
            "voice": 0.997954368591
        },
        "probability": 0.997954368591,
        "value": "voice"
    }
},
"lowlevel": {
    "average_loudness": 0.772409677505,
    "barkbands_crest": {
        "dmean": 2.60837459564,
        "dmean2": 4.14919042587,
        "dvar": 6.36757087708,
        "dvar2": 15.5281848907,
        "max": 24.4015026093,
        "mean": 9.60260486603,
        "median": 8.80292415619,
        "min": 2.49739313126,
        "var": 17.044588089
    },
    "barkbands_flatness_db": {
        "dmean": 0.0207160506397,
        "dmean2": 0.0325571708381,
        "dvar": 0.000466681085527,
        "dvar2": 0.00113873905502,
        "max": 0.34766715765,
        "mean": 0.136923104525,
        "median": 0.12678937614,
        "min": 0.0570116229355,
        "var": 0.00215410022065
    },
    "barkbands_kurtosis": {
        "dmean": 2.12846541405,
        "dmean2": 3.41906929016,
        "dvar": 16.9133548737,
        "dvar2": 40.725692749,
        "max": 65.0812149048,
        "mean": 2.09450864792,
        "median": 0.36917424202,
        "min": -1.92163944244,
        "var": 30.5614032745
    },
    "barkbands_skewness": {
        "dmean": 0.52656763792,
        "dmean2": 0.811172425747,
        "dvar": 0.37837395072,
        "dvar2": 0.856866538525,
        "max": 7.15809059143,
        "mean": 1.07322800159,
        "median": 0.88832038641,
        "min": -1.2678706646,
        "var": 1.03600955009
    },
    "barkbands_spread": {
        "dmean": 5.8831820488,
        "dmean2": 9.01762580872,
        "dvar": 47.5378456116,
        "dvar2": 103.45778656,
        "max": 94.2928848267,
        "mean": 25.4823989868,
        "median": 24.1919269562,
        "min": 1.68761670589,
        "var": 178.826858521
    },
    "dissonance": {
        "dmean": 0.0177737157792,
        "dmean2": 0.0293327700347,
        "dvar": 0.000345355219906,
        "dvar2": 0.000914960575756,
        "max": 0.499999046326,
        "mean": 0.467211574316,
        "median": 0.473067641258,
        "min": 0.218952924013,
        "var": 0.000594015116803
    },
    "dynamic_complexity": 4.68475818634,
    "erbbands_crest": {
        "dmean": 2.3892595768,
        "dmean2": 3.7826859951,
        "dvar": 6.15253591537,
        "dvar2": 13.5936880112,
        "max": 30.9486656189,
        "mean": 8.75364494324,
        "median": 7.15038013458,
        "min": 2.67113947868,
        "var": 24.6966362
    },
    "erbbands_flatness_db": {
        "dmean": 0.017737256363,
        "dmean2": 0.0256450921297,
        "dvar": 0.000260626024101,
        "dvar2": 0.000525411043782,
        "max": 0.277209550142,
        "mean": 0.163869962096,
        "median": 0.15970107913,
        "min": 0.0652736872435,
        "var": 0.00174365763087
    },
    "erbbands_kurtosis": {
        "dmean": 0.948683321476,
        "dmean2": 1.40477609634,
        "dvar": 2.16914558411,
        "dvar2": 4.09408521652,
        "max": 25.0280590057,
        "mean": 0.676032364368,
        "median": -0.098269701004,
        "min": -1.68207800388,
        "var": 6.60286283493
    },
    "erbbands_skewness": {
        "dmean": 0.349683731794,
        "dmean2": 0.515877246857,
        "dvar": 0.121392711997,
        "dvar2": 0.249658897519,
        "max": 4.12774610519,
        "mean": 0.143005430698,
        "median": 0.0283004902303,
        "min": -3.12534713745,
        "var": 0.685013473034
    },
    "erbbands_spread": {
        "dmean": 7.59753131866,
        "dmean2": 11.977473259,
        "dvar": 87.0462188721,
        "dvar2": 203.516921997,
        "max": 119.778640747,
        "mean": 34.0716781616,
        "median": 31.906578064,
        "min": 4.58332300186,
        "var": 250.235046387
    },
    "hfc": {
        "dmean": 5.07376194,
        "dmean2": 7.09179067612,
        "dvar": 54.6415252686,
        "dvar2": 103.30909729,
        "max": 83.6904602051,
        "mean": 19.0488243103,
        "median": 11.028339386,
        "min": 0.063603721559,
        "var": 376.433837891
    },
    "melbands_crest": {
        "dmean": 3.31815457344,
        "dmean2": 5.26105737686,
        "dvar": 9.65382099152,
        "dvar2": 22.8740386963,
        "max": 32.0017356873,
        "mean": 13.9466085434,
        "median": 13.2108783722,
        "min": 3.44845223427,
        "var": 28.9202880859
    },
    "melbands_flatness_db": {
        "dmean": 0.025692101568,
        "dmean2": 0.03957606107,
        "dvar": 0.000915111391805,
        "dvar2": 0.00200770283118,
        "max": 0.454066127539,
        "mean": 0.172401666641,
        "median": 0.157583981752,
        "min": 0.0291868243366,
        "var": 0.00377830164507
    },
    "melbands_kurtosis": {
        "dmean": 5.85341596603,
        "dmean2": 9.71732139587,
        "dvar": 152.516540527,
        "dvar2": 402.741546631,
        "max": 175.529144287,
        "mean": 8.09008026123,
        "median": 3.65188264847,
        "min": -1.24570918083,
        "var": 203.882537842
    },
    "melbands_skewness": {
        "dmean": 0.728108108044,
        "dmean2": 1.13434612751,
        "dvar": 0.890636920929,
        "dvar2": 2.09361505508,
        "max": 11.1879062653,
        "mean": 2.01276922226,
        "median": 1.70743727684,
        "min": -1.11168479919,
        "var": 2.31367564201
    },
    "melbands_spread": {
        "dmean": 8.77509784698,
        "dmean2": 13.3702726364,
        "dvar": 117.290733337,
        "dvar2": 231.997238159,
        "max": 184.344146729,
        "mean": 29.6307182312,
        "median": 27.2537288666,
        "min": 1.22997820377,
        "var": 330.359893799
    },
    "pitch_salience": {
        "dmean": 0.0706437975168,
        "dmean2": 0.115132547915,
        "dvar": 0.00477231806144,
        "dvar2": 0.0124597512186,
        "max": 0.798199892044,
        "mean": 0.534853041172,
        "median": 0.542173326015,
        "min": 0.156012400985,
        "var": 0.0112589243799
    },
    "silence_rate_20dB": {
        "dmean": 0,
        "dmean2": 0,
        "dvar": 0,
        "dvar2": 0,
        "max": 1,
        "mean": 1,
        "median": 1,
        "min": 1,
        "var": 0
    },
    "silence_rate_30dB": {
        "dmean": 0,
        "dmean2": 0,
        "dvar": 0,
        "dvar2": 0,
        "max": 1,
        "mean": 1,
        "median": 1,
        "min": 1,
        "var": 0
    },
    "silence_rate_60dB": {
        "dmean": 0.0580495372415,
        "dmean2": 0.11541441083,
        "dvar": 0.0546796098351,
        "dvar2": 0.12068451941,
        "max": 1,
        "mean": 0.134570762515,
        "median": 0,
        "min": 0,
        "var": 0.116461530328
    },
    "spectral_centroid": {
        "dmean": 254.486022949,
        "dmean2": 398.443450928,
        "dvar": 76822.9140625,
        "dvar2": 157037,
        "max": 4097.99755859,
        "mean": 1524.43884277,
        "median": 1497.27624512,
        "min": 241.279922485,
        "var": 309764.28125
    },
    "spectral_complexity": {
        "dmean": 3.23065018654,
        "dmean2": 4.70333051682,
        "dvar": 10.852350235,
        "dvar2": 19.4789600372,
        "max": 53,
        "mean": 19.1376647949,
        "median": 19,
        "min": 0,
        "var": 98.9107437134
    },
    "spectral_decrease": {
        "dmean": 1.93622406996e-09,
        "dmean2": 3.01033176164e-09,
        "dvar": 1.20369279603e-17,
        "dvar2": 2.97460203236e-17,
        "max": -1.25177168978e-11,
        "mean": -4.76944306271e-09,
        "median": -2.61484900399e-09,
        "min": -2.59385029011e-08,
        "var": 2.57027796874e-17
    },
    "spectral_energy": {
        "dmean": 0.00766670238227,
        "dmean2": 0.0118299052119,
        "dvar": 0.000181710507604,
        "dvar2": 0.000444628385594,
        "max": 0.100959427655,
        "mean": 0.019728789106,
        "median": 0.0108637986705,
        "min": 5.30137876922e-05,
        "var": 0.000425003556302
    },
    "spectral_energyband_high": {
        "dmean": 0.000284585432382,
        "dmean2": 0.000392433255911,
        "dvar": 2.97173954777e-07,
        "dvar2": 5.62401453408e-07,
        "max": 0.0116506330669,
        "mean": 0.00064632948488,
        "median": 0.000313756725518,
        "min": 7.49098205688e-07,
        "var": 9.15061718842e-07
    },
    "spectral_energyband_low": {
        "dmean": 0.00445863651112,
        "dmean2": 0.00745593896136,
        "dvar": 0.000131408480229,
        "dvar2": 0.000346701679518,
        "max": 0.0884227454662,
        "mean": 0.00509209372103,
        "median": 0.00197821855545,
        "min": 5.9816642306e-07,
        "var": 0.000108496838948
    },
    "spectral_energyband_middle_high": {
        "dmean": 0.00204558041878,
        "dmean2": 0.00296378927305,
        "dvar": 1.43835595736e-05,
        "dvar2": 2.90646348731e-05,
        "max": 0.068370141089,
        "mean": 0.00655542733148,
        "median": 0.00312025262974,
        "min": 2.57686606346e-05,
        "var": 8.20907880552e-05
    },
    "spectral_energyband_middle_low": {
        "dmean": 0.00355745549314,
        "dmean2": 0.00527064548805,
        "dvar": 4.20983524236e-05,
        "dvar2": 8.61040316522e-05,
        "max": 0.0826857835054,
        "mean": 0.00830621179193,
        "median": 0.00343970838003,
        "min": 2.29154484259e-05,
        "var": 0.000135499969474
    },
    "spectral_entropy": {
        "dmean": 0.136570125818,
        "dmean2": 0.200036644936,
        "dvar": 0.0195566043258,
        "dvar2": 0.0418794192374,
        "max": 8.55090236664,
        "mean": 7.58193683624,
        "median": 7.63064813614,
        "min": 6.19276428223,
        "var": 0.109623789787
    },
    "spectral_flux": {
        "dmean": 0.0256343912333,
        "dmean2": 0.0391180738807,
        "dvar": 0.001130712335,
        "dvar2": 0.00212598219514,
        "max": 0.279883593321,
        "mean": 0.0738757029176,
        "median": 0.0587492473423,
        "min": 0.00383880827576,
        "var": 0.00282801943831
    },
    "spectral_kurtosis": {
        "dmean": 1.68299114704,
        "dmean2": 2.78030490875,
        "dvar": 3.56086087227,
        "dvar2": 9.93376350403,
        "max": 22.7540225983,
        "mean": 4.76367473602,
        "median": 4.52477025986,
        "min": -0.892134428024,
        "var": 7.96704483032
    },
    "spectral_rms": {
        "dmean": 0.000755646731704,
        "dmean2": 0.00111432641279,
        "dvar": 1.16873513889e-06,
        "dvar2": 2.65529092758e-06,
        "max": 0.00992456544191,
        "mean": 0.00384374521673,
        "median": 0.00325558427721,
        "min": 0.000227422002354,
        "var": 4.47318780061e-06
    },
    "spectral_rolloff": {
        "dmean": 535.813476562,
        "dmean2": 890.802307129,
        "dvar": 731189.625,
        "dvar2": 1591056.375,
        "max": 8914.74609375,
        "mean": 1800.19470215,
        "median": 1593.45703125,
        "min": 107.666015625,
        "var": 1651041
    },
    "spectral_skewness": {
        "dmean": 0.215699136257,
        "dmean2": 0.338342607021,
        "dvar": 0.0450680926442,
        "dvar2": 0.109740003943,
        "max": 2.97996926308,
        "mean": 1.56757450104,
        "median": 1.57659971714,
        "min": -0.028107073158,
        "var": 0.164239093661
    },
    "spectral_spread": {
        "dmean": 567099.9375,
        "dmean2": 850442.9375,
        "dvar": 499651870720,
        "dvar2": 1.05641764454e+12,
        "max": 10782838,
        "mean": 4258281.5,
        "median": 4071914.75,
        "min": 1647244.25,
        "var": 2.01050698547e+12
    },
    "spectral_strongpeak": {
        "dmean": 0.521397709846,
        "dmean2": 0.827368378639,
        "dvar": 0.976111710072,
        "dvar2": 2.36747837067,
        "max": 15.8306894302,
        "mean": 1.16568040848,
        "median": 0.314061820507,
        "min": 0.0131713971496,
        "var": 3.20568418503
    },
    "zerocrossingrate": {
        "dmean": 0.0105668297037,
        "dmean2": 0.0129226222634,
        "dvar": 0.000154390159878,
        "dvar2": 0.000185499229701,
        "max": 0.27978515625,
        "mean": 0.0683295428753,
        "median": 0.064453125,
        "min": 0.00439453125,
        "var": 0.000990353291854
    },
    "barkbands": {
        "dmean": [0.000144943842315, 0.00256713968702, 0.00157680746634, 0.00116002582945, 0.000888594368007, 0.000802554131951, 0.000352248927811, 0.000493659696076, 0.00123685225844, 0.000610501796473, 0.000431358959759, 0.000576789083425, 0.000676109048072, 0.00028145647957, 0.000172286294401, 0.000188701073057, 0.000296129001072, 0.000157222501002, 0.000117197530926, 0.000110838307592, 6.43599851173e-05, 7.8153287177e-05, 5.70368247281e-05, 6.15381795797e-05, 4.41202610091e-05, 2.24099567276e-05, 2.53474263801e-09],
        "dmean2": [0.000239880901063, 0.00432572467253, 0.00286115985364, 0.00189346552361, 0.0014739370672, 0.00129983830266, 0.000588795286603, 0.00075200892752, 0.00172994285822, 0.000846957787871, 0.000655437936075, 0.000894904253073, 0.00101607327815, 0.000452286651125, 0.000280901731458, 0.000317111931508, 0.000458495313069, 0.0002569690987, 0.000189464102732, 0.000165541656315, 9.61831319728e-05, 0.000116867893666, 8.45995091368e-05, 9.63491547736e-05, 6.54877439956e-05, 3.40330552717e-05, 4.453877267e-09],
        "dvar": [1.58095062375e-07, 5.19305358466e-05, 2.11434216908e-05, 1.09947523015e-05, 5.3397229749e-06, 2.65058997684e-06, 6.89798582698e-07, 4.04697993872e-06, 1.23155750771e-05, 3.88456874134e-06, 2.58522027252e-06, 3.25334031004e-06, 5.30366924067e-06, 1.80705711728e-07, 6.9018184945e-08, 7.27193736338e-08, 2.47029248612e-07, 9.61723003456e-08, 4.21755714797e-08, 1.70270737954e-07, 2.60299604093e-08, 3.24530482487e-08, 1.52855914592e-08, 1.429393226e-08, 5.33065325214e-09, 3.0061952927e-09, 2.23599492718e-16],
        "dvar2": [4.13907514485e-07, 0.000136983406264, 6.10866845818e-05, 2.37613567151e-05, 1.45083868119e-05, 7.00242617313e-06, 1.91689241547e-06, 8.45662088977e-06, 1.90698156075e-05, 6.29966916676e-06, 6.37063612885e-06, 7.63609386922e-06, 1.15403408927e-05, 4.30314685218e-07, 1.55534436885e-07, 1.79731230787e-07, 5.53907341327e-07, 2.37528240632e-07, 9.92790916143e-08, 3.03291272985e-07, 5.45265272933e-08, 7.05435141413e-08, 3.01661806645e-08, 3.13628305548e-08, 1.15825251612e-08, 6.44551434448e-09, 4.53609277842e-16],
        "max": [0.0030881925486, 0.0595481023192, 0.0449100881815, 0.0303517412394, 0.0321583040059, 0.0165513679385, 0.0164353530854, 0.0352754369378, 0.0800939425826, 0.0629747509956, 0.0341794677079, 0.0361031219363, 0.0360382311046, 0.00663688452914, 0.00337071181275, 0.0033299929928, 0.00878641102463, 0.00512879155576, 0.00288192275912, 0.0133364452049, 0.00335482112132, 0.00396323762834, 0.00235253176652, 0.00169767951593, 0.00102638918906, 0.00115253566764, 3.59710497833e-07],
        "mean": [0.000142525634146, 0.00277616735548, 0.00160865660291, 0.00106719275936, 0.00124993931968, 0.0013110996224, 0.000531749799848, 0.000692729256116, 0.00281272176653, 0.00142626371235, 0.000643014733214, 0.00106026511639, 0.0013024531072, 0.000574269797653, 0.000310172414174, 0.000353441952029, 0.000530092802364, 0.000293458317174, 0.000250813958701, 0.000215862601181, 0.000123071687995, 0.00014497700613, 8.949333278e-05, 0.000101631288999, 8.18137559691e-05, 3.49028487108e-05, 1.78207648638e-09],
        "median": [1.10222408694e-05, 0.000780475675128, 0.000607618421782, 0.000174059212441, 0.000474270142149, 0.000615440541878, 0.000263474299572, 0.00012845301535, 0.000380861951271, 0.000304140092339, 0.000131327848067, 0.000239352724748, 0.00017457868671, 0.000284355774056, 0.000205662989174, 0.00021737604402, 0.000235759274801, 0.00014960624685, 0.00013017578749, 8.41449509608e-05, 6.07387446507e-05, 5.02702496306e-05, 3.23785243381e-05, 3.74918708985e-05, 3.21139086736e-05, 7.1716790444e-06, 1.69327080135e-10],
        "min": [5.67956404129e-10, 1.8634294463e-07, 1.54461645252e-07, 2.84096870473e-07, 2.87323337034e-06, 4.70064514957e-06, 1.18962327633e-06, 6.24722076736e-07, 5.72987460146e-07, 2.03407171284e-06, 9.83236873253e-07, 7.22517995655e-07, 2.89052962898e-07, 2.30679279412e-06, 4.57838694956e-07, 9.87910766526e-07, 6.26726716746e-07, 8.1160493437e-07, 3.50111292846e-07, 2.14824154909e-07, 1.95047775264e-07, 1.06784213472e-07, 1.08809494748e-08, 2.31682451002e-09, 2.98651936514e-10, 7.88290786813e-12, 7.93602163152e-12],
        "var": [1.52686482124e-07, 4.28324237873e-05, 1.347275429e-05, 1.21551338452e-05, 6.68855363983e-06, 3.8725597733e-06, 7.13873760105e-07, 6.12377425568e-06, 5.93637814745e-05, 2.79248652078e-05, 4.12436065744e-06, 6.42720033284e-06, 1.7611828298e-05, 6.76601814575e-07, 1.23774469785e-07, 1.70852587189e-07, 7.02666454799e-07, 1.79773877562e-07, 1.06251334842e-07, 3.29917838826e-07, 5.1628187947e-08, 8.02111372877e-08, 3.22503197481e-08, 2.9786473732e-08, 1.46014924596e-08, 6.7865890685e-09, 1.71051064213e-16]
    },
    "erbbands": {
        "dmean": [0.0613403916359, 0.657529115677, 1.89071810246, 3.01164650917, 2.71861338615, 3.58375000954, 4.90671491623, 6.44323015213, 4.70520401001, 7.5351896286, 12.1597690582, 27.9816570282, 24.6174564362, 12.3903598785, 19.552652359, 20.3003520966, 33.6253204346, 14.1988153458, 9.61838054657, 8.73219203949, 10.953371048, 16.6349945068, 10.4918804169, 5.56490564346, 6.71319055557, 4.37881088257, 2.63666176796, 2.66200327873, 2.98690009117, 2.08610701561, 1.57610368729, 1.36012291908, 1.0286667347, 0.609979569912, 0.289750337601, 0.129744887352, 0.0348925590515, 0.00368723226711, 6.65696279611e-05, 1.10648434202e-05],
        "dmean2": [0.0970455259085, 1.1845818758, 3.43827581406, 5.05632352829, 4.38542842865, 6.05846786499, 8.08361339569, 10.3290472031, 7.78035974503, 11.9360313416, 18.4124603271, 39.0691986084, 34.2423858643, 18.0699939728, 29.6712608337, 30.1247425079, 50.9395942688, 21.9013786316, 15.6090421677, 14.2055892944, 18.1949691772, 25.3129653931, 16.8048171997, 8.67929840088, 10.1461544037, 6.4770693779, 3.93156051636, 4.00002765656, 4.49481534958, 3.07211065292, 2.37664079666, 2.1661605835, 1.6325173378, 0.92164516449, 0.448717147112, 0.189852640033, 0.0547017417848, 0.00620147166774, 0.000109106636955, 1.66540521604e-05],
        "dvar": [0.025597339496, 3.94147324562, 31.0075855255, 67.1427688599, 50.5638771057, 91.6890411377, 134.810836792, 160.219360352, 72.3118743896, 428.531341553, 2110.27880859, 8712.15820312, 5386.59033203, 1363.73254395, 6511.77880859, 2515.52661133, 14321.4199219, 573.687866211, 225.779006958, 126.341171265, 237.685897827, 780.103393555, 462.646484375, 87.4651489258, 324.128082275, 132.390762329, 49.5535011292, 37.7485733032, 40.5798416138, 23.3693008423, 13.1256999969, 8.94704532623, 3.98698759079, 1.2202848196, 0.259726375341, 0.0796283781528, 0.00885617360473, 0.000217651293497, 5.63733308923e-08, 4.10374456639e-10],
        "dvar2": [0.060267932713, 11.0119791031, 89.4310150146, 162.815887451, 113.253944397, 263.387329102, 365.089355469, 397.841705322, 189.376083374, 1056.02099609, 4476.42089844, 14133.3447266, 8749.05957031, 2234.69995117, 16453.4199219, 5732.86962891, 31622.9316406, 1267.28015137, 549.346069336, 297.472625732, 609.900390625, 1738.37719727, 1134.41101074, 219.81451416, 562.039916992, 250.416000366, 102.880447388, 80.4275817871, 86.6792221069, 48.3096809387, 27.9440383911, 19.8007240295, 9.60726261139, 2.65652394295, 0.598736464977, 0.159572407603, 0.0200235955417, 0.000543400703464, 1.39628596685e-07, 9.67721569545e-10],
        "max": [1.23094570637, 15.1611471176, 49.4235649109, 66.053024292, 96.2838058472, 126.639007568, 123.770645142, 147.914596558, 104.662086487, 346.606231689, 679.840942383, 2539.78979492, 2002.14868164, 1056.71740723, 1595.75500488, 811.525817871, 1889.8425293, 379.578155518, 182.069519043, 117.60848999, 167.246643066, 452.47833252, 361.21105957, 179.931625366, 537.334411621, 288.643157959, 166.728317261, 132.426239014, 126.142845154, 83.5074691772, 74.9821472168, 54.1441001892, 29.1855106354, 18.3247413635, 5.23065662384, 6.15239429474, 1.989179492, 0.383105576038, 0.00614010822028, 0.00034358742414],
        "mean": [0.061031550169, 0.678466200829, 1.9817250967, 2.79693508148, 3.30700922012, 4.67415618896, 7.36906528473, 11.0539369583, 7.71026849747, 11.686674118, 20.2621326447, 59.7061805725, 69.7262878418, 24.576921463, 33.5000762939, 41.2607879639, 66.1500244141, 32.3609809875, 19.0905628204, 17.1697368622, 20.816614151, 30.2224025726, 20.4598350525, 12.7410593033, 14.0676269531, 9.32576656342, 5.02837944031, 5.09096717834, 5.30419826508, 3.87903642654, 2.36424326897, 2.10851502419, 1.64398121834, 1.08414280415, 0.495562136173, 0.212266400456, 0.0502200126648, 0.00398274837062, 9.20717575355e-05, 2.92518416245e-05],
        "median": [0.0101601807401, 0.207120999694, 0.85921061039, 0.656222581863, 0.7997803092, 1.75719261169, 3.31605052948, 5.0703959465, 3.8855445385, 4.33333015442, 4.26250696182, 7.07433795929, 11.1144485474, 9.71944332123, 6.71855020523, 10.6286029816, 10.8056812286, 13.8782329559, 12.7516260147, 11.8814983368, 13.0991420746, 14.3933677673, 10.1571044922, 7.32850027084, 5.72014379501, 4.03970432281, 2.32087016106, 2.3716275692, 1.85226464272, 1.4044097662, 0.845912992954, 0.739106059074, 0.580975234509, 0.400298446417, 0.176176339388, 0.0480008125305, 0.0114663066342, 0.000721094897017, 2.86154263449e-05, 1.57868253154e-05],
        "min": [6.90028400641e-06, 4.47728962172e-05, 0.000127656996483, 0.000699325231835, 0.00242199609056, 0.0119159473106, 0.024118931964, 0.0456274412572, 0.0307702049613, 0.0209537725896, 0.00940610747784, 0.00991671718657, 0.0455852858722, 0.0821446701884, 0.0274157039821, 0.043245729059, 0.0280020385981, 0.113108664751, 0.0403267927468, 0.0319773629308, 0.0512211732566, 0.0448496863246, 0.043271753937, 0.0385512784123, 0.0167496670038, 0.0117298038676, 0.0108517613262, 0.00751477852464, 0.00440620584413, 0.00135325209703, 0.00044102553511, 0.000269955169642, 0.000327115965774, 5.92582728132e-05, 7.3676046668e-06, 1.22139442738e-06, 3.02616967929e-07, 5.70033868996e-08, 4.02320701198e-08, 6.81469174424e-08],
        "var": [0.0259235724807, 2.73646593094, 19.6545829773, 62.3023719788, 68.4333343506, 102.596664429, 160.284561157, 283.275299072, 124.366020203, 580.945922852, 3609.11938477, 34830.8632812, 41515.828125, 3749.70458984, 9113.15136719, 6490.703125, 44383.6445312, 2386.91650391, 468.804870605, 316.363922119, 550.535339355, 2092.16943359, 874.740844727, 235.657653809, 765.827270508, 377.113220215, 99.0661773682, 84.0491485596, 102.143234253, 58.4059104919, 23.4336986542, 17.0871963501, 6.99378108978, 2.90491580963, 0.567951261997, 0.203579694033, 0.0168561208993, 0.000218393746763, 6.51708376154e-08, 1.00623986921e-09]
    },
    "gfcc": {
        "mean": [-20.621591568, 92.4396057129, -136.226211548, 30.8886394501, -57.7233848572, 19.4921398163, -41.8774833679, 12.3101997375, -23.8411884308, 0.429747074842, -14.6576604843, -0.237617328763, -6.60105037689],
        "cov": [[7225.26708984, -2449.46386719, 597.100891113, -495.271240234, -447.192199707, 398.973693848, -185.599731445, 780.985351562, -622.298156738, 627.518981934, -371.634185791, 477.183532715, -582.599182129], [-2449.46386719, 1484.97033691, -281.952819824, 182.872909546, 399.4347229, -214.826095581, 230.317306519, -308.901428223, 288.674987793, -290.051025391, 170.058273315, -242.494995117, 252.58821106], [597.100891113, -281.952819824, 578.585449219, 130.112365723, 7.72287559509, 163.947509766, -37.6888275146, 117.113098145, -39.6768684387, 101.849014282, -58.600856781, 64.3578491211, -95.7696380615], [-495.271240234, 182.872909546, 130.112365723, 464.543792725, 99.5788040161, 2.91406679153, 39.7079124451, -92.7048492432, 139.773208618, -50.032409668, 62.9956932068, -77.2164230347, 54.5233879089], [-447.192199707, 399.4347229, 7.72287559509, 99.5788040161, 333.377380371, -23.506937027, 122.369537354, -33.3544654846, 52.7803497314, -19.5129394531, 20.8423099518, -24.4831981659, 43.8412780762], [398.973693848, -214.826095581, 163.947509766, 2.91406679153, -23.506937027, 245.611160278, 45.7757835388, 95.368927002, -27.5221405029, 51.0390129089, -5.69173908234, 14.9760637283, -37.1238708496], [-185.599731445, 230.317306519, -37.6888275146, 39.7079124451, 122.369537354, 45.7757835388, 219.19543457, 8.63562393188, 39.1609153748, -1.92948865891, 19.7242221832, -34.844367981, 18.2305240631], [780.985351562, -308.901428223, 117.113098145, -92.7048492432, -33.3544654846, 95.368927002, 8.63562393188, 214.7318573, -46.6477394104, 107.216087341, -59.7071418762, 61.2077865601, -69.0631561279], [-622.298156738, 288.674987793, -39.6768684387, 139.773208618, 52.7803497314, -27.5221405029, 39.1609153748, -46.6477394104, 193.838012695, -55.6281738281, 49.3525352478, -73.8506088257, 62.6692314148], [627.518981934, -290.051025391, 101.849014282, -50.032409668, -19.5129394531, 51.0390129089, -1.92948865891, 107.216087341, -55.6281738281, 173.398513794, -28.0865116119, 68.2344589233, -74.9181213379], [-371.634185791, 170.058273315, -58.600856781, 62.9956932068, 20.8423099518, -5.69173908234, 19.7242221832, -59.7071418762, 49.3525352478, -28.0865116119, 117.737251282, -24.3800830841, 42.5275688171], [477.183532715, -242.494995117, 64.3578491211, -77.2164230347, -24.4831981659, 14.9760637283, -34.844367981, 61.2077865601, -73.8506088257, 68.2344589233, -24.3800830841, 137.486877441, -34.9260101318], [-582.599182129, 252.58821106, -95.7696380615, 54.5233879089, 43.8412780762, -37.1238708496, 18.2305240631, -69.0631561279, 62.6692314148, -74.9181213379, 42.5275688171, -34.9260101318, 117.739601135]],
        "icov": [[0.000449800369097, 0.00037500198232, 6.75528935972e-05, -0.000101544879726, -3.67760003428e-05, 5.76585371164e-05, -0.000135935566504, -0.000742654839996, 0.000474028114695, -5.45504663023e-05, 9.21014070627e-05, -0.0002148499334, 0.000756455294322], [0.00037500198232, 0.00611842563376, -0.00183971202932, 0.00294312066399, -0.00425489153713, 0.00351211265661, -0.00355353299528, 0.00204607471824, -0.0029363038484, 0.00325610255823, -0.00340267596766, 0.00435876846313, -0.00353076285683], [6.75528935972e-05, -0.00183971202932, 0.00401734281331, -0.00258292257786, 0.000735164270736, -0.00304960738868, 0.00232813530602, -0.00148547871504, 0.00119563995395, -0.00136333797127, 0.00232856348157, -0.00255793356337, 0.00317396270111], [-0.000101544879726, 0.00294312066399, -0.00258292257786, 0.00548042869195, -0.00259513873607, 0.0019181210082, -0.00197995337658, 0.00303279119544, -0.00375979649834, 0.00139838596806, -0.00270102359354, 0.00336998305283, -0.0029322898481], [-3.67760003428e-05, -0.00425489153713, 0.000735164270736, -0.00259513873607, 0.0074217710644, -0.00142499734648, -0.000133285182528, -0.001609471743, 0.00232094363309, -0.00259896484204, 0.00266015599482, -0.00357947219163, 0.00169779150747], [5.76585371164e-05, 0.00351211265661, -0.00304960738868, 0.0019181210082, -0.00142499734648, 0.00876726210117, -0.00416645081714, -0.000958212476689, -0.000852961500641, 0.00222068326548, -0.00385345565155, 0.00368377752602, -0.0028884022031], [-0.000135935566504, -0.00355353299528, 0.00232813530602, -0.00197995337658, -0.000133285182528, -0.00416645081714, 0.00909463688731, -0.00203440501355, 0.00133439910132, -0.00241541583091, 0.00182674604002, -0.00146886089351, 0.00255306228064], [-0.000742654839996, 0.00204607471824, -0.00148547871504, 0.00303279119544, -0.001609471743, -0.000958212476689, -0.00203440501355, 0.0121913803741, -0.00413040490821, -0.00203199521638, 0.00133939250372, 0.00092364475131, -0.00221794447862], [0.000474028114695, -0.0029363038484, 0.00119563995395, -0.00375979649834, 0.00232094363309, -0.000852961500641, 0.00133439910132, -0.00413040490821, 0.0114090275019, -0.00148668861948, 0.00029067939613, 0.000243787566433, 0.000544597569387], [-5.45504663023e-05, 0.00325610255823, -0.00136333797127, 0.00139838596806, -0.00259896484204, 0.00222068326548, -0.00241541583091, -0.00203199521638, -0.00148668861948, 0.0128377350047, -0.00344727770425, -0.000344419881003, 0.00194122514222], [9.21014070627e-05, -0.00340267596766, 0.00232856348157, -0.00270102359354, 0.00266015599482, -0.00385345565155, 0.00182674604002, 0.00133939250372, 0.00029067939613, -0.00344727770425, 0.0140744214877, -0.00363024766557, 0.000688873929903], [-0.0002148499334, 0.00435876846313, -0.00255793356337, 0.00336998305283, -0.00357947219163, 0.00368377752602, -0.00146886089351, 0.00092364475131, 0.000243787566433, -0.000344419881003, -0.00363024766557, 0.0152880940586, -0.0052943197079], [0.000756455294322, -0.00353076285683, 0.00317396270111, -0.0029322898481, 0.00169779150747, -0.0028884022031, 0.00255306228064, -0.00221794447862, 0.000544597569387, 0.00194122514222, 0.000688873929903, -0.0052943197079, 0.0196374095976]]
    },
    "melbands": {
        "dmean": [0.000609344162513, 0.000965833023656, 0.000509224249981, 0.00022149150027, 0.000156202368089, 0.000144444013131, 7.21626274753e-05, 9.12519753911e-05, 0.000114820999443, 0.000180827235454, 0.000123039353639, 5.33005368197e-05, 6.67384665576e-05, 5.96543723077e-05, 7.4871648394e-05, 6.51651062071e-05, 2.51664259849e-05, 1.80955848919e-05, 1.43183724504e-05, 1.16860683192e-05, 1.40235324579e-05, 1.79121161636e-05, 1.46358679558e-05, 7.70007864048e-06, 4.64819322588e-06, 5.03787805428e-06, 5.8048703977e-06, 2.60301226263e-06, 1.7228667275e-06, 1.69845588971e-06, 1.63675110798e-06, 1.93963660422e-06, 1.47786647631e-06, 1.18625484902e-06, 1.00683553228e-06, 7.98321877937e-07, 9.26431425796e-07, 8.15043563307e-07, 6.32144235624e-07, 5.28323880644e-07],
        "dmean2": [0.000993420602754, 0.00175363512244, 0.000850013573654, 0.000365392741514, 0.000255939376075, 0.000231727317441, 0.000118344803923, 0.000144549776451, 0.000168642858625, 0.00025398505386, 0.000174187633093, 7.90803678683e-05, 0.000100643796031, 9.2563124781e-05, 0.000109003885882, 9.79162214207e-05, 3.97267904191e-05, 2.95338068099e-05, 2.31674603128e-05, 1.92213556147e-05, 2.32986512856e-05, 2.74543363048e-05, 2.29271354328e-05, 1.223532945e-05, 7.51054358261e-06, 8.08481945569e-06, 8.66239042807e-06, 3.89102297049e-06, 2.67147379418e-06, 2.67573341262e-06, 2.48918627221e-06, 2.89331455861e-06, 2.24019959205e-06, 1.76028117949e-06, 1.54676229158e-06, 1.30001342313e-06, 1.48557762714e-06, 1.31334115849e-06, 1.00835973171e-06, 8.00125576461e-07],
        "dvar": [2.64450159193e-06, 8.23947175377e-06, 1.7741957663e-06, 3.68125938621e-07, 1.27937568095e-07, 7.8775201473e-08, 1.83678068311e-08, 7.60903944297e-08, 1.38727841659e-07, 3.34349238074e-07, 1.37329294603e-07, 2.44157796203e-08, 6.61368773081e-08, 4.50345041259e-08, 4.42152234825e-08, 4.94741172474e-08, 1.68007197043e-09, 8.97502350217e-10, 4.68578453816e-10, 3.52310264295e-10, 3.99934058093e-10, 9.22494247657e-10, 7.55206175374e-10, 2.36949987409e-10, 7.13624992432e-11, 9.03360442006e-11, 6.29418406284e-10, 4.31024695102e-11, 1.78514095867e-11, 2.91571662647e-11, 1.45108543237e-11, 1.63036285861e-11, 1.39121075771e-11, 7.77251353556e-12, 5.50828133106e-12, 3.64668668526e-12, 4.35937353924e-12, 2.52678780677e-12, 1.58260438175e-12, 9.32247009623e-13],
        "dvar2": [6.49053254165e-06, 2.35559818975e-05, 4.14536589233e-06, 9.91279989648e-07, 3.39960649853e-07, 1.98656820771e-07, 4.89022085048e-08, 1.69028595565e-07, 2.64517467485e-07, 5.54919381557e-07, 2.23709776037e-07, 3.89244902976e-08, 1.62967097594e-07, 1.02157400761e-07, 8.94582967703e-08, 1.07645298897e-07, 3.77519704386e-09, 2.3148207795e-09, 1.07933839644e-09, 7.81278430839e-10, 1.06447506365e-09, 2.07829331522e-09, 1.80244796866e-09, 5.85012538412e-10, 1.84405782311e-10, 2.21685961255e-10, 1.09987230434e-09, 7.3233794029e-11, 3.95133613329e-11, 7.1664472967e-11, 3.16558168567e-11, 3.37766273284e-11, 3.52183004981e-11, 1.58862957511e-11, 1.1905765436e-11, 8.14348328354e-12, 9.83485341777e-12, 6.16579226911e-12, 3.85786194657e-12, 2.03486012762e-12],
        "max": [0.0136529030278, 0.0230907760561, 0.010511957109, 0.00904789101332, 0.00369993201457, 0.00315659213811, 0.00176226964686, 0.00440959259868, 0.00743425171822, 0.0157535616308, 0.0105114774778, 0.00429555820301, 0.00462345592678, 0.00441165361553, 0.00338832638226, 0.00383851397783, 0.00063641264569, 0.000429919979069, 0.000291634816676, 0.000287654489512, 0.000210938203963, 0.000543548550922, 0.000519932247698, 0.000246166746365, 0.000171715626493, 0.000126329614432, 0.000870731368195, 0.000164561104611, 7.96110398369e-05, 0.000135536349262, 6.9260589953e-05, 8.96653800737e-05, 7.48517777538e-05, 5.73804609303e-05, 4.49895305792e-05, 3.49408110196e-05, 3.46056003764e-05, 2.17562519538e-05, 1.88517933566e-05, 1.77041565621e-05],
        "mean": [0.00065958261257, 0.00102666078601, 0.000505024334416, 0.00028818831197, 0.000247477815719, 0.000247313088039, 0.000116602626804, 0.000138155650347, 0.000198587047635, 0.000393215712393, 0.000343391002389, 9.9768389191e-05, 0.000105124971014, 0.000117594041512, 0.000133261302835, 0.000121643111925, 5.30146389792e-05, 3.15276774927e-05, 2.49442182394e-05, 2.14170777326e-05, 2.38884822465e-05, 3.01213003695e-05, 2.65570524789e-05, 1.39079811561e-05, 9.62108333624e-06, 1.02067979242e-05, 1.03942784335e-05, 5.05398202222e-06, 2.94698907055e-06, 2.96588791571e-06, 2.90797811431e-06, 3.20559865941e-06, 2.49690106102e-06, 2.00496788239e-06, 1.39747237426e-06, 1.14287558972e-06, 1.34524975692e-06, 1.18979505714e-06, 1.01086595805e-06, 8.81801042851e-07],
        "median": [0.000164622513694, 0.000456032692455, 0.000130252490635, 9.06358400243e-05, 0.000113499903819, 0.000114732240036, 5.75956401008e-05, 4.35267356806e-05, 3.54193580279e-05, 4.67529971502e-05, 5.48829448235e-05, 3.67490647477e-05, 2.0892421162e-05, 2.26425654546e-05, 2.6449231882e-05, 2.00432277779e-05, 2.36034993577e-05, 1.77619021997e-05, 1.52089969561e-05, 1.25786536955e-05, 1.39460853461e-05, 1.34314777824e-05, 1.0869014659e-05, 6.92724233886e-06, 5.54211510462e-06, 4.84101656184e-06, 3.73413558918e-06, 2.1496489353e-06, 1.3461655044e-06, 1.31511387735e-06, 1.22262372315e-06, 1.0266096524e-06, 7.64304786571e-07, 6.64069830236e-07, 4.39245894768e-07, 3.98666031742e-07, 3.9985329181e-07, 3.71154897039e-07, 3.37333830203e-07, 3.0629175285e-07],
        "min": [6.30931964452e-08, 6.36305372836e-08, 1.33152383341e-07, 3.72716272068e-07, 7.8644717405e-07, 1.05170659026e-06, 6.11167138231e-07, 1.86948341252e-07, 4.87679159278e-08, 6.35620480693e-08, 1.53466302777e-07, 3.05418126345e-07, 1.28748297357e-07, 5.89531055084e-08, 5.53171197737e-08, 4.03179178932e-08, 1.81766495189e-07, 3.59288563345e-08, 4.23872670297e-08, 4.20058476891e-08, 3.22430935285e-08, 4.50654304984e-08, 4.35896403417e-08, 3.71879878003e-08, 2.76907865526e-08, 1.08563380508e-08, 6.59627641397e-09, 5.74954350796e-09, 6.75758604629e-09, 4.29795665724e-09, 1.59070145944e-09, 2.52613419072e-09, 1.57819912694e-09, 3.31130040054e-10, 1.58493787539e-10, 1.05767498926e-10, 1.09045264138e-11, 9.74821959265e-12, 4.5571706131e-12, 3.56769973807e-12],
