{
"highlevel": {
    "danceability": {
        "all": {
            "danceable": 0.570914506912,
            "not_danceable": 0.429085493088
        },
        "probability": 0.570914506912,
        "value": "danceable"
    },
    "gender": {
        "all": {
            "female": 0.35908472538,
            "male": 0.64091527462
        },
        "probability": 0.64091527462,
        "value": "male"
    },
    "genre_dortmund": {
        "all": {
            "alternative": 0.0297761354595,
            "blues": 0.569996476173,
            "electronic": 0.0397391468287,
            "folkcountry": 0.203754007816,
            "funksoulrnb": 0.0244701988995,
            "jazz": 0.0495175495744,
            "pop": 0.0175757501274,
            "raphiphop": 0.00149819324724,
            "rock": 0.063672542572
        },
        "probability": 0.569996476173,
        "value": "blues"
    },
    "genre_electronic": {
        "all": {
            "ambient": 0.742892742157,
            "dnb": 0.159248873591,
            "house": 0.0570124723017,
            "techno": 0.0139767732471,
            "trance": 0.0268691405654
        },
        "probability": 0.742892742157,
        "value": "ambient"
    },
    "genre_rosamerica": {
        "all": {
            "cla": 0.475230008364,
            "dan": 0.0242589730769,
            "hip": 0.031124310568,
            "jaz": 0.114359803498,
            "pop": 0.142319709063,
            "rhy": 0.100245542824,
            "roc": 0.098109818995,
            "spe": 0.0143518596888
        },
        "probability": 0.475230008364,
        "value": "cla"
    },
    "genre_tzanetakis": {
        "all": {
            "blu": 0.0626613423228,
            "cla": 0.0348169617355,
            "cou": 0.104475811124,
            "dis": 0.0784321576357,
            "hip": 0.15692435205,
            "jaz": 0.313974827528,
            "met": 0.0448166541755,
            "pop": 0.0627359300852,
            "reg": 0.0627360641956,
            "roc": 0.0784258767962
        },
        "probability": 0.313974827528,
        "value": "jaz"
    },
    "ismir04_rhythm": {
        "all": {
            "ChaChaCha": 0.171619981527,
            "Jive": 0.025052363053,
            "Quickstep": 0.0875749588013,
            "Rumba-American": 0.00710305711254,
            "Rumba-International": 0.0113647226244,
            "Rumba-Misc": 0.00442201178521,
            "Samba": 0.0290855001658,
            "Tango": 0.481827408075,
            "VienneseWaltz": 0.0822389796376,
            "Waltz": 0.0997110083699
        },
        "probability": 0.481827408075,
        "value": "Tango"
    },
    "mood_acoustic": {
        "all": {
            "acoustic": 0.0320290029049,
            "not_acoustic": 0.967970967293
        },
        "probability": 0.967970967293,
        "value": "not_acoustic"
    },
    "mood_aggressive": {
        "all": {
            "aggressive": 0.237234652042,
            "not_aggressive": 0.762765347958
        },
        "probability": 0.762765347958,
        "value": "not_aggressive"
    },
    "mood_electronic": {
        "all": {
            "electronic": 0.426139771938,
            "not_electronic": 0.573860228062
        },
        "probability": 0.573860228062,
        "value": "not_electronic"
    },
    "mood_happy": {
        "all": {
            "happy": 0.997620642185,
            "not_happy": 0.00237932987511
        },
        "probability": 0.997620642185,
        "value": "happy"
    },
    "mood_party": {
        "all": {
            "not_party": 0.653645992279,
            "party": 0.346354007721
        },
        "probability": 0.653645992279,
        "value": "not_party"
    },
    "mood_relaxed": {
        "all": {
            "not_relaxed": 0.62242513895,
            "relaxed": 0.37757486105
        },
        "probability": 0.62242513895,
        "value": "not_relaxed"
    },
    "mood_sad": {
        "all": {
            "not_sad": 0.884090900421,
            "sad": 0.115909099579
        },
        "probability": 0.884090900421,
        "value": "not_sad"
    },
    "moods_mirex": {
        "all": {
            "Cluster1": 0.233446881175,
            "Cluster2": 0.267652332783,
            "Cluster3": 0.0955709293485,
            "Cluster4": 0.213291808963,
            "Cluster5": 0.190038055182
        },
        "probability": 0.267652332783,
        "value": "Cluster2"
    },
    "timbre": {
        "all": {
            "bright": 0.999998748302,
            "dark": 1.22276833281e-06
        },
        "probability": 0.999998748302,
        "value": "bright"
    },
    "tonal_atonal": {
        "all": {
            "atonal": 0.0593857467175,
            "tonal": 0.94061422348
        },
        "probability": 0.94061422348,
        "value": "tonal"
    },
    "voice_instrumental": {
        "all": {
            "instrumental": 0.94460183382,
            "voice": 0.0553981922567
        },
        "probability": 0.94460183382,
        "value": "instrumental"
    }
},
"lowlevel": {
    "average_loudness": 0.972909092903,
    "barkbands_crest": {
        "dmean": 2.45918512344,
        "dmean2": 3.93051838875,
        "dvar": 5.14578580856,
        "dvar2": 13.8655185699,
        "max": 22.298828125,
        "mean": 8.99598312378,
        "median": 8.08634185791,
        "min": 2.64053034782,
        "var": 14.4395208359
    },
    "barkbands_flatness_db": {
        "dmean": 0.016081944108,
        "dmean2": 0.025599995628,
        "dvar": 0.000212106635445,
        "dvar2": 0.000475651933812,
        "max": 0.270482242107,
        "mean": 0.147731393576,
        "median": 0.142940029502,
        "min": 0.0841424167156,
        "var": 0.000877745915204
    },
    "barkbands_kurtosis": {
        "dmean": 0.684503078461,
        "dmean2": 1.1022759676,
        "dvar": 0.788800776005,
        "dvar2": 1.91615438461,
        "max": 10.7102804184,
        "mean": -0.362178474665,
        "median": -0.787930011749,
        "min": -1.81869900227,
        "var": 1.85082840919
    },
    "barkbands_skewness": {
        "dmean": 0.362455606461,
        "dmean2": 0.561268508434,
        "dvar": 0.10249748826,
        "dvar2": 0.245353505015,
        "max": 3.2347843647,
        "mean": 0.438659250736,
        "median": 0.354789108038,
        "min": -1.9155049324,
        "var": 0.500819206238
    },
    "barkbands_spread": {
        "dmean": 5.24043607712,
        "dmean2": 8.3951625824,
        "dvar": 21.3750343323,
        "dvar2": 52.5689277649,
        "max": 55.9042282104,
        "mean": 30.0445518494,
        "median": 29.9546585083,
        "min": 5.37143278122,
        "var": 67.4083862305
    },
    "dissonance": {
        "dmean": 0.0165599957108,
        "dmean2": 0.0273568052799,
        "dvar": 0.000243728820351,
        "dvar2": 0.000668796827085,
        "max": 0.499723047018,
        "mean": 0.464682132006,
        "median": 0.468240439892,
        "min": 0.351512253284,
        "var": 0.000471883104183
    },
    "dynamic_complexity": 2.82349038124,
    "erbbands_crest": {
        "dmean": 2.92682933807,
        "dmean2": 4.81168270111,
        "dvar": 7.56854009628,
        "dvar2": 19.4374694824,
        "max": 31.0014591217,
        "mean": 9.25726604462,
        "median": 8.14293575287,
        "min": 3.61672496796,
        "var": 17.9890804291
    },
    "erbbands_flatness_db": {
        "dmean": 0.014465412125,
        "dmean2": 0.0224752277136,
        "dvar": 0.000167822581716,
        "dvar2": 0.000382803205866,
        "max": 0.342725396156,
        "mean": 0.203265294433,
        "median": 0.201103776693,
        "min": 0.144110366702,
        "var": 0.0005610336666
    },
    "erbbands_kurtosis": {
        "dmean": 0.730148673058,
        "dmean2": 1.18981301785,
        "dvar": 0.840184628963,
        "dvar2": 2.23971819878,
        "max": 13.4018878937,
        "mean": 0.000412229681388,
        "median": -0.245692253113,
        "min": -1.57087230682,
        "var": 1.23272299767
    },
    "erbbands_skewness": {
        "dmean": 0.364024192095,
        "dmean2": 0.562276303768,
        "dvar": 0.0960654914379,
        "dvar2": 0.242161348462,
        "max": 2.29605746269,
        "mean": -0.368606179953,
        "median": -0.39739176631,
        "min": -2.3439950943,
        "var": 0.279560178518
    },
    "erbbands_spread": {
        "dmean": 4.93050813675,
        "dmean2": 7.73940849304,
        "dvar": 16.3327121735,
        "dvar2": 42.5006370544,
        "max": 54.0283889771,
        "mean": 27.3659095764,
        "median": 26.2768440247,
        "min": 4.56523656845,
        "var": 65.0298995972
    },
    "hfc": {
        "dmean": 6.76631259918,
        "dmean2": 8.3117723465,
        "dvar": 64.7987976074,
        "dvar2": 108.355125427,
        "max": 106.932296753,
        "mean": 19.0237960815,
        "median": 12.7923603058,
        "min": 0.958203792572,
        "var": 313.724975586
    },
    "melbands_crest": {
        "dmean": 2.58953094482,
        "dmean2": 4.03380060196,
        "dvar": 5.15304136276,
        "dvar2": 13.0694169998,
        "max": 25.5956859589,
        "mean": 12.4840993881,
        "median": 11.955534935,
        "min": 3.45325541496,
        "var": 17.9976272583
    },
    "melbands_flatness_db": {
        "dmean": 0.0211738366634,
        "dmean2": 0.0315154269338,
        "dvar": 0.000401993602281,
        "dvar2": 0.000872768170666,
        "max": 0.353443980217,
        "mean": 0.176850765944,
        "median": 0.172809839249,
        "min": 0.086603961885,
        "var": 0.00214715092443
    },
    "melbands_kurtosis": {
        "dmean": 1.89310765266,
        "dmean2": 3.02941608429,
        "dvar": 6.26857185364,
        "dvar2": 15.7842063904,
        "max": 33.4205055237,
        "mean": 2.53186678886,
        "median": 1.05725669861,
        "min": -1.59786128998,
        "var": 18.2083511353
    },
    "melbands_skewness": {
        "dmean": 0.470873713493,
        "dmean2": 0.736524283886,
        "dvar": 0.180912271142,
        "dvar2": 0.459975063801,
        "max": 5.14011621475,
        "mean": 1.43200194836,
        "median": 1.31361663342,
        "min": -1.14126121998,
        "var": 0.875878095627
    },
    "melbands_spread": {
        "dmean": 9.25792694092,
        "dmean2": 14.6009407043,
        "dvar": 72.8118133545,
        "dvar2": 168.126998901,
        "max": 96.5307693481,
        "mean": 41.0581092834,
        "median": 39.8765983582,
        "min": 6.62682199478,
        "var": 265.769104004
    },
    "pitch_salience": {
        "dmean": 0.0564333572984,
        "dmean2": 0.0909814462066,
        "dvar": 0.00248233042657,
        "dvar2": 0.00629530381411,
        "max": 0.802643358707,
        "mean": 0.483996927738,
        "median": 0.481278270483,
        "min": 0.220811471343,
        "var": 0.00737260980532
    },
    "silence_rate_20dB": {
        "dmean": 0,
        "dmean2": 0,
        "dvar": 0,
        "dvar2": 0,
        "max": 1,
        "mean": 1,
        "median": 1,
        "min": 1,
        "var": 0
    },
    "silence_rate_30dB": {
        "dmean": 0,
        "dmean2": 0,
        "dvar": 0,
        "dvar2": 0,
        "max": 1,
        "mean": 1,
        "median": 1,
        "min": 1,
        "var": 0
    },
    "silence_rate_60dB": {
        "dmean": 0.0263157896698,
        "dmean2": 0.0526723451912,
        "dvar": 0.0256231706589,
        "dvar2": 0.0591930486262,
        "max": 1,
        "mean": 0.0371229685843,
        "median": 0,
        "min": 0,
        "var": 0.035744484514
    },
    "spectral_centroid": {
        "dmean": 236.162628174,
        "dmean2": 367.176422119,
        "dvar": 40501.7421875,
        "dvar2": 90577.453125,
        "max": 3077.83227539,
        "mean": 2016.77209473,
        "median": 2027.24182129,
        "min": 832.218139648,
        "var": 175520.9375
    },
    "spectral_complexity": {
        "dmean": 3.53405570984,
        "dmean2": 4.64910936356,
        "dvar": 12.4067764282,
        "dvar2": 16.7343196869,
        "max": 49,
        "mean": 19.4098987579,
        "median": 18,
        "min": 2,
        "var": 82.5543746948
    },
    "spectral_decrease": {
        "dmean": 1.3165109003e-09,
        "dmean2": 1.81906689711e-09,
        "dvar": 3.40637546422e-18,
        "dvar2": 7.2819058516e-18,
        "max": -3.08347680722e-10,
        "mean": -4.0579601901e-09,
        "median": -3.00008395904e-09,
        "min": -2.43268640787e-08,
        "var": 1.12813059153e-17
    },
    "spectral_energy": {
        "dmean": 0.0054657808505,
        "dmean2": 0.00739735690877,
        "dvar": 5.46070114069e-05,
        "dvar2": 0.00011255787831,
        "max": 0.095979385078,
        "mean": 0.0170411728323,
        "median": 0.0125424005091,
        "min": 0.0013196177315,
        "var": 0.000197875342565
    },
    "spectral_energyband_high": {
        "dmean": 0.000167023667018,
        "dmean2": 0.000221241978579,
        "dvar": 5.26762313768e-08,
        "dvar2": 9.901150122e-08,
        "max": 0.00334530440159,
        "mean": 0.000376183568733,
        "median": 0.000218896835577,
        "min": 8.32297610032e-06,
        "var": 1.98863574496e-07
    },
    "spectral_energyband_low": {
        "dmean": 0.00250880117528,
        "dmean2": 0.00425544241443,
        "dvar": 3.37910023518e-05,
        "dvar2": 8.75791156432e-05,
        "max": 0.0702127814293,
        "mean": 0.0049087558873,
        "median": 0.00294733257033,
        "min": 2.49874519795e-05,
        "var": 4.31362495874e-05
    },
    "spectral_energyband_middle_high": {
        "dmean": 0.00316555914469,
        "dmean2": 0.00426509836689,
        "dvar": 1.5864312445e-05,
        "dvar2": 3.10439172608e-05,
        "max": 0.0551268868148,
        "mean": 0.00798199605197,
        "median": 0.00526993069798,
        "min": 0.000261241628323,
        "var": 6.05952882324e-05
    },
    "spectral_energyband_middle_low": {
        "dmean": 0.00146264932118,
        "dmean2": 0.00195281184278,
        "dvar": 3.23887798004e-06,
        "dvar2": 5.91787056692e-06,
        "max": 0.0242398381233,
        "mean": 0.00396301224828,
        "median": 0.0027997083962,
        "min": 8.6799460405e-05,
        "var": 1.27903676912e-05
    },
    "spectral_entropy": {
        "dmean": 0.129162952304,
        "dmean2": 0.195224240422,
        "dvar": 0.0188176613301,
        "dvar2": 0.0345469899476,
        "max": 8.19446372986,
        "mean": 7.31203460693,
        "median": 7.34454107285,
        "min": 6.12404966354,
        "var": 0.0709905773401
    },
    "spectral_flux": {
        "dmean": 0.0141508495435,
        "dmean2": 0.0217017382383,
        "dvar": 0.000267590221483,
        "dvar2": 0.000552815792616,
        "max": 0.225463181734,
        "mean": 0.0625374913216,
        "median": 0.0575466826558,
        "min": 0.0113015165552,
        "var": 0.00108612072654
    },
    "spectral_kurtosis": {
        "dmean": 2.45300245285,
        "dmean2": 4.39120435715,
        "dvar": 4.20464468002,
        "dvar2": 12.8884906769,
        "max": 15.5370922089,
        "mean": 4.83973741531,
        "median": 4.33460950851,
        "min": 0.545643806458,
        "var": 5.77887678146
    },
    "spectral_rms": {
        "dmean": 0.000609682174399,
        "dmean2": 0.000807846430689,
        "dvar": 4.12362851421e-07,
        "dvar2": 7.49491221086e-07,
        "max": 0.00967669487,
        "mean": 0.00378773920238,
        "median": 0.00349806924351,
        "min": 0.00113465054892,
        "var": 2.27861642088e-06
    },
    "spectral_rolloff": {
        "dmean": 427.630279541,
        "dmean2": 712.464172363,
        "dvar": 195677.34375,
        "dvar2": 432862.1875,
        "max": 3746.77734375,
        "mean": 2159.29882812,
        "median": 2153.3203125,
        "min": 193.798828125,
        "var": 569521.625
    },
    "spectral_skewness": {
        "dmean": 0.267687857151,
        "dmean2": 0.464339584112,
        "dvar": 0.0451676137745,
        "dvar2": 0.139146089554,
        "max": 2.51661872864,
        "mean": 1.1331537962,
        "median": 1.10055661201,
        "min": 0.451196551323,
        "var": 0.0772292986512
    },
    "spectral_spread": {
        "dmean": 202298.90625,
        "dmean2": 320164.84375,
        "dvar": 181267824640,
        "dvar2": 218180632576,
        "max": 16940082,
        "mean": 2732056.25,
        "median": 2715152.75,
        "min": 1869536.625,
        "var": 215115104256
    },
    "spectral_strongpeak": {
        "dmean": 0.756817400455,
        "dmean2": 1.30339789391,
        "dvar": 1.65006053448,
        "dvar2": 4.0700173378,
        "max": 10.9342079163,
        "mean": 0.988189935684,
        "median": 0.28570780158,
        "min": 0,
        "var": 2.02619314194
    },
    "zerocrossingrate": {
        "dmean": 0.00677698105574,
        "dmean2": 0.00818428955972,
        "dvar": 2.99626826745e-05,
        "dvar2": 4.29560859629e-05,
        "max": 0.12646484375,
        "mean": 0.066674746573,
        "median": 0.06640625,
        "min": 0.01416015625,
        "var": 0.000294676341582
    },
    "barkbands": {
        "dmean": [5.36231382284e-05, 0.0022643096745, 0.000409390340792, 0.000180707211257, 0.000334893062245, 0.000464323471533, 0.000474918953842, 0.000464961776743, 0.000148879626067, 0.000519830267876, 0.00115292903502, 0.00023830930877, 0.00051733473083, 0.000358452438377, 0.000307349080686, 0.000711058382876, 0.000373891583877, 0.000564325076994, 0.000503848248627, 0.000157526228577, 5.95739038545e-05, 3.81855788874e-05, 1.5469500795e-05, 5.35442586624e-06, 2.26188126362e-06, 4.78810477489e-07, 6.37731090158e-10],
        "dmean2": [9.38453376875e-05, 0.00386811327189, 0.000674621551298, 0.000281230721157, 0.000457689166069, 0.000588942901231, 0.000635881209746, 0.00077410164522, 0.000222413946176, 0.000714458001312, 0.0018736156635, 0.000387749954825, 0.000769102247432, 0.000560357118957, 0.000467120320536, 0.00117810675874, 0.000579415354878, 0.000874900550116, 0.000741391559131, 0.000230251083849, 8.50920114317e-05, 5.34210266778e-05, 2.18203567783e-05, 7.37143454899e-06, 3.0244939353e-06, 7.2034168852e-07, 1.12492515303e-09],
        "dvar": [1.25042980414e-08, 2.96346443065e-05, 1.20250547297e-06, 1.35280345148e-07, 2.53165865161e-07, 1.24393511669e-06, 6.23785467724e-07, 6.50952244996e-07, 6.14618329564e-08, 2.00577392206e-06, 4.28992370871e-06, 1.60932074778e-07, 1.20261142911e-06, 3.99289461939e-07, 2.89096277584e-07, 1.38760708523e-06, 3.33564599941e-07, 6.62519596517e-07, 7.65517256696e-07, 5.20191001385e-08, 7.31504412599e-09, 3.04638803073e-09, 5.64771729383e-10, 8.11070655082e-11, 1.7942458283e-11, 6.86633692612e-13, 3.89971983682e-18],
        "dvar2": [3.45199531182e-08, 8.03578441264e-05, 3.19352920997e-06, 3.37556315344e-07, 4.25251187153e-07, 1.91221647583e-06, 1.07486403067e-06, 2.01949524126e-06, 1.25447442656e-07, 3.7832446651e-06, 1.08369249574e-05, 4.31229210562e-07, 2.51600363299e-06, 9.64289142757e-07, 6.21165042958e-07, 3.87163254345e-06, 8.48647061957e-07, 1.56127680384e-06, 1.69464067312e-06, 1.05495544744e-07, 1.4128641368e-08, 6.03158278878e-09, 1.21099907879e-09, 1.4996727471e-10, 2.93556741415e-11, 1.53376942223e-12, 6.05202145681e-18],
        "max": [0.00196109595709, 0.0668004006147, 0.0197649672627, 0.00510443840176, 0.0185122247785, 0.0184853132814, 0.0124029666185, 0.0100999651477, 0.00286098360084, 0.0240586940199, 0.0248491466045, 0.00640924600884, 0.0150674376637, 0.00922302622348, 0.00881548970938, 0.0168355423957, 0.00916618574411, 0.00942659843713, 0.0129115032032, 0.00420247251168, 0.00119861762505, 0.000964866194408, 0.000277961225947, 0.00013664981816, 5.92787582718e-05, 1.17118788694e-05, 4.7069846687e-08],
        "mean": [6.04029592068e-05, 0.00405534217134, 0.000675434246659, 0.000340694590705, 0.000916676130146, 0.000786085613072, 0.000821443914901, 0.000722075637896, 0.000239542860072, 0.000726257567294, 0.00161124195438, 0.000361523911124, 0.000702318968251, 0.000518653076142, 0.000494161620736, 0.00114087644033, 0.000585842644796, 0.000910479342565, 0.000836204679217, 0.000296011858154, 0.000117554191092, 7.87828539615e-05, 2.91551914415e-05, 9.7904339782e-06, 3.86539068131e-06, 7.82038966918e-07, 5.38218247748e-10],
        "median": [3.03858687403e-05, 0.0023668804206, 0.000190908001969, 9.31384129217e-05, 0.000632153183687, 0.000209672667552, 0.000312805350404, 0.00028321010177, 0.000100422861578, 0.000159835224622, 0.000668948923703, 0.000155268775416, 0.000210583239095, 0.000200772672542, 0.000192168110516, 0.000574825389776, 0.000318087695632, 0.000436942180386, 0.000397930678446, 0.000160646188306, 5.7100874983e-05, 4.42649361503e-05, 1.36331054819e-05, 3.79142124984e-06, 1.21080825011e-06, 2.94953395041e-07, 1.67230243542e-10],
        "min": [4.35373621599e-08, 3.65587925444e-06, 7.24834876564e-07, 3.19449497965e-07, 5.98420547249e-06, 7.97593827428e-07, 1.55451303385e-07, 8.90183997626e-08, 1.33042533434e-06, 8.90596311365e-07, 6.15007411398e-06, 1.40631902923e-06, 1.45360706938e-06, 1.67155144482e-06, 6.05447837643e-07, 2.77130698123e-06, 5.64419224247e-06, 4.61877698399e-06, 5.0775370255e-06, 8.12455073174e-06, 1.26579357129e-06, 6.23881987849e-07, 1.23685481412e-07, 8.15972072132e-08, 1.6679597703e-09, 2.95570269648e-11, 1.64797619995e-11],
        "var": [1.12880069736e-08, 3.36029479513e-05, 1.9480901301e-06, 4.54402481864e-07, 1.34225183501e-06, 3.27453517457e-06, 1.66939230439e-06, 1.20511094792e-06, 1.39114490594e-07, 3.812121804e-06, 6.95615790391e-06, 3.06390546712e-07, 1.98774705495e-06, 6.91161744726e-07, 6.71204645641e-07, 2.56092607742e-06, 5.19228137819e-07, 1.44589239426e-06, 1.54095607741e-06, 1.39105495123e-07, 2.27039418377e-08, 9.88437243166e-09, 1.5311018009e-09, 2.23573826119e-10, 4.20121264166e-11, 1.46666402981e-12, 3.67754036506e-18]
    },
    "erbbands": {
        "dmean": [0.0442875549197, 0.577794373035, 0.641481637955, 0.478871405125, 0.857652425766, 1.22289180756, 1.50470769405, 4.76936197281, 7.32810306549, 9.92783069611, 4.97871351242, 4.03892564774, 9.1162109375, 27.4613361359, 43.014289856, 10.7252979279, 23.8292999268, 18.5718688965, 12.5867843628, 25.1940917969, 29.3400497437, 18.4613723755, 27.7195625305, 38.0850105286, 13.9135255814, 6.88478899002, 3.27016305923, 1.84007048607, 1.34174132347, 1.09389877319, 0.42911285162, 0.1567466259, 0.0654421672225, 0.0393815748394, 0.0100574987009, 0.00290184095502, 0.000839408254251, 6.51337759336e-05, 4.10984921473e-06, 6.79783533997e-06],
        "dmean2": [0.0719507783651, 0.993255138397, 1.08954906464, 0.732052624226, 1.30951046944, 1.6193318367, 2.06666445732, 6.18842506409, 9.62250995636, 15.4362382889, 8.10946846008, 5.92524909973, 12.5418767929, 41.724773407, 69.3138656616, 16.5375328064, 35.356426239, 28.7096271515, 18.8247089386, 39.3251876831, 47.3759689331, 27.9863090515, 41.6756973267, 57.3423347473, 20.4769496918, 9.79415607452, 4.58741188049, 2.67576599121, 1.93265044689, 1.59433734417, 0.611739814281, 0.217657700181, 0.0924222171307, 0.0541095584631, 0.0142486495897, 0.00429985998198, 0.00129583908711, 0.000103215563286, 5.18979686603e-06, 8.91166018846e-06],
        "dvar": [0.00970186199993, 1.95711386204, 2.51396656036, 0.803298890591, 2.50943255424, 4.16306114197, 5.99453353882, 126.367393494, 180.838302612, 190.489074707, 60.1128082275, 45.1624641418, 413.841430664, 4493.48974609, 7309.45361328, 271.822509766, 2312.73364258, 989.321960449, 362.864044189, 1522.14355469, 1875.91601562, 1060.14611816, 1901.48156738, 4834.10644531, 405.865570068, 85.138923645, 19.9320888519, 8.25788116455, 4.32618618011, 2.85059046745, 0.504685521126, 0.0670022144914, 0.0120934657753, 0.00577092636377, 0.000304151355522, 2.31939375226e-05, 2.94494839181e-06, 2.09941255491e-08, 2.83886733565e-11, 7.76031322536e-11],
        "dvar2": [0.0242682024837, 5.39839839935, 6.47457313538, 1.88509094715, 7.32460451126, 6.3994307518, 10.0697603226, 205.174957275, 305.636932373, 552.971496582, 174.154937744, 89.6655578613, 741.987792969, 10161.8349609, 19055.6601562, 595.506347656, 4980.72998047, 2340.87597656, 850.185913086, 3883.7800293, 4991.57519531, 2614.35473633, 4318.23486328, 10753.0332031, 870.213134766, 176.14100647, 39.6847419739, 16.5612754822, 9.13095092773, 6.4695353508, 1.11319673061, 0.12481816113, 0.0235730651766, 0.00992907769978, 0.000562775763683, 5.21986694366e-05, 7.06452192389e-06, 5.50470886651e-08, 5.15605787232e-11, 1.49866091759e-10],
        "max": [1.38076210022, 16.5590190887, 24.1245269775, 10.6244258881, 26.1823101044, 81.6762390137, 70.5161590576, 225.550765991, 202.551620483, 161.987518311, 93.828704834, 84.0643997192, 311.909759521, 941.125305176, 1332.50378418, 230.960525513, 614.152160645, 429.035491943, 259.05569458, 571.738525391, 662.140991211, 588.24206543, 672.030761719, 951.29095459, 301.067932129, 102.349250793, 62.0648574829, 43.754573822, 30.3570537567, 28.9027004242, 9.3740606308, 4.60337734222, 1.29070675373, 1.02350533009, 0.220760658383, 0.0547580868006, 0.0289972256869, 0.00181624991819, 7.43867494748e-05, 0.000115818547783],
        "mean": [0.101551197469, 0.958711802959, 0.988868772984, 0.988818407059, 1.95908594131, 3.08748960495, 3.4097442627, 7.98783493042, 12.5583190918, 16.7999725342, 8.34435844421, 6.78479766846, 13.5725374222, 37.7784118652, 63.381778717, 18.5353622437, 33.35962677, 28.8246212006, 21.7712955475, 43.7517242432, 49.8162956238, 31.8156471252, 49.6168212891, 61.7775840759, 26.3683624268, 13.0423240662, 6.63450813293, 3.69581103325, 2.70422172546, 2.05432128906, 0.786241233349, 0.295512974262, 0.121349126101, 0.0641895160079, 0.0178692154586, 0.00497394846752, 0.00127161666751, 8.78104256117e-05, 1.25972537717e-05, 2.14781575778e-05],
        "median": [0.0619794987142, 0.536984741688, 0.404569387436, 0.389036864042, 1.05629992485, 1.72255778313, 1.92993593216, 2.11641383171, 3.81632614136, 9.4032535553, 4.42068481445, 3.00759744644, 4.39545726776, 9.74317169189, 25.199968338, 9.08273792267, 11.751625061, 12.5997285843, 12.6306838989, 25.2116222382, 29.2143096924, 18.3414421082, 23.8714981079, 26.8291511536, 14.092464447, 7.14449644089, 3.70219087601, 1.81488490105, 1.37669587135, 1.07773804665, 0.33637803793, 0.124273762107, 0.0477634519339, 0.0185244753957, 0.00675242207944, 0.00225173053332, 0.0003762577835, 2.44565144385e-05, 8.64133744471e-06, 1.5496449123e-05],
        "min": [0.000167271922692, 0.00129954866134, 0.00835114903748, 0.00327437440865, 0.00949013140053, 0.0171369519085, 0.00490401359275, 0.0207494106144, 0.0479690283537, 0.135539621115, 0.0379295200109, 0.064107902348, 0.135336175561, 0.153726786375, 0.318861246109, 0.227963238955, 0.199150174856, 0.302958786488, 0.293810635805, 0.311755120754, 0.37606343627, 0.608546555042, 0.61135327816, 0.73105275631, 0.414124548435, 0.41445761919, 0.138409987092, 0.0472210496664, 0.0234911926091, 0.0183882098645, 0.00503097288311, 0.00253996881656, 0.00109196896665, 0.000466622295789, 4.10591346736e-05, 1.4709480638e-05, 3.54441090167e-06, 7.53698657263e-07, 8.61486512349e-07, 1.64512255196e-06],
        "var": [0.0166787896305, 2.03815054893, 3.21215844154, 2.1506152153, 6.35422992706, 23.511297226, 24.6948223114, 329.657958984, 463.467041016, 430.194793701, 116.356002808, 105.670898438, 825.023010254, 7448.67138672, 13409.3349609, 644.070678711, 3811.9753418, 1810.94433594, 747.740600586, 3055.07348633, 3827.46289062, 1577.2109375, 4799.79296875, 9604.09082031, 1033.01782227, 231.990615845, 63.7918739319, 24.0618629456, 12.1278343201, 7.46796321869, 1.22069990635, 0.189220055938, 0.0324205644429, 0.012400216423, 0.000736291345675, 5.08254343004e-05, 4.85990858579e-06, 2.80452230328e-08, 1.26014698676e-10, 3.18135129351e-10]
    },
    "gfcc": {
        "mean": [-30.6800193787, 117.910675049, -168.225631714, 52.601436615, -43.5116233826, 8.52640914917, -23.3601360321, 9.64290332794, -13.1565532684, -1.94657170773, -1.13324403763, 3.89139842987, -3.96453475952],
        "cov": [[2936.29199219, -648.57598877, -169.111251831, 97.2888793945, -171.798995972, 247.619842529, -163.428665161, 81.3178100586, 37.1577606201, 177.957168579, 66.7797546387, 40.5915298462, -43.329990387], [-648.57598877, 565.456115723, 161.288162231, 54.5984344482, 88.0476303101, -80.7772445679, 61.379650116, -78.6169662476, 50.7462272644, -83.6416320801, 56.2411460876, -88.2063751221, 42.734577179], [-169.111251831, 161.288162231, 172.526687622, 57.159286499, 63.2898979187, 4.12850904465, 26.933057785, 10.364906311, 7.05777835846, -10.2350511551, -7.18863773346, -11.5012550354, -5.99908685684], [97.2888793945, 54.5984344482, 57.159286499, 151.822921753, 50.9079322815, 32.5480194092, 6.43856859207, -19.3268604279, 31.5856895447, -12.4327316284, 15.0690002441, -38.7891273499, 7.38726997375], [-171.798995972, 88.0476303101, 63.2898979187, 50.9079322815, 159.352935791, 34.702129364, 44.9090766907, 5.69235134125, -9.69860649109, -16.6686592102, -19.9227218628, -9.26847076416, 3.85975289345], [247.619842529, -80.7772445679, 4.12850904465, 32.5480194092, 34.702129364, 113.783042908, 39.5215797424, 29.5506248474, 4.03029298782, 7.56590270996, -10.2546548843, 2.21250700951, -6.79697561264], [-163.428665161, 61.379650116, 26.933057785, 6.43856859207, 44.9090766907, 39.5215797424, 124.136756897, 32.1559867859, 5.09134674072, -20.9537563324, -16.5463008881, -3.12521910667, -7.96872425079], [81.3178100586, -78.6169662476, 10.364906311, -19.3268604279, 5.69235134125, 29.5506248474, 32.1559867859, 83.8578414917, 12.4312601089, 27.1142673492, -19.1944942474, 12.8361692429, -19.8190040588], [37.1577606201, 50.7462272644, 7.05777835846, 31.5856895447, -9.69860649109, 4.03029298782, 5.09134674072, 12.4312601089, 93.5420684814, 24.9890022278, 19.3541812897, -24.8766078949, -10.1099834442], [177.957168579, -83.6416320801, -10.2350511551, -12.4327316284, -16.6686592102, 7.56590270996, -20.9537563324, 27.1142673492, 24.9890022278, 89.4633712769, 19.1118812561, 11.0654020309, -19.4197540283], [66.7797546387, 56.2411460876, -7.18863773346, 15.0690002441, -19.9227218628, -10.2546548843, -16.5463008881, -19.1944942474, 19.3541812897, 19.1118812561, 80.0804977417, -0.776128411293, 15.133234024], [40.5915298462, -88.2063751221, -11.5012550354, -38.7891273499, -9.26847076416, 2.21250700951, -3.12521910667, 12.8361692429, -24.8766078949, 11.0654020309, -0.776128411293, 78.3287811279, 15.7645587921], [-43.329990387, 42.734577179, -5.99908685684, 7.38726997375, 3.85975289345, -6.79697561264, -7.96872425079, -19.8190040588, -10.1099834442, -19.4197540283, 15.133234024, 15.7645587921, 70.6887359619]],
        "icov": [[0.000746079720557, -6.1896371335e-06, 0.00053451716667, -0.000885116693098, 0.000853110395838, -0.00188011571299, 0.00121376360767, -0.000644334882963, 0.000356371630915, -0.000673991104122, -0.000326416862663, -0.000307002250338, 0.000331894349074], [-6.1896371335e-06, 0.0158082172275, -0.0141023546457, 0.00960908271372, -0.00623897090554, 0.00891275983304, -0.00852353870869, 0.011059705168, -0.00975737627596, 0.00895405001938, -0.0118066491559, 0.0144924279302, -0.00806402787566], [0.00053451716667, -0.0141023546457, 0.0207932665944, -0.0122190574184, 0.00385988596827, -0.00722948322073, 0.00768193975091, -0.0120930820704, 0.00914831552655, -0.007997344248, 0.0103172771633, -0.0137670021504, 0.00843713339418], [-0.000885116693098, 0.00960908271372, -0.0122190574184, 0.0185223147273, -0.00699077732861, 0.00353401037864, -0.00507832923904, 0.0103318477049, -0.00967441126704, 0.00746314832941, -0.00850657001138, 0.0129689117894, -0.00668303389102], [0.000853110395838, -0.00623897090554, 0.00385988596827, -0.00699077732861, 0.0126033984125, -0.00697630178183, 0.00229615345597, -0.0044477796182, 0.00599538208917, -0.00501290429384, 0.00621815538034, -0.00566698843613, 0.0024185932707], [-0.00188011571299, 0.00891275983304, -0.00722948322073, 0.00353401037864, -0.00697630178183, 0.0221750549972, -0.0108414618298, 0.00427144905552, -0.00524305412546, 0.00525786168873, -0.00509465811774, 0.00765433860943, -0.00495668081567], [0.00121376360767, -0.00852353870869, 0.00768193975091, -0.00507832923904, 0.00229615345597, -0.0108414618298, 0.0184648223221, -0.0111935613677, 0.00420877616853, -0.00110757921357, 0.00498931901529, -0.00810866709799, 0.00589277315885], [-0.000644334882963, 0.011059705168, -0.0120930820704, 0.0103318477049, -0.0044477796182, 0.00427144905552, -0.0111935613677, 0.0280910860747, -0.00999790616333, 0.000985311693512, -0.00336175737903, 0.00791428703815, -0.00412397226319], [0.000356371630915, -0.00975737627596, 0.00914831552655, -0.00967441126704, 0.00599538208917, -0.00524305412546, 0.00420877616853, -0.00999790616333, 0.021296037361, -0.00977527908981, 0.00465082935989, -0.00480858329684, 0.00518148392439], [-0.000673991104122, 0.00895405001938, -0.007997344248, 0.00746314832941, -0.00501290429384, 0.00525786168873, -0.00110757921357, 0.000985311693512, -0.00977527908981, 0.0236218720675, -0.0116401910782, 0.00544685730711, 1.43853412737e-05], [-0.000326416862663, -0.0118066491559, 0.0103172771633, -0.00850657001138, 0.00621815538034, -0.00509465811774, 0.00498931901529, -0.00336175737903, 0.00465082935989, -0.0116401910782, 0.0258811563253, -0.0112023381516, 0.00191757024731], [-0.000307002250338, 0.0144924279302, -0.0137670021504, 0.0129689117894, -0.00566698843613, 0.00765433860943, -0.00810866709799, 0.00791428703815, -0.00480858329684, 0.00544685730711, -0.0112023381516, 0.0313285849988, -0.012902751565], [0.000331894349074, -0.00806402787566, 0.00843713339418, -0.00668303389102, 0.0024185932707, -0.00495668081567, 0.00589277315885, -0.00412397226319, 0.00518148392439, 1.43853412737e-05, 0.00191757024731, -0.012902751565, 0.0227508489043]]
    },
    "melbands": {
        "dmean": [0.00054374395404, 0.000502829730976, 9.41887265071e-05, 6.48668137728e-05, 5.94172197452e-05, 0.00010563529213, 0.000112001289381, 0.000116177099699, 3.45707776432e-05, 2.47360858339e-05, 4.74570661027e-05, 0.000107319901872, 0.000135650727316, 5.36938314326e-05, 3.5531771573e-05, 5.15956562595e-05, 3.83148544643e-05, 1.94442000065e-05, 2.64272675849e-05, 6.06238863838e-05, 2.93694647553e-05, 1.93381110876e-05, 2.72164470516e-05, 2.34218005062e-05, 3.50832597178e-05, 9.95634763967e-06, 8.50182732393e-06, 4.72228066428e-06, 2.18206605496e-06, 1.77136575985e-06, 1.08096480744e-06, 8.69455107022e-07, 7.38774701858e-07, 5.11762493716e-07, 2.85478364503e-07, 1.66206120866e-07, 7.99624402248e-08, 5.15061202577e-08, 4.27121058522e-08, 3.40019674638e-08],
        "dmean2": [0.000912265735678, 0.000862526125275, 0.000145525540574, 9.23199913814e-05, 7.91129859863e-05, 0.000135049107485, 0.000145929559949, 0.000184365562745, 5.58186584385e-05, 3.65137675544e-05, 6.52898233966e-05, 0.000161144402227, 0.000218455199501, 8.82807507878e-05, 5.09283017891e-05, 7.81797643867e-05, 5.9836103901e-05, 2.98763425235e-05, 4.03962694691e-05, 0.000101233781606, 4.72254505439e-05, 3.0277418773e-05, 4.18037889176e-05, 3.58374200005e-05, 5.3124884289e-05, 1.48189319589e-05, 1.27005014292e-05, 6.99091924616e-06, 3.17408762385e-06, 2.63199717665e-06, 1.67847542798e-06, 1.27597184019e-06, 1.11076792564e-06, 7.49939317757e-07, 4.30685787478e-07, 2.46282326088e-07, 1.14589468581e-07, 7.60113465503e-08, 6.13363084767e-08, 4.81721542656e-08],
        "dvar": [1.60295235219e-06, 1.43909630879e-06, 2.91491382143e-08, 7.51485362827e-09, 1.03591020206e-08, 6.280705378e-08, 3.94512440494e-08, 3.03735880891e-08, 2.82834733412e-09, 1.76580239319e-09, 1.31119008984e-08, 7.42613792681e-08, 5.93306701546e-08, 1.19732712633e-08, 9.30661681053e-09, 1.11555209514e-08, 4.97955454648e-09, 1.09114228763e-09, 2.67780753127e-09, 1.12934026575e-08, 1.62075752819e-09, 1.71861136433e-09, 1.44876632913e-09, 1.12766984639e-09, 4.47517534141e-09, 2.3859308973e-10, 1.92541330102e-10, 4.62970876913e-11, 9.58273738139e-12, 6.58722902613e-12, 3.79785265736e-12, 2.10859888577e-12, 1.17781175438e-12, 6.48063634007e-13, 2.46633713886e-13, 7.67263585565e-14, 1.69157832815e-14, 7.81410086105e-15, 5.41375390765e-15, 5.31532994973e-15],
        "dvar2": [4.24935024057e-06, 3.81078689315e-06, 7.55779865358e-08, 1.69675526962e-08, 1.54098973582e-08, 9.98662343932e-08, 6.57078942368e-08, 9.28159380464e-08, 7.88311549371e-09, 3.42377592943e-09, 2.36506121354e-08, 1.63241779205e-07, 1.52726229885e-07, 3.17556789753e-08, 1.6703218364e-08, 2.7568319183e-08, 1.19919194574e-08, 2.60601318303e-09, 5.81457193505e-09, 3.20107673701e-08, 4.20987067429e-09, 4.43019398944e-09, 3.4620553091e-09, 2.45187914416e-09, 1.00323394037e-08, 5.32983435164e-10, 4.11141398704e-10, 1.07286325657e-10, 2.10560215097e-11, 1.34997768172e-11, 8.38357074734e-12, 4.96869602754e-12, 2.59039035881e-12, 1.48535079635e-12, 5.75730056077e-13, 1.71707713694e-13, 3.25397159575e-14, 1.66646312364e-14, 1.12884783918e-14, 9.55955116227e-15],
        "max": [0.0167266372591, 0.012237389572, 0.00204078038223, 0.00236690090969, 0.00360362278298, 0.0043936483562, 0.00294900708832, 0.00215376913548, 0.000628744077403, 0.000564976769965, 0.0017894707853, 0.00406960165128, 0.00343992980197, 0.00193044415209, 0.00167602172587, 0.00153679936193, 0.000987673178315, 0.00053872866556, 0.000850442505907, 0.00151393027045, 0.000539845845196, 0.000818895699922, 0.000425115227699, 0.000415194488596, 0.000934794545174, 0.000279968458926, 0.000257499050349, 8.73805474839e-05, 4.59712355223e-05, 3.53377581632e-05, 2.95247664326e-05, 2.36244177358e-05, 1.4725787878e-05, 1.33808043756e-05, 6.57492228129e-06, 2.93460993817e-06, 2.22153175855e-06, 1.05055551103e-06, 8.80257516656e-07, 1.14802003282e-06],
        "mean": [0.00108401104808, 0.000809541961644, 0.000207344273804, 0.000173185297172, 0.000140440184623, 0.000177440248081, 0.000191054306924, 0.000191920931684, 5.6814889831e-05, 4.04201855417e-05, 6.75730188959e-05, 0.000143639161251, 0.000197417291929, 8.37029147078e-05, 5.21657384525e-05, 6.92134417477e-05, 5.47515155631e-05, 3.13541277137e-05, 4.22115626861e-05, 9.40850877669e-05, 4.69552287541e-05, 2.98837949231e-05, 4.48294158559e-05, 3.99372147513e-05, 5.42890447832e-05, 1.7524109353e-05, 1.49625693666e-05, 7.85003157944e-06, 4.23884421252e-06, 3.1935098832e-06, 1.94105837181e-06, 1.6363087525e-06, 1.312975769e-06, 9.47246519445e-07, 4.74811940876e-07, 2.80238936057e-07, 1.41391737429e-07, 8.74929000361e-08, 7.0050170109e-08, 4.9264151869e-08],
        "median": [0.000652100192383, 0.000421077565989, 9.67400119407e-05, 0.000131257722387, 7.3657494795e-05, 4.56814159406e-05, 6.09889029874e-05, 9.74239228526e-05, 2.96742946375e-05, 1.65819164977e-05, 1.81047544174e-05, 2.28681365115e-05, 8.35124519654e-05, 3.67012471543e-05, 1.61569096235e-05, 1.88688609342e-05, 1.91026047105e-05, 1.57431804837e-05, 1.55794587045e-05, 4.40367402916e-05, 2.69557785941e-05, 1.43718025356e-05, 2.34959534282e-05, 1.95954162336e-05, 2.14584633795e-05, 7.88841498434e-06, 7.23615994502e-06, 4.17891715188e-06, 2.25232247431e-06, 1.50241021402e-06, 8.48181286983e-07, 7.79165873155e-07, 6.72543194469e-07, 4.88989314817e-07, 1.66096370435e-07, 1.20083910815e-07, 5.84925352598e-08, 3.22334798852e-08, 2.28718590733e-08, 1.20081020683e-08],
        "min": [2.10862890526e-06, 3.77241076421e-06, 1.19190667647e-06, 1.32816137466e-06, 2.03092326956e-07, 1.56896447834e-07, 5.41019517186e-07, 1.05824847196e-06, 1.12675877517e-07, 2.08274826718e-07, 1.02440921523e-07, 1.07748945766e-07, 9.48246224652e-07, 1.32720174406e-07, 1.84056773378e-07, 8.73140422186e-08, 2.76388192333e-07, 2.93559395459e-07, 7.45610577724e-08, 1.30930331466e-07, 3.81554315254e-07, 3.57839212484e-07, 4.24887076633e-07, 2.58873683379e-07, 1.99153475933e-07, 1.35807979973e-07, 1.23929055462e-07, 1.29333244558e-07, 4.85881628265e-08, 2.0244513621e-08, 1.27898971414e-08, 1.29111024094e-08, 9.16272746565e-09, 1.97919902689e-09, 1.85915005613e-09, 2.09295358822e-09, 9.60710178077e-10, 7.07330791161e-11, 1.67770047854e-10, 1.39150071674e-11],
