{
"highlevel": {
    "danceability": {
        "all": {
            "danceable": 0.941342353821,
            "not_danceable": 0.0586576461792
        },
        "probability": 0.941342353821,
        "value": "danceable"
    },
    "gender": {
        "all": {
            "female": 0.28749114275,
            "male": 0.71250885725
        },
        "probability": 0.71250885725,
        "value": "male"
    },
    "genre_dortmund": {
        "all": {
            "alternative": 0.0625899210572,
            "blues": 0.173547655344,
            "electronic": 0.162571310997,
            "folkcountry": 0.0410649850965,
            "funksoulrnb": 0.101206324995,
            "jazz": 0.0658602416515,
            "pop": 0.0148745570332,
            "raphiphop": 0.142356365919,
            "rock": 0.23592863977
        },
        "probability": 0.23592863977,
        "value": "rock"
    },
    "genre_electronic": {
        "all": {
            "ambient": 0.804522931576,
            "dnb": 0.0951213240623,
            "house": 0.0397656783462,
            "techno": 0.00391593575478,
            "trance": 0.0566741414368
        },
        "probability": 0.804522931576,
        "value": "ambient"
    },
    "genre_rosamerica": {
        "all": {
            "cla": 0.0886491090059,
            "dan": 0.0538167543709,
            "hip": 0.348672896624,
            "jaz": 0.0471320673823,
            "pop": 0.136455819011,
            "rhy": 0.13113553822,
            "roc": 0.182054400444,
            "spe": 0.0120834046975
        },
        "probability": 0.348672896624,
        "value": "hip"
    },
    "genre_tzanetakis": {
        "all": {
            "blu": 0.0626613423228,
            "cla": 0.0348169617355,
            "cou": 0.104475811124,
            "dis": 0.0784321576357,
            "hip": 0.15692435205,
            "jaz": 0.313974827528,
            "met": 0.0448166541755,
            "pop": 0.0627359300852,
            "reg": 0.0627360641956,
            "roc": 0.0784258767962
        },
        "probability": 0.313974827528,
        "value": "jaz"
    },
    "ismir04_rhythm": {
        "all": {
            "ChaChaCha": 0.10802603513,
            "Jive": 0.0786320343614,
            "Quickstep": 0.0846209228039,
            "Rumba-American": 0.0276963543147,
            "Rumba-International": 0.00898480322212,
            "Rumba-Misc": 0.00263269944116,
            "Samba": 0.0974403694272,
            "Tango": 0.511169075966,
            "VienneseWaltz": 0.0687583982944,
            "Waltz": 0.0120392795652
        },
        "probability": 0.511169075966,
        "value": "Tango"
    },
    "mood_acoustic": {
        "all": {
            "acoustic": 0.0257005132735,
            "not_acoustic": 0.974299490452
        },
        "probability": 0.974299490452,
        "value": "not_acoustic"
    },
    "mood_aggressive": {
        "all": {
            "aggressive": 0.880805313587,
            "not_aggressive": 0.119194701314
        },
        "probability": 0.880805313587,
        "value": "aggressive"
    },
    "mood_electronic": {
        "all": {
            "electronic": 0.347859025002,
            "not_electronic": 0.652140974998
        },
        "probability": 0.652140974998,
        "value": "not_electronic"
    },
    "mood_happy": {
        "all": {
            "happy": 0.710286438465,
            "not_happy": 0.289713531733
        },
        "probability": 0.710286438465,
        "value": "happy"
    },
    "mood_party": {
        "all": {
            "not_party": 0.278168052435,
            "party": 0.721831977367
        },
        "probability": 0.721831977367,
        "value": "party"
    },
    "mood_relaxed": {
        "all": {
            "not_relaxed": 0.974915206432,
            "relaxed": 0.0250848084688
        },
        "probability": 0.974915206432,
        "value": "not_relaxed"
    },
    "mood_sad": {
        "all": {
            "not_sad": 0.680086493492,
            "sad": 0.319913506508
        },
        "probability": 0.680086493492,
        "value": "not_sad"
    },
    "moods_mirex": {
        "all": {
            "Cluster1": 0.243400454521,
            "Cluster2": 0.234659567475,
            "Cluster3": 0.0994688645005,
            "Cluster4": 0.314687937498,
            "Cluster5": 0.107783161104
        },
        "probability": 0.314687937498,
        "value": "Cluster4"
    },
    "timbre": {
        "all": {
            "bright": 0.863898873329,
            "dark": 0.13610111177
        },
        "probability": 0.863898873329,
        "value": "bright"
    },
    "tonal_atonal": {
        "all": {
            "atonal": 0.0137827116996,
            "tonal": 0.986217260361
        },
        "probability": 0.986217260361,
        "value": "tonal"
    },
    "voice_instrumental": {
        "all": {
            "instrumental": 0.567394435406,
            "voice": 0.432605534792
        },
        "probability": 0.567394435406,
        "value": "instrumental"
    }
},
"lowlevel": {
    "average_loudness": 0.960839688778,
    "barkbands_crest": {
        "dmean": 2.79705071449,
        "dmean2": 4.53816366196,
        "dvar": 6.8146739006,
        "dvar2": 16.1574821472,
        "max": 25.9166851044,
        "mean": 10.1028442383,
        "median": 9.04838085175,
        "min": 2.70609974861,
        "var": 20.9006137848
    },
    "barkbands_flatness_db": {
        "dmean": 0.0261178947985,
        "dmean2": 0.0393935479224,
        "dvar": 0.000708827690687,
        "dvar2": 0.00163100706413,
        "max": 0.384266912937,
        "mean": 0.166384905577,
        "median": 0.164035275578,
        "min": 0.0584984831512,
        "var": 0.00270716659725
    },
    "barkbands_kurtosis": {
        "dmean": 3.30383825302,
        "dmean2": 5.32057332993,
        "dvar": 52.8842506409,
        "dvar2": 135.397827148,
        "max": 94.4689712524,
        "mean": 3.08489727974,
        "median": 0.373378515244,
        "min": -1.82650065422,
        "var": 78.8648529053
    },
    "barkbands_skewness": {
        "dmean": 0.738627016544,
        "dmean2": 1.11699652672,
        "dvar": 0.786614179611,
        "dvar2": 1.85144484043,
        "max": 8.04736232758,
        "mean": 0.416041821241,
        "median": 0.257684469223,
        "min": -5.51923894882,
        "var": 2.00647044182
    },
    "barkbands_spread": {
        "dmean": 5.85086011887,
        "dmean2": 8.77749156952,
        "dvar": 40.5134506226,
        "dvar2": 79.6478271484,
        "max": 112.204071045,
        "mean": 19.9057102203,
        "median": 18.9300384521,
        "min": 0.696951270103,
        "var": 141.841064453
    },
    "dissonance": {
        "dmean": 0.0209238249809,
        "dmean2": 0.0361175201833,
        "dvar": 0.000503363611642,
        "dvar2": 0.00137138122227,
        "max": 0.500000059605,
        "mean": 0.469318389893,
        "median": 0.477290719748,
        "min": 0.281586021185,
        "var": 0.000729613471776
    },
    "dynamic_complexity": 2.75154185295,
    "erbbands_crest": {
        "dmean": 3.45553469658,
        "dmean2": 5.50620698929,
        "dvar": 9.90970802307,
        "dvar2": 23.6438674927,
        "max": 33.9820594788,
        "mean": 12.4521789551,
        "median": 11.4307069778,
        "min": 3.04251599312,
        "var": 34.8606376648
    },
    "erbbands_flatness_db": {
        "dmean": 0.0280423350632,
        "dmean2": 0.0357568226755,
        "dvar": 0.000744129123632,
        "dvar2": 0.00115232600365,
        "max": 0.45846927166,
        "mean": 0.215970635414,
        "median": 0.214135855436,
        "min": 0.053165089339,
        "var": 0.00450310576707
    },
    "erbbands_kurtosis": {
        "dmean": 2.16919493675,
        "dmean2": 3.27478218079,
        "dvar": 11.8677282333,
        "dvar2": 24.5083045959,
        "max": 60.7001724243,
        "mean": 4.01495075226,
        "median": 1.75841426849,
        "min": -1.67284476757,
        "var": 51.3309364319
    },
    "erbbands_skewness": {
        "dmean": 0.464549481869,
        "dmean2": 0.695208311081,
        "dvar": 0.224723726511,
        "dvar2": 0.489195913076,
        "max": 5.17371320724,
        "mean": -0.0592907816172,
        "median": -0.107235491276,
        "min": -4.50315523148,
        "var": 1.23271524906
    },
    "erbbands_spread": {
        "dmean": 5.98575639725,
        "dmean2": 8.93974781036,
        "dvar": 59.258731842,
        "dvar2": 125.859580994,
        "max": 91.6424102783,
        "mean": 18.6179466248,
        "median": 15.0570878983,
        "min": 0.780217349529,
        "var": 181.380462646
    },
    "hfc": {
        "dmean": 8.15414619446,
        "dmean2": 11.701335907,
        "dvar": 93.9934082031,
        "dvar2": 199.042694092,
        "max": 98.7193527222,
        "mean": 24.6098194122,
        "median": 21.0878658295,
        "min": 0.00188058707863,
        "var": 335.798339844
    },
    "melbands_crest": {
        "dmean": 3.65524840355,
        "dmean2": 5.88863563538,
        "dvar": 12.3484163284,
        "dvar2": 29.964761734,
        "max": 35.2437171936,
        "mean": 13.5884838104,
        "median": 12.7312049866,
        "min": 3.39019370079,
        "var": 30.5540313721
    },
    "melbands_flatness_db": {
        "dmean": 0.0316637791693,
        "dmean2": 0.0467047914863,
        "dvar": 0.00120410369709,
        "dvar2": 0.00271799787879,
        "max": 0.448895066977,
        "mean": 0.203085139394,
        "median": 0.199111655354,
        "min": 0.0535454563797,
        "var": 0.00407706946135
    },
    "melbands_kurtosis": {
        "dmean": 6.09278202057,
        "dmean2": 10.0311231613,
        "dvar": 183.62411499,
        "dvar2": 477.429840088,
        "max": 133.127243042,
        "mean": 6.04276990891,
        "median": 1.11862516403,
        "min": -1.82878816128,
        "var": 223.664077759
    },
    "melbands_skewness": {
        "dmean": 0.911915004253,
        "dmean2": 1.35770881176,
        "dvar": 1.36214804649,
        "dvar2": 3.11036467552,
        "max": 9.51117897034,
        "mean": 1.1108123064,
        "median": 0.730460524559,
        "min": -4.77095174789,
        "var": 3.35487747192
    },
    "melbands_spread": {
        "dmean": 9.28358459473,
        "dmean2": 14.4991674423,
        "dvar": 96.2545852661,
        "dvar2": 226.438659668,
        "max": 91.3481140137,
        "mean": 30.3124752045,
        "median": 30.4460697174,
        "min": 1.15350830555,
        "var": 328.211791992
    },
    "pitch_salience": {
        "dmean": 0.0770294293761,
        "dmean2": 0.124553322792,
        "dvar": 0.00544737093151,
        "dvar2": 0.0131001258269,
        "max": 0.858700811863,
        "mean": 0.523631095886,
        "median": 0.521737456322,
        "min": 0.178359106183,
        "var": 0.0130330398679
    },
    "silence_rate_20dB": {
        "dmean": 0,
        "dmean2": 0,
        "dvar": 0,
        "dvar2": 0,
        "max": 1,
        "mean": 1,
        "median": 1,
        "min": 1,
        "var": 0
    },
    "silence_rate_30dB": {
        "dmean": 0.0371517017484,
        "dmean2": 0.0743609592319,
        "dvar": 0.0357718393207,
        "dvar2": 0.0998160988092,
        "max": 1,
        "mean": 0.978344917297,
        "median": 1,
        "min": 0,
        "var": 0.021186279133
    },
    "silence_rate_60dB": {
        "dmean": 0.0371517017484,
        "dmean2": 0.0743609592319,
        "dvar": 0.0357719175518,
        "dvar2": 0.0812258794904,
        "max": 1,
        "mean": 0.0696055665612,
        "median": 0,
        "min": 0,
        "var": 0.0647604390979
    },
    "spectral_centroid": {
        "dmean": 224.940231323,
        "dmean2": 341.984375,
        "dvar": 62471.8085938,
        "dvar2": 141196.453125,
        "max": 2822.64404297,
        "mean": 1566.88452148,
        "median": 1522.97924805,
        "min": 253.271408081,
        "var": 236989.890625
    },
    "spectral_complexity": {
        "dmean": 4.04798746109,
        "dmean2": 5.57552289963,
        "dvar": 19.671037674,
        "dvar2": 31.6199474335,
        "max": 53,
        "mean": 19.4145393372,
        "median": 19,
        "min": 0,
        "var": 92.6727752686
    },
    "spectral_decrease": {
        "dmean": 4.30565716414e-09,
        "dmean2": 7.04295244347e-09,
        "dvar": 7.05832951994e-17,
        "dvar2": 1.87565175895e-16,
        "max": -1.36185398895e-12,
        "mean": -6.8150738386e-09,
        "median": -4.77440975644e-09,
        "min": -5.95858473673e-08,
        "var": 6.10000107562e-17
    },
    "spectral_energy": {
        "dmean": 0.0169024579227,
        "dmean2": 0.0274965297431,
        "dvar": 0.00103059911635,
        "dvar2": 0.00273198471405,
        "max": 0.227465227246,
        "mean": 0.0279538538307,
        "median": 0.02012190409,
        "min": 5.3105150073e-06,
        "var": 0.000921263941564
    },
    "spectral_energyband_high": {
        "dmean": 0.000188600228284,
        "dmean2": 0.000237731306697,
        "dvar": 1.49454621123e-07,
        "dvar2": 2.47969154543e-07,
        "max": 0.00389377609827,
        "mean": 0.000310955481837,
        "median": 0.000139794370625,
        "min": 8.79988633073e-08,
        "var": 3.01627636645e-07
    },
    "spectral_energyband_low": {
        "dmean": 0.0122020756826,
        "dmean2": 0.0208265017718,
        "dvar": 0.000929915055167,
        "dvar2": 0.00251742033288,
        "max": 0.212282583117,
        "mean": 0.0112117333338,
        "median": 0.00443381629884,
        "min": 1.77750530383e-06,
        "var": 0.000675068702549
    },
    "spectral_energyband_middle_high": {
        "dmean": 0.00388503819704,
        "dmean2": 0.00582360150293,
        "dvar": 2.15520722122e-05,
        "dvar2": 4.78741130792e-05,
        "max": 0.0668891221285,
        "mean": 0.0125407865271,
        "median": 0.0104032624513,
        "min": 3.47127922851e-07,
        "var": 0.000101557103335
    },
    "spectral_energyband_middle_low": {
        "dmean": 0.00351758114994,
        "dmean2": 0.00577436480671,
        "dvar": 5.79314364586e-05,
        "dvar2": 0.000150350024342,
        "max": 0.0573175102472,
        "mean": 0.0049337814562,
        "median": 0.00278050266206,
        "min": 8.05506829238e-07,
        "var": 5.2512059483e-05
    },
    "spectral_entropy": {
        "dmean": 0.172597110271,
        "dmean2": 0.243869915605,
        "dvar": 0.0322955884039,
        "dvar2": 0.0603887140751,
        "max": 8.58279514313,
        "mean": 7.35103368759,
        "median": 7.34630537033,
        "min": 5.77514648438,
        "var": 0.152298390865
    },
    "spectral_flux": {
        "dmean": 0.0402756109834,
        "dmean2": 0.0620757043362,
        "dvar": 0.00302222417668,
        "dvar2": 0.00610026810318,
        "max": 0.409169137478,
        "mean": 0.106353454292,
        "median": 0.0885772258043,
        "min": 0.00142998760566,
        "var": 0.00520500168204
    },
    "spectral_kurtosis": {
        "dmean": 2.78962731361,
        "dmean2": 4.62492418289,
        "dvar": 8.33245944977,
        "dvar2": 22.601732254,
        "max": 28.2675743103,
        "mean": 8.76009750366,
        "median": 8.1376914978,
        "min": 0.259346008301,
        "var": 17.8985023499
    },
    "spectral_rms": {
        "dmean": 0.00127740204334,
        "dmean2": 0.00192322628573,
        "dvar": 3.57979956789e-06,
        "dvar2": 8.71617976372e-06,
        "max": 0.0148968882859,
        "mean": 0.00469066249207,
        "median": 0.00443070288748,
        "min": 7.19790987205e-05,
        "var": 5.26969915882e-06
    },
    "spectral_rolloff": {
        "dmean": 331.814025879,
        "dmean2": 546.970092773,
        "dvar": 370819.8125,
        "dvar2": 744596.6875,
        "max": 12855.3222656,
        "mean": 1663.93640137,
        "median": 1614.99023438,
        "min": 86.1328125,
        "var": 688857.125
    },
    "spectral_skewness": {
        "dmean": 0.290419816971,
        "dmean2": 0.474452316761,
        "dvar": 0.072230540216,
        "dvar2": 0.194731101394,
        "max": 3.93026447296,
        "mean": 2.01010513306,
        "median": 1.97623312473,
        "min": 0.694723069668,
        "var": 0.201222494245
    },
    "spectral_spread": {
        "dmean": 531973.1875,
        "dmean2": 710004.5625,
        "dvar": 441561579520,
        "dvar2": 801476902912,
        "max": 11782369,
        "mean": 3197448.5,
        "median": 2883217,
        "min": 1273841,
        "var": 1.40779415142e+12
    },
    "spectral_strongpeak": {
        "dmean": 1.14746248722,
        "dmean2": 1.96093142033,
        "dvar": 2.43089318275,
        "dvar2": 5.93698501587,
        "max": 15.0602550507,
        "mean": 1.79666936398,
        "median": 0.827425837517,
        "min": 0.00150891987141,
        "var": 4.43949747086
    },
    "zerocrossingrate": {
        "dmean": 0.00883252453059,
        "dmean2": 0.0102319698781,
        "dvar": 0.00010115353507,
        "dvar2": 0.000123519566841,
        "max": 0.2548828125,
        "mean": 0.0640415027738,
        "median": 0.0615234375,
        "min": 0.00732421875,
        "var": 0.000524365867022
    },
    "barkbands": {
        "dmean": [7.88714678492e-05, 0.00663666846231, 0.00516723794863, 0.00145540840458, 0.00054713874124, 0.000523293623701, 0.000583146815188, 0.000397317693569, 0.000531472906005, 0.000483907031594, 0.0016297356924, 0.00124406558461, 0.00107388978358, 0.00103276176378, 0.000775484775659, 0.000577636936214, 0.000520798377693, 0.000234749983065, 0.000149252111441, 7.80998670962e-05, 4.29789579357e-05, 2.66702754743e-05, 2.862965448e-05, 2.37779313466e-05, 3.05480280076e-05, 2.4072767701e-05, 1.845420039e-09],
        "dmean2": [0.000125820501125, 0.0116361053661, 0.0090744830668, 0.0024696518667, 0.000898303522263, 0.000880587846041, 0.00100720464252, 0.000656782882288, 0.000791933736764, 0.000750513572711, 0.00261944322847, 0.00190149236005, 0.00167740264442, 0.00159902230371, 0.00117688765749, 0.000852896948345, 0.000803652219474, 0.000353539100615, 0.000237490370637, 0.000118070260214, 5.87553658988e-05, 3.55049451173e-05, 3.76178504666e-05, 3.06972506223e-05, 4.20608848799e-05, 3.39885191352e-05, 2.89058776914e-09],
        "dvar": [3.49020190527e-08, 0.000326507084537, 0.000199618472834, 1.18389943964e-05, 1.22321898743e-06, 2.28046405937e-06, 3.05267462863e-06, 7.7234329865e-07, 1.86760723864e-06, 8.12928760752e-07, 1.01929417724e-05, 7.47501053411e-06, 5.36843072041e-06, 5.54488860871e-06, 2.83912686427e-06, 2.0076167857e-06, 1.50484959249e-06, 2.10219127439e-07, 7.18801587141e-08, 1.55579407135e-08, 8.58902637901e-09, 3.50994411313e-09, 4.78312678354e-09, 3.34120087153e-09, 4.87120344062e-09, 2.07096073623e-09, 5.39244414689e-16],
        "dvar2": [8.26082668937e-08, 0.000903101812582, 0.000551226956304, 3.09033821395e-05, 3.10597511088e-06, 6.14408236288e-06, 8.35700666357e-06, 2.24215409617e-06, 4.40588974016e-06, 1.89532886452e-06, 2.44094062509e-05, 1.5960960809e-05, 1.25786318677e-05, 1.05942881419e-05, 5.89181399846e-06, 4.01126817451e-06, 3.78390654987e-06, 4.59970834754e-07, 1.63731243674e-07, 3.36158478831e-08, 1.64857887341e-08, 6.35903418811e-09, 9.20715503838e-09, 6.36677288668e-09, 9.38024413699e-09, 4.38971126115e-09, 5.48732454247e-16],
        "max": [0.00190067919903, 0.146590769291, 0.0912551879883, 0.0265623405576, 0.0117472540587, 0.0123801827431, 0.0184858702123, 0.0125282043591, 0.0225147064775, 0.0131072662771, 0.0529056563973, 0.0423017367721, 0.0393197312951, 0.0328377820551, 0.0347087047994, 0.0340560488403, 0.0212753582746, 0.00678179832175, 0.0044045234099, 0.00204969826154, 0.000957279116847, 0.000606162066106, 0.000739475071896, 0.000622394727543, 0.000701764947735, 0.000405717612011, 8.32545765661e-07],
        "mean": [8.86093839654e-05, 0.00615797005594, 0.00405691377819, 0.00151259545237, 0.000651711539831, 0.000527128577232, 0.000530471676029, 0.000552902172785, 0.000905014050659, 0.000706782273483, 0.00259912526235, 0.00202171807177, 0.00162253307644, 0.00167023553513, 0.00129875575658, 0.000960384320933, 0.000974420690909, 0.00043421954615, 0.000295138714137, 0.000142493852763, 6.61439480609e-05, 4.27048507845e-05, 4.00860772061e-05, 3.20163744618e-05, 3.87269647035e-05, 2.50555422099e-05, 1.52760182281e-09],
        "median": [9.67304276855e-06, 0.00202851905487, 0.000819708511699, 0.000443409080617, 0.000268465897534, 0.000166797835846, 0.000123596400954, 0.000236571606365, 0.000373441900592, 0.00030631836853, 0.000718987837899, 0.000560223939829, 0.000596256752033, 0.000527406635229, 0.000344544852851, 0.000270081567578, 0.000225381387281, 0.000150188279804, 0.000146062826389, 8.26426039566e-05, 2.60954802798e-05, 1.52278298629e-05, 9.89841373666e-06, 5.60995567866e-06, 8.09343600849e-06, 3.23275480696e-06, 2.69468641845e-10],
        "min": [1.55156030246e-08, 1.25089377434e-06, 3.84592411251e-08, 5.8229566946e-08, 1.20255037928e-07, 5.5353769568e-08, 5.23325915935e-08, 8.89910989343e-09, 6.89987587066e-08, 2.599154314e-08, 2.74732343541e-08, 5.62246391667e-08, 5.56241914751e-08, 1.2002943528e-08, 1.22782104484e-08, 2.13896509393e-08, 2.35566588458e-08, 1.34491440207e-08, 9.70919078469e-09, 1.20301626438e-08, 1.20966738848e-08, 8.50396553176e-09, 1.25929142669e-08, 8.94161189535e-09, 1.15154934477e-08, 1.58054611066e-10, 1.71461247978e-11],
        "var": [3.54053497631e-08, 0.000227943033678, 0.000130487489514, 9.26282609726e-06, 1.12230009108e-06, 1.76601542989e-06, 2.22157677854e-06, 9.52343896188e-07, 2.9681673368e-06, 1.40453732911e-06, 2.2305182938e-05, 1.77361180249e-05, 8.7033258751e-06, 1.25500291688e-05, 8.63129662321e-06, 3.82651478503e-06, 4.71713747174e-06, 5.93497532009e-07, 1.98163519372e-07, 3.36179013516e-08, 1.49439056685e-08, 6.72705624538e-09, 8.33299740322e-09, 5.8574509687e-09, 7.78293784975e-09, 2.64699773211e-09, 5.38349947896e-16]
    },
    "erbbands": {
        "dmean": [0.103919029236, 1.82840895653, 6.11688566208, 5.32171630859, 2.71668505669, 1.94693779945, 1.8488368988, 4.89762926102, 9.4234457016, 9.52513504028, 6.48169088364, 12.7076120377, 13.648150444, 22.083902359, 68.4382705688, 43.943321228, 43.1703605652, 46.2418746948, 44.79737854, 36.1662559509, 22.416387558, 26.6517086029, 13.2034368515, 10.0509357452, 5.88322687149, 3.51908302307, 2.18362808228, 1.42188191414, 0.951316595078, 0.951034605503, 0.788323819637, 0.513807475567, 0.404633551836, 0.266453027725, 0.286278128624, 0.113993428648, 0.0463570207357, 0.00370184145868, 7.31932595954e-05, 2.16459811782e-05],
        "dmean2": [0.178463220596, 3.22620081902, 10.8330230713, 9.1696767807, 4.50272512436, 3.25398540497, 2.98914361, 8.29948139191, 16.6390419006, 15.8129005432, 10.3723869324, 18.2781639099, 21.530298233, 34.6055335999, 109.859596252, 66.0735855103, 66.2300033569, 71.0994873047, 66.5473556519, 54.7672271729, 32.1632575989, 40.2539825439, 19.1906909943, 15.7362508774, 9.30055904388, 5.23141336441, 3.08142447472, 1.92748475075, 1.26332187653, 1.25694298744, 1.03063869476, 0.673671841621, 0.532535195351, 0.359961986542, 0.415978074074, 0.162757188082, 0.0668267756701, 0.00546268094331, 0.000105460654595, 3.36075681844e-05],
        "dvar": [0.0762560069561, 25.1057987213, 292.825012207, 147.348205566, 32.8681411743, 18.6108379364, 16.1053848267, 218.715682983, 1176.90405273, 482.27645874, 159.871444702, 939.494750977, 832.014404297, 1557.87561035, 17112.234375, 8025.70898438, 7422.90234375, 8695.84082031, 11974.8261719, 6373.71582031, 2467.55102539, 4038.37646484, 660.581115723, 381.917999268, 139.975204468, 28.7940139771, 18.6539802551, 10.9619884491, 4.55120563507, 4.69522714615, 3.79165172577, 1.56984555721, 1.03087306023, 0.353086620569, 0.510495424271, 0.0559022463858, 0.00734204100445, 4.7461464419e-05, 1.66313895988e-08, 1.37855238336e-09],
        "dvar2": [0.203867420554, 70.1065063477, 808.210144043, 385.476074219, 84.9789047241, 49.0571708679, 42.3512687683, 589.99230957, 3257.52978516, 1413.93359375, 416.275909424, 2047.74511719, 2026.12646484, 3608.11108398, 40243.0195312, 18109.5917969, 16448.0273438, 18461.9316406, 23691.6816406, 13485.0039062, 4859.55419922, 10062.4072266, 1306.11230469, 885.235107422, 365.778900146, 59.5509719849, 36.9786720276, 21.0536346436, 8.17364788055, 8.62116909027, 7.4831738472, 2.96538043022, 2.00324416161, 0.669983327389, 1.05802226067, 0.122521162033, 0.01526010409, 0.000101553239801, 3.43618715704e-08, 3.52691942318e-09],
        "max": [2.13687300682, 39.4051094055, 112.252311707, 85.6015625, 46.7843818665, 39.8033447266, 45.0049934387, 135.341903687, 326.223449707, 371.670043945, 153.993438721, 509.24407959, 430.644073486, 568.451965332, 1706.00634766, 1429.16540527, 1594.33679199, 1652.69506836, 1771.61096191, 1941.96777344, 808.12322998, 1049.94897461, 396.760101318, 461.032623291, 255.654144287, 93.7322387695, 46.4753417969, 31.4688720703, 21.3780250549, 28.2907600403, 20.5929279327, 13.6045722961, 11.7837867737, 6.18546628952, 6.79304361343, 2.36631655693, 0.7770165205, 0.0576072782278, 0.00107397732791, 0.000256618804997],
        "mean": [0.114479273558, 1.59350204468, 4.93147611618, 4.90558433533, 3.13787913322, 2.19187855721, 2.30238080025, 4.7488026619, 7.64437961578, 12.1829271317, 10.6146144867, 23.3446388245, 20.1769428253, 36.8709030151, 121.168609619, 85.8707351685, 78.2488555908, 85.6467132568, 77.5159454346, 62.4743995667, 45.6032981873, 53.436000824, 27.4909763336, 21.8596725464, 11.2808704376, 6.86796236038, 3.65521836281, 2.16976690292, 1.52530372143, 1.42580008507, 1.08985245228, 0.693460941315, 0.530811607838, 0.360161930323, 0.332143813372, 0.122468017042, 0.0478893220425, 0.0036415073555, 8.43332745717e-05, 3.71815476683e-05],
        "median": [0.0311041492969, 0.452155351639, 1.24506807327, 1.50934863091, 1.11187767982, 0.826972723007, 1.07103729248, 1.35563397408, 1.39911031723, 4.24034500122, 6.24297714233, 10.0264291763, 8.49571990967, 15.0747613907, 38.784122467, 29.7675418854, 34.481388092, 30.7767944336, 24.5954666138, 25.114112854, 15.4318857193, 11.8815956116, 9.93832778931, 9.52329730988, 5.84050321579, 4.41910266876, 1.784491539, 0.764926195145, 0.522849202156, 0.468203902245, 0.258759021759, 0.124041549861, 0.0933206379414, 0.0751190707088, 0.0584533438087, 0.0174933336675, 0.00585692748427, 0.000390707224142, 2.19869580178e-05, 2.61978475464e-05],
        "min": [1.34608335429e-05, 0.000138954972499, 0.00022990006255, 0.000152057647938, 0.000414417794673, 0.000450866122264, 0.000283121713437, 0.000434529531049, 0.000564485089853, 0.00049357523676, 0.00034170539584, 0.00183897418901, 0.00178531475831, 0.00120086467359, 0.00200619944371, 0.00273761129938, 0.00306201935746, 0.000856935745105, 0.000576577789616, 0.000856648490299, 0.00115876900963, 0.00136614684016, 0.000812031154055, 0.000626320601441, 0.000557694816962, 0.000721206539311, 0.000640789919998, 0.000335730641382, 0.00030592767871, 0.000290978408884, 0.00038119830424, 0.000201288232347, 0.000174406930455, 0.000143409517477, 0.000108319945866, 1.92040042748e-05, 2.87556281364e-06, 2.07285367537e-07, 5.22060297214e-08, 8.40563529891e-09],
        "var": [0.0610302127898, 16.9341106415, 191.614379883, 111.321434021, 28.348991394, 15.4670658112, 14.8304252625, 165.409866333, 765.200317383, 566.238525391, 206.816055298, 1817.38708496, 1259.96350098, 3710.48876953, 42816.5703125, 24092.6523438, 15571.7011719, 26374.0253906, 32396.4609375, 12385.0292969, 8226.16894531, 13993.3847656, 2354.99853516, 1485.49523926, 257.421447754, 70.2192077637, 32.9795379639, 18.3422050476, 8.85556793213, 8.50306987762, 6.43836164474, 2.72075080872, 1.72194123268, 0.635768055916, 0.680819809437, 0.0693989992142, 0.00935210939497, 5.61912020203e-05, 2.14189270764e-08, 1.42135381243e-09]
    },
    "gfcc": {
        "mean": [-22.8525600433, 93.0169296265, -152.552017212, 15.0291242599, -34.0297737122, 26.1390533447, -29.0727767944, 14.4938697815, -27.7035694122, 4.88515663147, -15.1909952164, -0.0510313622653, -14.0036497116],
        "cov": [[5101.75537109, -358.348144531, 635.636535645, 306.735717773, 37.3560523987, 6.59081268311, -256.633209229, 209.084945679, -156.595275879, 95.1984405518, -207.086181641, 16.9774723053, -270.824737549], [-358.348144531, 1356.11853027, 379.316986084, 311.625183105, 396.265930176, -23.1004390717, 256.160858154, -15.001115799, 94.4027404785, -136.063232422, 117.065803528, -142.622055054, 20.1973419189], [635.636535645, 379.316986084, 1142.75378418, 404.493804932, 175.05506897, 167.412628174, -8.44103336334, 133.078338623, -42.3833732605, 24.6477470398, -90.6058349609, -30.9993228912, -152.008880615], [306.735717773, 311.625183105, 404.493804932, 508.421295166, 247.115112305, 49.3883781433, 27.3642673492, 84.3147659302, 72.3004074097, -46.2751274109, -28.8018245697, -94.5880584717, -48.2647399902], [37.3560523987, 396.265930176, 175.05506897, 247.115112305, 487.166015625, 85.5699462891, 153.924591064, 15.0003929138, 62.7952194214, -5.12592601776, -9.55078601837, -53.5999069214, -30.7343635559], [6.59081268311, -23.1004390717, 167.412628174, 49.3883781433, 85.5699462891, 251.108886719, 78.0939102173, -66.5418319702, -26.3045902252, 53.7953872681, -20.55560112, -31.123758316, -10.7267351151], [-256.633209229, 256.160858154, -8.44103336334, 27.3642673492, 153.924591064, 78.0939102173, 221.018600464, -6.80112504959, 13.3865013123, -19.8584403992, 35.0220298767, -37.4850540161, 2.2757563591], [209.084945679, -15.001115799, 133.078338623, 84.3147659302, 15.0003929138, -66.5418319702, -6.80112504959, 239.979202271, 43.6705856323, -33.4120025635, -19.6305809021, 26.7406692505, -42.0877227783], [-156.595275879, 94.4027404785, -42.3833732605, 72.3004074097, 62.7952194214, -26.3045902252, 13.3865013123, 43.6705856323, 133.139251709, -0.516618847847, 18.0814056396, -22.0593109131, 2.44419717789], [95.1984405518, -136.063232422, 24.6477470398, -46.2751274109, -5.12592601776, 53.7953872681, -19.8584403992, -33.4120025635, -0.516618847847, 133.391082764, 7.14372253418, -6.48808765411, -26.0417118073], [-207.086181641, 117.065803528, -90.6058349609, -28.8018245697, -9.55078601837, -20.55560112, 35.0220298767, -19.6305809021, 18.0814056396, 7.14372253418, 95.9553833008, 1.08133435249, 23.4013309479], [16.9774723053, -142.622055054, -30.9993228912, -94.5880584717, -53.5999069214, -31.123758316, -37.4850540161, 26.7406692505, -22.0593109131, -6.48808765411, 1.08133435249, 110.759262085, 22.4120521545], [-270.824737549, 20.1973419189, -152.008880615, -48.2647399902, -30.7343635559, -10.7267351151, 2.2757563591, -42.0877227783, 2.44419717789, -26.0417118073, 23.4013309479, 22.4120521545, 119.481414795]],
        "icov": [[0.000279695959762, -0.000108861764602, 0.000128723317175, -0.00026118682581, 1.4960693079e-05, -6.67191488901e-05, 0.000321309053106, -0.000231670273934, 0.000505814386997, -0.000341993552865, 0.000412974331994, -0.000241469329922, 0.000500295194797], [-0.000108861764602, 0.00335172517225, -0.00244027748704, 0.0012756891083, -0.00189185026102, 0.00251742452383, -0.00203443644568, 0.00157751829829, -0.00162986747455, 0.00337845669128, -0.00428594322875, 0.00381694361567, -0.00217567500658], [0.000128723317175, -0.00244027748704, 0.00368504831567, -0.00252906116657, 0.00145660096314, -0.00289016123861, 0.00175889476668, -0.00185760098975, 0.00244369637221, -0.00286880158819, 0.00351078179665, -0.0037029304076, 0.00312999961898], [-0.00026118682581, 0.0012756891083, -0.00252906116657, 0.00603433605283, -0.00275829667225, 0.00046503401245, 0.000994289526716, -0.000238878899836, -0.00260728993453, 0.00385676533915, -0.0026614498347, 0.00544851459563, -0.0019653243944], [1.4960693079e-05, -0.00189185026102, 0.00145660096314, -0.00275829667225, 0.0050893984735, -0.00122070254292, -0.00194820214529, -5.65282280149e-05, -0.000232136066188, -0.00283709447831, 0.00373174948618, -0.00348860071972, 0.00161927309819], [-6.67191488901e-05, 0.00251742452383, -0.00289016123861, 0.00046503401245, -0.00122070254292, 0.00907709542662, -0.00482500903308, 0.0032653438393, -0.000642893486656, -0.000679919088725, -0.000719532719813, 0.0027927311603, -0.00284082745202], [0.000321309053106, -0.00203443644568, 0.00175889476668, 0.000994289526716, -0.00194820214529, -0.00482500903308, 0.0104507822543, -0.0027031658683, 0.00189820036758, 0.000956380914431, -0.00137120508589, 0.000616550212726, 0.00194854242727], [-0.000231670273934, 0.00157751829829, -0.00185760098975, -0.000238878899836, -5.65282280149e-05, 0.0032653438393, -0.0027031658683, 0.00756909139454, -0.00350138056092, 0.00230644759722, -0.000685238104779, -0.00120200624224, 0.000678754178807], [0.000505814386997, -0.00162986747455, 0.00244369637221, -0.00260728993453, -0.000232136066188, -0.000642893486656, 0.00189820036758, -0.00350138056092, 0.012173127383, -0.00354398577474, 0.000762653129641, -0.00052069517551, 0.00101766036823], [-0.000341993552865, 0.00337845669128, -0.00286880158819, 0.00385676533915, -0.00283709447831, -0.000679919088725, 0.000956380914431, 0.00230644759722, -0.00354398577474, 0.014622005634, -0.00725950906053, 0.00526552321389, 0.000258856714936], [0.000412974331994, -0.00428594322875, 0.00351078179665, -0.0026614498347, 0.00373174948618, -0.000719532719813, -0.00137120508589, -0.000685238104779, 0.000762653129641, -0.00725950906053, 0.0197490677238, -0.00632759928703, 0.00145315623377], [-0.000241469329922, 0.00381694361567, -0.0037029304076, 0.00544851459563, -0.00348860071972, 0.0027927311603, 0.000616550212726, -0.00120200624224, -0.00052069517551, 0.00526552321389, -0.00632759928703, 0.0186499878764, -0.00588514422998], [0.000500295194797, -0.00217567500658, 0.00312999961898, -0.0019653243944, 0.00161927309819, -0.00284082745202, 0.00194854242727, 0.000678754178807, 0.00101766036823, 0.000258856714936, 0.00145315623377, -0.00588514422998, 0.0142778726295]]
    },
    "melbands": {
        "dmean": [0.00139056681655, 0.00301800412126, 0.000867657130584, 0.000139481475344, 7.17559451004e-05, 0.000120352422528, 0.000134385263664, 0.000101750760223, 5.60441221751e-05, 8.01386777312e-05, 6.91843233653e-05, 7.90001868154e-05, 0.000237886430114, 0.00014714342251, 0.000118066396681, 9.62848789641e-05, 9.62891936069e-05, 8.36821709527e-05, 5.46813171241e-05, 4.94123669341e-05, 2.6530078685e-05, 2.989839777e-05, 2.22257349378e-05, 1.16849805636e-05, 9.34841500566e-06, 4.88510977448e-06, 3.59318619303e-06, 2.34724598158e-06, 1.65089488746e-06, 1.03102354387e-06, 8.06491186722e-07, 5.54380676476e-07, 5.43682062926e-07, 5.65304162592e-07, 5.00058490616e-07, 3.58455764626e-07, 3.10238931434e-07, 3.07275257683e-07, 2.46705525342e-07, 2.20478227675e-07],
        "dmean2": [0.00241402979009, 0.00529217626899, 0.00148265378084, 0.000229503348237, 0.000117251278425, 0.000205121425097, 0.000234733553953, 0.000169432503753, 8.95955308806e-05, 0.00011692327098, 0.0001089286161, 0.000125459468109, 0.000379006582079, 0.000219721026951, 0.000181857918506, 0.000143147379276, 0.000150410240167, 0.000126636834466, 8.11386926216e-05, 7.62332492741e-05, 3.9124955947e-05, 4.56904672319e-05, 3.33158786816e-05, 1.81136729225e-05, 1.47151185956e-05, 7.7466647781e-06, 5.6668200159e-06, 3.53121231456e-06, 2.4490548185e-06, 1.46100887832e-06, 1.12765792437e-06, 7.78222386089e-07, 7.45161287341e-07, 7.75481055371e-07, 6.85936583977e-07, 4.75386485732e-07, 4.21074673795e-07, 4.18717092998e-07, 3.36801633694e-07, 3.19040935892e-07],
        "dvar": [1.40490274134e-05, 6.76066265441e-05, 3.80904475605e-06, 8.59772129047e-08, 2.38865371927e-08, 1.4029174622e-07, 2.1476463985e-07, 5.71779992242e-08, 1.2056636578e-08, 4.44080683337e-08, 2.12082227335e-08, 2.31592203193e-08, 2.25193431902e-07, 1.02663065604e-07, 5.67560682896e-08, 4.62104523535e-08, 4.23560848617e-08, 4.78020609762e-08, 1.50840708812e-08, 1.48529384347e-08, 4.58273774484e-09, 5.71097036328e-09, 2.40979880495e-09, 6.47765840966e-10, 3.57818996655e-10, 9.77303585281e-11, 4.25242896451e-11, 1.22955491275e-11, 1.02626639825e-11, 5.35732092369e-12, 3.53182912603e-12, 1.52088422151e-12, 1.46743088601e-12, 1.72705502243e-12, 1.55970863395e-12, 8.79039191697e-13, 5.88615256796e-13, 6.09619505484e-13, 3.47474165326e-13, 2.43934565472e-13],
        "dvar2": [3.86022002203e-05, 0.000186766774277, 1.00032993942e-05, 2.21108990672e-07, 6.26253537916e-08, 3.82138438226e-07, 5.90214256135e-07, 1.69339870126e-07, 3.03010665448e-08, 9.76145528853e-08, 5.13463831453e-08, 5.33809974002e-08, 5.2492703162e-07, 2.0688089819e-07, 1.29872844923e-07, 9.94760114281e-08, 9.20631677559e-08, 9.20056280052e-08, 3.02053386747e-08, 3.15751123026e-08, 9.65316004908e-09, 1.41687372945e-08, 5.12074427306e-09, 1.56443358268e-09, 8.2250323219e-10, 2.46228148981e-10, 1.04770060683e-10, 2.67800729509e-11, 2.1582419879e-11, 1.07826039764e-11, 7.24412283631e-12, 2.92103537539e-12, 2.71184810718e-12, 3.3910758316e-12, 3.18791932956e-12, 1.76622984901e-12, 1.15315753908e-12, 1.24036989447e-12, 6.65904614436e-13, 5.17193384474e-13],
        "max": [0.0304283387959, 0.0559353195131, 0.0136494049802, 0.00311186932959, 0.00154342420865, 0.0032304006163, 0.00445761578158, 0.00391493365169, 0.00142206042074, 0.00370559003204, 0.00208161515184, 0.00208867155015, 0.00796412862837, 0.00604956690222, 0.0052301264368, 0.00529328826815, 0.00318814814091, 0.00338006881066, 0.00246682297438, 0.00296205026098, 0.00108908128459, 0.0015504329931, 0.00088223797502, 0.000462192809209, 0.000424479978392, 0.000205252945307, 0.000104895552795, 4.97774599353e-05, 3.65746964235e-05, 2.43465783569e-05, 2.21186073759e-05, 1.27390676425e-05, 1.52157290358e-05, 1.7152118744e-05, 1.47492655742e-05, 1.01836558315e-05, 8.3917975644e-06, 8.70812527864e-06, 6.0718957684e-06, 5.16722275279e-06],
        "mean": [0.00137129565701, 0.0025128624402, 0.000834576669149, 0.000169630395249, 8.75000259839e-05, 0.000113701578812, 0.000112462599645, 0.000134237037855, 9.67588057392e-05, 0.000140571952215, 9.6596799267e-05, 0.000122822311823, 0.00040559968329, 0.000240397639573, 0.000224560921197, 0.000144813282532, 0.000160334442626, 0.000126880098833, 8.90152296051e-05, 7.71675549913e-05, 4.87739671371e-05, 5.53005302208e-05, 4.01220022468e-05, 1.94476633624e-05, 1.79491689778e-05, 8.40896609589e-06, 6.28235056865e-06, 4.1649054765e-06, 2.55465693044e-06, 1.50717357883e-06, 1.16176272513e-06, 8.44083047014e-07, 8.1108021277e-07, 7.95748803739e-07, 6.71800250984e-07, 4.75157293067e-07, 4.00594302619e-07, 3.88376179217e-07, 3.19357894796e-07, 2.83401476509e-07],
        "median": [0.000471316627227, 0.000761211267672, 0.00026804569643, 6.81075471221e-05, 4.0136561438e-05, 3.04748500639e-05, 2.15938962356e-05, 4.71134335385e-05, 5.81724889344e-05, 5.7247823861e-05, 3.67677384929e-05, 4.50673142041e-05, 0.000120302713185, 8.30269855214e-05, 7.16892245691e-05, 5.77842874918e-05, 4.91970531584e-05, 3.23988497257e-05, 2.42179667111e-05, 2.78042352875e-05, 1.29778709379e-05, 1.10790178951e-05, 1.06881971078e-05, 7.03653040546e-06, 7.56824147174e-06, 4.02178693548e-06, 3.07723644255e-06, 2.52367613029e-06, 1.16862565847e-06, 5.42190321084e-07, 3.81692814244e-07, 2.68734822839e-07, 2.79721717789e-07, 2.34564851098e-07, 1.54164638388e-07, 9.11276387683e-08, 7.18221855323e-08, 6.46120454917e-08, 5.67938762686e-08, 5.84854120689e-08],
