{
"highlevel": {
    "danceability": {
        "all": {
            "danceable": 0.928489744663,
            "not_danceable": 0.0715102553368
        },
        "probability": 0.928489744663,
        "value": "danceable"
    },
    "gender": {
        "all": {
            "female": 0.0386820361018,
            "male": 0.961317956448
        },
        "probability": 0.961317956448,
        "value": "male"
    },
    "genre_dortmund": {
        "all": {
            "alternative": 0.145195990801,
            "blues": 0.0430807769299,
            "electronic": 0.20300526917,
            "folkcountry": 0.051860127598,
            "funksoulrnb": 0.015279632993,
            "jazz": 0.0353452190757,
            "pop": 0.0124688949436,
            "raphiphop": 0.063789896667,
            "rock": 0.429974198341
        },
        "probability": 0.429974198341,
        "value": "rock"
    },
    "genre_electronic": {
        "all": {
            "ambient": 0.508900105953,
            "dnb": 0.226017192006,
            "house": 0.0797544643283,
            "techno": 0.0190776735544,
            "trance": 0.166250556707
        },
        "probability": 0.508900105953,
        "value": "ambient"
    },
    "genre_rosamerica": {
        "all": {
            "cla": 0.0208094269037,
            "dan": 0.160553619266,
            "hip": 0.0440415963531,
            "jaz": 0.0173509735614,
            "pop": 0.278893083334,
            "rhy": 0.0804386809468,
            "roc": 0.384495854378,
            "spe": 0.0134167606011
        },
        "probability": 0.384495854378,
        "value": "roc"
    },
    "genre_tzanetakis": {
        "all": {
            "blu": 0.0626613423228,
            "cla": 0.0348169617355,
            "cou": 0.104475811124,
            "dis": 0.0784321576357,
            "hip": 0.15692435205,
            "jaz": 0.313974827528,
            "met": 0.0448166541755,
            "pop": 0.0627359300852,
            "reg": 0.0627360641956,
            "roc": 0.0784258767962
        },
        "probability": 0.313974827528,
        "value": "jaz"
    },
    "ismir04_rhythm": {
        "all": {
            "ChaChaCha": 0.161149308085,
            "Jive": 0.263760268688,
            "Quickstep": 0.047455240041,
            "Rumba-American": 0.0255600046366,
            "Rumba-International": 0.0305689685047,
            "Rumba-Misc": 0.00977237615734,
            "Samba": 0.118809260428,
            "Tango": 0.199204429984,
            "VienneseWaltz": 0.136567354202,
            "Waltz": 0.00715277995914
        },
        "probability": 0.263760268688,
        "value": "Jive"
    },
    "mood_acoustic": {
        "all": {
            "acoustic": 0.0421107895672,
            "not_acoustic": 0.957889199257
        },
        "probability": 0.957889199257,
        "value": "not_acoustic"
    },
    "mood_aggressive": {
        "all": {
            "aggressive": 0.672008097172,
            "not_aggressive": 0.327991932631
        },
        "probability": 0.672008097172,
        "value": "aggressive"
    },
    "mood_electronic": {
        "all": {
            "electronic": 0.73652356863,
            "not_electronic": 0.263476401567
        },
        "probability": 0.73652356863,
        "value": "electronic"
    },
    "mood_happy": {
        "all": {
            "happy": 0.459910333157,
            "not_happy": 0.540089666843
        },
        "probability": 0.540089666843,
        "value": "not_happy"
    },
    "mood_party": {
        "all": {
            "not_party": 0.597636759281,
            "party": 0.402363240719
        },
        "probability": 0.597636759281,
        "value": "not_party"
    },
    "mood_relaxed": {
        "all": {
            "not_relaxed": 0.948804140091,
            "relaxed": 0.0511958524585
        },
        "probability": 0.948804140091,
        "value": "not_relaxed"
    },
    "mood_sad": {
        "all": {
            "not_sad": 0.820283889771,
            "sad": 0.179716125131
        },
        "probability": 0.820283889771,
        "value": "not_sad"
    },
    "moods_mirex": {
        "all": {
            "Cluster1": 0.284525483847,
            "Cluster2": 0.159277096391,
            "Cluster3": 0.0879234075546,
            "Cluster4": 0.154952660203,
            "Cluster5": 0.313321352005
        },
        "probability": 0.313321352005,
        "value": "Cluster5"
    },
    "timbre": {
        "all": {
            "bright": 0.122559502721,
            "dark": 0.87744051218
        },
        "probability": 0.87744051218,
        "value": "dark"
    },
    "tonal_atonal": {
        "all": {
            "atonal": 0.0515100434422,
            "tonal": 0.948489964008
        },
        "probability": 0.948489964008,
        "value": "tonal"
    },
    "voice_instrumental": {
        "all": {
            "instrumental": 0.031027443707,
            "voice": 0.968972563744
        },
        "probability": 0.968972563744,
        "value": "voice"
    }
},
"lowlevel": {
    "average_loudness": 0.986392080784,
    "barkbands_crest": {
        "dmean": 3.23858857155,
        "dmean2": 5.29943180084,
        "dvar": 9.85562705994,
        "dvar2": 23.5430622101,
        "max": 25.42902565,
        "mean": 10.1770048141,
        "median": 9.19945240021,
        "min": 3.36778259277,
        "var": 18.8028392792
    },
    "barkbands_flatness_db": {
        "dmean": 0.0232621431351,
        "dmean2": 0.0353274159133,
        "dvar": 0.000553475692868,
        "dvar2": 0.00112772232387,
        "max": 0.356205761433,
        "mean": 0.14630804956,
        "median": 0.138514310122,
        "min": 0.0474718175828,
        "var": 0.00238869478926
    },
    "barkbands_kurtosis": {
        "dmean": 4.29920244217,
        "dmean2": 6.65491342545,
        "dvar": 71.3598098755,
        "dvar2": 170.315994263,
        "max": 105.705513,
        "mean": 6.05096721649,
        "median": 2.90488672256,
        "min": -1.81734728813,
        "var": 108.42175293
    },
    "barkbands_skewness": {
        "dmean": 0.655175864697,
        "dmean2": 0.998275697231,
        "dvar": 0.516840577126,
        "dvar2": 1.14754641056,
        "max": 9.14600658417,
        "mean": 1.80506265163,
        "median": 1.59407937527,
        "min": -0.905794680119,
        "var": 1.55877506733
    },
    "barkbands_spread": {
        "dmean": 4.62893247604,
        "dmean2": 6.8479552269,
        "dvar": 21.7504863739,
        "dvar2": 43.6190223694,
        "max": 88.6154098511,
        "mean": 18.0696182251,
        "median": 15.9242925644,
        "min": 1.12378382683,
        "var": 115.763267517
    },
    "dissonance": {
        "dmean": 0.0192857626826,
        "dmean2": 0.0328524820507,
        "dvar": 0.000309843890136,
        "dvar2": 0.000856324273627,
        "max": 0.499919861555,
        "mean": 0.466947317123,
        "median": 0.472016304731,
        "min": 0.360182404518,
        "var": 0.000515886815265
    },
    "dynamic_complexity": 1.42985188961,
    "erbbands_crest": {
        "dmean": 2.84442329407,
        "dmean2": 4.5697054863,
        "dvar": 8.44313907623,
        "dvar2": 20.6315937042,
        "max": 25.9907093048,
        "mean": 8.36394405365,
        "median": 7.254114151,
        "min": 2.93126869202,
        "var": 16.4293842316
    },
    "erbbands_flatness_db": {
        "dmean": 0.0168343726546,
        "dmean2": 0.0237254556268,
        "dvar": 0.00019588790019,
        "dvar2": 0.000406584615121,
        "max": 0.249942824244,
        "mean": 0.14642880857,
        "median": 0.145731702447,
        "min": 0.0665862187743,
        "var": 0.000985914492048
    },
    "erbbands_kurtosis": {
        "dmean": 0.902099251747,
        "dmean2": 1.43408501148,
        "dvar": 1.03515291214,
        "dvar2": 2.39794135094,
        "max": 11.9598913193,
        "mean": 0.706756174564,
        "median": 0.305733442307,
        "min": -1.60464072227,
        "var": 2.75202584267
    },
    "erbbands_skewness": {
        "dmean": 0.348372966051,
        "dmean2": 0.523140490055,
        "dvar": 0.089559905231,
        "dvar2": 0.198538258672,
        "max": 2.75452280045,
        "mean": 0.502446055412,
        "median": 0.556098461151,
        "min": -2.27814745903,
        "var": 0.391379505396
    },
    "erbbands_spread": {
        "dmean": 7.21223926544,
        "dmean2": 10.9207611084,
        "dvar": 42.8125457764,
        "dvar2": 88.5148620605,
        "max": 99.8266525269,
        "mean": 35.3817024231,
        "median": 33.6843338013,
        "min": 7.35267591476,
        "var": 198.826293945
    },
    "hfc": {
        "dmean": 6.51188373566,
        "dmean2": 9.14949226379,
        "dvar": 68.7056427002,
        "dvar2": 126.273780823,
        "max": 92.7366027832,
        "mean": 22.4801921844,
        "median": 16.5423908234,
        "min": 2.80849742889,
        "var": 290.201629639
    },
    "melbands_crest": {
        "dmean": 3.81941461563,
        "dmean2": 6.20763206482,
        "dvar": 11.2983341217,
        "dvar2": 30.1993732452,
        "max": 32.7393074036,
        "mean": 13.80169487,
        "median": 12.9753694534,
        "min": 4.59993457794,
        "var": 26.8276329041
    },
    "melbands_flatness_db": {
        "dmean": 0.0294281858951,
        "dmean2": 0.0438960455358,
        "dvar": 0.000826079223771,
        "dvar2": 0.00160637462977,
        "max": 0.455052524805,
        "mean": 0.217396527529,
        "median": 0.205818012357,
        "min": 0.0742629244924,
        "var": 0.00402576616034
    },
    "melbands_kurtosis": {
        "dmean": 8.28739261627,
        "dmean2": 12.9911937714,
        "dvar": 175.345474243,
        "dvar2": 423.398223877,
        "max": 179.378997803,
        "mean": 13.9749689102,
        "median": 8.60893535614,
        "min": -1.63116765022,
        "var": 295.83883667
    },
    "melbands_skewness": {
        "dmean": 0.827770769596,
        "dmean2": 1.27442204952,
        "dvar": 0.694650948048,
        "dvar2": 1.53305697441,
        "max": 10.0259246826,
        "mean": 2.67062187195,
        "median": 2.49210357666,
        "min": -0.325021922588,
        "var": 2.18357229233
    },
    "melbands_spread": {
        "dmean": 5.6594080925,
        "dmean2": 8.6019449234,
        "dvar": 35.377155304,
        "dvar2": 81.013999939,
        "max": 98.2108535767,
        "mean": 18.0281391144,
        "median": 15.7445192337,
        "min": 0.915248155594,
        "var": 140.828689575
    },
    "pitch_salience": {
        "dmean": 0.091075502336,
        "dmean2": 0.146110638976,
        "dvar": 0.00732128368691,
        "dvar2": 0.0184787493199,
        "max": 0.823159337044,
        "mean": 0.566020667553,
        "median": 0.576587975025,
        "min": 0.168963685632,
        "var": 0.0144733376801
    },
    "silence_rate_20dB": {
        "dmean": 0,
        "dmean2": 0,
        "dvar": 0,
        "dvar2": 0,
        "max": 1,
        "mean": 1,
        "median": 1,
        "min": 1,
        "var": 0
    },
    "silence_rate_30dB": {
        "dmean": 0.0371517017484,
        "dmean2": 0.0743609592319,
        "dvar": 0.0357718579471,
        "dvar2": 0.0889718160033,
        "max": 1,
        "mean": 0.972931146622,
        "median": 1,
        "min": 0,
        "var": 0.0263359211385
    },
    "silence_rate_60dB": {
        "dmean": 0,
        "dmean2": 0,
        "dvar": 0,
        "dvar2": 0,
        "max": 0,
        "mean": 0,
        "median": 0,
        "min": 0,
        "var": 0
    },
    "spectral_centroid": {
        "dmean": 193.144302368,
        "dmean2": 286.934387207,
        "dvar": 36323.6953125,
        "dvar2": 72132.1484375,
        "max": 3140.93920898,
        "mean": 1020.08361816,
        "median": 927.266601562,
        "min": 204.751480103,
        "var": 224030.3125
    },
    "spectral_complexity": {
        "dmean": 3.33668732643,
        "dmean2": 4.99302864075,
        "dvar": 9.70164012909,
        "dvar2": 19.2431564331,
        "max": 45,
        "mean": 20.8847637177,
        "median": 20,
        "min": 6,
        "var": 51.0819854736
    },
    "spectral_decrease": {
        "dmean": 3.81510867342e-09,
        "dmean2": 5.68266989021e-09,
        "dvar": 2.28313346875e-17,
        "dvar2": 4.20168642078e-17,
        "max": -1.01295494215e-09,
        "mean": -1.09168283302e-08,
        "median": -1.01731467694e-08,
        "min": -4.92712075584e-08,
        "var": 4.56115429957e-17
    },
    "spectral_energy": {
        "dmean": 0.0147629268467,
        "dmean2": 0.0218846984208,
        "dvar": 0.00033074899693,
        "dvar2": 0.000606051529758,
        "max": 0.187336161733,
        "mean": 0.0432416126132,
        "median": 0.0407862104475,
        "min": 0.00407786527649,
        "var": 0.000679979159031
    },
    "spectral_energyband_high": {
        "dmean": 0.000268524425337,
        "dmean2": 0.000379635690479,
        "dvar": 2.41948498569e-07,
        "dvar2": 4.77194987525e-07,
        "max": 0.00615673046559,
        "mean": 0.000689442385919,
        "median": 0.000338615558576,
        "min": 1.39757385114e-05,
        "var": 7.69167741055e-07
    },
    "spectral_energyband_low": {
        "dmean": 0.0126318046823,
        "dmean2": 0.0195475965738,
        "dvar": 0.000368874258129,
        "dvar2": 0.000738696253393,
        "max": 0.174623683095,
        "mean": 0.0222088191658,
        "median": 0.0170579440892,
        "min": 0.000348864268744,
        "var": 0.000580755295232
    },
    "spectral_energyband_middle_high": {
        "dmean": 0.00277812220156,
        "dmean2": 0.00406486401334,
        "dvar": 1.74349315785e-05,
        "dvar2": 3.67748980352e-05,
        "max": 0.0457974374294,
        "mean": 0.00678289076313,
        "median": 0.00373967271298,
        "min": 0.000495670712553,
        "var": 5.35680483154e-05
    },
    "spectral_energyband_middle_low": {
        "dmean": 0.00549265602604,
        "dmean2": 0.00865591596812,
        "dvar": 3.97469011659e-05,
        "dvar2": 8.95540360943e-05,
        "max": 0.0926826968789,
        "mean": 0.0148996617645,
        "median": 0.0121029717848,
        "min": 0.00132323009893,
        "var": 9.59272656473e-05
    },
    "spectral_entropy": {
        "dmean": 0.139082744718,
        "dmean2": 0.198404014111,
        "dvar": 0.0163726191968,
        "dvar2": 0.0307657644153,
        "max": 8.46946334839,
        "mean": 7.52794027328,
        "median": 7.54915237427,
        "min": 6.39235973358,
        "var": 0.107514962554
    },
    "spectral_flux": {
        "dmean": 0.0343168154359,
        "dmean2": 0.0553998239338,
        "dvar": 0.00137698894832,
        "dvar2": 0.00337810139172,
        "max": 0.356535255909,
        "mean": 0.116123914719,
        "median": 0.108559317887,
        "min": 0.0342395268381,
        "var": 0.00253685959615
    },
    "spectral_kurtosis": {
        "dmean": 1.50398516655,
        "dmean2": 2.45803308487,
        "dvar": 2.26687860489,
        "dvar2": 6.3180398941,
        "max": 16.5129928589,
        "mean": 5.09993743896,
        "median": 4.58314275742,
        "min": -0.267817258835,
        "var": 7.55916166306
    },
    "spectral_rms": {
        "dmean": 0.00107675476465,
        "dmean2": 0.00157422409393,
        "dvar": 1.30384842123e-06,
        "dvar2": 2.25429289458e-06,
        "max": 0.0135191343725,
        "mean": 0.006218069233,
        "median": 0.0063080447726,
        "min": 0.00199459400028,
        "var": 3.52254755853e-06
    },
    "spectral_rolloff": {
        "dmean": 320.997344971,
        "dmean2": 523.251831055,
        "dvar": 226215.375,
        "dvar2": 483377.53125,
        "max": 7859.61914062,
        "mean": 944.563415527,
        "median": 775.1953125,
        "min": 86.1328125,
        "var": 637234.125
    },
    "spectral_skewness": {
        "dmean": 0.213762506843,
        "dmean2": 0.331146508455,
        "dvar": 0.0357756577432,
        "dvar2": 0.0847498700023,
        "max": 3.1507935524,
        "mean": 1.79055261612,
        "median": 1.73760819435,
        "min": 0.443559706211,
        "var": 0.212726950645
    },
    "spectral_spread": {
        "dmean": 436476.34375,
        "dmean2": 631344.3125,
        "dvar": 495200567296,
        "dvar2": 624623419392,
        "max": 22978614,
        "mean": 4295180.5,
        "median": 4126274.75,
        "min": 2027359,
        "var": 1.21874638438e+12
    },
    "spectral_strongpeak": {
        "dmean": 0.605397045612,
        "dmean2": 1.03146779537,
        "dvar": 1.148914814,
        "dvar2": 2.76347112656,
        "max": 11.2872056961,
        "mean": 0.838689029217,
        "median": 0.387964218855,
        "min": 0,
        "var": 1.54321634769
    },
    "zerocrossingrate": {
        "dmean": 0.00818929262459,
        "dmean2": 0.00948801171035,
        "dvar": 5.8642042859e-05,
        "dvar2": 6.4050713263e-05,
        "max": 0.2216796875,
        "mean": 0.0436854995787,
        "median": 0.041015625,
        "min": 0.00244140625,
        "var": 0.000534530146979
    },
    "barkbands": {
        "dmean": [0.000722279539332, 0.0109775103629, 0.00337181566283, 0.00170742825139, 0.0020094551146, 0.00185597001109, 0.00100405479316, 0.000858902814798, 0.0017798616318, 0.00049877318088, 0.00101025600452, 0.000693142123055, 0.000722075230442, 0.000407208746765, 0.000267508527031, 0.000414253212512, 0.000319707702147, 0.000133142457344, 0.000155003348482, 6.20421415078e-05, 7.59633985581e-05, 0.000104323429696, 6.04325068707e-05, 3.79039920517e-05, 2.29264551308e-05, 2.42693440669e-05, 9.14331792501e-08],
        "dmean2": [0.0011849575676, 0.0174363292754, 0.00589210027829, 0.00296568730846, 0.00322281569242, 0.00301368813962, 0.00156795710791, 0.0014217547141, 0.00283775501885, 0.000790215097368, 0.00157912564464, 0.00104075239506, 0.00112742639612, 0.000665483763441, 0.000403306912631, 0.000650563859381, 0.000511226360686, 0.00021368736634, 0.000234648279729, 9.60315664997e-05, 0.000115213726531, 0.000157272661454, 9.06463174033e-05, 5.66841918044e-05, 3.6028035538e-05, 3.42600505974e-05, 1.46745051666e-07],
        "dvar": [1.35702748594e-06, 0.000362606020644, 3.93746013287e-05, 5.87666272622e-06, 7.59550630391e-06, 5.77284390602e-06, 1.57951239999e-06, 3.06132324113e-06, 2.10561538552e-05, 7.93642186636e-07, 6.11921313975e-06, 2.55768100033e-06, 4.3882018872e-06, 1.61614286753e-06, 3.8530416191e-07, 8.83012489794e-07, 8.17434681721e-07, 1.228880393e-07, 1.16491278845e-07, 1.59570880953e-08, 2.22592273502e-08, 4.66146161671e-08, 1.36180906551e-08, 4.98071672794e-09, 2.20697571329e-09, 4.88261431286e-09, 7.73076128937e-14],
        "dvar2": [3.15686656904e-06, 0.000800782989245, 0.000112544221338, 1.63901440828e-05, 1.6766052795e-05, 1.4006443962e-05, 3.83806218451e-06, 7.46823025111e-06, 4.7409965191e-05, 1.70026964952e-06, 1.44843515955e-05, 5.49059950572e-06, 9.61325440585e-06, 3.81282461603e-06, 8.45662896154e-07, 2.06648383028e-06, 1.9258473003e-06, 3.02924803464e-07, 2.72311297067e-07, 3.59150433837e-08, 4.84060933559e-08, 1.05836328146e-07, 3.01314244666e-08, 1.0286608898e-08, 4.87846874009e-09, 9.10838071633e-09, 1.67973843385e-13],
        "max": [0.0162332840264, 0.17135463655, 0.062645316124, 0.023533590138, 0.0264481157064, 0.0345025882125, 0.027151633054, 0.0237511843443, 0.0822389125824, 0.0197405498475, 0.0338719971478, 0.0259530432522, 0.0323391258717, 0.0186525806785, 0.0117695555091, 0.0140668042004, 0.0161634869874, 0.00859190244228, 0.00654059648514, 0.00180862285197, 0.0024888375774, 0.00218347948976, 0.00269763660617, 0.00145615800284, 0.000962028454524, 0.00101410795469, 3.80743495043e-06],
        "mean": [0.000956941803452, 0.0152885187417, 0.00471959449351, 0.00247036293149, 0.00363685609773, 0.00290172290988, 0.001693373546, 0.0012317430228, 0.00275604822673, 0.000805003917776, 0.00134813541081, 0.00109273195267, 0.000952118891291, 0.000551227771211, 0.000470248924103, 0.00063452264294, 0.000497345987242, 0.000211200895137, 0.000272477249382, 0.000116069211799, 0.000141107753734, 0.000198129346245, 0.000135901442263, 8.02926224424e-05, 4.0165217797e-05, 3.97114308726e-05, 1.05701175812e-07],
        "median": [0.000415653805248, 0.00988029036671, 0.00294903619215, 0.00128645671066, 0.00234828679822, 0.00186108250637, 0.00111289136112, 0.000665112398565, 0.000696310133208, 0.000400479999371, 0.000364585779607, 0.000482663628645, 0.000229431665502, 0.000142171993502, 0.000162940734299, 0.000223088340135, 0.000145210142364, 9.90901316982e-05, 7.28467784938e-05, 4.48620012321e-05, 6.06822650298e-05, 7.4334537203e-05, 6.24605600024e-05, 3.48166868207e-05, 2.04917050723e-05, 8.70381154527e-06, 4.0757028863e-09],
        "min": [1.78586810762e-06, 1.88287540368e-05, 3.37766232406e-06, 1.44246250784e-05, 9.92454806692e-05, 0.000163852586411, 2.62971716438e-05, 3.30128932546e-05, 3.75671661459e-05, 3.37949313689e-05, 1.99326786969e-05, 1.71846695594e-05, 1.12179541247e-05, 7.54146503823e-06, 1.2159545804e-05, 1.07938412839e-05, 8.63503100845e-06, 5.50921095055e-06, 5.29465933141e-06, 2.19354342335e-06, 1.39128394494e-06, 1.9961628368e-06, 1.2631340951e-06, 1.02814294678e-06, 2.35033215112e-09, 6.03377833808e-11, 5.54908983347e-12],
        "var": [2.41153043135e-06, 0.000452036474599, 3.41924169334e-05, 9.36651031225e-06, 1.42900562423e-05, 9.51764104684e-06, 4.2994274736e-06, 4.09555241276e-06, 3.66873209714e-05, 1.82169719665e-06, 8.95059565664e-06, 4.60739056507e-06, 6.71046882417e-06, 2.17523825086e-06, 1.10681082788e-06, 1.35497407427e-06, 1.32376931106e-06, 1.74220247118e-07, 2.64707523456e-07, 3.63214240906e-08, 4.69852281526e-08, 9.43680760201e-08, 3.89196550543e-08, 1.55669752644e-08, 5.12601650016e-09, 1.06532063171e-08, 1.08424587939e-13]
    },
    "erbbands": {
        "dmean": [0.339977174997, 2.499812603, 3.86299395561, 4.7523727417, 4.91287088394, 7.9621720314, 15.3666419983, 16.0904312134, 11.9154672623, 16.3655147552, 25.5676670074, 39.5100021362, 17.8482227325, 23.9715709686, 34.9275398254, 27.2598705292, 25.0696163177, 26.654750824, 11.1018743515, 14.177280426, 24.2210865021, 16.6643486023, 7.5583691597, 7.03209066391, 6.53292894363, 2.82916164398, 2.64723110199, 3.65773797035, 3.96652245522, 2.11373114586, 1.88821029663, 1.04598116875, 0.601213395596, 0.302803218365, 0.160020142794, 0.176847234368, 0.0278888680041, 0.00151365622878, 4.40253134002e-05, 1.83523334272e-05],
        "dmean2": [0.551848769188, 3.94931745529, 6.5190653801, 8.39080238342, 8.3246011734, 12.6524171829, 24.8564090729, 26.2268676758, 19.3465576172, 25.8897209167, 40.1626358032, 62.6799163818, 27.9707050323, 37.3804779053, 55.305644989, 42.141960144, 38.574836731, 42.4643325806, 17.1525325775, 21.2543468475, 37.4743728638, 26.1311664581, 11.7623825073, 10.7832355499, 10.4286842346, 4.35521745682, 4.09597539902, 5.44104957581, 6.04154777527, 3.16105031967, 2.85852956772, 1.57421779633, 0.913716316223, 0.478604227304, 0.241000264883, 0.245425626636, 0.0402106754482, 0.00228568399325, 6.22027000645e-05, 2.65551625489e-05],
        "dvar": [0.299261718988, 20.0525627136, 46.3694648743, 49.6556625366, 37.6110458374, 117.256980896, 927.521789551, 525.366943359, 252.518814087, 579.032958984, 3244.44091797, 11532.2636719, 1038.27185059, 1989.96362305, 9888.52441406, 4133.05419922, 4833.17138672, 7376.09619141, 470.991210938, 1050.83850098, 3064.375, 2530.6706543, 467.902008057, 246.910675049, 327.287872314, 30.6780605316, 33.651638031, 50.3816604614, 68.5355377197, 16.8128833771, 15.7208633423, 4.74834680557, 1.12196028233, 0.395621418953, 0.113508492708, 0.30165091157, 0.00377403292805, 9.00862869457e-06, 8.11109313048e-09, 4.94538854312e-10],
        "dvar2": [0.732916712761, 43.5951309204, 124.731445312, 142.147369385, 103.94909668, 268.841949463, 2125.92895508, 1265.56530762, 578.914123535, 1472.99438477, 7722.41357422, 25382.5722656, 2649.50390625, 4358.38476562, 22857.8828125, 9061.33789062, 10775.0166016, 16730.515625, 1104.85900879, 2129.32080078, 7004.05273438, 5622.28173828, 1056.32434082, 586.764709473, 837.072509766, 62.1284179688, 77.3523101807, 105.918823242, 157.27784729, 36.7244110107, 37.9006500244, 11.1227273941, 2.27306890488, 0.878513097763, 0.232672423124, 0.579400360584, 0.00658189086244, 1.71865485754e-05, 1.43690330745e-08, 9.08642106001e-10],
        "max": [5.11376523972, 37.5023193359, 65.2245864868, 61.0571670532, 56.596572876, 145.61781311, 382.738250732, 372.249511719, 202.903808594, 497.454315186, 681.671691895, 1881.17431641, 457.331390381, 600.845275879, 1788.24511719, 938.361877441, 1150.49267578, 1130.22924805, 288.006652832, 758.230712891, 946.64642334, 1015.57568359, 542.097351074, 235.167877197, 432.527404785, 100.61164093, 119.105857849, 102.8565979, 84.3885726929, 53.4386940002, 82.7167510986, 39.3096084595, 17.3951263428, 14.063205719, 5.39105606079, 7.91684150696, 0.838371694088, 0.0391327179968, 0.00116288254503, 0.000203107847483],
        "mean": [0.467333823442, 3.29838895798, 5.68350124359, 7.51714611053, 7.61272621155, 14.3327894211, 20.5148334503, 25.084236145, 20.1547985077, 28.2595729828, 40.8769721985, 60.3186950684, 31.169298172, 39.4916000366, 49.5304298401, 44.9977645874, 37.9607124329, 36.9325332642, 20.1165885925, 26.9707508087, 40.4545440674, 28.8592720032, 13.4068250656, 13.0081644058, 11.5389642715, 5.55941677094, 4.94684076309, 6.96384620667, 7.45900917053, 4.39265871048, 4.00255346298, 2.15360045433, 1.1967420578, 0.527339398861, 0.27606138587, 0.259918063879, 0.046941947192, 0.00227862666361, 8.99836086319e-05, 5.51248522243e-05],
        "median": [0.238131523132, 2.01716399193, 3.63798141479, 4.68892145157, 5.11330270767, 8.26925086975, 11.8548164368, 15.8205718994, 13.348906517, 18.2817630768, 16.521736145, 16.1834068298, 14.4875602722, 15.6862802505, 15.9849328995, 19.6676025391, 10.6450052261, 8.99850463867, 8.13512992859, 9.77954864502, 14.3008947372, 8.73457622528, 6.69780731201, 4.77279806137, 3.05053400993, 2.10704612732, 2.01881766319, 3.03252410889, 2.77211999893, 1.98702001572, 1.77561414242, 0.89459592104, 0.471817344427, 0.255349248648, 0.114232555032, 0.0486754477024, 0.0125963268802, 0.000643887673505, 4.11324326706e-05, 4.91181126563e-05],
        "min": [0.000973250251263, 0.00937828794122, 0.0533910952508, 0.195080950856, 0.232707008719, 0.347974568605, 0.889562368393, 0.857286095619, 0.729665100574, 1.09034585953, 1.27229595184, 1.27179384232, 1.17379212379, 1.45755469799, 1.43699193001, 1.02353918552, 0.712843835354, 0.611621618271, 1.0459113121, 0.590126931667, 0.767489910126, 0.437232762575, 0.504099845886, 0.298801630735, 0.177288904786, 0.0906267017126, 0.087711058557, 0.0524831227958, 0.0714872255921, 0.0453463494778, 0.0234666243196, 0.00843472778797, 0.0130485510454, 0.00363540509716, 0.000162292912137, 2.53850794252e-05, 5.73913303015e-06, 1.28827639401e-06, 2.33061541621e-06, 4.80425205751e-06],
        "var": [0.39229631424, 23.9758338928, 45.5000076294, 60.4488830566, 53.6089401245, 287.642852783, 1062.88220215, 874.427368164, 473.319641113, 1335.37341309, 5711.75292969, 18873.8886719, 1927.39575195, 4512.89697266, 12484.9267578, 7457.21435547, 8036.78662109, 10300.0390625, 1116.60339355, 3370.41845703, 5513.36132812, 4820.55078125, 785.793518066, 493.431610107, 674.854187012, 77.6519927979, 67.0581283569, 107.532722473, 136.531799316, 40.3412818909, 36.1212043762, 12.6144809723, 3.55882143974, 0.920542299747, 0.253017395735, 0.540075480938, 0.0110671240836, 2.12530048884e-05, 2.18141433805e-08, 1.14949938457e-09]
    },
    "gfcc": {
        "mean": [26.3829727173, 113.142982483, -109.245544434, 33.8320159912, -60.0378112793, 25.2677974701, -38.1041870117, 12.3732414246, -16.3876743317, 0.881087064743, -13.819890976, 6.11435127258, -9.24503135681],
        "cov": [[1744.70874023, -824.635437012, -194.445343018, 77.6013183594, -13.2054948807, 59.0014572144, 121.52796936, 116.976104736, -45.821018219, 238.712387085, -219.04977417, 99.2272796631, -110.809562683], [-824.635437012, 712.39239502, 113.626861572, -63.684009552, 100.198486328, -54.0938835144, 10.8270969391, -81.3002700806, 60.6943130493, -153.109741211, 132.746765137, -68.1456222534, 81.4361419678], [-194.445343018, 113.626861572, 468.271087646, 48.3904724121, 108.716079712, 82.2687530518, 0.641203343868, 35.8755493164, 19.1257209778, 1.89245986938, 36.2021865845, 46.9224815369, -22.8122158051], [77.6013183594, -63.684009552, 48.3904724121, 249.103790283, 44.5429153442, -31.7470436096, -51.8619270325, 6.36810207367, 57.3506317139, -8.52206516266, 20.2500247955, -5.8161687851, 62.8461875916], [-13.2054948807, 100.198486328, 108.716079712, 44.5429153442, 171.403442383, 15.8183288574, 15.3617048264, 14.1052980423, 27.1799812317, 9.77104854584, 19.7045536041, 5.39975500107, 4.89439916611], [59.0014572144, -54.0938835144, 82.2687530518, -31.7470436096, 15.8183288574, 150.009780884, 73.3749237061, 11.1410617828, -13.5197353363, 26.3616123199, 11.9730987549, 14.0384635925, -29.1848735809], [121.52796936, 10.8270969391, 0.641203343868, -51.8619270325, 15.3617048264, 73.3749237061, 166.524215698, 27.5510807037, -2.23516941071, 21.2702274323, -4.62628889084, 12.6156625748, -26.4568443298], [116.976104736, -81.3002700806, 35.8755493164, 6.36810207367, 14.1052980423, 11.1410617828, 27.5510807037, 91.7031326294, 21.6382141113, 24.9857196808, -13.6711597443, 16.585603714, -12.0809745789], [-45.821018219, 60.6943130493, 19.1257209778, 57.3506317139, 27.1799812317, -13.5197353363, -2.23516941071, 21.6382141113, 91.7226409912, 4.23585033417, 20.6733207703, -6.55802822113, 24.0670642853], [238.712387085, -153.109741211, 1.89245986938, -8.52206516266, 9.77104854584, 26.3616123199, 21.2702274323, 24.9857196808, 4.23585033417, 107.818054199, -22.9568157196, 17.9954929352, -34.1374206543], [-219.04977417, 132.746765137, 36.2021865845, 20.2500247955, 19.7045536041, 11.9730987549, -4.62628889084, -13.6711597443, 20.6733207703, -22.9568157196, 96.200630188, -5.58903741837, 26.3379592896], [99.2272796631, -68.1456222534, 46.9224815369, -5.8161687851, 5.39975500107, 14.0384635925, 12.6156625748, 16.585603714, -6.55802822113, 17.9954929352, -5.58903741837, 88.3692398071, -7.161714077], [-110.809562683, 81.4361419678, -22.8122158051, 62.8461875916, 4.89439916611, -29.1848735809, -26.4568443298, -12.0809745789, 24.0670642853, -34.1374206543, 26.3379592896, -7.161714077, 92.7865905762]],
        "icov": [[0.0019987851847, 0.00159951695241, 0.000638796016574, -0.000732953834813, -0.00103555456735, 0.00035112304613, -0.0015386705054, 4.34185858467e-05, 8.10192286735e-05, -0.00130591180641, 0.00191244808957, -0.000764933123719, 0.000265288719675], [0.00159951695241, 0.010497356765, -0.0029648153577, 0.0066897328943, -0.00528228795156, 0.00607804581523, -0.00535698421299, 0.00699912616983, -0.00659468723461, 0.00724736880511, -0.00536965671927, 0.00443238625303, -0.00474553648382], [0.000638796016574, -0.0029648153577, 0.00481892097741, -0.00353674520738, -0.000373422459234, -0.00405726768076, 0.00225529074669, -0.00361766433343, 0.0023260996677, -0.00246153352782, 0.00242669950239, -0.00366947264411, 0.00337982038036], [-0.000732953834813, 0.0066897328943, -0.00353674520738, 0.011972063221, -0.00400016829371, 0.00460253376514, -0.00129387120251, 0.00529737910256, -0.00769811775535, 0.00637935474515, -0.00567541271448, 0.00451896246523, -0.00744210090488], [-0.00103555456735, -0.00528228795156, -0.000373422459234, -0.00400016829371, 0.0101666636765, -0.00237416219898, 0.00156031176448, -0.00325284828432, 0.00218693050556, -0.00425191177055, 0.00160437345039, -0.00153618108016, 0.00204976391979], [0.00035112304613, 0.00607804581523, -0.00405726768076, 0.00460253376514, -0.00237416219898, 0.01440339908, -0.00732487114146, 0.00501850014552, -0.00237480946817, 0.00281932135113, -0.00599388824776, 0.00340366573073, -0.00219226698391], [-0.0015386705054, -0.00535698421299, 0.00225529074669, -0.00129387120251, 0.00156031176448, -0.00732487114146, 0.0119861364365, -0.00531067838892, 0.00194736244157, -0.00228434847668, 0.00192267925013, -0.00239339936525, 0.0025588972494], [4.34185858467e-05, 0.00699912616983, -0.00361766433343, 0.00529737910256, -0.00325284828432, 0.00501850014552, -0.00531067838892, 0.0192290171981, -0.00874455925077, 0.00440696394071, -0.0029310376849, 0.00219899322838, -0.00293778185733], [8.10192286735e-05, -0.00659468723461, 0.0023260996677, -0.00769811775535, 0.00218693050556, -0.00237480946817, 0.00194736244157, -0.00874455925077, 0.0201269574463, -0.0077398554422, 0.00205091619864, -0.0019967276603, 0.00142065808177], [-0.00130591180641, 0.00724736880511, -0.00246153352782, 0.00637935474515, -0.00425191177055, 0.00281932135113, -0.00228434847668, 0.00440696394071, -0.0077398554422, 0.0206431988627, -0.00547679606825, 0.00293362233788, -0.000429393578088], [0.00191244808957, -0.00536965671927, 0.00242669950239, -0.00567541271448, 0.00160437345039, -0.00599388824776, 0.00192267925013, -0.0029310376849, 0.00205091619864, -0.00547679606825, 0.0202660039067, -0.00418930780143, 0.00101115915459], [-0.000764933123719, 0.00443238625303, -0.00366947264411, 0.00451896246523, -0.00153618108016, 0.00340366573073, -0.00239339936525, 0.00219899322838, -0.0019967276603, 0.00293362233788, -0.00418930780143, 0.0159870944917, -0.00399081129581], [0.000265288719675, -0.00474553648382, 0.00337982038036, -0.00744210090488, 0.00204976391979, -0.00219226698391, 0.0025588972494, -0.00293778185733, 0.00142065808177, -0.000429393578088, 0.00101115915459, -0.00399081129581, 0.0195588264614]]
    },
    "melbands": {
        "dmean": [0.00305703468621, 0.00227841292508, 0.000800077919848, 0.000409119093092, 0.000487303856062, 0.000342604122125, 0.000185428201803, 0.000170856525074, 0.000249384291237, 0.000239047789364, 9.16655262699e-05, 9.56132062129e-05, 0.00012852436339, 8.56424085214e-05, 7.5525844295e-05, 5.84508889006e-05, 4.9752274208e-05, 1.89903312275e-05, 2.21850677917e-05, 2.06342683668e-05, 3.20730105159e-05, 2.11439310078e-05, 8.8993629106e-06, 6.39967765892e-06, 6.37771563561e-06, 6.17121168034e-06, 3.06244669446e-06, 1.85865121693e-06, 1.73284763605e-06, 1.71398687598e-06, 2.53828011409e-06, 2.50923244494e-06, 1.85779765616e-06, 1.11123790703e-06, 1.1245249425e-06, 9.69963025454e-07, 5.89987109834e-07, 4.76625331203e-07, 3.81155842888e-07, 2.43339059125e-07],
        "dmean2": [0.0048708175309, 0.00359902810305, 0.00141113053542, 0.000672938302159, 0.0007780760061, 0.000557624385692, 0.000295714096865, 0.000273554614978, 0.000391992885852, 0.000379894539947, 0.000145968602737, 0.000149642452016, 0.000201704911888, 0.000129406063934, 0.000117299161502, 8.98787402548e-05, 7.9986268247e-05, 3.00673382299e-05, 3.33839161613e-05, 3.22799860442e-05, 5.08068151248e-05, 3.38314384862e-05, 1.44903215187e-05, 1.00035376818e-05, 9.94351194095e-06, 9.63257753028e-06, 4.82032874061e-06, 2.93195762424e-06, 2.75175830211e-06, 2.68668009085e-06, 3.74173964701e-06, 3.88190483136e-06, 2.86223735202e-06, 1.66612596786e-06, 1.74283184151e-06, 1.50976632085e-06, 9.19636420349e-07, 7.35739774882e-07, 6.09470760082e-07, 3.93066699189e-07],
        "dvar": [2.71275930572e-05, 1.38226178024e-05, 1.33357877985e-06, 2.65166164581e-07, 8.1826647147e-07, 2.18079918568e-07, 5.42018021576e-08, 5.98613354441e-08, 3.71302263602e-07, 3.70068505617e-07, 2.91093211757e-08, 3.08499785717e-08, 1.11556275328e-07, 3.90710361842e-08, 5.76882257519e-08, 2.83360641617e-08, 2.672591215e-08, 1.55002521929e-09, 3.09654479835e-09, 1.80768566782e-09, 6.63510046905e-09, 4.38985514606e-09, 9.59864965289e-10, 1.73786721125e-10, 2.4513402419e-10, 2.54228138541e-10, 8.49737849529e-11, 1.37301055941e-11, 1.41068745227e-11, 1.32140930142e-11, 2.34343256605e-11, 2.61638141708e-11, 1.85147713133e-11, 4.14967973178e-12, 5.01806061981e-12, 5.08677561878e-12, 1.6011839207e-12, 7.43162584423e-13, 5.18098313817e-13, 2.79418767854e-13],
        "dvar2": [6.16849429207e-05, 3.10086652462e-05, 3.78847744287e-06, 6.64884737489e-07, 1.82406813565e-06, 5.25240409388e-07, 1.24706289739e-07, 1.52364719952e-07, 8.65067931954e-07, 8.17114539586e-07, 7.45451771422e-08, 6.62706156618e-08, 2.57206750121e-07, 8.31051281125e-08, 1.32854054868e-07, 6.32552925595e-08, 6.17627691213e-08, 3.71321351444e-09, 6.44653086468e-09, 4.0502841081e-09, 1.56843018573e-08, 1.00831050176e-08, 2.52018161895e-09, 3.5147462718e-10, 6.04200245391e-10, 6.27352170213e-10, 2.36618447058e-10, 2.94234532572e-11, 3.26631187375e-11, 3.03349671771e-11, 4.87412055161e-11, 5.62605968757e-11, 4.77596608095e-11, 8.87651497444e-12, 1.22500976377e-11, 1.3266229261e-11, 3.66192406259e-12, 1.52289216394e-12, 1.20319173461e-12, 6.45259670348e-13],
        "max": [0.0494519732893, 0.0353010483086, 0.00993362721056, 0.00648382864892, 0.0114508001134, 0.00780887203291, 0.00310098426417, 0.00438299728557, 0.00950481835753, 0.0102938273922, 0.00241747894324, 0.00228048698045, 0.00490261055529, 0.00298599619418, 0.00419101119041, 0.00263795931824, 0.00216297386214, 0.000539000786375, 0.00122160080355, 0.000584248104133, 0.00155332731083, 0.00130463496316, 0.000715812609997, 0.000295639503747, 0.000233447397477, 0.00032290208037, 0.000202217575861, 6.46715416224e-05, 7.76142551331e-05, 5.9248173784e-05, 7.16950089554e-05, 5.04606687173e-05, 4.6325421863e-05, 2.81265074591e-05, 4.55954104837e-05, 4.98338340549e-05, 2.53412545135e-05, 1.47395312524e-05, 1.19804753922e-05, 1.11458539322e-05],
        "mean": [0.00431167939678, 0.00354755669832, 0.00131788407452, 0.000736088724807, 0.000718487252016, 0.000547060801182, 0.000329133792548, 0.000292592623737, 0.00038879350177, 0.000363793136785, 0.000149718049215, 0.000153966961079, 0.000177052817889, 0.000129867636133, 0.000103813545138, 8.43440211611e-05, 6.54548566672e-05, 2.99434886983e-05, 3.83054029953e-05, 3.3370048186e-05, 5.04869676661e-05, 3.28861788148e-05, 1.42825610965e-05, 1.00751967693e-05, 1.05973886093e-05, 9.96258313535e-06, 5.53443123863e-06, 3.21782385981e-06, 3.08404696625e-06, 2.88027035822e-06, 4.58178283225e-06, 4.58533031633e-06, 3.12385805046e-06, 2.16191006075e-06, 2.24828136197e-06, 1.99543524104e-06, 1.07142841443e-06, 8.7425428319e-07, 6.40960138298e-07, 3.71546434508e-07],
        "median": [0.00261932634749, 0.00238488963805, 0.000924379681237, 0.00046626655967, 0.000436660164269, 0.00035345699871, 0.000223314214963, 0.000191315673874, 0.000122368961456, 0.000101109777461, 7.18560113455e-05, 6.08118498349e-05, 5.09656674694e-05, 5.23733760929e-05, 3.21070765494e-05, 2.19614994421e-05, 1.51848398673e-05, 1.23528616314e-05, 1.21108168969e-05, 1.23329964481e-05, 1.74220222107e-05, 9.16872613743e-06, 5.64385209145e-06, 4.62628486275e-06, 3.43982105733e-06, 2.41669090428e-06, 1.58026784902e-06, 1.23703944155e-06, 1.16616240575e-06, 1.08308597646e-06, 1.82358121492e-06, 1.57607564688e-06, 1.13572536975e-06, 9.18942419048e-07, 9.63331444837e-07, 7.27940346223e-07, 4.26889698701e-07, 3.18780593034e-07, 2.70781896461e-07, 1.66546257674e-07],
        "min": [6.60946307107e-06, 3.93465525121e-05, 4.91837818117e-05, 2.36280684476e-05, 2.54842816503e-05, 1.74054694071e-05, 8.43273937789e-06, 1.33820858537e-05, 7.70367660152e-06, 6.16573697698e-06, 5.07263939653e-06, 4.99834413858e-06, 3.52981646756e-06, 2.71105386673e-06, 1.42620649513e-06, 8.56043470776e-07, 1.09718371277e-06, 1.11067743092e-06, 7.1345169772e-07, 5.27925408278e-07, 8.83895722836e-07, 4.97605185501e-07, 4.05754121857e-07, 2.40825301034e-07, 2.21440799919e-07, 8.00662007805e-08, 4.17664516306e-08, 4.30430766585e-08, 3.90465295652e-08, 1.12864420032e-08, 1.62928799341e-08, 1.79896915142e-08, 2.55653720416e-08, 1.66730789175e-08, 9.31051236108e-09, 9.34875998837e-09, 1.27459653942e-09, 4.41943592833e-09, 3.06495020336e-12, 2.69056218277e-11],
