{
"highlevel": {
    "danceability": {
        "all": {
            "danceable": 0.651846587658,
            "not_danceable": 0.348153442144
        },
        "probability": 0.651846587658,
        "value": "danceable"
    },
    "gender": {
        "all": {
            "female": 0.028487207368,
            "male": 0.971512794495
        },
        "probability": 0.971512794495,
        "value": "male"
    },
    "genre_dortmund": {
        "all": {
            "alternative": 0.146300181746,
            "blues": 0.0621152594686,
            "electronic": 0.00737742474303,
            "folkcountry": 0.0858875066042,
            "funksoulrnb": 0.0131960082799,
            "jazz": 0.0158974900842,
            "pop": 0.0451947115362,
            "raphiphop": 0.00462887436152,
            "rock": 0.619402527809
        },
        "probability": 0.619402527809,
        "value": "rock"
    },
    "genre_electronic": {
        "all": {
            "ambient": 0.636512577534,
            "dnb": 0.235323131084,
            "house": 0.0704466477036,
            "techno": 0.00448231538758,
            "trance": 0.0532353371382
        },
        "probability": 0.636512577534,
        "value": "ambient"
    },
    "genre_rosamerica": {
        "all": {
            "cla": 0.0106952833012,
            "dan": 0.00934552773833,
            "hip": 0.00972718931735,
            "jaz": 0.0562682785094,
            "pop": 0.350028276443,
            "rhy": 0.107894733548,
            "roc": 0.449650347233,
            "spe": 0.00639036903158
        },
        "probability": 0.449650347233,
        "value": "roc"
    },
    "genre_tzanetakis": {
        "all": {
            "blu": 0.0620671063662,
            "cla": 0.034474901855,
            "cou": 0.103433981538,
            "dis": 0.0620971247554,
            "hip": 0.15527240932,
            "jaz": 0.310666948557,
            "met": 0.044346679002,
            "pop": 0.0620793737471,
            "reg": 0.0620816536248,
            "roc": 0.103479810059
        },
        "probability": 0.310666948557,
        "value": "jaz"
    },
    "ismir04_rhythm": {
        "all": {
            "ChaChaCha": 0.0199204608798,
            "Jive": 0.017988929525,
            "Quickstep": 0.662533819675,
            "Rumba-American": 0.0198552478105,
            "Rumba-International": 0.0257337801158,
            "Rumba-Misc": 0.00558416172862,
            "Samba": 0.118180289865,
            "Tango": 0.0658922940493,
            "VienneseWaltz": 0.0520520545542,
            "Waltz": 0.0122589385137
        },
        "probability": 0.662533819675,
        "value": "Quickstep"
    },
    "mood_acoustic": {
        "all": {
            "acoustic": 0.475334733725,
            "not_acoustic": 0.524665296078
        },
        "probability": 0.524665296078,
        "value": "not_acoustic"
    },
    "mood_aggressive": {
        "all": {
            "aggressive": 0.300346851349,
            "not_aggressive": 0.699653148651
        },
        "probability": 0.699653148651,
        "value": "not_aggressive"
    },
    "mood_electronic": {
        "all": {
            "electronic": 0.0668193772435,
            "not_electronic": 0.933180630207
        },
        "probability": 0.933180630207,
        "value": "not_electronic"
    },
    "mood_happy": {
        "all": {
            "happy": 0.584308207035,
            "not_happy": 0.415691763163
        },
        "probability": 0.584308207035,
        "value": "happy"
    },
    "mood_party": {
        "all": {
            "not_party": 0.751867830753,
            "party": 0.248132154346
        },
        "probability": 0.751867830753,
        "value": "not_party"
    },
    "mood_relaxed": {
        "all": {
            "not_relaxed": 0.785287022591,
            "relaxed": 0.214712977409
        },
        "probability": 0.785287022591,
        "value": "not_relaxed"
    },
    "mood_sad": {
        "all": {
            "not_sad": 0.586033046246,
            "sad": 0.413966953754
        },
        "probability": 0.586033046246,
        "value": "not_sad"
    },
    "moods_mirex": {
        "all": {
            "Cluster1": 0.515357196331,
            "Cluster2": 0.120208345354,
            "Cluster3": 0.181005403399,
            "Cluster4": 0.139178529382,
            "Cluster5": 0.0442505329847
        },
        "probability": 0.515357196331,
        "value": "Cluster1"
    },
    "timbre": {
        "all": {
            "bright": 0.0932837128639,
            "dark": 0.906716287136
        },
        "probability": 0.906716287136,
        "value": "dark"
    },
    "tonal_atonal": {
        "all": {
            "atonal": 0.00259004044347,
            "tonal": 0.997409939766
        },
        "probability": 0.997409939766,
        "value": "tonal"
    },
    "voice_instrumental": {
        "all": {
            "instrumental": 2.89082345262e-05,
            "voice": 0.999971091747
        },
        "probability": 0.999971091747,
        "value": "voice"
    }
},
"lowlevel": {
    "average_loudness": 0.971426010132,
    "barkbands_crest": {
        "dmean": 2.44141578674,
        "dmean2": 4.00779342651,
        "dvar": 4.53110790253,
        "dvar2": 11.9466686249,
        "max": 22.9617919922,
        "mean": 9.82585811615,
        "median": 9.3085603714,
        "min": 2.20466089249,
        "var": 11.5074510574
    },
    "barkbands_flatness_db": {
        "dmean": 0.0228323396295,
        "dmean2": 0.0340160652995,
        "dvar": 0.000423153629526,
        "dvar2": 0.000922142877243,
        "max": 0.288931399584,
        "mean": 0.157620877028,
        "median": 0.153804972768,
        "min": 0.0473024100065,
        "var": 0.00201307795942
    },
    "barkbands_kurtosis": {
        "dmean": 2.61810159683,
        "dmean2": 4.24441623688,
        "dvar": 14.2964067459,
        "dvar2": 36.8982162476,
        "max": 50.0243492126,
        "mean": 4.3462677002,
        "median": 2.7674036026,
        "min": -1.83084857464,
        "var": 31.0151958466
    },
    "barkbands_skewness": {
        "dmean": 0.511812984943,
        "dmean2": 0.784024894238,
        "dvar": 0.234495416284,
        "dvar2": 0.569119155407,
        "max": 6.36362743378,
        "mean": 1.68446195126,
        "median": 1.66933012009,
        "min": -1.47397398949,
        "var": 1.06222748756
    },
    "barkbands_spread": {
        "dmean": 5.16417360306,
        "dmean2": 7.85664796829,
        "dvar": 46.1499443054,
        "dvar2": 87.4517059326,
        "max": 102.533538818,
        "mean": 18.7850952148,
        "median": 16.6929798126,
        "min": 2.7297077179,
        "var": 144.391098022
    },
    "dissonance": {
        "dmean": 0.0193670019507,
        "dmean2": 0.0328636094928,
        "dvar": 0.000301962543745,
        "dvar2": 0.000811354315374,
        "max": 0.499860584736,
        "mean": 0.461692661047,
        "median": 0.466627448797,
        "min": 0.341793805361,
        "var": 0.000619933649432
    },
    "dynamic_complexity": 2.31088733673,
    "erbbands_crest": {
        "dmean": 2.64387130737,
        "dmean2": 4.26196670532,
        "dvar": 6.40834522247,
        "dvar2": 14.0816087723,
        "max": 31.6717910767,
        "mean": 9.18549251556,
        "median": 7.75643920898,
        "min": 2.34272551537,
        "var": 24.6735477448
    },
    "erbbands_flatness_db": {
        "dmean": 0.0186584554613,
        "dmean2": 0.0264994967729,
        "dvar": 0.000302342348732,
        "dvar2": 0.000542897323612,
        "max": 0.299016028643,
        "mean": 0.154370188713,
        "median": 0.152898952365,
        "min": 0.06700925529,
        "var": 0.00151964009274
    },
    "erbbands_kurtosis": {
        "dmean": 0.864886879921,
        "dmean2": 1.34839117527,
        "dvar": 1.35620498657,
        "dvar2": 3.24654650688,
        "max": 17.0345935822,
        "mean": 0.606681168079,
        "median": -0.0443813800812,
        "min": -1.64441812038,
        "var": 4.56739282608
    },
    "erbbands_skewness": {
        "dmean": 0.341311305761,
        "dmean2": 0.530940115452,
        "dvar": 0.0969528630376,
        "dvar2": 0.212402865291,
        "max": 2.5243127346,
        "mean": 0.313908427954,
        "median": 0.363305270672,
        "min": -2.85042309761,
        "var": 0.460484474897
    },
    "erbbands_spread": {
        "dmean": 7.30444097519,
        "dmean2": 10.7622032166,
        "dvar": 55.9575881958,
        "dvar2": 111.42325592,
        "max": 118.10383606,
        "mean": 36.4092330933,
        "median": 35.3465270996,
        "min": 3.94541335106,
        "var": 268.132873535
    },
    "hfc": {
        "dmean": 7.15885066986,
        "dmean2": 10.0665378571,
        "dvar": 116.709350586,
        "dvar2": 225.382644653,
        "max": 153.757888794,
        "mean": 23.9143753052,
        "median": 17.3624954224,
        "min": 1.27530443668,
        "var": 442.59387207
    },
    "melbands_crest": {
        "dmean": 3.05757546425,
        "dmean2": 5.07484388351,
        "dvar": 6.73785734177,
        "dvar2": 17.5579452515,
        "max": 30.4867095947,
        "mean": 13.7102527618,
        "median": 13.2090978622,
        "min": 3.63367605209,
        "var": 19.9907608032
    },
    "melbands_flatness_db": {
        "dmean": 0.027722813189,
        "dmean2": 0.0410257913172,
        "dvar": 0.000697363982908,
        "dvar2": 0.00148632691707,
        "max": 0.404803693295,
        "mean": 0.216770961881,
        "median": 0.211537837982,
        "min": 0.0559196025133,
        "var": 0.00380447902717
    },
    "melbands_kurtosis": {
        "dmean": 6.18541049957,
        "dmean2": 9.91721630096,
        "dvar": 72.2747955322,
        "dvar2": 188.727111816,
        "max": 117.740821838,
        "mean": 12.5072212219,
        "median": 9.78629970551,
        "min": -1.663610816,
        "var": 156.056137085
    },
    "melbands_skewness": {
        "dmean": 0.698264420033,
        "dmean2": 1.07187986374,
        "dvar": 0.438738971949,
        "dvar2": 1.08270967007,
        "max": 9.20061683655,
        "mean": 2.67390966415,
        "median": 2.6687245369,
        "min": -0.6829033494,
        "var": 1.94557058811
    },
    "melbands_spread": {
        "dmean": 5.47843456268,
        "dmean2": 8.43778896332,
        "dvar": 53.4932632446,
        "dvar2": 118.604812622,
        "max": 136.422866821,
        "mean": 18.4795455933,
        "median": 15.6381292343,
        "min": 1.95610952377,
        "var": 156.149337769
    },
    "pitch_salience": {
        "dmean": 0.069121517241,
        "dmean2": 0.113218277693,
        "dvar": 0.00351964216679,
        "dvar2": 0.0091564822942,
        "max": 0.855337798595,
        "mean": 0.543278098106,
        "median": 0.548577427864,
        "min": 0.161987632513,
        "var": 0.00880106724799
    },
    "silence_rate_20dB": {
        "dmean": 0,
        "dmean2": 0,
        "dvar": 0,
        "dvar2": 0,
        "max": 1,
        "mean": 1,
        "median": 1,
        "min": 1,
        "var": 0
    },
    "silence_rate_30dB": {
        "dmean": 0.00773993786424,
        "dmean2": 0.0154918665066,
        "dvar": 0.00768012972549,
        "dvar2": 0.018350424245,
        "max": 1,
        "mean": 0.993812859058,
        "median": 1,
        "min": 0,
        "var": 0.0061488058418
    },
    "silence_rate_60dB": {
        "dmean": 0.00154798757285,
        "dmean2": 0.00309837330133,
        "dvar": 0.00154558382928,
        "dvar2": 0.00308873481117,
        "max": 1,
        "mean": 0.00154679035768,
        "median": 0,
        "min": 0,
        "var": 0.00154439266771
    },
    "spectral_centroid": {
        "dmean": 199.276290894,
        "dmean2": 307.139099121,
        "dvar": 50953.3945312,
        "dvar2": 108427.1875,
        "max": 3583.37255859,
        "mean": 1012.96789551,
        "median": 971.656311035,
        "min": 302.259094238,
        "var": 185044.546875
    },
    "spectral_complexity": {
        "dmean": 3.64860677719,
        "dmean2": 5.34856700897,
        "dvar": 13.8888711929,
        "dvar2": 26.0612373352,
        "max": 54,
        "mean": 20.6682128906,
        "median": 20,
        "min": 4,
        "var": 64.1955108643
    },
    "spectral_decrease": {
        "dmean": 3.04232239401e-09,
        "dmean2": 5.00125274527e-09,
        "dvar": 1.86765934135e-17,
        "dvar2": 5.00244390671e-17,
        "max": -2.61174915028e-10,
        "mean": -9.2047303113e-09,
        "median": -8.27191559694e-09,
        "min": -4.85815974116e-08,
        "var": 2.779933347e-17
    },
    "spectral_energy": {
        "dmean": 0.0118534546345,
        "dmean2": 0.0194209516048,
        "dvar": 0.000276040227618,
        "dvar2": 0.000734672648832,
        "max": 0.186836391687,
        "mean": 0.0369098223746,
        "median": 0.0329287014902,
        "min": 0.00110140861943,
        "var": 0.00043818942504
    },
    "spectral_energyband_high": {
        "dmean": 0.000442536285846,
        "dmean2": 0.000589714560192,
        "dvar": 1.10481744287e-06,
        "dvar2": 1.97977078642e-06,
        "max": 0.0175809133798,
        "mean": 0.00081828632392,
        "median": 0.000303738575894,
        "min": 1.54476504122e-06,
        "var": 2.72793295153e-06
    },
    "spectral_energyband_low": {
        "dmean": 0.00835204869509,
        "dmean2": 0.0142670050263,
        "dvar": 0.000235109997448,
        "dvar2": 0.000658052565996,
        "max": 0.159108921885,
        "mean": 0.0143797332421,
        "median": 0.0115579236299,
        "min": 3.40923688782e-05,
        "var": 0.000223568102228
    },
    "spectral_energyband_middle_high": {
        "dmean": 0.0022026731167,
        "dmean2": 0.0031426649075,
        "dvar": 1.09912962216e-05,
        "dvar2": 2.24449013331e-05,
        "max": 0.0597270429134,
        "mean": 0.00702325534075,
        "median": 0.00384189398028,
        "min": 0.000153454617248,
        "var": 6.96952774888e-05
    },
    "spectral_energyband_middle_low": {
        "dmean": 0.00604573730379,
        "dmean2": 0.00973119866103,
        "dvar": 5.11440739501e-05,
        "dvar2": 0.000128829851747,
        "max": 0.0761414989829,
        "mean": 0.0163295827806,
        "median": 0.013148855418,
        "min": 0.000478901201859,
        "var": 0.000133370631374
    },
    "spectral_entropy": {
        "dmean": 0.171926826239,
        "dmean2": 0.245068520308,
        "dvar": 0.0267618056387,
        "dvar2": 0.0507820136845,
        "max": 8.55040454865,
        "mean": 7.4769115448,
        "median": 7.48744010925,
        "min": 6.4380197525,
        "var": 0.135499715805
    },
    "spectral_flux": {
        "dmean": 0.027372919023,
        "dmean2": 0.0424378104508,
        "dvar": 0.000904137152247,
        "dvar2": 0.00175617262721,
        "max": 0.299694120884,
        "mean": 0.0980746597052,
        "median": 0.090040281415,
        "min": 0.0160260051489,
        "var": 0.00234242947772
    },
    "spectral_kurtosis": {
        "dmean": 1.77962231636,
        "dmean2": 2.83023667336,
        "dvar": 3.34613275528,
        "dvar2": 8.33506584167,
        "max": 26.6519546509,
        "mean": 5.27475214005,
        "median": 4.58083057404,
        "min": -0.889494180679,
        "var": 10.9451551437
    },
    "spectral_rms": {
        "dmean": 0.000899184902664,
        "dmean2": 0.00143876287621,
        "dvar": 1.03481431779e-06,
        "dvar2": 2.63647189058e-06,
        "max": 0.0135010890663,
        "mean": 0.00578447058797,
        "median": 0.00566794164479,
        "min": 0.00103660265449,
        "var": 2.54953306467e-06
    },
    "spectral_rolloff": {
        "dmean": 379.2137146,
        "dmean2": 632.287475586,
        "dvar": 701650.8125,
        "dvar2": 1312553.5,
        "max": 10292.8710938,
        "mean": 1061.15466309,
        "median": 775.1953125,
        "min": 86.1328125,
        "var": 1352229.875
    },
    "spectral_skewness": {
        "dmean": 0.228985711932,
        "dmean2": 0.352776229382,
        "dvar": 0.0405682772398,
        "dvar2": 0.0917521119118,
        "max": 3.68146681786,
        "mean": 1.73861408234,
        "median": 1.69278669357,
        "min": 0.487336158752,
        "var": 0.200309991837
    },
    "spectral_spread": {
        "dmean": 629065.0625,
        "dmean2": 865040.5625,
        "dvar": 590988181504,
        "dvar2": 1.00283534541e+12,
        "max": 13981932,
        "mean": 4277379,
        "median": 4003920.25,
        "min": 1738563.25,
        "var": 2.2394872791e+12
    },
    "spectral_strongpeak": {
        "dmean": 0.640896916389,
        "dmean2": 1.09714317322,
        "dvar": 1.13235294819,
        "dvar2": 2.92596387863,
        "max": 11.4862689972,
        "mean": 1.12376987934,
        "median": 0.447889626026,
        "min": 0,
        "var": 2.63293147087
    },
    "zerocrossingrate": {
        "dmean": 0.00952715333551,
        "dmean2": 0.0111646587029,
        "dvar": 0.000152050182805,
        "dvar2": 0.000175432811375,
        "max": 0.2734375,
        "mean": 0.0489346161485,
        "median": 0.0439453125,
        "min": 0.00732421875,
        "var": 0.000845265574753
    },
    "barkbands": {
        "dmean": [0.000127153864014, 0.00480244867504, 0.00399618130177, 0.00188484229147, 0.00289140222594, 0.00141540146433, 0.000872597156558, 0.0018206036184, 0.000810072815511, 0.000495721353218, 0.000495205924381, 0.000677298405208, 0.000718077470083, 0.0004701539292, 0.000425571168307, 0.000324215478031, 0.000247846997809, 0.000140033487696, 8.44691894599e-05, 7.64577416703e-05, 7.3600160249e-05, 8.52018565638e-05, 6.99264346622e-05, 0.000122990153614, 7.84931107773e-05, 4.42668933829e-05, 2.40919089123e-08],
        "dmean2": [0.000211390070035, 0.00808504223824, 0.00700997235253, 0.00321931554936, 0.00471733231097, 0.00220542517491, 0.00140272604767, 0.00280419760384, 0.00128179474268, 0.000777140026912, 0.000763098243624, 0.00104661413934, 0.00105268950574, 0.000765621080063, 0.000674616137985, 0.000544633250684, 0.000396838615416, 0.00021875728271, 0.000130421030917, 0.0001173050332, 0.000108243883005, 0.000125828839373, 0.000100259974715, 0.00017226106138, 0.000113893744128, 6.62313759676e-05, 4.2270862366e-08],
        "dvar": [6.50165787874e-08, 7.12264736649e-05, 6.15087556071e-05, 7.13477948011e-06, 1.73311946128e-05, 6.46292164674e-06, 4.05148512073e-06, 1.44691630339e-05, 4.23127039539e-06, 1.32208174364e-06, 1.22793983337e-06, 3.0090193377e-06, 3.6278142943e-06, 1.7765486291e-06, 7.24439416899e-07, 6.10458982919e-07, 1.83968097645e-07, 5.33181001572e-08, 2.47663987096e-08, 2.28514061007e-08, 2.61437236304e-08, 3.12736823105e-08, 2.14294448853e-08, 2.67641468099e-07, 7.85185463315e-08, 1.31503483658e-08, 1.20884730584e-14],
        "dvar2": [1.69425092622e-07, 0.000199080488528, 0.000174597269506, 2.01537059183e-05, 4.58848444396e-05, 1.54829995154e-05, 1.0144684893e-05, 3.23380663758e-05, 1.0296174878e-05, 2.6866450753e-06, 2.78179459201e-06, 7.08595825927e-06, 6.98589701642e-06, 4.11788869314e-06, 1.60639433489e-06, 1.54423071308e-06, 4.48710324008e-07, 1.24702850712e-07, 5.71113361048e-08, 4.94978849019e-08, 5.46717302541e-08, 6.23461957616e-08, 3.8458498608e-08, 4.98121437431e-07, 1.75693159576e-07, 2.97545525996e-08, 3.02005362179e-14],
        "max": [0.00267516332678, 0.0846829637885, 0.0743510127068, 0.0309638977051, 0.0504228062928, 0.0324548818171, 0.0333872810006, 0.0425906293094, 0.0278897043318, 0.0193783156574, 0.0189639180899, 0.0303986817598, 0.0498264692724, 0.0234260912985, 0.011995154433, 0.00904916413128, 0.00562030868605, 0.00350859062746, 0.00273892399855, 0.00274631544016, 0.00497415615246, 0.00386960618198, 0.00249148858711, 0.011128520593, 0.00602422701195, 0.00138362450525, 1.64687207871e-06],
        "mean": [0.000183402211405, 0.00746662355959, 0.00526865525171, 0.0027323034592, 0.00517592020333, 0.00258869212121, 0.00140910223126, 0.00289813731797, 0.00121642462909, 0.000807766220532, 0.000845518196002, 0.00107460014988, 0.00152250227984, 0.000737850205041, 0.00070993747795, 0.000502348470036, 0.000459042668808, 0.000265017297352, 0.000154838213348, 0.000152826803969, 0.000131027627503, 0.00014412793098, 0.000115210998047, 0.000178064103238, 0.000112877423817, 5.70224583498e-05, 1.82656521019e-08],
        "median": [3.29027025145e-05, 0.00571094546467, 0.00301945069805, 0.00159972556867, 0.00297030154616, 0.0012523944024, 0.000692839326803, 0.000864315137733, 0.00045121711446, 0.000378171098419, 0.000359275698429, 0.000277203886071, 0.000261904584477, 0.000222766568186, 0.000321633066051, 0.000183373282198, 0.000235336454352, 0.000160905066878, 9.02834508452e-05, 7.72726925788e-05, 5.77769314987e-05, 5.05896605318e-05, 3.65104933735e-05, 3.26828376274e-05, 1.85458156921e-05, 7.2854127211e-06, 6.45474729222e-10],
        "min": [4.06120381768e-09, 4.75748220197e-06, 4.47372531198e-06, 8.94093136594e-06, 3.77025462512e-05, 2.3332577257e-05, 8.24947528599e-06, 1.33625653689e-05, 1.99039568543e-05, 8.82597669261e-06, 8.32094610814e-06, 6.44934516458e-06, 7.31342834115e-06, 7.39176357456e-06, 7.55114979256e-06, 3.63970252693e-06, 6.14531927567e-06, 5.19791683473e-06, 2.50058451456e-06, 2.04075422516e-06, 3.203898018e-07, 2.29824479447e-07, 1.39024990631e-07, 2.01714573933e-08, 1.82186585262e-10, 1.62221035216e-11, 7.15366047649e-12],
        "var": [1.0592826527e-07, 6.86105558998e-05, 5.45193543076e-05, 1.10760074676e-05, 3.82769430871e-05, 1.78595382749e-05, 6.06479579801e-06, 3.18543752655e-05, 6.02189220444e-06, 2.78548691313e-06, 2.61967079496e-06, 6.44326428301e-06, 2.33578302868e-05, 3.14962380799e-06, 1.21418099752e-06, 8.75582486515e-07, 3.97340897962e-07, 1.10733978431e-07, 4.22433821257e-08, 5.39862057281e-08, 6.44861941623e-08, 7.57321103606e-08, 5.21312060187e-08, 4.69786783697e-07, 1.36955932817e-07, 2.07712673728e-08, 9.89169141562e-15]
    },
    "erbbands": {
        "dmean": [0.1179555282, 1.20492076874, 4.29140853882, 5.36357593536, 6.69653463364, 11.7283096313, 14.33365345, 9.91934967041, 11.8828430176, 19.3736743927, 41.629524231, 18.5684108734, 14.3406581879, 17.3849525452, 18.7520027161, 27.14585495, 33.3686904907, 26.7357788086, 17.2974796295, 21.1741161346, 16.0973415375, 11.4017953873, 7.87388420105, 4.36698818207, 4.37412452698, 3.7260890007, 2.93848133087, 3.06670379639, 3.20546555519, 2.36854028702, 2.04115462303, 2.21162748337, 2.22361087799, 1.15926826, 0.435443997383, 0.203426986933, 0.0845402553678, 0.00960543379188, 0.000168330603628, 1.88523426914e-05],
        "dmean2": [0.199906617403, 2.07795143127, 7.52847003937, 9.24230289459, 11.2606611252, 19.7641468048, 22.1604385376, 15.5590143204, 19.0167560577, 30.8189506531, 65.0412750244, 28.2785549164, 22.2936325073, 26.2489509583, 28.5871543884, 42.541934967, 48.2841072083, 43.4479255676, 27.2289676666, 33.5176086426, 26.6561832428, 18.3563079834, 12.3046283722, 6.71503686905, 6.7589507103, 5.75062274933, 4.37077331543, 4.61608171463, 4.77971601486, 3.47733068466, 2.86337351799, 3.02517461777, 3.25402283669, 1.72044217587, 0.648385286331, 0.307794481516, 0.127793520689, 0.0148766217753, 0.000256276805885, 2.87781367661e-05],
        "dvar": [0.0506068207324, 4.65069103241, 70.709815979, 76.6720352173, 83.9660263062, 385.588348389, 519.106262207, 369.742553711, 660.379455566, 1856.18725586, 8645.36230469, 2033.75463867, 1105.51428223, 1471.29040527, 2520.41186523, 4806.06445312, 8167.39453125, 5167.28417969, 1123.65856934, 2362.04907227, 1119.39489746, 396.667327881, 158.277816772, 56.2459106445, 78.1839981079, 53.5525474548, 43.2961807251, 43.0153007507, 46.5237426758, 21.5711040497, 20.394405365, 65.7884140015, 103.440345764, 19.958562851, 1.9372959137, 0.272799491882, 0.0500063411891, 0.000766846351326, 2.18587828726e-07, 8.13897282903e-10],
        "dvar2": [0.138297408819, 13.0885715485, 202.773635864, 219.546325684, 244.785079956, 1012.74902344, 1116.55554199, 858.114257812, 1673.35827637, 4349.37548828, 19343.8085938, 4965.45361328, 2376.08935547, 2932.20019531, 5925.98486328, 11937.5449219, 15144.7138672, 12023.4082031, 2564.26782227, 5485.98974609, 2846.79614258, 979.784545898, 369.187347412, 133.67980957, 189.416107178, 116.052101135, 92.3790817261, 88.0270462036, 96.2646942139, 40.8550071716, 36.4329147339, 113.003692627, 208.421676636, 44.0949020386, 4.2650718689, 0.630490124226, 0.115468151867, 0.00175508635584, 4.96077461776e-07, 1.90042381831e-09],
        "max": [2.17683410645, 21.1935443878, 82.1311569214, 77.5947952271, 130.850891113, 239.667739868, 316.725524902, 322.794342041, 371.89855957, 799.193908691, 1053.08251953, 683.955322266, 614.54119873, 678.267456055, 875.573852539, 1491.81835938, 2732.15087891, 1125.15820312, 469.891662598, 792.137451172, 625.337219238, 248.293273926, 195.345932007, 128.087387085, 187.140808105, 127.637481689, 204.617919922, 167.716537476, 144.450759888, 77.8516998291, 81.6175918579, 226.719863892, 186.215942383, 100.101371765, 25.8254795074, 6.59935617447, 2.41905045509, 0.32942289114, 0.00564069813117, 0.000335908844136],
        "mean": [0.184262752533, 1.80460381508, 5.86844539642, 8.01502799988, 10.7228422165, 18.9202384949, 25.1995182037, 18.1171684265, 20.4715766907, 31.7558612823, 66.9867095947, 30.3892383575, 23.1500473022, 30.5664978027, 34.652545929, 49.1368713379, 77.2606201172, 46.7010307312, 29.2302474976, 38.3488578796, 28.9681663513, 22.2173709869, 16.2666873932, 8.60175514221, 8.12146091461, 7.33621025085, 5.45819664001, 5.24312877655, 5.30233955383, 4.07568216324, 3.24916267395, 3.33783745766, 3.06585931778, 1.61796844006, 0.625082671642, 0.264705747366, 0.10386582464, 0.0104199415073, 0.000210560901905, 5.3063420637e-05],
        "median": [0.116509370506, 1.36974561214, 3.29352116585, 5.28588867188, 7.044277668, 8.70278739929, 10.5951156616, 9.41793060303, 10.8145723343, 13.5827856064, 20.9952545166, 12.6416149139, 10.9792509079, 13.6789951324, 12.9704275131, 12.639966011, 14.3149585724, 15.2011671066, 14.0784635544, 16.6563549042, 14.1989116669, 12.9320344925, 9.85467433929, 5.59161233902, 4.46408557892, 3.74357843399, 2.64036774635, 2.17413449287, 1.91019642353, 1.45867216587, 0.948210179806, 0.668701529503, 0.528875350952, 0.24547880888, 0.0942014530301, 0.0361249446869, 0.0125531610101, 0.000923552492168, 4.16571347159e-05, 4.33683017036e-05],
        "min": [0.000214866609895, 0.00202888716012, 0.00750502198935, 0.0307635478675, 0.16069278121, 0.0567026399076, 0.0534433051944, 0.216121762991, 0.307151943445, 0.275101333857, 0.435126572847, 0.475536853075, 0.41379570961, 0.510855853558, 0.523919522762, 0.554146707058, 0.512296020985, 0.417332738638, 0.372351914644, 0.44471102953, 0.406159460545, 0.338114380836, 0.386922687292, 0.211171984673, 0.0760985091329, 0.0821353942156, 0.0202022716403, 0.0105095077306, 0.00851137097925, 0.00452416390181, 0.0036894523073, 0.000989230116829, 0.000290867843432, 0.000104101090983, 2.96849484585e-05, 1.2139802493e-05, 4.35963102063e-06, 6.42980467092e-07, 1.86241993561e-06, 1.41834891565e-06],
        "var": [0.0536989532411, 4.16630506516, 63.9821891785, 78.4145736694, 131.493637085, 745.051452637, 1408.4041748, 852.993164062, 1172.3137207, 2936.28076172, 18758.4863281, 3089.49584961, 1996.58081055, 3458.55615234, 5552.34570312, 11861.4804688, 64674.5039062, 10502.0556641, 1899.39477539, 4147.23339844, 1842.44506836, 768.77142334, 409.556365967, 95.6413650513, 129.411987305, 129.420822144, 101.373939514, 104.559524536, 106.581893921, 52.962802887, 47.3930282593, 129.914642334, 163.71232605, 32.8478546143, 3.62453484535, 0.454494684935, 0.0708820521832, 0.000953263777774, 2.88758457145e-07, 1.58401292083e-09]
    },
    "gfcc": {
        "mean": [19.8531360626, 111.982879639, -114.283676147, 31.5887832642, -52.9647941589, 19.2079353333, -41.5233345032, 8.6809425354, -21.3481330872, 1.10865449905, -16.1382923126, -2.48327684402, -11.1930341721],
        "cov": [[2830.03857422, -1577.38171387, 62.7087440491, -99.6809844971, -365.062103271, 253.550842285, -277.260284424, -3.00101613998, -256.45425415, 240.5103302, -260.649139404, 202.983413696, -194.511566162], [-1577.38171387, 1367.86352539, -171.761611938, 99.0834350586, 323.687316895, -135.286300659, 285.257019043, -9.83213424683, 258.520965576, -172.199920654, 207.53894043, -177.476623535, 161.102386475], [62.7087440491, -171.761611938, 477.751831055, 22.7268810272, 3.29034662247, 28.4108848572, -27.5784454346, 90.6450424194, -59.5753860474, 70.8220825195, -39.9876899719, 81.909286499, -21.0822238922], [-99.6809844971, 99.0834350586, 22.7268810272, 364.526397705, 68.9704284668, 35.7507247925, 8.69227600098, -4.41465330124, 77.5940551758, -50.3739738464, 54.8481941223, -42.4678497314, 112.1951828], [-365.062103271, 323.687316895, 3.29034662247, 68.9704284668, 315.951660156, 29.2056427002, 117.136825562, 45.3230476379, 79.4881820679, -9.0955915451, 24.6292858124, -26.5918064117, 31.1829853058], [253.550842285, -135.286300659, 28.4108848572, 35.7507247925, 29.2056427002, 173.080413818, 44.9278717041, 32.8390197754, -13.0731668472, 26.0389709473, 6.20558023453, 6.53737783432, -9.12295627594], [-277.260284424, 285.257019043, -27.5784454346, 8.69227600098, 117.136825562, 44.9278717041, 189.971435547, 42.1847839355, 62.3957710266, -12.3360157013, 52.6952819824, -33.9596443176, 5.71574640274], [-3.00101613998, -9.83213424683, 90.6450424194, -4.41465330124, 45.3230476379, 32.8390197754, 42.1847839355, 123.149765015, 23.8728675842, 26.0458869934, -1.31971621513, 5.66060018539, -6.74927043915], [-256.45425415, 258.520965576, -59.5753860474, 77.5940551758, 79.4881820679, -13.0731668472, 62.3957710266, 23.8728675842, 143.117553711, -20.1400642395, 43.7651100159, -47.7923431396, 39.5601272583], [240.5103302, -172.199920654, 70.8220825195, -50.3739738464, -9.0955915451, 26.0389709473, -12.3360157013, 26.0458869934, -20.1400642395, 107.700080872, -20.7405776978, 40.2223129272, -42.9472732544], [-260.649139404, 207.53894043, -39.9876899719, 54.8481941223, 24.6292858124, 6.20558023453, 52.6952819824, -1.31971621513, 43.7651100159, -20.7405776978, 109.66910553, -23.8907756805, 37.3269996643], [202.983413696, -177.476623535, 81.909286499, -42.4678497314, -26.5918064117, 6.53737783432, -33.9596443176, 5.66060018539, -47.7923431396, 40.2223129272, -23.8907756805, 99.1593551636, -18.1107826233], [-194.511566162, 161.102386475, -21.0822238922, 112.1951828, 31.1829853058, -9.12295627594, 5.71574640274, -6.74927043915, 39.5601272583, -42.9472732544, 37.3269996643, -18.1107826233, 108.101112366]],
        "icov": [[0.00126006116625, 0.000882762891706, 0.00061413180083, -0.000415766844526, 0.000535462168045, -0.00113086227793, 3.56810560334e-05, 4.77022076666e-05, -0.000152936889208, -0.00107161770575, 0.00127266673371, -0.000730616389774, 0.000322566047544], [0.000882762891706, 0.00577257061377, -0.000991444452666, 0.00242363009602, -0.00252049951814, 0.00301477569155, -0.00417712749913, 0.00258384249173, -0.00369892735034, 0.00268841488287, -0.00387079059146, 0.00338630285114, -0.00403391057625], [0.00061413180083, -0.000991444452666, 0.00399432936683, -0.00204741838388, 0.000942787155509, -0.00107622507494, 0.00120268773753, -0.00323254801333, 0.00246887747198, -0.0025290499907, 0.002338682767, -0.00321558187716, 0.00160380546004], [-0.000415766844526, 0.00242363009602, -0.00204741838388, 0.00667679775506, -0.00222166907042, 0.00050569488667, -0.000818587723188, 0.0024631365668, -0.003871999681, 0.00297971931286, -0.00373062095605, 0.00356109370477, -0.00632281275466], [0.000535462168045, -0.00252049951814, 0.000942787155509, -0.00222166907042, 0.00647968892008, -0.00264806277119, -0.000265118986135, -0.00184411648661, 0.000593751901761, -0.00260717258789, 0.00436801603064, -0.00268516549841, 0.00180449720938], [-0.00113086227793, 0.00301477569155, -0.00107622507494, 0.00050569488667, -0.00264806277119, 0.0113740907982, -0.00541306706145, 0.000133306501084, 9.99549520202e-05, 0.00154168670997, -0.00465389899909, 0.00333952973597, -0.00250178040005], [3.56810560334e-05, -0.00417712749913, 0.00120268773753, -0.000818587723188, -0.000265118986135, -0.00541306706145, 0.0131552089006, -0.00372781814076, 0.000849979114719, -0.00138004659675, 0.000162868047482, -0.0020015113987, 0.00481393607333], [4.77022076666e-05, 0.00258384249173, -0.00323254801333, 0.0024631365668, -0.00184411648661, 0.000133306501084, -0.00372781814076, 0.0133025823161, -0.00480552716181, 0.000358897028491, -0.00143634772394, 0.00243440456688, -0.00257583172061], [-0.000152936889208, -0.00369892735034, 0.00246887747198, -0.003871999681, 0.000593751901761, 9.99549520202e-05, 0.000849979114719, -0.00480552716181, 0.015288614668, -0.00410022446886, 0.00155583326705, 0.000400293909479, 0.00153554440476], [-0.00107161770575, 0.00268841488287, -0.0025290499907, 0.00297971931286, -0.00260717258789, 0.00154168670997, -0.00138004659675, 0.000358897028491, -0.00410022446886, 0.0173694137484, -0.00458039436489, -0.000810508267023, 0.00130398327019], [0.00127266673371, -0.00387079059146, 0.002338682767, -0.00373062095605, 0.00436801603064, -0.00465389899909, 0.000162868047482, -0.00143634772394, 0.00155583326705, -0.00458039436489, 0.0185976233333, -0.00415195245296, 0.00112913746852], [-0.000730616389774, 0.00338630285114, -0.00321558187716, 0.00356109370477, -0.00268516549841, 0.00333952973597, -0.0020015113987, 0.00243440456688, 0.000400293909479, -0.000810508267023, -0.00415195245296, 0.0186136830598, -0.00528645841405], [0.000322566047544, -0.00403391057625, 0.00160380546004, -0.00632281275466, 0.00180449720938, -0.00250178040005, 0.00481393607333, -0.00257583172061, 0.00153554440476, 0.00130398327019, 0.00112913746852, -0.00528645841405, 0.0202513169497]]
    },
    "melbands": {
        "dmean": [0.00118243694305, 0.00197530048899, 0.000921103055589, 0.000584034423809, 0.000533225829713, 0.000241094137891, 0.000176242829184, 0.000245900126174, 0.000327331770677, 0.000103539336124, 7.26539947209e-05, 6.9619709393e-05, 6.36999102426e-05, 6.59009310766e-05, 8.31292563817e-05, 6.68377542752e-05, 5.18969427503e-05, 2.70849104709e-05, 3.40818587574e-05, 2.66225597443e-05, 1.96867167688e-05, 1.42267163028e-05, 9.65277195064e-06, 6.40448342892e-06, 3.56677401214e-06, 3.59361638402e-06, 3.00338251691e-06, 2.64000641437e-06, 1.9375543161e-06, 1.95572010853e-06, 1.85963938293e-06, 1.90179116544e-06, 1.71821534423e-06, 1.29171883145e-06, 1.21145342291e-06, 1.17913316444e-06, 1.52537234044e-06, 1.79053074589e-06, 1.20959100514e-06, 9.52415348365e-07],
        "dmean2": [0.00198205257766, 0.003467281349, 0.00157898303587, 0.000974180991761, 0.000830912962556, 0.000376573036192, 0.000282071123365, 0.000386025931221, 0.000518313609064, 0.000159163508215, 0.000113307680294, 0.000105287508632, 9.83977006399e-05, 0.000103616497654, 0.000121524601127, 0.00010023106006, 8.51569348015e-05, 4.32697415818e-05, 5.36819534318e-05, 4.34156645497e-05, 3.26964764099e-05, 2.3215161491e-05, 1.50131272676e-05, 1.03263964775e-05, 5.61298429602e-06, 5.67200322621e-06, 4.68330790682e-06, 4.16743068854e-06, 2.93647804028e-06, 3.11964345201e-06, 2.87114403363e-06, 2.8613046652e-06, 2.57661372416e-06, 1.92549600797e-06, 1.75664717972e-06, 1.65036965427e-06, 2.16085368265e-06, 2.62786147687e-06, 1.78446703103e-06, 1.4492692344e-06],
        "dvar": [4.46342755822e-06, 1.4518932403e-05, 2.02024466489e-06, 6.96584777415e-07, 6.31139641882e-07, 1.92660280618e-07, 1.53267123437e-07, 2.67306177193e-07, 5.26257394995e-07, 7.54979865292e-08, 2.91173485323e-08, 2.50261660284e-08, 2.39421940051e-08, 3.07728136306e-08, 4.02626589846e-08, 3.1201448536e-08, 2.31259971173e-08, 3.39542660655e-09, 6.01327432292e-09, 4.84903139863e-09, 1.72524916575e-09, 6.75517031201e-10, 3.47603529294e-10, 9.98531396457e-11, 4.03597606724e-11, 4.47696185679e-11, 5.14585873912e-11, 2.56831274997e-11, 1.40711097288e-11, 2.98027817702e-11, 1.46938919365e-11, 1.64419415583e-11, 1.28556418982e-11, 6.2622853951e-12, 6.69454639293e-12, 1.07557738757e-11, 3.59562865593e-11, 7.37504016191e-11, 2.10531956452e-11, 1.4368140358e-11],
        "dvar2": [1.22689461932e-05, 4.14956193708e-05, 5.80110554438e-06, 1.90936202671e-06, 1.47137393469e-06, 4.54708469988e-07, 3.90212107959e-07, 6.15608826138e-07, 1.15792761335e-06, 1.84927131386e-07, 6.23347560236e-08, 5.00372330237e-08, 5.57902950504e-08, 7.63259890846e-08, 8.16391434455e-08, 6.72814337577e-08, 5.35510302768e-08, 7.89551535263e-09, 1.3066156157e-08, 1.23641230587e-08, 4.28444879574e-09, 1.72429104328e-09, 7.87589715667e-10, 2.32464866801e-10, 9.96624935357e-11, 1.05470784884e-10, 1.26986629545e-10, 5.50093269547e-11, 2.9358813991e-11, 7.39147562601e-11, 3.04077388269e-11, 3.57989991817e-11, 2.63732004985e-11, 1.25792952443e-11, 1.28887941986e-11, 1.72213875105e-11, 6.39347394471e-11, 1.51168286222e-10, 4.19208764924e-11, 3.35886388148e-11],
        "max": [0.0223099235445, 0.0397225618362, 0.0135684739798, 0.00961734354496, 0.00865081790835, 0.00675686728209, 0.00654788082466, 0.00771185290068, 0.00842674262822, 0.00491410726681, 0.00322107737884, 0.00298396591097, 0.00288870977238, 0.00354359485209, 0.0036823481787, 0.00436842441559, 0.00259792688303, 0.000792356499005, 0.00122887699399, 0.00100791850127, 0.000857938313857, 0.000358000630513, 0.000424948666478, 0.000125028542243, 0.000105465376691, 0.000118493262562, 0.00015456903202, 8.99180595297e-05, 9.13253315957e-05, 0.000172975313035, 9.13258118089e-05, 8.11717109173e-05, 7.29793537175e-05, 3.67733409803e-05, 5.10026184202e-05, 9.4622708275e-05, 0.000166132609593, 0.0001602392731, 8.80174120539e-05, 8.6286199803e-05],
        "mean": [0.00186804647092, 0.0028969515115, 0.00149658927694, 0.00100879487582, 0.000938999583013, 0.000439321593149, 0.000299599487334, 0.000397772528231, 0.00053186743753, 0.000159091301612, 0.000110771819891, 0.000118115698569, 0.000113726928248, 0.000108954314783, 0.000162596625159, 0.00014118636318, 8.11481295386e-05, 4.06804538216e-05, 5.61698907404e-05, 4.30342370237e-05, 3.35890254064e-05, 2.51323435805e-05, 1.74785182026e-05, 1.18742946142e-05, 6.26273731541e-06, 6.01774036113e-06, 5.41410054211e-06, 4.78444553664e-06, 3.36503558174e-06, 3.24272514263e-06, 2.95095969705e-06, 2.99746307064e-06, 2.72249735644e-06, 2.12668601307e-06, 1.89523063909e-06, 1.70056478055e-06, 2.20261154027e-06, 2.33553942053e-06, 1.6756516743e-06, 1.27190457988e-06],
        "median": [0.00135274755303, 0.00198652711697, 0.00101962836925, 0.000626160064712, 0.000388333573937, 0.000227924014325, 0.000153238215717, 0.000150472085807, 0.000173175605596, 6.45442196401e-05, 4.96462052979e-05, 5.2190025599e-05, 4.72136161989e-05, 3.28679925587e-05, 3.28017886204e-05, 2.7488460546e-05, 2.31187350437e-05, 1.79535636562e-05, 2.32324528042e-05, 1.62931119121e-05, 1.55514117068e-05, 1.34840147439e-05, 9.49923014559e-06, 7.45819443182e-06, 3.76208345187e-06, 3.23937342728e-06, 2.65804965238e-06, 2.2806261768e-06, 1.62414778515e-06, 1.34454444378e-06, 1.14951751584e-06, 1.04595085304e-06, 8.87817520834e-07, 7.86149144005e-07, 5.36916218152e-07, 3.96410143821e-07, 3.73531776177e-07, 3.81852601095e-07, 2.77951642147e-07, 1.8269842883e-07],
        "min": [1.1456897937e-06, 5.08272796651e-06, 9.15185592021e-06, 1.00645838756e-05, 1.36616642976e-06, 5.53055542696e-06, 1.75692787252e-06, 1.74361309746e-06, 3.76967068405e-06, 3.00469696413e-06, 1.07014022888e-06, 1.71374540514e-06, 1.40941051541e-06, 6.173094107e-07, 9.53858489083e-07, 8.11058555428e-07, 7.77368995841e-07, 6.2561315417e-07, 4.92832896271e-07, 3.89510461218e-07, 3.11428294708e-07, 3.05145590573e-07, 2.17178680373e-07, 2.15980790585e-07, 1.34571720878e-07, 4.95459673289e-08, 3.74562318939e-08, 3.66997916501e-08, 1.20794432235e-08, 6.51265175122e-09, 4.97324181836e-09, 4.3962904428e-09, 3.81201825661e-09, 1.78649317562e-09, 2.03735450732e-09, 1.03396735618e-09, 3.79674736095e-10, 2.49755854886e-10, 3.32919000527e-12, 1.15061400078e-12],
