{
"highlevel": {
    "danceability": {
        "all": {
            "danceable": 0.793267965317,
            "not_danceable": 0.206732019782
        },
        "probability": 0.793267965317,
        "value": "danceable"
    },
    "gender": {
        "all": {
            "female": 0.155490994453,
            "male": 0.844509005547
        },
        "probability": 0.844509005547,
        "value": "male"
    },
    "genre_dortmund": {
        "all": {
            "alternative": 0.030044849962,
            "blues": 0.0750615894794,
            "electronic": 0.0381668023765,
            "folkcountry": 0.0234414320439,
            "funksoulrnb": 0.0166424065828,
            "jazz": 0.0276593025774,
            "pop": 0.0155307427049,
            "raphiphop": 0.0518149100244,
            "rock": 0.721637964249
        },
        "probability": 0.721637964249,
        "value": "rock"
    },
    "genre_electronic": {
        "all": {
            "ambient": 0.349438756704,
            "dnb": 0.48225414753,
            "house": 0.0547335185111,
            "techno": 0.00858625490218,
            "trance": 0.104987308383
        },
        "probability": 0.48225414753,
        "value": "dnb"
    },
    "genre_rosamerica": {
        "all": {
            "cla": 0.00654201023281,
            "dan": 0.0175104737282,
            "hip": 0.0494567602873,
            "jaz": 0.015320030041,
            "pop": 0.211098656058,
            "rhy": 0.0147807989269,
            "roc": 0.679746806622,
            "spe": 0.00554446177557
        },
        "probability": 0.679746806622,
        "value": "roc"
    },
    "genre_tzanetakis": {
        "all": {
            "blu": 0.0626541376114,
            "cla": 0.0348133966327,
            "cou": 0.0783501937985,
            "dis": 0.104547761381,
            "hip": 0.15693578124,
            "jaz": 0.313987255096,
            "met": 0.044816005975,
            "pop": 0.0627349764109,
            "reg": 0.0627352520823,
            "roc": 0.0784252434969
        },
        "probability": 0.313987255096,
        "value": "jaz"
    },
    "ismir04_rhythm": {
        "all": {
            "ChaChaCha": 0.0420929566026,
            "Jive": 0.60462230444,
            "Quickstep": 0.128114625812,
            "Rumba-American": 0.00577066559345,
            "Rumba-International": 0.00759897846729,
            "Rumba-Misc": 0.00350294006057,
            "Samba": 0.187683448195,
            "Tango": 0.00610963394865,
            "VienneseWaltz": 0.010664369911,
            "Waltz": 0.00384009908885
        },
        "probability": 0.60462230444,
        "value": "Jive"
    },
    "mood_acoustic": {
        "all": {
            "acoustic": 0.0118886986747,
            "not_acoustic": 0.988111317158
        },
        "probability": 0.988111317158,
        "value": "not_acoustic"
    },
    "mood_aggressive": {
        "all": {
            "aggressive": 0.987078070641,
            "not_aggressive": 0.0129219526425
        },
        "probability": 0.987078070641,
        "value": "aggressive"
    },
    "mood_electronic": {
        "all": {
            "electronic": 0.342188715935,
            "not_electronic": 0.657811284065
        },
        "probability": 0.657811284065,
        "value": "not_electronic"
    },
    "mood_happy": {
        "all": {
            "happy": 0.737136363983,
            "not_happy": 0.262863636017
        },
        "probability": 0.737136363983,
        "value": "happy"
    },
    "mood_party": {
        "all": {
            "not_party": 0.369975596666,
            "party": 0.630024373531
        },
        "probability": 0.630024373531,
        "value": "party"
    },
    "mood_relaxed": {
        "all": {
            "not_relaxed": 0.988875389099,
            "relaxed": 0.0111246118322
        },
        "probability": 0.988875389099,
        "value": "not_relaxed"
    },
    "mood_sad": {
        "all": {
            "not_sad": 0.903369665146,
            "sad": 0.0966303125024
        },
        "probability": 0.903369665146,
        "value": "not_sad"
    },
    "moods_mirex": {
        "all": {
            "Cluster1": 0.50528627634,
            "Cluster2": 0.106713429093,
            "Cluster3": 0.0235600303859,
            "Cluster4": 0.0721193626523,
            "Cluster5": 0.292320907116
        },
        "probability": 0.50528627634,
        "value": "Cluster1"
    },
    "timbre": {
        "all": {
            "bright": 0.302565932274,
            "dark": 0.697434067726
        },
        "probability": 0.697434067726,
        "value": "dark"
    },
    "tonal_atonal": {
        "all": {
            "atonal": 0.300800949335,
            "tonal": 0.699199080467
        },
        "probability": 0.699199080467,
        "value": "tonal"
    },
    "voice_instrumental": {
        "all": {
            "instrumental": 0.0025582856033,
            "voice": 0.997441709042
        },
        "probability": 0.997441709042,
        "value": "voice"
    }
},
"lowlevel": {
    "average_loudness": 0.965685069561,
    "barkbands_crest": {
        "dmean": 3.25555276871,
        "dmean2": 5.40539979935,
        "dvar": 10.2116641998,
        "dvar2": 25.4562320709,
        "max": 23.1466083527,
        "mean": 8.57672977448,
        "median": 7.4941368103,
        "min": 2.27263450623,
        "var": 17.0748100281
    },
    "barkbands_flatness_db": {
        "dmean": 0.0222085230052,
        "dmean2": 0.0331268087029,
        "dvar": 0.000414440321038,
        "dvar2": 0.000929789326619,
        "max": 0.231479361653,
        "mean": 0.109177924693,
        "median": 0.103833906353,
        "min": 0.0436235629022,
        "var": 0.00113563844934
    },
    "barkbands_kurtosis": {
        "dmean": 2.03407621384,
        "dmean2": 3.31365776062,
        "dvar": 11.3932294846,
        "dvar2": 28.6154060364,
        "max": 41.4836654663,
        "mean": 0.972142279148,
        "median": -0.207074403763,
        "min": -1.8393611908,
        "var": 12.4534492493
    },
    "barkbands_skewness": {
        "dmean": 0.642472982407,
        "dmean2": 0.970975458622,
        "dvar": 0.430328190327,
        "dvar2": 0.983833193779,
        "max": 6.15970134735,
        "mean": 0.958462417126,
        "median": 0.828723371029,
        "min": -2.20395922661,
        "var": 0.949058175087
    },
    "barkbands_spread": {
        "dmean": 8.8917131424,
        "dmean2": 13.3163928986,
        "dvar": 85.0268936157,
        "dvar2": 182.917236328,
        "max": 89.3260040283,
        "mean": 34.567741394,
        "median": 33.5499763489,
        "min": 5.85688495636,
        "var": 191.053207397
    },
    "dissonance": {
        "dmean": 0.0133108589798,
        "dmean2": 0.0215593595058,
        "dvar": 0.000176580811967,
        "dvar2": 0.000410780019592,
        "max": 0.499905139208,
        "mean": 0.478676557541,
        "median": 0.484106719494,
        "min": 0.32819250226,
        "var": 0.000352302769898
    },
    "dynamic_complexity": 1.72730994225,
    "erbbands_crest": {
        "dmean": 2.99532842636,
        "dmean2": 4.63489580154,
        "dvar": 9.74049854279,
        "dvar2": 20.013753891,
        "max": 29.2564125061,
        "mean": 8.7608537674,
        "median": 6.95131444931,
        "min": 2.65379476547,
        "var": 27.4149570465
    },
    "erbbands_flatness_db": {
        "dmean": 0.0186453778297,
        "dmean2": 0.0262077245861,
        "dvar": 0.000273722107522,
        "dvar2": 0.000510323618073,
        "max": 0.275450021029,
        "mean": 0.13694883883,
        "median": 0.132877975702,
        "min": 0.0645560696721,
        "var": 0.0012024253374
    },
    "erbbands_kurtosis": {
        "dmean": 1.05268323421,
        "dmean2": 1.67753732204,
        "dvar": 1.91038620472,
        "dvar2": 4.24694919586,
        "max": 17.6889419556,
        "mean": 0.514562487602,
        "median": -0.0314931869507,
        "min": -1.65842211246,
        "var": 4.35052394867
    },
    "erbbands_skewness": {
        "dmean": 0.425461143255,
        "dmean2": 0.648175358772,
        "dvar": 0.174673691392,
        "dvar2": 0.362997800112,
        "max": 2.84563231468,
        "mean": -0.230081409216,
        "median": -0.301086694002,
        "min": -3.05468821526,
        "var": 0.564557850361
    },
    "erbbands_spread": {
        "dmean": 10.8837547302,
        "dmean2": 16.7163295746,
        "dvar": 118.596557617,
        "dvar2": 274.467987061,
        "max": 113.283401489,
        "mean": 40.4587478638,
        "median": 37.5251083374,
        "min": 5.23845720291,
        "var": 325.00177002
    },
    "hfc": {
        "dmean": 8.32399368286,
        "dmean2": 11.6998567581,
        "dvar": 79.3047027588,
        "dvar2": 154.297729492,
        "max": 89.4271697998,
        "mean": 28.0788764954,
        "median": 24.3328742981,
        "min": 1.68238461018,
        "var": 285.554870605
    },
    "melbands_crest": {
        "dmean": 3.94228935242,
        "dmean2": 6.25139379501,
        "dvar": 12.6399650574,
        "dvar2": 32.8151702881,
        "max": 30.2464466095,
        "mean": 12.7689905167,
        "median": 11.7065114975,
        "min": 3.48159170151,
        "var": 24.6398277283
    },
    "melbands_flatness_db": {
        "dmean": 0.0311388801783,
        "dmean2": 0.0464204512537,
        "dvar": 0.000936765689403,
        "dvar2": 0.00193561718334,
        "max": 0.324556022882,
        "mean": 0.149430036545,
        "median": 0.145900040865,
        "min": 0.0426097922027,
        "var": 0.00239736470394
    },
    "melbands_kurtosis": {
        "dmean": 7.4406414032,
        "dmean2": 11.9940471649,
        "dvar": 173.115020752,
        "dvar2": 433.054229736,
        "max": 159.559570312,
        "mean": 8.78646755219,
        "median": 4.35069131851,
        "min": -1.78710770607,
        "var": 195.976547241
    },
    "melbands_skewness": {
        "dmean": 0.953033804893,
        "dmean2": 1.43565869331,
        "dvar": 1.14656853676,
        "dvar2": 2.6711101532,
        "max": 10.8998584747,
        "mean": 2.31617879868,
        "median": 2.03289198875,
        "min": -1.09585475922,
        "var": 2.35576224327
    },
    "melbands_spread": {
        "dmean": 13.122961998,
        "dmean2": 19.9009132385,
        "dvar": 189.729385376,
        "dvar2": 420.015380859,
        "max": 162.160903931,
        "mean": 38.2113227844,
        "median": 34.3986854553,
        "min": 2.65735292435,
        "var": 489.896270752
    },
    "pitch_salience": {
        "dmean": 0.0881840586662,
        "dmean2": 0.14449185133,
        "dvar": 0.00660294061527,
        "dvar2": 0.0164035540074,
        "max": 0.81611853838,
        "mean": 0.57854539156,
        "median": 0.590831875801,
        "min": 0.187395989895,
        "var": 0.0118880476803
    },
    "silence_rate_20dB": {
        "dmean": 0,
        "dmean2": 0,
        "dvar": 0,
        "dvar2": 0,
        "max": 1,
        "mean": 1,
        "median": 1,
        "min": 1,
        "var": 0
    },
    "silence_rate_30dB": {
        "dmean": 0,
        "dmean2": 0,
        "dvar": 0,
        "dvar2": 0,
        "max": 1,
        "mean": 1,
        "median": 1,
        "min": 1,
        "var": 0
    },
    "silence_rate_60dB": {
        "dmean": 0.0232198145241,
        "dmean2": 0.0464756004512,
        "dvar": 0.0226809140295,
        "dvar2": 0.0443150885403,
        "max": 1,
        "mean": 0.0355761796236,
        "median": 0,
        "min": 0,
        "var": 0.0343110486865
    },
    "spectral_centroid": {
        "dmean": 342.666046143,
        "dmean2": 526.226989746,
        "dvar": 116092.609375,
        "dvar2": 247888.5625,
        "max": 4417.14111328,
        "mean": 1958.85522461,
        "median": 1934.671875,
        "min": 542.121032715,
        "var": 304978.0625
    },
    "spectral_complexity": {
        "dmean": 5.93034076691,
        "dmean2": 8.46165752411,
        "dvar": 30.8651008606,
        "dvar2": 50.2764892578,
        "max": 58,
        "mean": 27.5475635529,
        "median": 28,
        "min": 0,
        "var": 144.023345947
    },
    "spectral_decrease": {
        "dmean": 3.23063331642e-09,
        "dmean2": 4.96428542718e-09,
        "dvar": 1.86819651244e-17,
        "dvar2": 4.56157219122e-17,
        "max": -9.70704419623e-11,
        "mean": -7.02020974686e-09,
        "median": -5.94250648689e-09,
        "min": -2.96323907634e-08,
        "var": 2.50388183533e-17
    },
    "spectral_energy": {
        "dmean": 0.0126326000318,
        "dmean2": 0.0192628353834,
        "dvar": 0.000272742356174,
        "dvar2": 0.000664751569275,
        "max": 0.113520860672,
        "mean": 0.0290426909924,
        "median": 0.0248884167522,
        "min": 0.000594740442466,
        "var": 0.000385207153158
    },
    "spectral_energyband_high": {
        "dmean": 0.000626920489594,
        "dmean2": 0.000904338841792,
        "dvar": 8.0766795918e-07,
        "dvar2": 1.69267548245e-06,
        "max": 0.00897877570242,
        "mean": 0.00143218215089,
        "median": 0.000976809416898,
        "min": 0.000107169471448,
        "var": 1.77537810941e-06
    },
    "spectral_energyband_low": {
        "dmean": 0.008455934003,
        "dmean2": 0.0133373299614,
        "dvar": 0.000238427135628,
        "dvar2": 0.000578870764002,
        "max": 0.107005231082,
        "mean": 0.0115648480132,
        "median": 0.00716213602573,
        "min": 1.91606195585e-05,
        "var": 0.000240939174546
    },
    "spectral_energyband_middle_high": {
        "dmean": 0.00305891549215,
        "dmean2": 0.00436818087474,
        "dvar": 1.23954423543e-05,
        "dvar2": 2.62625435425e-05,
        "max": 0.0328936390579,
        "mean": 0.00841101910919,
        "median": 0.00645647896454,
        "min": 7.7400545706e-05,
        "var": 4.13168236264e-05
    },
    "spectral_energyband_middle_low": {
        "dmean": 0.0058279898949,
        "dmean2": 0.00996570941061,
        "dvar": 8.86520574568e-05,
        "dvar2": 0.000233021128224,
        "max": 0.0722399502993,
        "mean": 0.00909433607012,
        "median": 0.00659643951803,
        "min": 4.53630127595e-05,
        "var": 8.2514990936e-05
    },
    "spectral_entropy": {
        "dmean": 0.122498527169,
        "dmean2": 0.181039839983,
        "dvar": 0.0140622435138,
        "dvar2": 0.0288824830204,
        "max": 8.65153312683,
        "mean": 7.88618469238,
        "median": 7.8963394165,
        "min": 6.86776018143,
        "var": 0.0425819344819
    },
    "spectral_flux": {
        "dmean": 0.0353990867734,
        "dmean2": 0.0533489584923,
        "dvar": 0.00129976973403,
        "dvar2": 0.00263663940132,
        "max": 0.298760950565,
        "mean": 0.109305359423,
        "median": 0.100941881537,
        "min": 0.0163357891142,
        "var": 0.00277696968988
    },
    "spectral_kurtosis": {
        "dmean": 0.958848714828,
        "dmean2": 1.59659361839,
        "dvar": 0.789948701859,
        "dvar2": 2.11392736435,
        "max": 11.2656822205,
        "mean": 3.18807554245,
        "median": 2.99199914932,
        "min": 0.0811080932617,
        "var": 2.04215526581
    },
    "spectral_rms": {
        "dmean": 0.00107986433432,
        "dmean2": 0.00158352113795,
        "dvar": 1.41810619425e-06,
        "dvar2": 3.16674754686e-06,
        "max": 0.0105238808319,
        "mean": 0.00502918474376,
        "median": 0.00492761423811,
        "min": 0.000761731294915,
        "var": 3.04164473164e-06
    },
    "spectral_rolloff": {
        "dmean": 850.495910645,
        "dmean2": 1332.00769043,
        "dvar": 1235967.25,
        "dvar2": 2486075.25,
        "max": 11843.2617188,
        "mean": 2261.38598633,
        "median": 2131.78710938,
        "min": 86.1328125,
        "var": 2468559.75
    },
    "spectral_skewness": {
        "dmean": 0.169557571411,
        "dmean2": 0.272022545338,
        "dvar": 0.0209922268987,
        "dvar2": 0.0511252991855,
        "max": 2.33289074898,
        "mean": 1.24599480629,
        "median": 1.23239099979,
        "min": 0.35141813755,
        "var": 0.0623966418207
    },
    "spectral_spread": {
        "dmean": 558423.0625,
        "dmean2": 828906.0625,
        "dvar": 501102510080,
        "dvar2": 864243613696,
        "max": 18242456,
        "mean": 4612380,
        "median": 4388671.5,
        "min": 2360701.5,
        "var": 1.22075558707e+12
    },
    "spectral_strongpeak": {
        "dmean": 0.758400380611,
        "dmean2": 1.31784820557,
        "dvar": 1.53556513786,
        "dvar2": 3.68632912636,
        "max": 11.3198204041,
        "mean": 0.952069401741,
        "median": 0.361214786768,
        "min": 0.0185192022473,
        "var": 2.06958246231
    },
    "zerocrossingrate": {
        "dmean": 0.0159103348851,
        "dmean2": 0.0179627742618,
        "dvar": 0.000259737629676,
        "dvar2": 0.000317340542097,
        "max": 0.33251953125,
        "mean": 0.0841173008084,
        "median": 0.07666015625,
        "min": 0.0166015625,
        "var": 0.00128344562836
    },
    "barkbands": {
        "dmean": [0.000243644084549, 0.00627389876172, 0.00248126848601, 0.00142657873221, 0.0023357309401, 0.00107827049214, 0.00192099960987, 0.00041452847654, 0.000510578916874, 0.00119842740241, 0.000812162994407, 0.000483590934891, 0.000422503333539, 0.000574235396925, 0.000510004232638, 0.000574918347411, 0.000491461250931, 0.000383133854484, 0.000283986533759, 0.000222366448725, 0.000218528410187, 0.000147065977217, 9.21649188967e-05, 8.93162869033e-05, 8.75498953974e-05, 4.95704080095e-05, 7.22754052163e-08],
        "dmean2": [0.000372417940525, 0.009964694269, 0.00440205074847, 0.00242486572824, 0.00413213437423, 0.0018102315953, 0.00334652932361, 0.0007102866075, 0.000864475383423, 0.00183235353325, 0.00130231038202, 0.000773382373154, 0.000681600649841, 0.000918339705095, 0.000811009143945, 0.000937036063988, 0.000816500280052, 0.000602563959546, 0.000461029238068, 0.000360583362635, 0.000341206236044, 0.000225101946853, 0.000142414966831, 0.000136838818435, 0.000131829030579, 7.64405267546e-05, 1.23008391029e-07],
        "dvar": [2.20718291644e-07, 0.000152286942466, 2.39207347477e-05, 3.94518428948e-06, 3.61519705621e-05, 4.71286466563e-06, 2.31230005738e-05, 1.53647226853e-06, 2.36455730374e-06, 6.02160707786e-06, 4.52770382253e-06, 9.09852417408e-07, 8.49259890856e-07, 1.76196317625e-06, 8.90621890903e-07, 1.16298156172e-06, 7.17604962119e-07, 2.39592338858e-07, 1.29694129214e-07, 7.86238416595e-08, 1.20987778018e-07, 4.84356661445e-08, 2.06230410527e-08, 3.27886340301e-08, 3.22555457899e-08, 7.47735917628e-09, 2.69116360327e-14],
        "dvar2": [4.69074677767e-07, 0.000368598120986, 6.72754977131e-05, 1.07433152152e-05, 0.000101302575786, 1.21155453598e-05, 6.2266473833e-05, 4.04813590649e-06, 6.10251481703e-06, 1.33572502818e-05, 9.89374257188e-06, 2.1775138066e-06, 2.24006453209e-06, 4.09902031606e-06, 2.09094014281e-06, 2.70370696853e-06, 1.88634396636e-06, 6.00948112606e-07, 3.17328158417e-07, 1.96957643084e-07, 2.87907027996e-07, 1.06026632807e-07, 4.7394095759e-08, 7.70290498053e-08, 7.84746774229e-08, 1.6837406136e-08, 6.56188224959e-14],
        "max": [0.00413209712133, 0.0787690207362, 0.0404702574015, 0.0236075632274, 0.0461033768952, 0.0308617465198, 0.0556775517762, 0.0223421938717, 0.0224795173854, 0.0238590817899, 0.0213493183255, 0.0117330718786, 0.0122763728723, 0.0183716528118, 0.0102125732228, 0.018872981891, 0.0172561444342, 0.00534267909825, 0.00440178066492, 0.00325829349458, 0.00483623845503, 0.00265446468256, 0.00172284117434, 0.00191276753321, 0.00231831334531, 0.000980826793239, 1.63271249676e-06],
        "mean": [0.000250216515269, 0.00728214951232, 0.00272604823112, 0.00197267811745, 0.00273878872395, 0.0014467096189, 0.00168692599982, 0.000435414520325, 0.00057640648447, 0.00138181587681, 0.0010642700363, 0.000736790359952, 0.000571603130084, 0.000726859027054, 0.000747068901546, 0.000900082988665, 0.000851707474794, 0.00072360446211, 0.000575964106247, 0.000423708872404, 0.000429135834565, 0.000287255301373, 0.000169746621395, 0.000151000611368, 0.000127641542349, 5.9078221966e-05, 6.37839505657e-08],
        "median": [5.00454298162e-05, 0.00369212729856, 0.00146867532749, 0.00133501121309, 0.00160749140196, 0.000815211911686, 0.000452387408586, 0.00019837266882, 0.0002479267132, 0.000288638024358, 0.000181515453733, 0.000279343192233, 0.000177404261194, 0.00022261106642, 0.000260529719526, 0.000487129931571, 0.000590761366766, 0.000521403213497, 0.000451258471003, 0.000280516745988, 0.000267481140327, 0.000175240944372, 0.000111900262709, 9.37481236178e-05, 6.63576065563e-05, 2.25881758524e-05, 1.61213853378e-09],
        "min": [5.86698476468e-08, 1.32808963826e-06, 2.34604726757e-06, 1.35287132252e-06, 3.59806517736e-06, 4.88617934025e-06, 8.94921242889e-07, 1.4451172774e-06, 1.59366209118e-06, 1.31252727442e-06, 3.24283007558e-07, 8.7178875674e-07, 5.96419397425e-07, 8.03026182439e-07, 2.68704434347e-06, 3.3995022477e-06, 2.23727147386e-06, 1.77927740879e-05, 4.5036422307e-06, 2.13903349504e-05, 1.99149544642e-05, 1.06147081169e-05, 1.81789573617e-06, 1.9133983642e-06, 6.1737841861e-07, 2.08346562225e-09, 5.71065590649e-12],
        "var": [2.67353669869e-07, 0.000145842670463, 1.79824510269e-05, 4.38524648416e-06, 2.46993604378e-05, 4.90425054522e-06, 1.7281889086e-05, 1.17369665986e-06, 2.1170258151e-06, 8.06810203358e-06, 6.83200823914e-06, 1.99913461074e-06, 1.14059423595e-06, 2.49709000855e-06, 1.69740314959e-06, 2.3065804271e-06, 1.48496030761e-06, 4.53584164006e-07, 2.58536744013e-07, 1.58544281703e-07, 2.32224039109e-07, 9.20151279615e-08, 3.25623368269e-08, 3.86980687495e-08, 3.58625520391e-08, 9.28697740932e-09, 2.87627282831e-14]
    },
    "erbbands": {
        "dmean": [0.186326444149, 1.45166611671, 2.83821368217, 4.09045124054, 8.04928398132, 6.42601394653, 6.33190488815, 9.75543880463, 24.7371921539, 21.3183460236, 6.8813867569, 10.5556659698, 23.6109142303, 45.615814209, 22.1047477722, 21.3789653778, 17.8538036346, 23.1300373077, 28.9912929535, 20.8069286346, 28.8268852234, 23.9228858948, 21.9675140381, 15.9209785461, 11.8764009476, 10.6415205002, 9.13002681732, 8.44967651367, 5.32586336136, 3.88446140289, 2.22061038017, 2.118881464, 1.40005099773, 1.05468916893, 0.642392158508, 0.304064333439, 0.0739811137319, 0.0054941419512, 0.000112183610327, 1.80764945981e-05],
        "dmean2": [0.299612104893, 2.41552376747, 5.09119224548, 6.93835639954, 14.6167154312, 11.2102336884, 9.75325965881, 16.7515468597, 43.1280860901, 36.8423614502, 11.7056684494, 17.7725124359, 37.6001739502, 68.4745864868, 34.1382675171, 34.1572113037, 28.7755737305, 37.4515724182, 45.2939414978, 31.4764347076, 47.3851509094, 39.5329284668, 34.7760620117, 25.3307647705, 19.0866832733, 17.2032203674, 14.4592857361, 13.2760848999, 8.26784038544, 6.07045984268, 3.37531995773, 3.26992344856, 2.13506555557, 1.6560138464, 0.958995461464, 0.462224215269, 0.115971498191, 0.00890468526632, 0.00017453689361, 2.61078876065e-05],
        "dvar": [0.151766732335, 8.45751094818, 36.004573822, 33.9725341797, 419.686340332, 246.222763062, 111.038276672, 469.804718018, 3230.66699219, 3583.26245117, 311.419586182, 760.833679199, 3346.0715332, 9463.08789062, 3265.02856445, 1714.31311035, 1366.17248535, 2255.29443359, 3134.2578125, 1031.31689453, 2489.11621094, 1330.85095215, 818.34576416, 428.415039062, 250.251113892, 187.245880127, 189.84413147, 192.615646362, 69.0171890259, 32.8373298645, 12.9375801086, 16.8737468719, 8.04120349884, 5.61286354065, 1.43887257576, 0.291762173176, 0.0166719760746, 9.47352091316e-05, 3.36327232731e-08, 4.40734476692e-10],
        "dvar2": [0.339251965284, 22.1514167786, 100.709159851, 92.8878860474, 1180.14306641, 686.881408691, 270.826965332, 1182.69360352, 8606.51074219, 9398.97363281, 797.980102539, 1945.12524414, 7659.66552734, 21202.859375, 6588.33837891, 4269.62988281, 3509.61621094, 6086.74511719, 6866.33398438, 2267.6652832, 6007.03369141, 3572.12304688, 2089.62133789, 975.247070312, 649.434631348, 476.513153076, 465.370361328, 443.980102539, 150.486480713, 74.1239013672, 28.6674938202, 39.5011062622, 19.1172103882, 14.2603235245, 3.43122267723, 0.664923429489, 0.0383544564247, 0.000225192517973, 7.50983630837e-08, 9.82409265049e-10],
        "max": [2.48722505569, 18.6209220886, 43.858833313, 64.072479248, 145.470916748, 128.416610718, 134.690109253, 345.341064453, 494.27053833, 631.562316895, 275.096984863, 351.534210205, 708.840942383, 1065.48266602, 994.519287109, 532.660888672, 447.176605225, 482.832855225, 815.295227051, 483.024627686, 626.233764648, 488.413970947, 314.889251709, 374.196990967, 191.001342773, 142.704879761, 134.541534424, 271.598175049, 96.437210083, 57.4562034607, 44.1726303101, 40.0140609741, 31.7842998505, 32.9992408752, 12.1251354218, 5.99200582504, 1.20991277695, 0.0847053900361, 0.00174534064718, 0.000167655933183],
        "mean": [0.198037981987, 1.64619827271, 3.18007016182, 5.95066642761, 7.99181985855, 8.18226718903, 10.5726451874, 11.5573949814, 22.9547157288, 18.718378067, 8.68842983246, 13.0412454605, 26.5582256317, 59.9497642517, 32.9726371765, 32.9380493164, 27.0066127777, 33.0182304382, 46.9067955017, 36.1732826233, 51.4724731445, 44.3889160156, 41.5268249512, 33.8202171326, 23.8270931244, 20.509721756, 17.5077342987, 16.7395000458, 10.6298074722, 7.23661279678, 4.0133023262, 3.37033462524, 2.34632921219, 1.52173519135, 0.867723107338, 0.362082600594, 0.0850709080696, 0.00559843285009, 0.000145644051372, 4.48011087428e-05],
        "median": [0.0733052492142, 0.903696238995, 1.66144490242, 4.31099081039, 4.03212976456, 5.03695106506, 6.18954610825, 5.99654865265, 7.26413440704, 5.15308856964, 4.87746191025, 6.32597064972, 9.06166172028, 9.71090507507, 10.530210495, 13.8122835159, 10.0237360001, 12.8838815689, 15.4495658875, 19.2802314758, 31.1791858673, 33.4996147156, 31.1745052338, 24.4532566071, 17.7536697388, 13.6373348236, 10.2583751678, 10.6788978577, 6.41731119156, 4.46557188034, 2.65452480316, 2.1402490139, 1.3900860548, 0.822215020657, 0.387431651354, 0.13806976378, 0.0321919992566, 0.00185147684533, 6.79258373566e-05, 3.70092420781e-05],
        "min": [3.53965479007e-05, 0.000697981915437, 0.00446428731084, 0.00977656058967, 0.00527973333374, 0.0141722401604, 0.0393566228449, 0.0392449013889, 0.0423887781799, 0.0287819411606, 0.0520179793239, 0.0387389920652, 0.0457430966198, 0.0373032912612, 0.0228542089462, 0.0583245418966, 0.0389721728861, 0.0498574152589, 0.10252982378, 0.177597880363, 0.156316533685, 0.227206021547, 0.850333273411, 0.748523414135, 0.315563410521, 0.990006566048, 0.943502426147, 0.897793292999, 0.391936957836, 0.16779473424, 0.0666969642043, 0.0268433820456, 0.0356702767313, 0.00783220492303, 0.00206724065356, 0.000225402662181, 1.4582611584e-05, 3.05556477542e-06, 5.31927571501e-06, 1.7641773411e-06],
        "var": [0.152769312263, 7.02360153198, 25.7065391541, 37.1286010742, 277.589263916, 178.543548584, 186.086395264, 461.580688477, 2499.1418457, 2813.22485352, 275.490631104, 779.411376953, 3514.94702148, 15099.1152344, 5283.31201172, 3164.09863281, 2070.65380859, 3441.33569336, 7841.30224609, 2441.42285156, 5137.42480469, 2297.19165039, 1385.8458252, 1028.5369873, 459.979736328, 364.034240723, 373.369842529, 371.187713623, 130.808670044, 59.4331970215, 19.3094520569, 19.4898681641, 9.83045196533, 5.48469829559, 1.7374162674, 0.35662996769, 0.0198519956321, 0.000102714358945, 4.28279420817e-08, 8.23948187456e-10]
    },
    "gfcc": {
        "mean": [38.2220840454, 69.5179443359, -121.883117676, 52.7361984253, -54.0309524536, 20.3693084717, -41.3243408203, 15.5330486298, -29.2410335541, 5.30179786682, -18.7111740112, 6.72613525391, -8.42164230347],
        "cov": [[1832.40930176, 198.555130005, -92.7484970093, -66.3463897705, 126.68321991, 63.5964660645, 28.1911773682, -30.0775966644, -58.0747451782, -2.5255343914, -18.6059036255, 7.69701099396, -41.7769470215], [198.555130005, 709.926940918, -116.25667572, 22.8328437805, 141.55355835, -12.200504303, 99.7181549072, -26.3659381866, 90.7074279785, -51.486328125, 69.3438796997, -63.6130027771, 54.7685203552], [-92.7484970093, -116.25667572, 447.718688965, 132.478927612, -14.8765420914, -26.6103401184, -36.4352416992, 43.8680458069, -7.5176243782, 52.4733772278, -23.5348243713, 31.5863208771, -49.8745727539], [-66.3463897705, 22.8328437805, 132.478927612, 226.744369507, 62.6051063538, -5.95187520981, -23.3064689636, -2.7949552536, 29.2880077362, 0.997181534767, -1.62197506428, -27.5094127655, 9.86412811279], [126.68321991, 141.55355835, -14.8765420914, 62.6051063538, 272.584289551, 51.7711830139, 15.2250490189, -9.00216674805, 27.9044876099, 30.0118618011, -22.6461162567, -29.7390670776, 2.87064218521], [63.5964660645, -12.200504303, -26.6103401184, -5.95187520981, 51.7711830139, 135.54826355, 79.5356521606, 15.601931572, -12.0369367599, -5.82806158066, 15.8618497849, -3.88293385506, 12.8897676468], [28.1911773682, 99.7181549072, -36.4352416992, -23.3064689636, 15.2250490189, 79.5356521606, 164.433700562, 42.1295166016, -2.65516209602, -28.4311408997, 31.6357269287, 12.5865974426, 21.1777839661], [-30.0775966644, -26.3659381866, 43.8680458069, -2.7949552536, -9.00216674805, 15.601931572, 42.1295166016, 91.3650665283, 32.112361908, 3.30198907852, 6.32496976852, 16.4623775482, 8.95789432526], [-58.0747451782, 90.7074279785, -7.5176243782, 29.2880077362, 27.9044876099, -12.0369367599, -2.65516209602, 32.112361908, 112.7084198, 36.4839668274, 16.8298988342, -18.667634964, 14.1949501038], [-2.5255343914, -51.486328125, 52.4733772278, 0.997181534767, 30.0118618011, -5.82806158066, -28.4311408997, 3.30198907852, 36.4839668274, 97.8521652222, 15.3925676346, -4.3308596611, -26.4115447998], [-18.6059036255, 69.3438796997, -23.5348243713, -1.62197506428, -22.6461162567, 15.8618497849, 31.6357269287, 6.32496976852, 16.8298988342, 15.3925676346, 85.8651275635, 12.4265766144, 7.28717136383], [7.69701099396, -63.6130027771, 31.5863208771, -27.5094127655, -29.7390670776, -3.88293385506, 12.5865974426, 16.4623775482, -18.667634964, -4.3308596611, 12.4265766144, 72.5615768433, 15.9853563309], [-41.7769470215, 54.7685203552, -49.8745727539, 9.86412811279, 2.87064218521, 12.8897676468, 21.1777839661, 8.95789432526, 14.1949501038, -26.4115447998, 7.28717136383, 15.9853563309, 78.991394043]],
        "icov": [[0.000688407279085, -0.000654043571558, 0.000410354783526, -0.000250728480751, 0.000147489321535, -0.000790856196545, 0.000512379279826, -0.000468924437882, 0.000811281846836, -0.00071423035115, 0.000862615124788, -0.00106406421401, 0.000898623373359], [-0.000654043571558, 0.00511742336676, -0.00205596419983, 0.00266972114332, -0.00362578243949, 0.00476971687749, -0.00398295558989, 0.00414321385324, -0.00475677661598, 0.00594920292497, -0.0061672325246, 0.00591002544388, -0.00335721764714], [0.000410354783526, -0.00205596419983, 0.00547733157873, -0.0047117494978, 0.00233317120001, -0.00191044574603, 0.0016507441178, -0.00417729327455, 0.0034508833196, -0.00526349712163, 0.00455032894388, -0.00565218459815, 0.0042913723737], [-0.000250728480751, 0.00266972114332, -0.0047117494978, 0.00948052108288, -0.00395036395639, 0.00271944259293, -0.00099420954939, 0.00368915894069, -0.00430533289909, 0.0063635809347, -0.00571135617793, 0.00714047299698, -0.00461122579873], [0.000147489321535, -0.00362578243949, 0.00233317120001, -0.00395036395639, 0.00798133108765, -0.00535358348861, 0.00200225971639, -0.00204561697319, 0.00242490461096, -0.00682946993038, 0.00718351267278, -0.00412459624931, 0.00228982535191], [-0.000790856196545, 0.00476971687749, -0.00191044574603, 0.00271944259293, -0.00535358348861, 0.0164698623121, -0.00888743624091, 0.00271988660097, -0.00125194818247, 0.00399234564975, -0.00707008689642, 0.00798906106502, -0.00509450305253], [0.000512379279826, -0.00398295558989, 0.0016507441178, -0.00099420954939, 0.00200225971639, -0.00888743624091, 0.0144499391317, -0.00751443114132, 0.00385420047678, -0.000794603663962, 0.0010430442635, -0.00488079991192, 0.0024877646938], [-0.000468924437882, 0.00414321385324, -0.00417729327455, 0.00368915894069, -0.00204561697319, 0.00271988660097, -0.00751443114132, 0.0207858160138, -0.0110134799033, 0.00617911852896, -0.0032512943726, 0.00152365036774, -0.00289412634447], [0.000811281846836, -0.00475677661598, 0.0034508833196, -0.00430533289909, 0.00242490461096, -0.00125194818247, 0.00385420047678, -0.0110134799033, 0.0204464029521, -0.012124192901, 0.00347273936495, -0.000430603511631, -0.00118586071767], [-0.00071423035115, 0.00594920292497, -0.00526349712163, 0.0063635809347, -0.00682946993038, 0.00399234564975, -0.000794603663962, 0.00617911852896, -0.012124192901, 0.0249028857797, -0.0120658343658, 0.00640035653487, 0.000811571371742], [0.000862615124788, -0.0061672325246, 0.00455032894388, -0.00571135617793, 0.00718351267278, -0.00707008689642, 0.0010430442635, -0.0032512943726, 0.00347273936495, -0.0120658343658, 0.0237456094474, -0.011466210708, 0.00477162376046], [-0.00106406421401, 0.00591002544388, -0.00565218459815, 0.00714047299698, -0.00412459624931, 0.00798906106502, -0.00488079991192, 0.00152365036774, -0.000430603511631, 0.00640035653487, -0.011466210708, 0.0282678492367, -0.011584202759], [0.000898623373359, -0.00335721764714, 0.0042913723737, -0.00461122579873, 0.00228982535191, -0.00509450305253, 0.0024877646938, -0.00289412634447, -0.00118586071767, 0.000811571371742, 0.00477162376046, -0.011584202759, 0.0215458329767]]
    },
    "melbands": {
        "dmean": [0.00167087465525, 0.00163693283685, 0.000765757751651, 0.00059208041057, 0.00020165371825, 0.000222481306992, 0.000384958868381, 0.000200820155442, 5.29448880116e-05, 7.31246982468e-05, 0.000125236678286, 0.000191871033167, 8.78702412592e-05, 5.3886709793e-05, 5.30922479811e-05, 4.05044884246e-05, 4.71506427857e-05, 5.26548901689e-05, 3.43933570548e-05, 3.87900654459e-05, 3.62729078915e-05, 2.72379074886e-05, 2.88768096652e-05, 1.55159359565e-05, 1.42032658914e-05, 1.13815322038e-05, 8.10144865682e-06, 7.17907414582e-06, 6.15809585724e-06, 6.27694635114e-06, 4.97337669003e-06, 3.52633401235e-06, 2.52538598033e-06, 2.34571893998e-06, 1.26028407976e-06, 1.47369394199e-06, 1.32495927119e-06, 1.09388349756e-06, 8.97977713521e-07, 9.58504983828e-07],
        "dmean2": [0.00264835404232, 0.00284190056846, 0.00132949906401, 0.0010624009883, 0.000315084325848, 0.00038028875133, 0.000673231144901, 0.000346201879438, 8.93144388101e-05, 0.000124358179164, 0.000200031267013, 0.000288860726869, 0.000137808296131, 8.31750585348e-05, 8.76875128597e-05, 6.51282462059e-05, 7.66916928114e-05, 8.16687970655e-05, 5.17711305292e-05, 6.03354383202e-05, 6.02539694228e-05, 4.54608780274e-05, 4.84317060909e-05, 2.39882228925e-05, 2.29252400459e-05, 1.8571237888e-05, 1.30130829348e-05, 1.17626013889e-05, 9.89797172224e-06, 1.00244023997e-05, 7.82302413427e-06, 5.55475844521e-06, 3.96770883526e-06, 3.74162891603e-06, 1.94951712729e-06, 2.32780757869e-06, 2.07224024962e-06, 1.68693952673e-06, 1.44138152791e-06, 1.52337065629e-06],
        "dvar": [1.12503366836e-05, 1.11954632303e-05, 1.28868998672e-06, 2.54672977462e-06, 1.00955318771e-07, 2.29165635801e-07, 8.38182302232e-07, 3.20621893479e-07, 2.48457556751e-08, 4.06423943389e-08, 9.12660453878e-08, 1.62408923643e-07, 5.24573522398e-08, 9.93315030229e-09, 1.40912534974e-08, 7.72165620333e-09, 1.01764054961e-08, 1.27395978211e-08, 3.67016061986e-09, 7.12835834804e-09, 3.90690946261e-09, 1.90240734277e-09, 1.89024262909e-09, 3.8769570887e-10, 3.49143547407e-10, 2.52065118778e-10, 1.01916391992e-10, 1.02772200472e-10, 8.36842262153e-11, 1.16021699192e-10, 6.57768631229e-11, 2.91646082284e-11, 1.52836319989e-11, 1.27098236449e-11, 3.7057431776e-12, 8.01959366969e-12, 6.59727567714e-12, 4.53275394649e-12, 3.57962986509e-12, 4.76526327078e-12],
        "dvar2": [2.57241481449e-05, 3.07284826704e-05, 3.52433858097e-06, 7.15587702871e-06, 2.51809836982e-07, 5.83289534006e-07, 2.24378345592e-06, 8.39633628402e-07, 6.51340030799e-08, 1.03774766558e-07, 2.06564536143e-07, 3.65766084087e-07, 1.06995123872e-07, 2.23711982272e-08, 3.62799852383e-08, 2.05795007702e-08, 2.65945807598e-08, 2.59819543658e-08, 7.26035898069e-09, 1.5328271985e-08, 9.7731316373e-09, 5.08393283027e-09, 5.19476284211e-09, 9.20607368116e-10, 8.00427724101e-10, 6.76785905096e-10, 2.63629784669e-10, 2.70017092019e-10, 2.08616693365e-10, 2.97097652036e-10, 1.54213919412e-10, 6.43085515395e-11, 3.41430876627e-11, 3.07867897842e-11, 8.41991146944e-12, 1.89625294633e-11, 1.57039242721e-11, 1.0839674644e-11, 8.87800249982e-12, 1.23184006398e-11],
        "max": [0.02184471488, 0.0232129245996, 0.0105915050954, 0.0120483208448, 0.00375937717035, 0.00704417331144, 0.00948979519308, 0.00592895597219, 0.00275940028951, 0.00280584907159, 0.00353481853381, 0.00429414818063, 0.00299620022997, 0.0014664507471, 0.00166728463955, 0.0011478504166, 0.0010808192892, 0.00163408822846, 0.00087009445997, 0.00173734570853, 0.000961606390774, 0.00080067361705, 0.000500959169585, 0.000272287375992, 0.000332753552357, 0.000183431926416, 0.000110627959657, 0.000111088651465, 9.16734861676e-05, 0.000168344311533, 0.00016983479145, 7.91045749793e-05, 3.74342234863e-05, 4.60826522612e-05, 2.42737187364e-05, 3.36049743055e-05, 2.49882050412e-05, 2.47171537922e-05, 2.2652966436e-05, 3.06492147502e-05],
        "mean": [0.00193019700237, 0.00191986234859, 0.00103982177097, 0.000632057897747, 0.000343963300111, 0.000266540824668, 0.000356298056431, 0.000176983114216, 6.64843682898e-05, 8.50570067996e-05, 0.000134026806336, 0.000244883034611, 0.000122187455418, 8.43902744236e-05, 7.23795455997e-05, 5.62828099646e-05, 6.14247328485e-05, 7.75995213189e-05, 5.00680471305e-05, 5.97505058977e-05, 6.09690468991e-05, 4.63639298687e-05, 4.56049019704e-05, 2.97513579426e-05, 2.7511639928e-05, 2.00898921321e-05, 1.47321488839e-05, 1.29297777676e-05, 1.07483847387e-05, 1.08392014226e-05, 9.36088963499e-06, 6.53506594972e-06, 4.23209166911e-06, 4.08029291066e-06, 2.16673720388e-06, 2.20931269723e-06, 2.01750822271e-06, 1.7756624402e-06, 1.25979067889e-06, 1.31055048769e-06],
        "median": [0.000896037439816, 0.00113846454769, 0.000728498212993, 0.000351137889083, 0.000214164683712, 0.000145118217915, 0.000108663778519, 5.08317571075e-05, 3.61361489922e-05, 3.75875242753e-05, 3.90737041016e-05, 3.51322778442e-05, 2.66943898168e-05, 3.11267467623e-05, 2.92495733447e-05, 1.78226619028e-05, 2.09378176805e-05, 2.30599835049e-05, 1.91385097423e-05, 2.83206918539e-05, 3.75074196199e-05, 3.19503997162e-05, 3.32913550665e-05, 2.03307081392e-05, 1.93508330995e-05, 1.46517786561e-05, 1.00669658423e-05, 8.34193815535e-06, 6.23911091679e-06, 6.21622393737e-06, 5.92104424868e-06, 3.94625021727e-06, 2.32669754041e-06, 2.50106495514e-06, 1.35962375225e-06, 1.31204626541e-06, 1.23560391785e-06, 1.00264355751e-06, 6.93239371685e-07, 7.17632417491e-07],
        "min": [3.5627178363e-07, 2.85145938506e-06, 1.5705812757e-06, 7.82404981692e-07, 1.22792130242e-06, 1.00334852959e-06, 4.4345441097e-07, 3.39996717003e-07, 3.59106337555e-07, 1.97201444507e-07, 2.52008788948e-07, 1.32722490775e-07, 5.14381923722e-08, 1.05134105866e-07, 6.85366643438e-08, 6.84872105694e-08, 7.55043743084e-08, 1.13705155513e-07, 2.23203528549e-07, 2.3343710609e-07, 1.84637158895e-07, 1.20296903106e-07, 2.96873906791e-07, 8.33802971556e-07, 3.96601734565e-07, 5.34336201952e-08, 5.04243359956e-07, 7.47566161863e-07, 4.86739679673e-07, 2.25678931542e-07, 4.64747245132e-07, 2.64897579427e-07, 6.77686458062e-08, 1.54160524346e-08, 2.83286247793e-08, 1.5207410442e-08, 1.84301480743e-08, 3.00043581092e-08, 4.92595564339e-09, 2.36436514811e-09],
