{
"highlevel": {
    "danceability": {
        "all": {
            "danceable": 0.993337452412,
            "not_danceable": 0.00666256807745
        },
        "probability": 0.993337452412,
        "value": "danceable"
    },
    "gender": {
        "all": {
            "female": 0.20154350996,
            "male": 0.79845649004
        },
        "probability": 0.79845649004,
        "value": "male"
    },
    "genre_dortmund": {
        "all": {
            "alternative": 0.0719848647714,
            "blues": 0.0398829244077,
            "electronic": 0.016519010067,
            "folkcountry": 0.375313729048,
            "funksoulrnb": 0.0304460618645,
            "jazz": 0.148195832968,
            "pop": 0.190675497055,
            "raphiphop": 0.00911144260317,
            "rock": 0.117870651186
        },
        "probability": 0.375313729048,
        "value": "folkcountry"
    },
    "genre_electronic": {
        "all": {
            "ambient": 0.243158504367,
            "dnb": 0.381039112806,
            "house": 0.237032204866,
            "techno": 0.0213010776788,
            "trance": 0.117469087243
        },
        "probability": 0.381039112806,
        "value": "dnb"
    },
    "genre_rosamerica": {
        "all": {
            "cla": 0.00210457178764,
            "dan": 0.00161133881193,
            "hip": 0.00481310207397,
            "jaz": 0.00314537947997,
            "pop": 0.787337899208,
            "rhy": 0.156689345837,
            "roc": 0.0436712726951,
            "spe": 0.000627098546829
        },
        "probability": 0.787337899208,
        "value": "pop"
    },
    "genre_tzanetakis": {
        "all": {
            "blu": 0.0642214938998,
            "cla": 0.0356696359813,
            "cou": 0.0802658647299,
            "dis": 0.0642494857311,
            "hip": 0.160689160228,
            "jaz": 0.321663022041,
            "met": 0.0643127858639,
            "pop": 0.0642928555608,
            "reg": 0.064283400774,
            "roc": 0.0803522914648
        },
        "probability": 0.321663022041,
        "value": "jaz"
    },
    "ismir04_rhythm": {
        "all": {
            "ChaChaCha": 0.0367444492877,
            "Jive": 0.0293113868684,
            "Quickstep": 0.371009588242,
            "Rumba-American": 0.0177883859724,
            "Rumba-International": 0.118162855506,
            "Rumba-Misc": 0.0175012890249,
            "Samba": 0.0777802318335,
            "Tango": 0.0319681949914,
            "VienneseWaltz": 0.218146264553,
            "Waltz": 0.0815873518586
        },
        "probability": 0.371009588242,
        "value": "Quickstep"
    },
    "mood_acoustic": {
        "all": {
            "acoustic": 0.165149092674,
            "not_acoustic": 0.834850907326
        },
        "probability": 0.834850907326,
        "value": "not_acoustic"
    },
    "mood_aggressive": {
        "all": {
            "aggressive": 0.00508513860404,
            "not_aggressive": 0.994914889336
        },
        "probability": 0.994914889336,
        "value": "not_aggressive"
    },
    "mood_electronic": {
        "all": {
            "electronic": 0.0380107462406,
            "not_electronic": 0.961989283562
        },
        "probability": 0.961989283562,
        "value": "not_electronic"
    },
    "mood_happy": {
        "all": {
            "happy": 0.836230576038,
            "not_happy": 0.163769423962
        },
        "probability": 0.836230576038,
        "value": "happy"
    },
    "mood_party": {
        "all": {
            "not_party": 0.767565488815,
            "party": 0.232434496284
        },
        "probability": 0.767565488815,
        "value": "not_party"
    },
    "mood_relaxed": {
        "all": {
            "not_relaxed": 0.941512703896,
            "relaxed": 0.0584872849286
        },
        "probability": 0.941512703896,
        "value": "not_relaxed"
    },
    "mood_sad": {
        "all": {
            "not_sad": 0.117561250925,
            "sad": 0.882438719273
        },
        "probability": 0.882438719273,
        "value": "sad"
    },
    "moods_mirex": {
        "all": {
            "Cluster1": 0.177688002586,
            "Cluster2": 0.31445235014,
            "Cluster3": 0.372726529837,
            "Cluster4": 0.114071018994,
            "Cluster5": 0.0210620798171
        },
        "probability": 0.372726529837,
        "value": "Cluster3"
    },
    "timbre": {
        "all": {
            "bright": 0.983244776726,
            "dark": 0.0167551953346
        },
        "probability": 0.983244776726,
        "value": "bright"
    },
    "tonal_atonal": {
        "all": {
            "atonal": 0.0113706598058,
            "tonal": 0.988629341125
        },
        "probability": 0.988629341125,
        "value": "tonal"
    },
    "voice_instrumental": {
        "all": {
            "instrumental": 0.0609152168036,
            "voice": 0.939084768295
        },
        "probability": 0.939084768295,
        "value": "voice"
    }
},
"lowlevel": {
    "average_loudness": 0.952843427658,
    "barkbands_crest": {
        "dmean": 1.9155061245,
        "dmean2": 3.01237392426,
        "dvar": 3.53485870361,
        "dvar2": 8.51499557495,
        "max": 23.2185897827,
        "mean": 8.84266281128,
        "median": 8.17203044891,
        "min": 2.71553421021,
        "var": 12.5429000854
    },
    "barkbands_flatness_db": {
        "dmean": 0.0164877865463,
        "dmean2": 0.0245456025004,
        "dvar": 0.000254030979704,
        "dvar2": 0.000489821948577,
        "max": 0.293188601732,
        "mean": 0.141113445163,
        "median": 0.130560800433,
        "min": 0.0600966475904,
        "var": 0.00166219181847
    },
    "barkbands_kurtosis": {
        "dmean": 1.37678027153,
        "dmean2": 2.08286905289,
        "dvar": 5.78170633316,
        "dvar2": 12.2995176315,
        "max": 54.9940109253,
        "mean": 1.84632205963,
        "median": 0.659292697906,
        "min": -1.83774709702,
        "var": 15.8044166565
    },
    "barkbands_skewness": {
        "dmean": 0.334491282701,
        "dmean2": 0.483992666006,
        "dvar": 0.121090017259,
        "dvar2": 0.234065666795,
        "max": 5.85626459122,
        "mean": 1.04750919342,
        "median": 0.946909248829,
        "min": -0.864250421524,
        "var": 0.605857670307
    },
    "barkbands_spread": {
        "dmean": 5.83895015717,
        "dmean2": 8.32688713074,
        "dvar": 46.8566703796,
        "dvar2": 80.0250167847,
        "max": 91.2410888672,
        "mean": 29.9152317047,
        "median": 27.419336319,
        "min": 2.02495217323,
        "var": 295.059020996
    },
    "dissonance": {
        "dmean": 0.0231956560165,
        "dmean2": 0.0379971265793,
        "dvar": 0.000467126490548,
        "dvar2": 0.00120233360212,
        "max": 0.499859571457,
        "mean": 0.448165565729,
        "median": 0.455831408501,
        "min": 0.200441002846,
        "var": 0.00129877659492
    },
    "dynamic_complexity": 1.75288772583,
    "erbbands_crest": {
        "dmean": 2.41088294983,
        "dmean2": 3.72911095619,
        "dvar": 5.90099430084,
        "dvar2": 13.8095378876,
        "max": 28.0843753815,
        "mean": 10.1622524261,
        "median": 8.94762134552,
        "min": 3.28644800186,
        "var": 21.2579059601
    },
    "erbbands_flatness_db": {
        "dmean": 0.0143202906474,
        "dmean2": 0.0204574353993,
        "dvar": 0.000226105810725,
        "dvar2": 0.000406238716096,
        "max": 0.300019085407,
        "mean": 0.156768336892,
        "median": 0.14867003262,
        "min": 0.0705519989133,
        "var": 0.00147688237485
    },
    "erbbands_kurtosis": {
        "dmean": 0.876524567604,
        "dmean2": 1.32969200611,
        "dvar": 1.78464663029,
        "dvar2": 3.98840427399,
        "max": 20.9364356995,
        "mean": 0.716488599777,
        "median": -0.102967977524,
        "min": -1.70266377926,
        "var": 8.20804595947
    },
    "erbbands_skewness": {
        "dmean": 0.314637094736,
        "dmean2": 0.468663066626,
        "dvar": 0.0985966995358,
        "dvar2": 0.207797706127,
        "max": 3.68569111824,
        "mean": 0.548485398293,
        "median": 0.491131395102,
        "min": -1.82521402836,
        "var": 0.505877196789
    },
    "erbbands_spread": {
        "dmean": 7.19704341888,
        "dmean2": 10.5959072113,
        "dvar": 67.5604705811,
        "dvar2": 147.490829468,
        "max": 117.605911255,
        "mean": 39.6516113281,
        "median": 38.7249221802,
        "min": 4.93559408188,
        "var": 278.567382812
    },
    "hfc": {
        "dmean": 9.93462657928,
        "dmean2": 13.4220199585,
        "dvar": 201.276321411,
        "dvar2": 386.599365234,
        "max": 167.800857544,
        "mean": 37.2550849915,
        "median": 31.1276397705,
        "min": 3.29681038857,
        "var": 883.862060547
    },
    "melbands_crest": {
        "dmean": 2.26576542854,
        "dmean2": 3.47400808334,
        "dvar": 4.88522195816,
        "dvar2": 11.0429077148,
        "max": 30.0844516754,
        "mean": 11.6120204926,
        "median": 10.8259344101,
        "min": 4.26431179047,
        "var": 15.9039068222
    },
    "melbands_flatness_db": {
        "dmean": 0.0197421014309,
        "dmean2": 0.027674973011,
        "dvar": 0.000440847623395,
        "dvar2": 0.000691940716933,
        "max": 0.347855478525,
        "mean": 0.176086395979,
        "median": 0.163402155042,
        "min": 0.0621956251562,
        "var": 0.00333046424203
    },
    "melbands_kurtosis": {
        "dmean": 2.89112830162,
        "dmean2": 4.36392450333,
        "dvar": 18.5512218475,
        "dvar2": 39.4741172791,
        "max": 74.4913101196,
        "mean": 6.7993645668,
        "median": 4.5875210762,
        "min": -1.64004015923,
        "var": 55.6894340515
    },
    "melbands_skewness": {
        "dmean": 0.426279127598,
        "dmean2": 0.625947713852,
        "dvar": 0.207507267594,
        "dvar2": 0.438148736954,
        "max": 6.25351285934,
        "mean": 1.9120414257,
        "median": 1.78917658329,
        "min": -0.786944448948,
        "var": 0.926664471626
    },
    "melbands_spread": {
        "dmean": 7.18756580353,
        "dmean2": 10.1026468277,
        "dvar": 73.4791717529,
        "dvar2": 126.587806702,
        "max": 108.494499207,
        "mean": 33.0279998779,
        "median": 27.3524932861,
        "min": 1.95975911617,
        "var": 436.990753174
    },
    "pitch_salience": {
        "dmean": 0.0522588528693,
        "dmean2": 0.0811893045902,
        "dvar": 0.00211883778684,
        "dvar2": 0.00509399501607,
        "max": 0.810722827911,
        "mean": 0.522216081619,
        "median": 0.516354739666,
        "min": 0.280669748783,
        "var": 0.00773238483816
    },
    "silence_rate_20dB": {
        "dmean": 0,
        "dmean2": 0,
        "dvar": 0,
        "dvar2": 0,
        "max": 1,
        "mean": 1,
        "median": 1,
        "min": 1,
        "var": 0
    },
    "silence_rate_30dB": {
        "dmean": 0,
        "dmean2": 0,
        "dvar": 0,
        "dvar2": 0,
        "max": 1,
        "mean": 1,
        "median": 1,
        "min": 1,
        "var": 0
    },
    "silence_rate_60dB": {
        "dmean": 0,
        "dmean2": 0,
        "dvar": 0,
        "dvar2": 0,
        "max": 0,
        "mean": 0,
        "median": 0,
        "min": 0,
        "var": 0
    },
    "spectral_centroid": {
        "dmean": 253.900421143,
        "dmean2": 358.144836426,
        "dvar": 92623.9375,
        "dvar2": 149851.703125,
        "max": 3808.89648438,
        "mean": 1570.47839355,
        "median": 1409.33398438,
        "min": 299.296722412,
        "var": 614828.375
    },
    "spectral_complexity": {
        "dmean": 2.20820426941,
        "dmean2": 3.51200628281,
        "dvar": 3.88159132004,
        "dvar2": 9.17471027374,
        "max": 41,
        "mean": 17.0711517334,
        "median": 17,
        "min": 7,
        "var": 15.0591039658
    },
    "spectral_decrease": {
        "dmean": 1.41657685582e-09,
        "dmean2": 2.02899674839e-09,
        "dvar": 2.8674945921e-18,
        "dvar2": 5.69886124377e-18,
        "max": -1.10311604296e-09,
        "mean": -6.76493483454e-09,
        "median": -6.17133188996e-09,
        "min": -2.16911217876e-08,
        "var": 1.05732178043e-17
    },
    "spectral_energy": {
        "dmean": 0.00604483857751,
        "dmean2": 0.00853752251714,
        "dvar": 4.75242522953e-05,
        "dvar2": 9.44795538089e-05,
        "max": 0.0877763554454,
        "mean": 0.028911575675,
        "median": 0.0268009006977,
        "min": 0.00451444741338,
        "var": 0.000180872288183
    },
    "spectral_energyband_high": {
        "dmean": 0.000892593874596,
        "dmean2": 0.00123081787024,
        "dvar": 2.33158402807e-06,
        "dvar2": 4.49684148407e-06,
        "max": 0.01772383973,
        "mean": 0.0026844504755,
        "median": 0.00145619013347,
        "min": 1.01756068034e-05,
        "var": 9.06258810573e-06
    },
    "spectral_energyband_low": {
        "dmean": 0.00186597951688,
        "dmean2": 0.00297889416106,
        "dvar": 1.5466763216e-05,
        "dvar2": 3.83218866773e-05,
        "max": 0.0523019954562,
        "mean": 0.00602487428114,
        "median": 0.00508010433987,
        "min": 3.65500345652e-05,
        "var": 2.61204295384e-05
    },
    "spectral_energyband_middle_high": {
        "dmean": 0.00236615305766,
        "dmean2": 0.00343389576301,
        "dvar": 1.06811148726e-05,
        "dvar2": 2.29831966863e-05,
        "max": 0.0430178791285,
        "mean": 0.00724323838949,
        "median": 0.00553994486108,
        "min": 0.000318149046507,
        "var": 3.78749937227e-05
    },
    "spectral_energyband_middle_low": {
        "dmean": 0.00380317796953,
        "dmean2": 0.00546353403479,
        "dvar": 2.75075326499e-05,
        "dvar2": 5.28221753484e-05,
        "max": 0.0762246251106,
        "mean": 0.0133434226736,
        "median": 0.00978696811944,
        "min": 0.00115156557877,
        "var": 0.000112764406367
    },
    "spectral_entropy": {
        "dmean": 0.155178189278,
        "dmean2": 0.22894577682,
        "dvar": 0.0241702757776,
        "dvar2": 0.0513583123684,
        "max": 8.42143058777,
        "mean": 7.24129343033,
        "median": 7.22764110565,
        "min": 6.31217765808,
        "var": 0.105695769191
    },
    "spectral_flux": {
        "dmean": 0.0224183816463,
        "dmean2": 0.0345473326743,
        "dvar": 0.000546802475583,
        "dvar2": 0.00126798590645,
        "max": 0.230458721519,
        "mean": 0.0755199790001,
        "median": 0.0661904066801,
        "min": 0.0228672940284,
        "var": 0.00136401620694
    },
    "spectral_kurtosis": {
        "dmean": 1.43607056141,
        "dmean2": 2.32699680328,
        "dvar": 3.23627710342,
        "dvar2": 8.46604442596,
        "max": 23.2126369476,
        "mean": 3.95593070984,
        "median": 2.97847700119,
        "min": -0.948554992676,
        "var": 8.79354381561
    },
    "spectral_rms": {
        "dmean": 0.00054367253324,
        "dmean2": 0.000761578208767,
        "dvar": 3.2024132679e-07,
        "dvar2": 6.28687416793e-07,
        "max": 0.00925394333899,
        "mean": 0.0051711150445,
        "median": 0.00511343497783,
        "min": 0.00209865183569,
        "var": 1.46600598327e-06
    },
    "spectral_rolloff": {
        "dmean": 583.047180176,
        "dmean2": 914.303283691,
        "dvar": 922707.125,
        "dvar2": 1760056.75,
        "max": 8807.08007812,
        "mean": 2399.00830078,
        "median": 1399.65820312,
        "min": 215.33203125,
        "var": 4428202.5
    },
    "spectral_skewness": {
        "dmean": 0.198807001114,
        "dmean2": 0.304455071688,
        "dvar": 0.0419856384397,
        "dvar2": 0.0954480022192,
        "max": 3.59022903442,
        "mean": 1.59805750847,
        "median": 1.5275541544,
        "min": 0.101057626307,
        "var": 0.185525789857
    },
    "spectral_spread": {
        "dmean": 561449.1875,
        "dmean2": 788168.125,
        "dvar": 430376091648,
        "dvar2": 753515102208,
        "max": 10650912,
        "mean": 5276965.5,
        "median": 5474613.5,
        "min": 2083088.875,
        "var": 2.39780521574e+12
    },
    "spectral_strongpeak": {
        "dmean": 0.863906741142,
        "dmean2": 1.47119450569,
        "dvar": 2.04576945305,
        "dvar2": 5.01808595657,
        "max": 15.5840959549,
        "mean": 1.70860111713,
        "median": 0.983214139938,
        "min": 0.0456523187459,
        "var": 3.53482913971
    },
    "zerocrossingrate": {
        "dmean": 0.0131098981947,
        "dmean2": 0.0135977435857,
        "dvar": 0.00019192507898,
        "dvar2": 0.000189133075764,
        "max": 0.2080078125,
        "mean": 0.084605962038,
        "median": 0.07568359375,
        "min": 0.0126953125,
        "var": 0.00225604674779
    },
    "barkbands": {
        "dmean": [4.7431607527e-05, 0.00142482214142, 0.000647195091005, 0.000489411642775, 0.00206856383011, 0.000769006786868, 0.00077601778321, 0.000829153286759, 0.0011669844389, 0.000578798761126, 0.000473473774036, 0.000670408131555, 0.000714497931767, 0.000238379550865, 0.000338158453815, 0.000300862157019, 0.000189122190932, 6.2280036218e-05, 0.000202451119549, 0.000210464044358, 0.000317291909596, 0.000171629813849, 8.01068090368e-05, 0.000216663087485, 0.000197307032067, 5.65688460483e-05, 2.08334993701e-09],
        "dmean2": [8.18716507638e-05, 0.00230640661903, 0.00105939013883, 0.000816283922177, 0.00307530909777, 0.00114899070468, 0.00108833843842, 0.0012255551992, 0.00157513807062, 0.000885837129317, 0.000651069509331, 0.00102352409158, 0.0010645709699, 0.000377520773327, 0.000505074916873, 0.00045403643162, 0.000291925854981, 9.39731835388e-05, 0.000298865576042, 0.000317528756568, 0.00045202972251, 0.000243706570473, 0.000117303963634, 0.000311264418997, 0.000284091685899, 8.33159865579e-05, 3.17511439363e-09],
        "dvar": [7.42999528569e-09, 1.23526779134e-05, 1.93196342479e-06, 2.57901228906e-06, 1.44792593346e-05, 2.43537965616e-06, 3.43254146173e-06, 3.94089056499e-06, 7.69288908486e-06, 1.72315583313e-06, 1.17588899684e-06, 3.00714714285e-06, 2.83949884761e-06, 4.94952189456e-07, 6.96246615917e-07, 4.03251277703e-07, 1.31091766775e-07, 1.59008290979e-08, 2.12029988234e-07, 2.295413708e-07, 4.88376088015e-07, 2.03905059948e-07, 3.57681564367e-08, 1.53473607156e-07, 1.22959264104e-07, 1.46357193032e-08, 8.33815156931e-16],
        "dvar2": [2.01333207883e-08, 3.1796447729e-05, 4.87597571919e-06, 6.46880198474e-06, 3.11938711093e-05, 4.92125082019e-06, 5.29651106262e-06, 8.50364267535e-06, 1.20926742966e-05, 4.23386427428e-06, 1.99779060495e-06, 6.83613916408e-06, 5.87901695326e-06, 1.1380794831e-06, 1.26637269204e-06, 7.64641868045e-07, 2.99637918033e-07, 3.44571695621e-08, 4.66349177941e-07, 5.5165384083e-07, 9.77123249868e-07, 3.78516034516e-07, 6.60632863969e-08, 3.31712840307e-07, 2.43152413759e-07, 3.15947659146e-08, 8.37652269122e-16],
        "max": [0.00088077102555, 0.0500422939658, 0.0218986012042, 0.0442395843565, 0.0470031872392, 0.0329332686961, 0.0647364109755, 0.0361252948642, 0.0641089230776, 0.0192012209445, 0.0214950647205, 0.0246693864465, 0.0251926165074, 0.0102540459484, 0.0117775574327, 0.0151275666431, 0.00449081789702, 0.00322309671901, 0.00610556500033, 0.00772413099185, 0.00975832343102, 0.0096156578511, 0.00368680153042, 0.00671279011294, 0.00545686529949, 0.00154725112952, 1.03913521343e-06],
        "mean": [8.75855694176e-05, 0.00420619687065, 0.00139750773087, 0.000751304731239, 0.00440901052207, 0.00191859214101, 0.00164999894332, 0.00176042050589, 0.00274552800693, 0.00094343861565, 0.000873545941431, 0.00139230431523, 0.00143959163688, 0.000356690929038, 0.000570870295633, 0.000547858304344, 0.000376559590222, 0.00014535979426, 0.000415710761445, 0.000448914972367, 0.000711051281542, 0.000404140009778, 0.000158376322361, 0.000557383929845, 0.000523215916473, 0.000120433003758, 1.81590786852e-09],
        "median": [2.56873827311e-05, 0.00314941210672, 0.000679442367982, 0.00034710142063, 0.00226275902241, 0.000950065150391, 0.00100530078635, 0.00076740590157, 0.000896512356121, 0.000425576872658, 0.000166472702404, 0.00021097032004, 0.000278525316389, 8.05021918495e-05, 0.000160511801369, 0.000165247489349, 0.000137833383633, 5.63465619052e-05, 0.000103997525002, 0.000145588011947, 0.000246570823947, 8.84817927727e-05, 5.81498097745e-05, 0.00024656712776, 0.000169446400832, 1.65519195434e-05, 4.40306263672e-10],
        "min": [1.8296013593e-07, 1.00119668787e-05, 4.51317055195e-06, 1.86310160188e-06, 3.84973245673e-05, 4.01005709136e-05, 2.23512761295e-05, 1.58496641234e-05, 1.82593557838e-05, 1.01171690403e-05, 1.47028436004e-06, 3.4153085835e-06, 2.92498498311e-06, 1.34565448207e-06, 3.89289334635e-06, 3.63860522157e-06, 1.87103728422e-06, 1.82462963494e-06, 2.26100019063e-06, 7.46809689645e-07, 1.67932114437e-06, 1.06171830794e-06, 5.67979668631e-07, 2.18705494603e-07, 2.53717469256e-09, 1.28111080772e-11, 1.3020782369e-11],
        "var": [1.68913736331e-08, 1.84307136806e-05, 4.17730916524e-06, 3.4210420381e-06, 3.52106726496e-05, 1.11075887617e-05, 7.96294170868e-06, 1.02687017716e-05, 3.68545188394e-05, 2.60162573795e-06, 4.3827162699e-06, 1.04043674582e-05, 9.36162905418e-06, 8.65024901486e-07, 1.62547928539e-06, 1.01554053344e-06, 3.55388550588e-07, 9.81637313657e-08, 6.77376249314e-07, 4.65925268145e-07, 1.24314271943e-06, 7.15981684607e-07, 1.16299617048e-07, 6.14315638359e-07, 5.20882053934e-07, 4.97636953867e-08, 8.3531287e-16]
    },
    "erbbands": {
        "dmean": [0.0384035147727, 0.334100455046, 0.691369950771, 1.19981467724, 4.59237623215, 8.25250816345, 5.49998092651, 7.07044172287, 10.2349672318, 10.8144369125, 19.7452831268, 30.1244506836, 13.6824407578, 19.7446537018, 21.9861698151, 27.8077735901, 31.6644229889, 12.8790798187, 13.0457258224, 18.4675216675, 15.3862028122, 9.04257678986, 4.39836549759, 6.63892364502, 9.92317008972, 9.26712036133, 12.5536317825, 10.657658577, 7.44801330566, 2.74111199379, 2.39091420174, 3.14199352264, 4.44333553314, 2.75064182281, 1.20004367828, 0.464773207903, 0.050505168736, 0.00218820548616, 6.8187036959e-05, 1.36414319059e-05],
        "dmean2": [0.0620710514486, 0.539499282837, 1.12522768974, 1.98895716667, 6.76729393005, 12.4807443619, 8.71727752686, 10.4253377914, 15.2639274597, 15.2870121002, 28.1924133301, 40.2819213867, 19.6620883942, 29.6503582001, 31.9167289734, 42.3819999695, 47.5689163208, 19.7162227631, 20.0695323944, 27.2220973969, 22.919965744, 13.7921199799, 6.58973121643, 10.1194782257, 14.4020938873, 13.8045282364, 18.9001274109, 15.0061044693, 10.456861496, 3.93340778351, 3.435297966, 4.65765619278, 6.31609201431, 3.89507889748, 1.75088858604, 0.653451263905, 0.0772721171379, 0.00352721754462, 0.000102502883237, 1.89630936802e-05],
        "dvar": [0.00907498411834, 0.692045986652, 2.22594809532, 13.0411014557, 77.2977752686, 256.044952393, 120.367744446, 197.149230957, 261.162780762, 1252.11413574, 1759.55358887, 6500.84814453, 1162.07629395, 1400.07165527, 2548.70092773, 4783.64990234, 5388.96630859, 1201.48974609, 1349.7175293, 2759.37890625, 1284.79040527, 319.039245605, 57.4757270813, 320.58493042, 557.3125, 414.547180176, 666.895446777, 646.736816406, 417.00793457, 38.5171279907, 29.0702095032, 37.5601463318, 70.227355957, 22.098941803, 4.76747846603, 0.905243217945, 0.0132253756747, 3.89212436858e-05, 2.05059791369e-08, 3.21181498064e-10],
        "dvar2": [0.0236341599375, 1.80244374275, 5.78334188461, 32.4029350281, 162.19972229, 578.074462891, 306.234954834, 386.136352539, 539.737609863, 1869.82324219, 3401.41210938, 9512.36230469, 2526.93920898, 3298.0390625, 4840.07470703, 11060.1142578, 11052.8261719, 2606.50488281, 3215.43701172, 4453.81640625, 2453.0769043, 706.854492188, 127.472198486, 824.458740234, 1073.17224121, 929.919799805, 1386.79187012, 1248.28088379, 792.19354248, 64.4490737915, 51.5550575256, 83.4616851807, 148.972961426, 44.9154891968, 9.73210430145, 1.83102989197, 0.0317471176386, 0.000104665043182, 4.98106764724e-08, 6.56094623075e-10],
        "max": [1.21669828892, 11.6799144745, 22.813243866, 106.682357788, 118.132385254, 285.445678711, 198.151260376, 273.623504639, 351.61932373, 998.981994629, 953.724243164, 2028.37976074, 740.271606445, 512.975036621, 955.269287109, 1091.68737793, 1141.87768555, 584.629272461, 680.571777344, 807.283996582, 1040.85510254, 285.802856445, 161.374237061, 331.409790039, 385.702026367, 403.315155029, 387.222717285, 386.15524292, 460.237518311, 151.335723877, 110.317352295, 105.710624695, 133.076721191, 64.1338729858, 31.1176376343, 14.5494213104, 1.26238262653, 0.0918227732182, 0.0017033056356, 0.000237422369537],
        "mean": [0.116989322007, 0.953187942505, 1.72990179062, 2.15769314766, 8.42124271393, 17.0061855316, 12.6457366943, 17.5838928223, 22.6378631592, 22.9582767487, 49.1263389587, 70.3106155396, 28.8493595123, 36.2163925171, 44.1114311218, 63.5001335144, 66.7755813599, 24.2889175415, 21.5073928833, 33.9928779602, 31.5783824921, 19.7213783264, 10.9863243103, 14.4106292725, 21.8091831207, 22.1314754486, 27.9100208282, 24.4577178955, 18.0279312134, 6.15127325058, 4.90976285934, 6.7499871254, 11.7166156769, 7.18375301361, 3.04891562462, 1.10852491856, 0.104047238827, 0.00388677162118, 0.000167275269632, 5.53110003239e-05],
        "median": [0.0852284133434, 0.689382314682, 1.14644491673, 1.31788611412, 4.38555860519, 7.65797138214, 8.09945774078, 8.79135894775, 14.6001586914, 13.0971288681, 21.5882778168, 22.4617805481, 13.3958950043, 16.7256507874, 13.1427726746, 13.1815509796, 17.5550537109, 6.67237234116, 8.16862297058, 8.99471282959, 12.2085523605, 7.67839050293, 5.36453342438, 4.80297422409, 7.39494991302, 10.4250078201, 11.4151849747, 8.4057636261, 3.9482011795, 2.03836894035, 1.93548643589, 3.05769348145, 4.91333341599, 2.49088859558, 0.866796970367, 0.19359254837, 0.017323795706, 0.000835315324366, 6.36916302028e-05, 4.75463457406e-05],
        "min": [7.74842555984e-05, 0.00189489184413, 0.0101029966027, 0.0525804534554, 0.0840838775039, 0.163485750556, 0.353818416595, 0.521914124489, 0.541703343391, 0.664557754993, 0.54495793581, 0.998253285885, 0.449137598276, 0.628355026245, 0.419763565063, 0.409848958254, 0.548486530781, 0.417059123516, 0.379305720329, 0.481019943953, 0.265756815672, 0.139204084873, 0.204063251615, 0.12152504921, 0.0773686245084, 0.08504126966, 0.0619932413101, 0.0678962245584, 0.0413936115801, 0.0210409183055, 0.0174937862903, 0.00810694508255, 0.00460217986256, 0.000541369896382, 3.8569465687e-05, 7.93975596025e-06, 3.65135861102e-06, 6.95481730872e-07, 3.22607365888e-06, 5.92414380662e-06],
        "var": [0.0146776307374, 1.06983435154, 4.49227285385, 19.4519424438, 141.75920105, 661.285217285, 299.635284424, 863.549987793, 693.444824219, 2859.94384766, 7063.41894531, 28911.9140625, 2362.15209961, 2806.17358398, 7140.11279297, 18825.6328125, 18864.8808594, 3016.09619141, 1799.35473633, 7269.37451172, 3276.94189453, 1045.69714355, 282.057891846, 1120.92504883, 1664.38244629, 1047.60668945, 1600.47180176, 1885.26257324, 1454.30651855, 137.875976562, 104.436988831, 93.0743942261, 315.50994873, 104.862747192, 20.3027858734, 4.00571203232, 0.0350612699986, 5.14594648848e-05, 5.20866159093e-08, 1.35113598088e-09]
    },
    "gfcc": {
        "mean": [31.2917156219, 87.4685897827, -115.292472839, 34.3386459351, -73.6145553589, 24.070438385, -40.9497184753, 17.3384552002, -28.0956554413, 9.07792472839, -12.9636182785, -5.15932416916, 1.57582128048],
        "cov": [[2487.87646484, -2109.5, 354.841827393, 46.8570709229, -222.34085083, 445.685119629, -177.799636841, 269.805084229, -443.11416626, 450.816741943, -264.206787109, 172.762130737, -129.888885498], [-2109.5, 2213.2644043, -334.938812256, -75.1413116455, 222.251403809, -390.385223389, 182.760818481, -252.125213623, 456.195495605, -464.727844238, 246.384887695, -183.968765259, 176.984298706], [354.841827393, -334.938812256, 389.85269165, 45.9055938721, -107.42741394, 82.0411758423, -16.5957965851, 62.21667099, -71.7725830078, 52.6665725708, -78.3880996704, 83.7422866821, -68.7044830322], [46.8570709229, -75.1413116455, 45.9055938721, 200.06362915, 24.032749176, -17.1531410217, 1.22832465172, -12.4748764038, -2.91609525681, 7.50904607773, -2.4552321434, 1.90013742447, 17.140838623], [-222.34085083, 222.251403809, -107.42741394, 24.032749176, 192.112121582, -21.1059341431, -6.17167711258, -12.5119028091, 14.7745170593, -6.85481500626, 39.3412704468, -34.7885322571, 36.0550956726], [445.685119629, -390.385223389, 82.0411758423, -17.1531410217, -21.1059341431, 226.084213257, -8.48219680786, 59.137008667, -87.7371063232, 80.2314071655, 0.196933761239, 36.7425117493, -21.3949966431], [-177.799636841, 182.760818481, -16.5957965851, 1.22832465172, -6.17167711258, -8.48219680786, 176.161560059, -5.36247158051, 31.9310512543, -38.1540107727, 24.5116596222, 0.371907889843, -2.32861661911], [269.805084229, -252.125213623, 62.21667099, -12.4748764038, -12.5119028091, 59.137008667, -5.36247158051, 168.698135376, -31.6962051392, 75.4644088745, -29.6790523529, 20.3616809845, 21.6893558502], [-443.11416626, 456.195495605, -71.7725830078, -2.91609525681, 14.7745170593, -87.7371063232, 31.9310512543, -31.6962051392, 239.889419556, -71.7144470215, 32.1033821106, -8.32014083862, 38.5217514038], [450.816741943, -464.727844238, 52.6665725708, 7.50904607773, -6.85481500626, 80.2314071655, -38.1540107727, 75.4644088745, -71.7144470215, 221.761520386, -25.8101081848, 32.1359519958, -27.9567470551], [-264.206787109, 246.384887695, -78.3880996704, -2.4552321434, 39.3412704468, 0.196933761239, 24.5116596222, -29.6790523529, 32.1033821106, -25.8101081848, 154.867233276, -19.8702297211, 29.9089012146], [172.762130737, -183.968765259, 83.7422866821, 1.90013742447, -34.7885322571, 36.7425117493, 0.371907889843, 20.3616809845, -8.32014083862, 32.1359519958, -19.8702297211, 123.992294312, -18.4290065765], [-129.888885498, 176.984298706, -68.7044830322, 17.140838623, 36.0550956726, -21.3949966431, -2.32861661911, 21.6893558502, 38.5217514038, -27.9567470551, 29.9089012146, -18.4290065765, 114.603065491]],
        "icov": [[0.00254159024917, 0.00168011488859, 3.02488751913e-05, -7.34310306143e-05, 0.000650178815704, -0.00161734304857, 0.000312402466079, -0.000167936013895, 0.00056124740513, -0.000694583635777, 0.00136045052204, -7.43005512049e-05, -0.000878384453245], [0.00168011488859, 0.00604477990419, -0.00253817276098, 0.0034649996087, -0.00391679583117, 0.00280798971653, -0.00264371233061, 0.00306630088016, -0.00458405120298, 0.00422480609268, -0.00304437871091, 0.00331040634774, -0.00445001712069], [3.02488751913e-05, -0.00253817276098, 0.00587285822257, -0.00339817767963, 0.00392228318378, -0.00283782486804, 0.00187065522186, -0.00313116773032, 0.00294278073125, -0.00180255144369, 0.00296891108155, -0.0035257039126, 0.00407924456522], [-7.34310306143e-05, 0.0034649996087, -0.00339817767963, 0.00833615567535, -0.00425957003608, 0.00352103170007, -0.00244497926906, 0.00356235331856, -0.00334243569523, 0.0025450240355, -0.00274698412977, 0.00259166606702, -0.00456677004695], [0.000650178815704, -0.00391679583117, 0.00392228318378, -0.00425957003608, 0.0106647759676, -0.00385873531923, 0.00300890603103, -0.00302423746325, 0.00466443831101, -0.00453369924799, 0.00299272686243, -0.00233842455782, 0.00250117946416], [-0.00161734304857, 0.00280798971653, -0.00283782486804, 0.00352103170007, -0.00385873531923, 0.0103900386021, -0.00264214072376, 0.00146515597589, -0.00253854715265, 0.00290998187847, -0.00524731678888, 0.00177242362406, -0.00235709408298], [0.000312402466079, -0.00264371233061, 0.00187065522186, -0.00244497926906, 0.00300890603103, -0.00264214072376, 0.00791121646762, -0.00267416913994, 0.00231424090452, -0.00156057765707, 0.00146417401265, -0.00226429104805, 0.00324611738324], [-0.000167936013895, 0.00306630088016, -0.00313116773032, 0.00356235331856, -0.00302423746325, 0.00146515597589, -0.00267416913994, 0.0110130794346, -0.00315523706377, 0.000252226484008, -0.00115087919403, 0.00234017567709, -0.00645051989704], [0.00056124740513, -0.00458405120298, 0.00294278073125, -0.00334243569523, 0.00466443831101, -0.00253854715265, 0.00231424090452, -0.00315523706377, 0.0105818044394, -0.00402189977467, 0.00364151247777, -0.00423811469227, 0.00251238956116], [-0.000694583635777, 0.00422480609268, -0.00180255144369, 0.0025450240355, -0.00453369924799, 0.00290998187847, -0.00156057765707, 0.000252226484008, -0.00402189977467, 0.0113064972684, -0.00407403567806, 0.00218859314919, -0.0013576062629], [0.00136045052204, -0.00304437871091, 0.00296891108155, -0.00274698412977, 0.00299272686243, -0.00524731678888, 0.00146417401265, -0.00115087919403, 0.00364151247777, -0.00407403567806, 0.0119285946712, -0.00243013817817, 0.00103879661765], [-7.43005512049e-05, 0.00331040634774, -0.0035257039126, 0.00259166606702, -0.00233842455782, 0.00177242362406, -0.00226429104805, 0.00234017567709, -0.00423811469227, 0.00218859314919, -0.00243013817817, 0.0122414976358, -0.00255896523595], [-0.000878384453245, -0.00445001712069, 0.00407924456522, -0.00456677004695, 0.00250117946416, -0.00235709408298, 0.00324611738324, -0.00645051989704, 0.00251238956116, -0.0013576062629, 0.00103879661765, -0.00255896523595, 0.0159325879067]]
    },
    "melbands": {
        "dmean": [0.000376021373086, 0.000362781720469, 0.00024771707831, 0.000535014958587, 0.000201904345886, 0.000150259118527, 0.000156683614478, 0.000128142870381, 0.000174716260517, 0.000181903058547, 6.88214058755e-05, 8.64919857122e-05, 7.39130118745e-05, 8.40450229589e-05, 7.5201583968e-05, 5.38307212992e-05, 2.30816403928e-05, 2.23939441639e-05, 2.07375251193e-05, 2.49500317295e-05, 1.68421283888e-05, 9.98643827188e-06, 7.45852048567e-06, 3.8146326915e-06, 5.5361451814e-06, 9.3343487606e-06, 6.59562510918e-06, 6.11801533523e-06, 9.42407223192e-06, 6.38424307908e-06, 7.47599324313e-06, 4.75814567835e-06, 3.00891701954e-06, 1.26826864744e-06, 1.38605889788e-06, 1.85806425179e-06, 2.03624335882e-06, 3.64327161151e-06, 2.90665548164e-06, 2.20405968321e-06],
        "dmean2": [0.000601834442932, 0.000592219235841, 0.000396449468099, 0.000774217303842, 0.000325355242239, 0.00022235106735, 0.000230159159401, 0.000186089135241, 0.000246002164204, 0.000241985893808, 0.000100858320366, 0.000130675733089, 0.00010271636711, 0.000128052037326, 0.000112922039989, 8.13574151834e-05, 3.56631790055e-05, 3.51418893842e-05, 3.0667266401e-05, 3.68405344489e-05, 2.52049158007e-05, 1.52188640641e-05, 1.12734587674e-05, 5.91911066294e-06, 8.49570733408e-06, 1.36200651468e-05, 1.01728801383e-05, 9.0890807769e-06, 1.40616966746e-05, 9.90694661596e-06, 1.03092934296e-05, 6.8206081778e-06, 4.07693460147e-06, 1.94104768525e-06, 2.037907052e-06, 2.79784876511e-06, 3.05830599245e-06, 5.21819038113e-06, 4.14408486904e-06, 3.21536708725e-06],
        "dvar": [8.64465732775e-07, 6.18284502707e-07, 4.00324040584e-07, 1.05053641164e-06, 1.44564623383e-07, 8.86511202225e-08, 8.90643363505e-08, 1.38426841545e-07, 1.27571624375e-07, 2.33893629797e-07, 3.01934512947e-08, 2.92692003967e-08, 2.80569736333e-08, 4.94823524377e-08, 3.25264117862e-08, 1.83142052634e-08, 4.90273155407e-09, 5.09114528313e-09, 3.5525324904e-09, 3.0572091525e-09, 1.75444625494e-09, 4.37409580778e-10, 2.62262933592e-10, 8.55049642201e-11, 3.01758645849e-10, 6.10465067385e-10, 2.70700489802e-10, 2.15481077426e-10, 4.05870725917e-10, 2.86320078757e-10, 4.48577952561e-10, 2.45616749162e-10, 6.79608105902e-11, 1.13117527498e-11, 1.1833537622e-11, 2.30904722426e-11, 1.37082541499e-11, 6.45924563836e-11, 2.31062703693e-11, 1.78373010806e-11],
        "dvar2": [2.22426615437e-06, 1.60230638357e-06, 9.82595679488e-07, 2.13933185478e-06, 3.84170874668e-07, 1.76927500206e-07, 1.6405472536e-07, 2.37686066384e-07, 2.39333814989e-07, 3.49125713228e-07, 6.70391102631e-08, 6.96914241871e-08, 5.04059691764e-08, 1.15829550396e-07, 7.11614163151e-08, 4.0165634374e-08, 1.06854578519e-08, 1.2521873316e-08, 6.42165032261e-09, 5.3191189231e-09, 3.42083139593e-09, 9.23941145814e-10, 5.97262128643e-10, 1.81794510001e-10, 7.74423969396e-10, 1.27068477962e-09, 6.27363050398e-10, 4.6343462401e-10, 7.81083531187e-10, 6.89838186574e-10, 8.61771431993e-10, 4.44304676384e-10, 1.04159084136e-10, 2.27859259239e-11, 2.33962484802e-11, 4.97089314155e-11, 3.09689843214e-11, 1.40434955331e-10, 4.26424000277e-11, 4.01158793684e-11],
        "max": [0.013120722957, 0.0118160638958, 0.0165396276861, 0.0119177103043, 0.00788499042392, 0.00586624862626, 0.00855521298945, 0.00894986186177, 0.00707898288965, 0.0127409957349, 0.00356579804793, 0.00242832046933, 0.00346259493381, 0.00353023014031, 0.00363270402886, 0.00243593705818, 0.00124820077326, 0.00126070401166, 0.00113331142347, 0.000724371580873, 0.00125774333719, 0.000385526567698, 0.00031084092916, 0.000262916611973, 0.000318553764373, 0.000409753673011, 0.000311009789584, 0.000217486245674, 0.000304629706079, 0.000340505765053, 0.000361198646715, 0.000415926566347, 0.000166510391864, 6.77044226904e-05, 7.44971475797e-05, 7.77987152105e-05, 5.18742635904e-05, 0.000147285260027, 6.98963267496e-05, 7.56890585762e-05],
        "mean": [0.00113354588393, 0.00105312245432, 0.000472680287203, 0.00107424426824, 0.000485962256789, 0.000375851173885, 0.000347457069438, 0.000265490700258, 0.000432122149505, 0.000410496024415, 0.000135830705403, 0.000149476283696, 0.000142009710544, 0.000169440958416, 0.000169711580384, 0.000104954153358, 3.80142846552e-05, 3.33226162184e-05, 3.45559928974e-05, 4.62956013507e-05, 3.27382913383e-05, 2.02729879675e-05, 1.38623363455e-05, 9.10253857e-06, 1.06781426439e-05, 1.8619812181e-05, 1.39768326335e-05, 1.36413909786e-05, 1.91797789739e-05, 1.32400618895e-05, 1.52451166286e-05, 1.00981460491e-05, 7.4037293416e-06, 2.19475077756e-06, 2.5873919185e-06, 3.27507109432e-06, 4.12691179008e-06, 9.02210467757e-06, 7.60199418437e-06, 5.25866016687e-06],
        "median": [0.000868228205945, 0.000785557436757, 0.000298838102026, 0.000474927481264, 0.000316315417876, 0.000186104458407, 0.000219632580411, 0.00015093536058, 0.000180862029083, 0.000130116852233, 5.49151991436e-05, 6.9074347266e-05, 3.23803433275e-05, 2.80936037598e-05, 3.20670951623e-05, 2.48192081926e-05, 6.62404545437e-06, 1.00571769508e-05, 1.00645038401e-05, 1.31242459247e-05, 1.01512323454e-05, 6.81589835949e-06, 4.91283890369e-06, 2.84337897938e-06, 2.47017169386e-06, 4.80832250105e-06, 4.09199492424e-06, 4.54533437733e-06, 4.76307968711e-06, 3.60453191206e-06, 3.71689293388e-06, 2.06784761758e-06, 1.21943219256e-06, 5.86208443565e-07, 7.28821362372e-07, 1.01812202047e-06, 1.68949259205e-06, 3.01364593724e-06, 2.27802206609e-06, 1.66539882684e-06],
        "min": [2.0915595087e-06, 5.12510177941e-06, 7.15975738785e-06, 8.15552266431e-06, 1.39016301546e-05, 9.74696376943e-06, 6.92536059432e-06, 6.38053097646e-06, 2.95700851893e-06, 3.33273351316e-06, 1.18456171094e-06, 1.90983155335e-06, 5.66076948871e-07, 5.86781595757e-07, 1.04784942323e-06, 3.93522697095e-07, 4.01157052465e-07, 2.62921133753e-07, 3.37508964776e-07, 1.75487372189e-07, 3.0127523587e-07, 1.01811579611e-07, 9.40457951515e-08, 1.07967615293e-07, 5.82699364315e-08, 6.77398759308e-08, 3.48560043051e-08, 1.65193743129e-08, 2.89049708613e-08, 3.25746540852e-08, 2.78671539178e-08, 1.14947269481e-08, 1.33107320721e-08, 3.80285269941e-09, 3.37308492249e-09, 4.49564696581e-09, 7.22254256402e-10, 1.37703515257e-09, 6.66268151761e-10, 1.45738646845e-11],
