{
"highlevel": {
    "danceability": {
        "all": {
            "danceable": 0.999998629093,
            "not_danceable": 1.35520656386e-06
        },
        "probability": 0.999998629093,
        "value": "danceable"
    },
    "gender": {
        "all": {
            "female": 0.924634993076,
            "male": 0.0753650069237
        },
        "probability": 0.924634993076,
        "value": "female"
    },
    "genre_dortmund": {
        "all": {
            "alternative": 0.0281955208629,
            "blues": 0.0127836177126,
            "electronic": 0.0986106693745,
            "folkcountry": 0.0172905251384,
            "funksoulrnb": 0.0454159118235,
            "jazz": 0.0333797261119,
            "pop": 0.0961292609572,
            "raphiphop": 0.632005810738,
            "rock": 0.0361889488995
        },
        "probability": 0.632005810738,
        "value": "raphiphop"
    },
    "genre_electronic": {
        "all": {
            "ambient": 0.086870379746,
            "dnb": 0.162580639124,
            "house": 0.157877013087,
            "techno": 0.0157645046711,
            "trance": 0.576907455921
        },
        "probability": 0.576907455921,
        "value": "trance"
    },
    "genre_rosamerica": {
        "all": {
            "cla": 0.00031010247767,
            "dan": 0.812895476818,
            "hip": 0.0241592805833,
            "jaz": 0.000405871542171,
            "pop": 0.103629209101,
            "rhy": 0.0568059124053,
            "roc": 0.00148397835437,
            "spe": 0.000310192030156
        },
        "probability": 0.812895476818,
        "value": "dan"
    },
    "genre_tzanetakis": {
        "all": {
            "blu": 0.0626541376114,
            "cla": 0.0348133966327,
            "cou": 0.0783501937985,
            "dis": 0.104547761381,
            "hip": 0.15693578124,
            "jaz": 0.313987255096,
            "met": 0.044816005975,
            "pop": 0.0627349764109,
            "reg": 0.0627352520823,
            "roc": 0.0784252434969
        },
        "probability": 0.313987255096,
        "value": "jaz"
    },
    "ismir04_rhythm": {
        "all": {
            "ChaChaCha": 0.133740022779,
            "Jive": 0.0906730517745,
            "Quickstep": 0.00480097811669,
            "Rumba-American": 0.0176037792116,
            "Rumba-International": 0.111620083451,
            "Rumba-Misc": 0.0100345080718,
            "Samba": 0.620969414711,
            "Tango": 0.001330892439,
            "VienneseWaltz": 0.0072073074989,
            "Waltz": 0.00201997975819
        },
        "probability": 0.620969414711,
        "value": "Samba"
    },
    "mood_acoustic": {
        "all": {
            "acoustic": 1.1065083072e-06,
            "not_acoustic": 0.999998867512
        },
        "probability": 0.999998867512,
        "value": "not_acoustic"
    },
    "mood_aggressive": {
        "all": {
            "aggressive": 1.51085287143e-05,
            "not_aggressive": 0.999984920025
        },
        "probability": 0.999984920025,
        "value": "not_aggressive"
    },
    "mood_electronic": {
        "all": {
            "electronic": 0.969623863697,
            "not_electronic": 0.0303761065006
        },
        "probability": 0.969623863697,
        "value": "electronic"
    },
    "mood_happy": {
        "all": {
            "happy": 0.611273765564,
            "not_happy": 0.388726204634
        },
        "probability": 0.611273765564,
        "value": "happy"
    },
    "mood_party": {
        "all": {
            "not_party": 0.248976632953,
            "party": 0.751023352146
        },
        "probability": 0.751023352146,
        "value": "party"
    },
    "mood_relaxed": {
        "all": {
            "not_relaxed": 0.343309342861,
            "relaxed": 0.656690657139
        },
        "probability": 0.656690657139,
        "value": "relaxed"
    },
    "mood_sad": {
        "all": {
            "not_sad": 0.739620745182,
            "sad": 0.260379254818
        },
        "probability": 0.739620745182,
        "value": "not_sad"
    },
    "moods_mirex": {
        "all": {
            "Cluster1": 0.18176458776,
            "Cluster2": 0.151106238365,
            "Cluster3": 0.189843773842,
            "Cluster4": 0.238312423229,
            "Cluster5": 0.238972961903
        },
        "probability": 0.238972961903,
        "value": "Cluster5"
    },
    "timbre": {
        "all": {
            "bright": 0.995016157627,
            "dark": 0.00498386844993
        },
        "probability": 0.995016157627,
        "value": "bright"
    },
    "tonal_atonal": {
        "all": {
            "atonal": 0.949861288071,
            "tonal": 0.0501387119293
        },
        "probability": 0.949861288071,
        "value": "atonal"
    },
    "voice_instrumental": {
        "all": {
            "instrumental": 0.0725421011448,
            "voice": 0.927457869053
        },
        "probability": 0.927457869053,
        "value": "voice"
    }
},
"lowlevel": {
    "average_loudness": 0.977715611458,
    "barkbands_crest": {
        "dmean": 2.93045496941,
        "dmean2": 4.22469615936,
        "dvar": 8.48720836639,
        "dvar2": 19.5814838409,
        "max": 25.1894664764,
        "mean": 14.0006074905,
        "median": 14.4272594452,
        "min": 2.31581950188,
        "var": 32.0282249451
    },
    "barkbands_flatness_db": {
        "dmean": 0.0339114703238,
        "dmean2": 0.0463233850896,
        "dvar": 0.00103923375718,
        "dvar2": 0.00207286607474,
        "max": 0.455262303352,
        "mean": 0.18278196454,
        "median": 0.168784841895,
        "min": 0.0394899509847,
        "var": 0.00548640079796
    },
    "barkbands_kurtosis": {
        "dmean": 5.73633432388,
        "dmean2": 8.67554664612,
        "dvar": 139.858428955,
        "dvar2": 310.186035156,
        "max": 226.840454102,
        "mean": 8.14720439911,
        "median": 3.18749666214,
        "min": -1.93424427509,
        "var": 275.848968506
    },
    "barkbands_skewness": {
        "dmean": 0.813426494598,
        "dmean2": 1.16448676586,
        "dvar": 0.798427045345,
        "dvar2": 1.73230373859,
        "max": 11.6421689987,
        "mean": 2.07288789749,
        "median": 1.83044886589,
        "min": -3.23208546638,
        "var": 2.8889503479
    },
    "barkbands_spread": {
        "dmean": 10.2315092087,
        "dmean2": 14.6181373596,
        "dvar": 173.234924316,
        "dvar2": 349.491577148,
        "max": 111.196609497,
        "mean": 25.0165500641,
        "median": 20.8252811432,
        "min": 0.591905593872,
        "var": 340.521209717
    },
    "dissonance": {
        "dmean": 0.0282200910151,
        "dmean2": 0.0455990023911,
        "dvar": 0.000714933907147,
        "dvar2": 0.00182861974463,
        "max": 0.499657094479,
        "mean": 0.446001291275,
        "median": 0.455808907747,
        "min": 0.266588538885,
        "var": 0.00155675841961
    },
    "dynamic_complexity": 2.54192638397,
    "erbbands_crest": {
        "dmean": 3.04406237602,
        "dmean2": 4.67699718475,
        "dvar": 10.0149841309,
        "dvar2": 19.4720554352,
        "max": 33.2821502686,
        "mean": 10.3551435471,
        "median": 8.73392772675,
        "min": 2.3888065815,
        "var": 31.6659832001
    },
    "erbbands_flatness_db": {
        "dmean": 0.0216945409775,
        "dmean2": 0.0291021224111,
        "dvar": 0.000566543953028,
        "dvar2": 0.0010134378681,
        "max": 0.36486813426,
        "mean": 0.148513540626,
        "median": 0.134973824024,
        "min": 0.0653640851378,
        "var": 0.00301283574663
    },
    "erbbands_kurtosis": {
        "dmean": 1.67497122288,
        "dmean2": 2.43987512589,
        "dvar": 4.87536287308,
        "dvar2": 9.41828250885,
        "max": 31.0896110535,
        "mean": 1.76394021511,
        "median": 0.484954595566,
        "min": -1.7176579237,
        "var": 13.7945213318
    },
    "erbbands_skewness": {
        "dmean": 0.537103950977,
        "dmean2": 0.754719734192,
        "dvar": 0.24265781045,
        "dvar2": 0.477596312761,
        "max": 3.40814995766,
        "mean": 0.322785526514,
        "median": 0.320199042559,
        "min": -3.53413939476,
        "var": 0.829112052917
    },
    "erbbands_spread": {
        "dmean": 13.5180301666,
        "dmean2": 19.4213237762,
        "dvar": 213.722885132,
        "dvar2": 410.398590088,
        "max": 125.868057251,
        "mean": 42.8544616699,
        "median": 38.5340576172,
        "min": 3.92004418373,
        "var": 630.594848633
    },
    "hfc": {
        "dmean": 15.6171073914,
        "dmean2": 19.782951355,
        "dvar": 320.445404053,
        "dvar2": 626.359069824,
        "max": 140.940124512,
        "mean": 37.0120048523,
        "median": 30.6648712158,
        "min": 0.0203148256987,
        "var": 794.163085938
    },
    "melbands_crest": {
        "dmean": 3.2974448204,
        "dmean2": 4.48103189468,
        "dvar": 10.4251356125,
        "dvar2": 21.2765674591,
        "max": 36.9524688721,
        "mean": 19.6646461487,
        "median": 20.416595459,
        "min": 3.56195855141,
        "var": 62.1644058228
    },
    "melbands_flatness_db": {
        "dmean": 0.0422695502639,
        "dmean2": 0.0553158223629,
        "dvar": 0.00173221004661,
        "dvar2": 0.00306279608048,
        "max": 0.576918661594,
        "mean": 0.236501723528,
        "median": 0.223641589284,
        "min": 0.0399315692484,
        "var": 0.0107460068539
    },
    "melbands_kurtosis": {
        "dmean": 14.674331665,
        "dmean2": 23.1993026733,
        "dvar": 741.51940918,
        "dvar2": 1858.53015137,
        "max": 269.395477295,
        "mean": 23.7091999054,
        "median": 10.5808753967,
        "min": -1.74254381657,
        "var": 1201.43847656
    },
    "melbands_skewness": {
        "dmean": 1.12217307091,
        "dmean2": 1.66876721382,
        "dvar": 1.85546529293,
        "dvar2": 4.02031469345,
        "max": 13.1276760101,
        "mean": 3.47872972488,
        "median": 2.82411003113,
        "min": -0.785900294781,
        "var": 5.65482091904
    },
    "melbands_spread": {
        "dmean": 11.5692806244,
        "dmean2": 16.3335170746,
        "dvar": 354.382598877,
        "dvar2": 700.449035645,
        "max": 209.535079956,
        "mean": 23.7472763062,
        "median": 15.8195133209,
        "min": 0.534083545208,
        "var": 648.152954102
    },
    "pitch_salience": {
        "dmean": 0.0820936113596,
        "dmean2": 0.119225628674,
        "dvar": 0.00559041881934,
        "dvar2": 0.0133392326534,
        "max": 0.809669613838,
        "mean": 0.413484632969,
        "median": 0.401561886072,
        "min": 0.0902831852436,
        "var": 0.0228652022779
    },
    "silence_rate_20dB": {
        "dmean": 0,
        "dmean2": 0,
        "dvar": 0,
        "dvar2": 0,
        "max": 1,
        "mean": 1,
        "median": 1,
        "min": 1,
        "var": 0
    },
    "silence_rate_30dB": {
        "dmean": 0.0913312658668,
        "dmean2": 0.18280403316,
        "dvar": 0.0829889923334,
        "dvar2": 0.180370435119,
        "max": 1,
        "mean": 0.858468651772,
        "median": 1,
        "min": 0,
        "var": 0.121502362192
    },
    "silence_rate_60dB": {
        "dmean": 0.0061919502914,
        "dmean2": 0.0123934932053,
        "dvar": 0.00615360448137,
        "dvar2": 0.0122398883104,
        "max": 1,
        "mean": 0.0309358090162,
        "median": 0,
        "min": 0,
        "var": 0.0299788359553
    },
    "spectral_centroid": {
        "dmean": 424.570251465,
        "dmean2": 585.224365234,
        "dvar": 263134.875,
        "dvar2": 447485.1875,
        "max": 5493.73828125,
        "mean": 1440.16052246,
        "median": 1256.44360352,
        "min": 174.444061279,
        "var": 638097.875
    },
    "spectral_complexity": {
        "dmean": 5.54334354401,
        "dmean2": 8.19907093048,
        "dvar": 47.0871353149,
        "dvar2": 94.715927124,
        "max": 56,
        "mean": 17.4230480194,
        "median": 15,
        "min": 0,
        "var": 106.281272888
    },
    "spectral_decrease": {
        "dmean": 5.98706018096e-09,
        "dmean2": 8.86323014981e-09,
        "dvar": 7.91750084637e-17,
        "dvar2": 1.71965052468e-16,
        "max": -2.22142465013e-12,
        "mean": -1.58630388825e-08,
        "median": -1.45328566958e-08,
        "min": -7.60706626579e-08,
        "var": 1.8025888145e-16
    },
    "spectral_energy": {
        "dmean": 0.0231411289424,
        "dmean2": 0.0341470912099,
        "dvar": 0.00115950009786,
        "dvar2": 0.00245750392787,
        "max": 0.292890906334,
        "mean": 0.0632278695703,
        "median": 0.0576582103968,
        "min": 1.08007379822e-05,
        "var": 0.00267260032706
    },
    "spectral_energyband_high": {
        "dmean": 0.00161787262186,
        "dmean2": 0.00204739370383,
        "dvar": 4.15271597376e-06,
        "dvar2": 7.02923762219e-06,
        "max": 0.0144594283774,
        "mean": 0.00256045651622,
        "median": 0.00113376160152,
        "min": 1.33823164106e-07,
        "var": 9.07688354346e-06
    },
    "spectral_energyband_low": {
        "dmean": 0.0177395883948,
        "dmean2": 0.0263450704515,
        "dvar": 0.00108522584196,
        "dvar2": 0.00248948903754,
        "max": 0.271947324276,
        "mean": 0.0418791584671,
        "median": 0.0355035290122,
        "min": 8.34202817934e-10,
        "var": 0.00239027710631
    },
    "spectral_energyband_middle_high": {
        "dmean": 0.00319167715497,
        "dmean2": 0.00528962118551,
        "dvar": 2.12866743823e-05,
        "dvar2": 5.64520669286e-05,
        "max": 0.0358498208225,
        "mean": 0.00638657901436,
        "median": 0.00475976569578,
        "min": 7.32538092052e-06,
        "var": 3.79816665372e-05
    },
    "spectral_energyband_middle_low": {
        "dmean": 0.00645177578554,
        "dmean2": 0.010086982511,
        "dvar": 0.000108868713141,
        "dvar2": 0.00027519883588,
        "max": 0.103143893182,
        "mean": 0.0128425369039,
        "median": 0.00993721093982,
        "min": 1.73027456185e-06,
        "var": 0.000146298669279
    },
    "spectral_entropy": {
        "dmean": 0.270858794451,
        "dmean2": 0.351743936539,
        "dvar": 0.0855951532722,
        "dvar2": 0.129781618714,
        "max": 8.64727497101,
        "mean": 7.61399555206,
        "median": 7.7075176239,
        "min": 5.80606603622,
        "var": 0.346181988716
    },
    "spectral_flux": {
        "dmean": 0.0484988950193,
        "dmean2": 0.0731279402971,
        "dvar": 0.00318101933226,
        "dvar2": 0.00622121850029,
        "max": 0.489963471889,
        "mean": 0.114487484097,
        "median": 0.0860373973846,
        "min": 0.00151039822958,
        "var": 0.00657117692754
    },
    "spectral_kurtosis": {
        "dmean": 1.76096916199,
        "dmean2": 2.6004345417,
        "dvar": 6.21952533722,
        "dvar2": 13.961564064,
        "max": 34.4611434937,
        "mean": 3.64215183258,
        "median": 2.83254814148,
        "min": -0.799866676331,
        "var": 14.5580434799
    },
    "spectral_rms": {
        "dmean": 0.00139417359605,
        "dmean2": 0.0019166325219,
        "dvar": 2.98731015391e-06,
        "dvar2": 5.41516192243e-06,
        "max": 0.0169040597975,
        "mean": 0.00717388279736,
        "median": 0.00750012742355,
        "min": 0.000102651378256,
        "var": 1.02211752164e-05
    },
    "spectral_rolloff": {
        "dmean": 977.178222656,
        "dmean2": 1555.24401855,
        "dvar": 2744777.75,
        "dvar2": 4759637.5,
        "max": 10981.9335938,
        "mean": 1659.10559082,
        "median": 775.1953125,
        "min": 43.06640625,
        "var": 4734421
    },
    "spectral_skewness": {
        "dmean": 0.330063581467,
        "dmean2": 0.447672814131,
        "dvar": 0.118138574064,
        "dvar2": 0.197023883462,
        "max": 4.25901556015,
        "mean": 1.51201164722,
        "median": 1.49733412266,
        "min": -0.0611841641366,
        "var": 0.42284438014
    },
    "spectral_spread": {
        "dmean": 970056.9375,
        "dmean2": 1379126.25,
        "dvar": 1.0795426775e+12,
        "dvar2": 1.81538258944e+12,
        "max": 12102410,
        "mean": 6337244.5,
        "median": 6437241,
        "min": 1510351.875,
        "var": 3.53165613466e+12
    },
    "spectral_strongpeak": {
        "dmean": 0.428681612015,
        "dmean2": 0.687189459801,
        "dvar": 0.665717065334,
        "dvar2": 1.69967067242,
        "max": 7.52553844452,
        "mean": 0.873021781445,
        "median": 0.577479839325,
        "min": 0,
        "var": 0.980014145374
    },
    "zerocrossingrate": {
        "dmean": 0.0218161940575,
        "dmean2": 0.0235422663391,
        "dvar": 0.000682737736497,
        "dvar2": 0.000790636171587,
        "max": 0.330078125,
        "mean": 0.0704416483641,
        "median": 0.056640625,
        "min": 0.00146484375,
        "var": 0.00288032367826
    },
    "barkbands": {
        "dmean": [0.00317054241896, 0.0158752892166, 0.00243592914194, 0.000952808943111, 0.00333245797083, 0.00123654131312, 0.000920517777558, 0.000521082023624, 0.00142975780182, 0.000583694840316, 0.00111304281745, 0.000701890268829, 0.000396982213715, 0.000463633128675, 0.000277482904494, 0.000379387143767, 0.000319712271448, 0.000212763756281, 0.000178156595211, 0.000155955349328, 0.000282357475953, 0.000448657170637, 0.000319306767778, 0.000245794421062, 0.000263896305114, 0.000123796489788, 3.82865806614e-07],
        "dmean2": [0.00435455748811, 0.0239605139941, 0.00416874838993, 0.0013063630322, 0.00570243597031, 0.00193693465553, 0.00154156296048, 0.000825062161312, 0.00203200639226, 0.000927825109102, 0.00173545326106, 0.00116104411427, 0.000661365455016, 0.000776119355578, 0.000468073209049, 0.000639786303509, 0.000543987029232, 0.0003676522756, 0.000305136461975, 0.000225657393457, 0.000411884684581, 0.000582551176194, 0.000480252725538, 0.000345582404407, 0.000337501318427, 0.000170971063199, 6.33163892871e-07],
        "dvar": [5.82313732593e-05, 0.000998496776447, 4.87490324304e-05, 4.41935935669e-06, 7.63268835726e-05, 5.71047985432e-06, 3.41777627e-06, 1.3562599861e-06, 5.36258039574e-06, 1.42838405282e-06, 4.07591869589e-06, 1.62765400091e-06, 8.13565577573e-07, 7.54285053972e-07, 4.48510718343e-07, 4.82613074837e-07, 4.41366438508e-07, 1.50156296286e-07, 1.23309476407e-07, 4.60778935008e-08, 1.59499293773e-07, 3.57673428653e-07, 2.15648569224e-07, 1.16961984986e-07, 1.01536066666e-07, 2.28001333369e-08, 1.46496801235e-12],
        "dvar2": [0.000122475801618, 0.00245702173561, 0.000139998170198, 7.25441441318e-06, 0.000214189756662, 1.38106206578e-05, 9.45867759583e-06, 2.82736482404e-06, 1.09797438199e-05, 3.12299971483e-06, 1.02353551483e-05, 3.64301354239e-06, 1.98149859898e-06, 2.05157698474e-06, 1.04746698071e-06, 1.30628518491e-06, 1.1891286249e-06, 3.872353318e-07, 3.31659947506e-07, 9.87853070455e-08, 3.50016478023e-07, 6.1750012037e-07, 3.97479595904e-07, 2.18531823748e-07, 2.12456427562e-07, 4.62603964024e-08, 3.52897528907e-12],
        "max": [0.0571987591684, 0.258325278759, 0.0591659136117, 0.025190634653, 0.0758674293756, 0.0287418439984, 0.0170155838132, 0.0177197866142, 0.0277591384947, 0.026667535305, 0.0160085577518, 0.0274092964828, 0.0158636923879, 0.0108154676855, 0.0110114738345, 0.00732973357663, 0.00711820088327, 0.00393728120252, 0.00431990856305, 0.00184698135126, 0.00511463591829, 0.00503407744691, 0.00346717168577, 0.00332115381025, 0.00213892245665, 0.00119758246001, 1.07716878119e-05],
        "mean": [0.00401051342487, 0.0343741327524, 0.00333482399583, 0.00118240178563, 0.00362166808918, 0.00252150557935, 0.00118258222938, 0.000816851097625, 0.00287404935807, 0.00100609532092, 0.00127047742717, 0.00142260093708, 0.000498998910189, 0.000755924615078, 0.000364319712389, 0.000418821786297, 0.00041072248132, 0.000279255153146, 0.000230960693443, 0.000233441402088, 0.00039017747622, 0.00056384364143, 0.000468684040243, 0.000367722241208, 0.000403268291848, 0.000223693321459, 3.06581654286e-07],
        "median": [0.000234010949498, 0.0262779388577, 0.00077050505206, 0.000254297978245, 0.000625226122793, 0.00114131148439, 0.000429425737821, 0.000128755957121, 0.00148373446427, 0.000218188506551, 0.000245008704951, 0.00022818884463, 0.00011803938105, 0.000258922751527, 9.7468662716e-05, 7.56229783292e-05, 8.76616832102e-05, 0.000111137640488, 9.92290733848e-05, 0.00012531572429, 0.000165613935678, 0.000149037630763, 0.000143291064887, 0.000162742842804, 0.000222498551011, 0.000177238049218, 1.48252132792e-09],
        "min": [2.20523321826e-11, 4.04130340304e-11, 2.12035736191e-11, 9.8937646964e-10, 9.23255498719e-08, 1.60035639851e-07, 6.68126602932e-08, 2.80424394816e-08, 1.82991001907e-07, 1.57265901635e-07, 1.74534292796e-07, 1.0905405361e-06, 7.36587821848e-08, 1.89034281561e-07, 5.66280142777e-08, 4.89786202706e-08, 1.12895122584e-07, 2.70574727068e-08, 6.07467711689e-08, 1.42292453376e-08, 4.72547974084e-08, 3.77037823185e-09, 2.63874722073e-09, 4.01333549727e-10, 3.98756777598e-10, 1.86405335612e-11, 8.89521442615e-12],
        "var": [9.15232230909e-05, 0.00165899598505, 5.15209321748e-05, 8.7838861873e-06, 6.23048981652e-05, 1.19216156236e-05, 3.61765296475e-06, 3.05273920276e-06, 1.46110505739e-05, 3.05120715893e-06, 5.03700402987e-06, 9.36824744713e-06, 1.342725227e-06, 1.69477539202e-06, 9.35975322136e-07, 5.29095359525e-07, 5.14874329838e-07, 1.89075294088e-07, 1.25834517917e-07, 7.54400204528e-08, 2.51072520996e-07, 6.51340883451e-07, 3.88040405142e-07, 2.26566001515e-07, 2.10310744819e-07, 5.23988354928e-08, 1.28485286646e-12]
    },
    "erbbands": {
        "dmean": [0.700651586056, 2.96610426903, 3.46830296516, 2.36600351334, 8.81710338593, 11.4790534973, 8.30327129364, 10.7166595459, 13.0949287415, 11.603263855, 15.6831951141, 30.6728935242, 26.2149105072, 26.0972061157, 36.2727394104, 25.9345970154, 15.9359140396, 27.169095993, 10.005903244, 19.072927475, 22.9582672119, 15.5485534668, 12.2545404434, 10.0600099564, 7.83086967468, 6.80359458923, 13.042424202, 11.0485315323, 17.7237968445, 12.57508564, 8.72032737732, 6.37446880341, 3.73054361343, 2.67225813866, 2.16301608086, 0.830755770206, 0.184185683727, 0.0136209009215, 0.000296116748359, 4.09407257393e-05],
        "dmean2": [1.10030972958, 4.33723020554, 5.58938550949, 3.69448900223, 14.8109779358, 19.647359848, 13.318356514, 17.0818271637, 21.6576728821, 19.7846279144, 23.1928367615, 43.448802948, 39.3699645996, 40.1885871887, 59.9161453247, 41.6723442078, 26.2469081879, 46.4930992126, 16.9336528778, 32.0702896118, 38.2897605896, 26.8932247162, 20.8504486084, 17.2719917297, 12.6672735214, 10.293264389, 17.8018703461, 18.0040893555, 23.030292511, 17.305606842, 12.5988464355, 9.52497673035, 5.14687681198, 3.93717885017, 2.66504478455, 1.10040926933, 0.274424761534, 0.0216272752732, 0.000436431117123, 5.45816255908e-05],
        "dvar": [2.29794788361, 35.0003814697, 80.9182357788, 27.4252853394, 433.816558838, 993.599487305, 306.897918701, 522.565124512, 635.403747559, 805.71685791, 929.536499023, 3176.07226562, 2583.61279297, 1987.81408691, 4539.61376953, 2187.16235352, 1284.49560547, 3048.74365234, 347.404968262, 2066.37646484, 1792.4675293, 1258.37817383, 497.853820801, 486.966827393, 136.445465088, 93.9139785767, 312.426147461, 305.2605896, 576.481323242, 295.933959961, 153.736221313, 77.2942428589, 27.0176239014, 13.842250824, 6.16241407394, 1.01881313324, 0.0496841110289, 0.000292439654004, 1.63271337783e-07, 3.12698533733e-09],
        "dvar2": [5.65775775909, 84.553527832, 224.14263916, 62.8581695557, 1248.32543945, 2741.89550781, 785.418395996, 1327.84008789, 1779.52905273, 2146.99365234, 1894.96264648, 6087.80078125, 5349.10302734, 4920.55615234, 12109.703125, 4363.29492188, 2839.23632812, 8574.89746094, 946.381958008, 5009.40039062, 4742.99023438, 3512.11352539, 1277.29907227, 1335.77355957, 352.82220459, 223.311187744, 614.543579102, 780.850158691, 1046.08825684, 527.989135742, 269.238922119, 159.754302979, 49.320766449, 30.8813781738, 11.5249300003, 2.00921750069, 0.108920440078, 0.000682929996401, 3.424829913e-07, 5.9924047946e-09],
        "max": [11.0791978836, 48.6210250854, 75.8149719238, 49.6062240601, 198.042785645, 250.15045166, 207.489425659, 315.800598145, 246.820526123, 395.43963623, 505.462554932, 793.278808594, 1080.99621582, 328.944213867, 629.731811523, 1297.39978027, 731.121520996, 603.832885742, 172.616958618, 775.589111328, 544.020263672, 459.942565918, 251.781112671, 288.179351807, 89.8382492065, 103.400001526, 150.023269653, 215.717697144, 196.877838135, 131.418502808, 111.886009216, 82.1587753296, 54.9119758606, 33.1149215698, 16.9330196381, 8.13661670685, 1.6060410738, 0.121811144054, 0.00379944965243, 0.000499301648233],
        "mean": [1.26819002628, 6.41567516327, 6.18395137787, 3.59599494934, 9.80118274689, 11.3865604401, 13.711359024, 20.7748184204, 19.3308887482, 13.2792606354, 29.057559967, 63.3863296509, 53.2731056213, 36.4051551819, 48.2561912537, 55.0974960327, 22.9098567963, 45.6095962524, 14.0828714371, 25.0083751678, 28.314125061, 19.7885341644, 17.3104782104, 12.4855899811, 11.1938781738, 10.3822193146, 17.1280899048, 14.3878259659, 21.1735420227, 16.7543754578, 12.9711275101, 9.24951934814, 5.41890573502, 3.93098211288, 3.25930309296, 1.4123185873, 0.327406287193, 0.020795468241, 0.000515163235832, 0.000107514824776],
        "median": [0.503351271152, 3.90211319923, 1.6454154253, 1.13331985474, 1.63798069954, 2.03084993362, 4.6550488472, 8.0093126297, 8.51619625092, 5.09680700302, 9.43585205078, 28.6537151337, 24.8430633545, 12.7095003128, 14.5744056702, 11.343626976, 7.27240753174, 14.0131168365, 6.56600093842, 6.1713309288, 5.1001291275, 4.50227832794, 6.48311758041, 4.55319213867, 6.13357496262, 6.0603055954, 6.48342418671, 6.16442918777, 5.05512428284, 4.88053941727, 4.49498176575, 3.88724064827, 2.31569671631, 1.97339463234, 1.6341714859, 0.950690031052, 0.272557169199, 0.0147421816364, 0.000384926330298, 8.88532958925e-05],
        "min": [4.59672788722e-09, 2.49919107631e-08, 4.27373379353e-07, 2.62559683506e-06, 3.68123983208e-05, 0.000303175562294, 0.000549741613213, 0.00130214227829, 0.000811276840977, 0.00142970774323, 0.000956048897933, 0.00575145473704, 0.0189847797155, 0.00640204828233, 0.0159163381904, 0.0318022929132, 0.0119824297726, 0.00925407838076, 0.0159982424229, 0.00436890311539, 0.00569291971624, 0.00414565810934, 0.00186436460353, 0.00233616819605, 0.00238436157815, 0.000812551181298, 0.00130158290267, 0.00201276224107, 0.000152956388774, 0.00015929408255, 6.8682275014e-05, 1.61420921359e-05, 4.49411800219e-06, 7.19413219485e-06, 9.47860598899e-07, 1.75002583092e-07, 5.33607753539e-08, 1.26558994396e-08, 1.07622382117e-08, 1.6915571166e-08],
        "var": [3.62308716774, 57.2790641785, 120.318374634, 52.8393440247, 363.842559814, 763.105834961, 473.371429443, 910.224365234, 727.541259766, 799.521240234, 2290.30712891, 9002.59570312, 6059.87353516, 2817.55004883, 6536.93408203, 13329.9892578, 2318.29736328, 6564.21289062, 407.322998047, 4193.0625, 2325.5859375, 1188.15380859, 683.174621582, 426.662109375, 193.174545288, 143.141357422, 518.957641602, 372.284301758, 987.592712402, 533.223083496, 293.103515625, 139.832794189, 52.2931404114, 22.3242321014, 14.1912202835, 2.29254722595, 0.107017956674, 0.000508163589984, 3.01157626836e-07, 7.21880377696e-09]
    },
    "gfcc": {
        "mean": [22.0491466522, 64.9418640137, -96.6733093262, 24.7317638397, -65.9789886475, 30.8546886444, -31.1211662292, 18.7667179108, -22.8199234009, 11.1287822723, -17.0173282623, 9.9204120636, -8.17415714264],
        "cov": [[8268.59277344, -1484.64868164, 1109.94909668, 718.941589355, -9.58812046051, 432.447509766, -336.966461182, 392.571289062, -420.037780762, 220.480117798, -337.525024414, 317.693389893, -116.022315979], [-1484.64868164, 1918.96850586, 153.635055542, -106.104949951, 584.771789551, 26.6548137665, 542.803100586, 144.304779053, 407.035400391, 12.6211900711, 362.047637939, -156.567260742, 44.5873298645], [1109.94909668, 153.635055542, 1465.36914062, 457.232971191, 233.800338745, 553.830993652, 434.192047119, 361.830963135, 157.010879517, 258.533569336, 31.0538139343, 78.0575790405, -74.6027908325], [718.941589355, -106.104949951, 457.232971191, 655.318908691, 219.977401733, 110.620933533, 125.09740448, 138.607559204, 192.732772827, 124.085754395, -17.7879390717, 16.422000885, 14.7641143799], [-9.58812046051, 584.771789551, 233.800338745, 219.977401733, 483.101348877, 124.660919189, 228.990036011, 144.374893188, 203.866821289, 88.5755996704, 108.621177673, -18.6780891418, 2.49013185501], [432.447509766, 26.6548137665, 553.830993652, 110.620933533, 124.660919189, 648.717712402, 318.66394043, 173.700942993, 107.275299072, 198.366836548, 162.470489502, 76.14037323, -44.9730834961], [-336.966461182, 542.803100586, 434.192047119, 125.09740448, 228.990036011, 318.66394043, 515.238464355, 209.759460449, 281.059875488, 189.520965576, 175.524017334, -12.184928894, -9.72751522064], [392.571289062, 144.304779053, 361.830963135, 138.607559204, 144.374893188, 173.700942993, 209.759460449, 257.366027832, 154.711380005, 126.073181152, 48.9158859253, 13.8473129272, -12.8919858932], [-420.037780762, 407.035400391, 157.010879517, 192.732772827, 203.866821289, 107.275299072, 281.059875488, 154.711380005, 356.928619385, 152.407684326, 115.147407532, -55.6553726196, 8.37167453766], [220.480117798, 12.6211900711, 258.533569336, 124.085754395, 88.5755996704, 198.366836548, 189.520965576, 126.073181152, 152.407684326, 220.873809814, 89.1956787109, 31.2506256104, -16.0647201538], [-337.525024414, 362.047637939, 31.0538139343, -17.7879390717, 108.621177673, 162.470489502, 175.524017334, 48.9158859253, 115.147407532, 89.1956787109, 233.2706604, 28.9905452728, 16.8068122864], [317.693389893, -156.567260742, 78.0575790405, 16.422000885, -18.6780891418, 76.14037323, -12.184928894, 13.8473129272, -55.6553726196, 31.2506256104, 28.9905452728, 149.602676392, 39.5762367249], [-116.022315979, 44.5873298645, -74.6027908325, 14.7641143799, 2.49013185501, -44.9730834961, -9.72751522064, -12.8919858932, 8.37167453766, -16.0647201538, 16.8068122864, 39.5762367249, 93.3851242065]],
        "icov": [[0.000250081677223, -0.000221769179916, 0.000128535801196, -0.000437231472461, 0.000166056110174, -0.000247965974268, 0.00040353750228, -0.00066048122244, 0.0007005885127, -0.000558479514439, 0.000472986866953, -0.00033900787821, 0.0003150733246], [-0.000221769179916, 0.00470530195162, -0.00212109531276, 0.00339070288464, -0.00429375842214, 0.00276848650537, -0.00278920843266, 0.00197455566376, -0.00319651234895, 0.00494849262759, -0.0058756088838, 0.00336617231369, -0.00255413260311], [0.000128535801196, -0.00212109531276, 0.00291688437574, -0.00257205404341, 0.00196001469158, -0.00201023416594, 4.54244109278e-05, -0.00237467209809, 0.00275130313821, -0.00255363155156, 0.00355334230699, -0.00191556569189, 0.0020521839615], [-0.000437231472461, 0.00339070288464, -0.00257205404341, 0.00568607915193, -0.00395623315126, 0.00214016647078, -0.00115908216685, 0.00269667734392, -0.00490776216611, 0.00340757030062, -0.00339561980218, 0.00218635005876, -0.00301741296425], [0.000166056110174, -0.00429375842214, 0.00196001469158, -0.00395623315126, 0.00726662715897, -0.00237372913398, 0.00188605638687, -0.00260007777251, 0.00223699095659, -0.00353727675974, 0.00415228866041, -0.00284583983012, 0.00259797438048], [-0.000247965974268, 0.00276848650537, -0.00201023416594, 0.00214016647078, -0.00237372913398, 0.00519144441932, -0.00290818931535, 0.00137940410059, -0.00126940582413, 0.00200205412693, -0.00509523972869, 0.00108691328205, -0.00020867875719], [0.00040353750228, -0.00278920843266, 4.54244109278e-05, -0.00115908216685, 0.00188605638687, -0.00290818931535, 0.00843051355332, -0.00247257808223, -0.000787965662312, -0.00367455137894, 0.00202664965764, -0.00114409346133, 0.00069724599598], [-0.00066048122244, 0.00197455566376, -0.00237467209809, 0.00269667734392, -0.00260007777251, 0.00137940410059, -0.00247257808223, 0.0106736933812, -0.00504582980648, 0.00163429020904, -0.00174573785625, 0.000680281082168, -0.00137778383214], [0.0007005885127, -0.00319651234895, 0.00275130313821, -0.00490776216611, 0.00223699095659, -0.00126940582413, -0.000787965662312, -0.00504582980648, 0.0131381303072, -0.00762134371325, 0.00295816431753, 0.00142676965334, 0.000294906581985], [-0.000558479514439, 0.00494849262759, -0.00255363155156, 0.00340757030062, -0.00353727675974, 0.00200205412693, -0.00367455137894, 0.00163429020904, -0.00762134371325, 0.0159187689424, -0.00761790433899, 0.00080207263818, -0.00028118485352], [0.000472986866953, -0.0058756088838, 0.00355334230699, -0.00339561980218, 0.00415228866041, -0.00509523972869, 0.00202664965764, -0.00174573785625, 0.00295816431753, -0.00761790433899, 0.015868043527, -0.00620754202828, 0.0023733205162], [-0.00033900787821, 0.00336617231369, -0.00191556569189, 0.00218635005876, -0.00284583983012, 0.00108691328205, -0.00114409346133, 0.000680281082168, 0.00142676965334, 0.00080207263818, -0.00620754202828, 0.0143835153431, -0.00829868391156], [0.0003150733246, -0.00255413260311, 0.0020521839615, -0.00301741296425, 0.00259797438048, -0.00020867875719, 0.00069724599598, -0.00137778383214, 0.000294906581985, -0.00028118485352, 0.0023733205162, -0.00829868391156, 0.017163420096]]
    },
    "melbands": {
        "dmean": [0.00516376504675, 0.00238591199741, 0.00053915817989, 0.000837267376482, 0.000300938321743, 0.000237871689023, 0.000197747154743, 0.000115377959446, 0.000157005153596, 0.000192846651771, 0.000128792002215, 9.76238152361e-05, 0.000146875769133, 8.90475930646e-05, 4.10234606534e-05, 4.33698951383e-05, 5.15372703376e-05, 1.68296337506e-05, 2.14240990317e-05, 2.42368969339e-05, 2.88439969154e-05, 1.60217823577e-05, 1.67739053722e-05, 9.69306165644e-06, 8.46491911943e-06, 6.49963385513e-06, 4.74203034173e-06, 4.61106446892e-06, 9.48704291659e-06, 6.21587878413e-06, 6.58888075122e-06, 1.00427723737e-05, 9.1754091045e-06, 6.39935296931e-06, 5.36838751941e-06, 4.88197838422e-06, 3.76998650609e-06, 2.61670152213e-06, 2.49201320912e-06, 2.44980878961e-06],
        "dmean2": [0.0078898454085, 0.00351448007859, 0.000851106015034, 0.00143874564674, 0.000485036463942, 0.000379176286515, 0.000329986767611, 0.000196078690351, 0.000229858254897, 0.000272316596238, 0.000194450243725, 0.00015002307191, 0.000232682112255, 0.00014993941295, 6.66736013955e-05, 7.32180706109e-05, 8.79651852301e-05, 2.85132446152e-05, 3.53073482984e-05, 4.14150308643e-05, 4.77415233036e-05, 2.80087861029e-05, 2.84113266389e-05, 1.65912169905e-05, 1.46347038026e-05, 1.09842994789e-05, 7.48172305975e-06, 7.12574092177e-06, 1.32240029416e-05, 9.1641823019e-06, 1.11354538603e-05, 1.32750146804e-05, 1.23177924252e-05, 9.38108860282e-06, 7.79594211053e-06, 7.67342226027e-06, 5.61091201234e-06, 3.70235238734e-06, 3.79167545361e-06, 3.70564839614e-06],
        "dvar": [0.000111235844088, 2.55963714153e-05, 9.6701342045e-07, 5.04088620801e-06, 4.25791711223e-07, 2.41196232764e-07, 1.44074974173e-07, 7.47991677486e-08, 7.60785709986e-08, 1.0631598002e-07, 6.38652650764e-08, 2.76693850054e-08, 7.05001710344e-08, 2.98324245307e-08, 7.22936999153e-09, 9.5407228784e-09, 1.06656754539e-08, 1.11611508924e-09, 2.88904944412e-09, 2.50833487314e-09, 3.06230041325e-09, 1.48657863797e-09, 1.03821262698e-09, 2.72076666752e-10, 3.91312482417e-10, 1.29758453982e-10, 4.2038195841e-11, 4.88493620554e-11, 1.74980821499e-10, 8.66246865905e-11, 1.00687722049e-10, 1.84603748954e-10, 1.60834512375e-10, 8.43049380306e-11, 6.03139274635e-11, 4.87465796895e-11, 2.94089197439e-11, 1.43334276739e-11, 1.37679000145e-11, 1.15871149481e-11],
        "dvar2": [0.00027729824069, 6.42060767859e-05, 2.27684495258e-06, 1.43107008626e-05, 1.11694077987e-06, 6.01444639869e-07, 4.01542905593e-07, 1.97923881728e-07, 1.60690973416e-07, 2.10251457133e-07, 1.31896186417e-07, 6.81368490518e-08, 1.83321347436e-07, 6.76287470469e-08, 1.52116186314e-08, 2.59797108271e-08, 2.952492828e-08, 2.98960745049e-09, 6.41611030971e-09, 6.59842402939e-09, 7.93648791131e-09, 4.15477074966e-09, 2.77041589669e-09, 6.94075574792e-10, 1.07851938491e-09, 3.48703760311e-10, 9.80653752647e-11, 1.18858908826e-10, 3.42941203213e-10, 2.06149070037e-10, 2.71611400038e-10, 3.46587869515e-10, 2.78788436781e-10, 1.59841903602e-10, 1.10491123195e-10, 9.91895177105e-11, 6.73553851582e-11, 2.71971126176e-11, 2.97262631177e-11, 2.77318168429e-11],
        "max": [0.0810684487224, 0.0402420386672, 0.00861229281873, 0.0197462253273, 0.00664541125298, 0.00650636758655, 0.00352470274083, 0.0036663825158, 0.00409606425092, 0.00431901169941, 0.00533768814057, 0.00123571732547, 0.00236724037677, 0.00398775422946, 0.00163873494603, 0.00115127698518, 0.00116552517284, 0.000328512920532, 0.00110881228466, 0.00066341861384, 0.000708049105015, 0.000546872499399, 0.00029814557638, 0.000180116578122, 0.000277235725662, 0.000103276186564, 5.43369278603e-05, 6.36686745565e-05, 9.78439493338e-05, 0.000129541935166, 0.000105172315671, 0.000109543070721, 0.00010169531015, 7.09588857717e-05, 6.91375462338e-05, 6.51396112517e-05, 5.46434821445e-05, 3.51496964868e-05, 4.64279401058e-05, 2.8188493161e-05],
        "mean": [0.0104983048514, 0.00520617514849, 0.000775776279625, 0.000851664750371, 0.000463797419798, 0.000476688204799, 0.000280987995211, 0.000131816414068, 0.000292094482575, 0.000396750838263, 0.000254693994066, 0.000133274967084, 0.000178675647476, 0.000174620174221, 6.96506613167e-05, 5.68490759179e-05, 8.82880340214e-05, 2.10747639358e-05, 2.83570025204e-05, 2.75988059002e-05, 3.58688812412e-05, 1.88203703146e-05, 2.20678175538e-05, 1.27277698994e-05, 9.66245352174e-06, 8.45483009471e-06, 6.85909344611e-06, 6.66688902129e-06, 1.17671343105e-05, 8.4374069047e-06, 7.89659316069e-06, 1.1818890016e-05, 1.12524385258e-05, 8.60966338223e-06, 7.51857351133e-06, 7.12446262696e-06, 4.91748778586e-06, 3.60312378689e-06, 3.45156240655e-06, 3.30495254275e-06],
        "median": [0.00716209085658, 0.00219525001012, 0.000275346450508, 0.000127220700961, 0.000157370974193, 0.000194300635485, 0.000121647426568, 3.93683039874e-05, 0.000100709883554, 0.000190681806998, 0.000102487858385, 3.66539607057e-05, 4.41570991825e-05, 2.35366369452e-05, 1.88484791579e-05, 1.59045684995e-05, 2.60217402683e-05, 8.04481351224e-06, 7.14890029485e-06, 6.13045358477e-06, 5.80245159654e-06, 3.88090984416e-06, 6.24535005045e-06, 4.81453935208e-06, 2.95201357403e-06, 3.93242817154e-06, 3.72711406271e-06, 3.76905381927e-06, 3.72910994884e-06, 4.08913228966e-06, 3.19655396197e-06, 2.7233079436e-06, 2.81145594272e-06, 2.56257362707e-06, 2.34991944126e-06, 2.73471937362e-06, 2.17877845898e-06, 1.48993956373e-06, 1.5061934846e-06, 1.71704630247e-06],
        "min": [2.43917490372e-11, 1.33832164101e-11, 9.23849996504e-10, 1.20931442638e-08, 2.78017626698e-08, 3.04680973784e-08, 1.16922533877e-08, 1.28903314689e-08, 7.47379669264e-09, 4.52875177359e-08, 2.39960336046e-08, 1.94707219237e-08, 2.83287899805e-08, 1.52521963059e-07, 2.96487900897e-08, 1.02390300682e-08, 1.73116418978e-08, 2.08426929049e-08, 4.09660438905e-09, 3.02544522768e-09, 4.04058120296e-09, 5.09621811418e-09, 1.61335267368e-09, 7.56926576972e-10, 1.50650325548e-09, 1.54014778708e-09, 9.73783054192e-10, 2.94414631563e-10, 1.24099688859e-10, 1.14699971743e-09, 7.20085824302e-10, 1.55382078731e-11, 4.26140199516e-11, 9.34734650793e-11, 3.43959999372e-11, 1.41990126254e-11, 6.00788689631e-12, 9.35554476771e-13, 2.94748519212e-13, 1.2757406893e-12],
