{
"highlevel": {
    "danceability": {
        "all": {
            "danceable": 0.999999880791,
            "not_danceable": 1.4087083855e-07
        },
        "probability": 0.999999880791,
        "value": "danceable"
    },
    "gender": {
        "all": {
            "female": 0.889377057552,
            "male": 0.110622927547
        },
        "probability": 0.889377057552,
        "value": "female"
    },
    "genre_dortmund": {
        "all": {
            "alternative": 0.0328548997641,
            "blues": 0.0262671746314,
            "electronic": 0.0854747518897,
            "folkcountry": 0.0454726219177,
            "funksoulrnb": 0.0219812914729,
            "jazz": 0.129154503345,
            "pop": 0.07349807024,
            "raphiphop": 0.497043222189,
            "rock": 0.0882534757257
        },
        "probability": 0.497043222189,
        "value": "raphiphop"
    },
    "genre_electronic": {
        "all": {
            "ambient": 0.0628750175238,
            "dnb": 0.339715272188,
            "house": 0.133113563061,
            "techno": 0.015254159458,
            "trance": 0.449041992426
        },
        "probability": 0.449041992426,
        "value": "trance"
    },
    "genre_rosamerica": {
        "all": {
            "cla": 0.000501444912516,
            "dan": 0.787708103657,
            "hip": 0.126695305109,
            "jaz": 0.00180806452408,
            "pop": 0.0345471426845,
            "rhy": 0.0227727610618,
            "roc": 0.0254526473582,
            "spe": 0.000514540646691
        },
        "probability": 0.787708103657,
        "value": "dan"
    },
    "genre_tzanetakis": {
        "all": {
            "blu": 0.0534286126494,
            "cla": 0.0296793803573,
            "cou": 0.0534212701023,
            "dis": 0.0445159301162,
            "hip": 0.133544236422,
            "jaz": 0.267067581415,
            "met": 0.0534032955766,
            "pop": 0.0534038804471,
            "reg": 0.0445042736828,
            "roc": 0.267031520605
        },
        "probability": 0.267067581415,
        "value": "jaz"
    },
    "ismir04_rhythm": {
        "all": {
            "ChaChaCha": 0.338880956173,
            "Jive": 0.0266205985099,
            "Quickstep": 0.032418563962,
            "Rumba-American": 0.0171084422618,
            "Rumba-International": 0.0540729835629,
            "Rumba-Misc": 0.0274580679834,
            "Samba": 0.341474890709,
            "Tango": 0.022938515991,
            "VienneseWaltz": 0.111956879497,
            "Waltz": 0.0270701181144
        },
        "probability": 0.341474890709,
        "value": "Samba"
    },
    "mood_acoustic": {
        "all": {
            "acoustic": 5.48570460523e-06,
            "not_acoustic": 0.999994516373
        },
        "probability": 0.999994516373,
        "value": "not_acoustic"
    },
    "mood_aggressive": {
        "all": {
            "aggressive": 0.553688883781,
            "not_aggressive": 0.446311116219
        },
        "probability": 0.553688883781,
        "value": "aggressive"
    },
    "mood_electronic": {
        "all": {
            "electronic": 0.818218111992,
            "not_electronic": 0.181781902909
        },
        "probability": 0.818218111992,
        "value": "electronic"
    },
    "mood_happy": {
        "all": {
            "happy": 0.21906888485,
            "not_happy": 0.78093111515
        },
        "probability": 0.78093111515,
        "value": "not_happy"
    },
    "mood_party": {
        "all": {
            "not_party": 0.217297270894,
            "party": 0.782702744007
        },
        "probability": 0.782702744007,
        "value": "party"
    },
    "mood_relaxed": {
        "all": {
            "not_relaxed": 0.884065568447,
            "relaxed": 0.115934416652
        },
        "probability": 0.884065568447,
        "value": "not_relaxed"
    },
    "mood_sad": {
        "all": {
            "not_sad": 0.777248799801,
            "sad": 0.222751230001
        },
        "probability": 0.777248799801,
        "value": "not_sad"
    },
    "moods_mirex": {
        "all": {
            "Cluster1": 0.209045782685,
            "Cluster2": 0.216921314597,
            "Cluster3": 0.0842202454805,
            "Cluster4": 0.210590809584,
            "Cluster5": 0.279221862555
        },
        "probability": 0.279221862555,
        "value": "Cluster5"
    },
    "timbre": {
        "all": {
            "bright": 0.203094899654,
            "dark": 0.796905100346
        },
        "probability": 0.796905100346,
        "value": "dark"
    },
    "tonal_atonal": {
        "all": {
            "atonal": 0.934757828712,
            "tonal": 0.0652421787381
        },
        "probability": 0.934757828712,
        "value": "atonal"
    },
    "voice_instrumental": {
        "all": {
            "instrumental": 0.0513272807002,
            "voice": 0.948672711849
        },
        "probability": 0.948672711849,
        "value": "voice"
    }
},
"lowlevel": {
    "average_loudness": 0.905197679996,
    "barkbands_crest": {
        "dmean": 2.25684738159,
        "dmean2": 3.47760820389,
        "dvar": 5.85202741623,
        "dvar2": 13.2032804489,
        "max": 24.9019680023,
        "mean": 16.141626358,
        "median": 18.2870178223,
        "min": 2.5988214016,
        "var": 38.7062988281
    },
    "barkbands_flatness_db": {
        "dmean": 0.0274586305022,
        "dmean2": 0.0405020490289,
        "dvar": 0.000722202705219,
        "dvar2": 0.00148560560774,
        "max": 0.378579556942,
        "mean": 0.202538087964,
        "median": 0.199814870954,
        "min": 0.0611425451934,
        "var": 0.00258357496932
    },
    "barkbands_kurtosis": {
        "dmean": 4.7661485672,
        "dmean2": 7.43383073807,
        "dvar": 55.0263328552,
        "dvar2": 129.173782349,
        "max": 106.664772034,
        "mean": 8.58238792419,
        "median": 5.31728458405,
        "min": -1.89121985435,
        "var": 127.240631104
    },
    "barkbands_skewness": {
        "dmean": 0.701703131199,
        "dmean2": 1.055752635,
        "dvar": 0.474235653877,
        "dvar2": 1.02525997162,
        "max": 8.98260211945,
        "mean": 2.28724813461,
        "median": 2.31960058212,
        "min": -2.2381708622,
        "var": 3.14453816414
    },
    "barkbands_spread": {
        "dmean": 6.66804265976,
        "dmean2": 10.2671432495,
        "dvar": 50.9928207397,
        "dvar2": 110.606811523,
        "max": 78.2396469116,
        "mean": 21.0276832581,
        "median": 19.5167312622,
        "min": 1.40102386475,
        "var": 146.222610474
    },
    "dissonance": {
        "dmean": 0.0191165804863,
        "dmean2": 0.0307946857065,
        "dvar": 0.000491950311698,
        "dvar2": 0.00125209440012,
        "max": 0.49987244606,
        "mean": 0.461091518402,
        "median": 0.472290545702,
        "min": 0.264743566513,
        "var": 0.00129328144249
    },
    "dynamic_complexity": 1.71961033344,
    "erbbands_crest": {
        "dmean": 2.81711220741,
        "dmean2": 4.43840312958,
        "dvar": 7.21434497833,
        "dvar2": 17.8617916107,
        "max": 29.3286495209,
        "mean": 9.59442901611,
        "median": 8.36542987823,
        "min": 2.42597699165,
        "var": 23.6976242065
    },
    "erbbands_flatness_db": {
        "dmean": 0.0221791379154,
        "dmean2": 0.0315756238997,
        "dvar": 0.000538383435924,
        "dvar2": 0.000974202877842,
        "max": 0.391428291798,
        "mean": 0.166178360581,
        "median": 0.146585404873,
        "min": 0.0487522482872,
        "var": 0.00586660811678
    },
    "erbbands_kurtosis": {
        "dmean": 1.29838764668,
        "dmean2": 2.04585504532,
        "dvar": 3.57500171661,
        "dvar2": 8.09973239899,
        "max": 21.6298961639,
        "mean": 0.801465809345,
        "median": -0.12625169754,
        "min": -1.71731936932,
        "var": 8.18172264099
    },
    "erbbands_skewness": {
        "dmean": 0.451797395945,
        "dmean2": 0.670148313046,
        "dvar": 0.219509392977,
        "dvar2": 0.460092902184,
        "max": 3.22280883789,
        "mean": -0.0585950538516,
        "median": -0.0802238211036,
        "min": -3.53773212433,
        "var": 0.834781169891
    },
    "erbbands_spread": {
        "dmean": 12.5672874451,
        "dmean2": 18.7349185944,
        "dvar": 192.239929199,
        "dvar2": 388.120056152,
        "max": 168.723693848,
        "mean": 49.374004364,
        "median": 43.9631881714,
        "min": 2.6088924408,
        "var": 906.817504883
    },
    "hfc": {
        "dmean": 11.4714155197,
        "dmean2": 18.0853633881,
        "dvar": 146.911010742,
        "dvar2": 331.506713867,
        "max": 132.646636963,
        "mean": 40.9491577148,
        "median": 37.9624061584,
        "min": 0.109172582626,
        "var": 622.893981934
    },
    "melbands_crest": {
        "dmean": 2.80692195892,
        "dmean2": 4.38285493851,
        "dvar": 11.5042724609,
        "dvar2": 26.9309501648,
        "max": 34.642326355,
        "mean": 20.6057834625,
        "median": 19.8827857971,
        "min": 2.82749056816,
        "var": 69.5948638916
    },
    "melbands_flatness_db": {
        "dmean": 0.0330181010067,
        "dmean2": 0.0480466000736,
        "dvar": 0.00120612327009,
        "dvar2": 0.00245538516901,
        "max": 0.469630181789,
        "mean": 0.247363239527,
        "median": 0.251060009003,
        "min": 0.0405588559806,
        "var": 0.00593036506325
    },
    "melbands_kurtosis": {
        "dmean": 16.8229026794,
        "dmean2": 24.9169826508,
        "dvar": 626.122070312,
        "dvar2": 1223.12426758,
        "max": 362.424224854,
        "mean": 40.2866859436,
        "median": 22.4444103241,
        "min": -1.7106000185,
        "var": 2693.43530273
    },
    "melbands_skewness": {
        "dmean": 1.09895884991,
        "dmean2": 1.61646568775,
        "dvar": 1.30973827839,
        "dvar2": 2.66820693016,
        "max": 17.6529788971,
        "mean": 4.54243373871,
        "median": 4.42501163483,
        "min": -1.26486456394,
        "var": 11.3478546143
    },
    "melbands_spread": {
        "dmean": 7.43663549423,
        "dmean2": 10.9325819016,
        "dvar": 130.799575806,
        "dvar2": 238.404022217,
        "max": 180.331268311,
        "mean": 20.7087993622,
        "median": 12.0024681091,
        "min": 1.26299273968,
        "var": 570.934814453
    },
    "pitch_salience": {
        "dmean": 0.0656744539738,
        "dmean2": 0.102222695947,
        "dvar": 0.0053383349441,
        "dvar2": 0.0121199134737,
        "max": 0.884117364883,
        "mean": 0.397969603539,
        "median": 0.313699126244,
        "min": 0.101940847933,
        "var": 0.0406285859644
    },
    "silence_rate_20dB": {
        "dmean": 0,
        "dmean2": 0,
        "dvar": 0,
        "dvar2": 0,
        "max": 1,
        "mean": 1,
        "median": 1,
        "min": 1,
        "var": 0
    },
    "silence_rate_30dB": {
        "dmean": 0.0588235296309,
        "dmean2": 0.116963595152,
        "dvar": 0.0553643666208,
        "dvar2": 0.135818436742,
        "max": 1,
        "mean": 0.482598602772,
        "median": 0,
        "min": 0,
        "var": 0.24969433248
    },
    "silence_rate_60dB": {
        "dmean": 0.0061919502914,
        "dmean2": 0.0123934932053,
        "dvar": 0.00615359423682,
        "dvar2": 0.0184368006885,
        "max": 1,
        "mean": 0.00464037107304,
        "median": 0,
        "min": 0,
        "var": 0.00461883470416
    },
    "spectral_centroid": {
        "dmean": 351.394134521,
        "dmean2": 520.400146484,
        "dvar": 149640.90625,
        "dvar2": 282550.21875,
        "max": 4601.17089844,
        "mean": 1721.06396484,
        "median": 1697.05883789,
        "min": 259.014556885,
        "var": 564796.8125
    },
    "spectral_complexity": {
        "dmean": 4.97600603104,
        "dmean2": 7.63361740112,
        "dvar": 23.8763465881,
        "dvar2": 46.616317749,
        "max": 58,
        "mean": 22.6295433044,
        "median": 20,
        "min": 1,
        "var": 133.20149231
    },
    "spectral_decrease": {
        "dmean": 3.29364002738e-09,
        "dmean2": 5.11465492181e-09,
        "dvar": 1.89725536736e-17,
        "dvar2": 4.42961769293e-17,
        "max": -4.50538391317e-11,
        "mean": -2.12825845836e-08,
        "median": -2.55641001701e-08,
        "min": -5.00804766546e-08,
        "var": 2.45743130951e-16
    },
    "spectral_energy": {
        "dmean": 0.0126642426476,
        "dmean2": 0.0196325462312,
        "dvar": 0.000268431496806,
        "dvar2": 0.000624638109002,
        "max": 0.194881230593,
        "mean": 0.084039516747,
        "median": 0.101828448474,
        "min": 0.000179945825948,
        "var": 0.00365570397116
    },
    "spectral_energyband_high": {
        "dmean": 0.00105597334914,
        "dmean2": 0.00166760117281,
        "dvar": 1.74945955678e-06,
        "dvar2": 3.78930872103e-06,
        "max": 0.0148880593479,
        "mean": 0.00258972239681,
        "median": 0.00198888708837,
        "min": 1.3226547253e-06,
        "var": 5.927255188e-06
    },
    "spectral_energyband_low": {
        "dmean": 0.0111006442457,
        "dmean2": 0.0171764530241,
        "dvar": 0.000319215643685,
        "dvar2": 0.00073365913704,
        "max": 0.170286655426,
        "mean": 0.0660452321172,
        "median": 0.07958984375,
        "min": 4.86716942305e-08,
        "var": 0.00353376893327
    },
    "spectral_energyband_middle_high": {
        "dmean": 0.00299664004706,
        "dmean2": 0.00446900399402,
        "dvar": 1.28375668282e-05,
        "dvar2": 2.92941240332e-05,
        "max": 0.0442044436932,
        "mean": 0.00737958075479,
        "median": 0.0055954339914,
        "min": 1.59032570082e-05,
        "var": 4.53061620647e-05
    },
    "spectral_energyband_middle_low": {
        "dmean": 0.00405659852549,
        "dmean2": 0.00665106065571,
        "dvar": 5.52655510546e-05,
        "dvar2": 0.000140951000503,
        "max": 0.0903450995684,
        "mean": 0.0092492653057,
        "median": 0.00790031906217,
        "min": 7.72543789935e-05,
        "var": 5.84641456953e-05
    },
    "spectral_entropy": {
        "dmean": 0.216064170003,
        "dmean2": 0.325883477926,
        "dvar": 0.0583540275693,
        "dvar2": 0.125895470381,
        "max": 8.7387714386,
        "mean": 7.64695644379,
        "median": 7.77746152878,
        "min": 5.50648069382,
        "var": 0.336399078369
    },
    "spectral_flux": {
        "dmean": 0.0299527347088,
        "dmean2": 0.0432307943702,
        "dvar": 0.00133221875876,
        "dvar2": 0.00238662515767,
        "max": 0.356657743454,
        "mean": 0.101005889475,
        "median": 0.0869541093707,
        "min": 0.00770810991526,
        "var": 0.00335332658142
    },
    "spectral_kurtosis": {
        "dmean": 1.89182078838,
        "dmean2": 3.03204607964,
        "dvar": 9.26355361938,
        "dvar2": 23.6127643585,
        "max": 39.423614502,
        "mean": 3.58623957634,
        "median": 2.22204113007,
        "min": -1.06006193161,
        "var": 17.8788795471
    },
    "spectral_rms": {
        "dmean": 0.00073689839337,
        "dmean2": 0.00111967977136,
        "dvar": 6.93625963777e-07,
        "dvar2": 1.44409420955e-06,
        "max": 0.0137886926532,
        "mean": 0.00822653155774,
        "median": 0.00996718741953,
        "min": 0.000418995128712,
        "var": 1.43140332511e-05
    },
    "spectral_rolloff": {
        "dmean": 471.513458252,
        "dmean2": 777.547790527,
        "dvar": 709536.75,
        "dvar2": 1366441.625,
        "max": 10357.4707031,
        "mean": 1257.64001465,
        "median": 495.263671875,
        "min": 64.599609375,
        "var": 2934505.5
    },
    "spectral_skewness": {
        "dmean": 0.289553672075,
        "dmean2": 0.446713894606,
        "dvar": 0.137411355972,
        "dvar2": 0.311901837587,
        "max": 4.54037570953,
        "mean": 1.24015474319,
        "median": 1.18015944958,
        "min": -0.696159601212,
        "var": 0.366755127907
    },
    "spectral_spread": {
        "dmean": 992412.625,
        "dmean2": 1399765.25,
        "dvar": 1.6758758441e+12,
        "dvar2": 2.90994336563e+12,
        "max": 19862592,
        "mean": 5400215.5,
        "median": 4490076.5,
        "min": 1332165.125,
        "var": 7.6826935296e+12
    },
    "spectral_strongpeak": {
        "dmean": 0.428775042295,
        "dmean2": 0.669420897961,
        "dvar": 0.63241904974,
        "dvar2": 1.41390156746,
        "max": 11.6453552246,
        "mean": 1.26069200039,
        "median": 0.925909757614,
        "min": 0,
        "var": 1.55833244324
    },
    "zerocrossingrate": {
        "dmean": 0.0121930483729,
        "dmean2": 0.0133477412164,
        "dvar": 0.000194334745174,
        "dvar2": 0.000160794821568,
        "max": 0.35498046875,
        "mean": 0.0557509176433,
        "median": 0.04443359375,
        "min": 0.00537109375,
        "var": 0.00200004596263
    },
    "barkbands": {
        "dmean": [0.000603382592089, 0.0102118831128, 0.00390134681948, 0.00171535694972, 0.00114072626457, 0.000523335766047, 0.00155511894263, 0.000811059144326, 0.000456659239717, 0.000160473180586, 0.000367348082364, 0.00112951674964, 0.000494778563734, 0.000408518186305, 0.000385235442081, 0.00056197802769, 0.000542743306141, 0.000449979997938, 0.000251923454925, 0.000285327376332, 0.000245393341174, 0.000177564652404, 0.000184989912668, 0.000215253632632, 0.000273302401183, 0.000140956835821, 7.00333924186e-09],
        "dmean2": [0.000879667059053, 0.0147416209802, 0.00665287021548, 0.00302673480473, 0.0019606044516, 0.000839272805024, 0.00252571469173, 0.00130778329913, 0.000686374842189, 0.000240920635406, 0.000600010505877, 0.00173614837695, 0.000819824053906, 0.000645540712867, 0.0006121348124, 0.000869549403433, 0.000823280599434, 0.000663233280648, 0.000401369092287, 0.0004460576165, 0.000386341300327, 0.000275070022326, 0.000301114225294, 0.000343266117852, 0.000433196895756, 0.000236743711866, 1.14692113584e-08],
        "dvar": [1.60184208653e-06, 0.000257747335127, 0.000156146648806, 3.91603571188e-05, 8.16715328256e-06, 7.90750448232e-07, 4.39068480773e-06, 3.09180177283e-06, 6.45404611532e-07, 1.20524035196e-07, 6.12968051428e-07, 5.81004405831e-06, 9.99612211672e-07, 5.22223444932e-07, 5.20802245774e-07, 1.18347213629e-06, 7.74452757923e-07, 8.15144346689e-07, 1.77962348857e-07, 3.00398681929e-07, 1.89083550595e-07, 7.9386936136e-08, 7.43195158748e-08, 9.7233304075e-08, 1.9366770232e-07, 7.83940379279e-08, 5.01940882521e-15],
        "dvar2": [3.22548089571e-06, 0.000538274471182, 0.000404925784096, 0.000110664310341, 2.29439192481e-05, 1.95531129066e-06, 1.18832113003e-05, 7.50555454943e-06, 1.28374369979e-06, 1.9560734188e-07, 1.4793331502e-06, 1.38866316775e-05, 2.64683194473e-06, 1.19326512049e-06, 1.26980182813e-06, 2.37559879679e-06, 1.66155825809e-06, 1.71242470515e-06, 4.64255208499e-07, 6.7606003995e-07, 3.89112926769e-07, 1.78442135734e-07, 1.82438753882e-07, 2.44495055313e-07, 4.44604410177e-07, 1.9507679383e-07, 7.21081943206e-15],
        "max": [0.0139805562794, 0.153780952096, 0.105341888964, 0.0779586136341, 0.0273347832263, 0.0112072108313, 0.024919545278, 0.0190219227225, 0.011900623329, 0.00985390692949, 0.00860530138016, 0.0359274297953, 0.0163650717586, 0.00797252822667, 0.00751394731924, 0.022499775514, 0.0179577376693, 0.0171748548746, 0.00516796018928, 0.00733324559405, 0.00696905422956, 0.00304653448984, 0.00341671472415, 0.00298837875016, 0.00397381093353, 0.00253550335765, 2.26216639021e-06],
        "mean": [0.00225480552763, 0.0581995360553, 0.0044741933234, 0.00201347656548, 0.00146242079791, 0.00102750142105, 0.00265197153203, 0.00107935094275, 0.000828548974823, 0.000321503088344, 0.00049126293743, 0.00189454632346, 0.000676871510223, 0.000560165499337, 0.000531247875188, 0.000842279347125, 0.000798451190349, 0.000733877997845, 0.000414113485022, 0.000494398758747, 0.000472396262921, 0.000350029324181, 0.00036487475154, 0.000405620812671, 0.000474065018352, 0.000222009650315, 5.8101741196e-09],
        "median": [3.8715552364e-05, 0.0633807554841, 0.000468684651423, 0.000922846258618, 0.000634498836007, 0.000232149337535, 0.00166301138233, 0.000298116035992, 0.000346435728716, 0.000141010881634, 0.000194690321223, 0.000597828940954, 0.000326847162796, 0.000192705920199, 0.000220153102418, 0.000296980171697, 0.000314821343636, 0.000268207950285, 0.000243456233875, 0.000280002510408, 0.000272468838375, 0.000158438895596, 0.000161686824868, 0.000114331181976, 6.52848684695e-05, 1.75471686816e-05, 1.15540899071e-09],
        "min": [5.08134159749e-11, 1.29431065865e-09, 6.34497965279e-09, 4.63479246093e-08, 4.78339552501e-06, 3.10128939418e-07, 8.67177914188e-06, 1.41200098369e-06, 1.5682845742e-06, 6.50030585803e-07, 5.7531622133e-07, 2.67804523446e-07, 4.66720166514e-07, 4.53290908808e-07, 3.1472467299e-07, 4.86044143599e-07, 2.53619987234e-07, 3.79437324227e-07, 2.22110003278e-07, 6.67118001729e-07, 5.65947289033e-07, 4.45065317933e-08, 9.13559272675e-09, 2.79490403043e-10, 1.216515777e-10, 1.25060682296e-11, 1.50461362119e-11],
        "var": [1.38813174999e-05, 0.00300235464238, 0.000134368732688, 2.47501266131e-05, 7.35399817131e-06, 2.26507745538e-06, 7.83139148552e-06, 4.7199596338e-06, 2.05087144423e-06, 6.15331657627e-07, 8.97598340543e-07, 1.47070113599e-05, 1.33184732931e-06, 9.41280063671e-07, 7.00297675849e-07, 2.18757168113e-06, 1.58660270699e-06, 2.11308065445e-06, 2.59341817355e-07, 5.61882700367e-07, 4.76967329632e-07, 2.41558097969e-07, 2.17065547758e-07, 2.84090106106e-07, 4.44345431561e-07, 1.47237159354e-07, 4.52076984653e-15]
    },
    "erbbands": {
        "dmean": [0.39296194911, 2.11999559402, 4.37523174286, 5.19023275375, 4.35315418243, 3.94129014015, 3.92758440971, 4.42070388794, 12.1799259186, 27.8092556, 11.0697507858, 12.5053281784, 6.15584659576, 10.0399551392, 16.7231845856, 51.401473999, 22.6606330872, 18.0375843048, 17.2726421356, 21.7102394104, 29.7586898804, 26.5154953003, 24.7368831635, 18.3056983948, 10.5241651535, 13.2665061951, 12.6740951538, 7.64170265198, 6.49503231049, 6.04971599579, 5.4714345932, 4.51377916336, 3.72621130943, 3.30108332634, 1.91722667217, 0.917023360729, 0.238424509764, 0.0186574310064, 0.000347130553564, 2.76773262158e-05],
        "dmean2": [0.525810182095, 3.22340750694, 7.14626789093, 9.23680400848, 7.38265752792, 6.68889856339, 6.28653240204, 7.22241640091, 20.0839004517, 44.8546104431, 17.15558815, 18.8399791718, 8.63286209106, 16.2576770782, 27.4344806671, 78.1658325195, 37.4518699646, 28.4548587799, 25.943769455, 33.3199882507, 44.8200874329, 39.884311676, 36.4597434998, 28.847951889, 16.3923225403, 20.6372051239, 19.5637264252, 12.1088762283, 9.96652126312, 9.82374191284, 9.05707168579, 7.10015153885, 5.94281387329, 5.07952690125, 3.05741286278, 1.47637033463, 0.399662464857, 0.0310167688876, 0.00057862867834, 4.38497554569e-05],
        "dvar": [0.58198171854, 11.6017684937, 149.39491272, 321.498352051, 178.260452271, 87.926864624, 41.7964286804, 83.2137908936, 305.148620605, 1801.59790039, 619.277099609, 531.106567383, 163.662628174, 626.431091309, 953.370056152, 12787.1796875, 2105.58691406, 1010.98907471, 769.162414551, 1457.03625488, 2834.65625, 1715.69506836, 2799.03808594, 1027.49560547, 249.544555664, 701.761230469, 589.247131348, 175.731613159, 107.268203735, 90.5958023071, 69.2319869995, 41.843082428, 32.5541229248, 28.0770282745, 10.0684013367, 2.76980304718, 0.237973690033, 0.00170516152866, 5.19090917805e-07, 1.42678380222e-09],
        "dvar2": [0.977428793907, 25.9920520782, 376.537872314, 886.320678711, 481.304260254, 245.44543457, 105.625305176, 206.325302124, 843.774963379, 4594.46777344, 1300.38513184, 1051.31604004, 226.384292603, 1544.46313477, 2467.42382812, 29286.2207031, 5678.49658203, 2302.07836914, 1773.84240723, 3102.04248047, 5280.81542969, 3746.44897461, 6139.63037109, 2592.06030273, 581.879516602, 1578.12145996, 1301.10632324, 377.418670654, 245.517868042, 212.990020752, 180.78237915, 101.284690857, 79.4390563965, 64.6033172607, 24.5053348541, 6.84406471252, 0.59142357111, 0.00445331213996, 1.32510524509e-06, 3.39923711401e-09],
        "max": [8.16473293304, 37.3703269958, 116.28338623, 169.902053833, 161.706222534, 107.887229919, 97.6675262451, 124.058761597, 205.038085938, 457.700042725, 489.6355896, 331.578430176, 393.36907959, 350.215942383, 503.506652832, 1716.31799316, 809.40802002, 425.679260254, 289.620056152, 649.847045898, 1050.57434082, 811.730041504, 891.873474121, 512.252380371, 195.146453857, 407.783050537, 479.334777832, 202.531600952, 116.180259705, 100.048439026, 112.270210266, 66.6407852173, 56.6371269226, 59.5394973755, 25.3875160217, 15.1972932816, 4.17946577072, 0.364693015814, 0.0067306146957, 0.000509718549438],
        "mean": [2.00567102432, 11.2394180298, 9.56430149078, 5.69840240479, 5.67030239105, 4.78061103821, 8.68008232117, 6.33717393875, 19.4054164886, 50.3394966125, 17.6005039215, 22.9178295135, 14.8588323593, 14.5268106461, 26.9963569641, 86.1054534912, 33.9931983948, 28.406047821, 27.3726215363, 34.4900856018, 48.5012359619, 41.8239822388, 40.003692627, 29.8893375397, 19.0354232788, 23.0429000854, 23.8532123566, 14.7606172562, 12.4084434509, 11.7345695496, 10.3018426895, 9.12912464142, 6.52023124695, 6.00750684738, 2.81881356239, 1.25768566132, 0.384940177202, 0.026539394632, 0.000576553342398, 0.000129235369968],
        "median": [0.829126894474, 12.6833667755, 1.94288492203, 2.28329324722, 2.47118282318, 2.05515789986, 1.93456590176, 2.37624573708, 11.5552101135, 35.5175819397, 6.08892774582, 8.93239784241, 7.87127828598, 5.74031400681, 14.4111146927, 23.9966831207, 15.6053304672, 12.346777916, 12.2479982376, 13.7632398605, 17.971414566, 18.3621883392, 15.0122680664, 15.2876682281, 11.5731620789, 13.1039705276, 12.8160800934, 7.84390830994, 5.7278842926, 4.52270460129, 4.27581167221, 2.92213106155, 1.54867005348, 0.890364170074, 0.407080501318, 0.129288882017, 0.0222426056862, 0.000952068367042, 9.03435866348e-05, 0.000132684639539],
        "min": [1.94315745716e-07, 4.57386659036e-06, 4.9627305998e-05, 0.000975244329311, 0.00744737684727, 0.0228344444185, 0.0173788368702, 0.0286864954978, 0.141309574246, 0.102865517139, 0.0556966662407, 0.0602961331606, 0.102337993681, 0.070731498301, 0.0729708522558, 0.0154281174764, 0.0361566022038, 0.0273249968886, 0.0196024700999, 0.0148218777031, 0.0298791248351, 0.0182392857969, 0.0336532965302, 0.0176626779139, 0.0208692327142, 0.0268061421812, 0.0304012019187, 0.0149377975613, 0.00271730287932, 0.000379716046154, 0.000242844136665, 2.36877240241e-05, 8.17739055492e-06, 3.03751676256e-06, 1.58514922077e-06, 2.43039949055e-07, 1.13718037653e-07, 3.61147556305e-08, 9.6723155707e-08, 2.08553629477e-07],
        "var": [7.01443719864, 118.558799744, 248.273712158, 215.928405762, 153.94354248, 73.3562545776, 168.468475342, 124.345214844, 520.536621094, 2842.66479492, 1256.09851074, 1664.47973633, 966.696166992, 911.740539551, 1670.31530762, 34197.0078125, 3115.58447266, 2044.47094727, 1386.49353027, 2876.99731445, 6353.12158203, 3731.97338867, 6303.22021484, 1884.64477539, 562.909301758, 1282.24182129, 1317.41101074, 428.529052734, 302.891204834, 258.465087891, 174.274871826, 154.634475708, 76.036781311, 79.6175537109, 16.2630748749, 4.37160968781, 0.498880535364, 0.00293772155419, 1.01760736015e-06, 1.08337268045e-08]
    },
    "gfcc": {
        "mean": [22.7086925507, 70.8265457153, -120.088821411, 38.9643440247, -57.3780326843, 16.3404884338, -32.9517822266, 15.8591814041, -20.9199028015, 10.970741272, -12.5354747772, -0.45617467165, -15.3415555954],
        "cov": [[5406.56542969, -1838.36450195, 1849.53369141, 1056.97521973, 931.47076416, 2185.42797852, -5.83044290543, 1149.07287598, 490.557556152, 756.56072998, 399.138763428, 603.994750977, 124.592758179], [-1838.36450195, 1982.20007324, -356.545532227, -219.573745728, 38.9654159546, -754.15045166, 417.839874268, -336.684234619, 13.3916940689, -189.273757935, -34.3847770691, -248.96875, 57.7915420532], [1849.53369141, -356.545532227, 2272.12646484, 690.414672852, 526.41619873, 1111.04174805, 219.618331909, 730.812316895, 324.997772217, 451.5574646, 243.163269043, 322.022369385, 19.6403827667], [1056.97521973, -219.573745728, 690.414672852, 871.830566406, 230.526535034, 348.447113037, 148.918685913, 332.16027832, 283.477661133, 159.145904541, 127.542663574, 138.997024536, 74.3894500732], [931.47076416, 38.9654159546, 526.41619873, 230.526535034, 642.42010498, 543.939697266, 131.216949463, 353.255218506, 195.327819824, 226.912399292, 154.761459351, 149.121704102, 59.6108818054], [2185.42797852, -754.15045166, 1111.04174805, 348.447113037, 543.939697266, 1501.52685547, 96.1663589478, 522.815429688, 292.656433105, 374.10546875, 298.465454102, 238.815719604, 77.2977218628], [-5.83044290543, 417.839874268, 219.618331909, 148.918685913, 131.216949463, 96.1663589478, 440.702209473, 57.3881645203, 75.5767593384, 61.0784873962, 39.3096313477, -29.2549762726, -26.021024704], [1149.07287598, -336.684234619, 730.812316895, 332.16027832, 353.255218506, 522.815429688, 57.3881645203, 515.811950684, 175.428787231, 207.928787231, 140.617294312, 158.317138672, 56.3456726074], [490.557556152, 13.3916940689, 324.997772217, 283.477661133, 195.327819824, 292.656433105, 75.5767593384, 175.428787231, 259.817993164, 125.875160217, 109.529312134, 83.2835693359, 74.7385101318], [756.56072998, -189.273757935, 451.5574646, 159.145904541, 226.912399292, 374.10546875, 61.0784873962, 207.928787231, 125.875160217, 247.686065674, 116.027915955, 127.952095032, 43.8647384644], [399.138763428, -34.3847770691, 243.163269043, 127.542663574, 154.761459351, 298.465454102, 39.3096313477, 140.617294312, 109.529312134, 116.027915955, 212.187469482, 112.07484436, 98.8849182129], [603.994750977, -248.96875, 322.022369385, 138.997024536, 149.121704102, 238.815719604, -29.2549762726, 158.317138672, 83.2835693359, 127.952095032, 112.07484436, 224.061050415, 77.8513717651], [124.592758179, 57.7915420532, 19.6403827667, 74.3894500732, 59.6108818054, 77.2977218628, -26.021024704, 56.3456726074, 74.7385101318, 43.8647384644, 98.8849182129, 77.8513717651, 179.984161377]],
        "icov": [[0.00108366087079, -0.0002034050558, 0.000616425822955, -0.000969363609329, 0.000386342377169, -0.00147500028834, 0.000498765730299, -0.001246967935, 0.000835125159938, -0.00153392739594, 0.00121278688312, -0.00141668727156, 0.000590051990002], [-0.0002034050558, 0.00247225724161, -0.00120693421923, 0.00130522099789, -0.00203071185388, 0.00216407119296, -0.00208247220144, 0.0020695773419, -0.00182166800369, 0.00194862217177, -0.00168470619246, 0.00271406490356, -0.00223339931108], [0.000616425822955, -0.00120693421923, 0.00200249045156, -0.00139502086677, 0.00140070496127, -0.00205762335099, 0.000881655898411, -0.00243413448334, 0.00130511610769, -0.00234659691341, 0.00156525510829, -0.00250058574602, 0.00187974749133], [-0.000969363609329, 0.00130522099789, -0.00139502086677, 0.00359166250564, -0.000967249507084, 0.00242386222817, -0.00174798828084, 0.00121511006728, -0.00348273990676, 0.0026352298446, -0.00166998291388, 0.00198453082703, -0.00157097354531], [0.000386342377169, -0.00203071185388, 0.00140070496127, -0.000967249507084, 0.00493920780718, -0.00245351204649, 0.00110785569996, -0.0034312219359, 0.000793227402028, -0.00284604681656, 0.00161087315064, -0.0030062913429, 0.00206327601336], [-0.00147500028834, 0.00216407119296, -0.00205762335099, 0.00242386222817, -0.00245351204649, 0.00503359502181, -0.00196862313896, 0.00278927735053, -0.0029182578437, 0.0027256202884, -0.00395149039105, 0.00407467363402, -0.00200203806162], [0.000498765730299, -0.00208247220144, 0.000881655898411, -0.00174798828084, 0.00110785569996, -0.00196862313896, 0.00479155266657, -0.00151885056403, 0.00147814094089, -0.00254285475239, 0.000896313693374, -0.00124775001314, 0.00264961575158], [-0.001246967935, 0.0020695773419, -0.00243413448334, 0.00121511006728, -0.0034312219359, 0.00278927735053, -0.00151885056403, 0.00805610883981, -0.00206325412728, 0.00262246700004, -0.00264902738854, 0.00332569354214, -0.00260651111603], [0.000835125159938, -0.00182166800369, 0.00130511610769, -0.00348273990676, 0.000793227402028, -0.0029182578437, 0.00147814094089, -0.00206325412728, 0.01010155119, -0.00369480834343, 0.00118867401034, -0.00202539702877, 8.28707197797e-05], [-0.00153392739594, 0.00194862217177, -0.00234659691341, 0.0026352298446, -0.00284604681656, 0.0027256202884, -0.00254285475239, 0.00262246700004, -0.00369480834343, 0.0129775162786, -0.00368558708578, 0.00134209531825, -0.00199767574668], [0.00121278688312, -0.00168470619246, 0.00156525510829, -0.00166998291388, 0.00161087315064, -0.00395149039105, 0.000896313693374, -0.00264902738854, 0.00118867401034, -0.00368558708578, 0.0122573822737, -0.00507189845666, -0.00179262610618], [-0.00141668727156, 0.00271406490356, -0.00250058574602, 0.00198453082703, -0.0030062913429, 0.00407467363402, -0.00124775001314, 0.00332569354214, -0.00202539702877, 0.00134209531825, -0.00507189845666, 0.0129701690748, -0.00472360989079], [0.000590051990002, -0.00223339931108, 0.00187974749133, -0.00157097354531, 0.00206327601336, -0.00200203806162, 0.00264961575158, -0.00260651111603, 8.28707197797e-05, -0.00199767574668, -0.00179262610618, -0.00472360989079, 0.0111649157479]]
    },
    "melbands": {
        "dmean": [0.00310339871794, 0.00211838562973, 0.000861231470481, 0.000289568648441, 0.000132891495014, 9.69051689026e-05, 0.000238918961259, 0.000279541040072, 7.7043325291e-05, 8.20525092422e-05, 2.87687180389e-05, 3.82872385671e-05, 4.55157532997e-05, 0.000142624063301, 6.18758494966e-05, 5.5834534578e-05, 3.64619445463e-05, 2.96258258459e-05, 3.46016167896e-05, 4.18993804487e-05, 3.85844323318e-05, 2.9884846299e-05, 2.3258413421e-05, 2.17531960516e-05, 1.56892147061e-05, 8.80085826793e-06, 7.59701606512e-06, 9.9801873148e-06, 9.52146183408e-06, 6.15175622443e-06, 4.46013427791e-06, 3.9380220187e-06, 3.5779899008e-06, 3.5874020341e-06, 3.47807463186e-06, 2.87505235974e-06, 3.35125400852e-06, 2.65395647148e-06, 3.43617057297e-06, 2.79268419945e-06],
        "dmean2": [0.00434456020594, 0.00341493752785, 0.00148169859312, 0.000490914680995, 0.000217530745431, 0.00015710304433, 0.000391450943425, 0.000453389773611, 0.000118022871902, 0.000122625206131, 4.05930441048e-05, 6.23859596089e-05, 7.53071362851e-05, 0.000219191875658, 9.77568124654e-05, 9.2266498541e-05, 5.82610919082e-05, 4.5389526349e-05, 5.57639723411e-05, 6.42924715066e-05, 5.8324807469e-05, 4.49188737548e-05, 3.64250445273e-05, 3.29145441356e-05, 2.49833610724e-05, 1.35981927087e-05, 1.24702119138e-05, 1.54517802002e-05, 1.48434883158e-05, 9.77218132903e-06, 7.12234032108e-06, 6.19586535322e-06, 5.63111052543e-06, 5.83891551287e-06, 5.7696101976e-06, 4.60605360786e-06, 5.31342720933e-06, 4.27538725489e-06, 5.46231694898e-06, 4.29017018178e-06],
        "dvar": [2.63717738562e-05, 1.96986511583e-05, 7.68409790908e-06, 5.78327217227e-07, 4.79133568376e-08, 3.6102477452e-08, 1.09954882532e-07, 2.01809299938e-07, 3.23192814733e-08, 2.30862298167e-08, 3.92646848368e-09, 8.81494610638e-09, 8.08018096876e-09, 9.26052265982e-08, 1.28467956273e-08, 1.60035700247e-08, 4.40760006271e-09, 2.37285791016e-09, 4.86602447225e-09, 8.54119885929e-09, 4.82578910166e-09, 2.0979713522e-09, 2.27179186574e-09, 1.83089465811e-09, 8.23373480507e-10, 1.79224343699e-10, 1.9425602793e-10, 4.48520720564e-10, 3.43016448578e-10, 1.2818718309e-10, 5.79857550864e-11, 4.17708125033e-11, 3.499175949e-11, 3.15442602594e-11, 3.02738008273e-11, 1.8580699479e-11, 2.53450038734e-11, 1.63032001094e-11, 3.35479873048e-11, 2.00358809405e-11],
        "dvar2": [5.13373634021e-05, 4.65729935968e-05, 2.04552998184e-05, 1.59829221502e-06, 1.29850562303e-07, 8.99991832171e-08, 3.04540776597e-07, 5.08986545356e-07, 6.60253078877e-08, 4.48489281268e-08, 5.43016209775e-09, 2.19030003024e-08, 1.97007867797e-08, 2.27433929467e-07, 3.04578477994e-08, 4.16143137727e-08, 1.01124850715e-08, 5.47844436483e-09, 1.16770362268e-08, 1.74684213761e-08, 9.45142986097e-09, 4.47242154422e-09, 5.31737542886e-09, 3.95011712229e-09, 2.15989515162e-09, 4.11391642974e-10, 4.79736861347e-10, 1.01272090713e-09, 8.30629842685e-10, 2.61797888923e-10, 1.30780872243e-10, 9.90044712879e-11, 7.82559086976e-11, 7.83731413101e-11, 8.13547215706e-11, 4.78692155359e-11, 6.56502491259e-11, 4.13939993393e-11, 8.62227650389e-11, 4.50911495642e-11],
        "max": [0.0540972314775, 0.047226972878, 0.028514906764, 0.00724739953876, 0.00290063256398, 0.00245567294769, 0.00389976194128, 0.00512089161202, 0.0037101788912, 0.00228639412671, 0.00193512602709, 0.0012870861683, 0.00111832399853, 0.00457678968087, 0.00156815932132, 0.00210313475691, 0.000962885504123, 0.000531893922016, 0.000788730627391, 0.00198634900153, 0.00117233209312, 0.000914948934224, 0.000704103440512, 0.000789628829807, 0.000403009034926, 0.000164644661709, 0.000189685539226, 0.000341866136296, 0.000341175851645, 0.00020430792938, 0.000130895234179, 7.50455801608e-05, 5.92231554037e-05, 7.63817151892e-05, 6.80512239342e-05, 5.41896006325e-05, 5.99237100687e-05, 5.15928841196e-05, 6.02819236519e-05, 5.14739840582e-05],
        "mean": [0.0167464111, 0.00879070628434, 0.000994876492769, 0.000367159896996, 0.000264902715571, 0.000148315550177, 0.000389135850128, 0.000497911940329, 0.000111915062007, 0.000149304934894, 6.78799624438e-05, 5.20694411534e-05, 6.37492630631e-05, 0.000238571024965, 0.00010106703121, 7.61632036301e-05, 5.17695843882e-05, 4.38064307673e-05, 4.53698376077e-05, 5.66874623473e-05, 5.84279987379e-05, 4.47748825536e-05, 3.61767270078e-05, 3.4165350371e-05, 2.36524247157e-05, 1.45093399624e-05, 1.27909897856e-05, 1.5948255168e-05, 1.65298915817e-05, 1.08631211333e-05, 7.81094877311e-06, 6.95942935636e-06, 6.73638078297e-06, 6.4026171458e-06, 5.95145547777e-06, 5.28861119165e-06, 5.91247089687e-06, 4.3355184971e-06, 4.85527789351e-06, 5.18868182553e-06],
        "median": [0.0136525118724, 0.00613432424143, 0.000453320826637, 0.000142985823913, 8.87705173227e-05, 4.17142691731e-05, 0.000230259131058, 0.000356098084012, 2.06089116546e-05, 5.46693736396e-05, 3.43245701515e-05, 1.95367356355e-05, 3.04058958136e-05, 7.48520033085e-05, 3.38270037901e-05, 3.46255110344e-05, 1.96116398001e-05, 1.8715427359e-05, 1.6386507923e-05, 1.89432630577e-05, 1.91506023839e-05, 1.77196761797e-05, 1.40084457598e-05, 1.24051593957e-05, 1.18493135233e-05, 8.2245487647e-06, 6.77746766087e-06, 8.50685228215e-06, 8.25620736578e-06, 5.96340078118e-06, 3.72552153749e-06, 2.95430368169e-06, 2.96138227895e-06, 2.09720155908e-06, 2.57308511209e-06, 1.90639286757e-06, 1.5334658201e-06, 9.80829213404e-07, 8.19812044028e-07, 7.08891832346e-07],
        "min": [2.88599644183e-10, 2.15083284516e-09, 1.67199289081e-07, 7.94823279193e-07, 6.72015687542e-08, 6.56131859955e-08, 2.15470640796e-06, 1.52271934439e-06, 2.53459603528e-07, 3.19207543953e-07, 1.13032996296e-07, 1.16874552702e-07, 1.86943708513e-07, 5.47185621258e-08, 6.04480447919e-08, 6.00245968485e-08, 4.80797055502e-08, 3.05313179183e-08, 2.19552909186e-08, 2.14951310085e-08, 2.74024571922e-08, 1.4868560605e-08, 3.24136699703e-08, 2.49950371511e-08, 1.09331379505e-08, 1.01164916444e-08, 1.70693930102e-08, 1.70059966109e-08, 2.2509421882e-08, 8.17025469502e-09, 4.44035030966e-09, 1.40682676619e-09, 6.50766593391e-11, 1.85076953763e-10, 3.49697657984e-12, 7.4282906215e-12, 1.80295036713e-12, 3.4686197057e-12, 1.04113028962e-12, 2.19774014525e-13],
