{
"highlevel": {
    "danceability": {
        "all": {
            "danceable": 0.738534092903,
            "not_danceable": 0.261465907097
        },
        "probability": 0.738534092903,
        "value": "danceable"
    },
    "gender": {
        "all": {
            "female": 0.00465075252578,
            "male": 0.995349228382
        },
        "probability": 0.995349228382,
        "value": "male"
    },
    "genre_dortmund": {
        "all": {
            "alternative": 0.036857187748,
            "blues": 0.188949719071,
            "electronic": 0.0125956907868,
            "folkcountry": 0.190543830395,
            "funksoulrnb": 0.0462409704924,
            "jazz": 0.200120449066,
            "pop": 0.0590687170625,
            "raphiphop": 0.103946790099,
            "rock": 0.161676645279
        },
        "probability": 0.200120449066,
        "value": "jazz"
    },
    "genre_electronic": {
        "all": {
            "ambient": 0.207842066884,
            "dnb": 0.402475863695,
            "house": 0.342804044485,
            "techno": 0.018179545179,
            "trance": 0.0286984983832
        },
        "probability": 0.402475863695,
        "value": "dnb"
    },
    "genre_rosamerica": {
        "all": {
            "cla": 0.0629184395075,
            "dan": 0.0234188176692,
            "hip": 0.260980844498,
            "jaz": 0.0830994099379,
            "pop": 0.310332864523,
            "rhy": 0.175621032715,
            "roc": 0.0669646635652,
            "spe": 0.0166639331728
        },
        "probability": 0.310332864523,
        "value": "pop"
    },
    "genre_tzanetakis": {
        "all": {
            "blu": 0.0626613423228,
            "cla": 0.0348169617355,
            "cou": 0.104475811124,
            "dis": 0.0784321576357,
            "hip": 0.15692435205,
            "jaz": 0.313974827528,
            "met": 0.0448166541755,
            "pop": 0.0627359300852,
            "reg": 0.0627360641956,
            "roc": 0.0784258767962
        },
        "probability": 0.313974827528,
        "value": "jaz"
    },
    "ismir04_rhythm": {
        "all": {
            "ChaChaCha": 0.118584655225,
            "Jive": 0.344139814377,
            "Quickstep": 0.20086735487,
            "Rumba-American": 0.00918945297599,
            "Rumba-International": 0.0429527014494,
            "Rumba-Misc": 0.0134433507919,
            "Samba": 0.164623498917,
            "Tango": 0.00672655971721,
            "VienneseWaltz": 0.0819733515382,
            "Waltz": 0.0174992755055
        },
        "probability": 0.344139814377,
        "value": "Jive"
    },
    "mood_acoustic": {
        "all": {
            "acoustic": 0.212223157287,
            "not_acoustic": 0.787776827812
        },
        "probability": 0.787776827812,
        "value": "not_acoustic"
    },
    "mood_aggressive": {
        "all": {
            "aggressive": 0.268290162086,
            "not_aggressive": 0.731709837914
        },
        "probability": 0.731709837914,
        "value": "not_aggressive"
    },
    "mood_electronic": {
        "all": {
            "electronic": 0.261423289776,
            "not_electronic": 0.738576710224
        },
        "probability": 0.738576710224,
        "value": "not_electronic"
    },
    "mood_happy": {
        "all": {
            "happy": 0.60329002142,
            "not_happy": 0.39670997858
        },
        "probability": 0.60329002142,
        "value": "happy"
    },
    "mood_party": {
        "all": {
            "not_party": 0.465569645166,
            "party": 0.534430384636
        },
        "probability": 0.534430384636,
        "value": "party"
    },
    "mood_relaxed": {
        "all": {
            "not_relaxed": 0.810642242432,
            "relaxed": 0.18935777247
        },
        "probability": 0.810642242432,
        "value": "not_relaxed"
    },
    "mood_sad": {
        "all": {
            "not_sad": 0.370418310165,
            "sad": 0.629581689835
        },
        "probability": 0.629581689835,
        "value": "sad"
    },
    "moods_mirex": {
        "all": {
            "Cluster1": 0.0892758443952,
            "Cluster2": 0.427119165659,
            "Cluster3": 0.10903172195,
            "Cluster4": 0.29273724556,
            "Cluster5": 0.0818360224366
        },
        "probability": 0.427119165659,
        "value": "Cluster2"
    },
    "timbre": {
        "all": {
            "bright": 1,
            "dark": 2.14222098394e-10
        },
        "probability": 1,
        "value": "bright"
    },
    "tonal_atonal": {
        "all": {
            "atonal": 0.00669402210042,
            "tonal": 0.993305981159
        },
        "probability": 0.993305981159,
        "value": "tonal"
    },
    "voice_instrumental": {
        "all": {
            "instrumental": 0.0169946644455,
            "voice": 0.983005344868
        },
        "probability": 0.983005344868,
        "value": "voice"
    }
},
"lowlevel": {
    "average_loudness": 0.966451704502,
    "barkbands_crest": {
        "dmean": 2.6391954422,
        "dmean2": 4.32468795776,
        "dvar": 6.76625156403,
        "dvar2": 15.8994102478,
        "max": 24.1007041931,
        "mean": 9.04137134552,
        "median": 8.25396537781,
        "min": 2.50146055222,
        "var": 18.856836319
    },
    "barkbands_flatness_db": {
        "dmean": 0.0267259050161,
        "dmean2": 0.0400578863919,
        "dvar": 0.000712824170478,
        "dvar2": 0.00147619086783,
        "max": 0.334360569715,
        "mean": 0.150910079479,
        "median": 0.147232875228,
        "min": 0.0607085339725,
        "var": 0.00229929247871
    },
    "barkbands_kurtosis": {
        "dmean": 2.29325866699,
        "dmean2": 3.46205592155,
        "dvar": 24.2457771301,
        "dvar2": 49.9655761719,
        "max": 94.7584381104,
        "mean": 2.23185968399,
        "median": -0.0125362873077,
        "min": -1.95011568069,
        "var": 48.8309707642
    },
    "barkbands_skewness": {
        "dmean": 0.582885146141,
        "dmean2": 0.873956501484,
        "dvar": 0.468695640564,
        "dvar2": 0.955272912979,
        "max": 9.1980266571,
        "mean": 0.92864382267,
        "median": 0.679784476757,
        "min": -2.65677237511,
        "var": 1.58210420609
    },
    "barkbands_spread": {
        "dmean": 8.72888755798,
        "dmean2": 13.5929889679,
        "dvar": 130.940475464,
        "dvar2": 295.696899414,
        "max": 107.746055603,
        "mean": 25.9684638977,
        "median": 22.479845047,
        "min": 1.46728825569,
        "var": 270.439727783
    },
    "dissonance": {
        "dmean": 0.0198027938604,
        "dmean2": 0.0328674167395,
        "dvar": 0.00038411928108,
        "dvar2": 0.00097488128813,
        "max": 0.499310404062,
        "mean": 0.462859511375,
        "median": 0.471959292889,
        "min": 0.313495010138,
        "var": 0.000908483751118
    },
    "dynamic_complexity": 2.85179924965,
    "erbbands_crest": {
        "dmean": 2.91285586357,
        "dmean2": 4.66310358047,
        "dvar": 8.52495861053,
        "dvar2": 19.9296245575,
        "max": 31.0053787231,
        "mean": 9.34674739838,
        "median": 7.99572992325,
        "min": 2.98297071457,
        "var": 21.1786746979
    },
    "erbbands_flatness_db": {
        "dmean": 0.0252662543207,
        "dmean2": 0.0365831963718,
        "dvar": 0.000604880973697,
        "dvar2": 0.0012260961812,
        "max": 0.333073347807,
        "mean": 0.18534219265,
        "median": 0.18302360177,
        "min": 0.0886958763003,
        "var": 0.00188636756502
    },
    "erbbands_kurtosis": {
        "dmean": 1.05915606022,
        "dmean2": 1.70900022984,
        "dvar": 2.51422929764,
        "dvar2": 5.74568367004,
        "max": 26.2762813568,
        "mean": 0.381713539362,
        "median": -0.134287834167,
        "min": -1.80182611942,
        "var": 3.99657559395
    },
    "erbbands_skewness": {
        "dmean": 0.432915329933,
        "dmean2": 0.659473717213,
        "dvar": 0.209704518318,
        "dvar2": 0.429429650307,
        "max": 3.58979177475,
        "mean": 0.135052904487,
        "median": 0.0836034193635,
        "min": -4.5301861763,
        "var": 0.712458074093
    },
    "erbbands_spread": {
        "dmean": 9.95329189301,
        "dmean2": 15.2698144913,
        "dvar": 134.642410278,
        "dvar2": 322.25592041,
        "max": 131.110809326,
        "mean": 34.1376647949,
        "median": 29.6820240021,
        "min": 7.63755083084,
        "var": 283.244903564
    },
    "hfc": {
        "dmean": 11.8267421722,
        "dmean2": 17.8274936676,
        "dvar": 295.850219727,
        "dvar2": 706.032531738,
        "max": 164.82484436,
        "mean": 23.5606899261,
        "median": 15.2404918671,
        "min": 0.0511840283871,
        "var": 602.161560059
    },
    "melbands_crest": {
        "dmean": 3.3660235405,
        "dmean2": 5.21342515945,
        "dvar": 10.15599823,
        "dvar2": 23.3651981354,
        "max": 32.5199012756,
        "mean": 13.6203536987,
        "median": 12.7412157059,
        "min": 3.13439631462,
        "var": 38.2867927551
    },
    "melbands_flatness_db": {
        "dmean": 0.035282112658,
        "dmean2": 0.051100473851,
        "dvar": 0.0015007663751,
        "dvar2": 0.00295823463239,
        "max": 0.436309129,
        "mean": 0.168002352118,
        "median": 0.164849460125,
        "min": 0.0206031277776,
        "var": 0.00545140868053
    },
    "melbands_kurtosis": {
        "dmean": 5.80495119095,
        "dmean2": 8.85597419739,
        "dvar": 176.328903198,
        "dvar2": 381.958770752,
        "max": 230.246185303,
        "mean": 8.17012691498,
        "median": 2.52641820908,
        "min": -1.87970495224,
        "var": 320.138916016
    },
    "melbands_skewness": {
        "dmean": 0.745633721352,
        "dmean2": 1.0986931324,
        "dvar": 0.835686445236,
        "dvar2": 1.73289370537,
        "max": 12.7235422134,
        "mean": 1.89955568314,
        "median": 1.4484988451,
        "min": -0.774322807789,
        "var": 2.70446372032
    },
    "melbands_spread": {
        "dmean": 13.4890098572,
        "dmean2": 21.5470428467,
        "dvar": 366.96685791,
        "dvar2": 810.438110352,
        "max": 266.781494141,
        "mean": 36.5266685486,
        "median": 29.2707843781,
        "min": 1.22022211552,
        "var": 807.090148926
    },
    "pitch_salience": {
        "dmean": 0.0725477710366,
        "dmean2": 0.113303892314,
        "dvar": 0.00478198938072,
        "dvar2": 0.010672067292,
        "max": 0.84815376997,
        "mean": 0.523510575294,
        "median": 0.530062735081,
        "min": 0.116979293525,
        "var": 0.0145777119324
    },
    "silence_rate_20dB": {
        "dmean": 0,
        "dmean2": 0,
        "dvar": 0,
        "dvar2": 0,
        "max": 1,
        "mean": 1,
        "median": 1,
        "min": 1,
        "var": 0
    },
    "silence_rate_30dB": {
        "dmean": 0,
        "dmean2": 0,
        "dvar": 0,
        "dvar2": 0,
        "max": 1,
        "mean": 1,
        "median": 1,
        "min": 1,
        "var": 0
    },
    "silence_rate_60dB": {
        "dmean": 0.061919502914,
        "dmean2": 0.123934932053,
        "dvar": 0.058085706085,
        "dvar2": 0.122517630458,
        "max": 1,
        "mean": 0.0835266858339,
        "median": 0,
        "min": 0,
        "var": 0.0765494480729
    },
    "spectral_centroid": {
        "dmean": 391.715606689,
        "dmean2": 599.579345703,
        "dvar": 221261.921875,
        "dvar2": 483170.09375,
        "max": 5707.02294922,
        "mean": 1777.59338379,
        "median": 1704.15100098,
        "min": 208.042984009,
        "var": 664030.625
    },
    "spectral_complexity": {
        "dmean": 5.06346750259,
        "dmean2": 7.27962827682,
        "dvar": 34.1802978516,
        "dvar2": 69.1263961792,
        "max": 56,
        "mean": 17.940448761,
        "median": 16,
        "min": 0,
        "var": 118.455055237
    },
    "spectral_decrease": {
        "dmean": 1.64364077904e-09,
        "dmean2": 2.24926632875e-09,
        "dvar": 4.11907283243e-18,
        "dvar2": 7.98747767922e-18,
        "max": -2.31056423994e-11,
        "mean": -4.04063227322e-09,
        "median": -3.26359717029e-09,
        "min": -2.32078374296e-08,
        "var": 1.12260229534e-17
    },
    "spectral_energy": {
        "dmean": 0.00700719514862,
        "dmean2": 0.00964949745685,
        "dvar": 7.12665714673e-05,
        "dvar2": 0.00013844431669,
        "max": 0.101938359439,
        "mean": 0.0173873156309,
        "median": 0.0140416864306,
        "min": 9.39945748542e-05,
        "var": 0.0002002636611
    },
    "spectral_energyband_high": {
        "dmean": 0.00103427597787,
        "dmean2": 0.00171265820973,
        "dvar": 4.01274201067e-06,
        "dvar2": 1.00718652902e-05,
        "max": 0.0154869183898,
        "mean": 0.00128418649547,
        "median": 0.000331743794959,
        "min": 5.04739887219e-07,
        "var": 4.92469735036e-06
    },
    "spectral_energyband_low": {
        "dmean": 0.00131565053016,
        "dmean2": 0.0018941515591,
        "dvar": 6.12490839558e-06,
        "dvar2": 1.25733049572e-05,
        "max": 0.0290775634348,
        "mean": 0.0036319764331,
        "median": 0.00199578609318,
        "min": 4.85512714476e-07,
        "var": 1.94570729946e-05
    },
    "spectral_energyband_middle_high": {
        "dmean": 0.0028836124111,
        "dmean2": 0.0038260971196,
        "dvar": 1.43384177136e-05,
        "dvar2": 2.49076838372e-05,
        "max": 0.0547531582415,
        "mean": 0.00656199268997,
        "median": 0.00370161072351,
        "min": 8.84402197698e-06,
        "var": 5.21698166267e-05
    },
    "spectral_energyband_middle_low": {
        "dmean": 0.00406215153635,
        "dmean2": 0.00602122582495,
        "dvar": 4.25310754508e-05,
        "dvar2": 9.42411134019e-05,
        "max": 0.0718447417021,
        "mean": 0.00661734770983,
        "median": 0.00383700593375,
        "min": 7.7089673141e-05,
        "var": 6.49680878269e-05
    },
    "spectral_entropy": {
        "dmean": 0.267822682858,
        "dmean2": 0.376810580492,
        "dvar": 0.0760500431061,
        "dvar2": 0.164827272296,
        "max": 8.69209480286,
        "mean": 7.52316474915,
        "median": 7.50063848495,
        "min": 6.10266160965,
        "var": 0.192090660334
    },
    "spectral_flux": {
        "dmean": 0.0267337504774,
        "dmean2": 0.0397865884006,
        "dvar": 0.000735905545298,
        "dvar2": 0.00162254704628,
        "max": 0.23992317915,
        "mean": 0.0738677233458,
        "median": 0.068014614284,
        "min": 0.00394628476351,
        "var": 0.00173342425842
    },
    "spectral_kurtosis": {
        "dmean": 2.20489001274,
        "dmean2": 3.67483353615,
        "dvar": 5.84671831131,
        "dvar2": 15.5787963867,
        "max": 22.883441925,
        "mean": 4.20015096664,
        "median": 3.71694231033,
        "min": -1.27925348282,
        "var": 8.9271697998
    },
    "spectral_rms": {
        "dmean": 0.000836471677758,
        "dmean2": 0.00111264188308,
        "dvar": 7.40121606668e-07,
        "dvar2": 1.42820420024e-06,
        "max": 0.0099725658074,
        "mean": 0.0037866870407,
        "median": 0.00370124401525,
        "min": 0.00030282343505,
        "var": 2.62421644948e-06
    },
    "spectral_rolloff": {
        "dmean": 958.17956543,
        "dmean2": 1586.65222168,
        "dvar": 2273661.25,
        "dvar2": 5198361,
        "max": 10120.6054688,
        "mean": 2409.08740234,
        "median": 1894.921875,
        "min": 107.666015625,
        "var": 3940396.75
    },
    "spectral_skewness": {
        "dmean": 0.297738730907,
        "dmean2": 0.475338071585,
        "dvar": 0.082915648818,
        "dvar2": 0.204191148281,
        "max": 3.26864981651,
        "mean": 1.35627961159,
        "median": 1.34975504875,
        "min": -0.330544412136,
        "var": 0.191239655018
    },
    "spectral_spread": {
        "dmean": 882681.375,
        "dmean2": 1300854.75,
        "dvar": 1.16109842842e+12,
        "dvar2": 2.38333932339e+12,
        "max": 13146201,
        "mean": 4158250.5,
        "median": 3785501.25,
        "min": 1603522.125,
        "var": 2.86092768051e+12
    },
    "spectral_strongpeak": {
        "dmean": 0.723047971725,
        "dmean2": 1.2044223547,
        "dvar": 1.30242455006,
        "dvar2": 3.09382534027,
        "max": 10.1581277847,
        "mean": 1.12691676617,
        "median": 0.572573006153,
        "min": 0.0324818044901,
        "var": 1.9303791523
    },
    "zerocrossingrate": {
        "dmean": 0.016384633258,
        "dmean2": 0.0198818594217,
        "dvar": 0.000389962515328,
        "dvar2": 0.000435159163317,
        "max": 0.36083984375,
        "mean": 0.0750982612371,
        "median": 0.06689453125,
        "min": 0.00634765625,
        "var": 0.00198834505863
    },
    "barkbands": {
        "dmean": [2.03147465072e-06, 0.000301239051623, 0.000857051752973, 0.00052514259005, 0.00082287756959, 0.000379631703254, 0.00116834091023, 0.00102890713606, 0.00106054882053, 0.000676072959322, 0.000579980551265, 0.000425403326517, 0.000372392591089, 0.000384240120184, 0.000473565072753, 0.000428039958933, 0.00030647451058, 0.00029183915467, 0.000284587120404, 0.000324638589518, 0.000214593193959, 0.000232780424994, 0.000219759167521, 0.0001967074204, 0.000125068443595, 1.5371319023e-05, 3.46935480344e-09],
        "dmean2": [3.45968510373e-06, 0.000434055604273, 0.00124139641412, 0.000843873072881, 0.00128545064945, 0.000611974159256, 0.00190835329704, 0.00155417330097, 0.0016101062065, 0.000994635280222, 0.000861754000653, 0.000612269446719, 0.000595974212047, 0.000595305929892, 0.000704867474269, 0.000666185223963, 0.000459584785858, 0.000450131541584, 0.000426442333264, 0.000536037725396, 0.000339386693668, 0.000391386391129, 0.000382491882192, 0.000333284231601, 0.000219212262891, 2.68983239948e-05, 5.11521047741e-09],
        "dvar": [1.18115066339e-11, 4.03425275408e-07, 3.72025374418e-06, 1.86909301192e-06, 3.30199759446e-06, 7.95940650278e-07, 8.26225732453e-06, 7.60227158025e-06, 1.58649036166e-05, 3.01524846691e-06, 1.87698094578e-06, 2.06421350413e-06, 6.65112679599e-07, 8.46861610171e-07, 8.42205906793e-07, 6.27378256013e-07, 2.49368184768e-07, 3.71118886733e-07, 1.68071238704e-07, 3.3838324498e-07, 2.0544155177e-07, 2.21542009626e-07, 2.4579802016e-07, 2.59642888523e-07, 9.65683213394e-08, 1.26381771715e-09, 2.76230615462e-15],
        "dvar2": [3.22895113425e-11, 7.20530806575e-07, 7.5073271546e-06, 4.33118475485e-06, 8.02170870884e-06, 2.00273666451e-06, 2.17958204303e-05, 1.60444105859e-05, 3.29162503476e-05, 5.3234061852e-06, 3.76977004635e-06, 3.64704874301e-06, 1.7598362092e-06, 1.82254882475e-06, 1.87336274848e-06, 1.45511012306e-06, 5.54239761641e-07, 8.4831907543e-07, 4.06510139328e-07, 8.93728611118e-07, 4.8163383326e-07, 5.90922468291e-07, 6.43890871288e-07, 5.78597905587e-07, 2.42405519657e-07, 3.42879680204e-09, 3.23875689349e-15],
        "max": [3.38614845532e-05, 0.00931472703815, 0.0263781435788, 0.0232279226184, 0.0159929003567, 0.0180755127221, 0.0275751873851, 0.0432422794402, 0.0628701522946, 0.0450267121196, 0.0188661012799, 0.0422257632017, 0.0117272716016, 0.0125108445063, 0.0120497876778, 0.0100306579843, 0.00685627572238, 0.00872259959579, 0.00534761371091, 0.00686130579561, 0.0062066889368, 0.00429309066385, 0.00417593261227, 0.00712962402031, 0.00411261152476, 0.000397166702896, 1.79254936938e-06],
        "mean": [2.13334533328e-06, 0.000963006867096, 0.00212993845344, 0.000934679294005, 0.00101292307954, 0.000475555774756, 0.00118851498701, 0.00132495793514, 0.00140621117316, 0.0011040896643, 0.000865904206876, 0.000561348570045, 0.000508919823915, 0.000553680642042, 0.000759343442041, 0.000552023819182, 0.000521862064488, 0.000452713837149, 0.000504443945829, 0.000458184309537, 0.00026958208764, 0.000265086069703, 0.000218285480514, 0.000210732294363, 0.000125109567307, 1.80841743713e-05, 2.82432743859e-09],
        "median": [8.70897679306e-07, 0.000175201348611, 0.000411120301578, 0.000198291643756, 0.000308143091388, 0.000218523215153, 0.000310734263621, 0.00029540975811, 0.000269759533694, 0.000354699877789, 0.000192387538846, 0.000143162382301, 0.000141645548865, 0.000137885537697, 0.000226594187552, 0.000160228621098, 0.000197102155653, 0.000153665518155, 0.000229359517107, 0.000109272063128, 5.40763030585e-05, 6.00674939051e-05, 3.80277888326e-05, 2.2614003683e-05, 1.19690439533e-05, 1.41630948747e-06, 1.96886812409e-10],
        "min": [1.36867237543e-08, 2.06412309467e-08, 8.23150045903e-08, 1.0898868652e-07, 1.53206906361e-06, 5.58197029932e-07, 2.11376550396e-06, 1.61223809414e-07, 7.80600089456e-07, 8.78666014614e-07, 2.45968095669e-07, 9.578574236e-07, 2.58831875044e-07, 4.45457288833e-07, 8.90454316504e-07, 3.69853495386e-07, 4.97263840771e-07, 2.51342072488e-07, 4.9151242365e-07, 1.90918342469e-07, 1.81044910619e-07, 7.37611642876e-08, 3.28550839868e-08, 1.67528249051e-08, 8.68396021758e-09, 1.04161427747e-11, 8.20149156922e-12],
        "var": [1.24995378631e-11, 2.12404802369e-06, 1.28595074784e-05, 3.74433739125e-06, 3.83186261388e-06, 7.89414343672e-07, 7.19128092896e-06, 1.11139106593e-05, 2.25331241381e-05, 6.30806835034e-06, 3.4677975691e-06, 3.25809651258e-06, 9.97017650661e-07, 1.48979097503e-06, 1.75967272753e-06, 9.29293207719e-07, 6.19212357833e-07, 7.27392318822e-07, 4.38070685504e-07, 5.68917414512e-07, 2.76820372846e-07, 2.22613735446e-07, 2.31216745306e-07, 3.7260141994e-07, 1.15708786552e-07, 1.79759584995e-09, 2.66613382203e-15]
    },
    "erbbands": {
        "dmean": [0.00332125928253, 0.0940738320351, 0.759301066399, 1.49040901661, 1.90590906143, 2.39337491989, 4.40709257126, 3.47673559189, 7.42843866348, 25.9135723114, 26.0153160095, 23.4118766785, 14.7355537415, 30.5373306274, 16.366437912, 15.7108049393, 14.63879776, 21.331609726, 21.5477695465, 21.6428508759, 18.9303207397, 15.1819505692, 19.3752593994, 12.388209343, 15.429350853, 14.2374591827, 7.98504161835, 9.54641056061, 8.90049362183, 8.16178512573, 5.77752113342, 4.70818471909, 3.04202055931, 1.77819347382, 0.631631791592, 0.131016418338, 0.0182646457106, 0.00124502030667, 3.73047987523e-05, 1.19671085486e-05],
        "dmean2": [0.00493569904938, 0.134313419461, 1.08828663826, 2.27844381332, 2.93621277809, 3.8485929966, 6.94398498535, 5.56557369232, 12.3493366241, 40.3573760986, 38.7776947021, 35.3921318054, 21.9371299744, 43.685218811, 22.9006404877, 23.4589176178, 22.9746627808, 32.8077430725, 31.4774188995, 32.162322998, 28.3836841583, 22.4386920929, 29.1820907593, 19.2513275146, 22.2243785858, 23.4020690918, 12.8497982025, 15.3327226639, 15.085524559, 14.0920991898, 10.0484676361, 8.07095146179, 5.02041387558, 3.04974889755, 1.10330593586, 0.23076236248, 0.0312863215804, 0.00215691002086, 6.27323825029e-05, 1.77280035132e-05],
        "dvar": [4.55281697214e-05, 0.0349139124155, 2.69375252724, 9.84059619904, 37.8987426758, 30.0082206726, 122.830085754, 91.1817550659, 253.941848755, 3827.25512695, 5736.19970703, 7567.51220703, 2473.18041992, 5744.92919922, 1559.89111328, 1948.2232666, 909.199707031, 2432.52856445, 2082.12451172, 1401.52587891, 1230.96044922, 627.569396973, 1769.13293457, 380.564575195, 471.293395996, 670.738952637, 240.913070679, 475.29107666, 323.668518066, 387.917327881, 166.022216797, 140.567382812, 67.5035552979, 20.3377628326, 2.36967682838, 0.0878639146686, 0.001645366312, 1.30626149257e-05, 7.06040248488e-09, 2.58438492828e-10],
        "dvar2": [8.72067903401e-05, 0.0627181455493, 5.33512735367, 21.1679210663, 85.9567947388, 76.9440612793, 312.690124512, 231.794372559, 653.25958252, 9496.18066406, 12136.1445312, 15725.4609375, 4662.18359375, 11213.5107422, 2566.81542969, 3871.25366211, 2216.72827148, 5428.44775391, 4716.00732422, 3081.43383789, 2801.51635742, 1313.26098633, 4141.46435547, 949.754272461, 1091.9276123, 1787.29260254, 595.831604004, 1131.82946777, 857.294067383, 1045.1776123, 426.315490723, 315.387573242, 155.005233765, 48.8447799683, 6.11847162247, 0.238890886307, 0.00439760927111, 3.68154032913e-05, 1.93364222412e-08, 6.04985450625e-10],
        "max": [0.0808810889721, 2.66654682159, 21.8244876862, 31.7490596771, 116.486824036, 55.3991203308, 109.364685059, 219.064758301, 157.383560181, 636.72064209, 1208.35742188, 1568.23535156, 907.595214844, 1782.58605957, 1213.92565918, 861.09979248, 407.127838135, 646.01550293, 759.452636719, 402.864746094, 660.953308105, 456.370269775, 626.539001465, 236.576095581, 249.757247925, 313.667266846, 138.475830078, 312.480865479, 146.259521484, 238.94140625, 107.539253235, 186.38494873, 104.094467163, 66.5151290894, 18.6162071228, 2.83051538467, 0.494038671255, 0.0530050322413, 0.00113422656432, 0.000167599268025],
        "mean": [0.010408080183, 0.303037196398, 2.04504823685, 3.15163373947, 2.86872959137, 2.78286194801, 4.93278169632, 4.27505302429, 8.62252521515, 27.5879650116, 35.1762886047, 32.6317024231, 23.8801231384, 50.4583854675, 25.9599399567, 22.7892818451, 22.4353504181, 31.4291324615, 35.3457603455, 35.0759735107, 28.0323677063, 26.5049343109, 30.8763828278, 20.6446628571, 28.4129486084, 20.4579639435, 11.1659202576, 11.1443424225, 9.75443172455, 8.41229724884, 5.8420920372, 4.71113300323, 3.31662368774, 1.79312503338, 0.62315839529, 0.145664229989, 0.0224190186709, 0.00138308375608, 5.08437951794e-05, 2.70290875051e-05],
        "median": [0.0020840743091, 0.0971551537514, 0.58864992857, 0.961535036564, 0.750457644463, 0.977760672569, 1.4618768692, 1.76124715805, 3.54611754417, 6.8151679039, 8.11144256592, 7.80786037445, 8.51556587219, 14.8551702499, 8.06005001068, 6.51924276352, 7.67940425873, 10.0839138031, 10.6727676392, 12.3262500763, 10.1544408798, 11.5709924698, 10.5972604752, 10.5952634811, 10.4488449097, 5.05344724655, 2.57791614532, 2.26531720161, 2.21823596954, 1.781858325, 0.919498205185, 0.469450205564, 0.334520101547, 0.181031286716, 0.0517594330013, 0.0116757247597, 0.00174638594035, 0.000110843138827, 1.51119565999e-05, 1.97901335923e-05],
        "min": [1.83070676485e-06, 2.35456991504e-05, 0.000254568061791, 0.000905340188183, 0.00347465020604, 0.00532534625381, 0.00221390044317, 0.00530814751983, 0.0217126328498, 0.0421633087099, 0.0208416562527, 0.0228434801102, 0.038438308984, 0.0227184798568, 0.0189849194139, 0.0531821958721, 0.02337147668, 0.0215250886977, 0.0338566713035, 0.0627070814371, 0.0271864403039, 0.0216176137328, 0.0183767937124, 0.0293033886701, 0.0133735276759, 0.0112306615338, 0.00807085912675, 0.00639971392229, 0.00294348062016, 0.00151591701433, 0.00098139513284, 0.000430403859355, 0.000246969575528, 0.000131969878566, 1.51488266056e-05, 1.75057755314e-06, 2.95686987783e-07, 7.91711372017e-08, 1.17160432467e-07, 1.29764742951e-07],
        "var": [0.000233472295804, 0.17696210742, 9.9081401825, 26.6080570221, 52.7454795837, 29.7808551788, 126.467750549, 87.7980880737, 250.647018433, 3809.98535156, 8573.87109375, 10852.6171875, 3805.99682617, 11518.1503906, 4305.13330078, 3146.7512207, 1633.6550293, 3905.86499023, 3796.18261719, 3206.93237305, 2009.80371094, 1491.08630371, 3475.34301758, 714.385375977, 1633.81689453, 1075.60888672, 400.617034912, 542.160095215, 314.449920654, 322.543884277, 168.067871094, 179.977081299, 98.0949783325, 27.2336139679, 2.5987534523, 0.107836388052, 0.00282386597246, 1.39397079693e-05, 9.13698450233e-09, 5.73235126033e-10]
    },
    "gfcc": {
        "mean": [-26.1284828186, 82.8422164917, -151.682098389, 34.2515869141, -69.2406921387, 13.8343782425, -40.0939712524, 11.4732847214, -22.7745189667, -5.79327058792, -17.4094905853, -10.5500507355, -12.1244392395],
        "cov": [[5420.94140625, -1939.91235352, -84.3356399536, 269.284698486, -376.599639893, 487.746429443, -140.98979187, 275.623901367, -134.482086182, 326.333984375, -211.122146606, 175.255630493, -116.019386292], [-1939.91235352, 2150.39111328, 51.0583686829, 55.9029960632, 558.997802734, -273.094055176, 403.624603271, -137.221557617, 237.780639648, -222.536056519, 218.491439819, -185.766677856, 87.5345001221], [-84.3356399536, 51.0583686829, 1106.48303223, 440.841522217, 63.0412139893, 269.379302979, -88.0477294922, 85.6824417114, 66.4291687012, 42.2111816406, -51.9045143127, 45.6922912598, -41.018951416], [269.284698486, 55.9029960632, 440.841522217, 464.694854736, 154.841506958, 125.254821777, -13.9581804276, 50.0134506226, 74.1910324097, 31.3532428741, -7.53586435318, 13.948469162, 47.1104469299], [-376.599639893, 558.997802734, 63.0412139893, 154.841506958, 410.843231201, 4.25612878799, 155.504257202, 25.2680282593, 72.742225647, -1.06826090813, 43.0139846802, -25.817155838, 40.8033905029], [487.746429443, -273.094055176, 269.379302979, 125.254821777, 4.25612878799, 309.975708008, 41.5736732483, 93.4203720093, 37.5397262573, 42.3960533142, -29.3295345306, 46.1036262512, -29.678943634], [-140.98979187, 403.624603271, -88.0477294922, -13.9581804276, 155.504257202, 41.5736732483, 290.462585449, 41.5726089478, 61.9729957581, -14.7658815384, 77.5984573364, -4.62719869614, 4.77306079865], [275.623901367, -137.221557617, 85.6824417114, 50.0134506226, 25.2680282593, 93.4203720093, 41.5726089478, 180.788879395, 57.2224311829, 80.1781463623, 28.2195777893, 25.215379715, -1.05862617493], [-134.482086182, 237.780639648, 66.4291687012, 74.1910324097, 72.742225647, 37.5397262573, 61.9729957581, 57.2224311829, 176.843551636, 36.6000671387, 50.3781776428, -11.3346567154, 24.2135372162], [326.333984375, -222.536056519, 42.2111816406, 31.3532428741, -1.06826090813, 42.3960533142, -14.7658815384, 80.1781463623, 36.6000671387, 190.774917603, 29.7880744934, 60.0520515442, -11.1961097717], [-211.122146606, 218.491439819, -51.9045143127, -7.53586435318, 43.0139846802, -29.3295345306, 77.5984573364, 28.2195777893, 50.3781776428, 29.7880744934, 138.004989624, 12.801150322, 35.7158927917], [175.255630493, -185.766677856, 45.6922912598, 13.948469162, -25.817155838, 46.1036262512, -4.62719869614, 25.215379715, -11.3346567154, 60.0520515442, 12.801150322, 122.814506531, 27.0050544739], [-116.019386292, 87.5345001221, -41.018951416, 47.1104469299, 40.8033905029, -29.678943634, 4.77306079865, -1.05862617493, 24.2135372162, -11.1961097717, 35.7158927917, 27.0050544739, 105.476028442]],
        "icov": [[0.000385202642065, 7.09576079316e-06, 0.000453941785963, -0.00067311845487, 0.000415864516981, -0.000492576218676, -5.32695048605e-05, -0.000367861357518, 0.000369594519725, -0.000454603694379, 0.00047220394481, -0.000153225380927, 0.000340472382959], [7.09576079316e-06, 0.00373996305279, -0.00210315105505, 0.00163082592189, -0.00319231813774, 0.00341266300529, -0.00319965090603, 0.00286411051638, -0.00357354944572, 0.00265534874052, -0.00296880863607, 0.0024384164717, -0.000790348509327], [0.000453941785963, -0.00210315105505, 0.0036911261268, -0.00341446208768, 0.00219085090794, -0.00336513132788, 0.00263725011609, -0.00226460862905, 0.00205705361441, -0.0013267477043, 0.00188703439198, -0.00246673892252, 0.00264826836064], [-0.00067311845487, 0.00163082592189, -0.00341446208768, 0.00673292018473, -0.00352230970748, 0.0015467540361, -0.000794713909272, 0.00210357503965, -0.0026335157454, 0.00117418961599, -0.00158323068172, 0.00235815648921, -0.00391246331856], [0.000415864516981, -0.00319231813774, 0.00219085090794, -0.00352230970748, 0.00725306943059, -0.00268017011695, 0.000166562080267, -0.00273363222368, 0.00328794238158, -0.00339073920622, 0.00362331070937, -0.0011296820594, -0.000115395909233], [-0.000492576218676, 0.00341266300529, -0.00336513132788, 0.0015467540361, -0.00268017011695, 0.00952265132219, -0.00454900925979, 0.00106147862971, -0.00430068606511, 0.00327987736091, -0.00138312380295, 0.000505809555762, 0.000233597005717], [-5.32695048605e-05, -0.00319965090603, 0.00263725011609, -0.000794713909272, 0.000166562080267, -0.00454900925979, 0.00934663135558, -0.00317295151763, 0.00190364941955, -8.17101754365e-05, -0.000803023693152, -0.00323166861199, 0.00283175427467], [-0.000367861357518, 0.00286411051638, -0.00226460862905, 0.00210357503965, -0.00273363222368, 0.00106147862971, -0.00317295151763, 0.0110867889598, -0.00424367468804, -0.000643493898679, -0.00338035216555, 0.00272745639086, -0.00163853669073], [0.000369594519725, -0.00357354944572, 0.00205705361441, -0.0026335157454, 0.00328794238158, -0.00430068606511, 0.00190364941955, -0.00424367468804, 0.0120211141184, -0.0046358872205, 0.00158791837748, 0.000309098191792, -0.00113090313971], [-0.000454603694379, 0.00265534874052, -0.0013267477043, 0.00117418961599, -0.00339073920622, 0.00327987736091, -8.17101754365e-05, -0.000643493898679, -0.0046358872205, 0.0115041742101, -0.00472747115418, -0.003043130273, 0.00315302796662], [0.00047220394481, -0.00296880863607, 0.00188703439198, -0.00158323068172, 0.00362331070937, -0.00138312380295, -0.000803023693152, -0.00338035216555, 0.00158791837748, -0.00472747115418, 0.0143070509657, -0.00222413614392, -0.00250572920777], [-0.000153225380927, 0.0024384164717, -0.00246673892252, 0.00235815648921, -0.0011296820594, 0.000505809555762, -0.00323166861199, 0.00272745639086, 0.000309098191792, -0.003043130273, -0.00222413614392, 0.0148547738791, -0.00689590815455], [0.000340472382959, -0.000790348509327, 0.00264826836064, -0.00391246331856, -0.000115395909233, 0.000233597005717, 0.00283175427467, -0.00163853669073, -0.00113090313971, 0.00315302796662, -0.00250572920777, -0.00689590815455, 0.0164627507329]]
    },
    "melbands": {
        "dmean": [5.5939774029e-05, 0.000304029439576, 0.00027635609149, 0.000130498519866, 0.000161314426805, 7.32552362024e-05, 0.000152802254888, 0.000263529305812, 0.000227397074923, 0.000139702300658, 7.29649036657e-05, 0.000123356148833, 6.22254883638e-05, 4.9766174925e-05, 2.95042464131e-05, 4.10736829508e-05, 4.15304821217e-05, 3.41915765603e-05, 3.6412897316e-05, 3.52441493305e-05, 1.9106291802e-05, 1.54078661581e-05, 2.02823302971e-05, 1.40038373502e-05, 1.06292291093e-05, 1.19246087706e-05, 1.30608259497e-05, 9.12275754672e-06, 5.06672904521e-06, 5.83735163673e-06, 5.1582778724e-06, 4.76748982692e-06, 4.8245610742e-06, 4.59014927401e-06, 3.38231711794e-06, 3.10192376674e-06, 2.84647580884e-06, 2.14296028389e-06, 2.01939110411e-06, 1.3653231008e-06],
        "dmean2": [8.09903649497e-05, 0.000432634697063, 0.000423294928623, 0.000202823270229, 0.000254131184192, 0.000116715309559, 0.000253517442616, 0.000409279193264, 0.000336261146003, 0.000214297309867, 0.000109255197458, 0.000176801855559, 8.89566945261e-05, 7.21180986147e-05, 4.31164189649e-05, 6.59272191115e-05, 6.43700477667e-05, 5.01014037582e-05, 5.491718548e-05, 5.5400923884e-05, 2.87333896267e-05, 2.25666553888e-05, 3.14661810989e-05, 2.1748481231e-05, 1.68554597622e-05, 1.76122266566e-05, 2.05334999919e-05, 1.54162498802e-05, 8.38216146803e-06, 9.16827320907e-06, 8.5170577222e-06, 8.07603555586e-06, 8.20422337711e-06, 7.99648296379e-06, 5.87029489907e-06, 5.25766472492e-06, 4.86732005811e-06, 3.55338056579e-06, 3.40399924426e-06, 2.36535834119e-06],
        "dvar": [1.34015074593e-08, 3.92771880797e-07, 3.66606570879e-07, 8.51549231129e-08, 1.75286899662e-07, 3.69080659368e-08, 1.20576075346e-07, 3.72207523469e-07, 4.78381764424e-07, 3.17856802212e-07, 6.4548238754e-08, 9.70230829012e-08, 1.99064178474e-08, 3.06202316835e-08, 7.74126895919e-09, 9.85834613942e-09, 1.08454338843e-08, 5.79915804266e-09, 5.32218136229e-09, 4.26141033572e-09, 1.25822041674e-09, 7.53787199326e-10, 1.14334708368e-09, 9.10062969428e-10, 3.07907171981e-10, 2.98076646699e-10, 5.12625497606e-10, 2.9330277096e-10, 1.08560986589e-10, 1.68366681708e-10, 1.2469225652e-10, 8.30135196694e-11, 1.24044594041e-10, 1.27073282452e-10, 5.98492852499e-11, 5.62589870523e-11, 5.50263307142e-11, 3.65498672994e-11, 2.64963138236e-11, 1.29946565661e-11],
        "dvar2": [2.43111415443e-08, 7.77161460519e-07, 8.16320095964e-07, 1.93459612774e-07, 4.44446612846e-07, 9.3435730264e-08, 3.18204911309e-07, 8.99564895462e-07, 1.04421803826e-06, 6.39481129383e-07, 1.22684355119e-07, 1.84619679544e-07, 3.62803760368e-08, 5.4344628353e-08, 1.49401344629e-08, 2.55398457938e-08, 2.40533850615e-08, 1.30002044685e-08, 1.15647518228e-08, 1.03079500491e-08, 2.80731549118e-09, 1.56439849963e-09, 2.67794986186e-09, 2.10465200823e-09, 7.76915087819e-10, 7.04602376445e-10, 1.3491184836e-09, 7.81153808305e-10, 2.82371237503e-10, 3.82787718189e-10, 3.06399822181e-10, 2.19186530037e-10, 3.33245042672e-10, 3.45967726689e-10, 1.59112945042e-10, 1.27233210079e-10, 1.26199592443e-10, 8.49525796931e-11, 6.07035949285e-11, 3.19787425707e-11],
        "max": [0.00154469581321, 0.00802311394364, 0.009496698156, 0.00448373379186, 0.00408656336367, 0.00434872042388, 0.003321521217, 0.00734546547756, 0.00954194460064, 0.0109115438536, 0.0046918336302, 0.00774233974516, 0.00285267014988, 0.00564060499892, 0.00257477979176, 0.00152416585479, 0.00147865049075, 0.00118884409312, 0.00105688534677, 0.000644990708679, 0.000696360773873, 0.00063109799521, 0.00035789742833, 0.000420168740675, 0.000214075029362, 0.000196336724912, 0.000291848060442, 0.000164162658621, 0.00010247764294, 0.000179552298505, 0.000144102101331, 7.1016511356e-05, 0.000124989819597, 0.00012406949827, 6.52839298709e-05, 0.000127573963255, 0.000111098102934, 7.93836879893e-05, 7.28887098376e-05, 5.75867670705e-05],
        "mean": [0.000179824361112, 0.000864593836013, 0.000559899839573, 0.00017700875469, 0.000180110422662, 9.14181146072e-05, 0.000165591627592, 0.000287786970148, 0.000303104548948, 0.000191827493836, 0.000113165988296, 0.000202068971703, 9.83125719358e-05, 6.49649155093e-05, 4.44322795374e-05, 5.83807886869e-05, 5.7791981817e-05, 5.12729711772e-05, 5.71213604417e-05, 4.59650218545e-05, 2.88692135655e-05, 2.60475644609e-05, 3.25706569129e-05, 2.07986358873e-05, 1.57383728947e-05, 2.07646335184e-05, 2.02842929866e-05, 1.19391816042e-05, 6.87338751959e-06, 7.33897331884e-06, 5.67391771256e-06, 5.36771494808e-06, 5.0116714192e-06, 4.49339358966e-06, 3.37247320203e-06, 3.04763102577e-06, 2.76687933365e-06, 2.36789560404e-06, 2.10076814255e-06, 1.30116666242e-06],
        "median": [2.90965272143e-05, 0.000370502268197, 0.000194448497496, 6.16712932242e-05, 5.40341934538e-05, 3.95444585592e-05, 5.91402676946e-05, 7.314269169e-05, 5.44851500308e-05, 4.11309702031e-05, 3.34176511387e-05, 5.90810705035e-05, 2.61494151346e-05, 1.59805495059e-05, 1.22088822536e-05, 1.55734123837e-05, 1.52871070895e-05, 1.33079302032e-05, 1.79723519977e-05, 1.25213528008e-05, 1.06065981527e-05, 1.03416523416e-05, 1.07626165118e-05, 7.40453560866e-06, 7.12908104106e-06, 7.7691001934e-06, 6.30118347544e-06, 2.44189823206e-06, 1.29586362618e-06, 1.23402162444e-06, 1.21037669487e-06, 1.16206672374e-06, 1.02616797903e-06, 9.78309003585e-07, 5.3335247685e-07, 3.29421709466e-07, 2.611997445e-07, 2.3379706704e-07, 2.1947124651e-07, 1.28097553898e-07],
        "min": [2.01487928564e-08, 6.7409729354e-08, 1.43584074408e-07, 1.90097054542e-07, 5.68545566182e-08, 1.23422836396e-07, 4.82313225802e-07, 3.31138068077e-07, 1.4801820214e-07, 1.15528607125e-07, 1.80122754045e-07, 8.71709957551e-08, 4.8413983933e-08, 1.28296534285e-07, 1.05940117123e-07, 2.28302194927e-08, 3.95501125183e-08, 4.44743655237e-08, 6.92107846589e-08, 6.82849901068e-08, 2.80903655892e-08, 2.59165595651e-08, 1.59182924619e-08, 1.29999264686e-08, 2.57664733994e-08, 8.24219537066e-09, 5.48665157751e-09, 6.54838983039e-09, 3.63561980521e-09, 4.01921429471e-09, 2.32203190009e-09, 1.84835635686e-09, 9.30360399831e-10, 6.93612445257e-10, 5.84571446804e-10, 6.71092556526e-11, 2.17635381938e-10, 1.68283220692e-10, 1.05045493137e-10, 6.16397419217e-11],
