{
"highlevel": {
    "danceability": {
        "all": {
            "danceable": 0.999973595142,
            "not_danceable": 2.64226327999e-05
        },
        "probability": 0.999973595142,
        "value": "danceable"
    },
    "gender": {
        "all": {
            "female": 0.171268582344,
            "male": 0.828731417656
        },
        "probability": 0.828731417656,
        "value": "male"
    },
    "genre_dortmund": {
        "all": {
            "alternative": 0.0129206441343,
            "blues": 0.0337247438729,
            "electronic": 0.0279591176659,
            "folkcountry": 0.0279741380364,
            "funksoulrnb": 0.0282367896289,
            "jazz": 0.0334067679942,
            "pop": 0.060359980911,
            "raphiphop": 0.759414792061,
            "rock": 0.0160030070692
        },
        "probability": 0.759414792061,
        "value": "raphiphop"
    },
    "genre_electronic": {
        "all": {
            "ambient": 0.188783615828,
            "dnb": 0.454240888357,
            "house": 0.290746420622,
            "techno": 0.019359536469,
            "trance": 0.0468695275486
        },
        "probability": 0.454240888357,
        "value": "dnb"
    },
    "genre_rosamerica": {
        "all": {
            "cla": 0.00769579131156,
            "dan": 0.063745893538,
            "hip": 0.212895095348,
            "jaz": 0.0105828698725,
            "pop": 0.512712478638,
            "rhy": 0.151058405638,
            "roc": 0.0318625457585,
            "spe": 0.00944690406322
        },
        "probability": 0.512712478638,
        "value": "pop"
    },
    "genre_tzanetakis": {
        "all": {
            "blu": 0.0560735687613,
            "cla": 0.0420219153166,
            "cou": 0.0840230807662,
            "dis": 0.084015622735,
            "hip": 0.0672117620707,
            "jaz": 0.336077868938,
            "met": 0.0672530531883,
            "pop": 0.0672363117337,
            "reg": 0.0840377435088,
            "roc": 0.11204906553
        },
        "probability": 0.336077868938,
        "value": "jaz"
    },
    "ismir04_rhythm": {
        "all": {
            "ChaChaCha": 0.0367078743875,
            "Jive": 0.0287818070501,
            "Quickstep": 0.0845463722944,
            "Rumba-American": 0.00720404973254,
            "Rumba-International": 0.171766117215,
            "Rumba-Misc": 0.0213037487119,
            "Samba": 0.608317494392,
            "Tango": 0.00872305501252,
            "VienneseWaltz": 0.017302505672,
            "Waltz": 0.0153469759971
        },
        "probability": 0.608317494392,
        "value": "Samba"
    },
    "mood_acoustic": {
        "all": {
            "acoustic": 0.113664470613,
            "not_acoustic": 0.886335551739
        },
        "probability": 0.886335551739,
        "value": "not_acoustic"
    },
    "mood_aggressive": {
        "all": {
            "aggressive": 0.0168252177536,
            "not_aggressive": 0.983174800873
        },
        "probability": 0.983174800873,
        "value": "not_aggressive"
    },
    "mood_electronic": {
        "all": {
            "electronic": 0.676701843739,
            "not_electronic": 0.323298156261
        },
        "probability": 0.676701843739,
        "value": "electronic"
    },
    "mood_happy": {
        "all": {
            "happy": 0.829831361771,
            "not_happy": 0.170168653131
        },
        "probability": 0.829831361771,
        "value": "happy"
    },
    "mood_party": {
        "all": {
            "not_party": 0.435663759708,
            "party": 0.564336240292
        },
        "probability": 0.564336240292,
        "value": "party"
    },
    "mood_relaxed": {
        "all": {
            "not_relaxed": 0.977357149124,
            "relaxed": 0.0226428322494
        },
        "probability": 0.977357149124,
        "value": "not_relaxed"
    },
    "mood_sad": {
        "all": {
            "not_sad": 0.859340727329,
            "sad": 0.140659272671
        },
        "probability": 0.859340727329,
        "value": "not_sad"
    },
    "moods_mirex": {
        "all": {
            "Cluster1": 0.223155930638,
            "Cluster2": 0.39193469286,
            "Cluster3": 0.109582617879,
            "Cluster4": 0.197245374322,
            "Cluster5": 0.0780813992023
        },
        "probability": 0.39193469286,
        "value": "Cluster2"
    },
    "timbre": {
        "all": {
            "bright": 0.994095861912,
            "dark": 0.00590414134786
        },
        "probability": 0.994095861912,
        "value": "bright"
    },
    "tonal_atonal": {
        "all": {
            "atonal": 0.963805675507,
            "tonal": 0.0361943170428
        },
        "probability": 0.963805675507,
        "value": "atonal"
    },
    "voice_instrumental": {
        "all": {
            "instrumental": 0.0939702838659,
            "voice": 0.906029701233
        },
        "probability": 0.906029701233,
        "value": "voice"
    }
},
"lowlevel": {
    "average_loudness": 0.979994416237,
    "barkbands_crest": {
        "dmean": 3.09062099457,
        "dmean2": 4.90701580048,
        "dvar": 8.88356399536,
        "dvar2": 21.0942687988,
        "max": 25.3063545227,
        "mean": 13.2180490494,
        "median": 12.8814630508,
        "min": 2.93256306648,
        "var": 24.3718948364
    },
    "barkbands_flatness_db": {
        "dmean": 0.0338316373527,
        "dmean2": 0.0488821566105,
        "dvar": 0.00131211907137,
        "dvar2": 0.00265627726912,
        "max": 0.409194290638,
        "mean": 0.184955865145,
        "median": 0.180969506502,
        "min": 0.0352737382054,
        "var": 0.00355128175579
    },
    "barkbands_kurtosis": {
        "dmean": 5.96459341049,
        "dmean2": 9.64441490173,
        "dvar": 351.540802002,
        "dvar2": 898.152038574,
        "max": 235.605484009,
        "mean": 6.25415563583,
        "median": 1.51030635834,
        "min": -1.80284559727,
        "var": 351.395141602
    },
    "barkbands_skewness": {
        "dmean": 0.797309696674,
        "dmean2": 1.20642793179,
        "dvar": 1.3139923811,
        "dvar2": 2.95350575447,
        "max": 13.3715286255,
        "mean": 1.6837618351,
        "median": 1.34184098244,
        "min": -3.93753314018,
        "var": 2.90117311478
    },
    "barkbands_spread": {
        "dmean": 10.278629303,
        "dmean2": 15.6234130859,
        "dvar": 166.549697876,
        "dvar2": 367.326629639,
        "max": 106.132072449,
        "mean": 28.7740535736,
        "median": 23.6895160675,
        "min": 0.767699480057,
        "var": 368.597167969
    },
    "dissonance": {
        "dmean": 0.0273570753634,
        "dmean2": 0.044939622283,
        "dvar": 0.000802122056484,
        "dvar2": 0.00222209445201,
        "max": 0.499987691641,
        "mean": 0.446850806475,
        "median": 0.459548056126,
        "min": 0.214997604489,
        "var": 0.00193146965466
    },
    "dynamic_complexity": 2.47565364838,
    "erbbands_crest": {
        "dmean": 3.13881468773,
        "dmean2": 4.89817857742,
        "dvar": 8.30457019806,
        "dvar2": 19.6332569122,
        "max": 28.0083084106,
        "mean": 10.6676301956,
        "median": 9.85131454468,
        "min": 2.70007538795,
        "var": 20.5618476868
    },
    "erbbands_flatness_db": {
        "dmean": 0.0267968755215,
        "dmean2": 0.0347533598542,
        "dvar": 0.000657762691844,
        "dvar2": 0.00111661781557,
        "max": 0.305263668299,
        "mean": 0.169774919748,
        "median": 0.170033380389,
        "min": 0.0522998794913,
        "var": 0.00273043569177
    },
    "erbbands_kurtosis": {
        "dmean": 1.65479874611,
        "dmean2": 2.47375631332,
        "dvar": 5.41688013077,
        "dvar2": 10.9352397919,
        "max": 35.81690979,
        "mean": 1.70765542984,
        "median": 0.461684465408,
        "min": -1.84130716324,
        "var": 13.6043024063
    },
    "erbbands_skewness": {
        "dmean": 0.507920563221,
        "dmean2": 0.735748827457,
        "dvar": 0.243353396654,
        "dvar2": 0.506999254227,
        "max": 4.55581235886,
        "mean": 0.278340667486,
        "median": 0.329339444637,
        "min": -3.52606081963,
        "var": 1.25614774227
    },
    "erbbands_spread": {
        "dmean": 13.7353878021,
        "dmean2": 19.4237957001,
        "dvar": 276.599243164,
        "dvar2": 567.907958984,
        "max": 149.926559448,
        "mean": 38.9713287354,
        "median": 32.4507789612,
        "min": 3.68337631226,
        "var": 630.32244873
    },
    "hfc": {
        "dmean": 17.9286975861,
        "dmean2": 25.9200897217,
        "dvar": 1051.4152832,
        "dvar2": 2261.53881836,
        "max": 260.711975098,
        "mean": 31.382358551,
        "median": 21.022693634,
        "min": 0.136677488685,
        "var": 1380.59082031
    },
    "melbands_crest": {
        "dmean": 3.71125340462,
        "dmean2": 5.73138237,
        "dvar": 14.8410301208,
        "dvar2": 33.3877983093,
        "max": 38.6639823914,
        "mean": 20.3886947632,
        "median": 19.7395000458,
        "min": 3.92530441284,
        "var": 57.9684715271
    },
    "melbands_flatness_db": {
        "dmean": 0.0397106558084,
        "dmean2": 0.0573122240603,
        "dvar": 0.00190078211017,
        "dvar2": 0.00404681637883,
        "max": 0.499687939882,
        "mean": 0.232546135783,
        "median": 0.226218685508,
        "min": 0.0428894646466,
        "var": 0.00586013356224
    },
    "melbands_kurtosis": {
        "dmean": 15.9346418381,
        "dmean2": 26.2991161346,
        "dvar": 2031.15600586,
        "dvar2": 5146.55224609,
        "max": 580.426940918,
        "mean": 20.928850174,
        "median": 7.28544235229,
        "min": -1.79702103138,
        "var": 2322.9465332
    },
    "melbands_skewness": {
        "dmean": 1.19058406353,
        "dmean2": 1.839802742,
        "dvar": 2.96741104126,
        "dvar2": 6.58599328995,
        "max": 20.135881424,
        "mean": 3.08676838875,
        "median": 2.42330098152,
        "min": -2.03417539597,
        "var": 6.61865568161
    },
    "melbands_spread": {
        "dmean": 10.6541118622,
        "dmean2": 16.3626651764,
        "dvar": 246.657745361,
        "dvar2": 573.010681152,
        "max": 234.943572998,
        "mean": 26.6332740784,
        "median": 20.4865322113,
        "min": 0.459741026163,
        "var": 547.754577637
    },
    "pitch_salience": {
        "dmean": 0.0852689966559,
        "dmean2": 0.135947585106,
        "dvar": 0.0079895472154,
        "dvar2": 0.0182347688824,
        "max": 0.82260286808,
        "mean": 0.434583574533,
        "median": 0.426590889692,
        "min": 0.0427514910698,
        "var": 0.0221733208746
    },
    "silence_rate_20dB": {
        "dmean": 0,
        "dmean2": 0,
        "dvar": 0,
        "dvar2": 0,
        "max": 1,
        "mean": 1,
        "median": 1,
        "min": 1,
        "var": 0
    },
    "silence_rate_30dB": {
        "dmean": 0.0247678011656,
        "dmean2": 0.0495739728212,
        "dvar": 0.0241548549384,
        "dvar2": 0.0595090985298,
        "max": 1,
        "mean": 0.977571547031,
        "median": 1,
        "min": 0,
        "var": 0.0219257585704
    },
    "silence_rate_60dB": {
        "dmean": 0.0263157896698,
        "dmean2": 0.0526723451912,
        "dvar": 0.025623684749,
        "dvar2": 0.0607429891825,
        "max": 1,
        "mean": 0.0293890181929,
        "median": 0,
        "min": 0,
        "var": 0.0285248570144
    },
    "spectral_centroid": {
        "dmean": 358.973449707,
        "dmean2": 544.385864258,
        "dvar": 185942.53125,
        "dvar2": 434691.21875,
        "max": 5411.40917969,
        "mean": 1657.49511719,
        "median": 1571.14477539,
        "min": 296.95425415,
        "var": 570532.4375
    },
    "spectral_complexity": {
        "dmean": 5.1215171814,
        "dmean2": 7.42834997177,
        "dvar": 44.1113700867,
        "dvar2": 85.1013793945,
        "max": 53,
        "mean": 15.1291570663,
        "median": 14,
        "min": 0,
        "var": 85.741317749
    },
    "spectral_decrease": {
        "dmean": 3.34831851134e-09,
        "dmean2": 5.22326804031e-09,
        "dvar": 2.34577982701e-17,
        "dvar2": 5.37135884985e-17,
        "max": -4.33951347079e-11,
        "mean": -9.12419384491e-09,
        "median": -7.6489374834e-09,
        "min": -4.3174001263e-08,
        "var": 4.4782612069e-17
    },
    "spectral_energy": {
        "dmean": 0.0135876294225,
        "dmean2": 0.0210998635739,
        "dvar": 0.000379616918508,
        "dvar2": 0.000833516533021,
        "max": 0.164130881429,
        "mean": 0.0372832454741,
        "median": 0.0311228781939,
        "min": 0.000199968126253,
        "var": 0.000731004984118
    },
    "spectral_energyband_high": {
        "dmean": 0.00158834119793,
        "dmean2": 0.0023214048706,
        "dvar": 9.41454709391e-06,
        "dvar2": 1.97315275727e-05,
        "max": 0.0220891460776,
        "mean": 0.0019867499359,
        "median": 0.000672544818372,
        "min": 6.84539088525e-07,
        "var": 1.22641076814e-05
    },
    "spectral_energyband_low": {
        "dmean": 0.00748672522604,
        "dmean2": 0.0118937427178,
        "dvar": 0.000245463539613,
        "dvar2": 0.000591267016716,
        "max": 0.150956183672,
        "mean": 0.0190597996116,
        "median": 0.0156162166968,
        "min": 1.02385371292e-07,
        "var": 0.000468421523692
    },
    "spectral_energyband_middle_high": {
        "dmean": 0.00229217205197,
        "dmean2": 0.00338587886654,
        "dvar": 9.74391150521e-06,
        "dvar2": 2.30390887737e-05,
        "max": 0.0320509187877,
        "mean": 0.00546446349472,
        "median": 0.00450783455744,
        "min": 2.25913936447e-05,
        "var": 2.16445769183e-05
    },
    "spectral_energyband_middle_low": {
        "dmean": 0.00624237349257,
        "dmean2": 0.00989314727485,
        "dvar": 0.000147340877447,
        "dvar2": 0.000368743552826,
        "max": 0.130982026458,
        "mean": 0.0106730917469,
        "median": 0.00669771339744,
        "min": 6.0675189161e-05,
        "var": 0.000191401559277
    },
    "spectral_entropy": {
        "dmean": 0.283494353294,
        "dmean2": 0.37892472744,
        "dvar": 0.0780380666256,
        "dvar2": 0.14578820765,
        "max": 8.83068656921,
        "mean": 7.47933530807,
        "median": 7.42836046219,
        "min": 6.06893539429,
        "var": 0.266900897026
    },
    "spectral_flux": {
        "dmean": 0.0399683006108,
        "dmean2": 0.062046289444,
        "dvar": 0.00193099991884,
        "dvar2": 0.00410694908351,
        "max": 0.359832644463,
        "mean": 0.0968391820788,
        "median": 0.0811842381954,
        "min": 0.00771394465119,
        "var": 0.0038367731031
    },
    "spectral_kurtosis": {
        "dmean": 1.7230848074,
        "dmean2": 2.55202317238,
        "dvar": 3.32912945747,
        "dvar2": 7.34005403519,
        "max": 22.8829288483,
        "mean": 3.82241106033,
        "median": 3.35716772079,
        "min": -1.07588553429,
        "var": 8.13637447357
    },
    "spectral_rms": {
        "dmean": 0.00105234247167,
        "dmean2": 0.00157438078895,
        "dvar": 1.76738137725e-06,
        "dvar2": 3.43291458194e-06,
        "max": 0.0126541573554,
        "mean": 0.00564700178802,
        "median": 0.00551033439115,
        "min": 0.000441690906882,
        "var": 4.48526225227e-06
    },
    "spectral_rolloff": {
        "dmean": 969.560668945,
        "dmean2": 1670.88171387,
        "dvar": 3171589.25,
        "dvar2": 8059805,
        "max": 13178.3203125,
        "mean": 1776.04858398,
        "median": 990.52734375,
        "min": 43.06640625,
        "var": 4246240
    },
    "spectral_skewness": {
        "dmean": 0.288721710443,
        "dmean2": 0.416622012854,
        "dvar": 0.0746812596917,
        "dvar2": 0.161645203829,
        "max": 3.76148462296,
        "mean": 1.48521411419,
        "median": 1.47051787376,
        "min": 0.0800810009241,
        "var": 0.246962919831
    },
    "spectral_spread": {
        "dmean": 1171332.5,
        "dmean2": 1549162.375,
        "dvar": 1.996341248e+12,
        "dvar2": 3.6789443625e+12,
        "max": 15572497,
        "mean": 5588853,
        "median": 5096111,
        "min": 1995118.375,
        "var": 5.09449234022e+12
    },
    "spectral_strongpeak": {
        "dmean": 0.391545951366,
        "dmean2": 0.658260762691,
        "dvar": 0.538748502731,
        "dvar2": 1.34138655663,
        "max": 6.48562288284,
        "mean": 0.77673637867,
        "median": 0.421545863152,
        "min": 0,
        "var": 0.768841683865
    },
    "zerocrossingrate": {
        "dmean": 0.01734947972,
        "dmean2": 0.0190388076007,
        "dvar": 0.000413116300479,
        "dvar2": 0.000453176879091,
        "max": 0.45751953125,
        "mean": 0.0641234517097,
        "median": 0.0556640625,
        "min": 0.001953125,
        "var": 0.00222389632836
    },
    "barkbands": {
        "dmean": [0.00161845725961, 0.00665639480576, 0.0010738769779, 0.00110986316577, 0.00308122811839, 0.000452479667729, 0.00141104543582, 0.00116421212442, 0.000927423534449, 0.000341354199918, 0.000570230302401, 0.00037508708192, 0.000318244623486, 0.000343938270817, 0.000315681303618, 0.000343804393196, 0.000338999700034, 0.000448551902082, 0.000271857803455, 0.0002752103901, 0.00021160520555, 0.000271773227723, 0.000182987190783, 0.000296441052342, 0.000383614038583, 0.000261287263129, 3.45401701907e-07],
        "dmean2": [0.00256550498307, 0.0107790026814, 0.00187320716213, 0.00195154291578, 0.00496035534889, 0.000774285232183, 0.00223861075938, 0.00178267119918, 0.0013008066453, 0.00051464070566, 0.000790545775089, 0.000577040365897, 0.000509455101565, 0.000533601560164, 0.000479254027596, 0.00057450827444, 0.000544845068362, 0.000723052769899, 0.000456954265246, 0.000431360327639, 0.00033369610901, 0.000410432490753, 0.000269544689218, 0.000434553192463, 0.000572782650124, 0.000397028925363, 6.17249327206e-07],
        "dvar": [9.90531589196e-06, 0.000213841005461, 1.79721100722e-05, 1.74569668161e-05, 7.08292645868e-05, 2.23039342018e-06, 6.92169442118e-06, 5.65022992305e-06, 3.23794370161e-06, 5.91406546846e-07, 1.10652945295e-06, 6.35548531136e-07, 6.64363312808e-07, 6.27476197224e-07, 4.56646120028e-07, 7.42690076549e-07, 4.51884403674e-07, 6.63543630708e-07, 3.33849925482e-07, 2.24063256837e-07, 1.36686367114e-07, 2.63861664962e-07, 1.47566936448e-07, 4.0739536189e-07, 9.22495814848e-07, 5.69780979731e-07, 3.29878290482e-12],
        "dvar2": [2.37975618802e-05, 0.000569447060116, 4.81321003463e-05, 4.68130419904e-05, 0.000180613264092, 5.91374146097e-06, 1.6607616999e-05, 1.19593742056e-05, 6.25514758212e-06, 1.26196414385e-06, 2.12630811802e-06, 1.54905978889e-06, 1.67448422417e-06, 1.46859929373e-06, 8.43440091103e-07, 2.1110470243e-06, 1.17115178e-06, 1.63236188655e-06, 9.14805866614e-07, 5.3912151543e-07, 3.29032417312e-07, 6.17915759449e-07, 2.74645231002e-07, 8.00380576038e-07, 2.04964089789e-06, 1.33089076826e-06, 9.30590673964e-12],
        "max": [0.0390815101564, 0.12412738055, 0.0444616898894, 0.0508830323815, 0.085079729557, 0.0288112666458, 0.0265977084637, 0.0332767032087, 0.0259233564138, 0.0151869654655, 0.0137778148055, 0.00890799239278, 0.00900883134454, 0.0102163134143, 0.0158390440047, 0.0151497926563, 0.00548308156431, 0.00943551957607, 0.00516913365573, 0.00871239323169, 0.00358508713543, 0.00462580705062, 0.00359934126027, 0.00918455794454, 0.00879637524486, 0.0068608596921, 2.3072851036e-05],
        "mean": [0.00258576427586, 0.0157866422087, 0.000835363462102, 0.00102003593929, 0.00333411036991, 0.000445260753622, 0.00226931320503, 0.00174832122866, 0.00177045492455, 0.00056233687792, 0.000982540543191, 0.000480829476146, 0.000388294283766, 0.000458056107163, 0.000486013334012, 0.000419320567744, 0.000474103697343, 0.000735740119126, 0.000350271526258, 0.00036692712456, 0.000270454329439, 0.000330761744408, 0.000205050673685, 0.000336747296387, 0.000397602299927, 0.000242711976171, 2.20174783294e-07],
        "median": [0.00104462122545, 0.0129430741072, 5.82018474233e-05, 3.41313170793e-05, 0.000521555542946, 8.99771985132e-05, 0.000890993105713, 0.00045400147792, 0.00045244267676, 0.000133122288389, 0.000281770393485, 0.000118337462482, 9.69653192442e-05, 0.000111613233457, 0.00011626855121, 9.24921332626e-05, 0.000108754356916, 0.00012597173918, 7.1216149081e-05, 0.000128052139189, 0.000106179271825, 0.000130680840812, 3.54767180397e-05, 4.75290471513e-05, 4.15836693719e-05, 1.51621752593e-05, 7.83304865415e-10],
        "min": [4.47866099762e-08, 1.24972290294e-08, 1.60103907909e-09, 1.04955946156e-08, 3.01519918366e-07, 1.80997147936e-07, 1.2588205891e-06, 2.82086330117e-06, 1.1780451814e-06, 2.15810842974e-07, 3.05958508307e-07, 4.80010157844e-07, 5.01487988913e-07, 6.77538366745e-07, 4.74458403232e-07, 6.6837213808e-07, 2.15730779018e-07, 2.42012788476e-07, 9.55983381346e-08, 3.29123508891e-07, 8.05190580877e-08, 1.49342227473e-07, 3.20575459511e-08, 4.74180055221e-08, 4.0414082747e-08, 1.01261637964e-10, 8.59372642492e-12],
        "var": [1.81094528671e-05, 0.000336828205036, 1.25277247207e-05, 1.60692652571e-05, 7.44222197682e-05, 1.72489876604e-06, 1.13775131467e-05, 1.15314851428e-05, 7.86409236753e-06, 1.48842764247e-06, 2.84789302896e-06, 9.10034145818e-07, 8.30399926599e-07, 8.49508012379e-07, 1.2991206404e-06, 8.567484997e-07, 6.85680106471e-07, 1.7939968302e-06, 4.20700928316e-07, 3.59895523161e-07, 1.80349246648e-07, 3.00430798461e-07, 2.04080308208e-07, 6.10182894434e-07, 1.0428728956e-06, 5.6924426417e-07, 1.97398000723e-12]
    },
    "erbbands": {
        "dmean": [0.29742822051, 1.17330920696, 1.26234853268, 2.41241812706, 8.88643932343, 10.057929039, 6.53451681137, 3.51529574394, 9.42025661469, 33.7224884033, 22.3684463501, 17.4465694427, 14.5578889847, 15.5655412674, 15.1350212097, 13.7733259201, 14.5436220169, 16.5459728241, 16.9619426727, 16.6962509155, 17.8457050323, 20.4662342072, 24.2994422913, 15.7621679306, 11.5479049683, 13.6347341537, 8.60646629333, 9.02174663544, 9.69305515289, 7.34402132034, 5.21620178223, 5.07246685028, 5.77372646332, 4.23625612259, 2.95422244072, 1.28753817081, 0.4889062047, 0.0345074012876, 0.000702916586306, 5.49987380509e-05],
        "dmean2": [0.471620351076, 1.95067131519, 2.02477359772, 4.31086158752, 14.6580505371, 16.2722301483, 11.5468063354, 5.85760593414, 15.21575737, 52.5231704712, 33.5119400024, 24.8376579285, 20.3394546509, 21.885723114, 21.4060230255, 20.5607967377, 22.5640888214, 24.8946208954, 25.7494888306, 26.4095458984, 29.1632575989, 32.1190223694, 39.3840789795, 26.0689697266, 19.0786209106, 21.6690769196, 12.8354129791, 14.1413269043, 14.9073877335, 11.0716123581, 7.41419315338, 7.49100971222, 8.61100769043, 6.19000864029, 4.52008914948, 1.94229841232, 0.762789130211, 0.0541417486966, 0.00109220633749, 8.25391762191e-05],
        "dvar": [0.483391553164, 7.22530460358, 19.6698436737, 56.9103393555, 1013.28997803, 743.396728516, 369.782012939, 210.739532471, 379.50088501, 3781.01708984, 1920.03344727, 1104.71789551, 1026.90808105, 871.666992188, 844.266357422, 881.917663574, 1386.89782715, 1462.00158691, 1825.92089844, 1650.04492188, 1443.1763916, 1464.88500977, 2042.92468262, 1225.81176758, 541.944396973, 656.48223877, 164.175170898, 334.2996521, 358.906036377, 231.072341919, 112.553924561, 115.889358521, 167.709289551, 99.8934402466, 70.8134078979, 11.2472753525, 2.45529580116, 0.0129351066425, 4.90135516884e-06, 1.83462081083e-08],
        "dvar2": [1.11958348751, 20.3457508087, 48.7869186401, 157.151489258, 2861.09472656, 1867.21704102, 1032.75561523, 573.994506836, 925.719421387, 8839.80664062, 3860.99072266, 2088.83789062, 2005.93762207, 1711.52441406, 1642.45239258, 2136.18579102, 3517.70947266, 3263.32910156, 3425.53491211, 4339.55957031, 3632.91601562, 3531.94116211, 5203.06640625, 3320.47802734, 1438.95654297, 1610.20019531, 362.383575439, 851.056091309, 856.639831543, 494.539031982, 217.398666382, 222.421600342, 342.784576416, 209.696090698, 170.441680908, 25.4770412445, 5.94092845917, 0.0299441646785, 1.1429818187e-05, 4.25031707607e-08],
        "max": [7.33650493622, 22.4116859436, 52.8094940186, 73.7267608643, 363.974975586, 267.865081787, 156.264862061, 329.812072754, 316.52545166, 533.117248535, 647.444213867, 421.8253479, 488.076202393, 563.721008301, 373.407623291, 415.334075928, 416.785125732, 545.628173828, 997.342346191, 885.295410156, 431.470550537, 413.232391357, 437.084381104, 329.758270264, 318.536712646, 519.043029785, 112.136398315, 166.603713989, 214.01348877, 170.236679077, 103.269927979, 190.902374268, 128.125091553, 81.6342086792, 84.9728317261, 34.0811042786, 12.6629915237, 1.1633452177, 0.0228485353291, 0.00139097298961],
        "mean": [0.72135001421, 2.45774817467, 1.51382482052, 2.14085698128, 8.88178157806, 10.8088932037, 6.00430631638, 3.8626947403, 15.270483017, 50.8108139038, 41.6350021362, 33.5005302429, 25.4853572845, 29.2296104431, 27.4350357056, 19.055973053, 18.9418315887, 23.9414825439, 24.8011207581, 23.7523117065, 24.9415035248, 34.4784889221, 39.9240455627, 20.4602336884, 15.8299770355, 18.3145122528, 12.113363266, 10.8103199005, 12.2027664185, 8.25755310059, 5.67514324188, 5.79866743088, 6.3858628273, 4.56470632553, 2.87182164192, 1.27638149261, 0.423566132784, 0.0302121639252, 0.000640213489532, 8.23455484351e-05],
        "median": [0.445062339306, 1.59771597385, 0.31231713295, 0.14488504827, 0.651497542858, 1.95306181908, 1.00481200218, 0.965819656849, 5.98320531845, 19.0471687317, 11.4787158966, 10.660068512, 8.28200626373, 12.1460094452, 8.81187057495, 5.10569143295, 5.08373403549, 6.89698553085, 6.97706270218, 6.86748218536, 6.11551856995, 8.30571937561, 7.35367679596, 4.55303049088, 4.81701231003, 6.31543540955, 5.32085371017, 3.95925092697, 4.82693862915, 2.27073979378, 0.843115508556, 0.757674694061, 0.90530526638, 0.461602687836, 0.281660676003, 0.107042960823, 0.0199634842575, 0.00106602103915, 4.65008852188e-05, 4.13159614254e-05],
        "min": [1.60420586326e-06, 1.61099058005e-06, 8.39474250824e-06, 0.000102317921119, 0.000674965034705, 0.00158715480939, 0.000967580766883, 0.00401489110664, 0.0356450043619, 0.0559729970992, 0.118899047375, 0.0505032464862, 0.0210252068937, 0.0206220950931, 0.0328109972179, 0.030764143914, 0.0257246978581, 0.0296032726765, 0.0573315732181, 0.0260587763041, 0.0391981825233, 0.0196540188044, 0.0147657962516, 0.00554125895724, 0.0100812539458, 0.0177039392292, 0.00709793297574, 0.00198435783386, 0.00563581893221, 0.00292038614862, 0.000972723239101, 0.000336563709425, 0.00106288772076, 0.000633518386167, 0.000159262053785, 7.77516925154e-06, 2.63503693532e-06, 2.43130756417e-07, 1.35630656928e-07, 2.3508428626e-07],
        "var": [0.89988809824, 9.33690166473, 17.0492687225, 44.9349060059, 923.306152344, 708.335144043, 261.603759766, 151.758163452, 602.470581055, 6133.96728516, 4927.45019531, 2821.93432617, 2284.85913086, 2221.64233398, 2173.33691406, 1339.59643555, 1767.72485352, 2219.96142578, 3966.2355957, 2360.29199219, 2124.84521484, 3183.77612305, 4853.61621094, 1439.56994629, 675.667114258, 958.241271973, 292.176574707, 363.06930542, 404.291442871, 276.946746826, 153.905227661, 181.98034668, 227.187957764, 127.493667603, 67.2726135254, 12.1096878052, 2.24426913261, 0.0123786572367, 4.68832968181e-06, 1.95582146034e-08]
    },
    "gfcc": {
        "mean": [-1.45755648613, 64.4366607666, -113.2059021, 31.2156085968, -63.6084136963, 23.901134491, -28.4382648468, 30.2273273468, -14.2273483276, 18.44962883, -13.4350948334, 5.1516122818, -5.11516571045],
        "cov": [[4698.11865234, -1050.14575195, 629.777893066, 517.241516113, -1.80365371704, 171.941604614, -410.438995361, 0.985386788845, -318.103240967, -58.5341300964, -322.680877686, 52.5233230591, -267.015228271], [-1050.14575195, 1552.97399902, 42.2064399719, -171.753997803, 119.3983078, 130.100311279, 360.795166016, -111.73500061, 193.901550293, 49.6028518677, 214.528152466, -89.5695953369, 236.487762451], [629.777893066, 42.2064399719, 1458.98376465, 399.356903076, 102.803855896, 280.247344971, -18.6032218933, 47.2110176086, 38.5258216858, 41.6720161438, -38.9259910583, 43.3501167297, -4.96002149582], [517.241516113, -171.753997803, 399.356903076, 806.091918945, 470.431396484, 0.216187894344, -92.239654541, 180.79397583, 178.722824097, 53.2579231262, -8.36505889893, 61.6193695068, 25.2990837097], [-1.80365371704, 119.3983078, 102.803855896, 470.431396484, 907.866516113, 180.135848999, 14.6719093323, 270.595092773, 272.803894043, 111.479270935, 52.6241340637, 75.9608001709, 21.2082519531], [171.941604614, 130.100311279, 280.247344971, 0.216187894344, 180.135848999, 421.75390625, 168.485565186, 27.103717804, 55.9882583618, 77.2421722412, 58.4297981262, 16.2333641052, 16.272895813], [-410.438995361, 360.795166016, -18.6032218933, -92.239654541, 14.6719093323, 168.485565186, 491.729644775, 167.097488403, 70.8278274536, 69.1471328735, 129.001190186, 53.0966835022, 48.8930892944], [0.985386788845, -111.73500061, 47.2110176086, 180.79397583, 270.595092773, 27.103717804, 167.097488403, 435.317230225, 217.010406494, 79.0089645386, 51.9927940369, 96.4825439453, -13.0913009644], [-318.103240967, 193.901550293, 38.5258216858, 178.722824097, 272.803894043, 55.9882583618, 70.8278274536, 217.010406494, 372.368408203, 161.397125244, 43.6613731384, 19.1609096527, 75.6464920044], [-58.5341300964, 49.6028518677, 41.6720161438, 53.2579231262, 111.479270935, 77.2421722412, 69.1471328735, 79.0089645386, 161.397125244, 193.221054077, 46.3230743408, 12.6460237503, 45.627746582], [-322.680877686, 214.528152466, -38.9259910583, -8.36505889893, 52.6241340637, 58.4297981262, 129.001190186, 51.9927940369, 43.6613731384, 46.3230743408, 179.698425293, 47.7544403076, 41.2747001648], [52.5233230591, -89.5695953369, 43.3501167297, 61.6193695068, 75.9608001709, 16.2333641052, 53.0966835022, 96.4825439453, 19.1609096527, 12.6460237503, 47.7544403076, 150.545089722, 2.74654984474], [-267.015228271, 236.487762451, -4.96002149582, 25.2990837097, 21.2082519531, 16.272895813, 48.8930892944, -13.0913009644, 75.6464920044, 45.627746582, 41.2747001648, 2.74654984474, 158.508010864]],
        "icov": [[0.000415547576267, -0.000221268477617, 0.000124105310533, -0.000524575763848, 0.000368670502212, -0.000646558997687, 0.000563737121411, -0.000577036000323, 0.00086236721836, -0.000623835949227, 0.000817441032268, -0.00036828397424, 0.00047479144996], [-0.000221268477617, 0.0023464509286, -0.000752942403778, 0.00130985747091, -0.00137312477455, 0.00149364536628, -0.00231053377502, 0.00247695390135, -0.00254480936565, 0.00219403882511, -0.00243006483652, 0.00185965246055, -0.00197504879907], [0.000124105310533, -0.000752942403778, 0.00133505801205, -0.00124175020028, 0.000983157777227, -0.00160913844593, 0.0010216019582, -0.00100174162071, 0.00098306837026, -0.000803816656116, 0.00118478189688, -0.000854093814269, 0.000676701427437], [-0.000524575763848, 0.00130985747091, -0.00124175020028, 0.00365593051538, -0.00227901665494, 0.00232944078743, -0.00135015905835, 0.00151717639528, -0.0022794068791, 0.00172913610004, -0.00191572960466, 0.00101115822326, -0.00178134080488], [0.000368670502212, -0.00137312477455, 0.000983157777227, -0.00227901665494, 0.00340322218835, -0.00266633997671, 0.00220127217472, -0.0024184465874, 0.00110353669152, -0.0013611081522, 0.00153372006025, -0.00149187317584, 0.00149548100308], [-0.000646558997687, 0.00149364536628, -0.00160913844593, 0.00232944078743, -0.00266633997671, 0.00605126935989, -0.00348759721965, 0.00313187949359, -0.0023657514248, 0.000986135797575, -0.00261086528189, 0.00160772912204, -0.00117265293375], [0.000563737121411, -0.00231053377502, 0.0010216019582, -0.00135015905835, 0.00220127217472, -0.00348759721965, 0.00633395044133, -0.00471241073683, 0.00358857959509, -0.00275680259801, 0.00132547575049, -0.00192769465502, 0.00113409780897], [-0.000577036000323, 0.00247695390135, -0.00100174162071, 0.00151717639528, -0.0024184465874, 0.00313187949359, -0.00471241073683, 0.0083419252187, -0.00611508078873, 0.00320337014273, -0.00278626126237, -6.47371125524e-05, -7.35578578315e-05], [0.00086236721836, -0.00254480936565, 0.00098306837026, -0.0022794068791, 0.00110353669152, -0.0023657514248, 0.00358857959509, -0.00611508078873, 0.0108078885823, -0.0070199072361, 0.00371476286091, -0.000778291665483, 3.6227851524e-05], [-0.000623835949227, 0.00219403882511, -0.000803816656116, 0.00172913610004, -0.0013611081522, 0.000986135797575, -0.00275680259801, 0.00320337014273, -0.0070199072361, 0.0114273475483, -0.00385744101368, 0.00174736464396, -0.00239472114481], [0.000817441032268, -0.00243006483652, 0.00118478189688, -0.00191572960466, 0.00153372006025, -0.00261086528189, 0.00132547575049, -0.00278626126237, 0.00371476286091, -0.00385744101368, 0.0112815927714, -0.00421226676553, 0.00124215416145], [-0.00036828397424, 0.00185965246055, -0.000854093814269, 0.00101115822326, -0.00149187317584, 0.00160772912204, -0.00192769465502, -6.47371125524e-05, -0.000778291665483, 0.00174736464396, -0.00421226676553, 0.0103383883834, -0.0021730591543], [0.00047479144996, -0.00197504879907, 0.000676701427437, -0.00178134080488, 0.00149548100308, -0.00117265293375, 0.00113409780897, -7.35578578315e-05, 3.6227851524e-05, -0.00239472114481, 0.00124215416145, -0.0021730591543, 0.0103114768863]]
    },
    "melbands": {
        "dmean": [0.00221203360707, 0.000835568935145, 0.000596807396505, 0.000741200114135, 0.000273787009064, 7.89811165305e-05, 0.000184775242815, 0.000354572519427, 0.000177251102286, 0.000118092830235, 7.45952565921e-05, 6.18776830379e-05, 6.74565817462e-05, 3.37202327501e-05, 3.91117137042e-05, 3.64900843124e-05, 3.07326263282e-05, 3.03671113215e-05, 2.26065167226e-05, 2.33448099607e-05, 2.08192705031e-05, 2.28520457313e-05, 2.60881733993e-05, 1.88182275451e-05, 1.28759165818e-05, 9.9182343547e-06, 8.39861058921e-06, 9.75772218226e-06, 6.30465365248e-06, 4.23431629315e-06, 5.81967424296e-06, 5.19262039234e-06, 6.44986721454e-06, 3.39175221598e-06, 2.99443149743e-06, 2.93999642054e-06, 3.34381684297e-06, 3.93113623431e-06, 4.11411474488e-06, 3.47466038875e-06],
        "dmean2": [0.00355293811299, 0.00136549083982, 0.00104878633283, 0.00117452198174, 0.000477313442389, 0.000131164182676, 0.000298192957416, 0.000544465670828, 0.000261172215687, 0.000165474353707, 0.000105108811113, 8.74679972185e-05, 9.36151045607e-05, 5.30899706064e-05, 6.01201536483e-05, 5.67485803913e-05, 4.68665311928e-05, 4.62530260847e-05, 3.49814872607e-05, 3.82597572752e-05, 3.36858174705e-05, 3.57190328941e-05, 4.178621748e-05, 3.10374343826e-05, 2.14698375203e-05, 1.65286928677e-05, 1.36443341034e-05, 1.56112582772e-05, 9.64645278145e-06, 6.5280050876e-06, 9.25832137e-06, 7.77985860623e-06, 1.01473042378e-05, 5.03930141349e-06, 4.28216162618e-06, 4.36671780335e-06, 4.95857284477e-06, 5.86528540225e-06, 6.14083137407e-06, 5.0561916396e-06],
        "dvar": [2.40413792199e-05, 4.85949794893e-06, 4.04133743359e-06, 4.36815707872e-06, 6.36187564851e-07, 8.90074929316e-08, 1.25133411188e-07, 3.91625832208e-07, 1.18832133467e-07, 5.40245892466e-08, 2.61953854164e-08, 1.32509549999e-08, 1.596157162e-08, 6.15354167621e-09, 9.72336522409e-09, 9.18714260223e-09, 5.70122971055e-09, 6.0537450608e-09, 2.27086993654e-09, 4.5380428304e-09, 1.93358351552e-09, 1.86851090156e-09, 2.38154451715e-09, 1.49120626958e-09, 8.70718164236e-10, 4.28106577965e-10, 2.48273290815e-10, 3.36136979362e-10, 9.29280472017e-11, 6.26994914321e-11, 1.47612352897e-10, 8.96412180595e-11, 2.10482048457e-10, 5.71753061562e-11, 4.06088947191e-11, 3.70914410297e-11, 5.69626949776e-11, 7.68317978683e-11, 1.00123236091e-10, 6.8108893525e-11],
        "dvar2": [6.06858739047e-05, 1.11956060209e-05, 1.13558562589e-05, 1.09904140118e-05, 1.76005482899e-06, 2.37770038325e-07, 3.06136087147e-07, 9.09023697204e-07, 2.38757223769e-07, 1.01521258955e-07, 5.12833722155e-08, 2.58401300357e-08, 2.87665375964e-08, 1.52327572778e-08, 2.28219843024e-08, 2.25313350199e-08, 1.27266401861e-08, 1.16848379861e-08, 5.00436492246e-09, 1.28703261382e-08, 4.75218087104e-09, 4.2952503776e-09, 5.69051916699e-09, 3.7592267077e-09, 2.35231301104e-09, 1.13655596046e-09, 6.3737531919e-10, 8.20339296492e-10, 2.07634923144e-10, 1.47559436892e-10, 3.81386533466e-10, 2.02910202529e-10, 5.34602251356e-10, 1.14270308493e-10, 8.07522659851e-11, 7.36238778276e-11, 1.18393045367e-10, 1.57307486481e-10, 2.12810644107e-10, 1.44699405236e-10],
        "max": [0.0475461035967, 0.0257497094572, 0.0235790126026, 0.0217688698322, 0.00676768599078, 0.00661736633629, 0.00427271379158, 0.00484313583001, 0.00537439854816, 0.00287246028893, 0.00240641250275, 0.00211199466139, 0.00183524901513, 0.0011181862792, 0.00117691233754, 0.00123684760183, 0.00109039992094, 0.00173813535366, 0.00068395229755, 0.00134438287932, 0.000480008748127, 0.000489135098178, 0.00055481644813, 0.000342646759236, 0.000279453728581, 0.000219445806579, 0.000213909705053, 0.000364852399798, 0.000107727355498, 7.65467266319e-05, 0.00011230148084, 0.000112572226499, 0.000133778448799, 8.47081173561e-05, 6.6248307121e-05, 9.74663926172e-05, 0.000149968342157, 8.73344397405e-05, 8.99239021237e-05, 7.33446213417e-05],
        "mean": [0.00536079565063, 0.00159747689031, 0.000554290891159, 0.000792302074842, 0.000256390019786, 8.74726756592e-05, 0.000298151746392, 0.00053622253472, 0.000330939103151, 0.000216806292883, 0.000125777398353, 0.000114896574814, 0.000119058269775, 4.47111124231e-05, 4.73726249766e-05, 4.77942339785e-05, 4.18279414589e-05, 4.12713634432e-05, 3.18460806739e-05, 2.91553369607e-05, 2.6761310437e-05, 3.45774096786e-05, 4.36573245679e-05, 2.53740781773e-05, 1.55274701683e-05, 1.37633414852e-05, 1.00192355603e-05, 1.26110644487e-05, 8.588674973e-06, 5.31970499651e-06, 6.55891881252e-06, 6.78211290506e-06, 6.67728272674e-06, 3.79774837711e-06, 3.16055661642e-06, 3.2167322388e-06, 3.69945610146e-06, 4.40705980509e-06, 4.28890962212e-06, 3.70927477888e-06],
        "median": [0.00425979215652, 0.000757656816859, 3.23658823618e-05, 0.000109654560219, 4.68784201075e-05, 1.82313542609e-05, 0.000121886347188, 0.000191851999261, 6.71578600304e-05, 5.73480829189e-05, 3.6071134673e-05, 4.47963902843e-05, 3.42821222148e-05, 1.15719030873e-05, 9.92827426671e-06, 1.1626883861e-05, 1.00004926935e-05, 8.96937581274e-06, 8.23815662443e-06, 6.68251686875e-06, 5.74226078243e-06, 6.83261441736e-06, 7.04400918039e-06, 4.59599732494e-06, 2.94162668979e-06, 2.65321250481e-06, 3.58713759852e-06, 3.96246377932e-06, 3.63002618542e-06, 1.62913784152e-06, 2.16538160203e-06, 2.51416486208e-06, 1.94327867575e-06, 8.44064118155e-07, 4.33018641388e-07, 3.9991198264e-07, 4.48798232355e-07, 6.41095311948e-07, 5.41280371635e-07, 3.46721293454e-07],
        "min": [1.22981198558e-08, 1.26908417108e-09, 1.98371576943e-08, 5.96161626731e-08, 5.24051699813e-08, 3.747624433e-08, 3.56378933475e-07, 5.34547780262e-07, 4.70273022302e-07, 1.86236931654e-07, 8.2960120551e-08, 5.5944422428e-08, 8.37857641045e-08, 5.86282205006e-08, 2.14303064183e-08, 5.05075803403e-08, 4.1868478462e-08, 5.89769939552e-08, 3.02012601594e-08, 2.21179661253e-08, 4.27926316604e-08, 1.75186798401e-08, 1.64603015662e-08, 7.06386060756e-09, 1.05315967058e-09, 2.08535966273e-09, 1.29135182547e-08, 1.00607397968e-08, 3.10795811309e-09, 1.47932344152e-09, 9.23152498888e-10, 3.00169378242e-09, 2.51754861402e-09, 8.68781047103e-10, 2.21009779922e-10, 4.7500017808e-11, 4.65199823108e-11, 6.94806379098e-10, 1.42573577944e-10, 4.18936080271e-10],
