{
"highlevel": {
    "danceability": {
        "all": {
            "danceable": 0.0784287899733,
            "not_danceable": 0.921571195126
        },
        "probability": 0.921571195126,
        "value": "not_danceable"
    },
    "gender": {
        "all": {
            "female": 0.0334431342781,
            "male": 0.966556847095
        },
        "probability": 0.966556847095,
        "value": "male"
    },
    "genre_dortmund": {
        "all": {
            "alternative": 0.0602254644036,
            "blues": 0.330864995718,
            "electronic": 0.00280744372867,
            "folkcountry": 0.155227005482,
            "funksoulrnb": 0.0327612832189,
            "jazz": 0.0618779323995,
            "pop": 0.0837231650949,
            "raphiphop": 0.00565323140472,
            "rock": 0.266859471798
        },
        "probability": 0.330864995718,
        "value": "blues"
    },
    "genre_electronic": {
        "all": {
            "ambient": 0.599589526653,
            "dnb": 0.238666951656,
            "house": 0.111224360764,
            "techno": 0.00609996635467,
            "trance": 0.0444192104042
        },
        "probability": 0.599589526653,
        "value": "ambient"
    },
    "genre_rosamerica": {
        "all": {
            "cla": 0.0836291834712,
            "dan": 0.0211859177798,
            "hip": 0.040522929281,
            "jaz": 0.0565125718713,
            "pop": 0.451249569654,
            "rhy": 0.165985837579,
            "roc": 0.165971428156,
            "spe": 0.0149425677955
        },
        "probability": 0.451249569654,
        "value": "pop"
    },
    "genre_tzanetakis": {
        "all": {
            "blu": 0.0626613423228,
            "cla": 0.0348169617355,
            "cou": 0.104475811124,
            "dis": 0.0784321576357,
            "hip": 0.15692435205,
            "jaz": 0.313974827528,
            "met": 0.0448166541755,
            "pop": 0.0627359300852,
            "reg": 0.0627360641956,
            "roc": 0.0784258767962
        },
        "probability": 0.313974827528,
        "value": "jaz"
    },
    "ismir04_rhythm": {
        "all": {
            "ChaChaCha": 0.0663522258401,
            "Jive": 0.0354250632226,
            "Quickstep": 0.410176038742,
            "Rumba-American": 0.0297819413245,
            "Rumba-International": 0.0380351282656,
            "Rumba-Misc": 0.00984231475741,
            "Samba": 0.119996584952,
            "Tango": 0.040918931365,
            "VienneseWaltz": 0.208255842328,
            "Waltz": 0.0412159375846
        },
        "probability": 0.410176038742,
        "value": "Quickstep"
    },
    "mood_acoustic": {
        "all": {
            "acoustic": 0.780089855194,
            "not_acoustic": 0.219910159707
        },
        "probability": 0.780089855194,
        "value": "acoustic"
    },
    "mood_aggressive": {
        "all": {
            "aggressive": 0.0612614192069,
            "not_aggressive": 0.938738584518
        },
        "probability": 0.938738584518,
        "value": "not_aggressive"
    },
    "mood_electronic": {
        "all": {
            "electronic": 0.120965577662,
            "not_electronic": 0.879034399986
        },
        "probability": 0.879034399986,
        "value": "not_electronic"
    },
    "mood_happy": {
        "all": {
            "happy": 0.867907106876,
            "not_happy": 0.132092908025
        },
        "probability": 0.867907106876,
        "value": "happy"
    },
    "mood_party": {
        "all": {
            "not_party": 0.705687582493,
            "party": 0.294312447309
        },
        "probability": 0.705687582493,
        "value": "not_party"
    },
    "mood_relaxed": {
        "all": {
            "not_relaxed": 0.992969751358,
            "relaxed": 0.007030245848
        },
        "probability": 0.992969751358,
        "value": "not_relaxed"
    },
    "mood_sad": {
        "all": {
            "not_sad": 0.187943592668,
            "sad": 0.812056422234
        },
        "probability": 0.812056422234,
        "value": "sad"
    },
    "moods_mirex": {
        "all": {
            "Cluster1": 0.264545619488,
            "Cluster2": 0.198804602027,
            "Cluster3": 0.27468007803,
            "Cluster4": 0.163796663284,
            "Cluster5": 0.0981730595231
        },
        "probability": 0.27468007803,
        "value": "Cluster3"
    },
    "timbre": {
        "all": {
            "bright": 0.926555275917,
            "dark": 0.0734447240829
        },
        "probability": 0.926555275917,
        "value": "bright"
    },
    "tonal_atonal": {
        "all": {
            "atonal": 0.00725025869906,
            "tonal": 0.992749750614
        },
        "probability": 0.992749750614,
        "value": "tonal"
    },
    "voice_instrumental": {
        "all": {
            "instrumental": 0.00129502627533,
            "voice": 0.998704969883
        },
        "probability": 0.998704969883,
        "value": "voice"
    }
},
"lowlevel": {
    "average_loudness": 0.963667869568,
    "barkbands_crest": {
        "dmean": 2.36095881462,
        "dmean2": 3.73788022995,
        "dvar": 5.43336772919,
        "dvar2": 13.3556604385,
        "max": 23.1125717163,
        "mean": 8.37590789795,
        "median": 7.6185297966,
        "min": 2.4300160408,
        "var": 15.1202583313
    },
    "barkbands_flatness_db": {
        "dmean": 0.0185769293457,
        "dmean2": 0.0281265433878,
        "dvar": 0.000325328379404,
        "dvar2": 0.00071184663102,
        "max": 0.272094935179,
        "mean": 0.143087372184,
        "median": 0.139575704932,
        "min": 0.061259906739,
        "var": 0.00129878998268
    },
    "barkbands_kurtosis": {
        "dmean": 1.60083782673,
        "dmean2": 2.47232651711,
        "dvar": 7.99198102951,
        "dvar2": 19.242816925,
        "max": 34.7691230774,
        "mean": 1.52272450924,
        "median": -0.0501465797424,
        "min": -1.87652111053,
        "var": 17.8240852356
    },
    "barkbands_skewness": {
        "dmean": 0.4335924685,
        "dmean2": 0.619348704815,
        "dvar": 0.221019238234,
        "dvar2": 0.449134171009,
        "max": 5.4169588089,
        "mean": 0.876700699329,
        "median": 0.661398947239,
        "min": -2.15839862823,
        "var": 1.07308280468
    },
    "barkbands_spread": {
        "dmean": 5.08736085892,
        "dmean2": 7.75604534149,
        "dvar": 45.9269218445,
        "dvar2": 90.8787078857,
        "max": 98.5868835449,
        "mean": 24.9515247345,
        "median": 22.6732273102,
        "min": 3.72918558121,
        "var": 189.988937378
    },
    "dissonance": {
        "dmean": 0.0188710968941,
        "dmean2": 0.0311081819236,
        "dvar": 0.00031562204822,
        "dvar2": 0.00078290089732,
        "max": 0.499979734421,
        "mean": 0.457872152328,
        "median": 0.46479177475,
        "min": 0.32708054781,
        "var": 0.000757189875003
    },
    "dynamic_complexity": 2.58329033852,
    "erbbands_crest": {
        "dmean": 2.63515353203,
        "dmean2": 4.21835851669,
        "dvar": 6.27381181717,
        "dvar2": 15.7060232162,
        "max": 27.818403244,
        "mean": 8.90313434601,
        "median": 7.71329116821,
        "min": 2.62323045731,
        "var": 18.5163230896
    },
    "erbbands_flatness_db": {
        "dmean": 0.017504254356,
        "dmean2": 0.0255072414875,
        "dvar": 0.00030673693982,
        "dvar2": 0.000606631103437,
        "max": 0.273178398609,
        "mean": 0.182444155216,
        "median": 0.182986542583,
        "min": 0.0829119235277,
        "var": 0.00126940046903
    },
    "erbbands_kurtosis": {
        "dmean": 0.796942532063,
        "dmean2": 1.21049654484,
        "dvar": 1.28631591797,
        "dvar2": 2.68026375771,
        "max": 15.4826793671,
        "mean": 0.208306267858,
        "median": -0.15474820137,
        "min": -1.77830243111,
        "var": 2.72944903374
    },
    "erbbands_skewness": {
        "dmean": 0.349319964647,
        "dmean2": 0.506948053837,
        "dvar": 0.132505759597,
        "dvar2": 0.246260046959,
        "max": 3.71446919441,
        "mean": 0.0629875510931,
        "median": 0.0253748632967,
        "min": -3.29619812965,
        "var": 0.667269468307
    },
    "erbbands_spread": {
        "dmean": 7.34597921371,
        "dmean2": 10.8899478912,
        "dvar": 81.3737869263,
        "dvar2": 191.172180176,
        "max": 120.184822083,
        "mean": 34.3449783325,
        "median": 29.9025058746,
        "min": 10.5290565491,
        "var": 250.270706177
    },
    "hfc": {
        "dmean": 6.20150136948,
        "dmean2": 7.7814617157,
        "dvar": 77.2281799316,
        "dvar2": 105.006500244,
        "max": 169.040267944,
        "mean": 25.1556911469,
        "median": 21.362865448,
        "min": 0.345449835062,
        "var": 445.153717041
    },
    "melbands_crest": {
        "dmean": 3.09932374954,
        "dmean2": 4.85279464722,
        "dvar": 8.10677909851,
        "dvar2": 19.99559021,
        "max": 29.5910072327,
        "mean": 11.7728872299,
        "median": 10.9199304581,
        "min": 3.87217187881,
        "var": 22.8834152222
    },
    "melbands_flatness_db": {
        "dmean": 0.0222115125507,
        "dmean2": 0.0317970812321,
        "dvar": 0.000479913025629,
        "dvar2": 0.000984158250503,
        "max": 0.343901753426,
        "mean": 0.16621991992,
        "median": 0.159999534488,
        "min": 0.0600872188807,
        "var": 0.00246577942744
    },
    "melbands_kurtosis": {
        "dmean": 3.79258704185,
        "dmean2": 5.79196548462,
        "dvar": 48.0564575195,
        "dvar2": 116.170509338,
        "max": 111.151931763,
        "mean": 6.34283542633,
        "median": 2.33703231812,
        "min": -1.68206596375,
        "var": 105.35256958
    },
    "melbands_skewness": {
        "dmean": 0.54867452383,
        "dmean2": 0.788638591766,
        "dvar": 0.384591370821,
        "dvar2": 0.82257860899,
        "max": 8.76480674744,
        "mean": 1.78635585308,
        "median": 1.45873987675,
        "min": -0.342500239611,
        "var": 1.69691824913
    },
    "melbands_spread": {
        "dmean": 8.66726112366,
        "dmean2": 12.3377685547,
        "dvar": 179.088058472,
        "dvar2": 293.975158691,
        "max": 244.663299561,
        "mean": 35.1924705505,
        "median": 31.2115039825,
        "min": 2.95734024048,
        "var": 737.447509766
    },
    "pitch_salience": {
        "dmean": 0.0652861371636,
        "dmean2": 0.103415973485,
        "dvar": 0.00346418097615,
        "dvar2": 0.00851359125227,
        "max": 0.818256795406,
        "mean": 0.577091813087,
        "median": 0.579351663589,
        "min": 0.211230665445,
        "var": 0.00856851041317
    },
    "silence_rate_20dB": {
        "dmean": 0,
        "dmean2": 0,
        "dvar": 0,
        "dvar2": 0,
        "max": 1,
        "mean": 1,
        "median": 1,
        "min": 1,
        "var": 0
    },
    "silence_rate_30dB": {
        "dmean": 0,
        "dmean2": 0,
        "dvar": 0,
        "dvar2": 0,
        "max": 1,
        "mean": 1,
        "median": 1,
        "min": 1,
        "var": 0
    },
    "silence_rate_60dB": {
        "dmean": 0.0185758508742,
        "dmean2": 0.0371804796159,
        "dvar": 0.018230939284,
        "dvar2": 0.0388962216675,
        "max": 1,
        "mean": 0.0255220420659,
        "median": 0,
        "min": 0,
        "var": 0.0248711593449
    },
    "spectral_centroid": {
        "dmean": 269.114105225,
        "dmean2": 380.072814941,
        "dvar": 80484.59375,
        "dvar2": 147282.1875,
        "max": 4599.1484375,
        "mean": 1716.8112793,
        "median": 1741.12670898,
        "min": 419.310455322,
        "var": 419774.875
    },
    "spectral_complexity": {
        "dmean": 3.13003087044,
        "dmean2": 4.39581727982,
        "dvar": 8.67349147797,
        "dvar2": 14.7983922958,
        "max": 41,
        "mean": 18.9953594208,
        "median": 19,
        "min": 2,
        "var": 59.0611572266
    },
    "spectral_decrease": {
        "dmean": 1.10832842903e-09,
        "dmean2": 1.65026492471e-09,
        "dvar": 1.47177402958e-18,
        "dvar2": 3.08794360202e-18,
        "max": -1.13853912409e-10,
        "mean": -4.8875228309e-09,
        "median": -4.85122741978e-09,
        "min": -1.58563242536e-08,
        "var": 7.24029453088e-18
    },
    "spectral_energy": {
        "dmean": 0.00454344321042,
        "dmean2": 0.00672305235639,
        "dvar": 2.38572974922e-05,
        "dvar2": 4.89613994432e-05,
        "max": 0.0616165846586,
        "mean": 0.0207283347845,
        "median": 0.0207223333418,
        "min": 0.000463843432954,
        "var": 0.000125588354422
    },
    "spectral_energyband_high": {
        "dmean": 0.000368015374988,
        "dmean2": 0.000489769561682,
        "dvar": 8.89823468242e-07,
        "dvar2": 1.08529081899e-06,
        "max": 0.0189588740468,
        "mean": 0.000912737334147,
        "median": 0.000464494369226,
        "min": 3.69054237126e-06,
        "var": 3.90415198126e-06
    },
    "spectral_energyband_low": {
        "dmean": 0.000879654951859,
        "dmean2": 0.00146359927021,
        "dvar": 1.48963601987e-06,
        "dvar2": 3.72644876734e-06,
        "max": 0.0202441066504,
        "mean": 0.00246131327003,
        "median": 0.00212815520354,
        "min": 3.61430356861e-05,
        "var": 3.88974876842e-06
    },
    "spectral_energyband_middle_high": {
        "dmean": 0.00241250637919,
        "dmean2": 0.00302925985307,
        "dvar": 8.05319996289e-06,
        "dvar2": 1.27120611069e-05,
        "max": 0.0379677116871,
        "mean": 0.00826585944742,
        "median": 0.00655689742416,
        "min": 8.40854263515e-05,
        "var": 5.21431393281e-05
    },
    "spectral_energyband_middle_low": {
        "dmean": 0.00351184327155,
        "dmean2": 0.00536897033453,
        "dvar": 1.93015985133e-05,
        "dvar2": 4.47092897957e-05,
        "max": 0.0573862679303,
        "mean": 0.00986654963344,
        "median": 0.00774120958522,
        "min": 0.000114021167974,
        "var": 5.97023499722e-05
    },
    "spectral_entropy": {
        "dmean": 0.16580440104,
        "dmean2": 0.232799828053,
        "dvar": 0.0284021422267,
        "dvar2": 0.0524211674929,
        "max": 8.70521068573,
        "mean": 7.41121149063,
        "median": 7.40610122681,
        "min": 6.55680799484,
        "var": 0.126031965017
    },
    "spectral_flux": {
        "dmean": 0.0199794322252,
        "dmean2": 0.0315686352551,
        "dvar": 0.000351558934199,
        "dvar2": 0.000862699351273,
        "max": 0.190115913749,
        "mean": 0.074694648385,
        "median": 0.072109401226,
        "min": 0.00932152383029,
        "var": 0.00122055981774
    },
    "spectral_kurtosis": {
        "dmean": 1.64061844349,
        "dmean2": 2.82286810875,
        "dvar": 2.44571757317,
        "dvar2": 7.11459684372,
        "max": 18.088470459,
        "mean": 4.10440063477,
        "median": 3.95647144318,
        "min": -1.20553267002,
        "var": 4.5173573494
    },
    "spectral_rms": {
        "dmean": 0.00050585338613,
        "dmean2": 0.000733622408006,
        "dvar": 2.63023764546e-07,
        "dvar2": 4.94218909353e-07,
        "max": 0.00775330513716,
        "mean": 0.00429915357381,
        "median": 0.00449632201344,
        "min": 0.000672703608871,
        "var": 1.74003253051e-06
    },
    "spectral_rolloff": {
        "dmean": 480.363861084,
        "dmean2": 754.130310059,
        "dvar": 747447.4375,
        "dvar2": 1325681.375,
        "max": 10852.734375,
        "mean": 2058.40795898,
        "median": 1765.72265625,
        "min": 172.265625,
        "var": 2788493.5
    },
    "spectral_skewness": {
        "dmean": 0.224523827434,
        "dmean2": 0.371349483728,
        "dvar": 0.0409633144736,
        "dvar2": 0.103220529854,
        "max": 3.19146561623,
        "mean": 1.30015075207,
        "median": 1.31033289433,
        "min": -0.0453213453293,
        "var": 0.126490011811
    },
    "spectral_spread": {
        "dmean": 488233.625,
        "dmean2": 697548.1875,
        "dvar": 420471373824,
        "dvar2": 638507745280,
        "max": 13012818,
        "mean": 3848729.75,
        "median": 3483528.5,
        "min": 2097022.375,
        "var": 2.28781037978e+12
    },
    "spectral_strongpeak": {
        "dmean": 0.75015437603,
        "dmean2": 1.19608986378,
        "dvar": 1.24520754814,
        "dvar2": 2.79191350937,
        "max": 11.2017307281,
        "mean": 1.52785825729,
        "median": 0.906067728996,
        "min": 0.0166527349502,
        "var": 2.79031538963
    },
    "zerocrossingrate": {
        "dmean": 0.00968059152365,
        "dmean2": 0.0104634398594,
        "dvar": 0.000248849624768,
        "dvar2": 0.000198141773581,
        "max": 0.38330078125,
        "mean": 0.0665467306972,
        "median": 0.05859375,
        "min": 0.01416015625,
        "var": 0.00198821164668
    },
    "barkbands": {
        "dmean": [9.59289536695e-06, 0.000448498380138, 0.000467846693937, 0.000484695192426, 0.00124382204376, 0.000665264902636, 0.000926524109673, 0.00155584292952, 0.000541128509212, 0.000957940181252, 0.000460792944068, 0.000352722941898, 0.000523965631146, 0.000469698163215, 0.000451891886769, 0.000415438698838, 0.000393534457544, 0.000266425806331, 0.00023896023049, 0.000287528469926, 6.64271501591e-05, 3.86612082366e-05, 6.40429061605e-05, 0.000118981341075, 4.79654154333e-05, 1.13515943667e-05, 2.75628808666e-09],
        "dmean2": [1.59875071404e-05, 0.000770501967054, 0.000750452512875, 0.000797431683168, 0.00193749018945, 0.000966508465353, 0.00136361445766, 0.0023284482304, 0.000793113897089, 0.00132491008844, 0.000648321816698, 0.000528096803464, 0.000743078009691, 0.000681937730405, 0.000713172135875, 0.000590770272538, 0.0005724565126, 0.000404010439524, 0.000354297575541, 0.000400791293941, 0.000103614620457, 6.05264031037e-05, 9.40433819778e-05, 0.00015642643848, 6.38951314613e-05, 1.69382456079e-05, 4.3654102555e-09],
        "dvar": [1.86533594126e-10, 3.90511956994e-07, 5.93295396811e-07, 6.94843436122e-07, 4.15906743001e-06, 2.50567131843e-06, 4.52765061709e-06, 1.28003957798e-05, 1.41688235544e-06, 3.91805451727e-06, 1.41826774325e-06, 7.22602351289e-07, 1.32815978304e-06, 1.05346168766e-06, 9.30214469008e-07, 9.7729935078e-07, 3.23095690646e-07, 2.21597872496e-07, 1.57124759426e-07, 1.7959726506e-07, 1.18492851087e-08, 5.42184785957e-09, 4.45256489456e-08, 3.23120445955e-07, 6.43980229142e-08, 2.03921213249e-09, 9.45647805226e-16],
        "dvar2": [4.65868343902e-10, 1.10061046144e-06, 1.35913808208e-06, 2.00668205252e-06, 9.22166873352e-06, 4.49030312666e-06, 9.74615795712e-06, 2.67818413704e-05, 2.93426637654e-06, 7.18201181371e-06, 2.67139603238e-06, 1.42569342643e-06, 2.69811698672e-06, 2.26119323088e-06, 2.06575828088e-06, 1.81980283287e-06, 6.91175102929e-07, 4.96646748616e-07, 3.34293531523e-07, 3.42090686445e-07, 2.72366822429e-08, 1.06771018693e-08, 7.37626209002e-08, 4.0682041913e-07, 1.19027092182e-07, 3.91019128188e-09, 1.1462492417e-15],
        "max": [0.000177047681063, 0.00888939294964, 0.0183607339859, 0.0100435297936, 0.0515034981072, 0.0348940454423, 0.0308824591339, 0.0426327548921, 0.0231267083436, 0.0221924316138, 0.0250940024853, 0.0118338000029, 0.0188657902181, 0.015683831647, 0.0135831451043, 0.0171774271876, 0.00899923034012, 0.0100678093731, 0.00872137211263, 0.00719542056322, 0.00214949413203, 0.00119196414016, 0.00400861771777, 0.0139029240236, 0.0064180069603, 0.000780830916483, 1.0329304132e-06],
        "mean": [1.25328997456e-05, 0.000840659951791, 0.0011204747716, 0.00110682740342, 0.00241975579411, 0.00118387781549, 0.00142157170922, 0.00237291585654, 0.000866783200763, 0.00168199255131, 0.000779710826464, 0.000587879389059, 0.000845476344693, 0.000817403371911, 0.000712796056177, 0.000757547677495, 0.000801103597041, 0.000531935249455, 0.00052601005882, 0.000683367426973, 0.000131867651362, 6.8347195338e-05, 0.000125463338918, 0.000236852283706, 8.07098840596e-05, 1.44774458022e-05, 2.19357976228e-09],
        "median": [6.29742089586e-06, 0.00069305638317, 0.000648857909255, 0.000943151477259, 0.00143873493653, 0.000526380201336, 0.0002854578197, 0.000317699450534, 0.000291182892397, 0.000415978836827, 0.000234946171986, 0.000157594040502, 0.000280057545751, 0.00028533115983, 0.000197098401259, 0.000239615837927, 0.000470980536193, 0.000251102290349, 0.000306315982016, 0.000328158173943, 8.04838637123e-05, 3.2954125345e-05, 3.94476592191e-05, 3.66815220332e-05, 1.01995810837e-05, 1.62685569194e-06, 2.41010239543e-10],
        "min": [2.26003020742e-08, 1.08861161152e-06, 6.79211836996e-07, 3.05650075916e-07, 1.85750177479e-05, 2.54034057434e-06, 4.61959075437e-07, 3.66038534594e-06, 7.27222470687e-07, 4.31636544818e-06, 4.0977926119e-07, 1.99116925614e-06, 1.79171343007e-06, 3.60384183296e-06, 2.31313038057e-06, 3.00572401102e-06, 5.66112566958e-06, 2.75217598755e-06, 3.50131972482e-06, 3.00119381791e-06, 2.08351096376e-08, 2.71578130651e-07, 1.06707275904e-07, 7.77775923666e-08, 1.10803893838e-10, 6.08310754199e-12, 6.22527897287e-12],
        "var": [2.63838950687e-10, 5.06942797074e-07, 2.33491959989e-06, 1.10130906705e-06, 9.89738964563e-06, 5.67684492125e-06, 1.06443148979e-05, 2.45419269049e-05, 2.70615032605e-06, 1.03961374407e-05, 3.19292917084e-06, 1.48318031279e-06, 2.77238132185e-06, 2.2356084628e-06, 1.98869270207e-06, 2.99743123833e-06, 1.04403079604e-06, 7.14928660273e-07, 4.96116342674e-07, 8.88773627139e-07, 2.61066741558e-08, 1.41907046114e-08, 1.31638614675e-07, 1.20959987271e-06, 1.75035211214e-07, 4.0858685324e-09, 9.08594772465e-16]
    },
    "erbbands": {
        "dmean": [0.0100537780672, 0.115396425128, 0.45676189661, 1.01659524441, 2.18743538857, 5.41243124008, 6.0163974762, 5.74476146698, 9.29191493988, 28.3597373962, 21.9413528442, 12.1827402115, 23.8480548859, 24.1896820068, 20.0556411743, 13.5075778961, 21.1421489716, 23.5396900177, 24.475030899, 20.8989391327, 17.3817405701, 18.2496604919, 15.2282152176, 8.32412624359, 14.8461170197, 13.0061559677, 4.38387203217, 1.72543513775, 1.46308684349, 1.35629796982, 2.06307673454, 2.54545617104, 2.07979631424, 0.811706423759, 0.243455305696, 0.0763332471251, 0.0175398252904, 0.0011845882982, 2.66561964963e-05, 7.06422224539e-06],
        "dmean2": [0.0169718805701, 0.197860047221, 0.745853126049, 1.6795181036, 3.51402783394, 8.31943225861, 9.50841999054, 8.31757545471, 12.9769830704, 42.5491600037, 32.3967399597, 17.9447746277, 32.8137283325, 33.9667205811, 27.5218372345, 20.139749527, 29.8229484558, 32.2780227661, 36.7948760986, 30.2528476715, 24.2852153778, 26.761264801, 21.7084026337, 12.1221408844, 20.8338012695, 17.9690685272, 6.34683561325, 2.6344769001, 2.25559568405, 2.05727934837, 2.9807600975, 3.68841028214, 2.75727534294, 1.13017189503, 0.335164040327, 0.110314615071, 0.0262612365186, 0.00186633341946, 3.8365189539e-05, 9.99157782644e-06],
        "dvar": [0.000197254630621, 0.0272865053266, 0.530894339085, 2.64134931564, 12.8773612976, 104.310432434, 103.526451111, 339.744506836, 735.351867676, 3882.11889648, 2802.27124023, 768.537231445, 2500.74121094, 3822.90478516, 2723.71972656, 848.70135498, 2140.62817383, 2840.98168945, 2356.2409668, 2318.4140625, 1424.37390137, 717.181091309, 642.311340332, 168.855728149, 546.396179199, 372.439849854, 46.3381500244, 8.12041378021, 7.77491378784, 8.85009479523, 52.6440658569, 133.75112915, 108.278381348, 19.1880397797, 1.47266852856, 0.119239628315, 0.00440231524408, 2.16406242544e-05, 8.94177709654e-09, 1.11579245843e-10],
        "dvar2": [0.000541145447642, 0.0772622004151, 1.21143424511, 7.36178064346, 34.3912315369, 232.193969727, 207.614837646, 586.791992188, 1392.75195312, 8549.41210938, 5698.72216797, 1583.22949219, 4671.51513672, 7033.31054688, 4654.58642578, 1838.82763672, 4301.45800781, 5191.64990234, 5169.05810547, 4562.20361328, 2714.58520508, 1626.00915527, 1394.1973877, 400.296417236, 1034.67468262, 702.479309082, 101.455795288, 18.182806015, 14.3427333832, 17.7107257843, 93.6537094116, 237.273162842, 141.319549561, 39.8990592957, 2.68811678886, 0.224211707711, 0.00924226734787, 4.87324286951e-05, 1.78116899008e-08, 1.83659407127e-10],
        "max": [0.133329540491, 2.36163759232, 16.2387466431, 21.3013381958, 51.748046875, 291.111694336, 146.918563843, 434.727783203, 576.451538086, 767.18963623, 740.141479492, 542.572814941, 854.315795898, 905.305419922, 951.793884277, 603.502197266, 926.090026855, 828.720703125, 838.709777832, 832.424743652, 982.39642334, 465.685424805, 588.561401367, 272.740447998, 478.910369873, 365.513397217, 139.240066528, 62.7760925293, 40.5343399048, 51.3330001831, 155.694732666, 243.22833252, 292.620758057, 119.264373779, 33.3819770813, 7.62796211243, 1.38174188137, 0.0926406905055, 0.00185480213258, 0.0002101258724],
        "mean": [0.0175154060125, 0.226188883185, 1.13782322407, 2.57967615128, 4.6015162468, 9.4465303421, 10.9460840225, 10.1180381775, 16.295042038, 42.041103363, 36.5651664734, 21.1838741302, 41.5996284485, 44.7255058289, 37.0588493347, 25.7078037262, 37.6735839844, 43.2307014465, 42.9965667725, 41.6059417725, 36.5923118591, 40.6070632935, 34.2631759644, 21.0480461121, 34.8781280518, 31.7366981506, 10.4319887161, 3.38223767281, 2.59763407707, 2.39067769051, 3.87749123573, 4.43898057938, 4.06613922119, 1.35834062099, 0.365502804518, 0.10073005408, 0.0217113960534, 0.00143696239684, 4.88908553962e-05, 2.98335453408e-05],
        "median": [0.0124847255647, 0.189536526799, 0.726130008698, 2.0324473381, 3.51399922371, 5.43378305435, 4.94490098953, 4.26888751984, 3.47285103798, 8.18813323975, 7.97353982925, 9.98539638519, 12.6141376495, 10.7882394791, 13.9684724808, 9.3054227829, 13.9688339233, 17.2648086548, 18.3405189514, 13.4261779785, 15.2440080643, 23.0264530182, 20.2914142609, 13.2850017548, 18.2885875702, 15.8748579025, 6.81147813797, 2.15132427216, 1.25377118587, 1.01776146889, 1.1383856535, 0.781179130077, 0.555821657181, 0.183196485043, 0.0393162108958, 0.00928523298353, 0.00267764832824, 0.000211281920201, 2.13705952774e-05, 2.78270872514e-05],
        "min": [6.74086986692e-05, 0.00163326843176, 0.0050581889227, 0.00568049494177, 0.0237414389849, 0.0530364923179, 0.014730181545, 0.0255475342274, 0.0361811369658, 0.0596885420382, 0.0906001701951, 0.117023132741, 0.112734995782, 0.103946216404, 0.106276705861, 0.145415216684, 0.121492363513, 0.183621063828, 0.19900034368, 0.149854138494, 0.170366019011, 0.234054267406, 0.215081855655, 0.274711072445, 0.174142539501, 0.168295532465, 0.0602409057319, 0.0284353010356, 0.011264779605, 0.00393825909123, 0.00414597056806, 0.00265657156706, 0.000637061486486, 0.000106438637886, 1.41191740113e-05, 3.04560171571e-06, 6.5687248707e-07, 1.57825553515e-07, 2.73977178722e-07, 5.5649445585e-07],
        "var": [0.000302264874335, 0.0351985320449, 1.98458611965, 4.84138393402, 20.8158950806, 238.287582397, 265.332885742, 712.143920898, 2276.22875977, 6595.77197266, 6724.22363281, 1305.86889648, 6021.18212891, 10188.3525391, 6688.81347656, 2109.65600586, 4813.22265625, 6975.16162109, 5041.28613281, 8070.64013672, 4444.97509766, 2417.39257812, 2434.70751953, 592.389038086, 2189.24853516, 1912.80224609, 146.782836914, 18.274181366, 20.947725296, 22.3831691742, 147.617935181, 373.622436523, 404.864593506, 49.6544914246, 3.57696151733, 0.2503079772, 0.0082648973912, 3.16727964673e-05, 1.93267180038e-08, 4.98764141099e-10]
    },
    "gfcc": {
        "mean": [-3.19996333122, 100.973762512, -146.074890137, 42.7926292419, -61.4375915527, 10.2118177414, -40.4776000977, 9.42464065552, -27.0678710938, -7.76167345047, -9.38130760193, -12.8617725372, -6.75015258789],
        "cov": [[2822.55639648, -1154.21496582, -218.636199951, -309.614685059, -107.581809998, 120.30254364, -233.939651489, 272.832855225, -152.154541016, 162.312286377, -232.36227417, 62.4942779541, -195.527694702], [-1154.21496582, 1071.96472168, -194.039855957, 60.4758796692, 133.957427979, -168.326461792, 213.361572266, -160.212158203, 95.3033905029, -141.802383423, 190.82875061, -116.19278717, 89.5176467896], [-218.636199951, -194.039855957, 629.058044434, 127.268165588, -133.242538452, 66.1940841675, -123.948310852, -17.3764877319, -5.65747308731, 30.638010025, -35.2263183594, 86.4222488403, -28.5003242493], [-309.614685059, 60.4758796692, 127.268165588, 326.042022705, 55.676109314, -49.8571586609, -29.2771148682, -44.2592658997, 65.874420166, -26.2090034485, -5.72938728333, -20.2492847443, 59.4068908691], [-107.581809998, 133.957427979, -133.242538452, 55.676109314, 225.155715942, 16.3469619751, 46.5698432922, -9.26350784302, 1.86396622658, 18.5982189178, -33.7230415344, -28.704082489, 23.6331005096], [120.30254364, -168.326461792, 66.1940841675, -49.8571586609, 16.3469619751, 259.595428467, 66.7206115723, 2.45238018036, -73.8388061523, 13.0651636124, -37.077293396, 29.5297832489, -27.5009155273], [-233.939651489, 213.361572266, -123.948310852, -29.2771148682, 46.5698432922, 66.7206115723, 231.591156006, 1.74201190472, -41.2702217102, -58.1579322815, 43.4425048828, -31.311876297, -2.54119586945], [272.832855225, -160.212158203, -17.3764877319, -44.2592658997, -9.26350784302, 2.45238018036, 1.74201190472, 158.390899658, 33.6022415161, 34.5634269714, -33.6145057678, -13.2666168213, -15.9417934418], [-152.154541016, 95.3033905029, -5.65747308731, 65.874420166, 1.86396622658, -73.8388061523, -41.2702217102, 33.6022415161, 184.563232422, 23.2350006104, 10.640083313, -55.8700485229, 20.7507095337], [162.312286377, -141.802383423, 30.638010025, -26.2090034485, 18.5982189178, 13.0651636124, -58.1579322815, 34.5634269714, 23.2350006104, 118.201011658, -37.4198417664, 16.8254718781, -24.3483276367], [-232.36227417, 190.82875061, -35.2263183594, -5.72938728333, -33.7230415344, -37.077293396, 43.4425048828, -33.6145057678, 10.640083313, -37.4198417664, 141.153182983, -8.16060256958, 16.5848808289], [62.4942779541, -116.19278717, 86.4222488403, -20.2492847443, -28.704082489, 29.5297832489, -31.311876297, -13.2666168213, -55.8700485229, 16.8254718781, -8.16060256958, 110.904678345, 0.374667882919], [-195.527694702, 89.5176467896, -28.5003242493, 59.4068908691, 23.6331005096, -27.5009155273, -2.54119586945, -15.9417934418, 20.7507095337, -24.3483276367, 16.5848808289, 0.374667882919, 100.26084137]],
        "icov": [[0.00103827449493, 0.000653993862215, 0.000867658527568, 6.68308130116e-05, 0.000279440777376, -0.000175376684638, 0.00104092946276, -0.000979042495601, 0.000710648018867, 0.000135844718898, 0.000354461255483, 9.1300738859e-05, 0.00123163184617], [0.000653993862215, 0.00429257471114, -0.000690030865371, 0.00190712232143, -0.00278827617876, 0.00262215477414, -0.0028531155549, 0.0030641972553, -0.00200832379051, 0.00195134244859, -0.00232846825384, 0.00167950766627, -0.00082354870392], [0.000867658527568, -0.000690030865371, 0.00408713938668, -0.00240739504807, 0.00301837176085, -0.00218169600703, 0.00296944193542, -0.00195650500245, 0.00129148899578, -0.000815829494968, 0.00130746269133, -0.00200831703842, 0.00267652259208], [6.68308130116e-05, 0.00190712232143, -0.00240739504807, 0.00622201804072, -0.00350659084506, 0.00220299931243, -0.00173034414183, 0.00283558899537, -0.00265887193382, 0.0023310824763, -0.000616947421804, 0.00160018890165, -0.00289314216934], [0.000279440777376, -0.00278827617876, 0.00301837176085, -0.00350659084506, 0.00950691103935, -0.0027024296578, 0.00151948444545, -0.00215860456228, 0.00268678274006, -0.00420825649053, 0.00402520922944, -0.000433454668382, 0.000441038719146], [-0.000175376684638, 0.00262215477414, -0.00218169600703, 0.00220299931243, -0.0027024296578, 0.007580391597, -0.00501358276233, 0.00303408061154, -0.000591122487094, 0.000296394224279, -0.00035625215969, 0.000813336751889, -0.00128687545657], [0.00104092946276, -0.0028531155549, 0.00296944193542, -0.00173034414183, 0.00151948444545, -0.00501358276233, 0.0117140170187, -0.00565053522587, 0.00399905396625, 0.00173259340227, 5.44381291547e-05, -0.00010281692812, 0.00369632896036], [-0.000979042495601, 0.0030641972553, -0.00195650500245, 0.00283558899537, -0.00215860456228, 0.00303408061154, -0.00565053522587, 0.0124452831224, -0.00480487337336, -0.000283391738776, -0.0004254989326, 0.00193150364794, -0.0027160262689], [0.000710648018867, -0.00200832379051, 0.00129148899578, -0.00265887193382, 0.00268678274006, -0.000591122487094, 0.00399905396625, -0.00480487337336, 0.011003521271, -0.0037081418559, 0.000559450068977, 0.0035563390702, 0.00037977786269], [0.000135844718898, 0.00195134244859, -0.000815829494968, 0.0023310824763, -0.00420825649053, 0.000296394224279, 0.00173259340227, -0.000283391738776, -0.0037081418559, 0.0142377149314, -0.000365867512301, -0.00174629676621, 0.00227378564887], [0.000354461255483, -0.00232846825384, 0.00130746269133, -0.000616947421804, 0.00402520922944, -0.00035625215969, 5.44381291547e-05, -0.0004254989326, 0.000559450068977, -0.000365867512301, 0.0116102034226, -0.00147887703497, 0.000275009719189], [9.1300738859e-05, 0.00167950766627, -0.00200831703842, 0.00160018890165, -0.000433454668382, 0.000813336751889, -0.00010281692812, 0.00193150364794, 0.0035563390702, -0.00174629676621, -0.00147887703497, 0.0144137339666, -0.00318011781201], [0.00123163184617, -0.00082354870392, 0.00267652259208, -0.00289314216934, 0.000441038719146, -0.00128687545657, 0.00369632896036, -0.0027160262689, 0.00037977786269, 0.00227378564887, 0.000275009719189, -0.00318011781201, 0.0152311585844]]
    },
    "melbands": {
        "dmean": [0.000106884042907, 0.000200451730052, 0.000205123084015, 0.000248926633503, 0.000230614154134, 0.000128248313558, 0.00014847687271, 0.000338210578775, 0.000155130794155, 8.08037293609e-05, 0.000123864927446, 0.000104656057374, 6.65279148961e-05, 4.02517762268e-05, 5.18028900842e-05, 4.48073406005e-05, 4.61215458927e-05, 4.17109258706e-05, 2.91439118882e-05, 3.25736655213e-05, 2.27567034017e-05, 2.00986814889e-05, 2.25550484174e-05, 1.17012396004e-05, 6.77148227624e-06, 1.09937445814e-05, 1.34440970214e-05, 8.08828281151e-06, 3.66256381312e-06, 1.39582209613e-06, 9.99769554255e-07, 9.0711591838e-07, 7.10250390057e-07, 8.78934599768e-07, 1.30314981561e-06, 1.41011946653e-06, 1.78284028607e-06, 1.82163921636e-06, 1.04760306385e-06, 6.44464762445e-07],
        "dmean2": [0.000182983814739, 0.000334812735673, 0.000335669668857, 0.000390697008697, 0.000363302970072, 0.000184054937563, 0.000211529826629, 0.000505438540131, 0.000226293530432, 0.000119437987451, 0.000170396044268, 0.000147436745465, 9.30144888116e-05, 5.79289808229e-05, 7.55456130719e-05, 6.28877533018e-05, 6.4069943619e-05, 6.16690813331e-05, 4.50581610494e-05, 4.63436699647e-05, 3.23569292959e-05, 3.01730997307e-05, 3.3793709008e-05, 1.72647978616e-05, 1.01572995845e-05, 1.64382654475e-05, 1.89884085557e-05, 1.16548189908e-05, 5.50084723727e-06, 2.16692137656e-06, 1.55312534389e-06, 1.41245550367e-06, 1.14122883588e-06, 1.34480808356e-06, 1.91583831111e-06, 2.08413734981e-06, 2.52424251812e-06, 2.5248948532e-06, 1.33362232191e-06, 9.82813276096e-07],
        "dvar": [2.17450448758e-08, 9.18799543115e-08, 1.06937271482e-07, 2.1795725047e-07, 1.34838899157e-07, 1.34942595764e-07, 1.58166955089e-07, 5.68545033275e-07, 1.42168090633e-07, 3.60224845508e-08, 6.57744223531e-08, 7.18197341598e-08, 3.34216636588e-08, 9.13294329052e-09, 1.75267995672e-08, 9.07976893672e-09, 1.14316653921e-08, 6.39928021684e-09, 4.65311389419e-09, 6.89839785295e-09, 2.64673616357e-09, 1.02684449832e-09, 1.37989275562e-09, 3.85528137192e-10, 1.30602959003e-10, 5.02557440107e-10, 4.95396779154e-10, 1.62308264051e-10, 3.96947058556e-11, 3.80987862786e-12, 3.71269291352e-12, 3.03498480687e-12, 2.11087787874e-12, 4.41470427923e-12, 1.78548478086e-11, 4.21033173603e-11, 6.95682261798e-11, 8.23696319485e-11, 2.66795370518e-11, 1.37281080601e-11],
        "dvar2": [6.06229946243e-08, 2.2197419014e-07, 2.99640106505e-07, 4.9661207413e-07, 2.77685927585e-07, 2.31088066016e-07, 3.20264263109e-07, 1.22971300698e-06, 2.83098017917e-07, 7.32497866807e-08, 1.2238092495e-07, 1.31670006454e-07, 6.20857534273e-08, 1.6388771229e-08, 3.57456677591e-08, 1.68461387062e-08, 2.12863433546e-08, 1.40098732615e-08, 1.0273422113e-08, 1.23853522993e-08, 5.17835552216e-09, 2.37009389892e-09, 2.92823831849e-09, 8.10238431903e-10, 3.10053011043e-10, 1.15600196082e-09, 9.47623535197e-10, 3.16208559337e-10, 9.12374897855e-11, 8.93195500201e-12, 8.80199645809e-12, 5.64891970006e-12, 4.49971223476e-12, 9.4127058578e-12, 3.75972031286e-11, 8.86896805996e-11, 1.23957052955e-10, 1.32974936617e-10, 4.51414287894e-11, 3.25807922308e-11],
        "max": [0.00191199756227, 0.00587881216779, 0.00411753542721, 0.0138620678335, 0.00514215463772, 0.00842658709735, 0.00730188610032, 0.00976177304983, 0.00592632219195, 0.00397480884567, 0.00425635185093, 0.00385965500027, 0.00410268455744, 0.00158153590746, 0.0020105803851, 0.00146645563655, 0.00164340843912, 0.00126139458735, 0.0011110061314, 0.00159509968944, 0.00131789525039, 0.00059110566508, 0.00080834235996, 0.000322192034218, 0.000243362926994, 0.000496221880894, 0.000404365506256, 0.000212985862163, 0.000131645123474, 2.89870713459e-05, 4.07897823607e-05, 2.64358823188e-05, 2.30228797591e-05, 3.43292085745e-05, 9.88856336335e-05, 0.000159805858857, 0.000189872458577, 0.000242237787461, 0.00012252284796, 8.90098017408e-05],
        "mean": [0.000197131346795, 0.00049560633488, 0.000515413412359, 0.000491294078529, 0.000418513634941, 0.000229071389185, 0.000249518605415, 0.000497641856782, 0.000259667111095, 0.000129691863549, 0.000211341306567, 0.000187573939911, 0.000117916933959, 6.98751828168e-05, 8.33745216369e-05, 7.96490276116e-05, 7.97902757768e-05, 6.99919837643e-05, 4.90485072078e-05, 5.95448800595e-05, 4.0847913624e-05, 4.10516258853e-05, 4.35406982433e-05, 2.30487275985e-05, 1.50454634422e-05, 2.23266197281e-05, 2.95483405353e-05, 1.86124070751e-05, 7.67618348618e-06, 2.63120114141e-06, 1.67266614426e-06, 1.56497446824e-06, 1.10823259547e-06, 1.47181890497e-06, 2.27149507737e-06, 2.25456801672e-06, 2.93259677164e-06, 3.23355880028e-06, 1.77737922513e-06, 9.38125253924e-07],
        "median": [0.000164602795849, 0.000372146023437, 0.000446681515314, 0.000317672151141, 0.000205152740818, 9.43995255511e-05, 4.76197856187e-05, 8.84707696969e-05, 5.78806066187e-05, 5.149874778e-05, 5.87371541769e-05, 3.33246534865e-05, 3.82079779229e-05, 2.31413832807e-05, 2.65911148745e-05, 2.15785239561e-05, 2.67226951109e-05, 2.66312290478e-05, 1.43090119309e-05, 1.74357828655e-05, 1.60642084666e-05, 2.09253885259e-05, 2.1690817448e-05, 1.15261273095e-05, 8.39699987409e-06, 1.17255276564e-05, 1.26251461552e-05, 9.42548467719e-06, 4.71336170449e-06, 1.71654983205e-06, 8.82914036993e-07, 7.20028197065e-07, 4.87276452077e-07, 5.65140908293e-07, 7.05057686901e-07, 4.63344747459e-07, 4.36082274291e-07, 4.18835782057e-07, 2.4470151061e-07, 1.13562684589e-07],
        "min": [4.19650348249e-07, 5.41108420293e-06, 5.94517132413e-07, 9.00262079995e-07, 6.22542984274e-07, 6.15278736404e-07, 3.27471752826e-07, 7.69393977862e-07, 6.53968982078e-07, 4.40958103809e-07, 5.08383664055e-07, 4.06059712077e-07, 2.08762756415e-07, 3.65846233308e-07, 2.2053151838e-07, 2.19332477513e-07, 3.24734429569e-07, 1.78555339403e-07, 1.50905492546e-07, 1.51103620283e-07, 1.6947609538e-07, 2.19646608457e-07, 2.84494916514e-07, 1.39050371217e-07, 1.88663278777e-07, 1.10344963389e-07, 9.20752043498e-08, 9.52919663177e-08, 2.97212938705e-08, 1.0746892265e-10, 3.4536309923e-10, 3.65699071025e-09, 1.25660437611e-09, 1.51053980435e-09, 2.02343408695e-09, 1.54707024969e-09, 7.18199277827e-10, 5.51066581256e-10, 9.25407736552e-11, 1.02360513728e-12],
