{
"highlevel": {
    "danceability": {
        "all": {
            "danceable": 0.955976426601,
            "not_danceable": 0.0440235957503
        },
        "probability": 0.955976426601,
        "value": "danceable"
    },
    "gender": {
        "all": {
            "female": 0.804714500904,
            "male": 0.195285484195
        },
        "probability": 0.804714500904,
        "value": "female"
    },
    "genre_dortmund": {
        "all": {
            "alternative": 0.0209595933557,
            "blues": 0.0582363419235,
            "electronic": 0.0591300651431,
            "folkcountry": 0.0435739830136,
            "funksoulrnb": 0.0624743886292,
            "jazz": 0.197887957096,
            "pop": 0.0916469022632,
            "raphiphop": 0.415235191584,
            "rock": 0.0508555844426
        },
        "probability": 0.415235191584,
        "value": "raphiphop"
    },
    "genre_electronic": {
        "all": {
            "ambient": 0.651734352112,
            "dnb": 0.0914460197091,
            "house": 0.1950815171,
            "techno": 0.0259767882526,
            "trance": 0.0357613116503
        },
        "probability": 0.651734352112,
        "value": "ambient"
    },
    "genre_rosamerica": {
        "all": {
            "cla": 0.00763751892373,
            "dan": 0.0439718291163,
            "hip": 0.374764800072,
            "jaz": 0.0326923169196,
            "pop": 0.0462987944484,
            "rhy": 0.482795983553,
            "roc": 0.00456711184233,
            "spe": 0.0072716427967
        },
        "probability": 0.482795983553,
        "value": "rhy"
    },
    "genre_tzanetakis": {
        "all": {
            "blu": 0.0626613423228,
            "cla": 0.0348169617355,
            "cou": 0.104475811124,
            "dis": 0.0784321576357,
            "hip": 0.15692435205,
            "jaz": 0.313974827528,
            "met": 0.0448166541755,
            "pop": 0.0627359300852,
            "reg": 0.0627360641956,
            "roc": 0.0784258767962
        },
        "probability": 0.313974827528,
        "value": "jaz"
    },
    "ismir04_rhythm": {
        "all": {
            "ChaChaCha": 0.106192775071,
            "Jive": 0.0292895510793,
            "Quickstep": 0.0315600819886,
            "Rumba-American": 0.0516174100339,
            "Rumba-International": 0.149992629886,
            "Rumba-Misc": 0.0292987395078,
            "Samba": 0.551441073418,
            "Tango": 0.0114672034979,
            "VienneseWaltz": 0.00970961246639,
            "Waltz": 0.0294309351593
        },
        "probability": 0.551441073418,
        "value": "Samba"
    },
    "mood_acoustic": {
        "all": {
            "acoustic": 0.521663427353,
            "not_acoustic": 0.478336572647
        },
        "probability": 0.521663427353,
        "value": "acoustic"
    },
    "mood_aggressive": {
        "all": {
            "aggressive": 0.00397204048932,
            "not_aggressive": 0.996027946472
        },
        "probability": 0.996027946472,
        "value": "not_aggressive"
    },
    "mood_electronic": {
        "all": {
            "electronic": 0.650140106678,
            "not_electronic": 0.349859893322
        },
        "probability": 0.650140106678,
        "value": "electronic"
    },
    "mood_happy": {
        "all": {
            "happy": 0.268649160862,
            "not_happy": 0.731350839138
        },
        "probability": 0.731350839138,
        "value": "not_happy"
    },
    "mood_party": {
        "all": {
            "not_party": 0.534948289394,
            "party": 0.465051740408
        },
        "probability": 0.534948289394,
        "value": "not_party"
    },
    "mood_relaxed": {
        "all": {
            "not_relaxed": 0.790841579437,
            "relaxed": 0.20915839076
        },
        "probability": 0.790841579437,
        "value": "not_relaxed"
    },
    "mood_sad": {
        "all": {
            "not_sad": 0.249859899282,
            "sad": 0.750140070915
        },
        "probability": 0.750140070915,
        "value": "sad"
    },
    "moods_mirex": {
        "all": {
            "Cluster1": 0.307435184717,
            "Cluster2": 0.287675350904,
            "Cluster3": 0.252159714699,
            "Cluster4": 0.0852920264006,
            "Cluster5": 0.0674377456307
        },
        "probability": 0.307435184717,
        "value": "Cluster1"
    },
    "timbre": {
        "all": {
            "bright": 0.934948980808,
            "dark": 0.0650510415435
        },
        "probability": 0.934948980808,
        "value": "bright"
    },
    "tonal_atonal": {
        "all": {
            "atonal": 0.0640577301383,
            "tonal": 0.935942292213
        },
        "probability": 0.935942292213,
        "value": "tonal"
    },
    "voice_instrumental": {
        "all": {
            "instrumental": 0.100225351751,
            "voice": 0.899774670601
        },
        "probability": 0.899774670601,
        "value": "voice"
    }
},
"lowlevel": {
    "average_loudness": 0.973468899727,
    "barkbands_crest": {
        "dmean": 3.78772926331,
        "dmean2": 6.0512509346,
        "dvar": 11.5603675842,
        "dvar2": 29.256105423,
        "max": 26.6898880005,
        "mean": 14.931968689,
        "median": 14.7470369339,
        "min": 3.27973103523,
        "var": 26.7748146057
    },
    "barkbands_flatness_db": {
        "dmean": 0.0378062799573,
        "dmean2": 0.0571144409478,
        "dvar": 0.00138066534419,
        "dvar2": 0.00297133298591,
        "max": 0.463813394308,
        "mean": 0.213649809361,
        "median": 0.209488004446,
        "min": 0.0435219332576,
        "var": 0.00497652124614
    },
    "barkbands_kurtosis": {
        "dmean": 14.1136169434,
        "dmean2": 22.2874317169,
        "dvar": 2632.15942383,
        "dvar2": 6599.02636719,
        "max": 1025.2734375,
        "mean": 18.2507629395,
        "median": 6.38227081299,
        "min": -1.88072192669,
        "var": 3073.18066406
    },
    "barkbands_skewness": {
        "dmean": 1.19503700733,
        "dmean2": 1.79602527618,
        "dvar": 2.73869824409,
        "dvar2": 6.14759683609,
        "max": 29.0125484467,
        "mean": 2.66181612015,
        "median": 2.16872406006,
        "min": -4.63530683517,
        "var": 6.51886749268
    },
    "barkbands_spread": {
        "dmean": 7.31999635696,
        "dmean2": 11.4488096237,
        "dvar": 94.3572387695,
        "dvar2": 207.474990845,
        "max": 115.901527405,
        "mean": 16.5573654175,
        "median": 12.2701635361,
        "min": 0.176333501935,
        "var": 232.68510437
    },
    "dissonance": {
        "dmean": 0.0339764207602,
        "dmean2": 0.0552862435579,
        "dvar": 0.0010232309578,
        "dvar2": 0.00259691942483,
        "max": 0.499931693077,
        "mean": 0.431855112314,
        "median": 0.441300243139,
        "min": 0.231855452061,
        "var": 0.00220500305295
    },
    "dynamic_complexity": 3.83449578285,
    "erbbands_crest": {
        "dmean": 3.97510075569,
        "dmean2": 6.35021734238,
        "dvar": 14.5334825516,
        "dvar2": 33.7411308289,
        "max": 30.4850006104,
        "mean": 12.5693054199,
        "median": 11.4964141846,
        "min": 2.70392608643,
        "var": 37.4482307434
    },
    "erbbands_flatness_db": {
        "dmean": 0.0262625999749,
        "dmean2": 0.0373827256262,
        "dvar": 0.000654820061754,
        "dvar2": 0.00123473338317,
        "max": 0.487720549107,
        "mean": 0.169410541654,
        "median": 0.156655237079,
        "min": 0.059565640986,
        "var": 0.00420393282548
    },
    "erbbands_kurtosis": {
        "dmean": 2.95922756195,
        "dmean2": 4.44596719742,
        "dvar": 21.4177970886,
        "dvar2": 48.1528434753,
        "max": 72.9953308105,
        "mean": 3.72547483444,
        "median": 1.60733175278,
        "min": -1.76906919479,
        "var": 43.1669654846
    },
    "erbbands_skewness": {
        "dmean": 0.632520616055,
        "dmean2": 0.94552052021,
        "dvar": 0.460835635662,
        "dvar2": 0.948908686638,
        "max": 6.4882645607,
        "mean": 0.946647047997,
        "median": 0.917326807976,
        "min": -4.41249275208,
        "var": 1.78106534481
    },
    "erbbands_spread": {
        "dmean": 12.5397825241,
        "dmean2": 19.0445899963,
        "dvar": 197.401275635,
        "dvar2": 465.356658936,
        "max": 143.084960938,
        "mean": 38.2113723755,
        "median": 34.074596405,
        "min": 1.9842633009,
        "var": 563.855041504
    },
    "hfc": {
        "dmean": 8.15757465363,
        "dmean2": 12.0175638199,
        "dvar": 185.00201416,
        "dvar2": 440.270904541,
        "max": 104.832168579,
        "mean": 14.5467405319,
        "median": 10.1671228409,
        "min": 0.0156495012343,
        "var": 262.738739014
    },
    "melbands_crest": {
        "dmean": 4.18659830093,
        "dmean2": 6.79447555542,
        "dvar": 13.7906951904,
        "dvar2": 34.1735801697,
        "max": 33.5311775208,
        "mean": 18.3823013306,
        "median": 18.0712490082,
        "min": 4.83902215958,
        "var": 38.7005462646
    },
    "melbands_flatness_db": {
        "dmean": 0.0445506349206,
        "dmean2": 0.0645383670926,
        "dvar": 0.00202576396987,
        "dvar2": 0.00428810715675,
        "max": 0.576602995396,
        "mean": 0.273890435696,
        "median": 0.273980200291,
        "min": 0.0496855154634,
        "var": 0.00789073854685
    },
    "melbands_kurtosis": {
        "dmean": 23.4417324066,
        "dmean2": 37.3262443542,
        "dvar": 2171.73364258,
        "dvar2": 4983.87890625,
        "max": 732.869995117,
        "mean": 35.408493042,
        "median": 16.0538024902,
        "min": -1.90747988224,
        "var": 3677.12792969
    },
    "melbands_skewness": {
        "dmean": 1.43459677696,
        "dmean2": 2.17083311081,
        "dvar": 2.67808842659,
        "dvar2": 6.07907438278,
        "max": 17.6231765747,
        "mean": 3.64464044571,
        "median": 3.20880293846,
        "min": -1.59643316269,
        "var": 7.72839832306
    },
    "melbands_spread": {
        "dmean": 7.60641717911,
        "dmean2": 11.6778755188,
        "dvar": 174.912399292,
        "dvar2": 305.878631592,
        "max": 253.088378906,
        "mean": 16.3065605164,
        "median": 10.6591653824,
        "min": 0.241471856833,
        "var": 566.046386719
    },
    "pitch_salience": {
        "dmean": 0.101244911551,
        "dmean2": 0.158083051443,
        "dvar": 0.00996845960617,
        "dvar2": 0.022977296263,
        "max": 0.848042786121,
        "mean": 0.443803459406,
        "median": 0.436866521835,
        "min": 0.0356940291822,
        "var": 0.0250769350678
    },
    "silence_rate_20dB": {
        "dmean": 0,
        "dmean2": 0,
        "dvar": 0,
        "dvar2": 0,
        "max": 1,
        "mean": 1,
        "median": 1,
        "min": 1,
        "var": 0
    },
    "silence_rate_30dB": {
        "dmean": 0.0232198145241,
        "dmean2": 0.0464756004512,
        "dvar": 0.0226809438318,
        "dvar2": 0.0598067604005,
        "max": 1,
        "mean": 0.984532117844,
        "median": 1,
        "min": 0,
        "var": 0.0152283618227
    },
    "silence_rate_60dB": {
        "dmean": 0.039473682642,
        "dmean2": 0.0790085196495,
        "dvar": 0.0379152148962,
        "dvar2": 0.075863853097,
        "max": 1,
        "mean": 0.0897138416767,
        "median": 0,
        "min": 0,
        "var": 0.0816656202078
    },
    "spectral_centroid": {
        "dmean": 313.465301514,
        "dmean2": 475.479949951,
        "dvar": 204957.875,
        "dvar2": 402038.03125,
        "max": 6955.60839844,
        "mean": 1040.62243652,
        "median": 825.11151123,
        "min": 156.924545288,
        "var": 627087.8125
    },
    "spectral_complexity": {
        "dmean": 4.06114530563,
        "dmean2": 6.22927951813,
        "dvar": 42.263420105,
        "dvar2": 83.4224319458,
        "max": 50,
        "mean": 10.3812837601,
        "median": 9,
        "min": 0,
        "var": 75.4809417725
    },
    "spectral_decrease": {
        "dmean": 3.71731712079e-09,
        "dmean2": 5.550054194e-09,
        "dvar": 2.88823511199e-17,
        "dvar2": 6.0619501057e-17,
        "max": -4.31547072383e-12,
        "mean": -7.39128047655e-09,
        "median": -4.4867984883e-09,
        "min": -3.75164930233e-08,
        "var": 5.54865343362e-17
    },
    "spectral_energy": {
        "dmean": 0.0144701534882,
        "dmean2": 0.0216483417898,
        "dvar": 0.000437371083535,
        "dvar2": 0.000914878968615,
        "max": 0.143640354276,
        "mean": 0.0292157903314,
        "median": 0.0178964063525,
        "min": 1.77070087375e-05,
        "var": 0.000842922891025
    },
    "spectral_energyband_high": {
        "dmean": 0.000451779545983,
        "dmean2": 0.000665255065542,
        "dvar": 6.96397592037e-07,
        "dvar2": 1.64267305536e-06,
        "max": 0.00639686314389,
        "mean": 0.000614084361587,
        "median": 0.000207282748306,
        "min": 3.46712951682e-08,
        "var": 9.0669891506e-07
    },
    "spectral_energyband_low": {
        "dmean": 0.00828083325177,
        "dmean2": 0.0128882871941,
        "dvar": 0.00029105466092,
        "dvar2": 0.000593086529989,
        "max": 0.135434761643,
        "mean": 0.0145731614903,
        "median": 0.00967765133828,
        "min": 5.00282176796e-11,
        "var": 0.000483020965476
    },
    "spectral_energyband_middle_high": {
        "dmean": 0.00192403886467,
        "dmean2": 0.00281935255043,
        "dvar": 1.0061608009e-05,
        "dvar2": 2.04271400435e-05,
        "max": 0.0359020791948,
        "mean": 0.00351503002457,
        "median": 0.00109828740824,
        "min": 2.01216926143e-06,
        "var": 2.67261002591e-05
    },
    "spectral_energyband_middle_low": {
        "dmean": 0.00878782849759,
        "dmean2": 0.0148401176557,
        "dvar": 0.000274248042842,
        "dvar2": 0.000715476518963,
        "max": 0.131211489439,
        "mean": 0.011142632924,
        "median": 0.00462264288217,
        "min": 3.66316908185e-06,
        "var": 0.000288104871288
    },
    "spectral_entropy": {
        "dmean": 0.280954986811,
        "dmean2": 0.409322142601,
        "dvar": 0.0848681628704,
        "dvar2": 0.171545475721,
        "max": 8.93809318542,
        "mean": 7.28445100784,
        "median": 7.28080463409,
        "min": 5.26713609695,
        "var": 0.338564664125
    },
    "spectral_flux": {
        "dmean": 0.0410541221499,
        "dmean2": 0.0599657930434,
        "dvar": 0.00211960636079,
        "dvar2": 0.00368198100477,
        "max": 0.37367734313,
        "mean": 0.0911649167538,
        "median": 0.0661556199193,
        "min": 0.00190265139099,
        "var": 0.00552229583263
    },
    "spectral_kurtosis": {
        "dmean": 2.11273026466,
        "dmean2": 3.27927827835,
        "dvar": 25.7688713074,
        "dvar2": 64.5533294678,
        "max": 91.4903488159,
        "mean": 4.63674545288,
        "median": 3.38214826584,
        "min": -1.18041026592,
        "var": 45.8861083984
    },
    "spectral_rms": {
        "dmean": 0.00118025089614,
        "dmean2": 0.0017066487344,
        "dvar": 2.13616590372e-06,
        "dvar2": 3.99907548854e-06,
        "max": 0.0118379443884,
        "mean": 0.00472665624693,
        "median": 0.00417850539088,
        "min": 0.000131434891955,
        "var": 6.16195347902e-06
    },
    "spectral_rolloff": {
        "dmean": 486.731170654,
        "dmean2": 810.091430664,
        "dvar": 1194549,
        "dvar2": 2423978.25,
        "max": 13135.2539062,
        "mean": 1047.4510498,
        "median": 559.86328125,
        "min": 64.599609375,
        "var": 2976310.5
    },
    "spectral_skewness": {
        "dmean": 0.299934983253,
        "dmean2": 0.441031754017,
        "dvar": 0.144516810775,
        "dvar2": 0.300989359617,
        "max": 7.31486940384,
        "mean": 1.70116794109,
        "median": 1.62976253033,
        "min": -0.506908714771,
        "var": 0.488551676273
    },
    "spectral_spread": {
        "dmean": 865646.0625,
        "dmean2": 1285545,
        "dvar": 960101875712,
        "dvar2": 2.08050428314e+12,
        "max": 14597224,
        "mean": 5904682,
        "median": 5782045.5,
        "min": 828627,
        "var": 3.78874416333e+12
    },
    "spectral_strongpeak": {
        "dmean": 0.44417488575,
        "dmean2": 0.715808391571,
        "dvar": 0.568265259266,
        "dvar2": 1.20043158531,
        "max": 9.10049819946,
        "mean": 0.799989938736,
        "median": 0.365965902805,
        "min": 0.0127062946558,
        "var": 1.01793575287
    },
    "zerocrossingrate": {
        "dmean": 0.0133385434747,
        "dmean2": 0.0155576765537,
        "dvar": 0.000407597748563,
        "dvar2": 0.000399226177251,
        "max": 0.4853515625,
        "mean": 0.0490463972092,
        "median": 0.03857421875,
        "min": 0.00244140625,
        "var": 0.00249462714419
    },
    "barkbands": {
        "dmean": [0.000144657926285, 0.00688419863582, 0.00367610482499, 0.00145719922148, 0.00542901922017, 0.00146072776988, 0.000834610371385, 0.000471498351544, 0.000752130988985, 0.000512805301696, 0.000515005376656, 0.000406089442549, 0.000362484832294, 0.000183278578334, 0.000148094550241, 0.000132516739541, 0.000148861086927, 0.000121957942611, 0.000102222227724, 8.4487714048e-05, 6.57921409584e-05, 7.29855164536e-05, 7.2285933129e-05, 9.97902534436e-05, 9.21670070966e-05, 6.33591698715e-05, 6.21168672055e-09],
        "dmean2": [0.000216110071051, 0.0112925386056, 0.00651536462829, 0.00263083772734, 0.00933814514428, 0.00261481828056, 0.00127946375869, 0.000737874361221, 0.00111823691987, 0.000779758556746, 0.000729001767468, 0.0005798881175, 0.000559448788408, 0.00029343663482, 0.00022554921452, 0.000214719664655, 0.000266748102149, 0.000211976628634, 0.000165114106494, 0.000133011402795, 0.000102510326542, 0.000112221292511, 0.000107157946331, 0.000155293673743, 0.000145445461385, 0.000105373648694, 1.09110764868e-08],
        "dvar": [9.57188248663e-08, 0.000226292948355, 0.000128785861307, 2.24015093409e-05, 0.000173378139152, 1.07192145151e-05, 4.36886466559e-06, 1.9100937152e-06, 2.9710479339e-06, 1.23498466564e-06, 2.16133889808e-06, 1.21625714655e-06, 1.41125929076e-06, 1.89507929349e-07, 1.37275847578e-07, 9.98033513611e-08, 1.79353477847e-07, 1.26293898006e-07, 5.60709914055e-08, 2.83652905608e-08, 1.58890607338e-08, 1.84583850427e-08, 1.68214207008e-08, 3.37963861341e-08, 2.93212281122e-08, 2.20557510033e-08, 3.75527694946e-15],
        "dvar2": [1.91608705791e-07, 0.000600747880526, 0.000349250010913, 6.32457959e-05, 0.000460390787339, 2.98086761177e-05, 9.13311032491e-06, 4.37340895587e-06, 6.41015913061e-06, 2.6899617751e-06, 3.97931489715e-06, 2.10486177821e-06, 3.13666691909e-06, 4.15685150301e-07, 2.78642971807e-07, 2.35189816067e-07, 5.09467724896e-07, 3.54455210072e-07, 1.38724104204e-07, 7.15301737841e-08, 3.53984930257e-08, 4.32288302932e-08, 3.71601451832e-08, 7.78979938332e-08, 7.03569469351e-08, 5.77896557274e-08, 8.45235373934e-15],
        "max": [0.00330727524124, 0.129731744528, 0.0760822445154, 0.0472888872027, 0.123789899051, 0.0273177735507, 0.0272647943348, 0.0254453774542, 0.0297855250537, 0.0135824084282, 0.0213483590633, 0.0316257365048, 0.0341658741236, 0.00602675648406, 0.00721120228991, 0.00358727248386, 0.00408878317103, 0.00268699065782, 0.00228008977138, 0.0015219434863, 0.0011086515151, 0.00108061451465, 0.00139442528598, 0.00163371418603, 0.00131552328821, 0.000929625472054, 1.33942683078e-06],
        "mean": [0.00019345493638, 0.010951907374, 0.00289993057959, 0.00112492381595, 0.00519290752709, 0.0015075604897, 0.00133190210909, 0.00070579117164, 0.00107447779737, 0.000831924553495, 0.000824962509796, 0.000576813414227, 0.000428603438195, 0.000228708711802, 0.000193264757399, 0.000139950221637, 0.000122296129121, 9.85761798802e-05, 0.000109821070509, 0.000111990499136, 9.02120955288e-05, 9.58445962169e-05, 9.06737841433e-05, 0.000121787583339, 0.00010647635645, 6.1059014115e-05, 4.17137036024e-09],
        "median": [5.69378644286e-05, 0.00814692303538, 0.000487211567815, 0.000190514954738, 0.000687512510922, 0.000267565861577, 0.000215757099795, 7.18612209312e-05, 0.00016804705956, 0.000135503913043, 4.49027938885e-05, 4.87599972985e-05, 2.97133410641e-05, 2.27601340157e-05, 2.80061576632e-05, 1.45306621562e-05, 1.82178810064e-05, 8.62655542733e-06, 1.82654166565e-05, 2.98087561532e-05, 2.71520984825e-05, 2.70367800113e-05, 1.8673714294e-05, 2.66319912043e-05, 2.69574575213e-05, 1.01896202978e-05, 3.61815827299e-10],
        "min": [9.61012519562e-13, 4.68449801519e-12, 9.15613418417e-12, 7.7874193205e-11, 1.19510685792e-08, 1.48922243426e-08, 2.6907849815e-07, 6.41939834622e-08, 1.46829663095e-07, 1.07057331888e-07, 4.30924309569e-08, 5.91949564921e-08, 2.00131111683e-08, 1.34200828228e-08, 4.69189522789e-08, 3.32430509786e-08, 7.63174856644e-09, 2.93212276681e-09, 2.98960820544e-08, 3.00531226571e-08, 9.85035164547e-09, 1.21797221198e-08, 9.21105136609e-11, 5.05730630984e-11, 4.49034819744e-12, 4.57092913866e-12, 6.48728033098e-12],
        "var": [1.57308960524e-07, 0.000276026461506, 8.69604991749e-05, 1.37272454594e-05, 0.000156192953, 1.05529334178e-05, 1.29312111312e-05, 3.443674359e-06, 7.3530904956e-06, 2.81605321106e-06, 5.83877499594e-06, 3.86356077797e-06, 2.24769655688e-06, 3.47696470726e-07, 3.07350092044e-07, 1.17403793354e-07, 1.14288837949e-07, 8.42340455165e-08, 5.82779939862e-08, 3.45345583241e-08, 2.28018226522e-08, 2.6533934161e-08, 2.67791531172e-08, 4.92282161701e-08, 3.5534085896e-08, 1.88491959818e-08, 2.60290196548e-15]
    },
    "erbbands": {
        "dmean": [0.165621951222, 1.64740157127, 4.01363658905, 3.89523601532, 8.03697872162, 26.0188083649, 13.9176464081, 12.9311218262, 12.1631498337, 8.54668331146, 12.7705745697, 18.5417041779, 11.8646249771, 20.7071743011, 19.3621063232, 16.4584827423, 16.8075561523, 10.613035202, 7.39538860321, 7.13910722733, 6.99845743179, 8.72699546814, 6.33925199509, 5.36155414581, 5.9501543045, 3.81233525276, 2.45917892456, 3.07372808456, 2.82253217697, 2.01054239273, 2.09681153297, 2.0977807045, 1.66973233223, 1.0593111515, 0.650427162647, 0.292591899633, 0.117281779647, 0.0122426822782, 0.000217675886233, 2.32877318922e-05],
        "dmean2": [0.265572398901, 2.70741462708, 6.66543912888, 6.65550088882, 14.2558336258, 44.553024292, 24.3433513641, 22.873254776, 18.5642948151, 13.6866025925, 19.8081665039, 28.0073776245, 17.368265152, 29.3387699127, 26.8719406128, 23.7721920013, 25.3056125641, 16.8608341217, 11.6636619568, 11.3004322052, 11.3932571411, 15.6013555527, 10.8605499268, 9.19075489044, 9.57255077362, 6.00564670563, 3.75966501236, 4.87737941742, 4.36382341385, 3.03404140472, 3.11078262329, 3.25347542763, 2.61302638054, 1.64182412624, 1.0390663147, 0.473212093115, 0.19630818069, 0.0213379058987, 0.00037178065395, 3.6476594687e-05],
        "dvar": [0.108525149524, 14.8680143356, 134.598754883, 116.356880188, 389.393249512, 4822.60546875, 1251.55187988, 838.826599121, 884.450073242, 424.214385986, 1336.00439453, 2044.50524902, 675.807983398, 2520.91894531, 2385.79223633, 2391.76904297, 3408.39233398, 657.464355469, 285.054626465, 369.153137207, 283.90020752, 664.597229004, 295.559020996, 231.360275269, 178.221923828, 57.3337364197, 23.4141635895, 40.0600013733, 25.7013721466, 14.1619329453, 14.1488733292, 15.0716304779, 9.69243907928, 3.61183142662, 1.62467801571, 0.38850992918, 0.077973626554, 0.00137230439577, 3.7623146909e-07, 1.48046708226e-09],
        "dvar2": [0.266612023115, 37.6797790527, 338.435302734, 295.749267578, 1092.68701172, 12780.8056641, 3439.23583984, 2260.86572266, 1752.42675781, 1000.50909424, 3073.66625977, 4330.72265625, 1347.02416992, 5071.38085938, 4639.96777344, 4142.62353516, 7293.05126953, 1423.92382812, 670.789428711, 885.159667969, 734.448303223, 1886.58642578, 817.12286377, 632.056518555, 463.911407471, 143.434692383, 54.087638855, 94.0226821899, 59.9491844177, 30.5169048309, 31.1039943695, 34.8518486023, 22.469285965, 8.52637290955, 4.00284290314, 0.969726204872, 0.207599341869, 0.00382866850123, 1.03954323549e-06, 3.44234374339e-09],
        "max": [3.47949099541, 31.2932395935, 80.0590133667, 94.0604858398, 159.129135132, 676.55480957, 337.88067627, 309.02746582, 433.408660889, 306.961730957, 704.135314941, 858.807434082, 402.666015625, 957.372192383, 767.020202637, 1600.50866699, 1725.05114746, 364.187042236, 258.349487305, 311.267913818, 137.3334198, 255.496383667, 117.997245789, 152.174484253, 120.264297485, 63.7425003052, 42.6971435547, 59.9703330994, 40.9063224792, 32.5059623718, 36.0574188232, 33.1792907715, 25.5692920685, 16.1529579163, 7.84379768372, 4.48410272598, 1.83853268623, 0.26996243, 0.00443519279361, 0.000314672186505],
        "mean": [0.295104682446, 2.47300744057, 3.98618984222, 3.45706677437, 7.0089392662, 24.9627685547, 13.9920043945, 13.5902776718, 20.1417312622, 12.2984189987, 20.353729248, 27.5567169189, 18.813993454, 32.9162635803, 33.4445762634, 25.3133354187, 21.0761127472, 13.6615457535, 9.8103351593, 9.62542819977, 6.92380475998, 7.12295103073, 5.31871080399, 4.64501857758, 6.98852157593, 5.06869745255, 3.38304543495, 3.90795922279, 3.75132060051, 2.69228625298, 2.60145902634, 2.56758952141, 1.99778854847, 1.28532481194, 0.700070679188, 0.300369501114, 0.108345642686, 0.0095532964915, 0.00019199232338, 4.29044775956e-05],
        "median": [0.144994065166, 1.5820543766, 1.05994689465, 0.678736925125, 1.54042541981, 2.37681317329, 2.31948876381, 2.52505874634, 3.32236623764, 3.87248826027, 3.58092737198, 5.7979259491, 4.43719959259, 5.40241575241, 2.91284704208, 2.97739481926, 1.78108489513, 1.5609395504, 1.70553719997, 1.2478055954, 0.885268568993, 0.987833023071, 0.57155507803, 0.611942589283, 1.47930002213, 1.35481798649, 1.09938442707, 0.97533261776, 1.0333698988, 0.759855270386, 0.484080463648, 0.432527035475, 0.462285846472, 0.324220865965, 0.157254457474, 0.0612736046314, 0.0162272136658, 0.0010596307693, 3.86610736314e-05, 2.59497846855e-05],
        "min": [6.89953205679e-10, 6.77934908211e-09, 3.6475665155e-08, 5.99500253884e-07, 1.53724049596e-05, 4.92452745675e-05, 7.76178058004e-05, 0.000842399138492, 0.00460187764838, 0.00375522742979, 0.0024389422033, 0.00447689322755, 0.0021813986823, 0.0023474348709, 0.00545400753617, 0.00515679642558, 0.00400700140744, 0.00117090437561, 0.00276533211581, 0.00153745582793, 0.00113781064283, 0.000532503821887, 0.000421013188316, 0.00049749907339, 0.00216152658686, 0.00123552663717, 0.000323367974488, 0.000444042059826, 0.000281837856164, 0.00013991582091, 1.06736479211e-05, 1.89770651104e-06, 9.98688165055e-07, 1.66464772633e-07, 9.17962594826e-08, 4.36905587264e-08, 1.89268227757e-08, 7.10281211624e-09, 1.07106492564e-08, 2.11070876333e-08],
        "var": [0.207971990108, 16.2967586517, 110.037254333, 90.6081466675, 261.85723877, 4383.86523438, 1126.90917969, 889.37512207, 2959.5078125, 633.479187012, 2472.29418945, 5040.3359375, 1627.84472656, 5198.35009766, 7085.62109375, 8430.11621094, 5642.10253906, 1228.96264648, 493.226501465, 745.579284668, 250.95791626, 420.187408447, 208.274871826, 165.918746948, 181.85710144, 70.7898330688, 31.4182987213, 51.5261878967, 38.6323699951, 21.901216507, 22.4943904877, 23.3063697815, 13.1988067627, 5.00965499878, 1.74864196777, 0.389244794846, 0.0643746256828, 0.00090166949667, 2.61584119698e-07, 2.17733853169e-09]
    },
    "gfcc": {
        "mean": [-48.7676544189, 86.6646270752, -87.3777313232, 28.6196308136, -66.9805679321, 24.781419754, -32.1590881348, 13.9034967422, -26.4133892059, 9.7523431778, -14.109618187, 3.08125352859, -4.42938899994],
        "cov": [[10561.1435547, -1211.04064941, 1108.5916748, 664.40826416, 471.610870361, 790.980102539, -497.809631348, 422.840698242, -468.930725098, 259.98651123, -639.755004883, 139.780059814, -274.709899902], [-1211.04064941, 1618.05944824, 18.8121967316, -54.8841972351, 336.542236328, -91.3821563721, 447.204589844, -20.6144618988, 167.007797241, -64.7272720337, 234.267028809, -60.9498062134, 94.670539856], [1108.5916748, 18.8121967316, 1464.5189209, 818.851806641, 285.117218018, 278.49697876, -57.1196365356, 260.47164917, 154.187210083, 86.928604126, -55.1693649292, 54.3119697571, -1.64655542374], [664.40826416, -54.8841972351, 818.851806641, 932.713989258, 316.778381348, 29.6269340515, -155.412734985, 143.355545044, 182.47467041, 78.3192901611, -19.6360454559, 35.3743095398, 53.6638336182], [471.610870361, 336.542236328, 285.117218018, 316.778381348, 581.089904785, 188.156265259, 112.589332581, 113.733818054, 105.945045471, 68.6793365479, 18.9531345367, -9.03647327423, 2.97770261765], [790.980102539, -91.3821563721, 278.49697876, 29.6269340515, 188.156265259, 602.42755127, 309.713226318, 187.960769653, 15.5053348541, 88.7960281372, 12.3516864777, -9.92043781281, 5.67823600769], [-497.809631348, 447.204589844, -57.1196365356, -155.412734985, 112.589332581, 309.713226318, 653.905090332, 135.495788574, 35.2884864807, 66.1325378418, 149.106567383, -17.9471626282, 44.2334136963], [422.840698242, -20.6144618988, 260.47164917, 143.355545044, 113.733818054, 187.960769653, 135.495788574, 242.817993164, 105.637634277, 82.8954086304, 17.9245014191, -5.8735909462, 13.2447185516], [-468.930725098, 167.007797241, 154.187210083, 182.47467041, 105.945045471, 15.5053348541, 35.2884864807, 105.637634277, 308.801818848, 85.3662643433, 56.2242279053, -26.846157074, 47.6854629517], [259.98651123, -64.7272720337, 86.928604126, 78.3192901611, 68.6793365479, 88.7960281372, 66.1325378418, 82.8954086304, 85.3662643433, 187.230148315, 11.4945249557, 0.884638190269, 23.3934516907], [-639.755004883, 234.267028809, -55.1693649292, -19.6360454559, 18.9531345367, 12.3516864777, 149.106567383, 17.9245014191, 56.2242279053, 11.4945249557, 186.70489502, 19.092754364, 28.334985733], [139.780059814, -60.9498062134, 54.3119697571, 35.3743095398, -9.03647327423, -9.92043781281, -17.9471626282, -5.8735909462, -26.846157074, 0.884638190269, 19.092754364, 113.158889771, 23.4519252777], [-274.709899902, 94.670539856, -1.64655542374, 53.6638336182, 2.97770261765, 5.67823600769, 44.2334136963, 13.2447185516, 47.6854629517, 23.3934516907, 28.334985733, 23.4519252777, 124.838867188]],
        "icov": [[0.00023869179131, -0.000224509334657, 0.000163870878168, -0.000259225256741, 9.1484071163e-05, -0.000446962658316, 0.000406676263083, -0.000563600333408, 0.0005637142458, -0.000458558526589, 0.000696921953931, -0.000504292780533, 0.000550097203813], [-0.000224509334657, 0.0021421185229, -0.00109029177111, 0.00131393922493, -0.00168084457982, 0.00193097104784, -0.00184769323096, 0.00156830309425, -0.0012022710871, 0.0015737763606, -0.00188843195792, 0.001803281717, -0.00200294237584], [0.000163870878168, -0.00109029177111, 0.00236279005185, -0.00223130453378, 0.00111987930723, -0.00173094833735, 0.001032151049, -0.00166704459116, 0.000575857586227, -0.000568814983126, 0.0014761335915, -0.00171620491892, 0.00191489176359], [-0.000259225256741, 0.00131393922493, -0.00223130453378, 0.00398342730477, -0.00212233699858, 0.00200138241053, -0.00051371922018, 0.000951089721639, -0.00135053263512, 0.000835874350742, -0.00173945666756, 0.00136829691473, -0.00277089932933], [9.1484071163e-05, -0.00168084457982, 0.00111987930723, -0.00212233699858, 0.00391403026879, -0.00208397512324, 0.000937958538998, -0.000998188741505, 0.00037407441414, -0.00119883636944, 0.00137541559525, -0.00125190417748, 0.00218280591071], [-0.000446962658316, 0.00193097104784, -0.00173094833735, 0.00200138241053, -0.00208397512324, 0.00522632291541, -0.0030223201029, 0.000525336537976, -0.000872188829817, 0.00116903812159, -0.00169421953615, 0.00220836885273, -0.00242012972012], [0.000406676263083, -0.00184769323096, 0.001032151049, -0.00051371922018, 0.000937958538998, -0.0030223201029, 0.00492430757731, -0.00278065935709, 0.00189897511154, -0.00187289598398, -0.000100012890471, -0.00112235161941, 0.00105497194454], [-0.000563600333408, 0.00156830309425, -0.00166704459116, 0.000951089721639, -0.000998188741505, 0.000525336537976, -0.00278065935709, 0.00972658582032, -0.0034866835922, 0.00038625986781, -0.00186517764814, 0.00188554415945, -0.00157853798009], [0.0005637142458, -0.0012022710871, 0.000575857586227, -0.00135053263512, 0.00037407441414, -0.000872188829817, 0.00189897511154, -0.0034866835922, 0.00690441997722, -0.00295015447773, 0.00032973557245, 0.000433852022979, 0.000227310621995], [-0.000458558526589, 0.0015737763606, -0.000568814983126, 0.000835874350742, -0.00119883636944, 0.00116903812159, -0.00187289598398, 0.00038625986781, -0.00295015447773, 0.00853399652988, -0.00152473524213, 0.00112470600288, -0.00230878870934], [0.000696921953931, -0.00188843195792, 0.0014761335915, -0.00173945666756, 0.00137541559525, -0.00169421953615, -0.000100012890471, -0.00186517764814, 0.00032973557245, -0.00152473524213, 0.0106541821733, -0.00443746009842, 0.00258561340161], [-0.000504292780533, 0.001803281717, -0.00171620491892, 0.00136829691473, -0.00125190417748, 0.00220836885273, -0.00112235161941, 0.00188554415945, 0.000433852022979, 0.00112470600288, -0.00443746009842, 0.0126594807953, -0.00470845913514], [0.000550097203813, -0.00200294237584, 0.00191489176359, -0.00277089932933, 0.00218280591071, -0.00242012972012, 0.00105497194454, -0.00157853798009, 0.000227310621995, -0.00230878870934, 0.00258561340161, -0.00470845913514, 0.0124512640759]]
    },
    "melbands": {
        "dmean": [0.00174037134275, 0.00194440921769, 0.000750484352466, 0.00120570964646, 0.000667167420033, 0.000280588516034, 0.000185056429473, 8.96462879609e-05, 0.000112033849291, 0.000111049390398, 5.91668176639e-05, 8.54693571455e-05, 7.20550087863e-05, 4.89586309413e-05, 4.17357150582e-05, 2.89783492917e-05, 2.00836529984e-05, 1.2044371033e-05, 1.04673990791e-05, 9.2394548119e-06, 8.0663648987e-06, 8.87710757524e-06, 7.21882270227e-06, 5.94879611526e-06, 4.11536757383e-06, 4.21348704549e-06, 4.11568316849e-06, 2.35863035414e-06, 1.59620674367e-06, 1.55430893756e-06, 1.88090655229e-06, 1.80625045232e-06, 1.21360289995e-06, 1.18458342513e-06, 1.24613416119e-06, 1.21791822494e-06, 1.39772521379e-06, 1.24938765111e-06, 1.01685600384e-06, 8.91572256023e-07],
        "dmean2": [0.00281929061748, 0.00300318654627, 0.00126433954574, 0.00208349665627, 0.0011682275217, 0.000497877364978, 0.000282583670923, 0.000141900280141, 0.000174752974999, 0.000167511141626, 8.69795694598e-05, 0.000122062418086, 0.000101502373582, 6.983961066e-05, 6.40125799691e-05, 4.46450576419e-05, 3.21659645124e-05, 1.96640939976e-05, 1.5903280655e-05, 1.47685659613e-05, 1.3428717466e-05, 1.58538387041e-05, 1.27475987028e-05, 1.05111339508e-05, 7.06177252141e-06, 6.76164791003e-06, 6.83006237523e-06, 3.65491700904e-06, 2.47289722211e-06, 2.45033697865e-06, 3.03370006804e-06, 2.87622333417e-06, 1.81879215688e-06, 1.82443977792e-06, 1.89003787909e-06, 1.80014626494e-06, 2.22098833547e-06, 1.96603127733e-06, 1.61547131938e-06, 1.39721112191e-06],
        "dvar": [1.28271212816e-05, 2.38878437813e-05, 4.10300390286e-06, 7.71656868892e-06, 3.29559316015e-06, 3.86794511087e-07, 2.02605548338e-07, 4.13475831351e-08, 8.86828601665e-08, 7.27037914316e-08, 1.73140950466e-08, 4.25803285964e-08, 3.85964682437e-08, 1.7857932022e-08, 1.69826108731e-08, 7.78570097282e-09, 2.57241050683e-09, 8.16813006121e-10, 8.3528800543e-10, 5.73445124719e-10, 4.33683644552e-10, 6.56143694933e-10, 4.16230078182e-10, 3.25906468479e-10, 1.37647782061e-10, 9.04145994185e-11, 7.9988835e-11, 2.1274638301e-11, 1.04281314486e-11, 9.16898935249e-12, 1.5909062262e-11, 1.13454497533e-11, 4.73150468458e-12, 5.40002547886e-12, 5.48149112906e-12, 4.87081642381e-12, 7.19846881755e-12, 5.4629378278e-12, 3.46142862637e-12, 2.71259056883e-12],
        "dvar2": [3.50143418473e-05, 5.24239512742e-05, 1.02406502265e-05, 2.0717325242e-05, 8.71460997587e-06, 1.04716025362e-06, 4.04290403822e-07, 9.66057029927e-08, 2.08105717547e-07, 1.53413949988e-07, 3.47899877795e-08, 8.56927613313e-08, 7.25114688294e-08, 3.05150464897e-08, 4.10122851235e-08, 1.60479185496e-08, 5.77868419782e-09, 1.97758875942e-09, 1.62455127128e-09, 1.33354238763e-09, 1.14625520187e-09, 1.86017024006e-09, 1.16444387466e-09, 9.23426057842e-10, 3.73204606108e-10, 2.2404206268e-10, 2.11754044854e-10, 5.15445880422e-11, 2.44504243241e-11, 2.0419164623e-11, 3.827257955e-11, 2.76290223339e-11, 1.01721443768e-11, 1.24427248019e-11, 1.2560778806e-11, 1.06697246524e-11, 1.75204954711e-11, 1.27257128446e-11, 8.04697107559e-12, 6.55030890639e-12],
        "max": [0.03198267892, 0.0365428179502, 0.0183335635811, 0.0230150874704, 0.0184753481299, 0.00609501404688, 0.00636769412085, 0.00272995303385, 0.00552424648777, 0.00490962946787, 0.00201740837656, 0.00371916778386, 0.00339162140153, 0.00367946759798, 0.00307262013666, 0.00223427894525, 0.000614720629528, 0.000427416380262, 0.000651358510368, 0.000339197344147, 0.000179077018402, 0.000258349464275, 0.000158914568601, 0.000143143624882, 0.000120740114653, 9.11167880986e-05, 7.5449461292e-05, 4.74704538647e-05, 3.02557637042e-05, 2.87847142317e-05, 3.69147528545e-05, 2.87621915049e-05, 2.27527234529e-05, 2.35058760154e-05, 1.95575157704e-05, 2.60335418716e-05, 2.14572119148e-05, 1.72213622136e-05, 1.72045711224e-05, 1.46511338244e-05],
        "mean": [0.00287746195681, 0.00259703118354, 0.000674608338159, 0.00114878977183, 0.000683904159814, 0.000292114360491, 0.000304344139295, 0.000126011815155, 0.000179734648555, 0.000159856208484, 8.97837599041e-05, 0.000131787222927, 0.000118794130685, 7.33987981221e-05, 5.68924551771e-05, 3.4795513784e-05, 2.46284416789e-05, 1.50397054313e-05, 1.38430104926e-05, 1.1256180187e-05, 7.42355905459e-06, 7.31538921173e-06, 5.85292900723e-06, 4.58033855466e-06, 3.46162369169e-06, 4.70777695227e-06, 5.03232286064e-06, 3.01351974485e-06, 2.10545840673e-06, 2.0303027668e-06, 2.26207293963e-06, 2.23537199417e-06, 1.66400150192e-06, 1.45494379922e-06, 1.47859338995e-06, 1.49088600665e-06, 1.62563492268e-06, 1.44540626934e-06, 1.20721301755e-06, 1.04622029085e-06],
        "median": [0.00192942819558, 0.00111159251537, 0.000149238068843, 0.000159626739332, 9.40363606787e-05, 5.3498763009e-05, 5.05239149788e-05, 3.67742068192e-05, 2.88917181024e-05, 2.76385235338e-05, 1.54407607624e-05, 1.91137442016e-05, 8.19868910185e-06, 7.08243487679e-06, 4.8901106311e-06, 2.69437555289e-06, 2.24690302275e-06, 2.44559623752e-06, 1.72289378497e-06, 1.24572568438e-06, 9.62375793279e-07, 9.80019422059e-07, 5.82375548674e-07, 3.85816036896e-07, 3.53240750428e-07, 7.78060666562e-07, 1.08457277292e-06, 6.73872079915e-07, 6.13881184108e-07, 5.84802137382e-07, 4.86658905174e-07, 5.6163651152e-07, 4.62283452407e-07, 3.46494999803e-07, 2.54331638416e-07, 2.35370279711e-07, 2.58503320083e-07, 3.02385160467e-07, 2.87139670263e-07, 2.60952987219e-07],
        "min": [1.42639329168e-12, 6.63312677354e-12, 2.17674239744e-10, 2.50574117011e-09, 1.59527369092e-09, 8.31926261213e-09, 6.48675211323e-08, 3.3506669439e-08, 1.86980351202e-08, 1.97026324145e-08, 8.95424268066e-09, 7.92914534031e-09, 1.41631462114e-08, 7.94389176662e-09, 2.89985924162e-09, 3.50723050602e-09, 1.481610723e-09, 3.90724519406e-09, 2.3778590208e-09, 2.14350670547e-09, 1.05804898176e-09, 4.49163345406e-10, 5.03087183024e-10, 7.65871810415e-11, 1.87292722997e-10, 8.36983593544e-10, 1.59661361909e-09, 3.0303820564e-10, 1.16627596469e-10, 1.90229207386e-10, 9.99016425141e-11, 1.03152396347e-10, 2.00083019597e-10, 2.04985420998e-11, 3.09652477271e-13, 9.19392058145e-13, 4.62800804624e-13, 1.98461716895e-13, 4.75669376392e-14, 4.37136661775e-14],
