{
"highlevel": {
    "danceability": {
        "all": {
            "danceable": 0.00846987869591,
            "not_danceable": 0.991530120373
        },
        "probability": 0.991530120373,
        "value": "not_danceable"
    },
    "gender": {
        "all": {
            "female": 0.615052223206,
            "male": 0.384947806597
        },
        "probability": 0.615052223206,
        "value": "female"
    },
    "genre_dortmund": {
        "all": {
            "alternative": 0.211746349931,
            "blues": 0.0488568916917,
            "electronic": 0.0109948320314,
            "folkcountry": 0.142575204372,
            "funksoulrnb": 0.00610505603254,
            "jazz": 0.0208155568689,
            "pop": 0.0877053961158,
            "raphiphop": 0.00173190934584,
            "rock": 0.469468802214
        },
        "probability": 0.469468802214,
        "value": "rock"
    },
    "genre_electronic": {
        "all": {
            "ambient": 0.883109807968,
            "dnb": 0.070823147893,
            "house": 0.0290149655193,
            "techno": 0.00260535650887,
            "trance": 0.0144467400387
        },
        "probability": 0.883109807968,
        "value": "ambient"
    },
    "genre_rosamerica": {
        "all": {
            "cla": 0.292818844318,
            "dan": 0.0069207213819,
            "hip": 0.00400735205039,
            "jaz": 0.0175583753735,
            "pop": 0.0383127741516,
            "rhy": 0.0282597802579,
            "roc": 0.603649556637,
            "spe": 0.0084726177156
        },
        "probability": 0.603649556637,
        "value": "roc"
    },
    "genre_tzanetakis": {
        "all": {
            "blu": 0.0488515533507,
            "cla": 0.0301302373409,
            "cou": 0.0677898228168,
            "dis": 0.0451896525919,
            "hip": 0.090376585722,
            "jaz": 0.271117925644,
            "met": 0.0387275852263,
            "pop": 0.0677742063999,
            "reg": 0.0689338445663,
            "roc": 0.271108597517
        },
        "probability": 0.271117925644,
        "value": "jaz"
    },
    "ismir04_rhythm": {
        "all": {
            "ChaChaCha": 0.122302517295,
            "Jive": 0.0408876165748,
            "Quickstep": 0.109556905925,
            "Rumba-American": 0.00938793737441,
            "Rumba-International": 0.022629827261,
            "Rumba-Misc": 0.0101354327053,
            "Samba": 0.0212521757931,
            "Tango": 0.142835497856,
            "VienneseWaltz": 0.175621658564,
            "Waltz": 0.345390439034
        },
        "probability": 0.345390439034,
        "value": "Waltz"
    },
    "mood_acoustic": {
        "all": {
            "acoustic": 0.0367485918105,
            "not_acoustic": 0.963251411915
        },
        "probability": 0.963251411915,
        "value": "not_acoustic"
    },
    "mood_aggressive": {
        "all": {
            "aggressive": 0.640699565411,
            "not_aggressive": 0.359300434589
        },
        "probability": 0.640699565411,
        "value": "aggressive"
    },
    "mood_electronic": {
        "all": {
            "electronic": 0.0256044659764,
            "not_electronic": 0.974395513535
        },
        "probability": 0.974395513535,
        "value": "not_electronic"
    },
    "mood_happy": {
        "all": {
            "happy": 0.135884493589,
            "not_happy": 0.864115476608
        },
        "probability": 0.864115476608,
        "value": "not_happy"
    },
    "mood_party": {
        "all": {
            "not_party": 0.61211836338,
            "party": 0.387881666422
        },
        "probability": 0.61211836338,
        "value": "not_party"
    },
    "mood_relaxed": {
        "all": {
            "not_relaxed": 0.435503125191,
            "relaxed": 0.564496874809
        },
        "probability": 0.564496874809,
        "value": "relaxed"
    },
    "mood_sad": {
        "all": {
            "not_sad": 0.344941288233,
            "sad": 0.65505874157
        },
        "probability": 0.65505874157,
        "value": "sad"
    },
    "moods_mirex": {
        "all": {
            "Cluster1": 0.613454699516,
            "Cluster2": 0.056245084852,
            "Cluster3": 0.206611394882,
            "Cluster4": 0.107062898576,
            "Cluster5": 0.0166259538382
        },
        "probability": 0.613454699516,
        "value": "Cluster1"
    },
    "timbre": {
        "all": {
            "bright": 0.991986870766,
            "dark": 0.0080131245777
        },
        "probability": 0.991986870766,
        "value": "bright"
    },
    "tonal_atonal": {
        "all": {
            "atonal": 0.00205415301025,
            "tonal": 0.997945845127
        },
        "probability": 0.997945845127,
        "value": "tonal"
    },
    "voice_instrumental": {
        "all": {
            "instrumental": 0.0464309006929,
            "voice": 0.953569114208
        },
        "probability": 0.953569114208,
        "value": "voice"
    }
},
"lowlevel": {
    "average_loudness": 0.889947831631,
    "barkbands_crest": {
        "dmean": 1.47757661343,
        "dmean2": 2.49102663994,
        "dvar": 2.29932427406,
        "dvar2": 6.00649642944,
        "max": 20.5873527527,
        "mean": 6.53136110306,
        "median": 6.10195922852,
        "min": 2.60079884529,
        "var": 5.40100288391
    },
    "barkbands_flatness_db": {
        "dmean": 0.0145366685465,
        "dmean2": 0.0228537041694,
        "dvar": 0.000192550462089,
        "dvar2": 0.000455509900348,
        "max": 0.262797415257,
        "mean": 0.160346254706,
        "median": 0.163834840059,
        "min": 0.0499513745308,
        "var": 0.00181106955279
    },
    "barkbands_kurtosis": {
        "dmean": 0.683463275433,
        "dmean2": 1.0884295702,
        "dvar": 1.04525542259,
        "dvar2": 2.21441078186,
        "max": 25.0889472961,
        "mean": 0.66703081131,
        "median": -0.521352529526,
        "min": -1.76070010662,
        "var": 12.8380994797
    },
    "barkbands_skewness": {
        "dmean": 0.282288402319,
        "dmean2": 0.43964895606,
        "dvar": 0.0875501930714,
        "dvar2": 0.187875390053,
        "max": 4.08113431931,
        "mean": 0.707564294338,
        "median": 0.548949241638,
        "min": -1.18338465691,
        "var": 0.768022060394
    },
    "barkbands_spread": {
        "dmean": 2.8491191864,
        "dmean2": 4.43623733521,
        "dvar": 7.22719764709,
        "dvar2": 18.1525611877,
        "max": 48.7366714478,
        "mean": 21.7250938416,
        "median": 21.1656990051,
        "min": 5.09976387024,
        "var": 57.7346954346
    },
    "dissonance": {
        "dmean": 0.0135690262541,
        "dmean2": 0.022630052641,
        "dvar": 0.000163309508935,
        "dvar2": 0.000431741878856,
        "max": 0.499890834093,
        "mean": 0.470728605986,
        "median": 0.476012408733,
        "min": 0.355273842812,
        "var": 0.000422817916842
    },
    "dynamic_complexity": 2.42489004135,
    "erbbands_crest": {
        "dmean": 2.06453132629,
        "dmean2": 3.4689977169,
        "dvar": 3.73462510109,
        "dvar2": 9.67323112488,
        "max": 20.4664077759,
        "mean": 7.96611118317,
        "median": 7.3510966301,
        "min": 2.68855762482,
        "var": 8.50676441193
    },
    "erbbands_flatness_db": {
        "dmean": 0.014668032527,
        "dmean2": 0.0220444090664,
        "dvar": 0.000258055806626,
        "dvar2": 0.000500584836118,
        "max": 0.358971506357,
        "mean": 0.208768159151,
        "median": 0.20589619875,
        "min": 0.0968149453402,
        "var": 0.00322524202056
    },
    "erbbands_kurtosis": {
        "dmean": 0.593001723289,
        "dmean2": 0.938750684261,
        "dvar": 0.352683901787,
        "dvar2": 0.829287052155,
        "max": 7.30268478394,
        "mean": 0.323237478733,
        "median": 0.0666675567627,
        "min": -1.36791145802,
        "var": 1.26774895191
    },
    "erbbands_skewness": {
        "dmean": 0.236060172319,
        "dmean2": 0.369867831469,
        "dvar": 0.0423904769123,
        "dvar2": 0.0974854752421,
        "max": 2.02628326416,
        "mean": -0.220638781786,
        "median": -0.286159187555,
        "min": -2.26005601883,
        "var": 0.425045371056
    },
    "erbbands_spread": {
        "dmean": 4.16905212402,
        "dmean2": 6.58514785767,
        "dvar": 17.9443950653,
        "dvar2": 39.0419197083,
        "max": 73.7320480347,
        "mean": 26.7049293518,
        "median": 22.9751300812,
        "min": 7.96865034103,
        "var": 155.491744995
    },
    "hfc": {
        "dmean": 3.84616088867,
        "dmean2": 5.91315412521,
        "dvar": 37.6822395325,
        "dvar2": 86.7902450562,
        "max": 104.042167664,
        "mean": 19.1213378906,
        "median": 15.3236284256,
        "min": 0.222070813179,
        "var": 224.569381714
    },
    "melbands_crest": {
        "dmean": 1.95714914799,
        "dmean2": 3.19025230408,
        "dvar": 4.02630281448,
        "dvar2": 9.8927192688,
        "max": 25.7721920013,
        "mean": 9.6870470047,
        "median": 9.10693645477,
        "min": 3.16562724113,
        "var": 12.3899698257
    },
    "melbands_flatness_db": {
        "dmean": 0.015208594501,
        "dmean2": 0.0232061464339,
        "dvar": 0.000261993642198,
        "dvar2": 0.000604717119131,
        "max": 0.351539880037,
        "mean": 0.198998913169,
        "median": 0.202343314886,
        "min": 0.0637727305293,
        "var": 0.00258409441449
    },
    "melbands_kurtosis": {
        "dmean": 1.65191841125,
        "dmean2": 2.63628315926,
        "dvar": 6.3702917099,
        "dvar2": 13.7272901535,
        "max": 51.4310951233,
        "mean": 3.94373440742,
        "median": 1.1830034256,
        "min": -1.49822485447,
        "var": 62.9047584534
    },
    "melbands_skewness": {
        "dmean": 0.359772711992,
        "dmean2": 0.563032269478,
        "dvar": 0.149046123028,
        "dvar2": 0.321548193693,
        "max": 5.40433931351,
        "mean": 1.4902228117,
        "median": 1.36001110077,
        "min": -0.547121405602,
        "var": 1.09350919724
    },
    "melbands_spread": {
        "dmean": 4.6495718956,
        "dmean2": 7.2614440918,
        "dvar": 20.876285553,
        "dvar2": 48.3742752075,
        "max": 73.9513244629,
        "mean": 29.184627533,
        "median": 29.6288661957,
        "min": 4.22460699081,
        "var": 125.501945496
    },
    "pitch_salience": {
        "dmean": 0.0493041500449,
        "dmean2": 0.0793956592679,
        "dvar": 0.00194052152801,
        "dvar2": 0.00505239143968,
        "max": 0.807851135731,
        "mean": 0.603194355965,
        "median": 0.60327231884,
        "min": 0.272221505642,
        "var": 0.00636886851862
    },
    "silence_rate_20dB": {
        "dmean": 0,
        "dmean2": 0,
        "dvar": 0,
        "dvar2": 0,
        "max": 1,
        "mean": 1,
        "median": 1,
        "min": 1,
        "var": 0
    },
    "silence_rate_30dB": {
        "dmean": 0.00154798757285,
        "dmean2": 0.00309837330133,
        "dvar": 0.00154559046496,
        "dvar2": 0.00463795568794,
        "max": 1,
        "mean": 0.999226629734,
        "median": 1,
        "min": 0,
        "var": 0.000772796920501
    },
    "silence_rate_60dB": {
        "dmean": 0.0061919502914,
        "dmean2": 0.0123934932053,
        "dvar": 0.00615345966071,
        "dvar2": 0.0122398501262,
        "max": 1,
        "mean": 0.0232018567622,
        "median": 0,
        "min": 0,
        "var": 0.0226631779224
    },
    "spectral_centroid": {
        "dmean": 153.713241577,
        "dmean2": 243.506240845,
        "dvar": 22400.0253906,
        "dvar2": 54156.671875,
        "max": 2686.80249023,
        "mean": 1334.2052002,
        "median": 1317.72033691,
        "min": 465.104003906,
        "var": 145742.09375
    },
    "spectral_complexity": {
        "dmean": 2.77554178238,
        "dmean2": 4.44229269028,
        "dvar": 8.66168498993,
        "dvar2": 18.5689487457,
        "max": 52,
        "mean": 22.9520492554,
        "median": 23,
        "min": 2,
        "var": 61.3371810913
    },
    "spectral_decrease": {
        "dmean": 1.22817189752e-09,
        "dmean2": 1.88202764484e-09,
        "dvar": 4.77551840347e-18,
        "dvar2": 1.07119144863e-17,
        "max": -1.02298364224e-10,
        "mean": -5.45380274275e-09,
        "median": -4.2791290511e-09,
        "min": -2.92580555339e-08,
        "var": 1.51712683296e-17
    },
    "spectral_energy": {
        "dmean": 0.00490168295801,
        "dmean2": 0.00749575952068,
        "dvar": 7.49498212826e-05,
        "dvar2": 0.000167565696756,
        "max": 0.119204461575,
        "mean": 0.0223182663321,
        "median": 0.0175360441208,
        "min": 0.000406312203268,
        "var": 0.000251827063039
    },
    "spectral_energyband_high": {
        "dmean": 0.000123024175991,
        "dmean2": 0.000195473752683,
        "dvar": 9.85934818232e-08,
        "dvar2": 2.5483714694e-07,
        "max": 0.0067814332433,
        "mean": 0.000382188620279,
        "median": 6.31029470242e-05,
        "min": 4.47978408147e-07,
        "var": 6.35498963675e-07
    },
    "spectral_energyband_low": {
        "dmean": 0.00196789135225,
        "dmean2": 0.00313396588899,
        "dvar": 1.34283900479e-05,
        "dvar2": 3.03316046484e-05,
        "max": 0.0686157047749,
        "mean": 0.00586384441704,
        "median": 0.00325539428741,
        "min": 9.49781315285e-06,
        "var": 4.45049881819e-05
    },
    "spectral_energyband_middle_high": {
        "dmean": 0.00182393123396,
        "dmean2": 0.002781965537,
        "dvar": 5.23748849446e-06,
        "dvar2": 1.1950373846e-05,
        "max": 0.031101513654,
        "mean": 0.00793323852122,
        "median": 0.00671625789255,
        "min": 2.26437387028e-05,
        "var": 3.48066314473e-05
    },
    "spectral_energyband_middle_low": {
        "dmean": 0.00318623078056,
        "dmean2": 0.00488635385409,
        "dvar": 4.15950271417e-05,
        "dvar2": 0.000101359095424,
        "max": 0.0821947008371,
        "mean": 0.00963973067701,
        "median": 0.0073074772954,
        "min": 0.000229593264521,
        "var": 7.25149075151e-05
    },
    "spectral_entropy": {
        "dmean": 0.0975266098976,
        "dmean2": 0.144727244973,
        "dvar": 0.0122395623475,
        "dvar2": 0.0273116435856,
        "max": 8.09905815125,
        "mean": 7.33047771454,
        "median": 7.30507850647,
        "min": 6.55836391449,
        "var": 0.100788004696
    },
    "spectral_flux": {
        "dmean": 0.0150579037145,
        "dmean2": 0.0238805320114,
        "dvar": 0.000423734367359,
        "dvar2": 0.000932526192628,
        "max": 0.267273426056,
        "mean": 0.0650401264429,
        "median": 0.0563880652189,
        "min": 0.00504196342081,
        "var": 0.00131528009661
    },
    "spectral_kurtosis": {
        "dmean": 4.06455421448,
        "dmean2": 7.22214174271,
        "dvar": 22.8662033081,
        "dvar2": 71.2501525879,
        "max": 38.8157691956,
        "mean": 7.99375629425,
        "median": 6.3796043396,
        "min": -0.187116384506,
        "var": 38.1705741882
    },
    "spectral_rms": {
        "dmean": 0.000467989360914,
        "dmean2": 0.000699920055922,
        "dvar": 4.5559468731e-07,
        "dvar2": 9.56260237217e-07,
        "max": 0.0107841100544,
        "mean": 0.00439938111231,
        "median": 0.00413622241467,
        "min": 0.000629604735877,
        "var": 2.41938664658e-06
    },
    "spectral_rolloff": {
        "dmean": 238.214691162,
        "dmean2": 402.541992188,
        "dvar": 75687.421875,
        "dvar2": 190006.890625,
        "max": 4005.17578125,
        "mean": 1574.72131348,
        "median": 1658.05664062,
        "min": 150.732421875,
        "var": 325570.6875
    },
    "spectral_skewness": {
        "dmean": 0.356533288956,
        "dmean2": 0.618956387043,
        "dvar": 0.129488840699,
        "dvar2": 0.409095346928,
        "max": 3.78456616402,
        "mean": 1.65640461445,
        "median": 1.62727987766,
        "min": 0.386816054583,
        "var": 0.26393905282
    },
    "spectral_spread": {
        "dmean": 280314.78125,
        "dmean2": 437616.84375,
        "dvar": 120383668224,
        "dvar2": 257999372288,
        "max": 7695966.5,
        "mean": 2811408.75,
        "median": 2524647.25,
        "min": 1168135.375,
        "var": 1.2785263575e+12
    },
    "spectral_strongpeak": {
        "dmean": 0.55583935976,
        "dmean2": 0.985238850117,
        "dvar": 0.830952644348,
        "dvar2": 2.22733545303,
        "max": 8.61462497711,
        "mean": 0.911212801933,
        "median": 0.500565350056,
        "min": 0.0164792723954,
        "var": 0.965121567249
    },
    "zerocrossingrate": {
        "dmean": 0.00489944126457,
        "dmean2": 0.00641497923061,
        "dvar": 1.96666442207e-05,
        "dvar2": 2.76778646366e-05,
        "max": 0.1064453125,
        "mean": 0.0552082583308,
        "median": 0.0537109375,
        "min": 0.0166015625,
        "var": 0.000253455509664
    },
    "barkbands": {
        "dmean": [1.3897360077e-05, 0.000744680641219, 0.00117810780648, 0.00102294806857, 0.00169411569368, 0.000756590568926, 0.000462598341983, 0.00051104062004, 0.000355533906259, 0.00065400172025, 0.000277071172604, 0.000733942550141, 0.000468210957479, 0.000420736876549, 0.000664693769068, 0.000402949866839, 0.00038353697164, 0.000168964223121, 9.39973178902e-05, 0.000107087827928, 4.9527567171e-05, 2.98610266327e-05, 1.59741193784e-05, 1.38999012051e-05, 9.85907263384e-06, 7.47608328311e-06, 6.5341119182e-09],
        "dmean2": [2.27015170822e-05, 0.00122224632651, 0.0018710551085, 0.00171307404526, 0.00283178244717, 0.0011502976995, 0.000751089013647, 0.000713143672328, 0.000542130903341, 0.000934826617595, 0.000427492777817, 0.00118176080287, 0.000752541818656, 0.00068297208054, 0.00109199341387, 0.000654019066133, 0.000619569851551, 0.000275231286651, 0.000156912312377, 0.000172801184817, 8.48686031532e-05, 4.7454952437e-05, 2.60747547145e-05, 2.24072718993e-05, 1.57266840688e-05, 1.142707697e-05, 7.21361104183e-09],
        "dvar": [1.03501540671e-09, 1.37519884902e-06, 6.17267551206e-06, 5.02775992572e-06, 1.60133095051e-05, 1.85252804386e-06, 2.00366662284e-06, 4.34798806737e-07, 3.68957671526e-07, 8.18354237708e-07, 2.49357583471e-07, 1.09152995265e-06, 3.74473358988e-07, 4.02504838348e-07, 8.21622222702e-07, 5.11618281962e-07, 4.4331275717e-07, 8.44725533966e-08, 3.48466038247e-08, 1.09748384602e-07, 1.82645489843e-08, 5.82168890872e-09, 1.85991644308e-09, 1.41143730037e-09, 6.35571095753e-10, 6.50995535256e-10, 3.64783954454e-14],
        "dvar2": [2.27898389049e-09, 3.23611834574e-06, 1.55234829435e-05, 1.25891911011e-05, 4.29323226854e-05, 3.99931468564e-06, 5.32354169991e-06, 8.97562244973e-07, 8.8644162588e-07, 1.8128348529e-06, 5.89232513448e-07, 2.9816173992e-06, 9.62941498983e-07, 1.06071968276e-06, 2.1083176307e-06, 1.23980419175e-06, 1.00866566299e-06, 2.208721952e-07, 9.68714317651e-08, 3.02062346691e-07, 4.63141489604e-08, 1.44450087447e-08, 4.83602891066e-09, 3.53268481135e-09, 1.45042278188e-09, 1.4159798889e-09, 3.64680447027e-14],
        "max": [0.000530109857209, 0.0184987671673, 0.0496907532215, 0.0281354151666, 0.0539023242891, 0.0379412211478, 0.0185628328472, 0.00903136376292, 0.0100102936849, 0.0108450930566, 0.00791182182729, 0.0142013952136, 0.00708178710192, 0.00995102804154, 0.0103713590652, 0.0128084057942, 0.0136662470177, 0.00525780115277, 0.00250331289135, 0.00656269676983, 0.00316324690357, 0.00216812686995, 0.000960264122114, 0.00097674515564, 0.000427787745139, 0.00040161452489, 6.85243321641e-06],
        "mean": [1.82331787073e-05, 0.00189625762869, 0.0025623831898, 0.00204723421484, 0.00268734339625, 0.00194579653908, 0.000877613609191, 0.00101018813439, 0.000811692152638, 0.00128758617211, 0.00049813016085, 0.00123880407773, 0.000833696860354, 0.000775099149905, 0.00129195221234, 0.000785150157753, 0.000748060992919, 0.000311949814204, 0.000189935351955, 0.000213139064726, 0.000112578534754, 7.40082177799e-05, 4.04055681429e-05, 3.18191778206e-05, 1.86258275789e-05, 1.05900880953e-05, 6.40308339683e-09],
        "median": [4.48635455541e-06, 0.00102606695145, 0.00100051378831, 0.00076243316289, 0.00158127525356, 0.00117043685168, 0.000450910069048, 0.000667258747853, 0.000435812195064, 0.000817467225716, 0.000237558284425, 0.00076026894385, 0.000576661317609, 0.000493166735396, 0.000826107687317, 0.000413691159338, 0.000435662397649, 0.000205760603421, 0.000111070818093, 4.89783815283e-05, 1.72447744262e-05, 1.06813949969e-05, 5.81071344641e-06, 3.62240507457e-06, 1.22845574424e-06, 1.83844633739e-07, 2.70836741922e-10],
        "min": [1.19553824618e-08, 1.21994048641e-06, 3.37505503012e-06, 3.88370062865e-06, 1.33211424327e-05, 2.10012003663e-05, 5.93544700678e-06, 5.98549377173e-06, 6.91995319357e-06, 2.14775127461e-06, 6.31617126601e-07, 1.28026943003e-06, 3.52277339744e-07, 8.14540385363e-07, 8.6026398094e-07, 8.61485830228e-07, 1.97787613843e-07, 1.79969799774e-06, 1.92323523152e-06, 7.98803455382e-07, 1.78362839165e-07, 5.75459964125e-08, 2.45017766076e-08, 5.44096057098e-09, 2.8447896816e-11, 1.78830509429e-11, 2.05206129866e-11],
        "var": [1.54068469094e-09, 5.11256212121e-06, 1.46761358337e-05, 9.3447006293e-06, 1.54149565788e-05, 1.05475110104e-05, 2.33031869357e-06, 1.22190999718e-06, 1.14201941415e-06, 2.07344032788e-06, 6.89517150931e-07, 2.06638424061e-06, 7.74319346419e-07, 9.47648743477e-07, 1.98747579816e-06, 1.66616655406e-06, 1.1116570704e-06, 1.41168897017e-07, 6.47467288672e-08, 2.64031513098e-07, 6.73954758668e-08, 3.33967946631e-08, 8.80228601119e-09, 4.74250905214e-09, 1.72336234172e-09, 1.13306974914e-09, 3.65038030456e-14]
    },
    "erbbands": {
        "dmean": [0.0143540548161, 0.198271483183, 1.06763076782, 2.56617045403, 5.47507286072, 4.86808538437, 6.99768161774, 5.03143167496, 5.44185686111, 7.60187911987, 12.6534252167, 8.22970676422, 10.6021032333, 23.3224086761, 11.3080911636, 36.0794448853, 15.719783783, 28.8180236816, 33.6349639893, 22.1390457153, 20.859287262, 13.8695306778, 10.041431427, 5.5486369133, 4.6547908783, 4.66594219208, 2.60020422935, 1.76854109764, 1.20903241634, 0.673348605633, 0.451607912779, 0.311533004045, 0.247275218368, 0.130938261747, 0.0705171152949, 0.03699574247, 0.013778174296, 0.00143430731259, 2.66484548774e-05, 6.1410755734e-06],
        "dmean2": [0.0233324281871, 0.326060980558, 1.71855676174, 4.19236898422, 9.08522701263, 8.15017032623, 10.7366533279, 7.76990270615, 8.62437725067, 12.2912950516, 17.0915031433, 12.1128921509, 15.7626419067, 33.6860771179, 17.3765335083, 58.0555648804, 25.467010498, 46.4847869873, 57.2201728821, 34.5738487244, 33.3186378479, 22.7024326324, 16.2499599457, 9.19162464142, 7.64570760727, 7.65824222565, 4.50102996826, 2.94906067848, 1.95403575897, 1.08560740948, 0.736501693726, 0.516453623772, 0.393004000187, 0.209521710873, 0.111807249486, 0.0597152709961, 0.0211895871907, 0.00226978049614, 4.08923224313e-05, 9.32989769353e-06],
        "dvar": [0.000802998780273, 0.100297883153, 4.71273946762, 30.7009906769, 194.743743896, 105.100616455, 178.716796875, 78.9713058472, 208.974899292, 371.811157227, 302.556121826, 192.487350464, 371.070526123, 1011.31066895, 258, 2818.45629883, 593.28527832, 1608.33703613, 2264.38183594, 1137.18237305, 1673.12695312, 548.246337891, 277.875946045, 123.165885925, 109.051582336, 226.274215698, 66.2612457275, 22.6847629547, 10.121465683, 3.36306929588, 1.86291086674, 0.509841501713, 0.570675909519, 0.0854984596372, 0.0432599410415, 0.0145581103861, 0.00251039024442, 3.5566954466e-05, 1.00422337113e-08, 1.1845067982e-10],
        "dvar2": [0.00185357686132, 0.234901368618, 11.2750177383, 73.5668640137, 498.472351074, 294.457702637, 486.790618896, 145.676712036, 553.716125488, 986.202941895, 602.204833984, 484.422058105, 893.072814941, 2162.1953125, 564.249206543, 7849.26171875, 1546.08398438, 4200.69287109, 6312.48388672, 2497.546875, 3925.06591797, 1391.93664551, 728.069702148, 343.424987793, 303.423583984, 594.031677246, 180.435455322, 60.8304786682, 25.138086319, 8.04578971863, 5.28122329712, 1.33564281464, 1.38994705677, 0.218594312668, 0.100429624319, 0.0344596169889, 0.00539110228419, 7.95012092567e-05, 2.08674144631e-08, 2.39636227528e-10],
        "max": [0.479484021664, 4.7807636261, 47.2327003479, 63.6130561829, 176.749481201, 137.817443848, 227.651260376, 281.327575684, 233.556045532, 248.44418335, 249.898193359, 204.635971069, 415.071228027, 397.802185059, 256.147491455, 724.300415039, 348.042205811, 543.862121582, 545.199951172, 543.979187012, 799.804504395, 376.933685303, 261.801330566, 194.48626709, 214.384674072, 373.921661377, 180.886978149, 106.738479614, 91.3628387451, 40.6165771484, 34.9167060852, 14.0533246994, 21.4167022705, 4.7096619606, 3.87576508522, 2.01139783859, 0.651073873043, 0.11459903419, 0.00179020618089, 0.000148205057485],
        "mean": [0.0351059995592, 0.52127712965, 2.40300440788, 6.18194627762, 7.12876796722, 8.39483451843, 15.9886455536, 12.8850288391, 11.7543544769, 14.3109455109, 26.1288757324, 19.7293167114, 22.9723987579, 44.3225212097, 25.8651695251, 58.3615608215, 33.0928535461, 54.2796783447, 58.5679321289, 53.0553474426, 47.6024627686, 31.1188793182, 20.6134815216, 11.7916650772, 10.0163412094, 9.54490089417, 5.60918521881, 4.06489515305, 2.97574615479, 1.75203490257, 1.08089506626, 0.695182323456, 0.50767403841, 0.258187264204, 0.10868614912, 0.0540253780782, 0.0181587710977, 0.00162167451344, 4.34610701632e-05, 2.84725520032e-05],
        "median": [0.0222500432283, 0.284882962704, 1.02517735958, 2.58257913589, 2.72019672394, 5.14065217972, 9.97291183472, 7.63309764862, 8.60465049744, 6.31519508362, 16.6712379456, 12.249994278, 16.7592182159, 27.9778308868, 19.2785511017, 36.7486076355, 24.7447814941, 36.1154098511, 37.4484481812, 31.7142105103, 25.1576137543, 19.5561103821, 14.4551792145, 8.10161495209, 4.29232978821, 2.371301651, 0.934139549732, 0.613271832466, 0.406294822693, 0.245819166303, 0.14140856266, 0.0919876992702, 0.0466054938734, 0.0161933526397, 0.0062408670783, 0.00161618110724, 0.000217221415369, 1.20112481454e-05, 1.25008145915e-05, 2.1829162506e-05],
        "min": [5.41580557183e-05, 0.000279632629827, 0.00263051036745, 0.0204384550452, 0.0338469445705, 0.0533039830625, 0.0597439445555, 0.131536215544, 0.225178852677, 0.134644985199, 0.472911149263, 0.367128640413, 0.0466470420361, 0.0859979465604, 0.0692907944322, 0.0412784740329, 0.0219783019274, 0.0512545779347, 0.0443584322929, 0.0295459199697, 0.0506983064115, 0.0218706764281, 0.0673519521952, 0.110676445067, 0.121302343905, 0.0511920675635, 0.0123233813792, 0.00394106609747, 0.00209190277383, 0.00138861103915, 0.000554392172489, 0.000460623850813, 0.000202212846489, 2.80224394373e-05, 1.00249772004e-05, 3.91521234633e-06, 7.2404571938e-07, 1.48602765648e-07, 2.61868564166e-07, 4.79995321712e-07],
        "var": [0.00179427373223, 0.38446316123, 13.069852829, 73.0255279541, 191.102783203, 112.305999756, 431.890716553, 517.395751953, 220.267227173, 647.697937012, 856.102600098, 575.989318848, 643.242614746, 2467.95410156, 689.344360352, 4689.77783203, 1118.12902832, 3594.10717773, 4142.06591797, 4054.70800781, 5948.56982422, 1613.93725586, 522.263122559, 181.771484375, 275.002319336, 585.322509766, 182.527282715, 83.9462585449, 54.8962745667, 17.678730011, 6.69634580612, 2.14795064926, 1.49115586281, 0.30340847373, 0.0759483799338, 0.0230748616159, 0.00418414035812, 4.93302650284e-05, 1.5365955619e-08, 4.59027482691e-10]
    },
    "gfcc": {
        "mean": [-22.8647212982, 143.565124512, -157.340240479, 26.8685283661, -43.5866279602, 8.22533416748, -35.8007621765, -0.0479113869369, -17.5059928894, -7.67403745651, -8.41533946991, -7.56327056885, -3.13373875618],
        "cov": [[4161.05175781, -1959.92602539, 646.989562988, 362.369232178, -420.104919434, 559.999511719, -425.313964844, 242.903945923, -472.892089844, 320.361419678, -530.848571777, 184.561660767, -267.236816406], [-1959.92602539, 1771.6114502, -743.991699219, -327.708526611, 603.460632324, -354.423187256, 322.458282471, -201.738723755, 409.231079102, -375.92364502, 379.906585693, -209.798110962, 164.237365723], [646.989562988, -743.991699219, 854.011047363, 315.5078125, -400.370849609, 118.499710083, -127.828292847, 112.551002502, -266.236541748, 224.68196106, -208.421905518, 78.0615539551, -127.313201904], [362.369232178, -327.708526611, 315.5078125, 401.933837891, -254.703994751, 97.5264053345, -15.6518497467, -14.3450393677, -78.1080551147, 44.7711677551, -56.1724967957, -19.3580474854, -10.6603803635], [-420.104919434, 603.460632324, -400.370849609, -254.703994751, 493.184417725, -67.8619003296, 62.6682052612, -28.087228775, 164.836898804, -130.555862427, 91.6701431274, -44.569229126, 36.5077896118], [559.999511719, -354.423187256, 118.499710083, 97.5264053345, -67.8619003296, 215.365036011, -70.8899230957, 50.5307922363, -67.9889678955, 52.7306976318, -76.8644332886, 20.5745506287, -15.797249794], [-425.313964844, 322.458282471, -127.828292847, -15.6518497467, 62.6682052612, -70.8899230957, 162.137695312, -45.9879226685, 85.2225265503, -58.1127662659, 83.0999298096, -25.8494300842, 25.853263855], [242.903945923, -201.738723755, 112.551002502, -14.3450393677, -28.087228775, 50.5307922363, -45.9879226685, 103.247108459, -49.7036094666, 62.045337677, -56.9959259033, 24.8701782227, -30.8109607697], [-472.892089844, 409.231079102, -266.236541748, -78.1080551147, 164.836898804, -67.9889678955, 85.2225265503, -49.7036094666, 178.508529663, -85.5876617432, 104.462486267, -48.2944908142, 60.7679290771], [320.361419678, -375.92364502, 224.68196106, 44.7711677551, -130.555862427, 52.7306976318, -58.1127662659, 62.045337677, -85.5876617432, 158.481079102, -80.1690063477, 58.223285675, -51.2424125671], [-530.848571777, 379.906585693, -208.421905518, -56.1724967957, 91.6701431274, -76.8644332886, 83.0999298096, -56.9959259033, 104.462486267, -80.1690063477, 150.914260864, -31.8779811859, 62.8573989868], [184.561660767, -209.798110962, 78.0615539551, -19.3580474854, -44.569229126, 20.5745506287, -25.8494300842, 24.8701782227, -48.2944908142, 58.223285675, -31.8779811859, 109.437576294, -2.73248839378], [-267.236816406, 164.237365723, -127.313201904, -10.6603803635, 36.5077896118, -15.797249794, 25.853263855, -30.8109607697, 60.7679290771, -51.2424125671, 62.8573989868, -2.73248839378, 93.3905639648]],
        "icov": [[0.000783043389674, 0.000347145425621, 0.000638326979242, -0.000620836566668, -0.000140056596138, -0.000770425482187, 0.000503200513776, -0.000266424671281, 0.00040753983194, 0.000356737553375, 0.00107506290078, -0.000616941018961, 0.00131566345226], [0.000347145425621, 0.0078025246039, -0.0030737107154, 0.00276702223346, -0.00478927465156, 0.00355036207475, -0.00464742584154, 0.00261144060642, -0.00259690312669, 0.00568945985287, -0.00585682457313, 0.00679062260315, -0.00302951899357], [0.000638326979242, -0.0030737107154, 0.00621664058417, -0.00435679079965, 0.00243741180748, -0.00112903583795, 0.00259729870595, -0.00329145556316, 0.00404124101624, -0.0041605993174, 0.00461483048275, -0.00416350970045, 0.00412039784715], [-0.000620836566668, 0.00276702223346, -0.00435679079965, 0.00797558110207, 0.000262346555246, -0.00050514965551, -0.00348565843888, 0.00435379566625, -0.00258314795792, 0.00292610027827, -0.00279883155599, 0.00564418546855, -0.00412298133597], [-0.000140056596138, -0.00478927465156, 0.00243741180748, 0.000262346555246, 0.00767027074471, -0.00298437243327, 0.00307390256785, -0.00225832802244, -0.00138822349254, -0.00110357766971, 0.00425486965105, -0.00440989201888, 0.0035801185295], [-0.000770425482187, 0.00355036207475, -0.00112903583795, -0.00050514965551, -0.00298437243327, 0.0101561900228, -0.00147656421177, -0.00117666157894, -0.000515129475389, 0.00161963375285, -0.00223664706573, 0.00376746337861, -0.00430043553934], [0.000503200513776, -0.00464742584154, 0.00259729870595, -0.00348565843888, 0.00307390256785, -0.00147656421177, 0.0136182252318, -0.00145470374264, -0.00128981773742, -0.00217171758413, 0.00115025870036, -0.00608567288145, 0.00574991153553], [-0.000266424671281, 0.00261144060642, -0.00329145556316, 0.00435379566625, -0.00225832802244, -0.00117666157894, -0.00145470374264, 0.0174753107131, -0.00121203646995, -0.00169438193552, -0.00068843155168, 0.0036745921243, -0.00206323037855], [0.00040753983194, -0.00259690312669, 0.00404124101624, -0.00258314795792, -0.00138822349254, -0.000515129475389, -0.00128981773742, -0.00121203646995, 0.0178967267275, -0.0044235419482, -7.33547276468e-05, 0.00066085223807, -0.00264345668256], [0.000356737553375, 0.00568945985287, -0.0041605993174, 0.00292610027827, -0.00110357766971, 0.00161963375285, -0.00217171758413, -0.00169438193552, -0.0044235419482, 0.0192727129906, -0.00328276306391, -0.000200989394216, 0.0020816619508], [0.00107506290078, -0.00585682457313, 0.00461483048275, -0.00279883155599, 0.00425486965105, -0.00223664706573, 0.00115025870036, -0.00068843155168, -7.33547276468e-05, -0.00328276306391, 0.023309815675, -0.00576347718015, -0.0008504280122], [-0.000616941018961, 0.00679062260315, -0.00416350970045, 0.00564418546855, -0.00440989201888, 0.00376746337861, -0.00608567288145, 0.0036745921243, 0.00066085223807, -0.000200989394216, -0.00576347718015, 0.0208692587912, -0.00953133031726], [0.00131566345226, -0.00302951899357, 0.00412039784715, -0.00412298133597, 0.0035801185295, -0.00430043553934, 0.00574991153553, -0.00206323037855, -0.00264345668256, 0.0020816619508, -0.0008504280122, -0.00953133031726, 0.0237030293792]]
    },
    "melbands": {
        "dmean": [0.000161350122653, 0.00045053724898, 0.000485986704007, 0.000389777327655, 0.00022316275863, 0.000119416254165, 8.86440684553e-05, 8.14627419459e-05, 0.000102986414277, 4.94364467158e-05, 5.41192821402e-05, 0.000101260964584, 3.9861377445e-05, 7.98148757895e-05, 5.63930188946e-05, 5.12809456268e-05, 5.19612840435e-05, 4.98807785334e-05, 3.76408970624e-05, 3.36970515491e-05, 2.79908417724e-05, 1.72467352968e-05, 1.54844565259e-05, 9.48016258917e-06, 4.50133256891e-06, 3.60856392945e-06, 4.18949412051e-06, 3.06917399939e-06, 2.12222471418e-06, 1.25899998693e-06, 1.02257183698e-06, 8.15128544218e-07, 5.2061380984e-07, 3.91348521589e-07, 3.02857500856e-07, 2.39840261429e-07, 2.00963285124e-07, 1.9838545029e-07, 1.54318215095e-07, 1.22075391573e-07],
        "dmean2": [0.000261938548647, 0.000725480844267, 0.000780304952059, 0.000657363561913, 0.000345560314599, 0.000182056537597, 0.000141022115713, 0.000128854982904, 0.000139739888255, 7.53031417844e-05, 8.01890491857e-05, 0.000145918616909, 6.13531956333e-05, 0.000128117098939, 9.12218893063e-05, 8.36066610646e-05, 8.35138489492e-05, 8.50010546856e-05, 6.04472479608e-05, 5.41487424925e-05, 4.49010985903e-05, 2.81204156636e-05, 2.55941176874e-05, 1.60035087902e-05, 7.5238313002e-06, 6.10629331277e-06, 7.03988371242e-06, 5.00962687511e-06, 3.61826096196e-06, 2.14596229853e-06, 1.72189857039e-06, 1.33692162763e-06, 8.37814184251e-07, 6.34365335372e-07, 5.0481571634e-07, 3.88776953741e-07, 3.32523143243e-07, 3.26740831724e-07, 2.5059657105e-07, 1.95359561417e-07],
        "dvar": [7.04815619201e-08, 7.06517084836e-07, 1.05221397462e-06, 9.31092017709e-07, 1.69829903029e-07, 4.36933120795e-08, 6.4562470925e-08, 3.21809849879e-08, 1.88702529158e-08, 7.72440600372e-09, 9.36650046413e-09, 1.95845988316e-08, 4.60729454588e-09, 1.26760459906e-08, 5.49253265092e-09, 5.12904030359e-09, 5.16177545151e-09, 4.84323958716e-09, 3.43939143832e-09, 3.04430081144e-09, 2.96377478115e-09, 1.01989516832e-09, 7.27506999088e-10, 2.00654270976e-10, 8.87875814537e-11, 5.38035622999e-11, 1.85756257598e-10, 1.00308185369e-10, 4.8887123516e-11, 1.1411092557e-11, 7.65932803293e-12, 5.00468199868e-12, 1.81182120088e-12, 1.1774343436e-12, 8.59608391413e-13, 3.53831059504e-13, 2.19467510571e-13, 3.48357031155e-13, 2.18136991218e-13, 7.05252303497e-14],
        "dvar2": [1.63004756359e-07, 1.68272458723e-06, 2.54652286458e-06, 2.50032394433e-06, 4.66024687285e-07, 8.33379161236e-08, 1.70116706499e-07, 8.4206121187e-08, 3.83760223599e-08, 1.95999945163e-08, 2.26610037402e-08, 4.17653112095e-08, 1.0417267049e-08, 3.36126326772e-08, 1.53004968695e-08, 1.298103669e-08, 1.34223547832e-08, 1.34707480726e-08, 7.83464404464e-09, 7.64786811658e-09, 7.016013992e-09, 2.54249532539e-09, 1.85604254188e-09, 5.6340215826e-10, 2.48969372896e-10, 1.48657738896e-10, 5.17298870406e-10, 2.51054760314e-10, 1.38073733003e-10, 3.07933713251e-11, 2.04181272584e-11, 1.31178548926e-11, 4.32528318717e-12, 2.97549116422e-12, 2.49199901166e-12, 9.08866135563e-13, 5.94294416196e-13, 8.37913776992e-13, 5.81905183761e-13, 1.82912251968e-13],
        "max": [0.00393635081127, 0.0177418682724, 0.0112044243142, 0.0139227844775, 0.00670781778172, 0.00658130692318, 0.003672944149, 0.00221822713502, 0.00192590022925, 0.00135848636273, 0.00202717282809, 0.0017365339445, 0.00119653402362, 0.00153831392527, 0.000893335964065, 0.000840133230668, 0.00101946829818, 0.000775897002313, 0.0010116843041, 0.00126810581423, 0.0010183530394, 0.000596454890911, 0.000499774352647, 0.000165240897331, 0.00016511278227, 0.000116034032544, 0.000271196127869, 0.00022978738707, 0.000160806041094, 6.96348724887e-05, 5.94899502175e-05, 5.58848769288e-05, 3.45449443557e-05, 1.99310870812e-05, 2.16404205275e-05, 1.31216283989e-05, 8.24092057883e-06, 1.50053547259e-05, 1.21819011838e-05, 3.24312418343e-06],
        "mean": [0.000437661103206, 0.00109294592403, 0.00105972832534, 0.000558051746339, 0.000518460175954, 0.000307687063469, 0.000183740034117, 0.000156283800607, 0.000212699538679, 0.000114879934699, 0.000116002956929, 0.000187242068932, 7.69162361394e-05, 0.000140261196066, 9.90493863355e-05, 8.6370651843e-05, 9.72304915194e-05, 8.34405145724e-05, 7.73605934228e-05, 6.70414156048e-05, 5.72851058678e-05, 3.4570311982e-05, 2.62227586063e-05, 1.55497746164e-05, 8.58338353282e-06, 6.87781130182e-06, 8.00408543e-06, 5.92374271946e-06, 3.92839865526e-06, 2.46244326263e-06, 2.27149143939e-06, 1.77767526566e-06, 1.17218883133e-06, 8.85501833636e-07, 6.33916272363e-07, 5.05637842707e-07, 3.87376672961e-07, 3.73694376776e-07, 2.82512758076e-07, 2.03625248218e-07],
        "median": [0.000269407522865, 0.000570632051677, 0.000445381941972, 0.000259122607531, 0.000340780097758, 0.00018520418962, 0.00012604247604, 8.13797523733e-05, 0.000139721523738, 6.46280677756e-05, 8.52144366945e-05, 0.000113135174615, 4.42341515736e-05, 8.97475329111e-05, 6.87122592353e-05, 5.79649058636e-05, 6.30417853245e-05, 5.27513038833e-05, 4.89323429065e-05, 3.79168850486e-05, 2.85110818368e-05, 1.99804999284e-05, 1.63740878634e-05, 1.03122629298e-05, 5.604620128e-06, 3.4062272789e-06, 2.26359816224e-06, 1.28608462546e-06, 6.39746190245e-07, 4.06488339877e-07, 3.20633120054e-07, 2.4056453185e-07, 1.54712708422e-07, 1.20751323607e-07, 8.60388880142e-08, 6.31776657656e-08, 4.89071041443e-08, 3.16652872812e-08, 1.60327804366e-08, 1.08371729368e-08],
