{
"highlevel": {
    "danceability": {
        "all": {
            "danceable": 0.998041749001,
            "not_danceable": 0.00195826450363
        },
        "probability": 0.998041749001,
        "value": "danceable"
    },
    "gender": {
        "all": {
            "female": 0.96887588501,
            "male": 0.0311241354793
        },
        "probability": 0.96887588501,
        "value": "female"
    },
    "genre_dortmund": {
        "all": {
            "alternative": 0.037320856005,
            "blues": 0.0766799673438,
            "electronic": 0.0500947013497,
            "folkcountry": 0.0299167968333,
            "funksoulrnb": 0.132134228945,
            "jazz": 0.0708211809397,
            "pop": 0.0781499966979,
            "raphiphop": 0.41276049614,
            "rock": 0.112121790648
        },
        "probability": 0.41276049614,
        "value": "raphiphop"
    },
    "genre_electronic": {
        "all": {
            "ambient": 0.212082371116,
            "dnb": 0.330265343189,
            "house": 0.294709295034,
            "techno": 0.0194730814546,
            "trance": 0.143469899893
        },
        "probability": 0.330265343189,
        "value": "dnb"
    },
    "genre_rosamerica": {
        "all": {
            "cla": 0.00582229346037,
            "dan": 0.429611057043,
            "hip": 0.187744319439,
            "jaz": 0.00859019160271,
            "pop": 0.195990949869,
            "rhy": 0.15487255156,
            "roc": 0.0137337688357,
            "spe": 0.00363487098366
        },
        "probability": 0.429611057043,
        "value": "dan"
    },
    "genre_tzanetakis": {
        "all": {
            "blu": 0.07593434304,
            "cla": 0.0337142795324,
            "cou": 0.0606776997447,
            "dis": 0.0505694411695,
            "hip": 0.151736244559,
            "jaz": 0.303671628237,
            "met": 0.0607067197561,
            "pop": 0.060691729188,
            "reg": 0.0505727082491,
            "roc": 0.151725202799
        },
        "probability": 0.303671628237,
        "value": "jaz"
    },
    "ismir04_rhythm": {
        "all": {
            "ChaChaCha": 0.0209380276501,
            "Jive": 0.0385504364967,
            "Quickstep": 0.0363144241273,
            "Rumba-American": 0.00933340098709,
            "Rumba-International": 0.0261934921145,
            "Rumba-Misc": 0.00585415121168,
            "Samba": 0.836428761482,
            "Tango": 0.00605237018317,
            "VienneseWaltz": 0.0172483418137,
            "Waltz": 0.00308656226844
        },
        "probability": 0.836428761482,
        "value": "Samba"
    },
    "mood_acoustic": {
        "all": {
            "acoustic": 0.0132450591773,
            "not_acoustic": 0.986754953861
        },
        "probability": 0.986754953861,
        "value": "not_acoustic"
    },
    "mood_aggressive": {
        "all": {
            "aggressive": 0.405224114656,
            "not_aggressive": 0.594775855541
        },
        "probability": 0.594775855541,
        "value": "not_aggressive"
    },
    "mood_electronic": {
        "all": {
            "electronic": 0.349494636059,
            "not_electronic": 0.650505363941
        },
        "probability": 0.650505363941,
        "value": "not_electronic"
    },
    "mood_happy": {
        "all": {
            "happy": 0.553975820541,
            "not_happy": 0.446024209261
        },
        "probability": 0.553975820541,
        "value": "happy"
    },
    "mood_party": {
        "all": {
            "not_party": 0.36390927434,
            "party": 0.636090755463
        },
        "probability": 0.636090755463,
        "value": "party"
    },
    "mood_relaxed": {
        "all": {
            "not_relaxed": 0.609064400196,
            "relaxed": 0.390935570002
        },
        "probability": 0.609064400196,
        "value": "not_relaxed"
    },
    "mood_sad": {
        "all": {
            "not_sad": 0.793001234531,
            "sad": 0.206998735666
        },
        "probability": 0.793001234531,
        "value": "not_sad"
    },
    "moods_mirex": {
        "all": {
            "Cluster1": 0.159805580974,
            "Cluster2": 0.296291768551,
            "Cluster3": 0.114185035229,
            "Cluster4": 0.316058129072,
            "Cluster5": 0.113659486175
        },
        "probability": 0.316058129072,
        "value": "Cluster4"
    },
    "timbre": {
        "all": {
            "bright": 0.994600713253,
            "dark": 0.00539927091449
        },
        "probability": 0.994600713253,
        "value": "bright"
    },
    "tonal_atonal": {
        "all": {
            "atonal": 0.665833592415,
            "tonal": 0.334166407585
        },
        "probability": 0.665833592415,
        "value": "atonal"
    },
    "voice_instrumental": {
        "all": {
            "instrumental": 0.0142001332715,
            "voice": 0.985799849033
        },
        "probability": 0.985799849033,
        "value": "voice"
    }
},
"lowlevel": {
    "average_loudness": 0.96664917469,
    "barkbands_crest": {
        "dmean": 3.82698369026,
        "dmean2": 6.27688026428,
        "dvar": 11.8357429504,
        "dvar2": 30.3142337799,
        "max": 26.3329696655,
        "mean": 12.3581399918,
        "median": 11.5748167038,
        "min": 2.53430485725,
        "var": 27.3014240265
    },
    "barkbands_flatness_db": {
        "dmean": 0.031690698117,
        "dmean2": 0.048770390451,
        "dvar": 0.000915766519029,
        "dvar2": 0.00220209825784,
        "max": 0.376216739416,
        "mean": 0.158740833402,
        "median": 0.152512609959,
        "min": 0.0388400517404,
        "var": 0.00288524874486
    },
    "barkbands_kurtosis": {
        "dmean": 4.06591892242,
        "dmean2": 6.44147205353,
        "dvar": 236.151000977,
        "dvar2": 574.44934082,
        "max": 402.501525879,
        "mean": 4.04979228973,
        "median": 1.09814357758,
        "min": -1.84782135487,
        "var": 230.82144165
    },
    "barkbands_skewness": {
        "dmean": 0.765080094337,
        "dmean2": 1.1578540802,
        "dvar": 0.929172098637,
        "dvar2": 2.04733181,
        "max": 18.7322387695,
        "mean": 1.48494100571,
        "median": 1.25482916832,
        "min": -1.5217205286,
        "var": 2.04320526123
    },
    "barkbands_spread": {
        "dmean": 8.82950878143,
        "dmean2": 14.0312194824,
        "dvar": 130.402923584,
        "dvar2": 345.097900391,
        "max": 101.655075073,
        "mean": 26.4245796204,
        "median": 24.9885063171,
        "min": 0.673413693905,
        "var": 204.014480591
    },
    "dissonance": {
        "dmean": 0.0233910363168,
        "dmean2": 0.0392614528537,
        "dvar": 0.000510221463628,
        "dvar2": 0.00134427216835,
        "max": 0.499951332808,
        "mean": 0.457001358271,
        "median": 0.465436577797,
        "min": 0.260854303837,
        "var": 0.0010950822616
    },
    "dynamic_complexity": 2.39971017838,
    "erbbands_crest": {
        "dmean": 3.30391812325,
        "dmean2": 5.26951408386,
        "dvar": 8.43140602112,
        "dvar2": 20.0564804077,
        "max": 30.2656459808,
        "mean": 9.61826038361,
        "median": 8.68237495422,
        "min": 2.71852564812,
        "var": 19.7900276184
    },
    "erbbands_flatness_db": {
        "dmean": 0.024388236925,
        "dmean2": 0.0343793109059,
        "dvar": 0.000625255983323,
        "dvar2": 0.00110648642294,
        "max": 0.347089499235,
        "mean": 0.162698403001,
        "median": 0.151326820254,
        "min": 0.0557636283338,
        "var": 0.00279872934334
    },
    "erbbands_kurtosis": {
        "dmean": 1.20049846172,
        "dmean2": 1.81159210205,
        "dvar": 2.52747988701,
        "dvar2": 5.71099615097,
        "max": 25.8766517639,
        "mean": 0.442561626434,
        "median": -0.22331738472,
        "min": -1.84738922119,
        "var": 4.78529691696
    },
    "erbbands_skewness": {
        "dmean": 0.454132139683,
        "dmean2": 0.707422196865,
        "dvar": 0.190412700176,
        "dvar2": 0.447108864784,
        "max": 4.24951696396,
        "mean": 0.337554723024,
        "median": 0.303438156843,
        "min": -2.33295559883,
        "var": 0.555029690266
    },
    "erbbands_spread": {
        "dmean": 14.970293045,
        "dmean2": 20.0073471069,
        "dvar": 311.801422119,
        "dvar2": 511.089508057,
        "max": 186.884796143,
        "mean": 45.4766540527,
        "median": 37.3620491028,
        "min": 4.64611816406,
        "var": 872.075195312
    },
    "hfc": {
        "dmean": 15.5551528931,
        "dmean2": 22.3560714722,
        "dvar": 657.366943359,
        "dvar2": 1565.46569824,
        "max": 181.185180664,
        "mean": 28.2609004974,
        "median": 19.8238639832,
        "min": 0.100593820214,
        "var": 834.100524902
    },
    "melbands_crest": {
        "dmean": 4.3835568428,
        "dmean2": 7.22589588165,
        "dvar": 16.016576767,
        "dvar2": 39.9138946533,
        "max": 32.929775238,
        "mean": 16.2608509064,
        "median": 15.4977884293,
        "min": 3.36905646324,
        "var": 42.3728485107
    },
    "melbands_flatness_db": {
        "dmean": 0.0384818762541,
        "dmean2": 0.0581019818783,
        "dvar": 0.00172949663829,
        "dvar2": 0.00402102991939,
        "max": 0.470809787512,
        "mean": 0.190175190568,
        "median": 0.180067032576,
        "min": 0.0262987352908,
        "var": 0.00540060922503
    },
    "melbands_kurtosis": {
        "dmean": 15.5722608566,
        "dmean2": 23.9848079681,
        "dvar": 1289.82104492,
        "dvar2": 2826.71166992,
        "max": 468.226593018,
        "mean": 19.9429512024,
        "median": 6.5140171051,
        "min": -1.55738079548,
        "var": 1887.65136719
    },
    "melbands_skewness": {
        "dmean": 1.30829238892,
        "dmean2": 1.88518333435,
        "dvar": 2.90115356445,
        "dvar2": 5.82636928558,
        "max": 20.521396637,
        "mean": 2.9624273777,
        "median": 2.21256899834,
        "min": -1.16984760761,
        "var": 6.76175403595
    },
    "melbands_spread": {
        "dmean": 11.477558136,
        "dmean2": 18.318025589,
        "dvar": 271.847503662,
        "dvar2": 714.169372559,
        "max": 186.91506958,
        "mean": 26.8377323151,
        "median": 22.5207519531,
        "min": 0.523761570454,
        "var": 406.600158691
    },
    "pitch_salience": {
        "dmean": 0.0936864316463,
        "dmean2": 0.150959745049,
        "dvar": 0.00861600134522,
        "dvar2": 0.0210557617247,
        "max": 0.836467325687,
        "mean": 0.495357990265,
        "median": 0.495340675116,
        "min": 0.0519224219024,
        "var": 0.020448749885
    },
    "silence_rate_20dB": {
        "dmean": 0,
        "dmean2": 0,
        "dvar": 0,
        "dvar2": 0,
        "max": 1,
        "mean": 1,
        "median": 1,
        "min": 1,
        "var": 0
    },
    "silence_rate_30dB": {
        "dmean": 0.0030959751457,
        "dmean2": 0.00619674660265,
        "dvar": 0.00308637297712,
        "dvar2": 0.00925665069371,
        "max": 1,
        "mean": 0.998453199863,
        "median": 1,
        "min": 0,
        "var": 0.00154439476319
    },
    "silence_rate_60dB": {
        "dmean": 0.0595975220203,
        "dmean2": 0.119287371635,
        "dvar": 0.056045666337,
        "dvar2": 0.122099094093,
        "max": 1,
        "mean": 0.0696055665612,
        "median": 0,
        "min": 0,
        "var": 0.0647604316473
    },
    "spectral_centroid": {
        "dmean": 356.313018799,
        "dmean2": 552.21081543,
        "dvar": 168562,
        "dvar2": 419246.15625,
        "max": 3669.40136719,
        "mean": 1532.46862793,
        "median": 1485.3026123,
        "min": 286.031890869,
        "var": 364447.28125
    },
    "spectral_complexity": {
        "dmean": 5.22445821762,
        "dmean2": 7.61037969589,
        "dvar": 37.9126472473,
        "dvar2": 75.1777877808,
        "max": 49,
        "mean": 16.8283061981,
        "median": 15,
        "min": 0,
        "var": 94.5504608154
    },
    "spectral_decrease": {
        "dmean": 3.43195583064e-09,
        "dmean2": 4.99093300022e-09,
        "dvar": 1.97905856685e-17,
        "dvar2": 3.87185609245e-17,
        "max": -1.60175570724e-11,
        "mean": -7.21147053184e-09,
        "median": -6.2648717325e-09,
        "min": -3.79146776197e-08,
        "var": 3.61432962148e-17
    },
    "spectral_energy": {
        "dmean": 0.0138392476365,
        "dmean2": 0.0198030825704,
        "dvar": 0.000306965433992,
        "dvar2": 0.000560475862585,
        "max": 0.148221716285,
        "mean": 0.029781088233,
        "median": 0.0258155930787,
        "min": 6.95781272952e-05,
        "var": 0.000593026110437
    },
    "spectral_energyband_high": {
        "dmean": 0.00125253491569,
        "dmean2": 0.00185272272211,
        "dvar": 6.25184793535e-06,
        "dvar2": 1.53867713379e-05,
        "max": 0.0179359298199,
        "mean": 0.00170228502247,
        "median": 0.000773618055973,
        "min": 3.77592385803e-07,
        "var": 6.6855982368e-06
    },
    "spectral_energyband_low": {
        "dmean": 0.00781604647636,
        "dmean2": 0.0124653121457,
        "dvar": 0.000285576796159,
        "dvar2": 0.000640411861241,
        "max": 0.138903126121,
        "mean": 0.0126373944804,
        "median": 0.00134059216361,
        "min": 7.78520075073e-08,
        "var": 0.000387222389691
    },
    "spectral_energyband_middle_high": {
        "dmean": 0.00265200715512,
        "dmean2": 0.00373345916159,
        "dvar": 1.16107867143e-05,
        "dvar2": 2.14837309613e-05,
        "max": 0.0398859493434,
        "mean": 0.00564579898492,
        "median": 0.00381543580443,
        "min": 1.6662534108e-05,
        "var": 3.62604369002e-05
    },
    "spectral_energyband_middle_low": {
        "dmean": 0.00590908294544,
        "dmean2": 0.00828051380813,
        "dvar": 7.75379594415e-05,
        "dvar2": 0.000111245004518,
        "max": 0.0706479400396,
        "mean": 0.0104870107025,
        "median": 0.00597341824323,
        "min": 3.89075830753e-05,
        "var": 0.000175072695129
    },
    "spectral_entropy": {
        "dmean": 0.212533265352,
        "dmean2": 0.31305539608,
        "dvar": 0.0559694804251,
        "dvar2": 0.107093073428,
        "max": 8.66533470154,
        "mean": 7.66814231873,
        "median": 7.7568321228,
        "min": 6.132335186,
        "var": 0.196513950825
    },
    "spectral_flux": {
        "dmean": 0.0395066216588,
        "dmean2": 0.063336648047,
        "dvar": 0.00192619627342,
        "dvar2": 0.00501237111166,
        "max": 0.32133024931,
        "mean": 0.0983211919665,
        "median": 0.0883284807205,
        "min": 0.00669159088284,
        "var": 0.00320353358984
    },
    "spectral_kurtosis": {
        "dmean": 1.54146909714,
        "dmean2": 2.33558344841,
        "dvar": 3.98537945747,
        "dvar2": 9.53689861298,
        "max": 24.5302143097,
        "mean": 3.3595688343,
        "median": 2.391705513,
        "min": -1.2726252079,
        "var": 10.5019865036
    },
    "spectral_rms": {
        "dmean": 0.00123983854428,
        "dmean2": 0.00169226096477,
        "dvar": 1.85043973033e-06,
        "dvar2": 2.9710738545e-06,
        "max": 0.0120252463967,
        "mean": 0.00489940028638,
        "median": 0.00501855975017,
        "min": 0.000260540022282,
        "var": 5.05057550981e-06
    },
    "spectral_rolloff": {
        "dmean": 987.012023926,
        "dmean2": 1692.0489502,
        "dvar": 3297367.25,
        "dvar2": 8693976,
        "max": 11670.9960938,
        "mean": 1904.11328125,
        "median": 1464.2578125,
        "min": 64.599609375,
        "var": 3698412.75
    },
    "spectral_skewness": {
        "dmean": 0.250068277121,
        "dmean2": 0.359877854586,
        "dvar": 0.0599078498781,
        "dvar2": 0.122261293232,
        "max": 3.61174631119,
        "mean": 1.3999119997,
        "median": 1.29154610634,
        "min": 0.0445566810668,
        "var": 0.244416385889
    },
    "spectral_spread": {
        "dmean": 960139.3125,
        "dmean2": 1219799.5,
        "dvar": 1.33342979686e+12,
        "dvar2": 2.17335765402e+12,
        "max": 17103486,
        "mean": 5567372.5,
        "median": 5120087,
        "min": 1420275.125,
        "var": 5.07154792448e+12
    },
    "spectral_strongpeak": {
        "dmean": 0.593356370926,
        "dmean2": 0.98648506403,
        "dvar": 0.752286076546,
        "dvar2": 1.77381718159,
        "max": 8.72412014008,
        "mean": 0.951144695282,
        "median": 0.456847429276,
        "min": 0.00596127239987,
        "var": 1.14819407463
    },
    "zerocrossingrate": {
        "dmean": 0.0155233377591,
        "dmean2": 0.0199790615588,
        "dvar": 0.0002940222912,
        "dvar2": 0.000436393718701,
        "max": 0.33935546875,
        "mean": 0.0753006711602,
        "median": 0.0712890625,
        "min": 0.005859375,
        "var": 0.00154431711417
    },
    "barkbands": {
        "dmean": [0.000219003282837, 0.00364544638433, 0.00439086416736, 0.000737342226785, 0.00310611142777, 0.00140799651854, 0.000339951802744, 0.000675015791785, 0.00169070123229, 0.000625502027106, 0.000710767577402, 0.000660588324536, 0.000448152597528, 0.000382363039535, 0.000428097962867, 0.00031309959013, 0.000278825464193, 0.000266819028184, 0.000200560767553, 0.000131245498778, 0.000145733938552, 0.000237309155636, 0.000217393666389, 0.000241429632297, 0.000295868434478, 0.00020917855727, 1.51163789042e-07],
        "dmean2": [0.000334130221745, 0.00606522662565, 0.00718855252489, 0.00125277671032, 0.00393041968346, 0.0023356822785, 0.00058553047711, 0.00110752414912, 0.00259497831576, 0.00100009341259, 0.00111312349327, 0.00103124673478, 0.000715323083568, 0.000582598790061, 0.00065695802914, 0.000479897222249, 0.000415108777815, 0.000433072564192, 0.00031914934516, 0.000207129414775, 0.000224243980483, 0.000355783820851, 0.000290285679512, 0.000377821357688, 0.000467670557555, 0.000337305129506, 2.73496169712e-07],
        "dvar": [1.90733842942e-07, 4.13038978877e-05, 0.000217485925532, 4.3830168579e-06, 6.84077385813e-05, 6.69915607432e-06, 6.21058688921e-07, 2.40777376348e-06, 1.02414505818e-05, 3.48661296812e-06, 2.54619681073e-06, 3.77548758479e-06, 1.48557580815e-06, 1.32087302518e-06, 7.85570478001e-07, 3.48432394048e-07, 2.0138453749e-07, 2.09496192838e-07, 1.07042637865e-07, 4.4158834811e-08, 5.58739721157e-08, 1.42904156064e-07, 1.16383795046e-07, 3.06068670852e-07, 4.71686917081e-07, 3.0661215078e-07, 2.48399093178e-13],
        "dvar2": [4.32025103692e-07, 0.000112072521006, 0.000497350119986, 1.18624038805e-05, 0.000107242296508, 1.89485745068e-05, 1.64044934081e-06, 5.98581391387e-06, 2.03258368856e-05, 6.94516893418e-06, 6.02757836532e-06, 7.42346037441e-06, 3.26750205204e-06, 2.44240095526e-06, 1.71362341916e-06, 8.00023883585e-07, 4.30815958907e-07, 5.00664953051e-07, 2.47366187978e-07, 1.07527846183e-07, 1.33500705601e-07, 3.23435187966e-07, 2.09637349258e-07, 7.90293654518e-07, 1.22668063796e-06, 7.91303818914e-07, 6.78362856339e-13],
        "max": [0.00727476133034, 0.0673272609711, 0.119055598974, 0.0166019387543, 0.065801076591, 0.0276668332517, 0.0145463394001, 0.0267118811607, 0.0542119778693, 0.0370497740805, 0.0205529313534, 0.0376864932477, 0.021089123562, 0.0279257912189, 0.0150600560009, 0.00907090399414, 0.00743111362681, 0.00609559938312, 0.0055663511157, 0.0024778812658, 0.00214705220424, 0.00293574132957, 0.00318235275336, 0.00510349171236, 0.00527667021379, 0.00433379178867, 6.85190889271e-06],
        "mean": [0.000334697018843, 0.00811149086803, 0.00369747169316, 0.000725044112187, 0.00366102694534, 0.00195520068519, 0.000463428266812, 0.000815236009657, 0.00241321604699, 0.000818116124719, 0.000887261121534, 0.000759808637667, 0.000576838210691, 0.000479937938508, 0.00069843797246, 0.000424414844019, 0.000453960092273, 0.000385598832509, 0.000307876907755, 0.000183441719855, 0.000224177376367, 0.000340709986631, 0.000312210788252, 0.000283914880129, 0.00028539574123, 0.000182072602911, 9.98254776619e-08],
        "median": [1.70335242728e-05, 0.000688076834194, 7.56832159823e-05, 6.36293116258e-05, 0.000417526607634, 0.00072860904038, 0.000152315915329, 0.000217092456296, 0.000717921240721, 0.000165027799085, 0.000285059155431, 0.000124282873003, 0.000151725500473, 0.000116194569273, 0.000251588353422, 0.000160439929459, 0.000193127489183, 0.000180058501428, 0.00014632930106, 9.14049887797e-05, 0.000104306040157, 0.000154589477461, 0.000121458673675, 9.70730325207e-05, 5.66062735743e-05, 1.3759594367e-05, 5.76637959604e-10],
        "min": [7.32015559279e-10, 2.09347543745e-08, 1.01476613779e-08, 1.8592166029e-08, 7.30826172912e-07, 7.52127334636e-07, 1.40307307106e-07, 1.18223582035e-07, 7.15975772891e-07, 5.06567459979e-07, 4.72614800628e-07, 5.47430829556e-07, 1.90993091564e-07, 2.20690253627e-07, 7.58287114877e-07, 6.00647467763e-07, 7.61276851335e-07, 3.37330561706e-07, 1.81773955887e-07, 2.07416377407e-07, 1.65478368785e-08, 5.67309754729e-09, 6.70072992648e-08, 2.53149998741e-08, 2.62294386211e-09, 7.21156251035e-12, 6.38127441513e-12],
        "var": [5.02994566887e-07, 0.000117022944323, 0.000194378793822, 3.77885794478e-06, 0.000111562942038, 8.97295103641e-06, 7.91670629496e-07, 3.50303434971e-06, 2.11178848986e-05, 6.48367813483e-06, 3.51533890353e-06, 5.80618689128e-06, 2.48592732532e-06, 2.09167274079e-06, 1.32979039336e-06, 5.46092508102e-07, 5.23107189565e-07, 3.23590001017e-07, 2.10088757058e-07, 6.80509941731e-08, 8.63672937612e-08, 2.09667049944e-07, 2.13869242316e-07, 3.02653091921e-07, 4.04778830898e-07, 2.50403104474e-07, 1.57772381856e-13]
    },
    "erbbands": {
        "dmean": [0.152695268393, 0.70788192749, 4.06979227066, 3.89635443687, 1.79096579552, 17.0014400482, 9.65189266205, 13.0197076797, 4.65301370621, 9.40704154968, 17.4973106384, 39.7388420105, 28.9967308044, 16.3639850616, 30.1538677216, 22.1047763824, 19.6416835785, 17.506483078, 20.7498092651, 19.0863704681, 16.6566333771, 15.2961549759, 14.0414295197, 11.0537500381, 9.63521575928, 5.91108608246, 5.01708507538, 6.76698493958, 7.8925280571, 7.85530185699, 6.19258832932, 4.52115535736, 4.53994417191, 3.49345874786, 2.08601093292, 1.02464103699, 0.324333131313, 0.0324079245329, 0.00059930892894, 4.40405165136e-05],
        "dmean2": [0.254187911749, 1.16721117496, 6.58357667923, 6.11647748947, 2.49737048149, 21.9951496124, 13.1826953888, 21.8442230225, 7.83078479767, 15.4498357773, 28.3374252319, 61.2616729736, 44.3617897034, 26.2237300873, 46.0251655579, 34.2876586914, 30.7707862854, 25.8033294678, 31.7359085083, 28.6999607086, 24.8132343292, 22.306728363, 21.9783840179, 17.8078804016, 14.9889364243, 9.44017219543, 8.20854854584, 10.3595342636, 11.7758598328, 11.5321512222, 8.59310626984, 6.66540050507, 7.25547456741, 5.60651683807, 3.27814173698, 1.59372353554, 0.534655988216, 0.0574826896191, 0.00102727208287, 6.53172537568e-05],
        "dvar": [0.0886003151536, 1.55588793755, 177.626480103, 133.017791748, 10.8788928986, 2269.10595703, 398.488128662, 574.793457031, 106.305885315, 373.246551514, 1325.84814453, 7156.22314453, 5454.23046875, 1448.36315918, 3973.5871582, 3881.69702148, 2901.03393555, 2892.07104492, 2103.22070312, 1281.7902832, 1022.57525635, 647.579467773, 512.942810059, 379.374755859, 204.655548096, 96.462097168, 76.251159668, 113.538665771, 151.30821228, 179.79347229, 100.162757874, 74.328918457, 122.923027039, 65.0453948975, 23.7847652435, 6.56648540497, 0.728303551674, 0.0119139701128, 3.46962929143e-06, 8.75710526316e-09],
        "dvar2": [0.263447403908, 3.51481151581, 402.800567627, 289.627105713, 18.4986591339, 3535.6328125, 687.553710938, 1600.69750977, 278.525604248, 950.744689941, 3117.64331055, 14843.5800781, 10082.9931641, 3588.51733398, 8757.55273438, 8225.20214844, 6292.76464844, 5064.61523438, 4361.58935547, 2817.68017578, 2312.41821289, 1394.17749023, 1240.80395508, 891.411682129, 485.343780518, 240.738235474, 200.189285278, 247.933242798, 322.938598633, 403.020477295, 193.968215942, 174.615371704, 322.515380859, 170.503921509, 61.293182373, 16.3259067535, 1.92110645771, 0.033101208508, 9.47824446484e-06, 2.13862190179e-08],
        "max": [2.81444191933, 11.7080430984, 111.146850586, 88.6986541748, 33.1228179932, 367.400726318, 154.915557861, 203.761169434, 128.953369141, 259.40246582, 561.780761719, 1728.31945801, 1473.91455078, 532.714111328, 707.233032227, 1030.76477051, 948.038818359, 1428.74951172, 1056.38183594, 648.70300293, 455.206481934, 449.165008545, 284.256378174, 355.380187988, 160.032318115, 127.248382568, 97.098197937, 86.1133041382, 101.957008362, 115.252281189, 116.615974426, 115.957572937, 80.9179077148, 61.8711013794, 35.1013793945, 20.8748722076, 7.35118865967, 0.984341263771, 0.0165149904788, 0.000792013830505],
        "mean": [0.275476455688, 1.69077336788, 3.86836838722, 3.75772380829, 2.48950266838, 19.8583774567, 14.6444711685, 17.6039047241, 5.92044210434, 13.5364398956, 22.951499939, 54.548625946, 41.6744995117, 21.2708129883, 41.688583374, 27.3542633057, 26.9179954529, 23.996471405, 33.616607666, 29.9491577148, 24.9861888885, 25.3840484619, 22.0014514923, 17.2692375183, 14.4380502701, 8.60266399384, 7.72279214859, 10.2662229538, 11.7621793747, 10.8099737167, 8.74040699005, 5.76649904251, 4.99938011169, 3.45081806183, 1.97007036209, 0.95962446928, 0.272022068501, 0.0227290112525, 0.000465046730824, 6.25144311925e-05],
        "median": [0.0226124655455, 0.149027511477, 0.279563993216, 0.241369202733, 0.33872666955, 1.80155837536, 3.99975299835, 6.03908205032, 2.25385522842, 6.35208749771, 6.78644323349, 15.8602676392, 12.9528417587, 7.52179431915, 15.1609144211, 7.03268861771, 7.745616436, 6.53378915787, 11.7032394409, 12.4551057816, 10.7919521332, 11.0451202393, 10.923997879, 8.64077758789, 7.10872936249, 4.44240283966, 3.71236753464, 4.90823221207, 5.41752815247, 4.30208826065, 3.32981848717, 2.21356296539, 1.35294520855, 0.773302674294, 0.315538555384, 0.0762688219547, 0.0212907772511, 0.0012642951915, 5.03296651004e-05, 3.65097912436e-05],
        "min": [1.22101039324e-06, 1.12795505629e-05, 5.35023282282e-05, 0.00021794901113, 0.00095102947671, 0.00257403519936, 0.0110145090148, 0.0066061927937, 0.00971436593682, 0.0122860372066, 0.0149154970422, 0.0193478614092, 0.0425799377263, 0.0434220284224, 0.0734056457877, 0.0164824090898, 0.0106823556125, 0.0269161239266, 0.0428290441632, 0.020507780835, 0.0542721226811, 0.0478804036975, 0.0327525548637, 0.0139990141615, 0.0170152746141, 0.0125713218004, 0.00143284653313, 0.00142979901284, 0.000388762215152, 0.00103107863106, 0.00149135570973, 0.000623403000645, 0.000470946368296, 0.000222646820475, 5.65037007618e-05, 9.60849320109e-06, 2.6698144211e-06, 3.36797285172e-07, 2.81951798797e-07, 1.84699970873e-07],
        "var": [0.191693037748, 4.64467048645, 162.14503479, 133.723892212, 21.438577652, 3636.33569336, 755.867980957, 741.799926758, 124.847251892, 502.037414551, 2273.56640625, 12702.3369141, 11943.6132812, 1964.83898926, 6984.97607422, 5727.19140625, 5035.67773438, 4987.50146484, 3905.94116211, 2113.87109375, 1793.87487793, 1586.3092041, 941.291564941, 677.04876709, 386.397583008, 147.948623657, 104.76953125, 180.883331299, 244.31072998, 251.762710571, 171.946548462, 100.123321533, 109.919036865, 55.7381629944, 20.5751743317, 5.97425699234, 0.56194216013, 0.00759005919099, 2.3473537567e-06, 8.46327807835e-09]
    },
    "gfcc": {
        "mean": [-1.44952249527, 61.482635498, -127.155403137, 27.0793056488, -71.2847518921, 21.9543418884, -43.1603622437, 16.2616062164, -19.5281791687, 3.47288060188, -13.8969860077, 7.0107588768, -3.97761750221],
        "cov": [[5276.19824219, -1176.47888184, 885.255126953, 637.336608887, 124.478424072, 408.929382324, 26.2863349915, 226.532897949, -159.767227173, 212.277359009, -381.479888916, 189.925643921, -190.944824219], [-1176.47888184, 1536.26977539, -143.980865479, 97.2890625, 256.061462402, 64.1507873535, 341.942962646, 41.5760650635, 325.629516602, -83.1053085327, 324.653045654, -163.523361206, 162.868652344], [885.255126953, -143.980865479, 1567.98071289, 606.672912598, 355.133911133, 408.102172852, 117.07951355, 252.594329834, -64.4880065918, 181.459243774, -111.320884705, 27.7387714386, -68.2640075684], [637.336608887, 97.2890625, 606.672912598, 926.405090332, 302.002227783, 282.579620361, 256.499603271, 211.826522827, 182.671905518, 22.9272842407, 19.0294532776, -14.738237381, 32.9045791626], [124.478424072, 256.061462402, 355.133911133, 302.002227783, 474.894287109, 265.43661499, 225.592514038, 184.171356201, 128.758255005, 93.0851974487, 9.53115463257, -20.4044456482, -0.308141112328], [408.929382324, 64.1507873535, 408.102172852, 282.579620361, 265.43661499, 460.79977417, 306.907562256, 196.310394287, 118.605880737, 121.51272583, 51.3353462219, 5.63182973862, 20.4865589142], [26.2863349915, 341.942962646, 117.07951355, 256.499603271, 225.592514038, 306.907562256, 481.952728271, 214.446716309, 179.476196289, 48.642906189, 124.326782227, -2.6588947773, 44.9145812988], [226.532897949, 41.5760650635, 252.594329834, 211.826522827, 184.171356201, 196.310394287, 214.446716309, 334.268707275, 156.766799927, 74.8923187256, 7.40843820572, -4.96209001541, 34.6957321167], [-159.767227173, 325.629516602, -64.4880065918, 182.671905518, 128.758255005, 118.605880737, 179.476196289, 156.766799927, 309.71887207, 42.1312294006, 98.3695373535, -35.5221748352, 78.5381164551], [212.277359009, -83.1053085327, 181.459243774, 22.9272842407, 93.0851974487, 121.51272583, 48.642906189, 74.8923187256, 42.1312294006, 212.092010498, 18.8696231842, 44.2287025452, 11.9305419922], [-381.479888916, 324.653045654, -111.320884705, 19.0294532776, 9.53115463257, 51.3353462219, 124.326782227, 7.40843820572, 98.3695373535, 18.8696231842, 234.566726685, 21.9203052521, 61.590297699], [189.925643921, -163.523361206, 27.7387714386, -14.738237381, -20.4044456482, 5.63182973862, -2.6588947773, -4.96209001541, -35.5221748352, 44.2287025452, 21.9203052521, 156.20513916, 10.310295105], [-190.944824219, 162.868652344, -68.2640075684, 32.9045791626, -0.308141112328, 20.4865589142, 44.9145812988, 34.6957321167, 78.5381164551, 11.9305419922, 61.590297699, 10.310295105, 157.768539429]],
        "icov": [[0.000310549658025, 1.21966013467e-05, 6.94792615832e-05, -0.000267969240667, 0.000206320444704, -0.000342797429767, 9.83762001852e-05, -0.000132051951368, 0.000140981297591, -0.000218417117139, 0.000480612070533, -0.000357492273906, 0.000277237908449], [1.21966013467e-05, 0.0023463354446, -0.000763153540902, 0.000818088010419, -0.00156859750859, 0.0015575690195, -0.00156186381355, 0.00144481251482, -0.00169280811679, 0.00130932766479, -0.00235830503516, 0.00208391970955, -0.00145852577407], [6.94792615832e-05, -0.000763153540902, 0.00179782998748, -0.00121627550106, 0.000268086383585, -0.00155590835493, 0.00129953678697, -0.00136189849582, 0.00192713423166, -0.00119486136828, 0.000932331196964, -0.000657511234749, 0.000845598056912], [-0.000267969240667, 0.000818088010419, -0.00121627550106, 0.00262130377814, -0.00114915566519, 0.000838614476379, -0.00112084695138, 0.000897002406418, -0.00200942601077, 0.00170184019953, -0.00102869595867, 0.00074659351958, -0.00100673071574], [0.000206320444704, -0.00156859750859, 0.000268086383585, -0.00114915566519, 0.00501079624519, -0.00212613865733, 0.000442444492364, -0.00134014955256, 0.000559113279451, -0.0017046155408, 0.00236818706617, -0.00118643115275, 0.00168291630689], [-0.000342797429767, 0.0015575690195, -0.00155590835493, 0.000838614476379, -0.00212613865733, 0.00730903120711, -0.00407099770382, 0.0011845997069, -0.00147410831414, -0.00040152456495, -0.00205766549334, 0.00199532462284, -0.00148865452502], [9.83762001852e-05, -0.00156186381355, 0.00129953678697, -0.00112084695138, 0.000442444492364, -0.00407099770382, 0.00665539270267, -0.00299248634838, 0.00117738475092, 2.22589314944e-05, -0.000248135183938, -0.00166705367155, 0.00143837579526], [-0.000132051951368, 0.00144481251482, -0.00136189849582, 0.000897002406418, -0.00134014955256, 0.0011845997069, -0.00299248634838, 0.00716162519529, -0.00374609208666, 0.000435254449258, 6.98644435033e-05, 0.00107722124085, -0.00157292187214], [0.000140981297591, -0.00169280811679, 0.00192713423166, -0.00200942601077, 0.000559113279451, -0.00147410831414, 0.00117738475092, -0.00374609208666, 0.00859587825835, -0.00231821509078, 8.76772755873e-05, 0.000170328319655, -0.000296897662338], [-0.000218417117139, 0.00130932766479, -0.00119486136828, 0.00170184019953, -0.0017046155408, -0.00040152456495, 2.22589314944e-05, 0.000435254449258, -0.00231821509078, 0.00793599337339, -0.00205003051087, -0.000595750578213, -0.00114805612247], [0.000480612070533, -0.00235830503516, 0.000932331196964, -0.00102869595867, 0.00236818706617, -0.00205766549334, -0.000248135183938, 6.98644435033e-05, 8.76772755873e-05, -0.00205003051087, 0.00965026114136, -0.00372429494746, 0.000548721756786], [-0.000357492273906, 0.00208391970955, -0.000657511234749, 0.00074659351958, -0.00118643115275, 0.00199532462284, -0.00166705367155, 0.00107722124085, 0.000170328319655, -0.000595750578213, -0.00372429494746, 0.00986461527646, -0.00227837800048], [0.000277237908449, -0.00145852577407, 0.000845598056912, -0.00100673071574, 0.00168291630689, -0.00148865452502, 0.00143837579526, -0.00157292187214, -0.000296897662338, -0.00114805612247, 0.000548721756786, -0.00227837800048, 0.00905776489526]]
    },
    "melbands": {
        "dmean": [0.00114722258877, 0.00168742414098, 0.000603744992986, 0.000597017584369, 0.0005080770934, 0.000277516897768, 6.97215291439e-05, 0.000113447960757, 0.000167972582858, 0.000254110433161, 0.000141127486131, 6.40847356408e-05, 0.000102912526927, 8.39350323076e-05, 4.46991798526e-05, 4.21238801209e-05, 3.42895436916e-05, 3.59165460395e-05, 3.12859665428e-05, 2.37474232563e-05, 1.98923735297e-05, 1.66731570062e-05, 1.55119378178e-05, 1.26538079712e-05, 9.19902049645e-06, 8.12576672615e-06, 6.04746946919e-06, 3.72930639969e-06, 3.21141965287e-06, 3.69901295016e-06, 4.46714238933e-06, 5.02138391312e-06, 4.30497539128e-06, 4.57603346149e-06, 3.89125943911e-06, 2.88020237349e-06, 2.91303331323e-06, 3.38112477039e-06, 2.85790292764e-06, 3.19383912029e-06],
        "dmean2": [0.00189050554764, 0.00270171859302, 0.000945515057538, 0.000786921940744, 0.000638028606772, 0.000463680742541, 0.000118587988254, 0.000187698504305, 0.000267800292931, 0.000393080495996, 0.000217890526983, 0.000103176382254, 0.00015891136718, 0.00012782101112, 7.4871139077e-05, 6.57756463625e-05, 5.13367267558e-05, 5.60547414352e-05, 4.77999165014e-05, 3.62039536412e-05, 2.98317845591e-05, 2.41283742071e-05, 2.43480353674e-05, 2.02044811886e-05, 1.51284266394e-05, 1.2704486835e-05, 9.6590792964e-06, 6.06965659244e-06, 5.40450309927e-06, 5.83928022024e-06, 6.94033178661e-06, 7.65621371102e-06, 6.44434885544e-06, 6.67357426209e-06, 5.60110083825e-06, 4.07726247431e-06, 4.54225437352e-06, 5.46772071175e-06, 4.47525599157e-06, 5.24957977177e-06],
        "dvar": [4.42504187959e-06, 2.39451201196e-05, 3.10517475555e-06, 2.60523006546e-06, 1.3355511328e-06, 2.54283861523e-07, 2.4809624577e-08, 5.93804578841e-08, 1.10697321531e-07, 2.79881930965e-07, 1.37714252446e-07, 2.45286617684e-08, 4.96182401832e-08, 6.62671908458e-08, 2.18136957386e-08, 1.17500462693e-08, 1.38889157952e-08, 7.29114102427e-09, 4.65395055826e-09, 1.88765403308e-09, 1.55640078603e-09, 9.07856623211e-10, 7.78334119378e-10, 4.33544922185e-10, 3.15210607615e-10, 1.61325203196e-10, 9.66007066006e-11, 3.83104242774e-11, 3.67066689544e-11, 3.58986937399e-11, 5.27184546018e-11, 6.67488217476e-11, 4.52245532689e-11, 6.08673805802e-11, 4.28581163614e-11, 2.01631072949e-11, 4.01624393465e-11, 7.19542619931e-11, 3.75267004971e-11, 5.88035869997e-11],
        "dvar2": [1.26655459098e-05, 5.35829894943e-05, 6.61800868329e-06, 3.91252842746e-06, 2.02823889595e-06, 7.14322766271e-07, 6.59475460907e-08, 1.50891835915e-07, 2.48373027034e-07, 5.78451079036e-07, 2.52304431569e-07, 6.14729955828e-08, 1.16903230207e-07, 1.23548375086e-07, 5.07239512615e-08, 2.69118789475e-08, 2.42596236433e-08, 1.54915564821e-08, 1.0328195188e-08, 4.411325083e-09, 3.50910678293e-09, 1.88816340341e-09, 1.88110638177e-09, 1.11528153379e-09, 7.44319550439e-10, 3.83422904537e-10, 2.32216440521e-10, 9.80117723093e-11, 1.00339334064e-10, 8.61705845567e-11, 1.18860463139e-10, 1.46694059677e-10, 1.04526408362e-10, 1.32577199219e-10, 8.67315455566e-11, 3.88245269267e-11, 1.01734398683e-10, 1.89498430836e-10, 9.5136981626e-11, 1.57003521295e-10],
        "max": [0.0218278393149, 0.0413750931621, 0.01312363334, 0.0122751453891, 0.00962043367326, 0.00479399086908, 0.00240087113343, 0.00377456774004, 0.00462726689875, 0.0101706683636, 0.00738264340907, 0.00222987425514, 0.00260719005018, 0.00562139088288, 0.0024198400788, 0.00135828333441, 0.00325482990593, 0.00164611940272, 0.00131473108195, 0.000609790207818, 0.000607808760833, 0.000591394666117, 0.000379826873541, 0.000241761983489, 0.000346471671946, 0.000169645252754, 0.000135493115522, 6.998929166e-05, 8.5162348114e-05, 7.91830316302e-05, 6.44485335215e-05, 6.04852320976e-05, 5.42914021935e-05, 5.94396224187e-05, 6.55615949654e-05, 7.20533571439e-05, 7.28533195797e-05, 6.56425836496e-05, 5.68433424633e-05, 6.04922170169e-05],
        "mean": [0.00237985490821, 0.00211708573624, 0.000606097979471, 0.000719258212484, 0.000690651126206, 0.000379868870368, 8.84325418156e-05, 0.000156707144924, 0.000218680157559, 0.000350656366209, 0.000199287489522, 7.73473730078e-05, 0.000136974005727, 0.00010096267215, 5.81904932915e-05, 5.28850505361e-05, 4.31203661719e-05, 5.34661267011e-05, 4.81242932437e-05, 3.28003916366e-05, 2.84595807898e-05, 2.60248398263e-05, 2.37202766584e-05, 1.73193602677e-05, 1.35567343023e-05, 1.1685087884e-05, 8.31598936202e-06, 4.96878692502e-06, 4.39019368059e-06, 5.38020049135e-06, 6.29282067166e-06, 7.09337928129e-06, 5.86972646488e-06, 6.04419710726e-06, 5.30072793481e-06, 3.99942109652e-06, 3.33578327627e-06, 3.57903877557e-06, 3.07835125568e-06, 2.94224810204e-06],
        "median": [0.00018355694192, 0.000230350036873, 4.08514715673e-05, 7.07258368493e-05, 0.000152839173097, 0.00013806555944, 3.28819187416e-05, 6.72506139381e-05, 5.2523035265e-05, 0.000100097473478, 5.53095269424e-05, 2.0166296963e-05, 4.72188112326e-05, 1.97441604541e-05, 1.69527138496e-05, 1.35241298267e-05, 8.4962011897e-06, 1.71063220478e-05, 1.65267065313e-05, 1.23290546981e-05, 1.04556447695e-05, 1.03316197055e-05, 1.04543460111e-05, 7.34272907721e-06, 6.29941087027e-06, 5.44262775293e-06, 3.77703986487e-06, 2.2990625439e-06, 1.97569534066e-06, 2.39893665821e-06, 2.76814853351e-06, 3.04054151457e-06, 2.49602089752e-06, 2.20236142923e-06, 1.85658575447e-06, 1.69265979366e-06, 1.16897751923e-06, 9.50992784965e-07, 7.29834766844e-07, 5.59024726954e-07],
        "min": [5.05399544437e-09, 1.76055472423e-08, 9.86383419388e-09, 9.28323657945e-08, 2.28670160141e-07, 1.57193355221e-07, 8.81200108438e-08, 7.76017188286e-08, 9.71551870066e-08, 1.17992549065e-07, 1.92943844013e-07, 5.5396665033e-08, 1.5000024689e-07, 6.01923346721e-08, 1.70293947832e-08, 2.10627497665e-08, 1.57468154072e-08, 1.54815644748e-08, 4.26378292673e-08, 2.54028744706e-08, 4.51909087928e-08, 3.96213408749e-08, 2.04299954731e-08, 1.70272080879e-08, 7.05030656079e-09, 6.73280009522e-09, 8.9426102079e-09, 6.84767381687e-11, 3.84785120433e-10, 3.59816315632e-10, 3.33676114517e-10, 2.32492414209e-10, 4.17624528709e-12, 4.83934906037e-11, 6.76338540728e-10, 6.59821253191e-10, 2.47858289448e-10, 2.03829314538e-12, 3.97283768383e-12, 2.54920081355e-13],
