{
"highlevel": {
    "danceability": {
        "all": {
            "danceable": 0.371330738068,
            "not_danceable": 0.628669261932
        },
        "probability": 0.628669261932,
        "value": "not_danceable"
    },
    "gender": {
        "all": {
            "female": 0.215374305844,
            "male": 0.784625709057
        },
        "probability": 0.784625709057,
        "value": "male"
    },
    "genre_dortmund": {
        "all": {
            "alternative": 0.0258083678782,
            "blues": 0.553171515465,
            "electronic": 0.00383613700978,
            "folkcountry": 0.257148295641,
            "funksoulrnb": 0.00556552689523,
            "jazz": 0.0949645340443,
            "pop": 0.0111694438383,
            "raphiphop": 0.00125174236018,
            "rock": 0.0470844171941
        },
        "probability": 0.553171515465,
        "value": "blues"
    },
    "genre_electronic": {
        "all": {
            "ambient": 0.916703283787,
            "dnb": 0.0330438949168,
            "house": 0.0323966257274,
            "techno": 0.0106314849108,
            "trance": 0.00722469761968
        },
        "probability": 0.916703283787,
        "value": "ambient"
    },
    "genre_rosamerica": {
        "all": {
            "cla": 0.598779857159,
            "dan": 0.0092046437785,
            "hip": 0.0214647110552,
            "jaz": 0.0623726025224,
            "pop": 0.062797434628,
            "rhy": 0.184400886297,
            "roc": 0.0206413324922,
            "spe": 0.0403385572135
        },
        "probability": 0.598779857159,
        "value": "cla"
    },
    "genre_tzanetakis": {
        "all": {
            "blu": 0.0626541376114,
            "cla": 0.0348133966327,
            "cou": 0.0783501937985,
            "dis": 0.104547761381,
            "hip": 0.15693578124,
            "jaz": 0.313987255096,
            "met": 0.044816005975,
            "pop": 0.0627349764109,
            "reg": 0.0627352520823,
            "roc": 0.0784252434969
        },
        "probability": 0.313987255096,
        "value": "jaz"
    },
    "ismir04_rhythm": {
        "all": {
            "ChaChaCha": 0.0998048856854,
            "Jive": 0.0405868403614,
            "Quickstep": 0.0688883587718,
            "Rumba-American": 0.0275756847113,
            "Rumba-International": 0.0630474314094,
            "Rumba-Misc": 0.0209138356149,
            "Samba": 0.0419760011137,
            "Tango": 0.285263538361,
            "VienneseWaltz": 0.307473450899,
            "Waltz": 0.0444699972868
        },
        "probability": 0.307473450899,
        "value": "VienneseWaltz"
    },
    "mood_acoustic": {
        "all": {
            "acoustic": 0.903769075871,
            "not_acoustic": 0.0962309390306
        },
        "probability": 0.903769075871,
        "value": "acoustic"
    },
    "mood_aggressive": {
        "all": {
            "aggressive": 0.0242301262915,
            "not_aggressive": 0.975769877434
        },
        "probability": 0.975769877434,
        "value": "not_aggressive"
    },
    "mood_electronic": {
        "all": {
            "electronic": 0.159655943513,
            "not_electronic": 0.840344071388
        },
        "probability": 0.840344071388,
        "value": "not_electronic"
    },
    "mood_happy": {
        "all": {
            "happy": 0.4889293015,
            "not_happy": 0.511070728302
        },
        "probability": 0.511070728302,
        "value": "not_happy"
    },
    "mood_party": {
        "all": {
            "not_party": 0.876036405563,
            "party": 0.123963594437
        },
        "probability": 0.876036405563,
        "value": "not_party"
    },
    "mood_relaxed": {
        "all": {
            "not_relaxed": 0.5540984869,
            "relaxed": 0.4459015131
        },
        "probability": 0.5540984869,
        "value": "not_relaxed"
    },
    "mood_sad": {
        "all": {
            "not_sad": 0.179626375437,
            "sad": 0.820373654366
        },
        "probability": 0.820373654366,
        "value": "sad"
    },
    "moods_mirex": {
        "all": {
            "Cluster1": 0.0661424174905,
            "Cluster2": 0.313161760569,
            "Cluster3": 0.255278259516,
            "Cluster4": 0.323801130056,
            "Cluster5": 0.0416164398193
        },
        "probability": 0.323801130056,
        "value": "Cluster4"
    },
    "timbre": {
        "all": {
            "bright": 0.999999880791,
            "dark": 1.24424360592e-07
        },
        "probability": 0.999999880791,
        "value": "bright"
    },
    "tonal_atonal": {
        "all": {
            "atonal": 0.027671162039,
            "tonal": 0.972328841686
        },
        "probability": 0.972328841686,
        "value": "tonal"
    },
    "voice_instrumental": {
        "all": {
            "instrumental": 0.164007321,
            "voice": 0.835992693901
        },
        "probability": 0.835992693901,
        "value": "voice"
    }
},
"lowlevel": {
    "average_loudness": 0.89234149456,
    "barkbands_crest": {
        "dmean": 2.83700990677,
        "dmean2": 4.6288690567,
        "dvar": 6.36937189102,
        "dvar2": 16.5035762787,
        "max": 25.76263237,
        "mean": 10.831038475,
        "median": 10.0637598038,
        "min": 4.06835985184,
        "var": 18.0127773285
    },
    "barkbands_flatness_db": {
        "dmean": 0.0215743519366,
        "dmean2": 0.0338020734489,
        "dvar": 0.000367873260984,
        "dvar2": 0.000889146816917,
        "max": 0.372953772545,
        "mean": 0.177678376436,
        "median": 0.171838074923,
        "min": 0.0805450826883,
        "var": 0.00180174398702
    },
    "barkbands_kurtosis": {
        "dmean": 2.46795320511,
        "dmean2": 3.92705893517,
        "dvar": 11.9711074829,
        "dvar2": 27.783323288,
        "max": 41.7463760376,
        "mean": 3.11274170876,
        "median": 1.59234857559,
        "min": -1.8063158989,
        "var": 26.3083133698
    },
    "barkbands_skewness": {
        "dmean": 0.529067397118,
        "dmean2": 0.821741819382,
        "dvar": 0.264980375767,
        "dvar2": 0.606042027473,
        "max": 5.90709400177,
        "mean": 1.33138489723,
        "median": 1.23641192913,
        "min": -2.80379271507,
        "var": 1.06521868706
    },
    "barkbands_spread": {
        "dmean": 4.18091487885,
        "dmean2": 6.59049367905,
        "dvar": 17.4479026794,
        "dvar2": 39.8109436035,
        "max": 53.2054100037,
        "mean": 16.6477432251,
        "median": 15.7244510651,
        "min": 1.04639136791,
        "var": 70.5833435059
    },
    "dissonance": {
        "dmean": 0.0233861263841,
        "dmean2": 0.0384059771895,
        "dvar": 0.000570469943341,
        "dvar2": 0.00153024366591,
        "max": 0.498954862356,
        "mean": 0.450327157974,
        "median": 0.457790642977,
        "min": 0.22369466722,
        "var": 0.00137489195913
    },
    "dynamic_complexity": 3.7625849247,
    "erbbands_crest": {
        "dmean": 2.80701184273,
        "dmean2": 4.5282459259,
        "dvar": 7.44952630997,
        "dvar2": 16.6752662659,
        "max": 32.2705955505,
        "mean": 11.5035915375,
        "median": 10.6301240921,
        "min": 3.23693132401,
        "var": 28.3618793488
    },
    "erbbands_flatness_db": {
        "dmean": 0.0198840517551,
        "dmean2": 0.0282946527004,
        "dvar": 0.000379197183065,
        "dvar2": 0.000735999899916,
        "max": 0.399892270565,
        "mean": 0.201562210917,
        "median": 0.197324424982,
        "min": 0.0933138281107,
        "var": 0.00329761765897
    },
    "erbbands_kurtosis": {
        "dmean": 0.951030790806,
        "dmean2": 1.49013948441,
        "dvar": 2.67381477356,
        "dvar2": 6.11854696274,
        "max": 26.415517807,
        "mean": 0.371095955372,
        "median": -0.35998415947,
        "min": -1.87944591045,
        "var": 6.36984920502
    },
    "erbbands_skewness": {
        "dmean": 0.402899831533,
        "dmean2": 0.623246729374,
        "dvar": 0.167894616723,
        "dvar2": 0.389451920986,
        "max": 3.85562872887,
        "mean": 0.371454387903,
        "median": 0.372128337622,
        "min": -2.99459075928,
        "var": 0.647726178169
    },
    "erbbands_spread": {
        "dmean": 5.21056127548,
        "dmean2": 7.96027326584,
        "dvar": 29.3794708252,
        "dvar2": 64.9116668701,
        "max": 71.8609085083,
        "mean": 30.9014434814,
        "median": 32.5771713257,
        "min": 2.02143526077,
        "var": 161.613754272
    },
    "hfc": {
        "dmean": 4.63041543961,
        "dmean2": 6.55703639984,
        "dvar": 43.450756073,
        "dvar2": 84.4039077759,
        "max": 106.212730408,
        "mean": 14.1662797928,
        "median": 8.30045986176,
        "min": 0.141656756401,
        "var": 231.649871826
    },
    "melbands_crest": {
        "dmean": 3.7085185051,
        "dmean2": 6.05356121063,
        "dvar": 9.77995491028,
        "dvar2": 24.6315517426,
        "max": 33.0881729126,
        "mean": 14.8019218445,
        "median": 14.0431537628,
        "min": 4.76134300232,
        "var": 29.5140838623
    },
    "melbands_flatness_db": {
        "dmean": 0.0241297110915,
        "dmean2": 0.0373577848077,
        "dvar": 0.000448348815553,
        "dvar2": 0.00107979855966,
        "max": 0.404053360224,
        "mean": 0.222430378199,
        "median": 0.218222513795,
        "min": 0.0966752693057,
        "var": 0.00193862349261
    },
    "melbands_kurtosis": {
        "dmean": 4.60239982605,
        "dmean2": 7.25481557846,
        "dvar": 46.8481292725,
        "dvar2": 106.753089905,
        "max": 103.548988342,
        "mean": 8.10005092621,
        "median": 5.20718097687,
        "min": -1.80519151688,
        "var": 107.2289505
    },
    "melbands_skewness": {
        "dmean": 0.615426898003,
        "dmean2": 0.964154183865,
        "dvar": 0.392813235521,
        "dvar2": 0.884132325649,
        "max": 9.57253932953,
        "mean": 2.04837155342,
        "median": 1.96047759056,
        "min": -1.53626894951,
        "var": 1.6274831295
    },
    "melbands_spread": {
        "dmean": 6.2114777565,
        "dmean2": 9.73731899261,
        "dvar": 51.7187995911,
        "dvar2": 117.802276611,
        "max": 110.814903259,
        "mean": 20.8182449341,
        "median": 17.8781719208,
        "min": 1.80096662045,
        "var": 180.901260376
    },
    "pitch_salience": {
        "dmean": 0.0735115483403,
        "dmean2": 0.118052318692,
        "dvar": 0.0047819702886,
        "dvar2": 0.0118860537186,
        "max": 0.841958761215,
        "mean": 0.514598548412,
        "median": 0.517118394375,
        "min": 0.128928497434,
        "var": 0.0133984591812
    },
    "silence_rate_20dB": {
        "dmean": 0,
        "dmean2": 0,
        "dvar": 0,
        "dvar2": 0,
        "max": 1,
        "mean": 1,
        "median": 1,
        "min": 1,
        "var": 0
    },
    "silence_rate_30dB": {
        "dmean": 0,
        "dmean2": 0,
        "dvar": 0,
        "dvar2": 0,
        "max": 1,
        "mean": 1,
        "median": 1,
        "min": 1,
        "var": 0
    },
    "silence_rate_60dB": {
        "dmean": 0.0727554187179,
        "dmean2": 0.145623549819,
        "dvar": 0.0674621984363,
        "dvar2": 0.143008947372,
        "max": 1,
        "mean": 0.13302397728,
        "median": 0,
        "min": 0,
        "var": 0.115328922868
    },
    "spectral_centroid": {
        "dmean": 241.026550293,
        "dmean2": 374.3203125,
        "dvar": 73564.28125,
        "dvar2": 163417.203125,
        "max": 3180.70996094,
        "mean": 1274.01538086,
        "median": 1174.39599609,
        "min": 324.458618164,
        "var": 342467.03125
    },
    "spectral_complexity": {
        "dmean": 2.6277089119,
        "dmean2": 3.83501172066,
        "dvar": 7.59437656403,
        "dvar2": 15.2268314362,
        "max": 37,
        "mean": 12.5406036377,
        "median": 12,
        "min": 1,
        "var": 29.5492191315
    },
    "spectral_decrease": {
        "dmean": 1.69522362814e-09,
        "dmean2": 2.64073052314e-09,
        "dvar": 6.69951982875e-18,
        "dvar2": 1.75257237923e-17,
        "max": -1.35342861918e-10,
        "mean": -4.19499146531e-09,
        "median": -3.01095059996e-09,
        "min": -2.3428002649e-08,
        "var": 1.40722877483e-17
    },
    "spectral_energy": {
        "dmean": 0.00676730694249,
        "dmean2": 0.0104799252003,
        "dvar": 0.000104282284155,
        "dvar2": 0.00026976611116,
        "max": 0.0944111570716,
        "mean": 0.0171177983284,
        "median": 0.0123055651784,
        "min": 0.000539297820069,
        "var": 0.000234753417317
    },
    "spectral_energyband_high": {
        "dmean": 3.82688558602e-05,
        "dmean2": 5.07802360517e-05,
        "dvar": 3.51198448101e-09,
        "dvar2": 6.16053030811e-09,
        "max": 0.00143663934432,
        "mean": 9.16484204936e-05,
        "median": 5.65343325434e-05,
        "min": 5.48062473626e-07,
        "var": 1.48280712153e-08
    },
    "spectral_energyband_low": {
        "dmean": 0.00179259141441,
        "dmean2": 0.00287128868513,
        "dvar": 7.59965996622e-06,
        "dvar2": 1.83353877219e-05,
        "max": 0.0442536883056,
        "mean": 0.00287766265683,
        "median": 0.00138793571386,
        "min": 1.10230750749e-07,
        "var": 1.63896711456e-05
    },
    "spectral_energyband_middle_high": {
        "dmean": 0.00165755685885,
        "dmean2": 0.00226135924459,
        "dvar": 6.94468553775e-06,
        "dvar2": 1.1915784853e-05,
        "max": 0.0465055145323,
        "mean": 0.00468380842358,
        "median": 0.00228061620146,
        "min": 1.22293986351e-05,
        "var": 4.75763517898e-05
    },
    "spectral_energyband_middle_low": {
        "dmean": 0.0050966818817,
        "dmean2": 0.00823130179197,
        "dvar": 8.23049194878e-05,
        "dvar2": 0.000223274735617,
        "max": 0.0883350223303,
        "mean": 0.010460710153,
        "median": 0.0065464572981,
        "min": 0.000135531765409,
        "var": 0.000126098588225
    },
    "spectral_entropy": {
        "dmean": 0.172640413046,
        "dmean2": 0.258964031935,
        "dvar": 0.024646634236,
        "dvar2": 0.051065929234,
        "max": 8.13670635223,
        "mean": 7.10148334503,
        "median": 7.14688253403,
        "min": 5.30675077438,
        "var": 0.149615570903
    },
    "spectral_flux": {
        "dmean": 0.0246381014585,
        "dmean2": 0.0390240587294,
        "dvar": 0.000792158010881,
        "dvar2": 0.00166261533741,
        "max": 0.244914114475,
        "mean": 0.0646956339478,
        "median": 0.0549234189093,
        "min": 0.00746873067692,
        "var": 0.00156607083045
    },
    "spectral_kurtosis": {
        "dmean": 2.20156264305,
        "dmean2": 3.79966664314,
        "dvar": 4.99264526367,
        "dvar2": 14.6159858704,
        "max": 34.466758728,
        "mean": 6.94698762894,
        "median": 6.28024291992,
        "min": 0.84064745903,
        "var": 10.6320991516
    },
    "spectral_rms": {
        "dmean": 0.000782581686508,
        "dmean2": 0.00115908135194,
        "dvar": 8.65436618369e-07,
        "dvar2": 2.03821855393e-06,
        "max": 0.00959731452167,
        "mean": 0.00369160808623,
        "median": 0.00346488505602,
        "min": 0.000725357967895,
        "var": 3.07230106955e-06
    },
    "spectral_rolloff": {
        "dmean": 432.697845459,
        "dmean2": 756.416015625,
        "dvar": 370084.96875,
        "dvar2": 856622.5,
        "max": 4521.97265625,
        "mean": 1380.4230957,
        "median": 1119.7265625,
        "min": 129.19921875,
        "var": 806063.25
    },
    "spectral_skewness": {
        "dmean": 0.254678219557,
        "dmean2": 0.41761341691,
        "dvar": 0.0564205311239,
        "dvar2": 0.151386082172,
        "max": 4.7414689064,
        "mean": 1.78331589699,
        "median": 1.75073993206,
        "min": 0.478638321161,
        "var": 0.205562576652
    },
    "spectral_spread": {
        "dmean": 369021.21875,
        "dmean2": 557385.0625,
        "dvar": 189560651776,
        "dvar2": 341858189312,
        "max": 9719044,
        "mean": 3411167.25,
        "median": 3226232.75,
        "min": 1640712.5,
        "var": 781656129536
    },
    "spectral_strongpeak": {
        "dmean": 0.609065175056,
        "dmean2": 0.976243078709,
        "dvar": 0.804687678814,
        "dvar2": 1.86831331253,
        "max": 12.7680845261,
        "mean": 1.39723944664,
        "median": 0.789828360081,
        "min": 0.0254444554448,
        "var": 2.63293266296
    },
    "zerocrossingrate": {
        "dmean": 0.00694969343022,
        "dmean2": 0.00835675746202,
        "dvar": 3.76330026484e-05,
        "dvar2": 5.13416161994e-05,
        "max": 0.1376953125,
        "mean": 0.0494191236794,
        "median": 0.04736328125,
        "min": 0.00634765625,
        "var": 0.000303329201415
    },
    "barkbands": {
        "dmean": [5.1439874369e-06, 0.000347034685547, 0.00127041339874, 0.000828605610877, 0.00178920687176, 0.000756883702707, 0.000967626809143, 0.000956358853728, 0.00102088809945, 0.000503421761096, 0.000148539649672, 0.000258394895354, 0.000215731633944, 0.000406193430535, 0.000133160458063, 0.000109334614535, 0.00024064189347, 0.000189033802599, 0.000291000964353, 9.06356654014e-05, 1.09857192001e-05, 6.25620350547e-06, 4.05537912229e-06, 3.48365392711e-06, 2.49893219006e-06, 2.43619615503e-06, 1.21154897226e-09],
        "dmean2": [8.62743945618e-06, 0.000599978258833, 0.0020510153845, 0.00140548404306, 0.00328406016342, 0.00114032463171, 0.00155392766465, 0.00144763907883, 0.00148554274347, 0.000694967166055, 0.000216888904106, 0.000367931148503, 0.000295883102808, 0.000566063739825, 0.000205009477213, 0.000176926710992, 0.000364610576071, 0.000285643036477, 0.000430248270277, 0.000130771382828, 1.65653236763e-05, 9.20250477066e-06, 5.94431185164e-06, 4.96729398947e-06, 3.60490548701e-06, 3.51670837517e-06, 1.71940250926e-09],
        "dvar": [2.01556771273e-10, 3.08518252723e-07, 4.40587064077e-06, 1.55587349582e-06, 3.34767501045e-05, 2.5896306397e-06, 5.32734929948e-06, 4.05724495067e-06, 5.77365017307e-06, 2.64685240836e-06, 2.04796762659e-07, 6.85206885009e-07, 9.08509946385e-07, 1.4810459561e-06, 1.15098259812e-07, 5.85283892462e-08, 3.04912418869e-07, 1.74896996441e-07, 5.81859524118e-07, 9.92891600049e-08, 2.89252233276e-10, 9.85290599109e-11, 5.26234229803e-11, 2.99080413213e-11, 1.91625517537e-11, 2.15975588108e-11, 4.77732193845e-16],
        "dvar2": [4.61052335199e-10, 8.73863882589e-07, 1.05015960798e-05, 4.07182187701e-06, 9.90461630863e-05, 5.53239487999e-06, 1.29387326524e-05, 8.13695987745e-06, 1.1042636288e-05, 4.54173505204e-06, 4.30803879681e-07, 1.21134223718e-06, 1.65285280218e-06, 2.69227257377e-06, 2.60006146391e-07, 1.45236754179e-07, 7.6493955703e-07, 3.62451032743e-07, 1.06008462808e-06, 1.71299276985e-07, 6.76724731807e-10, 2.07170489097e-10, 9.29548105155e-11, 5.7111426699e-11, 4.06938788222e-11, 4.80528672409e-11, 4.79077282165e-16],
        "max": [0.0001710751676, 0.00472602527589, 0.0328210219741, 0.013015396893, 0.0603641234338, 0.0357876718044, 0.0286552011967, 0.0350004322827, 0.0444566644728, 0.0385245643556, 0.00957372225821, 0.0223010536283, 0.0315107777715, 0.0325020849705, 0.00493363896385, 0.00290733901784, 0.00789554137737, 0.00592641206458, 0.0191293768585, 0.00692542036995, 0.000200138427317, 0.000218043918721, 0.000155044195708, 6.94270129316e-05, 5.7397170167e-05, 5.17110383953e-05, 7.85976567386e-07],
        "mean": [4.51458754469e-06, 0.000414946465753, 0.00178881420288, 0.00109830999281, 0.00159844278824, 0.00163048366085, 0.00137094035745, 0.00179481355008, 0.00224969093688, 0.000973845133558, 0.000193002531887, 0.00071253022179, 0.000374609429855, 0.000947931897826, 0.000225962343393, 0.000164835844771, 0.000404711376177, 0.000350746529875, 0.000572142656893, 0.000185421784408, 2.20205565711e-05, 1.34050060296e-05, 8.77354523254e-06, 7.50947947381e-06, 5.07684353579e-06, 4.31737771578e-06, 1.13314213568e-09],
        "median": [7.44858539292e-07, 0.000135288428282, 0.000679495511577, 0.000496399006806, 0.000421668315539, 0.000438763003331, 0.000204973563086, 0.000282171735307, 0.000372616923414, 0.000171078034327, 4.21398872277e-05, 9.87526582321e-05, 0.000113617155876, 0.000101526107755, 6.05363602517e-05, 6.02428262937e-05, 9.64205246419e-05, 9.69517277554e-05, 9.54651623033e-05, 3.20354301948e-05, 1.33865869429e-05, 7.5734069469e-06, 5.3024027693e-06, 4.38159031546e-06, 2.74271792478e-06, 2.13326165976e-06, 1.93214860778e-10],
        "min": [2.26633559142e-10, 8.78742412169e-08, 3.03905989263e-09, 2.4359302131e-08, 2.59275657299e-06, 5.90115723753e-06, 1.00551162063e-07, 2.84050774013e-08, 6.18709577793e-07, 8.22493859687e-08, 8.98163605711e-08, 8.48492675232e-07, 9.17533284905e-08, 5.92715139192e-07, 4.51632331533e-07, 4.04519198582e-07, 1.94519017782e-07, 1.68833636849e-07, 4.05749602805e-07, 5.4082097023e-08, 4.32399147599e-08, 5.59411468259e-08, 4.26735766723e-08, 3.14433137305e-08, 5.15946680935e-08, 4.69599186204e-08, 3.98951149894e-11],
        "var": [1.88202939344e-10, 4.12120641613e-07, 8.75225123309e-06, 2.64272989625e-06, 2.21518621402e-05, 1.2803016034e-05, 9.22063736652e-06, 1.31739561766e-05, 3.09117458528e-05, 1.11446643132e-05, 2.98209101857e-07, 5.45899547433e-06, 1.9957042241e-06, 9.24380401557e-06, 2.42686638785e-07, 8.45193497412e-08, 6.09897711001e-07, 4.32701170894e-07, 1.75846878392e-06, 3.33742462999e-07, 6.82286338538e-10, 3.41248473923e-10, 1.54031953858e-10, 7.74518643665e-11, 4.04792727116e-11, 3.79421979946e-11, 4.78110499935e-16]
    },
    "erbbands": {
        "dmean": [0.00439170235768, 0.106129013002, 1.03268134594, 2.4390463829, 3.6318397522, 7.80123376846, 3.4857275486, 7.67029762268, 10.2055606842, 22.7757854462, 20.375711441, 20.216501236, 18.8046340942, 6.88360452652, 7.7914276123, 11.2139339447, 11.008099556, 18.8183116913, 9.61905860901, 6.23835515976, 7.57276153564, 12.0953454971, 8.80040359497, 18.4846515656, 9.5792016983, 3.25085949898, 0.735356688499, 0.336333215237, 0.228045359254, 0.168305546045, 0.103144615889, 0.0775986164808, 0.0565628148615, 0.0344536043704, 0.0152999199927, 0.00832393486053, 0.00509077962488, 0.000749387021642, 1.38427039929e-05, 7.876199561e-06],
        "dmean2": [0.00693925051019, 0.183214992285, 1.69338643551, 3.97382164001, 6.48140287399, 14.3807296753, 5.96829271317, 11.6225042343, 16.5182857513, 34.9283218384, 30.3949699402, 29.0602436066, 26.7611141205, 9.7033996582, 11.3613519669, 15.4776248932, 14.6472978592, 25.4093780518, 14.1294279099, 9.19439220428, 11.8447751999, 18.2628707886, 13.3887805939, 27.7188224792, 14.1810731888, 4.48332548141, 1.05468976498, 0.502211093903, 0.335688501596, 0.244191110134, 0.153775751591, 0.112295277417, 0.0808561742306, 0.0490890778601, 0.0229266956449, 0.012274636887, 0.00755362724885, 0.00112324638758, 1.95830107259e-05, 1.19812993944e-05],
        "dvar": [5.40085311513e-05, 0.0273762755096, 2.72809958458, 14.3230171204, 74.0288772583, 733.074584961, 91.3841781616, 303.155273438, 487.712554932, 3381.98168945, 1767.88122559, 2241.09936523, 3500.4855957, 333.87713623, 472.483947754, 1314.05297852, 2536.21972656, 3591.66259766, 707.361572266, 183.144378662, 262.875030518, 1063.30664062, 269.989685059, 3130.43432617, 505.520751953, 73.8689117432, 1.13888382912, 0.285849004984, 0.105969116092, 0.150751844049, 0.0231612045318, 0.0141650047153, 0.00883555505425, 0.0036863645073, 0.000726976373699, 0.000240001420025, 9.56993899308e-05, 1.95229017663e-06, 5.17974496628e-10, 1.3442198743e-10],
        "dvar2": [0.000122412893688, 0.0783981084824, 6.83135509491, 35.2459831238, 219.590087891, 2161.60424805, 254.227371216, 606.807678223, 1244.54736328, 6785.90185547, 3412.29199219, 4259.15136719, 6471.44580078, 635.100158691, 1019.05841064, 2207.98144531, 4791.32714844, 6310.34765625, 1460.33935547, 371.773803711, 606.820007324, 2901.92089844, 600.802734375, 5831.33300781, 963.156188965, 120.632141113, 2.35474205017, 0.6459030509, 0.223330929875, 0.311014562845, 0.0477782338858, 0.0286629758775, 0.0171908605844, 0.007687183097, 0.00159973138943, 0.00056202680571, 0.00021367505542, 4.22234143116e-06, 1.07933584292e-09, 3.37295746888e-10],
        "max": [0.0747244209051, 1.45855736732, 22.4723720551, 59.8157539368, 88.0276870728, 280.499420166, 114.230072021, 447.04901123, 248.210922241, 932.727172852, 614.345336914, 1054.90441895, 1398.2097168, 378.416625977, 426.196350098, 1110.0958252, 1680.89404297, 1875.3951416, 618.066711426, 230.333053589, 197.939834595, 558.344909668, 178.287536621, 1480.45837402, 330.151153564, 200.830184937, 15.5564823151, 9.28577041626, 5.83149623871, 10.1445293427, 1.74039077759, 1.41947257519, 1.03807020187, 0.765709936619, 0.291392415762, 0.171246305108, 0.110419638455, 0.0174045581371, 0.000290840049274, 0.000110925233457],
        "mean": [0.00613960577175, 0.138530611992, 1.45907449722, 3.60310697556, 4.31613445282, 6.10134983063, 4.48930549622, 16.9430732727, 16.7168521881, 38.2998008728, 42.431060791, 45.9757919312, 44.0919265747, 10.783864975, 13.6445131302, 30.9493236542, 20.3228359222, 45.2187652588, 20.0397186279, 11.7698831558, 12.8159618378, 20.8317832947, 18.2863807678, 36.6790428162, 19.8688278198, 7.28016233444, 1.51519560814, 0.704433977604, 0.488236606121, 0.366992026567, 0.225960761309, 0.169499486685, 0.114551872015, 0.0687077715993, 0.0303729642183, 0.014818222262, 0.00870823208243, 0.00119342072867, 2.92146251013e-05, 2.11699170904e-05],
        "median": [0.00181346898898, 0.0552425794303, 0.615749776363, 1.69228005409, 1.89979290962, 0.987166881561, 1.78911530972, 3.8753592968, 3.77274751663, 5.25094747543, 9.12127971649, 10.4469022751, 7.4905962944, 3.58359885216, 3.83368134499, 4.59573078156, 5.92783260345, 5.72919988632, 4.15258598328, 4.13112926483, 4.31561374664, 5.60408496857, 7.61720561981, 5.6572842598, 3.99593782425, 1.56295645237, 0.878405630589, 0.409863263369, 0.29218634963, 0.189758554101, 0.142474815249, 0.10316888988, 0.0600117519498, 0.0346912667155, 0.0165192335844, 0.00750235654414, 0.00430266186595, 0.000557932478841, 1.97192639462e-05, 1.54177068907e-05],
        "min": [3.55250904249e-06, 1.81293671631e-05, 1.75206096173e-05, 0.000112176967377, 0.00108232756611, 0.014702077955, 0.0171465314925, 0.0448882803321, 0.044944152236, 0.0276651903987, 0.0427053645253, 0.0631550773978, 0.0297606159002, 0.0118934847414, 0.0184788368642, 0.0324584506452, 0.0691946074367, 0.0423492379487, 0.102803498507, 0.0646889209747, 0.0294873695821, 0.0165125261992, 0.0183026306331, 0.0118575766683, 0.0174965206534, 0.00851421430707, 0.00277953548357, 0.00180147401989, 0.00164574477822, 0.00176847854163, 0.00150564371143, 0.000801840913482, 0.000492344493978, 0.00052095472347, 0.000256059720414, 0.000198031630134, 7.49425380491e-05, 1.42548879012e-05, 6.10211998264e-07, 6.2910220322e-07],
        "var": [8.2870326878e-05, 0.0392143987119, 5.04865837097, 27.4751815796, 61.7868347168, 472.009521484, 82.0575027466, 1821.73999023, 743.581359863, 9112.94628906, 6726.34667969, 12678.0351562, 19863.0214844, 691.269104004, 868.348022461, 10967.4833984, 5149.83642578, 24047.5292969, 2901.26782227, 504.070800781, 473.39239502, 1928.09533691, 690.97869873, 9546.13964844, 1558.19006348, 309.661010742, 3.47570633888, 0.828497827053, 0.335936784744, 0.59662771225, 0.0608750209212, 0.0366938710213, 0.0217000786215, 0.00801099278033, 0.00143645144999, 0.000413161702454, 0.0001629665785, 3.22549681187e-06, 1.03253960937e-09, 3.43583994589e-10]
    },
    "gfcc": {
        "mean": [-50.1096534729, 105.642074585, -134.529907227, 15.8742723465, -53.7698249817, -4.20960474014, -39.3383407593, 12.8564281464, -28.3300704956, -1.78152322769, -17.6866645813, -8.68382549286, -24.439163208],
        "cov": [[2934.61987305, 74.0241012573, -92.524810791, 414.9581604, 189.16746521, -206.225158691, 52.932434082, 176.909362793, 80.5501556396, 63.0094146729, 43.6241607666, -54.6315727234, -127.74118042], [74.0241012573, 476.375, 86.0395431519, 28.4221115112, 63.0974082947, -66.1841888428, -25.4176063538, -81.5746459961, 31.6849842072, -37.0602645874, -0.48581802845, -47.8381347656, 24.875995636], [-92.524810791, 86.0395431519, 842.876953125, 289.131072998, -2.79364895821, 185.345428467, -101.414794922, 30.9367923737, 0.950409054756, 63.317905426, -128.950256348, 46.1107177734, -34.0279350281], [414.9581604, 28.4221115112, 289.131072998, 428.67288208, 110.516082764, -48.5398368835, -41.762588501, 55.7973709106, 0.615236163139, 29.2142238617, -53.8516349792, -27.3019638062, -76.1944885254], [189.16746521, 63.0974082947, -2.79364895821, 110.516082764, 174.891265869, 54.6575927734, 14.967590332, 8.22870540619, 13.6290826797, 0.292199254036, -20.2834815979, -26.1690654755, -13.0040225983], [-206.225158691, -66.1841888428, 185.345428467, -48.5398368835, 54.6575927734, 397.91619873, 117.221298218, -60.6987533569, -67.361579895, 2.67560863495, -58.000289917, -1.26182925701, 36.840171814], [52.932434082, -25.4176063538, -101.414794922, -41.762588501, 14.967590332, 117.221298218, 218.173812866, 38.1823310852, -67.0545425415, -39.703327179, 16.3753471375, -51.2620773315, -29.2025241852], [176.909362793, -81.5746459961, 30.9367923737, 55.7973709106, 8.22870540619, -60.6987533569, 38.1823310852, 183.991348267, 45.4515304565, -3.20932531357, 8.74806022644, -1.63161015511, -62.3906555176], [80.5501556396, 31.6849842072, 0.950409054756, 0.615236163139, 13.6290826797, -67.361579895, -67.0545425415, 45.4515304565, 117.385063171, 30.6769428253, -5.779337883, 12.08198452, 14.166513443], [63.0094146729, -37.0602645874, 63.317905426, 29.2142238617, 0.292199254036, 2.67560863495, -39.703327179, -3.20932531357, 30.6769428253, 82.5121765137, 9.2160987854, 10.3184080124, -5.96907663345], [43.6241607666, -0.48581802845, -128.950256348, -53.8516349792, -20.2834815979, -58.000289917, 16.3753471375, 8.74806022644, -5.779337883, 9.2160987854, 101.818756104, 22.8721351624, -8.95395374298], [-54.6315727234, -47.8381347656, 46.1107177734, -27.3019638062, -26.1690654755, -1.26182925701, -51.2620773315, -1.63161015511, 12.08198452, 10.3184080124, 22.8721351624, 133.893814087, 69.3986434937], [-127.74118042, 24.875995636, -34.0279350281, -76.1944885254, -13.0040225983, 36.840171814, -29.2025241852, -62.3906555176, 14.166513443, -5.96907663345, -8.95395374298, 69.3986434937, 145.127471924]],
        "icov": [[0.000484891206725, -0.000294041004963, 0.000411773013184, -0.000638857949525, 4.5601533202e-05, -0.000103906502773, -0.000141072421684, -0.000417256320361, -6.42508093733e-05, -0.000611366296653, 0.000118115509395, -0.000296938407701, 0.000191441940842], [-0.000294041004963, 0.0064876107499, -0.00496710883453, 0.00277784559876, -0.00521096913144, 0.00521671026945, -0.00394502514973, 0.00661258073524, -0.00458931084722, 0.00571372266859, -0.00455862516537, 0.00404812442139, -0.00235332595184], [0.000411773013184, -0.00496710883453, 0.00745902117342, -0.00495692389086, 0.00656815012917, -0.0069763539359, 0.00528535991907, -0.00624868553132, 0.00340229994617, -0.00512216752395, 0.00556948501617, -0.00445364275947, 0.00302746286616], [-0.000638857949525, 0.00277784559876, -0.00495692389086, 0.00786176417023, -0.00687240343541, 0.00560032343492, -0.00243424158543, 0.00261393003166, 0.000882367952727, 0.000951814639848, -0.000383213657187, 0.00203322153538, -0.000519547145814], [4.5601533202e-05, -0.00521096913144, 0.00656815012917, -0.00687240343541, 0.0146987475455, -0.00864148046821, 0.00478943064809, -0.00543238827959, 0.000390381726902, -0.00270237820223, 0.00337604037486, -0.00252932379954, 0.00227278633974], [-0.000103906502773, 0.00521671026945, -0.0069763539359, 0.00560032343492, -0.00864148046821, 0.012003114447, -0.00872805994004, 0.00760467490181, -0.00174875266384, 0.00180436694063, -0.000945847423282, 0.00220159161836, -0.00285559380427], [-0.000141072421684, -0.00394502514973, 0.00528535991907, -0.00243424158543, 0.00478943064809, -0.00872805994004, 0.0150103494525, -0.00989118590951, 0.00799880735576, -0.000959824537858, -2.07440480153e-05, 0.00196730322205, 0.000163849370438], [-0.000417256320361, 0.00661258073524, -0.00624868553132, 0.00261393003166, -0.00543238827959, 0.00760467490181, -0.00989118590951, 0.0181068647653, -0.011765695177, 0.00794588122517, -0.00413028756157, -0.000107727864815, 0.0030552118551], [-6.42508093733e-05, -0.00458931084722, 0.00340229994617, 0.000882367952727, 0.000390381726902, -0.00174875266384, 0.00799880735576, -0.011765695177, 0.0211565140635, -0.0101666832343, 0.00547643657774, -0.000160462921485, -0.00304732262157], [-0.000611366296653, 0.00571372266859, -0.00512216752395, 0.000951814639848, -0.00270237820223, 0.00180436694063, -0.000959824537858, 0.00794588122517, -0.0101666832343, 0.022874802351, -0.00924024172127, 0.00377213675529, -0.000136779621243], [0.000118115509395, -0.00455862516537, 0.00556948501617, -0.000383213657187, 0.00337604037486, -0.000945847423282, -2.07440480153e-05, -0.00413028756157, 0.00547643657774, -0.00924024172127, 0.0207831300795, -0.00916989985853, 0.00550543656573], [-0.000296938407701, 0.00404812442139, -0.00445364275947, 0.00203322153538, -0.00252932379954, 0.00220159161836, 0.00196730322205, -0.000107727864815, -0.000160462921485, 0.00377213675529, -0.00916989985853, 0.0175821129233, -0.0101705212146], [0.000191441940842, -0.00235332595184, 0.00302746286616, -0.000519547145814, 0.00227278633974, -0.00285559380427, 0.000163849370438, 0.0030552118551, -0.00304732262157, -0.000136779621243, 0.00550543656573, -0.0101705212146, 0.0156693607569]]
    },
    "melbands": {
        "dmean": [6.58192875562e-05, 0.000399572425522, 0.000411063752836, 0.000430809363024, 0.000171194580616, 0.000167823134689, 0.000166169120348, 0.00024237865, 0.000183348689461, 0.0001239777921, 9.31017129915e-05, 2.86771064566e-05, 2.31005833484e-05, 3.27574198309e-05, 2.84603247565e-05, 2.29341203521e-05, 3.9319456846e-05, 1.94975546037e-05, 9.43371651374e-06, 7.17557804819e-06, 9.840421626e-06, 1.29513036882e-05, 1.21112980196e-05, 9.23280731513e-06, 1.67890375451e-05, 6.34434536551e-06, 6.65273637424e-06, 1.43725071666e-06, 5.81418817092e-07, 2.51316748745e-07, 1.9875589885e-07, 1.55049278305e-07, 1.04419228819e-07, 9.5709658865e-08, 7.08266441052e-08, 4.61799238849e-08, 5.07303532515e-08, 4.41263949824e-08, 3.38596528593e-08, 2.91949469045e-08],
        "dmean2": [0.000110222412331, 0.000652907998301, 0.000670403649565, 0.00078917609062, 0.000303618289763, 0.000253582053119, 0.00026773326681, 0.000371942733182, 0.000270028744126, 0.000178190442966, 0.000131914086523, 4.06541985285e-05, 3.41352897522e-05, 4.57601781818e-05, 3.91330613638e-05, 3.10576979246e-05, 5.42169982509e-05, 2.89169420284e-05, 1.40175243359e-05, 1.11070066851e-05, 1.54488334374e-05, 1.99331461772e-05, 1.81552313734e-05, 1.35733434945e-05, 2.53975886153e-05, 9.4037859526e-06, 9.48909564613e-06, 2.02035721486e-06, 8.57674763211e-07, 3.86756767057e-07, 3.06408765027e-07, 2.39122158519e-07, 1.58126709948e-07, 1.41844282098e-07, 1.09361465661e-07, 6.63571810833e-08, 7.54374411827e-08, 6.51931699736e-08, 5.00935435355e-08, 4.3031480601e-08],
        "dvar": [1.09439648455e-08, 3.97014673581e-07, 3.66649459238e-07, 1.86945044334e-06, 2.75639564506e-07, 1.33949484393e-07, 1.28259912913e-07, 3.70673603811e-07, 1.77686601432e-07, 8.0076816289e-08, 8.967909082e-08, 6.5917111769e-09, 5.05058395106e-09, 1.17974918723e-08, 8.52401793594e-09, 7.32003080373e-09, 1.57319224314e-08, 3.57089402492e-09, 4.82631490328e-10, 2.19825407877e-10, 5.32135502329e-10, 1.61843827229e-09, 7.36034566629e-10, 4.31695984515e-10, 2.79669398751e-09, 2.44661652049e-10, 4.04097227902e-10, 1.25012717192e-11, 8.36294737887e-13, 1.83028790149e-13, 1.18839779597e-13, 5.23628314103e-14, 3.40611734781e-14, 4.5762049342e-14, 1.12660083018e-14, 5.04472536946e-15, 6.34944791108e-15, 5.48843299096e-15, 3.70279563508e-15, 2.64976999252e-15],
        "dvar2": [2.87949291078e-08, 9.93271555672e-07, 9.36413641739e-07, 5.54791404284e-06, 7.90595834133e-07, 2.74794814459e-07, 3.30825571382e-07, 7.31619024918e-07, 3.3914091091e-07, 1.49710828623e-07, 1.631841684e-07, 1.25500818626e-08, 1.08468807269e-08, 2.0006941881e-08, 1.46126248879e-08, 1.3503794527e-08, 2.96024058599e-08, 7.07278946521e-09, 1.04162112269e-09, 5.06367725528e-10, 1.16916232251e-09, 4.46340564508e-09, 1.62845470442e-09, 8.25180201947e-10, 5.22204945952e-09, 4.81985340528e-10, 7.42104599993e-10, 2.32826397051e-11, 1.73404877696e-12, 4.75777132535e-13, 2.77008694845e-13, 1.19273799279e-13, 7.40525398163e-14, 9.11991226353e-14, 2.53946779512e-14, 1.0644992544e-14, 1.30810067842e-14, 1.14068453169e-14, 7.42430815719e-15, 5.72293490944e-15],
        "max": [0.000852005905472, 0.00858730915934, 0.00870899856091, 0.0144515810534, 0.00491602905095, 0.00876360572875, 0.00414793659002, 0.00889951363206, 0.00642808293924, 0.00701157283038, 0.00713520590216, 0.00166262069251, 0.00152689614333, 0.00268456316553, 0.00248617026955, 0.00238395691849, 0.0035801732447, 0.00150388781913, 0.000476503046229, 0.000178778267582, 0.000361754413461, 0.000639978679828, 0.000349325593561, 0.000390206463635, 0.00138223124668, 0.000228612552746, 0.000438952818513, 6.44635365461e-05, 1.50002551891e-05, 6.39640347799e-06, 6.05615059612e-06, 3.37984033649e-06, 4.70212171422e-06, 5.01005979459e-06, 1.29353941247e-06, 1.03315596789e-06, 9.6779751857e-07, 7.87698525073e-07, 8.18691262339e-07, 5.9868466451e-07],
        "mean": [8.51102595334e-05, 0.000586418027524, 0.000634848605841, 0.000391009787563, 0.00017811874568, 0.00036423484562, 0.000264981819782, 0.000415137968957, 0.000385253631976, 0.000278618710581, 0.000212382685277, 3.9407346776e-05, 3.2214087696e-05, 8.86485358933e-05, 5.33356978849e-05, 4.34601352026e-05, 9.19314479688e-05, 3.70332563762e-05, 1.65108194778e-05, 1.16168685054e-05, 1.58331440616e-05, 2.13367457036e-05, 2.06234180951e-05, 1.76964276761e-05, 3.22692249028e-05, 1.30786675072e-05, 1.30610769702e-05, 2.83013673652e-06, 1.02137585145e-06, 4.60373570377e-07, 3.80533464295e-07, 3.02792301454e-07, 2.07023802545e-07, 1.99612756546e-07, 1.41548923693e-07, 9.60663655292e-08, 1.03309169219e-07, 8.22358217079e-08, 6.71404336572e-08, 5.50460796944e-08],
        "median": [2.8065933293e-05, 0.000257599516772, 0.000331040646415, 0.000105528022686, 5.66704729863e-05, 8.57324339449e-05, 5.51000230189e-05, 5.14387393196e-05, 7.09766463842e-05, 5.60492662771e-05, 2.79609448626e-05, 1.08985177576e-05, 8.68130791787e-06, 1.14626609502e-05, 1.29752070279e-05, 1.02065796455e-05, 1.00105235106e-05, 5.65291338717e-06, 4.38211736764e-06, 4.7185267249e-06, 4.17628234572e-06, 4.34376079284e-06, 4.88775140184e-06, 4.65752964374e-06, 3.72692193196e-06, 2.61734066953e-06, 1.88690057712e-06, 7.06516232185e-07, 5.63015362331e-07, 2.6736299219e-07, 1.99807374202e-07, 1.74577195367e-07, 1.07313653075e-07, 1.03128471096e-07, 8.79702355405e-08, 5.64150965943e-08, 6.02116472237e-08, 4.14711749386e-08, 3.36620082919e-08, 2.81149681314e-08],
