{
"highlevel": {
    "danceability": {
        "all": {
            "danceable": 0.0968219861388,
            "not_danceable": 0.903178036213
        },
        "probability": 0.903178036213,
        "value": "not_danceable"
    },
    "gender": {
        "all": {
            "female": 0.216003164649,
            "male": 0.78399682045
        },
        "probability": 0.78399682045,
        "value": "male"
    },
    "genre_dortmund": {
        "all": {
            "alternative": 0.302930474281,
            "blues": 0.00178384117316,
            "electronic": 0.0141966184601,
            "folkcountry": 0.0999696329236,
            "funksoulrnb": 0.000952134781983,
            "jazz": 0.00156178942416,
            "pop": 0.0429236628115,
            "raphiphop": 0.000248929311056,
            "rock": 0.535432934761
        },
        "probability": 0.535432934761,
        "value": "rock"
    },
    "genre_electronic": {
        "all": {
            "ambient": 0.617100954056,
            "dnb": 0.133234828711,
            "house": 0.0365867353976,
            "techno": 0.00998950656503,
            "trance": 0.203087985516
        },
        "probability": 0.617100954056,
        "value": "ambient"
    },
    "genre_rosamerica": {
        "all": {
            "cla": 0.0117517700419,
            "dan": 0.00240789912641,
            "hip": 0.000723889097571,
            "jaz": 0.00212623132393,
            "pop": 0.0102689554915,
            "rhy": 0.00165589491371,
            "roc": 0.970487475395,
            "spe": 0.000577878556214
        },
        "probability": 0.970487475395,
        "value": "roc"
    },
    "genre_tzanetakis": {
        "all": {
            "blu": 0.0626541376114,
            "cla": 0.0348133966327,
            "cou": 0.0783501937985,
            "dis": 0.104547761381,
            "hip": 0.15693578124,
            "jaz": 0.313987255096,
            "met": 0.044816005975,
            "pop": 0.0627349764109,
            "reg": 0.0627352520823,
            "roc": 0.0784252434969
        },
        "probability": 0.313987255096,
        "value": "jaz"
    },
    "ismir04_rhythm": {
        "all": {
            "ChaChaCha": 0.00101214402821,
            "Jive": 0.762479662895,
            "Quickstep": 0.0025544965174,
            "Rumba-American": 0.00174017390236,
            "Rumba-International": 0.00241508777253,
            "Rumba-Misc": 0.000396340270527,
            "Samba": 0.00350524764508,
            "Tango": 0.0022304833401,
            "VienneseWaltz": 0.199499681592,
            "Waltz": 0.0241666734219
        },
        "probability": 0.762479662895,
        "value": "Jive"
    },
    "mood_acoustic": {
        "all": {
            "acoustic": 0.239928275347,
            "not_acoustic": 0.760071754456
        },
        "probability": 0.760071754456,
        "value": "not_acoustic"
    },
    "mood_aggressive": {
        "all": {
            "aggressive": 0.862401247025,
            "not_aggressive": 0.137598752975
        },
        "probability": 0.862401247025,
        "value": "aggressive"
    },
    "mood_electronic": {
        "all": {
            "electronic": 0.0478724427521,
            "not_electronic": 0.952127575874
        },
        "probability": 0.952127575874,
        "value": "not_electronic"
    },
    "mood_happy": {
        "all": {
            "happy": 0.870652675629,
            "not_happy": 0.12934730947
        },
        "probability": 0.870652675629,
        "value": "happy"
    },
    "mood_party": {
        "all": {
            "not_party": 0.753848433495,
            "party": 0.246151581407
        },
        "probability": 0.753848433495,
        "value": "not_party"
    },
    "mood_relaxed": {
        "all": {
            "not_relaxed": 0.577347755432,
            "relaxed": 0.422652244568
        },
        "probability": 0.577347755432,
        "value": "not_relaxed"
    },
    "mood_sad": {
        "all": {
            "not_sad": 0.833389222622,
            "sad": 0.16661080718
        },
        "probability": 0.833389222622,
        "value": "not_sad"
    },
    "moods_mirex": {
        "all": {
            "Cluster1": 0.644304037094,
            "Cluster2": 0.0874203443527,
            "Cluster3": 0.0574639849365,
            "Cluster4": 0.0681614652276,
            "Cluster5": 0.142650201917
        },
        "probability": 0.644304037094,
        "value": "Cluster1"
    },
    "timbre": {
        "all": {
            "bright": 0.96916270256,
            "dark": 0.0308373197913
        },
        "probability": 0.96916270256,
        "value": "bright"
    },
    "tonal_atonal": {
        "all": {
            "atonal": 0.000786630087532,
            "tonal": 0.999213397503
        },
        "probability": 0.999213397503,
        "value": "tonal"
    },
    "voice_instrumental": {
        "all": {
            "instrumental": 2.843672155e-05,
            "voice": 0.999971568584
        },
        "probability": 0.999971568584,
        "value": "voice"
    }
},
"lowlevel": {
    "average_loudness": 0.976132750511,
    "barkbands_crest": {
        "dmean": 1.72852087021,
        "dmean2": 2.83251357079,
        "dvar": 2.57545495033,
        "dvar2": 6.46040868759,
        "max": 17.7631187439,
        "mean": 6.70739746094,
        "median": 6.33523702621,
        "min": 2.73643827438,
        "var": 4.63591194153
    },
    "barkbands_flatness_db": {
        "dmean": 0.0131970532238,
        "dmean2": 0.0208608806133,
        "dvar": 0.000115992770588,
        "dvar2": 0.000293008924928,
        "max": 0.176803082228,
        "mean": 0.113846793771,
        "median": 0.114111855626,
        "min": 0.0605467744172,
        "var": 0.000394352595322
    },
    "barkbands_kurtosis": {
        "dmean": 0.75043296814,
        "dmean2": 1.21889972687,
        "dvar": 0.621220827103,
        "dvar2": 1.61820495129,
        "max": 6.07657527924,
        "mean": 0.425340265036,
        "median": 0.0688211917877,
        "min": -1.82196891308,
        "var": 1.67393100262
    },
    "barkbands_skewness": {
        "dmean": 0.276351183653,
        "dmean2": 0.4435582757,
        "dvar": 0.0553508363664,
        "dvar2": 0.14155998826,
        "max": 2.39494276047,
        "mean": 0.901538133621,
        "median": 0.900012373924,
        "min": -0.551273107529,
        "var": 0.198178604245
    },
    "barkbands_spread": {
        "dmean": 4.19862794876,
        "dmean2": 6.3129324913,
        "dvar": 17.2670993805,
        "dvar2": 30.2398700714,
        "max": 91.2254257202,
        "mean": 26.2131061554,
        "median": 25.4202842712,
        "min": 10.7209997177,
        "var": 75.2095565796
    },
    "dissonance": {
        "dmean": 0.0142783243209,
        "dmean2": 0.024147098884,
        "dvar": 0.000162872005603,
        "dvar2": 0.000451945496025,
        "max": 0.499851882458,
        "mean": 0.473623096943,
        "median": 0.477415591478,
        "min": 0.375637471676,
        "var": 0.000327482499415
    },
    "dynamic_complexity": 1.07765352726,
    "erbbands_crest": {
        "dmean": 2.32458925247,
        "dmean2": 3.67996406555,
        "dvar": 4.87409067154,
        "dvar2": 12.0019216537,
        "max": 23.6526451111,
        "mean": 8.3768787384,
        "median": 7.72450256348,
        "min": 2.53114032745,
        "var": 10.8964719772
    },
    "erbbands_flatness_db": {
        "dmean": 0.0121142240241,
        "dmean2": 0.0182904750109,
        "dvar": 0.000110920147563,
        "dvar2": 0.000222611823119,
        "max": 0.222631365061,
        "mean": 0.156458064914,
        "median": 0.156894251704,
        "min": 0.0932318195701,
        "var": 0.000502658018377
    },
    "erbbands_kurtosis": {
        "dmean": 0.4462197721,
        "dmean2": 0.705951809883,
        "dvar": 0.219193220139,
        "dvar2": 0.562760174274,
        "max": 4.15589237213,
        "mean": -0.227623224258,
        "median": -0.391564846039,
        "min": -1.52030742168,
        "var": 0.578436791897
    },
    "erbbands_skewness": {
        "dmean": 0.26857689023,
        "dmean2": 0.409608930349,
        "dvar": 0.0523345656693,
        "dvar2": 0.11889924109,
        "max": 2.02940487862,
        "mean": 0.27220839262,
        "median": 0.238375410438,
        "min": -1.24616312981,
        "var": 0.23100271821
    },
    "erbbands_spread": {
        "dmean": 4.97300624847,
        "dmean2": 7.56467151642,
        "dvar": 21.3863945007,
        "dvar2": 45.8576850891,
        "max": 84.7281188965,
        "mean": 35.5408439636,
        "median": 35.1763687134,
        "min": 14.0143814087,
        "var": 112.969100952
    },
    "hfc": {
        "dmean": 5.52622127533,
        "dmean2": 8.00607967377,
        "dvar": 32.8194007874,
        "dvar2": 59.0205345154,
        "max": 118.22467804,
        "mean": 32.1034240723,
        "median": 30.8106079102,
        "min": 7.08136892319,
        "var": 145.378158569
    },
    "melbands_crest": {
        "dmean": 2.60002636909,
        "dmean2": 4.36206960678,
        "dvar": 5.24579381943,
        "dvar2": 14.2890443802,
        "max": 24.2041511536,
        "mean": 10.7854299545,
        "median": 10.2811288834,
        "min": 4.16705226898,
        "var": 11.9045705795
    },
    "melbands_flatness_db": {
        "dmean": 0.0162096843123,
        "dmean2": 0.0251318961382,
        "dvar": 0.000193832573132,
        "dvar2": 0.000481875817059,
        "max": 0.240425616503,
        "mean": 0.142172127962,
        "median": 0.141921460629,
        "min": 0.0599877014756,
        "var": 0.000725378748029
    },
    "melbands_kurtosis": {
        "dmean": 1.75412201881,
        "dmean2": 2.89024686813,
        "dvar": 3.81056380272,
        "dvar2": 9.87526512146,
        "max": 25.6048660278,
        "mean": 3.94850945473,
        "median": 3.43601131439,
        "min": -0.755698919296,
        "var": 9.26589107513
    },
    "melbands_skewness": {
        "dmean": 0.355516016483,
        "dmean2": 0.574388027191,
        "dvar": 0.105922453105,
        "dvar2": 0.260696053505,
        "max": 4.61624622345,
        "mean": 1.66771268845,
        "median": 1.66339313984,
        "min": 0.0990085378289,
        "var": 0.35867190361
    },
    "melbands_spread": {
        "dmean": 5.89093637466,
        "dmean2": 9.26140880585,
        "dvar": 34.9651031494,
        "dvar2": 74.8048858643,
        "max": 131.449432373,
        "mean": 31.0857715607,
        "median": 29.926574707,
        "min": 11.0541858673,
        "var": 105.051612854
    },
    "pitch_salience": {
        "dmean": 0.0509985089302,
        "dmean2": 0.0848560333252,
        "dvar": 0.00172126491088,
        "dvar2": 0.00413490040228,
        "max": 0.79414755106,
        "mean": 0.594230473042,
        "median": 0.595366001129,
        "min": 0.369763374329,
        "var": 0.00466078752652
    },
    "silence_rate_20dB": {
        "dmean": 0,
        "dmean2": 0,
        "dvar": 0,
        "dvar2": 0,
        "max": 1,
        "mean": 1,
        "median": 1,
        "min": 1,
        "var": 0
    },
    "silence_rate_30dB": {
        "dmean": 0,
        "dmean2": 0,
        "dvar": 0,
        "dvar2": 0,
        "max": 1,
        "mean": 1,
        "median": 1,
        "min": 1,
        "var": 0
    },
    "silence_rate_60dB": {
        "dmean": 0,
        "dmean2": 0,
        "dvar": 0,
        "dvar2": 0,
        "max": 0,
        "mean": 0,
        "median": 0,
        "min": 0,
        "var": 0
    },
    "spectral_centroid": {
        "dmean": 198.776031494,
        "dmean2": 310.01385498,
        "dvar": 29674.0859375,
        "dvar2": 68887.234375,
        "max": 3374.31201172,
        "mean": 1610.26147461,
        "median": 1581.36535645,
        "min": 876.649475098,
        "var": 115938.78125
    },
    "spectral_complexity": {
        "dmean": 4.20433425903,
        "dmean2": 6.51897764206,
        "dvar": 12.219865799,
        "dvar2": 27.0691623688,
        "max": 54,
        "mean": 32.4408340454,
        "median": 32,
        "min": 13,
        "var": 39.8365745544
    },
    "spectral_decrease": {
        "dmean": 1.5667808162e-09,
        "dmean2": 2.46280995597e-09,
        "dvar": 2.23622612417e-18,
        "dvar2": 5.39359892411e-18,
        "max": -2.2687600687e-09,
        "mean": -7.9791391272e-09,
        "median": -7.75135156061e-09,
        "min": -2.24851124386e-08,
        "var": 6.73614118242e-18
    },
    "spectral_energy": {
        "dmean": 0.00618919823319,
        "dmean2": 0.00969349872321,
        "dvar": 3.45226144418e-05,
        "dvar2": 8.17101536086e-05,
        "max": 0.090778015554,
        "mean": 0.0330270156264,
        "median": 0.032311975956,
        "min": 0.00920510385185,
        "var": 0.000108606298454
    },
    "spectral_energyband_high": {
        "dmean": 0.000366581400158,
        "dmean2": 0.000491528597195,
        "dvar": 3.38099567898e-07,
        "dvar2": 5.02601096741e-07,
        "max": 0.0133579708636,
        "mean": 0.00120489986148,
        "median": 0.000953689101152,
        "min": 0.000132468980155,
        "var": 1.32444495193e-06
    },
    "spectral_energyband_low": {
        "dmean": 0.00324434693903,
        "dmean2": 0.0055227810517,
        "dvar": 1.35220916491e-05,
        "dvar2": 3.64079824067e-05,
        "max": 0.0429934635758,
        "mean": 0.00690848520026,
        "median": 0.00585967861116,
        "min": 0.000260218803305,
        "var": 2.30667319556e-05
    },
    "spectral_energyband_middle_high": {
        "dmean": 0.00219982559793,
        "dmean2": 0.00333363423124,
        "dvar": 4.45418390882e-06,
        "dvar2": 1.00659754025e-05,
        "max": 0.0368186570704,
        "mean": 0.00958495680243,
        "median": 0.00884148851037,
        "min": 0.00157417042647,
        "var": 2.02851988433e-05
    },
    "spectral_energyband_middle_low": {
        "dmean": 0.00473949545994,
        "dmean2": 0.00723760202527,
        "dvar": 2.46569379669e-05,
        "dvar2": 5.78896033403e-05,
        "max": 0.0731838345528,
        "mean": 0.0170611441135,
        "median": 0.0158835928887,
        "min": 0.00255930121057,
        "var": 7.04698250047e-05
    },
    "spectral_entropy": {
        "dmean": 0.0834302976727,
        "dmean2": 0.126459702849,
        "dvar": 0.00569567736238,
        "dvar2": 0.0107848187909,
        "max": 8.610663414,
        "mean": 7.79218530655,
        "median": 7.78192806244,
        "min": 7.2683506012,
        "var": 0.027448322624
    },
    "spectral_flux": {
        "dmean": 0.016338031739,
        "dmean2": 0.0255820956081,
        "dvar": 0.000233995859162,
        "dvar2": 0.000511997030117,
        "max": 0.186251655221,
        "mean": 0.0889824032784,
        "median": 0.0841708034277,
        "min": 0.0438799373806,
        "var": 0.000639499223325
    },
    "spectral_kurtosis": {
        "dmean": 1.02132189274,
        "dmean2": 1.77230381966,
        "dvar": 0.922013700008,
        "dvar2": 2.83344078064,
        "max": 10.7915887833,
        "mean": 3.23982167244,
        "median": 3.12719202042,
        "min": -0.480885982513,
        "var": 1.69292414188
    },
    "spectral_rms": {
        "dmean": 0.000526338350028,
        "dmean2": 0.000818955653813,
        "dvar": 2.19099575816e-07,
        "dvar2": 5.13272198077e-07,
        "max": 0.00941084045917,
        "mean": 0.00560637749732,
        "median": 0.00561461318284,
        "min": 0.00299676298164,
        "var": 7.89995624473e-07
    },
    "spectral_rolloff": {
        "dmean": 412.147247314,
        "dmean2": 681.374023438,
        "dvar": 306028.09375,
        "dvar2": 601153.9375,
        "max": 8613.28125,
        "mean": 1877.80200195,
        "median": 1744.18945312,
        "min": 516.796875,
        "var": 817732.75
    },
    "spectral_skewness": {
        "dmean": 0.147867724299,
        "dmean2": 0.242761805654,
        "dvar": 0.0162339583039,
        "dvar2": 0.0423020087183,
        "max": 2.81891655922,
        "mean": 1.24839890003,
        "median": 1.25274646282,
        "min": 0.505404472351,
        "var": 0.05759017542
    },
    "spectral_spread": {
        "dmean": 327609.84375,
        "dmean2": 479101.3125,
        "dvar": 193483767808,
        "dvar2": 291099344896,
        "max": 13706669,
        "mean": 4063025.75,
        "median": 3967276.5,
        "min": 2401252.25,
        "var": 872097382400
    },
    "spectral_strongpeak": {
        "dmean": 0.779950261116,
        "dmean2": 1.34178626537,
        "dvar": 0.933515965939,
        "dvar2": 2.54539871216,
        "max": 7.75998735428,
        "mean": 1.3213095665,
        "median": 1.0714880228,
        "min": 0.0521614775062,
        "var": 1.28889095783
    },
    "zerocrossingrate": {
        "dmean": 0.00769949983805,
        "dmean2": 0.0091094141826,
        "dvar": 6.73772447044e-05,
        "dvar2": 7.65378208598e-05,
        "max": 0.24755859375,
        "mean": 0.0690889656544,
        "median": 0.06591796875,
        "min": 0.02587890625,
        "var": 0.000417569768615
    },
    "barkbands": {
        "dmean": [1.55886609718e-05, 0.00170358770993, 0.00164690730162, 0.00147417525295, 0.00144448038191, 0.00096359703457, 0.00104790937621, 0.00220020976849, 0.00118179421406, 0.000899716163985, 0.000507674005348, 0.000647743872833, 0.000427795719588, 0.000526398827787, 0.000491447397508, 0.00029258459108, 0.00050268258201, 0.000289105722914, 0.00023351830896, 0.000158157228725, 0.000120004733617, 0.0001134564518, 8.52025841596e-05, 5.85212546866e-05, 3.51965572918e-05, 1.40090187415e-05, 1.29166295437e-08],
        "dmean2": [2.70255386567e-05, 0.00278747617267, 0.00285276095383, 0.0025837586727, 0.00236828695051, 0.00149382848758, 0.00159984757192, 0.00327163445763, 0.00190806144383, 0.00132113089785, 0.000820056244265, 0.00102380453609, 0.000680990342516, 0.000862078100909, 0.000796987325884, 0.000481107650558, 0.000849138130434, 0.000465722609079, 0.00038145162398, 0.000252205732977, 0.000184279837413, 0.000170363215148, 0.000123675810755, 7.72462444729e-05, 5.00987989653e-05, 2.13136954699e-05, 2.36390675923e-08],
        "dvar": [7.16284476177e-10, 5.52815708943e-06, 4.43291719421e-06, 5.87078238823e-06, 4.38704682892e-06, 1.55786187861e-06, 3.44618683812e-06, 8.23537811812e-06, 6.87407191435e-06, 1.66839629401e-06, 1.63913102824e-06, 6.0830404891e-07, 5.17992191362e-07, 7.38610594908e-07, 5.59761247132e-07, 1.02206570318e-07, 4.14071763544e-07, 7.94427990058e-08, 5.5200889193e-08, 2.81269887381e-08, 1.73239911305e-08, 2.1606362921e-08, 4.92778866601e-08, 4.34507256841e-08, 4.95341279105e-09, 6.63965216141e-10, 4.18021008569e-15],
        "dvar2": [2.05655026342e-09, 1.45302137753e-05, 1.24008720377e-05, 1.69537797774e-05, 1.09682187031e-05, 3.79585003429e-06, 8.21195135359e-06, 1.87229288713e-05, 1.64128814504e-05, 3.70790507986e-06, 4.24540758104e-06, 1.49814252381e-06, 1.20126412639e-06, 2.01775537789e-06, 1.32175432555e-06, 2.77591965414e-07, 1.20406014048e-06, 1.94957635813e-07, 1.47145115648e-07, 6.52315321759e-08, 3.74200759268e-08, 4.39264979946e-08, 9.09472461785e-08, 6.36974490931e-08, 8.50581383105e-09, 1.66210645247e-09, 1.19647952367e-14],
        "max": [0.00027568344376, 0.021052595228, 0.0237920060754, 0.026444779709, 0.0290065705776, 0.0122852260247, 0.0482411719859, 0.0329721011221, 0.0443517677486, 0.0189525075257, 0.0238777920604, 0.011178820394, 0.0153678050265, 0.0102512883022, 0.0116503518075, 0.00404353439808, 0.00828247703612, 0.00287512689829, 0.00281737325713, 0.00170690868981, 0.00172921351623, 0.00268625491299, 0.00500356359407, 0.00637688906863, 0.00163475680165, 0.000252967234701, 1.08110839392e-06],
        "mean": [1.72912514245e-05, 0.00253432174213, 0.00278723146766, 0.00225094379857, 0.00250835460611, 0.00223382143304, 0.00318121304736, 0.00458879396319, 0.0020141187124, 0.00180404179264, 0.000822641013656, 0.00127056334168, 0.000781306065619, 0.000903266947716, 0.000932015362196, 0.000616672914475, 0.00110947585199, 0.000682333949953, 0.000569475523662, 0.000394742557546, 0.000297883903841, 0.000301272288198, 0.000215797161218, 0.000123070873087, 6.51573791401e-05, 2.12127888517e-05, 8.39235525518e-09],
        "median": [7.45929628465e-06, 0.0015914416872, 0.00197955640033, 0.00131573830731, 0.00190538377501, 0.00162718375213, 0.00135154440068, 0.00308702024631, 0.000947348133195, 0.00119579432067, 0.000169345847098, 0.000834360253066, 0.000493031169754, 0.0004414235882, 0.000554978090804, 0.000506481097545, 0.000712355016731, 0.00056096323533, 0.000488960824441, 0.00032520442619, 0.000241750385612, 0.000236442123423, 0.000137881317642, 5.74764926569e-05, 3.54244657501e-05, 1.08001595436e-05, 7.11922465424e-10],
        "min": [7.57043565613e-08, 2.56696439465e-05, 5.9119254729e-05, 2.53228245128e-05, 5.9132475144e-05, 2.23625283979e-05, 1.07619234768e-05, 3.79958655685e-05, 4.92903272971e-05, 4.2140862206e-05, 6.06383082413e-06, 4.39793111582e-05, 3.98824849981e-05, 2.5666124202e-05, 3.46508932125e-05, 4.17175579059e-05, 6.231127918e-05, 5.55776678084e-05, 6.51868904242e-05, 5.28705386387e-05, 4.68300568173e-05, 1.85809130926e-05, 5.98878841629e-06, 2.27375494433e-06, 3.05617447793e-07, 1.91345925216e-10, 8.79626926853e-12],
        "var": [7.57292395459e-10, 7.89818477642e-06, 7.00406280885e-06, 7.33465367375e-06, 5.9977737692e-06, 4.26431051892e-06, 1.24643556774e-05, 1.98870202439e-05, 9.95288701233e-06, 4.06965364164e-06, 3.1985878195e-06, 1.64567882166e-06, 1.03598586065e-06, 1.66353572695e-06, 1.32047705392e-06, 1.88481678265e-07, 1.08516940145e-06, 1.99306882109e-07, 1.03015530328e-07, 6.24999998422e-08, 3.97992927503e-08, 7.31775600116e-08, 1.34656403361e-07, 1.26517662125e-07, 1.45609817537e-08, 1.01250241524e-09, 2.38922625784e-15]
    },
    "erbbands": {
        "dmean": [0.0281444229186, 0.458189845085, 1.6071356535, 3.7188243866, 4.99133300781, 4.33997058868, 7.9472360611, 7.14834022522, 11.4803543091, 19.491186142, 57.4823303223, 33.559589386, 14.5986948013, 32.0335960388, 22.9119625092, 30.9774208069, 20.5845947266, 17.6342964172, 37.3459320068, 13.8440599442, 15.7839546204, 21.4602279663, 17.4192619324, 10.8188991547, 10.4362201691, 6.62411022186, 5.7684378624, 4.33704090118, 3.91996312141, 3.69095611572, 2.39922618866, 1.65589034557, 0.816943466663, 0.417892754078, 0.251139014959, 0.0868238806725, 0.0218136515468, 0.0016421736218, 3.41260310961e-05, 8.27290205052e-06],
        "dmean2": [0.0464228019118, 0.75508159399, 2.77435541153, 6.51273679733, 8.50982761383, 7.29974269867, 11.7103147507, 11.3831205368, 17.6675796509, 29.565864563, 84.6440505981, 53.5359992981, 23.100610733, 47.1999855042, 37.0687675476, 48.8113365173, 33.0377693176, 28.7292289734, 60.4701118469, 22.7302284241, 26.2622032166, 35.5485649109, 28.6129550934, 17.7101249695, 16.9666099548, 10.5519275665, 8.97922134399, 6.70290565491, 5.90357780457, 5.64915418625, 3.45049262047, 2.2591176033, 1.08432114124, 0.579955279827, 0.376034557819, 0.132700651884, 0.0334518402815, 0.00256025721319, 5.11037869728e-05, 1.25774859043e-05],
        "dvar": [0.00215871678665, 0.375516295433, 4.07955408096, 33.1400756836, 54.5229492188, 44.5558738708, 130.886123657, 104.401023865, 407.38458252, 1175.97033691, 6362.65917969, 5360.83544922, 607.320556641, 1991.52355957, 3397.45898438, 1372.24243164, 1287.53088379, 682.008300781, 3706.21826172, 240.284317017, 311.733978271, 606.796508789, 315.442779541, 107.508682251, 113.743133545, 50.1989746094, 37.0928955078, 29.266916275, 26.3051013947, 29.1545257568, 47.0587806702, 37.6799583435, 6.85008335114, 0.765258550644, 0.267299562693, 0.0255934689194, 0.00191188894678, 1.24531607071e-05, 4.52147697061e-09, 6.90464699304e-11],
        "dvar2": [0.00537540158257, 0.999038159847, 11.1269254684, 96.509223938, 141.065673828, 115.299407959, 281.491973877, 258.955200195, 941.14666748, 2610.07666016, 14291.9941406, 12877.1826172, 1632.15356445, 4216.16601562, 8865.39746094, 3225.73217773, 3077.90649414, 1711.87084961, 9296.10058594, 649.518981934, 828.144348145, 1702.39929199, 859.108520508, 270.668243408, 281.958129883, 116.65953064, 83.5871810913, 64.2724761963, 54.0703430176, 61.5824775696, 84.622718811, 53.8878097534, 10.7967176437, 1.2251701355, 0.542821884155, 0.0578605718911, 0.00462524965405, 3.1738421967e-05, 1.10108508977e-08, 1.43329265123e-10],
        "max": [0.502682566643, 5.68223762512, 26.8340911865, 64.1528701782, 81.9513931274, 89.1107559204, 167.886444092, 123.626800537, 499.484466553, 539.198974609, 940.759521484, 1232.97009277, 474.737823486, 715.710327148, 1118.4855957, 575.376708984, 791.313903809, 278.699829102, 879.541442871, 181.751922607, 329.508880615, 265.177886963, 187.408920288, 104.797454834, 123.232902527, 74.2655792236, 74.3926849365, 79.6718292236, 96.3551483154, 90.682220459, 170.87953186, 152.933013916, 85.6604385376, 24.8886814117, 11.6399440765, 1.92063105106, 0.49821165204, 0.0508230738342, 0.000972723297309, 0.000127991632326],
        "mean": [0.0384171269834, 0.710341393948, 2.97412490845, 6.51064872742, 6.71650695801, 7.40660190582, 18.7840137482, 15.3012676239, 39.0135421753, 48.8263664246, 119.659896851, 61.9287261963, 32.552280426, 63.5822525024, 40.9547157288, 61.7495155334, 41.299407959, 34.6587142944, 72.8268585205, 32.1255264282, 37.4275512695, 52.2966804504, 45.8160095215, 30.0495853424, 27.1044692993, 17.3624858856, 14.2374687195, 10.3142280579, 9.91469955444, 9.69537639618, 5.78311157227, 3.51032972336, 1.63356661797, 0.813034892082, 0.415481448174, 0.141717329621, 0.0316635109484, 0.00211007497273, 6.77293501212e-05, 4.43590070063e-05],
        "median": [0.0210654251277, 0.470256268978, 2.19370746613, 4.27567481995, 4.26185274124, 5.53377199173, 9.2174282074, 10.8224525452, 19.1953887939, 23.4142360687, 71.9214477539, 33.7617301941, 22.3220100403, 43.282497406, 16.3281650543, 41.6065635681, 28.408372879, 23.4148082733, 37.876247406, 25.5300064087, 30.6491031647, 37.7696914673, 35.3172645569, 26.3889255524, 23.1124744415, 14.880698204, 11.7101831436, 7.92444515228, 7.76215553284, 7.3039188385, 3.49047660828, 1.65736925602, 0.812042117119, 0.432179629803, 0.201770216227, 0.0720851942897, 0.0141560519114, 0.000905933906324, 4.30325999332e-05, 4.32242704846e-05],
        "min": [0.000668622204103, 0.00929744541645, 0.0444838553667, 0.238729581237, 0.359468698502, 0.126769185066, 0.269578188658, 0.227931544185, 0.6457452178, 0.451900571585, 2.52441620827, 1.50089740753, 2.23317170143, 1.80047798157, 2.13462519646, 3.26621007919, 3.71178674698, 2.77174210548, 2.77077817917, 3.51710057259, 3.88204646111, 4.80071258545, 4.05441617966, 4.31746339798, 3.00088381767, 2.4748210907, 1.7228988409, 0.974569916725, 0.707759201527, 0.330467194319, 0.131618976593, 0.0744339898229, 0.0129772946239, 0.00555246463045, 0.00076725211693, 6.79080985719e-05, 2.08588862733e-05, 4.98757026435e-06, 7.98560085968e-06, 1.11369527076e-05],
        "var": [0.00281698768958, 0.53932851553, 7.0296459198, 47.1047668457, 59.4107093811, 54.6008377075, 577.624694824, 228.416519165, 2062.64453125, 4120.46630859, 14683.1503906, 7716.18847656, 1346.60498047, 4778.11767578, 5849.32421875, 3802.84228516, 2419.31103516, 1200.60009766, 9335.22363281, 548.034057617, 689.191101074, 1711.98950195, 1066.87854004, 242.064437866, 234.120651245, 109.717430115, 83.292930603, 61.5880203247, 79.8297576904, 94.887260437, 128.93711853, 107.621353149, 19.6129817963, 2.4713447094, 0.609591364861, 0.0490595288575, 0.00255906488746, 1.37253628054e-05, 6.42583541932e-09, 2.44404468885e-10]
    },
    "gfcc": {
        "mean": [53.0746192932, 94.2389755249, -142.589828491, 37.7411308289, -68.9113769531, 13.3399467468, -37.1296768188, 12.2767972946, -20.3905277252, 0.871078908443, -18.6721973419, -3.06676888466, -17.7094535828],
        "cov": [[596.746459961, -367.761993408, 231.366271973, -120.870513916, -139.39352417, 27.3786373138, -133.551116943, 85.9561233521, -67.7810745239, 67.7719650269, -81.2555236816, 91.3614120483, -51.7722892761], [-367.761993408, 421.292907715, -176.763671875, 74.2249984741, 120.91255188, -57.4060134888, 109.713111877, -61.810546875, 78.3987731934, -59.0328903198, 77.1877975464, -60.0503768921, 53.4213294983], [231.366271973, -176.763671875, 294.611083984, -14.5462827682, -80.1542205811, 32.0227851868, -74.0943756104, 84.5953979492, -12.0907325745, 53.1114654541, -38.3477210999, 53.4205932617, -44.087928772], [-120.870513916, 74.2249984741, -14.5462827682, 161.665924072, 51.753868103, -1.95914542675, 26.8596134186, -17.1403446198, 44.861328125, -37.6215858459, 33.6716194153, 0.907793045044, 25.1888427734], [-139.39352417, 120.91255188, -80.1542205811, 51.753868103, 144.070220947, 25.1700191498, 66.4272079468, -28.7233448029, 4.41467666626, -12.1734361649, -4.57365560532, -33.5215301514, 25.4799213409], [27.3786373138, -57.4060134888, 32.0227851868, -1.95914542675, 25.1700191498, 115.879302979, 23.8949680328, 5.17706108093, -16.6815567017, 12.7708435059, -9.55367660522, -19.248708725, 9.89258670807], [-133.551116943, 109.713111877, -74.0943756104, 26.8596134186, 66.4272079468, 23.8949680328, 96.3110656738, -8.22864532471, 23.8429355621, -7.42159986496, 15.5359563828, -30.0196819305, 13.9533290863], [85.9561233521, -61.810546875, 84.5953979492, -17.1403446198, -28.7233448029, 5.17706108093, -8.22864532471, 82.0923843384, 29.3125514984, 30.7677650452, -7.34932804108, 21.2775592804, -16.4231033325], [-67.7810745239, 78.3987731934, -12.0907325745, 44.861328125, 4.41467666626, -16.6815567017, 23.8429355621, 29.3125514984, 93.5168380737, 5.29049444199, 36.4515533447, 7.39546489716, 7.75353574753], [67.7719650269, -59.0328903198, 53.1114654541, -37.6215858459, -12.1734361649, 12.7708435059, -7.42159986496, 30.7677650452, 5.29049444199, 68.9370269775, 0.332252264023, 11.5631685257, -13.7708702087], [-81.2555236816, 77.1877975464, -38.3477210999, 33.6716194153, -4.57365560532, -9.55367660522, 15.5359563828, -7.34932804108, 36.4515533447, 0.332252264023, 78.1671676636, 23.2717914581, 22.2754440308], [91.3614120483, -60.0503768921, 53.4205932617, 0.907793045044, -33.5215301514, -19.248708725, -30.0196819305, 21.2775592804, 7.39546489716, 11.5631685257, 23.2717914581, 100.367263794, 12.4509487152], [-51.7722892761, 53.4213294983, -44.087928772, 25.1888427734, 25.4799213409, 9.89258670807, 13.9533290863, -16.4231033325, 7.75353574753, -13.7708702087, 22.2754440308, 12.4509487152, 57.7937202454]],
        "icov": [[0.00517769018188, 0.00162805477157, -0.000454407563666, 0.00122048158664, 0.000936401891522, -0.00100729090627, 0.00249540619552, -0.00165651831776, 0.000547341129277, -0.000847767456435, 0.00287057040259, -0.00292278407142, 0.000188988793525], [0.00162805477157, 0.016025364399, -0.00761511130258, 0.00899177137762, -0.0109663689509, 0.0120921107009, -0.00900009460747, 0.00853500608355, -0.0105300471187, 0.0114862620831, -0.0140563203022, 0.00997457187623, -0.00830096472055], [-0.000454407563666, -0.00761511130258, 0.0134870270267, -0.0087009081617, 0.00800084974617, -0.0096000880003, 0.00866548065096, -0.0109627172351, 0.00748378736898, -0.00982858426869, 0.0107398498803, -0.00839007738978, 0.00794333033264], [0.00122048158664, 0.00899177137762, -0.0087009081617, 0.0175200030208, -0.0113116567954, 0.00716378120705, -0.00471403170377, 0.00843918789178, -0.0118713732809, 0.013962010853, -0.0120942462236, 0.00593986641616, -0.00589321972802], [0.000936401891522, -0.0109663689509, 0.00800084974617, -0.0113116567954, 0.0229420159012, -0.010197751224, 0.000231095822528, -0.00531518785283, 0.00938597414643, -0.0131967468187, 0.0175131503493, -0.00823334045708, 0.00269381469116], [-0.00100729090627, 0.0120921107009, -0.0096000880003, 0.00716378120705, -0.010197751224, 0.0224828161299, -0.0126767680049, 0.00735440291464, -0.00539368018508, 0.00804162025452, -0.0134201776236, 0.0127819310874, -0.0116687137634], [0.00249540619552, -0.00900009460747, 0.00866548065096, -0.00471403170377, 0.000231095822528, -0.0126767680049, 0.028508592397, -0.0105777289718, 0.00386613234878, -0.0070394538343, 0.00738732889295, -0.00594461383298, 0.0076362490654], [-0.00165651831776, 0.00853500608355, -0.0109627172351, 0.00843918789178, -0.00531518785283, 0.00735440291464, -0.0105777289718, 0.0324887186289, -0.0179354436696, 0.00384799786843, -0.00523868016899, 0.00456913979724, -0.0041858558543], [0.000547341129277, -0.0105300471187, 0.00748378736898, -0.0118713732809, 0.00938597414643, -0.00539368018508, 0.00386613234878, -0.0179354436696, 0.0288800038397, -0.0109193474054, 0.00411957595497, -0.00607393076643, 0.00510625261813], [-0.000847767456435, 0.0114862620831, -0.00982858426869, 0.013962010853, -0.0131967468187, 0.00804162025452, -0.0070394538343, 0.00384799786843, -0.0109193474054, 0.0328810252249, -0.0176881030202, 0.0085069052875, -0.00344044924714], [0.00287057040259, -0.0140563203022, 0.0107398498803, -0.0120942462236, 0.0175131503493, -0.0134201776236, 0.00738732889295, -0.00523868016899, 0.00411957595497, -0.0176881030202, 0.0399330854416, -0.0180634800345, 0.00406502513215], [-0.00292278407142, 0.00997457187623, -0.00839007738978, 0.00593986641616, -0.00823334045708, 0.0127819310874, -0.00594461383298, 0.00456913979724, -0.00607393076643, 0.0085069052875, -0.0180634800345, 0.0251355841756, -0.0122628612444], [0.000188988793525, -0.00830096472055, 0.00794333033264, -0.00589321972802, 0.00269381469116, -0.0116687137634, 0.0076362490654, -0.0041858558543, 0.00510625261813, -0.00344044924714, 0.00406502513215, -0.0122628612444, 0.0311200860888]]
    },
    "melbands": {
        "dmean": [0.000366021762602, 0.000725294288713, 0.000627282483038, 0.000352338567609, 0.000235160972807, 0.000162097159773, 0.000186131437658, 0.000224091971177, 0.000459445524029, 0.000189288213733, 7.14239795343e-05, 0.000138216972118, 7.98636028776e-05, 7.18712617527e-05, 5.28871787537e-05, 4.45850891992e-05, 3.61161983164e-05, 6.78126016282e-05, 2.2623267796e-05, 2.23623901547e-05, 2.12017130252e-05, 2.1952761017e-05, 2.97414408124e-05, 1.73871285369e-05, 9.13731673791e-06, 1.08272315629e-05, 7.22936465536e-06, 4.54504197478e-06, 4.16585180574e-06, 2.89927720587e-06, 2.78222114503e-06, 2.41886596086e-06, 2.74425724456e-06, 1.87780972283e-06, 1.40441761687e-06, 1.47755372382e-06, 9.79794663181e-07, 6.39169627448e-07, 4.73022396363e-07, 3.43067313224e-07],
        "dmean2": [0.000590118928812, 0.00124461867381, 0.00109585002065, 0.000594403129071, 0.000351669819793, 0.000257612322457, 0.000288059556624, 0.000342012499459, 0.000674844253808, 0.000305838184431, 0.000113024325401, 0.000202908864594, 0.000128476996906, 0.000113088135549, 8.3449864178e-05, 7.04016638338e-05, 5.94263219682e-05, 0.00010981039668, 3.76095740648e-05, 3.7210949813e-05, 3.51745111402e-05, 3.59554906026e-05, 5.05689713464e-05, 2.83427762042e-05, 1.51853064381e-05, 1.79282869794e-05, 1.18900397865e-05, 7.468505828e-06, 6.62659749651e-06, 4.64380400444e-06, 4.34500725532e-06, 3.77347009817e-06, 4.21847335019e-06, 2.90939442493e-06, 2.12342456507e-06, 2.12305576497e-06, 1.34714957767e-06, 8.84394125933e-07, 6.81565097693e-07, 5.02725470142e-07],
        "dvar": [2.82187642142e-07, 7.64341393733e-07, 9.60205966294e-07, 3.22975893141e-07, 1.03083721115e-07, 5.17151228507e-08, 1.11524819602e-07, 1.16378984671e-07, 4.07865258012e-07, 1.82362896339e-07, 1.55211576924e-08, 3.92648047409e-08, 4.07688034443e-08, 7.99038968324e-09, 2.9878886032e-09, 7.42528571962e-09, 3.32224869837e-09, 1.40801610371e-08, 9.02603713993e-10, 7.25135007595e-10, 6.02712102449e-10, 6.18364637273e-10, 1.52392265473e-09, 3.03637587296e-10, 8.10040368115e-11, 1.29238578173e-10, 6.75385095072e-11, 2.44238431563e-11, 1.80958425328e-11, 1.02633188406e-11, 1.40328521372e-11, 9.34934941965e-12, 1.48004091621e-11, 7.88812938579e-12, 1.07643668285e-11, 3.13794962237e-11, 1.34490777889e-11, 4.64933907346e-12, 1.33054494072e-12, 4.50186925498e-13],
        "dvar2": [7.15986629984e-07, 2.03219815376e-06, 2.76283071798e-06, 8.22337824502e-07, 2.29975384514e-07, 1.28840000002e-07, 2.63044626081e-07, 2.67975082124e-07, 9.14963834475e-07, 4.40997922624e-07, 4.15453449421e-08, 8.26882171623e-08, 1.05932002725e-07, 2.02180441278e-08, 7.36316119188e-09, 1.64701958738e-08, 8.47450731811e-09, 3.61228948975e-08, 2.20209517288e-09, 2.03162997536e-09, 1.6851210427e-09, 1.76266445884e-09, 4.38103064937e-09, 8.27551416283e-10, 2.10804693146e-10, 3.37643052406e-10, 1.64898109056e-10, 5.71331523758e-11, 4.12555788143e-11, 2.44628518831e-11, 3.18186692272e-11, 2.12245793857e-11, 3.17007392558e-11, 1.72174999952e-11, 1.97251815576e-11, 5.89811879892e-11, 2.13621689782e-11, 8.09832669674e-12, 2.08227987804e-12, 8.67320321465e-13],
        "max": [0.00550762563944, 0.0109245823696, 0.0103174829856, 0.00777113530785, 0.00464728940278, 0.00271761487238, 0.00885301735252, 0.00513151613995, 0.00769735267386, 0.00682257162407, 0.00245245476253, 0.00314311450347, 0.00363998278044, 0.00120199716184, 0.000690990127623, 0.00188859866466, 0.000608861562796, 0.00158863340039, 0.000444261240773, 0.000367280648788, 0.000492685183417, 0.000381382793421, 0.000439434807049, 0.000151596890646, 8.80943480297e-05, 0.000143877099617, 8.38447667775e-05, 4.71763196401e-05, 4.69431543024e-05, 3.64607258234e-05, 5.39640423085e-05, 6.06948269706e-05, 7.50132312533e-05, 4.85803648189e-05, 8.13256410765e-05, 0.000137587529025, 0.000100017809018, 6.94747359375e-05, 3.22874984704e-05, 1.63883378264e-05],
        "mean": [0.000535996223334, 0.00137543317396, 0.0010886262171, 0.000497986970004, 0.000564261688851, 0.000352620700141, 0.000621339422651, 0.00053542573005, 0.000940127065405, 0.000328751688357, 0.000152474196511, 0.000263821304543, 0.000130958083901, 0.000138988805702, 0.000116512717796, 7.95256564743e-05, 5.97033067606e-05, 0.0001294681133, 4.81355127704e-05, 4.30273503298e-05, 4.45791993116e-05, 5.04564377479e-05, 5.91895841353e-05, 3.54756266461e-05, 2.18191398744e-05, 2.43830563704e-05, 1.54960798682e-05, 1.05090684883e-05, 9.45742704062e-06, 6.7279979703e-06, 5.64014681004e-06, 5.31173782292e-06, 6.42569511911e-06, 4.7401390475e-06, 3.22064238389e-06, 2.97506016977e-06, 1.8219342337e-06, 1.18159971407e-06, 8.82668985014e-07, 6.14368559582e-07],
        "median": [0.00032875186298, 0.00105737778358, 0.00074497575406, 0.000336228666129, 0.000324699940393, 0.000251711957389, 0.000328726571752, 0.000309913826641, 0.000576861086302, 0.000143277036841, 0.000101496596471, 0.000170223924215, 3.32070558215e-05, 9.32794282562e-05, 8.97049467312e-05, 4.63425712951e-05, 3.61480051652e-05, 6.02733489359e-05, 3.45679691236e-05, 3.46612287103e-05, 3.43202300428e-05, 3.7868921936e-05, 3.50374866684e-05, 2.80565982393e-05, 1.8969480152e-05, 2.06557597267e-05, 1.23646814245e-05, 8.62473643792e-06, 7.60029934099e-06, 5.29844828634e-06, 4.10315760746e-06, 4.16186048824e-06, 4.74702483189e-06, 3.49440938407e-06, 1.97846998162e-06, 1.49643597069e-06, 7.78908372467e-07, 5.32897843186e-07, 4.74579422871e-07, 3.21571292261e-07],
        "min": [8.4831899585e-06, 1.65356923389e-05, 4.71398743684e-05, 1.43861334436e-05, 6.59711940898e-06, 4.22547418566e-06, 7.4946319728e-06, 2.66653887593e-06, 2.11660244531e-05, 6.98153462508e-06, 6.12435223957e-06, 6.13342945144e-06, 2.59167745753e-06, 4.89875583298e-06, 9.97341066977e-06, 3.8640796447e-06, 2.29049919653e-06, 3.8498401409e-06, 3.52646702595e-06, 3.67210509467e-06, 4.09755648434e-06, 4.04579759561e-06, 2.68392523139e-06, 3.0442699881e-06, 3.17189551424e-06, 2.32017396229e-06, 1.58842522069e-06, 1.10843609491e-06, 9.72191173787e-07, 8.31992622352e-07, 4.54802460581e-07, 4.08234882343e-07, 2.28508071132e-07, 1.56502423465e-07, 7.33189935431e-08, 3.42790684726e-08, 2.29107843808e-08, 6.18964746124e-09, 6.44705533404e-09, 6.41828756809e-10],
