{
"highlevel": {
    "danceability": {
        "all": {
            "danceable": 1.3102122054e-08,
            "not_danceable": 1
        },
        "probability": 1,
        "value": "not_danceable"
    },
    "gender": {
        "all": {
            "female": 0.628168880939,
            "male": 0.371831119061
        },
        "probability": 0.628168880939,
        "value": "female"
    },
    "genre_dortmund": {
        "all": {
            "alternative": 0.200101211667,
            "blues": 0.0215445328504,
            "electronic": 0.146347612143,
            "folkcountry": 0.0607783347368,
            "funksoulrnb": 0.0051163486205,
            "jazz": 0.0060106725432,
            "pop": 0.071411177516,
            "raphiphop": 0.00384574430063,
            "rock": 0.484844356775
        },
        "probability": 0.484844356775,
        "value": "rock"
    },
    "genre_electronic": {
        "all": {
            "ambient": 0.0281516127288,
            "dnb": 0.0239442903548,
            "house": 0.00491191493347,
            "techno": 0.00328806322068,
            "trance": 0.939704120159
        },
        "probability": 0.939704120159,
        "value": "trance"
    },
    "genre_rosamerica": {
        "all": {
            "cla": 9.34611525736e-05,
            "dan": 0.0677322372794,
            "hip": 0.00085772149032,
            "jaz": 0.000259716965957,
            "pop": 0.0061312043108,
            "rhy": 0.000454078399343,
            "roc": 0.924430549145,
            "spe": 4.10437714891e-05
        },
        "probability": 0.924430549145,
        "value": "roc"
    },
    "genre_tzanetakis": {
        "all": {
            "blu": 0.0626541376114,
            "cla": 0.0348133966327,
            "cou": 0.0783501937985,
            "dis": 0.104547761381,
            "hip": 0.15693578124,
            "jaz": 0.313987255096,
            "met": 0.044816005975,
            "pop": 0.0627349764109,
            "reg": 0.0627352520823,
            "roc": 0.0784252434969
        },
        "probability": 0.313987255096,
        "value": "jaz"
    },
    "ismir04_rhythm": {
        "all": {
            "ChaChaCha": 0.0830200016499,
            "Jive": 0.696905910969,
            "Quickstep": 0.0107192685828,
            "Rumba-American": 0.00376366777346,
            "Rumba-International": 0.0155944190919,
            "Rumba-Misc": 0.00265164277516,
            "Samba": 0.129870459437,
            "Tango": 0.00326382531784,
            "VienneseWaltz": 0.0463895015419,
            "Waltz": 0.00782127771527
        },
        "probability": 0.696905910969,
        "value": "Jive"
    },
    "mood_acoustic": {
        "all": {
            "acoustic": 2.37122276303e-06,
            "not_acoustic": 0.999997615814
        },
        "probability": 0.999997615814,
        "value": "not_acoustic"
    },
    "mood_aggressive": {
        "all": {
            "aggressive": 0.989313423634,
            "not_aggressive": 0.0106865977868
        },
        "probability": 0.989313423634,
        "value": "aggressive"
    },
    "mood_electronic": {
        "all": {
            "electronic": 0.546453893185,
            "not_electronic": 0.453546077013
        },
        "probability": 0.546453893185,
        "value": "electronic"
    },
    "mood_happy": {
        "all": {
            "happy": 0.786504268646,
            "not_happy": 0.213495716453
        },
        "probability": 0.786504268646,
        "value": "happy"
    },
    "mood_party": {
        "all": {
            "not_party": 0.190661996603,
            "party": 0.809337973595
        },
        "probability": 0.809337973595,
        "value": "party"
    },
    "mood_relaxed": {
        "all": {
            "not_relaxed": 0.985517263412,
            "relaxed": 0.0144827412441
        },
        "probability": 0.985517263412,
        "value": "not_relaxed"
    },
    "mood_sad": {
        "all": {
            "not_sad": 0.899453282356,
            "sad": 0.100546695292
        },
        "probability": 0.899453282356,
        "value": "not_sad"
    },
    "moods_mirex": {
        "all": {
            "Cluster1": 0.701583743095,
            "Cluster2": 0.0779117569327,
            "Cluster3": 0.0607580989599,
            "Cluster4": 0.0308856442571,
            "Cluster5": 0.128860756755
        },
        "probability": 0.701583743095,
        "value": "Cluster1"
    },
    "timbre": {
        "all": {
            "bright": 0.964357078075,
            "dark": 0.0356429331005
        },
        "probability": 0.964357078075,
        "value": "bright"
    },
    "tonal_atonal": {
        "all": {
            "atonal": 0.0061112549156,
            "tonal": 0.993888735771
        },
        "probability": 0.993888735771,
        "value": "tonal"
    },
    "voice_instrumental": {
        "all": {
            "instrumental": 0.0615179650486,
            "voice": 0.938482046127
        },
        "probability": 0.938482046127,
        "value": "voice"
    }
},
"lowlevel": {
    "average_loudness": 0.981390714645,
    "barkbands_crest": {
        "dmean": 2.74229478836,
        "dmean2": 4.62983179092,
        "dvar": 6.83099651337,
        "dvar2": 18.7627391815,
        "max": 22.1812171936,
        "mean": 11.3042602539,
        "median": 11.1926727295,
        "min": 2.62586736679,
        "var": 16.6106452942
    },
    "barkbands_flatness_db": {
        "dmean": 0.0193453151733,
        "dmean2": 0.033111769706,
        "dvar": 0.000388171087252,
        "dvar2": 0.00116097123828,
        "max": 0.228408291936,
        "mean": 0.113783560693,
        "median": 0.112301975489,
        "min": 0.0508277826011,
        "var": 0.000663235085085
    },
    "barkbands_kurtosis": {
        "dmean": 1.81970465183,
        "dmean2": 3.15591740608,
        "dvar": 8.35240077972,
        "dvar2": 23.9152984619,
        "max": 30.5980491638,
        "mean": 0.921094238758,
        "median": 0.0436964035034,
        "min": -1.57070052624,
        "var": 7.70460367203
    },
    "barkbands_skewness": {
        "dmean": 0.523634374142,
        "dmean2": 0.866970896721,
        "dvar": 0.324624687433,
        "dvar2": 0.915592312813,
        "max": 5.27026557922,
        "mean": 1.27222263813,
        "median": 1.17647600174,
        "min": -0.67726713419,
        "var": 0.526848554611
    },
    "barkbands_spread": {
        "dmean": 7.70918941498,
        "dmean2": 12.4772996902,
        "dvar": 63.6325035095,
        "dvar2": 166.088134766,
        "max": 72.7219924927,
        "mean": 39.7686500549,
        "median": 39.9460105896,
        "min": 6.39225912094,
        "var": 117.877548218
    },
    "dissonance": {
        "dmean": 0.00934745091945,
        "dmean2": 0.0160903800279,
        "dvar": 5.92424039496e-05,
        "dvar2": 0.000164623808814,
        "max": 0.499605119228,
        "mean": 0.482256859541,
        "median": 0.484244525433,
        "min": 0.432274371386,
        "var": 0.000122919504065
    },
    "dynamic_complexity": 0.74660718441,
    "erbbands_crest": {
        "dmean": 1.82398688793,
        "dmean2": 3.11691904068,
        "dvar": 3.44375014305,
        "dvar2": 9.222615242,
        "max": 21.6937618256,
        "mean": 6.03080415726,
        "median": 5.37771081924,
        "min": 2.55732274055,
        "var": 6.05796861649
    },
    "erbbands_flatness_db": {
        "dmean": 0.0094112418592,
        "dmean2": 0.0146319875494,
        "dvar": 5.78118160774e-05,
        "dvar2": 0.000140485892189,
        "max": 0.180155187845,
        "mean": 0.125259160995,
        "median": 0.124695651233,
        "min": 0.0822339430451,
        "var": 0.000234767605434
    },
    "erbbands_kurtosis": {
        "dmean": 0.527851462364,
        "dmean2": 0.867019951344,
        "dvar": 0.209324061871,
        "dvar2": 0.559705734253,
        "max": 3.01569890976,
        "mean": 0.0352300517261,
        "median": 0.00397229194641,
        "min": -1.64564156532,
        "var": 0.454908698797
    },
    "erbbands_skewness": {
        "dmean": 0.245737507939,
        "dmean2": 0.399854630232,
        "dvar": 0.0454757101834,
        "dvar2": 0.120926804841,
        "max": 1.12991642952,
        "mean": -0.295608401299,
        "median": -0.33997759223,
        "min": -1.37742626667,
        "var": 0.168245539069
    },
    "erbbands_spread": {
        "dmean": 8.5789680481,
        "dmean2": 13.9071836472,
        "dvar": 88.3968811035,
        "dvar2": 223.515182495,
        "max": 107.285140991,
        "mean": 43.9105415344,
        "median": 41.3565750122,
        "min": 19.8589878082,
        "var": 161.399185181
    },
    "hfc": {
        "dmean": 5.80171489716,
        "dmean2": 8.72270107269,
        "dvar": 25.5582408905,
        "dvar2": 56.8769836426,
        "max": 92.9453277588,
        "mean": 43.554485321,
        "median": 42.5304069519,
        "min": 12.7843093872,
        "var": 121.668052673
    },
    "melbands_crest": {
        "dmean": 2.94871854782,
        "dmean2": 5.01327037811,
        "dvar": 7.86606884003,
        "dvar2": 22.4449329376,
        "max": 29.4083328247,
        "mean": 17.3456439972,
        "median": 17.3419475555,
        "min": 5.41828489304,
        "var": 20.0175094604
    },
    "melbands_flatness_db": {
        "dmean": 0.025170173496,
        "dmean2": 0.0421109609306,
        "dvar": 0.000708533509169,
        "dvar2": 0.00199817726389,
        "max": 0.298120588064,
        "mean": 0.15446741879,
        "median": 0.153351232409,
        "min": 0.0384612046182,
        "var": 0.00134004571009
    },
    "melbands_kurtosis": {
        "dmean": 7.81668758392,
        "dmean2": 13.3623113632,
        "dvar": 131.021072388,
        "dvar2": 376.048828125,
        "max": 105.419120789,
        "mean": 12.2374734879,
        "median": 8.92442512512,
        "min": -0.743737459183,
        "var": 139.555969238
    },
    "melbands_skewness": {
        "dmean": 0.879959821701,
        "dmean2": 1.46877515316,
        "dvar": 0.926077544689,
        "dvar2": 2.5934305191,
        "max": 9.17645549774,
        "mean": 3.09797167778,
        "median": 2.92421889305,
        "min": 0.298033893108,
        "var": 1.59241425991
    },
    "melbands_spread": {
        "dmean": 9.74184131622,
        "dmean2": 15.7374095917,
        "dvar": 92.3287811279,
        "dvar2": 244.432632446,
        "max": 109.125244141,
        "mean": 32.1152496338,
        "median": 30.5282077789,
        "min": 3.33686518669,
        "var": 209.2578125
    },
    "pitch_salience": {
        "dmean": 0.07754265517,
        "dmean2": 0.131143808365,
        "dvar": 0.00563581287861,
        "dvar2": 0.0156739223748,
        "max": 0.797945022583,
        "mean": 0.464365750551,
        "median": 0.459347486496,
        "min": 0.191935375333,
        "var": 0.0120633644983
    },
    "silence_rate_20dB": {
        "dmean": 0,
        "dmean2": 0,
        "dvar": 0,
        "dvar2": 0,
        "max": 1,
        "mean": 1,
        "median": 1,
        "min": 1,
        "var": 0
    },
    "silence_rate_30dB": {
        "dmean": 0.00154798757285,
        "dmean2": 0.00309837330133,
        "dvar": 0.00154558953363,
        "dvar2": 0.00463795103133,
        "max": 1,
        "mean": 0.999226629734,
        "median": 1,
        "min": 0,
        "var": 0.000772796745878
    },
    "silence_rate_60dB": {
        "dmean": 0,
        "dmean2": 0,
        "dvar": 0,
        "dvar2": 0,
        "max": 0,
        "mean": 0,
        "median": 0,
        "min": 0,
        "var": 0
    },
    "spectral_centroid": {
        "dmean": 286.774902344,
        "dmean2": 461.513122559,
        "dvar": 108281.203125,
        "dvar2": 266155.21875,
        "max": 3546.35351562,
        "mean": 2184.08959961,
        "median": 2253.25512695,
        "min": 624.091064453,
        "var": 183917.765625
    },
    "spectral_complexity": {
        "dmean": 4.44427251816,
        "dmean2": 7.14175081253,
        "dvar": 12.2608594894,
        "dvar2": 29.3904094696,
        "max": 55,
        "mean": 35.934261322,
        "median": 36,
        "min": 10,
        "var": 58.5191955566
    },
    "spectral_decrease": {
        "dmean": 3.86450116352e-09,
        "dmean2": 6.69322242075e-09,
        "dvar": 2.50229050527e-17,
        "dvar2": 7.07721901641e-17,
        "max": -9.3937102541e-10,
        "mean": -1.26599708494e-08,
        "median": -1.1821549073e-08,
        "min": -3.65747538922e-08,
        "var": 2.84546590385e-17
    },
    "spectral_energy": {
        "dmean": 0.0146380271763,
        "dmean2": 0.0253820177168,
        "dvar": 0.000355647993274,
        "dvar2": 0.00100423942786,
        "max": 0.141543269157,
        "mean": 0.0517321676016,
        "median": 0.0486890785396,
        "min": 0.00487416097894,
        "var": 0.000411521585193
    },
    "spectral_energyband_high": {
        "dmean": 0.00065448298119,
        "dmean2": 0.000957022537477,
        "dvar": 4.68449115942e-07,
        "dvar2": 9.34775471251e-07,
        "max": 0.0088666472584,
        "mean": 0.00304601201788,
        "median": 0.00278425565921,
        "min": 0.000725390738808,
        "var": 1.69245117831e-06
    },
    "spectral_energyband_low": {
        "dmean": 0.0119103696197,
        "dmean2": 0.0204520560801,
        "dvar": 0.000261596258497,
        "dvar2": 0.000782162882388,
        "max": 0.128731817007,
        "mean": 0.0293787028641,
        "median": 0.026326470077,
        "min": 0.00046855857363,
        "var": 0.000325618573697
    },
    "spectral_energyband_middle_high": {
        "dmean": 0.00228591775522,
        "dmean2": 0.00370783545077,
        "dvar": 4.70837176181e-06,
        "dvar2": 1.30332509798e-05,
        "max": 0.0291763525456,
        "mean": 0.01027652435,
        "median": 0.00959120225161,
        "min": 0.00123677228112,
        "var": 1.67596735992e-05
    },
    "spectral_energyband_middle_low": {
        "dmean": 0.00661086896434,
        "dmean2": 0.0113132698461,
        "dvar": 0.000210678568692,
        "dvar2": 0.000557954481337,
        "max": 0.0965672284365,
        "mean": 0.0103089539334,
        "median": 0.00694826990366,
        "min": 0.000465872697532,
        "var": 0.00016650321777
    },
    "spectral_entropy": {
        "dmean": 0.0830680280924,
        "dmean2": 0.134432777762,
        "dvar": 0.00647588633001,
        "dvar2": 0.0164174381644,
        "max": 8.37368297577,
        "mean": 8.02908420563,
        "median": 8.02829170227,
        "min": 7.61856412888,
        "var": 0.0161957331002
    },
    "spectral_flux": {
        "dmean": 0.029090501368,
        "dmean2": 0.0452114716172,
        "dvar": 0.00128254538868,
        "dvar2": 0.00285871280357,
        "max": 0.30617916584,
        "mean": 0.113349497318,
        "median": 0.0995208397508,
        "min": 0.0441241711378,
        "var": 0.00217834743671
    },
    "spectral_kurtosis": {
        "dmean": 0.537024915218,
        "dmean2": 0.933099150658,
        "dvar": 0.244485676289,
        "dvar2": 0.641994774342,
        "max": 9.52006149292,
        "mean": 1.78037071228,
        "median": 1.72725009918,
        "min": 0.329266786575,
        "var": 0.393801629543
    },
    "spectral_rms": {
        "dmean": 0.000945536885411,
        "dmean2": 0.00161460239906,
        "dvar": 1.22589347029e-06,
        "dvar2": 3.43180636264e-06,
        "max": 0.0117512121797,
        "mean": 0.00697361677885,
        "median": 0.00689213629812,
        "min": 0.00218066014349,
        "var": 1.8391294816e-06
    },
    "spectral_rolloff": {
        "dmean": 718.079833984,
        "dmean2": 1191.33251953,
        "dvar": 595157.4375,
        "dvar2": 1530226.125,
        "max": 6201.5625,
        "mean": 1978.70593262,
        "median": 1937.98828125,
        "min": 107.666015625,
        "var": 1124368
    },
    "spectral_skewness": {
        "dmean": 0.104890227318,
        "dmean2": 0.176600679755,
        "dvar": 0.00774678355083,
        "dvar2": 0.0195858795196,
        "max": 2.16890645027,
        "mean": 0.999535620213,
        "median": 0.99269258976,
        "min": 0.60563993454,
        "var": 0.0196475889534
    },
    "spectral_spread": {
        "dmean": 288837.4375,
        "dmean2": 445248.78125,
        "dvar": 74068803584,
        "dvar2": 145846255616,
        "max": 7607384.5,
        "mean": 4894974,
        "median": 4800491,
        "min": 3857706,
        "var": 260383916032
    },
    "spectral_strongpeak": {
        "dmean": 0.272311419249,
        "dmean2": 0.488246440887,
        "dvar": 0.36563372612,
        "dvar2": 1.00205755234,
        "max": 6.28575944901,
        "mean": 0.576875448227,
        "median": 0.477709114552,
        "min": 0,
        "var": 0.307466864586
    },
    "zerocrossingrate": {
        "dmean": 0.00995232071728,
        "dmean2": 0.0127047682181,
        "dvar": 8.17926120362e-05,
        "dvar2": 0.000126781524159,
        "max": 0.16796875,
        "mean": 0.0745144411922,
        "median": 0.07177734375,
        "min": 0.02587890625,
        "var": 0.000480555754621
    },
    "barkbands": {
        "dmean": [0.00029446897679, 0.00979201681912, 0.00371504598297, 0.00288097001612, 0.00337656913325, 0.000390355999116, 0.000580472929869, 0.000537869345862, 0.000438461138401, 0.000480954069644, 0.000968808075413, 0.000438519084128, 0.000927992106881, 0.000473911262816, 0.000389860040741, 0.000416357448557, 0.000571212323848, 0.000411959888879, 0.000320224295137, 0.000332035939209, 0.000265482958639, 0.000253943930147, 0.000188457459444, 0.00011363421072, 5.82470056543e-05, 1.38687455546e-05, 6.50609832675e-09],
        "dmean2": [0.000502986717038, 0.0168559122831, 0.00658748811111, 0.00490366388112, 0.00593305565417, 0.000667091517244, 0.000948418572079, 0.000921952014323, 0.00070437573595, 0.000787999248132, 0.00156209908891, 0.000709936779458, 0.00155036349315, 0.00078942172695, 0.000657071184833, 0.000697228766512, 0.000940350757446, 0.000695587776136, 0.000532716105226, 0.000549813441467, 0.000436627480667, 0.000392391317291, 0.000296000158414, 0.00017518507957, 8.61137377797e-05, 2.05284668482e-05, 1.18325669263e-08],
        "dvar": [1.810712007e-07, 0.000160057854373, 4.06672843383e-05, 4.01161705668e-05, 7.58822425269e-05, 3.86380548889e-07, 6.048854857e-07, 8.1679803543e-07, 3.28497492319e-07, 6.40032340016e-07, 2.27877376346e-06, 3.42054988778e-07, 1.72968464085e-06, 4.97083647133e-07, 2.3512252767e-07, 1.95969576566e-07, 2.90812153025e-07, 1.65543937669e-07, 8.38937808112e-08, 8.96943603834e-08, 5.85255222063e-08, 6.34417745005e-08, 4.70662513408e-08, 1.21408421094e-08, 6.18144335718e-09, 7.3794315103e-10, 3.59688967631e-16],
        "dvar2": [5.87019826526e-07, 0.000474396452773, 0.000118289754028, 0.000104465485492, 0.000206746117328, 1.0949369198e-06, 1.56154430897e-06, 2.47174989454e-06, 8.67550170369e-07, 1.64804816905e-06, 5.65569280297e-06, 8.38306107198e-07, 4.92984099765e-06, 1.32436332478e-06, 6.23795926913e-07, 5.19424247614e-07, 7.61516560033e-07, 4.28170693567e-07, 2.27289916666e-07, 2.49428751431e-07, 1.5605492365e-07, 1.45807433682e-07, 9.85488384231e-08, 2.60538008945e-08, 1.09973701257e-08, 1.36187661148e-09, 9.61618823205e-16],
        "max": [0.0038002601359, 0.0934560447931, 0.0547007843852, 0.0559285096824, 0.0645963773131, 0.00651841051877, 0.00888473633677, 0.0123707121238, 0.00774299399927, 0.0119416769594, 0.0173842385411, 0.0085218232125, 0.0114460112527, 0.0134655144066, 0.00516597134992, 0.00587347010151, 0.00471904594451, 0.00369552336633, 0.0026645087637, 0.0033247906249, 0.00246273563243, 0.0026247696951, 0.00310339452699, 0.00204596784897, 0.00103285769001, 0.00046817222028, 2.69044704737e-07],
        "mean": [0.000449460407253, 0.0216473396868, 0.00615880126134, 0.0031690527685, 0.00350754405372, 0.000641626887955, 0.00105989177246, 0.000854725833051, 0.000819647393655, 0.000825134047773, 0.00155614770483, 0.000751826679334, 0.00162240315694, 0.000885507906787, 0.00070031703217, 0.000845448579639, 0.00112261099275, 0.00086907192599, 0.000764198601246, 0.000878222752362, 0.000754231354222, 0.000714881520253, 0.000571794516873, 0.00037458789302, 0.000160138704814, 2.76176160696e-05, 4.74736383538e-09],
        "median": [0.000314183038427, 0.0187159664929, 0.00387005484663, 0.00145329535007, 0.00152578076813, 0.00046839233255, 0.000633573217783, 0.000376194453565, 0.000600439088885, 0.000509798934218, 0.000805174408015, 0.000463011587271, 0.00100673688576, 0.000555691192858, 0.000526784511749, 0.000691269116942, 0.000953153939918, 0.000739246548619, 0.000694985967129, 0.000802845694125, 0.000681797449943, 0.000619014143012, 0.000485531112645, 0.000331894581905, 0.000118206946354, 1.49265515574e-05, 1.10214271043e-09],
        "min": [1.31954507765e-07, 0.00011570994684, 3.8655649405e-05, 1.99069691007e-05, 3.94767957914e-05, 7.83651557867e-06, 1.21132106869e-05, 8.85765075509e-06, 7.80568734626e-06, 1.10569653771e-05, 2.24245104619e-05, 1.58553430083e-05, 8.1088492152e-06, 4.3282565457e-05, 1.42929602589e-05, 3.86258616345e-05, 5.9881942434e-05, 7.23650591681e-05, 9.93400317384e-05, 0.000168679151102, 0.000130357628223, 0.000102913618321, 7.6823438576e-05, 7.86791424616e-05, 2.07448647416e-05, 8.97330920679e-09, 1.01765705238e-11],
        "var": [2.33394288784e-07, 0.000220921545406, 4.54196670034e-05, 3.37361670972e-05, 5.39705433766e-05, 4.07216418807e-07, 1.3308722373e-06, 1.43423892496e-06, 5.90068225392e-07, 1.2737009456e-06, 4.27702661909e-06, 6.52522260225e-07, 3.09943584398e-06, 1.17050342396e-06, 4.089338006e-07, 3.94208512944e-07, 5.60153182505e-07, 2.7904903277e-07, 1.54830757992e-07, 1.72620474359e-07, 1.44242406463e-07, 1.59948712053e-07, 1.12889267712e-07, 3.93736492299e-08, 1.82310309071e-08, 2.20535323336e-09, 2.56745056615e-16]
    },
    "erbbands": {
        "dmean": [0.201661407948, 2.49347138405, 4.91252756119, 5.64218568802, 14.4735527039, 9.33108234406, 5.36828374863, 3.18309593201, 5.30479621887, 12.2549037933, 8.67163276672, 11.288775444, 11.1574106216, 31.8847255707, 27.4156227112, 16.8057022095, 37.6101837158, 25.792509079, 17.0662212372, 18.4681053162, 26.0997657776, 22.623462677, 25.8964576721, 16.8442935944, 15.2977046967, 13.9702739716, 11.0287475586, 10.9487762451, 9.74508666992, 7.70830726624, 4.91448831558, 3.16282486916, 1.65404820442, 0.841114342213, 0.356830269098, 0.100764840841, 0.0187691543251, 0.000754169945139, 2.16611424548e-05, 1.59173141583e-05],
        "dmean2": [0.357847303152, 4.26567745209, 8.72453117371, 9.69620227814, 24.9304962158, 16.4643573761, 9.51933574677, 5.28877449036, 8.74623584747, 20.6219596863, 14.4828681946, 18.1240978241, 18.1014995575, 51.2233009338, 45.1730384827, 27.3445091248, 62.4970703125, 42.5967216492, 28.4266471863, 31.3471050262, 43.3668403625, 36.8997306824, 42.9942512512, 28.5244121552, 25.4312515259, 23.0601921082, 18.5091304779, 17.9798870087, 15.3543233871, 11.8394603729, 7.69399309158, 5.0089764595, 2.5425620079, 1.25410485268, 0.519921600819, 0.149341747165, 0.0273471754044, 0.00117753678933, 3.05607572955e-05, 2.70293985523e-05],
        "dvar": [0.0836764499545, 11.2543392181, 62.8308105469, 96.426399231, 1420.609375, 551.65625, 156.219940186, 21.6887722015, 46.9456748962, 233.19039917, 183.477142334, 224.316390991, 311.400817871, 2884.859375, 2491.79589844, 518.363708496, 2828.02026367, 974.155639648, 424.197235107, 446.462371826, 640.809814453, 490.128814697, 649.348449707, 276.233947754, 230.82749939, 166.652374268, 106.289375305, 97.2207107544, 94.0121994019, 79.9469680786, 26.4785366058, 9.36411380768, 3.0754840374, 1.23476958275, 0.254123777151, 0.0361393280327, 0.00148249918129, 1.89419802155e-06, 1.12473563796e-09, 3.83794634962e-10],
        "dvar2": [0.259818464518, 33.4636497498, 186.523330688, 254.419799805, 3782.39160156, 1558.83325195, 455.106658936, 60.4898262024, 125.156211853, 649.47857666, 492.316558838, 588.642028809, 790.946716309, 7084.77148438, 6558.96435547, 1305.75537109, 7970.19433594, 2577.75512695, 1093.84265137, 1208.5670166, 1671.71569824, 1255.07470703, 1745.6895752, 762.34375, 621.288269043, 477.864349365, 272.513061523, 248.735305786, 234.614898682, 168.265640259, 56.9556732178, 21.5397758484, 6.3658862114, 2.29858613014, 0.498815745115, 0.0721041411161, 0.00247688428499, 3.83693668482e-06, 1.71346303812e-09, 1.06654640675e-09],
        "max": [2.53335046768, 24.6926383972, 68.1475906372, 77.1156692505, 263.388793945, 210.538894653, 123.816200256, 60.124710083, 76.4291305542, 180.376831055, 158.023239136, 211.081695557, 300.266418457, 662.146728516, 847.445251465, 363.920410156, 478.966766357, 516.767700195, 386.873779297, 268.943725586, 386.924194336, 272.713989258, 251.261001587, 147.424514771, 142.641052246, 135.688140869, 136.515380859, 100.318344116, 104.699012756, 109.440704346, 63.9263763428, 46.3084831238, 31.4057121277, 16.9732570648, 5.92323684692, 3.00311207771, 0.734984338284, 0.0238170195371, 0.000593897944782, 0.000169590071891],
        "mean": [0.392256706953, 5.49056816101, 9.76531410217, 7.44241762161, 13.5883789062, 10.8367834091, 6.90843820572, 5.50880146027, 9.97079181671, 21.8825454712, 14.9070854187, 21.3832454681, 21.2477684021, 54.6920433044, 46.5505981445, 32.9418907166, 67.8433074951, 55.766708374, 36.2638092041, 40.2536659241, 57.0260543823, 53.1746139526, 55.5243911743, 39.4356613159, 39.6802749634, 38.3611755371, 30.8246440887, 30.4769878387, 26.2237796783, 21.8915138245, 14.8270511627, 10.0726528168, 4.99449872971, 2.32711029053, 0.864935398102, 0.232125118375, 0.0308346133679, 0.00111968035344, 7.64433934819e-05, 6.98185758665e-05],
        "median": [0.259177416563, 4.70745563507, 7.38514137268, 4.53562164307, 4.80146455765, 5.23230886459, 4.015604496, 3.92209744453, 6.78959560394, 15.4329824448, 9.10812759399, 15.4289922714, 15.5830335617, 26.6849803925, 26.4361782074, 21.2128314972, 42.9185447693, 42.3377151489, 27.4559650421, 34.3782730103, 49.0268859863, 46.8234481812, 46.6339302063, 35.460018158, 35.7300415039, 35.2107696533, 27.8008480072, 26.9684906006, 22.4943904877, 17.899810791, 12.6829662323, 8.90608787537, 4.30410957336, 1.82045257092, 0.590146660805, 0.141819581389, 0.0122650992125, 0.000416456721723, 5.61691740586e-05, 6.62956226734e-05],
        "min": [0.00260778400116, 0.0267621781677, 0.0823019742966, 0.0933960303664, 0.0758055970073, 0.151521548629, 0.0847562029958, 0.107506997883, 0.273148715496, 0.244802370667, 0.28362339735, 0.258509367704, 0.581909239292, 0.388696014881, 1.81674671173, 1.62945199013, 0.77841514349, 2.96534466743, 3.36493444443, 3.67998671532, 4.24262809753, 4.36898994446, 5.71791505814, 6.5399107933, 4.09508705139, 7.62350606918, 4.90710783005, 5.91662406921, 4.33337831497, 2.9768371582, 2.62880086899, 2.25996756554, 0.572499096394, 0.24985435605, 0.0610305592418, 0.00865052919835, 0.000311261042953, 3.23469430441e-05, 1.4776331227e-05, 1.0502427358e-05],
        "var": [0.147628709674, 14.9893188477, 75.981842041, 86.390296936, 1053.54858398, 403.641387939, 108.061988831, 31.0754642487, 91.5511932373, 424.289550781, 306.367248535, 403.901580811, 544.972167969, 6136.28027344, 3749.17089844, 1112.11914062, 5092.73046875, 2344.10546875, 982.249206543, 785.070739746, 1332.5135498, 978.802612305, 1151.35803223, 418.320281982, 427.108795166, 319.987335205, 244.845031738, 237.503631592, 214.165740967, 189.871063232, 68.0634078979, 24.9399909973, 9.54973506927, 3.50759983063, 0.665629982948, 0.0991218015552, 0.0045613036491, 4.33562854596e-06, 4.075328075e-09, 5.44210343456e-10]
    },
    "gfcc": {
        "mean": [74.4766235352, 74.3242111206, -129.843521118, 67.8834991455, -59.5764770508, 40.8306617737, -32.7368965149, 17.5009536743, -19.724489212, 2.39724969864, -12.4600782394, -2.75253272057, -9.09314060211],
        "cov": [[258.274261475, -21.7204093933, 61.794178009, -23.6331195831, 10.8330011368, -7.29219102859, -24.3390026093, -8.21535205841, -34.8676986694, 7.33317947388, -40.428527832, 16.9518966675, -6.8020067215], [-21.7204093933, 215.37979126, -14.363243103, -27.157995224, -7.93767786026, -4.61564540863, 43.3501853943, -18.9111824036, 2.10222506523, -39.8781661987, 28.3634052277, -21.2855224609, 38.1768531799], [61.794178009, -14.363243103, 162.436889648, 36.8461532593, 15.4085111618, -36.356464386, -31.5721530914, -11.2141170502, -16.7552757263, 2.54245281219, -40.0938606262, 10.868522644, -19.866350174], [-23.6331195831, -27.157995224, 36.8461532593, 104.79524231, 26.8050861359, -17.87084198, -26.5324745178, -3.74568796158, 30.6901245117, 9.55581951141, 2.18814706802, -7.62672615051, 9.82433605194], [10.8330011368, -7.93767786026, 15.4085111618, 26.8050861359, 64.2772216797, 32.2613334656, 13.8575048447, -0.391944915056, 4.4947385788, 12.9195184708, 8.22405433655, 6.6722741127, 6.98431539536], [-7.29219102859, -4.61564540863, -36.356464386, -17.87084198, 32.2613334656, 81.0351409912, 53.4631919861, 5.40361452103, -4.54548931122, 4.29255151749, 19.8122177124, 1.16951668262, 8.85972690582], [-24.3390026093, 43.3501853943, -31.5721530914, -26.5324745178, 13.8575048447, 53.4631919861, 85.7314834595, 28.6719932556, 5.6910572052, -4.27705717087, 22.5700569153, -0.699051678181, 12.2209978104], [-8.21535205841, -18.9111824036, -11.2141170502, -3.74568796158, -0.391944915056, 5.40361452103, 28.6719932556, 63.0031700134, 36.5850830078, 15.9330816269, 8.40972328186, 2.45798921585, 3.30142188072], [-34.8676986694, 2.10222506523, -16.7552757263, 30.6901245117, 4.4947385788, -4.54548931122, 5.6910572052, 36.5850830078, 74.4244537354, 35.409072876, 19.0571689606, -10.3069601059, 3.5971596241], [7.33317947388, -39.8781661987, 2.54245281219, 9.55581951141, 12.9195184708, 4.29255151749, -4.27705717087, 15.9330816269, 35.409072876, 59.5232925415, 19.7970523834, 4.45734548569, -9.02460575104], [-40.428527832, 28.3634052277, -40.0938606262, 2.18814706802, 8.22405433655, 19.8122177124, 22.5700569153, 8.40972328186, 19.0571689606, 19.7970523834, 55.5694580078, 7.90001869202, 13.7477235794], [16.9518966675, -21.2855224609, 10.868522644, -7.62672615051, 6.6722741127, 1.16951668262, -0.699051678181, 2.45798921585, -10.3069601059, 4.45734548569, 7.90001869202, 40.4425430298, 14.108168602], [-6.8020067215, 38.1768531799, -19.866350174, 9.82433605194, 6.98431539536, 8.85972690582, 12.2209978104, 3.30142188072, 3.5971596241, -9.02460575104, 13.7477235794, 14.108168602, 53.9257164001]],
        "icov": [[0.00593735696748, -0.00355130550452, 0.000270766409812, -0.000941130914725, -0.000106359315396, -0.00319101358764, 0.00393863068894, -0.00432062800974, 0.00567875429988, -0.00661623524502, 0.00724816694856, -0.00379147590138, 0.00110229395796], [-0.00355130550452, 0.0273598339409, -0.0113172773272, 0.0211003404111, -0.0091151278466, 0.0215437132865, -0.019295560196, 0.0244593285024, -0.0231156013906, 0.0261238757521, -0.0275768563151, 0.0259692817926, -0.0211642626673], [0.000270766409812, -0.0113172773272, 0.0164705365896, -0.0140040852129, 0.00073369249003, -0.00274844910018, 0.00377544970252, -0.00936659891158, 0.0131907882169, -0.0142227560282, 0.0187765862793, -0.015752799809, 0.0128139834851], [-0.000941130914725, 0.0211003404111, -0.0140040852129, 0.0359287597239, -0.0163505766541, 0.0183030106127, -0.00793081987649, 0.020890487358, -0.0272737182677, 0.0243736114353, -0.0246256422251, 0.0255200881511, -0.0216328203678], [-0.000106359315396, -0.0091151278466, 0.00073369249003, -0.0163505766541, 0.0320158973336, -0.0214104875922, 0.00558543996885, -0.00686525320634, 0.00851876474917, -0.0129053369164, 0.00929868593812, -0.0126466238871, 0.00642432272434], [-0.00319101358764, 0.0215437132865, -0.00274844910018, 0.0183030106127, -0.0214104875922, 0.0500262863934, -0.0334206447005, 0.0241197831929, -0.0131880743429, 0.0147361308336, -0.0205034986138, 0.0216654613614, -0.0164453424513], [0.00393863068894, -0.019295560196, 0.00377544970252, -0.00793081987649, 0.00558543996885, -0.0334206447005, 0.0460819639266, -0.0312951169908, 0.0156487654895, -0.00930893979967, 0.00975735858083, -0.0124413399026, 0.0113985389471], [-0.00432062800974, 0.0244593285024, -0.00936659891158, 0.020890487358, -0.00686525320634, 0.0241197831929, -0.0312951169908, 0.0539171397686, -0.0386329889297, 0.0225801728666, -0.0189368557185, 0.0151126841083, -0.0171699747443], [0.00567875429988, -0.0231156013906, 0.0131907882169, -0.0272737182677, 0.00851876474917, -0.0131880743429, 0.0156487654895, -0.0386329889297, 0.0595512241125, -0.0418724566698, 0.022270174697, -0.0107114091516, 0.0129364738241], [-0.00661623524502, 0.0261238757521, -0.0142227560282, 0.0243736114353, -0.0129053369164, 0.0147361308336, -0.00930893979967, 0.0225801728666, -0.0418724566698, 0.062073379755, -0.0402010418475, 0.0191531851888, -0.0106123583391], [0.00724816694856, -0.0275768563151, 0.0187765862793, -0.0246256422251, 0.00929868593812, -0.0205034986138, 0.00975735858083, -0.0189368557185, 0.022270174697, -0.0402010418475, 0.0640458539128, -0.0354369096458, 0.0176834762096], [-0.00379147590138, 0.0259692817926, -0.015752799809, 0.0255200881511, -0.0126466238871, 0.0216654613614, -0.0124413399026, 0.0151126841083, -0.0107114091516, 0.0191531851888, -0.0354369096458, 0.0628949329257, -0.0328438542783], [0.00110229395796, -0.0211642626673, 0.0128139834851, -0.0216328203678, 0.00642432272434, -0.0164453424513, 0.0113985389471, -0.0171699747443, 0.0129364738241, -0.0106123583391, 0.0176834762096, -0.0328438542783, 0.0441115275025]]
    },
    "melbands": {
        "dmean": [0.00228080176748, 0.00277016987093, 0.00132943445351, 0.000837273255456, 0.000230286299484, 6.92029425409e-05, 9.67809755821e-05, 0.000136944960104, 6.57579221297e-05, 7.47895392124e-05, 5.60277876502e-05, 0.000122716650367, 9.77636591415e-05, 6.19886850473e-05, 3.82660982723e-05, 0.000112109773909, 4.84402262373e-05, 3.09704701067e-05, 3.36946322932e-05, 3.04716086248e-05, 3.59080950147e-05, 2.80139647657e-05, 2.99878738588e-05, 1.61727693921e-05, 1.57096637849e-05, 1.20619470181e-05, 1.35351147037e-05, 1.04934551928e-05, 8.14367376734e-06, 8.06680873211e-06, 7.49890841689e-06, 6.419748388e-06, 5.50792674403e-06, 4.74665012007e-06, 3.38075028594e-06, 2.81946745417e-06, 2.00142062567e-06, 1.45445517319e-06, 9.48456147398e-07, 7.35662865736e-07],
        "dmean2": [0.00398918893188, 0.00482439668849, 0.00226321863011, 0.00145628617611, 0.000409872183809, 0.000115126553283, 0.000157987553393, 0.000231053869356, 0.000109063999844, 0.00011890551832, 9.11978859222e-05, 0.000197520188522, 0.000160596857313, 0.000100951685454, 6.3758889155e-05, 0.000186674180441, 7.94317020336e-05, 5.16930158483e-05, 5.67941606278e-05, 5.14875573572e-05, 5.98675433139e-05, 4.60012852272e-05, 4.91963910463e-05, 2.72857541859e-05, 2.67882478511e-05, 2.03905383387e-05, 2.2351710868e-05, 1.76094035851e-05, 1.3755643522e-05, 1.33397352329e-05, 1.24028201753e-05, 1.03653419501e-05, 8.73167755344e-06, 7.47389185562e-06, 5.38495351066e-06, 4.50176457889e-06, 3.24630013893e-06, 2.30937212109e-06, 1.43138925068e-06, 1.13194664664e-06],
        "dvar": [8.83849588718e-06, 1.72741238202e-05, 7.6024525697e-06, 4.57137912235e-06, 2.97281644634e-07, 1.00749986132e-08, 1.59249147202e-08, 3.26018643193e-08, 9.44922717849e-09, 9.21356324568e-09, 8.0420186066e-09, 4.25638582158e-08, 2.36901716022e-08, 8.10124411998e-09, 3.98414545799e-09, 2.91981638867e-08, 4.46601555737e-09, 1.71972402985e-09, 2.085490447e-09, 1.05412811813e-09, 1.25724819444e-09, 8.09702749294e-10, 8.97893370766e-10, 2.58723681368e-10, 2.51317522348e-10, 1.60635060809e-10, 1.55686200043e-10, 1.10004255705e-10, 7.12076161924e-11, 5.7185426533e-11, 4.7245471424e-11, 4.3347971046e-11, 3.40540894095e-11, 3.34842258087e-11, 1.24231519169e-11, 7.37594534062e-12, 3.6043672387e-12, 2.28515036754e-12, 1.27555518231e-12, 9.48735122581e-13],
        "dvar2": [2.59448206634e-05, 5.21838883287e-05, 1.99773221539e-05, 1.22869969346e-05, 8.64675484991e-07, 2.82440080213e-08, 4.1867597389e-08, 9.66402922131e-08, 2.47305962375e-08, 2.39699300408e-08, 2.05255883401e-08, 1.05340333789e-07, 6.16710096324e-08, 2.03894003903e-08, 1.14714149291e-08, 8.16353207256e-08, 1.17061507154e-08, 4.41103997773e-09, 5.60720003762e-09, 2.87245116581e-09, 3.27078031326e-09, 2.10464845551e-09, 2.36408870258e-09, 7.02198132974e-10, 6.92042534389e-10, 4.17524154139e-10, 4.18242995792e-10, 3.11942360831e-10, 1.87975149335e-10, 1.50246606823e-10, 1.24740648366e-10, 1.12911721639e-10, 7.91780530029e-11, 7.59482962631e-11, 2.81421986409e-11, 1.81959985274e-11, 8.99489684125e-12, 5.25118273517e-12, 2.62112683988e-12, 1.82598944645e-12],
        "max": [0.0223951525986, 0.033889323473, 0.0227924920619, 0.0157677922398, 0.00537767540663, 0.00127791741397, 0.00140959431883, 0.0023021788802, 0.00110698211938, 0.00127108010929, 0.00149636238348, 0.00246047717519, 0.00219379225746, 0.00122886989266, 0.000878728984389, 0.00146316061728, 0.00119252130389, 0.000875631929375, 0.000575376267079, 0.000298579252558, 0.000451975211035, 0.000378341297619, 0.000323134736391, 0.000160847383086, 0.000142584292917, 0.000147866114276, 0.000122736586491, 0.000108233238279, 0.000117602168757, 7.02436736901e-05, 6.28950510873e-05, 7.01661265339e-05, 6.08763948549e-05, 8.0335594248e-05, 4.03936937801e-05, 2.962133658e-05, 2.72500765277e-05, 2.50937409874e-05, 2.19141766138e-05, 1.3752135601e-05],
        "mean": [0.00491223158315, 0.00625080568716, 0.00161213078536, 0.000873298209626, 0.000295858975733, 0.000117547046102, 0.000181343420991, 0.000242234149482, 0.000107723360998, 0.000138974632137, 9.91938140942e-05, 0.00020784381195, 0.000165084231412, 0.000105578619696, 7.46528385207e-05, 0.000188611782505, 9.44389685174e-05, 5.7911802287e-05, 5.77232385695e-05, 5.87317517784e-05, 6.9875655754e-05, 5.65712616662e-05, 6.01671308686e-05, 3.52422866854e-05, 3.17993180943e-05, 2.73834884865e-05, 3.02401149384e-05, 2.48034211836e-05, 1.98062080017e-05, 1.85752396646e-05, 1.73277130671e-05, 1.49588977365e-05, 1.33146359076e-05, 1.182979031e-05, 8.73145563673e-06, 7.50404615246e-06, 5.55235919819e-06, 3.73127295461e-06, 2.56154339695e-06, 1.749785838e-06],
        "median": [0.00403259927407, 0.00529521983117, 0.000881518877577, 0.000376343174139, 0.000181848488864, 8.66798727657e-05, 0.000119051561342, 0.00016749300994, 6.69207365718e-05, 9.91632550722e-05, 6.8262044806e-05, 9.87297971733e-05, 9.69916727627e-05, 6.20856008027e-05, 4.48863829661e-05, 0.000106988038169, 6.29796923022e-05, 4.09721760661e-05, 4.14212117903e-05, 4.6528504754e-05, 5.8735935454e-05, 4.78817382827e-05, 5.07999284309e-05, 2.97909846267e-05, 2.77207818726e-05, 2.32146721828e-05, 2.63221318164e-05, 2.18080858758e-05, 1.74732413143e-05, 1.59928713401e-05, 1.494688604e-05, 1.26843351609e-05, 1.09879592856e-05, 9.58909095061e-06, 7.24856499801e-06, 6.65390689392e-06, 4.92259005114e-06, 3.22055871038e-06, 2.11521273741e-06, 1.31470164888e-06],
        "min": [3.75044437533e-05, 6.58577118884e-05, 2.0348772523e-05, 9.87317889667e-06, 3.75582749257e-06, 2.09001359508e-06, 3.31359228767e-06, 3.18064621752e-06, 1.9163755951e-06, 1.3549625919e-06, 2.20538345275e-06, 7.79916945248e-07, 4.389607966e-06, 3.68714199794e-06, 1.60536524163e-06, 1.03923548522e-06, 5.4004899539e-06, 2.88288083539e-06, 1.09994391551e-06, 3.52863207809e-06, 3.56867235496e-06, 3.07914547193e-06, 1.79649384791e-06, 3.52700021722e-06, 3.97091343984e-06, 1.92545007849e-06, 2.00637532544e-06, 4.47986622021e-06, 2.02163596441e-06, 2.27750274462e-06, 2.20398305828e-06, 1.76983610345e-06, 1.90861305782e-06, 1.22776714306e-06, 1.23010693187e-06, 1.60038848662e-06, 1.13919520572e-06, 3.72636179691e-07, 2.60236845406e-07, 7.81217011081e-08],
