{
"highlevel": {
    "danceability": {
        "all": {
            "danceable": 0.961898624897,
            "not_danceable": 0.0381013602018
        },
        "probability": 0.961898624897,
        "value": "danceable"
    },
    "gender": {
        "all": {
            "female": 0.0328743681312,
            "male": 0.967125654221
        },
        "probability": 0.967125654221,
        "value": "male"
    },
    "genre_dortmund": {
        "all": {
            "alternative": 0.0355569049716,
            "blues": 0.0967386737466,
            "electronic": 0.0596020258963,
            "folkcountry": 0.118238151073,
            "funksoulrnb": 0.168234184384,
            "jazz": 0.0698442086577,
            "pop": 0.084787145257,
            "raphiphop": 0.254796028137,
            "rock": 0.112202696502
        },
        "probability": 0.254796028137,
        "value": "raphiphop"
    },
    "genre_electronic": {
        "all": {
            "ambient": 0.405239284039,
            "dnb": 0.442113727331,
            "house": 0.106347329915,
            "techno": 0.0136874001473,
            "trance": 0.0326122678816
        },
        "probability": 0.442113727331,
        "value": "dnb"
    },
    "genre_rosamerica": {
        "all": {
            "cla": 0.036441963166,
            "dan": 0.0123286601156,
            "hip": 0.0257392823696,
            "jaz": 0.0213385410607,
            "pop": 0.564042270184,
            "rhy": 0.251963078976,
            "roc": 0.0818595811725,
            "spe": 0.00628666300327
        },
        "probability": 0.564042270184,
        "value": "pop"
    },
    "genre_tzanetakis": {
        "all": {
            "blu": 0.0626613423228,
            "cla": 0.0348169617355,
            "cou": 0.104475811124,
            "dis": 0.0784321576357,
            "hip": 0.15692435205,
            "jaz": 0.313974827528,
            "met": 0.0448166541755,
            "pop": 0.0627359300852,
            "reg": 0.0627360641956,
            "roc": 0.0784258767962
        },
        "probability": 0.313974827528,
        "value": "jaz"
    },
    "ismir04_rhythm": {
        "all": {
            "ChaChaCha": 0.0379205308855,
            "Jive": 0.127014428377,
            "Quickstep": 0.0640260800719,
            "Rumba-American": 0.0129894409329,
            "Rumba-International": 0.272515714169,
            "Rumba-Misc": 0.0271487608552,
            "Samba": 0.149782523513,
            "Tango": 0.016508217901,
            "VienneseWaltz": 0.248530194163,
            "Waltz": 0.0435640923679
        },
        "probability": 0.272515714169,
        "value": "Rumba-International"
    },
    "mood_acoustic": {
        "all": {
            "acoustic": 0.686156690121,
            "not_acoustic": 0.313843280077
        },
        "probability": 0.686156690121,
        "value": "acoustic"
    },
    "mood_aggressive": {
        "all": {
            "aggressive": 0.016750568524,
            "not_aggressive": 0.983249425888
        },
        "probability": 0.983249425888,
        "value": "not_aggressive"
    },
    "mood_electronic": {
        "all": {
            "electronic": 0.223601862788,
            "not_electronic": 0.776398122311
        },
        "probability": 0.776398122311,
        "value": "not_electronic"
    },
    "mood_happy": {
        "all": {
            "happy": 0.987421870232,
            "not_happy": 0.0125781260431
        },
        "probability": 0.987421870232,
        "value": "happy"
    },
    "mood_party": {
        "all": {
            "not_party": 0.775436222553,
            "party": 0.224563792348
        },
        "probability": 0.775436222553,
        "value": "not_party"
    },
    "mood_relaxed": {
        "all": {
            "not_relaxed": 0.937230527401,
            "relaxed": 0.0627694427967
        },
        "probability": 0.937230527401,
        "value": "not_relaxed"
    },
    "mood_sad": {
        "all": {
            "not_sad": 0.635927200317,
            "sad": 0.36407276988
        },
        "probability": 0.635927200317,
        "value": "not_sad"
    },
    "moods_mirex": {
        "all": {
            "Cluster1": 0.0646203532815,
            "Cluster2": 0.495920270681,
            "Cluster3": 0.16791677475,
            "Cluster4": 0.119917958975,
            "Cluster5": 0.151624634862
        },
        "probability": 0.495920270681,
        "value": "Cluster2"
    },
    "timbre": {
        "all": {
            "bright": 0.994358778,
            "dark": 0.0056412415579
        },
        "probability": 0.994358778,
        "value": "bright"
    },
    "tonal_atonal": {
        "all": {
            "atonal": 0.0186671279371,
            "tonal": 0.98133289814
        },
        "probability": 0.98133289814,
        "value": "tonal"
    },
    "voice_instrumental": {
        "all": {
            "instrumental": 0.0197747219354,
            "voice": 0.980225265026
        },
        "probability": 0.980225265026,
        "value": "voice"
    }
},
"lowlevel": {
    "average_loudness": 0.969259500504,
    "barkbands_crest": {
        "dmean": 2.5707988739,
        "dmean2": 3.92773509026,
        "dvar": 5.09528112411,
        "dvar2": 11.3841342926,
        "max": 24.6611061096,
        "mean": 10.5290231705,
        "median": 9.81973171234,
        "min": 3.1428091526,
        "var": 16.341003418
    },
    "barkbands_flatness_db": {
        "dmean": 0.0266476087272,
        "dmean2": 0.039200220257,
        "dvar": 0.000614796590526,
        "dvar2": 0.00126303883735,
        "max": 0.355981081724,
        "mean": 0.172634169459,
        "median": 0.170236185193,
        "min": 0.0706783086061,
        "var": 0.00188399222679
    },
    "barkbands_kurtosis": {
        "dmean": 1.7443010807,
        "dmean2": 2.68647050858,
        "dvar": 7.54440259933,
        "dvar2": 15.5260848999,
        "max": 62.4689331055,
        "mean": 1.94984710217,
        "median": 0.579298973083,
        "min": -1.77076566219,
        "var": 23.7452411652
    },
    "barkbands_skewness": {
        "dmean": 0.499081254005,
        "dmean2": 0.742609143257,
        "dvar": 0.215507596731,
        "dvar2": 0.475378721952,
        "max": 6.24866771698,
        "mean": 0.825104117393,
        "median": 0.705228388309,
        "min": -2.47421121597,
        "var": 0.983641624451
    },
    "barkbands_spread": {
        "dmean": 5.79270601273,
        "dmean2": 9.2790813446,
        "dvar": 53.9218940735,
        "dvar2": 134.753250122,
        "max": 80.7825927734,
        "mean": 19.3171195984,
        "median": 17.9480037689,
        "min": 1.26930165291,
        "var": 101.986099243
    },
    "dissonance": {
        "dmean": 0.027637436986,
        "dmean2": 0.0473211444914,
        "dvar": 0.000604945234954,
        "dvar2": 0.00161394069437,
        "max": 0.499298900366,
        "mean": 0.449627965689,
        "median": 0.456796020269,
        "min": 0.294423431158,
        "var": 0.00110706512351
    },
    "dynamic_complexity": 2.25332713127,
    "erbbands_crest": {
        "dmean": 3.40541934967,
        "dmean2": 5.26042318344,
        "dvar": 8.51007080078,
        "dvar2": 19.3756599426,
        "max": 27.8138885498,
        "mean": 11.8733291626,
        "median": 10.8409099579,
        "min": 3.26866817474,
        "var": 25.5363712311
    },
    "erbbands_flatness_db": {
        "dmean": 0.0283692386001,
        "dmean2": 0.0401245206594,
        "dvar": 0.000676703639328,
        "dvar2": 0.00137222418562,
        "max": 0.327453047037,
        "mean": 0.209580779076,
        "median": 0.214426338673,
        "min": 0.071521051228,
        "var": 0.00211509596556
    },
    "erbbands_kurtosis": {
        "dmean": 1.43908321857,
        "dmean2": 2.20750761032,
        "dvar": 3.34045529366,
        "dvar2": 7.42846727371,
        "max": 23.4787273407,
        "mean": 1.30895769596,
        "median": 0.397350072861,
        "min": -1.71666395664,
        "var": 8.2693271637
    },
    "erbbands_skewness": {
        "dmean": 0.437265396118,
        "dmean2": 0.637641608715,
        "dvar": 0.158791571856,
        "dvar2": 0.328852534294,
        "max": 4.47378635406,
        "mean": 0.385278940201,
        "median": 0.335414081812,
        "min": -3.04539442062,
        "var": 0.819631516933
    },
    "erbbands_spread": {
        "dmean": 9.21859455109,
        "dmean2": 14.3426361084,
        "dvar": 144.688827515,
        "dvar2": 328.414093018,
        "max": 125.111854553,
        "mean": 26.737985611,
        "median": 22.681634903,
        "min": 4.46721792221,
        "var": 277.128448486
    },
    "hfc": {
        "dmean": 8.41065502167,
        "dmean2": 12.0403957367,
        "dvar": 82.8879852295,
        "dvar2": 167.300720215,
        "max": 95.9689178467,
        "mean": 25.8915081024,
        "median": 22.1458816528,
        "min": 0.453865021467,
        "var": 339.242736816
    },
    "melbands_crest": {
        "dmean": 2.89739227295,
        "dmean2": 4.51352119446,
        "dvar": 8.1767911911,
        "dvar2": 18.0155296326,
        "max": 31.5399875641,
        "mean": 13.4307088852,
        "median": 12.3863735199,
        "min": 4.58254861832,
        "var": 28.7997627258
    },
    "melbands_flatness_db": {
        "dmean": 0.029642296955,
        "dmean2": 0.0427408479154,
        "dvar": 0.000954407732934,
        "dvar2": 0.00186862307601,
        "max": 0.448067992926,
        "mean": 0.192278906703,
        "median": 0.186197727919,
        "min": 0.0438206121325,
        "var": 0.00343667599373
    },
    "melbands_kurtosis": {
        "dmean": 3.62350416183,
        "dmean2": 5.52290773392,
        "dvar": 31.9070911407,
        "dvar2": 67.4898300171,
        "max": 105.308822632,
        "mean": 5.70936632156,
        "median": 2.39757871628,
        "min": -1.73087739944,
        "var": 96.7071914673
    },
    "melbands_skewness": {
        "dmean": 0.630842924118,
        "dmean2": 0.934890389442,
        "dvar": 0.406061261892,
        "dvar2": 0.863861560822,
        "max": 7.71982049942,
        "mean": 1.4828851223,
        "median": 1.18737506866,
        "min": -1.3976764679,
        "var": 1.76084172726
    },
    "melbands_spread": {
        "dmean": 7.3824300766,
        "dmean2": 11.4405899048,
        "dvar": 84.0169219971,
        "dvar2": 211.052230835,
        "max": 140.925872803,
        "mean": 26.402425766,
        "median": 24.8584308624,
        "min": 1.0605982542,
        "var": 192.851013184
    },
    "pitch_salience": {
        "dmean": 0.0693668946624,
        "dmean2": 0.108016222715,
        "dvar": 0.00432981038466,
        "dvar2": 0.00949346181005,
        "max": 0.781717419624,
        "mean": 0.499896615744,
        "median": 0.49889087677,
        "min": 0.132910758257,
        "var": 0.0123251713812
    },
    "silence_rate_20dB": {
        "dmean": 0,
        "dmean2": 0,
        "dvar": 0,
        "dvar2": 0,
        "max": 1,
        "mean": 1,
        "median": 1,
        "min": 1,
        "var": 0
    },
    "silence_rate_30dB": {
        "dmean": 0.00154798757285,
        "dmean2": 0.00309837330133,
        "dvar": 0.00154558254872,
        "dvar2": 0.00463791424409,
        "max": 1,
        "mean": 0.999226629734,
        "median": 1,
        "min": 0,
        "var": 0.000772795581724
    },
    "silence_rate_60dB": {
        "dmean": 0.0263157896698,
        "dmean2": 0.0526723451912,
        "dvar": 0.0256231743842,
        "dvar2": 0.057644225657,
        "max": 1,
        "mean": 0.0301624126732,
        "median": 0,
        "min": 0,
        "var": 0.0292524825782
    },
    "spectral_centroid": {
        "dmean": 247.699813843,
        "dmean2": 375.769714355,
        "dvar": 63043.0898438,
        "dvar2": 149264.15625,
        "max": 3428.03198242,
        "mean": 1443.79785156,
        "median": 1429.1661377,
        "min": 200.361282349,
        "var": 236245.359375
    },
    "spectral_complexity": {
        "dmean": 3.2074303627,
        "dmean2": 4.68241691589,
        "dvar": 9.14894580841,
        "dvar2": 17.1260948181,
        "max": 43,
        "mean": 16.5475635529,
        "median": 17,
        "min": 1,
        "var": 43.4063148499
    },
    "spectral_decrease": {
        "dmean": 2.19692131154e-09,
        "dmean2": 2.81936518576e-09,
        "dvar": 6.44765656712e-18,
        "dvar2": 1.08705578016e-17,
        "max": -1.0052341598e-10,
        "mean": -6.4875882444e-09,
        "median": -5.46061817985e-09,
        "min": -2.92616313402e-08,
        "var": 2.33517702592e-17
    },
    "spectral_energy": {
        "dmean": 0.00886902213097,
        "dmean2": 0.011371483095,
        "dvar": 9.90659755189e-05,
        "dvar2": 0.000165105040651,
        "max": 0.114605687559,
        "mean": 0.0268340874463,
        "median": 0.0231977850199,
        "min": 0.000440759496996,
        "var": 0.000377199146897
    },
    "spectral_energyband_high": {
        "dmean": 0.000482528150314,
        "dmean2": 0.000827813870274,
        "dvar": 7.79291269737e-07,
        "dvar2": 2.08669030144e-06,
        "max": 0.00779772596434,
        "mean": 0.00056784087792,
        "median": 0.000255754683167,
        "min": 1.30243620333e-06,
        "var": 6.79924710312e-07
    },
    "spectral_energyband_low": {
        "dmean": 0.0033022663556,
        "dmean2": 0.00426004081964,
        "dvar": 5.96272911935e-05,
        "dvar2": 0.000119253854791,
        "max": 0.0794876590371,
        "mean": 0.00652627600357,
        "median": 0.00147919822484,
        "min": 2.31796002481e-06,
        "var": 0.000136017042678
    },
    "spectral_energyband_middle_high": {
        "dmean": 0.00366783025675,
        "dmean2": 0.00478128204122,
        "dvar": 1.84656801139e-05,
        "dvar2": 2.96704020002e-05,
        "max": 0.052795227617,
        "mean": 0.0110598290339,
        "median": 0.00831914506853,
        "min": 3.01769014186e-05,
        "var": 0.00010456104792
    },
    "spectral_energyband_middle_low": {
        "dmean": 0.00492884404957,
        "dmean2": 0.00729566905648,
        "dvar": 3.76274656446e-05,
        "dvar2": 8.24327507871e-05,
        "max": 0.0613496825099,
        "mean": 0.00932717788965,
        "median": 0.00684162927791,
        "min": 0.000211661477806,
        "var": 6.56853881082e-05
    },
    "spectral_entropy": {
        "dmean": 0.261447280645,
        "dmean2": 0.375892549753,
        "dvar": 0.0665715560317,
        "dvar2": 0.146482363343,
        "max": 8.52580547333,
        "mean": 7.26137208939,
        "median": 7.23778676987,
        "min": 6.09715366364,
        "var": 0.159040480852
    },
    "spectral_flux": {
        "dmean": 0.0320531204343,
        "dmean2": 0.0482695773244,
        "dvar": 0.000923580140807,
        "dvar2": 0.00216783233918,
        "max": 0.260735303164,
        "mean": 0.0875744223595,
        "median": 0.0794869214296,
        "min": 0.0114776529372,
        "var": 0.00208830786869
    },
    "spectral_kurtosis": {
        "dmean": 2.51570391655,
        "dmean2": 4.05167388916,
        "dvar": 4.98951053619,
        "dvar2": 13.0643596649,
        "max": 21.5657253265,
        "mean": 5.28295564651,
        "median": 4.78531455994,
        "min": -0.572914600372,
        "var": 9.98064422607
    },
    "spectral_rms": {
        "dmean": 0.00085540721193,
        "dmean2": 0.00106837972999,
        "dvar": 7.05503225618e-07,
        "dvar2": 1.12250586426e-06,
        "max": 0.0105740446597,
        "mean": 0.00477520050481,
        "median": 0.00475730886683,
        "min": 0.000655750918668,
        "var": 3.37701021635e-06
    },
    "spectral_rolloff": {
        "dmean": 542.997314453,
        "dmean2": 961.305786133,
        "dvar": 1236432,
        "dvar2": 3135590,
        "max": 11068.0664062,
        "mean": 1658.39099121,
        "median": 1442.72460938,
        "min": 107.666015625,
        "var": 1343987
    },
    "spectral_skewness": {
        "dmean": 0.308384627104,
        "dmean2": 0.49883055687,
        "dvar": 0.0740673989058,
        "dvar2": 0.191389232874,
        "max": 3.31648612022,
        "mean": 1.62250709534,
        "median": 1.57855761051,
        "min": 0.505778074265,
        "var": 0.18256047368
    },
    "spectral_spread": {
        "dmean": 891843.1875,
        "dmean2": 1345267.125,
        "dvar": 1.15911308083e+12,
        "dvar2": 2.37417948774e+12,
        "max": 13394375,
        "mean": 3873843,
        "median": 3424587.5,
        "min": 1981871,
        "var": 2.3610219561e+12
    },
    "spectral_strongpeak": {
        "dmean": 1.05217123032,
        "dmean2": 1.69044494629,
        "dvar": 2.13387537003,
        "dvar2": 4.95934438705,
        "max": 12.650062561,
        "mean": 2.05159211159,
        "median": 1.17439520359,
        "min": 0.0508977249265,
        "var": 4.68623638153
    },
    "zerocrossingrate": {
        "dmean": 0.0107882944867,
        "dmean2": 0.0138798952103,
        "dvar": 0.000161715055583,
        "dvar2": 0.000238269916736,
        "max": 0.23779296875,
        "mean": 0.0616703368723,
        "median": 0.06005859375,
        "min": 0.0048828125,
        "var": 0.000646906206384
    },
    "barkbands": {
        "dmean": [6.85486702423e-06, 0.00149039982352, 0.00163893890567, 0.000438496703282, 0.00138916575816, 0.000562896835618, 0.000662057485897, 0.00192574213725, 0.00116989284288, 0.00103783467785, 0.000957989541348, 0.000660419813357, 0.00132699171081, 0.000732235377654, 0.00072836689651, 0.000345777138136, 0.000278723280644, 0.000295657315291, 0.000272157019936, 7.48452948756e-05, 0.000108596512291, 0.000110306595161, 0.000104860868305, 0.000119200063637, 4.75130364066e-05, 1.38126270031e-05, 2.61495380904e-09],
        "dmean2": [1.17169165605e-05, 0.00198718626052, 0.00220306869596, 0.000661499856506, 0.00202730437741, 0.000901874154806, 0.00109786097892, 0.00298253027722, 0.00185261003207, 0.00148659746628, 0.00136216217652, 0.00100319215562, 0.00201881374232, 0.00106455222704, 0.00108088366687, 0.00049061345635, 0.000411434099078, 0.00048848381266, 0.000419442192651, 0.000119628908578, 0.000177145120688, 0.000190334394574, 0.00018636501045, 0.000211630424019, 8.33649901324e-05, 2.40629433392e-05, 4.79077133519e-09],
        "dvar": [5.99321703376e-10, 1.62527521752e-05, 2.0657249479e-05, 1.7176446363e-06, 9.14968495636e-06, 1.11824192572e-06, 1.78279105967e-06, 1.23619147416e-05, 5.13228496857e-06, 7.96093172539e-06, 3.83127417081e-06, 2.24992118092e-06, 6.73407339491e-06, 2.23728807214e-06, 3.36186826644e-06, 1.37143615575e-06, 3.74816323756e-07, 2.55113434378e-07, 2.39289477122e-07, 1.85893007654e-08, 3.47433193326e-08, 4.03751911904e-08, 4.94646741345e-08, 7.75803385977e-08, 1.07552091677e-08, 1.70148750644e-09, 1.13464340801e-15],
        "dvar2": [1.07294284568e-09, 3.33843418048e-05, 4.04964011977e-05, 3.32087688548e-06, 1.98853722395e-05, 2.52927588917e-06, 4.59118791696e-06, 2.86331778625e-05, 1.26188397189e-05, 1.44940559039e-05, 5.87163413002e-06, 4.78866013509e-06, 1.46016245708e-05, 4.15599879489e-06, 7.0617820711e-06, 2.09564814213e-06, 8.33782394238e-07, 6.79459105868e-07, 4.88290822886e-07, 4.32325073518e-08, 9.01962167177e-08, 1.08364474727e-07, 1.30414605337e-07, 2.12397821997e-07, 2.8048942724e-08, 4.24657775611e-09, 3.21085583997e-15],
        "max": [0.000601236708462, 0.0405710861087, 0.0582938380539, 0.0202140640467, 0.0293757040054, 0.0147089427337, 0.0249519869685, 0.0493276305497, 0.0294068735093, 0.0386093221605, 0.0461995787919, 0.0220279432833, 0.0338412895799, 0.0185921546072, 0.02965461649, 0.0307239312679, 0.0109412642196, 0.00563689367846, 0.00852982886136, 0.00230082450435, 0.00220210407861, 0.00213274615817, 0.00189506984316, 0.0027263360098, 0.00118890125304, 0.000785829790402, 9.15078828712e-07],
        "mean": [5.77995069762e-06, 0.00293526006863, 0.00315775326453, 0.000615682569332, 0.00191558583174, 0.000741892145015, 0.000802486669272, 0.00327008427121, 0.00160001672339, 0.00171982462052, 0.00161012052558, 0.00116029963829, 0.00214475300163, 0.00115105847362, 0.00120992562734, 0.000663876009639, 0.000465463264845, 0.000500377325807, 0.000522686517797, 0.000124696540297, 0.000142202814459, 0.000128014857182, 8.85253029992e-05, 0.000103387392301, 4.31576772826e-05, 1.11948420454e-05, 1.76879677571e-09],
        "median": [1.53167411554e-06, 0.000384506449336, 0.000430016370956, 4.48837126896e-05, 0.000474188680528, 0.000338428595569, 0.000331570685375, 0.00146313197911, 0.000695591676049, 0.00028231064789, 0.000364098144928, 0.000342957762768, 0.00041599929682, 0.000223431561608, 0.000217555018025, 0.000120874421555, 0.000176697896677, 0.000181406867341, 0.000262231536908, 6.25502943876e-05, 5.3594027122e-05, 5.72047574678e-05, 1.56675014296e-05, 2.6052006433e-05, 1.17553736345e-05, 1.44620628362e-06, 3.52027212935e-10],
        "min": [1.43538816388e-08, 6.10765937381e-07, 3.92424112761e-07, 3.08101675728e-07, 5.22668960912e-06, 2.08981418837e-06, 1.32203012981e-06, 4.76080367662e-06, 1.65175697475e-06, 1.71748638422e-06, 1.00691602256e-06, 1.85971714473e-06, 3.47998593497e-07, 1.90176149317e-06, 2.77260005532e-06, 8.43795817218e-07, 8.0846172068e-07, 5.22527557223e-07, 3.23349894416e-07, 1.97108150246e-07, 4.19434144305e-07, 2.08000727753e-07, 1.58432371222e-07, 3.17202797362e-08, 9.80279399321e-11, 7.24540826641e-12, 9.76396134084e-12],
        "var": [5.18306619846e-10, 3.33895186486e-05, 5.25500690856e-05, 3.5601685795e-06, 1.36779344757e-05, 1.40376960189e-06, 2.04469233722e-06, 2.0222769308e-05, 6.29143187325e-06, 2.12200739043e-05, 1.17516483442e-05, 6.38965866528e-06, 1.69817158167e-05, 5.97704547545e-06, 7.89662317402e-06, 4.87857823828e-06, 7.0744522418e-07, 4.74513171866e-07, 6.43322664473e-07, 4.42191598893e-08, 4.54181972032e-08, 3.58898191166e-08, 3.64982923884e-08, 5.40443956254e-08, 9.8759622702e-09, 1.57274016033e-09, 6.65174497023e-16]
    },
    "erbbands": {
        "dmean": [0.0158577263355, 0.436333298683, 1.86605942249, 1.68240821362, 2.14743494987, 4.69150543213, 7.12255573273, 4.69825935364, 7.58630275726, 21.2473735809, 36.2709999084, 27.2623329163, 30.6606273651, 33.1714439392, 36.8890953064, 19.1725025177, 55.0960426331, 40.4561920166, 41.5606117249, 21.8034534454, 19.2338619232, 16.346698761, 19.0858516693, 12.2962865829, 10.3697242737, 3.05856704712, 3.13630819321, 5.09664011002, 4.38269805908, 2.69568824768, 3.37321734428, 2.46316599846, 1.99291479588, 0.783564627171, 0.282491773367, 0.0962579771876, 0.0175448432565, 0.00110074190889, 2.84759225906e-05, 1.17307981782e-05],
        "dmean2": [0.0227064602077, 0.575666368008, 2.42744112015, 2.38095760345, 3.233907938, 7.04692411423, 10.2484140396, 7.5515832901, 12.0174407959, 33.8487548828, 56.0205345154, 43.1802215576, 47.1777992249, 45.0188789368, 52.0295181274, 27.0401268005, 83.6533126831, 61.4384727478, 58.6906242371, 32.2614822388, 26.2545928955, 24.2720870972, 31.4359664917, 19.9232997894, 15.1187849045, 4.67403030396, 5.20850086212, 8.11620140076, 7.47134685516, 4.72592067719, 6.06126928329, 4.37411928177, 3.56321001053, 1.3749961853, 0.50084066391, 0.169932037592, 0.0298802815378, 0.00188648304902, 4.74335720355e-05, 1.55971520144e-05],
        "dvar": [0.00202378886752, 1.35232555866, 26.5613517761, 24.9181251526, 61.222782135, 111.294662476, 226.140792847, 75.7734222412, 286.179504395, 1757.00158691, 3708.73535156, 2881.66552734, 6225.28320312, 8079.25097656, 4187.42871094, 1868.59863281, 11528.9306641, 5495.12011719, 11224.4238281, 3422.09643555, 2741.33056641, 1164.60839844, 1054.58984375, 446.465087891, 346.495391846, 25.6592102051, 24.4777622223, 89.7054138184, 62.7576065063, 39.8935279846, 53.6592750549, 25.279504776, 30.6040477753, 2.98133540154, 0.414446473122, 0.0617070794106, 0.00544225051999, 2.1717414711e-05, 8.09296807347e-09, 1.5821813304e-10],
        "dvar2": [0.00435258215293, 2.75648593903, 50.5209732056, 51.7494354248, 127.15486145, 265.07019043, 473.487884521, 173.247619629, 740.619384766, 4443.06640625, 8355.66894531, 6887.49414062, 13033.984375, 11269.3486328, 8061.59960938, 3212.36254883, 25251.796875, 10927.5800781, 21068.5957031, 6467.34521484, 4540.13427734, 2504.63623047, 2836.57714844, 1093.0189209, 621.543029785, 55.725933075, 62.068271637, 234.190048218, 169.444274902, 108.714553833, 140.316268921, 68.5547943115, 84.2679138184, 7.94350910187, 1.06514918804, 0.15748462081, 0.013612001203, 5.38660642633e-05, 2.00952587903e-08, 3.03464087192e-10],
        "max": [0.616192698479, 11.8741617203, 67.4771881104, 62.8001289368, 119.96257019, 103.003486633, 150.577789307, 132.214172363, 453.722045898, 476.10635376, 735.369934082, 690.995666504, 1249.85046387, 1445.38366699, 870.327514648, 930.236938477, 1263.31237793, 1014.09490967, 1855.25720215, 959.24786377, 1600.90625, 572.905578613, 331.1043396, 389.452819824, 243.238433838, 80.3827133179, 53.0488166809, 123.647659302, 81.3270492554, 85.2246246338, 64.1938476562, 62.0159835815, 65.6625137329, 18.3501567841, 8.64789009094, 3.6052043438, 1.61109507084, 0.103771835566, 0.00195404933766, 0.000132632354507],
        "mean": [0.0290982928127, 0.869778156281, 3.72175717354, 2.78259110451, 3.24901175499, 5.79352617264, 9.10888671875, 6.54235553741, 11.1047487259, 31.7808761597, 63.5614624023, 37.8539657593, 47.6658477783, 59.2041893005, 69.1188659668, 39.0223426819, 90.0959396362, 71.9287719727, 72.3342514038, 39.6364936829, 39.3386154175, 30.9330043793, 32.3544540405, 23.5737075806, 20.6311359406, 5.76274633408, 4.24290895462, 6.70701026917, 5.24781751633, 2.58928823471, 2.74445509911, 2.22891974449, 1.6190084219, 0.680941045284, 0.254199057817, 0.0786820724607, 0.0144372908399, 0.000933914794587, 3.83796468668e-05, 3.47384557244e-05],
        "median": [0.00368194468319, 0.124282173812, 0.597020566463, 0.340491682291, 0.51542365551, 1.37658631802, 2.86209368706, 2.99718403816, 5.57958507538, 16.4643802643, 32.3488616943, 18.2214050293, 14.5754241943, 14.6815986633, 22.0335273743, 14.5720052719, 22.2738723755, 29.0441589355, 16.475358963, 7.55398416519, 8.78294658661, 13.2042560577, 14.2989225388, 14.3076543808, 9.87385463715, 3.02994251251, 1.83569121361, 2.27068305016, 2.35587692261, 0.752553343773, 0.48767131567, 0.593344151974, 0.330528616905, 0.172725707293, 0.055360969156, 0.0111232781783, 0.00184705248103, 0.00012943596812, 2.28955086641e-05, 3.05973007926e-05],
        "min": [2.28851167776e-05, 0.000133025474497, 0.000465962482849, 0.00281867547892, 0.00814220588654, 0.0172887574881, 0.0200940705836, 0.0234816130251, 0.0558089241385, 0.0955331549048, 0.255930274725, 0.2103369385, 0.0652652978897, 0.0759645998478, 0.0682450160384, 0.0618885792792, 0.0357345603406, 0.124868765473, 0.113574959338, 0.122526414692, 0.119213148952, 0.051892247051, 0.0290970206261, 0.0240350272506, 0.0241175536066, 0.013910010457, 0.0216800794005, 0.0105646392331, 0.00804739631712, 0.00512376055121, 0.0044401907362, 0.0013064139057, 0.000465535209514, 0.000149135390529, 1.12909101517e-05, 1.52874406467e-06, 3.73263247866e-07, 8.35569551327e-08, 3.90449599763e-07, 7.79016829711e-07],
        "var": [0.00393839087337, 2.84395623207, 70.7227783203, 47.9726486206, 115.477485657, 135.382400513, 324.281585693, 105.906761169, 422.264221191, 2080.78515625, 6480.49609375, 3487.37084961, 11941.1855469, 24403.2929688, 12937.5761719, 5684.203125, 27719.6328125, 13748.2519531, 28925.7226562, 7899.77490234, 12779.3583984, 2687.75732422, 1859.37280273, 989.311767578, 1054.62548828, 72.0234222412, 37.8719825745, 113.501075745, 58.6254348755, 28.268743515, 39.3816452026, 18.7779579163, 20.1118583679, 2.36894774437, 0.4361577034, 0.0572623535991, 0.00465589016676, 1.95089178305e-05, 7.56937446056e-09, 5.60305135622e-10]
    },
    "gfcc": {
        "mean": [-13.521024704, 99.4504241943, -154.379547119, 24.0247497559, -67.5619506836, 17.1759872437, -35.1736106873, 12.5094518661, -14.9791822433, -1.63524007797, -6.96333312988, -9.63670635223, -12.1945152283],
        "cov": [[3527.84936523, -1074.50390625, 8.69348335266, 68.7254257202, -64.3494491577, 344.760559082, -168.374908447, 121.837905884, -387.087860107, 132.622467041, -211.8800354, 202.437240601, -57.6190605164], [-1074.50390625, 1371.13964844, -92.4026641846, 229.153396606, 328.876373291, -131.341705322, 363.716430664, -188.164413452, 217.066101074, -275.497833252, 261.270568848, -169.530639648, 68.0371170044], [8.69348335266, -92.4026641846, 898.285583496, 209.610275269, -24.3077831268, 90.1151809692, -146.852584839, 32.5382728577, -65.1675643921, 72.8234329224, -154.939971924, 73.7521057129, -31.3288440704], [68.7254257202, 229.153396606, 209.610275269, 406.140380859, 145.745864868, 31.3208560944, 30.6915969849, -60.7016487122, 74.6120300293, -67.5820465088, 32.6828117371, -30.4566802979, 53.012966156], [-64.3494491577, 328.876373291, -24.3077831268, 145.745864868, 364.988372803, 66.5551528931, 111.689323425, 21.6302776337, 92.9917831421, -21.0987319946, 39.4499778748, -44.178527832, 40.5000419617], [344.760559082, -131.341705322, 90.1151809692, 31.3208560944, 66.5551528931, 223.096557617, 81.2476272583, 52.3863067627, -68.5367431641, 25.7085876465, 0.167173549533, 16.3080253601, -8.81273174286], [-168.374908447, 363.716430664, -146.852584839, 30.6915969849, 111.689323425, 81.2476272583, 409.9737854, -6.9922375679, -5.86177206039, -82.2671661377, 140.570236206, -31.0490818024, -46.0570602417], [121.837905884, -188.164413452, 32.5382728577, -60.7016487122, 21.6302776337, 52.3863067627, -6.9922375679, 200.176559448, 43.8119812012, 94.7799224854, -13.9993982315, 20.4267902374, -9.24718475342], [-387.087860107, 217.066101074, -65.1675643921, 74.6120300293, 92.9917831421, -68.5367431641, -5.86177206039, 43.8119812012, 310.113037109, 52.7885360718, 33.2498512268, -54.4411697388, 71.6890182495], [132.622467041, -275.497833252, 72.8234329224, -67.5820465088, -21.0987319946, 25.7085876465, -82.2671661377, 94.7799224854, 52.7885360718, 195.724319458, -55.8488960266, 54.6234169006, 9.66616249084], [-211.8800354, 261.270568848, -154.939971924, 32.6828117371, 39.4499778748, 0.167173549533, 140.570236206, -13.9993982315, 33.2498512268, -55.8488960266, 225.452011108, 10.8396644592, 6.67978191376], [202.437240601, -169.530639648, 73.7521057129, -30.4566802979, -44.178527832, 16.3080253601, -31.0490818024, 20.4267902374, -54.4411697388, 54.6234169006, 10.8396644592, 168.394378662, 20.7789382935], [-57.6190605164, 68.0371170044, -31.3288440704, 53.012966156, 40.5000419617, -8.81273174286, -46.0570602417, -9.24718475342, 71.6890182495, 9.66616249084, 6.67978191376, 20.7789382935, 169.573455811]],
        "icov": [[0.000562219705898, -4.58169815829e-05, 0.000580022518989, -0.00076616241131, 0.000177211681148, -0.000824099290185, 0.000356645672582, -0.000381907710107, 0.000644140643999, -0.000277134531643, 0.00067271431908, -0.000663994869683, 0.00034533222788], [-4.58169815829e-05, 0.00513119576499, -0.00260701682419, 0.00214954512194, -0.00365361012518, 0.00385722192004, -0.00331070832908, 0.00318018556572, -0.00253490777686, 0.00402931403369, -0.00389216933399, 0.0028225146234, -0.00223126285709], [0.000580022518989, -0.00260701682419, 0.00382273830473, -0.00335704139434, 0.0023491922766, -0.00328296539374, 0.00239192671143, -0.00230412464589, 0.00210851966403, -0.00263042189181, 0.00374851399101, -0.00293396832421, 0.00226156273857], [-0.00076616241131, 0.00214954512194, -0.00335704139434, 0.00657779118046, -0.00304385111667, 0.00199878262356, -0.00166977825575, 0.00320061994717, -0.0031811541412, 0.00356166274287, -0.00339625868946, 0.00237084086984, -0.00226240279153], [0.000177211681148, -0.00365361012518, 0.0023491922766, -0.00304385111667, 0.00670933257788, -0.00403771456331, 0.00163902668282, -0.0029310924001, 0.00107184634544, -0.00273402710445, 0.00329702557065, -0.00178573431913, 0.00117645738646], [-0.000824099290185, 0.00385722192004, -0.00328296539374, 0.00199878262356, -0.00403771456331, 0.0111516518518, -0.00461523700505, 0.00109253241681, 6.09077978879e-05, 0.00153159082402, -0.00386201962829, 0.00370753533207, -0.00312431273051], [0.000356645672582, -0.00331070832908, 0.00239192671143, -0.00166977825575, 0.00163902668282, -0.00461523700505, 0.00649497937411, -0.0021842001006, 0.00164606317412, -0.00149716739543, 0.000990689615719, -0.00219378131442, 0.00304634566419], [-0.000381907710107, 0.00318018556572, -0.00230412464589, 0.00320061994717, -0.0029310924001, 0.00109253241681, -0.0021842001006, 0.00975148752332, -0.00340341287665, 0.000110702145321, -0.00315278116614, 0.001956255408, -0.000819668231998], [0.000644140643999, -0.00253490777686, 0.00210851966403, -0.0031811541412, 0.00107184634544, 6.09077978879e-05, 0.00164606317412, -0.00340341287665, 0.00821707304567, -0.00535226566717, 0.00148371804971, 0.000545749266166, -0.00066542706918], [-0.000277134531643, 0.00402931403369, -0.00263042189181, 0.00356166274287, -0.00273402710445, 0.00153159082402, -0.00149716739543, 0.000110702145321, -0.00535226566717, 0.0132223665714, -0.00169812049717, -0.00071708165342, -0.00131451501511], [0.00067271431908, -0.00389216933399, 0.00374851399101, -0.00339625868946, 0.00329702557065, -0.00386201962829, 0.000990689615719, -0.00315278116614, 0.00148371804971, -0.00169812049717, 0.0107975108549, -0.00513064814731, 0.00232640909962], [-0.000663994869683, 0.0028225146234, -0.00293396832421, 0.00237084086984, -0.00178573431913, 0.00370753533207, -0.00219378131442, 0.001956255408, 0.000545749266166, -0.00071708165342, -0.00513064814731, 0.0110372519121, -0.00385151477531], [0.00034533222788, -0.00223126285709, 0.00226156273857, -0.00226240279153, 0.00117645738646, -0.00312431273051, 0.00304634566419, -0.000819668231998, -0.00066542706918, -0.00131451501511, 0.00232640909962, -0.00385151477531, 0.00911075156182]]
    },
    "melbands": {
        "dmean": [0.000276811624644, 0.000865007634275, 0.000292930868454, 0.00022370730585, 0.00027268496342, 0.00010298613779, 0.00012181904458, 0.00030842673732, 0.000272100704024, 0.00017433121684, 0.000158570095664, 0.000142152333865, 0.000116837101814, 8.07837423054e-05, 5.86457572354e-05, 0.000157784292242, 7.09853338776e-05, 7.32415064704e-05, 4.85681994178e-05, 2.49306049227e-05, 2.29224970099e-05, 1.94339409063e-05, 1.84477648872e-05, 1.23366962725e-05, 1.10995915747e-05, 1.20292615975e-05, 4.36323034592e-06, 1.85608337233e-06, 1.88709725535e-06, 2.65055382442e-06, 3.12583620143e-06, 2.60349816017e-06, 1.95935103875e-06, 1.41019324928e-06, 1.94437825485e-06, 1.77333606644e-06, 1.46066133766e-06, 1.25213944102e-06, 1.29977433971e-06, 5.30121269549e-07],
        "dmean2": [0.00037777540274, 0.00111258693505, 0.000408593157772, 0.000344114436302, 0.000388818414649, 0.000164622309967, 0.000195494576474, 0.000483027601149, 0.000421347504016, 0.000277750456007, 0.000242705500568, 0.000194781125174, 0.000161521646078, 0.000114070062409, 8.9106571977e-05, 0.00024263857631, 0.00010630783072, 0.000102194964711, 7.19950039638e-05, 3.55930060323e-05, 3.14585049637e-05, 2.88289338641e-05, 2.99923613056e-05, 2.02336013899e-05, 1.81205414265e-05, 1.82229614438e-05, 6.5982999331e-06, 2.9732711937e-06, 3.17605235978e-06, 4.36221262134e-06, 4.95423091706e-06, 4.43223552793e-06, 3.39321059073e-06, 2.47385673902e-06, 3.51665607923e-06, 3.12278780257e-06, 2.60923070527e-06, 2.24234827328e-06, 2.33144146478e-06, 9.35959064918e-07],
        "dvar": [5.62393211112e-07, 4.96991788168e-06, 7.06861328581e-07, 3.24466299162e-07, 3.47424105485e-07, 3.66107038019e-08, 6.10539103718e-08, 3.56347584329e-07, 1.97593763573e-07, 1.31178538254e-07, 1.69876344103e-07, 1.46739978391e-07, 4.25323314346e-08, 2.98169311463e-08, 1.5529110442e-08, 1.0840235376e-07, 2.09572839083e-08, 3.40713057767e-08, 1.38456659471e-08, 1.1232409669e-08, 4.98526198101e-09, 2.09420192299e-09, 1.02786101852e-09, 4.29063201635e-10, 4.19345613789e-10, 5.65340108061e-10, 8.75111580423e-11, 1.06176716724e-11, 9.99460063322e-12, 2.26551902238e-11, 3.30947630411e-11, 1.93943559129e-11, 1.89006726936e-11, 1.30199106704e-11, 1.90436486025e-11, 1.2145440903e-11, 9.74412044108e-12, 1.12194272969e-11, 1.3891738454e-11, 1.61788844041e-12],
        "dvar2": [1.16161720598e-06, 9.70167275227e-06, 1.38615700962e-06, 7.54717120799e-07, 7.26067867163e-07, 8.15844813928e-08, 1.5652045704e-07, 8.68396057285e-07, 4.49862170626e-07, 3.19640349744e-07, 3.52308603624e-07, 2.08685989378e-07, 7.14993220186e-08, 5.65226478955e-08, 2.87624128958e-08, 2.49265752927e-07, 4.14576959429e-08, 6.09154042763e-08, 2.92494828358e-08, 1.45571368293e-08, 8.38692670868e-09, 4.86621143381e-09, 2.55116927583e-09, 1.13513265454e-09, 1.04902742049e-09, 1.14965903464e-09, 1.85101586836e-10, 2.39275353003e-11, 2.58723077684e-11, 6.08862335549e-11, 8.32590177358e-11, 5.19783591169e-11, 5.14967964105e-11, 3.5868009951e-11, 5.04379836508e-11, 3.16720226434e-11, 2.67659470976e-11, 3.10072696685e-11, 3.8095082644e-11, 4.32033792422e-12],
        "max": [0.00749295996502, 0.0261204876006, 0.0116766029969, 0.00750703923404, 0.00552258826792, 0.00335033726878, 0.00595151633024, 0.00775536894798, 0.00482163392007, 0.00506762135774, 0.00613918201998, 0.00604741182178, 0.0038532866165, 0.00277161900885, 0.00206716591492, 0.00356258032843, 0.00176546839066, 0.00287140812725, 0.00168346974533, 0.00306137325242, 0.00241768173873, 0.000842237030156, 0.00041130153113, 0.000231156605878, 0.000370847032173, 0.000365576677723, 0.000127406528918, 6.38760611764e-05, 2.9523494959e-05, 5.44881804672e-05, 6.99407464708e-05, 4.10478132835e-05, 5.71633354411e-05, 5.14504390594e-05, 3.41035265592e-05, 2.98622198898e-05, 3.65290434274e-05, 3.49776782969e-05, 4.82932155137e-05, 1.87479417946e-05],
        "mean": [0.000538717140444, 0.00172924040817, 0.000505126372445, 0.000295362784527, 0.00034837090061, 0.000142700941069, 0.000166643600096, 0.000494733860251, 0.000467074569315, 0.000232267731917, 0.000242206719122, 0.000243207701715, 0.00020872465393, 0.000166287543834, 9.15003329283e-05, 0.000249979057116, 0.000113901056466, 0.000116517432616, 8.16040337668e-05, 4.07165025536e-05, 4.30647342e-05, 3.13713135256e-05, 2.98775339616e-05, 2.13824623643e-05, 1.8825459847e-05, 2.14382089325e-05, 7.27045562599e-06, 3.0005176086e-06, 2.38169604927e-06, 3.24368625115e-06, 4.07673542213e-06, 3.1687061437e-06, 1.92808602151e-06, 1.26696363623e-06, 1.53253449753e-06, 1.49383197368e-06, 1.33732771701e-06, 1.03063541701e-06, 1.01740590708e-06, 4.57230186157e-07],
        "median": [6.81747551425e-05, 0.000342238432495, 6.7827742896e-05, 7.02334655216e-05, 9.73082642304e-05, 6.73018585076e-05, 8.05027084425e-05, 0.000236372739892, 0.000257717183558, 8.93936085049e-05, 6.0527207097e-05, 4.85147647851e-05, 6.56573392916e-05, 3.79865523428e-05, 2.88230166916e-05, 4.00846292905e-05, 3.03538345179e-05, 2.03579256777e-05, 1.42633425639e-05, 6.98925441611e-06, 9.34036052058e-06, 1.06718225652e-05, 1.2605617485e-05, 8.74562192621e-06, 9.6144813142e-06, 9.04240278032e-06, 2.85347118734e-06, 1.41261466524e-06, 9.29453449316e-07, 1.06183358639e-06, 1.29117381675e-06, 1.43406873576e-06, 6.79654249325e-07, 2.81469738184e-07, 2.59145338077e-07, 2.82549450503e-07, 3.43449926277e-07, 2.05055670222e-07, 1.78632348025e-07, 1.14959917141e-07],
        "min": [2.3770560631e-07, 2.22277691364e-07, 8.16264218884e-07, 6.27683334642e-07, 5.70829968183e-07, 3.29509134644e-07, 1.9284436803e-07, 1.40070710586e-06, 2.3536676963e-06, 2.54048188708e-07, 2.83636524046e-07, 2.64234046199e-07, 2.16389793195e-07, 2.73628614877e-07, 5.48211218643e-08, 6.03123311294e-08, 1.96633550331e-07, 6.73027429343e-08, 2.50214128528e-07, 6.70221353971e-08, 4.41057537159e-08, 4.22710790815e-08, 1.2428102103e-08, 2.05407157949e-08, 1.90681124224e-08, 1.20083782917e-08, 7.8516393387e-09, 2.64913602166e-09, 2.77571809981e-09, 1.66111113753e-09, 4.96322538623e-09, 4.08285050213e-09, 2.58202348391e-09, 8.76987704679e-10, 1.68269864709e-09, 1.59063906491e-09, 2.4771731888e-10, 1.85908441419e-10, 1.83891166183e-10, 8.51822627192e-13],
