{
"highlevel": {
    "danceability": {
        "all": {
            "danceable": 0.999999821186,
            "not_danceable": 2.04531502845e-07
        },
        "probability": 0.999999821186,
        "value": "danceable"
    },
    "gender": {
        "all": {
            "female": 0.55929172039,
            "male": 0.44070827961
        },
        "probability": 0.55929172039,
        "value": "female"
    },
    "genre_dortmund": {
        "all": {
            "alternative": 0.0781628042459,
            "blues": 0.038746252656,
            "electronic": 0.161711871624,
            "folkcountry": 0.0376083552837,
            "funksoulrnb": 0.0336371809244,
            "jazz": 0.125984862447,
            "pop": 0.0642038658261,
            "raphiphop": 0.12909463048,
            "rock": 0.330850183964
        },
        "probability": 0.330850183964,
        "value": "rock"
    },
    "genre_electronic": {
        "all": {
            "ambient": 0.0920136645436,
            "dnb": 0.0396462827921,
            "house": 0.0557976029813,
            "techno": 0.0165836364031,
            "trance": 0.795958817005
        },
        "probability": 0.795958817005,
        "value": "trance"
    },
    "genre_rosamerica": {
        "all": {
            "cla": 6.64757972118e-05,
            "dan": 0.99078142643,
            "hip": 0.00424829404801,
            "jaz": 4.7997556976e-05,
            "pop": 0.00106267817318,
            "rhy": 0.000555246893782,
            "roc": 0.00315134297125,
            "spe": 8.65435795276e-05
        },
        "probability": 0.99078142643,
        "value": "dan"
    },
    "genre_tzanetakis": {
        "all": {
            "blu": 0.0626613423228,
            "cla": 0.0348169617355,
            "cou": 0.104475811124,
            "dis": 0.0784321576357,
            "hip": 0.15692435205,
            "jaz": 0.313974827528,
            "met": 0.0448166541755,
            "pop": 0.0627359300852,
            "reg": 0.0627360641956,
            "roc": 0.0784258767962
        },
        "probability": 0.313974827528,
        "value": "jaz"
    },
    "ismir04_rhythm": {
        "all": {
            "ChaChaCha": 0.96006834507,
            "Jive": 0.00532682705671,
            "Quickstep": 0.00226891459897,
            "Rumba-American": 0.0139275183901,
            "Rumba-International": 0.00192660861649,
            "Rumba-Misc": 0.000670088280458,
            "Samba": 0.0080919386819,
            "Tango": 0.00224107317626,
            "VienneseWaltz": 0.00465372763574,
            "Waltz": 0.000824928923976
        },
        "probability": 0.96006834507,
        "value": "ChaChaCha"
    },
    "mood_acoustic": {
        "all": {
            "acoustic": 8.01985834187e-07,
            "not_acoustic": 0.99999922514
        },
        "probability": 0.99999922514,
        "value": "not_acoustic"
    },
    "mood_aggressive": {
        "all": {
            "aggressive": 0.778181314468,
            "not_aggressive": 0.221818685532
        },
        "probability": 0.778181314468,
        "value": "aggressive"
    },
    "mood_electronic": {
        "all": {
            "electronic": 0.83753579855,
            "not_electronic": 0.162464216352
        },
        "probability": 0.83753579855,
        "value": "electronic"
    },
    "mood_happy": {
        "all": {
            "happy": 0.924181699753,
            "not_happy": 0.0758183151484
        },
        "probability": 0.924181699753,
        "value": "happy"
    },
    "mood_party": {
        "all": {
            "not_party": 0.128534987569,
            "party": 0.871465027332
        },
        "probability": 0.871465027332,
        "value": "party"
    },
    "mood_relaxed": {
        "all": {
            "not_relaxed": 0.973241448402,
            "relaxed": 0.0267585217953
        },
        "probability": 0.973241448402,
        "value": "not_relaxed"
    },
    "mood_sad": {
        "all": {
            "not_sad": 0.786953628063,
            "sad": 0.213046371937
        },
        "probability": 0.786953628063,
        "value": "not_sad"
    },
    "moods_mirex": {
        "all": {
            "Cluster1": 0.380080074072,
            "Cluster2": 0.0905465260148,
            "Cluster3": 0.0728653967381,
            "Cluster4": 0.129455193877,
            "Cluster5": 0.327052801847
        },
        "probability": 0.380080074072,
        "value": "Cluster1"
    },
    "timbre": {
        "all": {
            "bright": 0.974920928478,
            "dark": 0.0250790715218
        },
        "probability": 0.974920928478,
        "value": "bright"
    },
    "tonal_atonal": {
        "all": {
            "atonal": 0.0211597066373,
            "tonal": 0.9788402915
        },
        "probability": 0.9788402915,
        "value": "tonal"
    },
    "voice_instrumental": {
        "all": {
            "instrumental": 0.236451551318,
            "voice": 0.763548433781
        },
        "probability": 0.763548433781,
        "value": "voice"
    }
},
"lowlevel": {
    "average_loudness": 0.982543051243,
    "barkbands_crest": {
        "dmean": 3.77014398575,
        "dmean2": 5.77678918839,
        "dvar": 13.2166385651,
        "dvar2": 25.6568584442,
        "max": 26.6770648956,
        "mean": 13.9904823303,
        "median": 12.5835285187,
        "min": 2.65537929535,
        "var": 48.814655304
    },
    "barkbands_flatness_db": {
        "dmean": 0.0385287478566,
        "dmean2": 0.0460413135588,
        "dvar": 0.00108207424637,
        "dvar2": 0.00237033772282,
        "max": 0.463217645884,
        "mean": 0.161089465022,
        "median": 0.146196648479,
        "min": 0.0416866764426,
        "var": 0.00646030204371
    },
    "barkbands_kurtosis": {
        "dmean": 9.55147075653,
        "dmean2": 13.1364736557,
        "dvar": 656.206848145,
        "dvar2": 1143.21179199,
        "max": 331.170928955,
        "mean": 12.8475017548,
        "median": 2.04358625412,
        "min": -1.75379025936,
        "var": 1368.38867188
    },
    "barkbands_skewness": {
        "dmean": 1.02694642544,
        "dmean2": 1.33850538731,
        "dvar": 1.79915750027,
        "dvar2": 2.78147482872,
        "max": 17.3384742737,
        "mean": 2.34738183022,
        "median": 1.61071813107,
        "min": -1.62902796268,
        "var": 6.60003995895
    },
    "barkbands_spread": {
        "dmean": 9.89863395691,
        "dmean2": 13.9538507462,
        "dvar": 93.9998626709,
        "dvar2": 210.609848022,
        "max": 81.1136322021,
        "mean": 28.3349189758,
        "median": 25.3601894379,
        "min": 0.433005094528,
        "var": 313.302947998
    },
    "dissonance": {
        "dmean": 0.0194670371711,
        "dmean2": 0.0324845872819,
        "dvar": 0.000407896266552,
        "dvar2": 0.0010568164289,
        "max": 0.499945014715,
        "mean": 0.464766710997,
        "median": 0.471187472343,
        "min": 0.203471556306,
        "var": 0.00091160350712
    },
    "dynamic_complexity": 2.46251273155,
    "erbbands_crest": {
        "dmean": 2.92488408089,
        "dmean2": 4.6781244278,
        "dvar": 7.67530345917,
        "dvar2": 18.2432174683,
        "max": 30.2399196625,
        "mean": 8.90335845947,
        "median": 7.72830724716,
        "min": 2.30327033997,
        "var": 20.9400653839
    },
    "erbbands_flatness_db": {
        "dmean": 0.0211883597076,
        "dmean2": 0.0300187543035,
        "dvar": 0.000467648176709,
        "dvar2": 0.000827850890346,
        "max": 0.303892880678,
        "mean": 0.131827712059,
        "median": 0.12203181535,
        "min": 0.0672530159354,
        "var": 0.00180485239252
    },
    "erbbands_kurtosis": {
        "dmean": 0.744935691357,
        "dmean2": 1.16809892654,
        "dvar": 1.11172652245,
        "dvar2": 2.46081352234,
        "max": 14.2535953522,
        "mean": 0.0793112590909,
        "median": -0.422083377838,
        "min": -1.71531534195,
        "var": 2.55494260788
    },
    "erbbands_skewness": {
        "dmean": 0.359537601471,
        "dmean2": 0.548978686333,
        "dvar": 0.110600061715,
        "dvar2": 0.251213133335,
        "max": 3.06613302231,
        "mean": 0.197098374367,
        "median": 0.167094096541,
        "min": -1.61654126644,
        "var": 0.336565554142
    },
    "erbbands_spread": {
        "dmean": 11.6038446426,
        "dmean2": 16.7252349854,
        "dvar": 141.061965942,
        "dvar2": 265.59375,
        "max": 136.501647949,
        "mean": 50.53647995,
        "median": 49.7807807922,
        "min": 5.50381994247,
        "var": 461.50604248
    },
    "hfc": {
        "dmean": 20.2695941925,
        "dmean2": 28.6290931702,
        "dvar": 678.065612793,
        "dvar2": 1411.27111816,
        "max": 182.014450073,
        "mean": 44.2806358337,
        "median": 33.7789573669,
        "min": 0.245773136616,
        "var": 1249.47290039
    },
    "melbands_crest": {
        "dmean": 4.5941529274,
        "dmean2": 6.56946468353,
        "dvar": 15.1535730362,
        "dvar2": 31.8951244354,
        "max": 34.2147140503,
        "mean": 18.1701221466,
        "median": 17.5560150146,
        "min": 4.06561803818,
        "var": 52.4567260742
    },
    "melbands_flatness_db": {
        "dmean": 0.0508968904614,
        "dmean2": 0.0591623149812,
        "dvar": 0.00194032641593,
        "dvar2": 0.0046933167614,
        "max": 0.567388951778,
        "mean": 0.207291811705,
        "median": 0.188793584704,
        "min": 0.0297891385853,
        "var": 0.0109508959576
    },
    "melbands_kurtosis": {
        "dmean": 23.2065315247,
        "dmean2": 33.0279197693,
        "dvar": 2377.24829102,
        "dvar2": 4211.32324219,
        "max": 568.919799805,
        "mean": 38.2378540039,
        "median": 11.8420801163,
        "min": -1.35348331928,
        "var": 5373.26123047
    },
    "melbands_skewness": {
        "dmean": 1.43845045567,
        "dmean2": 1.89208590984,
        "dvar": 2.87389993668,
        "dvar2": 4.35429763794,
        "max": 17.8156089783,
        "mean": 4.13461303711,
        "median": 3.071798563,
        "min": -0.7489387393,
        "var": 11.0692090988
    },
    "melbands_spread": {
        "dmean": 11.3901968002,
        "dmean2": 16.7112998962,
        "dvar": 165.507553101,
        "dvar2": 404.419799805,
        "max": 141.565032959,
        "mean": 25.1038093567,
        "median": 20.1324958801,
        "min": 0.475618958473,
        "var": 405.659118652
    },
    "pitch_salience": {
        "dmean": 0.105191834271,
        "dmean2": 0.143846929073,
        "dvar": 0.00940705928952,
        "dvar2": 0.0201848316938,
        "max": 0.872425556183,
        "mean": 0.4220495224,
        "median": 0.450791537762,
        "min": 0.0249691568315,
        "var": 0.0361742638052
    },
    "silence_rate_20dB": {
        "dmean": 0,
        "dmean2": 0,
        "dvar": 0,
        "dvar2": 0,
        "max": 1,
        "mean": 1,
        "median": 1,
        "min": 1,
        "var": 0
    },
    "silence_rate_30dB": {
        "dmean": 0.108359135687,
        "dmean2": 0.216886132956,
        "dvar": 0.0966172814369,
        "dvar2": 0.203930035233,
        "max": 1,
        "mean": 0.846867740154,
        "median": 1,
        "min": 0,
        "var": 0.129683896899
    },
    "silence_rate_60dB": {
        "dmean": 0.0247678011656,
        "dmean2": 0.0495739728212,
        "dvar": 0.0241545252502,
        "dvar2": 0.0703538358212,
        "max": 1,
        "mean": 0.0131477182731,
        "median": 0,
        "min": 0,
        "var": 0.0129748163745
    },
    "spectral_centroid": {
        "dmean": 337.774902344,
        "dmean2": 516.328063965,
        "dvar": 125665.546875,
        "dvar2": 308353.375,
        "max": 3604.03442383,
        "mean": 1637.18188477,
        "median": 1692.0871582,
        "min": 198.49118042,
        "var": 419263.40625
    },
    "spectral_complexity": {
        "dmean": 6.50774002075,
        "dmean2": 9.28892326355,
        "dvar": 46.9389610291,
        "dvar2": 96.2657852173,
        "max": 52,
        "mean": 22.191028595,
        "median": 20,
        "min": 1,
        "var": 143.671951294
    },
    "spectral_decrease": {
        "dmean": 4.55168169822e-09,
        "dmean2": 6.06761041411e-09,
        "dvar": 2.26850626854e-17,
        "dvar2": 2.91810791263e-17,
        "max": -1.25498431092e-10,
        "mean": -1.4858654751e-08,
        "median": -1.27646835324e-08,
        "min": -4.1566501352e-08,
        "var": 8.84316889138e-17
    },
    "spectral_energy": {
        "dmean": 0.0178766474128,
        "dmean2": 0.024303631857,
        "dvar": 0.000343095511198,
        "dvar2": 0.000436984963017,
        "max": 0.157987266779,
        "mean": 0.0600963681936,
        "median": 0.0550039932132,
        "min": 0.000495950924233,
        "var": 0.00124712253455
    },
    "spectral_energyband_high": {
        "dmean": 0.00183117133565,
        "dmean2": 0.00258740806021,
        "dvar": 6.24582344244e-06,
        "dvar2": 1.26772856675e-05,
        "max": 0.0179965961725,
        "mean": 0.00297168060206,
        "median": 0.0016628690064,
        "min": 3.74389628632e-06,
        "var": 1.12086800073e-05
    },
    "spectral_energyband_low": {
        "dmean": 0.0164883993566,
        "dmean2": 0.0200153123587,
        "dvar": 0.000336110591888,
        "dvar2": 0.000416623224737,
        "max": 0.15616184473,
        "mean": 0.0389456190169,
        "median": 0.0222230702639,
        "min": 4.44988972959e-06,
        "var": 0.00154405215289
    },
    "spectral_energyband_middle_high": {
        "dmean": 0.00298159383237,
        "dmean2": 0.00453672977164,
        "dvar": 1.2233796042e-05,
        "dvar2": 2.79806208709e-05,
        "max": 0.0396855697036,
        "mean": 0.00699558015913,
        "median": 0.00607537664473,
        "min": 0.000107925130578,
        "var": 2.88417195407e-05
    },
    "spectral_energyband_middle_low": {
        "dmean": 0.00612890953198,
        "dmean2": 0.00918527320027,
        "dvar": 5.54750513402e-05,
        "dvar2": 0.000126501821796,
        "max": 0.0615125186741,
        "mean": 0.012637058273,
        "median": 0.0109422784299,
        "min": 4.54674445791e-05,
        "var": 0.000110040928121
    },
    "spectral_entropy": {
        "dmean": 0.225071668625,
        "dmean2": 0.330536186695,
        "dvar": 0.0634086430073,
        "dvar2": 0.143798142672,
        "max": 8.61380577087,
        "mean": 7.81091308594,
        "median": 7.92477416992,
        "min": 6.05233573914,
        "var": 0.218224480748
    },
    "spectral_flux": {
        "dmean": 0.0531569458544,
        "dmean2": 0.0872966498137,
        "dvar": 0.00170761684421,
        "dvar2": 0.00424154428765,
        "max": 0.288948506117,
        "mean": 0.135126203299,
        "median": 0.127308040857,
        "min": 0.0227018333972,
        "var": 0.00315859960392
    },
    "spectral_kurtosis": {
        "dmean": 1.13193643093,
        "dmean2": 1.80440056324,
        "dvar": 2.25948405266,
        "dvar2": 5.82423973083,
        "max": 16.1066761017,
        "mean": 2.60748052597,
        "median": 1.94935131073,
        "min": -0.987692117691,
        "var": 4.36745691299
    },
    "spectral_rms": {
        "dmean": 0.00131249567494,
        "dmean2": 0.00175156688783,
        "dvar": 1.89180832422e-06,
        "dvar2": 2.34812659983e-06,
        "max": 0.0124150682241,
        "mean": 0.00723561923951,
        "median": 0.0073254648596,
        "min": 0.000695596507285,
        "var": 6.2763938331e-06
    },
    "spectral_rolloff": {
        "dmean": 1140.00939941,
        "dmean2": 1662.95910645,
        "dvar": 1946105.125,
        "dvar2": 4204478,
        "max": 9926.80664062,
        "mean": 1918.80664062,
        "median": 1162.79296875,
        "min": 64.599609375,
        "var": 4446696
    },
    "spectral_skewness": {
        "dmean": 0.20037163794,
        "dmean2": 0.309995800257,
        "dvar": 0.0563587732613,
        "dvar2": 0.138377919793,
        "max": 3.4721353054,
        "mean": 1.31677925587,
        "median": 1.21483469009,
        "min": 0.558098316193,
        "var": 0.157123148441
    },
    "spectral_spread": {
        "dmean": 897256.5,
        "dmean2": 1315558.25,
        "dvar": 952606720000,
        "dvar2": 1.8722937897e+12,
        "max": 13599013,
        "mean": 5924989,
        "median": 5947508,
        "min": 2531554,
        "var": 2.33751130931e+12
    },
    "spectral_strongpeak": {
        "dmean": 0.558698415756,
        "dmean2": 0.983534872532,
        "dvar": 0.908871114254,
        "dvar2": 2.34005522728,
        "max": 10.1687469482,
        "mean": 0.906827092171,
        "median": 0.668508112431,
        "min": 0.025002675131,
        "var": 0.86563450098
    },
    "zerocrossingrate": {
        "dmean": 0.0210713017732,
        "dmean2": 0.0206284653395,
        "dvar": 0.000280400097836,
        "dvar2": 0.000356066273525,
        "max": 0.29736328125,
        "mean": 0.0708279684186,
        "median": 0.0615234375,
        "min": 0.00244140625,
        "var": 0.00226509105414
    },
    "barkbands": {
        "dmean": [0.000374832336092, 0.0158018693328, 0.00617280462757, 0.00186430057511, 0.00250466261059, 0.00101780937985, 0.0010282577714, 0.00116837094538, 0.00156652950682, 0.000873397861142, 0.000462553172838, 0.000456392765045, 0.00070374115603, 0.000665966246743, 0.000470687635243, 0.000284535955871, 0.000354471208993, 0.000273045705399, 0.000328934314894, 0.0002916760277, 0.00027030709316, 0.000260397762759, 0.000454152555903, 0.000378963741241, 0.000402019126341, 0.000182708681677, 5.0176609534e-08],
        "dmean2": [0.000655689800624, 0.0217120666057, 0.00879417546093, 0.00298869120888, 0.0045195450075, 0.00168555614073, 0.00162479933351, 0.00177033257205, 0.00236223661341, 0.00133460666984, 0.000709916930646, 0.000702989695128, 0.00110937829595, 0.00105686997995, 0.000765745004173, 0.00046558023314, 0.000564406160265, 0.00043875319534, 0.00052371644415, 0.000457681366242, 0.000431437802035, 0.00040083861677, 0.000656162854284, 0.00055155926384, 0.000613999436609, 0.00026372159482, 8.85263986561e-08],
        "dvar": [5.53484824195e-07, 0.000437871407485, 0.000133577210363, 1.3477723769e-05, 2.50513803621e-05, 4.10860229749e-06, 4.2540573304e-06, 6.27860617897e-06, 6.43347402729e-06, 3.19802325066e-06, 1.26537281631e-06, 1.18229024793e-06, 1.80349138645e-06, 1.26707800518e-06, 5.38947517725e-07, 2.11467366285e-07, 2.88136334348e-07, 1.67216924751e-07, 1.9350194691e-07, 1.87837855492e-07, 1.43339377701e-07, 1.03816248043e-07, 4.46107833341e-07, 2.47647335527e-07, 3.62849903013e-07, 7.86749581039e-08, 2.62187630818e-14],
        "dvar2": [1.52390384756e-06, 0.000480289192637, 0.000255924358498, 3.40993356076e-05, 7.04676203895e-05, 1.02457661342e-05, 1.0002547242e-05, 1.42173039421e-05, 1.34651108965e-05, 6.31668626738e-06, 3.00102169604e-06, 2.55213285527e-06, 4.04049978897e-06, 3.02905823446e-06, 1.11707072392e-06, 5.27514828264e-07, 6.63932951284e-07, 3.92414420958e-07, 4.56938209936e-07, 4.43736297484e-07, 3.60771565511e-07, 2.12916773989e-07, 9.14965653465e-07, 5.07725417265e-07, 7.54766460886e-07, 1.64415297377e-07, 6.59441576865e-14],
        "max": [0.00444383593276, 0.154784530401, 0.0763794481754, 0.0253642424941, 0.0551211312413, 0.0229756962508, 0.0250574927777, 0.0347709394991, 0.0301837958395, 0.0277025680989, 0.0169596225023, 0.0178405568004, 0.0224875118583, 0.0126768331975, 0.0146007118747, 0.00673873256892, 0.00663091940805, 0.00703559536487, 0.00521559501067, 0.00607990659773, 0.00429671583697, 0.00253022648394, 0.00623715855181, 0.00441998802125, 0.00485368818045, 0.00236262008548, 1.82387600489e-06],
        "mean": [0.000328040507156, 0.0314001701772, 0.00618995865807, 0.00179534580093, 0.00259125442244, 0.00146924366709, 0.00162186997477, 0.00163896987215, 0.00251097488217, 0.00132907833904, 0.000749129976612, 0.000643448787741, 0.000922543986235, 0.000975232862402, 0.000675831513945, 0.000394278409658, 0.000554469355848, 0.000446189544164, 0.000569609110244, 0.000461205490865, 0.0004182542325, 0.000436497910414, 0.00061763508711, 0.000564648245927, 0.000569484080188, 0.000223004026338, 3.45839303861e-08],
        "median": [8.87084315764e-05, 0.0150959510356, 0.00113562925253, 0.000294570112601, 0.000347072083969, 0.000405506405514, 0.000466205208795, 0.000515894207638, 0.000911754439585, 0.000299076316878, 0.000237284271861, 0.000206623255508, 0.000327593501424, 0.000454508175608, 0.000333832693286, 0.000207916134968, 0.000311538635287, 0.000275224709185, 0.000364898820408, 0.000279795523966, 0.000259443651885, 0.000281204440398, 0.000308884918923, 0.000277086975984, 0.000222691742238, 7.31830659788e-05, 1.74016534515e-09],
        "min": [2.23491514184e-09, 3.34091168952e-07, 9.11045816565e-08, 4.58079902899e-08, 4.42793520961e-07, 1.41418453836e-07, 1.63712161338e-06, 2.61709533333e-06, 6.86321345711e-06, 2.65811809186e-06, 6.32757064523e-06, 8.53054098116e-06, 6.84759061187e-06, 5.86263240621e-06, 4.61746594738e-06, 2.90651564683e-06, 8.73247756772e-07, 1.34815979891e-06, 2.78885721627e-07, 1.81022016932e-07, 1.89597571421e-07, 1.17003264677e-06, 1.50024732193e-07, 1.29814424099e-07, 7.92792428927e-11, 2.43604858507e-11, 1.1181463741e-11],
        "var": [4.39542304775e-07, 0.00148905685637, 0.000174881279236, 1.28982228489e-05, 2.12409868254e-05, 5.95085111854e-06, 9.98709947453e-06, 1.02583444459e-05, 1.40169604492e-05, 7.42994734537e-06, 2.85640226139e-06, 1.88438229998e-06, 2.68676353699e-06, 2.11821998164e-06, 1.00986733287e-06, 3.05292530811e-07, 5.044921636e-07, 3.20557830946e-07, 3.93284437905e-07, 3.15204289336e-07, 2.02173936259e-07, 1.95829699123e-07, 6.80172604461e-07, 4.60241665223e-07, 5.97896416821e-07, 1.13973719351e-07, 1.85386187873e-14]
    },
    "erbbands": {
        "dmean": [0.457055896521, 3.62048912048, 6.60582256317, 6.33713150024, 7.13623428345, 8.84237670898, 7.05299139023, 8.81395721436, 10.8373394012, 27.6054725647, 19.6517696381, 35.0324249268, 39.3676528931, 12.4640350342, 18.0257911682, 21.2350540161, 31.439283371, 34.5083618164, 20.5062675476, 26.3416404724, 15.8914070129, 15.8348493576, 14.4768743515, 16.7584438324, 16.464887619, 13.2298879623, 11.1041879654, 9.9526386261, 9.36821651459, 10.6670131683, 12.4298992157, 8.20370197296, 7.09011650085, 5.09561157227, 2.64736199379, 1.04153096676, 0.309083580971, 0.0235148761421, 0.000459812144982, 4.26521182817e-05],
        "dmean2": [0.57243514061, 5.03221035004, 8.69652938843, 9.55611419678, 12.5290775299, 15.6417760849, 11.9934768677, 14.6010627747, 17.7412624359, 42.4615516663, 29.5633449554, 52.1346817017, 59.3933067322, 19.8733997345, 28.2098941803, 32.9636116028, 48.6235427856, 54.5303726196, 32.7201919556, 43.3712463379, 25.3412742615, 25.3479824066, 22.8215961456, 27.0191192627, 25.7667293549, 20.5573959351, 18.2468795776, 15.4539613724, 14.5568037033, 16.0605506897, 18.153181076, 11.9561958313, 10.3931846619, 7.72504377365, 4.16611337662, 1.54386603832, 0.45033633709, 0.035431470722, 0.000674306589644, 6.13648298895e-05],
        "dvar": [0.410965263844, 24.310338974, 99.4410476685, 143.213638306, 232.944290161, 316.24609375, 199.905014038, 397.422058105, 539.42578125, 4215.45019531, 1296.65600586, 3431.54443359, 5794.78417969, 728.370605469, 1548.67614746, 2131.77661133, 3410.11328125, 3455.80493164, 1096.06530762, 1996.95629883, 847.848083496, 480.982879639, 394.266723633, 557.494750977, 538.59197998, 345.610900879, 262.571838379, 188.934875488, 140.56892395, 208.502075195, 318.045776367, 113.690330505, 97.9448242188, 59.9331054688, 15.063744545, 2.51896381378, 0.225029885769, 0.00133677292615, 4.98200449783e-07, 2.52019027869e-09],
        "dvar2": [0.466686159372, 27.2338027954, 189.366653442, 268.240600586, 651.953674316, 848.246337891, 512.969238281, 1046.35192871, 1410.4453125, 9927.96777344, 2826.85961914, 6815.44677734, 12120.2558594, 1851.43701172, 3607.61181641, 4321.2109375, 7387.91796875, 8411.25292969, 2550.81445312, 4349.22851562, 2037.33447266, 1151.84472656, 932.97833252, 1391.82775879, 1099.49963379, 783.873779297, 690.856811523, 444.659698486, 282.241333008, 448.012359619, 647.643371582, 231.778808594, 197.594848633, 121.444618225, 33.6211700439, 5.18867731094, 0.489164948463, 0.00282512139529, 1.04418165847e-06, 4.74859485067e-09],
        "max": [4.94165468216, 34.2119636536, 77.6606674194, 79.7447891235, 115.241943359, 274.692596436, 216.254272461, 247.156494141, 254.158843994, 675.361022949, 495.125488281, 673.900634766, 961.415527344, 397.243591309, 773.106384277, 729.496276855, 808.26184082, 715.758239746, 406.306976318, 952.274597168, 453.106140137, 224.904785156, 281.267028809, 240.977172852, 291.41217041, 259.161895752, 175.860626221, 216.850219727, 102.180755615, 99.4431838989, 151.909118652, 80.5116043091, 100.95111084, 76.1258163452, 26.6746711731, 12.5621290207, 3.87577986717, 0.318441599607, 0.00614802865312, 0.000423890392995],
        "mean": [0.77103048563, 7.41234588623, 8.89903354645, 7.03395843506, 6.40569114685, 9.86447906494, 10.0187568665, 12.2112293243, 14.6064176559, 45.1455421448, 31.353263855, 58.0425300598, 63.720035553, 18.7269001007, 31.3927154541, 32.1848640442, 43.9961891174, 52.5423736572, 31.5241661072, 35.9740753174, 25.1809921265, 26.3093643188, 25.3348197937, 28.3662986755, 29.7629566193, 21.7656211853, 16.0196857452, 16.3260440826, 16.0294494629, 15.7095117569, 16.978143692, 11.7825984955, 10.3366947174, 7.40336561203, 3.35723543167, 1.2981698513, 0.364240169525, 0.0263434946537, 0.000577348051593, 0.000106876810605],
        "median": [0.217278420925, 3.70032119751, 4.28991651535, 1.39286494255, 1.38118648529, 1.47538673878, 2.71645569801, 4.12088918686, 5.08344078064, 10.3360033035, 15.3066129684, 22.6237392426, 18.677652359, 9.9369392395, 13.2979106903, 14.4391403198, 18.8086128235, 24.9748306274, 17.6465759277, 18.1706619263, 14.372215271, 17.1880283356, 17.7281742096, 18.6648311615, 18.0609283447, 13.4179620743, 9.64695262909, 10.9628305435, 10.1534404755, 8.82200431824, 8.6467590332, 5.99130105972, 4.50811862946, 3.13038682938, 1.09790337086, 0.469358026981, 0.0994588211179, 0.00576468231156, 0.000182844029041, 0.000113515132398],
        "min": [1.34930523927e-05, 0.000413788511651, 0.00180570734665, 0.000695524620824, 0.000580667518079, 0.00221511092968, 0.00130174774677, 0.0049761319533, 0.0145996632054, 0.0633798241615, 0.125421017408, 0.276981502771, 0.340154707432, 0.355756640434, 0.306051433086, 0.498290121555, 0.445112317801, 0.456181436777, 0.262498140335, 0.190625622869, 0.134457319975, 0.0800122320652, 0.0689576938748, 0.0233881566674, 0.0109983049333, 0.0121823279187, 0.008525647223, 0.0149870496243, 0.0438277423382, 0.0258635971695, 0.00245639053173, 0.00426352210343, 0.00183695252053, 0.000300476007396, 9.59826957114e-06, 1.68818803559e-06, 1.03472120827e-06, 1.39968392432e-07, 3.38352464269e-07, 5.7531190123e-07],
        "var": [1.23412036896, 80.8556289673, 181.873046875, 181.864486694, 170.541213989, 321.846923828, 274.928131104, 474.241790771, 607.995178223, 8776.25195312, 2175.67993164, 8379.54882812, 12992.5332031, 897.584289551, 4437.85302734, 3592.0703125, 5495.98876953, 5853.58251953, 1800.60534668, 3268.76831055, 1300.65234375, 847.573181152, 787.363464355, 966.004638672, 1286.41516113, 647.960632324, 333.624359131, 286.367828369, 266.164031982, 328.245819092, 491.475769043, 202.882873535, 175.733306885, 101.529197693, 22.4363422394, 3.73121070862, 0.314402341843, 0.00187920802273, 7.21492313005e-07, 4.16545953286e-09]
    },
    "gfcc": {
        "mean": [45.9304351807, 58.2327270508, -109.950393677, 38.5008506775, -57.2191429138, 37.7384262085, -29.3823776245, 26.9337329865, -15.4031953812, 13.1789121628, -14.4412298203, 0.305990070105, -12.8699264526],
        "cov": [[4279.17724609, -1057.11352539, 483.74017334, 70.1711120605, -501.617492676, -440.98626709, -860.590393066, -132.958984375, -638.461608887, -56.6608924866, -324.069549561, 8.80925369263, -288.829589844], [-1057.11352539, 1076.46582031, 142.783203125, -18.7998657227, 267.036193848, 118.438186646, 286.473114014, -117.824630737, 219.546463013, -51.1272201538, 94.9378356934, -61.2192153931, 74.307800293], [483.74017334, 142.783203125, 784.744262695, 170.453384399, 159.625991821, 51.9160652161, -36.2247200012, 7.0899810791, -50.9359054565, 4.36093044281, -114.976829529, -19.0889606476, -98.5567932129], [70.1711120605, -18.7998657227, 170.453384399, 405.549713135, 170.313461304, 128.538253784, 89.2741699219, 122.743179321, 52.8126144409, -10.4102210999, 44.3178939819, -47.3967170715, 32.293926239], [-501.617492676, 267.036193848, 159.625991821, 170.313461304, 454.241485596, 232.415725708, 330.882415771, 141.997283936, 149.536483765, 31.5022106171, -15.4959974289, -50.9382553101, -11.219493866], [-440.98626709, 118.438186646, 51.9160652161, 128.538253784, 232.415725708, 298.482513428, 296.784210205, 110.308822632, 141.924163818, 19.6272163391, 27.8108882904, -46.1037216187, 24.6353797913], [-860.590393066, 286.473114014, -36.2247200012, 89.2741699219, 330.882415771, 296.784210205, 507.034332275, 155.635986328, 208.711669922, 40.0286941528, 52.0338516235, -41.7397918701, 31.3950023651], [-132.958984375, -117.824630737, 7.0899810791, 122.743179321, 141.997283936, 110.308822632, 155.635986328, 226.040786743, 100.183959961, 62.7679481506, 34.9994087219, -5.77366924286, -3.26053619385], [-638.461608887, 219.546463013, -50.9359054565, 52.8126144409, 149.536483765, 141.924163818, 208.711669922, 100.183959961, 263.946563721, 66.6511917114, 86.5139770508, -15.878452301, 52.9315872192], [-56.6608924866, -51.1272201538, 4.36093044281, -10.4102210999, 31.5022106171, 19.6272163391, 40.0286941528, 62.7679481506, 66.6511917114, 116.448539734, 49.1089630127, 39.4539718628, 7.49046278], [-324.069549561, 94.9378356934, -114.976829529, 44.3178939819, -15.4959974289, 27.8108882904, 52.0338516235, 34.9994087219, 86.5139770508, 49.1089630127, 183.252746582, 54.3327217102, 80.0966186523], [8.80925369263, -61.2192153931, -19.0889606476, -47.3967170715, -50.9382553101, -46.1037216187, -41.7397918701, -5.77366924286, -15.878452301, 39.4539718628, 54.3327217102, 122.515167236, 45.9190177917], [-288.829589844, 74.307800293, -98.5567932129, 32.293926239, -11.219493866, 24.6353797913, 31.3950023651, -3.26053619385, 52.9315872192, 7.49046278, 80.0966186523, 45.9190177917, 146.293640137]],
        "icov": [[0.000599759398028, 5.98008555244e-05, -9.92955974652e-05, -0.000455642613815, 0.00032967273728, -0.00019751637592, 0.00062430446269, -0.000182588322787, 0.000818431086373, -0.000592206488363, 0.000542694760952, -9.78185416898e-05, 0.000575697282329], [5.98008555244e-05, 0.00376270804554, -0.0017487272853, 0.00166577170603, -0.00241887173615, 0.00258439430036, -0.0019994431641, 0.00370813650079, -0.00259471312165, 0.00312808854505, -0.00386513886042, 0.0025907990057, -0.00136631703936], [-9.92955974652e-05, -0.0017487272853, 0.00289592985064, -0.00189499347471, 0.000332714960678, -0.00184055103455, 0.001582196448, -0.000793326471467, 0.00104466627818, -0.00215361616574, 0.00298528722487, -0.00240552937612, 0.00189259508625], [-0.000455642613815, 0.00166577170603, -0.00189499347471, 0.00630731089041, -0.00289982138202, 0.000187071229448, 0.000205087693757, -0.00105805089697, -0.000803119328339, 0.00380600546487, -0.00493449298665, 0.00394390616566, -0.00317668821663], [0.00032967273728, -0.00241887173615, 0.000332714960678, -0.00289982138202, 0.00789064913988, -0.00221147853881, -0.00156923290342, -0.00276127434336, 0.00111660792027, -0.00295411935076, 0.0048757866025, -0.00225253077224, 0.0017813120503], [-0.00019751637592, 0.00258439430036, -0.00184055103455, 0.000187071229448, -0.00221147853881, 0.0116216465831, -0.00630262168124, 0.00234607746825, -0.00299328635447, 0.00254413462244, -0.00276448298246, 0.00339053338394, -0.00230362662114], [0.00062430446269, -0.0019994431641, 0.001582196448, 0.000205087693757, -0.00156923290342, -0.00630262168124, 0.00931793823838, -0.00359821040183, 0.00120144127868, -0.0013733995147, 0.0015633906005, -0.00133007252589, 0.00132708554156], [-0.000182588322787, 0.00370813650079, -0.000793326471467, -0.00105805089697, -0.00276127434336, 0.00234607746825, -0.00359821040183, 0.0122991306707, -0.00392496213317, -0.00047372377594, -0.00305205071345, 0.00117919873446, 0.000639847770799], [0.000818431086373, -0.00259471312165, 0.00104466627818, -0.000803119328339, 0.00111660792027, -0.00299328635447, 0.00120144127868, -0.00392496213317, 0.0113189471886, -0.00617549289018, 0.000742367294151, 0.00139708712231, -0.000564927759115], [-0.000592206488363, 0.00312808854505, -0.00215361616574, 0.00380600546487, -0.00295411935076, 0.00254413462244, -0.0013733995147, -0.00047372377594, -0.00617549289018, 0.0180606786162, -0.00649915868416, -0.00175212742761, -1.95677830561e-06], [0.000542694760952, -0.00386513886042, 0.00298528722487, -0.00493449298665, 0.0048757866025, -0.00276448298246, 0.0015633906005, -0.00305205071345, 0.000742367294151, -0.00649915868416, 0.0158415734768, -0.00692559825256, 0.000135699025122], [-9.78185416898e-05, 0.0025907990057, -0.00240552937612, 0.00394390616566, -0.00225253077224, 0.00339053338394, -0.00133007252589, 0.00117919873446, 0.00139708712231, -0.00175212742761, -0.00692559825256, 0.0167383141816, -0.00631010020152], [0.000575697282329, -0.00136631703936, 0.00189259508625, -0.00317668821663, 0.0017813120503, -0.00230362662114, 0.00132708554156, 0.000639847770799, -0.000564927759115, -1.95677830561e-06, 0.000135699025122, -0.00631010020152, 0.0130072813481]]
    },
    "melbands": {
        "dmean": [0.0044010495767, 0.00327221979387, 0.00096771621611, 0.000591128715314, 0.000274444551906, 0.00019973453891, 0.00017199627473, 0.00030134577537, 0.000175419496372, 0.000218203029362, 0.00019405943749, 4.96286011185e-05, 6.75286355545e-05, 4.53921820736e-05, 7.84372823546e-05, 5.94639022893e-05, 6.925904745e-05, 3.57766766683e-05, 3.30031944031e-05, 2.75013007922e-05, 1.98947764147e-05, 1.61283951456e-05, 1.87622299563e-05, 1.53904311446e-05, 1.4137585822e-05, 1.24423013403e-05, 1.29171830849e-05, 7.91451748228e-06, 6.61849799144e-06, 7.50146682549e-06, 5.63714411328e-06, 5.54072403247e-06, 5.63381126994e-06, 6.79072354615e-06, 7.66481116443e-06, 6.8641593316e-06, 4.597917723e-06, 5.53467361897e-06, 4.78283845951e-06, 4.44372699349e-06],
        "dmean2": [0.00555496150628, 0.00401542522013, 0.00138027500361, 0.00107011699583, 0.000464658514829, 0.000329877831973, 0.000276312319329, 0.000462461961433, 0.00025617639767, 0.000330597686116, 0.000294066790957, 8.08527984191e-05, 0.000104997357994, 7.2072223702e-05, 0.000117066396342, 9.56143485382e-05, 0.00010968024435, 5.70749034523e-05, 5.42211710126e-05, 4.58294052805e-05, 3.18312049785e-05, 2.56300554611e-05, 3.02373045997e-05, 2.48460182775e-05, 2.29809393204e-05, 1.98542384169e-05, 1.99676996999e-05, 1.25362212202e-05, 1.09357170004e-05, 1.24191219584e-05, 8.72138662089e-06, 8.69890209287e-06, 8.90819956112e-06, 1.04084538179e-05, 1.14156036943e-05, 1.02486719697e-05, 6.87345573169e-06, 8.14212762634e-06, 7.50299068386e-06, 6.72848545946e-06],
        "dvar": [3.2324296626e-05, 1.3612474504e-05, 2.76258401755e-06, 1.49696188601e-06, 2.81148601289e-07, 1.87260269513e-07, 1.15297190462e-07, 4.87087902457e-07, 9.11632653811e-08, 1.3642876695e-07, 1.41489877592e-07, 1.42734517539e-08, 2.60305181854e-08, 6.25860696601e-09, 3.9507966676e-08, 1.09456426145e-08, 1.52200509973e-08, 3.92228249879e-09, 2.8669160379e-09, 1.74141978615e-09, 1.52021040201e-09, 5.67730362722e-10, 8.14353084966e-10, 7.42341077498e-10, 4.35837449464e-10, 2.87761453555e-10, 4.25617430189e-10, 1.15755190155e-10, 1.19630513828e-10, 1.19904877693e-10, 5.48171681658e-11, 4.98739834154e-11, 5.29250220038e-11, 9.40623273715e-11, 1.23888094228e-10, 1.06906719588e-10, 3.45823474024e-11, 5.72415691236e-11, 5.37161565228e-11, 4.47126467795e-11],
        "dvar2": [3.46928463841e-05, 1.78214304469e-05, 4.47124784841e-06, 4.21281401941e-06, 7.21723438346e-07, 4.81911854422e-07, 2.95621163104e-07, 1.142516453e-06, 1.91253732851e-07, 2.94302367365e-07, 2.94827856351e-07, 3.64006247366e-08, 6.08177117556e-08, 1.36529543227e-08, 7.83243905289e-08, 2.71048534728e-08, 3.68755337377e-08, 9.40517796977e-09, 5.84261083958e-09, 4.18535162083e-09, 3.62358432149e-09, 1.3142359423e-09, 2.00145877649e-09, 1.71028624596e-09, 1.09803521831e-09, 6.77273070959e-10, 9.1687446524e-10, 2.71774602822e-10, 3.22330051539e-10, 3.16509179976e-10, 1.18517029524e-10, 1.01625027837e-10, 1.20419355043e-10, 2.0399949785e-10, 2.48281645243e-10, 2.36217628791e-10, 7.32974028694e-11, 1.15902190623e-10, 1.17869089489e-10, 9.35235361377e-11],
        "max": [0.0459268502891, 0.0342711023986, 0.0112723782659, 0.0104643050581, 0.00778936175629, 0.00531344255432, 0.00346753746271, 0.00815521366894, 0.00444823177531, 0.0047888988629, 0.00494177872315, 0.0019357734127, 0.00246271630749, 0.00111206388101, 0.00476758880541, 0.0017121527344, 0.00146155466791, 0.000701161508914, 0.00114886183292, 0.000671494984999, 0.000564680551179, 0.000287812610622, 0.000334544456564, 0.000500436348375, 0.000214842060814, 0.000223890165216, 0.000326515641063, 0.000145743208122, 0.000152099717525, 0.000139195937663, 9.61951445788e-05, 6.49604335194e-05, 6.25783141004e-05, 7.03187470208e-05, 8.48837153171e-05, 0.000110662316729, 4.23640667577e-05, 6.73849935993e-05, 9.83625504887e-05, 6.03103180765e-05],
        "mean": [0.00819979608059, 0.00677091954276, 0.00121823244262, 0.000576993450522, 0.000388540735003, 0.00028207449941, 0.00024214910809, 0.000477519119158, 0.000281686399831, 0.000357725424692, 0.000307450914988, 6.44946412649e-05, 0.000110552835395, 6.93392721587e-05, 0.000110205102828, 7.96526001068e-05, 0.00010265763558, 5.10999489052e-05, 4.63979813503e-05, 3.66432213923e-05, 2.98245013255e-05, 2.5659603125e-05, 2.82773253275e-05, 2.37462973018e-05, 2.23430270125e-05, 2.10719426832e-05, 2.15605687117e-05, 1.20404065456e-05, 9.15415512281e-06, 1.00861670944e-05, 9.37951790547e-06, 9.16032786336e-06, 8.34376351122e-06, 9.19329249882e-06, 1.01458608697e-05, 9.01057865121e-06, 6.47348360872e-06, 7.61698765928e-06, 6.74930834066e-06, 6.080289495e-06],
        "median": [0.00313226738945, 0.00379659002647, 0.000231352139963, 7.74011496105e-05, 0.000100677105365, 8.8677777967e-05, 8.1366073573e-05, 0.000115725422802, 0.000117338611744, 0.000143071083585, 7.70886326791e-05, 3.18722704833e-05, 3.78996373911e-05, 2.74357753369e-05, 3.96716495743e-05, 3.14576172968e-05, 4.26951955887e-05, 2.54122169281e-05, 2.19641460717e-05, 1.76238245331e-05, 1.42667704495e-05, 1.5843885194e-05, 1.51028543769e-05, 1.29109193949e-05, 1.26477189042e-05, 1.30790749608e-05, 1.20168788271e-05, 7.01877797837e-06, 5.26730536876e-06, 5.90512308918e-06, 6.25531993137e-06, 5.81040558245e-06, 4.95303129355e-06, 4.76967989016e-06, 4.96256961924e-06, 4.36033951701e-06, 2.95031713904e-06, 3.12430029226e-06, 3.02861008095e-06, 2.33054993259e-06],
        "min": [9.87219337389e-08, 1.10282996957e-06, 5.11777678014e-08, 5.10433331158e-08, 7.4843185871e-08, 2.10131254619e-08, 2.32851277815e-07, 5.24861377471e-07, 3.3649664033e-07, 1.94368203665e-06, 1.11151200599e-06, 9.03145462416e-07, 1.03324146039e-06, 8.62653166678e-07, 6.72088447118e-07, 5.72581086544e-07, 6.24011818218e-07, 3.87489365039e-07, 3.94659565472e-07, 2.12296555446e-07, 5.26830561398e-08, 5.21601180026e-08, 3.96668617952e-08, 3.56639660026e-08, 1.50383758779e-08, 3.83261689052e-09, 3.29098703844e-09, 9.27193766209e-10, 4.58752102972e-09, 5.02108665756e-09, 1.10930074015e-08, 1.46635645848e-08, 5.10475328674e-10, 4.66798066867e-09, 3.71510072705e-10, 2.20924570304e-10, 1.97147653758e-09, 9.0275353859e-10, 1.20370502454e-09, 6.94280516324e-13],
