{
"highlevel": {
    "danceability": {
        "all": {
            "danceable": 0.33370962739,
            "not_danceable": 0.666290342808
        },
        "probability": 0.666290342808,
        "value": "not_danceable"
    },
    "gender": {
        "all": {
            "female": 0.0160726476461,
            "male": 0.983927369118
        },
        "probability": 0.983927369118,
        "value": "male"
    },
    "genre_dortmund": {
        "all": {
            "alternative": 0.0887790024281,
            "blues": 0.0495704337955,
            "electronic": 0.177994176745,
            "folkcountry": 0.06960901618,
            "funksoulrnb": 0.0227687638253,
            "jazz": 0.18335968256,
            "pop": 0.0445329770446,
            "raphiphop": 0.0300367604941,
            "rock": 0.333349198103
        },
        "probability": 0.333349198103,
        "value": "rock"
    },
    "genre_electronic": {
        "all": {
            "ambient": 0.364469379187,
            "dnb": 0.311267852783,
            "house": 0.247267946601,
            "techno": 0.0365124233067,
            "trance": 0.0404823943973
        },
        "probability": 0.364469379187,
        "value": "ambient"
    },
    "genre_rosamerica": {
        "all": {
            "cla": 0.211360961199,
            "dan": 0.180024042726,
            "hip": 0.142657190561,
            "jaz": 0.062429305166,
            "pop": 0.107164539397,
            "rhy": 0.0810167789459,
            "roc": 0.153650999069,
            "spe": 0.0616961941123
        },
        "probability": 0.211360961199,
        "value": "cla"
    },
    "genre_tzanetakis": {
        "all": {
            "blu": 0.0620671063662,
            "cla": 0.034474901855,
            "cou": 0.103433981538,
            "dis": 0.0620971247554,
            "hip": 0.15527240932,
            "jaz": 0.310666948557,
            "met": 0.044346679002,
            "pop": 0.0620793737471,
            "reg": 0.0620816536248,
            "roc": 0.103479810059
        },
        "probability": 0.310666948557,
        "value": "jaz"
    },
    "ismir04_rhythm": {
        "all": {
            "ChaChaCha": 0.103645861149,
            "Jive": 0.687102556229,
            "Quickstep": 0.0220477189869,
            "Rumba-American": 0.00554262753576,
            "Rumba-International": 0.0128532508388,
            "Rumba-Misc": 0.00212290580384,
            "Samba": 0.147703573108,
            "Tango": 0.00491309165955,
            "VienneseWaltz": 0.0117283184081,
            "Waltz": 0.002340111183
        },
        "probability": 0.687102556229,
        "value": "Jive"
    },
    "mood_acoustic": {
        "all": {
            "acoustic": 0.139355167747,
            "not_acoustic": 0.860644817352
        },
        "probability": 0.860644817352,
        "value": "not_acoustic"
    },
    "mood_aggressive": {
        "all": {
            "aggressive": 0.310731440783,
            "not_aggressive": 0.68926858902
        },
        "probability": 0.68926858902,
        "value": "not_aggressive"
    },
    "mood_electronic": {
        "all": {
            "electronic": 0.658659756184,
            "not_electronic": 0.341340273619
        },
        "probability": 0.658659756184,
        "value": "electronic"
    },
    "mood_happy": {
        "all": {
            "happy": 0.292204916477,
            "not_happy": 0.707795083523
        },
        "probability": 0.707795083523,
        "value": "not_happy"
    },
    "mood_party": {
        "all": {
            "not_party": 0.537233352661,
            "party": 0.462766677141
        },
        "probability": 0.537233352661,
        "value": "not_party"
    },
    "mood_relaxed": {
        "all": {
            "not_relaxed": 0.209238484502,
            "relaxed": 0.790761530399
        },
        "probability": 0.790761530399,
        "value": "relaxed"
    },
    "mood_sad": {
        "all": {
            "not_sad": 0.691826343536,
            "sad": 0.308173656464
        },
        "probability": 0.691826343536,
        "value": "not_sad"
    },
    "moods_mirex": {
        "all": {
            "Cluster1": 0.200333312154,
            "Cluster2": 0.220523715019,
            "Cluster3": 0.0424532815814,
            "Cluster4": 0.127918347716,
            "Cluster5": 0.408771365881
        },
        "probability": 0.408771365881,
        "value": "Cluster5"
    },
    "timbre": {
        "all": {
            "bright": 0.982007265091,
            "dark": 0.0179927349091
        },
        "probability": 0.982007265091,
        "value": "bright"
    },
    "tonal_atonal": {
        "all": {
            "atonal": 0.264231264591,
            "tonal": 0.735768735409
        },
        "probability": 0.735768735409,
        "value": "tonal"
    },
    "voice_instrumental": {
        "all": {
            "instrumental": 0.0233103334904,
            "voice": 0.976689696312
        },
        "probability": 0.976689696312,
        "value": "voice"
    }
},
"lowlevel": {
    "average_loudness": 0.945638179779,
    "barkbands_crest": {
        "dmean": 3.67815876007,
        "dmean2": 5.95213270187,
        "dvar": 11.1485290527,
        "dvar2": 22.8652362823,
        "max": 25.5851325989,
        "mean": 10.4548549652,
        "median": 9.41993904114,
        "min": 2.48805546761,
        "var": 24.5031051636
    },
    "barkbands_flatness_db": {
        "dmean": 0.0320774391294,
        "dmean2": 0.0491693876684,
        "dvar": 0.000798984954599,
        "dvar2": 0.00177521398291,
        "max": 0.322655379772,
        "mean": 0.154191315174,
        "median": 0.146498143673,
        "min": 0.0504375956953,
        "var": 0.00254340865649
    },
    "barkbands_kurtosis": {
        "dmean": 4.044672966,
        "dmean2": 6.25087356567,
        "dvar": 45.0428199768,
        "dvar2": 94.7040939331,
        "max": 82.9186859131,
        "mean": 4.08583974838,
        "median": 1.46669101715,
        "min": -1.83614456654,
        "var": 66.5066070557
    },
    "barkbands_skewness": {
        "dmean": 0.82066565752,
        "dmean2": 1.19052505493,
        "dvar": 0.668993711472,
        "dvar2": 1.34722459316,
        "max": 7.89152526855,
        "mean": 1.54244756699,
        "median": 1.36295318604,
        "min": -1.90218913555,
        "var": 1.73380529881
    },
    "barkbands_spread": {
        "dmean": 8.78287887573,
        "dmean2": 13.4056339264,
        "dvar": 81.6133956909,
        "dvar2": 187.220901489,
        "max": 85.2179031372,
        "mean": 22.7771682739,
        "median": 20.4306316376,
        "min": 2.0246925354,
        "var": 191.721405029
    },
    "dissonance": {
        "dmean": 0.0140037061647,
        "dmean2": 0.0234573539346,
        "dvar": 0.000259563181316,
        "dvar2": 0.000679709366523,
        "max": 0.500000119209,
        "mean": 0.478119194508,
        "median": 0.484063029289,
        "min": 0.323636978865,
        "var": 0.000430489541031
    },
    "dynamic_complexity": 3.04813694954,
    "erbbands_crest": {
        "dmean": 2.66158151627,
        "dmean2": 4.19963979721,
        "dvar": 6.20634460449,
        "dvar2": 14.8748531342,
        "max": 27.0635185242,
        "mean": 7.85972166061,
        "median": 6.78264093399,
        "min": 2.52469086647,
        "var": 15.77754879
    },
    "erbbands_flatness_db": {
        "dmean": 0.0246112775058,
        "dmean2": 0.0369794405997,
        "dvar": 0.000539665110409,
        "dvar2": 0.00112593360245,
        "max": 0.337225645781,
        "mean": 0.175347864628,
        "median": 0.171366110444,
        "min": 0.0748842433095,
        "var": 0.00164485175628
    },
    "erbbands_kurtosis": {
        "dmean": 1.07248103619,
        "dmean2": 1.66973459721,
        "dvar": 2.54031276703,
        "dvar2": 5.12542486191,
        "max": 29.3642272949,
        "mean": 0.290763378143,
        "median": -0.423890829086,
        "min": -1.73622012138,
        "var": 6.75565862656
    },
    "erbbands_skewness": {
        "dmean": 0.485598266125,
        "dmean2": 0.726981639862,
        "dvar": 0.175054445863,
        "dvar2": 0.385090947151,
        "max": 4.55264902115,
        "mean": 0.264891147614,
        "median": 0.211705520749,
        "min": -1.65974569321,
        "var": 0.718662917614
    },
    "erbbands_spread": {
        "dmean": 12.054517746,
        "dmean2": 17.9978027344,
        "dvar": 135.226882935,
        "dvar2": 270.078887939,
        "max": 114.964080811,
        "mean": 42.9112815857,
        "median": 41.7009086609,
        "min": 4.16545963287,
        "var": 348.045196533
    },
    "hfc": {
        "dmean": 9.35133361816,
        "dmean2": 13.848649025,
        "dvar": 113.040634155,
        "dvar2": 244.653533936,
        "max": 69.7515182495,
        "mean": 16.379201889,
        "median": 11.4991102219,
        "min": 0.585723400116,
        "var": 194.821762085
    },
    "melbands_crest": {
        "dmean": 4.57483100891,
        "dmean2": 7.20017814636,
        "dvar": 16.3836288452,
        "dvar2": 33.4650840759,
        "max": 30.812538147,
        "mean": 14.3372459412,
        "median": 13.6785669327,
        "min": 2.84779024124,
        "var": 37.8249778748
    },
    "melbands_flatness_db": {
        "dmean": 0.0391175374389,
        "dmean2": 0.0567907951772,
        "dvar": 0.00126314966474,
        "dvar2": 0.00250761187635,
        "max": 0.387600958347,
        "mean": 0.175147160888,
        "median": 0.169737756252,
        "min": 0.0250294301659,
        "var": 0.00462088175118
    },
    "melbands_kurtosis": {
        "dmean": 10.1367673874,
        "dmean2": 15.3357601166,
        "dvar": 278.760498047,
        "dvar2": 566.495422363,
        "max": 189.239898682,
        "mean": 13.7817459106,
        "median": 7.09790611267,
        "min": -1.54410707951,
        "var": 430.280151367
    },
    "melbands_skewness": {
        "dmean": 1.1189057827,
        "dmean2": 1.61809694767,
        "dvar": 1.32637119293,
        "dvar2": 2.53815865517,
        "max": 12.199224472,
        "mean": 2.73329901695,
        "median": 2.34486651421,
        "min": -0.702559530735,
        "var": 3.39849710464
    },
    "melbands_spread": {
        "dmean": 12.3018293381,
        "dmean2": 18.5977020264,
        "dvar": 217.477401733,
        "dvar2": 495.788787842,
        "max": 164.35748291,
        "mean": 27.1863307953,
        "median": 20.1544742584,
        "min": 1.43356919289,
        "var": 500.369049072
    },
    "pitch_salience": {
        "dmean": 0.0970184132457,
        "dmean2": 0.156265169382,
        "dvar": 0.00696970289573,
        "dvar2": 0.0174489282072,
        "max": 0.903091311455,
        "mean": 0.620947003365,
        "median": 0.636635124683,
        "min": 0.190775424242,
        "var": 0.0152485417202
    },
    "silence_rate_20dB": {
        "dmean": 0,
        "dmean2": 0,
        "dvar": 0,
        "dvar2": 0,
        "max": 1,
        "mean": 1,
        "median": 1,
        "min": 1,
        "var": 0
    },
    "silence_rate_30dB": {
        "dmean": 0,
        "dmean2": 0,
        "dvar": 0,
        "dvar2": 0,
        "max": 1,
        "mean": 1,
        "median": 1,
        "min": 1,
        "var": 0
    },
    "silence_rate_60dB": {
        "dmean": 0.0928792580962,
        "dmean2": 0.185902401805,
        "dvar": 0.0842537805438,
        "dvar2": 0.194720864296,
        "max": 1,
        "mean": 0.11059551686,
        "median": 0,
        "min": 0,
        "var": 0.0983630046248
    },
    "spectral_centroid": {
        "dmean": 410.089263916,
        "dmean2": 603.852416992,
        "dvar": 159357.140625,
        "dvar2": 316389.125,
        "max": 4058.70288086,
        "mean": 1393.43151855,
        "median": 1239.37988281,
        "min": 263.14352417,
        "var": 539771.1875
    },
    "spectral_complexity": {
        "dmean": 5.81888532639,
        "dmean2": 8.27110767365,
        "dvar": 42.6652297974,
        "dvar2": 72.3261260986,
        "max": 53,
        "mean": 18.7084293365,
        "median": 18,
        "min": 0,
        "var": 147.323364258
    },
    "spectral_decrease": {
        "dmean": 3.21819815241e-09,
        "dmean2": 4.68922367602e-09,
        "dvar": 1.83984936372e-17,
        "dvar2": 4.06881540636e-17,
        "max": -6.35936789339e-11,
        "mean": -5.29190913312e-09,
        "median": -3.52121576341e-09,
        "min": -3.47813902124e-08,
        "var": 2.78149407138e-17
    },
    "spectral_energy": {
        "dmean": 0.012869309634,
        "dmean2": 0.0186875145882,
        "dvar": 0.000280900421785,
        "dvar2": 0.000618522055447,
        "max": 0.134307742119,
        "mean": 0.0214585345238,
        "median": 0.0146965263411,
        "min": 0.000302039232338,
        "var": 0.000433788402006
    },
    "spectral_energyband_high": {
        "dmean": 0.000620815495495,
        "dmean2": 0.000937667558901,
        "dvar": 9.06044590465e-07,
        "dvar2": 2.10930147659e-06,
        "max": 0.00562107795849,
        "mean": 0.000757703674026,
        "median": 0.000336759985657,
        "min": 1.2409484043e-05,
        "var": 1.06763650365e-06
    },
    "spectral_energyband_low": {
        "dmean": 0.00243094470352,
        "dmean2": 0.00393819902092,
        "dvar": 3.41408413078e-05,
        "dvar2": 8.04019218776e-05,
        "max": 0.044073857367,
        "mean": 0.00231616967358,
        "median": 0.000671709072776,
        "min": 1.60292742635e-07,
        "var": 3.1991959986e-05
    },
    "spectral_energyband_middle_high": {
        "dmean": 0.00161826203112,
        "dmean2": 0.00241416227072,
        "dvar": 5.08535731569e-06,
        "dvar2": 9.35368097998e-06,
        "max": 0.0311055853963,
        "mean": 0.00349697214551,
        "median": 0.00218435609713,
        "min": 0.000100006567664,
        "var": 1.39949879667e-05
    },
    "spectral_energyband_middle_low": {
        "dmean": 0.0112167047337,
        "dmean2": 0.0170015729964,
        "dvar": 0.00026652860106,
        "dvar2": 0.000649214722216,
        "max": 0.13163241744,
        "mean": 0.0158722065389,
        "median": 0.00983210187405,
        "min": 7.54970687922e-06,
        "var": 0.000322228035657
    },
    "spectral_entropy": {
        "dmean": 0.225924894214,
        "dmean2": 0.331204891205,
        "dvar": 0.051092479378,
        "dvar2": 0.108828805387,
        "max": 8.73628234863,
        "mean": 7.65883731842,
        "median": 7.7328081131,
        "min": 6.31802225113,
        "var": 0.163411960006
    },
    "spectral_flux": {
        "dmean": 0.0375442020595,
        "dmean2": 0.0584080517292,
        "dvar": 0.00162163225468,
        "dvar2": 0.00299642467871,
        "max": 0.317032247782,
        "mean": 0.0916949287057,
        "median": 0.0757522210479,
        "min": 0.0124120200053,
        "var": 0.00322699197568
    },
    "spectral_kurtosis": {
        "dmean": 1.87640380859,
        "dmean2": 3.09283208847,
        "dvar": 3.61281752586,
        "dvar2": 9.36891269684,
        "max": 18.3342723846,
        "mean": 3.53036475182,
        "median": 2.83711242676,
        "min": -0.0976278781891,
        "var": 7.22906684875
    },
    "spectral_rms": {
        "dmean": 0.00131728826091,
        "dmean2": 0.00183635402936,
        "dvar": 1.93619348465e-06,
        "dvar2": 3.85833254768e-06,
        "max": 0.0114469183609,
        "mean": 0.00405808771029,
        "median": 0.00378656503744,
        "min": 0.000542837369721,
        "var": 4.4670873649e-06
    },
    "spectral_rolloff": {
        "dmean": 985.411071777,
        "dmean2": 1563.05126953,
        "dvar": 1828960.25,
        "dvar2": 4276483,
        "max": 12058.59375,
        "mean": 1939.51989746,
        "median": 1378.125,
        "min": 150.732421875,
        "var": 3340927
    },
    "spectral_skewness": {
        "dmean": 0.284942537546,
        "dmean2": 0.43478628993,
        "dvar": 0.0594040006399,
        "dvar2": 0.13883946836,
        "max": 3.07739686966,
        "mean": 1.29477357864,
        "median": 1.22556638718,
        "min": 0.202003449202,
        "var": 0.207690671086
    },
    "spectral_spread": {
        "dmean": 757778.375,
        "dmean2": 1110696.25,
        "dvar": 919453564928,
        "dvar2": 2.0626023383e+12,
        "max": 10115050,
        "mean": 4163661.5,
        "median": 3914820,
        "min": 1675327.25,
        "var": 1.80187103232e+12
    },
    "spectral_strongpeak": {
        "dmean": 0.400904238224,
        "dmean2": 0.627496421337,
        "dvar": 0.158443033695,
        "dvar2": 0.35864725709,
        "max": 4.26356697083,
        "mean": 0.66714411974,
        "median": 0.487987816334,
        "min": 0.020397182554,
        "var": 0.371269762516
    },
    "zerocrossingrate": {
        "dmean": 0.0170826632529,
        "dmean2": 0.0202789902687,
        "dvar": 0.000270085263764,
        "dvar2": 0.000352489238139,
        "max": 0.2880859375,
        "mean": 0.0723332241178,
        "median": 0.0625,
        "min": 0.01123046875,
        "var": 0.00158508156892
    },
    "barkbands": {
        "dmean": [1.34104293465e-05, 0.000274921330856, 0.00155673606787, 0.00195887242444, 0.00721604470164, 0.00180804089177, 0.000863926135935, 0.00128944846801, 0.000696116127074, 0.000409871834563, 0.000255496037425, 0.000283445580862, 0.000317787053064, 0.000213076389628, 0.000179745053174, 0.000200756883714, 0.000166719721165, 0.000194761218154, 0.000142874312587, 0.000142684148159, 0.000147946877405, 0.00013196580403, 0.000121467637655, 8.24334492791e-05, 6.91453387844e-05, 4.84096563014e-05, 5.2667012973e-09],
        "dmean2": [2.35042953136e-05, 0.000495827291161, 0.00278754206374, 0.00325621780939, 0.011629444547, 0.00303519936278, 0.0014034525957, 0.00201110495254, 0.00111848302186, 0.000602078449447, 0.000416305236286, 0.000456164008938, 0.000502870534547, 0.000347199122189, 0.000289138930384, 0.000308862916427, 0.000260995846475, 0.000319862825563, 0.000216965549043, 0.000223564493353, 0.000215100240894, 0.000204181225854, 0.000187130193808, 0.00013204611605, 0.000118893673061, 8.76679259818e-05, 7.39186800658e-09],
        "dvar": [1.59400337374e-09, 3.86111025819e-07, 2.06178756343e-05, 2.33004575421e-05, 0.000141715965583, 1.1448704754e-05, 2.43418753598e-06, 6.70857252771e-06, 1.75911213773e-06, 6.99846168573e-07, 2.2290011259e-07, 3.63318804375e-07, 2.45906164764e-07, 1.28036504066e-07, 7.91783776322e-08, 9.49095593228e-08, 5.94865383619e-08, 8.1844355293e-08, 4.44809522548e-08, 4.8908844974e-08, 5.26859018635e-08, 3.64796264307e-08, 3.95530364017e-08, 1.96489526871e-08, 2.66885553657e-08, 1.95791702851e-08, 1.03292279786e-14],
        "dvar2": [3.38024941371e-09, 1.08173185254e-06, 5.525364395e-05, 5.76372985961e-05, 0.000362681224942, 3.03451215586e-05, 5.76181946599e-06, 1.48104136315e-05, 4.26935002906e-06, 1.28460999349e-06, 5.61705576274e-07, 7.97634868377e-07, 5.17862758898e-07, 3.08330442067e-07, 1.93901712464e-07, 2.04730142173e-07, 1.30319563141e-07, 1.95786498125e-07, 9.34110389039e-08, 1.06561870439e-07, 1.07495338852e-07, 8.66183569315e-08, 9.61570805202e-08, 4.94413932017e-08, 7.21168191831e-08, 5.39967430768e-08, 1.07782511554e-14],
        "max": [0.000869904877618, 0.00477302772924, 0.0312140360475, 0.0467818304896, 0.0969166457653, 0.0290151163936, 0.0187120828778, 0.03442293033, 0.0189514625818, 0.0231834631413, 0.0063692596741, 0.00883292220533, 0.0109774433076, 0.00312802079134, 0.00285735703073, 0.00355248851702, 0.00361828971654, 0.00275238510221, 0.00159515230916, 0.00187071936671, 0.001944648684, 0.00153404928278, 0.00133658607956, 0.00100996228866, 0.00125806534197, 0.00100003788248, 3.61454749509e-06],
        "mean": [1.09287275336e-05, 0.000256901868852, 0.00116510305088, 0.00181471568067, 0.00748342694715, 0.00214944547042, 0.00129900523461, 0.00189184979536, 0.00106770859566, 0.000628074863926, 0.000323620362906, 0.000408214924391, 0.000485453609144, 0.000268940581009, 0.000271498807706, 0.000316941644996, 0.000255039747572, 0.000306610862026, 0.000203691030038, 0.000188933438039, 0.000188525562407, 0.00016272047651, 0.000135448281071, 8.81887754076e-05, 5.49132273591e-05, 3.2622134313e-05, 4.40065406337e-09],
        "median": [1.45506669469e-06, 2.57815227087e-05, 0.000167053891346, 0.000562678498682, 0.00317605677992, 0.00107280234806, 0.000391237146687, 0.000371971080313, 0.000319528771797, 0.000157927323016, 0.00011867012654, 0.00011975934467, 0.000280293897958, 0.000111798923172, 0.000146588572534, 0.000170335391886, 0.000133769368404, 0.000213317238376, 0.000107291954919, 9.065890481e-05, 7.89050318417e-05, 7.29982275516e-05, 5.05644893565e-05, 2.98066861433e-05, 9.54928236752e-06, 2.17543470171e-06, 2.16870549297e-10],
        "min": [4.60437993288e-10, 3.83274390003e-09, 3.11905523631e-08, 2.46387781289e-08, 3.43850175e-08, 4.29363296917e-07, 1.06234750774e-07, 2.4104286922e-07, 7.89872956375e-07, 3.64930428987e-07, 5.83881217153e-07, 1.32423292598e-06, 2.23724282478e-06, 2.88633486889e-06, 4.91838181915e-06, 7.58649912314e-06, 5.76681713937e-06, 2.51047231359e-06, 6.15952149019e-06, 1.49797574522e-06, 2.76614014183e-06, 1.92994343706e-06, 3.12168907612e-07, 4.32770477232e-08, 8.5195765373e-12, 5.18520426249e-12, 8.63028225273e-12],
        "var": [1.25549826091e-09, 2.85095950403e-07, 1.41441150845e-05, 1.95614647964e-05, 0.000128518557176, 1.06865782072e-05, 4.64896993435e-06, 1.4776936041e-05, 3.25225914821e-06, 1.82053986464e-06, 3.38289993351e-07, 7.23787934476e-07, 5.0312547728e-07, 1.70360650031e-07, 1.15565264025e-07, 1.65330718005e-07, 9.59949915114e-08, 9.72865734639e-08, 6.68575736995e-08, 6.38579322754e-08, 7.6434083951e-08, 4.49173462869e-08, 4.34819966699e-08, 1.99937719714e-08, 1.8781774358e-08, 1.24615908703e-08, 1.0218820622e-14]
    },
    "erbbands": {
        "dmean": [0.00346932699904, 0.097187846899, 1.26550543308, 4.0935459137, 15.2348041534, 29.3441848755, 20.3030433655, 14.2217311859, 11.3031702042, 17.9790878296, 28.0294017792, 17.4358024597, 11.127199173, 12.2825450897, 11.3029813766, 10.9030742645, 14.7139520645, 12.193277359, 9.15543174744, 8.92770290375, 10.8604679108, 9.00751209259, 11.0049114227, 7.75975370407, 7.54757642746, 6.33606243134, 6.13503599167, 6.23923635483, 4.89631414413, 3.47595024109, 3.30075883865, 2.13946127892, 1.14661991596, 0.735025703907, 0.477793872356, 0.277496576309, 0.0830887258053, 0.00527651933953, 0.000112903748231, 2.08271394513e-05],
        "dmean2": [0.00599188962951, 0.172446921468, 2.23120570183, 6.66246271133, 25.8841190338, 46.8134727478, 34.9107093811, 23.6208782196, 18.055929184, 29.1901264191, 43.9104652405, 27.8493080139, 16.8802242279, 18.0136470795, 18.544424057, 17.4948940277, 23.6954097748, 19.7992649078, 14.7961082458, 13.8571825027, 16.6552867889, 13.907617569, 17.8369541168, 12.0335035324, 11.7191028595, 9.78445339203, 9.14666175842, 9.41073703766, 7.54770851135, 5.25280094147, 5.06579017639, 3.41203904152, 1.83229446411, 1.23235428333, 0.845624089241, 0.500031888485, 0.150136679411, 0.00960097368807, 0.000200870999834, 3.18550773954e-05],
        "dvar": [3.62909704563e-05, 0.0570464543998, 13.214600563, 92.120880127, 1334.69189453, 2052.5637207, 1393.53771973, 749.900939941, 369.811187744, 1078.48999023, 3736.42675781, 1014.33502197, 363.071289062, 760.463500977, 456.738739014, 528.427368164, 491.649200439, 428.072937012, 198.829315186, 202.678710938, 302.042785645, 179.864425659, 207.637985229, 187.058868408, 130.724441528, 84.5834884644, 101.872451782, 84.8088684082, 47.4265708923, 30.4795608521, 26.1030826569, 13.9721708298, 3.66291475296, 2.42882609367, 1.48764884472, 0.62788194418, 0.0570483319461, 0.000229847602895, 9.31343748789e-08, 6.4505178976e-10],
        "dvar2": [9.59587123361e-05, 0.155924290419, 34.7715301514, 197.000946045, 3739.89746094, 4687.02978516, 3801.23852539, 1948.16088867, 870.040283203, 2326.52197266, 8014.20605469, 2451.0559082, 774.850036621, 1349.44689941, 1141.63659668, 1141.75744629, 1137.32336426, 996.253417969, 490.000061035, 420.393066406, 678.734924316, 379.161804199, 482.00100708, 412.982086182, 282.201965332, 174.453308105, 219.256484985, 179.777877808, 110.635604858, 73.1272659302, 61.3763923645, 35.5900306702, 9.01851558685, 6.45152378082, 4.08484458923, 1.73105740547, 0.156817764044, 0.000637252407614, 2.56857703107e-07, 1.56651569494e-09],
        "max": [0.0592272542417, 1.76519751549, 25.7248077393, 80.8206481934, 332.894012451, 311.639007568, 291.165008545, 271.803253174, 291.744384766, 462.686950684, 903.479797363, 458.601470947, 304.875701904, 856.960876465, 331.250854492, 379.09463501, 296.319610596, 235.371765137, 163.288269043, 129.940444946, 249.207519531, 216.292388916, 124.500061035, 145.949157715, 93.2439041138, 77.9661254883, 88.0226974487, 71.7037887573, 51.2636413574, 46.2349586487, 33.9489974976, 29.7635669708, 14.4828701019, 11.8472328186, 9.38201522827, 5.43191766739, 1.54981553555, 0.104326747358, 0.00201378879137, 0.000155639660079],
        "mean": [0.00385745288804, 0.0872873812914, 0.997317373753, 4.33124160767, 14.1592197418, 29.9840450287, 21.3523674011, 16.9429607391, 17.8043518066, 27.213136673, 41.1866416931, 26.8267803192, 18.2748641968, 17.95586586, 15.5894756317, 17.0035057068, 22.7241764069, 16.160736084, 14.4885215759, 14.813079834, 17.7174797058, 14.7475328445, 17.902305603, 10.8659629822, 10.2506818771, 8.71381950378, 7.87275218964, 7.53143644333, 6.07004642487, 4.29292869568, 3.79303264618, 2.3029024601, 1.19767737389, 0.630258321762, 0.356308668852, 0.188938647509, 0.0558289475739, 0.00342229683883, 8.43556335894e-05, 3.02751268464e-05],
        "median": [0.000571454816964, 0.0109834270552, 0.169654935598, 1.38145053387, 5.55112075806, 10.4543952942, 10.3455705643, 7.81877946854, 6.92558765411, 7.00202274323, 8.8471031189, 7.77562475204, 5.38106870651, 5.80451202393, 6.11962127686, 5.54203796387, 13.3898601532, 7.70940208435, 8.57855510712, 8.44056034088, 9.30331230164, 8.21736240387, 12.8013353348, 5.29041862488, 5.41465330124, 4.39068603516, 3.43689894676, 3.01523947716, 2.71131658554, 1.88138151169, 1.46257197857, 0.793224275112, 0.383727103472, 0.129664033651, 0.0487718954682, 0.0136510338634, 0.00245642778464, 0.000116783085105, 1.79950566235e-05, 2.10372381844e-05],
        "min": [2.36626632955e-07, 6.12814164924e-06, 9.89893014776e-05, 4.25547877967e-05, 0.000147500031744, 0.000668476393912, 0.00248738960363, 0.00263589294627, 0.00153343053535, 0.00791359785944, 0.0149530665949, 0.0283390618861, 0.00931424554437, 0.0196880102158, 0.0476403906941, 0.0912552177906, 0.119483835995, 0.129824385047, 0.377980917692, 0.266223222017, 0.7529976964, 0.528032243252, 0.152723714709, 0.238326445222, 0.330155223608, 0.178736776114, 0.126717165112, 0.0901863723993, 0.0752392485738, 0.0189301539212, 0.016223968938, 0.00289196823724, 0.000773434003349, 8.54693207657e-05, 9.05501110537e-06, 2.76036053037e-06, 6.93152912845e-07, 2.35314388419e-07, 2.81363867316e-07, 4.82299810756e-07],
        "var": [3.98600604967e-05, 0.041057612747, 9.53065299988, 95.8216934204, 887.585632324, 2228.47900391, 1118.40844727, 745.046569824, 793.776733398, 2532.39135742, 7686.20654297, 1958.0098877, 995.593261719, 1654.86816406, 696.407958984, 1090.87011719, 933.791564941, 597.588867188, 306.097045898, 355.751312256, 496.893890381, 295.663665771, 283.03692627, 234.708572388, 174.581161499, 124.685829163, 133.704589844, 114.934768677, 61.4712562561, 37.8541069031, 31.3581027985, 13.9997615814, 3.73686361313, 1.8618388176, 0.983961462975, 0.399432748556, 0.0368713103235, 0.000144686753629, 5.97981326678e-08, 8.0465695218e-10]
    },
    "gfcc": {
        "mean": [-25.6379508972, 87.933807373, -146.631759644, 38.0162353516, -78.2247467041, 0.49822729826, -55.106174469, -11.5915145874, -29.0663585663, -12.8526668549, -18.147567749, -9.19934654236, -13.5218238831],
        "cov": [[4722.74902344, -311.728607178, 755.694580078, -565.562866211, -557.922790527, 108.000473022, -35.5530929565, 490.175537109, -117.362182617, 448.058929443, -182.431838989, 285.797485352, 113.056732178], [-311.728607178, 2174.87890625, -312.803222656, -22.0776195526, 177.817947388, -215.359664917, 394.793029785, -153.52230835, 434.139801025, -353.809417725, 279.178985596, -259.87109375, 191.976776123], [755.694580078, -312.803222656, 800.388427734, -115.754730225, -22.7959537506, 14.8563604355, -104.88041687, 158.338012695, -158.413925171, 216.60118103, -195.533493042, 131.716339111, -105.943824768], [-565.562866211, -22.0776195526, -115.754730225, 507.738250732, 169.383361816, 94.1237640381, -7.58253002167, -201.135574341, -14.329419136, -161.854324341, 60.4808540344, -106.397567749, 30.7553939819], [-557.922790527, 177.817947388, -22.7959537506, 169.383361816, 295.864959717, 48.7998809814, 61.0788078308, -74.4086914062, -5.66843175888, -68.060333252, 20.5465354919, -22.2041416168, -29.8826999664], [108.000473022, -215.359664917, 14.8563604355, 94.1237640381, 48.7998809814, 227.56968689, 56.6909103394, 78.8335952759, -30.9087238312, 44.43359375, 9.77514266968, 24.3782024384, 20.6431236267], [-35.5530929565, 394.793029785, -104.88041687, -7.58253002167, 61.0788078308, 56.6909103394, 262.238494873, 59.1093521118, 142.512268066, -26.2372989655, 68.9992294312, -8.81456756592, 45.5088348389], [490.175537109, -153.52230835, 158.338012695, -201.135574341, -74.4086914062, 78.8335952759, 59.1093521118, 270.809387207, 16.9117488861, 178.267196655, -50.9443321228, 83.237739563, -16.8458518982], [-117.362182617, 434.139801025, -158.413925171, -14.329419136, -5.66843175888, -30.9087238312, 142.512268066, 16.9117488861, 218.035888672, -33.2240600586, 114.516288757, -48.0868339539, 46.6197624207], [448.058929443, -353.809417725, 216.60118103, -161.854324341, -68.060333252, 44.43359375, -26.2372989655, 178.267196655, -33.2240600586, 244.009216309, -60.2706680298, 131.648696899, -51.2881622314], [-182.431838989, 279.178985596, -195.533493042, 60.4808540344, 20.5465354919, 9.77514266968, 68.9992294312, -50.9443321228, 114.516288757, -60.2706680298, 160.888900757, -34.1402130127, 69.3637084961], [285.797485352, -259.87109375, 131.716339111, -106.397567749, -22.2041416168, 24.3782024384, -8.81456756592, 83.237739563, -48.0868339539, 131.648696899, -34.1402130127, 156.34312439, -15.5008087158], [113.056732178, 191.976776123, -105.943824768, 30.7553939819, -29.8826999664, 20.6431236267, 45.5088348389, -16.8458518982, 46.6197624207, -51.2881622314, 69.3637084961, -15.5008087158, 111.441162109]],
        "icov": [[0.000437194743427, -0.00027181088808, -0.00020541025151, -3.5160133848e-05, 0.000818692846224, -0.000374726980226, 6.29771820968e-05, -0.000147334867506, 0.000370706460671, -0.000406529114116, 0.000294470431982, -0.000373849412426, -0.000497371307574], [-0.00027181088808, 0.00275175506249, -0.00119658198673, 0.00176759518217, -0.00263035483658, 0.00229771737941, -0.00214965944178, 0.000614064221736, -0.00229636323638, 0.00181424885523, -0.00159111001994, 0.00322136143222, -0.00301624089479], [-0.00020541025151, -0.00119658198673, 0.00300844595768, -0.0013002473861, 0.00039797637146, -0.000333025760483, 0.0011966493912, -0.000830842880532, 0.00130662077572, -0.00189844833221, 0.00234846910462, -0.00171069160569, 0.00192271755077], [-3.5160133848e-05, 0.00176759518217, -0.0013002473861, 0.00606397399679, -0.00296059297398, -0.00204669730738, -0.000604712637141, 0.00425694184378, -0.00240165297873, 0.000997707014903, -0.000656037707813, 0.00379898305982, -0.00304264924489], [0.000818692846224, -0.00263035483658, 0.00039797637146, -0.00296059297398, 0.00890018697828, -0.00288389017805, -0.000385879771784, -0.000230111778365, 0.00354123464786, -0.000474833301269, 0.000238387801801, -0.00431890180334, 0.0054905875586], [-0.000374726980226, 0.00229771737941, -0.000333025760483, -0.00204669730738, -0.00288389017805, 0.0116043481976, -0.00451008463278, -0.0046821651049, 0.00337062729523, -0.000101257326605, -0.00414931122214, 0.00327669037506, -0.00353694264777], [6.29771820968e-05, -0.00214965944178, 0.0011966493912, -0.000604712637141, -0.000385879771784, -0.00451008463278, 0.0109559949487, -0.0024691822473, -0.00522859301418, 0.00207482045516, 0.00320261600427, -0.0050568273291, 0.00127386336681], [-0.000147334867506, 0.000614064221736, -0.000830842880532, 0.00425694184378, -0.000230111778365, -0.0046821651049, -0.0024691822473, 0.0140751386061, -0.00350505416282, -0.0068540754728, 0.00364689994603, 0.00319893541746, -0.00244455947541], [0.000370706460671, -0.00229636323638, 0.00130662077572, -0.00240165297873, 0.00354123464786, 0.00337062729523, -0.00522859301418, -0.00350505416282, 0.0175400599837, -0.00429795216769, -0.00765910698101, 0.00197168136947, 0.00314113637432], [-0.000406529114116, 0.00181424885523, -0.00189844833221, 0.000997707014903, -0.000474833301269, -0.000101257326605, 0.00207482045516, -0.0068540754728, -0.00429795216769, 0.0185412000865, -0.0026334959548, -0.00734519725665, 0.0041635883972], [0.000294470431982, -0.00159111001994, 0.00234846910462, -0.000656037707813, 0.000238387801801, -0.00414931122214, 0.00320261600427, 0.00364689994603, -0.00765910698101, -0.0026334959548, 0.0182991605252, -0.00331903947517, -0.00492756720632], [-0.000373849412426, 0.00322136143222, -0.00171069160569, 0.00379898305982, -0.00431890180334, 0.00327669037506, -0.0050568273291, 0.00319893541746, 0.00197168136947, -0.00734519725665, -0.00331903947517, 0.0187613386661, -0.00659113237634], [-0.000497371307574, -0.00301624089479, 0.00192271755077, -0.00304264924489, 0.0054905875586, -0.00353694264777, 0.00127386336681, -0.00244455947541, 0.00314113637432, 0.0041635883972, -0.00492756720632, -0.00659113237634, 0.0213316325098]]
    },
    "melbands": {
        "dmean": [5.07949152961e-05, 0.000487988523673, 0.000871724681929, 0.00173619063571, 0.000802490743808, 0.000305586960167, 0.000181557770702, 0.000212489685509, 0.00022249147878, 9.87460516626e-05, 5.57873972866e-05, 5.21851361555e-05, 3.64927836927e-05, 3.47391469404e-05, 2.4987193683e-05, 3.57373537554e-05, 2.24704672291e-05, 1.50743508129e-05, 1.31758915813e-05, 1.3617800505e-05, 1.30966764118e-05, 9.81166249403e-06, 1.07142323031e-05, 8.64756020746e-06, 6.40734651824e-06, 5.60583657716e-06, 5.66966673432e-06, 4.04709953727e-06, 4.00880435336e-06, 3.51258722731e-06, 3.98014299208e-06, 3.35708341481e-06, 1.62163826189e-06, 2.23490383178e-06, 2.0900315576e-06, 1.51410165472e-06, 1.30833484491e-06, 8.66408299771e-07, 6.59185332097e-07, 6.17497164512e-07],
        "dmean2": [9.01179009816e-05, 0.000871780794114, 0.00137083325535, 0.00282988511026, 0.00132201204542, 0.000506932323333, 0.0002920825209, 0.000341849343386, 0.000351082562702, 0.000159054165124, 8.46401817398e-05, 7.62917188695e-05, 6.01824904152e-05, 5.55450533284e-05, 3.98175143346e-05, 5.77639257244e-05, 3.67308966815e-05, 2.4634100555e-05, 2.10245780181e-05, 2.15011386899e-05, 2.03164217965e-05, 1.53562305059e-05, 1.73546432052e-05, 1.40669417306e-05, 1.00558427221e-05, 8.713814168e-06, 9.10131711862e-06, 6.24872882327e-06, 6.10211509411e-06, 5.29890712642e-06, 6.14354030404e-06, 5.32564990863e-06, 2.43287831836e-06, 3.4980394048e-06, 3.25239807353e-06, 2.38041911871e-06, 2.14204237636e-06, 1.38688403695e-06, 1.09824190986e-06, 1.05362767044e-06],
        "dvar": [1.01129442598e-08, 1.96328937818e-06, 4.09241738453e-06, 9.02270312508e-06, 1.85647843409e-06, 3.41075917731e-07, 9.70962048541e-08, 1.56287597974e-07, 2.27380056117e-07, 3.2388076221e-08, 9.54954426646e-09, 1.44383820455e-08, 4.67375338431e-09, 5.29630339585e-09, 2.86953172335e-09, 2.63688249014e-09, 1.62321855957e-09, 5.4882892675e-10, 4.25251611702e-10, 4.37354458205e-10, 4.26685659027e-10, 2.17523749013e-10, 1.82466569632e-10, 2.05253952723e-10, 1.31142777193e-10, 7.05777589149e-11, 9.68241875565e-11, 3.36490280084e-11, 4.71210501174e-11, 3.01673859504e-11, 3.73163097644e-11, 2.56433502904e-11, 4.81300676397e-12, 1.55938838231e-11, 1.06685519793e-11, 6.00175074569e-12, 5.90327352973e-12, 1.90030066335e-12, 1.66570967089e-12, 1.84065067875e-12],
        "dvar2": [2.81225887022e-08, 5.22295886185e-06, 9.01410749066e-06, 2.32101538131e-05, 4.91402352054e-06, 8.89550051397e-07, 2.29172442801e-07, 3.41145920402e-07, 5.03195053625e-07, 7.92616248191e-08, 2.04206678234e-08, 2.55254732906e-08, 1.17615606143e-08, 1.18697691676e-08, 6.21684437263e-09, 5.98233551585e-09, 3.88496479431e-09, 1.38964051377e-09, 9.76144942655e-10, 9.12628195238e-10, 9.79692438285e-10, 4.65192939725e-10, 4.4247458475e-10, 4.91707674577e-10, 2.96525221044e-10, 1.59535301636e-10, 2.30987520777e-10, 7.06671041129e-11, 1.0788741428e-10, 5.9432930799e-11, 8.46541794997e-11, 6.27110238738e-11, 1.04671740025e-11, 3.87367013466e-11, 2.54108158126e-11, 1.46494032183e-11, 1.53779801393e-11, 4.64403515643e-12, 4.30124295556e-12, 4.93442222846e-12],
        "max": [0.000783721916378, 0.0096671897918, 0.0189622826874, 0.0259963031858, 0.0101742558181, 0.00567944347858, 0.00438971351832, 0.00578012270853, 0.006616525352, 0.00246564601548, 0.00159951345995, 0.00375831802376, 0.00102118810173, 0.00120653829072, 0.000989784835838, 0.000981924706139, 0.000349279434886, 0.000331208459102, 0.000203821080504, 0.00022242940031, 0.000318922509905, 0.000243014161242, 0.000148717997945, 0.000153984583449, 0.000116615672596, 7.2651921073e-05, 9.76723677013e-05, 4.50124098279e-05, 6.38040946797e-05, 4.81434035464e-05, 4.60877236037e-05, 4.05628343287e-05, 1.93299911189e-05, 2.82359142147e-05, 2.25849234994e-05, 2.33047830989e-05, 1.75396744453e-05, 1.19407350212e-05, 8.72168675414e-06, 1.12753905341e-05],
        "mean": [5.22702066519e-05, 0.000381340796594, 0.000940343597904, 0.00170803850051, 0.000857807812281, 0.000370622408809, 0.000279941479675, 0.000322309730109, 0.000324914348312, 0.000150489344378, 8.90835290193e-05, 7.47558879084e-05, 4.77565736219e-05, 4.9751237384e-05, 3.93374175474e-05, 5.19825734955e-05, 2.6719593734e-05, 2.2921090931e-05, 1.96661403606e-05, 2.15766340261e-05, 2.03760191653e-05, 1.49115912791e-05, 1.73152111529e-05, 1.26387631099e-05, 8.36104300106e-06, 7.63082971389e-06, 6.89649687047e-06, 5.53402060177e-06, 4.96647908221e-06, 4.46277726951e-06, 4.48064565717e-06, 3.8288039832e-06, 2.34806179833e-06, 2.465470061e-06, 2.37505742007e-06, 1.63651270668e-06, 1.34451988743e-06, 9.01644966689e-07, 6.07651259088e-07, 4.98706242524e-07],
        "median": [6.13026622887e-06, 6.97809227859e-05, 0.000344121595845, 0.000635681324638, 0.00041279947618, 0.00017752761778, 0.000103803620732, 7.90648991824e-05, 6.72290479997e-05, 4.51480373158e-05, 2.44594812102e-05, 2.19824542e-05, 1.87811401702e-05, 1.50189480337e-05, 1.62445594469e-05, 3.17528938467e-05, 1.05140125015e-05, 1.34150268423e-05, 1.04122618723e-05, 1.18393472803e-05, 1.00037968878e-05, 7.76913020673e-06, 1.23440950119e-05, 7.76846263761e-06, 3.78853042093e-06, 3.99678037866e-06, 3.19758487421e-06, 2.6632819754e-06, 2.10188363781e-06, 1.79482128715e-06, 1.65409733199e-06, 1.60689103268e-06, 1.17825902635e-06, 9.06932882572e-07, 8.71286999882e-07, 5.87493900639e-07, 4.32668144867e-07, 2.89074876036e-07, 1.55189667339e-07, 8.48320169666e-08],
        "min": [2.28454410944e-09, 1.66223639297e-08, 1.14173932531e-08, 5.37083133523e-09, 6.43347064511e-08, 5.77307801564e-08, 2.10884572027e-08, 7.18026527124e-08, 1.50496504148e-07, 1.44555173165e-07, 3.44359172288e-08, 5.98329563672e-08, 8.05155195849e-08, 1.43631979199e-07, 3.16172361181e-07, 2.24966328233e-07, 1.84739832321e-07, 4.36066358134e-07, 3.38277601486e-07, 4.49249085932e-07, 8.86671784883e-07, 2.39096976884e-07, 1.65710133615e-07, 1.16188878962e-07, 1.42525635738e-07, 2.37729693708e-07, 6.6182366254e-08, 3.33176011225e-08, 6.10108727983e-08, 5.13477935726e-08, 1.67283893404e-08, 2.94957143154e-08, 1.98652667649e-08, 3.97869381885e-09, 8.62505622479e-09, 1.09848108387e-09, 8.38571486556e-12, 7.0961798937e-11, 1.76241603234e-13, 6.98008816545e-14],
